1.0 0.0 0.0 0.0 0.0 1.0 0.0 0.0 0.0 0.0 1.0 0.0
0.9999999575981426 0.00027745427727018343 -8.844680258573993e-05 0.0012535902123482767 -0.00027744431282856005 0.9999999551670158 0.00011265264976253997 0.0005737064983252771 8.847805457992827e-05 -0.00011262810592349314 0.9999999897432718 -0.002333929696734391
0.9999998312848852 0.0005181189933392683 -0.00026264597806029664 0.0015179334900737862 -0.0005180778815892184 0.9999998535400882 0.00015657301992752612 0.0020658674802458976 0.0002627270630486588 -0.00015643692243936977 0.9999999532509886 -0.005332376444024678
0.999999534255142 0.00038806061528980833 -0.00088368459185154 0.0007544222159003855 -0.0003878177694142716 0.9999998869957091 0.0002749653546004937 0.001359629752696323 0.0008837911952160792 -0.00027462251794951604 0.9999995717477062 -0.011850229162928952
0.9999975031893831 0.0009564028612501451 -0.0020196307995966937 0.0010561466655222285 -0.000955256898802145 0.9999993822593374 0.0005683002729301166 0.0014601628807868194 0.002020173075995704 -0.0005663695877376135 0.9999977990606943 -0.021372665924100573
0.9999959694306291 0.000974682535208764 -0.0026666676680165767 0.004040756427129311 -0.0009728976199600387 0.9999993019106429 0.0006705583099142961 0.0012422043392039672 0.0026673193879177713 -0.0006679612125550729 0.999996219610405 -0.025736966221326152
0.9999950547664528 0.0007959871744238442 -0.0030425067061478697 0.012060803389117192 -0.0007940616129989088 0.9999994837282603 0.0006340420862442767 0.00022300712564982117 0.0030430098247563337 -0.0006316230129754374 0.9999951705601264 -0.027505616305348368
0.9999917773776419 0.00038211551364967616 -0.004037222416291712 0.02399882880645321 -0.0003788550228267709 0.9999996015265027 0.0008083413310623886 -0.0012161118349177658 0.004037529687328498 -0.0008068051623862058 0.9999915236738033 -0.035740301602261326
0.9999852102499406 0.0002798529253180653 -0.005431478962610338 0.04252382554261591 -0.0002745330897872129 0.9999994819529957 0.0009801659670064559 -0.0026313968084530903 0.0054317504511620955 -0.0009786603498950681 0.9999847690394869 -0.04439418775326008
0.9999775589844191 0.0001086806417396425 -0.006698486103548855 0.0713892741155504 -0.00010197382305792952 0.9999994932219411 0.001001577356015456 -0.0032653423413999683 0.006698591560972874 -0.0010008718093657254 0.9999770633003143 -0.05434795994946286
0.9999763028439053 -0.00014660099501023654 -0.006882750814981977 0.113541991933508 0.00015312745948823002 0.9999995391916612 0.0009477174930471182 -0.004160294291102318 0.006882608707025539 -0.0009487489729843412 0.9999758644951249 -0.05797878348781148
0.9999748244571979 -0.0008181442071642822 -0.0070484815280210476 0.16797617008694532 0.0008233744290289839 0.9999993878443297 0.0007391654184554992 -0.006556414689006251 0.007047872469347867 -0.0007449503490185254 0.9999748859559591 -0.0658643954411109
0.9999711442457391 -0.00246231189013264 -0.007186633149230989 0.23458319663658755 0.0024651089011775186 0.9999968892757484 0.00038036421015883614 -0.008288982137698242 0.0071856742182797115 -0.00039806906780832544 0.999974103478208 -0.07097390370427487
0.9999578125710015 -0.005629234602125971 -0.0072584293073749044 0.3153238351341833 0.0056293279850807825 0.999984155179075 -7.564957007785858e-06 -0.01252701919483884 0.0072583568837800835 -3.3295441366037074e-05 0.9999736572264099 -0.07985205177641243
0.9999308906875666 -0.008798038398456264 -0.007797972115103718 0.4070657707243271 0.0087997208296146 0.9999612652412457 0.00018146748618429667 -0.011560754012254926 0.007796073504623546 -0.0002500749227411297 0.9999695788875 -0.0939564329563345
0.9998902562451155 -0.012387882964957457 -0.008125012105998251 0.5140417096736934 0.012392319664275231 0.9999230892731045 0.0004959353484077567 -0.005897661085737527 0.008118243616356888 -0.0005965686698940792 0.9999668685643579 -0.10738986866008245
0.9998153330500978 -0.01715238218047776 -0.008665770794122526 0.6337411726440003 0.0171581554586592 0.9998526125764957 0.0005923049992193625 -0.0019448983568219336 0.008654334126778495 -0.0007408842625164076 0.9999622760841191 -0.12199022644188691
0.999706192591319 -0.022077718815807935 -0.010005140001937054 0.7682182064316363 0.02208930936310442 0.9997554506581517 0.0010494242116338654 0.004943452612248822 0.009979524358871538 -0.0012701225157495965 0.9999493966608345 -0.14562760169372152
0.9995576504111597 -0.0271150864882676 -0.012217838976498465 0.9198280188913699 0.027134802522185926 0.9996307306445228 0.0014508077676123772 0.015062858353188713 0.012173988524877647 -0.0017816946512680396 0.9999243069190624 -0.17548391642215636
0.9993426325114365 -0.03362568206624317 -0.013550511086024158 1.091287276536793 0.0336605715741297 0.9994305480014039 0.002354918876590924 0.026966414236066605 0.013463608966968202 -0.002809488777760403 0.9999054145299915 -0.19610105455768945
0.9990988122138572 -0.039618382823987185 -0.015229812056350609 1.2821053401751168 0.039667623043476825 0.9992085911732417 0.0029446574783941865 0.04031100542745092 0.015101096481394826 -0.0035461342327146005 0.999879683670523 -0.22164121778099463
0.9988934265902023 -0.04362172938700989 -0.017580302618866846 1.494838322445388 0.04368943165648089 0.9990390812389541 0.003485357766378737 0.055788216213082 0.017411372042953642 -0.004249574391918068 0.9998393797210989 -0.25401232810676544
0.9987556988917321 -0.04621721160111446 -0.01873561536501143 1.7325624030337923 0.04628957815143914 0.9989221150016284 0.0034471894689705926 0.07061494867608181 0.018556101041157694 -0.004310163858947947 0.9998185303352112 -0.2780772332554021
0.9986679737096505 -0.04775152064887486 -0.019546625345090357 1.993552948202669 0.04782117522735413 0.9988510669411275 0.0031114739988170157 0.0818379925910464 0.019375589966139063 -0.004042072029379861 0.9998041048961421 -0.30439884471692896
0.9986285470802679 -0.04829188658700834 -0.02022173697340926 2.276464543846055 0.04836336059043078 0.998825120010503 0.0030602268548951847 0.09320855327714889 0.020050194731079246 -0.0040340210548498335 0.9997908363079638 -0.33107716326697695
0.9986831755189857 -0.04668201091688564 -0.02127686048438256 2.583238139273797 0.046762352555986396 0.9989006117229665 0.003293976762544435 0.10514949958267106 0.021099699494204916 -0.0042845952245588554 0.9997681955958687 -0.36485706583264915
0.9986643778066328 -0.046665859210457836 -0.022175619140006476 2.915321382418022 0.04676451384059093 0.9988981280684963 0.003950947545399819 0.11737636331123191 0.021966810085810893 -0.0049827026203698565 0.9997462837786667 -0.3893847306055215
0.9986218784286355 -0.046911147592553416 -0.023530579151703628 3.2722016391127635 0.04706462432782543 0.9988737585276962 0.006011294505659981 0.1307350926924653 0.02322208131381837 -0.007110468079021001 0.9997050445922313 -0.40465599685483716
0.9985692338134842 -0.047022186698333426 -0.025463684714889134 3.649906470554728 0.04726523813653268 0.9988415711318949 0.009028457380094322 0.14867399451224245 0.025009649038902376 -0.010219086890441317 0.9996349772382316 -0.4010798607267133
0.9984694389003125 -0.04814671149121369 -0.0272153220572088 4.049946900603345 0.048475833749459775 0.9987573962521707 0.011565335009341983 0.16729016692812687 0.02662467134802814 -0.0128669189849551 0.9995626890152755 -0.3915603279884388
0.9984687126195516 -0.04857403889847061 -0.02647248883172418 4.47370453504012 0.04888781390060511 0.998739932439275 0.011337063253394003 0.18416754973399138 0.025888444755830912 -0.012613885058993921 0.9995852531584524 -0.37399657842574785
0.9984753814735953 -0.048905179850167416 -0.025596796185889156 4.914508025248059 0.049208477341389965 0.9987239691003188 0.01135602493155296 0.20014881111194996 0.025008765441362567 -0.012598290690681507 0.9996078454688002 -0.37419534185655295
0.9984758529582887 -0.04936409468168865 -0.024681110499232776 5.376220483953381 0.049660135361587816 0.9986996337861317 0.011528765385487565 0.2160438113938656 0.024079908950966667 -0.012736861140096901 0.9996288963176363 -0.3749461689490608
0.998476065142749 -0.050146895267185666 -0.023039883509151125 5.854069424890028 0.05047491409136769 0.9986288354746635 0.013882795323178942 0.23858004231758978 0.02231211295512829 -0.015024574988269404 0.9996381504133901 -0.3779591975498637
0.9985739670633612 -0.05021719595493187 -0.01811809961792111 6.349453156568113 0.05053517402315464 0.9985682265630124 0.017541182549896065 0.26910686474107703 0.017211289602770113 -0.018431769562992844 0.9996819701189927 -0.3697391130804455
0.9986531814336761 -0.05007851486826899 -0.013563390467924008 6.853947707124341 0.05034571191006122 0.9985289212812537 0.02013212997087946 0.29752419967281124 0.012535250482775971 -0.02078787419347685 0.9997053224735051 -0.3747807465299766
0.9986819706632047 -0.0504100345220363 -0.00965141915700829 7.3669069857421725 0.0506110258231889 0.9984792544982087 0.021856404137588298 0.3193435199265771 0.008534959717635928 -0.022316064979923923 0.9997145331075442 -0.3787922753104812
0.9987555716755225 -0.04887194429628116 -0.009941886531240606 7.886562382860987 0.04909385505610283 0.9985186709532019 0.02345756069120476 0.3423383603530998 0.008780742726514678 -0.023916454974606486 0.9996753981861429 -0.425102028550551
0.9988329103731517 -0.046624561802472125 -0.012608227164268414 8.41343165128767 0.04687530301810024 0.9986927839579316 0.020382081280325374 0.3600167124429234 0.011641439879139666 -0.020949308033535705 0.9997127604319461 -0.43021346522853987
0.998939687521933 -0.043402543032209244 -0.015353174001459472 8.94667582801686 0.04367923140745148 0.998880357698956 0.01817018841014706 0.3762461205595247 0.014547351554017368 -0.018821537172695614 0.9997170221123703 -0.42332806459875966
0.9989457858061277 -0.042574194845973225 -0.017168428972798893 9.491910374866896 0.04283879820451657 0.9989640610394842 0.015350639071216405 0.38757347771843437 0.016497102429506926 -0.01606993107387687 0.9997347662888971 -0.41813868932969633
0.9989835172503767 -0.04036341763295757 -0.02006805369368773 10.0443035488702 0.04068428232767309 0.9990463901488414 0.015846119463487452 0.39975760559587165 0.019409313062225368 -0.01664646651864529 0.9996730334058733 -0.4226554262761462
0.9991036127715494 -0.03782957233732539 -0.018997220944461726 10.615634841881082 0.03815892598976215 0.9991221874967818 0.017284409707986923 0.4186731508032106 0.01832668311903402 -0.017993829731904293 0.9996701229792946 -0.40759975630886447
0.999154113192847 -0.03717902118685562 -0.017572093597589388 11.19664712190142 0.03747454791734246 0.9991563708275772 0.016798955117982028 0.4302740277426383 0.016932700558561418 -0.0174432513670047 0.9997044646462004 -0.41087707574719506
0.9992167362789472 -0.03638495336223854 -0.015557927525078806 11.790719900058967 0.036584765607819834 0.9992491209755815 0.012757317701968446 0.43624854086324943 0.015082070994023398 -0.01331650848968304 0.9997975803812391 -0.40487865611259116
0.9992518755894997 -0.036066549439360836 -0.013960413403786669 12.396518897772179 0.036189638289663706 0.9993073561790382 0.0086670621853485 0.44028625269721056 0.01363815278290255 -0.009165800456017545 0.9998649853308575 -0.3917921149900485
0.9992255363697765 -0.03796521100484439 -0.010342640856637905 13.01794169977774 0.03802790851445857 0.9992590566212569 0.0059343015099962955 0.4517317550575334 0.01010968053638305 -0.006323014609600156 0.9999289043955598 -0.3629512615352029
0.9990801970105262 -0.04246684415160035 -0.005943659580701631 13.645289937722282 0.04248891522121668 0.9990903159722835 0.003637665972460928 0.4689238204585973 0.005783772534586756 -0.003886859684452952 0.9999757198537708 -0.3680869555910426
0.9987771081758892 -0.04933484791865237 -0.0032188452355936203 14.278358499497987 0.04934464505944917 0.9987771884287447 0.0030387297229714015 0.4963075995650746 0.0030649939256447165 -0.0031938464608891586 0.9999902025305175 -0.3901012240404994
0.9983298127479917 -0.05775874926519326 -0.0012295779275095884 14.914528882853844 0.057763425026569955 0.9983215246149929 0.00418571613910713 0.5339686684540075 0.000985752382250291 -0.004249749841801091 0.9999904839139864 -0.39780703155112795
0.9975837938071395 -0.06947283317927476 0.00031588510266883097 15.551401662077886 0.06947032593623274 0.9975709811757552 0.005100130425347269 0.5789764696465242 -0.0006694383220409118 -0.005065862817588345 0.999986944357901 -0.3979199519498539
0.9965672993927855 -0.08276130980658374 -0.0020453312854822312 16.18524741616983 0.08276665046197634 0.9965653481226514 0.0026811364167522067 0.6325101981130827 0.0018164119229221482 -0.0028412180977308438 0.9999943140475617 -0.40770732767378803
0.9950339443973336 -0.09950865640877465 -0.002340255713160413 16.821411497881 0.09951039422866283 0.9950363181576084 0.00063795596102824 0.6983372554019593 0.0022651572878405 -0.0008676676048661839 0.99999705810337 -0.38701789409919796
0.9927082580383437 -0.12048751423518077 -0.003615706833062293 17.453606909830313 0.12047948174558722 0.9927130040013875 -0.0023635068981755067 0.7792396399504097 0.0038741322628764283 0.001910654330358113 0.9999906702061002 -0.39223282759681255
0.989272749498248 -0.14606814910596566 -0.0018769435081607234 18.086787747407044 0.14606569179130938 0.9892739214486772 -0.00138637047147587 0.8814474926664138 0.0020593158333993846 0.0010973414761674316 0.9999972775262885 -0.34981746953453263
0.9849013234242948 -0.1731103647206276 -0.001478087738522731 18.712244450409617 0.1731140937865454 0.9848973633088136 0.0029486064184524375 1.0067250560410255 0.0009453303838941811 -0.0031599641831825316 0.9999945604736218 -0.34404987413089694
0.9798017589329444 -0.19994226360902925 -0.0034065253271964306 19.329655019749573 0.19995777061427908 0.979791411521319 0.005067531946538137 1.1491062244512116 0.0023244704504149557 -0.005646337924634223 0.9999813576788179 -0.33935641223947605
0.9742193399262673 -0.2255525995490237 -0.0047647193312137185 19.94366153660348 0.22557493773471685 0.9742138630433602 0.004826646880806931 1.3091997016049879 0.003553192874907855 -0.005777014004738831 0.999977000200299 -0.3220282276158804
0.9676121059962055 -0.2523286116681538 -0.00755539960619592 20.55234952819286 0.2523767015113427 0.9676087389971237 0.006271263879921758 1.4830924541932142 0.005728251377345258 -0.007974957681320846 0.9999517924310878 -0.31652813565451754
0.9605944517684204 -0.2777714822121938 -0.01006493424556102 21.15219067268329 0.2778428982023965 0.960604221209912 0.006546305232136601 1.6787617663837069 0.007850041415142053 -0.009084814986576229 0.9999279188953804 -0.30065755346360734
0.9525224712794612 -0.3043129691455594 -0.009724120396238566 21.75422412520615 0.3043800155097958 0.9525295441241787 0.006346158589323032 1.8860860213532002 0.007331293605052225 -0.009004686579659566 0.9999325816042224 -0.26351550881502117
0.9440267395556399 -0.3297050311638535 -0.010397472249944284 22.353856800103095 0.32977517765065023 0.9440409441646045 0.005918441203915897 2.108105226795559 0.007864299678184111 -0.00901599501132756 0.9999284297511168 -0.23801037716587498
0.9350078624141891 -0.354472108909602 -0.010479562434861077 22.950751295194895 0.35456740938658454 0.9349841571402826 0.009304735222511342 2.351856745751265 0.006499955733188459 -0.012415711894764009 0.9999017955147496 -0.2093680655473369
0.9251533189036423 -0.37951101239914864 -0.007920100336920914 23.547187157014964 0.37959155588491234 0.9250160755591597 0.015984700747955164 2.620589723097236 0.0012598501679394042 -0.017794702158308705 0.999840868014835 -0.18168684808556773
0.9144523102579541 -0.40464818235373856 -0.006068012994709887 24.139815460347684 0.40467951270594466 0.9141920583761056 0.022076512363545252 2.9032068066592136 -0.0033858913107317236 -0.02264351827507484 0.9997378690537662 -0.18024399847099254
0.9039026447833582 -0.4277146883728566 -0.004489332217349194 24.729835397640436 0.4277037997375392 0.9036468659379676 0.022176595107426932 3.1975215943009294 -0.005428484477182278 -0.02196558741753734 0.9997439894921554 -0.17585926756360964
0.8932382047964665 -0.4495647035195157 -0.004133623276612269 25.31663394033183 0.44952396527509064 0.8929318748075226 0.024512682351812542 3.5107167654787226 -0.00732899279182737 -0.023753827104935277 0.9996909730324336 -0.16077412781943898
0.882026097921059 -0.4711940094267458 -0.002483559239294703 25.906759757483982 0.4710960203320348 0.8817071585687698 0.02571042893270158 3.839273961971213 -0.009924828132865436 -0.023847264181278114 0.999666347226718 -0.15543839635289383
0.8704466739798005 -0.49226267770594306 -0.0002095119912972066 26.495544041970987 0.4920391039147761 0.870038353338477 0.030508751839658725 4.188725230359258 -0.014836036406143777 -0.026659329658563404 0.9995344777274666 -0.13972206404288173
0.8582040831484581 -0.5133063882659233 0.0015177063960002232 27.081942293360797 0.5129522846877075 0.8577147080615938 0.03471934919428159 4.559578342613092 -0.019123422836228792 -0.029017776279476208 0.9993959492407546 -0.14629048451368248
0.8462197122578543 -0.5328339232005247 0.00045702622282227205 27.665014966705918 0.532457056795831 0.8456528325864091 0.036888608091146684 4.941997560849476 -0.020041987290508403 -0.03097252048700054 0.9993192791696441 -0.16188590041646933
0.8341282141302273 -0.5515704730582892 -0.00036829630691491156 28.249805513589656 0.5512622217968111 0.8336393557830191 0.03399098864868635 5.336206668278329 -0.018441399392641215 -0.02855587049847913 0.9994220715235995 -0.18074159360588865
0.8218230690852784 -0.5697352539177787 -0.002929771747909537 28.831784302134942 0.5695127665964894 0.8213343094562279 0.03263680121692434 5.745883976351106 -0.016188014172954953 -0.028490218554867205 0.9994629836286281 -0.19574034001675417
0.8091874596208893 -0.5875339360386792 -0.0044191849006037665 29.414516856633416 0.5873414414315596 0.8086759313844321 0.032760787179471396 6.180742664137538 -0.015674385773824687 -0.029105188582410377 0.9994534514564462 -0.20085580030475053
0.7955768432338488 -0.6058318613509392 -0.005024169793830869 29.998808200425753 0.6056386624181933 0.7950480322267016 0.033172835826185465 6.635145122095186 -0.01610270456670913 -0.029434371481409115 0.9994370018571147 -0.2080237278146147
0.7817238385157761 -0.623613278994501 -0.0037839870353942426 30.585044212652004 0.6234043075189152 0.7812717895560979 0.03132826536329835 7.108663000112951 -0.01658039996561695 -0.026849005671299036 0.9995019866070547 -0.2179384663963443
0.7676326482226701 -0.64088140352907 -0.003338262011359576 31.168106706924934 0.6406840635140547 0.7672433912283801 0.029351479954043302 7.600892913277202 -0.016249558202198384 -0.024669925556889426 0.999563578083584 -0.22838617896502983
0.7532285506681202 -0.6577430688410758 -0.004561342995537542 31.74669754217594 0.657572496704684 0.752831926454851 0.029025886512641052 8.116078391415336 -0.015657651036105585 -0.024862540131676093 0.9995682528283092 -0.24321648104012078
0.7380878449151788 -0.6746896910398 -0.0044893198908766176 32.324362742140664 0.6745302110662578 0.7377294271360378 0.02764573559234465 8.650866355997945 -0.015340389414040334 -0.023433163297985556 0.9996077027066572 -0.26004929191379433
0.722210919047897 -0.6916575401386198 -0.004608207610543572 32.89976550414442 0.6915259476928723 0.721904137943302 0.02542202367656148 9.20517156893176 -0.014256650218923183 -0.021546758218553577 0.9996661868517972 -0.2770987493917555
0.706036848615016 -0.7081503696270983 -0.0059179721846161866 33.46747819911425 0.7080499471474514 0.705730328746006 0.024697680711860973 9.77979774396749 -0.013313179269677632 -0.02162769255043983 0.9996774490667895 -0.28837292519379293
0.68921793730089 -0.7245395796090824 -0.004586118467444037 34.03125928044536 0.7243981729803154 0.6889245117541282 0.025105857625595585 10.380302847006416 -0.015030698103744161 -0.020625583245770608 0.9996742786679532 -0.2873713008372093
0.6712692005299481 -0.7412134097867537 0.000584441763545532 34.59174143837086 0.7409451803063573 0.6710470850017857 0.02638274988293072 11.002481133777248 -0.019947435942058854 -0.017276888113827712 0.999651743827042 -0.28761606109988774
0.651288221432687 -0.7587951755630957 0.007316704532404633 35.145198844545995 0.7583692322338331 0.6511982350047889 0.028582622827749878 11.64086363027352 -0.026452981384189854 -0.013066761986645034 0.9995646549909009 -0.2981349592924486
0.6285140045864713 -0.7776158768090096 0.016843223362207994 35.68070415953145 0.7771250088719999 0.628723525810266 0.02799015324005134 12.296828357709243 -0.03235531833207854 -0.004502913197104664 0.9994662861489506 -0.3270520016661529
0.603380645258923 -0.7971779439172334 0.020955253728245738 36.189593298954044 0.7966413314399008 0.6037436552282355 0.029260687164038325 12.967976399417239 -0.035977575913159886 -0.000961511071026243 0.9993521348993456 -0.3687406397014112
0.5770500308807983 -0.8163937921448216 0.022681225889827968 36.669568746659245 0.8157950442032209 0.5774954222993045 0.031264725759445694 13.655882533708894 -0.03862263214663412 0.00046192071240768086 0.9992537610213573 -0.408024838519898
0.5514122052264211 -0.8338267276292148 0.02603014057757512 37.12490232555928 0.833275828486227 0.5520056169495238 0.03067886107351926 14.36034673229454 -0.03994963814513129 0.00477358851700768 0.9991902918187056 -0.4409345637933223
0.5249397130026546 -0.8506858502914882 0.027782761319491745 37.56052232533121 0.8500961795375247 0.5256325573639674 0.032355836795241295 15.076856737876145 -0.04212817641904985 0.006633155573448239 0.9990901951269221 -0.4678047461565987
0.4984184596971801 -0.8664498819211286 0.029045501406427594 37.97044106189838 0.8658419094140222 0.49919278194426414 0.03353139360400811 15.807676424664765 -0.04355257667888455 0.008436146846019432 0.9990155176427592 -0.5018981525862041
0.47125489323042985 -0.8814080821776985 0.0322276011860341 38.3601013053356 0.8808117687266593 0.47220100445538965 0.03459536766585281 16.550602675067914 -0.045710542317824905 0.012083214106849264 0.9988816457708424 -0.527238124708791
0.4436416720996544 -0.8954738291963898 0.0361757930248348 38.72833278402748 0.8948689348265464 0.44482230941547124 0.03664290557105886 17.30487883178632 -0.04890456276284115 0.016116273472505358 0.9986734248343363 -0.5590614047056773
0.41503334326428476 -0.9089386996820502 0.039721080035320516 39.072507326005024 0.9083446042320865 0.4164452245933542 0.03851564455965036 18.067941550832582 -0.05155001397986453 0.02009515199478385 0.9984682172833496 -0.6147923772455524
0.386794764959106 -0.9212594236815571 0.040876448942557944 39.38995538704963 0.9207456838494747 0.38827858418310685 0.038303090440920354 18.838953285168756 -0.05115853274667452 0.022821379070650658 0.9984297617682124 -0.6762295564974583
0.3582782647903133 -0.9328683594971912 0.03732705222569425 39.67454303245394 0.9324213402486982 0.359555124614884 0.036201610627107104 19.613860305940634 -0.047192470031381474 0.02183428982572066 0.9986471521814656 -0.7446428793246574
0.3299207367687518 -0.9434035184343025 0.033795101061269976 39.93107370997285 0.943056790613402 0.3309840403428555 0.03306742681655265 20.394363446091283 -0.04238156589735898 0.020961069726933203 0.9988815927966629 -0.8003861289794714
0.301411383245639 -0.952967059900821 0.03170111660389798 40.16603768038234 0.9526940255382387 0.3023537422457542 0.030924234084817856 21.181417688682185 -0.03905472767405133 0.020880548220107972 0.9990188841820464 -0.8471246096817411
0.27238524495774163 -0.9616600198184525 0.03187921912599246 40.379273588980006 0.9613750371676063 0.27336752291202854 0.03206610871191063 21.981244426150905 -0.03955143790423908 0.021913550595790112 0.9989772169874549 -0.874647956189535
0.24363498650309015 -0.9692930084740436 0.03336251002209885 40.571345378127845 0.9690070445519736 0.24472316158690247 0.033703438868442105 22.789627795835116 -0.040833086587796164 0.0241171703615292 0.9988748776165481 -0.9103601294477576
0.21496091887968113 -0.9761814107903719 0.029353987492701242 40.73444968422027 0.9759497808325976 0.21583129692031522 0.030641092710570972 23.595258303520186 -0.036246774300696255 0.022061380215522966 0.9990993278227086 -0.9820830357463401
0.18764543620687732 -0.9818856038583702 0.02626501868289282 40.871499878022696 0.9818674075525804 0.18824110222933166 0.022398245856741324 24.397230288390645 -0.026936671225356465 0.021585837189435155 0.9994040561135101 -1.0371392623324602
0.16071386138758903 -0.9864616875869707 0.032625046834518404 40.99890737900455 0.9869091798977336 0.1610620561122054 0.008323744018697175 25.195791121742047 -0.013465711695650445 0.030860217173133288 0.9994330000578152 -1.0541756142315613
0.13273670542692415 -0.9905638072875583 0.03412199766104936 41.105193645847166 0.9911389586979918 0.13282840166546275 0.0004245727920330315 25.998560424538358 -0.004952936852296684 0.03376328483683968 0.999417584903113 -1.0323374262038556
0.1033720603424559 -0.994039336296188 0.03464123318225086 41.17790156728369 0.9945627195802665 0.10374285843296117 0.00907833383718605 26.835653608253864 -0.012618001492161034 0.033514433010127305 0.9993585786985376 -0.990293928123657
0.06939950319523852 -0.9969842816639097 0.03472824601601312 41.2225054632669 0.9968655804544305 0.07063261984124611 0.03563772607237551 27.704540596088233 -0.037983199727004924 0.03214615263848658 0.9987611833712046 -0.9484808959477103
0.037880900368305326 -0.9987708392785313 0.0319663572235103 41.24239129130548 0.9978881757016704 0.03949784647240237 0.05156654844791554 28.565315213005636 -0.052765767141918066 0.02994546260950396 0.998157824738671 -1.0285484871813078
0.012001028002891734 -0.999469887152101 0.030264170284940422 41.24194348937909 0.9986389077544425 0.013516415640252407 0.050374978186099116 29.407664096160545 -0.05075733686752889 0.02961842643359115 0.9982717273216355 -1.1255196543348955
-0.011127479860250892 -0.9995105434925295 0.02923786310973377 41.22350757700524 0.9991108531720916 -0.009924401071659875 0.040975716431808876 30.238454843176832 -0.04066549232077393 0.029667822815849457 0.9987322654363802 -1.2044840396246146
-0.033401188551737314 -0.9990481698105147 0.02805556988527586 41.18767057850434 0.9989020358341985 -0.032447348653225 0.03379189801809516 31.074521548902226 -0.03284940501166917 0.02915345543211438 0.9990350307305316 -1.2457943439572972
-0.05503646078091872 -0.998135926810361 0.02637535962081115 41.131567088935824 0.9980051964412867 -0.054172607026637815 0.03241845961983341 31.92289930994732 -0.030929207246482335 0.02810694324102216 0.9991263102735097 -1.274864138151115
-0.07451816410601257 -0.9969086738576748 0.02490259435474823 41.05680968893714 0.9966237539759174 -0.07358724073005013 0.03641443412555782 32.78773240348092 -0.034469352027801985 0.027532053847564755 0.9990264509920274 -1.2941629052913715
-0.09177551833100848 -0.9955134187768516 0.023027967133366058 40.9690535847067 0.9950711359381798 -0.09081342834208145 0.03982908052484313 33.658501450250014 -0.0375591354768955 0.026569799923560775 0.9989411179215008 -1.332310647736343
-0.1063891034438215 -0.9940965042023328 0.021295515986160293 40.870794631540775 0.993606415184613 -0.10547403106122874 0.04026810742601994 34.52952857309861 -0.03778426090846141 0.025443449144949275 0.9989619514892532 -1.3793904520106517
-0.11685371857419509 -0.9929673046933996 0.01900369083372914 40.76476757730627 0.9925094061065944 -0.11607037855173284 0.038114905388683465 35.39949664803108 -0.03564108928349404 0.0233152103309893 0.9990926452146041 -1.43421757998898
-0.12311092557063642 -0.992257153366512 0.016414676302717715 40.65422704576423 0.9918257765390238 -0.12246461724457161 0.035833594794530466 36.27306758834659 -0.03354592371510411 0.02069200609225764 0.9992229540427829 -1.4890907846249672
-0.12640926984337492 -0.991861384797853 0.015221361455050358 40.541617144474735 0.9913918837624597 -0.12579220280084008 0.036310529112499546 37.15644927472151 -0.034100283101208106 0.01968032167908948 0.9992246272140374 -1.5253149395634507
-0.12981909663008567 -0.9914130009530844 0.015724620546867216 40.43047653822635 0.9909141223501065 -0.12915878817228407 0.03751279201793851 38.047154302421156 -0.035159696774331096 0.020451625340328575 0.9991724209282816 -1.5657573062380112
-0.1334818274070908 -0.9909081273245206 0.016842949690307182 40.31829291560652 0.9904244106729666 -0.13277376370110913 0.03782346382530122 38.94047773678778 -0.0352432758858456 0.02173041359128427 0.9991424826469911 -1.6172415737285162
-0.13631917730311427 -0.9905062515878481 0.017732666601147078 40.20728341046333 0.990065881650327 -0.13559250091231587 0.037205156743380374 39.837295020847336 -0.034447523733330355 0.022628284551167173 0.9991503034313307 -1.6668205917362175
-0.1375713910287021 -0.990342603734454 0.01719417339930043 40.09197669657768 0.9899466764013858 -0.13689907590350106 0.03555588416299048 40.73728109617565 -0.03285864045076795 0.021912787253664738 0.9992197653682146 -1.7175696466068182
-0.13795568055559898 -0.9903042758516762 0.016299430429408557 39.971683533902976 0.9899375748085797 -0.13734396676198835 0.03406218983248298 41.642940214506204 -0.03149330380484347 0.020834491209604213 0.9992867935640397 -1.7676760309000277
-0.1385743077278906 -0.9902388212152967 0.014974584998258178 39.8499499966716 0.9898426177716256 -0.13800227579845117 0.03416085358209851 42.55895732396557 -0.031760876573948715 0.01955629905125287 0.9993041568444909 -1.8109730944421147
-0.13893035641648302 -0.9902005374514405 0.014186320765522264 39.72795730310901 0.9897556735068325 -0.1383636026194337 0.035202560009218176 43.48512650015538 -0.03289472339176201 0.018931695672716905 0.999279504479073 -1.8558386129563933
-0.13948176599529705 -0.9901193125407775 0.014442433610949455 39.605902956072946 0.9896599230215645 -0.13889489079827325 0.035797291448966484 44.41898345807047 -0.03343760936101855 0.019286167164806623 0.9992547072875452 -1.899464679384401
-0.1395269483350843 -0.9901089396174327 0.014714563464011482 39.484580044938724 0.9896917211427141 -0.13895281694681139 0.03467580949471485 45.35685639132198 -0.03228819892572133 0.019401091520407653 0.9992902830799251 -1.955041437839497
-0.13948309897654157 -0.9901189927140442 0.014451483204912649 39.358470457350364 0.989743995228634 -0.138946003406469 0.03317878910127685 46.299885776517186 -0.030842973409809734 0.01893114904834507 0.9993449467460964 -2.0077230146496596
-0.13951370732473084 -0.9901233076460231 0.013847784104445737 39.23069476241166 0.9897609756336685 -0.13900955322514288 0.03239683973523077 47.251833531995004 -0.030151891834407665 0.018225799522647933 0.9993791490973652 -2.053708879771426
-0.13949328467906352 -0.9901295854464561 0.013602483342013447 39.103081333508364 0.9897652021829757 -0.1389979710232436 0.03231731113675939 48.21262225202735 -0.030107608293166478 0.017971312557660463 0.9993850928685235 -2.099710022839123
-0.13973430346778043 -0.9901018145172008 0.0131423485008063 38.9739965048522 0.9897149017440972 -0.13924440683167447 0.03279342055600242 49.183077422763205 -0.030638826675353836 0.017589543934881297 0.9993757402719601 -2.146436597637441
-0.1400200135307885 -0.9900621272798314 0.013091216023299273 38.84436237110041 0.9896657540701742 -0.1395266048585251 0.033075999718266746 50.16137834592944 -0.030920721717773905 0.0175872301054902 0.9993670988709186 -2.1934341185823185
-0.14113185253104354 -0.9899017543191526 0.013278441061208268 38.71558744578158 0.9895283037911479 -0.1406432869150082 0.03245307137934793 51.145192111550266 -0.03025782869550575 0.01771955534437782 0.9993850514996903 -2.246781030925384
-0.14266265859988458 -0.9896760463977698 0.013736412475180558 38.58395544489724 0.9893341031880567 -0.14217341036283018 0.03169784937314424 52.13719941819566 -0.02941764963917856 0.018112000780625546 0.9994031005142204 -2.2956050790165405
-0.14454266768003846 -0.9894084099522703 0.013357227843164662 38.449879315394824 0.9890833418384615 -0.1440778221599483 0.030914787065481314 53.13674360386305 -0.028662870016733583 0.017679917346020178 0.9994327693272066 -2.348033327990357
-0.1458558787121442 -0.9892366807307286 0.011698382022938545 38.31063613472584 0.9889042522290917 -0.14544958076189252 0.030212569890827018 54.144149494809355 -0.028185857594318103 0.015975260656263025 0.9994750364459559 -2.4004462960778024
-0.14771776149560087 -0.9889731007022542 0.01056735662755355 38.16944427567241 0.9886534280496488 -0.147358514046568 0.029152487778275643 55.15928406810922 -0.027273836261229464 0.01475379359188881 0.9995191160904588 -2.4544797807924046
-0.14832416253886815 -0.9889020777944191 0.008521932939219068 38.023727997422334 0.9885873213530971 -0.14803621738078857 0.02793539696323943 56.18053057576917 -0.026363817383864726 0.012568169216896699 0.999573404135731 -2.505153732331137
-0.14910617095777126 -0.988792445036664 0.00753992179828671 37.87780288831004 0.9884818335303972 -0.14885091031592304 0.027332604678341782 57.2108490286982 -0.025903948785732364 0.011528535749736326 0.9995979583316389 -2.5536655702394295
-0.1490509673674117 -0.988799918323595 0.007650532666903748 37.73435059374528 0.9885192493221593 -0.14880593829856753 0.02620088637115863 58.25114784620887 -0.02476898961182506 0.011467966268307244 0.9996274220444764 -2.6068885323594104
-0.14928245396272458 -0.9887679260673019 0.007262046504299104 37.591045205144155 0.9885389625367239 -0.1490728437904088 0.02383289304835454 59.29896010164489 -0.022482626307471325 0.010736648676542873 0.9996895797643995 -2.659605719372185
-0.14980790155874296 -0.9886926233146636 0.006670025017305761 37.44458221007958 0.9884656533927687 -0.1496151583444072 0.023472461660026294 60.360200997119584 -0.022209112845178958 0.010109450862583901 0.9997022328223009 -2.6944659139968925
-0.1504503543761804 -0.9886013786037192 0.005657304208153924 37.29480713032857 0.9882988161021552 -0.15025408164861762 0.026251876866345752 61.43475136722644 -0.02510260861260155 0.009540711228829886 0.9996393519015233 -2.7330437191320227
-0.15081131440369183 -0.9885504905340089 0.004886216613891088 37.14371317077407 0.9881368582434225 -0.1505994876322101 0.030088929953242912 62.52453289720344 -0.02900856474640984 0.00936600180879639 0.999535282609612 -2.7763102070636787
-0.15032634491619926 -0.9886264297590457 0.004446617367712542 36.992357970125184 0.988180331249789 -0.15011886764194954 0.031047681217014143 63.62098291732262 -0.03002703706979578 0.009061344258844367 0.9995080135171693 -2.8443324356962796
-0.15031248255511934 -0.9886258238986078 0.005013771924668097 36.83946590119025 0.988180695377134 -0.1500866172027941 0.03119167550137691 64.72524410428952 -0.03008439582372712 0.009643010806646589 0.9995008461579764 -2.8976851157189967
-0.15029424631649838 -0.9886238944304974 0.005868124506974269 36.68793575730107 0.9882227407620473 -0.15005526806059227 0.02998718339572264 65.83111528008777 -0.028765503035774017 0.010305915211029857 0.9995330579559484 -2.9562074155041267
-0.15108454065861163 -0.98849579209608 0.007037796694803915 36.53613802106623 0.9881137020472015 -0.15081417000645053 0.029772436108538688 66.9447042292565 -0.02836852834653898 0.011452298180104757 0.9995319261863791 -2.9965171221361437
-0.15150883453033726 -0.9884306660582557 0.0070633883434205805 36.382483192748275 0.9880224496610619 -0.15122692870254292 0.03069291450722554 68.06457235003566 -0.029269643404237305 0.011629033959302891 0.9995039037163234 -3.043581125763744
-0.1517875018496767 -0.9883941291644798 0.006131860681907667 36.22407658905674 0.9879386019452726 -0.1515194925513764 0.03192431930974861 69.19038107491703 -0.030624713364409473 0.010903614545685256 0.9994714793935816 -3.0935773979662393
-0.15147236155312496 -0.9884488729590053 0.004994920578899115 36.06365822592445 0.9879777134557974 -0.15123821469894427 0.032047466816081824 70.32014890044736 -0.030921859584631596 0.009789175692861442 0.9994738669115316 -3.1550016214051917
-0.15168108894681748 -0.9884199362316742 0.0043447572634918025 35.903899844201334 0.9879798194492028 -0.15147804631324568 0.030826576946519867 71.45195028629816 -0.029811467877741044 0.008968341256486304 0.9995153051544977 -3.212202897370956
-0.1520620127514755 -0.9883607384077825 0.004493890518339915 35.74394081688908 0.9879902659473022 -0.15187568915657979 0.028443091192608554 72.58561718350926 -0.0274295218942595 0.008765033783974596 0.9995853117725495 -3.2659232216184217
-0.152398720615777 -0.9883065512198205 0.004979033104577477 35.581280139405635 0.9879845801034007 -0.1522141412252589 0.026782917857531147 73.72356657374404 -0.02571185393123508 0.00900089034699216 0.9996288734027179 -3.3140674474737897
-0.15258057979707879 -0.9882780067066124 0.005074261403370357 35.4198584230634 0.9879324186611578 -0.15238489929087728 0.02771964333145422 74.86858185844159 -0.02662147304529976 0.009242506592432207 0.9996028577614184 -3.3513648047506326
-0.1525203548969207 -0.9882907544706544 0.004350398825302029 35.256696168643536 0.987883720258129 -0.1523267846752391 0.029703634785343228 76.02045929576445 -0.028693145367414585 0.008828097095335085 0.9995492824821628 -3.4019175361841256
-0.15233114822905455 -0.9883254574823545 0.0028304366288317783 35.090148046324295 0.987887973651751 -0.15217687432238633 0.03032409002269621 77.17573398385962 -0.029539343145274257 0.007415457757964898 0.9995361115001263 -3.4686251734060587
-0.15229258486448935 -0.9883336456045883 0.0018903865303924342 34.92303586693391 0.9878986306115192 -0.15216813548790298 0.03001923013702178 78.33598350169696 -0.029381358565884717 0.006439216417910213 0.9995475337675314 -3.528786576224097
-0.15235893956447427 -0.9883244353136676 0.0012506385196201365 34.75506611342488 0.9879083156212161 -0.15225779586323943 0.029235655034882128 79.50050938102439 -0.028703892788956152 0.005689829591956403 0.9995717644961679 -3.581624966379694
-0.15263592669597725 -0.9882820056966535 0.000975242461257512 34.584528885415104 0.9879044593568055 -0.15255017628188627 0.027806885825307503 80.66930734734377 -0.027332271486230426 0.005207776162905483 0.9996128380542381 -3.6330935192990768
-0.15362125114243494 -0.9881297344360237 -0.0003729890408592364 34.40999642809235 0.9877870695380611 -0.15357789732689012 0.02627802705796228 81.84428230274881 -0.026023382770908137 0.0036684296425587948 0.9996546034371693 -3.6772677701100265
-0.15350533403104427 -0.9881464750823145 -0.0016297872293019038 34.233572184425576 0.9878214095356365 -0.15349680824489995 0.02544784316313121 83.02579928644377 -0.02539636365791191 0.0022964409470339147 0.9996748226658206 -3.724298958733986
-0.15365122724631194 -0.9881210320684737 -0.002850675294541803 34.05619962051875 0.9878013211093076 -0.15367408644372943 0.02515601658431246 84.21307085461633 -0.025295263991658976 0.0010493519988061387 0.9996794728711714 -3.7684435477036144
-0.15300740130788967 -0.988218252572268 -0.003663390235539694 33.87785470306714 0.9878970405237811 -0.1530510685141456 0.02519539146416542 85.40425044316416 -0.025459231515525524 0.00023602900089356182 0.9996758333684765 -3.8202983288023833
-0.15337314679600964 -0.988162480370375 -0.0034044427085953895 33.70118601749978 0.9878357928569573 -0.15340999494588928 0.025412984896871386 86.60233576780801 -0.025634433728026606 0.0005346391008312256 0.9996712409429831 -3.874241978004824
-0.1535505488577737 -0.9881355207630508 -0.003228242836199424 33.52652844232065 0.9878041430756351 -0.1535826882502527 0.025599468596747964 87.8056804319391 -0.02579154644621315 0.0007419408050459716 0.9996670674058252 -3.9224435911326125
-0.15349606142073074 -0.9881454893607338 -0.0027296491272805674 33.35294518150312 0.9878285784452977 -0.1535160326557632 0.025050495491644353 89.01149472182014 -0.025172579030882238 0.001148726977549181 0.9996824604299476 -3.970768030587486
-0.15392674056767822 -0.988079423303484 -0.0023689201050121687 33.178286983964604 0.9877677788707244 -0.15393779094690746 0.024859033432168113 90.224416257774 -0.024927365745434082 0.001486527039426521 0.9996881597149997 -4.020344154587614
