1.0 0.0 0.0 0.0 0.0 1.0 0.0 0.0 0.0 0.0 1.0 0.0
0.9999999069786745 0.0004289947753613924 4.4789792819017184e-05 -0.003304320372753633 -0.0004289941208152614 0.999999907875112 -1.462231896530947e-05 -0.004223777078869284 -4.479606159120229e-05 1.4603103047330088e-05 0.9999999988900312 0.0006276527118721092
0.9999999203528607 0.00036322333175500045 0.00016541790662251627 -0.006873037307633112 -0.0003632292791182188 0.9999999333869427 3.592494055536223e-05 -0.006918285005593994 -0.00016540484682692197 -3.598502232101923e-05 0.9999999856731576 0.0021379190173600737
0.9999996864612544 0.0007892903295651512 6.401693929173863e-05 -0.00975545141090095 -0.0007892914743730734 0.9999996883499533 1.7859598484316812e-05 -0.011936355598213377 -6.400282293248271e-05 -1.791012090903913e-05 0.9999999977914336 0.0005991775577311315
0.9999986621002437 0.0016281921916834678 -0.0001574417684112631 -0.012566172860865032 -0.001628193341323164 0.9999986744666097 -7.174102202592825e-06 -0.01688434913859871 0.00015742987889975376 7.43043824333658e-06 0.9999999875803114 -0.0020863988533840055
0.999998458946036 0.0016777511118140106 -0.0005169688207139223 -0.01565319322740044 -0.0016777493417702387 0.9999985925701431 3.8575421950419525e-06 -0.022241524792486422 0.0005169745651122756 -2.9901921516927554e-06 0.9999998663641706 -0.007979861961495138
0.9999978436969882 0.002015316648407538 -0.0005010989748376988 -0.01626030919160415 -0.0020153169193804945 0.9999979692467954 -3.5820775231147904e-08 -0.022714675356889702 0.0005010978850391453 1.045693940265309e-06 0.9999998744499008 -0.007219709246463396
0.999996591299306 0.002579488953624911 -0.0004045077350967097 -0.013805635841658503 -0.002579510453488736 0.9999966716719937 -5.2637980023286086e-05 -0.01705435270048472 0.0004043706096742747 5.368123252736599e-05 0.9999999168013649 -0.004574336512224622
0.9999974435325829 0.002225057548610106 -0.000402550872309981 -0.012667736454660017 -0.0022251215306524816 0.9999975118427968 -0.0001585635233744446 -0.015438241747628645 0.0004021970577355093 0.0001594588426251233 0.9999999064051986 -0.004032580439522079
0.9999960716223779 0.0027942794307982276 -0.0002207765291796762 -0.01600460373508128 -0.0027943128768791988 0.9999960844497277 -0.00015132997382709572 -0.021528589256829156 0.00022035280648494845 0.0001519462980442123 0.9999999641784821 -0.0016470006469893328
0.9999961554061584 0.002771876104252169 -7.665354676968174e-05 -0.020667007016274663 -0.0027718972955801616 0.9999961197138703 -0.00027774554497465197 -0.02448137125591382 7.588337309280931e-05 0.0002779569529148276 0.9999999584908231 0.001064573354222026
0.9999954493214191 0.003016513061909176 -4.455784338444024e-05 -0.022216382422685976 -0.003016527807705944 0.9999953942702461 -0.00033466144489410586 -0.025978052919799433 4.354812754321435e-05 0.00033479433193105715 0.9999999430081575 0.002570869848045332
0.9999937105896772 0.003546150988886983 5.9952095417710637e-05 -0.022316882360165713 -0.003546130645652001 0.9999936559795072 -0.0003360925249464673 -0.028358567761355313 -6.114354992008548e-05 0.00033587781315983964 0.9999999417237798 0.00444163524867125
0.9999907701071397 0.004295320721788077 9.960134071809715e-05 -0.020312993574165827 -0.00429527795987437 0.9999906846646708 -0.0004256420235248897 -0.028490847483972903 -0.00010142868190191974 0.0004252102794510554 0.9999999044542166 0.006478126676081913
0.9999911861758461 0.004192412172946686 0.00022638638896487075 -0.018673722333675813 -0.004192289779021654 0.999991067356351 -0.0005384365488099425 -0.0294350108876959 -0.00022864171467752158 0.0005374827257803162 0.9999998294176292 0.00897521262670116
0.999987378174778 0.005014152530391754 0.0003190071107723878 -0.016108760706328384 -0.005013991527585921 0.9999873031010238 -0.0005035133606955122 -0.028707950830589357 -0.0003215277531629473 0.0005019075064872241 0.9999998223543644 0.011363110694559628
0.9999824687414736 0.005909369256818283 0.0003762508418448113 -0.01441446095400667 -0.0059091576578863235 0.9999823833911418 -0.0005610375639379562 -0.029694057961809683 -0.00037955959171315326 0.0005588044027000064 0.9999997718360524 0.012308339841522506
0.9999764105413503 0.006852929368142434 0.000464456578896278 -0.011826887109732565 -0.006852654916313688 0.9999763462617105 -0.0005899471838626772 -0.031544922342733706 -0.00046848845914385936 0.00058675050666919 0.9999997181211642 0.014106164559092443
0.9999705918488806 0.007661199721091511 0.00034850571700759065 -0.01076397710633159 -0.007660946270994727 0.9999703932489525 -0.000722860823461903 -0.03227482027877493 -0.00035403338002468307 0.0007201696818884382 0.9999996780079464 0.013103447381185254
0.999968089564501 0.007978729198652673 0.0003996662338814588 -0.0105828650410974 -0.007978417886109234 0.9999678719349127 -0.0007745618106629515 -0.03405486474441305 -0.0004058334123135813 0.0007713483898293779 0.99999962016038 0.015203882065981875
0.9999620076504409 0.008707485931548926 0.00040366378710868814 -0.01107355216952155 -0.008707185616288781 0.9999618180374485 -0.0007398553141000566 -0.03665608885784266 -0.0004100906541719933 0.0007363124297374102 0.9999996448347682 0.016040513971600806
0.9999592253359585 0.009019254655102034 0.00044800778794227826 -0.010286868675189798 -0.009018910720763452 0.9999590370331903 -0.0007638750338108887 -0.03948650544031396 -0.0004548790196687454 0.0007598033448213568 0.9999996078919011 0.01754923371023963
0.9999557235037181 0.009396707809440859 0.0005029060564294022 -0.010805005387527267 -0.00939632118023341 0.9999555604314848 -0.0007657091057407403 -0.043046155782249906 -0.0005100788522349247 0.0007609497359946712 0.9999995803874446 0.018824611391009702
0.9999512720946833 0.009859744921014173 0.0004887395209834977 -0.011610128950745757 -0.009859382087430807 0.9999511218021367 -0.0007393182698834252 -0.0448836081437452 -0.0004960051218329834 0.0007344635747741667 0.9999996072710119 0.01949499084548724
0.9999499176856351 0.00999143532002681 0.0005773566826855397 -0.012420315167256057 -0.00999101783200752 0.9999498282285422 -0.0007215181156835107 -0.04907871757826521 -0.0005845367172630855 0.000715713599474281 0.9999995730353444 0.02086478722440213
0.9999511838172509 0.009867785728181108 0.0005067418502286862 -0.013942196752139813 -0.00986739645383069 0.9999510234091752 -0.0007650295211059646 -0.054414335850352324 -0.0005142661791304399 0.0007599919525490995 0.9999995789711766 0.019748843146005807
0.999949389814707 0.01004387146135195 0.0005817690813659208 -0.014823509040482685 -0.010043480734039796 0.9999493380504598 -0.0006706915792096948 -0.05808921776273768 -0.0005884759478218691 0.000664814648824238 0.9999996058586939 0.020242130692799343
0.9999446514530235 0.010509151557657819 0.0005017609303363592 -0.014888047800712845 -0.0105088843353837 0.9999446384880116 -0.0005322678915829439 -0.061137994460282896 -0.0005073268360345183 0.0005269654837476235 0.9999997324633952 0.017561708607654672
0.9999420848432379 0.010746532452675796 0.0005822367249773496 -0.01158255656099949 -0.010746434426843417 0.9999422407458772 -0.00017122858053589764 -0.0567481176348924 -0.0005840432089159453 0.00016496169501994555 0.9999998158405685 0.015176235844131927
0.9999435127513536 0.010621933156814799 0.00038189330535532757 -0.00656680087771655 -0.010622013302756928 0.9999435630979028 0.00020845256026401295 -0.04962876686830825 -0.00037965758331874946 -0.00021249726112212717 0.999999905352513 0.007981931872306502
0.9999430714717673 0.010669692848349106 0.00010709869721491344 -0.004192345554336563 -0.010669725068274696 0.999943030372402 0.00030492069319007704 -0.04642286660666628 -0.00010383918570257239 -0.00030604604815823817 0.9999999477766196 0.0012941744104427444
0.9999434422805958 0.01063535089357669 -3.9387867509815645e-05 -0.004868241547737906 -0.010635338840817857 0.9999433998118699 0.00029451727283097586 -0.04813290713705487 4.2517932689881694e-05 -0.00029408171228851394 0.9999999558540861 -0.0008508671810260188
0.9999510235961917 0.009896384413853519 0.000109473571107189 -0.008194040253986956 -0.00989641405284287 0.9999509918661165 0.00027359617939961536 -0.051090850070780736 -0.00010676059304625894 -0.0002746661754301716 0.999999956580334 0.002808642043666626
0.9999532561718056 0.009666383257991067 0.00021565276227463847 -0.00848024091907329 -0.009666435190283783 0.9999532498613379 0.00024108601296806637 -0.05434708539425265 -0.00021331225067860868 -0.0002431593371350286 0.9999999476857098 0.003360000197677626
0.9999550494144056 0.009475901410079455 0.0003262561896853436 -0.010182243349184272 -0.009475956801279068 0.9999550878908735 0.00016865307788373071 -0.05844241814755469 -0.0003246433968932161 -0.00017173708638872496 0.9999999325565173 0.0052842340157599615
0.9999571582845498 0.009249896353083268 0.0003478691517742351 -0.012151014133675808 -0.009249975187501223 0.9999571925932819 0.00022569890998828078 -0.06113484496120214 -0.0003457665688735743 -0.00022890702168220937 0.9999999140235246 0.005653344443948341
0.99996110001106 0.008810707331496562 0.00041219048002083905 -0.011588960815483884 -0.008810812680132963 0.9999611516582569 0.00025446849241500183 -0.06090860803900772 -0.00040993241969245137 -0.0002580903267014578 0.9999998826723913 0.0076968199593473036
0.9999648303634593 0.00837394448485645 0.00046377790401327213 -0.012562561926009352 -0.008374015062128197 0.9999649260036588 0.00015044680498378977 -0.0635410143891878 -0.00046250180427590443 -0.00015432519697802823 0.9999998811379011 0.009225222231919322
0.9999723357787075 0.007424449345591021 0.0004530222874410817 -0.01398505837730235 -0.0074244991637951235 0.9999724321523228 0.00010838606904459864 -0.06639920528191257 -0.00045220509171227705 -0.00011174653422268564 0.9999998915116284 0.008949991214633704
0.999975507718865 0.006982483538628885 0.00047842035177732343 -0.012610903681692487 -0.006982494718336282 0.9999756218511292 2.1701641494732816e-05 -0.06567687741083317 -0.00047825715742026595 -2.5041677551457468e-05 0.9999998853214971 0.010487330823424332
0.9999828420291471 0.005825552634998336 0.0006152916451523692 -0.010712467113510482 -0.005825557789214874 0.9999830312725754 6.584975788863409e-06 -0.06528817616799898 -0.0006152428433130961 -1.0169279840096485e-05 0.9999998106863978 0.012528591150350446
0.9999832445729795 0.005721393760092293 0.0008810373095529349 -0.009769630309209298 -0.005721283847161774 0.9999836252285508 -0.00012722386219261457 -0.06628154862788421 -0.000881750780579634 0.00012218106597458432 0.9999996037935965 0.017619275972888718
0.9999854335180642 0.005311943928277576 0.0009570806625664237 -0.007611392632529301 -0.005311710670585533 0.9999858624835261 -0.00024609517667989223 -0.06405233004988942 -0.0009583743756023307 0.0002410078563709812 0.9999995117167666 0.01906923231146858
0.9999848093216799 0.005412498903047679 0.0010421043665341826 -0.005360579856193426 -0.005412109199583989 0.9999852835843162 -0.00037641574337222175 -0.06173601855646943 -0.0010441263802912285 0.0003707700427327025 0.9999993861646513 0.02130280631870371
0.9999846065691088 0.005413345528627453 0.0012175035998163017 -0.0033892944074539466 -0.005412939587600305 0.9999852933286134 -0.00033646918568076595 -0.05984959353999514 -0.0012193071183527707 0.00032987373283211693 0.9999992022364186 0.023230615553451822
0.9999852568183336 0.005303510901635276 0.0011657264223771159 0.0007079305691095605 -0.005303034033726646 0.9999858540316823 -0.00041178461460198606 -0.05600929445815778 -0.0011678938362407432 0.0004055966566947241 0.9999992357573789 0.02359163106538255
0.9999862446636426 0.005082326174533339 0.0012963194688544756 0.006273178644985888 -0.005081889956061184 0.9999870294566509 -0.0003395775936660729 -0.04827774582290845 -0.0012980284989791823 0.0003329851697734334 0.9999991021210446 0.02564789279788801
0.9999863340167727 0.00498965670733578 0.0015604825030120497 0.012026167571247082 -0.00498939436168918 0.9999875381081381 -0.00017196608318678077 -0.038700123408038634 -0.0015613211081682479 0.0001641778704991288 0.9999987676602543 0.027851512412929477
0.999988068961367 0.004624284270503742 0.0015741441820224336 0.011116126998825027 -0.004624282448405577 0.9999893079372547 -4.797180080209842e-06 -0.036780429073351384 -0.0015741495346984528 -2.48216446731719e-06 0.9999987610227746 0.02630898721696677
0.999989157816974 0.004353977941384311 0.0016514007961506247 0.013130636598153167 -0.004354111444848834 0.9999905178275676 7.725596429743867e-05 -0.029376273674577458 -0.001651048766519125 -8.444550978068558e-05 0.999998633452531 0.027902146349697593
0.9999911997079285 0.0037252230304514237 0.0019295647375042067 0.013766873684340708 -0.003725282272956127 0.9999930607444614 2.7109329995124296e-05 -0.025735598630082013 -0.001929450359460972 -3.4297264736248034e-05 0.9999981380207722 0.033916141630830135
0.9999919179623452 0.00324537677749697 0.0023730865065625588 0.011965725706944874 -0.003245320938334536 0.9999947335572916 -2.7380534758369546e-05 -0.02178325541347398 -0.0023731628689900837 1.9678886139629896e-05 0.9999971838514058 0.04265965211140588
0.9999911178590458 0.0032077795429572026 0.002733926375297553 0.013263038597836063 -0.003207680926336308 0.9999948545599797 -4.04554631638554e-05 -0.016719991204737772 -0.0027340420802505006 3.168554034467934e-05 0.9999962619979805 0.050317587811077064
0.9999930507349474 0.002387371829736626 0.002863378697572558 0.014163774666133278 -0.0023873543364754174 0.9999971502201936 -9.527253676622018e-06 -0.013372332424561206 -0.002863393282670804 2.6912879185897903e-06 0.9999959004774317 0.05163979000775089
0.9999878769048223 0.0038898899604773735 0.0030190726205017344 0.01654226699473904 -0.0038900198610691073 0.9999924331538419 3.7155684453593404e-05 -0.009302915139708323 -0.0030189052441197367 -4.889948646745596e-05 0.9999954418995975 0.054103146826699824
0.9999771174499817 0.005978776725231898 0.0031652496428341147 0.02326552777001989 -0.005979158879430216 0.9999821184774781 0.00011128519599294169 -0.0005214349073711655 -0.0031645276940116653 -0.00013020818001144245 0.9999949843925757 0.056169416290333146
0.9999641164476959 0.0076899139647756375 0.003554017473169329 0.03351041513081843 -0.007690989873662026 0.999970382091344 0.0002891623426553604 0.01398480048464823 -0.0035516885770675646 -0.00031648587888027566 0.999993642652264 0.060503910640583386
0.9999529869603914 0.008961970598492137 0.003702290100696383 0.04384218406154139 -0.008962979587220532 0.999959798915035 0.00025602876321445187 0.03014126793844396 -0.0036998467423691723 -0.00028920027712257536 0.9999931137249333 0.06556366851052414
0.9999460563817107 0.009849466034473116 0.003297323991891836 0.05529218168102079 -0.009849160435680258 0.9999514899124428 -0.00010890639956128668 0.05250884570723002 -0.0032982367082996923 7.642465175147867e-05 0.9999945578821381 0.06833340784944092
0.9999468480957799 0.009904827032590598 0.0028627582464243097 0.06658511505094067 -0.009905507769795088 0.9999509142302023 0.0002237096564680647 0.07505173601791482 -0.0028604019202791973 -0.00025205483992683065 0.9999958772761098 0.06605461844617952
0.9999500886713169 0.009452225516000416 0.0032366030073807898 0.08291533997171308 -0.00945360150792798 0.999955229616197 0.0004100996867937141 0.09471427022776563 -0.003232581748698308 -0.0004406767732445908 0.9999946780954506 0.07133557551347001
0.9999662965482935 0.007430759822885984 0.003491357322338415 0.10020476324360028 -0.0074334959543818045 0.9999720736770329 0.0007713649947473139 0.11220347338946118 -0.003485527993554482 -0.000797291987615365 0.9999936076896178 0.07095720367910185
0.9999834963582228 0.004310029204424118 0.0037987707813312275 0.12004403871969982 -0.004314074870351807 0.9999901352369941 0.001057443480877107 0.1274953132041674 -0.0037941756950731417 -0.0010738142107746612 0.999992225546699 0.07128785930097944
0.9999926247181921 0.0005017622792168662 0.003807721607959217 0.14108652554125045 -0.000507294317557998 0.999998817143552 0.0014520206529178026 0.14310120081178343 -0.0038069885347788756 -0.0014539415793908504 0.9999916964116174 0.07104694588289927
0.9999853220022442 -0.003744081993653831 0.003916328650747821 0.16274708809074945 0.0037356812300843594 0.9999907106603514 0.0021501810986312153 0.15450339330967272 -0.003924342724975284 -0.0021355193828464254 0.9999900194957685 0.06856364276818923
0.9999547876832435 -0.008682750733430212 0.003877167660625529 0.18275079269924888 0.008672075692825488 0.9999585832432564 0.0027616845079051805 0.1595084545719519 -0.00390098609910219 -0.002727936554323694 0.9999886702706264 0.06845958557879123
0.9998733460935337 -0.01542628932055108 0.0039142521031839276 -0.391423722674339 0.015413157304210582 0.9998755539903486 0.0033632000257937836 1.3695645236085474 -0.003965646686769697 -0.0033024430799775614 0.9999866836693702 0.055507012014242865
0.999758188366394 -0.02141587045544094 0.0049925231087647615 -0.9656166583041598 0.021396544399535648 0.9997634890238792 0.0038928013773374755 2.595099571800714 -0.005074710052256819 -0.0037850373103147047 0.999979960204429 0.05730847610354371
0.9996133295769042 -0.026854691570573713 0.007212272376720638 -1.5345818429058604 0.026822372651249274 0.9996299010116336 0.004541071331207905 3.8129861512864784 -0.007331552192009735 -0.004345865175884222 0.9999636802396051 0.06518820125809396
0.9994473758424938 -0.031462350411138595 0.010726762240832367 -2.0980967107032478 0.03142167874808956 0.999498454127502 0.003939327530355025 5.031240491971838 -0.010845322780649442 -0.0036000976856588236 0.9999347070036344 0.08377642842784094
0.9992854911495805 -0.03513208545058737 0.013937135639966756 -2.662777472784066 0.035088476413202264 0.9993785570066074 0.003361341755847974 6.259678711632468 -0.014046565450470337 -0.0028699071922435463 0.9998972235343789 0.0904753562623132
0.9991655709816121 -0.0378378019662722 0.015377337460105485 -3.2299591257693234 0.03780239715501553 0.999281886063252 0.002586688078003832 7.483736557417429 -0.01546416937100923 -0.0020032294525564147 0.9998784158773661 0.0827857633149439
0.9991271764604898 -0.0385428300100222 0.016103897445031295 -3.79150881846612 0.038514416634687035 0.9992558986561504 0.002070920613596359 8.733282864720714 -0.016171733654475225 -0.0014488808496961444 0.9998681791990872 0.07284929688230819
0.9990916838001686 -0.03944023607495095 0.016133044960817154 -4.354613203609022 0.039421574354430756 0.9992215815410417 0.0014732474495901132 9.981052070187836 -0.016178591928028986 -0.0008359192435790654 0.9998687685902836 0.056912373371425684
0.9990369312131663 -0.04058526923708202 0.01667471118623103 -4.314397527233011 0.04056826322822905 0.9991758476705123 0.0013570005781001944 9.982745268149657 -0.016716042917980303 -0.0006792296205419995 0.9998600464846533 0.05987510519763564
0.9989814735509557 -0.04178472881706586 0.017030911298479754 -4.278884634234179 0.041767516052822425 0.9991264237409674 0.0013652784963623865 9.984549757537046 -0.01707308129042984 -0.0006525490630500868 0.9998540313840704 0.060163194361819244
0.9989511191142608 -0.042268148657432336 0.01760866915612969 -4.247970641095269 0.0422517011193508 0.9991061456049487 0.0013052076294617129 9.982971469224733 -0.017648098279924206 -0.0005598423958329325 0.9998441034499336 0.06098867606013919
0.9989314174462418 -0.04261297730048579 0.01789294286699756 -4.223383282304433 0.04259829178529888 0.999091558633668 0.0012012509873756759 9.980447103650826 -0.017927877058588816 -0.0004377585503818439 0.9998391868653832 0.05975915033146528
0.9989193956344243 -0.04277910766395639 0.0181655986095608 -4.20581769524109 0.04276477735131483 0.999084475418614 0.0011767733925762617 9.977768929202911 -0.018199308873155087 -0.00039865398611973573 0.9998342993874261 0.060589285914360164
0.9989322481367372 -0.04244260561051333 0.018247982394968918 -4.196217833550524 0.04242716950511768 0.9990988021739486 0.001232388890597475 9.975125363217783 -0.018283843148546988 -0.00045686276286553164 0.9998327321888105 0.06155338614644594
0.998966589238066 -0.04190259378891199 0.017604721521186823 -4.195564758907467 0.04188873507028135 0.9991216136925433 0.0011553902514319196 9.972445808347098 -0.017637671623229274 -0.0004167567429247874 0.999844357314445 0.05662621754191627
0.9989850625346347 -0.04199896779069952 0.016276717642058732 -4.198594558370685 0.04198950969557887 0.999117625700509 0.0009225454547591472 9.968643805573661 -0.016301101441571028 -0.00023815773557019315 0.9998670998551213 0.049582805712475087
0.9989850277358617 -0.04248292380410048 0.014970489125171566 -4.196476442685176 0.042475954865301334 0.9990971823027255 0.0007833090381755715 9.96583584974602 -0.014990250760836233 -0.0001466281808353118 0.9998876291275486 0.03979548523249879
0.998976989254273 -0.04278076552603884 0.014655409973330173 -4.186065999491393 0.042775243358540334 0.9990844820043054 0.0006901983919143095 9.963266221931478 -0.014671519897336097 -6.260358341433047e-05 0.999892365499757 0.03745346000725619
0.998932081353041 -0.04359186106358593 0.015311645656376193 -4.165528927163395 0.04358429659010386 0.9990494103246415 0.0008275389695270286 9.960417575554617 -0.015333164527886668 -0.00015930791966031898 0.9998824274316224 0.040617205087957575
0.9988863223651765 -0.044429718401491396 0.01587813321990367 -4.13757955942145 0.04442129408215882 0.9990124968656704 0.000883027915716064 9.957902326961475 -0.015901686195217472 -0.00017671728203837885 0.9998735445780917 0.04055623147737111
0.998837956078347 -0.0453193502362362 0.016397987419402564 -4.10337274757197 0.04530862056234149 0.9989725108215955 0.0010254391985546035 9.957254359438586 -0.0164276109029666 -0.00028127740319514635 0.9998650181314723 0.03937302108263688
0.9987964036918217 -0.04596723172851477 0.017110160125294937 -4.062087438110547 0.04595148547257384 0.998942810328615 0.0013125073898023428 9.956278905611224 -0.017152403772066983 -0.0005246903863226225 0.9998527490309984 0.03970198252192099
0.9987316446230649 -0.04707643711752213 0.017858082115408763 -4.013701892054661 0.04705611248005859 0.9988910343454445 0.001556850207268643 9.955746636700418 -0.017911569076570235 -0.000714543647236377 0.9998393196512116 0.039280465117741456
0.9987098703268317 -0.04715854805098411 0.018832584992482814 -3.956370834678009 0.047130482798405 0.9988868738082082 0.0019315602165004512 9.954773054684168 -0.01890271152415154 -0.0010414794303119205 0.9998207853498732 0.039963869021786336
0.9986985712307153 -0.04658543803872042 0.02075959499800447 -3.891629888330235 0.04655088157114014 0.9989136170686788 0.002145008096884543 9.9528671163417 -0.020836968270127234 -0.0011758390734199684 0.9997821953584636 0.04734693419517984
0.9986932101956135 -0.04542430945361872 0.023420162677817356 -3.8212535056387225 0.04537534877115348 0.9989665778909315 0.0026180108470820413 9.95272145882305 -0.023514881098778632 -0.001551891607416181 0.9997222824361551 0.05303003845240664
0.9986564067758827 -0.04450315171812883 0.02654902432573773 -3.750047456969345 0.044441847137744746 0.9990077783548222 0.0028949973343210815 9.952029966630725 -0.026651518314735938 -0.0017112199547781408 0.9996433205387767 0.060281406876101284
0.9986537142160267 -0.043779583784044715 0.027822780706521773 -3.6847459617991043 0.04371538108107596 0.9990397820336355 0.002911935978073414 9.95195291152793 -0.02792354811773866 -0.00169173221874148 0.9996086301661378 0.05853567538482088
0.9986541910082981 -0.04361172336380369 0.02806820918429412 -3.6264840282216357 0.04355170813777206 0.9990473996279648 0.002746272911086602 9.951449706797064 -0.02816124109226227 -0.0015201584979648805 0.9996022377017223 0.052162721681892704
0.9987072727609989 -0.042353239422922594 0.0281066975058432 -3.574633128818266 0.042296289226323246 0.9991016817196274 0.0026179195392328053 9.949356420807856 -0.028192326118707523 -0.0014257262764310016 0.999601500625428 0.04649045287372902
0.9987165961158858 -0.04201495297176076 0.028282580672428417 -3.526947658424908 0.04196281284789007 0.9991162064643881 0.0024348137756485195 9.945658696589811 -0.028359883296738223 -0.0012448722865792913 0.9995970024526841 0.0429175829973347
0.9987146340858909 -0.04194856535751434 0.02844991260345542 -3.4833154219154436 0.04189427933937668 0.9991189170820958 0.002501776839219011 9.942607171085237 -0.028529791820694195 -0.0013066725547551561 0.9995920885968977 0.03848087588389337
0.9987221038540209 -0.041685015704989184 0.028574792021750155 -3.4437081887273946 0.04163288843733522 0.9991300518914187 0.0024170245827963626 9.940249151837582 -0.028650687143170605 -0.0012242847480356898 0.9995887350571161 0.03475288111845096
0.9987357708997544 -0.04133340665742423 0.0286078559032085 -3.4097020970288763 0.04128728796084386 0.9991448917469777 0.002201169865544871 9.937381038461835 -0.02867437493869869 -0.0010172462979281718 0.9995882879625242 0.03147333561799548
0.9987469926159157 -0.04116686861960718 0.028455819593430798 -3.3827240969727086 0.041125186150787196 0.9991519011936958 0.002048756965562508 9.935452241751038 -0.028516027155635698 -0.000875938980103409 0.9995929516188918 0.026349574074939403
0.9987715367999612 -0.04082838830357777 0.028079529675360437 -3.3631274744250725 0.04079354895483435 0.9991659524144538 0.001812704996670167 9.933518431877616 -0.02813011983491499 -0.0006650144868486983 0.9996040486681772 0.021450258191763105
0.9988128631522263 -0.040329464602175215 0.027320298068794567 -3.3484034731913517 0.040298566555343196 0.9991862691021715 0.001680824584953448 9.932759663904156 -0.027365853453719145 -0.0005778603661168817 0.9996253178777299 0.015388519539806661
0.9988634365964861 -0.03967680204842204 0.02641186115898604 -3.3323454402939316 0.0396490055638364 0.9992124269535005 0.0015754934186468163 9.934081958267875 -0.026453570429529286 -0.0005264987404408023 0.999649904421849 0.01079875090803592
0.9988953767291818 -0.0393910201441236 0.025619794711999773 -3.3125100937418206 0.03935989679088879 0.9992236218454341 0.0017181591084352724 9.934162200556779 -0.025667584103111808 -0.0007078687142330637 0.9996702826673397 0.00482860466756585
0.9989200633651197 -0.038832370782647264 0.025509880165101396 -3.2843412644551453 0.03879714767653084 0.9992453491584455 0.0018744378891864626 9.936199070967577 -0.02556341797968849 -0.0008827030270640834 0.9996728127225264 0.0013440013234489456
0.9989177384671389 -0.03864490603744122 0.025882871036033046 -3.246967676635399 0.038597311163149656 0.9992521154062077 0.0023361136983918638 9.941822922594271 -0.025953792529908933 -0.001334576185226261 0.9996622527432584 -0.0018306196903145472
0.9988857006654825 -0.038806831542828886 0.026858645380000958 -3.2021459643828027 0.03873375339404758 0.9992443268907633 0.003235973524725554 9.9462373096466 -0.026963926903387544 -0.0021920315349332905 0.9996340038452596 -0.001990552757355088
0.9988542012537878 -0.0388667579081103 0.027922388282243582 -3.1537594519225665 0.038765568902645514 0.9992396886018047 0.004156367481453224 9.947324144803071 -0.028062703100846225 -0.003069177853922417 0.9996014530011352 -0.003585012118812639
0.9988292661500202 -0.03829377121453216 0.02955814893386325 -3.105387434901997 0.03816325449955132 0.9992591711504758 0.0049673813710131845 9.9451920130965 -0.029726471170151092 -0.0038335307291976783 0.999550719550501 0.0036940401567018277
0.9987883468144485 -0.03854147213142552 0.030600542374578762 -3.0651585772013172 0.03837847188052068 0.9992458776329318 0.005896518441154809 9.945491648784568 -0.03080472632230152 -0.00471497185075042 0.9995143009865646 0.004909700095400871
0.9987627920749195 -0.038249730999322475 0.03177803085790522 -3.0251032455045745 0.03805812387799102 0.9992536458273381 0.006612904632504567 9.948163265786567 -0.03200725501529254 -0.005395310859496592 0.9994730742982134 0.011946028448838297
0.9987331603178236 -0.03846843317215165 0.03243846683904655 -2.988310170857308 0.03826177332545229 0.9992434562846412 0.0069679103276847265 9.947801165922348 -0.0326819703136133 -0.005717929837158905 0.9994494454922688 0.013747615826800591
0.9987126700769512 -0.03859324720779905 0.032917531768651906 -2.9567059618664224 0.038382942434546916 0.9992386043866675 0.006997230414265524 9.949007580145052 -0.03316251434750881 -0.005724750943211174 0.9994335770169 0.015948650178045115
0.9987052829675631 -0.03847970093545301 0.033272667290335976 -2.9318132806082766 0.03826296866044047 0.9992422924879127 0.007126438999246379 9.949884655014445 -0.03352167958180826 -0.00584410125151398 0.9994209040632397 0.016494114854804176
0.9987231727692845 -0.03774735814717681 0.03357322037842491 -2.9147401653520966 0.037532469835225395 0.9992708338185228 0.007008165788672676 9.950217134054055 -0.03381327966550109 -0.005739131690631661 0.9994116891880476 0.01678055255364791
0.998721622264517 -0.03791299639397346 0.033432408315535095 -2.905646030948165 0.03769750273335965 0.9992643073369194 0.0070528271036656 9.950286779448223 -0.03367520614657642 -0.0057834926226663225 0.9994160953797351 0.015258714765997439
0.9987448620173942 -0.037473079443794306 0.033233550981954775 -2.903383461314582 0.03725924334387346 0.9992809005553835 0.007030687781612984 9.949790134807156 -0.033473114275685514 -0.005783606335116701 0.999422883727631 0.014941938266772953
0.9987805652556179 -0.03687785560573233 0.032823866828978886 -2.9078251943139937 0.03666784798837052 0.9993031500139928 0.006977341616411567 9.949143917289001 -0.03305830291447992 -0.005765252644345517 0.9994367966361692 0.013068855894940778
0.9987896198002222 -0.0367377312481643 0.03270526688594903 -2.910288459980652 0.036530951652965764 0.9993087149079097 0.006897962050444676 9.94741914457265 -0.03293607369848685 -0.005694858370351992 0.999441235709972 0.015595722446515331
0.9988001594055365 -0.036640995812378674 0.03249121415657211 -2.909664100533389 0.036435201158854194 0.9993121712305358 0.006903661857619199 9.946622381538944 -0.03272182280993514 -0.0057115546401818006 0.9994481779740226 0.014949121697837492
0.9988076887962593 -0.03643125621533787 0.03249560542694691 -2.908614538376453 0.036226633949700424 0.9993200284126659 0.006863804047391583 9.945821820612744 -0.032723566342405405 -0.005678413854149628 0.9994483097298937 0.015238664367153182
0.9988316395497437 -0.035780860316840746 0.03248208536060099 -2.909022467976403 0.03557299229404223 0.9993428781622904 0.006955148134659981 9.945090139424009 -0.032709601856865035 -0.005791537042426623 0.999448117735512 0.01647659363246612
0.9988221575470584 -0.03599424890144492 0.03253784933084621 -2.908666980630781 0.035783862779525936 0.9993348579977451 0.007025436301041765 9.946729761525939 -0.032769082343453826 -0.005852831508320001 0.9994458122408184 0.017463030947265118
0.9988059862136804 -0.03640654295580536 0.03257553581663879 -2.9074592660927387 0.036196418196203964 0.9993200578624405 0.007017211952889636 9.946849729304049 -0.03280885876557601 -0.005829715587691813 0.9994446423902992 0.017088850825103086
0.998827154558661 -0.035982906795285825 0.03239669326995518 -2.907478672927748 0.03577364805190011 0.9993352895090594 0.00701607061831401 9.94596776513795 -0.03262761746319446 -0.005848893948788402 0.9994504635139538 0.016683871650687437
0.9988281735683721 -0.03599816442838778 0.032348289659179616 -2.907550305426547 0.035789478230492 0.9993347832652694 0.00700743920161318 9.946912619667222 -0.03257902598415968 -0.005841499290587776 0.9994520918743266 0.01657144014767689
0.9988333917613053 -0.035750002782312544 0.032462174968561436 -2.9069907151309393 0.03554054980304022 0.9993436726885672 0.007006652342011163 9.947291680055962 -0.03269135699726232 -0.0058447547774780695 0.9994484048810496 0.017624091150775706
0.9988410297710512 -0.03569496511390199 0.032287253079838325 -2.906616666634056 0.0354840373844395 0.9993451455243306 0.007082598949021325 9.947955583193014 -0.032518922750052665 -0.005928708332369912 0.9994535357287458 0.016457607065974045
0.9988368430957865 -0.03586400613503402 0.032229395563794276 -2.906350677818434 0.0356539416144855 0.999339193004379 0.0070692130202574645 9.948432342021327 -0.032461628452869117 -0.005911885428623846 0.9994554979031696 0.016880144856405377
0.9988237191773697 -0.036188281876881 0.03227361559392813 -2.9056265686106646 0.03597723727423015 0.9993274140675799 0.007096329412865295 9.948159986977805 -0.032508712783174944 -0.005926866610745756 0.9994538787984993 0.0175608218266555
0.9988298478913819 -0.036185110140367016 0.032086956312908047 -2.9053672327391418 0.03597181561296255 0.9993268668918346 0.007200110393254596 9.948741458325914 -0.03232589430787593 -0.006037459092826459 0.9994591465612312 0.016002563363897576
0.9988348128135314 -0.03615660557165061 0.03196430173352479 -2.9048473968568773 0.03594361873731345 0.9993277875129547 0.007213139160450321 9.950030901450866 -0.032203617558317306 -0.006055821828412015 0.9994629828253501 0.014646799004369215
0.9988362898055995 -0.03625338596717188 0.031808146335774015 -2.9044477099776556 0.03603985255193452 0.9993239735413608 0.0072611936731348066 9.950724846732532 -0.03204988604406495 -0.006106382844142136 0.9994676167305919 0.013340191608184643
0.9988271113824543 -0.03644673686219739 0.03187533434330834 -2.9037310949247725 0.03623267412104177 0.9993169526472828 0.007267838592410944 9.951329290120402 -0.032118450981302324 -0.00610438562549133 0.9994654279076907 0.013922543339684484
0.9988243972759686 -0.03649046139784297 0.03191033740479932 -2.9030327570177574 0.03627711780005937 0.9993155459107735 0.007239504485241587 9.951863973215811 -0.03215266910283186 -0.006073378634974482 0.9994645165995271 0.014328861138355381
0.9988242841943529 -0.03658373049235967 0.03180691696657202 -2.902605720983622 0.03636950293009137 0.9993118346157744 0.00728810355934381 9.953428691413599 -0.032051654563751766 -0.006122733060982911 0.999467459990367 0.013465443465510235
0.9988205191824195 -0.036692775519045075 0.03179953906723362 -2.9021912493809316 0.03647946716747611 0.99930801283823 0.007262503184437722 9.954277222862975 -0.03204401559350145 -0.00609390695989997 0.9994678811060479 0.013236160247767942
0.9988234938060496 -0.036706410057090556 0.03169018273558677 -2.901333098052948 0.036492244756644227 0.9993071969753418 0.007310413526312317 9.954747702657333 -0.03193656671771894 -0.006145366874748388 0.9994710051683666 0.012199685872373911
0.998825729501739 -0.03666836376590113 0.03166375189500182 -2.900651743843564 0.03645571346074047 0.9993088435165953 0.007267477252249314 9.955939456164803 -0.031908353787136204 -0.0061046186019389805 0.9994721559855109 0.012098427639965381
0.9988313807555208 -0.03658731557363613 0.03157912533863515 -2.9005222182665427 0.036374000803987165 0.9993115594741301 0.007303366820332793 9.9564007548914 -0.0318245955755857 -0.0061461728348602635 0.9994745718005736 0.011088401800016606
0.9988307349220142 -0.03663237494280599 0.03154729911128863 -2.8998231645352526 0.03641680525923528 0.9993094294844505 0.007381086518387758 9.957965452856879 -0.03179590020550367 -0.006223604223493498 0.9994750059309121 0.011703514348046035
0.9988355573570912 -0.0365623730109877 0.031475740483318596 -2.899160382242356 0.0363470723608077 0.9993119348561429 0.007385606602623897 9.958891534536155 -0.031724118426932124 -0.006232955470394791 0.9994772286431263 0.01100389543182409
0.9988418478627987 -0.036332259363449707 0.031542509215267696 -2.898245433704324 0.0361158152637735 0.9993201758788787 0.007404996236232905 9.959865361376226 -0.03179010610050229 -0.006257236688241388 0.9994749802487063 0.013073231705582361
0.9988315439545365 -0.03672815296419753 0.031410023579315216 -2.8979140441206566 0.03651137231590413 0.9993054841101353 0.007447759329888122 9.962417957315912 -0.03166175126274665 -0.006292233885118177 0.9994788348432981 0.010943881501519509
0.9988266633905807 -0.036969217407813504 0.03128215888189256 -2.896963748625978 0.036749994134165895 0.9992959374058775 0.007554297800940984 9.965321217510802 -0.031539410761726436 -0.006395814911359006 0.9994820454217419 0.008828964338914475
0.9988325122075077 -0.03694113728544501 0.031128201575344988 -2.89627604257357 0.03671921037153034 0.999296177109794 0.007671375591148577 9.968211276184945 -0.0313896821734258 -0.006519416371661709 0.9994859604132669 0.006787322065201579
0.9988800333643467 -0.036580505736603104 0.030009091057776945 -2.896472860983426 0.036368287821276865 0.9993096499822457 0.007587561751157774 9.973885004250794 -0.030265931127397148 -0.0064876846743062945 0.9995208268768415 -0.0025087395502541854
0.9989331118181866 -0.036659272528079066 0.028084441439425407 -2.8953151249289553 0.03646178260020562 0.9993068116130271 0.0075123014741453175 9.9792807228892 -0.028340369137818462 -0.00648027789027171 0.9995773254108977 -0.005742910004736146
0.998920511687499 -0.03667343534313461 0.02851088336296205 -2.8850500202633627 0.03647123843851793 0.9993059548911689 0.007580058431655913 9.983668676853588 -0.028769082306605742 -0.006532048621947415 0.9995647413969957 0.006857912894586121
0.9988896378245807 -0.036691816557934256 0.029549992290606692 -2.8627511551059133 0.03647475330979388 0.9993037296350921 0.007851643675147986 9.989832270335986 -0.029817508576097964 -0.006765096827889951 0.9995324655293745 0.021077120574641367
0.9988773190901539 -0.03638763893176978 0.03033217994566227 -2.8300950657354043 0.036156317034616865 0.9993129915347535 0.00814037396994628 9.996816529095103 -0.030607550470057875 -0.007034535013024706 0.9995067249255405 0.027595223098104527
0.9988198280315314 -0.03689296872749464 0.03158892194348911 -2.7894927552072737 0.036631582338317495 0.9992899687650612 0.008813937878767646 10.003053442814501 -0.03189166515675829 -0.007646383721199592 0.9994620825771852 0.037498381238561584
0.9988425978505078 -0.03603180606605631 0.03186179013936259 -2.741281704960328 0.03574531701996238 0.9993156234576221 0.009516145472982783 10.010464443756396 -0.03218286858577159 -0.008366221676402332 0.9994469817376301 0.03836235090715012
0.9989024602421387 -0.034302357533558134 0.03189393656889459 -2.6846234847199817 0.033985219374983666 0.9993678770850897 0.010433173749712407 10.018242466360515 -0.03223165813691471 -0.009337800495695596 0.9994368042531024 0.0377727854708369
0.9989593963123399 -0.03228847926227929 0.03221146730952221 -2.6190576273963577 0.031923036334384834 0.9994207223280535 0.011795742133581139 10.026849363681462 -0.03257367450099213 -0.010755179599512372 0.999411467735533 0.0360468874210961
0.9990568916086585 -0.029195232815745764 0.03213978391491062 -2.544677040178826 0.0287820473194229 0.9994979634363583 0.013244426703024078 10.037473658510123 -0.03251032268934328 -0.012306886991586797 0.9993956270923033 0.030334964617547477
0.9991938928320885 -0.02499279985100094 0.031415354250460346 -2.4603606889640615 0.024537157630561055 0.9995892610916975 0.014806654098220288 10.046950494384184 -0.03177251048449102 -0.014023874848955278 0.9993967372929236 0.02181784901519751
0.9993591253878681 -0.01950584135867725 0.03001434085405341 -2.3628828567354025 0.019021474810503394 0.9996855504989123 0.016339633402785367 10.055353813678853 -0.0303236211565597 -0.01575824471805653 0.9994159072795299 0.007587963891941468
0.9995006499995545 -0.013637219049454346 0.028503980548044025 -2.2510087851020524 0.01313041462532242 0.9997536982882924 0.017892315967108115 10.063929933965822 -0.028740961400989747 -0.017509112356053798 0.9994335336190474 -0.005819390096285626
0.9995684646773455 -0.006796158822538656 0.028577904889119637 -2.120503172901153 0.006244111984401813 0.9997930342069248 0.01936232984058296 10.071085223413201 -0.028703579709140503 -0.01917553067292036 0.9994040241740567 -0.014915184357903885
0.9995588308422118 0.0003429265719463726 0.02969892399961628 -1.970171445685633 -0.000984303292543842 0.9997665531021003 0.021584032185657333 10.07628801354768 -0.02968458913977108 -0.021603742725033858 0.9993258244776221 -0.02212050850233463
