1 0 0 0 0 1 0 0 0 0 1 0
0.9999999730470379156 -0.0002314739396320013548 -1.804823116889793861e-05 0.8345960026024029643 0.0002314701304785371321 0.9999999509985112445 -0.0002107713308091144547 0.3895610243886019619 1.809701835481160748e-05 0.0002107671475017792063 0.9999999776248534866 -0.1021394308046850996
0.9999998557957993084 -0.0005345831926181484695 -5.127563433437392037e-05 0.8338940048769660773 0.0005345664422862647864 0.9999998039384127013 -0.0003261316529376537721 0.3891447424957360512 5.144996878143290466e-05 0.0003261041956746773282 0.9999999455044756846 -0.1025381913244799159
0.9999999942049901946 -8.758002336256028421e-05 -6.260797922776763062e-05 0.8329487022275960939 8.756268967934413821e-05 0.9999999578545658574 -0.0002768097574533679708 0.3895351483731326336 6.263221959415190979e-05 0.0002768042737261961297 0.999999959728298693 -0.1030891424897453779
0.9999998842445515512 -0.0004172722543827993291 -0.0002395720126557868623 0.832770842642296949 0.0004171949209240957343 0.9999998608879338002 -0.00032275766616525573 0.3903197888684886152 0.0002397066571474092817 0.0003226576805774217412 0.9999999192163665507 -0.1061537774007874635
0.99999984273845266 -0.0005495240784156156001 -0.0001120105226443569174 0.8325956479766545293 0.0005495046175854773627 0.9999998339368469935 -0.0001736978805581155193 0.3903556479765640796 0.0001121059552112728028 0.0001736363029427068249 0.9999999786413443781 -0.1046194561681717539
0.9999999566529140793 0.0002906238531770542863 -4.724347436461207261e-05 0.8320564736750672985 -0.0002906342274963350392 0.9999999336242906267 -0.000219734294269312416 0.3884929840254122135 4.71796112015172644e-05 0.0002197480153151472868 0.9999999747424467289 -0.1032117139922786309
0.9999997931309501098 -0.0006425319973584329341 -2.984441897914068243e-05 0.8317414240544095394 0.0006425204894741957072 0.9999997198487382555 -0.0003840180537157129978 0.3875926938837697122 3.009115450526470586e-05 0.0003839987986235725791 0.9999999258197197483 -0.1029604101983226105
0.9999999925534833745 0.0001147619278633305425 4.150581959762482463e-05 0.831890864869882618 -0.0001147638272980893944 0.9999999923674780522 4.576360880137865603e-05 0.3880947937393081082 -4.150056736085871919e-05 -4.57683718273113515e-05 0.9999999980914795472 -0.1024612458061094356
0.9999999839060915718 -0.0001260728327514067267 0.0001276458281810603128 0.8314562131091898234 0.0001260387277700254251 0.999999956370618559 0.0002671572572584234571 0.3875298349307302881 -0.0001276795038841644638 -0.000267141164641029904 0.9999999561667702874 -0.1014054086291536483
0.9999998870253736794 0.0004746187495666541359 -2.619699282767402434e-05 0.8314400762441924719 -0.0004746196526763433814 0.9999998867737079911 -3.447834789282682821e-05 0.3886967604704044676 2.618062579112164724e-05 3.449077760528539605e-05 0.9999999990624804935 -0.1037784622174948157
0.9999999066951045235 -0.0004307295812903447728 -3.289088018405578618e-05 0.8304873915895534253 0.0004307287786308374995 0.9999999069385070438 -2.44068954223492975e-05 0.3872954257131853151 3.290138989502723642e-05 2.439272609641670214e-05 0.999999999161246711 -0.1042338142795907752
0.9999999649297834914 -0.0002621259814859689839 3.78206492197979643e-05 0.830184479522749541 0.0002621287477708635484 0.9999999629683753444 -7.315577576495909361e-05 0.3862595740883115747 -3.780147178971412049e-05 7.316568707879007058e-05 0.9999999966089154757 -0.1031134796499447726
0.9999999387009431695 -0.0003459941618525149733 -5.372289936045980129e-05 0.8293770320685492914 0.0003459885495440709292 0.9999999346919057341 -0.0001044418872260471454 0.384613939774520408 5.375903213515269801e-05 0.0001044232933158309332 0.999999993102871132 -0.1042848725416295058
0.9999999432244481845 -0.0002584749615199175791 -0.0002161985074764385224 0.8289167003435859993 0.0002584415384988624051 0.9999999546522005955 -0.0001546077877019267895 0.3854755790855640685 0.0002162384599142889161 0.0001545519042490909472 0.9999999646773179984 -0.1068563306195292606
0.9999999709292121119 -9.69611141565791503e-05 -0.0002207716407064477804 0.8275704654231846868 9.694509620186137877e-05 0.9999999926680608331 -7.256394899200900204e-05 0.384328088027231396 0.0002207786749691054075 7.254254415457090136e-05 0.9999999729971775775 -0.1091803564065524645
0.9999999209079661888 -0.0003681040085739445715 -0.0001506104250370925949 0.8261090763662850556 0.0003681006954498913623 0.999999932008384107 -2.202510150739270809e-05 0.3828744420156126038 0.0001506185223250005396 2.196965996318448001e-05 0.9999999884156973717 -0.1079151748210019496
0.9999999055194200848 -0.0002598009883421614481 -0.0003485177145515016379 0.8256668896306795791 0.0002597386243107672804 0.9999999502520565686 -0.0001789741080031317314 0.3820353175035334781 0.0003485641948636090189 0.0001788835675818286925 0.9999999232518327341 -0.1121512991602942183
0.9999999702841186888 0.0002050712431015664673 -0.0001318239244365425756 0.8251304697814061395 -0.0002050920949511112986 0.9999999664572891689 -0.0001581855022676447971 0.381174454283387476 0.0001317914807172201257 0.0001582125336118505568 0.9999999787998996581 -0.1066190676722489072
0.9999999981961483764 -2.328532860411824205e-05 -5.536692725724901601e-05 0.824749255521374236 2.32786648150950849e-05 0.9999999924864551026 -0.0001203544496535099219 0.3800081053045778479 5.536972933415627184e-05 0.0001203531605682668849 0.9999999912246548828 -0.1036212216082720017
0.9999999940001040866 -6.349573869463139789e-05 -8.926411894585388983e-05 0.8241473270394457096 6.351356213927422981e-05 0.9999999780465187449 0.0001996822209313137608 0.3807009190039404301 8.925143801607351535e-05 -0.0001996878892154066985 0.9999999760794635595 -0.1070445630794743808
0.999999953159257271 -0.0001948247047306146207 -0.0002360610463751937804 0.8231558168560246802 0.0001948616988151072652 0.9999999687368265056 0.0001567011941719791167 0.3810866609542300498 0.0002360305097312908424 -0.0001567471860884995312 0.9999999598599582651 -0.11067121023629517
0.9999997043399893037 -0.0007376199129987247045 -0.0002173402813142473716 0.8227338194536493177 0.0007376461495993064717 0.9999997206594684052 0.0001206612740780394275 0.3810593856489331022 0.0002172512184438098995 -0.000120821558624990125 0.9999999691020290404 -0.1103219477401147092
0.999999780054485754 -0.0006161555767434107999 -0.0002454450760538112036 0.8218650199058556982 0.0006161763336964370908 0.9999998065930513214 8.450198679555581422e-05 0.3799628288370925366 0.0002453929622126179984 -8.465320565680955231e-05 0.9999999663080638701 -0.1119845935252384295
0.9999999187394920108 -0.0003786393783942469302 -0.0001383951971911166041 0.8209491439460930851 0.0003786342457958019863 0.9999999276294435635 -3.711085512967604247e-05 0.3783033223975876824 0.0001384092388064971557 3.70584509529188835e-05 0.999999989734776884 -0.1068949302306749921
0.9999993913708090654 -0.001069703114660590674 -0.0002701726446449439264 0.8207196818101292202 0.001069714110774345897 0.9999994270331762358 4.055909854220373024e-05 0.3783042820402086059 0.0002701291036509434343 -4.084808134707431916e-05 0.9999999626808501185 -0.1121037407866409819
0.9999999243491320966 -0.0002528671147004777297 -0.0002955671708276279199 0.8197991713350771814 0.0002529078040403710901 0.9999999585469833141 0.0001376360209061555043 0.3789011467571823388 0.0002955323549519916701 -0.0001377107617379915122 0.9999999468481852727 -0.1125082318543703247
0.999999799167473058 -0.0006025459237363010043 -0.0001964775391188624501 0.8190748741810802702 0.000602590050165090034 0.9999997932187008054 0.0002246058482479658543 0.3774851599605616448 0.0001963421631526725091 -0.0002247241985499597429 0.9999999554743937979 -0.1095279861911786085
0.9999993582915138735 -0.001132815606397467303 -1.205663558661959107e-05 0.8180504893347568807 0.00113281635435294719 0.9999993564281883796 6.221186653341677602e-05 0.3742900779037246495 1.198615325399661415e-05 -6.222548456550507957e-05 0.9999999979921605497 -0.1043583475478913059
0.9999994076842150248 -0.001087491849769427242 4.463962114650248933e-05 0.8179698761005941288 0.001087492581178633446 0.9999994085458818738 -1.636375261695086308e-05 0.3728917461472702755 -4.46217992966121518e-05 1.641228818126533453e-05 0.9999999988697658715 -0.1017438102814423595
0.9999990975840066243 -0.001341753056252815339 -6.730459490948922951e-05 0.8174875304669859677 0.001341733887769697717 0.9999990595343748456 -0.0002840432014428571233 0.3755142696666928237 6.768564744547508091e-05 0.0002839526402619366977 0.9999999573947746523 -0.1034611247163742531
0.9999991518939644886 -0.001301238341228117294 5.468209059694649206e-05 0.8164077418806496844 0.001301234342400786181 0.9999991507223758846 7.310070591887115655e-05 0.3756238551087224264 -5.477716559798297927e-05 -7.30294897075222494e-05 0.9999999958330778593 -0.1017506272163105491
0.9999993780203128013 -0.001096286429351841108 0.0002052195221112986683 0.8150369904786218811 0.001096261507639559579 0.9999993917225357132 0.0001215124082014351219 0.3736356376204580387 -0.0002053526096849972395 -0.0001212873583604786811 0.9999999715598407724 -0.09812502645710942384
0.9999991600938235026 -0.001277260231149088265 0.0002200407905399887098 0.8147234502297751035 0.001277290099590093053 0.999999175063729373 -0.000135653463975078393 0.373486967354920818 -0.0002198673442456065765 0.0001359344059621588443 0.999999966590093492 -0.09470195991108365519
0.9999991929642099153 -0.001197519479789354918 0.0004242853101274652065 0.8147649773090086534 0.001197609434975846227 0.9999992604305890653 -0.0002118252021592373065 0.3711046867168252827 -0.0004240313315331322797 0.0002123331592992482053 0.9999998875560233147 -0.08893484314400243451
0.999999533336355273 -0.0009063043362180070233 0.0003345736419046315639 0.8148820613761598164 0.000906404861085670626 0.9999995440867091023 -0.0003004273650720637001 0.3716395216685683955 -0.0003343012107443781218 0.0003007304840489480346 0.999999898901933082 -0.09144546616249055182
0.9999993041156503004 -0.001141786512940550814 0.0002968025843077240402 0.8147652739965350888 0.001141865720911160783 0.9999993124696903157 -0.0002668385692956789937 0.3710884401714070746 -0.0002964977075673972014 0.0002671772923037935357 0.9999999203526988012 -0.09208326992999180116
0.9999990027777850843 -0.001412061041103695796 2.29576036960449843e-05 0.8141197938522051203 0.001412059450654676784 0.9999990006529081432 6.914689346340641401e-05 0.3720540288409446283 -2.305522038780351862e-05 -6.911440700732477771e-05 0.9999999973458277847 -0.1022538636564540304
0.9999984566165074362 -0.001747183585647200683 -0.0001847000840780077568 0.8113558007399576111 0.001747202088026886344 0.999998468635115545 0.0001000614185254688826 0.369468203602709766 0.0001845249755667805543 -0.0001003839724648871313 0.9999999779367955144 -0.1016889161422316473
0.9999993311307578958 -0.0009611638624426261171 -0.0006433522101828032663 0.8086075885101162708 0.0009613329144499595117 0.9999995034636953717 0.0002625097907409931004 0.3689569258368089466 0.0006430995758106766496 -0.000263128090811501228 0.999999758593242527 -0.1037269530145141505
0.9999989355000685753 -0.0005864959844443235057 -0.001336046851710162272 0.8063905357533995844 0.0005872134988769261554 0.9999996835591905553 0.0005367139140514103762 0.3694668931442063875 0.001335731648375028521 -0.0005374978874659419419 0.9999989634579550257 -0.1123063781244448694
0.9999977340458452435 -0.001636743432604072538 -0.001361239916705791119 0.8055564442560320115 0.001637952782547347696 0.9999982644788358854 0.0008877781244867828441 0.3695651727699511557 0.001359784489230243072 -0.0008900057595315358921 0.9999986794370734344 -0.1143374841675592612
0.9999991367031476619 -0.0005210598016764229857 -0.001206270965638813657 0.8058793551900889085 0.0005216566261220357366 0.9999997416688612972 0.0004945063953731202279 0.3709066012984613137 0.001206012986617160596 -0.000495135227709429717 0.9999991501865300725 -0.1122432831221972516
0.999999063834328239 -0.000349509822768829647 -0.001322941174379266456 0.8088217953125622639 0.0003497700259053150638 0.9999999195323744372 0.0001964590890760100066 0.3734205388556777194 0.001322872403543927117 -0.0001969216303265887695 0.9999991056148377355 -0.1086343383864303153
0.9999984564689951005 -6.045925323734572361e-05 -0.001755962501324687727 0.8124943268938369378 6.155545322506587847e-05 0.9999998032766002076 0.0006242256699061145839 0.3743446448186544817 0.001755924415667920509 -0.0006243327954620542025 0.9999982634674957627 -0.1096637438489628247
0.9999974688188033589 -3.509507229518094533e-05 -0.002249694273090113023 0.8188013025014690971 3.691396294742998915e-05 0.9999996725073374559 0.000808469280228261305 0.3745465743825809879 0.002249665163043907887 -0.0008085502789770609641 0.9999971426224679716 -0.1157447016554770669
0.9999960490213745112 0.001108063878916244532 -0.002583434938428274662 0.8293884755925411412 -0.001106982847483630426 0.9999992991615593851 0.0004198396902854207593 0.3771343380357788377 0.0025838983370535017 -0.000416978213343348282 0.9999965747934106419 -0.1153169551208831495
0.9999950240228917542 0.001843459803700269947 -0.002559997150073468463 0.8398082139512172972 -0.001843385269307959732 0.9999983004686157084 3.147426059350155449e-05 0.373852158027401682 0.002560050820812223658 -2.675504294238555223e-05 0.9999967227066109965 -0.1098978742195010905
0.9999911072957844427 0.003301782854410197608 -0.002623653813513346193 0.8548997244719878097 -0.003302812165113732604 0.9999944703961272108 -0.0003880837166421066101 0.3737445615954898548 0.002622357937585373128 0.0003967457012607225565 0.9999964829096629204 -0.1078983823796774294
0.9999874866149202068 0.004480524307770848355 -0.002225200103872637149 0.8713178616067358551 -0.004481416990144702558 0.9999898798547607326 -0.0003963455837351370376 0.3735397990643750665 0.002223401748502196705 0.000406312673662189653 0.9999974456940757817 -0.110738687946005207
0.9999868782406619028 0.004725088477459494368 -0.001979112269654502605 0.8888097763753679548 -0.004725848098265365838 0.9999887611754759709 -0.0003793184531401666277 0.3699431485109266893 0.001977297713506770416 0.0003886664597705123745 0.9999979696140063323 -0.1085295902109827959
0.9999730690974458769 0.006926049478118144129 -0.002427121435227508946 0.907851987626519974 -0.006928346745456889083 0.9999755574967913452 -0.0009393723203064437534 0.3692694381584168406 0.002420555971135223468 0.0009561629610586107157 0.9999966133248564537 -0.1111511874565683233
0.9999590344272121234 0.008712282658743301239 -0.002454709406802597482 0.9286720966786037312 -0.008715455796148205078 0.9999611941072217292 -0.001284955222836330719 0.3687867174882826227 0.002443419256507376597 0.001306296495236997654 0.9999961616385352192 -0.1105035533757808552
0.9999399261900002722 0.01072598211409627258 -0.002257724257929876258 0.9521151874597555409 -0.01072851375576202443 0.9999418292922160889 -0.001112215954293331588 0.3645596939134999603 0.002245663316079048524 0.001136371165001333079 0.9999968328234075665 -0.1136485291342405196
0.9999109721065878587 0.01312708685946629809 -0.002393209443913017331 0.9771745344485692764 -0.01312925072329074877 0.9999134109565153139 -0.000890710251373565587 0.3610015101276374261 0.002381309787360012548 0.0009220520001387265147 0.9999967395865876352 -0.1147248545742963755
0.9998587052582235124 0.01658946289646238276 -0.002712791948488722012 1.004591511316151653 -0.01659262066715297412 0.9998616765947246909 -0.00114569480320473498 0.3597138833986315287 0.002693410244440168876 0.001190545250303541667 0.9999956640622308379 -0.1195936512493239734
0.9998208299213695582 0.01876742292020689568 -0.002468175900943940949 1.036051031140385881 -0.01876967312288345749 0.9998234365308689142 -0.0008917031253187119883 0.3559747939961758756 0.002451005141572318129 0.0009378702136701298113 0.9999965564807001828 -0.1161844289373092642
0.9997716658172822735 0.02121568165298727202 -0.002551681981684024089 1.071193162998092419 -0.02121891301647801237 0.9997740770504971453 -0.001246028982663414334 0.3510183018384993581 0.002524670143937946323 0.00129988838966908272 0.999995968157291526 -0.1075720797053531519
0.99966664782961423 0.02570377033607372866 -0.00243092731533289157 1.110154782901877413 -0.02570576844298980493 0.9996692365710539985 -0.0007943061132231870594 0.3491948321944592371 0.002409706591567725535 0.0008565301842260795821 0.9999967298297460783 -0.1010013584071532133
0.9995191056250710693 0.03089436920269748171 -0.002663727092892430575 1.15022471364699852 -0.03089589185398162324 0.9995224662035618879 -0.0005323728924253860089 0.3448960821620434825 0.002646007748488988804 0.0006144151014865794399 0.9999963105617329928 -0.09577281032174980724
0.9993642276031052818 0.03551976382371520996 -0.003080091744785432625 1.195160798558559723 -0.03551764783068977333 0.9993687760591523084 0.0007390065000132102577 0.3432834287771824311 0.003104396853480776222 -0.0006291390462018723196 0.999994983439535412 -0.100920709443922646
0.9991776303994066577 0.04037935833505479355 -0.003683792865490542918 1.244281986388840799 -0.04037363943553500673 0.9991833488966667121 0.001613854507501445885 0.3396908453002607797 0.003745950901441533459 -0.001463799197708184679 0.9999919125391728558 -0.1133288356438507394
0.9989138080974284684 0.04642949560034675266 -0.003937757050824436736 1.29987622189339902 -0.04642029104881431611 0.9989191198889152412 0.002397602823308179424 0.3347574791534141392 0.004044820297282082817 -0.002212206738157128285 0.9999893727285856793 -0.1144062399514043787
0.9985351147642965719 0.05393777732267671793 -0.004282611369536570151 1.362892073548333416 -0.05392316144831172525 0.9985391002048350506 0.003458037237764293673 0.3265339938213230875 0.004462873745968097203 -0.003222039665770283848 0.9999848504944061078 -0.1098010671515187026
0.9980126056538145551 0.06285118863562003111 -0.004535090205640180533 1.433842228055352663 -0.06282550075363564634 0.9980088133757262225 0.005600435646434812759 0.3123651528778610409 0.00487805403193855916 -0.005304386059162660358 0.9999740337015741165 -0.1137190975969761542
0.997433205860719152 0.07145557141264852197 -0.00459359994993653771 1.512406713743910114 -0.07142205055522564405 0.9974209954067294603 0.007088625842551699724 0.2972444061119920988 0.005088274844676003023 -0.006742346471428633733 0.9999643244752105531 -0.1174158932486393248
0.9966787552826865682 0.08134712715182014497 -0.003755485627748128032 1.603705415397490341 -0.0813139270293556371 0.9966541600385343536 0.008278318002358932282 0.2803247071772928534 0.004416337761001191964 -0.007945450398130850939 0.9999586820357887484 -0.1120715623101610076
0.9957054551685767807 0.09253758056635885687 -0.002728136811445358318 1.706209758269221943 -0.09251040812756668175 0.9956727574703518879 0.00880820182879745936 0.2595529077778622185 0.003531421188185268015 -0.008517993561304816608 0.999957485521300149 -0.1054603089813758443
0.9943690832129887802 0.1059561916356804162 -0.001847106987498333157 1.817298884098878409 -0.1059334922719449845 0.9943256351225097101 0.009727618068542498442 0.2367777180472517007 0.002867327192712701509 -0.009477172166877097931 0.9999509796197457723 -0.1107010596729995078
0.9927518537004121901 0.1201773604861347267 -0.001076569078630625759 1.937582839013188174 -0.1201616304931161089 0.9927079173011713609 0.009600702307984277858 0.2029177359323158236 0.002222505710064941794 -0.009401752717250489236 0.9999533326681863121 -0.1109760777006263271
0.9907899028834656896 0.1354017981436404228 -0.001312022729049144333 2.067422652986321552 -0.1353850634639465478 0.9907533746313230694 0.008867651747130925535 0.1677404680129259418 0.00250058693827155936 -0.008608351532905785669 0.999959820867243665 -0.1133569614350760923
0.9883198104479075097 0.1523819112167915657 -0.001924944188781145277 2.205297055707382103 -0.1523617152124792651 0.9882914242994499388 0.008122092936923570872 0.1273310581951862253 0.003140065878836284605 -0.00773393755356960224 0.9999651624912709869 -0.1189941762496233291
0.9853878917551985861 0.1703033713412451799 -0.002732122261367758622 2.353587370508035903 -0.1702801062570255541 0.9853692043250958932 0.007226104124869751379 0.08426497589834146262 0.003922779032931027199 -0.006655289440236062011 0.9999701590183206479 -0.1217630851432942724
0.9819646556676738802 0.1890271838139951643 -0.003760159413736309433 2.513002495769679268 -0.1889987438206865711 0.9819533691516338925 0.0068597117984228375 0.03874753750602731583 0.004988973207897106493 -0.006025329128356069971 0.9999694023095035966 -0.1213271751782645791
0.9781630109098552461 0.2078095577734027366 -0.003508815439604812819 2.683176962685819511 -0.2077777298982747267 0.9781449442563208141 0.007802754905716291316 -0.01276201177232724748 0.005053617128949118575 -0.00690331252529398625 0.9999634019453372824 -0.1258530185760275422
0.9741957183235023798 0.2256976403631209271 -0.001810396275568044652 2.869131371118006868 -0.2256733532966916367 0.9741623210729049021 0.008905605744535895207 -0.07187175823970251565 0.003773594040415114738 -0.008267244787100773429 0.9999587054732052005 -0.1348654501710452314
0.9696679810398889376 0.2444256868188202647 -0.0003002818234533344982 3.072992905566303001 -0.2444127210104142522 0.9696278239953024514 0.009181761400739799073 -0.1336048766380599495 0.002535419947642756928 -0.008829867342305145958 0.9999578016538529512 -0.1312183643970054048
0.9654077613448662776 0.2607425803366053563 0.001077559512320685076 3.287197097352066777 -0.2607417912742454602 0.9653684764329490964 0.008799033618784415575 -0.2105301859979396562 0.00125404074555553538 -0.008775620145355978591 0.9999607071644729395 -0.1331413123112597519
0.9616928784194911373 0.2741224518662223608 0.001920671779468343483 3.512512694437604832 -0.2741291800827501679 0.9616688889268004692 0.006792694417706655885 -0.2929311518420802951 1.49797524053673177e-05 -0.007058998026902057327 0.999975084850849294 -0.1356515373554349757
0.9579904402658504514 0.286795653737904388 0.001602921173991096911 3.753528687875636649 -0.2867999628466596507 0.9579809993900834098 0.004264518581451052365 -0.3802950127248414525 -0.000312522633758821871 -0.004545085766512964136 0.9999896222086399611 -0.1378568792995723546
0.9541907956111418398 0.2991944475544365267 0.001614968597715797909 4.007513687915611911 -0.2991982970309772782 0.9541852290384743585 0.00330571301799191964 -0.47343697792218431 -0.0005519282011097910706 -0.00363747678889489055 0.9999932320460329649 -0.1453396775222577375
0.9519942673602224126 0.3061093032266443137 0.002002346466456366054 4.273886068369872504 -0.3061138286892063909 0.9519913914259560128 0.002591242193877414668 -0.5710747893562774236 -0.001113013256259345711 -0.003079793657122486573 0.9999946380218850406 -0.1504788546753940692
0.9496865563010012945 0.3131963053430509292 0.001875926599728359621 4.560695259852840522 -0.3131998293074239603 0.9496850741807391083 0.002031452712841684983 -0.6749149898840917094 -0.001145296007879515691 -0.00251678322197512478 0.9999961770423264618 -0.1525051676599915307
0.9482657636071647467 0.3174729774687573003 0.001717599383622542145 4.864766427166183682 -0.3174765196599286243 0.9482628562062018762 0.002492991029884725727 -0.7855058282724349805 -0.0008372784122715160818 -0.002909315517101974946 0.9999954174135411433 -0.1577815378682033143
0.9479742345435467898 0.3183411216090381024 0.001944462464581257462 5.188971279477661014 -0.3183458017868792123 0.9479699773548212471 0.002978677318674016316 -0.8993064709700964166 -0.0008950565599783061061 -0.00344272081345383665 0.9999936732535636974 -0.1560914806813353262
0.9474848775939515022 0.3197919021052373356 0.002355011398922495034 5.528342797876552694 -0.319799429592542872 0.9474754934740156065 0.004302801233469722916 -1.020820353303675043 -0.000855314596498978931 -0.004829970402064513897 0.9999879698390656824 -0.1619784937570792338
0.9477277048847083663 0.3190584005448360849 0.00373288571135588134 5.884280232000925537 -0.3190763303923339622 0.9477091340609670178 0.006139430004010017553 -1.141950310732037899 -0.001578853167721227168 -0.007009583381554141367 0.999974186148568478 -0.1665353022527197302
0.9481983149610870854 0.3176390331739036843 0.005039852111197311822 6.257211363104575597 -0.3176692100491650406 0.9481743594118583474 0.007187290216177437754 -1.268092959658532415 -0.002495694631658154292 -0.008415982311044421793 0.9999614706327667468 -0.1742146760706207442
0.9493114663338919623 0.3142914339594362061 0.005351114530375383066 6.644032780575097163 -0.314322911889010792 0.9492924904826903765 0.006698848765603754307 -1.40072920284907898 -0.002974382054979156885 -0.008041271845463469209 0.9999632448237777416 -0.1834472263140699555
0.9501115032875699917 0.3118531446541282781 0.005978920468218681256 7.043643363463327312 -0.3118881950963230398 0.9500981434264240688 0.006266707047566200811 -1.541014021672283185 -0.003726268937139107663 -0.007818825167083119643 0.9999624897428976977 -0.1933128993914636773
0.9510106037590619898 0.3090953788278860137 0.006235248597291327168 7.46034547753430477 -0.3091365578266151992 0.9509893951385672839 0.007332049447029618389 -1.681747730672262353 -0.003663352690662267323 -0.008900400059970805383 0.9999536802901604071 -0.2088326990059340138
0.9514325219903296826 0.307763531928152978 0.00760029698297827374 7.893956413170403863 -0.3078359377122935614 0.9513676002183856228 0.01169293408443298696 -1.8142920639013842 -0.003632017609214896383 -0.01346468231406579633 0.9999027506604167836 -0.2161385913895705058
0.9521436805909598844 0.3055112975711604117 0.009233556578374369633 8.3414109300554653 -0.3056297854577481043 0.9519979187321432335 0.01704103784158658708 -1.957385939987337675 -0.003584097062165525829 -0.01904756640763861572 0.9998121545881484273 -0.2260231500853104869
0.9530419798266313025 0.3026249037520685747 0.01136452010364677641 8.805183779379905928 -0.3028085931707379386 0.9528023902519691113 0.02178442177550081807 -2.098350839597960871 -0.00423563337571580302 -0.02420274280294752722 0.9996980977528769907 -0.2410968827803286474
0.9541271235864587918 0.2991616443671430425 0.01198926920948274744 9.280785256661218341 -0.2993664328526143281 0.9538646404780389831 0.02284702446277599164 -2.248431086305089366 -0.004601186556917275482 -0.0253881504889304499 0.9996670800306569626 -0.2443925735400202526
0.9560392945898231742 0.2930471214013946613 0.01059489681637176481 9.766867595305660288 -0.293216517392052789 0.9557864180662619669 0.02227996787566510761 -2.404530086688850599 -0.003597378027022407783 -0.0244071235179594663 0.9996956292756860041 -0.2447760549522519646
0.9581828767322945195 0.2860490440531259781 0.007843413371573189352 10.2594438654152178 -0.286154643125255459 0.9579167021207287691 0.02260778662329929189 -2.556753440128787691 -0.001046400918515204715 -0.02390682317748918373 0.9997136434252950066 -0.2483596362235469812
0.9598891315152152659 0.2803529556143981583 0.003882715188761264556 10.7597650389362034 -0.2803644580560328836 0.9595993716339751289 0.02376587087878469576 -2.705492172998644751 0.002936981088248443242 -0.02390117649722236712 0.9997100119055204459 -0.2557890661787839415
0.9625032817713672362 0.2712700331092169348 -4.142791737824165125e-05 11.2762529126142006 -0.2711613020372923288 0.9621217901713284837 0.02816396909099627699 -2.842767702594580559 0.007679899529832547207 -0.02709667902977429266 0.9996033158852410949 -0.2615656525507790153
0.9647614824964779734 0.2631165100880549779 -0.002232489704476421904 11.80527165038518334 -0.2629181751265251554 0.964301989674037241 0.03155480785602739896 -2.980918272359748045 0.01045538518353048701 -0.02985590108798280573 0.9994995298102389292 -0.2715047011178066683
0.966838149245341838 0.2553866844751669363 -0.001278497799637105196 12.35158573939742155 -0.2551784244486648423 0.966229185636782284 0.03584874502095539844 -3.116942905066716119 0.01039061402127922605 -0.03433368923465619782 0.999356409357441855 -0.2847036226247487978
0.9691011197732779525 0.2466637089858113863 -0.0001852661375679988604 12.9061986923728611 -0.2464832907781551452 0.9684204674972732851 0.03752046774140962299 -3.253199631961487093 0.009434353255533602448 -0.03631546229535969478 0.9992958421693368676 -0.2925045817510218971
0.9704548167380191437 0.2412809668728084223 -0.0009714396020525820985 13.47611997762609803 -0.2410807626338632992 0.9697986358358053893 0.0370225852539471656 -3.398649509601144203 0.009874945967070824018 -0.03569455078767141271 0.9993139569155500279 -0.2943183193302920664
0.9717364148917728706 0.2360076516007555969 -0.005359884250668804813 14.05929782333254963 -0.2356582042215382145 0.9711354706328966246 0.03689320346218425556 -3.545737437588795338 0.01391225202345006996 -0.03458736856886775873 0.9993048399658220893 -0.2915439407031378827
0.9723514891589960518 0.233218684121624914 -0.01190071035108862703 14.65904323386720876 -0.232641194598382034 0.9718471119315278406 0.03729967300374335132 -3.6967438827969481 0.0202646516407390398 -0.03349979711768685808 0.9992332597982080955 -0.2842241241998044732
0.9725000233599443433 0.2323597167972353827 -0.01589548913422714205 15.2771037892756425 -0.2315904820237152661 0.9720004947247112836 0.0397603683451215606 -3.848674471634472738 0.02468913123078626121 -0.0349857151538323155 0.9990828026416248564 -0.2824611739571775693
0.9723473397968034337 0.2329305976736858741 -0.01685192741081208839 15.91783481107546372 -0.2321204181977344905 0.9718624213637496734 0.04004429293542763335 -4.004301165417274433 0.0257052960649872958 -0.03502528527177142109 0.9990557878045862594 -0.2865188053705174931
0.972377993156073317 0.2329932878879574509 -0.01397019058305254934 16.58009504931672495 -0.232305535504459898 0.9718548312364996278 0.0391449252938484496 -4.171324371955494215 0.02269750205977649066 -0.03481831129498138416 0.9991358809485385573 -0.2762926654320535524
0.9721892728271021022 0.2341369888504802321 -0.005280932866514173249 17.26189624607317086 -0.2338249713278317543 0.9716697388496070564 0.03440641491749970443 -4.343719750930226553 0.01318713704521175777 -0.0322147335231347115 0.9993939715450480543 -0.2883655309944984646
0.9722410585370778735 0.2339791390973604557 0.001042382828129362511 17.95704888554610434 -0.2338726406144135128 0.9716433892063249811 0.03482401733986974224 -4.517753734273354027 0.007135269213120186936 -0.03410112430557424301 0.9993929163518980863 -0.2885495654112937847
0.9723942799353749722 0.2333058151375837219 -0.004214376816462708786 18.65534691313968096 -0.2330028067338746067 0.9717907458482644145 0.03650257987883414462 -4.692272048945540064 0.0126117565430120919 -0.03451293825019245698 0.9993246723113755614 -0.2651986982189460385
0.9727435150918298801 0.2314028884686875065 -0.01492504791077891961 19.36174381305760051 -0.2306845064904655684 0.9722437857818299056 0.03907274592174875272 -4.868301416611664933 0.02355233135044667789 -0.03456478290056725494 0.9991248988344727522 -0.2510121769423201421
0.9730470453483619497 0.2289011241733821811 -0.0279950511873913524 20.09223495466294906 -0.2276948889084013383 0.9728855214605726109 0.04060541463130944162 -5.045699064216451646 0.03653060502939368959 -0.03313664866204271697 0.9987829981590770068 -0.243588612908642782
0.9744426227890166103 0.2233718665665105629 -0.02380302751028515185 20.84056410775852441 -0.2222805471818622702 0.9741005644876239433 0.04146623457012114933 -5.21937752024453161 0.03244893274969593705 -0.035115516392122334 0.9988563296450196916 -0.238834047563354579
0.9762887277219673976 0.2163713174107396719 -0.006616126129634756006 21.60682478551259322 -0.2159576840196834047 0.9756186391598369312 0.03912223966955964694 -5.393447651163651102 0.01491974650846541843 -0.03676579831649023911 0.9992125285635055087 -0.2462246016661747139
0.978172425422320968 0.2077320913564222604 0.005107285394501418982 22.37286927192518249 -0.2077781392865827581 0.9774863609560298094 0.03672409263063779183 -5.559151886488029604 0.002636470750694288982 -0.03698367701601999735 0.9993123919257458354 -0.2361087344174207514
0.9799284830532619672 0.1992491502793069802 0.006320143503678959072 23.12407151926741733 -0.199347016344090161 0.979270559470974078 0.03591571283038249435 -5.716640570867648208 0.0009670447983447774589 -0.03645473174197817745 0.9993348374583858051 -0.2146650461106804908
0.9817292549320976169 0.1902786526705685377 0.001305506928947339738 23.86018924389796325 -0.1902118127461767394 0.9811503786261253079 0.03410866185625602287 -5.866266504861194164 0.005209251604768697606 -0.03373379403038085506 0.9994172776363404731 -0.2054763368434524007
0.9835153928826233516 0.1808059363058007463 -0.002585606219405850101 24.60519494919225991 -0.1806159540666279484 0.9829674983549682166 0.03395253030890672818 -6.008458409380950549 0.008680385909673373618 -0.03292583445196498038 0.9994201020222182041 -0.2037499192024786465
0.9854365666103902521 0.1700311034001430188 -0.002048673633308524967 25.36228370946390243 -0.1698679472825336545 0.9848953052726321378 0.03355768373930284598 -6.143573361659818488 0.007723579037228090784 -0.03272096466271395138 0.9994346826073213785 -0.2048463807001034975
0.9866840835421104572 0.1626297708474174208 0.002465140722564541399 26.11547771355341752 -0.1626216238876659337 0.9861327382049017709 0.03311238566822469198 -6.27032803935888694 0.002954103722631708402 -0.03307234909436024967 0.9994485944742614869 -0.2018864668140017971
0.9877386587276971719 0.1559550898250381956 0.007095915196365350577 26.86839072678320406 -0.1561043793255332546 0.9872065245009867818 0.03247615645473863472 -6.394118856050732269 -0.001940311882086816686 -0.03318565865470961967 0.9994473208976315526 -0.2093992597012764023
0.9887598151304101135 0.1492350704092964275 0.009106137666955702731 27.61833656433129391 -0.149451481181747281 0.9882623525687990185 0.03165086519772478124 -6.51085245973292448 -0.004275833937263389881 -0.03265602938379131431 0.9994575033432016031 -0.2115129069899268355
0.9894703323518408977 0.1445044221747485147 0.008181281530395738064 28.36086247995866572 -0.1446825175907317518 0.9890585336208631562 0.02881295152106986071 -6.62776829285826441 -0.003928167402891417914 -0.02969324912652668291 0.9995513395804964674 -0.2121193674196024115
0.9904747776933492398 0.1375827925812874442 0.00553985007423004553 29.10287970136950264 -0.137678176938921093 0.9901723675774241062 0.02456424395119224252 -6.74500078310917317 -0.002105789183571305564 -0.02509298052549727154 0.9996829037151037101 -0.2196910118833878267
0.9912325829087124118 0.1320793018674763508 0.003608960836937046609 29.84300364306128728 -0.1321272467335151413 0.9909761779426135009 0.02255228194375160158 -6.851357183096800973 -0.0005977045618832458858 -0.02283139874054399346 0.9997391509692951095 -0.2228244951136439667
0.9920067877278764268 0.1261478027162003801 0.00304384160140362724 30.57953317306876784 -0.1261841826919222476 0.9916597010004887247 0.02624098797669239397 -6.946991981104520875 0.0002917879220212092227 -0.02641532285428123752 0.9996510118928068067 -0.2248271822276289023
0.992618922364473466 0.1211583511958589515 0.00532248997108722248 31.31609998409764017 -0.1212631498881321934 0.9921826978352548121 0.02947443969889536677 -7.039731205974430139 -0.001709807942374476884 -0.02990230847035620435 0.9995513636151690529 -0.229407744967021987
0.993149232248695446 0.1166893757456326786 0.006179973456370068535 32.04493316300876415 -0.1168018200305935284 0.9928894524832200252 0.02297542132611395463 -7.13675381380077134 -0.003455042889418977019 -0.02353985419806516044 0.9997169289068611464 -0.2376722518305048604
0.9937932139888768779 0.1111417486300505103 0.004749688528004994068 32.77077395598996645 -0.11120898221419874 0.9936404265848367556 0.01764270192418599878 -7.229106377518716542 -0.002758641792699198861 -0.01806140547571843599 0.9998330738316777433 -0.233617652471441728
0.9942829998458674323 0.1067310878620542636 0.003129073550632798916 33.4867279793490269 -0.1067732348850005397 0.9940657604921609991 0.0208024068158974354 -7.308239655476868712 -0.0008902413691359537407 -0.02101758075811878054 0.9997787099000361444 -0.2292481389827797367
0.9947826330855230603 0.1019732795267576098 0.002993856040512202134 34.20792897255640241 -0.1020098040879105494 0.9946357186185991184 0.01714021931041273539 -7.390414234785890102 -0.001229951779404841409 -0.01735619516543576712 0.9998486133950477139 -0.2319511068112003194
0.9954485370242300846 0.09484564180025770175 0.009301310005437818731 34.9282085857308644 -0.09496851719801388536 0.9953845841623797375 0.01380254878987616923 -7.46897068864574365 -0.007949268993472929576 -0.01462305861930326967 0.9998614780453769502 -0.2448418361165257406
0.9959456478326489393 0.08763006386085595012 0.02032826778029676179 35.65080242604143734 -0.08796050786964892954 0.9959958912798081432 0.0159729023365831127 -7.536248887662546636 -0.01884716473421328697 -0.01769622732344102584 0.9996657581011757499 -0.2632148231436837738
0.9959827348314318485 0.08586109771836324123 0.02542171938125936323 36.3630862099115717 -0.0864030754276822327 0.9960379068287754656 0.02104748718469473187 -7.594610478094995898 -0.02351383580660701411 -0.02315944858474209764 0.9994552213415619502 -0.2692808437686387002
0.9964231476304488133 0.08192611426978139988 0.02071286235370360662 37.06179599041455219 -0.08239110967620245918 0.9963417110290498924 0.02269140608312378987 -7.658223868105556775 -0.01877806999009023342 -0.02431679798739899701 0.9995279272852196639 -0.2687373542234059998
0.9968589457834415857 0.07843278825899800688 0.01097906815010476871 37.75143037801905876 -0.0786420638267488481 0.9966994369580859381 0.02014095738797149274 -7.720743870809467779 -0.009363119597389607876 -0.02094111012706124583 0.9997368663293613178 -0.2873494911103841032
0.9970343559112844201 0.07662141897765219201 0.007186882941951360133 38.44855160389946036 -0.07675268080431245366 0.9968449179615661571 0.02022957052311441864 -7.779492428901242818 -0.005614189337879370648 -0.02072118934929683895 0.9997695300368125704 -0.2958973031921118824
0.9971736267486417393 0.07387029085227822534 0.01370905709231227433 39.14826084660023753 -0.07418947225392413802 0.996944336840458134 0.02445222788261369393 -7.833999005746390409 -0.01186087364592837944 -0.02540018447056772294 0.9996069979272936834 -0.3193515293390783993
0.9971676662694358706 0.07121379376431741237 0.02419175323245930861 39.85031838762255063 -0.07192742892786926912 0.996957573343116854 0.03003401274605244087 -7.886721215010625841 -0.02197931560793587799 -0.03168899700995587293 0.9992560818698627001 -0.3372574766258932266
0.9969790381223272435 0.07101956718998515827 0.03144866643955575303 40.55046610437683796 -0.07193011476591987252 0.9969927802931184413 0.02883495505734949213 -7.942346533031848566 -0.02930624736196793881 -0.03100995194360920901 0.9990893487301394371 -0.3440030218486265223
0.9968529703791769725 0.07177892977653119178 0.0336443262133071172 41.24316611745513228 -0.07265717776678483342 0.9970270794172564344 0.0256502909859074521 -8.002705032653167905 -0.03170315386798999019 -0.02801407055091602316 0.9991046601262506544 -0.3590865660657261982
0.996948348529059003 0.071577206672111926 0.03115596010717096992 41.92664024806128964 -0.07234493420943916009 0.9970847553574611055 0.02425285814051122285 -8.06030018268609183 -0.02932918102187260026 -0.02643282275447740581 0.9992202485047111393 -0.3810604761519926775
0.9971352570855416264 0.0711916088724964119 0.02555452803509276546 42.60083396522610855 -0.07190878007561152252 0.9970086024500689481 0.02833679566566750518 -8.116072608174185632 -0.02346074220880889002 -0.03009321296747736324 0.9992717308661872577 -0.3976855959390377393
0.9972909590609604358 0.07124535221777990313 0.01829870931607734466 43.27305993928690953 -0.07180243976599837152 0.9969104388010896489 0.031843157083884778 -8.166042216275826604 -0.01597349739161678731 -0.03307078464117942096 0.9993253577210461369 -0.4103404941117867466
