1 0 0 0 0 1 0 0 0 0 1 0
0.9999964327056741764 0.0009562867950301330751 0.002494011124996359154 1.432193751455056896 -0.0009594676778795014271 0.9999987275043741297 0.001274523992563849966 0.2411898836517597511 -0.002492789140914073408 -0.001276912369024349111 0.9999960777408583024 1.37099686960037026
0.9999576472620793632 0.004770792079623870259 0.00787040183343942594 3.468210716937893068 -0.004787322527014101735 0.9999863715881227577 0.00208283005623637052 0.2904332237841251718 -0.007860357823226105448 -0.002120419994674742868 0.999966858747797227 1.441653185226108524
0.9999803813630918636 0.003816282360782921601 0.004967180072047278593 5.900904421013080992 -0.003831654828528319179 0.9999878882398770541 0.003088979576846758238 0.2898517117167878077 -0.004955331492481819533 -0.00310795149478525299 0.9999828925173198657 1.445304350467664145
0.9999910950994232994 0.002288295232545379306 0.003545902816608684401 8.688053697245532447 -0.002301960037529770554 0.9999899221966689344 0.00385441112047003832 0.2519792415594421797 -0.003537047051106225783 -0.003862539323903026265 0.9999862849500135153 1.432532965321953622
0.9999886604751464514 0.003514090154822171238 0.003214045971382039485 11.39803184923403201 -0.00353736550788944816 0.9999673530550017286 0.007264975529004839838 0.2120565557214017793 -0.003188411263618490255 -0.007276262402994206069 0.9999684445216543427 1.420303157173583575
0.9999962339321483151 0.000894016349389855562 0.00259477480471658568 14.44504112682958308 -0.000907031775056316744 0.9999869924842375024 0.005019178786280735841 0.1510787350593899014 -0.002590253825246967376 -0.005021513426909860779 0.9999840373666092352 1.430642631750189464
0.999996428042020491 0.0007177855765721977274 0.00257462367468150018 17.10791545562498328 -0.0007280055891983910248 0.9999918514285266458 0.003970778816503260297 0.0868166072875078132 -0.002571752527414225206 -0.00397263897347343263 0.99998880205156504 1.425238718700328144
0.9999926777095996533 0.00108984995497387791 0.003668344893863730895 19.75162762248281823 -0.001105269523086135474 0.9999905522800867086 0.004204013540481971178 0.06642709521966735919 -0.003663728492400824318 -0.004208037267285336634 0.9999844346368053083 1.409358823765125113
0.9999915299657127221 -5.817788833006960807e-05 0.004115411542765035416 22.39552905809241778 4.07148410391254385e-05 0.9999909963924222822 0.0042432860370593007 0.04440617835605481512 -0.004115621354635700009 -0.004243082537954302215 0.9999825288030993464 1.401583222490777159
0.999988980049480336 0.0005356113167827369426 0.004664000441394066006 25.03965710734126304 -0.0005621203466069956464 0.9999836862496425116 0.005684299015040259265 0.02189886139070720827 -0.004660879779174765224 -0.005686858103891066253 0.9999729675569186682 1.392728928594328508
0.9999897187566559875 0.0004498923394349365061 0.004512203216489246022 27.69798937661308003 -0.0004759231918754960183 0.9999832426058256063 0.005769575777647337027 -0.001224795411922108279 -0.004509531915777199515 -0.005771663921391957316 0.9999731756489665946 1.368475151565314407
0.999995594314062819 0.0001746541765160028491 0.002963249632217116597 30.34583051361791917 -0.0001960614966009480316 0.9999738763705067202 0.007225519803589320646 -0.025043411316625519 -0.002961910254170432421 -0.007226068949376027867 0.9999695050426213871 1.351793306520671312
0.9999981549080504406 0.0002982105403137596416 0.001897696226584710561 32.99102473034834304 -0.000313342108894155123 0.9999681233167114769 0.007978356170095887712 -0.04732033509452876485 -0.001895256504418818023 -0.007978936077432826485 0.9999663717254969608 1.350267760571945974
0.9999993675042742058 -0.0001636090733440644356 0.00111275474505247835 35.63743630639169879 0.0001552261923568393676 0.9999716418621330538 0.007529367594900651661 -0.06763637303768715858 -0.0011139550622550746 -0.007529190103925728107 0.9999710347807571065 1.353785732667720065
0.9999990404146307243 -0.000392695171683477744 0.001328518091632461921 38.28499587993647424 0.0003850358995083445887 0.9999833333250734979 0.005760626652643715574 -0.08862797080538059591 -0.001330758119925658841 -0.005760109597672236591 0.9999825249574360031 1.357505730078292228
0.9999989245789147052 -0.0003028173408080578116 0.001434971314074724291 40.93647778938274939 0.0002965664802737920966 0.9999904760150262195 0.004354299893679116663 -0.1094551312923169595 -0.001436276204944375925 -0.00435386964658129004 0.9999894904096561232 1.350428219979822098
0.999999144881367652 -0.0003981873522527823233 0.001245665832366035439 43.58840870235281528 0.000392807611445789896 0.9999906087283206846 0.004316034909847162732 -0.133130327170863344 -0.001247372724492764673 -0.004315541912105022582 0.9999899100287417131 1.325076142788400357
0.9999992834080317916 -0.0003140913198079680431 0.001155218622436932465 46.24250447222067351 0.0003083272741324448842 0.9999875204488943847 0.004986369497353259315 -0.1561039280022847586 -0.001156770381203569469 -0.004986009738752044361 0.9999869007087893724 1.29736626867151239
0.9999984902824746724 -0.0001256205957774409246 0.001733104796985197957 48.87941835189290174 0.0001162539843647131813 0.999985393854572302 0.00540356942465647274 -0.1779737810563712941 -0.001733758282614941823 -0.005403359786455041655 0.9999838987629928733 1.288259348779641433
0.9999989306854653037 -5.837318647538480767e-05 0.001461239370188848136 51.53418048791588291 5.056445043307762909e-05 0.999985722766694618 0.005343379642856044102 -0.2007020680455934569 -0.001461530417829746227 -0.005343300042336822896 0.9999846564190348897 1.271726805608312638
0.9999991251422857275 0.0004456498474292560014 0.001245436018696329796 54.18834424436569464 -0.0004529987065857224698 0.9999824533271672866 0.005906592075941800163 -0.2233215627970733808 -0.001242781893580505257 -0.005907151089419762635 0.9999817803636082969 1.26384677121974387
0.9999998019285739614 0.0005125390295928389283 0.0003653033752916265875 56.84599164799993076 -0.0005152098247825380364 0.9999728632667875816 0.007348965155655472724 -0.2467137750048736533 -0.0003615268306819984824 -0.00734915190792344037 0.9999729292658801061 1.255800717875442452
0.9999983239709810956 0.0004551554293239754609 -0.001773383422702984064 59.50472182022697609 -0.0004391940269674722108 0.9999594877048775254 0.008990553798600805363 -0.2679649106809969816 0.001777403678244460694 -0.008989759870764968755 0.9999580116453042899 1.245558353206041025
0.9999945370363574337 0.0006866952251378060463 -0.003233318281412591363 62.16437324167664258 -0.0006553811137195773937 0.9999529722117058705 0.00967594132739890006 -0.2889791877463404046 0.003239810648313203988 -0.009673769412346940044 0.9999479595520558428 1.240251457840140237
0.9999946188968742433 0.0005470640850752469695 -0.003234640348161419397 64.81898886367949331 -0.0005112014394737760285 0.9999385118402536188 0.01107750927723603201 -0.3125351953187855414 0.003240501563556633016 -0.01107579611521407499 0.999933410727949834 1.243884936332633862
0.9999920166687908951 0.0001241064501112102878 -0.003993894875136686645 67.41078280808601164 -7.413733660348371837e-05 0.9999217555110044842 0.01250909107194761102 -0.3314284150495986347 0.003995134833760136464 -0.01250869511100174275 0.9999137820053687342 1.246698969969843418
0.9999899112694322634 -2.160495255668527516e-05 -0.004491869608411838168 70.06351181431713826 8.574984921586816693e-05 0.9998980244952317964 0.01428052021097740189 -0.3515762171436913608 0.004491103017779524142 -0.01428076131579824465 0.9998879386460889362 1.256988878061400028
0.9999870849231905501 -0.000508938633513909746 -0.005056774494374923802 72.77444433853116834 0.0005896872855009700678 0.9998721413886536569 0.01597977295750553292 -0.3717632782590298279 0.005047995218397326699 -0.01598254849313536854 0.9998595280777893279 1.263858617288666331
0.9999878111572655381 -0.0009252841434395868815 -0.004849885169253825325 75.41801855766024687 0.001009389405478257817 0.999848654719547425 0.01736803928310255013 -0.388327728826503682 0.004833080790671431121 -0.0173727230095107564 0.9998374016935481778 1.266240692143284496
0.9999870859353443553 -0.001464611920489900009 -0.004866505364272400574 78.05854445883900894 0.001564525658118017535 0.9997867602993139036 0.02059092493472302818 -0.4035440304536815348 0.004835309918011827454 -0.02059827279469487668 0.9997761404113783001 1.285301294985989884
0.9999816082542428708 -0.002601480590261799272 -0.005478635961305639186 80.63326768283175738 0.002748157397805700911 0.999633345325973699 0.02693738189430244789 -0.4185721053684891002 0.005406550117672641147 -0.02695194262277023078 0.9996221096017654517 1.290662477038351685
0.9999905607639038019 -0.003696639479932692374 -0.002283251989737811703 83.32278153712910296 0.003760578829888534726 0.9995820054494896079 0.02866482911933770916 -0.429805219774747338 0.002176334063840591054 -0.02867314489434390559 0.9995864716631125413 1.319795093154370491
0.9999890972788877397 -0.004569405570575985238 -0.0009622141585254019797 85.94670214212513315 0.004593823019400964693 0.9996215958409125912 0.02712124478215511766 -0.4377968651668114886 0.0008379220856973486906 -0.02712536932833806494 0.9996316882859304087 1.32931860312590433
0.9999839233622502821 -0.0054963874300844014 -0.00139382289388977846 88.5671715220700122 0.005532657210596167094 0.999606191828847912 0.02751092440501622799 -0.4485442484540118069 0.001242063295955292456 -0.02751819366613458134 0.9996205311497567969 1.333338150734514782
0.9999821667622141863 -0.005619704185411820985 -0.002021158681456561215 91.18726342638167637 0.005681127134740877535 0.9994784225493826835 0.0317900558772149372 -0.4547549419057121955 0.001841453780596533866 -0.03180097141701809793 0.9994925248669486173 1.336143817091899111
0.9999863160320796585 -0.005144031859957913337 -0.0009521999861044081262 93.79727610289633333 0.005174826042354546511 0.9993455304400741257 0.03580128440263304762 -0.4593260428149019692 0.0007674138526039823082 -0.0358057219682913902 0.9993584748979258414 1.349738742857909735
0.9999894795038111184 -0.00458087370574314541 0.0002376505604248374808 96.41426130880125811 0.004569078343227855714 0.9993169862576052331 0.03666994000691469607 -0.4608594379644557759 -0.0004054686057950336315 -0.03666846837692171179 0.999327403317901819 1.338986899150370613
0.9999894670121259876 -0.004208583625913051539 0.00183130791182036152 99.0243692086176992 0.00413897051364792417 0.999325568872658776 0.03648665948568131923 -0.4630491314448038076 -0.001983629978436587168 -0.03647869544269095876 0.9993324621920914863 1.329698394520906213
0.9999848547151858336 -0.004257610989075394717 0.003487562030174005696 101.6360974287855896 0.004129013828802163139 0.9993401762536785471 0.03608550082884120352 -0.4678718909473452703 -0.00363889887880489149 -0.03607055411180209309 0.9993426206967345182 1.317411795609086278
0.999981486433275446 -0.004386567671736500695 0.00421720461422693798 104.2676704327896999 0.00423452460214372977 0.9993638984749846355 0.03540998766272544784 -0.4761430864817739472 -0.004369850351078426523 -0.03539147424086491744 0.9993639717134931155 1.294921810554844566
0.9999808824114447825 -0.004438007294859525574 0.004305682626361711542 106.8643517368932692 0.004293320113824908475 0.9994444704386713507 0.03305023316050782756 -0.4818632265521283764 -0.004449967868244210888 -0.03303111564592511179 0.9994444172564861395 1.281430135899532585
0.9999828242677486489 -0.004424402139402501717 0.003843934859722375995 109.4782085144865391 0.004301715330104878554 0.9994989144662101976 0.03135945194173692802 -0.4855938349001254761 -0.003980755545832850156 -0.03134237780667283035 0.999500779858979449 1.264542226634641997
0.9999868226373854752 -0.004514884542887513848 0.00244343388505736123 112.094618494281562 0.004431885707462346509 0.9994465371725854697 0.03296934519828563503 -0.4903175229173331595 -0.002590934322255599408 -0.03295808172955647791 0.9994533765554277638 1.248326968627902822
0.9999897302362651397 -0.004429989277733089627 0.0009563561056367185596 114.7151054677960929 0.00439228772932483396 0.9993290556619016662 0.03636132998660408094 -0.4957327028438678895 -0.001116794745887206546 -0.03635675597314837887 0.9993382505761522205 1.237157808996893094
0.9999889773494544665 -0.004324105730095395561 -0.001829559845220809491 117.3367936121742332 0.004394913227862542494 0.9991636992211004875 0.04065202204719610413 -0.4998316303559829366 0.001652246141422963194 -0.04065961471092803536 0.9991716898582780892 1.226116847197321169
0.9999851071856534768 -0.005453693312825711424 0.0002064852215697092345 119.9832039250598257 0.005439850931772075709 0.9990681082859697026 0.04281732158524215875 -0.5032442744147511693 -0.0004398053401052017951 -0.04281556066599602473 0.9990828966287628177 1.23056630038696313
0.9999665329942878378 -0.007396936128162738024 0.003495458095821255343 122.6135870900072291 0.007243204377095371037 0.9990864483281478581 0.04211656155716954342 -0.5034833923215404905 -0.003803798330010145674 -0.04208983372458372646 0.9991065894164152805 1.233894333790056752
0.9999555834364396434 -0.008973143989552897354 0.002883373238483199173 125.2475523250461436 0.008848985891826387229 0.9991395942202051517 0.04051872049028752004 -0.5018761809342719982 -0.003244472680715299647 -0.04049140585885526583 0.99917461909748162 1.204912260699211757
0.9999497856128847229 -0.009987987407345457966 0.0008163089467427359297 127.8844986406870277 0.009946652426979459005 0.9991272165111195758 0.04056931515615187084 -0.4977595820393940773 -0.001220802294676467687 -0.04055915845148933691 0.9991763929894782459 1.174304020491982792
0.9999446866787800037 -0.01043558011354220154 -0.001312345446225996826 130.5261934389465353 0.01048214365325158583 0.9990310577863359409 0.04274424221748867464 -0.4885929427490395272 0.0008650128952709827462 -0.04275563408497862206 0.9990851853103830393 1.157596889627013681
0.999938022369800783 -0.01082176309720629843 -0.002615504280212325831 133.1026220231684078 0.01092681089931791041 0.9989631918434518365 0.04419441305768694039 -0.4763989609815364457 0.002134531035710746268 -0.04422025311337381831 0.9990195258311254101 1.15270261238439331
0.9999319878924740612 -0.0114241266060748272 -0.002347109007603187612 135.7927796979548418 0.01151849533510468371 0.998913264741164042 0.04516208353657195917 -0.462604939520354197 0.001828620961372368417 -0.0451860471322454299 0.9989769152938130503 1.152406127090579879
0.9999220424761510184 -0.01243336339397560844 -0.001149106189943559578 138.4432463037939272 0.01247309671686636784 0.9988610240936388607 0.04605514525977309759 -0.4462987583824928328 0.0005751770285022711395 -0.04606588782733325727 0.9989382379056602757 1.138736217263861095
0.9999116740002921278 -0.01323565565449981267 0.001208973667672021959 141.1068719726457061 0.01316783396063108368 0.9988995913923589542 0.04501349203254007003 -0.4277430355005706897 -0.001803426382990975423 -0.04499359660633727581 0.9989856475033599414 1.136178820367736098
0.9998928005249110296 -0.01426230407779056387 0.003312724081950690121 143.7655212789554469 0.01410552136861984406 0.9989619030973692082 0.04331455213899588347 -0.4080100801383872433 -0.003927050466941619557 -0.04326318114141657067 0.9990559921406583221 1.112957214058986066
0.9998825992182287514 -0.01464417019142578297 0.00450955208457406477 146.4228453824563303 0.01443504378159868318 0.9989553334903366055 0.04335748150243099591 -0.3862323039039081141 -0.005139775444730922301 -0.04328729571843074886 0.9990494445910886867 1.101759051363666364
0.9998633243633776591 -0.01578708973678347866 0.004909214871839661515 149.0237226606606953 0.01555876082628201117 0.9989318925632735269 0.04350860813111784992 -0.3627023048890924972 -0.005590845603815066192 -0.04342628026436719246 0.999040990464272638 1.074890459539538767
0.9998489784314098516 -0.0168091549858283909 0.004412781246388742043 151.753557982556373 0.01659404036477167207 0.9988517623118757793 0.0449421266834614877 -0.3361497853853543383 -0.005163153497467228188 -0.04486211358287049006 0.998979845948274936 1.052581975088510591
0.9998510156062074827 -0.01689511194205265895 0.003535786150350301617 154.4156195312534123 0.01671032003655295931 0.9987543802730920461 0.04701545585855595316 -0.3082412375159808704 -0.004325713295108235719 -0.04694936717121282049 0.9988879041848044427 1.03215346726096846
0.9998159384350031598 -0.01892264359107475799 0.003165882319211392633 157.0867803682216959 0.01875589527067565015 0.9987515413424618016 0.04629875871610677346 -0.2761566263189725867 -0.004038024755915280324 -0.04623085793690166756 0.9989226206921578699 1.01834603301545612
0.9998138797300962777 -0.01910467790476694239 0.002686481194383785222 159.762911153011828 0.01896748166491786167 0.9988442210628457607 0.04416397500959141215 -0.2389206587855483566 -0.003527114733556675936 -0.04410479941584498353 0.999020683534702636 0.9967666548134566096
0.9997982833395138158 -0.01996054263931661826 0.002229208134150667889 162.4171851018133736 0.01984996595608816763 0.9989285494391453302 0.04180588435791138952 -0.20465060278979888 -0.003061287785145500474 -0.04175320170895811117 0.9991232649999436388 0.974792855294083882
0.9997648550648591259 -0.02162099362363845839 0.001663493873676425306 165.0957495022448995 0.02153358328677894631 0.998909755661518628 0.04141986039421920174 -0.1712164455350036751 -0.00255721879637395939 -0.04137429973995740418 0.9991404445587495076 0.9597227878019916059
0.9997637070536663506 -0.02173344046272144073 0.0004331558197857326878 167.7674902103974262 0.02169531219685834691 0.9988581041393789217 0.04256525841301285473 -0.1349854093412994616 -0.001357750710447683338 -0.04254580309195085674 0.9990935947909330705 0.9406277995677094772
0.9997256797432424458 -0.02329545889288072227 0.002426284583873398754 170.4662219456005801 0.02316764207708267229 0.9987807212459713924 0.04359278871516983345 -0.09508326763021357486 -0.003438840284169328125 -0.04352461903736039306 0.9990464363157263161 0.9409473210728271919
0.9996977750170953358 -0.02385012116489547071 0.005960733703900566484 173.1440689452444985 0.02356345382036812222 0.9987423311374230561 0.04425516510240824763 -0.04901974988337676198 -0.007008728124587948125 -0.0441013346125243566 0.9990024774821480991 0.9227458236778096623
0.9996672042699477068 -0.02450885979498846831 0.008049627237092094392 175.7617939695657299 0.02412390669018286624 0.9987016627622421483 0.04486675742613928375 -0.003358815091486222482 -0.009138809173513113074 -0.04465763750448821512 0.9989605485600558943 0.9075631561473433973
0.9996392008637335902 -0.02560321749794056134 0.008120551106250746207 178.50270947846073 0.0252023401560531185 0.9986176146147616173 0.04612701845753792301 0.04680256316323627708 -0.009290325461181246289 -0.04590571897788554845 0.9989025752384207424 0.8790192823096776298
0.9996008511628883264 -0.0269629802925576631 0.008434218883356310245 181.1866894161865957 0.02654049309876867213 0.9985549788960856876 0.04672853890196019405 0.09864720396734133478 -0.009681971932588394683 -0.04648603893193032494 0.9988720176298441222 0.8521304417768096329
0.9995432737288273417 -0.02893479081140661394 0.008719049498575539778 183.8705824286300583 0.02850739997057013739 0.9985486041530295953 0.04569478406726747849 0.1532273064422506326 -0.01002856372450255766 -0.04542535662750930153 0.9989173964271956807 0.8148174118725666215
0.9995109962319246311 -0.03024139537164917402 0.007951504099298777398 186.5707158351909527 0.02986600575250965631 0.9985976142753648643 0.04371300108595363443 0.2128970808996848985 -0.00926229517218219757 -0.0434541455965379575 0.9990124859673267244 0.7761534319126652814
0.999480432251735107 -0.03175669881789579957 0.005511590158410939119 189.246936333728172 0.03149527377521726956 0.9986055891876710611 0.04236655488670790226 0.2752730711874400993 -0.006849326660989959147 -0.04217095355020772374 0.9990869318537587418 0.7314792703210979408
0.9994445324615887083 -0.03315952371419922384 0.00332753958411900275 191.9414487300621204 0.03298500554831803461 0.9985211138079889137 0.04321544502409740279 0.3439087728516000975 -0.004755622105870909409 -0.04308168133558409885 0.9990602348165426028 0.687610528832796053
0.9994133436266978698 -0.03415758538685378931 0.002495584389226025886 194.6360478711233384 0.03400844751307480207 0.9983809484988016569 0.04559503451455716727 0.4160858783386003346 -0.004048960194221814732 -0.04548341494625283282 0.9989568884021835515 0.665199931037222747
0.9993877416580430051 -0.03493339618465105684 0.001949270284743208955 197.334165708562324 0.03480264566208587929 0.9982798752011178278 0.04718121049061625716 0.4917665467721885064 -0.003594117215126810434 -0.04708448363789019542 0.998884444629105861 0.6393701079999336567
0.999324536663595997 -0.03665247158427855506 0.002658335729904831839 200.0358644569136857 0.03648938788547549661 0.9982512303224556627 0.04650812543466972815 0.568748638683214347 -0.004358324658919936201 -0.04637970985751541098 0.9989143744684526594 0.6205279666710468156
0.9992642959467390451 -0.03805983129103820278 0.004723990703375866192 202.7442050698765001 0.03781234278022173323 0.9982925480574850186 0.04452207571941078912 0.6492104164264695942 -0.006410427406880567225 -0.04431069549207779928 0.9989972315704731542 0.6115219725657332628
0.9991896668507278534 -0.03993597433024211746 0.005012745058930696135 205.467757147097501 0.03968202563060060223 0.9982730107543670295 0.04331665778039331394 0.7331502575622808049 -0.006733981035312492508 -0.04308264097877002874 0.9990488173986846743 0.5793721087155807581
0.9991616617506501319 -0.04079830881825607242 0.003386987636462045117 208.1712410707673655 0.04061520072261026737 0.9982484498227933711 0.04301671647920164709 0.8215229181676699799 -0.005136064440933037559 -0.04284309073771579157 0.9990686114667493012 0.553417509968355148
0.9991248779964364557 -0.04180972406677605641 0.001193793142062079399 210.872833189858369 0.04172369276308765529 0.9982592273274428774 0.04168511146474423307 0.9154810315933412657 -0.002934558027617451166 -0.04159882244819836095 0.9991300847938199281 0.5349730179910965333
0.9990870023351443585 -0.04272188516969186584 4.788029715436298083e-05 213.589398469822072 0.04268608291199200294 0.9982943732210536325 0.03982766275861691213 1.012752893197542692 -0.001749311466188196908 -0.03978925637318745517 0.9992065627219743895 0.519218826096358832
0.9990250392719087769 -0.04409840292044549942 -0.002074070304313031278 216.2894351220479336 0.04414564339976165958 0.9982760485698142228 0.03867936168887859544 1.110904057694906966 0.0003647966313837931436 -0.03873321199828454187 0.9992495209964894487 0.503104257432891
0.9989205136868626322 -0.04636983241102118208 -0.002765136117508215034 219.0120857754363328 0.04643804193294446409 0.9983149556771445665 0.03479594132618033658 1.21551718698140987 0.001146994772712776715 -0.03488678709074113926 0.9993906125682173736 0.4930743696803925324
0.9987671782612139726 -0.04963584221000919006 0.0006378057975815507952 221.7329056721767131 0.04959423340093819382 0.9983164301938715068 0.03007851755552627335 1.321359514498568366 -0.002129704558295662364 -0.03000980461562363644 0.9995473355401566229 0.4923576526263044872
0.9985960772995193802 -0.0527085757830973306 0.005261220479116469201 224.4585405188744005 0.05251879571431580795 0.9981282319469317876 0.03133382656507090191 1.430460553629895992 -0.006902934066782978779 -0.0310135233311125795 0.9994951279880558426 0.4798757447983212909
0.9985579045307803048 -0.05345023375083170908 0.005018347444971379447 227.1864257015772353 0.05323944743819124248 0.9979512336662558214 0.03548093094147973525 1.547883011756999494 -0.00690453007619429987 -0.03516259000670220181 0.9993577536240200176 0.4456447635272484664
0.998631443389391027 -0.05215683358543682369 0.003860697393298884086 229.9161034490309419 0.05200687403589480257 0.998132383658755673 0.03204730479627343476 1.673721994744708175 -0.005524973034879564378 -0.03180266344241829135 0.9994788968612254854 0.4043977847104105461
0.998611708107944529 -0.05263428234976379877 0.002070930046798718453 232.6487382515568072 0.05254550179412338651 0.9981415551044051648 0.03086107929032167255 1.794643989281881735 -0.00369143209840935068 -0.03070941704567327346 0.9995215380539719252 0.3748967714077691138
0.9985120352708407587 -0.05450418082008836457 0.001734846510323337148 235.3808105006435198 0.05439655551529864325 0.997770810630218441 0.03865778320581624017 1.911329224478814037 -0.003837990014877905223 -0.03850589211338917295 0.9992510025540117802 0.3419358254514106576
0.9984763708041447527 -0.05496678998136080019 0.00485684516213403996 238.114322538264588 0.05470944269664736181 0.9975842177597109561 0.04280894014768109324 2.038110278031890044 -0.007198182104269754307 -0.04247799990454420582 0.9990714717669118006 0.3281633630477258645
0.9984362014928035434 -0.05537162228385387325 0.007689928106042927432 240.8520288884332672 0.05499424603949475826 0.9975704942344939541 0.04276379233995756396 2.168278835093869983 -0.01003914593824626299 -0.04227401658704452864 0.9990556156042710301 0.3082610299307344537
0.9984505807241510489 -0.05517832817414921459 0.007196523571242017907 243.6250537382291554 0.05480895210722622202 0.9975214692995850729 0.04412365641359337204 2.30256096711707281 -0.009613356360467093659 -0.04366085645407048743 0.9990001566532328292 0.2793388207461493522
0.9984296544180800703 -0.05581392876662571306 0.004799013880712151188 246.3535032450994322 0.05554015031069907404 0.9974279017310908602 0.04530863661354644217 2.433824009436018621 -0.007315523361878510655 -0.04497094844393965951 0.9989615092254527928 0.2464276320873732828
0.9984222944182403747 -0.05602389593370961374 0.003774267217017594853 249.0947571016617701 0.05580196668601852122 0.9974558364934671406 0.04436208695598345408 2.568291303569908646 -0.006250001807124348947 -0.04408148511026634825 0.9990083884271865333 0.2222890199801990097
0.9983837015385197411 -0.05670156703228074191 0.003862227120174259194 251.8201074507244641 0.05649190370005801459 0.9975320575775765697 0.04169483087134139704 2.700696846338120238 -0.006216857613570319664 -0.04140925501781173024 0.9991229275120666609 0.1934543681170683982
0.9983215889677994337 -0.0576974121861944661 0.00500136259677200299 254.5650459961350407 0.05746409239903034483 0.9976101332623600326 0.03836535021359839537 2.833317828713553865 -0.007202991431600791299 -0.0380135586241636958 0.999251262833909859 0.1598084645525956748
0.9983162137922256818 -0.05770906703991253439 0.005865224713346781429 257.3104651534745244 0.05746373757603587262 0.9977068719335007163 0.03576194290669437031 2.970668957200147009 -0.007915563362620229443 -0.03536468970671262368 0.9993431255472767782 0.1321465845280835882
0.9982887369842569081 -0.05819433643164451803 0.00574602624929952243 260.0578047792861867 0.05796307048453149674 0.9977238660038959539 0.03445823074746007242 3.109031367408426672 -0.00773822139656791478 -0.03406620632709989049 0.9993896204764671776 0.09965004718406644812
0.998261988407401879 -0.05863548364298722809 0.005906145854381383148 262.8076137462587667 0.05840465335214570231 0.9977246659367364767 0.03368066876181882718 3.250209063999394576 -0.007867589701804804728 -0.03327718496779196594 0.9994151939974214027 0.06627291251479761058
0.9981962928385569311 -0.05975089517722237398 0.005830222026850529968 265.5544759548509433 0.05953196730874511788 0.9977004206826504129 0.03240085551359572075 3.390304334161382105 -0.007752795090307214657 -0.03199532927136378158 0.9994579496272490982 0.03639429137422056648
0.9981147371944771862 -0.06113413772079745456 0.005439540452503089339 268.3054954646991632 0.06093416646628515426 0.9976467201105883031 0.03143325006493294382 3.533658087520219482 -0.007348384329830448015 -0.03104253626429591406 0.9994910515807637896 0.01162032191888795474
0.9980287796916799126 -0.06258904494326145151 0.004600691277030824131 271.0563410139860139 0.06241607239430396747 0.9975628962788850584 0.03118496231441381453 3.678645149008214155 -0.006541315923050631392 -0.03083633280357445106 0.9995030423991825286 -0.01314660540477574635
0.9979132758226352262 -0.06445964519623771649 0.003748076588381712201 273.8062668599740732 0.06431161731197045095 0.9974398344836058472 0.0312696732319945811 3.827725324496058956 -0.005754112933883994904 -0.03096337718163511693 0.9995039566994479152 -0.03576735664531427439
0.9978066115148800375 -0.06610575868686104084 0.003463334466645897475 276.5559986386419382 0.06596501503504442754 0.9973275804067222028 0.03140563884877079631 3.982686341949635889 -0.005530172566902709537 -0.03110829517198837948 0.9995007209416473248 -0.05976608876004108062
0.9977364941793854802 -0.0671516825112497967 0.003541146500409583352 279.3053344060959944 0.06701005394362355427 0.9972692369555844483 0.03104386722847174429 4.142586269790212938 -0.005616124384459130446 -0.03073630683629099622 0.9995117501004996408 -0.07699692005725733424
0.9976214368639565455 -0.06886562784475643018 0.002999001674282552807 282.0603698798955179 0.06875125836440937332 0.9972183540818176928 0.02878921248767659508 4.306153961988359313 -0.00497324670663661355 -0.02851455038919378793 0.9995810058385948826 -0.09491170341390464671
0.9975352172918322546 -0.07015018023894412091 0.001562841956413641787 284.8103158946423719 0.07008405795715379194 0.9971870241816405134 0.02657562085864646068 4.473554179597657665 -0.00342273031297822463 -0.02640058742164408043 0.9996455841451993285 -0.1121265332915453161
0.997467338998760944 -0.07112489840841172695 -0.0003955466143099704976 287.5647406067677707 0.07111078873180158577 0.9971236180589052589 0.0262249124890730663 4.643333429950206259 -0.001470835365383101143 -0.02618662130767485802 0.999655989582324489 -0.1322712020413954193
0.9974387859230942066 -0.07147134130997633006 -0.002777716259234699198 290.3206175616786595 0.07152177536704107386 0.9970227010075997098 0.02881612957801661656 4.816708059312861501 0.0007099187351119759862 -0.0289409924996258186 0.9995808696491376155 -0.1397199406014772993
0.9973791206897846262 -0.07226137459532593066 -0.003630888825908643643 293.0775910847688692 0.07233428180856882328 0.9969983486129307959 0.02760515419858127623 4.99618414042781378 0.001625203775122644649 -0.02779544215663576692 0.9996123109025850662 -0.1507399492151326736
0.9972885210863502436 -0.07347450551242258598 -0.00413554701403250069 295.8357623262254492 0.073551462157652861 0.997017481877794487 0.0233735586621546948 5.178229856756048299 0.002405852005350498247 -0.02361435728040911161 0.9997182473108918721 -0.1547337493198392977
0.99718998930579128 -0.07478329958839823044 -0.00442530575075870871 298.5950217790602323 0.07486094512714597249 0.9969673514387935587 0.02125885838392122668 5.359857937517034543 0.002822077778208659064 -0.02153040333549412905 0.9997642110063875709 -0.1554674416187018515
0.9971468148214411853 -0.0754112115089422691 -0.003373258099816906115 301.3534761525994554 0.07546487729896488028 0.996936245991864145 0.02057118669162075891 5.545475360261621134 0.00181162515620136421 -0.02076705579524728423 0.9997827000943207976 -0.1580974652202962183
0.9971434824898320892 -0.07548461384790720874 -0.00263598184405366455 304.1122008536602266 0.07552274411709483659 0.9969362096079815716 0.02035949639589670554 5.736357727054485878 0.001091077024624196971 -0.02050041572024939932 0.9997892490451291136 -0.1593904113617066187
0.9971268015964623865 -0.07568565177016510492 -0.003134270909544249577 306.8763093805382596 0.07573209741194074363 0.9969431018014935919 0.01921200645442887323 5.929285279838377498 0.001670616532131165071 -0.01939417145799227082 0.9998105196255241411 -0.1590302018069553736
0.9970607208566516499 -0.07654019059376379608 -0.003393839814190706232 309.6325599455906286 0.07659027690216435591 0.996889657551527697 0.01857256446610512299 6.121843488580955395 0.001961736186102662309 -0.01877790964586186287 0.9998217549645876945 -0.1547156383488432763
0.9970016036607804999 -0.07731426510744238145 -0.003210406318224641366 312.3886394338004493 0.07736234320643575746 0.9968127345421553542 0.0194792224742228251 6.32060551928218306 0.001694152130602004673 -0.01966918060028787982 0.9998051076000120663 -0.1612366470925650219
0.996846673342737355 -0.07932660143664882479 -0.002000037506869033373 315.1477056740813509 0.07935112594926831131 0.9966260896075853637 0.02097227512876503192 6.523368958136467555 0.0003296302491801023061 -0.02106484792264887509 0.9997780571336293276 -0.1675069314053503344
0.9967491808765100991 -0.08053674817003186881 -0.002214185223268950661 317.9149496352490587 0.08056610542291627042 0.9965013227115518957 0.02223098043522022532 6.73058361570843644 0.0004160276308316454585 -0.02233709981901123298 0.9997504092985838309 -0.1570983525312641405
0.9966287379509806144 -0.08187327174072032976 -0.005284511775542091033 320.6885633803207156 0.08197062118405661069 0.9963909279833897958 0.02204395370842442137 6.940134610425494621 0.003460628979761842718 -0.02240281247677251494 0.9997430360048501496 -0.1503168345724470445
0.9964640111798017674 -0.08356874594580365745 -0.008702822789509073384 323.4570885163211642 0.08374506067309318846 0.9962359055930845031 0.02237823093961712265 7.154787097234221349 0.006799943846813319252 -0.02302792018773344024 0.9997116962682328634 -0.1500000714364417842
0.9963551799304956047 -0.08466135131993672569 -0.01043125200309559172 326.2353897648786187 0.08488062057287762419 0.9961310890548503716 0.02276254971572615193 7.374455533929404893 0.008463786199628583681 -0.02356499546106400472 0.9996864785081805982 -0.132478274302977761
0.9962807095978306604 -0.08556372414120039238 -0.01017825104482550543 329.0059263040387805 0.08577513527972868701 0.9960591594976536678 0.02255608451331816283 7.596545642473776283 0.008208157587861850124 -0.02334523274495820672 0.9996937662389900892 -0.1108524290905987808
0.9961909604798112605 -0.08674911970566409614 -0.008840842075475209214 331.7663313697987633 0.08692706994053213398 0.9959659692146830556 0.02225921557043043092 7.824227556503764447 0.006874210490301165509 -0.02294293783606229237 0.9997131422731150296 -0.1028141901101120581
0.9960915784171309184 -0.08797847749093694325 -0.007832937178694760263 334.5357462034376113 0.08813359017833909126 0.9958578977743730576 0.02234989312464343014 8.054365714277636812 0.005834182782982403129 -0.02295288519518001724 0.9997195243529415354 -0.0788946948077959842
0.9960319039737485225 -0.08857504810880556523 -0.008654889886777828931 337.3152633252828423 0.08874699847514594397 0.9958098631533206513 0.02206097704584279381 8.288083622728667166 0.006664572610596507934 -0.02274153247007638587 0.9997191636518880653 -0.07357430691699318182
0.9959298408996797303 -0.08968649844619057399 -0.008948966532515065936 340.0857102542528878 0.08986895735234616545 0.9956960332908254552 0.02264905722801024632 8.521327833379034544 0.00687913584258998019 -0.02336110625327815493 0.9997034241237159335 -0.06044061041628223663
0.9957952598566791602 -0.09117606803671976512 -0.008872714597696949521 342.8695339540880695 0.09135572360948406023 0.9955629722283523275 0.02254994659941795404 8.760661635489718435 0.006777330651244134821 -0.02326570319617467936 0.9997063443051820153 -0.05190892046050543662
0.9957579359074903991 -0.09144683985809114179 -0.01017882887285149508 345.6445237165438584 0.091646181283221273 0.9955652593237795944 0.0212318601111235461 9.000388272132632039 0.008192101894941466664 -0.02207464399586119702 0.9997227613488646192 -0.04965572800973783174
0.9956067123786113138 -0.09300307223684876889 -0.01084909310314395754 348.4901951789418035 0.09320637330625633488 0.9954450635876648246 0.02004238893058310142 9.246252356457883792 0.008935672428417593474 -0.02096554157319727857 0.9997402661815690816 -0.0316556018513276527
0.9955361770844713964 -0.09368554647097301902 -0.01143409368823062287 351.2711348551807191 0.09391213334461712137 0.9953543624329014294 0.02121802055930883599 9.487039832873007228 0.009393153181915664396 -0.02219710720403799548 0.999709486353447363 -0.01960417308215545162
0.9954753355671315251 -0.09419883755811407633 -0.01246736861598939441 353.967023354356229 0.09444105082499680559 0.9953189173639537257 0.02052171183204126725 9.725484217063687709 0.01047588643396301505 -0.02160628936552987794 0.9997116704646773488 -0.01728462229564065034
0.9953545130238017347 -0.09514757333745189893 -0.0147082524843965036 356.7487865132858929 0.09542770678990679378 0.9952416545069316944 0.01968760806001629976 9.974256103371818227 0.01276503740574705392 -0.02099972433865390439 0.9996979870929671996 -0.0005429907414884471706
0.9952523571400258007 -0.09590190153382079086 -0.01660032799133616052 359.5370699909682344 0.09620427420137088459 0.9951898717793428162 0.01848936811258593618 10.22649425368967968 0.01474731272503708619 -0.01999860970199197896 0.9996912385218634789 0.03312503272738198667
0.9951077880365883921 -0.09735751069558794268 -0.01679301343078899722 362.2998676297244742 0.09766450890882955038 0.9950465610604004585 0.01854683319243225978 10.47296511262884167 0.01490415675324620152 -0.02009617956302223174 0.999686955840899949 0.07399532829414456891
0.9949793285761169281 -0.09879379565775710248 -0.0159975512423919039 365.0803226777497912 0.09910907086537193433 0.9948697913573578688 0.02028522409957177891 10.72694084755606525 0.0139114261821821697 -0.02176888109436263263 0.9996662383203092084 0.1098409388863244018
0.9948670012678603181 -0.09991199038167282442 -0.01603882683576726351 367.8748489713881895 0.1002625913172517091 0.9947000275845846451 0.02278745061599186245 10.98560943691556169 0.0136770819491942499 -0.02427857700111398301 0.9996116686634645143 0.1483473659685903279
0.9947747260327660657 -0.1005241730017407409 -0.01783634179845538723 370.7165770146964405 0.1009736465044379916 0.9945388303282505227 0.02639768324895548982 11.24683075121648201 0.01508532923180755034 -0.02806074859356899945 0.9994923847785617266 0.1813411865328089512
0.9946109880765819922 -0.1019123180473737456 -0.01904893245135306015 373.486004738841018 0.1024268520629739859 0.9943369994927573341 0.02833145630231472673 11.50679925044227403 0.01605373395179184731 -0.03012989993264608007 0.9994170634706283085 0.2289503423691230388
0.9944463826424241315 -0.1034634679604684304 -0.01927959665009709028 376.1981154893331905 0.1040170122016455395 0.9941125343094445732 0.03034353805171878873 11.76478041601336244 0.01602664100927063753 -0.03218042769210045784 0.999353574492788499 0.2944038399201549527
0.994185234502174997 -0.1055618772493340241 -0.02126992170770625884 378.9801230847850775 0.1062029959719838074 0.9938396091148420375 0.03168209275020687776 12.03391342759708671 0.01779446948999072881 -0.03375679821983202517 0.9992716524696951819 0.3533294383536089711
0.9937327695990849641 -0.108946648049554784 -0.02501620482204000226 381.7358138799780249 0.1097192536647177002 0.9934498601780866744 0.03192272994900859778 12.30440857917359665 0.02137447075810640015 -0.03446742216798991121 0.9991772259258636657 0.3912279945809673531
0.9934377848042291737 -0.1110472336245068165 -0.02738393009796714905 384.521303934847765 0.111897566709271673 0.9932119420430607359 0.03176433137334736673 12.58969747066641176 0.02367070526643101636 -0.03462008214022499475 0.999120186776742969 0.4567693102899850199
0.9931406298507108321 -0.1131283702016423753 -0.02955776032201360565 387.2345423802039477 0.1141218953061904073 0.9928704302012871796 0.03441659256280116957 12.87295857124928844 0.02545353318218052108 -0.03755370404408994722 0.9989703884305642934 0.5338116712285092547
0.9928765353121004056 -0.1150730586042103959 -0.03089298965965336582 389.9758026340722381 0.1161724507874797169 0.9925573342333706695 0.03652259489104751899 13.16404060067891812 0.02646029676080928136 -0.03985134179694487661 0.9988552063499058775 0.6008161810228735966
