1 0 0 0 0 1 0 0 0 0 1 0
0.9999999159865898823 -0.000158811234525021251 -0.0003778965532854792423 1.49370095497074229 0.000158591278562003271 0.9999998180553052451 -0.0005820121671879595728 0.2383398452374579091 0.0003779889145999859156 0.0005819521871935829553 0.9999997592279871172 1.368229043708437898
0.9999972356140297558 0.001217235087834400015 -0.00201174129541446681 1.675099807618149139 -0.001220248407987925077 0.9999981345136829125 -0.001497318595692588008 0.2408871973020658697 0.002009914953806262502 0.001499769280639082041 0.9999968554620476402 1.350583603086740414
0.9999936527674282427 0.002328075516248059688 -0.002697126108796519314 1.893948614810139208 -0.002330608279505852996 0.9999968458006539551 -0.0009362979176406708041 0.2439702419614030726 0.002694937829265137575 0.0009425779191800636586 0.9999959244201761521 1.340507843219653328
0.9999926781146369903 0.003209752134609238864 -0.002083556658766006018 2.13384556715729623 -0.003210867539131022005 0.9999947035256246952 -0.0005322126869038116149 0.2453548183881554823 0.002081837352453697748 0.0005388988145451015102 0.9999976877679795928 1.336111317665225728
0.9999876887780422274 0.004668081579689916868 -0.001682648719910869329 2.394675479057582823 -0.004670504415135909825 0.9999880579756679211 -0.001438851820135585201 0.2474065585928705013 0.001675911948001435796 0.001446692924386929705 0.9999975491963593033 1.337728833230579673
0.9999807878859401367 0.006013060119965668235 -0.001505645047139699596 2.673166602601402708 -0.00601655870851100158 0.9999791858416263723 -0.002330001035430105845 0.2477843979780597061 0.001491603272099610621 0.002339015073004748792 0.9999961520566801321 1.338131097860864482
0.9999740064973573483 0.007180437208725515622 -0.0006539503916779859823 2.967647692062405973 -0.007181997153492316807 0.999971292559850844 -0.002415154874627663782 0.2471389013928012579 0.0006365897505096451128 0.002419788766144603896 0.9999968696830089376 1.335367379588819459
0.9999649780087346285 0.008357610267178365929 0.0004394389749804369374 3.277270950690064133 -0.008356302223744832905 0.999960884231599012 -0.002898658293757714038 0.2471381858759588435 -0.0004636476423042164069 0.002894884692088439421 0.9999957023275066748 1.335100680303051623
0.9999543325506882185 0.00928649991889210491 0.002256929853599964984 3.599920308168671923 -0.009278299671834489351 0.9999504137388701697 -0.003617073217671120874 0.2456085826242494774 -0.002290407891029422067 0.003595967563643285951 0.9999909114831864176 1.33113864570697582
0.9999371143618759339 0.0104810988304465582 0.003989221597139356451 3.93530813823267378 -0.01046696933653082015 0.9999389306977933822 -0.003546466954832033173 0.2436396725696945431 -0.004026148848812578611 0.003504488872860608492 0.999985754240122815 1.327779271224462931
0.999921886882933264 0.01162821607961447672 0.004583091018112967797 4.281489445335163069 -0.01161851841787277066 0.9999302193215537926 -0.002136941113576557288 0.2405114687643584159 -0.004607620019930423402 0.002083525463040454637 0.9999872142979613354 1.320576306787284659
0.9999114216840124802 0.01269054135405380673 0.004012349186937330323 4.638002210668435765 -0.01268087983504753366 0.999916655587457015 -0.002424286576293470732 0.2348321067864110323 -0.004042780289101957809 0.002373191719175268572 0.9999890118839297459 1.315680128680175809
0.9998919727279916847 0.01433044381896019306 0.003268218792663141973 5.005535524901359778 -0.01431718840262360959 0.9998893267216683034 -0.0040438130931825262 0.2296822408978022034 -0.003325806724521280806 0.003996584546890005578 0.9999864830694416007 1.311176057052116484
0.9998717987894710779 0.01562934571699470601 0.003479876142366111324 5.382427683364849003 -0.01560967539997617885 0.9998624248235553624 -0.005609764689144070525 0.2241720702508622487 -0.003567074349509441727 0.005554725773505683056 0.9999782102636868286 1.306446093556882682
0.999850828633654154 0.01690212887126292529 0.003555069649715300768 5.76831979363777414 -0.01687763417639676425 0.9998343656820322112 -0.006810775713236829655 0.2166796461499508053 -0.003669597416996938852 0.006749758575498305928 0.9999704869714753919 1.303697982287523649
0.9998266893001100941 0.01831245871045710655 0.003353389204803674042 6.164825123481765701 -0.01828541872887989514 0.999801406986597585 -0.007924017259527196821 0.2102157460972325087 -0.003497831484022422693 0.007861325816779268089 0.9999629816804779248 1.29658335780548728
0.9997996269149517223 0.01983774836955885107 0.00267764081786442355 6.571695098958175052 -0.01981444131868564593 0.999767822384586502 -0.008466949841018013567 0.2025113563467367539 -0.002844984350008189587 0.008412197335299327963 0.9999605697226466861 1.289734551988851896
0.9997710903445979902 0.02126404964860194313 0.002367932371387087859 6.987971012270064008 -0.02124291543596401946 0.9997371934154551942 -0.008618738049690028921 0.1929150238269390916 -0.002550579336965034302 0.00856646335020961637 0.9999600543275293241 1.281605181826358297
0.9997468819545733965 0.02228928075087595675 0.003059409373863146084 7.412531456035074129 -0.02226119211250351254 0.9997123323442798082 -0.008927031112885733949 0.181836017545243922 -0.0032575063834875931 0.008856665420396614766 0.9999554730735727981 1.272803351569892438
0.9997294286436370081 0.02303265963959656715 0.003250552844310086124 7.845820819601152074 -0.02299683806178160969 0.9996787257112554892 -0.01065789845515973007 0.1719560494174724452 -0.003494988272848080155 0.01058026229574687491 0.9999379196263765701 1.264147880713865302
0.9996918862782563364 0.02459788557906431722 0.003328142794577548368 8.28767772464874497 -0.02455608292702183421 0.9996256259418484502 -0.01206676226868121093 0.1612004924535878903 -0.003623713661848225725 0.01198131818319259426 0.9999216552879980346 1.2607822632581005
0.9996589006825981061 0.02587781122024653338 0.003524368384371970395 8.737198645636180316 -0.02582778736505510209 0.9995743282789676387 -0.01356789023673541338 0.1494946489767672859 -0.003873975462619507794 0.01347223560140939705 0.9999017407635687471 1.25748939861256126
0.9996148833021210045 0.02748650910799032079 0.003817970395814117984 9.193519282567310213 -0.02743363244781031607 0.999535508495747127 -0.01327264355230692132 0.1348712454320039333 -0.00418101561888936657 0.01316279123911454768 0.9999046254694444746 1.246237012591188575
0.9995538941655178755 0.02961403605922543689 0.0038757614518391925 9.655657720016458612 -0.02956352583011269408 0.9994847624876611603 -0.01249829970339462817 0.1181003654889564991 -0.004243889612245662843 0.01237814296518303415 0.9999143818236102543 1.238327579705911452
0.9994607238762647228 0.03272870808930428144 0.002663286604539806188 10.12641332711135078 -0.03268885722854317222 0.9993697836336360441 -0.01383741930966136263 0.1041401727242881603 -0.003114489015028515991 0.01374289732423905619 0.9999007114365459081 1.231161201127575211
0.9993294098606363418 0.03650639363547113908 0.002830867592146068222 10.60298413284770724 -0.036462973199384352 0.9992353226148463774 -0.01411458905759742886 0.08868793194152155279 -0.003343975635857554876 0.01400190210421080675 0.9998963769133334401 1.225886753011672603
0.9991648934245654923 0.04077238522567312035 0.002669897167665756348 11.08582267218953099 -0.04073062633648757286 0.9990696392297895301 -0.01417293362347805605 0.07117537608872526178 -0.00324527750955480674 0.01405235112952285363 0.9998959943922260951 1.219344906626325775
0.9989583142764738577 0.04559354404289189117 0.001874854531552389795 11.57221869068498421 -0.04556490266219252738 0.9988740227991385057 -0.0132108373107459251 0.04866881341940032524 -0.002475072380865903521 0.01311164820588753971 0.9999109753863263395 1.211193507161450578
0.9986970924903695312 0.05101809377807727669 0.001127634042457360515 12.06456929468856387 -0.051002440907983837 0.9986365667715189076 -0.01112468103907657616 0.02528670168608068702 -0.001693656609237114514 0.01105267451999225603 0.9999374830024350125 1.20699410394748452
0.9983557198042419811 0.05731579272736812142 0.0008698495199390816023 12.55929450685748883 -0.05730578203119481018 0.9983167862308535145 -0.008924218480828961103 -0.00525109383266139651 -0.001379884033950975336 0.008859697158128747654 0.9999598000351409555 1.202552682641783388
0.9978798480018432615 0.06508126320418626543 0.0004879872597755362078 13.05952613099728765 -0.0650755951224127327 0.9978506525255568249 -0.007696893775036095856 -0.03455929829250617424 -0.0009878619752189642111 0.007648819128977304808 0.9999702594050735582 1.192753330744002582
0.9973599239425386953 0.07261660906550967964 -0.0001010007939169213151 13.56266331185051577 -0.07261421355008113032 0.9973136312393902081 -0.00962792472990881866 -0.07417343359977116024 -0.0005984177776845954998 0.009609840369564559212 0.9999536453577410056 1.184131951223753143
0.9967108977954144411 0.08103899252541628406 0.000260588419704014672 14.06976166373492276 -0.08103192674069036039 0.9966573919319795527 -0.0103860462176891509 -0.1183199259244108459 -0.001101392096553818409 0.01033076946844269269 0.9999460296124184078 1.183166911475669991
0.9958695881141010897 0.09079314345319759727 0.0006071007640518317431 14.58257280868144612 -0.09078188846272425283 0.9958159959724341981 -0.01044753045319222334 -0.1611498638190431432 -0.00155312478317823268 0.01034926409538227884 0.9999452387686497135 1.179620848055670024
0.994888229788239542 0.1009473267497215943 0.002654703544262260271 15.09733117510363698 -0.1009282249015839433 0.9948721629303287628 -0.006547735833458132211 -0.2178890897591816422 -0.003302067085669962987 0.006246330796107851975 0.9999750395407613901 1.169183074889391438
0.993722697300560398 0.1117664228113726399 0.004844337070062246578 15.61736126485295806 -0.1117479723195974051 0.9937288242966002549 -0.003926123349448473743 -0.277452043629944356 -0.005252766143413453714 0.003360133039936532336 0.999980558787917917 1.160114656657647902
0.9923867372268079246 0.1229357246823275795 0.007441194337026764069 16.1404726567204726 -0.1229227653668070186 0.9924138539322790997 -0.002176299119571888877 -0.345362002084181996 -0.007652289259257863061 0.001245038196962367817 0.9999699457228605759 1.156663373619861712
0.9908666158026915305 0.1345778146977502365 0.008494791280498717803 16.67040666083724787 -0.1345594138161995412 0.9909018370600159997 -0.002704341791689800819 -0.418832752967819022 -0.008781448693808997091 0.00153658786391059005 0.9999602617387225445 1.148250978596806027
0.9891374474820782137 0.1467498441376589025 0.008461278521103609077 17.20706465791409201 -0.1467218808408281006 0.9891703337947345132 -0.003839325844901352643 -0.4973915320090154246 -0.008933066168383234362 0.002556166267343275896 0.9999568322396947817 1.135312052612832856
0.9872235830889085628 0.1590984630700010838 0.008790679260469872261 17.74871823521861103 -0.1590825833783823806 0.9872621605363475217 -0.002481539595350083522 -0.5872294936793247544 -0.009073514134941097764 0.001051390444492194924 0.9999582820894961088 1.132574627556693914
0.9851864712788861445 0.1712798096543767523 0.008416864844870853429 18.29684455587637615 -0.1712675920760343973 0.9852221880274905086 -0.002156878021885869513 -0.6839845547576123286 -0.008661911655831647239 0.0006833908725502679067 0.9999622514192132439 1.122505167466889553
0.9829194780670222897 0.1838226629596106665 0.008861614914329664361 18.848734926582555 -0.1838127473178924054 0.9829593877060420759 -0.00192770433718078343 -0.7921787348062888645 -0.009064963314935579886 0.0002659003578931257378 0.9999588770229996815 1.107771518600459304
0.9804917107823899469 0.1962785506841386307 0.01052309975036542014 19.40808589850634647 -0.1962703781527910807 0.9805481366442874158 -0.001813941337586139069 -0.9075974741062924345 -0.01067444362871023365 -0.0002868183219950320821 0.999942985368899695 1.097467117588103891
0.9778251900659231666 0.2089388831438533378 0.01422816865026920764 19.97628178913073782 -0.2089822409339578968 0.9779181016910256652 0.001615351120356282779 -1.035019182062764109 -0.0135764740180386121 -0.004552965585205130845 0.9998974696725747568 1.08398859982581941
0.974929783832081287 0.221819719736054799 0.0175478925614848541 20.55229235336673455 -0.2219142904663062021 0.9750594756824033649 0.003614770918392285187 -1.165068512076447904 -0.01630841144830474931 -0.007418275957031567926 0.9998394895671295357 1.071754231832973803
0.9718846570486558978 0.234565056629609775 0.02048041996064923348 21.13298783308195183 -0.2347262456571801437 0.97204407237295265 0.005823312140966383291 -1.310689097991822649 -0.018541925280340113 -0.01046687980985595498 0.999773295019398045 1.064134022117547707
0.9686710551404852376 0.2474366873647921294 0.02124788645859196703 21.72068292070317241 -0.2475974833845320244 0.9688486977743560047 0.005261847829523037985 -1.464750779342644416 -0.01928401292950939622 -0.01035792290340039994 0.99976039143309825 1.041579139486070948
0.9652780308287501887 0.2603255196889808776 0.02165518409140075942 22.31484152478359206 -0.2604892512408784055 0.9654634382059273934 0.005069465016735523119 -1.631671442677084194 -0.01958757737283929601 -0.01053438589816206757 0.9997526461712474832 1.023706519754780997
0.9615233838327006399 0.2738442783470422803 0.02195662905595244935 22.92046389533010142 -0.2740510513314394214 0.9616898213097634374 0.006979172825484845043 -1.799475429824501038 -0.01920426012752948774 -0.0127278751479916151 0.9997345635653351881 1.005160935877480455
0.9577043540624056162 0.2868840552417380452 0.02235864615682018122 23.52958837839233297 -0.2871661607131981708 0.957822486842675902 0.01056786826912596913 -1.983310274908160586 -0.01838386116005360019 -0.01654154003009883356 0.9996941587817148589 0.9815751631391915755
0.9538096595389462529 0.2994974308160558985 0.02341841806743454046 24.14836503054220174 -0.2998440338884140188 0.9539002196214634299 0.01295863988416312736 -2.172360846950986524 -0.01845775478553572657 -0.01938194883662633025 0.9996417615063765139 0.9635224678631630901
0.9498765022062414243 0.3113655141270162963 0.02803831608451309854 24.77008727424847478 -0.3119034685869624957 0.9499553946906688084 0.01734861324479116187 -2.3810056793056944 -0.02123338974017020472 -0.0252242881071883529 0.9994562914153012345 0.9408865634176131199
0.945938037905163176 0.3228515692804974635 0.03111418739498516411 25.39661179749455755 -0.3234798973739332895 0.9460685848726516634 0.01774792134330068286 -2.599224912461503223 -0.02370621098108464941 -0.0268532480377801433 0.9993582533960190251 0.9227559441092789694
0.9420568557908485241 0.3338027200383570925 0.03323589253284340433 26.02811522440971004 -0.3345556095370311178 0.9421564838786289364 0.02033971515937036539 -2.829767557402375289 -0.02452395940230849003 -0.03028042239555059009 0.9992405473332139909 0.8984871779263305935
0.9380434754033338818 0.3445733433245238286 0.03665582250331968217 26.66612516176417458 -0.345552822631728207 0.9380714776879631733 0.02480220795748972265 -3.069114978564405849 -0.02583960186381444729 -0.03593207228202961734 0.9990201204965987181 0.8778906205037280142
0.9338247611603704978 0.3555585542905308483 0.03936279861245291223 27.31098045287492226 -0.3567517778524931793 0.9337493335966747798 0.02898880830339932782 -3.314804157985330679 -0.02644776820191602207 -0.04111321537648787022 0.9988043948033790143 0.8585458192654182863
0.9297513409683414443 0.3662314042303177475 0.03790781612096071063 27.96045168606813647 -0.3674315926322258008 0.929506759167497143 0.03179951882784670669 -3.573993705414025168 -0.02358958887554086711 -0.04349417452287265146 0.9987751439033997203 0.8376024629526825915
0.926013238504009184 0.3758710160367825792 0.03493510295954199013 28.60849777300713015 -0.3769993810464744577 0.9255601014546955829 0.03478455527599602637 -3.848907420350878628 -0.01926003130558766666 -0.04538147087358898601 0.9987840473773383909 0.8131023631399947327
0.9223364935885860483 0.3851752008168131125 0.0305852459600998404 29.26181749093329643 -0.3861113558543738389 0.921777756607137233 0.03526738301335156922 -4.122555633739070302 -0.01460867807192718464 -0.04433770517337400768 0.9989097829258405392 0.79495017743189611
0.9189656863342123838 0.3933804182478478073 0.02745749222777381024 29.9235213810628764 -0.3941971770287507337 0.9182664667694402372 0.03735346877242217561 -4.398182719443417987 -0.01051917120564386729 -0.04515022199188981761 0.9989248242441617354 0.772183630573057167
0.916216690297547931 0.3996859428246671286 0.0282510801309269477 30.58253525058291089 -0.4005338129155710525 0.9155206136626556912 0.03734528979762662126 -4.690655478953011936 -0.01093805885527427899 -0.0455318906604077478 0.9989030011974973089 0.7491780812445960613
0.9138386320773284055 0.4047435494696797753 0.03288789573265759464 31.23964545399701009 -0.4057762608903056067 0.9132800180016186209 0.0355701393987399514 -4.985104011513874944 -0.01563907353137958256 -0.0458504948898924361 0.9988258864774340884 0.7367969848728757043
0.911920586678226841 0.4087938547504042508 0.03589467802814193947 31.90361773063467155 -0.4098730750689091873 0.9116216481666256088 0.0308226041651479335 -5.28564658501174911 -0.02012227437430842356 -0.04282002933523540444 0.9988801425405025025 0.7202850901070672052
0.9105124807715656576 0.4119125220429411538 0.035987449804519199 32.5719509134752343 -0.4129040328988300423 0.9103889253962250683 0.02650026663617825393 -5.587745942916738429 -0.0218467840903682313 -0.03898818667404480715 0.9990008204825352456 0.7071067168716000939
0.9092645228174340843 0.414665069508442341 0.03592920365305279917 33.23541518029737318 -0.4156825188079178446 0.9090837412735979228 0.02783513803635869616 -5.908078720003190121 -0.02112039542927449456 -0.04024464537745072595 0.9989666147651553585 0.6907544300129679904
0.9081444761469317228 0.4172108147110252241 0.03476703225726393565 33.89922278640785436 -0.4181890315086699839 0.9079212239595721989 0.02823092293201004063 -6.22557125547250223 -0.01978748012394892716 -0.04017694826533054625 0.998996630854393497 0.6700955523225864408
0.9068518265046923155 0.4197712841226362568 0.03757437678972774114 34.57474976455862503 -0.4209797898258610949 0.9064421447414556798 0.03374395938066133971 -6.546977823292262855 -0.01989425352400209582 -0.04641882444163018123 0.9987239415444989499 0.6477939595266892781
0.9056540155756489519 0.4220791234523723068 0.0404971309771350943 35.25311839431746819 -0.4234861569914196711 0.9051640064191267543 0.03657316393086189332 -6.86720345719830938 -0.02121977634992562589 -0.05027260714297667604 0.9985100831051767489 0.6289554365021774451
0.9048423664567223357 0.4240264546831139514 0.03823424634889065893 35.9318337727763577 -0.4252406725111491093 0.9044924246764503017 0.0326163171615319325 -7.193998100380676775 -0.02075240485496043785 -0.04577138223590277583 0.9987363607383835662 0.6093594662729784339
0.9039466300852564418 0.4261082444506253952 0.03622504615200292793 36.61545468788920488 -0.4272464347178669408 0.9035152688973953072 0.0334760046920025145 -7.517549143732591865 -0.01846548072431739018 -0.0457375434459873359 0.9987828107957936741 0.582761964509077135
0.9032697035023689036 0.4277520433216203677 0.0336456857400944595 37.29656106898342927 -0.4287621210228775293 0.9028210265610185914 0.03282129758665577185 -7.850317541491288686 -0.01633665543206253012 -0.04407247932085366082 0.9988947543439233856 0.5689059871805823843
0.902752197332634676 0.4287857447452513293 0.03436939502464464447 37.97837023724986238 -0.4298684378101963466 0.9022002905106772941 0.03532367445596258648 -8.185919029810385439 -0.0158617901171718978 -0.04666284288070841196 0.9987847529415780912 0.5373879431999704082
0.9022599492507722418 0.4297128928039884999 0.03569052725894829997 38.66387570199045598 -0.4308261523179559016 0.9018112363084221927 0.0335457977514420011 -8.518292346739109178 -0.01777105671870193859 -0.04564344230996454643 0.9987997125135738008 0.5151526370155006251
0.9018767609947213604 0.4302731115251620109 0.03851438012127043203 39.35154396870056814 -0.4315236521113730017 0.9014650935080792404 0.03388248596152119985 -8.857106140365830882 -0.02014064661655541946 -0.04717769266216213786 0.9986834431735321926 0.5007717967223914712
0.901794733307751728 0.4305324594985737718 0.03752412952367968624 40.04018889226694 -0.4316541366335413521 0.9015467637136881374 0.02980166378790666953 -9.196397657892601885 -0.02099917392548963924 -0.04307242918021170902 0.9988512404452239979 0.4843306897144288303
0.901727126230505549 0.4307289203292626878 0.0368888467163404829 40.73613099642394531 -0.4318075000859539769 0.9014982487245550846 0.02903774123582923347 -9.534727608874460358 -0.02074783578094026304 -0.0421129996384462732 0.9988974034263274904 0.4711554629771166347
0.9015915567096598471 0.4309881482720241963 0.0371736589388776198 41.43123038684205284 -0.4321055256356600704 0.9013128081431913685 0.03033210497417882651 -9.881523831062972718 -0.0204323171711430461 -0.04341011317753517423 0.9988483781279976492 0.4500948043901695783
0.9014591799474782619 0.4311952388402074399 0.03797384481398489303 42.12666868922318741 -0.4323488199609049065 0.9011939633236679681 0.03039635417928548966 -10.23068642695106867 -0.02111503651034441972 -0.04381901950655669314 0.9988163238366956076 0.4305035514067920843
0.9013366864935745681 0.4314117759831462839 0.0384194888546340943 42.84145870454680249 -0.4325291463274988368 0.9011890486346645357 0.02787178139540731972 -10.57170660059723843 -0.02259900789833110477 -0.04173940780624343233 0.9988729181822857406 0.4090470951862790194
0.9013060337678998613 0.4312097096165027343 0.04129915042744514153 43.54647542242088321 -0.4325449938344599343 0.9010513845673617794 0.03179985342713589208 -10.92647407247503644 -0.02350025111194257998 -0.04652514053382009879 0.9986406508329129794 0.3852757272271025712
0.9013086243134705855 0.4312744917156999813 0.04055954306354687955 44.26936105976410829 -0.4325660719213322292 0.9010555618677758005 0.03139216223351964236 -11.27967169131163949 -0.02300776305310650582 -0.04583870877884146933 0.9986838616983758632 0.3586708922090933171
0.9014238542904901008 0.4312038586844767485 0.0387074562803483152 44.99005638272507213 -0.4324001052676832435 0.9011531010392788144 0.03087454375027648412 -11.64142537683403056 -0.0215681218601362773 -0.04456815839710145249 0.9987734955316531771 0.3289316787808642673
0.9016612925916421828 0.4307322406610429311 0.03842720777114035091 45.72381902971628165 -0.431962786104638008 0.9012835369128133767 0.03310796747986852195 -11.99751618943703591 -0.02037314071732021156 -0.0464512964840238865 0.998712777625411996 0.3005259069711110342
0.9018568923288371453 0.4303500236304534377 0.03811827541010288922 46.45715772376757258 -0.4315821980219499698 0.9014364223801217824 0.03389959818447810941 -12.35914954088434037 -0.01977250893323029279 -0.0470237553561479657 0.9986980596369908758 0.2759456155217310247
0.9019975551984928952 0.4299142592039559285 0.03967543508338172015 47.20316910287356649 -0.431283311904355704 0.9014593140991354892 0.03695686535309104098 -12.72600315356354805 -0.01987750710607558147 -0.05044635524029513624 0.9985289429727202126 0.2578123546522588239
0.9022211036913643234 0.4295274627525149658 0.03877162358379421941 47.95383945037185214 -0.4308357601651370272 0.9017059580067057212 0.03615125251132415146 -13.09112980579243946 -0.01943264822058600808 -0.04932062486015262315 0.9985939355646713533 0.234954166966975686
0.9024550572466851772 0.4292043485557863747 0.03685779199416585467 48.70772387265424186 -0.4303892617743554916 0.901983852690637633 0.03449946136796127466 -13.45460697030157604 -0.01843781438260651967 -0.04699741127080508257 0.9987248321407831142 0.2048052925770138533
0.9028129739806108889 0.4285145117296151329 0.03611159439036591007 49.46134762033591414 -0.4296761199892981664 0.9022991329733687227 0.0351383913469197548 -13.83215250546266795 -0.01752614969772367179 -0.04723968535708691907 0.9987298164189033489 0.1883578043285731862
0.9031825735987700776 0.427848548360819203 0.0347398677752513152 50.22168533163092974 -0.4289422839264325771 0.9026572854060845863 0.03490475846205129407 -14.20279099581689941 -0.01642424450250100365 -0.04642676780541751119 0.9987866636192455072 0.1683251298097303561
0.9035452587111860723 0.4270715861958887527 0.03486869261476940873 50.98795473762143615 -0.4281885117575215949 0.9029749837013965053 0.03592738799775800629 -14.5702883036727755 -0.016141990565432765 -0.04739239468090001434 0.9987459121653491367 0.1494085492102814605
0.9039277677466779348 0.4262242920482024466 0.03531916709828231832 51.74673291760976213 -0.4273520729720369782 0.9033971987535862613 0.03526623045742340729 -14.95137403127076681 -0.01687591250897402945 -0.04697184424931535873 0.9987536480157694907 0.1263234135137201175
0.9042140647955044797 0.4255375558176958672 0.03625897978008413985 52.51223956015221006 -0.4266841280946908621 0.9037677356952421581 0.03383097321048137568 -15.32460817041624423 -0.01837334640354401985 -0.04606157297570540737 0.998769618899643552 0.1014776253877733847
0.9044741556276070238 0.4250494752329462278 0.03548866587974738168 53.27987412778685439 -0.426049409195875084 0.9042678891829399879 0.02795506244807802534 -15.69378512290400529 -0.02020897636133798733 -0.04040455663445857715 0.9989790133319116361 0.07598536614204620676
0.904855816099483401 0.424038998956412283 0.03777405769813064335 54.04735169866290079 -0.4251282414598132608 0.9047073818032184134 0.02775845139867058262 -16.06978346767164822 -0.02240380289648698231 -0.04117621491600971517 0.9989006902294972345 0.05377238967574449191
0.9050725521574283228 0.42329458528469599 0.04080893774525920503 54.8145364717476653 -0.4245526164060755558 0.9049246733105151819 0.02943486940030719604 -16.44272887088378354 -0.02446939382156561316 -0.04396623366305907332 0.9987333072765173236 0.04067422214090954391
0.9052011591158204418 0.4230244862049839516 0.04075715405158485821 55.58697696592769688 -0.4242139023534401976 0.9051658673334136429 0.02678278672235007152 -16.81109902702977266 -0.02556221010478456138 -0.04153356095446622542 0.9988100603863582228 0.01467956091351063641
0.9054042043198931022 0.4224918701927372622 0.04175938721897838601 56.35806666511771823 -0.4237179398393925989 0.9054039528194621766 0.02658551630407115715 -17.18622281920112371 -0.02657694975203503049 -0.04176483975710207353 0.9987739303275497971 -0.002985881832623604737
0.9055764799586502045 0.4221509657725175391 0.04147048399803390795 57.13443063783542186 -0.4233196032641762807 0.9056385142485108286 0.02488764757887265006 -17.5563989527131632 -0.02705092305191892504 -0.04009293712214800215 0.9988297171965593302 -0.03945823498055389678
0.9058650709685650559 0.4215011721707153658 0.04177601055425902987 57.91325399209856784 -0.4226656053034187899 0.9059601377873043315 0.02429022095212700696 -17.92322271585315363 -0.02760904367433318976 -0.0396609455147185555 0.9988316925830234005 -0.06847251229645645587
0.9061129694845834193 0.4209520365548889975 0.04193649308325338165 58.69080454087972498 -0.4221196645486837706 0.9062176406282217433 0.02417801926390797385 -18.29364989789415574 -0.02782580336912221855 -0.03961023522412622511 0.9988276898105861168 -0.09887439246702589557
0.9064650158488597453 0.4201246315437304757 0.04262005411037259744 59.46505328970741999 -0.4213818121288178675 0.906498840593923938 0.02640493152623819145 -18.67212585112620005 -0.02754166750870480629 -0.04189446230847664043 0.9987423644657933419 -0.1218950289808187204
0.9067582986177527005 0.4195920599485144509 0.04161599591504044904 60.24862127340207252 -0.4207846966962848212 0.9068003095537400249 0.02556242593059090268 -19.03639348811313781 -0.02701160702464790175 -0.04069031606418905406 0.9988066235586057218 -0.147232747307691314
0.907015974979414108 0.4192160025892948116 0.03974876482603246358 61.02758334330242462 -0.4202619152515928991 0.90711609179846453 0.02281049296579687816 -19.40944431620682664 -0.02649422052459425234 -0.03739437355180687261 0.9989493065743937361 -0.1788632983920388497
0.9071590469712356164 0.4189327466437149927 0.03946919416193469393 61.81249324826193714 -0.4199295653686992424 0.9073053492413932775 0.02135798134676350837 -19.77757217118395516 -0.02686305320500564919 -0.03594936755363344755 0.9989925021465370092 -0.2048200676435523171
0.9073709195142817263 0.4184153491892244059 0.04008253962346009641 62.59608625886421152 -0.4194534953367127228 0.9075086677495549647 0.02206316408047791222 -20.15277896943139879 -0.02714368563075270427 -0.03683223482613034311 0.9989527550430459257 -0.2329520394029913621
0.9073871772685268011 0.4182804785564932515 0.04110902318477206718 63.38407225540915846 -0.4193700542900632988 0.9075354927920032955 0.02254078276203303269 -20.51870283851752674 -0.02787952821344887727 -0.03769311052867355127 0.9989003760762474871 -0.2598758467462414234
0.9073810220436803187 0.4181317387168219657 0.04272622043445374607 64.16539800759994705 -0.4192426605791855221 0.9076269951060654817 0.02118559192517608172 -20.9003164861643036 -0.02992110267774368559 -0.03713605838509976415 0.9988621730660173226 -0.2909878799560792206
0.9071073569178466078 0.4185728322469444707 0.04419306654091566255 64.95592460345569918 -0.4196099741493405921 0.9075420813421082311 0.01717091108892807375 -21.27206955336842498 -0.03291979070267979368 -0.03411971128256259533 0.9988754340167177448 -0.3234887642199978375
0.9066704354656798248 0.4192768654679643325 0.0464287791766384364 65.74591829685536482 -0.4203436449848481082 0.9072273626312720163 0.01580293054969302349 -21.64832056335447419 -0.03549565569652818331 -0.03384409219442888889 0.998796593831901558 -0.358066319575020775
0.9063468482167214013 0.4200029109848630315 0.04618382283718697884 66.53826478116020837 -0.4210328730994716273 0.9069215704466296879 0.01498615455088780739 -22.02465692650969231 -0.03559087660088860322 -0.03302756156394366649 0.9988205392761605461 -0.3928400851310218655
0.9062349598526906469 0.4204997026874841559 0.04379723256701903433 67.33511036718434184 -0.4214818362843736899 0.9066978298671048986 0.01587787758596135787 -22.40580101153375381 -0.03303421291849603647 -0.03284882576318058633 0.9989142582938916881 -0.4341764773456839865
0.9061106693634535247 0.4207729765410950229 0.04374422337247746428 68.13467268560825119 -0.4219273218126787239 0.9063786294995085369 0.02133342669551565457 -22.78476260883001814 -0.03067229977837311258 -0.03778732855521485523 0.9988149617556626447 -0.467725704219576266
0.9060604446895247355 0.421056069583060244 0.04202685851078891144 68.9383227832488501 -0.4221187401828728203 0.9063109874346808592 0.02040007945077719487 -23.16531579639707061 -0.02949982636296432509 -0.03622402962729087683 0.9989081939408226418 -0.4987999975607790848
0.9058543788815467401 0.4215098620626703263 0.04191992897221865494 69.74010599419592893 -0.4225800557558352377 0.9060872492801600453 0.02078444536927256253 -23.55515712969299003 -0.02922226443180610603 -0.03654220677274064299 0.9989047634212462334 -0.5305428615195267872
0.9057222455989371035 0.4217029502246921746 0.04282330672670637411 70.54754570735332209 -0.4228946924917385553 0.9058666742710497211 0.02378334516895945147 -23.94124710132065204 -0.02876269962184819715 -0.03965085392395447522 0.9987995378921460388 -0.559166458331599503
0.9055156192711703023 0.4221208729588507014 0.04307472424063546468 71.35744326545359684 -0.423399537100501544 0.9055558015602986899 0.02648626518718873168 -24.32739066747073053 -0.02782616105448175448 -0.04222154512737445048 0.998720704645711832 -0.5947361886234663331
0.9053532062479869857 0.4224136370414359187 0.04361526313019251089 72.16981018734003328 -0.4237763877109977928 0.9053126618953197813 0.02868026203905154128 -24.71752724602312412 -0.02737051616444218655 -0.04444888585146538479 0.9986366463291117546 -0.622923949451008041
0.9052476241195656081 0.422597389692623282 0.04402482539275735102 72.98848354852742659 -0.4239179032629420973 0.9053117711688162261 0.02653692288740179192 -25.10840337682126133 -0.02864175830902460085 -0.04268539806727941754 0.9986779293009360181 -0.6524756447447589425
0.9050149346673013184 0.4228920911273078009 0.04593742799845439845 73.80760483314739417 -0.4242410947346045846 0.9052101845722848594 0.02477933181089416251 -25.50215002454952895 -0.03110404423101050322 -0.04191421010329212521 0.9986369397453173091 -0.6884691294020973684
0.9049598218919456816 0.4226209004577529127 0.04938922207907238404 74.62954132750664371 -0.4241656416415144903 0.9052054725328935181 0.02620230805374444694 -25.90168220536378385 -0.03363375108637382122 -0.04466124710281946242 0.9984358486127592469 -0.7163059902944123314
0.9048766811363659901 0.4226261188846341943 0.05084639192849867845 75.45795256460215228 -0.4241826927537936665 0.9052402962575577527 0.02467892217398928723 -26.29608936578291178 -0.03559824579633300012 -0.04389954063586742894 0.9984015200450085947 -0.7471877265744520935
0.9050273794815764106 0.4223037619633900897 0.05084264961898739971 76.28650930167972888 -0.4237805679476299714 0.9054858925995272756 0.02247951363400683619 -26.69707097361784776 -0.03654411879762541754 -0.04189070224770240908 0.9984536526281524438 -0.7877620507688707363
0.9050193627048738199 0.4224285057471493521 0.04994107188972498473 77.11897686822447895 -0.4237573623642751919 0.905566894187591509 0.01944988415163111453 -27.09930443238615183 -0.03700879586444878744 -0.03876541865722732405 0.998562762847180041 -0.821961008862510556
0.9050573921138944655 0.422329951629415723 0.05008521674797627304 77.95136929248018021 -0.423724008727589585 0.9055462866585792803 0.02106862944473729404 -27.50299421782217735 -0.03645656878832601727 -0.04029062763911065576 0.9985227007517798459 -0.8629958827669161892
0.9052273949046878432 0.4218543231820804928 0.05101268005761975394 78.79021213274953084 -0.4235124687750698724 0.9054770199736069669 0.02735973486278134997 -27.912484179407695 -0.03464898708646078213 -0.04637128758515384613 0.9983231698110472951 -0.8921261907781413703
0.9053151857604029296 0.421860433442023286 0.04937802271978218582 79.63608806613233071 -0.423494198590076476 0.9054373958584616133 0.02890996267026887251 -28.3092972711188402 -0.03251273892116719744 -0.04708393438483752386 0.9983616704034106171 -0.9332365700969454947
0.9053610378072985965 0.421731356905597321 0.04963923672917373159 80.48040599323626054 -0.4234700458937606382 0.9053522934281136303 0.03178592479685159178 -28.71822633666572244 -0.03153587562170299258 -0.049798467717576754 0.9982612890229460856 -0.9733205978976662287
0.9052233937492113469 0.4219511185598440739 0.05027783761516368966 81.3299782265250002 -0.4236933728499716056 0.9052781859167926548 0.03090844393068020377 -29.12502940914659533 -0.03247357713857972755 -0.04928143310920942571 0.9982568843431670613 -1.012350989437519777
0.905099563166657517 0.4220003856727623237 0.05206203268760786068 82.17773653729798866 -0.4238890949237855144 0.9051266494136482876 0.03261569753840203034 -29.5386130142704495 -0.03335889626800651875 -0.05158898151022613815 0.9981110965351090991 -1.053953522569707424
0.9048213510808820192 0.4226395269102243835 0.05171221249636352713 83.03635900752057353 -0.4245125816451685297 0.9048317864559015655 0.03268801376614912518 -29.94027204257987407 -0.03297560694091163785 -0.05152929760945234444 0.9981269161959088754 -1.09037366277463299
0.9046495580052413832 0.4231594757340010893 0.05045032504797954814 83.89253994925060454 -0.4249679876570466863 0.9046176708809028355 0.03269677349114002984 -30.35674619867116419 -0.03180230601138353541 -0.05101889479924107823 0.9981912069868289494 -1.138422861528818775
0.9044358655994608753 0.4237407865675905105 0.04939140427679363649 84.75041892536050625 -0.4254095401791608833 0.9045046607301221453 0.0299673462629181965 -30.77142444530318599 -0.03197636849157323158 -0.04811511733921500916 0.9983298289350692745 -1.173333512715322602
0.9040956049320807431 0.4243608036332743305 0.05028961604761651022 85.61410866294792754 -0.4260109022548131952 0.9042817013566746276 0.02809476377401721667 -31.18311333586510159 -0.03355366302708363835 -0.04682427715618724812 0.9983394406544626731 -1.204673006661889367
0.9036942878922481492 0.4250645823741995288 0.05154352376360989141 86.47814696630622677 -0.426708013787110374 0.9040094336530056784 0.02621478278054414912 -31.60381790780985156 -0.03545285603137886266 -0.04568418410587251483 0.998326625069069773 -1.233353865503694635
0.9033334721668879741 0.4257709659424861459 0.05203578214379466632 87.34390566773716102 -0.4273148333059099691 0.9038134925556928767 0.0228736510208327401 -32.0239003948414549 -0.03729170550747892832 -0.04289819617050077971 0.99838322975982563 -1.271627198723164653
0.903010216501637375 0.4262412899167437041 0.0537671987718948835 88.21291211398371956 -0.4278123886523600983 0.903608364764091454 0.02164447375028226081 -32.45441086062153602 -0.03935872214932839563 -0.04254745466505698709 0.9983188894798580293 -1.309115010548834501
0.9026958615508542394 0.4266391242260809125 0.05585014967360101695 89.08577101065858983 -0.4283273186379088493 0.9033484211140276887 0.02230108022613532665 -32.88131502866131228 -0.04093763118965566133 -0.04405323768346534885 0.9981900733839140782 -1.35407014133910697
0.9024850881788543111 0.4269522548794112415 0.0568545307622164986 89.96493016893651884 -0.4287389273146898216 0.9031203917418459959 0.02359004504243025074 -33.30018090767327266 -0.04127466317069932583 -0.0456654144122335473 0.9981037381488481186 -1.399203404981669951
0.9023464253963517923 0.4271143556352345882 0.05782954076183397657 90.84169454213342476 -0.4290922228963318097 0.9028535781665889548 0.02711605874148601339 -33.72956340935683528 -0.04062994984381545355 -0.04928228487078676473 0.9979581472053843383 -1.449347912573730968
0.9021454615753519146 0.4273386445309238502 0.05928953575014628968 91.7243316445416923 -0.4295414957533858491 0.9025214323696189034 0.03080856276160042276 -34.16223517381334318 -0.04034438727926353829 -0.05326112094167889666 0.9977652947517751114 -1.495347879882197528
0.9019170332827350922 0.4276967911546130097 0.06017574187757863957 92.60495986146867153 -0.4299748639943949957 0.9022918877796665127 0.03147960577909456048 -34.59899947891315009 -0.04083235735873141231 -0.05426604908276470851 0.9976912921888593244 -1.53656040072738409
0.9017254979287817607 0.4280056786797412638 0.06084624395132935681 93.49306802923483417 -0.4303594508252453488 0.9020750990659731627 0.0324231203080148217 -35.03864009106626298 -0.04101060192784101305 -0.05542251043582246961 0.9976204067011196219 -1.57298070349983421
0.9016293244716327981 0.4284426633336136381 0.05917301317684403594 94.38783532332323034 -0.4307292328517314806 0.901875538987164993 0.03305813279012599637 -35.47431933202940257 -0.03920317869492298546 -0.05529372850704226267 0.9977002126731272513 -1.621009637508942891
0.9017044042983320962 0.4285513725179448952 0.05720916344411778459 95.28264279254754854 -0.4308099566114642065 0.9017552120540264227 0.03521816034130961781 -35.91313866968432933 -0.03649587036115860272 -0.05640264751218227596 0.9977408445083312261 -1.671451586521793153
0.9015747283156378966 0.4290026983638498548 0.05585422149774634665 96.18284284560367325 -0.4311834026862323421 0.901578564186737319 0.03517052525771511423 -36.34740415761303467 -0.03526871858327242787 -0.05579227003373155719 0.9978192923039608253 -1.719434285303356624
0.9012125696145412146 0.429536292372639128 0.05757150252965822362 97.08643714272520242 -0.4318126986501404918 0.9012783932071445347 0.03514329555449643289 -36.78240731676876152 -0.03679263042021717334 -0.05653168556406611839 0.9977226422578806542 -1.75895572629349628
0.9009745210375489366 0.4299401470601477149 0.05827848991744594143 97.99181919776289362 -0.4321008006116960898 0.9012896445314007021 0.03107852588513036404 -37.21600702753999457 -0.03916389347205611465 -0.05318314212567744337 0.9978164875575815662 -1.800858734842887054
