1 0 0 0 0 1 0 0 0 0 1 0
0.9999626748712150404 -0.008558360939838008732 0.001184619106770634471 1.623424100824015115 0.008558921601078732511 0.999963261762842226 -0.0004690262721729683451 0.2541888310933859141 -0.00118056148982542534 0.0004791478277689457531 0.9999991883456345043 1.374284826137514903
0.9987173864015357339 -0.05062818130394700772 -0.0006077475958882310727 2.137374790006425052 0.05063129074045918249 0.9986901652390987039 0.0073774150389374505 0.2429158687316538279 0.0002334464408154921823 -0.007398723711311226345 0.9999726018197713229 1.348479748576117965
0.9970716600702947963 -0.07641653223619529478 -0.00293569168357538969 2.741464591278979235 0.07644421379270935346 0.9970143499404882093 0.01089349302842374141 0.2668700093358407632 0.002094483774354303184 -0.0110860098205033588 0.9999363547366295624 1.326955305500274962
0.9960751116481602052 -0.08834368620008595241 -0.005455736768391461662 3.365844912047567306 0.0884006894120500375 0.9960211032157906264 0.01128184649219954663 0.313943943850284235 0.004437349048643799213 -0.01171985739589154196 0.9999214743548817674 1.306237656810499415
0.995601042970866823 -0.09342166822498398915 -0.007138287006216817096 4.012456647781823094 0.09349654651625538548 0.9955588887495572248 0.01099521810972134417 0.3733095845045499295 0.00607939346117689506 -0.01161425580085386454 0.9999140713267998803 1.292179537843652692
0.9961996655535146905 -0.0866460760623052606 -0.008870391990815474845 4.679637655975778188 0.08675427167127842953 0.9961495422983539516 0.01264063786230282607 0.4432698497032002138 0.007740975251964674585 -0.01336214360741110746 0.9998807581008664069 1.279877365853440807
0.9960978883281280671 -0.08771188945457941699 -0.009778615267595162225 5.373248830039889512 0.08784079596842200854 0.9960411345326815047 0.01364012032508404165 0.4977169272623345186 0.008543502319193152506 -0.01444585640093231683 0.999859152981541488 1.273061525259646221
0.9959183620829087369 -0.08968600410578145277 -0.01015070114002327752 6.089254448826896038 0.08981821484022786684 0.9958677775999226212 0.0134185625573571294 0.5502794286400367607 0.008905298928783165688 -0.01427551069940371543 0.9998584427033959665 1.269581913285829255
0.9959854298163157704 -0.08888637797756981929 -0.01059412118287187884 6.827425830144493446 0.08902323153915571441 0.9959416346404895704 0.01323346651317976533 0.6072295452573869268 0.009374851462004845856 -0.01412346273610584624 0.9998563096567462116 1.263069209712941676
0.9962222965542496533 -0.08609824300045239298 -0.01132379796763288531 7.587503905328197185 0.08624865119878874498 0.99618160634005537 0.01354168955989496284 0.669248693183203236 0.01011464357090225731 -0.01446719537373918757 0.9998441849825659977 1.257480776272840828
0.9966840248991806206 -0.08045915630328705215 -0.01213584268737901914 8.369952984057547951 0.08064032654293928903 0.99662643145160279 0.01526086062749110704 0.7340902652526231087 0.010867025619630594 -0.01618889431081725616 0.9998098956577572416 1.249844158798564253
0.9969079547026717947 -0.07744017559019671093 -0.01332475347221305506 9.177169389829437307 0.07765816904839799306 0.9968401037165790513 0.0167037840733891621 0.7938617776567570283 0.01198910466157472078 -0.01768691117407080252 0.9997716912088151497 1.24219072852994894
0.9972210748231468136 -0.07308435116867084691 -0.01445010528758121186 10.00853181302013795 0.0733480894593605548 0.9971319755834702203 0.01865156941566547752 0.8523457865261483413 0.01304552418377366574 -0.0196596257151591472 0.9997216179594750063 1.241737647721765647
0.9974491608886408844 -0.06948864939695346965 -0.01632479854495651889 10.86608126782901351 0.06984356722259869865 0.9973090770943421335 0.02228185052579715469 0.8999444909250526869 0.01473253407151920054 -0.02336519527457254358 0.9996184372497400883 1.232850279717779385
0.997865097261718681 -0.06275691647482353752 -0.01807808345573869158 11.74780953929951899 0.06318693158873500693 0.9977061311114983067 0.02428760216501767155 0.9496678374686813306 0.01651239968209207779 -0.02537804911922249274 0.9995415425482030436 1.224747996079253776
0.9984560695705438915 -0.05197552114629882397 -0.01959648793309578391 12.65404871922839014 0.05247081351661452009 0.998292490417742151 0.0256693845747569295 0.9983812572609145342 0.01822884710139366718 -0.02665799649472460481 0.9994783941417849649 1.210987645639747479
0.9989888156947943632 -0.03976716002605819311 -0.02097424850081721498 13.58582755460627034 0.04034660669239250458 0.9987942576064853251 0.02796752224848015125 1.036645381987697734 0.01983677002744001563 -0.0287854816838579719 0.9993887624939089553 1.205617496085904738
0.9994066645025787565 -0.02687494690656366467 -0.02154196315564860936 14.54273842608363765 0.02748050378582276784 0.9992209377502843104 0.02832559748919525125 1.064169069822889391 0.02076393169675046224 -0.02890077490677210245 0.9993666015783601031 1.210857668694414135
0.9996870192215180362 -0.01437755222240393906 -0.02047314319024688342 15.52168975321689359 0.01494346584683511718 0.9995028462257133928 0.02776244252911581195 1.080606968923836675 0.02006380892255449008 -0.02805969313428130843 0.999404871507403203 1.217529610578263144
0.9998339665134101661 0.00069883375153700889 -0.01820854297983948503 16.52079101303788633 -0.000172529524202835044 0.9995825877183501795 0.0288898003428570381 1.081969508537659941 0.01822113167792350358 -0.02888186215732249304 0.9994167441056314161 1.216758866219898039
0.9997431560263067007 0.01601615409919684638 -0.01603448740778917053 17.53749605600092565 -0.01551125137386063536 0.9993948980589836273 0.03113260050960464653 1.070472498897799163 0.0165234094356060783 -0.03087588932394513125 0.9993866400943525186 1.228102188639384362
0.9993319647304669262 0.03306409173737255569 -0.01556888260369026188 18.57038577854756767 -0.03254902349229601977 0.9989497202553870858 0.0322493018743333637 1.042746020147465202 0.01661882479728452738 -0.03172100627764717906 0.9993585905084774179 1.238443767510978066
0.9985068467018166638 0.05236928539694140489 -0.01554139751143710294 19.61755910578339979 -0.05183981102366587435 0.9981194940884470235 0.03271252838979470112 0.9991669825846034581 0.01722530355684375944 -0.03185802046010099281 0.9993439625322896314 1.251733575760155315
0.9973701652750021074 0.07101571018570415617 -0.01447488604912356563 20.67758509346585072 -0.07049645923702570205 0.9969431699351488652 0.03368330676609987417 0.9336012924139100999 0.01682268273366082506 -0.03257429702199099442 0.9993277302862988432 1.259706546848941455
0.9960874454569907943 0.08744948928368265206 -0.01274314823697706225 21.73997092725583968 -0.08694981997144947405 0.9955778245202083765 0.03556014806692735231 0.8461428475814991579 0.01579651258661308316 -0.0343130026029833668 0.9992862893297739246 1.252672521223568758
0.9941943161304667154 0.1070629151552327241 -0.01073284549115391048 22.81112553154200029 -0.1065861484670005271 0.9935768982466389732 0.03800447638842855552 0.7437013800559437726 0.01473277736355449799 -0.03663986174989668915 0.9992199286453931073 1.254759418725190034
0.9917749580433304901 0.1276417735719559965 -0.009487372531710881046 23.88292391712396778 -0.1271574747962065377 0.9910435876947240041 0.04078705545417431189 0.621936599206842855 0.01460853180857165853 -0.03924518987819147764 0.999122818210965824 1.269625442955390815
0.9887149337637597402 0.1495005636756569778 -0.009610474139448493477 24.95494208480860721 -0.1489574223192132452 0.9878996923068772418 0.0431958826277790281 0.4776214459196745366 0.01595199324660484877 -0.0412768627761139692 0.9990203974448280677 1.286832513355072871
0.9851164706703107177 0.1714895956129504906 -0.01169862430277790813 26.02645606141528489 -0.170837166619084907 0.9843375896370976097 0.04352208782896222622 0.3101693854924190696 0.0189789808902864239 -0.0408757657290428067 0.9989839688705872689 1.304853947576666062
0.9809749101899717383 0.193692053419749155 -0.0131001534272644285 27.0961459704948453 -0.1929112384476003028 0.9801349806184872504 0.04605077467981070344 0.1131446373446497455 0.02175958773483375672 -0.04264748773419877598 0.9988531984889328363 1.32102511669430589
0.9764406147769620903 0.2153442164959555871 -0.01380558712012516093 28.16291504625288056 -0.2144901211565097832 0.9755888132549935809 0.04712170813944446812 -0.1046298254678834222 0.02361596367405109295 -0.04305038761098733263 0.9987937476708039775 1.339643764983893703
0.9713963295420003918 0.237119470208250499 -0.01278779889144428424 29.22575770818163932 -0.2363079782062961209 0.9705718566872274522 0.04635526337710411948 -0.3464420589656402871 0.02340321320635479346 -0.04200747379772574314 0.9988431617409968544 1.367352284260773931
0.9658124188784791286 0.2589714070412605373 -0.01183984270043022397 30.28447490541636355 -0.2582060756790309775 0.9650282410620715234 0.04527821148277408336 -0.6111074758295488296 0.02315154471165354472 -0.04067313963433425578 0.9989042505114043013 1.395793250850458245
0.9595919835520088093 0.2811760138741694059 -0.01110289712436337423 31.33406101586546555 -0.2803814107858773053 0.9587366387096371012 0.04701406259267524451 -0.9020818873231308821 0.02386398098479015906 -0.04200127161860407049 0.9988325202925553148 1.420900115495479454
0.9529949009235099133 0.3027712486306013973 -0.01141445646783496165 32.37555582332737458 -0.3019322710103642948 0.9521450700886627816 0.04750441272533902776 -1.217784932021973132 0.02525118880990503273 -0.0418250703349316369 0.9988058074296347622 1.437551995589754439
0.9460041865921253734 0.3239080990008777472 -0.01263417396622307926 33.40872935548676992 -0.3230234483420575953 0.9452402738318596009 0.04665486627863195401 -1.555127338047469943 0.02705421910492388643 -0.0400545643829587697 0.9988311674656104033 1.463823124620458271
0.9388152905422494365 0.3441303864422744496 -0.01414663815762301144 34.43168169946736157 -0.3431780373571856058 0.9381241612571453725 0.04638849794127553744 -1.916788960459459235 0.02923499477923621748 -0.03869541565442179143 0.9988232976295604582 1.491375264840435699
0.9313796424086611125 0.3637312169572496923 -0.01521721122652446717 35.44190078911945818 -0.3626788920301975971 0.9306860087747091947 0.04782859340133499559 -2.301459621175331538 0.0315591980643168124 -0.03902761691161926033 0.9987396368101834065 1.521328492132195453
0.9238379343022340429 0.3824459843965640204 -0.01607918415605437065 36.44204000305368396 -0.3813362871908003715 0.9231816519885354122 0.04814845276074835451 -2.703676107766065151 0.03325819020507002344 -0.03834979075121153907 0.9987107620996289459 1.554256174728777973
0.9157577137697586744 0.4014097024454624796 -0.01606426013951450099 37.43094486786140607 -0.4002392908623916279 0.9150703702740589085 0.04954520659424718754 -3.122939366546097606 0.03458785511064007417 -0.03894185703252990571 0.9986426848726742689 1.587456249608907521
0.907523022939202173 0.4197244083020061911 -0.01527690776378053117 38.40846640602877926 -0.4185331324265185171 0.9067897162744599227 0.05062042591811037606 -3.560958387343570841 0.03509957117314405767 -0.03954530989150740333 0.998601115846085019 1.628559718271894274
0.8990567808524116966 0.4375627853180820703 -0.01535297065654264888 39.3755367742351936 -0.4363639703046892082 0.8983602914032285947 0.050351487066764955 -4.014936757067113504 0.03582443611875792827 -0.03856936264171720308 0.9986135458935977427 1.665492290478176818
0.8903693179438754157 0.4549564222035991645 -0.01603532225614506118 40.32652646315742828 -0.4537251364285609934 0.8897280728772253289 0.05017426538637630856 -4.483484677390090489 0.0370941806358048784 -0.03739799767205750913 0.9986117421365918734 1.708463009020645851
0.8816047976510202888 0.4716584779444966125 -0.01764258886287094555 41.26752955627068076 -0.4703753571677392054 0.881065611541433924 0.04970323458730712546 -4.968978557409000629 0.0389872303200070186 -0.0355199710332075938 0.9986081952045930965 1.746685032427177875
0.8731418103013686149 0.4871116657277385076 -0.01859043344295101263 42.19392896786313685 -0.4857951398034379697 0.872670636592937643 0.04948779821163167003 -5.474447701407194167 0.04032940920726479223 -0.0341787235049080193 0.9986016991836975665 1.785574769853613963
0.8647870124538703518 0.5017596132621766625 -0.01951188330480954983 43.10826151952036156 -0.5004014774412616218 0.8643736385460609739 0.04956384126806785001 -5.995654589035960491 0.04173469139351800028 -0.0330983909825620648 0.9985803483188787633 1.827576326953449515
0.8566477699679300173 0.5154340713058866985 -0.02196170180133495339 44.01408366896678359 -0.5140316759808035707 0.8563901305637128258 0.04865573307877615189 -6.529383490709991023 0.04388660726621265717 -0.0303918148537575955 0.998574135100922855 1.863953038363986181
0.8488604913571184962 0.5280892366926789316 -0.02361407000699036057 44.91216031992237845 -0.5266109975138940635 0.8486831030720143332 0.04917161638057337969 -7.077158148773137647 0.04600786357105458857 -0.02930441347989314049 0.9985111555912766779 1.897693079832872165
0.8418723315071101609 0.5390907578667241129 -0.02514223986568357716 45.80257124312637274 -0.5375723427042012892 0.8417891908337212792 0.04906051931059743354 -7.637201358530446349 0.04761253828876613192 -0.02778692099153578024 0.998479310361266803 1.940332988215829335
0.8356569660340099626 0.5486331161202333551 -0.02606029575879784121 46.68492344095655255 -0.5470576564029474564 0.8356181345387073689 0.04970164786971866672 -8.21001448918150345 0.04904442567456795271 -0.02727704394272419813 0.998424061801396312 1.98447951659935895
0.8295599224741618816 0.5577767187442286279 -0.02674821585796420195 47.56243288202296782 -0.556142894155622125 0.8295513993405625452 0.05049313945798074993 -8.795918703399916438 0.05035291754080487014 -0.02701125467349203835 0.9983661531803312839 2.033110937417457187
0.8234064468639996637 0.5668510321497963744 -0.02610997153414539029 48.43387869210618391 -0.5651780856661478003 0.8233533164948330096 0.05160472555597895444 -9.388922060896247146 0.05074992360143792958 -0.02773487998297457374 0.9983262100570025055 2.080028929273359584
0.8177654633930921957 0.5749810046419067122 -0.02562208388216693361 49.30199477017625043 -0.5733394896338113167 0.8177141202696932565 0.0512391172640836029 -9.995578581857003542 0.05041305890264968087 -0.02721142797696002313 0.9983576822359472303 2.122992996920324948
0.8124369682709088325 0.5824656673469339463 -0.02607525548993068834 50.16459398719312901 -0.5808631602052687359 0.8124502153862611653 0.05022585624124512038 -10.61296868548247652 0.05043968381267398271 -0.02565918706640676894 0.9983974381056717196 2.174031810847098178
0.8073998680526600635 0.589303814952757965 -0.02874833474607987882 51.02181109837118811 -0.587685734230889989 0.8075870562144460418 0.04928107564151802678 -11.24010246015956938 0.05225830890917612659 -0.02289454775728946151 0.9983711278041559334 2.224784325365243731
0.8026866273384105632 0.5956327603431519346 -0.03026207359195649815 51.87463531936455752 -0.5938906432713240147 0.8029290100436048405 0.05097949259427419361 -11.87910480881614461 0.05466335268587715207 -0.02294819462167024468 0.998241102257738766 2.275584091008779453
0.7981166989231870401 0.6016814205130325277 -0.03145159947242923831 52.72834760725699255 -0.5998588300822637054 0.7984159401677526358 0.05197470979602993729 -12.52260057804638471 0.05638367558338709673 -0.02261536414615069809 0.9981530075255218293 2.326719368565061785
0.7938282338105894231 0.6073188776979493442 -0.03163093417627017151 53.575393258151216 -0.6054626325211953652 0.7941380347818245422 0.05253363049861973361 -13.17009025445770654 0.05702399342087693945 -0.02255133043890823405 0.9981180800234864536 2.377008862933203126
0.7895998471673687513 0.6128208882101153776 -0.03134709438900613182 54.41919210427221287 -0.6109305514345403365 0.7898894668938266639 0.0532774944425399577 -13.82595581515883865 0.05741030114148933106 -0.0229170038083437895 0.9980876055032904537 2.431409674017483979
0.7856979142972186914 0.6178512594541746283 -0.03063672077573863228 55.25404050194244121 -0.6159192306754720514 0.7859344667171415111 0.05431864606354832453 -14.48880216690076672 0.05763929868705099102 -0.02380830142896656412 0.9980535436688416917 2.490765746815486459
0.7820014282340856937 0.6224851280127668973 -0.03140114078786958307 56.08794015948066658 -0.6205692179759351168 0.7823065470434432678 0.05376162342881085632 -15.15556066954706793 0.05803112906524076492 -0.02255508492323270858 0.9980599461973810316 2.552699509752347495
0.7785593622563767857 0.6267735379615283486 -0.03162675377164793356 56.91518902754261688 -0.6248626488604223095 0.7788913084162606415 0.05361902398162513017 -15.82820094961353696 0.0582407889891649877 -0.0219832159793351585 0.9980604935138578382 2.613425473343830241
0.7754964152555624546 0.6306146752988345261 -0.03050313465068628382 57.74134845449658116 -0.6286337275889635201 0.7757342968893683466 0.05528053153834718014 -16.50799839060553964 0.05852304215757363204 -0.02369455480280130422 0.9980048204339094786 2.670776432414650348
0.7726670764723697626 0.6339965527972923898 -0.03215524804431164896 58.57008939817827553 -0.6320172399520310735 0.7730259120397338091 0.05463650536550355985 -17.18796503011791899 0.0594961960049378985 -0.02189315775049179708 0.9979884229311751787 2.729705198617836892
0.7704120192752065277 0.6366552991064846623 -0.03369496514215816751 59.40007045442622768 -0.6346362169608422699 0.7708675828488387172 0.05477263764343956454 -17.87865917125445847 0.06084564633504645909 -0.02081345315946476343 0.9979301616293844157 2.786639179849109915
0.7685973964829038163 0.6387796561668601658 -0.03490835125080865575 60.23421560103506778 -0.6367551473427671693 0.769138834619764622 0.05448243214322641415 -18.57362935836937012 0.06165163787112882404 -0.01964698315513855806 0.9979043399047370366 2.851492746523362598
0.7673633164816338059 0.6402466211171708999 -0.03518244827117302659 61.07427351828858519 -0.6382245777223527483 0.7679276937088705957 0.05437320687709622236 -19.27561930306607252 0.06182983834227932102 -0.0192697011658426072 0.9979006712632008114 2.909319156026757724
0.7666043103849998763 0.6411833340619000898 -0.03466645958855057302 61.91984433931211385 -0.639171432554356711 0.7671391230679360795 0.05438240216255230824 -19.98706706822833468 0.06146308734151109676 -0.01953197327010155679 0.9979182285711719613 2.965697321714661605
0.7659034083767057854 0.6421623626821051367 -0.0319291245022714984 62.77133745170371526 -0.6400919266966916821 0.7662330910914167958 0.05629543049138052702 -20.70969801813188127 0.06061595841576931931 -0.02267928726898476785 0.9979034800592232468 3.025522056397108805
0.7653305311939827549 0.6429492739093182196 -0.02975582635076313986 63.63034642178010358 -0.640904825812313228 0.7655219468367397972 0.05671995382382014061 -21.43591529549630081 0.05924679124496737281 -0.0243388596850451569 0.9979466106142186321 3.075164790229166112
0.7648288227863456745 0.6436480604208200118 -0.02745990079678454349 64.49534489765331102 -0.6416878256013823778 0.7648997284438093791 0.05625957608760259049 -22.16792403149262114 0.05721543769143738745 -0.02540826131602159574 0.9980384831992572536 3.125149217954674263
0.7645464105574063529 0.6439943487059315297 -0.02720413458665742537 65.36713401939333323 -0.6421342616850934659 0.7646448487058736809 0.05460627544258605387 -22.90585989791845378 0.05596763416409379632 -0.02428032500595303511 0.9981373100649426622 3.181411570538570821
0.7644300233948455592 0.6441850390796328707 -0.02593019009817980336 66.23963759300852416 -0.6423668436785978653 0.7644629058221025231 0.0544178625491943263 -23.65323224475113406 0.05487784138385688043 -0.02494195357222431589 0.9981815072806394795 3.233473462705629853
0.7648162397566946602 0.6438424107766095306 -0.02287071248986065689 67.11522096600114651 -0.6421119261201198025 0.7646881142144977828 0.05426197852442404823 -24.40724398609232537 0.05242512507128729848 -0.0268148851282046137 0.9982647786017601055 3.283846131791613221
0.765866353240034492 0.6426920820917090271 -0.0198901129065389877 67.99256085774554492 -0.6410630882725805169 0.7655932339205350212 0.05389913755820907593 -25.16509842806069486 0.04986828480339457192 -0.02852871871853237054 0.9983482690820104644 3.334838795000287348
0.7671100486952608932 0.6412456834881644641 -0.01860501541389412636 68.87781383342000652 -0.6395611226411963557 0.7667134158872199734 0.05578627344144496819 -25.92834771722660037 0.05003742196283816196 -0.03089516639132710435 0.9982693750170668068 3.388579307208019031
0.7683427609194234398 0.6397396982394686349 -0.01955812463380204522 69.77341294613836453 -0.6377624537927354398 0.7678276160757121493 0.06082601847694651953 -26.689685711563925 0.05393008691803398424 -0.03426179341427522396 0.99795675018361929 3.43220254542000669
0.7691091460781442901 0.6387750265319712684 -0.0209185778203803234 70.67162932191466496 -0.6364638355383388513 0.7684849407346047157 0.06591420117059336448 -27.45318393978536875 0.05817995763812665311 -0.03738129670317159176 0.9976059999749476992 3.48254721885691243
0.7694498149433095513 0.6384809643368847265 -0.01700119005094647556 71.57275927777597246 -0.6360563152721182556 0.7684073612769509731 0.07058676177477729574 -28.21779556973606162 0.05813214331299349641 -0.04349925648600386219 0.9973607514831343002 3.544923348626071835
0.7697728068403776325 0.6382203559968745443 -0.0111625731939110958 72.47125720613651367 -0.6360258387134596347 0.768372002394501763 0.07124323424090237 -28.99030216265569138 0.05404589103647809006 -0.04774141941214823937 0.9973965101876918204 3.604339298378937961
0.7699925753816684315 0.6379986838598818988 -0.008313437926888472135 73.37790485320817879 -0.6360474822558577213 0.7685395811935913368 0.06921352797512772548 -29.75782811254692817 0.05054734585604038488 -0.048006161394531989 0.9975672279576309753 3.65954827942433214
0.7700210607857506107 0.6379682157842286871 -0.008007596110885981458 74.29028765976468662 -0.6360107455663146503 0.7685323872147318269 0.06962974455077386438 -30.52331254445202902 0.05057566085151942586 -0.04852345258854921795 0.9975407646198318767 3.716939452964481028
0.769787444532079479 0.6382292814927224001 -0.009522315162495716481 75.20497377423568253 -0.6361414501441909897 0.7683244180947279567 0.07072230177138830176 -31.29887070629287749 0.05245327110120377029 -0.0483836005758235127 0.9974505910300032197 3.760913189558487968
0.7689138068300704898 0.6393379370194861577 -0.004308126478722716646 76.11905155820979019 -0.6371982402820127733 0.7668583349603914634 0.07685503681140407051 -32.07487043551440564 0.0524400633828318169 -0.05634976831756743909 0.9970329700481128654 3.817101429731110329
0.7677340152277620788 0.6407626835656340392 -0.002768611931196569322 77.0322073416362656 -0.6385676328567982951 0.7654475374649316599 0.07950751949682031972 -32.85487751137348766 0.05306467874136000518 -0.05927268121689015234 0.9968304214516314765 3.87333398959565578
0.7657510381265218991 0.6431326888892682225 -0.002385810179765325383 77.95281167758065521 -0.6406345318457808968 0.7630930297677320784 0.08530196086046577808 -33.62615002709387113 0.05668107457424628043 -0.06379163269554274929 0.9963522887930481575 3.931902586928802901
0.7635880575270249659 0.6456872992683392321 -0.00460325598494710185 78.86840970161112807 -0.6428938263209761361 0.7609102202696492734 0.08776767495820077258 -34.41025411566299397 0.06017313753228578643 -0.0640589435812982666 0.9961303354816419819 3.995163392535502567
0.7612176479034060694 0.6484717103400029492 -0.005668633796386218435 79.78163128941841364 -0.6456459333829259739 0.7586613483702180361 0.0870303808745716001 -35.19922444383045956 0.0607373132966586779 -0.06258913146700520458 0.9961895298564974466 4.057400527077684949
0.7589168666784980033 0.6511680882082168109 -0.005030941278404057332 80.69934937162625488 -0.6484487346565614985 0.7564102598706391456 0.08577737046993418046 -35.98584586259184448 0.05966094194022655145 -0.06183558572285059035 0.9963016271918444522 4.127789126677733123
0.7569907246000889822 0.6534125885521692156 -0.004126983279107199892 81.60598004557415663 -0.6507747055134159853 0.7544729556153552119 0.08522230875162320474 -36.78113837109179229 0.0587990266361534536 -0.06182676092586397026 0.996353414256235137 4.199363145061782987
0.7552794261034108114 0.655397788446904328 -0.002593723926931891521 82.51257893313841407 -0.6529981123095300877 0.752840959442801827 0.08260723397761195186 -37.57972559045409611 0.05609326006832400513 -0.0606978474424623507 0.9965788064627698617 4.272422344692834884
0.7536480516346618641 0.6572780563084724692 -0.0004134762805295002066 83.42308281906169043 -0.6551909490829952443 0.7513047294546275623 0.07915821965426539375 -38.38271866055142567 0.05233960744027379292 -0.05938653209664227633 0.9968619790615612652 4.329250808987000099
0.7522134465929501967 0.6588991561318051637 0.005180039917792902439 84.33057316931227376 -0.6570093132231431543 0.7494114366319445386 0.08198329697748664435 -39.18836970565212141 0.05013674403876512004 -0.06507227285134620232 0.9966202417185551221 4.390748810338585884
0.7508408181028625172 0.6604235848301208689 0.008874371569652405797 85.2358635634147106 -0.658586357249418386 0.7475993165681131813 0.08578619884242165428 -40.00034683037657146 0.0500207548480180314 -0.0702563197657138927 0.9962740454400146328 4.449850523660740187
0.7498993320414153452 0.6614845490175043086 0.009443686512593972224 86.14254221451683691 -0.6595218953552117735 0.7464045294547742015 0.08894463421964367289 -40.81348185871775058 0.05178669086655677406 -0.07292783981790522396 0.9959918015870339314 4.503592158130202527
0.7487378495879861706 0.6628346983329241882 0.006464926933825729596 87.05563745271241771 -0.6604545554021410414 0.7451470803627140427 0.09249653439715051217 -41.62205923230381188 0.05649259104447768715 -0.07352544670265086235 0.9956920185701284565 4.550059751174460487
0.7480695792015694678 0.6636201949242710452 0.0003762470720011209038 87.96705001782306965 -0.6607985551303148242 0.7448364022594662348 0.0925419008172130575 -42.43388842095711055 0.06113243174351151721 -0.06947640432439630698 0.9957087199735060734 4.60757864485284685
0.7477516630928408015 0.6639715093437537075 -0.003047149761392324487 88.87115227885780655 -0.6609751245484720705 0.7447975206302266393 0.09158896216902474852 -43.25143813160833162 0.06308197103786930549 -0.06647170858978139474 0.9957922358038009403 4.678748307264276818
0.7473159154156181483 0.6644289954381198404 -0.007282347671433124156 89.77261486480506392 -0.6615375902516823503 0.7450027520887898547 0.08566747378163114268 -44.06971125789525701 0.06234532260333572329 -0.05920311986052832071 0.9962971701998686314 4.754965654023405541
0.7463447684441808505 0.6655201759670724693 -0.007237540794988810665 90.67882071925997423 -0.6627070797068926877 0.7441078507850542589 0.084396877349873764 -44.88556080323981234 0.06155333559088768669 -0.0581927983585969269 0.9964059338928242804 4.832427430149385472
0.7452279176230307556 0.6667661852481473472 -0.007629220463111581994 91.58359721672097464 -0.6638861090306003021 0.742982041687889061 0.08504657527205836121 -45.69990521311044773 0.06237455435873943271 -0.05831414870277461249 0.9963477681159421673 4.914363146276379268
0.7444252583825055058 0.6676664222370257695 -0.007251434296025780456 92.48573063352816348 -0.6645824492683120033 0.7419485501147033979 0.0885579872581868377 -46.52328875837362432 0.06450738567537407653 -0.06110562658134931907 0.9960446273101568604 4.987275018031516183
0.7438209544620490998 0.6683449322541925586 -0.006740862949586702915 93.38144055986170144 -0.6652331545431826587 0.741259804810427525 0.0894357415630523539 -47.35114021950172969 0.06477065539032617059 -0.06203993312815393735 0.9959697831248505162 5.058616473358377164
0.7430926265445210177 0.6691433626942173696 -0.007778723381133710937 94.28737190397642109 -0.6661807856986792231 0.7408035522358378255 0.08610027735527220338 -48.16950746172029341 0.06337593503101543457 -0.0587984451923646359 0.9962561084891299323 5.121109538466348532
0.7424497878026529163 0.6698215985145100637 -0.01036044184685779544 95.19560967652974171 -0.6670707669611176671 0.7406441435208499513 0.08039181882612649044 -48.98860815968323124 0.0615215771717685031 -0.05277574093968744051 0.9967094946425287816 5.184482103312708645
0.7424774961956699393 0.6698575435760294461 -0.004247229367087091562 96.09243019217245774 -0.6671229819009931727 0.739990469953118124 0.08579645329552022803 -49.81684391213012475 0.06061431070742218097 -0.06086851150513799408 0.9963036332587635879 5.258029885225004918
0.7424018579381337357 0.6699392449734355992 -0.004570489517568142486 96.99522252635034647 -0.6671478933897787567 0.7398980139203463757 0.0863980170044853224 -50.63899836216432959 0.0612631183958793693 -0.0610928558928947249 0.9962502162023667562 5.334138769376080447
0.7426694009975347566 0.6696353567037104382 -0.005536232857933307168 97.89183496156807962 -0.6668317572023730877 0.7402682556404596159 0.08566397887926113786 -51.46775008693931852 0.06146192649403483393 -0.05992827999638915965 0.9963087035895632493 5.402186757734620315
0.742888672106588821 0.6693927972419714267 -0.005450124427774249818 98.79113319553820816 -0.6666903812259379336 0.7405743169887923916 0.08410479532938347491 -52.29208898208226231 0.06033536638260232621 -0.05884695418756051566 0.9964420101271946884 5.472173319634737965
0.743467737656196892 0.6687422190305510883 -0.006290274276286711604 99.68821254456103986 -0.6659292851442489836 0.7411412672689472458 0.08513406567437337147 -53.11649719503394351 0.06159472584276950297 -0.05910555335223159623 0.996349649124884551 5.547941370209271916
0.743386758196986408 0.6687517813638222952 -0.0121318860895462937 100.590244907284827 -0.6656314224797653667 0.7414552277956165671 0.08472871167505437173 -53.93559198231283602 0.06565772722946931761 -0.05491083770317865126 0.9963301976542695559 5.62274269438968588
0.7437170414460796408 0.6683281670646258332 -0.0149138650499459173 101.491689806261121 -0.6647683033645362949 0.7417397016237787799 0.08891185453528492599 -54.7581318492065634 0.07048450258408779645 -0.05621099663860609774 0.9959278381250161738 5.696290587510729253
0.7440448382808768635 0.6679359853433868288 -0.01608720332881775211 102.3895535591667283 -0.6642769735460843927 0.742121926645048835 0.08939322350768812153 -55.58129970629218519 0.07164761715534213871 -0.05582620778809654211 0.9958664837617349219 5.773573086633639662
0.7443837460606248513 0.6676217124290823035 -0.01319422957246620468 103.2834381900823502 -0.6642948891657520782 0.7423932841742985067 0.0869742021588046782 -56.40308004136819164 0.0678611732068671869 -0.05597732314213618721 0.9961231853866410191 5.859586334193387813
0.7445970558329266797 0.6674355648365397631 -0.01024652313063802687 104.1809525371129439 -0.6645738006070606163 0.7426689647769471048 0.08236790821566758458 -57.21779534176017989 0.0625850460703223227 -0.05452133113256655422 0.9965493146151417347 5.952035434854138884
0.7446548651150285414 0.6673910033288613652 -0.008853278274991351754 105.0825010098344734 -0.6647280253396739003 0.7427497526615416401 0.08037074871641092244 -58.02861396540888705 0.06021448487313090653 -0.05396344685909519601 0.9967257206546589199 6.031951725637640038
0.7452565438613958371 0.6667577318430010225 -0.005177920368663083486 105.9769285936184957 -0.663978005986153863 0.7428156995237773508 0.08577904235681604872 -58.85289456791556262 0.06104008026222224742 -0.06048936740104100818 0.9963007302180417746 6.113975327720021724
0.7457472550372150621 0.6662195619417823345 -0.003539334762155045121 106.8723820864358487 -0.663271263785501386 0.7429260898410419145 0.09017791120825494056 -59.67310346695271051 0.06270775263747487005 -0.06490239070789130538 0.9959193830022374794 6.180984065508560832
0.7459917973200593799 0.6659538481437632385 0.001307850794583514812 107.762699785380974 -0.6630938624495829048 0.7426033661994007051 0.09405727027195895373 -60.49717273263033945 0.0616665866809647592 -0.0710331799360853916 0.9955659292258282056 6.249360507860554748
0.7458676835042172826 0.6660328117791676217 0.009038381358894906695 108.6608014961123274 -0.663733558368601595 0.7420145995538287575 0.09419181251215623385 -61.31082401360251311 0.0560282268094123917 -0.07625370602473727222 0.9955130386479555948 6.325189178128431067
0.7448253280192809189 0.6671749457262329264 0.01062179533642170458 109.5693506442927401 -0.665578885110191476 0.7417261252611506706 0.08274722231322567678 -62.1084689781702366 0.04732841045762182369 -0.06870186970001687654 0.9965139610980253693 6.385946371862622151
0.7443403725613035871 0.6674162705340966895 0.02264799332517853162 110.4647709483078302 -0.6668309580058077168 0.7410054537521328921 0.0790404387301357203 -62.92592365586875758 0.03597058826814675953 -0.07393537269773603482 0.9966141065847353708 6.453477006718498998
0.7434429357912035741 0.6681441808378755232 0.02959653416602800111 111.366119050811875 -0.6683276782915413827 0.740529041840343849 0.07039071402152739798 -63.73634308081287969 0.02511405287074284717 -0.07211166204926112988 0.9970803340478131549 6.502586312897387089
0.7428743126034005329 0.6685876439233644497 0.03359044606774167635 112.2638252147346662 -0.6691890640709409199 0.7403217850366264896 0.06410656072541594253 -64.55898502328348343 0.01799311540238886925 -0.07010147639805897057 0.9973775768508778006 6.522962049481192182
0.7423960185526199407 0.6690163500900020432 0.03557070352790094037 113.1633507118639415 -0.6698169965209470611 0.7400872719600233296 0.06013336057820291985 -65.38534617787942693 0.01390477647701233825 -0.06846862927664258691 0.9975563663252828839 6.535059169411584712
0.7422218397510303989 0.6690750760656622997 0.03801688025501431811 114.0612280676716068 -0.6700886202708223882 0.7401600021797023476 0.05607505824240151954 -66.22302919690218914 0.0093798496865043577 -0.06709481172990505726 0.997702513106380362 6.550058492464817306
0.7418485021676819446 0.6690303083465014566 0.04537891961419944498 114.9634379959203017 -0.6705632123840642445 0.73990054732681243 0.0537787900816647374 -67.06247197975750396 0.002403753051192334452 -0.07032514898148897742 0.9975212255345748957 6.556138234897404438
0.7413912057829606939 0.6692696941029246949 0.04916458626964274881 115.8728180937331018 -0.6710433231355753536 0.7400559995133304536 0.04492188842300681023 -67.90514390755862451 -0.00631968850904834293 -0.06629626037494738833 0.9977799694308588929 6.551192514149195567
0.7409367613441677491 0.6692327269441720183 0.05603813768928522787 116.7814173139091878 -0.6714365526773696802 0.7398938338564539086 0.0415941143664360774 -68.75986284845018304 -0.01362612995482333049 -0.06844466237819951671 0.9975618561143908547 6.545041880490466646
0.7404905355788751198 0.6697864069738578285 0.05531668601028474908 117.7022549305343233 -0.6718927569162768121 0.7396598862542123065 0.03825409611859467707 -69.61531064084422837 -0.01529346009102106572 -0.06549367678986620089 0.997735780845304232 6.519044704338972096
0.7402564764331920344 0.6701692152603547781 0.05379193262967435496 118.6335137128190809 -0.6722058380686808388 0.7392566869343122349 0.04048286167363764065 -70.46653339814261585 -0.01263567826029156696 -0.06612695169312357568 0.9977312092415860922 6.493655410638700332
0.7401422018316915485 0.6705396335876210312 0.05065689346885162564 119.5665711262786601 -0.6723839578026827857 0.7390250308276968827 0.04173508236150869771 -71.32971406642042211 -0.009451685423018206869 -0.06495077827324936826 0.9978437062207505814 6.473237805636122388
0.7398935953942734622 0.6708647988863837286 0.04997888663893056832 120.5020392891684935 -0.6726584292189357051 0.7388136285912484391 0.04104948000336900577 -72.19109804178373224 -0.009386431443808183547 -0.06399096672941231856 0.9979063338218602253 6.452527808863559144
0.7395783111493284823 0.6710300866045584289 0.05236930922769591351 121.4358623422718892 -0.6729324370902548536 0.7387609544045588006 0.03733881839367453326 -73.06622999290094356 -0.01363293032614080851 -0.06285598713523186942 0.9979294905412797734 6.441813940434284902
0.7391963762234131652 0.6708750944122003901 0.05929017688956095961 122.3722569100072519 -0.67321179294827449 0.7385521992430688076 0.03642157092433017523 -73.94441816162554915 -0.01935456570279515953 -0.06683753953167058393 0.997576134485888999 6.425535906580891243
0.7388706134522043945 0.6711702918775847015 0.06000546539875206697 123.3220183403908408 -0.6734545898535132524 0.7385461717699651762 0.03175637840128045508 -74.82403685762687928 -0.02300286899496101559 -0.06387481087946017544 0.9976927766367329475 6.394931057875348657
0.7385654731722242072 0.6716603802102004694 0.05825268657991355264 124.2805122478284687 -0.6737688167150868157 0.7383763508452558799 0.02891273309106733025 -75.70005129238336394 -0.02359286884294664946 -0.06060279010352953577 0.9978830985498386985 6.36354183970414411
0.7386179698205848076 0.6715890334902262504 0.05840945774257405576 125.2348686921274208 -0.673709932341185147 0.7384252528931170012 0.02903571859919999373 -76.59415561987404431 -0.02363094841417917591 -0.06079733534785776439 0.9978703634699481739 6.327239238052049686
0.7388604297488243766 0.6712536424827153514 0.05919301314403267733 126.185192243781529 -0.6734156048384227766 0.7387048295449363255 0.02875061681230364416 -77.49511221897914481 -0.02442720842593022398 -0.06110419184207992183 0.9978324454675957522 6.286317249116938122
0.7390533722574916808 0.6709989616875577934 0.05966997879209295225 127.1490104950884046 -0.673204071106276225 0.7388755996355591549 0.02931086674134460515 -78.39770406447374285 -0.02442113021064418535 -0.06183236755464281698 0.9977877363055843718 6.246595629878043177
0.7390804011854090749 0.6708602307129313269 0.06088276793483791277 128.1234057782615707 -0.6732005504439978472 0.7387786656416928111 0.03173487158597061014 -79.30302362909068847 -0.02368922678166290527 -0.0644409345096136621 0.9976403091766162801 6.209600705204667115
0.7391329819791594424 0.670883524465901826 0.05998109327784367784 129.1034273244311237 -0.6731309251508581504 0.738904313287442216 0.03025183318021142098 -80.21576625544294359 -0.02402483207320035147 -0.06273525647850057563 0.9977409959696109665 6.172173176046665155
0.7392769380491190923 0.6707579004156548619 0.05961080354014051952 130.0873925858836628 -0.6729460349974225597 0.7391319393224806689 0.02876821604890417161 -81.12911613083278439 -0.02476374062952854671 -0.06138253255911729073 0.997807066444541868 6.141347058829702554
0.7393946468180755405 0.6706412057952882977 0.05946368090032091297 131.0748716177411097 -0.6728144535316160635 0.7392608884215279286 0.02853156093112059477 -82.04421429143212663 -0.02482473314511703111 -0.06110410738776211881 0.9978226398937932728 6.103298825745327782
0.7396267987738474048 0.6705996412051633548 0.05699403259164030622 132.0675467348616792 -0.6725649804421398592 0.739578715917927898 0.02607048223668247469 -82.96474846738490783 -0.02466871740514501796 -0.05761461773452315055 0.9980340726673062601 6.05936816271916534
0.7395923058132516381 0.6704709314752188565 0.05892326559679186837 133.0681847153705633 -0.6725660845925738318 0.7395540546068402055 0.02673316611248527722 -83.88401059903655721 -0.02565312919806340269 -0.05940143400066428409 0.9979044977356361645 6.013619052935063714
0.7399414342286494417 0.6702655357024499549 0.05683999965831407208 134.0672152289100723 -0.6721406897740740405 0.7400690681244457281 0.02290562279106151192 -84.80905299146024845 -0.02671267604867322634 -0.05515329595701584653 0.9981205071950963736 5.973387834952297304
0.7402509813768314295 0.6699495743346999266 0.0565336397147098782 135.0670368863697206 -0.6718635430543422604 0.7402507397769995112 0.02506435265613372876 -85.73288123417663087 -0.02505721622814876745 -0.05653680313176062677 0.998086031265109086 5.941290247197644092
