1 0 0 0 0 1 0 0 0 0 1 0
0.9999879919768522862 0.004304121906775067521 -0.00234316809350188426 1.43258189644224454 -0.004286275671020208129 0.9999621701275760444 0.007568761762711954597 0.243745125402557522 0.00237565632506188916 -0.007558627412453220937 0.999968611211704439 1.372378872262269178
0.9997316604777192195 0.02314637346766678858 0.0009232733926375896044 2.119845481609620386 -0.02315994302167062938 0.9995431522675805036 0.01941916049218609525 0.8387603756996212523 -0.0004733684561010606182 -0.01943533252310344211 0.9998110040262715437 1.534073353733316214
0.9998952053940480811 0.01438614174588109286 0.001617762548039329215 4.950867297536797551 -0.01441711491030457822 0.9996729998644702242 0.0211196623939405477 0.469392480742561069 -0.001313403082642482147 -0.02114077263579480781 0.9997756461850348941 1.489146183075717556
0.9999332464337802318 0.01113630873404513819 0.003079822102163697495 7.145993575104675699 -0.01120997858945696653 0.999623645299417718 0.02503805380471629816 0.4280255131061044271 -0.002799831499369636375 -0.02507090716515822382 0.9996817546386905784 1.490046014155541165
0.999969647058431832 0.006605229888362099816 0.004132299596722773492 9.654893493638164514 -0.006713686071582573162 0.9996180792667853643 0.02680712633452434976 0.4168603624381603256 -0.003953654153745031485 -0.02683405562163123162 0.9996320833575359499 1.462198678554079034
0.9999860270893443648 -0.003387585021615487427 0.00405831169212103951 12.74734066893162421 0.003278173665087362031 0.9996389249265881238 0.02666970845428712905 0.3438461535339568664 -0.004147192241819474233 -0.0266560319503198577 0.9996360621532083268 1.386366260229568104
0.999965350263242958 -0.006547928875696497689 0.005140321035565758451 15.26277866064545918 0.006406146682269067347 0.9996113731952576131 0.02713049692461605086 0.3575542545381654169 -0.005315971933251045084 -0.02709662720949173806 0.9996186839171598004 1.352180859118858214
0.9999513909467703243 -0.008324564841768885073 0.00528368846682090304 17.61704957078932665 0.008169385040517361529 0.9995535001904674033 0.02874128398393079042 0.3476132700315062718 -0.005520587983086763448 -0.02869672241180812669 0.9995729194166579346 1.328680936452843797
0.9999278893002945257 -0.01041624325560924595 0.005976460147771628546 20.01940103156317008 0.01023952590526693018 0.9995306020169779648 0.02887434398930757359 0.3516659195791967396 -0.006274417000271420054 -0.02881106572165406318 0.9995651825585408767 1.297539647039851918
0.9998980892973786672 -0.01276383118405562123 0.00639496934756909885 22.31564803363420424 0.01256480949246556629 0.9994633646728555698 0.03025075601092602762 0.3569822025571873225 -0.006777653124014702823 -0.03016732156356376551 0.9995218837663391032 1.281718808243442975
0.9998439189588257392 -0.01656800883958152101 0.00613504720019743266 24.65946535771222514 0.01637289960248975579 0.9993978249472841302 0.0305927385051501452 0.3731882324213369739 -0.006638213589806572952 -0.03048751504680652022 0.9995131042395626331 1.252801103530514881
0.9997779106464046439 -0.02032298615790791366 0.0055772409966860911 26.99770797441431824 0.02013345114818844081 0.9992798866774045274 0.03216134678239003508 0.402072378046511747 -0.00622683935661924072 -0.03204191498052393061 0.9994671291023070614 1.226220009498920183
0.9997009205227934681 -0.02387380661571018511 0.005301967894563693398 29.32962084190584306 0.02367355884998466331 0.9991043860371705554 0.03507119063654286911 0.4409348028243989526 -0.006134502201126378583 -0.03493518511420960065 0.9993707523856100172 1.209011993852833644
0.9995671360487484725 -0.02889412438622259577 0.005538059881977176746 31.6530961712598895 0.02866867539031132256 0.9988967563680509754 0.03719377862965362463 0.4884877108424537928 -0.006606631718797872747 -0.03701890994262550805 0.9992927262439129654 1.188471520671008363
0.9993824363242165276 -0.03475060488704408146 0.005209743434944016753 33.96780854635386504 0.03451582824839490027 0.9986083934786018634 0.03987397740899750048 0.5470519348976470297 -0.006588138356220130977 -0.03966953407932195808 0.9991911351182659606 1.162960353121082813
0.9991761228884513679 -0.04036984284789642968 0.004165481729457742865 36.27773258261967015 0.04015153358704989101 0.9982507273947524018 0.04339746082958850087 0.616783023963657584 -0.005910143840068971498 -0.04319445617534511256 0.9990492025698763934 1.140096367984629655
0.9989131789570331321 -0.046487690044508298 0.003369804190145143669 38.58026615475449006 0.04629484662181576615 0.9979585308670395616 0.04399497523538970639 0.7014207112413324285 -0.005408149611165456901 -0.04379115600239075895 0.9990260690160980284 1.125469355551717676
0.9985443020165363226 -0.05387781416024343267 0.002541269687088067945 40.87163292360806111 0.05371888585442337327 0.9976284782523903161 0.04303139182479878005 0.8011993898162363958 -0.004853680342551724806 -0.04283223693824780159 0.9990704886373124038 1.108610627923551251
0.9980647445166106468 -0.06216084928041233637 0.001671696662260132877 43.15694753421227858 0.06203674086275533933 0.9971969540815656119 0.04182914717723999753 0.9162041355172061419 -0.004267146132966723876 -0.04164449047816198152 0.9991233797067778921 1.086812634406229661
0.9975542453447868718 -0.06987389693373464994 0.0017793599654196779 45.43628373274539456 0.06974122821113999671 0.9967111204589080842 0.04126867384772329311 1.04814565129943249 -0.004657110927860898253 -0.04104364604712765208 0.9991465009882002368 1.065677734212973515
0.9968819977312698422 -0.07882158165072211675 0.003666178581440067072 47.70786880778816652 0.0786195279237645317 0.996141084159899326 0.03901166848245388868 1.198962972195079857 -0.006726992519460151324 -0.03860179678226161731 0.9992320295390976215 1.048622808470624168
0.9961331217246980341 -0.08772261139869559632 0.004852551122996081288 49.97874787001618557 0.08749172725622074431 0.9955098663553380023 0.03612898629771103126 1.368614950243461692 -0.008000091545159177323 -0.03556472182613768657 0.9993353536709779217 1.028764186512697076
0.9953123885863882636 -0.09666719207306853634 0.002950102229919748624 52.24745522353366312 0.09651030364422254204 0.994742390369099394 0.03425402302314611153 1.554792279834872115 -0.006245831966877357991 -0.03380873821186964473 0.9994088046458079466 1.000144070357476433
0.9944956887229480236 -0.1047774341240378937 0.0001200410435299186678 54.51288030471515356 0.1047130661272795554 0.993923608708353501 0.03392688954778848298 1.7630828315293261 -0.003674084061805289823 -0.03372757552132615855 0.999424310168488983 0.9687179013290463381
0.993604986188864725 -0.1128986578704056359 -0.0017391008271592295 56.77557663903316865 0.112889821854622277 0.9929859114881076643 0.03514068450903839319 1.9922761111093088 -0.002240433497691358619 -0.03511228612883557365 0.9993808622444944056 0.9439047519706762479
0.9925355868853830144 -0.1219530824846553202 -0.0007446063249831943055 59.03382836801383604 0.121909366653794593 0.9919751530893672342 0.03351718925263875992 2.240707824389104097 -0.003348893572364341608 -0.03335777759110137436 0.9994378637944549837 0.9298301299740030501
0.991208514199524271 -0.1323039806180502098 0.001156758829657114195 61.28984927589421972 0.1322152111377840611 0.9907969464148645988 0.02899222169429488405 2.507643921606053095 -0.004981899453278907167 -0.02858439587604663656 0.9995789678610884632 0.9132056375586921071
0.989739123310163782 -0.1428594074671023784 0.002767216539577659323 63.54311389992663095 0.1427568267643143096 0.9894814485475217358 0.02338699195026368305 2.793943284145883776 -0.006079161242478524699 -0.02275198185755600289 0.9997226571005287665 0.8981535003292022701
0.9881666330392387954 -0.1533574677357845417 0.002862243449165692913 65.79213031187944694 0.1532724671420533924 0.9879870771679266639 0.01972526718109469945 3.102754153849629937 -0.005852876564788717442 -0.01905314774112693704 0.9998013409658301764 0.8799726045337681324
0.9864432850534523567 -0.1641018429392065714 0.0004801217650646254958 68.03915947333007352 0.1640639566070089816 0.9862705471515865741 0.01879962669213052981 3.43100352210164683 -0.003558583342677392684 -0.01846599483553416216 0.9998231561227851616 0.8498070940802013862
0.9848024732474547349 -0.1736576608937080712 -0.002665614117264153426 70.2794672333473045 0.1736751298627181028 0.9845795020572617462 0.02097983307470672673 3.785655065681415188 -0.001018799717441273844 -0.02112394237826968266 0.9997763455421093681 0.8219440141606673134
0.9832661564788346409 -0.1820996514701602731 -0.005232825029177867564 72.51900172227209396 0.1821737666458788096 0.982952487479974657 0.02484202292453689676 4.166280186517353989 0.0006198946626059550873 -0.02537960384593265437 0.999677693778965315 0.8047942814865871597
0.9818311403991543118 -0.1896133781441626531 -0.007374182751667878073 74.75465370457320091 0.1897462683755447577 0.9814432718464675132 0.02766690775740242303 4.568624813818043862 0.001991326204306698155 -0.02856345525421691289 0.999589997771030303 0.7901009813574608742
0.9803878448892078268 -0.1969142188925759318 -0.008028947092948294714 76.9868538372160458 0.197064592342085898 0.9799803823298637306 0.02835483545467388372 4.989821095484126445 0.002284740366469093301 -0.02938095720940386152 0.9995656753385027127 0.7834983079647179771
0.9788324609922116615 -0.2045155238044550905 -0.007772633461054431758 79.21510010281294001 0.2046505103989489927 0.9784882236473765316 0.02605695256263280621 5.426451252364875799 0.002276379006274625166 -0.02709606440778792105 0.9996302423357492639 0.776580735857216764
0.9771713070350507291 -0.2122963308695387241 -0.00815503566773511171 81.44361151622574369 0.2124350910171684259 0.9768663433731807899 0.02456581546047953077 5.883711029495838574 0.002751147385740271983 -0.02573742574622219989 0.999664951923402989 0.7754760048747380008
0.9753314528970583597 -0.220582897034486386 -0.008470095960872394206 83.67036086175687615 0.2207298964305197675 0.9750000931285508488 0.02555643208840466946 6.360328064468848019 0.002621032522732936066 -0.02679559544384865766 0.9996374974226028831 0.7727797909867517578
0.9734730473368042869 -0.228664753714222041 -0.007915587003515908021 85.88846265600538743 0.2287971207994979883 0.9730900692654875783 0.02734217640840960056 6.855214060341884519 0.001450387071088493846 -0.02842793530495733856 0.9995947923391963474 0.7660812131157219707
0.9716158092560532866 -0.2364483714764032407 -0.007408564628964158828 88.10188832681821225 0.2365642663804528589 0.971172928237417743 0.02933413251891893447 7.36606778003756002 0.000258989541975897155 -0.03025410856257680636 0.9995422061321377338 0.7610893172616071123
0.9696149869223437134 -0.2445242049605877988 -0.007395290662014977236 90.31910825603780779 0.2446359682984624861 0.969154145448560489 0.0298912257116370518 7.895806400560410943 -0.0001419516005466836951 -0.03079213451943239518 0.999525799717786323 0.7510538633667376285
0.9674031086975943827 -0.2530901722971468648 -0.008751569506721592479 92.53143875879118241 0.2532401350892325431 0.9669310981103289571 0.0302272308877363366 8.443909319495014998 0.0008119496398803503811 -0.03145816577224105903 0.999504739630597494 0.7367577595732943685
0.9652084130295444098 -0.2612659294546478828 -0.01062231251599583988 94.74063223568660419 0.2614726670492106275 0.9647171471402784526 0.03086859892666045727 9.010035386422773129 0.002182613836927289538 -0.03257207576623508127 0.9994670059972552423 0.7244097611445068363
0.9632524034597198526 -0.2683671403464218952 -0.01113037337006426118 96.94786419312298165 0.2685876204184665106 0.9627500717550856457 0.0311927795094175328 9.592980504731244196 0.002344650724291413076 -0.03303600033087016746 0.999451412173258058 0.7156143598782693793
0.9611647667769102066 -0.2757434755103892465 -0.01130605236760993774 99.14836992126332404 0.2759635535913427251 0.9606932256732158004 0.03020998568072914142 10.19061335051992856 0.002531441471946141615 -0.03215683222960727394 0.9994796295798283881 0.7091153354633241701
0.9587329894130539598 -0.2840610203778691778 -0.01184870089894765784 101.3495317478668625 0.284284185562835523 0.9583594302540719978 0.02701303911013696116 10.80440322237293138 0.003681962789633596786 -0.02926669002422832219 0.9995648573279481974 0.7077929109770293437
0.9560906822808832306 -0.2927828817174699672 -0.0129919755575950667 103.5430846792733206 0.2930190411041039278 0.9558161209595442687 0.02356659636607266392 11.44032333500870457 0.005518043684730519934 -0.02633869941861105915 0.9996378464758272075 0.7099307473723579509
0.9531874099478169216 -0.3020204663132743383 -0.01474447167194562792 105.7294799692976142 0.3022749518010189318 0.9530084813150487832 0.02011685997555263603 12.09201523087858732 0.007975903125298408267 -0.02363202212034877514 0.9996889078607600343 0.7049635005892074258
0.9503892078198238336 -0.3106213467226792146 -0.01657506017475476184 107.9079725049114984 0.3109062460648729931 0.9502528114598621789 0.01889180961359302607 12.76439669601793447 0.009882298186974385057 -0.02310786171017798971 0.9996841335690623831 0.7116253982894564789
0.9477798449018213223 -0.3184854659640771191 -0.01674435927482036471 110.0805620791844177 0.3187809399563160673 0.9476238366032946336 0.01969204463279380923 13.46039745852482383 0.00959572396680849482 -0.02400150559646255233 0.9996658690835932282 0.7247781670141455468
0.9450450687223982404 -0.3263804197209899116 -0.01912170772258821316 112.2500375140222104 0.3267731235218998553 0.9448144515160157297 0.02334476280092673273 14.17302569359987352 0.01044719231271332843 -0.0283103131250928737 0.999544587471484669 0.7298090907129273219
0.9422694168312207852 -0.334038899118286825 -0.02337434449121910882 114.4121235045904683 0.3346141431407336775 0.941943836818637914 0.02784211718917675715 14.90316793834562148 0.0127169695581845852 -0.03405616178059769905 0.9993390098109999897 0.7346601782475612463
0.9395450232088354836 -0.3415636720903433843 -0.0242777114174528956 116.5482849039608766 0.3422095785934934353 0.9391067591898072386 0.03116246400528939822 15.64556139412072078 0.01215539725275977673 -0.03758660336047512512 0.9992194421474444033 0.7549464568382060481
0.93658612234973182 -0.3497330549373704467 -0.02220868537458808162 118.6970493677863487 0.3503007120327437662 0.9361090827940012904 0.03145149058353787636 16.41537884936968439 0.009790126211951554955 -0.03723674790778423033 0.9992585141163452533 0.7705812054506684383
0.9335001332613399594 -0.3579974280631446626 -0.02037995832267805452 120.8417470240206057 0.358481348775044506 0.9330554661019518914 0.02997698713503904946 17.199511353757309 0.008283947216478772246 -0.03528935643282524875 0.9993428028164668131 0.7876804542124933306
0.9302270517606961997 -0.3665181802859948101 -0.01849474769890369075 122.9662017492517236 0.3669184162870128274 0.9298341182190974497 0.02791752827783748961 17.99910217270381452 0.006964765755818998032 -0.03275570355764825109 0.9994391206683926887 0.7936598280168765118
0.9270438133036112971 -0.3746270850240267514 -0.01563059122041269081 125.0814654776983303 0.3749226257552671915 0.9266936627633275414 0.02592064989663729613 18.81635590492989962 0.004774192316494974345 -0.02988984042595084836 0.9995417972886557756 0.7938216307847549835
0.923930428294939543 -0.3823507907264210859 -0.01266635312985579624 127.1862853595267779 0.3825508243457308444 0.9236363430578881095 0.02346854437439784002 19.64933316826031273 0.00272588758599073052 -0.02652882608657665051 0.9996443322118806485 0.790902803461602355
0.9209611079511312859 -0.3894807924914618913 -0.01163399852362114253 129.2794991317569782 0.3896469517541343297 0.9207186351189249329 0.02127082352555280387 20.49671644030947704 0.002427062037965711534 -0.02412275326256717659 0.9997060578714611623 0.7884387932722416448
0.9184951158813031702 -0.3952559020635995068 -0.01181075721881339434 131.3613019400670225 0.3954205496650554652 0.9182884766087324735 0.01971960015311759185 21.35634482985659588 0.003051393907205753996 -0.02278257253919441921 0.9997357867875489301 0.7842315434091231552
0.9162624146833177052 -0.4004010584714047249 -0.01192391771502516497 133.4357933912321528 0.4005597120198546301 0.9161020874705363415 0.01757505159869755459 22.2320855998492739 0.003886456646753408146 -0.02087960026208544526 0.9997744434359324694 0.780676250506267877
0.9139051810680716148 -0.4057759382357241096 -0.01109990837137723313 135.5015237045699337 0.4059071232713859501 0.9137925799438781915 0.01491737634636156745 23.12017139012147382 0.004089901524861190053 -0.01813859940648384489 0.9998271170142806197 0.7791817768731739147
0.911312772577428154 -0.4116254028063197623 -0.008576613654332253603 137.5554640452606918 0.4117087010204560915 0.911214512630432294 0.01356677838443716942 24.01665818569665589 0.002230704213773853674 -0.01589464489124439717 0.9998711838144410669 0.7761454209457323561
0.9084024026263937124 -0.4180516836818756188 -0.006153427771916837249 139.6118371977863717 0.4180969014721195309 0.9083121886633168662 0.01280425339752032897 24.93064573666342909 0.0002363937561686696974 -0.0142041436350155495 0.9998990881191901492 0.7740597486400770944
0.9051044567789182649 -0.4251472754640617802 -0.00597632700113536787 141.6500452443040672 0.4251878534765028417 0.9050483994054517867 0.01013331089396872844 25.85275435607558947 0.001100715668700047098 -0.01171276650134387212 0.9999307973684486983 0.7629389308101175438
0.901673088967163805 -0.43236309396260314 -0.00691343702498396339 143.6692495057174028 0.4324067207741852381 0.9016508884342788743 0.007078362451253699707 26.78524218921041111 0.003173083946098464048 -0.009371785569503262789 0.9999510493886739626 0.7583135563663128131
0.8982071839057701457 -0.43952397281846739 -0.006521663739970073523 145.6668827610675407 0.4395622685300322741 0.8981882194985215673 0.006552437623317926285 27.72709108610665041 0.002977728126925898843 -0.008752123853489911232 0.9999572658185225116 0.7587716161363506906
0.8946287185982937373 -0.4467790090633210198 -0.005288943143188358682 147.6867539324306904 0.4468093104266915305 0.8945891092856135263 0.008471461715485560998 28.6983826223617271 0.0009465596649646270105 -0.009941961977873319672 0.9999501294648804883 0.7611423572063495957
0.8908367837534723055 -0.454288443719035484 -0.00564221721542099066 149.6651309247365589 0.4543220545289770596 0.8907964013140960979 0.008558164197135625581 29.67266847055794443 0.001138191696720747487 -0.01018731118561924665 0.9999474602250204569 0.7566171670968027119
0.8865807435268686643 -0.4625396550484677238 -0.005626074563069827748 151.6400133453158787 0.4625675459871185224 0.8865666444617742448 0.005554307089549249607 30.66421995248066068 0.002418802761639191664 -0.00752678121340889187 0.9999687479905388088 0.7533300459308185371
0.881804889357443944 -0.4715965263680770847 -0.004105292056561102125 153.602247145853454 0.4716054702761005024 0.8818083450262490519 0.001524154757814319546 31.66875566859275537 0.002901294704812941092 -0.003280085308533315942 0.9999904117187347063 0.747363004296111022
0.8770227070480013376 -0.4804400227436707582 -0.00292504158205574797 155.5281007091576271 0.4804335639889671938 0.8770270965798289131 -0.002657528478574410716 32.68160718426067035 0.003842123768773864686 0.0009254246682535159944 0.999992190806572645 0.742859935831112983
0.8720429430226661616 -0.4894178707966639341 -0.003354589278423254772 157.4632829709686632 0.4893992494780660674 0.8720448347975255921 -0.005116709221953066704 33.72174101091005127 0.00542956118601008262 0.002820256693335660737 0.9999812828335893355 0.7411019632475821517
0.8668299893292521485 -0.4985795404206941339 -0.004920515556128616554 159.3812921447253075 0.4985594335303779601 0.8668422919697342799 -0.004788746237454000014 34.78019299954790711 0.006652881880608404151 0.00169785940157185229 0.9999764279402465483 0.7502539787531543602
0.8614359488704600443 -0.5078071424221386465 -0.007746747621547036937 161.2864414351025459 0.5078017409509835156 0.8614694295231443144 -0.002795332577457524705 35.85798739040040317 0.008093076102472118727 -0.001525811957658843032 0.9999660864334697363 0.7551897615730944757
0.8560198605634049551 -0.5168855290760846488 -0.007703775226784373778 163.1743322185640466 0.5168960573604044484 0.8560478738010475208 -0.000709680192332702792 36.95449631190685125 0.006961623824818652731 -0.003374550702230346821 0.999970073652846736 0.7675179325143179909
0.8505440428907425909 -0.5258960737789676321 -0.002854940794021987738 165.0627751897125108 0.5258954911339819294 0.8505485928739042745 -0.001011713976073837446 38.07962257834249442 0.00296032228289824827 -0.0006408931955717238728 0.9999954128634257478 0.7746844268143200374
0.8447678872292135877 -0.5351262365201280291 0.002669774165492788936 166.9238565903627034 0.5351328938875694607 0.8447578442700839352 -0.004119517408142203685 39.21360035716663361 -5.085082183136132173e-05 0.004908719992486682004 0.9999879508685238783 0.7750436696352849264
0.8394309348469314314 -0.5434641339962102968 0.001562268144687864891 168.7699761695052985 0.5434620548355461045 0.8394093188018072471 -0.006402379449215535138 40.36125295600178475 0.002168081163764850727 0.006223388822415962425 0.9999782841920280552 0.7698615553255125921
0.8350305528037081926 -0.5501524195821515528 -0.00750274031522632761 170.5864860128112639 0.55014866696998177 0.8350622330071244548 -0.002740663479347219423 41.51786999107345366 0.007773037725728785229 -0.00183908484283546109 0.9999680983168689474 0.7591571601896727195
0.831744553067486958 -0.5549361423690284401 -0.0157122988498741567 172.419353870143226 0.5550625762754856085 0.8317938555252263333 0.004951598620610257392 42.71232788898711874 0.0103215726024201461 -0.01283977426049056313 0.9998642934598437337 0.7596661077755590963
0.8285541012173982534 -0.5596497853787080201 -0.01703581760278711707 174.2258312313017825 0.5598625526829654753 0.8284937268501969543 0.01233153166418917215 43.91023119704446032 0.007212728966419074822 -0.01975505746479393893 0.9997788326652148339 0.7682346838233067299
0.8243497325312575397 -0.5659326071219006327 -0.0129538670617173491 176.0255420644874391 0.5660754270574063218 0.8242260672539425403 0.01449140920940393193 45.11817187796553696 0.002475753909261389513 -0.01927885513477965024 0.9998110803483191145 0.7845959718594739396
0.8194919983492110482 -0.5730122114444698989 -0.00947998824550024162 177.8214809846099058 0.5730891711992679438 0.8194150534682300702 0.01130362790407072812 46.33836056886171662 0.001290928252407785642 -0.01469611122629536047 0.9998911729878764421 0.7877424706674922561
0.8143981087449340128 -0.5801807886387434499 -0.01208192729659975095 179.6074803290196371 0.5802816907117400724 0.8143794727866491279 0.007696345136745034836 47.57257582005318852 0.005374001990978836962 -0.0132788101223406535 0.999897391387904233 0.7885386206116449248
0.8098368407655720524 -0.5864236694037345821 -0.01647942055708089687 181.382773195124031 0.586596493598109614 0.8098335911741726401 0.008608618027654613147 48.8238903068749579 0.008297290957937953487 -0.01663834634218562189 0.999827145257497385 0.788921506420421359
0.8061189318172966578 -0.5915592859748287635 -0.01516175922152037531 183.1478784891490363 0.5917306219234239606 0.8060486230889837289 0.0118527758129192539 50.0912645944447803 0.005209495547402966456 -0.01852642419098382218 0.9998147992317564237 0.7925354509512301249
0.8020793667737765587 -0.5971261598103428936 -0.01044215810695088217 184.9084967768008596 0.5972164781701343461 0.8019870765404887303 0.0122150425337713732 51.37130721612192019 0.001080554412856202413 -0.01603366246973101164 0.9998708686975371629 0.7891273035691035442
0.7978206200397249814 -0.6028527587748305772 -0.007128076669396886562 186.6648070025490256 0.6028948562468623429 0.7977692099390165659 0.009059800458755882038 52.66267077248048878 0.0002248343924190343969 -0.01152557637835345192 0.9999335530617236012 0.7749072768378768572
0.7939430812724836972 -0.6079605462060559962 -0.006193380045531163974 188.4510383041825605 0.6079849316082395205 0.7939419755722136873 0.003234557437219097182 53.99862193946267297 0.002950701082551956608 -0.006333536241664658624 0.9999755895429632835 0.7611365406527874633
0.7905493186276981721 -0.6123059590305875988 -0.01063895450289483423 190.1570661989110818 0.6123549218378503411 0.7905808820696358374 0.001821704409808864956 55.28475686932353739 0.007295513569479055056 -0.007954963332972082857 0.9999417453232606334 0.75269893517994646
0.7875769953832334469 -0.6160321697259604212 -0.01506128167998289046 191.8803909059517139 0.6161326820652544001 0.7876374641011935074 0.002782666943301458692 56.60446604858294251 0.01014861735382878438 -0.01147131234718574803 0.9998827003998213003 0.7534055514618527294
0.7843777429877395457 -0.6200316037880634346 -0.01767389627279464248 193.6057620533750026 0.620196537263048242 0.7844263777477469279 0.005613649479043531475 57.94051189823863979 0.01038323034436232015 -0.01536451097662999525 0.9998280453808369161 0.7590576298634670316
0.7811937183620843994 -0.6240685959347471723 -0.01657594521147114433 195.3329059694292482 0.6242442761434259246 0.7811794687555858596 0.008815968291171280211 59.28606539163806133 0.00744701912114221435 -0.01723441797027021327 0.9998237428384242342 0.7649183759295277163
0.7779962004465470482 -0.6281619252332282244 -0.01159774883416809371 197.0527976420349603 0.6282600073723110246 0.7779511828510697891 0.009017773403955079217 60.64596510229298332 0.003357860521205259779 -0.0143021952128216355 0.9998920801690622806 0.7623812681189354734
0.7743727841976770776 -0.632697390324880371 -0.006387751562472224719 198.8103663653301112 0.6327271410865279444 0.7743586143605305505 0.005010119570246396488 62.04790156987474603 0.001776520871484799004 -0.007921404024869023452 0.9999670471229878954 0.7560254815958258323
0.7710584684231570618 -0.6367602079848483365 -0.002296910975182263163 200.52721456545666 0.6367615735291594081 0.7710607426583273583 -0.0001720693397648107774 63.42408005207860811 0.001880624790920555189 -0.001329909125231814931 0.9999973472925387519 0.7416820161958819213
0.7682528120054408216 -0.6401442269245205541 0.00172788337012904432 202.237715363839385 0.6401445569644543809 0.7682408603968793326 -0.004574560683289960288 64.81053238530890326 0.001600948005190560913 0.004620514243084548195 0.9999880438353321299 0.7325737383517028078
0.7659197834877420341 -0.6429337568963903182 0.00175200033783742457 203.9465392073736894 0.6429253871243412188 0.76588836232407842 -0.007871661041821320995 66.20927764939118276 0.003719119937095597198 0.007155466416286782039 0.9999674831949580955 0.7088896815383665118
0.7646369639488271863 -0.6444611870962430045 -0.0003028029411100637046 205.6456625246573822 0.6444388163863595809 0.7646141739443594876 -0.007986046451943621532 67.62151316446967542 0.005378224397310119725 0.00591128834400119537 0.999968065176306653 0.6939522586389226255
0.7640307802674337623 -0.6451760557724912637 0.002196329161965777932 207.3517553164194567 0.6451786832945465289 0.7640187205168449402 -0.004456604325986606926 69.03572980801516223 0.001197257805019732047 0.004822007637325263427 0.999987657331876223 0.6937257980199864615
0.7645718604536937413 -0.6444816596779050499 0.008559237185083471908 209.0555055767257215 0.6445075130796539264 0.7645978968131765807 -0.000348959520359385766 70.45446994509867977 -0.006319476739198333706 0.005783297301721249291 0.9999633081698861004 0.6933952746838147885
0.7662307932408143341 -0.642472206439245741 0.01094693759183998361 210.7649873614249714 0.6424779832193093787 0.7662963963159855618 0.003445877476457596435 71.87893549328605047 -0.01060247933274198646 0.004392828954236235699 0.9999341430743214909 0.6642493848169994664
0.768148487848268946 -0.6402001141262557704 0.009576768199510751062 212.4934616724117973 0.6401681010449532527 0.7682073439206799081 0.006502241985103652047 73.30029195526097396 -0.01151967972283007499 0.001136054163947594056 0.9999330009355726911 0.6241981504193148123
0.7700396416835439961 -0.6379861953764587312 0.003544678398711106123 214.215882367452906 0.6379781101434377488 0.7700477694150510422 0.003219285124370762502 74.72312247865107793 -0.004783431162550534979 -0.0002175499377716466729 0.9999885356634533595 0.5860318436877738346
0.7702764568015364466 -0.6377099736867758439 -0.0004117738244071612874 215.939683591924279 0.6376857355506212466 0.7702525040269211365 -0.008245163159154958107 76.13839892694701916 0.005575192600610239142 0.006088472769886871423 0.9999659232827868838 0.5549144519075233095
0.7697997165904065797 -0.6382822040956599441 0.002055303412145611987 217.67549281095026 0.6382292436165115657 0.7696851066710016509 -0.01575655931808470425 77.55623619201945473 0.008475194984492543174 0.01344114963963766347 0.9998737453130468467 0.5441514890227703294
0.7698124830590771239 -0.6382390903046741837 0.006293213287357304377 219.4158220952121496 0.6382526438639286592 0.7696810371516520366 -0.0149887841355601046 78.97453783334941591 0.004722661021423285414 0.01555521315248743243 0.9998678571774659574 0.5603809562905341934
0.7703506288474518682 -0.6375550613991405324 0.00913522406258467437 221.1553201390787251 0.6376194533320654889 0.7702442676224866558 -0.01285305128042256786 80.40000452725153934 0.001158173930603261306 0.01572615270933324164 0.999875665647539047 0.5655300619088667879
0.770869335311321402 -0.63694268744921545 0.008029992630920679969 222.9019916050953043 0.6369902125076590815 0.7707650753331066751 -0.01283229582724080241 81.82453141938967178 0.001984199115250238465 0.01500705006726846084 0.9998854191366876032 0.5573293041630651423
0.7712080962992948763 -0.6365462486275074161 0.006851683053470299274 224.6492201440287886 0.6365642969497332659 0.7710578423836630391 -0.01599060810419943024 83.25422051279065272 0.004895717650095246683 0.01669362324056244268 0.9998486659949058497 0.5509298107310793835
0.771281996818381721 -0.6364675287621915922 0.005759011651205079955 226.4082336183018072 0.6364462861756273737 0.7710828131436352484 -0.01916820512591410619 84.6800879256988992 0.007759265242359140134 0.0184493931023910103 0.9997996867858341963 0.5433697409567195269
0.7709604996427181778 -0.6368472357050408705 0.006745840607245479938 228.176293752028414 0.6368262855073343331 0.7707073422320105394 -0.02150522533250234444 86.10831022937452417 0.00849647442068720074 0.02087560788381192731 0.9997459771951572316 0.5303442624980796438
0.7708008808834474479 -0.6370242040937966754 0.008134213420259991251 229.942582086608553 0.6370286951567877276 0.7705248415129806183 -0.02204336993829683622 87.54890944104994333 0.007774546684010075377 0.02217277632731395887 0.9997239240979466368 0.5298113043428378521
0.7711977932453699669 -0.6365232652965888693 0.009596688472596683062 231.712889680550461 0.6365596719315211871 0.770906464098793931 -0.0222487680811573954 88.99828073979750798 0.006763709330377661554 0.0232670657123617633 0.9997064048455580609 0.5206620546440297037
0.7716952687790731291 -0.6359152989970432435 0.009906797943589109798 233.4939382169532678 0.6359564951534709687 0.7713923448046214881 -0.02265362330712696742 90.44445294534676805 0.006763757543507229256 0.02378198642521176659 0.9996942876227530306 0.5116276052036612398
0.7726687371648053304 -0.6347358524923322198 0.009665410957494699126 235.2822328802822938 0.6347645875925180814 0.7723436008178632406 -0.02364911444848403696 91.89705611707741184 0.007545922517851357328 0.02440819199632244044 0.9996735963387375357 0.4929414817577768559
0.7731597803051185602 -0.6341307808102690791 0.01010479824139560133 237.0739995869518566 0.6341675062876892532 0.7728210706084521764 -0.02406588441049598015 93.35328733176794458 0.00745171707691974234 0.02501490860595352583 0.9996593050935109748 0.4988222046817003541
0.7734093094589482575 -0.6337917843287116382 0.01208363189031600414 238.868407412414598 0.6338698833706661873 0.7730173680093664901 -0.02555620690810129006 94.81500620901300636 0.006856456657113141166 0.02742485867419328788 0.999600353205624681 0.4929177740537948882
0.7735723911022646115 -0.6335351336848006332 0.01479831447519975793 240.6707715025773666 0.6336767957316638 0.7730919111786982434 -0.02797526445485614896 96.27889176464991294 0.006282855686419358369 0.03101824071493534257 0.9994990717691407678 0.4869867093944579839
0.7734603503571639838 -0.6336395395772683736 0.01612514526075810653 242.4765579296630733 0.6338139557795829937 0.7729220192614869589 -0.02951985094445076438 97.74512705028028847 0.006241464925001416995 0.03305277635922763968 0.9994341189345783416 0.4734704492969545875
0.7731969968072928134 -0.6339718159934712993 0.01568887039029421421 244.2979057958475835 0.6341286594757546968 0.7726467941682910734 -0.02996288859480846292 99.2074161666681249 0.006873671483678137073 0.03311597782646352045 0.9994278786650548918 0.4638457313995147935
0.7729418378191661443 -0.634288933858345616 0.01544227099792335779 246.1254744200773814 0.6344423943227855966 0.772417100567024506 -0.02923475735494104541 100.6700292552094425 0.006615408883886762965 0.03239399846382932241 0.9994532831647632287 0.4633187949514323556
0.7729626832381166768 -0.634217532432308051 0.01722822906758612535 247.9527689501090322 0.6344205556779290989 0.7723718431088746339 -0.03085926936768919673 102.1413654446290877 0.006264890632606370455 0.0347830063116214977 0.9993752516533952468 0.4538340989407172454
0.7728676198197289571 -0.6342952068337263105 0.01858044192013244902 249.7798652398574859 0.6345372048631482409 0.7722145115598744169 -0.03236176417946994011 103.6191520888546478 0.006178825021799456974 0.03680134133567720262 0.9993034991418998647 0.4444366646444493085
0.7730084612693686186 -0.6341339551504069361 0.01822212202968872402 251.6053464308268985 0.6343597530548958918 0.7723398935404963694 -0.03284497754583270285 105.0958551708126123 0.006754443729473468341 0.03694882638402061797 0.9992943318756235538 0.4389356177605392428
0.7731361075781031378 -0.6339999834812162227 0.01745222349150498189 253.437445773714046 0.6342008769328991713 0.7724893189532353599 -0.0323959843299793035 106.5855250757920061 0.007057397290892274654 0.03611472066878282372 0.9993227307003950122 0.4377423724935836091
0.7730027174180924554 -0.6341656489367030192 0.01734152741067284884 255.2231668265164046 0.6343582438038189997 0.7723360622876169757 -0.03296400170174737521 108.0338514181158587 0.007511150536327361286 0.03648200376553555752 0.9993060822485131389 0.4340145133612918205
0.7726451338733122398 -0.6345934480238708542 0.01762534615450843042 257.1124850753722058 0.6347987415134770384 0.7719899194271039322 -0.03259021441843171912 109.5548867015454562 0.007074946981936071876 0.0363692181399104808 0.999313376822853483 0.4387138317332375248
0.7723653327496756704 -0.6348975280056171622 0.01889237144562302614 258.955120457864723 0.6351463794896529125 0.7716851491318006406 -0.03303191230638077153 111.0446705495677833 0.006392916992150495664 0.03751212526353705362 0.9992757232468645334 0.4354281102361072797
0.7721369076266011433 -0.6351279210853059132 0.02042350946059552294 260.7374364791106132 0.6354359818676682536 0.7714569899455239188 -0.03279063299273295845 112.494352314139519 0.005070387431150774789 0.03829669074540476004 0.9992535487298750407 0.4266120456390718463
0.7719815825122010589 -0.6352453987551809345 0.0225326346069205305 262.639009985995699 0.635633599749043432 0.7712713311482354284 -0.03332357452168004802 114.0368296887518369 0.003789872297416231519 0.04004768544123659541 0.9991905823008786491 0.4332222278946180616
0.7716413235013939165 -0.6356124284656226031 0.02380144207923003824 264.4920832950616614 0.6360451988845735594 0.7708488729984199761 -0.03519261247689622202 115.5311540439287938 0.004021547077977930852 0.04229486703016739624 0.9990970780569824461 0.4323899039469045746
0.7714653613517568065 -0.6358283319643700526 0.02373875535512111681 266.3404038133406289 0.6362516635965409506 0.7706111401068898026 -0.03663729402935760049 117.0300332495651929 0.005001680221446193515 0.04336822586371602561 0.9990466356383950197 0.4187599314047072419
0.7714572009037302669 -0.6358795344746791534 0.02260541550263637373 268.1944717825446673 0.6362504729619672394 0.7705836856823976566 -0.03723061933146769309 118.5381471866640766 0.006254824494294124702 0.04310453568242055694 0.9990509877749725876 0.3978689611660506387
0.7714838925363761701 -0.6358577373601025373 0.02230563597416891641 270.0449685687282795 0.6362102074309815558 0.7705764148226454946 -0.03805996426306487018 120.0517780286050851 0.00701252576100467543 0.04355372266947062088 0.9990264749865651606 0.3908791955960075892
0.7712081745981796965 -0.6362013312671741527 0.02204126872072073584 271.9091726041928041 0.6365448489610070482 0.7703203256498458718 -0.03764639626742743994 121.5593746627539389 0.006971850124067545222 0.04306346461434258643 0.9990480125205478679 0.3853883987840076575
0.7705792319762443388 -0.6369195273938177415 0.02326290762861133246 273.774696923358249 0.6373094220672708143 0.7696423538101540007 -0.03856614792595731978 123.0655680535133598 0.006659413726648185511 0.04454394286546101145 0.9989852298021306698 0.3861140413095505153
0.7704228510979209688 -0.637129155343530984 0.02269515184768184507 275.6449726680640424 0.6374970482066745214 0.7695115306016575563 -0.03807253339181788931 124.5768935033788551 0.006792940006170616885 0.04380004203574457133 0.999017223216767003 0.3869751217622379169
0.7703921403502327347 -0.6371445834870761438 0.02329656240022421818 277.5121014900199725 0.6375324962103583459 0.769433808785376816 -0.03903754825571936066 126.0971237832172847 0.006947399684536225382 0.04492653593488445812 0.998966135565422908 0.3735679830330627116
0.7701665095941775396 -0.637362709267084715 0.0247451881230120567 279.3789955248022352 0.6378088334693442496 0.7691447596108043072 -0.04020237196624706216 127.6180868621232349 0.00659086094497208716 0.04674522006536910301 0.9988851009766059885 0.3749647896917911449
0.7703572084843702816 -0.6371585361402438696 0.02405766322380692088 281.247540113142918 0.6375728893949030862 0.7693399156753097934 -0.04021075549329897192 129.1434617718563231 0.0071121055112550206 0.04631515920655743246 0.9989015587047944678 0.3601580878658507956
0.7702934968343563282 -0.6372257336901748781 0.02431651820713276457 283.1216418325510631 0.6376493332461932173 0.7692566394838822319 -0.04059002858646158091 130.6634294600481212 0.00715936766654556335 0.04677164667811910259 0.9988799510059416242 0.3644821982250940895
0.7700675687766179722 -0.6375427301843921146 0.02313453495318330833 284.9946071225385253 0.6379194888336843228 0.7690891247628091065 -0.03950498623904565021 132.1906120842267569 0.007393597543799640751 0.04517947941939533252 0.9989515250274924041 0.3598886608267017895
0.7698798466241860705 -0.6377818384339574154 0.02278921511858690227 286.8723417052598279 0.6381481385534131245 0.7689363483618263384 -0.03877944595780023068 133.7152941666783761 0.007209370481097794083 0.04439840911318168604 0.9989878909403681062 0.3645460788061807289
0.7695989388849046042 -0.6380988746148926749 0.02339443272311409264 288.7499205265746696 0.6384935583932616066 0.7686630300395804749 -0.03851132483674880869 135.2424772088312466 0.006591597495251989847 0.04457546932538663381 0.9989842733381152362 0.3615162411689019084
0.7691259045828757746 -0.638637960180667652 0.02422599256684753247 290.6309393244782768 0.6390650895276327459 0.7681539027536390396 -0.03918409156011742889 136.7704327900048042 0.006415157567181325668 0.04561948597506173403 0.9989382905128622037 0.3586017116846291763
0.7690796114252396176 -0.6386885175636271006 0.02436244697026172801 292.5025358201519907 0.6391164235853787901 0.768068990560239695 -0.04000278544313017742 138.3095902507241988 0.006837279681062357478 0.04633576666195191041 0.9989025219381578724 0.3436374114249967082
0.7690766162835028785 -0.6386806480836079158 0.02466146892259962406 294.3822775773923581 0.6391171161575315285 0.7680275803730465256 -0.04077925478480386862 139.8457767221946995 0.007104232569255828494 0.04712393818248026417 0.9988637866745273541 0.345567206160593221
