0.000000000000 387072 1.000000000000 0.000000000000 0.000000000000 0.000000000000 0.000000000000 1.000000000000 0.000000000000 0.000000000000 0.000000000000 0.000000000000 1.000000000000 0.000000000000 0.000000000000 0.000000000000 0.000000000000 1.000000000000 0.000000000000 0.000000000000 0.000000000000 0.000000000000 0.000000000000 0.000000000000
0.000000000000 10387072 0.999999995806 0.000079616604 0.000045268166 -0.000007676194 -0.000079616100 0.999999996769 -0.000011125721 -0.000002871811 -0.000045269052 0.000011122117 0.999999998914 -0.000007626499 0.000000000000 0.000000000000 0.000000000000 1.000000000000 -0.001480607543 -0.000553700702 -0.001470230136 0.002144506167 0.008726334173 -0.015348413936
0.000000000000 20387072 0.999999942240 0.000295474611 0.000167972829 -0.000028524623 -0.000295467676 0.999999955496 -0.000041309387 -0.000010654597 -0.000167985027 0.000041259755 0.999999985039 -0.000028300404 0.000000000000 0.000000000000 0.000000000000 1.000000000000 -0.002633771514 -0.000983015043 -0.002609852877 0.003807346439 0.015488342596 -0.027247689085
0.000000000000 30387072 0.999999751349 0.000613087878 0.000348461420 -0.000059276865 -0.000613058025 0.999999808401 -0.000085772120 -0.000022097167 -0.000348513939 0.000085558471 0.999999935609 -0.000058712317 0.000000000000 0.000000000000 0.000000000000 1.000000000000 -0.003459491966 -0.001287941820 -0.003418867457 0.004988520050 0.020286025208 -0.035697825586
0.000000000000 40387072 0.999999341237 0.000997969847 0.000567081979 -0.000096664076 -0.000997890758 0.999999492344 -0.000139732413 -0.000035948778 -0.000567221139 0.000139166435 0.999999829446 -0.000095553040 0.000000000000 0.000000000000 0.000000000000 1.000000000000 -0.003957768991 -0.001468479025 -0.003897272599 0.005688025726 0.023119381915 -0.040698823673
0.000000000000 50387072 0.999998674635 0.001415631249 0.000804187230 -0.000137414354 -0.001415472136 0.999998978540 -0.000198389569 -0.000050962340 -0.000804467255 0.000197251001 0.999999656962 -0.000135515028 0.000000000000 0.000000000000 0.000000000000 1.000000000000 -0.004128602713 -0.001524623850 -0.004045066517 0.005905861685 0.023988412582 -0.042250683671
0.000000000000 60387072 0.999997781715 0.001831578794 0.001040137034 -0.000178251186 -0.001831312499 0.999998290143 -0.000256913903 -0.000065896321 -0.001040605814 0.000255008517 0.999999426055 -0.000175293256 0.000000000000 0.000000000000 0.000000000000 1.000000000000 -0.003971993292 -0.001456372684 -0.003862246910 0.005642025633 0.022893117035 -0.040353405998
0.000000000000 70387072 0.999996767150 0.002211314831 0.001255299180 -0.000215892973 -0.002210926767 0.999997507711 -0.000310443736 -0.000079515379 -0.001255982540 0.000307667358 0.999999163924 -0.000211585506 0.000000000000 0.000000000000 0.000000000000 1.000000000000 -0.003487940921 -0.001263721112 -0.003348810971 0.004896514768 0.019833495067 -0.035006991166
0.000000000000 80387072 0.999995801420 0.002520337921 0.001430048502 -0.000247053629 -0.002519833977 0.999996762524 -0.000354089151 -0.000090589695 -0.001430936297 0.000350484179 0.999998914790 -0.000241092071 0.000000000000 0.000000000000 0.000000000000 1.000000000000 -0.002676445832 -0.000946663919 -0.002504755379 0.003669325777 0.014809546426 -0.026211439779
0.000000000000 90387072 0.999995096359 0.002724144299 0.001544764304 -0.000268444260 -0.002723555795 0.999996217792 -0.000382942521 -0.000097893013 -0.001545801652 0.000378733391 0.999998733528 -0.000260514870 0.000000000000 0.000000000000 0.000000000000 1.000000000000 -0.001537508292 -0.000505195086 -0.001330076304 0.001960454838 0.007821270826 -0.013966752534
0.000000000000 100387072 0.999994847949 0.002794733079 0.001579095323 -0.000359106193 -0.002794115444 0.999996019147 -0.000393202883 -0.000101365860 -0.001580187934 0.000388788683 0.999998675924 -0.000269953222 0.000000000000 0.000000000000 0.000000000000 1.000000000000 -0.147253256550 -0.002015853403 -0.005887385915 0.001731911562 -0.002421643147 -0.009912349624
0.000000000000 110387071 0.999993452894 0.003312202820 0.001457216769 -0.008126762429 -0.003311501340 0.999994400062 -0.000483532857 -0.000192754188 -0.001458810168 0.000478704116 0.999998821357 -0.000570698462 0.000000000000 0.000000000000 0.000000000000 1.000000000000 -1.381555448182 -0.015301548774 -0.052280385278 0.015866766419 -0.021096838618 -0.092157539633
0.000000000000 120387071 0.999988691476 0.004608948282 0.001172397866 -0.027495981877 -0.004608121628 0.999989132748 -0.000706824234 -0.000353726717 -0.001175642842 0.000701413688 0.999999062941 -0.001283693558 0.000000000000 0.000000000000 0.000000000000 1.000000000000 -2.467549787681 -0.020153243040 -0.087430819674 0.028141195003 -0.034900609450 -0.165791927444
0.000000000000 130387072 0.999977929085 0.006598781977 0.000772929552 -0.056983593576 -0.006597973587 0.999977688365 -0.001043799328 -0.000459760106 -0.000779800111 0.001038676522 0.999999156531 -0.002303940592 0.000000000000 0.000000000000 0.000000000000 1.000000000000 -3.405226649161 -0.016597659958 -0.111389403701 0.038559069372 -0.043832455678 -0.230814958128
0.000000000000 140387072 0.999957673378 0.009195499946 0.000306975516 -0.095105986268 -0.009195037556 0.999956636659 -0.001475155929 -0.000374227799 -0.000320527001 0.001472270839 0.999998864840 -0.003526491695 0.000000000000 0.000000000000 0.000000000000 1.000000000000 -4.194570398288 -0.004677919738 -0.124238385861 0.047126660470 -0.047891583640 -0.287225721508
0.000000000000 150387072 0.999924177513 0.012312911223 -0.000177321478 -0.140378879584 -0.012313238620 0.999922225360 -0.001981763454 0.000042657543 0.000152906410 0.001983796593 0.999998020583 -0.004843448029 0.000000000000 0.000000000000 0.000000000000 1.000000000000 -4.835559927241 0.015546489841 -0.126091608649 0.053852644922 -0.047076928364 -0.335022980308
0.000000000000 160387072 0.999873945614 0.015864859730 -0.000631750612 -0.191317143565 -0.015866419012 0.999870881990 -0.002544817564 0.000926193866 0.000591295868 0.002554520399 0.999996562391 -0.006141706496 0.000000000000 0.000000000000 0.000000000000 1.000000000000 -5.328168409483 0.043999741854 -0.117094561385 0.058748103205 -0.041387171687 -0.374205142713
0.000000000000 170387072 0.999804140412 0.019765242934 -0.001007962015 -0.246434728541 -0.019768325550 0.999799638067 -0.003145953916 0.002400832274 0.000945579514 0.003165263472 0.999994543478 -0.007301459304 0.000000000000 0.000000000000 0.000000000000 1.000000000000 -5.672363588511 0.080589699752 -0.097424455689 0.061826523658 -0.030820766132 -0.404770271804
0.000000000000 180387072 0.999712893017 0.023928026422 -0.001257413165 -0.304244690031 -0.023932611262 0.999706475628 -0.003767320843 0.004575114888 0.001166899531 0.003796332399 0.999992113072 -0.008195446253 0.000000000000 0.000000000000 0.000000000000 1.000000000000 -5.868108009834 0.125207943827 -0.067290303936 0.063103805573 -0.015375955712 -0.426716092562
0.000000000000 190387072 0.999599514765 0.028267253778 -0.001331332025 -0.363259296379 -0.028272850603 0.999590596031 -0.004391610778 0.007537911546 0.001206648196 0.004427492554 0.999989470599 -0.008688957587 0.000000000000 0.000000000000 0.000000000000 1.000000000000 -5.915359298949 0.177729790510 -0.026933001185 0.062598262463 0.004949207668 -0.440040004800
0.000000000000 200387072 0.999464637447 0.032696180816 -0.001182477528 -0.422002856833 -0.032701706352 0.999452638828 -0.005002113618 0.011353387326 0.001018280274 0.005038104707 0.999986790216 -0.008645362270 0.000000000000 0.000000000000 0.000000000000 1.000000000000 -5.836944140383 0.234040396211 0.016182417504 0.060446193379 0.026964732640 -0.443221788153
0.000000000000 210387072 0.999312516478 0.037062207683 -0.000941897909 -0.480491493477 -0.037066908052 0.999297140433 -0.005591909240 0.015796288715 0.000733987385 0.005622978137 0.999983921560 -0.008396444136 0.000000000000 0.000000000000 0.000000000000 1.000000000000 -5.871595764365 0.258330810513 0.008824755240 0.058446104101 0.025723620577 -0.430105911472
0.000000000000 220387072 0.999146851635 0.041292306767 -0.000717125510 -0.539292077918 -0.041295949037 0.999127951056 -0.006162954790 0.020632967741 0.000462017522 0.006187311253 0.999980751674 -0.008191848171 0.000000000000 0.000000000000 0.000000000000 1.000000000000 -5.902938753446 0.275449890387 0.005184881723 0.056470385220 0.024151034499 -0.416143213276
0.000000000000 230387072 0.998969758614 0.045377968879 -0.000511189673 -0.598371673132 -0.045380380899 0.998947208305 -0.006715359148 0.025772418518 0.000205922138 0.006731638689 0.999977321061 -0.007997777641 0.000000000000 0.000000000000 0.000000000000 1.000000000000 -5.931000206841 0.285431474212 0.005277354818 0.054517842686 0.022246389686 -0.401333890201
0.000000000000 240387072 0.998783433871 0.049310700841 -0.000327119595 -0.657698238622 -0.049311776272 0.998757126474 -0.007249209522 0.031122207041 -0.000030750575 0.007256521227 0.999973670630 -0.007780967317 0.000000000000 0.000000000000 0.000000000000 1.000000000000 -5.955806054029 0.288310322316 0.009117099441 0.052587312424 0.020009127414 -0.385678132088
0.000000000000 250387072 0.998590141343 0.053082025265 -0.000167944891 -0.717240585655 -0.053081728051 0.998559983941 -0.007764574574 0.036588492809 -0.000244456296 0.007762542426 0.999969841133 -0.007508677068 0.000000000000 0.000000000000 0.000000000000 1.000000000000 -5.977381082711 0.284122096942 0.016719401838 0.050677660822 0.017438714049 -0.369176122048
0.000000000000 260387072 0.998392198359 0.056683480030 -0.000036696177 -0.776968324784 -0.056681848319 0.998358109878 -0.008261507810 0.042076051926 -0.000431655087 0.008250304952 0.999965872489 -0.007148684567 0.000000000000 0.000000000000 0.000000000000 1.000000000000 -5.995748969699 0.272903341592 0.028099902715 0.048787785224 0.014534640092 -0.351828036562
0.000000000000 270387072 0.998191960745 0.060106617446 0.000063594309 -0.836851805526 -0.060103766984 0.998153870252 -0.008740051225 0.047488301619 -0.000588811821 0.008720426611 0.999961803001 -0.006669277161 0.000000000000 0.000000000000 0.000000000000 1.000000000000 -6.010932314813 0.254691459849 0.043274589311 0.046916614437 0.011296419190 -0.333634045598
0.000000000000 280387072 0.997991807123 0.063343003116 0.000129892056 -0.896862048021 -0.063339130140 0.997949653135 -0.009200239205 0.052727326095 -0.000712396513 0.009173536101 0.999957668467 -0.006039242930 0.000000000000 0.000000000000 0.000000000000 1.000000000000 -6.022952677905 0.229524693796 0.062259786501 0.045063109246 0.007723587105 -0.314594312758
0.000000000000 290387072 0.997794122418 0.066384214508 0.000159159606 -0.956970666569 -0.066379598154 0.997747853320 -0.009642102701 0.057693903702 -0.000798884569 0.009610268452 0.999953501181 -0.005227860934 0.000000000000 0.000000000000 0.000000000000 1.000000000000 -6.031830619092 0.197442102122 0.085072146998 0.043226262928 0.003815700658 -0.294708995440
0.000000000000 300387072 0.997601320417 0.069221263328 0.000149017860 -1.017150682228 -0.069216261129 0.997550898578 -0.010065482717 0.062288580684 -0.000845398329 0.010031024390 0.999949330642 -0.004207289427 0.000000000000 0.000000000000 0.000000000000 1.000000000000 -6.039184269252 0.161535651421 0.106074010807 0.041051871148 0.000787545482 -0.272903184560
0.000000000000 310387072 0.997419430216 0.071794523912 0.000162983868 -1.077473776578 -0.071788904400 0.997365086777 -0.010451645048 0.066537714469 -0.000912925300 0.010412973415 0.999945366784 -0.003187053063 0.000000000000 0.000000000000 0.000000000000 1.000000000000 -6.058738275503 0.148105683766 0.085522667414 0.036168766357 0.007143788066 -0.243470154670
0.000000000000 320387072 0.997251590880 0.074089188759 0.000237901677 -1.138004433612 -0.074082317025 0.997193746022 -0.010790884955 0.070500592926 -0.001036721977 0.010743602881 0.999941748406 -0.002274698604 0.000000000000 0.000000000000 0.000000000000 1.000000000000 -6.078962096888 0.135081868794 0.071300455174 0.031654617530 0.012571966382 -0.216996728799
0.000000000000 330387072 0.997097464879 0.076134832367 0.000364461649 -1.198749975573 -0.076126128940 0.997036554704 -0.011086977778 0.074181724720 -0.001207486781 0.011027052381 0.999938471153 -0.001410546445 0.000000000000 0.000000000000 0.000000000000 1.000000000000 -6.099858373462 0.122284231413 0.063463255860 0.027506996384 0.017072243356 -0.193483258291
0.000000000000 340387072 0.996956267575 0.077960991193 0.000533286926 -1.259717212419 -0.077949955195 0.996892735788 -0.011343624549 0.077589023704 -0.001415990077 0.011267527899 0.999935516815 -0.000535931994 0.000000000000 0.000000000000 0.000000000000 1.000000000000 -6.121429758461 0.109532210613 0.062067118678 0.023723559809 0.020644752424 -0.172930072002
0.000000000000 350387072 0.996826840804 0.079597168984 0.000734944063 -1.320912479001 -0.079583395483 0.996761127954 -0.011564469883 0.080733845495 -0.001653062736 0.011469284635 0.999932859193 0.000406778484 0.000000000000 0.000000000000 0.000000000000 1.000000000000 -6.143678718735 0.096644668556 0.067168293314 0.020302049682 0.023289595016 -0.155337475900
0.000000000000 360387072 0.996707716828 0.081072841975 0.000959952438 -1.382341676911 -0.081056034300 0.996640247803 -0.011753117160 0.083631024307 -0.001909585846 0.011636612632 0.999930468947 0.001474171279 0.000000000000 0.000000000000 0.000000000000 1.000000000000 -6.166607373713 0.083439897743 0.078823258658 0.017240292771 0.025006838615 -0.140705752802
0.000000000000 370387072 0.996597172667 0.082417463733 0.001198792531 -1.444010319774 -0.082397441462 0.996528343156 -0.011913140976 0.086298909834 -0.002176481599 0.011773825177 0.999928317415 0.002721768084 0.000000000000 0.000000000000 0.000000000000 1.000000000000 -6.190217373130 0.069735626497 0.097088747201 0.014536200693 0.025796515336 -0.129035162266
0.000000000000 380387072 0.996493274812 0.083660469401 0.001441913078 -1.505923580698 -0.083637172771 0.996423437447 -0.012048096824 0.088759404031 -0.002444705421 0.011885249926 0.999926379415 0.004204008487 0.000000000000 0.000000000000 0.000000000000 1.000000000000 -6.214509813685 0.055349022845 0.122021765053 0.012187769942 0.025658621004 -0.120325940606
0.000000000000 390387072 0.996393914348 0.084831279217 0.001679737147 -1.568086340586 -0.084804770683 0.996323365232 -0.012161527977 0.091037997650 -0.002705239343 0.011975222742 0.999924635020 0.005974232277 0.000000000000 0.000000000000 0.000000000000 1.000000000000 -6.239485194866 0.040096696824 0.153679607594 0.010193081946 0.024593114707 -0.114578301045
0.000000000000 400387072 0.996296888620 0.085958642153 0.001903041184 -1.630502984449 -0.085929101957 0.996225858401 -0.012256773243 0.093163987994 -0.002949434422 0.012047858426 0.999923072013 0.008080560098 0.000000000000 0.000000000000 0.000000000000 1.000000000000 -6.264591725759 0.026033650211 0.183822934128 0.008205066768 0.023248601141 -0.110607567079
0.000000000000 410387072 0.996205527197 0.087005622978 0.002137557435 -1.693153745458 -0.086972985337 0.996134494363 -0.012319454627 0.095175382969 -0.003201156520 0.012086799040 0.999921827888 0.010187443239 0.000000000000 0.000000000000 0.000000000000 1.000000000000 -6.285787900719 0.027771883937 0.155186267370 0.004017366919 0.026081041303 -0.099145494802
0.000000000000 420387072 0.996122604765 0.087943221453 0.002397097387 -1.756025362026 -0.087907300184 0.996052179629 -0.012343501594 0.097068826848 -0.003473161371 0.012084918600 0.999920942821 0.012091842695 0.000000000000 0.000000000000 0.000000000000 1.000000000000 -6.307209285712 0.027153141137 0.132779512255 0.000475314021 0.027991332537 -0.088605177022
0.000000000000 430387072 0.996047627864 0.088780524360 0.002672362458 -1.819119794206 -0.088741252112 0.995978327729 -0.012335350352 0.098823386768 -0.003756753964 0.012049447667 0.999920345633 0.013843382321 0.000000000000 0.000000000000 0.000000000000 1.000000000000 -6.328855424402 0.024120365222 0.116660584414 -0.002422207653 0.028978890908 -0.078986808807
0.000000000000 440387072 0.995980049359 0.089526615983 0.002954032684 -1.882438966781 -0.089484039419 0.995912286168 -0.012301420604 0.100419187515 -0.004043262002 0.011987630723 0.999919971169 0.015490570977 0.000000000000 0.000000000000 0.000000000000 1.000000000000 -6.350725743272 0.018616341010 0.106887737977 -0.004676234930 0.029043168982 -0.070290564385
0.000000000000 450387072 0.995919278043 0.090190580507 0.003232771150 -1.945984758941 -0.090144852192 0.995853347219 -0.012248120535 0.101837432303 -0.004324031072 0.011906721683 0.999919763148 0.017080789447 0.000000000000 0.000000000000 0.000000000000 1.000000000000 -6.372819526089 0.010583702231 0.103519572504 -0.006287725493 0.028183655353 -0.062516597080
0.000000000000 460387072 0.995864686586 0.090781503712 0.003499227831 -2.009759000452 -0.090732871946 0.995800757409 -0.012181850950 0.103060420502 -0.004590420472 0.011813980188 0.999919675730 0.018660275974 0.000000000000 0.000000000000 0.000000000000 1.000000000000 -6.395135895135 -0.000035063878 0.106615037342 -0.007257557685 0.026399874277 -0.055665039327
0.000000000000 470387072 0.995815617836 0.091308473959 0.003744042837 -2.073763474103 -0.091257271787 0.995753725706 -0.012109008558 0.104071562386 -0.004833799697 0.011716668703 0.999919673801 0.020274110485 0.000000000000 0.000000000000 0.000000000000 1.000000000000 -6.417673799301 -0.013297614855 0.116233433448 -0.007586530339 0.023691385400 -0.049736002775
0.000000000000 480387072 0.995771389485 0.091780582447 0.003957849059 -2.137999924189 -0.091727217081 0.995711430400 -0.012035988389 0.104855391004 -0.005045545572 0.011622050402 0.999919731986 0.021966197618 0.000000000000 0.000000000000 0.000000000000 1.000000000000 -6.440432009118 -0.029261754150 0.132434412682 -0.007275362649 0.020057783575 -0.044729578455
0.000000000000 490387072 0.995731297073 0.092206922752 0.004131274234 -2.202470070807 -0.092151866628 0.995673024682 -0.011969185361 0.105397571247 -0.005217040062 0.011537387832 0.999919832374 0.023779248617 0.000000000000 0.000000000000 0.000000000000 1.000000000000 -6.463409118843 -0.047985435107 0.155277974627 -0.006324694079 0.015498698763 -0.040645837003
0.000000000000 500387072 0.995694703781 0.092595622395 0.004255299741 -2.267175347859 -0.092539403307 0.995637731709 -0.011914949955 0.105684297575 -0.005340009189 0.011469869667 0.999919959993 0.025751083189 0.000000000000 0.000000000000 0.000000000000 1.000000000000 -6.485937606866 -0.066681617725 0.176909556663 -0.004808393155 0.010630124014 -0.035754306743
0.000000000000 510387072 0.995669065537 0.092866207685 0.004356535597 -2.332092485885 -0.092809031405 0.995613114767 -0.011874737665 0.105650506785 -0.005440185830 0.011418983105 0.999920002402 0.027582800200 0.000000000000 0.000000000000 0.000000000000 1.000000000000 -6.503961405208 -0.064703495306 0.143597266511 -0.003416563682 0.010285848286 -0.018670898936
0.000000000000 520387072 0.995658379965 0.092975942883 0.004456955261 -2.397212669948 -0.092917755274 0.995603277017 -0.011849284660 0.105267239850 -0.005539057677 0.011383709290 0.999919861790 0.029123231517 0.000000000000 0.000000000000 0.000000000000 1.000000000000 -6.523148021851 -0.063674484781 0.118260023543 -0.001719445920 0.010081837774 -0.003450511836
0.000000000000 530387072 0.995660962195 0.092943399204 0.004557730279 -2.462545473094 -0.092884109431 0.995606506856 -0.011841694151 0.104548513356 -0.005638313229 0.011366971874 0.999919497447 0.030455472250 0.000000000000 0.000000000000 0.000000000000 1.000000000000 -6.543495854617 -0.063715206640 0.100889055569 0.000282785888 0.010018011048 0.009906819889
0.000000000000 540387072 0.995675062571 0.092787142424 0.004660040172 -2.528100322586 -0.092726621821 0.995621027725 -0.011855073042 0.103510689341 -0.005739632336 0.011371690810 0.999918867343 0.031662779036 0.000000000000 0.000000000000 0.000000000000 1.000000000000 -6.565003153731 -0.064947031373 0.091475555247 0.002589939967 0.010094364766 0.021401064596
0.000000000000 550387072 0.995698891424 0.092525735329 0.004765072701 -2.593886544972 -0.092463815951 0.995645022305 -0.011892531222 0.102172483458 -0.005844686112 0.011400783349 0.999917927524 0.032828568601 0.000000000000 0.000000000000 0.000000000000 1.000000000000 -6.587667950563 -0.067492077311 0.090010666319 0.005201807013 0.010310973559 0.031032193661
0.000000000000 560387072 0.995730640366 0.092177739892 0.004874023561 -2.659913407524 -0.092114212671 0.995676653159 -0.011957181071 0.100554972411 -0.005955137393 0.011457164722 0.999916631382 0.034036417356 0.000000000000 0.000000000000 0.000000000000 1.000000000000 -6.611488001077 -0.071473208493 0.096485467175 0.008118160141 0.010667989938 0.038800181498
0.000000000000 570387072 0.995768500104 0.091761719160 0.004988095485 -2.726190155559 -0.091696331564 0.995714079828 -0.012052137182 0.098681600585 -0.006072641733 0.011543748507 0.999914928828 0.035370062116 0.000000000000 0.000000000000 0.000000000000 1.000000000000 -6.636460744229 -0.077014032519 0.110890951699 0.011338754812 0.011165644217 0.044705005575
0.000000000000 580387072 0.995810674794 0.091296238839 0.005108496775 -2.792726045116 -0.091228691963 0.995755472385 -0.012180516301 0.096578185852 -0.006198848944 0.011663446678 0.999912765337 0.036913402012 0.000000000000 0.000000000000 0.000000000000 1.000000000000 -6.662583275540 -0.084238898525 0.133218007353 0.014863328750 0.011804244456 0.048746646460
0.000000000000 590387072 0.995855392902 0.090799868566 0.005236439247 -2.859530370481 -0.090729813561 0.995799021442 -0.012345437485 0.094272924525 -0.006335405179 0.011819169341 0.999910080896 0.038750501694 0.000000000000 0.000000000000 0.000000000000 1.000000000000 -6.689852336084 -0.093272895305 0.163457390453 0.018691601864 0.012584176432 0.050925087882
0.000000000000 600387072 0.995900918035 0.090291137837 0.005373256450 -2.926612282323 -0.090218171844 0.995842951975 -0.012549759801 0.091798384848 -0.006484051657 0.012013551933 0.999906811480 0.040961522588 0.000000000000 0.000000000000 0.000000000000 1.000000000000 -6.717897249038 -0.100452651064 0.193713650215 0.022352008236 0.013719552747 0.051325019272
0.000000000000 610387072 0.995945980567 0.089783197835 0.005530025260 -2.993958631938 -0.089706914141 0.995886335212 -0.012770156365 0.089376430929 -0.006653822065 0.012222304401 0.999903166275 0.043230693580 0.000000000000 0.000000000000 0.000000000000 1.000000000000 -6.743297486642 -0.079274737169 0.168056740245 0.022242866941 0.016222546053 0.050827801144
0.000000000000 620387072 0.995989569292 0.089287143389 0.005708229770 -3.061553398434 -0.089207222691 0.995928402114 -0.012988043839 0.087158463087 -0.006844653486 0.012426740865 0.999899358351 0.045347606476 0.000000000000 0.000000000000 0.000000000000 1.000000000000 -6.768278763711 -0.059763201973 0.148392038215 0.021854399238 0.018014878260 0.048993100717
0.000000000000 630387072 0.996030553158 0.088816216429 0.005900582547 -3.129391640102 -0.088732438037 0.995968019510 -0.013200702778 0.085170383765 -0.007049227989 0.012624730214 0.999895456821 0.047353187665 0.000000000000 0.000000000000 0.000000000000 1.000000000000 -6.792837117287 -0.042009973290 0.134766890061 0.021186730772 0.019096704977 0.045820809135
0.000000000000 640387072 0.996067829898 0.088383657004 0.006099788261 -3.197468498359 -0.088295907239 0.996004079960 -0.013405426813 0.083439922578 -0.007260234641 0.012814128056 0.999891537676 0.049287428823 0.000000000000 0.000000000000 0.000000000000 1.000000000000 -6.816968848605 -0.026107262965 0.127228833551 0.020239950066 0.019468181880 0.041310825317
0.000000000000 650387072 0.996100322555 0.088002703036 0.006298544566 -3.265779172759 -0.087910983370 0.996035497359 -0.013599522211 0.081996651958 -0.007470368684 0.012992777215 0.999887684359 0.051189374315 0.000000000000 0.000000000000 0.000000000000 1.000000000000 -6.840670541992 -0.012147565640 0.125825602116 0.019014108554 0.019129464677 0.035463055944
0.000000000000 660387072 0.996126973706 0.087686590090 0.006489543340 -3.334318894909 -0.087591024657 0.996061200707 -0.013780306441 0.080872003230 -0.007672330414 0.013158509201 0.999883987761 0.053097108139 0.000000000000 0.000000000000 0.000000000000 1.000000000000 -6.863939094337 -0.000223656839 0.130605130640 0.017509220631 0.018080709088 0.028277415454
0.000000000000 670387072 0.996146737373 0.087448551161 0.006665472272 -3.403082900919 -0.087349393300 0.996080126052 -0.013945105759 0.080099283104 -0.007858823756 0.013309146645 0.999880545618 0.055047740322 0.000000000000 0.000000000000 0.000000000000 1.000000000000 -6.886771755226 0.009571409651 0.141615563188 0.015725263721 0.016322070824 0.019753826035
0.000000000000 680387072 0.996158568628 0.087301816471 0.006819016799 -3.472066402005 -0.087199453942 0.996091206594 -0.014091251820 0.079713690531 -0.008022554551 0.013442506702 0.999877461308 0.057077392708 0.000000000000 0.000000000000 0.000000000000 1.000000000000 -6.909166177763 0.017144305129 0.158905262653 0.013662178365 0.013853705574 0.009892217611
0.000000000000 690387072 0.996161410892 0.087259613292 0.006942862384 -3.541264552856 -0.087154571803 0.996093360966 -0.014216077297 0.079752333874 -0.008156228534 0.013556405420 0.999874842072 0.059221184100 0.000000000000 0.000000000000 0.000000000000 1.000000000000 -6.931120480182 0.022401430124 0.182522822288 0.011319868322 0.010675769018 -0.001307472177
0.000000000000 700387072 0.996154236851 0.087334508721 0.007029935308 -3.610672719302 -0.087227450995 0.996085538774 -0.014316816605 0.080253734942 -0.008252769043 0.013648554182 0.999872796296 0.061510260128 0.000000000000 0.000000000000 0.000000000000 1.000000000000 -6.953098188704 0.028552822104 0.205846783801 0.008542254190 0.007194283917 -0.012670489889
0.000000000000 710387072 0.996141465289 0.087474647431 0.007096984529 -3.680314821622 -0.087366108245 0.996072423124 -0.014383706797 0.081190219371 -0.008327320258 0.013708170847 0.999871362621 0.063704263345 0.000000000000 0.000000000000 0.000000000000 1.000000000000 -6.978408639850 0.056867058253 0.182310470360 0.004734569016 0.006635631148 -0.015216398470
0.000000000000 720387072 0.996126645154 0.087638239680 0.007158614379 -3.750207103427 -0.087528577347 0.996057699331 -0.014415538552 0.082485896074 -0.008393745391 0.013733118724 0.999870464855 0.065669078613 0.000000000000 0.000000000000 0.000000000000 1.000000000000 -7.003515013977 0.080474489935 0.163374533349 0.001494222743 0.006179649359 -0.017393519211
0.000000000000 730387072 0.996110080854 0.087821623168 0.007215907816 -3.820347683398 -0.087711141035 0.996041604631 -0.014417960426 0.084082980399 -0.008453553087 0.013728960217 0.999870018098 0.067454254712 0.000000000000 0.000000000000 0.000000000000 1.000000000000 -7.028417705913 0.099401701768 0.149031257217 -0.001178744268 0.005826234563 -0.019201885284
0.000000000000 740387072 0.996092077742 0.088021136781 0.007269947728 -3.890734681015 -0.087910080805 0.996024374706 -0.014396620596 0.085923146448 -0.008508252051 0.013701258029 0.999869934129 0.069109468358 0.000000000000 0.000000000000 0.000000000000 1.000000000000 -7.053117120783 0.113675404914 0.139272929006 -0.003284291137 0.005575282357 -0.020641530604
0.000000000000 750387072 0.996072942849 0.088233120399 0.007321815937 -3.961366228647 -0.088121677335 0.996006245833 -0.014357167052 0.087947533429 -0.008559352053 0.013655574935 0.999870122949 0.070684540953 0.000000000000 0.000000000000 0.000000000000 1.000000000000 -7.077613671994 0.123322436208 0.134091835532 -0.004822376464 0.005426687919 -0.021712489812
0.000000000000 760387072 0.996052985461 0.088453914758 0.007372592407 -4.032240480979 -0.088342210815 0.995987456585 -0.014305247744 0.090096749275 -0.008608364724 0.013597473610 0.999870493998 0.072229452035 0.000000000000 0.000000000000 0.000000000000 1.000000000000 -7.101907779887 0.128369757567 0.133480261569 -0.005792958339 0.005380346001 -0.022414798268
0.000000000000 770387072 0.996032517539 0.088679861361 0.007423354660 -4.103355621783 -0.088567961180 0.995968249085 -0.014246510679 0.092310871507 -0.008656804135 0.013532516510 0.999870957043 0.073794349380 0.000000000000 0.000000000000 0.000000000000 1.000000000000 -7.125999871049 0.128844455713 0.137430489076 -0.006195994344 0.005436150927 -0.022748492052
0.000000000000 780387072 0.996011853994 0.088907302431 0.007475177406 -4.174709867991 -0.088795208247 0.995948869802 -0.014186603979 0.094529445350 -0.008706187179 0.013466265797 0.999871422729 0.075429555727 0.000000000000 0.000000000000 0.000000000000 1.000000000000 -7.149890378294 0.124773742175 0.145934797431 -0.006031441553 0.005593996598 -0.022713607956
0.000000000000 790387072 0.995991312806 0.089132580918 0.007529132369 -4.246301471059 -0.089020231748 0.995929569903 -0.014131175891 0.096691479072 -0.008758033741 0.013404283318 0.999871802800 0.077185572097 0.000000000000 0.000000000000 0.000000000000 1.000000000000 -7.173579741317 0.116184953593 0.158985464719 -0.005299256529 0.005853776485 -0.022310183499
0.000000000000 800387072 0.995971244228 0.089351718787 0.007586238917 -4.318128443726 -0.089238990823 0.995910634890 -0.014085802391 0.098735671769 -0.008813806671 0.013352065828 0.999872011384 0.079109673038 0.000000000000 0.000000000000 0.000000000000 1.000000000000 -7.196542185346 0.105883901461 0.171159678055 -0.004120368116 0.006122452738 -0.020988509766
0.000000000000 810387072 0.995954399330 0.089534486349 0.007642657227 -4.390165775866 -0.089421324422 0.995894805827 -0.014048575188 0.100631170838 -0.008869114599 0.013308323732 0.999872105484 0.080951282839 0.000000000000 0.000000000000 0.000000000000 1.000000000000 -7.215541003152 0.113078048164 0.147480188852 -0.003603932186 0.005652668100 -0.015646209953
0.000000000000 820387072 0.995942113260 0.089666625202 0.007694371973 -4.462399174895 -0.089553056626 0.995883425797 -0.014016143286 0.102372988417 -0.008919477787 0.013270212835 0.999872164013 0.082564352836 0.000000000000 0.000000000000 0.000000000000 1.000000000000 -7.234723470158 0.117505881576 0.129313756951 -0.003085317124 0.005037863437 -0.010836425808
0.000000000000 830387072 0.995933942556 0.089753421757 0.007739854552 -4.534830277505 -0.089639491868 0.995876037262 -0.013988563381 0.103949893300 -0.008963457109 0.013237888450 0.999872199206 0.083996794832 0.000000000000 0.000000000000 0.000000000000 1.000000000000 -7.254090087791 0.119129139187 0.116670964349 -0.002564570600 0.004278020660 -0.006559152592
0.000000000000 840387072 0.995929435379 0.089800161676 0.007777577328 -4.607460678058 -0.089685933816 0.995872174078 -0.013965893195 0.105351403763 -0.008999612309 0.013211504838 0.999872223396 0.085296304891 0.000000000000 0.000000000000 0.000000000000 1.000000000000 -7.273641313319 0.117909419123 0.109562408922 -0.002041730040 0.003373124553 -0.002814386301
0.000000000000 850387072 0.995928133680 0.089812130019 0.007806013516 -4.680291931767 -0.089697685616 0.995871363754 -0.013948191612 0.106567791269 -0.009026502125 0.013191215094 0.999872248892 0.086510361546 0.000000000000 0.000000000000 0.000000000000 1.000000000000 -7.293377553004 0.113808179797 0.107998703420 -0.001516822616 0.002323162759 0.000397876330
0.000000000000 860387072 0.995929575056 0.089794611370 0.007823637065 -4.753325559195 -0.089680050104 0.995873129435 -0.013935518742 0.107590084257 -0.009042684417 0.013177171095 0.999872287855 0.087686224004 0.000000000000 0.000000000000 0.000000000000 1.000000000000 -7.313299156688 0.106786739582 0.111990474435 -0.000989865250 0.001128125781 0.003077637828
0.000000000000 870387072 0.995933294312 0.089752889941 0.007828922526 -4.826563052007 -0.089638329997 0.995876991599 -0.013927935899 0.108410072019 -0.009046716311 0.013169523542 0.999872352140 0.088870930351 0.000000000000 0.000000000000 0.000000000000 1.000000000000 -7.333406413825 0.096806276471 0.121548361354 -0.000460864610 -0.000211993021 0.005224899980
0.000000000000 880387072 0.995938824708 0.089692249636 0.007820344931 -4.900005879936 -0.089577828067 0.995882469479 -0.013925505491 0.109020308652 -0.009037154337 0.013168422058 0.999872453117 0.090111295752 0.000000000000 0.000000000000 0.000000000000 1.000000000000 -7.353699550972 0.083827827774 0.136683015305 0.000070182889 -0.001697197432 0.006839663828
0.000000000000 890387072 0.995945698912 0.089617974101 0.007796379661 -4.973655498895 -0.089503847278 0.995889082196 -0.013928290843 0.109414117087 -0.009012554593 0.013174015384 0.999872601474 0.091453910652 0.000000000000 0.000000000000 0.000000000000 1.000000000000 -7.374178730741 0.067812289807 0.157405098087 0.000603291084 -0.003327488375 0.007921929676
0.000000000000 900387072 0.995953485883 0.089534890657 0.007756114476 -5.047513618881 -0.089421228842 0.995896394314 -0.013936126571 0.109586176200 -0.008972056010 0.013186172550 0.999872805443 0.092944204978 0.000000000000 0.000000000000 0.000000000000 1.000000000000 -7.395261825216 0.053337009329 0.177433177299 0.000782129716 -0.004144629830 0.009209659267
0.000000000000 910387072 0.995964445165 0.089414025600 0.007743125587 -5.121601062762 -0.089300571788 0.995907267196 -0.013932803870 0.109576390421 -0.008957223125 0.013185111733 0.999872952421 0.094545920297 0.000000000000 0.000000000000 0.000000000000 1.000000000000 -7.419287273554 0.067293862290 0.158464859156 -0.001154717476 0.001038331369 0.014875167356
0.000000000000 920387072 0.995979623884 0.089241796084 0.007777572835 -5.195929731999 -0.089128077418 0.995922998400 -0.013912838458 0.109409833908 -0.008987470351 0.013163703501 0.999872963074 0.096215324235 0.000000000000 0.000000000000 0.000000000000 1.000000000000 -7.443251914461 0.077297838403 0.143369254870 -0.002465512172 0.005198763482 0.019647995836
0.000000000000 930387072 0.995998289721 0.089026953411 0.007849104336 -5.270498825063 -0.088912579648 0.995942683084 -0.013882549887 0.109085014612 -0.009053179155 0.013129111830 0.999872825098 0.097945657520 0.000000000000 0.000000000000 0.000000000000 1.000000000000 -7.467154050295 0.083283626240 0.132221961134 -0.003150105718 0.008336758426 0.023528143699
0.000000000000 940387072 0.996019709572 0.088778248799 0.007947369710 -5.345307554367 -0.088662912585 0.995965417918 -0.013848257789 0.108601718827 -0.009144729470 0.013088500756 0.999872524410 0.099728666247 0.000000000000 0.000000000000 0.000000000000 1.000000000000 -7.490991842518 0.085185665589 0.125098801333 -0.003208337834 0.010452426353 0.026515597264
0.000000000000 950387072 0.996043156060 0.088504435329 0.008062021631 -5.420355158029 -0.088387909513 0.995990305029 -0.013816285304 0.107961019982 -0.009252497912 0.013049031180 0.999872048848 0.101554584650 0.000000000000 0.000000000000 0.000000000000 1.000000000000 -7.514763292979 0.082938148212 0.122075825632 -0.002640036632 0.011545895672 0.028610330157
0.000000000000 960387072 0.996067912282 0.088214269072 0.008182716825 -5.495640910934 -0.088096402421 0.996016454729 -0.013792961576 0.107165287921 -0.009366856626 0.013017858527 0.999871390408 0.103412118021 0.000000000000 0.000000000000 0.000000000000 1.000000000000 -7.538466234231 0.076475015366 0.123229308449 -0.001445018631 0.011617313068 0.029812303305
0.000000000000 970387072 0.996093274768 0.087916509407 0.008299116496 -5.571164134825 -0.087797222065 0.996042987003 -0.013784623339 0.106218198807 -0.009478172752 0.013002131229 0.999870546033 0.105288425859 0.000000000000 0.000000000000 0.000000000000 1.000000000000 -7.562098328935 0.065729952052 0.128635743326 0.000376911231 0.010666843513 0.030121464950
0.000000000000 980387072 0.996118554686 0.087619918522 0.008400886196 -5.646924207066 -0.087499198562 0.996069031772 -0.013797615560 0.105124745745 -0.009576808530 0.013008990060 0.999869516945 0.107169105356 0.000000000000 0.000000000000 0.000000000000 1.000000000000 -7.585657078408 0.050636377989 0.138371835210 0.002825959604 0.008694670265 0.029537750677
0.000000000000 990387072 0.996143077256 0.087333260108 0.008477695121 -5.722920567794 -0.087211162537 0.996093727932 -0.013838291175 0.103891250255 -0.009653122020 0.013045568308 0.999868306520 0.109038175286 0.000000000000 0.000000000000 0.000000000000 1.000000000000 -7.609139840364 0.031127435279 0.152514490144 0.005902344735 0.005700994866 0.028061083476
0.000000000000 1000387072 0.996166201612 0.087064993918 0.008519718294 -5.799152564380 -0.086941638956 0.996116251019 -0.013912795214 0.102526507322 -0.009697947278 0.013118738090 0.999866915409 0.110878356668 0.000000000000 0.000000000000 0.000000000000 1.000000000000 -7.632307272873 0.012161246589 0.166696437516 0.009239360081 0.002547870987 0.026230006730
0.000000000000 1010387072 0.996189410843 0.086794820638 0.008562524975 -5.875605681978 -0.086669998394 0.996138600446 -0.014007143853 0.101130556775 -0.009745209183 0.013211654357 0.999865232462 0.112701614153 0.000000000000 0.000000000000 0.000000000000 1.000000000000 -7.653664384402 0.027475483366 0.151000532244 0.010114447859 0.005145746771 0.028120876363
0.000000000000 1020387072 0.996213963407 0.086506020435 0.008628298909 -5.952271508424 -0.086379328822 0.996162387822 -0.014110586160 0.099735137531 -0.009815837498 0.013311856296 0.999863212553 0.114523854926 0.000000000000 0.000000000000 0.000000000000 1.000000000000 -7.675072020586 0.039145622879 0.138931672978 0.011094053564 0.007083167314 0.030029639722
0.000000000000 1030387072 0.996239918838 0.086198330889 0.008710445747 -6.029151176156 -0.086069437288 0.996187595428 -0.014224158339 0.098299614991 -0.009903336711 0.013420971185 0.999860891052 0.116345600774 0.000000000000 0.000000000000 0.000000000000 1.000000000000 -7.696527937435 0.047172779403 0.130540060283 0.012178370306 0.008360161165 0.031956220374
0.000000000000 1040387072 0.996267336441 0.085871488755 0.008802372409 -6.106245815575 -0.085740131467 0.996214203340 -0.014348899584 0.096783310597 -0.010001209786 0.013540623402 0.999858303621 0.118166356961 0.000000000000 0.000000000000 0.000000000000 1.000000000000 -7.718029823619 0.051558006901 0.125875986859 0.013367604123 0.008976758794 0.033900533371
0.000000000000 1050387072 0.996296276113 0.085525229754 0.008897487204 -6.183556551199 -0.085391219938 0.996242189244 -0.014485852704 0.095145501785 -0.010102958012 0.013672433819 0.999855486954 0.119984602764 0.000000000000 0.000000000000 0.000000000000 1.000000000000 -7.739575298814 0.052302296131 0.124989837430 0.014661973974 0.008932992615 0.035862485243
0.000000000000 1060387072 0.996326798752 0.085159288240 0.008989199955 -6.261084497728 -0.085022512524 0.996271528235 -0.014636064759 0.093345422019 -0.010202080834 0.013818019181 0.999852479065 0.121797781521 0.000000000000 0.000000000000 0.000000000000 1.000000000000 -7.761161914240 0.049406571463 0.127932088773 0.016061711736 0.008228897013 0.037841974001
0.000000000000 1070387072 0.996358966222 0.084773396775 0.009070922123 -6.338830755927 -0.084633820703 0.996302192609 -0.014800587703 0.091342260906 -0.010292075694 0.013978991466 0.999849319135 0.123602290180 0.000000000000 0.000000000000 0.000000000000 1.000000000000 -7.782787155397 0.042871687390 0.134753309903 0.017567062209 0.006864508379 0.039838889150
0.000000000000 1080387072 0.996392840903 0.084367285594 0.009136066928 -6.416796408249 -0.084224958082 0.996334151620 -0.014980479051 0.089095164415 -0.010366437847 0.014156957225 0.999846046913 0.125393468342 0.000000000000 0.000000000000 0.000000000000 1.000000000000 -7.804448447005 0.032698424741 0.145504162426 0.019178283116 0.004839865138 0.041853111713
0.000000000000 1090387072 0.996428484799 0.083940681960 0.009178049479 -6.494982514124 -0.083795740943 0.996367371236 -0.015176802544 0.086563235216 -0.010418660188 0.014353516907 0.999842701665 0.127165586820 0.000000000000 0.000000000000 0.000000000000 1.000000000000 -7.826143160143 0.018887486592 0.160235401070 0.020895645118 0.002155007786 0.043884514272
