0.000000000000 497664 1.000000000000 0.000000000000 0.000000000000 0.000000000000 0.000000000000 1.000000000000 0.000000000000 0.000000000000 0.000000000000 0.000000000000 1.000000000000 0.000000000000 0.000000000000 0.000000000000 0.000000000000 1.000000000000 0.000000000000 0.000000000000 0.000000000000 0.000000000000 0.000000000000 0.000000000000
0.000000000000 10497664 0.999999999608 0.000022121423 0.000017173716 -0.000011269155 -0.000022121790 0.999999999528 0.000021334991 0.000002146276 -0.000017173244 -0.000021335371 0.999999999625 -0.000002331967 0.000000000000 0.000000000000 0.000000000000 1.000000000000 -0.002172951348 0.000413826270 -0.000449515220 -0.004112855703 0.003309950943 -0.004264014613
0.000000000000 20497664 0.999999994603 0.000082071637 0.000063707367 -0.000041841366 -0.000082076680 0.999999993498 0.000079170890 0.000007969719 -0.000063700869 -0.000079176119 0.999999994837 -0.000008651428 0.000000000000 0.000000000000 0.000000000000 1.000000000000 -0.003860619856 0.000735198330 -0.000797672585 -0.007300628722 0.005871431666 -0.007566189053
0.000000000000 30497664 0.999999976783 0.000170228404 0.000132121191 -0.000086863724 -0.000170250104 0.999999972018 0.000164252898 0.000016547879 -0.000132093227 -0.000164275388 0.999999977782 -0.000017943257 0.000000000000 0.000000000000 0.000000000000 1.000000000000 -0.005063005481 0.000964116507 -0.001044471833 -0.009563319173 0.007684442340 -0.009906523076
0.000000000000 40497664 0.999999938545 0.000276969762 0.000214935078 -0.000141483324 -0.000277027216 0.999999925896 0.000267326502 0.000026958171 -0.000214861020 -0.000267386029 0.999999941170 -0.000029192435 0.000000000000 0.000000000000 0.000000000000 1.000000000000 -0.005780108152 0.001100581348 -0.001189912524 -0.010900927254 0.008748983248 -0.011285016271
0.000000000000 50497664 0.999999876492 0.000392675707 0.000304666393 -0.000200847297 -0.000392791208 0.999999850984 0.000379139228 0.000038276950 -0.000304517469 -0.000379258851 0.999999881716 -0.000041384732 0.000000000000 0.000000000000 0.000000000000 1.000000000000 -0.006011927769 0.001144593615 -0.001233994045 -0.011313453237 0.009065054787 -0.011701668067
0.000000000000 60497664 0.999999793555 0.000507729191 0.000393828704 -0.000260102832 -0.000507922320 0.999999750741 0.000490441669 0.000049578973 -0.000393579594 -0.000490641602 0.999999802183 -0.000053507102 0.000000000000 0.000000000000 0.000000000000 1.000000000000 -0.005758464203 0.001096154290 -0.001176715606 -0.010800897476 0.008632657468 -0.011156477726
0.000000000000 70497664 0.999999699632 0.000612516426 0.000474931388 -0.000314397186 -0.000612797541 0.999999637015 0.000591987797 0.000059937221 -0.000474568614 -0.000592278656 0.999999711995 -0.000064547815 0.000000000000 0.000000000000 0.000000000000 1.000000000000 -0.005019717297 0.000955264574 -0.001018076242 -0.009363260402 0.007451791915 -0.009649444347
0.000000000000 80497664 0.999999610739 0.000697426490 0.000540480137 -0.000358877679 -0.000697791006 0.999999529045 0.000674534552 0.000068423105 -0.000540009444 -0.000674911432 0.999999626442 -0.000073496295 0.000000000000 0.000000000000 0.000000000000 1.000000000000 -0.003795686863 0.000721925884 -0.000758074813 -0.007000542524 0.005522458867 -0.007180566868
0.000000000000 90497663 0.999999546676 0.000752850246 0.000582978337 -0.000388691672 -0.000753275072 0.999999450684 0.000728840709 0.000074107041 -0.000582429309 -0.000729279522 0.999999564464 -0.000079342696 0.000000000000 0.000000000000 0.000000000000 1.000000000000 -0.002086372884 0.000396139894 -0.000396710043 -0.003712744805 0.002844659479 -0.003749844451
0.000000000000 100497663 0.999999527296 0.000769129962 0.000594850350 -0.000436425070 -0.000769573854 0.999999425355 0.000746355252 0.000077437837 -0.000594275964 -0.000746812680 0.999999544553 -0.000080759472 0.000000000000 0.000000000000 0.000000000000 1.000000000000 -0.061589025562 0.002243596156 0.000593327006 -0.000640372713 -0.000706254811 0.000718044427
0.000000000000 110497663 0.999999567647 0.000736988218 0.000567057518 -0.003464321308 -0.000737427695 0.999999427636 0.000775195308 0.000181479879 -0.000566485883 -0.000775613137 0.999999538759 -0.000048536328 0.000000000000 0.000000000000 0.000000000000 1.000000000000 -0.533485445249 0.017764195199 0.006034469636 -0.004989401818 -0.004575054446 0.005527947629
0.000000000000 120497663 0.999999651238 0.000662371140 0.000508711727 -0.010896072337 -0.000662800094 0.999999424592 0.000843512012 0.000415852039 -0.000508152716 -0.000843848892 0.999999514850 0.000042869235 0.000000000000 0.000000000000 0.000000000000 1.000000000000 -0.942356054415 0.028403164005 0.012504100472 -0.008531423654 -0.006809660873 0.009218312689
0.000000000000 130497663 0.999999750057 0.000556465862 0.000436156561 -0.022101448267 -0.000556877061 0.999999400108 0.000943223941 0.000730996162 -0.000435631427 -0.000943466591 0.999999460048 0.000203276340 0.000000000000 0.000000000000 0.000000000000 1.000000000000 -1.288200960840 0.034157031312 0.019993892279 -0.011266494978 -0.007410090287 0.011789075064
0.000000000000 140497664 0.999999840472 0.000430457180 0.000365735899 -0.036450213869 -0.000430846931 0.999999338738 0.001066252588 0.001077321253 -0.000365276681 -0.001066409994 0.999999364671 0.000442725018 0.000000000000 0.000000000000 0.000000000000 1.000000000000 -1.571020363337 0.035020159029 0.028490333679 -0.013194707981 -0.006376368595 0.013240130449
0.000000000000 150497664 0.999999907098 0.000295525119 0.000313796508 -0.053312107320 -0.000295902895 0.999999230781 0.001204524742 0.001405476410 -0.000313440299 -0.001204617484 0.999999225326 0.000771786609 0.000000000000 0.000000000000 0.000000000000 1.000000000000 -1.790814444679 0.030984739221 0.037974726697 -0.014316189591 -0.003708532022 0.013571334308
0.000000000000 160497664 0.999999942729 0.000162843704 0.000296689663 -0.072056837624 -0.000163244086 0.999999075461 0.001349973183 0.001666552835 -0.000296469554 -0.001350021539 0.999999044773 0.001201767370 0.000000000000 0.000000000000 0.000000000000 1.000000000000 -1.947583543100 0.022040791603 0.048423192822 -0.014631102653 0.000593373504 0.012782502769
0.000000000000 170497664 0.999999944345 0.000043581153 0.000330771932 -0.092054071555 -0.000044075457 0.999998882210 0.001494535409 0.001812214131 -0.000330706429 -0.001494549905 0.999998828476 0.001744804833 0.000000000000 0.000000000000 0.000000000000 1.000000000000 -2.041328037976 0.008176160624 0.059806670283 -0.014139645108 0.006529292100 0.010873411958
0.000000000000 180497664 0.999999905207 -0.000051098654 0.000432405024 -0.112673430850 0.000050393705 0.999998670034 0.001630150600 0.001794755350 -0.000432487747 -0.001630128655 0.999998577816 0.002413857300 0.000000000000 0.000000000000 0.000000000000 1.000000000000 -2.072048390913 -0.010623484576 0.072090914785 -0.012842050304 0.014099157973 0.007843798263
0.000000000000 190497664 0.999999803012 -0.000110033385 0.000617954745 -0.133284491331 0.000108952586 0.999998464992 0.001748754731 0.001567090422 -0.000618146217 -0.001748687059 0.999998279993 0.003222586407 0.000000000000 0.000000000000 0.000000000000 1.000000000000 -2.039745161212 -0.034374648029 0.085236498479 -0.010738587108 0.023302895479 0.003693358420
0.000000000000 200497664 0.999999584969 -0.000123223979 0.000902705853 -0.153267892400 0.000121560736 0.999998295518 0.001842331105 0.001085016806 -0.000902931334 -0.001842220606 0.999997895467 0.004183007610 0.000000000000 0.000000000000 0.000000000000 1.000000000000 -1.962866288881 -0.058921517008 0.095970863608 -0.007924570374 0.032355114822 0.000344314260
0.000000000000 210497664 0.999999252168 -0.000173840908 0.001210554405 -0.173038253321 0.000171529099 0.999998162090 0.001909553375 0.000503868533 -0.001210884139 -0.001909344302 0.999997444079 0.005135225386 0.000000000000 0.000000000000 0.000000000000 1.000000000000 -1.991329764091 -0.055825673745 0.084770701953 -0.005536060861 0.029247919841 0.009342805049
0.000000000000 220497664 0.999998847075 -0.000304780470 0.001487601400 -0.193088446555 0.000301873701 0.999998045708 0.001953830384 -0.000065651395 -0.001488193982 -0.001953379063 0.999996984790 0.005985719655 0.000000000000 0.000000000000 0.000000000000 1.000000000000 -2.018855878310 -0.053453425469 0.075512439639 -0.003311091096 0.026226379818 0.016417300262
0.000000000000 230497664 0.999998371941 -0.000496795721 0.001734736345 -0.213409078945 0.000493366249 0.999997924404 0.001976809962 -0.000630351434 -0.001735714815 -0.001975950884 0.999996541450 0.006752894728 0.000000000000 0.000000000000 0.000000000000 1.000000000000 -2.045443019252 -0.051843275482 0.068194047109 -0.001250205758 0.023290388601 0.021567841698
0.000000000000 240497664 0.999997826260 -0.000730642560 0.001952853459 -0.233990759747 0.000726775622 0.999997775449 0.001980124641 -0.001196300779 -0.001954295878 -0.001978701051 0.999996132727 0.007455162926 0.000000000000 0.000000000000 0.000000000000 1.000000000000 -2.071089606404 -0.051034217692 0.062813489400 0.000646102606 0.020439871078 0.024794468287
0.000000000000 250497664 0.999997216932 -0.000987079396 0.002142849277 -0.254824102109 0.000982868203 0.999997585594 0.001965394712 -0.001768803920 -0.002144784104 -0.001963283104 0.999995772701 0.008110946451 0.000000000000 0.000000000000 0.000000000000 1.000000000000 -2.095794083955 -0.051065735945 0.059368722742 0.002377393582 0.017674783086 0.026097216014
0.000000000000 260497664 0.999996564713 -0.001246866842 0.002305620579 -0.275899725603 0.001242408212 0.999997357582 0.001934231120 -0.002352376692 -0.002308026216 -0.001931359954 0.999995471422 0.008738679347 0.000000000000 0.000000000000 0.000000000000 1.000000000000 -2.119554918659 -0.051977803683 0.057857691464 0.003943278887 0.014995111398 0.025476117851
0.000000000000 270497664 0.999995906963 -0.001490767425 0.002442062623 -0.297208259650 0.001486158008 0.999997112941 0.001888238186 -0.002950723843 -0.002444870496 -0.001884601166 0.999995235432 0.009356809524 0.000000000000 0.000000000000 0.000000000000 1.000000000000 -2.142370602726 -0.053810883889 0.058278325208 0.005343422346 0.012400873771 0.022931203711
0.000000000000 280497664 0.999995296685 -0.001699545302 0.002553067688 -0.318740347642 0.001694878388 0.999996891039 0.001829016148 -0.003566718087 -0.002556168246 -0.001824680407 0.999995068260 0.009983800849 0.000000000000 0.000000000000 0.000000000000 1.000000000000 -2.164239661880 -0.056605929307 0.060628536479 0.006577539887 0.009892119036 0.018462500409
0.000000000000 290497664 0.999994797848 -0.001853965986 0.002639523936 -0.340486651589 0.001849328856 0.999996744417 0.001758163545 -0.004202380676 -0.002642774919 -0.001753273051 0.999994970875 0.010638135282 0.000000000000 0.000000000000 0.000000000000 1.000000000000 -2.185160668693 -0.060404382934 0.064906218549 0.007645399527 0.007468927228 0.012070031631
0.000000000000 300497664 0.999994475424 -0.001935571675 0.002702347774 -0.362437467595 0.001931043007 0.999996728642 0.001677431769 -0.004857422120 -0.002705585723 -0.001672204152 0.999994941757 0.011336929075 0.000000000000 0.000000000000 0.000000000000 1.000000000000 -2.204502865766 -0.062418237860 0.068803533022 0.008299962201 0.005188194523 0.005035767525
0.000000000000 310497664 0.999994247567 -0.001992324539 0.002745082222 -0.384556224318 0.001987936443 0.999996743518 0.001600332175 -0.005419494200 -0.002748261664 -0.001594865920 0.999994951718 0.011984619678 0.000000000000 0.000000000000 0.000000000000 1.000000000000 -2.219633399338 -0.046069685176 0.057946615625 0.007174954423 0.003386195215 0.006243064290
0.000000000000 320497664 0.999994042853 -0.002059386406 0.002770051774 -0.406833191279 0.002055143192 0.999996711928 0.001533792559 -0.005838119715 -0.002773201337 -0.001528090569 0.999994987134 0.012527436425 0.000000000000 0.000000000000 0.000000000000 1.000000000000 -2.236123568643 -0.032678216165 0.049038861610 0.006194036758 0.001637634986 0.007103735994
0.000000000000 330497664 0.999993866431 -0.002133294462 0.002777796926 -0.429281998610 0.002129199327 0.999996643427 0.001476361830 -0.006141931929 -0.002780937117 -0.001470438292 0.999995052088 0.012984309981 0.000000000000 0.000000000000 0.000000000000 1.000000000000 -2.253973019608 -0.022251696817 0.042078972200 0.005357196931 -0.000057453380 0.007617782596
0.000000000000 340497664 0.999993723350 -0.002210585308 0.002768857755 -0.451916271793 0.002206641506 0.999996547783 0.001426588501 -0.006359420695 -0.002772001792 -0.001420469670 0.999995149124 0.013374178752 0.000000000000 0.000000000000 0.000000000000 1.000000000000 -2.273181447824 -0.014798055496 0.037065624307 0.004664428268 -0.001699039260 0.007785206051
0.000000000000 350497664 0.999993618828 -0.002287795104 0.002743774102 -0.474749631020 0.002284006826 0.999996435277 0.001383020997 -0.006518928367 -0.002746928390 -0.001376745373 0.999995279467 0.013715990139 0.000000000000 0.000000000000 0.000000000000 1.000000000000 -2.293748598334 -0.010325282973 0.033997470816 0.004115729689 -0.003287094191 0.007606010312
0.000000000000 360497664 0.999993558397 -0.002361459711 0.002703085701 -0.497795691437 0.002357832692 0.999996316858 0.001344207950 -0.006648645504 -0.002706250038 -0.001337825868 0.999995443206 0.014028701457 0.000000000000 0.000000000000 0.000000000000 1.000000000000 -2.315674265626 -0.008841432469 0.032873140776 0.003711105713 -0.004821591874 0.007080201326
0.000000000000 370497664 0.999993547924 -0.002428114812 0.002647332264 -0.521068064261 0.002424656680 0.999996204167 0.001308698461 -0.006776606380 -0.002650499885 -0.001302271146 0.999995639461 0.014331280511 0.000000000000 0.000000000000 0.000000000000 1.000000000000 -2.338958293812 -0.010354619677 0.033691239517 0.003450566459 -0.006302508169 0.006207787037
0.000000000000 380497664 0.999993593514 -0.002484296043 0.002577053513 -0.544580358786 0.002481016420 0.999996109405 0.001275042357 -0.006930684302 -0.002580211069 -0.001268640476 0.999995866523 0.014642705840 0.000000000000 0.000000000000 0.000000000000 1.000000000000 -2.363600577001 -0.014873022784 0.036450348687 0.003334127642 -0.007729821098 0.004988777385
0.000000000000 390497664 0.999993701281 -0.002526539097 0.002492789160 -0.568346185242 0.002523449478 0.999996045072 0.001241790420 -0.007138586729 -0.002495916733 -0.001235492171 0.999996121972 0.014981966622 0.000000000000 0.000000000000 0.000000000000 1.000000000000 -2.389601059878 -0.022404882465 0.041149026208 0.003361810580 -0.009103510846 0.003423184307
0.000000000000 400497664 0.999993875546 -0.002551874847 0.002395162796 -0.592378192870 0.002548987902 0.999996022170 0.001207602811 -0.007426816945 -0.002398234920 -0.001201490174 0.999996402439 0.015366252096 0.000000000000 0.000000000000 0.000000000000 1.000000000000 -2.415376078984 -0.030771721366 0.044722239572 0.003357026215 -0.010284008131 0.002325546194
0.000000000000 410497664 0.999994002279 -0.002596728476 0.002291813201 -0.616609975113 0.002594028778 0.999995939107 0.001180162484 -0.007733937235 -0.002294868456 -0.001174210376 0.999996677399 0.015668343900 0.000000000000 0.000000000000 0.000000000000 1.000000000000 -2.430916167095 -0.025314202768 0.028758344635 0.002158454471 -0.010351842290 0.006541720765
0.000000000000 420497664 0.999994014391 -0.002679905502 0.002188444169 -0.641002513489 0.002677361449 0.999995737715 0.001164597326 -0.008017564878 -0.002191555852 -0.001158731099 0.999996927208 0.015824345383 0.000000000000 0.000000000000 0.000000000000 1.000000000000 -2.447585700136 -0.021077307999 0.015985225152 0.000998246113 -0.010279091614 0.009989813574
0.000000000000 430497664 0.999993920850 -0.002793725577 0.002086470795 -0.665567109508 0.002791308433 0.999995430909 0.001160499108 -0.008286866257 -0.002089703377 -0.001154668069 0.999997149937 0.015867052932 0.000000000000 0.000000000000 0.000000000000 1.000000000000 -2.465384759310 -0.018079907432 0.006399323631 -0.000123531246 -0.010065740812 0.012669830805
0.000000000000 440497664 0.999993731346 -0.002930508450 0.001987307044 -0.690315075581 0.002928192141 0.999995031350 0.001167461573 -0.008550654310 -0.001990718426 -0.001161635038 0.999997343819 0.015829329311 0.000000000000 0.000000000000 0.000000000000 1.000000000000 -2.484313391656 -0.016341006248 -0.000002927903 -0.001206815405 -0.009711782167 0.014581776995
0.000000000000 450497664 0.999993458322 -0.003082574051 0.001892366242 -0.715257733855 0.003080334806 0.999994553546 0.001185080547 -0.008817381207 -0.001896009034 -0.001179243673 0.999997507264 0.015744105538 0.000000000000 0.000000000000 0.000000000000 1.000000000000 -2.504371608202 -0.015879744649 -0.003225106873 -0.002251549572 -0.009217215534 0.015725655032
0.000000000000 460497664 0.999993118392 -0.003242242561 0.001803061528 -0.740406415260 0.003240058424 0.999994015364 0.001212953935 -0.009095130265 -0.001806983428 -0.001207103563 0.999997638853 0.015644382863 0.000000000000 0.000000000000 0.000000000000 1.000000000000 -2.525559383103 -0.016715398038 -0.003270799163 -0.003257682367 -0.008582048331 0.016101466149
0.000000000000 470497664 0.999992733148 -0.003401834486 0.001720806280 -0.765772458768 0.003399684691 0.999993438948 0.001250681616 -0.009391607126 -0.001725049601 -0.001244822328 0.999997737308 0.015563234856 0.000000000000 0.000000000000 0.000000000000 1.000000000000 -2.547876653796 -0.018867377189 -0.000143598149 -0.004225167815 -0.007806295545 0.015709209928
0.000000000000 480497664 0.999992329354 -0.003553670715 0.001647014505 -0.791367210799 0.003551534950 0.999992851047 0.001297865225 -0.009714130187 -0.001651614916 -0.001292005840 0.999997801442 0.015533809610 0.000000000000 0.000000000000 0.000000000000 1.000000000000 -2.571323322173 -0.022355228387 0.006152896223 -0.005153965354 -0.006889979736 0.014548884293
0.000000000000 490497664 0.999991938545 -0.003690072574 0.001583101205 -0.817202024766 0.003687930137 0.999992282752 0.001354107828 -0.010069620280 -0.001588085744 -0.001348258545 0.999997830089 0.015589332041 0.000000000000 0.000000000000 0.000000000000 1.000000000000 -2.595899256773 -0.027198633568 0.015615078343 -0.006044039827 -0.005833131038 0.012620485515
0.000000000000 500497664 0.999991594145 -0.003803855616 0.001530464566 -0.843287254879 0.003801684418 0.999991766685 0.001419069671 -0.010463940777 -0.001535849902 -0.001413239399 0.999997821957 0.015761484919 0.000000000000 0.000000000000 0.000000000000 1.000000000000 -2.619956659444 -0.031665330062 0.025589218563 -0.006985785683 -0.004664980184 0.010736646030
0.000000000000 510497664 0.999991178817 -0.003927630836 0.001488625124 -0.869551929916 0.003925403440 0.999991176173 0.001496256765 -0.010849907047 -0.001494488733 -0.001490400112 0.999997772603 0.015946803039 0.000000000000 0.000000000000 0.000000000000 1.000000000000 -2.633329238525 -0.024750878419 0.018719320462 -0.008350798802 -0.003675501292 0.013877463279
0.000000000000 520497664 0.999990623477 -0.004078228646 0.001456368157 -0.895956404753 0.004075919195 0.999990436929 0.001585223123 -0.011199579156 -0.001462819132 -0.001579272220 0.999997683027 0.016079331240 0.000000000000 0.000000000000 0.000000000000 1.000000000000 -2.648014258950 -0.019068771349 0.013518691160 -0.009334652763 -0.002738169607 0.016098970266
0.000000000000 530497664 0.999989956749 -0.004246456596 0.001433180888 -0.922513897068 0.004244044153 0.999989579187 0.001682143344 -0.011518543310 -0.001440309102 -0.001676043967 0.999997558190 0.016175761705 0.000000000000 0.000000000000 0.000000000000 1.000000000000 -2.664011376641 -0.014643271937 0.009988860794 -0.009937310267 -0.001853009289 0.017401183830
0.000000000000 540497664 0.999989211789 -0.004423122588 0.001418553011 -0.949237632807 0.004420590475 0.999988639237 0.001783192861 -0.011811909767 -0.001426424175 -0.001776902782 0.999997403962 0.016252760057 0.000000000000 0.000000000000 0.000000000000 1.000000000000 -2.681320252991 -0.011498809899 0.008131374419 -0.010158741470 -0.001020045059 0.017784117755
0.000000000000 550497664 0.999988427533 -0.004599034698 0.001411977217 -0.976140843807 0.004596370203 0.999987660855 0.001884547502 -0.012084305341 -0.001420626893 -0.001878035723 0.999997227397 0.016326966169 0.000000000000 0.000000000000 0.000000000000 1.000000000000 -2.699940554191 -0.009659981547 0.007947792344 -0.009998923975 -0.000239302203 0.017247782769
0.000000000000 560497664 0.999987649093 -0.004765001017 0.001412949373 -1.003236765988 0.004762195433 0.999986695737 0.001982383098 -0.012339865321 -0.001422376633 -0.001975629873 0.999997036861 0.016414994713 0.000000000000 0.000000000000 0.000000000000 1.000000000000 -2.719871952048 -0.009151549800 0.009439689853 -0.009457842839 0.000489193426 0.015792186543
0.000000000000 570497664 0.999986927304 -0.004911829509 0.001420968347 -1.030538638034 0.004908878458 0.999985802950 0.002072875146 -0.012582224797 -0.001431129783 -0.002065872687 0.999996842014 0.016533435462 0.000000000000 0.000000000000 0.000000000000 1.000000000000 -2.741114126318 -0.009998444262 0.012608656306 -0.008535490575 0.001165415410 0.013417333690
0.000000000000 580497664 0.999986317426 -0.005030327880 0.001435535473 -1.058059700542 0.005027231892 0.999985047379 0.002152198503 -0.012814509408 -0.001446340273 -0.002144952285 0.999996653634 0.016698853370 0.000000000000 0.000000000000 0.000000000000 1.000000000000 -2.763666768584 -0.012225761364 0.017456293611 -0.007231867150 0.001789336755 0.010123225762
0.000000000000 590497664 0.999985876997 -0.005111303462 0.001456153682 -1.085813195560 0.005108068760 0.999984497200 0.002216527136 -0.013039325498 -0.001467460450 -0.002209057698 0.999996483306 0.016927788451 0.000000000000 0.000000000000 0.000000000000 1.000000000000 -2.787529587669 -0.015858764565 0.023984214059 -0.005546979998 0.002360929896 0.005909861248
0.000000000000 600497664 0.999985658496 -0.005146462501 0.001482135560 -1.113811091452 0.005143102042 0.999984215205 0.002262264706 -0.013258732616 -0.001493754825 -0.002254609487 0.999996342710 0.017235134346 0.000000000000 0.000000000000 0.000000000000 1.000000000000 -2.810610439010 -0.019248324359 0.029857919942 -0.003860382120 0.002568843770 0.002262881324
0.000000000000 610497664 0.999985357492 -0.005200213798 0.001497523690 -1.141961334476 0.005196753965 0.999983840078 0.002305066359 -0.013474404462 -0.001509486328 -0.002297250345 0.999996222039 0.017503610001 0.000000000000 0.000000000000 0.000000000000 1.000000000000 -2.819871517261 -0.012218338397 0.020539664928 -0.004650957496 0.000550284570 0.008261316463
0.000000000000 620497664 0.999984801336 -0.005307327874 0.001493106965 -1.170210864883 0.005303803055 0.999983162002 0.002354864409 -0.013692810608 -0.001505579861 -0.002346909473 0.999996112615 0.017665876015 0.000000000000 0.000000000000 0.000000000000 1.000000000000 -2.830546696832 -0.007181742409 0.013056848412 -0.005243641272 -0.001366771319 0.012944612685
0.000000000000 630497664 0.999984042907 -0.005454653890 0.001469925618 -1.198573967675 0.005451101978 0.999982239360 0.002409658012 -0.013921560933 -0.001483043361 -0.002401606847 0.999996016426 0.017740338674 0.000000000000 0.000000000000 0.000000000000 1.000000000000 -2.842635663141 -0.004175717817 0.007406717588 -0.005638438842 -0.003182367974 0.016312765778
0.000000000000 640497664 0.999983135756 -0.005629040891 0.001429021135 -1.227064926391 0.005625503525 0.999981132535 0.002467444677 -0.014167537775 -0.001442883520 -0.002459364102 0.999995934799 0.017745454878 0.000000000000 0.000000000000 0.000000000000 1.000000000000 -2.856138091737 -0.003237656868 0.003586488380 -0.005835335131 -0.004896548002 0.018365774732
0.000000000000 650497664 0.999982138710 -0.005817338030 0.001371436857 -1.255698025050 0.005813860440 0.999979908414 0.002526221635 -0.014436889251 -0.001386105187 -0.002518203171 0.999995868674 0.017699731407 0.000000000000 0.000000000000 0.000000000000 1.000000000000 -2.871053643915 -0.004405162638 0.001593345917 -0.005834294587 -0.006509352531 0.019103641732
0.000000000000 660497664 0.999981118747 -0.006006394768 0.001298218313 -1.284487550842 0.006003025256 0.999978643121 0.002583987083 -0.014735021071 -0.001313711033 -0.002576145056 0.999995818811 0.017621724183 0.000000000000 0.000000000000 0.000000000000 1.000000000000 -2.887381965589 -0.007716049017 0.001424444522 -0.005635261184 -0.008020821215 0.018526372167
0.000000000000 670497664 0.999980152131 -0.006183061046 0.001210413296 -1.313447797463 0.006179850140 0.999977422993 0.002638741278 -0.015066586840 -0.001226701467 -0.002631208732 0.999995785963 0.017530037571 0.000000000000 0.000000000000 0.000000000000 1.000000000000 -2.905122689477 -0.013208340691 0.003076907202 -0.005238158421 -0.009430992225 0.016633974629
0.000000000000 680497664 0.999979323801 -0.006334187419 0.001109071672 -1.342593068953 0.006331186756 0.999976343775 0.002688487510 -0.015435476858 -0.001126074819 -0.002681410183 0.999995770989 0.017443323711 0.000000000000 0.000000000000 0.000000000000 1.000000000000 -2.924275440628 -0.020920273094 0.006547824655 -0.004642889335 -0.010739902261 0.013426460922
0.000000000000 690497664 0.999978725029 -0.006446625174 0.000995244923 -1.371937683950 0.006443886131 0.999975508049 0.002731232920 -0.015844805410 -0.001012827783 -0.002724761568 0.999995774918 0.017380281910 0.000000000000 0.000000000000 0.000000000000 1.000000000000 -2.944839845301 -0.030890292353 0.011834253786 -0.003849336505 -0.011947586564 0.008903846064
0.000000000000 700497664 0.999978444313 -0.006507986972 0.000870066448 -1.401494944679 0.006505558782 0.999975015641 0.002765103801 -0.016295802660 -0.000888039969 -0.002759383929 0.999995798584 0.017358517924 0.000000000000 0.000000000000 0.000000000000 1.000000000000 -2.965130777966 -0.039606173634 0.016860171385 -0.003044809368 -0.012916961203 0.004320746336
0.000000000000 710497664 0.999978148444 -0.006569092789 0.000741386669 -1.431192999350 0.006566995079 0.999974524606 0.002797269062 -0.016705760821 -0.000759743302 -0.002792339255 0.999995812807 0.017303909685 0.000000000000 0.000000000000 0.000000000000 1.000000000000 -2.974404116862 -0.025676326386 0.008869178904 -0.003322727673 -0.012757703769 0.007857491822
0.000000000000 720497664 0.999977618631 -0.006662130490 0.000615023408 -1.460988164790 0.006660364242 0.999973813408 0.002830555810 -0.017042656629 -0.000633864835 -0.002826396178 0.999995804841 0.017179739235 0.000000000000 0.000000000000 0.000000000000 1.000000000000 -2.984675822890 -0.015403269404 0.003007996098 -0.003266319271 -0.012435282321 0.010706816086
0.000000000000 730497664 0.999976892626 -0.006780231041 0.000492625869 -1.490890490822 0.006778794432 0.999972929204 0.002861608866 -0.017334986333 -0.000512014902 -0.002858203332 0.999995784248 0.017009760992 0.000000000000 0.000000000000 0.000000000000 1.000000000000 -2.995945692174 -0.008807486283 -0.000728174350 -0.002875512724 -0.011949688472 0.012868755877
0.000000000000 740497664 0.999976009915 -0.006916526318 0.000375844552 -1.520910036178 0.006915412916 0.999971920536 0.002887075397 -0.017610843209 -0.000395802531 -0.002884407016 0.999995761759 0.016817825480 0.000000000000 0.000000000000 0.000000000000 1.000000000000 -3.008213465945 -0.005909579056 -0.002344178984 -0.002150243467 -0.011300903904 0.014343346970
0.000000000000 750497664 0.999975013121 -0.007064149016 0.000266331477 -1.551056864180 0.007063346186 0.999970838684 0.002903604934 -0.017897914705 -0.000286835209 -0.002901651190 0.999995749064 0.016627880456 0.000000000000 0.000000000000 0.000000000000 1.000000000000 -3.021478829076 -0.006730267986 -0.001844914310 -0.001090453809 -0.010488900369 0.015130624167
0.000000000000 760497664 0.999973948920 -0.007216232479 0.000165740187 -1.581341039963 0.007215720134 0.999969738440 0.002907849265 -0.018223479692 -0.000186718888 -0.002906577578 0.999995758462 0.016463971294 0.000000000000 0.000000000000 0.000000000000 1.000000000000 -3.035741409614 -0.011290391245 0.000764672019 0.000303907069 -0.009513639685 0.015230621290
0.000000000000 770497664 0.999972868446 -0.007365910488 0.000075725509 -1.611772629219 0.007365660281 0.999968678287 0.002896462230 -0.018614405823 -0.000097058218 -0.002895825876 0.999995802377 0.016350240623 0.000000000000 0.000000000000 0.000000000000 1.000000000000 -3.051000779327 -0.019610904498 0.005479579542 0.002032883110 -0.008375073741 0.014643371188
0.000000000000 780497664 0.999971827204 -0.007506316982 -0.000002056904 -1.642361698431 0.007506292046 0.999967720006 0.002866099383 -0.019097147012 -0.000019457013 -0.002866034077 0.999995892727 0.016310927252 0.000000000000 0.000000000000 0.000000000000 1.000000000000 -3.067256455282 -0.031712880362 0.012294752847 0.004096511390 -0.007073144508 0.013368905731
0.000000000000 790497664 0.999970884482 -0.007630585720 -0.000065951266 -1.673118316545 0.007630741080 0.999966927689 0.002813417561 -0.019697741029 0.000044481061 -0.002813838904 0.999996040158 0.016370364393 0.000000000000 0.000000000000 0.000000000000 1.000000000000 -3.084507902456 -0.047617507783 0.021205078950 0.006494822122 -0.005607784042 0.011407255819
0.000000000000 800497664 0.999970099966 -0.007732143791 -0.000114566445 -1.704052231143 0.007732428316 0.999966362219 0.002735686810 -0.020439133160 0.000093409868 -0.002736490889 0.999996251439 0.016551304119 0.000000000000 0.000000000000 0.000000000000 1.000000000000 -3.102214834714 -0.062127111342 0.030163859895 0.008219085538 -0.004413006958 0.009245115534
0.000000000000 810497664 0.999969336471 -0.007829286605 -0.000168490052 -1.735143433584 0.007829710058 0.999965757517 0.002679446488 -0.021126552343 0.000147506128 -0.002680683555 0.999996396082 0.016737483852 0.000000000000 0.000000000000 0.000000000000 1.000000000000 -3.116167170442 -0.042198485336 0.025986505900 0.003127406049 -0.006331868276 0.010174480522
0.000000000000 820497664 0.999968491972 -0.007934513089 -0.000242002000 -1.766371727513 0.007935131402 0.999964948893 0.002671081387 -0.021645981748 0.000220799787 -0.002672917544 0.999996403373 0.016853437024 0.000000000000 0.000000000000 0.000000000000 1.000000000000 -3.129612195772 -0.025235961580 0.023108183335 -0.001357559944 -0.008326941537 0.010872067105
0.000000000000 830497664 0.999967578032 -0.008045500717 -0.000335862394 -1.797732109297 0.008046380064 0.999963970016 0.002704521642 -0.022023600340 0.000314091062 -0.002707136433 0.999996286373 0.016909496419 0.000000000000 0.000000000000 0.000000000000 1.000000000000 -3.142549597506 -0.011246584259 0.021531484969 -0.005235787434 -0.010398160853 0.011337919097
0.000000000000 840497664 0.999966605627 -0.008159925409 -0.000450830705 -1.829219572617 0.008161145276 0.999962850466 0.002773697250 -0.022285451587 0.000428180794 -0.002777283919 0.999996051670 0.016915917182 0.000000000000 0.000000000000 0.000000000000 1.000000000000 -3.154979109204 -0.000237381216 0.021259052220 -0.008507246278 -0.012545466491 0.011572095837
0.000000000000 850497664 0.999965585097 -0.008275462009 -0.000587665177 -1.860829107262 0.008277117328 0.999961618190 0.002872538285 -0.022457438178 0.000563871040 -0.002877303601 0.999995701577 0.016882885824 0.000000000000 0.000000000000 0.000000000000 1.000000000000 -3.166900511338 0.007784636529 0.022293576296 -0.011171901195 -0.014768804863 0.011574672182
0.000000000000 860497664 0.999964526030 -0.008389784810 -0.000747122381 -1.892555698611 0.008391987058 0.999960301551 0.002994975154 -0.022565317490 0.000721965524 -0.003001138752 0.999995235955 0.016820527664 0.000000000000 0.000000000000 0.000000000000 1.000000000000 -3.178313631575 0.012812475164 0.024637799067 -0.013229711779 -0.017068128515 0.011345738503
0.000000000000 870497664 0.999963437092 -0.008500568131 -0.000929956901 -1.924394327776 0.008503445290 0.999958930945 0.003134938851 -0.022634697834 0.000903269948 -0.003142732066 0.999994653655 0.016738912724 0.000000000000 0.000000000000 0.000000000000 1.000000000000 -3.189218345215 0.014839158383 0.028294513654 -0.014680632511 -0.019443396123 0.010885400691
0.000000000000 880497664 0.999962325793 -0.008605486934 -0.001136921170 -1.956339972430 0.008609182223 0.999957540004 0.003286361237 -0.022691035451 0.001108592158 -0.003296025387 0.999993953602 0.016648060078 0.000000000000 0.000000000000 0.000000000000 1.000000000000 -3.199614575766 0.013857727581 0.033266564738 -0.015524612762 -0.021894572482 0.010193780155
0.000000000000 890497664 0.999961198193 -0.008702217486 -0.001368765439 -1.988387608293 0.008706886779 0.999956166372 0.003443175338 -0.022759632260 0.001338742181 -0.003454959422 0.999993135489 0.016557940669 0.000000000000 0.000000000000 0.000000000000 1.000000000000 -3.209502295665 0.009861241945 0.039556848594 -0.015761596814 -0.024421628504 0.009271013836
0.000000000000 900497664 0.999960057675 -0.008788597004 -0.001625920643 -2.020532769195 0.008794403499 0.999954851077 0.003599204861 -0.022864838078 0.001594215273 -0.003613360102 0.999992201023 0.016477558127 0.000000000000 0.000000000000 0.000000000000 1.000000000000 -3.219820357056 0.004694176547 0.044588682228 -0.015209807199 -0.026498502232 0.008378427275
0.000000000000 910497664 0.999958840039 -0.008875375928 -0.001883063899 -2.052816917343 0.008882372647 0.999953555510 0.003740358196 -0.022963880460 0.001849779356 -0.003756930318 0.999991231857 0.016343376999 0.000000000000 0.000000000000 0.000000000000 1.000000000000 -3.236490676806 0.010388803839 0.033002454723 -0.013045136976 -0.024903265759 0.009117326222
0.000000000000 920497664 0.999957527373 -0.008968060798 -0.002125402405 -2.085265019626 0.008976217205 0.999952264262 0.003859627239 -0.023032884109 0.002090687575 -0.003878541384 0.999990292924 0.016129375647 0.000000000000 0.000000000000 0.000000000000 1.000000000000 -3.252697002461 0.013777327976 0.024247524021 -0.010839644220 -0.023530829408 0.009555188193
0.000000000000 930497664 0.999956150867 -0.009063641782 -0.002355151919 -2.117872534387 0.009072914031 0.999951012540 0.003956608510 -0.023089033107 0.002319175263 -0.003977803107 0.999989399198 0.015860131094 0.000000000000 0.000000000000 0.000000000000 1.000000000000 -3.268439778393 0.014850377784 0.018331504229 -0.008593235230 -0.022381225311 0.009692049715
0.000000000000 940497664 0.999954740252 -0.009159107910 -0.002574527277 -2.150634929728 0.009169441115 0.999949835341 0.004030899639 -0.023149307111 0.002537478682 -0.004054324177 0.999988561763 0.015560088074 0.000000000000 0.000000000000 0.000000000000 1.000000000000 -3.283719430683 0.013598471938 0.015261988911 -0.006305819467 -0.021454478772 0.009527941874
0.000000000000 950497664 0.999953324091 -0.009251447303 -0.002785742729 -2.183547681444 0.009262777354 0.999948767399 0.004082099183 -0.023230481631 0.002747834683 -0.004107712361 0.999987787977 0.015253555087 0.000000000000 0.000000000000 0.000000000000 1.000000000000 -3.298536366827 0.010012018110 0.015046550052 -0.003977309547 -0.020750608271 0.009062890305
0.000000000000 960497664 0.999951929938 -0.009337647407 -0.002991012286 -2.216606272009 0.009349902315 0.999947843048 0.004109806499 -0.023349128521 0.002952480359 -0.004137574613 0.999987081585 0.014964700505 0.000000000000 0.000000000000 0.000000000000 1.000000000000 -3.312890975746 0.004081312115 0.017692736979 -0.001607621246 -0.020269625466 0.008296915189
0.000000000000 970497664 0.999950584348 -0.009414695236 -0.003192550076 -2.249806190608 0.009427795984 0.999947095990 0.004113621694 -0.023521616687 0.003153652683 -0.004143517127 0.999986442778 0.014717548744 0.000000000000 0.000000000000 0.000000000000 1.000000000000 -3.326783628095 -0.004203462939 0.023208075248 0.000803326500 -0.020011535203 0.007230031246
0.000000000000 980497664 0.999949312751 -0.009479577627 -0.003392570723 -2.283142934205 0.009493438511 0.999946558964 0.004093145629 -0.023764113023 0.003353588129 -0.004125145320 0.999985868212 0.014535976479 0.000000000000 0.000000000000 0.000000000000 1.000000000000 -3.340214676889 -0.014852237499 0.031600065487 0.003255611597 -0.019976335525 0.005862247741
0.000000000000 990497664 0.999948139187 -0.009529281498 -0.003593289726 -2.316612009634 0.009543809941 0.999946263331 0.004047980005 -0.024092583557 0.003554522294 -0.004082063748 0.999985350956 0.014443708927 0.000000000000 0.000000000000 0.000000000000 1.000000000000 -3.353184458452 -0.027875056422 0.042876182208 0.005749308786 -0.020164017674 0.004193568481
0.000000000000 1000497664 0.999947081436 -0.009561355053 -0.003796684999 -2.350208995782 0.009576450721 0.999946232345 0.003977940533 -0.024522578617 0.003758446359 -0.004014088792 0.999984880472 0.014462991089 0.000000000000 0.000000000000 0.000000000000 1.000000000000 -3.365818803219 -0.040748235634 0.053904048099 0.007928834274 -0.020175971867 0.003149105133
0.000000000000 1010497664 0.999945803487 -0.009618025591 -0.003985432589 -2.383933706732 0.009633571445 0.999945990668 0.003900006192 -0.025045633170 0.003947706980 -0.003938188775 0.999984453019 0.014505801133 0.000000000000 0.000000000000 0.000000000000 1.000000000000 -3.378734594192 -0.036502923753 0.044664541576 0.007644590046 -0.017589164281 0.008180794992
0.000000000000 1020497664 0.999944142163 -0.009720475424 -0.004150290598 -2.417782215173 0.009736357273 0.999945289520 0.003823782536 -0.025640189964 0.004112894549 -0.003863977660 0.999984076761 0.014519216701 0.000000000000 0.000000000000 0.000000000000 1.000000000000 -3.390884957535 -0.032744968046 0.037748400137 0.007547572632 -0.015363573952 0.012283864573
0.000000000000 1030497664 0.999942171655 -0.009859401240 -0.004294828651 -2.451747094796 0.009875516846 0.999944213939 0.003747422709 -0.026291799717 0.004257641715 -0.003789619655 0.999983755503 0.014519297386 0.000000000000 0.000000000000 0.000000000000 1.000000000000 -3.402269758971 -0.029505822216 0.033167998910 0.007637971996 -0.013499111184 0.015458317340
0.000000000000 1040497664 0.999939963092 -0.010025500824 -0.004422617341 -2.485820934059 0.010041757686 0.999942848829 0.003669084119 -0.026985396774 0.004385580178 -0.003713274690 0.999983489002 0.014521867423 0.000000000000 0.000000000000 0.000000000000 1.000000000000 -3.412888846689 -0.026817032943 0.030935726376 0.007915972232 -0.011995679455 0.017704152977
0.000000000000 1050497664 0.999937588165 -0.010209472940 -0.004537227986 -2.519996339398 0.010225786375 0.999941281900 0.003586927002 -0.027705292704 0.004500340934 -0.003633099860 0.999983273619 0.014542512668 0.000000000000 0.000000000000 0.000000000000 1.000000000000 -3.422742046638 -0.024710240043 0.031063983879 0.008381751553 -0.010853175394 0.019021367379
0.000000000000 1060497664 0.999935121752 -0.010402017262 -0.004642232553 -2.554265937656 0.010418308659 0.999939605702 0.003499113333 -0.028435170879 0.004605554351 -0.003547250528 0.999983102799 0.014596578138 0.000000000000 0.000000000000 0.000000000000 1.000000000000 -3.431829160082 -0.023217176761 0.033565184748 0.009035482287 -0.010071488769 0.019409952647
0.000000000000 1070497664 0.999932643562 -0.010593834376 -0.004741203764 -2.588622377631 0.010610029489 0.999937918762 0.003403806056 -0.029158082017 0.004704850066 -0.003453881099 0.999982967401 0.014699166143 0.000000000000 0.000000000000 0.000000000000 1.000000000000 -3.440149963416 -0.022369670200 0.038451753038 0.009877330873 -0.009650502496 0.018869897081
0.000000000000 1080497664 0.999930238766 -0.010775625825 -0.004837715361 -2.623058330686 0.010791652974 0.999936325829 0.003299168656 -0.029856440694 0.004801856717 -0.003351145448 0.999982855851 0.014865135007 0.000000000000 0.000000000000 0.000000000000 1.000000000000 -3.447704210266 -0.022199641901 0.045736121879 0.010907457865 -0.009590092641 0.017401185191
0.000000000000 1090497664 0.999927997652 -0.010938094229 -0.004935342552 -2.657566490327 0.010953882268 0.999934937208 0.003183365059 -0.030512022810 0.004900201498 -0.003237197010 0.999982754142 0.015109098397 0.000000000000 0.000000000000 0.000000000000 1.000000000000 -3.454491635882 -0.022739108558 0.055430731438 0.012126017952 -0.009890128452 0.015003797705
