0.000000000000 1810432 1.000000000000 0.000000000000 0.000000000000 0.000000000000 0.000000000000 1.000000000000 0.000000000000 0.000000000000 0.000000000000 0.000000000000 1.000000000000 0.000000000000 0.000000000000 0.000000000000 0.000000000000 1.000000000000 0.000000000000 0.000000000000 0.000000000000 0.000000000000 0.000000000000 0.000000000000
0.000000000000 11810432 0.999999998558 -0.000028723480 0.000045378470 -0.000003528906 0.000028724969 0.999999999049 -0.000032830519 0.000001824604 -0.000045377526 0.000032831822 0.999999998431 -0.000006259191 0.000000000000 0.000000000000 0.000000000000 1.000000000000 -0.000680220036 0.000351146426 -0.001204979114 0.006320196878 0.008735349034 0.005529546708
0.000000000000 21810432 0.999999980256 -0.000106274771 0.000167908424 -0.000013096152 0.000106295168 0.999999986973 -0.000121474268 0.000006748361 -0.000167895512 0.000121492114 0.999999978525 -0.000023160450 0.000000000000 0.000000000000 0.000000000000 1.000000000000 -0.001207274662 0.000619709092 -0.002128670984 0.011164170124 0.015429194666 0.009767304309
0.000000000000 31810432 0.999999915593 -0.000219720738 0.000347184468 -0.000027173525 0.000219807941 0.999999944303 -0.000251155671 0.000013946489 -0.000347129265 0.000251231964 0.999999908192 -0.000047888637 0.000000000000 0.000000000000 0.000000000000 1.000000000000 -0.001581163874 0.000805687536 -0.002771074903 0.014531919802 0.020081536919 0.012713272693
0.000000000000 41810432 0.999999778214 -0.000356129858 0.000562800170 -0.000044232443 0.000356359001 0.999999853639 -0.000407100564 0.000022594072 -0.000562655107 0.000407301033 0.999999758763 -0.000077628823 0.000000000000 0.000000000000 0.000000000000 1.000000000000 -0.001801887666 0.000909080991 -0.003132189692 0.016423446023 0.022692375832 0.014367451675
0.000000000000 51810432 0.999999558216 -0.000502579102 0.000794343713 -0.000062742406 0.000503035562 0.999999708428 -0.000574542212 0.000031865586 -0.000794054729 0.000574941541 0.999999519460 -0.000109567311 0.000000000000 0.000000000000 0.000000000000 1.000000000000 -0.001869446030 0.000929888379 -0.003212013702 0.016838748937 0.023261711457 0.014729840997
0.000000000000 61810432 0.999999269615 -0.000646157799 0.001021395476 -0.000081170122 0.000646912490 0.999999517895 -0.000738724696 0.000040934632 -0.001020917651 0.000739384910 0.999999205518 -0.000140892210 0.000000000000 0.000000000000 0.000000000000 1.000000000000 -0.001783838953 0.000868108316 -0.003010544812 0.015777828742 0.021789543862 0.013800440327
0.000000000000 71810432 0.999998951976 -0.000773968494 0.001223527511 -0.000097979323 0.000775051475 0.999999308120 -0.000884903665 0.000048973894 -0.001222841777 0.000885851035 0.999998859962 -0.000168793584 0.000000000000 0.000000000000 0.000000000000 1.000000000000 -0.001545066422 0.000723739111 -0.002527780429 0.013240685676 0.018275873131 0.011579249260
0.000000000000 81810432 0.999998666205 -0.000873124788 0.001380304931 -0.000111631250 0.000874503205 0.999999119276 -0.000998344446 0.000055155310 -0.001379432036 0.000999550195 0.999998549032 -0.000190463167 0.000000000000 0.000000000000 0.000000000000 1.000000000000 -0.001153128418 0.000496778763 -0.001763717492 0.009227320023 0.012720699364 0.008066267316
0.000000000000 91810432 0.999998484509 -0.000930746144 0.001471289175 -0.000120585831 0.000932312544 0.999998999010 -0.001064317498 0.000058650464 -0.001470297093 0.001065687586 0.999998351267 -0.000203093636 0.000000000000 0.000000000000 0.000000000000 1.000000000000 -0.000608024925 0.000187224967 -0.000718352463 0.003737732109 0.005124022673 0.003261493941
0.000000000000 101810431 0.999998429122 -0.000959244509 0.001490504597 -0.001412226854 0.000960901824 0.999998920509 -0.001111597561 -0.000058605720 -0.001489436695 0.001113028044 0.999998271372 -0.000300859654 0.000000000000 0.000000000000 0.000000000000 1.000000000000 -0.575370824091 -0.052516638427 -0.042471813504 0.016090482347 0.001982080298 0.008448747875
0.000000000000 111810431 0.999998188973 -0.001131571146 0.001530227974 -0.013543275904 0.001133767589 0.999998327291 -0.001435264987 -0.001164840567 -0.001528601310 0.001436997311 0.999997799206 -0.001176900894 0.000000000000 0.000000000000 0.000000000000 1.000000000000 -1.847956860348 -0.168133039418 -0.131386133516 0.047740740964 0.005805717276 0.025672742825
0.000000000000 121810431 0.999997637971 -0.001465439292 0.001605160176 -0.038312728439 0.001468723131 0.999996827265 -0.002046536848 -0.003421951813 -0.001602156008 0.002048889550 0.999996617568 -0.002900570222 0.000000000000 0.000000000000 0.000000000000 1.000000000000 -3.103158260911 -0.281429718698 -0.212081983038 0.073664247295 0.008951328981 0.040773008753
0.000000000000 131810431 0.999996659130 -0.001939566732 0.001708745342 -0.075545872561 0.001944496578 0.999993938755 -0.002888145741 -0.006816655173 -0.001703133233 0.002891458741 0.999994369386 -0.005389100010 0.000000000000 0.000000000000 0.000000000000 1.000000000000 -4.340971564031 -0.392448630326 -0.284555335121 0.093861070158 0.011418301999 0.053749556169
0.000000000000 141810432 0.999995110176 -0.002532670875 0.001834448628 -0.125067678014 0.002539815361 0.999989158606 -0.003902820674 -0.011339289325 -0.001824544180 0.003907460751 0.999990701351 -0.008559563384 0.000000000000 0.000000000000 0.000000000000 1.000000000000 -5.561391618660 -0.501253283488 -0.348800111706 0.108331315784 0.013205708913 0.064602399795
0.000000000000 151810432 0.999992852864 -0.003223482435 0.001975697610 -0.186702867223 0.003233392128 0.999982105404 -0.005033293852 -0.016982677090 -0.001959437521 0.005039646084 0.999985381179 -0.012328980594 0.000000000000 0.000000000000 0.000000000000 1.000000000000 -6.764411063811 -0.607928700675 -0.404808154037 0.117075123145 0.014312307698 0.073331553654
0.000000000000 161810432 0.999989777291 -0.003990756080 0.002125836025 -0.260276039578 0.004003915371 0.999972625401 -0.006222307508 -0.023740980830 -0.002100946120 0.006230755567 0.999978381622 -0.016614424672 0.000000000000 0.000000000000 0.000000000000 1.000000000000 -7.950021024867 -0.712581483223 -0.452569228492 0.120092673204 0.014736542862 0.079937036957
0.000000000000 171810432 0.999985821236 -0.004813276845 0.002278089588 -0.345611751180 0.004830043552 0.999960861116 -0.007412618639 -0.031608543042 -0.002242321441 0.007423516809 0.999969931244 -0.021333117537 0.000000000000 0.000000000000 0.000000000000 1.000000000000 -9.118210591195 -0.815339765797 -0.492070925474 0.117384183080 0.014476544720 0.084418869277
0.000000000000 181810432 0.999980984514 -0.005669863089 0.002425544046 -0.442534622269 0.005690403527 0.999947282635 -0.008547002924 -0.040578718746 -0.002376955842 0.008560642723 0.999960531960 -0.026402519897 0.000000000000 0.000000000000 0.000000000000 1.000000000000 -10.268966915218 -0.916353222609 -0.523298535866 0.108949908189 0.013530129664 0.086777072033
0.000000000000 191810432 0.999975338338 -0.006539365536 0.002561135360 -0.550869445477 0.006563592786 0.999932681588 -0.009568256945 -0.050642697351 -0.002498392618 0.009584831226 0.999950943319 -0.031740413173 0.000000000000 0.000000000000 0.000000000000 1.000000000000 -11.402275202446 -1.015793058711 -0.546234850978 0.094790142440 0.011894800203 0.087011669570
0.000000000000 201810432 0.999969205079 -0.007380140280 0.002668786712 -0.674096703593 0.007407615784 0.999918103911 -0.010436124776 -0.061914944972 -0.002591548084 0.010455572743 0.999941980755 -0.037142825866 0.000000000000 0.000000000000 0.000000000000 1.000000000000 -14.143856572313 -1.175356107520 -0.503533367407 0.082710141014 0.005742778906 0.075995655022
0.000000000000 211810432 0.999964128559 -0.008033986977 0.002682657041 -0.837273942759 0.008063665955 0.999904291907 -0.011242077987 -0.075149542252 -0.002592081581 0.011263306768 0.999933207286 -0.041691208570 0.000000000000 0.000000000000 0.000000000000 1.000000000000 -18.372786792327 -1.370497910827 -0.398717901144 0.078838269610 -0.004074943055 0.055366696888
0.000000000000 221810432 0.999960481937 -0.008499626036 0.002605939611 -1.038913480057 0.008530337505 0.999891493994 -0.012009728599 -0.089986011625 -0.002503578649 0.012031483542 0.999924484898 -0.045367666114 0.000000000000 0.000000000000 0.000000000000 1.000000000000 -21.835819442850 -1.507350383153 -0.311175998861 0.074945902298 -0.012039798345 0.038146453307
0.000000000000 231810432 0.999958162690 -0.008811057092 0.002457263266 -1.271358582465 0.008841670185 0.999879766810 -0.012738790816 -0.105816930489 -0.002344725609 0.012759984170 0.999915838991 -0.048363060865 0.000000000000 0.000000000000 0.000000000000 1.000000000000 -24.533024138806 -1.584856373933 -0.241172464349 0.071031901132 -0.018154420330 0.024336344723
0.000000000000 241810432 0.999956935644 -0.009002242238 0.002255325255 -1.526952647565 0.009031738847 0.999869037085 -0.013428937855 -0.122028809787 -0.002134139340 0.013448729055 0.999907284270 -0.050864064934 0.000000000000 0.000000000000 0.000000000000 1.000000000000 -26.464465412617 -1.601972486996 -0.188975617725 0.067095175421 -0.022421307589 0.013937714959
0.000000000000 251810432 0.999956491380 -0.009107109907 0.002018884851 -1.798038560333 0.009134650139 0.999859148420 -0.014079825535 -0.138012025808 -0.001890373969 0.014097654748 0.999898836191 -0.053048443997 0.000000000000 0.000000000000 0.000000000000 1.000000000000 -27.630202107645 -1.557668977931 -0.154857275852 0.063134680166 -0.024842823079 0.006951831477
0.000000000000 261810432 0.999956489580 -0.009159558793 0.001766756884 -2.076958289606 0.009184539153 0.999849896505 -0.014691109509 -0.153168143048 -0.001631927606 0.014706697141 0.999890518943 -0.055081767040 0.000000000000 0.000000000000 0.000000000000 1.000000000000 -28.030287045858 -1.450929743721 -0.139092858069 0.059149415306 -0.025421193591 0.003379885757
0.000000000000 271810432 0.999956587322 -0.009193461733 0.001517805156 -2.356052726259 0.009215565964 0.999841052757 -0.015262456117 -0.166914625072 -0.001377249099 0.015275780967 0.999882369932 -0.057115535894 0.000000000000 0.000000000000 0.000000000000 1.000000000000 -27.664766965229 -1.280752395779 -0.141961606628 0.055138425715 -0.024158509469 0.003222993789
0.000000000000 281810432 0.999956452324 -0.009242669533 0.001290935735 -2.627661757887 0.009261912032 0.999832376383 -0.015793546825 -0.178686930433 -0.001144744810 0.015804815586 0.999874440799 -0.059286729543 0.000000000000 0.000000000000 0.000000000000 1.000000000000 -26.533682722431 -1.046148407367 -0.163746911280 0.051100801871 -0.021056724580 0.006482196665
0.000000000000 291810432 0.999955761131 -0.009341014722 0.001105090139 -2.884124570682 0.009357776456 0.999823614885 -0.016284076223 -0.187937991112 -0.000952785422 0.016293697020 0.999866794947 -0.061718759204 0.000000000000 0.000000000000 0.000000000000 1.000000000000 -24.637069756434 -0.746143326375 -0.204736727380 0.047035681125 -0.016117656506 0.013158461261
0.000000000000 301810432 0.999954538806 -0.009486034486 0.000967197834 -3.122304680294 0.009500901581 0.999814700124 -0.016742111119 -0.194321441213 -0.000808202369 0.016750539254 0.999859373234 -0.064421192883 0.000000000000 0.000000000000 0.000000000000 1.000000000000 -23.849173457874 -0.505820023225 -0.207497812414 0.046334832394 -0.014073733844 0.008302137937
0.000000000000 311810432 0.999954700400 -0.009483192557 0.000816214670 -3.365118423083 0.009495842831 0.999806667223 -0.017217930917 -0.198754505340 -0.000652775915 0.017224901598 0.999851427287 -0.066835707444 0.000000000000 0.000000000000 0.000000000000 1.000000000000 -24.681660119773 -0.394242704705 -0.159897966520 0.048742939523 -0.015987379837 -0.008810902698
0.000000000000 321810432 0.999956295369 -0.009326774888 0.000647010707 -3.615276327773 0.009336774531 0.999799482427 -0.017714953594 -0.201619950312 -0.000481657586 0.017720220361 0.999842868553 -0.068906814760 0.000000000000 0.000000000000 0.000000000000 1.000000000000 -25.312120826245 -0.300247931419 -0.119393959991 0.050554322761 -0.017180838199 -0.022487909141
0.000000000000 331810432 0.999958929452 -0.009051027250 0.000467240971 -3.870752403504 0.009058040725 0.999792840232 -0.018227136901 -0.203140658279 -0.000302169865 0.018230620591 0.999833762766 -0.070686328074 0.000000000000 0.000000000000 0.000000000000 1.000000000000 -25.740568206275 -0.223003901827 -0.086142227126 0.051768525223 -0.017655721736 -0.032728623744
0.000000000000 341810432 0.999962199123 -0.008690186025 0.000284592012 -4.129520154234 0.008693994381 0.999786432235 -0.018748450093 -0.203555784445 -0.000121603714 0.018750215626 0.999824191859 -0.072222052569 0.000000000000 0.000000000000 0.000000000000 1.000000000000 -25.967013665775 -0.161684682951 -0.060299912214 0.052385146357 -0.017413623756 -0.039532784235
0.000000000000 351810432 0.999965727113 -0.008278477843 0.000106787052 -4.389552907454 0.008278998276 0.999779982957 -0.019272879054 -0.203122526423 0.000052786545 0.019273102607 0.999814255114 -0.073557647938 0.000000000000 0.000000000000 0.000000000000 1.000000000000 -25.991467106180 -0.115470200638 -0.042024824681 0.052403841403 -0.016456117954 -0.042900123765
0.000000000000 361810432 0.999969185631 -0.007850119519 -0.000058410941 -4.648824067156 0.007847425292 0.999773273550 -0.019794428803 -0.202117200203 0.000213786329 0.019793360475 0.999804069394 -0.074732623136 0.000000000000 0.000000000000 0.000000000000 1.000000000000 -25.813936842639 -0.083546242322 -0.031475449000 0.051824321241 -0.014784758383 -0.042830370868
0.000000000000 371810432 0.999972307243 -0.007439318321 -0.000203198231 -4.905307283238 0.007433658148 0.999766153392 -0.020307123328 -0.200835622227 0.000354221868 0.020305050461 0.999793768461 -0.075782461216 0.000000000000 0.000000000000 0.000000000000 1.000000000000 -25.434429719539 -0.065104471813 -0.028811008553 0.050646352615 -0.012401079521 -0.039323249340
0.000000000000 381810432 0.999974883441 -0.007080272576 -0.000319731350 -5.156976528751 0.007072088585 0.999758539560 -0.020805002749 -0.199592797215 0.000466959238 0.020802219031 0.999783501380 -0.076738872019 0.000000000000 0.000000000000 0.000000000000 1.000000000000 -24.852951421022 -0.059342455577 -0.034191582597 0.048869758725 -0.009306596367 -0.032378478055
0.000000000000 391810432 0.999976750878 -0.006807172687 -0.000400130169 -5.401806076314 0.006797116055 0.999750404189 -0.021282117789 -0.198721911535 0.000544901349 0.021278903267 0.999773430012 -0.077630170487 0.000000000000 0.000000000000 0.000000000000 1.000000000000 -24.069506974237 -0.065463700056 -0.047778275479 0.046494420179 -0.005502804592 -0.021995770719
0.000000000000 401810432 0.999977901308 -0.006632914240 -0.000448714508 -5.638986500615 0.006621597309 0.999741908880 -0.021731775769 -0.198299396167 0.000592743704 0.021728324318 0.999763736378 -0.078461218215 0.000000000000 0.000000000000 0.000000000000 1.000000000000 -23.589987186442 -0.020375817619 -0.034162831820 0.043260876287 -0.005809775988 -0.017152805670
0.000000000000 411810432 0.999979088554 -0.006444944285 -0.000533992332 -5.874922576829 0.006431538140 0.999734031057 -0.022147290193 -0.196892483648 0.000676588358 0.022143392669 0.999754576078 -0.079123134964 0.000000000000 0.000000000000 0.000000000000 1.000000000000 -23.590928305106 0.073343735832 0.010941737355 0.039961467545 -0.010245552836 -0.020786443503
0.000000000000 421810432 0.999980424620 -0.006222187574 -0.000659362192 -6.110869262786 0.006205752626 0.999726857004 -0.022532199592 -0.194387308187 0.000799381664 0.022527666677 0.999745900328 -0.079607567209 0.000000000000 0.000000000000 0.000000000000 1.000000000000 -23.591419314181 0.147971701109 0.050739632917 0.037147411899 -0.013655611271 -0.024293939477
0.000000000000 431810432 0.999981873281 -0.005965701775 -0.000814562208 -6.346822229761 0.005945494397 0.999720279651 -0.022891342252 -0.190965354465 0.000950897280 0.022886084332 0.999737627049 -0.079924155681 0.000000000000 0.000000000000 0.000000000000 1.000000000000 -23.591464062309 0.203540186204 0.084981106943 0.034818925471 -0.016040109610 -0.027674840221
0.000000000000 441810432 0.999983398946 -0.005676535950 -0.000989329432 -6.582777176698 0.005652025628 0.999714180262 -0.023229558522 -0.186808686686 0.001120910086 0.023223581171 0.999729667879 -0.080077884573 0.000000000000 0.000000000000 0.000000000000 1.000000000000 -23.591067126654 0.240081577211 0.113416662800 0.032976255885 -0.017399219925 -0.030928704692
0.000000000000 451810432 0.999984969518 -0.005355732363 -0.001173400778 -6.818729858450 0.005326615279 0.999708429963 -0.023551692723 -0.182099956884 0.001299195213 0.023545088476 0.999721931789 -0.080069040088 0.000000000000 0.000000000000 0.000000000000 1.000000000000 -23.590233789503 0.257628516359 0.135797051525 0.031619682214 -0.017733128051 -0.034055104140
0.000000000000 461810432 0.999986558196 -0.005004327793 -0.001356513912 -7.054676112402 0.004970537833 0.999702891022 -0.023862594929 -0.177022412599 0.001475527127 0.023855531569 0.999714327412 -0.079893178407 0.000000000000 0.000000000000 0.000000000000 1.000000000000 -23.588970032784 0.256213888157 0.151873269754 0.030749514953 -0.017042033596 -0.037053622094
0.000000000000 471810432 0.999988144211 -0.004623354332 -0.001528408089 -7.290611882910 0.004585072522 0.999697417870 -0.024167122603 -0.171759904165 0.001639678791 0.024159828221 0.999706764083 -0.079541103095 0.000000000000 0.000000000000 0.000000000000 1.000000000000 -23.587282550463 0.235870813597 0.161396559362 0.030366096017 -0.015326149983 -0.039923854368
0.000000000000 481810432 0.999989712498 -0.004213839686 -0.001678824936 -7.526533242980 0.004171503054 0.999691857878 -0.024470142107 -0.166496891875 0.001781420875 0.024462887147 0.999699151591 -0.078998851963 0.000000000000 0.000000000000 0.000000000000 1.000000000000 -23.585178778764 0.196632652388 0.164118409005 0.030469798773 -0.012585704499 -0.042665409103
0.000000000000 491810432 0.999991252307 -0.003776806958 -0.001797509192 -7.762436412597 0.003731117835 0.999686051877 -0.024776530070 -0.161418453280 0.001890521038 0.024769606613 0.999691398642 -0.078247693418 0.000000000000 0.000000000000 0.000000000000 1.000000000000 -23.582666944179 0.138533013159 0.159790557712 0.031061028092 -0.008820938361 -0.045277906833
0.000000000000 501810432 0.999992734116 -0.003315042599 -0.001882075606 -7.998332744451 0.003266790183 0.999679940557 -0.025086740120 -0.156552050317 0.001964636842 0.025080409497 0.999683506547 -0.077278349871 0.000000000000 0.000000000000 0.000000000000 1.000000000000 -23.586191640936 0.132233671472 0.168056019543 0.030300784389 -0.007309884198 -0.047115772951
0.000000000000 511810432 0.999994015546 -0.002840766846 -0.001974567127 -8.234306013363 0.002789750685 0.999674079995 -0.025376191142 -0.151056411895 0.002046011419 0.025370530729 0.999676022523 -0.076170445212 0.000000000000 0.000000000000 0.000000000000 1.000000000000 -23.594639208168 0.187039616715 0.192533497517 0.027811298599 -0.008728968033 -0.048158203728
0.000000000000 521810432 0.999995059523 -0.002356956003 -0.002079829001 -8.470349699145 0.002302856714 0.999668556011 -0.025641274819 -0.144877936965 0.002139575011 0.025636358591 0.999669044903 -0.074954576298 0.000000000000 0.000000000000 0.000000000000 1.000000000000 -23.600709287942 0.230251453871 0.213059110634 0.025439626094 -0.009788087727 -0.049091623089
0.000000000000 531810432 0.999995854283 -0.001864612005 -0.002194228677 -8.706439783692 0.001807198176 0.999663341229 -0.025883165126 -0.138136991882 0.002241752031 0.025879092416 0.999662566631 -0.073645945738 0.000000000000 0.000000000000 0.000000000000 1.000000000000 -23.604407633608 0.261895108273 0.229544839085 0.023185931767 -0.010487329724 -0.049915924327
0.000000000000 541810432 0.999996391136 -0.001364734584 -0.002314133654 -8.942552359389 0.001303867184 0.999658407286 -0.026103039536 -0.130954470060 0.002348966884 0.026099928010 0.999656579087 -0.072258139862 0.000000000000 0.000000000000 0.000000000000 1.000000000000 -23.605740059457 0.281996482669 0.241902924794 0.021050382644 -0.010826779129 -0.050631008033
0.000000000000 551810432 0.999996664804 -0.000858321721 -0.002435911651 -9.178663635201 0.000793957612 0.999653725177 -0.026302079211 -0.123451795755 0.002457643802 0.026300057478 0.999651072607 -0.070803111039 0.000000000000 0.000000000000 0.000000000000 1.000000000000 -23.604712438116 0.290581448141 0.250045868459 0.019033147876 -0.010806519696 -0.051236782083
0.000000000000 561810432 0.999996673617 -0.000346370049 -0.002555930750 -9.414749941959 0.000278564690 0.999649265589 -0.026481469160 -0.115750927255 0.002564206685 0.026480669081 0.999646036860 -0.069291162232 0.000000000000 0.000000000000 0.000000000000 1.000000000000 -23.601330700353 0.287675835642 0.253886427033 0.017134398744 -0.010426633833 -0.051733161634
0.000000000000 571810432 0.999996419578 0.000170124782 -0.002670559547 -9.650787736747 -0.000241215363 0.999644999200 -0.026642398350 -0.107974359500 0.002665078964 0.026642947139 0.999641461086 -0.067730933802 0.000000000000 0.000000000000 0.000000000000 1.000000000000 -23.595600837266 0.273305428150 0.253337611676 0.015354308653 -0.009687202589 -0.052120069118
0.000000000000 581810432 0.999995908273 0.000690167788 -0.002776167272 -9.886753606343 -0.000764285656 0.999640896957 -0.026786059779 -0.100245126167 0.002756683467 0.026788071963 0.999637334185 -0.066129392540 0.000000000000 0.000000000000 0.000000000000 1.000000000000 -23.587528904839 0.247495953432 0.248312686168 0.013693053142 -0.008588305656 -0.052397434247
0.000000000000 591810432 0.999995148654 0.001212764371 -0.002869123914 -10.122624269602 -0.001289548907 0.999636930330 -0.026913650512 -0.092686801216 0.002835442306 0.026917219820 0.999633644664 -0.064491822953 0.000000000000 0.000000000000 0.000000000000 1.000000000000 -23.577121030838 0.210273077420 0.238725165798 0.012150809885 -0.007130021363 -0.052565194022
0.000000000000 601810432 0.999994132618 0.001732947129 -0.002954932078 -10.358371670903 -0.001812177229 0.999633131944 -0.027024387741 -0.085352886061 0.002907016173 0.027029584040 0.999630407122 -0.062882562846 0.000000000000 0.000000000000 0.000000000000 1.000000000000 -23.562940909024 0.206664681837 0.238717966205 0.009925062572 -0.009073162205 -0.051105577947
0.000000000000 611810432 0.999992765935 0.002225959701 -0.003084344535 -10.593960909526 -0.002308764505 0.999629829742 -0.027108542884 -0.077902622849 0.003022860278 0.027115467804 0.999627737571 -0.061657708900 0.000000000000 0.000000000000 0.000000000000 1.000000000000 -23.548706185234 0.240985961664 0.250449032443 0.007307026006 -0.013909261342 -0.048204532695
0.000000000000 621810432 0.999991084962 0.002690110463 -0.003254735248 -10.829413514763 -0.002777560985 0.999626984792 -0.027169402480 -0.070336015857 0.003180432489 0.027178200490 0.999625545025 -0.060802143616 0.000000000000 0.000000000000 0.000000000000 1.000000000000 -23.537259979201 0.266244467994 0.259104090713 0.005261781874 -0.017415383532 -0.045559588483
0.000000000000 631810432 0.999989145607 0.003128318513 -0.003452867181 -11.064758790441 -0.003221140491 0.999624476631 -0.027212680374 -0.062728660725 0.003366440617 0.027223507167 0.999623703068 -0.060222976853 0.000000000000 0.000000000000 0.000000000000 1.000000000000 -23.528610096940 0.282382955302 0.264367620868 0.003789993628 -0.019591781648 -0.043170571961
0.000000000000 641810432 0.999987003724 0.003543503813 -0.003665510171 -11.300026059401 -0.003642075864 0.999622175676 -0.027244103601 -0.055154947144 0.003567585667 0.027257099595 0.999622090019 -0.059820981266 0.000000000000 0.000000000000 0.000000000000 1.000000000000 -23.522764103195 0.289344184648 0.265924270831 0.002892298327 -0.020438699009 -0.041037316673
0.000000000000 651810432 0.999984718627 0.003938585615 -0.003879440037 -11.535244681074 -0.004042940559 0.999619944719 -0.027269410555 -0.047688050640 0.003770562727 0.027284678187 0.999620592622 -0.059490597025 0.000000000000 0.000000000000 0.000000000000 1.000000000000 -23.519729301797 0.287070908699 0.263458858709 0.002569306656 -0.019956369309 -0.039159663023
0.000000000000 661810432 0.999982354770 0.004316481644 -0.004081437844 -11.770444057897 -0.004426309489 0.999617640036 -0.027294349483 -0.040399929099 0.003962061707 0.027311933575 0.999619107636 -0.059119936820 0.000000000000 0.000000000000 0.000000000000 1.000000000000 -23.519512745120 0.275505868855 0.256656373836 0.002821602954 -0.018145016555 -0.037537458306
0.000000000000 671810432 0.999979981580 0.004680108041 -0.004258289330 -12.005653629533 -0.004794759089 0.999615112078 -0.027324677312 -0.033361324476 0.004128767924 0.027344547786 0.999617541354 -0.058590791064 0.000000000000 0.000000000000 0.000000000000 1.000000000000 -23.522121272581 0.254591804464 0.245201976654 0.003649745253 -0.015004855039 -0.036170556803
0.000000000000 681810432 0.999977671469 0.005032380047 -0.004396784489 -12.240902853899 -0.005150866632 0.999612205770 -0.027366158812 -0.026641770127 0.004257362530 0.027388195016 0.999615807017 -0.057778633189 0.000000000000 0.000000000000 0.000000000000 1.000000000000 -23.527561578166 0.224271474110 0.228780997390 0.005054265323 -0.010536089315 -0.035058819927
0.000000000000 691810432 0.999975496004 0.005376213454 -0.004483717311 -12.476221173990 -0.005497208772 0.999608760401 -0.027424566090 -0.020309604177 0.004334522782 0.027448542009 0.999613820159 -0.056552624965 0.000000000000 0.000000000000 0.000000000000 1.000000000000 -23.535840306917 0.184487688958 0.207078933450 0.007035668727 -0.004738914199 -0.034202116431
0.000000000000 701810432 0.999973468332 0.005711770799 -0.004520874515 -12.711611066036 -0.005834005384 0.999604696112 -0.027503016058 -0.014372015440 0.004361996472 0.027528661163 0.999611497434 -0.054934398500 0.000000000000 0.000000000000 0.000000000000 1.000000000000 -23.536212773777 0.172335533845 0.193200692849 0.008468540199 -0.003813359324 -0.032626261593
0.000000000000 711810432 0.999971322567 0.006023548194 -0.004590306072 -12.946927828270 -0.006147955249 0.999600472921 -0.027587989839 -0.008512210774 0.004422294534 0.027615419682 0.999608839450 -0.053790362161 0.000000000000 0.000000000000 0.000000000000 1.000000000000 -23.527409767670 0.193359925674 0.191994950790 0.008806887670 -0.008131114548 -0.030090869091
0.000000000000 721810432 0.999969073183 0.006309001422 -0.004695655379 -13.182162595935 -0.006436610424 0.999596220513 -0.027676090441 -0.002723847917 0.004519150876 0.027705458612 0.999605914768 -0.053151532563 0.000000000000 0.000000000000 0.000000000000 1.000000000000 -23.520589555132 0.209420297895 0.190465259511 0.009076296729 -0.011134285093 -0.027563199033
0.000000000000 731810432 0.999966791997 0.006568565297 -0.004823779926 -13.417336243155 -0.006700047776 0.999591978651 -0.027766627012 0.002932513149 0.004639424818 0.027798024494 0.999602793899 -0.052865048968 0.000000000000 0.000000000000 0.000000000000 1.000000000000 -23.515756054522 0.220515366399 0.188301874298 0.009277147080 -0.012822850562 -0.025043140484
0.000000000000 741810432 0.999964552741 0.006802677029 -0.004961536736 -13.652469659564 -0.006938341853 0.999587785099 -0.027858917665 0.008396338705 0.004769976297 0.027892354981 0.999599551750 -0.052771885264 0.000000000000 0.000000000000 0.000000000000 1.000000000000 -23.512912963859 0.226643876309 0.185195069641 0.009409785415 -0.013196792411 -0.022530580943
0.000000000000 751810432 0.999962433291 0.007011776422 -0.005095782472 -13.887583774900 -0.007151564688 0.999583675701 -0.027952287825 0.013607115226 0.004897665781 0.027987680568 0.999596269804 -0.052706855001 0.000000000000 0.000000000000 0.000000000000 1.000000000000 -23.512063754718 0.227804603510 0.180835139138 0.009474525407 -0.012256093905 -0.020025406338
0.000000000000 761810432 0.999960516179 0.007196305974 -0.005213373534 -14.122699562720 -0.007339785690 0.999579684459 -0.028046068574 0.018504344382 0.005009354181 0.028083226253 0.999593036577 -0.052498613291 0.000000000000 0.000000000000 0.000000000000 1.000000000000 -23.513211693308 0.223996354808 0.174912395826 0.009471647715 -0.010000740076 -0.017527501053
0.000000000000 771810432 0.999958887376 0.007356710881 -0.005301166141 -14.357838022308 -0.007503071625 0.999575843600 -0.028139595012 0.023027539146 0.005091902752 0.028178213149 0.999589946343 -0.051969655567 0.000000000000 0.000000000000 0.000000000000 1.000000000000 -23.516359888753 0.215217966690 0.167117172911 0.009401400003 -0.006430717690 -0.015036747983
0.000000000000 781810432 0.999957633343 0.007493438931 -0.005346016397 -14.593020137812 -0.007641486688 0.999572183638 -0.028232204623 0.027116221043 0.005132172983 0.028271860032 0.999587096121 -0.050936313201 0.000000000000 0.000000000000 0.000000000000 1.000000000000 -23.521511368547 0.201468302717 0.157139824827 0.009263996964 -0.001546015218 -0.012553028599
0.000000000000 791810432 0.999956836357 0.007606940302 -0.005334780347 -14.828266813683 -0.007755092661 0.999568733434 -0.028323235655 0.030709918592 0.005117026472 0.028363384837 0.999584580934 -0.049208745965 0.000000000000 0.000000000000 0.000000000000 1.000000000000 -23.528669181196 0.182746249521 0.144670728608 0.009059620357 0.004653377196 -0.010076223045
0.000000000000 801810432 0.999956450763 0.007702778843 -0.005269134191 -15.063580060963 -0.007849485693 0.999565447113 -0.028413069404 0.033873687411 0.005047984884 0.028453192030 0.999582379653 -0.046789064148 0.000000000000 0.000000000000 0.000000000000 1.000000000000 -23.530437444994 0.176512900895 0.138648494747 0.009225150261 0.006114012307 -0.009872654253
0.000000000000 811810432 0.999955792855 0.007812934687 -0.005231671640 -15.298856478780 -0.007959004001 0.999561900948 -0.028507199605 0.037342013939 0.005006654761 0.028547578279 0.999579896348 -0.044770714961 0.000000000000 0.000000000000 0.000000000000 1.000000000000 -23.525351719225 0.184437800225 0.141164121674 0.009690891096 0.002144028443 -0.011899227426
0.000000000000 821810432 0.999954790020 0.007941211031 -0.005230208794 -15.534082291449 -0.008087676954 0.999558076461 -0.028604916771 0.041190093823 0.005000739761 0.028645923782 0.999577112409 -0.043267512990 0.000000000000 0.000000000000 0.000000000000 1.000000000000 -23.520873375554 0.188339106716 0.142870817406 0.009962537972 -0.000977494763 -0.013700501801
0.000000000000 831810432 0.999953496681 0.008085591831 -0.005256203931 -15.769263959100 -0.008233244445 0.999554039294 -0.028704289160 0.045351635361 0.005021768704 0.028746229928 0.999574127368 -0.042172450204 0.000000000000 0.000000000000 0.000000000000 1.000000000000 -23.517003732980 0.188269745604 0.143568972731 0.010040200811 -0.003250554623 -0.015276392880
0.000000000000 841810432 0.999951965655 0.008244062615 -0.005301114479 -16.004407909361 -0.008393444822 0.999549856203 -0.028803386045 0.049759270979 0.005061271297 0.028846497105 0.999571039565 -0.041374551609 0.000000000000 0.000000000000 0.000000000000 1.000000000000 -23.513744131942 0.184282697559 0.143059000874 0.009923997783 -0.004675145607 -0.016626819905
0.000000000000 851810432 0.999950250432 0.008414610756 -0.005356396877 -16.239520573737 -0.008566014636 0.999545595402 -0.028900278640 0.054344553736 0.005110778310 0.028944723837 0.999567948119 -0.040758880739 0.000000000000 0.000000000000 0.000000000000 1.000000000000 -23.511095916499 0.176430997606 0.141141337159 0.009614055294 -0.005251259344 -0.017751705853
0.000000000000 861810432 0.999948406692 0.008595225576 -0.005413506464 -16.474608413200 -0.008748688564 0.999541326825 -0.028993040849 0.059037955900 0.005161821707 0.029038906084 0.999564954133 -0.040206543261 0.000000000000 0.000000000000 0.000000000000 1.000000000000 -23.509060428594 0.164767731464 0.137616438061 0.009110507987 -0.004978884627 -0.018650977434
0.000000000000 871810432 0.999946493047 0.008783898281 -0.005463897411 -16.709677932577 -0.008939199490 0.999537122304 -0.029079749814 0.063768869687 0.005205934730 0.029127036714 0.999562161136 -0.039594688655 0.000000000000 0.000000000000 0.000000000000 1.000000000000 -23.507639014439 0.149346029235 0.132284779701 0.008413498747 -0.003858007420 -0.019324565091
0.000000000000 881810432 0.999944571015 0.008978621723 -0.005499022686 -16.944735683304 -0.009135278743 0.999533055662 -0.029158486264 0.068465610253 0.005234651930 0.029207105144 0.999559674771 -0.038796509955 0.000000000000 0.000000000000 0.000000000000 1.000000000000 -23.506833042981 0.130219056514 0.124946855755 0.007523178710 -0.001888610856 -0.019772403016
0.000000000000 891810432 0.999942704224 0.009177389988 -0.005510334051 -17.179788254132 -0.009334656512 0.999529202723 -0.029227334677 0.073055421009 0.005239509152 0.029277097150 0.999557601705 -0.037681241505 0.000000000000 0.000000000000 0.000000000000 1.000000000000 -23.506643936472 0.107440002885 0.115403174801 0.006439707272 0.000929324766 -0.019994429173
0.000000000000 901810432 0.999940903411 0.009376738304 -0.005501496525 -17.414843078716 -0.009533958974 0.999525667721 -0.029283838416 0.077498072178 0.005224300098 0.029334558884 0.999555996602 -0.036310154960 0.000000000000 0.000000000000 0.000000000000 1.000000000000 -23.507515380046 0.102804286897 0.110530019461 0.004963184406 -0.000439607882 -0.019559240360
0.000000000000 911810432 0.999938881751 0.009567506189 -0.005540359846 -17.649907422187 -0.009726004921 0.999522606922 -0.029325127104 0.081968135095 0.005257146581 0.029377220370 0.999554571463 -0.035776696457 0.000000000000 0.000000000000 0.000000000000 1.000000000000 -23.508544894032 0.117660713904 0.112237235280 0.003592554598 -0.006002335797 -0.018865729636
0.000000000000 921810432 0.999936611442 0.009751624133 -0.005628403373 -17.884976699782 -0.009912793587 0.999519888851 -0.029355209313 0.086520900443 0.005339440146 0.029409141729 0.999553196564 -0.036114177097 0.000000000000 0.000000000000 0.000000000000 1.000000000000 -23.508942606761 0.128859109721 0.113315536688 0.002717611354 -0.010309234060 -0.018519187111
0.000000000000 931810432 0.999934116804 0.009932926738 -0.005753174627 -18.120044695114 -0.010097820361 0.999517337294 -0.029379014144 0.091179593347 0.005458578189 0.029435173084 0.999551786807 -0.037127151248 0.000000000000 0.000000000000 0.000000000000 1.000000000000 -23.508711010559 0.136318402435 0.113469037829 0.002338617697 -0.013360384440 -0.018519532738
0.000000000000 941810432 0.999931420398 0.010115248982 -0.005902223211 -18.355105133199 -0.010284580166 0.999514772622 -0.029401474798 0.095969049118 0.005601956053 0.029460160345 0.999550257386 -0.038614222922 0.000000000000 0.000000000000 0.000000000000 1.000000000000 -23.507852551834 0.139957548512 0.112401874813 0.002455847204 -0.015155870082 -0.018866676038
0.000000000000 951810432 0.999928546869 0.010302425259 -0.006063100746 -18.590151745557 -0.010476568450 0.999512011987 -0.029427528054 0.100915730676 0.005756967117 0.029488945855 0.999548527787 -0.040368042888 0.000000000000 0.000000000000 0.000000000000 1.000000000000 -23.506369605809 0.139695534474 0.109818205028 0.003069583990 -0.015695775521 -0.019560516080
0.000000000000 961810432 0.999925525080 0.010498289029 -0.006223360975 -18.825178309350 -0.010677281556 0.999508869139 -0.029462114161 0.106047735630 0.005911002701 0.029526368550 0.999546523983 -0.042175305352 0.000000000000 0.000000000000 0.000000000000 1.000000000000 -23.504264477914 0.135451388482 0.105422204001 0.004180122705 -0.014980186687 -0.020600941475
0.000000000000 971810432 0.999922388546 0.010706673064 -0.006370560060 -19.060178659617 -0.010890216470 0.999505153878 -0.029510177165 0.111394792638 0.006051451794 0.029577263615 0.999544178818 -0.043816744096 0.000000000000 0.000000000000 0.000000000000 1.000000000000 -23.501539431851 0.127144201657 0.098918059896 0.005787768539 -0.013009190936 -0.021987830411
0.000000000000 981810432 0.999919174167 0.010931410295 -0.006492257049 -19.295146673676 -0.011118869935 0.999500671125 -0.029576665668 0.116988246709 0.006165700610 0.029646461671 0.999541430580 -0.045067127973 0.000000000000 0.000000000000 0.000000000000 1.000000000000 -23.498196744318 0.114693159255 0.090009965569 0.007892837222 -0.009782877083 -0.023721050701
0.000000000000 991810432 0.999915919247 0.011176335265 -0.006576014535 -19.530076226764 -0.011366736953 0.999495219624 -0.029666534006 0.122861033082 0.006241131962 0.029738787449 0.999538219776 -0.045695255637 0.000000000000 0.000000000000 0.000000000000 1.000000000000 -23.494238786382 0.098017581616 0.078402108248 0.010495655049 -0.005301335455 -0.025800459868
0.000000000000 1001810432 0.999912644350 0.011442298273 -0.006616455245 -19.764960851643 -0.011634498856 0.999488783719 -0.029779349490 0.129049639950 0.006272328606 0.029853727236 0.999534598133 -0.045583842731 0.000000000000 0.000000000000 0.000000000000 1.000000000000 -23.489582441851 0.100558198153 0.072876183376 0.011348543814 -0.002556567091 -0.027076386611
0.000000000000 1011810432 0.999909278367 0.011713604938 -0.006650300392 -19.999795890658 -0.011907363069 0.999482433816 -0.029884430680 0.135591013408 0.006296804007 0.029960907057 0.999531237285 -0.045336282629 0.000000000000 0.000000000000 0.000000000000 1.000000000000 -23.484915657670 0.123471547476 0.076130038945 0.010068098231 -0.002567111891 -0.027409930419
0.000000000000 1021810432 0.999905784924 0.011989549303 -0.006683710313 -20.234583432303 -0.012184779652 0.999476301665 -0.029977550843 0.142493972528 0.006320792741 0.030056166044 0.999528225946 -0.045051626805 0.000000000000 0.000000000000 0.000000000000 1.000000000000 -23.480571368914 0.141570832027 0.079262956501 0.008963299739 -0.002436399154 -0.028001656623
0.000000000000 1031810432 0.999902137005 0.012272754639 -0.006715348521 -20.469326232591 -0.012469340464 0.999470302198 -0.030060448654 0.149764858620 0.006342866905 0.030141242816 0.999525524197 -0.044702097711 0.000000000000 0.000000000000 0.000000000000 1.000000000000 -23.476551378004 0.154795669843 0.082241066770 0.008034193927 -0.002164452993 -0.028851547393
0.000000000000 1041810432 0.999898304651 0.012565844249 -0.006743879750 -20.704027000180 -0.012763637205 0.999464346325 -0.030134863381 0.157411221682 0.006361597366 0.030217875240 0.999523091327 -0.044259240427 0.000000000000 0.000000000000 0.000000000000 1.000000000000 -23.472857591949 0.163085705302 0.085030531259 0.007280826878 -0.001751301434 -0.029959586690
0.000000000000 1051810432 0.999894254698 0.012871441427 -0.006767969900 -20.938688390110 -0.013070261460 0.999458340876 -0.030202534981 0.165441820448 0.006375553808 0.030287800341 0.999520885957 -0.043693919978 0.000000000000 0.000000000000 0.000000000000 1.000000000000 -23.469492026365 0.166380607929 0.087597544565 0.006703245163 -0.001196976418 -0.031325760266
0.000000000000 1061810432 0.999889950438 0.013192169433 -0.006786286043 -21.173312996896 -0.013391804706 0.999452188441 -0.030265204223 0.173866622016 0.006383304735 0.030352754168 0.999518866123 -0.042976318554 0.000000000000 0.000000000000 0.000000000000 1.000000000000 -23.466456810865 0.164620071690 0.089908335991 0.006301495842 -0.000501513801 -0.032950055668
0.000000000000 1071810432 0.999885351184 0.013530651488 -0.006797496456 -21.407903346940 -0.013730858301 0.999445787117 -0.030324612851 0.182696801076 0.006383417428 0.030414471631 0.999516989299 -0.042075932587 0.000000000000 0.000000000000 0.000000000000 1.000000000000 -23.463754195800 0.157743814704 0.091929170505 0.006075626458 0.000335046639 -0.034832462234
0.000000000000 1081810432 0.999880411753 0.013889510792 -0.006800270720 -21.642461890200 -0.014090013446 0.999439030149 -0.030382503775 0.191944738692 0.006374457859 0.030474686291 0.999515212382 -0.040961569688 0.000000000000 0.000000000000 0.000000000000 1.000000000000 -23.461386560358 0.145691579410 0.093626349027 0.006025685039 0.001312661196 -0.036972971100
