1 0 0 0 0 1 0 0 0 0 1 0
0.9999998160431419203 0.0005945401723964936292 -0.0001201485155277718004 0.8354638638319807908 -0.0005945533818911012593 0.9999998172100209581 -0.0001099372585933808407 0.3894612187479797871 0.0001200831314491502524 0.0001100086730759043864 0.9999999867390666486 -0.1028649873999619574
0.9999998397239929782 -0.000565740619278326984 2.212555317836908418e-05 0.8316146211852306624 0.0005657394837011619137 0.999999838653721107 5.129686375695091763e-05 0.3897657817046908391 -2.215457032796230489e-05 -5.128433823626268672e-05 0.9999999984395457897 -0.1034555717337603681
0.9999994610758748959 -0.0009608033642679714549 0.0003933253805485458334 0.8309221421908751237 0.0009606681586878362258 0.9999994794608194626 0.0003437946755372428662 0.393080169765808507 -0.0003936554948881481187 -0.0003434166350889013698 0.9999998635501737843 -0.101757353216148122
0.9999983528686282597 0.001796075639563466915 0.0002614810267380884541 0.8241651381158412448 -0.00179604969273145453 0.9999983821581512888 -9.943128875365017205e-05 0.3694765382807083109 -0.0002616591898186815756 9.896149205952709286e-05 0.9999999608705449905 -0.09730067589125745986
0.9999997150653141542 -0.0007383344931896175046 0.0001572624137009503683 0.8356330160775120586 0.0007383157888820580071 0.999999720368905276 0.0001189617888602610105 0.3753995462681223305 -0.0001573502033175765364 -0.0001188456456408879528 0.9999999805583128509 -0.101302809807168076
0.9999999408209224727 -0.0003430160735908610223 2.64220501380606806e-05 0.8578305927069487247 0.0003430174228228469245 0.9999999398650906146 -5.107702713071562831e-05 0.3550555929300411862 -2.640452830787601976e-05 5.108608733156833309e-05 0.9999999983465063247 -0.1025067098356796658
0.9999958693498417484 0.002721659256544234611 0.0009240422855653117676 0.8759412044844236966 -0.002721801402248798761 0.9999962842471147306 0.0001526076356127713165 0.3198752342105227742 -0.0009236235060684381756 -0.0001551220648326059686 0.9999995614282858325 -0.09307669975587684608
0.999993425028895655 0.003582808166204515688 0.000559807665671452695 0.8850708151153940939 -0.003582627534865126702 0.9999935300956042106 -0.0003233370971919711438 0.2313491746783480352 -0.0005609624985616320017 0.0003213293889026370628 0.9999997910342276475 -0.09503039780022350114
0.9999976367032402669 0.002008560822385859011 0.0008320284592335407993 0.8656899733397227514 -0.002008685343727731679 0.9999979715111743106 0.000148851357328480229 0.224326670672452877 -0.0008317277944684196411 -0.0001505222889201765675 0.9999996427858943715 -0.09589116662054991691
0.9999999445003415754 6.226668506416043196e-05 0.0003272952394440049504 0.859414101168618938 -6.225703548439673579e-05 0.9999999976271150004 -2.949290454884476387e-05 0.2189526439708168182 -0.0003272970750927701577 2.947252648066269381e-05 0.9999999460039959986 -0.0978917778811074224
0.9999996085807953961 0.0003321671422251687824 0.00082006295225469305 0.8654716457938758101 -0.0003325236577736988318 0.9999998502564579894 0.0004346436225277818931 0.2629671734274933725 -0.0008199184551255804445 -0.0004349161427324092603 0.9999995692907450717 -0.09725399842981749532
0.9999975401360036154 0.002184564059543105639 0.000383929435640754295 0.8913678221124963219 -0.002184485126026715872 0.9999975928134973158 -0.0002058930424332557367 0.2408275107389963032 -0.0003843782979916085464 0.0002050538478227724806 0.9999999051031173147 -0.09797139858657152867
0.9999837844324492853 0.005660750223752740277 0.0006219156382488504834 0.8681018810036521538 -0.00566068569226419252 0.9999839726279532437 -0.0001054737424823946971 0.2678868796063075264 -0.0006225027310868918012 0.000101951563210568027 0.9999998010480944943 -0.09968495416358909289
0.9999840235225632146 0.005528358893810200909 0.001178960375443851953 0.8665942748643453708 -0.005528373053320813531 0.999984718390632521 8.751612469425854718e-06 0.2537114084194782571 -0.001178893976977304263 -1.526920542002348233e-05 0.999999304987679638 -0.0955941856703814985
0.9999976476081638976 0.0019215852665253998 0.001006125341061743159 0.8623881656503811222 -0.001922199588975746082 0.9999979665394640449 0.0006099718658157013114 0.3039618756304095504 -0.001004951182195221605 -0.000611904404639910908 0.999999307822820982 -0.09131939719356743645
0.9999968589312951961 0.002402327531889855185 0.0007148076474016273451 0.864685832005769095 -0.002402271343044952347 0.9999971113854649873 -7.945514603653866027e-05 0.2890441878287504096 -0.0007149964598827412325 7.77377345353236969e-05 0.9999997413684200698 -0.09248064310138151556
0.9999921940973504064 0.003919638813553923476 0.0004981725989339699789 0.8805873501226333389 -0.00391967972924223227 0.999992314730639098 8.118176329098694211e-05 0.2951754657240216462 -0.000497850567153010847 -8.313380663175117186e-05 0.9999998726167833585 -0.1024068979638015353
0.9999828239168365718 0.005793454617786355024 0.0008875555761596051014 0.8863236310141833219 -0.005793396079628915576 0.9999832157931873855 -6.85111687318713656e-05 0.2900907944233952485 -0.0008879375955901167147 6.33680309829637604e-05 0.9999996037755809475 -0.09185145871178657107
0.9999912497771411557 0.004139482830254967091 0.0006041945459812132118 0.8877042664752922141 -0.004139623200096284421 0.99999140498230632 0.0002312601874054318355 0.3734977115855269147 -0.0006032320553433137946 -0.0002337593015871691066 0.999999790733816285 -0.09616780511061504
0.9999784194814694827 0.006556537946277010177 0.0004151885128251317351 0.8973885384581938851 -0.006556447524029780476 0.999978482335422969 -0.0002187738759505199236 0.3351753010796235666 -0.0004166139781573001974 0.0002160469929999180353 0.9999998898782389567 -0.1002042605808370068
0.9999992485279920462 0.001223870750338486605 7.130103603730706373e-05 0.8823851938163347342 -0.00122385282316223574 0.9999992196081938234 -0.0002509328009576805942 0.3548102118942436656 -7.160808970995538917e-05 0.0002508453504144561607 0.9999999659744452929 -0.09885331780483774811
0.9999975346358259687 0.002153775246455302481 0.0005403466089829644589 0.8717461818837868304 -0.00215384270836031181 0.9999976727530289766 0.0001242984857530467625 0.365410992675779589 -0.0005400776404611686097 -0.0001254620009157582589 0.999999846287702443 -0.0928064982660523341
0.9999981725327843352 0.001824130400484336211 0.0005722581356477152506 0.8786894517943513172 -0.001824293200204329946 0.9999982956211109775 0.0002840936339680514688 0.3907375588427483004 -0.0005717389364687245268 -0.0002851370814218729646 0.9999997959056958763 -0.09644704787298466475
0.9999985110418563306 0.00171157240500741342 -0.0002200771974551424606 0.8800180247357198837 -0.001711661111605103152 0.9999984536944355185 -0.0004035157703718168635 0.3506543103657512317 0.000219386210690993694 0.0004038918671341594794 0.9999998943705195042 -0.1052430455486960126
0.9999992375408408574 0.001162290134159831316 -0.0004171323303114793575 0.8871006799862918291 -0.001162295152956611391 0.9999993244652649604 -1.178945192069473772e-05 0.3558287108316255387 0.0004171183457604465462 1.227427381738166769e-05 0.999999912930810142 -0.1137826033441724505
0.9999982215304873412 0.001842196618473615141 -0.0004040389600225836289 0.86453997146765027 -0.001842225950089937565 0.9999983004913203244 -7.223586254129906131e-05 0.3725048706866940229 0.0004039052006931580317 7.298006512902077041e-05 0.9999999157672458949 -0.1078315971379823907
0.9999999182780788809 0.0004035736378577372847 2.391974865001822895e-05 0.8698839136235307912 -0.0004035698927151213332 0.9999999063399218624 -0.000156369719397955574 0.3462447756700939294 -2.398285310620092839e-05 0.0001563600533287252525 0.9999999874881781992 -0.1064648863650134031
0.9999932207951794938 -0.003658525891042453508 -0.0004165957127685395757 0.8529081015214676764 0.003658500463326028879 0.9999933057562271355 -6.178262389325090353e-05 0.3986221054880763059 0.0004168189573044135893 6.025808944800584431e-05 0.9999999113154558472 -0.1024760713558509617
0.9999984823803751421 -0.001703291551395104278 -0.0003661076856993895315 0.8381400079789644852 0.001703256987375128271 0.9999985449726667142 -9.470049877880528386e-05 0.3915752465100573732 0.0003662684555621827554 9.40767795856706343e-05 0.9999999284984864012 -0.107834112567221363
0.9999998853186565784 -0.0004698378335678543571 -9.281747544412100601e-05 0.8460820926854315527 0.0004698196926946743074 0.9999998705496185858 -0.0001953719594292921001 0.4095851644130805713 9.290925656702156258e-05 0.0001953283295459834761 0.9999999766073566221 -0.1033026249106696604
0.9999979146758082305 0.0020351783094852572 -0.0001693909193000013331 0.8506965988681325364 -0.002035227370789889807 0.9999978868821273181 -0.0002899669452374412787 0.4075803380410226162 0.0001688004269196073691 0.0002903110895976782004 0.9999999436129419772 -0.1042565186906022623
0.9999994178676463452 -0.001076353641361507685 -7.567831389790415943e-05 0.8352181691261995056 0.001076344073162657268 0.9999994127581510739 -0.0001263597609940263536 0.4223196367791093864 7.581427724529866182e-05 0.0001262782315312903011 0.9999999891530017004 -0.1032845531222252172
0.9999998176412785433 0.0005934358427491501003 -0.0001120326298219796046 0.8511016203314369921 -0.0005934697972362815545 0.9999997779052147706 -0.0003032871922948401108 0.3867354322211932205 0.0001118526234495622251 0.0003033536249698797968 0.9999999477327831121 -0.1055639576308885635
0.9999986660317066178 -0.001586217559851876673 -0.0003896776362839496312 0.8459784075254290769 0.001586160039857443605 0.9999987311140136059 -0.0001478739014921279075 0.4200841967436160229 0.0003899117020066483427 0.0001472556131379321892 0.9999999131423207288 -0.1115121405893565176
0.9999992592836581817 -0.0008523183063374712527 -0.0008688990963945066514 0.8480578602263701971 0.0008519164398425884376 0.9999995300428881073 -0.0004627660126825800641 0.4189461230228443411 0.0008692931119933569031 0.0004620254404794491617 0.9999995154308715106 -0.1164415085877951173
0.9999981841651552905 -0.001824188851202464658 -0.0005513632444934952461 0.8263158723964403318 0.001824161657631488036 0.9999983349747472161 -4.981947390972837355e-05 0.4788339194837215596 0.0005514532065886486745 4.881360775575936922e-05 0.9999998467582845718 -0.1134879804336537679
0.9999973941974120706 -0.002049897573240179027 -0.001004747891176238335 0.8375785271013460598 0.002049258537878715942 0.9999976976162775477 -0.0006366330096101553921 0.4402876872753432314 0.001006050610322492935 0.0006345723624758028676 0.9999992925897929208 -0.1152352154051990429
0.9999990931163748042 -0.001110571206184568418 -0.0007618385813364171892 0.8175664141287304343 0.001110483238603255426 0.9999993766991178701 -0.0001158807686146468452 0.4432486615500400573 0.0007619668003267314168 0.0001150346545491799362 0.9999997030867676662 -0.1169525668405482915
0.999999941453198038 6.336827507855512576e-06 -0.0003421307425795909224 0.8161927279279068692 -6.442537277880083491e-06 0.9999999522466065383 -0.000308974559382200933 0.4300671113520398992 0.0003421287683231998499 0.0003089767454827915772 0.9999998937406326949 -0.1115786045932457005
0.9999996021817817438 0.0008695209598750898222 0.0001989210363229306541 0.8052584377048741526 -0.000869539369833016761 0.9999996176741720033 9.248131814082813243e-05 0.4602201320024053577 -0.0001988405458257603902 -9.265425102264570115e-05 0.9999999759388132903 -0.09880723839842658895
0.999993297313915952 0.00364556883738877428 -0.000339345095662574607 0.8228592158773683218 -0.003645770243087192303 0.9999931772636840854 -0.0005947986354389450669 0.4177486167459763533 0.0003371744010305891969 0.0005960318229423126153 0.9999997655297171439 -0.09995265796799160385
0.9999938568974648945 0.003501875803646408315 -0.0001517668878799537059 0.8397975722757848871 -0.003501957460297511465 0.9999937217022698555 -0.0005411561600003691758 0.3948375545529193564 0.0001498708733795465272 0.0005416843168078280856 0.9999998420583986469 -0.09956345287741748262
0.9999993434563294592 0.001113346838225133051 0.0002711931560851620245 0.8629582073611186122 -0.00111324224478012517 0.999999306030895041 -0.0003855248796020759538 0.363144971616876755 -0.0002716221907912523266 0.0003852227228103071647 0.999999888912413426 -0.0959096448392476042
0.9999961786211724046 0.002716511605858231652 0.000513135213637764989 0.8316251915531860384 -0.002716440815484916227 0.9999963008623854455 -0.0001386031801797753705 0.4075434503756069082 -0.0005135098326275620503 0.0001372087490863290089 0.9999998587406955242 -0.09370928476969966892
0.9999952440935062636 0.003083905913904354604 3.625855928789604971e-05 0.8348500329810436549 -0.003083898665396052341 0.9999952251124011315 -0.0001982962927392374055 0.390335249843789478 -3.686991326723479493e-05 0.0001981835319380139239 0.9999999796819484255 -0.0949355653954813139
0.9999993915842376735 -0.0009169281825797111294 -0.0006132486140079208359 0.8474152082423622723 0.0009168404924281458234 0.9999995694401401236 -0.0001432586675223479738 0.3798652940875580364 0.0006133797078773336239 0.0001426963292002686521 0.9999998017015261365 -0.1038490324066463494
0.9999997266228852766 -0.0005753639493666218427 -0.0004644464237811258374 0.8436418451623328707 0.0005753336257055750554 0.9999998323556505975 -6.542086669788135778e-05 0.4101890301185026066 0.0004644839867275415979 6.51536371683735958e-05 0.9999998900048088224 -0.1054604850922131604
0.9999997915149639871 -0.0004950846598599903435 -0.0004145614648961554031 0.8408845723447913034 0.0004948824159499439585 0.9999997585659849975 -0.000487810789163122037 0.3714747275519564296 0.0004148028724455453094 0.0004876055282825645081 0.9999997950896919452 -0.1077553254361125756
0.9999985864237056488 -0.001676895965458767264 -0.0001231686303469831036 0.8434708240705437454 0.00167690724374264786 0.9999985898019424502 9.15217044675719981e-05 0.3612606829389874985 0.0001230149842778462512 -9.172811746309086261e-05 0.999999988226632941 -0.1014795350565926291
0.9999981618663604799 -0.001916352691479318755 -6.209880899155468213e-05 0.8447380996141349296 0.001916345288850858667 0.9999981567224199841 -0.000119048293660230372 0.3553893348343664105 6.232683304418412988e-05 0.000118929072073502859 0.9999999909856207569 -0.09893646492289072392
0.9999969982049292661 0.002444250710155307631 -0.0001709374053031261778 0.8732968408803575278 -0.002444261636001152441 0.9999970107568213473 -6.373755970560517634e-05 0.3675308875378848206 0.0001707811037540794147 6.415518412045263352e-05 0.9999999833589633402 -0.1029275472789622364
0.9999925189135353554 0.003867005572100411497 -9.15689249583355523e-05 0.8885505172610308477 -0.003867031212103975817 0.9999924833837264826 -0.0002815060429073451553 0.3732927320757039591 9.047965123336142558e-05 0.0002818580368271705557 0.999999956184738914 -0.1025185103655153751
0.9999923264976270376 0.003909361579679209234 -0.0002526616367342566821 0.838630031525152253 -0.003909456373023608051 0.9999922874402141781 -0.0003757804618783198622 0.3922852066970007323 0.0002511906263662165833 0.0003767653479720031967 0.9999998974755656134 -0.1021210461167219169
0.9999974831023793476 0.002139588446881918616 -0.0006752408344891218123 0.7935860695630904127 -0.00213996857140382607 0.9999975519333834661 -0.0005627270682453887861 0.4188524997132714311 0.0006740351771206112754 0.0005641706460829048553 0.9999996136939564018 -0.1053046510497517851
0.9999883828561834109 0.004804611193095421895 -0.0003871226657662068648 0.801726249991967066 -0.004804871763307292862 0.9999882287219917787 -0.0006749998456800994275 0.3760775303393633084 0.0003838749970237925507 0.0006768520788754922145 0.9999996972555791341 -0.09945492324107405024
0.9999950114281598301 0.003156370236912112246 0.0001201903572038423508 0.7964719522279795072 -0.003156380024441145151 0.9999950153127697972 8.133114142630476051e-05 0.3722075389504444498 -0.0001199330468983715305 -8.171010214267157437e-05 0.999999989469761652 -0.09291705173646186422
0.9999985704925903329 0.001684819601356881769 0.0001428134683777655439 0.7970573773598288447 -0.001684850062563299916 0.9999985578602694769 0.0002134423762809884307 0.3826004072862045913 -0.0001424536505214703361 -0.0002136826904446611662 0.9999999670233320481 -0.09725141017649308051
0.9999945740330006272 0.003286409073795139822 0.0002267596906864122674 0.8314863701560986087 -0.003286451836671098418 0.9999945818423627841 0.000188468148992965059 0.4396033941789798671 -0.0002261390786316904984 -0.0001892123611729475238 0.9999999565298988147 -0.09293561192532838466
0.999991097075395019 0.004197891804925030744 -0.0004283390503984618454 0.849549083950242645 -0.004198130243469664138 0.999991032527136614 -0.0005572860756342251642 0.4104717668370687633 0.0004259957826297472807 0.0005590793372802473288 0.9999997529789134143 -0.1037474880041159148
0.9999971260394336925 0.002370719392206076942 -0.0003572148321071210667 0.8311172808441942284 -0.002371012216131391029 0.9999968516648604089 -0.0008215603678610375717 0.3375806719990495086 0.0003552660183791566187 0.0008224049674596467865 0.9999995987179822743 -0.1013921154660097357
0.9999994316956012375 -0.0009878474045785412723 -0.0004009563316598552338 0.8362138497039071083 0.0009875937908844364347 0.999999312472962254 -0.000632227891629532756 0.3258900144736955884 0.0004015806006733846898 0.0006318315503480777815 0.9999997197609172828 -0.1037476042881710636
0.9999989029700639964 -0.001454305680571853785 -0.0002811648198073954516 0.8507734267462929711 0.00145423271358333041 0.99999890892061849 -0.0002595472735586273568 0.2968416886877894845 0.000281541974108571048 0.0002591381097486257805 0.9999999267907757616 -0.1022600470911876613
0.9999898566678777634 0.00450103627400997696 -0.0001650267172573291344 0.8516547937856286943 -0.004501088838048454728 0.9999898189940531479 -0.0003195426621233000064 0.2603161359385170459 0.0001635867640060286777 0.0003202822208109775966 0.9999999353293327342 -0.102571636922138526
0.9999941556586288138 0.003397972232425112982 -0.000377403356657045482 0.8363424173396707406 -0.003398047878587719031 0.9999942066228316717 -0.0001999784692597996534 0.3011981504616192407 0.0003767216489314281248 0.0002012597351928187793 0.9999999087876549897 -0.1032500674396666651
0.999998693066974198 0.001541135908967143425 -0.0004886352971295350196 0.8064457546926402376 -0.001541244865042324438 0.9999987874877009908 -0.0002226822709068259775 0.344541667633111004 0.0004882915210092426571 0.0002234350865185911919 0.9999998558240659197 -0.1021193826398806848
0.9999943671453372929 0.003004256641707891539 -0.001496702918827112197 0.7795363213953143688 -0.003004988755370528383 0.9999953663566307771 -0.0004871425333714521811 0.3940451388312813386 0.001495232482448216995 0.0004916373648095673839 0.9999987612854952523 -0.1032666745871746034
0.999988466389464703 0.003999322602159799053 -0.00265941850227966901 0.7850338449488412085 -0.004000114160526981391 0.999991956764748946 -0.0002923910246641578956 0.3698435810723931239 0.002658227745917415927 0.0003030256299496917553 0.9999964209939545823 -0.1066731089620305828
0.9999953915907683344 0.001962994306985903735 -0.002315912471726998007 0.8071654877629412805 -0.001962706031653356411 0.9999980658588680793 0.0001267420857632865284 0.3714382927674569346 0.002316156786418237159 -0.0001221960463068486622 0.9999973102393160396 -0.1083504348227256886
0.9999967672345893011 0.001945264274600078938 -0.001637518632737451976 0.8026786943984114409 -0.001943028961570127848 0.9999971799559468355 0.001365546999658986266 0.4396319245218167637 0.001640170364656493626 -0.001362360839037359515 0.9999977269044760808 -0.1000316163585305423
0.9999855905279121382 0.005312469884701904836 -0.000772269555899507648 0.8134126096882459134 -0.005311600129847745926 0.9999852617071036676 0.001123954018616768425 0.4807206410020130605 0.0007782291458402892459 -0.001119835835959315891 0.9999990701631162882 -0.09731240706683488839
0.9999833360286173312 0.005711218410914321343 -0.0008424068733696657299 0.8028421070250157943 -0.005710911061427280735 0.9999836253414327025 0.0003668021995341867562 0.5260238553675898876 0.000844487966719883066 -0.0003619851764214813711 0.999999577903313952 -0.1021597672097489945
0.9999716566567276033 0.007488270398917116349 -0.0007821058958417157576 0.8194111601592296568 -0.00748842881238184245 0.9999719413601599882 -0.0001998157018191817598 0.5764718268885424823 0.0007805876770088961136 0.0002056667826989087161 0.9999996741919734422 -0.1108556451612456861
0.9999312524577546046 0.01172244813792591364 0.0002730712723034628203 0.8563713388707452356 -0.01172239369193306228 0.9999312703535054858 -0.0002001383425397802729 0.5332201126599696028 -0.0002753986155522825888 0.0001969235345607233485 0.9999999426883604547 -0.1091588886758302068
0.9999218968218542836 0.01248502826551876888 0.0005694957368000957022 0.9385708414512441422 -0.01248457084096003464 0.9999217448315114165 -0.0007998149929178805483 0.4774470486545971948 -0.0005794368836090242874 0.000792642614955299551 0.9999995179851752791 -0.108992546811664065
0.999893212946073473 0.01459559164374972344 0.0007289780154367207212 1.024512558498224202 -0.01459478460031920707 0.9998928849504875593 -0.001100403499291168537 0.4650776431507786524 -0.0007449609710395108672 0.001089646713329681885 0.9999991288512164456 -0.1086154704221162504
0.9997707837055593849 0.02139759349047074682 0.0007232161420344676789 1.079035824703844959 -0.02139667242438054659 0.9997702733129386621 -0.001258176830050963682 0.422638409547154148 -0.000749971956334688516 0.001242414016537092504 0.9999989469741836778 -0.1027493728125459804
0.9996862390477481153 0.02504371769199448955 -0.0004854510607431212241 1.121572588136826365 -0.02504413949979874404 0.9996859561892722512 -0.000883218350776342827 0.4464921378439163924 0.0004631795368048519579 0.0008950989354311329315 0.9999994921311772256 -0.1070987867859475307
0.999649735531689787 0.02640204215583020347 -0.001827134758164459388 1.181271896258592413 -0.0264028314863856417 0.9996513007119215422 -0.0004092364414781461375 0.3980744245540137616 0.001815692959795456047 0.0004573346316162928463 0.9999982470505188736 -0.09818335715335010927
0.9993585891224664453 0.03572030173288598398 -0.002543696378267756766 1.236979971370126385 -0.03571912443938963372 0.999361739975058172 0.0005067773747709105161 0.4682233543459752845 0.002560175079292135829 -0.000415593714778873856 0.9999966363870568253 -0.0931255765247524514
0.9989859621656316246 0.04501673050092213496 -0.0007357791886536024957 1.332210273428414915 -0.04501577055181397308 0.9989854653581092814 0.001272951243451781551 0.5224238982309482582 0.0007923368182452137027 -0.001238538755596384905 0.9999989191114745379 -0.09942647417092888296
0.9985193266164313908 0.05436316280403061946 0.001949590575212872736 1.447970652868898034 -0.05436705524167428916 0.998519010166093679 0.002002408867639980054 0.5428817260436280545 -0.00183784597211895614 -0.00210543745262788953 0.9999960947200322581 -0.1021158232702951002
0.9979971574221778718 0.06314006056875527684 0.003873826096603584859 1.56453612671247444 -0.06314873072662803566 0.9980017938219830631 0.002158086124262499194 0.6096285256471349889 -0.003729823704766264177 -0.002398391018542422957 0.9999901680194928089 -0.1063623621447318812
0.9972910636116036898 0.07338082945776260024 0.005078219031009260399 1.711425689344990619 -0.07339229400393522396 0.9973009189939885388 0.00210906486051434458 0.6498247770413114743 -0.004909747577633533783 -0.002476053682108419855 0.9999848816541614394 -0.11803468203419136
0.9964598992747548678 0.08377720745263136926 0.007003474051073965354 1.9040847475039826 -0.08379300928134519877 0.9964811874719403662 0.001993642417294647085 0.6492114744139658722 -0.006811808344463046554 -0.002573426888490603758 0.9999734880191213371 -0.1063160035541769188
0.9950195545217846993 0.09902558462570368314 0.01140261850658371226 2.154626834469241636 -0.09908321935503461297 0.9950684982053963346 0.004604293811124166719 0.5780000922625782023 -0.01089044358652023481 -0.005711170527541790422 0.9999243875262240344 -0.1035299687076946806
0.9938895248314751907 0.1093242570909885442 0.01522561137583229585 2.417114362170107 -0.1094455789245501326 0.9939654326811924179 0.007374543291623819607 0.5685823298511769597 -0.01432751493227272729 -0.008995857179469322548 0.9998568881942415665 -0.1071963511367167304
0.9918570072533984261 0.1257168858166091974 0.02037011985496450447 2.639910579172948246 -0.1259410851353667538 0.9919861038516599727 0.01011992293103392351 0.5718597085898956545 -0.01893463063432390334 -0.01260295147088205669 0.9997412892228491055 -0.114016586328154132
0.9899255782109066537 0.1392720254208731079 0.02550789169982126819 2.863425500649563471 -0.1395285656694433274 0.990181036805569903 0.008561174736830823306 0.4305286708426896425 -0.02406509850447277263 -0.01203400539364941901 0.999637961338081471 -0.1406525877260925428
0.9874451789524653078 0.154947543672872029 0.03071281936386056552 3.165554781357419856 -0.1552294866793982875 0.9878536064553348206 0.007004190063018988013 0.2113628852328566787 -0.02925448732731817172 -0.01168378889452402133 0.9995037088716999252 -0.144201802692320219
0.9837986871311010795 0.1759258264779870184 0.03449995329212776629 3.424857566373051831 -0.1762314229802501853 0.9843304593016333204 0.006002703173708876135 0.05967341947264459545 -0.03290332435298824743 -0.01198542736295632634 0.9993866723032929222 -0.1529856624706180668
0.9810049073373029449 0.1900089240070556018 0.03906380137429817101 3.701816118299198433 -0.1904994079601082246 0.9816441224106933205 0.009208284497563109378 -0.1165563401349297423 -0.03659709478876574384 -0.01647500331474248403 0.999194288874191483 -0.1610038906007947301
0.977134157216665411 0.2081841482345876682 0.0432226702589774206 3.96549103222367938 -0.2088164515779077912 0.9778971933026536778 0.0106192693347385049 -0.2329830656090943752 -0.04005656439197389368 -0.0194020554228581249 0.9990090249314467208 -0.1710247997644797624
0.9733387754227545985 0.224670763303328247 0.0462025581026879531 4.237321087520633967 -0.2253120455905993635 0.9742440844514450582 0.009107470732599693905 -0.4662470252699510431 -0.04296638651681202598 -0.01927464728770230881 0.9988905733871066284 -0.1858804837997702353
0.9686293856364744936 0.2436634794994380904 0.04883873503411976374 4.510306501252125955 -0.2441198339446060961 0.9697386973653285835 0.003516462292347444576 -0.5863614096466041037 -0.04650397785527578959 -0.01532865259644426541 0.9988004868106610257 -0.196253034407789545
0.9634836100940882275 0.2626501365508437935 0.05209835745861891854 4.782088713113390455 -0.2630270245048329514 0.9647883864709539958 0.0003920598259656786055 -0.7021911613589826295 -0.05016091566346195241 -0.01408101916042397636 0.9986418814766416796 -0.2040833770461946139
0.9582509996079445758 0.280668383210514516 0.05459194461063564263 5.037602650205471377 -0.281221698378462448 0.9596393743413555999 0.002574407672595424579 -0.8292939718431595608 -0.05166602473103622251 -0.01781936810684883049 0.998505429133344613 -0.2118307699997240834
0.9527905830350308358 0.2983382386687389309 0.05643049023179372292 5.290405318056148332 -0.299178635287747019 0.9541722825589940005 0.00688472101980629192 -0.9559121862575147288 -0.05179043412761898113 -0.02344249441066135337 0.9983827925143136106 -0.2241259935862804087
0.9459483068522415161 0.3188227263821467039 0.05944636158447703239 5.573910089155486247 -0.3200746989259376507 0.9473081287282256735 0.01262918654932737757 -1.110707224220266465 -0.05228754986464712734 -0.0309738339196512398 0.9981516085953425765 -0.2457072912534390141
0.9388733804289949303 0.3388157459249172554 0.06099726088254826817 5.830060695746988486 -0.3402901823209415477 0.940195130283643099 0.01535281104240651152 -1.156570842261114507 -0.05214755351703556641 -0.03517111462927218629 0.9980198521862791994 -0.2595671816101797758
0.9314425419138834261 0.3580791828181811853 0.06476179387005208399 6.134815591444995775 -0.3598605836771363586 0.9328338150851810395 0.01792857353993990155 -1.352391430959491769 -0.05399214228528342874 -0.04000465305298694235 0.9977396836377492306 -0.2838349480210781151
0.9239041505661415021 0.3772782827962303243 0.06373553088336417205 6.413067661359313831 -0.3787449875060672766 0.9254194471473751182 0.01229151253814829946 -1.523955435061630226 -0.05434477901036639802 -0.03549569229884331351 0.9978911267380526917 -0.310040209583417492
0.9150426895102515834 0.3989346555071078271 0.05956523322602381293 6.667027500781815164 -0.3998906224888550964 0.9165514196514482625 0.00458095845766445884 -1.693447864112402446 -0.05276709599098099168 -0.02801135074108451403 0.9982139038354147509 -0.3190451224689132004
0.9052458036563280075 0.4215427959418556747 0.05321377784119265403 6.918937708717896484 -0.4219936003306400951 0.9065938138152009884 -0.003009656457587336388 -1.934967886369590495 -0.04951198079851750616 -0.0197313948197216163 0.9985786077299451113 -0.3177780959180185882
0.8951209670710574828 0.4434363237225337762 0.04607256356248291135 7.209747520188573233 -0.4434671810682389026 0.8962335979111551998 -0.01010926756078434074 -2.112759382855703194 -0.04577459584927612291 -0.01138265253225220416 0.9988869413483016935 -0.3274604115676681415
0.8828532057485345419 0.4677628344764807045 0.04204934936552745528 7.490704597821505217 -0.4676406266340009665 0.8838185531151746543 -0.01330449137539954987 -2.323712653418339436 -0.04338734171269974932 -0.00791807122522206544 0.9990269479484413795 -0.3408270943419092203
0.8718493615840584576 0.4881318232248113009 0.04007510275334737193 7.757722927437045612 -0.4880813355034572254 0.8727197283220782253 -0.01169981754557116588 -2.500888219957612346 -0.04068538605729797586 -0.009359431214535873095 0.999128170160720197 -0.3566504663197297975
0.8568431104539848686 0.5141266569727599434 0.0386479579997988168 8.062343637907153138 -0.5142723408176023137 0.8575996990872164494 -0.006834880796306321872 -2.688304443514496711 -0.03665847156557512643 -0.0140191553072875983 0.9992295130484017962 -0.363267517109263971
0.8457756832845891859 0.5322178406615738488 0.03751884387901520401 8.204757998333434443 -0.5326153703780562854 0.8463571101758915471 0.0007136468031551571447 -2.779267394015589865 -0.0313745247220134707 -0.02058669804134057035 0.9992956654875585487 -0.3685661129445171325
0.8318028102510008903 0.5540230210835126456 0.03409658293781359789 8.404494059703040421 -0.5545218250760000078 0.8321426346836632293 0.006646883187888894678 -2.928171859393333243 -0.02469069405503883374 -0.0244361955146277128 0.9993964388448917102 -0.3764451245924621547
0.8163363837741466345 0.5768648104301357105 0.02866878117313120117 8.648982334153711093 -0.5772470011685816305 0.8165416775347598133 0.006751924955139265716 -3.108795227382331827 -0.01951430676270057493 -0.02206080996074108111 0.9995661621400793173 -0.3925608421406695525
0.8019786133985407073 0.5969151340628414681 0.02286102312002193798 8.891478917979707575 -0.5970967410450600532 0.8021679663115556247 0.001426764504565139089 -3.400465089541422792 -0.01748672309847084869 -0.01479447702093827401 0.9997376345646663554 -0.4135041648722873608
0.7881561368087052211 0.6152177768575007866 0.01780424245206610467 9.087180065398435147 -0.615244694062024422 0.7883229417379610249 -0.004572303372843862339 -3.599560732811704078 -0.01684845510138769167 -0.007350276737769486333 0.9998310372220772235 -0.4234644450426293671
0.7756337725255938453 0.6310203032474220874 0.01433972828357997324 9.231560174154971321 -0.6309899497041038252 0.7757583116526860501 -0.007122167801064154674 -3.76697290252613648 -0.01561839588843479815 -0.003524030548326938586 0.9998718152436174567 -0.4192651433398267846
0.7604804405919800558 0.6492562892840796351 0.01165205141146319692 9.48830764415640715 -0.6492345151172673745 0.7605640070683763465 -0.006077461027572278809 -4.003043751400863215 -0.01280796070709936535 -0.002943123708314023066 0.9999136433539462798 -0.4225137060395202093
0.7466892471938118003 0.6651362834130983837 0.006992325260530195263 9.679809539111744243 -0.6651199259154289001 0.7467212106231007063 -0.004787249296337032535 -4.215131809884464786 -0.008405490788351179313 -0.001076147286049422168 0.9999640941711985809 -0.4275204755829741243
0.7331601323884737731 0.6800485151504094272 0.003199580884902489871 9.815172668157613245 -0.6800310269538111241 0.7331654037532377988 -0.005127681688336148749 -4.367310791211922449 -0.005832894329637618343 0.001583597510484459564 0.9999817346145198904 -0.4319946696668072184
0.7157954291499097899 0.6983090988392528509 0.001142841374442505773 10.0159461046150664 -0.6982856597313856772 0.7157831598284940533 -0.007183698172937539803 -4.641553104533274521 -0.005834468407658396395 0.004344028573460339757 0.999973543847112456 -0.4420052318454260609
0.6981470625120904661 0.7159510763724983295 0.002176085200579182082 10.22822330797159651 -0.7159208387192661505 0.6981405493651768879 -0.007558175678786953171 -4.885219161239382935 -0.006930497330037739198 0.003718813406172205745 0.9999690688384358372 -0.4436115907906607037
0.6839145713605182531 0.7295553027733902018 0.00314948821011222773 10.43026149506546929 -0.7295233645587585469 0.6839163713959821589 -0.007352380527534424504 -5.079644991828675238 -0.007517954750284936045 0.002730774941288911881 0.9999680111006514771 -0.4458053875667273847
0.6671937868170161323 0.744878260959533911 0.002971057500402996855 10.63723046454277821 -0.7448458594769726826 0.6671946117071880789 -0.007483029393520466629 -5.327003581566843948 -0.007556219476695706649 0.002779650840482783894 0.9999675880189442534 -0.4461262453404962747
0.6477741243689596473 0.7618305619451436472 0.001696668610664068058 10.84899176693117617 -0.761804370984039525 0.6477677631448649498 -0.007143205156652700921 -5.547711021269200238 -0.006540959229310143626 0.003334653901823235803 0.9999730476046420069 -0.4471705981456178813
0.6342134559457686116 0.7731579400045777151 -0.0003034883895360107392 11.01687232779457304 -0.7731394771222450668 0.6341954962441069821 -0.007170875736795111199 -5.810212262362714597 -0.005351748542883200122 0.004782504737989031786 0.9999742428862680166 -0.4571791198378302168
0.6186787161257958356 0.7856423160557909346 -0.001672553565596319796 11.19173016365290962 -0.7856262327507690379 0.6186488907276876947 -0.008060546832324572142 -6.093433743734991026 -0.005297983273984842659 0.006300890722307719675 0.9999661145005535046 -0.4589150079294299633
0.6033025035137137282 0.7975092469315847588 -0.002256172134833964171 11.3285338735356742 -0.7974991195500900076 0.6032736642153960771 -0.007486012353768484347 -6.310064098116432874 -0.004609074843892485736 0.006315625285446649015 0.9999694341860341229 -0.4629528652070537542
0.5873218343170556466 0.809351198193546284 -0.001923776785417020138 11.52341053062972875 -0.8093463161821955465 0.5873049694172938207 -0.005604764050461555 -6.612399395237834376 -0.003406378833708128846 0.00484880195746546349 0.9999824426972798719 -0.4689357383948010716
0.5722962241240306946 0.8200456532997291159 -0.001469134982853725901 11.69131520290393667 -0.8200421711624887866 0.5722858286852745557 -0.004446099540065757104 -6.896828783372255245 -0.002805239470855877028 0.003749238619929357638 0.9999890368605457436 -0.4750057367489181059
0.5598389525844553738 0.8286010379496129286 -0.0008167484094415948396 11.83040147033891287 -0.8285939552824005405 0.5598294335692712842 -0.004802351400750000734 -7.206320054436776701 -0.003521993555833935908 0.003365296173188192779 0.9999881351011418174 -0.4786573835461555015
0.5474794162726620561 0.8368191481467198711 -4.530721032492058447e-05 11.96487912092703354 -0.8368089260567497245 0.5474724593549102902 -0.004972677310585650948 -7.466526918909353938 -0.004136427141189712511 0.00276035194932636738 0.9999876351373657712 -0.4866644221120099423
0.5326157594742757517 0.8463567635810935741 0.0008255302400526980892 12.11725172516884186 -0.8463442059676750118 0.5326127480641575929 -0.005014541304235528227 -7.771950814763139093 -0.004683778878861028644 0.001972140989650826397 0.9999870863542843491 -0.491633135298047641
0.514640897073950887 0.8574032553373152066 0.002098760561327324761 12.29652820204116637 -0.8573909249202458227 0.5146448427452630092 -0.00463548272663625964 -8.076364406776971094 -0.005054594278922084141 0.0005861507299443198494 0.9999870536681948474 -0.4851152368872304055
0.500712108297580949 0.8656105943033263195 0.002384037338991904734 12.44954281355176207 -0.8655999697530466497 0.5007177767337482877 -0.004289571812761273049 -8.357808605927576906 -0.004906828682181350702 8.421789754004698793e-05 0.9999879578973086547 -0.4904862261295930281
0.4848044574497472059 0.8746196756485414836 0.002249667819103586507 12.61264070835342821 -0.8746097588782769661 0.484809674294847448 -0.004165259296381776909 -8.701818767303905133 -0.004733678457444712162 5.175484449747601762e-05 0.9999887947420699197 -0.4980352480026680184
0.4674610187507752812 0.8840087544916997997 0.002952614184286111217 12.76140938317202611 -0.8840007078040574839 0.4674696468105346003 -0.003857189748994209553 -9.060967270522438 -0.004790047015742525741 -0.0008070271792013400565 0.9999882020087631496 -0.5069787757887860291
0.4489717074053271029 0.8935401715021286106 0.003219916379711276495 12.92734114823899105 -0.8935310224675790947 0.4489821257852985026 -0.004166846932327257155 -9.426261604429548413 -0.00516893002354848561 -0.001006298793319903347 0.999986134666451365 -0.5159551302210252377
0.4294932862616044345 0.9030593218295949187 0.004402080517180434818 13.07438717116998106 -0.9030503842427596295 0.4295110005757425409 -0.004505985289440199784 -9.734266878962896996 -0.00595991402720514804 -0.002040010072699239511 0.9999801586950071153 -0.5121525013714272045
0.4110718874108194587 0.9115891130828617239 0.005019192097170086658 13.20161372051586035 -0.9115768946779638782 0.4110955288215840664 -0.005294456741041107285 -10.08695647215378699 -0.00688973655426449328 -0.002398977220375779311 0.9999733878651516639 -0.5208331130710620593
0.3921788480884116357 0.9198709374103267722 0.005762778834340724632 13.33508837868512131 -0.9198576717732094288 0.3922094938232847383 -0.005794534912601788899 -10.45521469993524022 -0.007590440831544188055 -0.003028442294268331603 0.9999666063150574047 -0.5243859631817304745
0.3719477232023934432 0.9282343047232604061 0.005997227649631490035 13.47139153874641693 -0.9282230566296493235 0.371980168441417347 -0.005719390475039022419 -10.85157146365775205 -0.007539784192330130884 -0.003439450714948568376 0.999965660326949668 -0.5321986701304257661
0.3545106593425724206 0.9350309851938491956 0.006264913400410539353 13.61485679025620854 -0.935018230148299212 0.3545468291535174288 -0.00612006760819967105 -11.24380572504249365 -0.007943658026184840029 -0.003688179036680238037 0.9999616470808050384 -0.5342001812402468186
0.3333241541804057295 0.9427885362280790105 0.006692099583329623284 13.75983241875557006 -0.942777259362969744 0.333364558237309927 -0.006253841962404285172 -11.65389980387706892 -0.008126959330813639942 -0.004224602722059237099 0.9999580517521102774 -0.5458664254325300558
0.3104211666051887031 0.9505719905154675908 0.007182629806388864807 13.89495489213956603 -0.950559134349070689 0.3104685543634473355 -0.00682706796630506204 -12.08119745341343609 -0.008719600278632347323 -0.004708247968517501915 0.9999508992805835605 -0.5526814809193878464
0.2886162201606645716 0.9574179471480847026 0.007179967891162267885 13.99337218624307333 -0.9573994322392586076 0.2886674660841520579 -0.007577675929999899869 -12.46072708035911525 -0.009327626070761341551 -0.004687056997975841931 0.9999455119598176234 -0.5622759297765815845
0.2709058140033555606 0.9625863412623243409 0.006129890243026899638 14.11721696532682913 -0.9625576400384117104 0.2709504891723009123 -0.008283840955408777046 -12.90069515284516655 -0.009634808916786584063 -0.003656232008923106323 0.9999468998025015098 -0.571146197418920365
