1 0 0 0 0 1 0 0 0 0 1 0
0.9999999890535801184 -0.0001445939922699952991 3.139135307347618855e-05 0.8350207486997534012 0.0001445947256292367427 0.9999999892733189011 -2.336081081989749365e-05 0.3902171034825956952 -3.138797490385203989e-05 2.33653495882650413e-05 0.9999999992344277278 -0.1030685701797719594
0.9999999110071065012 -0.0004045048673244169596 -0.0001198398573670799219 0.8364096537239328333 0.0004045051920107222538 0.9999999181841665585 2.685109342760467169e-06 0.3890756960120308472 0.0001198387614224836578 -2.733584948319625765e-06 0.99999999281559937 -0.104985304955649672
0.9999988714868460749 -0.001157017437395995493 -0.0009582983271780654618 0.8246149499847721387 0.001157103587279183655 0.9999993265637715512 8.93492679685535708e-05 0.3763226612475714661 0.0009581943031641961071 -9.045801756879076247e-05 0.99999953684040499 -0.1111721811066190418
0.9999980154838992163 -0.0004251307051364300034 -0.001946353551367932489 0.831168043151680358 0.0004249007158303938492 0.9999999026995312068 -0.0001185761768558627702 0.374145380177825726 0.00194640377236049867 0.0001177489345222953619 0.9999980988219644429 -0.1097583300724177813
0.9999954256464358426 -0.0004260626094675475572 -0.002994521139751361947 0.833277081258862018 0.0004260540365667820294 0.9999999092328470951 -3.500776780981969164e-06 0.3785529686805708671 0.002994522359497294242 2.224932948015594888e-06 0.9999955164053927481 -0.1152625451077448487
0.9999925202430909321 -0.0003010386447231682989 -0.003856012656334260186 0.8514091449651908228 0.0003020917296638426304 0.9999999172360283239 0.0002725225191882730256 0.3783210042638178727 0.003855930297385504711 -0.0002736853503190349226 0.9999925284210231524 -0.1195667588295755146
0.9999889182791390496 0.0001188435519107207118 -0.004706293140848219654 0.8643993100955758013 -0.0001187698491116713701 0.999999992819820327 1.59399590719758092e-05 0.384146708669172221 0.004706295001417542395 -1.538081670358500109e-05 0.9999889252140695683 -0.1145282966290251808
0.9999804199465976984 -0.001066393692979319659 -0.006166240987641322807 0.8752778277443511445 0.0010661197146498054 0.9999994305556718643 -4.771882240900047844e-05 0.3775800693829727828 0.00616628836336162011 4.114393698970331717e-05 0.999980987416759004 -0.1115322379128994568
0.9999693747986815318 -0.0007964905838312776607 -0.007785567897323656533 0.9063368745002209348 0.0007989916099400615462 0.9999996302016158634 0.0003181336806092230178 0.3733880300315404188 0.007785311627752223955 -0.0003243445411297884496 0.9999696414009164869 -0.1130882440051154403
0.9999688849378806088 -0.00172146721873349352 -0.00769842235178455972 0.9629492513208917082 0.001722032266450599291 0.999998515072224925 6.676989221453694936e-05 0.374552081600832143 0.007698295978002739522 -8.002474635573050604e-05 0.9999703644784054823 -0.1087183039906551019
0.9999659169036670958 -0.002385002502281667863 -0.007904226342441077538 1.028900186180412124 0.002380100521385929233 0.9999969694080041993 -0.0006295207027258867619 0.3658631647848647472 0.007905703796407231865 0.000610686393472335701 0.9999685629606623882 -0.1081260246615352028
0.9999608248214919559 -0.004356868857139455618 -0.007704966974829603917 1.094324963813551044 0.00434432962348010876 0.9999892129423921805 -0.001643410775653999243 0.3793456328722636384 0.007712043986134915069 0.001609873478466812774 0.9999689658609107745 -0.1004894220418522527
0.9999514015312314097 -0.006226646681492302438 -0.007643523194826832776 1.170011218206178594 0.006209078672148798245 0.9999780322292139978 -0.002320000222459055097 0.3814109945247078914 0.007657801105347527247 0.002272428237151626843 0.999968096567154463 -0.09900633411590402388
0.9999320057404881279 -0.008469681568197797578 -0.008015509337393474792 1.294477850851515122 0.008454106495565218496 0.9999623130004187122 -0.001975009421299577048 0.3828246677918447638 0.008031934957789031368 0.001907111162441924891 0.9999659248933675526 -0.1019274796509910125
0.9998952704751074005 -0.01198489889606047833 -0.008112353540307735283 1.400569156770488766 0.01197322815329140457 0.9999272146312050413 -0.001485680810013327753 0.3876396443093705901 0.00812956881396333618 0.001388394155569687167 0.9999659906579662083 -0.107070245097520278
0.9998346680951537557 -0.0159877528253219367 -0.008661884012743596012 1.5241912500657957 0.01597643570463144758 0.9998714243139894542 -0.001374169745680601422 0.3993409140131478074 0.008682740191298488758 0.001235556518568392721 0.9999615409718815018 -0.1069756517610137708
0.9997086165576901662 -0.0220827825378913066 -0.009748471454198355882 1.682582908979603387 0.02207346496938580524 0.9997557869345886639 -0.001062372367222085435 0.4328453859822235517 0.009769550888061081378 0.0008468802663554044711 0.9999519181786992172 -0.1104801575875706821
0.9995496300515018806 -0.02771313898541487991 -0.01151168934087864505 1.860162101148240765 0.02770346324271877672 0.999615686054550201 -0.0009991586712488817728 0.4346600086354014958 0.0115349550612540621 0.0006797950176929409361 0.9999332391167266021 -0.1096418187623750817
0.999349013796687724 -0.03372691847498781453 -0.01280795041250780766 2.024871449771886489 0.03373566562532821778 0.9994306811159299198 0.000467449424398656832 0.4410170858536166527 0.01278489297584385967 -0.0008992298537347750195 0.9999178655756013612 -0.113528081571412226
0.9991854763180921806 -0.03762313145655502011 -0.01459054126446391632 2.212984436641576735 0.03764635941000317454 0.9992902520593491822 0.001320515935220588225 0.4639820935432039106 0.01453050371322720316 -0.001868721104147505127 0.9998926804128904777 -0.1096463521544861208
0.9989511238209358712 -0.04288531901680088521 -0.01604685731588495479 2.433637112683154413 0.04292031533893408968 0.9990767992938202058 0.001842727332538896326 0.4628622832652280472 0.01595301689636205444 -0.002529530715931949461 0.999869542853597193 -0.1096083255239411469
0.9987584815766832325 -0.04691611414349138726 -0.01674436359832499194 2.684979410894123397 0.04694951109494804181 0.9988959713459230061 0.00160680951897219015 0.4897267466878748587 0.01665049208231920985 -0.002390954319889028717 0.9998585122160319472 -0.1099495364570263478
0.9987655556673969981 -0.04654474426049905883 -0.01734795648255099687 2.934740164279173058 0.04655505241847855691 0.9989157075364497596 0.0001906076251881040585 0.5103893102189097641 0.01732027444091048529 -0.0009980073540840860274 0.9998494947113854003 -0.1073111740829947869
0.9987857062413738607 -0.04619733337398111012 -0.01711488816946818425 3.232090170504894999 0.04621081251605826945 0.9989316325841605115 0.0003927204470603119411 0.4965144135971244488 0.01707846054320656323 -0.001183136457505159621 0.9998534524487061592 -0.1025807830240341445
0.9986719966570313245 -0.0484746825485485866 -0.01744844534266378269 3.570597284511699776 0.04847757615505439432 0.9988242379863960796 -0.0002573344637213026897 0.4895072917645144073 0.01744040432987112657 -0.0005888656151930680852 0.9998477311741512663 -0.1015692309116005276
0.9987784907120952349 -0.04600959038364618031 -0.01801788232834789991 3.944085107914792943 0.04603400550801867858 0.9989394286745556517 0.0009424310266814520543 0.5008911940478546487 0.01795541221350277147 -0.001770715132775150646 0.9998372206215178082 -0.1069337038891906289
0.9986080686167986276 -0.04915387859358672645 -0.01912646105880877467 4.322544654653414753 0.04921851904982715853 0.9987837558599108601 0.00292342485996037937 0.5468334784383559466 0.01895950094198138938 -0.003860731741130126512 0.999812798515029022 -0.1098330637840161522
0.9986302855483634167 -0.04762979642867178759 -0.02165537526244939309 4.761075224140002504 0.04776042385195124196 0.9988433721212625072 0.005555167225836031043 0.5554211153656476441 0.02136573656760252377 -0.006581828134213187943 0.9997500611849621244 -0.1167174740238834246
0.9984179976573676063 -0.05122788957117849901 -0.02317768935713325484 5.207779347121613611 0.0514195314546232532 0.9986470773521581856 0.007748979350834074922 0.5798712232088064633 0.02274936787780347525 -0.008928506374292644737 0.9997013294154832863 -0.1141145338241949525
0.9982954044612831757 -0.05364379796487542956 -0.02299191969772573785 5.632929305872282022 0.05380579866744341494 0.9985303553122183429 0.006485796004612248353 0.6127660833176977739 0.02261020701456725734 -0.007711838947911615894 0.9997146123163349607 -0.1058019834299446377
0.9981945857177283443 -0.05580811381237390373 -0.02220413196947117543 6.127907388598687888 0.05596241644492095518 0.998412432915724013 0.006389189694335889111 0.6403437679069245991 0.02181231279479117768 -0.007620251440083121615 0.9997330417559140425 -0.1050738703517768158
0.9982324582867626583 -0.05554650871106684568 -0.02113160175609072808 6.592168122768869765 0.05569321867014220134 0.9984272990312095253 0.006418250805581291255 0.6692971434023142763 0.02074185664125479528 -0.007583793197008728906 0.9997561009885453931 -0.09895287951587228292
0.9981492435173217048 -0.05788794568875469532 -0.01862990632649972472 7.077236371579809671 0.05808349083565517851 0.9982603146092405844 0.01013175052024439457 0.6888987845068079707 0.01801098992678437649 -0.01119508911067253545 0.9997751118234846635 -0.1003289171070774755
0.9982116789237639454 -0.05809434513781603499 -0.01408868777454670533 7.547021832012090314 0.0582897408330882022 0.9982032250540524565 0.01387903473949846263 0.7408974079829373505 0.01325708013899595979 -0.01467544052821263129 0.9998044215102727117 -0.1038443473924137023
0.9982527047116982466 -0.05829341572462850424 -0.009665154884155596413 8.060497952222135609 0.05843545903198005265 0.9981765242271906091 0.01513022172496255972 0.7468520628128951788 0.008765538403364839595 -0.01566857252210238777 0.999838817595925633 -0.1095206010233312766
0.9983816544567434281 -0.05663606784204144179 -0.005140803790013421214 8.497691989529151613 0.05671918354112490818 0.9982315696598990096 0.01779515531717626789 0.7860219109301799234 0.004123865012815395442 -0.01805793880059183842 0.9998284375749821873 -0.09627956135453394348
0.9984589591954464716 -0.05531961350566705349 -0.004409893868268633006 8.995847653461193971 0.05539291745282442364 0.9982889478580818654 0.01872968981239639397 0.8483174712302243847 0.003366229108416901854 -0.01894510348315958312 0.9998148586391392145 -0.1040947548372157805
0.9984485127556539386 -0.05530173390883356271 -0.006502738092470310149 9.519168475504509175 0.05540037331959716399 0.9983341123502349479 0.01611827391247980246 0.8568712963768384538 0.005600536766414756021 -0.01645352073402613774 0.999848946413098405 -0.09596940957590366361
0.9984910707140410846 -0.05411214700346601847 -0.009351858157774594824 10.07767382200639261 0.05423836389141158121 0.9984324395151581433 0.01381533952506459363 0.8829650398517616683 0.008589620871183532499 -0.01430172264048200186 0.9998608298872418976 -0.1017080856921334098
0.9987012308010780881 -0.04976666671542643444 -0.01091469103765682971 10.6458689190674427 0.0498839034988817695 0.9986972160788851749 0.01074554642625142123 0.9048484714359770198 0.01036570152599863848 -0.01127605783597000408 0.9998826944954861684 -0.1014128948370247169
0.9986461622401535676 -0.05045714520164502198 -0.01264591400860540747 11.21911509073184554 0.05060383589092914969 0.9986518852499229881 0.01156130961000802031 0.9195062888067540019 0.01204551518768885374 -0.01218558922968698485 0.9998531977140386884 -0.103399532899887972
0.9987682354443201405 -0.04812370071247811659 -0.01208806424432195582 11.83419391993507652 0.0482854220603126591 0.9987428396154784949 0.01346322150408445391 0.9253055770259512869 0.01142496756654008336 -0.01403031526895971715 0.999836296785407308 -0.1137528875610440277
0.9988829171751227864 -0.04610214739008477308 -0.01036869238331256972 12.39195541392039779 0.0462246364675676924 0.998860171468811453 0.01190129559072313284 0.9836187531089617408 0.009808198568446469326 -0.01236728989388760983 0.9998754169302905837 -0.1086829213743015915
0.998806843455500637 -0.04809503756547355013 -0.0084709402096107278 12.98128340464939079 0.04816176495971550425 0.9988086415559028763 0.007857604547001956555 0.9922915323356272799 0.008082936497599871664 -0.008256204626075689182 0.9999332483834849628 -0.1064516545165399702
0.9987900601573629356 -0.04872409028133383585 -0.006661738294755885879 13.6059467370344791 0.04875181508628281812 0.9988026527136555366 0.004064659636132063672 1.003766016906861402 0.006455715037412531297 -0.004384513475990696983 0.9999695494288486364 -0.1004489609400414651
0.998901509151937872 -0.04668421898073046167 -0.004044590478667029441 14.22937046999451027 0.04669067463695413672 0.9989082444073007494 0.001516626872485078627 1.059358783110631919 0.003969372233364612881 -0.001703805529824893453 0.9999906705218751801 -0.1056887481617388436
0.9986951483191217616 -0.05106856664101556975 4.717074844279816578e-05 14.83352899846951445 0.05106856924280096105 0.9986951477465393356 -5.570467920405450403e-05 1.079832408918381503 -4.426443946324650245e-05 5.804093549284809663e-05 0.9999999973359545713 -0.121012808419298748
0.9982290898246062305 -0.05936579766327928359 0.003792927067678700942 15.50068193488337087 0.05936733196042497107 0.9982361614261079374 -0.0002931163082017344281 1.123815542292579739 -0.003768835873164258238 0.0005177731858775287731 0.9999927638673637986 -0.1230156059982079053
0.9975641159382021561 -0.06946335352569445176 0.006377860879447521704 16.14056068007343114 0.06945679444027605398 0.9975841844031956285 0.001244481696192723669 1.145384774388817029 -0.006448899015679595767 -0.0007984645109913039891 0.9999788868550726351 -0.1229602442511860128
0.9966380548023989761 -0.08166821269688323559 0.006549103342213256559 16.85347897666205341 0.08166549806086706442 0.99665956185987159 0.0006813073896777336854 1.176391693811991823 -0.006582867624437444519 -0.0001441810852769819353 0.9999783222978655406 -0.127936935770921828
0.9954062298967101263 -0.09561695571659024895 0.004882137063777674917 17.49303895720538549 0.09562531085185391189 0.9954162589659042437 -0.001507086862156298106 1.243264803998705315 -0.004715655554024504245 0.00196701952593096108 0.9999869466282449437 -0.1272214347968256554
0.993511628417619308 -0.1136742120875799678 0.003580182291190563311 18.12080335871377912 0.1136876295715915919 0.9935092851284919035 -0.003797794868818599699 1.298763678520217901 -0.0031252330093672143 0.004180175802635690933 0.9999863794316882215 -0.1349068988668263303
0.9910426078448997256 -0.1335260176240207763 0.002313450550570670099 18.77403638996973712 0.1335384187931114019 0.9910224961419434875 -0.006473240828764409427 1.406768670576889591 -0.001428335470341371947 0.006724192000626020432 0.9999763722707266655 -0.1362256069611576526
0.9874645879742165455 -0.1578253719340625139 0.002199879720694711445 19.38974165519476855 0.1578346103432603509 0.9874530205645044578 -0.004976741486907555745 1.519138258247653805 -0.001386821798887726692 0.005261573140341250197 0.9999851961771168973 -0.1467682725377779662
0.9821381529471664429 -0.188149802291945889 0.002073746134427996522 19.97624421134081985 0.1881528688697623464 0.9821387609787146644 -0.00139718261980675525 1.624885577942319248 -0.00177382682536912791 0.001762407642047097035 0.9999968737239616212 -0.1557777295517774885
0.9766301741877552178 -0.2149266575047136252 0.0001864399270354618991 20.6064888881848205 0.2149267184806784581 0.9766300895456314635 -0.0004169858738937468967 1.760082785919260928 -9.246146253285913519e-05 0.0004473119083661923102 0.9999998956814618589 -0.1520041139041622691
0.9706205454295363522 -0.2406085219098604844 -0.00181548187037237907 21.20373439743401889 0.2406069778843286378 0.9706220806493869313 -0.001028955404863333414 1.902458040162341657 0.002009722229477407807 0.0005619076500570315859 0.9999978226358061661 -0.1513594084920251159
0.9638652387725825665 -0.2663153546835731467 -0.006319283633066685203 21.80281782619185904 0.2663316277018636935 0.9638796328903299626 0.001875469242258861026 2.057775897560224276 0.005591562531919886184 -0.003490724704904868587 0.9999782743987422062 -0.1519960749121156141
0.9562804607068197127 -0.2922914404995339832 -0.009664071660543760087 22.42173522653322948 0.2923200675041991992 0.9563190934010948885 0.001664250836995411278 2.266552421858540889 0.008755489974476478657 -0.00441649263730925154 0.9999519168380505141 -0.1568523911279207372
0.9467295074145060108 -0.3218477997732910323 -0.01082744530249362715 23.04340463671411854 0.3218742509353300085 0.9467821324157895679 0.0007485472800941489523 2.456359248767552295 0.0100103134569856575 -0.004193747644043395277 0.9999411013180681262 -0.1604887893909462127
0.9379357646010660909 -0.3465918694907635378 -0.01227100179736660517 23.67301877919939557 0.3466195284952529598 0.9380058016807639731 0.0001359373232341893429 2.65778505700283052 0.01146315610737165015 -0.004380869334373095961 0.9999246991828600883 -0.1555945027712131445
0.9277744268096485003 -0.3729197353882530153 -0.01286405519202859539 24.25802201383466894 0.3729919664459216411 0.9278272857297448217 0.003677067062057546177 2.899969686194880936 0.0105643705365101627 -0.008209678028384691933 0.9999104936252232179 -0.1528579354879272822
0.9173218360072679101 -0.3979893690063894818 -0.01118531815153414773 24.88421268234071704 0.3980951799952379688 0.9172926657138226192 0.009715610747053867943 3.15327038016261163 0.006393500513346301109 -0.01336516313125838719 0.9998902417593946712 -0.1544009003724015061
0.9068931324147649908 -0.4212523412278900703 -0.009555699291873828022 25.4177746965337974 0.4213511032743418872 0.9067923502683106207 0.01381597858888109799 3.465128173103188658 0.002845021692414935379 -0.01655592053903458954 0.9998588937178459757 -0.1523338337441169921
0.8959033880921738469 -0.4441693479760798202 -0.008408895496305726983 25.97340615446302792 0.4442460311415538654 0.8958054966940822705 0.01334076113443418907 3.783852754823499254 0.001607177632130523705 -0.01568765155058588975 0.9998756495529262933 -0.1480017973558127031
0.8852585434080785243 -0.4650176930156451061 -0.008709564019772323903 26.52352985694161092 0.4650986430203649102 0.8851323851880678051 0.01496372119150862941 4.135923311372271094 0.0007507220673645898174 -0.01729756843285462989 0.9998501040369442983 -0.154319929411328105
0.873464454733234863 -0.4868266804645188794 -0.007722014340185464135 27.12769008057022901 0.4868870395790064753 0.8733228591275724595 0.01575418722858157317 4.468845510671923371 -0.0009257470301120007683 -0.01752047125905783001 0.9998460761933792851 -0.1638622424165012692
0.8615336978102393628 -0.5076508504458097093 -0.007092360612747893901 27.69892658244148009 0.5076847893264401224 0.8613136390621359828 0.01987384844736197684 4.856371720430876948 -0.003980229137027595059 -0.02072267374608610657 0.9997773394955649096 -0.1847128971501638128
0.8494461363773464502 -0.5276382854308471204 -0.006253090531452371904 28.27575429901419213 0.5276291973608242536 0.8491555141929760797 0.0232882547228168181 5.255019104209528003 -0.006977928487093223824 -0.0230814311354030216 0.9997092357534618223 -0.1986567374417437526
0.8378480469617632931 -0.5458658744394642159 -0.006410719522655798468 28.85694306252279873 0.5458474382867861685 0.837535888878262913 0.02417041490440873311 5.680972418475963792 -0.007824596993602972103 -0.0237504097509311056 0.9996872979679948257 -0.2038944453226189391
0.8240381269397245578 -0.5664894648751045425 -0.00713102623667453972 29.45644826249074555 0.5665021924714020995 0.823791979002606034 0.02102477719416355126 6.058494559642456423 -0.00603583256601038752 -0.02136496001605078798 0.9997535232289744833 -0.2104325220881143044
0.8109194173308472697 -0.5850713402643488159 -0.01006108329544086466 30.02390004561427617 0.5851471233799476757 0.8106806316785080124 0.0199939346179657633 6.484477628301402063 -0.003541552762772902894 -0.02210068375896511936 0.9997494772098731719 -0.2207571488232312751
0.796955752410447138 -0.6039211252527678653 -0.01186605129471471169 30.60991235786386966 0.6040337590124260636 0.7967259231638785799 0.01926191402700986807 6.913118629297866136 -0.00217868612162235584 -0.02251838875444178711 0.9997440549934204501 -0.2335792524151479033
0.7821449076401010281 -0.6229802350446046466 -0.01204035698918417586 31.19975222223728295 0.6230929723906508677 0.7819286247088502728 0.01851414643751131059 7.332422355899829824 -0.00211924751773465191 -0.02198300718043790652 0.9997560983486238895 -0.2475503413806066089
0.7677468662120938703 -0.6406564967338345129 -0.01113564610785829252 31.7765584520251565 0.640750706803221215 0.7675787189953220402 0.01616916437769647455 7.838744707729953021 -0.001811395230673423871 -0.01954899839456542693 0.999807259180031993 -0.2537056599973381843
0.7533709640242485239 -0.6574977516636324459 -0.01135328685635768851 32.36244951803557512 0.6575955579312851018 0.7532447260257876254 0.01380090226680774634 8.350551806268416755 -0.0005222587637462987884 -0.01786307004980984894 0.9998403062360404769 -0.2663332590760065788
0.7382482007082131759 -0.6744111861114625572 -0.0126153160410689795 32.93400596287888504 0.6745291545271412392 0.7381223283338089747 0.01363261192790136619 8.882518348551709408 0.0001176604688074531528 -0.01857364969000144944 0.9998274879664027504 -0.2760101154182967864
0.7226602592405135805 -0.6910917123623986358 -0.01242557115151035098 33.49654761620868726 0.6912025569110297196 0.7225707851770114543 0.01142303498777350393 9.45418643451104046 0.001083989893143674299 -0.01684355997658174009 0.9998575495805523961 -0.288533976312257967
0.7067981671349368167 -0.70730274175486052 -0.01261675238526462767 34.07018490396167465 0.7074110969114969505 0.7067427783293486199 0.009175251810484709447 10.04328079198812773 0.002427117872408277033 -0.01541028180697289959 0.9998783087523517299 -0.2971040321746500901
0.6891894638769295867 -0.7244490413408251062 -0.01383724616352522904 34.66347128859247562 0.724572242576266401 0.6891501221738360883 0.008195998766900540813 10.61664998038347107 0.003598356434631175271 -0.01567468047988147123 0.9998706697482544481 -0.2967144501872679418
0.6718748309565651944 -0.7405604606259769129 -0.01242641076609916038 35.20615080632763494 0.7406595541237904756 0.6718381849067800449 0.007541762811913064156 11.23589567362700947 0.002763405912079930707 -0.01427086047174667277 0.999894347483353374 -0.3032258043191192742
0.6527433421443484818 -0.7575426109473567537 -0.007437868329540277268 35.74731742145380053 0.757577863160797782 0.6526928822982402956 0.008233021677060678445 11.85145650167596187 -0.001382221019064290828 -0.01100881448099595185 0.9999384458399314113 -0.3130197970654675643
0.6312767916343489105 -0.7755571069929256822 -0.0008866434494127906204 36.30365103507838853 0.7755249861202500039 0.6312393347924887266 0.009894347574366250259 12.47401999784742976 -0.00711394735915251309 -0.006933686140860494812 0.9999506566573529431 -0.3246839307894328064
0.6106228533770963196 -0.791887004705200237 0.0073961282194946543 36.81110264868897275 0.7918264890777295673 0.6106676321273776242 0.009790519229226257031 13.14468343346916512 -0.01226956105364992652 -0.0001218645469822961106 0.9999247186766526685 -0.3352165477778238367
0.5845976514957237358 -0.8112368123719959634 0.01184989950199232672 37.31315729003281945 0.8111544493545395085 0.584711616871729456 0.01186525969297746314 13.82951368703308503 -0.01655430934887440128 0.002675695754543719676 0.9998593878612186403 -0.33798364594041852
0.5583867183067803275 -0.8294627635663408549 0.01399273652553171751 37.81325384484387087 0.8293541171153997471 0.5585490041801203231 0.01395558501574855129 14.51365734495945325 -0.01939126716643834944 0.003812320328165647552 0.9998047034153196844 -0.3576194683238882455
0.5315261313622252626 -0.846868056911936451 0.01716000761385788262 38.26499274243025184 0.8467869988754626043 0.5317540928140034318 0.01376093423585259511 15.23157791186144294 -0.02077859991899782058 0.007216575209706075668 0.9997580561454100234 -0.3748620150628443337
0.5035483182890230225 -0.8637668716170453509 0.01859792045362521767 38.70900184746506056 0.8636738344449601534 0.5038215654581137404 0.0152097953462598523 15.9315705699057979 -0.02250775074138530035 0.008403670402755490654 0.9997113480801973484 -0.3982453521711137867
0.4752909179095239356 -0.8796042362581969476 0.01987286867456046491 39.10208637662900344 0.8795016930803482014 0.4756088208036307607 0.01652336051113825061 16.6822585489696209 -0.02398572953911172825 0.009624818461350458099 0.9996659680353545685 -0.421056689344412427
0.4460880445937692729 -0.8946826130151398493 0.02341961654060114445 39.51392063372925634 0.8946162697672094266 0.4465047456135177173 0.01718260784664213045 17.41121951731920703 -0.02582995041247547127 0.01328661405360088803 0.9995780507537566084 -0.4410729334592298212
0.4174524548655782485 -0.9083022952959046714 0.0268400500538592407 39.86803076287578307 0.9082434238121911418 0.4179961651343360174 0.01931551280441595395 18.16204259158684664 -0.02876336260959523952 0.01631399071901675282 0.9994531117957503596 -0.4561143591750805304
0.3885552782153242068 -0.9209183946628459738 0.03056315007683264862 40.18801044601340777 0.9208868136535220961 0.3892484235426417749 0.02128711367545511879 18.94006912182985047 -0.03150035253890991899 0.01987398151290111631 0.9993061356004722118 -0.486387837952558244
0.3588914735532221512 -0.9328299045667191036 0.03201998371084947836 40.53441837935872627 0.932835573290122344 0.3596420632921157878 0.02180319966149513525 19.70129747352370941 -0.03185440966783147088 0.02204439740696153768 0.9992493888552936854 -0.5174619810423581878
0.3305957572904882902 -0.9433100734085778649 0.0295389686250572582 40.80567334033311511 0.9433280236687399123 0.3312386027501876828 0.02032800554241930707 20.50738213021273992 -0.02896005909451513163 0.02114458450778682053 0.9993569039753691374 -0.5449394353897449861
0.3006661767385715445 -0.9533494112864372427 0.02692118432041309961 41.00229004785532538 0.9533981229257408874 0.3011859360257981288 0.0178620027415120064 21.29928328068823618 -0.02513701189648385667 0.02029610652483543332 0.9994779630851540198 -0.559008626277368581
0.271538652321197338 -0.962082603095632316 0.02576480382847744915 41.1864038834849282 0.9621686113759958525 0.2719892425482973719 0.01591902072338265833 22.11058393158891988 -0.02232316237399836062 0.02046745608852054699 0.9995412746169557439 -0.5836181235194768391
0.2424356983790882936 -0.9698312682838308163 0.02553905265314235229 41.37306880092062045 0.9699164122862649062 0.2428878106128181669 0.01636045945112764993 22.91373529434742551 -0.02207000972324054192 0.02080438690968895721 0.9995399402505774633 -0.6177053285169823438
0.2144697401095329026 -0.9763632499283749766 0.02678683943004386489 41.53354888105990028 0.9764595412599627045 0.2149756708976119368 0.0176698954299322579 23.71282241654601108 -0.02301075530556348156 0.02236660706104471805 0.9994849873954306796 -0.6416379095692303913
0.1844674390887200977 -0.9825550261252695705 0.0236089930327533018 41.71329502019225544 0.9826434129178177601 0.1848563241969991555 0.01549394893491058689 24.54418801903416991 -0.01958792907055200219 0.02034109240786331763 0.9996011969752646165 -0.6546344188642096995
0.1559872625296589987 -0.9874765508421040616 0.02362277429695640307 41.8371350803780615 0.987700186693175497 0.1561944759254580983 0.007185185915347344111 25.33903914033701099 -0.01078494945606495344 0.0222114211016128868 0.9996951223437458012 -0.6648922394930282254
0.1247651959525257759 -0.9916863290113897555 0.03149397927924823398 41.94474350534406426 0.9921732164652048436 0.1245376977153741516 -0.009092325161594092334 26.15661458350558632 0.005094546890345857081 0.03238188845123059906 0.9994625850387367505 -0.6517784735882599101
0.09394007686049654637 -0.9950602104473222909 0.03210046018322573746 42.05955574501302863 0.9954626172190708111 0.09338980243003869308 -0.0182352000657073042 27.01304714485274516 0.01514726638050695531 0.03366782420366953854 0.9993182866007149778 -0.6609423795609201679
0.06451908701508601851 -0.9975243136158021828 0.02797375834711231246 42.13737316590661663 0.9978913490764418359 0.06429319395556565286 -0.008901721709374903896 27.83515496191249383 0.00708116156706606846 0.02848910241328951945 0.9995690212259212837 -0.6915627594058295635
0.03449489069003897068 -0.9991173543271067992 0.0239711242682770706 42.14402854588282565 0.9993225941325249995 0.03478989999017290113 0.0120006547702554249 28.66296799886300306 -0.01282401546019594149 0.02354092481353890418 0.999640620166267535 -0.7229133368791386127
0.002967223737885715806 -0.9997282918625239878 0.02312007856668799738 42.18700341082939786 0.9996386319209761284 0.003583077562795855542 0.02664145503418941657 29.51283955711379292 -0.02671705736882480295 0.02303267255052019596 0.9993776537629462942 -0.7255963519328133549
-0.02395042829645244176 -0.9994441125317945485 0.02319144044577707911 42.17798985583749527 0.9993321886652364316 -0.02329449426608243279 0.02815214440208311034 30.34982623187901041 -0.02759626210132053517 0.02385020885487136241 0.9993345855396050803 -0.723290305534425304
-0.04780878618101391808 -0.9985644444292867128 0.02415305954798801363 42.14685768270598487 0.9986624623887893071 -0.04730891421282046316 0.0208603176285650678 31.17346020473637935 -0.01968771646125361957 0.02511806038758885792 0.9994906086917009214 -0.7257833016434585005
-0.07203722480887564394 -0.9971251532148364127 0.02349610751006939169 42.09689184448266985 0.9973351719495816559 -0.07173983091730717909 0.01326466932323531328 32.02909264451238158 -0.0115409286512879062 0.02438904438975420669 0.9996359244643123754 -0.753508447172263951
-0.09480540136590609457 -0.9952706928097734274 0.02117035440900514112 42.02456480562850061 0.9954513090349829119 -0.094578613128002198 0.01147071398486457401 32.87033670449788758 -0.009414202695306931809 0.02216154265246728788 0.9997100773798744955 -0.7875875141260826329
-0.1146225906843838516 -0.9932339233212620355 0.01865570338137770984 41.93785050506944856 0.9933380836488033827 -0.1143696195343206767 0.01410821393720402932 33.72657248211168479 -0.01187911098203155505 0.02014854067739008797 0.9997264240935357371 -0.8228246794336573355
-0.1325793625993401115 -0.9910318264822648437 0.01669225904361404736 41.8225287422704497 0.9910596840481552539 -0.1322915220015103976 0.01731057078477720584 34.56788287427413309 -0.01494708222776510755 0.01883804941469061772 0.9997108144994362178 -0.8410515534607174715
-0.1455289441111820015 -0.9892372350887177479 0.01519931379746449103 41.68912585889898281 0.9892346539444913933 -0.145255605048770331 0.01776537748651414381 35.46798220273252156 -0.0153663873830897791 0.01762106455197747987 0.9997266487509712807 -0.8524170978544951538
-0.1564962662647984004 -0.9875867156269717562 0.01346839865419570577 41.56492689688909081 0.9875760850768333654 -0.1562690618232940309 0.01653652022594104612 36.35191692935548247 -0.01422655367588282829 0.01588897208753677417 0.9997725470008209658 -0.8646177540080223212
-0.1636308696287949171 -0.986462675158477853 0.01078559334038215953 41.41247137789645194 0.9864267694648011231 -0.1634537395881165978 0.01565578161244305516 37.21029118642918121 -0.01368089864594533057 0.01320096715547680079 0.9998192674070646158 -0.8810441049205302022
-0.1671666142227645757 -0.9858788957411385168 0.009905857940173561083 41.26278667764445629 0.9858299122774013545 -0.1669992368832060592 0.01583158045041585527 38.10368673346712853 -0.01395375033561054544 0.01241200276588503085 0.9998256023121787628 -0.9052537543977885459
-0.1700250758629686665 -0.9853845764617975567 0.01042641112729630545 41.11833917299783536 0.9853244595125282279 -0.1698338390009379584 0.01709317456025541415 38.99787072145991829 -0.01507259314569402674 0.01317966621000503727 0.9997995365744360985 -0.9295148661816139413
-0.1726245606070873073 -0.9849135430661863921 0.01208609779958540534 40.94727463895262076 0.9848647422886677161 -0.1723961476166844253 0.01791668729430920953 39.90005369833387761 -0.01556279126267999524 0.0149960318663790327 0.9997664320011833139 -0.9489948907382764753
-0.1755744455304868445 -0.9843860746697579156 0.01255667443744388524 40.8018687884284077 0.9843533591958104623 -0.1753469729906469432 0.0173753648290064476 40.77582880565705636 -0.01490229232654580703 0.01541087470856878153 0.9997701869050361623 -0.9704491698476500616
-0.176903898023927475 -0.9841403987292693945 0.01314102176145488104 40.65805406894247653 0.9841378971695255995 -0.1766911238001582785 0.0159011359651360408 41.69366488411345273 -0.01332704838606351035 0.01574555045821820695 0.9997872110714776106 -0.9910472087038060263
-0.1779181919655585808 -0.983972213388669803 0.01199167405782707724 40.53937516415411579 0.9839658562362687544 -0.1777357955718101845 0.01487214623659777711 42.59360016447543273 -0.01250242892135935806 0.01444542320107892845 0.9998174928553751339 -1.010138269058566518
-0.1798978244607409849 -0.9836301864232988024 0.01041292999876691945 40.36259717170352701 0.9836007033362234031 -0.1797334468653466466 0.01501813817983693559 43.49240802065854439 -0.012900742256917919 0.01294389565658145454 0.9998329992626029394 -1.034475172904654627
-0.1802596539523055874 -0.9835601249956632541 0.01076743588375425609 40.21521531424828311 0.9835290732893751109 -0.1800842924331604866 0.01549869715141989276 44.44186384148740387 -0.01330485443507517344 0.01338387602167811358 0.9998219104976134863 -1.058288907877741991
-0.179385019149229219 -0.9837286182221313124 0.009950909285463572021 40.03987325348955295 0.9836754394169155979 -0.1792102443806213863 0.01631925846895703955 45.35395109202318054 -0.01427041669921959993 0.01271589555693131493 0.9998173139166054435 -1.083466042494834802
-0.1808200623566018628 -0.9834592148098489917 0.01058668290590274348 39.88099585210264308 0.9834170033667882782 -0.1806384791357569242 0.01614736339491176786 46.28576381976040466 -0.01396791102639443824 0.0133308912348799307 0.9998135750230852103 -1.095991790121225939
-0.179475214839728503 -0.9836993087480856435 0.0111497635298770971 39.70305529786084975 0.983682028721876045 -0.1793040493402933144 0.01482309885915424758 47.1992460442813595 -0.01258227435116088602 0.01362820086117592575 0.999827964458606 -1.11402301262546688
-0.1796305748429232185 -0.9836847496105297628 0.009857482704569795612 39.5435561189779321 0.9836634072854015809 -0.1794884800311977724 0.01379081954653035846 48.17148948387769281 -0.01179651428497566212 0.01217369786713230415 0.9998563113422669346 -1.148166932752682001
-0.1800146410263545604 -0.983614791631881813 0.009832125869923725656 39.39705473346030828 0.98359268524464738 -0.1798723112429705395 0.01383405874411569765 49.1253569970579349 -0.01183885760436159326 0.01216114020482113485 0.9998559636865413935 -1.170490415473516066
-0.1829994624890285415 -0.9830684662050409584 0.009358818408064425651 39.24422556987226329 0.9830330273697931442 -0.1828548515516683626 0.01449725367775579581 50.09627306370718003 -0.01254048758647113848 0.01185301722288012276 0.9998511099927867019 -1.196396956271697842
-0.1816487928566012933 -0.98331571030187781 0.009691745315131294197 39.04908929223559255 0.9832729562802975387 -0.1814895314606213006 0.0153571943403927897 51.05560867120605195 -0.01334202014478846378 0.01231924688112144735 0.9998350997313196764 -1.208140280944036249
-0.1839487060546911579 -0.9828803673498393012 0.01044303686910086695 38.89311568250627715 0.9828532470469842908 -0.1837851379746784364 0.01491703150186850756 52.04389064636838214 -0.01274238243046328656 0.01300794133877294055 0.9998341988310476269 -1.231412019665399704
-0.1844275204358223341 -0.9827853881350193666 0.01092568415220405292 38.70658257667300006 0.9827713887423511485 -0.1842650247037127542 0.01438047775182104901 53.01742145692861641 -0.01211970194867961759 0.01338960564167274159 0.999836902342294831 -1.254204866389173167
-0.1848443192167181781 -0.9827106522700508329 0.01059960226989387078 38.5137218759196216 0.9827016813646420879 -0.1846960085191764467 0.01359374415642438869 54.02361036648074588 -0.01140101295561180353 0.01292897335662168343 0.9998514182374947934 -1.280603992703422511
-0.185609113880071952 -0.982581383675240061 0.009114894377076975668 38.32836048898135317 0.9825542138094983668 -0.1854777298133256647 0.01360987393379061751 55.07907945754148926 -0.01168219884496108155 0.01148199451949584969 0.9998658360160131986 -1.304715809679799499
-0.1872054113088219562 -0.9822896266604201898 0.007824533981491585757 38.12623764678944838 0.9822573743617997177 -0.1870968800953469735 0.01285332526823453926 56.10063784799800146 -0.01116174218294195206 0.01009191824779052081 0.9998867779391431565 -1.327335986378574972
-0.1858735264949840094 -0.982551963313490706 0.006532345453511080417 37.93840405113002134 0.9825165458699760546 -0.1857869196154424696 0.01201905119121562775 57.13552647615208002 -0.01059571800542249975 0.008652160921448130357 0.9999064310580960679 -1.347867631585224935
-0.1873831325776695866 -0.9822703321829018286 0.005705798688284327742 37.74227168932689835 0.9822323239486047131 -0.1873083268384256872 0.0116298102956451082 58.15864391312581461 -0.0103548740167480318 0.007783650190058427794 0.9999160921666457869 -1.371130036403164443
-0.1867932942222048087 -0.9823828280959669979 0.005678406095618692209 37.5617790847209676 0.9823544429022107449 -0.186726458090216374 0.01062912787438311142 59.18558380296728672 -0.009381564043597381136 0.007563657266999100452 0.99992738603602771 -1.394213611901807148
-0.1881762777349387239 -0.982114342116844008 0.006411513567191361347 37.36808425993690719 0.9821046925984479037 -0.1881148966993668736 0.009119123636348669751 60.22186887904726404 -0.007749920898415943622 0.008012780303090038039 0.9999378651085689684 -1.402925739018866969
-0.1871882707480547747 -0.9823066812170088147 0.005842544888917692789 37.16427909757578618 0.9822973804912538132 -0.1871360448866297155 0.008482746265831677193 61.29438790766612044 -0.007239307589410439239 0.007326987144481962068 0.9999469524354831496 -1.43027910748199405
-0.1882034142708719493 -0.9821165575897352618 0.005151908857417553805 37.00626367189046562 0.9820762735157939627 -0.1881356123703434857 0.01145357391244155101 62.35002633196647537 -0.01027948705522024192 0.007215169168110929267 0.9999211336299264063 -1.456993232862977106
-0.1876419968397153859 -0.9822274865902216323 0.004432336704349546831 36.80713459128947562 0.9821399884916606204 -0.1875578822557262271 0.01493599040400195137 63.44309442869508331 -0.01383922062854637917 0.007155794183986775511 0.9998786279254051612 -1.483583113510324125
-0.1859244781039428585 -0.9825524132716919601 0.004779499529346517561 36.59855420555118144 0.9824395528123228694 -0.18582129470135067 0.01682175690696821602 64.52030402881572968 -0.01564012505384370852 0.007823145753997357704 0.9998470807472570332 -1.505301537503570319
-0.1844403104502012614 -0.9828254992495983888 0.005984137850305762917 36.360274944460798 0.9827220996167042033 -0.1843182896185773245 0.0168535763866003406 65.62366862170634363 -0.01546113857289157199 0.008989223373589014937 0.9998400607383011174 -1.536288060692673652
-0.187034463866885714 -0.9823254621463960445 0.007402414801666918134 36.20794983243412446 0.98224461109843475 -0.1868963332724051796 0.016287558976548034 66.69119341094058484 -0.01461619971508130306 0.01031731690893156368 0.9998399470303682701 -1.557463787389731902
-0.1846598982014613366 -0.9827599497349495117 0.009143478177678248872 35.99886681519208764 0.9827009012243835828 -0.1844990611222203647 0.01609456982350587415 67.77112628158708674 -0.01413013549158111809 0.01195732587073480499 0.9998286661368589456 -1.578906226059914264
-0.1874442797707538411 -0.9822323140298834243 0.009182769556300910199 35.78225278935970266 0.9821565780245367083 -0.1872681427392044462 0.01729447767761041824 68.92340884231674636 -0.01526755462920686285 0.01226066843649545497 0.9998082705124690106 -1.607601023546576968
