1 0 0 0 0 1 0 0 0 0 1 0
0.9999997442157947392 0.000710002593844676717 8.639827418900290475e-05 0.8350950589578571837 -0.0007100094632272830816 0.9999997447828332664 7.95036511435897995e-05 0.3894017625909299563 -8.634180434014808068e-05 -7.956497440009228255e-05 0.9999999931072538484 -0.1031330113907343443
0.9999998835986342316 -0.00046306339458856749 -0.0001355544564181730552 0.8308990221962976319 0.0004630844399671026263 0.9999998807229609765 0.0001552638567594100203 0.3881828964297834306 0.0001354825432410709438 -0.0001553266118460205002 0.9999999787590618805 -0.1072496143251081974
0.999999857209069698 0.0003698690911871827425 -0.0003857184149708573818 0.8237307774362248036 -0.0003697831970893765505 0.9999999068250691181 0.0002227335632197122931 0.3834256775665021433 0.0003858007612921756746 -0.0002225908992267154368 0.9999999008055271421 -0.1127607651530766197
0.999999083727313165 -0.001297272235838504029 -0.0003868194413735873615 0.8069868200158443194 0.001297360055966214525 0.9999991326937731628 0.0002268668919607733005 0.3667101654930466914 0.0003865247977625055386 -0.0002273685281809459022 0.9999998994510614914 -0.1105811828170587124
0.9999978138316779619 -0.002072411193465482481 -0.0002782870998802752208 0.8119842065843592138 0.002072480027163925431 0.9999978218353069437 0.0002472876435167052612 0.3582838678843540681 0.0002777740120447100107 -0.0002478638473606118212 0.9999999307025533302 -0.1092176536755602723
0.9999975347698815131 -0.002198121798526636236 -0.0003141889851045704752 0.8168652900348757351 0.002198209529236847502 0.9999975449700877483 0.0002791570576851939533 0.3652539553397273764 0.0003135745925475035803 -0.0002798470227198456505 0.9999999116783054864 -0.1153016803138917079
0.9999978075916735598 -0.002093247175928329967 5.592948001968684721e-05 0.8289191082709689296 0.002093227723790493273 0.9999977494692068314 0.0003456214950259530122 0.3583974313816001289 -5.665282536707301947e-05 -0.0003455036641443551141 0.999999938708835856 -0.1057413968966603307
0.9999997498315439381 -0.000705127528128905029 -5.596443982640043327e-05 0.8431331601690273958 0.0007051359589916132969 0.9999997400257654157 0.0001507702918075703438 0.3493389967928738349 5.585811299391047884e-05 -0.0001508097166285456343 0.9999999870681501868 -0.1045835246373743033
0.9999999907503931418 -0.0001333648403366775414 -2.670267680007074236e-05 0.8233653607974389388 0.0001333644617886392753 0.9999999910064567565 -1.417768665900310501e-05 0.3667086454531581774 2.670456736483668207e-05 1.417412533974532046e-05 0.9999999995429801336 -0.1062171377101514269
0.9999997416458158428 -0.0007049467844934898322 0.0001405643364007428515 0.8378707663073600154 0.0007049141924794481316 0.9999997246868883582 0.0002317803456718849216 0.369159239893656177 -0.0001407276905109281905 -0.0002316811999947774594 0.9999999632597686983 -0.1061293753110962995
0.9999999315894215757 0.000369629235884612144 1.397784547868015161e-05 0.847371263243044015 -0.0003696305821460064999 0.9999999270368242765 9.643432368522738976e-05 0.3642597264215615138 -1.394219951343533717e-05 -9.643948372726095437e-05 0.9999999952525204794 -0.1049241892643331397
0.999999448689623649 0.001047144189216729594 7.816326401640206025e-05 0.8670383697137100665 -0.001047156197406938927 0.9999994399127086764 0.0001537470886833914717 0.3634589137075565635 -7.800222486762742411e-05 -0.0001538288530673504882 0.9999999851261682782 -0.1044005513274477021
0.999999622840777258 0.0008468632244315603581 -0.0001927199581757958638 0.8661448508353600806 -0.0008468662890670556036 0.9999996412835283621 -1.582096571938086123e-05 0.3562152086813556995 0.0001927064908499297202 1.598416778816722192e-05 0.9999999813043571883 -0.1078624538308434189
0.999999974184345608 6.992470851024045701e-05 -0.0002161986198037872794 0.85181808785638502 -6.993387997587208692e-05 0.9999999966551434971 -4.241421216839369126e-05 0.3641796549942505345 0.0002161956532792113522 4.242933068177135678e-05 0.999999975729595425 -0.1066892782866209616
0.9999998150439060041 0.0006045662127934418959 -6.64217451202056959e-05 0.8577013441087046886 -0.0006045730093958813847 0.9999998120076954988 -0.0001023525768611452218 0.3583689573895288971 6.635985372366617582e-05 0.0001023927147247490348 0.9999999925560508762 -0.1033435378325286425
0.9999995415612804583 0.0009318472373602032944 0.0002203133112725876237 0.8425194375586664286 -0.0009318326221656669187 0.9999995636373101293 -6.643157074358063989e-05 0.3660050144914095416 -0.0002203751192117493892 6.62262451582352644e-05 0.9999999735244452514 -0.09866092183512689684
0.9999996516326857821 0.0007568090992092103972 0.000352100119976726572 0.8228381449223323152 -0.0007567684474652926858 0.999999706972043434 -0.0001155739767658197563 0.351533916146153369 -0.000352187484238796096 0.0001153074782424767472 0.9999999313340783846 -0.09636903415486547386
0.9999999848238251277 -0.0001292750104962108186 0.0001167917856827587484 0.8341280679551943411 0.0001292775636058834964 0.9999999914048773864 -2.185306829075898895e-05 0.3576782938819770274 -0.0001167889596232863725 2.186816651661525275e-05 0.9999999929410611221 -0.1018963852262517733
0.9999999923610043417 -0.0001235104951084328912 -4.811324367478730295e-06 0.8307494982890972768 0.0001235103590041897539 0.9999999919727631248 -2.827834497086987258e-05 0.3776952659062378093 4.814817001245289933e-06 2.827775050645180605e-05 0.9999999995885932025 -0.1001729393496215426
0.9999995400855528072 0.0009558814790917660471 -7.82258315309642332e-05 0.8335084347336623178 -0.0009558722364486400445 0.9999995361795652737 0.000118105554560619724 0.3796340265237266864 7.833869016040740166e-05 -0.000118030726341635336 0.9999999899658985614 -0.104537429509086538
0.9999995672092752974 0.0009283274583697570309 6.155803894671313273e-05 0.8290775453533281159 -0.0009283298106828707496 0.999999568372344827 3.819537507292610309e-05 0.3709216785189728416 -6.152255456109819917e-05 -3.825250470496345615e-05 0.9999999973758605387 -0.1045763335676919703
0.9999982671388014666 0.001842477180836063272 0.0002664530583619598419 0.8356043948155790213 -0.001842477164467531958 0.9999983026374615891 -3.068982377933622256e-07 0.3645944541484507084 -0.0002664531715475203211 -1.840359694531314861e-07 0.9999999645013361027 -0.09954390240466914896
0.9999960418666689055 0.002808231110463239259 0.0001734618850740190913 0.8327796743506465926 -0.00280822306070222568 0.9999960558465403881 -4.663265280377886451e-05 0.3659631632361439735 -0.000173592156180091972 4.614534855970374357e-05 0.999999983868184894 -0.09867957914773997641
0.9999999984998781954 5.319247807763139211e-05 -1.306919558178486254e-05 0.8260287942408683914 -5.319316821408476189e-05 0.9999999971907069796 -5.281167353249561136e-05 0.3620760177072327446 1.306638636128304276e-05 5.281236864519066955e-05 0.9999999985200616059 -0.1020860288788091874
0.9999995602671786221 0.0009356038264862773322 6.411652882542848261e-05 0.826150868696764018 -0.0009355920729338725473 0.9999995455706549574 -0.0001831009464758576004 0.3544151240623010235 -6.428780963515235412e-05 0.0001830408790442486966 0.9999999811815568629 -0.1019566291947475167
0.9999992525139296262 -0.001214551893602518716 -0.0001408377780174476066 0.8128184010786101421 0.001214541876243809904 0.9999992599096868551 -7.119065561157928172e-05 0.3694463537192501645 0.0001409241385303522094 7.101954901839656017e-05 0.9999999875483053247 -0.1043943606958196713
0.9999958955098734448 -0.002863297819712488316 0.0001024158278519843936 0.8052937202559878882 0.00286329854952438673 0.9999959007279455303 -6.980053995800295758e-06 0.3596025144307833932 -0.0001023954220482556896 7.273272437574513819e-06 0.9999999947311385418 -0.1018859055960769922
0.9999985217271410987 -0.001716580276014823729 -9.947707558360768777e-05 0.811728665669099736 0.001716583385821720967 0.9999985261834141159 3.118459938240211455e-05 0.3403609894783440337 9.942339810442851896e-05 -3.135531397827218808e-05 0.9999999945659160394 -0.105800697242309838
0.99999999834791653 5.046255867190932459e-05 -2.752629825180733579e-05 0.8232077138206895794 -5.045722407052849072e-05 0.9999999799543148882 0.0001937664532667228759 0.3754141942521788122 2.753607565104044706e-05 -0.000193765064046005816 0.9999999808484321129 -0.10523932086684884
0.9999995336184158701 -0.0009511203069476605 -0.000167729283347250156 0.7990488817756421502 0.0009511410922031838557 0.9999995399914278771 0.0001238852507662950282 0.3922127953986028204 0.0001676113764126069131 -0.0001240447272022528896 0.9999999782596658005 -0.1054941267586943787
0.9999991406082937573 0.001304596655393178845 0.0001296543121229716089 0.803993636416974633 -0.001304613703833560701 0.9999991403458322603 0.0001314940309957335254 0.3774874435631769831 -0.0001294826539920606386 -0.0001316630667832106242 0.999999982949539401 -0.1031629913009708688
0.999999735244903154 0.000693453662233101272 0.0002205269640140841583 0.8131112790392422962 -0.000693446664532666973 0.9999997590600027131 -3.180660143306159721e-05 0.3626771204701944029 -0.0002205489672845649895 3.1653669324466677e-05 0.9999999751780987989 -0.09861599612732753484
0.9999990842739281405 0.001336035048488800605 0.0002155496565808629947 0.8110143861923224673 -0.001336019895145649583 0.9999991050448538976 -7.042961793677133164e-05 0.3563974884936628729 -0.000215643560111603808 7.014157481295010496e-05 0.9999999742890068877 -0.1016445325815988759
0.999998665955408983 -0.001619795553502761465 0.0002105938441209188015 0.8223069953019974676 0.00161986419842392133 0.9999986348165248451 -0.0003261978929038996029 0.3325129253212838476 -0.0002100651827251951115 0.000326538591169864929 0.9999999246225809157 -0.09850519430709971103
0.9999989032404922318 -0.001480770380842345683 2.892908259011435398e-05 0.8200636122897786429 0.001480768451386415803 0.9999989014437453694 6.660402168255859549e-05 0.3301603273132022176 -2.902767607244224982e-05 -6.65611113611375713e-05 0.9999999973635061989 -0.104003601068009488
0.9999993831759407259 -0.001110070967862758582 3.728517755678293581e-05 0.8234985199968617442 0.001110065047694015544 0.9999993713278952923 0.0001584279144459603799 0.3445054318108350389 -3.746102034495739396e-05 -0.0001583864277514082392 0.9999999867552056276 -0.1041530384250107522
0.999999956519342259 -0.0002927152558318519377 -3.576440556426171074e-05 0.8146364451133616402 0.0002927144704154719464 0.9999999569179076619 -2.196410088797340248e-05 0.3314372770939161827 3.577083325086682886e-05 2.19536311739253823e-05 0.9999999991192427551 -0.1050909269288671788
0.9999940976433344675 -0.003430137110524846857 -0.0001970733272265371013 0.7953800465537933517 0.00343014119033690796 0.9999941168409790526 2.036773562488821345e-05 0.3382199203809365118 0.0001970023036869899657 -2.104360474448457299e-05 0.9999999803736293602 -0.1058360661888478604
0.9999956638988706237 -0.002944578749622586006 4.049005204863084068e-05 0.795308834762103567 0.002944580138508014547 0.9999956641267675472 -3.428517067922971621e-05 0.3374076189196163478 -4.038892110388873967e-05 3.44042482183319677e-05 0.9999999985925414059 -0.1014370357650175442
0.9999926330750419368 -0.003837772585511044741 -7.278204802391265496e-05 0.7996079829426183672 0.003837780072079306336 0.9999926303900262825 0.0001030036635595244827 0.3337016407065470647 7.23862070123896872e-05 -0.0001032822262327759259 0.9999999920465093561 -0.1053346188366657554
0.9999995224652272752 -0.0009765891351646597759 -3.664667082597144652e-05 0.8172823771650146174 0.0009765931910066596999 0.9999995169922141214 0.0001108200242129144149 0.3197717469654776101 3.653842749373909253e-05 -0.0001108557601817010429 0.9999999931879718362 -0.1056765071861861804
0.9999957008749857934 -0.002931950354214828483 4.357368899944173327e-05 0.8116026668008262668 0.002931953033963798083 0.9999956999214477671 -6.156314135478296087e-05 0.3005509967781462288 -4.339300155505449564e-05 6.169063269680491446e-05 0.9999999971556565725 -0.1004007611150641438
0.9999981621408877697 -0.001917175284945446274 1.240054245826427996e-05 0.8099734616105732643 0.001917176082173598691 0.9999981601296228373 -6.460061222549973257e-05 0.2847985987507947181 -1.227666894572247847e-05 6.462426752208286554e-05 0.999999997836493737 -0.1003258911460590402
0.9999995756476630637 -0.000919607425287483635 5.501524438931222789e-05 0.8157666259967348843 0.0009195988478014903477 0.9999995650423864069 0.0001557337381178481412 0.3390398708494927194 -5.515843436195376324e-05 -0.0001556830800765204945 0.9999999863601627403 -0.1022082398600716174
0.9999977387409246798 0.00211389943619273192 -0.0002322546256112473662 0.8527829285113635027 -0.002113854051751468208 0.9999977467017424626 0.0001954801411879270371 0.3393859270119007343 0.0002326673276325481941 -0.0001949887467752973861 0.9999999539226506196 -0.112068784534291907
0.9999985819680559107 0.001680030030533894532 -0.0001164515940927618156 0.8323678103727628619 -0.001680037582708266298 0.9999985866373120036 -6.478502274735530682e-05 0.3334651226438071214 0.0001163425887206793758 6.498057393476568448e-05 0.999999991120963494 -0.1080496229849940565
0.9999998620095453816 0.0005161518544451869795 9.781693776232077201e-05 0.8302618907536085668 -0.0005161412362688268946 0.9999998609080197332 -0.0001085456832246866227 0.3238833249693358063 -9.787295021245764155e-05 0.0001084951808912337654 0.9999999893248405769 -0.1028823997176897681
0.9999997062454413221 -0.0007543962681497275256 0.0001356292806743292765 0.8323579646803074272 0.0007543823483808596983 0.9999997101847870606 0.0001026528824561079485 0.3399137402529631702 -0.0001357066823183401252 -0.0001025505359660914536 0.9999999855335418575 -0.1017377266112850925
0.9999972603963547257 -0.002339872523910146388 -6.477929414067749706e-05 0.8453183648618538548 0.002339878774991517672 0.9999972578149775027 9.659111638342977337e-05 0.3245363298973735766 6.455310560458793056e-05 -9.674242745747393415e-05 0.999999993236899587 -0.1052956747759377365
0.9999999773530193758 -0.0002122578535997932906 -1.551013639580468378e-05 0.8429612295885029472 0.0002122610016891034667 0.9999999568171822339 0.00020325083230322987 0.3349021005173880017 1.546699414062623583e-05 -0.0002032541198972999223 0.9999999792242671992 -0.1057997142266241808
0.9999999899018621186 -9.792695441339405746e-05 -0.0001029882870414456904 0.8331089428356697191 9.793182931498911256e-05 0.9999999940845880619 4.73305468441589266e-05 0.3474002684319245637 0.0001029836514959243742 -4.734063219755652285e-05 0.9999999935766160641 -0.1046335708702137574
0.9999966266038670115 -0.00259583574407030223 9.174789356805245161e-05 0.8329594129942889946 0.00259582069665810402 0.9999966174449375078 0.0001637485698744257164 0.3683115448278877491 -9.217264761647101369e-05 -0.0001635098564046345957 0.9999999823843648272 -0.102962498908870756
0.9999987862957034901 -0.001544739595759468719 0.000202945069566558842 0.8418189375000812991 0.001544702375254692348 0.9999987901231288667 0.000183430777878835073 0.3658915651826544768 -0.0002032281768136834723 -0.0001831170655171061737 0.999999962583223545 -0.1036101385644779271
0.9999998857384835294 -0.0004415506940558100294 -0.0001831829806911951578 0.8280658337492823318 0.000441565563030487621 0.9999998992182694835 8.113756482034123355e-05 0.3889585214798839674 0.0001831471358816369292 -8.121844284544654574e-05 0.9999999799303453951 -0.1054162179764526197
0.9999990706626734616 -0.001341289353462847599 -0.0002441652302354433042 0.8352008423895281863 0.001341304930399099321 0.9999990984248474657 6.36441341468459371e-05 0.3390588837897756669 0.0002440796449025971096 -6.397157502712329008e-05 0.9999999681663818141 -0.1136414869956541562
0.9999965010306693936 -0.002637524113455165867 -0.0002034526217305551038 0.851088017037280431 0.002637572024972123681 0.9999964938507288625 0.0002355845118906401455 0.3276109517380474401 0.0002028305485644255816 -0.0002361203085311420233 0.9999999515534830907 -0.1115501775655945021
0.9999926331672632784 -0.003811252855443950267 -0.0004560294673541851309 0.8640752702095748639 0.003811232596605648466 0.9999927362012920318 -4.528518280669640699e-05 0.3288156597121996705 0.0004561987481302106663 4.354681482733623911e-05 0.9999998949931830916 -0.1064813429018268975
0.9999858079929438981 -0.004877934971608832021 -0.002142326565204205439 0.7894109794634593946 0.004876366854251904491 0.9999878391713556969 -0.0007365838075454123404 0.3888600172116953857 0.002145893520652292392 0.0007261265836892730283 0.9999974339372988963 -0.1069106141587464753
0.9999864189469390707 -0.003810744151327942388 -0.003555298959283632269 0.6966376714096012002 0.003807285241357085022 0.9999922728923555937 -0.0009791499739804487151 0.4536768462062401586 0.003559002777142484825 0.0009656006388364046181 0.9999932005342029306 -0.1217639995165259725
0.9999891009376442597 -0.003225377125985438419 -0.003375640430649748999 0.6701155154935913849 0.003226163426241377471 0.9999947700397038286 0.0002275143664362424374 0.5186579822457663136 0.003374888956550986356 -0.0002384022544404797519 0.9999942766280695006 -0.1350670496203776327
0.999986673575581575 -0.003875548448279776941 -0.003410688415594816201 0.6584821998368493023 0.003877004066733956769 0.9999923960760058739 0.0004202732861192676889 0.6015488534879889215 0.003409033691497463572 -0.0004334909382367086741 0.9999940952700154817 -0.1401142810069362921
0.9999425648213303708 -0.01044885306503239367 -0.002385063555736574581 0.6334069179267298733 0.01045163836201549665 0.99994470921567713 0.001158346720357125064 0.6201905257142084071 0.002372828289022544182 -0.001183208012261261497 0.9999964848461770917 -0.1331102196139343774
0.9999741141192978189 -0.006716544393225803988 -0.002580527608715403164 0.6353051924724204547 0.006719928443095983528 0.9999765695536876331 0.001304954159611415327 0.715078071730506637 0.002571702363257654354 -0.001322261340599718924 0.99999581897721046 -0.1337391512220459378
0.9999938478679767373 -0.00256879589289306853 -0.002388621748715648134 0.6292304840792357634 0.002572913881434660526 0.9999952064903842031 0.001722530235578299818 0.8595577176514247464 0.002384185470239789852 -0.001728665356399643844 0.9999956636784627095 -0.1284072348924766016
0.9999901920666797173 -0.00355756424890859603 -0.002638087765775423438 0.6424791153167385138 0.003563096695300211909 0.999991456749077523 0.002095416616755806701 1.033074177331838817 0.002630610648687345399 -0.002104795826849497741 0.9999943248449674194 -0.1218412291411539727
0.9999954712704052229 -0.00152003363858188318 -0.002597486557748335343 0.6764658692909053528 0.001530422319497306248 0.9999908199925425789 0.004002216656598052251 1.074635506731477452 0.002591379208855442914 -0.004006173783043607411 0.9999886175979284531 -0.1263853539287663197
0.9999999370974309576 -0.000113351655723146306 -0.0003360900717286834745 0.6114528495976427891 0.0001153981293094225534 0.9999814167743742432 0.006095308785213309974 1.230438284685751782 0.0003353929127481022009 -0.006095347185968285134 0.999981366953543116 -0.1192614003949924451
0.9999430677497463948 -0.01051872175846674251 0.001793809297037712511 0.793554435082667986 0.01050681413040133877 0.9999235244257868027 0.006523201418177486735 0.969104498350767618 -0.001862287855133937199 -0.006503982816772530852 0.9999771147838653063 -0.1163680476864641794
0.9998826475941123837 -0.01461626809768604672 0.004588654169217673898 0.8924656640492814041 0.01458045519906316784 0.9998637154278990913 0.007743442187119586873 0.866855402055081381 -0.004701209033453575444 -0.007675628809010803973 0.9999594908575096808 -0.1087973733850073343
0.9997393023242652221 -0.02168025258762115715 0.007161985473900352173 0.9915018003391831147 0.02162762684527303261 0.9997391111601936498 0.007345432163436490733 0.846677866883935093 -0.007319367816487895757 -0.007188620477043433134 0.9999473739104492997 -0.1110822113496749419
0.9996885267144705045 -0.02314251449380986744 0.009342032881295692787 1.098950866572800056 0.02307174822390264946 0.9997048243604225171 0.007613053552260861875 0.7037282025982871669 -0.00951546054294034882 -0.007395145258921352778 0.9999273812818885165 -0.1023716146736266958
0.9996515433617801927 -0.02394164567147139336 0.01111707951543808477 1.231989321872177801 0.0238467405152801501 0.9996787002955276336 0.008592388622589477651 0.5945133403186910748 -0.01131922352494879776 -0.008324288437243382993 0.9999012858281590699 -0.1050363413044743122
0.9994786187031189373 -0.03002011968168364492 0.01188625969776641207 1.296560608683265947 0.02992149868553923425 0.9995170411853949721 0.008389773322609905479 0.4485024900813602278 -0.01213238112311963712 -0.008029744347791729561 0.999894158665802224 -0.1041205832097350237
0.9993520080164373098 -0.03364414504706364495 0.01279201225635809985 1.381870812340817656 0.03354151507007289285 0.9994040565118185171 0.008154667039552511432 0.3536127230113594311 -0.01305874574064239992 -0.00772031940880906712 0.9998849262929745407 -0.1010573127171564001
0.9991827999404168104 -0.03828829581909713037 0.01295139785885055655 1.488108294903782935 0.0381798878080010784 0.9992345886254319076 0.00851663440170558235 0.2387183688899810474 -0.01326757212896843841 -0.00801519169035736119 0.9998798568988023217 -0.1053945270709113896
0.9993531736990465264 -0.03315880326955501778 0.01391862002406120055 1.523193013019121356 0.0330458508226653333 0.9994196351609268003 0.008268288710865261126 0.2587164728823597715 -0.01418470870513027782 -0.007802987923290708588 0.9998689451215192481 -0.1050060561766447825
0.9994083357351951635 -0.03112967389003771027 0.01462606804671901656 1.575283044735498406 0.03101401238177320385 0.9994863766290033036 0.008069322710696866241 0.2707143947060591804 -0.01486975114084190287 -0.007610935325310167789 0.9998604723482589218 -0.1039033230148107972
0.9993760911933756708 -0.03199304781976328865 0.01496239426870266641 1.552357064032838352 0.03187234642427112102 0.9994580049669313793 0.008237101488550854431 0.2938906038455000314 -0.01521781470714566459 -0.00775507567492246877 0.9998541278190610226 -0.1045560399036637445
0.9994289195462411346 -0.03039229331392361705 0.01476967439564889385 1.578145806917626626 0.03027659883206736818 0.9995095854185027662 0.00799476201615083662 0.3433749293920332901 -0.01500541028413117199 -0.007543020857273639336 0.9998589603031777795 -0.1077710232548287489
0.9993991592718932671 -0.03143655598334069157 0.01459669121887508143 1.556616076927194614 0.03132013557548611604 0.9994762811217529075 0.008137111438585292039 0.33114125471377448 -0.0148448494154055817 -0.007675051982695172206 0.9998603522607029115 -0.10261922029078413
0.9992393239007762995 -0.03687244639537063523 0.01269630919362314293 1.581195775883576626 0.03677519000458832205 0.9992930417146037581 0.007810389292581252675 0.2502791873009224677 -0.0129753215931624373 -0.007337538933168260766 0.9998888946037746139 -0.1136047727159614495
0.9990838136655639801 -0.04136982593352871856 0.01095768103670026125 1.593891227754530293 0.04128778038795384575 0.9991183082847426844 0.007610863345899592652 0.1971545274227620437 -0.01126287983193551175 -0.007151472048704293066 0.9999109980320388669 -0.121350071981505131
0.999066732721209716 -0.04177688574820623973 0.01097066027858895933 1.636556214578856139 0.04169178732914759211 0.9990994888291004905 0.007874407325707934516 0.1676915020408030754 -0.01128974929163688648 -0.007409671963815727368 0.9999088150038085709 -0.1197119000753544688
0.9991319321351921356 -0.03996818339096930989 0.01174421151988054406 1.637674185642439051 0.0398724220919959918 0.9991704878741157758 0.008278050369451249446 0.1797416531929754147 -0.01206532818930176193 -0.007802594301083909042 0.9998967683605428647 -0.121863133643024632
0.9992230575721938735 -0.03722561436696056325 0.01294352545014598906 1.668042876096995419 0.03711870592929154139 0.9992755240890064394 0.008404083934390656555 0.2242133029020976775 -0.01324699536540322256 -0.00791710753014291356 0.999880911169997888 -0.1134087020583874061
0.9989960109992589432 -0.04250038791925347947 0.01416640512908984122 1.72490446698093014 0.04237644533581289008 0.9990617392147166376 0.008937455900106564335 0.1570157869985736865 -0.01453295868945452853 -0.00832816090013039495 0.9998597075828948855 -0.1079092232873852808
0.9988532778856719085 -0.04554688487142453251 0.01475162823412781536 1.775584895442863909 0.04541677118000978647 0.9989272355279670279 0.009038529528418031561 0.1132030737490191674 -0.01514748007529143244 -0.008358193522684832788 0.9998503360245502014 -0.1173261544711543536
0.998872181624513189 -0.04470402993766210004 0.01599732740235434644 1.869959871354663239 0.04455825459152486234 0.9989629765737652045 0.009355927673937291383 0.1006642018824866758 -0.01639898546991125014 -0.008632562899608817869 0.9998282613195837998 -0.1190549223295699066
0.9989782407201139858 -0.04148009918834744125 0.01794090128925785593 1.893716753597000757 0.04132244024202097465 0.9991046852109221055 0.009071048562815790459 0.1360790286558389295 -0.01830110652913211067 -0.008320418313355082765 0.9997978996471738045 -0.110651329748393118
0.9990420544051045182 -0.03901189755144598287 0.01982537211412814179 1.974334520912822022 0.03883645917071232995 0.9992036075473005319 0.009158608166185347108 0.2271429007086442908 -0.02016687802089755024 -0.008379887463182659688 0.9997615088194756749 -0.1112732312966634718
0.9988728988955787313 -0.04161588083987383113 0.02282652653962920913 2.010913161808628224 0.04140592889130804283 0.9990963370002469146 0.009594709236703972272 0.2373274980378892729 -0.02320519132847037591 -0.00863874149459123962 0.9996933986181957277 -0.1087948715983569903
0.9986498313740429511 -0.04532039958174177707 0.02538849499964249135 2.056002987523364745 0.04507515768962603447 0.9989320307760849449 0.01015027333731808278 0.2294554878507202855 -0.02582139531185250608 -0.008992178341101979971 0.9996261282463713149 -0.1160941048785567448
0.9986471576334269296 -0.04446819958484400648 0.02695243544393933349 2.096051048903637692 0.0442020882661163933 0.9989685764812784585 0.01039031259792780847 0.2619187370854562658 -0.02738667456248920079 -0.009184902212363583313 0.9995827167512240097 -0.1197280586437677596
0.9988031874540154176 -0.04016924673600882206 0.02790384110406034582 2.121362364881637319 0.03990242720600279541 0.9991529956397374734 0.01005423329789261778 0.3127412381376060146 -0.02828407740706157664 -0.008928769276918806924 0.9995600472430012928 -0.1176058529022203369
0.9987727414341901477 -0.0407430973620132586 0.02816045073115757552 2.15125455470497684 0.0404760142470698206 0.9991305641393930514 0.009990399049543210314 0.3461458847744385281 -0.02854300682660195626 -0.008838315441735557221 0.9995534907854851658 -0.1182008671930173949
0.9988130721519273836 -0.03928530120087043304 0.02879430513114801526 2.124994772891647621 0.0390165072398073326 0.999190131787526914 0.009838328172541979319 0.5053013956378125116 -0.02915748722429337136 -0.008703197572240852983 0.99953694043331065 -0.1167585469314591229
0.9987371980073993516 -0.04115356090880589734 0.02881655324382198513 2.141290091636753878 0.04088531838785570971 0.9991154206547825378 0.0098370193727862279 0.5170922304718554852 -0.02919589109194120277 -0.008646423210906764578 0.9995363121512921278 -0.1302495827625138047
0.9988048199234146329 -0.03910952987492986171 0.0293151218779175958 2.155653375897188972 0.03883550642955524435 0.9991969742681900968 0.009859515893484570304 0.5709112096232888955 -0.02967718211210706655 -0.008709264392350837131 0.999521592350875121 -0.1292943553753499453
0.998815153183081339 -0.03851197011344607846 0.02975093157934542015 2.159481407790272645 0.03824277013189717606 0.9992226957787614383 0.00956529002506945232 0.6478374462481635288 -0.03009618421821493375 -0.008416198584031637023 0.9995115743686500132 -0.1291459171245179505
0.9987945297605720363 -0.03876122183875380794 0.03011735383337658251 2.193754654352471078 0.03849557992978087234 0.9992150186463744088 0.009350766674213769822 0.6326062990611939219 -0.03045615941361846241 -0.008180109601505929778 0.9995026303920763189 -0.1251537876866049004
0.9987702648745210299 -0.03976395800971778416 0.02961056645659748687 2.224921586107363236 0.03952102699105547456 0.9991804710940673795 0.008744976261245106935 0.5843145531923928937 -0.0299340346103133953 -0.007563982260613543243 0.9995232562298436152 -0.1288039940645984149
0.9986344023117712521 -0.04369177253545777906 0.02864191914172515077 2.308262000158505245 0.0434416397135015328 0.9990126959120397832 0.009298244219236476843 0.4809731026793508946 -0.02901989762927551647 -0.008041294626368034743 0.9995464887249208008 -0.1311908566547773658
0.9986513556101812572 -0.04397274619996172085 0.02760194793091828164 2.313350850064098463 0.0437328320230628842 0.9990005635122782834 0.009236531025930890329 0.4689184676735591584 -0.02798051717159525872 -0.008016962877809204538 0.9995763197300273628 -0.1306237963308401473
0.9988183799422337694 -0.04066091557384360344 0.02661829886127879685 2.324290898727085164 0.0404226453680655573 0.9991381776514905999 0.009429300117508403883 0.5166400244642670447 -0.02697876259243928848 -0.00834217621218820253 0.9996011977108798519 -0.1339444551334244005
0.9988081415812959385 -0.0408031602084704334 0.02678429442639538444 2.387217395566079592 0.0405517787723134529 0.9991287611597231555 0.009862649838563839269 0.4513724216121943744 -0.02716338619022466705 -0.008764744174171322857 0.9995925818603507151 -0.1366454612842838146
0.9987996209756769828 -0.04030011387340447226 0.02784273622750808863 2.384676340879350764 0.04001785234690204834 0.9991425063805899898 0.01062183774373330267 0.508895997801732114 -0.02824692252946336274 -0.009494881005219802175 0.9995558806801704277 -0.1298665319915180139
0.9986809556863008863 -0.0424468786214629995 0.02888963905609746863 2.424501672017263409 0.0421233772947848667 0.9990437202386924787 0.0117160632003398147 0.5028384393713468681 -0.02935932279154285923 -0.01048368002792631967 0.9995139431835325938 -0.128681578792150364
0.9986943345553653817 -0.04134040503441072795 0.03000994899373804134 2.450203383095083787 0.04097211799549933808 0.9990784858275534308 0.01278533157513114804 0.5948367130889662402 -0.03051084518624107289 -0.01153906703828495167 0.9994678275251821509 -0.1344564309242221589
0.9985957009326181799 -0.04259911543616638763 0.03149510188821602608 2.561740695786835165 0.04217325164354824435 0.9990113112305095688 0.01406473886383606368 0.4613256038619516497 -0.03206310846912527324 -0.01271673690669568313 0.9994049437929266588 -0.129366209762809381
0.9985811972722185015 -0.04241195654349261268 0.03219966454072872852 2.60411567413381162 0.04195202922873333962 0.9990095942281809194 0.0148276054586295742 0.4833518521527850331 -0.03279664156547240639 -0.01345572674359034326 0.9993714643313704737 -0.1342898800685647098
0.998667297681928301 -0.03939602990169716046 0.03334038645035990178 2.603760942029499592 0.03888828507025888365 0.999119538726778833 0.01574320865271407882 0.5718833311885676007 -0.03393125145008711596 -0.01442567718941452706 0.9993200538429406476 -0.1363220257429726967
0.9985980580035083154 -0.04054985241343325025 0.03402393305999008855 2.652895281405045047 0.04001249061431771947 0.9990657474974711239 0.01632889378244360701 0.5243389793634933849 -0.03465428034833563375 -0.01494461931826871794 0.9992876158579024892 -0.1375549167858246546
0.9985047177180029765 -0.04252660058605747112 0.03434846339336145721 2.719092279287853575 0.04198074116566755803 0.9989828256575039589 0.01645999430529385826 0.4921486716737010769 -0.03501351262116358248 -0.01499340801629226588 0.9992743625501380178 -0.1424294911774617312
0.998537094043329132 -0.04167505234614319459 0.03445086111333053869 2.700594381185873694 0.04112089219220776276 0.9990155929656312495 0.01664083041332103247 0.5507973983344689461 -0.03511045492186896239 -0.01519983629761544747 0.9992678424385050828 -0.1487182437432166549
0.9984743487087810454 -0.04266212752242124623 0.03505592454687584542 2.708442059718491279 0.04210054321791949911 0.9989753846008604388 0.0166049758301277349 0.5188847949016919259 -0.03572840930312567304 -0.0151037689608819678 0.9992473952589742137 -0.1490648658676014815
0.9984775325695672832 -0.04247037524221745214 0.03519778658628966439 2.720751767398850607 0.04190445911987858429 0.9989826596805596592 0.01666319187387677037 0.5282021046532610065 -0.03586967047045699214 -0.01516287849784635385 0.9992414392207722429 -0.1460472587676503731
0.998423032473761185 -0.0439242099691199081 0.03495871857616476841 2.799653632324609731 0.04335190936370927201 0.9989158276525548219 0.01696411564839523864 0.4223488910269562746 -0.03566595267786291934 -0.0154218365897210441 0.9992447682003545717 -0.1416832031011376336
0.9985026960065459534 -0.04237970467150272563 0.03458795599071371601 2.803607605701470717 0.04182017486030002035 0.9989848478385996433 0.01674355886733178145 0.4066268197869840062 -0.0352624310323787632 -0.0152720143021830828 0.9992613904964209315 -0.1398797384415084166
0.9984813642060442751 -0.04297390860272080199 0.0344704005291757154 2.843512809620066584 0.04242180059235139966 0.9989620133064313068 0.01659176920235265126 0.3271089057189295879 -0.0351476338853637868 -0.01510427589016972993 0.9992679844176406423 -0.1371353746312293787
0.9984592923431628853 -0.04376292342226935361 0.03411521753011216573 2.836569315656057633 0.04322313241865617661 0.9989307790771796425 0.0164030313106542161 0.3367513202037836217 -0.03479658542888364875 -0.01490319246992325396 0.9992832894113133912 -0.1381938249932301299
0.9983850401812344177 -0.0455542158967612576 0.03394296622786768802 2.852078666506892901 0.04500976657680253595 0.9988480256407489266 0.01663558193390353088 0.3054686566006804549 -0.0346616856920815633 -0.01508095115067787859 0.9992853108383882299 -0.1388476963793370822
0.9983813867164981204 -0.04557018643623172299 0.03402888135406769571 2.848576372652085631 0.04501961394347685913 0.9988452572939106044 0.01677457426708192992 0.3013931695757710028 -0.03475400722826704064 -0.01521545561685963902 0.9992800652929832994 -0.139280778830989882
0.9983913179972512264 -0.04526681002619880462 0.03414223275891034581 2.828471561587416971 0.04471325455319605235 0.9988584814138360413 0.01680651584673508933 0.3296366158724092221 -0.03486403612567937071 -0.01525286916279990773 0.9992756621510051618 -0.1382782827517682334
0.9983625313270046986 -0.04589582159812640588 0.03414424698493977173 2.869951003475077034 0.04534060766025266309 0.9988292727485919009 0.01686158941256575214 0.2826752237441240156 -0.03487814988405567307 -0.0152858581817268465 0.9992746655451210103 -0.13958649889843458
0.9983665510348413985 -0.04597383229569190072 0.03392103357569024175 2.871343727695361281 0.04542491838038159591 0.9988268244915896599 0.01677949540906655337 0.260398052142725378 -0.03465265595782203445 -0.01521122677810081425 0.9992836494284162985 -0.1406660353802357821
0.9983751012747963394 -0.04577588867310000004 0.03393707663792047691 2.878883887722142987 0.04523068799941459134 0.9988375928652537539 0.01666277114543558008 0.2541980347976898202 -0.03466038109484292917 -0.01510069850482099844 0.9992850578723904142 -0.1428590847023246679
0.9984000854292658378 -0.04533150393946215606 0.03379828642729035965 2.889122808959842637 0.04479208117112123272 0.9988592270817189256 0.01655034555744079247 0.2400837932615673131 -0.0345099823122863858 -0.01500997082933676341 0.999291630054264024 -0.1453474988726624617
0.9984076671650170542 -0.0452706325514911842 0.03365560836616215273 2.912512449092291344 0.0447224341068189965 0.9988570507998427717 0.01686700788526639821 0.2349319721225808233 -0.03438072183171624052 -0.01533498926730217718 0.9992911508016579791 -0.1449623972825285767
0.9983462567018686062 -0.04636344515572378422 0.03398797850209425014 2.89424710142397501 0.04581065337067700971 0.9988077343829663279 0.01686694324759074534 0.2536770734241758363 -0.03472946540213810163 -0.0152820381513056186 0.9992799025012080172 -0.1394276734056572598
0.9983685035447840139 -0.04598181985233045638 0.03385267157576096059 2.874779691675279025 0.04542968927332937529 0.9988245315547087388 0.01690261805299572012 0.2675691815072474555 -0.03459009196688044019 -0.01533712514079949886 0.9992838926602080063 -0.1428910255479548808
0.9983903243047427267 -0.04540483152658953553 0.03398766848009283914 2.845057284326448332 0.04484628445239710604 0.9988489028931901714 0.01701998707064661734 0.3053503343497597222 -0.03472133501876563388 -0.01546836976259338865 0.9992773180811231892 -0.1440426123816342663
0.998405081261881433 -0.04503185602141239474 0.03405033999422992647 2.815478551968434218 0.04448376376622140832 0.9988707369684572956 0.01668668898499474362 0.3691444609865667248 -0.03476332077990935271 -0.01514538779159257421 0.9992808057583190129 -0.1426552522235103315
0.998396691626249555 -0.04514915280862546315 0.03414088678436594942 2.825836062192238707 0.04459755378357019295 0.9988646126057862951 0.01674944418223999268 0.3600305165707171073 -0.03485834686672720228 -0.01519998962354240056 0.9992766663788178461 -0.1399620907984520657
0.9984426153669979653 -0.04436754989070220562 0.03382106349310950999 2.865648369250213268 0.04382368251880586207 0.998900422531023513 0.01665625161414426361 0.3169373287328817179 -0.0345228716881982936 -0.01514814787486657398 0.9992890997836219036 -0.1434655423654478401
0.9983487344350552295 -0.04639435178612505428 0.03387282943996180323 2.855430286858340772 0.04584583507811443998 0.9988073357869236002 0.01679480229767576702 0.3318998087995700952 -0.03461161449446991528 -0.01521414146683797326 0.9992850274278671785 -0.1413244338554110469
0.9983609463498197556 -0.04605709313168515617 0.03397300363158375913 2.874116819008495582 0.04549928981974367403 0.9988194769327080058 0.01701373344597095424 0.3490478658110803822 -0.03471650082297023099 -0.01544009948578250677 0.9992779232518237409 -0.1406253045920425881
0.9984078739105205491 -0.04524656577821457165 0.03368182891043355193 2.903676503931234887 0.04470503586568488202 0.9988612821657442131 0.01666129522136029426 0.3070541933319927419 -0.03439734120134642359 -0.01512902096909105563 0.9992937184045513899 -0.1442842527190211221
0.9983731971840206221 -0.04588183839677789644 0.03384990472495751773 2.822339030276965754 0.0453359051746177813 0.9988318087012776347 0.01672344547431709946 0.3751983543186470094 -0.03457766398348518372 -0.01516162365534608376 0.9992870009769859729 -0.1448913234243776604
0.998418923026912819 -0.04475154495241566444 0.03401401720102170678 2.798232156790194658 0.04420769871756854291 0.9988848262881580009 0.0165765854557883667 0.4284090413716910573 -0.03471791347238725733 -0.01504669517363484664 0.9992838753069497315 -0.1428082641691165722
0.998431786009267741 -0.04430490160572835012 0.03422052571265456894 2.748084237433627841 0.04375445134448437134 0.9989032194640914408 0.01667051684310467963 0.4871839931667737433 -0.03492157891457476487 -0.015147073578081564 0.9992752621215704734 -0.14260907284359714
0.9984355427899831437 -0.04416942007635769885 0.03428599165533987442 2.801085850717946357 0.04362154732559253567 0.9989107593417947406 0.01656669792445110076 0.4043296667949032308 -0.03498038739912519984 -0.01504517202683874205 0.9992747446503839059 -0.1387443507208281634
0.9983538319374229975 -0.04596836850339165725 0.03430066111608052332 2.818351931958309908 0.04541785860050565754 0.9988291438791274679 0.01666011578092200379 0.368713917410776193 -0.03502633831858937424 -0.01507482785393060576 0.9992726881032855113 -0.1366926424246608929
0.9983605170712308574 -0.04601255795655408154 0.03404588761597005658 2.832752250689302365 0.04545726324361496623 0.9988231737660973053 0.0169087186451649038 0.3497979471657410855 -0.03478383491889879692 -0.0153333642138771143 0.9992772251833919039 -0.1412631975335829071
0.998433849898233805 -0.04420080000262484321 0.03429484883359337072 2.827722348643574524 0.04364778553692463814 0.9989072238689846728 0.01671014422681223188 0.3518904069096657206 -0.03499597398435558282 -0.01518707942582094884 0.9992720522577422937 -0.1402113272567362956
