0.000000000000 387072 1.000000000000 0.000000000000 0.000000000000 0.000000000000 0.000000000000 1.000000000000 0.000000000000 0.000000000000 0.000000000000 0.000000000000 1.000000000000 0.000000000000 0.000000000000 0.000000000000 0.000000000000 1.000000000000 0.000000000000 0.000000000000 0.000000000000 0.000000000000 0.000000000000 0.000000000000
0.000000000000 10387072 0.999999996014 0.000089287083 -0.000000708571 -0.000009523343 -0.000089287092 0.999999995923 -0.000013469546 -0.000002906308 0.000000707368 0.000013469609 0.999999999909 -0.000005429314 0.000000000000 0.000000000000 0.000000000000 1.000000000000 -0.001836287444 -0.000560354192 -0.001046646743 0.002596672248 -0.000136461106 -0.017212740192
0.000000000000 20387072 0.999999945096 0.000331361185 -0.000002634848 -0.000035360399 -0.000331361316 0.999999943850 -0.000049988145 -0.000010780726 0.000002618284 0.000049989015 0.999999998747 -0.000020149021 0.000000000000 0.000000000000 0.000000000000 1.000000000000 -0.003262441907 -0.000994709346 -0.001858024467 0.004609885293 -0.000242125358 -0.030557416177
0.000000000000 30387072 0.999999763628 0.000687541526 -0.000005483477 -0.000073412517 -0.000687542091 0.999999758264 -0.000103720538 -0.000022353562 0.000005412163 0.000103724283 0.999999994606 -0.000041806910 0.000000000000 0.000000000000 0.000000000000 1.000000000000 -0.004278463367 -0.001303064817 -0.002434133177 0.006039639169 -0.000316992774 -0.040034027949
0.000000000000 40387072 0.999999373714 0.001119147281 -0.000008958239 -0.000119580853 -0.001119148778 0.999999359501 -0.000168831503 -0.000036355763 0.000008769286 0.000168841423 0.999999985708 -0.000068050739 0.000000000000 0.000000000000 0.000000000000 1.000000000000 -0.004884351788 -0.001485419525 -0.002774972881 0.006885933931 -0.000361063383 -0.045642575500
0.000000000000 50387072 0.999998739843 0.001587497641 -0.000012756524 -0.000169765201 -0.001587500650 0.999998711243 -0.000239486151 -0.000051523154 0.000012376324 0.000239506100 0.999999971242 -0.000096528019 0.000000000000 0.000000000000 0.000000000000 1.000000000000 -0.005080107118 -0.001541771962 -0.002880543592 0.007148769660 -0.000374337226 -0.047383058818
0.000000000000 60387072 0.999997890584 0.002053911905 -0.000016566055 -0.000219863301 -0.002053916939 0.999997842707 -0.000309850107 -0.000066598970 0.000015929615 0.000309883479 0.999999951859 -0.000124885895 0.000000000000 0.000000000000 0.000000000000 1.000000000000 -0.004865729290 -0.001472120187 -0.002750845324 0.006828146455 -0.000356814354 -0.045255477887
0.000000000000 70387072 0.999996925314 0.002479709576 -0.000020063875 -0.000265770638 -0.002479716909 0.999996855526 -0.000374089576 -0.000080334648 0.000019136179 0.000374138178 0.999999929827 -0.000150771104 0.000000000000 0.000000000000 0.000000000000 1.000000000000 -0.004241218221 -0.001276461828 -0.002385878097 0.005924064443 -0.000308494833 -0.039259832688
0.000000000000 80387072 0.999996005997 0.002826210407 -0.000022917588 -0.000303380707 -0.002826219922 0.999995915336 -0.000426371281 -0.000091488906 0.000021712479 0.000426434349 0.999999908841 -0.000171830026 0.000000000000 0.000000000000 0.000000000000 1.000000000000 -0.003206573814 -0.000954794082 -0.001785641933 0.004436523768 -0.000229378738 -0.029396123197
0.000000000000 90387072 0.999995333981 0.003054734360 -0.000024788853 -0.000328585764 -0.003054745461 0.999995228057 -0.000460862284 -0.000098825093 0.000023380923 0.000460935857 0.999999893496 -0.000185708819 0.000000000000 0.000000000000 0.000000000000 1.000000000000 -0.001761795960 -0.000507113716 -0.000950136857 0.002365524601 -0.000119466156 -0.015664349389
0.000000000000 100387072 0.999995087939 0.003134241018 -0.000025114758 -0.000382205886 -0.003134252548 0.999994976330 -0.000473048590 -0.000102766045 0.000023631983 0.000473124982 0.999999887797 -0.000193565866 0.000000000000 0.000000000000 0.000000000000 1.000000000000 -0.080331918408 -0.002900107705 -0.006154184702 0.002070696706 0.000426653543 -0.011733349688
0.000000000000 110387071 0.999992991910 0.003743808999 -0.000005020419 -0.004720983767 -0.003743811282 0.999992823466 -0.000580425153 -0.000249272048 0.000002847382 0.000580439881 0.999999831541 -0.000513783001 0.000000000000 0.000000000000 0.000000000000 1.000000000000 -0.782569774722 -0.025806282740 -0.056487072326 0.019026778565 0.003418329907 -0.108178137755
0.000000000000 120387071 0.999986176926 0.005257811505 0.000037088918 -0.015937766680 -0.005257778250 0.999985819920 -0.000846005848 -0.000583169594 -0.000041536532 0.000845799149 0.999999641449 -0.001294764897 0.000000000000 0.000000000000 0.000000000000 1.000000000000 -1.455820707658 -0.043214718699 -0.098363988278 0.033704451617 0.004981457544 -0.192618731624
0.000000000000 130387072 0.999971447858 0.007556190161 0.000086361980 -0.033743393498 -0.007556076616 0.999970674814 -0.001247084199 -0.001021443476 -0.000095782653 0.001246396035 0.999999218661 -0.002451567218 0.000000000000 0.000000000000 0.000000000000 1.000000000000 -2.100081167622 -0.055035138464 -0.131769471698 0.046102071294 0.005116300818 -0.265055408502
0.000000000000 140387072 0.999944667143 0.010518855466 0.000127792779 -0.057848557347 -0.010518614225 0.999943127366 -0.001760905610 -0.001470073173 -0.000146308222 0.001759463972 0.999998441439 -0.003899493422 0.000000000000 0.000000000000 0.000000000000 1.000000000000 -2.715344888044 -0.061121253499 -0.156678409172 0.056216974071 0.003823295975 -0.325488608388
0.000000000000 150387072 0.999901624687 0.014025673673 0.000146377927 -0.087963430374 -0.014025288518 0.999898844825 -0.002364614121 -0.001829040858 -0.000179528427 0.002362328508 0.999997193583 -0.005554494925 0.000000000000 0.000000000000 0.000000000000 1.000000000000 -3.301602725239 -0.061270814120 -0.173055983809 0.064045484563 0.001103059748 -0.373918967152
0.000000000000 160387072 0.999838761652 0.017956461418 0.000127247064 -0.123797385913 -0.017955992690 0.999834171142 -0.003035217160 -0.001996974189 -0.000181727723 0.003032442919 0.999995385622 -0.007333548209 0.000000000000 0.000000000000 0.000000000000 1.000000000000 -3.858841879770 -0.055225660989 -0.180857593882 0.069582912051 -0.003043601105 -0.410347286518
0.000000000000 170387072 0.999753748036 0.022190993162 0.000055766315 -0.165058865422 -0.022190628153 0.999746726303 -0.003749569166 -0.001875424028 -0.000138958855 0.003747408338 0.999992968786 -0.009155014287 0.000000000000 0.000000000000 0.000000000000 1.000000000000 -4.387045481743 -0.042671789587 -0.180028801201 0.072823553631 -0.008615680600 -0.434774542586
0.000000000000 180387072 0.999645913953 0.026609019697 -0.000082385517 -0.211455391122 -0.026609121554 0.999635856221 -0.004484373725 -0.001372775323 -0.000036969272 0.004484978077 0.999989941752 -0.010938981402 0.000000000000 0.000000000000 0.000000000000 1.000000000000 -4.886192228087 -0.023239413108 -0.170505300624 0.073760695841 -0.015611966506 -0.447201887247
0.000000000000 190387072 0.999516534538 0.031090295644 -0.000301168417 -0.262693725408 -0.031091444283 0.999502933117 -0.005216203809 -0.000407789237 0.000138845397 0.005223045715 0.999986350165 -0.012607590619 0.000000000000 0.000000000000 0.000000000000 1.000000000000 -5.356256217949 0.003496982691 -0.152212927344 0.072386615887 -0.024031036888 -0.447630650550
0.000000000000 200387072 0.999368980512 0.035514301318 -0.000612530103 -0.318457863585 -0.035517310055 0.999351519311 -0.005921278297 0.001088475776 0.000401842827 0.005939297277 0.999982281478 -0.014086602807 0.000000000000 0.000000000000 0.000000000000 1.000000000000 -5.757475981645 0.040401001711 -0.128244818825 0.068233939380 -0.030972261280 -0.435517069849
0.000000000000 210387072 0.999208980072 0.039757328302 -0.000876920419 -0.376372745852 -0.039762235357 0.999187644326 -0.006558663385 0.003253329810 0.000615453114 0.006588343668 0.999978107233 -0.015430828258 0.000000000000 0.000000000000 0.000000000000 1.000000000000 -5.826438646354 0.094105780501 -0.124056852590 0.060085475457 -0.017022207190 -0.414105875091
0.000000000000 220387072 0.999040264057 0.043789490917 -0.001015518589 -0.434923003395 -0.043795626994 0.999015140430 -0.007119848915 0.006065746060 0.000702743887 0.007157491013 0.999974137902 -0.016681580548 0.000000000000 0.000000000000 0.000000000000 1.000000000000 -5.886139808677 0.137617794301 -0.117276363251 0.053122012127 -0.005594573475 -0.393304324482
0.000000000000 230387072 0.998865117193 0.047616894523 -0.001053095622 -0.494014905288 -0.047623552006 0.998836311101 -0.007617146525 0.009403872261 0.000689165284 0.007658654111 0.999970434597 -0.017809162998 0.000000000000 0.000000000000 0.000000000000 1.000000000000 -5.936625280303 0.170861113792 -0.107761593249 0.047333414820 0.003306251605 -0.373113719124
0.000000000000 240387072 0.998685565502 0.051245603934 -0.001014561850 -0.553555791294 -0.051252133922 0.998653199634 -0.008062606898 0.013145537958 0.000600022278 0.008104007589 0.999966981972 -0.018786820084 0.000000000000 0.000000000000 0.000000000000 1.000000000000 -5.977939019495 0.193761694171 -0.095369827070 0.042709982714 0.009676134487 -0.353535320664
0.000000000000 250387072 0.998503410710 0.054681653820 -0.000924951687 -0.613453948733 -0.054687537442 0.998467608603 -0.008468046960 0.017168370760 0.000460487486 0.008505957102 0.999963717664 -0.019590784856 0.000000000000 0.000000000000 0.000000000000 1.000000000000 -6.010123009137 0.206247359094 -0.079957342443 0.039242452597 0.013511186573 -0.334570347063
0.000000000000 260387072 0.998320258006 0.057931056526 -0.000809409535 -0.673618502683 -0.057935956595 0.998281117505 -0.008845075809 0.021349901751 0.000295613669 0.008877112280 0.999960553967 -0.020200316226 0.000000000000 0.000000000000 0.000000000000 1.000000000000 -6.033217161923 0.208247776532 -0.061379385523 0.036922002521 0.014807755416 -0.316219970532
0.000000000000 270387072 0.998137537133 0.060999807144 -0.000693176776 -0.733959318895 -0.061003606250 0.998095098577 -0.009205119294 0.025567660750 0.000130345841 0.009230261384 0.999957391735 -0.020597726507 0.000000000000 0.000000000000 0.000000000000 1.000000000000 -6.047259253008 0.199694426453 -0.039490168467 0.035740255244 0.013562416785 -0.298485317435
0.000000000000 280387072 0.997956516821 0.063893885752 -0.000601579758 -0.794386918731 -0.063896716857 0.997910730787 -0.009559443213 0.029699262083 -0.000010467077 0.009578347623 0.999954126521 -0.020768399485 0.000000000000 0.000000000000 0.000000000000 1.000000000000 -6.052284880414 0.180520560224 -0.014142887783 0.035689281492 0.009771967575 -0.281367470026
0.000000000000 290387072 0.997778312560 0.066619256711 -0.000560018747 -0.854812405382 -0.066621532325 0.997729012005 -0.009919175092 0.033622481524 -0.000102061121 0.009934447092 0.999950646954 -0.020700799241 0.000000000000 0.000000000000 0.000000000000 1.000000000000 -6.048327453477 0.150661151566 0.014810238188 0.036761603043 0.003433419544 -0.264867469824
0.000000000000 300387072 0.997603941571 0.069181098458 -0.000592771201 -0.915150512456 -0.069183532323 0.997550826667 -0.010295002276 0.037217090160 -0.000120900165 0.010311344854 0.999946829362 -0.020387694469 0.000000000000 0.000000000000 0.000000000000 1.000000000000 -6.041101357694 0.114677463447 0.043273126104 0.038349750604 -0.003269221087 -0.247544078288
0.000000000000 310387072 0.997439574190 0.071511773744 -0.000601710317 -0.975645115005 -0.071514120789 0.997382592296 -0.010662790996 0.040564689325 -0.000162379702 0.010678520495 0.999942969790 -0.019944616550 0.000000000000 0.000000000000 0.000000000000 1.000000000000 -6.075506698704 0.111753738194 0.039909171226 0.035505793500 0.006122046445 -0.220244837484
0.000000000000 320387072 0.997288751567 0.073585821003 -0.000522441944 -1.036476266849 -0.073587109472 0.997228097309 -0.011002693131 0.043760933923 -0.000288648422 0.011011307089 0.999939332059 -0.019433230354 0.000000000000 0.000000000000 0.000000000000 1.000000000000 -6.107429986080 0.108032150977 0.039418675897 0.032725779317 0.013980232019 -0.195966986353
0.000000000000 330387072 0.997150776339 0.075433361675 -0.000370396510 -1.097619383666 -0.075432716736 0.997086689279 -0.011315445599 0.046798453198 -0.000484244670 0.011311145378 0.999935909695 -0.018830371824 0.000000000000 0.000000000000 0.000000000000 1.000000000000 -6.136875979955 0.103322471955 0.041894281930 0.030006216398 0.020306244184 -0.174711054486
0.000000000000 340387072 0.997024552089 0.077084477010 -0.000161045011 -1.159049552781 -0.077081152921 0.996957319479 -0.011601681016 0.049673242682 -0.000733754511 0.011579574353 0.999932685265 -0.018114665195 0.000000000000 0.000000000000 0.000000000000 1.000000000000 -6.163849357313 0.097434118251 0.047428797414 0.027343749570 0.025100931101 -0.156477532404
0.000000000000 350387072 0.996908657085 0.078569213505 0.000090105926 -1.220741554735 -0.078562620524 0.996838607150 -0.011861953934 0.052384739001 -0.001021805457 0.011818205609 0.999929640490 -0.017266553079 0.000000000000 0.000000000000 0.000000000000 1.000000000000 -6.188354511507 0.090176161566 0.056115220645 0.024735159252 0.028365077365 -0.141266870838
0.000000000000 360387072 0.996801406515 0.079917588172 0.000367518656 -1.282669890667 -0.079907314552 0.996728894645 -0.012096762441 0.054935887099 -0.001333060543 0.012028702387 0.999926763952 -0.016268323150 0.000000000000 0.000000000000 0.000000000000 1.000000000000 -6.210395399425 0.081357335888 0.068046762928 0.022177360854 0.030099401625 -0.129079480365
0.000000000000 370387072 0.996700903254 0.081159593416 0.000655628871 -1.344808814136 -0.081145422826 0.996626293457 -0.012306565097 0.057333199733 -0.001652212792 0.012212763267 0.999924056419 -0.015104131345 0.000000000000 0.000000000000 0.000000000000 1.000000000000 -6.229975436418 0.070786045420 0.083316870266 0.019667404429 0.030304554965 -0.119915731397
0.000000000000 380387072 0.996605077142 0.082325201342 0.000938849762 -1.407132365847 -0.082307126040 0.996528721165 -0.012491793194 0.059586809133 -0.001963980143 0.012372110494 0.999921533753 -0.013760021522 0.000000000000 0.000000000000 0.000000000000 1.000000000000 -6.247097439155 0.058270372754 0.102019243949 0.017202474545 0.028981119985 -0.113775954468
0.000000000000 390387072 0.996511712812 0.083444367353 0.001201576006 -1.469614409790 -0.083422597445 0.996433929276 -0.012652858317 0.061710510714 -0.002253100858 0.012508482922 0.999919227434 -0.012223941525 0.000000000000 0.000000000000 0.000000000000 1.000000000000 -6.261763616536 0.043618087233 0.124247860093 0.014779890370 0.026129610553 -0.110660440820
0.000000000000 400387072 0.996418516168 0.084546434352 0.001428662506 -1.532229996288 -0.084521398266 0.996339577002 -0.012789860642 0.063721923069 -0.002504770110 0.012623301410 0.999917185765 -0.010487665173 0.000000000000 0.000000000000 0.000000000000 1.000000000000 -6.276252259105 0.028509731140 0.145475995805 0.011878278421 0.022580463559 -0.109487974057
0.000000000000 410387072 0.996328286665 0.085599176973 0.001651088424 -1.595079427697 -0.085571012575 0.996248853099 -0.012877286449 0.065644401467 -0.002747180070 0.012688719436 0.999915721149 -0.008720002961 0.000000000000 0.000000000000 0.000000000000 1.000000000000 -6.306492667302 0.026121820029 0.133621604642 0.005443081486 0.024499951755 -0.101283049784
0.000000000000 420387072 0.996243849560 0.086571468266 0.001890263618 -1.658224825954 -0.086540110847 0.996164777755 -0.012905222801 0.067468884819 -0.003000238123 0.012693165220 0.999914937446 -0.007019489692 0.000000000000 0.000000000000 0.000000000000 1.000000000000 -6.334821103301 0.022064392537 0.124718173790 -0.000040848496 0.025733963273 -0.093313192921
0.000000000000 430387072 0.996165245905 0.087465570384 0.002139357170 -1.721647229831 -0.087431055502 0.996087262640 -0.012883157253 0.069172903957 -0.003257819125 0.012646707258 0.999914720069 -0.005365501988 0.000000000000 0.000000000000 0.000000000000 1.000000000000 -6.361237657460 0.016321858120 0.118808316613 -0.004574238827 0.026281579884 -0.085578660932
0.000000000000 440387072 0.996092496042 0.088283747173 0.002391508593 -1.785327689154 -0.088246202959 0.996016185020 -0.012820563224 0.070734147237 -0.003513828627 0.012559425270 0.999914953306 -0.003738235906 0.000000000000 0.000000000000 0.000000000000 1.000000000000 -6.385742319243 0.008878772560 0.115935020254 -0.008157766249 0.026141947079 -0.078079685070
0.000000000000 450387072 0.996025601637 0.089028266135 0.002639832025 -1.849247256897 -0.088987902250 0.995951393995 -0.012726902746 0.072130477561 -0.003762198470 0.012441407851 0.999915525049 -0.002118719191 0.000000000000 0.000000000000 0.000000000000 1.000000000000 -6.408334971552 -0.000280154193 0.116141649238 -0.010792056614 0.025314273771 -0.070816470221
0.000000000000 460387072 0.995964547232 0.089701399707 0.002877420211 -1.913386983146 -0.089658494220 0.995892715721 -0.012611629058 0.073339946910 -0.003996882607 0.012302750261 0.999916330132 -0.000488824139 0.000000000000 0.000000000000 0.000000000000 1.000000000000 -6.429015387135 -0.011170052865 0.119471947834 -0.012477684591 0.023797832048 -0.063789194851
0.000000000000 470387072 0.995909301339 0.090305425861 0.003097348249 -1.977727910879 -0.090260311317 0.995839957636 -0.012484189029 0.074340808480 -0.004211853156 0.012153552356 0.999917272307 0.001168718914 0.000000000000 0.000000000000 0.000000000000 1.000000000000 -6.447783227120 -0.023805892438 0.125970041244 -0.013215173396 0.021591956969 -0.056998011026
0.000000000000 480387072 0.995859817049 0.090842628015 0.003292677128 -2.042251073492 -0.090795677955 0.995792911664 -0.012354025432 0.075111526540 -0.004401096682 0.012003916654 0.999918264826 0.002870307529 0.000000000000 0.000000000000 0.000000000000 1.000000000000 -6.464638041750 -0.038202480491 0.135680435646 -0.013004994553 0.018696046408 -0.050443044513
0.000000000000 490387072 0.995816032178 0.091315294244 0.003456457033 -2.106937494003 -0.091266911455 0.995751356419 -0.012230579042 0.075630784082 -0.004558610703 0.011863946535 0.999919229659 0.004631452530 0.000000000000 0.000000000000 0.000000000000 1.000000000000 -6.479579273354 -0.054374466356 0.148648017160 -0.011847567676 0.015109560920 -0.044124394945
0.000000000000 500387072 0.995777949647 0.091724829952 0.003581977963 -2.171769239993 -0.091675435111 0.995715140853 -0.012123236899 0.075876597861 -0.004678631535 0.011743672594 0.999920095088 0.006464908980 0.000000000000 0.000000000000 0.000000000000 1.000000000000 -6.494363036479 -0.070475154891 0.160721734644 -0.009834569096 0.011254448686 -0.036460972373
0.000000000000 510387072 0.995752772406 0.091993576250 0.003687570371 -2.236828807257 -0.091943348130 0.995691510805 -0.012034784815 0.075753288274 -0.004778805408 0.011644622779 0.999920779752 0.008215725152 0.000000000000 0.000000000000 0.000000000000 1.000000000000 -6.521633410448 -0.072474484441 0.143510876619 -0.008022789666 0.010554822610 -0.017616520968
0.000000000000 520387072 0.995743927827 0.092085122223 0.003789519929 -2.302169891512 -0.092034043744 0.995683976401 -0.011964695196 0.075225597654 -0.004874934691 0.011565007747 0.999921239702 0.009810539923 0.000000000000 0.000000000000 0.000000000000 1.000000000000 -6.547988731670 -0.074153194035 0.130436499836 -0.006034394229 0.010094531427 -0.000883743853
0.000000000000 530387072 0.995749512021 0.092020528552 0.003889940173 -2.367781613101 -0.091968541215 0.995690627405 -0.011914777555 0.074322043240 -0.004969581099 0.011506381814 0.999921450136 0.011295636775 0.000000000000 0.000000000000 0.000000000000 1.000000000000 -6.573427461361 -0.075648835773 0.121483017086 -0.003869578797 0.009873410588 0.013737323967
0.000000000000 540387072 0.995767545148 0.091820848919 0.003990956577 -2.433652927844 -0.091767852929 0.995709477734 -0.011886846486 0.073073786712 -0.005065293624 0.011470294429 0.999921384483 0.012717577109 0.000000000000 0.000000000000 0.000000000000 1.000000000000 -6.597948055157 -0.077099474237 0.116634819414 -0.001528569685 0.009891367076 0.026246653096
0.000000000000 550387072 0.995796002191 0.091507133084 0.004094705657 -2.499772692097 -0.091452986973 0.995738495860 -0.011882720046 0.071514665984 -0.005164609697 0.011458292053 0.999921014056 0.014123204018 0.000000000000 0.000000000000 0.000000000000 1.000000000000 -6.621548874854 -0.078643683587 0.115876260213 0.000988376544 0.010148379259 0.036644219731
0.000000000000 560387072 0.995832839241 0.091100429613 0.004203333688 -2.566129720864 -0.091044949296 0.995775630746 -0.011904218591 0.069681223878 -0.005270056683 0.011471919496 0.999920307607 0.015559646737 0.000000000000 0.000000000000 0.000000000000 1.000000000000 -6.644228119462 -0.080420544693 0.119191637523 0.003680973079 0.010644496763 0.044930005669
0.000000000000 570387072 0.995876015267 0.090621788212 0.004318995038 -2.632712838310 -0.090564745380 0.995818833304 -0.011953164056 0.067612733607 -0.005384153701 0.011512720704 0.999919230814 0.017074325838 0.000000000000 0.000000000000 0.000000000000 1.000000000000 -6.665983775781 -0.082569642261 0.126565174521 0.006548902818 0.011379840360 0.051103998312
0.000000000000 580387072 0.995923509404 0.090092261665 0.004443850114 -2.699510920006 -0.090033381452 0.995866073389 -0.012031379676 0.065351221018 -0.005509413770 0.011582239017 0.999917745667 0.018714959229 0.000000000000 0.000000000000 0.000000000000 1.000000000000 -6.686813588623 -0.085231062027 0.137980998190 0.009591818305 0.012354601887 0.055166190700
0.000000000000 590387072 0.995973333741 0.089532907359 0.004580062926 -2.766512926245 -0.089471865192 0.995915352317 -0.012140690172 0.062941483586 -0.005648346271 0.011682016892 0.999915809789 0.020529569009 0.000000000000 0.000000000000 0.000000000000 1.000000000000 -6.706715050871 -0.088545388046 0.153423116168 0.012809341663 0.013569044200 0.057116581555
0.000000000000 600387072 0.996023532110 0.088964887855 0.004729927227 -2.833709070574 -0.088901304693 0.995964703815 -0.012282783839 0.060432770992 -0.005803577057 0.011813445042 0.999913376753 0.022564746443 0.000000000000 0.000000000000 0.000000000000 1.000000000000 -6.727747878812 -0.090175573571 0.169105572984 0.015951058621 0.015254128499 0.056781833392
0.000000000000 610387072 0.996071546457 0.088416119835 0.004905516486 -2.901195118624 -0.088349524655 0.996011787005 -0.012445145218 0.058028694234 -0.005986303692 0.011962854994 0.999910523131 0.024691659444 0.000000000000 0.000000000000 0.000000000000 1.000000000000 -6.763255110148 -0.072882416079 0.157902548536 0.017003214517 0.018336222122 0.053682560427
0.000000000000 620387072 0.996115989406 0.087902545256 0.005106680697 -2.969018293921 -0.087832515052 0.996055356543 -0.012616497227 0.055858665148 -0.006195558881 0.012118962009 0.999907368615 0.026806234840 0.000000000000 0.000000000000 0.000000000000 1.000000000000 -6.796029221854 -0.056342757318 0.149132005417 0.017735344134 0.020438991227 0.049777902617
0.000000000000 630387072 0.996156258465 0.087432081587 0.005323516729 -3.037151252205 -0.087358317007 0.996094797710 -0.012793686884 0.053943702673 -0.006421305994 0.012279457796 0.999903986263 0.028907121580 0.000000000000 0.000000000000 0.000000000000 1.000000000000 -6.826067298395 -0.040610715855 0.142859461841 0.018147797969 0.021562410434 0.045067751845
0.000000000000 640387072 0.996191768950 0.087012643254 0.005546114873 -3.105566710691 -0.086934977021 0.996129507688 -0.012973576398 0.052306002622 -0.006653513853 0.012442018652 0.999900458508 0.030991665218 0.000000000000 0.000000000000 0.000000000000 1.000000000000 -6.853366581960 -0.025740794841 0.139150734802 0.018240871355 0.021706473013 0.039551999432
0.000000000000 650387072 0.996221951330 0.086652141021 0.005764559441 -3.174237432698 -0.086570547031 0.996158891890 -0.013153041274 0.050968943261 -0.006882156332 0.012604307380 0.999896878363 0.033055888233 0.000000000000 0.000000000000 0.000000000000 1.000000000000 -6.877924486369 -0.011787883398 0.138071939415 0.018014804455 0.020871190802 0.033230536130
0.000000000000 660387072 0.996246246941 0.086358481551 0.005968929590 -3.243136210037 -0.086273084108 0.996182359601 -0.013328967626 0.049957088637 -0.007097211768 0.012763976009 0.999893349564 0.035094472386 0.000000000000 0.000000000000 0.000000000000 1.000000000000 -6.899738618312 0.001192743361 0.139689489647 0.017469782270 0.019056594125 0.026103252146
0.000000000000 670387072 0.996264102070 0.086139567159 0.006149300398 -3.312235842885 -0.086050649791 0.996199318888 -0.013498248675 0.049296189582 -0.007288662167 0.012918669301 0.999889985642 0.037100743045 0.000000000000 0.000000000000 0.000000000000 1.000000000000 -6.918806805982 0.013145425697 0.144070100423 0.016605934664 0.016262731713 0.018170037165
0.000000000000 680387072 0.996274960404 0.086003295735 0.006295744164 -3.381509116871 -0.085911309068 0.996209170811 -0.013657780448 0.049013182364 -0.007446492205 0.013066029052 0.999886907924 0.039066655451 0.000000000000 0.000000000000 0.000000000000 1.000000000000 -6.935127135195 0.024014122011 0.151280791106 0.015423336398 0.012489670628 0.009430780392
0.000000000000 690387072 0.996278253842 0.085957560871 0.006398331947 -3.450928777126 -0.085863128985 0.996211302916 -0.013804456670 0.049136184896 -0.007560688030 0.013203699185 0.999884242462 0.040982782871 0.000000000000 0.000000000000 0.000000000000 1.000000000000 -6.948697993057 0.033742413046 0.161388890331 0.013922007187 0.007737496205 -0.000114629422
0.000000000000 700387072 0.996273424092 0.086009829726 0.006447762326 -3.520469712003 -0.085913746538 0.996205119847 -0.013935111975 0.049693800630 -0.007621850449 0.013329230304 0.999882112559 0.042838742904 0.000000000000 0.000000000000 0.000000000000 1.000000000000 -6.963434683072 0.043735782436 0.171374685049 0.012017959762 0.003104160395 -0.009699487732
0.000000000000 710387072 0.996263121665 0.086125658868 0.006493326980 -3.590309071235 -0.086028133753 0.996193735595 -0.014042840298 0.050637530398 -0.007678060534 0.013431755111 0.999880310508 0.044665575483 0.000000000000 0.000000000000 0.000000000000 1.000000000000 -7.005315052868 0.063267479902 0.159684509163 0.009408790372 0.006202997499 -0.013339996192
0.000000000000 720387072 0.996249684309 0.086275495170 0.006565473832 -3.660543171461 -0.086176349273 0.996179755673 -0.014125551815 0.051895794547 -0.007759081095 0.013506787970 0.999878674310 0.046486495189 0.000000000000 0.000000000000 0.000000000000 1.000000000000 -7.043018088262 0.080358844603 0.150154911719 0.006968543883 0.008518567376 -0.016453228553
0.000000000000 730387072 0.996233607582 0.086453981317 0.006656443366 -3.731130654865 -0.086353128322 0.996163603831 -0.014184908554 0.053429697336 -0.007857248431 0.013556677914 0.999877232530 0.048298309851 0.000000000000 0.000000000000 0.000000000000 1.000000000000 -7.076542397605 0.095046362563 0.142840293861 0.004697142425 0.010050801707 -0.019039261399
0.000000000000 740387072 0.996215389646 0.086655758051 0.006758478321 -3.802030197928 -0.086553208212 0.996145702510 -0.014222570780 0.055199611371 -0.007964896787 0.013583775910 0.999876013039 0.050096717482 0.000000000000 0.000000000000 0.000000000000 1.000000000000 -7.105886580648 0.107366615390 0.137795294756 0.002594495924 0.010799639810 -0.021098156107
0.000000000000 750387072 0.996195533742 0.086875465397 0.006863822871 -3.873200523447 -0.086771327489 0.996126474678 -0.014240195595 0.057165163212 -0.008074359299 0.013590436230 0.999875044576 0.051876296719 0.000000000000 0.000000000000 0.000000000000 1.000000000000 -7.131049222379 0.117356285842 0.135074787783 0.000660502094 0.010765028644 -0.022629958834
0.000000000000 760387072 0.996174549785 0.087107743684 0.006964721904 -3.944600410187 -0.087002225183 0.996106345365 -0.014239435952 0.059285221128 -0.008177968819 0.013579017395 0.999874357663 0.053630499891 0.000000000000 0.000000000000 0.000000000000 1.000000000000 -7.152028890948 0.125052162911 0.134733877173 -0.001104953569 0.009946922808 -0.023634700513
0.000000000000 770387072 0.996152955078 0.087347234358 0.007053420374 -4.016188699994 -0.087240640162 0.996085742858 -0.014221940071 0.061517885014 -0.008268058606 0.013551882720 0.999873984901 0.055351648703 0.000000000000 0.000000000000 0.000000000000 1.000000000000 -7.168824139720 0.130491146358 0.136827895082 -0.002701997778 0.008345284550 -0.024112396855
0.000000000000 780387072 0.996131274154 0.087588580589 0.007122162752 -4.087924302240 -0.087481310585 0.996065099584 -0.014189351270 0.063820478488 -0.008336962888 0.013511400428 0.999873960611 0.057030932513 0.000000000000 0.000000000000 0.000000000000 1.000000000000 -7.181433513488 0.133710250721 0.141412399127 -0.004130769455 0.005960083764 -0.024063048358
0.000000000000 790387072 0.996110037734 0.087826427670 0.007163192546 -4.159766195434 -0.087718973466 0.996044852668 -0.014143308206 0.066149543192 -0.008377017299 0.013459943373 0.999874319855 0.058658409183 0.000000000000 0.000000000000 0.000000000000 1.000000000000 -7.189855558873 0.134746608751 0.148543170349 -0.005391419723 0.002791297989 -0.023486640326
0.000000000000 800387072 0.996089799090 0.088055182674 0.007169166897 -4.231675283160 -0.087948117547 0.996025464775 -0.014085529419 0.068459992020 -0.008380976656 0.013399937437 0.999875092653 0.060222915270 0.000000000000 0.000000000000 0.000000000000 1.000000000000 -7.197286714624 0.133992631850 0.155128141408 -0.006337526344 -0.000455864717 -0.021962396035
0.000000000000 810387072 0.996072540451 0.088250156118 0.007169665598 -4.303779423255 -0.088143579036 0.996009040432 -0.014025008107 0.070640895803 -0.008378760907 0.013337965469 0.999875939826 0.061709331306 0.000000000000 0.000000000000 0.000000000000 1.000000000000 -7.225989188549 0.134211443635 0.140712006959 -0.006026439437 0.001031195761 -0.017245176947
0.000000000000 820387072 0.996059129747 0.088400273067 0.007183437126 -4.376163224457 -0.088293981666 0.995996520714 -0.013967946433 0.072634814996 -0.008389448663 0.013278646303 0.999876639743 0.063121423194 0.000000000000 0.000000000000 0.000000000000 1.000000000000 -7.252811665529 0.133023029126 0.129235817939 -0.005580922738 0.002070161367 -0.012921940505
0.000000000000 830387072 0.996049276308 0.088509398322 0.007205940193 -4.448808057496 -0.088403240633 0.995987560096 -0.013915717008 0.074438315915 -0.008408698530 0.013223711390 0.999877206084 0.064470936183 0.000000000000 0.000000000000 0.000000000000 1.000000000000 -7.277754247721 0.130398938995 0.120731893247 -0.005001049956 0.002660988977 -0.008992662784
0.000000000000 840387072 0.996042682396 0.088581396743 0.007232634168 -4.521695268314 -0.088475269872 0.995981806215 -0.013869690304 0.076048497456 -0.008432168582 0.013174894275 0.999877652863 0.065768973564 0.000000000000 0.000000000000 0.000000000000 1.000000000000 -7.300816996697 0.126310675311 0.115232654904 -0.004286879525 0.002803643043 -0.005457323245
0.000000000000 850387072 0.996039045013 0.088620133322 0.007258979246 -4.594806179856 -0.088513982267 0.995978901314 -0.013831235679 0.077462999728 -0.008455516124 0.013133929617 0.999877994627 0.067025989075 0.000000000000 0.000000000000 0.000000000000 1.000000000000 -7.321999928029 0.120729690448 0.112770627090 -0.003438454599 0.002498095582 -0.002315904735
0.000000000000 860387072 0.996038057371 0.088629473161 0.007280436552 -4.668122094513 -0.088523289906 0.995978483507 -0.013801722210 0.078680011841 -0.008474397525 0.013102552383 0.999878246442 0.068251780157 0.000000000000 0.000000000000 0.000000000000 1.000000000000 -7.341303007560 0.113627385693 0.113378434899 -0.002455803042 0.001744326164 0.000431606508
0.000000000000 870387072 0.996039410001 0.088613281357 0.007292468197 -4.741624297164 -0.088507104382 0.995980187872 -0.013782519358 0.079698278838 -0.008484468111 0.013082497205 0.999878423643 0.069455482049 0.000000000000 0.000000000000 0.000000000000 1.000000000000 -7.358726149397 0.104975109522 0.117088802838 -0.001338937433 0.000542321915 0.002785220855
0.000000000000 880387072 0.996042791522 0.088575422799 0.007290537279 -4.815294058751 -0.088469337146 0.995983647371 -0.013774997450 0.080517107796 -0.008481382134 0.013075497913 0.999878541380 0.070645562735 0.000000000000 0.000000000000 0.000000000000 1.000000000000 -7.374269215619 0.094744155598 0.123934553054 -0.000087855065 -0.001107922490 0.004744945276
0.000000000000 890387072 0.996047889054 0.088519761875 0.007270107827 -4.889112640331 -0.088413899900 0.995988493585 -0.013780527985 0.081136373093 -0.008460792798 0.013083287224 0.999878613923 0.071829818766 0.000000000000 0.000000000000 0.000000000000 1.000000000000 -7.387932017714 0.082905760462 0.133948603313 0.001297462054 -0.003206404818 0.006310783346
0.000000000000 900387072 0.996054425867 0.088449676469 0.007227409146 -4.963062883469 -0.088344210720 0.995994403235 -0.013800331747 0.081555941467 -0.008419093938 0.013107381758 0.999878650337 0.073017284115 0.000000000000 0.000000000000 0.000000000000 1.000000000000 -7.402253312445 0.072404323009 0.144250752424 0.002581854811 -0.004553877564 0.008270902761
0.000000000000 910387072 0.996064926988 0.088332374797 0.007214761729 -5.037248404103 -0.088226880751 0.996004471542 -0.013824260597 0.081730335494 -0.008407064711 0.013133325200 0.999878411124 0.074350925138 0.000000000000 0.000000000000 0.000000000000 1.000000000000 -7.432458866994 0.079976643238 0.136485057117 0.002407357600 0.001483619387 0.015130971556
0.000000000000 920387072 0.996080698190 0.088150892281 0.007256919655 -5.111729407530 -0.088044663725 0.996020280273 -0.013846966271 0.081625030230 -0.008448661581 0.013153762780 0.999877791854 0.075885817987 0.000000000000 0.000000000000 0.000000000000 1.000000000000 -7.461090044444 0.084309305605 0.130046430574 0.002431891269 0.006227700815 0.021300353980
0.000000000000 930387072 0.996101201218 0.087911937409 0.007340857786 -5.186490334332 -0.087804418748 0.996041160764 -0.013870476312 0.081233028474 -0.008531176955 0.013171838365 0.999876853264 0.077577311514 0.000000000000 0.000000000000 0.000000000000 1.000000000000 -7.488145061994 0.085351392157 0.125030883489 0.002655664790 0.009678419699 0.026779011071
0.000000000000 940387072 0.996125891395 0.087622217852 0.007453551637 -5.261515605592 -0.087513004822 0.996066439781 -0.013896817264 0.080548316868 -0.008641902593 0.013190696784 0.999875653788 0.079378854883 0.000000000000 0.000000000000 0.000000000000 1.000000000000 -7.513621953533 0.083051865608 0.121534706056 0.003078934133 0.011835841557 0.031566894070
0.000000000000 950387072 0.996154225814 0.087288441411 0.007581977908 -5.336789648708 -0.087177280934 0.996095443200 -0.013928019452 0.079565878870 -0.008768128755 0.013213479216 0.999874254037 0.081241974483 0.000000000000 0.000000000000 0.000000000000 1.000000000000 -7.537518546002 0.077359567833 0.119654466658 0.003702002243 0.012700044512 0.035663944384
0.000000000000 960387072 0.996185669417 0.086917316495 0.007713114858 -5.412296917790 -0.086804106377 0.996127499161 -0.013966120871 0.078281707628 -0.008897143562 0.013243319426 0.999872719563 0.083116252787 0.000000000000 0.000000000000 0.000000000000 1.000000000000 -7.559832446353 0.068223217017 0.119487010054 0.004525219021 0.012271119354 0.039070093581
0.000000000000 970387072 0.996219698952 0.086515552156 0.007833942542 -5.488021908277 -0.086400341267 0.996161940696 -0.014013170167 0.076692818807 -0.009016232561 0.013283340856 0.999871121898 0.084949309181 0.000000000000 0.000000000000 0.000000000000 1.000000000000 -7.580561039142 0.055591403489 0.121129455134 0.005548981314 0.010549169602 0.041785263398
0.000000000000 980387072 0.996255804812 0.086089857665 0.007931442898 -5.563949165396 -0.085972847284 0.996198107834 -0.014071228729 0.074797263415 -0.009112678486 0.013336654573 0.999869537858 0.086686782788 0.000000000000 0.000000000000 0.000000000000 1.000000000000 -7.599701494807 0.039412584198 0.124679192301 0.006773732905 0.007534311557 0.043809365793
0.000000000000 990387072 0.996293490764 0.085646941639 0.007992599688 -5.640063286087 -0.085528488626 0.996235349178 -0.014142371875 0.072594140687 -0.009173761239 0.013406358072 0.999868047128 0.088272317300 0.000000000000 0.000000000000 0.000000000000 1.000000000000 -7.617250788683 0.019635075848 0.130233880520 0.008199964521 0.003226674348 0.045142303035
0.000000000000 1000387072 0.996332270123 0.085193476253 0.008004943226 -5.716349854973 -0.085074092047 0.996273027528 -0.014228614898 0.070085345479 -0.009187294188 0.013495414905 0.999866724820 0.089649483626 0.000000000000 0.000000000000 0.000000000000 1.000000000000 -7.634907858576 -0.000392333570 0.135873550064 0.009700529889 -0.001432244370 0.045857526305
0.000000000000 1010387072 0.996371607305 0.084732030002 0.008006450351 -5.792877838351 -0.084611765419 0.996311014483 -0.014325207602 0.067427440827 -0.009190718592 0.013595790224 0.999865333522 0.090945665060 0.000000000000 0.000000000000 0.000000000000 1.000000000000 -7.663969930160 0.003505855393 0.128156783228 0.010381205260 0.000367206849 0.046732966175
0.000000000000 1020387072 0.996411242011 0.084262919294 0.008024788263 -5.869686432767 -0.084141477066 0.996349342616 -0.014429113111 0.064722749755 -0.009211331704 0.013702112979 0.999863692444 0.092271373651 0.000000000000 0.000000000000 0.000000000000 1.000000000000 -7.691477877969 0.006725458161 0.122375236993 0.011176950466 0.001902378014 0.047438082931
0.000000000000 1030387072 0.996451044077 0.083787807869 0.008057295516 -5.946760122373 -0.083664910914 0.996387840045 -0.014541488645 0.061973015750 -0.009246590732 0.013815768632 0.999861802999 0.093633042707 0.000000000000 0.000000000000 0.000000000000 1.000000000000 -7.717431033256 0.009254061895 0.118549098501 0.012087887977 0.003173341726 0.047972846797
0.000000000000 1040387072 0.996490886052 0.083308359523 0.008101311551 -6.024083407465 -0.083183751268 0.996426337205 -0.014663493759 0.059180248949 -0.009293951805 0.013938140403 0.999859665504 0.095036702661 0.000000000000 0.000000000000 0.000000000000 1.000000000000 -7.741828704597 0.011079190345 0.116698584991 0.013114139461 0.004180172834 0.048337224134
0.000000000000 1050387072 0.996530643626 0.082826238099 0.008154176657 -6.101640805179 -0.082699682857 0.996464666831 -0.014796290518 0.056346728337 -0.009350870008 0.014070609090 0.999857279410 0.096487976649 0.000000000000 0.000000000000 0.000000000000 1.000000000000 -7.764670176591 0.012188302790 0.116843943023 0.014255825782 0.004922948443 0.048531177442
0.000000000000 1060387072 0.996570195962 0.082343107430 0.008213231911 -6.179416850329 -0.082214390901 0.996502663892 -0.014941043635 0.053475003638 -0.009414799440 0.014214552924 0.999854643454 0.097992076547 0.000000000000 0.000000000000 0.000000000000 1.000000000000 -7.785954709057 0.012568792834 0.119005447618 0.015513067000 0.005401747914 0.048554665358
0.000000000000 1070387072 0.996609425939 0.081860631248 0.008275819095 -6.257396096368 -0.081729561206 0.996540165484 -0.015098920555 0.050567896908 -0.009483193299 0.014371347483 0.999851755720 0.099553799450 0.000000000000 0.000000000000 0.000000000000 1.000000000000 -7.805681536750 0.012207987050 0.123203401320 0.016885982366 0.005616652870 0.048407642657
0.000000000000 1080387072 0.996648220289 0.081380473047 0.008339280598 -6.335563116446 -0.081246880284 0.996577010676 -0.015271091497 0.047628503829 -0.009553503980 0.014542365630 0.999848613623 0.101177524619 0.000000000000 0.000000000000 0.000000000000 1.000000000000 -7.823849869569 0.011093143481 0.129458133187 0.018374690327 0.005567747193 0.048090060264
0.000000000000 1090387072 0.996686469651 0.080904295918 0.008400959295 -6.413902504549 -0.080768035509 0.996613040314 -0.015458729454 0.044660194714 -0.009623183207 0.014728977506 0.999845213804 0.102867210876 0.000000000000 0.000000000000 0.000000000000 1.000000000000 -7.840458893291 0.009211449982 0.137789997695 0.019979308525 0.005255117027 0.047601865256
