1.000000039978027555 -3.858921975592287847e-10 7.909684333061825356e-10 6.893855816064720088e-10 -3.858921975592287847e-10 0.9999999352479277404 -2.439174453917419472e-10 -3.575088773632995043e-09 7.909684333061825356e-10 -2.439174453917419472e-10 0.9999999059029300863 -2.749857064276994834e-08
0.9999957369546144115 -0.001398010016904597608 -0.002579068154834949448 0.02213868003273308099 0.001396035214656000554 0.999998666609840936 -0.000767045996678064352 -0.007209503467214661843 0.002580138802282342173 0.0007634417363049700225 0.9999962859185840269 0.3165825936488085302
0.9999683490601178892 -0.00224955858461067847 -0.007636772977581763808 9.744963613116282286e-05 0.002224227057938601895 0.9999919377371699891 -0.003323818677550028321 -0.0109188710523769536 0.007644190607793497315 0.003306726933722729626 0.9999652212609304591 1.222708155379628181
0.9999300639127295387 -0.001546117982197710815 -0.01172845781274740873 -0.01370014743156458895 0.001491533123110788455 0.999987958951293554 -0.004661306462308910381 -0.02261374409670369526 0.01173552585911988473 0.004643486406261080821 0.9999202604748180789 2.018032142624095027
0.999862984186274284 -0.0004991320389761231147 -0.01654822089674377536 -0.03652722080285469852 0.0004113948774367715542 0.9999857798494650174 -0.005304842168274809602 -0.0313097840803939903 0.01655063604649180051 0.00529730676134876604 0.999848902011938101 2.784374048602219265
0.999779404689304374 -0.001282529496278988308 -0.02096609028780443973 -0.05794194999648868277 0.001165997719178609674 0.9999837465118766033 -0.005569349898169373425 -0.04337801028170333584 0.02097289530841533328 0.005543674193736104587 0.9997645809063941957 3.535715029324403957
0.9996720412917541321 0.0004143628643630101367 -0.025606991043608196 -0.07556434474823768566 -0.0005852907797733563743 0.9999775333780260844 -0.006667883637494106432 -0.05727629507902267519 0.02560365605451215415 0.00668068361836809 0.9996497552619136862 4.305543144579385917
0.9995337020444863274 0.003005991606249959047 -0.03038786390462424811 -0.11894087313594566 -0.003227843737208394796 0.999968413272114387 -0.00725423905942705876 -0.07246129470384363169 0.03036510141505017676 0.007348942907932114708 0.999511763627383587 5.07771919985017739
0.9993863496670781776 0.004003157765069428192 -0.03479911724456467847 -0.1426525599502651287 -0.004214182001528402749 0.9999730983075463264 -0.005992815210380367068 -0.08268210248378171645 0.03477419473599025618 0.006135786787666881216 0.9993762652384152734 5.861571304542132488
0.9992172447435192506 0.003853209407904943998 -0.03937169371470091578 -0.1803250563850074817 -0.003990150156365905067 0.9999861940151351103 -0.003400144526549118886 -0.09251882560628588159 0.03935805280963225461 0.003554581373493901839 0.9992187551805639112 6.671132751316311449
0.999088531044267314 0.002739438991952638375 -0.04259908745972759703 -0.2217439635998882108 -0.002787236494426859057 0.9999954862730191518 -0.001062659694468967228 -0.1025133973384021735 0.04259598842657515844 0.001180424295270031745 0.9990915876356547543 7.473953542453782184
0.9989631111031606059 0.004022792522952844951 -0.04534974530641006779 -0.2644301664060204615 -0.004075787958157685124 0.9999910501141124897 -0.001076171657992407637 -0.1197331630201726865 0.04534501473305938002 0.001259891181108524624 0.9989704972949242645 8.280573695919018817
0.9988667380104032656 0.002878050661858260525 -0.04750827397621480014 -0.3098088062491858863 -0.002933460245212736114 0.9999950313572338878 -0.001096618148678646593 -0.133130329082133736 0.04750488645841002139 0.00123473847306567559 0.9988701484008706277 9.11236647089777918
0.9987834753415687494 0.0008394495249215410543 -0.04930460689061195306 -0.3511795825199353072 -0.0009232779393534213449 0.9999981021084479726 -0.001677448880971226745 -0.14721220214817482 0.04930310995419989739 0.001720929504196325264 0.9987822855654510112 9.953466540422635234
0.9986982743470691481 0.0004232844639925757604 -0.05100644246337433796 -0.4039837311426305866 -0.0004755077141057127265 0.9999993104153153123 -0.001011710443859475299 -0.1532714652765975738 0.05100598393113685292 0.001034646883053509181 0.9986977177023055319 10.82537428634485366
0.9986040042128392358 -0.001163791690538053345 -0.05280878580727355054 -0.4399752689804402594 0.001100824445339044317 0.9999985834064433199 -0.001221419802448609144 -0.1677088387126127733 0.05281013747548194553 0.001161580947973410438 0.9986038015009588431 11.67782710465448481
0.9985101318643349044 0.0005751607099155355528 -0.05456432190227182566 -0.5038342616371831451 -0.0007549885381594637719 0.9999942869791532685 -0.003275133455436951557 -0.1823049305487790539 0.05456213155857310426 0.00331144873563610307 0.9985047923754919452 12.52819942852286417
0.9984250208756209055 0.001842079078634357211 -0.05607284439368177137 -0.5547760868791844491 -0.002176099410950575134 0.9999801835191109989 -0.005896410802359241046 -0.1982992659351013875 0.0560608767799570043 0.006009143414239963288 0.998409174939688393 13.39181351170187995
0.998306192740553322 0.005554066618964670181 -0.05791353285210276008 -0.6090000299074034285 -0.006003222355946922009 0.9999531523605444949 -0.007584517908569734894 -0.211391747223505011 0.05786870014683234698 0.007919338190261818178 0.9982926975440721273 14.28663872857557493
0.9982507212542630626 0.006710871422054585055 -0.05874130668505807978 -0.6732847182028262045 -0.00715800611149801716 0.9999468997193179387 -0.007404809185168813486 -0.2277540009892246864 0.05868850016093778155 0.0078123259250391687 0.998245681117870487 15.15882836086948338
0.9981778099820691752 0.006156803856250620509 -0.06002693391561866876 -0.7345191035865991092 -0.006529653343373516966 0.9999605130589623858 -0.00601718018436918356 -0.2470246146640253659 0.05998752249995046443 0.006398170046989590069 0.998178527591742637 16.05870314327587067
0.9980853878404349899 0.006258284994200973526 -0.06153431392997883026 -0.7908235963869177931 -0.006549891023373766857 0.9999681859802809214 -0.004538332507900683273 -0.262307789477057185 0.06150395965898742406 0.004932685708391084528 0.998094556625871876 16.97578805740093699
0.9980193915240488378 0.006024372033690210404 -0.06261853085776583616 -0.8504641485988339022 -0.006297168513268142087 0.9999714547666603837 -0.004160027283538368301 -0.2840098216282087584 0.06259168747669896504 0.004546106650624935283 0.9980287701270301737 17.89488848551408395
0.9979392666676526469 0.006157119719125556806 -0.06387009644077111525 -0.9279110342655956245 -0.006475536902687791321 0.9999675463223676175 -0.004779563871776676583 -0.3042026319616559227 0.06383860098623087009 0.005183306917363154562 0.997946681343540587 18.79007276511991265
0.9978818908288344947 0.004529280066370690305 -0.06489450563369811298 -0.9826465010674902967 -0.004892351411160583523 0.9999731870624721797 -0.005436962181260636753 -0.3211213973103250185 0.06486814587484991679 0.005742932089663503256 0.9978772243377925788 19.72242126984185262
0.9978212517340913079 0.005162558820337709471 -0.0657736789288650564 -1.0358004060538748 -0.005423727774036755413 0.9999780340676794888 -0.00379276465903295246 -0.3372329034902839529 0.06575265961388206126 0.004141239034667938343 0.9978272648011565771 20.65092225282072036
0.9978319947328685435 0.006931858639496259709 -0.06544722218349749432 -1.113285961727723317 -0.00697193591123398352 0.9999755572913712198 -0.0003839739304261065669 -0.3534372722774632991 0.06544296664057853985 0.0008394347709181488844 0.9978558643158355057 21.5717660464854859
0.9978789031877517424 0.007760937869217852947 -0.06463390517430898929 -1.164461093114661949 -0.007568448798025566825 0.9999661018073743302 0.003222471836956125255 -0.368260483135206762 0.06465672937360958383 -0.00272645865741579646 0.9979037459795487841 22.50694509076170036
0.9979877349152445065 0.007019156000987333832 -0.0630181856414328001 -1.2169096036050564 -0.006648711372131906744 0.9999593110050543077 0.006086170625884895248 -0.3743163814071008844 0.06305834694158830855 -0.005654934189753584722 0.9979937269556476975 23.44733504313948558
0.9981008340355153052 0.006410613428163748281 -0.06126751570019345339 -1.288624869106036686 -0.00600931648839663976 0.9999592189322036306 0.006731945293959967075 -0.3817846693423355142 0.06130817859705994799 -0.006350984572331764069 0.998098584631431418 24.3964226571111098
0.99815697966888417 0.005650683624296729858 -0.06042179305935226757 -1.338561039693012766 -0.005397535961235583497 0.9999758979572530571 0.004352081167992826946 -0.3952874591603413035 0.06044493450032881882 -0.004017931738645170829 0.9981633526189894745 25.34121775203372096
0.9982205884334347523 0.005070650064654042867 -0.05941401112551646102 -1.411617725203807794 -0.005082701406962339061 0.9999870169037654577 -5.169941344586658036e-05 -0.4099693010700781737 0.05941298302540725523 0.0003535905763995369133 0.9982333318390570476 26.27167139299265131
0.9983059918898651297 0.005182285604344727056 -0.05795144416070485693 -1.482969360075703014 -0.005377941752730454154 0.999980287336780127 -0.003220742878275959301 -0.4213634343106149593 0.05793361630448551347 0.003526945758226019377 0.9983141134439357245 27.24454508894374527
0.9983326211672055583 0.004979188873379508315 -0.05750882199365551367 -1.522845347317023368 -0.005126580466766898075 0.9999838764652637657 -0.002415675023125277675 -0.4375569210833601952 0.05749587194845905136 0.002706470167349495689 0.998341981520757038 28.22061112481892664
0.9983343771721481241 0.004162034185549177805 -0.05754327279585749744 -1.57207411857850321 -0.00405512333867655804 0.9999897637041056386 0.001974578774314823901 -0.4431045722162778588 0.0575509073377585903 -0.001737945239199188523 0.9983409662799525019 29.20709273902752301
0.9983117947957046434 -0.0003007357185098207051 -0.05808226357538839868 -1.651693592249043441 0.0006452247222232039992 0.99998224867653418 0.005912402927833542397 -0.4594858041960006023 0.05807945980974983657 -0.005939897963421827964 0.9982941982774624634 30.18770608793978738
0.9981804802737145321 -0.01092075637118209569 -0.05930046599615740321 -1.697019477057923442 0.01124964242424804535 0.9999230565066421494 0.005215084747518444752 -0.4692443484834658562 0.059238955955625415 -0.005872705120096377053 0.9982264621847685149 31.15931863850354588
0.9980878063369095221 -0.01242280812389629126 -0.06055149908796138292 -1.763008014674377844 0.01256070158265878284 0.9999192467167470344 0.001897188145817095333 -0.4812475406501460773 0.06052304644721830107 -0.002654130079535244914 0.998163177459703288 32.14563187147477663
0.9979785497581559195 -0.01201519303951439563 -0.06240615905481255304 -1.81220751613520914 0.01191086095416336692 0.9999269101787994218 -0.002043573823200329001 -0.4967417869407348974 0.06242615735139375038 0.001296131184464593619 0.9980486497904658139 33.12949486608210492
0.9978880835810878258 -0.01050998175824112077 -0.06410142143864988595 -1.890349045943884754 0.0103378539210857625 0.9999419488450218552 -0.003016325008230867199 -0.510652397239975242 0.06412940752563367486 0.002347283036736634056 0.9979387365014761313 34.1086278233950253
0.9978529827940142427 -0.008847923718369921434 -0.06489390003919680294 -1.947411000044004137 0.00876021802547191121 0.9999602256047102067 -0.001635935987724155324 -0.5355139579161819485 0.06490579933920015421 0.001063938330254092469 0.9978907343592217094 35.10977114041341451
0.9977950901480056034 -0.007233485305603205504 -0.06597510162972619607 -2.030587524912666808 0.007312310309723054312 0.9999727454712580288 0.0009533771258910968532 -0.541894696795710562 0.06596641311869240465 -0.001433705892263010401 0.9978207200303733648 36.13603149217971122
0.9977159811375035936 -0.005967498766633631477 -0.06728513346074925516 -2.108569893380029647 0.006159000561531864822 0.9999774860512360419 0.002639052168131487703 -0.5651696557869099191 0.06726787599988648392 -0.003047434094091524843 0.997730203273683891 37.13587489964383082
0.9976577824504098135 -0.005758253551797795459 -0.06816062542642582767 -2.182961189747791408 0.006119906731534782013 0.9999682118656684215 0.005098283204512005749 -0.5788052929477724984 0.06812910751030439027 -0.005503478884574008675 0.9976612395846526926 38.14238603768910707
0.9976692431621613233 -0.004249247654828563169 -0.06810362964310738565 -2.245977275188340005 0.004807328648440231667 0.999956116121937022 0.008032802152165150616 -0.5876965411166635844 0.06806651361374699283 -0.008341476356869664474 0.9976458199369484525 39.15900523181180404
0.9976489766652549829 -0.001022066611534478515 -0.06852411223509770333 -2.332279110860136839 0.001729684791877426041 0.9999457216407753313 0.01026803046319621146 -0.5917245140623085264 0.06850990426552690249 -0.01036241529899770836 0.9975965246123926766 40.17557125684889741
0.9976433548817061903 -0.0001439531753519684824 -0.06861337300070466383 -2.402043605218493472 0.0008403549367540403018 0.9999483644556637074 0.01012090477076214162 -0.6047008935347550906 0.06860837919987827771 -0.01015471308452876864 0.9975918928396972918 41.17565118759014808
0.9976310941240491559 -0.001933044385161808562 -0.06876439915278259596 -2.484652502484026915 0.00252146702881877495 0.9999608739008107872 0.008471325747730138259 -0.6092290439929251011 0.06874533925368775389 -0.008624645310109719382 0.9975968656621745367 42.17154037845789105
0.9976414485982952884 0.0009819943418731755247 -0.06863421115696824448 -2.551475056664575636 -0.000540056980761008127 0.9999789408756430964 0.006457293210959873068 -0.6253657436660612357 0.06863911283129496554 -0.006404997225052524307 0.9976209003177536339 43.15490004337111429
0.9975808322402262007 0.000835926862912859947 -0.06951160745527575069 -2.646698808956323035 -0.0003963185239849273292 0.9999797726251539176 0.006337804358014410486 -0.6342033953317272044 0.0695155054407432943 -0.006294923670118000164 0.997560915938141779 44.14448092280984071
0.9975204145918438181 -0.001292657722992026281 -0.0703664031371287052 -2.717421222952889792 0.001809918206644897361 0.9999717416089949351 0.007287706722417477967 -0.6429330105958144248 0.07035500032145639016 -0.007396993885015244394 0.9974944967253580597 45.14623018242297547
0.9974501776813614606 -7.583887238328698938e-05 -0.07136677414956195398 -2.768154705207399147 0.0006558132879996424625 0.9999668880291257 0.008103285988043865476 -0.6474998032322168973 0.07136380271275125087 -0.008129427517183299493 0.9974171307322969859 46.13899816105420371
0.9974121988607967948 0.0007185569850824241296 -0.07189206067853887161 -2.856064564015080354 -0.0003193730412823169947 0.9999844056531099756 0.005563896471723112427 -0.6743190357432555793 0.07189494378086808135 -0.00552653812146364741 0.997396805214130544 47.12677560604836202
0.9973842195639583963 0.002007647645001596395 -0.0722548756549221266 -2.93519243024855836 -0.001917103484852116218 0.9999972231501977893 0.001322461018473214097 -0.68344173367769534 0.07225733630726932644 -0.001180482143196748138 0.9973852297042842263 48.0691919881684413
0.9973308884280821518 0.003835818298187686735 -0.07291409060731929292 -3.008290003405639901 -0.003865079059059528099 0.9999924319513296966 -0.0002602008188144003796 -0.7030290208518849004 0.07291254700656332743 0.000541324504587323784 0.9973380971817888963 49.06005308465491765
0.9973211014974673327 0.003111949393667966419 -0.07308225092461823058 -3.076615577444412608 -0.002883705579108426006 0.9999905659571567407 0.003228426223232857932 -0.7140479643051462766 0.07309161447495643449 -0.003009030294960806425 0.9973205975359648034 50.05294900497431598
0.9973165451163596984 0.0007453528944769046696 -0.0732067784268960603 -3.156444057155264549 -0.0003006557585943183709 0.9999813739715088801 0.006085376587441976119 -0.7304683308924039276 0.07320995694898918549 -0.006047036987501789099 0.9972981240288818494 51.02420901091449679
0.9972857765465784619 -0.0003268441024916811746 -0.07362779491550394684 -3.227124389515034775 0.0008214397321510003968 0.99997723734220334 0.006687340648666160667 -0.738936381186681146 0.07362393958067613153 -0.006729670754763117553 0.9972632750211497532 51.99288859666284424
0.9972674940422907586 -0.004646877279369784897 -0.07372944439104241188 -3.299674592403474715 0.00510183017116969291 0.9999690196066870485 0.00598344770785943017 -0.757406252245605538 0.07369936222764870981 -0.006343253270931764089 0.9972602367487561903 52.94187912463232237
0.9972141328855756992 -0.007998261361014993506 -0.07416252483078070168 -3.351324616417122648 0.008385405836194148935 0.9999527209836573949 0.004910321787468427748 -0.7773323218813895652 0.07411975083957147992 -0.005518525453479980816 0.9972339851186199366 53.92227181167366723
0.9971138156017735898 -0.00908058929514525201 -0.07537679157097375293 -3.425866505375649851 0.009564824385712765095 0.9999357939750446178 0.006065686777290489606 -0.7887174754867819493 0.07531687837098766103 -0.006769146113634576765 0.997136580004768458 54.87826539591945618
0.9970007525568346241 -0.0106919423885869086 -0.07665024991712444946 -3.507592131661921631 0.01147329620208509954 0.9998864754440729419 0.009760645045313230683 -0.7931333960400152039 0.07653719451147865394 -0.01061080157775161174 0.9970101711954945101 55.83382786747392856
0.9969440609850702684 -0.01302836502825563056 -0.07702519069871688329 -3.57984191298480825 0.0141877680016062116 0.9997937909334732032 0.01452423295915467039 -0.8007350127815817675 0.07682008695119114938 -0.01557266322932484952 0.9969232563916898826 56.79079209862781141
0.9969345889421655782 -0.01107468601942926227 -0.07745228030958596632 -3.652400944717436371 0.01241714602413832372 0.9997804748589201873 0.01687267203679836125 -0.7985322319874058605 0.07724842462455985825 -0.01778268645053457039 0.9968531836245337896 57.72833230025520379
0.9968380207668726678 -0.0113668834098569968 -0.07864371120894668443 -3.740100571011328423 0.01249360486791999993 0.9998259674419126553 0.01384973489650729445 -0.8225519400479824883 0.0784726029817142956 -0.01478848571064347514 0.9968064827444712561 58.68675261774257024
0.9967520294986614848 -0.009286347142612959987 -0.07999521496151251743 -3.822085942447394302 0.009831644169157313651 0.9999309590684143378 0.00642544656827507589 -0.8335300512345139579 0.0799300298427982614 -0.007191061633836690926 0.9967744437714337602 59.58777018714555851
0.9967088008109343811 -0.007883837373511356703 -0.08068141328475365859 -3.897813214349385991 0.008013956071257885908 0.9999669921172524845 0.001289061597558706926 -0.8425421522300720056 0.08066859420912791956 -0.001931396788088482865 0.996739013193266965 60.52132767817881387
0.9966286875266090473 -0.002892121339477869094 -0.08199374219890638582 -3.989749714412806902 0.003049771821288198639 0.9999936690876792822 0.001797545525408732149 -0.8543258437283975937 0.08198803126948535358 -0.002041548081558355789 0.9966311291785031612 61.43795115136641272
0.9965573268321356037 -0.0001520544668094038943 -0.08290687619563423538 -4.073953265798058609 0.0004824371018729307751 0.9999919583290152181 0.003964974761954326472 -0.8661770087062506951 0.08290561353990735793 -0.003991322362346254836 0.9965493171189001576 62.33767646469358681
0.9964517932623951912 0.003036247030105852437 -0.08411113945182639717 -4.164030976203863865 -0.00260030783202338904 0.9999825518199376706 0.005291970333772818419 -0.8765780482741126756 0.08412574662094669808 -0.005054478789259016919 0.9964422330925749582 63.2279798442740244
0.9963812158659460794 0.003003576798626107509 -0.08494427613163402224 -4.237640401241730359 -0.002540338314119185582 0.9999812459883139493 0.005561011397418572262 -0.8984960398555962291 0.08495939309067160328 -0.005325100402849388542 0.9963700907507624382 64.1034008362433525
0.996236818631321408 0.005149651934949109333 -0.08652029298275067115 -4.315384606801962342 -0.00463695887839922407 0.9999704224199263969 0.006125634271632170343 -0.9049863936280766463 0.08654928598979268195 -0.005701391646465294588 0.9962311620194640449 64.94559749236412927
0.9960804685344529785 0.006794174686557135842 -0.08819080541107518489 -4.39234350141965102 -0.00622117059446773181 0.9999576625728170409 0.006770568539062542246 -0.9244257057936702271 0.08823307935757392084 -0.006195381305172178998 0.9960804957184977715 65.77905809890822297
0.9959966201314716105 0.006705700044766024423 -0.08913946945259673682 -4.46106987601688143 -0.0060684752940386626 0.9999540096695503921 0.00741772556041762985 -0.9430223921610942917 0.08918511829620637266 -0.006847089161366685418 0.9959914382475894001 66.60791679811974575
0.9958577992340561513 0.005982800987997686191 -0.0907277713737118241 -4.541828428762184622 -0.00523816308624454937 0.9999505702701843024 0.008443290846001025307 -0.9506260576405332063 0.09077380871080258096 -0.00793307037724096803 0.995839844104670302 67.41441862034251642
0.9957253176326681388 0.009801044777434974112 -0.09184285497462237047 -4.630084687130151977 -0.00884407212481441718 0.9999022757630040559 0.01082089710824212306 -0.9569134582671321443 0.09193994333325591906 -0.009962376492846636983 0.9957146232565686761 68.24888269426230636
0.9956199180457415698 0.01054431751619091043 -0.09289711939630655724 -4.710673941574341939 -0.009218617192981982955 0.9998495604723960373 0.01468822720309715356 -0.9582836501823061015 0.09303802893586089751 -0.01376750854602115139 0.9955672724664884621 69.01736847850588674
0.9954083561964862659 0.01353857807696476692 -0.09475753211157914024 -4.795308996399964663 -0.01202584470047911649 0.9997911944394495265 0.01651717543915458622 -0.9588934064056700013 0.09496137301368541561 -0.01530179498837705085 0.9953632532323820614 69.77859734683413251
0.9952473633972027667 0.01507190394947178699 -0.09620603874620467511 -4.881194512219899195 -0.01385308437927355862 0.9998151961491074102 0.01332426797799951372 -0.9836038521726020445 0.09638908941074002257 -0.01192819223680042541 0.9952721612135477791 70.53925061391061035
0.99511073617808532 0.01609761124800302215 -0.09744520586472754653 -4.967042761493687841 -0.01550164878476704977 0.9998561764307550837 0.006869924767311639049 -1.009214806372232154 0.09754178822177714259 -0.005325774834240387841 0.995217086324291289 71.27969480100220778
0.9950357296414720221 0.01374760753702266095 -0.09856459046002345736 -5.036290243520301857 -0.0137726362105791162 0.999904997041892063 0.0004265074393407934693 -1.009679170995974262 0.09856109794844600258 0.0009331035554609516626 0.9951304701153134147 71.99388615342900266
0.9949486086208872981 0.0159706474637611763 -0.09910743195082596935 -5.103870907740711615 -0.01615205144012323013 0.9998689536818806678 -0.001028218614891097905 -1.018346060387741669 0.09907803096223821715 0.002623812402114278613 0.9950761140062737153 72.6771254633003565
0.9948300317192064757 0.0183520054132763899 -0.09988238232877458267 -5.185813736649918404 -0.01822924256422504483 0.9998314750064503098 0.002141692192689488225 -1.030786837546955326 0.09990486204515375279 -0.0003098400348455057412 0.994996852176121771 73.34163672800400491
0.9947122420503016205 0.01874307332162699138 -0.1009768839762463649 -5.253995991416696043 -0.01841692320680365924 0.9998216696551621707 0.004161294329068513168 -1.036290862167321469 0.1010368802998526938 -0.002279607313618642241 0.9948799754466813861 74.00136142532485906
0.9946495605092330328 0.01574887629203227182 -0.1020994761730602274 -5.327334300032768866 -0.01569405208457379242 0.9998758777528898856 0.001340279851623393977 -1.053716620714682639 0.1021079194472228474 0.0002692452072516773962 0.994773197094418915 74.6321916594519621
0.9947367734795558025 0.008848484069589655429 -0.1020810178284255187 -5.385358307047939164 -0.009260595609767998185 0.9999507040743210728 -0.003563888834913357499 -1.071846847206276099 0.1020444588183287565 0.004490461607777864773 0.9947696102815306585 75.25625119006160446
0.9948878742287159405 0.004607262312255321415 -0.1008809658653487401 -5.449074327821368691 -0.005417684905220349935 0.9999551424263667387 -0.007760949074170014374 -1.097819879954291533 0.1008406919634264182 0.008267814560018467429 0.9948681377006960425 75.84399571303633536
0.9951723864430322974 0.006112279166754849488 -0.09795223229615850069 -5.501149686296337826 -0.007031871873996048579 0.9999342972216853642 -0.009045691034894502019 -1.102949327069033814 0.09789051468436436865 0.009690808574504907597 0.9951499126292872033 76.42765303053285209
0.9954925395658631437 0.0117065191530630764 -0.09411503426909575976 -5.557821013140456401 -0.01237060798009893652 0.9999024466350863172 -0.006475785269697418439 -1.107994889416944684 0.09403005179008810943 0.007610855299774566853 0.9955401736639314381 77.00103249565508179
0.9959701971566904399 0.009459303831746779592 -0.08918501376107280942 -5.602673936443555824 -0.009760579124523782041 0.9999479701143910715 -0.002942562464767139833 -1.132667806265557076 0.08915254623193062666 0.003801201235981727794 0.9960106361780657336 77.54624520377663544
0.9965148714907661187 0.005782247632194677592 -0.08321511520622366931 -5.639968935272793971 -0.005661650527392995437 0.9999824881134853349 0.001685135702091917955 -1.152049812174599897 0.08322340879166419125 -0.001208128352947648258 0.996530088618188592 78.08289477347065599
0.9971693719546418366 0.001151675048317011207 -0.07517976030060911918 -5.674273211934444561 -0.000789680822055452967 0.9999878882671648928 0.004844606965634711514 -1.158665705261179957 0.07518443560423095084 -0.004771525994857694908 0.9971581348352797081 78.60610100842301051
0.9979055319949070579 0.005172318568795335886 -0.06448159136341742592 -5.707750821381996964 -0.004861113508149934696 0.999975708434683308 0.004982229912698418056 -1.173917590717854287 0.06450580044341229502 -0.004658342778636680517 0.9979063653572081138 79.13131985244694988
0.9987256219510260991 0.01049533007475257455 -0.04936658421540783548 -5.723329078141774495 -0.0102833266093425163 0.9999367244404692157 0.004546517467535304662 -1.184252839723572093 0.04941118250217912261 -0.00403307111345200392 0.998770284697639732 79.63603654920582642
0.9993905935085999337 0.0152596481813236963 -0.03139529395077595569 -5.757086037720847038 -0.01511145974031143958 0.9998734880371120681 0.004951992851317726929 -1.187151388563137733 0.03146689136323449487 -0.004474546663026585276 0.999494684914007836 80.13438697670282806
0.9998526813552760517 0.01424019762865489508 -0.009587087908832258795 -5.747632542865209082 -0.0141897323364169551 0.9998851480541313119 0.005311564868056926209 -1.191873356924962213 0.009661626759410337981 -0.005174744437588156901 0.9999398416031756165 80.60677225977755711
0.9998078814710159579 0.01071747677998126022 0.0164138894056130441 -5.718350498778042912 -0.01082336938312821947 0.9999210317357407618 0.006376164975630595547 -1.199435394190298654 -0.01634425630067901439 -0.00655259379527944278 0.9998448582758919789 81.09657548018117268
0.9988891815891323134 0.008912942251516616649 0.04627139603832536308 -5.668153979162215528 -0.00929038871694226609 0.9999251868857850223 0.007948573150975688992 -1.212904698389022817 -0.04619709056328765578 -0.00836962311332080898 0.9988971870304129697 81.53231230217153325
0.9968287610559631862 0.008396350908290467485 0.07913281020003863631 -5.61614746445477131 -0.009185664365478549837 0.9999115113826788637 0.009615793197288481642 -1.218233614013808808 -0.07904507380833440677 -0.01031218669185022217 0.9968176100163528286 81.98366879717582378
0.9931724458274234779 0.007997222107760368348 0.1163813369804730935 -5.542309959439451816 -0.009215467625286155942 0.9999081326537300196 0.009933373714790865935 -1.223274746827148096 -0.1162912118925188837 -0.01093806150842709102 0.9931548350036779604 82.42039091994588773
0.9874241494925336537 0.008183995532573337325 0.1578817534195109396 -5.448894349271769855 -0.009864161818951605945 0.9999026575822564933 0.009861246239437931882 -1.222467433810090487 -0.1577856890809017643 -0.0112946038107457486 0.9874086910450067256 82.85534457242934536
0.9791932919913397537 0.007462500451046234599 0.2027927088194607375 -5.338388046342615212 -0.009690571698101948031 0.9999030145694265403 0.009996238309901369495 -1.236100828975002175 -0.2026984555176241376 -0.01175342671159902187 0.9791705725254024051 83.27439281655068726
0.967769801179139022 0.009262086376452363309 0.2516662423015522676 -5.191818844896854301 -0.01168345927429888936 0.9998986396569683466 0.008128819388290249581 -1.244149392709863022 -0.25156545824899601 -0.01080715815937193999 0.9677798538203919998 83.68707429555622923
0.9525068128349676311 0.009813492206191131925 0.3043592200831365391 -5.031431248689628433 -0.01204230118852292995 0.999912589943668717 0.005446647678955409896 -1.253153073142292628 -0.30427918358153766 -0.008853154416186793593 0.9525416651574807325 84.05881451336458099
0.9330372957029969827 0.009449906531982597835 0.3596556230895942008 -4.853962632472165417 -0.0114300590950766473 0.9999288992957626743 0.00337944056995521068 -1.260360919570178373 -0.3595981377270876522 -0.007264029151022808814 0.9330789044014332623 84.44362818735663723
0.9090599916704320549 0.009866835841071303764 0.4165484778112573672 -4.651804240065753326 -0.01141419507151964809 0.9999340416426506506 0.001224349914236172888 -1.260616540303774347 -0.4165089480249409282 -0.005867573167863415935 0.9091125905344032976 84.78979605053388013
0.8803983449584756871 0.009756419560819885872 0.4741345979030699986 -4.432057704005393006 -0.01065974038556699935 0.9999428123790132794 -0.0007825744854657162028 -1.265711180404196279 -0.4741151477012830462 -0.004365174533126890168 0.8804519369368936088 85.10818214537574988
0.8473722103087855118 0.008012590606749765004 0.530938959247337805 -4.174360220153294776 -0.007725558257141500358 0.9999662811248370975 -0.002760954944980694749 -1.274892931335802393 -0.5309432120211029504 -0.001762243535290806398 0.8474054808629178925 85.41288992122255763
0.8109244092259879633 0.007087251173023003184 0.5851080312099832259 -3.915585113152197483 -0.006141655755684507362 0.9999745933323291869 -0.003600452802399858876 -1.287859402434438749 -0.5851187194810723025 -0.0006738372292241296335 0.8109472775796877642 85.7024998713942523
0.771458110296428301 0.005560100233490832683 0.6362558414592662803 -3.633373516672572023 -0.004950011688318334442 0.9999839388617237645 -0.002736769310763439728 -1.298537088685799201 -0.6362608791550938836 -0.001038171111844705865 0.7714731888822470296 85.96812810883774603
0.7288870474673433408 0.004672051100863299465 0.6846180408597041245 -3.340812090993781958 -0.005786022652209013399 0.9999829756014988469 -0.0006640430624350185385 -1.303731511884954619 -0.6846095312665442245 -0.003477203120168285803 0.7289016206686350641 86.20196611801570441
0.6840937636663502186 0.003389391936735382683 0.7293862104178925332 -3.030663343067117488 -0.0050075993349385289 0.9999873959065961326 4.979127443710244945e-05 -1.310235376712296507 -0.7293768945476465371 -0.003686535781786056797 0.6841020665783312804 86.42947543736474358
0.6374995425130592919 0.001616649052491956912 0.7704490384749480558 -2.709426945550957644 -0.001393850010088528183 0.9999985173330543375 -0.0009449928136217571745 -1.315716106846515965 -0.7704494727565551759 -0.0004714579956665817845 0.6375008064867159208 86.63027071615772456
0.5911827238905397186 -0.001007103530673326541 0.8065370209796998147 -2.388111081172178629 0.004102227184614045362 0.9999899753872294461 -0.001758224213684550161 -1.321888554232397262 -0.8065272163363408353 0.004348029621212836163 0.5911808878970633563 86.81513918694221843
0.5444379569904589378 0.000417589196616111795 0.8388010031896246943 -2.065125439177061484 0.002897216128628926721 0.9999929100774953561 -0.002378324816412500774 -1.333389342155604007 -0.8387961027729321506 0.003725037897641509787 0.5444328493793207935 86.98419924847500795
0.4970387696310771819 0.003023586558475691889 0.8677230543738762014 -1.720314388821545304 -0.0005494484193819035691 0.999994760597365806 -0.00316976053054510154 -1.345418341139924312 -0.8677281474699556352 0.001098724741604161902 0.4970377922940293902 87.13015678525619023
0.4513731562859791824 0.005140495038530540871 0.8923204709778898014 -1.371597161780156338 -0.001507542350203066152 0.9999863080079370858 -0.004998160831306648275 -1.352614968384531213 -0.8923340034204533255 0.0009108246880849377343 0.4513746943126027422 87.27738942691833302
0.4092264262270697284 0.002712756070848879909 0.9124288147328319942 -1.023444573581492767 0.005548623434669576297 0.9999696266615798468 -0.005461595812907445863 -1.360186025572678759 -0.9124159756385018527 0.007297752958676531621 0.4091989162250820877 87.39242439972535692
0.3697812838391072998 -0.0049410565441120732 0.9291056736693278362 -0.6505559177120960879 0.01992494196175145088 0.9997979991529872823 -0.0026130634433499016 -1.36269141454118059 -0.9289051418179755659 0.01947863782079170547 0.3698050123314746696 87.4846015511487991
0.3342731478263139544 -0.008865846490170792987 0.9424345180316968662 -0.2904341382343144096 0.02545244605672045482 0.9996758983388400743 0.0003765820751440131708 -1.363806548979087818 -0.9421324726492920076 0.02386138153373566079 0.3343904436367289845 87.57739723019653866
0.301034963022661306 -0.005211251497433308164 0.9535988424832751997 0.07583984319717379519 0.02252341431093416238 0.9997448946097574618 -0.001646827792702863866 -1.372740928909355285 -0.9533470535135482038 0.021974053727354146 0.3010755216812717183 87.67188583408420754
0.2698045834169483514 0.002438348991816326021 0.9629119883311204608 0.4427731523524401913 0.01224022902745337815 0.9999072484104719605 -0.005961700546672212171 -1.387486475114562356 -0.962837275347237842 0.01339475693119749136 0.2697496939612460398 87.7576976912325506
0.2410147934790610458 0.00689703299142645828 0.9704969110183478964 0.8320112435750409707 0.007066797686744307784 0.9999357027025789213 -0.00886122614030667409 -1.403423344147797458 -0.9704956893244300886 0.008993991631680397017 0.240950540238959815 87.84710874563002392
0.2153250960908497658 0.008692307431911627802 0.9765037118268244942 1.214604691685710947 0.008204754617621864976 0.9999089216888883414 -0.01070984719435305946 -1.416193917226990617 -0.9765079296986555191 0.01031807188978976254 0.2152341514746269613 87.92444586904385062
0.1915660085482080999 0.009971887432807037197 0.9814290483398182552 1.624970589995815784 0.01520955444221519515 0.9997980866736753125 -0.01312729395983219111 -1.425541603459032247 -0.9813618518865404594 0.01744184124756880186 0.1913756475856715766 87.97876642706405903
0.1709493975813424493 0.01565854519124068242 0.985155349928230506 2.026556161919128574 0.02245525670601111051 0.9995520137345998979 -0.01978392817862981851 -1.427712710855032929 -0.9850238649231858323 0.02550396596936681942 0.1705211861248992211 88.02727494705280264
0.1514648640258631773 0.02261259779409835816 0.9882039337007939572 2.459911328276785714 0.02460055097234029042 0.9993423320811422039 -0.02663806925952705296 -1.430773715849283256 -0.988156443385513894 0.02834509176586421861 0.1508089576243958896 88.08076342960740135
0.1334702576436282428 0.02362795910898988702 0.9907710928130766259 2.897918349156898277 0.02223039843175271188 0.9993927766411222491 -0.02682830416925292491 -1.447616183235142628 -0.9908034354973116464 0.02560601591868663304 0.1328639432300911249 88.14501354548281142
0.1175522008734390111 0.01960462569130688726 0.9928731473051460865 3.356536876113534351 0.02030065011419490001 0.9995486864850070541 -0.02213995189919243031 -1.459016826255234989 -0.9928591598227196613 0.02275856966063352291 0.1171011532117422205 88.18835870026704526
0.103152626523962565 0.01624432436486621112 0.9945328576952950916 3.827391093350585916 0.02030486775152933257 0.9996238238565682277 -0.0184334925004691931 -1.477883706446494028 -0.9944582420355480012 0.02209532056186523999 0.1027839769826595917 88.22407351417980692
0.0896316597954755212 0.01370447032025393086 0.9958806656185035244 4.309877884884513399 0.02290441113720426136 0.9996124610335327398 -0.01581727631016209903 -1.492942860331872623 -0.9957115547961717938 0.0242277880989396413 0.08928302502075553815 88.2617706782376672
0.07794138030502155423 0.01276280559527395893 0.9968762204234008495 4.81806483680515818 0.0267066298679507555 0.9995324239959026968 -0.01488488669941565208 -1.506349533218685144 -0.996600142365088093 0.02778335187927470293 0.07756407988085030347 88.29028195483269315
0.06801219350117737594 0.01333053275974980731 0.9975954014719589091 5.331793188815199258 0.03038885884563277684 0.9994190336764017246 -0.01542669609214936816 -1.522324618316584166 -0.9972215427011963396 0.03136498816128385075 0.06756757634120509615 88.31574069124222603
0.05994988609365530657 0.01386170055006078275 0.9981051101316641416 5.852436062205804923 0.03230005372298597882 0.9993529573965492796 -0.01581909137828885203 -1.535176092746988852 -0.9976786376383393051 0.03318720021561109151 0.05946335816474258851 88.33799755231525808
0.05368700277984966851 0.01418735858257999527 0.9984569950376278591 6.387362138482602703 0.03458809322763136546 0.9992725609247148366 -0.01605874788697745151 -1.547890731124249797 -0.9979585741765769624 0.03539686839511439753 0.0531572313855416187 88.35943499907281762
0.04840433368759464172 0.01518140099676660443 0.9987124169721725009 6.962687971677931742 0.03602034216336774675 0.999207496457309885 -0.01693471513750125293 -1.560879347456181954 -0.9981780911258364419 0.03679367525543211781 0.04781913050385458441 88.38542365770531717
0.04273015149914525385 0.01597706167928063595 0.9989588649416039079 7.555195422175840392 0.03605261421653804116 0.9991961890452124573 -0.0175229965586137966 -1.578496324118168426 -0.9984359214660667448 0.03676383754778404789 0.04211978677008284405 88.41298648035237306
0.03825669215361138936 0.01597795313673743348 0.9991401686729975973 8.155139629612410346 0.03767299243538266978 0.9991382015065716216 -0.01742040599906420281 -1.593314606171214454 -0.9985575182342101286 0.03830704573945153957 0.03762178267360690581 88.43318957499377575
0.03493635500958058165 0.01588469463814484381 0.9992632654480781973 8.756587373199215207 0.03964531800440963816 0.9990645368052485376 -0.01726761960800185514 -1.608230081909959086 -0.9986028469380361372 0.04021937615558610762 0.03427391718393044823 88.44674125095309591
0.03237985353278204081 0.01541120053913199416 0.9993567861654442108 9.407073336611182057 0.04109918200453988035 0.9990148055301860675 -0.01673756881882993916 -1.627549682871985537 -0.9986302360547120172 0.04161470495140086323 0.0317145631402390854 88.46389096669807373
0.02944078388281721331 0.01496412565853224436 0.9994544818201024361 10.0763070197150828 0.04261090602781461567 0.998960137041858931 -0.01621190738497272146 -1.64291870551242325 -0.9986578477915148966 0.04306495069044043861 0.0287725325494557066 88.48348704429439238
0.02873726526388153263 0.0147387548747900908 0.9994783062807665042 10.74078479156198895 0.04704713674589736799 0.9987631559105063506 -0.01608092068742618397 -1.657948074674096217 -0.998479184831751132 0.04748471248180169413 0.02800830358264305014 88.48869751073704037
0.0298119122845984276 0.01415023082702933713 0.9994553351197721369 11.42289471889448293 0.05035000863798561044 0.9986091000432860687 -0.01564009791038438457 -1.676590577429200701 -0.9982865683594459583 0.05078884409890785379 0.02905798063068553913 88.50931212926577984
0.03246082704770727329 0.01400501767075955535 0.9993748547264669213 12.14425337877366573 0.05253258727295551794 0.9984957380582157871 -0.01569901581296901175 -1.698361896512669222 -0.9980914627718295851 0.05300934783718645738 0.03167627544395117817 88.5288647926471981
0.03623688464219742417 0.01395858829757478693 0.9992457115829821435 12.86695655179250508 0.05471774479189239759 0.9983747048997203555 -0.01593071836049386042 -1.714014320984498241 -0.9978440773533162611 0.05525374936929304537 0.03541420407551441191 88.55441315106337186
