1.000000039978027555 -3.858921975592287847e-10 7.909684333061825356e-10 6.893855816064720088e-10 -3.858921975592287847e-10 0.9999999352479277404 -2.439174453917419472e-10 -3.575088773632995043e-09 7.909684333061825356e-10 -2.439174453917419472e-10 0.9999999059029300863 -2.749857064276994834e-08
0.9997743609991003311 -0.0005811485435862496617 0.02123603740836484816 0.03751942882910769966 0.0006068141372374260753 0.9999990284941508989 -0.001202199371969631461 -0.004488418635308081411 -0.02123531791508449784 0.001214813908012261435 0.9997736730542708949 0.3133854782204774092
0.9960418346525187205 -0.005456103004539305905 0.08871850767403445526 0.1857267620779708972 0.005982844240685012902 0.9999659494446082597 -0.005672391285424765138 -0.015850579768724532 -0.08868454177911740122 0.006180727331434137523 0.9960404928406515479 1.151612690175668252
0.99152200684199987 -0.005164970940319173719 0.1298364776332927017 0.2883728679910151915 0.006478163146167184583 0.9999319637825125895 -0.009693900423801058569 -0.03855968807420748906 -0.1297775821769583393 0.01045281662913561879 0.9914879382264096819 2.031268076570057257
0.9842746184259268949 -0.003680360115464097626 0.1766069265993027992 0.4062855414305877044 0.005883167754940045284 0.9999112129433901375 -0.01195094405127641521 -0.0689146118654441614 -0.1765472722934534611 0.01280201814122396142 0.9842088115271224735 2.958655770496274595
0.975050960294136293 -0.006177794298889740555 0.221895320782569877 0.562215469136065682 0.009092560668279339384 0.9998851848944296794 -0.01211663600405730144 -0.09814432907500815484 -0.2217950025898777766 0.01383193328353469857 0.9749951140946988559 3.93490548380738181
0.9635309282554525012 -0.007579333122056367347 0.2674897657403337292 0.7634656475853659474 0.01149607058034190533 0.9998483071026164071 -0.01307951249836401299 -0.1375944844112132748 -0.2673500712565757276 0.01567759503667334395 0.9634718332144407427 4.941367044044609358
0.9502757454295424067 -0.01041005420063429061 0.3112357721312174474 1.030950806460480207 0.01597733452672904855 0.9997545596103194487 -0.01534326660952375736 -0.1803719869985198065 -0.3109996767110960181 0.01955305101717045441 0.9502087684264947098 5.949420128159863097
0.9353475211050252813 -0.01218960128359558061 0.3535201438411696984 1.342668666196007887 0.01971058890913552145 0.9996492945590181867 -0.01768194256155667526 -0.214061128436841136 -0.3531806479769496465 0.02350685008455768304 0.9352596890238451532 6.955154449511900872
0.9181415005998243561 -0.01222695041908412709 0.3960640681184195433 1.716726478794756927 0.02106110758020525442 0.999616727829383489 -0.0179637890192896367 -0.255321919984767165 -0.395692649609923508 0.02483484683634868892 0.9180470519889257774 7.937159942770398935
0.898710945185701382 -0.01296449950500045897 0.4383498757463218931 2.140494301997539317 0.02278810778648817856 0.9995930250063240763 -0.01715683636318549726 -0.2911917101210687586 -0.4379490754636994332 0.0254081995210203096 0.8986405664184039521 8.914712860695573227
0.8767657839305721401 -0.01304053451374200152 0.4807408389338087562 2.600250401187002236 0.02360339955586926788 0.9995943703785955536 -0.01593250678794851105 -0.3338595760318846528 -0.4803380975361233318 0.02531619361338056581 0.8767178819254164424 9.867543938182192775
0.852778536007019472 -0.01321580758636286233 0.522105501849620901 3.112001719563814994 0.02480084688624913797 0.999576685329118475 -0.01520653416641352257 -0.373045961847554397 -0.5216835527484673385 0.02591646325697312403 0.8527452464449803982 10.78808842734648898
0.8268931168936743958 -0.01377130438579056079 0.5621905039379470059 3.662110087145811654 0.02652167741552902483 0.9995426491933695479 -0.01452458673823566956 -0.4127250098103786846 -0.5617333982346175425 0.02692051467523850702 0.8268801174276804167 11.67764492967394752
0.7995506862146372073 -0.01527597644590786806 0.6004043446629472314 4.261917163169985479 0.03011805448675970373 0.9994384882339231169 -0.01467929148105377724 -0.4478387930553992535 -0.5998430076431920943 0.02981984693191279401 0.7995617563563971464 12.52845795953454378
0.7700276465496439515 -0.0153666462578930154 0.6378254588126648361 4.894107352697484536 0.03189020766856113381 0.9993872490137760689 -0.01442261215951852645 -0.4922271062380910167 -0.6372130435171975416 0.03144619498111201478 0.7700458035045588678 13.35469379562004377
0.7402816941184704458 -0.0178874115143511335 0.6720588322693875627 5.564587021820342372 0.03654853771533154994 0.9992384070211663971 -0.01366312309234303524 -0.5223148700692500368 -0.6713026413954278349 0.03467732592211798109 0.7403716081829024853 14.1333111624879848
0.7078074653117243376 -0.0174780786472056443 0.706189155030347071 6.25466598278134267 0.03737390243728871964 0.9992202133746729276 -0.01272899108743792522 -0.5567843812344971388 -0.7054160444451192946 0.03540271792661104505 0.7079087014438250058 14.86222582299755679
0.6730977677076278587 -0.01662276121777258794 0.7393666792273080324 6.967930149698664088 0.0389640149981117373 0.9991558746426636439 -0.01300824075989947919 -0.5949084450086086218 -0.7385263749652397625 0.03756451055798579186 0.6731772316593288563 15.54696324381052008
0.6379651113650545158 -0.01744667789594907259 0.7698676063855762752 7.713339520106069713 0.0434895475483407859 0.9989639485437915578 -0.0133999785293305012 -0.6256470106986322666 -0.7688362476229485543 0.04202991087190227626 0.6380628505717140797 16.18146879939767757
0.601263140310463573 -0.01618660958415199871 0.7988871164983046835 8.479410641126202464 0.04449650838650393014 0.9989216079716393137 -0.0132496240720538002 -0.6558742268093366024 -0.7978111872446775887 0.04351419602175669171 0.6013349488492246708 16.76185547277553667
0.563214737957126621 -0.01514914099384821397 0.8261716841199412409 9.28410514237466522 0.04762274746020195987 0.998765080245706427 -0.01415129332437606302 -0.6853225405831129269 -0.8249371010042377828 0.04731478046685882316 0.5632406176144444387 17.29211751235836658
0.524141082306261219 -0.01373772826004003578 0.8515206304597113807 10.12397708608630076 0.05199150036677649411 0.9985209851535851167 -0.0158932952982541037 -0.7197790508718772129 -0.8500429352791811777 0.052602162012742891 0.5240800786291811564 17.78310651650529195
0.4857683307640999759 -0.01273058398784151536 0.8739948737054130667 10.98454434417180359 0.05446021955949208876 0.9983920224621272155 -0.01572656138761725081 -0.7430875747076989279 -0.8723893570249264817 0.05523741594609393735 0.4856805029215085501 18.23313843835461512
0.4467325319401570516 -0.01457128257891977634 0.8945488784401047777 11.84085751860151525 0.05934054785453889147 0.9981481181571194572 -0.01337551564104729786 -0.7703243375876019927 -0.8926974383310490868 0.05905829611711397448 0.4467698729856902085 18.65954091090556943
0.4096269841504532883 -0.01502830477949384028 0.9121292961517974973 12.71491461212917251 0.0637239918055258342 0.9978932106346628528 -0.0121763668648458695 -0.7976294606603248072 -0.9100247000163050881 0.06311228570315148556 0.4097216215332060707 19.07694643389682199
0.3739964738151878021 -0.01330363013558346491 0.9273346840257881141 13.61399796762409586 0.06536100978805838013 0.9977889084658860819 -0.01204588872771386251 -0.8331548876446069896 -0.9251240674614594761 0.06511664867617808494 0.3740390461369392239 19.43812197256754004
0.3401400453330065132 -0.01349697386039534937 0.9402779074142401106 14.5460280553850474 0.06629143004593626709 0.9977534914703417579 -0.009658543741787749617 -0.8495243730529848936 -0.9380352642056072332 0.06561762203094717583 0.3402706279179195659 19.77010982530238437
0.3067099646651556544 -0.01506556285520497737 0.9516837633181838285 15.49465209494456985 0.0684547915407019425 0.9976344599013504677 -0.00626872136901729729 -0.8703135758091556928 -0.9493381364277673207 0.06706999029507691723 0.3070157186135464844 20.07889333168226997
0.2738151415123872834 -0.01484296613154432835 0.9616677757943677962 16.46008268157955357 0.06965191752542787551 0.9975614328381825491 -0.004434980301702845691 -0.8838146767947360205 -0.9592569177970566852 0.0681963666872793528 0.274181246931993694 20.35075222453540889
0.2413515629071874558 -0.01212196946116776176 0.9703620123502059158 17.43252655744104374 0.0671698652470240215 0.9977324684632030705 -0.004242816842969367869 -0.9069048355335141975 -0.9681103169359583926 0.0662030935016036659 0.241618504919016569 20.60721677626398929
0.2104585709599893217 -0.01041717915500364917 0.9775472492124097634 18.41264820324132856 0.06703344958162134326 0.9977434300100901376 -0.003799397946427923375 -0.9244218287747013596 -0.9753018292786809207 0.06632797752775017319 0.2106819412997252561 20.8230397568101786
0.1796480040728136163 -0.01012239540829775082 0.9836788511707911242 19.39750733617844247 0.06883300450990020858 0.9976254685684549095 -0.002304971474105934476 -0.9392414903809562787 -0.9813198062886379081 0.06812365168370487778 0.1799181666426580561 21.0028735135212159
0.1484547708768234053 -0.01053833552859316167 0.9888630206281293633 20.41418974136396969 0.07059653989495265347 0.997504886451191175 3.200493691095611241e-05 -0.956480662671107873 -0.9863960960664148736 0.0698055537028490769 0.1488283190588806926 21.14967630051636149
0.1183204550388845949 -0.01086530551455245838 0.9929159899049893045 21.45038858391227166 0.06971950984661345885 0.9975631603660423119 0.002608060071386471106 -0.962730031017497101 -0.9905248142316623872 0.06891702662680258828 0.1187896425889334723 21.26162729467548829
0.08915382130526142146 -0.01103281798043573292 0.995956736093929873 22.49418987501675105 0.07011641202918993121 0.997527328737181529 0.004773692587295727194 -0.9675364585942078932 -0.9935467940116171626 0.06940731727002742713 0.08970694858976338559 21.36115109137030288
0.06117829678058973875 -0.0108178066628930019 0.9980682028551973728 23.57945184963575969 0.07275125707108603956 0.997329834168916407 0.006350390681472675193 -0.9742796701735154663 -0.9954719569486822905 0.07222220754455767333 0.06180194531499001026 21.43376992652537893
0.03627136694738462147 -0.01019346603535514241 0.9992899615791910328 24.66022927641107287 0.0769275863517539793 0.99700931959704997 0.007377950045650324973 -0.980448689718415145 -0.9963766760652987831 0.07660535353809919124 0.03694704704026341435 21.48226575214775735
0.0128691973083677174 -0.009694542723449018143 0.9998701643379100945 25.76297612043343577 0.0813280115971008466 0.9966500793000612202 0.00861655857036448293 -0.9818574289530688226 -0.996604276734751604 0.08120656101252192449 0.0136145234378279318 21.48632457780491833
-0.007219409534927581813 -0.009876799650144129847 0.9999251346169800714 26.88554361752369104 0.0870375346039927722 0.9961499693919058096 0.01046791603103341441 -0.9860492850239402918 -0.9961788463225021983 0.08710658733125473119 -0.00633196187780568371 21.47432711244186976
-0.02550582442864393617 -0.01014384060561517552 0.9996231796800191249 28.0221976553844847 0.09129070246458745319 0.9957465937505844966 0.01243382352182443445 -0.980118556019548226 -0.9954975674820970566 0.09157343367089289254 -0.02447129778672866088 21.43547880641458292
-0.04179634296889556816 -0.01019814637387746539 0.9990740761233739553 29.15538645764872783 0.09433958408322018485 0.9954400461554111512 0.0141077542510126188 -0.9812057894192595109 -0.9946622819230459545 0.09484188169628592069 -0.04064366189229674103 21.38516871105646544
-0.05564784674560195599 -0.01067677981415783572 0.9983933441994273794 30.28380614286090022 0.09668057345380375034 0.9951862833412713494 0.01603120562171471419 -0.9751095072964555133 -0.9937585876751751091 0.09741733937424459921 -0.05434773284008419247 21.31136847262209244
-0.06927857057400906016 -0.01165165353661368544 0.9975292802986998053 31.43432719289860344 0.09683168764874271195 0.9951315610206730167 0.01834862161463913025 -0.9675628281811415876 -0.9928867261106939512 0.09786360620317240133 -0.06781303812841463219 21.22260021230548332
-0.08079737210008706982 -0.01133636118158705755 0.9966660515008484156 32.60469444806783201 0.09677771144502445022 0.9951214369814005423 0.01916433178630951029 -0.9577649079471866056 -0.9920210715705176652 0.09800348341806609798 -0.07930608446445856774 21.11737534116804227
-0.09221352708684996125 -0.008691699348570698994 0.9957012938960397852 33.77041589290021761 0.0969348099130496188 0.9951339085017588681 0.01766403599416481104 -0.954912603426997908 -0.9910097151614738475 0.09814697494687374402 -0.09092227312402488548 21.01462081647462909
-0.1022822655712732204 -0.00520687926533980848 0.9947417623099392703 34.92421104021610745 0.09767957159654266919 0.9951009673598680827 0.01525245751998764027 -0.9529225420515466949 -0.989947971976798291 0.09872600131530225032 -0.1012725686812278592 20.91700312263001038
-0.1120144827543655408 -0.002768746093736794249 0.9937026904898723645 36.10958698292660785 0.09825503551482611675 0.9950648444866497799 0.0138482736835312259 -0.9455482315275094418 -0.9888370197999718503 0.09918749655744373006 -0.1111896229321748253 20.79135098189364328
-0.1195240183730201938 -0.001438200481069046082 0.9928302413910410351 37.32098820937336114 0.09797315111315033076 0.9951009678166654604 0.01323619762897002873 -0.932133715151328146 -0.987985434616328928 0.09885274701253865537 -0.1187975531153687703 20.63587760835776663
-0.1253950134993463972 -0.0005381275859800308892 0.9921067224854158706 38.57521078604071363 0.09787005807970239335 0.9951154002555121503 0.0129098148896362435 -0.9231512156929688739 -0.9872676895572168876 0.09871636518503627833 -0.124729833847103469 20.47381421146580038
-0.1303147541342923599 0.0008780158079308914617 0.991472259771428388 39.85919840381544788 0.09852506154283131867 0.9950613221687866217 0.01206850447510787044 -0.9173046015657200236 -0.9865651655143078402 0.09925756580765021653 -0.1297576691365594503 20.29665996879487011
-0.1349782222587624092 0.00250885668234719552 0.9908453629428544129 41.16483892990114413 0.09796522831546775056 0.9951308914437146935 0.01082563412705377266 -0.9141736953899411988 -0.9859937334639298223 0.09852961328885825876 -0.1345667700538071831 20.12703850959843521
-0.1388597955089199143 0.003428125790721762121 0.9903060907580532035 42.50089356365225512 0.09826789629002175008 0.9951062729562808462 0.01033428792769398863 -0.9094227613949339428 -0.9854244399109243213 0.09875030955655862697 -0.1385171187023445938 19.94339565467102915
-0.1416783560331963676 0.002666683771479236385 0.9899091274349136604 43.82992812113460701 0.0979651331378827428 0.9951251690222282509 0.01134028597387343011 -0.9018644762966349093 -0.9850533108687122841 0.09858324877008584064 -0.1412489302562033866 19.75092141472297769
-0.1443878125868696682 0.0007855967254006230921 0.9895208390246269525 45.16697127654412469 0.09842898896449304991 0.9950514528442461204 0.01357246289457555988 -0.8925607600210633263 -0.9846135500547327224 0.09935723017407795121 -0.1437506182374181651 19.54832352041034937
-0.1463711581651979954 -0.0001288448014427623085 0.9892297083998415896 46.51764751482633642 0.09863483256064738136 0.9950146947561087085 0.01472407732065351797 -0.88065723073607316 -0.9843000574969358318 0.0997276830880100551 -0.1456287346060186061 19.34085620432342978
-0.1478222150628433207 0.000160186182350127742 0.9890139107483019165 47.89999871514316965 0.1002664210392240351 0.9948501054753609019 0.01482511072869346913 -0.8713315823218409362 -0.9839182826542299809 0.1013563620162051537 -0.1470769973705606248 19.1322712789839926
-0.1492029968488731706 0.0004282261112448977093 0.9888064679126267187 49.30795695363701014 0.1008576969348041752 0.9947908912933050019 0.01478780042510270155 -0.8579500121121870215 -0.983649399001839897 0.101935123306457695 -0.1484689618503436392 18.9430168025603507
-0.1504468359294645341 0.001493961454005451753 0.9886169462020466536 50.75577418978744504 0.1023453596738025106 0.9946493275815326829 0.01407174469570393778 -0.8541059736391154456 -0.9833062221048306517 0.1032974024490712628 -0.1497947338565631392 18.75156636147708866
-0.1504357879382492713 0.002158024818486976252 0.9886174008763723986 52.22512468305239963 0.1024496560040296655 0.9946476196497000544 0.01341835372449269419 -0.8386203545346918586 -0.9832970513584886607 0.103302109300038969 -0.1498516769192984599 18.52588159295754977
-0.1497431346137578778 0.003329309142959192575 0.9887193019198572408 53.69408831904438983 0.1021876528571736553 0.9946911527780790685 0.01212706441618286238 -0.8367842560320474243 -0.9834300314344339711 0.1028508455012645262 -0.1492883751512558421 18.29992828948210359
-0.1481285408605086118 0.003080680576509350812 0.9889632922307889373 55.1965726447930578 0.1019327179415874945 0.9947167973263584262 0.01216904381307977109 -0.8281105099809313863 -0.9837009737793278585 0.1026102950985139511 -0.1476599596892638477 18.09278000736108183
-0.146721531437773528 0.00244601844199280466 0.9891747862451977236 56.72445988991974275 0.1019326899308868883 0.9947106768786782016 0.0126596810382610548 -0.818727874712972481 -0.9839118193704992077 0.1026866906326698997 -0.1461947929778631416 17.86896203555979312
-0.1453569962662371873 0.002946088481423144324 0.9893748595373536014 58.25771169773803848 0.1024034179027790148 0.9946694985760756724 0.01208305058966037925 -0.8117516970800914278 -0.984065461718233947 0.1030717191973447716 -0.1448838501007057022 17.64744216029821544
-0.1441864504525946222 0.003874851431731144227 0.9895429255337514496 59.82182164392867918 0.1026949435459112714 0.9946512458595773154 0.01106883889393874693 -0.8042468004233169765 -0.9842072776295801573 0.1032170275136084781 -0.1438131502818667529 17.42056870085857767
-0.1436478627900240335 0.004443403716514326453 0.9896188640587187946 61.392802316089508 0.1033251874481698057 0.9945917984794225841 0.01053240543649370219 -0.7965316767476461335 -0.9842200701063886781 0.1037655081894418296 -0.1433300918095049281 17.19601516978459443
-0.1418746794903425756 0.004450200808631943165 0.9898745978095938591 63.00670247828257686 0.1028751886799277038 0.9946411571810702679 0.01027304796245789333 -0.7954865802859807378 -0.9845243623422738066 0.1032910174521828039 -0.1415722008400741583 16.9708957378214258
-0.1412889041767046994 0.002621940799694010785 0.9899649081247164917 64.63543964180750834 0.1038754923604336688 0.9945155240124132767 0.01219123140209700529 -0.7918651433356783675 -0.9845035687079844999 0.104555573970194382 -0.1407863542303636195 16.74216423400603659
-0.1410558292214139364 0.00109767128474125026 0.9900010083266262972 66.2827143034798496 0.1060465788021675571 0.9942624371351839185 0.0140071698934556392 -0.7787287629800024868 -0.9843055040625053875 0.1069620088043943956 -0.1403629071128232597 16.49961879365388029
-0.1401343178455141947 0.002029560859886316362 0.9901303965329130152 67.94581604440092804 0.1083297394737858244 0.9940260538856975359 0.01329448661699070625 -0.7786318946105821315 -0.9841884929461754972 0.1091235775250859186 -0.1395170151345562215 16.27203720277522336
-0.138732908852629816 0.003676624207270651895 0.9903229830105281239 69.62267149876055328 0.1095318355780501157 0.9939148999878799629 0.01165419399519564483 -0.7795859275430373492 -0.9842539845436509838 0.1100887101504526566 -0.1382914030635582769 16.0442030424815627
-0.137946395470024602 0.003591102530597412024 0.990433159872300517 71.28452151235444489 0.1094491303872095062 0.9939241749588165753 0.01164018680219195898 -0.7716689357138543093 -0.9843737242009047428 0.1100077656425520745 -0.1375012908480651719 15.81901371454916472
-0.1378767750926865598 0.00306693145036200784 0.9904446158338858774 72.98042443051413386 0.1087282485745349747 0.9939983145383233243 0.01205778998810841385 -0.7687627309099122064 -0.984463362399586428 0.1093517933897118766 -0.1373827346423015794 15.56905689272135618
-0.1369577548518802479 0.002324534565032164782 0.9905741355928444625 74.66876552280065482 0.1090066940096042075 0.9939593215729090048 0.0127388919206469324 -0.7614499245479319223 -0.9845608478244345374 0.1097238975152002582 -0.1363838174953440618 15.32289651849031387
-0.137677441266482653 0.002452169785771304931 0.9904740568210473883 76.36901372810264377 0.1107284590149101994 0.9937665050543124101 0.01293110522799665457 -0.7588306740405282858 -0.9842682965492448588 0.1114539832036718359 -0.1370907451357196993 15.08926265207482764
-0.1375067422592821664 0.002425897078838606859 0.9904978339483939687 78.11547834638071208 0.1114245581133100765 0.9936873406046273782 0.0130349021103254338 -0.7475714980075844895 -0.9842136011772548709 0.1121581660736237357 -0.1369090040754892545 14.85687915773942969
-0.1376769487862234687 0.003181682141747773588 0.9904720505281210396 79.88636347595311804 0.1118713217779997299 0.993645786687339827 0.01235838479091882873 -0.7469490138620351605 -0.9841391233997837107 0.1125068778622592414 -0.1371580495893105489 14.63084051609802572
-0.1381774251406065468 0.004205743321957686708 0.9903985355037223659 81.67094757727342369 0.1117536306694222187 0.9936708096172861548 0.0113718889173647468 -0.7473199121740599082 -0.9840823513821016499 0.1122519661685017489 -0.1377728714705162283 14.39728344870772858
-0.1394473748021270443 0.004711913085425854623 0.9902182465519580035 83.45495781986201678 0.1105848905570011587 0.9938074556657279235 0.01084411032237373416 -0.7450556308389461035 -0.9840352436627131105 0.1110153548758202185 -0.139104897525893223 14.1653139242042645
-0.1403411392655685985 0.004978601926201257216 0.9900906657742014616 85.26349149570803831 0.1091893367761868489 0.9939656685353832621 0.01047903438364462467 -0.7484087556060642354 -0.9840640235870042885 0.1095779785626633113 -0.1400378748721802236 13.90522572936189682
-0.1413719111671950246 0.004661533633431204013 0.9899455546519729809 87.08670154442270928 0.1087553946302946273 0.9940092573341271498 0.01085044317818627778 -0.7442973615886359084 -0.9839645298807954132 0.1091958631576925159 -0.1410319456048849396 13.6501561445020787
-0.1424609411194846798 0.003907280587795462432 0.989792686269054145 88.89782362804224647 0.1077773716691501349 0.9941074519140274957 0.01158808988637587828 -0.7433094084257064749 -0.9839150713550718352 0.1083281002586150427 -0.1420425897834696749 13.40110431191367368
-0.1429805933919034711 0.003328760030010435595 0.9897198682794526858 90.74568425758208434 0.1061808292520747959 0.9942744154655984712 0.01199540899695373565 -0.7366331349936287021 -0.9840132776800608605 0.1068043829422980623 -0.142515386562892199 13.13912922016148421
-0.1455316979868701566 0.00421244002758766091 0.9893445955388133761 92.5924698463098963 0.1057727180042835335 0.9943257708443024034 0.01132542007622886794 -0.7326572274991325351 -0.9836831839291803048 0.1062938704534768658 -0.1451514689760948773 12.87025437363748281
-0.1478707067555041499 0.004947816656037020561 0.9889942981504595831 94.47371262268092096 0.1046095697756154325 0.9944561089460371983 0.01066568545243167833 -0.7275931927390282272 -0.9834587136331147672 0.1050354064636828261 -0.1475685064328429719 12.59914086392130628
-0.1508882831750938958 0.00561873072812892841 0.9885348271871192694 96.37031981216382803 0.1049532977214743396 0.9944230426791446087 0.01036769254027851764 -0.7314993970725868211 -0.982963621326729764 0.1053143493213937604 -0.1506364795597684991 12.33477117616867247
-0.1562015405404829638 0.00513796020566278152 0.9877118147540809856 98.26173709710984383 0.1026900406014392975 0.9946517854549716819 0.01106583782548052966 -0.7269127865190027071 -0.9823725281480969462 0.1031566633298952734 -0.1558937477481474598 12.05379347110751453
-0.1604675043868064033 0.004472161610064688542 0.9870309665295194934 100.1678286504027113 0.101229841400737014 0.994791225886563879 0.01195021306802586392 -0.7228254745265243475 -0.9818363657912605458 0.1018346051749902254 -0.1600843705405259887 11.73244895564435097
-0.1653078061928889564 0.005118973390321743429 0.9862287131334989132 102.0742300190039629 0.1000108602809267611 0.9949186672207488424 0.01159934913727255802 -0.7245826786159480504 -0.9811580439424960609 0.1005510411537817589 -0.1649797637375839954 11.43623363187466246
-0.1702252210529282272 0.006810414067773754368 0.9853816224576839033 103.9925595072586475 0.1005197197081668242 0.9948797128391047018 0.01048877501015512033 -0.7305715454429052569 -0.9802648164934950614 0.1008357346909594943 -0.1700381881878441914 11.11722105221187462
-0.1757347461406741918 0.008518171206271230728 0.9844006752868762478 105.9342022373940324 0.1003811564056221461 0.9949054234471329528 0.00931092383429959862 -0.7409407946531869626 -0.9793063223979555643 0.1004515271570982637 -0.1756945037426766165 10.81012762972630448
-0.1801824095628467293 0.00890175727463572361 0.9835929076372385005 107.8666190782536063 0.0991273609315261317 0.9950325866238545203 0.009153650351781230168 -0.7414783096308735777 -0.9786255752130524899 0.09915029216381812671 -0.1801697642903002106 10.46091795641353173
-0.1853662634839729761 0.008562523964318658615 0.9826321701147072707 109.8151651277348293 0.09702097020784070103 0.9952356842061689246 0.009629933741101366282 -0.747736650350519727 -0.9778682072820026328 0.09712098764101587123 -0.1853138516254117518 10.10361701330329431
-0.1905566452407519429 0.007891250172470344257 0.9816444588434581897 111.7725023453287463 0.09477561042916543554 0.9954443157473716886 0.01039563712048561378 -0.7498096353949961212 -0.9770904256971720825 0.09501690693446576685 -0.1904364142054207898 9.730701232092142661
-0.1960634924607518315 0.007412771767408622182 0.9805631588372033525 113.7407468739083072 0.09444206176490232973 0.9954654984127210282 0.01135824763436437193 -0.755091205808282262 -0.9760326611094169991 0.09483334050694094963 -0.1958745061357921868 9.339304359029942049
-0.2020095378837149236 0.007310636041573982669 0.9793562437862906034 115.7224229250211636 0.09447688962744718588 0.9954539788831885394 0.01205672433609317543 -0.7547218841203063855 -0.9748159907981137628 0.09496210145364251953 -0.2017818704474866331 8.966257884387870192
-0.2071155221103110344 0.008895138563336679738 0.9782760286965214158 117.7015332571103983 0.09532339412833262804 0.9953840615425036953 0.01113067499781559416 -0.7544440474939850816 -0.9736614212914841415 0.09555792338359925253 -0.2070073900777504583 8.544579456494071579
-0.2128443228319363834 0.009530337428756295928 0.9770396197352182455 119.6799431388263315 0.09433739159349141534 0.9954811925255632188 0.01084081286406199905 -0.7610090072510529158 -0.9725213125630376432 0.09447877109715381583 -0.2127815727605188723 8.125652647090198855
-0.2184946642670860251 0.009789692563204907202 0.9757890118004741709 121.6536790015502447 0.09533130179595385167 0.9953807140894567196 0.01135994205439786429 -0.7613289930160603847 -0.9711704163173421334 0.09550531987327727512 -0.2184186239601133006 7.703705253681494725
-0.2243659080466986477 0.009844004124832857541 0.9744552258433817338 123.6699444724852981 0.0947907828549994641 0.9954275756484560755 0.01176947239364572149 -0.7598604658985942395 -0.9698838075210863829 0.09501003847131521407 -0.2242731172376480342 7.247379770160687684
-0.2297680607278990428 0.01056740870265088748 0.9731880192173972821 125.6663578085779989 0.0939735290591913186 0.9955096214907153129 0.01137720073099683822 -0.7670169419336565486 -0.9686978722682580978 0.09406802638718621268 -0.2297293559513189365 6.794730136312053581
-0.2351431268223354298 0.01056356793781503163 0.971903325374270266 127.6720840069571068 0.09284422099466713152 0.9956125232060530905 0.01164154553937232599 -0.7747788858504111031 -0.9675162089101692064 0.09297303302500295463 -0.2350921917710013243 6.326216044903780755
-0.2397486354262652886 0.01013584946509715583 0.9707820608078209235 129.6908699205902451 0.09446692049018072523 0.9954438788973131169 0.01293662427405872783 -0.7758417129595999162 -0.9662279995022901025 0.09480832617462103817 -0.239613797506503523 5.838204811393462812
-0.2432327123008359016 0.009986194955924098879 0.9699165309536068591 131.7184348447133289 0.09625733358778859605 0.9952594684980583528 0.01389199328874755716 -0.7663972719811115164 -0.9651799458738984372 0.09674056260857712142 -0.2430408876399243467 5.321337986865190217
-0.2469169409251127933 0.01078114731383049245 0.9689766482345708587 133.7653521977862567 0.09771669686459109883 0.9951181307401679721 0.01382839241245565134 -0.7602806392342588149 -0.9640972078658169853 0.09809965803299855458 -0.2467650057223409465 4.806141415881650225
-0.2502057331614948588 0.01129141379957289762 0.9681268248320386016 135.8036147042919026 0.0980029231208542212 0.9950914519295805949 0.01372227287547844211 -0.7619841174419382801 -0.9632198467408177311 0.09831264639926638738 -0.2500841605381567967 4.297113117206805555
-0.2535818595065607584 0.01117748280071549638 0.9672493259354014716 137.8574534256254935 0.09692118744710608025 0.9951947993025372918 0.01390921492930477336 -0.7543516987804438356 -0.9624460915717529819 0.09727407412361208094 -0.2534466651377407787 3.776337936300805165
-0.2573130115917092731 0.01174910828655457637 0.9662566568389931998 139.9107593445974373 0.09593087265672170516 0.9952971398136305492 0.01344405170726308517 -0.7556947942042452349 -0.9615545939885558058 0.09615317009002966042 -0.257229988875978699 3.238215882872371498
-0.2619104133230015785 0.01215553610369822339 0.965015612834506098 141.9545207093491115 0.09453910564542998551 0.9954346296432704522 0.01311971648078612274 -0.7564185446917263134 -0.9604505446395811274 0.09466789975409241331 -0.2618638506672675281 2.702315937865162887
-0.2663509964148925158 0.0121332525825819295 0.9637997125327423253 144.0170607980585089 0.09397460997228090918 0.9954838309859790346 0.0134382389011039622 -0.7511810404723098245 -0.9592840431846125782 0.09415198683593432871 -0.2662883095399322664 2.145500988182440949
-0.2706445159545809442 0.0126232922441422233 0.9625965685413767625 146.0912253157045484 0.09379454069165357732 0.9955024486255822369 0.01331654055552530802 -0.7485082094721245971 -0.958099204964545148 0.09389034813988304806 -0.2706112555009270171 1.570192872080272029
-0.275025863564498263 0.01316227197188744868 0.9613467036261570398 148.1606778845755343 0.09346352064329220555 0.9955363484966727183 0.01310803037501010078 -0.7463302568049232644 -0.9568831179605874482 0.09345589132097907592 -0.2750284171899610719 0.9926668326711072243
-0.2797154880418341594 0.01324104043354204507 0.9599916023309057467 150.2670804675580314 0.09316154361965733877 0.995560589223166259 0.01341310178318531367 -0.7471156425221722186 -0.9555522642179561377 0.09318614832569975526 -0.2797072524880287459 0.3967390743268217612
-0.2841887413022594067 0.01267808886397194662 0.958684505799306752 152.3524429266324773 0.09282530837584115901 0.9955789213768876378 0.01435077527532643317 -0.7408196192943420355 -0.9542642081188479342 0.09306851013220385216 -0.2841091483689716091 -0.2143230456300846409
-0.2877422687314473149 0.01287445318548019642 0.9576213196185885401 154.4520996117547043 0.09361640210737698364 0.9954990719062637439 0.01474579332115858246 -0.7373900037814000719 -0.9531213531229291158 0.09389204700019633532 -0.2876524015386864308 -0.8193739226349672222
-0.2919830023956313525 0.01345675037338615702 0.9563288132505286532 156.5737481871873911 0.09448779868845633145 0.9954153123952533821 0.01484193703365927451 -0.7355310210287623329 -0.9517446823015127677 0.09469499414344084709 -0.291915830050635261 -1.456881343293659814
-0.2952808396564107207 0.01457659146050394733 0.9552992755366208621 158.6907666115151869 0.09469132229690262192 0.9954070375278879501 0.01408028668893834129 -0.7336864475988912337 -0.9507064413146892878 0.09461618689101258806 -0.2953048821125632828 -2.093922674913895943
-0.2991623283476934625 0.01632270476237717913 0.9540625912589391078 160.8015701366356609 0.09503129526693680773 0.9953923250050046301 0.01276885275269590628 -0.7308903055340300048 -0.949458220712319334 0.09448575996505684249 -0.2993350326154578522 -2.750366505741988377
-0.3027706205176914356 0.01743809538691889344 0.9529038891203657213 162.9302793191070009 0.09574905437882938464 0.9953305720244953747 0.01220829033725133288 -0.7278936454218625229 -0.9482415456508893614 0.09493595435354837409 -0.303026515071281255 -3.399869751053278932
-0.3062327251286537932 0.01809423465092421801 0.9517846787647862294 165.0543261654014771 0.09522773790379129855 0.9953865003819807322 0.01171597864103747673 -0.7361017164086870457 -0.9471816907224237525 0.09422411444195805119 -0.3065429723748680502 -4.067712055285841899
-0.3093827167001886869 0.018048969644369528 0.9507662844024632465 167.18203738292965 0.09499848955850312415 0.9954048235596552052 0.01201647101047030944 -0.7304547165550050458 -0.9461805224678683235 0.09403904584039556036 -0.309675651938248031 -4.75327625579483648
-0.3132413101525376442 0.01822256314913567668 0.9494986984603092095 169.3196689031717597 0.09501592862517348193 0.9954004057573679898 0.01224242155095593525 -0.7374375858024101449 -0.9449083631536766559 0.09405232918136097187 -0.3135319392726642063 -5.435105979020484313
-0.3173388413592306279 0.0184251072833500687 0.9481331837348603297 171.4572418661267648 0.09616751525164851655 0.9952822044722855477 0.01284577177670974402 -0.7370920459982432948 -0.9434234621689021605 0.09525607114459079539 -0.3176135763830884029 -6.152139514905556439
-0.3211450666878272187 0.0188882322573027811 0.9468416129735435227 173.5925022844868408 0.09862449833952934009 0.9950316987475001929 0.013601405950852654 -0.7379970105481976628 -0.9418805736460013067 0.09774979981389393668 -0.3214123414236243481 -6.854825982438065957
-0.3236060289868099016 0.01882915719761485765 0.9460045244533256126 175.755382553046303 0.09966748904071862092 0.9949180996809878774 0.01429118625202694184 -0.728713626763942024 -0.9409279942678643316 0.09891060586600237958 -0.323838127797663522 -7.588812402887958442
-0.326386763971433902 0.01835143154452376774 0.9450581278135006258 177.9310401667441397 0.09929017242350191008 0.9949458312219899847 0.01497083947895567167 -0.7260541035246346198 -0.9400069696408122066 0.09872126457985071213 -0.3265592443673477341 -8.327094308155114533
-0.3289507388106031049 0.01889411899978719195 0.9441580289376669821 180.0934623211732628 0.09834219346646919102 0.9950491179068048364 0.01435051774386442332 -0.7196330951145782917 -0.9392125348672502039 0.0975711812731261674 -0.3291802087979566749 -9.049030133717769431
-0.3322381068209336874 0.02060773105739511016 0.9429703717454861467 182.2734307361749586 0.09755202903698949324 0.9951503121770252092 0.0126225676258495019 -0.7151068077019587799 -0.9381371986704526433 0.09618236742830790775 -0.3326371586617546394 -9.834386859890594579
-0.3351622194591720727 0.02193408773363893227 0.9419050604465989407 184.4421321628763053 0.09654360034433230597 0.9952659358635865816 0.01117683016795479808 -0.7203107209457169091 -0.9372009291829574984 0.09468095335663918866 -0.3356931125670600258 -10.59467050198964344
-0.338592925444936077 0.02324478108794156631 0.9406457737906721572 186.6352858524354872 0.09574040770122110855 0.9953573795885882758 0.009865728958462428172 -0.7179447385655041147 -0.9360494470181364157 0.09339827240052661628 -0.3392464083403544106 -11.35665584142816442
-0.3419729606663929333 0.02387201146208518462 0.9394065053565111567 188.8198436989591187 0.09408460922519849834 0.9955238951235789724 0.00895164175924345086 -0.7305410092830668667 -0.9349879907644540467 0.09144490995997150984 -0.3426882189641880516 -12.13302072439450541
-0.345629046653322225 0.02426756834924486197 0.9380573589249079358 191.0233703012092121 0.09462617347994288497 0.9954711066199257719 0.009112328619559075318 -0.7398772887450224545 -0.9335879241619913227 0.09191426037991420883 -0.346360052694903553 -12.93140515203220176
-0.3490672771597684299 0.02332758178384030517 0.9368072489345931064 193.2150123728516462 0.09397630623923212967 0.9955218376390002621 0.01022721817336942444 -0.7436315050282038541 -0.9323735586886351401 0.09160766867213185338 -0.3496963129665985326 -13.74117803123916381
-0.3529274295033461017 0.02261007503343231625 0.9353774511291176319 195.4123341608715805 0.09347726748698848009 0.9955582938852485242 0.01120514485211227158 -0.7485606586010856711 -0.9309694911179824395 0.09139112773724764049 -0.3534733331311548654 -14.54492128752264613
-0.3565823144823305757 0.02251067639594215436 0.9339926578187337514 197.6356834122516943 0.09372071414432400771 0.9955286846373802012 0.01178715996949865862 -0.7541550011888195071 -0.9295512059686802386 0.09173754823272534109 -0.3570976144358967153 -15.3822316877630243
-0.3602146678521529477 0.02278058566433624824 0.9325912291773608143 199.8388412910608452 0.09274621141815689307 0.9956232676120554403 0.01150306805839787332 -0.7586283362042146594 -0.9282475410464120502 0.09063787374578115286 -0.3607508926761393009 -16.22007724793888173
-0.3639880696534847915 0.02350554786110762434 0.9311069420264703744 202.0464159172302629 0.09213444802189477145 0.9956870551660277346 0.01088131285356408982 -0.7647179642684441836 -0.9268354185788080235 0.08974768884820567838 -0.3645838546135899971 -17.04924616978491514
-0.3675199696149953899 0.02375103606940343406 0.9297122800535732035 204.2425934070648168 0.09200872622719859228 0.995698095144020634 0.01093475784579943898 -0.7734296281622200508 -0.9254530950172216164 0.089560381159137184 -0.3681242107500197758 -17.89150699007485557
-0.3698050832637087559 0.02439556567710668075 0.9287890075007028123 206.4537060059545865 0.09296918952653797363 0.9956096303303428874 0.01086577722693642979 -0.7887945145509406286 -0.9244462641335664532 0.09036697753148179024 -0.3704495125520800847 -18.77260852169834138
-0.372680825515512848 0.0243629010949872396 0.9276397012378203577 208.6468368537153992 0.09411514077989761862 0.9954929015146082305 0.01166596131049884265 -0.7896574995713704359 -0.9231745815096308316 0.09165261772630846349 -0.3732940083414567067 -19.65679403725331298
-0.3752494924406314381 0.02422905880547913254 0.9266071094892631699 210.8615196462100982 0.0955713790759271653 0.9953417844890556365 0.01267733890641357768 -0.7893752210567344108 -0.921983674243172846 0.09331428079889400595 -0.3758170779676398565 -20.54529488344991606
-0.3777970872716697737 0.02457638077291348158 0.9255621680013477182 213.0819031088705628 0.09638588194709057921 0.9952601742073727831 0.01291583460660541104 -0.7943066220930685706 -0.9208578003808612911 0.09409068701649114796 -0.378375184821170607 -21.44488658889730814
-0.3807496025074068036 0.02536063769950898383 0.9243303213797147144 215.288029564156659 0.09629292000584474542 0.9952762585739443058 0.01235775303949268079 -0.8002087934459268803 -0.919650683663407853 0.09371167173206601531 -0.3813930632772328244 -22.35249177511954954
-0.3828653417537355996 0.02591258041251249741 0.9234406495552474059 217.5166636099463631 0.09625734722068741978 0.995284313084830119 0.01198042642745536859 -0.8016719177510808203 -0.9187756089624143918 0.09347483378933296727 -0.3835541183544058375 -23.26928013427736275
-0.386025733369964541 0.02689194497061058592 0.922095939577976198 219.7447043143960173 0.09563270694906762792 0.995355765467524578 0.01100712883237087505 -0.8142683653228568463 -0.9175175667517319056 0.09243156228006517428 -0.3868046620284267267 -24.18888678758798605
-0.3888325556043404907 0.02799836714467005688 0.9208828919812135361 221.9694480519110584 0.09532786079059674123 0.9953957627828678989 0.009987279863937726862 -0.824501871372999573 -0.9163633611797830092 0.09166917224753151627 -0.3897112757313804243 -25.11504660330703587
-0.3914365136179946414 0.02801936428250680414 0.919778417286170491 224.1836173836976229 0.09320982149214906975 0.9956026257812445879 0.009338738850349933771 -0.8389193896685172014 -0.9154722018171255193 0.08938790211947975073 -0.392326873551215094 -26.04919727839636323
-0.3946566862409228715 0.02867839475898193574 0.9183809753526640529 226.3894367094328857 0.09380383993711366442 0.9955479194869794046 0.009222307624199744744 -0.8572391007228489235 -0.9140278481979179359 0.08978730401927302596 -0.3955897590476278314 -26.99524499508478215
