1.000000039978027555 -3.858921975592287847e-10 7.909684333061825356e-10 6.893855816064720088e-10 -3.858921975592287847e-10 0.9999999352479277404 -2.439174453917419472e-10 -3.575088773632995043e-09 7.909684333061825356e-10 -2.439174453917419472e-10 0.9999999059029300863 -2.749857064276994834e-08
0.9999992522010056062 -0.0007390002884778353346 -0.001014608707672288567 -0.001024381381878103348 0.0007400394747704525057 0.9999991361148505842 0.001024990704497175586 -0.007598500034862109079 0.001013852010540237068 -0.001025741236308393796 0.9999988658829366273 0.7939962184239990339
0.9999937795821323139 -0.002050095504363073917 -0.002884069517730068841 0.009131485004643127845 0.002060233732516376839 0.9999916284622972773 0.003516949663674382928 -0.03761185747419871356 0.002876837060000507311 -0.003522869993809882132 0.9999895624501073943 2.518469223128781742
0.9999902326866249025 -0.00127995623520767805 -0.004239833857485090021 -0.01895289583649788223 0.001295001409908281631 0.9999928030235478715 0.003547867725676284376 -0.06644828104347408337 0.004235264085297858055 -0.003553324011784931603 0.9999846240036315281 4.202635708120015856
0.9999857992498849546 -0.0007304889200388206853 -0.005286551707833360078 -0.03545519121675121815 0.0007481524945225811714 0.9999940770051189975 0.003340167048677816341 -0.09361349889781084288 0.005284082365767801305 -0.003344075119403917048 0.9999803535345542782 5.873776039507468738
0.9999802467184961685 -0.0006095114344874868681 -0.006262156972565676057 -0.05227481585623935945 0.0006327081692095099571 0.9999928786551696147 0.003703081490832999239 -0.1201717482163750517 0.006259857295590061724 -0.003706970803222380505 0.999973441836010779 7.488794694813553754
0.9999643045137012187 -0.001033756240438054707 -0.0083905292140412438 -0.06640966011120252865 0.001064579730179957473 0.9999926338786410129 0.00367006150267526433 -0.1399537687062810121 0.008386675585493531815 -0.003678863230175155943 0.9999579698511026349 9.076102352453148114
0.999946332550924466 -0.00258507766204436407 -0.01003639972275703271 -0.08848585460937424818 0.002617376053463030695 0.9999913693754430843 0.003206401398014608901 -0.1676272478016361256 0.01002802653752441972 -0.003232498715433002219 0.9999443991907451812 10.63358412689887622
0.9999263628613960231 -0.003704568301178552247 -0.0115596258476749307 -0.1241458050668491908 0.003743078272447222278 0.9999874463985299888 0.003311631458007779916 -0.1867617488393380765 0.0115472148977233055 -0.003354656544379004245 0.9999276073554441702 12.14993387381024625
0.9999138259200782697 -0.003713613536198129023 -0.01259482928188741108 -0.152132563516316377 0.003754614551147778326 0.9999876592842354972 0.00323336378737026876 -0.2127935892046496913 0.01258266878605654102 -0.003280374248973140679 0.9999153601380240675 13.65005831211212772
0.9998997253654268169 -0.003192324238870424165 -0.01379957210097933554 -0.1837477516044834502 0.003237837408272343804 0.9999893236002195263 0.003277130918144668861 -0.2344177850088975668 0.01378896558190076393 -0.003321483438673615302 0.9998993169470111742 15.13651382269310375
0.9998922762609220305 -0.001880858951372085938 -0.01455946939385024431 -0.2139131211745256 0.001936134669787150167 0.9999909037022183256 0.003783435986627314493 -0.2583348977696877657 0.01455222337218581123 -0.003811217856766835853 0.9998867532240749423 16.60598870188665188
0.9998908205319161357 -0.0001614218846532327473 -0.01477839174286463449 -0.2403185384202997932 0.0002298837114440044924 0.9999891855337077473 0.004631032488756096563 -0.2805977934646596283 0.01477748691281358974 -0.004633924495013388989 0.9998799750398951192 18.07286617260567496
0.9998837986861232041 0.0003905684410824329395 -0.01524193169471955468 -0.2684809573491764301 -0.0003081198111115050916 0.9999852463006304593 0.005411352497759548338 -0.3020384126705730199 0.01524382289432249342 -0.00540602762762535001 0.9998690977290727311 19.54157366945884178
0.9998757474549565538 0.0006228142515359725694 -0.01575378212198292466 -0.3063935151062118223 -0.0005348753801960228621 0.9999841919109218047 0.005585725489615440791 -0.3228123799216796042 0.01575701455854165711 -0.005576605409248615135 0.9998602051447456063 21.00655965053057983
0.9998707728803264416 0.0009870130603981568714 -0.01604815379424832933 -0.3469907933674840073 -0.0008993496992705741957 0.9999845764613507493 0.00546886666652557276 -0.3435515446172995313 0.0160533067412831007 -0.005453727313530666067 0.9998561696916578034 22.48182555140364869
0.9998721208288088302 0.001942328032988622577 -0.01587605890593202576 -0.3825890039124029141 -0.001844475989819991312 0.9999791633302483884 0.006175864890750011604 -0.3626836184738462809 0.01588772627054642339 -0.00614579236349385629 0.9998548000880929099 23.96019857762130556
0.9998621489565513443 0.002630564991803841044 -0.0163964356844570544 -0.4156847671350715756 -0.002514876261941120794 0.9999717631261038076 0.007072399972797725233 -0.3780617723291101462 0.01641457975605271555 -0.007030190239188074258 0.9998404622086255467 25.4322111746381232
0.9998643141198018114 0.002987046353964072608 -0.01620218490929652491 -0.4487974777816872152 -0.002887472212677655737 0.9999767583934532356 0.006165685035079733999 -0.399885027867859566 0.01622022816656254127 -0.006118065327069483264 0.999849631367555558 26.89425085042044117
0.9998646762010349187 0.003110815629268188619 -0.01615648487865320795 -0.4803712411062403542 -0.003043882995305544938 0.9999866257735351427 0.004165758873058535497 -0.4266452785668997105 0.01616923033701719165 -0.00411601702418270838 0.9998607034298420126 28.32750210048685346
0.9998800394943315739 0.001740388399574268035 -0.01539342610738285259 -0.5115966213305784827 -0.001676342920670944366 0.9999898250559730029 0.004172547642256259869 -0.4485937551236345855 0.01540053391461370172 -0.004146242767060351504 0.9998727139444628653 29.75858868594151474
0.9998820551488297736 0.0007092655565278497849 -0.01534446588661706433 -0.5394086562788509287 -0.0006116321388897088445 0.9999794812941624755 0.006366583766343273006 -0.4618861107483770434 0.01534866921480803476 -0.006356447931118069244 0.9998619033592222038 31.18664010048022561
0.9998780250756433841 -0.001016247435409763002 -0.01558788348275572978 -0.5735947307119330096 0.001138554531518601656 0.9999685579181312178 0.007839474358312264329 -0.4844779642128187458 0.01557942911480963283 -0.007856265974924397585 0.9998476745695711321 32.61092625561811786
0.9998791430645075362 -0.001769564442998596736 -0.01544822989593092749 -0.598724389640192145 0.00188027049631897189 0.9999725720825808351 0.007154729569730956286 -0.5001059269073553359 0.01543514801160872536 -0.007182911929924756279 0.9998549764087766301 34.03515082372076961
0.9998921291912948872 -0.001501874702462900829 -0.01461349577951801329 -0.6172373588366153463 0.001584132575821089843 0.9999828937631995984 0.005619003132742451598 -0.5273576645104977034 0.01460480928817736029 -0.005641546990128117403 0.9998773346538724072 35.44290613283505564
0.9998960852943364896 -0.001018441275386649603 -0.01438267348830560462 -0.6488329375574777291 0.001086031297138832742 0.9999883359943219086 0.004692430451936512557 -0.5455743526651082309 0.01437772927816972912 -0.004707563178910965582 0.9998854592447307121 36.81499010704036579
0.9999129936704638233 -0.0004517089821800728878 -0.01318639299339180275 -0.6820370097054792025 0.0005025332836641659357 0.9999923927006567625 0.003851297742503617672 -0.5702098719078838585 0.01318455545165630842 -0.003857589595630080657 0.999905544715320671 38.17997381510240018
0.9999278452905678849 0.0002097444532163949854 -0.01201416403090009924 -0.7133663982352725919 -0.0001509490131601157593 0.9999879452039631689 0.004894604584371919226 -0.5950262876298795245 0.01201504818050255427 -0.004892438186087980784 0.9999157537078708913 39.51791174999516443
0.9999467596455489105 0.0006894135660402352398 -0.01029963631709884982 -0.7465950201445251677 -0.0006199015961829572362 0.9999769567617849964 0.006750715457727379451 -0.6169251306338827678 0.01030405526673992649 -0.006743971507881617485 0.999924075684970326 40.84192920649595493
0.9999654015719194877 0.0001280575302087698711 -0.008322210877219481107 -0.7581236074795418833 -6.215503197525975112e-05 0.9999685796277958394 0.007918736270675161976 -0.6382633083542090802 0.008322965567922432917 -0.00791794520194244629 0.9999339209277827711 42.15435294196058891
0.999978058434559558 0.0004235558012609747175 -0.006616886677769499153 -0.7866872717377617619 -0.0003670617991629070891 0.9999634283089071651 0.008536849546614400444 -0.6574281184213877083 0.006620262533115667952 -0.008534233577292259579 0.9999415736980846736 43.46384932846823546
0.9999943531436197297 0.0002600399012363858618 -0.003362440949314610388 -0.7883793810772287136 -0.0002329282007555622696 0.999967416061342762 0.008061206501341976194 -0.6740706349454336221 0.003364429426010558805 -0.008060377940218424464 0.9999617606392088298 44.73192305500596433
0.9999997851468858112 -0.0005653731104467973065 0.0004359088802762899994 -0.7942299781100875533 0.0005626308092075918291 0.9999801584566464507 0.006263914977862328204 -0.6949594877820614025 -0.0004394401245197758726 -0.006263668613968414317 0.999980192382467159 45.98418089415481802
0.999993035234723826 -0.0005876922969444394254 0.003696492972962703901 -0.8069699685626250396 0.0005696797825835768448 0.9999879055691752727 0.004871824371304335662 -0.7226473520116775129 -0.003699310055520570704 -0.004869684915062289822 0.9999812063628248371 47.2124680935566019
0.9999689933545076181 -0.000380262461281260177 0.00787068551746241199 -0.7949426985108541954 0.0003393740319402823759 0.9999863803675322904 0.005195613245164854531 -0.738792597644036042 -0.007872552944264881239 -0.005192781317835070375 0.9999554338756017069 48.42698073070342701
0.9999087317791435225 -0.0001401010618656163954 0.01351252887412624816 -0.7895781491233726523 7.165109224311936123e-05 0.9999871006187085465 0.005065960411478707438 -0.75815313870871337 -0.01351306360857691853 -0.00506453014306491086 0.9998957742977453433 49.62678794544216032
0.9997970269182925307 0.001371036822571059183 0.0201023669197581932 -0.777172636154058516 -0.001458810734635541256 0.9999893998937701145 0.00435229432107065925 -0.7854995837207252585 -0.02009618639437105517 -0.004380736774942056364 0.9997883597384874532 50.82119337802855341
0.999625881219568857 0.00295570534191319902 0.02719266994274085678 -0.7552637337482490665 -0.003073243555829050996 0.9999860466159146144 0.004281616995202774598 -0.8007629259971145164 -0.02717963549091125322 -0.004363585160006851205 0.9996209473613796304 52.01830416469666574
0.9993555145975170362 0.003836832150477585777 0.03569193185715043709 -0.7268128241658605715 -0.004021931958551700111 0.9999787620336021421 0.005115666371727750628 -0.8201538951005412637 -0.03567154660577951525 -0.005255920181575553934 0.9993496525186296164 53.21639255239441013
0.9989413432291044392 0.005659212854357833014 0.04565354135676558817 -0.7144240644379801219 -0.005922778737573529233 0.9999664904877387794 0.005639955144114952926 -0.8362866899754483052 -0.04562009519222266773 -0.005904380420899236342 0.9989413182079334153 54.38781346513909654
0.9982374620557441514 0.007823735502838827932 0.05882888817213499655 -0.6509996178589764204 -0.008178046928579221775 0.9999497642342686232 0.005784380827834201787 -0.8570803701033106181 -0.05878067961484859105 -0.006255291253819576097 0.9982512285069091718 55.54428686506361146
0.9972108108294585049 0.0101271968030713002 0.07394672386547111731 -0.5775095229097282346 -0.010621856343052875 0.9999236805551944274 0.006299186003806318129 -0.8775395159841813397 -0.07387729039704117595 -0.00706706802845696435 0.997242204752013861 56.69713920355986403
0.9958415920284087175 0.01209342703726659467 0.09029591125193885126 -0.5055694946588149552 -0.01282317555845551363 0.9998895424672181731 0.007505967679377233831 -0.8918217112058214324 -0.09019516877435798663 -0.008632635223056949261 0.995886600923592713 57.82035235901221171
0.9940606871850825588 0.0123681305866567455 0.1081224216868796745 -0.3877912291872551154 -0.01336255115919030706 0.9998747148578482902 0.008477460286144848298 -0.9088189417793129943 -0.1080040306318891946 -0.009871901429121613877 0.9941013470146058406 58.92748944768676012
0.9918357441238828676 0.0118779763965931838 0.1269679027321828912 -0.2616882423497496335 -0.01297605723352747951 0.9998851255840899288 0.007824838151311089285 -0.9296969494399658362 -0.1268603807642723069 -0.009408496994470957539 0.9918758681142701983 60.03262980585353858
0.9890790309728395568 0.01067680359088161654 0.1469991619803345806 -0.0964584513635949603 -0.01180295436245879653 0.9999072187103809073 0.006790784487339822373 -0.9385144064064833147 -0.1469130272784088531 -0.008451647022596096501 0.9891132122024800521 61.12913859886294432
0.9857816290622907207 0.007545116191798245837 0.1678622275931213881 0.07708151388738211651 -0.008792686436319453736 0.9999388991296083162 0.006690080625193043327 -0.9610463882990226692 -0.1678015029300468641 -0.008070918599962038226 0.9857876704501363774 62.1888317106028623
0.9818867124879246955 0.002719845840275183016 0.1894496284329628411 0.2724790677398524208 -0.004409969018287347893 0.9999540832214061092 0.008500242177045808437 -0.9693514462869177173 -0.1894178208753139192 -0.009181741879569535469 0.9818535537841620586 63.25195675729874267
0.9771015226757432393 -0.002947663645341610118 0.2127533780731423185 0.4917397868515638315 0.0008206203174856367254 0.999948740547097259 0.010085303563806991 -0.9842009883329816411 -0.2127722127622777848 -0.009679775739653879649 0.9770537881664946855 64.28470814198776395
0.9715147441223148661 -0.008312706737403115567 0.2368334301980288825 0.739466380604806961 0.006224520749579896296 0.9999348307443404194 0.009563477065587364448 -0.995846138453773122 -0.2368975081211442957 -0.007816884457354652052 0.9715031064971354491 65.29988817053829564
0.965158689282249127 -0.01440203692791869328 0.261268744837487743 1.000395709344029882 0.0127132394101565644 0.9998858805463133326 0.008152908992284907397 -1.0141770868798341 -0.2613563628852729748 -0.004547279061392487873 0.9652315755296404509 66.28237507275994744
0.9576663915707468444 -0.01833955973187830282 0.2872956879427643329 1.297545237470705493 0.01653678854834860629 0.9998253375216921146 0.008700550536782676939 -1.023718786765118294 -0.2874050895298221886 -0.00358127703280358917 0.9578023342076645852 67.27282811157625986
0.9489274055601676361 -0.02102915666124012886 0.3147929806424634713 1.624353468740034057 0.01843493740525146626 0.999767080920680784 0.0112163941887483045 -1.039861967397092357 -0.3149555495571838004 -0.004840355120460648579 0.9490939876535049446 68.23233272933360638
0.9392168037832155925 -0.0257156581057049298 0.3423602855513752097 1.975972961501500702 0.02228850507151094659 0.999654303450557169 0.01394154414470323393 -1.041784053801122045 -0.3426004694661251571 -0.005463433713296272053 0.939465218222242715 69.17672459497184434
0.9283434532212532231 -0.0288401224942461884 0.370603213990464031 2.341747573419176387 0.0255594651715264666 0.9995785157250512976 0.01376136526286481955 -1.05099985169282184 -0.3708439125724081742 -0.003302853626724370877 0.9286892447781101012 70.08224716803690058
0.916131365961328159 -0.02892405308153238319 0.3998334384403178232 2.73506893478774149 0.02711880348956676595 0.9995803868628887479 0.01017306447097748347 -1.061368876766084268 -0.3999599337895111684 0.001523140599009641235 0.9165312673768143403 70.98593744779942938
0.9030789719477493316 -0.03001449516503023815 0.4284245048985643733 3.141463564786032947 0.03075904825091375916 0.9995133072399225993 0.005186537299882322712 -1.074788580123222426 -0.4283716914122398522 0.008494076583097275035 0.9035626046143403478 71.85923032087674756
0.8885908767195029867 -0.0318940325079108411 0.4575905123023566445 3.592360798596406113 0.03442144245766481231 0.9994033754511018053 0.00281567541149020141 -1.088958428067309248 -0.4574073340379178898 0.0132489411668982749 0.8891584985503051541 72.69449948178608167
0.8728998492731517844 -0.03283783702643313512 0.4867931576882773004 4.042987215259986833 0.03437687076131393932 0.9993922015080974885 0.00577311970171539169 -1.095029054306823735 -0.4866868924506023708 0.01169506938933709966 0.8734981035830092777 73.51093049047884165
0.8553043093214206527 -0.0319232192342114654 0.517141654918315874 4.546083099950408268 0.03039771565709090129 0.9994725480870763068 0.01142256816538862914 -1.10036469046959251 -0.5172335648591459556 0.005950152689201466082 0.8558235110358894948 74.33621800126142887
0.835172177549128425 -0.03211797219574246548 0.5490500067342423129 5.062948952830032212 0.02866645661497563974 0.9994784818916273572 0.01486166368568077323 -1.102683671203187998 -0.5492410279655651761 0.003327269781030589048 0.8356572706565568165 75.14591458188411366
0.8141750842276338496 -0.02689362535205677696 0.5799962936846193573 5.60251593563746475 0.02514773591872322342 0.9996226111988546492 0.0110497553051744999 -1.120450972881815943 -0.580074613839145159 0.005589157707757658015 0.8145440809861417275 75.93408310213852985
0.7920959775843245954 -0.02015080044551788643 0.6100638805343456816 6.159968273659296223 0.02223876568662145822 0.9997440191420413624 0.004147772723687306352 -1.132111507103443993 -0.6099913350536004808 0.01028163297399956391 0.7923412901749422588 76.68716544493427989
0.7698796232492766123 -0.0178067745978784317 0.6379406795585076395 6.740571723964293049 0.02126522476275769999 0.999771288204150399 0.002243217343012542456 -1.141640277211402488 -0.637834759558458253 0.01183894394026836425 0.7700821543744003073 77.40577996763235546
0.7462392106070102615 -0.02012465801437387028 0.6653736244033582325 7.345464778918931792 0.02245884024772816165 0.9997349527729082475 0.005049279869764641653 -1.148439056340916808 -0.665298925908398564 0.01117554867948357053 0.746493346699798388 78.09692009918923361
0.7219521106669268828 -0.02077071652813847896 0.691631219525623675 7.963614290413690178 0.02257876073053258215 0.9997241660619735626 0.006454601711559365164 -1.166127690932466487 -0.6915745545134573957 0.01095626188268263371 0.7222218987410541358 78.75792083923992948
0.696087927077327806 -0.01930154259589304117 0.7176970530066684173 8.626973946942015914 0.0239002240709268593 0.9997074177140286011 0.003705238464854153889 -1.181748750725997166 -0.7175586297538132374 0.01457394788487446219 0.6963455269962123273 79.39002351286661963
0.6699326239715905906 -0.01679699048306726103 0.7422318689695736049 9.317376130704168702 0.02354328571006071916 0.9997218093413849926 0.00137410342845401272 -1.191239714211921319 -0.7420485148006640275 0.01655401944278939164 0.6701416648592342096 80.00661777786926621
0.6428950982247313428 -0.0145958557537074797 0.7658151577027620949 10.0209772139927118 0.0220126373018029349 0.9997574623222459378 0.0005752037502338902455 -1.203710172557981295 -0.7656378628350112292 0.01648781485927458199 0.643060420636466179 80.59481089351393734
0.6151314191193704151 -0.01332798092561220116 0.7883119303509162901 10.73888704283172579 0.02248892523108775646 0.9997468188523692678 -0.0006457308053403525237 -1.216112510205976438 -0.7881037884144628247 0.01812549654212168224 0.6152753687504001201 81.16382749547476294
0.5863122614801966614 -0.007191945672717380868 0.8100532085519129843 11.48195428770590354 0.02119579372045940491 0.9997543747138113446 -0.006465222147893261509 -1.231793380843090313 -0.8098077929967602007 0.02096035881155047104 0.5863206467112379583 81.71009560894198387
0.5560679787034068511 0.001748939794234064286 0.8311349663794569409 12.23190008463305567 0.01995435891105937914 0.999681383186576622 -0.01545400248567563826 -1.258483786949083472 -0.8308972338622759857 0.0251782402837750427 0.5558558685878213224 82.21852844691285611
0.5252446018777894299 0.0099374048549158156 0.8508932599066646452 13.0091096092856624 0.01897173158672962531 0.9995464521485968312 -0.02338448013805395631 -1.288432981566566715 -0.8507397744155081876 0.0284254893240777802 0.5248178121565016951 82.69157421739896563
0.4935400274014568045 0.01482715152120604556 0.8695966744088824418 13.81272967100101567 0.01670747023188146052 0.9995084685612964925 -0.02652455874269715047 -1.319173513839298595 -0.8695625794962805744 0.02761969087915526477 0.493049678589128848 83.14684544174960479
0.4605528242878013101 0.01464484025170816744 0.8875114645205232078 14.64840264518099922 0.01445574995358631099 0.999607469780635749 -0.02399600285220243601 -1.348196253720059579 -0.8875145638320104391 0.02388106974053745904 0.4601603093381850251 83.57959957009538243
0.4274287677011005537 0.01339746024063375764 0.9039497373098951405 15.48457714682997022 0.01035034874423689487 0.9997520686933855094 -0.01971146674276211611 -1.373999303454530585 -0.9039897613310057256 0.01778144226837669387 0.4271840967292057645 83.98094047683636632
0.3928866221703689043 0.01427872953917514072 0.9194760394625840494 16.34498549069272855 0.005798199752791026104 0.9998210383948735736 -0.0180039594710206946 -1.411000374340149133 -0.9195686211513818265 0.01240482009753052922 0.3927334923995654536 84.36710155045915371
0.3578634717458780701 0.0169289887407333417 0.9336204306388199425 17.20861439102053581 -0.0005650827460136593301 0.9998393229062383369 -0.01791311105172036303 -1.442215524679519856 -0.93377372997649144 0.005882875121443081369 0.3578155127606772457 84.70363619398014521
0.3221928739381503815 0.01884737102432245542 0.9464863912743012309 18.10561293964044793 -0.005877322567685173103 0.999822286291127349 -0.01790875256740377328 -1.471684658886001085 -0.9466557813583701408 0.0002072666803487047864 0.322246365591702888 85.02530729775020291
0.285631450382723806 0.01828484355702729089 0.9581650673542904117 19.00484387214014248 -0.008420232964410915427 0.999827191070710497 -0.01656979729827774001 -1.499576304615401146 -0.9583025256230889299 -0.003335117646604492461 0.2857360335567389331 85.31893891291257148
0.2492335815315828706 0.01761800012548950245 0.9682831107155743799 19.91109350436923009 -0.009065676944506743593 0.9998330809016102716 -0.01585857333989559165 -1.528069818172838268 -0.968400944426369481 -0.004825652565230269427 0.2493516815035493328 85.56690973016070245
0.2136898133212029871 0.0170284406843653896 0.9767531152863813126 20.84530059712254868 -0.008626826883039733981 0.9998419095499663234 -0.01554362494470734254 -1.553831265469038936 -0.9768634465539298706 -0.00510476542179384013 0.2138029175958028882 85.77789155456012793
0.1773940042178065724 0.01570099192608883851 0.9840146322560001657 21.79441314682106778 -0.006220580072020499666 0.9998705764921916872 -0.0148325707271863682 -1.57963124853928516 -0.9841202271440646632 -0.003489932453318534897 0.1774687022427206551 85.97259268852086223
0.1424679730185223481 0.01478731942129626886 0.9896889211622618143 22.74436124288296313 0.0009980395881586149546 0.9998856770483773859 -0.0150833433408947299 -1.605445447928090852 -0.9897988830871611299 0.003136642065024394972 0.1424369174578184738 86.09797925634880755
0.1082992745836102999 0.01813272575946045864 0.9939529259498702807 23.70586250424971553 0.003497810594482592562 0.9998204331615738738 -0.0186208820117050311 -1.637294117624356282 -0.9941121565148688388 0.005493286996861300106 0.1082163952861889822 86.18140107937328764
0.075844615732224549 0.02315375120620844981 0.9968507635771968189 24.6719313773314326 0.004943862773653966668 0.9997092795142321631 -0.0235962955482304261 -1.668556359832904512 -0.9971073658441765852 0.006717945221703921187 0.07570809193563686479 86.25474632010339349
0.04723357194583465563 0.02653578201364884329 0.9985313155908630556 25.6506661137525569 0.0108773873383652929 0.9995740760023472671 -0.0270780265127696651 -1.713680148598403452 -0.9988246183588733729 0.01214040346843026433 0.04692481080520069514 86.30500332668815133
0.02097277185865868698 0.02538556951150183413 0.9994576837867379382 26.64076448580685863 0.01335243845880019174 0.9995812576162168561 -0.02566889764786857431 -1.742679701863901531 -0.9996908527870282946 0.01388354475113861772 0.02062502898843292243 86.31657211453840262
-0.001307329758473115564 0.02241383251088774342 0.9997478966639665732 27.64651562377056848 0.01442039692292740143 0.9996451824841857681 -0.02239267270674241347 -1.776285706173638124 -0.9998951389710271087 0.01438748647031865002 -0.001630082141508600773 86.30218574432777245
-0.0207607041319698149 0.02024468704026297083 0.9995794574314635916 28.63676743635159738 0.01521013011223966427 0.9996855907965839227 -0.0199309307758227458 -1.802321845992888472 -0.9996687406795994324 0.01478995301994362119 -0.02106209963821342387 86.26385383751622271
-0.03704509282182349289 0.02262928957241180927 0.9990573168554037764 29.64197177020088603 0.01675214880067311604 0.9996170869199625386 -0.0220207982702573489 -1.850198212308060919 -0.9991731445293992042 0.01592059384872974298 -0.03740999440263090281 86.24204613656321783
-0.05185270277364657787 0.02737935416674156311 0.9982793268167960976 30.62298552197106716 0.02018920482746659403 0.9994484838620950606 -0.02636275078185017565 -1.88244472789180195 -0.9984506194947487812 0.01878748534839935064 -0.05237686892795350574 86.19378906837644649
-0.06310820155183106961 0.03202014893542461105 0.9974928627767001288 31.58732880221202066 0.02384943526249574952 0.9992480652661134277 -0.03056761395585389299 -1.923392767208307097 -0.9977216575170390067 0.02186057362134101456 -0.06382440634577801752 86.13351791974588423
-0.07247739585521299766 0.03609439165392017146 0.9967166941888997433 32.57749510329720266 0.02965200857674941612 0.99898110793048156 -0.03402021357154262626 -1.960707736037879068 -0.9969291510527925615 0.02708895458312133089 -0.07347381532730132281 86.04484271586508726
-0.07751937889063180431 0.04120750751878331924 0.9961388627180741695 33.54944220583954717 0.03379248662940908393 0.9986799146240123992 -0.03868289720602516996 -2.008044641948599107 -0.9964179648142674761 0.03066333400120576508 -0.07880954537401073379 85.94175664322365549
-0.08123269681438555212 0.04603216333301732299 0.9956315762306816586 34.52970905783333677 0.03575728667928025628 0.9984243856152635876 -0.04324388077025335259 -2.060909532510708964 -0.9960535188273842433 0.03208826555714162226 -0.08275068493062452679 85.85478228321265703
-0.08358855626978142772 0.04995535955748253709 0.995247387361833713 35.54484663142029177 0.03770120351483310928 0.9981860857354549754 -0.04693642581992189117 -2.117747386133586929 -0.995786884592351651 0.03359867508569030353 -0.08532030505505569518 85.78402366553879688
-0.08725268395504752472 0.05309974399018933811 0.9947699900759622293 36.55783013810017934 0.03827660825977075715 0.9980196259383056212 -0.04991590998943474383 -2.179556968362875935 -0.9954505600510750174 0.03372112295641137292 -0.08911236292138552395 85.70993773247118952
-0.08929044988870986355 0.05648067324542179607 0.9944028841410138542 37.56694317768192093 0.03887205734309474858 0.9978277481659190151 -0.05318476014643808147 -2.24028289329929553 -0.9952467663212811733 0.03390559362590342407 -0.0912920021816727989 85.61817062360060504
-0.09168125742477112317 0.06013076469786961253 0.9939712194620218266 38.58141392212021259 0.04045262907681880515 0.9975760137968784358 -0.05661759500246361931 -2.314765177557689402 -0.9949663708188951627 0.03501797556287536417 -0.09389146432879499904 85.53487036485628892
-0.09371768583629556948 0.06155504352721442862 0.9936940771559773511 39.60741254162565639 0.04242481704082082944 0.997427133874312255 -0.05778510265008838381 -2.383877567087741234 -0.9946944644176016759 0.03674180206552635913 -0.09608801757115746633 85.42356421569213865
-0.0957149275531260918 0.06077747111633768906 0.9935515581440431676 40.63524933017636442 0.04230751855812477091 0.9974805986294352778 -0.0569420741702920466 -2.444032587764747522 -0.9945092628291486436 0.03658449323058117486 -0.0980451204196427506 85.31368892080304533
-0.09814084899270961171 0.06034567031253162267 0.9933411905955622512 41.65141479104621425 0.04230908671051329673 0.9975102627436044367 -0.05641885752067886395 -2.516739077987133921 -0.9942727303630766178 0.03649036274354616055 -0.1004496672948559655 85.21072752713729415
-0.1002087007213704195 0.0615710998561415021 0.9930594962630910905 42.67595996242197742 0.04218764876423734128 0.9974487012565997901 -0.05758612011512898726 -2.588921075446808828 -0.9940716101228929125 0.03612421372386508123 -0.1025505712103503136 85.10281570175008881
-0.1022112944679136742 0.06358889733798053778 0.9927281856744837318 43.70242254810521843 0.04094250036552641442 0.9973780216732346382 -0.05967130053539963092 -2.659970939977635229 -0.9939197706362671303 0.03454569206953574806 -0.1045467798688864552 85.01417933614725086
-0.1052560330744446992 0.06591799318693536414 0.9922579971850692404 44.72843546788040925 0.03946456865357957783 0.9972914418026213035 -0.06206608147861498309 -2.733102473585005576 -0.9936617447211402165 0.03262620324129535121 -0.1075723586875570459 84.90601187965191343
-0.1072950444217261184 0.06944730774237256599 0.9917987660103583236 45.75907623893512977 0.03756799844346098843 0.9971281895225012626 -0.06575628995376836539 -2.81121177341254036 -0.9935171697516442801 0.03020456946042361299 -0.1095959021333078598 84.79561986390420714
-0.1094632655054444959 0.07339756524973785334 0.991277225787471794 46.7985454717545224 0.03416814484309303734 0.9969584169967442566 -0.0700451506920294481 -2.89587735398944579 -0.9934033818626056833 0.02620273208071845217 -0.1116381747900770383 84.68449444733893472
-0.1119159708959353849 0.075779079283379569 0.990824048014915304 47.84480711925438357 0.03164845297100458976 0.9968540378513012223 -0.07266548766270672366 -2.98387074430754895 -0.9932135413225774423 0.02322561898308705269 -0.1139621702041759277 84.56524230814551402
-0.1140185149227283257 0.07418533782774201779 0.9907049315934787215 48.8755263788486829 0.02876283454930737143 0.9970365402974871172 -0.07134919132510672557 -3.070179262656662189 -0.9930621458133049861 0.0203603526117607965 -0.1158143982071607458 84.41917949089447859
-0.1175332032161214707 0.07052597646330908965 0.9905614470858591369 49.9272262631179089 0.02586551907914022216 0.9973539617885404107 -0.06794056423307183457 -3.141880832752244945 -0.99273202276177408 0.01763611338561624914 -0.1190463885958735479 84.30099744614707902
-0.1197789116835405038 0.06869885392089791765 0.9904208335421738063 50.98235293779339372 0.02633869212254586964 0.9974717046706684798 -0.06600259183116649608 -3.226418535858486258 -0.9924511240566481485 0.01818067028536582419 -0.1212855047652354884 84.18703858353067915
-0.1221537953532369214 0.06907873392592217554 0.9901043008710764814 52.03878094436915092 0.02601734023511273128 0.9974549804409966747 -0.06638170265610345011 -3.309280659422804138 -0.992170094487879517 0.01765110306127293596 -0.1236401478970560464 84.06528254402009281
-0.1232340369885120274 0.07201742941781238971 0.9897609862163639916 53.09280987654924644 0.02760465088444245471 0.9972260447834726538 -0.06912357991218025244 -3.389589513726342318 -0.991993600546847043 0.01880362815512193891 -0.1248801986178460915 83.94729991141608139
-0.1236177595842734428 0.07425228249189312624 0.9895479755572392788 54.15727152476242168 0.02758262130380128435 0.9970683370773897325 -0.0713708668587946099 -3.479981092750151106 -0.9919464686561788591 0.01847161990148487448 -0.1253034178734224735 83.81055040261836098
-0.1239653756483542479 0.07509421003707712761 0.989440949800944658 55.23320328908932453 0.02664381039891773606 0.9970246309282955188 -0.07233161907513581401 -3.57081002190242236 -0.9919287480358290887 0.01739586027168476753 -0.1255973200797536604 83.68462911125290304
-0.1241358048539069892 0.07377438940515949894 0.9895188675841575243 56.30063062571182542 0.02295994624032371423 0.9971787430779296413 -0.07146513582060290415 -3.658089395799819954 -0.9919995418307960833 0.01384791752435692025 -0.1254794331591351231 83.54388522561957586
-0.1243141780024698412 0.07338595191078610414 0.9895253584914975864 57.38475322059616701 0.01967501698202243909 0.9972474077564957851 -0.07148686476237083032 -3.744069612164768301 -0.9920477947282292375 0.01058209720671737797 -0.1254158529033618241 83.4213795783199572
-0.1243890342269275973 0.07413226264624239725 0.9894603194127539192 58.46158815692406563 0.01589842138641494457 0.9972259412870849715 -0.07271542209177941918 -3.836742379423972338 -0.9921061216063635779 0.006685855937258927684 -0.125222548997798333 83.29633182102283229
-0.1244772599859684109 0.07442097267519531822 0.989427550894848018 59.55476190951358717 0.0118110744700443502 0.997223629073222817 -0.07352144255280312901 -3.927686648982294582 -0.9921521347207572505 0.002534454894801835712 -0.1250106479094217349 83.16770962550781121
-0.1242928782689742551 0.07325167709569641028 0.9895379831522806979 60.65189487475662133 0.007975803044660483704 0.997312748733892751 -0.07282539497938116113 -4.035129815701904654 -0.9922134927177890251 -0.00115931761993835346 -0.1245431043740491128 83.02772773287067309
-0.1246886350166120788 0.06870257791632683464 0.9898144512824138541 61.72764538532958767 0.008259151691374281776 0.9976370673931577171 -0.06820512128099347204 -4.110096705915793791 -0.9921615185437222539 -0.0003293755366977551636 -0.1249614205102636127 82.91095190991885033
-0.1254889355893589742 0.06068333562201588816 0.9902373491758330593 62.82543220594708089 0.01132055873782180332 0.9981500933452650548 -0.059733629795727404 -4.187024991541342445 -0.9920304028577351385 0.003714130523360744882 -0.1259437532945842098 82.76895937169479112
-0.1253537667540080836 0.05541159528806145068 0.9905634437673446202 63.95402294916201669 0.01655040415851814078 0.9984168439901458525 -0.05375648994042672019 -4.259808529408879885 -0.9919740246018950991 0.009655646665326771474 -0.126072387732538288 82.61793348475971754
-0.1242788301615291163 0.05744413266610457619 0.9905831069766583008 65.06858277379575384 0.02518088228926308736 0.9981837965605571128 -0.05472569716812557966 -4.332472464303983806 -0.9919277411791709298 0.01814251048073195136 -0.1254995997577416644 82.47913054400540034
-0.1229998111100763653 0.06255398379743765114 0.9904332351981885996 66.16101865692621686 0.0309147492351918643 0.9977685650082797064 -0.0591780318727540694 -4.407811353207011784 -0.99192503390877651 0.02334010764433323837 -0.1246591771010371469 82.34568852130692562
-0.1217046339570510421 0.06794402036740961048 0.9902381228547747494 67.27229122916345716 0.03447812966247287836 0.9973416024651738931 -0.06419390210759474968 -4.488467536657505974 -0.9919673325069851 0.02632886220909846225 -0.1237236688174122856 82.19525824053962992
-0.1212541417743299987 0.07132002562823820668 0.9900559756047858651 68.38286854378370094 0.03444571239624855119 0.9971169671862775141 -0.06761003723880996963 -4.596376553331423587 -0.9920236257757603093 0.02590518554161090267 -0.1233612226352883978 82.04766707414076166
-0.1210536403717755449 0.070225994410401546 0.9901587113363415904 69.53190351743096187 0.03313247392526355584 0.9972243285122451839 -0.06667644470652971112 -4.670890759304461071 -0.9920928401169671895 0.02473498056275501983 -0.123044387623874818 81.90141843936960697
-0.1208179527635453165 0.06612763777386040931 0.9904696388904359328 70.65818519824053112 0.03106650509584855252 0.997541783437669527 -0.06281029407550865751 -4.737498074656286029 -0.992188410850020408 0.02318181823619346396 -0.1225753021613154581 81.77772780299028454
-0.1212643305452343334 0.06367106321611548658 0.9905760473598230753 71.7974165908078561 0.02881569820325402889 0.9977457786396185524 -0.0606043498724899779 -4.828453111122942509 -0.9922018775220879938 0.02119499388517868954 -0.1228256915200071769 81.64651130706404558
-0.1205836485567382127 0.06436834895814427804 0.9906140757586239243 72.92930296769225151 0.02715783464070103959 0.9977359173217007493 -0.06152529376008430972 -4.903084744253922267 -0.9923315896289131022 0.01948398830340948226 -0.1220587337134778488 81.51186864266287557
-0.1201517958200240682 0.06849923544034433598 0.9903894933027796998 74.06412921889945267 0.0271741659189125781 0.9974697822226517019 -0.0656922271968914534 -5.002357266288465887 -0.9923835240018484827 0.01901996880937360801 -0.1217091867523780041 81.36967849437986899
-0.1196913382493028227 0.07199001723180797896 0.9901976412339307254 75.21010560778799459 0.02823840826971295292 0.9972108664194972993 -0.06908654457539420424 -5.080658339552092784 -0.9924094537416432438 0.01969254372462936331 -0.1213903781909845131 81.24923382303688868
-0.119588797194672386 0.07021942661962921051 0.9903371645248221222 76.35843434414081798 0.02708500193843387319 0.9973551328343591704 -0.06744636481848863274 -5.181049655996491587 -0.9924539638083209603 0.0187574538519815967 -0.1211743856073250192 81.09691455785164749
-0.1196560708766769149 0.0647249309179789567 0.9907033136770588833 77.53244262852253144 0.02934374610104403466 0.9976672011772382831 -0.06163579105546571762 -5.252553601200413702 -0.9923816389362143386 0.02169584926795312119 -0.1212762008590163032 80.96912907013940242
-0.1191720866292004799 0.06271421175401606374 0.9908909572206543448 78.69934605533744332 0.02880628733597120905 0.9978013414944046922 -0.05968711087207807103 -5.338189083109466715 -0.9924556209682594554 0.02143085144670613812 -0.1207166231346029767 80.82423121754577267
-0.1184875033540507827 0.06539891756358502672 0.9907994957648454948 79.86710193142337744 0.02671725621040874771 0.9976773295345048309 -0.06265783922359914604 -5.431874184560197882 -0.9925960143760215182 0.01904727250552985113 -0.119959567240732673 80.69492842184905612
-0.1182830614633667288 0.06834489047008558693 0.9906250758986407945 81.0357071924695731 0.02554935490612667004 0.9975076589719953368 -0.06576907482287794315 -5.513733301667773645 -0.9926511450711766882 0.01753046364555720799 -0.1197344192884878256 80.55588339250857643
-0.1183284331475156492 0.06792739939775120639 0.9906483725325924139 82.21452980189481252 0.02460495199451230228 0.9975516128092903889 -0.0654617946806346912 -5.606716690668460679 -0.9926695956974641577 0.01662886361190412179 -0.1197100614198175206 80.41417652235871572
-0.118264784817585622 0.06499120691064115551 0.9908529312494571695 83.39386858234117028 0.02396019883214525401 0.9977519895734436872 -0.06258391666271176379 -5.68288161512733847 -0.9926929522851133392 0.01633955937604141331 -0.1195561182903247394 80.28499921548237239
-0.1174357662389290541 0.06342263851500216931 0.9910531556736429382 84.58988486101952731 0.02503477386433205013 0.9978304259638814955 -0.06088983149055818278 -5.778449785331216226 -0.9927648507338782125 0.01766014713539851289 -0.1187687438200879936 80.1397039587190676
-0.1162114504525112446 0.06379592397766807588 0.9911735097707671249 85.78701493411587364 0.02676904750750964956 0.9977736506879371081 -0.06108216234186622517 -5.866099581631021742 -0.9928636687833016783 0.01943432353069271881 -0.1176604711240842038 79.99681498807424873
-0.1155041700521953624 0.06416655918175455386 0.9912322568234975817 86.98177215546505181 0.02887938648077544718 0.9977063231257286002 -0.06122045662537082406 -5.950678129198054833 -0.992887060863008597 0.02155496076166630789 -0.1170923235446553884 79.85968801349068258
-0.1138055640858140344 0.06401091791779796314 0.9914387744607808806 88.17544861730407035 0.02925907880744684983 0.9977052826414978259 -0.06105690605551217232 -6.026594405052827064 -0.993072075797400089 0.02205996893645428489 -0.1154173049650085436 79.72803762408690886
-0.112916972970309365 0.06399640772300645153 0.9915413075217316408 89.38945325212171156 0.02942803967310307633 0.9977011821548618098 -0.06104270709273258017 -6.124730596265951732 -0.9931685131468411809 0.02228635855593761109 -0.1145406782947618052 79.57563587147603812
-0.1122031899531648752 0.06264775474020231605 0.9917084503388620131 90.5943970345960139 0.03001477394804884583 0.997768854889661827 -0.0596346882774839715 -6.20381227880212105 -0.9932318487130572526 0.02307470199743885328 -0.1138331986524416528 79.4358582352313789
