0.9999999962582232227 8.137513278152659075e-10 -7.656115742981431352e-10 -2.139041617443826482e-10 8.137513278152659075e-10 1.000000061056633971 6.754229727670312846e-11 4.50643937444095144e-09 -7.656115742981431352e-10 6.754229727670312846e-11 1.000000080766252131 2.697696344089450804e-08
0.9999989187268494284 -0.0001131707622408445962 -0.001463644832471039424 0.01964011006261190753 0.0001142240484916872919 0.9999997964427314034 0.0007184573239634265427 -0.01187551590231513722 0.00146356160501389396 -0.0007186235968799510035 0.9999987515479878963 0.6560442349663908601
0.9999981376291576796 -0.001637304515920480182 -0.001018080419330268408 0.02152925174203622685 0.001639211610085836894 0.9999969623212714431 0.001873619387678701837 -0.04110951895364466785 0.001015008046636118764 -0.001875284617401112505 0.9999978072960025166 2.219458805348051289
0.9999952925325551467 -0.003059008383784212522 -0.0002233670923179797356 -0.008953789395284166702 0.003059216514219532859 0.9999949491097360754 0.0009300898440201614244 -0.07038224316290274396 0.0002205192662505352577 -0.000930768659827100513 0.9999996232864195589 3.735150915848059583
0.9999942054519284085 -0.003322787878905155041 -0.0007352932773402164751 -0.02574389568400795719 0.003323349887256800764 0.9999942482295166579 0.0007622148553016216185 -0.09469884851217072463 0.000732754793464038246 -0.0007646539400781052166 0.9999995199528809442 5.175918707677636732
0.9999930810123067726 -0.003704865356399101532 -0.000323128480359732189 -0.03883293028719886353 0.00370536146202557785 0.9999920052042384766 0.001543354366692725483 -0.1212128405153461014 0.0003174064252843530388 -0.001544540863661844361 0.9999988375885451308 6.554886901053204262
0.9999876299479426578 -0.004966148334674866903 -0.0002642578047703402671 -0.04112426544179799415 0.004966835714924204212 0.9999841859305679259 0.00266093066335698538 -0.1437745339920775134 0.0002510375010271045319 -0.002662210143480531199 0.9999965055683673887 7.896133560399572815
0.9999883727164887715 -0.004768125213130484409 -0.0007154893984189785068 -0.05290174098370818007 0.004770346343770790441 0.9999837746095564528 0.003133118819790946773 -0.1670867137337516961 0.0007005371102707973674 -0.003136495394798231862 0.9999949165746648827 9.2198296703840672
0.9999926323809402717 -0.003689041060920422894 -0.001057673355797295349 -0.05933259327815203904 0.003690721222049149139 0.9999919871050243492 0.001589472005659182301 -0.1920718829527213178 0.001051799656794839399 -0.00159336373973298427 0.9999982582184899771 10.53734053142441773
0.9999987540063616231 -0.00113988064732461797 -0.001088657097885457588 -0.07088661609234739314 0.001139361964358667333 0.9999992975325350253 -0.0004784388500162812955 -0.2172386185068283515 0.001089200099065961835 0.0004771980180240670689 0.9999993737278036754 11.86831610620320809
0.9999974260507710211 0.002163572147810795612 -0.0006777674683096501914 -0.08919550207824476773 -0.002164640466437578892 0.9999964670117876819 -0.001581899133701914232 -0.2438606984291886159 0.0006743409496079793251 0.001583362324763729848 0.9999985998788389896 13.2028598173217997
0.9999881190677419873 0.004796815875246725203 -0.0008630225642366361107 -0.1047221403492891445 -0.004798195179355711597 0.9999872612649091108 -0.001605221081328055176 -0.2719367969542210717 0.000855310038004913095 0.001609343098641458558 0.9999984199941706065 14.54325439511687712
0.9999844817261221985 0.005519472637160277757 -0.0007511706511833126819 -0.1192618529288393681 -0.005519942296499701431 0.9999846296227891118 -0.0006267834139877681175 -0.3019230551099175708 0.0007476980147817845028 0.0006309202398673955693 0.9999996022092841885 15.87605738234857355
0.9999945179122693428 0.003306133626025478146 -0.000161705410609477813 -0.1208962675735057862 -0.003305839058236227992 0.9999930134643776336 0.001779482522768717403 -0.3238276209207517908 0.0001675859447333593753 -0.001778938069394309183 0.9999984844119740313 17.22035885443130354
0.9999998451254128451 -0.0005484298098565024062 3.859285368181542279e-05 -0.1247122757650363234 0.0005482928500989936145 0.9999937726835025353 0.003503724307465759177 -0.3447371401766725074 -4.051569176641813599e-05 -0.003503702482281567578 0.9999939419612762226 18.57809135393690525
0.9999956408581465173 -0.002943553423436448026 -0.0002151057839589428961 -0.1317131339574929838 0.002943924483826388348 0.9999942177084699679 0.001737807827785118296 -0.3742127008116200582 0.000209987664718152585 -0.001738433376614527057 0.9999985476421784369 19.93945105049843036
0.9999916180611999605 -0.00407612253534184784 -0.0003762232017032594205 -0.1442302996999161036 0.004075907265758150003 0.9999915889194800345 -0.0005754902391169658188 -0.3940137324630298421 0.0003785642524039962119 0.000573952105172024162 0.9999998444000269826 21.29258140209326555
0.9999978619345625264 -0.001999532254986616936 0.0005201055104905688521 -0.139616575683493116 0.002000337559779906491 0.9999968601902362586 -0.001549314502080619471 -0.4319514765066427286 -0.0005170074713953216406 0.001550351718128022919 0.9999987453223454503 22.64344574318264591
0.9999993079071399782 0.0005484209468265058545 0.001037273140214679942 -0.1652817995769463588 -0.0005483700412170089281 0.9999999095593283815 -4.779106832329622955e-05 -0.456029637431666357 -0.001037300723912762748 4.722235973004917768e-05 0.9999995416555307326 24.00759735933461059
0.9999971985466832303 0.001453497229241430735 0.001866215683008373661 -0.1620076023642766927 -0.001460418950247441283 0.9999920982932740676 0.003713844240524270205 -0.4687475653330602787 -0.001860804295128959005 -0.003716559174561826721 0.9999914430281799937 25.37590473813440539
0.9999971581849403934 -0.00114729013128965756 0.002088027594003555656 -0.1586629426805260257 0.00113668120817141398 0.9999865334538079464 0.005075724883157085865 -0.4893851077619045253 -0.002093824211970438803 -0.005073336921883531657 0.999985019231197092 26.74729862517056134
0.9999888714011907487 -0.0043611565232202186 0.00179719104548447953 -0.1622695251861341059 0.004354322265779876286 0.9999833981774346459 0.003790167148726490427 -0.5133897445483905919 -0.0018136921442761919 -0.003782299297698244779 0.9999912830955361986 28.11837674954717059
0.9999838666963375422 -0.005433414130291713308 0.001654347346798721707 -0.1748449877450602985 0.005431392171105195281 0.9999845603258514792 0.001225238499869398066 -0.5319278227131613024 -0.001660980462811183743 -0.001216233190156136871 0.9999979617256028464 29.49281247606666057
0.9999841634302797377 -0.005177974026398250024 0.002203175076415831921 -0.1765231562582161573 0.005179752101843272671 0.9999863249521108166 -0.0008013718291591898166 -0.5644238908387299025 -0.002198996861308704417 0.0008127711792107123519 0.9999973326721314226 30.88920712021484505
0.9999936549317168799 -0.002293581376695738236 0.002724351351068432861 -0.1875918947668525905 0.002299115241932785016 0.9999953591160151145 -0.002029268839044548554 -0.5873561945888774449 -0.002719685777799753755 0.002035519703154013704 0.9999943107363375994 32.28069367453775129
0.9999942686925704649 -0.001123552307654582033 0.003192604406322765726 -0.194313306609268599 0.001135099421849762461 0.9999928761353581441 -0.003616813880705349333 -0.6265778589029588064 -0.003188519316566000312 0.003620417221944556389 0.9999884436634520757 33.66378068631801312
0.9999943855323691899 -0.0005559345039238242255 0.003303384929431788831 -0.211578812679571765 0.00056719175190948518 0.9999940952062166266 -0.003407339161548937102 -0.6523447979594831914 -0.003301472493039500026 0.003409193829417789257 0.9999888195443333849 35.04583557101039304
0.9999952126548748987 -0.000347682940000516806 0.003073482696368950128 -0.2160464294348408421 0.0003544440516218637762 0.9999975803942444674 -0.002199019943188830831 -0.6863499180151122481 -0.003072712039823945803 0.002200098934462909554 0.9999929397460802782 36.44317269259282455
0.9999964225709880861 0.001045556702456471249 0.002460522580900272906 -0.2021728726045800284 -0.001043938891269994987 0.999999299644148909 -0.0006580381626614012795 -0.7091985846950270567 -0.002461210254352261609 0.0006554673080951718429 0.9999968371662667499 37.83161282361771072
0.9999920100991851468 0.003218237743883154822 0.002369641917521197929 -0.2041131970095351189 -0.003217500667625036725 0.9999948355526699917 -0.0003141094787450251472 -0.7419791072351082928 -0.002370641945049972461 0.0003064827764275955134 0.9999972238265366631 39.23439403596074015
0.9999788566555084524 0.005824927246298372031 0.002889461701720249902 -0.2190023026423967289 -0.005823492375191889267 0.9999829772703775488 -0.0005041900002366216582 -0.7702820252415388813 -0.00289235073986794872 0.0004873527118788101645 0.99999577915650395 40.63623178361713428
0.9999623236869422671 0.008052001634714811562 0.003241759701907388855 -0.243703191048043083 -0.00805106011923175692 0.9999676048714669641 -0.0003028770440941466356 -0.7949330705415009746 -0.003244094784574738828 0.0002767661578647062919 0.9999947803794507761 42.04968509398896259
0.9999544047972687144 0.009149395893842891467 0.002733022965178295242 -0.2422008410491662267 -0.009148932835642772238 0.999958192253488809 -0.0001812899211576094783 -0.825635763638910336 -0.002734568761619862818 0.0001562775380963443597 0.9999963296168167259 43.46001540352693127
0.9999630351465911282 0.008264957816697796056 0.002368827532546206351 -0.2543365157061188153 -0.008264207650609272163 0.9999658588899870137 -0.0003256096876302970282 -0.8479748656070880131 -0.002371439195187607322 0.0003060212968681301385 0.9999972220775488196 44.87584872271409608
0.9999735709073841461 0.007142349666074208903 0.001355307138388529191 -0.2572099444807470769 -0.007141358912849503013 0.9999742923817644957 -0.0007332576052358581384 -0.8828668518111297825 -0.001360510926909356448 0.0007235596224051110952 0.9999988935023949033 46.29701204352538468
0.999975895083914712 0.006888984906823883252 0.0008623616141989455747 -0.2607774707108369561 -0.00688873382926462937 0.9999762908385759763 -0.000291900493013008504 -0.9087475087674627972 -0.0008643535450814309427 0.0002859530073266069636 0.9999996663287616938 47.70181883577738091
0.9999741842393915503 0.007179303563033277713 -0.0002845821953614244325 -0.2720381869762487637 -0.007179181020672381966 0.9999742006543370643 0.0004236554086566549516 -0.9379937968397280557 0.0002876148545197116106 -0.0004216012763314925366 0.9999999505310298575 49.11105286854354546
0.999969649627627799 0.007694624285776827284 -0.001218653148290934317 -0.2852256249726897175 -0.007693917470757771944 0.9999702928894411702 0.0005822968009676468592 -0.9657667012982986687 0.001223095893870087105 -0.0005729027832514264158 0.9999991686742855101 50.53551210906319824
0.9999665732843108223 0.007859963921349900212 -0.002250737279466911468 -0.3042391777916115259 -0.007858163610101739568 0.999968859664075338 0.0008068850096148922398 -0.9937303536321473452 0.002257007607642502398 -0.0007891712483653198166 0.9999972223230935153 51.95161005031161494
0.9999622659011373482 0.008144849913884807252 -0.003020055154340036199 -0.3021547388575770987 -0.008139927948186530954 0.99996558980234862 0.00163795001907471858 -1.022323491488557945 0.003033290372462110751 -0.001613305055873093469 0.9999941789446199492 53.38679526072228043
0.9999756206136595216 0.006203277380944414131 -0.003204693880701484608 -0.3304974614735387006 -0.006194670331085215878 0.9999772605046073348 0.002688240023553900744 -1.044780059300264297 0.003221295175643335701 -0.002668322340838567321 0.9999913323821678635 54.81185706507847755
0.9999782208575137554 0.004956151245090015776 -0.004357397142167728811 -0.3434820465724838234 -0.004944071337936528122 0.9999839794746874233 0.002778319053485551072 -1.070159312904378268 0.004371095303154777512 -0.00275671513723032462 0.9999867276975052954 56.24615628807593737
0.9999829703657561186 0.002600459299391015295 -0.005223899054474253831 -0.3522929230840392001 -0.002588141593631048364 0.9999939198662799456 0.002363019811033530756 -1.099120585587472165 0.005230010376700574594 -0.002349459250689717605 0.999983644143459971 57.67633027498942511
0.999986280691795848 0.001566602580427823481 -0.004997670803589811944 -0.3639312057610790685 -0.001553756144523011284 0.999995543782121743 0.002573007736654031163 -1.125817843955851716 0.005001677574660903444 -0.002565207146692993594 0.9999842821044612196 59.10349486595479362
0.999989277653843156 0.0002980393774967696262 -0.004620419427960468887 -0.3746546375839200915 -0.0002830622951220221383 0.9999947674421021393 0.003241462263393881001 -1.154750290294191739 0.004621359518720193765 -0.003240119514293919589 0.9999841529667821138 60.53294403714838978
0.9999913651122536162 -0.001251602686033521971 -0.00396178161335230053 -0.3969525698336901498 0.001266986376298703029 0.9999917215400790926 0.003882487974830574774 -1.176232765987103024 0.003956887707647247301 -0.00388747384859762686 0.9999846959384062206 61.94927673928630441
0.9999882147888650152 -0.002823352110742181377 -0.003948605572938071115 -0.3997485775594557533 0.002836871798068864824 0.9999901816962160073 0.003422102806108161342 -1.203260020819537646 0.003938903228846073711 -0.003433264036092252992 0.9999864295398526171 63.36866366383846128
0.9999844727760702767 -0.004464308449235073785 -0.003334167565293146788 -0.4175259199349238837 0.004473572676436997873 0.9999862019670601176 0.002775813892522517069 -1.230104767552002709 0.003321727734938925702 -0.00279068630199549297 0.9999906698168565811 64.79092286318751803
0.9999886130228075043 -0.004166276805367883501 -0.002325613276698108682 -0.427630156904089731 0.004171919365880357757 0.9999884157726669498 0.002426010848695394056 -1.26203382689611332 0.00231547722925102336 -0.002435685363788186574 0.9999944337495416669 66.22402976453966517
0.9999959746386434256 -0.002433441218470140579 -0.001456566382165496581 -0.4540274365220079988 0.002436816834170257677 0.9999944028346933189 0.002319124892112909252 -1.292297127560533276 0.001450913153888778312 -0.002322664812840511805 0.999996330797704891 67.6156735691540689
0.9999991397559367945 0.0007288643971880532464 -0.001087089466450638598 -0.4582417967282847449 -0.0007251158684377921907 0.9999938704964655978 0.003443151061928800393 -1.314733182308622794 0.001089590792760548703 -0.00344235971162418046 0.999993562220056309 69.02105943847642777
0.9999915921659430218 0.0040968329419793564 -0.0001551828246124544841 -0.4756294154190950918 -0.004096060445020887654 0.9999807259798747516 0.00467889561802398591 -1.341867014184004336 0.0001743469413785528018 -0.004678220525833432647 0.9999891226343576855 70.43561930599571497
0.9999685370126386585 0.007851359252818957205 0.001128571790224167874 -0.5102503708289630735 -0.007857195527317402395 0.9999553323282545092 0.005264971466282021041 -1.36723849903051331 -0.001087185666742590887 -0.005273673115321826296 0.9999855838620991255 71.85545408893679564
0.9999247949642416922 0.01213472835976705383 0.001773506877086432126 -0.5174705604617978461 -0.01214316970278124172 0.9999146646408331174 0.004830005272958253285 -1.390495740336653352 -0.001714746163503234238 -0.004851177920976454741 0.9999868435395319333 73.2582597777123965
0.9998773390934538874 0.01553075871979091305 0.002023574951267430918 -0.5371700834876625974 -0.01553937986420294258 0.999869996071580891 0.004317488001536165694 -1.418966261051351818 -0.001956259430412964507 -0.004348403409073474564 0.9999887129218356652 74.67744667154440208
0.9998459105434260863 0.01735487264486798575 0.002637446838785529636 -0.5397185554719323708 -0.01736618170727139907 0.9998398908309791278 0.004327875061135313083 -1.4456590473556159 -0.002561916218259885011 -0.004373010458926414323 0.9999872373684307592 76.08721462831394433
0.999847183966326547 0.01712660128138350502 0.003504397545697149601 -0.5567046312214405379 -0.0171428438748727173 0.9998422565748175117 0.004659070590898236122 -1.468267963202475102 -0.003424052032702600955 -0.004718433848692492327 0.999983086749673955 77.47473157863912263
0.9998641718139862355 0.01614531004013138038 0.00331050478242001173 -0.5475459718609063664 -0.01615988088750500498 0.9998596969496318376 0.004423430415171371137 -1.494750230422479564 -0.003238623991109071919 -0.004476326848275345889 0.9999848175588462729 78.88205404550528499
0.9998813293924587731 0.01511965768698024688 0.002952225581498551729 -0.5592445780239672093 -0.01513035225209013838 0.999878983281442979 0.003635011340642654767 -1.523751268816754711 -0.002896909543951812008 -0.003679248077238542799 0.9999891162328574667 80.28271098089427937
0.9998862325008305296 0.01488230123258729373 0.002455955432901455685 -0.5597508397572392713 -0.01489083035152235536 0.9998830868279336981 0.003492552411611955787 -1.548716906481558242 -0.002403692470546193831 -0.003528726179838301193 0.9999909659037173881 81.66553252776121496
0.99989330001332688 0.01442831484024697901 0.002281418351929062182 -0.5661470613930095208 -0.01443676597233041481 0.9998888769956350009 0.003733031717326048757 -1.574240285165216191 -0.002227304876123192921 -0.003765569597595777411 0.9999905105216360113 83.04803545351269634
0.9998974845775373543 0.01422882887484781464 0.001597909527069398331 -0.5637501525390029578 -0.01423424253083650087 0.9998928648349593162 0.003430345384922240792 -1.608775479623594018 -0.001548929977642722307 -0.003452738643363256667 0.9999929204478260614 84.43858250662779596
0.9998986305668511321 0.01420211138940360475 0.001010531438212325644 -0.579866326495789397 -0.0142058540994215287 0.999891932097919045 0.003799988520252772957 -1.631348718191166558 -0.0009564558487615784253 -0.003813958670590454798 0.9999923501930254588 85.80920958965026557
0.999913982522302125 0.01311562410501967632 2.257493323140567415e-05 -0.5760257076775519014 -0.01311559065718961165 0.9999038469087078163 0.004516669211342337793 -1.658069897097753431 3.666463505146617962e-05 -0.00451657667426680863 0.9999898803099419586 87.15243866091442726
0.9999328846106326774 0.01152296074156570864 -0.001200081567131613784 -0.5924030424112676219 -0.011516382690803793 0.999919433854734141 0.005349842676558315066 -1.674715247476312507 0.001261629295010342766 -0.005335662913878939234 0.9999850501492225652 88.49533633644131214
0.9999495357421106512 0.009822768747420084975 -0.002105166395209704267 -0.6105912579359333847 -0.009810243701405176736 0.9999346578742196456 0.005878876858717560494 -1.700444013096748197 0.002162774018389176153 -0.005857927882791307689 0.999980584119902316 89.90633908109357719
0.9999692166702109919 0.007257929534373713451 -0.002980051647374669117 -0.6229279348226159918 -0.007240125183706056476 0.9999561972008448318 0.005941916071937849986 -1.725612363005671224 0.003023045399853885491 -0.00592015710316344014 0.9999779869887008843 91.30410089662575501
0.9999807418868357223 0.005293051788569832702 -0.003239134288254611437 -0.6527994539454029521 -0.005274868945439435339 0.9999704907607853688 0.005596022654066054765 -1.750048435438324113 0.003268657005922286866 -0.005578828763547384259 0.9999791768213031062 92.67042532163428348
0.9999788411513367281 0.005307898675500827279 -0.003759786581637950681 -0.6470866342965497786 -0.005288669655561178441 0.9999730422339968561 0.005105573685334003492 -1.77372797351223177 0.003786783327097609578 -0.005085581272997346559 0.9999799791292933726 94.0462360594732445
0.9999771026171276889 0.005680976569488736458 -0.003676041515334276671 -0.6742576015390377986 -0.005664420468904387412 0.9999739010128863015 0.004498192619376089295 -1.795504055608709848 0.00370149794003009 -0.004477266860742014701 0.9999832071185575932 95.38218543278269124
0.9999792375954849044 0.005212764887390577626 -0.003787346548859601893 -0.6776219327314090268 -0.005198109620318804372 0.9999790672346694498 0.00386870168981667123 -1.819379879788554089 0.003807432134403248864 -0.003848934203948446275 0.9999854252391160436 96.74799239883093094
0.9999753301891939339 0.006158614043398340232 -0.003376835965165188563 -0.6927635831366361074 -0.006147646072480616661 0.9999758881253688614 0.003248340675211829759 -1.85101617359869608 0.003396758078187672204 -0.003227500825848633736 0.99998910333995783 98.08288608120871288
0.999966926340090656 0.00748861247982530575 -0.003171663136149400694 -0.7222667665063267073 -0.007477059552772834759 0.9999654883939627092 0.003638364982017171841 -1.873232224142146629 0.003198798252428051644 -0.003614529815394438607 0.9999884321280608779 99.43376814926764951
0.9999639718417918655 0.007812387027262755919 -0.003318759775632052628 -0.7219577339535614424 -0.007795508583709366904 0.9999568321338140331 0.005068137007527214431 -1.900683204706155704 0.003358209018812070845 -0.005042082878601498661 0.9999817305119316213 100.7712652461610077
0.9999547327547329001 0.009114076184632698488 -0.002731043423538594226 -0.7284334813753436944 -0.009097275578250891767 0.9999400638184384738 0.006101675391017601091 -1.920381921045951401 0.002786489162727357697 -0.006076554022709445071 0.9999777359998407444 102.1070634995353004
0.9999628977310391909 0.008121426159548052887 -0.002870215584829184825 -0.7540656283181503827 -0.008107041099077469046 0.9999547585192609667 0.00498787493320391323 -1.939435642837583629 0.002910592676508637344 -0.00496442080336187419 0.9999835221154982356 103.4399145801280895
0.9999589818330537616 0.008639845848711804124 -0.002716662518086082178 -0.7677382304093917087 -0.00863282972620505254 0.9999594607894941589 0.002583238937826146889 -1.968766916645748433 0.002738869471866959681 -0.002559680372040312995 0.9999930540546798641 104.7899282320894088
0.9999653054591387535 0.007843727004433377267 -0.002802920413077208267 -0.7802188621781427358 -0.007839251167889534078 0.9999680476741303892 0.001603704690070487148 -1.999314473796157676 0.002815408170126816861 -0.001581676127701275077 0.9999948666391855756 106.1492102651591267
0.9999780948653250734 0.006201558970827586968 -0.002311490615721215145 -0.7772161434275796088 -0.006195237340560931158 0.9999771401057730991 0.002731373540361708985 -2.034855923915390274 0.002328374873378441425 -0.002716993354218621894 0.999993679052786244 107.4886912243609771
0.9999907040974260752 0.003821899555625337102 -0.001994324327389059882 -0.7903240816112440115 -0.003812705356062639009 0.999982244754136218 0.004592990478355409023 -2.053928896424622064 0.002011841207906883006 -0.004585343894682374598 0.9999875442446076734 108.8104227771323735
0.9999979893184163249 0.001671102521369559986 -0.001105122902642302531 -0.8132773305224412219 -0.001665477458307371714 0.9999858215349264334 0.005070012380639187313 -2.071440224890558568 0.001113578140729041535 -0.005068161513430096896 0.9999866175165041948 110.1563967753900357
0.9999998687285641674 0.0002737732060449996887 -0.0004243920921776909343 -0.8149168192018341195 -0.0002721880721471322119 0.9999930793978257793 0.003726819516628935517 -2.090720475073582829 0.0004254078982135461179 -0.003726703391662851937 0.9999930460963292189 111.4856945093529959
0.999998207659129168 0.001810923090576717657 0.000545669208415214377 -0.8323054630989796809 -0.001811707667309801675 0.9999973776698417582 0.001443772530012858973 -2.117740915284672898 -0.0005430547158401607564 -0.001444758407519050386 0.9999988896482845391 112.8145562540949101
0.9999903443643237688 0.004156774757173374579 0.0014229982654509856 -0.8420717665561153753 -0.004156473790370224068 0.9999914001405723063 -0.0002132507583437237065 -2.148653749257908085 -0.001423873907625299549 0.0002073341757965896782 0.9999990455646351473 114.1235403860548558
0.9999690951356949853 0.007243274406488426319 0.003055532215374428054 -0.8448230788575632477 -0.007242319472372031781 0.9999737829635990671 -0.0003229429827056205446 -2.178458498392192855 -0.003057792617758329015 0.0003008039899089216926 0.9999953604680906771 115.4509274304254376
0.9999442196988725939 0.009470563488995756632 0.004675302169809054074 -0.8611994764238859457 -0.009478098375374437168 0.999953874831433831 0.001592467613990592931 -2.208439350705439619 -0.004660006203684847158 -0.001636691641653941799 0.9999878834866957611 116.7860846056042732
0.9999392188635521928 0.00949247088557615519 0.005607504511580973898 -0.8694572113082361664 -0.009512344178322775651 0.99994859268470071 0.003528369144590859201 -2.226945488851322708 -0.005573724497853894781 -0.003581495089324790264 0.999978133773865574 118.1232090348527635
0.99994466677846916 0.00847358882149252049 0.006233313919269056584 -0.8730708290115899439 -0.008499627905718468157 0.9999552724816339611 0.004163106695841177832 -2.246910522318207981 -0.006197759820995456248 -0.00421585707889547863 0.9999719875377354183 119.4668348293633215
0.9999331545682600408 0.008745095595316240353 0.007563215393816208679 -0.8707551903448305097 -0.008772686679165933588 0.9999550175732594415 0.00362282945996929371 -2.272193930023757247 -0.007531194266991052266 -0.003688936900854781695 0.9999649165825680308 120.8267453438485433
0.9999122324989245802 0.01007675346275904715 0.008601097092012077033 -0.8771567313032047064 -0.01010541506669591916 0.9999435693256751856 0.003295579080686305163 -2.295158931030234495 -0.008567403999851681828 -0.003382207384353695927 0.9999576600040139818 122.1502868032655158
0.9998838726900844964 0.01170640160081167815 0.009756732718366320153 -0.8764973548306583817 -0.01173416446696946835 0.9999273118218396927 0.00279330321408038755 -2.315464452394182082 -0.009723324930603287342 -0.002907465834347741206 0.999948581244861634 123.4871039931847037
0.9998536549144422247 0.01292769409351488333 0.01120428585154342738 -0.874459520843538507 -0.01294782407973801321 0.9999147446157009567 0.001726103525695406142 -2.339452930882399251 -0.01118101693827716625 -0.001870921931994375337 0.9999358209655899721 124.8150395111011193
0.9998287693519922747 0.01390221704622289153 0.01221281633379160333 -0.8621166761357847985 -0.01391710345342254962 0.9999025694022801725 0.00113490636667385467 -2.367415034510520488 -0.01219584950555843532 -0.001304678954673260671 0.9999248574798476064 126.1429524931846373
0.9998216636875787433 0.01371895538489168939 0.01297781297076008172 -0.8607321546617334729 -0.01373450782261856871 0.9999051219778416488 0.001110142442729121319 -2.398924577157871774 -0.01296135240851193499 -0.001288188228585375461 0.9999152491350501437 127.4650227243573397
0.9998087486573374871 0.01356714186929670364 0.01408514520426484666 -0.8518112113412894537 -0.0135948750533318747 0.9999058881073213945 0.001875201356280541696 -2.422105535296601442 -0.01405837917699878648 -0.002066328405150915076 0.9998991218112229795 128.8037034686653328
0.9998132014843442716 0.0121522701326497555 0.01502920523990568073 -0.8459975736142986147 -0.01219695941760510181 0.9999215119273348051 0.002885524269280015808 -2.446702682673412621 -0.01499296057504960825 -0.003068295761933571321 0.9998829722673830966 130.1463154092915886
0.9998279200423412227 0.01080916368700728797 0.01507596835854707953 -0.8272434644246312585 -0.01085843862383847891 0.9999360164060719924 0.003190531813537740135 -2.471279992745269105 -0.01504051737942811717 -0.003353684162065921018 0.9998813415477504352 131.4810363036543777
0.9998417339876156662 0.00935251728549830845 0.01513373485297606243 -0.8138497505161771395 -0.009405245448799096422 0.9999499930753880106 0.003416840580618237498 -2.496322294944164355 -0.01510102261336955867 -0.003558636199425284016 0.999879721146572531 132.8164096785014294
0.9998666354951286639 0.006617788899151101113 0.01493012457360855944 -0.8061422757007713491 -0.006679184986361675833 0.9999694877199217791 0.004066228904361742467 -2.513217601238703747 -0.01490276020191910744 -0.004165407575359153861 0.9998803521691236318 134.1530541012126037
0.9998764513767868234 0.006191342470102097727 0.01444789898634096792 -0.7881895070433344586 -0.006242132349589664571 0.9999745475773693659 0.003473050891305042021 -2.536713202424557778 -0.01442602905838587593 -0.003562807393030493 0.9998896727266712858 135.4744847180417366
0.9999042782731490941 0.003905589666468768737 0.01327302447724005956 -0.771269680831617177 -0.003957368047738945779 0.9999847145117647385 0.003877123626972069428 -2.563802724135890276 -0.01325767986367964307 -0.003929278638370369177 0.9999044735529588612 136.8137869884158135
0.9999279378828778153 0.002685640075905432102 0.01170038006312520973 -0.7648398581596137502 -0.002738973588105595054 0.9999859824820893639 0.004544774183835857684 -2.586332126215658445 -0.01168801124654032103 -0.004576493603363209275 0.9999213007218702431 138.1603246012244881
0.9999429923842636514 0.001387535465054592996 0.01058674827464098356 -0.7475320336076091143 -0.00143930549402277049 0.9999870975586555577 0.004884181389594065802 -2.607817577951307531 -0.01057983559408882945 -0.004899140411937777037 0.9999321112156696056 139.4934855207991973
0.9999529305768349863 0.0007045625326292351449 0.009676400837077240788 -0.7556705706548733081 -0.000751591465793345322 0.9999879805944013045 0.00485756010136460456 -2.627874114691148399 -0.009672863022202644531 -0.004864604050634555379 0.9999414647301869685 140.8156432753942511
0.9999657070933768432 0.0002621356340944317842 0.008276982067510629468 -0.7449108301479542282 -0.0002981592421364910226 0.9999905486719612435 0.004351526348271643821 -2.648055473396123016 -0.008275764178355652853 -0.004353844868630564122 0.999956357697982523 142.1489230270076405
0.9999704040217270995 0.001021103082336215521 0.007625020690731885466 -0.7510579269401430613 -0.001046680949657509017 0.9999938971849849922 0.003351442070468853025 -2.660346094159351971 -0.007621553057444701434 -0.003359323729631707913 0.9999653936070536098 143.5140302707952742
0.9999789222888536555 -0.001454434015201511166 0.006327093142072853262 -0.7517801594249781116 0.001444089195520148429 0.9999976743421424841 0.001639522021589921719 -2.694825957082072954 -0.006329464149979984952 -0.001630350452427307886 0.9999787204633594495 144.868842457834802
0.9999481579800758579 -0.00849310835757363311 0.005616134261076714991 -0.7416368144533397322 0.008486107458054503727 0.9999632475409196974 0.00126951574644456602 -2.731031087703900351 -0.005626711177172175754 -0.001221790680912584071 0.9999835043075102625 146.2191717809425882
0.9998819402274676804 -0.01471703950941275277 0.004416656704195777786 -0.7289799840897830396 0.01470004239917880456 0.9998845710337289638 0.003856875169896002709 -2.759095902431899727 -0.004472909938447601486 -0.003791494658760056775 0.9999828894445326188 147.5600082957076609
0.9997683799160126394 -0.02135333668550518788 0.002685896543920692024 -0.7157857645759840848 0.02134098563936261128 0.9997619780646123111 0.004546610565135840443 -2.763200477657704379 -0.00278234391116785303 -0.004488237666884444324 0.9999861378139895951 148.8935733718963377
0.9997046247027858712 -0.02424635104851074335 0.001664428270033873215 -0.7080471999522742754 0.02424372429892933389 0.9997048877490908314 0.001581568060538493265 -2.787443783680263909 -0.001702285757939110992 -0.001540748817831109679 0.9999974449221861184 150.2616743413795177
0.999682777961690916 -0.02510711002032128825 0.001992231649990449174 -0.724017283220857788 0.02510985577973091215 0.9996838276240231913 -0.001364566919465093038 -2.817127962522959272 -0.001957342838221702054 0.001414158856160579276 0.9999971652455192928 151.603041134567178
0.9997610350300055737 -0.02170213014757493841 0.002623526443741139042 -0.7372815843513591538 0.02171157523733077688 0.9997577604700573772 -0.00362629267325660469 -2.851930702134640949 -0.002544194017610105704 0.003682387171498447027 0.9999900642694378172 152.934641039477583
0.9997776526956321241 -0.02077984453706935644 0.00358269976859030637 -0.7436754699322009055 0.02079250261835838276 0.9997776334713665003 -0.003532359583970629772 -2.889327236280666789 -0.003508502525562845129 0.003606067629274338493 0.9999874240325896668 154.2585611938833097
0.9996646998850415855 -0.02550479648221129839 0.004470533758223449797 -0.7529128092352922463 0.02550549459256236731 0.9996747381465590498 -9.884231396914400485e-05 -2.919945536202479541 -0.004466559967375638082 0.0002128324984765601706 0.9999900829918645373 155.6266747811076527
0.999540106282250651 -0.02995814612388549361 0.004698716272547274163 -0.7253324222279441402 0.02994611706687098224 0.9995481673755912677 0.002610224695114677154 -2.944122104020426622 -0.004774791971388242864 -0.002468315816745746995 0.9999856350548841366 156.9705726433071789
0.9994232882982063693 -0.03362847197789488318 0.004712664777147324013 -0.7101784009350594618 0.03361021404971808318 0.9994274624291107356 0.003901659827326349386 -2.964793547741562563 -0.004841174693629616589 -0.003741015879689577137 0.9999813645088416747 158.3481409701053337
0.9993436796533400335 -0.03592383801004820493 0.004656214758531511573 -0.7041831417369966983 0.0359049409875139211 0.9993469390077064363 0.004080783919559187629 -2.997004536346391745 -0.004799772625186769434 -0.003910924357908926972 0.9999809140131262764 159.6711331118592909
0.9994312838706220781 -0.03323898076234178128 0.005680801579039931534 -0.7087268944276277072 0.03321345427559870001 0.9994380734809580336 0.004530543935834200654 -3.007616159980710968 -0.005828201224914447177 -0.004339288159415194759 0.9999736817468746208 161.0123472988988169
0.9995203622721050563 -0.03026156261368934119 0.006578430796095588451 -0.71102031026835677 0.03023831242151927071 0.9995362750056624446 0.003605761152977161182 -3.022490950203438498 -0.006684497303642874914 -0.003405110908195444017 0.9999719417332764149 162.3683096954034397
0.9996445314270466787 -0.02554038082543713672 0.007648022336824632401 -0.7253609869332564575 0.02552905181171779073 0.9996729002058298841 0.001575506405803170969 -3.051317027460183073 -0.007685760764949091731 -0.001379699461097823624 0.9999695930626797402 163.7283166362398958
0.9996796962176336399 -0.02390581119463773899 0.008307205849046683452 -0.72343710668843908 0.02389621030242850691 0.9997137202888149998 0.001253281605728082029 -3.084703841103481281 -0.008334789399296514689 -0.001054369294257235861 0.999964789945282484 165.066056504996908
0.9997010088170048547 -0.02279700716891379375 0.008842055218064656316 -0.7219801308011950525 0.02277670573075238 0.9997377811145009563 0.002390147563623809101 -3.106163501758748335 -0.008894225863495404047 -0.002188039903726451442 0.9999581325069338833 166.4153580654620725
0.9997388282480603738 -0.02112709071846036527 0.008712854584774184716 -0.7294101030496196181 0.0211104993063518237 0.9997752251086744479 0.001992033373728989854 -3.124496982699289216 -0.00875298302024283062 -0.001807580262859088266 0.9999601389460464063 167.7655776782490307
0.9997981187084248322 -0.01843402124118133367 0.007993821963662698163 -0.7240689568360572093 0.01843885608998057854 0.9998299097294615079 -0.0005313357351764387906 -3.148684751673895832 -0.007982668679945417733 0.0006786255464564579665 0.9999679884913998951 169.1259226714890929
0.9998494897334183618 -0.01562858280473614081 0.007532448435063841471 -0.7301502302736742056 0.01565162718821697455 0.9998730363828259859 -0.003009950773794218756 -3.186812209218377046 -0.007484451893763244441 0.00312739297267168679 0.9999671814277071302 170.5096075669897004
0.9999351859296763401 -0.008743444171341211574 0.007291681856556160579 -0.7434772285457752483 0.008775214928852210355 0.9999521557661761317 -0.004336346842171755547 -3.221876452631398102 -0.007253419469205792808 0.004400052013701217027 0.999964093849180391 171.8737246284298692
0.9999578061796227102 -0.005266177295551797803 0.00752633643007654448 -0.7446706147749159177 0.005292017643551651628 0.9999802190826546644 -0.003417325347681812731 -3.253258188613453505 -0.007508192380649482758 0.003457010808787547729 0.9999659182506550614 173.2371037700567342
0.9999642354467522809 -0.001932450998902987939 0.008233223377998501874 -0.7539849923037259538 0.001942806699083792638 0.9999973928255067035 -0.001249784130897928442 -3.286194278833246329 -0.008230787793420249465 0.001265735129060524241 0.9999654061948312078 174.6205925062276947
0.9999662010994070371 -0.002196496988395245029 0.007922409113126579333 -0.7631586693422847123 0.002190274478145994019 0.9999973470047733848 0.0007942277807188057905 -3.31111898452693687 -0.007924133661777865018 -0.0007768485587982173471 0.9999683825757981204 176.0211261861117578
0.9999632550413143361 -0.004039224644638292512 0.007560802578403632429 -0.7572717737717163944 0.004026148589461097348 0.9999904351509559808 0.001744090936768300957 -3.335358799052937862 -0.007567776105794229297 -0.001713585809978406503 0.9999699765130325435 177.4068887469242952
0.9999712700341556459 -0.005212695027057423838 0.005502673957780661665 -0.7484732332642750618 0.00520467439682891983 0.9999854344241690951 0.001471198200451139578 -3.347755781580901147 -0.00551026391128214138 -0.001442516177523078726 0.9999838587081617547 178.7890613897558865
0.9999698831943946153 -0.006774700730671799793 0.003785318745447140837 -0.7517223359077721545 0.006783817169545662377 0.9999741698984070393 -0.002400308677267997629 -3.381414318298224142 -0.003768960895969802709 0.002425915444214935945 0.9999900356530061485 180.1652546168045319
0.9999855280660053802 -0.00484509607910760514 0.002336923083952114656 -0.7599582676951830429 0.00485916103794740116 0.9999699522899708759 -0.0060502223760191794 -3.424124377034204691 -0.002307540341097819546 0.006061490462792106827 0.9999790473437979443 181.5770275484951526
0.9999979154199573061 -0.001244191946827405935 0.001616680056887252184 -0.7699879915249197015 0.001256155138728258383 0.9999717508245674624 -0.007419012227190668191 -3.450394412448561265 -0.001607405138675338258 0.007421027725120087418 0.9999712526522323008 182.9675924464544892
0.9999929317649711713 0.003499075563367259022 0.00137310279710884265 -0.7846781833501239589 -0.003490621578871079718 0.9999752993143415924 -0.006110517888450451435 -3.493995393573513297 -0.001394451485680832034 0.006105681869734298425 0.999980468653522081 184.3746227288887383
0.9999872398921750838 0.004756138432304731975 0.001700506788074841995 -0.7938738992015016427 -0.004751242443690521962 0.999984653252746214 -0.002870724308592376324 -3.522783563102429572 -0.001714135677580928526 0.002862608298571563733 0.9999945143588100382 185.8048022581575935
0.9999803409571926816 0.005951810301555789107 0.001971339395103582134 -0.7914781333359549587 -0.005950346313401220361 0.9999820786893859337 -0.0007468467056874063086 -3.553332319716097309 -0.001975750566412073569 0.0007351020029632058085 0.9999978587827261789 187.2229974177199097
0.9999875732824539121 0.004544357793727110684 0.002048076002385414585 -0.7935862436723475355 -0.004544960336933739388 0.9999896904901988126 0.0002904366213180997617 -3.579629425038052926 -0.002046736446598270472 -0.0002997413075246699158 0.999997941278038982 188.6191140213446715
0.9999947472856710595 0.00245053808210999452 0.002119618393264453317 -0.8133785645152100674 -0.002452747638963334847 0.9999965109835857735 0.001041229432117472299 -3.60875463976769506 -0.00211706082847914253 -0.001046422724276531305 0.9999972922904066808 189.993295114882585
0.9999975364217608131 -1.895613240047544666e-05 0.002217950520020836071 -0.8161957244870838846 1.581764447803183887e-05 0.9999990587117414398 0.001415782102275359383 -3.632485360232005078 -0.002217976666990547838 -0.001415743403636055041 0.9999966188869766626 191.3883480847408123
0.9999937117559302147 -0.002530540100755467731 0.002483007220462911564 -0.8185515370551063041 0.002526746528627207399 0.9999956977370967337 0.001530417098113256297 -3.660608308442014014 -0.002486870700195539102 -0.001524133415307389605 0.999995827004794724 192.7911758449385218
0.9999765223293520799 -0.006268687204470817231 0.002766018081480248626 -0.8150094079892375998 0.006261132758496121796 0.9999767279701288203 0.002732005883382009493 -3.688254740735322557 -0.002783081164008580771 -0.002714623208367483199 0.9999925233798947488 194.1912129359571679
