0.9999999962582232227 8.137513278152659075e-10 -7.656115742981431352e-10 -2.139041617443826482e-10 8.137513278152659075e-10 1.000000061056633971 6.754229727670312846e-11 4.50643937444095144e-09 -7.656115742981431352e-10 6.754229727670312846e-11 1.000000080766252131 2.697696344089450804e-08
0.9999991556085277011 -0.0007709914365240063457 -0.001042531224963331353 -0.006450400901699087156 0.000770586684869063775 0.999999688048211155 -0.0003901462280842736509 -0.007764538205300351888 0.001042830104619751463 0.0003893426759478552926 0.9999994612241178693 0.2522041506627521468
0.9999935235371971709 -0.002609796101041985707 -0.002476765011892523554 -0.004878213370955291825 0.002604084914511853397 0.9999940093046824074 -0.002306992279439521332 -0.02861867625804068865 0.002482769273048487588 0.002300527779595885804 0.9999943524625907187 1.089282335947938218
0.9999865564837097098 -0.002683196333340244401 -0.004436195475025363211 -0.01541172312450577245 0.002666827147066679234 0.9999896892602995191 -0.003692089245010573423 -0.04354701679313771612 0.004446054535406711652 0.003680209198351731131 0.9999834249544409248 1.683497327629474238
0.9999661704022924091 -0.004516313470242009492 -0.006874117292620344523 -0.02300454162624894494 0.004478939385554204372 0.9999752178104234224 -0.005442883989561058886 -0.05742064689435770475 0.00689852675955917715 0.005411911268704401763 0.9999616407958398234 2.242250487532411629
0.9999413048781714553 -0.007021959805816614317 -0.008250539717633498943 -0.02666542009416495579 0.006962126707559478794 0.9999494798348995683 -0.007258697625449927679 -0.07321444632402225594 0.008301091150334444571 0.007200830446540688184 0.9999396989021985815 2.790903146616153574
0.9999175011630651033 -0.008470430329172447259 -0.009655838018297368749 -0.02825266323311013614 0.008392565063810404277 0.9999322268587435003 -0.008076426414441430224 -0.08746127776868516113 0.009723592301358954804 0.007994723049228252137 0.9999208457001497186 3.360692227019952405
0.9999029659289294658 -0.008684537555654608249 -0.01089174310609808405 -0.04289381956531124196 0.00860214193870670156 0.9999342618912311353 -0.007589280123354372187 -0.09918381685116002544 0.01095693429836168062 0.007494851563132386499 0.9999119632729954743 3.930117579511120507
0.9998844687603744008 -0.008856986600109931218 -0.01235295345612203929 -0.05987701547247890194 0.008760610044318141443 0.9999309952479691344 -0.00783444808962644075 -0.1161808190966538007 0.0124214883627920894 0.007725323738870320915 0.9998930880351458717 4.519266789812751206
0.9998778317331152854 -0.008089586269284798625 -0.01337433160221197619 -0.05926383266415615608 0.007949570510915078894 0.9999134463757176627 -0.01048933785897544768 -0.1346266342055560949 0.01345802606512151202 0.01038173639370040292 0.999855620867327044 5.107320714742593637
0.9998678951121041658 -0.006614043840207063651 -0.01484719832363949263 -0.07457568787348640982 0.006403062002975442972 0.9998785470884559157 -0.01421316264946398747 -0.1524468991660665185 0.01493939913785613874 0.01411621769487139862 0.9997888318242469374 5.696858427351385146
0.9998531830673967891 -0.005296790729442585333 -0.01629567043755421329 -0.09507847475180923602 0.005009085071552233683 0.9998318128032083196 -0.01764588612345407634 -0.1751101950038886357 0.01638639376369614362 0.01756166922721600493 0.9997115760832578912 6.317286884378567891
0.9998460141735232565 -0.003552095381110544504 -0.01718496792203889553 -0.1116768870714766049 0.003245450196580522677 0.9998356661230249909 -0.01783900006082250397 -0.1934457722078031794 0.01724550711021929222 0.01778048036847024865 0.9996932571944385781 6.940392925982751926
0.9998287183095478925 -0.001272249206412673665 -0.01846369402379156519 -0.132442214562932814 0.001058214461615833261 0.9999322486798583043 -0.01159742851754008708 -0.2021610979352527204 0.01847719525380056571 0.01157590373673617751 0.9997623483522843912 7.57215316993636911
0.9998194215030724585 -0.0001699292090354732627 -0.01900231788766293395 -0.150337764015813391 0.0001434060988131351125 0.9999990746581405299 -0.001397222568853042192 -0.2107304468201165459 0.01900253504291616463 0.001394245368107670767 0.9998185441443326882 8.23495049782352595
0.9997993898685919589 0.0006353246844357975792 -0.0200192148436720424 -0.1767559591526667584 -0.0005284621092545515285 0.999985648786748782 0.005342757904504197297 -0.2255537258800452138 0.02002231917185580065 -0.005331106565708898515 0.9997854007257215292 8.911946249127931097
0.9997687281427939388 0.002862139333503865672 -0.02131410281532169354 -0.1950770328436284284 -0.002754241224077243894 0.9999833147191318217 0.005089847555161904069 -0.2443937142698289489 0.02132831219904247899 -0.005029966104625853418 0.9997599531886600666 9.589307473684444361
0.9997452780432038999 0.005097502671863522565 -0.02198606599060376823 -0.2147193937438342248 -0.00513941921214268807 0.9999851419593231983 -0.001850495542479336586 -0.2590257846697222588 0.02197630354337821307 0.001963019946978128167 0.9997566454360636845 10.27415712351111843
0.9997233998339868366 0.004839028907344024126 -0.02301521734474969508 -0.2408958842547296308 -0.005015038088072141034 0.999958635101531601 -0.007596024117277241569 -0.2669309627516229799 0.02297750501455568181 0.007709345426236306059 0.9997063377358789138 10.97662269348493425
0.9997012086790283414 0.002725347667988360732 -0.02429111883343170603 -0.2657251055796846506 -0.002886558978088032447 0.9999740874583172845 -0.006604112138936103597 -0.2779299762442389299 0.02427248787967174748 0.00667225681239545787 0.9996831942005506288 11.71152608993894795
0.9996954725285589483 0.001742312960024748267 -0.02461542524125856848 -0.2902346443523619035 -0.001694004273614011478 0.9999966597081140218 0.001983187538938410797 -0.2738584913734374293 0.02461879531631342571 -0.001940884821795213402 0.9996951081837273101 12.47780105565974296
0.9996867192110993061 0.001351162157839307315 -0.02499260697833571854 -0.3157884968686276994 -0.001110768857921628529 0.9999530756084598071 0.009629895547463981562 -0.2835845571254601571 0.02500444270062577787 -0.009599117558227662772 0.9996413337918917952 13.2518604514793843
0.9996789696229954059 0.0004277758934768620251 -0.02533312676036130612 -0.3342342613101494941 -0.0001124550200977996654 0.9999225874351308496 0.01244703212522404838 -0.2902618138147973204 0.02533648711056728231 -0.01244018730373518816 0.9996016534575073997 14.02731263108410609
0.9996650277200035406 -0.001600152088251952489 -0.02583146292417847628 -0.3615237104486346831 0.001902871719190334663 0.9999298190259174879 0.01169864190380775874 -0.2947110569577047756 0.02581092732466108361 -0.0117438770299816142 0.9995979385807342021 14.82500931914816178
0.9996704619147808168 -0.001836268067242734659 -0.02560445865378137287 -0.3870060467975741658 0.002074952309708483818 0.9999546765749131039 0.009298466979750034597 -0.2982709155984854532 0.02558622059366588361 -0.009348530689065515445 0.9996289870368593178 15.65235069370462107
0.9996843137530420087 0.0002260246920484490268 -0.02512397973183612063 -0.4175999074597053218 -8.061479259593546884e-05 0.9999833043497297069 0.00578849182723748315 -0.295343220537585216 0.02512486554326032184 -0.005784638981873200733 0.9996676650378918394 16.48363502348413334
0.9997080044379123009 -0.002507640314719625143 -0.02403352244685932546 -0.4282097681631875652 0.002514552327284562492 0.999996866461549283 0.0002573143314982339431 -0.3024128418097411508 0.02403279888687241683 -0.0003176725913041616848 0.9997112008518473925 17.31993975476020609
0.9997186869788619035 -0.004514992538469011357 -0.0232842079430038186 -0.4532452497650191758 0.004370282374773941554 0.9999709035945091307 -0.006262165397115172435 -0.3171242076391466713 0.02331180113747199911 0.006158645385398568012 0.9997093539954311492 18.19904640810911189
0.999739637118316149 -0.004455948124944225479 -0.02237845141917600006 -0.4704948782093956727 0.004207837803058809417 0.9999293565048259502 -0.01112197018730097867 -0.3390255459342963462 0.02242642655854177464 0.01102490974321002418 0.999687785367082915 19.08109792528741977
0.9997574457593937369 -0.003128061726204699362 -0.02180040054738126981 -0.4954797094917842704 0.002863434860176313195 0.99992203334120211 -0.01215936257878846849 -0.3571590940792786495 0.02183673322564639446 0.01209398944741457531 0.9996884784567867666 19.99061173952513215
0.9997493605287911533 -0.002768151112129284969 -0.02221589633254845639 -0.5280737704947571221 0.002505021774751504775 0.9999265510439565574 -0.01186336804639027617 -0.3765728079203797818 0.02224710131426016826 0.01180474351348957673 0.9996828877046958217 20.91419223177133091
0.9997484828999552153 -0.001570489920815825282 -0.02237179231187413214 -0.5549308950868203638 0.001279288766029081483 0.9999144152657613027 -0.01302488697997372831 -0.402313760178782287 0.0223903301945036666 0.01299299121868719396 0.9996649522453733283 21.84356453961479616
0.9997517955359803699 0.001028148162474346039 -0.02225495064133818993 -0.5903378788252190423 -0.00136428717318868198 0.9998852067513204211 -0.01509417615271479475 -0.4303192774317923242 0.02223687399752678068 0.01512079206345208308 0.999638456911778106 22.8087224805953106
0.9997382052993650792 0.004772785522387312969 -0.02237708616881999707 -0.6352559243639435138 -0.005129969529063056234 0.9998599789729730736 -0.01593197937297534394 -0.4572983936076275291 0.0222979101062774146 0.01604260244496847829 0.999622728616013756 23.75315601905312946
0.9997389136535631549 0.005995608179548735615 -0.02204880524428336555 -0.683072986311689001 -0.006346053616260507839 0.9998541653211349134 -0.01585868205344298856 -0.4883218192343207198 0.02195050446163677657 0.0159944646765105454 0.9996311889439397635 24.72211824419841619
0.9997247622317517735 0.007116471287258930266 -0.02235504920200553566 -0.6972635541501026601 -0.007472524697142813449 0.9998459739333535046 -0.01588432825314710015 -0.5194966711408637305 0.02223856269979354941 0.0160470051510977138 0.999623980009022195 25.69532505793526767
0.9997212228578488125 0.00711032635243037843 -0.02251471597294733493 -0.716691355350603021 -0.00746442089166893686 0.9998492199190677221 -0.01568253640354228332 -0.5494349938958412727 0.02239981036439984974 0.01584622399426661998 0.9996235827221933157 26.6916146311391671
0.9997091160758003747 0.007903650172667432347 -0.02278613966815745684 -0.7544307607516405056 -0.008239439048093467888 0.9998583470195460121 -0.01468058708152115109 -0.5832725883463312222 0.02266687881579529038 0.01486406194674074095 0.9996326493866587448 27.68542220825261069
0.9996938290776550273 0.008397737111831223705 -0.02327485191182722055 -0.776542414662276026 -0.008694926231226191363 0.999881645008415032 -0.01269709922053464078 -0.6134751023547129201 0.0231654673803695331 0.0128955850540980136 0.9996485514708721709 28.68810284303568636
0.9996933044579420224 0.008892167708669436801 -0.02311317788486096786 -0.8051758199223575385 -0.009162302495538475477 0.9998907078176046959 -0.0116080457802619913 -0.6411619474367677984 0.02300742817886805916 0.01181625576296625735 0.9996655419690049227 29.69741796539974388
0.9996713210486130041 0.009439164964935631286 -0.02383578527614955284 -0.8562871452663520788 -0.009742328508352660066 0.9998727751410881881 -0.01263497761823332427 -0.6715103713219156001 0.02371348616491467456 0.01286304101270595995 0.999636120894736635 30.70835267453312412
0.9996514434192987908 0.01019410747052056955 -0.02435291501482047052 -0.8874947864242620499 -0.01051918760948823174 0.9998568344505476269 -0.01325818181391472984 -0.7080897982253830936 0.02421427018726609107 0.01350973366677320556 0.9996155849426360263 31.74482077007976599
0.9996554167747517816 0.009937618893483806531 -0.02429576238110163142 -0.9232949160833365809 -0.01024537566313143792 0.9998684947745022367 -0.01257567198647136474 -0.7374703566183448133 0.02416759212933585962 0.01282025802855419304 0.9996257949452421743 32.81293639525983963
0.9996538909324917954 0.008758032630034393376 -0.02480701178283878025 -0.9409768635135785653 -0.00900466877161509166 0.9999110228803843592 -0.009848063587638270291 -0.7688551988672033266 0.02471855183180848153 0.01006803419398757081 0.9996438312347120103 33.83503353508825739
0.9996300607085313317 0.009719603543516263516 -0.02540204059861660146 -0.9788872681488416383 -0.009888283634747089407 0.9999298926395807641 -0.006523323022627072233 -0.7874320403721370987 0.02533685254221806904 0.006772092545043281731 0.9996561129236306575 34.88837120027288563
0.9996199900810893713 0.00985953334478809236 -0.02574213795819920922 -1.020787421824295826 -0.009966510476045305211 0.9999422700679440057 -0.004030792803822731522 -0.8153373260731909822 0.02570090703319987194 0.00428582051467232307 0.9996605706728322049 35.93868232145866415
0.9996039934331475418 0.009966770723819885769 -0.02631563093880003382 -1.044114409841781388 -0.01006377094293139755 0.9999430963120320426 -0.003556225858847505798 -0.838013221360310645 0.0262786862618614829 0.003819652215143850421 0.9996474390201904869 37.01371426354571526
0.9995954512361998612 0.009239910627663676726 -0.02689889512201416519 -1.076215218626920933 -0.009370409367826617805 0.9999449731065892522 -0.004729511519028639123 -0.8684691368312877913 0.02685371152882523246 0.004979652028292232482 0.9996270517916527876 38.0792408616497795
0.9995745346414364185 0.009602438213025797989 -0.02754152357775676435 -1.11485596232042572 -0.009747861884045893807 0.9999392832943579945 -0.005150825609169060182 -0.8952125443445413389 0.02749038765720097574 0.005417105249558696808 0.9996074704523454368 39.14845313010228267
0.9995521752691913786 0.009445853724157453335 -0.02839396786639188791 -1.160818558138007717 -0.009566094970114884938 0.9999458914946612875 -0.004101950933543398875 -0.919479257389146154 0.02835368182389384067 0.004371733538911271554 0.9995884743705700792 40.22737482793203867
0.9995343435236007101 0.009704710200567689266 -0.02892935135926430826 -1.193743870991780476 -0.009768357541175248793 0.999950228352989634 -0.002059635578745902095 -0.9451954183552461197 0.02890792003707018387 0.002341268903518357869 0.9995794175737184872 41.30868207707037243
0.9995141644451903673 0.01007671462442841226 -0.02949385620499010013 -1.244335292114474134 -0.0100792833121006592 0.9999492618892092954 6.152588413137559224e-05 -0.962309045991974088 0.02949297638947373859 0.0002357810922062500523 0.9995650404875466855 42.38836022177358842
0.9994826801904237445 0.01058661262514441412 -0.03036919982148216998 -1.276952097223411187 -0.01058239224559577064 0.9999440210717599475 0.0002996431881019319702 -0.9860033533111947079 0.03037066860708110411 2.189075969138205263e-05 0.9995387853491416452 43.49676886303219447
0.9994715924565023002 0.01141376154164354569 -0.03043443096550444218 -1.324828546211080038 -0.01151598885407570903 0.9999286747726898739 -0.003185820725577165422 -1.016487489173063974 0.03039589464048893588 0.003534620045922518862 0.9995317691091429868 44.55810587420307911
0.9994503743827904962 0.01277223299954192981 -0.03059104254425918171 -1.354925268844865194 -0.01299368441443305919 0.9998907765956174254 -0.007051320828388194656 -1.049583886395962784 0.03049763678654675986 0.007444935772494482192 0.9995071928151869622 45.61657520191910464
0.9994409724309186727 0.01406354786682527044 -0.03033070925609963539 -1.402561281194178555 -0.01429390336452650984 0.9998705781621731736 -0.00739143618896603849 -1.078421089001362576 0.03022283061298941878 0.007820848577578991614 0.9995126693777144355 46.67995891790287288
0.999441059272798471 0.01387355783288296736 -0.03041522823974102119 -1.440683820284256011 -0.01403779450869221783 0.9998880413254880306 -0.005192996917745310373 -1.100399047045265588 0.03033977426878547642 0.00561705723436612802 0.9995239407708277346 47.77366841870581737
0.9994331481231060188 0.01508668272665122413 -0.03009596510029870567 -1.480297167346081189 -0.01519134642273313289 0.999879377205736608 -0.003252092529869067723 -1.12105498702147921 0.03004326818990807335 0.003707447468694947436 0.9995418041684895893 48.86093817889474877
0.9994689834829941777 0.0132396933133825407 -0.02977338150434932773 -1.528642988853505358 -0.01330629436784468503 0.9999094474825478418 -0.002039962071095290444 -1.144517928984885247 0.02974367363206732034 0.002435052354391795907 0.9995546737479916732 49.94580387028931767
0.9994701123003817411 0.01310338750033735074 -0.02979578030086537863 -1.56512267337610278 -0.01318151866577930119 0.9999102347504262855 -0.00242736221277606648 -1.177110189892458969 0.02976129566133636078 0.002818829777376275891 0.9995531406041969769 51.01210640965493326
0.9994972671485803373 0.01166666042352165408 -0.02948041145987122941 -1.599427579915819075 -0.01178903978934119946 0.9999226436813171137 -0.003980864101474549874 -1.203193168496725418 0.02943168424932862334 0.0043264087002761447 0.9995575118844788332 52.08281095638086811
0.9995106516171090583 0.01204814198587724622 -0.02886680166962926272 -1.641437738257859991 -0.01224256284720235191 0.9999035475133324358 -0.006567907479717531756 -1.226702098286895692 0.02878488302974197693 0.00691809729358550899 0.9995617699059666794 53.15829425819240583
0.9995114030963293539 0.01106089265299938992 -0.02923361752180678522 -1.681136891604193551 -0.0113219880943313065 0.9998974090105322565 -0.008781009414545503169 -1.256808789481981936 0.02913348931090171609 0.009107701894434829318 0.9995341169679977655 54.24475920103608217
0.9995297087219493504 0.009409385267415660073 -0.02918591278702539413 -1.710679389840974896 -0.009762007912886580194 0.9998808472195660491 -0.01196313743246800974 -1.297696701816590803 0.02906986613917073026 0.01224242458215022387 0.9995024899112986416 55.30908401879548819
0.9995561208743003467 0.008209099142687768802 -0.0286385153467381276 -1.748565229843739743 -0.008602451594224704706 0.9998700392353362387 -0.01363908216187559828 -1.334468389533895349 0.02852282562441021269 0.01387938970391192246 0.9994968596142131956 56.37587465232343931
0.9995764596529796986 0.006661343961626643023 -0.02832879181242041813 -1.795496169972044864 -0.006990265680844895933 0.9999091801401938095 -0.011527781952518492 -1.373678033441598556 0.02824942522852933596 0.01172092544972806391 0.9995322662636301203 57.45620108377821822
0.9995862915236040092 0.006417184365754525013 -0.02803672915615066166 -1.818368974362783108 -0.006588086022456920814 0.9999603133249513887 -0.006007578314296777369 -1.396944299642156384 0.02799706149855060028 0.006189801487779159929 0.9995889216716886683 58.55780715172609519
0.9996016899686682722 0.004546751200927097794 -0.02785284722710319738 -1.84393877262605832 -0.004556395568582155726 0.9999896406226334022 -0.0002828627076003206666 -1.415234055284699366 0.02785126935149217359 0.0004096587859978630683 0.9996120749568748742 59.62634938656745476
0.9996130966337818391 0.002816891836401087899 -0.02767155194780614516 -1.892325600609695568 -0.002796109656460289087 0.9999958401676208863 0.0007896369923223100704 -1.441364709521962384 0.02767365793972353938 -0.0007119586327441202855 0.9996168381917323043 60.718371922214736
0.9996191179138494975 -0.001019957815738679668 -0.02757845914000181184 -1.923070503508831353 0.0009649342212473860543 0.9999975785506962644 -0.002008459430869349947 -1.468842425803097207 0.02758043769112495172 0.001981083211353793644 0.9996177050214578585 61.80385034975558511
0.9996104755934760444 -0.002041998763964916665 -0.02783379144687336479 -1.964385027238484183 0.001890821527581677125 0.9999833853940803818 -0.005456724816921879571 -1.489401449895277896 0.02784446839854573877 0.005401970736855152277 0.999597751956521452 62.88395616373090746
0.9996188633265266077 -0.00033392014916802193 -0.02760451415397386504 -1.99126440547180783 7.782855655215829653e-05 0.9999570185283713775 -0.009277777342035992483 -1.521185072977444541 0.02760642249951441446 0.009272093013819256851 0.9995759476666832288 63.95476604034631407
0.9996419168529782073 -3.332529732696775792e-05 -0.02675872900175009853 -2.028797886623755264 -0.0003178616468887820816 0.9999139409139444767 -0.01311990260177045911 -1.561668122875978115 0.0267568602410084358 0.01312371036538106418 0.9995559014313777357 65.04577134457683485
0.9996317226393792721 0.003551206020548662058 -0.02690354352500251567 -2.058016249896610805 -0.003929198684010387459 0.9998941936985399348 -0.01401017178400104299 -1.601024639929736093 0.02685094079537787837 0.01411072172970492637 0.999539932138658771 66.13510024908354978
0.9996373911637674858 0.007577540575187422661 -0.02583911172177917256 -2.098362447346672877 -0.007859693527375505306 0.9999104639945597395 -0.01083564991305852737 -1.626893632103937337 0.02575468751936591666 0.01103480850130480681 0.9996074682137522371 67.21879066377849199
0.9996243048754582805 0.009020311551902575331 -0.02588195731299074848 -2.146791189875080441 -0.009242463283044424077 0.9999214202074383495 -0.008476578062371349642 -1.661371343817912072 0.02580345903947906319 0.008712606675225562439 0.9996291479460344132 68.31671804650167701
0.999634624616553058 0.008532460932843252688 -0.02564774859546688213 -2.188499688193054293 -0.008728502030381328491 0.9999335287099696545 -0.007541452649551159092 -1.692343492457187626 0.02558169351954746318 0.007762563792474153242 0.99964267665915163 69.40976001871176493
0.9996442836487988703 0.006875076441468422513 -0.0257688206643973787 -2.210457078818371279 -0.007054245427034807475 0.9999515901575516397 -0.006868555986060178968 -1.722510881983336795 0.02572034825658454579 0.007047892490813973711 0.9996444129461745653 70.51338255996711268
0.9996401648606687562 0.006249336826869720564 -0.02608599649460438888 -2.240533448745031908 -0.006390170737482121083 0.9999654972798466268 -0.005319028842552805253 -1.75488872609528479 0.02605185293665448695 0.005483809012518696228 0.9996456323282464362 71.60009536863290691
0.9996393608291389565 0.004834353568748524406 -0.02641533516523500782 -2.292487082947618493 -0.004923835099872584699 0.9999824158196100043 -0.003323552755194667235 -1.78502428536400215 0.02639880030407260741 0.003452419072104669431 0.9996456099931840811 72.66778020997575993
0.9996176253188482352 0.003397811819915532317 -0.02744176843964209883 -2.302084546359199901 -0.003449704945473435706 0.9999924106874131802 -0.001843965850983086659 -1.807058462404594001 0.02743529152211605926 0.001937926931461453513 0.9996217837989963551 73.7616940968021737
0.9996153358004128409 0.002070181963463892365 -0.02765659788046297834 -2.34315781782975785 -0.002152396562899934994 0.9999934130785260722 -0.002943314089273902333 -1.830665360417572662 0.02765031929631336233 0.003001710035140307646 0.9996132307075663581 74.84756485208271215
0.9995976647927141689 0.002684261698800990015 -0.02823642881016638975 -2.384429326087631917 -0.002864891785176153748 0.9999757410107656952 -0.00635860778916271744 -1.870095136861092078 0.02821867240711068217 0.006436943990368916742 0.9995811291246048391 75.92966184964052445
0.9995751963584056377 0.003561316936005192758 -0.02892639771504104326 -2.411041618238815243 -0.003801920316519843187 0.9999586604301349269 -0.008267099794156195641 -1.904301064155024426 0.02889575685942128574 0.008373563946385371645 0.9995474376337640798 76.98151158150680828
0.9995438545802738384 0.00575021449992642146 -0.02964811042197445373 -2.439268372416354858 -0.005946407883762192675 0.9999610368561896445 -0.006533536865760900848 -1.935029910662112274 0.02960938266664881954 0.00670685656023548276 0.9995391257707856303 78.05365174268418116
0.9995280813855852431 0.006668947720183613856 -0.02998553501244803285 -2.494926085293208917 -0.006757378198393911191 0.9999731718039815975 -0.002848791187417619442 -1.961159614674643725 0.02996572875704690136 0.003050070556131634879 0.9995463538930062786 79.14982515462419599
0.9994928689954478696 0.00793834709033219843 -0.0308379657839672229 -2.543751912663088977 -0.007908997369445499442 0.9999682081680451029 0.001073550337341313459 -1.977531636378563995 0.03084550418873600527 -0.000829108365445029331 0.9995239010926106893 80.21885696586672054
0.9994885873387169273 0.00838532824847786247 -0.03085843016305557518 -2.588178279802355153 -0.008330678620419373209 0.9999635570486552494 0.001899069217469827927 -2.00522776335408226 0.03087322649216257819 -0.001641026197395575002 0.9995220419397145006 81.30442489500617853
0.9994558662333612453 0.008443541027126803128 -0.03188527459694392996 -2.622743910954773661 -0.008444101643160933229 0.9999644021402009919 0.0001170245995815578612 -2.031454108327047869 0.03188512417375479607 0.0001522817321710317985 0.9994916093017103265 82.36484611535699685
0.9994491892989116888 0.008143567482981811656 -0.03217130692172862072 -2.664587834210243145 -0.008173623249717817257 0.9999663341078158796 -0.0008028882127473018458 -2.057149221884855717 0.03216368197774034654 0.001065402274529452789 0.9994821278420482624 83.42042702806688226
0.9994327554240277633 0.007965261950501718521 -0.03272177656597184681 -2.713012585406436639 -0.00799543262590165886 0.9999677839478509078 -0.000791340357641413198 -2.080448661294485024 0.03271441563877659775 0.001052516393556437958 0.9994642668003855812 84.45757983344418562
0.9994104441543920636 0.006783968665438793941 -0.03365612220575833063 -2.761885502765898615 -0.006804957298485467612 0.999976777436252684 -0.0005091596015675358246 -2.109376028884023313 0.0336518829166642941 0.0007378880579870198287 0.9994334233368507014 85.48830548875029933
0.9993975802479351245 0.005973504902793472932 -0.03418751984693179508 -2.784415428593507436 -0.005936951065265802518 0.9999817520568777818 0.001170583968193547033 -2.138139715073310576 0.03419388486482199951 -0.0009669089982378119025 0.999414831141709592 86.50525914270686201
0.9993657715579589151 0.00563969721387209532 -0.03516022098381614558 -2.819032012655434016 -0.005521842460044086055 0.9999788707823603628 0.003448093345620312916 -2.158885936492598301 0.03517892059710390346 -0.003251757118434011381 0.9993758206973620828 87.49613033827421305
0.9993437783076474235 0.005027113779791547027 -0.035871068770059647 -2.863722525893561244 -0.004862611527375117725 0.9999773261159488058 0.004671655814891952779 -2.186320008040076868 0.03589373665317100587 -0.004494162956923998704 0.9993455876401471372 88.47532890549810247
0.9992774653538738505 0.003595540447069933091 -0.03783664925467617596 -2.911617194826044752 -0.003408509704465936211 0.9999817198253860839 0.005006414368125889844 -2.202735059084513392 0.03785395451393280125 -0.004873830329274737687 0.9992714772561304137 89.41525611519685413
0.9991513199212557206 0.002813917390192681098 -0.04109397152422435834 -2.948139808289442776 -0.002641708238729304978 0.9999875647082980823 0.004244280364727028541 -2.228167363137455226 0.04110539951981028589 -0.004132119894535404153 0.9991463521632639733 90.35556672389307664
0.9990199154429894035 0.002866124409963347833 -0.04416997434018302832 -3.004556984596053582 -0.002717527376932486489 0.9999905071520153177 0.003423851616082796648 -2.247486390732309491 0.04417936399599034503 -0.003300462681055808638 0.9990182440987193102 91.26878356187816621
0.9988914859158305459 0.002508046839203560696 -0.04700533847818097466 -3.056247234247281508 -0.002347797519993954137 0.9999913051586175605 0.003464038651629126539 -2.268335068298747093 0.04701361334250870466 -0.003349839540078349952 0.9988887125242849052 92.14873253913542328
0.9987172779954611723 0.004103499894339551236 -0.05046734328799863667 -3.099944929216166045 -0.003873365548139565996 0.9999817156291180842 0.004656989784821094665 -2.288929916696605726 0.05048552586584564156 -0.00445553753648542019 0.9987149348547182948 93.03609174705552221
0.9985782671131330224 0.004516338293986148743 -0.05311346328790182703 -3.162105942805945702 -0.004213439099644711999 0.9999742861863988308 0.005813433039815705215 -2.31300052007224366 0.05313834819014814914 -0.005581377394056863742 0.9985716425919546335 93.88646467098377002
0.9983802873356905083 0.005989519576722013468 -0.05657667717528044177 -3.21665673961497145 -0.005587430670816527327 0.9999580788167670153 0.007262460452027402584 -2.329171178465073044 0.05661779907143316831 -0.006934578941045853491 0.9983719234913188689 94.70361326573909366
0.9982243568755140295 0.007249972570535728397 -0.05912329621679776603 -3.273140577170396526 -0.00677568645457304105 0.9999433326626556706 0.00821849367995594951 -2.345963751417340593 0.05917952456216818424 -0.007803299502464763025 0.9982169371096427657 95.47698042755530423
0.9980478243777471947 0.009010234090421996925 -0.06180088098045415784 -3.314576109625697153 -0.008486021386022576593 0.9999258625965161684 0.008739499370311173618 -2.361082529021239829 0.06187503884540309501 -0.008197994587289206964 0.9980503161483300634 96.23395944212558106
0.9978707374012890652 0.0107666475370754109 -0.06432778348707522686 -3.381558068809053186 -0.01027854957266604273 0.9999159192351416703 0.007913783605232883531 -2.383228934003753352 0.06440757420952490653 -0.007235736618285269761 0.9978975245889719625 96.9744080296728157
0.9976995540700369647 0.01210981407390575131 -0.0667004140535698703 -3.431404999320825322 -0.01183512646478861174 0.9999198444364253424 0.004511825553453105084 -2.402538360928616612 0.0667496994057957399 -0.003712038341059500056 0.9977629274799794112 97.66059868866264537
0.9975126277810493214 0.01466068098731768479 -0.06894646409642941898 -3.475205943385144103 -0.01464791894130412601 0.9998925359908196198 0.0006906635836762968538 -2.417724552482834355 0.06894917469341912963 0.0003209767521091239474 0.9976202029372368552 98.3139463696970779
0.9973136709383699783 0.01692088951885407574 -0.07126793358646575649 -3.536357880638521411 -0.01711099131184004932 0.9998515398549929767 -0.002057739568739975957 -2.435736632984271122 0.07122252848049055729 0.003271676987693171879 0.9974551661915408429 98.93562328074199286
0.9971869001249042963 0.01878259328291686028 -0.07256372050985604449 -3.605092710183090521 -0.01905073832840921411 0.9998140636362937705 -0.003004926398893890786 -2.451513101271447947 0.07249378201413447798 0.00437886588827572816 0.9973593324781340197 99.53286336117214717
0.9971817786458906374 0.02121240395181927738 -0.0719619856766903071 -3.642015700441099568 -0.0214596947938091899 0.9997662234854260976 -0.00266494376136155401 -2.472470259691879946 0.07188862687653634065 0.004201715802198363256 0.9974038960706025359 100.1334381718742179
0.9973243406299300284 0.02473629458406216911 -0.06879148507126604806 -3.690065798506425132 -0.02487991771785874953 0.9996897491903118382 -0.00123170234303392797 -2.4843517533891184 0.06873966898166453121 0.002939933398283818295 0.9976303803156014727 100.6977600086641473
0.9976126745196250978 0.02727235889082415404 -0.06344417328717329163 -3.723565041691287991 -0.0273126271900982695 0.9996269745753797453 0.0002326323028587557113 -2.501208085619404109 0.06342684602804003757 0.001500750289814414785 0.9979854428033652081 101.2246785421107091
0.9980555713608326718 0.02808647102861916434 -0.05564368410184840352 -3.773610645038570244 -0.02800569161745480526 0.9996053348562145002 0.002231094217138960764 -2.515214651620349962 0.05568438211147046929 -0.0006684159999690652372 0.9984482780765836507 101.7486504712324091
0.9985538704383536412 0.02829141688246709571 -0.04571385374236744403 -3.783766086066338019 -0.02811684822493415795 0.9995947664811313249 0.004457318354881404689 -2.523710079857520938 0.04582142847682491027 -0.003165542868823563796 0.9989447118408590898 102.2341220544035991
0.9990373472785794018 0.02740839349184789192 -0.03425129880564330154 -3.802202217010879348 -0.02722593495045140879 0.9996126433705506686 0.005782188378244120658 -2.536223394034132106 0.03439650819635858836 -0.0048440983817169634 0.9993966061145440616 102.7091582741076365
0.9994243302870401413 0.02669679278746449336 -0.02093518474288226169 -3.797905105542533466 -0.02657521174888430662 0.9996284829932887694 0.006064333030239121847 -2.553036030942184453 0.02108930238349743247 -0.005504484898671229039 0.9997625235185046977 103.1590227168616991
0.999642504222640782 0.02608578292179844493 -0.005864153450018941803 -3.787292563173437543 -0.02605526273699660875 0.9996469268211924941 0.005221782166435738788 -2.56182254599161352 0.00599829534773301757 -0.00506712324148247701 0.9999692526443114682 103.5819328055765993
0.9996230555074406832 0.02466004450589423178 0.01206738135558559077 -3.782280285841126855 -0.02469251597548212038 0.9996919036467674102 0.002549406217036041637 -2.576963820861005505 -0.01200079577075344878 -0.002846419143545964817 0.9999240172818902872 103.9999635727408389
0.999149023719407503 0.02423395704673546314 0.03337568521400327559 -3.766470505212505593 -0.02418012596350967852 0.9997056471746663675 -0.002015577149857263051 -2.588936076036645328 -0.03341470588744240022 0.00120683376271557086 0.9994409249535884943 104.4113210920537682
0.9981049976375431232 0.02177653164455104276 0.05755162148160054142 -3.723378204335391128 -0.02143218404371522931 0.9997486210061509171 -0.006593810112574299137 -2.608068867768837507 -0.05768074253126328349 0.005347857974580020116 0.9983208370535505694 104.8140726290080096
0.9962314321604938128 0.01976667255904346332 0.08445238468707889912 -3.671469789743968981 -0.01902287193534320589 0.9997729912550866738 -0.009603039065795021187 -2.616056390654077024 -0.08462302973958862884 0.007960322543688396965 0.9963813211606644682 105.2168217095610174
0.9933479351546532499 0.01654801991786647788 0.1139562909455864859 -3.59175386572841937 -0.01540675419915299438 0.9998220821648483581 -0.01088843487484279955 -2.625735665282908471 -0.1141161926733973014 0.009060307798943843458 0.993426175413062551 105.6098605234313226
0.9891561182692765186 0.01441149270782290069 0.1461590801342982637 -3.507379118564562415 -0.01266891988168631321 0.9998372831242078318 -0.01284631571145249465 -2.637850827892948224 -0.1463204247434330696 0.01085533415185840553 0.9891777671201180677 105.9944178993979165
0.9832674648610357782 0.0118347464620773557 0.1817829100481093418 -3.412346024840761771 -0.009389203353844634628 0.9998536151807407846 -0.01430780082893299242 -2.653528205246302729 -0.1819256193733036209 0.0123615983631998605 0.9832346713302829722 106.3556957444605899
0.9753736133056228885 0.008423953620125561662 0.2203981573948511075 -3.283907109308016992 -0.005244863907538661191 0.9998737161629484005 -0.01500550680023641885 -2.666426001134881485 -0.2204967183832395317 0.01348001704418805638 0.9752946447454676759 106.7097152539333962
0.9655702874905575106 0.005860816735252787936 0.2600762745854707236 -3.150309132222681718 -0.001882539949693037016 0.9998774887380319498 -0.01554302643825800773 -2.683173557071384163 -0.2601354927260660088 0.01451828050048269321 0.9654630501191899805 107.0598057320292895
0.9534372883432176149 0.006408502564093368319 0.3015232463076161218 -3.030105565406411294 -0.001424613188882306201 0.9998588215947684654 -0.01674602849733965865 -2.697770526991622564 -0.3015879777364613989 0.01553673394730990982 0.9533118355810936695 107.3979760277505591
0.9383381925975770033 0.008082373911960189991 0.3456242376866309196 -2.862065850301062309 -0.002339357865921831009 0.9998522990204989913 -0.01703025721071036933 -2.712731261037389707 -0.3457108138713662071 0.01517160189164426694 0.9382185286948862002 107.7292084863852608
0.9208322999305599277 0.007970203046114862286 0.3898773603285861089 -2.699575352157640218 -0.001916928717150851542 0.9998716082183674025 -0.01591271742405200862 -2.72305361299823856 -0.3899541084580099848 0.0139055769338796778 0.9207293725343977941 108.0422348650026123
0.9007643660424918819 0.007083987730078335383 0.4342503677067194312 -2.510790085446557462 -0.0008196565354378657986 0.999892976108369691 -0.01461118087018092003 -2.73447529730930583 -0.4343073728199225436 0.01280529473919499867 0.9006737902934131013 108.3374416228814283
0.8779089252954261902 0.005712972900655087158 0.478793579827076321 -2.3118167737548867 0.001664323130861508583 0.9998864344096075607 -0.01498233728084216905 -2.750178503332871394 -0.4788247711356789504 0.01394999463545472211 0.8777997374026508259 108.6227178890853651
0.852973251702350721 0.005726317477674784141 0.52192322810353875 -2.09819981114142351 0.003457064226658275192 0.999855965682802994 -0.01661982902596089579 -2.768625938771662742 -0.5219431930898278393 0.01598059148376413524 0.8528306180351905574 108.9016797548134576
0.8256204342280176744 0.007282177852732870348 0.5641789496131244253 -1.874182195404092477 0.004569429868974055758 0.9997976801531003321 -0.01959186554572078798 -2.785047427349514493 -0.5642074432636646764 0.01875342041175418611 0.8254201387843935755 109.163248356153801
0.7955088533546300633 0.01177156870231475978 0.6058276299617686433 -1.635481819191690001 0.003338472222405659742 0.9997110202268090218 -0.0238086699828654394 -2.79836938222888465 -0.6059327876294789972 0.02096254616974250681 0.7952396869808564528 109.4137304093675027
0.7619753124501862374 0.01754711325953664178 0.6473683258031542875 -1.387481064546772558 0.0004074710601122690195 0.9996197264730288801 -0.02757459951705237139 -2.813076044144907417 -0.6476059649960104192 0.02127494759883659034 0.7616784213319909291 109.6670235306929015
0.7252354371052098791 0.02225572509550361247 0.6881411739590741483 -1.106587505686296824 -0.002020271611511413254 0.9995419615063049212 -0.03019781141518725759 -2.825646004741251271 -0.6884980120579992091 0.02051029049876790591 0.7249482309682930836 109.8976380029530873
0.6859760716771711175 0.0223788663335906246 0.7272798993093917419 -0.8194259351359374222 0.0001610706374348003928 0.9995222860843562263 -0.03090785992505927157 -2.839605111389979175 -0.7276241070533345789 0.02131919535666882554 0.6856447828626082153 110.1161828370138949
0.6454559465377711636 0.01967558699598243727 0.7635440612257564652 -0.5227468422931733638 0.004266641280187714012 0.999559734214789164 -0.02936418977088577423 -2.855996394168346608 -0.7637856109060161547 0.02221105907134648602 0.6450878408248712503 110.3187258732843077
0.6016662691207855795 0.01731130904738933246 0.7985599945470128747 -0.2024861979738687423 0.005915501558809881273 0.9996411809677154814 -0.02612734746525230758 -2.864101450526681081 -0.7987257067456108306 0.02044382608539970295 0.601347988838877856 110.5088695995741972
0.555518076862362209 0.01557877307505018544 0.8313585377908661034 0.1135951349843692115 0.006843839707638625647 0.9997050021344531245 -0.0233064946867553198 -2.879168943072218045 -0.8314763254562550499 0.01863686316522448691 0.5552475946107522375 110.6795033322049164
0.5077137908710035452 0.01264649843231295707 0.861433007967787101 0.4629360264955884041 0.008562683395631331268 0.9997688550599753698 -0.01972407242046511286 -2.893317975474683834 -0.8614832807010207594 0.01739036114994205531 0.507488159336309308 110.8202414450530853
0.4575037639076861562 0.008961394193051768278 0.8891625600214023706 0.8331601169137494711 0.01091398405908296579 0.999817363780079571 -0.0156922325409343151 -2.905541482465554992 -0.8891407374120984253 0.01688356088879178554 0.4573224133611881181 110.9673588915627676
0.4060505509091529852 0.008590053195781344533 0.9138102776947878425 1.204386545336351588 0.008885531489898606389 0.9998715009166602163 -0.01334732592364438857 -2.92345307798134213 -0.9138074529674939939 0.01353937843813302934 0.4059220561168492281 111.101217610522653
0.3554540532904466588 0.01274901628047574696 0.9346068394931936751 1.574652387696433786 0.00563127651496585311 0.9998596780282607011 -0.01578084602700527764 -2.939918163136403084 -0.9346768273483305745 0.01087239459247550319 0.3553323903736189671 111.2006652124409385
0.304989192235248785 0.01773133847109572767 0.9521907692157032255 1.973000507713767115 0.004682400044032571616 0.9997867202543934129 -0.02011743665740864731 -2.956168126651194328 -0.9523443376002356242 0.01059413819490153535 0.3048411261463018218 111.2861509993431781
