0.9999999962582232227 8.137513278152659075e-10 -7.656115742981431352e-10 -2.139041617443826482e-10 8.137513278152659075e-10 1.000000061056633971 6.754229727670312846e-11 4.50643937444095144e-09 -7.656115742981431352e-10 6.754229727670312846e-11 1.000000080766252131 2.697696344089450804e-08
0.9999996278302483166 0.0005259689857119896009 0.0006783894982022951187 -0.01029341765819350926 -0.0005257896311866997255 0.9999998884713893199 -0.0002621351487412882037 -0.01363776273791818087 -0.0006785287871173238672 0.0002617784961276946993 0.999999816302107436 0.470842432417415524
0.9999951274452899552 0.001210062802598834645 0.002876342903388013315 -0.0156663553640139612 -0.001209805098172444995 0.9999993251218751711 -9.076681064364277977e-05 -0.03411017513611352275 -0.002876452151348921071 8.728668621249956075e-05 0.9999959399618993938 1.589519018265916683
0.99999172197204933 0.0006737714072415283521 0.004011799129600310439 -0.01659498283422049941 -0.000674780269817709449 0.9999998020088853856 0.0002505313489916850692 -0.06012070866609817155 -0.004011630820965855597 -0.0002532362276291392242 0.9999920020814311306 2.759920493708699851
0.9999867441876177931 0.0001959050239452545406 0.005144470953999539034 -0.01841696440159899459 -0.0001972884436355035491 1.000000005488779875 0.0002687242000591432128 -0.08709609947333808722 -0.005144419555150379561 -0.000269735452831268202 0.9999868117772064968 3.97469600102283227
0.9999823955460740432 0.0001211368869525387721 0.005931815432500227477 -0.0210561651953120807 -0.0001225635864762176185 1.000000024642823115 0.0002404280047421365025 -0.1082425231763024659 -0.00593178762320268043 -0.0002411506674507992538 0.9999824584864164256 5.177065681866868552
0.9999765579233544921 0.0002052267458475171057 0.006843536805275488542 -0.01241081361599459185 -0.0002014307191025224296 0.9999998866820479781 -0.0005551346040178986195 -0.1359273225653562511 -0.006843651071148151681 0.0005537432233988937719 0.9999765093978724151 6.375220464904879591
0.99997133750538858 3.790497460532765662e-05 0.007570682971634771358 -0.01220218548736992648 -3.158829821212488515e-05 0.9999997125602699821 -0.0008342629547685462364 -0.1632873095754600046 -0.007570713486496094026 0.0008340000297332790958 0.9999710747219661133 7.585536580900130943
0.9999695917488361507 -0.0004025415694311221758 0.007787557187793809656 -0.002042710930192396732 0.0003983233870364217524 0.9999998340794715723 0.0005434091434683382439 -0.1876558841389862342 -0.007787775696541683959 -0.0005402905261590835529 0.999969609625755429 8.777880363313890655
0.9999781624948397285 -0.001011272291652890983 0.006530265711803317184 -0.008332674919955523202 0.001001388445493327098 0.9999984091956055643 0.001516885797821660884 -0.2102523857463882151 -0.006531790441546431354 -0.001510313215299721951 0.999977607852442496 9.980884320095270823
0.9999885587861817582 -0.002053919116920705293 0.004319284817547751343 -0.009487168899815542206 0.002049191018577524621 0.9999973573801322901 0.00109916578571031499 -0.2348572404140450987 -0.004321532269037309248 -0.001090302041204815843 0.9999901485203208651 11.17446477096294188
0.9999955585442883432 -0.002115271956608221621 0.002097862411815729338 -0.01566099375057348336 0.002113886979595800894 0.9999976070398202133 0.0006629577583720611556 -0.2579054061894180405 -0.002099261131106482711 -0.0006585200373057841167 0.9999976604919240675 12.37712096129278017
0.999998245281065179 -0.001629333477324676482 0.0009204454566742707603 -0.02559822854605157613 0.001628829308404812146 0.9999985832672445563 0.0005499949249312471996 -0.2855490883287120085 -0.0009213417530963504722 -0.0005484945777783106118 0.9999995059082993354 13.57345046497195185
0.9999999317467062054 -0.0003544598420035234392 5.814285913695196281e-05 -0.03775429748602247837 0.0003544365318242142984 0.9999999065028402079 0.0004283491068119833723 -0.3096983098845819127 -5.829621424584654002e-05 -0.0004283283359165952764 0.9999999873344632695 14.77468643330602838
0.9999998165427613772 -0.0005025929790190901371 -0.0003268499582931633425 -0.04826651747760298677 0.0005027326982259863438 0.9999998454131814318 0.0004225489094562350054 -0.3344564445610506698 0.0003266359861749661034 -0.0004227130159445623646 0.9999999380772879309 15.96737149738403261
0.999999002563469408 -0.0009448812948952393671 -0.001046225628486953472 -0.05791007288695348282 0.0009456488592821423985 0.9999993461338914091 0.0007318434842239878715 -0.358745891306542275 0.001045531843585455114 -0.0007328319824120778803 0.9999992656753086129 17.1682488422755668
0.9999980367969661943 -0.001305775172778018143 -0.00148790803112063756 -0.0657334541428561403 0.001307276280421799724 0.9999986992933518337 0.001007251593860690898 -0.378520745652849433 0.001486589228945188294 -0.001009194589780194667 0.9999984665531409522 18.36195188229797282
0.9999967593832879142 -0.001525178220556490903 -0.002036558838484578155 -0.0674326313184880205 0.00152564050516372225 0.9999988720317236623 0.0002246596625802281153 -0.4044655082108932209 0.002036212239660688782 -0.0002277658541427225595 0.999997981743683817 19.5613953533768381
0.999995588790730805 -0.001454304898475374409 -0.002588419418961962135 -0.07405101001863649557 0.001452914476893333879 0.99999885999373328 -0.0005395981748597568481 -0.4348468157983626514 0.002589199519645681447 0.0005358351828428574134 0.9999965852214460771 20.75959527315924547
0.9999948888418899173 -0.0006736790237893551959 -0.003124254736343077578 -0.09147961222791639591 0.0006728506425947794814 0.9999997991261241337 -0.0002667096303614243649 -0.4562733312219529602 0.003124432063723234058 0.0002646062494919870951 0.9999951647056847248 21.94917938145125191
0.9999925496992831953 -0.0007377967296217857133 -0.00378797098805392805 -0.09913227322060154389 0.0007362837058869411413 0.9999997095046631035 -0.0004012371842109023717 -0.4783091251075278771 0.003788264157011654067 0.0003984453137788907125 0.9999928258850456775 23.15206408049905562
0.9999886009300118506 -0.0005244690212365973967 -0.004745046581686115234 -0.1097333982011434589 0.0005200047887715644659 0.999999481845008642 -0.000942347454659464112 -0.5100990679108421411 0.00474553653491165215 0.0009398694086932294018 0.9999883789584499416 24.35319201746285955
0.99998334720023907 -0.0007337153011807562427 -0.005723592480514639799 -0.1282370228163110804 0.0007326431696080048855 0.9999997746817507194 -0.0001896967010636268775 -0.5362689280089265598 0.005723728493787855198 0.0001855003321429844309 0.9999836828882561202 25.55258283146406839
0.9999793720774350358 -0.001486628309716958281 -0.006248030323602159729 -0.1446259985227177913 0.001494817389208713283 0.999998091076779394 0.001305940096951570479 -0.5553970584526767285 0.006246075035547572069 -0.001315252686113764155 0.9999797088823587643 26.75225539841692779
0.9999730275046923023 -0.001951062425780112925 -0.007080264621300794842 -0.1599745238867025521 0.001962194141513052582 0.9999969107400122903 0.001565382079023448303 -0.5790881541490910944 0.007077186625921995725 -0.001579232574096647249 0.9999737901420715502 27.94800311888696243
0.9999646205893566453 -0.002750529007706464194 -0.007948879778665365534 -0.1747902029097139487 0.002755918729025867448 0.9999960410827058999 0.0006669694406164786366 -0.603317838992297184 0.007947011774150069055 -0.0006888521692101791773 0.9999682654971830953 29.14399026883223343
0.9999560162300038524 -0.003015057137116861508 -0.008880741425988379276 -0.1956124435327040723 0.003012667575073357112 0.999995483028315979 -0.0002826209443577083801 -0.6284799722195502092 0.008881551357200914362 0.0002558539374611163352 0.9999606062723345179 30.35480563800714648
0.9999506553818935384 -0.002392613829272984081 -0.009641303642638581611 -0.2195474149953997867 0.002389183914592219252 0.9999971394545795755 -0.0003674229507638808261 -0.6534028532850922888 0.009642153045059154853 0.0003443701188879378359 0.9999535348224021236 31.54241006835987804
0.9999454725287164614 -0.002774776966287687517 -0.0100670312665239528 -0.2459326711206969163 0.002775326983456786762 0.9999962090112306523 4.050427775846764464e-05 -0.6818020022169899441 0.01006687856652385693 -6.844122753875304802e-05 0.9999494061102529585 32.74983442551677371
0.9999364260244860692 -0.003314315188894114729 -0.01077737269896934455 -0.2641103604799615034 0.003318259807058423182 0.999994495068707856 0.0003479973261053428794 -0.700639116177368293 0.01077615780827539255 -0.0003837371802335057887 0.9999419426520740339 33.94242399137817046
0.9999275748958802446 -0.003608541402578732335 -0.01148111196405056378 -0.2725886825844660577 0.003610231360294144549 0.9999935361732892325 0.0001263308541494827968 -0.7272662295797586163 0.01148057965003920246 -0.0001677710285308621518 0.9999341626564964836 35.15694226381178566
0.9999233594491560018 -0.003499839056932207461 -0.01187513773136323648 -0.3016788650191348231 0.003503371240095629491 0.9999938860044750299 0.0002765173384240458354 -0.7532738684568566212 0.01187409510451829277 -0.0003180990157519069045 0.9999295306074469369 36.36190068896596728
0.9999183334057627492 -0.004789085190008560318 -0.0118483636944508551 -0.3195677895958071169 0.004798972140421820312 0.9999882210819439621 0.0008060294472457169056 -0.7788425548013396815 0.01184436173519570583 -0.0008628234436896768797 0.9999295615857966002 37.54528990702280566
0.9999224090911922325 -0.004323808898492966825 -0.01168216649100244954 -0.3412183139527754649 0.004348424365841252297 0.9999884384412937033 0.002082380549674608342 -0.8026944103400770469 0.01167302536613039864 -0.002133017853383487646 0.9999296736352730752 38.75402319213528557
0.9999221260416374379 -0.003947330032494058422 -0.01183862234363318097 -0.3500400785762781686 0.00398100194634723719 0.9999881552704414922 0.002821889715627269851 -0.8260275999364478094 0.01182734093302014247 -0.002868799405506106993 0.9999260200126810494 39.96194923846285718
0.9999256702978884803 -0.003333569714231717374 -0.01172747771706599863 -0.3819216455754411155 0.003363372613997827731 0.9999912237695143258 0.002522345550079514546 -0.8505280483102090061 0.01171896413079487852 -0.002561601804688263661 0.999928130206533039 41.15567614499515514
0.9999341403603574374 -0.002327760894297075962 -0.01123783839995613938 -0.394659746304769854 0.002357085497496059622 0.9999939115100936471 0.002596768746405863932 -0.874284055478563582 0.0112317231028826181 -0.00262308613388105745 0.9999335624527210253 42.34803833952951635
0.9999442630244573804 0.0004161891639633140318 -0.01054941580118331883 -0.4254458213826809443 -0.0003713281319661235007 0.9999909441791045017 0.004253914525884309322 -0.8935685997869950992 0.01055108852186505478 -0.004249760003246351968 0.9999353857009279922 43.54822265280503046
0.9999569846863133327 0.000556277396676874928 -0.009258070603748076027 -0.453218638706400001 -0.0004905496253029514083 0.9999747347552974119 0.007100093418615746263 -0.9095562424738746765 0.009261784215373401741 -0.007095246347164086906 0.9999320168598684333 44.75689944968492995
0.9999707116639681148 0.001539770711013735503 -0.007496496231342190258 -0.469743465318105069 -0.00146624394637093875 0.9999509299076856372 0.009803571769050908533 -0.9246386491411875408 0.007511221632433440036 -0.009792292843159466909 0.9999239241379178633 45.9636983520091249
0.9999822006089180704 0.001568161209441882665 -0.005756028712309889731 -0.4769036620126046455 -0.001492683241130344065 0.9999132229547101902 0.01309353172146515351 -0.9338595083758308713 0.005776060095139226754 -0.01308470664736762629 0.9998977893251452809 47.16790117076862288
0.9999896455792610661 0.001135355249542609451 -0.004405931171164704022 -0.4972650003228981097 -0.001071175181984522018 0.9998937540958926506 0.01454149996945667406 -0.9390546934403509738 0.004421971014331384404 -0.01453662979311779423 0.9998846403883107081 48.36635538567172432
0.9999961955885834364 -0.000547628298925641817 -0.002702116195733422158 -0.5002152750035410156 0.0005834027567790296426 0.9999120282871953869 0.01325584577653422455 -0.9533209674569520509 0.002694617503246719316 -0.01325737167980258271 0.9999085671475734793 49.56323832165695364
0.9999987678834121319 8.392155283420855841e-05 -0.00156515431110827415 -0.5084939777218270285 -6.586095814215160715e-05 0.9999335328398253342 0.011534629692611955 -0.9601412284254450258 0.001566016647604342484 -0.01153451230491475341 0.999932329782092566 50.76457835014374353
0.9999992121481124929 0.0007730335721709435557 -0.0009852114412969186549 -0.5124217098567031003 -0.0007621176881563418957 0.9999389302127968948 0.01103073603217212539 -0.9721734107071005049 0.0009936768030490885761 -0.01102997640049855829 0.9999387550015330639 51.97118244184768798
0.9999997062771892598 0.0002603354737318280105 -0.0007156738011340589437 -0.5315058679601927238 -0.000252806421609228654 0.9999449234544521836 0.01049801233725462281 -0.9811210938965594375 0.000718365805707085899 -0.01049782823063437169 0.999944719012393346 53.17577671094068137
0.9999984483839672311 -0.0004110627419892257735 -0.001710782199833482111 -0.5468288312657222372 0.0004275443313277856538 0.9999534670233906075 0.009643812048681780699 -0.9980612914549794601 0.001706736737009129871 -0.00964452841972595655 0.99995211467737799 54.39086253738962995
0.9999955599446300747 -9.680319177095314976e-05 -0.00297711970951847248 -0.5449851661422034921 0.0001261672004763755991 0.9999514018977344598 0.009864078330849930867 -1.00819762819375125 0.00297601843198053986 -0.00986441004799204664 0.9999469977216819405 55.60100625110381856
0.9999899399623167762 -7.47083823287981411e-05 -0.004484073785066248867 -0.5585450172273866976 0.0001239108583393197028 0.9999398472977436558 0.01097308295738757579 -1.021299657531187455 0.004482982460835132146 -0.01097352809547056871 0.9999298205721273147 56.8123048257869101
0.9999843252169110519 -6.814931150469756647e-05 -0.005597964246570194362 -0.5822274708615026162 0.0001328693550438157496 0.9999332157775292496 0.0115615071778793644 -1.033891020623718626 0.005596800599856883648 -0.01156206965524276577 0.9999175745456849729 58.02565084686052899
0.999978618246607498 0.0006765899757804019104 -0.00650367640029868993 -0.5855764821600961678 -0.0006025531383863976399 0.9999351386166036582 0.01137882269287567548 -1.048747661082312321 0.006510951422245651703 -0.01137466048577565059 0.9999141893808504156 59.22738054287642484
0.9999734179353597652 0.001324191200185730576 -0.007169551894994105438 -0.6121141614461262925 -0.001245480097019226835 0.9999390949656969951 0.01097165682704817451 -1.056992730925616852 0.007183641825860896321 -0.01096243554467985458 0.9999141872231936956 60.44181733206242768
0.9999728085821574242 0.0002410632454798719907 -0.007369974052921893053 -0.6243721751927799879 -0.0001628885764241256109 0.9999438055031865114 0.010605725801380958 -1.065957544449888106 0.007372114561725525393 -0.01060423683086642206 0.9999166783292388061 61.64199693667305269
0.9999745644046185156 -0.0007862187903364409184 -0.007088366110350684778 -0.6328347340054570891 0.0008558017065296245202 0.9999514913798241977 0.009818584853973391993 -1.0894645935403795 0.00708030073620088702 -0.009824401243556381627 0.9999267533153524123 62.84337173201009108
0.9999691986282389644 -0.0009538642061747106731 -0.007790023740899299463 -0.6549872066292166117 0.001037654787976372136 0.9999416431319602117 0.01075898330255451937 -1.102364395685500043 0.007779304515643062877 -0.01076673516469456131 0.9999118567887655962 64.0478899242040427
0.9999674468242433223 -0.001046856186924595249 -0.008000119774184561924 -0.672559021691308212 0.001144465837598755437 0.999924910122202304 0.01220599994532668535 -1.108312725010596411 0.007986739090985317882 -0.01221475836837529819 0.9998935809309097422 65.23678126181185633
0.9999670043087672822 -0.001060346637453631969 -0.008053476973655769242 -0.6984311594708249027 0.001149743485684934056 0.9999377521155822235 0.01110369771386228097 -1.122708843186002836 0.008041199862157977565 -0.01111259067151999964 0.9999060010540983257 66.43875282647906033
0.9999652643249855588 0.0007594088879258747982 -0.008299757698332171224 -0.7120711710214464585 -0.0006763296469110041849 0.9999497523320137748 0.01000787214298624189 -1.141775283844932876 0.008306938675407188333 -0.01000191103676939877 0.9999155554625392961 67.66082538931286194
0.9999623026792791025 0.003019108288645729662 -0.008140684584683690814 -0.7379558684723801498 -0.002937271330680781348 0.9999452854956041303 0.01004592273354554428 -1.155014735020098104 0.0081705668614019452 -0.0100216325278177313 0.9999164816271076672 68.84847422868475064
0.9999525160361947274 0.004975291219056882618 -0.008378824205881322401 -0.7579817590899573521 -0.004889268486403741502 0.9999355150698691075 0.01025586968152076943 -1.167998737261828568 0.008429307781930956214 -0.01021441627112862176 0.9999123831519348693 70.03641441295039272
0.9999484636368544122 0.006310345783816576071 -0.007952493520497528473 -0.7682629163060626931 -0.006224929878093630499 0.9999232247210460001 0.0107199354439660513 -1.180075970108225292 0.008019527435156721673 -0.01066987916611531091 0.9999109972238880983 71.23818379537682688
0.9999498323105753261 0.007105971087852538601 -0.007059078073410956014 -0.7797478416754831665 -0.007024603677895507013 0.9999094307478236798 0.01148509240924301678 -1.192072797053382649 0.007140049495747891398 -0.01143492891024178518 0.9999092076818935082 72.42989567849166122
0.9999509151136989349 0.008636370408475866831 -0.004855204856506607075 -0.8121879999434790109 -0.008576789307291804443 0.9998893293559280027 0.01216099603633561017 -1.20102772124708701 0.004959692549780728675 -0.0121187569589803687 0.9999143456805636987 73.60104518595075263
0.9999695397876180447 0.007448426881265186004 -0.002330873253325377401 -0.8268923555483217447 -0.007423948859395925609 0.9999190518211386047 0.01033909520643363535 -1.211327025538768254 0.002407692880980834629 -0.01032147589885605565 0.9999439142647252865 74.78588983314945438
0.9999921477486375387 0.003957548073503849677 0.0001864884245555639708 -0.8283150847539940687 -0.003958582386535651997 0.9999746582410830031 0.005927445357060893809 -1.245114128223508754 -0.000163027074998519625 -0.005928136933325432213 0.9999824959197730623 75.9634202887761063
0.9999844120265003466 0.004759109277072366868 0.002918750557226562972 -0.8311410412597199926 -0.004773656597671997216 0.9999761763433081541 0.00499810501436241672 -1.260922688565168759 -0.0028948958528204876 -0.00501196010655950621 0.9999833305455537724 77.14796128181252755
0.9999743857093824628 0.004434291241745547986 0.005617606726364481398 -0.8301435831590554537 -0.004480002323846573112 0.999956804535188204 0.008151119561158813934 -1.270477232869359208 -0.005581220830501784982 -0.008176077570653450186 0.9999510804362762295 78.30770315043150731
0.999950775286075344 0.004523992443900276897 0.008830233029415390095 -0.8347361049129051747 -0.004606362068650338149 0.9999459222930061619 0.009330381853055231059 -1.282732262589852068 -0.008787545936179880918 -0.009370597728763568196 0.9999175628376584246 79.50242533794001076
0.9999050547721856086 0.005198899860157150249 0.01276108938011884762 -0.8345951516318380614 -0.0053003924618843061 0.999954550494738581 0.007932521025281901242 -1.291025453949339763 -0.01271926977380674617 -0.007999406561410583524 0.9998871892404779249 80.66811657204159758
0.9998557521548343541 0.003898739194509239902 0.01653079662788694768 -0.814397723331149237 -0.003981839507605484593 0.9999796474773433586 0.004997168416719449495 -1.31624071822206945 -0.01651097805538848107 -0.005062270465338012705 0.9998509501696184465 81.83360976955768251
0.9998061710407676328 0.00252510937831905858 0.01952528347368118894 -0.8084067950825305493 -0.002560785055424761019 0.9999951578200404478 0.001802449823316422655 -1.341064859317089963 -0.01952063788653536289 -0.001852100400142500701 0.9998078195086019804 83.00446095434261906
0.9997339189265151971 0.001904534767956585738 0.02298818445210186467 -0.7906944879478388089 -0.001924366254600242852 0.9999978561039516434 0.0008406616728665046272 -1.371790619598862726 -0.02298653422662641152 -0.0008846755635274421809 0.9997354640685407468 84.17068548871255018
0.9996496446478078113 0.001549139621168468817 0.02642310843995141281 -0.7491666317064403779 -0.001609681053701382709 0.9999961886618818907 0.002270176097359565773 -1.387672473188681144 -0.02641949083240215101 -0.002311913402324144561 0.9996483517088514681 85.33838650262418923
0.9995378323730821357 0.002654780629672840592 0.03028310332696838164 -0.7318926742803842922 -0.002738336788131765214 0.9999926177950603234 0.002718083124243368242 -1.407207123395582959 -0.03027566354091391562 -0.002799752152207676554 0.9995377467039630037 86.48806202856357572
0.9994144468932734116 0.001802477250185991527 0.03416880130683901118 -0.6986301263907807035 -0.001834273820948227997 0.9999979744051569197 0.000899297137299010993 -1.435417656881664339 -0.03416711057716522587 -0.0009614453865327659806 0.9994157521590429916 87.64378848000134781
0.9993023578643648319 0.001934252800307139156 0.03729676679223880437 -0.6630684384740231918 -0.001889681299669064996 0.9999975188821018657 -0.001230221138987515599 -1.465589725452648207 -0.0372990530652320823 0.00115888398968002097 0.9993035570338024698 88.79505407925357474
0.9991717533795226869 0.002248788414683459275 0.04062933419266673979 -0.620912062423454203 -0.002181948247345757985 0.999996253646924238 -0.001689349933131555461 -1.488685271730273652 -0.0406329800192824081 0.001599299736451975998 0.9991729403012858945 89.94414345773908792
0.9990559923771802353 0.0004842828227362011031 0.04343825705127710851 -0.5787468710196870258 -0.000459370997756202706 0.9999997853429503092 -0.0005834421797918323436 -1.51431037520645595 -0.04343852915511503543 0.0005629372318524644269 0.9990560238175066887 91.10451463197293265
0.9989225884549010059 -0.0001442689901556249669 0.04640726331348230677 -0.5316194676594937496 0.0001034543796686798799 0.9999996668109402131 0.0008819233376648678065 -1.535487276299206894 -0.04640737378208035363 -0.0008761720145610326499 0.9989222939762022468 92.25103395082210511
0.9988199126559335062 -0.0006147195172132466313 0.04856332816442603811 -0.4829269605465543735 0.0004965286458710101982 0.9999969467957101621 0.002445807243325147286 -1.552405432850785028 -0.04856468194226486179 -0.002418807806673888092 0.9988171917041988035 93.42398230166730855
0.998672132336137941 -0.002051133689013191243 0.05147579629652788979 -0.4193238100032871674 0.001885470417029385401 0.9999929479974369873 0.003266660902760374057 -1.571297921789101881 -0.05148213203561891743 -0.003165267035441456014 0.9986689804697840289 94.57657135127750792
0.9985600235688676385 -0.002952685302682430367 0.05356448125766714169 -0.3600991632206850812 0.002883008369378627783 0.9999949556559346586 0.001378057716381454181 -1.592767535458547767 -0.05356827828988097728 -0.001221646408896399439 0.9985635225226981992 95.73465012304841082
0.9984400732397125111 -0.004675826412138167458 0.05563766245277596001 -0.305781247798982081 0.004791478808087510158 0.999986689495258374 -0.001945426059555368766 -1.623538746042107794 -0.05562782354312667543 0.002208978119516009399 0.9984492110365830175 96.89073342244475384
0.9983009717745034983 -0.00405897557127088502 0.05812647571420331144 -0.2491320172649468812 0.004343273716601271303 0.9999792738477067955 -0.004765497601404470977 -1.650572176651807776 -0.05810592591416322006 0.005009860190217139443 0.998297933489921574 98.0243077632261901
0.9982011015411568211 -0.003910995734521196046 0.05982689793454449428 -0.1857415505966879543 0.004263067003253588963 0.9999743948513469816 -0.005758300127063636573 -1.67434382684971661 -0.05980284324262308965 0.006002987716083539246 0.9981922386994289687 99.19500943607272347
0.998181895888967996 -0.004026184165517626007 0.06013888330534836874 -0.1176606201402362051 0.004348619581489901985 0.9999769208873630078 -0.005231569492491493917 -1.704440456903285606 -0.06011642994420743347 0.005483579189681475966 0.9981763904884886074 100.3702069701313206
0.9982240254997959417 -0.003790079603283134837 0.0594510128642809707 -0.06362876623030500056 0.004007586430309715425 0.9999857656497946889 -0.003539755265714335849 -1.728008037909168904 -0.0594367485596674211 0.003771723926660209766 0.998225028910794121 101.5508925685671784
0.9982850452047928869 -0.004550098097189019669 0.05836315478769583953 0.007491711822388474884 0.004674095523728626946 0.9999871608879565832 -0.001988217685596983721 -1.756945333331274339 -0.05835335683469560636 0.002257603042101396108 0.9982935191157796817 102.7435931391572126
0.9983931959724834382 -0.004086296601361968581 0.05651832543818085391 0.05081681501548125646 0.004158254561015068719 0.9999907477636800213 -0.001155605831564151175 -1.778772678922297734 -0.0565130784459549132 0.001388766681307357365 0.9984009738780802445 103.9197317436541681
0.9985319778881138753 -0.003901424264842512195 0.05402463048155600051 0.1158138324054389101 0.003940581757513847948 0.9999921058041244537 -0.0006182745759889506912 -1.804815333161820412 -0.0540217900787584096 0.0008302555056909371621 0.9985394925795335608 105.1202161618943762
0.9986989730374700169 -0.003347386291874217008 0.050883680209032979 0.1716702809958028098 0.003384863589999931831 0.9999941209189114888 -0.0006503414890288174675 -1.8276264063009795 -0.05088120253726849396 0.0008217297929110616711 0.9987044554722264156 106.3313561739651334
0.9988858926792661963 -0.002033013655546764189 0.04714692875419370516 0.2142203443978104582 0.002078014758298198528 0.9999974920550139812 -0.0009054582358146934457 -1.851127606616574273 -0.04714496835338161107 0.001002421573877544311 0.9988876355860922818 107.5437126536734098
0.9990603634442357661 -0.001899419954036429131 0.04329867208455663585 0.2695934897677970121 0.001930475771620048528 0.9999979696003589158 -0.0006754069488101078784 -1.875866887727502652 -0.04329730017496345729 0.000758359453233237407 0.9990620251660351503 108.7569322961633418
0.9992162887656693693 -0.001305407369425783982 0.03956130386024017676 0.3093086389932826474 0.001292543060536638366 0.9999991641964102174 0.0003507908688567036191 -1.899144536059390154 -0.03956172783441993385 -0.0002993811586240810322 0.9992171643453836571 109.9596437420764374
0.9993725268882271973 -0.001135497159079039507 0.03540135186197771594 0.3387372404970167006 0.001092473528192575236 0.9999987020946391469 0.001234676392454807673 -1.923154796302429137 -0.03540270725550041797 -0.00119522652381516656 0.9993724937345361825 111.1691776108925893
0.9995229047180094195 -0.0009161881987374481196 0.03087257831084982279 0.3667033737690106321 0.0008614833002008480314 0.9999980963931406341 0.001785265119051157459 -1.944271410166243497 -0.03087415482722376606 -0.001757817062784454345 0.999521814740367609 112.3913682088309969
0.9996645362059251028 -0.0006538540728321347913 0.02589169865945796858 0.3931436464732079306 0.0006002768348324552918 0.9999977237915194106 0.002077063814699943445 -1.969639410036640115 -0.0258929977725939342 -0.002060824741291752537 0.9996626766979680445 113.615445043471226
0.9997781469918087804 0.0004037570674203809951 0.02105911442130932107 0.4265425446074865845 -0.0004449834770241011331 0.9999980547890467975 0.001953079799280021652 -1.991613817261063346 -0.02105828513387787704 -0.001962017350326963547 0.9997764053237789827 114.8472503061391734
0.9998698691050335041 0.000956772134300595432 0.01610347659018419517 0.4296558612214716466 -0.0009837517715440302103 0.9999981866335179159 0.001667655245594132146 -2.010995602670679894 -0.01610185237194548466 -0.001683279940806399564 0.9998690206491281929 116.0465659018237403
0.9999310725088835783 0.002092616242632330294 0.01155264914311921083 0.4328616586837452651 -0.002105439946461278022 0.9999972416860044566 0.001098113267375814368 -2.03586916098399584 -0.01155032017457661292 -0.001122360866297693717 0.9999327437126543927 117.285773102451401
0.9999610997491754638 0.003745322581751828282 0.007985240371764972325 0.4295867844422627813 -0.003752270046173008383 0.9999926553738065493 0.0008554380931665370169 -2.058811859865271376 -0.007981978876341666584 -0.0008853674722623522397 0.999967832321061123 118.5203442412996964
0.9999658992641735633 0.005751259127859864942 0.00592586272917444961 0.4266276477706457126 -0.005757451376005908068 0.9999829576716023904 0.001028699144321559584 -2.079756683284235574 -0.005919846594323274064 -0.001062781809562887703 0.9999819935626755862 119.7515317822469854
0.9999652700140106987 0.006825393424559885423 0.00478176699501288785 0.4136851766175588807 -0.006830342842615878644 0.9999762139421239926 0.001019836226610127457 -2.108005409627034865 -0.004774693713129719332 -0.001052461793648621843 0.9999881280104570003 120.9816230104637071
0.9999522963407355691 0.00895679763897888094 0.003895298510781163622 0.4095724468938384821 -0.008961223902555841628 0.9999592803963905929 0.001120762676346310095 -2.12912158653007122 -0.00388510274679129252 -0.001155615733249588679 0.999991865999885543 122.2181281565652569
0.9999386617819918666 0.01066877835324926867 0.002973613873959119868 0.4037491050882152654 -0.01067390602688866701 0.9999416235556403132 0.001714438647121732271 -2.148031822414223857 -0.002955150671909904155 -0.001746073443587189229 0.9999941899071445039 123.4621018964242296
0.999941705216573884 0.01056147015107075128 0.002243669911956268533 0.3886807406592978631 -0.01056717191421816839 0.9999409868822450864 0.002545529424032191238 -2.178419368419975743 -0.002216654371606045608 -0.002569090163046645631 0.9999943238609672047 124.7054153361222575
0.9999013116670362189 0.01399500241583500997 0.001224493400512209227 0.3903580039969061777 -0.01400015556311355776 0.9998927753776160054 0.004307606143184773348 -2.195467475439612848 -0.001164078610819207745 -0.004324324023574604124 0.999990053288512093 125.9664748266380627
0.9998838506671690052 0.01523048816187074633 0.0005567412169961592425 0.3750662033570219545 -0.015234100963560206 0.9998581118547256175 0.007197249595462597814 -2.204516232927204999 -0.0004470461079669393596 -0.007204894995544444507 0.9999740252471900348 127.2077309625547628
0.9999029365177821704 0.01393187932471545709 0.000113283366224431375 0.3692418122444693918 -0.01393233361224420486 0.9998762569971120229 0.00731319723387774661 -2.224428562161572476 -1.138430418650837408e-05 -0.007314065594107884219 0.9999733325671084083 128.460472203302686
0.9999035403611863382 0.01388180099364894927 -0.0004451140969227440625 0.3510032312884899808 -0.01387895983882069667 0.9998866338961392985 0.005849436676577608567 -2.241267021627388445 0.0005262627829810328714 -0.005842694618339747299 0.9999828736019905628 129.7175589202975061
0.9999373596849034929 0.01113447224880080751 -0.001137004209842602549 0.3408753406031980737 -0.01112667635490328585 0.9999160741515141781 0.006645586184860352054 -2.260952229472129815 0.001210902269511656294 -0.006632518722669973783 0.9999773522134608461 130.9807262675573725
0.9999605703431861947 0.008656617799155497117 -0.001978197653613753947 0.3447943914755654538 -0.008639744512140815416 0.9999275911897728131 0.008383870775881227186 -2.273387828181644643 0.002050628715898680267 -0.008366448981599116513 0.9999629788046083823 132.2416181149163208
0.999981608601157701 0.005618509091939026534 -0.002281961128825569455 0.3381411126986905713 -0.00559462592002693028 0.9999309480649066773 0.01034027894030120978 -2.288012107857448907 0.002339898823418752431 -0.01032732195519114882 0.9999440148426606001 133.4871712947100661
0.9999896332782188813 0.003727132283624895025 -0.002614258790767726853 0.332037016203839741 -0.003697612593000364819 0.9999304289019612657 0.01120656626592051938 -2.293167724185966261 0.002655843566148763466 -0.0111967834818525961 0.9999338678424835036 134.7569985778931425
0.9999971281764286068 -0.0004909880512223486647 -0.002344160691066628482 0.3120397740863535274 0.0005137961786645131547 0.9999525096850849781 0.009738403629661194355 -2.310889824217966737 0.002339266244415801402 -0.009739579982575199968 0.9999499137159045814 136.0180393117061328
0.9999929418872329778 -0.002714994360134973146 -0.002595669160692344948 0.3135605351022715537 0.002737882843982277371 0.9999571082730893679 0.008854814035301788316 -2.323687963418657354 0.002571515362573921753 -0.00886185806899857792 0.9999575072499519157 137.3042590799588822
0.999987066075068376 -0.004491389603962614441 -0.002384872445152944141 0.3086473525625715308 0.004511515885338769107 0.9999537476843555206 0.008501225690289229697 -2.340802818270593999 0.002346578141514042443 -0.008511875017417650999 0.9999611007837034826 138.590872145187717
0.999988120985645379 -0.004509702501139029561 -0.001847426451176605077 0.3070767997654693104 0.004526000908152312541 0.9999500855772982533 0.008914246561073200723 -2.354665001736859331 0.001807131989464747348 -0.00892250201579046498 0.9999586415239473114 139.8529862472503567
0.9999908830740791288 -0.004069718598355372141 -0.001289834200984964251 0.2924089052097984531 0.004083150398676901188 0.9999356848351869109 0.01058660466894198113 -2.368916933848181028 0.001246665127537932571 -0.01059177463910879018 0.9999432092188342835 141.1243322098774513
0.9999983352699183259 -0.001745213316728503683 -0.0005255497147924996504 0.2762611247350957311 0.001751539053687598728 0.9999230828195920795 0.01228343095515082098 -2.374219139601538409 0.0005040705118931885532 -0.0122843309365485067 0.9999244984764772415 142.4097673229935879
0.9999983609002972562 -0.00179014029017665415 0.0002571143957680668292 0.2704392003231007591 0.001787237468299621634 0.9999392299099330028 0.01088413474329740643 -2.390428379242229173 -0.0002765844220559440878 -0.01088365728313587903 0.9999408137656591311 143.6760910165951373
0.9999991458627265351 -0.00107836938455234399 0.0007334214183288025306 0.2545484471577998953 0.001071800866992434582 0.9999598776346805273 0.008900364117641392306 -2.403043472236917388 -0.0007429913648997097612 -0.00889957033179663258 0.9999602027793859094 144.9556498142411272
0.9999980920908867477 -0.001497087099737556565 0.001251821541703810898 0.2505548753555356667 0.001488810720504003815 0.9999772532711551642 0.006587753805025729249 -2.423973908036477276 -0.001261656967527143578 -0.006585877400300598622 0.9999775977356402112 146.2197781393173557
0.9999953264231815631 -0.00256834302644249517 0.001656277839628364718 0.2549907639501313716 0.002563776611755026226 0.9999929815671800837 0.002754266398787513 -2.448498244666608592 -0.00166334154777424202 -0.002750007074717449301 0.9999949161322249092 147.5074030376405005
0.9999949926404476663 -0.002408608066921029064 0.002050807481864748601 0.2381248871932095112 0.002410105392762671404 0.9999968923667539311 -0.0007271626799353634934 -2.475557166575336421 -0.002049051064161285744 0.000732101838942156931 0.9999977134733926132 148.7806567317057613
0.9999938628781630534 -0.002649737236726358233 0.002290329258050425015 0.2295243677285391803 0.002654056403064563186 0.9999947640502622193 -0.001884137369567624037 -2.500136130693875636 -0.002285326187017733181 0.001890204611745130827 0.9999956829639273792 150.049377058095331
0.9999933632741654366 -0.002670252868923952451 0.002477027760508681339 0.2372053683758897913 0.002674449231829570915 0.9999950537978373744 -0.001691690918023839923 -2.527823892003547623 -0.002472499644791008311 0.001698304517197339082 0.999995582011850348 151.3137435476647568
0.9999950910432811035 -0.002265809108408615123 0.002162523664379874862 0.2278171035950656009 0.002268236005647984981 0.9999968617347138045 -0.001119706503250919279 -2.558262508530738 -0.002159981234880799326 0.00112460625996801543 0.9999971156345263124 152.5749543693697206
0.9999973600005713781 -0.001335454279390643024 0.001867904060169654724 0.2375785070394434983 0.001335702154741572013 0.9999991604803430967 -0.0001305897217144225651 -2.585726755851205372 -0.001867729512408862133 0.0001330844755206122003 0.999998327703643719 153.8522090960328796
0.9999979049100976569 -0.001094025087066042732 0.001727945853806537235 0.2167048371306339039 0.001093262315189335579 0.9999993652076276662 0.0004432571356573986325 -2.614238160587394333 -0.001728431117319678169 -0.0004413669760451658622 0.9999984896268133694 155.1078699695339935
0.9999985500398840266 -0.0011109429107119379 0.001287725461857935775 0.2038358272231746982 0.001110529033799231716 0.9999993921470783365 0.000323335403456864387 -2.644273055012525298 -0.00128808533904675184 -0.0003219047444381026605 0.9999991993735760643 156.3608371750648871
0.9999996552131938943 -0.0006163619556512682464 0.0005497145483293685393 0.1999397024683420288 0.0006160583306740121008 0.9999997171204689783 0.0005552886144596678531 -2.669550998590996205 -0.0005500581496507633231 -0.0005549496337441515601 0.9999997755000662458 157.6372258981917582
0.9999992968244858504 -0.001180399559477096974 -7.43111269903743121e-05 0.1999317034341124288 0.001180517292705659908 0.9999981124316860148 0.001582285482822137204 -2.693396458868499099 7.244172078343930196e-05 -0.001582371965642007713 0.9999988261909588116 158.9019022093728779
0.9999996373054068632 -0.0002901418475457489686 -0.0007960678458950835997 0.1836119530528479149 0.0002916427281795415101 0.9999982440708942155 0.00188385607501792454 -2.716140324932700967 0.000795518281267752086 -0.00188408743024791824 0.9999979894460446772 160.1734918364991245
0.9999989051822764097 -1.759011173575310573e-05 -0.001477106529865421236 0.1754705140364088978 1.90308360641677764e-05 0.9999995862845654226 0.0009742597077618176836 -2.742430354127753933 0.001477087159227812333 -0.0009742866190428967933 0.9999985152534077715 161.440305835669875
0.9999977884562780694 0.0004321927877932529665 -0.002056407696644632719 0.158637759059011979 -0.000432043098878624591 0.9999999651016098223 7.24438134708655626e-05 -2.771050892382291408 0.002056437277706538256 -7.15550603451484764e-05 0.9999979637352223172 162.7072981042900608
0.9999953189471446624 0.001322965481068570344 -0.002757602167076188444 0.1513662725882742033 -0.001323932376923132783 0.999999123608199425 -0.0003494235996909121275 -2.794535236871719786 0.002757135775615357498 0.0003530729804483744082 0.9999962175275858289 163.9664818267926876
0.9999945822424377573 0.000809212254380372361 -0.003189543046989835613 0.1325324916874177639 -0.0008123765921053998284 0.9999992396036017084 -0.00099143748260711222 -2.822991070628011911 0.003188736613158079606 0.0009940233621289534718 0.9999945026865180164 165.2280734154426227
0.9999905075960908718 0.00128911763130316534 -0.004161180112828169984 0.1178534624100875811 -0.00129720405828399909 0.9999973348171998788 -0.001941579508412658245 -2.854054599690582616 0.004158664314520408266 0.001946959122651294128 0.9999895381383632209 166.496805507284563
0.9999881664524598035 0.00151564086680862505 -0.004621938527694601472 0.1143998245298607774 -0.001523438580728067419 0.9999974820044581492 -0.001684407937610264781 -2.885857410332504536 0.00461937212019264843 0.001691429388570885907 0.9999879809235998618 167.7694608631385336
0.9999852929302556204 0.001755960673151449715 -0.005130599856603220224 0.0886817965789982593 -0.001759098320071329422 0.9999983293580876342 -0.000607424287942691897 -2.90664902926169777 0.005129522828036170955 0.0006164407243199660933 0.999986734671467592 169.0500149985994938
0.9999805821802523198 0.001784396912270220896 -0.005970236327973721391 0.07200553161612473219 -0.001784791730520863401 0.9999984664479742991 -6.107643098685489741e-05 -2.93697696683109033 0.005970116291938725936 7.173101228686937908e-05 0.999982256885836196 170.312898401002883
0.9999772848645026579 0.002330314240539318495 -0.006323916840774480158 0.05389504685937889644 -0.002328107481450046763 0.9999972876277583023 0.0003560363247424554243 -2.965750197291058043 0.006324727446683629795 -0.0003413053420514165141 0.9999800212268157296 171.5836980941178922
