0.9999999962582232227 8.137513278152659075e-10 -7.656115742981431352e-10 -2.139041617443826482e-10 8.137513278152659075e-10 1.000000061056633971 6.754229727670312846e-11 4.50643937444095144e-09 -7.656115742981431352e-10 6.754229727670312846e-11 1.000000080766252131 2.697696344089450804e-08
0.9999942169448164941 0.000456448906281873418 -0.003369013897206128098 -0.001970003936926191263 -0.000456022954511463676 0.9999999490492862408 0.0001267163092576090752 -0.0009566491964940046153 0.003369069828022039099 -0.0001251790917710702373 0.9999943975968385024 0.0519910357905805226
0.9999166618093913161 0.00101607652561835622 -0.01286971547175527059 -0.02950877498569684509 -0.001013202599034044313 0.9999995213846469833 0.0002297010204702164119 -0.005142999182656484217 0.01286994038879068873 -0.0002166421044746284015 0.9999172361747551419 0.1866173914212208851
0.9997691750124210186 0.001186716027580626354 -0.0214518295314598019 -0.02793326884258804862 -0.00119238125920906649 0.9999993185734544765 -0.0002513777335832443911 -0.008715658062816837928 0.02145151375914553307 0.0002768986214828021014 0.9997699322071171846 0.2971202947371979763
0.9995430959042675978 0.001084079082971373641 -0.03020623849924624488 -0.04041377841878118077 -0.001136705105698084623 0.999997926915011992 -0.001725160381342063934 -0.01024745599748924652 0.03020430229552089479 0.001758707899407092401 0.9995422794853723314 0.398184875715804687
0.999145290162260058 0.001685108581688333183 -0.04130184357081195801 -0.06330976849337435763 -0.001824941245001284948 0.99999279060759938 -0.003348198339854384798 -0.009141153039248568757 0.04129589968321954047 0.003420710219761655038 0.9991411855872137648 0.4994214614496694793
0.9984754360983356669 0.001598030976771793073 -0.05517465601207846571 -0.08200927600785315463 -0.001828668208199073306 0.9999898608443397174 -0.004129926264216226064 -0.01126478271149376591 0.05516749194364024833 0.004224526261521702013 0.99846825808439299 0.6242912988227008464
0.9974468870353165872 0.001679197915303104038 -0.07139244285652598943 -0.1041309865430704168 -0.001989520274530098137 0.9999889404610106114 -0.004275847786041144655 -0.01179184155485151798 0.07138446741198076206 0.00440696798433923894 0.9974392199222317235 0.7682589631236090844
0.9959709184668861237 0.000893570308508313837 -0.08967231699114994181 -0.137201196565391953 -0.00128486711565867673 0.9999899646658468866 -0.00430601845587002402 -0.01342284160190573318 0.08966756237289494336 0.004403886391287590088 0.9959620950417266139 0.9261709483438843593
0.9939613010935368642 -0.0002377728502019374707 -0.1097308939776836939 -0.1721759295657481204 -0.0002468928346876299068 0.9999903361636894861 -0.004403264222230964149 -0.01584524808087390407 0.1097308723147703974 0.00440376624748327946 0.9939516602193627648 1.081418463202555857
0.9912420055226218718 -0.0004106782451080961873 -0.1320572300968584634 -0.2156571274624922985 -0.0002301906761115577078 0.9999883329519296815 -0.004837673508299180324 -0.01966112496000511217 0.1320576665291846308 0.004825703793836258644 0.9912303693659233472 1.249164919123495254
0.9877572724875759436 0.002851010439216358772 -0.1559725527156779201 -0.2730592164126050547 -0.003853787191315337715 0.999973863691571041 -0.006127182382537937205 -0.02584003115566794323 0.155950996478843501 0.006653254267934510455 0.9877424665103513579 1.425416874788002719
0.9834098340238084379 0.007334707307300816943 -0.1812492648112004612 -0.3429899746951450834 -0.008794975438394947095 0.9999350707116557713 -0.007254299540277364157 -0.04022510563397464767 0.1811842756997619208 0.008728032647546271963 0.9834105135562462019 1.597147931560286338
0.9779826300145487705 0.01070455674038895723 -0.2084115744822314931 -0.4136502594553779777 -0.01268211563337226337 0.9998863863346483249 -0.008154780681476975907 -0.04737851999573721579 0.2083005885589653272 0.01061833387961178335 0.9780072971855734432 1.782943617558814031
0.9713253673550730216 0.0115217724679437146 -0.2374747926698558831 -0.4868283305658662186 -0.01388416541287853731 0.999869406223983237 -0.008277833432143286499 -0.05015910453004358144 0.2373483886558928613 0.01133760926208341596 0.9713585112824179024 1.961371558925435465
0.9632662852042895851 0.01298044211436356205 -0.2682341718246244455 -0.5760879138709317226 -0.01572321626267804417 0.9998437988819215416 -0.00807962742904245676 -0.05171850159980125733 0.2680873783761039131 0.01200033697776497175 0.9633199388236548533 2.154565882842838231
0.9537679312471512016 0.01529461655586279549 -0.3001546412028044952 -0.6712465458461057688 -0.01822523735431556824 0.9998096991650710086 -0.006966221410673906211 -0.05660629048294579108 0.2999909560703394873 0.01211454857208252474 0.95386519880042131 2.349370995917321459
0.9426309859553156922 0.01781890908343882612 -0.3333606353965993807 -0.7786042110060371613 -0.02092108450977490583 0.9997648398877143627 -0.005717971474683004353 -0.05938977773048292885 0.3331803324805834299 0.01236420354916106801 0.9427821297597628325 2.540827545623772998
0.9301162248491963158 0.02036016816920700745 -0.3667005267019853854 -0.8948412476143431382 -0.02391077790008641277 0.9997009314298508365 -0.005142415333393737104 -0.06353392868536389404 0.3664861338674351154 0.0135511392500229904 0.9303249055970080894 2.732286518999702984
0.9162887789051291643 0.02334629715382386533 -0.3998372552906293009 -1.0166883265289548 -0.02737910682570875165 0.9996156029359573036 -0.004376402194407562687 -0.06479640102039078975 0.399581360447472389 0.01495723564088802075 0.9165757824483518057 2.934945472441346848
0.900150090601132602 0.02411002977011702728 -0.4349120945976271968 -1.154508870553793365 -0.02858193750220251392 0.9995845048085701956 -0.003743341912092248806 -0.06723613603577188735 0.4346411107233187909 0.01580020039074762558 0.9004652150491743168 3.107524705386610631
0.8821083767451401991 0.0200710634629681535 -0.470618716170828455 -1.300973939662531498 -0.02499016939726867587 0.9996789099691838487 -0.004205999059174547403 -0.06475394798566289079 0.4703831562587261761 0.01547098899372640647 0.8823267405079235903 3.307406829084154953
0.8609189077201483409 0.01512903642077128956 -0.5085172186481288215 -1.446570507762561908 -0.02043493161016512669 0.9997794744896246755 -0.004851598907220942836 -0.06883606053283966575 0.5083316452674907504 0.01456834839983481115 0.8610382341565626652 3.490120094497501491
0.8363224664761690352 0.016836503749210429 -0.5479792722750761458 -1.599452630326168912 -0.02116009165481456261 0.9997749181080793912 -0.001576607990432396305 -0.07413143764344078124 0.5478293527771356253 0.01291384491475659584 0.8364905070133875631 3.675371018384084643
0.8076199849092194905 0.02311029689574486609 -0.5892502836685242773 -1.800268151361476221 -0.02673749581193273633 0.9996392734345121989 0.002559560324492766645 -0.07914630745597379946 0.5890968404406716763 0.01368792555611674303 0.8079465853409947274 3.845591304605088467
0.7753784991159032858 0.02617660467297250673 -0.6309540359330679804 -2.006355636589880476 -0.02992552324779520351 0.9995411757676477826 0.004692868122729280944 -0.08618396044592153971 0.6307873425945383916 0.01524288129926395022 0.7758061034581618109 4.001810775245811413
0.7399522852223602287 0.02621228798979770985 -0.6721484680363429831 -2.226998418846591221 -0.03022865740541300084 0.9995268107936123858 0.005701296587389627184 -0.08494723668171703934 0.6719798165131050105 0.01609945903178930729 0.7403945274260916865 4.173623845253874975
0.7009745263778073276 0.02239626539671583233 -0.7128345929768552525 -2.458274000278107607 -0.02496709034997781143 0.9996648220990742573 0.006856375970965243594 -0.08257283267232844171 0.712749179207402439 0.01299126151487839907 0.7012987612369547819 4.327325239861435691
0.6585850706604422511 0.0189411232001701936 -0.752267890910854109 -2.702651691003302048 -0.01983844008222995781 0.9997727936648898028 0.007805088121657541636 -0.08394361036811473498 0.7522447610845141019 0.009783507713778569551 0.6588112137491225484 4.489920155330526796
0.614127948681364666 0.0185027400493634267 -0.7889895798822725848 -2.963561985730352344 -0.01725600539365861052 0.9998010071439908941 0.01001491194207945225 -0.08293037149539016217 0.7890178307943098712 0.007464371883625369949 0.6143250393969278411 4.646589720043873939
0.5665357925452316756 0.01940234552619957489 -0.8238087128555561245 -3.24024015215127914 -0.01532230740201508817 0.999798023436179184 0.01301004640699199473 -0.08352661327862777318 0.823894697049557645 0.005251994167644420328 0.5667186675865546475 4.772219781933346283
0.5160556073381591391 0.02033413556000446265 -0.8563137207051857436 -3.540876515733898167 -0.01398232277710583643 0.9997850166911463887 0.01531460526789618463 -0.07851859596276114517 0.8564409837282922489 0.004070067717682311279 0.5162289945504355826 4.893348551972104943
0.463659370877707866 0.02183575341109822779 -0.8857444592886321022 -3.855939689463713016 -0.01306125750830079008 0.9997561482240842068 0.01780925968204504287 -0.07501674322882870283 0.8859172927326652847 0.003311507144788390904 0.4638315199936792754 4.995559802704689467
0.4096837409716850842 0.02413142075680839785 -0.911908422118132056 -4.206832397228345677 -0.01225816307974949594 0.999705484282751855 0.02094765448349856021 -0.07109025275248972986 0.9121452911006492359 0.002596409527443662574 0.4098588991750221622 5.091576428261194387
0.3548087043207778235 0.02624676771836385522 -0.9345704667997933868 -4.544984696044107153 -0.01170966633434101199 0.9996522780565623156 0.02362898200554509193 -0.06484724406061251334 0.9348656229210311475 0.002559740684075587861 0.3549926787675156126 5.17670205266129102
0.2999519599442034834 0.0291077174459495637 -0.9535101637442613409 -4.921694966887467437 -0.009651620118805034898 0.9995758798395634193 0.0274777870756797854 -0.05977296898650373558 0.9539055178213341479 0.0009609026369351722713 0.300105687941657151 5.24237331087076619
0.2457831473381049403 0.03123104611484520121 -0.968821623683298716 -5.3068866181436114 -0.005543647637768078437 0.999509825766512261 0.03081393016905399976 -0.05942690731232896928 0.969309023999310182 -0.002202738192519118794 0.2458358104540254718 5.300165297556202582
0.1948456536502261305 0.03183961973105500082 -0.9803170323744861969 -5.707244588849722078 -0.002997062575972660181 0.9994876994412429383 0.03186657204415194872 -0.05463130859183830401 0.9808293747597065515 -0.003270990727013834646 0.1948412640165571863 5.346989410401259413
0.1476279204164087089 0.03278833306824149862 -0.9884993665736976354 -6.104992175050359293 -0.004819344548722724955 0.9994623788499487071 0.03243222642679771672 -0.04659873369422527778 0.9890312664362652662 -2.398225103436251227e-05 0.1477065742639956103 5.353816282575349028
0.104848442343372969 0.03318598184083649399 -0.9939343896766844599 -6.541550741444939199 -0.00694512223950181657 0.9994431925562149432 0.03263728320060003268 -0.03814379512810864292 0.9944639990205689228 0.003481028399908831904 0.1050205451156415448 5.364526346180833904
0.06680874969834835198 0.03185492943058128301 -0.9972572041169662782 -6.983444355387106839 -0.00788980429566496673 0.9994759057985243 0.03139724250387306709 -0.02752363933644193239 0.9977346433265638082 0.005770554538410710768 0.06702506635305920113 5.351674502464862648
0.03227008506166693241 0.02917065169239891134 -0.9990534478478192426 -7.452093577466960994 -0.0069952714224518521 0.9995561728612022412 0.02895937831279166499 -0.01807412784491375241 0.9994547436840995891 0.006054129315077222233 0.03245982011158912023 5.32840618185132886
0.0005049778058960868298 0.02664777839089621514 -0.9996447958709629988 -7.935675226028907403 -0.006630731729532844676 0.9996230593655212049 0.02664384917653092252 -0.01419809931397036928 0.9999779274644311489 0.006614922799392131125 0.0006814817469126649126 5.297123323284329111
-0.02641773232749258099 0.02421283776570222826 -0.9993577531671087311 -8.431716944044651996 -0.006979991680099340186 0.9996778444017864196 0.02440510689174373027 -0.002778424064627693646 0.9996266603783382498 0.007620237273010447773 -0.02624021691438731957 5.258239754827402912
-0.04729856094368990044 0.02205597690890379742 -0.9986372999062674838 -8.937199929453319314 -0.007488268415083015883 0.9997203300308075136 0.02243456417892122218 0.004247285828952397993 0.9988527663650033084 0.008539187644297703897 -0.04712017298446390806 5.236769840966907452
-0.06376243118693877832 0.02121400957234169382 -0.9977396427608489216 -9.445937389472868873 -0.007479624840163845434 0.99973586056190622 0.02173445257572417799 0.01640761136329033781 0.997937114430751504 0.008848560644925588733 -0.06358691767052415678 5.189399485741965634
-0.07695477227168580348 0.0215305620559287543 -0.9968021239513856768 -9.997891745402622377 -0.007014675710010388754 0.9997304348738521584 0.0221353568567605255 0.02300216863874545228 0.9970099467857671538 0.008695665882342403993 -0.07678299983685907271 5.129035993632771628
-0.08663370804172687567 0.02278606440712326389 -0.9959796544816312824 -10.56837980733564741 -0.008585479056969222769 0.9996842601702239373 0.02361761262903001521 0.0281558892680001914 0.9962032757932819393 0.01059704471641830653 -0.08641072707505099981 5.06055483354913882
-0.09354769565037876489 0.02435833281384965424 -0.9953168221148052108 -11.13621490160768168 -0.009026653952643555121 0.9996388942266630773 0.02531250239340346667 0.02897939731545797273 0.9955739171869742998 0.01135230769171781395 -0.09329404298181877275 5.000963549588018253
-0.09802739721885948831 0.02513458949759936681 -0.9948663014940843929 -11.72234058154803726 -0.009974645058205772533 0.9996060421448266231 0.02623716965731026987 0.03872289403083179621 0.9951337659885355347 0.01249540058788651056 -0.09773807223646328868 4.931157207582177904
-0.09957289972412407264 0.02611675519640847473 -0.9946875030643013149 -12.32311697792190408 -0.007226129107999163838 0.9996102029891733576 0.02696937623427839159 0.04685331792472528095 0.995004068854051904 0.009873160202093647989 -0.09934536578806214824 4.880318518549677798
-0.09861156248398328383 0.02819795521673272923 -0.994726450384514127 -12.94877446994690473 -0.00611700158031050923 0.9995624527630614375 0.02894144847002025345 0.0557957074587255436 0.9951072396422969701 0.008938705605651773439 -0.09839593063592061428 4.812670174878070917
-0.09708245053119454737 0.03050077538719029799 -0.9948089145923894039 -13.56946233943150304 -0.006812784305844379017 0.9994865940784154468 0.03130904582683961823 0.0660280797955849208 0.9952530633683283057 0.009816978337549716119 -0.09682481489057499779 4.749784889314544678
-0.09528697750969851443 0.03022223679956349829 -0.9949909971477863824 -14.23907883173605882 -0.007018043593517787719 0.9994938418309043948 0.03103110259698325588 0.082585810282585978 0.9954251430332535788 0.009939751053572943099 -0.09502664847834293993 4.687205333674021368
-0.09360676093832449862 0.02818154903745887993 -0.9952103550094820728 -14.89883700213720452 -0.008066770274637969501 0.999545091199869784 0.02906303481131138761 0.08539117581341379437 0.9955766057664916513 0.01074863075052904723 -0.09333684650342395639 4.62326059857242111
-0.09229829741621131678 0.02791133626863857159 -0.9953401718720839009 -15.58883347675920206 -0.01098747002462450648 0.9995177080782148282 0.02904735528660919511 0.09996638414785624649 0.9956708172079717922 0.01361729264125842442 -0.09194710987603331442 4.546637803789382204
-0.09065819017123358248 0.03039101900245115562 -0.9954182812686455106 -16.2825417806030579 -0.01265290604311882124 0.9994184914321561086 0.03166551845629163309 0.115076091124514085 0.99580172373253939 0.01546567348692183194 -0.09022093906182813983 4.481561443705081693
-0.0890106540519477879 0.03380226527210404563 -0.9954569737135842145 -16.99162007640506644 -0.01341744685530643806 0.9992926591680969528 0.03513225814283277987 0.1336995179092654862 0.995940335598668347 0.01648363722492549033 -0.08849415515618014316 4.421496217301605469
-0.08694887501023843002 0.03595742496106617281 -0.9955636759857473539 -17.71432791598793699 -0.01253502687765595952 0.9992298537311952167 0.03718460204440427602 0.1484258524578040417 0.996133948197143515 0.01571257765588504607 -0.08643118639402994074 4.357106125822865828
-0.08527280169242477947 0.03539843138687196605 -0.9957286661498035985 -18.45776102150886544 -0.01295819847247769475 0.9992448244792800915 0.03663315379761176993 0.1665693180259906203 0.9962734117302746162 0.01602666224520914173 -0.0847497078448371105 4.290297092792213718
-0.08352844499350282892 0.03291892048063434217 -0.9959615553968800272 -19.20200853703599364 -0.01314344998925343413 0.9993309452312036933 0.03413259050595172234 0.1688017228082339671 0.9964187499030039419 0.01594141401031169344 -0.0830398936483814909 4.201669303802569644
-0.08167171381811799691 0.03228112263688460298 -0.9961364046105081194 -19.96999381209319324 -0.01485483368876713665 0.9993249402953600091 0.03360237673323003549 0.1886418278730134235 0.9965486147996623911 0.01754180523186248467 -0.08113705172669105625 4.136517633163493635
-0.08048029746571772058 0.03404487549782381217 -0.9961746556174928546 -20.75859102838696302 -0.01525606095920403749 0.9992574418451515283 0.03538275886289247302 0.2133299191180210719 0.9966394789085595285 0.01804531714512643339 -0.07990114733912688505 4.075920323187376404
-0.07944906262144224574 0.03649373245551189998 -0.9961707334960309135 -21.55395265110745129 -0.01314858073725553786 0.9992044079660195033 0.03765352626704856348 0.2269943391824167933 0.9967522449846797361 0.01608976958930432091 -0.07890601463978963448 4.010188524998596904
-0.078377871721579076 0.03762859522067867751 -0.9962133679057506574 -22.34879676792539627 -0.01228242790416149074 0.9991751837887172805 0.03870679765321105581 0.2508125248915787364 0.9968480966582042857 0.01526967619142242071 -0.07785105569700034867 3.932428558033861599
-0.07715513282734316747 0.03309203406239027978 -0.9964698084405247958 -23.14202491860547184 -0.01003373558269429408 0.9993727044291559336 0.03396533395220589086 0.2665058004166437344 0.9969686485871886994 0.01261891532211824492 -0.07677469883228628389 3.877339546125769587
-0.07710483137890256078 0.02659909557632810645 -0.9966681541396208432 -23.97796835607952914 -0.009468022518895337705 0.9995795170304486721 0.02740926474246070665 0.2618711647785388896 0.9969780730615536157 0.01154986415991683668 -0.07682057107369404114 3.794731131897733256
-0.07712684802924474337 0.02221058161722162458 -0.9967739040353406077 -24.78063654930439696 -0.007479294088474630446 0.9997108796357341287 0.02285474587488287718 0.2759423108040668926 0.9969932728516068821 0.00921788057095374036 -0.0769384314173716527 3.727848046840577911
-0.07761876935176707792 0.02287187374217938135 -0.9967207635122485865 -25.59795463169403362 -0.009330293677640847869 0.9996764349626632296 0.0236662863004044044 0.281659566302458364 0.9969394910907292129 0.01113664635365037466 -0.07738025514528298898 3.677772361224536546
-0.07760837261968218936 0.02971169982885176614 -0.9965411340052682254 -26.44128981838431613 -0.009997951895910564199 0.9994824401852617779 0.03057801224340974539 0.3026590322416478629 0.9969338283402301437 0.01233648098519381751 -0.07727115130861089698 3.600655064361943936
-0.07819389457520507791 0.03660846305027229408 -0.9962658338198409069 -27.28055723899592522 -0.007651554651536198771 0.9992741499675362737 0.03731955315959305935 0.3284854315490052246 0.9969088449745530101 0.01054114456517102859 -0.07785702770166688658 3.527619142196068314
-0.07863804474506326525 0.04233515557630376097 -0.9960039502213411389 -28.14768497210188158 -0.009128602282978780583 0.9990254777252310925 0.04318432137303996471 0.3333624698445083467 0.9968614764144746454 0.01248805541797366227 -0.07817495125117879251 3.461497627075513339
-0.07869231609752228018 0.04292675859115659132 -0.9959743415960183865 -28.97745719787624097 -0.01211047172302352933 0.9989576494777827609 0.04401219323644103842 0.3443809636366943483 0.9968254272841141628 0.01552514142165469131 -0.07809042965262399938 3.392904254229728522
-0.07925264590201082371 0.03975748142155137443 -0.9960614625211235973 -29.81796746549037636 -0.01149785016021181473 0.999101495708840881 0.04079366175133954109 0.3558746210852445913 0.9967882895435711266 0.0146855719740681661 -0.07872431333845385237 3.319651004588994425
-0.07925652396538995781 0.03736642601234353711 -0.996153718033194191 -30.67098783184640709 -0.01025379834722283182 0.9992138505209842148 0.03829703214276820866 0.3767603350290511521 0.9968015547945581201 0.01324964988765903358 -0.07881107053832271669 3.241728214871425262
-0.07950404713016712144 0.03847077578504732448 -0.9960919547060612667 -31.46914799798144458 -0.01273375921744646783 0.9991343484840543576 0.03960463577193194806 0.3909505654425571297 0.996753246533215731 0.0158327248416971697 -0.07894534858363028151 3.156210486722853759
-0.07898106738457164044 0.04040755346017671501 -0.9960568743561770688 -32.31563937372580142 -0.01443863773753414383 0.9990270336684505814 0.0416729391447375197 0.4104640947812071006 0.9967715853437746354 0.01767307849801610237 -0.07832079327217572606 3.078605323621203649
-0.07878427246879987633 0.03910493813958706294 -0.9961244493355301266 -33.14083418690714211 -0.01200103931576216275 0.9991207778406464568 0.04017173713985879024 0.430062424682780553 0.9968194872112889904 0.01511943066423480919 -0.07824570552235171617 2.973843104453771868
-0.07858972945916838093 0.03407673518430377052 -0.9963244987921906493 -33.97998055933529571 -0.01484652083152086452 0.9992648268814826595 0.03534839008732389154 0.4343201667098905983 0.9967965248037169435 0.01756997375307321405 -0.07802603327050071369 2.921647578701831893
-0.07793591690799653304 0.03011504312247658896 -0.9965034638173343451 -34.8278239794234068 -0.01722360498081954364 0.999353880547683926 0.03154823222453879972 0.445922459226122947 0.99680961919080735 0.01962212335184744874 -0.07736687320046539695 2.844835913202536037
-0.07747436170499477637 0.03070949171359649982 -0.9965213127522758452 -35.636169699342652 -0.01856085665316137626 0.9993079124117482115 0.03223837585996444655 0.4579972504598615601 0.9968215961280351145 0.02099393775848449467 -0.07685074998615526454 2.769192968417053979
-0.0772092289219706851 0.0335473611794105675 -0.9964503930949873967 -36.49315656120973728 -0.01627709046517442082 0.9992582005431470682 0.03490310978243164192 0.4627720504885410313 0.9968820732305555543 0.018914156304366634 -0.07660590351831798872 2.714657544806505118
-0.07659690888342704507 0.03751788657061563836 -0.9963560599058491896 -37.31864915948163031 -0.01461133952190280492 0.9991423182615110088 0.03874608015984188497 0.4934096360887488819 0.996955113808096427 0.01752592755806288427 -0.07598302831319141137 2.628303863736911605
-0.0759121656736300443 0.04324095093715527721 -0.9961765102824232665 -38.15166463892028048 -0.01460865329294172045 0.9989038492811855852 0.04447256752052636264 0.5077749191111194937 0.9970075260501859438 0.01792880707852367167 -0.07519726419826416874 2.586591901963003703
-0.07580321175173361514 0.04642058259540979281 -0.9960417054362981082 -38.97563603693672718 -0.01525234891148848776 0.9987449612812276944 0.04770734004171481302 0.5293562792283108553 0.9970061763051680792 0.01880834612954597126 -0.07500005461865968948 2.501454506131135513
-0.07607926023799624349 0.04687111505742509732 -0.9959995587844466813 -39.81983912007185467 -0.01514557601603045388 0.9987250410321706351 0.04815626718862155847 0.5413175061564106105 0.9969867774126082161 0.01874868112097598932 -0.07527237402831062074 2.434149372998950955
-0.07619250518550560458 0.04307820755262337098 -0.9961621587661098065 -40.64365859082859345 -0.01544314351093023854 0.9988955203218246037 0.04437759477548253173 0.5553105614608948581 0.9969735644024807497 0.01876511620892868173 -0.07544309093607202976 2.363807008601939152
-0.07542343523474424882 0.03839321936642527133 -0.996412235228872234 -41.46981873374576111 -0.01593946712306869642 0.9990844555604162514 0.03970272224502623126 0.571442924156065124 0.9970242301262824958 0.01887679667934522368 -0.07474241601948679314 2.3034042419670131
-0.07535660583232993426 0.03535944968782597092 -0.9965295618651083265 -42.29392413539316209 -0.02034675236850092689 0.9991085547280922352 0.0369895610094286495 0.592205049801926342 0.9969490800821791954 0.02306354892499965989 -0.07456998132070413732 2.222910898168946492
-0.07603535621620691187 0.03335577140003993801 -0.9965470854448942317 -43.11972318173324936 -0.02428245182941253175 0.9990820109854938735 0.03529334107930762882 0.61027086797017982 0.9968094420591625537 0.02688214930769088074 -0.07515559844073677054 2.154394633185678476
-0.07651626730264610154 0.03150467306528717537 -0.9965705157179461926 -43.95645736957837357 -0.02003266854626960594 0.9992504108041275757 0.03312749281946785612 0.6205191732856686349 0.9968671073254308235 0.0224987598536404744 -0.07582779063692933474 2.081763639833210888
-0.07792533108642642203 0.02778078815603345422 -0.9965720982219129498 -44.78354791373101307 -0.01800893914322035036 0.9994094159808576405 0.02926806184807076786 0.630333839634517501 0.9967965677658228163 0.02022793060631844844 -0.07737900891942199599 2.021716302627980966
-0.07812040884443760547 0.02705215897793327232 -0.9965768704844771841 -45.59703883465090257 -0.01354522436260592252 0.9995107654837663835 0.02819359286130246334 0.6298847439546626514 0.9968519475043469136 0.01570135321790373795 -0.07771576390094843412 1.946980910873524095
-0.08017851171230327978 0.03064349847316094957 -0.9963094191029127078 -46.42667592124893616 -0.01520970104266880681 0.9993734206250252106 0.03196174652871407174 0.631428041310216126 0.9966645111835469306 0.01771621459493409254 -0.07966219692497593374 1.887249712255139489
-0.08157692243605611793 0.03646355828649219116 -0.9959998448517323189 -47.24675958030953637 -0.01042889616274349576 0.9992446481529235758 0.03743652474662023666 0.6548779177086134773 0.9966125227163795675 0.01344113633098069187 -0.08113503039368347158 1.807158064302584854
-0.0837668630803686115 0.03935319924552129617 -0.9957080468799131001 -48.03845181119542218 -0.009941391801851081136 0.9991372172454308087 0.04032507870924828541 0.6770004794182352681 0.9964358273045414993 0.01327663005348923841 -0.08330336685365952176 1.730897313266210436
-0.08515335989276662243 0.0389241005871672277 -0.9956073000605438761 -48.84767305692767536 -0.00877471952588782661 0.9991686471851346507 0.0398138281333809893 0.6781818177974544559 0.9963292558869996096 0.01212645693980880096 -0.08474102132621411099 1.657418635272032592
-0.08567415186203992949 0.0352759126813464996 -0.9956985617779045006 -49.66041076948722122 -0.01146792788144140526 0.9992719501759025347 0.03638926132121643453 0.6908201891377412363 0.9962572473338229262 0.01453621929853261309 -0.08520723718348172104 1.58993596646723967
-0.0871013057320829398 0.03162024437970364227 -0.9956975438893266306 -50.46134276257519247 -0.01587646873681959614 0.9993251931474291805 0.03312428383107139662 0.6971223021628768501 0.9960729776434817939 0.01869333021795812136 -0.08654051337904532237 1.513078690804433357
-0.08880857884932212565 0.03041616913147930992 -0.9955842350971542132 -51.25846536221362015 -0.02094012408958829258 0.9992557812077685897 0.03239624982718795898 0.7044178369128442085 0.9958286117655110736 0.02372472326915609636 -0.08810556954268300434 1.420638823510524951
-0.08968588211981878833 0.0316475557260363638 -0.9954672023448914997 -52.04650884496484764 -0.0237018223076942286 0.9991442066651810006 0.03389985211596403814 0.7146651269721331357 0.9956880749704450917 0.02663472583102445557 -0.08885902687733029937 1.329597465368783871
-0.09054799533310275983 0.03275309000021889294 -0.9953533904095639429 -52.84863969227308189 -0.02183101884084348576 0.9991536526014935804 0.03486412462950910091 0.7327252655683027527 0.995652822834375395 0.02488645615325413979 -0.08975632904902651477 1.254183950140279613
-0.0916398846772784742 0.03235949102422692319 -0.9952663317033807466 -53.62604800201232536 -0.0250328620582834678 0.9990811988954564349 0.03478844481480262985 0.7372985666832757579 0.9954775556465333963 0.02810237481551516522 -0.09074563729895657183 1.187009435339744012
-0.09210519313974595279 0.03247355791001945574 -0.9952196629742300349 -54.40659051951838165 -0.02423189523710277474 0.9990990543814266545 0.03484274462641138992 0.7453242938883217761 0.9954544314465954002 0.02732525728318518227 -0.09123531765186336517 1.100980313073814276
-0.09319400421462956108 0.0342780135223660562 -0.9950577729373082381 -55.19219243741697767 -0.02409630604122840053 0.9990368681629784309 0.03667187144872316451 0.7552296381594131303 0.9953563794114811403 0.02739481611522998072 -0.09227827475778631328 1.017550401941804239
-0.09296428829395579629 0.03684470678389054066 -0.9949875299717152455 -55.95834812824119098 -0.02235916877814671591 0.9989858853839830299 0.03908184305237189654 0.766759489164751562 0.9954183970069545584 0.02588031077927816989 -0.09204619698742071143 0.9501718756053995074
-0.09301584837410104001 0.0405818880715624053 -0.9948372924349788704 -56.71312696668280751 -0.02214724962842954184 0.9988375385085614955 0.04281580419540830656 0.7921890277280990711 0.9954183179502678058 0.02601545914383008792 -0.0920089459802925641 0.8743755413730114334
-0.09400420367692478851 0.04299623824143000705 -0.9946429556749931677 -57.47471646257289279 -0.02280208185277949814 0.9987119879126897803 0.0453271701452059167 0.8045888084371264348 0.9953106807250603483 0.02694087556302443912 -0.09290272355691665818 0.7877944423943313845
-0.09433611257751040036 0.04321926347787002909 -0.9946018646713258304 -58.23280997949477467 -0.02289319400340010177 0.998698913503231922 0.04556867264425777664 0.8167607093138242735 0.9952771854806946594 0.02706838581590126011 -0.0932239483336377156 0.7163133352563954004
-0.09466500539145895898 0.04153939882717154475 -0.994642192537751102 -58.993547549917011 -0.0215601040458025528 0.9988092275130285858 0.04376540918997945395 0.826420843164291985 0.9952757281630346675 0.02558764279137111866 -0.09365668933902669691 0.649937327781403229
-0.09473170199508390565 0.03760899111866467665 -0.9947922117242437023 -59.72791979184062683 -0.02125328818931131528 0.9989820183554797284 0.03979129089226847438 0.8396142142927732754 0.995275981213369354 0.02491210321052826637 -0.09383595433112856821 0.55892853505623874
-0.09424154692395887711 0.0346476114469078042 -0.9949463050592809443 -60.43747275436827948 -0.0212723614807563341 0.9990960165743625332 0.03680704259379419252 0.8579159663806580349 0.9953221055916743332 0.02463361102366213098 -0.09341931979934076091 0.4930349055578394091
-0.09307342747156334417 0.03286698235606629742 -0.9951166638587681801 -61.16015551311728871 -0.02175345914897651792 0.9991493748370511296 0.03503478064874845921 0.8620653511379881007 0.9954216194854657029 0.0249080377507256423 -0.09227928847438388038 0.4161594927329050897
-0.09045042340303313666 0.03208592322490133597 -0.9953839915343825062 -61.85193235344169693 -0.02316773203033480055 0.999142653552639981 0.03431233180987630638 0.8684782932411554413 0.9956314848172912457 0.02616435546826516648 -0.08962952008068766907 0.34071987158737993
-0.08657617555720489855 0.03305561686088167445 -0.995696725036418151 -62.53554771516153465 -0.02439312659766061653 0.9990794714533921539 0.03528890988508607413 0.8734839393168468691 0.9959465938052034506 0.02734333607327318894 -0.08569015187481147933 0.2734498589511941136
-0.08108133070399894948 0.0344602535215926542 -0.9961116328259295161 -63.19426836282018201 -0.02460013769122607746 0.9990285587622969032 0.03656356204777403557 0.8835222224258207913 0.9964038978333333851 0.02746910653874958322 -0.08015483984988093502 0.2328168466622458355
-0.0737559560058566599 0.0360406721216230061 -0.9966249070357937612 -63.85758075848207227 -0.02250499367989614724 0.9990321914218333044 0.0377932247998618645 0.8909463518162451523 0.9970223973814104079 0.02521651360037028416 -0.07287348096566002853 0.1853898580437699506
-0.06514684081661363535 0.0374750636856232347 -0.9971717932548099794 -64.48400727430157531 -0.02475011807546582607 0.9989265272163274645 0.0391579742722782051 0.9002830010637725699 0.9975687432650474085 0.0272311388893090936 -0.06414939670516250914 0.1266632463576590761
-0.05325789956001309583 0.03917328698864311343 -0.9978121698924327099 -65.10591294729916001 -0.02632163796778145409 0.9988280458310117016 0.04061807850353595789 0.9034369204270655818 0.9982338625594742165 0.02842728519364810455 -0.0521643798834559233 0.1146228469542798778
-0.03848910412001628478 0.0408380184095030116 -0.9984242194157392225 -65.70974596195027573 -0.02917877204611131134 0.9986926046656272593 0.04197383352762092817 0.9174378666590659037 0.9988329515315261808 0.03074832891413651487 -0.03724718128377921267 0.07609239259776023889
-0.02023487561804981211 0.04184508171657066317 -0.9989192238926237755 -66.25603178367369139 -0.0305371040747201665 0.9986317974583140966 0.04245162454314849176 0.9293076853503123846 0.9993288308073534632 0.03136310460935567979 -0.0189293630336524292 0.06094235527289165733
0.001584667650369062748 0.04298189322987600036 -0.9990746331818251003 -66.83597025789296708 -0.03271437591505644421 0.9985433732571259435 0.0429071482127211315 0.9300179998610488274 0.9994635238132349997 0.03261611051746034912 0.00298848526864136689 0.08752875562366868589
0.02688880783032679064 0.04330642775125079225 -0.9986999661021683794 -67.39460091197430813 -0.03247854678880103541 0.9985716124925705373 0.04242641580337198903 0.9379949982539619313 0.9991107110363669497 0.03129552880188388175 0.02825693070043637511 0.1091407014612912341
0.05621668183944762698 0.04296032117893353042 -0.9974939459927557595 -67.91123010827907081 -0.03142847345182865626 0.9986549510998043999 0.04123908024663116428 0.9450368373409447909 0.9979238509948396008 0.02903138870555127538 0.05749124631968791088 0.146719035528586228
0.09059450834789446738 0.04304426492009285482 -0.994957236642682652 -68.40821703643116791 -0.0297683543843237329 0.9987361720021749045 0.04049723273000637586 0.9500728305000539775 0.9954428945456357258 0.02594941367684104605 0.09176137156019743835 0.2162672019833912773
0.1274841321691254359 0.04333067001921236255 -0.9908937000967450448 -68.86456728533016758 -0.02896826179371146323 0.9987817906031207782 0.03994867480528035281 0.9570067096420452613 0.9914175262142629341 0.02361164691337139937 0.128584047013544589 0.2930373792124607579
0.1675719081483459938 0.04308216819240706652 -0.984918096725295622 -69.31990554311221331 -0.02770046698609678407 0.998856069870995178 0.0389789413145115865 0.9645609443448001086 0.985470656133660472 0.02075091657411326854 0.1685736177284410664 0.4156308881162952829
0.2126009857927233515 0.04408817928121138568 -0.9761440092431624693 -69.76383758619597586 -0.02743393782325565661 0.9988571664321042043 0.03913901097064354656 0.9657231610171773672 0.9767539468844420592 0.01845848265284725717 0.2135675356306125372 0.537782084177615527
0.2607641539692134858 0.04272029679068022751 -0.9644568958157899718 -70.18887771191148772 -0.02454406595359278145 0.9989909439588406936 0.03761389083032666558 0.9713196184616701423 0.9650905220229083481 0.0138633401300894861 0.2615495642430140655 0.6914448954996408325
0.3097460701849866216 0.03781611556545342451 -0.9500670411932424786 -70.60180739128699656 -0.01666941157016497629 0.999271244176048401 0.03433996764219605924 0.9695523042285304482 0.9506732199722986998 0.005200389354008406496 0.3101507206024118335 0.8876163186916412595
0.361113732882375249 0.03263785839359178292 -0.9319504861509519955 -70.99975584322197619 -0.01086306604273400145 0.999466808019313202 0.03079310921537116788 0.9703882666111097732 0.9324585412760152403 -0.0009959741142190876948 0.3612757456211526663 1.074543875797383308
0.4135199245237318189 0.02765235109549447207 -0.9100750972589457533 -71.38471344855537382 -0.005644065408803968301 0.999597412417691733 0.02780790777419124907 0.9809572310821957908 0.9104776101253840848 -0.006362599756724881574 0.4135095279138866209 1.292620456694795861
0.462616495364837288 0.02696606018227817869 -0.8861483337363085244 -71.74778544585360862 -0.005716857033207290752 0.9996073254584925127 0.02743418590031886095 0.9830494985598742241 0.8865401029095968388 -0.007625522829202859183 0.4625890096048318467 1.561086077861748578
0.5106082582471695996 0.02516915632836119396 -0.8594450394577041186 -72.09159217013721843 -0.004228921406346113944 0.9996329455418707655 0.02676214741305227643 0.9916083528030809058 0.859803103709451455 -0.01003044720772784497 0.5105272875670314736 1.826276652790975064
0.5561414765410702676 0.02154011410097365908 -0.8308084816354313062 -72.43649373928768398 0.00374116771788144363 0.9995891198705849634 0.02842036661447749218 0.9927805031643447409 0.8310792452692653542 -0.01891393782996515088 0.5558323969151810484 2.083545640621895068
0.5998102209028960408 0.01431125528441621123 -0.8000143337694550771 -72.75996786430403063 0.01498094345581389535 0.9994639746549341952 0.02911111202269361584 0.9941400924701865316 0.800002072579492185 -0.02944611139325407911 0.599274325369869687 2.405826668080894848
0.641524179579190057 0.009451624053001188991 -0.7670446120164952086 -73.04812735655539768 0.01677209133351212703 0.9995122979890691539 0.02634359997790395105 0.9941040184933707113 0.7669194647893696759 -0.02976499803632722332 0.6410527984783277455 2.720712046617933755
0.6825863881218124929 0.004510122505778530258 -0.7307910234560379692 -73.33355293067980085 0.01423470260609856729 0.9997092522458411734 0.01946551691457827291 0.9932132583198181042 0.730666293797800348 -0.02368948915365387889 0.68232374341111246 3.029303707096219433
0.7228060225226003999 -0.001790609635251673611 -0.6910486821913521815 -73.60646953401720793 0.01052689485679616545 0.9999092031117495782 0.008419747188655539102 0.9855529669169253992 0.6909708173356825522 -0.0133604401644233494 0.7227592604937442822 3.359124633929357451
0.7619852181926991541 -0.005345687628493899293 -0.647572374013703822 -73.86056569928248905 0.006508788483435192646 0.9999787010425189582 -0.0005960325880710990072 0.9912406957867749835 0.6475617268939325433 -0.00376074295251645381 0.7620038005217729671 3.717519043427185199
0.7992692352224223251 -0.006431159504300871556 -0.6009387269758040828 -74.12943690350743964 0.005250895368157659088 0.9999793640082317303 -0.003717764833286322027 0.9917879946251815237 0.6009501976321592887 -0.0001839707082002751319 0.7992865295988272889 4.098767182675043586
0.8335455121258787958 -0.00854980125745413537 -0.5523846477902432106 -74.35537915774376927 0.006171841603662110709 0.9999620163193880806 -0.00616412284962340306 0.9963051128805618939 0.5524163332102790536 0.001728846973425147808 0.8335666385664498579 4.521091111335084456
0.8640516876081130171 -0.007903372360869026156 -0.5033410696864094591 -74.57301511799634852 0.004054104761580181945 0.9999536335368268691 -0.008741689211077567287 0.9855652956741843829 0.5033867883127437493 0.005512674450271100313 0.8640436859496560817 4.964838441982116102
0.8903726927320527729 -0.005941939494938456787 -0.4551935544725503879 -74.78262678139776654 0.002945580767034584446 0.9999691385877920169 -0.007291607746780239506 0.9738270561655838486 0.4552228036953508972 0.005151439566454430082 0.8903627379161388466 5.430094621760281903
0.9118397285756172366 -0.000750033725845372732 -0.4105456785460293023 -74.99031844395446456 -0.002085704618664716969 0.9999770242917299656 -0.006459321514301102213 0.9655366880098334992 0.4105410642201497429 0.006746143483321358214 0.9118172354466259621 5.924591502560284439
0.9295805037910653823 0.003823191067189552622 -0.3685993417126313121 -75.18472127264128346 -0.00729158119725387046 0.9999413377339712028 -0.008017233468857836581 0.9558865704872858693 0.368547043506750549 0.01014033642158741061 0.9295538713998729996 6.440760305034799238
