0.9999999962582232227 8.137513278152659075e-10 -7.656115742981431352e-10 -2.139041617443826482e-10 8.137513278152659075e-10 1.000000061056633971 6.754229727670312846e-11 4.50643937444095144e-09 -7.656115742981431352e-10 6.754229727670312846e-11 1.000000080766252131 2.697696344089450804e-08
0.9999979719204226125 0.00195318373810936816 -0.000483475913526219814 -0.0160077228887149578 -0.001952782710215134662 0.999997813893654941 0.000825201533761391764 -0.01492832376193218603 0.0004850850651712249246 -0.0008242556058826831919 0.9999996234133283757 0.3993642273728689185
0.9999814863567605405 0.006081445207857716709 0.0001884047835839788518 -0.03314310808105960793 -0.006081866192085579222 0.9999788513635945453 0.002330199688397089144 -0.04103222120687524677 -0.000174231340228243127 -0.002331302279033128141 0.9999973480992225827 1.445291804486343201
0.9999716961530836778 0.007472663105915904568 0.0008710509673691708282 -0.03306688442289339169 -0.007474211854953028214 0.9999705258629654203 0.001790435786292799477 -0.06368373871394159003 -0.000857647451251895886 -0.001796895407599154041 0.9999980985687931812 2.305919460281550482
0.9999549097433015898 0.009419113246123355862 0.001204708149844800494 -0.04129282314818107091 -0.009420985714074176301 0.9999544664343306133 0.001559544381483483205 -0.08438481017826200692 -0.00118996523049213869 -0.001570823478472309787 0.9999981390134210502 3.079035198114985494
0.999952185293300877 0.009674776229357350335 0.00142069290041325685 -0.04118295367117983524 -0.009676488612861645564 0.9999525171911001209 0.00120458414948637388 -0.09976581776901989607 -0.001408972806631166681 -0.00121827374935270941 0.9999983460681379777 3.791477122939261868
0.9999495739884368684 0.00989920857388314028 0.001687508968826029491 -0.03573497332425817907 -0.009903059235045037767 0.9999484024600575616 0.002289962142404625405 -0.1185052347910189041 -0.001664754516723721163 -0.00230655805250854504 0.999996034950521695 4.472751674193569116
0.9999403139958430442 0.01062412276301408914 0.00254735139175106106 -0.04868954438522952316 -0.01063652884331893131 0.9999314476508789351 0.004907783902227313456 -0.1325201337901945886 -0.002495037249718722559 -0.004934585846318833603 0.9999847929775365074 5.143230028818813082
0.9999368794652673254 0.01052029210575148796 0.003943738745577849911 -0.04703933764776974114 -0.01055532738435549338 0.9999041075991972338 0.008971218528147015259 -0.1472864572089088164 -0.003848982035719716172 -0.00901227962344789725 0.9999520616947934482 5.792281882467369414
0.9999397005758310364 0.009701644683991830775 0.005144495645177864056 -0.04214177135361664439 -0.009765581848829002487 0.9998735854131183265 0.01255263719138156354 -0.1593338111179483096 -0.005022065315399124388 -0.01260211919147993451 0.9999080592660462008 6.428715521033844915
0.999939683835206039 0.008987895654939152476 0.006311810616780029991 -0.04883113536108732444 -0.009080529103771812702 0.9998492355209385174 0.01480446956387423442 -0.1687277141721525431 -0.006177799158862309903 -0.0148608911275004054 0.9998705667460078272 7.042647731303928182
0.9999288710951143022 0.009275989590265419985 0.007496752494880801893 -0.04895376639067731961 -0.009386627174951055197 0.9998455793654684731 0.01486037524660636065 -0.1821108996661172652 -0.007357751250114913204 -0.01492968739896914816 0.9998615551483516217 7.62124745581132057
0.9999092334121176817 0.01037176188297010866 0.008599071230362742568 -0.04343770976518632199 -0.01047902424676835052 0.9998667203078408505 0.01252412734546221908 -0.1951946981455071062 -0.008468028907184935519 -0.0126131003760387491 0.9998846752101372415 8.1749504742711121
0.9999019044969661429 0.01019205740961631398 0.009607074578988451102 -0.04362510531471906761 -0.01028458784178184343 0.9999007823002511453 0.009631972862966861962 -0.2024142001903735388 -0.009507952725926195961 -0.009729832729029302962 0.9999075410888877968 8.69686356941797456
0.9998998923706681197 0.008628234324628511823 0.01121389041983053038 -0.03727523109673981649 -0.008719981861862883057 0.9999287567484494987 0.008158764643345797415 -0.2093290957349788206 -0.01114269663071671725 -0.008255732721311999714 0.9999039177470002704 9.196614428868603142
0.9999028629559065795 0.005071004040867800079 0.01298237618231006842 -0.03851586822313286806 -0.005147579615704117248 0.9999695719256462834 0.005871946154021205795 -0.2196838344078460015 -0.01295220523636050891 -0.005938203487094235143 0.9998985646832651009 9.659637170802753303
0.9998848245738548579 0.003339050534619494165 0.01480475757666472811 -0.01929603467556024327 -0.003404475085156718605 0.9999846021186552525 0.004396269209991598287 -0.227773433826255034 -0.01478985088158153716 -0.004446165192276166529 0.9998808196289045158 10.10502466932838495
0.9998317992927860942 0.007012913813145999278 0.01694652448689626389 -0.02495312114737496811 -0.007060826338309430031 0.9999712987792664931 0.002769196315247992885 -0.2423754574518202642 -0.01692661846619235647 -0.002888386895787466938 0.9998526433140927372 10.52026658693093175
0.9997386845328186666 0.01124397171443570695 0.01990297200534747041 -0.02445753003934734299 -0.01128579835542760194 0.9999343931577914235 0.001990533263506476681 -0.2554380440263555596 -0.01987928505416432234 -0.002214633933108183742 0.9998000154788464489 10.90190781961456246
0.9996553393580395186 0.01196554057533765446 0.02336708983393341252 -0.02121127749711566868 -0.01203801737790402386 0.9999232099151523778 0.00296352754441790104 -0.2631618500668529426 -0.02332983537380202421 -0.00324379947182645758 0.9997226405699352059 11.24795090110502294
0.9996155070249664876 0.008040860489973362599 0.02653630024018484648 0.008630563399068761493 -0.008132740409576094676 0.9999613569364421695 0.003356376577050366149 -0.2664846557395086357 -0.02650828655604352962 -0.00357089882114993741 0.999642296493398641 11.56529759358536324
0.9995768276034120436 0.003193363536255853802 0.02891298490870050295 0.02138240540382434912 -0.003286630791899761064 0.9999896073279385122 0.003178899498268952361 -0.2747044789899343309 -0.0289025328125558402 -0.003272580485390731708 0.9995769581776287049 11.85524780492540664
0.9995071347154664831 -0.0002821074001036296178 0.03139109140370644618 0.02811457070076544412 0.0001428370783103759668 0.9999901992222798297 0.004438825457689542058 -0.2806989277298256313 -0.03139203558947262912 -0.004432153809799742328 0.9994974025032141718 12.10542449975686274
0.9994135656317517657 -0.0008665503914603119766 0.0342310748205189655 0.03447482473820730198 0.0006806657754993445395 0.9999850236965228678 0.005441616710961267971 -0.28484336745650779 -0.03423527704502921098 -0.00541512555122899801 0.9993992113793969123 12.34008633282303968
0.9993511775483709947 -9.459785856959707963e-05 0.03601676768857164923 0.0526696842646951699 -7.421042981231698631e-05 0.9999890807456335295 0.004685615918044950569 -0.2923923548163342989 -0.03601681699652910934 -0.004685248516776405019 0.999340281794436347 12.54973847951073829
0.9992641607310791541 0.0009300489498313801572 0.03834403044753591228 0.04994421310237656675 -0.001056348985420291729 0.999994144288304021 0.003273778865848338097 -0.2973622500637322918 -0.03834076033325355126 -0.003311874477731297905 0.999259315218528732 12.72324743276052317
0.9991678353814001934 0.002855178618398292525 0.04068755698722461428 0.04775006729025466773 -0.002956988010584042995 0.9999927067169376294 0.0024423028454411814 -0.3023659324710770147 -0.0406802860789223647 -0.00256058297545923557 0.9991690143283848968 12.89956203876364249
0.9990882958087285992 0.00558917422640225689 0.04232411751827973301 0.06225118796441754532 -0.005673596139762412949 0.999982208544406892 0.001874834335037573558 -0.3111735039691460036 -0.04231288468333663927 -0.002113254902082824412 0.9991022547213109783 13.06652975678328765
0.9990203971758370161 0.006957562457199496612 0.04370161297673332002 0.05797516334654418541 -0.006990195995635625423 0.999975452909628304 0.0005940007986565631025 -0.3174538679114351503 -0.04369640629462370751 -0.000898901663059318407 0.9990445322860540545 13.21955015686378765
0.9989460199181002809 0.006298220222509413012 0.04546618904479957091 0.07454969149585259636 -0.006254228349678443016 0.9999798874163020601 -0.00110972566520165807 -0.3274014298666027001 -0.04547226265188553107 0.0008242002042505526451 0.9989653424672477744 13.37899265876584209
0.9988737406687527853 0.004942220827026716848 0.04718916504678973001 0.07197691073295328645 -0.004824345807571723752 0.9999850139293494644 -0.002611457049597699399 -0.3270217456696218328 -0.04720136290998533379 0.002380859122893905049 0.9988826378838147058 13.51442093845965253
0.9988242399472991861 0.004139527071431500088 0.04830108339283646635 0.09170848795957056709 -0.00395953597009766553 0.9999849200718200493 -0.003821493087438034269 -0.3298523065422163669 -0.04831617276677459966 0.003625750157519903871 0.9988255917796852179 13.64219500019940234
0.9987447186881713845 0.004809969104132782135 0.04985823652441680187 0.09128470401512581156 -0.004560599721966576182 0.9999765842688217443 -0.005114093128458526046 -0.3338950191385143818 -0.04988166616732690045 0.004880290152281661908 0.9987432921160057653 13.78419328295408874
0.9986672932203908282 0.005632391287445726556 0.05130210806492573744 0.09630274731219345963 -0.005271861479791517362 0.9999605300551749343 -0.007160161393999497047 -0.3362928440106737193 -0.05134041039346304292 0.006880161505671765834 0.9986575924840188634 13.91261077336555552
0.9986290032314217857 0.005813889440079406112 0.05202216135339005065 0.09785653463873500435 -0.005337904381189126357 0.9999427174430283172 -0.009283895334216184583 -0.3430636016772061203 -0.05207315527474928873 0.008993477942518127502 0.998602856613212464 14.03976192321630201
0.9986014436277548256 0.005065915118546510977 0.05262590586895999484 0.1123724030289138393 -0.00445783306446193104 0.999922077182060498 -0.01166573589787546321 -0.347124842663065758 -0.05268090104146527786 0.01141482333631383024 0.9985462362105119727 14.16119643071865575
0.9986306673223458441 0.004062767777158108815 0.05215627359766496218 0.118258000285026324 -0.003367809290341809442 0.9999045318401570404 -0.01340549047288283266 -0.3525143833859791243 -0.05220575605996335272 0.01321148165276805897 0.9985490359346292921 14.2825931992575299
0.9987344823966609608 0.00364678588998760796 0.05016101358355193329 0.1228033267133457618 -0.002911367464978641736 0.9998873835022898948 -0.01472638321627136974 -0.3541837488932276234 -0.05020906704436205875 0.0145617097219417381 0.9986326489702558318 14.40544116202121216
0.9988722538997568678 0.003739884866138637118 0.04733102883720551046 0.121768017346094562 -0.003000021350610188303 0.9998724170729547112 -0.01569304173994717083 -0.3581018827173313435 -0.04738367899919510712 0.01553335002795847887 0.9987560580105582231 14.54850741082943522
0.9990573987852510163 0.004212877110056696683 0.04320368288723894223 0.122974471026382301 -0.003488397274951299427 0.9998523310944059661 -0.01683060306586890015 -0.3619474232543041792 -0.04326820718361633344 0.01666402706824240618 0.9989245886877892167 14.68175084125736518
0.9992904384337286672 0.00450118784129706611 0.03739453902643285338 0.1226945646298050335 -0.003836269379598140038 0.9998336649941926835 -0.01783388604196902566 -0.3667041706101304976 -0.03746859190477228041 0.01767777644405046922 0.9991415126532429136 14.79920443374890304
0.9995107265789660023 0.004420086336108200453 0.03096389589382542856 0.1238572148504587522 -0.00384308548558578815 0.9998183871526890032 -0.01866937373469594943 -0.3684662516872725391 -0.0310407923165500893 0.01854124258321526025 0.9993462127957486452 14.91602737713610161
0.9997113707860514342 0.004520552826602683601 0.02359517449151750379 0.1198020719908469561 -0.004064111108207409638 0.9998044391652306517 -0.01935687311104340724 -0.3748381187018210436 -0.02367806403650187658 0.01925539292558205509 0.9995342618653377809 15.04315743212476519
0.9998632953222722497 0.004401154783817739016 0.01593778610075527111 0.1173942728734603813 -0.004076455254749141582 0.999784701859907976 -0.02034833040567246218 -0.3776656007553355066 -0.01602391141302691308 0.02028057921634639563 0.9996659911686104349 15.1816565524722602
0.9999785129424213492 0.00334630282773114773 0.005636348775886282532 0.1040403519203883798 -0.003223448832124898352 0.9997601231461382687 -0.02166627928412638571 -0.3798797427305390384 -0.005707499843045638933 0.02164764546650248603 0.9997494513243203595 15.31814491032538328
0.999973705399700652 0.001858769409643839165 -0.00700899565210855429 0.0897846941733958237 -0.0020207181231366232 0.9997295530067475955 -0.02317023220200776709 -0.3856118473835560834 0.006964030034027644811 0.02318378638059135841 0.9997070450113354489 15.46506352252252725
0.9997313484958124663 0.001102856452363158582 -0.02315182803676234941 0.07292243690162521219 -0.001681528239996672334 0.9996863442276967548 -0.02499015299399552636 -0.3915938192809691465 0.02311700285901312213 0.02502237005107463275 0.9994196549096860949 15.60995842798352129
0.9991145666858425312 0.001607750715992382375 -0.04204153311548523148 0.03952565516216673819 -0.002703930311543590627 0.9996575683885273733 -0.02602992206168667014 -0.4000087100483476488 0.0419852830677039518 0.02612055194291384996 0.9987768089433779473 15.78384514252425674
0.9979629129568449164 0.002420345130466351226 -0.06375075884839488671 0.001529536424027408414 -0.004066602578897912136 0.9996613285814622829 -0.02570628322390250062 -0.4027057960452241625 0.06366694481670963357 0.02591316656957825745 0.9976347974192195656 15.9663414356766431
0.9961613420288603082 0.003258475270648694688 -0.08747546106555413592 -0.02792898964126016778 -0.005404858100185993414 0.9996898854643578858 -0.0243113660645724039 -0.4101429385308403286 0.08736910882858973937 0.02469083579552129593 0.9958700528679607089 16.1664749060912456
0.9934451355513134185 0.004278841315145205312 -0.114229803323741344 -0.07485079383615469983 -0.006922027798581192361 0.9997172233161152333 -0.0227526051709701603 -0.4184018010801685006 0.1141001385427291986 0.02339416711396810969 0.99319385398071236 16.39803461386600603
0.9895257001970727551 0.005396409655804713067 -0.1442558904045332935 -0.1373563042571706305 -0.008456142449078963078 0.999751978588278245 -0.02060575317482393407 -0.4267609723464066973 0.1441089044727256741 0.02160977102512823961 0.9893259326459901137 16.63660575429861765
0.984177786619394035 0.005806240687461968267 -0.1770885861338790668 -0.2093891042845115735 -0.009016827621012220642 0.9998092184383720049 -0.01733048302776128355 -0.4334581275281832458 0.176954163644632928 0.01865305402546584349 0.9840424005931058815 16.88147094409053395
0.9768656671398510127 0.006798798050872986373 -0.2137457401194017004 -0.2992288607376424325 -0.00981985161033190404 0.9998663556950018183 -0.01307529563709359209 -0.445575403275160653 0.2136282633962905686 0.01487175920368385973 0.9768019007022545885 17.14518172087259273
0.967307387470015545 0.008648033618500318084 -0.2534593221789738782 -0.401362547501474265 -0.01100224830943107891 0.9999085453304858984 -0.007872330960900925101 -0.4486027552523617068 0.2533680450143770968 0.01040358666539772936 0.9673140931909393059 17.4181430110189126
0.9555432598713521353 0.01268735216904104922 -0.294577850354978299 -0.5236099517208927523 -0.01422957336967821049 0.9998940334171906308 -0.003092451312025698649 -0.4483214228517359845 0.2945073804879581592 0.007146688531158304838 0.9556225622369419748 17.69041362813333507
0.9415728643288034938 0.01650241663437143971 -0.3364048364874471231 -0.6722870727929930457 -0.01696184798897641677 0.9998549610205463845 0.001573118790702003307 -0.4573938660563888203 0.3363819829570520725 0.004224842141609225568 0.9417162331288501109 17.979999146561223
0.9250597290911746207 0.01931961423122569022 -0.3793300085489202389 -0.8431837155330677014 -0.0179313358009796156 0.9998134089366017552 0.00719281394251506008 -0.4617110487195389412 0.3793981667673810843 0.0001481116701336833322 0.9252335694014021117 18.27488520779978387
0.9061307145087094117 0.02263607606888604767 -0.4223916956208055851 -1.021704226528125536 -0.01814885692287413962 0.999728138667763222 0.01464205645704317466 -0.4618148030620538025 0.4226082751590377051 -0.00560169019572067349 0.9062952127656822565 18.56365878935726599
0.8845130887285993504 0.02699308251127845865 -0.4657338090866930957 -1.22859921566945296 -0.01928981931898503255 0.9995870956363874793 0.02129937036811883899 -0.459218198995723248 0.4661164114030962313 -0.00985565039522828118 0.8846685818462868278 18.84746438856961248
0.8600636865616821947 0.03209039502944844441 -0.5091764692234274081 -1.451218658169508569 -0.02186068804841992744 0.9994213306533947794 0.02606216064667627591 -0.4611891475940438356 0.5097181369897096914 -0.01128416953665411365 0.8602675323602857471 19.12830178143389759
0.8325701900667650257 0.03566222676049259771 -0.5527703893713442618 -1.697588997889454943 -0.02325257226015177425 0.9992958939365598203 0.02944751784704930167 -0.4573311858985926737 0.5534313093707411424 -0.01166379160562928778 0.832813230383731673 19.39761918382945538
0.802064813401704213 0.03943972476206800137 -0.5959333575349750056 -1.97657157333503597 -0.02586163156804016303 0.9991748457451176124 0.0313197333248244475 -0.4538560403677562305 0.5966768245821911787 -0.009708646592584274648 0.8024229806580034374 19.68589271801425511
0.7687755454933836718 0.04206819092705580548 -0.638133572073812716 -2.257666731137087268 -0.0264503488623171884 0.999071914554831686 0.03399721527536860022 -0.4404998339210672298 0.6389714907364494323 -0.009257371543920089874 0.7691747924642872158 19.95385815765376947
0.7321868771655738461 0.04605795138227249813 -0.679544755341122575 -2.571922102977768354 -0.02776830187926900007 0.9989001134579876817 0.03778368427465906426 -0.426870489730437952 0.6805375296215259162 -0.008794913287515550987 0.7326605229541730546 20.22311519204475161
0.6938542187758756086 0.04749711850263532015 -0.7185474124428453679 -2.906326192460164215 -0.02602753591631509766 0.9988246254570480875 0.04089079385240381587 -0.4084049114692444582 0.719644999976134403 -0.00967023061123386922 0.6942749294313383945 20.49009377046319003
0.6534622971505115174 0.04762340569509380256 -0.7554595152145643366 -3.263105014801838344 -0.02343193858185415451 0.9988133603076235767 0.04269587343192224327 -0.4026191658586677491 0.7565963326638179831 -0.01019826191740431584 0.6538027969024585717 20.74983852289234321
0.6112826677901725958 0.0467752810217884965 -0.7900288724655654127 -3.646531496018233121 -0.01863432490172046291 0.9988258459171343029 0.04471927515716979384 -0.3894897306544053417 0.7911929642467149248 -0.01261446245887136962 0.6114365678742477161 21.00448227725167172
0.5671031406358413296 0.04697664287456873589 -0.8223060704263903675 -4.063167205845654273 -0.0142530472298242946 0.998782467168393473 0.04722876295211444336 -0.3716653450845173734 0.823523483355488306 -0.01506321185575481593 0.5670822475529090356 21.23669838911880703
0.5208429795688168662 0.0482718313912380223 -0.852286615931826419 -4.500520758673261845 -0.01238419937985363664 0.9987221823114900143 0.04899751323032853351 -0.3446071572474008193 0.8535626957893985844 -0.01496512269760185559 0.5207752573951944797 21.45201897173479111
0.4716361533072099821 0.04808543819709344691 -0.8804812254528249227 -4.958709437483365789 -0.0111116645744695243 0.9987569263965885291 0.04859274664345674538 -0.3294350646354218259 0.8817232714300820007 -0.01313448333334948925 0.4715841951755322392 21.6692516430564126
0.419772528554496982 0.0473227028493333618 -0.9063948636021698091 -5.450461008425828702 -0.006352201229316154635 0.9987686272856136638 0.04920366698446813902 -0.3125187776612730062 0.9076071481398853003 -0.01489674439501173335 0.4195562452883678239 21.84995323135254708
0.3666262520260257785 0.04622547674675765716 -0.9292192759470414565 -5.953317909174019817 -0.001135101794801330341 0.998786473046031964 0.04923834857140866467 -0.2856774838206181943 0.9303676520663579641 -0.01699731197450149098 0.3662338203987725582 21.99957016686592937
0.3128584091703369707 0.04568100734963114612 -0.9487006538221014473 -6.496513593531944686 0.001282025659606215572 0.9988215871802365031 0.04851716769408455365 -0.2742178739493001394 0.9497989474200256854 -0.01639526171856303671 0.3124311759148961642 22.14521012230423835
0.2594954348105806829 0.05079773094072803641 -0.9644074769125360325 -7.058103644468620708 0.002028167854642388534 0.9985848785905799829 0.05314366344504000556 -0.2350993557716148374 0.9657422413868056443 -0.01574651752354397707 0.2590251970161565054 22.26196475228798377
0.2084288911621733076 0.05619125502300937464 -0.9764220469664314228 -7.64342725902366027 0.004930709628403172513 0.9982752118254102358 0.05850138248025617271 -0.207969870288422426 0.9780251318214684408 -0.01700783109950687252 0.2077923375878750201 22.33753600329685085
0.1596546197662216948 0.05785179888125151215 -0.9854763552750457345 -8.247158795414446075 0.01038571487782900989 0.9981277152125177521 0.06027705411720691436 -0.1865899024080246993 0.9871183383692246904 -0.01985838583762969053 0.1587548722865278206 22.40664520409498195
0.1154244679506118004 0.05892393753234831388 -0.9915670616718709196 -8.880268725850319456 0.0131762760609985749 0.998060400869588471 0.06084360417138741373 -0.1600917911041321584 0.9932289029581001794 -0.02008800121415835888 0.1144241953703065834 22.44966753395500803
0.07500529502737575405 0.05748688120964244586 -0.9955247564998985776 -9.521600010602451647 0.01308430614616554709 0.9981942781879221682 0.05862683791127946964 -0.1271609854531409733 0.9970973287924548289 -0.0174230731895794258 0.07411768211673019913 22.46417551664290713
0.03913836048239676541 0.05375176805008761299 -0.9977870579759462455 -10.17365684617697141 0.01037452527133561272 0.9984764900220916006 0.05419585118857398603 -0.1049094219461479266 0.999179981184185162 -0.01247270301354962488 0.03852108462879303558 22.45153444973579226
0.01054176800168426728 0.05340923026572072518 -0.9985171016154473778 -10.85488612368984107 0.008306770866992729124 0.9985334769804409261 0.0534978045564413543 -0.06751839486275718061 0.9999099687891956911 -0.008858413406361294318 0.01008265025664396158 22.43389843232715819
-0.01057324592851438712 0.05700752503841301222 -0.9983177978407838937 -11.56056259176443746 0.007075399722676244813 0.9983528999968194206 0.05693459387033687757 -0.03060506313598141542 0.9999191078384105369 -0.006461513194601103786 -0.01095918201678417955 22.39755409397081465
-0.02407154484488727153 0.06288667902047515024 -0.9977303759936363425 -12.29652978143225184 0.008139953497942373217 0.9979988320494525 0.06270721324021283349 0.01289996241557722634 0.9996771373286781337 -0.006612018562111969706 -0.02453526885677807801 22.3689866942739215
-0.03213833506895215353 0.06547635426399475711 -0.9973364784477989353 -13.06848421422555795 0.008455720351371135216 0.9978340625718500334 0.06523654327826029775 0.05112746322775411911 0.9994477000813990486 -0.006336603666704057961 -0.03262237595010978458 22.3271457446008661
-0.03636397176159596178 0.06335560234074406882 -0.9973283340884081527 -13.82815490465879193 0.009196216841119528307 0.9979673721190285285 0.06306089113207785646 0.0790045479968108505 0.9992963364892979428 -0.006878502353831885546 -0.03687269005838385294 22.30341136950212189
-0.03587931873516499864 0.05937479405856754128 -0.9975907904033243234 -14.58351254878899894 0.01616273013911229822 0.9981374591592542256 0.0588260229391659728 0.1172350351610241259 0.9992254588471121135 -0.01401315232743445202 -0.03677215167269964197 22.28108067839869122
-0.03151649644001663919 0.05761920354177811621 -0.9978410768512087081 -15.37011738800107175 0.02773680860167891671 0.9980029789595418199 0.05675249433873375687 0.1602472769903405259 0.9991183397759487717 -0.02588828644049961936 -0.03305173092792646622 22.2644864106170246
-0.02612466949448958783 0.05757684673097943767 -0.9979992410897151611 -16.2164837559328241 0.02891791556210077455 0.9979657305575351245 0.05681792821929256693 0.2008962306412759302 0.9992403778852760876 -0.02737570745663297708 -0.02773652791916282612 22.25066978100580428
-0.02088086160463808669 0.05628901953799391594 -0.998196179506744774 -17.07491711481827679 0.02771710513275504884 0.9980627264004676702 0.05570169142796731199 0.2356027940883348992 0.9993977329917003161 -0.02650400840375917097 -0.02240057885934283385 22.23344939581682311
-0.01747735717849557141 0.05028984531807526026 -0.9985817694900186448 -17.92999252307524571 0.030948784608786261 0.9982829814069039687 0.04973312697960748791 0.2708833810854207602 0.9993681962755872616 -0.03003568774589053178 -0.01900375826695657397 22.21504502573290551
-0.01545051194805331825 0.03957264010740395299 -0.999097274933195334 -18.80116922437343874 0.0286058816878687304 0.9988250556120036316 0.03911948306168249595 0.299650512405549907 0.9994713914006565503 -0.0279756416562754115 -0.01656436910472859972 22.20659427072031633
-0.01456188638457605981 0.03176079256085795333 -0.9993894538567925645 -19.68599687829873801 0.02163574210012525478 0.9992714498510587573 0.03144179252448270345 0.3129318228139779667 0.9996599037426318057 -0.02116467989433317917 -0.01523844599369974726 22.18299141281941189
-0.01603991605078159202 0.02844036087001297966 -0.9994668298269476781 -20.61292589302760447 0.0152084965106899575 0.9994867488774161757 0.02819685433130487279 0.3379294967597687993 0.9997557200393277776 -0.01474811181461351504 -0.0164642190603384829 22.15955775056741572
-0.01963901663079976184 0.03384956512418890034 -0.9992340030744935042 -21.56781980080555883 0.006070792514597601712 0.9994123924629063627 0.03373629228657776952 0.3733682752412237349 0.999788743448267625 -0.005403593867310614758 -0.0198329707468065039 22.11826429900252222
-0.024144072400241922 0.04209661083627225242 -0.9988218139488421743 -22.54737242445773759 0.0007346355889213783278 0.9991135659306314976 0.04209114917548145013 0.3958840944699629216 0.9997082579886567011 0.0002824825497766690922 -0.02415359650463842073 22.06089949930911942
-0.02842798291425423229 0.05128655110979413873 -0.9982793278007329185 -23.55212008708537752 -0.0006292712980096771972 0.9986818587757481103 0.05132515115386707821 0.4373563224461916032 0.9995956836664955381 0.002087259895959724977 -0.02835823832590577895 21.99663856704676945
-0.03047030937959629981 0.06126848817379583478 -0.9976561579108277344 -24.56244536545940349 -0.001715384668802766776 0.9981149598060230499 0.06134905589955984978 0.4842103367082623011 0.9995342388803872824 0.003580689636653138809 -0.0303077733042106251 21.95188035300114748
-0.03185779048498681848 0.06840538802701608134 -0.9971488659469875948 -25.5776158207895854 -6.871780535641150976e-05 0.9976551343338506683 0.06844231461520612625 0.5382259354669252094 0.9994924479208108226 0.00224894363561923237 -0.03177838832000645652 21.92834091104462146
-0.03315849095240761685 0.07058109180978237862 -0.9969548137835225754 -26.60519246591324816 0.001834155449806621494 0.9975059750183362661 0.07055910926287921325 0.5837714312875212919 0.9994484615696460628 0.0005110643074992947833 -0.03320525031763250923 21.89268074812747145
-0.03491040648964404552 0.06753028053112108964 -0.9971063140385189039 -27.62942682500959179 0.000538538133596129791 0.9977156237916025017 0.06755269226263342641 0.6353452852843347598 0.9993903393921454992 0.001821313006400358293 -0.03486702643361555554 21.85197324284876785
-0.0372888792608555078 0.06314768840349016532 -0.997307367711608439 -28.65462340624973692 -0.0001840065376187651391 0.9980010216598413919 0.06319848975834833904 0.6841086320494349504 0.9993045494688180819 0.002540112768979610209 -0.03720272088092715229 21.80829892235880507
-0.04188302203779398908 0.05768646156959103544 -0.997455844311682549 -29.68311158469531108 0.0001454249167268502015 0.9983322233031822757 0.05773103977140348758 0.7243257147671176011 0.9991225491684654347 0.002272896319894192677 -0.0418215605365140769 21.75451260112546237
-0.04789655777376462809 0.05331547437005594581 -0.9974284218109139566 -30.715884607213507 0.0004833412425481603547 0.9985756272836199265 0.05335358613695089652 0.7704823695374151127 0.9988522228230529709 0.002073355672065383629 -0.04785410591088418153 21.7115651740399791
-0.05414692355946998381 0.05125851264527381962 -0.9972165021605178259 -31.7510744380735801 -0.0008137131972428308805 0.9986790146812941638 0.05137787147167956203 0.8050081707693604871 0.9985326861947598776 0.00359340275810406248 -0.05403368780464436194 21.64287157037475851
-0.06046005956963963063 0.05369146972634785547 -0.9967255810048309961 -32.80366173101631233 -0.0004811271746345908355 0.9985506544184612476 0.05381896741825224761 0.8457056577874000336 0.9981705397983988703 0.003733450587252880142 -0.06034660103674228948 21.5578332677537361
-0.0671155989465148789 0.05806562510606873978 -0.9960541933147655236 -33.86512681901132993 -0.001859165496300514654 0.99829617701304596 0.05832159677077605742 0.885012714281962376 0.9977435124459280713 0.005766119339388038612 -0.06689329380523399704 21.46347824728684728
-0.07321033023544976093 0.06144568912369494096 -0.9954218960847088793 -34.93524082946510134 -0.004346986028630256751 0.998071156427899453 0.06192893191780641376 0.931054739991404201 0.997307088083793758 0.0088609234918709881 -0.07280201711239436824 21.3808511783996309
-0.07797972970461919395 0.06349721157232332547 -0.994930822808033799 -36.00728742931219273 -0.007406602097417152447 0.9979052791888652907 0.06426755169485104391 0.9775926453926020443 0.9969274700945198742 0.01238062390007611813 -0.07734608717177371418 21.29403606022778206
-0.08053115931610219103 0.06515148014574591306 -0.9946205775404203253 -37.07114928793590991 -0.0119180011166394647 0.9977272916303383532 0.06631994396052114105 1.027724511918628458 0.9966808768232018334 0.01719471201420177259 -0.07957166192518123904 21.19372086266021427
-0.08231669380076499232 0.06622309131472832455 -0.9944036103719323672 -38.14316478857290349 -0.01563660829437794192 0.9975812681240819879 0.06772910852948621496 1.081818961302775106 0.9964835849001115742 0.02112433693125530601 -0.08108208914769678144 21.08668028509214665
-0.08407699463498237435 0.06587727617666752633 -0.994279296602510021 -39.21710872481634169 -0.01709263168030537156 0.9975701580674782853 0.06754068287215107824 1.130723376157110049 0.9963126906072355959 0.02267346834260739255 -0.08274668674605688279 20.99083378529808286
-0.08548588244121638202 0.06533381136403310085 -0.9941950176754390522 -40.29418990934032507 -0.01733912629847101858 0.9975991111015252155 0.06704841827896317052 1.181959464705958585 0.996188533930153608 0.02297016708792528131 -0.08414781109711512441 20.89355032075324559
-0.086778517258212437 0.06470858063132743643 -0.9941239181765914035 -41.37015400117171282 -0.01859054390128273698 0.9976093990741428108 0.06655825054230794791 1.233374455574241191 0.9960541938738435297 0.02425713155091765993 -0.08536809874283890487 20.79314894799637869
-0.08737593982360063183 0.06376795256033511439 -0.9941323702177262689 -42.44967488258050281 -0.02079709314154649241 0.9976148717941317745 0.06581922697715006376 1.286954718287864008 0.9959583337474435805 0.02642608123614051049 -0.08584135096443686053 20.69235092150946187
-0.08831092502861538629 0.06146945047318206484 -0.9941945299178259754 -43.53401359576564289 -0.02478999532278501616 0.9976493753332663639 0.06388506988111046503 1.340737941684062795 0.9957844712289245503 0.03028782830144517713 -0.08657951382544355756 20.58191127425510203
-0.08822334541357719495 0.05701090871923461534 -0.994467935010232007 -44.62379186994914448 -0.03014375555251126021 0.9977508033809519006 0.05987328653738804851 1.377779984155323323 0.9956445509361321333 0.03525922093704519228 -0.08630639288557312438 20.44781549199479187
-0.08762509727937320414 0.05615145295722982766 -0.9945697224539066239 -45.71821102234243028 -0.03195579230555824213 0.9977378069407292216 0.05914573538517545886 1.42079123447646638 0.9956408720790015376 0.0369649152680538301 -0.08563251022666357182 20.33237611829662583
-0.0862536613232461058 0.05975269809793999631 -0.9944797620645587921 -46.82459597224644199 -0.03291165458170650787 0.9974841586371014923 0.06278772443486159427 1.479121216868703348 0.9957294840503336797 0.03814564650518371958 -0.08407010259996386403 20.23308523326281616
-0.08419837663823809271 0.06293533328740331945 -0.9944595785639039898 -47.9334904897774905 -0.03314943126542947704 0.9972741713571530164 0.065920136808247487 1.53830669293170752 0.9958974972909876433 0.03851613892105243409 -0.08188259770084668765 20.11901183159982764
-0.08264835034861515994 0.06284701363374056715 -0.9945951836242623578 -49.05077798402264477 -0.03128598244596714206 0.997354087807083789 0.06562113175502402862 1.589276486269103561 0.9960876035977103138 0.03654036670438001039 -0.08046344138659886069 20.02898537980589566
-0.08015815644456765476 0.06217952924717423668 -0.9948409181194312056 -50.16243098635573716 -0.03079470697241594099 0.9974216291971143011 0.06482207747903979966 1.635171277746216623 0.9963063949221857563 0.03583185374459636058 -0.07803668043592078274 19.94527610392535166
-0.07581225723799631111 0.06262750030267473511 -0.9951534425344212842 -51.28582317009247049 -0.03475281081215838425 0.9972533608490981027 0.06540717461448944392 1.686890077667377197 0.9965163422761246226 0.03954304583787780075 -0.07342754837042406169 19.86873461281136954
-0.07023667815937216508 0.0634488783827359959 -0.9955104847657275657 -52.40481163074625925 -0.0397497579032195375 0.9970044857363761226 0.06634858110243362084 1.744369607256873289 0.9967381012435514442 0.04423140568758139601 -0.06750420720971035682 19.76624063949160259
-0.06479046752502652662 0.06333150940136193785 -0.9958872384519790177 -53.5271699961721481 -0.04357933724042314938 0.9968524490629450119 0.06622807699297980633 1.795025019681506073 0.996946895984686221 0.04769105489397373193 -0.06182659246514569246 19.67948568038442758
-0.05906908227680880696 0.06262405643101692787 -0.9962876831632800911 -54.64642671686958408 -0.04470096457692294273 0.99686332123892607 0.06531052398347719778 1.84828336221273104 0.9972525979226993798 0.04839285415641546295 -0.05608444712112629904 19.60528550549021176
-0.05330898493654950138 0.06184819906249481442 -0.9966609398444564727 -55.76802933721418043 -0.04463969547053115577 0.9969347968252452175 0.06425286354271740608 1.898743060564833218 0.9975798346687152485 0.04791589678441179889 -0.05038469846984727774 19.53182708745499241
-0.04812665332270887886 0.06167659469039296627 -0.9969352534515537601 -56.89619272101206349 -0.04292434505687858781 0.997042063711656934 0.06375535905441825912 1.950881388299517072 0.9979185351044113084 0.04586112588191765954 -0.04533687137254723692 19.46794351610956753
-0.04260844068114113398 0.06250245187652732348 -0.9971349161514655446 -58.03115950919485044 -0.04177197137539089694 0.9970571601502526971 0.06428253127532093658 1.999557173784301867 0.9982182627507808492 0.04439127059076146409 -0.03987220116183894103 19.42240716579761184
-0.03716213435243172214 0.06389214310590302093 -0.9972646823074581279 -59.17675786673814997 -0.04057480371501057809 0.9970346210051043156 0.06538938643688846364 2.051232832266747241 0.9984852217248775252 0.04289382888964402007 -0.03445952417610884805 19.37722164238618561
-0.03157633453430652021 0.06499243951998720514 -0.9973860810635263308 -60.34021222875243495 -0.04142720437850830328 0.9969410887121065157 0.06627499082949381282 2.113841548568416329 0.9986424779599420987 0.04341163929690401713 -0.02878729092177230789 19.33060024574190905
-0.02597175412009736228 0.06436921209148904754 -0.997588166207571625 -61.48574076872476724 -0.0417495519872197185 0.99698429759594831 0.06541717882866190936 2.166434627338901908 0.9987905285222530294 0.04334785888214116867 -0.02320604580995833804 19.28304014069098926
-0.0207649656272242307 0.06036775605417039198 -0.997960233228651683 -62.62065056719635692 -0.04167506222365222751 0.9972556419751473777 0.06119228510548616745 2.213570014889358006 0.9989154530652262221 0.04286071150655521717 -0.01819214955764418898 19.25832387538231316
-0.01679684008821791599 0.05542059489270905609 -0.9983218422584065888 -63.76536416956481901 -0.04088735803405002533 0.9975894645525107407 0.05606787117783744445 2.250541567574621649 0.9990226059029010397 0.04176050665707740916 -0.01449034933768886778 19.2301152188105462
-0.01309728606206802572 0.0544630381495010904 -0.998429925180690625 -64.92014880824658007 -0.04130581364649291848 0.9976337956235077353 0.05496145553843664183 2.291506627699850362 0.9990607428222278985 0.04196080732911936645 -0.01081665534964493074 19.21063649993283207
-0.01013615377565263084 0.05642675642360485411 -0.998355325760898249 -66.09003560421054146 -0.04046438652657974311 0.9975656948690214687 0.05679295607498569681 2.348613767010131248 0.9991296056087509703 0.04097349891861324506 -0.007828205379714110387 19.19382768497855807
-0.007231782513330963641 0.05647260774256022964 -0.998377995968609766 -67.24868432393121509 -0.04038978630197333913 0.9975728897992579558 0.056719632549818981 2.388006989341705744 0.9991578671452033822 0.04073445894189523658 -0.004933313731294098996 19.18142249557177692
-0.006741450602072500756 0.05601851358187217439 -0.9984070091501590083 -68.43300034177143232 -0.04300549317650346343 0.9974897248720316911 0.05625742909732538155 2.440833325374671237 0.9990521294655191342 0.04331624349789216927 -0.004315423997667800458 19.16397234359428836
-0.005699620526353323634 0.05701183593497081287 -0.9983572716367201672 -69.61171049825863122 -0.04403413668009237975 0.997390774749686071 0.05720803477902341311 2.48477875011877769 0.9990138067711540337 0.0442878656462811493 -0.003174282024703820645 19.16493409545518745
-0.004530031247783699276 0.05669456525182249573 -0.9983813309713881479 -70.78207466870800602 -0.04428795210101718616 0.9974005883869782041 0.05683982383400346117 2.529958277125284205 0.9990085750887996996 0.04447375174587770569 -0.00200736968240295419 19.13631829228785719
-0.003647216624916980142 0.05507886554693864484 -0.9984753844392858513 -71.9540932192488043 -0.04466622545900159058 0.9974765429886881529 0.05518692302803845234 2.568171453314512132 0.9989953468850505391 0.04479940630546073999 -0.001177848025274386102 19.12227725711897364
-0.002636600218304665372 0.05368259440721721842 -0.9985546075966920121 -73.13304850011770952 -0.0434075560505022065 0.9976107574285744128 0.05374646713002602383 2.607635577797222215 0.9990540072499198843 0.0434865240476678197 -0.0003000705160034968129 19.11859140968268633
-0.002924069198172315857 0.0534920110380708233 -0.9985640347668455208 -74.313184161966646 -0.03966290053040712887 0.9977763598271399692 0.05356596032527583678 2.65117931614199609 0.9992088776291446761 0.03976257754713152792 -0.00079591882031602155 19.09906734802659045
-0.002718580595819008669 0.0542201594705921594 -0.9985253429837050998 -75.4952570302275916 -0.03694200813884015305 0.9978420201686412083 0.05428363338749572775 2.69180193366542353 0.9993137517068918507 0.03703510675734697499 -0.0007097123923510082746 19.10369467314055569
-0.002389646138259632086 0.05665835224094801365 -0.9983908040751781066 -76.69144571129652377 -0.03707317542326475646 0.9977023116548685566 0.0567080154900934108 2.735385266865597576 0.999309734892575241 0.03714903048686036408 -0.0002836504453733069021 19.09622742850521249
-0.001935281254418934555 0.05989075014475953723 -0.9982031004138405272 -77.87041181840601212 -0.03926977524259373659 0.9974304672688155682 0.05992052860538730347 2.786212711728350833 0.9992268093032784515 0.039315175457251543 0.000421587827209199211 19.08017791523255013
-0.001620043582197938344 0.06042607810490981807 -0.9981713988514977487 -79.04276106653374256 -0.04151372988714522455 0.9973081738929857609 0.0604411989895866017 2.831139698791223847 0.9991366586593247723 0.04153573619914249782 0.0008928292050847145504 19.07602564462623107
