0.9999999962582232227 8.137513278152659075e-10 -7.656115742981431352e-10 -2.139041617443826482e-10 8.137513278152659075e-10 1.000000061056633971 6.754229727670312846e-11 4.50643937444095144e-09 -7.656115742981431352e-10 6.754229727670312846e-11 1.000000080766252131 2.697696344089450804e-08
0.9999747214803623718 -0.001405779123019176456 0.006969411241103750689 0.003821964234076313631 0.001402244723509539579 0.9999989467251612085 0.0005122243680688804215 -0.003716999711455145575 -0.006970125080648151977 -0.0005024384710491374296 0.9999756629293302668 0.1807772514487049065
0.9998052446125051951 -0.004544971511139057375 0.01920438990012061919 0.03272642079465985787 0.004520551486735915718 0.9999889788375921906 0.001314890532543036561 -0.01087866067253015663 -0.01921015474414996399 -0.001227819898888512238 0.9998147948213104153 0.5684603940693904178
0.9997581534598958264 -0.007177926812635395011 0.02078712269438742766 0.04731819158035780598 0.007180491226619740985 0.9999742798195077054 -4.864988939624651193e-05 -0.01992680551399588287 -0.02078623910158311841 0.0001979000001119683358 0.9997840039865811823 0.8986302240169823374
0.9997810238593676235 -0.008906803972910931969 0.01893583064159515966 0.04598834958103240056 0.008939082103841889185 0.9999587935101530434 -0.001620560198213991067 -0.02057282797715900835 -0.01892061672409848724 0.0017894744121936851 0.9998194684919150532 1.198548257866226097
0.9998629462813541924 -0.01104107574118172799 0.0123359555925502181 0.04963158756189276627 0.01107497033766566448 0.9999351333934000108 -0.002682566069156733669 -0.02798892891124546423 -0.01230553776250222116 0.002818818899837444852 0.9999203916008057025 1.505736661865734405
0.9999153664886142323 -0.01300669059203908226 0.0002799385694647476305 0.04014146306311573709 0.01300787919716041123 0.999904094155070311 -0.004766518026271419906 -0.03298739868244054269 -0.0002179166096351143277 0.004769756188913443912 0.9999886816715899407 1.823657774198980119
0.9997968225848732349 -0.01224728658043094769 -0.01600968685020003057 0.0135793637318545983 0.01216622281784703399 0.9999127815895608729 -0.005151151286454396308 -0.03572639492257386612 0.01607137562941632347 0.00495532744745324702 0.9998586485607150465 2.153019614586005659
0.9993513727246471356 -0.007805283016631374762 -0.03515542712540185855 -0.02005844402750013578 0.007626997394841993246 0.9999574407872925397 -0.005202657654832095087 -0.04449504338736440245 0.03519453547896059936 0.004931152906178593379 0.9993683954267730263 2.504003643951622227
0.9985007858901177036 -0.004077310394536277569 -0.05458524491970606629 -0.06725306289018463668 0.003741769607499249081 0.9999735420631993277 -0.006247915828362970818 -0.05335803213941240492 0.05460927054088279137 0.006034303659457079631 0.9984896473914846027 2.851210411109080134
0.9972153692510750123 -0.003621892860520808076 -0.07448746415085827355 -0.1131220494665027831 0.003123720134906068924 0.999972038428934562 -0.006803444021134537334 -0.05628873227936035534 0.07451001663892815874 0.006551821172963104983 0.9971988227079831013 3.21759595649531871
0.9953915791314195127 -0.00473596777055594869 -0.09577665809063118374 -0.179285586762512994 0.004169121202890995262 0.9999726568600231236 -0.00611768580286380613 -0.06180301127037792636 0.09580300505019728741 0.005690188673602902293 0.9953841301668838737 3.593650903110939598
0.9933354052588687644 -0.006286900232606910943 -0.1150879722125019433 -0.2299574722777342206 0.005695260689332352216 0.9999688882782538091 -0.005468875713593179984 -0.06664094162816038003 0.1151187653580156706 0.004776972120314041705 0.9933403297150369404 3.979377368123804715
0.9911257932699721884 -0.005210345357283592375 -0.1328251046249695477 -0.3005411181281972821 0.004616519676219643133 0.9999779885402194646 -0.004778315642358521402 -0.07564353825183749158 0.1328470680000793935 0.004122722434533556378 0.991128054049570828 4.386856751577609792
0.988904264048354964 -0.00384640451400849754 -0.1485043983158758074 -0.3698442391999614554 0.003286567173413346837 0.9999865998531531908 -0.004015060156484892735 -0.08554999028847215525 0.1485178413014645593 0.00348244069971227841 0.9889036772439337986 4.796782281046505503
0.9867757723339998233 -0.003299469204513841378 -0.1620576552150625738 -0.4451120464687901013 0.002662832933739030065 0.9999879230154071763 -0.004145510950498625807 -0.09264949466786365218 0.1620693646297516055 0.003659157590718533672 0.9867726641346143968 5.211449215673702007
0.9847442173625322592 -0.004680673822598883753 -0.1739451436325018252 -0.5377672306172784911 0.003868154900066385522 0.9999800302650925232 -0.005009847017482085656 -0.09973465622683765075 0.1739651073280274185 0.004260571415794347193 0.9847426809464646658 5.644037356831596242
0.9828859061480611503 -0.007904173797556238515 -0.1840456877507504474 -0.6395723482027129148 0.006722863165916382125 0.9999526687681090653 -0.00704169409809881925 -0.1107490036352438562 0.1840926226755862649 0.005683868220452867673 0.9828925466762676866 6.084338781650815875
0.9813982444037387953 -0.007544088528568566529 -0.1918347427241308689 -0.7293480190114305373 0.005918521610695214388 0.9999416352407344277 -0.009045404089141555193 -0.1193100665493275758 0.1918917724524820123 0.00774176594723037341 0.9813856381971789444 6.543353550874185132
0.979853153456476611 -0.007073875597079904917 -0.1995939731557790642 -0.8448758307243331434 0.005014987327191173724 0.9999289572380753999 -0.01081908034977426512 -0.1220444295506386417 0.1996563125945924888 0.00960014908979010817 0.9798190403566399143 7.014322708041903276
0.9782427095729897548 -0.0072135892780355957 -0.207338278542725879 -0.9564364798400978307 0.004604134837803263575 0.9999041063540826668 -0.01306530365971940617 -0.1422087838762206291 0.2074126297018084875 0.01182642501419052528 0.9781821375902711724 7.474914766769308549
0.9763903053822143852 -0.010886885627745084 -0.2157392964666801083 -1.056996585933471788 0.007827047507675384541 0.9998564335152770877 -0.01503235876584437664 -0.1492268746589369699 0.2158719644405222571 0.01298884800935975158 0.976335363525557387 7.992636029052905933
0.9746192895703004178 -0.0175433905294463087 -0.2231803461276781753 -1.171846453763478513 0.01420920784908813982 0.9997623517217054667 -0.01653664473257610013 -0.1588480881735617745 0.2234174013972686501 0.01294571739221322786 0.9746369735127229372 8.498452053189138766
0.9725395605450201097 -0.01872972640835120911 -0.2319827535120510542 -1.325240205129104787 0.0147135450762882862 0.9997106904480390632 -0.01903074153502224905 -0.1767741119479328549 0.232272063610225038 0.01509486070163827513 0.9725337990410558575 9.031631055952352938
0.9706669411738477748 -0.01489986027437920774 -0.2399660001057086212 -1.477699644216513342 0.009625393594939824285 0.9996860235794597926 -0.02313716034275852332 -0.1902297803345790739 0.2402353807590953405 0.02014870987229605559 0.9705056144210727487 9.557138414293627093
0.9685259977338511739 -0.0113721385747484801 -0.2486524970292756931 -1.629060034022995929 0.005119750178852000219 0.9996546597173586735 -0.02577734651196877599 -0.2172574285232679592 0.2488597542045646871 0.02369299201608540337 0.9682497719070571884 10.09577927501040229
0.9661768195755743305 -0.01327806158722116825 -0.2575384338091325498 -1.792308551106247538 0.006330033514705626745 0.9995938293768126259 -0.02778901006176454427 -0.2362703511264175327 0.257802796251207833 0.02521887089036112597 0.9658684601601009723 10.66816940391569446
0.9637478239497151433 -0.01610582183080359192 -0.2663282433974202279 -1.948859499451455424 0.008504364122723978917 0.9995236166589929194 -0.02967048479458115826 -0.261887163732174022 0.2666792188647597595 0.02632991325873771174 0.9634257029079794643 11.22952088793295111
0.961531862372005719 -0.01597996572563444365 -0.2742282217538106748 -2.126599715905968413 0.007360815993024751556 0.9994469354555366447 -0.0324309070934458224 -0.2804588918004201625 0.2745947824174660434 0.02916480749278581655 0.9611177213168859979 11.79907426521097769
0.9593585867029776892 -0.01538955797732997205 -0.2817698764173481307 -2.294505510664250902 0.005448233061385710126 0.99933587230503651 -0.03603128116059992753 -0.3030348809067843208 0.2821372320615608831 0.03303177151215804658 0.9588053184795565231 12.38083871011855663
0.9569696154662397092 -0.01626476120118145602 -0.2897319669020076427 -2.4967048023954308 0.004635772104106893055 0.9991575275309022564 -0.04077826556280223641 -0.3397279502133980778 0.2901511052986036621 0.03768043026680976265 0.9562388170623054018 12.9831036673103668
0.9550959491942012658 -0.01803796027610994959 -0.2957471219745777535 -2.699228108839247131 0.003948008374429827667 0.9988314076344809722 -0.04817005824162382682 -0.3707117953415883238 0.2962703842285916433 0.0448394159393362482 0.9540510677510637416 13.56906784824837509
0.953660992573622579 -0.01889637679410260951 -0.3002892584783356522 -2.907572728584324473 0.002071870342554416652 0.9984147599011897745 -0.05624763760410361052 -0.4111018068192954233 0.3008760846721619808 0.05301901808806108035 0.9521883840996623327 14.19460516568791952
0.9525776473611239359 -0.02002919821708419243 -0.3036357319437421598 -3.115432184865991605 0.0001958877348480307905 0.9978716292973953683 -0.06520962551636547144 -0.4508337761330354354 0.3042955590769287344 0.06205775377069287085 0.9505541547698955762 14.82538555182174633
0.9513816124510209304 -0.01831865333720901143 -0.3074694381197618509 -3.350420532090130799 -0.004599288585745102582 0.997273781964924444 -0.07364762420323897607 -0.5036438257508999428 0.3079803144881019805 0.07148113680842062279 0.9487037082156041246 15.46318209337732341
0.9500922769356302533 -0.01730421829135410719 -0.311488732539365154 -3.575766654019351787 -0.008352235903906185532 0.9966917357108789899 -0.08084519981511487097 -0.5660939086924009489 0.3118571880452716272 0.07941202804266880855 0.946804613874681178 16.11133216789830414
0.9483524081626526492 -0.0159893877088185983 -0.3168154839399687228 -3.793542396351206936 -0.01237391251194073886 0.9961041856527379501 -0.08731242657482954361 -0.6235866445784614687 0.316977281139513678 0.08672319781121708149 0.9444599741087824629 16.76200961531690581
0.946631563163340739 -0.01485268830471480478 -0.3219752832269057174 -4.034820108875924127 -0.01613873038740545537 0.9955005968725639809 -0.09337143693371764697 -0.6906114881586157273 0.3219133824539945898 0.09358462234115376421 0.9421326047098204093 17.43672001031221797
0.9451191070315497766 -0.01307591699978817752 -0.3264642337312260723 -4.272594886465559405 -0.02032544888422624721 0.9949105126408237521 -0.09869179395297164592 -0.7673973840101562249 0.3260931625731940953 0.09991103304731220602 0.940043183446492292 18.11413536220122467
0.9436208619178481083 -0.008502056056325991637 -0.3309190025324649231 -4.545363875074606597 -0.02670095129223887601 0.9944580015585602339 -0.1016880747486731823 -0.8484221655092003544 0.3299495861451029466 0.1047908417070490539 0.938164325589357917 18.7988433235532959
0.9418122707490247381 -0.007717261569958617194 -0.3360507299164507966 -4.807428253231453397 -0.02863642284707785743 0.9942599030850410857 -0.1030889063320497151 -0.9319317756433057598 0.334917308411677106 0.1067136885697112236 0.9361852042296490151 19.50036788684243305
0.9397167269119757194 -0.007268491639940729068 -0.3418766518342716276 -5.091040250293304759 -0.02958076164590426119 0.9942984969398256379 -0.1024480342457508714 -1.018911204927844594 0.3406720615877142366 0.1063851039813003135 0.9341439435072290687 20.21162464058873454
0.9373693561204587965 -0.006758388574729887535 -0.3482714711969925325 -5.365193966814374882 -0.03032583896562549702 0.9944323916632267224 -0.1009191958404237893 -1.103579445039279738 0.347014460655456658 0.1051601869881297197 0.9319455187317721157 20.93661072072441343
0.934827950988924461 -0.005965182524360595172 -0.355050872860029898 -5.651148890396448188 -0.0312525190510311926 0.9945969816003256136 -0.09899619396219551393 -1.187293631266527427 0.3537230338850167466 0.1036406441356985259 0.9295906531902424774 21.66841531379512986
0.9319198504562873353 -0.004989075194048391004 -0.3626299844128837435 -5.957477016155461769 -0.03191405445038818234 0.9948982113629522006 -0.09570352299638495985 -1.279556652141970119 0.3612573715509820316 0.1007610067114555058 0.9270061924761696659 22.39832390964778952
0.9284950476292334054 -0.002631884856745651986 -0.3713354607412164277 -6.263278705597704388 -0.03329433130504082239 0.9953575702321654228 -0.09030457915278264358 -1.356940350517430005 0.3698492092747149296 0.09621072116945253438 0.9240969694073538632 23.1568935069992321
0.9248303800869406288 -0.0003574914843991985783 -0.3803796071689877212 -6.595366153430566314 -0.03465722343996305299 0.9957610644089087693 -0.08519918765477271783 -1.436583225065912073 0.378797636029384821 0.09197769892165935657 0.9208977156088187233 23.9073792685088975
0.9214180391897988098 0.003628035417028669784 -0.3885558392870367972 -6.913126623600561516 -0.03823746459597496261 0.9959497313074794356 -0.08137660032950780331 -1.506990403334192985 0.3866868216003463976 0.08983925843715283299 0.9178247969550291652 24.67168414390378928
0.9174985479735354721 0.004032393057902011746 -0.3977186954648107009 -7.266074573770175071 -0.03878192986357569677 0.9960908410132043311 -0.0793669983517452382 -1.591021026607396971 0.3958438854170624466 0.08824340507592823291 0.9140683057023171187 25.43118470792884978
0.9138466460040597372 0.004039036710324436612 -0.4060394079319312732 -7.596799987008202137 -0.03939523764353553698 0.9961153035052012772 -0.07875556760946082757 -1.664189243379971428 0.4041439454350169713 0.08796653106587629112 0.9104557693061281487 26.18987962242995238
0.9095959507495888774 0.004559231586284737299 -0.4154689248037062299 -7.948179660045607164 -0.04044495868737787297 0.9961627164494201159 -0.07761552498098696351 -1.739292702344256147 0.4135207590096435792 0.08740239152613323015 0.9062899923591725138 26.95655872461489366
0.9059403929603206951 0.005470482182203534847 -0.4233699168439156724 -8.325266498546364247 -0.0414139558192775023 0.9962668168603777685 -0.07574586404127819916 -1.811161184818942393 0.4213750059637079715 0.08615466165540373866 0.9027849270410173155 27.72304426132586386
0.9022315474679751812 0.005469467371033445713 -0.431217263703782383 -8.720346428431060559 -0.04102343720242375424 0.9964737106415220147 -0.0731938769928633659 -1.889932598586834489 0.4292963078083413264 0.0837278400290918795 0.8992744154059023609 28.5096884573553595
0.8981755204965918837 0.006197063329545578377 -0.4395933805797072602 -9.119251434063603057 -0.04080691356880485066 0.9967592323103646734 -0.06932496396875047207 -1.957087224583037077 0.4377391213256749403 0.08020443546215684505 0.8955176463211055315 29.30075247709598685
0.8947142422414015028 0.008108551499420569436 -0.4465654331891873441 -9.534381890079634658 -0.0410358845806822331 0.9970986821943816913 -0.06411237126187771529 -2.014189199561419841 0.444749918017986634 0.07568746001248211064 0.8924511543942880154 30.10270651832551181
0.8906532100147986908 0.008088815306645213629 -0.4546113077944418102 -9.974611771701638929 -0.03948957374274955634 0.9974398657272144364 -0.05961887142699683756 -2.082150292791300039 0.452965166801133301 0.0710521467330138129 0.8886924629183258206 30.90022971623644921
0.8871048861424533083 0.006733691367356786465 -0.4615187856832280722 -10.39054325710032955 -0.03750875006906084774 0.9976383159385859845 -0.05754134387449526961 -2.146999077681960078 0.460041329080094652 0.06835620084278945519 0.8852624177810872741 31.7091762357432998
0.8840787015283966266 0.005766407199413477354 -0.4673024819805252639 -10.82873575182490811 -0.036253058766072363 0.9977570088065095266 -0.05627423147886243676 -2.214281171009002236 0.4659297967465588775 0.06669199458737898323 0.8823047913786168372 32.51214077980838368
0.8809307388156866203 0.006150680984911996094 -0.4732052563338751128 -11.30079924970760175 -0.0361450487144313673 0.9978693191009117003 -0.05431831613970316414 -2.267387633480628217 0.4718628821910650362 0.06495470215938836667 0.8792760938028947315 33.34071164625920147
0.8778234248200592615 0.005094536143255859635 -0.4789572977768261075 -11.75297145023361089 -0.03482044229234225463 0.9979765012626959919 -0.05320302387988998238 -2.32861714744953785 0.4777170530999748088 0.06338036632934804238 0.8762245647804665083 34.17425949603598667
0.8753247803168354713 0.00361511810063996214 -0.4835219465671709571 -12.24033917976021435 -0.03336448606697800523 0.9980403253321017409 -0.05293809698899706873 -2.388157304810746062 0.4823829926412755986 0.06247049011654997458 0.8737300655678676975 35.01302494093749118
0.8732707289225861702 0.003086264733563120859 -0.4872255352616610691 -12.7220406080148738 -0.03321387392350646367 0.998030971706036385 -0.05320845917951717852 -2.452643897890474545 0.4861019280391510322 0.06264803818693936988 0.8716537613997956679 35.8728442557236491
0.871843670394550796 0.002952745950053927999 -0.489775365990306355 -13.20862924317705556 -0.03352660067625447271 0.9979961436336660663 -0.0536636410633526198 -2.515735555606477991 0.4886354402872876146 0.06320680966608727136 0.8701956368483662052 36.73582551915762195
0.8715042846805677312 0.003375423764104922356 -0.4903762859228776305 -13.70494659148955208 -0.03361076447588506877 0.9980360020183715042 -0.05286376090706799286 -2.575511561166914376 0.489234719136624141 0.06255291674130725177 0.8699061229996553068 37.60225746394583268
0.8712776068222168879 0.003920274996260107031 -0.4907748738741605221 -14.19925024667584346 -0.03337386326402699138 0.9981267851170152472 -0.05127599937569860683 -2.634510706700408544 0.4896544998757662026 0.06105468430764354054 0.8697763717625750512 38.46553654713286363
0.8709678589342967348 0.002589108617363763964 -0.4913331851163277864 -14.72048422636927967 -0.03153939047604416984 0.9982184707697538961 -0.05064852911342795222 -2.699347825086187314 0.4903266949182276124 0.0596095908855334769 0.869497883534981364 39.36371418260043953
0.8706065909232562072 -8.098319614582913243e-05 -0.4919798480726363388 -15.25080008793603525 -0.02889662235845302449 0.9982652174535308065 -0.05129973580463599581 -2.763650666811903633 0.4911304931628033277 0.0588784447280177245 0.8690939580462715419 40.26232898266831484
0.869393457774356837 -0.001781569426012734846 -0.4941172486306815159 -15.78120412403927375 -0.02739938925991707713 0.9982811720861984872 -0.05180827144618174729 -2.831064503256933484 0.4933602147363186363 0.05858028383725337462 0.8678503264701975528 41.18455748156173257
0.8675074051938219677 -0.001165752015767576848 -0.4974229156780165528 -16.32954179989400245 -0.02727607663551791933 0.9983812858619027786 -0.04990937532297205076 -2.899047650013697908 0.4966758805185093051 0.05686449899333925057 0.8660713818624332649 42.13041751821282332
0.8654109286619632302 -0.0007177742249209864743 -0.5010622952777105121 -16.87067933815880849 -0.02606228395155355676 0.998580909566076147 -0.04644401432600568647 -2.959484135162870455 0.5003845470496618431 0.05325198611841220481 0.8641641457228550482 43.05239100585528433
0.8627832555580738916 -0.0005498583034466192516 -0.5055737002344588005 -17.40022743354609247 -0.02417627781882249541 0.9988105934063479241 -0.04234416316616288617 -3.021799550546806934 0.5049956187159346799 0.04875672590460738975 0.8617437821478834969 43.97872760657172364
0.8593594684973034914 -0.0019306643051490123 -0.5113683522912157997 -17.93784791931809863 -0.02165120943924854838 0.9989588541874377947 -0.04015662888075377523 -3.082307851913030472 0.5109134397683662288 0.04558072326090793769 0.858422968899893557 44.87245287786740988
0.8537072291484113506 -0.00646738487195540248 -0.5207131224941978775 -18.49476603806968456 -0.01817184741504641182 0.9989439833929276702 -0.04219981155355874425 -3.142369536863953261 0.5204361301654388816 0.04548860432467947273 0.8526881958029458586 45.77937817073979687
0.8476181039619427038 -0.009349061783219014474 -0.5305244215523777784 -19.08142259213856562 -0.01717567199506498873 0.9988374309509492344 -0.04504336712310826052 -3.209629635889184929 0.5303287298624949075 0.04729168762721079611 0.8464721328214640517 46.69140970687595171
0.841814199211196712 -0.00911551040026809152 -0.539690447660989725 -19.66779940823912654 -0.01793628320291220171 0.9988328653163520698 -0.04484773131851890748 -3.269527608068545366 0.5394693319934317222 0.04743349848519438916 0.8406682100012168313 47.566534095444581
0.8361392453960285742 -0.005554518325560196465 -0.5484891323186720236 -20.25356206817357219 -0.01956934089903985055 0.9990101211850735963 -0.03994922712728989078 -3.325397407942384476 0.5481680585462419542 0.04413668817349107598 0.8352028901952398554 48.44516903414871223
0.8307045626928797333 -0.001519515527673579889 -0.5567114512994624231 -20.86307128869362515 -0.02204221729642835345 0.9991224376820256881 -0.03561765351513847266 -3.374249550849784285 0.5562769886821561371 0.04185890280239273897 0.8299420936438978158 49.34969493758193693
0.8267583110596072871 -0.002113854232381146957 -0.5625533278581718033 -21.46595743308201421 -0.02223440260880765046 0.9990888509053770239 -0.0364310499751005698 -3.431375096566437133 0.5621177322788279973 0.04262771126987913856 0.8259580300575729561 50.21906239639573499
0.8234242040939304674 -0.004484323856090036663 -0.5674085753554467537 -22.0837030746520746 -0.02251085166477984068 0.9989234563404334466 -0.04056244568075199203 -3.480898105726886183 0.5669795945521888259 0.04617295058452838136 0.8224368253267352324 51.07594950524029542
0.8204288842951249494 -0.008390806119599540994 -0.5716870306688649483 -22.70455624424976193 -0.02279498283773405409 0.9986173365017716463 -0.04737009683621287021 -3.556176256049690121 0.5712940170817237817 0.05189539253720742984 0.8191032581521462408 51.93858751217113934
0.8170503949936959165 -0.006710957459111046956 -0.5765272208768290607 -23.30780151865865335 -0.02630684069485015805 0.9984570337976594878 -0.04890423148242611928 -3.625309843984304337 0.5759658167038960164 0.05512383220804930456 0.8156131888879405434 52.79896889870252608
0.8138208176141377148 -0.005839982145984514046 -0.5810865625679187962 -23.9457182529513446 -0.02518868346349437473 0.9986552543241764557 -0.04531374294758009486 -3.690810342197117677 0.5805697437228013458 0.05151407361616949787 0.8125793531839810013 53.66386890791175546
0.8103495896881286464 -0.002919285898442149866 -0.5859394529439654331 -24.58295829660089993 -0.02518342352941900161 0.9988901164792333143 -0.03980518100699858425 -3.746686061862924966 0.5854052941581716629 0.04701207427921950954 0.8093766974011968873 54.52730642594983124
0.8078092582945144429 -0.001581313015517686951 -0.5894418752245073057 -25.21857774514811013 -0.02513764272496252228 0.9989942756149082781 -0.03713028762431785923 -3.801340639019102241 0.5889077366058496077 0.04481137014267517343 0.8069570932685204978 55.3916027955411252
0.8046643204172218011 -0.0009566994596899893984 -0.5937292642364936368 -25.8480291170667833 -0.02629015694357658348 0.998960526942142768 -0.03723996919855352555 -3.858784878439770694 0.5931476887093181105 0.0455749108219850943 0.803802760607889244 56.2390880616248765
0.8013672564616092231 -0.00287544307899833141 -0.5981657592865979867 -26.52013606746163887 -0.02538633230315620604 0.998924055904214292 -0.03881219809868549642 -3.91076683847440254 0.5976337309560882938 0.04628806022846634199 0.8004320519121003175 57.0960472919033819
0.7974024731855809955 -0.005444445321835938989 -0.603423299013400638 -27.18627050161159175 -0.0244233014951576663 0.9988488520926104286 -0.04128674216681582632 -3.979138593560091142 0.6029534149583464231 0.04765974026900785671 0.7963515923440018796 57.96996546436648146
0.7933671509586038839 -0.006143058112091796634 -0.6087124536105950057 -27.84314684870406609 -0.02433672434735302537 0.9988296422019099507 -0.0417994230751533441 -4.03670443451215899 0.608256780214008641 0.04797635718733575527 0.7922891441958579417 58.81330228180603825
0.7887493106363341333 -0.006309017849031599463 -0.6146826388050908863 -28.51354729292193824 -0.02387827305777557446 0.9988782472649880839 -0.04089250885010796421 -4.091439075697441474 0.6142510697675904741 0.04693149885993045528 0.7877138989626902843 59.6620927676048467
0.7843251176343214448 -0.006374375827064955417 -0.6203172599205377669 -29.20959906590584154 -0.02368326256487737411 0.9989106065018323877 -0.04020976692087701448 -4.150021120462219493 0.6198977634839927253 0.04622866751316510869 0.7833197313049884425 60.48531386035681834
0.7785237591868378049 -0.007604300486426339781 -0.6275690858685759599 -29.88521685269873984 -0.0230985593377420334 0.9989020616972531519 -0.04075843177118203958 -4.216122870512248433 0.6271899536447698154 0.04622735009868157025 0.7774933579799827577 61.32721975138188952
0.7731561490424782024 -0.009001807959756863084 -0.6341518460888827535 -30.57302970834044586 -0.02268913235104317097 0.9988666657648864744 -0.04184147902895675453 -4.277284462638939466 0.6338097492055843052 0.0467383527799922413 0.7720756796043253267 62.16115216311767711
0.76770795908938394 -0.01031097989469942529 -0.640716943119996829 -31.27443935805712272 -0.02208658568189644442 0.9988507271606564819 -0.04253856671054959127 -4.334664517435576236 0.6404191586057418339 0.04680844671743158297 0.7665979368208524214 62.99471439112684834
0.7619748415466899294 -0.01127622846796127835 -0.6475084680682170468 -32.00010732206591513 -0.02219837215375275799 0.9988061170481329354 -0.04351660483291786008 -4.399493667672889075 0.6472260812791156281 0.04753219285111510289 0.7608148367002487422 63.81392113868918869
0.755934011452130461 -0.01376138998940745414 -0.6545031886454936165 -32.72652140351561201 -0.02047079010641496277 0.9987932825442448204 -0.04464356147993218948 -4.463818463044425755 0.6543277046122947249 0.04714578475161874949 0.7547401238590774053 64.63522703371151579
0.7500417407986366136 -0.01445424277138858231 -0.6612325552693364417 -33.46465880991809172 -0.02008618780481677066 0.9988022644674721118 -0.0446173020300465531 -4.532243459051039203 0.661085441383433281 0.04674648101413447776 0.7488530760818251641 65.45931009148323199
0.7434864959510640858 -0.01404105026005729277 -0.6686035524123030704 -34.19675919689302646 -0.02001343051733662712 0.9988646605554540869 -0.04323163860908204453 -4.587732252078589035 0.6684514361217364087 0.04552319108618446686 0.742361394231633942 66.28411360957845488
0.7373994092839439851 -0.01423044341607269947 -0.675307069030950613 -34.95019873275870737 -0.01977038456965853064 0.9988950391393286443 -0.04263748071119129179 -4.650072706495187447 0.6751675890907711253 0.04479193439225306883 0.7363032877266610932 67.09629261889701013
0.7308882919365555786 -0.01549198912291097248 -0.6823212847372212009 -35.72270996233532259 -0.01903373359735779577 0.9988908699789418311 -0.04306818949529587354 -4.717772425549681792 0.6822316709013387381 0.04446515786867694803 0.7297827885106564771 67.90566357941379749
0.7245886429896316594 -0.01760361412141800766 -0.6889567799323961239 -36.52285404144875969 -0.01807703574306804631 0.998844385335017626 -0.04453354643425629089 -4.790765547422477511 0.6889445196027709217 0.04472279917235685159 0.7234330935315694822 68.71761533202273142
0.7188038578605336903 -0.01740058457807142078 -0.6949951565891396843 -37.30800923240446565 -0.01898087670755391893 0.998822927718376552 -0.04463863208620884315 -4.848881493047494828 0.6949537918517968427 0.04527803919694449453 0.7176275122424462527 69.51367996515149628
0.7134706371479925258 -0.01644050151779115343 -0.7004922516247935604 -38.10463386260643404 -0.01978885553272536832 0.998853189067887226 -0.04359850882317337778 -4.913182369373052971 0.700405656982488134 0.0449681967043494904 0.7123270992173704741 70.27965938936429779
0.7084724589966808761 -0.01588961414442447567 -0.7055595866801426252 -38.90643935996561709 -0.02070457185018144755 0.9988482755016776515 -0.04328470068483560723 -4.977814922103827477 0.7054347094913976379 0.04527432835898330399 0.7073275228395888847 71.06905224992519265
0.7039184776737114069 -0.01744081821480775521 -0.7100666380989972826 -39.71807826176817713 -0.01997095203820815901 0.9988173139304218351 -0.04433121421600010742 -5.033983745541981136 0.7099999804344516718 0.04538626847362931677 0.7027376698322731485 71.8572628413713943
0.6987935103302700401 -0.01897817544042593521 -0.7150716714244059746 -40.55698390899606665 -0.02070724299742815813 0.9986924320401205923 -0.04674139878455635388 -5.109534141326385281 0.7150236883955802814 0.04746974988373587473 0.6974868209922218121 72.66664444989405069
0.6938479662884700083 -0.02128245236903422016 -0.7198069838314776758 -41.40504976464190889 -0.02064479422270052572 0.9985645258730476703 -0.04942471276050200424 -5.18300113984615507 0.7198255536521083187 0.04915350439471669053 0.6924126098731191448 73.47758867162019669
0.6884527149184931361 -0.02164587889208812593 -0.7249581732428813652 -42.25299972840170426 -0.02130334130771644255 0.9985198223114349902 -0.05004452208274567243 -5.25541624206181357 0.7249683187159183806 0.04989731940013938244 0.6869725691347412511 74.27132430795550988
0.6833928086448115558 -0.02111454820687470521 -0.7297454920978012627 -43.0992571951900274 -0.02130531181306927549 0.9985791745343362003 -0.04884504031062376905 -5.325467552723628373 0.7297399465150529174 0.04892780544614916405 0.6819719906991013048 75.06538651374094684
0.6780681763520622907 -0.0204067195892891351 -0.7347156952985279821 -43.94769987598009209 -0.02170163545330375601 0.9986228773465346542 -0.04776515406863025143 -5.40081042726188798 0.7346785859195373858 0.0483325640011542032 0.6766915499859159633 75.84546033782241636
0.6732847724198567363 -0.02255297425540259484 -0.7390392533723370017 -44.83038628584910867 -0.01931478807453444399 0.9986571735909856029 -0.04807193247878780579 -5.467425506491635723 0.7391309708790884114 0.04664048758250245036 0.6719450776863520325 76.61956055275723543
0.6687354311514065452 -0.02307539739431471379 -0.7431423074468279655 -45.71852888974467533 -0.01907170875407527416 0.9986570437332203953 -0.04817157900422421729 -5.5402439295495709 0.743255831789368715 0.04638703621368256425 0.6673972771060238118 77.41131022829090114
0.664123225112544735 -0.02414412692181528916 -0.7472331921678913025 -46.60731470561579926 -0.01771931598759057466 0.9986893733246435811 -0.04801753378873021422 -5.614657093469750393 0.747413143228862098 0.04513002135794336178 0.6628250056276533408 78.19865480485535159
0.6593873579924068862 -0.02457578053205134588 -0.7514016130771906665 -47.47996097884657019 -0.01743279660502887463 0.9986970840386485415 -0.04796200619303432611 -5.682781427830779108 0.7516012567964950319 0.04472457294679089979 0.6580998225285266123 78.96048839675772513
0.6558442867104309348 -0.02767583206938219534 -0.7543887335447269082 -48.37430187471409937 -0.0141163954567741709 0.9987034282084931158 -0.04891126639968683409 -5.753761774902025117 0.7547642273353197817 0.04272742522178282765 0.6546032698692283436 79.73146270199886487
0.6511513428338473464 -0.03280950158949509643 -0.7582384237347389311 -49.27903152947580878 -0.009640533765318896539 0.9986270244504471538 -0.05149027366499003139 -5.836289619912397697 0.7588867038352563599 0.04083778487283581948 0.649941042093988397 80.48761469879158881
0.646970348463927758 -0.03645973378976899437 -0.7616430255480752809 -50.18132484064226873 -0.006470522481400242838 0.9985577950508137679 -0.05329713341622629302 -5.909152099584790818 0.7624877319901677275 0.03940989420495111251 0.6458013862416014383 81.24891332654985376
0.6398105465457950558 -0.03938653739889341754 -0.7675227738089631657 -51.0957174761118722 -0.002654042308536551029 0.99856677651652892 -0.05345531829674976532 -5.991072838541907863 0.7685281141653651504 0.03623831523140925298 0.6387890364874301286 82.02181761717559993
0.6318200646183225189 -0.04305190062097809245 -0.7739185898789427975 -52.02923898176715056 0.002287029564091128293 0.9985555775971586279 -0.0536810032671766052 -6.080880424112141469 0.7751117454814046015 0.03214676115185061828 0.6310059253275338564 82.79103491330899089
0.6238606989158143046 -0.04413963740262911994 -0.7802881298333482762 -52.99557372072209915 0.004728923053353759239 0.9985988195711207327 -0.05270822521633195673 -6.162555383558503408 0.7815212786783799492 0.02919266858517572533 0.6231953050752923051 83.53775839408288562
0.6143352755873423554 -0.04267506314870830181 -0.7878902550177255826 -53.96599394826463936 0.005247586105382617827 0.9987353148071311804 -0.05000355947450789429 -6.234244052671567893 0.7890276778431863924 0.02658442941845348684 0.6137822903208730585 84.28653599834387933
0.6056778702545217996 -0.04267204256030080606 -0.794564950746178611 -54.93452767581714369 0.005088552781968314412 0.9987483612468645022 -0.04975881529565456124 -6.313350705738124624 0.7956937032581730129 0.02609462847022359089 0.6051369334899188157 85.02756030137879861
0.5960283485775543788 -0.0440662291112396548 -0.8017533428694391118 -55.91839802068130894 0.004980312744385488773 0.9986767188943607154 -0.05118720336420082978 -6.392613328865168754 0.8029479749348439332 0.02651604279214802781 0.5954591130896610407 85.74523327842301512
0.5859994946202006227 -0.04682524860153133156 -0.8089573765324091781 -56.90841549750223294 0.005755321504711542399 0.9985443453727961272 -0.05363011065434252628 -6.467949190486576683 0.8102910068996496129 0.02677140885670043977 0.5854159898305429932 86.44552301171093234
0.5756438018324074868 -0.04781018252422252618 -0.8163016902562961752 -57.91235044981529256 0.005637313297952482698 0.9984975954936047282 -0.0545059140306572848 -6.550978716108166289 0.8176811618330579456 0.02677424410979233754 0.5750484864509365357 87.15123468923387406
0.5658848945336296676 -0.04871604625311102416 -0.8230437920098155891 -58.93580051285029242 0.00797028037618260736 0.9985294994226581178 -0.05362308817723727278 -6.630448386515226389 0.8244457592982185057 0.0237846067163709346 0.565441054274257171 87.86958021376604222
0.5559796664070904004 -0.04830535974585340592 -0.8297910907485905874 -59.95482899464510496 0.008891921100848000636 0.9985984567642220977 -0.05217449623307419959 -6.71150452305683487 0.8311483588883600282 0.02162952300073973932 0.5556299773412105569 88.53461685588669638
0.5454387277020821267 -0.04949780326325574353 -0.8366878834368598472 -61.0121841080451901 0.01006450080987353335 0.9985695555979509086 -0.05251352804279501435 -6.794274454674146035 0.8380903002286473891 0.02022206694217454706 0.545156691389839354 89.19320352495772397
0.5354158011126987082 -0.05059898544111281898 -0.8430715960060110037 -62.07151398351525273 0.009771176550081580453 0.9985081603178039833 -0.05372243535979160517 -6.877482186646175499 0.8445321167022549202 0.02052604026332056908 0.5351114707398735293 89.8412560349138829
0.5247118880413933484 -0.05104545409800482353 -0.849748110039154847 -63.12650805098117957 0.008347729787122582304 0.9984611888048744444 -0.0548241920380648437 -6.960570292818363924 0.8512389811537837137 0.02167343862063982052 0.5243305814644330098 90.50082006334849893
0.5150267682160413196 -0.05135222589363428597 -0.8556345201725442662 -64.21886856646113984 0.006269043521671575914 0.9984028809136511473 -0.05614720520789818342 -7.052042182184511177 0.857151200811155034 0.02355330452412213518 0.5145261505365973376 91.15707983603738285
0.5059635039087829744 -0.05151916352816592048 -0.8610149618157187934 -65.31929030178986295 0.005643978460134481748 0.998391089507600249 -0.05642251390154707363 -7.139860217032022227 0.8625364531116470612 0.02368818386616932184 0.5054402388177119398 91.79170029152446375
0.4973173603054780734 -0.04974405899059967939 -0.8661414598285041011 -66.42742015754525653 0.005308170200652899753 0.9985107033300535395 -0.05429844229572337866 -7.226011758583134714 0.8675524894409528676 0.02240593263349089509 0.4968407687968361408 92.40290364774050147
0.4892475217084573114 -0.04793533372524971109 -0.8708266897917795735 -67.53538760079020165 0.005366959774660883323 0.9986350464850347608 -0.05195538317979217502 -7.309078353390778382 0.8721284964913503801 0.0207453515698003306 0.4888370000527059167 93.0230019433330142
0.4817905548634147661 -0.04821529436953943953 -0.8749589731005151805 -68.63996075895947513 0.005600142793187906642 0.9986342108186417876 -0.05194683388127713936 -7.391776778254355307 0.8762685412653913319 0.02012759965677114737 0.4814025543555957021 93.62915433028067014
0.4742590895849899679 -0.05085011427546787255 -0.8789156048194076698 -69.75142831203973515 0.00657570331380807286 0.9985073721031585414 -0.05422093833479849079 -7.480204095971307865 0.8803607973180216373 0.01993528552530519915 0.4738855836123485044 94.25212537097847587
0.467161555464471967 -0.05411768915767634081 -0.8825142582058189689 -70.88197379922010555 0.008428972402085141077 0.9983523746303960555 -0.05675923425339734346 -7.563060555869515866 0.8841318292400064394 0.019077044765167573 0.4668480156868126119 94.83983963302429743
0.4607058090998993327 -0.05712242700166739878 -0.8857128459084344652 -72.01420069512944622 0.01043015288204936046 0.9982063762393225126 -0.05895222244050064841 -7.655485220239346411 0.8874916494485880492 0.01792151187678020854 0.4604752826552905298 95.40362761532307445
0.4544848539266394538 -0.06055939817898713107 -0.8886934999880011787 -73.1253862064803144 0.01226392890189229729 0.9980171452953762179 -0.06173731396620844164 -7.753474404897509942 0.8906700694172415833 0.01715980115378034146 0.4543263832995218521 95.97068266143863013
0.4509796623895801493 -0.06141651866028924323 -0.8904186743810367233 -74.27943721941625199 0.014093530524238531 0.997995384786237727 -0.06169851322411401551 -7.851521054103531405 0.8924229802830134783 0.01527563282526293517 0.4509412078482175623 96.52903319270262728
0.4469377334117701217 -0.05928878996659522893 -0.8925982088747214105 -75.41637819365475082 0.01637686162658952629 0.9981764092456429927 -0.058101433815297511 -7.950237148259254205 0.894415183455775864 0.01134976669580896845 0.4470936766830589382 97.09093518906192344
0.4423500366949720264 -0.05765749224981822629 -0.894987217572437932 -76.56261944977516976 0.01976220823715028191 0.9983157008952757705 -0.05454666483458752574 -8.041777986634382813 0.8966247598921432971 0.006441796323122985467 0.4427444366709358814 97.65606167730570064
0.4389224536399736198 -0.05652051412769307226 -0.8967455449698999992 -77.72619853559638159 0.02037325778546698191 0.998389111195774448 -0.05295502981000962256 -8.133782803896760782 0.8982939776079659211 0.004973524351126365831 0.4393669156773123974 98.2000780244785858
0.4363767608307119739 -0.05671536057961591021 -0.8979748058361661789 -78.84070243251223076 0.02264518967782905637 0.9983876131947969634 -0.05205277484128783411 -8.220688370896594321 0.8994790594177920484 0.002379812354645306858 0.4369574930401785018 98.75338194824890081
0.4338011485455119942 -0.05572732447332817696 -0.8992836540561968128 -79.97497434128344196 0.02402623823762558772 0.9984460649582530545 -0.05028237668743316957 -8.310649194696944519 0.900688272338680318 0.0002061503162052211017 0.4344659778981536657 99.28095333027415847
0.4308951308826934334 -0.0555737563103440857 -0.9006891836955469577 -81.09790696434610879 0.02693833739908558719 0.9984492888813838452 -0.04871822721193787981 -8.39235280000021433 0.901999874116571787 -0.003270621370326091439 0.4317240117303134395 99.8123004376424916
0.4293070153740776718 -0.0567433652570523625 -0.9013743611815809853 -82.20422777072160159 0.03016579814074192914 0.9983684920007436236 -0.0484819651833835949 -8.480911196586509604 0.9026547357854185494 -0.006377028405680190692 0.4303183165334071303 100.34578987288549
0.4272477903599017357 -0.05665953784642499547 -0.9023575147891779169 -83.30917357434422854 0.03155187136748141552 0.9983609985819399402 -0.04774848756259333915 -8.565247730750296995 0.9035839009517315779 -0.008070631585127437807 0.428335255115859681 100.8695979720095579
