0.9999999962582232227 8.137513278152659075e-10 -7.656115742981431352e-10 -2.139041617443826482e-10 8.137513278152659075e-10 1.000000061056633971 6.754229727670312846e-11 4.50643937444095144e-09 -7.656115742981431352e-10 6.754229727670312846e-11 1.000000080766252131 2.697696344089450804e-08
0.999964847174011684 0.0005881162092291502457 0.008363674199262222803 -0.02917544085909483387 -0.0005853414840074880245 0.9999998339629658783 -0.0003340084444377083199 -0.005008086701087275175 -0.008363870266634234468 0.000329101226686689377 0.9999650488422028305 0.02802498644082968698
0.9993259022477934961 0.004008677071140295464 0.03649197426142268552 -0.05112286203700871362 -0.004001908706574836168 0.9999920199803915555 -0.0002584722924124508488 -0.009160916272005163036 -0.03649271848895822151 0.0001122606099982653184 0.9993339934029367155 0.1389018810823720584
0.9979895681687521725 0.005429342822928252647 0.06314536270025451759 -0.03194396277978901744 -0.005505251489666414255 0.9999843784106405842 0.001028223339949178817 -0.01210948167113434955 -0.06313879136692075733 -0.001373787194815752734 0.9980038912877504664 0.2849072938127584775
0.9952895181058645235 0.004891718055897030688 0.09682375438770642051 0.01526585968861951179 -0.005234760496086442519 0.9999809498669952612 0.003289268810996355714 -0.0116029142852659365 -0.09680581532348218887 -0.003780623896270430152 0.9952961880216389945 0.4468601383381207715
0.9909543933569465723 0.001646073969752130444 0.1341889509775403 0.08509263465305641483 -0.002394039336707446796 0.9999825458919773258 0.005412817878517121352 -0.01068946065188867978 -0.1341776922601934929 -0.005685109281597699842 0.9909410611366757937 0.6318787114070809618
0.9847309183448180736 -0.001521947466137127001 0.1740766984525598804 0.1646500744768220614 0.000486470783527812858 0.999981997032280967 0.005990915878900003426 -0.01161479359339710749 -0.1740826732982453939 -0.005814756895466995611 0.9847139537417904931 0.8318260518404576587
0.9761643495104487256 -0.001824032109483514873 0.217024956678575992 0.2483732556165929861 0.0003057382711449849427 0.9999753083442471935 0.007029320139273868839 -0.007908455877703449849 -0.2170324079276461648 -0.006795418953374187006 0.9761408269646801861 1.045590710283363256
0.964355388188373186 -0.00180877855570504148 0.2646042547505256803 0.3542964276592645012 -0.0009095488048811454975 0.9999481316942303577 0.01015030823882928993 -0.006524371456510181383 -0.2646088751647077131 -0.01002917504436053042 0.9643037461501327012 1.267674293115771844
0.9499016681534460105 -0.005748402654215277983 0.3124960431968411556 0.4687542877863842272 0.0003891319975917217119 0.9998518901016087979 0.01720954847099319049 -0.005065186113193991674 -0.3125486692381573839 -0.01622577677020293346 0.9497632374746799444 1.492837284091694361
0.9331519501235046032 -0.01521944706082850422 0.3591598659475425115 0.5960485582339395405 0.006622254795450305612 0.9996616852823805299 0.02515517554365838057 -0.007939823997609340989 -0.3594211842417774361 -0.02109515319888798784 0.9329370600204335284 1.712796534233366863
0.9121203761907886731 -0.02095648617630417598 0.4093864325168712348 0.7583648034111948322 0.009507264908424507138 0.9995052752879278746 0.029982306945493295 -0.008762910436162046207 -0.4098121991261132746 -0.02345532810244502914 0.911868387951281667 1.941040148111274233
0.8870921765767565415 -0.02280932114803480709 0.4610284318527424485 0.9317059214226186548 0.008094539459832151077 0.9993935386723333814 0.03386968319720015663 -0.003325433688043884922 -0.4615213536190875265 -0.02631371848279982079 0.8867388412238212947 2.177919996313842699
0.8588795238217310501 -0.02528894626841029711 0.5115529754766581227 1.1280340166437266 0.006371696245172787931 0.9992306305632057128 0.03869974917987333701 0.002053156850666188957 -0.5121380481989292743 -0.02997896235867726633 0.8583798817814380921 2.412444538759267232
0.8267861057822514237 -0.03029136172024358628 0.5617002645318738274 1.332677940495263336 0.007357533398036944852 0.9990460289055123067 0.04304673035198550157 0.0114621844233607547 -0.5624683297439498908 -0.03145771052734028933 0.8262202648189272969 2.644862666198693812
0.7913762715802581393 -0.03610576657467036432 0.6102622335391580943 1.568750217036582129 0.009699604988013595108 0.9988703613369260825 0.0465192549047924106 0.0146445039228297394 -0.6112524349991854677 -0.03089493236329931419 0.7908325325683439599 2.876773835462384188
0.7533952942850125067 -0.04035946742708539092 0.6563281741272581904 1.818643832512586656 0.0107051509104590728 0.9987352465870608098 0.04912666430059944161 0.02804590076298800472 -0.6574807678699969848 -0.02998570605519102969 0.7528745068628772685 3.101671102325401996
0.7136965148926632807 -0.04378144929624137177 0.6990854757825212262 2.104476080876075628 0.01185279008422325184 0.9986567114542974632 0.05044210754893542481 0.03744203132518904298 -0.7003547891974227779 -0.02771424349060556264 0.7132567635965636477 3.313983481264800801
0.6721808834648906883 -0.04575885007009077021 0.7389715999479183894 2.405214291427519413 0.01108065325724977984 0.9985983258574866461 0.05175639960663661748 0.05283629648009356694 -0.740304071743337011 -0.02660137490068040581 0.6717457586086166277 3.532749865564277947
0.6294626734530679446 -0.04597065801994977552 0.7756697003427206472 2.729790309093228284 0.006474031701812903682 0.9985240861223617648 0.053924563346906082 0.07349352584125612431 -0.7770037798732440937 -0.0289217901743740978 0.6288312710049175358 3.747707294155440572
0.5877578359507287242 -0.04690271155314013757 0.8076762401715372741 3.083991662192532957 0.003697313814621556657 0.9984634780837779999 0.05529136450834452876 0.08924968354908316415 -0.8090284943748549118 -0.02951170085543689675 0.5870281609671328393 3.964041872115277254
0.5481927568566179465 -0.04841949099123279282 0.8349492829237480374 3.455862589391121009 0.001969224327128652179 0.9983947741563270473 0.05660494041796514109 0.103686562569465679 -0.8363497329571547567 -0.02938621654863662544 0.5474081453559589416 4.161006797851586114
0.5097320857213146761 -0.05052899821235596473 0.8588481096354773081 3.868942619667758098 0.0006593926591139354868 0.9982965054290734441 0.05834187722923710184 0.1277054785503750622 -0.860332971428218074 -0.02917240929493723767 0.5088970902686079656 4.358452137167172502
0.4724773411757979824 -0.05063199217371637528 0.8798872773664011548 4.296902430322176336 -0.002214858480746853021 0.9982771563306677143 0.05863391284476527493 0.1418171771700469652 -0.8813400678925151777 -0.02965202173210728862 0.4715512049439898323 4.556567273462408529
0.4362212857890802598 -0.0500956480543267163 0.8984439192976035882 4.749812616276416044 -0.003068214429742698122 0.9983605754246147601 0.05715653661732005009 0.1646789739008001907 -0.8998342277482647145 -0.02768951719262071481 0.4353524399153000379 4.753793851109637814
0.4016504267015531537 -0.04884415437198540155 0.9144896095954921922 5.233578534305561192 -0.001754183624553495163 0.9985338519468077711 0.05410352605367172579 0.1869125169117610563 -0.9157914181318194125 -0.02333488772411126955 0.4009758755011443854 4.953880845403451971
0.3717552362936057953 -0.04718291939571099547 0.9271309945982759704 5.751454760217963091 0.0002215338059562734483 0.9987120882080252615 0.05073694867777883699 0.2085913265618432044 -0.9283307929207706977 -0.018656336183252447 0.3712869096630455612 5.14898780654569066
0.3459655664377275786 -0.04545365294866663547 0.9371455909377414129 6.295571347578523103 0.001343078243135189653 0.9988488676257445409 0.04795057820952119965 0.2304512717351851481 -0.9382462845049627242 -0.01533058979268889579 0.3456283701946827325 5.34815064607102908
0.3262165857889753329 -0.04481033387504933935 0.9442324081627447852 6.871571508907293513 0.002476536502710355216 0.9989129662191411629 0.04654970302742054977 0.2548650472483044993 -0.9452918461658058602 -0.01284685985874815112 0.3259729594154940346 5.530077387763393304
0.3110068807775856481 -0.04533548718192042387 0.9493258039472159959 7.479272803848201256 0.003473470331252870823 0.9989092639694456821 0.04656543274562972151 0.2812109615278826635 -0.950401349124117556 -0.01118471566764255194 0.3108251331291461694 5.722560415366899633
0.2989879693025138674 -0.04664791262105316694 0.9531160660814040897 8.101385938979401402 0.0041169807872568423 0.9988582841106536936 0.04759517730142505398 0.3078333121793420113 -0.9542480361989471582 -0.01030642556958455761 0.2988386655588325946 5.921347523898934817
0.2890017564826507512 -0.04852292616828759314 0.9560981015845654296 8.762099792255755304 0.003115276204247004882 0.9987570913467141986 0.04974625324361742901 0.3355957286234981796 -0.9573235347544843954 -0.0113982455986032117 0.2887937227920996941 6.118535718127299461
0.2793511313741114388 -0.05027492307935702703 0.9588719661402886896 9.439722913971245077 0.001516463251242095717 0.9986502217075973187 0.05191875574562095086 0.3629439164255555128 -0.9601878548388826928 -0.01304946976316981658 0.2790503159020849 6.318612151122106724
0.268216790229262203 -0.05188498256633358729 0.9619603798965019603 10.13739915254652502 0.0006839494026034567513 0.99855864662315863 0.05366827410719995223 0.3965523732776548016 -0.9633583741231114272 -0.01373680070109224369 0.2678656880413611274 6.505515198015556777
0.2586977186569354714 -0.05369943761529202136 0.9644645828965556777 10.84523575929540407 -0.0004067111426827732328 0.9984474930741898957 0.0557006314255888979 0.4290302637655377671 -0.9659582789639923339 -0.01480188548557799348 0.2582742545581925286 6.689680271196686512
0.2474137321845871207 -0.05537549229819017926 0.9673262486742647548 11.58152699415218834 -0.0008032224342837452789 0.9983534635241447797 0.05735711714893838853 0.4611812790109945381 -0.9689096305530713327 -0.01496791728332468735 0.2469618834078699809 6.884498467293160395
0.2371050201439416083 -0.05702442804470588683 0.9698089996780731026 12.33045015247468612 -0.0007782104260732952347 0.998264362193883259 0.05888785741135320329 0.4857623702456720372 -0.9714837499603928839 -0.0147173228111493349 0.2366491202565316199 7.082035843069714787
0.226073708135151763 -0.05955156088459068187 0.972288209511640189 13.11220716350367255 -0.002252415566116778255 0.9980949833550731842 0.06165592443787126092 0.5284604027221051492 -0.9741076317101926563 -0.01612878128881940765 0.2255089043884169753 7.272999207405952404
0.2143847765693206731 -0.0631077067117980367 0.974708498803885659 13.8870288869247176 -0.004332813935476696569 0.9978393939697085546 0.0655583157544902817 0.5662932453688200862 -0.976739713413181776 -0.01827793617500499124 0.2136481465922807077 7.43845715549546771
0.2022345078761522141 -0.0669822189449624239 0.9770438369467483453 14.68971121935816271 -0.005048733870052312875 0.9975737848722096013 0.06943469039597000014 0.6049774762348099078 -0.9793241485740895591 -0.01897492548954299654 0.2014056727847008121 7.60434462087583718
0.1891022911197406953 -0.06913882823481126705 0.9795204028083374093 15.50363760351524256 -0.006140898812462943814 0.997415482203086956 0.07158748099733275305 0.6477416201816851293 -0.981938229798618667 -0.01955249308967814056 0.1881889827533619608 7.759597545041076572
0.1747335045524043839 -0.06999387352580921373 0.982124805771372511 16.3232850616772005 -0.006451349674584248156 0.9973673464573099556 0.07222796218536446655 0.6836017522807029678 -0.9845946664390080594 -0.01895667624489547759 0.1738219409012799477 7.907019932692100461
0.1599192300967779146 -0.06911014224455556965 0.9847079275526318121 17.10820457883764689 -0.007771565544653544731 0.9974272062955121809 0.07126495013543518442 0.7275318449409462485 -0.9870995480279728396 -0.01904935890337400989 0.1589707006415467527 8.048486381691905223
0.1443633686324467258 -0.0679724381537387401 0.9871874393333173181 17.91371959832009253 -0.008641901068206963091 0.997513323279706654 0.06994719169907649692 0.7688160518643267771 -0.9894870442924771359 -0.01862898915235367339 0.1434169758870705302 8.166339025513359218
0.1234835929505697927 -0.06652362359936707381 0.9901143798644711502 18.72766062137973719 -0.01149527076545645357 0.997587736620405674 0.06845939441343130982 0.806656359040593185 -0.9922800698100180394 -0.01983524563381384304 0.1224210138116259977 8.256130968114025137
0.09815506476155885784 -0.06542146153274100429 0.9930184749489974205 19.55013066347276762 -0.0154432758021649328 0.9976166323768941302 0.06725089003143334965 0.8434744093166844925 -0.9950513377956453631 -0.02193647441938181147 0.09691080576164196048 8.340545204475548147
0.06759607779711254705 -0.06478072204251211774 0.9956075053728926649 20.38484681474416504 -0.01957889451582324816 0.9976116456348034234 0.06624042223140919061 0.8865852858281056958 -0.9975206834399478195 -0.02397048784130485083 0.06616630104211820851 8.398942223523182093
0.03389882460085694854 -0.06439768501604249684 0.9973484268984859069 21.24134036428549877 -0.0231017850129140688 0.9976048623229109014 0.06519945041916896944 0.9253644975705731524 -0.9991582728429212468 -0.02525071446368967396 0.03232993153654219881 8.454893864897064404
0.0002683762500769633352 -0.06398810198900711788 0.9979506639672810486 22.09166883897214007 -0.02435656265239886584 0.9976542469322206008 0.06397564818603672376 0.9556963280094151747 -0.9997033374188636357 -0.02432381820371605149 -0.001290783535689005298 8.461818909607304207
-0.03378907170023442291 -0.06268588099705998951 0.9974612051876552421 22.9428359709130838 -0.02582745874091438645 0.9977525764027945776 0.0618292873224737527 0.9899624043540184992 -0.9990952496517445658 -0.02367273468872951522 -0.03533215117301689162 8.418018599801470714
-0.06677785695731755511 -0.06053402960734410865 0.9959299301433623963 23.78928686229386358 -0.02750847544059385058 0.9978902447449865543 0.05880871805996545215 1.025448494354219919 -0.9973886294401741459 -0.02346939465176093448 -0.06830217248773454153 8.375264267834314325
-0.09764269099893219117 -0.0579414786870397977 0.9935334751504961703 24.64591657601473074 -0.029844514595561384 0.9980253567176947671 0.05527037519629758588 1.047776923132426541 -0.9947739873480188066 -0.02425477692880449038 -0.09917911914429249076 8.280380631700037242
-0.1309444792887318187 -0.05341157202998539355 0.9899499093585762965 25.492939735752703 -0.02733512053005592024 0.9983625974645294887 0.05024974874137386888 1.079384673463112954 -0.9910128202505387174 -0.02048047369138136786 -0.1321900853226952444 8.132152226419993468
-0.1625864074262799996 -0.04743710804716265439 0.9855533754689002057 26.33284527466438973 -0.02244745431030071084 0.9987630135022594891 0.0443697728788149115 1.101106212886155511 -0.9864389724961111217 -0.01490924316128000408 -0.1634501363815446529 7.983419854292449713
-0.1918738944594531592 -0.0409749281453341066 0.9805638878033788863 27.14370962793067221 -0.01577491781005093893 0.9991278091832707098 0.03866387191985795613 1.120612677058371975 -0.9812928381579669734 -0.008049727800244009523 -0.1923529244428192342 7.835718729542116456
-0.2220731401887588441 -0.03545749150486143808 0.9743851188695488164 27.97121562565547848 -0.01039648471388115482 0.9993679153164215512 0.03399713309932225064 1.132159191665038422 -0.9749746181519787225 -0.00258033061238924482 -0.2223014096373386594 7.640795596987967286
-0.2499737530031787558 -0.02973689638844280794 0.9677959040560886184 28.76471476484558565 -0.002081418367272424522 0.999542532677984652 0.03017474435652808817 1.133965796911379442 -0.9682504127968857288 0.005528505228408866004 -0.249921298960390198 7.418591597256549264
-0.2768010636369809263 -0.01952853296753637516 0.9607288267378505386 29.58301224364569393 0.003872506481674343158 0.9997627473116194041 0.02143769838157358679 1.137730338517901396 -0.9609194789381323432 0.009654405640588500231 -0.2766597739558032121 7.132722979982094813
-0.3010726050675899823 -0.004113243641611095784 0.9535923854087738905 30.37013071192716396 0.008161630626583676884 0.9999430172665533245 0.006890002133110340564 1.126126133817472397 -0.9535663286744306966 0.009857259020439700439 -0.3010218854105787822 6.866701479353312543
-0.3262946895223723942 0.01291254564097122325 0.945179935380226488 31.14886932988915191 0.00921405944063143946 0.9999026993964992283 -0.01047926389973023557 1.105077325190448212 -0.9452232245587144366 0.005289615232321158086 -0.3263819254696569971 6.602587616527895165
-0.3509622142965500569 0.02777986920142497262 0.9359774944377067252 31.93956479951629035 0.009277423035496733944 0.9996139968583462876 -0.02618986139414131165 1.07323622566254917 -0.9363436974005669988 -0.0005081933207225598293 -0.3510844756126251798 6.303319932429209516
-0.3749855459858494888 0.0386182366930930554 0.9262259647200329349 32.70757204112119609 0.012709436409609828 0.9992522508208755427 -0.03651755195933639037 1.035388939513564921 -0.9269435663105514145 -0.001921744908908281074 -0.3751959756760723241 5.971495266571178462
-0.3988201405885742346 0.04320609403630108064 0.9160108039656390533 33.47874557387670791 0.01633442081840491902 0.9990657463201697563 -0.04001179046163778896 0.9871703126783033522 -0.9168837140894517956 -0.0009950026933288264649 -0.3991532972893500064 5.622307023144568205
-0.421518684734558946 0.0422789449259877298 0.9058336225656722362 34.21723693791145848 0.01862862038255893096 0.9991055261970474 -0.03796372176967128392 0.9318550835979353408 -0.9066283882189399845 0.0008720118886608790518 -0.4219292556255359594 5.266108271274450914
-0.4416864980881068936 0.03912051845152543506 0.8963161738658169675 34.97210712942018063 0.02290382068329462062 0.9992150047672831992 -0.03232508901638199428 0.900302694782158297 -0.8968770887399664105 0.006251508854952667928 -0.4422357960047806902 4.896367716949447058
-0.4598861538348626987 0.03762931528159366157 0.8871802634566554602 35.69046654005640562 0.02874935696661481271 0.9992089596798310325 -0.0274782002395536594 0.864859583044636171 -0.8875123990515162431 0.0128690175988859859 -0.460604194764474284 4.509360058660813131
-0.4734852383564992495 0.03864415802249668991 0.8799536446718910776 36.40660046478154754 0.03333969680818560377 0.9991075176799850688 -0.02593751797334621634 0.8207954532206207521 -0.8801705806628031814 0.01705635519207084755 -0.4743510567889827612 4.110415003010862378
-0.4848204503688977041 0.04187021229913000936 0.8736109397053160031 37.11363672564730365 0.03587499148137536509 0.9989648879937607084 -0.02796890493397231892 0.7701249127902997094 -0.8738776644041497121 0.01778088729156681452 -0.4858207118030617999 3.712459051427786427
-0.4946562013495631183 0.04458882337903083415 0.8679442011041349492 37.82279337676867215 0.03715144176923548813 0.9988550552471506805 -0.03014085402675020786 0.7290142261173554461 -0.8682943443719965959 0.0173360174460971718 -0.4957463980292287076 3.314575074500281993
-0.5054449090589500093 0.04403137917472978169 0.8617347257635710189 38.51468609813464639 0.03168130738179947281 0.9989708154693986986 -0.03246115710643402569 0.6766545405151818127 -0.8622770977979767881 0.01089355546552250864 -0.5063196965104985736 2.917706917203587658
-0.5168331331700705134 0.04244168999698417349 0.8550334908465038186 39.19274489746615586 0.03004628651114926025 0.9990543409658066976 -0.03142875410460322511 0.6452764113868728613 -0.8555587571008019809 0.009447159126248818803 -0.5176196125661683967 2.50984734329500192
-0.5256350873435203797 0.04399583499771481804 0.8495717602091287235 39.87785284246581341 0.03254648716481153142 0.9989707443449784563 -0.03159588945740633009 0.6006189283986135274 -0.8500873684895567939 0.01104266762237851411 -0.5265259966852142703 2.087793834815538041
-0.5327775592643965163 0.04707539870049069763 0.844944988048543455 40.55675308165075421 0.03557827103528860696 0.9988148554247424649 -0.03321435414313973766 0.5633448625584499547 -0.8455071325905489932 0.01236581861537735562 -0.5338210146441001447 1.645098738690594864
-0.5362032701329784157 0.05034050328366716093 0.8425864585659680328 41.24575247526460942 0.03754275077567445495 0.9986545569453391114 -0.03577345191503405325 0.5195724761622013688 -0.8432536077200998292 0.0124511708731197563 -0.537371772739173359 1.198659442125834751
-0.5355790766748067533 0.05186225614449508498 0.842891103523148999 41.95702375307845244 0.03674467972854042475 0.9985983809828148372 -0.03809493563790572468 0.4721511296944682634 -0.8436853282882521565 0.01056891253454387593 -0.5367340734361750743 0.7523322810325424603
-0.5325826519668932502 0.05267113239430482735 0.8447375475761875752 42.67051825855523361 0.03872841770785742654 0.9985329766764610149 -0.03784344402769481558 0.4389362280669743543 -0.8454915024900947484 0.01256058616625108787 -0.5338412229317091029 0.2990383388018023059
-0.5264854566762630084 0.05136482001862967967 0.8486311173689115028 43.39714060447651178 0.03715042820526486683 0.9986098381473135221 -0.03739463796353371255 0.3884705195780763232 -0.8493720989321892345 0.0118392756986985502 -0.5276617941123389333 -0.156838492590048395
-0.5195338341197721643 0.04990893549447651678 0.8529910598418383172 44.15122688644488846 0.0344910145265294385 0.9987040113326326463 -0.03742712628325537555 0.3476916859937501658 -0.8537534881922459462 0.009975867954647070837 -0.5205819461872249754 -0.6176317126523236389
-0.5124055726969967139 0.0493534746351094733 0.8573242204882635109 44.94822720508595637 0.03297618011492189916 0.9987416933340853564 -0.0377852307463020648 0.2998188405628922082 -0.8581102229458331676 0.008909914441705786212 -0.513388310459104602 -1.066383003310225286
-0.5062095965428941025 0.04796700320020304276 0.8610755291665598277 45.73920518196928242 0.03017264207601998496 0.9988258740347649711 -0.0379026009281751633 0.2543251160322310134 -0.8618825388027684387 0.006794262738739539724 -0.5070625458235673566 -1.511266185143435692
-0.501600860651657432 0.04570945919852990869 0.8638907791414500714 46.57036073718406044 0.02538738741458123477 0.9989508756736280581 -0.0381149667310282797 0.2080800056263386877 -0.8647266112565211715 0.002813429083363793402 -0.5022350745156597407 -1.979468341248324048
-0.500891245321727685 0.0429584075535347637 0.8644435157945420389 47.42236289147940909 0.02128932251240679002 0.9990768815507302669 -0.03731315639250502164 0.1596057738622843614 -0.8652483922184969201 -0.0002864172752575346666 -0.5013434305242456812 -2.438948643279102768
-0.5014448987541302305 0.0404408358281475519 0.8642439520698059763 48.26282080103275263 0.01779800337228581303 0.9991778310476071567 -0.03642821932071697855 0.1114034446160623304 -0.8650065315808805888 -0.002884928687713846952 -0.5017524042283507679 -2.91396880162402816
-0.5019247393916894673 0.03914217564870833138 0.8640251746407741074 49.11734332350727783 0.0169950368701150753 0.9992289617756107134 -0.0353945308437283862 0.05680138649652365784 -0.8647443435817891988 -0.003081251681515545949 -0.5022029707295858625 -3.412184097616323797
-0.5020653178611516054 0.03874319625867078676 0.8639614792771058704 49.96572635561413733 0.01717020529121651359 0.9992457384587640767 -0.03483188717935190026 0.01605695232560511859 -0.8646592714400489488 -0.002653487255161335583 -0.5023518697169486735 -3.909942484959120446
-0.5025573243170439186 0.03792532084274358173 0.8637116776475675106 50.84020789137894525 0.01674561407247831743 0.9992770136820366966 -0.03413438849039919509 -0.0338740271519731434 -0.8643817300123167735 -0.002691105232120691217 -0.5028290768279948253 -4.413124622012462694
-0.5021202035779172013 0.03736995464495453112 0.8639900716890224208 51.71820884470319157 0.01720416550898842475 0.999299906241648328 -0.03322403068248929586 -0.08174258402298843762 -0.8646267245923214828 -0.001818229563954226616 -0.502411603026356679 -4.937517559505635312
-0.503111862673030541 0.03673986927696731852 0.8634400337543012283 52.61139905188882437 0.0165180717787668796 0.9993223038492157206 -0.03289693715811242702 -0.139269165839776693 -0.8640634594111548106 -0.002288475581968123316 -0.50337778930495225 -5.44189668403825344
-0.5029426835469823498 0.03558643667295077057 0.8635868913170601235 53.53362725012647161 0.01510545585837294244 0.9993614029967659018 -0.0323841557516712647 -0.1872985475257757937 -0.8641877904910342245 -0.003242501240587043407 -0.5031590670065183568 -5.960101293568418335
-0.5028869654498645536 0.03477752831181878806 0.863652291014581297 54.43019747602384228 0.01470767610234518033 0.9993899239592038963 -0.03167943010660242975 -0.2423730101646327517 -0.8642270761863382056 -0.003228855020652088639 -0.5030916745831839343 -6.47765423129995277
-0.5025105839623794646 0.03368992556323327503 0.8639144391806719003 55.3333629637429496 0.01276181805373196448 0.9994207249689466277 -0.03155111158045327546 -0.2943193984323071999 -0.8644768961691272624 -0.004829649331921165994 -0.5026494486183881172 -6.998501219984127886
-0.5006346049295848921 0.03261965641996953519 0.8650439334653685641 56.22294146193108588 0.013535550644535441 0.9994626548882934447 -0.02985485705820237895 -0.3508005226129405907 -0.8655529079032732165 -0.003237529305146315609 -0.5008071281298251964 -7.51003499703266364
-0.4988396843241671985 0.03078460911735455413 0.8661474088178015007 57.12866605937151121 0.01467688149406528447 0.9995257885896672301 -0.02707229632668664218 -0.3994256727001908591 -0.8665700282196409088 -0.0007923935758276527729 -0.4990549626188833243 -8.019299090891051307
-0.4956758618874201883 0.02936128137050970921 0.8680111819448724786 58.03072685670080944 0.01449213413160771631 0.9995689226696174989 -0.02553564204441931274 -0.4491409051246144091 -0.8683867073920232826 -7.806759813823963164e-05 -0.4958877065187402566 -8.544287296969617529
-0.4934557851783546445 0.02883634621955990032 0.8692927644230533657 58.90958274735191225 0.01443647922817109172 0.9995841804552002552 -0.02496350103483113356 -0.5016028260794016536 -0.8696510978052616192 0.000231142238128095466 -0.4936669035101708403 -9.042161471202549095
-0.4908672022505164989 0.02923913449216741095 0.8707436592067833159 59.80341458524697629 0.01510991072737488498 0.9995721344824609611 -0.02504716943306307259 -0.5500857174223814372 -0.8711034016359263665 0.0008620242794614895116 -0.4910989893312186494 -9.555385566927332874
-0.490854644265024842 0.02961274445777335382 0.8707381126661373205 60.69130242841811906 0.01466124985496001371 0.9995614982208224086 -0.02572899455050247156 -0.593957381414764507 -0.8711181446548962315 0.0001369118639622431415 -0.4910735749933809458 -10.01675410171629466
-0.4915809657642626895 0.03099822359515546841 0.8702800247335085171 61.57683846622425961 0.01418072677866922399 0.9995187533673689506 -0.02759149851234987336 -0.6493702264683077763 -0.8707164389265169557 -0.001222252936463872871 -0.4917839829538818153 -10.48549773276291219
-0.4944145729499337394 0.0323111907089150413 0.86862550848531217 62.46499328732290479 0.01232495226735370007 0.9994690629482244626 -0.030163055198553574 -0.7008817304281438343 -0.869138873426358205 -0.004207286838210924466 -0.494550315417227937 -10.98551599624566855
-0.4988627978434768684 0.03330933886063349586 0.8660406765749715241 63.32821460037912686 0.01219242759864350503 0.9994320700806146318 -0.03141662207969717069 -0.7567094367825305534 -0.8665952394020339788 -0.005113446458875422693 -0.4989856121412808432 -11.48668089463355635
-0.5044605471491908633 0.03196807376693212854 0.8628427752332630263 64.20091731833744575 0.01304654772406189239 0.9994825562963404186 -0.02940288062312861744 -0.8093734851050859991 -0.8633362026457557237 -0.003575474508433373454 -0.5046166020511828609 -11.97417573946889391
-0.5101509957077898783 0.02965228583355087807 0.8595735914900304309 65.06115025367311944 0.01409789307448872271 0.9995596101653639876 -0.02611431160746053096 -0.8535508219096848981 -0.8599693397622388824 -0.001204066180254736865 -0.5103443771200754098 -12.47533655412984999
-0.5153155048931222781 0.02769575726502746665 0.8565529351244776102 65.92021556074710986 0.01161042423672450224 0.9996116180609659896 -0.02533640108002035291 -0.9020806249139053934 -0.8569219231407536608 -0.003111298054183654713 -0.5154369372388750703 -12.99312716185359484
-0.5201458679471706592 0.02973236950416677238 0.8535597911467571741 66.78203195713477669 0.0128315287117405346 0.9995531782029946077 -0.02699848051169830704 -0.9596508578122521227 -0.8539810778895152721 -0.00309067180861130348 -0.5202949793920625954 -13.52674769255754761
-0.5254622459595975625 0.03217350560260192477 0.8502084144132573407 67.6282984729544836 0.01416517112209215133 0.999477138999733894 -0.02906748493865684083 -1.003824572802361592 -0.850699023736904536 -0.003230518937630902105 -0.5256432577854041055 -14.04665713355420031
-0.5299086989424867111 0.03256163495747788766 0.8474293862326727211 68.47275305505925758 0.01258618598334694874 0.9994545820270247516 -0.03053274514186077315 -1.054140837689603094 -0.8479613265346244155 -0.005513664094272067301 -0.5300295164395022463 -14.56642097580866491
-0.5337135075945674823 0.03301774704886609874 0.8450205759550811768 69.31176127076493287 0.01126656892650646294 0.9994265082630801045 -0.03193495178333508738 -1.115202590877453881 -0.8455903313564206991 -0.007523633277912945318 -0.5337794365511039363 -15.07819007624212482
-0.5367661518702572243 0.0317284290951109979 0.8431343062162673929 70.12121114004536082 0.01245799683932778505 0.9994818490390090515 -0.02968086746906864817 -1.173351715958528052 -0.8436391103360435517 -0.005427921193441184559 -0.5368833112348685432 -15.59528518671237052
-0.539111846976718101 0.02504852262354003919 0.8418616519892795358 70.94464592850826534 0.0132764485709565179 0.9996862597562580222 -0.02124241271121827743 -1.210520053921760208 -0.8421295649208679901 -0.0002751040988840870358 -0.5392752739648378757 -16.121549091912037
-0.5414040788953280448 0.01803388543300220304 0.8405691258081622319 71.77069530597434266 0.01419284957374862023 0.9998235702291700111 -0.01230908445326954828 -1.241749030187211833 -0.8406427528475508559 0.005265881981239943499 -0.5415645240218052159 -16.65344694219923127
-0.5431626410752642409 0.01487797273204104903 0.8394957081738720905 72.61594409474261624 0.01225414656900267359 0.9998770320789686084 -0.009791768841832257722 -1.271303123484810671 -0.8395381067057167135 0.004968779781949033726 -0.5432781790939409383 -17.17428993381979652
-0.5442806192409191945 0.01939810096000007394 0.8386789456425690625 73.4210845476006142 0.01429726640691030871 0.9998019766255763496 -0.01384622094227076598 -1.315560942069648798 -0.8387814059481428774 0.00445458595712542281 -0.5444501915419488469 -17.70355763952078121
-0.5453627292770925061 0.0243746987526163375 0.837845701865976733 74.22727269783956672 0.01416317163948000064 0.9997024200611291933 -0.01986449148291825201 -1.36119765765532108 -0.8380805147816176026 0.001033198525992671006 -0.5455456761064442217 -18.23180608304884132
-0.5456020882711297704 0.03036166174029271414 0.8374942288138579327 75.02885985270887659 0.02139654938352588548 0.999522474717221332 -0.02229646464286590482 -1.393128622222310931 -0.8377712098695547782 0.005754488302204480502 -0.545991197079595203 -18.75718321992590276
-0.5459608536193060191 0.03084063928011751554 0.8372428881610327611 75.83115326290960923 0.0242761073946722028 0.9994850433093221964 -0.02098668463395996289 -1.430564424261948631 -0.8374589351269086102 0.00886708936971068902 -0.5464284109113317633 -19.28385389803562333
-0.5454667415415372922 0.02881528042183011465 0.8376370132865852414 76.64172352612112604 0.02496188893157405206 0.9995240659910122893 -0.01812919534858747558 -1.477702581343564692 -0.837760699195481795 0.01102012834515285131 -0.5459264320010089877 -19.79441082255539186
-0.5447394350645412553 0.02311878323358349668 0.8382866588259975105 77.41908543615636518 0.02170217925183759097 0.9996738354923991876 -0.01346700292943780845 -1.502000821013490972 -0.8383245281622847545 0.01085663913791218294 -0.5450635011553982556 -20.32100620366301413
-0.5440988980732383018 0.01700356459611176985 0.8388488067542172466 78.21828390824927624 0.01838273972621316463 0.9997962793444492569 -0.008342470312841297406 -1.525669086006146813 -0.8388197155993571963 0.01088120975565310365 -0.5443006387558857462 -20.84311510464131345
-0.5430737610219618094 0.01031589082358180809 0.8396216560301020815 79.01886868997787872 0.009601846473839329571 0.9999355083515129028 -0.006075014815952349198 -1.570105001936049849 -0.839630124533862543 0.00476273645047455875 -0.5431378016372128137 -21.35525497114983651
-0.542373630551058028 0.005443887475386242208 0.8401197901667257772 79.83423106550468162 0.002949060741043591383 0.9999852429865954129 -0.004575911614979368859 -1.591045524708717407 -0.8401322511293058959 -4.290161677743720999e-06 -0.5423816938108603214 -21.83905913209763483
-0.5404842224399988293 0.005538092333121026091 0.8413359542156179094 80.61922643877917949 0.004890796605733525176 0.9999821825236271389 -0.00344047428708867814 -1.615641281999570023 -0.8413399651972364168 0.002255280309868966989 -0.5405016907339156296 -22.3426989991570899
-0.5368282344802678407 0.009008423624158984691 0.8436434959888023943 81.41020009079483088 0.01049359706353192138 0.9999370011821240301 -0.004000026327616312827 -1.643648005927748068 -0.8436263290403136494 0.006705527203813958954 -0.5368889582944074146 -22.85141340454220682
-0.531531050298711949 0.01177247571001647716 0.846957026779157518 82.1696854815565132 0.01165112789248543869 0.9999104916543266608 -0.006586503014064347405 -1.669653919584090263 -0.8469587039712043186 0.006367073130808549759 -0.53162064892109262 -23.31265059006726048
-0.5239531964460628632 0.01442958508034424513 0.8516248525622108767 82.97312325546084821 0.01731578414408135175 0.9998303630058301694 -0.006287364568826056717 -1.694004488825823884 -0.8515710567370752271 0.01145226672661246899 -0.5241141864721723387 -23.83049838314410707
-0.5157910081688599213 0.01727516384666569205 0.8565402849873751112 83.73659250699728318 0.02440688098736977507 0.9996872316414944226 -0.005464903280899714201 -1.726585086742785435 -0.8563667402948016427 0.01808672821402082173 -0.5160513300313491758 -24.32383206779600116
-0.5062089025378391227 0.01669712642838704422 0.8622492731113310382 84.53857405752208365 0.02369794248704178152 0.9997043899597337635 -0.005446313670938586309 -1.746934039863753618 -0.8620852679296027166 0.017676560602593646 -0.506454961521949687 -24.7604085655624786
-0.4956210724451936001 0.01523430518777954025 0.8684052771624476419 85.34468457921354911 0.02325224911719799351 0.9997205835674967123 -0.004267296387626862315 -1.774895905685479391 -0.8682275859670252061 0.01807741321068367241 -0.4958368312598790406 -25.20006035790482102
-0.4841363998046511741 0.01220511249649532635 0.8749074462292675269 86.18708562842466847 0.02335632634303487498 0.9997267425224899418 -0.001021969164217801209 -1.78976928077328723 -0.8746807903117672645 0.019939850750513511 -0.4842891838599433507 -25.65499548156817866
-0.4728682447800137689 0.01124373117224962415 0.8810614395967208967 87.01341351348517605 0.02395534579136711709 0.9997130857018945438 9.899234822899500034e-05 -1.81378122651215512 -0.8808074829066990796 0.02115294117629112902 -0.4730019306789962075 -26.09355043094889126
-0.4606565433851740332 0.009943664267641604687 0.8875228066290298257 87.84311668130349915 0.02317602853120072359 0.9997311176592560411 0.0008283728430574607187 -1.833286101892009468 -0.8872758754597379616 0.02095084864420435761 -0.4607631464265369847 -26.51263475467672492
-0.4485466807308833292 0.01128037051278982933 0.8936882504949830164 88.68388944488897607 0.02572735402998892196 0.999669014512154841 0.0002946034313890067628 -1.851870284431822666 -0.8933890741627327214 0.02312437679231514262 -0.4486884428957288451 -26.91432119741467943
-0.4369884807074621014 0.01466583668317886571 0.8993475648708724179 89.52886479880157822 0.02450617307440485296 0.9996900800186242497 -0.004394713618004392197 -1.880915728558757216 -0.8991332356571341 0.02011912722206712911 -0.4372124630300422421 -27.29787957878150095
-0.4245843367804438828 0.02258289915531778297 0.9051067428663048808 90.35200809721612814 0.02638117109913876851 0.9995730533411836261 -0.01256451187412130355 -1.924360644286278621 -0.9050039977473353092 0.01854308025995057493 -0.4249988352094905553 -27.71033343569265384
-0.411751244668911609 0.02788450566255323143 0.9108696010397567822 91.18100997622093473 0.02684664987953720022 0.9994691446510695076 -0.018460996612505505 -1.946084900525676398 -0.9109007805414930381 0.01685245827212311642 -0.4122812795474921632 -28.07706872961455247
-0.4005457603872210615 0.02479452910796446988 0.9159412585777337856 92.02084180960424931 0.02441681395152302952 0.9995677135620518738 -0.01638069958332135853 -1.972275772152101148 -0.9159514047732464359 0.015803146866162604 -0.4009780226949973825 -28.43654701747678359
-0.3889179143970206698 0.0207443623712677723 0.9210388656633223814 92.8746269170345613 0.02132506441689144272 0.999681359075533571 -0.01351088691475809192 -2.000542423388084412 -0.9210256028781805826 0.01438658650988357442 -0.3892363732251765684 -28.77552128896146044
-0.378538692421987677 0.02211548074733044392 0.9253212573381190964 93.74086485496226828 0.02306138161630770858 0.9996295717870189446 -0.01445731668928970821 -2.036523432370014763 -0.9252981656572593083 0.0158665322090611946 -0.378908493437606575 -29.10550619904313052
-0.3716698208442095197 0.02629734621403803305 0.9279924890365695012 94.58652371764679856 0.01714445168670944084 0.9996227434063174044 -0.02146067962693899711 -2.071357065088014426 -0.9282066994231926715 0.00793363473839261632 -0.3719804682594884948 -29.43095339354210793
-0.3662653200040711932 0.03111737883721913886 0.9299900484801761902 95.4407252290072563 0.01204658761088175066 0.9995155588861657225 -0.02869929280943515557 -2.118267884981006155 -0.9304325124605082875 0.0006916501959076243582 -0.3664627528504884046 -29.76604969396519706
-0.363181327830610079 0.03416572291274248829 0.9310918820662870132 96.29498320690328228 0.01031522614890659044 0.9994137025141875963 -0.0326491879937692922 -2.157113495455497798 -0.9316614109079009998 -0.002253152869009533189 -0.363320831211895845 -30.07782544123435287
-0.3595567485141087372 0.03366639092499796454 0.9325157292479538951 97.14901670941601708 0.008120758371168703901 0.9994240446746898154 -0.03295078677556966679 -2.202225572658464081 -0.9330879183977407454 -0.004274943597327888339 -0.3596230649517201949 -30.39821966830995947
-0.3545214948340789651 0.03336849259121515976 0.9344523103273509879 97.96762076464952429 0.008732118552767615186 0.9994376692091297976 -0.03237618894586397761 -2.256322455770938262 -0.9350071260124268591 -0.003318307301706318723 -0.3546135224329094449 -30.70750909032005538
-0.3486526371605408459 0.02944712326740104094 0.9367893427842314269 98.83584970709844697 0.005369704428309719606 0.9995527304957545489 -0.02942154595365498171 -2.297451855787971287 -0.9372366676152251719 -0.005227618464560098571 -0.3486548259950135731 -31.00849054793853554
-0.3435887357453895063 0.02580700685164875885 0.9387655972519890479 99.67295552642157475 0.005770621598222460367 0.9996615604749256034 -0.02536900796625850274 -2.33833183722369764 -0.9391025221692238523 -0.003299245095059588368 -0.3436213822680452834 -31.32116084576263404
-0.3373508198131396352 0.02186587725558896897 0.9411250584580850287 100.5445900441862079 0.001213008953005343055 0.9997395332310464733 -0.02279290298761410538 -2.381488300545895331 -0.9413782554852991868 -0.006547612149530529849 -0.3372894825516716266 -31.62490119319239668
-0.3319646483358007494 0.02084188504859446275 0.9430615866722374951 101.3913180236514222 -0.00466180116293969226 0.9997074826331662223 -0.02373476119917457619 -2.423345980272654909 -0.9432803438533293727 -0.01227546804066106077 -0.331770389969773094 -31.90114877277356698
-0.3256283536412012958 0.02021052505047625167 0.9452818513549365864 102.2284909187149964 -0.01540256192072707829 0.9995255214834901647 -0.02667611426113271345 -2.459196195565758192 -0.9453724155003925267 -0.02324626224263693156 -0.3251625637483093745 -32.16489155008969192
