0.000000000000 0 1.000000000000 -0.000000000000 0.000000000000 -0.000000000000 -0.000000000000 1.000000000000 -0.000000000000 0.000000000000 0.000000000000 -0.000000000000 1.000000000000 -0.000000000000 -0.000000000000 0.000000000000 -0.000000000000 1.000000000000 0.000000000000 0.000000000000 0.000000000000 0.000000000000 0.000000000000 0.000000000000
0.000000000000 100000000 1.000000000000 -0.000000000000 0.000000000000 -0.000000000000 -0.000000000000 1.000000000000 -0.000000000000 0.000000000000 0.000000000000 -0.000000000000 1.000000000000 -0.000000000000 -0.000000000000 0.000000000000 -0.000000000000 1.000000000000 0.000000000000 0.000000000000 0.000000000000 0.000000000000 0.000000000000 0.000000000000
0.000000000000 100000000 1.000000000000 -0.000000000000 0.000000000000 -0.000000000000 -0.000000000000 1.000000000000 -0.000000000000 0.000000000000 0.000000000000 -0.000000000000 1.000000000000 -0.000000000000 -0.000000000000 0.000000000000 -0.000000000000 1.000000000000 -7.990772035481 -0.298385260892 -0.261723255159 0.038965386669 -0.016486557801 -0.010071455373
0.000000000000 200000000 0.999998133799 0.001003930342 -0.001650612770 -0.799070108704 -0.001010354383 0.999991901335 -0.003895696166 -0.029384213686 0.001646688395 0.003897356600 0.999991049474 -0.026888567022 -0.000000000000 -0.000000000000 -0.000000000000 1.000000000000 -7.990772035481 -0.298385260892 -0.261723255159 0.038965386669 -0.016486557801 -0.010071455373
0.000000000000 200000000 0.999995535671 -0.001299337513 -0.002690791598 -0.983017997928 0.001283250286 0.999981345600 -0.005971743484 -0.012492732914 0.002698500714 0.005968263865 0.999978548730 0.010765115999 -0.000000000000 0.000000000000 -0.000000000000 1.000000000000 -9.253051665101 -0.386532536452 -0.946902067118 0.002194054842 0.007101853475 -0.023340749798
0.000000000000 300000000 0.999997470594 0.001039010408 -0.001994809185 -1.908419564835 -0.001051331859 0.999980315862 -0.006185676133 -0.047763673656 0.001988342937 0.006187757694 0.999978878850 -0.082905021388 -0.000000000000 -0.000000000000 -0.000000000000 1.000000000000 -9.253051665101 -0.386532536452 -0.946902067118 0.002194054842 0.007101853475 -0.023340749798
0.000000000000 300000000 0.999997162760 -0.001213464324 -0.002049872436 -1.879750979591 0.001198638693 0.999973229514 -0.007218276891 -0.031602049623 0.002058576681 0.007215799354 0.999971846855 -0.001297873727 -0.000000000000 0.000000000000 -0.000000000000 1.000000000000 -8.532024677593 0.003155257950 -1.061778125359 0.005175480068 0.004835647658 -0.008071716374
0.000000000000 400000000 0.999998682762 -0.000402700984 -0.001572356629 -2.733004166060 0.000390528270 0.999970013227 -0.007734347722 -0.029397003463 0.001575424109 0.007733723484 0.999968853295 -0.106376222327 -0.000000000000 0.000000000000 -0.000000000000 1.000000000000 -8.532024677593 0.003155257950 -1.061778125359 0.005175480068 0.004835647658 -0.008071716374
0.000000000000 400000000 0.999997506711 -0.001030672924 -0.001980980954 -2.692527155370 0.001010880368 0.999949822677 -0.009966456200 -0.043005536935 0.001991153710 0.009964428816 0.999948371400 -0.022437725731 -0.000000000000 0.000000000000 -0.000000000000 1.000000000000 -7.740679690536 0.086700748091 -0.981840106895 -0.010821723778 0.007870105017 0.002082839720
0.000000000000 500000000 0.999998531181 -0.001231530874 -0.001192043266 -3.466642363555 0.001220892238 0.999959785277 -0.008884663778 -0.035053016350 0.001202937066 0.008883195372 0.999959820084 -0.118155863400 -0.000000000000 0.000000000000 -0.000000000000 1.000000000000 -7.740679690536 0.086700748091 -0.981840106895 -0.010821723778 0.007870105017 0.002082839720
0.000000000000 500000000 0.999998127417 -0.001230893210 -0.001493340090 -3.431700465387 0.001215170010 0.999944297845 -0.010484491832 -0.045285555947 0.001506162197 0.010482657536 0.999943921111 -0.031890241408 -0.000000000000 0.000000000000 -0.000000000000 1.000000000000 -7.207305689436 0.133545536005 -0.998323741146 -0.016030652198 0.005167861599 0.002397700151
0.000000000000 600000000 0.999998451348 -0.001465648476 -0.000974256882 -4.152463428327 0.001456938212 0.999959494668 -0.008881798998 -0.032969795987 0.000987235014 0.008880365811 0.999960081438 -0.129700242175 -0.000000000000 0.000000000000 -0.000000000000 1.000000000000 -7.207305689436 0.133545536005 -0.998323741146 -0.016030652198 0.005167861599 0.002397700151
0.000000000000 600000000 0.999997908247 -0.001513004605 -0.001376342629 -4.127579920540 0.001498181110 0.999941543004 -0.010708222430 -0.037802005649 0.001392463762 0.010706138020 0.999941718128 -0.050194909710 -0.000000000000 0.000000000000 -0.000000000000 1.000000000000 -6.917393845365 0.080330409498 -0.942251495457 -0.015981187534 -0.018924333712 0.001640659684
0.000000000000 700000000 0.999993225281 -0.001695808043 -0.003267051709 -4.819121794063 0.001665981900 0.999957110110 -0.009110567765 -0.030664945878 0.003282361360 0.009105063195 0.999953160867 -0.152830935940 -0.000000000000 0.000000000000 -0.000000000000 1.000000000000 -6.917393845365 0.080330409498 -0.942251495457 -0.015981187534 -0.018924333712 0.001640659684
0.000000000000 700000000 0.999991277358 -0.002316953712 -0.003475188322 -4.811336435866 0.002277089781 0.999932066254 -0.011431436482 -0.050469883225 0.003501438349 0.011423423454 0.999928620115 -0.074007661738 -0.000000000000 0.000000000000 -0.000000000000 1.000000000000 -6.651242482401 -0.002171363713 -0.920630027510 -0.015773402681 -0.029475195300 0.002112440192
0.000000000000 800000000 0.999976114303 -0.002559521013 -0.006420255119 -5.476074307038 0.002496175136 0.999948320236 -0.009855250769 -0.051974581067 0.006445148043 0.009838989288 0.999930824786 -0.181151159960 -0.000000000000 0.000000000000 -0.000000000000 1.000000000000 -6.651242482401 -0.002171363713 -0.920630027510 -0.015773402681 -0.029475195300 0.002112440192
0.000000000000 800000000 0.999967086540 -0.003757902855 -0.007190549607 -5.465437253925 0.003671077433 0.999920653927 -0.012050271417 -0.059862288706 0.007235262815 0.012023477737 0.999901538630 -0.111760962623 -0.000000000000 0.000000000000 -0.000000000000 1.000000000000 -6.544987414850 0.048523192410 -0.883638285328 -0.029750321219 -0.036638869622 0.000490496917
0.000000000000 900000000 0.999933703865 -0.003845526973 -0.010853561514 -6.119323974774 0.003747083388 0.999951791890 -0.009075971654 -0.055788737105 0.010887940178 0.009034700752 0.999899908461 -0.221175597200 -0.000000000000 0.000000000000 -0.000000000000 1.000000000000 -6.544987414850 0.048523192410 -0.883638285328 -0.029750321219 -0.036638869622 0.000490496917
0.000000000000 900000000 0.999928966431 -0.004769398289 -0.010923137471 -6.109880793411 0.004650519546 0.999929965473 -0.010882868023 -0.060570590730 0.010974277207 0.010831296709 0.999881117059 -0.149866057581 -0.000000000000 0.000000000000 -0.000000000000 1.000000000000 -6.375921293019 0.004808814733 -0.872502324603 -0.022224614357 -0.033811172662 0.003869251293
0.000000000000 1000000000 0.999884284158 -0.005189137143 -0.014300040175 -6.746758902831 0.005065543883 0.999949622806 -0.008665570733 -0.063030628595 0.014344286614 0.008592130508 0.999860198595 -0.258714038207 -0.000000000000 0.000000000000 -0.000000000000 1.000000000000 -6.375921293019 0.004808814733 -0.872502324603 -0.022224614357 -0.033811172662 0.003869251293
0.000000000000 1000000000 0.999886448443 -0.005890628648 -0.013870498013 -6.739108061707 0.005750077203 0.999931941631 -0.010151291488 -0.077803566070 0.013929351498 0.010070382358 0.999852269371 -0.187885838422 -0.000000000000 0.000000000000 -0.000000000000 1.000000000000 -6.058498636654 0.020129024889 -0.783472635485 -0.021253738579 -0.020064504351 0.004674954794
0.000000000000 1100000000 0.999853695184 -0.006376157741 -0.015872392365 -7.344451768017 0.006249235788 0.999948206085 -0.008033193573 -0.079579879990 0.015922791181 0.007932827956 0.999841754960 -0.280194950992 -0.000000000000 0.000000000000 -0.000000000000 1.000000000000 -6.058498636654 0.020129024889 -0.783472635485 -0.021253738579 -0.020064504351 0.004674954794
0.000000000000 1100000000 0.999859914414 -0.006939981165 -0.015231159178 -7.330883965036 0.006787932102 0.999926840644 -0.010011859835 -0.085210564844 0.015299526995 0.009907069244 0.999833873427 -0.212584455088 -0.000000000000 0.000000000000 -0.000000000000 1.000000000000 -5.785259282063 -0.043152050847 -0.844397696904 -0.012237331447 0.005804697692 0.007586444723
0.000000000000 1200000000 0.999863180006 -0.007693175656 -0.014643644241 -7.909487942885 0.007564833737 0.999932667462 -0.008799649571 -0.095615853388 0.014710355497 0.008687668869 0.999854054275 -0.292490352153 -0.000000000000 0.000000000000 -0.000000000000 1.000000000000 -5.785259282063 -0.043152050847 -0.844397696904 -0.012237331447 0.005804697692 0.007586444723
0.000000000000 1200000000 0.999871581189 -0.008459582765 -0.013610899682 -7.901228432037 0.008307749995 0.999903063862 -0.011173368796 -0.095455948065 0.013704102333 0.011058857973 0.999844937598 -0.221156081034 -0.000000000000 0.000000000000 -0.000000000000 1.000000000000 -5.453051588701 -0.031180240390 -0.750413519690 -0.013263495848 0.019985223871 -0.000367340998
0.000000000000 1300000000 0.999897266155 -0.008402058979 -0.011613033194 -8.447037856035 0.008287864046 0.999917173130 -0.009846734992 -0.098606000799 0.011694804171 0.009749476159 0.999884082917 -0.279732573814 -0.000000000000 0.000000000000 -0.000000000000 1.000000000000 -5.453051588701 -0.031180240390 -0.750413519690 -0.013263495848 0.019985223871 -0.000367340998
0.000000000000 1300000000 0.999900565646 -0.009520788978 -0.010402566862 -8.438940854894 0.009395973840 0.999884064573 -0.011982198806 -0.110167362032 0.010515440822 0.011883265117 0.999874098832 -0.204968086612 -0.000000000000 0.000000000000 -0.000000000000 1.000000000000 -5.145058951108 -0.000805739574 -0.722310856702 -0.033076284404 0.013511716609 -0.001008038851
0.000000000000 1400000000 0.999914783866 -0.009406164303 -0.009052573028 -8.953775492382 0.009327674766 0.999918875468 -0.008673924467 -0.110148881501 0.009133427001 0.008588745851 0.999921403889 -0.265084587077 -0.000000000000 0.000000000000 -0.000000000000 1.000000000000 -5.145058951108 -0.000805739574 -0.722310856702 -0.033076284404 0.013511716609 -0.001008038851
0.000000000000 1400000000 0.999905263126 -0.010655993894 -0.008712896576 -8.949979215253 0.010557887761 0.999881208844 -0.011229390336 -0.116374803628 0.008831521876 0.011136336715 0.999898988011 -0.200331374625 -0.000000000000 0.000000000000 -0.000000000000 1.000000000000 -4.922655069825 -0.051121983909 -0.672363188076 -0.049125402158 0.008883247526 0.008802172740
0.000000000000 1500000000 0.999902991150 -0.011528407642 -0.007816911611 -9.442339994009 0.011479093109 0.999914111956 -0.006324486813 -0.130709556352 0.007889151494 0.006234142225 0.999949447102 -0.258791909198 -0.000000000000 0.000000000000 -0.000000000000 1.000000000000 -4.922655069825 -0.051121983909 -0.672363188076 -0.049125402158 0.008883247526 0.008802172740
0.000000000000 1500000000 0.999900191526 -0.012528573899 -0.006530070563 -9.429559958032 0.012475963049 0.999889879530 -0.008036115921 -0.142112222187 0.006630032541 0.007953844929 0.999946388073 -0.190417755481 -0.000000000000 0.000000000000 -0.000000000000 1.000000000000 -4.592368574353 -0.026343560804 -0.657838179233 -0.056351168066 0.010849583863 0.007530853458
0.000000000000 1600000000 0.999897065130 -0.013276005106 -0.005441216035 -9.888921836908 0.013263074293 0.999909147626 -0.002405692015 -0.153247575871 0.005472659667 0.002333277133 0.999982302750 -0.244889816687 -0.000000000000 0.000000000000 -0.000000000000 1.000000000000 -4.592368574353 -0.026343560804 -0.657838179233 -0.056351168066 0.010849583863 0.007530853458
0.000000000000 1600000000 0.999891173166 -0.014198990159 -0.004003811112 -9.887558191436 0.014185800717 0.999893919012 -0.003303601105 -0.150191545321 0.004050294184 0.003246444318 0.999986527767 -0.175705391831 -0.000000000000 0.000000000000 -0.000000000000 1.000000000000 -4.347459132936 0.057083465682 -0.582322074308 0.003739206538 -0.010377146345 0.010925326122
0.000000000000 1700000000 0.999870334634 -0.015294952525 -0.005037692615 -10.321919209552 0.015276493761 0.999876526510 -0.003682454745 -0.155444418343 0.005093393564 0.003605018978 0.999980530401 -0.244480568970 -0.000000000000 0.000000000000 -0.000000000000 1.000000000000 -4.347459132936 0.057083465682 -0.582322074308 0.003739206538 -0.010377146345 0.010925326122
0.000000000000 1700000000 0.999870539231 -0.015781561494 -0.003138008101 -10.317714886238 0.015762539033 0.999857779085 -0.005996996375 -0.175716522965 0.003232203778 0.005946757024 0.999977094207 -0.176499608836 -0.000000000000 0.000000000000 -0.000000000000 1.000000000000 -4.044483240242 0.011182412711 -0.653598674897 0.023321084571 0.004264965293 0.021956886266
0.000000000000 1800000000 0.999834823151 -0.017973845811 -0.002695789471 -10.721842282183 0.017950819654 0.999804125073 -0.008335440013 -0.197213315383 0.002845081347 0.008285671560 0.999961625843 -0.237807538276 -0.000000000000 0.000000000000 -0.000000000000 1.000000000000 -4.044483240242 0.011182412711 -0.653598674897 0.023321084571 0.004264965293 0.021956886266
0.000000000000 1800000000 0.999826877608 -0.018539500510 -0.001581686744 -10.711498102888 0.018521712188 0.999772225933 -0.010603887497 -0.212991174589 0.001777917254 0.010572756180 0.999942526267 -0.173013532484 -0.000000000000 0.000000000000 -0.000000000000 1.000000000000 -3.796382994394 0.052165956206 -0.640909587273 0.016120730596 -0.012050785453 0.025343670803
0.000000000000 1900000000 0.999773843057 -0.021086903400 -0.002757760627 -11.090313619871 0.021051712529 0.999703688086 -0.012221351256 -0.235060124010 0.003014653923 0.012160531728 0.999921513585 -0.250601987538 -0.000000000000 0.000000000000 -0.000000000000 1.000000000000 -3.796382994394 0.052165956206 -0.640909587273 0.016120730596 -0.012050785453 0.025343670803
0.000000000000 1900000000 0.999757624035 -0.021879243542 -0.002447832751 -11.074153244543 0.021841233714 0.999654769768 -0.014604855031 -0.255905839537 0.002766530865 0.014547851478 0.999890347150 -0.192706021687 -0.000000000000 0.000000000000 -0.000000000000 1.000000000000 -3.447567593669 0.104498622088 -0.597773467004 -0.048467244763 -0.014853827765 0.027515047343
0.000000000000 2000000000 0.999688591577 -0.024647783809 -0.003899567060 -11.417834413860 0.024608718710 0.999649444457 -0.009767249345 -0.277515463134 0.004138941095 0.009668244393 0.999944695579 -0.267895851196 -0.000000000000 0.000000000000 -0.000000000000 1.000000000000 -3.447567593669 0.104498622088 -0.597773467004 -0.048467244763 -0.014853827765 0.027515047343
0.000000000000 2000000000 0.999654750046 -0.026087322308 -0.003135653972 -11.402431782754 0.026049311964 0.999593279803 -0.011606391323 -0.285150406750 0.003437158310 0.011520702588 0.999927727066 -0.203789629439 -0.000000000000 0.000000000000 -0.000000000000 1.000000000000 -3.216387488139 0.162391699025 -0.564422709093 -0.066137976042 -0.009011072804 0.007282146045
0.000000000000 2100000000 0.999632081909 -0.026822648161 -0.004030677906 -11.723652303006 0.026802403250 0.999628269061 -0.004995485319 -0.278894195554 0.004163171724 0.004885615535 0.999979399169 -0.268786573203 -0.000000000000 0.000000000000 -0.000000000000 1.000000000000 -3.216387488139 0.162391699025 -0.564422709093 -0.066137976042 -0.009011072804 0.007282146045
0.000000000000 2100000000 0.999605206790 -0.027957346076 -0.002795953936 -11.712712230021 0.027937714171 0.999586331822 -0.006830033847 -0.310679928549 0.002985746959 0.006749224834 0.999972766269 -0.210693121767 -0.000000000000 0.000000000000 -0.000000000000 1.000000000000 -2.805928169834 0.313430768665 -0.464659515088 -0.067232253879 -0.012471632768 0.018100681188
0.000000000000 2200000000 0.999548598406 -0.029770850452 -0.004036816562 -11.992450684661 0.029770636538 0.999556749971 -0.000113083304 -0.302406116916 0.004038393829 -0.000007146340 0.999991845629 -0.269880732527 -0.000000000000 0.000000000000 -0.000000000000 1.000000000000 -2.805928169834 0.313430768665 -0.464659515088 -0.067232253879 -0.012471632768 0.018100681188
0.000000000000 2200000000 0.999534419592 -0.030368044319 -0.002953969314 -11.976285661974 0.030362018888 0.999536837258 -0.002063679447 -0.335914894432 0.003015271055 0.001973030166 0.999993507625 -0.219292926850 -0.000000000000 0.000000000000 -0.000000000000 1.000000000000 -2.526163061331 0.206417281140 -0.415041946151 -0.040223940774 -0.034701515270 0.019727137724
0.000000000000 2300000000 0.999456297841 -0.032339470513 -0.006423967061 -12.227331967901 0.032352593062 0.999474616734 0.001949417000 -0.340193615290 0.006357548902 -0.002156189090 0.999977465956 -0.301432805994 -0.000000000000 0.000000000000 -0.000000000000 1.000000000000 -2.526163061331 0.206417281140 -0.415041946151 -0.040223940774 -0.034701515270 0.019727137724
0.000000000000 2300000000 0.999442394010 -0.033013493055 -0.005001033008 -12.215354942081 0.033012736528 0.999454903724 -0.000233770540 -0.368934967629 0.005006024546 0.000068542403 0.999987467432 -0.244811619649 -0.000000000000 0.000000000000 -0.000000000000 1.000000000000 -2.413644585821 0.180800715820 -0.467085414108 -0.014087340360 -0.014217574377 0.023570152435
0.000000000000 2400000000 0.999353703677 -0.035368191346 -0.006423860831 -12.455443206952 0.035376353911 0.999373385956 0.001161476447 -0.380319360476 0.006378756229 -0.001387978563 0.999978692265 -0.308530447286 -0.000000000000 0.000000000000 -0.000000000000 1.000000000000 -2.413644585821 0.180800715820 -0.467085414108 -0.014087340360 -0.014217574377 0.023570152435
0.000000000000 2400000000 0.999365711168 -0.035263973087 -0.004962614567 -12.438190641897 0.035259625868 0.999377724208 -0.000960801826 -0.383707988587 0.004993408142 0.000785212467 0.999987224577 -0.254813029534 -0.000000000000 0.000000000000 -0.000000000000 1.000000000000 -2.142698055373 0.137554933353 -0.397976440102 -0.013205729999 -0.000184655375 0.014285446155
0.000000000000 2500000000 0.999314224873 -0.036691594920 -0.004980645493 -12.651904041461 0.036693803025 0.999326493422 0.000352652727 -0.388236249650 0.004964351605 -0.000535169711 0.999987534326 -0.294332659579 -0.000000000000 0.000000000000 -0.000000000000 1.000000000000 -2.142698055373 0.137554933353 -0.397976440102 -0.013205729999 -0.000184655375 0.014285446155
0.000000000000 2500000000 0.999279709594 -0.037784467821 -0.003520793335 -12.622920014048 0.037779487417 0.999285018348 -0.001470522427 -0.418570399467 0.003573838939 0.001336449456 0.999992720763 -0.239729349727 -0.000000000000 0.000000000000 -0.000000000000 1.000000000000 -1.900217680050 0.009486485412 -0.422984911943 -0.003355484790 -0.001189936056 0.010509695615
0.000000000000 2600000000 0.999239020425 -0.038834803923 -0.003638414960 -12.812464200572 0.038830895690 0.999245147506 -0.001138738410 -0.431075426713 0.003679891176 0.000996588941 0.999992732579 -0.283398622440 -0.000000000000 0.000000000000 -0.000000000000 1.000000000000 -1.900217680050 0.009486485412 -0.422984911943 -0.003355484790 -0.001189936056 0.010509695615
0.000000000000 2600000000 0.999193603477 -0.040081733321 -0.002365887792 -12.806693819784 0.040074768327 0.999192413132 -0.002921383881 -0.459170443678 0.002481071261 0.002824215682 0.999992934021 -0.226300000583 -0.000000000000 0.000000000000 -0.000000000000 1.000000000000 -1.731956162944 0.047390577878 -0.492999358174 0.005996969323 -0.008113819297 0.011295395635
0.000000000000 2700000000 0.999145349133 -0.041212855144 -0.003173622174 -12.979157375072 0.041201631709 0.999144636942 -0.003524203985 -0.468840754236 0.003316150083 0.003390433609 0.999988753991 -0.286339282082 -0.000000000000 0.000000000000 -0.000000000000 1.000000000000 -1.731956162944 0.047390577878 -0.492999358174 0.005996969323 -0.008113819297 0.011295395635
0.000000000000 2700000000 0.999109651623 -0.042140350061 -0.002023593255 -12.976702982814 0.042128277262 0.999096075759 -0.005677997722 -0.473484639237 0.002261036891 0.005587691828 0.999981832541 -0.230578220912 -0.000000000000 0.000000000000 -0.000000000000 1.000000000000 -1.662595272817 -0.041114305513 -0.501103544397 0.005462925134 -0.003945499975 0.002583710357
0.000000000000 2800000000 0.999097759311 -0.042400794741 -0.002416597611 -13.142737301044 0.042385067566 0.999081957226 -0.006224852815 -0.480829197628 0.002678317778 0.006116808847 0.999977705383 -0.286101955364 -0.000000000000 0.000000000000 -0.000000000000 1.000000000000 -1.662595272817 -0.041114305513 -0.501103544397 0.005462925134 -0.003945499975 0.002583710357
0.000000000000 2800000000 0.999066749062 -0.043176512388 -0.001191509944 -13.134551338724 0.043165557932 0.999035483166 -0.008052203642 -0.501586411231 0.001538026783 0.007993256723 0.999966870612 -0.228762875608 -0.000000000000 0.000000000000 -0.000000000000 1.000000000000 -1.553083492213 0.037991424282 -0.447377497315 -0.015458291323 0.004708250683 0.009502832902
0.000000000000 2900000000 0.999025875049 -0.044122460282 -0.000713779743 -13.289495306758 0.044116897051 0.999005182249 -0.006507321507 -0.510725238384 0.001000188697 0.006469492816 0.999978572413 -0.266497669975 -0.000000000000 0.000000000000 -0.000000000000 1.000000000000 -1.553083492213 0.037991424282 -0.447377497315 -0.015458291323 0.004708250683 0.009502832902
0.000000000000 2900000000 0.999000877157 -0.044685605286 0.000666422736 -13.299579826451 0.044689650876 0.998965022534 -0.008468698774 -0.513260725124 -0.000287304073 0.008490019703 0.999963917860 -0.216293951935 -0.000000000000 0.000000000000 -0.000000000000 1.000000000000 -1.444874859714 0.056104188099 -0.374367997247 -0.038180828472 0.001336718787 0.014950773328
0.000000000000 3000000000 0.998932888437 -0.046178224996 0.000809898093 -13.443319738061 0.046181502664 0.998922244250 -0.004649597108 -0.528531772632 -0.000594315080 0.004682037780 0.999988862594 -0.249954648877 -0.000000000000 0.000000000000 -0.000000000000 1.000000000000 -1.444874859714 0.056104188099 -0.374367997247 -0.038180828472 0.001336718787 0.014950773328
0.000000000000 3000000000 0.998890349054 -0.047038847637 0.002327526309 -13.440525114496 0.047053625874 0.998869460223 -0.006764445692 -0.551828942633 -0.002006703217 0.006866458070 0.999974412121 -0.191015823048 -0.000000000000 0.000000000000 -0.000000000000 1.000000000000 -1.309485822962 0.003716587449 -0.383114013690 -0.032404069542 -0.001970042173 0.002726432428
0.000000000000 3100000000 0.998877874948 -0.047312216429 0.002131927741 -13.571281213928 0.047319533674 0.998873588999 -0.003523483148 -0.555822018458 -0.001962822517 0.003620411186 0.999991519939 -0.230193368413 -0.000000000000 0.000000000000 -0.000000000000 1.000000000000 -1.309485822962 0.003716587449 -0.383114013690 -0.032404069542 -0.001970042173 0.002726432428
0.000000000000 3100000000 0.998828933502 -0.048249047269 0.003576455913 -13.572280966727 0.048267464995 0.998820618407 -0.005255860377 -0.558537509668 -0.003318647651 0.005422331876 0.999979792243 -0.172392484011 -0.000000000000 0.000000000000 -0.000000000000 1.000000000000 -1.235464551747 0.072623212193 -0.421738581064 -0.019332816120 -0.002877900160 0.001054157735
0.000000000000 3200000000 0.998824767279 -0.048355619566 0.003289122419 -13.695712740960 0.048366528820 0.998824129449 -0.003322246374 -0.553089223806 -0.003124605555 0.003477425396 0.999989072117 -0.217415542945 -0.000000000000 0.000000000000 -0.000000000000 1.000000000000 -1.235464551747 0.072623212193 -0.421738581064 -0.019332816120 -0.002877900160 0.001054157735
0.000000000000 3200000000 0.998755341475 -0.049665146674 0.004597943059 -13.708482318962 0.049689533518 0.998750378466 -0.005350866457 -0.580400572258 -0.004326445803 0.005572676101 0.999975113264 -0.163131983562 -0.000000000000 0.000000000000 -0.000000000000 1.000000000000 -1.334516633996 -0.032750261238 -0.372849060726 -0.008934295107 0.002265140140 0.004024446293
0.000000000000 3300000000 0.998734253440 -0.050065922809 0.004826425102 -13.841739361800 0.050087486686 0.998734895581 -0.004455561232 -0.589380095818 -0.004597247386 0.004691665124 0.999978426565 -0.196774082006 -0.000000000000 0.000000000000 -0.000000000000 1.000000000000 -1.334516633996 -0.032750261238 -0.372849060726 -0.008934295107 0.002265140140 0.004024446293
0.000000000000 3300000000 0.998668653252 -0.051180989946 0.006436402663 -13.838961714164 0.051220435690 0.998668615847 -0.006120677243 -0.602852295928 -0.006114571018 0.006442203847 0.999960554237 -0.135291120995 -0.000000000000 0.000000000000 -0.000000000000 1.000000000000 -1.280754008358 -0.039261713514 -0.435053135666 -0.009830746028 0.006171012749 0.002830327458
0.000000000000 3400000000 0.998650138047 -0.051459962333 0.007055073058 -13.966959441102 0.051496750216 0.998659956632 -0.005135731362 -0.610863342404 -0.006781334412 0.005492112169 0.999961924379 -0.169620320060 -0.000000000000 0.000000000000 -0.000000000000 1.000000000000 -1.280754008358 -0.039261713514 -0.435053135666 -0.009830746028 0.006171012749 0.002830327458
0.000000000000 3400000000 0.998607638069 -0.052044992828 0.008608362907 -13.966854955838 0.052105639581 0.998617202610 -0.006977461934 -0.625374719574 -0.008233317329 0.007416291037 0.999938603672 -0.116217200261 -0.000000000000 0.000000000000 -0.000000000000 1.000000000000 -1.258291413172 0.068728689400 -0.308220266673 -0.025485755259 0.005106626526 0.000260898872
0.000000000000 3500000000 0.998601910018 -0.052067902664 0.009119145844 -14.092732847402 0.052109890789 0.998631536171 -0.004428797438 -0.619192210552 -0.008876068429 0.004897803275 0.999948612146 -0.138288811881 -0.000000000000 0.000000000000 -0.000000000000 1.000000000000 -1.258291413172 0.068728689400 -0.308220266673 -0.025485755259 0.005106626526 0.000260898872
0.000000000000 3500000000 0.998556604773 -0.052554959401 0.011076249667 -14.096024925560 0.052626480140 0.998594598231 -0.006267533150 -0.625663486894 -0.010731293136 0.006841390656 0.999919014081 -0.085444432712 -0.000000000000 0.000000000000 -0.000000000000 1.000000000000 -1.111671092630 0.089106731536 -0.242756262721 -0.028693557952 0.003310637640 0.002603911329
0.000000000000 3600000000 0.998539239024 -0.052813191478 0.011408546611 -14.207060999505 0.052855010034 0.998596424351 -0.003395465749 -0.620708466525 -0.011213208470 0.003993504630 0.999929155429 -0.103246872937 -0.000000000000 0.000000000000 -0.000000000000 1.000000000000 -1.111671092630 0.089106731536 -0.242756262721 -0.028693557952 0.003310637640 0.002603911329
0.000000000000 3600000000 0.998497132377 -0.053217913312 0.013089321519 -14.215578379726 0.053290819271 0.998565047095 -0.005285385624 -0.635380518627 -0.012789261765 0.005974983056 0.999900362217 -0.052492042847 -0.000000000000 0.000000000000 -0.000000000000 1.000000000000 -1.145045670087 0.089768469237 -0.368924627339 -0.031141544527 -0.001941474134 -0.019699922609
0.000000000000 3700000000 0.998602618182 -0.051251487921 0.012887821623 -14.331284486835 0.051283902055 0.998681698104 -0.002197103272 -0.598507309532 -0.012758226771 0.002854970862 0.999914534743 -0.090234369378 -0.000000000000 0.000000000000 -0.000000000000 1.000000000000 -1.145045670087 0.089768469237 -0.368924627339 -0.031141544527 -0.001941474134 -0.019699922609
0.000000000000 3700000000 0.998557294650 -0.051713132800 0.014459640306 -14.331823516796 0.051779681407 0.998649419796 -0.004266255238 -0.609314396090 -0.014219489978 0.005008815857 0.999886352476 -0.033932861823 -0.000000000000 0.000000000000 -0.000000000000 1.000000000000 -1.296903145955 -0.021511950371 -0.306185346707 -0.020280158295 -0.002584821235 -0.029254001596
0.000000000000 3800000000 0.998708111320 -0.048792484903 0.014191610195 -14.463225034460 0.048829598953 0.998804520514 -0.002280365479 -0.569449446770 -0.014063379717 0.002970390135 0.999896693731 -0.067077572368 -0.000000000000 0.000000000000 -0.000000000000 1.000000000000 -1.296903145955 -0.021511950371 -0.306185346707 -0.020280158295 -0.002584821235 -0.029254001596
0.000000000000 3800000000 0.998655182027 -0.049466043841 0.015522175024 -14.481146845425 0.049534930548 0.998764037564 -0.004085085659 -0.585042032019 -0.015300917173 0.004848481825 0.999871178781 -0.016621813470 -0.000000000000 0.000000000000 -0.000000000000 1.000000000000 -1.194319755931 0.002169067994 -0.350800413520 -0.015446083470 -0.004027405097 -0.040782510932
0.000000000000 3900000000 0.998854940900 -0.045394057709 0.015105845358 -14.602828897511 0.045438370159 0.998963752238 -0.002603119548 -0.525575768547 -0.014972025801 0.003286523816 0.999882511701 -0.056700720440 -0.000000000000 0.000000000000 -0.000000000000 1.000000000000 -1.194319755931 0.002169067994 -0.350800413520 -0.015446083470 -0.004027405097 -0.040782510932
0.000000000000 3900000000 0.998820338006 -0.045667629676 0.016504544361 -14.620405993855 0.045745680966 0.998943504204 -0.004382702495 -0.531062764670 -0.016286959744 0.005132544008 0.999854185336 -0.004069921524 -0.000000000000 0.000000000000 -0.000000000000 1.000000000000 -1.114442382119 -0.037736211933 -0.321679193342 -0.012305256137 -0.000259476810 -0.047218389977
0.000000000000 4000000000 0.999025581865 -0.040950391206 0.016460626909 -14.734202847424 0.041008859765 0.999153561453 -0.003230178994 -0.465557043751 -0.016314416907 0.003902062989 0.999859296954 -0.036005449371 -0.000000000000 0.000000000000 -0.000000000000 1.000000000000 -1.114442382119 -0.037736211933 -0.321679193342 -0.012305256137 -0.000259476810 -0.047218389977
0.000000000000 4000000000 0.999007395871 -0.040781499933 0.017919047349 -14.748615893075 0.040878031520 0.999151361215 -0.005054099438 -0.459599319657 -0.017697726795 0.005781578100 0.999826666888 0.012539777876 -0.000000000000 0.000000000000 -0.000000000000 1.000000000000 -0.945752650760 -0.090978240331 -0.269049581232 -0.019916365347 -0.007486014509 -0.065591609598
0.000000000000 4099999000 0.999266912869 -0.034230614046 0.017143567524 -14.845913115227 0.034289926849 0.999406875448 -0.003177770120 -0.371651156699 -0.017024622230 0.003763292214 0.999847988381 -0.024614603599 -0.000000000000 0.000000000000 -0.000000000000 1.000000000000 -0.945752650760 -0.090978240331 -0.269049581232 -0.019916365347 -0.007486014509 -0.065591609598
0.000000000000 4099999000 0.999218679593 -0.034771198795 0.018788136846 -14.861626543123 0.034869939830 0.999379582060 -0.004953610654 -0.371717445610 -0.018604237368 0.005604881498 0.999811216008 0.030995346691 -0.000000000000 0.000000000000 -0.000000000000 1.000000000000 -1.069998356295 -0.079875256538 -0.340422916838 -0.018821463635 -0.007119133663 -0.073834378884
0.000000000000 4200000000 0.999461786326 -0.027394738824 0.018046217318 -14.971000617502 0.027456935540 0.999617840417 -0.003207773605 -0.269553894522 -0.017951444663 0.003701540963 0.999832008004 -0.013062517703 -0.000000000000 0.000000000000 -0.000000000000 1.000000000000 -1.069998356295 -0.079875256538 -0.340422916838 -0.018821463635 -0.007119133663 -0.073834378884
0.000000000000 4200000000 0.999424066054 -0.027812199731 0.019442678270 -14.983986300426 0.027917060246 0.999597013407 -0.005142813876 -0.273109130223 -0.019291810165 0.005682634376 0.999797746410 0.035837117480 -0.000000000000 0.000000000000 -0.000000000000 1.000000000000 -1.207941819048 -0.071917196487 -0.289454782814 -0.019356437082 -0.005256531585 -0.081902274149
0.000000000000 4300000000 0.999629053908 -0.019626866715 0.018882284965 -15.106551910336 0.019693783521 0.999800397667 -0.003364478487 -0.157041863127 -0.018812481846 0.003735094079 0.999816052881 -0.000600536430 -0.000000000000 0.000000000000 -0.000000000000 1.000000000000 -1.207941819048 -0.071917196487 -0.289454782814 -0.019356437082 -0.005256531585 -0.081902274149
0.000000000000 4300000000 0.999580025421 -0.020663059793 0.020317744450 -15.119884132382 0.020779768201 0.999768673192 -0.005549895248 -0.163876315002 -0.020198366593 0.005969762453 0.999778169357 0.053318974834 -0.000000000000 0.000000000000 -0.000000000000 1.000000000000 -1.288617061915 -0.154452389959 -0.340991753331 -0.028517292028 -0.001652001832 -0.091854941298
0.000000000000 4400000000 0.999731789743 -0.011479632667 0.020113841265 -15.249687646431 0.011539932974 0.999929252450 -0.002884448230 -0.039740557756 -0.020079305854 0.003115786971 0.999793535360 0.017001843134 -0.000000000000 0.000000000000 -0.000000000000 1.000000000000 -1.288617061915 -0.154452389959 -0.340991753331 -0.028517292028 -0.001652001832 -0.091854941298
0.000000000000 4400000000 0.999698351034 -0.011688913178 0.021600376125 -15.254452788632 0.011798072715 0.999918231744 -0.004933082742 -0.042705621224 -0.021540947524 0.005186437491 0.999754514091 0.072278886783 -0.000000000000 0.000000000000 -0.000000000000 1.000000000000 -1.338514002362 -0.075141451145 -0.276194250941 -0.035242747529 0.000766716146 -0.118019079644
0.000000000000 4500000000 0.999765862611 0.000112915855 0.021638096195 -15.387781226188 -0.000076911415 0.999998611324 -0.001664762498 0.130808693709 -0.021638254125 0.001662708498 0.999764482945 0.045679354420 -0.000000000000 0.000000000000 -0.000000000000 1.000000000000 -1.338514002362 -0.075141451145 -0.276194250941 -0.035242747529 0.000766716146 -0.118019079644
0.000000000000 4500000000 0.999729570632 -0.000041521977 0.023254760383 -15.399180756835 0.000131739193 0.999992471862 -0.003877997491 0.123470977692 -0.023254424296 0.003880012330 0.999722049999 0.096164113905 -0.000000000000 0.000000000000 -0.000000000000 1.000000000000 -1.368740439238 -0.020862680491 -0.252012584805 -0.040434767510 -0.000242520265 -0.137530865604
0.000000000000 4600000000 0.999636752968 0.013711056763 0.023202780810 -15.532910026315 -0.013711151123 0.999905985731 -0.000155030538 0.334429443336 -0.023202725050 -0.000163162610 0.999730767221 0.069662595385 -0.000000000000 0.000000000000 -0.000000000000 1.000000000000 -1.368740439238 -0.020862680491 -0.252012584805 -0.040434767510 -0.000242520265 -0.137530865604
0.000000000000 4600000000 0.999577634943 0.014179605720 0.025367114588 -15.535814775590 -0.014116050956 0.999896764710 -0.002682727477 0.341472048221 -0.025402535825 0.002323510905 0.999674603294 0.130964448107 -0.000000000000 0.000000000000 -0.000000000000 1.000000000000 -1.467861708412 -0.158241277792 -0.304605949161 -0.026546522607 -0.003481663649 -0.175592921849
0.000000000000 4700000000 0.999183869606 0.031733682464 0.024991360830 -15.674378008644 -0.031731825002 0.999496307871 -0.000470993281 0.599967555024 -0.024993719229 -0.000322412600 0.999687556214 0.093821470487 -0.000000000000 0.000000000000 -0.000000000000 1.000000000000 -1.467861708412 -0.158241277792 -0.304605949161 -0.026546522607 -0.003481663649 -0.175592921849
0.000000000000 4700000000 0.999148721333 0.031261870757 0.026917059550 -15.694049808154 -0.031176838335 0.999507497746 -0.003573052131 0.588831446754 -0.027015503131 0.002730821654 0.999631284626 0.152347699767 -0.000000000000 0.000000000000 -0.000000000000 1.000000000000 -1.638590011602 -0.195925259292 -0.278414791576 -0.027424026764 -0.010336997638 -0.211747734946
0.000000000000 4800000000 0.998291184427 0.052416252203 0.025831136252 -15.842248010466 -0.052397829820 0.998625322801 -0.001389996322 0.903492442858 -0.025868485176 0.000034125593 0.999665354161 0.106160522434 -0.000000000000 0.000000000000 -0.000000000000 1.000000000000 -1.638590011602 -0.195925259292 -0.278414791576 -0.027424026764 -0.010336997638 -0.211747734946
0.000000000000 4800000000 0.998274648263 0.052063656114 0.027149628851 -15.856621593044 -0.051961602864 0.998639162289 -0.004451445950 0.897435043951 -0.027344441163 0.003033027408 0.999621469498 0.162147532104 -0.000000000000 0.000000000000 -0.000000000000 1.000000000000 -1.761111020299 -0.217888930958 -0.309750314075 -0.020878419865 -0.017569656576 -0.230297142799
0.000000000000 4900000000 0.996859125728 0.075042659116 0.025307760979 -16.008325267215 -0.074991438166 0.997179759788 -0.002968310959 1.242856754404 -0.025459136961 0.001061122475 0.999675300467 0.100944801658 -0.000000000000 0.000000000000 -0.000000000000 1.000000000000 -1.761111020299 -0.217888930958 -0.309750314075 -0.020878419865 -0.017569656576 -0.230297142799
0.000000000000 4900000000 0.996916793264 0.073941242806 0.026260234586 -16.026323000734 -0.073811596615 0.997254905668 -0.005873782866 1.236270147405 -0.026622462570 0.003917362937 0.999637883813 0.144537044120 -0.000000000000 0.000000000000 -0.000000000000 1.000000000000 -1.941895060482 -0.129300119503 -0.218042132954 -0.026120572353 -0.023171000196 -0.268065300893
0.000000000000 5000000000 0.994638084033 0.100638246015 0.023812291593 -16.182026519562 -0.100572792547 0.994921926696 -0.003933596184 1.655358313121 -0.024087241251 0.001517635909 0.999708708370 0.081639973016 -0.000000000000 0.000000000000 -0.000000000000 1.000000000000 -1.941895060482 -0.129300119503 -0.218042132954 -0.026120572353 -0.023171000196 -0.268065300893
0.000000000000 5000000000 0.994728069728 0.099502861258 0.024804191099 -16.211389604091 -0.099363421636 0.995028007566 -0.006795189503 1.638012507821 -0.025357005647 0.004294736440 0.999669234049 0.122859493960 -0.000000000000 0.000000000000 -0.000000000000 1.000000000000 -2.212836478985 -0.175565273257 -0.230257093756 -0.017517661956 -0.020149228890 -0.293077044325
0.000000000000 5100000000 0.991437440177 0.128610920202 0.022606048287 -16.378122982711 -0.128512993280 0.991691221513 -0.005738617662 2.098214708487 -0.023156268538 0.002784309474 0.999727980427 0.063727022399 -0.000000000000 0.000000000000 -0.000000000000 1.000000000000 -2.212836478985 -0.175565273257 -0.230257093756 -0.017517661956 -0.020149228890 -0.293077044325
0.000000000000 5100000000 0.991503070999 0.127951698218 0.023452571751 -16.393977252211 -0.127777572219 0.991763943576 -0.008784774381 2.086963910618 -0.024383441847 0.005713418096 0.999686353121 0.105490166853 -0.000000000000 0.000000000000 -0.000000000000 1.000000000000 -2.394649718264 -0.233009760754 -0.251128567736 -0.030246761260 -0.030002249493 -0.326510173883
0.000000000000 5200000000 0.986870186582 0.160246818281 0.020203763677 -16.557103335805 -0.160147051504 0.987071941035 -0.006473416024 2.601848623578 -0.020979912551 0.003152848098 0.999774926080 0.023852929159 -0.000000000000 0.000000000000 -0.000000000000 1.000000000000 -2.394649718264 -0.233009760754 -0.251128567736 -0.030246761260 -0.030002249493 -0.326510173883
0.000000000000 5200000000 0.987030716091 0.159161560012 0.020927572896 -16.568087314339 -0.158998144104 0.987235415276 -0.009264178107 2.586267664612 -0.022134942158 0.005816583100 0.999738071545 0.060581858563 -0.000000000000 0.000000000000 -0.000000000000 1.000000000000 -2.512241662720 -0.223611816908 -0.134305210760 -0.031929612258 -0.038600902536 -0.361663746015
0.000000000000 5300000000 0.980711971096 0.194737058591 0.016778192996 -16.715376215323 -0.194648874984 0.980849736849 -0.006753457685 3.165897192210 -0.017772034670 0.003357340407 0.999836428147 -0.026275976447 -0.000000000000 0.000000000000 -0.000000000000 1.000000000000 -2.512241662720 -0.223611816908 -0.134305210760 -0.031929612258 -0.038600902536 -0.361663746015
0.000000000000 5300000000 0.980831204738 0.194091077817 0.017285870655 -16.735546184010 -0.193928503904 0.980957885750 -0.010647147912 3.158971324294 -0.019023227545 0.007090831879 0.999793897219 0.001343358237 -0.000000000000 0.000000000000 -0.000000000000 1.000000000000 -2.660330529874 -0.324412885915 -0.162460876281 -0.046509937726 -0.043310698033 -0.400315929525
0.000000000000 5400000000 0.972353712691 0.233172151970 0.012609716932 -16.862107190437 -0.233104749203 0.972429270362 -0.006594698055 3.798863796268 -0.013799757773 0.003472994235 0.999898747372 -0.103847680254 -0.000000000000 0.000000000000 -0.000000000000 1.000000000000 -2.660330529874 -0.324412885915 -0.162460876281 -0.046509937726 -0.043310698033 -0.400315929525
