0.000000000000 0 1.000000000000 -0.000000000000 0.000000000000 -0.000000000000 -0.000000000000 1.000000000000 -0.000000000000 0.000000000000 0.000000000000 -0.000000000000 1.000000000000 -0.000000000000 -0.000000000000 0.000000000000 -0.000000000000 1.000000000000 0.000000000000 0.000000000000 0.000000000000 0.000000000000 0.000000000000 0.000000000000
0.000000000000 100000000 1.000000000000 -0.000000000000 0.000000000000 -0.000000000000 -0.000000000000 1.000000000000 -0.000000000000 0.000000000000 0.000000000000 -0.000000000000 1.000000000000 -0.000000000000 -0.000000000000 0.000000000000 -0.000000000000 1.000000000000 0.000000000000 0.000000000000 0.000000000000 0.000000000000 0.000000000000 0.000000000000
0.000000000000 100000000 1.000000000000 -0.000000000000 0.000000000000 -0.000000000000 -0.000000000000 1.000000000000 -0.000000000000 0.000000000000 0.000000000000 -0.000000000000 1.000000000000 -0.000000000000 -0.000000000000 0.000000000000 -0.000000000000 1.000000000000 -1.039904737938 -0.012013063054 -0.013431503482 0.008683121563 -0.001992805812 -0.067456893496
0.000000000000 200000000 0.999977228069 0.006745550779 -0.000202207714 -0.103993601065 -0.006745723816 0.999976870944 -0.000867633316 -0.000849968848 0.000196350373 0.000868977596 0.999999603162 -0.001353932075 -0.000000000000 -0.000000000000 -0.000000000000 1.000000000000 -1.039904737938 -0.012013063054 -0.013431503482 0.008683121563 -0.001992805812 -0.067456893496
0.000000000000 200000000 0.999943549869 0.010624440912 -0.000135390990 -0.124133010612 -0.010624653555 0.999942144138 -0.001680807129 -0.021000022298 0.000117525521 0.001682150729 0.999998578277 -0.005689802409 -0.000000000000 -0.000000000000 -0.000000000000 1.000000000000 -1.256011018522 -0.035405328168 0.028448152436 -0.015010128649 0.000219381521 -0.045063435735
0.000000000000 300000000 0.999885521646 0.015130425073 -0.000117643787 -0.249835146597 -0.015130446017 0.999885512188 -0.000179222394 -0.023704323121 0.000114918607 0.000180981880 0.999999977020 -0.002807262807 -0.000000000000 -0.000000000000 -0.000000000000 1.000000000000 -1.256011018522 -0.035405328168 0.028448152436 -0.015010128649 0.000219381521 -0.045063435735
0.000000000000 300000000 0.999810722576 0.019452109321 0.000366693753 -0.253717138649 -0.019451201900 0.999808082929 -0.002334106930 -0.022802639688 -0.000412026681 0.002326532502 0.999997208736 -0.009645307552 -0.000000000000 0.000000000000 -0.000000000000 1.000000000000 -0.875361914388 0.168925205070 0.056985319447 -0.025585246957 0.001202696888 -0.040091382614
0.000000000000 400000000 0.999724649349 0.023460444486 0.000482731055 -0.341309465394 -0.023460554120 0.999724738515 0.000222716106 -0.004734612075 -0.000477373159 -0.000233979919 0.999999858684 -0.003875687652 -0.000000000000 0.000000000000 -0.000000000000 1.000000000000 -0.875361914388 0.168925205070 0.056985319447 -0.025585246957 0.001202696888 -0.040091382614
0.000000000000 400000000 0.999662940720 0.025958051715 0.000429537010 -0.348481531124 -0.025957079096 0.999660782340 -0.002133142384 -0.017621668565 -0.000484763524 0.002121273862 0.999997632598 0.004923221554 -0.000000000000 0.000000000000 -0.000000000000 1.000000000000 -1.007109013599 -0.028459984660 -0.240739535640 -0.023809012109 0.030924230174 -0.084781494831
0.000000000000 500000000 0.999400760482 0.034435046270 0.003513906055 -0.449360297955 -0.034436069356 0.999406875974 0.000231049240 -0.017101083422 -0.003503865682 -0.000351915899 0.999993799521 -0.017875622180 -0.000000000000 0.000000000000 -0.000000000000 1.000000000000 -1.007109013599 -0.028459984660 -0.240739535640 -0.023809012109 0.030924230174 -0.084781494831
0.000000000000 500000000 0.999346688864 0.035955073362 0.003664444898 -0.449166093689 -0.035943210751 0.999348538765 -0.003253255019 -0.030167200153 -0.003779028677 0.003119417716 0.999987994016 -0.006204626751 -0.000000000000 0.000000000000 -0.000000000000 1.000000000000 -1.033420660197 -0.004425150447 0.055469190900 -0.034051535203 0.000625542892 -0.106649657494
0.000000000000 600000000 0.998906227625 0.046610969150 0.003710251458 -0.552805031186 -0.046611706915 0.998913077352 0.000112576044 -0.025278140820 -0.003700971423 -0.000285394065 0.999993110657 -0.000531649515 -0.000000000000 0.000000000000 -0.000000000000 1.000000000000 -1.033420660197 -0.004425150447 0.055469190900 -0.034051535203 0.000625542892 -0.106649657494
0.000000000000 600000000 0.998797008159 0.048832516388 0.004463388482 -0.563370534876 -0.048819605476 0.998803234233 -0.002957263322 -0.029709682426 -0.004602457461 0.002735804893 0.999985666276 -0.002439046710 -0.000000000000 0.000000000000 -0.000000000000 1.000000000000 -1.267361553415 -0.035947370668 -0.023579505190 -0.029899218569 0.002625508554 -0.126492420226
0.000000000000 700000000 0.998098279613 0.061462734011 0.004707075611 -0.690457747880 -0.061463295861 0.998109344020 -0.000025337871 -0.025384826609 -0.004699733485 -0.000264022695 0.999988921337 -0.004549636094 -0.000000000000 0.000000000000 -0.000000000000 1.000000000000 -1.267361553415 -0.035947370668 -0.023579505190 -0.029899218569 0.002625508554 -0.126492420226
0.000000000000 700000000 0.997946789831 0.063863309719 0.004866450198 -0.708485364013 -0.063849084248 0.997954981840 -0.003024675323 -0.036479314312 -0.005049663996 0.002707746640 0.999983584366 -0.001828970300 -0.000000000000 0.000000000000 -0.000000000000 1.000000000000 -1.272038683441 0.145810287464 -0.010400835298 -0.030121455581 0.000284684492 -0.150378916702
0.000000000000 800000000 0.996873581351 0.078862735094 0.004871531344 -0.836043365051 -0.078863254238 0.996885439647 -0.000085734113 -0.010291480990 -0.004863119893 -0.000298718742 0.999988130346 -0.002776146727 -0.000000000000 0.000000000000 -0.000000000000 1.000000000000 -1.272038683441 0.145810287464 -0.010400835298 -0.030121455581 0.000284684492 -0.150378916702
0.000000000000 800000000 0.996679664781 0.081267872181 0.005017844440 -0.854712574944 -0.081253925405 0.996689144785 -0.002923743022 -0.025632764902 -0.005238837458 0.002506315657 0.999983136340 -0.002542689265 -0.000000000000 0.000000000000 -0.000000000000 1.000000000000 -1.557521556820 -0.070853221529 0.006564180950 -0.044441236110 0.000984654977 -0.168026896724
0.000000000000 900000000 0.995173057626 0.098002737388 0.005103806380 -1.010827245911 -0.098011203640 0.995184276216 0.001435386146 -0.017054257743 -0.004938556087 -0.001928687826 0.999985945315 -0.001698598270 -0.000000000000 0.000000000000 -0.000000000000 1.000000000000 -1.557521556820 -0.070853221529 0.006564180950 -0.044441236110 0.000984654977 -0.168026896724
0.000000000000 900000000 0.994945421725 0.100272480565 0.005388639032 -1.012178719130 -0.100271870182 0.994960001504 -0.000384001991 -0.018285680412 -0.005399985132 -0.000158267891 0.999985407449 -0.004362725498 -0.000000000000 0.000000000000 -0.000000000000 1.000000000000 -1.574675950120 -0.102229332021 0.036059134588 -0.016847283425 -0.001268658261 -0.189352532348
0.000000000000 1000000000 0.992869082620 0.119093312967 0.005269495540 -1.169898181306 -0.119101158392 0.992881399991 0.001199842219 -0.007853618205 -0.005089090924 -0.001818889267 0.999985396291 -0.000872790700 -0.000000000000 0.000000000000 -0.000000000000 1.000000000000 -1.574675950120 -0.102229332021 0.036059134588 -0.016847283425 -0.001268658261 -0.189352532348
0.000000000000 1000000000 0.992606954275 0.121232340228 0.005844143087 -1.176281874283 -0.121240122806 0.992622709066 0.000995021953 -0.009847253344 -0.005680400303 -0.001696210335 0.999982427807 -0.004724488571 -0.000000000000 0.000000000000 -0.000000000000 1.000000000000 -1.732154230731 -0.106223003383 0.016673525525 0.007690938061 0.002092243051 -0.217270091091
0.000000000000 1100000000 0.989737526899 0.142768486816 0.006065230407 -1.349536119579 -0.142771691721 0.989755643947 0.000096529053 0.006973238486 -0.005989314721 -0.000961481632 0.999981601662 -0.002794244741 -0.000000000000 0.000000000000 -0.000000000000 1.000000000000 -1.732154230731 -0.106223003383 0.016673525525 0.007690938061 0.002092243051 -0.217270091091
0.000000000000 1100000000 0.989453924202 0.144710598654 0.006306704271 -1.357981940622 -0.144710006821 0.989473955539 -0.000552481657 0.001739818544 -0.006320269573 -0.000365988075 0.999979959922 0.005190841372 -0.000000000000 0.000000000000 -0.000000000000 1.000000000000 -1.751851031256 -0.199711495259 -0.245480394724 0.046441309741 0.023366661229 -0.227010290776
0.000000000000 1200000000 0.985896295510 0.167137497319 0.008576216572 -1.533001838163 -0.167095867244 0.985926052782 -0.005365593622 0.014608430582 -0.009352307242 0.003856868530 0.999948828148 -0.015943132842 -0.000000000000 0.000000000000 -0.000000000000 1.000000000000 -1.751851031256 -0.199711495259 -0.245480394724 0.046441309741 0.023366661229 -0.227010290776
0.000000000000 1200000000 0.985670896430 0.168466497349 0.008480754775 -1.536215800008 -0.168408241844 0.985691224619 -0.007174523549 0.017070494708 -0.009568072412 0.005643490057 0.999938299602 -0.009926455989 -0.000000000000 0.000000000000 -0.000000000000 1.000000000000 -1.808218390724 -0.432308468262 -0.118442884916 0.009608919722 0.008414619704 -0.259181334467
0.000000000000 1300000000 0.980967167390 0.193959343298 0.009120835997 -1.716631858062 -0.193885790353 0.980988456558 -0.008363516000 0.016008015123 -0.010569616898 0.006435934104 0.999923428044 -0.020386656032 -0.000000000000 0.000000000000 -0.000000000000 1.000000000000 -1.808218390724 -0.432308468262 -0.118442884916 0.009608919722 0.008414619704 -0.259181334467
0.000000000000 1300000000 0.980755604543 0.194997077132 0.009725434044 -1.730533072325 -0.194885071730 0.980760021871 -0.011383686400 0.030276149872 -0.011758102480 0.009269272326 0.999887907526 -0.012935918870 -0.000000000000 0.000000000000 -0.000000000000 1.000000000000 -1.830188077001 -0.288992421710 -0.097672180814 0.000098370497 0.007656959082 -0.273692691520
0.000000000000 1400000000 0.975045812593 0.221770420944 0.010175644410 -1.912460954769 -0.221651052213 0.975056264183 -0.011665878925 0.051231411756 -0.012508972704 0.009119324105 0.999880174586 -0.021307991139 -0.000000000000 0.000000000000 -0.000000000000 1.000000000000 -1.830188077001 -0.288992421710 -0.097672180814 0.000098370497 0.007656959082 -0.273692691520
0.000000000000 1400000000 0.974941531914 0.222216163307 0.010439641486 -1.915375568052 -0.222080438647 0.974944996186 -0.012748850225 0.059163395700 -0.013011076813 0.010110943408 0.999864231135 -0.009998586482 -0.000000000000 0.000000000000 -0.000000000000 1.000000000000 -1.914266754667 -0.276623604400 -0.124881642966 -0.006422080107 0.002166425984 -0.313444588743
0.000000000000 1500000000 0.967499835721 0.252663347467 0.010261614195 -2.104413044853 -0.252533694378 0.967508242886 -0.012431136334 0.094492662333 -0.013069088838 0.009435719018 0.999870074621 -0.022100324990 -0.000000000000 0.000000000000 -0.000000000000 1.000000000000 -1.914266754667 -0.276623604400 -0.124881642966 -0.006422080107 0.002166425984 -0.313444588743
0.000000000000 1500000000 0.967439005506 0.252889283746 0.010429803047 -2.115489247525 -0.252750814846 0.967444405275 -0.012974910270 0.094911631982 -0.013371470370 0.009916293069 0.999861425855 -0.006063839127 -0.000000000000 0.000000000000 -0.000000000000 1.000000000000 -2.051494294363 -0.251783220805 -0.170753822986 0.023082043294 0.004688986947 -0.317914572475
0.000000000000 1600000000 0.958910176009 0.283517536587 0.010444175113 -2.316924606364 -0.283342029924 0.958891794037 -0.015614781669 0.140225785182 -0.014441898244 0.012013899261 0.999823533330 -0.021829855103 -0.000000000000 0.000000000000 -0.000000000000 1.000000000000 -2.051494294363 -0.251783220805 -0.170753822986 0.023082043294 0.004688986947 -0.317914572475
0.000000000000 1600000000 0.958827001609 0.283819930337 0.009850285722 -2.324531583013 -0.283639561465 0.958789436092 -0.016474720330 0.143589472086 -0.014120203869 0.013002475974 0.999815760759 -0.012816977393 -0.000000000000 0.000000000000 -0.000000000000 1.000000000000 -2.072593268446 -0.288694472506 -0.091814570743 0.000453629099 0.001617601224 -0.342114974005
0.000000000000 1700000000 0.948561810510 0.316451167806 0.009441929692 -2.525975371856 -0.316269413527 0.948519758123 -0.016850119235 0.197697632119 -0.014288096777 0.012997186042 0.999813444321 -0.021598385400 -0.000000000000 0.000000000000 -0.000000000000 1.000000000000 -2.072593268446 -0.288694472506 -0.091814570743 0.000453629099 0.001617601224 -0.342114974005
0.000000000000 1700000000 0.948697383454 0.316063343337 0.008788493957 -2.532260027006 -0.315871986132 0.948627991577 -0.018161001463 0.209054542577 -0.014077038212 0.014453255527 0.999796449484 -0.014164239286 -0.000000000000 0.000000000000 -0.000000000000 1.000000000000 -2.119751909453 -0.541696505315 -0.110061964561 0.018207848481 0.005760576995 -0.366763130612
0.000000000000 1800000000 0.936469007977 0.350643433575 0.008659075551 -2.735822585695 -0.350419667813 0.936372736904 -0.020301576098 0.251530638502 -0.015226736622 0.015977486451 0.999756403540 -0.023234823523 -0.000000000000 0.000000000000 -0.000000000000 1.000000000000 -2.119751909453 -0.541696505315 -0.110061964561 0.018207848481 0.005760576995 -0.366763130612
0.000000000000 1800000000 0.936557361001 0.350416056007 0.008300436605 -2.737139702192 -0.350176443743 0.936431670877 -0.021729795830 0.262256966737 -0.015387261072 0.017444582865 0.999729422757 -0.013192996167 -0.000000000000 0.000000000000 -0.000000000000 1.000000000000 -2.250029140726 -0.276389589370 -0.155134640627 0.004560982802 0.011699300337 -0.350186961910
0.000000000000 1900000000 0.923704342478 0.383007399956 0.008695933925 -2.951742754063 -0.382744441598 0.923580633953 -0.022483438618 0.334242722423 -0.016642719534 0.017439729511 0.999709395635 -0.025242673219 -0.000000000000 0.000000000000 -0.000000000000 1.000000000000 -2.250029140726 -0.276389589370 -0.155134640627 0.004560982802 0.011699300337 -0.350186961910
0.000000000000 1900000000 0.923757512118 0.382897153997 0.007863095223 -2.958636034821 -0.382607610392 0.923572484865 -0.025005632780 0.335333259582 -0.016836724020 0.020090661052 0.999656385996 -0.014028507646 -0.000000000000 0.000000000000 -0.000000000000 1.000000000000 -2.287146728349 -0.203349091123 -0.094379874673 0.006298132617 0.013772261708 -0.369937568264
0.000000000000 2000000000 0.908950597918 0.416821256109 0.008297650264 -3.173270552405 -0.416499780552 0.908765837524 -0.025934250501 0.428440499161 -0.018350567962 0.020116982985 0.999629213084 -0.019003488955 -0.000000000000 0.000000000000 -0.000000000000 1.000000000000 -2.287146728349 -0.203349091123 -0.094379874673 0.006298132617 0.013772261708 -0.369937568264
0.000000000000 2000000000 0.908795980110 0.417172547059 0.007545363919 -3.152364475699 -0.416824598848 0.908548539570 -0.028227735303 0.400501306496 -0.018631165603 0.022508159082 0.999573040074 -0.014593349220 -0.000000000000 0.000000000000 -0.000000000000 1.000000000000 -2.409107912134 -0.007152186883 -0.058915916317 -0.036157684095 0.016619087264 -0.394060139636
0.000000000000 2100000000 0.891637080765 0.452677300994 0.008159495644 -3.375028808973 -0.452370420557 0.891481844183 -0.024922361396 0.528355282998 -0.018555829516 0.018530587085 0.999656090130 -0.016736901241 -0.000000000000 0.000000000000 -0.000000000000 1.000000000000 -2.409107912134 -0.007152186883 -0.058915916317 -0.036157684095 0.016619087264 -0.394060139636
0.000000000000 2100000000 0.891737830968 0.452487219560 0.007678343195 -3.385518010352 -0.452157505607 0.891540135378 -0.026641642857 0.502385627665 -0.018900554032 0.020285540308 0.999615559058 -0.006585841451 -0.000000000000 0.000000000000 -0.000000000000 1.000000000000 -2.269285299985 -0.011575263346 -0.074976055268 -0.078303910350 0.030808600804 -0.409718455291
0.000000000000 2200000000 0.872409114624 0.488677709053 0.009820050706 -3.589010812669 -0.488447194163 0.872382834239 -0.019171046905 0.644071476163 -0.017935306949 0.011928419842 0.999767991868 -0.007821353190 -0.000000000000 0.000000000000 -0.000000000000 1.000000000000 -2.269285299985 -0.011575263346 -0.074976055268 -0.078303910350 0.030808600804 -0.409718455291
0.000000000000 2200000000 0.872243566301 0.488973648311 0.009794503746 -3.588114447005 -0.488730533000 0.872208176764 -0.019883724496 0.635636897447 -0.018265463564 0.012556577729 0.999754322420 0.002901813299 -0.000000000000 0.000000000000 -0.000000000000 1.000000000000 -2.357397215575 -0.235360301055 -0.171874228465 -0.036767966305 0.008891567722 -0.451479749528
0.000000000000 2300000000 0.849279811015 0.527850933197 0.009858748625 -3.791965999257 -0.527663970065 0.849289988631 -0.016650822993 0.778703393530 -0.017162088963 0.008939101366 0.999812760055 -0.013601427123 -0.000000000000 0.000000000000 -0.000000000000 1.000000000000 -2.357397215575 -0.235360301055 -0.171874228465 -0.036767966305 0.008891567722 -0.451479749528
0.000000000000 2300000000 0.849829647982 0.526984208242 0.008787131215 -3.786936542203 -0.526791935776 0.849812599129 -0.017572784741 0.797863049695 -0.016727994871 0.010304883608 0.999806973151 -0.001310270850 -0.000000000000 0.000000000000 -0.000000000000 1.000000000000 -2.529649594146 -0.536381668225 -0.233686459303 0.023163085244 -0.026442718072 -0.499767926284
0.000000000000 2400000000 0.822496035232 0.568747092163 0.005197805715 -3.996503993340 -0.568551752522 0.822398505794 -0.020238635632 0.938789910581 -0.015785332819 0.013690976017 0.999781666387 -0.032961977323 -0.000000000000 0.000000000000 -0.000000000000 1.000000000000 -2.529649594146 -0.536381668225 -0.233686459303 0.023163085244 -0.026442718072 -0.499767926284
0.000000000000 2400000000 0.822644376453 0.568539680098 0.004343045610 -3.996859991391 -0.568304304713 0.822483209349 -0.023485901818 0.925600032582 -0.016924749198 0.016852373541 0.999714734497 -0.022493913055 -0.000000000000 0.000000000000 -0.000000000000 1.000000000000 -2.548903007188 -0.243153321353 -0.113024213815 0.017522387894 -0.007006589564 -0.511472979134
0.000000000000 2500000000 0.792526791532 0.609832406791 0.002391721492 -4.199691423434 -0.609589073372 0.792310217286 -0.025410257958 1.110991181731 -0.017390984143 0.018680342923 0.999674246172 -0.034885603226 -0.000000000000 0.000000000000 -0.000000000000 1.000000000000 -2.548903007188 -0.243153321353 -0.113024213815 0.017522387894 -0.007006589564 -0.511472979134
0.000000000000 2500000000 0.792339625290 0.610078430836 0.001492120821 -4.191977454934 -0.609812909453 0.792062439917 -0.027664177889 1.086366329761 -0.018059171095 0.021009509804 0.999616159752 -0.029490702317 -0.000000000000 0.000000000000 -0.000000000000 1.000000000000 -2.588266276708 -0.229472290169 -0.197188297339 -0.001496106565 0.020678406133 -0.536269174529
0.000000000000 2600000000 0.758474887063 0.651698957265 0.002077208200 -4.387110881376 -0.651408409031 0.758224739110 -0.027610317755 1.293498430790 -0.019568605936 0.019588621752 0.999616604284 -0.040515424252 -0.000000000000 0.000000000000 -0.000000000000 1.000000000000 -2.588266276708 -0.229472290169 -0.197188297339 -0.001496106565 0.020678406133 -0.536269174529
0.000000000000 2600000000 0.758689494274 0.651451910991 0.000811754105 -4.385304883042 -0.651126983174 0.758349283141 -0.030659689195 1.286994597414 -0.020588906260 0.022732629088 0.999529551596 -0.027788327855 -0.000000000000 0.000000000000 -0.000000000000 1.000000000000 -2.939203801324 -0.389052530403 -0.093581731896 -0.054755486559 0.026805214971 -0.556154446159
0.000000000000 2700000000 0.721266388239 0.692655070920 0.001936472343 -4.601920572703 -0.692400046689 0.721071453469 -0.025261320989 1.497892526577 -0.018893717008 0.016879328211 0.999679006350 -0.032717565743 -0.000000000000 0.000000000000 -0.000000000000 1.000000000000 -2.939203801324 -0.389052530403 -0.093581731896 -0.054755486559 0.026805214971 -0.556154446159
0.000000000000 2700000000 0.721407611121 0.692510094575 0.000909686339 -4.577817717479 -0.692263626167 0.721184699587 -0.025762394428 1.487836406085 -0.018496770071 0.017955444657 0.999667680534 -0.032287737278 -0.000000000000 0.000000000000 -0.000000000000 1.000000000000 -2.963120078829 -0.236648111838 0.015681862325 -0.060948222437 0.011222543430 -0.575455864074
0.000000000000 2800000000 0.680376920745 0.732862008054 0.000723096522 -4.781541728278 -0.732710069420 0.680255315211 -0.019714469257 1.733328989269 -0.014939875780 0.012883449784 0.999805389480 -0.035276709044 -0.000000000000 0.000000000000 -0.000000000000 1.000000000000 -2.963120078829 -0.236648111838 0.015681862325 -0.060948222437 0.011222543430 -0.575455864074
0.000000000000 2800000000 0.679609135004 0.733574290188 0.000429410547 -4.773286796655 -0.733420805530 0.679478687252 -0.020065781468 1.728117727347 -0.015011516712 0.013321949757 0.999798569723 -0.035008786068 -0.000000000000 0.000000000000 -0.000000000000 1.000000000000 -2.954079440010 -0.093921810150 -0.091069219464 -0.047646853965 0.010572486508 -0.562395065610
0.000000000000 2900000000 0.637292931870 0.770621487909 0.000491285133 -4.964168056150 -0.770526266990 0.637223956447 -0.015326487167 1.992413054180 -0.012123979001 0.009388913843 0.999882421803 -0.047826285002 -0.000000000000 0.000000000000 -0.000000000000 1.000000000000 -2.954079440010 -0.093921810150 -0.091069219464 -0.047646853965 0.010572486508 -0.562395065610
0.000000000000 2900000000 0.636599300921 0.771194666935 -0.000340231525 -4.966635859797 -0.771093583724 0.636508590257 -0.016477246991 1.981294541079 -0.012490604717 0.010751754261 0.999864183064 -0.037846725960 -0.000000000000 -0.000000000000 -0.000000000000 1.000000000000 -2.978703233635 -0.098224106854 -0.166771530780 -0.024521764707 -0.007976466635 -0.573656863803
0.000000000000 3000000000 0.591350237721 0.806412333400 -0.002011190625 -5.142821401041 -0.806352013487 0.591271195246 -0.013957220966 2.261392617839 -0.010066116042 0.009875333547 0.999900570604 -0.063756692284 -0.000000000000 -0.000000000000 -0.000000000000 1.000000000000 -2.978703233635 -0.098224106854 -0.166771530780 -0.024521764707 -0.007976466635 -0.573656863803
0.000000000000 3000000000 0.590576193514 0.806975577547 -0.003190124958 -5.135828685430 -0.806915750578 0.590472572539 -0.015136464185 2.244848941225 -0.010331075637 0.011513397476 0.999880348119 -0.054855058792 -0.000000000000 -0.000000000000 -0.000000000000 1.000000000000 -3.073167241657 -0.299689894057 -0.160195628255 -0.031789722428 0.000275505538 -0.587571912561
0.000000000000 3100000000 0.542171071874 0.840258832632 -0.003952595054 -5.303168407136 -0.840232592674 0.542098882674 -0.011746983066 2.521431177502 -0.007727808915 0.009689973590 0.999923189741 -0.078304135181 -0.000000000000 -0.000000000000 -0.000000000000 1.000000000000 -3.073167241657 -0.299689894057 -0.160195628255 -0.031789722428 0.000275505538 -0.587571912561
0.000000000000 3100000000 0.541167166574 0.840899981000 -0.005031876092 -5.299073684621 -0.840877564493 0.541076874921 -0.012678208015 2.519737658073 -0.007938473088 0.011092221622 0.999906967305 -0.068087598339 -0.000000000000 -0.000000000000 -0.000000000000 1.000000000000 -3.316386256865 -0.337885290202 -0.092503522660 -0.004538827670 0.001822195587 -0.590121587275
0.000000000000 3200000000 0.490630421655 0.871349932366 -0.005575366630 -5.473697719407 -0.871334242023 0.490545372847 -0.011911165216 2.803860776027 -0.007643822703 0.010701987869 0.999913515975 -0.077563946353 -0.000000000000 -0.000000000000 -0.000000000000 1.000000000000 -3.316386256865 -0.337885290202 -0.092503522660 -0.004538827670 0.001822195587 -0.590121587275
0.000000000000 3200000000 0.489768268567 0.871825910422 -0.006828251706 -5.458326435414 -0.871821386094 0.489669360519 -0.012303987899 2.796829564833 -0.007383349805 0.011979118717 0.999900988529 -0.069047584864 -0.000000000000 -0.000000000000 -0.000000000000 1.000000000000 -3.429158096511 -0.302194247312 -0.222836763446 -0.009837250601 -0.000860458277 -0.592788919083
0.000000000000 3300000000 0.437258046811 0.899303958346 -0.007602039356 -5.626648781967 -0.899312800495 0.437170271258 -0.010892235553 3.095169524772 -0.006472044941 0.011599328946 0.999911780210 -0.094705533615 -0.000000000000 -0.000000000000 -0.000000000000 1.000000000000 -3.429158096511 -0.302194247312 -0.222836763446 -0.009837250601 -0.000860458277 -0.592788919083
0.000000000000 3300000000 0.436172839633 0.899815954793 -0.009192467855 -5.627698666835 -0.899839979874 0.436066043983 -0.011593787351 3.088504239674 -0.006423751743 0.013328645241 0.999890535323 -0.087230552460 -0.000000000000 -0.000000000000 -0.000000000000 1.000000000000 -3.628726837446 -0.346101560542 -0.114299955171 -0.005143127022 -0.005579799093 -0.583699145669
0.000000000000 3400000000 0.382939551137 0.923714906482 -0.010395754785 -5.801565782262 -0.923755656101 0.382838189583 -0.010507540974 3.387492575650 -0.005726080287 0.013626890306 0.999890753965 -0.103514918983 -0.000000000000 -0.000000000000 -0.000000000000 1.000000000000 -3.628726837446 -0.346101560542 -0.114299955171 -0.005143127022 -0.005579799093 -0.583699145669
0.000000000000 3400000000 0.381546676128 0.924282104285 -0.011168063095 -5.779609471400 -0.924331002125 0.381434574011 -0.010948253771 3.392831209490 -0.005859389645 0.014500256788 0.999877697574 -0.094624124934 -0.000000000000 -0.000000000000 -0.000000000000 1.000000000000 -3.605359240841 -0.191990685985 -0.134495797866 0.003681727942 -0.009279003597 -0.574385138319
0.000000000000 3500000000 0.327859941014 0.944640758524 -0.012715990437 -5.936098030442 -0.944708077311 0.327740208290 -0.010630359065 3.710223972117 -0.005874329096 0.015498167773 0.999862640093 -0.112203320494 -0.000000000000 -0.000000000000 -0.000000000000 1.000000000000 -3.605359240841 -0.191990685985 -0.134495797866 0.003681727942 -0.009279003597 -0.574385138319
0.000000000000 3500000000 0.326399791783 0.945129167614 -0.013929553096 -5.932737667762 -0.945217339858 0.326277807948 -0.010342749762 3.699460133981 -0.005230330423 0.016542326492 0.999849486212 -0.107781217112 -0.000000000000 -0.000000000000 -0.000000000000 1.000000000000 -3.899313565495 -0.225058886185 -0.200397528785 -0.017651475994 -0.021630919626 -0.557147800302
0.000000000000 3600000000 0.273266544908 0.961795173691 -0.016596364023 -6.107610478913 -0.961933988005 0.273172653804 -0.007726832115 4.012222928158 -0.002897957032 0.018076091346 0.999832414341 -0.147651023480 -0.000000000000 -0.000000000000 -0.000000000000 1.000000000000 -3.899313565495 -0.225058886185 -0.200397528785 -0.017651475994 -0.021630919626 -0.557147800302
0.000000000000 3600000000 0.270865731849 0.962442668824 -0.018326607327 -6.111591654615 -0.962614794042 0.270773961076 -0.007363443121 4.008535433631 -0.002124523790 0.019635967748 0.999804938560 -0.144783237424 -0.000000000000 -0.000000000000 -0.000000000000 1.000000000000 -3.538451641474 -0.001696997596 -0.292247052391 -0.032258020712 0.007130661315 -0.521383848772
0.000000000000 3700000000 0.220330645213 0.975261195067 -0.017888772343 -6.248202049496 -0.975424893592 0.220309057100 -0.003193167732 4.330119802723 0.000826885989 0.018152706566 0.999834884120 -0.183047816847 -0.000000000000 -0.000000000000 -0.000000000000 1.000000000000 -3.538451641474 -0.001696997596 -0.292247052391 -0.032258020712 0.007130661315 -0.521383848772
0.000000000000 3700000000 0.217912126742 0.975778926782 -0.019229952334 -6.268488465176 -0.975967727494 0.217892692125 -0.003125637180 4.327916705938 0.001140135191 0.019448927125 0.999810201651 -0.174817308920 -0.000000000000 -0.000000000000 -0.000000000000 1.000000000000 -3.857055309355 -0.120107921844 -0.157525470661 0.007754657994 0.010873377261 -0.474693920398
0.000000000000 3800000000 0.171356151729 0.985039394315 -0.018288272553 -6.442096268942 -0.985209135703 0.171329787468 -0.003010457476 4.617779862522 0.000167906641 0.018533633603 0.999828223363 -0.180190252511 -0.000000000000 -0.000000000000 -0.000000000000 1.000000000000 -3.857055309355 -0.120107921844 -0.157525470661 0.007754657994 0.010873377261 -0.474693920398
0.000000000000 3800000000 0.169819918037 0.985285676742 -0.019321766073 -6.429809609833 -0.985475106666 0.169789220625 -0.003230278930 4.598128713389 0.000097880041 0.019589685185 0.999808098914 -0.173738127908 -0.000000000000 -0.000000000000 -0.000000000000 1.000000000000 -4.105953387975 -0.178348246406 -0.136040594821 0.048255164011 0.009194142001 -0.451485686236
0.000000000000 3900000000 0.125167192224 0.991960586383 -0.018637839271 -6.626721880224 -0.992124003091 0.125052558287 -0.007198621866 4.875885162199 -0.004810039685 0.019392078994 0.999800385472 -0.158484086122 -0.000000000000 -0.000000000000 -0.000000000000 1.000000000000 -4.105953387975 -0.178348246406 -0.136040594821 0.048255164011 0.009194142001 -0.451485686236
0.000000000000 3900000000 0.124192831894 0.992052862203 -0.020180661566 -6.648764463678 -0.992249340031 0.124080578582 -0.006727349218 4.866275163558 -0.004169857883 0.020859736671 0.999773716233 -0.157525665694 -0.000000000000 -0.000000000000 -0.000000000000 1.000000000000 -4.039865748563 -0.092360886611 -0.198271552041 0.025966612886 0.029501352213 -0.389820330231
0.000000000000 4000000000 0.085412052981 0.996191499605 -0.017529327415 -6.858566275413 -0.996320691459 0.085271999972 -0.008588701425 5.120735386577 -0.007061230545 0.018198410232 0.999809460291 -0.144461467252 -0.000000000000 -0.000000000000 -0.000000000000 1.000000000000 -4.039865748563 -0.092360886611 -0.198271552041 0.025966612886 0.029501352213 -0.389820330231
0.000000000000 4000000000 0.084695347582 0.996225449075 -0.019014539547 -6.880752969746 -0.996382502764 0.084544327990 -0.008611898169 5.106203997398 -0.006971820652 0.019675142212 0.999782117511 -0.134138097177 -0.000000000000 -0.000000000000 -0.000000000000 1.000000000000 -4.224273079529 -0.261322749289 -0.223171172497 0.011820994325 0.036739910725 -0.358226620574
0.000000000000 4099999000 0.048927462376 0.998679570987 -0.015659435471 -7.116737529849 -0.998767039568 0.048787917252 -0.009172775113 5.330962570924 -0.008396671872 0.016088928616 0.999835307577 -0.124571358280 -0.000000000000 -0.000000000000 -0.000000000000 1.000000000000 -4.224273079529 -0.261322749289 -0.223171172497 0.011820994325 0.036739910725 -0.358226620574
0.000000000000 4099999000 0.048495873370 0.998691273978 -0.016244677491 -7.147112061307 -0.998790253828 0.048355387898 -0.008932262830 5.328118618713 -0.008135055264 0.016658203442 0.999828147800 -0.107255686102 -0.000000000000 -0.000000000000 -0.000000000000 1.000000000000 -4.456815643460 -0.297997206172 -0.257493583300 -0.008539682243 0.034560820528 -0.324460316038
0.000000000000 4200000000 0.016042283814 0.999786056305 -0.013057057443 -7.416972506691 -0.999843981217 0.015943920043 -0.007602936190 5.534516456138 -0.007393128910 0.013176988757 0.999885847791 -0.112473335018 -0.000000000000 -0.000000000000 -0.000000000000 1.000000000000 -4.456815643460 -0.297997206172 -0.257493583300 -0.008539682243 0.034560820528 -0.324460316038
0.000000000000 4200000000 0.014598325849 0.999803588549 -0.013404223438 -7.410154171267 -0.999861837634 0.014489973149 -0.008145325108 5.531726225678 -0.007949498436 0.013521279589 0.999876982670 -0.099154722426 -0.000000000000 -0.000000000000 -0.000000000000 1.000000000000 -5.168835703967 0.026564761233 -0.116768351997 0.003631559616 0.027797142854 -0.281612160803
0.000000000000 4300000000 -0.013583643978 0.999848822709 -0.010854323772 -7.768493749950 -0.999873172628 -0.013672634024 -0.008166868323 5.748155630822 -0.008314040875 0.010742011315 0.999907738703 -0.087686113248 0.000000000000 0.000000000000 -0.000000000000 1.000000000000 -5.168835703967 0.026564761233 -0.116768351997 0.003631559616 0.027797142854 -0.281612160803
0.000000000000 4300000000 -0.015360846212 0.999827855670 -0.010406893362 -7.750961279753 -0.999851338713 -0.015441072048 -0.007672924376 5.717282046838 -0.007832297116 0.010287483649 0.999916407907 -0.070955577874 0.000000000000 0.000000000000 -0.000000000000 1.000000000000 -4.903727870843 0.407528893544 -0.153107104297 0.023160630461 0.015571977751 -0.220808813146
0.000000000000 4400000000 -0.037446657222 0.999257715969 -0.009042396716 -8.112823161465 -0.999247522225 -0.037534722575 -0.009774145962 5.933339262574 -0.010106294621 0.008669583420 0.999911346636 -0.060423892893 0.000000000000 0.000000000000 -0.000000000000 1.000000000000 -4.903727870843 0.407528893544 -0.153107104297 0.023160630461 0.015571977751 -0.220808813146
0.000000000000 4400000000 -0.038907925239 0.999211268547 -0.007938146060 -8.119289989328 -0.999199793282 -0.038978726963 -0.008968386102 5.921182290873 -0.009270731282 0.007582852606 0.999928274372 -0.048995699099 0.000000000000 0.000000000000 -0.000000000000 1.000000000000 -4.913866219531 0.170256066244 -0.004558326969 0.010034676241 0.007908566448 -0.167473272486
0.000000000000 4500000000 -0.055643246087 0.998423992174 -0.007304862541 -8.510246741111 -0.998398247735 -0.055713835073 -0.009844160802 6.077504825067 -0.010235628235 0.006745400898 0.999924862918 -0.036855968286 0.000000000000 0.000000000000 -0.000000000000 1.000000000000 -4.913866219531 0.170256066244 -0.004558326969 0.010034676241 0.007908566448 -0.167473272486
0.000000000000 4500000000 -0.056721732586 0.998368153638 -0.006608695385 -8.498781526106 -0.998337851097 -0.056785197524 -0.009847660081 6.065106907699 -0.010206866285 0.006039134407 0.999929671895 -0.029890050473 0.000000000000 0.000000000000 -0.000000000000 1.000000000000 -5.399480730494 0.009319379507 0.071244031185 -0.005286055588 -0.002863541514 -0.140670321159
0.000000000000 4600000000 -0.070756495698 0.997468851174 -0.007029171694 -8.952540889430 -0.997446477016 -0.070819904242 -0.009223158408 6.188769616063 -0.009697618487 0.006358624175 0.999932759786 -0.028502770582 0.000000000000 0.000000000000 -0.000000000000 1.000000000000 -5.399480730494 0.009319379507 0.071244031185 -0.005286055588 -0.002863541514 -0.140670321159
0.000000000000 4600000000 -0.071324366167 0.997427874264 -0.007104254451 -8.957674387694 -0.997413072209 -0.071383556133 -0.008458800197 6.174172338737 -0.008944170046 0.006482557695 0.999938987273 -0.035502786035 0.000000000000 0.000000000000 -0.000000000000 1.000000000000 -5.524676677565 0.066280316612 -0.084983702750 0.015281114793 0.000236362227 -0.112581451403
0.000000000000 4700000000 -0.082548778198 0.996561131776 -0.007183999702 -9.440017670723 -0.996532069296 -0.082617783958 -0.009906393802 6.284416808227 -0.010465853154 0.006341325384 0.999925123952 -0.034265362615 0.000000000000 0.000000000000 -0.000000000000 1.000000000000 -5.524676677565 0.066280316612 -0.084983702750 0.015281114793 0.000236362227 -0.112581451403
0.000000000000 4700000000 -0.082898914145 0.996522572510 -0.008398363584 -9.455932442681 -0.996501661150 -0.082980865723 -0.009930521043 6.263875994385 -0.010592891857 0.007545753851 0.999915422544 -0.041163497057 0.000000000000 0.000000000000 -0.000000000000 1.000000000000 -5.596558987128 0.065678361101 -0.103092459109 0.018693021967 -0.002694601995 -0.074064451562
0.000000000000 4800000000 -0.090273921824 0.995878552285 -0.008748036183 -9.968895385562 -0.995838796782 -0.090373411295 -0.011736155908 6.342456668904 -0.012478375828 0.007652165006 0.999892861514 -0.042307934524 0.000000000000 0.000000000000 -0.000000000000 1.000000000000 -5.596558987128 0.065678361101 -0.103092459109 0.018693021967 -0.002694601995 -0.074064451562
0.000000000000 4800000000 -0.091317538947 0.995768115983 -0.010342450032 -9.970484025717 -0.995736603691 -0.091440671596 -0.012133410411 6.332887759926 -0.013027783802 0.009190362891 0.999872898962 -0.048815361428 0.000000000000 0.000000000000 -0.000000000000 1.000000000000 -5.652836364039 0.243615394198 -0.232847418699 -0.015597128320 0.002799688315 -0.043524600492
0.000000000000 4900000000 -0.095654032880 0.995363278823 -0.010111832907 -10.508072983505 -0.995348798107 -0.095759608432 -0.010529363711 6.401715644188 -0.011448847147 0.009057624628 0.999893435990 -0.079164281869 0.000000000000 0.000000000000 -0.000000000000 1.000000000000 -5.652836364039 0.243615394198 -0.232847418699 -0.015597128320 0.002799688315 -0.043524600492
0.000000000000 4900000000 -0.096366632994 0.995283795385 -0.011119293540 -10.532790825178 -0.995245550754 -0.096509535735 -0.013122622282 6.385734383295 -0.014133851168 0.009801844497 0.999852068106 -0.061673273094 0.000000000000 0.000000000000 -0.000000000000 1.000000000000 -5.564150957263 0.014873200966 -0.037553290289 -0.015776831987 0.000202446961 -0.031683836010
0.000000000000 5000000000 -0.099519767943 0.994973245414 -0.011138074291 -11.068918896069 -0.994956287551 -0.099646917520 -0.011509895344 6.421334930422 -0.012561912695 0.009936434934 0.999871724578 -0.075312470449 0.000000000000 0.000000000000 -0.000000000000 1.000000000000 -5.564150957263 0.014873200966 -0.037553290289 -0.015776831987 0.000202446961 -0.031683836010
0.000000000000 5000000000 -0.099513749416 0.994967800337 -0.011665760558 -11.111207687411 -0.994963952381 -0.099640951440 -0.010881831607 6.422792897906 -0.011989459539 0.010524119368 0.999872739788 -0.086902742910 0.000000000000 0.000000000000 -0.000000000000 1.000000000000 -5.647648303134 0.167690287008 -0.010442858743 -0.026035162352 -0.003628169844 -0.000535707248
0.000000000000 5100000000 -0.099563164385 0.994958530939 -0.012029048527 -11.675592486128 -0.994986509690 -0.099666044974 -0.008277983649 6.439917543409 -0.009435138142 0.011144558762 0.999893382805 -0.108824891669 0.000000000000 0.000000000000 -0.000000000000 1.000000000000 -5.647648303134 0.167690287008 -0.010442858743 -0.026035162352 -0.003628169844 -0.000535707248
0.000000000000 5100000000 -0.099618761187 0.994932150544 -0.013642515672 -11.715150355315 -0.994939409839 -0.099781302706 -0.011800948272 6.430641894883 -0.013102410829 0.012397880644 0.999837296457 -0.099290284600 0.000000000000 0.000000000000 -0.000000000000 1.000000000000 -6.137937936060 -0.045383611405 -0.210722332671 -0.067138197433 -0.003825332200 0.020518759702
0.000000000000 5200000000 -0.097573244055 0.995129764410 -0.014007641870 -12.342057299483 -0.995207384800 -0.097652874074 -0.005116387816 6.400524939920 -0.006459356289 0.013441286075 0.999888798089 -0.168037909764 0.000000000000 0.000000000000 -0.000000000000 1.000000000000 -6.137937936060 -0.045383611405 -0.210722332671 -0.067138197433 -0.003825332200 0.020518759702
0.000000000000 5200000000 -0.098194322020 0.995034461361 -0.016257177700 -12.322366316358 -0.995113632466 -0.098345519167 -0.008775952431 6.406321738524 -0.010331195681 0.015315990456 0.999829328852 -0.158905797994 0.000000000000 0.000000000000 -0.000000000000 1.000000000000 -6.648796953871 0.074489252173 -0.162894249410 0.006835196810 0.000898418022 0.023090573673
0.000000000000 5300000000 -0.095897254489 0.995260275019 -0.016146255017 -13.002028611541 -0.995330425783 -0.096058081217 -0.009496764859 6.384645216105 -0.011002731081 0.015160145204 0.999824539560 -0.169686100130 0.000000000000 0.000000000000 -0.000000000000 1.000000000000 -6.648796953871 0.074489252173 -0.162894249410 0.006835196810 0.000898418022 0.023090573673
0.000000000000 5300000000 -0.096697256287 0.995181898542 -0.016205845874 -13.008559397763 -0.995273109469 -0.096827781546 -0.007471163769 6.377015859473 -0.009004343048 0.015406801577 0.999840763458 -0.171553079419 0.000000000000 0.000000000000 -0.000000000000 1.000000000000 -6.572475306399 0.333477157142 -0.068692864524 0.036645723404 0.005181855221 0.029197991468
0.000000000000 5400000000 -0.093796503359 0.995468213532 -0.015660517361 -13.684502529516 -0.995511621417 -0.093976500745 -0.011181633643 6.371980260372 -0.012602681488 0.014541428893 0.999814842491 -0.148145947423 0.000000000000 0.000000000000 -0.000000000000 1.000000000000 -6.572475306399 0.333477157142 -0.068692864524 0.036645723404 0.005181855221 0.029197991468
