0.000000000000 0 1.000000000000 -0.000000000000 0.000000000000 -0.000000000000 -0.000000000000 1.000000000000 -0.000000000000 0.000000000000 0.000000000000 -0.000000000000 1.000000000000 -0.000000000000 -0.000000000000 0.000000000000 -0.000000000000 1.000000000000 0.000000000000 0.000000000000 0.000000000000 0.000000000000 0.000000000000 0.000000000000
0.000000000000 100000000 1.000000000000 -0.000000000000 0.000000000000 -0.000000000000 -0.000000000000 1.000000000000 -0.000000000000 0.000000000000 0.000000000000 -0.000000000000 1.000000000000 -0.000000000000 -0.000000000000 0.000000000000 -0.000000000000 1.000000000000 0.000000000000 0.000000000000 0.000000000000 0.000000000000 0.000000000000 0.000000000000
0.000000000000 100000000 1.000000000000 -0.000000000000 0.000000000000 -0.000000000000 -0.000000000000 1.000000000000 -0.000000000000 0.000000000000 0.000000000000 -0.000000000000 1.000000000000 -0.000000000000 -0.000000000000 0.000000000000 -0.000000000000 1.000000000000 -9.418387130929 -0.198246594373 -0.209161631759 0.010615029360 0.005110711431 0.013542257400
0.000000000000 200000000 0.999998952440 -0.001353953761 0.000511789626 -0.941830312313 0.001354496264 0.999998519642 -0.001061156313 -0.020451366887 -0.000510352112 0.001061848419 0.999999306009 -0.020686235010 -0.000000000000 0.000000000000 -0.000000000000 1.000000000000 -9.418387130929 -0.198246594373 -0.209161631759 0.010615029360 0.005110711431 0.013542257400
0.000000000000 200000000 0.999995122460 -0.003115009876 0.000227530878 -1.069943557250 0.003115282052 0.999994420492 -0.001205820071 -0.006168820845 -0.000223773467 0.001206523013 0.999999247114 -0.011504989687 -0.000000000000 0.000000000000 -0.000000000000 1.000000000000 -10.395127182547 -0.243950743762 -0.242413902191 0.000455352216 -0.003235798668 -0.004922954783
0.000000000000 300000000 0.999996554958 -0.002623114420 -0.000096653585 -2.109457426263 0.002622991428 0.999995776964 -0.001251387474 -0.029780206755 0.000099935710 0.001251129641 0.999999212343 -0.036261595302 -0.000000000000 0.000000000000 -0.000000000000 1.000000000000 -10.395127182547 -0.243950743762 -0.242413902191 0.000455352216 -0.003235798668 -0.004922954783
0.000000000000 300000000 0.999988679589 -0.004740642824 -0.000408656537 -2.215181144989 0.004740371712 0.999988545346 -0.000661855834 -0.013012913344 0.000411789478 0.000659911158 0.999999697473 -0.031400077179 -0.000000000000 0.000000000000 -0.000000000000 1.000000000000 -10.900865818866 -0.243166483064 -0.241807099379 0.000775294407 0.002503288590 -0.014707399799
0.000000000000 400000000 0.999994641688 -0.003269740101 -0.000159357829 -3.305312762489 0.003269621490 0.999994381735 -0.000738967566 -0.033266613646 0.000161773166 0.000738442566 0.999999714266 -0.054891622774 -0.000000000000 0.000000000000 -0.000000000000 1.000000000000 -10.900865818866 -0.243166483064 -0.241807099379 0.000775294407 0.002503288590 -0.014707399799
0.000000000000 400000000 0.999984843918 -0.005453925243 -0.000752750718 -3.414625887352 0.005453974964 0.999985124919 0.000064015278 -0.021122989688 0.000752390386 -0.000068119791 0.999999714634 -0.046132857147 -0.000000000000 0.000000000000 -0.000000000000 1.000000000000 -11.209390868292 -0.253022809295 -0.362691309963 0.005888336056 0.008847371840 -0.006262599178
0.000000000000 500000000 0.999988339001 -0.004827471373 0.000131842157 -4.535640756755 0.004827539918 0.999988209745 -0.000524623850 -0.043898945181 -0.000129307996 0.000525254206 0.999999853694 -0.078904222018 -0.000000000000 0.000000000000 -0.000000000000 1.000000000000 -11.209390868292 -0.253022809295 -0.362691309963 0.005888336056 0.008847371840 -0.006262599178
0.000000000000 500000000 0.999980374127 -0.006221074580 -0.000741345231 -4.606891423341 0.006220949736 0.999980635154 -0.000170589242 -0.033775835917 0.000742392124 0.000165974022 0.999999710653 -0.062332136130 -0.000000000000 0.000000000000 -0.000000000000 1.000000000000 -11.412538900925 -0.221616010352 -0.322507261920 -0.000194717661 0.009062087946 -0.005844527347
0.000000000000 600000000 0.999984101300 -0.005636488074 0.000164769547 -5.748239729309 0.005636512958 0.999984103342 -0.000150948986 -0.052912880050 -0.000163916105 0.000151875312 0.999999975033 -0.089890064521 -0.000000000000 0.000000000000 -0.000000000000 1.000000000000 -11.412538900925 -0.221616010352 -0.322507261920 -0.000194717661 0.009062087946 -0.005844527347
0.000000000000 600000000 0.999971204902 -0.007587508026 -0.000138159502 -5.798694731156 0.007587594380 0.999971011782 0.000635615713 -0.042395148840 0.000133332757 -0.000636645709 0.999999788452 -0.080443158599 -0.000000000000 0.000000000000 -0.000000000000 1.000000000000 -11.541806788498 -0.154194777170 -0.289636699548 0.017649686141 0.012756321876 -0.014826953962
0.000000000000 700000000 0.999980720676 -0.006104528412 0.001137105889 -6.953058897370 0.006105813473 0.999980720780 -0.001130093168 -0.048200499710 -0.001130185281 0.001137014337 0.999998714939 -0.101353765022 -0.000000000000 0.000000000000 -0.000000000000 1.000000000000 -11.541806788498 -0.154194777170 -0.289636699548 0.017649686141 0.012756321876 -0.014826953962
0.000000000000 700000000 0.999967810939 -0.007972616051 0.000902485509 -7.008118604193 0.007972892670 0.999968169981 -0.000303326772 -0.052445757891 -0.000900038475 0.000310512428 0.999999546756 -0.090820851435 -0.000000000000 0.000000000000 -0.000000000000 1.000000000000 -11.563510246082 -0.150094438211 -0.325299543271 -0.004424454363 -0.002580073865 -0.007918251616
0.000000000000 800000000 0.999974009822 -0.007180836431 0.000644412935 -8.164486927326 0.007180748600 0.999974208500 0.000138506112 -0.061495972388 -0.000645390904 -0.000133875145 0.999999782774 -0.125282888252 -0.000000000000 0.000000000000 -0.000000000000 1.000000000000 -11.563510246082 -0.150094438211 -0.325299543271 -0.004424454363 -0.002580073865 -0.007918251616
0.000000000000 800000000 0.999960247149 -0.008916497978 0.000013636825 -8.200427640578 0.008916493198 0.999960196847 0.000317602078 -0.055871684589 -0.000016468181 -0.000317467859 0.999999949471 -0.115385198694 -0.000000000000 0.000000000000 -0.000000000000 1.000000000000 -11.566671192458 -0.180943745027 -0.313498990479 -0.000613347658 -0.012383866024 -0.022618817015
0.000000000000 900000000 0.999977111190 -0.006654248066 -0.001223960631 -9.357050759463 0.006654718039 0.999977784801 0.000380305656 -0.054117943448 0.001221402792 -0.000388442064 0.999999178644 -0.157603190105 -0.000000000000 0.000000000000 -0.000000000000 1.000000000000 -11.566671192458 -0.180943745027 -0.313498990479 -0.000613347658 -0.012383866024 -0.022618817015
0.000000000000 900000000 0.999963571150 -0.008380938535 -0.001617480119 -9.401869282215 0.008381620180 0.999964787445 0.000415106709 -0.067752517755 0.001613944180 -0.000428648691 0.999998605721 -0.147525173638 -0.000000000000 0.000000000000 -0.000000000000 1.000000000000 -11.596264363362 -0.112554976838 -0.291102810675 -0.010872443569 0.000974599497 -0.037134684219
0.000000000000 1000000000 0.999987956650 -0.004667647941 -0.001516449211 -10.561716786358 0.004669935039 0.999987958494 0.001508169303 -0.042116580693 0.001509391347 -0.001515232859 0.999997712901 -0.175602514159 -0.000000000000 0.000000000000 -0.000000000000 1.000000000000 -11.596264363362 -0.112554976838 -0.291102810675 -0.010872443569 0.000974599497 -0.037134684219
0.000000000000 1000000000 0.999978975784 -0.006312967691 -0.001481360205 -10.592039108662 0.006316031175 0.999977905926 0.002072537122 -0.046418751451 0.001468243616 -0.002081849866 0.999996755076 -0.163973106199 -0.000000000000 0.000000000000 -0.000000000000 1.000000000000 -11.668918143449 -0.241050062415 -0.299453844993 0.001040614745 0.006942518833 -0.039803011309
0.000000000000 1100000000 0.999996972466 -0.002334122580 -0.000779058096 -11.759198223590 0.002335655803 0.999995326031 0.001972974371 -0.026023183344 0.000774449291 -0.001974788009 0.999997750218 -0.186163602100 -0.000000000000 0.000000000000 -0.000000000000 1.000000000000 -11.668918143449 -0.241050062415 -0.299453844993 0.001040614745 0.006942518833 -0.039803011309
0.000000000000 1100000000 0.999991953517 -0.003899286344 -0.000942585682 -11.790211549685 0.003901362915 0.999989944597 0.002211350764 -0.027509079115 0.000933953514 -0.002215010339 0.999997110726 -0.169528778942 -0.000000000000 0.000000000000 -0.000000000000 1.000000000000 -11.763651216266 -0.238011140969 -0.394908751886 0.002227108084 0.005254162665 -0.035874004637
0.000000000000 1200000000 0.999999867114 -0.000313008621 -0.000409632256 -12.966737354461 0.000313823632 0.999997968584 0.001991065739 -0.006862190094 0.000409008203 -0.001991194027 0.999997933927 -0.202519705710 -0.000000000000 0.000000000000 -0.000000000000 1.000000000000 -11.763651216266 -0.238011140969 -0.394908751886 0.002227108084 0.005254162665 -0.035874004637
0.000000000000 1200000000 0.999997296519 -0.002205671590 -0.000736185056 -12.986624447767 0.002207112663 0.999995638713 0.001962449673 -0.024129169071 0.000731853326 -0.001964069211 0.999997803409 -0.192518873421 -0.000000000000 0.000000000000 -0.000000000000 1.000000000000 -11.765813790179 -0.088799743181 -0.301402593000 0.006788732056 0.003588776031 -0.025588711749
0.000000000000 1300000000 0.999999868211 0.000352611406 -0.000373152894 -14.163308595229 -0.000352131640 0.999999112393 0.001284996441 0.001866759865 0.000373605667 -0.001284864873 0.999999104770 -0.217795107543 -0.000000000000 0.000000000000 -0.000000000000 1.000000000000 -11.765813790179 -0.088799743181 -0.301402593000 0.006788732056 0.003588776031 -0.025588711749
0.000000000000 1300000000 0.999999195474 -0.001074653280 -0.000673922624 -14.188977461059 0.001074933756 0.999999335747 0.000415960459 -0.019093594860 0.000673475163 -0.000416684546 0.999999686403 -0.204328123920 -0.000000000000 0.000000000000 -0.000000000000 1.000000000000 -11.746547499562 -0.097113126743 -0.392529124075 0.001233499908 0.004907347424 -0.020354980445
0.000000000000 1400000000 0.999999521909 0.000960670113 -0.000182465758 -15.363758874196 -0.000960616537 0.999999495542 0.000293482034 0.001299548948 0.000182747606 -0.000293306614 0.999999940287 -0.236330880114 -0.000000000000 0.000000000000 -0.000000000000 1.000000000000 -11.746547499562 -0.097113126743 -0.392529124075 0.001233499908 0.004907347424 -0.020354980445
0.000000000000 1400000000 0.999999710308 -0.000552942716 -0.000523104771 -15.373454291388 0.000552884300 0.999999840909 -0.000111809243 -0.015132332848 0.000523166512 0.000111519995 0.999999856930 -0.221899341093 -0.000000000000 0.000000000000 -0.000000000000 1.000000000000 -11.914342704095 -0.195055589976 -0.352608512546 -0.012340352071 0.002078721115 -0.017598544673
0.000000000000 1500000000 0.999999222404 0.001206806014 -0.000314342923 -16.564957636222 -0.001206452318 0.999998641713 0.001122962829 -0.006827968089 0.000315697694 -0.001122582716 0.999999320071 -0.253826878172 -0.000000000000 0.000000000000 -0.000000000000 1.000000000000 -11.914342704095 -0.195055589976 -0.352608512546 -0.012340352071 0.002078721115 -0.017598544673
0.000000000000 1500000000 0.999999888951 0.000005561482 -0.000471240167 -16.574522105545 -0.000005134669 0.999999589825 0.000905717646 -0.015427010002 0.000471245011 -0.000905715126 0.999999478804 -0.241684237492 -0.000000000000 0.000000000000 -0.000000000000 1.000000000000 -11.914093032256 -0.153826720506 -0.288883415192 -0.000948448317 -0.005028267320 -0.020802398481
0.000000000000 1600000000 0.999997351246 0.002086278046 -0.000972082393 -17.765811870556 -0.002085303897 0.999997323684 0.001002063672 0.004883697001 0.000974170375 -0.001000033931 0.999999025462 -0.279205680977 -0.000000000000 0.000000000000 -0.000000000000 1.000000000000 -11.914093032256 -0.153826720506 -0.288883415192 -0.000948448317 -0.005028267320 -0.020802398481
0.000000000000 1600000000 0.999999055177 0.000767992011 -0.001140102080 -17.774603216215 -0.000766313516 0.999998623078 0.001471939485 -0.011251528829 0.001141230948 -0.001471064419 0.999998266779 -0.264078904115 -0.000000000000 0.000000000000 -0.000000000000 1.000000000000 -11.785763784448 -0.071332013263 -0.336673419837 0.003079196750 0.002924466517 -0.014393114564
0.000000000000 1700000000 0.999997207106 0.002206915260 -0.000845757766 -18.953263419178 -0.002205928865 0.999996887798 0.001165449315 0.008132372558 0.000848327181 -0.001163580378 0.999998963210 -0.292376298788 -0.000000000000 0.000000000000 -0.000000000000 1.000000000000 -11.785763784448 -0.071332013263 -0.336673419837 0.003079196750 0.002924466517 -0.014393114564
0.000000000000 1700000000 0.999998711600 0.001431001742 -0.000727345655 -18.979455508849 -0.001429815310 0.999997650843 0.001629090549 0.000537843240 0.000729675177 -0.001628048481 0.999998408515 -0.273649875821 -0.000000000000 0.000000000000 -0.000000000000 1.000000000000 -11.681417482728 -0.014586256550 -0.365241366283 0.001803320881 0.010418105427 -0.011963401681
0.000000000000 1800000000 0.999996502728 0.002625734784 0.000316304932 -20.147877200372 -0.002626190485 0.999995501745 0.001449004538 0.022534839954 -0.000312498808 -0.001449830147 0.999998900168 -0.289790318439 -0.000000000000 0.000000000000 -0.000000000000 1.000000000000 -11.681417482728 -0.014586256550 -0.365241366283 0.001803320881 0.010418105427 -0.011963401681
0.000000000000 1800000000 0.999997863864 0.002009038427 0.000485830294 -20.173218548664 -0.002009348525 0.999997777327 0.000638639396 0.016323975611 -0.000484546164 -0.000639614234 0.999999678054 -0.273783204980 -0.000000000000 0.000000000000 -0.000000000000 1.000000000000 -11.779553954297 -0.131471587100 -0.329296167562 -0.016605844831 0.001532664340 -0.011310737014
0.000000000000 1900000000 0.999994865273 0.003139881653 0.000640757647 -21.351194273088 -0.003141346832 0.999992424196 0.002298584683 0.026181012070 -0.000633535508 -0.002300585722 0.999997152965 -0.303565786341 -0.000000000000 0.000000000000 -0.000000000000 1.000000000000 -11.779553954297 -0.131471587100 -0.329296167562 -0.016605844831 0.001532664340 -0.011310737014
0.000000000000 1900000000 0.999996721554 0.002508846160 0.000512418020 -21.358668224424 -0.002509474268 0.999996096250 0.001228830402 0.011899602570 -0.000509333073 -0.001230112273 0.999999113701 -0.290003094532 -0.000000000000 0.000000000000 -0.000000000000 1.000000000000 -11.866202739653 -0.078215656203 -0.263886256774 0.010720690060 -0.004398023841 -0.012170213613
0.000000000000 2000000000 0.999993055121 0.003726166157 0.000073458661 -22.545127021777 -0.003726177611 0.999993045545 0.000156405114 0.031124135878 -0.000072875359 -0.000156677748 0.999999985071 -0.326023288800 -0.000000000000 0.000000000000 -0.000000000000 1.000000000000 -11.866202739653 -0.078215656203 -0.263886256774 0.010720690060 -0.004398023841 -0.012170213613
0.000000000000 2000000000 0.999994423430 0.003331706561 0.000229870356 -22.561881431804 -0.003331926295 0.999993986167 0.000962235389 0.032351378585 -0.000226663088 -0.000962995934 0.999999510631 -0.304201982363 -0.000000000000 0.000000000000 -0.000000000000 1.000000000000 -11.860378538208 -0.148105749584 -0.378395890445 0.004041390399 0.004056828913 -0.008964390514
0.000000000000 2100000000 0.999990860288 0.004227829919 0.000636234383 -23.748016834915 -0.004228184947 0.999990905665 0.000557708277 0.038426505186 -0.000633870701 -0.000560393296 0.999999642084 -0.332633739046 -0.000000000000 0.000000000000 -0.000000000000 1.000000000000 -11.860378538208 -0.148105749584 -0.378395890445 0.004041390399 0.004056828913 -0.008964390514
0.000000000000 2100000000 0.999991882306 0.003932997928 0.000875698865 -23.761062836841 -0.003933563143 0.999992055715 0.000644660531 0.040082068540 -0.000873156460 -0.000648099915 0.999999408782 -0.314884290509 -0.000000000000 0.000000000000 -0.000000000000 1.000000000000 -11.906881576904 -0.081114918474 -0.323473253985 0.001900079918 0.002107113888 -0.016017634305
0.000000000000 2200000000 0.999984092730 0.005534626349 0.001087289326 -24.951731469580 -0.005535121675 0.999984578454 0.000453080498 0.071046187951 -0.001084764927 -0.000459091569 0.999999306260 -0.342088917518 -0.000000000000 0.000000000000 -0.000000000000 1.000000000000 -11.906881576904 -0.081114918474 -0.323473253985 0.001900079918 0.002107113888 -0.016017634305
0.000000000000 2200000000 0.999986117939 0.005193994817 0.000886761666 -24.969731223766 -0.005193660447 0.999986441050 -0.000378955949 0.064639730691 -0.000888717937 0.000374345149 0.999999535023 -0.332113072448 -0.000000000000 0.000000000000 -0.000000000000 1.000000000000 -11.726111281008 -0.145934851949 -0.335534667201 -0.022969800705 -0.012993220047 -0.010457542799
0.000000000000 2300000000 0.999980441666 0.006240732582 -0.000411755046 -26.141794114242 -0.006239931996 0.999978692468 0.001917774550 0.075931884833 0.000423714591 -0.001915167718 0.999998076297 -0.399032954550 -0.000000000000 0.000000000000 -0.000000000000 1.000000000000 -11.726111281008 -0.145934851949 -0.335534667201 -0.022969800705 -0.012993220047 -0.010457542799
0.000000000000 2300000000 0.999982636175 0.005871479590 -0.000503067216 -26.167786312045 -0.005871249813 0.999982659630 0.000457016584 0.080844183878 0.000505741856 -0.000454055015 0.999999769030 -0.387126021687 -0.000000000000 0.000000000000 -0.000000000000 1.000000000000 -11.753348424259 -0.267315897961 -0.199158551902 -0.021603923404 -0.015001555967 -0.007526393477
0.000000000000 2400000000 0.999976041012 0.006626397894 -0.002002062180 -27.342437476007 -0.006621146471 0.999974652018 0.002618346885 0.073348471135 0.002019361640 -0.002605028205 0.999994567989 -0.447345140886 -0.000000000000 0.000000000000 -0.000000000000 1.000000000000 -11.753348424259 -0.267315897961 -0.199158551902 -0.021603923404 -0.015001555967 -0.007526393477
0.000000000000 2400000000 0.999978148924 0.006401007358 -0.001651901777 -27.363218503079 -0.006397037756 0.999976665282 0.002397248291 0.086121677799 0.001667208035 -0.002386628630 0.999995762202 -0.429777431894 -0.000000000000 0.000000000000 -0.000000000000 1.000000000000 -11.753647664245 -0.203947702146 -0.315894186957 0.007751721148 0.002915578667 -0.013582462428
0.000000000000 2500000000 0.999968979764 0.007758633575 -0.001357613787 -28.538583033577 -0.007756425626 0.999968599551 0.001624122356 0.104033346569 0.001370172128 -0.001613541745 0.999997759553 -0.453143948024 -0.000000000000 0.000000000000 -0.000000000000 1.000000000000 -11.753647664245 -0.203947702146 -0.315894186957 0.007751721148 0.002915578667 -0.013582462428
0.000000000000 2500000000 0.999974701434 0.007057978937 -0.000883982411 -28.557301738344 -0.007055668365 0.999971753751 0.002590220677 0.107501652325 0.000902239164 -0.002583918062 0.999996254659 -0.427154403513 -0.000000000000 0.000000000000 -0.000000000000 1.000000000000 -11.800030719743 -0.337024547575 -0.285067299452 -0.004349599864 0.005676469107 -0.017575071580
0.000000000000 2600000000 0.999961108939 0.008813832172 -0.000311402229 -29.737346857962 -0.008812849902 0.999956586864 0.003026229422 0.124837400716 0.000338061388 -0.003023367388 0.999995372471 -0.439166197858 -0.000000000000 0.000000000000 -0.000000000000 1.000000000000 -11.800030719743 -0.337024547575 -0.285067299452 -0.004349599864 0.005676469107 -0.017575071580
0.000000000000 2600000000 0.999966235420 0.008211224388 0.000322201999 -29.767924457418 -0.008212227271 0.999961011922 0.003245606125 0.135369049735 -0.000295539037 -0.003248142535 0.999994681099 -0.409786868588 -0.000000000000 0.000000000000 -0.000000000000 1.000000000000 -11.815768844959 -0.392495602899 -0.270263232777 0.003521265401 0.000710729537 -0.012946229317
0.000000000000 2700000000 0.999954742124 0.009505571952 0.000397248224 -30.949356132482 -0.009506682116 0.999950625509 0.002893015511 0.135571150546 -0.000369728843 -0.002896661092 0.999995736318 -0.434607856160 -0.000000000000 0.000000000000 -0.000000000000 1.000000000000 -11.815768844959 -0.392495602899 -0.270263232777 0.003521265401 0.000710729537 -0.012946229317
0.000000000000 2700000000 0.999960033431 0.008899682496 0.000852755393 -30.968516319987 -0.008901939622 0.999956783803 0.002680670972 0.147230007466 -0.000828861419 -0.002688155012 0.999996043398 -0.416394340912 -0.000000000000 0.000000000000 -0.000000000000 1.000000000000 -11.565219184200 -0.422424298148 -0.147408747250 0.004592654081 -0.008099438749 -0.014431844952
0.000000000000 2800000000 0.999946490217 0.010344783888 0.000046350754 -32.124469963831 -0.010344861319 0.999944024472 0.002220758138 0.150715428313 -0.000023374897 -0.002221118798 0.999997533039 -0.456617753607 -0.000000000000 0.000000000000 -0.000000000000 1.000000000000 -11.565219184200 -0.422424298148 -0.147408747250 0.004592654081 -0.008099438749 -0.014431844952
0.000000000000 2800000000 0.999954256180 0.009556545336 0.000397478105 -32.165520168403 -0.009557537083 0.999951015646 0.002572895827 0.142057149930 -0.000372870639 -0.002576577045 0.999996611103 -0.449746685939 -0.000000000000 0.000000000000 -0.000000000000 1.000000000000 -11.776001188128 -0.153276917878 -0.175555965822 -0.005347878719 -0.007058809365 -0.009826132655
0.000000000000 2900000000 0.999944394255 0.010541110006 -0.000305609134 -33.342640831688 -0.010540109929 0.999939622517 0.003107636431 0.158662676161 0.000338348619 -0.003104242475 0.999995124588 -0.490503126274 -0.000000000000 0.000000000000 -0.000000000000 1.000000000000 -11.776001188128 -0.153276917878 -0.175555965822 -0.005347878719 -0.007058809365 -0.009826132655
0.000000000000 2900000000 0.999951332822 0.009865353645 0.000082376206 -33.356360930010 -0.009865566013 0.999946260659 0.003185341720 0.159578466318 -0.000050947256 -0.003185999387 0.999994923393 -0.474010529110 -0.000000000000 0.000000000000 -0.000000000000 1.000000000000 -11.812436453273 -0.380155953439 -0.123352423780 -0.004055847252 -0.006803711446 -0.017832614791
0.000000000000 3000000000 0.999931951858 0.011650804666 -0.000591948840 -34.536965880170 -0.011648605803 0.999925703231 0.003591378552 0.181899234414 0.000633747311 -0.003584238787 0.999993375776 -0.509511283751 -0.000000000000 0.000000000000 -0.000000000000 1.000000000000 -11.812436453273 -0.380155953439 -0.123352423780 -0.004055847252 -0.006803711446 -0.017832614791
0.000000000000 3000000000 0.999940016645 0.010942071284 0.000483929556 -34.564859961923 -0.010944217228 0.999929160100 0.004679625146 0.199794665021 -0.000432690483 -0.004684640677 0.999988933399 -0.483012327501 -0.000000000000 0.000000000000 -0.000000000000 1.000000000000 -11.935877480597 -0.322999496978 -0.044323612971 0.019905017539 -0.010261273973 -0.010277486044
0.000000000000 3100000000 0.999928169829 0.011973525147 -0.000538404119 -35.757723889572 -0.011972035834 0.999924716541 0.002689165135 0.204632842979 0.000570562373 -0.002682526179 0.999996239249 -0.523122367479 -0.000000000000 0.000000000000 -0.000000000000 1.000000000000 -11.935877480597 -0.322999496978 -0.044323612971 0.019905017539 -0.010261273973 -0.010277486044
0.000000000000 3100000000 0.999932797021 0.011585601731 0.000418657343 -35.777089160700 -0.011587145955 0.999925275192 0.003896419081 0.210113338316 -0.000373483700 -0.003901008273 0.999992321293 -0.504150628170 -0.000000000000 0.000000000000 -0.000000000000 1.000000000000 -11.796034558541 -0.326124565216 -0.025150392883 0.006323762807 -0.011876129059 -0.005323446390
0.000000000000 3200000000 0.999926229786 0.012122154655 -0.000767041929 -36.955958572314 -0.012119590094 0.999921227362 0.003264139625 0.197193557077 0.000806549913 -0.003254602595 0.999994378504 -0.549726274200 -0.000000000000 0.000000000000 -0.000000000000 1.000000000000 -11.796034558541 -0.326124565216 -0.025150392883 0.006323762807 -0.011876129059 -0.005323446390
0.000000000000 3200000000 0.999933721319 0.011513112049 -0.000034938511 -36.961031990556 -0.011512770479 0.999919971342 0.005244714317 0.201231069133 0.000095318699 -0.005243964465 0.999986245781 -0.532654144217 -0.000000000000 0.000000000000 -0.000000000000 1.000000000000 -11.786737997969 -0.254562626369 -0.155526019815 0.007365268377 -0.013363587369 -0.006132178985
0.000000000000 3300000000 0.999925458876 0.012132785057 -0.001368290480 -38.138827584262 -0.012126504435 0.999916306585 0.004508626709 0.199217470010 0.001422878162 -0.004491698051 0.999988899972 -0.598239509310 -0.000000000000 0.000000000000 -0.000000000000 1.000000000000 -11.786737997969 -0.254562626369 -0.155526019815 0.007365268377 -0.013363587369 -0.006132178985
0.000000000000 3300000000 0.999930235310 0.011767198920 -0.001028368698 -38.169775526230 -0.011762203942 0.999919610641 0.004735273384 0.211358364231 0.001084006932 -0.004722847147 0.999988259753 -0.591005397973 -0.000000000000 0.000000000000 -0.000000000000 1.000000000000 -11.782171175262 -0.373499634716 -0.093207680457 0.006156063555 -0.019023862929 0.002027397199
0.000000000000 3400000000 0.999928734771 0.011572852965 -0.002931629891 -39.346828103402 -0.011560729082 0.999924687731 0.004119272945 0.166539789572 0.002979080843 -0.004085087605 0.999987218487 -0.673943126706 -0.000000000000 0.000000000000 -0.000000000000 1.000000000000 -11.782171175262 -0.373499634716 -0.093207680457 0.006156063555 -0.019023862929 0.002027397199
0.000000000000 3400000000 0.999931990650 0.011470987667 -0.002104879291 -39.380645244169 -0.011461541929 0.999924430055 0.004446035961 0.200992786373 0.002155720649 -0.004421608427 0.999987901050 -0.655003576800 -0.000000000000 0.000000000000 -0.000000000000 1.000000000000 -11.714474362651 -0.243645598865 -0.009093773893 0.007692639003 -0.012310920249 -0.007229229858
0.000000000000 3500000000 0.999920036747 0.012198815167 -0.003333019757 -40.551108634214 -0.012186539889 0.999918974251 0.003678746876 0.206043474098 0.003377626050 -0.003637834734 0.999987678824 -0.704958130796 -0.000000000000 0.000000000000 -0.000000000000 1.000000000000 -11.714474362651 -0.243645598865 -0.009093773893 0.007692639003 -0.012310920249 -0.007229229858
0.000000000000 3500000000 0.999926937079 0.011894017045 -0.002157049435 -40.567598272952 -0.011885131469 0.999921019419 0.004086388766 0.193139643278 0.002205482647 -0.004060453386 0.999989324225 -0.673149707599 -0.000000000000 0.000000000000 -0.000000000000 1.000000000000 -11.855383746870 -0.059832073562 -0.071980831285 0.012851939048 -0.005273294967 0.003391002852
0.000000000000 3600000000 0.999929612303 0.011556742798 -0.002685541875 -41.752836418868 -0.011549219081 0.999929384197 0.002800385277 0.174082473582 0.002717715566 -0.002769172253 0.999992472825 -0.701816773461 -0.000000000000 0.000000000000 -0.000000000000 1.000000000000 -11.855383746870 -0.059832073562 -0.071980831285 0.012851939048 -0.005273294967 0.003391002852
0.000000000000 3600000000 0.999932526368 0.011478443939 -0.001785507364 -41.761769105135 -0.011472806974 0.999929267897 0.003135905507 0.187429439974 0.001821376387 -0.003115209135 0.999993489009 -0.673283774195 -0.000000000000 0.000000000000 -0.000000000000 1.000000000000 -11.828975220895 -0.214690258735 -0.129643410331 0.014024580961 -0.014307659685 0.004748890252
0.000000000000 3700000000 0.999934244601 0.011007028667 -0.003217420325 -42.943730456710 -0.011001495998 0.999937981243 0.001732268245 0.146843019978 0.003236287911 -0.001696757902 0.999993323704 -0.746610547953 -0.000000000000 0.000000000000 -0.000000000000 1.000000000000 -11.828975220895 -0.214690258735 -0.129643410331 0.014024580961 -0.014307659685 0.004748890252
0.000000000000 3700000000 0.999932574096 0.011269486475 -0.002801059833 -42.963461349364 -0.011268057598 0.999936375403 0.000525379553 0.169221339473 0.002806802375 -0.000493781625 0.999995939012 -0.736481310553 -0.000000000000 0.000000000000 -0.000000000000 1.000000000000 -11.795048873827 -0.305185859583 -0.036974217263 0.016368221862 -0.027360088549 0.013677271031
0.000000000000 3800000000 0.999935656754 0.009900907815 -0.005536639378 -44.140955091588 -0.009907238330 0.999950298090 -0.001117129751 0.080440575485 0.005525303598 0.001171910677 0.999984048695 -0.859133545449 -0.000000000000 -0.000000000000 -0.000000000000 1.000000000000 -11.795048873827 -0.305185859583 -0.036974217263 0.016368221862 -0.027360088549 0.013677271031
0.000000000000 3800000000 0.999932707140 0.010041015664 -0.005810266370 -44.165922342984 -0.010043419275 0.999949489610 -0.000384652943 0.107593014978 0.005806110585 0.000442981999 0.999983046280 -0.877706170442 -0.000000000000 -0.000000000000 -0.000000000000 1.000000000000 -11.883464798953 -0.403735234074 -0.156144422885 0.000563580845 -0.024319190571 0.014443400410
0.000000000000 3900000000 0.999929094284 0.008595564535 -0.008241521416 -45.352063359599 -0.008599573804 0.999962921206 -0.000451157414 0.002625190797 0.008237337878 0.000521998996 0.999965936311 -1.002167838630 -0.000000000000 -0.000000000000 -0.000000000000 1.000000000000 -11.883464798953 -0.403735234074 -0.156144422885 0.000563580845 -0.024319190571 0.014443400410
0.000000000000 3900000000 0.999929364891 0.008819989485 -0.007966995299 -45.381394703835 -0.008828414569 0.999960505556 -0.001022948934 0.040502418464 0.007957658248 0.001093212615 0.999967739760 -1.003383000438 -0.000000000000 -0.000000000000 -0.000000000000 1.000000000000 -11.677482643985 -0.231839401099 0.062328834235 0.007306186663 -0.035598245116 0.024654905016
0.000000000000 4000000000 0.999913447246 0.006349330557 -0.011523194805 -46.545225307056 -0.006370226212 0.999978130013 -0.001777558636 -0.095213474896 0.011511656486 0.001850810141 0.999932025823 -1.160791518852 -0.000000000000 -0.000000000000 -0.000000000000 1.000000000000 -11.677482643985 -0.231839401099 0.062328834235 0.007306186663 -0.035598245116 0.024654905016
0.000000000000 4000000000 0.999912335135 0.006477871081 -0.011548126741 -46.578808035849 -0.006491499403 0.999978276712 -0.001143039580 -0.060436303060 0.011540471414 0.001217904034 0.999932664848 -1.180465880379 -0.000000000000 -0.000000000000 -0.000000000000 1.000000000000 -11.738829528740 -0.306190660992 -0.016641603597 0.005597715231 -0.030041866824 0.012090046259
0.000000000000 4099999000 0.999880280118 0.005264361727 -0.014550323918 -47.748804635315 -0.005289918907 0.999984531571 -0.001718539307 -0.147375919463 0.014541051835 0.001795303597 0.999892661587 -1.323877155237 -0.000000000000 -0.000000000000 -0.000000000000 1.000000000000 -11.738829528740 -0.306190660992 -0.016641603597 0.005597715231 -0.030041866824 0.012090046259
0.000000000000 4099999000 0.999889235198 0.004827868659 -0.014078672534 -47.777048503103 -0.004829103314 0.999988338371 -0.000053702577 -0.154947931209 0.014078249085 0.000121683993 0.999900889136 -1.315734124672 -0.000000000000 -0.000000000000 -0.000000000000 1.000000000000 -11.679644089811 -0.250376882352 0.016861291895 0.019137066730 -0.008578552585 0.005948732078
0.000000000000 4200000000 0.999879497952 0.004232075080 -0.014935833279 -48.943759674313 -0.004262052732 0.999988965427 -0.001975836552 -0.206197764034 0.014927306580 0.002039255769 0.999886502036 -1.355879692105 -0.000000000000 -0.000000000000 -0.000000000000 1.000000000000 -11.679644089811 -0.250376882352 0.016861291895 0.019137066730 -0.008578552585 0.005948732078
0.000000000000 4200000000 0.999905267668 0.003349618209 -0.013350496191 -48.969892634754 -0.003346482739 0.999994367437 0.000257190640 -0.221693275315 0.013351282484 -0.000212489070 0.999910845078 -1.307967097992 -0.000000000000 0.000000000000 -0.000000000000 1.000000000000 -11.768877932872 -0.299104647060 0.132601563406 -0.007524665481 0.002363792581 0.010888423239
0.000000000000 4300000000 0.999911441584 0.002260641192 -0.013114819477 -50.146799169172 -0.002247781777 0.999996978539 0.000995182935 -0.306539725334 0.013117029603 -0.000965615551 0.999913501819 -1.282793715012 -0.000000000000 0.000000000000 -0.000000000000 1.000000000000 -11.768877932872 -0.299104647060 0.132601563406 -0.007524665481 0.002363792581 0.010888423239
0.000000000000 4300000000 0.999936697626 0.002110261513 -0.011052037658 -50.174652707508 -0.002084840889 0.999995156113 0.002311101273 -0.293995419230 0.011056861152 -0.002287913235 0.999936253605 -1.205286325710 -0.000000000000 0.000000000000 -0.000000000000 1.000000000000 -11.748312536589 -0.208958007574 0.127007173978 0.046798104313 -0.009384406796 0.009046212945
0.000000000000 4400000000 0.999927385975 0.001205592739 -0.011990384585 -51.348042355681 -0.001234200957 0.999996408983 -0.002378816724 -0.355085752578 0.011987473643 0.002393442533 0.999925283163 -1.241740569775 -0.000000000000 -0.000000000000 -0.000000000000 1.000000000000 -11.748312536589 -0.208958007574 0.127007173978 0.046798104313 -0.009384406796 0.009046212945
0.000000000000 4400000000 0.999945277747 0.000855123772 -0.010426421972 -51.367496691214 -0.000865845011 0.999999101067 -0.001023805408 -0.353302362864 0.010425537119 0.001032777049 0.999945119268 -1.194544987611 -0.000000000000 -0.000000000000 -0.000000000000 1.000000000000 -12.028438398859 -0.226689643611 0.192130419890 -0.005734630954 -0.011944306512 -0.004487734212
0.000000000000 4500000000 0.999931623660 0.001303004980 -0.011621109332 -52.569046979369 -0.001308269583 0.999999045011 -0.000445430172 -0.353346536112 0.011620517836 0.000460603259 0.999932373418 -1.237201804330 -0.000000000000 -0.000000000000 -0.000000000000 1.000000000000 -12.028438398859 -0.226689643611 0.192130419890 -0.005734630954 -0.011944306512 -0.004487734212
0.000000000000 4500000000 0.999950079476 0.000342778272 -0.009986043244 -52.580799714722 -0.000338116548 0.999999833089 0.000468508412 -0.392371155500 0.009986202172 -0.000465108578 0.999950028471 -1.184388881041 -0.000000000000 0.000000000000 -0.000000000000 1.000000000000 -11.859995230344 -0.340221490080 0.196375089568 0.014028945839 -0.010127676141 -0.009179917353
0.000000000000 4600000000 0.999938715045 0.001260529890 -0.010998964409 -53.765934945491 -0.001270776700 0.999998765049 -0.000924676802 -0.375894775831 0.010997785243 0.000938597361 0.999939082022 -1.219142671641 -0.000000000000 -0.000000000000 -0.000000000000 1.000000000000 -11.859995230344 -0.340221490080 0.196375089568 0.014028945839 -0.010127676141 -0.009179917353
0.000000000000 4600000000 0.999957402812 0.001154904272 -0.009157442717 -53.800597137397 -0.001143829085 0.999998608243 0.001214564393 -0.370009823334 0.009158832678 -0.001204038107 0.999957332128 -1.157510337820 -0.000000000000 0.000000000000 -0.000000000000 1.000000000000 -11.789466807313 -0.162700214807 0.145643022475 0.015272933134 -0.009440614887 -0.012607004104
0.000000000000 4700000000 0.999946066045 0.002416017400 -0.010100884173 -54.978866062734 -0.002419176199 0.999997028633 -0.000300518462 -0.315914460928 0.010100128101 0.000324938073 0.999948939610 -1.194817294792 -0.000000000000 -0.000000000000 -0.000000000000 1.000000000000 -11.789466807313 -0.162700214807 0.145643022475 0.015272933134 -0.009440614887 -0.012607004104
0.000000000000 4700000000 0.999961299027 0.002045108783 -0.008556750422 -54.997075607475 -0.002040372206 0.999997760380 0.000562241566 -0.307160186163 0.008557881104 -0.000544760851 0.999963232277 -1.137717346112 -0.000000000000 0.000000000000 -0.000000000000 1.000000000000 -12.082396001661 -0.291374651709 0.134035241366 0.008148394011 -0.025663649997 -0.020203729966
0.000000000000 4800000000 0.999929875349 0.004065815446 -0.011122658335 -56.202765855260 -0.004068655000 0.999991695919 -0.000232678520 -0.222985374973 0.011121619943 0.000277916462 0.999938114251 -1.267219784296 -0.000000000000 -0.000000000000 -0.000000000000 1.000000000000 -12.082396001661 -0.291374651709 0.134035241366 0.008148394011 -0.025663649997 -0.020203729966
0.000000000000 4800000000 0.999944604031 0.003971153705 -0.009747759093 -56.211333550994 -0.003961352102 0.999991628881 0.001024625538 -0.207416453203 0.009751746439 -0.000985954472 0.999951964514 -1.224199777787 -0.000000000000 0.000000000000 -0.000000000000 1.000000000000 -12.007420855996 -0.280301792004 0.190819112579 0.017142537853 -0.023779506683 -0.011997479136
0.000000000000 4900000000 0.999913113505 0.005171182858 -0.012125358068 -57.409250407770 -0.005179763997 0.999986356168 -0.000676404176 -0.165090668507 0.012121694821 0.000739151899 0.999926256365 -1.340529522856 -0.000000000000 -0.000000000000 -0.000000000000 1.000000000000 -12.007420855996 -0.280301792004 0.190819112579 0.017142537853 -0.023779506683 -0.011997479136
0.000000000000 4900000000 0.999928909380 0.005390253075 -0.010635852490 -57.429279395107 -0.005381761096 0.999985176341 0.000826889001 -0.150125496646 0.010640151968 -0.000769590600 0.999943095829 -1.288924643041 -0.000000000000 0.000000000000 -0.000000000000 1.000000000000 -11.900524086808 -0.102648669039 0.118168298662 0.012784418322 -0.017600941288 -0.005993115125
0.000000000000 5000000000 0.999905229928 0.005989775652 -0.012395715021 -58.617066003954 -0.005995746330 0.999981926530 -0.000444566280 -0.123910963684 0.012392828135 0.000518845712 0.999923071346 -1.379409342444 -0.000000000000 -0.000000000000 -0.000000000000 1.000000000000 -11.900524086808 -0.102648669039 0.118168298662 0.012784418322 -0.017600941288 -0.005993115125
0.000000000000 5000000000 0.999922908481 0.006137605611 -0.010793835843 -58.628101936485 -0.006137652328 0.999981164020 0.000028797559 -0.088171364792 0.010793809279 0.000037453473 0.999941744442 -1.318905750243 -0.000000000000 0.000000000000 -0.000000000000 1.000000000000 -11.954545234484 -0.320509465075 0.136278963076 0.011455947566 -0.010661873043 -0.009238073800
0.000000000000 5100000000 0.999904733286 0.007060738325 -0.011860452246 -59.822194290355 -0.007074352007 0.999974364538 -0.001106259403 -0.063970450670 0.011852337190 0.001190059027 0.999929050414 -1.368510218802 -0.000000000000 -0.000000000000 -0.000000000000 1.000000000000 -11.954545234484 -0.320509465075 0.136278963076 0.011455947566 -0.010661873043 -0.009238073800
0.000000000000 5100000000 0.999924980507 0.006972320309 -0.010070755101 -59.844366106789 -0.006973721153 0.999975677904 -0.000103990326 -0.040574751491 0.010069785105 0.000174213162 0.999949283253 -1.296860066116 -0.000000000000 -0.000000000000 -0.000000000000 1.000000000000 -11.940456218464 -0.595046883004 0.294310507440 0.021547940955 -0.016894775339 -0.005887634683
0.000000000000 5200000000 0.999902267925 0.007558942896 -0.011760823959 -61.036189639525 -0.007585935662 0.999968690036 -0.002252227119 -0.061621884454 0.011743431272 0.002341223858 0.999928302676 -1.369651783070 -0.000000000000 -0.000000000000 -0.000000000000 1.000000000000 -11.940456218464 -0.595046883004 0.294310507440 0.021547940955 -0.016894775339 -0.005887634683
0.000000000000 5200000000 0.999925875238 0.007298101780 -0.009745857549 -61.065633775533 -0.007297833066 0.999973368469 0.000063134964 -0.030752332393 0.009746058767 0.000007993358 0.999952506009 -1.290539194692 -0.000000000000 0.000000000000 -0.000000000000 1.000000000000 -11.527169809711 -0.425567213154 0.305384689352 0.003198477778 -0.016006323707 -0.003169843687
0.000000000000 5300000000 0.999906632312 0.007614799078 -0.011346430881 -62.216244130353 -0.007618163794 0.999970949275 -0.000253352029 -0.053346212951 0.011344172035 0.000339767343 0.999935595085 -1.358678681268 -0.000000000000 -0.000000000000 -0.000000000000 1.000000000000 -11.527169809711 -0.425567213154 0.305384689352 0.003198477778 -0.016006323707 -0.003169843687
0.000000000000 5300000000 0.999931723596 0.007208935300 -0.009196705835 -62.258761843080 -0.007203053007 0.999973831495 0.000672571638 -0.036918412513 0.009201313696 -0.000606281358 0.999957483221 -1.275968854449 -0.000000000000 0.000000000000 -0.000000000000 1.000000000000 -11.703569166946 -0.379236453068 0.163281491450 -0.004959662978 -0.011254949975 0.000948793672
0.000000000000 5400000000 0.999921410933 0.007115015318 -0.010322233981 -63.427646572389 -0.007103337090 0.999974089334 0.001167588103 -0.081450849268 0.010330273932 -0.001094174035 0.999946042656 -1.330341075519 -0.000000000000 0.000000000000 -0.000000000000 1.000000000000 -11.703569166946 -0.379236453068 0.163281491450 -0.004959662978 -0.011254949975 0.000948793672
