0.000000000000 0 1.000000000000 -0.000000000000 0.000000000000 -0.000000000000 -0.000000000000 1.000000000000 -0.000000000000 0.000000000000 0.000000000000 -0.000000000000 1.000000000000 -0.000000000000 -0.000000000000 0.000000000000 -0.000000000000 1.000000000000 0.000000000000 0.000000000000 0.000000000000 0.000000000000 0.000000000000 0.000000000000
0.000000000000 100000000 1.000000000000 -0.000000000000 0.000000000000 -0.000000000000 -0.000000000000 1.000000000000 -0.000000000000 0.000000000000 0.000000000000 -0.000000000000 1.000000000000 -0.000000000000 -0.000000000000 0.000000000000 -0.000000000000 1.000000000000 0.000000000000 0.000000000000 0.000000000000 0.000000000000 0.000000000000 0.000000000000
0.000000000000 100000000 1.000000000000 -0.000000000000 0.000000000000 -0.000000000000 -0.000000000000 1.000000000000 -0.000000000000 0.000000000000 0.000000000000 -0.000000000000 1.000000000000 -0.000000000000 -0.000000000000 0.000000000000 -0.000000000000 1.000000000000 -5.044676017935 -0.105447228761 -0.118858836906 -0.015536116211 0.007990369537 -0.020689690009
0.000000000000 200000000 0.999997540455 0.002068345776 0.000800643163 -0.504482849365 -0.002069587169 0.999996652831 0.001552783132 -0.010031972884 -0.000797428791 -0.001554436313 0.999998473916 -0.011676409795 -0.000000000000 0.000000000000 -0.000000000000 1.000000000000 -5.044676017935 -0.105447228761 -0.118858836906 -0.015536116211 0.007990369537 -0.020689690009
0.000000000000 200000000 0.999996715928 0.002129342889 0.001426195008 -0.793785853375 -0.002133300798 0.999993861949 0.002779404890 0.009511277039 -0.001420267948 -0.002782438265 0.999995120426 -0.011074713986 -0.000000000000 0.000000000000 -0.000000000000 1.000000000000 -5.910408303590 -0.176395984258 -0.158446231274 0.003259738546 0.018090351335 -0.006284632313
0.000000000000 300000000 0.999990971651 0.002753059570 0.003236862702 -1.384858795777 -0.002761002411 0.999993182337 0.002451967792 -0.007437824040 -0.003230090221 -0.002460882640 0.999991755253 -0.024948392413 -0.000000000000 0.000000000000 -0.000000000000 1.000000000000 -5.910408303590 -0.176395984258 -0.158446231274 0.003259738546 0.018090351335 -0.006284632313
0.000000000000 300000000 0.999986855093 0.003932622815 0.003290003036 -1.396725516973 -0.003941245536 0.999988804905 0.002618520371 -0.004977063535 -0.003279668551 -0.002631452661 0.999991159576 -0.025559266163 -0.000000000000 0.000000000000 -0.000000000000 1.000000000000 -5.737387510636 0.026162416772 -0.005300073099 -0.001435742945 0.008826499724 -0.009148175502
0.000000000000 400000000 0.999979546838 0.004845040510 0.004175103279 -1.970489136613 -0.004856582035 0.999984401530 0.002758678546 -0.000824235018 -0.004161672245 -0.002778898854 0.999987479024 -0.024602814430 -0.000000000000 0.000000000000 -0.000000000000 1.000000000000 -5.737387510636 0.026162416772 -0.005300073099 -0.001435742945 0.008826499724 -0.009148175502
0.000000000000 400000000 0.999968488491 0.006259885744 0.004882197829 -1.965179507355 -0.006279415074 0.999972303708 0.003995092450 0.000210682888 -0.004857053788 -0.004025623905 0.999980101492 -0.029741340213 -0.000000000000 0.000000000000 -0.000000000000 1.000000000000 -5.544649213706 -0.040514606928 -0.006997061434 -0.010422237472 0.012434481381 -0.010869090817
0.000000000000 500000000 0.999954261445 0.007341099606 0.006130519877 -2.519680902469 -0.007371988902 0.999960169082 0.005031304857 -0.001433428366 -0.006093340382 -0.005076268857 0.999968550854 -0.027652010888 -0.000000000000 0.000000000000 -0.000000000000 1.000000000000 -5.544649213706 -0.040514606928 -0.006997061434 -0.010422237472 0.012434481381 -0.010869090817
0.000000000000 500000000 0.999946203574 0.007961127778 0.006649090379 -2.513498561577 -0.008003277040 0.999947895313 0.006336735462 0.002993256807 -0.006598296370 -0.006389609080 0.999957816801 -0.031236531094 -0.000000000000 0.000000000000 -0.000000000000 1.000000000000 -5.552809862382 0.025471132801 -0.058408041706 -0.013337001341 0.013743762858 -0.003792591929
0.000000000000 600000000 0.999933089070 0.008330659084 0.008026051413 -3.068822143175 -0.008392222772 0.999935387289 0.007667583965 0.006555857736 -0.007961656800 -0.007734427331 0.999938393430 -0.033247575546 -0.000000000000 0.000000000000 -0.000000000000 1.000000000000 -5.552809862382 0.025471132801 -0.058408041706 -0.013337001341 0.013743762858 -0.003792591929
0.000000000000 600000000 0.999930017501 0.008928226023 0.007761886400 -3.083801713587 -0.008989277932 0.999928652024 0.007866622091 0.015277407743 -0.007691097625 -0.007935845319 0.999938932824 -0.032116549704 -0.000000000000 0.000000000000 -0.000000000000 1.000000000000 -5.544378695850 -0.061053487978 -0.098844920832 -0.011571261707 0.008045614448 -0.012209702677
0.000000000000 700000000 0.999911783692 0.010142242992 0.008576697558 -3.638251010096 -0.010219510571 0.999907153152 0.009013694016 0.013234401429 -0.008484482163 -0.009100548513 0.999922593794 -0.039313321522 -0.000000000000 0.000000000000 -0.000000000000 1.000000000000 -5.544378695850 -0.061053487978 -0.098844920832 -0.011571261707 0.008045614448 -0.012209702677
0.000000000000 700000000 0.999916696207 0.010396599700 0.007649271885 -3.651267900733 -0.010464558636 0.999905649146 0.008898641328 0.012792584826 -0.007556034558 -0.008977946292 0.999931149041 -0.035436287915 -0.000000000000 0.000000000000 -0.000000000000 1.000000000000 -5.588518261828 -0.058699616549 -0.120790903591 0.004742768294 0.000796107865 -0.007549949320
0.000000000000 800000000 0.999907906980 0.011150826044 0.007735414545 -4.210114473233 -0.011215883658 0.999901660824 0.008418588613 0.009909872152 -0.007640779634 -0.008504572829 0.999934643228 -0.047197086149 -0.000000000000 0.000000000000 -0.000000000000 1.000000000000 -5.588518261828 -0.058699616549 -0.120790903591 0.004742768294 0.000796107865 -0.007549949320
0.000000000000 800000000 0.999894426749 0.012294264207 0.007745090295 -4.243467690838 -0.012363000025 0.999884052761 0.008890290464 0.007405700722 -0.007634892694 -0.008985104438 0.999930485740 -0.050924781777 -0.000000000000 0.000000000000 -0.000000000000 1.000000000000 -5.533775501668 0.033556661339 0.024452584136 0.001295346452 0.004103223062 0.001213697910
0.000000000000 900000000 0.999892702551 0.012169247080 0.008154312440 -4.796866332174 -0.012240627491 0.999886693145 0.008761729812 0.010219075522 -0.008046764845 -0.008860603601 0.999928367074 -0.046623655721 -0.000000000000 0.000000000000 -0.000000000000 1.000000000000 -5.533775501668 0.033556661339 0.024452584136 0.001295346452 0.004103223062 0.001213697910
0.000000000000 900000000 0.999871746124 0.012815710688 0.009604627099 -4.822434715258 -0.012903061821 0.999875446517 0.009088588861 0.023327226902 -0.009486954084 -0.009211352312 0.999912570523 -0.052615087134 -0.000000000000 0.000000000000 -0.000000000000 1.000000000000 -5.715868561759 -0.042413999605 0.067111115226 0.021349567859 0.020063412775 -0.008596469207
0.000000000000 1000000000 0.999839219206 0.013658887495 0.011617681823 -5.394090137580 -0.013740159143 0.999881482563 0.006944699678 0.023571508726 -0.011521448053 -0.007103211901 0.999908396112 -0.035605069690 -0.000000000000 0.000000000000 -0.000000000000 1.000000000000 -5.715868561759 -0.042413999605 0.067111115226 0.021349567859 0.020063412775 -0.008596469207
0.000000000000 1000000000 0.999816192712 0.013935316601 0.013167677897 -5.409600170015 -0.014044148500 0.999867677749 0.008209073419 0.027857287978 -0.013051539483 -0.008392493356 0.999879604439 -0.039138444723 -0.000000000000 0.000000000000 -0.000000000000 1.000000000000 -5.768014572487 -0.123932117238 0.060922053758 0.034510289136 0.023424379370 -0.015258420201
0.000000000000 1100000000 0.999760262028 0.015445301884 0.015519701008 -5.986431036944 -0.015520499488 0.999868330749 0.004736587514 0.024260108087 -0.015444499516 -0.004976325486 0.999868343143 -0.019609287991 -0.000000000000 0.000000000000 -0.000000000000 1.000000000000 -5.768014572487 -0.123932117238 0.060922053758 0.034510289136 0.023424379370 -0.015258420201
0.000000000000 1100000000 0.999726003280 0.015900956763 0.017177832793 -6.027379391346 -0.015997602699 0.999856883816 0.005503507391 0.028464678457 -0.017087863334 -0.005776803592 0.999837303498 -0.023782886605 -0.000000000000 0.000000000000 -0.000000000000 1.000000000000 -5.829083500785 -0.090361971392 0.069212043898 0.008342347579 0.012148004860 -0.004424753842
0.000000000000 1200000000 0.999697325915 0.016336845405 0.018394674219 -6.610296616459 -0.016425183087 0.999854231053 0.004661545459 0.022238203907 -0.018315837899 -0.004962270422 0.999819936766 -0.009164421248 -0.000000000000 0.000000000000 -0.000000000000 1.000000000000 -5.829083500785 -0.090361971392 0.069212043898 0.008342347579 0.012148004860 -0.004424753842
0.000000000000 1200000000 0.999676272471 0.016961894501 0.018964292567 -6.644355728648 -0.017041880099 0.999846517089 0.004064060569 0.025728492912 -0.018892447705 -0.004385932121 0.999811901819 -0.004734083059 -0.000000000000 0.000000000000 -0.000000000000 1.000000000000 -5.960465462353 0.007342777752 -0.145232353227 0.014782273282 -0.019622580515 -0.001040194978
0.000000000000 1300000000 0.999709667762 0.017073021732 0.017002708956 -7.240362847296 -0.017119371592 0.999850113254 0.002584210199 0.027212540287 -0.016956040198 -0.002874535612 0.999852103936 -0.032840911149 -0.000000000000 0.000000000000 -0.000000000000 1.000000000000 -5.960465462353 0.007342777752 -0.145232353227 0.014782273282 -0.019622580515 -0.001040194978
0.000000000000 1300000000 0.999730847853 0.017428859128 0.015312306162 -7.259810222393 -0.017458956287 0.999845898641 0.001834070852 0.034835374912 -0.015277980752 -0.002100914092 0.999881077661 -0.030744915426 -0.000000000000 0.000000000000 -0.000000000000 1.000000000000 -6.300484858553 -0.269978977536 -0.090974855764 0.013320255364 -0.071306441642 -0.018528319999
0.000000000000 1400000000 0.999780410131 0.019291150265 0.008184316658 -7.889364865931 -0.019295725086 0.999813704765 0.000480372932 0.021954440494 -0.008173525012 -0.000638189771 0.999966392537 -0.093816658598 -0.000000000000 0.000000000000 -0.000000000000 1.000000000000 -6.300484858553 -0.269978977536 -0.090974855764 0.013320255364 -0.071306441642 -0.018528319999
0.000000000000 1400000000 0.999815534684 0.018344411019 0.005690271349 -7.909176106403 -0.018351843618 0.999830800909 0.001256737774 0.035722099571 -0.005666254446 -0.001360932919 0.999983020567 -0.105113041258 -0.000000000000 0.000000000000 -0.000000000000 1.000000000000 -6.575646640578 -0.238856515880 -0.146615031803 0.019837937050 -0.082783664198 -0.012824714281
0.000000000000 1500000000 0.999803982558 0.019629063998 -0.002587722576 -8.565494316270 -0.019631010692 0.999807027343 -0.000729037234 0.022690411577 0.002572912897 0.000779693940 0.999996386092 -0.187908912070 -0.000000000000 -0.000000000000 -0.000000000000 1.000000000000 -6.575646640578 -0.238856515880 -0.146615031803 0.019837937050 -0.082783664198 -0.012824714281
0.000000000000 1500000000 0.999799948675 0.019465962063 -0.004597711522 -8.586523703356 -0.019464032717 0.999810450098 0.000464009145 0.026543659503 0.004605872411 -0.000374426312 0.999989322815 -0.194354154875 -0.000000000000 0.000000000000 -0.000000000000 1.000000000000 -6.555260822700 -0.101394163035 -0.352659554745 0.017144169846 -0.011667022113 -0.011988617565
0.000000000000 1600000000 0.999769856118 0.020664005503 -0.005764865572 -9.241764206802 -0.020671503965 0.999785547484 -0.001244172948 0.027463275778 0.005737919686 0.001363055050 0.999982609028 -0.239974095296 -0.000000000000 -0.000000000000 -0.000000000000 1.000000000000 -6.555260822700 -0.101394163035 -0.352659554745 0.017144169846 -0.011667022113 -0.011988617565
0.000000000000 1600000000 0.999763668273 0.020821513199 -0.006250775149 -9.262649718079 -0.020825783417 0.999782928335 -0.000618832945 0.034547503914 0.006236533245 0.000748863985 0.999980272233 -0.246411214881 -0.000000000000 -0.000000000000 -0.000000000000 1.000000000000 -6.576447154080 -0.066705132276 0.032385364754 0.039849780746 0.026602221449 -0.010975786744
0.000000000000 1700000000 0.999753137158 0.021926052786 -0.003593459675 -9.920871404445 -0.021942482632 0.999748659761 -0.004598343384 0.039329654686 0.003491732974 0.004676057650 0.999982970998 -0.217509448582 -0.000000000000 -0.000000000000 -0.000000000000 1.000000000000 -6.576447154080 -0.066705132276 0.032385364754 0.039849780746 0.026602221449 -0.010975786744
0.000000000000 1700000000 0.999766945725 0.021523449627 -0.001671930573 -9.947618791054 -0.021530282346 0.999759448794 -0.004182282734 0.044237648151 0.001581511236 0.004217305172 0.999989856528 -0.207538892178 -0.000000000000 -0.000000000000 -0.000000000000 1.000000000000 -6.590390216197 -0.181998834873 -0.031731872337 0.016397639489 0.073875244161 -0.009256330893
0.000000000000 1800000000 0.999730858946 0.022485461899 0.005710838235 -10.607888006542 -0.022452195809 0.999730954421 -0.005823888316 0.035832509929 -0.005840254578 0.005694100011 0.999966733772 -0.134719017962 -0.000000000000 0.000000000000 -0.000000000000 1.000000000000 -6.590390216197 -0.181998834873 -0.031731872337 0.016397639489 0.073875244161 -0.009256330893
0.000000000000 1800000000 0.999739658035 0.021868761755 0.006509486333 -10.641226663906 -0.021833250224 0.999746621943 -0.005477325907 0.048672279136 -0.006627619307 0.005333776685 0.999963812089 -0.125672826826 -0.000000000000 0.000000000000 -0.000000000000 1.000000000000 -6.795454020268 -0.381935083057 0.056480274421 -0.012065522743 0.025399325498 -0.022190613817
0.000000000000 1900000000 0.999668713469 0.024099154400 0.009038477065 -11.320956871145 -0.024061169253 0.999701291659 -0.004288075324 0.034714894573 -0.009139116186 0.004069178416 0.999949957919 -0.092183705292 -0.000000000000 0.000000000000 -0.000000000000 1.000000000000 -6.795454020268 -0.381935083057 0.056480274421 -0.012065522743 0.025399325498 -0.022190613817
0.000000000000 1900000000 0.999694382629 0.023237094138 0.008436752656 -11.354753445440 -0.023198071616 0.999719868296 -0.004694082089 0.056442929813 -0.008543466082 0.004496931103 0.999953392313 -0.091920143890 -0.000000000000 0.000000000000 -0.000000000000 1.000000000000 -7.236842676272 -0.355982668475 -0.226024075383 -0.039166321935 -0.032737239447 -0.020468794679
0.000000000000 2000000000 0.999667233857 0.025274922261 0.005157504887 -12.077934380312 -0.025271169740 0.999680319679 -0.000791470893 0.044347614736 -0.005175860499 0.000660871337 0.999986386766 -0.153075649690 -0.000000000000 0.000000000000 -0.000000000000 1.000000000000 -7.236842676272 -0.355982668475 -0.226024075383 -0.039166321935 -0.032737239447 -0.020468794679
0.000000000000 2000000000 0.999700368178 0.024353418781 0.002466750679 -12.109649373873 -0.024350660551 0.999702826317 -0.001142096586 0.059408302478 -0.002493831582 0.001081687370 0.999996305371 -0.160735580687 -0.000000000000 0.000000000000 -0.000000000000 1.000000000000 -7.465859853193 -0.249844937441 -0.114373322182 0.007819005955 -0.085047693578 -0.005873559945
0.000000000000 2100000000 0.999671029652 0.024927184535 -0.006038869648 -12.854343215803 -0.024939201989 0.999687120299 -0.001922943602 0.041926456334 0.005989046638 0.002072915601 0.999979916969 -0.278290531450 -0.000000000000 -0.000000000000 -0.000000000000 1.000000000000 -7.465859853193 -0.249844937441 -0.114373322182 0.007819005955 -0.085047693578 -0.005873559945
0.000000000000 2100000000 0.999661410012 0.024871827177 -0.007645753492 -12.886064586586 -0.024880037845 0.999689962971 -0.000980638919 0.059230934804 0.007618992743 0.001170533521 0.999970289959 -0.296877401974 -0.000000000000 -0.000000000000 -0.000000000000 1.000000000000 -7.391440378234 -0.207637581788 -0.164991539660 -0.000918308664 -0.035648278403 -0.004157190183
0.000000000000 2200000000 0.999617464441 0.025283247140 -0.011210807264 -13.624016013096 -0.025294744029 0.999679645131 -0.000884892702 0.043947386851 0.011184842866 0.001168128699 0.999936765383 -0.360633293430 -0.000000000000 -0.000000000000 -0.000000000000 1.000000000000 -7.391440378234 -0.207637581788 -0.164991539660 -0.000918308664 -0.035648278403 -0.004157190183
0.000000000000 2200000000 0.999617459087 0.024894244128 -0.012050398242 -13.657006503161 -0.024902100204 0.999689768425 -0.000502305808 0.068349675887 0.012034155304 0.000802193880 0.999927265150 -0.370149920413 -0.000000000000 -0.000000000000 -0.000000000000 1.000000000000 -7.460110709388 -0.333209671382 -0.097326551455 -0.011373696457 -0.003804665910 -0.010815460057
0.000000000000 2300000000 0.999585292757 0.025975349356 -0.012430757435 -14.402810066590 -0.025969295297 0.999662530815 0.000648217414 0.049773117769 0.012443400112 -0.000325130583 0.999922525041 -0.385287586302 -0.000000000000 0.000000000000 -0.000000000000 1.000000000000 -7.460110709388 -0.333209671382 -0.097326551455 -0.011373696457 -0.003804665910 -0.010815460057
0.000000000000 2300000000 0.999601976796 0.025367693685 -0.012343747547 -14.447454622365 -0.025348494225 0.999677213800 0.001709400388 0.067321688717 0.012383126701 -0.001395824594 0.999922351909 -0.384041872553 -0.000000000000 0.000000000000 -0.000000000000 1.000000000000 -7.609342403257 -0.301643803654 -0.078155352540 -0.007476098634 0.017162392523 -0.010954000176
0.000000000000 2400000000 0.999593411937 0.026459649215 -0.010625336505 -15.208967177735 -0.026434830281 0.999647488429 0.002469539451 0.053119511168 0.010686934099 -0.002187656398 0.999940500029 -0.366453616853 -0.000000000000 0.000000000000 -0.000000000000 1.000000000000 -7.609342403257 -0.301643803654 -0.078155352540 -0.007476098634 0.017162392523 -0.010954000176
0.000000000000 2400000000 0.999632793319 0.025236082161 -0.009870090046 -15.258682816339 -0.025206328434 0.999677378074 0.003127422891 0.062546041248 0.009945829640 -0.002877485749 0.999946398838 -0.356141038074 -0.000000000000 0.000000000000 -0.000000000000 1.000000000000 -7.953715744302 -0.317956581072 -0.019585588899 0.017516926472 0.015656947074 -0.008639049411
0.000000000000 2500000000 0.999624949218 0.026096534919 -0.008302515641 -16.054548070331 -0.026085925105 0.999658746775 0.001383657007 0.044880402082 0.008335791034 -0.001166559265 0.999964576236 -0.333492119911 -0.000000000000 0.000000000000 -0.000000000000 1.000000000000 -7.953715744302 -0.317956581072 -0.019585588899 0.017516926472 0.015656947074 -0.008639049411
0.000000000000 2500000000 0.999655889114 0.025212321204 -0.007241699976 -16.095448528473 -0.025207025163 0.999681914770 0.000821683570 0.047452778638 0.007260113048 -0.000638859107 0.999973440956 -0.320843203262 -0.000000000000 0.000000000000 -0.000000000000 1.000000000000 -7.866635191276 -0.179909919264 0.171527364850 0.014617310323 0.033153240004 0.000823805844
0.000000000000 2600000000 0.999676477431 0.025130132584 -0.003926436954 -16.883060445650 -0.025132835191 0.999683915233 -0.000640483886 0.028520160435 0.003909100422 0.000738959168 0.999992086405 -0.248967632659 -0.000000000000 -0.000000000000 -0.000000000000 1.000000000000 -7.866635191276 -0.179909919264 0.171527364850 0.014617310323 0.033153240004 0.000823805844
0.000000000000 2600000000 0.999714632952 0.023800917250 -0.002041812943 -16.921809085976 -0.023797019669 0.999714981667 0.001912403094 0.033712487096 0.002086747937 -0.001863268295 0.999996086849 -0.236182213030 -0.000000000000 0.000000000000 -0.000000000000 1.000000000000 -8.086485791554 -0.158667485293 0.164126974008 -0.015115687728 0.039678208964 -0.004432673850
0.000000000000 2700000000 0.999704468662 0.024233475582 0.001927173629 -17.731213949578 -0.024239975228 0.999700305036 0.003423990779 0.025232946498 -0.001843620868 -0.003469693524 0.999992281115 -0.151065399378 -0.000000000000 0.000000000000 -0.000000000000 1.000000000000 -8.086485791554 -0.158667485293 0.164126974008 -0.015115687728 0.039678208964 -0.004432673850
0.000000000000 2700000000 0.999716148551 0.023433395861 0.004300963299 -17.800745472175 -0.023455496403 0.999711554708 0.005162080237 0.016400644963 -0.004178757636 -0.005261496202 0.999977427066 -0.132895081870 -0.000000000000 0.000000000000 -0.000000000000 1.000000000000 -8.111241649436 -0.004492457155 0.231937700367 0.013113001448 0.043183243680 0.004389233737
0.000000000000 2800000000 0.999698913300 0.022974488052 0.008617171515 -18.612230295321 -0.023008370569 0.999727845072 0.003853656898 0.008068011157 -0.008526290515 -0.004050763688 0.999955445849 -0.031063535598 -0.000000000000 0.000000000000 -0.000000000000 1.000000000000 -8.111241649436 -0.004492457155 0.231937700367 0.013113001448 0.043183243680 0.004389233737
0.000000000000 2800000000 0.999697540913 0.022430534205 0.010084534046 -18.662521010100 -0.022494789902 0.999727084336 0.006304067899 0.013155911486 -0.009940378208 -0.006529010651 0.999929277950 -0.023316580491 -0.000000000000 0.000000000000 -0.000000000000 1.000000000000 -8.526051179856 -0.214575284546 0.024495793664 0.039500845236 0.024547129759 0.003295711499
0.000000000000 2900000000 0.999677372122 0.022089801188 0.012537637398 -19.515123030638 -0.022121035054 0.999752519188 0.002358004442 -0.014597368726 -0.012482446724 -0.002634589201 0.999918620420 0.025987914278 -0.000000000000 0.000000000000 -0.000000000000 1.000000000000 -8.526051179856 -0.214575284546 0.024495793664 0.039500845236 0.024547129759 0.003295711499
0.000000000000 2900000000 0.999697401100 0.021067374088 0.012699290644 -19.566921479659 -0.021102571355 0.999773819846 0.002643980295 -0.006057645637 -0.012640716595 -0.002911167917 0.999915865153 0.026062985405 -0.000000000000 0.000000000000 -0.000000000000 1.000000000000 -8.637008849730 -0.425999824249 0.013627794466 -0.006894634915 -0.007197876401 -0.012258654512
0.000000000000 3000000000 0.999679610133 0.022295282745 0.011983215409 -20.430655083780 -0.022336517307 0.999745002062 0.003318259557 -0.024128290236 -0.011906178179 -0.003584859719 0.999922692863 0.013041351366 -0.000000000000 0.000000000000 -0.000000000000 1.000000000000 -8.637008849730 -0.425999824249 0.013627794466 -0.006894634915 -0.007197876401 -0.012258654512
0.000000000000 3000000000 0.999694616483 0.021345987367 0.012450807106 -20.478790680546 -0.021388468759 0.999765831167 0.003288804556 -0.009640718042 -0.012377688734 -0.003554103908 0.999917077145 0.019294472351 -0.000000000000 0.000000000000 -0.000000000000 1.000000000000 -8.886191576308 -0.460200744009 0.004107268387 0.013078075942 -0.008102800284 -0.015086948060
0.000000000000 3100000000 0.999670934858 0.022856650018 0.011644550234 -21.367444440878 -0.022881008660 0.999736268417 0.001962919996 -0.024108676740 -0.011596613423 -0.002228713123 0.999930273267 0.002729398131 -0.000000000000 0.000000000000 -0.000000000000 1.000000000000 -8.886191576308 -0.460200744009 0.004107268387 0.013078075942 -0.008102800284 -0.015086948060
0.000000000000 3100000000 0.999685404583 0.021601100008 0.012746934586 -21.400227652573 -0.021644142221 0.999760460754 0.003248418301 -0.011332298108 -0.012673711786 -0.003523292828 0.999913477976 0.015238733248 -0.000000000000 0.000000000000 -0.000000000000 1.000000000000 -9.056973445748 -0.419029575583 0.062980628157 0.036823912831 0.009201396502 -0.013121596315
0.000000000000 3200000000 0.999644052683 0.022911374408 0.013668827985 -22.305922653970 -0.022907349433 0.999737490525 -0.000450977302 -0.024664902064 -0.013675572298 0.000137700159 0.999906475507 0.041578064698 -0.000000000000 0.000000000000 -0.000000000000 1.000000000000 -9.056973445748 -0.419029575583 0.062980628157 0.036823912831 0.009201396502 -0.013121596315
0.000000000000 3200000000 0.999664695268 0.021464371380 0.014483707923 -22.360101237634 -0.021476868429 0.999769094892 0.000707828855 -0.018861141715 -0.014465170460 -0.001018656207 0.999894855064 0.053456889442 -0.000000000000 0.000000000000 -0.000000000000 1.000000000000 -9.177150586915 -0.586855884734 -0.087494171313 0.038944515041 0.015770767794 -0.013502342345
0.000000000000 3300000000 0.999610701602 0.022815709592 0.016058911523 -23.277755378947 -0.022767044084 0.999735654184 -0.003206782993 -0.046996370296 -0.016127831446 0.002839920651 0.999865904961 0.080566067604 -0.000000000000 0.000000000000 -0.000000000000 1.000000000000 -9.177150586915 -0.586855884734 -0.087494171313 0.038944515041 0.015770767794 -0.013502342345
0.000000000000 3300000000 0.999640523129 0.021549261781 0.015951609195 -23.303343657116 -0.021500282128 0.999763606162 -0.003235685776 -0.037999763708 -0.016017564973 0.002891558524 0.999867529477 0.082101522057 -0.000000000000 0.000000000000 -0.000000000000 1.000000000000 -9.221101921036 -0.627426304762 -0.117836788079 0.035375198773 0.003105930302 -0.014586852303
0.000000000000 3400000000 0.999603103930 0.023009014509 0.016254841246 -24.225505345713 -0.022901066901 0.999714635747 -0.006796190715 -0.066359850898 -0.016406576346 0.006421240127 0.999844783918 0.077513918330 -0.000000000000 0.000000000000 -0.000000000000 1.000000000000 -9.221101921036 -0.627426304762 -0.117836788079 0.035375198773 0.003105930302 -0.014586852303
0.000000000000 3400000000 0.999641942118 0.021227368233 0.016290684350 -24.268717973285 -0.021132700716 0.999758905845 -0.005961471638 -0.063311007316 -0.016413303115 0.005615070929 0.999849525908 0.079829103906 -0.000000000000 0.000000000000 -0.000000000000 1.000000000000 -9.318113162697 -0.786798008526 -0.108442485489 0.005214566521 -0.005211998642 -0.014671581637
0.000000000000 3500000000 0.999618289208 0.022691081705 0.015760415321 -25.200688899875 -0.022590890571 0.999723621257 -0.006506363293 -0.105736541530 -0.015903695899 0.006147837926 0.999854627706 0.056048998010 -0.000000000000 0.000000000000 -0.000000000000 1.000000000000 -9.318113162697 -0.786798008526 -0.108442485489 0.005214566521 -0.005211998642 -0.014671581637
0.000000000000 3500000000 0.999643405397 0.021328047798 0.016067869255 -25.240119110564 -0.021211424992 0.999747670655 -0.007393948229 -0.053812023643 -0.016221513341 0.007050489184 0.999843564317 0.062633298570 -0.000000000000 0.000000000000 -0.000000000000 1.000000000000 -9.365246464479 -0.752873807099 -0.059598859699 -0.001008801868 -0.000183597119 -0.018896419601
0.000000000000 3600000000 0.999601834774 0.023217045889 0.016035607121 -26.176772040317 -0.023101989794 0.999706289691 -0.007323415788 -0.080513660293 -0.016200925379 0.006950045427 0.999844601368 0.056208203297 -0.000000000000 0.000000000000 -0.000000000000 1.000000000000 -9.365246464479 -0.752873807099 -0.059598859699 -0.001008801868 -0.000183597119 -0.018896419601
0.000000000000 3600000000 0.999634022478 0.021547519265 0.016356207345 -26.226332790878 -0.021426996262 0.999742220041 -0.007508481730 -0.056338955812 -0.016513780197 0.007155269401 0.999838035475 0.062620806614 -0.000000000000 0.000000000000 -0.000000000000 1.000000000000 -9.578856911592 -0.506957729168 -0.062113131689 -0.003472422806 -0.009968264487 -0.017800701480
0.000000000000 3700000000 0.999610253103 0.023320127113 0.015346451112 -27.184367964870 -0.023211954358 0.999704714472 -0.007189508868 -0.059481252328 -0.015509579787 0.006830485656 0.999856388388 0.029809049468 -0.000000000000 0.000000000000 -0.000000000000 1.000000000000 -9.578856911592 -0.506957729168 -0.062113131689 -0.003472422806 -0.009968264487 -0.017800701480
0.000000000000 3700000000 0.999624293174 0.022575680111 0.015543846463 -27.219761356127 -0.022456184009 0.999717245342 -0.007819793227 -0.042156044452 -0.015715988519 0.007467799800 0.999848608376 0.032959778334 -0.000000000000 0.000000000000 -0.000000000000 1.000000000000 -9.612245170988 -0.507158084174 -0.154181217072 0.005976067047 -0.013852707887 -0.002960271849
0.000000000000 3800000000 0.999638424186 0.022860841439 0.014156370269 -28.181013185116 -0.022743119878 0.999705869390 -0.008421710310 -0.084675464081 -0.014344733831 0.008096705197 0.999864326784 -0.020868801303 -0.000000000000 0.000000000000 -0.000000000000 1.000000000000 -9.612245170988 -0.507158084174 -0.154181217072 0.005976067047 -0.013852707887 -0.002960271849
0.000000000000 3800000000 0.999657505481 0.022283322943 0.013723164853 -28.230580267353 -0.022159836678 0.999713155058 -0.009085661348 -0.047574688119 -0.013921687158 0.008778446467 0.999864553579 -0.029812650165 -0.000000000000 0.000000000000 -0.000000000000 1.000000000000 -9.465331620877 -0.494517451575 -0.126242206183 -0.010573774948 -0.016900146777 -0.019006294081
0.000000000000 3900000000 0.999635648773 0.024169399063 0.012017064967 -29.177097560251 -0.024073609950 0.999677754362 -0.008052871447 -0.042534732515 -0.012207825584 0.007760643239 0.999895365231 -0.090899003079 -0.000000000000 0.000000000000 -0.000000000000 1.000000000000 -9.465331620877 -0.494517451575 -0.126242206183 -0.010573774948 -0.016900146777 -0.019006294081
0.000000000000 3900000000 0.999678813183 0.022299417702 0.012041862135 -29.230003576286 -0.022180299524 0.999704605594 -0.009936592309 -0.034411007356 -0.012259885259 0.009666308698 0.999878121418 -0.093119903241 -0.000000000000 0.000000000000 -0.000000000000 1.000000000000 -9.677838844585 -0.821170652102 -0.012440642561 -0.018197224405 -0.005116637899 -0.015591959128
0.000000000000 4000000000 0.999649128987 0.023853654675 0.011516165778 -30.197817538652 -0.023760778462 0.999684570295 -0.008135436099 -0.070382536153 -0.011706593120 0.007858948546 0.999900591362 -0.109471925651 -0.000000000000 0.000000000000 -0.000000000000 1.000000000000 -9.677838844585 -0.821170652102 -0.012440642561 -0.018197224405 -0.005116637899 -0.015591959128
0.000000000000 4000000000 0.999654548631 0.023106527458 0.012524846899 -30.227667485575 -0.023002054190 0.999699941489 -0.008422142794 -0.047823120141 -0.012715695186 0.008131136146 0.999886091373 -0.086631055402 -0.000000000000 0.000000000000 -0.000000000000 1.000000000000 -9.970385203216 -0.586337291562 -0.072480018713 0.023656303165 0.005835506795 -0.013708944454
0.000000000000 4099999000 0.999614490226 0.024482404887 0.013095143449 -31.224830407197 -0.024341611621 0.999645305725 -0.010805030606 -0.064141841241 -0.013355031811 0.010482108265 0.999855873880 -0.076081433030 -0.000000000000 0.000000000000 -0.000000000000 1.000000000000 -9.970385203216 -0.586337291562 -0.072480018713 0.023656303165 0.005835506795 -0.013708944454
0.000000000000 4099999000 0.999637835576 0.023208990657 0.013621322890 -31.252797609056 -0.023068618262 0.999680062873 -0.010373559973 -0.046888255034 -0.013857724780 0.010055577940 0.999853413664 -0.071839232716 -0.000000000000 0.000000000000 -0.000000000000 1.000000000000 -10.217775701686 -0.634764589168 -0.016867004395 -0.000004371373 -0.003470077256 -0.022088469351
0.000000000000 4200000000 0.999589190494 0.025413581764 0.013251419166 -32.274644657354 -0.025276618408 0.999626367338 -0.010402801797 -0.040203546518 -0.013510840457 0.010063577162 0.999858080732 -0.084548171221 -0.000000000000 0.000000000000 -0.000000000000 1.000000000000 -10.217775701686 -0.634764589168 -0.016867004395 -0.000004371373 -0.003470077256 -0.022088469351
0.000000000000 4200000000 0.999623686582 0.023907158269 0.013451134028 -32.320966991725 -0.023755949866 0.999654024205 -0.011291002471 -0.041346642438 -0.013716416044 0.010967209049 0.999845778236 -0.082371347752 -0.000000000000 0.000000000000 -0.000000000000 1.000000000000 -10.236657681734 -0.466798468393 -0.088919187732 -0.023645795792 -0.013869270882 -0.007162545454
0.000000000000 4300000000 0.999624426538 0.024609572694 0.012057147256 -33.344519056241 -0.024502662607 0.999659826999 -0.008935872010 -0.064768590990 -0.012272953731 0.008637083722 0.999887381354 -0.136674315853 -0.000000000000 0.000000000000 -0.000000000000 1.000000000000 -10.236657681734 -0.466798468393 -0.088919187732 -0.023645795792 -0.013869270882 -0.007162545454
0.000000000000 4300000000 0.999630207191 0.024586198464 0.011617560661 -33.356342606528 -0.024464915214 0.999645871914 -0.010468939229 -0.012691148769 -0.011870837974 0.010180845254 0.999877709320 -0.154308369809 -0.000000000000 0.000000000000 -0.000000000000 1.000000000000 -9.981559429963 -0.385294766661 -0.133462645773 -0.032135828911 -0.031654748260 -0.004243207803
0.000000000000 4400000000 0.999652172192 0.024983106427 0.008448610810 -34.353830947348 -0.024922020499 0.999663036570 -0.007259904283 -0.037543764845 -0.008627138898 0.007046822635 0.999937955458 -0.274741430361 -0.000000000000 0.000000000000 -0.000000000000 1.000000000000 -9.981559429963 -0.385294766661 -0.133462645773 -0.032135828911 -0.031654748260 -0.004243207803
0.000000000000 4400000000 0.999658930440 0.024689315978 0.008512371414 -34.401534839398 -0.024607007376 0.999650701293 -0.009642125886 -0.010191043678 -0.008747455547 0.009429373264 0.999917281049 -0.271584430711 -0.000000000000 0.000000000000 -0.000000000000 1.000000000000 -10.152773195464 -0.535802932476 0.022413178592 0.001812556786 -0.035875761937 -0.014786054338
0.000000000000 4500000000 0.999646411823 0.026133060553 0.004910649197 -35.415634948022 -0.026083840184 0.999611394313 -0.009833292509 -0.012094941282 -0.005165714920 0.009701726984 0.999939594117 -0.394582494771 -0.000000000000 0.000000000000 -0.000000000000 1.000000000000 -10.152773195464 -0.535802932476 0.022413178592 0.001812556786 -0.035875761937 -0.014786054338
0.000000000000 4500000000 0.999664899176 0.025378805876 0.005099565436 -35.440916267971 -0.025327475945 0.999630285895 -0.009889918316 0.002186739572 -0.005348674372 0.009757445075 0.999938090058 -0.404604544200 -0.000000000000 0.000000000000 -0.000000000000 1.000000000000 -10.372795016324 -0.537120833042 -0.026321968489 -0.001640072506 -0.017477871377 -0.008043263368
0.000000000000 4600000000 0.999652021759 0.026165877359 0.003343987971 -36.477439942564 -0.026132261422 0.999611147057 -0.009729316118 -0.022674126335 -0.003597263743 0.009638544560 0.999947077676 -0.470084052492 -0.000000000000 0.000000000000 -0.000000000000 1.000000000000 -10.372795016324 -0.537120833042 -0.026321968489 -0.001640072506 -0.017477871377 -0.008043263368
0.000000000000 4600000000 0.999661559995 0.025713220545 0.003949146523 -36.514168107266 -0.025674916165 0.999625566701 -0.009461769293 0.009223752966 -0.004190960391 0.009357173046 0.999947438200 -0.462192543888 -0.000000000000 0.000000000000 -0.000000000000 1.000000000000 -10.407601341438 -0.295617859216 0.072998796819 0.008767112588 -0.003824468404 -0.012782860386
0.000000000000 4700000000 0.999629459754 0.026987253072 0.003554062861 -37.554726907664 -0.026949232548 0.999583291436 -0.010343227105 0.027410770296 -0.003831717140 0.010243615256 0.999940191357 -0.469040411133 -0.000000000000 0.000000000000 -0.000000000000 1.000000000000 -10.407601341438 -0.295617859216 0.072998796819 0.008767112588 -0.003824468404 -0.012782860386
0.000000000000 4700000000 0.999644393363 0.026230784377 0.004799246610 -37.590059531432 -0.026186367872 0.999615705502 -0.009094803493 0.029864858968 -0.005035966115 0.008965894483 0.999947124493 -0.445408753858 -0.000000000000 0.000000000000 -0.000000000000 1.000000000000 -10.221099181961 -0.364708320541 0.008015653040 0.002192144804 0.002762691827 -0.013752514771
0.000000000000 4800000000 0.999606005748 0.027607987001 0.005062837728 -38.612239013479 -0.027559969263 0.999576695914 -0.009320787473 0.045889094375 -0.005318022787 0.009177583484 0.999943743715 -0.434072737059 -0.000000000000 0.000000000000 -0.000000000000 1.000000000000 -10.221099181961 -0.364708320541 0.008015653040 0.002192144804 0.002762691827 -0.013752514771
0.000000000000 4800000000 0.999622792927 0.026834631275 0.005845889532 -38.660801003917 -0.026775664805 0.999592028934 -0.009941803974 0.050611127314 -0.006110289222 0.009781526277 0.999933490843 -0.416343077996 -0.000000000000 0.000000000000 -0.000000000000 1.000000000000 -10.216828793053 -0.468413641424 -0.052747970896 -0.007279004038 -0.009636363047 -0.014624909834
0.000000000000 4900000000 0.999587976074 0.028287413522 0.004868297891 -39.681980765359 -0.028241668923 0.999558586013 -0.009221782051 0.060738907352 -0.005127009318 0.009080493599 0.999945627727 -0.459405291149 -0.000000000000 0.000000000000 -0.000000000000 1.000000000000 -10.216828793053 -0.468413641424 -0.052747970896 -0.007279004038 -0.009636363047 -0.014624909834
0.000000000000 4900000000 0.999610949893 0.027461630385 0.004879314576 -39.739832001344 -0.027408151054 0.999566965767 -0.010708604172 0.074513969849 -0.005171277396 0.010570704998 0.999930756646 -0.463199695384 -0.000000000000 0.000000000000 -0.000000000000 1.000000000000 -10.229277192954 -0.713010300122 -0.124174369326 -0.026404410923 -0.011083298989 -0.019300822886
0.000000000000 5000000000 0.999561252359 0.029380578765 0.003752915379 -40.762066297121 -0.029349529303 0.999536579171 -0.008076634697 0.079602237763 -0.003988472402 0.007962944792 0.999960341013 -0.520431535986 -0.000000000000 0.000000000000 -0.000000000000 1.000000000000 -10.229277192954 -0.713010300122 -0.124174369326 -0.026404410923 -0.011083298989 -0.019300822886
0.000000000000 5000000000 0.999591147173 0.028378661582 0.003491426583 -40.804942036195 -0.028343039596 0.999549615400 -0.009860956340 0.096546014125 -0.003769694842 0.009757967018 0.999945284243 -0.539130610820 -0.000000000000 0.000000000000 -0.000000000000 1.000000000000 -10.555074129576 -0.410269453254 -0.041163391783 -0.005495352700 -0.024166144895 -0.012149032502
0.000000000000 5100000000 0.999562146465 0.029569998058 0.001063281775 -41.858898807798 -0.029558832767 0.999519645035 -0.009314214596 0.105408634395 -0.001338192329 0.009278706966 0.999956056454 -0.643185755160 -0.000000000000 0.000000000000 -0.000000000000 1.000000000000 -10.555074129576 -0.410269453254 -0.041163391783 -0.005495352700 -0.024166144895 -0.012149032502
0.000000000000 5100000000 0.999580864196 0.028920649142 0.001300763400 -41.882858571069 -0.028908189707 0.999543773914 -0.008749891322 0.121550149549 -0.001553222494 0.008708621214 0.999960872943 -0.643712199792 -0.000000000000 0.000000000000 -0.000000000000 1.000000000000 -10.590106879559 -0.797932830343 0.042529359168 0.022819703546 -0.022690202726 -0.012966493016
0.000000000000 5200000000 0.999543568471 0.030194244901 -0.000980970246 -42.940162680698 -0.030203239081 0.999482896442 -0.011031956669 0.098322868795 0.000647361382 0.011056549816 0.999938664934 -0.735441303596 -0.000000000000 -0.000000000000 -0.000000000000 1.000000000000 -10.590106879559 -0.797932830343 0.042529359168 0.022819703546 -0.022690202726 -0.012966493016
0.000000000000 5200000000 0.999562453463 0.029573497160 -0.000556680165 -42.987590943488 -0.029577338773 0.999521135041 -0.009092944364 0.143598346517 0.000287503426 0.009105430895 0.999958503374 -0.732663255627 -0.000000000000 -0.000000000000 -0.000000000000 1.000000000000 -10.649293453049 -0.607954782573 -0.079388232067 0.025917340873 0.009870325394 -0.017215152758
0.000000000000 5300000000 0.999509812954 0.031304372256 0.000412414754 -44.052965355469 -0.031297421458 0.999441817153 -0.011684414228 0.159576919106 -0.000777957804 0.011665779161 0.999931649853 -0.697253644500 -0.000000000000 0.000000000000 -0.000000000000 1.000000000000 -10.649293453049 -0.607954782573 -0.079388232067 0.025917340873 0.009870325394 -0.017215152758
0.000000000000 5300000000 0.999538068611 0.030341234779 0.001748962277 -44.059162323821 -0.030322076814 0.999489148596 -0.010100173048 0.153148267979 -0.002054520539 0.010042475293 0.999947462438 -0.648736501335 -0.000000000000 0.000000000000 -0.000000000000 1.000000000000 -10.492931402817 -0.410145695151 -0.151278970753 0.024558263931 0.033300076173 -0.002446737027
0.000000000000 5400000000 0.999518112875 0.030623138927 0.005075962699 -45.110360169862 -0.030557411015 0.999454138469 -0.012556660760 0.124472163881 -0.005457716293 0.012395501588 0.999908278230 -0.515055773916 -0.000000000000 0.000000000000 -0.000000000000 1.000000000000 -10.492931402817 -0.410145695151 -0.151278970753 0.024558263931 0.033300076173 -0.002446737027
