0.000000000000 0 1.000000000000 -0.000000000000 0.000000000000 -0.000000000000 -0.000000000000 1.000000000000 -0.000000000000 0.000000000000 0.000000000000 -0.000000000000 1.000000000000 -0.000000000000 -0.000000000000 0.000000000000 -0.000000000000 1.000000000000 0.000000000000 0.000000000000 0.000000000000 0.000000000000 0.000000000000 0.000000000000
0.000000000000 100000000 1.000000000000 -0.000000000000 0.000000000000 -0.000000000000 -0.000000000000 1.000000000000 -0.000000000000 0.000000000000 0.000000000000 -0.000000000000 1.000000000000 -0.000000000000 -0.000000000000 0.000000000000 -0.000000000000 1.000000000000 0.000000000000 0.000000000000 0.000000000000 0.000000000000 0.000000000000 0.000000000000
0.000000000000 100000000 1.000000000000 -0.000000000000 0.000000000000 -0.000000000000 -0.000000000000 1.000000000000 -0.000000000000 0.000000000000 0.000000000000 -0.000000000000 1.000000000000 -0.000000000000 -0.000000000000 0.000000000000 -0.000000000000 1.000000000000 -3.617658142113 0.013801164352 -0.056206519161 -0.027195193235 -0.011218069426 0.139489928497
0.000000000000 200000000 0.999902085232 -0.013946995020 -0.001140735902 -0.361760443353 0.013950045744 0.999899016617 0.002711603304 -0.001150833559 0.001102801989 -0.002727251116 0.999995672955 -0.005823149054 -0.000000000000 0.000000000000 -0.000000000000 1.000000000000 -3.617658142113 0.013801164352 -0.056206519161 -0.027195193235 -0.011218069426 0.139489928497
0.000000000000 200000000 0.999825407314 -0.018562410921 -0.002142846058 -0.392239456458 0.018570400603 0.999820444225 0.003770879340 0.010540455781 0.002072464686 -0.003810014482 0.999990594296 -0.009963216424 -0.000000000000 0.000000000000 -0.000000000000 1.000000000000 -3.537588503987 0.130273313015 0.027331356739 -0.012544194790 0.013707069830 0.013144659140
0.000000000000 300000000 0.999802017229 -0.019882685040 -0.000777933655 -0.746031592725 0.019886347267 0.999789627366 0.005023365725 0.022809322336 0.000677892000 -0.005037841443 0.999987080225 -0.006470929469 -0.000000000000 0.000000000000 -0.000000000000 1.000000000000 -3.537588503987 0.130273313015 0.027331356739 -0.012544194790 0.013707069830 0.013144659140
0.000000000000 300000000 0.999753202248 -0.022200462827 -0.000821001939 -0.742723073284 0.022204584736 0.999738819429 0.005408266122 0.022271556114 0.000700721498 -0.005425161382 0.999985038195 -0.018152375891 -0.000000000000 0.000000000000 -0.000000000000 1.000000000000 -3.136167810511 0.011820227096 0.072541686518 -0.032697895929 0.014159000944 -0.027442652274
0.000000000000 400000000 0.999810314507 -0.019466837789 0.000614191770 -1.056293763300 0.019460779295 0.999772957174 0.008678258664 0.025876415013 -0.000782990576 -0.008664659874 0.999962154581 -0.009703065469 -0.000000000000 0.000000000000 -0.000000000000 1.000000000000 -3.136167810511 0.011820227096 0.072541686518 -0.032697895929 0.014159000944 -0.027442652274
0.000000000000 400000000 0.999741030102 -0.022747015469 0.000667846224 -1.054872825911 0.022740441016 0.999704449025 0.008595751365 0.021373319342 -0.000863176530 -0.008578338207 0.999962832829 -0.012564411185 -0.000000000000 0.000000000000 -0.000000000000 1.000000000000 -2.888231924004 -0.111219534104 0.027766388582 -0.004401708889 0.015692803426 -0.074980016629
0.000000000000 500000000 0.999880838870 -0.015264457090 0.002303130735 -1.343561246218 0.015243093085 0.999843088523 0.009024768438 0.019238568008 -0.002440527538 -0.008988586200 0.999956623631 -0.007914724355 -0.000000000000 0.000000000000 -0.000000000000 1.000000000000 -2.888231924004 -0.111219534104 0.027766388582 -0.004401708889 0.015692803426 -0.074980016629
0.000000000000 500000000 0.999827147331 -0.018529878436 0.001522847389 -1.354441952214 0.018515942697 0.999790664268 0.008705602191 0.027980103130 -0.001683842353 -0.008675900449 0.999960945951 -0.021385043541 -0.000000000000 0.000000000000 -0.000000000000 1.000000000000 -3.038799175682 -0.116319463938 0.133538831558 -0.045930090939 0.020405140396 -0.122244690873
0.000000000000 600000000 0.999973132192 -0.006329532474 0.003697554891 -1.657969733467 0.006279965888 0.999892275707 0.013266461871 0.034699792300 -0.003781127076 -0.013242884911 0.999905160041 -0.005100202446 -0.000000000000 0.000000000000 -0.000000000000 1.000000000000 -3.038799175682 -0.116319463938 0.133538831558 -0.045930090939 0.020405140396 -0.122244690873
0.000000000000 600000000 0.999954306236 -0.008610619589 0.004152429510 -1.663455102981 0.008555710546 0.999878050295 0.013064622255 0.033243541204 -0.004264417615 -0.013028498298 0.999906032072 -0.017354570976 -0.000000000000 0.000000000000 -0.000000000000 1.000000000000 -3.207099537919 -0.064751813142 0.107231382851 0.000609925735 0.010552022205 -0.164308280040
0.000000000000 700000000 0.999954846560 0.007804921116 0.005421074348 -1.983444750063 -0.007874450006 0.999885462378 0.012924982091 0.056730373131 -0.005319574966 -0.012967086462 0.999901773571 -0.004704572020 -0.000000000000 0.000000000000 -0.000000000000 1.000000000000 -3.207099537919 -0.064751813142 0.107231382851 0.000609925735 0.010552022205 -0.164308280040
0.000000000000 700000000 0.999969084747 0.005709224919 0.005406875366 -1.986316765133 -0.005786095942 0.999880865602 0.014309985881 0.046972344100 -0.005324532293 -0.014340828183 0.999882988156 -0.010329990405 -0.000000000000 0.000000000000 -0.000000000000 1.000000000000 -3.329067324326 -0.182549548925 0.029555730412 0.039921106707 -0.004798171382 -0.203537098674
0.000000000000 800000000 0.999646863126 0.026064372276 0.005176634026 -2.318014037357 -0.026116200973 0.999606768720 0.010210385674 0.072559730474 -0.004908471118 -0.010341974024 0.999934473095 -0.008170734488 -0.000000000000 0.000000000000 -0.000000000000 1.000000000000 -3.329067324326 -0.182549548925 0.029555730412 0.039921106707 -0.004798171382 -0.203537098674
0.000000000000 800000000 0.999676491915 0.024938282821 0.004999356111 -2.334513708770 -0.024991073346 0.999629433913 0.010790788121 0.077152135679 -0.004728399793 -0.010912236489 0.999929280164 -0.016823527878 -0.000000000000 0.000000000000 -0.000000000000 1.000000000000 -3.379461850025 -0.320663822973 0.042589146474 0.057946178804 0.008187918092 -0.202632121630
0.000000000000 900000000 0.998960917106 0.045181434169 0.005976964273 -2.670729298231 -0.045210870478 0.998965521740 0.004885034776 0.095875505770 -0.005750068357 -0.005150182577 0.999970205723 -0.010017417223 -0.000000000000 0.000000000000 -0.000000000000 1.000000000000 -3.379461850025 -0.320663822973 0.042589146474 0.057946178804 0.008187918092 -0.202632121630
0.000000000000 900000000 0.999014947061 0.043966643234 0.006005816536 -2.679608195178 -0.044001904358 0.999014196735 0.005870871737 0.097494787005 -0.005741773459 -0.006129355983 0.999964730894 -0.018435341752 -0.000000000000 0.000000000000 -0.000000000000 1.000000000000 -3.424051851384 -0.270635936832 0.040048613220 0.034632707301 0.012905693740 -0.211106304817
0.000000000000 1000000000 0.997855378920 0.065039561846 0.007382286589 -3.019636567479 -0.065057862364 0.997878919814 0.002266260091 0.130639790159 -0.007219231604 -0.002741675607 0.999970182510 -0.010359786401 -0.000000000000 0.000000000000 -0.000000000000 1.000000000000 -3.424051851384 -0.270635936832 0.040048613220 0.034632707301 0.012905693740 -0.211106304817
0.000000000000 1000000000 0.997948389765 0.063584710226 0.007483046881 -3.033951437203 -0.063615226750 0.997966828616 0.003913043360 0.139257576034 -0.007219022836 -0.004381051045 0.999964345415 -0.013747808083 -0.000000000000 0.000000000000 -0.000000000000 1.000000000000 -3.663980939713 -0.284666002748 0.069722730803 0.005207998795 -0.001941757718 -0.216920382436
0.000000000000 1100000000 0.996335200590 0.085216810629 0.007366359489 -3.396893104524 -0.085242393975 0.996355003882 0.003231177489 0.180547138574 -0.007064158497 -0.003847261990 0.999967647597 -0.007316970991 -0.000000000000 0.000000000000 -0.000000000000 1.000000000000 -3.663980939713 -0.284666002748 0.069722730803 0.005207998795 -0.001941757718 -0.216920382436
0.000000000000 1100000000 0.996321704080 0.085399310521 0.007072463677 -3.403679599959 -0.085432825951 0.996333405327 0.004580139695 0.175701713492 -0.006655391047 -0.005167513144 0.999964500659 -0.015301392378 -0.000000000000 0.000000000000 -0.000000000000 1.000000000000 -3.805772263365 -0.124466306968 0.046194543793 -0.004679483229 -0.003895148650 -0.206673277906
0.000000000000 1200000000 0.994345862240 0.105973226449 0.006780967646 -3.779995149958 -0.106007461685 0.994353236915 0.004904926386 0.237484537776 -0.006222886254 -0.005596026424 0.999964979474 -0.012177425018 -0.000000000000 0.000000000000 -0.000000000000 1.000000000000 -3.805772263365 -0.124466306968 0.046194543793 -0.004679483229 -0.003895148650 -0.206673277906
0.000000000000 1200000000 0.994429367575 0.105190470639 0.006722930210 -3.781127527322 -0.105241111149 0.994417053731 0.007683213699 0.243181533187 -0.005877195587 -0.008347941985 0.999947883860 -0.016844576416 -0.000000000000 0.000000000000 -0.000000000000 1.000000000000 -3.953883251505 -0.096506732211 0.023770576885 0.024810497524 -0.006874925902 -0.197276585654
0.000000000000 1300000000 0.992163882783 0.124791298415 0.006161293733 -4.171040688558 -0.124823085212 0.992166034903 0.005075094308 0.312013283654 -0.005479698765 -0.005804396967 0.999968140431 -0.016513982100 -0.000000000000 0.000000000000 -0.000000000000 1.000000000000 -3.953883251505 -0.096506732211 0.023770576885 0.024810497524 -0.006874925902 -0.197276585654
0.000000000000 1300000000 0.992294550392 0.123741042208 0.006299185378 -4.184446632172 -0.123783966273 0.992284833675 0.006952593151 0.302113404033 -0.005390264992 -0.007678758445 0.999955989888 -0.021826234904 -0.000000000000 0.000000000000 -0.000000000000 1.000000000000 -4.047827353626 -0.050892851835 -0.006316704993 0.029996707416 -0.008839392937 -0.181527520690
0.000000000000 1400000000 0.989888858387 0.141737969413 0.005513262851 -4.583058573220 -0.141760064151 0.989893577435 0.003845720233 0.376674019607 -0.004912458910 -0.004588396107 0.999977406929 -0.025316718527 -0.000000000000 0.000000000000 -0.000000000000 1.000000000000 -4.047827353626 -0.050892851835 -0.006316704993 0.029996707416 -0.008839392937 -0.181527520690
0.000000000000 1400000000 0.990042288470 0.140658941209 0.005597258131 -4.592242648664 -0.140689431910 0.990038576151 0.005486481698 0.371816020476 -0.004769778764 -0.006219323962 0.999969284138 -0.032711863196 -0.000000000000 0.000000000000 -0.000000000000 1.000000000000 -4.090621007624 -0.051791311347 0.037086818086 0.025824881340 -0.006935535735 -0.157208902717
0.000000000000 1500000000 0.987711571654 0.156208707135 0.004969007607 -4.994893267001 -0.156223859467 0.987717645898 0.002820942265 0.442080096871 -0.004467320752 -0.003562554865 0.999983675491 -0.031278264304 -0.000000000000 0.000000000000 -0.000000000000 1.000000000000 -4.090621007624 -0.051791311347 0.037086818086 0.025824881340 -0.006935535735 -0.157208902717
0.000000000000 1500000000 0.987918248668 0.154885242033 0.005300542291 -5.006714977730 -0.154909855932 0.987917911813 0.004597396402 0.442144751841 -0.004524431817 -0.005362958044 0.999975383796 -0.033098457210 -0.000000000000 0.000000000000 -0.000000000000 1.000000000000 -4.112333231388 -0.176934204404 -0.035247085693 0.019183521531 0.004211827311 -0.144007858726
0.000000000000 1600000000 0.985583073546 0.169093676229 0.005773543087 -5.411188909514 -0.169110714689 0.985593633169 0.002599314147 0.499529274758 -0.005250839723 -0.003538208024 0.999979954682 -0.033526916271 -0.000000000000 0.000000000000 -0.000000000000 1.000000000000 -4.112333231388 -0.176934204404 -0.035247085693 0.019183521531 0.004211827311 -0.144007858726
0.000000000000 1600000000 0.985868779461 0.167417999388 0.005827792465 -5.434892777064 -0.167447154351 0.985868705458 0.004934176519 0.499226546840 -0.004919368252 -0.005840297846 0.999970844944 -0.033872141036 -0.000000000000 0.000000000000 -0.000000000000 1.000000000000 -4.270619816599 -0.276209263228 -0.013922182236 0.000600870825 0.013121575326 -0.130927396297
0.000000000000 1700000000 0.983584695055 0.180303233868 0.007203576251 -5.855162023421 -0.180339776428 0.983592716836 0.004788781179 0.545517020788 -0.006221952403 -0.006009263207 0.999962587332 -0.027825766649 -0.000000000000 0.000000000000 -0.000000000000 1.000000000000 -4.270619816599 -0.276209263228 -0.013922182236 0.000600870825 0.013121575326 -0.130927396297
0.000000000000 1700000000 0.983798995279 0.179118593010 0.007487758433 -5.871519378626 -0.179174499211 0.983787864054 0.007611660292 0.550122015294 -0.006002975993 -0.008829959115 0.999942996426 -0.028736772573 -0.000000000000 0.000000000000 -0.000000000000 1.000000000000 -4.442654682169 -0.294718618028 -0.059234057691 -0.003868692424 0.022411731984 -0.098002443296
0.000000000000 1800000000 0.981979969139 0.188730507969 0.009804874844 -6.310305163956 -0.188809872262 0.981981773958 0.007913769685 0.580333141269 -0.008134638620 -0.009622420478 0.999920615188 -0.021227861002 -0.000000000000 0.000000000000 -0.000000000000 1.000000000000 -4.442654682169 -0.294718618028 -0.059234057691 -0.003868692424 0.022411731984 -0.098002443296
0.000000000000 1800000000 0.982254252978 0.187286246873 0.010022187305 -6.325943893372 -0.187378430536 0.982244569811 0.009215684802 0.594536175972 -0.008118268039 -0.010930087319 0.999907309162 -0.017679142234 -0.000000000000 0.000000000000 -0.000000000000 1.000000000000 -4.613176315321 -0.143741937265 -0.019837110143 0.043459233781 0.013237861944 -0.090079504240
0.000000000000 1900000000 0.980514547315 0.196114915160 0.011408880530 -6.781724896749 -0.196178851739 0.980556510964 0.004773566345 0.639255665972 -0.010250884527 -0.006918732326 0.999923522330 -0.008307421700 -0.000000000000 0.000000000000 -0.000000000000 1.000000000000 -4.613176315321 -0.143741937265 -0.019837110143 0.043459233781 0.013237861944 -0.090079504240
0.000000000000 1900000000 0.980780927988 0.194763541205 0.011659087091 -6.807791664426 -0.194857279787 0.980802774615 0.007520493396 0.634781448432 -0.009970547043 -0.009647814487 0.999903749302 0.000715060102 -0.000000000000 0.000000000000 -0.000000000000 1.000000000000 -4.570159938798 -0.307492277195 -0.044940352180 0.026704607662 0.017467387515 -0.095758354585
0.000000000000 2000000000 0.978850832813 0.204131720031 0.013464322447 -7.258547906195 -0.204210292167 0.978915616291 0.004729984611 0.671366547269 -0.012214895612 -0.007379502597 0.999898164448 0.010249242108 -0.000000000000 0.000000000000 -0.000000000000 1.000000000000 -4.570159938798 -0.307492277195 -0.044940352180 0.026704607662 0.017467387515 -0.095758354585
0.000000000000 2000000000 0.979281331607 0.202019014415 0.014013970937 -7.271441552545 -0.202101801362 0.979352990388 0.004752063172 0.675117263891 -0.012764617226 -0.007485855522 0.999890507263 0.000896680767 -0.000000000000 0.000000000000 -0.000000000000 1.000000000000 -4.676312499479 -0.319440698382 0.099658122032 -0.021483711727 0.016833193791 -0.105476739506
0.000000000000 2100000000 0.977072543107 0.212322725823 0.015757715744 -7.731688073258 -0.212448108655 0.977149083211 0.006743167607 0.722322186522 -0.013965909765 -0.009936260828 0.999853101253 0.021989865129 -0.000000000000 0.000000000000 -0.000000000000 1.000000000000 -4.676312499479 -0.319440698382 0.099658122032 -0.021483711727 0.016833193791 -0.105476739506
0.000000000000 2100000000 0.977230263690 0.211541909549 0.016463056599 -7.781208020273 -0.211675248248 0.977316340517 0.006808805818 0.750273214683 -0.014649266444 -0.010138592697 0.999841291371 0.019684408745 -0.000000000000 0.000000000000 -0.000000000000 1.000000000000 -4.885172939106 -0.054448905996 0.145978004842 -0.045388108371 0.008798553131 -0.081856167607
0.000000000000 2200000000 0.975451740896 0.219523499647 0.017416494653 -8.263314321984 -0.219733478782 0.975495554018 0.011208139579 0.810626225789 -0.014529263076 -0.014759986223 0.999785498655 0.037799885829 -0.000000000000 0.000000000000 -0.000000000000 1.000000000000 -4.885172939106 -0.054448905996 0.145978004842 -0.045388108371 0.008798553131 -0.081856167607
0.000000000000 2200000000 0.975843516135 0.217713058466 0.018178454014 -8.285489838273 -0.217978166055 0.975851221532 0.014139043713 0.813708835567 -0.014661212105 -0.017760000200 0.999734780456 0.035682797472 -0.000000000000 0.000000000000 -0.000000000000 1.000000000000 -5.074401844205 -0.251331117455 0.028082079322 -0.027672172940 0.005277858254 -0.106884618011
0.000000000000 2300000000 0.973450039718 0.228120379725 0.018870944014 -8.783863577677 -0.228436175280 0.973415519669 0.016707480120 0.879904523418 -0.014557953065 -0.020574703461 0.999682323331 0.040653451495 -0.000000000000 0.000000000000 -0.000000000000 1.000000000000 -5.074401844205 -0.251331117455 0.028082079322 -0.027672172940 0.005277858254 -0.106884618011
0.000000000000 2300000000 0.973652090643 0.227161717181 0.019979004844 -8.819883450200 -0.227545460455 0.973569333569 0.019642203545 0.876035951151 -0.014988989745 -0.023670804403 0.999607434549 0.046880931956 -0.000000000000 0.000000000000 -0.000000000000 1.000000000000 -5.305424323496 -0.315988700123 -0.075423570484 0.071646872742 0.020766912556 -0.093630115221
0.000000000000 2400000000 0.971444536904 0.236225474330 0.022204436424 -9.341863449620 -0.236530966475 0.971546314871 0.012282506173 0.929063114453 -0.018671197534 -0.017183810329 0.999677999681 0.064660480907 -0.000000000000 0.000000000000 -0.000000000000 1.000000000000 -5.305424323496 -0.315988700123 -0.075423570484 0.071646872742 0.020766912556 -0.093630115221
0.000000000000 2400000000 0.971546927372 0.235661732761 0.023666762047 -9.351383202674 -0.236042532010 0.971629925411 0.014805780262 0.936907608115 -0.019506178411 -0.019970872759 0.999610260674 0.087077793147 -0.000000000000 0.000000000000 -0.000000000000 1.000000000000 -5.442621585376 -0.354482844010 -0.082783657247 0.075988256051 0.031101093789 -0.083114265415
0.000000000000 2500000000 0.969484028168 0.243677902098 0.026866320105 -9.887364237741 -0.243942368688 0.969764468011 0.006999810217 0.980640046521 -0.024348303555 -0.013340037970 0.999614527456 0.115999722721 -0.000000000000 0.000000000000 -0.000000000000 1.000000000000 -5.442621585376 -0.354482844010 -0.082783657247 0.075988256051 0.031101093789 -0.083114265415
0.000000000000 2500000000 0.969424204378 0.243877465415 0.027212016252 -9.894872042939 -0.244157994957 0.969706759298 0.007461532736 0.998211460746 -0.024567976402 -0.013877421763 0.999601836583 0.111588545290 -0.000000000000 0.000000000000 -0.000000000000 1.000000000000 -5.594625749357 -0.182323245570 0.054657351878 0.017988470186 0.014941106968 -0.092652163559
0.000000000000 2600000000 0.967082540596 0.252831816417 0.028765122676 -10.444555419006 -0.253083242386 0.967429412515 0.005404093350 1.073983456851 -0.026461898993 -0.012506174841 0.999571589979 0.134112073594 -0.000000000000 0.000000000000 -0.000000000000 1.000000000000 -5.594625749357 -0.182323245570 0.054657351878 0.017988470186 0.014941106968 -0.092652163559
0.000000000000 2600000000 0.967110267942 0.252638069990 0.029525162692 -10.485235478107 -0.252926187397 0.967464359490 0.006407561547 1.071669297867 -0.026945748630 -0.013664505396 0.999543499765 0.133650699133 -0.000000000000 0.000000000000 -0.000000000000 1.000000000000 -5.497018181607 0.016313591841 0.121186196813 -0.028302877845 0.010659255901 -0.094812579037
0.000000000000 2700000000 0.964639529530 0.261782991105 0.030663392450 -11.024134235447 -0.262160662290 0.964982727148 0.008951170537 1.175676471672 -0.027246379874 -0.016673388208 0.999489686245 0.154054003223 -0.000000000000 0.000000000000 -0.000000000000 1.000000000000 -5.497018181607 0.016313591841 0.121186196813 -0.028302877845 0.010659255901 -0.094812579037
0.000000000000 2700000000 0.964605018643 0.261759159048 0.031926488434 -11.046549328479 -0.262182552890 0.964968402370 0.009812817551 1.177334155135 -0.028239457668 -0.017836061300 0.999442048319 0.146501448038 -0.000000000000 0.000000000000 -0.000000000000 1.000000000000 -5.713740306303 -0.040367994898 0.199716636563 -0.004343794470 0.001864560814 -0.087353153112
0.000000000000 2800000000 0.962272673296 0.270174964930 0.032199232186 -11.607198399204 -0.270610829267 0.962637232036 0.009966874192 1.272310092949 -0.028303379860 -0.018304311597 0.999431773992 0.168053229225 -0.000000000000 0.000000000000 -0.000000000000 1.000000000000 -5.713740306303 -0.040367994898 0.199716636563 -0.004343794470 0.001864560814 -0.087353153112
0.000000000000 2800000000 0.962432924160 0.269371151390 0.034088844098 -11.631811303876 -0.269872091418 0.962833611481 0.010976833639 1.254563581233 -0.029865042558 -0.019764093748 0.999358524170 0.177443886301 -0.000000000000 0.000000000000 -0.000000000000 1.000000000000 -5.736914218284 -0.053697706644 0.124096534656 0.040830188790 0.015290558940 -0.093349770657
0.000000000000 2900000000 0.959824722384 0.278320132843 0.035698822879 -12.193006462216 -0.278717058972 0.960350783293 0.006570697597 1.359599199042 -0.032454635087 -0.016256588918 0.999340992844 0.213403516180 -0.000000000000 0.000000000000 -0.000000000000 1.000000000000 -5.736914218284 -0.053697706644 0.124096534656 0.040830188790 0.015290558940 -0.093349770657
0.000000000000 2900000000 0.960124706615 0.277125315487 0.036906737384 -12.207127038717 -0.277625820492 0.960646135540 0.009105276945 1.363557076892 -0.032931011898 -0.018988464603 0.999277232137 0.224742868925 -0.000000000000 0.000000000000 -0.000000000000 1.000000000000 -6.122002256131 -0.227813412389 -0.054758510897 0.041004918121 0.032592584369 -0.088924286767
0.000000000000 3000000000 0.957504338808 0.285600090619 0.040224736207 -12.806018255013 -0.286008274920 0.958215792381 0.004664966186 1.450985275943 -0.037211662712 -0.015971332775 0.999179767954 0.265798159415 -0.000000000000 0.000000000000 -0.000000000000 1.000000000000 -6.122002256131 -0.227813412389 -0.054758510897 0.041004918121 0.032592584369 -0.088924286767
0.000000000000 3000000000 0.957756714542 0.284685171448 0.040699249467 -12.831262423762 -0.285158596899 0.958460161551 0.006220396580 1.454184700386 -0.037237754553 -0.017563367464 0.999152079395 0.270655997149 -0.000000000000 0.000000000000 -0.000000000000 1.000000000000 -6.110821475867 -0.422626916734 -0.095847725895 -0.001707210592 0.053376860060 -0.096997649081
0.000000000000 3100000000 0.954733440872 0.293870174999 0.046090965788 -13.426227063860 -0.294440832928 0.955651063239 0.005970028120 1.539319977265 -0.042292467253 -0.019270847846 0.998919406978 0.330893407097 -0.000000000000 0.000000000000 -0.000000000000 1.000000000000 -6.110821475867 -0.422626916734 -0.095847725895 -0.001707210592 0.053376860060 -0.096997649081
0.000000000000 3100000000 0.955307612325 0.291796069145 0.047354195860 -13.429528631422 -0.292484775124 0.956235211011 0.008177869076 1.524195418536 -0.042895479420 -0.021662761908 0.998844683918 0.355060682084 -0.000000000000 0.000000000000 -0.000000000000 1.000000000000 -6.275456212931 -0.208903358280 -0.047588882695 0.051468141377 0.069427333524 -0.073310781312
0.000000000000 3200000000 0.952812513124 0.298658378026 0.054327599523 -14.042812911423 -0.299237396646 0.954174972373 0.002665060089 1.601927486461 -0.051042093251 -0.018796152049 0.998519608914 0.453712166921 -0.000000000000 0.000000000000 -0.000000000000 1.000000000000 -6.275456212931 -0.208903358280 -0.047588882695 0.051468141377 0.069427333524 -0.073310781312
0.000000000000 3200000000 0.952835200063 0.298349161838 0.055613479938 -14.070752273367 -0.299113186563 0.954200209467 0.005767311107 1.602835175366 -0.051345721771 -0.022130022233 0.998435715994 0.477785470599 -0.000000000000 0.000000000000 -0.000000000000 1.000000000000 -6.359928687151 -0.051939214740 -0.149539427478 0.042541356611 0.067021465037 -0.029812008590
0.000000000000 3300000000 0.951569799192 0.301051190121 0.062314510285 -14.698418453550 -0.301717184382 0.953396524057 0.001344828523 1.638305824693 -0.059005575276 -0.020081056796 0.998055656386 0.566133112752 -0.000000000000 0.000000000000 -0.000000000000 1.000000000000 -6.359928687151 -0.051939214740 -0.149539427478 0.042541356611 0.067021465037 -0.029812008590
0.000000000000 3300000000 0.951658918406 0.300438593180 0.063890177231 -14.710489286789 -0.301435695835 0.953465312214 0.006357647403 1.639046807300 -0.059006985140 -0.025309091882 0.997936684150 0.611550221827 -0.000000000000 0.000000000000 -0.000000000000 1.000000000000 -6.693032405907 -0.180930411417 -0.296973368569 0.090043213630 0.081315224617 -0.055077371217
0.000000000000 3400000000 0.949463468145 0.305505122138 0.072012103185 -15.365198157040 -0.306092773588 0.951996960883 -0.003000071031 1.697792148108 -0.069471840445 -0.019193926550 0.997399246325 0.719155267540 -0.000000000000 0.000000000000 -0.000000000000 1.000000000000 -6.693032405907 -0.180930411417 -0.296973368569 0.090043213630 0.081315224617 -0.055077371217
0.000000000000 3400000000 0.949823388526 0.304154199735 0.072977759576 -15.381224051478 -0.304917833729 0.952378396893 -0.000709792921 1.671194381321 -0.069718328171 -0.021578042443 0.997333315798 0.744591142875 -0.000000000000 0.000000000000 -0.000000000000 1.000000000000 -6.629283292445 -0.206160950367 0.039926749190 0.043902226868 0.069266436943 -0.055954712142
0.000000000000 3500000000 0.947592917322 0.309336344996 0.079866693343 -16.029053161844 -0.309902877309 0.950752225294 -0.005514774120 1.734925346476 -0.077639356493 -0.019525157171 0.996790298188 0.864844082744 -0.000000000000 0.000000000000 -0.000000000000 1.000000000000 -6.629283292445 -0.206160950367 0.039926749190 0.043902226868 0.069266436943 -0.055954712142
0.000000000000 3500000000 0.948016633136 0.307775267255 0.080863144653 -16.046063669227 -0.308456671738 0.951228953439 -0.004237900425 1.722637866990 -0.078223685396 -0.020925176373 0.996716204362 0.871922694276 -0.000000000000 0.000000000000 -0.000000000000 1.000000000000 -6.836748206131 -0.256635483839 0.046851386623 0.047308521868 0.056426785197 -0.063009607137
0.000000000000 3600000000 0.945594843616 0.313652756322 0.086442698813 -16.713440127304 -0.314036316016 0.949363648856 -0.009479158953 1.795810337265 -0.085038720295 -0.018182702854 0.996211727178 0.977355171692 -0.000000000000 0.000000000000 -0.000000000000 1.000000000000 -6.836748206131 -0.256635483839 0.046851386623 0.047308521868 0.056426785197 -0.063009607137
0.000000000000 3600000000 0.945327075629 0.314120542721 0.087664158718 -16.716811604411 -0.314694938031 0.949162835055 -0.007550399199 1.829822445092 -0.085579296916 -0.020449870201 0.996121471884 0.996420612211 -0.000000000000 0.000000000000 -0.000000000000 1.000000000000 -6.812745325393 -0.184577254399 0.052483649963 0.062913998025 0.050720314630 -0.040599369144
0.000000000000 3700000000 0.943591518158 0.317879086249 0.092671103300 -17.385253689781 -0.317969662379 0.947994814616 -0.014181864029 1.873998908442 -0.092359843372 -0.016084712819 0.995595772061 1.099802677359 -0.000000000000 0.000000000000 -0.000000000000 1.000000000000 -6.812745325393 -0.184577254399 0.052483649963 0.062913998025 0.050720314630 -0.040599369144
0.000000000000 3700000000 0.943208606454 0.318701085689 0.093739760463 -17.404364787105 -0.319137041491 0.947648093337 -0.010707004377 1.905604044850 -0.092244639192 -0.019816891146 0.995539159132 1.113990217429 -0.000000000000 0.000000000000 -0.000000000000 1.000000000000 -7.130044455234 -0.242787035071 -0.003943938192 0.073594593233 0.051620214113 -0.052013716555
0.000000000000 3800000000 0.941042904031 0.323537596021 0.098801198035 -18.101283061861 -0.323331959662 0.946104117280 -0.018532218629 1.965080689266 -0.099472089717 -0.014505972141 0.994934610987 1.219477974549 -0.000000000000 0.000000000000 -0.000000000000 1.000000000000 -7.130044455234 -0.242787035071 -0.003943938192 0.073594593233 0.051620214113 -0.052013716555
0.000000000000 3800000000 0.940922708936 0.323421165831 0.100315528711 -18.103876188335 -0.323647471287 0.946067188983 -0.014463341914 1.993978011990 -0.099582981163 -0.018857980344 0.994850544775 1.230614003124 -0.000000000000 0.000000000000 -0.000000000000 1.000000000000 -7.216122907537 -0.296739183525 0.148977490365 0.082388177367 0.027285603975 -0.046052041909
0.000000000000 3900000000 0.939145327780 0.327732832071 0.102942916664 -18.812734532379 -0.327134492235 0.944694770780 -0.023126047028 2.038834030733 -0.104828799949 -0.011957459755 0.994418393765 1.312487474488 -0.000000000000 0.000000000000 -0.000000000000 1.000000000000 -7.216122907537 -0.296739183525 0.148977490365 0.082388177367 0.027285603975 -0.046052041909
0.000000000000 3900000000 0.939098487223 0.327620031458 0.103726304679 -18.823214111355 -0.326981650038 0.944736295382 -0.023586706565 2.042079891607 -0.105721482363 -0.011766357803 0.994326164290 1.311263781419 -0.000000000000 0.000000000000 -0.000000000000 1.000000000000 -7.370893064302 -0.391949626175 0.151884140423 0.026218590968 0.020124992354 -0.051415111187
0.000000000000 4000000000 0.937190090447 0.332451271706 0.105597757124 -19.546963542303 -0.331524349911 0.943067884395 -0.026731457851 2.098010212326 -0.108472760565 -0.009955770381 0.994049567603 1.370488827620 -0.000000000000 0.000000000000 -0.000000000000 1.000000000000 -7.370893064302 -0.391949626175 0.151884140423 0.026218590968 0.020124992354 -0.051415111187
0.000000000000 4000000000 0.937401676352 0.331676826773 0.106153566845 -19.553013650093 -0.330743185518 0.943340198321 -0.026799542252 2.107610585901 -0.109027713933 -0.009987633020 0.993988533526 1.361414678818 -0.000000000000 0.000000000000 -0.000000000000 1.000000000000 -7.593948785585 -0.290334430371 0.219149547027 -0.002318570719 0.001212680347 -0.073947097465
0.000000000000 4099999000 0.934917002392 0.338642186356 0.106073881132 -20.296221621227 -0.337691126834 0.940859433995 -0.027353762463 2.226232864268 -0.109063749690 -0.010246710841 0.993981943207 1.385243551803 -0.000000000000 0.000000000000 -0.000000000000 1.000000000000 -7.593948785585 -0.290334430371 0.219149547027 -0.002318570719 0.001212680347 -0.073947097465
0.000000000000 4099999000 0.935575709918 0.336667351536 0.106551327639 -20.308301277421 -0.335673220493 0.941571871542 -0.027674894117 2.194183800593 -0.109642966286 -0.009874468586 0.993921986282 1.367938370663 -0.000000000000 0.000000000000 -0.000000000000 1.000000000000 -7.652085985764 -0.344065053089 0.244729055156 -0.003259770834 -0.017937531143 -0.091819006198
0.000000000000 4200000000 0.932649101337 0.345315883948 0.104511215039 -21.055094413001 -0.344285660593 0.938437728408 -0.028319848341 2.350119479318 -0.107856560698 -0.009569231604 0.994120411279 1.354572715438 -0.000000000000 0.000000000000 -0.000000000000 1.000000000000 -7.652085985764 -0.344065053089 0.244729055156 -0.003259770834 -0.017937531143 -0.091819006198
0.000000000000 4200000000 0.933434896455 0.343125993566 0.104708388484 -21.070872233815 -0.342004325636 0.939249167404 -0.029052414319 2.326571380034 -0.108315905233 -0.008692184440 0.994078523359 1.337397517959 -0.000000000000 0.000000000000 -0.000000000000 1.000000000000 -7.732558293345 -0.228315496903 0.180219112691 -0.016236704264 -0.010225952367 -0.091093560986
0.000000000000 4300000000 0.930389962898 0.351677013374 0.103430146487 -21.823507669020 -0.350668149524 0.936069479614 -0.028386233371 2.501276414951 -0.106800589171 -0.009859391460 0.994231575918 1.329569007741 -0.000000000000 0.000000000000 -0.000000000000 1.000000000000 -7.732558293345 -0.228315496903 0.180219112691 -0.016236704264 -0.010225952367 -0.091093560986
0.000000000000 4300000000 0.931093005683 0.349918444364 0.103067439387 -21.830611173846 -0.348748608975 0.936743912293 -0.029753159841 2.477537064133 -0.106958975808 -0.008241667092 0.994229275579 1.304760096958 -0.000000000000 0.000000000000 -0.000000000000 1.000000000000 -8.034335509581 -0.255437594888 0.200131666361 -0.012074745616 -0.014419492064 -0.091451719400
0.000000000000 4400000000 0.928017115769 0.358482661678 0.101362784672 -22.612443702454 -0.357377696137 0.933494338775 -0.029487315548 2.656780725961 -0.105192277017 -0.008860064934 0.994412431592 1.289631688700 -0.000000000000 0.000000000000 -0.000000000000 1.000000000000 -8.034335509581 -0.255437594888 0.200131666361 -0.012074745616 -0.014419492064 -0.091451719400
0.000000000000 4400000000 0.928858708917 0.356419304115 0.100929572098 -22.617645533763 -0.355077797415 0.934303424652 -0.031573223863 2.601349742889 -0.105552151338 -0.006510786201 0.994392454221 1.250678246795 -0.000000000000 0.000000000000 -0.000000000000 1.000000000000 -7.926503244263 -0.051758701117 0.243352419870 -0.038112552658 -0.035201385219 -0.115361825917
0.000000000000 4500000000 0.925061859976 0.367200429336 0.097079348544 -23.383052684995 -0.366164977166 0.930100306219 -0.028924554768 2.866153328204 -0.100914640737 -0.008790055010 0.994856256058 1.183631806836 -0.000000000000 0.000000000000 -0.000000000000 1.000000000000 -7.926503244263 -0.051758701117 0.243352419870 -0.038112552658 -0.035201385219 -0.115361825917
0.000000000000 4500000000 0.925789568409 0.365717771520 0.095729758280 -23.397019954118 -0.364248755221 0.930715894657 -0.033026773278 2.828432264881 -0.101175685547 -0.004293603112 0.994859309464 1.141564703028 -0.000000000000 0.000000000000 -0.000000000000 1.000000000000 -8.355643239952 -0.042357159598 0.232358954314 -0.038600196939 -0.037580066100 -0.104342533482
0.000000000000 4600000000 0.922307589113 0.375429182018 0.091660462328 -24.205928410770 -0.374271714347 0.926828387531 -0.030163287405 3.076807636441 -0.096277696817 -0.006486089487 0.995333379195 1.063959045695 -0.000000000000 0.000000000000 -0.000000000000 1.000000000000 -8.355643239952 -0.042357159598 0.232358954314 -0.038600196939 -0.037580066100 -0.104342533482
0.000000000000 4600000000 0.922371839504 0.375552891207 0.090499809922 -24.202313516870 -0.374240443277 0.926789439742 -0.031708437344 3.063609070546 -0.095782463454 -0.004621719301 0.995391560847 1.021818207187 -0.000000000000 0.000000000000 -0.000000000000 1.000000000000 -8.223706595801 -0.052036702274 0.051471136370 0.016516594165 -0.033672312003 -0.088912726527
0.000000000000 4700000000 0.919326990337 0.383789146309 0.086854913583 -24.999827448800 -0.382271873553 0.923418970923 -0.034141160351 3.275513622290 -0.093306481705 -0.001815300351 0.995635779367 0.949361274976 -0.000000000000 0.000000000000 -0.000000000000 1.000000000000 -8.223706595801 -0.052036702274 0.051471136370 0.016516594165 -0.033672312003 -0.088912726527
0.000000000000 4700000000 0.919334768063 0.384024093069 0.085726776287 -25.001285466441 -0.382410329775 0.923322963529 -0.035171646260 3.295432832608 -0.092660260692 -0.000448287533 0.995697682596 0.919702580269 -0.000000000000 0.000000000000 -0.000000000000 1.000000000000 -8.370416759579 -0.117517208865 0.108069743336 0.019060886614 -0.012808050325 -0.084195281916
0.000000000000 4800000000 0.916201643946 0.391783462473 0.084144317471 -25.810910498090 -0.389961353061 0.920055682633 -0.037784705552 3.495851074403 -0.092220880220 0.001805377449 0.995736938083 0.904440421498 -0.000000000000 0.000000000000 -0.000000000000 1.000000000000 -8.370416759579 -0.117517208865 0.108069743336 0.019060886614 -0.012808050325 -0.084195281916
0.000000000000 4800000000 0.915729837605 0.393188673591 0.082713550762 -25.823382890227 -0.391411836967 0.919455933006 -0.037383969042 3.533341639863 -0.090750418190 0.001858553054 0.995871933222 0.852603128993 -0.000000000000 0.000000000000 -0.000000000000 1.000000000000 -8.125052743278 -0.215800486177 -0.074055672473 -0.014897349005 0.009461560659 -0.084885679287
0.000000000000 4900000000 0.912287790840 0.400980220509 0.083341762908 -26.604229255107 -0.399305911837 0.916086704083 -0.036605182357 3.735559511377 -0.091026234988 0.000115602313 0.995848488064 0.864586506822 -0.000000000000 0.000000000000 -0.000000000000 1.000000000000 -8.125052743278 -0.215800486177 -0.074055672473 -0.014897349005 0.009461560659 -0.084885679287
0.000000000000 4900000000 0.911854518111 0.402196861538 0.082213273688 -26.609179905349 -0.400513371219 0.915553017411 -0.036765633195 3.792471143049 -0.090057633080 0.000597393336 0.995936376404 0.842635630295 -0.000000000000 0.000000000000 -0.000000000000 1.000000000000 -8.310237000516 -0.053155736217 -0.100529100392 0.010577004920 0.008480141314 -0.070307585465
0.000000000000 5000000000 0.908939550135 0.408624668524 0.082793565412 -27.412175515185 -0.406818291795 0.912701698648 -0.038399046168 3.976161739113 -0.091256625301 0.001220474897 0.995826661011 0.859596196307 -0.000000000000 0.000000000000 -0.000000000000 1.000000000000 -8.310237000516 -0.053155736217 -0.100529100392 0.010577004920 0.008480141314 -0.070307585465
0.000000000000 5000000000 0.907732368724 0.411604797975 0.081261534903 -27.405403683891 -0.409750927021 0.911359830396 -0.039082442939 4.071716000859 -0.090145019697 0.002179409247 0.995926265142 0.830491131833 -0.000000000000 0.000000000000 -0.000000000000 1.000000000000 -8.519907808652 -0.048895237531 -0.134257892857 -0.015452719763 0.006892976150 -0.071357554862
0.000000000000 5100000000 0.904722771585 0.418098432500 0.081672561589 -28.227075657560 -0.416356863032 0.908401597946 -0.038124787933 4.266599953086 -0.090131399530 0.000487432265 0.995929763201 0.829797361967 -0.000000000000 0.000000000000 -0.000000000000 1.000000000000 -8.519907808652 -0.048895237531 -0.134257892857 -0.015452719763 0.006892976150 -0.071357554862
0.000000000000 5100000000 0.904749144372 0.418472894526 0.079431872096 -28.220246868195 -0.416586839052 0.908224617957 -0.039792572985 4.267996801788 -0.088794094886 0.002912023845 0.996045746354 0.787494549630 -0.000000000000 0.000000000000 -0.000000000000 1.000000000000 -8.759842391968 -0.067409401869 -0.181386178533 -0.012482083577 0.008796690710 -0.094826030051
0.000000000000 5200000000 0.900679445342 0.427068199541 0.079933032469 -29.053812013443 -0.425257988222 0.904218318643 -0.039304906610 4.533795325118 -0.089062787922 0.001408960904 0.996025017074 0.789054812875 -0.000000000000 0.000000000000 -0.000000000000 1.000000000000 -8.759842391968 -0.067409401869 -0.181386178533 -0.012482083577 0.008796690710 -0.094826030051
0.000000000000 5200000000 0.900551308311 0.427734175441 0.077786992868 -29.052765788074 -0.425743840971 0.903894857926 -0.041427861271 4.546398546602 -0.088031374948 0.004190581547 0.996108887648 0.741322891796 -0.000000000000 0.000000000000 -0.000000000000 1.000000000000 -8.900632821129 -0.077082018931 -0.089607313938 -0.051083543517 -0.008818736421 -0.064426706952
0.000000000000 5300000000 0.897864596174 0.433546971930 0.076656311335 -29.913570168264 -0.431979251576 0.901130968022 -0.036836187086 4.732279201211 -0.085047593407 -0.000040027756 0.996376889161 0.682664486244 -0.000000000000 0.000000000000 -0.000000000000 1.000000000000 -8.900632821129 -0.077082018931 -0.089607313938 -0.051083543517 -0.008818736421 -0.064426706952
0.000000000000 5300000000 0.896421283289 0.436842173881 0.074818433466 -29.887594675000 -0.435026825219 0.899532359669 -0.039914849963 4.839663459023 -0.084738091830 0.003232495447 0.996398016240 0.649484117264 -0.000000000000 0.000000000000 -0.000000000000 1.000000000000 -9.063908724232 -0.088286473331 0.005409875752 -0.024240855708 -0.025651935592 -0.049270367026
0.000000000000 5400000000 0.894479583064 0.441261960266 0.072070506472 -30.771344297684 -0.439640099869 0.897375688584 -0.037861010615 4.981736465212 -0.081380944134 0.002180816327 0.996680684057 0.560320825542 -0.000000000000 0.000000000000 -0.000000000000 1.000000000000 -9.063908724232 -0.088286473331 0.005409875752 -0.024240855708 -0.025651935592 -0.049270367026
0.000000000000 5400000000 0.893525430687 0.443541197272 0.069882122448 -30.755006570135 -0.441833079881 0.896244786641 -0.039100024831 5.056750067809 -0.079973959751 0.004060633137 0.996788682229 0.502076000738 -0.000000000000 0.000000000000 -0.000000000000 1.000000000000 -9.129930413479 -0.088540308502 0.110522496740 -0.004051606309 -0.029338756562 -0.056793221223
