0.000000000000 0 1.000000000000 -0.000000000000 0.000000000000 -0.000000000000 -0.000000000000 1.000000000000 -0.000000000000 0.000000000000 0.000000000000 -0.000000000000 1.000000000000 -0.000000000000 -0.000000000000 0.000000000000 -0.000000000000 1.000000000000 0.000000000000 0.000000000000 0.000000000000 0.000000000000 0.000000000000 0.000000000000
0.000000000000 100000000 1.000000000000 -0.000000000000 0.000000000000 -0.000000000000 -0.000000000000 1.000000000000 -0.000000000000 0.000000000000 0.000000000000 -0.000000000000 1.000000000000 -0.000000000000 -0.000000000000 0.000000000000 -0.000000000000 1.000000000000 0.000000000000 0.000000000000 0.000000000000 0.000000000000 0.000000000000 0.000000000000
0.000000000000 100000000 1.000000000000 -0.000000000000 0.000000000000 -0.000000000000 -0.000000000000 1.000000000000 -0.000000000000 0.000000000000 0.000000000000 -0.000000000000 1.000000000000 -0.000000000000 -0.000000000000 0.000000000000 -0.000000000000 1.000000000000 -0.557536127013 -0.643042643116 -0.099634810935 0.012830969282 0.005262866725 0.167245548203
0.000000000000 200000000 0.999860009430 -0.016723432167 0.000536991330 -0.055215958174 0.016724107428 0.999859324766 -0.001278635850 -0.064761094163 -0.000515532609 0.001287437554 0.999999038365 -0.009990354120 -0.000000000000 0.000000000000 -0.000000000000 1.000000000000 -0.557536127013 -0.643042643116 -0.099634810935 0.012830969282 0.005262866725 0.167245548203
0.000000000000 200000000 0.999458299246 -0.032908495345 0.000372830213 -0.087637500762 0.032909493038 0.999453546812 -0.003094031686 -0.051486496802 -0.000270806552 0.003104625300 0.999995143971 -0.017648391480 -0.000000000000 0.000000000000 -0.000000000000 1.000000000000 -0.992353654484 -0.330081236547 0.175779432336 0.023015006609 -0.008484390261 0.071164524176
0.000000000000 300000000 0.999198630190 -0.040023731079 -0.000445395732 -0.186378437413 0.040020751079 0.999184279827 -0.005395778966 -0.085449091920 0.000660991620 0.005373629880 0.999985343489 -0.000344143471 -0.000000000000 0.000000000000 -0.000000000000 1.000000000000 -0.992353654484 -0.330081236547 0.175779432336 0.023015006609 -0.008484390261 0.071164524176
0.000000000000 300000000 0.998400360168 -0.056532516804 -0.000891829895 -0.215135849520 0.056526363930 0.998383972179 -0.005849297134 -0.061876663555 0.001221064162 0.005789528464 0.999982495028 -0.017714395496 -0.000000000000 0.000000000000 -0.000000000000 1.000000000000 -1.350379180307 -0.147961161611 0.120329395169 0.001424340100 -0.013612843127 0.131480188055
0.000000000000 400000000 0.997568284884 -0.069661939370 -0.002175131494 -0.349224323334 0.069647800331 0.997553527913 -0.006011893043 -0.080381445955 0.002588610224 0.005845780708 0.999979562764 -0.006075719358 -0.000000000000 0.000000000000 -0.000000000000 1.000000000000 -1.350379180307 -0.147961161611 0.120329395169 0.001424340100 -0.013612843127 0.131480188055
0.000000000000 400000000 0.996111407715 -0.088042715734 -0.003247094910 -0.367949708532 0.088018906426 0.996095158973 -0.006863408860 -0.057042148912 0.003838688676 0.006550914118 0.999971174581 -0.017393220618 -0.000000000000 0.000000000000 -0.000000000000 1.000000000000 -1.562150866378 0.009124826858 0.111930794947 -0.020032952644 -0.017132659971 0.175007393575
0.000000000000 500000000 0.994410599232 -0.105470224280 -0.004857152010 -0.523089264146 0.105446368654 0.994412765540 -0.004931031179 -0.063950970405 0.005350090928 0.004391300628 0.999976046216 -0.006842706449 -0.000000000000 0.000000000000 -0.000000000000 1.000000000000 -1.562150866378 0.009124826858 0.111930794947 -0.020032952644 -0.017132659971 0.175007393575
0.000000000000 500000000 0.992100762570 -0.125286033470 -0.006283846341 -0.545749306186 0.125252252154 0.992109626717 -0.005510163933 -0.047048578396 0.006924611031 0.004679571933 0.999965075074 -0.015392538920 -0.000000000000 0.000000000000 -0.000000000000 1.000000000000 -1.807974278702 0.155125347064 0.062349590436 -0.044814298903 -0.003888629734 0.178333886598
0.000000000000 600000000 0.989706526927 -0.142958923500 -0.006613376604 -0.725744385239 0.142954469917 0.989728604916 -0.001143740276 -0.042928533139 0.006708955879 0.000186555470 0.999977477300 -0.009204371171 -0.000000000000 0.000000000000 -0.000000000000 1.000000000000 -1.807974278702 0.155125347064 0.062349590436 -0.044814298903 -0.003888629734 0.178333886598
0.000000000000 600000000 0.986533220256 -0.163405504729 -0.007130663105 -0.745652048150 0.163395734806 0.986558709156 -0.001935777901 -0.039127973171 0.007351134554 0.000744589269 0.999972702831 -0.018057937209 -0.000000000000 0.000000000000 -0.000000000000 1.000000000000 -1.977309102469 0.160089981280 0.092730582878 -0.025201530380 -0.003528001044 0.215578310490
0.000000000000 700000000 0.982779025764 -0.184633765544 -0.007467204216 -0.942518310985 0.184642030554 0.982805747939 0.000427049100 -0.041349760201 0.007259963541 -0.001798454647 0.999972028854 -0.008982151972 -0.000000000000 0.000000000000 -0.000000000000 1.000000000000 -1.977309102469 0.160089981280 0.092730582878 -0.025201530380 -0.003528001044 0.215578310490
0.000000000000 700000000 0.978958761538 -0.203898811779 -0.008063359309 -0.963215842550 0.203900413061 0.978991431266 -0.000631713124 -0.047533914417 0.008022765226 -0.001025701197 0.999967291053 -0.017214321446 -0.000000000000 0.000000000000 -0.000000000000 1.000000000000 -2.115840052890 0.108328005267 0.130542745638 0.010725472352 -0.011420152826 0.267420830710
0.000000000000 800000000 0.973146857819 -0.230002357362 -0.009171080928 -1.173291347836 0.229994331412 0.973190045315 -0.001934739599 -0.065257340754 0.009370199332 -0.000226510865 0.999956073064 -0.005440036362 -0.000000000000 0.000000000000 -0.000000000000 1.000000000000 -2.115840052890 0.108328005267 0.130542745638 0.010725472352 -0.011420152826 0.267420830710
0.000000000000 800000000 0.968316352973 -0.249524351333 -0.010051798692 -1.191525414668 0.249509014073 0.968368507854 -0.002772163883 -0.068876870083 0.010425567696 0.000176317240 0.999945636748 -0.017964099702 -0.000000000000 0.000000000000 -0.000000000000 1.000000000000 -2.323961628650 0.150578158407 0.099544179504 -0.001031088337 -0.040870566230 0.310387957469
0.000000000000 900000000 0.960056101697 -0.279454679960 -0.014048610007 -1.421342836692 0.279439914883 0.960158358531 -0.003043109140 -0.094372800170 0.014339301415 -0.001004186886 0.999896682685 -0.013341060142 -0.000000000000 0.000000000000 -0.000000000000 1.000000000000 -2.323961628650 0.150578158407 0.099544179504 -0.001031088337 -0.040870566230 0.310387957469
0.000000000000 900000000 0.954275435955 -0.298505581079 -0.015900012477 -1.436005273494 0.298478927392 0.954407507404 -0.004079180665 -0.109905509529 0.016392749471 -0.000853156763 0.999865265868 -0.023841146914 -0.000000000000 0.000000000000 -0.000000000000 1.000000000000 -2.330125776265 0.161597627429 0.005365224459 -0.046606309209 -0.070898054137 0.291618037722
0.000000000000 1000000000 0.945030490071 -0.326177256125 -0.022929684315 -1.665200309513 0.326263355068 0.945278912768 0.000014666282 -0.139099919989 0.021670163252 -0.007494975819 0.999737080118 -0.033720993519 -0.000000000000 0.000000000000 -0.000000000000 1.000000000000 -2.330125776265 0.161597627429 0.005365224459 -0.046606309209 -0.070898054137 0.291618037722
0.000000000000 1000000000 0.938309185700 -0.344916152604 -0.024672245626 -1.674333125630 0.345033471382 0.938590229964 0.000532767915 -0.157560439992 0.022973368436 -0.009012651583 0.999695451852 -0.047180412546 -0.000000000000 0.000000000000 -0.000000000000 1.000000000000 -2.440939859323 0.148652846146 0.026562756213 -0.073357559440 -0.057959797242 0.302515297151
0.000000000000 1100000000 0.927299721509 -0.373068412852 -0.030580808054 -1.912785897915 0.373433298327 0.927630392556 0.007030398817 -0.197325268815 0.025744867252 -0.017939178883 0.999507572593 -0.053622931791 -0.000000000000 0.000000000000 -0.000000000000 1.000000000000 -2.440939859323 0.148652846146 0.026562756213 -0.073357559440 -0.057959797242 0.302515297151
0.000000000000 1100000000 0.919040582529 -0.392935022651 -0.031088191323 -1.927146762868 0.393263357575 0.919412225992 0.005009020464 -0.211359790218 0.026614643617 -0.016829339585 0.999504094076 -0.063957878090 -0.000000000000 0.000000000000 -0.000000000000 1.000000000000 -2.656896302846 0.195570516797 -0.005557089384 -0.035295382330 -0.030104313759 0.357168840402
0.000000000000 1200000000 0.904327476061 -0.425457479831 -0.034318346362 -2.184147129990 0.425925631120 0.904728167824 0.007368792301 -0.265465839856 0.027913666825 -0.021280864677 0.999383786142 -0.069863679290 -0.000000000000 0.000000000000 -0.000000000000 1.000000000000 -2.656896302846 0.195570516797 -0.005557089384 -0.035295382330 -0.030104313759 0.357168840402
0.000000000000 1200000000 0.895253307749 -0.444169194247 -0.035146007554 -2.196627516621 0.444612995531 0.895705314463 0.005592302607 -0.293494216300 0.028996537205 -0.020632899106 0.999366541517 -0.073392748470 -0.000000000000 0.000000000000 -0.000000000000 1.000000000000 -2.761876453359 0.136722600956 -0.025422279780 0.013084485305 -0.031975966908 0.375742102714
0.000000000000 1300000000 0.877821904847 -0.477437272070 -0.038501358534 -2.460182207337 0.477887703814 0.878416147284 0.002900816178 -0.367215963231 0.032435257265 -0.020945725807 0.999254337322 -0.083812197458 -0.000000000000 0.000000000000 -0.000000000000 1.000000000000 -2.761876453359 0.136722600956 -0.025422279780 0.013084485305 -0.031975966908 0.375742102714
0.000000000000 1300000000 0.868045572365 -0.494867473713 -0.040038328613 -2.471176552756 0.495309461948 0.868715629640 0.001300663159 -0.390260321781 0.034138265959 -0.020960397899 0.999197298093 -0.086750633105 -0.000000000000 0.000000000000 -0.000000000000 1.000000000000 -2.885953626574 0.107395413942 -0.098686421260 -0.029609634512 -0.036503880877 0.383319995639
0.000000000000 1400000000 0.848296810306 -0.527709609564 -0.043761736685 -2.742781310486 0.528312458297 0.849045880753 0.002653070759 -0.479746148116 0.035755671332 -0.025370462150 0.999038473542 -0.104851377178 -0.000000000000 0.000000000000 -0.000000000000 1.000000000000 -2.885953626574 0.107395413942 -0.098686421260 -0.029609634512 -0.036503880877 0.383319995639
0.000000000000 1400000000 0.837586913471 -0.544433697303 -0.045167594836 -2.741723086822 0.545023612239 0.838420217448 0.000895028078 -0.513287736314 0.037382141238 -0.025367069499 0.998979022453 -0.101502968044 -0.000000000000 0.000000000000 -0.000000000000 1.000000000000 -3.069039509338 0.043031153588 -0.103475995716 -0.049103776751 -0.024700526061 0.411363249437
0.000000000000 1500000000 0.814369166961 -0.578380799249 -0.047733750781 -3.024921244409 0.579188009781 0.815184714986 0.003889701663 -0.628144607089 0.036662095269 -0.030814469218 0.998852521275 -0.116175869794 -0.000000000000 0.000000000000 -0.000000000000 1.000000000000 -3.069039509338 0.043031153588 -0.103475995716 -0.049103776751 -0.024700526061 0.411363249437
0.000000000000 1500000000 0.803182413849 -0.593720787195 -0.048924808998 -3.025078779603 0.594528237868 0.804070928260 0.002473197285 -0.653567564653 0.037870627947 -0.031073609047 0.998799402463 -0.117319066753 -0.000000000000 0.000000000000 -0.000000000000 1.000000000000 -3.217591578097 0.031932278197 -0.159126723401 -0.054050511009 -0.021492177078 0.411436624284
0.000000000000 1600000000 0.777964686043 -0.626214977357 -0.051242066742 -3.317084116107 0.627260399421 0.778787917495 0.005811271893 -0.781547537888 0.036267596949 -0.036663083565 0.998669354549 -0.136175056113 -0.000000000000 0.000000000000 -0.000000000000 1.000000000000 -3.217591578097 0.031932278197 -0.159126723401 -0.054050511009 -0.021492177078 0.411436624284
0.000000000000 1600000000 0.765663044023 -0.641107278726 -0.052359910059 -3.309823614181 0.642125300361 0.766591632560 0.003516749254 -0.816846240715 0.037884055388 -0.036314267912 0.998622086824 -0.130196664901 -0.000000000000 0.000000000000 -0.000000000000 1.000000000000 -3.280083597903 0.024915159120 -0.075827070713 -0.041786383468 -0.007161680102 0.396701874633
0.000000000000 1700000000 0.739564679555 -0.670975328720 -0.053255919895 -3.602688896887 0.672139306748 0.740403572092 0.005594886761 -0.952040274032 0.035676842342 -0.039933177713 0.998565222826 -0.136563238982 -0.000000000000 0.000000000000 -0.000000000000 1.000000000000 -3.280083597903 0.024915159120 -0.075827070713 -0.041786383468 -0.007161680102 0.396701874633
0.000000000000 1700000000 0.726757694247 -0.684753365464 -0.054185628530 -3.597841956679 0.685908590096 0.727677412231 0.003871661371 -0.975127591216 0.036778524795 -0.039980147760 0.998523373737 -0.140685348374 -0.000000000000 0.000000000000 -0.000000000000 1.000000000000 -3.460396593788 0.022628481608 -0.043707107620 -0.046229249998 0.001504198373 0.393533365487
0.000000000000 1800000000 0.699211218820 -0.712854863448 -0.054236658577 -3.902694920136 0.714132895560 0.699981303878 0.006354659752 -1.121117425950 0.033434696879 -0.043175431425 0.998507888384 -0.139651100641 -0.000000000000 0.000000000000 -0.000000000000 1.000000000000 -3.460396593788 0.022628481608 -0.043707107620 -0.046229249998 0.001504198373 0.393533365487
0.000000000000 1800000000 0.685389982714 -0.726107479812 -0.054849789032 -3.892307959727 0.727346463097 0.686258908363 0.003979109531 -1.161107377429 0.034751895151 -0.042622041867 0.998486688610 -0.141825103819 -0.000000000000 0.000000000000 -0.000000000000 1.000000000000 -3.689151997153 -0.065923123257 -0.016239090861 -0.016184461852 -0.012915185987 0.375309410166
0.000000000000 1900000000 0.657570020564 -0.751288379809 -0.056280000179 -4.214514067743 0.752606690284 0.658460972686 0.003509585455 -1.320080142210 0.034421472890 -0.044664502844 0.998408856326 -0.146678509258 -0.000000000000 0.000000000000 -0.000000000000 1.000000000000 -3.689151997153 -0.065923123257 -0.016239090861 -0.016184461852 -0.012915185987 0.375309410166
0.000000000000 1900000000 0.642167346160 -0.764454062624 -0.056842639478 -4.196460147610 0.765687893421 0.643212279797 -0.000113962250 -1.365003146716 0.036649002633 -0.043450538043 0.998383143563 -0.154513263890 -0.000000000000 0.000000000000 -0.000000000000 1.000000000000 -3.871784172883 -0.136400147047 0.100792633928 0.006396406644 -0.018679166618 0.348685375722
0.000000000000 2000000000 0.615014405242 -0.786331094822 -0.058657400733 -4.532899720666 0.787584186991 0.616200856124 -0.002766462268 -1.530751481890 0.038320095854 -0.044496227121 0.998274339060 -0.153513254068 -0.000000000000 0.000000000000 -0.000000000000 1.000000000000 -3.871784172883 -0.136400147047 0.100792633928 0.006396406644 -0.018679166618 0.348685375722
0.000000000000 2000000000 0.600037552798 -0.797807475138 -0.058806188838 -4.520633504825 0.799033077752 0.601272098566 -0.004243129046 -1.578949372436 0.038743720642 -0.044442053289 0.998260400903 -0.165439804765 -0.000000000000 0.000000000000 -0.000000000000 1.000000000000 -4.056469557112 -0.065040550077 0.016729323610 -0.009175552552 -0.007773886743 0.326956989605
0.000000000000 2100000000 0.573565983417 -0.817000921334 -0.059426906413 -4.871938893144 0.818256104897 0.574829781554 -0.005260136622 -1.739168061504 0.038457892099 -0.045609393533 0.998218800543 -0.165896651765 -0.000000000000 0.000000000000 -0.000000000000 1.000000000000 -4.056469557112 -0.065040550077 0.016729323610 -0.009175552552 -0.007773886743 0.326956989605
0.000000000000 2100000000 0.558479094307 -0.827366962526 -0.059707709244 -4.849149666171 0.828553557650 0.559853439232 -0.007945356174 -1.788177260115 0.040001291573 -0.045033719594 0.998184281970 -0.174853442451 -0.000000000000 0.000000000000 -0.000000000000 1.000000000000 -4.124089141855 -0.049232858719 -0.063111614917 -0.035734363086 -0.015895459186 0.269008118403
0.000000000000 2200000000 0.535927164552 -0.842049900834 -0.061106781944 -5.211298045314 0.843413839574 0.537230913266 -0.006003419620 -1.929064682932 0.037883631166 -0.048320909929 0.998113180032 -0.182522124986 -0.000000000000 0.000000000000 -0.000000000000 1.000000000000 -4.124089141855 -0.049232858719 -0.063111614917 -0.035734363086 -0.015895459186 0.269008118403
0.000000000000 2200000000 0.520222943319 -0.851822246348 -0.061375482648 -5.206569771094 0.853124767283 0.521636426610 -0.008577288758 -1.984267092862 0.039322012828 -0.047898841947 0.998077892876 -0.184039172950 -0.000000000000 0.000000000000 -0.000000000000 1.000000000000 -4.366016173836 -0.036641019393 0.002904368917 -0.013279930792 -0.016509886876 0.267567931934
0.000000000000 2300000000 0.497147206929 -0.865391331455 -0.062789315059 -5.587808425102 0.866788387639 0.498596478639 -0.008913054639 -2.132599803449 0.039019811606 -0.049993948942 0.997987003608 -0.189927525980 -0.000000000000 0.000000000000 -0.000000000000 1.000000000000 -4.366016173836 -0.036641019393 0.002904368917 -0.013279930792 -0.016509886876 0.267567931934
0.000000000000 2300000000 0.481556479394 -0.874167130458 -0.062731054353 -5.574754065096 0.875456506329 0.483142732907 -0.012206767205 -2.196727589151 0.040978807698 -0.049040061842 0.997955815482 -0.200093686878 -0.000000000000 0.000000000000 -0.000000000000 1.000000000000 -4.526994549231 -0.188164993189 -0.113638009920 -0.017668966714 0.005652624809 0.231835149394
0.000000000000 2400000000 0.461154551899 -0.885158971647 -0.061887593063 -5.974883624007 0.886455474488 0.462661180547 -0.011887967240 -2.349788764661 0.039155727724 -0.049378405468 0.998012325605 -0.204177787038 -0.000000000000 0.000000000000 -0.000000000000 1.000000000000 -4.526994549231 -0.188164993189 -0.113638009920 -0.017668966714 0.005652624809 0.231835149394
0.000000000000 2400000000 0.444416169193 -0.893684276491 -0.061827845766 -5.956778367855 0.894883779580 0.446048186476 -0.014967845076 -2.422344831179 0.040954726275 -0.048676783933 0.997974589407 -0.201521344786 -0.000000000000 0.000000000000 -0.000000000000 1.000000000000 -4.812473180851 -0.249857330258 -0.090818088499 -0.045739436418 0.018734794883 0.206559781408
0.000000000000 2500000000 0.425908226764 -0.902795730128 -0.059682929201 -6.386785754973 0.904048875806 0.427270090733 -0.011657603481 -2.575710770993 0.036025165221 -0.048991215822 0.998149311598 -0.187612896900 -0.000000000000 0.000000000000 -0.000000000000 1.000000000000 -4.812473180851 -0.249857330258 -0.090818088499 -0.045739436418 0.018734794883 0.206559781408
0.000000000000 2500000000 0.409187964455 -0.910532725549 -0.059121615755 -6.365294532932 0.911661972410 0.410667914002 -0.014977064809 -2.655799544417 0.037916458256 -0.047770494169 0.998138428316 -0.182471001394 -0.000000000000 0.000000000000 -0.000000000000 1.000000000000 -5.125638564920 -0.305917781456 -0.135817664578 -0.062561609354 0.028021497907 0.184662712289
0.000000000000 2600000000 0.392378744272 -0.918091614971 -0.056095521776 -6.827892486153 0.919278975032 0.393484707720 -0.009795450704 -2.809284208075 0.031065851147 -0.047723907115 0.998377354302 -0.160476608625 -0.000000000000 0.000000000000 -0.000000000000 1.000000000000 -5.125638564920 -0.305917781456 -0.135817664578 -0.062561609354 0.028021497907 0.184662712289
0.000000000000 2600000000 0.376802832481 -0.924639489012 -0.055330288204 -6.808860307388 0.925693897549 0.378035419634 -0.013417508851 -2.878160671767 0.033323167247 -0.046163154801 0.998377949308 -0.158476222802 -0.000000000000 0.000000000000 -0.000000000000 1.000000000000 -5.363211120841 -0.400065640592 -0.029726916968 -0.060259095292 0.022454085043 0.123669297574
0.000000000000 2700000000 0.365392765637 -0.929345926925 -0.052955405083 -7.309122898220 0.930464756677 0.366292515259 -0.008070306489 -3.006330698430 0.026897274989 -0.046324306498 0.998564266948 -0.127871593072 -0.000000000000 0.000000000000 -0.000000000000 1.000000000000 -5.363211120841 -0.400065640592 -0.029726916968 -0.060259095292 0.022454085043 0.123669297574
0.000000000000 2700000000 0.350007953513 -0.935305692976 -0.051939321951 -7.286352989520 0.936273320702 0.351055456074 -0.012342435071 -3.084475707565 0.029777532143 -0.044309450997 0.998573968783 -0.131662090483 -0.000000000000 0.000000000000 -0.000000000000 1.000000000000 -5.683695785217 -0.412953100298 -0.019286287510 -0.053875026788 0.012524362892 0.097738830271
0.000000000000 2800000000 0.340873478672 -0.938746899798 -0.050591794373 -7.824163321047 0.939795302508 0.341656389339 -0.007463310750 -3.200260193701 0.024291169625 -0.045001885999 0.998691528619 -0.107200903473 -0.000000000000 0.000000000000 -0.000000000000 1.000000000000 -5.683695785217 -0.412953100298 -0.019286287510 -0.053875026788 0.012524362892 0.097738830271
0.000000000000 2800000000 0.327330105028 -0.943602293264 -0.049696222084 -7.802664366233 0.944520466777 0.328252417314 -0.011464657313 -3.256096515481 0.027130981962 -0.043186371398 0.998698576720 -0.109827211236 -0.000000000000 0.000000000000 -0.000000000000 1.000000000000 -5.903106285400 -0.383856963763 -0.014350165112 -0.051401694986 -0.002129441391 0.032664815097
0.000000000000 2900000000 0.324237623582 -0.944659723200 -0.049879563122 -8.382210854103 0.945711787918 0.324941604029 -0.006493701824 -3.321445360614 0.022342283817 -0.045066188373 0.998734129295 -0.096081409210 -0.000000000000 0.000000000000 -0.000000000000 1.000000000000 -5.903106285400 -0.383856963763 -0.014350165112 -0.051401694986 -0.002129441391 0.032664815097
0.000000000000 2900000000 0.309598123145 -0.949604677024 -0.048989381696 -8.359385649516 0.950527472015 0.310454091434 -0.010760207109 -3.405555291339 0.025426896981 -0.043234413213 0.998741337096 -0.101883614896 -0.000000000000 0.000000000000 -0.000000000000 1.000000000000 -6.275899612777 -0.374437083697 0.037614143766 -0.051425297899 -0.014874295100 -0.022015396725
0.000000000000 3000000000 0.311655601424 -0.948852601719 -0.050492834268 -8.994348902814 0.949962994729 0.312313779089 -0.005514711001 -3.424398474939 0.021002255768 -0.046247633479 0.998709197740 -0.093466184302 -0.000000000000 0.000000000000 -0.000000000000 1.000000000000 -6.275899612777 -0.374437083697 0.037614143766 -0.051425297899 -0.014874295100 -0.022015396725
0.000000000000 3000000000 0.299026504078 -0.952947983171 -0.049732195095 -8.962975063212 0.953953627698 0.299816392382 -0.009088842702 -3.509828273927 0.023571721641 -0.044724403065 0.998721233233 -0.101302793975 -0.000000000000 0.000000000000 -0.000000000000 1.000000000000 -6.507485766160 -0.344829634241 0.030563920781 -0.029935371983 -0.019932197281 0.007874293499
0.000000000000 3100000000 0.298230482696 -0.953091785895 -0.051716794655 -9.610736761407 0.954255955633 0.298927886776 -0.006139189379 -3.551934257332 0.021310803106 -0.047520165893 0.998642920920 -0.106187459916 -0.000000000000 0.000000000000 -0.000000000000 1.000000000000 -6.507485766160 -0.344829634241 0.030563920781 -0.029935371983 -0.019932197281 0.007874293499
0.000000000000 3100000000 0.287297885420 -0.956470220863 -0.051231256428 -9.598181807951 0.957547985265 0.288122320316 -0.009347965033 -3.620254051818 0.023701918654 -0.046370735789 0.998643066323 -0.119024084564 -0.000000000000 0.000000000000 -0.000000000000 1.000000000000 -6.729200794924 -0.410555923684 0.072874292167 -0.011326540443 -0.031905148857 -0.027504232927
0.000000000000 3200000000 0.289855136419 -0.955520884718 -0.054441149511 -10.280667027019 0.956781030011 0.290697281824 -0.008071613859 -3.634118128166 0.023538489798 -0.049748660368 0.998484356557 -0.139340022001 -0.000000000000 0.000000000000 -0.000000000000 1.000000000000 -6.729200794924 -0.410555923684 0.072874292167 -0.011326540443 -0.031905148857 -0.027504232927
0.000000000000 3200000000 0.277328895670 -0.959274836782 -0.053670020892 -10.255059727734 0.960430429878 0.278292574856 -0.011253094868 -3.728055713157 0.025730779050 -0.048425512864 0.998495316320 -0.151218716513 -0.000000000000 0.000000000000 -0.000000000000 1.000000000000 -6.967247533166 -0.417718721840 0.019708061360 -0.015332740617 -0.025734091997 -0.031959945990
0.000000000000 3300000000 0.280331823892 -0.958252293860 -0.056272638331 -10.963298894642 0.959578162172 0.281280312828 -0.009546533325 -3.736167359943 0.024976372770 -0.051321797772 0.998369798159 -0.170827040089 -0.000000000000 0.000000000000 -0.000000000000 1.000000000000 -6.967247533166 -0.417718721840 0.019708061360 -0.015332740617 -0.025734091997 -0.031959945990
0.000000000000 3300000000 0.267530230320 -0.961941086462 -0.055649995871 -10.932455946474 0.963173615956 0.268592482548 -0.012436391983 -3.832846144847 0.026910246961 -0.050273496940 0.998372883303 -0.176210467001 -0.000000000000 0.000000000000 -0.000000000000 1.000000000000 -7.104993154994 -0.385261109305 0.021816845023 -0.021815940939 -0.020521597030 -0.002834790434
0.000000000000 3400000000 0.267749635694 -0.961759127263 -0.057701938539 -11.643672574746 0.963154759954 0.268752678205 -0.010242379378 -3.868570219259 0.025358252372 -0.052833503415 0.998281313034 -0.188792981893 -0.000000000000 0.000000000000 -0.000000000000 1.000000000000 -7.104993154994 -0.385261109305 0.021816845023 -0.021815940939 -0.020521597030 -0.002834790434
0.000000000000 3400000000 0.256834024218 -0.964749528037 -0.057398886362 -11.613767998177 0.966086183419 0.257924473942 -0.012347143318 -3.957098337259 0.026716478258 -0.052281104552 0.998274970084 -0.198852139702 -0.000000000000 0.000000000000 -0.000000000000 1.000000000000 -7.253899918721 -0.335025814950 0.036749538764 0.004933723587 -0.025129909305 -0.025722128720
0.000000000000 3500000000 0.259249583500 -0.963948600132 -0.059939550867 -12.348805219987 0.965408985549 0.260431348098 -0.012688717356 -3.959677450422 0.027841409370 -0.054576636307 0.998121358700 -0.227239101442 -0.000000000000 0.000000000000 -0.000000000000 1.000000000000 -7.253899918721 -0.335025814950 0.036749538764 0.004933723587 -0.025129909305 -0.025722128720
0.000000000000 3500000000 0.246458846348 -0.967323576459 -0.059524242814 -12.320737940526 0.968754761791 0.247653519067 -0.013488736067 -4.086875239130 0.027789360617 -0.054339975338 0.998135721491 -0.232697252721 -0.000000000000 0.000000000000 -0.000000000000 1.000000000000 -7.492201250566 -0.478169321387 -0.000778724220 -0.009014869032 -0.014999639247 -0.005839808277
0.000000000000 3600000000 0.246983240231 -0.967096037412 -0.061028955971 -13.071996137992 0.968635506332 0.248168609755 -0.012553764604 -4.127494378163 0.027286167162 -0.056014244209 0.998057047231 -0.248116612375 -0.000000000000 0.000000000000 -0.000000000000 1.000000000000 -7.492201250566 -0.478169321387 -0.000778724220 -0.009014869032 -0.014999639247 -0.005839808277
0.000000000000 3600000000 0.236049169073 -0.969864923459 -0.060355778710 -13.036999713126 0.971332246808 0.237295866129 -0.014294692328 -4.237086229684 0.028186097465 -0.055251263896 0.998074567228 -0.262074493671 -0.000000000000 0.000000000000 -0.000000000000 1.000000000000 -7.764349560989 -0.516199841355 0.006500427450 -0.023604482543 -0.028051596052 -0.007969144285
0.000000000000 3700000000 0.236746408257 -0.969515973643 -0.063165774188 -13.816055374815 0.971208466502 0.237934337101 -0.011889736083 -4.278656442477 0.026556595663 -0.058532282372 0.997932221720 -0.289037419002 -0.000000000000 0.000000000000 -0.000000000000 1.000000000000 -7.764349560989 -0.516199841355 0.006500427450 -0.023604482543 -0.028051596052 -0.007969144285
0.000000000000 3700000000 0.226248751874 -0.972083244374 -0.062174498655 -13.798348868479 0.973665813216 0.227531398019 -0.014295002283 -4.384316842557 0.028042582797 -0.057302957370 0.997962917461 -0.291448803364 -0.000000000000 0.000000000000 -0.000000000000 1.000000000000 -7.780303454626 -0.490895139310 0.093483349464 0.006213809927 -0.046500155212 0.019176740784
0.000000000000 3800000000 0.224246936276 -0.972241181044 -0.066786207057 -14.566406973489 0.974079827493 0.225704071551 -0.015038675377 -4.460404250195 0.029695138366 -0.061682720170 0.997653968463 -0.350796805784 -0.000000000000 0.000000000000 -0.000000000000 1.000000000000 -7.780303454626 -0.490895139310 0.093483349464 0.006213809927 -0.046500155212 0.019176740784
0.000000000000 3800000000 0.214937301023 -0.974417627007 -0.065667684649 -14.534175862401 0.976141522312 0.216465780336 -0.017038026954 -4.551024507354 0.030816960394 -0.060438846132 0.997696076383 -0.367939362695 -0.000000000000 0.000000000000 -0.000000000000 1.000000000000 -7.878589870748 -0.343757020953 0.233253058731 -0.005846563829 -0.053911948424 0.030241253245
0.000000000000 3900000000 0.211816611273 -0.974727396026 -0.070994553494 -15.306023524608 0.976804989824 0.213481632708 -0.016661463043 -4.630751423989 0.031396417679 -0.065818659463 0.997337540166 -0.422367484809 -0.000000000000 0.000000000000 -0.000000000000 1.000000000000 -7.878589870748 -0.343757020953 0.233253058731 -0.005846563829 -0.053911948424 0.030241253245
0.000000000000 3900000000 0.203098583901 -0.976656980894 -0.069943597915 -15.284875229351 0.978647695235 0.204780690517 -0.017707552128 -4.731243825316 0.031617302679 -0.064853762134 0.997393771641 -0.445281151812 -0.000000000000 0.000000000000 -0.000000000000 1.000000000000 -8.131123849343 -0.335593785009 0.206847286623 -0.003561427694 -0.044940399700 0.039062133928
0.000000000000 4000000000 0.199130872026 -0.977147916981 -0.074356197764 -16.077214034863 0.979444653770 0.200940797860 -0.017634226846 -4.826223943020 0.032172441735 -0.069316261406 0.997075819533 -0.493366065217 -0.000000000000 0.000000000000 -0.000000000000 1.000000000000 -8.131123849343 -0.335593785009 0.206847286623 -0.003561427694 -0.044940399700 0.039062133928
0.000000000000 4000000000 0.191134883572 -0.978810294771 -0.073470151300 -16.055902482487 0.981035705902 0.192951091794 -0.018407061695 -4.926149278702 0.032193167391 -0.068558610150 0.997127532940 -0.501398754821 -0.000000000000 0.000000000000 -0.000000000000 1.000000000000 -8.101597994528 -0.214647463508 -0.046251334938 0.004590282603 -0.016671090579 0.065595639247
0.000000000000 4099999000 0.184641392838 -0.979939425165 -0.075008526574 -16.832463952381 0.982253221940 0.186558620363 -0.019351722329 -5.055243206557 0.032957002888 -0.070104237936 0.996995101184 -0.535728937062 -0.000000000000 0.000000000000 -0.000000000000 1.000000000000 -8.101597994528 -0.214647463508 -0.046251334938 0.004590282603 -0.016671090579 0.065595639247
0.000000000000 4099999000 0.178238412355 -0.981131511572 -0.074913452477 -16.818104388082 0.983464139329 0.180108968955 -0.018948508037 -5.142949683901 0.032083563018 -0.070297342076 0.997009994273 -0.543763161906 -0.000000000000 0.000000000000 -0.000000000000 1.000000000000 -8.190563867215 -0.216977279256 -0.090736529163 0.000240024676 0.000245661581 0.096024749983
0.000000000000 4200000000 0.168787442369 -0.982817478018 -0.074703441691 -17.586897882568 0.985129535355 0.170681197946 -0.019690790700 -5.329822277620 0.032102926174 -0.070269008602 0.997011368321 -0.552539883206 -0.000000000000 0.000000000000 -0.000000000000 1.000000000000 -8.190563867215 -0.216977279256 -0.090736529163 0.000240024676 0.000245661581 0.096024749983
0.000000000000 4200000000 0.163900718705 -0.983679438703 -0.074238240018 -17.547535338093 0.985946863772 0.165814637321 -0.020354062692 -5.405102799883 0.032331659808 -0.069858914414 0.997032795775 -0.548362624624 -0.000000000000 0.000000000000 -0.000000000000 1.000000000000 -8.041663133052 -0.258368351745 -0.057451869381 0.000611460809 0.007140945562 0.106272777887
0.000000000000 4300000000 0.153436807983 -0.985435669421 -0.073305439018 -18.293507275256 0.987631121385 0.155355621615 -0.021199030732 -5.621354705047 0.032278693086 -0.069146021333 0.997084205926 -0.541647799742 -0.000000000000 0.000000000000 -0.000000000000 1.000000000000 -8.041663133052 -0.258368351745 -0.057451869381 0.000611460809 0.007140945562 0.106272777887
0.000000000000 4300000000 0.147351028088 -0.986423672858 -0.072498359613 -18.272101358367 0.988580253110 0.149219457087 -0.021038935032 -5.704772825593 0.031571469428 -0.068570337989 0.997146604600 -0.530521028445 -0.000000000000 0.000000000000 -0.000000000000 1.000000000000 -7.994764306743 -0.297874120201 -0.058846342754 0.008890581929 0.000628585124 0.085519321404
0.000000000000 4400000000 0.138893604617 -0.987668265444 -0.072249318551 -19.022021959634 0.989775777001 0.140839133432 -0.022544395236 -5.893553751991 0.032441915154 -0.068379353088 0.997131779763 -0.540388846846 -0.000000000000 0.000000000000 -0.000000000000 1.000000000000 -7.994764306743 -0.297874120201 -0.058846342754 0.008890581929 0.000628585124 0.085519321404
0.000000000000 4400000000 0.129100914782 -0.989079315838 -0.071098950650 -18.978952791925 0.991108974220 0.131027998778 -0.023122818986 -6.039988066653 0.032186255201 -0.067481630964 0.997201220646 -0.534689140017 -0.000000000000 0.000000000000 -0.000000000000 1.000000000000 -8.080983726462 -0.262432933359 0.055496565460 0.024344186583 0.003020164930 0.140391674385
0.000000000000 4500000000 0.115184947326 -0.990842746090 -0.070449133640 -19.700347637168 0.992742537691 0.117293084314 -0.026544043211 -6.336442790895 0.034564168839 -0.066880377489 0.997162139945 -0.538361139719 -0.000000000000 0.000000000000 -0.000000000000 1.000000000000 -8.080983726462 -0.262432933359 0.055496565460 0.024344186583 0.003020164930 0.140391674385
0.000000000000 4500000000 0.106904944285 -0.991831451091 -0.069582364961 -19.670788062297 0.993662095031 0.109023053150 -0.027379093853 -6.471049760928 0.034741528259 -0.066214398042 0.997200421032 -0.547813377191 -0.000000000000 0.000000000000 -0.000000000000 1.000000000000 -7.996737387186 -0.338431409686 0.082329617860 0.018277740833 -0.002906877435 0.206040966517
0.000000000000 4600000000 0.086400490849 -0.993849076877 -0.069274580989 -20.332410360219 0.995588418862 0.088686874733 -0.030632311029 -6.916013437395 0.036587640125 -0.066322323846 0.997127220544 -0.557627047233 -0.000000000000 0.000000000000 -0.000000000000 1.000000000000 -7.996737387186 -0.338431409686 0.082329617860 0.018277740833 -0.002906877435 0.206040966517
0.000000000000 4600000000 0.080630341691 -0.994383879826 -0.068552516662 -20.325454295261 0.996074934444 0.082905112095 -0.031007537169 -6.994812547694 0.036516749192 -0.065783295223 0.997165525426 -0.555543125004 -0.000000000000 0.000000000000 -0.000000000000 1.000000000000 -8.096629042108 -0.422003175807 -0.040340185106 0.027873783974 -0.003570576284 0.294794020739
0.000000000000 4700000000 0.051223869666 -0.996374665470 -0.067923789550 -20.919193107968 0.997912868262 0.053743388058 -0.035798821175 -7.643401284383 0.039319493052 -0.065948269503 0.997048044587 -0.587338146161 -0.000000000000 0.000000000000 -0.000000000000 1.000000000000 -8.096629042108 -0.422003175807 -0.040340185106 0.027873783974 -0.003570576284 0.294794020739
0.000000000000 4700000000 0.047093336418 -0.996608682080 -0.067478533383 -20.925992437104 0.998138712199 0.049570797937 -0.035522488664 -7.704161493958 0.038746985355 -0.065680063903 0.997088160762 -0.586898109652 -0.000000000000 0.000000000000 -0.000000000000 1.000000000000 -8.318009740015 -0.568736731116 -0.007932045098 0.013652436289 -0.001669450148 0.299991648682
0.000000000000 4800000000 0.017127531252 -0.997637499226 -0.066528699158 -21.516229314264 0.999048233314 0.019745447063 -0.038894020525 -8.396891128533 0.040115772279 -0.065799220806 0.997026171851 -0.602223279602 -0.000000000000 0.000000000000 -0.000000000000 1.000000000000 -8.318009740015 -0.568736731116 -0.007932045098 0.013652436289 -0.001669450148 0.299991648682
0.000000000000 4800000000 0.014125294008 -0.997689951477 -0.066447248184 -21.512202811642 0.999127011162 0.016696084924 -0.038294337892 -8.412525724779 0.039315285012 -0.065848321696 0.997054816394 -0.610233560237 -0.000000000000 0.000000000000 -0.000000000000 1.000000000000 -8.277354917628 -0.470931357581 -0.088882539153 -0.011716165912 0.005273370815 0.313031837911
0.000000000000 4900000000 -0.017132668795 -0.997757111340 -0.064708719893 -22.065538631262 0.999125317926 -0.014615240764 -0.039178997127 -9.142447031155 0.038145389478 -0.065323361117 0.997134789160 -0.597348571287 -0.000000000000 0.000000000000 0.000000000000 1.000000000000 -8.277354917628 -0.470931357581 -0.088882539153 -0.011716165912 0.005273370815 0.313031837911
0.000000000000 4900000000 -0.020440594693 -0.997727461580 -0.064203539605 -22.058797659992 0.999056167057 -0.017921654405 -0.039567529226 -9.154830648731 0.038326976847 -0.064951726017 0.997152102807 -0.598563757792 -0.000000000000 0.000000000000 0.000000000000 1.000000000000 -8.307233157883 -0.367343561180 -0.004942709878 -0.000839565784 0.007729652328 0.302509360695
0.000000000000 5000000000 -0.050619468585 -0.996778729260 -0.062207992207 -22.602301382300 0.997984483995 -0.048097217428 -0.041395982669 -9.867188909580 0.038270603674 -0.064178053647 0.997204361365 -0.580997504574 -0.000000000000 0.000000000000 0.000000000000 1.000000000000 -8.307233157883 -0.367343561180 -0.004942709878 -0.000839565784 0.007729652328 0.302509360695
0.000000000000 5000000000 -0.055009754825 -0.996612554158 -0.061133818537 -22.578863111561 0.997789992413 -0.052582910305 -0.040622267107 -9.944214613017 0.037270067280 -0.063233333288 0.997302605856 -0.558571386457 -0.000000000000 0.000000000000 0.000000000000 1.000000000000 -8.262103296279 -0.310976206533 -0.023683372860 0.019846863304 0.012099785224 0.270669630473
0.000000000000 5100000000 -0.081946098731 -0.994901956115 -0.058778691907 -23.127842240778 0.995860369244 -0.079412252582 -0.044224643693 -10.592819082996 0.039331436191 -0.062159406844 0.997290953668 -0.553663212855 -0.000000000000 0.000000000000 0.000000000000 1.000000000000 -8.262103296279 -0.310976206533 -0.023683372860 0.019846863304 0.012099785224 0.270669630473
0.000000000000 5100000000 -0.083199768088 -0.994830329972 -0.058227254421 -23.149097504707 0.995729205677 -0.080644472598 -0.044942385352 -10.583062963495 0.040014341826 -0.061717773832 0.997291215664 -0.571418647245 -0.000000000000 0.000000000000 0.000000000000 1.000000000000 -8.281332992880 -0.171796252206 0.080211628289 -0.017379167646 0.025696024168 0.325296935328
0.000000000000 5200000000 -0.115441030332 -0.991834501794 -0.054200457261 -23.621696659075 0.992566323992 -0.113065052502 -0.045037610727 -11.361949370949 0.038541678652 -0.058996736808 0.997513871609 -0.484233740166 -0.000000000000 0.000000000000 0.000000000000 1.000000000000 -8.281332992880 -0.171796252206 0.080211628289 -0.017379167646 0.025696024168 0.325296935328
0.000000000000 5200000000 -0.118012925843 -0.991580051645 -0.053309947603 -23.627298264574 0.992264189726 -0.115670830532 -0.045078118319 -11.362006893787 0.038532156976 -0.058217352597 0.997560029640 -0.477218122763 -0.000000000000 0.000000000000 0.000000000000 1.000000000000 -8.197010439775 -0.260083575720 0.067512517374 -0.061767524371 0.034653616658 0.290204398141
0.000000000000 5300000000 -0.146634751298 -0.987995521708 -0.048611714606 -24.108210991873 0.988644348979 -0.144743585677 -0.040393633616 -12.083170855604 0.032872495240 -0.053982807359 0.998000629041 -0.315349403053 -0.000000000000 0.000000000000 0.000000000000 1.000000000000 -8.197010439775 -0.260083575720 0.067512517374 -0.061767524371 0.034653616658 0.290204398141
0.000000000000 5300000000 -0.148804353140 -0.987755100221 -0.046873515695 -24.123798571275 0.988300393003 -0.146948049787 -0.040848547754 -12.096943643245 0.033460389663 -0.052403555708 0.998065263233 -0.302936489523 -0.000000000000 0.000000000000 0.000000000000 1.000000000000 -8.011407326338 -0.248287749056 0.180434213496 -0.068760129328 0.029373842721 0.300524354126
0.000000000000 5400000000 -0.178347773205 -0.983036396026 -0.042796213397 -24.550673405187 0.983592574368 -0.176910533736 -0.035331440703 -12.854707920486 0.027160991181 -0.048395321482 0.998458899213 -0.127622274242 -0.000000000000 0.000000000000 0.000000000000 1.000000000000 -8.011407326338 -0.248287749056 0.180434213496 -0.068760129328 0.029373842721 0.300524354126
