0.000000000000 0 1.000000000000 -0.000000000000 0.000000000000 -0.000000000000 -0.000000000000 1.000000000000 -0.000000000000 0.000000000000 0.000000000000 -0.000000000000 1.000000000000 -0.000000000000 -0.000000000000 0.000000000000 -0.000000000000 1.000000000000 0.000000000000 0.000000000000 0.000000000000 0.000000000000 0.000000000000 0.000000000000
0.000000000000 100000000 1.000000000000 -0.000000000000 0.000000000000 -0.000000000000 -0.000000000000 1.000000000000 -0.000000000000 0.000000000000 0.000000000000 -0.000000000000 1.000000000000 -0.000000000000 -0.000000000000 0.000000000000 -0.000000000000 1.000000000000 0.000000000000 0.000000000000 0.000000000000 0.000000000000 0.000000000000 0.000000000000
0.000000000000 100000000 1.000000000000 -0.000000000000 0.000000000000 -0.000000000000 -0.000000000000 1.000000000000 -0.000000000000 0.000000000000 0.000000000000 -0.000000000000 1.000000000000 -0.000000000000 -0.000000000000 0.000000000000 -0.000000000000 1.000000000000 -13.121581774011 0.447625741528 -0.163152492828 -0.002490320551 -0.014130524970 -0.029371281455
0.000000000000 200000000 0.999994688285 0.002937298862 -0.001412684261 -1.312078589703 -0.002936946967 0.999995655635 0.000251106768 0.046687376222 0.001413415700 -0.000246956455 0.999998970634 -0.017248019704 -0.000000000000 0.000000000000 -0.000000000000 1.000000000000 -13.121581774011 0.447625741528 -0.163152492828 -0.002490320551 -0.014130524970 -0.029371281455
0.000000000000 200000000 0.999987617742 -0.004339761659 -0.002435329861 -1.500035329905 0.004342187415 0.999990080953 0.000991666995 0.028608608478 0.002431002106 -0.001002229374 0.999996542877 -0.022841832998 -0.000000000000 0.000000000000 -0.000000000000 1.000000000000 -14.396387531497 -0.161762946995 -0.186230746189 -0.012921039942 0.011316901153 -0.107259666072
0.000000000000 300000000 0.999978793492 0.006384267784 -0.001285959175 -2.939375433927 -0.006381293668 0.999976985680 0.002303736620 0.036200733120 0.001300637251 -0.002295481682 0.999996519547 -0.038993093144 -0.000000000000 0.000000000000 -0.000000000000 1.000000000000 -14.396387531497 -0.161762946995 -0.186230746189 -0.012921039942 0.011316901153 -0.107259666072
0.000000000000 300000000 0.999993024863 -0.003428162852 -0.001482540207 -3.021862900619 0.003432284868 0.999990226465 0.002786825296 -0.003668604447 0.001472972027 -0.002791894358 0.999995017827 -0.041662308018 -0.000000000000 0.000000000000 -0.000000000000 1.000000000000 -14.273724458839 -0.160564459294 -0.198996965815 -0.005422075104 0.010982568690 -0.072814901166
0.000000000000 400000000 0.999992523536 0.003849913445 -0.000361993346 -4.449282459974 -0.003848684768 0.999987030122 0.003335747900 0.007448580792 0.000374830992 -0.003334329763 0.999994370858 -0.057459935945 -0.000000000000 0.000000000000 -0.000000000000 1.000000000000 -14.273724458839 -0.160564459294 -0.198996965815 -0.005422075104 0.010982568690 -0.072814901166
0.000000000000 400000000 0.999998953284 -0.001040411671 -0.001005472488 -4.471470457079 0.001044257305 0.999992113473 0.003831777410 -0.009439925686 0.001001477932 -0.003832823371 0.999992153223 -0.055530630992 -0.000000000000 0.000000000000 -0.000000000000 1.000000000000 -14.099691107175 -0.201957031838 -0.219355692409 0.010077754070 0.004977323478 -0.035222015379
0.000000000000 500000000 0.999996801505 0.002480110533 -0.000496016374 -5.881510110839 -0.002478698869 0.999992933023 0.002826651160 -0.011337210158 0.000503023276 -0.002825412644 0.999995881997 -0.074900582318 -0.000000000000 0.000000000000 -0.000000000000 1.000000000000 -14.099691107175 -0.201957031838 -0.219355692409 0.010077754070 0.004977323478 -0.035222015379
0.000000000000 500000000 0.999998977621 -0.000558925167 -0.001316191250 -5.869784523004 0.000562802616 0.999995497925 0.002947436567 -0.020994421834 0.001314537928 -0.002948174309 0.999994790116 -0.077144959775 -0.000000000000 0.000000000000 -0.000000000000 1.000000000000 -13.716101712040 -0.159549321718 -0.220146102106 -0.015230779749 -0.004415182334 -0.017392726497
0.000000000000 600000000 0.999997768024 0.001181972944 -0.001751252758 -7.241396097658 -0.001174129274 0.999989306028 0.004473170052 -0.025683758393 0.001756521196 -0.004471103871 0.999988461865 -0.102018137507 -0.000000000000 0.000000000000 -0.000000000000 1.000000000000 -13.716101712040 -0.159549321718 -0.220146102106 -0.015230779749 -0.004415182334 -0.017392726497
0.000000000000 600000000 0.999996927299 -0.000366913531 -0.002451686721 -7.226946854661 0.000379146615 0.999987472704 0.004991060287 -0.024429030134 0.002449824720 -0.004991974500 0.999984539155 -0.102286325766 -0.000000000000 0.000000000000 -0.000000000000 1.000000000000 -13.399053534540 -0.077311581172 -0.215534600127 0.000386395236 -0.004024522069 -0.012385570142
0.000000000000 700000000 0.999995562902 0.000873629303 -0.002847972769 -8.566835240136 -0.000859508358 0.999987351045 0.004955703338 -0.022375008780 0.002852266192 -0.004953233493 0.999983664894 -0.127018817017 -0.000000000000 0.000000000000 -0.000000000000 1.000000000000 -13.399053534540 -0.077311581172 -0.215534600127 0.000386395236 -0.004024522069 -0.012385570142
0.000000000000 700000000 0.999993244475 -0.000415374531 -0.003652186859 -8.563709289030 0.000433160979 0.999988044547 0.004870640074 -0.029456204445 0.003650120056 -0.004872189156 0.999981469027 -0.133462254299 -0.000000000000 0.000000000000 -0.000000000000 1.000000000000 -13.137347694405 -0.172708719506 -0.167029848223 0.001876473383 0.010560888124 -0.022551800117
0.000000000000 800000000 0.999994974890 0.001834732120 -0.002585334335 -9.877651793496 -0.001822592759 0.999987340811 0.004690029093 -0.025907062292 0.002593906554 -0.004685293513 0.999985659734 -0.140432622244 -0.000000000000 0.000000000000 -0.000000000000 1.000000000000 -13.137347694405 -0.172708719506 -0.167029848223 0.001876473383 0.010560888124 -0.022551800117
0.000000000000 800000000 0.999995732306 -0.000670549855 -0.002843542213 -9.884378071898 0.000684352386 0.999987976361 0.004855800168 -0.038231875351 0.002840251967 -0.004857725430 0.999984167611 -0.144493275770 -0.000000000000 0.000000000000 -0.000000000000 1.000000000000 -13.075846563774 -0.131554620998 -0.181266713150 0.023184116442 0.025238192215 -0.034447700494
0.000000000000 900000000 0.999996130653 0.002764856344 -0.000306998825 -11.192410057414 -0.002764066892 0.999992946943 0.002542832573 -0.014759067364 0.000314027226 -0.002541974168 0.999996719872 -0.136085218294 -0.000000000000 0.000000000000 -0.000000000000 1.000000000000 -13.075846563774 -0.131554620998 -0.181266713150 0.023184116442 0.025238192215 -0.034447700494
0.000000000000 900000000 0.999999821108 0.000128095011 -0.000584273564 -11.210612085614 -0.000126586763 0.999996661940 0.002580714123 -0.039037811064 0.000584602191 -0.002580639700 0.999996499263 -0.138696904389 -0.000000000000 0.000000000000 -0.000000000000 1.000000000000 -13.177380375777 -0.128877552383 -0.159270978894 0.028705192341 0.021434964236 -0.019024989238
0.000000000000 1000000000 0.999996724348 0.002028133770 0.001561399042 -12.528702910886 -0.002027682209 0.999997901988 -0.000290731704 -0.028958250806 -0.001561985409 0.000287564730 0.999998738753 -0.129279612244 -0.000000000000 0.000000000000 -0.000000000000 1.000000000000 -13.177380375777 -0.128877552383 -0.159270978894 0.028705192341 0.021434964236 -0.019024989238
0.000000000000 1000000000 0.999999526977 -0.000048351652 0.000971446261 -12.541174385132 0.000048397029 0.999999997739 -0.000046687383 -0.054683480837 -0.000971444001 0.000046734376 0.999999527056 -0.133874284359 -0.000000000000 0.000000000000 -0.000000000000 1.000000000000 -13.263331354079 -0.175395106989 -0.223440601526 0.042310789413 0.012254762890 -0.014534813889
0.000000000000 1100000000 0.999996602760 0.001407774275 0.002193772950 -13.867753757558 -0.001398375300 0.999989862813 -0.004280048740 -0.052450022584 -0.002199776054 0.004276966481 0.999988434205 -0.140263921888 -0.000000000000 0.000000000000 -0.000000000000 1.000000000000 -13.263331354079 -0.175395106989 -0.223440601526 0.042310789413 0.012254762890 -0.014534813889
0.000000000000 1100000000 0.999998978276 -0.000003167365 0.001429488688 -13.884137425862 0.000008896362 0.999991968956 -0.004007735687 -0.061299733601 -0.001429464514 0.004007744309 0.999990947267 -0.146443490118 -0.000000000000 0.000000000000 -0.000000000000 1.000000000000 -13.217424321856 -0.277268835216 -0.213859149031 0.015729015407 0.003555644648 -0.017672122072
0.000000000000 1200000000 0.999996862990 0.001765728041 0.001776573827 -15.206045091761 -0.001755783892 0.999982871006 -0.005583450256 -0.063079124339 -0.001786402251 0.005580313461 0.999982834287 -0.162755815111 -0.000000000000 0.000000000000 -0.000000000000 1.000000000000 -13.217424321856 -0.277268835216 -0.213859149031 0.015729015407 0.003555644648 -0.017672122072
0.000000000000 1200000000 0.999999506767 -0.000458730775 0.000880926133 -15.218256777566 0.000463988373 0.999982027770 -0.005977361683 -0.081846319617 -0.000878168301 0.005977767474 0.999981747392 -0.173565190333 -0.000000000000 0.000000000000 -0.000000000000 1.000000000000 -13.194123572755 -0.236624500337 -0.253439810880 -0.009243336626 -0.005020904765 -0.024842259509
0.000000000000 1300000000 0.999997887704 0.002022686521 0.000365140219 -16.537758283217 -0.002020815187 0.999985183605 -0.005054589587 -0.066239945705 -0.000375358660 0.005053841029 0.999987158816 -0.206812679423 -0.000000000000 0.000000000000 -0.000000000000 1.000000000000 -13.194123572755 -0.236624500337 -0.253439810880 -0.009243336626 -0.005020904765 -0.024842259509
0.000000000000 1300000000 0.999999413961 -0.000617147057 -0.000889498502 -16.562382210055 0.000612885128 0.999988370134 -0.004783719178 -0.083863708788 0.000892440415 0.004783171214 0.999988162342 -0.217608328394 -0.000000000000 0.000000000000 -0.000000000000 1.000000000000 -13.195767177037 -0.250471740139 -0.244802195181 -0.029625579903 -0.017826513955 -0.016364606761
0.000000000000 1400000000 0.999995901877 0.001013417862 -0.002677538801 -17.881657932301 -0.001018288307 0.999997828500 -0.001818264207 -0.081453180342 0.002675690325 0.001820983262 0.999994762337 -0.272544047905 -0.000000000000 -0.000000000000 -0.000000000000 1.000000000000 -13.195767177037 -0.250471740139 -0.244802195181 -0.029625579903 -0.017826513955 -0.016364606761
0.000000000000 1400000000 0.999991886878 -0.001607903385 -0.003693348732 -17.910859505124 0.001604132099 0.999998189257 -0.001023837570 -0.104390734281 0.003694988276 0.001017904644 0.999992655439 -0.282646839609 -0.000000000000 0.000000000000 -0.000000000000 1.000000000000 -13.368736583647 -0.249770284308 -0.243046065371 -0.031453757867 0.003815950476 -0.031877735850
0.000000000000 1500000000 0.999993274310 0.001579655383 -0.003309988546 -19.248125025676 -0.001572601260 0.999996489290 0.002132682315 -0.071056296103 0.003313345829 -0.002127462679 0.999992247791 -0.299584573912 -0.000000000000 0.000000000000 -0.000000000000 1.000000000000 -13.368736583647 -0.249770284308 -0.243046065371 -0.031453757867 0.003815950476 -0.031877735850
0.000000000000 1500000000 0.999993680645 -0.000930130480 -0.003431257450 -19.272511430365 0.000938306106 0.999996723178 0.002381851075 -0.100517740301 0.003429030774 -0.002385055593 0.999991276591 -0.304639158163 -0.000000000000 0.000000000000 -0.000000000000 1.000000000000 -13.365149855069 -0.208440729371 -0.173814356297 -0.011273133144 0.033949789160 -0.022891987777
0.000000000000 1600000000 0.999999089598 0.001349047852 -0.000029551325 -20.610179019456 -0.001348935710 0.999992919159 0.003513118934 -0.076027495651 0.000034290482 -0.003513075873 0.999993828542 -0.254220279002 -0.000000000000 0.000000000000 -0.000000000000 1.000000000000 -13.365149855069 -0.208440729371 -0.173814356297 -0.011273133144 0.033949789160 -0.022891987777
0.000000000000 1600000000 0.999999802604 -0.000498406995 -0.000382598556 -20.625959674818 0.000499829309 0.999992931807 0.003726460273 -0.100025281962 0.000380738558 -0.003726650771 0.999992983531 -0.253706074855 -0.000000000000 0.000000000000 -0.000000000000 1.000000000000 -13.375621638567 -0.263928738145 -0.200476026033 -0.007016553837 0.019302112136 -0.016945212951
0.000000000000 1700000000 0.999998085811 0.001188229368 0.001554504612 -21.964153323377 -0.001195101136 0.999989486130 0.004427116837 -0.090503975244 -0.001549227838 -0.004428966153 0.999988992015 -0.232582735061 -0.000000000000 0.000000000000 -0.000000000000 1.000000000000 -13.375621638567 -0.263928738145 -0.200476026033 -0.007016553837 0.019302112136 -0.016945212951
0.000000000000 1700000000 0.999998077302 -0.000832766506 0.001775356795 -21.973476649459 0.000824928995 0.999989932193 0.004410782790 -0.102884754027 -0.001779012073 -0.004409309766 0.999988696488 -0.232846407303 -0.000000000000 0.000000000000 -0.000000000000 1.000000000000 -13.455662043447 -0.242292371964 -0.241460602773 0.048325046632 -0.004552045940 -0.005730276513
0.000000000000 1800000000 0.999999093590 -0.000258833323 0.001321296762 -23.318990803488 0.000259391892 0.999999877067 -0.000422589093 -0.112927595255 -0.001321187219 0.000422931443 0.999999037796 -0.267822973249 -0.000000000000 0.000000000000 -0.000000000000 1.000000000000 -13.455662043447 -0.242292371964 -0.241460602773 0.048325046632 -0.004552045940 -0.005730276513
0.000000000000 1800000000 0.999998176996 -0.001675145684 0.000916455915 -23.335975061547 0.001675884949 0.999998270495 -0.000806483739 -0.141837941177 -0.000915103352 0.000808018143 0.999999254846 -0.270980182717 -0.000000000000 0.000000000000 -0.000000000000 1.000000000000 -13.487547643093 -0.327429201320 -0.181831283115 -0.005032310670 -0.017551388341 -0.012834084215
0.000000000000 1900000000 0.999999570596 -0.000392712891 -0.000839394799 -24.684385240627 0.000392458421 0.999999876992 -0.000303302201 -0.143917409753 0.000839513806 0.000302972644 0.999999601712 -0.331232553917 -0.000000000000 0.000000000000 -0.000000000000 1.000000000000 -13.487547643093 -0.327429201320 -0.181831283115 -0.005032310670 -0.017551388341 -0.012834084215
0.000000000000 1900000000 0.999993719866 -0.002958646257 -0.001951061438 -24.699142191778 0.002956393227 0.999994960942 -0.001156645792 -0.173371427145 0.001954473712 0.001150870423 0.999997427762 -0.349570410730 -0.000000000000 0.000000000000 -0.000000000000 1.000000000000 -13.574587690287 -0.273242908808 -0.155761974054 0.006241677643 -0.035576741984 -0.022683337557
0.000000000000 2000000000 0.999984566784 -0.000695509983 -0.005512028605 -26.055529519919 0.000685750099 0.999998194270 -0.001772344066 -0.142880357321 0.005513251335 0.001768536839 0.999983238028 -0.455529893957 -0.000000000000 0.000000000000 -0.000000000000 1.000000000000 -13.574587690287 -0.273242908808 -0.155761974054 0.006241677643 -0.035576741984 -0.022683337557
0.000000000000 2000000000 0.999980118623 -0.002857197870 -0.005621279129 -26.072277715940 0.002851633881 0.999995436504 -0.000997574470 -0.177003786824 0.005624103744 0.000981524807 0.999983702900 -0.459474589896 -0.000000000000 0.000000000000 -0.000000000000 1.000000000000 -13.513184473725 -0.109229231016 -0.185657048064 -0.042518108270 0.010618607746 -0.016054101156
0.000000000000 2100000000 0.999988828994 -0.001253007429 -0.004557615472 -27.424338896879 0.001267882439 0.999993874765 0.003262346701 -0.146916380897 0.004553499811 -0.003268088778 0.999984292494 -0.448947901479 -0.000000000000 0.000000000000 -0.000000000000 1.000000000000 -13.513184473725 -0.109229231016 -0.185657048064 -0.042518108270 0.010618607746 -0.016054101156
0.000000000000 2100000000 0.999984564208 -0.002915429593 -0.004729864306 -27.439799224898 0.002935365481 0.999986815173 0.004213443892 -0.184242684559 0.004717517945 -0.004227262734 0.999979937436 -0.453288263480 -0.000000000000 0.000000000000 -0.000000000000 1.000000000000 -13.591179724086 -0.131520624689 -0.231456058242 -0.002626341759 0.018567377703 -0.022489396471
0.000000000000 2200000000 0.999995672983 -0.000674604387 -0.002863376268 -28.800090933449 0.000687441550 0.999989707786 0.004484612138 -0.134269938117 0.002860321458 -0.004486561137 0.999985844565 -0.424180586152 -0.000000000000 0.000000000000 -0.000000000000 1.000000000000 -13.591179724086 -0.131520624689 -0.231456058242 -0.002626341759 0.018567377703 -0.022489396471
0.000000000000 2200000000 0.999994697725 -0.002164353742 -0.002433124441 -28.812506621283 0.002175966989 0.999986205873 0.004780505354 -0.171519676470 0.002422744174 -0.004785774405 0.999985613234 -0.402955423472 -0.000000000000 0.000000000000 -0.000000000000 1.000000000000 -13.645642636997 -0.228483354050 -0.185197647151 -0.012827570603 0.024036820651 -0.009815323949
0.000000000000 2300000000 0.999999284647 -0.001195877088 -0.000024157747 -30.178142617671 0.001196001601 0.999980895841 0.006064448241 -0.165900895713 0.000016904951 -0.006064472796 0.999981610773 -0.350361214161 -0.000000000000 0.000000000000 -0.000000000000 1.000000000000 -13.645642636997 -0.228483354050 -0.185197647151 -0.012827570603 0.024036820651 -0.009815323949
0.000000000000 2300000000 0.999998029309 -0.001971302474 0.000235252720 -30.196143953833 0.001969623184 0.999973999879 0.006936868894 -0.166985399891 -0.000248921271 -0.006936391865 0.999975911963 -0.347370488848 -0.000000000000 0.000000000000 -0.000000000000 1.000000000000 -13.921871177739 -0.262389212322 -0.173318140994 0.035463305631 0.011185367538 0.005369635445
0.000000000000 2400000000 0.999995927214 -0.002514031175 0.001351000741 -31.588609685762 0.002509437762 0.999991101832 0.003391014565 -0.208609453614 -0.001359513836 -0.003387610502 0.999993337886 -0.330813793687 -0.000000000000 0.000000000000 -0.000000000000 1.000000000000 -13.921871177739 -0.262389212322 -0.173318140994 0.035463305631 0.011185367538 0.005369635445
0.000000000000 2400000000 0.999993563773 -0.003363884604 0.001247674904 -31.592755396357 0.003359320241 0.999987723414 0.003642525098 -0.212200968471 -0.001259912621 -0.003638310315 0.999992587632 -0.326975982423 -0.000000000000 0.000000000000 -0.000000000000 1.000000000000 -13.821716220477 -0.450239934861 -0.197313384169 0.027277737781 0.015238878536 -0.012214388646
0.000000000000 2500000000 0.999993849029 -0.002145916533 0.002774337017 -32.975665801663 0.002143392844 0.999997286777 0.000912308365 -0.216938765673 -0.002776287228 -0.000906356259 0.999995735365 -0.298095463708 -0.000000000000 0.000000000000 -0.000000000000 1.000000000000 -13.821716220477 -0.450239934861 -0.197313384169 0.027277737781 0.015238878536 -0.012214388646
0.000000000000 2500000000 0.999988239772 -0.003831168632 0.002973628087 -32.975909475599 0.003826622856 0.999991503576 0.001532883918 -0.238699465466 -0.002979475559 -0.001521486938 0.999994403886 -0.295367424974 -0.000000000000 0.000000000000 -0.000000000000 1.000000000000 -13.832317937959 -0.396181372693 -0.238595227538 0.008464158439 0.012372854988 -0.012063615818
0.000000000000 2600000000 0.999987680052 -0.002626170436 0.004212240934 -34.359783390667 0.002623319771 0.999996326433 0.000682139655 -0.237459325995 -0.004214016875 -0.000671081196 0.999990895814 -0.277771838038 -0.000000000000 0.000000000000 -0.000000000000 1.000000000000 -13.832317937959 -0.396181372693 -0.238595227538 0.008464158439 0.012372854988 -0.012063615818
0.000000000000 2600000000 0.999983939495 -0.004233127506 0.003768472406 -34.357114888491 0.004231577155 0.999990958939 0.000419278742 -0.270822979613 -0.003770213196 -0.000403325426 0.999992811385 -0.281068322319 -0.000000000000 0.000000000000 -0.000000000000 1.000000000000 -13.855041171856 -0.423239803047 -0.244255593728 -0.002467737021 -0.007744439567 -0.017974966095
0.000000000000 2700000000 0.999992549773 -0.002435232387 0.002995002778 -35.742850117625 0.002433266157 0.999996821821 0.000659972393 -0.250220416879 -0.002996600446 -0.000652679837 0.999995297186 -0.332573792923 -0.000000000000 0.000000000000 -0.000000000000 1.000000000000 -13.855041171856 -0.423239803047 -0.244255593728 -0.002467737021 -0.007744439567 -0.017974966095
0.000000000000 2700000000 0.999988024527 -0.004080918780 0.002701278153 -35.753686345771 0.004079173813 0.999991468121 0.000651172882 -0.282594769717 -0.002703912490 -0.000640146101 0.999996139528 -0.341793507735 -0.000000000000 0.000000000000 -0.000000000000 1.000000000000 -13.871029266338 -0.228074652011 -0.210302451606 0.006367024170 -0.010537920700 -0.019748351175
0.000000000000 2800000000 0.999996424712 -0.002105752561 0.001648141386 -37.140907564754 0.002105738647 0.999997782878 0.000010177144 -0.233188287180 -0.001648159163 -0.000006706553 0.999998641762 -0.401395987011 -0.000000000000 0.000000000000 -0.000000000000 1.000000000000 -13.871029266338 -0.228074652011 -0.210302451606 0.006367024170 -0.010537920700 -0.019748351175
0.000000000000 2800000000 0.999995293173 -0.002836039924 0.001170688002 -37.143087594577 0.002835567844 0.999995897873 0.000404712459 -0.229390089470 -0.001171830981 -0.000401390989 0.999999232848 -0.407892047748 -0.000000000000 0.000000000000 -0.000000000000 1.000000000000 -13.851938233464 -0.137063312392 -0.258120613182 0.029309712415 -0.010684585599 -0.007546537215
0.000000000000 2900000000 0.999997826399 -0.002082524657 0.000101429946 -38.527977095086 0.002082774306 0.999994638815 -0.002526735493 -0.213250498581 -0.000096167413 0.002526941257 0.999996802655 -0.474778801481 -0.000000000000 0.000000000000 -0.000000000000 1.000000000000 -13.851938233464 -0.137063312392 -0.258120613182 0.029309712415 -0.010684585599 -0.007546537215
0.000000000000 2900000000 0.999996026007 -0.002817971944 -0.000083695694 -38.543941373547 0.002817787015 0.999993755041 -0.002133062434 -0.226607767790 0.000089706082 0.002132818121 0.999997721517 -0.481849101514 -0.000000000000 0.000000000000 -0.000000000000 1.000000000000 -13.883782536184 -0.218043926141 -0.205790304238 0.022005851143 0.007482815282 -0.009316531851
0.000000000000 3000000000 0.999998006609 -0.001883906455 0.000661569290 -39.932881004395 0.001886756348 0.999988828647 -0.004333904807 -0.210804154431 -0.000653397228 0.004335144387 0.999990389751 -0.473548267374 -0.000000000000 0.000000000000 -0.000000000000 1.000000000000 -13.883782536184 -0.218043926141 -0.205790304238 0.022005851143 0.007482815282 -0.009316531851
0.000000000000 3000000000 0.999991466116 -0.004117559553 0.000336745730 -39.941349637842 0.004119034818 0.999981372086 -0.004504334919 -0.283270598862 -0.000318192589 0.004505683547 0.999989798733 -0.484572619071 -0.000000000000 0.000000000000 -0.000000000000 1.000000000000 -13.972222400655 -0.435212791973 -0.217828238251 0.026764994691 0.002801817067 -0.025226134078
0.000000000000 3100000000 0.999998549283 -0.001593363451 0.000602182651 -41.339348470332 0.001597647501 0.999972933025 -0.007181973292 -0.222960055275 -0.000590722858 0.007182924948 0.999974027981 -0.495647013287 -0.000000000000 0.000000000000 -0.000000000000 1.000000000000 -13.972222400655 -0.435212791973 -0.217828238251 0.026764994691 0.002801817067 -0.025226134078
0.000000000000 3100000000 0.999992921020 -0.003759887636 0.000145446952 -41.353070484224 0.003760740207 0.999972517517 -0.006389134893 -0.298416126290 -0.000121420525 0.006389636652 0.999979578692 -0.505037207194 -0.000000000000 0.000000000000 -0.000000000000 1.000000000000 -14.008788180830 -0.380296796055 -0.287873401001 0.033666018404 0.002414171283 -0.011345183384
0.000000000000 3200000000 0.999996487385 -0.002623463617 0.000377697675 -42.754405843080 0.002627023730 0.999948959059 -0.009755922445 -0.287001675471 -0.000352084090 0.009756880397 0.999952338525 -0.524657953316 -0.000000000000 0.000000000000 -0.000000000000 1.000000000000 -14.008788180830 -0.380296796055 -0.287873401001 0.033666018404 0.002414171283 -0.011345183384
0.000000000000 3200000000 0.999994545861 -0.003302754293 0.000007866939 -42.755568902542 0.003302693182 0.999954808592 -0.008914762553 -0.280149621579 0.000021576687 0.008914739913 0.999960262684 -0.537038201885 -0.000000000000 0.000000000000 -0.000000000000 1.000000000000 -14.170371653387 -0.334983617678 -0.206328862996 0.005040301628 0.002806274055 -0.012530784790
0.000000000000 3300000000 0.999997866201 -0.002047160493 0.000276995791 -44.173095916279 0.002049678765 0.999953540019 -0.009418950070 -0.258910900506 -0.000257700820 0.009419497724 0.999955602341 -0.545609730955 -0.000000000000 0.000000000000 -0.000000000000 1.000000000000 -14.170371653387 -0.334983617678 -0.206328862996 0.005040301628 0.002806274055 -0.012530784790
0.000000000000 3300000000 0.999996573911 -0.002606054861 0.000246261951 -44.171950356073 0.002607855579 0.999967573888 -0.007619072284 -0.262486905108 -0.000226398246 0.007619688396 0.999970944124 -0.543823534350 -0.000000000000 0.000000000000 -0.000000000000 1.000000000000 -14.167765285411 -0.359255719127 -0.111382360917 0.013217755096 0.000948568743 -0.005759941981
0.000000000000 3400000000 0.999997884411 -0.002029296530 0.000336346321 -45.588932737744 0.002032222788 0.999957963678 -0.008940970156 -0.271837996284 -0.000318188302 0.008941634771 0.999959972161 -0.551057771827 -0.000000000000 0.000000000000 -0.000000000000 1.000000000000 -14.167765285411 -0.359255719127 -0.111382360917 0.013217755096 0.000948568743 -0.005759941981
0.000000000000 3400000000 0.999997668821 -0.002118349915 0.000418265758 -45.594231126548 0.002121428635 0.999969603277 -0.007502803627 -0.239235032788 -0.000402359481 0.007503673458 0.999971766097 -0.555738657012 -0.000000000000 0.000000000000 -0.000000000000 1.000000000000 -14.153655486922 -0.430466061415 -0.210274657535 -0.007037656124 0.005937603622 -0.016028373572
0.000000000000 3500000000 0.999999368733 -0.000511308411 0.001000548202 -47.010283816542 0.000518100768 0.999976744202 -0.006800193126 -0.208455471218 -0.000997047938 0.006800707218 0.999976377859 -0.549116006989 -0.000000000000 0.000000000000 -0.000000000000 1.000000000000 -14.153655486922 -0.430466061415 -0.210274657535 -0.007037656124 0.005937603622 -0.016028373572
0.000000000000 3500000000 0.999998785822 -0.001357780004 0.000764714659 -47.000491958331 0.001362872938 0.999976631084 -0.006699243413 -0.211203635610 -0.000755600690 0.006700277488 0.999977267416 -0.556450821977 -0.000000000000 0.000000000000 -0.000000000000 1.000000000000 -14.135544473238 -0.350417541582 -0.195050074024 0.003904100765 -0.009773811147 -0.010823219574
0.000000000000 3600000000 0.999999935952 -0.000282223229 -0.000220105406 -48.413689922564 0.000280655609 0.999974826682 -0.007089938936 -0.194380825994 0.000222100811 0.007089876708 0.999974841843 -0.622663068587 -0.000000000000 0.000000000000 -0.000000000000 1.000000000000 -14.135544473238 -0.350417541582 -0.195050074024 0.003904100765 -0.009773811147 -0.010823219574
0.000000000000 3600000000 0.999999760787 -0.000550974230 -0.000418155870 -48.412296084103 0.000548108630 0.999976576963 -0.006822397061 -0.180758485879 0.000421905041 0.006822166234 0.999976639749 -0.632428733292 -0.000000000000 0.000000000000 -0.000000000000 1.000000000000 -14.078033283591 -0.350577811137 -0.213981504592 0.007087116014 -0.000202484329 -0.017712621899
0.000000000000 3700000000 0.999999153929 0.001220096667 -0.000451115002 -49.820360516295 -0.001223459235 0.999970898286 -0.007530320663 -0.128362174069 0.000441914154 0.007530866212 0.999971544978 -0.654931099526 -0.000000000000 -0.000000000000 -0.000000000000 1.000000000000 -14.078033283591 -0.350577811137 -0.213981504592 0.007087116014 -0.000202484329 -0.017712621899
0.000000000000 3700000000 0.999999685377 0.000283817630 -0.000740738500 -49.829422153169 -0.000289038237 0.999975055349 -0.007057275473 -0.147266790278 0.000738717043 0.007057487355 0.999974822768 -0.665875141307 -0.000000000000 -0.000000000000 -0.000000000000 1.000000000000 -14.227019316915 -0.384920307967 -0.250658864943 0.012562725199 0.003229681691 -0.019764417139
0.000000000000 3800000000 0.999997346403 0.002262681075 -0.000432968433 -51.252570612244 -0.002266202092 0.999962883885 -0.008312351122 -0.085025307349 0.000414144163 0.008313310258 0.999965358079 -0.674764098227 -0.000000000000 -0.000000000000 -0.000000000000 1.000000000000 -14.227019316915 -0.384920307967 -0.250658864943 0.012562725199 0.003229681691 -0.019764417139
0.000000000000 3800000000 0.999998558914 0.001540501632 -0.000713459458 -51.243603685635 -0.001545770122 0.999971100500 -0.007443705976 -0.098935335675 0.000701971798 0.007444798093 0.999972040718 -0.681999237687 -0.000000000000 -0.000000000000 -0.000000000000 1.000000000000 -14.273154651037 -0.350721961839 -0.297813242163 0.007975293812 -0.001675548966 -0.015365420346
0.000000000000 3900000000 0.999994871313 0.003075677860 -0.000893058498 -52.670919135593 -0.003082933419 0.999961298406 -0.008239976470 -0.053613733434 0.000867680422 0.008242687450 0.999965652027 -0.720547235513 -0.000000000000 -0.000000000000 -0.000000000000 1.000000000000 -14.273154651037 -0.350721961839 -0.297813242163 0.007975293812 -0.001675548966 -0.015365420346
0.000000000000 3900000000 0.999994267354 0.003050179605 -0.001470259932 -52.675267938561 -0.003061409970 0.999965686749 -0.007697603070 -0.010880447848 0.001446730411 0.007702060011 0.999969292150 -0.741773427173 -0.000000000000 -0.000000000000 -0.000000000000 1.000000000000 -14.338067764278 -0.350125987145 -0.309556152207 0.008390711777 -0.003158216073 -0.000739727090
0.000000000000 4000000000 0.999993531738 0.003121584396 -0.001786671147 -54.108834835971 -0.003136727550 0.999958643485 -0.008536525003 -0.041301054009 0.001759949773 0.008542074087 0.999961967050 -0.789613308435 -0.000000000000 -0.000000000000 -0.000000000000 1.000000000000 -14.338067764278 -0.350125987145 -0.309556152207 0.008390711777 -0.003158216073 -0.000739727090
0.000000000000 4000000000 0.999990871521 0.003577675556 -0.002336046487 -54.095387168643 -0.003594793912 0.999966414292 -0.007365306819 -0.002579636883 0.002309617351 0.007373637190 0.999970147126 -0.808708393612 -0.000000000000 -0.000000000000 -0.000000000000 1.000000000000 -14.429286604403 -0.359570846972 -0.238341229672 -0.023948815002 -0.006793444060 0.006179564842
0.000000000000 4099999000 0.999991097602 0.002955537753 -0.003011563384 -55.537722031611 -0.002970488515 0.999983226909 -0.004972132280 -0.074420592587 0.002996817546 0.004981033831 0.999983104051 -0.869689844976 -0.000000000000 -0.000000000000 -0.000000000000 1.000000000000 -14.429286604403 -0.359570846972 -0.238341229672 -0.023948815002 -0.006793444060 0.006179564842
0.000000000000 4099999000 0.999986389056 0.004306082454 -0.002946074739 -55.532647757527 -0.004321652319 0.999976620848 -0.005299158310 0.027821657514 0.002923187250 0.005311818094 0.999981619613 -0.862828597790 -0.000000000000 -0.000000000000 -0.000000000000 1.000000000000 -14.362850409289 -0.261748865523 -0.221086458821 -0.007767046629 0.003890604839 -0.002092125411
0.000000000000 4200000000 0.999986525532 0.004517205616 -0.002558047774 -56.969264317753 -0.004528741343 0.999979521296 -0.004521890209 0.012744883473 0.002537569080 0.004533414015 0.999986504359 -0.863067954270 -0.000000000000 -0.000000000000 -0.000000000000 1.000000000000 -14.362850409289 -0.261748865523 -0.221086458821 -0.007767046629 0.003890604839 -0.002092125411
0.000000000000 4200000000 0.999982828980 0.005279702174 -0.002542929308 -56.963910274084 -0.005288651327 0.999979800454 -0.003525457485 0.077415310829 0.002524264576 0.003538845616 0.999990552285 -0.860907405554 -0.000000000000 -0.000000000000 -0.000000000000 1.000000000000 -14.349125379047 -0.150825550997 -0.267014874753 -0.019512622914 0.004347712400 0.000417131713
0.000000000000 4300000000 0.999984053823 0.005239103645 -0.002108054365 -58.399200345000 -0.005242427474 0.999985019148 -0.001574304142 0.058244998632 0.002099774842 0.001585330360 0.999996538831 -0.862662976414 -0.000000000000 -0.000000000000 -0.000000000000 1.000000000000 -14.349125379047 -0.150825550997 -0.267014874753 -0.019512622914 0.004347712400 0.000417131713
0.000000000000 4300000000 0.999982889465 0.005390203651 -0.002272989740 -58.396569565782 -0.005395260084 0.999982971594 -0.002224340633 0.087728365485 0.002260961386 0.002236565944 0.999994942900 -0.871164063122 -0.000000000000 -0.000000000000 -0.000000000000 1.000000000000 -14.246808346228 -0.279866457861 -0.175614274619 -0.014172284681 -0.005261961189 0.007228877431
0.000000000000 4400000000 0.999985197034 0.004666521248 -0.002798087171 -59.820816668379 -0.004668801489 0.999988773882 -0.000808951333 0.015743667011 0.002794280770 0.000822003071 0.999995758144 -0.919901710409 -0.000000000000 -0.000000000000 -0.000000000000 1.000000000000 -14.246808346228 -0.279866457861 -0.175614274619 -0.014172284681 -0.005261961189 0.007228877431
0.000000000000 4400000000 0.999983489543 0.004892847418 -0.003013417480 -59.829822562837 -0.004896386314 0.999987330363 -0.001168123897 0.057686760952 0.003007663849 0.001182859467 0.999994777387 -0.934601225062 -0.000000000000 -0.000000000000 -0.000000000000 1.000000000000 -14.161627357872 -0.301344531958 -0.268702009614 -0.018435248300 -0.003826928217 0.004890681512
0.000000000000 4500000000 0.999984537297 0.004403684370 -0.003395987403 -61.245631266382 -0.004401420476 0.999990086680 0.000673823857 -0.003823831794 0.003398921045 -0.000658866270 0.999994006598 -0.984688550509 -0.000000000000 0.000000000000 -0.000000000000 1.000000000000 -14.161627357872 -0.301344531958 -0.268702009614 -0.018435248300 -0.003826928217 0.004890681512
0.000000000000 4500000000 0.999984044913 0.004230724550 -0.003743112117 -61.251021363874 -0.004228958555 0.999990942912 0.000479587637 0.007635013956 0.003745107219 -0.000463750519 0.999992879528 -0.998785822826 -0.000000000000 0.000000000000 -0.000000000000 1.000000000000 -14.054709816401 -0.407350019941 -0.227750743342 -0.016423310088 -0.002095830971 0.004923059465
0.000000000000 4600000000 0.999985196558 0.003738692184 -0.003953333365 -62.656265121415 -0.003730331884 0.999990795047 0.002120010441 -0.065269775500 0.003961223041 -0.002105231812 0.999989938305 -1.034498109377 -0.000000000000 0.000000000000 -0.000000000000 1.000000000000 -14.054709816401 -0.407350019941 -0.227750743342 -0.016423310088 -0.002095830971 0.004923059465
0.000000000000 4600000000 0.999985765967 0.003783563656 -0.003761982012 -62.666021141885 -0.003775232027 0.999990411049 0.002219331487 -0.020173380236 0.003770342920 -0.002205097542 0.999990460984 -1.025624153152 -0.000000000000 0.000000000000 -0.000000000000 1.000000000000 -14.142604441719 -0.326196408197 -0.166643459506 -0.012974548818 0.007529896256 -0.003499199722
0.000000000000 4700000000 0.999986941953 0.004131329434 -0.003007996065 -64.081051364597 -0.004120740598 0.999985321627 0.003517957964 -0.031928003995 0.003022485756 -0.003505516855 0.999989287908 -0.994535025058 -0.000000000000 0.000000000000 -0.000000000000 1.000000000000 -14.142604441719 -0.326196408197 -0.166643459506 -0.012974548818 0.007529896256 -0.003499199722
0.000000000000 4700000000 0.999991389073 0.003103971229 -0.002754476666 -64.095861885293 -0.003093746889 0.999988338074 0.003708428994 -0.070959275032 0.002765955401 -0.003699875407 0.999989330149 -0.982293300818 -0.000000000000 0.000000000000 -0.000000000000 1.000000000000 -14.012667751764 -0.412218758768 -0.185356083362 -0.015822200652 0.000254701736 -0.004467548994
0.000000000000 4800000000 0.999989978298 0.003550604713 -0.002726996388 -65.497188708769 -0.003536137376 0.999979745815 0.005291851394 -0.084800458311 0.002745730428 -0.005282155327 0.999982279743 -0.999055228281 -0.000000000000 0.000000000000 -0.000000000000 1.000000000000 -14.012667751764 -0.412218758768 -0.185356083362 -0.015822200652 0.000254701736 -0.004467548994
0.000000000000 4800000000 0.999992598173 0.002909589840 -0.002517515865 -65.520452637230 -0.002896952930 0.999983259828 0.005008765149 -0.086243974964 0.002532047173 -0.005001434950 0.999984287069 -0.988319054409 -0.000000000000 0.000000000000 -0.000000000000 1.000000000000 -14.189459185318 -0.465430556853 -0.276753577180 0.016319650730 0.002410550674 0.011822535550
0.000000000000 4900000000 0.999995907429 0.001726341018 -0.002281418876 -66.939463600259 -0.001718638209 0.999992831237 0.003373982325 -0.209464974704 0.002287227165 -0.003370047583 0.999991705651 -1.000270410079 -0.000000000000 0.000000000000 -0.000000000000 1.000000000000 -14.189459185318 -0.465430556853 -0.276753577180 0.016319650730 0.002410550674 0.011822535550
0.000000000000 4900000000 0.999994468250 0.002397259043 -0.002305779573 -66.927756718119 -0.002389923240 0.999992091094 0.003178996025 -0.138152760005 0.002313382214 -0.003173467803 0.999992288653 -0.997945453333 -0.000000000000 0.000000000000 -0.000000000000 1.000000000000 -13.883216443501 -0.488970081968 -0.297901179601 0.014527069605 0.000109786237 0.018758486329
0.000000000000 5000000000 0.999997220457 0.000521391598 -0.002299397754 -68.315667270272 -0.000517432682 0.999998383527 0.001721977671 -0.312426885341 0.002300291862 -0.001720783102 0.999995873773 -1.027320147745 -0.000000000000 0.000000000000 -0.000000000000 1.000000000000 -13.883216443501 -0.488970081968 -0.297901179601 0.014527069605 0.000109786237 0.018758486329
0.000000000000 5000000000 0.999994996159 0.001699776203 -0.002668036283 -68.327270651248 -0.001697053788 0.999998037439 0.001022313926 -0.184813752885 0.002669768752 -0.001017781009 0.999995918220 -1.046318316788 -0.000000000000 0.000000000000 -0.000000000000 1.000000000000 -13.994112339686 -0.440440281875 -0.186608613927 0.034642995362 -0.015349288111 0.011608682272
0.000000000000 5100000000 0.999991026397 0.000537811597 -0.004202128570 -69.724695628502 -0.000548093024 0.999996858456 -0.002445950283 -0.305146549259 0.004200799909 0.002448231491 0.999988179651 -1.171777532691 -0.000000000000 -0.000000000000 -0.000000000000 1.000000000000 -13.994112339686 -0.440440281875 -0.186608613927 0.034642995362 -0.015349288111 0.011608682272
0.000000000000 5100000000 0.999989430510 0.001647388715 -0.004292432747 -69.732411543465 -0.001657810950 0.999995683999 -0.002425622687 -0.199663702152 0.004288418278 0.002432713092 0.999987845614 -1.179933269555 -0.000000000000 -0.000000000000 -0.000000000000 1.000000000000 -14.150035403937 -0.405070521163 -0.257621114692 0.033081127226 -0.007943086874 0.028533828607
0.000000000000 5200000000 0.999986390659 -0.001209214341 -0.005075066357 -71.145537507565 0.001180042996 0.999982789386 -0.005747036676 -0.437120569908 0.005081928411 0.005740969667 0.999970607203 -1.262697960600 -0.000000000000 0.000000000000 -0.000000000000 1.000000000000 -14.150035403937 -0.405070521163 -0.257621114692 0.033081127226 -0.007943086874 0.028533828607
0.000000000000 5200000000 0.999985248957 0.000414432313 -0.005415728478 -71.148531687456 -0.000445447168 0.999983502187 -0.005726860501 -0.298671828815 0.005413265734 0.005729188444 0.999968935994 -1.283440038035 -0.000000000000 -0.000000000000 -0.000000000000 1.000000000000 -14.192848136732 -0.710921001169 -0.277328969343 0.042392609813 0.002352435634 0.029009450293
0.000000000000 5300000000 0.999983612324 -0.002484572231 -0.005157711216 -72.566856902152 0.002433000485 0.999947226009 -0.009981267714 -0.572751931599 0.005182238203 0.009968555430 0.999936884163 -1.296114521200 -0.000000000000 0.000000000000 -0.000000000000 1.000000000000 -14.192848136732 -0.710921001169 -0.277328969343 0.042392609813 0.002352435634 0.029009450293
0.000000000000 5300000000 0.999986232839 -0.000022468658 -0.005247249566 -72.552012127389 -0.000028584151 0.999952670154 -0.009729164113 -0.330906411888 0.005247219816 0.009729180158 0.999938903002 -1.293600684318 -0.000000000000 0.000000000000 -0.000000000000 1.000000000000 -14.180772434148 -0.692207164413 -0.290152309017 0.048153606249 0.007257048292 0.032749175451
0.000000000000 5400000000 0.999984549911 -0.003288327914 -0.004481834242 -73.969441703825 0.003222756355 0.999888803311 -0.014560043069 -0.633873820723 0.004529214073 0.014545374255 0.999883952420 -1.271771168404 -0.000000000000 0.000000000000 -0.000000000000 1.000000000000 -14.180772434148 -0.692207164413 -0.290152309017 0.048153606249 0.007257048292 0.032749175451
