0.000000000000 0 1.000000000000 -0.000000000000 0.000000000000 -0.000000000000 -0.000000000000 1.000000000000 -0.000000000000 0.000000000000 0.000000000000 -0.000000000000 1.000000000000 -0.000000000000 -0.000000000000 0.000000000000 -0.000000000000 1.000000000000 0.000000000000 0.000000000000 0.000000000000 0.000000000000 0.000000000000 0.000000000000
0.000000000000 100000000 1.000000000000 -0.000000000000 0.000000000000 -0.000000000000 -0.000000000000 1.000000000000 -0.000000000000 0.000000000000 0.000000000000 -0.000000000000 1.000000000000 -0.000000000000 -0.000000000000 0.000000000000 -0.000000000000 1.000000000000 0.000000000000 0.000000000000 0.000000000000 0.000000000000 0.000000000000 0.000000000000
0.000000000000 100000000 1.000000000000 -0.000000000000 0.000000000000 -0.000000000000 -0.000000000000 1.000000000000 -0.000000000000 0.000000000000 0.000000000000 -0.000000000000 1.000000000000 -0.000000000000 -0.000000000000 0.000000000000 -0.000000000000 1.000000000000 -15.881482473687 -0.004081428711 -0.059934844124 -0.014927512653 -0.020349921318 -0.020342624763
0.000000000000 200000000 0.999995860295 0.002035777781 -0.002033470245 -1.588140375913 -0.002032740047 0.999996816738 0.001494818503 0.001201929756 0.002036506891 -0.001490678799 0.999996815253 -0.007609910657 -0.000000000000 0.000000000000 -0.000000000000 1.000000000000 -15.881482473687 -0.004081428711 -0.059934844124 -0.014927512653 -0.020349921318 -0.020342624763
0.000000000000 200000000 0.999993594679 0.001066623403 -0.003416564818 -1.689353874406 -0.001057170042 0.999995611570 0.002767531923 0.027333717585 0.003419501739 -0.002763902306 0.999990333879 -0.022927795787 -0.000000000000 0.000000000000 -0.000000000000 1.000000000000 -16.588462722097 -0.280629603766 -0.124353785293 0.013888556362 -0.001647741036 -0.036614880170
0.000000000000 300000000 0.999982435085 0.004728426836 -0.003573723627 -3.348131510503 -0.004723479698 0.999987876183 0.001391483773 0.008533798648 0.003580259829 -0.001374578921 0.999992646109 -0.035753994575 -0.000000000000 0.000000000000 -0.000000000000 1.000000000000 -16.588462722097 -0.280629603766 -0.124353785293 0.013888556362 -0.001647741036 -0.036614880170
0.000000000000 300000000 0.999991252602 0.002210903812 -0.003550580890 -3.367027830413 -0.002203616647 0.999995460537 0.002054988950 0.006223861164 0.003555108155 -0.002047146855 0.999991585162 -0.043203956637 -0.000000000000 0.000000000000 -0.000000000000 1.000000000000 -16.720571261034 -0.289208467587 -0.180653845540 0.014765239198 0.000661234804 -0.040964143461
0.000000000000 400000000 0.999974057515 0.006307187702 -0.003479034414 -5.039089066953 -0.006305162172 0.999979946516 0.000592871638 -0.005402598176 0.003482704000 -0.000570920381 0.999993772392 -0.060991660314 -0.000000000000 0.000000000000 -0.000000000000 1.000000000000 -16.720571261034 -0.289208467587 -0.180653845540 0.014765239198 0.000661234804 -0.040964143461
0.000000000000 400000000 0.999987552708 0.003587126483 -0.003467989574 -5.046809706818 -0.003584675604 0.999993321077 0.000712672187 -0.005031334422 0.003470522856 -0.000700231698 0.999993732554 -0.062298359709 -0.000000000000 0.000000000000 -0.000000000000 1.000000000000 -16.549916496067 -0.169685463735 -0.209129442520 -0.001324883558 0.003382032129 -0.034419876860
0.000000000000 500000000 0.999970408185 0.007028803470 -0.003127087416 -6.701839014854 -0.007026156930 0.999974949441 0.000856510010 -0.001790041019 0.003133029321 -0.000834513257 0.999994743844 -0.081224073711 -0.000000000000 0.000000000000 -0.000000000000 1.000000000000 -16.549916496067 -0.169685463735 -0.209129442520 -0.001324883558 0.003382032129 -0.034419876860
0.000000000000 500000000 0.999980517261 0.005093306987 -0.003608784135 -6.681402251535 -0.005091893860 0.999986955959 0.000400659451 -0.008611718871 0.003610777744 -0.000382276100 0.999993408053 -0.084007579327 -0.000000000000 0.000000000000 -0.000000000000 1.000000000000 -16.161402378579 -0.107722079895 -0.214767047121 -0.005422978005 -0.000887606976 -0.023880423822
0.000000000000 600000000 0.999965184080 0.007481359037 -0.003695929544 -8.297546950703 -0.007477889495 0.999971587337 0.000951675748 -0.001550293658 0.003702944360 -0.000924004862 0.999992717183 -0.106146125880 -0.000000000000 0.000000000000 -0.000000000000 1.000000000000 -16.161402378579 -0.107722079895 -0.214767047121 -0.005422978005 -0.000887606976 -0.023880423822
0.000000000000 600000000 0.999968079195 0.007014308893 -0.003826233306 -8.281960231801 -0.007009966546 0.999974771923 0.001147121296 0.004573778730 0.003834183041 -0.001120262911 0.999992021994 -0.104111793015 -0.000000000000 0.000000000000 -0.000000000000 1.000000000000 -15.898170407914 -0.141778931075 -0.131476953817 0.000581806030 0.004444904183 -0.027964671111
0.000000000000 700000000 0.999946171164 0.009810188673 -0.003378605141 -9.871798170000 -0.009806525759 0.999951310924 0.001099015123 0.015785411945 0.003389222186 -0.001065823586 0.999993688577 -0.113224330856 -0.000000000000 0.000000000000 -0.000000000000 1.000000000000 -15.898170407914 -0.141778931075 -0.131476953817 0.000581806030 0.004444904183 -0.027964671111
0.000000000000 700000000 0.999955257366 0.008854965934 -0.003327588283 -9.851276305112 -0.008846457486 0.999957584660 0.002563019984 0.015134476082 0.003350142597 -0.002533467940 0.999991179003 -0.117524115604 -0.000000000000 0.000000000000 -0.000000000000 1.000000000000 -15.666018170528 -0.191504235813 -0.207187241178 -0.002420503262 0.003966910146 -0.023774127505
0.000000000000 800000000 0.999932651469 0.011231196060 -0.002924510539 -11.417885539814 -0.011222974965 0.999933065097 0.002812500279 0.021236385654 0.002955902529 -0.002779489152 0.999991768506 -0.134028523506 -0.000000000000 0.000000000000 -0.000000000000 1.000000000000 -15.666018170528 -0.191504235813 -0.207187241178 -0.002420503262 0.003966910146 -0.023774127505
0.000000000000 800000000 0.999939575600 0.010508275283 -0.003228203738 -11.389318771520 -0.010495945207 0.999937646237 0.003812974070 0.010196777800 0.003268070229 -0.003778860624 0.999987519887 -0.132524413080 -0.000000000000 0.000000000000 -0.000000000000 1.000000000000 -15.238509745697 -0.143760866778 -0.157636784208 -0.000159425421 0.000093911516 -0.021016692979
0.000000000000 900000000 0.999915338940 0.012609753153 -0.003210775224 -12.913138467903 -0.012597410790 0.999913292631 0.003835682724 0.021356321783 0.003258863838 -0.003794910536 0.999987489152 -0.148174224716 -0.000000000000 0.000000000000 -0.000000000000 1.000000000000 -15.238509745697 -0.143760866778 -0.157636784208 -0.000159425421 0.000093911516 -0.021016692979
0.000000000000 900000000 0.999924978408 0.011761210121 -0.003422205715 -12.902387691054 -0.011744672248 0.999919444938 0.004813139112 0.012498731034 0.003478538380 -0.004772585339 0.999982560948 -0.153367483521 -0.000000000000 0.000000000000 -0.000000000000 1.000000000000 -14.984602281061 -0.104712603565 -0.195410001667 0.019452392952 0.005716433449 -0.016670997536
0.000000000000 1000000000 0.999905822320 0.013425990873 -0.002844162456 -14.400907990172 -0.013417818767 0.999905849151 0.002873146944 0.025095991298 0.002882469520 -0.002834713901 0.999991827850 -0.165068452658 -0.000000000000 0.000000000000 -0.000000000000 1.000000000000 -14.984602281061 -0.104712603565 -0.195410001667 0.019452392952 0.005716433449 -0.016670997536
0.000000000000 1000000000 0.999914890428 0.012664664934 -0.003133394608 -14.394592400004 -0.012652225600 0.999912122282 0.003958396131 0.014984178517 0.003183251013 -0.003918414818 0.999987256388 -0.166330980733 -0.000000000000 0.000000000000 -0.000000000000 1.000000000000 -14.877104610903 -0.161687711878 -0.178521648614 0.012538657614 -0.000743707753 -0.022751080664
0.000000000000 1100000000 0.999883273987 0.014939788079 -0.003200176970 -15.882235305443 -0.014931132499 0.999884847223 0.002711747953 0.033477369747 0.003240321401 -0.002663649155 0.999991202606 -0.185278975430 -0.000000000000 0.000000000000 -0.000000000000 1.000000000000 -14.877104610903 -0.161687711878 -0.178521648614 0.012538657614 -0.000743707753 -0.022751080664
0.000000000000 1100000000 0.999895841611 0.013958359578 -0.003670167259 -15.873668453237 -0.013945132345 0.999896262486 0.003605211599 0.018923358226 0.003720109364 -0.003553655118 0.999986766073 -0.189249811123 -0.000000000000 0.000000000000 -0.000000000000 1.000000000000 -14.689901157250 -0.057328069781 -0.264603923212 0.031377912460 0.000051645234 -0.012347066952
0.000000000000 1200000000 0.999877873205 0.015192921841 -0.003662485714 -17.342626932099 -0.015191293631 0.999884494248 0.000471975682 0.034331834088 0.003669233366 -0.000416280145 0.999993181695 -0.215541374262 -0.000000000000 0.000000000000 -0.000000000000 1.000000000000 -14.689901157250 -0.057328069781 -0.264603923212 0.031377912460 0.000051645234 -0.012347066952
0.000000000000 1200000000 0.999891712702 0.014141487985 -0.004072000340 -17.344911506223 -0.014136414351 0.999899266727 0.001272079930 0.021728673093 0.004089579257 -0.001214378696 0.999990900272 -0.219285192145 -0.000000000000 0.000000000000 -0.000000000000 1.000000000000 -14.607466347417 -0.167602012563 -0.165171413205 0.018826409180 -0.008786366129 -0.013440979386
0.000000000000 1300000000 0.999867836103 0.015485672462 -0.004950179280 -18.805417009481 -0.015488851323 0.999879857828 -0.000604478328 0.029706355777 0.004940223801 0.000681071029 0.999987565088 -0.251635738122 -0.000000000000 -0.000000000000 -0.000000000000 1.000000000000 -14.607466347417 -0.167602012563 -0.165171413205 0.018826409180 -0.008786366129 -0.013440979386
0.000000000000 1300000000 0.999880820452 0.014490478506 -0.005326436396 -18.816837849592 -0.014490739343 0.999895003671 -0.000010379051 0.023544576903 0.005325726743 0.000087561816 0.999985814383 -0.257317041121 -0.000000000000 -0.000000000000 -0.000000000000 1.000000000000 -14.543619476063 -0.216336095287 -0.233122223687 0.003903772781 0.000790211898 -0.015943832936
0.000000000000 1400000000 0.999856861635 0.016084697529 -0.005247737326 -20.271176082900 -0.016086976333 0.999870519256 -0.000392321301 0.033176308657 0.005240747475 0.000476685371 0.999986153573 -0.279073877153 -0.000000000000 -0.000000000000 -0.000000000000 1.000000000000 -14.543619476063 -0.216336095287 -0.233122223687 0.003903772781 0.000790211898 -0.015943832936
0.000000000000 1400000000 0.999876716527 0.014733502361 -0.005429148690 -20.282330301853 -0.014734761432 0.999891419079 -0.000191981330 0.014293018797 0.005425730631 0.000271954873 0.999985243635 -0.282262253348 -0.000000000000 -0.000000000000 -0.000000000000 1.000000000000 -14.541529438460 -0.265844065542 -0.145855008005 0.004767139079 -0.000551932296 -0.021382507091
0.000000000000 1500000000 0.999842620605 0.016871457179 -0.005485248802 -21.736417471699 -0.016875310813 0.999857385936 -0.000657019411 0.032770233856 0.005473381653 0.000749481288 0.999984740069 -0.297996235492 -0.000000000000 -0.000000000000 -0.000000000000 1.000000000000 -14.541529438460 -0.265844065542 -0.145855008005 0.004767139079 -0.000551932296 -0.021382507091
0.000000000000 1500000000 0.999866964536 0.015284805480 -0.005694554590 -21.752383637965 -0.015286691074 0.999883110309 -0.000287741329 0.012499891076 0.005689490885 0.000374753946 0.999983744494 -0.300443152525 -0.000000000000 -0.000000000000 -0.000000000000 1.000000000000 -14.653414894694 -0.371578816601 -0.264264240965 0.010071833991 0.007147318128 -0.016271973782
0.000000000000 1600000000 0.999844567286 0.016912414816 -0.004981113644 -23.217923820751 -0.016919016635 0.999856035888 -0.001286224516 0.012237689608 0.004958643380 0.001370300139 0.999986766979 -0.310786465790 -0.000000000000 -0.000000000000 -0.000000000000 1.000000000000 -14.653414894694 -0.371578816601 -0.264264240965 0.010071833991 0.007147318128 -0.016271973782
0.000000000000 1600000000 0.999863926049 0.015491194323 -0.005670298451 -23.226434065275 -0.015496801799 0.999879469541 -0.000946321636 -0.004596913658 0.005654955355 0.001034064357 0.999983475959 -0.317256077847 -0.000000000000 -0.000000000000 -0.000000000000 1.000000000000 -14.748327427127 -0.204643726243 -0.274990595238 0.015794037242 -0.007493462945 -0.008968791390
0.000000000000 1700000000 0.999845112085 0.016386586911 -0.006421184440 -24.701015633895 -0.016403053989 0.999862284542 -0.002520271729 -0.003031886657 0.006379001492 0.002625208405 0.999976208027 -0.362718475999 -0.000000000000 -0.000000000000 -0.000000000000 1.000000000000 -14.748327427127 -0.204643726243 -0.274990595238 0.015794037242 -0.007493462945 -0.008968791390
0.000000000000 1700000000 0.999849679694 0.015774136232 -0.007196849389 -24.701618102661 -0.015788566954 0.999873445949 -0.001952751813 -0.007046753866 0.007165135626 0.002066086213 0.999972195673 -0.369688310604 -0.000000000000 -0.000000000000 -0.000000000000 1.000000000000 -14.682066210026 -0.214555677465 -0.266719194406 0.009051165359 0.005217694742 -0.013939048603
0.000000000000 1800000000 0.999830294804 0.017169159329 -0.006678439930 -26.170021212733 -0.017188491561 0.999848210312 -0.002848173647 0.007293526745 0.006628525465 0.002962482606 0.999973642826 -0.383088638850 -0.000000000000 -0.000000000000 -0.000000000000 1.000000000000 -14.682066210026 -0.214555677465 -0.266719194406 0.009051165359 0.005217694742 -0.013939048603
0.000000000000 1800000000 0.999853954015 0.015634226028 -0.006902290680 -26.174026919265 -0.015652909192 0.999873944463 -0.002661131026 -0.021847070796 0.006859815884 0.002768783307 0.999972638008 -0.386120099071 -0.000000000000 -0.000000000000 -0.000000000000 1.000000000000 -14.482743545069 -0.201917096485 -0.207957527616 0.002339584763 0.017436351976 -0.012719898242
0.000000000000 1900000000 0.999843671713 0.016911049374 -0.005162222749 -27.622971147743 -0.016926107736 0.999852573999 -0.002887411375 -0.007736824653 0.005112632547 0.002974336329 0.999982507003 -0.360018169449 -0.000000000000 -0.000000000000 -0.000000000000 1.000000000000 -14.482743545069 -0.201917096485 -0.207957527616 0.002339584763 0.017436351976 -0.012719898242
0.000000000000 1900000000 0.999856787698 0.016132956294 -0.005111928811 -27.617292284303 -0.016150817363 0.999863538174 -0.003472193618 -0.017472928318 0.005055214480 0.003554258186 0.999980905845 -0.357556899202 -0.000000000000 -0.000000000000 -0.000000000000 1.000000000000 -14.301234219535 -0.203732906445 -0.281877116370 -0.010837406790 0.021590408092 -0.001502919688
0.000000000000 2000000000 0.999862952387 0.016289694134 -0.002953355705 -29.048156476393 -0.016296770031 0.999864347503 -0.002387860590 -0.033957928680 0.002914057557 0.002435663499 0.999992787880 -0.324545198779 -0.000000000000 -0.000000000000 -0.000000000000 1.000000000000 -14.301234219535 -0.203732906445 -0.281877116370 -0.010837406790 0.021590408092 -0.001502919688
0.000000000000 2000000000 0.999881229478 0.015033365914 -0.003394826392 -29.052007611557 -0.015042511540 0.999883250751 -0.002684718511 -0.055506514471 0.003354069693 0.002735466361 0.999990633676 -0.330376353445 -0.000000000000 -0.000000000000 -0.000000000000 1.000000000000 -14.246959495756 -0.276683036965 -0.214080295801 -0.022305707602 -0.013013294201 -0.008137861965
0.000000000000 2100000000 0.999863426860 0.015844932328 -0.004697419121 -30.476281754098 -0.015847223249 0.999874323215 -0.000450876571 -0.059756678876 0.004689684656 0.000525256043 0.999988865420 -0.390388606339 -0.000000000000 -0.000000000000 -0.000000000000 1.000000000000 -14.246959495756 -0.276683036965 -0.214080295801 -0.022305707602 -0.013013294201 -0.008137861965
0.000000000000 2100000000 0.999874109167 0.014912338080 -0.005421069113 -30.479329894179 -0.014918321447 0.999888148511 -0.001064966036 -0.070976495897 0.005404581625 0.001145705218 0.999984738812 -0.401590600225 -0.000000000000 -0.000000000000 -0.000000000000 1.000000000000 -14.254216287946 -0.188474164383 -0.228979334314 -0.011153332145 -0.016395699734 -0.009771364419
0.000000000000 2200000000 0.999848838803 0.015888373662 -0.007061099537 -31.904096788470 -0.015888371228 0.999873770270 0.000056443613 -0.059834279144 0.007061105014 0.000055754290 0.999975068533 -0.475556477796 -0.000000000000 0.000000000000 -0.000000000000 1.000000000000 -14.254216287946 -0.188474164383 -0.228979334314 -0.011153332145 -0.016395699734 -0.009771364419
0.000000000000 2200000000 0.999848495148 0.015677201920 -0.007563867354 -31.904150273078 -0.015677641357 0.999877098228 0.000001195999 -0.056502580412 0.007562956491 0.000117387782 0.999971393545 -0.493515581257 -0.000000000000 0.000000000000 -0.000000000000 1.000000000000 -14.234009803807 -0.260729855447 -0.192314216688 -0.024917461616 -0.002980817661 0.000685523680
0.000000000000 2300000000 0.999847262273 0.015608993641 -0.007862025412 -33.327394979257 -0.015589834554 0.999875364891 0.002492336713 -0.086076948458 0.007899948396 -0.002369388364 0.999965987829 -0.522291569447 -0.000000000000 0.000000000000 -0.000000000000 1.000000000000 -14.234009803807 -0.260729855447 -0.192314216688 -0.024917461616 -0.002980817661 0.000685523680
0.000000000000 2300000000 0.999856008513 0.015049625619 -0.007840345018 -33.334150276987 -0.015036609012 0.999885470413 0.001716521823 -0.083319676066 0.007865280078 -0.001598382456 0.999967790753 -0.518705767324 -0.000000000000 0.000000000000 -0.000000000000 1.000000000000 -14.118313204521 -0.230193084139 -0.183185154275 -0.005357617814 0.016196585185 -0.008884646779
0.000000000000 2400000000 0.999853690395 0.015934939276 -0.006218963970 -34.746863213775 -0.015921162676 0.999870699485 0.002258514880 -0.076363322816 0.006254149152 -0.002159171300 0.999978111559 -0.481847444190 -0.000000000000 0.000000000000 -0.000000000000 1.000000000000 -14.118313204521 -0.230193084139 -0.183185154275 -0.005357617814 0.016196585185 -0.008884646779
0.000000000000 2400000000 0.999871276724 0.014932899387 -0.005868432284 -34.747906676160 -0.014924795003 0.999887607333 0.001422390794 -0.091928384614 0.005889013134 -0.001334622550 0.999981768987 -0.478744405039 -0.000000000000 0.000000000000 -0.000000000000 1.000000000000 -14.018879960690 -0.107854449279 -0.148031520473 -0.005309898074 0.007363029704 0.005703179685
0.000000000000 2500000000 0.999883693078 0.014361461204 -0.005133103240 -36.150081754100 -0.014351613244 0.999895108390 0.001950234622 -0.123182269242 0.005160573040 -0.001876339484 0.999984923804 -0.467389280078 -0.000000000000 0.000000000000 -0.000000000000 1.000000000000 -14.018879960690 -0.107854449279 -0.148031520473 -0.005309898074 0.007363029704 0.005703179685
0.000000000000 2500000000 0.999879122592 0.014682556974 -0.005114951074 -36.133812054512 -0.014678733254 0.999891953995 0.000784299997 -0.107406151442 0.005125913953 -0.000709124191 0.999986610985 -0.464955068109 -0.000000000000 0.000000000000 -0.000000000000 1.000000000000 -13.754994006396 -0.210429298787 -0.194740869639 -0.008078615801 0.010787847176 0.005393501699
0.000000000000 2600000000 0.999891847353 0.014142054044 -0.004036818670 -37.509733173785 -0.014135734726 0.999898821835 0.001589684505 -0.148676413303 0.004058891636 -0.001532449178 0.999990588455 -0.444602994749 -0.000000000000 0.000000000000 -0.000000000000 1.000000000000 -13.754994006396 -0.210429298787 -0.194740869639 -0.008078615801 0.010787847176 0.005393501699
0.000000000000 2600000000 0.999901801492 0.013461353289 -0.003896067396 -37.508138017345 -0.013458109258 0.999909067718 0.000857666221 -0.161303163437 0.003907258466 -0.000805148299 0.999992042502 -0.439322411057 -0.000000000000 0.000000000000 -0.000000000000 1.000000000000 -13.582765132183 -0.345226210545 -0.216767507492 0.005228493321 0.003040454710 0.004955591840
0.000000000000 2700000000 0.999909489207 0.012965671514 -0.003592319123 -38.866456566409 -0.012964558431 0.999915901143 0.000332965175 -0.214517477929 0.003596334130 -0.000286362207 0.999993492168 -0.449486706114 -0.000000000000 0.000000000000 -0.000000000000 1.000000000000 -13.582765132183 -0.345226210545 -0.216767507492 0.005228493321 0.003040454710 0.004955591840
0.000000000000 2700000000 0.999920256414 0.012019683835 -0.003874017848 -38.856028325948 -0.012021347062 0.999927658439 -0.000406328515 -0.230308466586 0.003868853655 0.000452867026 0.999992413413 -0.459231065247 -0.000000000000 -0.000000000000 -0.000000000000 1.000000000000 -13.386210587707 -0.372429056132 -0.239215221601 -0.006785741104 -0.018454827632 -0.000702371537
0.000000000000 2800000000 0.999910559502 0.012089685720 -0.005719483776 -40.193730431281 -0.012088324121 0.999926896389 0.000272574588 -0.265119547868 0.005722361002 -0.000203411235 0.999983606470 -0.555927004170 -0.000000000000 0.000000000000 -0.000000000000 1.000000000000 -13.386210587707 -0.372429056132 -0.239215221601 -0.006785741104 -0.018454827632 -0.000702371537
0.000000000000 2800000000 0.999937487210 0.009365868690 -0.006107550751 -40.184788297603 -0.009374254304 0.999955155068 -0.001345812048 -0.353628854419 0.006094672160 0.001402981652 0.999980443116 -0.569687920180 -0.000000000000 -0.000000000000 -0.000000000000 1.000000000000 -13.260629252781 -0.415840289487 -0.223580122996 -0.015815218678 -0.011161897933 -0.019866190253
0.000000000000 2900000000 0.999909466556 0.011351690573 -0.007224805318 -41.510842449686 -0.011350188185 0.999935553557 0.000248917870 -0.315017897203 0.007227165344 -0.000166892435 0.999973869773 -0.637110788344 -0.000000000000 0.000000000000 -0.000000000000 1.000000000000 -13.260629252781 -0.415840289487 -0.223580122996 -0.015815218678 -0.011161897933 -0.019866190253
0.000000000000 2900000000 0.999934201769 0.008507359810 -0.007695255813 -41.498436979317 -0.008509295109 0.999963771359 -0.000218785692 -0.404841707647 0.007693115735 0.000284252499 0.999970367146 -0.654327697159 -0.000000000000 -0.000000000000 -0.000000000000 1.000000000000 -13.212106653943 -0.147718617758 -0.262971815804 -0.004283471539 -0.003114059112 0.002413719482
0.000000000000 3000000000 0.999933781415 0.008265974120 -0.008006650781 -42.819337026361 -0.008264576302 0.999965826245 0.000207653258 -0.430078213242 0.008008093620 -0.000141467931 0.999967924697 -0.693574600034 -0.000000000000 0.000000000000 -0.000000000000 1.000000000000 -13.212106653943 -0.147718617758 -0.262971815804 -0.004283471539 -0.003114059112 0.002413719482
0.000000000000 3000000000 0.999934075218 0.007632506346 -0.008578465151 -42.811338644369 -0.007641126036 0.999970333298 -0.000972479561 -0.454160163269 0.008570788200 0.001037964584 0.999962731415 -0.714598342465 -0.000000000000 -0.000000000000 -0.000000000000 1.000000000000 -13.128097190460 -0.289970335979 -0.233536911916 -0.013154077791 0.001901958210 0.018880933501
0.000000000000 3100000000 0.999948322388 0.005744527983 -0.008387666649 -44.123322800936 -0.005741988079 0.999983461230 0.000326864292 -0.566177120700 0.008389405608 -0.000278685519 0.999964769483 -0.729013919510 -0.000000000000 0.000000000000 -0.000000000000 1.000000000000 -13.128097190460 -0.289970335979 -0.233536911916 -0.013154077791 0.001901958210 0.018880933501
0.000000000000 3100000000 0.999949184863 0.005362487622 -0.008536475766 -44.099221497494 -0.005367583000 0.999985429627 -0.000574096039 -0.558543687109 0.008533272804 0.000619887108 0.999963398828 -0.734840672097 -0.000000000000 -0.000000000000 -0.000000000000 1.000000000000 -12.708753739671 -0.120059935778 -0.148599975141 -0.007564660624 0.010042353363 0.038668942800
0.000000000000 3200000000 0.999970519367 0.001495859319 -0.007531454178 -45.368302629706 -0.001494762339 0.999998871399 0.000151279955 -0.744075064459 0.007531671971 -0.000140017761 0.999971626754 -0.704284996874 -0.000000000000 0.000000000000 -0.000000000000 1.000000000000 -12.708753739671 -0.120059935778 -0.148599975141 -0.007564660624 0.010042353363 0.038668942800
0.000000000000 3200000000 0.999973416312 0.000761858898 -0.007251637025 -45.354654287131 -0.000761878318 0.999999709771 0.000000084526 -0.768104803000 0.007251634985 0.000005440341 0.999973706535 -0.696655977237 -0.000000000000 0.000000000000 -0.000000000000 1.000000000000 -12.601231945593 -0.172071235943 -0.159418966445 -0.011292699122 0.019689457251 0.023018223483
0.000000000000 3300000000 0.999984852050 -0.001541063298 -0.005284013081 -46.614165242952 0.001546975102 0.999998181926 0.001114904910 -0.891904260744 0.005282285336 -0.001123062258 0.999985417990 -0.621119961350 -0.000000000000 0.000000000000 -0.000000000000 1.000000000000 -12.601231945593 -0.172071235943 -0.159418966445 -0.011292699122 0.019689457251 0.023018223483
0.000000000000 3300000000 0.999984351193 -0.001914906593 -0.005256472388 -46.599781116976 0.001912453125 0.999998059991 -0.000471738480 -0.902290727315 0.005257365526 0.000461678340 0.999986073383 -0.629271710104 -0.000000000000 0.000000000000 -0.000000000000 1.000000000000 -12.245114074946 -0.279700535845 -0.188292609279 -0.020431395286 0.007095403411 0.034924267951
0.000000000000 3400000000 0.999975032130 -0.005407703541 -0.004548830398 -47.821244239961 0.005414822973 0.999984131865 0.001554255717 -1.096409076083 0.004540353262 -0.001578848022 0.999988446149 -0.612562076192 -0.000000000000 0.000000000000 -0.000000000000 1.000000000000 -12.245114074946 -0.279700535845 -0.188292609279 -0.020431395286 0.007095403411 0.034924267951
0.000000000000 3400000000 0.999966005961 -0.006736746158 -0.004754279563 -47.813215495925 0.006733807719 0.999977126805 -0.000633798800 -1.131043212242 0.004758440559 0.000601762850 0.999988497496 -0.625286680228 -0.000000000000 0.000000000000 -0.000000000000 1.000000000000 -12.177018775765 -0.204545373350 -0.073138307267 -0.018390542466 -0.010098253078 0.021883596232
0.000000000000 3500000000 0.999943557250 -0.008924713154 -0.005764703743 -49.027644494073 0.008931736377 0.999959398734 0.001193720676 -1.258658575015 0.005753816074 -0.001245142113 0.999982671461 -0.679299741573 -0.000000000000 0.000000000000 -0.000000000000 1.000000000000 -12.177018775765 -0.204545373350 -0.073138307267 -0.018390542466 -0.010098253078 0.021883596232
0.000000000000 3500000000 0.999916793369 -0.011774123253 -0.005270328306 -49.009328981954 0.011775226060 0.999930653732 0.000178266249 -1.381422311460 0.005267863900 -0.000240310724 0.999986095834 -0.669821579069 -0.000000000000 0.000000000000 -0.000000000000 1.000000000000 -12.118189637286 -0.310195752822 0.005676496825 0.003959735014 0.001921673691 0.033955993263
0.000000000000 3600000000 0.999872042772 -0.015169420674 -0.005078066542 -50.216247917465 0.015168421239 0.999884925201 -0.000235271846 -1.580643876975 0.005081051122 0.000158215489 0.999987078860 -0.660306273997 -0.000000000000 0.000000000000 -0.000000000000 1.000000000000 -12.118189637286 -0.310195752822 0.005676496825 0.003959735014 0.001921673691 0.033955993263
0.000000000000 3600000000 0.999843988689 -0.016965873020 -0.004915021288 -50.198985172925 0.016955061002 0.999853758731 -0.002233172102 -1.645578761069 0.004952190224 0.002149489216 0.999985427648 -0.670845664032 -0.000000000000 0.000000000000 -0.000000000000 1.000000000000 -12.061777764153 -0.368129577526 -0.181773651314 -0.012813295727 0.007932761497 0.061830525227
0.000000000000 3700000000 0.999723628942 -0.023146461489 -0.004111818887 -51.394427197956 0.023142618501 0.999731693645 -0.000979760072 -1.997315610158 0.004133393639 0.000884331038 0.999991066468 -0.646393980369 -0.000000000000 0.000000000000 -0.000000000000 1.000000000000 -12.061777764153 -0.368129577526 -0.181773651314 -0.012813295727 0.007932761497 0.061830525227
0.000000000000 3700000000 0.999709029662 -0.023790272242 -0.003984841197 -51.386968624580 0.023777072747 0.999711747112 -0.003327686711 -2.000901657778 0.004062859127 0.003231970594 0.999986523680 -0.644986569371 -0.000000000000 0.000000000000 -0.000000000000 1.000000000000 -12.011602820807 -0.370677658924 -0.048289555508 -0.001359913699 -0.010466339321 0.066886854191
0.000000000000 3800000000 0.999522830846 -0.030479746317 -0.005009559057 -52.572757097681 0.030463838197 0.999530677224 -0.003221777416 -2.385739550071 0.005105406915 0.003067629686 0.999982262077 -0.703921460368 -0.000000000000 0.000000000000 -0.000000000000 1.000000000000 -12.011602820807 -0.370677658924 -0.048289555508 -0.001359913699 -0.010466339321 0.066886854191
0.000000000000 3800000000 0.999492791973 -0.031451795375 -0.004994332858 -52.571253876098 0.031429999568 0.999496339957 -0.004384237740 -2.410558995724 0.005129709561 0.004225042140 0.999977917306 -0.709594621823 -0.000000000000 0.000000000000 -0.000000000000 1.000000000000 -11.943541406925 -0.379918974183 -0.216645288533 -0.002393199597 -0.008424275419 0.083394123876
0.000000000000 3900000000 0.999191254290 -0.039789267744 -0.005800993257 -53.742879137735 0.039765301016 0.999200262847 -0.004189935687 -2.892030098719 0.005963068460 0.003955868851 0.999974396130 -0.775406100785 -0.000000000000 0.000000000000 -0.000000000000 1.000000000000 -11.943541406925 -0.379918974183 -0.216645288533 -0.002393199597 -0.008424275419 0.083394123876
0.000000000000 3900000000 0.999155158709 -0.040678358024 -0.005851496716 -53.720410047776 0.040645472083 0.999157750726 -0.005633361548 -2.936672918335 0.006075724195 0.005390765405 0.999967012068 -0.780944685462 -0.000000000000 0.000000000000 -0.000000000000 1.000000000000 -11.875669057899 -0.431744645311 -0.107738818986 0.011998481583 -0.003521174895 0.097796305759
0.000000000000 4000000000 0.998707713433 -0.050449723229 -0.006142357416 -54.876182626443 0.050407197835 0.998704970045 -0.006891822276 -3.509912081538 0.006482093405 0.006573297041 0.999957386208 -0.814704447458 -0.000000000000 0.000000000000 -0.000000000000 1.000000000000 -11.875669057899 -0.431744645311 -0.107738818986 0.011998481583 -0.003521174895 0.097796305759
0.000000000000 4000000000 0.998593438799 -0.052643135227 -0.006312234175 -54.851242651990 0.052591387112 0.998583251646 -0.008101575984 -3.593647978470 0.006729783688 0.007758211471 0.999947258692 -0.832646683810 -0.000000000000 0.000000000000 -0.000000000000 1.000000000000 -11.633306806597 -0.304930817257 -0.204360985502 0.009563249198 0.000358151500 0.121780837674
0.000000000000 4099999000 0.997879225239 -0.064799419517 -0.006171471935 -55.966564024057 0.064741698282 0.997860253173 -0.009133873279 -4.298117175142 0.006750136233 0.008714950817 0.999939240801 -0.854870743666 -0.000000000000 0.000000000000 -0.000000000000 1.000000000000 -11.633306806597 -0.304930817257 -0.204360985502 0.009563249198 0.000358151500 0.121780837674
0.000000000000 4099999000 0.997696387013 -0.067518155069 -0.006574045680 -55.953305012142 0.067446273161 0.997666568416 -0.010602759145 -4.419629118058 0.007274584331 0.010134939610 0.999922178683 -0.883585829229 -0.000000000000 0.000000000000 -0.000000000000 1.000000000000 -11.495446011864 -0.440522489613 -0.215937001109 0.010673239670 -0.007337330196 0.126255736506
0.000000000000 4200000000 0.996759760689 -0.080116288669 -0.007166572524 -57.041615448295 0.080028821732 0.996723214622 -0.011756748077 -5.176025004512 0.008084996227 0.011145121045 0.999905205063 -0.951753788565 -0.000000000000 0.000000000000 -0.000000000000 1.000000000000 -11.495446011864 -0.440522489613 -0.215937001109 0.010673239670 -0.007337330196 0.126255736506
0.000000000000 4200000000 0.996515607764 -0.083054796889 -0.007651417951 -57.011504092712 0.082947753816 0.996464050359 -0.013381572381 -5.325419342103 0.008735766698 0.012700277802 0.999881187604 -0.987947737240 -0.000000000000 0.000000000000 -0.000000000000 1.000000000000 -11.300771411846 -0.406022281915 -0.118809529170 0.001422340483 -0.012892953710 0.142145868322
0.000000000000 4300000000 0.995223816632 -0.097226633393 -0.008748517963 -58.058470372906 0.097102535887 0.995180907331 -0.013640352192 -6.183725545969 0.010032563566 0.012725700089 0.999868693492 -1.074827925627 -0.000000000000 0.000000000000 -0.000000000000 1.000000000000 -11.300771411846 -0.406022281915 -0.118809529170 0.001422340483 -0.012892953710 0.142145868322
0.000000000000 4300000000 0.994991288240 -0.099562623598 -0.008923021293 -58.030753973879 0.099420191054 0.994929538131 -0.015193411886 -6.279344214879 0.010390473403 0.014230183984 0.999844757913 -1.100382066617 -0.000000000000 0.000000000000 -0.000000000000 1.000000000000 -11.230652236075 -0.327676804338 -0.164407289266 -0.021579977798 -0.010078862614 0.168711346179
0.000000000000 4400000000 0.993161378335 -0.116346700664 -0.009691327423 -59.038136134970 0.116215045656 0.993136453777 -0.013192700381 -7.302119169103 0.011159737711 0.011976202435 0.999866006438 -1.161169009053 -0.000000000000 0.000000000000 -0.000000000000 1.000000000000 -11.230652236075 -0.327676804338 -0.164407289266 -0.021579977798 -0.010078862614 0.168711346179
0.000000000000 4400000000 0.992971977788 -0.118032640984 -0.008657192966 -59.017242631506 0.117892610685 0.992909803121 -0.015213652178 -7.374736566733 0.010391519309 0.014086111213 0.999846787162 -1.132481569825 -0.000000000000 0.000000000000 -0.000000000000 1.000000000000 -11.209381931750 -0.395877997211 0.049641133403 -0.026645541966 -0.005171226396 0.176865691793
0.000000000000 4500000000 0.990725999454 -0.135581327048 -0.008927360315 -59.997501180953 0.135463407672 0.990700888600 -0.012704900998 -8.469858528264 0.010566891134 0.011377745090 0.999879436596 -1.137185361836 -0.000000000000 0.000000000000 -0.000000000000 1.000000000000 -11.209381931750 -0.395877997211 0.049641133403 -0.026645541966 -0.005171226396 0.176865691793
0.000000000000 4500000000 0.990510414011 -0.137219743374 -0.007737038423 -59.988361457653 0.137102964143 0.990457655799 -0.014014609962 -8.529698068943 0.009586290122 0.012820846214 0.999871856262 -1.091972328562 -0.000000000000 0.000000000000 -0.000000000000 1.000000000000 -10.898777496304 -0.228620531998 0.057472383627 -0.022772342229 -0.005786905816 0.194710211817
0.000000000000 4600000000 0.987647459785 -0.156484745974 -0.008063464319 -60.899846585400 0.156384060560 0.987624736567 -0.011891397076 -9.732003254062 0.009824499074 0.010483510823 0.999896782282 -1.100414939090 -0.000000000000 0.000000000000 -0.000000000000 1.000000000000 -10.898777496304 -0.228620531998 0.057472383627 -0.022772342229 -0.005786905816 0.194710211817
0.000000000000 4600000000 0.987532520103 -0.157222372507 -0.007787639114 -60.884176793385 0.157108114670 0.987487921902 -0.013588392203 -9.750561514182 0.009826598826 0.012195477898 0.999877346615 -1.114055261382 -0.000000000000 0.000000000000 -0.000000000000 1.000000000000 -10.756300720608 -0.303698979379 -0.230422664992 -0.071061039349 -0.005580026710 0.213235857116
0.000000000000 4700000000 0.983952120711 -0.178247385489 -0.008129804129 -61.736957671770 0.178196114015 0.983972505393 -0.006652336400 -11.096205787667 0.009185265307 0.005096881005 0.999944824830 -1.097251372130 -0.000000000000 0.000000000000 -0.000000000000 1.000000000000 -10.756300720608 -0.303698979379 -0.230422664992 -0.071061039349 -0.005580026710 0.213235857116
0.000000000000 4700000000 0.983955684881 -0.178185110040 -0.009015361894 -61.743424847744 0.178110436457 0.983973733194 -0.008506750764 -11.060893286767 0.010386655620 0.006764535732 0.999923176270 -1.161577256729 -0.000000000000 0.000000000000 -0.000000000000 1.000000000000 -10.736465045042 -0.358229061516 -0.174455429856 -0.053782697427 -0.019301179815 0.227092072793
0.000000000000 4800000000 0.979636014152 -0.200490417121 -0.010810754762 -62.547103011262 0.200465484022 0.979695025061 -0.003353742101 -12.514497719530 0.011263635810 0.001118263358 0.999935937946 -1.235586775845 -0.000000000000 0.000000000000 -0.000000000000 1.000000000000 -10.736465045042 -0.358229061516 -0.174455429856 -0.053782697427 -0.019301179815 0.227092072793
0.000000000000 4800000000 0.979479185943 -0.201233446434 -0.011208226440 -62.531844260106 0.201192909293 0.979540622965 -0.004645558326 -12.527320838465 0.011913754822 0.002295212002 0.999926394515 -1.280098152974 -0.000000000000 0.000000000000 -0.000000000000 1.000000000000 -10.493354341923 -0.294895298176 -0.108851543803 -0.077540483653 -0.009279259135 0.234035920887
0.000000000000 4900000000 0.974490963501 -0.224099509472 -0.012114945724 -63.269168712974 0.224148534958 0.974550868351 0.002835361033 -14.038779389012 0.011171227858 -0.005478581040 0.999922591413 -1.246366618671 -0.000000000000 0.000000000000 -0.000000000000 1.000000000000 -10.493354341923 -0.294895298176 -0.108851543803 -0.077540483653 -0.009279259135 0.234035920887
0.000000000000 4900000000 0.974237802214 -0.225218396666 -0.011720859179 -63.249933784157 0.225239402254 0.974303327821 0.000486898203 -14.077914646331 0.011310013671 -0.003114353951 0.999931189828 -1.257358889714 -0.000000000000 0.000000000000 -0.000000000000 1.000000000000 -10.484454008197 -0.197903820091 -0.112435212623 -0.078653720385 0.009483146432 0.238106444325
0.000000000000 5000000000 0.968607501040 -0.248357105626 -0.010874604051 -63.945945121080 0.248448827525 0.968611297019 0.008083030958 -15.621331901104 0.008525786160 -0.010531067043 0.999908199585 -1.091500832827 -0.000000000000 0.000000000000 -0.000000000000 1.000000000000 -10.484454008197 -0.197903820091 -0.112435212623 -0.078653720385 0.009483146432 0.238106444325
0.000000000000 5000000000 0.968646513259 -0.248240078698 -0.010039705171 -63.930234104482 0.248312342844 0.968656709806 0.006720040096 -15.590610085909 0.008056844496 -0.009002326121 0.999927020028 -1.069807888652 -0.000000000000 0.000000000000 -0.000000000000 1.000000000000 -10.223748276376 -0.209762509456 -0.074665107454 -0.079195868166 0.002720051115 0.269962325563
0.000000000000 5100000000 0.961591976759 -0.274298778470 -0.010052380931 -64.508233065124 0.274423219157 0.961501667472 0.014368028279 -17.353296465919 0.005724248422 -0.016574787451 0.999846242880 -0.929363860123 -0.000000000000 0.000000000000 -0.000000000000 1.000000000000 -10.223748276376 -0.209762509456 -0.074665107454 -0.079195868166 0.002720051115 0.269962325563
0.000000000000 5100000000 0.961639966020 -0.274135265265 -0.009921294815 -64.527016558093 0.274244602463 0.961582904748 0.012174371285 -17.314585575189 0.006202722986 -0.014428223541 0.999876668691 -0.958191156254 -0.000000000000 0.000000000000 -0.000000000000 1.000000000000 -10.151368885942 -0.185288983399 -0.165240073950 -0.041749920983 -0.012490877114 0.275465714089
0.000000000000 5200000000 0.953713479190 -0.300494571348 -0.011559074389 -65.039125958945 0.300652912651 0.953598513160 0.016053093605 -19.121827815754 0.006198848669 -0.018785321136 0.999804323848 -0.979584156832 -0.000000000000 0.000000000000 -0.000000000000 1.000000000000 -10.151368885942 -0.185288983399 -0.165240073950 -0.041749920983 -0.012490877114 0.275465714089
0.000000000000 5200000000 0.953343899774 -0.301655511067 -0.011805143220 -65.020628500095 0.301796837511 0.953284598806 0.012928362162 -19.166987653592 0.007353749523 -0.015887930091 0.999846736278 -1.058686507316 -0.000000000000 0.000000000000 -0.000000000000 1.000000000000 -10.025222804654 -0.161535323873 -0.137073762894 -0.059895392992 -0.027986751251 0.277717488117
0.000000000000 5300000000 0.944573600842 -0.327955023588 -0.015040448649 -65.462331257271 0.328199223801 0.944426483273 0.018544195574 -21.001703166047 0.008122935928 -0.022452621160 0.999714908219 -1.134705897669 -0.000000000000 0.000000000000 -0.000000000000 1.000000000000 -10.025222804654 -0.161535323873 -0.137073762894 -0.059895392992 -0.027986751251 0.277717488117
0.000000000000 5300000000 0.944248980834 -0.328868388153 -0.015474025561 -65.452282679200 0.329106890451 0.944143172434 0.016802517784 -21.033752719528 0.009083878643 -0.020958368728 0.999739080925 -1.192066937240 -0.000000000000 0.000000000000 -0.000000000000 1.000000000000 -9.916814099505 -0.179666405791 -0.153822770792 -0.054996709719 -0.011008176076 0.287989914551
0.000000000000 5400000000 0.934370557157 -0.355890704735 -0.017130913632 -65.809372341857 0.356207628065 0.934151765504 0.021831278350 -22.948422288094 0.008233324177 -0.026500665827 0.999614889387 -1.158762723536 -0.000000000000 0.000000000000 -0.000000000000 1.000000000000 -9.916814099505 -0.179666405791 -0.153822770792 -0.054996709719 -0.011008176076 0.287989914551
