0.000000000000 0 1.000000000000 -0.000000000000 0.000000000000 -0.000000000000 -0.000000000000 1.000000000000 -0.000000000000 0.000000000000 0.000000000000 -0.000000000000 1.000000000000 -0.000000000000 -0.000000000000 0.000000000000 -0.000000000000 1.000000000000 0.000000000000 0.000000000000 0.000000000000 0.000000000000 0.000000000000 0.000000000000
0.000000000000 100000000 1.000000000000 -0.000000000000 0.000000000000 -0.000000000000 -0.000000000000 1.000000000000 -0.000000000000 0.000000000000 0.000000000000 -0.000000000000 1.000000000000 -0.000000000000 -0.000000000000 0.000000000000 -0.000000000000 1.000000000000 0.000000000000 0.000000000000 0.000000000000 0.000000000000 0.000000000000 0.000000000000
0.000000000000 100000000 1.000000000000 -0.000000000000 0.000000000000 -0.000000000000 -0.000000000000 1.000000000000 -0.000000000000 0.000000000000 0.000000000000 -0.000000000000 1.000000000000 -0.000000000000 -0.000000000000 0.000000000000 -0.000000000000 1.000000000000 -6.285871008175 0.491149293341 -0.026353934846 -0.008827869384 0.020732939752 0.425001748981
0.000000000000 200000000 0.999094854933 -0.042488260663 0.002053911656 -0.629443704270 0.042486430663 0.999096614285 0.000926571486 0.035743613766 -0.002091424592 -0.000838469429 0.999997461453 -0.002000890927 -0.000000000000 0.000000000000 -0.000000000000 1.000000000000 -6.285871008175 0.491149293341 -0.026353934846 -0.008827869384 0.020732939752 0.425001748981
0.000000000000 200000000 0.994932438848 -0.100423759286 0.004950828110 -0.788153511406 0.100406582508 0.994939960979 0.003604474565 0.051580309299 -0.005287751613 -0.003089112938 0.999981248356 0.011982572815 -0.000000000000 0.000000000000 -0.000000000000 1.000000000000 -7.515657757289 -0.083495901323 -0.220514408358 -0.035348041416 -0.000443888974 -0.233549990739
0.000000000000 300000000 0.997005906457 -0.077161623348 0.005030543937 -1.538328821325 0.077125473303 0.996996660934 0.007022781088 0.070402021474 -0.005557324697 -0.006613771143 0.999962686391 -0.010330958738 -0.000000000000 0.000000000000 -0.000000000000 1.000000000000 -7.515657757289 -0.083495901323 -0.220514408358 -0.035348041416 -0.000443888974 -0.233549990739
0.000000000000 300000000 0.990778751018 -0.135235291603 0.008299544371 -1.635105814240 0.135182363146 0.990798485447 0.006640024930 0.001013888567 -0.009121141701 -0.005456843586 0.999943512221 0.009040900139 -0.000000000000 0.000000000000 -0.000000000000 1.000000000000 -8.306410160500 -0.524176716587 -0.216534950971 0.022328414242 0.007406448337 -0.106786939301
0.000000000000 400000000 0.992158995793 -0.124650478110 0.009098646869 -2.465907695340 0.124615527291 0.992195724865 0.004314385021 -0.029504921154 -0.009565428681 -0.003146723233 0.999949299068 -0.011127385914 -0.000000000000 0.000000000000 -0.000000000000 1.000000000000 -8.306410160500 -0.524176716587 -0.216534950971 0.022328414242 0.007406448337 -0.106786939301
0.000000000000 400000000 0.982399216645 -0.186434398318 0.011575588958 -2.540829013921 0.186400361884 0.982465880035 0.003962279135 -0.157057107744 -0.012111326319 -0.001734845948 0.999925150241 0.002825040172 -0.000000000000 0.000000000000 -0.000000000000 1.000000000000 -8.783472389967 -0.871269643716 -0.183459628177 -0.012719812732 -0.019669849525 -0.197517621170
0.000000000000 500000000 0.985911084937 -0.166988899589 0.009697422968 -3.422568212814 0.166946604994 0.985953137476 0.005024120144 -0.185302595802 -0.010400176895 -0.003334383901 0.999940357324 -0.021166214836 -0.000000000000 0.000000000000 -0.000000000000 1.000000000000 -8.783472389967 -0.871269643716 -0.183459628177 -0.012719812732 -0.019669849525 -0.197517621170
0.000000000000 500000000 0.973279753459 -0.229338592591 0.011416280273 -3.482989475401 0.229276931323 0.973339777670 0.006462659525 -0.363779401740 -0.012594056943 -0.003672485961 0.999913947586 -0.000036303821 -0.000000000000 0.000000000000 -0.000000000000 1.000000000000 -9.431633211647 -1.079620071244 -0.295114792338 -0.018337374679 -0.019392158472 -0.150037221173
0.000000000000 600000000 0.976632907528 -0.214700392654 0.009586726621 -4.431958143878 0.214626940086 0.976662192308 0.008138716390 -0.412398634147 -0.011110379043 -0.005890968452 0.999920924858 -0.036508253627 -0.000000000000 0.000000000000 -0.000000000000 1.000000000000 -9.431633211647 -1.079620071244 -0.295114792338 -0.018337374679 -0.019392158472 -0.150037221173
0.000000000000 600000000 0.962052298908 -0.272641499071 0.011044779350 -4.459502344768 0.272564138727 0.962104193143 0.008019464830 -0.630212840214 -0.012812667438 -0.004704733805 0.999906846178 -0.009555916717 -0.000000000000 0.000000000000 -0.000000000000 1.000000000000 -9.920504465013 -1.196562430271 -0.453636656635 -0.026362867265 0.001695326627 -0.103974547871
0.000000000000 700000000 0.964831793573 -0.262624592152 0.011310778365 -5.458473990174 0.262511774333 0.964871230797 0.010539274948 -0.698390493526 -0.013681317427 -0.007199415054 0.999880487847 -0.052325335255 -0.000000000000 0.000000000000 -0.000000000000 1.000000000000 -9.920504465013 -1.196562430271 -0.453636656635 -0.026362867265 0.001695326627 -0.103974547871
0.000000000000 700000000 0.948596599177 -0.316249660257 0.012273728759 -5.453380322872 0.316154926004 0.948664263777 0.009065174850 -0.931849476228 -0.014510506323 -0.004718794226 0.999883582317 -0.024857975772 -0.000000000000 0.000000000000 -0.000000000000 1.000000000000 -10.140798782832 -1.244514429096 -0.354010035876 -0.086816012419 0.016939052168 -0.101864709701
0.000000000000 800000000 0.951738884233 -0.306584728185 0.014103215320 -6.477343799801 0.306331230457 0.951762066715 0.017610951398 -0.995826424687 -0.018822154107 -0.012440771931 0.999745444455 -0.041779220819 -0.000000000000 0.000000000000 -0.000000000000 1.000000000000 -10.140798782832 -1.244514429096 -0.354010035876 -0.086816012419 0.016939052168 -0.101864709701
0.000000000000 800000000 0.934247319752 -0.356288957447 0.015495945854 -6.450578776914 0.356026867235 0.934314650475 0.017349458602 -1.271615769769 -0.020659509752 -0.010691712141 0.999729399362 -0.013528747636 -0.000000000000 0.000000000000 -0.000000000000 1.000000000000 -10.267141554650 -1.131176961458 -0.089119710932 0.013141445434 -0.005250147413 -0.054604380789
0.000000000000 900000000 0.936188113240 -0.351176527168 0.015061985049 -7.484433152373 0.350946677058 0.936259556241 0.015952216469 -1.346660915364 -0.019703971418 -0.009648321835 0.999759302730 -0.027819761765 -0.000000000000 0.000000000000 -0.000000000000 1.000000000000 -10.267141554650 -1.131176961458 -0.089119710932 0.013141445434 -0.005250147413 -0.054604380789
0.000000000000 900000000 0.918046405437 -0.396131016927 0.016462529941 -7.431178496379 0.395893804075 0.918158284198 0.015920460218 -1.636137907786 -0.021421796340 -0.008098307673 0.999737727634 -0.016994428076 -0.000000000000 0.000000000000 -0.000000000000 1.000000000000 -10.395075071354 -1.021906781651 -0.113812075649 -0.032658561792 -0.022372940620 0.003444244950
0.000000000000 1000000000 0.917957083302 -0.396424760246 0.014219798876 -8.470040290874 0.396141268031 0.917989004507 0.019190710453 -1.741160561069 -0.020661291805 -0.011983199436 0.999714716283 -0.040648736305 -0.000000000000 0.000000000000 -0.000000000000 1.000000000000 -10.395075071354 -1.021906781651 -0.113812075649 -0.032658561792 -0.022372940620 0.003444244950
0.000000000000 1000000000 0.899814385519 -0.435995597145 0.015553484565 -8.411838599525 0.435722619436 0.899898162639 0.018140997546 -2.046463606232 -0.021905947241 -0.009546525524 0.999714455895 -0.026862434577 -0.000000000000 0.000000000000 -0.000000000000 1.000000000000 -10.453826519836 -0.961582564772 -0.048616569315 -0.012739545980 -0.023382572397 0.057344831584
0.000000000000 1100000000 0.897350453861 -0.441123955781 0.013107959111 -9.444976721727 0.440848617788 0.897369696297 0.019496778247 -2.193870755683 -0.020363181232 -0.011716817153 0.999723990432 -0.049900815919 -0.000000000000 0.000000000000 -0.000000000000 1.000000000000 -10.453826519836 -0.961582564772 -0.048616569315 -0.012739545980 -0.023382572397 0.057344831584
0.000000000000 1100000000 0.879838593944 -0.475067558041 0.013959366176 -9.367972497670 0.474777928769 0.879883361960 0.019778465581 -2.501731239136 -0.021678721387 -0.010774258387 0.999706931253 -0.044917437685 -0.000000000000 0.000000000000 -0.000000000000 1.000000000000 -10.475411401589 -0.955918613143 -0.105953625488 0.014328894567 -0.018131477144 0.134004640968
0.000000000000 1200000000 0.873434583701 -0.486796317009 0.011890069005 -10.380367537281 0.486554878352 0.873453714802 0.018519137420 -2.729557830180 -0.019400472831 -0.010390084005 0.999757804575 -0.077162914200 -0.000000000000 0.000000000000 -0.000000000000 1.000000000000 -10.475411401589 -0.955918613143 -0.105953625488 0.014328894567 -0.018131477144 0.134004640968
0.000000000000 1200000000 0.856985230294 -0.515181377398 0.012824329999 -10.294349846395 0.514916358504 0.857023931585 0.019264590206 -3.010131100717 -0.020915515833 -0.009906011971 0.999732170196 -0.067345461145 -0.000000000000 0.000000000000 -0.000000000000 1.000000000000 -10.456233517296 -0.889333078478 -0.046147605553 -0.009786752144 -0.012535180965 0.166733108997
0.000000000000 1300000000 0.848307183258 -0.529385099382 0.011240079443 -11.287471614001 0.529112929200 0.848305113456 0.020443645428 -3.279064076050 -0.020357578133 -0.011395219910 0.999727821947 -0.082411105901 -0.000000000000 0.000000000000 -0.000000000000 1.000000000000 -10.456233517296 -0.889333078478 -0.046147605553 -0.009786752144 -0.012535180965 0.166733108997
0.000000000000 1300000000 0.832980835575 -0.553182575167 0.011487649745 -11.190362674497 0.552928253941 0.833001805858 0.019450897948 -3.547860642628 -0.020329130799 -0.009850379110 0.999744815677 -0.088223862618 -0.000000000000 0.000000000000 -0.000000000000 1.000000000000 -10.499703280788 -0.796779339848 -0.068009492282 -0.030073723234 -0.000971680195 0.221764213480
0.000000000000 1400000000 0.820517800281 -0.571516602206 0.010923040980 -12.157928197684 0.571199799471 0.820496937749 0.022706039473 -3.886703915082 -0.021939200204 -0.012391470744 0.999682511074 -0.084985349509 -0.000000000000 0.000000000000 -0.000000000000 1.000000000000 -10.499703280788 -0.796779339848 -0.068009492282 -0.030073723234 -0.000971680195 0.221764213480
0.000000000000 1400000000 0.807693455749 -0.589474704472 0.012282276992 -12.069373077079 0.589111694885 0.807695712417 0.023980139554 -4.098053623899 -0.024056028142 -0.012132968770 0.999636983399 -0.074360882856 -0.000000000000 0.000000000000 -0.000000000000 1.000000000000 -10.360437204857 -0.737882320331 0.150662960279 -0.000757673965 -0.013871759648 0.277343551402
0.000000000000 1500000000 0.791078950686 -0.611628598861 0.010225010357 -12.985872507791 0.611281798042 0.791037776031 0.024368017444 -4.519320106795 -0.022992545819 -0.013026662954 0.999650763461 -0.076347657502 -0.000000000000 0.000000000000 -0.000000000000 1.000000000000 -10.360437204857 -0.737882320331 0.150662960279 -0.000757673965 -0.013871759648 0.277343551402
0.000000000000 1500000000 0.781247867202 -0.624128877842 0.010719787094 -12.918963017300 0.623802401871 0.781237681034 0.023200197252 -4.679917373778 -0.022854614687 -0.011438075685 0.999673365161 -0.091864257413 -0.000000000000 0.000000000000 -0.000000000000 1.000000000000 -10.350563983714 -0.771858695783 -0.159057747188 -0.041042971963 0.012475812120 0.358238426010
0.000000000000 1600000000 0.758375432614 -0.651724238530 0.011055320870 -13.776605523704 0.651281850664 0.758330419250 0.027693433065 -5.235666592598 -0.026432067687 -0.013801889445 0.999555327956 -0.070777741901 -0.000000000000 0.000000000000 -0.000000000000 1.000000000000 -10.350563983714 -0.771858695783 -0.159057747188 -0.041042971963 0.012475812120 0.358238426010
0.000000000000 1600000000 0.752353074495 -0.658658799768 0.011551484160 -13.730638308208 0.658213862845 0.752327598035 0.027526278251 -5.304116986392 -0.026820925727 -0.013106133061 0.999554334301 -0.067989112038 -0.000000000000 0.000000000000 -0.000000000000 1.000000000000 -10.178978341323 -0.727086476192 0.119415178380 -0.037898305672 -0.018951144682 0.365247360813
0.000000000000 1700000000 0.727869305582 -0.685662257766 0.008575678740 -14.544008576405 0.685145450302 0.727716940153 0.031682281254 -5.893498971684 -0.027964011188 -0.017184972783 0.999461200242 -0.061633679637 -0.000000000000 0.000000000000 -0.000000000000 1.000000000000 -10.178978341323 -0.727086476192 0.119415178380 -0.037898305672 -0.018951144682 0.365247360813
0.000000000000 1700000000 0.721979439730 -0.691851880001 0.009309390292 -14.485672611547 0.691368512773 0.721878819554 0.030009155706 -5.963570784909 -0.027482142468 -0.015229774102 0.999506271029 -0.069775903642 -0.000000000000 0.000000000000 -0.000000000000 1.000000000000 -10.080831648617 -0.689425344208 -0.151145415501 0.005241932840 0.008132212693 0.406705556958
0.000000000000 1800000000 0.693249097815 -0.720643041365 0.008904791413 -15.237682640213 0.720166009958 0.693159117336 0.029855588325 -6.637000572494 -0.027687659329 -0.014284431570 0.999514556440 -0.076103988578 -0.000000000000 0.000000000000 -0.000000000000 1.000000000000 -10.080831648617 -0.689425344208 -0.151145415501 0.005241932840 0.008132212693 0.406705556958
0.000000000000 1800000000 0.689064053659 -0.724646437611 0.008847056770 -15.191112406761 0.724209799331 0.688995368035 0.028382201801 -6.679116347429 -0.026662642562 -0.013150029817 0.999557992418 -0.091300106427 -0.000000000000 0.000000000000 -0.000000000000 1.000000000000 -9.883881549563 -0.575241968812 -0.066949816500 -0.048503680493 0.023405221791 0.437741515703
0.000000000000 1900000000 0.656647032234 -0.754133983663 0.009829025540 -15.871227172819 0.753526395930 0.656556430367 0.033639625173 -7.416912801080 -0.031822094463 -0.014682929845 0.999385694252 -0.027464156236 -0.000000000000 0.000000000000 -0.000000000000 1.000000000000 -9.883881549563 -0.575241968812 -0.066949816500 -0.048503680493 0.023405221791 0.437741515703
0.000000000000 1900000000 0.653843055429 -0.756560407589 0.010276601340 -15.839875073774 0.755987673478 0.653787174637 0.032325962173 -7.427017697560 -0.031175253273 -0.013367121938 0.999424546244 -0.034503659792 -0.000000000000 0.000000000000 -0.000000000000 1.000000000000 -9.798993586037 -0.481433608682 -0.023533945812 -0.049913168833 0.003808438953 0.418529377846
0.000000000000 2000000000 0.621630166135 -0.783256955867 0.009191171683 -16.493861192656 0.782516956726 0.621485520098 0.037722151919 -8.151965196515 -0.035258317994 -0.016256979870 0.999245996548 0.008169485697 -0.000000000000 0.000000000000 -0.000000000000 1.000000000000 -9.798993586037 -0.481433608682 -0.023533945812 -0.049913168833 0.003808438953 0.418529377846
0.000000000000 2000000000 0.618146613439 -0.786007644667 0.009313797241 -16.441535745586 0.785382513613 0.618061124223 0.034274685060 -8.178238898887 -0.032696660470 -0.013871887008 0.999369050524 -0.019898078834 -0.000000000000 0.000000000000 -0.000000000000 1.000000000000 -9.769065366477 -0.357031261967 -0.107460826843 -0.021082793679 0.021528920258 0.428644306894
0.000000000000 2100000000 0.583852098868 -0.811799162516 0.009942151992 -17.051824104455 0.811075890302 0.583782541876 0.036794618776 -8.931891425716 -0.035673895469 -0.013418775621 0.999273390841 0.023447332114 -0.000000000000 0.000000000000 -0.000000000000 1.000000000000 -9.769065366477 -0.357031261967 -0.107460826843 -0.021082793679 0.021528920258 0.428644306894
0.000000000000 2100000000 0.579830878493 -0.814677388115 0.009844066242 -16.995505582577 0.813944040266 0.579757260156 0.037102811381 -8.964410783205 -0.035933990341 -0.013500836667 0.999262966264 0.027003861099 -0.000000000000 0.000000000000 -0.000000000000 1.000000000000 -9.758334356058 -0.214543238684 -0.088038673986 -0.016892141495 0.030419688617 0.408648708851
0.000000000000 2200000000 0.545981598672 -0.837720629847 0.011324320727 -17.590042534133 0.836887022574 0.545968522074 0.039223517838 -9.692538539205 -0.039041072718 -0.011938141919 0.999166290168 0.086566048246 -0.000000000000 0.000000000000 -0.000000000000 1.000000000000 -9.758334356058 -0.214543238684 -0.088038673986 -0.016892141495 0.030419688617 0.408648708851
0.000000000000 2200000000 0.542915235843 -0.839698088909 0.012254230767 -17.552066314095 0.838843729226 0.542938962012 0.039477607168 -9.707187094034 -0.039802570627 -0.011153609771 0.999145310934 0.097682618003 -0.000000000000 0.000000000000 -0.000000000000 1.000000000000 -9.760243346763 -0.159997177366 0.011233476359 -0.045523455380 0.021517703852 0.450509652085
0.000000000000 2300000000 0.504499704329 -0.863321224864 0.012510436876 -18.072132892088 0.862248689052 0.504519019009 0.044584276227 -10.525140666191 -0.044802305302 -0.011705646378 0.998927290288 0.183183687532 -0.000000000000 0.000000000000 -0.000000000000 1.000000000000 -9.760243346763 -0.159997177366 0.011233476359 -0.045523455380 0.021517703852 0.450509652085
0.000000000000 2300000000 0.503459864308 -0.863921381290 0.012961943551 -18.055216753343 0.862954809641 0.503527616654 0.042058718281 -10.495521612238 -0.042862122536 -0.009989305069 0.999031056692 0.158954938683 -0.000000000000 0.000000000000 -0.000000000000 1.000000000000 -9.749404787960 -0.217964978644 0.069496874853 -0.034158196089 0.005400144428 0.415287701161
0.000000000000 2400000000 0.467177734678 -0.884086366596 0.011673072460 -18.578028805764 0.882960447283 0.467189904466 0.045983058833 -11.277463025206 -0.046106537016 -0.011175399978 0.998874014919 0.212977495696 -0.000000000000 0.000000000000 -0.000000000000 1.000000000000 -9.749404787960 -0.217964978644 0.069496874853 -0.034158196089 0.005400144428 0.415287701161
0.000000000000 2400000000 0.464752702211 -0.885370842201 0.011108445759 -18.532017959491 0.884308790734 0.464756251564 0.044716767142 -11.294255193506 -0.044753641396 -0.010958942127 0.998937942602 0.184385708614 -0.000000000000 0.000000000000 -0.000000000000 1.000000000000 -9.697074944382 -0.309447225088 -0.105268529137 -0.070307962076 -0.001051218409 0.411392780892
0.000000000000 2500000000 0.428001710378 -0.903733005814 0.009010555808 -19.020682055240 0.902338472579 0.427861262173 0.052153822827 -12.096220306499 -0.050988398849 -0.014191354208 0.998598412100 0.254100103813 -0.000000000000 0.000000000000 -0.000000000000 1.000000000000 -9.697074944382 -0.309447225088 -0.105268529137 -0.070307962076 -0.001051218409 0.411392780892
0.000000000000 2500000000 0.426696423020 -0.904349615183 0.009051856149 -19.002058059859 0.903007082228 0.426574564027 0.051111160918 -12.102861861819 -0.050083650299 -0.013635059330 0.998651947943 0.243318910350 -0.000000000000 0.000000000000 -0.000000000000 1.000000000000 -9.717055752125 -0.426586385254 -0.041782808280 -0.022485782378 0.019095598956 0.380650541890
0.000000000000 2600000000 0.391926478883 -0.919952870480 0.008963885615 -19.497856763886 0.918473625028 0.391819520149 0.053699755654 -12.877750281288 -0.052913469719 -0.012813263635 0.998516892695 0.303986207977 -0.000000000000 0.000000000000 -0.000000000000 1.000000000000 -9.717055752125 -0.426586385254 -0.041782808280 -0.022485782378 0.019095598956 0.380650541890
0.000000000000 2600000000 0.390133452999 -0.920710238397 0.009409875821 -19.467466527534 0.919308223953 0.390072026237 0.052117211358 -12.867672337501 -0.051655379422 -0.011682091399 0.998596640550 0.283099491733 -0.000000000000 0.000000000000 -0.000000000000 1.000000000000 -9.790406617796 -0.393044432978 -0.085522882168 -0.027345931295 0.011092218959 0.355800723670
0.000000000000 2700000000 0.357128024838 -0.934015772510 0.008608750096 -19.975217708779 0.932458144095 0.357040938706 0.055168628751 -13.607900532856 -0.054602045616 -0.011674964281 0.998439939017 0.332620861359 -0.000000000000 0.000000000000 -0.000000000000 1.000000000000 -9.790406617796 -0.393044432978 -0.085522882168 -0.027345931295 0.011092218959 0.355800723670
0.000000000000 2700000000 0.355606113571 -0.934596011891 0.008636350405 -19.957743158382 0.933140777634 0.355544547344 0.053257525011 -13.590202591704 -0.052844877774 -0.010879770755 0.998543463992 0.315980590803 -0.000000000000 0.000000000000 -0.000000000000 1.000000000000 -9.915196820613 -0.395379615876 -0.058131756353 -0.016465607335 -0.019186671835 0.336618140023
0.000000000000 2800000000 0.324103071042 -0.946009106238 0.004895942791 -20.480313464337 0.944494229664 0.323869389399 0.055129563226 -14.309915363755 -0.053738714837 -0.013243471032 0.998467205772 0.294337149478 -0.000000000000 0.000000000000 -0.000000000000 1.000000000000 -9.915196820613 -0.395379615876 -0.058131756353 -0.016465607335 -0.019186671835 0.336618140023
0.000000000000 2800000000 0.323261280218 -0.946294750874 0.005328149867 -20.471409688503 0.944842207259 0.323068298483 0.053852371336 -14.287624718102 -0.052681572629 -0.012374125620 0.998534692898 0.282899998034 -0.000000000000 0.000000000000 -0.000000000000 1.000000000000 -9.981554418364 -0.344298600132 -0.021518827345 -0.041857767432 -0.016627845551 0.352299942598
0.000000000000 2900000000 0.289875209768 -0.957062950455 0.001694588145 -20.953312710718 0.955415945627 0.289479336205 0.058155694069 -15.050594513129 -0.056149208402 -0.015238857483 0.998306087139 0.307699934052 -0.000000000000 0.000000000000 -0.000000000000 1.000000000000 -9.981554418364 -0.344298600132 -0.021518827345 -0.041857767432 -0.016627845551 0.352299942598
0.000000000000 2900000000 0.289918199690 -0.957048611951 0.002322035895 -20.957588906719 0.955450208962 0.289572581948 0.057119331050 -15.005525459753 -0.055338374427 -0.014341343944 0.998364657913 0.305278165052 -0.000000000000 0.000000000000 -0.000000000000 1.000000000000 -10.022996190922 -0.340870869951 -0.023106853622 0.005509295516 0.009809469133 0.336817388633
0.000000000000 3000000000 0.257523963303 -0.966270918703 0.001385638407 -21.441614570472 0.964700902287 0.257186743377 0.056631688631 -15.753893717468 -0.055077921630 -0.013247290284 0.998394176590 0.315292837164 -0.000000000000 0.000000000000 -0.000000000000 1.000000000000 -10.022996190922 -0.340870869951 -0.023106853622 0.005509295516 0.009809469133 0.336817388633
0.000000000000 3000000000 0.256915302907 -0.966432774845 0.001489575978 -21.432613070785 0.964907333893 0.256595770385 0.055789314559 -15.742607409899 -0.054298840971 -0.012895825864 0.998441452237 0.303036190912 -0.000000000000 0.000000000000 -0.000000000000 1.000000000000 -10.087615209486 -0.329328522689 -0.159437541203 0.034976155178 0.024541433335 0.323429555391
0.000000000000 3100000000 0.225445582918 -0.974253297295 0.002191312870 -21.919646306403 0.972893555282 0.225248694338 0.052356048266 -16.477701244494 -0.051501643020 -0.009671525652 0.998626077347 0.283951064851 -0.000000000000 0.000000000000 -0.000000000000 1.000000000000 -10.087615209486 -0.329328522689 -0.159437541203 0.034976155178 0.024541433335 0.323429555391
0.000000000000 3100000000 0.225584153069 -0.974221918403 0.001855690423 -21.921923031867 0.972864492907 0.225369601879 0.052375767205 -16.441864477034 -0.051443836616 -0.010009807764 0.998625723393 0.282664555759 -0.000000000000 0.000000000000 -0.000000000000 1.000000000000 -9.992635299259 -0.314289641710 -0.087027238474 -0.024617050950 0.010493430398 0.313659162225
0.000000000000 3200000000 0.194910080536 -0.980820355022 0.001221343703 -22.393803463964 0.979329751336 0.194682206569 0.054882388742 -17.167590583818 -0.054067537897 -0.009501032585 0.998492078950 0.338580302444 -0.000000000000 0.000000000000 -0.000000000000 1.000000000000 -9.992635299259 -0.314289641710 -0.087027238474 -0.024617050950 0.010493430398 0.313659162225
0.000000000000 3200000000 0.194312600120 -0.980939212202 0.000935627818 -22.384575134467 0.979534762117 0.194085247934 0.053315723191 -17.146026651627 -0.052481075062 -0.009443436829 0.998577267046 0.313247381198 -0.000000000000 0.000000000000 -0.000000000000 1.000000000000 -10.012638576847 -0.293151308899 -0.165565410830 -0.036337684917 0.002172698453 0.302163275326
0.000000000000 3300000000 0.164621615542 -0.986356659656 -0.000513466997 -22.856959062687 0.984760742725 0.164325612384 0.056950616348 -17.857680620828 -0.056089243928 -0.009880944611 0.998376864540 0.365199459343 -0.000000000000 0.000000000000 -0.000000000000 1.000000000000 -10.012638576847 -0.293151308899 -0.165565410830 -0.036337684917 0.002172698453 0.302163275326
0.000000000000 3300000000 0.163212781550 -0.986590549545 -0.000821880254 -22.844639872507 0.985109830575 0.162922082411 0.054909168345 -17.850676161730 -0.054038964130 -0.009771520416 0.998491015355 0.327247227898 -0.000000000000 0.000000000000 -0.000000000000 1.000000000000 -10.273236561947 -0.291650833392 -0.112435059753 -0.034548709392 -0.005394733519 0.301297650924
0.000000000000 3400000000 0.133494982667 -0.991044745894 -0.003066144021 -23.323449722297 0.989387574367 0.133091387557 0.058300173639 -18.574215074477 -0.057370003408 -0.010816385465 0.998294389704 0.366467050381 -0.000000000000 0.000000000000 -0.000000000000 1.000000000000 -10.273236561947 -0.291650833392 -0.112435059753 -0.034548709392 -0.005394733519 0.301297650924
0.000000000000 3400000000 0.133104868277 -0.991096169181 -0.003387842333 -23.324317644307 0.989583342906 0.132710986606 0.055790693462 -18.543784747101 -0.054844338668 -0.010778565246 0.998436738631 0.328344664761 -0.000000000000 0.000000000000 -0.000000000000 1.000000000000 -10.409657416533 -0.172815252578 -0.238044459103 0.005444338004 -0.002085298665 0.298624965950
0.000000000000 3500000000 0.103509417872 -0.994614606203 -0.005252193801 -23.800851914834 0.993146259903 0.103065549133 0.055118046249 -19.264925657172 -0.054279893626 -0.010921433511 0.998466031189 0.289334816549 -0.000000000000 0.000000000000 -0.000000000000 1.000000000000 -10.409657416533 -0.172815252578 -0.238044459103 0.005444338004 -0.002085298665 0.298624965950
0.000000000000 3500000000 0.102829464026 -0.994681932158 -0.005827106100 -23.788474158745 0.993253153274 0.102362491127 0.054498568067 -19.257529237818 -0.053612263888 -0.011391850053 0.998496845720 0.281041852539 -0.000000000000 0.000000000000 -0.000000000000 1.000000000000 -10.544512757564 -0.315771035679 -0.124974292126 -0.023722648306 0.005544466064 0.273556638275
0.000000000000 3600000000 0.075594656462 -0.997115481315 -0.006794471007 -24.306565754225 0.995563714213 0.075090687522 0.056694616945 -19.946262752660 -0.056020878764 -0.011050138883 0.998368446804 0.328376469754 -0.000000000000 0.000000000000 -0.000000000000 1.000000000000 -10.544512757564 -0.315771035679 -0.124974292126 -0.023722648306 0.005544466064 0.273556638275
0.000000000000 3600000000 0.074545132625 -0.997191415564 -0.007232145355 -24.309020157970 0.995708280501 0.074031477690 0.055537018758 -19.939120561276 -0.054845631944 -0.011341121444 0.998430436045 0.304543214536 -0.000000000000 0.000000000000 -0.000000000000 1.000000000000 -10.741756602850 -0.351854014076 -0.151536525741 -0.051233028285 0.005785706886 0.265914760212
0.000000000000 3700000000 0.048015182703 -0.998812973527 -0.008196715449 -24.843676529574 0.997043733032 0.047434078172 0.060446692625 -20.626045533425 -0.059986137159 -0.011074842760 0.998137771656 0.407517570631 -0.000000000000 0.000000000000 -0.000000000000 1.000000000000 -10.741756602850 -0.351854014076 -0.151536525741 -0.051233028285 0.005785706886 0.265914760212
0.000000000000 3700000000 0.047933346359 -0.998815722511 -0.008339470694 -24.845347779099 0.997126257057 0.047358568448 0.059130309331 -20.601956773464 -0.058665337243 -0.011149818797 0.998215437542 0.389017103791 -0.000000000000 0.000000000000 -0.000000000000 1.000000000000 -10.834796363775 -0.257773443270 -0.209620308046 -0.058757881621 0.009584648496 0.230866419827
0.000000000000 3800000000 0.024847382711 -0.999652405012 -0.008813440072 -25.445821323032 0.997604385677 0.024225195516 0.064796833110 -21.205634450419 -0.064560802746 -0.010402358179 0.997859556096 0.514977203892 -0.000000000000 0.000000000000 -0.000000000000 1.000000000000 -10.834796363775 -0.257773443270 -0.209620308046 -0.058757881621 0.009584648496 0.230866419827
0.000000000000 3800000000 0.023599052108 -0.999677814456 -0.009346230433 -25.425635203905 0.997770816248 0.022968241858 0.062656668521 -21.205335014311 -0.062421814967 -0.010804033953 0.997991377651 0.473422187925 -0.000000000000 0.000000000000 -0.000000000000 1.000000000000 -11.089822020121 -0.105129005913 -0.171591224295 -0.072557865167 0.007785423764 0.211571582985
0.000000000000 3900000000 0.002438909533 -0.999947328768 -0.009969524063 -26.079732256264 0.997567033290 0.001738269971 0.069692126610 -21.756714072647 -0.069671126115 -0.010115241335 0.997518729688 0.632167442954 -0.000000000000 0.000000000000 -0.000000000000 1.000000000000 -11.089822020121 -0.105129005913 -0.171591224295 -0.072557865167 0.007785423764 0.211571582985
0.000000000000 3900000000 0.002865914699 -0.999938300267 -0.010732296651 -26.095725192129 0.997642711965 0.002123167684 0.068589441034 -21.730764106360 -0.068562422618 -0.010903569024 0.997587242494 0.602292652340 -0.000000000000 0.000000000000 -0.000000000000 1.000000000000 -11.219784472891 -0.057941717029 -0.289230676507 -0.065134794800 0.001439235158 0.197345891121
0.000000000000 4000000000 -0.016827223457 -0.999786348166 -0.012004273013 -26.783618484445 0.997037196123 -0.017679803695 0.074861566165 -22.254045537772 -0.075057805045 -0.010708994405 0.997121679305 0.720415125836 0.000000000000 0.000000000000 -0.000000000000 1.000000000000 -11.219784472891 -0.057941717029 -0.289230676507 -0.065134794800 0.001439235158 0.197345891121
0.000000000000 4000000000 -0.016495890625 -0.999781587190 -0.012832127972 -26.794613981572 0.997146751982 -0.017395217921 0.073455846643 -22.231527212302 -0.073663020608 -0.011583795117 0.997215911970 0.693333115048 0.000000000000 0.000000000000 -0.000000000000 1.000000000000 -11.442109379614 0.030818152476 -0.269653353721 -0.050104392547 0.005814720903 0.173506043856
0.000000000000 4099999000 -0.033834643660 -0.999335338737 -0.013568258538 -27.548649215739 0.996328538054 -0.034794891000 0.078222502002 -22.696174634041 -0.078642616612 -0.010871812711 0.996843589808 0.794716228534 0.000000000000 0.000000000000 -0.000000000000 1.000000000000 -11.442109379614 0.030818152476 -0.269653353721 -0.050104392547 0.005814720903 0.173506043856
0.000000000000 4099999000 -0.033583044527 -0.999333347212 -0.014319227303 -27.546044732046 0.996470304692 -0.034582861297 0.076491552287 -22.689904203341 -0.076935758832 -0.011699865587 0.996967402756 0.748589903223 0.000000000000 0.000000000000 -0.000000000000 1.000000000000 -11.398789453642 0.060396684230 -0.203782431760 -0.047896498624 0.003596810946 0.156120623386
0.000000000000 4200000000 -0.049160867479 -0.998675353318 -0.015190384586 -28.328087965541 0.995444496362 -0.050234418758 0.081035534393 -23.116205947582 -0.081691271082 -0.011137407566 0.996595451716 0.847953226542 0.000000000000 0.000000000000 -0.000000000000 1.000000000000 -11.398789453642 0.060396684230 -0.203782431760 -0.047896498624 0.003596810946 0.156120623386
0.000000000000 4200000000 -0.047602083573 -0.998740558722 -0.015853643211 -28.351512937354 0.995634016017 -0.048717890863 0.079620809219 -23.067840057099 -0.080292887545 -0.011994310044 0.996699146551 0.813762765602 0.000000000000 0.000000000000 -0.000000000000 1.000000000000 -11.457961780670 0.091708721713 -0.319788223883 -0.030169710558 -0.002158228452 0.151019696633
0.000000000000 4300000000 -0.062612612906 -0.997888093646 -0.017291999994 -29.145943074750 0.994554977104 -0.063830957687 0.082377219902 -23.490336462406 -0.083307011848 -0.012039991677 0.996451193174 0.845808539757 0.000000000000 0.000000000000 -0.000000000000 1.000000000000 -11.457961780670 0.091708721713 -0.319788223883 -0.030169710558 -0.002158228452 0.151019696633
0.000000000000 4300000000 -0.061939494490 -0.997917646889 -0.017996362153 -29.161947439330 0.994747572493 -0.063194846099 0.080521291885 -23.471541431865 -0.081490895459 -0.012914389451 0.996590413612 0.801563192521 0.000000000000 0.000000000000 -0.000000000000 1.000000000000 -11.604703003283 0.111285236101 -0.234106175725 -0.013055618924 -0.004871340301 0.134226136884
0.000000000000 4400000000 -0.075244888529 -0.996973035990 -0.019569677047 -30.005186410552 0.993719609840 -0.076600491181 0.081570226009 -23.856465523963 -0.082822362744 -0.013309029276 0.996475451764 0.794634791650 0.000000000000 0.000000000000 -0.000000000000 1.000000000000 -11.604703003283 0.111285236101 -0.234106175725 -0.013055618924 -0.004871340301 0.134226136884
0.000000000000 4400000000 -0.073200832150 -0.997117055201 -0.019980400394 -30.065347613088 0.993913068092 -0.074590208934 0.081074742107 -23.788128018844 -0.082331350341 -0.013924042469 0.996507736946 0.789076154160 0.000000000000 0.000000000000 -0.000000000000 1.000000000000 -11.660781483819 -0.005270964616 -0.363632859411 0.000646470818 0.020635537141 0.137021590303
0.000000000000 4500000000 -0.086981983707 -0.996028058832 -0.019032617500 -30.900970725690 0.992820940472 -0.088244789237 0.080743032724 -24.206398623151 -0.082101855469 -0.011872792049 0.996553220926 0.814066207612 0.000000000000 0.000000000000 -0.000000000000 1.000000000000 -11.660781483819 -0.005270964616 -0.363632859411 0.000646470818 0.020635537141 0.137021590303
0.000000000000 4500000000 -0.085516412394 -0.996153791907 -0.019093613621 -30.939584611945 0.992980816704 -0.086784292981 0.080359095002 -24.156048628510 -0.081707042959 -0.012087570539 0.996583087238 0.821254343556 0.000000000000 0.000000000000 -0.000000000000 1.000000000000 -11.680112228226 -0.153771209808 -0.285490525972 -0.014719111825 0.033508820039 0.121797700335
0.000000000000 4600000000 -0.097879040952 -0.995057508582 -0.016740608001 -31.808039051367 0.991742828421 -0.098925940443 0.081607723791 -24.552265716051 -0.082860458707 -0.008614692189 0.996523924179 0.933682564328 0.000000000000 0.000000000000 -0.000000000000 1.000000000000 -11.680112228226 -0.153771209808 -0.285490525972 -0.014719111825 0.033508820039 0.121797700335
0.000000000000 4600000000 -0.096941186416 -0.995150171840 -0.016689573476 -31.816878163607 0.991900340542 -0.097980211930 0.080830640869 -24.525443281500 -0.082073874097 -0.008718575389 0.996588112328 0.936949610086 0.000000000000 0.000000000000 -0.000000000000 1.000000000000 -11.761342999281 -0.171034934579 -0.315861844414 -0.018094225348 0.033592450146 0.099957792022
0.000000000000 4700000000 -0.107128397445 -0.994144382730 -0.014158133598 -32.742829437003 0.990730593112 -0.107935165598 0.082479645358 -24.863407492321 -0.083524836617 -0.005190983868 0.996492175260 1.058481710897 0.000000000000 0.000000000000 -0.000000000000 1.000000000000 -11.761342999281 -0.171034934579 -0.315861844414 -0.018094225348 0.033592450146 0.099957792022
0.000000000000 4700000000 -0.108783951769 -0.993959383358 -0.014518817860 -32.702996593957 0.990666070325 -0.109607226481 0.081036985444 -24.911527384662 -0.082138839439 -0.005567776719 0.996605343613 1.040072533916 0.000000000000 0.000000000000 -0.000000000000 1.000000000000 -12.039791916872 -0.109659561042 -0.181993043717 -0.023380398323 0.016766225644 0.062438725729
0.000000000000 4800000000 -0.115106279239 -0.993263322528 -0.013361010457 -33.748936720306 0.989772564812 -0.115821995752 0.083279860985 -25.127409306688 -0.084266330318 -0.003638326655 0.996436625257 1.136076130671 0.000000000000 0.000000000000 -0.000000000000 1.000000000000 -12.039791916872 -0.109659561042 -0.181993043717 -0.023380398323 0.016766225644 0.062438725729
0.000000000000 4800000000 -0.118001896206 -0.992919087877 -0.013683472559 -33.673556586453 0.989568022996 -0.118728193821 0.081601126554 -25.208929401997 -0.082647930130 -0.003911639222 0.996571130790 1.116476621853 0.000000000000 0.000000000000 -0.000000000000 1.000000000000 -12.420863805198 -0.036133930434 -0.214310079982 -0.004824431351 0.010907642719 0.030300460153
0.000000000000 4900000000 -0.121090064869 -0.992558420442 -0.012844383948 -34.837864706488 0.989165836209 -0.121737852533 0.082041719499 -25.315793897243 -0.082994847236 -0.002770788653 0.996546124403 1.144598063025 0.000000000000 0.000000000000 -0.000000000000 1.000000000000 -12.420863805198 -0.036133930434 -0.214310079982 -0.004824431351 0.010907642719 0.030300460153
0.000000000000 4900000000 -0.123929563793 -0.992201002690 -0.013365383622 -34.772053251871 0.988875325939 -0.124608380656 0.081230174317 -25.407223545202 -0.082262099216 -0.003149878015 0.996605752191 1.136407610804 0.000000000000 0.000000000000 -0.000000000000 1.000000000000 -12.727181660097 -0.067731755371 -0.191994298717 -0.009340411201 0.012040909185 0.030250355805
0.000000000000 5000000000 -0.127019774971 -0.991822517841 -0.012412488473 -35.966347544266 0.988418563274 -0.127611583659 0.082122028052 -25.519906549000 -0.083034453944 -0.001837612500 0.996544982747 1.183579692868 0.000000000000 0.000000000000 -0.000000000000 1.000000000000 -12.727181660097 -0.067731755371 -0.191994298717 -0.009340411201 0.012040909185 0.030250355805
0.000000000000 5000000000 -0.129129069624 -0.991548837120 -0.012513472060 -35.920950266633 0.988201413752 -0.129720765154 0.081427814335 -25.581227455854 -0.082362911784 -0.001851132874 0.996600684361 1.186133226587 0.000000000000 0.000000000000 -0.000000000000 1.000000000000 -13.013709957848 -0.066458953854 -0.182488568845 -0.017766698119 0.012368273159 0.026715816344
0.000000000000 5100000000 -0.131871324366 -0.991200123880 -0.011500792592 -37.152331575242 0.987705023751 -0.132371298404 0.083166251669 -25.683312549242 -0.083956773805 -0.000392146870 0.996469320327 1.258613534901 0.000000000000 0.000000000000 -0.000000000000 1.000000000000 -13.013709957848 -0.066458953854 -0.182488568845 -0.017766698119 0.012368273159 0.026715816344
0.000000000000 5100000000 -0.132913908488 -0.991062005912 -0.011401463415 -37.125442911886 0.987743606350 -0.133401121973 0.081035231672 -25.723389384395 -0.081831907262 -0.000491013224 0.996646024354 1.224707454506 0.000000000000 0.000000000000 -0.000000000000 1.000000000000 -13.316013692221 -0.108786675824 -0.124772639788 -0.013926890811 0.017429056942 0.046768065374
0.000000000000 5200000000 -0.137675275062 -0.990426465979 -0.010046597644 -38.334097220292 0.986996098299 -0.138034001237 0.082373032264 -25.908955785197 -0.082971203309 0.001424777199 0.996550926662 1.313943030322 0.000000000000 0.000000000000 -0.000000000000 1.000000000000 -13.316013692221 -0.108786675824 -0.124772639788 -0.013926890811 0.017429056942 0.046768065374
0.000000000000 5200000000 -0.137928231806 -0.990392813150 -0.009893357940 -38.327052815409 0.987036839761 -0.138274750560 0.081476194763 -25.905866088088 -0.082061439338 0.001472758722 0.996626184261 1.307171268792 0.000000000000 0.000000000000 -0.000000000000 1.000000000000 -13.667306291358 -0.225622811289 -0.060961696665 -0.010364272079 -0.003928411306 0.026970808444
0.000000000000 5300000000 -0.140557281189 -0.990016805667 -0.010505960329 -39.624258264601 0.986575681403 -0.140944015066 0.082481570557 -26.032191264737 -0.083138893240 0.001228460335 0.996537212208 1.312678553657 0.000000000000 0.000000000000 -0.000000000000 1.000000000000 -13.667306291358 -0.225622811289 -0.060961696665 -0.010364272079 -0.003928411306 0.026970808444
0.000000000000 5300000000 -0.140179247871 -0.990068490904 -0.010684651843 -39.612305391071 0.986718701577 -0.140583196806 0.081379166468 -26.002957458234 -0.082073031048 0.000864924555 0.996625942608 1.290192790816 0.000000000000 0.000000000000 -0.000000000000 1.000000000000 -13.627379695820 -0.047947156109 -0.191371966738 -0.005956120480 -0.006948731166 0.037098360234
0.000000000000 5400000000 -0.143781480003 -0.989540530508 -0.011680089498 -40.879179273810 0.986142888970 -0.144254878110 0.081931267999 -26.156298369334 -0.082759220287 0.000261961771 0.996569537380 1.258622981909 0.000000000000 0.000000000000 -0.000000000000 1.000000000000 -13.627379695820 -0.047947156109 -0.191371966738 -0.005956120480 -0.006948731166 0.037098360234
