0.000000000000 0 1.000000000000 -0.000000000000 0.000000000000 -0.000000000000 -0.000000000000 1.000000000000 -0.000000000000 0.000000000000 0.000000000000 -0.000000000000 1.000000000000 -0.000000000000 -0.000000000000 0.000000000000 -0.000000000000 1.000000000000 0.000000000000 0.000000000000 0.000000000000 0.000000000000 0.000000000000 0.000000000000
0.000000000000 100000000 1.000000000000 -0.000000000000 0.000000000000 -0.000000000000 -0.000000000000 1.000000000000 -0.000000000000 0.000000000000 0.000000000000 -0.000000000000 1.000000000000 -0.000000000000 -0.000000000000 0.000000000000 -0.000000000000 1.000000000000 0.000000000000 0.000000000000 0.000000000000 0.000000000000 0.000000000000 0.000000000000
0.000000000000 100000000 1.000000000000 -0.000000000000 0.000000000000 -0.000000000000 -0.000000000000 1.000000000000 -0.000000000000 0.000000000000 0.000000000000 -0.000000000000 1.000000000000 -0.000000000000 -0.000000000000 0.000000000000 -0.000000000000 1.000000000000 -6.330155346439 0.473498965831 -0.086380266276 -0.028318323884 0.015707749200 -0.051264026405
0.000000000000 200000000 0.999985626375 0.005124147148 0.001578023829 -0.632897974966 -0.005128595306 0.999982850413 0.002827788836 0.048960417390 -0.001563506760 -0.002835841236 0.999994756712 -0.008209489008 -0.000000000000 0.000000000000 -0.000000000000 1.000000000000 -6.330155346439 0.473498965831 -0.086380266276 -0.028318323884 0.015707749200 -0.051264026405
0.000000000000 200000000 0.999987418096 0.003879481131 0.003180137863 -0.850634613099 -0.003893477595 0.999982709877 0.004406901283 0.016143229511 -0.003162986388 -0.004419227631 0.999985232863 0.011036908790 -0.000000000000 0.000000000000 -0.000000000000 1.000000000000 -7.437404741335 -0.161049546170 -0.165394558371 0.042284174116 0.003839541687 -0.074289775297
0.000000000000 300000000 0.999929657935 0.011307316611 0.003581029554 -1.594283602807 -0.011307938237 0.999936051458 0.000153388441 0.009107148264 -0.003579066141 -0.000193871712 0.999993576329 -0.004981766622 -0.000000000000 0.000000000000 -0.000000000000 1.000000000000 -7.437404741335 -0.161049546170 -0.165394558371 0.042284174116 0.003839541687 -0.074289775297
0.000000000000 300000000 0.999953688687 0.008356571770 0.004773697697 -1.634893936804 -0.008371451759 0.999960136080 0.003105647371 0.017401361311 -0.004747554833 -0.003145466324 0.999983783251 0.006755727973 -0.000000000000 0.000000000000 -0.000000000000 1.000000000000 -7.658682538942 -0.204985907841 -0.079543244369 0.030243844644 -0.000515706927 -0.066449608760
0.000000000000 400000000 0.999876276441 0.015001140053 0.004732611129 -2.400673118242 -0.015001543249 0.999887469283 0.000049706266 0.010302514369 -0.004731332915 -0.000120696587 0.999988799898 -0.001262049768 -0.000000000000 0.000000000000 -0.000000000000 1.000000000000 -7.658682538942 -0.204985907841 -0.079543244369 0.030243844644 -0.000515706927 -0.066449608760
0.000000000000 400000000 0.999903904244 0.012665092715 0.005637171588 -2.407178774634 -0.012673297176 0.999918679298 0.001422086328 0.010876041306 -0.005618702314 -0.001493391222 0.999983099841 0.011355412937 -0.000000000000 0.000000000000 -0.000000000000 1.000000000000 -7.542323998657 -0.138548786719 -0.114018332537 0.017376969787 -0.004034863200 -0.076717192362
0.000000000000 500000000 0.999779482162 0.020335997006 0.005237773733 -3.161304764517 -0.020334403529 0.999793170793 -0.000357307956 0.018372210510 -0.005243956622 0.000250722159 0.999986218934 -0.001145254512 -0.000000000000 0.000000000000 -0.000000000000 1.000000000000 -7.542323998657 -0.138548786719 -0.114018332537 0.017376969787 -0.004034863200 -0.076717192362
0.000000000000 500000000 0.999822580805 0.017873036425 0.005946552023 -3.157223780679 -0.017889823692 0.999836094164 0.002781908643 0.021046414632 -0.005895856194 -0.002887797846 0.999978449519 0.007992706283 -0.000000000000 0.000000000000 -0.000000000000 1.000000000000 -7.572978131293 -0.196062318504 -0.075841219609 0.028925034788 -0.004263579852 -0.060753127692
0.000000000000 600000000 0.999697929673 0.023947616011 0.005528209087 -3.914391902015 -0.023947178066 0.999713214637 -0.000145409024 0.022911192022 -0.005530105877 0.000012980093 0.999984708763 -0.001036477456 -0.000000000000 0.000000000000 -0.000000000000 1.000000000000 -7.572978131293 -0.196062318504 -0.075841219609 0.028925034788 -0.004263579852 -0.060753127692
0.000000000000 600000000 0.999728320258 0.022278613123 0.006851939289 -3.922183002053 -0.022291372992 0.999749911302 0.001791519595 0.034777131962 -0.006810313124 -0.001943772010 0.999974920378 0.004943096386 -0.000000000000 0.000000000000 -0.000000000000 1.000000000000 -7.672667181478 -0.146400897944 -0.006742617110 0.043386783119 0.000460410786 -0.065537771866
0.000000000000 700000000 0.999560539005 0.028830243340 0.006895355923 -4.689179897327 -0.028812965322 0.999581459393 -0.002592116373 0.048334800548 -0.006967201282 0.002392301588 0.999972867132 0.004645553289 -0.000000000000 0.000000000000 -0.000000000000 1.000000000000 -7.672667181478 -0.146400897944 -0.006742617110 0.043386783119 0.000460410786 -0.065537771866
0.000000000000 700000000 0.999606885439 0.026910450454 0.007867797574 -4.687583819348 -0.026906826966 0.999637785523 -0.000566053997 0.032856270168 -0.007880180512 0.000354134005 0.999968888188 0.011365907691 -0.000000000000 0.000000000000 -0.000000000000 1.000000000000 -7.823252059547 -0.138643553597 -0.123000038528 0.048335689469 -0.007144660138 -0.068811796554
0.000000000000 800000000 0.999403623492 0.033786427036 0.007132650182 -5.469616119220 -0.033747924987 0.999415510776 -0.005451089751 0.053921635422 -0.007312654071 0.005207126705 0.999959704649 -0.004355067228 -0.000000000000 0.000000000000 -0.000000000000 1.000000000000 -7.823252059547 -0.138643553597 -0.123000038528 0.048335689469 -0.007144660138 -0.068811796554
0.000000000000 800000000 0.999473363196 0.031606989715 0.007348092444 -5.461554995460 -0.031584700283 0.999496178292 -0.003129902134 0.057860147092 -0.007443317101 0.002896166514 0.999968104116 0.007158475947 -0.000000000000 0.000000000000 -0.000000000000 1.000000000000 -8.026209811264 -0.122881388798 -0.081133702956 0.016279659861 -0.021133450266 -0.063514535949
0.000000000000 900000000 0.999266187304 0.037946630113 0.005209623240 -6.263725825819 -0.037921731726 0.999269195092 -0.004797708213 0.082813121793 -0.005387872881 0.004596629659 0.999974920596 -0.013230901860 -0.000000000000 0.000000000000 -0.000000000000 1.000000000000 -8.026209811264 -0.122881388798 -0.081133702956 0.016279659861 -0.021133450266 -0.063514535949
0.000000000000 900000000 0.999335211010 0.036126313229 0.004901584157 -6.273427289986 -0.036116132415 0.999345287068 -0.002149928685 0.074825741983 -0.004976044024 0.001971473174 0.999985676037 -0.006906158620 -0.000000000000 0.000000000000 -0.000000000000 1.000000000000 -7.993476183876 -0.077849957546 -0.109433732495 0.030941733129 -0.023328051442 -0.064977314121
0.000000000000 1000000000 0.999088513427 0.042610642109 0.002544703742 -7.072129434747 -0.042596794714 0.999078454634 -0.005268260222 0.110460314618 -0.002766842633 0.005155062050 0.999982884812 -0.033130585968 -0.000000000000 0.000000000000 -0.000000000000 1.000000000000 -7.993476183876 -0.077849957546 -0.109433732495 0.030941733129 -0.023328051442 -0.064977314121
0.000000000000 1000000000 0.999202394621 0.039867207840 0.002276032267 -7.076443065097 -0.039866561911 0.999204958625 -0.000328481105 0.090147470530 -0.002287318352 0.000237481526 0.999997355885 -0.029424866478 -0.000000000000 0.000000000000 -0.000000000000 1.000000000000 -8.005503095615 -0.062452829324 -0.077512540817 0.043067175075 -0.017148405487 -0.054879240887
0.000000000000 1100000000 0.998971192693 0.045345962915 0.000547554543 -7.876337258810 -0.045342941306 0.998960690328 -0.004642935756 0.125101743565 -0.000757523857 0.004613331336 0.999989071606 -0.049535067668 -0.000000000000 0.000000000000 -0.000000000000 1.000000000000 -8.005503095615 -0.062452829324 -0.077512540817 0.043067175075 -0.017148405487 -0.054879240887
0.000000000000 1100000000 0.999071673976 0.043056475348 0.001389312298 -7.876634163658 -0.043054522825 0.999071734819 -0.001405969397 0.104653596289 -0.001448558734 0.001344848021 0.999998046529 -0.043120536391 -0.000000000000 0.000000000000 -0.000000000000 1.000000000000 -8.150497320593 -0.025616690170 -0.138444324862 0.046946481432 0.001372403606 -0.046258883431
0.000000000000 1200000000 0.998861614205 0.047678066894 0.001509173857 -8.691124765711 -0.047668025520 0.998844562673 -0.006107287567 0.140643318514 -0.001798613766 0.006028395779 0.999980211521 -0.055253789340 -0.000000000000 0.000000000000 -0.000000000000 1.000000000000 -8.150497320593 -0.025616690170 -0.138444324862 0.046946481432 0.001372403606 -0.046258883431
0.000000000000 1200000000 0.998975715527 0.045220450521 0.001621925554 -8.700306997939 -0.045214410025 0.998970871451 -0.003585403442 0.122435682055 -0.001782389943 0.003508396562 0.999992257090 -0.050597630809 -0.000000000000 0.000000000000 -0.000000000000 1.000000000000 -8.333711275586 -0.166297385131 -0.074867166040 -0.019789804843 -0.002495374473 -0.045994236990
0.000000000000 1300000000 0.998757584069 0.049814029010 0.001360433312 -9.533044646715 -0.049811818235 0.998757317905 -0.001613287258 0.147627431639 -0.001439107065 0.001543517227 0.999997773260 -0.060625898332 -0.000000000000 0.000000000000 -0.000000000000 1.000000000000 -8.333711275586 -0.166297385131 -0.074867166040 -0.019789804843 -0.002495374473 -0.045994236990
0.000000000000 1300000000 0.998905849689 0.046699395954 0.002503971589 -9.529610358357 -0.046700207093 0.998908914604 0.000266425588 0.124796213453 -0.002488797629 -0.000383070070 0.999996829567 -0.049156543778 -0.000000000000 0.000000000000 -0.000000000000 1.000000000000 -8.587649542770 0.021469475711 -0.076256200879 0.016746189807 -0.008370460556 -0.051955034039
0.000000000000 1400000000 0.998651514858 0.051888179809 0.001663931572 -10.387540965587 -0.051885841423 0.998652014388 -0.001419020198 0.178778485123 -0.001735318991 0.001330772180 0.999997608854 -0.064864410554 -0.000000000000 0.000000000000 -0.000000000000 1.000000000000 -8.587649542770 0.021469475711 -0.076256200879 0.016746189807 -0.008370460556 -0.051955034039
0.000000000000 1400000000 0.998824158772 0.048444758006 0.001845338686 -10.406640969139 -0.048446466802 0.998825381501 0.000892818104 0.139633050009 -0.001799918761 -0.000981168431 0.999997898798 -0.051704275637 -0.000000000000 0.000000000000 -0.000000000000 1.000000000000 -8.511522743983 -0.135521822356 -0.133973419251 0.020128342950 -0.008256912707 -0.051129198639
0.000000000000 1500000000 0.998564596781 0.053550981303 0.001019047086 -11.256922183611 -0.053549827914 0.998564542247 -0.001127340800 0.181589126461 -0.001077954493 0.001071152815 0.999998845322 -0.073722794215 -0.000000000000 0.000000000000 -0.000000000000 1.000000000000 -8.511522743983 -0.135521822356 -0.133973419251 0.020128342950 -0.008256912707 -0.051129198639
0.000000000000 1500000000 0.998678726244 0.051366185291 0.001522089286 -11.259202013409 -0.051370112105 0.998676130862 0.002664062286 0.174518493130 -0.001383231522 -0.002738732228 0.999995292997 -0.065237990707 -0.000000000000 0.000000000000 -0.000000000000 1.000000000000 -8.515785042870 -0.048611164273 -0.080161010508 0.023819059586 0.002652420626 -0.028467638107
0.000000000000 1600000000 0.998528027774 0.054208562185 0.001791517705 -12.110261528347 -0.054209143408 0.998529564808 0.000277444608 0.203081837021 -0.001773843521 -0.000374152858 0.999998356743 -0.069705586404 -0.000000000000 0.000000000000 -0.000000000000 1.000000000000 -8.515785042870 -0.048611164273 -0.080161010508 0.023819059586 0.002652420626 -0.028467638107
0.000000000000 1600000000 0.998606918847 0.052684903062 0.002919352566 -12.114416913479 -0.052689967018 0.998609496166 0.001685687569 0.181956741845 -0.002826482909 -0.001837159860 0.999994317903 -0.055408280596 -0.000000000000 0.000000000000 -0.000000000000 1.000000000000 -8.459175080082 -0.260404642786 -0.058932045742 0.041033046201 0.016130023471 -0.037142866989
0.000000000000 1700000000 0.998398314954 0.056393927913 0.004530959188 -12.959698426019 -0.056383340821 0.998406233477 -0.002431425969 0.202679372594 -0.004660855558 0.002172060974 0.999986779201 -0.040291080884 -0.000000000000 0.000000000000 -0.000000000000 1.000000000000 -8.459175080082 -0.260404642786 -0.058932045742 0.041033046201 0.016130023471 -0.037142866989
0.000000000000 1700000000 0.998556094469 0.053384563220 0.005984530798 -12.977352362659 -0.053383524240 0.998574027417 -0.000333329791 0.185451776244 -0.005993791687 0.000013373149 0.999982036980 -0.025800417362 -0.000000000000 0.000000000000 -0.000000000000 1.000000000000 -8.501924180118 -0.239435064481 0.036540985331 0.028643032093 0.007600161001 -0.053084104164
0.000000000000 1800000000 0.998253789053 0.058685700716 0.006735070425 -13.826451055267 -0.058664999119 0.998272496036 -0.003231336673 0.232704590009 -0.006913068821 0.002830581177 0.999972098256 -0.011362843867 -0.000000000000 0.000000000000 -0.000000000000 1.000000000000 -8.501924180118 -0.239435064481 0.036540985331 0.028643032093 0.007600161001 -0.053084104164
0.000000000000 1800000000 0.998392396846 0.056126251247 0.007903533455 -13.867941522034 -0.056109506158 0.998421913923 -0.002324890905 0.218085306370 -0.008021548410 0.001877690044 0.999966063945 0.004356876757 -0.000000000000 0.000000000000 -0.000000000000 1.000000000000 -8.608580192786 -0.241579290437 -0.035181724283 0.065139964466 0.003412472203 -0.035295554150
0.000000000000 1900000000 0.998185372626 0.059651580391 0.008225012624 -14.727982361153 -0.059578448887 0.998184243601 -0.008867031891 0.244355392475 -0.008739010470 0.008360908038 0.999926859782 0.007222377624 -0.000000000000 0.000000000000 -0.000000000000 1.000000000000 -8.608580192786 -0.241579290437 -0.035181724283 0.065139964466 0.003412472203 -0.035295554150
0.000000000000 1900000000 0.998326038301 0.057194006798 0.008600397482 -14.738050784314 -0.057149271176 0.998351253452 -0.005360553594 0.216481289896 -0.008892809145 0.004860073785 0.999948647496 0.013145972425 -0.000000000000 0.000000000000 -0.000000000000 1.000000000000 -8.693192991701 -0.194288443622 -0.068346555421 0.027439996421 -0.013922268246 -0.030774766077
0.000000000000 2000000000 0.998156995769 0.060257379654 0.007187488724 -15.606662029522 -0.060198624926 0.998153319784 -0.008128699806 0.243746209723 -0.007664029881 0.007681041640 0.999941130390 -0.014181255204 -0.000000000000 0.000000000000 -0.000000000000 1.000000000000 -8.693192991701 -0.194288443622 -0.068346555421 0.027439996421 -0.013922268246 -0.030774766077
0.000000000000 2000000000 0.998299888327 0.057779824564 0.007669735314 -15.633753337985 -0.057744247164 0.998319956079 -0.004781967550 0.222797705444 -0.007933151068 0.004330954580 0.999959153139 -0.007868606367 -0.000000000000 0.000000000000 -0.000000000000 1.000000000000 -8.820163464166 -0.314035878755 -0.072433839765 0.026217938500 -0.022788846039 -0.044977250318
0.000000000000 2100000000 0.998045780118 0.062256357005 0.005363469197 -16.514610153940 -0.062215742841 0.998035045628 -0.007432969805 0.263768368091 -0.005815679847 0.007084751927 0.999957991197 -0.051106301747 -0.000000000000 0.000000000000 -0.000000000000 1.000000000000 -8.820163464166 -0.314035878755 -0.072433839765 0.026217938500 -0.022788846039 -0.044977250318
0.000000000000 2100000000 0.998203895315 0.059662565218 0.005418642854 -16.532249729079 -0.059636873624 0.998208667376 -0.004785360957 0.252032675307 -0.005694443173 0.004453615029 0.999973868974 -0.044677985462 -0.000000000000 0.000000000000 -0.000000000000 1.000000000000 -9.220303067889 -0.318376921887 -0.142001717380 0.026486813642 -0.007124845634 -0.037635140110
0.000000000000 2200000000 0.997976271111 0.063414749072 0.004683150506 -17.453230979782 -0.063378849651 0.997961710012 -0.007452970352 0.284299555236 -0.005146233132 0.007141074868 0.999961259917 -0.070275724113 -0.000000000000 0.000000000000 -0.000000000000 1.000000000000 -9.220303067889 -0.318376921887 -0.142001717380 0.026486813642 -0.007124845634 -0.037635140110
0.000000000000 2200000000 0.998173522314 0.060212398678 0.004907789494 -17.455445501533 -0.060193034263 0.998178731396 -0.004002351283 0.264387642965 -0.005139842262 0.003699626337 0.999979947192 -0.065260567243 -0.000000000000 0.000000000000 -0.000000000000 1.000000000000 -9.178119556345 -0.455073963736 -0.129324656056 0.036915537007 -0.004257550023 -0.048354248860
0.000000000000 2300000000 0.997872986952 0.065035885102 0.004453713135 -18.371848847469 -0.065000299416 0.997855409183 -0.007716439643 0.305777273739 -0.004946007225 0.007410533988 0.999960309712 -0.084768853256 -0.000000000000 0.000000000000 -0.000000000000 1.000000000000 -9.178119556345 -0.455073963736 -0.129324656056 0.036915537007 -0.004257550023 -0.048354248860
0.000000000000 2300000000 0.998044465431 0.062302038254 0.005069620463 -18.348355699883 -0.062266221576 0.998035445241 -0.006940294887 0.273121351362 -0.005492055433 0.006611056790 0.999963064946 -0.078056827970 -0.000000000000 0.000000000000 -0.000000000000 1.000000000000 -9.276446695086 -0.311010722360 0.013856750719 -0.018381686674 0.005077073911 -0.031430636219
0.000000000000 2400000000 0.997840925624 0.065441514188 0.005558360394 -19.275135872545 -0.065413275642 0.997845128449 -0.005118886564 0.301012838514 -0.005881370529 0.004744243947 0.999971450407 -0.067647515194 -0.000000000000 0.000000000000 -0.000000000000 1.000000000000 -9.276446695086 -0.311010722360 0.013856750719 -0.018381686674 0.005077073911 -0.031430636219
0.000000000000 2400000000 0.997955872492 0.063571457427 0.006538070022 -19.273267105329 -0.063547548270 0.997971569443 -0.003802064266 0.309605882538 -0.006766510768 0.003378814042 0.999971398565 -0.053338141544 -0.000000000000 0.000000000000 -0.000000000000 1.000000000000 -9.454169653856 -0.476326221867 -0.037353943064 0.012575817593 -0.011079660000 -0.026251597995
0.000000000000 2500000000 0.997792551561 0.066186585519 0.005418481972 -20.217793257538 -0.066159264122 0.997796168084 -0.005075305671 0.313891267671 -0.005742457702 0.004705619415 0.999972440283 -0.078559129416 -0.000000000000 0.000000000000 -0.000000000000 1.000000000000 -9.454169653856 -0.476326221867 -0.037353943064 0.012575817593 -0.011079660000 -0.026251597995
0.000000000000 2500000000 0.997866183939 0.065017198869 0.005986885941 -20.212792842982 -0.064994316390 0.997877853216 -0.003940672263 0.331311903192 -0.006230392362 0.003543150034 0.999974313820 -0.077473589157 -0.000000000000 0.000000000000 -0.000000000000 1.000000000000 -9.258197864551 -0.197564995323 0.126355398532 0.020413329145 -0.032823808250 -0.015348635152
0.000000000000 2600000000 0.997780553891 0.066533395345 0.002696957871 -21.137751966383 -0.066516328889 0.997767364856 -0.005988624155 0.343502454667 -0.003089380047 0.005795940990 0.999978431167 -0.132013721147 -0.000000000000 0.000000000000 -0.000000000000 1.000000000000 -9.258197864551 -0.197564995323 0.126355398532 0.020413329145 -0.032823808250 -0.015348635152
0.000000000000 2600000000 0.997940489919 0.064084491981 0.002820720989 -21.137148977599 -0.064065758103 0.997925826576 -0.006294703385 0.305026556400 -0.003218263193 0.006101027752 0.999976209838 -0.148753766936 -0.000000000000 0.000000000000 -0.000000000000 1.000000000000 -9.255008112320 -0.415827869818 0.079694240519 0.004393752658 -0.037602358076 -0.028408711843
0.000000000000 2700000000 0.997759562278 0.066894979078 -0.000957943909 -22.061059949433 -0.066899930736 0.997736947265 -0.006736715119 0.324885414563 0.000505123615 0.006785708309 0.999976849238 -0.221863886132 -0.000000000000 -0.000000000000 -0.000000000000 1.000000000000 -9.255008112320 -0.415827869818 0.079694240519 0.004393752658 -0.037602358076 -0.028408711843
0.000000000000 2700000000 0.997964792646 0.063757422259 -0.001124164478 -22.076126245475 -0.063764174829 0.997935726559 -0.007643014183 0.307078138942 0.000634545012 0.007699140485 0.999970159849 -0.244725311462 -0.000000000000 -0.000000000000 -0.000000000000 1.000000000000 -9.198686531077 -0.424906858744 0.094338307348 -0.010417295231 -0.031003924893 -0.019364094304
0.000000000000 2800000000 0.997832582276 0.065667152807 -0.004238253210 -22.994547522605 -0.065694209941 0.997818000409 -0.006596123034 0.307938787245 0.003795856724 0.006860255176 0.999969263713 -0.305480110794 -0.000000000000 -0.000000000000 -0.000000000000 1.000000000000 -9.198686531077 -0.424906858744 0.094338307348 -0.010417295231 -0.031003924893 -0.019364094304
0.000000000000 2800000000 0.998020172874 0.062761568400 -0.004089018054 -23.013407707511 -0.062787565029 0.998005263066 -0.006573931091 0.283027416644 0.003668271313 0.006817655331 0.999970031232 -0.318140645100 -0.000000000000 -0.000000000000 -0.000000000000 1.000000000000 -9.282385247444 -0.277638553313 0.130495687338 -0.007195167292 -0.029359400633 -0.007262842427
0.000000000000 2900000000 0.997959171604 0.063467155390 -0.007029366900 -23.940428995723 -0.063508679948 0.997964137816 -0.005850402052 0.272065567710 0.006643747702 0.006284888198 0.999958179524 -0.374217601244 -0.000000000000 -0.000000000000 -0.000000000000 1.000000000000 -9.282385247444 -0.277638553313 0.130495687338 -0.007195167292 -0.029359400633 -0.007262842427
0.000000000000 2900000000 0.998043711649 0.062193488114 -0.006381196914 -23.950170896783 -0.062224451485 0.998050763218 -0.004774062985 0.256504773154 0.006071842821 0.005161790019 0.999968243820 -0.375960491668 -0.000000000000 -0.000000000000 -0.000000000000 1.000000000000 -9.569235879199 -0.299318972609 0.063532700078 0.016115185066 0.003133267543 0.016630390947
0.000000000000 3000000000 0.998147659012 0.060535479345 -0.006058593051 -24.907578662740 -0.060574031764 0.998143215942 -0.006395869300 0.186541003291 0.005660166538 0.006751015377 0.999961192400 -0.361595793294 -0.000000000000 -0.000000000000 -0.000000000000 1.000000000000 -9.569235879199 -0.299318972609 0.063532700078 0.016115185066 0.003133267543 0.016630390947
0.000000000000 3000000000 0.998134343310 0.060828866286 -0.005261343195 -24.903995317607 -0.060858871602 0.998129851859 -0.005744264483 0.224140975905 0.004902086608 0.006053747068 0.999969660386 -0.353434195247 -0.000000000000 -0.000000000000 -0.000000000000 1.000000000000 -9.426859756607 -0.168899579907 -0.053832090065 -0.015354043586 0.028232045671 0.006867825324
0.000000000000 3100000000 0.998185895734 0.060158037028 -0.002434776881 -25.847728681751 -0.060167917426 0.998179385028 -0.004211533901 0.189330917718 0.002176986477 0.004350389194 0.999988167352 -0.287493598588 -0.000000000000 -0.000000000000 -0.000000000000 1.000000000000 -9.426859756607 -0.168899579907 -0.053832090065 -0.015354043586 0.028232045671 0.006867825324
0.000000000000 3100000000 0.998271201985 0.058768895687 -0.000907847136 -25.845282822075 -0.058772741191 0.998258665030 -0.005040097770 0.160536828532 0.000610065290 0.005084741124 0.999986886528 -0.248966921219 -0.000000000000 -0.000000000000 -0.000000000000 1.000000000000 -9.294871716228 -0.327761771786 -0.106378546599 -0.007430954642 0.029161768943 -0.013435256123
0.000000000000 3200000000 0.998188936826 0.060123525320 0.002002024068 -26.775183337537 -0.060114501904 0.998182235888 -0.004297745710 0.162948481287 -0.002256780483 0.004169611541 0.999988760578 -0.182999544384 -0.000000000000 0.000000000000 -0.000000000000 1.000000000000 -9.294871716228 -0.327761771786 -0.106378546599 -0.007430954642 0.029161768943 -0.013435256123
0.000000000000 3200000000 0.998360822301 0.057130804728 0.003426316522 -26.805082938123 -0.057112440381 0.998354014293 -0.005237489759 0.106432465138 -0.003719898859 0.005033219285 0.999980414336 -0.141910191697 -0.000000000000 0.000000000000 -0.000000000000 1.000000000000 -9.625211076486 -0.447643759321 0.002781114140 -0.005364540132 0.005630076843 -0.016569275446
0.000000000000 3300000000 0.998262575137 0.058787601803 0.003981074698 -27.767503140663 -0.058768708971 0.998260527757 -0.004707182704 0.106807528406 -0.004250873711 0.004465041707 0.999980996557 -0.126326812249 -0.000000000000 0.000000000000 -0.000000000000 1.000000000000 -9.625211076486 -0.447643759321 0.002781114140 -0.005364540132 0.005630076843 -0.016569275446
0.000000000000 3300000000 0.998364783596 0.056977226556 0.004621096083 -27.774775794568 -0.056956833214 0.998366809656 -0.004430860855 0.106816988483 -0.004866007117 0.004160412440 0.999979506262 -0.123458121392 -0.000000000000 0.000000000000 -0.000000000000 1.000000000000 -9.773276505049 -0.239443481500 0.161553862298 0.005824999683 -0.034478469475 -0.011058135029
0.000000000000 3400000000 0.998312091565 0.058065509764 0.001168079925 -28.751416607190 -0.058058968887 0.998300551103 -0.005016552522 0.114221788837 -0.001457383512 0.004940267524 0.999986734807 -0.204685325125 -0.000000000000 0.000000000000 -0.000000000000 1.000000000000 -9.773276505049 -0.239443481500 0.161553862298 0.005824999683 -0.034478469475 -0.011058135029
0.000000000000 3400000000 0.998384836398 0.056807246135 0.000809467572 -28.758356159710 -0.056805753481 0.998383696386 -0.001761011666 0.117800269140 -0.000908197450 0.001712184929 0.999998121798 -0.230992657691 -0.000000000000 0.000000000000 -0.000000000000 1.000000000000 -9.848380412126 -0.425255607586 0.159513981684 0.037870952982 -0.046059344270 -0.015721611337
0.000000000000 3500000000 0.998288386379 0.058359584764 -0.003802168763 -29.741670989956 -0.058380159132 0.998279020118 -0.005545720092 0.122357923943 0.003471979385 0.005758199180 0.999977393995 -0.349310994273 -0.000000000000 -0.000000000000 -0.000000000000 1.000000000000 -9.848380412126 -0.425255607586 0.159513981684 0.037870952982 -0.046059344270 -0.015721611337
0.000000000000 3500000000 0.998338106393 0.057452714355 -0.004495657642 -29.741260565382 -0.057462397384 0.998345556179 -0.002055077647 0.100196469883 0.004370150040 0.002309993592 0.999987782784 -0.400492364399 -0.000000000000 -0.000000000000 -0.000000000000 1.000000000000 -9.832754675316 -0.147893908044 0.149556509304 -0.061994466275 -0.018699494322 -0.013470724528
0.000000000000 3600000000 0.998249562988 0.058798872594 -0.006364163401 -30.723597357776 -0.058773180489 0.998262729771 0.004151578732 0.123519529856 0.006597215279 -0.003770269531 0.999971130492 -0.442762753500 -0.000000000000 0.000000000000 -0.000000000000 1.000000000000 -9.832754675316 -0.147893908044 0.149556509304 -0.061994466275 -0.018699494322 -0.013470724528
0.000000000000 3600000000 0.998279031995 0.058361803645 -0.005733598787 -30.719799680763 -0.058302780217 0.998249136853 0.009972291154 0.121922439049 0.006305560938 -0.009620844410 0.999933837438 -0.431718106670 -0.000000000000 0.000000000000 -0.000000000000 1.000000000000 -9.700979924805 0.106057897925 -0.157981821678 -0.033665412018 0.019897532764 -0.018212601790
0.000000000000 3700000000 0.998181977081 0.060157141119 -0.003722768323 -31.690429513908 -0.060102600426 0.998102965790 0.013347175866 0.187984062640 0.004518634046 -0.013099162337 0.999903992337 -0.385946892110 -0.000000000000 0.000000000000 -0.000000000000 1.000000000000 -9.700979924805 0.106057897925 -0.157981821678 -0.033665412018 0.019897532764 -0.018212601790
0.000000000000 3700000000 0.998211138600 0.059729067317 -0.002638426254 -31.699604298546 -0.059688336835 0.998126005722 0.013482549748 0.174799916636 0.003438781980 -0.013300948060 0.999905625326 -0.346979692624 -0.000000000000 0.000000000000 -0.000000000000 1.000000000000 -9.891714970451 -0.243083371607 -0.078711136821 0.010058546719 0.024543616295 -0.015242525132
0.000000000000 3800000000 0.998124356183 0.061218808693 -0.000164488165 -32.689255002534 -0.061211993951 0.998046776672 0.012478917099 0.199877387905 0.000928111321 -0.012445442447 0.999922121753 -0.275645674832 -0.000000000000 0.000000000000 -0.000000000000 1.000000000000 -9.891714970451 -0.243083371607 -0.078711136821 0.010058546719 0.024543616295 -0.015242525132
0.000000000000 3800000000 0.998134939005 0.061026364215 0.001557693116 -32.684436510945 -0.061043415266 0.998009266809 0.015849442138 0.227670536692 -0.000587358336 -0.015914968869 0.999873176346 -0.218439272007 -0.000000000000 0.000000000000 -0.000000000000 1.000000000000 -9.911662647573 -0.212358602109 -0.097594556854 0.070025711688 0.019595232009 -0.025788825688
0.000000000000 3900000000 0.997970716958 0.063575572708 0.003548894165 -33.675303939542 -0.063604800399 0.997936004290 0.008840854488 0.293332909549 -0.002979506876 -0.009048640596 0.999954621291 -0.161359032322 -0.000000000000 0.000000000000 -0.000000000000 1.000000000000 -9.911662647573 -0.212358602109 -0.097594556854 0.070025711688 0.019595232009 -0.025788825688
0.000000000000 3900000000 0.998009621024 0.062924232113 0.004163815191 -33.665426598260 -0.062970377555 0.997942314847 0.012077573765 0.272217779845 -0.003395275316 -0.012315731830 0.999918394098 -0.144360505594 -0.000000000000 0.000000000000 -0.000000000000 1.000000000000 -9.933780726873 -0.133349831479 0.077961450934 0.025776223327 -0.012649058844 -0.021361293731
0.000000000000 4000000000 0.997876439754 0.065069752798 0.002922029076 -34.657955036408 -0.065094777657 0.997833934796 0.009492549278 0.332273128997 -0.002298021935 -0.009662600110 0.999950675411 -0.178997102339 -0.000000000000 0.000000000000 -0.000000000000 1.000000000000 -9.933780726873 -0.133349831479 0.077961450934 0.025776223327 -0.012649058844 -0.021361293731
0.000000000000 4000000000 0.997974772865 0.063509273073 0.003595129990 -34.668495386621 -0.063545308445 0.997918327951 0.011000205190 0.313757769881 -0.002889031073 -0.011206380920 0.999933033021 -0.182606220302 -0.000000000000 0.000000000000 -0.000000000000 1.000000000000 -9.928498695375 -0.436045470944 0.147948154276 0.035697375594 -0.028746621031 -0.025833948999
0.000000000000 4099999000 0.997811801648 0.066113949842 0.000744397404 -35.659826672229 -0.066117660747 0.997784207114 0.007425023250 0.361799142308 -0.000251850359 -0.007457993641 0.999972157063 -0.267691646053 -0.000000000000 0.000000000000 -0.000000000000 1.000000000000 -9.928498695375 -0.436045470944 0.147948154276 0.035697375594 -0.028746621031 -0.025833948999
0.000000000000 4099999000 0.997873066978 0.065185800707 0.000391900079 -35.692284437747 -0.065186583633 0.997828052923 0.009480828773 0.360913992658 0.000226966522 -0.009486210312 0.999954979137 -0.292825581718 -0.000000000000 0.000000000000 -0.000000000000 1.000000000000 -10.019888504177 -0.545452997564 0.106613100295 0.034222045042 -0.016130405114 -0.014711331250
0.000000000000 4200000000 0.997774604348 0.066666150636 -0.001209660104 -36.693233083959 -0.066657662127 0.997757505905 0.006059330787 0.360694256971 0.001610899707 -0.005965213264 0.999980910434 -0.339310387630 -0.000000000000 0.000000000000 -0.000000000000 1.000000000000 -10.019888504177 -0.545452997564 0.106613100295 0.034222045042 -0.016130405114 -0.014711331250
0.000000000000 4200000000 0.997824036321 0.065925986726 -0.000978169189 -36.695975274767 -0.065918123832 0.997803129326 0.006611811911 0.379999729418 0.001411910502 -0.006532945771 0.999977663315 -0.357012857903 -0.000000000000 0.000000000000 -0.000000000000 1.000000000000 -9.992828550460 -0.613804831396 0.050629570130 -0.000212913528 -0.022253484954 -0.026583061764
0.000000000000 4300000000 0.997639666306 0.068592612965 -0.003185853001 -37.693318197036 -0.068570349518 0.997624195607 0.006638637387 0.417485641118 0.003633645522 -0.006404512934 0.999972889050 -0.434729487662 -0.000000000000 0.000000000000 -0.000000000000 1.000000000000 -9.992828550460 -0.613804831396 0.050629570130 -0.000212913528 -0.022253484954 -0.026583061764
0.000000000000 4300000000 0.997722497337 0.067355964260 -0.003604495269 -37.696029835582 -0.067342328966 0.997722770729 0.003779351514 0.411883270508 0.003850848872 -0.003528008925 0.999986361965 -0.468212955817 -0.000000000000 0.000000000000 -0.000000000000 1.000000000000 -10.147303036572 -0.308905410597 0.113012101487 -0.056152302432 -0.018665955175 -0.015950515770
0.000000000000 4400000000 0.997604552606 0.068958968811 -0.005460516535 -38.709149726235 -0.068905732775 0.997578873796 0.009401624699 0.439124499898 0.006095622280 -0.009002842709 0.999940894359 -0.530609263445 -0.000000000000 0.000000000000 -0.000000000000 1.000000000000 -10.147303036572 -0.308905410597 0.113012101487 -0.056152302432 -0.018665955175 -0.015950515770
0.000000000000 4400000000 0.997657287884 0.068171100735 -0.005712876381 -38.693248558191 -0.068127372397 0.997648227508 0.007528298570 0.441101046714 0.006212653396 -0.007121458677 0.999955342885 -0.561055569416 -0.000000000000 0.000000000000 -0.000000000000 1.000000000000 -10.549471646876 -0.207169334541 0.138712806326 0.045040150035 -0.035094700559 0.000956389796
0.000000000000 4500000000 0.997636391941 0.068092373205 -0.009222699557 -39.746055189388 -0.068067134250 0.997676160930 0.003023763755 0.419433126588 0.009407162738 -0.002388854034 0.999952898224 -0.682886847039 -0.000000000000 0.000000000000 -0.000000000000 1.000000000000 -10.549471646876 -0.207169334541 0.138712806326 0.045040150035 -0.035094700559 0.000956389796
0.000000000000 4500000000 0.997614654575 0.068391516752 -0.009359562695 -39.709871007967 -0.068355646137 0.997652590321 0.004100569209 0.434126773339 0.009618036114 -0.003451008980 0.999947790596 -0.702330993205 -0.000000000000 0.000000000000 -0.000000000000 1.000000000000 -10.573222748623 -0.205768639055 -0.002234077455 0.038039180358 -0.006778011964 -0.004074068630
0.000000000000 4600000000 0.997580055702 0.068799000500 -0.010036433392 -40.766531972490 -0.068799450827 0.997630465197 0.000300792605 0.432663772931 0.010033345944 0.000390436402 0.999949588494 -0.728179470555 -0.000000000000 0.000000000000 -0.000000000000 1.000000000000 -10.573222748623 -0.205768639055 -0.002234077455 0.038039180358 -0.006778011964 -0.004074068630
0.000000000000 4600000000 0.997635441363 0.068053695738 -0.009603157472 -40.725396932946 -0.068050657041 0.997681659828 0.000643210259 0.420761185372 0.009624666921 0.000011811825 0.999953681751 -0.725881799272 -0.000000000000 0.000000000000 -0.000000000000 1.000000000000 -10.311316960036 -0.197049981347 -0.011175164466 -0.013255134463 0.001061226536 -0.012755867939
0.000000000000 4700000000 0.997548853955 0.069326199912 -0.009495366138 -41.756048570953 -0.069310424970 0.997593174220 0.001980843120 0.452701915814 0.009609836772 -0.001317859922 0.999952956035 -0.723201488354 -0.000000000000 0.000000000000 -0.000000000000 1.000000000000 -10.311316960036 -0.197049981347 -0.011175164466 -0.013255134463 0.001061226536 -0.012755867939
0.000000000000 4700000000 0.997603383717 0.068669180248 -0.008487195091 -41.730977116026 -0.068631713623 0.997631320438 0.004629942358 0.443103359739 0.008785025992 -0.004036355420 0.999953264484 -0.686124940812 -0.000000000000 0.000000000000 -0.000000000000 1.000000000000 -10.192142941222 -0.481603045536 -0.035628763927 0.032732031736 0.011743019974 -0.002956934422
0.000000000000 4800000000 0.997592538459 0.068961301713 -0.007312050107 -42.750843316212 -0.068953166532 0.997618972062 0.001359193482 0.409601905374 0.007388371663 -0.000851732267 0.999972342876 -0.638688728600 -0.000000000000 0.000000000000 -0.000000000000 1.000000000000 -10.192142941222 -0.481603045536 -0.035628763927 0.032732031736 0.011743019974 -0.002956934422
0.000000000000 4800000000 0.997618046709 0.068711446157 -0.006080299993 -42.721019411315 -0.068707863286 0.997636504547 0.000796441191 0.442011396791 0.006120653857 -0.000376779685 0.999981197640 -0.596096775244 -0.000000000000 0.000000000000 -0.000000000000 1.000000000000 -10.131924968218 -0.365528304136 -0.073265037996 0.017262369819 0.003903370885 0.000443662101
0.000000000000 4900000000 0.997623384236 0.068667368553 -0.005689966752 -43.734461371553 -0.068673729875 0.997638739161 -0.000930026769 0.404560896473 0.005612668766 0.001318567692 0.999983379526 -0.585819187310 -0.000000000000 -0.000000000000 -0.000000000000 1.000000000000 -10.131924968218 -0.365528304136 -0.073265037996 0.017262369819 0.003903370885 0.000443662101
0.000000000000 4900000000 0.997612118629 0.068846734132 -0.005494357413 -43.710825427632 -0.068847565587 0.997627190526 0.000037890011 0.430852535798 0.005483928953 0.000340473599 0.999984905187 -0.572407416266 -0.000000000000 0.000000000000 -0.000000000000 1.000000000000 -10.217231185102 -0.548860853846 -0.196346011612 -0.000817521640 -0.005277797132 -0.014394519132
0.000000000000 5000000000 0.997508947960 0.070282530869 -0.006022009115 -44.731608823691 -0.070283036211 0.997527081565 0.000127929462 0.439572220319 0.006016108384 0.000295634302 0.999981859356 -0.615416649836 -0.000000000000 0.000000000000 -0.000000000000 1.000000000000 -10.217231185102 -0.548860853846 -0.196346011612 -0.000817521640 -0.005277797132 -0.014394519132
0.000000000000 5000000000 0.997528439697 0.069974443491 -0.006370969530 -44.704971785863 -0.069957731015 0.997545999924 0.002809609674 0.459651867144 0.006551936044 -0.002356966981 0.999975758127 -0.624871591706 -0.000000000000 0.000000000000 -0.000000000000 1.000000000000 -10.399523930088 -0.172193042355 -0.123859145059 0.010365232355 -0.006639464505 -0.008753422270
0.000000000000 5100000000 0.997462271699 0.070848817780 -0.007032891031 -45.744083050907 -0.070837977641 0.997486248606 0.001778978926 0.482688869095 0.007141250645 -0.001276268583 0.999973686493 -0.666795876610 -0.000000000000 0.000000000000 -0.000000000000 1.000000000000 -10.399523930088 -0.172193042355 -0.123859145059 0.010365232355 -0.006639464505 -0.008753422270
0.000000000000 5100000000 0.997359918307 0.072271465193 -0.007073095048 -45.706524124489 -0.072249291024 0.997381005295 0.003342188293 0.557459962054 0.007296115494 -0.002822338540 0.999969400084 -0.668589128478 -0.000000000000 0.000000000000 -0.000000000000 1.000000000000 -10.214033543157 0.351339683453 0.000838200463 0.043790846926 -0.008664222727 0.016940073048
0.000000000000 5200000000 0.997474345908 0.070582312844 -0.007941433743 -46.728242539603 -0.070592813649 0.997504663269 -0.001049484853 0.517311092653 0.007847542123 0.001607442370 0.999967915591 -0.706195257749 -0.000000000000 -0.000000000000 -0.000000000000 1.000000000000 -10.214033543157 0.351339683453 0.000838200463 0.043790846926 -0.008664222727 0.016940073048
0.000000000000 5200000000 0.997416311967 0.071484886017 -0.007114189557 -46.707106475452 -0.071464805650 0.997438494838 0.003038185111 0.537711600845 0.007313150840 -0.002521921214 0.999970078421 -0.679600182207 -0.000000000000 0.000000000000 -0.000000000000 1.000000000000 -10.038508716158 -0.310742260053 -0.320113891914 0.057303018821 0.042991905628 -0.009133117408
0.000000000000 5300000000 0.997371950228 0.072396610644 -0.002814900765 -47.713008302912 -0.072404181242 0.997371752097 -0.002687500051 0.553152590230 0.002612936613 0.002884247752 0.999992426810 -0.505520736819 -0.000000000000 -0.000000000000 -0.000000000000 1.000000000000 -10.038508716158 -0.310742260053 -0.320113891914 0.057303018821 0.042991905628 -0.009133117408
0.000000000000 5300000000 0.997379102641 0.072332887673 -0.001696754245 -47.661468723440 -0.072334612186 0.997379941404 -0.000977939275 0.560472841777 0.001621571477 0.001098110257 0.999998082328 -0.432804750651 -0.000000000000 -0.000000000000 -0.000000000000 1.000000000000 -9.911910114003 -0.142365187152 -0.175544933864 0.008794371377 0.019559010461 0.001172918031
0.000000000000 5400000000 0.997388781774 0.072218770060 0.000259310243 -48.653495745753 -0.072218167504 0.997387129517 -0.001857459434 0.540934697559 -0.000392776134 0.001833882292 0.999998241300 -0.355683626355 -0.000000000000 0.000000000000 -0.000000000000 1.000000000000 -9.911910114003 -0.142365187152 -0.175544933864 0.008794371377 0.019559010461 0.001172918031
