0.9999727208254474142 0.007386311999347235611 0 -0 -0.007386311999347235611 0.9999727208254474142 -0 0 -0 0 1 0.4949999999999998845
0.9999657786146822769 0.008272943546030527701 2.617040534716518265e-06 0.003750339231816277649 -0.00827294355454066474 0.9999657786127293946 3.257887113496633967e-06 0.0009714191490662778261 -2.589998659789540676e-06 -3.279426252710087454e-06 0.999999999991268429 0.4949862900238345409
0.9999206297359252149 0.01259897735345499002 -6.248915113495478998e-07 0.01382879952466530872 -0.01259897734592679147 0.9999206296772138458 1.086248655553518105e-05 0.004837643324773130242 7.616981356238094403e-07 -1.085375140311361863e-05 0.9999999999408076823 0.4949919447380232151
0.9999097173286966012 0.01343715720788598092 -2.21458097766294486e-07 0.002359045474346213069 -0.0134371572080377831 0.9999097173284748896 -6.989610280451847378e-07 0.002274027165113385283 2.120460547215700853e-07 7.018736912511142128e-07 0.999999999999730993 0.4949815444999622893
0.9999061767906747278 0.01369808804167271105 -1.446085322044728764e-06 -0.004979576948449363633 -0.01369808801976440775 0.9999061766911124804 1.420553391748173801e-05 0.01527283495146605947 1.640538299815337314e-06 -1.418439250467398581e-05 0.9999999998980555471 0.4950067693577749894
0.9999054506711793078 0.01375098972408147179 -1.380792896893286917e-06 -0.01097832970486258344 -0.01375098970701564213 0.9999054506040374601 1.168960647736936857e-05 0.02547326900575795985 1.541406002307630653e-06 -1.166951396401008062e-05 0.9999999999307230825 0.4949987988242267045
0.9999321594408759895 0.01164802615878086055 2.177938647148933004e-06 0.008841671412775383918 -0.01164802615494859445 0.9999321594417364123 -1.764056786173668564e-06 0.01677155984512284162 -2.198338674166163814e-06 1.738568425249116295e-06 0.999999999996072142 0.4949796417999188791
0.9999587281085072776 0.009085267183372052954 1.433762510189014868e-06 0.009363487750520264191 -0.009085267185817338248 0.9999587281080536405 1.708321713942480544e-06 0.01828676149122786601 -1.418182776891294041e-06 -1.721277323760144674e-06 0.9999999999975127674 0.4949824671560881795
0.9998978787765222531 0.01429097675731032246 -1.940515170044420172e-06 -0.003646577704876467763 -0.01429097672351861692 0.9998978786438242894 1.643473223343781258e-05 0.03814155301290267364 2.175185378364325441e-06 -1.640532204134785959e-05 0.9999999998630667575 0.4950097351965172532
0.999878616851883617 0.01558048654850118127 -1.873153491923641862e-06 -0.01577978788429356891 -0.01558048653320105725 0.9998786168224889082 7.922608323758130043e-06 0.04307820639846505345 1.996364215018221327e-06 -7.892462009862955441e-06 0.9999999999668616191 0.4949835276069404766
0.9998860407662331085 0.01509653874749008334 9.512990869169481799e-07 -0.009992564266874394766 -0.01509653874581831992 0.9998860407651957161 -1.74066244019194617e-06 0.03631562615122213566 -9.774686555755670091e-07 1.726102752109525921e-06 0.9999999999980323517 0.4949703484359758154
0.9998683824842520274 0.01622398565287130889 3.058952530325782554e-07 -0.02075734624432871989 -0.01622398565315226471 0.9998683824838527912 9.395843379008655004e-07 0.03292868253976578841 -2.906111890414162101e-07 -9.444235123410404158e-07 0.9999999999995116129 0.4949786269698369656
0.9998678587686952168 0.01625622964115915406 -1.179365634306802689e-06 -0.0165383012181940306 -0.01625622962502936558 0.9998678586903297916 1.259466000787560439e-05 0.04728343766124005337 1.383951476727631327e-06 -1.257382369543114558e-05 0.9999999999199915557 0.4950014526181801822
0.9999096498921834497 0.01344217440714098356 1.389830902415595963e-06 -0.0044268026616947646 -0.01344217440265140992 0.9999096498881190342 -3.190684636731003373e-06 0.02941520116699309836 -1.432595070403204796e-06 3.17171400864959597e-06 0.9999999999939437334 0.4949713459485039491
0.9998999395218903796 0.01414605762396431606 2.284802395471978276e-07 -0.01157964923076678157 -0.01414605762424362215 0.9998999395211045638 1.271069714793799501e-06 0.02424740313757683952 -2.104767522754810678e-07 -1.274174625585059185e-06 0.9999999999991658894 0.4949831480531837191
0.9999112186657606038 0.01332496859240993661 -7.727624635786534498e-07 -0.02426495864472784023 -0.01332496858919412705 0.9999112186579927064 4.02710115959484204e-06 0.01880631276988468242 8.263548531600949045e-07 -4.016446592626693229e-06 0.9999999999915923921 0.494989080193651787
0.9999420447341715867 0.01076601933558552979 1.656028610629049786e-06 0.001558775901582618766 -0.01076601933436266076 0.999942044735278146 -7.45573270347730982e-07 0.007220996183543778625 -1.663959491297193353e-06 7.277012244103643062e-07 0.9999999999983506527 0.4949821692850828181
0.9999129145657914552 0.01319709382876465067 -1.11881080627363358e-06 -0.01575054975582722283 -0.01319709382100462541 0.9999129145442021693 6.68067461695362916e-06 0.009388111547980259458 1.206878863883991876e-06 -6.665327776325460884e-06 0.9999999999770582404 0.4949929652091779042
0.9999035804932615568 0.01388631405599130043 -9.625177592248495968e-07 -0.009942776153927548183 -0.01388631404513841761 0.9999035804388556326 1.048948432567758475e-05 0.01642812606244375626 1.108085227316571485e-06 -1.04751071108943563e-05 0.9999999999445219334 0.4949983083819250451
0.9999238436610301539 0.01234126737125871773 2.353617912613816584e-07 0.004190529159500680154 -0.01234126737267961064 0.9999238436327767543 7.51815935115097251e-06 0.01934113953996923971 -1.425602522699470329e-07 -7.520491458454271783e-06 0.9999999999717107402 0.4949941511252869408
0.9999234917416082169 0.01236974799553558491 -1.717158185446764126e-07 -0.003083931898018523951 -0.01236974799465897883 0.9999234917319230753 4.406789636940176911e-06 0.02150664320171080668 2.262135581430690012e-07 -4.404328399737862803e-06 0.9999999999902751124 0.4949856023892465484
0.9999113779724021489 0.01331300880718777266 -2.531909664291809697e-07 -0.0006366874437662527328 -0.01331300880584799888 0.9999113779613577613 4.71027626531627301e-06 0.0245072556852715534 3.158764775339848948e-07 -4.706488097517465217e-06 0.999999999988874344 0.4949887195672497131
0.9999130048383748637 0.01319025234164621085 -6.98785151836980478e-07 0.01886775565568269905 -0.01319025233946661928 0.9999130048340360011 3.036911552271304302e-06 0.02629130597014992313 7.387819906204184087e-07 -3.027430203176177764e-06 0.9999999999951442176 0.4949825656562226728
0.9999338812037910085 0.01149927041089277013 1.7241113050499639e-06 0.07985278849003349388 -0.01149927039833134428 0.9999338811800250193 -7.126733974506319544e-06 0.009724564228402895333 -1.80594954996416744e-06 7.106436741341472468e-06 0.9999999999731182809 0.4949723475911257942
0.9999585428442659962 0.009105635333762851502 4.16055079502666168e-07 0.1564814406411201841 -0.009105635335023313723 0.9999585428394256459 3.13542149886881687e-06 0.0117383108558000715 -3.874878262541885385e-07 -3.139079959044670802e-06 0.9999999999949977791 0.4949895779605740231
0.999987270031418185 0.005045768180343962808 9.02358010247137396e-07 0.2660512777310483634 -0.00504576818336054285 0.9999872700261228653 3.372589235042683821e-06 0.008963257484349028414 -8.853292198058065036e-07 -3.377099391425758404e-06 0.9999999999939054307 0.4949891383374486198
0.9999979692871138193 -0.002015297448988348332 2.705351488077702316e-07 0.4341467454297965323 0.002015297446911907316 0.9999979692592694258 7.467956576392309594e-06 0.01506968973053720955 -2.8558475325855239e-07 -7.467396202321967657e-06 0.999999999972078002 0.4949954100248390998
0.9999409035517983213 -0.01087149512454614782 5.10103632192278545e-08 0.6949735215318164627 0.01087149512340171778 0.999940903496073008 1.055801220134899205e-05 0.02924643079012176697 -1.657887268569490711e-07 -1.055683370141284433e-05 0.9999999999442626963 0.4949968685457660222
0.9997735608131717022 -0.02127973450526166738 7.545626883394315244e-07 1.041776363437499242 0.0212797344995724301 0.9997735607898938781 6.881626794510546459e-06 0.04357797027419598596 -9.008310169117815024e-07 -6.86401163086399806e-06 0.9999999999760367242 0.4949893607125134265
0.9993670783632568888 -0.03557306123021952704 7.947636252463711514e-07 1.479057096182112119 0.03557306122545126487 0.9993670783493071585 5.371455249870884471e-06 0.06850453915696019802 -9.853397086398211138e-07 -5.339783364521792096e-06 0.9999999999852576815 0.4949893172363323268
0.9988162014941844857 -0.04864355694528078172 1.634756185030446163e-06 1.991170868365314872 0.04864355694969855343 0.9988162014914355735 -2.780986444834551587e-06 0.09358318865027386024 -1.497543890603376962e-06 2.857214672821864429e-06 0.9999999999947966067 0.4949751398140179726
0.9983190664537925363 -0.05795723902144463147 1.439420374894357037e-06 2.566701745584957894 0.05795723902285938867 0.9983190664542851422 -9.613599644506004073e-07 0.1339295524629693368 -1.381283035654501712e-06 1.043168812958500122e-06 0.999999999998501754 0.4949831359336736014
0.9978519113518709016 -0.06551002220542753718 2.072418441305465208e-06 3.235770102101274137 0.0655100222023652784 0.997851911353077492 1.51260641266253064e-06 0.1853819277806771637 -2.167057582461619451e-06 -1.373593021895890926e-06 0.9999999999967082998 0.4949822255006665617
0.9975228006381831047 -0.0703438853464381092 1.885552120585658016e-06 3.942933184386173906 0.07034388535295031664 0.9975228006328495933 -3.644143482446338874e-06 0.2349611586048177825 -1.624538020750639676e-06 3.767753274734744189e-06 0.999999999991582178 0.4949722184867887953
0.9974589362407805249 -0.07124374011290027231 3.220027523288090811e-06 4.714198440309845139 0.07124374015373416413 0.9974589361281426259 -1.514112677473134572e-05 0.2771294009503244005 -2.133134726726823654e-06 1.533205901036734071e-05 0.999999999880188617 0.4949579387872509728
0.9977454872178564971 -0.06711142015060292398 4.899405501529997403e-06 5.507969158949165944 0.06711142027040509217 0.9977454867435012753 -3.089490930911986894e-05 0.3040689154831975882 -2.814958487718742627e-06 3.11540624028676025e-05 0.9999999995107500261 0.4949275290346764611
0.9982613988209140254 -0.05894217158675329332 5.914588066701367629e-06 6.377106988792511366 0.05894217172831590218 0.9982613984483869052 -2.760530882583487033e-05 0.3383563831060275584 -4.277188105193792504e-06 2.790593286889100596e-05 0.9999999996014821146 0.4949295699829285855
0.998706291390077272 -0.05085020653908481347 5.919712669196360396e-06 7.2700752181325905 0.05085020674303916688 0.9987062905184628248 -4.189599449368166444e-05 0.3426989018599342351 -3.781634307624241651e-06 4.214281189797193918e-05 0.999999999104841053 0.4949077618199075324
0.9992162899659066122 -0.03958289807790556919 6.982548588124039637e-06 8.204570591200626595 0.03958289834227641385 0.9992162890547202636 -4.299734147556143183e-05 0.3446052188902264946 -5.275116903121494719e-06 4.324003353854142314e-05 0.9999999990512360437 0.4949220175158728363
0.9995818907053148905 -0.02891442076772445316 6.920078279049112361e-06 9.233597671737342694 0.0289144209248121814 0.9995818904415560979 -2.379286145767548668e-05 0.3574327520407507008 -6.229228120720093994e-06 2.398300349734595118e-05 0.9999999996930059032 0.4949383533003424152
0.9997878390042865826 -0.02059798425832604779 5.085778362586770789e-06 10.29684726455267807 0.02059798431220766224 0.9997878389579974989 -1.077979018038119284e-05 0.3662733389238659876 -4.862657410106434272e-06 1.088225991229086289e-05 0.9999999999289652663 0.494945565567922352
0.9998883530134329289 -0.014942606433685484 4.825464327520349795e-06 11.43133946103966458 0.01494260652953481941 0.9998883528139304033 -2.047879582649393733e-05 0.3521449794849638715 -4.518918991735588836e-06 2.054861444541983428e-05 0.999999999778666715 0.4949204469748320623
0.9999477766625582964 -0.01021978161757163168 3.678070819467066791e-06 12.60159124736921221 0.01021978175250290617 0.9999477759169207447 -3.875522267972455808e-05 0.3162821013490692557 -3.281808823263655517e-06 3.87907878336981541e-05 0.9999999992422520245 0.4948861688333415221
0.9999670711536815526 -0.008115208087850819124 2.87255066354035588e-06 13.80297778654313845 0.008115208231709237358 0.9999670696864882968 -5.422366972086276407e-05 0.2762352948859257973 -2.432419706475075698e-06 5.424519554476646172e-05 0.9999999985257708168 0.4948780093160899951
0.9999827266328710218 -0.005877620509079465282 3.907986792263210458e-06 15.07079358491382415 0.005877620717403234107 0.9999827250922800337 -5.562330935168168747e-05 0.2286223253007975409 -3.580986578323674067e-06 5.564531821397189634e-05 0.9999999984453873392 0.4948765483677901034
0.9999991168126476371 -0.001329033081837568053 6.87201941210531428e-06 16.41232645759748721 0.001329033390812929408 0.9999991158164069915 -4.515399098886180513e-05 0.188892140072025011 -6.8120021881777855e-06 4.516308425268899407e-05 0.9999999989569460235 0.4948905842355224571
0.9999999995428461297 2.969301612283685243e-05 5.904675288588775689e-06 17.81263685559246568 -2.969274474864239786e-05 0.9999999985044024653 -4.595398120746902002e-05 0.1345778733259561932 -5.906039792062259679e-06 4.595380586044487444e-05 0.9999999989266830092 0.4948789738626043766
0.9999997579288293359 0.0006957896575862597931 4.611660118664040579e-06 19.25840678278758134 -0.0006957894861100363815 0.9999997572520794575 -3.708106825394001568e-05 0.08912702640995069647 -4.637459622976012694e-06 3.707785053305840247e-05 0.9999999993018632294 0.4948808702875528431
0.9999995976293371003 -0.0008970660672382122511 3.98339773663472678e-06 20.75516088377400692 0.0008970661107447739941 0.999999597577459487 -1.093364571722935402e-05 0.06158222862625180316 -3.973587931061502963e-06 1.093721468896625283e-05 0.999999999932293715 0.4949048313681581046
0.999999002075045218 -0.001412739656486628175 4.220109387458000781e-06 22.30983931674614951 0.001412739638493188321 0.99999900207488579 4.263685064977285829e-06 0.04301800791906261467 -4.226128653078922019e-06 -4.257718894329122325e-06 0.9999999999820056162 0.4949096022675002482
0.9999935424796785322 0.003593743662976818347 2.767825159056478349e-06 23.87910775981001521 -0.003593743735277692402 0.9999935421301150429 2.657562028809068254e-05 0.03524910673167369612 -2.672301317801279013e-06 -2.658539552980837247e-05 0.9999999996430375404 0.4949396073856152101
0.9999631887324585966 0.008580277667837496111 4.169978265017031425e-06 25.48805830184071652 -0.008580277638317448247 0.999963188716580853 -7.046248539978813885e-06 -0.01480188827742912744 -4.230283531755367514e-06 7.010209587378757951e-06 0.9999999999664805905 0.494875355869588196
0.9999255710019667731 0.01220050980755479735 4.365657758707317249e-06 27.14471126230711207 -0.01220050978010282783 0.9999255709922335589 -6.260489743144511642e-06 -0.05280271879228032317 -4.441713993643526942e-06 6.206760530983967883e-06 0.99999999997087341 0.4948740423135923883
0.9998738374475757418 0.01588424200546438569 6.782568692137027496e-06 28.88322025843289609 -0.01588424181900218585 0.9998738371167041894 -2.6713037727196892e-05 -0.1124890900833284829 -7.206029339674720119e-06 2.660193158091429244e-05 0.9999999996202049157 0.4948433275133437559
0.9998721247866819706 0.01599168598443809902 7.494900810065551237e-06 30.71319916274266504 -0.0159916859043458745 0.9998721247595792061 -1.062703068792209457e-05 -0.1564859035953101996 -7.663886535530808842e-06 1.050581565446711971e-05 0.9999999999154460806 0.4948576271255989978
0.9998980833416678538 0.01427665575389155429 5.690012081502873971e-06 32.54786630043265205 -0.01427665568164949647 0.9998980832802444318 -1.254087863899253656e-05 -0.2085946390068647849 -5.868473981316488111e-06 1.245836617123701529e-05 0.9999999999051748523 0.4948354505488510857
0.9998901703696134735 0.01482049874755387783 4.163137944210781185e-06 34.40119929806245125 -0.01482049873228091091 0.9998901703717500977 -3.675816827286193984e-06 -0.2483769036364736338 -4.217158147002997596e-06 3.613713333058257442e-06 0.999999999984578114 0.4948284227488071729
0.9998723909514672936 0.01597503601236850701 6.295415606186595399e-06 36.29352661193664176 -0.01597503584719425426 0.9998723906495786684 -2.546781425520547586e-05 -0.3174079722057385755 -6.701461502173756552e-06 2.536399484167832684e-05 0.999999999655878824 0.4947875731933881749
0.9998254648966948821 0.01868260398986510903 7.382307972867518588e-06 38.24696935490123195 -0.01868260382512640025 0.9998254646896393982 -2.1787441172859258e-05 -0.3727850454926854296 -7.788065634839117088e-06 2.164571776439131544e-05 0.9999999997354042103 0.4947882926218205579
0.9997648782855680372 0.02168382129715712078 6.544356303486738974e-06 40.23984951145050815 -0.02168382113757946067 0.9997648780332634155 -2.354229820782391557e-05 -0.4444841600165381212 -7.053304568824562363e-06 2.339485625076220826e-05 0.9999999997014655806 0.4947642527755106712
0.9997640228971856891 0.02172322427944392564 7.040809103504949462e-06 42.25685082136130433 -0.02172322388639631383 0.9997640215897626303 -5.17772018003852968e-05 -0.5360828996932350821 -8.16391539183793361e-06 5.161203449381577608e-05 0.9999999986347739567 0.4947246330162093364
0.9997568673618707491 0.02205008173280813277 7.783823839354298308e-06 44.33848749530316269 -0.02205008143469732937 0.9997568667322467295 -3.650584169580343839e-05 -0.6059100618416843886 -8.58688812594580622e-06 3.632533198467377588e-05 0.9999999993033675816 0.4947307334263710832
0.9997517176845767128 0.02228234555090935834 8.106838291270644946e-06 46.49675293784887486 -0.02228234538711890492 0.9997517175257696342 -1.976247287193845623e-05 -0.6698846026667502063 -8.545179754874632647e-06 1.957692682861165439e-05 0.999999999771861714 0.4947325171156449208
0.9997227406604968225 0.0235465864014078978 8.794238859680704524e-06 48.66779227849551859 -0.02354658592618713228 0.9997227394241392506 -5.071240294991604709e-05 -0.7688298778941596856 -9.985904541633589782e-06 5.049126816160462455e-05 0.9999999986754565251 0.4946756019039978969
0.999646263769584098 0.02659600131959300937 6.895776437831196055e-06 50.8440271158299737 -0.02659600100375935847 0.999646262901082161 -4.24351394155144819e-05 -0.8559875598569467448 -8.021942169771591308e-06 4.223672849219818582e-05 0.9999999990758533519 0.4946750854473851433
0.999548822658031022 0.03003583018636305987 5.494758808798630064e-06 52.98201307937329574 -0.03003582980470144437 0.9995488208960052745 -5.979616251851686793e-05 -0.9715379252646658692 -7.288307071645211342e-06 5.960414420445284985e-05 0.9999999981971130492 0.4946294525087048255
0.9994855071559421988 0.03207368001616167641 6.138595426820203292e-06 55.14383705118738277 -0.03207367965053272568 0.9994855058082208199 -5.248992710385986729e-05 -1.081976659998157286 -7.818982281128446202e-06 5.226603406875574839e-05 0.9999999986035623678 0.4946321255197282385
0.9994216039270944485 0.03400672768948175689 8.824967314774257585e-06 57.36877010374273311 -0.03400672734483936588 0.9994216033062236493 -3.66380101171198127e-05 -1.180544423695323752 -1.006580181599404712e-05 3.631671057864836727e-05 0.9999999992898878087 0.4946317181538785746
0.9992732609863892446 0.03811757891261469827 7.59610843317764101e-06 59.51533915029515498 -0.03811757847264937021 0.9992732597071052325 -5.145823806217290138e-05 -1.305379792238081427 -9.552051485149012233e-06 5.113129609371306754e-05 0.9999999986471742597 0.4945903514255888811
0.9992128229656311866 0.03967032115699567485 6.525909861263683627e-06 61.58983386876165866 -0.03967032070711549313 0.9992128212831905554 -5.865589224663005476e-05 -1.436266941253835139 -8.847670887087203699e-06 5.835083473822103158e-05 0.9999999982584492075 0.4945560793585540571
0.999300936985786592 0.03738498745924415806 7.364370513060392849e-06 63.56133841059383371 -0.03738498692789580385 0.9993009350822225079 -6.243740287704525416e-05 -1.564097780472561983 -9.69344386353934293e-06 6.211843830262743201e-05 0.9999999980236681241 0.494529364393611448
0.9993415321720542366 0.0362836330153848835 7.310855892173520887e-06 65.45018946837421936 -0.03628363260267444129 0.9993415309463267171 -5.033129051341904262e-05 -1.679173833938621963 -9.132243993992202768e-06 5.003288456867426779e-05 0.9999999987066560125 0.4945258834383896573
0.9995238948542249924 0.03085423079542746333 7.72627403266798529e-06 67.24207700225507267 -0.0308542303277025802 0.9995238934014155641 -5.470642846106782111e-05 -1.790589148001679343 -9.41052027234981931e-06 5.444199421039167631e-05 0.9999999984737554248 0.4945016890903526363
0.9996381507804718014 0.02689920914024303625 7.352590556324094038e-06 68.94217558398948142 -0.02689920888609313374 0.9996381502789050133 -3.271855886702331839e-05 -1.872956030324104848 -8.230033381213521594e-06 3.250894081280469058e-05 0.9999999994377174461 0.4945051431498799777
0.9997046181188514735 0.02430383652844606002 6.638707017819352763e-06 70.53493372952527807 -0.02430383640634440831 0.9997046179837473234 -1.789234179948428547e-05 -1.946126011022408786 -7.07159861336081415e-06 1.772571067659469478e-05 0.9999999998178956684 0.4945146565811682215
0.999681140614621877 0.02525108038803605681 6.396751915908503459e-06 72.09718268733224988 -0.02525108039171711227 0.9996811406348717899 4.953402071971656561e-07 -2.004438262449731667 -6.382204376262356021e-06 -6.567071601976007463e-07 0.9999999999794179084 0.4945235128124391699
0.9997335466437002882 0.02308323265760661713 9.354981674769048761e-06 73.69977512176127732 -0.02308323234132055729 0.9997335461628024111 -3.261375520564197412e-05 -2.095641774714393168 -1.010531990325479295e-05 3.238912194555845976e-05 0.9999999994244134216 0.494477780911067033
0.9997708254089205937 0.02140786238909484288 9.556556345004836182e-06 75.3983975638566335 -0.02140786210537228701 0.9997708250439949484 -2.886450159751963705e-05 -2.166710878260042605 -1.017229349975453973e-05 2.865330114673319287e-05 0.9999999995377562012 0.4944756633965183834
0.9998011994204012431 0.01993894593486915043 8.646735651561944939e-06 76.94282384785621787 -0.01993894569277876103 0.999801199091691406 -2.723433675087115304e-05 -2.234371035824333607 -9.188040640708001797e-06 2.705651575636384219e-05 0.9999999995917622231 0.494461921865208931
0.9997769714654353157 0.02111888327203313362 9.94871169442219637e-06 78.49276102568494196 -0.02111888279068029756 0.9997769704562416981 -4.623034970757430292e-05 -2.313316136600978457 -1.092282619689142891e-05 4.600993334423387636e-05 0.9999999988818887298 0.4944313483731079262
0.9997380007475965558 0.0228895119576376059 1.028456486704284833e-05 80.1499661777642558 -0.02288951149197743923 0.9997379998726680927 -4.331845439616940799e-05 -2.389215103776861859 -1.127340858962544665e-05 4.307169632778823061e-05 0.999999999008869378 0.49441394171131825
0.9996634712973041514 0.02594116534339408614 9.832757709371942243e-06 81.77779198748243061 -0.02594116522792866766 0.9996634712802603406 -1.169401353481006795e-05 -2.445803352106213691 -1.013280504264291417e-05 1.14350049712208716e-05 0.9999999998832832526 0.4944288934379418854
0.9996253643756093377 0.02737025392785329136 9.954273137349367204e-06 83.51876373565686151 -0.02737025398976090582 0.999625364404637784 6.137055513785242694e-06 -2.499686480842817637 -9.782571144524512959e-06 -6.407207338213643285e-06 0.9999999999316242505 0.49442458933826261
0.9996080526084971662 0.02799537468358053241 1.260184299153015621e-05 85.36419653375318717 -0.02799537453115299307 0.9996080526187997028 -1.211379916553372923e-05 -2.579797567084754384 -1.293603407865205322e-05 1.175625787921898489e-05 0.999999999847224541 0.494382250936690526
0.999607537563294124 0.02801375890028595314 1.269475401830656224e-05 87.28052916478287671 -0.02801375860132696363 0.9996075373843175127 -2.314561060545803072e-05 -2.664235057866622292 -1.33381673570403337e-05 2.278089904814868796e-05 0.9999999996515617218 0.4943540038907855982
0.9995595090927078541 0.02967806716953255708 1.066106739785405536e-05 89.24176846591750234 -0.02967806695101977976 0.9995595089539359712 -2.010099132871736427e-05 -2.740209140734895854 -1.125292986395161006e-05 1.977573715280670096e-05 0.9999999997411456176 0.4943408587361988182
0.9994481983295009364 0.03321594072964300509 1.181490681724998209e-05 91.27436875440798758 -0.03321594033195631596 0.9994481978874356631 -3.239836077899061639e-05 -2.84058559899441665 -1.288452935808090777e-05 3.198804006952199312e-05 0.9999999994053768715 0.4943095155557158948
0.9993160970424039835 0.03697753376608658993 1.381112032860436038e-05 93.43336162580219195 -0.03697753345582418388 0.999316096905341511 -2.20823476065974026e-05 -2.93150477357860817 -1.461822561492829308e-05 2.155654425974524492e-05 0.9999999996608112118 0.494297496543061432
0.9991676950748890063 0.04079113756367627741 1.473863313759037862e-05 95.66162056198753305 -0.04079113728895554514 0.9991676950238602695 -1.848275459783418328e-05 -3.035316514349585937 -1.548029868524443935e-05 1.786616570238575366e-05 0.9999999997205800684 0.4942753073019944265
0.9990972170680255671 0.04248235740879255373 1.257579941195806163e-05 97.9244037634028075 -0.04248235689732426934 0.99909721642817928 -3.847265053315053484e-05 -3.171405243367849014 -1.419885507725939548e-05 3.790366848201339578e-05 0.9999999991808520283 0.4942136358906008553
0.9990693606744726063 0.04313249823818937623 1.262796187478895828e-05 100.2716802293906539 -0.04313249730222592365 0.9990693585597378856 -6.682619103844854259e-05 -3.320808569371654251 -1.549859033739322672e-05 6.621932442559597717e-05 0.999999997687397113 0.4941704789281248233
0.9989071025164860673 0.04673970875620023918 1.302829623848153777e-05 102.6400026934154113 -0.04673970782974515986 0.998907100587348884 -6.411239180069227108e-05 -3.468452595161633845 -1.601065214160250365e-05 6.343338476932523437e-05 0.9999999978599320993 0.4941473186984766119
0.9987374379077417208 0.05023474835064725003 1.348552852543045105e-05 105.0678913703987831 -0.05023474719417796164 0.9987374351988903554 -7.555734090379807844e-05 -3.641414503934516489 -1.726410617813635428e-05 7.478450295312620317e-05 0.9999999970546141759 0.4941089737651236935
0.9987263796615045708 0.05045412117366620403 1.506817078809050326e-05 107.5409852926227074 -0.0504541193868270274 0.9987263746815228105 -0.0001017577264448069865 -3.848324337468508549 -2.018307624467449376e-05 0.000100867874446924479 0.9999999947091574581 0.494035662643803386
0.9986811420385878213 0.05134176024501234392 1.391683021837271612e-05 110.0572344003495573 -0.0513417589700436508 0.998681138980090255 -8.020925077925472049e-05 -4.027624588819618268 -1.801655997641768813e-05 7.938895162758687779e-05 0.9999999966863987177 0.4940244943194066485
0.9987312281582333418 0.0503580550225293383 1.407577652994031146e-05 112.6181808003043017 -0.05035805390806700338 0.9987312258124052544 -7.068291964122792816e-05 -4.208326114887904978 -1.761737190445468202e-05 6.988441042980067064e-05 0.9999999974028984662 0.4939783870288270706
0.9987268152828708834 0.05044549796114547457 1.313845154369669196e-05 115.1994958718391473 -0.05044549685713412696 0.9987268126869127682 -7.395478201097792261e-05 -4.392371436218915903 -1.685240963902931552e-05 7.319784819670780004e-05 0.999999997179035427 0.4939099266686192147
0.9987123333818562765 0.05073140004064695396 1.425188652119731929e-05 117.8220503171172311 -0.05073139858430790461 0.9987123296214157619 -8.866835548942924694e-05 -4.593611036114903179 -1.873180460236537309e-05 8.783116207229469199e-05 0.9999999959674029659 0.4938349116513777726
0.9986463697352548907 0.05201372936217719956 1.321617847847499051e-05 120.4268688048126137 -0.05201372827241358687 0.9986463672446482809 -7.254311252670564533e-05 -4.777826064824343355 -1.697152644843998731e-05 7.175749325791159117e-05 0.9999999972814145321 0.4938151450743019644
0.9986257501074341514 0.05240811996885025997 1.363552514515709855e-05 123.056416338981137 -0.05240811890469779244 0.9986257478536880727 -6.927312478391484877e-05 -4.974201736240759786 -1.724726072975286425e-05 6.846331397648745354e-05 0.9999999975076531156 0.4937662593860661642
0.9986784058726709823 0.05139495545858725756 1.411605368051613947e-05 125.72031481183474 -0.05139495471372136637 0.9986784048160093352 -4.885036477514552249e-05 -5.150661987711241174 -1.660806029370947239e-05 4.806031048029419522e-05 0.9999999987071892527 0.4937452015932805027
0.9986342280161231155 0.05224632483862626242 1.333158069890246834e-05 128.3910157045362723 -0.05224632410196867333 0.9986342268593083604 -5.064756741631025862e-05 -5.335182664507099659 -1.59595220435796677e-05 4.988186830169517199e-05 0.9999999986285461606 0.4936872395247713929
0.9985749623271038544 0.05336707251251022327 1.367845296761631023e-05 131.0796962382868855 -0.05336707193110513253 0.9985749616574383092 -3.983187628832139069e-05 -5.508074679446650634 -1.578467127785880981e-05 3.904513538059934606e-05 0.9999999991131605093 0.4936619674838366723
0.9986073740586689507 0.05275710629164000187 1.461556392145760719e-05 133.783773122751569 -0.0527571056146074191 0.9986073732594586971 -4.337332990052885761e-05 -5.687380831594438746 -1.68834612720971457e-05 4.254185222672606328e-05 0.9999999989525695243 0.4936015067893635422
0.998602352198601606 0.05285207598684648483 1.579662314624265417e-05 136.4787665838686621 -0.05285207552242041779 0.9986023519414608529 -2.849890818527166331e-05 -5.839326232920568849 -1.728077148752096276e-05 2.762419242937984271e-05 0.9999999994691392002 0.4935730024032050078
0.9985919502443432183 0.05304824866849649351 1.492103247093195244e-05 139.1725274868031192 -0.05304824811493227821 0.9985919497603593653 -3.532666086308994653e-05 -5.996180951659955127 -1.677404039767846041e-05 3.448538453424452677e-05 0.9999999992646947389 0.4935241388203627788
0.9983449383215771133 0.05750985868420868674 1.685352069484227726e-05 141.9311875002233592 -0.05750985778845645047 0.9983449372867785332 -4.953021803637324625e-05 -6.183028874214732795 -1.967410290102358697e-05 4.847899889218215035e-05 0.9999999986313579114 0.4934582299344417722
0.9984204885710042943 0.05618298428680375961 1.674808776210753768e-05 144.6134604490865172 -0.05618298290187056371 0.9984204860414553906 -7.407580301186809848e-05 -6.399116160338707893 -2.088343360035659128e-05 7.301784190602129368e-05 0.999999997116138295 0.4933567849741461453
0.9983897581804421772 0.05672645395041770594 1.359565765478894177e-05 147.2912086048116862 -0.05672645304298874064 0.998389756535316919 -5.977244093142848434e-05 -6.578627572050671724 -1.696444395390300683e-05 5.890495941184072126e-05 0.9999999981212064348 0.4933585726052754361
0.9984101591821099575 0.05636624757204920094 1.337284042189125408e-05 149.9250952419046143 -0.05636624656579355963 0.9984101571185710622 -6.642881081680895232e-05 -6.77262196904545366 -1.709592250315919399e-05 6.5569422761383147e-05 0.9999999977041899024 0.4932945052954971765
0.9985462703824871111 0.05390125862140941054 1.504942962664131487e-05 152.5650709565304055 -0.0539012571942446353 0.9985462671220582953 -8.301635706647766911e-05 -6.969071257118518048 -1.950223790804632857e-05 8.208449055253982799e-05 0.9999999964408993192 0.4932204012491587242
0.9985034235085604726 0.05468924036007570544 1.52562980407954474e-05 155.2056698289030123 -0.05468923884302152177 0.998503419956589422 -8.655633025391801976e-05 -7.165830539581388159 -1.996716571955392468e-05 8.559243675746136364e-05 0.9999999961376232482 0.4931642420137341554
0.9985281254951809959 0.05423635661129516672 1.479341689440363934e-05 157.8485209878722912 -0.05423635549077562151 0.998528123362792841 -6.781511659007206981e-05 -7.348497597879858567 -1.844968765670791864e-05 6.691296023131373233e-05 0.9999999975911321171 0.4931414255529480983
0.9986571171359088783 0.05180697049754212635 1.427918763527821702e-05 160.4896185806337314 -0.05180696924807805942 0.9986571143210345447 -7.717218069755544196e-05 -7.544045390495300651 -1.825806920732460118e-05 7.632878606380380212e-05 0.9999999969202794103 0.4930671309591328488
0.9985613103043002869 0.05362191137071170566 1.365806961097808951e-05 163.1434169277450792 -0.05362190969527199508 0.9985613052225804642 -0.0001025428744538331644 -7.769414773876579083 -1.913696474322079398e-05 0.0001016629753016973849 0.9999999946492077463 0.4929688137668751247
0.9985360367007526383 0.05409050938693862887 1.436827578936699088e-05 165.8212625627224384 -0.05409050775634765412 0.998536032230426418 -9.649046490185742789e-05 -7.980702684486796095 -1.956645949423109813e-05 9.557201906948368923e-05 0.9999999952415712379 0.4929357434264385329
0.9985339547674519922 0.05412892879644106564 1.568612280777145122e-05 168.4881766335988118 -0.05412892724672332956 0.9985339512322491951 -8.645151059421380367e-05 -8.185600438548451763 -2.034265384805730384e-05 8.547569576901556669e-05 0.9999999961400407589 0.492898179972274475
0.9983448602065871924 0.0575112151630824478 1.52245856760548327e-05 171.1480465867468581 -0.05751121374026446631 0.9983448570791093601 -8.148648318043030315e-05 -8.395605145125122348 -1.988577347792230588e-05 8.047602725857055668e-05 0.9999999965640823385 0.4928400080326142962
0.9980810998739588769 0.06192025402815449359 1.475500056272810222e-05 173.7551958157337992 -0.06192025211730534801 0.998081094429349891 -0.0001064080494373427846 -8.64322031779907185 -2.131550056175381878e-05 0.0001052902296630306211 0.9999999942298082312 0.4927333980736725016
0.9975429909276168905 0.07005698423646686268 1.459823184996118934e-05 176.2600521729073932 -0.07005698273325652869 0.9975429874360721705 -8.596313876089584354e-05 -8.873633942209623982 -2.058468206798397265e-05 8.472921847242100273e-05 0.9999999961986150154 0.492700796032954691
0.9974505679169690664 0.07136080393496212204 1.503676728909123307e-05 178.6645052099750046 -0.07136080238974014389 0.9974505644353173217 -8.597785766530731183e-05 -9.112446652646926992 -2.113388106338850249e-05 8.468562717744780013e-05 0.9999999961908515589 0.4926347194988669465
0.9972317626597637652 0.07435597671618265903 1.647165673572693602e-05 180.9713367014427376 -0.07435597551479472545 0.9972317608076257667 -6.437389216937864603e-05 -9.326237309423476063 -2.121264287726423657e-05 6.297092385240919416e-05 0.9999999977923430539 0.4926054084183300041
0.996922492138817451 0.07839352296967867784 1.504541050268993138e-05 183.1078780825738193 -0.07839352190925624742 0.9969224904431346346 -6.142925780725516931e-05 -9.547633368262092191 -1.98147640410042825e-05 6.006074606557037723e-05 0.9999999980000406907 0.4925388157652609844
0.9968141245575984355 0.07975964428939798234 1.508409092496302207e-05 185.1859258880551238 -0.07975964303813037892 0.9968141222716261352 -7.060106289427592536e-05 -9.77824134234735709 -2.066715051853328639e-05 6.917303499406386334e-05 0.9999999973939798226 0.4924849204208037734
0.9968658173011440971 0.0791109473342451186 1.762478434780476969e-05 187.2317148144952341 -0.07911094633206892934 0.9968658161948993346 -5.171802800020603748e-05 -9.978473004432924398 -2.166100722348876623e-05 5.016162088297540023e-05 0.9999999985073060316 0.4924618410459594697
0.9969734682228770239 0.07774254577464835558 1.543882156318124882e-05 189.1224772253028448 -0.07774254468604677171 0.9969734665174813104 -6.170970115581625665e-05 -10.18066975915250616 -2.018956471963547739e-05 6.032268150903594795e-05 0.9999999979767775216 0.4923932115260312159
0.9971177855933355261 0.07586910746517376569 1.371544916103552704e-05 190.9185146841787173 -0.07586910602869678666 0.9971177821439777267 -8.535170735828405116e-05 -10.39237040487794062 -2.015147610646188668e-05 8.406512657107281176e-05 0.9999999962634860129 0.4923124268815575744
0.9971027653535483593 0.07606625482293051521 1.427417407716192681e-05 192.6468197385282508 -0.07606625372099649895 0.9971027633394645706 -6.624114377612515215e-05 -10.5720257045149495 -1.927153413896382864e-05 6.496344469234533315e-05 0.9999999977041791333 0.4923081834852289229
0.9971883571824768921 0.07493583966975519983 1.53275630362799975e-05 194.3198840419488818 -0.07493583878074194793 0.9971883560066173713 -5.208914375413292827e-05 -10.74120485480947984 -1.918781111063042055e-05 5.079410389463735455e-05 0.9999999985258932744 0.4922870151302072284
0.9972429217649687594 0.07420616374310558261 1.595093280773578971e-05 195.9800749172618737 -0.07420616326245339789 0.9972429215105177436 -2.886634489733682328e-05 -10.89432927467014878 -1.804901555012116063e-05 2.760310060197620208e-05 0.9999999994561507011 0.4922880224801018945
0.9976283123868697755 0.06883131545252856032 1.842370766841138502e-05 197.7712924938191463 -0.06883131507789286285 0.997628312377309201 -2.025048853662823274e-05 -11.04920055026119208 -1.977388015350265053e-05 1.89343326763786344e-05 0.9999999996252421086 0.4922491175723245349
0.9979452647309692281 0.06407221123009899932 1.874442932329902064e-05 199.4186862723953197 -0.06407221016921474388 0.9979452635899122015 -5.258065377852302614e-05 -11.21253308822676864 -2.207487321739642403e-05 5.127161743963117924e-05 0.9999999984419604138 0.492185486009463935
0.9978005196765638019 0.06628817892788232968 1.642670668944908057e-05 200.9890728286440833 -0.06628817817642750077 0.9978005189478483805 -4.270465074510683791e-05 -11.34769346615738073 -1.922138998898073625e-05 4.152182624619166153e-05 0.9999999989532378786 0.4921739010269788883
0.9979597575488763361 0.06384608076726580594 1.690799341445984718e-05 202.6619072947047471 -0.06384607974451378398 0.9979597562222447538 -5.535636828931793e-05 -11.50261798495784582 -2.040778414688399785e-05 5.41639187809347185e-05 0.9999999983248959445 0.4921212776515995757
0.9980456121323585394 0.06248964553601659561 1.750317243767895138e-05 204.3234009912239344 -0.0624896449792629316 0.9980456118476090932 -3.072995114243977583e-05 -11.62520226750048913 -1.938926819906768763e-05 2.957612586711239996e-05 0.9999999993746543359 0.4921226106325781169
0.9980286887914058269 0.06275935033414112296 1.723880637344416306e-05 206.0111682812226377 -0.06275934968838342565 0.9980286883407756271 -3.574513390174109223e-05 -11.76599116439002479 -1.944816469472929752e-05 3.459277284122654517e-05 0.9999999992125542247 0.4920770765711613981
0.9979333676769743811 0.06425724361332386947 1.795391800901621534e-05 207.7498802486573481 -0.06425724259953151385 0.9979333665352057015 -5.226326027283954661e-05 -11.91986246024070084 -2.127510688861300391e-05 5.100158206473556414e-05 0.999999998473104057 0.4920329188520287667
0.9976627358365331988 0.06833055816449618014 1.860979844407389258e-05 209.5460387271629941 -0.06833055674909842281 0.9976627337697985265 -6.829028467720169135e-05 -12.09032381454580651 -2.323261565982518741e-05 6.685905435344068482e-05 0.99999999749505597 0.4919807258851858767
0.9974119657810721629 0.07189833227314525177 1.831147807740145966e-05 211.3584473427333421 -0.07189833103215934051 0.9974119641593269803 -6.122790288101882545e-05 -12.26050439827074712 -2.266627142156882045e-05 5.975287826071243308e-05 0.9999999979579166087 0.4919450701964546147
0.9973750795324966001 0.07240822043029929156 1.854443076878921752e-05 213.2519676352709723 -0.07240821906753981685 0.9973750776292324982 -6.586184189749948095e-05 -12.44712794392560262 -2.326469184367067683e-05 6.434619059508598878e-05 0.9999999976591606998 0.4919019088466975997
0.9974386734965478007 0.07152686380663188237 1.922673088412196754e-05 215.2398819305561517 -0.07152686263848283266 0.9974386722050204712 -5.579617985856024108e-05 -12.62793556823001317 -2.316841068157552761e-05 5.427803988536144332e-05 0.9999999982585593417 0.4918659101165576697
0.9973917665338155603 0.07217799998114900195 1.927455096781261184e-05 217.2738165474864047 -0.07217799856411984127 0.9973917646266704518 -6.618464208463199295e-05 -12.8268227354829456 -2.400135349731025679e-05 6.462081857412059753e-05 0.9999999976240422361 0.4918004556411329498
0.9972741270661005242 0.07378560252187368884 1.863501302048244508e-05 219.3506603792533838 -0.07378560132173705988 0.99727412561444162 -5.847882531865164154e-05 -13.0199064137320466 -2.289911167672356547e-05 5.694442383015457511e-05 0.9999999981164814367 0.4917600621297444907
