1611676772951936 0.9999727208254475 0.007386311999347236 0.0 0.0 -0.007386311999347236 0.9999727208254474 0.0 0.0 0.0 0.0 1.0 0.494999999999999
1611676773201935 0.9999873894698924 0.0050220363749791195 7.043146495923049e-06 -0.006913045838259088 -0.005022036321183348 0.9999873894658186 -7.63502691883044e-06 0.0012303943282235292 -7.081401061009777e-06 7.599559699592413e-06 0.9999999999460505 0.495025104239708
1611676773451943 0.9999797593138837 0.006362464430351573 2.585990825074435e-06 -0.021348647959270974 -0.006362464393061362 0.9999797592169096 -1.4181195058564461e-05 0.006522521314085452 -2.6761658317422077e-06 1.416445474693261e-05 0.9999999998961033 0.495039115533556
1611676773701941 0.9999938624594875 0.0035035752670848157 1.212899102479905e-06 -0.010743483093442845 -0.003503575264511377 0.9999938624579902 -2.117369879049631e-06 0.006851879651433086 -1.220310023002954e-06 2.1131074003171333e-06 0.999999999997023 0.495011781495201
1611676773951325 0.999998644339862 0.0016466065945675993 1.7112894769069514e-06 -0.023659484265398302 -0.001646606599860352 0.9999986443365246 3.0960646877135895e-06 0.00433408256236798 -1.7061891564461089e-06 -3.098878311055982e-06 0.9999999999937432 0.4950063597187030
1611676774201323 0.999996373721744 0.0026930540823018934 9.159988830991701e-07 -0.031451229271887114 -0.0026930540802979526 0.9999963737197887 -2.1819302611630803e-06 0.00910848246186012 -9.218716176297654e-07 2.17945551435199e-06 0.9999999999972002 0.4950172667010633
1611676774451325 0.999999748049904 0.0007098568611068022 1.0642656206673139e-06 -0.03352578478836098 -0.0007098568565377586 0.9999997480412829 -4.287370487913043e-06 0.013727556739570058 -1.067308771875707e-06 4.2866139314711845e-06 0.9999999999902431 0.4950179268917898
1611676774701327 0.9999955996947767 0.002966578457519777 1.0519697539965816e-06 -0.021495275490416178 -0.0029665784575433375 0.9999955996953295 2.0857743697292128e-08 0.0114711912229657 -1.0519032488783846e-06 -2.397840272707685e-08 0.9999999999994467 0.4950047743079419
1611676774951959 0.9999846464702188 0.005541373521354106 1.046858780342402e-06 -0.026532569922364094 -0.00554137352292486 0.9999846464696276 1.5035718483601762e-06 0.011035592361059835 -1.0385108541386484e-06 -1.5093497987560503e-06 0.999999999998322 0.4949997378436717
1611676775201956 0.9999352114739052 0.01138300717593605 1.9083803906164326e-07 -0.013216603908979904 -0.01138300717656963 0.9999352114669391 3.7354043863724754e-06 0.006815727851838014 -1.4830554001017967e-07 -3.7373346858044637e-06 0.9999999999930054 0.4949931253660382
1611676775451966 0.9999213830500923 0.012539047653557088 -9.486200541736626e-07 -0.005680681801435649 -0.012539047653122965 0.9999213830504408 4.6218756897355564e-07 0.007544850668487337 9.543408685130935e-07 -4.502564411335926e-07 0.9999999999994436 0.495001340353156
1611676775701967 0.9999488218384084 0.01011700062716421 -2.3790541716842762e-07 -0.016250062709917468 -0.010117000626696052 0.9999488218366498 1.8928668446079307e-06 0.0025939381325177386 2.5704337666072254e-07 -1.890363081912321e-06 0.9999999999981803 0.49499512257571
1611676775951976 0.9999832656545938 0.005785188717231565 -2.177044091791116e-07 -0.021500880842024936 -0.005785188717862165 0.9999832656500627 -3.017053854409146e-06 0.007284811017140558 2.002465401198594e-07 3.018262827086397e-06 0.9999999999954252 0.4950093865295358
1611676776201344 0.9999506126908828 0.009938418995417753 -2.183356970214593e-06 0.0009804156660502665 -0.009938419007913776 0.9999506126763851 -5.789027213706678e-06 0.01589837630371822 2.125715362036501e-06 5.810440425656964e-06 0.9999999999808602 0.495008596432917
1611676776451347 0.9999872015210477 0.005059327202990233 3.5187061890219476e-07 -0.021719148545587534 -0.005059327203785449 0.9999872015184673 2.2971021940978223e-06 0.012739225296970906 -3.402443238747837e-07 -2.298853023283284e-06 0.9999999999972999 0.494990899086594
1611676776700732 0.9999993808399881 0.001112795650176419 1.8024956072219543e-06 -0.0329367160986403 -0.0011127956573538358 0.9999993808336611 3.985849277333001e-06 0.010017020877582309 -1.7980590554433284e-06 -3.987852618747515e-06 0.9999999999904323 0.4949927523750521
1611676776950734 0.999965964200402 0.008250481004463543 -1.312498559845624e-06 0.006740334457050259 -0.008250481011870443 0.9999659641847176 -5.741776908049392e-06 0.021240131739264034 1.265081466577441e-06 5.752410226540333e-06 0.999999999982655 0.495015891623311
1611676777201375 0.999976393074633 0.006871192803125757 -8.225320182600564e-07 0.015184781996078563 -0.006871192802738569 0.9999763930748623 4.7260665152924765e-07 0.020367774428586817 8.257599722327732e-07 -4.6694371865652996e-07 0.9999999999995504 0.494991760879448
1611676777451985 0.9999758724140294 0.006946552186264576 -5.398860633482922e-07 0.0032724884151461298 -0.006946552185732181 0.9999758724136969 9.817810393053933e-07 0.02174677636295243 5.466930304267391e-07 -9.780070045878637e-07 0.9999999999993725 0.4949973830224431
1611676777702611 0.9999961404134041 0.002778336916948702 1.971063741900399e-07 -0.01154505538747549 -0.002778336916990349 0.9999961404134009 2.1143867979411718e-07 0.023145849898527783 -1.9651816555161705e-07 -2.1198549164468086e-07 0.9999999999999585 0.494999557748436
1611676777951999 0.9999949271903487 0.00318521442533659 6.334559334308225e-07 -0.014618604893664275 -0.003185214426037674 0.9999949271899321 1.108881603353409e-06 0.019852752742813146 -6.299206943516238e-07 -1.1108936711879996e-06 0.9999999999991849 0.4949984849039239
1611676778201997 0.9999731909839384 0.0073223840373422885 -1.7824341712493248e-06 0.021704927881400504 -0.00732238403634508 0.9999731909853745 5.653366271783456e-07 0.01636901300972934 1.7865259978444954e-06 -5.522698035382643e-07 0.9999999999982518 0.494997646645299
1611676778451997 0.9999970707610043 0.002420427037597838 3.660308439328061e-07 -0.020225350323153878 -0.0024204270375745 0.9999970707610694 -6.413051107556617e-08 0.015486497487815437 -3.6618499496476764e-07 6.324437227087491e-08 0.9999999999999312 0.4950012709399630
1611676778701377 0.9999863234214306 0.005230006480502494 2.672136174193959e-07 -0.005479757574490892 -0.005230006482396973 0.9999863233920869 7.664052729013897e-06 0.001180381858617347 -2.2712691740430318e-07 -7.665345439962993e-06 0.9999999999705957 0.4949806102949179
1611676778950765 0.9999876929936943 0.004961235602725246 4.5920470975885715e-07 -0.018271120129707837 -0.004961235607777684 0.999987692924777 1.174707506878323e-05 -0.017669803096699906 -4.0091905123329296e-07 -1.1749208720239848e-05 0.9999999999308979 0.4949743176363443
1611676779200757 0.999949344646919 0.010065194323246823 -1.0953583126186128e-06 -0.01978615630721589 -0.010065194328884895 0.9999493446335772 -5.269593833012171e-06 -0.011617122611868081 1.0422633409103757e-06 5.280351894164028e-06 0.999999999985516 0.495020375504257
1611676779450765 0.999982157048342 0.005973741094363165 -2.2352805582554793e-07 -0.019182875003272162 -0.005973741096974615 0.9999821569434137 -1.4486947103462292e-05 0.004260243312099604 1.3698279615814455e-07 1.4488023912331214e-05 0.9999999998950395 0.4950319809325363
1611676779700768 0.9999860289511647 0.005286009633455693 1.5501034250826565e-06 -0.022454425433798136 -0.005286009620787691 0.9999860289199054 -8.065633779219936e-06 0.010995074031184715 -1.5927167863240015e-06 8.057327232256306e-06 0.9999999999662716 0.4950115540163727
1611676779950765 0.9999507854393497 0.00992102291121075 1.1789240111212248e-06 -0.002933778387867621 -0.009921022910236702 0.9999507854397108 -8.291947983998816e-07 0.01667826580918628 -1.1870924514898464e-06 8.174578578202325e-07 0.9999999999989615 0.4949980154821481
1611676780201400 0.999941941587931 0.010775595162230995 1.6186795495446915e-07 0.01880152563867189 -0.010775595162991376 0.9999419415709547 5.827531779477695e-06 0.011756318660649369 -9.906343390466441e-08 -5.828937665801765e-06 0.9999999999830071 0.4949840846149987
1611676780451401 0.9999799528408775 0.006331975527013632 2.2166327014765035e-07 -0.005164741806349293 -0.006331975526441995 0.9999799528378034 -2.490886038805187e-06 0.02281958013913613 -2.3743105586683543e-07 2.4894325372202934e-06 0.9999999999968734 0.495009754025174
1611676780702028 0.9999830782085973 0.005817498729345028 1.6612186098313738e-06 -0.03538788709974441 -0.005817498718937678 0.9999830781908022 -6.202451679727734e-06 0.03233299509865743 -1.6972732537760369e-06 6.192682586013596e-06 0.9999999999793852 0.495016933619448
1611676780952657 0.9999895705049855 0.004567151751683489 1.974740152015057e-06 -0.02840491895318904 -0.004567151766804003 0.9999895704770552 7.721492387443436e-06 0.014945382391339385 -1.9394543289384487e-06 -7.730430794168666e-06 0.9999999999682396 0.494979491078018
1611676781202652 0.9999858292496737 0.005323654427648277 1.0699912571043196e-06 -0.01625641056989012 -0.005323654433841457 0.9999858292329781 5.871071786903503e-06 0.008544154022440326 -1.0387205371963534e-06 -5.876684853124252e-06 0.9999999999821931 0.494990679927614
1611676781452040 0.9999957477649151 0.0029162388621491292 8.688232886611994e-07 -0.02132174170828544 -0.0029162388589650617 0.9999957477586632 -3.643778415659623e-06 0.013357458320917249 -8.794457224376879e-07 3.641229225229359e-06 0.9999999999929843 0.4950131800886138
1611676781702042 0.999956826447796 0.009292213809489185 -8.593471084761831e-07 0.013542605462526537 -0.009292213810798228 0.9999568264469795 -1.5320916348468073e-06 0.010468537287970543 8.450734843634597e-07 1.540010726081683e-06 0.9999999999984572 0.4950014962607134
1611676781952048 0.9999858045299695 0.005328295765694747 7.41636755805857e-07 -0.01751248638659905 -0.005328295763746012 0.9999858045268614 -2.6052153009847064e-06 0.01389997654014266 -7.55507585579786e-07 2.601226658750609e-06 0.9999999999963316 0.495007267043668
1611676782201424 0.999977374360146 0.006726868706236919 1.7218546772728787e-06 -0.039178226948074296 -0.00672686869156457 0.9999773743265327 -8.389722067697071e-06 0.026628438027813454 -1.7782522779852776e-06 8.377949554566061e-06 0.999999999963324 0.4950209011876793
1611676782451428 0.9999856115100375 0.005364397764371399 2.6998690970017074e-06 -0.02907782659066898 -0.005364397772280526 0.9999856115093448 2.9307905584848597e-06 0.01797979084918594 -2.684108323646793e-06 -2.9452315606101787e-06 0.9999999999920608 0.4949935075335802
1611676782700804 0.9999695314602991 0.007806160587514283 2.3914911251700556e-06 -0.03927353297980101 -0.007806160589062949 0.9999695314629425 6.389341689886581e-07 0.019384559358707386 -2.3864306372113104e-06 -6.575830653698947e-07 0.9999999999969365 0.495003647410405
1611676782950803 0.9999552347991523 0.009461944397240536 1.9398443745682853e-06 -0.026073759251822533 -0.009461944406077354 0.9999552347903791 4.5980279175817035e-06 0.008828837245473474 -1.8962512525393621e-06 -4.616176785577375e-06 0.9999999999875477 0.494994380863740
1611676783200804 0.9999467521807318 0.010319534854780057 1.1637428247941886e-06 -0.022931625351052254 -0.010319534858942355 0.9999467521747799 3.6292526251897546e-06 0.0033471135111674964 -1.1262286590597374e-06 -3.641068660057322e-06 0.9999999999927374 0.494996152264131
1611676783450811 0.9999569302327181 0.009281038123833955 -2.94454502328394e-06 0.0010745828847290755 -0.009281038160041341 0.9999569301582039 -1.2530769385364389e-05 0.015647782099787948 2.8281196538156933e-06 1.255755812279613e-05 0.9999999999171549 0.4950406068205275
1611676783701439 0.9999778398787355 0.006657307740934275 1.6935316204730777e-06 -0.013585537560818144 -0.006657307736744849 0.9999778398771529 -2.4674940875587266e-06 0.011113046780646323 -1.7099209590975943e-06 2.456165046436864e-06 0.999999999995522 0.495001952859805
1611676783951445 0.9999844290318199 0.005580473926291247 1.5588813993678086e-06 -0.016087279259528443 -0.005580473915169679 0.999984429008247 -7.049814150720767e-06 0.022718658344530417 -1.5981984300952194e-06 7.041005081318668e-06 0.9999999999739353 0.4950188303989178
1611676784202071 0.9999854692809115 0.005390845209491457 3.5679277250073707e-06 -0.02975419610521048 -0.005390845230574881 0.999985469269603 5.9261574210563825e-06 0.01285740260878356 -3.5359288830754246e-06 -5.945305455900289e-06 0.9999999999760756 0.494987336171302
1611676784452070 0.9999811385800246 0.0061418630612989095 3.182857382662523e-07 -0.00474010344402528 -0.006141863064518993 0.9999811385155094 1.1361768199278405e-05 0.0002499023013932834 -2.4849731051059947e-07 -1.1363508767641937e-05 0.9999999999354048 0.494972910209036
1611676784702701 0.9999809705788675 0.006169155329734209 6.564301417814615e-07 -0.01635627801575091 -0.00616915533009966 0.9999809705789262 5.561988094971303e-07 0.008956354255068778 -6.529863734473131e-07 -5.602378448650483e-07 0.9999999999996301 0.4950041962330280
1611676784952080 0.9999783193464837 0.0065848922035703925 5.423674011835926e-06 -0.05266724700843676 -0.006584892236275231 0.9999783193427698 6.034398513135292e-06 0.005416618051990771 -5.383820559307973e-06 -6.069981992338495e-06 0.9999999999670852 0.4949826553018008
1611676785202089 0.9999774487880594 0.0067157957384394625 8.314238983423382e-07 -0.02581489205074408 -0.0067157957393485 0.9999774487877989 1.0954551994303384e-06 0.007531281772833928 -8.240482953674828e-07 -1.1010141686644646e-06 0.9999999999990545 0.495000986252975
1611676785451460 0.9999722778114096 0.007446045359874594 3.863583575109535e-06 -0.0434581618642573 -0.007446045372678521 0.999972277813299 3.310275318407368e-06 0.0086689795070279 -3.838828007955116e-06 -3.3389519689432986e-06 0.9999999999870577 0.494990089604999
1611676785701468 0.9999735657418668 0.0072710256739090245 9.554793740330541e-07 -0.016367958073060164 -0.00727102567286884 0.9999735657417397 -1.087629941061165e-06 0.010198611027763453 -9.633623018723496e-07 1.0806538753140152e-06 0.9999999999989522 0.495010811911825
1611676785951469 0.999978755144497 0.006518378301520297 1.3221054068787547e-06 -0.009617925904859628 -0.006518378298556681 0.9999787551428956 -2.2336299424883277e-06 0.011733922788085733 -1.3366369638921971e-06 2.2249645061552184e-06 0.9999999999966316 0.495009541042521
1611676786201473 0.9999772505019879 0.006745255014226401 3.3234027616841667e-06 -0.02023155055628256 -0.00674525502669457 0.9999772505003769 3.7548181282012357e-06 0.009945799236434488 -3.297999950134795e-06 -3.7771499071661973e-06 0.9999999999874283 0.494988707819201
1611676786451474 0.9999765535175317 0.006847803499906351 -4.3949722002811214e-07 -0.011321332570905722 -0.006847803503938167 0.9999765534681718 -9.942609347736745e-06 0.02597977473999505 3.7140188025530176e-07 9.945385819146412e-06 0.9999999999504758 0.4950294862955222
1611676786702101 0.9999819264323294 0.006012220498498595 3.336442752417717e-06 -0.04308427229746488 -0.006012220483059692 0.9999819264273242 -4.618244892092913e-06 0.0291856424020889 -3.3641483575918707e-06 4.5981019944850495e-06 0.9999999999837701 0.4950099375405453
1611676786952116 0.9999776030246571 0.006692790242713894 -2.365615464344058e-06 0.012042401105616062 -0.006692790254035944 0.9999776030158062 -4.811033598408864e-06 0.03220506567885015 2.3333632429716483e-06 4.8267584139436395e-06 0.999999999985629 0.495013060249167
1611676787202107 0.9999716912996585 0.00752439855480189 -4.843213268393521e-06 0.03894499811423664 -0.007524398605246238 0.9999716912560601 -1.0482914874313023e-05 0.04282647104791292 4.764198533590358e-06 1.051906038380185e-05 0.9999999999333262 0.4950291203302626
1611676787452109 0.9999510048135689 0.009898887189436153 1.5849607570695292e-06 0.0039624190063415705 -0.009898887204038856 0.9999510047696768 9.486980891040276e-06 0.02975119191811206 -1.4909725479466218e-06 -9.502205422421149e-06 0.9999999999537428 0.494964938394401
1611676787702114 0.9999441129149577 0.010572182472337068 1.5024193990696858e-06 -0.011440536384369543 -0.010572182489774092 0.9999441128425098 1.2115127792922074e-05 0.018316798237362576 -1.3742520914207036e-06 -1.2130334565835044e-05 0.9999999999254834 0.494976533118298
1611676787952122 0.9999465965964006 0.010334599647348747 1.7810896764453657e-06 -0.03422289104082441 -0.010334599653756202 0.9999465965913437 3.626652092643624e-06 0.016205609539257065 -1.7435145627518476e-06 -3.644865265839785e-06 0.9999999999918379 0.494992224807607
1611676788201496 0.9999437296175612 0.010608373468102764 2.9411453204467453e-06 -0.04873116020823465 -0.0106083734923262 0.9999437295867949 8.346567826469959e-06 0.005137555786802543 -2.8524363123103685e-06 -8.377298929979602e-06 0.9999999999608424 0.4949757358264606
1611676788450871 0.9999481939948459 0.010178866471074126 -1.2559503003303234e-06 -0.01543950014575166 -0.010178866474577119 0.9999481939916368 -2.8149993113154447e-06 0.006526929860672378 1.227231732455312e-06 2.8276376278586704e-06 0.9999999999952494 0.4950128752276511
1611676788700880 0.9999704509252051 0.00768747515138153 -8.002083798354236e-08 -0.010089386186115252 -0.007687475151781679 0.999970450890349 -8.349287637756457e-06 0.00963073783316885 1.5833532191553187e-08 8.349656082253832e-06 0.9999999999651417 0.4950216379427795
1611676788950879 0.9999818439726299 0.0060259202462282346 2.837715707936186e-06 -0.016120275399429698 -0.0060259202459839074 0.9999818439766532 -9.463417300522318e-08 0.003791264372406031 -2.838234444288971e-06 7.753260628811287e-08 0.9999999999959694 0.4949952973927267
1611676789200879 0.9999823148316748 0.005947268795016234 3.94114871910847e-06 -0.032093725291858284 -0.005947268798967005 0.9999823148389261 9.914865657142066e-07 0.008581689061390584 -3.935182382154339e-06 -1.0149081019191155e-06 0.9999999999917424 0.4949967219839447
1611676789450884 0.9999783941155028 0.006573530220608466 -6.216764885358956e-07 0.005703830353786359 -0.0065735302202200975 0.9999783941155034 6.246696948934617e-07 0.008500417291484253 6.257693417842503e-07 -6.20569589168896e-07 0.9999999999996119 0.494998278682974
1611676789701512 0.9999809817239927 0.006167348272110912 1.8378420466136663e-06 -0.014958234585127376 -0.006167348279995529 0.9999809817163196 4.315828746277225e-06 0.006389432832908468 -1.8111898750555668e-06 -4.3270812786495325e-06 0.9999999999889981 0.4949893454895914
1611676789951521 0.9999767564974928 0.006818098063929123 1.1453787436875294e-06 -0.025774179032700413 -0.00681809805432132 0.9999767564646541 -8.192626911808211e-06 0.02311255120908465 -1.2012102547233549e-06 8.184627181898735e-06 0.9999999999657847 0.4950234664545361
1611676790202145 0.9999728103732982 0.007374177979002376 3.321039836967956e-06 -0.032767648711436455 -0.0073741780154161765 0.999972810317058 1.1089162608266241e-05 0.0030967928736937056 -3.2391760802656353e-06 -1.1113351037046951e-05 0.9999999999330007 0.4949651612679518
1611676790452146 0.9999694826373056 0.007812412059658689 -3.1075774428759534e-06 0.003491281865007444 -0.0078124120955947625 0.9999694825731129 -1.1725048878643944e-05 0.025846307429479673 3.015881694355791e-06 1.1748968736703631e-05 0.9999999999264333 0.4950328731180792
1611676790702146 0.999953781619504 0.00961429261429078 -3.8432544684280233e-07 0.003151793639312692 -0.009614292612688806 0.9999537816117011 3.972831419855572e-06 0.01595347077393859 4.225036477188548e-07 -3.968952784725764e-06 0.9999999999920346 0.494984445611439
1611676790952154 0.9999563740324504 0.009340772432585633 -6.321035320752216e-08 -0.003393234412009373 -0.009340772432285052 0.999956374025505 3.728325955620263e-06 0.01261634064743718 9.803303990032562e-08 -3.727572870276759e-06 0.999999999993048 0.4949940264890176
1611676791202159 0.9999798792963264 0.006343579379432316 9.637093353706776e-07 -0.008449268551660106 -0.006343579375442416 0.9999798792884589 -4.088256859540623e-06 0.014527429453115838 -9.896241267672264e-07 4.082061234281175e-06 0.9999999999911788 0.4950154632437006
1611676791451535 0.9999644286901546 0.008434533259177694 -9.167085685570763e-07 0.012083884210642428 -0.0084345332578281 0.9999644286895111 1.4662219539218318e-06 0.011687880191637304 9.290428578697778e-07 -1.458437789580396e-06 0.9999999999985052 0.494996473043848
1611676791701535 0.9999612538280742 0.008802887533820358 3.3793158113941743e-06 -0.02492799345984695 -0.008802887566503381 0.9999612537856547 9.781622222446705e-06 0.0034916431918256274 -3.2930783553843075e-06 -9.810990959191654e-06 0.9999999999464502 0.494968796835199
1611676791951541 0.9999468572900466 0.01030934482055345 1.702314794708301e-06 -0.024644569177973807 -0.010309344838655265 0.9999468572309016 1.099128009348994e-05 -0.0006523259335218852 -1.5889114324868967e-06 -1.1008245737347057e-05 0.9999999999381473 0.4949724550432069
1611676792202171 0.9999444716932583 0.010538193302691833 -3.1261820103759407e-06 0.007527099686486469 -0.010538193298707425 0.9999444716973572 1.2882675710963854e-06 -0.0002941637654833537 3.1395844314919533e-06 -1.2552517254700812e-06 0.9999999999942839 0.4950002151097339
1611676792452169 0.9999513841573837 0.009860492558068711 -2.4519089126730095e-06 0.015761266355116654 -0.009860492557437855 0.9999513841603599 2.6923918564605903e-07 -0.0028464437695132957 2.454444542054393e-06 -2.4504906677170894e-07 0.999999999996958 0.4949961474402785
1611676792702801 0.9999465649695951 0.010337659352023501 1.5479857330740456e-06 -0.005876599384586518 -0.010337659350371814 0.9999465649702367 -1.0712031742242622e-06 0.0047897585375078055 -1.55897674992575e-06 1.0551433852646684e-06 0.9999999999982283 0.4949953686011393
1611676792952807 0.999948370568122 0.010161505586927777 3.6375297613679874e-07 -0.009656260797258637 -0.010161505585751775 0.9999483705633927 -3.1006373296440248e-06 0.010627306220160657 -3.9524133932463424e-07 3.0967809676083067e-06 0.999999999995127 0.495005257618710
1611676793202811 0.9999715091597278 0.007548567182931606 2.6198941933424607e-07 -0.0159724156075852 -0.007548567181194338 0.9999715091411902 -6.096666469446243e-06 0.01514268393117833 -3.080030514666722e-07 6.094515125576733e-06 0.9999999999813813 0.49501379135848
1611676793452184 0.9999755928638842 0.006986677297418596 3.8252572435781945e-06 -0.046033513405545914 -0.006986677287597077 0.9999755928679541 -2.5749099462135328e-06 0.025377115563995557 -3.843153944891654e-06 2.5481212621396216e-06 0.999999999989369 0.4949991686523763
1611676793701563 0.9999866839569254 0.005160610457477758 2.5111177713139504e-06 -0.04027666221780706 -0.00516061045737681 0.9999866839600777 -4.666939909617058e-08 0.027253816468269607 -2.5113251757640846e-06 3.370987701419109e-08 0.9999999999968463 0.495001619987240
1611676793951568 0.999977805265739 0.00666250504669718 4.3136311850096006e-07 -0.013451845468805101 -0.006662505049825147 0.9999778052360956 7.709089116311266e-06 0.024685134083344065 -3.7999169935542913e-07 -7.71179197409952e-06 0.9999999999701921 0.4949814576497521
1611676794201570 0.999975664795977 0.006976375060289957 2.1516474409163143e-06 -0.029702638457047233 -0.0069763750849634355 0.9999756647298923 1.168124959650346e-05 0.01842095089268457 -2.0701023016442927e-06 -1.1695976030535288e-05 0.9999999999294595 0.4949706289359722
1611676794451568 0.999971338236539 0.00757117559118048 1.8331666922492788e-06 -0.0201526333031986 -0.007571175612834647 0.9999713381647437 1.2108633507767671e-05 0.00759749659554858 -1.7414375598782903e-06 -1.2122165679959429e-05 0.9999999999250104 0.49496906465042
1611676794701574 0.9999632657504658 0.008571297670764949 1.91566286303449e-06 -0.022191781670461187 -0.008571297681751633 0.9999632657353714 5.802525327128884e-06 0.006228002126464882 -1.8658573207506768e-06 -5.818731892385672e-06 0.9999999999813307 0.494987829543727
1611676794951591 0.999960125815716 0.008930104755968445 -2.330630805700288e-06 -0.007571780822558433 -0.008930104798630205 0.9999601256378149 -1.8985743230117874e-05 0.026707259004113 2.160993197372188e-06 1.900579896647794e-05 0.999999999817055 0.4950504143150709
1611676795202201 0.9999568950429657 0.009284829139709043 1.2825505017667534e-06 -0.016273696435541676 -0.009284829147633386 0.9999568950237594 6.317378071476672e-06 0.00013383412784386892 -1.2238394414560324e-06 -6.329014023462568e-06 0.9999999999792231 0.494978862010966
1611676795452207 0.9999595686296358 0.008992279917531947 -2.3843612332530133e-06 0.012209147751092792 -0.008992279919799704 0.9999595686320143 -9.420964350253485e-07 0.0025480951005473177 2.3757932354188666e-06 9.63499188416851e-07 0.999999999996714 0.495004708334882
1611676795702833 0.9999711275100308 0.0075989567752287445 -1.1565089284167365e-07 -0.002255516129849013 -0.007598956775927461 0.999971127475498 -8.310611233231408e-06 0.011978499807676207 5.249557816761664e-08 8.31125011134632e-06 0.9999999999654603 0.4950210676370183
1611676795952842 0.9999846180487616 0.0055464997255506914 2.105833210446529e-06 -0.017573209807506766 -0.00554649970982883 0.9999846180236881 -7.399695451829408e-06 0.01868875081390018 -2.146843227367778e-06 7.387901626800511e-06 0.9999999999704052 0.4950146044926172
1611676796202220 0.9999689397131741 0.00788159915661672 1.188481853936168e-06 -0.009756208590351118 -0.007881599163378822 0.9999689396970259 5.796626980407936e-06 0.015654716280343258 -1.1427582490129803e-06 -5.805814073109795e-06 0.9999999999824936 0.494978703994285
1611676796452219 0.9999723791136337 0.007432429428568521 6.13495527559564e-07 -0.018484821696419386 -0.007432429429196089 0.9999723791132897 1.0271140560174997e-06 0.020275886117884195 -6.058446295355635e-07 -1.0316454484319789e-06 0.9999999999992846 0.495003296951911
1611676796701597 0.9999527702971724 0.009718907817706575 -1.8995977431915876e-06 0.011713052081738496 -0.009718907808967807 0.9999527702886798 4.556646093192525e-06 0.016764385048892595 1.943793649080467e-06 -4.537968868821617e-06 0.9999999999878144 0.494992429332335
1611676796951604 0.9999670286251212 0.008120447056969059 9.183958650780155e-08 -0.008222030656943158 -0.008120447057205485 0.9999670286207362 2.9622502017362322e-06 0.010023968177056428 -6.778176249762838e-08 -2.962898310780949e-06 0.9999999999956086 0.494998604069265
1611676797201606 0.9999831074024097 0.005812478609200176 -7.500040052557646e-08 -0.004765511851504764 -0.005812478609634749 0.9999831073638196 -8.785199171986771e-06 0.018454641107323404 2.3935351306442172e-08 8.785486705395795e-06 0.9999999999614075 0.495027340701058
1611676797450981 0.9999940242179219 0.0034570970666958486 2.4667981744780614e-06 -0.027659435471392754 -0.003457097057382587 0.9999940242138912 -3.769764718907385e-06 0.015428321781596454 -2.4798158759772414e-06 3.761214230913166e-06 0.9999999999898521 0.4950081681164803
1611676797701608 0.9999965885641302 0.0026120574897001846 3.679612951357425e-06 -0.04425432842420406 -0.002612057475711015 0.9999965885637109 -3.801488157992189e-06 0.023341342512739824 -3.689530104215657e-06 3.7918638289502246e-06 0.9999999999860048 0.4950086507253506
1611676797952236 0.9999926347453619 0.0038380267295682014 1.9025953595931374e-06 -0.0316039799313178 -0.0038380267321057033 0.9999926347462751 1.3318644018074624e-06 0.02226683663934318 -1.8974696153255533e-06 -1.3391568041404375e-06 0.9999999999973033 0.4949998244732990
1611676798202869 0.9999903117064373 0.004401873553920791 -4.949688155288074e-07 -0.030155626653657522 -0.004401873561227529 0.999990311580394 -1.588284797772009e-05 0.04890549997011757 4.2504973159067873e-07 1.5884872890204432e-05 0.9999999998737452 0.495042087382265
1611676798452872 0.9999843889989243 0.005587643146927767 5.275507355372427e-07 -0.0036978595913036766 -0.005587643149256108 0.9999843889888334 4.520343394875502e-06 0.03637260061936621 -5.022844341456582e-07 -4.523220593053328e-06 0.9999999999896443 0.494983386792620
1611676798702873 0.999984486035155 0.005570249884182218 1.7326999312566535e-06 -0.014472124583447635 -0.0055702499006050395 0.9999844859902692 9.622331718278007e-06 0.026925720896649036 -1.6790742579970228e-06 -9.631834009403453e-06 0.9999999999522045 0.494981777908442
1611676798952877 0.9999846201878709 0.005546114078772621 2.0279430724037205e-06 -0.01961704772334699 -0.0055461140935971825 0.9999846201626189 7.379105558943563e-06 0.018872540411479975 -1.9869865217444334e-06 -7.390239273357716e-06 0.9999999999707183 0.4949872207529104
1611676799202876 0.9999897422913976 0.004529382932657716 3.4319246760565875e-08 -0.01292036210797674 -0.0045293829325914565 0.9999897422898982 -1.732155922374986e-06 0.015464626671724734 -4.2164492195282597e-08 1.731982709417611e-06 0.9999999999984994 0.4950119214668866
1611676799452258 0.9999836389776584 0.005720294589996561 -2.138041598661851e-06 0.00800387587311058 -0.005720294599540749 0.9999836389698322 -4.484862355840794e-06 0.011094171305954017 2.1123518842324176e-06 4.497019206728077e-06 0.9999999999876577 0.4950154892626431
1611676799701636 0.9999752523956138 0.0070352384524807006 -3.7433279905357106e-06 0.02139129470718113 -0.0070352384807556515 0.9999752523735812 -7.594652827630896e-06 0.010478096702254618 3.689805158455473e-06 7.620800083309202e-06 0.9999999999641547 0.495024495225794
1611676799951020 0.999949460823401 0.010053645943392697 -4.475481100506765e-08 0.0049605487388382765 -0.010053645943168342 0.999949460817009 3.5763069604565785e-06 0.0015364253181841202 8.070747309902086e-08 -3.575676267831417e-06 0.9999999999936042 0.494986642660860
1611676800201011 0.9999300131114226 0.011830844292521136 2.895929813841285e-07 -0.012755260767652385 -0.011830844292366421 0.9999300131113257 -5.301787191150958e-07 0.005690019941450505 -2.958451755461073e-07 5.267154840864085e-07 0.9999999999998177 0.494999358587904
1611676800451016 0.999932654715969 0.01160543011546225 -4.7198564656587395e-06 0.021137447762945405 -0.011605430182746738 0.9999326546213801 -1.4487246536325924e-05 0.01833774507644489 4.551407877905093e-06 1.4541046853310457e-05 0.9999999998839215 0.4950387307888503
1611676800701650 0.9999362236062528 0.011293746818760659 7.920804556784662e-07 -0.007994573265236504 -0.01129374681981084 0.9999362236056645 1.3341797516705524e-06 0.005499657744753424 -7.769620513186651e-07 -1.3430402186277116e-06 0.9999999999987965 0.494988405676893
1611676800951649 0.9999476091402428 0.010236159603437048 -3.0087623870454606e-06 0.022420584411527663 -0.010236159624129902 0.999947609120443 -6.9445384387407626e-06 0.013621971221757399 2.937519351513011e-06 6.974972780481797e-06 0.9999999999713607 0.4950138271344211
1611676801201658 0.9999517827322522 0.009819988402970466 -6.010318399443938e-06 0.051142109888419676 -0.009819988503241726 0.99995178260673 -1.6887469967874705e-05 0.02764968063457654 5.844193838330896e-06 1.6945676957834913e-05 0.999999999839345 0.49503757249251
1611676801452279 0.9999533518808785 0.009658884848220159 -1.8578761675596585e-06 0.03562747841980071 -0.009658884840821119 0.9999533518748702 3.951091055832645e-06 0.013189078838794643 1.895952634657137e-06 -3.932961732924199e-06 0.9999999999904687 0.4949768489629143
1611676801702911 0.999959504666524 0.008999390224535855 -6.587066021813911e-07 0.013465630066747203 -0.0089993902172181 0.9999595046129631 1.0377037088884607e-05 0.00520219102206322 7.520669337421216e-07 -1.037068890957863e-05 0.9999999999459419 0.4949685644775092
1611676801952917 0.999962701184658 0.008636911309847058 5.251107465228826e-07 -0.01563230501397506 -0.008636911311610903 0.9999627011788116 3.4550718396017714e-06 0.008318847473424259 -4.952500114641256e-07 -3.4594783044694826e-06 0.9999999999938936 0.494987290223612
1611676802202915 0.9999780490483284 0.0066258146095553964 -1.6136919819436936e-07 -0.01889603806002149 -0.006625814609984767 0.9999780490443504 -2.824220776403505e-06 0.01048842424376103 1.4265289270563978e-07 2.8252279844670395e-06 0.9999999999959992 0.495001987890177
1611676802452291 0.9999926438594199 0.0038356516879199756 9.71733794378296e-07 -0.03150758154945259 -0.0038356516862416467 0.9999926438584136 -1.7231434248638074e-06 0.007879129268131101 -9.783360241552652e-07 1.7194035168153578e-06 0.9999999999980436 0.494998873885666
1611676802702295 0.9999880606967064 0.004886558569763043 -2.6742610168130364e-06 0.004431304056167486 -0.00488655858792867 0.9999880606768762 -6.828926840350075e-06 0.019348475233997194 2.6408591369788118e-06 6.8419132408746e-06 0.9999999999731073 0.4950188304107474
1611676802951683 0.9999895951317002 0.004561756493098483 -1.9502625846860526e-06 0.0011310724046688179 -0.004561756497995338 0.99998959513042 -2.5138495239481006e-06 0.01595662899577869 1.938774723073904e-06 2.522719990699072e-06 0.9999999999949387 0.4950082936815804
1611676803201053 0.9999901069483484 0.0044481458395552904 -1.337140247696628e-06 0.0016860980017160661 -0.004448145842690874 0.9999901069464643 -2.3512536604363256e-06 0.01572138295726911 1.3266683001121162e-06 2.3571781942015726e-06 0.999999999996342 0.495005649283630
1611676803450429 0.9999935717257561 0.003585595142336702 3.5224657707842317e-06 -0.028249886421634566 -0.0035855951830947807 0.9999935716641439 1.1633542755900152e-05 -0.00209119600424779 -3.480729952805173e-06 -1.1646098108623263e-05 0.9999999999261266 0.494968261932882
1611676803701056 0.9999843652023617 0.005591899227151137 3.410364617207433e-06 -0.03584366241271632 -0.005591899267968514 0.9999843651349979 1.2078900277579817e-05 -0.002580824844498143 -3.3427673034975388e-06 -1.2097781841851743e-05 0.999999999921235 0.494964927762836
1611676803951061 0.999978139464409 0.006612154019688954 -3.207196632535803e-06 0.003830183626445041 -0.0066121540415321565 0.9999781394459556 -6.8485864079145706e-06 0.012270208726758717 3.1618426133018697e-06 6.869643172338525e-06 0.9999999999714055 0.4950224822067507
1611676804201694 0.999979347503463 0.006426862370536403 2.0943250817106325e-06 -0.03541749431792362 -0.00642686235430697 0.9999793474763764 -7.66595157625749e-06 0.02080096602632131 -2.1435498443369466e-06 7.652333316210882e-06 0.9999999999684237 0.4950144190429764
1611676804452316 0.9999685897717913 0.007925873283634664 5.237643972649516e-07 -0.00510236643580513 -0.00792587328794657 0.9999685897330033 8.819273367605707e-06 0.006427391340168787 -4.538475025221843e-07 -8.823147642481696e-06 0.9999999999609732 0.4949705830170333
1611676804702319 0.9999661603010491 0.008226678991404385 -1.8211143849549974e-06 0.009507449637093773 -0.008226678990188138 0.9999661603024899 6.743343233191978e-07 0.013107236966183919 1.8266002910100442e-06 -6.593297806005896e-07 0.9999999999981146 0.495000048921101
1611676804952948 0.9999739594815494 0.007216672108921145 4.81984258133883e-07 -0.005310390500051561 -0.00721667210679333 0.9999739594725239 -4.279406273580346e-06 0.0159213934309588 -5.128547789065646e-07 4.275816513280451e-06 0.9999999999907274 0.495012064852105
1611676805202327 0.9999534657729623 0.009647086848026627 -1.3247614776890172e-06 -0.0048419110256049756 -0.009647086842887348 0.9999534657665452 3.8324729828678875e-06 0.00839706134143808 1.3616720306407976e-06 -3.819514552687076e-06 0.9999999999917788 0.494988136499197
1611676805452330 0.9999502254109535 0.009977309144752648 7.620156443726383e-07 -0.10729064219825868 -0.009977309146118787 0.9999502254095912 1.810572409037108e-06 0.004300465945296831 -7.43913074703869e-07 -1.8180851542016222e-06 0.9999999999980709 0.49499930888740
1611676805701706 0.999883082903942 0.015291190829700173 1.8127690928759853e-06 -0.23440455920391604 -0.015291190868163853 0.9998830826277748 2.3545261849794373e-05 -0.026555510899462533 -1.4525220565997925e-06 -2.357022840440468e-05 0.9999999997211675 0.494953961324139
1611676805951718 0.9997397441591496 0.022813240417603662 2.830949607643621e-06 -0.4770350064436735 -0.02281324045500198 0.9997397440647264 1.396799754995767e-05 -0.03469075334992129 -2.5115575499517015e-06 -1.4028945431156799e-05 0.9999999998984406 0.49498905157829
1611676806201711 0.9994648474296379 0.032711140978421205 2.4714375889141473e-06 -0.746199713311061 -0.03271114099276372 0.9994648474141861 6.004720277604268e-06 -0.04368051186587821 -2.2736937411661654e-06 -6.082350379552762e-06 0.999999999978918 0.494999745260128
1611676806451720 0.9989703558828568 0.04536769847494858 -3.630874286934959e-07 -1.0828807669603495 -0.04536769847453851 0.9989703558823712 1.067471839924782e-06 -0.04439897780271478 4.111423184234787e-07 -1.0499002828420707e-06 0.9999999999993645 0.4950067531684735
1611676806701722 0.9981029147799902 0.06156761730958644 2.0676717749660686e-06 -1.5007925326236429 -0.06156761733251633 0.998102914683236 1.3949675502894746e-05 -0.0539296678111539 -1.204900942249434e-06 -1.4050513404316001e-05 0.9999999999005658 0.494985354621133
1611676806952352 0.996866385572473 0.07910378811693806 4.357936764353404e-06 -1.998257488680152 -0.0791037881839102 0.996866385408927 1.8288335359416816e-05 -0.05483768095897644 -2.897604064845284e-06 -1.8575756074646864e-05 0.9999999998232727 0.494998543829439
1611676807202353 0.9952638300175322 0.09721064064283606 1.5523002334293179e-06 -2.556049611568799 -0.09721064064931843 0.9952638300062213 4.864530431065772e-06 -0.03180872913059542 -1.072064156014329e-06 -4.992391288242254e-06 0.9999999999869635 0.495010632353984
1611676807452357 0.9935472230673255 0.11341920265837706 -1.1452437291046585e-06 -3.1478961388366637 -0.11341920266222906 0.9935472230586748 -4.198495161800219e-06 -2.368631033719166e-05 6.616637531623349e-07 4.301295839686781e-06 0.9999999999905307 0.495017472073488
1611676807702357 0.9919005488120028 0.12701693298208291 2.0079891614120906e-07 -3.8050332778965124 -0.12701693297647096 0.9919005487807682 -7.964230798035289e-06 0.047980034217488476 -1.2107647246456372e-06 7.874220036980985e-06 0.9999999999682656 0.495038815047703
1611676807952366 0.9900541436469469 0.14068685997324853 8.726117735468761e-06 -4.545763356746857 -0.14068686016983145 0.9900541432337389 2.896599887295685e-05 0.06032553889713985 -4.564193590931472e-06 -2.9905557314785886e-05 0.9999999995424131 0.494997779557648
1611676808201740 0.9879607740106247 0.1547045854933576 1.5537799767846547e-05 -5.3335831126155515 -0.15470458612005517 0.9879607725221428 5.466846264423923e-05 0.0477141056441672 -6.893274809015262e-06 -5.641406555040047e-05 0.9999999983849681 0.4949521426945639
1611676808451742 0.9861487129985914 0.16586354499950537 1.7005480841613106e-05 -6.131888231829669 -0.16586354584307728 0.9861487095381213 8.267059271530451e-05 -0.00493126354237569 -3.0578954120681953e-06 -8.434608796037304e-05 0.9999999964381936 0.49492660682824
1611676808701748 0.9846394815870378 0.17459980318324225 5.113677194833695e-06 -6.937909900112486 -0.1745998032358324 0.984639480570967 4.481866350821647e-05 -0.07566401523774163 2.7902013705481295e-06 -4.5023072634284206e-05 0.999999998982569 0.494930350409992
1611676808951751 0.9840794077041313 0.1777293428927153 -2.3188952122648045e-06 -7.852079097794734 -0.17772934289609682 0.984079407705337 -1.342661768492652e-06 -0.13849480065616668 2.0433466331794825e-06 1.7334215202098288e-06 0.9999999999964102 0.4949438356208490
1611676809201759 0.9845893322260142 0.1748823800847941 -6.135719047380507e-07 -8.829252230060794 -0.17488238006083867 0.9845893320196635 -2.0373922700299263e-05 -0.23789333364497148 -2.958923741666494e-06 2.0167249861396166e-05 0.9999999997922637 0.4949807712223352
1611676809452380 0.9858239959710619 0.1677827429844357 -1.1046880135961966e-05 -9.729507112980432 -0.16778274334795695 0.9858239937471511 -6.621795829487369e-05 -0.3006120775638159 -2.1995118346325871e-07 6.713272810609517e-05 0.9999999977465743 0.4949730899387531
1611676809702385 0.9874665426453021 0.15782847366980596 -7.277403412662421e-06 -10.685404574549104 -0.15782847383394677 0.9874665418858951 -3.8741790673486286e-05 -0.43563229163525014 1.0716346925813266e-06 3.940480356641796e-05 0.9999999992230568 0.494935163024697
1611676809952394 0.9890857919291599 0.14734074849110448 -5.976183391832665e-06 -11.670330072757594 -0.1473407486118324 0.9890857912148578 -3.759190000776245e-05 -0.5391031131511734 3.721393942102396e-07 3.8062149524178726e-05 0.9999999992755673 0.494926721619755
