1619118092272033 0.9999727208254475 0.007386311999347236 0.0 0.0 -0.007386311999347236 0.9999727208254474 0.0 0.0 0.0 0.0 1.0 0.494999999999999
1619118092521406 0.9988154894797487 -0.04865670723797567 0.0003779072048482264 -0.3049278275636507 0.04865664613016049 0.9988155496082874 0.0001692507796547727 -0.005256320373671606 -0.0003856947781477353 -0.00015066260318970958 0.9999999142701557 0.495217491703069
1619118092772038 0.9956063323929946 -0.0936376766100905 0.00012812416470567694 -2.570185942646514 0.09363764408461771 0.9956063147970524 0.00023988389387314034 -0.07860990404299344 -0.0001500233979378668 -0.00022683267884634502 0.9999999630199574 0.494898915989666
1619118093021413 0.986154544421826 -0.16582887110734418 4.605660680220244e-06 -5.021120546447563 0.16582886677365982 0.9861545242857592 0.00020291145641007142 -0.36539301530631246 -3.819047086843866e-05 -0.00019933830336314336 0.9999999794028644 0.4944832558016255
1619118093271422 0.9742685108335403 -0.2253904760738729 4.5729163096693244e-05 -6.6712693889592005 0.22539046557810277 0.974268499712079 0.00016879878019569497 -0.7164794089495043 -8.259812055248536e-05 -0.00015414841885126138 0.9999999847079077 0.4945966506783907
1619118093521460 0.9596032597654619 -0.2813566728416914 8.05774195087454e-05 -8.490259695187019 0.2813566505861462 0.9596032455204282 0.00021530298047025295 -1.1666618461486526 -0.0001378992835145711 -0.00018393444903102958 0.9999999735759528 0.494842866767191
1619118093770802 0.938091864630261 -0.34638656017290576 6.666235832493223e-05 -10.624880020964532 0.346386539234807 0.9380918496619749 0.00021686972111521484 -1.8378580860413531 -0.000137656171726929 -0.00018035277746581525 0.9999999742618269 0.4948159879662253
1619118094021429 0.9175179581970637 -0.3976943486539526 3.784662725917243e-05 -12.516900269563571 0.3976943349955797 0.9175179449110651 0.00019151074882769816 -2.4474799143030803 -0.00011088770218016073 -0.00016066316197787685 0.9999999809456329 0.4945680997856923
1619118094272683 0.8979898026730946 -0.44001626514909953 2.640344457960456e-05 -14.251950206849479 0.44001625233700775 0.8979897882140936 0.0001947826208174916 -3.059343564891306 -0.0001094175449344718 -0.00016329486249970656 0.9999999806812944 0.494531578594048
1619118094523936 0.8839936739438206 -0.46749885970265603 2.4531411087356277e-05 -16.229574268834078 0.46749884539437103 0.8839936577255605 0.00020652767861036557 -3.523746122095705 -0.00011823706606392802 -0.00017110075502701393 0.9999999783722637 0.4946304262540860
1619118094774566 0.8796490848087252 -0.47562326144586037 2.7650360437023657e-05 -18.365393014392247 0.47562324435577563 0.8796490661750269 0.00022316732913479806 -3.7100033798767353 -0.00013046618666937652 -0.00018315778269437782 0.9999999747159003 0.494749650993176
1619118095024575 0.8776595136941079 -0.4792846515314025 2.874737997303069e-05 -20.532490672040037 0.4792846330572548 0.877659493744697 0.00023141465434936526 -3.8231555564574067 -0.00013614390292301595 -0.00018932509553664523 0.9999999728104229 0.494810209734991
1619118095275196 0.8752961164009456 -0.48358733240947877 2.3329679406864572e-05 -22.704129412047504 0.48358731738798305 0.8752960994224865 0.0002116483927370957 -3.939018703495634 -0.00012277085903836558 -0.00017397307912578314 0.999999977330342 0.494676044255249
1619118095524578 0.8709541846770665 -0.4913642312485366 2.0995435906665227e-05 -24.801946230740523 0.49136421618646403 0.8709541671252204 0.00021404775810623773 -4.172252242125492 -0.00012346147450614052 -0.00017610938473599364 0.9999999768713744 0.494676362801315
1619118095774580 0.871446287018789 -0.4904909464031417 1.831623604795337e-05 -26.89603579202337 0.49049093322684617 0.8714462711607893 0.00020223743709917624 -4.159515233748713 -0.00011515724752686769 -0.00016725511594428263 0.9999999793822674 0.494583788613395
1619118096023954 0.8706121504819231 -0.49197000201946106 2.3323385217303518e-05 -29.099831326845138 0.49196998503695466 0.8706121311299269 0.0002257208735786092 -4.254061200814923 -0.000131353520739797 -0.00018504092967897644 0.9999999742530534 0.494816177452193
1619118096273963 0.8703872380967762 -0.4923678047103287 2.5313326107096167e-05 -31.399416263592393 0.49236778519610186 0.8703872160136995 0.00024145139151932228 -4.314566887906426 -0.00014091528702533972 -0.00019769274348827015 0.9999999705302303 0.494934470164025
1619118096523337 0.8677309068260036 -0.49703427721850957 2.4628489183141344e-05 -33.68388790825187 0.4970342584542649 0.8677308857718057 0.00023621656124109508 -4.5412593439437385 -0.00013877862851792793 -0.00019273120803549443 0.9999999717975866 0.4949404419920186
1619118096773342 0.8621622495204335 -0.5066322682268912 1.705603954765234e-05 -35.86077522293121 0.5066322524578679 0.8621622301840015 0.0002227361296060004 -4.954747336937042 -0.00012755038365316212 -0.00018339354281695605 0.999999975048854 0.49475777903224
1619118097022718 0.8624048791877685 -0.5062191463465934 1.4933983208695642e-05 -38.055711174424225 0.5062191330254847 0.8624048625667208 0.00020585910218884047 -4.950229224135431 -0.00011708895871464123 -0.00016997402612072595 0.9999999786995031 0.4946257509170413
1619118097273013 0.8616481534406798 -0.5075061176647985 1.4242120806767081e-05 -40.31400220057651 0.5075061058090977 0.8616481387501527 0.00019378506092125199 -5.026878967765604 -0.00011061880081483368 -0.00015974657663843798 0.9999999811222561 0.4945737403965795
1619118097522728 0.8525766337738561 -0.5226022229350246 1.1134554507957973e-05 -42.42892669614833 0.5226022113797437 0.8525766190388567 0.00019320207373947916 -5.752421642051785 -0.00011046089404905364 -0.00015890063085870118 0.9999999812744901 0.494569102022748
1619118097772732 0.850533601266486 -0.5259207097636559 1.2494878421351372e-05 -44.57482223263274 0.5259206945415147 0.850533581912697 0.00022156149465404903 -5.951190676543497 -0.00012715109222431343 -0.0001818741808129308 0.999999975377191 0.4947918661815740
1619118098022736 0.8469373040007541 -0.5316927711117295 1.5402330204532285e-05 -46.78094148178524 0.5316927532022223 0.8469372823273886 0.00023663031312079195 -6.311676036310376 -0.00013885943459747578 -0.00019222173208762955 0.9999999718844313 0.495058842629399
1619118098272739 0.8443953142011976 -0.5357205924138358 1.4717234419699687e-05 -48.93335792597072 0.5357205758049951 0.8443952942675572 0.00022732298015640332 -6.570009762795335 -0.0001342087650875936 -0.00018406613395715123 0.9999999740538328 0.4950331614960275
1619118098522738 0.8461115263082439 -0.5330058957576099 1.1564124491063476e-05 -51.07394820328566 0.5330058823803232 0.8461115095580128 0.00020673461474044353 -6.430754549496661 -0.00011997530734395293 -0.00016875679404084506 0.999999978563535 0.4947554361434012
1619118098772742 0.8504326507615882 -0.5260839347844825 8.835275043225797e-06 -53.187550185014224 0.5260839237611461 0.8504326361516973 0.00019111755267163896 -6.001781192806931 -0.00010805768036225347 -0.00015788451076371272 0.9999999816980095 0.4944948875346637
1619118099022746 0.8519010784938029 -0.5237027328245585 9.536882880730124e-06 -55.36324676051987 0.523702721831835 0.8519010640754531 0.00019018624010057965 -5.837666230049693 -0.00010772553436059865 -0.00015702537153428596 0.9999999818691209 0.4944916798893243
1619118099272751 0.8561664058502284 -0.5167001887708261 2.038287774844773e-05 -57.4709540696627 0.5167001696760471 0.8561663837149468 0.00024093771471167592 -5.460995970386638 -0.00014194369740544362 -0.00019575094084779135 0.9999999707667777 0.4952083947715200
1619118099522753 0.8623464285871418 -0.5063187103587324 2.5326644982956883e-05 -59.57510651646403 0.5063186892247533 0.8623464051023444 0.0002500930994719041 -4.842026252860175 -0.00014846715684892035 -0.00020284353745410677 0.9999999684060011 0.495354073148152
1619118099772133 0.8693205785169187 -0.4942486531814057 2.4354547336975508e-05 -61.60910549647497 0.49424863553530374 0.8693205587582978 0.00022888734978097943 -4.0859905056744035 -0.00013429917305909518 -0.00018693928153684265 0.9999999735087184 0.495011085691717
1619118100022137 0.8772590779815681 -0.48001719713000707 2.35828025651237e-05 -63.62591854156733 0.48001718239129476 0.8772590613398735 0.00020953275177278596 -3.1378394447552878 -0.00012126755145522499 -0.00017249435818731925 0.9999999777699387 0.4947097904741488
1619118100272761 0.8853237147816031 -0.4649751813339728 2.8044778308433962e-05 -65.61277799352372 0.4649751654243689 0.8853236974606211 0.00021506046353028324 -2.139291105268971 -0.00012482648485452656 -0.00017735800304242592 0.9999999764812436 0.4947738008541930
1619118100522763 0.8895484339203309 -0.45684087257623257 2.9179456518259488e-05 -67.5685458314902 0.4568408575502552 0.8895484179154031 0.0002074963089515062 -1.5939202915186874 -0.00012074933421947227 -0.00017124764873379172 0.9999999780469204 0.4947147604443938
1619118100772771 0.9001463504624427 -0.4355875880360086 2.99313402028324e-05 -69.51817470500579 0.4355875755716048 0.9001463375576125 0.00018704821710707504 5.9719669348351636e-05 -0.00010841846799811912 -0.00015533305007722637 0.9999999820585398 0.494477821700809
1619118101022150 0.9114126083598783 -0.4114936884564263 4.099922120155433e-05 -71.39484199911432 0.41149367233721085 0.9114125932120831 0.00020629743045956917 1.7887112653342299 -0.00012225729709414864 -0.00017115115909828544 0.9999999778802169 0.4948188910133236
1619118101272774 0.9210869205589773 -0.38935701153336844 4.840198260978116e-05 -73.27714644345576 0.38935699350210784 0.9210869045363322 0.00021424389034968143 3.464766904227307 -0.00012799979322158516 -0.0001784915947826761 0.9999999758784016 0.4949502396296693
1619118101522157 0.9298296174490869 -0.3679903256039559 5.267016992154478e-05 -75.06148134984277 0.3679903063735131 0.9298296004138004 0.0002204704236409799 5.081684084492682 -0.00013010526603385376 -0.00018561781770717062 0.9999999743093226 0.4948677532713716
1619118101772158 0.9382123667490593 -0.34606004090567777 5.445417047253491e-05 -76.74307978365287 0.3460600224346021 0.9382123505048886 0.000215012609623996 6.764169569536082 -0.00012549684775582767 -0.00018288307790124614 0.9999999754021603 0.4946801725594624
1619118102021538 0.943687543556322 -0.3308380528884436 5.380879235852489e-05 -78.47299485645516 0.33083803786269733 0.9436875314343307 0.00018898758387144492 7.9588755364780726 -0.00011330297069865207 -0.000160543233502991 0.9999999806941534 0.494611390787296
1619118102271539 0.9465110214956002 -0.3226714786958484 5.4966879524514405e-05 -80.26118391874635 0.32267146523499085 0.9465110116682768 0.000174102172686905 8.62314188744557 -0.00010820456225228161 -0.00014705338175924386 0.9999999833335379 0.4947281356498219
1619118102521542 0.9468809263560267 -0.3215843715004841 5.751138083703415e-05 -82.1021179305772 0.3215843563971796 0.9468809150607513 0.00018550496981983316 8.686150617274235 -0.00011411192804336032 -0.00015715635727501059 0.9999999811401737 0.494789680075829
1619118102771548 0.9429293578031807 -0.3329928268905611 5.8566898317115066e-05 -84.06407507187548 0.3329928094253178 0.942929344000226 0.0002027118762737489 7.6523429474543345 -0.00012272604773524455 -0.00017164062330432404 0.9999999777389068 0.4948927350213193
1619118103021552 0.9373087531935478 -0.3485000688202192 5.671707589350942e-05 -86.04833084550785 0.34850004982065375 0.937308737179774 0.0002155904135861659 6.20493394454908 -0.00012829468475431956 -0.00018230887798476768 0.9999999751519735 0.494938738800416
1619118103272175 0.9311337307832912 -0.3646779027304543 5.1531292462770756e-05 -88.01279690160182 0.3646778846152841 0.9311337147476658 0.00021384691122054207 4.65517332450697 -0.0001259677668661823 -0.00018032774953485444 0.999999975807012 0.4948270076617184
1619118103521552 0.9249093920706392 -0.3801876045412656 4.254953100658794e-05 -89.9315945817662 0.38018758937278163 0.9249093775894633 0.00020032911063133784 3.13953476148152 -0.00011551710493109525 -0.00016910947230612297 0.9999999790288925 0.4944244130410629
1619118103771560 0.9184512511486536 -0.39553419293922754 3.843376512529818e-05 -91.88387572084774 0.39553417872574 0.9184512371803075 0.0001959068256321748 1.5998580747118054 -0.00011278738729678755 -0.00016472900138662705 0.9999999800716808 0.4943674783494415
1619118104020939 0.912203697851804 -0.4097370034070714 4.077077084287905e-05 -93.85935552594486 0.40973698889399585 0.9122036847836477 0.0001933829999580838 0.1585716369719001 -0.000116427418307299 -0.00015969939478374749 0.9999999804703797 0.4948536011980435
1619118104271566 0.9067791093339541 -0.42160603084851866 4.031681946469912e-05 -95.95975214446267 0.4216060150785923 0.906779094831956 0.00020303461673492333 -1.1027859838148906 -0.00012215906794743728 -0.00016710973533207282 0.9999999785757492 0.495045451940385
1619118104521568 0.9022222010705163 -0.431271490592177 3.5995027480289566e-05 -98.07140131551871 0.43127147385706244 0.9022221840479852 0.00021551475188053736 -2.1740723719316875 -0.0001254208805965366 -0.00017891856525227418 0.9999999761288748 0.4948669846297883
1619118104772201 0.8976904527423741 -0.44062665623878905 2.9407190854457873e-05 -100.17752449792748 0.44062664090745224 0.8976904356696923 0.00021219693873113633 -3.236868844547143 -0.00011989818154743554 -0.00017752957427577185 0.999999977053838 0.4944240773810693
1619118105022200 0.8941510420626905 -0.44776546669985645 2.8408301460165014e-05 -102.28324086760713 0.4477654536590624 0.8941510282545275 0.00019281761468228318 -4.046844119398223 -0.00011173838118798625 -0.00015968781510556816 0.9999999810071679 0.4944635942994779
1619118105272211 0.8922271015550701 -0.451586977784271 2.727773205302292e-05 -104.32682320037529 0.45158696455674224 0.8922270872337407 0.0001955673531570019 -4.501348727263393 -0.00011265360138170235 -0.0001621722244486139 0.9999999805046679 0.4944262942337863
1619118105522202 0.8909774954135353 -0.45404746620190156 3.316661544019285e-05 -106.48788545931319 0.4540474504569105 0.8909774797262641 0.00020821138687297105 -4.815211001182346 -0.00012408856008028663 -0.00017045244281213456 0.999999977773997 0.495154660023157
1619118105772207 0.888689827781001 -0.45850887547453995 3.327784705959781e-05 -108.67562559980719 0.4585088584051455 0.88868981050832 0.00021785422639505265 -5.384230647567844 -0.00012946177995957933 -0.0001783466472713035 0.9999999757160604 0.4953029019418090
1619118106022212 0.8868427839613234 -0.4620712883615434 3.1708047647042e-05 -110.91576150420259 0.4620712701933044 0.8868427647263506 0.00022784256894688528 -5.87638905747921 -0.0001333995620165665 -0.00018740916029855547 0.9999999735411815 0.4952674830377597
1619118106272215 0.884279983005642 -0.4669570761132944 2.685203364402674e-05 -113.09433057929945 0.4669570588595042 0.8842799633860065 0.00022700901319588833 -6.541339434836843 -0.00012974818038118577 -0.00018820077967659672 0.9999999738729379 0.4948251915803988
1619118106522219 0.8830314859545836 -0.4693137481004037 2.558434230767193e-05 -115.30789289220343 0.46931373195641923 0.8830314675592265 0.00021976147218596636 -6.891627963582216 -0.0001257288595344204 -0.00018204921617228314 0.9999999755251684 0.49468807596732
1619118106772221 0.8807416146114027 -0.4735970941826932 2.5907068612972567e-05 -117.51863723274323 0.4735970794133587 0.8807415984950026 0.00020748342526363432 -7.500730665653659 -0.00012108098031870875 -0.00017046977494091284 0.999999978139726 0.4947805713983094
1619118107022226 0.8794591947154003 -0.4759742892716386 2.7940391734264323e-05 -119.823261256407 0.4759742722671538 0.8794591763306967 0.0002220478627803604 -7.893948503128084 -0.00013026150757243236 -0.00018198312696692212 0.9999999749570405 0.495185360734145
1619118107271598 0.8776936979172089 -0.4792220485967478 2.7801421015032296e-05 -122.11923963414097 0.479222026220924 0.8776936720269118 0.0002601276514878377 -8.43250056297846 -0.0001490600373412451 -0.00021498934705471457 0.9999999657803428 0.495528334324308
1619118107521604 0.8765519290819017 -0.481307298022335 2.215859376708092e-05 -124.47009094437688 0.4813072791762885 0.8765519059584738 0.00024324936226608173 -8.81174180280459 -0.00013650085089814303 -0.00020255560526632218 0.999999970169372 0.4948731993624048
1619118107771610 0.8753118449183294 -0.4835588629264423 1.5123627984669952e-05 -126.71647605173301 0.4835588457298763 0.8753118213319976 0.00024114439330220539 -9.253344669508028 -0.00012984539898300016 -0.0002037633797020045 0.9999999708103287 0.4940900915329456
1619118108021614 0.874337568986575 -0.48531826186558336 1.249730519515058e-05 -128.9224942641099 0.4853182467690869 0.8743375476663346 0.00022823577065651517 -9.626170570549188 -0.00012169385068760926 -0.00019348993862537827 0.9999999738761252 0.493719841619986
1619118108271614 0.8746991370509221 -0.4846662968366955 1.872814719345182e-05 -131.21739850538984 0.4846662831322607 0.87469912032154 0.0002071261719144371 -9.608884247801877 -0.00011676856859535631 -0.00017209618234439916 0.9999999783740028 0.4943049456901331
1619118108521618 0.8741650096316192 -0.48562901012826976 2.1339049866400756e-05 -133.46984928567701 0.4856289958481265 0.8741649930681856 0.00020804664481212392 -9.836994419055232 -0.00011968733655943064 -0.00017150423590742603 0.9999999781306192 0.4946729626567820
1619118108771621 0.8741247902285599 -0.48570140088273034 1.691735249549641e-05 -135.64349178443365 0.48570138921026745 0.8741247758928871 0.00019153901332045215 -9.908420701041427 -0.00010781864405250706 -0.00015921221823085867 0.9999999815133048 0.493933143875553
1619118109021628 0.8744684207620557 -0.4850824473714298 1.843443267313006e-05 -137.90490266293241 0.485082435897707 0.8744684072060273 0.00018756297070763702 -9.86726766668161 -0.00010710383384477424 -0.00015507567528301903 0.9999999822401519 0.494136356514982
1619118109271635 0.8740608508454467 -0.485816455795061 1.7199614265602107e-05 -140.12696978618712 0.48581644665668017 0.8740608402888375 0.00016622038291743923 -10.01752518361909 -9.578610660769815e-05 -0.00013693087383459827 0.9999999860374791 0.493874186471446
1619118109521635 0.8732658487016599 -0.48724404281556855 1.5161710027593143e-05 -142.24681467628176 0.48724403176119796 0.8732658347426084 0.00018810144986377102 -10.28333582199006 -0.00010489151425469949 -0.00015687511953541028 0.9999999821939837 0.4938048128160647
1619118109771635 0.8724752197558594 -0.4886583578107198 1.585757772774973e-05 -144.39926840610582 0.48865834347489434 0.8724752011719835 0.0002160787963001687 -10.567196539141642 -0.00011942405307614294 -0.00018077445762300834 0.9999999765292454 0.4941925798477161
1619118110021638 0.8713390043007075 -0.49068150511019154 1.1172120632670691e-05 -146.377481491319 0.4906814893605225 0.8713389816732235 0.00023454930512504634 -10.970799788658947 -0.00012482371027678772 -0.00019889000519617052 0.9999999724309035 0.493772887495370
1619118110271644 0.8697023024151381 -0.4935766455131503 1.3249938487790737e-05 -148.35892175307768 0.4935766319637898 0.8697022842450958 0.00021249920361276646 -11.497007136765133 -0.00011640814586260368 -0.00017827118663127318 0.9999999773342637 0.493940337353609
1619118110521640 0.8692193348179644 -0.4944266859076275 1.545261748832541e-05 -150.3257910010538 0.49442667257258843 0.8692193178496267 0.00020718010333774304 -11.697370225074568 -0.00011586708551173222 -0.00017244476536384547 0.9999999784188107 0.4942328553181950
1619118110772273 0.8680680106017973 -0.49644529280971733 1.4651944650974163e-05 -152.21676413808188 0.4964452779855077 0.8680679911894904 0.0002205354893060404 -12.105706955891755 -0.00012220268972393508 -0.00018416591473411853 0.9999999755747092 0.4943293260891002
1619118111022281 0.8683037668441103 -0.49603282985261293 1.3802367090340973e-05 -154.01260500607833 0.4960328153569282 0.8683037475685962 0.00021919210440450126 -12.079547034478031 -0.00012071112689924418 -0.00018347890291091397 0.9999999758821579 0.4941420183883557
1619118111272939 0.8680103565056003 -0.4965460912774656 1.529244400351718e-05 -155.74400964896964 0.4965460731414851 0.8680103323565513 0.00024529127106834693 -12.233606525998278 -0.00013507242127580742 -0.00020532196062952364 0.9999999697991666 0.494661162454232
1619118111522909 0.8721687115953349 -0.489205210755497 1.678006092863624e-05 -157.47118984975674 0.4892051966460848 0.8721686937362209 0.00021269388123745184 -10.961219013651798 -0.00011868599881838018 -0.00017729605535714863 0.9999999772398712 0.4942556078425625
1619118111772292 0.8802504170715767 -0.47450943384628563 2.0831711954219985e-05 -159.21283017337475 0.4745094208635513 0.8802504017400308 0.0001993640365676038 -8.358201403087774 -0.00011293723893789073 -0.00016560543276308284 0.9999999799100106 0.49423655628051
1619118112022296 0.8931845171142573 -0.4496903576894827 2.4212468165897764e-05 -160.86363836385297 0.4496903469376437 0.8931845052950458 0.00017711497241156544 -3.93322545493316 -0.0001012730966968753 -0.00014730823789771877 0.9999999840220215 0.4938020407434849
1619118112272295 0.9085633400536005 -0.41774712002906617 2.8562805619033657e-05 -162.3030822968714 0.4177471084085948 0.9085633273236908 0.0001834571585816195 1.738656847412313 -0.00010258981735734532 -0.00015475041930261676 0.9999999827638187 0.4934924352590495
1619118112521668 0.9263559687756976 -0.37664919701524646 3.871919470202203e-05 -163.26175987609145 0.37664918262960345 0.9263559539188436 0.0001996530203954361 8.957443317544715 -0.00011106690635701869 -0.00017036621409119565 0.9999999793197478 0.493615227515029
1619118112771676 0.9453037217677207 -0.3261914640497773 4.889709686617502e-05 -163.69260221056612 0.32619145056637733 0.9453037100580602 0.000182553106799817 17.71677049302279 -0.00010576987225276745 -0.00015661831632321458 0.9999999821417186 0.493810252527476
1619118113021683 0.9646578075760669 -0.26350580724175815 6.188839218766449e-05 -163.26354456168914 0.26350579301057664 0.9646577971394611 0.00017738567345636086 28.386893173811014 -0.00010644327515373436 -0.0001548085249906027 0.999999982352075 0.494036015290006
1619118113271692 0.982164154727209 -0.1880254442241942 7.410161352710087e-05 -161.63025085604977 0.18802543118016096 0.9821641477570087 0.0001552031918646432 40.94850556814931 -0.00010196209719285431 -0.0001385020239144326 0.9999999852104602 0.494510866334275
1619118113521681 0.99550670536696 -0.09469102475184593 9.694654915110456e-05 -158.08573535969037 0.09469100713836871 0.9955066968152744 0.00017251327614095535 55.96128107098262 -0.00011284639781439297 -0.00016255815678579852 0.999999980420268 0.494415672653687
1619118113771691 0.9999089239802585 0.01349559816914632 0.00011212700810941468 -152.09422235416127 -0.013495615693852742 0.9999089176994038 0.0001570350850366788 72.71305284883478 -0.00010999751291769212 -0.0001585340059168725 0.999999981383758 0.4942674468225501
1619118114021694 0.9916243070662326 0.12915577688992905 0.00013758321356049287 -143.66175080506915 -0.12915579788334874 0.9916243015251709 0.00015651070209706455 89.81356530710731 -0.00011621659672783701 -0.000172969486238598 0.9999999782876297 0.494190443962342
1619118114271698 0.967067987869148 0.25451813763538256 0.00015636847895971064 -132.02913169057496 -0.2545181593367754 0.9670679847739009 0.00013925133141546927 107.3762393819994 -0.0001157769602948733 -0.0001744641223235641 0.9999999780789826 0.4940214650109256
1619118114521068 0.926374214130981 0.3766042838786058 0.00016957375295517492 -118.11548784765498 -0.37660430436474396 0.9263742147198262 0.00011060714370780021 123.4391216192168 -0.00011543362808326758 -0.00016632581110015982 0.9999999795054011 0.494552603531284
1619118114771075 0.8713593406172866 0.4906453580921878 0.0001791629533144401 -102.49352534947836 -0.49064537830701543 0.8713593427455674 9.248646221819569e-05 137.34567798888153 -0.00011073725987094636 -0.0001684944177424144 0.9999999796734453 0.4936605296762454
1619118115021081 0.8079123332213439 0.5893026603044383 0.00019074780057821004 -86.62657184842216 -0.5893026828040692 0.8079123339803397 9.295232119582834e-05 148.34012792896323 -9.933045060480561e-05 -0.00018750551731579486 0.9999999774875713 0.490494354321029
1619118115271704 0.7397521103785465 0.6728794648969506 0.0002022578745065565 -71.08273816398953 -0.6728794886433502 0.7397521119114367 8.17520634786475e-05 156.74430636588826 -9.461140508942097e-05 -0.0001965714366586319 0.9999999762041761 0.489142832295753
1619118115521705 0.6772070828411157 0.735792446435801 0.0002066775574937597 -57.90963841697746 -0.7357924681253262 0.6772070890407698 4.899729758941539e-05 162.37951435586916 -0.00010391166561857842 -0.00018525310710248714 0.9999999774418261 0.4914238049727912
1619118115771708 0.6242348523628659 0.7812367170115058 0.00020269771301958825 -47.46636240340347 -0.7812367350095386 0.6242348625369235 1.621454942302608e-05 165.98913371551416 -0.00011386357766451994 -0.00016847658637891285 0.9999999793253629 0.494159853133851
1619118116022339 0.5868976612103112 0.8096610986948309 0.00020130552225126354 -40.701997987716695 -0.8096611147459918 0.5868976735830868 -2.9674614158188253e-06 167.9959044137999 -0.00012054838075923045 -0.0001612476573861662 0.9999999797336405 0.4957312414379063
1619118116272348 0.5630863173948488 0.8263980628303979 0.00020226379094068675 -36.9129489992079 -0.8263980797052377 0.5630863289560462 -2.5787881558138544e-07 169.05933633268336 -0.00011410508607542072 -0.00016700520039505815 0.9999999795446464 0.494311165549044
1619118116521721 0.5505080535842198 0.8348298284097069 0.0002013308233686252 -35.52952600671751 -0.8348298436084124 0.5505080671544275 -1.4711131418625274e-05 169.5826555182903 -0.00012311553374946976 -0.0001599783834634504 0.9999999796247412 0.496234066243809
1619118116772351 0.5442663480620505 0.8389124515284891 0.00020257202892300615 -35.5080709688843 -0.8389124671145164 0.5442663615560158 -1.4006402397388312e-05 169.80950276092693 -0.00012200328650750453 -0.00016231698707024056 0.9999999793841969 0.4959016401299831
1619118117021732 0.5407626108112947 0.841175223755379 0.00020417249518519707 -36.07343478302854 -0.8411752407941028 0.5407626228331441 -4.401068067109811e-06 169.9116895480268 -0.0001141109234231032 -0.00016936491474299053 0.9999999791471115 0.49416917743503
1619118117271734 0.5378739104256652 0.8430252753868349 0.0002038139393242046 -36.818751207863876 -0.8430252924546583 0.5378739222752335 -3.970035024409875e-06 169.9994645668284 -0.00011297304282867715 -0.00016968492754239627 0.9999999792220586 0.49396870256181
1619118117521114 0.5341576990086861 0.8453848303356526 0.00020304155513913317 -37.42935443966515 -0.8453848463281852 0.5341577121391645 -1.2597286997641537e-05 170.1371794204406 -0.00011910576789375404 -0.0001649193160534878 0.9999999793077177 0.4952660117767193
1619118117771118 0.5284816267013906 0.848944714817136 0.00020352118107951655 -37.71510542890537 -0.8489447308518288 0.5284816399557729 -1.3650654058696368e-05 170.35614515748287 -0.00011914585815983215 -0.00016556411443208833 0.9999999791963943 0.49524043743004
1619118118021118 0.5226299540544866 0.8525596109637018 0.00020217861915470503 -38.00034014821005 -0.8525596263972958 0.5226299676879405 -1.7594706509864333e-05 170.59796126857563 -0.00012066514133335574 -0.0001631738073575682 0.9999999794071162 0.495630675209581
1619118118271746 0.517550380774379 0.8556527112060914 0.00020288846117721238 -38.47390503860788 -0.8556527277461257 0.5175503931041026 -9.806670885802186e-06 170.78752233320657 -0.0001133961073701484 -0.00016852661898379603 0.9999999793700507 0.494112591773211
1619118118522997 0.5129774799359776 0.8584020408869701 0.00020316836794605862 -39.094573998287736 -0.8584020574140575 0.5129774923969337 -1.0919447850853922e-05 170.95956902639898 -0.00011359407624413217 -0.00016879871420590653 0.99999997930169 0.4941312904856003
1619118118774255 0.5069210492803954 0.8619924642412102 0.00020343450038449464 -39.48918270702183 -0.8619924802126607 0.5069210626607231 -1.689721849948622e-05 171.20844398107445 -0.0001176905081302184 -0.0001667934538159468 0.9999999791644438 0.494935924595439
1619118119024887 0.496554826788435 0.8680053351813244 0.00020515270233064536 -39.083779170800554 -0.8680053515294758 0.4965548402815159 -1.7520182704318768e-05 171.64964295219852 -0.00011707717940007665 -0.00016937391221606718 0.9999999788027059 0.494700406584691
1619118119274260 0.48552747058946205 0.8742213865809771 0.00020626487776884914 -38.557140049006904 -0.874221404193422 0.48552748259877626 -9.441615021262696e-06 172.09630852721358 -0.00010840132862734774 -0.00017573700761970706 0.999999978682828 0.49290557331251
1619118119524260 0.4691061486133398 0.883141765917197 0.00020645479223943967 -36.957128376896975 -0.8831417838008686 0.46910616028412416 -9.288312795160272e-06 172.74589457715106 -0.00010505211182424383 -0.00017797164885052024 0.9999999786450728 0.4922199225993569
1619118119774269 0.44956511237690205 0.8932475402010472 0.00020409823524773172 -34.75330187504678 -0.8932475572077279 0.44956512462545384 -1.6146040800247066e-05 173.48106781826917 -0.00010617785979402523 -0.0001750515534190302 0.9999999790416079 0.492552025493381
1619118120024269 0.42705032779272445 0.9042278340636742 0.000204045118364615 -32.00096699027526 -0.9042278505794212 0.42705034091725885 -2.3595340572575543e-05 174.25165093968528 -0.00010847310106028819 -0.00017442688087454948 0.9999999789044247 0.4929860507129335
1619118120273650 0.40408120280747034 0.9147230954035903 0.00020067563325805164 -29.209012147051155 -0.9147231100124653 0.40408121772524974 -3.858199087514804e-05 174.97419027192396 -0.00011638109237510744 -0.00016797238207836432 0.9999999791203602 0.494652107308830
1619118120523648 0.38201345592566005 0.924156740136654 0.00019786231061736048 -26.65752891246561 -0.9241567529282891 0.38201347255106266 -5.295551741629621e-05 175.60156410699858 -0.00012452526671388704 -0.00016262607028886078 0.9999999790231096 0.4962954847935399
1619118120773026 0.35867180402107285 0.9334637089754344 0.0002025434809594255 -23.918267170783142 -0.9334637241614397 0.35867181913686913 -4.277232363511326e-05 176.1663086214332 -0.00011257305063221276 -0.00017372576556101563 0.9999999785733331 0.493752531104400
1619118121023651 0.34110702557996997 0.9400244442775173 0.00020312188039262003 -22.256018772319546 -0.940024459982203 0.3411070402510112 -4.152264987297251e-05 176.53124769030975 -0.00010831860930295927 -0.0001767758683346688 0.9999999785086857 0.4928814137261537
1619118121273047 0.33405314323395563 0.9425542200795067 0.00019925760801077377 -22.472058682532218 -0.9425542354621088 0.3340531569632047 -3.915511758221743e-05 176.62390179822785 -0.0001034684543199951 -0.00017473121227695872 0.9999999793816412 0.492119847878203
1619118121523035 0.333842339550966 0.9426289051198091 0.00019888070676493948 -24.100570634347434 -0.9426289191711772 0.33384235524847833 -5.081431694261085e-05 176.57035315625868 -0.00011429384750416878 -0.00017050673521140994 0.999999978932185 0.4942021106768913
1619118121773041 0.3427957830283817 0.9394099272126761 0.00019947431083059926 -27.477396137306318 -0.9394099402422077 0.3427958002949109 -5.892428214049556e-05 176.28140309739877 -0.00012373301161638947 -0.00016718915498186563 0.9999999783689641 0.4959898816533692
1619118122023047 0.3597120823797709 0.9330633297815495 0.00020100931233272372 -32.346088024603425 -0.933063343831289 0.35971209860159564 -5.015752080080908e-05 175.6904993672073 -0.00011910562494992381 -0.00016951215485251192 0.9999999785397398 0.4950854793471196
1619118122273055 0.3833775435123718 0.9235916954930244 0.00019784970800559325 -38.44743568582443 -0.9235917090602535 0.3833775590762106 -4.63647955596493e-05 174.75187117342665 -0.00011867327826151422 -0.00016495712852721461 0.9999999793528993 0.4951596745014898
1619118122523050 0.4084731998218383 0.912770292449166 0.0001955692714442912 -44.879192840083185 -0.9127703049471858 0.4084732158228627 -4.8576923290679795e-05 173.59400203635357 -0.00012422438170157585 -0.00015866745224081495 0.9999999796964711 0.4963448045780848
1619118122773056 0.43053894495151257 0.9025719801354505 0.00019378384282774165 -50.70150440155748 -0.9025719917606987 0.4305389612682785 -5.016895834337564e-05 172.42396696680055 -0.0001287125904752321 -0.00015330417859794592 0.9999999799654489 0.497298933299209
1619118123022437 0.4506897188528251 0.8926806462724073 0.0002027037400494552 -56.264174834602564 -0.8926806607557258 0.45068973431941617 -3.591075141563141e-05 171.1974945256205 -0.00012341332753055008 -0.00016476510214606785 0.999999978810806 0.4960266694810581
1619118123272437 0.4678198614862208 0.883823814234637 0.00020636985869045593 -61.240952042874426 -0.8838238304108579 0.46781987579597417 -2.4614754173178638e-05 170.0369849749105 -0.00011829902758065265 -0.00017087932810171396 0.9999999784027978 0.4949397087864375
1619118123523063 0.4814702091826916 0.87646243275665 0.0002040432239924812 -65.5106199855613 -0.8764624483975635 0.4814702233504261 -2.3950087878993602e-05 169.0360289205674 -0.00011923208891622547 -0.00016730496985871318 0.9999999788963778 0.4952018810011773
1619118123772447 0.49000593483206834 0.8717190728955886 0.0002043946532568181 -68.85085469837024 -0.8717190890514381 0.49000594835412353 -1.8938710593982636e-05 168.34546583890938 -0.00011666383114870428 -0.00016889464035527664 0.9999999789320757 0.494705237732171
1619118124022452 0.493457245160911 0.8697700302871619 0.00020398588628343947 -71.23087014346824 -0.8697700461455117 0.4934572589481674 -2.0424574128879332e-05 168.03651688125996 -0.00011842299876848079 -0.00016734215964293224 0.9999999789862974 0.4950620294689173
1619118124272454 0.4936700012897933 0.8696492904074625 0.0002037599073346817 -73.01994093544477 -0.8696493055179789 0.49367001602259936 -2.626996427852151e-05 167.99627538935255 -0.00012343581251279687 -0.0001642309686071198 0.9999999788958946 0.496049444379949
1619118124522449 0.4954530596111337 0.8686346893334723 0.0002054416600020695 -75.09780200724299 -0.8686347043755721 0.49545307499701446 -2.877729604399453e-05 167.83094575930474 -0.0001267836597898321 -0.00016419595623035858 0.9999999784827958 0.4966692941991814
1619118124773085 0.4970157267144597 0.8677415089267153 0.00020268658591789164 -77.09412600649043 -0.867741523775607 0.4970157414113232 -2.6508640573987484e-05 167.68337085318993 -0.00012374107154565492 -0.00016270435565453727 0.9999999791077199 0.496140126157161
1619118125022465 0.4957023752682669 0.8684924377301474 0.0002018829164755594 -78.54962224248462 -0.8684924539160364 0.49570238781554216 -1.4235132858937702e-05 167.75823710305573 -0.00011243694899442286 -0.00016827740036352577 0.9999999795203245 0.4939406640081623
1619118125272466 0.4938358511140983 0.8695551220049986 0.00020480979904150372 -79.89428735786375 -0.8695551393854702 0.4938358629130332 -8.186738880535858e-06 167.87902312807464 -0.00010826124456903505 -0.00017405050819051525 0.9999999789929619 0.49306762654700
1619118125521845 0.4927750335399638 0.8701567240463108 0.00020473018181340664 -81.40090043258095 -0.8701567402956663 0.49277504703721137 -1.8255461423610276e-05 167.94847659679462 -0.00011677103748162152 -0.00016915151203196363 0.9999999788761456 0.494743499834003
1619118125771775 0.49181472195053894 0.8706998550859582 0.00020401905026839936 -82.91412656270528 -0.8706998707547358 0.4918147360225042 -2.228381441488976e-05 168.0005339306975 -0.0001197420893333891 -0.00016667985271011498 0.9999999789398293 0.495332486788757
1619118126021850 0.4959841497448651 0.8683315503243608 0.00020472157284034576 -85.40507245387464 -0.8683315662623567 0.4959841636704127 -2.0452162664683667e-05 167.55893833215637 -0.00011929791620488754 -0.00016762225548283804 0.9999999788353933 0.495236746308416
1619118126271854 0.5079871021437727 0.8613646514558516 0.00020316416738277554 -89.3586879636984 -0.861364666917291 0.5079871161335304 -2.0653596686043803e-05 166.32445535456142 -0.00012099505760149999 -0.00016450667463817088 0.9999999791488752 0.4955865546576291
1619118126522479 0.5282234577887622 0.8491053746752274 0.00020331525596751747 -94.88979560144686 -0.8491053916446043 0.5282234696128234 -5.2935077018325615e-06 164.09948192062816 -0.00011189063577314194 -0.00016983992510390762 0.9999999793174428 0.4938093265379659
1619118126773737 0.5596865538570694 0.8287043629827522 0.00020050614990796924 -102.47772161575396 -0.8287043803845993 0.5596865639649814 6.798340907534995e-06 160.35730342645311 -0.0001065867833249584 -0.0001699652647176485 0.9999999798755332 0.4927927451346132
1619118127024371 0.5990572600090672 0.8007061616716664 0.0002046685702139204 -111.6123236671077 -0.8007061798112104 0.5990572706137588 1.1606000476222669e-05 155.14881245841596 -0.00011331519895934877 -0.0001708320478287419 0.9999999789880385 0.494057049379813
1619118127274993 0.6401725333968479 0.7682311402979211 0.00020629732201993132 -121.09516282152188 -0.7682311578695117 0.6401725454792196 9.533791217115146e-06 149.03586874543953 -0.00012474172646523754 -0.0001645873018374561 0.9999999786752609 0.496295419655751
1619118127524992 0.6866117461158813 0.7270242554289917 0.00020521059493765515 -131.57273209466322 -0.7270242736246492 0.6866117571721138 2.1710394163195536e-05 141.17263798881962 -0.00012511602402919046 -0.00016409969537025296 0.9999999787086353 0.496361864641894
1619118127774999 0.7355524423014784 0.6774677586663426 0.00020146885657574374 -142.52197478957265 -0.6774677779513875 0.7355524509742314 4.124533843435771e-05 131.59657586052313 -0.00012024852426497363 -0.00016682676801009117 0.999999978854561 0.4954050232881768
1619118128025002 0.7859884822712427 0.6182411069666094 0.00019847271165750966 -153.77639310254185 -0.6182411259839625 0.7859884908738317 4.851521651261372e-05 120.07573003636519 -0.00012600316595412148 -0.00016083639412639821 0.9999999791274283 0.496544579833079
1619118128275006 0.8353424087759225 0.5497299544399966 0.0001931051697297627 -164.7526915872835 -0.5497299743957077 0.8353424151902016 6.806514045532594e-05 106.61875787692232 -0.00012389149230659206 -0.00016301339839320866 0.999999979038765 0.496125920442987
1619118128525005 0.8796925724840392 0.475542788963209 0.0001837913871351094 -174.6754534237452 -0.4755428089057434 0.8796925768867205 8.406071825885924e-05 91.95554279829433 -0.00012170545055567248 -0.00016134826198126504 0.999999979577261 0.4956935826004225
1619118128775012 0.9206622059325357 0.39036018215594076 0.00017536357980897023 -183.8985332717464 -0.3903602023563993 0.9206622086335245 0.00010004038707665865 75.0202330200533 -0.00012239883697888582 -0.00016055836594887203 0.999999979619768 0.495826863555342
1619118129025014 0.9531482424237608 0.30250355282960234 0.00016878308910498035 -191.4616906328064 -0.30250357362140634 0.9531482438480965 0.00011486224720792947 57.45585933237275 -0.00012612906710555971 -0.00016053823666855671 0.9999999791594665 0.4965947896100037
1619118129275018 0.9774872764972696 0.21099431336004812 0.00015496270342636644 -197.31612646222325 -0.21099433400824133 0.9774872754561988 0.00013166397912512559 39.07065522387925 -0.00012369371990008442 -0.00016139611677373555 0.9999999793255785 0.49610080197393
1619118129525018 0.9933207199391175 0.11538599457051313 0.00013997990574758976 -201.50063865810853 -0.115386014736599 0.9933207167722173 0.00014571239199084722 19.764987521695677 -0.00012223177104006374 -0.00016089086158417766 0.9999999795867625 0.4958060130912951
1619118129775026 0.9997803358484911 0.020958625076908342 0.0001268200755721052 -203.85024074833655 -0.020958645548898355 0.9997803302877664 0.0001623089887435337 0.5948375634391998 -0.00012339044380118712 -0.00016493131229000716 0.9999999787862304 0.4960547616882544
1619118130024404 0.9975603925256387 -0.06980867664902629 0.00010920793371567009 -204.43784435820078 0.06980865596550129 0.9975603831735179 0.00018295562871592288 -17.945870207753348 -0.00012171339852941282 -0.0001748856297235611 0.9999999773004326 0.495733004964200
