0.9999727208254474142 0.007386311999347235611 0 -0 -0.007386311999347235611 0.9999727208254474142 -0 0 -0 0 1 0.4949999999999998845
0.999992400967910533 0.003898460638963414156 3.648655429526152195e-06 -0.01398386547993371587 -0.003898460659106327102 0.9999924009591982799 5.52991270821305433e-06 0.006889909471633542601 -3.627069556214892328e-06 -5.544094825879515988e-06 0.9999999999780534443 0.4949843038497471204
0.9999961663903428333 0.002768972142172037351 3.552623864890063537e-07 -0.01990482371856720084 -0.00276897214160284769 0.9999961663891392405 -1.592719062296677018e-06 0.004301956275812135293 -3.596712192651007906e-07 1.591729244782344337e-06 0.9999999999986682875 0.4949560756103651427
0.9999792401412923581 0.006443546158492871254 -1.256758513869983031e-06 -0.01323781999652107015 -0.006443546163075956033 0.9999792401352906035 -3.677464529602847239e-06 -0.01139187635561588093 1.233036511290284416e-06 3.685486167458858521e-06 0.999999999992448152 0.4949834225364597162
0.9999941004200753047 0.003434985740100241717 -4.920248746593982417e-07 -0.00798445255392547619 -0.003434985737693194933 0.9999941004086263519 4.81212328573071132e-06 0.0003168682496903562707 5.085515467796503985e-07 -4.810404797797749254e-06 0.9999999999883004698 0.4950367631177104433
0.9999995003690428375 0.0009996318289733228859 3.220395882853431966e-07 -0.003804747816457278772 -0.0009996318292137800626 0.9999995003688151307 7.474439940396099711e-07 -0.01165385470078532555 -3.212922585774949656e-07 -7.477655416161734852e-07 0.9999999999996685984 0.4950068282205344894
0.9999850016278947207 0.005476907997709887406 5.259418541068517358e-07 -0.006269402400732522126 -0.00547690799896094916 0.9999850016251280449 2.407523359720791537e-06 -0.000111608692301856961 -5.127481818902515872e-07 -2.41036778593733361e-06 0.999999999996963429 0.4950121490065321206
0.9999999930942297111 0.0001175082032342759122 2.365440972485545348e-06 0.01892500564588206133 -0.0001175082050440895502 0.9999999930967344852 7.64991542236593883e-07 0.004484067796964665703 -2.365351063374659487e-06 -7.652694956765579224e-07 0.9999999999969094722 0.4950072964534065756
0.9999997543990128968 0.0007008591654157420503 7.594013653004206287e-07 0.02489068636062879286 -0.0007008591662198800564 0.9999997543987396709 1.059191066008651964e-06 0.0028862070261012388 -7.586588350239460461e-07 -1.059723039277994124e-06 0.9999999999991504573 0.4950121542762722093
0.9999989595377579699 0.001442540995572216432 -1.053488740481215485e-06 0.02550226696149039685 -0.001442540993470600458 0.999998959536330112 1.992933233619666614e-06 0.0005944311302756492919 1.056362532255360943e-06 -1.991411459353597995e-06 0.9999999999974589215 0.4950158099780129217
0.9999946149546590224 0.003281776015526651716 -3.177992400218532662e-06 0.01085010871814906692 -0.003281776008817783447 0.9999946149574964194 2.113951454005395898e-06 -0.0006777957447398289675 3.184912801774082604e-06 -2.103510611065789804e-06 0.9999999999927156047 0.4950129566915169033
0.9999992535585202624 0.001221834885370657632 -2.036611696589373342e-06 0.002967879323679183806 -0.001221834884001906816 0.9999992535603692279 6.731705011742623146e-07 -0.01621414761411909405 2.037432679583818548e-06 -6.706815954758469465e-07 0.9999999999976992848 0.495008649766040365
0.9999942564900815567 0.003389245914372987414 -1.101545991707585096e-06 -0.01254211386086435606 -0.003389245915757063427 0.9999942564898934849 -1.257075363392936564e-06 -0.01265459413267027745 1.097279127427617436e-06 1.260801553621526395e-06 0.9999999999986030064 0.4949993162788134948
0.9999966568724035776 0.002585777381776559625 1.257281205278184172e-06 -0.01090211764692237614 -0.002585777380194912486 0.9999966568724067972 -1.257974465964388599e-06 -0.00438992910955669953 -1.260529843947648164e-06 1.254719211094073118e-06 0.9999999999984181542 0.4949978443996373434
0.9999985944701910157 0.001676619402300651412 2.693470527546852567e-06 -0.004065127349401035858 -0.001676619400934113669 0.9999985944736909937 -5.095217266584827647e-07 -0.0008475962408478326113 -2.694321015815980591e-06 5.050050855681387255e-07 0.9999999999962425612 0.4950031786995273686
0.9999997141544096912 -0.0007561018471660726614 1.824357391443933962e-06 -0.006611626481725134397 0.00075610184563055106 0.9999997141557203095 8.422331372926916949e-07 -0.00494251967858039612 -1.824993683992652898e-06 -8.408534965533211408e-07 0.9999999999979809484 0.4950018267427824248
0.9999978887085795298 0.002054891843769251613 3.551324817456448284e-07 -0.01185609616350777676 -0.00205489184393996922 0.9999978887085265722 4.810825019781023858e-07 -0.02004726757488084835 -3.541431594479722119e-07 -4.818112451129987621e-07 0.999999999999821032 0.4949975756247041447
0.9999987150277421799 0.001603104826911604889 1.048244266792873725e-07 -0.00293795791177186346 -0.00160310482692887211 0.9999987150277339643 1.650482138449406055e-07 -0.01058994265668863725 -1.045597023945188124e-07 -1.6521604630695399e-07 0.9999999999999806821 0.4949973003745071765
0.9999998585837297504 0.000531820826226298872 1.166955522857210919e-06 0.0310530591093975579 -0.0005318208261673305253 0.999999858584409429 -5.082281176689226219e-08 -0.001495948238387876262 -1.166982386461251644e-06 5.020219332945284325e-08 0.9999999999993175459 0.4949986043849138317
0.9999864128358282311 0.00521288269090002844 -1.262279178976302226e-07 0.05595486862656010724 -0.005212882690864071092 0.9999864128357962567 2.833551686678383751e-07 -0.01091011289348908612 1.277033000723052918e-07 -2.826933073463318445e-07 0.9999999999999517053 0.4949979713307254281
0.9999760249148209601 0.006924564690057470606 -1.280226780912416257e-06 0.08262400509440744056 -0.006924564689281412569 0.9999760249154602265 6.096140186895943851e-07 -0.02266160528683331191 1.284417399075613835e-06 -6.007343899799393445e-07 0.999999999998994471 0.4949984945641230372
0.9998450160618069793 0.01760522237744856569 -1.907370096275940137e-06 0.131436888781672867 -0.01760522237686381816 0.9998450160635844464 3.229201462649473359e-07 -0.03509327421952439935 1.912759565535369603e-06 -2.892904241290473964e-07 0.9999999999981286081 0.4949974944246735009
0.9995969034822149712 0.02839067716551644041 1.040921467628283202e-06 0.2501910713475083425 -0.02839067716381600201 0.9995969034815029852 -1.613492360831023087e-06 -0.05250329758493964272 -1.0863100165340314e-06 1.583289502338581494e-06 0.9999999999981563636 0.4949986628755335127
0.9989466264263039408 0.04588722647549345335 3.547299484113424106e-07 0.4063146543929861965 -0.0458872264753159842 0.9989466264262533146 -4.93153839272293506e-07 -0.06721603639820486475 -3.7698574716781567e-07 4.763567905699092981e-07 0.9999999999998152589 0.4950021180322038972
0.9971325265535351257 0.0756751245696210828 3.545158577362733325e-06 0.6382750413816772328 -0.07567512456307926016 0.9971325265584376485 -1.94463356841391725e-06 -0.09483336457363267247 -3.682153316828011696e-06 1.670777066355588647e-06 0.9999999999918248728 0.4949982570642504354
0.9941754358667225233 0.1077738498463602645 3.277066759354793036e-06 0.9228380958817560265 -0.1077738498419004431 0.9941754358714619544 -1.508852483493164362e-06 -0.1389523449366861785 -3.420594114857732615e-06 1.146881974590813975e-06 0.9999999999934918726 0.4950013736227221739
0.9901941334769683856 0.1396981675671173373 2.90138189250697488e-06 1.259871565901434343 -0.1396981675670511125 0.9901941334812024431 -2.264656423655159549e-07 -0.2040093561614064188 -2.904568164204369388e-06 -1.810727832910187392e-07 0.9999999999957651653 0.4950061542115110069
0.9851801205917537496 0.171522972198703022 1.083167888759255604e-06 1.63035155567629042 -0.1715229722001032353 0.9851801205911551174 1.368327472478708941e-06 -0.3007374493475078459 -8.324158762476241075e-07 -1.53383720001728189e-06 0.9999999999984769961 0.4950055247201797792
0.9798073869122747581 0.1999437034584846395 -1.295370646542095738e-06 2.017380762084782564 -0.1999437034554157055 0.9798073869113390622 2.17687097498493904e-06 -0.4307249259258210672 1.704465372959834557e-06 -1.873913057228105974e-06 0.9999999999967914555 0.4949994900879027271
0.9740860313456854991 0.2261778139813919175 1.42955722681917985e-06 2.489916815139946671 -0.2261778139772359086 0.9740860313442267771 -2.601057437152192808e-06 -0.5670658850432642728 -1.980813210826878233e-06 2.21031958774043792e-06 0.9999999999955951901 0.4949998572423667809
0.9696541847778269441 0.2444805962368022945 2.962821375381673432e-06 2.996020667418451744 -0.2444805962266864974 0.9696541847789356128 -3.402116360126118605e-06 -0.7252531969544665502 -3.704663581581934718e-06 2.57452402933091746e-06 0.9999999999898234737 0.4949975200539371012
0.9673783307971139944 0.2533360714520285217 2.770327463287413698e-06 3.530078307644300306 -0.2533360714494343746 0.9673783308009445969 -1.256144725598592319e-06 -0.8806066661103348903 -2.998181527165327654e-06 5.13343311711453475e-07 0.9999999999953734786 0.4950037830313958609
0.9668377943753956316 0.2553912280482725228 2.355431523269295526e-06 4.092835832612760072 -0.2553912280468509932 0.96683779437822992 -8.908182353576376213e-07 -1.082319803139207837 -2.504827381862422099e-06 2.597201885545512457e-07 0.999999999996828981 0.4950031092397726984
0.9665486647093780581 0.2564832913417073867 3.643570068207477322e-06 4.717349270851393328 -0.2564832913334116338 0.9665486647149661437 -2.594004507319730802e-06 -1.285141094797908057 -4.187006598013945025e-06 1.572716749502235351e-06 0.9999999999899975567 0.4949994642277322221
0.9681966029561646092 0.2501906033391130824 5.214034475961941633e-06 5.396130768167137326 -0.2501906033263228135 0.9681966029689038633 -2.986310455666204139e-06 -1.476953859669046132 -5.795357282050131085e-06 1.58683320724333167e-06 0.9999999999819476626 0.4950026407827627928
0.9703782011011292674 0.241590866529549364 6.282538999412106201e-06 6.120208140289594034 -0.2415908665159947344 0.970378201120670858 -2.84504977018611155e-06 -1.726231585154684112 -6.783776932018938733e-06 1.242970237247877977e-06 0.9999999999762174685 0.4950026282781023745
0.9705905361026969658 0.2407363935966284618 5.310482455672638825e-06 6.871247815753300792 -0.2407363935892006535 0.9705905361169946399 -2.005715287272600395e-06 -1.933956369153905896 -5.637152678530833506e-06 6.683018813459339363e-07 0.9999999999838876663 0.4950040838153390022
0.9738701392479662822 0.227105596280971489 4.609085113408450452e-06 7.655970438088166574 -0.2271055962748257662 0.9738701392586008865 -1.82254941985353216e-06 -2.202085396278002261 -4.902561533997208908e-06 7.281774343370102252e-07 0.9999999999877170476 0.4950000645798241505
0.9778544980743950621 0.2092858823236563581 7.610125127428494887e-06 8.5046966274301532 -0.2092858822935639018 0.977854498099792302 -4.56513696643697093e-06 -2.539870173532806863 -8.397013804907311964e-06 2.87134796529779579e-06 0.9999999999606224987 0.4949893622081982247
0.9797839621624115924 0.2000584600604091989 7.058058591566450375e-06 9.369363522886397178 -0.2000584600441333294 0.9797839621867207027 -2.948408013894681265e-06 -2.858022484559668452 -7.505226579080543209e-06 1.476778553195090122e-06 0.9999999999707451792 0.4949952110288070584
0.9802438539584418242 0.1977927874766618466 1.070306058977633252e-06 10.22952329754136258 -0.1977927874780698869 0.9802438539577051912 1.425670526157858125e-06 -2.969089054215714896 -7.67173588774435817e-07 -1.609203589895792378e-06 0.9999999999984107157 0.4949935315787942214
0.9815415650933927427 0.1912489372420571043 1.71214259826138577e-07 11.10935681071732617 -0.1912489372421335432 0.9815415650929627533 9.187365508594229337e-07 -3.191691699593957487 7.653476401316785936e-09 -9.345226572715111533e-07 0.9999999999995631272 0.4949855355804787527
0.982205515388348771 0.1878092797032866745 -5.229302326014278885e-07 12.01450209664466762 -0.1878092797037646811 0.9822055153877768952 -1.103299531771036707e-06 -3.407530349227247957 3.064150682652443073e-07 1.181878035551091399e-06 0.9999999999992543742 0.4949782076776074735
0.9809142473986950383 0.1944408374043153642 -1.411753083972910446e-06 12.93837795890670783 -0.1944408374068716527 0.9809142473972021214 -1.981793795692307836e-06 -3.540777546676310727 9.99467068678878796e-07 2.21847222146034922e-06 0.9999999999970394793 0.4949740068597155984
0.9823906699215461114 0.1868383570169089569 -7.418422608530081526e-07 13.87182580468427595 -0.1868383570170105701 0.9823906699218044603 -6.951487254181682363e-08 -3.691580276041162456 7.157908710417398933e-07 2.068953513894271861e-07 0.9999999999997222222 0.4949792340297690663
0.9835782301046152032 0.1804823128789424247 -2.091070039170921116e-06 14.81272252820302349 -0.1804823128775466801 0.9835782301067358402 8.39542777625228821e-07 -3.82911491392992831 2.20825359042357078e-06 -4.483548422552244765e-07 0.999999999997461031 0.4949729135052755025
0.985206899327435659 0.1713690914871063287 1.654271982713345306e-06 15.80574837450528491 -0.1713690914838768842 0.9852068993274964992 -1.929601705604564536e-06 -4.007731999367264208 -1.960474261954790179e-06 1.617565826570786808e-06 0.9999999999967698061 0.4949714079978098091
0.9870518023943608554 0.1604018060166212123 4.345392980506699648e-06 16.8510192154135332 -0.1604018060073791607 0.9870518024025097814 -2.40012237688537047e-06 -4.200237829886221519 -4.674111937469670725e-06 1.67203623618668139e-06 0.9999999999876783008 0.4949717090743186443
0.9876817148075984765 0.1564762928001791065 5.335443383753483366e-06 17.89555070059470765 -0.1564762927917550672 0.9876817148213913322 -1.963942468812550079e-06 -4.344393995975471157 -5.577030307390707566e-06 1.104879664290205058e-06 0.9999999999838378173 0.4949702225048650539
0.988685097531483037 0.1500059262720627173 2.157548682884910861e-06 18.88271622571391362 -0.1500059262713581698 0.9886850975338247194 -4.856687554163953791e-07 -4.494452732351754243 -2.20598942148968011e-06 1.565283721651523234e-07 0.9999999999975542897 0.4949634607237701212
0.9904949622379438656 0.1375490086332811224 -2.736456514642358435e-06 19.84442106916335646 -0.1375490086336543794 0.9904949622416706623 5.221517124561593005e-08 -4.62167595954775301 2.717628537187108417e-06 3.246780166869877353e-07 0.9999999999962543296 0.4949595483290591402
0.9914712018141645933 0.130325960371569155 -5.351342596725554712e-06 20.77815541252321196 -0.1303259603782449261 0.9914712018273047489 -9.168505210078435697e-07 -4.730682014540679603 5.186212651097616144e-06 1.606449751178857716e-06 0.9999999999852610122 0.4949392129591346223
0.9929402371488695866 0.1186157048515612128 -3.942899214884122704e-06 21.69345638175934354 -0.1186157048587079405 0.9929402371545060779 -1.630202348686465061e-06 -4.855894566587211081 3.721695680863242067e-06 2.086383276265708674e-06 0.9999999999908977255 0.4949451429140684366
0.9938907484378303181 0.1103683839155115698 -1.949442688670553819e-06 22.58798489717413815 -0.1103683839186044846 0.9938907484381788171 -1.557146550028835089e-06 -4.952617298251938749 1.765673304633814878e-06 1.762790389126054443e-06 0.9999999999968872677 0.4949515841538154048
0.9946018560732559077 0.1037648682585697174 3.62610534776531705e-06 23.51636853807292837 -0.1037648682569734526 0.9946018560798353114 -6.261117445571688094e-07 -5.059048855493678332 -3.671499511917520005e-06 2.464695595490501953e-07 0.9999999999932294159 0.4949605465672554105
0.9953139965435975345 0.09669564755248444277 5.572250025238486655e-06 24.4665988792155531 -0.0966956475487780881 0.9953139965591197846 -9.313839528538280658e-07 -5.156411989413865804 -5.636199216887968401e-06 3.882071599373896817e-07 0.9999999999840410991 0.4949538785498294735
0.9957387282744666335 0.09221922206733478011 9.893230972579116115e-06 25.47232202306064508 -0.09221922205617788526 0.9957387283233953834 -1.579009034934683274e-06 -5.292362481652095774 -9.996688212484527782e-06 6.599343844664196736e-07 0.9999999999498151437 0.4949502851776159673
0.9959825236595609699 0.08954782261990788805 5.56759843195104159e-06 26.47326966872913445 -0.0895478226137577521 0.9959825236747676946 -1.344768205848123281e-06 -5.416618279954662718 -5.665651801824455908e-06 8.407993146287736379e-07 0.9999999999835964548 0.4949415269249728966
0.9961456507524196757 0.08771455113757530009 2.829269367619396769e-06 27.47793784363638991 -0.08771455113676525361 0.9961456507564245832 -4.093696641987528576e-07 -5.476248557927775984 -2.854272051716976415e-06 1.59623717915831537e-07 0.9999999999959136021 0.4949352750465932926
0.9958690972140353814 0.09080055729264346898 3.417631355254953559e-06 28.4977712914796335 -0.09080055728914725177 0.9958690972195370916 -1.164932899326282674e-06 -5.584805244961137838 -3.509290008854295595e-06 8.497978431009833839e-07 0.9999999999934811035 0.4949301961340220046
0.9964429305940137871 0.08427031536604760731 4.421854798766520455e-06 29.51717765385739511 -0.0842703153588371251 0.9964429306028222966 -1.792708157452234545e-06 -5.681066712081613623 -4.557198036170852726e-06 1.413700271748452649e-06 0.9999999999886164392 0.4949265523791873678
0.9958304800277989477 0.09122310582307097127 3.718693582825619828e-06 30.51168473814679061 -0.09122310581840072097 0.9958304800341760687 -1.407075947942730874e-06 -5.829293626909917592 -3.831546253785525267e-06 1.061978338463070732e-06 0.9999999999920955451 0.4949212791540021916
0.9962410588299895897 0.0866242037930611275 4.555428680844576021e-06 31.49554414570456728 -0.08662420378682612887 0.9962410588397425659 -1.549009933999791998e-06 -5.962601156395441748 -4.672486844673806953e-06 1.148576914400289991e-06 0.9999999999884241486 0.4949177013600651875
0.9957775862725893878 0.09179868560803126909 -8.000248948265412132e-08 32.42588136699134083 -0.09179868560805345967 0.9957775862725314342 -3.42867975920585277e-07 -6.099254352729360562 4.818985634623534859e-08 3.487643688522484702e-07 0.9999999999999378275 0.4949132122512578391
0.9957601782465507201 0.09198732203908074889 -2.169927135705930426e-06 33.32052091345050826 -0.09198732204068595097 0.9957601782485534514 -6.517159188393494892e-07 -6.259208330585249946 2.100777429332641313e-06 8.485585457465878486e-07 0.9999999999974331644 0.4949075403554995534
0.9963127074119204618 0.08579620648470455413 -2.143695607951374024e-06 34.19771114228283437 -0.08579620648684560535 0.9963127074136106653 -9.274498261528925314e-07 -6.355082258278127227 2.056219498239882382e-06 1.107950998307844528e-06 0.99999999999727196 0.4949081966757882811
0.9964570340839081775 0.08410338411799038461 2.614461207055965278e-06 35.10706164543836394 -0.08410338411464107766 0.9964570340866846232 -1.365838681188059671e-06 -6.468433993986444364 -2.720069915364849529e-06 1.141114526143874832e-06 0.999999999995649369 0.4949180900408866601
0.9963922885990805778 0.08486699719264687025 3.165801883797474307e-06 35.96226214042614089 -0.08486699719078844018 0.996392288604010079 -7.170618755702061312e-07 -6.561972718400295612 -3.21523547244482451e-06 4.458028236877098663e-07 0.9999999999947315477 0.4949175034499931902
0.9964450483914789602 0.08424526996687774216 5.152042203211454853e-06 36.80258980979824912 -0.08424526996557384073 0.9964450484047974177 -4.699601844904584271e-07 -6.618056679705490275 -5.173318865178680982e-06 3.425431249307909122e-08 0.9999999999866175937 0.4949178532805084685
0.9962999665303431396 0.08594403201026773464 7.462410732841041333e-06 37.65303244226191026 -0.08594403200349746974 0.996299966558122696 -1.223824738857741552e-06 -6.71233763130156369 -7.539979996103855221e-06 5.779468795164337825e-07 0.9999999999714070942 0.4949149822382363784
0.9963948946999546807 0.08483639397868064647 8.648286557055696761e-06 38.51883035139522349 -0.08483639396489268958 0.9963948947367531339 -1.949529641540479001e-06 -6.753854218326962311 -8.782499638413631538e-06 1.208811936421515217e-06 0.9999999999607029899 0.4949151420616398345
0.9962288907265971494 0.08676403152432186905 1.084124776551675363e-05 39.41056184826764763 -0.0867640315030591136 0.996228890784504939 -2.417329549078490797e-06 -6.804444274439397589 -1.101010149336167297e-05 1.467583172539319094e-06 0.9999999999383116789 0.4949325163994722221
0.9960902963065320082 0.08834093905935515301 9.607764252662785566e-06 40.29968140102885599 -0.08834093904920052587 0.9960902963526732101 -1.477040089805733581e-06 -6.926902167925097942 -9.700683850283248457e-06 6.225063844676587941e-07 0.9999999999527543482 0.4949142724728066711
0.9959127084788290674 0.09032096665319729045 8.684893504002882242e-06 41.20604587649150119 -0.09032096664159869337 0.9959127085162652326 -1.719358559865702532e-06 -7.043429773486460377 -8.804689939897350715e-06 9.279030637412266052e-07 0.999999999960808017 0.494906427283224204
0.9953477978866869247 0.09634708690134038966 9.485834680953057229e-06 42.1308073109870449 -0.09634708688550433497 0.9953477979311766699 -2.113553483538201246e-06 -7.160961838460679019 -9.645339382374899884e-06 1.189788267368166181e-06 0.9999999999527756644 0.4948966042774327057
0.9952972390468000086 0.09686798186353681728 6.142894936561601832e-06 43.01102126529584524 -0.0968679818574844087 0.9952972390655278057 -1.275956792447934642e-06 -7.303262919246009233 -6.237605729658878269e-06 6.74906437399156063e-07 0.9999999999803181883 0.494881447596099755
0.9954819323027377376 0.09495115781658824972 9.504181313032192196e-06 43.94322013053174913 -0.09495115780452309528 0.9954819323477830384 -1.713744314624936062e-06 -7.469742925692212765 -9.623962785756212901e-06 8.035684821391369548e-07 0.9999999999533666362 0.4948755704316337711
0.9953708674339291074 0.09610846046145064825 9.684523693950513755e-06 44.90563972488766353 -0.09610846045170926 0.9953708674809010892 -1.467360619142470413e-06 -7.569470803943397996 -9.78071852043440896e-06 5.298033498805525472e-07 0.9999999999520281513 0.4948670937884619425
0.9954944019617976148 0.09482033340299536595 6.188710414888038249e-06 45.84513961192129017 -0.09482033340271379951 0.9954944019810033629 -3.395468522049332776e-07 -7.672846682766822468 -6.193022519234585658e-06 -2.487985942987717473e-07 0.9999999999807920315 0.4948538055505159461
0.9951502725678770256 0.09836633064081304334 2.564161772650843363e-06 46.76068083248740237 -0.09836633064193278653 0.995150272571020289 3.140004666841670691e-07 -7.791524348372369069 -2.520839213242453774e-06 -5.647048347551657985e-07 0.9999999999966630027 0.4948461949833071749
0.9952060886216380631 0.09780000592155675687 3.794250944722098726e-06 47.7031637175387857 -0.09780000592120129121 0.9952060886288665031 -2.79555633912873226e-07 -7.887210527722402276 -3.803402184625346385e-06 -9.28622958817702178e-08 0.9999999999927625671 0.4948316339318945545
0.9944978686786877242 0.1047568092540473311 1.052098911622980306e-05 48.68524597698718281 -0.1047568092267240486 0.9944978687323332567 -3.116881298233681877e-06 -8.009366254690014841 -1.078961579267319013e-05 1.997586558292527795e-06 0.9999999999397967132 0.4948353793552142665
0.9934926544216550193 0.113896205197254935 7.356039405261706145e-06 49.60790360505298224 -0.1138962051962365135 0.9934926544488477118 -5.585749262508437584e-07 -8.112987385467066659 -7.371790679382083908e-06 -2.828848873589522825e-07 0.9999999999727881006 0.4948279617861074398
0.9924427747059162419 0.122708348688321367 9.921679816496987121e-06 50.55174388528723028 -0.1227083486845943344 0.9924427747554821488 -9.85818002311055513e-07 -8.221689997031125685 -9.967667546490543981e-06 -2.39104992890990642e-07 0.9999999999502939829 0.4948222236848660027
0.992203319380823956 0.1246297427594722368 1.521889989299030192e-05 51.50313555639371543 -0.1246297427133251784 0.9922033194954850144 -3.947554071029584378e-06 -8.400462652465904512 -1.559222564129599114e-05 2.020048674667593988e-06 0.999999999876400758 0.4948075747539032454
0.9918578743236827755 0.1273497430978382805 8.789355110784121349e-06 52.36795732402882209 -0.1273497430880608239 0.9918578743624831828 -1.665542481978414557e-06 -8.549685400160125681 -8.929897484397855209e-06 5.326593105028109252e-07 0.9999999999599863409 0.494794597776375189
0.9913741070957192703 0.1310625028667827818 1.116657918972134655e-05 53.23505931498840482 -0.1310625028521286983 0.9913741071584519782 -2.037289308071506659e-06 -8.703893591649828565 -1.133726971000373911e-05 5.561960517836802158e-07 0.9999999999355783098 0.4947843206001619198
0.9917118339512490666 0.1284820544850137081 8.86525590907708222e-06 54.02364941516165686 -0.1284820544786499097 0.9917118339908644886 -1.286019313574027154e-06 -8.8458442360292171 -8.957009599904581796e-06 1.363342792840160381e-07 0.9999999999598764289 0.4947760430453071456
0.9929355646844971739 0.1186548115928919844 8.530328354790194103e-06 54.77567912511683801 -0.1186548115862551128 0.9929355647211051128 -1.281742840702339729e-06 -8.952727906127439184 -8.622151357494132608e-06 2.605235476065648019e-07 0.9999999999627950942 0.4947702480265109837
0.9933858982058489939 0.1148235914714229866 9.465458846801964282e-06 55.51433385569902157 -0.1148235914655825196 0.9933858982509424784 -1.159965833612932471e-06 -9.032526818725150619 -9.536044781887282652e-06 6.543572185220205664e-08 0.9999999999545295948 0.4947665345859241781
0.992940313233064531 0.1186150669260562507 1.603070281262198744e-05 56.30217187215600916 -0.1186150669244824263 0.992940313362100313 -1.052247428893541994e-06 -9.140117945120120879 -1.604234347338055937e-05 -8.566639953214127223e-07 0.999999999870954448 0.4947603283411307062
0.9942390513963736964 0.1071853922444309659 1.923744397929927051e-05 57.08915811534411233 -0.107185392193673415 0.99423905158124537 -3.653327153889579789e-06 -9.226829438230449654 -1.951820136081273364e-05 1.570307546198785162e-06 0.9999999998082867991 0.4947436763324734588
0.9952938633992819417 0.09690265899433958552 1.271970089070798656e-05 57.82822887972569958 -0.09690265897041118459 0.9952938634797856565 -2.485656108376404291e-06 -9.307751366463714149 -1.290070692806722195e-05 1.241385433570069562e-06 0.9999999999160151809 0.4947347847353796846
0.9963314319332647884 0.08557848828900711802 9.284981241358173884e-06 58.56547401765298844 -0.08557848828166363109 0.9963314319764536853 -1.186062950053766291e-06 -9.405507814044414161 -9.35242013035810307e-06 3.871171390310198151e-07 0.9999999999561909325 0.4947248264323699796
0.9970422707153101527 0.07685512549508316527 9.706993234710383029e-06 59.32644484569947707 -0.07685512548681228129 0.9970422707624505554 -1.222767744514775015e-06 -9.495984782498469556 -9.772258545467408332e-06 4.731189453951540273e-07 0.9999999999521392846 0.4947189967369708952
0.9980257901796618647 0.06280543048271126916 6.354147430530261438e-06 60.10097221913193266 -0.06280543047601654105 0.998025790199530638 -1.247904088243664013e-06 -9.554809147541057257 -6.419978163862563329e-06 8.463654990552732995e-07 0.9999999999790335492 0.4947092905811588115
0.9990119122389711226 0.04444321267482346377 7.348959939542839607e-06 60.94622894145668823 -0.04444321266943887516 0.9990119122658406292 -8.944680964604688851e-07 -9.610202159680996559 -7.381451558209585815e-06 5.669728939894524977e-07 0.999999999972596143 0.4947103553050533065
0.9993869589884930571 0.03501008572412954434 1.017614247327382043e-05 61.86641078928793291 -0.03501008571944085046 0.9993869590402619796 -6.385745332142464613e-07 -9.664474454456101427 -1.019226063027465079e-05 2.819154405539309616e-07 0.9999999999480189139 0.4947038306812080455
0.9997945907135106225 0.02026761614123939736 1.087142474855375053e-05 62.84593077965509167 -0.02026761613599898509 0.99979459077254762 -5.919972286641347213e-07 -9.734008072403957712 -1.088119003018208555e-05 3.71537763280781564e-07 0.9999999999407306328 0.4946963568353275886
0.9999845434417462542 0.005559926464110711425 9.876668481044026377e-06 63.87490688668783179 -0.005559926448394151427 0.9999845434892996598 -1.618024186786618398e-06 -9.794546333259091853 -9.885511917707654074e-06 1.56308562739173259e-06 0.9999999999499165071 0.4946846352567563221
0.999999748219403739 0.0007095162015944705969 1.225240504945073566e-05 64.98465330918327254 -0.0007095161815836270288 0.99999974829313798 -1.637485215120176863e-06 -9.787952288144536439 -1.225356378772632897e-05 1.628791523187133753e-06 0.9999999999235983372 0.4946746364921741357
0.9999167466005753901 -0.01290347680010711304 1.250689885014622024e-05 66.13255740298457397 0.01290347680683806564 0.9999167466786015313 -4.576322127349945553e-07 -9.793083148954147887 -1.249995256263654721e-05 6.18976592535869809e-07 0.9999999999216837576 0.4946684781544475329
0.9994887631773171632 -0.03197205289029521336 1.08852820747197101e-05 67.29300309810567171 0.03197205288829946951 0.9994887632365921926 3.573529801474169961e-07 -9.783414154716409072 -1.089114242672482913e-05 -9.145473948268573537e-09 0.9999999999406912199 0.4946545519937440849
0.9991779777762332948 -0.04053848352885672246 9.077999949391902531e-06 68.45084586712182784 0.04053848353933421633 0.9991779778165733594 -9.730714236253593869e-07 -9.735617315215984391 -9.031090792173320173e-06 1.340279888808330317e-06 0.9999999999583213395 0.4946319565481110958
0.9985960751460618567 -0.05297054513559133065 7.290507115830706801e-06 69.60639768835692109 0.0529705451507943223 0.9985960751700455607 -1.908125537404182296e-06 -9.705389085606293875 -7.179197341964392122e-06 2.291628808889082737e-06 0.9999999999716036037 0.4946183138301305515
0.9971907375671130724 -0.07490415755536418418 9.670098724840423541e-06 70.7936074459180702 0.07490415756866385111 0.9971907376124795608 -1.020066805189485881e-06 -9.646014389196389871 -9.56652563551621379e-06 1.741531768424602382e-06 0.9999999999527241501 0.494614937821950984
0.9967527460961801422 -0.0805230589205151448 1.15775473561147492e-05 71.98090182429906747 0.08052305891698836871 0.9967527461634049235 7.711884840407903196e-07 -9.569070390725830322 -1.16020505767834857e-05 1.635752886452456578e-07 0.9999999999326826261 0.4946099551086348134
0.9959990920161608807 -0.08936335118723402748 1.303083591437821236e-05 73.18098638713995285 0.0893633511910602446 0.9959990921010180021 2.894842181951556201e-07 -9.490151484981531382 -1.300457001989177635e-05 8.761531476542790075e-07 0.9999999999150565033 0.4945951061549800354
0.9947960054771524119 -0.1018867376478506115 1.343174882426989069e-05 74.40416065897025533 0.1018867376656092394 0.9947960055658037204 -6.427898716442349518e-07 -9.36337145142266003 -1.329635831513196091e-05 2.007961865521592861e-06 0.9999999999095872116 0.4945878924246014385
0.9950210747782021192 -0.09966474103852170086 1.196613811697110408e-05 75.64704987762854671 0.09966474105031548902 0.9950210748488961254 -3.918853159126153692e-07 -9.203416163223016255 -1.186750246241170642e-05 1.582536205029406687e-06 0.9999999999283287755 0.4945750936738488868
0.9955646620276197289 -0.09407977255972747865 1.091667272788770734e-05 76.9276361081022344 0.09407977255899829805 0.995564662087371155 5.814388967001897432e-07 -9.114312859484959617 -1.09229552346168817e-05 4.481780686576684219e-07 0.999999999940243911 0.4945592230712364534
0.9963323107953682145 -0.08556825548840692186 1.095742387094705641e-05 78.24368844515957733 0.08556825548320230734 0.9963323108556217944 9.437759259135005616e-07 -9.001842533098830756 -1.09979927059176091e-05 -2.706803911500771203e-09 0.999999999939521822 0.4945513365435207365
0.9969973442758153226 -0.07743574979773594491 1.274622269064974709e-05 79.60989317307735291 0.07743574980133458019 0.9969973443569911664 2.116784280189945174e-07 -8.907801029234031276 -1.272434165095028158e-05 7.759704806098409847e-07 0.9999999999187443311 0.4945533383817312667
0.9986227153178393046 -0.05246591436652094098 1.682686105771925069e-05 81.02215215015111482 0.05246591441235262665 0.9986227154545641582 -2.293662886482798191e-06 -8.872013795487189824 -1.668334656144838856e-05 3.173340511806044454e-06 0.9999999998557976832 0.4945450455378935795
0.9997853934507460183 -0.02071634194820934707 1.486788567357993508e-05 82.45227540370358099 0.02071634198584857908 0.9997853935576792583 -2.382037882048214181e-06 -8.901036136142897348 -1.481534781823259427e-05 2.689534885338582424e-06 0.9999999998866356821 0.4945133326728265444
0.9999877396627598891 0.004951797713510290751 1.502668911567991087e-05 83.93852233630539672 -0.004951797703727139899 0.9999877397754736164 -6.881851329603735725e-07 -8.913862430720300267 -1.502991263866532339e-05 6.137675709211566375e-07 0.9999999998868622786 0.4944981072454008864
0.9993782614280575238 0.03525748723232564191 1.346581141173466629e-05 85.45916079072007676 -0.03525748723856394345 0.9993782615185323737 2.260932533841730667e-07 -9.027747766209792246 -1.344946771860130248e-05 -7.007233564937810743e-07 0.999999999909310211 0.4944733683597049012
0.9976878634604556817 0.06796268816420517056 1.111030190910851953e-05 86.98389292668619532 -0.06796268816171653626 0.9976878635223060954 -6.018178773266316275e-07 -9.191491853080396623 -1.112551453551467197e-05 -1.546595918089422017e-07 0.9999999999380992932 0.4944497681190743177
0.9950626486444723584 0.09924880416394285532 1.212053116246957431e-05 88.54417215070493796 -0.09924880415159557934 0.9950626487182073765 -1.617454762901261039e-06 -9.362419328215997538 -1.222121829340577553e-05 4.065205968779040768e-07 0.9999999999252380256 0.4944309612182362645
0.9908052430060156901 0.1352958623069906996 8.753907307087310978e-06 90.08522509771232478 -0.1352958623182214659 0.9908052430429049595 7.010031573346247674e-07 -9.555104769519344288 -8.578574430322197049e-06 -1.878925041417069509e-06 0.9999999999614386237 0.4944201351086858764
0.9834858839637368177 0.1809848494819482068 1.744409329165387291e-05 91.70889000147492709 -0.1809848494198983138 0.9834858841167103405 -5.085451048278238613e-06 -9.932441569167362871 -1.807640910607703939e-05 1.844352721913599988e-06 0.9999999998349207164 0.4943859509109305717
0.9755012388085694264 0.2199939381285950513 1.648790282239463308e-05 93.31436348854808216 -0.2199939380661390387 0.9755012389463024736 -5.53292445883349439e-06 -10.3369535904173091 -1.730117947193900824e-05 1.770135991475904836e-06 0.99999999984876764 0.4943623010542115837
0.9617593930786761947 0.2738957275553257076 1.594075778773141908e-05 94.91386796755814714 -0.2738957275162625105 0.9617593932107781907 -4.626603142046610164e-06 -10.80922305112923887 -1.659838037094917064e-05 8.357357847941398663e-08 0.999999999862243194 0.4943473777977195893
0.9461239205625534554 0.32380476628269661 1.655849546895786045e-05 96.4750916694373899 -0.323804766262595356 0.9461239207060652134 -3.954953920495036508e-06 -11.36391193653740928 -1.694702158396875895e-05 -1.619843246083135967e-06 0.9999999998550870295 0.49432635101092115
0.9294863764102971881 0.3688564433761431505 1.580474534861194851e-05 98.0112748409556076 -0.368856443374485421 0.9294863765400678268 -3.126122846405997388e-06 -11.97026681420769911 -1.584338604090203501e-05 -2.923993561009091754e-06 0.9999999998702184811 0.4943013605611844552
0.9072341322296419985 0.4206259966924709714 1.504082705583691731e-05 99.5188179379056379 -0.4206259966833633679 0.9072341323500852095 -3.917623392041380656e-06 -12.66691558913132631 -1.529340592777303783e-05 -2.77236121282229263e-06 0.9999999998792126199 0.494272902060022945
0.8829338182802101143 0.4694974677147077391 1.867721636137869746e-05 101.0058138948448061 -0.46949746762937411 0.882933818477363741 -8.989940612635403076e-06 -13.4303367995344658 -2.071150031301791856e-05 -8.313831928067022236e-07 0.9999999997851710676 0.4942246560919327791
0.8572781954847059627 0.5148534695074100664 2.202047245662961097e-05 102.4566326635109306 -0.5148534691864082857 0.8572781957542063846 -1.879801077721872919e-05 -14.31418806684049194 -2.855589196576338254e-05 4.777808120376621383e-06 0.9999999995808666053 0.4941646893999946943
0.8302633947557627181 0.5573712363032219397 1.651324386933106656e-05 103.8258701938412258 -0.5573712360082546668 0.8302633948912560014 -1.940384984194042542e-05 -15.24593091756681673 -2.452548969106244586e-05 6.906299095145739696e-06 0.9999999996754015408 0.4941393396139460714
0.8003240146668928467 0.599567736966042153 1.841517551871231216e-05 105.1604328938955319 -0.5995677367186030837 0.8003240148733387072 -1.747524674085590787e-05 -16.2491868611303083 -2.521570134707124453e-05 2.944714521906165162e-06 0.9999999996777483302 0.4941046481823885284
0.7531695240662970026 0.6578264723316822327 1.78783363672210001e-05 106.3798603775850609 -0.6578264722252472607 0.7531695242738961626 -1.212236555289330609e-05 -17.34971733408281835 -2.143983106448344505e-05 -2.630646647675006671e-06 0.9999999997667065044 0.4940922714985223063
0.7021840433485853072 0.711995483847026045 1.58209955660906173e-05 107.5317472519557924 -0.7119954837725582797 0.7021840435175705775 -1.090998547226826928e-05 -18.55183720908316758 -1.8877111024162739e-05 -3.603659680050534165e-06 0.9999999998153339398 0.4940686602441694553
0.6452677313517635183 0.7639565136137155266 1.362196850954232744e-05 108.6072467347782293 -0.7639565135427031084 0.6452677314868677794 -1.09408324189992922e-05 -19.86565283021433359 -1.714813690938853924e-05 -3.346825456030952589e-06 0.9999999998473698692 0.4940405382680350677
0.5881825431005300864 0.8087281964568200365 1.580268004000279683e-05 109.629710555239356 -0.8087281964974285531 0.58818254323326713 -5.281572467116072035e-06 -21.25545043330695449 -1.356621711161721316e-05 -9.673544203299301789e-06 0.9999999998611899255 0.4940327640717720459
0.5380783286578622038 0.8428948404012582829 1.599786518195462601e-05 110.5842487412641191 -0.842894840460546857 0.5380783287831049089 -4.604647134957746945e-06 -22.7550966046951082 -1.248933787312789145e-05 -1.100685718581570166e-05 0.9999999998614325092 0.494002286361443832
0.4860941940535384309 0.873906421857991389 1.857514424176550868e-05 111.4678946880450496 -0.8739064220304519903 0.4860941940904679459 2.77570914860495654e-06 -24.33401751107004074 -6.603559720139352348e-06 -1.758219394453900945e-05 0.9999999998236295262 0.4939986505374351355
0.4462428020569785825 0.8949119293924276963 1.567454155467626537e-05 112.2434861885788564 -0.8949119295043796996 0.4462428021076578766 2.937417243359568668e-07 -26.03842406098761586 -6.731778371843115491e-06 -1.4158414356940646e-05 0.9999999998771109677 0.4939529029626218426
0.4155134140765920359 0.9095870505910648163 1.103151906812864683e-05 113.019630080398187 -0.9095870506287633273 0.4155134141298700845 -2.973013333747725678e-06 -27.7879909248526431 -7.287958580648402481e-06 -8.79879997273335503e-06 0.999999999934733097 0.4939311558426822124
0.3855184950510103792 0.9227001083393078229 6.816620774838919494e-06 113.7433572126771253 -0.9227001083425919736 0.3855184950822360124 -4.040972689041720045e-06 -29.59803190068693723 -6.35653932063718599e-06 -4.731827017852639689e-06 0.9999999999686020047 0.4939177180830507385
0.3539685483631905827 0.9352573264660687391 7.964269350758391072e-06 114.3979580448284423 -0.9352573264958181642 0.3539685483741829564 3.13396556234963407e-08 -31.4688590478594179 -2.789790218418147389e-06 -7.45973451289012973e-06 0.9999999999682844809 0.4939133543262556048
0.3335518211470770433 0.942731765934483934 1.047617866976871901e-05 115.0586868060200914 -0.9427317659926778282 0.3335518211284459467 3.529411295597043491e-06 -33.38775699317531576 -1.67060330361021636e-07 -1.105346798342934632e-05 0.9999999999388962113 0.4939144911179927933
0.3272987588748213494 0.9449209079535957345 1.238492682792347916e-05 115.7906784496539245 -0.944920908029558082 0.3272987588883944365 9.719022459509515601e-07 -35.33562484957509753 -3.135200427016821257e-06 -1.202087870296849112e-05 0.9999999999228343928 0.4939027824358266927
0.3191261195664108485 0.947712255746996135 1.093881417209665868e-05 116.5125112044493818 -0.9477122557961658034 0.3191261196031009995 -1.744280485494717016e-06 -37.29170475568358256 -5.14393731336428106e-06 -9.810202792001448925e-06 0.9999999999386495197 0.4938874841165862839
