1636239302861933 0.9999806747146978 0.006216928271891147 0.0 0.0 -0.006216928271891148 0.9999806747146978 0.0 0.0 0.0 0.0 1.0 0.49
1636239303111347 0.999978935656748 0.006490627002359751 1.2963264153567281e-06 -0.002714106262042956 -0.0064906270006807425 0.9999789356567604 -1.2952745952908916e-06 0.00015107976177706562 -1.3047062533584274e-06 1.2868333399521947e-06 0.9999999999983209 0.4950094091923468
1636239303360374 0.9999808854684179 0.006182935828973258 3.174509007619399e-07 -0.0008965741774205751 -0.006182935828550505 0.999980885467605 -1.3159914736061241e-06 0.00037300340435233564 -3.255815236738227e-07 1.3140035404993814e-06 0.9999999999990836 0.4950057109146435
1636239303609410 0.9999800296486664 0.006319833986236054 -7.470238740989181e-08 0.0026817968430418097 -0.0063198339862724166 0.9999800296485459 -4.963735334127922e-07 0.0007309171159356776 7.156389725128477e-08 4.968357273467842e-07 0.9999999999998741 0.4950040464209250
1636239303858863 0.9999806824835811 0.00621567835399362 1.9512982683587586e-07 3.8470546982461714e-05 -0.006215678354209136 0.9999806824829675 1.1238156864505198e-06 -0.0006048231266763527 -1.8814078052971245e-07 -1.1250068413737884e-06 0.9999999999993496 0.4949997684624264
1636239304108209 0.9999801559630808 0.006299815670554169 5.803832606231273e-07 -0.001461998873203209 -0.00629981567139383 0.9999801559621834 1.4563670795522672e-06 -0.0014761273201996784 -5.711968993276773e-07 -1.4599944869139296e-06 0.999999999998771 0.4949994868827307
1636239304357455 0.9999803590162544 0.006267501795078483 8.59435473640026e-07 -0.001466009151348815 -0.0062675017961781355 0.999980359015794 1.2827854922407381e-06 -0.0032905072495980894 -8.51378733109413e-07 -1.2881468104484453e-06 0.9999999999988078 0.4949996784361947
1636239304606841 0.9999803790907098 0.00626429809857381 8.364540035002031e-07 -0.003908045920880929 -0.006264298097717682 0.9999803790905425 -1.022300542132059e-06 -0.0018584916182075553 -8.428415868581716e-07 1.017040686443426e-06 0.9999999999991276 0.495005765085399
1636239304855797 0.9999792361356082 0.006444167531559948 4.87884517692611e-07 -0.006295606102723373 -0.006444167532549053 0.999979236133612 2.05356679825402e-06 -0.006898107164972756 -4.746408588393626e-07 -2.0566681678446816e-06 0.9999999999977724 0.4949949214272215
1636239305104837 0.9999752303368674 0.007038374137073292 -5.262768137562242e-08 -0.033421293290531846 -0.0070383741369256245 0.99997523033395 2.416499572046818e-06 -0.010794511659414092 6.963460589574408e-08 -2.4160693028603753e-06 0.9999999999970788 0.494996178412174
1636239305354103 0.9999712897162513 0.007577581370390068 -1.2486639786019948e-06 -0.06412278750893477 -0.007577581373806192 0.9999712897132125 -2.754151566603148e-06 -0.006853320367238825 1.227758321501436e-06 2.763534347042775e-06 0.9999999999954277 0.4950049624551788
1636239305603296 0.9999580718279808 0.009157214841080402 -4.333007769180197e-07 -0.11744982731664838 -0.009157214838312007 0.999958071810041 6.009776792635467e-06 -0.015244431693636944 4.883154266387689e-07 -6.005556985389887e-06 0.9999999999818474 0.4949860408537865
1636239305852371 0.9999457929623722 0.01041206677940219 3.025885447215754e-08 -0.18929655264554554 -0.010412066779355127 0.9999457929372481 7.088557581109988e-06 -0.02307784313279642 4.3549320675859207e-08 -7.088488388631719e-06 0.9999999999748757 0.4949819014194868
1636239306101315 0.9998647199133305 0.01644815698801714 -1.4497497241601875e-06 -0.24027459332834097 -0.016448156984892486 0.9998647199121395 2.1415290826114786e-06 -0.020605618112697715 1.484777808438644e-06 -2.1173936653245123e-06 0.999999999996656 0.494989971214000
1636239306350287 0.9995854063395313 0.028792628028620863 -1.4165037493223662e-06 -0.35775188916882456 -0.028792628006647572 0.9995854062480238 1.3645911645778686e-05 -0.036236537952036914 1.8088181338506237e-06 -1.3599469271825137e-05 0.9999999999058913 0.4949698720182476
1636239306599275 0.9991026513026037 0.042354364043601114 -2.0825506615073806e-06 -0.48983665237903545 -0.042354363977694334 0.999102650988824 2.5237201148182812e-05 -0.06059804406676359 3.1495874916093647e-06 -2.512634946994319e-05 0.9999999996793734 0.494946265817776
1636239306847950 0.9986577162040645 0.05179542314722356 -2.2020718624356327e-06 -0.7010780360348151 -0.05179542302650865 0.9986577154908981 3.797067767760534e-05 -0.0953327177725337 4.165823372994518e-06 -3.780565300867279e-05 0.9999999992766893 0.4949486245525434
1636239307096658 0.9972398211569216 0.0742478221431212 -1.918672844168243e-06 -0.98043970047715 -0.07424782209729404 0.9972398210025292 1.7844310009885317e-05 -0.09551413377026231 3.2382781195686512e-06 -1.765259924296941e-05 0.9999999998389497 0.494983971109520
1636239307345728 0.9954584342151592 0.09519719400088697 -1.4240583866653493e-06 -1.3799072498275569 -0.09519719397606802 0.9954584341412313 1.2407172048022879e-05 -0.10363595247016204 2.5987188961793975e-06 -1.2215257697521592e-05 0.999999999922017 0.4949850137259904
1636239307594865 0.9936686982694731 0.11234998030495501 -1.6413939057246673e-06 -1.8364344903351453 -0.11234998030690316 0.9936686982699466 -1.1469410916378542e-06 -0.08894160707026866 1.5021429365965523e-06 1.3240900345065473e-06 0.9999999999979952 0.495010267363899
1636239307844104 0.9910340883332261 0.13360926521652458 -2.756624736590021e-06 -2.3814503271796235 -0.1336092652413424 0.9910340879435805 -2.7807756925131917e-05 -0.028661900171084765 -9.834648884595957e-07 2.7926745638554325e-05 0.9999999996095648 0.495041438482111
1636239308093183 0.9887645187155706 0.14948152569740106 -1.4527467423531429e-06 -3.023391521064513 -0.14948152570356724 0.9887645186293721 -1.3066250938203175e-05 0.011607196938856337 -5.167386919956731e-07 1.3136604119866502e-05 0.9999999999135813 0.495032256237537
1636239308342457 0.9876471018166528 0.15669461457520847 -5.8360886199696836e-06 -3.4695374034251536 -0.15669461454078665 0.9876471018214156 5.953121138255064e-06 0.01744093276109773 6.696818033779361e-06 -4.965099182240132e-06 0.9999999999652502 0.494987726863466
1636239308591557 0.983728547085794 0.1796611968117282 -2.533182863841046e-06 -4.132608716313586 -0.17966119668645034 0.983728546767098 2.60471321615592e-05 0.06086381759457514 7.171623235016672e-06 -2.51681928123552e-05 0.999999999657565 0.494903654694841
1636239308840338 0.9820068488368504 0.18884530395751487 -2.9120845669004623e-06 -4.931700106622272 -0.18884530370482472 0.982006848121747 3.8838019799980886e-05 0.016769541531361825 1.0194064641264046e-05 -3.75892679444759e-05 0.999999999241564 0.4948394276858444
1636239309089106 0.9821878288757602 0.18790175306390233 -1.2648328657405254e-06 -5.752165325239897 -0.1879017528288608 0.9821878279423826 4.385696580017604e-05 -0.1812893594576051 9.483104203049676e-06 -4.2838113707940835e-05 0.9999999990374833 0.4946803937871112
1636239309338094 0.9828557626117632 0.18437610980736416 -5.560523156922255e-06 -6.591756253414646 -0.1843761095733802 0.9828557622413293 2.9075204121007035e-05 -0.3582343503495813 1.0825965253567868e-05 -2.7551504292640555e-05 0.9999999995618565 0.4947385762814903
1636239309587187 0.9793146250866536 0.20234343267464158 -1.8509381446981174e-05 -7.509259952798385 -0.2023434333934321 0.979314623621847 -5.404372969170421e-05 -0.23342084867080376 7.191114144879755e-06 5.6671066673413156e-05 0.999999998368339 0.494878157841336
1636239309836048 0.9782454808420694 0.20745066684019947 -6.114912010885383e-06 -8.483515561940287 -0.2074506668889861 0.978245479633729 -4.87981286002172e-05 -0.2935210547134375 -4.141319285671494e-06 4.9005091351447676e-05 0.9999999987906751 0.494821659536039
1636239310084903 0.9771671305482867 0.21247211333428265 -5.39061998892676e-06 -9.482149953992709 -0.2124721134023786 0.9771671301907973 -2.6434356569765946e-05 -0.31861189382595057 -3.49026940482228e-07 2.6976140778825047e-05 0.9999999996360831 0.4947985644998899
1636239310334116 0.9768278752839478 0.21402640498624925 -5.888733035969895e-06 -10.481017792094173 -0.2140264050452175 0.9768278752084886 -1.2524268679254674e-05 -0.375692155008682 3.071754378700609e-06 1.3494399125431417e-05 0.9999999999042328 0.494772410020372
1636239310583125 0.9769367282865679 0.21352898831535383 -8.457280539447086e-06 -11.599830509177803 -0.21352898847396037 0.9769367278408504 -2.957476595286411e-05 -0.41877818513005616 1.947158123065455e-06 3.069854964872923e-05 0.9999999995269038 0.494745413877819
1636239310832094 0.9763652400842049 0.2161270873024623 -9.339922898498908e-06 -12.736572689581545 -0.21612708750277293 0.9763652390046328 -4.5921258065510235e-05 -0.4336146644853252 -8.056516978875068e-07 4.685453048975827e-05 0.9999999989020019 0.4947308725643486
1636239311081354 0.9784143010713627 0.20665298308532534 -6.2241674920423464e-06 -13.888109192490251 -0.20665298314018749 0.9784142998593665 -4.886444536907879e-05 -0.5886368776725576 -4.008168923404929e-06 4.9095914942931365e-05 0.9999999987867629 0.494756964864249
1636239311330616 0.9826236932819938 0.18560893671974366 -2.896056717268717e-06 -15.049359730702717 -0.18560893670814002 0.9826236926818247 -3.452789661077206e-05 -0.9308128513967533 -3.5629522313640214e-06 3.4465463296951357e-05 0.9999999993997186 0.49479272669491
1636239311580013 0.9857300580889625 0.1683337534117694 -6.32480621111474e-06 -16.315861716439112 -0.16833375351278593 0.9857300567424339 -5.158121511724153e-05 -1.2023013574831054 -2.4483079608636225e-06 5.19098325436916e-05 0.9999999986496875 0.4947335328598257
1636239311829268 0.9852053157105365 0.17137819507530774 -1.2091280858002904e-05 -17.59863806117582 -0.17137819549546937 0.9852053126131406 -7.813659475874987e-05 -1.1142614629469665 -1.4785144414865803e-06 7.905277040269037e-05 0.9999999968742366 0.4947079822276576
1636239312078518 0.9859404573976144 0.16709702111153366 3.936501359691853e-08 -18.98528972406212 -0.16709702103514673 0.9859404569539694 -3.0005747898644882e-05 -1.2156490806868354 -5.052682649592249e-06 2.9577303031308435e-05 0.9999999995498268 0.494891814081497
1636239312327761 0.9877095768301095 0.15630032562519658 6.731303585550613e-06 -20.4025666511171 -0.15630032559416054 0.9877095768457212 -4.916549674561794e-06 -1.4659057344919046 -7.417031331207309e-06 3.8040182564394298e-06 0.9999999999652585 0.4949858207427204
1636239312576634 0.9885798715124553 0.15069783552529023 2.4854317029735796e-06 -21.7955238132248 -0.15069783543827958 0.9885798712957367 -2.1468316596727426e-05 -1.6002921492974347 -5.692276596551171e-06 2.0848596485060263e-05 0.999999999766467 0.4948923469748579
1636239312825848 0.9890092787769167 0.14785346289736684 -4.3274905152797624e-07 -23.216498527543013 -0.1478534628504963 0.9890092783807274 -2.8243883312554953e-05 -1.6924765998911675 -3.7479631262671354e-06 2.7997446110685566e-05 0.9999999996010478 0.494824236760046
1636239313074936 0.9899965095552514 0.1410918532874399 -1.449720829147116e-06 -24.69572782572104 -0.14109185326563548 0.989996509088505 -3.0535376266722815e-05 -1.880342540698366 -2.8730742682991173e-06 3.0434459720581966e-05 0.9999999995327447 0.494796901915948
1636239313323825 0.9915158643902122 0.12998573252369716 -7.583894516183876e-07 -26.23034589821089 -0.1299857324588577 0.9915158636744732 -3.790468603454884e-05 -2.1692536011044 -4.1751132081678875e-06 3.7681677346427117e-05 0.9999999992813298 0.49480553224561
1636239313572994 0.9929645216381977 0.11841224077381185 7.188568262444808e-07 -27.789451018711464 -0.11841224066025034 0.9929645209177318 -3.81864577563726e-05 -2.491897938471132 -5.2355433542385554e-06 3.783267631168872e-05 0.9999999992706388 0.494822157116238
1636239313822318 0.994769103641733 0.10214905989314792 7.322082347518035e-07 -29.36474908710793 -0.10214905981055808 0.9947691030791157 -3.371584075280727e-05 -2.9674418192014005 -4.172419565366843e-06 3.346468230150678e-05 0.9999999994313529 0.4948155980547434
1636239314071759 0.9966521989783577 0.08175814496564489 1.0712656571564856e-06 -30.952460601602397 -0.08175814490971875 0.9966521986396492 -2.618094808588921e-05 -3.5978238313437854 -3.208185021483461e-06 2.6005714788363172e-05 0.9999999996567053 0.4948234169590554
1636239314321194 0.997901039299812 0.0647573606790185 -9.926413419243796e-08 -32.547277561278285 -0.06475736066596938 0.9979010390655193 -2.1663363830803087e-05 -4.156405202099253 -1.3038064824624907e-06 2.162432136487574e-05 0.9999999997653444 0.494794285579418
1636239314570990 0.9984051211413034 0.05645541660982865 3.4637240715268127e-06 -34.223125122771485 -0.05645541647980386 0.9984051206968542 -3.0235061215069632e-05 -4.441459508981854 -5.165132826825272e-06 2.999129397018412e-05 0.9999999995369218 0.4948921828593731
1636239314820493 0.9984663161994461 0.05536258099299036 6.218487034070294e-06 -36.024165112624246 -0.0553625807545399 0.9984663156681474 -3.3556512506133454e-05 -4.489918712132021 -8.066724979419502e-06 3.316077593597897e-05 0.9999999994176454 0.494991079008019
1636239315070068 0.9986220895458574 0.052477826328815265 3.5546655492229775e-06 -37.78897568347885 -0.05247782618611547 0.9986220890311442 -3.249031240223986e-05 -4.609601501554252 -5.254788508197496e-06 3.225900254035258e-05 0.9999999994658719 0.494903705814566
1636239315320043 0.9985681629370184 0.053494148890471556 9.162120873740488e-07 -39.58402484717194 -0.053494148837525145 0.9985681624722873 -3.057180862406508e-05 -4.5824171525272375 -2.550313102916387e-06 3.0479022789694093e-05 0.9999999995322626 0.494820120062601
1636239315569672 0.9986656497804611 0.05164223025933704 4.2224993360928555e-07 -41.41435425656124 -0.05164223024606913 0.9986656496541512 -1.5932094938531638e-05 -4.682102174765863 -1.2444554195963676e-06 1.5889030015895334e-05 0.9999999998729949 0.494834912652992
1636239315819919 0.9988289196917571 0.048381702998355834 3.7857564552024655e-07 -43.18567236034203 -0.048381702981483296 0.9988289194978015 -1.9728987916745075e-05 -4.837429219040762 -1.332654336812259e-06 1.9687567553100592e-05 0.999999999805312 0.4948431537381255
1636239316069416 0.9989779008301097 0.04520125710525846 2.634156225547405e-06 -44.98053160950408 -0.045201257070821566 0.9989779007639669 -1.192488223971517e-05 -5.00353146887753 -3.170483524556035e-06 1.1793626654787583e-05 0.9999999999254292 0.494980524081167
1636239316319088 0.9989925381327814 0.04487659456913576 3.5592249479797195e-06 -46.817496786204245 -0.04487659456765775 0.998992538139066 -4.940950313808573e-07 -5.062752681827572 -3.577812467000036e-06 3.338713545131341e-07 0.9999999999935438 0.4950639357918661
1636239316569006 0.9990831271234064 0.042812440815598915 2.548211299249372e-06 -48.642824255540816 -0.042812440817826244 0.999083127126219 8.259965024362496e-07 -5.203429176389984 -2.510511987063588e-06 -9.34334314089527e-07 0.9999999999964122 0.495020577897134
1636239316818531 0.9990821942443733 0.04283420515974052 3.154146009625419e-06 -50.46569753169424 -0.04283420520047079 0.9990821941462013 1.4234591134560763e-05 -5.281419817893132 -2.541523718936959e-06 -1.4356631882329061e-05 0.9999999998937139 0.495089870311540
1636239317068122 0.9991347486248595 0.04159031233317426 2.8521614627866096e-06 -52.317203669128965 -0.04159031233105224 0.999134748628699 -7.99363743476816e-07 -5.394641892295308 -2.8829394139352147e-06 6.800498068441709e-07 0.9999999999956131 0.4950448652854599
1636239317317794 0.9992022807260715 0.03993497446662329 1.9834557178657705e-06 -54.11039315663971 -0.03993497444192791 0.9992022806659232 -1.1229745019510987e-05 -5.54561783173495 -2.430333057517629e-06 1.1141577582092834e-05 0.9999999999349793 0.494950397784123
1636239317567351 0.9993489757651841 0.03607803531173306 1.7000665280754077e-06 -55.86710476305504 -0.03607803530137812 0.9993489757503359 -5.771860370149513e-06 -5.83444839204303 -1.9071971257924798e-06 5.706767688966724e-06 0.9999999999818976 0.4949530356703607
1636239317816969 0.9995313136704804 0.03061295454380417 2.0073908810051067e-06 -57.606725365168984 -0.03061295453787013 0.9995313136684038 -2.923064871101545e-06 -6.217601152809303 -2.095933696369323e-06 2.8602427047825946e-06 0.999999999993713 0.494975936208089
1636239318066694 0.9996413027610367 0.026781818382508978 4.013797304917305e-06 -59.44011763345347 -0.026781818244703867 0.9996413022871787 -3.115875840279945e-05 -6.496605303289338 -4.8468457735834116e-06 3.104008505236877e-05 0.9999999995065105 0.4949588933995231
1636239318315897 0.999669343514776 0.025713879978732136 3.308096072729673e-06 -61.30007844935712 -0.025713879899344445 0.9996693432770682 -2.2142371912839256e-05 -6.638661581427072 -3.876368522342878e-06 2.2049986408907617e-05 0.999999999749386 0.494950377129466
1636239318565203 0.9996984806114421 0.02455499664946527 6.974627211345144e-07 -63.18386421641368 -0.024554996626383906 0.9996984803374873 -2.3438514979281158e-05 -6.769891493014064 -1.2727850791976332e-06 2.34143216178637e-05 0.9999999997250748 0.4947799982221300
1636239318815039 0.9996615230328568 0.026016136622130374 8.091060240650324e-07 -65.09051630793391 -0.026016136592431228 0.9996615226978617 -2.5922262161957755e-05 -6.7375030572643695 -1.48322927400442e-06 2.589243826049766e-05 0.9999999996636908 0.4947820274351546
1636239319064691 0.9996206279811152 0.02754269602404849 2.8521845315135784e-06 -67.0735961270808 -0.027542695858359258 0.999620626869157 -4.733217363557087e-05 -6.674646773942198 -4.154758159949249e-06 4.7235660282322623e-05 0.9999999988757653 0.494811546227193
1636239319314587 0.9995491456503084 0.030025079952557526 1.161325208766551e-06 -69.05579898613331 -0.030025079794756004 0.999549143139981 -7.091695931344115e-05 -6.527908460693832 -3.2900889907149214e-06 7.085011721196511e-05 0.999999997484718 0.4945671199946559
1636239319564232 0.9995041219442622 0.03148825517713771 3.105906078075762e-07 -70.99256447729366 -0.03148825513612295 0.9995041210578791 -4.2125597785295664e-05 -6.472522268319352 -1.6368981650219106e-06 4.2094928669561566e-05 0.9999999991126687 0.4946604351452859
1636239319813740 0.9994233758835999 0.03395461285147511 1.1409839433938382e-06 -72.94658208018495 -0.03395461281241083 0.9994233755733074 -2.49836371860495e-05 -6.340663482897976 -1.988635752460167e-06 2.493048935036518e-05 0.999999999687258 0.494822723902988
1636239320063331 0.9993745125254336 0.03536359303365972 2.620115575377786e-07 -74.9057452689078 -0.03536359299348643 0.9993745116926757 -4.083361814625232e-05 -6.263611424308676 -1.7058711265919686e-06 4.0798811559571354e-05 0.9999999991662736 0.494684423213303
1636239320312803 0.9992870082953426 0.03775546384033966 -3.3467930433473963e-07 -76.87819748817653 -0.037755463790562944 0.9992870064374454 -6.09673347764586e-05 -6.094743432920466 -1.967409323453683e-06 6.093650154500023e-05 0.999999998141436 0.494547778787738
1636239320562207 0.9991796657100533 0.04049685949009677 8.676677283231096e-07 -78.82775850599432 -0.04049685943167285 0.9991796650489391 -3.642291324003211e-05 -5.925198238928622 -2.341969549866404e-06 3.635789645741544e-05 0.9999999993363093 0.4947664412206976
1636239320811603 0.998802336427354 0.04892742322542001 1.2433618923579445e-06 -80.79919433054901 -0.04892742317947882 0.9988023361211296 -2.4854728452885936e-05 -5.294784740089825 -2.457950580903883e-06 2.4764126356592567e-05 0.9999999996903484 0.494866398718111
1636239321061232 0.997815438137401 0.06606323796651395 1.346614610066364e-06 -82.81645651609445 -0.06606323790121935 0.9978154377335816 -2.857121687771387e-05 -3.9288829856249214 -3.2311799461943042e-06 2.841983956567216e-05 0.9999999995909361 0.4949035857888796
1636239321311278 0.9954111501833293 0.09569034478638914 1.7692975350596421e-06 -84.86927802482658 -0.09569034468439999 0.9954111497016729 -3.132956398143031e-05 -1.4786037204017812 -4.759115272938979e-06 3.1016492626587895e-05 0.999999999507664 0.495017829171675
1636239321560670 0.9924455882503879 0.12268559149327461 2.3257906649672702e-07 -86.81856712542634 -0.12268559145107687 0.9924455879553193 -2.4414886319935478e-05 0.8011316856054989 -3.226176837805012e-06 2.420191211557646e-05 0.9999999997019295 0.494938956516702
1636239321810062 0.987995885955684 0.15448019068022828 -4.450874918596273e-06 -88.6563869989077 -0.15448019073471675 0.9879958851622844 -3.963239451713545e-05 3.5872709147010937 -1.7249737571798607e-06 3.9844214739952525e-05 0.9999999992047315 0.494673960190452
1636239322059888 0.9818759777694568 0.18952457426089686 -5.316580784525061e-06 -90.38666549613029 -0.18952457431251735 0.9818759768276636 -4.310623533418092e-05 6.737816797837125 -2.9494679485185223e-06 4.333259967679117e-05 0.9999999990567932 0.4947543187505461
1636239322309797 0.9727566395930208 0.23182864381338827 -5.7537816979591605e-06 -91.89360125561738 -0.23182864386823593 0.9727566389273552 -3.6093448840625116e-05 10.644189039484889 -2.7704659496477465e-06 3.6444033413762214e-05 0.9999999993320785 0.494793830836925
1636239322559224 0.9591591652248231 0.2828669223120673 -4.96854145333031e-06 -93.08013014757327 -0.2828669223526397 0.9591591649847198 -2.150182033699014e-05 15.474393306491445 -1.3165316712660929e-06 2.2029104074775835e-05 0.9999999997564926 0.494795964105388
1636239322808884 0.9424786515333667 0.3342663479300169 -6.568273384860975e-06 -93.9527835289624 -0.3342663479858141 0.9424786511847233 -2.5749144660800906e-05 20.48598109793218 -2.416615107716724e-06 2.6463571895038227e-05 0.9999999996469198 0.494855824627645
1636239323058629 0.9228034296911329 0.3852711124514097 -7.648687645432793e-06 -94.51829708212537 -0.38527111248761975 0.9228034291291061 -3.2678463385507335e-05 25.59849922014252 -5.531832754206619e-06 3.31026164874824e-05 0.9999999994368078 0.495088725005092
1636239323308036 0.9005459337646492 0.43476087806766905 -8.919215739748142e-06 -94.82917153195397 -0.4347608781304271 0.9005459332797702 -2.9971567040858565e-05 30.69255370648765 -4.998301341283736e-06 3.086849889451631e-05 0.9999999995110764 0.495063840900093
1636239323557519 0.8760442651680027 0.4822306972795978 -8.078011735988186e-06 -94.92533178803706 -0.4822306973336783 0.8760442648947165 -2.2179208008664786e-05 35.71015534549715 -3.618799090071081e-06 2.3325433214526326e-05 0.9999999997214142 0.495025902083022
1636239323807099 0.848511751823556 0.5291765366275308 -9.89842601666983e-06 -94.67183088164442 -0.5291765367011422 0.8485117518030686 -7.405360252627164e-06 40.80125134814956 4.480187908543174e-06 1.1521549999160756e-05 0.9999999999235909 0.494369468396205
1636239324056734 0.8187364609075808 0.5741694936502574 -1.1819631874038429e-05 -94.15119789909701 -0.5741694937389319 0.818736460907721 -6.1355883919136615e-06 45.83113334593765 6.154295889564595e-06 1.1809901974904585e-05 0.9999999999113254 0.4941948708850356
1636239324305647 0.7857416271668278 0.618554844031057 -1.6146440722929665e-05 -93.25984783101151 -0.6185548442041268 0.785741627139362 -9.474353847822262e-06 50.94607589919312 6.826523139524511e-06 1.7431853334604008e-05 0.9999999998247646 0.4940338771043635
1636239324555273 0.7457113689813439 0.6662691302541491 -1.5495707539649682e-05 -91.7448659232795 -0.6662691304340347 0.7457113687569027 -1.8307077711381857e-05 56.642507095123314 -6.42115465010117e-07 2.3976107570158454e-05 0.999999999712367 0.494718463301048
1636239324804907 0.6943299619411948 0.7196567957304929 -1.7533565057725175e-05 -89.10647751032121 -0.7196567958357443 0.694329961207834 -3.426841606666972e-05 63.28851400747224 -1.2487418954961402e-05 3.6411737272457184e-05 0.9999999992591249 0.4957581035105396
1636239325054240 0.6334050905288883 0.7738203866074359 -2.367650225405891e-05 -85.4241443077763 -0.773820386769035 0.6334050893714764 -4.215092504819954e-05 70.33896909635938 -1.762042809046202e-05 4.501997062770552e-05 0.9999999988313615 0.496138622123108
1636239325303649 0.5696007543058911 0.8219215169924405 -2.442891762053881e-05 -81.28614569572514 -0.8219215173227081 0.5696007537662016 -2.5858833576934792e-05 76.92560645614118 -7.339201830874346e-06 3.480786414819499e-05 0.9999999993672744 0.495226128008189
1636239325553032 0.5106783783216214 0.8597718264267987 -1.9881968006370382e-05 -77.49322861555036 -0.8597718266566206 0.5106783781937043 -1.1434719116621347e-05 82.41556092279708 3.2204183721809784e-07 2.2933419765456202e-05 0.9999999997369773 0.494660682450264
1636239325802330 0.45557968573836477 0.8901950063829197 -2.3477937374542383e-05 -73.90742348867155 -0.8901950066886687 0.4555796855003393 -1.4957957283788515e-05 87.11667955432937 -2.619427554432721e-06 2.7714484096865038e-05 0.9999999996125228 0.494874335912183
1636239326051353 0.4139990486064366 0.9102773135069494 -1.6288139362587226e-05 -71.61972280304944 -0.9102773135609191 0.41399904875249294 6.790724443643097e-06 90.40072638608974 1.2924716605413417e-05 1.2015370282891875e-05 0.9999999998442912 0.493559052648225
1636239326300405 0.38208384497534487 0.9241276617729385 -1.2357394407582718e-05 -70.20335424201517 -0.9241276613605659 0.38208384517419486 2.762100199600605e-05 92.78792885442952 3.0246892762045576e-05 8.662713496858196e-07 0.9999999995421873 0.4919566327701821
1636239326549887 0.35857767892334735 0.9334998918722454 -7.086460720979244e-06 -69.61347180166659 -0.9334998908914506 0.35857767887866426 4.3742501119865793e-05 94.48150252672461 4.337466670250671e-05 -9.069874212042974e-06 0.9999999990181878 0.4908260122248584
1636239326799268 0.3416774258250073 0.9398172889865872 -1.1249876353077114e-06 -69.72481945497984 -0.9398172869859971 0.34167742517530636 6.485075051927369e-05 95.64796361393631 6.133223942049225e-05 -2.1100754672984618e-05 0.9999999978965572 0.489208553598298
1636239327048425 0.33310558679724706 0.942889531129501 -1.1341016671384525e-05 -70.68247950447501 -0.9428895304780238 0.333105586988845 3.50644580935327e-05 96.22041793493317 3.683966646657516e-05 -9.868410045506975e-07 0.9999999993209325 0.4913645005247294
1636239327297576 0.3333850137477777 0.9427907680202873 -1.8489938334465736e-05 -72.54020599845755 -0.9427907679647112 0.3333850140395376 1.5878734790707578e-05 96.14372561876523 2.1134592919794898e-05 1.2138410945500847e-05 0.9999999997029938 0.4927279803456040
1636239327546805 0.3338769141264233 0.9426166800751477 -2.5598652636031563e-05 -74.40705380794496 -0.9426166803676921 0.33387691369031575 -1.987432792354349e-05 96.07039552997256 -1.0187073869289431e-05 3.0765296247179736e-05 0.9999999994748601 0.495658104141039
1636239327796152 0.33243336503459264 0.9431267449888752 -2.638624572226343e-05 -76.03447251827335 -0.9431267452928793 0.33243336455280664 -2.1050606545272094e-05 96.1329983397876 -1.1081721587739589e-05 3.188349801847168e-05 0.999999999430319 0.495691963946463
1636239328045434 0.33106261623521577 0.9436087873560111 -2.3532522080850615e-05 -77.65888071993233 -0.9436087876494407 0.33106261612911597 -8.382450398871994e-06 96.18987525338115 -1.1901553174918618e-07 2.4980610590613408e-05 0.9999999996879774 0.4946656103977447
1636239328294864 0.33195117713357913 0.9432965681583533 -2.2317508706848374e-05 -79.55547955748936 -0.9432965683917457 0.3319511768392918 -1.5910152022669313e-05 96.06594357673245 -7.599668522519154e-06 2.633342307058105e-05 0.9999999996243978 0.495495923167176
1636239328544174 0.3365675204163193 0.9416593352691857 -2.2337699968389396e-05 -81.85177026170469 -0.9416593352402232 0.33656751962390025 -3.2968522275051474e-05 95.6403522032567 -2.3526972497921142e-05 3.213063749700512e-05 0.9999999992070518 0.497115684786912
1636239328793317 0.34289711453665833 0.9393729654492915 -2.496407390777093e-05 -84.27650276230328 -0.9393729653538346 0.3428971134581996 -3.92701535851247e-05 95.04370490710052 -2.8329211743839167e-05 3.691619848588818e-05 0.9999999989173249 0.497444430362047
1636239329042773 0.3518098676500164 0.9360714804483302 -2.2652070968134912e-05 -86.920115188328 -0.9360714807217877 0.3518098675746767 -7.36039541804325e-06 94.17895460041343 1.0793658519412813e-06 2.3793417350483773e-05 0.999999999716354 0.4945669359697434
1636239329292590 0.3653305607706306 0.9308778549627793 -2.2465051823224957e-05 -89.8811484300066 -0.9308778552211336 0.3653305607854243 -3.5883994849255026e-06 92.85678785949528 4.866808365386263e-06 2.2223171254781763e-05 0.9999999997412226 0.4941870621879018
1636239329542500 0.38176654108984687 0.9242587881775443 -2.4054921241712385e-05 -92.98588418363966 -0.9242587884657077 0.3817665407593712 -1.727114943210678e-05 91.20575621549246 -6.7796475738797665e-06 2.8826519342908747e-05 0.9999999995615341 0.495249784527273
1636239329792666 0.39579747992608727 0.9183378214886473 -2.248135253838444e-05 -95.74213170526113 -0.9183378216886126 0.39579747946176014 -2.2487749776710997e-05 89.74115775872683 -1.1753288470569032e-05 2.9546071009610343e-05 0.9999999994944451 0.4958196652814202
1636239330042259 0.40815026979977986 0.9129147587514641 -2.2669145263617523e-05 -98.13547599537928 -0.9129147588374016 0.4081502690726083 -3.0831373787995825e-05 88.40931115481544 -1.8893998424695076e-05 3.3278830811328075e-05 0.9999999992677682 0.4964865939957233
1636239330292368 0.4195306342714903 0.9077411780599494 -2.3661427334043605e-05 -100.23141936748114 -0.9077411780759514 0.4195306333322485 -3.6316567242545486e-05 87.1549701825793 -2.3039349936896765e-05 3.671436441307358e-05 0.9999999990606216 0.4968198927985349
1636239330542053 0.4278460828363951 0.9038516077555055 -2.3603119194160527e-05 -101.86895562110693 -0.903851607788298 0.4278460819155169 -3.5858284172511214e-05 86.21223241562085 -2.2312065732521354e-05 3.667554365298596e-05 0.999999999078538 0.4967376785047308
1636239330791172 0.4360619880073482 0.8999166306610725 -2.1736357349263468e-05 -103.41123227095882 -0.8999166309104071 0.43606198774307847 -1.5943159251608065e-05 85.24593231359587 -4.869114963797203e-06 2.651311519244701e-05 0.9999999996366731 0.4951441490773955
1636239331040337 0.4433493170836665 0.8963489179231672 -1.9421147713024588e-05 -104.87631621513059 -0.8963489180626516 0.44334931721707094 2.9728709706203727e-06 84.36011779480783 1.1275082255807271e-05 1.609010442553806e-05 0.9999999998069906 0.493734591887403
1636239331289720 0.44763452236582496 0.8942166034780172 -2.1173691951094633e-05 -106.03927248992939 -0.8942166036904129 0.44763452200206266 -1.9852838302569725e-05 83.84780744608044 -8.274662160793496e-06 2.7820682695333744e-05 0.9999999995787698 0.4954921037604844
1636239331539412 0.44898655071647336 0.8935385144579895 -2.1300229562714547e-05 -106.89767056405536 -0.8935385146046129 0.4489865501656604 -2.6197104187658433e-05 83.67189174559563 -1.3844604969872593e-05 3.0794722932250816e-05 0.999999999430006 0.4960082353390665
1636239331788412 0.44954825030358697 0.8932560496189469 -2.158481492775951e-05 -107.6849496957459 -0.8932560496565504 0.4495482495198429 -3.3217265220130726e-05 83.59811810555752 -1.996810734273933e-05 3.421352997459455e-05 0.9999999992153543 0.4965717897191811
1636239332037722 0.4457276404994451 0.8951686266162439 -2.0360560151337252e-05 -108.09704410362227 -0.8951686267164024 0.4457276399290265 -2.7271556239097077e-05 84.05035734732112 -1.53373771203859e-05 3.0381821085117767e-05 0.9999999994208548 0.496219463258770
1636239332286953 0.4433818407977804 0.8963328304006051 -1.9864013073496548e-05 -108.66350051971065 -0.8963328306026443 0.44338184053924995 -1.6175470068637684e-05 84.31609698554047 -5.691262192672369e-06 2.4976676760152834e-05 0.9999999996718876 0.4953285828394612
1636239332535955 0.4374485262328702 0.8992434522882238 -2.027840375840791e-05 -108.98626141322954 -0.899243452493397 0.43744852594729605 -1.7089774166414777e-05 85.0266977761849 -6.497109687567783e-06 2.571111832957394e-05 0.9999999996483628 0.4953893315335085
1636239332785215 0.4339474714398877 0.9009381730564705 -1.893050835796335e-05 -109.61988713571405 -0.900938173252127 0.43394747139878104 -6.441410114072245e-06 85.4262852450161 2.4115339741573507e-06 1.9850451250310913e-05 0.9999999998000719 0.494623696608902
1636239333034345 0.4281534604820099 0.9037060439772207 -1.8817245531329338e-05 -110.11178165956686 -0.9037060441544469 0.428153460514234 -2.4848913636459683e-06 86.10481001018759 5.811057447643977e-06 1.8069173357307804e-05 0.9999999998198683 0.494314185821265
1636239333283302 0.4243914869038019 0.9054788045120442 -2.051308249213333e-05 -110.86382626650025 -0.9054788047412894 0.42439148673405896 -1.2235526329639154e-05 86.54918434095669 -2.3734321772077447e-06 2.3766814628675608e-05 0.9999999997147526 0.4949956581976997
1636239333532490 0.42427322243681476 0.9055342248346636 -1.9337347807935045e-05 -112.03515132243444 -0.9055342250364764 0.4242732224063889 -5.852683811698794e-06 86.53505600195527 2.904513368643153e-06 1.999376728225714e-05 0.9999999997959066 0.4945732856637845
1636239333781772 0.4231826783713176 0.9060443810080935 -1.9180876010140586e-05 -113.19232575638007 -0.9060443812002805 0.4231826783749902 -4.06668644707739e-06 86.64224038788694 4.43241607886355e-06 1.9099676198300324e-05 0.999999999807778 0.494441731841791
1636239334030833 0.42089764164276744 0.9071081384522836 -2.0272070352856382e-05 -114.30147736274326 -0.907108138676877 0.42089764149070663 -1.1467324389135164e-05 86.91309313168131 -1.8696366800101127e-06 2.3215529796297663e-05 0.9999999997287721 0.4949768406112
1636239334279885 0.4191591922524189 0.9079127552762578 -1.8834567277356735e-05 -115.51752798494995 -0.9079127554715977 0.4191591921666521 -8.481598690097559e-06 87.10530284602723 1.9413036891176396e-07 2.0655283930896723e-05 0.9999999997866609 0.494888105757331
1636239334529011 0.4202858637366011 0.907391752463262 -1.7395303988446227e-05 -117.02775015135333 -0.9073917526058235 0.4202858637881196 -7.570446175235473e-07 86.92090239306707 6.624064320468261e-06 1.6102530524186278e-05 0.9999999998484153 0.494382926850994
1636239334777958 0.4261939695400469 0.9046318035443095 -1.8483368976475163e-05 -119.02415330610593 -0.9046318036986291 0.4261939696132875 2.6274582842955094e-08 86.11497628886691 7.901269219193272e-06 1.670944534689347e-05 0.9999999998291822 0.494179040475876
1636239335027154 0.4383804267588904 0.898789519883629 -1.9488861799633e-05 -121.60840099588575 -0.8987895200874279 0.4383804267407259 -5.421937526245666e-06 84.45319787900581 3.6703549263689657e-06 1.9893256030602387e-05 0.9999999997953934 0.494502192623942
1636239335276241 0.46024333531749223 0.8877928090985876 -2.0160265242726204e-05 -125.07941218082965 -0.8877928093274852 0.46024333519634664 -1.0560409581590261e-05 81.40691941450908 -9.682797391658135e-08 2.2758496644827865e-05 0.9999999997410207 0.494793221941513
1636239335525443 0.4924807495163439 0.8703233370726207 -1.733102464879389e-05 -129.40309481188416 -0.870323337241094 0.49248074947740683 -6.742679302485432e-06 76.70226485171433 2.6668848569057725e-06 1.8404234966823415e-05 0.9999999998270859 0.4947515725399700
1636239335774809 0.5387223190647423 0.8424833901139532 -1.792688954820796e-05 -134.74524860527308 -0.8424833903030973 0.5387223189004792 -1.340360977591247e-05 69.55345309750652 -1.6347030956955575e-06 2.232393042653166e-05 0.9999999997494848 0.4950303379224056
1636239336024224 0.5988393879985388 0.8008691447791836 -1.788748288159612e-05 -140.80305582385924 -0.8008691449689882 0.5988393877303657 -1.8361095308555653e-05 59.46549655571234 -3.993105400128547e-06 2.5320880198646142e-05 0.9999999996714541 0.495114606014817
1636239336273426 0.6686012662907652 0.743621104069441 -1.7166774633126362e-05 -146.8923973737094 -0.7436211042469676 0.668601265922127 -2.2882675122569393e-05 46.477963703126456 -5.538312887211612e-06 2.806496147217701e-05 0.9999999995908424 0.4951102417219585
1636239336523136 0.741311218582188 0.6711614387462513 -1.8493799774603912e-05 -152.0712379529435 -0.671161438970115 0.7413112180020361 -3.0027807471496577e-05 31.140079672256547 -6.443845228582063e-06 3.467227581687222e-05 0.999999999378155 0.494715200109082
1636239336771987 0.8150201750894306 0.5794325793023521 -1.542674897118847e-05 -155.8670726258035 -0.5794325794790045 0.8150201744951724 -3.1653324996538785e-05 13.01899128861636 -5.767856107861708e-06 3.473685943027007e-05 0.9999999993800412 0.4946243388867987
1636239337021341 0.8825679680350667 0.4701848377649325 -1.1497166391118335e-05 -157.40705744868328 -0.47018483787398807 0.8825679674289669 -3.315841625853871e-05 -7.103946252741651 -5.443553796073343e-06 3.4670349376255084e-05 0.9999999993841673 0.4945841979966
1636239337270389 0.9395024335573967 0.3425422270340014 -6.006916540163599e-06 -156.00159986196948 -0.34254222698369224 0.9395024327004943 -4.099600923327541e-05 -28.997822329856827 -8.399351599778864e-06 4.057347300986717e-05 0.9999999991416222 0.494518308633220
1636239337520016 0.979603929874719 0.20093815110509106 -1.4970238176521914e-06 -151.14125273996257 -0.20093815106070514 0.9796039294378186 -2.959826430472589e-05 -51.61902482545729 -4.48093009108736e-06 2.9295385228458382e-05 0.9999999995608508 0.494868393467936
1636239337769372 0.9989892058451776 0.04495071284737551 4.13536757345526e-06 -142.2249803329569 -0.04495071264979297 0.998989205083601 -3.945222332309924e-05 -74.66911733487046 -5.9045931267350256e-06 3.9226457526961406e-05 0.9999999992132105 0.494271307404539
1636239338018605 0.9926519637441272 -0.12100445753970174 1.1323325037695066e-05 -128.92686267406665 0.12100445788290112 0.9926519630640575 -3.735378333844236e-05 -97.19074277462995 -6.720146537171657e-06 3.844947919188149e-05 0.9999999992382387 0.494442074672194
1636239338268174 0.956774074273014 -0.2908322034988193 1.4311040312710966e-05 -111.13887103179293 0.29083220380980124 0.9567740738068673 -3.0264042893221974e-05 -118.03362405927899 -4.890674058999165e-06 3.3117963015951835e-05 0.9999999994396409 0.494608405408087
1636239338517637 0.889909480866564 -0.4561371674798939 1.7463935674670626e-05 -89.3671185728418 0.45613716779121743 0.8899094805538917 -2.4030738100801302e-05 -135.91180464202222 -4.580009114932279e-06 2.935113182532224e-05 0.9999999995587674 0.494865512456964
1636239338766886 0.7938194179451106 -0.6081535424759144 2.1565004417379705e-05 -64.52076952365096 0.6081535428452643 0.7938194176608876 -2.161133403848789e-05 -149.72584484674783 -3.975709895330987e-06 3.027033044542065e-05 0.9999999995339504 0.4947100133710652
1636239339016284 0.6729793548799933 -0.7396612651980768 2.5858372431788394e-05 -37.79437057115417 0.7396612656459112 0.6729793545822959 -2.0170581250164917e-05 -158.81240950825003 -2.482753142421543e-06 3.270082123780343e-05 0.9999999994622462 0.494319244504520
1636239339265728 0.5363206337267844 -0.8440143226476134 3.1660032454489994e-05 -10.978640429370358 0.8440143232354503 0.5363206334867143 -1.635790653142846e-05 -162.93235842814295 -3.1736212611525383e-06 3.549460366314725e-05 0.9999999993650306 0.4941953776384001
1636239339515095 0.38495908750515545 -0.9229336379669073 2.9225586275178004e-05 15.987053148069831 0.9229336384204798 0.38495908744937923 -7.7358489514288e-06 -162.4228727139507 -4.110979807170144e-06 2.9951262029408295e-05 0.9999999995430109 0.494756280651233
1636239339764622 0.22661666118506216 -0.973984028646596 2.850349214254566e-05 41.78561837706213 0.9739840290560363 0.2266166612021171 -2.672473844834055e-06 -157.51883094360375 -3.856419380108959e-06 2.8367573219047737e-05 0.9999999995902042 0.4948415488295677
1636239340014284 0.06396996957053734 -0.9979518235916913 2.79451171207503e-05 66.14864693201694 0.9979518239785283 0.0639699696286021 1.1880372316518045e-06 -148.52817969016817 -2.9732522153105045e-06 2.781188189645103e-05 0.9999999996088296 0.49475870123845
1636239340263671 -0.100494705082823 -0.9949375927832098 2.6736412743331364e-05 88.76647641861491 0.9949375931057647 -0.10049470481207884 1.1287547509479716e-05 -135.67776645847098 -8.54353744115195e-06 2.773540090126784e-05 0.9999999995788778 0.495546326916027
1636239340512663 -0.26338915594398554 -0.9646896661101788 2.5082139382689135e-05 109.09524804234951 0.9646896664127487 -0.2633891556670582 1.3828269437259017e-05 -119.15011926674299 -6.733625111996066e-06 2.7838696889312272e-05 0.9999999995898328 0.495286670671710
