0.9999727208254474142 0.007386311999347235611 0 -0 -0.007386311999347235611 0.9999727208254474142 -0 0 -0 0 1 0.4949999999999998845
0.9999873894721247325 0.005022036321194581036 7.081401061009535909e-06 0.006922643217405960447 -0.005022036374990309325 0.9999873894680509911 7.599559699592629643e-06 0.001199423217467297234 -7.043146495939012418e-06 -7.635026918847265227e-06 0.9999999999460500444 0.495025046129313584
0.9999797593161160458 0.006362464393075586803 2.67616583174103877e-06 0.02139103996441659231 -0.006362464430365755153 0.9999797592191418394 1.416445474693282514e-05 0.006393571239033565314 -2.585990825081378649e-06 -1.418119505859590666e-05 0.9999999998961029979 0.4950389677775687836
0.9999938624617198402 0.003503575264519221289 1.220310023002942623e-06 0.01076802729880478593 -0.003503575267092616345 0.9999938624602229265 2.113107400317138763e-06 0.006815243009159285652 -1.212899102482623478e-06 -2.117369879054351932e-06 0.9999999999970226039 0.4950117539550031309
0.9999986443420945115 0.001646606599864050254 1.706189156446123269e-06 0.02366743329466629298 -0.001646606594571253454 0.9999986443387571811 -3.098878311055971388e-06 0.004293584859532699818 -1.711289476910756266e-06 3.09606468772051016e-06 0.999999999993742672 0.4950063326459791524
0.9999963737239767614 0.002693054080303986832 9.218716176297278869e-07 0.03147610119927620603 -0.002693054082307884314 0.9999963737220212145 2.179455514352005123e-06 0.009024828438698104249 -9.159988831012523809e-07 -2.181930261167935503e-06 0.9999999999971997955 0.495017218016312821
0.9999997480521365389 0.0007098568565393649629 1.067308771875647925e-06 0.03353604927886185555 -0.0007098568611083653059 0.9999997480435153241 4.286613931471198069e-06 0.01370587672320879892 -1.064265620669748667e-06 -4.287370487922599307e-06 0.9999999999902426939 0.4950178323514979883
0.9999955996970093519 0.002966578457549983242 1.05190324887838372e-06 0.0215297317905859438 -0.002966578457526379293 0.999995599697562465 -2.397840272710055018e-08 0.01140736145562270751 -1.051969753998930856e-06 2.085774369731497165e-08 0.9999999999994462208 0.4950047519345512903
0.9999846464724512218 0.005541373522937253007 1.038510854138683938e-06 0.026593828955740903 -0.005541373521366454828 0.9999846464718601391 -1.509349798756024241e-06 0.01088764891760568912 -1.046858780344702665e-06 1.503571848363558231e-06 0.9999999999983214538 0.4949997266597930268
0.9999352114761378418 0.01138300717659506724 1.483055400102704634e-07 0.01329340451399611822 -0.01138300717596144214 0.9999352114691716364 -3.737334685804458659e-06 0.006662991618729544215 -1.908380390619784733e-07 3.735404386380819534e-06 0.9999999999930049288 0.4949931482998446985
0.9999213830523246971 0.0125390476531509823 -9.543408685130844175e-07 0.005774368045630707755 -0.01253904765358506389 0.9999213830526733071 -4.502564411336111527e-07 0.007472804298004826103 9.486200541757894237e-07 4.621875689745689549e-07 0.9999999999994430011 0.4950013492288259376
0.9999488218406406004 0.01011700062671865886 -2.570433766607364629e-07 0.01627534670011311635 -0.01011700062718677746 0.9999488218388822292 -1.890363081912318383e-06 0.002428467764400559902 2.379054171689447604e-07 1.892866844612158462e-06 0.9999999999981800114 0.4949951313507716111
0.9999832656568263811 0.005785188717875102381 -2.002465401199847104e-07 0.02154256592149762436 -0.005785188717244458406 0.9999832656522950058 3.018262827086386257e-06 0.007161796525752351164 2.177044091794722557e-07 -3.017053854415890197e-06 0.9999999999954247709 0.495009369229440499
0.9999506126931152483 0.009938419007935983887 -2.12571536203639051e-06 -0.0008234147680864779524 -0.009938418995439917206 0.999950612678617401 5.810440425657000141e-06 0.01591021112513690827 2.183356970219576885e-06 -5.789027213719562435e-06 0.9999999999808598661 0.4950085022467121676
0.9999872015232803557 0.005059327203796765669 3.402443238746887248e-07 0.02178349090051454745 -0.005059327203001506845 0.9999872015206998643 -2.298853023283297027e-06 0.01262804006387205878 -3.518706189030750347e-07 2.297102194102936645e-06 0.9999999999972994935 0.4949909207062299088
0.9999993808422206198 0.001112795657356342727 1.798059055443286866e-06 0.03294873262914931045 -0.001112795650178880543 0.9999993808358935699 -3.987852618747532237e-06 0.00997838888285296384 -1.80249560722601883e-06 3.98584927734188023e-06 0.9999999999904317649 0.4949927329283652644
0.9999659642026346162 0.00825048101188888619 -1.265081466578177987e-06 -0.006565489976217843415 -0.008250481004481941341 0.9999659641869502735 5.752410226540168802e-06 0.02129786734999003159 1.312498559847817823e-06 -5.74177690806237922e-06 0.9999999999826544306 0.4950157608119483132
0.9999763930768656994 0.006871192802753930962 -8.257599722328186075e-07 -0.01504488136941806685 -0.006871192803141077873 0.9999763930770949605 -4.669437186564489046e-07 0.02047140003958132504 8.225320182618465331e-07 4.726066515303832549e-07 0.9999999999995498046 0.4949917580152019547
0.9999758724162621792 0.00694655218574771402 -5.466930304269454881e-07 -0.003121614952650206536 -0.006946552186280064226 0.9999758724159295564 -9.780070045877481072e-07 0.02176850006642443158 5.398860633492904054e-07 9.81781039307699122e-07 0.9999999999993720579 0.494997402605934167
0.9999961404156365585 0.002778336916996572165 1.965181655516152543e-07 0.01160941507401361782 -0.002778336916954883724 0.9999961404156335609 -2.119854916446823179e-07 0.02311357957885144462 -1.971063741904815616e-07 2.114386797945877031e-07 0.9999999999999580336 0.4949995603667395327
0.9999949271925812067 0.003185214426044807087 6.299206943516006184e-07 0.01468207782051933995 -0.003185214425343680864 0.999994927192164873 -1.110893671188012349e-06 0.01980553875174365791 -6.334559334322597327e-07 1.108881603355871528e-06 0.9999999999991843191 0.4949984976576304874
0.9999731909861707679 0.007322384036361447197 -1.786525997844122471e-06 -0.02158537012029993277 -0.007322384037358613089 0.9999731909876068414 -5.522698035394681189e-07 0.01652723261785442321 1.782434171253685146e-06 5.653366271784063133e-07 0.9999999999982513987 0.4949976172108310202
0.9999970707632368505 0.002420427037579925451 3.661849949647679042e-07 0.02026295627758899209 -0.002420427037603220186 0.9999970707633017986 6.324437227087232857e-08 0.01543752944547616482 -3.660308439336227862e-07 -6.413051107571191422e-08 0.9999999999999307221 0.4950012625436697178
0.9999863234236630039 0.00523000648240867002 2.271269174043729297e-07 0.005485968458360594192 -0.005230006480514150756 0.9999863233943196983 -7.665345439962987825e-06 0.00114791235000988659 -2.672136174199223673e-07 7.664052729031008997e-06 0.9999999999705951881 0.4949806178626061093
0.9999876929959267136 0.004961235607788780713 4.009190512337127663e-07 0.01818342965528582308 -0.00496123560273629971 0.9999876929270092862 -1.174920872023982591e-05 -0.01776604852140191079 -4.592047097594620404e-07 1.174707506880947331e-05 0.9999999999308974985 0.4949741016434525132
0.999949344649151417 0.01006519432890738697 -1.042263340910398803e-06 0.01966770949430461657 -0.01006519432326927546 0.9999493446358096449 5.280351894164020803e-06 -0.01181307176865659808 1.095358312621034287e-06 -5.269593833023940844e-06 0.9999999999855155863 0.4950204583875357778
0.9999821570505744717 0.005973741096987973502 -1.369827961582868775e-07 0.01920791450389536248 -0.005973741094376480883 0.9999821569456461834 1.44880239123312055e-05 0.004152745802808411116 2.235280558259042688e-07 -1.448694710349463466e-05 0.9999999998950389601 0.4950319234505684562
0.9999860289533971658 0.005286009620799513725 1.592716786323987269e-06 0.02251302020229571307 -0.005286009633467472421 0.9999860289221379483 8.057327232256304147e-06 0.01088021457906675031 -1.55010342508613036e-06 -8.065633779237942717e-06 0.9999999999662710914 0.4950114305107542467
0.9999507854415824459 0.009921022910258875047 1.187092451489835204e-06 0.003099687068863773032 -0.009921022911232877176 0.9999507854419431574 8.174578578202478836e-07 0.01664874355312017176 -1.178924011123868208e-06 -8.291947984017170382e-07 0.9999999999989610533 0.4949979981934008455
0.9999419415901632524 0.01077559516301545769 9.90634339048256222e-08 -0.01867370368667308975 -0.01077559516225502778 0.9999419415731871652 -5.828937665801758979e-06 0.01195534850462312212 -1.618679549546691255e-07 5.827531779490709777e-06 0.9999999999830065933 0.4949841561602724149
0.9999799528431100315 0.006331975526456152213 2.374310558669450421e-07 0.005309248821613582643 -0.006331975527027745333 0.999979952840035935 2.489432537220281945e-06 0.02278765194602945521 -2.216632701480354629e-07 -2.490886038810757186e-06 0.9999999999968729458 0.4950096960378193578
0.9999830782108299898 0.005817498718950688853 1.697273253776451702e-06 0.03557622560994761624 -0.005817498729357994079 0.9999830781930348911 6.192682586013480694e-06 0.03212964446046294442 -1.661218609834667039e-06 -6.202451679741693454e-06 0.9999999999793847127 0.4950166742783875806
0.9999895705072177066 0.004567151766814221692 1.939454328938737971e-06 0.0284738405240028622 -0.004567151751693662373 0.9999895704792874929 -7.730430794168587753e-06 0.01481167053811009368 -1.974740152019176278e-06 7.721492387460751315e-06 0.9999999999682392948 0.4949795503706198585
0.9999858292519062664 0.005323654433853364405 1.038720537196428809e-06 0.01630218048482107857 -0.00532365442766014052 0.9999858292352107325 -5.876684853124236016e-06 0.008454580528903925599 -1.069991257106632417e-06 5.871071786916622987e-06 0.9999999999821925778 0.4949907126879248276
0.9999957477671475026 0.002916238858971594624 8.794457224376667378e-07 0.02136103991951120509 -0.002916238862155617548 0.9999957477608956147 3.641229225229362119e-06 0.01329702468649030661 -8.688232886631597063e-07 -3.643778415667752391e-06 0.9999999999929838346 0.4950131128886966492
0.9999568264500284798 0.009292213810818997569 -8.450734843633926142e-07 -0.01344516320604571304 -0.009292213809509907579 0.9999568264492117997 1.540010726081719009e-06 0.01059468841715356484 8.593471084781683829e-07 -1.532091634850190952e-06 0.999999999998456901 0.49500146858339239
0.9999858045322023159 0.005328295763757930417 7.555075855798581039e-07 0.01758667495652283669 -0.005328295765706621626 0.9999858045290940245 2.601226658750587347e-06 0.01380775514246868931 -7.416367558074405596e-07 -2.605215300990543703e-06 0.999999999996331157 0.4950072178415171331
0.999977374362378657 0.00672686869157961085 1.778252277986379376e-06 0.03935734679382887902 -0.006726868706251915887 0.9999773743287652117 8.377949554565825472e-06 0.02636843601284431099 -1.721854677275619864e-06 -8.389722067716027458e-06 0.9999999999633236714 0.4950206103051163486
0.9999856115122700562 0.005364397772292525852 2.684108323646650439e-06 0.02917518757088924733 -0.005364397764383354271 0.9999856115115776101 -2.945231560610307049e-06 0.01782208924871667502 -2.699869097007875926e-06 2.930790558491273405e-06 0.9999999999920603511 0.4949934817183260227
0.9999695314625316467 0.007806160589080399399 2.386430637211437843e-06 0.03942483664786224778 -0.007806160587531689454 0.9999695314651750877 -6.575830653694283811e-07 0.01907706772828961575 -2.39149112517526995e-06 6.389341689905516651e-07 0.9999999999969360065 0.4950035658720404186
0.999955234801384929 0.009461944406098500224 1.896251252539340756e-06 0.02615706865571285761 -0.009461944397261638426 0.9999552347926113915 -4.616176785577381614e-06 0.00857944857890491526 -1.939844374572636488e-06 4.598027917591960206e-06 0.9999999999875472945 0.4949943708737813974
0.9999467521829643601 0.01031953485896541615 1.126228659059719422e-06 0.02296550242546943968 -0.01031953485480307728 0.9999467521770125655 -3.641068660057326332e-06 0.003108489262595407962 -1.16374282479680399e-06 3.629252625197851772e-06 0.999999999992736921 0.4949961377215426062
0.9999569302349505806 0.009281038160062081779 -2.828119653815400615e-06 -0.0009307089739778214976 -0.009281038123854655833 0.999956930160436408 1.255755812279618913e-05 0.01566329789823709198 2.944545023290804077e-06 -1.253076938539229713e-05 0.9999999999171544918 0.4950404075366091061
0.9999778398809680002 0.006657307736759732544 1.709920959097953894e-06 0.01366006589021444111 -0.006657307740949117494 0.9999778398793857104 2.456165046436611953e-06 0.01102357321631521406 -1.693531620476496159e-06 -2.467494087564483856e-06 0.9999999999955214713 0.4950019024286741454
0.9999844290340527131 0.00558047391518215908 1.598198430095259258e-06 0.01621460078364810736 -0.005580473926303683788 0.9999844290104794586 7.041005081318654767e-06 0.0226320153801866375 -1.558881399371248809e-06 -7.049814150736515173e-06 0.9999999999739347389 0.495018645145535563
0.9999854692831439129 0.005390845230586937577 3.53592888307542167e-06 0.02982482626296161649 -0.005390845209503471007 0.9999854692718355142 -5.94530545590028554e-06 0.01269387266491460962 -3.56792772501533665e-06 5.926157421069613115e-06 0.9999999999760750269 0.4949873061936306828
0.999981138582257123 0.006141863064532727262 2.484973105111025039e-07 0.004741671904105709823 -0.006141863061312599972 0.999981138517741952 -1.136350876764192208e-05 0.0002151598926108943286 -3.18285738266459596e-07 1.136176819930378217e-05 0.9999999999354042268 0.4949729115076879626
0.999980970581100248 0.006169155330113455619 6.529863734473447259e-07 0.01641154313687088681 -0.006169155329747959791 0.9999809705811586458 -5.602378448650108049e-07 0.008855002081072560829 -6.564301417828954447e-07 5.56198809498409312e-07 0.9999999999996296296 0.495004190477604411
0.9999783193487165045 0.006584892236289954792 5.383820559308382415e-06 0.05270443789217392483 -0.006584892203585070852 0.9999783193450020313 -6.069981992338124768e-06 0.005066687936149182753 -5.423674011847624293e-06 6.034398513149129669e-06 0.9999999999670846629 0.4949824023215613211
0.9999774487902917119 0.00671579573936351322 8.240482953674312785e-07 0.02586529634846071804 -0.00671579573845443225 0.9999774487900312536 -1.101014168664502286e-06 0.007357199388194918949 -8.314238983442450637e-07 1.09545519943274526e-06 0.99999999999905409 0.4950009730395711349
0.9999722778136420631 0.007446045372695166489 3.838828007958366158e-06 0.04352340690555925318 -0.007446045359891195932 0.9999722778155314407 -3.338951968939559401e-06 0.008343494991345807438 -3.863583575114937265e-06 3.310275318418520173e-06 0.999999999987057131 0.4949899503910615839
0.9999735657440994574 0.007271025672885094403 9.633623018718371433e-07 0.01644215663563374299 -0.007271025673925234599 0.9999735657439718928 1.080653875314471099e-06 0.01007986452704167507 -9.554793740357032154e-07 -1.087629941063140221e-06 0.9999999999989518384 0.4950107851797452829
0.9999787551467294033 0.006518378298571254545 1.336636963892034515e-06 0.009694869369144015758 -0.006518378301534829243 0.9999787551451281287 2.224964506155316276e-06 0.01167208160173404535 -1.322105406881869437e-06 -2.233629942493217622e-06 0.9999999999966312503 0.49500950211570105
0.9999772505042203719 0.006745255026709650464 3.297999950134897245e-06 0.02029980972373647552 -0.006745255014241439105 0.9999772505026094382 -3.777149907166105382e-06 0.009807236360113281634 -3.323402761691483371e-06 3.754818128209710257e-06 0.9999999999874279455 0.4949886779200547982
0.9999765535197643329 0.006847803503953476568 -3.71401880253750207e-07 0.01149878766311982631 -0.006847803499921618388 0.9999765534704042613 9.94538581914646641e-06 0.02590656260286795104 4.394972200306442346e-07 -9.942609347758873359e-06 0.9999999999504755044 0.4950292329399492153
0.999981926434562185 0.006012220483073136591 3.364148357591990566e-06 0.04326062941498003134 -0.006012220498511996851 0.9999819264295566335 4.598101994484959714e-06 0.02892835887443581666 -3.336442752425045806e-06 -4.618244892103310807e-06 0.9999999999837697606 0.4950096589978592587
0.9999776030268893168 0.00669279025405090499 -2.333363242972303441e-06 -0.01182774468785540919 -0.006692790242728811553 0.9999776030180383968 4.826758413943319329e-06 0.0322873309556473212 2.365615464348684964e-06 -4.811033598419927049e-06 0.9999999999856287181 0.4950128768147100677
0.999971691301890786 0.007524398605263058273 -4.764198533589502457e-06 -0.03862401061003006841 -0.007524398554818665687 0.9999716912582926609 1.05190603838022306e-05 0.04312350361314246094 4.843213268405182358e-06 -1.048291487433603194e-05 0.9999999999333256673 0.4950284827320748926
0.9999510048158014586 0.009898887204060978495 1.490972547946767732e-06 -0.003666983194773378377 -0.009898887189458230665 0.9999510047719093464 -9.502205422421123422e-06 0.02978425453189768174 -1.584960757072921191e-06 9.486980891061480407e-06 0.9999999999537423356 0.4949652269007729921
0.9999441129171902087 0.01057218248979771569 1.374252091420727064e-06 0.0116342257622952857 -0.01057218247236065001 0.9999441128447422722 -1.213033456583503521e-05 0.01818881889442946348 -1.502419399073015901e-06 1.211512779294912696e-05 0.9999999999254829408 0.4949767378032818854
0.9999465965986326088 0.01033459965377929446 1.743514562751721205e-06 0.03438940493492429612 -0.01033459964737179666 0.999946596593576098 -3.64486526583984262e-06 0.01584926004685488499 -1.781089676449466187e-06 3.626652092651659932e-06 0.9999999999918373073 0.4949922226216372234
0.9999437296197936087 0.0106083734923499047 2.852436312310591741e-06 0.04878433108470860147 -0.01060837346812643078 0.9999437295890275523 -8.377298929979520823e-06 0.004616161787700866041 -2.941145320453087836e-06 8.346567826488675141e-06 0.9999999999608419898 0.494975635362612465
0.9999481939970784605 0.01017886647459986457 -1.227231732455254793e-06 0.01550452953899441114 -0.0101788664710968299 0.9999481939938691388 2.827637627858694104e-06 0.006370834833172181987 1.255950300333183847e-06 -2.814999311321704261e-06 0.9999999999952489116 0.4950128762432410845
0.9999704509274375264 0.007687475151798864315 -1.583353219207201428e-08 0.01016311627395566353 -0.00768747515139866968 0.9999704508925812974 8.349656082253826558e-06 0.009557024608293565593 8.002083798320203333e-08 -8.349287637775101837e-06 0.9999999999651413285 0.4950215583230845318
0.9999818439748623389 0.006025920245997381901 2.83823444428897397e-06 0.01614423348874674882 -0.006025920246241664793 0.9999818439788856761 7.753260628796179113e-08 0.003694094422501127597 -2.837715707942515868e-06 -9.463417300558552497e-08 0.9999999999959690022 0.4949952512871895194
0.9999823148339072043 0.005947268798980304139 3.935182382154391946e-06 0.03214614322297289911 -0.005947268795029490504 0.999982314841158626 -1.014908101918908001e-06 0.008390164905728324241 -3.941148719117216299e-06 9.914865657166275927e-07 0.9999999999917419391 0.4949966040023421332
0.9999783941177351476 0.006573530220234794982 -6.257693417841675014e-07 -0.005648139122296134094 -0.006573530220623119771 0.9999783941177359248 -6.205695891689790981e-07 0.008537420752794538936 6.216764885373667654e-07 6.246696948947734145e-07 0.9999999999996114219 0.4949982804467983333
0.9999809817262252931 0.006167348280009320866 1.811189875055227955e-06 0.01499825248260993477 -0.006167348272124660927 0.9999809817185522087 -4.327081278649673949e-06 0.006294916815523940272 -1.837842046618106896e-06 4.315828746286715701e-06 0.9999999999889978008 0.4949893455689708954
0.9999767564997253944 0.006818098054336562894 1.201210254724790597e-06 0.02593175821825663765 -0.006818098063944323661 0.9999767564668865516 8.184627181898519613e-06 0.02294033469409189827 -1.145378743688648953e-06 -8.19262691182670164e-06 0.9999999999657842586 0.4950232475638927654
0.9999728103755306519 0.007374178015432654616 3.239176080243528635e-06 0.0327911973526117187 -0.007374177979018822597 0.9999728103192905282 -1.111335103705338883e-05 0.002849573477743864644 -3.321039836997427596e-06 1.108916260828439677e-05 0.9999999999330003719 0.4949650867529624132
0.9999694826395379987 0.007812412095612226819 -3.015881694355671339e-06 -0.003290746276091456764 -0.007812412059676110757 0.9999694825753454586 1.174896873670365458e-05 0.02587861012503591199 3.107577442883009212e-06 -1.172504887867009204e-05 0.9999999999264328476 0.4950325591830143646
0.9999537816217364261 0.009614292612710292202 -4.22503647718749992e-07 -0.002998475765046929031 -0.009614292614312222596 0.9999537816139335566 -3.968952784725773684e-06 0.01598107112668173749 3.843254468437651986e-07 3.972831419864431896e-06 0.9999999999920342608 0.494984507776632332
0.9999563740346830709 0.00934077243230592609 -9.803303990043539437e-08 0.003510884220029614894 -0.009340772432606465198 0.9999563740277371826 -3.727572870276753776e-06 0.01258224969055287898 6.321035320755355691e-08 3.728325955628587569e-06 0.9999999999930475614 0.4949940737378940581
0.9999798792985589158 0.00634357937545660007 9.896241267673452276e-07 0.008541744327552917501 -0.006343579379446457993 0.9999798792906915423 4.082061234281145524e-06 0.01447555922860797525 -9.637093353727102345e-07 -4.088256859549779218e-06 0.9999999999911785009 0.4950153957048318287
0.9999644286923868863 0.00843453325784695139 -9.290428578697202487e-07 -0.01198533242982786559 -0.00843453325919650207 0.9999644286917436231 -1.458437789580431288e-06 0.01178866444016108891 9.167085685591800245e-07 1.466221953925069193e-06 0.9999999999985047516 0.4949964791027344213
0.9999612538303068732 0.008802887566523056456 3.293078355384241474e-06 0.02495939410905375841 -0.008802887533839991868 0.9999612537878873608 -9.810990959191673907e-06 0.003267213446615731525 -3.37931581140178442e-06 9.781622222468519344e-06 0.9999999999464498357 0.4949687467230658999
0.9999468572922788345 0.01030934483867829848 1.588911432486706943e-06 0.02463732091323376019 -0.0103093448205764434 0.9999468572331338123 -1.100824573734707864e-05 -0.0009118094071454950229 -1.702314794712289356e-06 1.09912800935144478e-05 0.9999999999381466997 0.4949724058898795076
0.999944471695490722 0.01053819329873097524 -3.139584431491963869e-06 -0.007531335768994096812 -0.01053819330271533843 0.9999444716995896654 -1.255251725470050959e-06 -0.0002154467494385362372 3.126182010382908011e-06 1.28826757109929133e-06 0.9999999999942834616 0.4950001911968590074
0.9999513841596163743 0.009860492557459890964 -2.454444542054382227e-06 -0.01578978238610422719 -0.009860492558090705809 0.9999513841625923272 -2.450490667718028564e-07 -0.002691012836009079676 2.451908912678494898e-06 2.692391856465662973e-07 0.9999999999969576558 0.4949961080272089475
0.9999465649718275451 0.01033765935039491525 1.558976749925742492e-06 0.005926571946735215667 -0.01033765935204655761 0.999946564972469143 1.05514338526467811e-06 0.004729274605131101802 -1.547985733077508663e-06 -1.071203174226643659e-06 0.999999999998227862 0.4949953543725656435
0.9999483705703542391 0.01016150558577448224 3.952413393246734701e-07 0.009763947328080056429 -0.01016150558695044087 0.9999483705656251331 3.096780967608300768e-06 0.0105301683131718473 -3.637529761375714455e-07 -3.100637329650952233e-06 0.999999999995126676 0.4950052211523824908
0.9999715091619603147 0.007548567181211212652 3.080030514679191136e-07 0.01608641857279562853 -0.007548567182948436732 0.9999715091434224767 6.09451512557666635e-06 0.01502470051989321896 -2.619894193335836394e-07 -6.096666469459906518e-06 0.9999999999813807827 0.4950136948447739216
0.9999755928661167026 0.006986677287612695977 3.843153944892226932e-06 0.04621159393436492097 -0.006986677297434172075 0.9999755928701866692 2.548121262138753792e-06 0.02505613619631642114 -3.825257243586153199e-06 -2.574909946220143846e-06 0.9999999999893683933 0.4949989272132958029
0.9999866839591580181 0.005160610457388354992 2.511325175764084224e-06 0.0404180153324282046 -0.005160610457489258653 0.9999866839623102743 3.370987701416968257e-08 0.02704561807763208522 -2.51111777131955606e-06 -4.666939909629622175e-08 0.9999999999968458564 0.4950015175743173734
0.9999778052679713092 0.006662505049840039204 3.799916993563739443e-07 0.01361619982803112874 -0.006662505046712032669 0.9999778052383279103 -7.711791974099471643e-06 0.02459114602032030569 -4.313631185009782726e-07 7.709089116328530545e-06 0.999999999970191733 0.4949816421322661419
0.9999756647982094293 0.006976375084979030694 2.070102301641215029e-06 0.02983145174003421982 -0.006976375060305510523 0.999975664732124736 -1.169597603053582626e-05 0.01820749670314120855 -2.151647440924190454e-06 1.168124959652897037e-05 0.9999999999294592046 0.4949707801711758504
0.9999713382387712679 0.007571175612851571007 1.74143755987487465e-06 0.02021043963189783285 -0.007571175591197359597 0.9999713381669760315 -1.212216567995991308e-05 0.007438699614998083715 -1.833166692256781811e-06 1.210863350779418835e-05 0.9999999999250099858 0.4949691196654740222
0.9999632657526984492 0.008571297681770791155 1.865857320751130791e-06 0.02224527210891931103 -0.008571297670784062267 0.9999632657376038569 -5.818731892385523598e-06 0.006034680777387882965 -1.915662863038313205e-06 5.802525327141988135e-06 0.9999999999813302676 0.494987823160653817
0.9999601258179487973 0.008930104798650162837 -2.160993197373375015e-06 0.00780890772520519312 -0.008930104755988359927 0.9999601256400474369 1.900579896647780118e-05 0.02664798610197203696 2.330630805704305368e-06 -1.898574323016040483e-05 0.9999999998170546744 0.4950499248143676034
0.9999568950451983573 0.009284829147654136833 1.223839441455973998e-06 0.01627484336025753625 -0.009284829139729746522 0.999956895025991721 -6.329014023462576162e-06 -2.040286010755166764e-05 -1.28255050176967504e-06 6.317378071490763727e-06 0.9999999999792227312 0.4949788419743252899
0.9999595686318680787 0.008992279919819799044 -2.375793235418826773e-06 -0.01218691696297661067 -0.008992279917552000248 0.9999595686342466205 9.634991884169456e-07 0.002658257088349652488 2.384361233258373713e-06 -9.42096435027355813e-07 0.9999999999967134068 0.4950046768216852522
0.999971127512263358 0.007598956775944447177 -5.249557817149766913e-08 0.002346449123349251403 -0.007598956775245689285 0.999971127477730648 8.31125011134629367e-06 0.01196512863250068226 1.15650892838050917e-07 -8.310611233250015414e-06 0.9999999999654599625 0.4950209683321177834
0.9999846180509939231 0.005546499709841234277 2.146843227367490887e-06 0.01767765936700732912 -0.005546499725563048752 0.9999846180259202022 7.387901626800589068e-06 0.01859465065984679949 -2.105833210451516208e-06 -7.399695451845844748e-06 0.9999999999704047848 0.4950144291806539143
0.9999689397154063464 0.007881599163396440025 1.142758249012251641e-06 0.00987985539947118345 -0.007881599156634295361 0.9999689396992584856 -5.805814073109934796e-06 0.01557446176042436882 -1.188481853939548067e-06 5.796626980420727772e-06 0.9999999999824931152 0.4949787831350941913
0.9999723791158658948 0.007432429429212701784 6.058446295340112736e-07 0.01863531011707605933 -0.007432429428585089239 0.9999723791155219477 -1.031645448432889642e-06 0.02013742827931916737 -6.134955275624783775e-07 1.027114056018869604e-06 0.9999999999992841282 0.4950033064368495328
0.9999527702994049916 0.009718907808989526997 -1.943793649080542741e-06 -0.01155052952817151209 -0.009718907817728253754 0.9999527702909122295 -4.537968868821581877e-06 0.01687518508507574941 1.899597743195752658e-06 4.556646093202730498e-06 0.9999999999878140811 0.4949924834655861638
0.999967028627353649 0.00812044705722363494 6.778176249741964958e-08 0.00830319222006935774 -0.008120447056987164375 0.9999670286229682681 -2.962898310780951724e-06 0.009955404477843838446 -9.183958650821515025e-08 2.962250201742838664e-06 0.9999999999956080687 0.4949986330054849115
0.9999831074046423574 0.005812478609647748345 -2.393535130641421993e-08 0.004872686707673122564 -0.005812478609213129858 0.9999831073660520042 8.785486705395790063e-06 0.01843097898024825126 7.500040052577165921e-08 -8.785199172006385079e-06 0.9999999999614070934 0.4950271789116714172
0.9999940242201544871 0.003457097057390326553 2.479815875977200787e-06 0.02771383491964138357 -0.003457097066703544719 0.9999940242161236004 3.76121423091318986e-06 0.01533447006381142251 -2.466798174483608571e-06 -3.76976471891577477e-06 0.9999999999898516734 0.4950080417200687921
0.9999965885663627541 0.002612057475716867902 3.689530104215599463e-06 0.04431697273102185031 -0.002612057489705994599 0.9999965885659434228 3.791863828950277089e-06 0.02322754504067440356 -3.679612951365696274e-06 -3.801488158000622117e-06 0.9999999999860043065 0.4950083991477855494
0.9999926347475943667 0.003838026732114293259 1.897469615325516498e-06 0.03169014712141653839 -0.003838026729576749299 0.9999926347485077471 -1.339156804140487861e-06 0.02214471283637100066 -1.902595359597420599e-06 1.331864401810385054e-06 0.9999999999973029352 0.49499979399878552
0.9999903117086699211 0.004401873561237378343 -4.250497315901092607e-07 0.03037039990697245131 -0.004401873553930598162 0.9999903115826265232 1.588487289020444227e-05 0.04878014857838643137 4.949688155304815749e-07 -1.588284797775553356e-05 0.9999999998737448825 0.4950413254872372271
0.9999843890011567149 0.005587643149268604198 5.022844341458042404e-07 0.003901287599144105233 -0.005587643146940219317 0.9999843889910658978 -4.523220593053309508e-06 0.03634913156752093283 -5.275507355382742461e-07 4.520343394885612142e-06 0.9999999999896438396 0.4949835492533305459
0.9999844860373873212 0.005570249900617496586 1.679074257997506918e-06 0.01462271416875800083 -0.005570249884194630914 0.9999844859925016705 -9.631834009403364568e-06 0.02683992223820565876 -1.732699931260037433e-06 9.622331718299576326e-06 0.9999999999522040106 0.4949820118971535732
0.9999846201901031462 0.005546114093609585786 1.986986521744277593e-06 0.01972239881217666135 -0.005546114078784980701 0.9999846201648513455 -7.390239273357754149e-06 0.01875979369635834282 -2.02794307240840166e-06 7.379105558959995212e-06 0.9999999999707178677 0.4949873202186280685
0.999989742293630024 0.004529382932601589036 4.216449219528305314e-08 0.01299029566272830519 -0.004529382932667805166 0.9999897422921307788 1.731982709417610068e-06 0.01540680412457520743 -3.431924676064204208e-08 -1.732155922378853589e-06 0.9999999999984989785 0.4950118942355818952
0.9999836389798909542 0.005720294599553542997 -2.112351884232475224e-06 -0.007941328640229965499 -0.005720294590009310405 0.99998363897206477 4.497019206728048425e-06 0.01114200041592626478 2.138041598666565404e-06 -4.484862355850833544e-06 0.9999999999876572065 0.4950154223880824378
0.9999752523978464591 0.007035238480771380254 -3.68980515845508464e-06 -0.02131887595874127142 -0.007035238452496386796 0.9999752523758138611 7.620800083309385915e-06 0.01063210273604234604 3.743327990544452778e-06 -7.59465282764766043e-06 0.9999999999641541182 0.4950243355559107994
0.9999494608256335182 0.01005364594319081012 -8.070747309898604822e-08 -0.004944891309754579495 -0.01005364594341512027 0.9999494608192414091 -3.575676267831415683e-06 0.001584449357221520954 4.475481100520242545e-08 3.576306960464562642e-06 0.9999999999936037831 0.4949866479304146916
0.9999300131136550362 0.01183084429239285827 2.958451755460989885e-07 0.01282183224978678676 -0.01183084429254752795 0.9999300131135582248 5.267154840864130545e-07 0.005538976934444857572 -2.895929813847833527e-07 -5.301787191162749775e-07 0.9999999999998172573 0.4949993518772526357
0.9999326547182015856 0.01160543018277267364 -4.551407877905387421e-06 -0.02092545995855432661 -0.0116054301154881398 0.9999326546236126934 1.45410468533103603e-05 0.01858901766831187394 4.719856465668982659e-06 -1.448724653635836546e-05 0.9999999998839210757 0.4950383653022334962
0.9999362236084851085 0.01129374681983607437 7.769620513186295673e-07 0.008056559729573994563 -0.01129374681878585022 0.9999362236078968014 -1.343040218627731125e-06 0.005408353520706267459 -7.920804556802693576e-07 1.334179751673510198e-06 0.9999999999987960742 0.4949884066814846939
0.9999476091424751578 0.01023615962415277622 -2.937519351513028623e-06 -0.02228142721875908672 -0.01023615960345987917 0.9999476091226754404 6.97497278048178479e-06 0.01385421094314366781 3.008762387052158099e-06 -6.944538438756273424e-06 0.9999999999713601317 0.4950136650637301794
0.9999517827344844845 0.009819988503263672036 -5.844193838330999064e-06 -0.05087101750530861888 -0.009819988402992368623 0.9999517826089624473 1.694567695783486571e-05 0.02815895111190760969 6.010318399457251478e-06 -1.68874699679124422e-05 0.9999999998393445111 0.4950367980994671013
0.9999533518831112966 0.009658884840842705752 -1.895952634657071468e-06 -0.03549936312402311028 -0.009658884848241703833 0.9999533518771027696 -3.9329617329242298e-06 0.01353063857950848742 1.857876167563872033e-06 3.951091055841437038e-06 0.9999999999904684023 0.4949768348780048122
0.9999595046687564937 0.008999390217238213002 -7.520669337416249666e-07 -0.01341864047409567148 -0.00899939022455592541 0.9999595046151956712 -1.037068890957866239e-05 0.00531802965192390998 6.587066021833583428e-07 1.037703708890774127e-05 0.9999999999459413536 0.4949686095641816497
0.9999627011868904569 0.008636911311630206603 4.952500114643588981e-07 0.01570381623785597341 -0.008636911309866317221 0.9999627011810441335 -3.459478304469447412e-06 0.008181809960472428978 -5.251107465238216665e-07 3.455071839609520867e-06 0.9999999999938931072 0.4949873107541138961
0.9999780490505609798 0.006625814609999582799 -1.426528927056708037e-07 0.01896504701517015903 -0.006625814609570165881 0.9999780490465829397 2.825227984467036543e-06 0.01036439086127650955 1.613691981946984349e-07 -2.824220776409811457e-06 0.9999999999959986452 0.4950019613158094245
0.9999926438616520974 0.00383565168625023007 9.78336024155210993e-07 0.03153805564601742245 -0.003835651687928516487 0.9999926438606461243 1.719403516815387002e-06 0.007759070302610091355 -9.717337943805186776e-07 -1.723143424867624361e-06 0.9999999999980430099 0.4949988296908465757
0.9999880606989391962 0.004886558587939601565 -2.640859136978537764e-06 -0.004338010966677309163 -0.004886558569773932943 0.9999880606791088367 6.841913240874703231e-06 0.01937328492904382901 2.674261016819280335e-06 -6.828926840365213413e-06 0.9999999999731068456 0.4950186864176492896
0.9999895951339325961 0.004561756498005544065 -1.938774723073997085e-06 -0.001059230089571679481 -0.004561756493108645207 0.9999895951326522869 2.522719990698998578e-06 0.01596287141337487947 1.950262584690313215e-06 -2.513849523953785083e-06 0.9999999999949382712 0.4950082513606224865
0.9999901069505811035 0.004448145842700828093 -1.326668300112125491e-06 -0.001616807025125606726 -0.004448145839565200051 0.999990106948696833 2.357178194201565838e-06 0.01572989425115488976 1.337140247699603333e-06 -2.351253660441581016e-06 0.9999999999963415931 0.495005610062311141
0.9999935717279886394 0.00358559518310280767 3.480729952805263422e-06 0.02824392949221559909 -0.003585595142344684232 0.9999935716663762575 -1.164609810862322704e-05 -0.002198239665806529103 -3.522465770792003623e-06 1.163354275592615246e-05 0.999999999926126204 0.4949681380590411628
0.9999843652045942166 0.005591899267981021056 3.342767303497462951e-06 0.03583032484440606957 -0.005591899227163598697 0.9999843651372302133 -1.209778184185175612e-05 -0.002787206619515690022 -3.410364617215121241e-06 1.207890027760676161e-05 0.9999999999212345614 0.4949647743103666175
0.9999781394666417134 0.00661215404154694153 -3.161842613301266165e-06 -0.003750532569543627535 -0.0066121540197036947 0.9999781394481883634 6.869643172338800218e-06 0.01229866688510195503 3.207196632543563949e-06 -6.848586407929581694e-06 0.9999999999714052068 0.4950223858748589723
0.9999793475056955039 0.006426862354321340697 2.143549844336995728e-06 0.03555150889189290231 -0.006426862370550730057 0.9999793474786088376 7.652333316210863483e-06 0.02057670108776528395 -2.094325081715258586e-06 -7.665951576274618727e-06 0.9999999999684232588 0.4950141853924005519
0.9999685897740235863 0.007925873287964284308 4.538475025210264254e-07 0.005153373499819628549 -0.007925873283652335941 0.9999685897352356134 -8.823147642481750082e-06 0.006382381545755450719 -5.237643972672779526e-07 8.819273367625328052e-06 0.9999999999609727741 0.4949706370101994435
0.9999661603032815593 0.008226678990206525571 -1.826600291009989809e-06 -0.009400203044145533787 -0.008226678991422731527 0.9999661603047225178 -6.593297806007376943e-07 0.01318468178919689204 1.821114384959117748e-06 6.743343233205556373e-07 0.9999999999981141752 0.4950000404446743829
0.9999739594837819823 0.007216672106809463548 5.128547789080004308e-07 0.005425405559919435801 -0.0072166721089372372 0.9999739594747565352 4.275816513280277986e-06 0.01588477206326313271 -4.819842581335218991e-07 -4.279406273590061199e-06 0.9999999999907269732 0.495011994153879975
0.9999534657751949496 0.009647086842908908499 -1.361672030640624566e-06 0.004922018879513939335 -0.009647086848048144758 0.9999534657687777495 -3.819514552687135867e-06 0.008348069640078732701 1.324761477692148019e-06 3.832472982876384098e-06 0.9999999999917783544 0.4949881750910156697
0.9999502254131860113 0.009977309146141082052 7.439130747037924523e-07 0.1073285771655407977 -0.009977309144774902314 0.9999502254118234346 -1.818085154201652227e-06 0.003228880034927149659 -7.620156443744155268e-07 1.810572409041117781e-06 0.9999999999980703214 0.4949992349156059346
0.9998830829061740033 0.01529119086819800619 1.452522056599972316e-06 0.2339718068498539416 -0.01529119082973429133 0.9998830826300071362 -2.357022840440465918e-05 -0.03014839712303425331 -1.812769092879851173e-06 2.354526184984695301e-05 0.9999999997211670433 0.4949529110083319972
0.9997397441613815605 0.02281324045505292789 2.511557549951694748e-06 0.476120689993772106 -0.02281324041765457264 0.9997397440669584245 -1.402894543115679237e-05 -0.04557138333957082982 -2.830949607649946518e-06 1.396799754998885277e-05 0.9999999998984401284 0.4949872165055998474
0.9994648474318691411 0.03271114099283676385 2.273693741166139998e-06 0.7443726687136829057 -0.03271114097849422281 0.9994648474164175012 -6.082350379552767016e-06 -0.06806919090921953464 -2.47143758891968862e-06 6.004720277617664946e-06 0.9999999999789174199 0.494997638774416604
0.9989703558850872023 0.04536769847463982541 -4.111423184234805859e-07 1.079751302195736784 -0.04536769847504985159 0.9989703558846013687 -1.049900282842069402e-06 -0.09348159048410853433 3.63087428694304481e-07 1.067471839927166039e-06 0.9999999999993640643 0.495007098953893554
0.9981029147822185754 0.06156761733265379843 1.204900942249446675e-06 1.49462567655269174 -0.06156761730972386965 0.9981029146854643042 -1.405051340431599613e-05 -0.1462345337385553279 -2.06767177497067182e-06 1.3949675502925895e-05 0.9999999999005654283 0.4949814991241895945
0.9968663855746986435 0.07910378818408682344 2.897604064845307466e-06 1.987659286198864672 -0.07910378811711464564 0.9968663854111525779 -1.857575607464685089e-05 -0.2127447727621046558 -4.357936764363109663e-06 1.828833535945765352e-05 0.9999999998232723675 0.49498883257228532
0.9952638300197541588 0.09721064064953549577 1.072064156014332294e-06 2.540852109876590603 -0.09721064064305308394 0.9952638300084435397 -4.99239128824225354e-06 -0.2801357691250159765 -1.55230023343277925e-06 4.864530431076634173e-06 0.9999999999869630951 0.4950065098565915034
0.9935472230695436835 0.1134192026624823157 -6.616637531623372182e-07 3.127580453234955371 -0.1134192026586302721 0.9935472230608930477 4.301295839686779875e-06 -0.3570532743703022094 1.145243729107212961e-06 -4.198495161809592646e-06 0.9999999999905303527 0.4950210772765604172
0.9919005488142170757 0.1270169329767545374 1.21076472464564076e-06 3.780309472767869661 -0.1270169329823664928 0.9919005487829826162 7.874220036980980383e-06 -0.4357083365387459661 -2.007989161416530354e-07 -7.964230798053071732e-06 0.999999999968265163 0.4950376688613691845
0.9900541436491576697 0.140686860170145589 4.564193590931491557e-06 4.5090411173169338 -0.1406868599735626446 0.9900541432359492022 -2.990555731478586571e-05 -0.5798184263000096816 -8.726117735488222847e-06 2.896599887302151865e-05 0.9999999995424126986 0.49495985985438673
