0.9999727208254474142 0.007386311999347235611 0 -0 -0.007386311999347235611 0.9999727208254474142 -0 0 -0 0 1 0.4949999999999998845
0.9999617615823384043 0.008745019386592398428 -3.3626288679266028e-06 -0.004929214253080509145 -0.008745019393995443618 0.9999617615855223018 -2.193206646528406039e-06 -0.0002829955478388634363 3.343320651687539484e-06 2.222529036441441154e-06 0.9999999999919411131 0.4949769908052336631
0.9999196431309259614 0.0126770374059612858 -2.400408989448342822e-06 -0.002965577124687088836 -0.01267703742293785005 0.9999196431077101987 -7.194411220293736346e-06 -0.002570063192196769385 2.309012279888177582e-06 7.224263174522842996e-06 0.9999999999712390064 0.4949678158343948642
0.9999700717107030679 0.007736645536313421084 9.846088919840513534e-07 0.02935506510102378272 -0.00773664553502611315 0.9999700717103467973 -1.304570151862463776e-06 -0.001535635070283283355 -9.946724211658653497e-07 1.296913538321854739e-06 0.9999999999986640686 0.4949915727692771328
0.9999767923725071395 0.006812834843029795528 1.613669177656166251e-07 0.01629641193746862032 -0.006812834843598843809 0.9999767923651552426 3.836871845697167297e-06 0.006172704598313336587 -1.35223198622388318e-07 -3.837882167164597486e-06 0.9999999999926260097 0.4950085990982944772
0.9999714314875675081 0.0075588498235034619 5.323690427026213613e-07 0.01374510732080270678 -0.007558849823922824361 0.9999714314873937582 7.902127972549325796e-07 0.008798863503424580318 -5.263807338473616403e-07 -7.94214319695830591e-07 0.9999999999995458078 0.4950004725079147905
0.9999731608615043399 0.007326497040510974307 1.588557700597576278e-08 0.005981634827749487439 -0.007326497040404688667 0.9999731608548881878 -3.63779232421061668e-06 0.003027876955298562135 -4.253742535375966303e-08 3.637578303365622067e-06 0.9999999999933828487 0.4949917245600410354
0.9999679632722801026 0.008004525673897134458 2.371261066714512652e-07 0.003547095345381469627 -0.00800452567350661004 0.9999679632710243293 -1.604368122291624367e-06 0.003466284542924824054 -2.499607157521673177e-07 1.60241864157817735e-06 0.9999999999986847188 0.4949991883266325887
0.9999573363455227515 0.009237179787605633366 7.557091144741216604e-07 0.005215320879531180377 -0.009237179788564650953 0.9999573363449858476 1.275566322739542274e-06 0.005032660380530400157 -7.438942377070256439e-07 -1.282492523376932082e-06 0.9999999999989006572 0.4950068744665624965
0.999938653488528173 0.01107651848273738526 2.886117025534292733e-07 0.005756951083240010106 -0.01107651848235219165 0.9999386534877242605 -1.303631743279366028e-06 0.0006011398614211246362 -3.030336983312174658e-07 1.300354957162110091e-06 0.9999999999991083799 0.4949937040901719043
0.9999431645521644763 0.01066150399974953936 -3.147354361427408133e-07 -0.001075984572975745507 -0.01066150400030836144 0.9999431645505320043 -1.830789855771001418e-06 -0.00542056797748129756 2.951985746427874808e-07 1.834041355121126475e-06 0.9999999999982743804 0.4949928145396990109
0.9999706528725356147 0.007661161517689310356 -3.273897955704510867e-07 -0.0006698126828115994608 -0.00766116151699962767 0.999970652870476262 2.05829015154313511e-06 -0.003873128626974024769 3.431490809213659085e-07 -2.055721560536749038e-06 0.9999999999978279597 0.4950053041296593737
0.9999897103592629843 0.004536427871124789485 -6.467951423684210648e-09 0.005547281488441167981 -0.004536427871108018178 0.9999897103579133972 1.642972702740359161e-06 -0.004595247110812009095 1.392111203104033665e-08 -1.642926455746399623e-06 0.9999999999986500798 0.4950000876025169028
0.9999839071809614177 0.005673216123196719342 3.874663344041013179e-07 0.008342451500898432834 -0.005673216124432654307 0.9999839071756930764 3.266931719754390393e-06 0.003100092956504253011 -3.689260892706809285e-07 -3.269077325869417042e-06 0.9999999999945883289 0.4950041738052154972
0.999980294200337072 0.006277835075507366691 6.838328512626080815e-08 0.006306470321749513101 -0.006277835075365334472 0.9999802941985169724 -1.909554900418630983e-06 -0.001250848056193942228 -8.036980831136281576e-08 1.909087972126380339e-06 0.9999999999981742382 0.4949900999934163659
0.9999560313989992455 0.009377380814388469252 2.409361463712374226e-07 0.0109475350954378256 -0.009377380813067366302 0.9999560313865485384 -4.998294404052458967e-06 -0.006851544796828020444 -2.877964627924068926e-07 4.995815286043954508e-06 0.9999999999874792378 0.4949858205466924899
0.9999298643455126756 0.01184341134022965508 1.530662041066628368e-07 0.01638211168791981268 -0.01184341133957088864 0.9999298643384689766 -3.758358542287832434e-06 -0.01325743399372799475 -1.975672548875602509e-07 3.756282121334249982e-06 0.9999999999929254368 0.4949893611380061231
0.9999153866595056339 0.01300844045615246955 -8.382649168476599456e-07 0.01085943760755636936 -0.01300844045730761324 0.999915386658879024 -1.387649049436263267e-06 -0.01626964894170217918 8.201428384186789182e-07 1.398436155073016142e-06 0.999999999998685607 0.4949968111482474509
0.9999316312171839805 0.01169328407214562625 -1.087366300332167041e-06 -0.002685379978546005401 -0.01169328406838251143 0.9999316312120217765 3.404991267103729126e-06 -0.01245262420044817957 1.127107488565539579e-06 -3.392043588959129735e-06 0.9999999999936116657 0.4950083776132057078
0.9999408210289649768 0.01087908276871645159 5.132070353392536547e-07 0.008238000354362784439 -0.01087908277120980087 0.9999408210158823307 5.135452905621758553e-06 -0.005257549279498403838 -4.573076470530012845e-07 -5.140732216619242647e-06 0.9999999999866816536 0.4950088922986092821
0.9999591612165784626 0.009037472058907942279 2.316185959568997819e-07 0.0001589920839235042663 -0.009037472059792491658 0.9999591612079650194 4.155017410670199017e-06 0.0006403381795031993671 -1.940582831798580468e-07 -4.156940971403548976e-06 0.9999999999913408155 0.495004512934509866
0.9999405300957081577 0.01090579082430771091 -8.020774129531998734e-07 -0.003545385763696428869 -0.01090579082255075521 0.9999405300937092012 2.16316877702948397e-06 0.01052873036331344533 8.256207796845496585e-07 -2.154292845100194733e-06 0.9999999999973384623 0.4949971940031148154
0.9999106331000041648 0.0133688374846656164 -2.996565168336317601e-07 0.003371471990362610947 -0.01336883748669970284 0.9999106330652617336 -8.337526774554815195e-06 -0.001958704336809632181 1.88166696976222203e-07 8.340787734908723644e-06 0.9999999999651977278 0.4949683622592367938
0.9998710845887721632 0.01605659366186729803 -2.341524929660083093e-06 -0.009919033617585108764 -0.01605659367703230964 0.9998710845694324112 -6.608347798390188127e-06 -0.00631320334074871644 2.235115515590587001e-06 6.645092794896403141e-06 0.999999999975423326 0.4949816355290476144
0.9998192969044549239 0.01900982730469929702 -2.357870419931152492e-06 -0.01628031690440514059 -0.01900982731577094409 0.9998192968956669535 -4.765623367338705935e-06 -0.01253343355450827444 2.266850668214301494e-06 4.809584913959885145e-06 0.9999999999858644184 0.4949877855266379134
0.9998105054573952488 0.01946671978493991206 2.733422045576785373e-07 0.001399253243577834377 -0.01946671978580771095 0.9998105054507666622 3.64632228471061668e-06 -0.005605008518823275006 -2.023084735377875802e-07 -3.65095240263884685e-06 0.99999999999331457 0.4950107709518828947
0.9998898028737273069 0.01484527228850971749 1.432144541731928919e-06 0.02469009608997793995 -0.01484527229093886638 0.9998898028732705612 1.700725150259300971e-06 -0.007607669774750330793 -1.406738995574830138e-06 -1.721798310917174882e-06 0.9999999999975279774 0.4949971079100355387
0.9998737615063453266 0.01588902303602535496 -5.876680883936782227e-07 0.002778924511184055479 -0.01588902303602592395 0.9998737615065179662 3.660551942715152219e-09 -0.003585131491652082843 5.876520646536744572e-07 5.67738195387435961e-09 0.9999999999998271383 0.4949967650402406494
0.9998646578634372561 0.01645192868557487573 -6.236118260564138402e-07 -0.0003463252002616107631 -0.01645192868672298858 0.9998646578618397562 -1.883000096441987447e-06 -0.003409004979289755391 5.925484417969024717e-07 1.893004864476263742e-06 0.9999999999980324628 0.4949908628874662986
0.9998584495980135101 0.01682500429625193028 -3.467107142689182518e-07 0.0003445053958346868555 -0.01682500429722277521 0.9998584495935000094 -3.018864566830542924e-06 -0.003181397718919138501 2.958692279196543925e-07 3.024270654595033503e-06 0.9999999999953829155 0.4949918017515070878
0.9998242045758682917 0.01874993186664612038 -1.208654172810669988e-06 -0.00814950781418674608 -0.01874993187342662015 0.9998242045592599103 -5.86663920588649335e-06 -0.01052719067392980483 1.098442611521038159e-06 5.888270060957811559e-06 0.9999999999820605723 0.4949863062537429026
0.9998709285539312264 0.01606630723586532222 -2.595169273845339279e-06 -0.01706278485451726001 -0.01606630725574328261 0.9998709285263249757 -7.829527075381955342e-06 -0.02835118124699228734 2.469042724018185764e-06 7.870211293934545679e-06 0.9999999999659815453 0.4949777717156888523
0.9999107325832432558 0.01336139463861284703 -6.210361803508857486e-07 0.0007673374937481962886 -0.01336139463488730111 0.9999107325674720936 5.659037804091737762e-06 -0.01790475655174430039 6.965933794208454027e-07 -5.650234726917428687e-06 0.9999999999837946296 0.4950161749903845276
0.9999282543514407262 0.01197857052708919436 2.012282985464608205e-07 -0.0007019695899168022432 -0.01197857052821421457 0.9999282543263565692 7.08366338256211307e-06 -0.009189096545674384914 -1.163616998684822699e-07 -7.085565587904967643e-06 0.9999999999748904189 0.4950105994178434221
0.9999175164377892555 0.01284368803131919097 9.329726492748036367e-07 0.004523705751469682748 -0.01284368803452836522 0.9999175164319900055 3.519302564325198717e-06 -0.0009216780303629017483 -8.876948701378902013e-07 -3.53099508936521141e-06 0.9999999999933718575 0.4950006156310168826
0.9998826056854852595 0.01532236436544832069 -2.987267952179153156e-07 0.004339989248441572696 -0.0153223643657023241 0.9998826056851497501 -8.674678403885065616e-07 0.003226154763922280209 2.854000680647138298e-07 8.719432053981511096e-07 0.9999999999995788924 0.4949948646055511992
0.999872723192738011 0.01595422877656528168 -1.23119891117908768e-06 0.00213431324415455561 -0.01595422878182055706 0.9998727231838026031 -4.383681404352623145e-06 0.003243339001508838658 1.161103952092921556e-06 4.402766292484311125e-06 0.9999999999896335146 0.4949919263550039972
0.9998924728680163021 0.01466433435928682534 -1.383871699992047462e-06 0.001996587817939632012 -0.01466433436466845625 0.9998924728610442125 -3.962299779568242531e-06 0.0006954724165906421215 1.32561840742817391e-06 3.982167282163363297e-06 0.9999999999911922677 0.4949926089609814617
0.9998873323129420232 0.01501075215063078609 -1.487608250788826771e-06 -0.006274564372674027758 -0.01501075215325916624 0.9998873323124395363 -1.771735443409312838e-06 0.002574777120377573243 1.460845563789693535e-06 1.793865944828573783e-06 0.9999999999973238074 0.4949953763144925856
0.9998498909213061614 0.01732615436652304441 -1.323647187932955001e-06 -0.01475099700974529145 -0.01732615437226395563 0.9998498909121515954 -4.456388313876785481e-06 -0.001566416586627733748 1.246236424617497414e-06 4.47865308504523999e-06 0.9999999999891940883 0.4949866613917126013
0.9998436642024028931 0.01768183120289857149 -1.362855684871618585e-06 -0.01727046716883929439 -0.01768183121001384861 0.9998436641886303544 -5.398745535888943484e-06 -0.008832944748856095749 1.267182914449359215e-06 5.421999302883073499e-06 0.9999999999844978449 0.4949849598768855108
0.9998583431809986433 0.01683132714561024965 3.134760434796978044e-07 0.004393357594526119819 -0.0168313271462340458 0.9998583431788176101 2.106819461825803408e-06 -0.002511998263453561146 -2.779710698611257824e-07 -2.111797234322946739e-06 0.9999999999977312592 0.4950047452092154465
0.999910283999571825 0.01339492263154943782 1.350257805666947126e-06 0.01871303531263590614 -0.01339492263420860758 0.9999102839984874702 1.979974801992089099e-06 -0.002045166562562753063 -1.323615056650529035e-06 -1.997883765415038355e-06 0.9999999999971280751 0.4950001737260767976
0.9999081862868068882 0.01355060879864545056 -2.169834849902433887e-07 0.01495344179162350247 -0.0135506087986246998 0.999908186286825984 9.672227681670193432e-08 0.0008791068566473658318 2.182742086660462525e-07 -9.377313806445437621e-08 0.9999999999999715783 0.4949935413376260751
0.9998813931692577262 0.01540128552965090714 -4.136103821465657821e-07 0.01245231044293076961 -0.0154012855303806255 0.9998813931676696631 -1.823238462739081926e-06 0.001474499051907607544 3.854811089760249782e-07 1.829392345797100443e-06 0.9999999999982521759 0.4949893762499527616
0.9998699207716121862 0.01612890381896798023 -2.924461822845758614e-08 0.00632397722775730059 -0.01612890381888889071 0.9998699207568627623 -5.431258537614015703e-06 -0.003536864133412221615 -5.835943245851590021e-08 5.431023727328895651e-06 0.999999999985250021 0.4949787798050739318
0.9998289754776238381 0.01849377726395803889 -3.29764521005616197e-07 0.0005750520805426756607 -0.01849377726567831559 0.9998289754575263588 -6.342956725567478743e-06 -0.009140660034770087955 2.124028943016679639e-07 6.347970516024640424e-06 0.999999999979828802 0.4949825127929496915
0.999793188605612726 0.02033666684788634771 -1.253917592614528168e-06 -0.0004872274912839256122 -0.02033666685328373858 0.9997931885963706744 -4.453442838774210314e-06 -0.01456366318807670972 1.16309008481890442e-06 4.478022320393374612e-06 0.999999999989297006 0.4949882049771838211
0.9997702688631372459 0.02143384002778664019 -1.107252774758557149e-06 0.0156976126537740901 -0.02143384003139502461 0.9997702688580375474 -3.356854335647864209e-06 -0.02109704084915626013 1.035048125487301464e-06 3.379815840533550384e-06 0.999999999993752553 0.4949893116138531779
0.9997309189602483492 0.02319676004310244205 -7.95214134593497933e-07 0.03084716868058341721 -0.02319676004212405107 0.9997309189598451162 1.218226949650599939e-06 -0.01732900008322305757 8.232590757761062275e-07 -1.199452756414060888e-06 0.9999999999989415134 0.4950011643864322131
0.9997105148539492392 0.02406006010802606843 -5.313285586419677968e-07 0.06795721519457655069 -0.02406006010702165313 0.9997105148524542129 1.822095439120196691e-06 -0.01644891553866383027 5.750144727035620646e-07 -1.808784172498383513e-06 0.9999999999981985521 0.4950021156609565876
0.9997285437921824558 0.02329889973536712275 -7.185316529946846864e-07 0.1164003161633778011 -0.02329889973373331161 0.9997285437900492733 2.204004974980821411e-06 -0.01309802209423820661 7.696874940437517604e-07 -2.186665687209669351e-06 0.9999999999973128162 0.4950022842529843148
0.9997376015356587153 0.02290694385397977137 -1.109849230949683191e-06 0.1528992395074430244 -0.02290694385105231448 0.9997376015330068366 2.582263805344651911e-06 -0.007744974316141875655 1.168709780218087092e-06 -2.556162969271105187e-06 0.9999999999960498265 0.4950019001939913177
0.9996509794715550123 0.02641816124867172808 1.800315032371150192e-07 0.2177665321882603089 -0.02641816124911175456 0.9996509794664719672 3.189299457713522496e-06 0.002557796466816704851 -9.57132412016238637e-08 -3.192942428013860552e-06 0.999999999994897748 0.4950031731975365612
0.9994808023987236112 0.0322199571348178726 9.309889893307374998e-07 0.3161742211633611355 -0.03221995713858014088 0.9994808023895396243 4.356915844289757304e-06 0.01133704419167863749 -7.90125980329093341e-07 -4.38465016936716475e-06 0.9999999999900750502 0.4950086531285035618
0.9993206552319626734 0.03685414526628146004 2.384404758647227289e-06 0.4756527827566787159 -0.03685414527612440594 0.9993206552255130548 4.224943000505697419e-06 0.01790573696951217042 -2.227078262651796462e-06 -4.309948006955308206e-06 0.999999999988231969 0.4950050808400086599
0.9990396073560990908 0.04381624051565612826 1.754437332203695954e-06 0.6448957077259587223 -0.04381624049993937398 0.9990396073249152575 -8.170870933277890651e-06 -0.001597615159146761887 -2.110769229475836273e-06 8.086150840849400562e-06 0.999999999965079156 0.4949764485454689611
0.9986137696737455993 0.05263590997664656379 1.074363084798471235e-06 0.8720456962121690969 -0.05263590993446523592 0.9986137693746657273 -2.455453834240705913e-05 -0.04344054202093628608 -2.36532423949669544e-06 2.446395001814127203e-05 0.9999999996979599404 0.4949499123121796074
0.9979456561907396051 0.064066116535730952 2.072896388489117177e-06 1.175032854414842065 -0.06406611650057456031 0.997945656096689282 -1.401840700842887429e-05 -0.07734656632620812156 -2.966742843478539725e-06 1.385680595925685528e-05 0.9999999998995934281 0.4949790312085806665
0.9971578979908980456 0.07534007216887526892 1.481574544664496411e-06 1.508374690539563634 -0.07534007214346120918 0.9971578979095769846 -1.296935884957247567e-05 -0.1279921068479329405 -2.454476190264815735e-06 1.282087667564840597e-05 0.9999999999148001528 0.4949758579623926846
0.9959151346666765825 0.09029421100525532318 1.73966803572184765e-06 1.887617190207001361 -0.09029421100861728666 0.9959151346659587123 1.961910179664681984e-06 -0.1603253317311326698 -1.555412594333988813e-06 -2.110977993487089571e-06 0.9999999999965619724 0.4950079998561466299
0.9941464300678490851 0.1080410828270053497 2.674340347015529388e-06 2.302949851908394852 -0.1080410828354966407 0.9941464300651614572 3.265094629673363856e-06 -0.2035079720491605737 -2.305921549442164273e-06 -3.534920796885696481e-06 0.9999999999910933468 0.4950053812501122308
0.9920377635014118178 0.1259407629818080354 2.984882297803559033e-06 2.750684558849910033 -0.1259407629700684261 0.992037763499959202 -3.84041106747596234e-06 -0.2668709841139330075 -3.44478025902536366e-06 3.433914452343694814e-06 0.9999999999881706847 0.4949920027984126558
0.9902358442900822677 0.1394021975194452978 3.477092051015052402e-06 3.268654679081311798 -0.1394021974769677485 0.9902358442476121292 -1.039441644836278962e-05 -0.3534224943954062392 -4.892145677497591752e-06 9.80820947490605232e-06 0.9999999999399327155 0.4949805320811600517
0.9880121477299506072 0.1543761507046045867 5.823393321305784643e-06 3.887454229926215366 -0.154376150556005759 0.9880121475557233079 -2.05929520396685413e-05 -0.4734559625622675738 -8.932644008973563795e-06 1.944709372869604406e-05 0.9999999997710089517 0.4949690682740818248
0.9851654658437252188 0.1716071236971368763 2.746617406955591152e-06 4.519883930716332543 -0.1716071236782708842 0.9851654658322600566 -6.050563549058709495e-06 -0.5870118147650865703 -3.744192424587104076e-06 5.489467144373169632e-06 0.9999999999779232152 0.4949998814068035102
0.9826475003823375021 0.1854828563102158268 3.095207887423700649e-06 5.219891018545040673 -0.1854828562775497069 0.982647500354724257 -8.715882810784510864e-06 -0.7330938916150209206 -4.658145132664551718e-06 7.990532457910632717e-06 0.9999999999572263265 0.4949898423960148452
0.9800837283533601063 0.1985847058652693009 3.951457829555722654e-06 5.974224068535964882 -0.1985847057860144205 0.9800837282617641533 -1.505440034285237517e-05 -0.9096571879942211281 -6.86233318572346516e-06 1.39698737256386918e-05 0.9999999998788753341 0.4949716133130576123
0.9781414328362291188 0.2079407063194049221 5.168017270216380152e-06 6.810211122853543131 -0.2079407058749856707 0.9781414318798616891 -4.563396905403286767e-05 -1.167786712779349312 -1.45442115699227496e-05 4.356183471737294508e-05 0.9999999989454160243 0.494870540482543142
0.9771887728500137094 0.2123725552131962013 3.214780887364541308e-06 7.706927753276993975 -0.2123725544278758093 0.9771887703344144249 -7.252810843748018065e-05 -1.479384694790687016 -1.854442749586580845e-05 7.019092205217848245e-05 0.9999999973646691576 0.4947932059789669768
0.9781093575997158451 0.2080915292879939316 -4.085061379858764194e-06 8.579950798202011342 -0.2080915290461619049 0.9781093550641855039 -7.125577907866552081e-05 -1.833788911444327097 -1.083208728743567241e-05 7.054601096868304581e-05 0.9999999974529628632 0.4947347000539853989
0.9793375871203198191 0.2022322685525003161 -3.419369398396641375e-06 9.552624062486971823 -0.2022322681950800005 0.9793375840643718799 -7.837005242587564914e-05 -2.230712313581832973 -1.250023652301377425e-05 7.744224487448464369e-05 0.9999999969232211683 0.4947077146953864912
0.9795975946984820659 0.2009690335894331881 -1.144607938567351577e-06 10.52260848760625578 -0.2009690334423238356 0.9795975937293188718 -4.42630638665841264e-05 -2.562243703283202834 -7.774249986590737603e-06 4.359002164877540445e-05 0.9999999990197353528 0.4947871560921686118
0.9807509624015515737 0.1952627710179247744 2.250456504709767943e-06 11.57666593465860494 -0.1952627709393978117 0.9807509622296799456 -1.930952987419030893e-05 -2.883284361381219352 -5.977569692737938404e-06 1.849840963464544313e-05 0.9999999998110384869 0.4947936688005549755
0.9815127279703297347 0.1913968777614235284 4.201545010949672095e-06 12.59542697528641675 -0.1913968778065553988 0.9815127277991932964 1.833907871758755126e-05 -3.131841280806236583 -6.138274971010833875e-07 -1.880420177762145143e-05 0.9999999998230123532 0.4947918658774101419
0.9826424977089989188 0.1855093571424827337 1.053733619357449268e-05 13.62248704243630648 -0.1855093573796889328 0.9826424972643367228 2.994854601278783138e-05 -3.360315954619867984 -4.798698833583602952e-06 -3.138348852252245751e-05 0.999999999496024361 0.494751970743170455
0.9850489639685926502 0.1722746021154106244 7.253403896413138234e-06 14.69988752229457951 -0.1722746022667370758 0.9850489632556316266 3.748433658290031335e-05 -3.562425099338954571 -6.873588178568584025e-07 -3.817348418737054474e-05 0.9999999992711561259 0.4947134837174387845
0.987064647102080861 0.160322744486358304 6.621090508358514207e-06 15.78073512600490602 -0.160322744623019986 0.9870646462953694966 3.990703562525739218e-05 -3.740687289646469793 -1.374388849663683951e-07 -4.045233543903233644e-05 0.9999999991817946077 0.4946768476910887724
0.9882659875421961893 0.1527427177561972715 6.475426757224979837e-06 16.98309994441999038 -0.1527427178915774231 0.9882659868523052671 3.693461476334963133e-05 -3.914217720647901189 -7.579505762866005386e-07 -3.749029781599869104e-05 0.9999999992969512697 0.4946804811658280787
0.9889837175014314363 0.1480243441311495933 7.989020171451158213e-06 18.22378057829013542 -0.148024344269203606 0.9889837172898655604 2.101009540318565032e-05 -4.102052088192857937 -4.791005274476037414e-06 -2.196121172913478623e-05 0.9999999997473755231 0.494627149342305672
0.9894364022639214884 0.1449676026023148379 8.543836055178109294e-06 19.53872267756790038 -0.1449676027423842661 0.9894364020967562068 1.905741144477761888e-05 -4.297252077174801066 -5.690875157584653901e-06 -2.009467604752717139e-05 0.9999999997819087882 0.4946244773467097233
0.9902422665474154284 0.1393565695386126679 8.467578431947658175e-06 20.82215828432573801 -0.1393565696157454958 0.9902422665288493908 9.325867253955950846e-06 -4.512862728354807729 -7.085333189978868291e-06 -1.041488061030616237e-05 0.9999999999206639067 0.4945715709999454757
0.990544023451110256 0.1371952533925922535 7.35263893986930105e-06 22.19308474832597255 -0.1371952534859198214 0.9905440233636070291 1.420580008867609143e-05 -4.71280635076710297 -5.33414421502764406e-06 -1.508021753932517112e-05 0.9999999998720667804 0.494601759858074308
0.9908811711424516666 0.1347386529572484892 8.767103108816958341e-06 23.64334903592877168 -0.1347386530793998061 0.9908811710468996559 1.527437498815093295e-05 -4.929835273140858121 -6.629108684486128657e-06 -1.631635824101818728e-05 0.9999999998449154992 0.4945937104249648608
0.9912117887483709033 0.132284503135505993 8.870150922366580465e-06 25.0884306863719182 -0.1322845032189791659 0.9912117887304827679 9.594647923837127632e-06 -5.151724556441099168 -7.52297492870340529e-06 -1.068371163924008414e-05 0.9999999999146313989 0.4945637891902652794
0.9916285063206862205 0.1291236050892005383 7.950201361979921286e-06 26.58903964095472006 -0.129123605178002393 0.9916285062694982777 1.190762304680018534e-05 -5.368284138099610026 -6.346091085275797166e-06 -1.283449711747815616e-05 0.9999999998975012128 0.4945683211591160866
0.9922027747463642022 0.1246340792115895602 9.323502615453556952e-06 28.16463321589998969 -0.1246340792570430483 0.9922027747744269766 4.46200519362410182e-06 -5.606997249736741296 -8.694687256924982309e-06 -5.589240097974202948e-06 0.9999999999465811751 0.4945447437981581595
0.9925500069003561077 0.121837940309630105 1.026852368539873342e-05 29.75070522898266034 -0.1218379404242011937 0.992550006874103663 1.138587085383404089e-05 -5.823580519912068709 -8.804792201066811359e-06 -1.255214197156566084e-05 0.9999999998824594671 0.4945553286091185496
0.9930071905184505443 0.1180538839006569085 8.76676770936014246e-06 31.28618484230277375 -0.11805388399571487 0.9930071904820361173 1.125752827387377522e-05 -6.033669576760733122 -7.376468436828083842e-06 -1.221375750159961013e-05 0.9999999998982056493 0.4945372870268223697
0.9933692841815869867 0.1149672354000416813 5.591565391650370841e-06 32.80853127925173851 -0.1149672353507320138 0.9933692841670040963 -8.460265381029219897e-06 -6.270667487548649888 -6.527142632084324888e-06 7.761320951178386833e-06 0.9999999999485789104 0.4944920280234711418
0.9939998295092635772 0.1093816205768288197 4.21595918160036002e-06 34.27426957947868402 -0.1093816205601563507 0.9939998295119847338 -4.001474828592700605e-06 -6.480713748531412577 -4.62835050918910218e-06 3.516316849907838195e-06 0.9999999999831067354 0.494491613527541507
0.9945791654043426577 0.1039821315386496303 8.155526823097220419e-06 35.74849340859483249 -0.1039821316515720656 0.9945791653140254596 1.492260312176168576e-05 -6.660172959490661349 -6.55963297970608173e-06 -1.568973922230920776e-05 0.9999999998554014446 0.4945356610702326683
0.99530207434923057 0.09681828681956509974 1.164799682375770837e-05 37.27506598978404639 -0.09681828703803087299 0.9953020741964476725 1.993747397281948419e-05 -6.836446404319320713 -9.662963325361627491e-06 -2.097154830233167858e-05 0.9999999997334104718 0.4945221951919769321
0.9960026841755963423 0.08932330617742385848 9.527539685278815833e-06 38.74682236610488673 -0.08932330632893084599 0.9960026840645463952 1.687956525759854291e-05 -6.997237650201450165 -7.98171652342290753e-06 -1.766312365015449749e-05 0.9999999998121529288 0.4945060845066283073
0.996487364026602096 0.08374325802287009568 8.559294910587226667e-06 40.2373643841201627 -0.0837432581832851658 0.9964873638387288235 2.05139244665887216e-05 -7.139619939500915891 -6.811326352102111722e-06 -2.115864976111600512e-05 0.9999999997529585016 0.4945042037339594243
0.9965251482557990759 0.08329242910100354003 1.226558359211341148e-05 41.87899501148667269 -0.08329242945183606972 0.9965251478012441266 3.159038078108384316e-05 -7.270295271474781273 -9.591722950517234347e-06 -3.250223914735842547e-05 0.9999999994258014224 0.4945202561566676702
0.9971716270728239184 0.07515814041141186119 9.64718713962067332e-06 43.50605919554234191 -0.07515814055035584251 0.9971716269968997626 1.495330440230518695e-05 -7.417766104861040155 -8.496038744076096162e-06 -1.563607552791707151e-05 0.9999999998416649882 0.4944699368112592808
0.9972043094646012573 0.0747232569655919554 7.47759482136103249e-06 45.11604116244394191 -0.0747232570175679206 0.9972043094646559913 6.930917730511158699e-06 -7.562220690060960315 -6.93878903370744603e-06 -7.470291269120148086e-06 0.9999999999480237989 0.4944398611780038144
0.9974970577384467685 0.07070798914914123989 8.709715418446007358e-06 46.82405124705454824 -0.0707079891153572504 0.9974970577703248242 -4.12797159376232191e-06 -7.726192571141024423 -8.97979607457644227e-06 3.501793056200453192e-06 0.999999999953550156 0.4944281695099512763
0.9979073171271982678 0.06466054685203403984 1.034531789195639726e-05 48.53517716683877126 -0.06466054672341996212 0.9979073171131295217 -1.231815200207945108e-05 -7.892456264660754783 -1.112016686690559992e-05 1.162344010543865514e-05 0.9999999998706184945 0.4944288385995101454
0.998069579679854213 0.06210566823148608306 9.666034469451287154e-06 50.25553166142710637 -0.06210566810655940989 0.9980695796532699227 -1.272853487586004821e-05 -8.053492009442376087 -1.043788912391232657e-05 1.210364792482370336e-05 0.9999999998722758354 0.4944148916608151478
0.9980375581274292252 0.06261814819308271496 9.281164774463873868e-06 51.95041303427693435 -0.06261814814514224392 0.9980375581591490741 -5.369219285590460479e-06 -8.209189776620538836 -9.599161597284897691e-06 4.777513154034550119e-06 0.9999999999425155384 0.4944036769517787255
0.9981045831392766354 0.06154056412579984869 9.256434250581048034e-06 53.63706525246691825 -0.06154056415127154289 0.9981045831775164912 2.492334480226246712e-06 -8.352644883771288775 -9.085509779482978701e-06 -3.057256653239785422e-06 0.9999999999540530871 0.4943995058620975769
0.9982233560329907274 0.05958297885525710297 1.015871281303633224e-05 55.32786510943974889 -0.05958297907886203615 0.9982233557982685968 2.334873871623194049e-05 -8.464733782212553237 -8.749476989593795616e-06 -2.391254269346180483e-05 0.9999999996758182075 0.4944348557176121428
0.9982653719935167258 0.05887484184064665366 8.894776699273615592e-06 56.99665595618794356 -0.05887484205894541467 0.9982653716636555874 2.668314704265912094e-05 -8.57583004603842447 -7.308381505618364035e-06 -2.716054028181713622e-05 0.9999999996044460771 0.4944231079288763375
0.9983258894380336868 0.05783959170291709528 1.056557500116260275e-05 58.70084679256056859 -0.05783959164300584571 0.9983258894800338679 -5.890848352234175443e-06 -8.74206205567103467 -1.088861132438069072e-05 5.269877877247969999e-06 0.999999999926833083 0.4943346950687241836
0.9983097681596238004 0.05811718076553228085 9.958763792833261248e-06 60.35947464534240225 -0.05811718072458104539 0.9983097682021876418 -4.353520466787574019e-06 -8.883895049779853892 -1.019494550953846077e-05 3.767386732735354054e-06 0.9999999999409346918 0.4943399613772864742
0.9981709213785953105 0.06045503805831384941 9.476616265627877634e-06 62.08714696697322211 -0.06045503814534841647 0.998170921376064002 9.183493029209484221e-06 -9.01560571253361509 -8.904094368800036081e-06 -9.739604896267321766e-06 0.9999999999129284278 0.4943520895135517512
0.9981981378925876003 0.06000397810483159428 1.102715139603910364e-05 63.89821816946736988 -0.06000397819547138162 0.9981981379153368472 8.081093621826145176e-06 -9.162933733193304064 -1.052238422528958034e-05 -8.728205557368630716e-06 0.9999999999065487533 0.4943335704548738052
0.9986357241269605556 0.05221772128289034476 9.147455504569510686e-06 65.65268916211843475 -0.05221772121124862442 0.9986357241413288399 -7.903206250345849908e-06 -9.318583997025204013 -9.547663273078122007e-06 7.414764815408929388e-06 0.9999999999269314488 0.494279163313111114
0.9986597941601118578 0.05175534220863035884 9.120485835570208747e-06 67.4262208938873755 -0.05175534223235546405 0.9986597941976825821 2.384613534816207908e-06 -9.447342808863707475 -8.984846018003680144e-06 -2.853451527576264365e-06 0.9999999999555649888 0.4942874008727545787
0.998677159501834999 0.05141916934827934355 1.072903488933893254e-05 69.24397357458290969 -0.05141916949500252576 0.9986771594554654241 1.387947692043499205e-05 -9.566313528038739022 -1.000117091274622205e-05 -1.441279464976399901e-05 0.9999999998461237549 0.4942880989858322027
0.998528609068806472 0.05422745370046666569 1.176906918366801277e-05 71.09826701419309813 -0.05422745382015570909 0.9985286090805778336 1.010059708185649453e-05 -9.700333385818002085 -1.120402262153765375e-05 -1.072394181057420933e-05 0.9999999998797332035 0.4942626249994252485
0.9981175473135474041 0.06132994083513476635 1.02068638574643995e-05 72.91288554453768711 -0.06132994091047388324 0.9981175473348531391 7.239308369387006446e-06 -9.843032866658747437 -9.743663565411336412e-06 -7.851667071158522447e-06 0.9999999999217059621 0.4942301590506064102
0.9975427473664236766 0.07006045311151902488 9.41746318429039964e-06 74.71099450530677188 -0.0700604531364573957 0.9975427474063708333 2.344411122637247722e-06 -10.00665582458947966 -9.230071592923746408e-06 -2.998442050319250344e-06 0.9999999999529073369 0.494203761871410574
0.9969015579381459435 0.07865928872820211748 8.916473624029226156e-06 76.5647251414296619 -0.07865928886663328679 0.996901557831972096 1.6413868998142305e-05 -10.16453409773074412 -7.597743185490639141e-06 -1.706437505050494298e-05 0.9999999998255404421 0.494213892629220608
0.9962665824363200473 0.08633016040280731829 1.130101589530821967e-05 78.42550147405320615 -0.08633016047197318577 0.9962665824776452128 5.781785942074535826e-06 -10.35966739754015364 -1.075968197675027079e-05 -6.735818636627247593e-06 0.9999999999194287836 0.4941798925754855021
0.9951483901992475012 0.09838537131080390963 1.407530291566333885e-05 80.28739769231323464 -0.09838537107843485507 0.9951483901875005644 -1.634678450601095408e-05 -10.5965747006099793 -1.561529950128537727e-05 1.488267238569190641e-05 0.9999999997673340024 0.4941272381374854361
0.9932433004331148174 0.1160506181674702125 1.30350983048328186e-05 82.10003877799069016 -0.116050617822753846 0.9932433002527751853 -2.466100797077940137e-05 -10.85893980865639641 -1.580894927905336232e-05 2.298164973724811693e-05 0.9999999996109601996 0.4940988387719824071
0.9904845692442689753 0.1376238276145956563 1.280372709226655993e-05 83.88957088649630123 -0.1376238273402722867 0.9904845691573741506 -2.028739393810869018e-05 -11.15372411854137091 -1.547392291867990456e-05 1.833225271921833113e-05 0.9999999997122428486 0.4940768621799586091
0.986336143905020446 0.1647452914535428858 1.31413251329038341e-05 85.65483483414720922 -0.1647452912593027896 0.9863361439153420784 -1.470828936731838479e-05 -11.48775024789171617 -1.538488537612804784e-05 1.234234598144660004e-05 0.9999999998054857064 0.4940699115493268345
0.9811664794221842678 0.1931640222704792409 1.268064139359811188e-05 87.40390591878121995 -0.1931640222506981475 0.9811664795040879739 -2.778199474785928341e-06 -11.86171906089039574 -1.297846845922985632e-05 2.764325015021534384e-07 0.9999999999157412889 0.4940741485254241949
0.9750279925545249915 0.2220819974285880571 1.246814228158429737e-05 89.07818784373331766 -0.2220819975748659081 0.9750279925282107074 1.190786339332312574e-05 -12.25561421452752064 -9.512265651873289682e-06 -1.43794500839472467e-05 0.9999999998513738886 0.4940621596266489002
0.9687288803472381415 0.2481216561794410969 1.087152547316132291e-05 90.67278332713591738 -0.24812165626583782 0.9687288803573234075 7.468380632374648158e-06 -12.6986580676224019 -8.67849372790842993e-06 -9.932296914544326449e-06 0.9999999999130163575 0.4940249843730822876
0.959719843399128858 0.2809587551015151341 1.095403838793803825e-05 92.25761670121508473 -0.2809587550676184153 0.9597198434607753237 -4.550966407814319618e-06 -13.20361233273341739 -1.179144186338354691e-05 1.290019779784282204e-06 0.9999999999296486086 0.4939861143833624846
0.9500492255918774331 0.3121000941530676087 1.35702850012844087e-05 93.88341944912801296 -0.3121000941861686862 0.9500492256778600986 3.398972762679836864e-07 -13.76008611902574152 -1.278635678577252574e-05 -4.558206371133207964e-06 0.9999999999078656998 0.4939806711670145511
0.9388232946846497562 0.3443992176837177288 1.478292680581822291e-05 95.49563503854857061 -0.3443992177907081453 0.9388232947465273703 5.353105507789540807e-06 -14.3681236150846221 -1.203495070077390887e-05 -1.011684857819861238e-05 0.9999999998764044218 0.4939764788663047468
0.9234400746311191011 0.3837426590960236195 1.254665675948543377e-05 97.02721391379476756 -0.3837426591481804539 0.9234400746926034742 1.958256172478882568e-06 -15.02897454425248469 -1.083461922430344347e-05 -6.623019654365185005e-06 0.9999999999193730504 0.4939432342945772048
0.906165319474699249 0.4229236499386700987 1.030059093240392273e-05 98.50368533501617208 -0.4229236498858138238 0.9061653195311309972 -6.966867005827563693e-06 -15.75964119782269357 -1.228049109636315975e-05 1.956769752960491758e-06 0.9999999999226800718 0.4939037180757914203
0.888907365609326372 0.458086995217856785 1.341622482643895665e-05 100.0277405284958121 -0.4580869951943372098 0.8889073657088697455 -4.957154501582611037e-06 -16.56783663535154716 -1.419658907868844819e-05 -1.739346968674879569e-06 0.9999999998977154858 0.4938983034149495022
0.8672056699385490841 0.497950123515423948 2.279559180791222012e-05 101.4973736376145865 -0.4979501238855034706 0.8672056698956532861 1.501584018659670015e-05 -17.39837084506440945 -1.229132698884469389e-05 -2.437288951350104075e-05 0.9999999996274424596 0.4939037279337170627
0.8459356832947441118 0.53328493274538602 1.541545413885328015e-05 102.8625486729084599 -0.5332849329062624433 0.8459356832836111284 9.21335028267717364e-06 -18.27846630192899013 -8.12714184422084461e-06 -1.601473119296827367e-05 0.9999999998387387734 0.4938631646196456892
0.818993513818953911 0.5738027741534152959 2.643028671544320597e-05 104.254407965403729 -0.5738027746325174983 0.8189935137441605173 1.646967977296773423e-05 -19.22796463054276472 -1.219588544319916139e-05 -2.865433276039008458e-05 0.9999999995150945509 0.4938645137954028042
0.789118001292360538 0.6142416290137715507 3.500129784614045057e-05 105.602977064162161 -0.6142416298283003284 0.7891180011663380123 2.057545557651433406e-05 -20.25354735957956365 -1.498185284355535695e-05 -3.773571661533784083e-05 0.9999999991757796414 0.4938684540195593664
0.7527184235845725269 0.6583425960362148111 3.229374467834886253e-05 106.8827384128748292 -0.6583425966737365131 0.7527184235651229738 1.525616752905094055e-05 -21.35812172866703307 -1.426431164866253547e-05 -3.274394610027223042e-05 0.9999999993621815353 0.493839974177255614
0.7110956746292470543 0.7030952575503807145 1.832955121143139808e-05 108.054262028873012 -0.7030952577109512713 0.7110956746975608533 3.608911646246329016e-06 -22.52151410875681492 -1.049665592220217893e-05 -1.545370199449232031e-05 0.9999999998255013622 0.4938066692873943064
0.6616175405296471634 0.7498414699091964231 8.375507541905760959e-06 109.1319381049014368 -0.7498414699361853897 0.6616175405520607899 1.25319167631808687e-07 -23.75387651138061074 -5.447413191886095381e-06 -6.363216246154001787e-06 0.9999999999649173965 0.4937841323594703291
0.6079691414147320172 0.7939606558421118399 -8.026818560239683587e-06 110.124355185110943 -0.7939606558650429413 0.6079691413027519253 -1.281318976144866997e-05 -25.08184683583740338 -5.293110558967304592e-06 1.416300210664958658e-05 0.9999999998856958783 0.4937672162177786928
0.5509478148202523462 0.8345396962552207309 -2.685638762412372531e-05 111.0272693763509153 -0.8345396966639907488 0.5509478142787379573 -2.521285370661816976e-05 -26.49379740035745101 -6.244659213114926137e-06 3.630368823637076105e-05 0.9999999993215230587 0.4937825872026412877
0.4925983531618305378 0.8702567788392914228 -3.672527042847884341e-05 111.834427690273543 -0.8702567795589322142 0.4925983522162957762 -3.205836019773985692e-05 -27.97692260967511757 -9.808197582788299131e-06 4.775231100999433514e-05 0.9999999988117576066 0.4937952995150863833
0.4260676389699444844 0.9046913102307746479 -1.475581259318691018e-05 112.5403275810555641 -0.9046913103177380844 0.4260676387574596768 -1.553865443401237226e-05 -29.48996213820520396 -7.770711409603157948e-06 1.996997323720275727e-05 0.9999999997704079879 0.4937981344435011799
0.3662104852861363113 0.9305320413310420591 -2.291307678517533414e-05 113.1342346417412728 -0.9305320415495700326 0.3662104848622635966 -2.070670632301315744e-05 -31.08751139834243205 -1.087724474481049228e-05 2.890436509031942287e-05 0.9999999995231113603 0.4937797667935089341
0.3127181075475133909 0.9498459794569190651 -2.288363107346278166e-05 113.64870675497707 -0.9498459796195273253 0.3127181070478426417 -2.296230076438391277e-05 -32.73943323520027349 -1.465452326845613334e-05 2.891665221420006932e-05 0.9999999994745358833 0.4937711813477619893
