0.9999806747146977592 0.006216928271891146787 0 -0 -0.006216928271891146787 0.9999806747146977592 -0 0 -0 0 1 0.4949999999999999956
0.999979261601902536 0.006440214889433915936 7.243730288489569757e-07 0.001948809921330093078 -0.006440214890731329501 0.9999792616005307444 1.803182101969968691e-06 0.0002113425870047506852 -7.127451262908044908e-07 -1.807809824828315355e-06 0.9999999999981119547 0.4950085142923135728
0.999980844087843268 0.00618962496712221772 -1.537453889562947644e-06 0.002275182450933499901 -0.006189624965645292368 0.99998084408857002 9.635666232930743764e-07 0.0003175268441143187488 1.543388554259019817e-06 -9.540319023210167962e-07 0.9999999999983538723 0.4950004451406364581
0.9999811304459667038 0.006143187326971550136 -1.924897350368598994e-06 0.001629089426831656189 -0.006143187327620258653 0.9999811304477604912 -3.312553142955352594e-07 0.0006181483951360110468 1.922826064968413334e-06 3.430740686669446377e-07 0.9999999999980925258 0.4949985048813458355
0.9999794734516250783 0.006407236308214045613 -7.310272688741209464e-07 0.0004613209116915500344 -0.006407236308320490847 0.9999794734518813177 -1.433008740791789327e-07 0.001677562526858568772 7.300941008443957018e-07 1.479817970659414481e-07 0.9999999999997225553 0.4949985360135935597
0.9999792467169039689 0.006442525722149879987 2.135652116367120374e-07 -0.002474533023277496798 -0.006442525722518750719 0.9999792467153511 1.773802532130839632e-06 0.005711405181216933948 -2.021330110172583106e-07 -1.77514161927420219e-06 0.9999999999984040544 0.4950033619281284936
0.9999799781011486921 0.006327985366015767554 5.165163093528335067e-07 -0.003223556122774000852 -0.006327985365932552869 0.9999799781012693733 -1.626704053517049147e-07 0.00530235925271503334 -5.175353436599996107e-07 1.593986407349223675e-07 0.9999999999998533395 0.4949977352728250901
0.9999790147669010976 0.00647842789669083631 1.953578087841767099e-07 -0.002464005986723034024 -0.006478427896609258337 0.9999790147668342621 -4.155861665583742764e-07 0.004949268457535100675 -1.980460541699778166e-07 4.143118339075205105e-07 0.9999999999998945288 0.4949988583148050569
0.9999791034980083371 0.006464717277683714597 -2.686216330596048353e-07 0.002995273441728389229 -0.006464717278817121333 0.9999791034881022611 -4.457494331122940871e-06 -0.00187792078286572791 2.397995791861110566e-07 4.459137747996517353e-06 0.9999999999900293091 0.4949873510905966612
0.9999768733407824461 0.006800940034721110646 -6.854763787333000447e-07 0.0312620568628216508 -0.006800940036887497507 0.9999768733358529449 -3.209180829078434335e-06 -0.006705412093000569923 6.636350795719708247e-07 3.213768495195541584e-06 0.9999999999946156404 0.4949941550213088348
0.9999737137257042052 0.007250645241021089378 -1.856106256961702084e-06 0.05735179057763954702 -0.007250645234473010459 0.9999737137213119409 3.510630853212196055e-06 -0.004494288229474281519 1.881511805723963561e-06 -3.497080603820040113e-06 0.9999999999921151961 0.4950059815514937789
0.9999735984277322576 0.007266529129795615098 -2.032488129374502965e-06 0.09221665755227180516 -0.007266529140508081602 0.9999735984156011837 -5.313826842183078988e-06 -0.01562212367472805459 1.993821390927835399e-06 5.328455683019661501e-06 0.9999999999838161679 0.4949842274063228076
0.9999629510599283844 0.00860793285136658877 -1.333686214223384403e-06 0.1629398389415836756 -0.008607932855883458287 0.9999629510549343792 -3.418830274935883431e-06 -0.02179056704799265873 1.304207741119243778e-06 3.430183892280759458e-06 0.9999999999932663863 0.4949908799639689549
0.9999473561171705605 0.01026084755984370094 -1.966467053538239843e-06 0.247068889188374996 -0.01026084754820282691 0.9999473561021635648 5.841094206821015714e-06 -0.01818398487053717039 2.026298108286464318e-06 -5.820609090297071773e-06 0.9999999999810073037 0.4950063941438679893
0.9998277156556778511 0.01856176200265632209 -5.820192241387946704e-07 0.3621807352385551515 -0.01856176199539378777 0.999827715599047373 1.067004219816203093e-05 -0.007129171536935353937 7.799737351459263712e-07 -1.065740061462282812e-05 0.9999999999429057818 0.4950085613848121957
0.9995412093086886163 0.03028813124855493991 -1.194827342060087517e-06 0.5075797331827965886 -0.03028813126222617766 0.9995412092127866632 -1.386778909026385547e-05 -0.03284842404505947111 7.742497501901102792e-07 1.389761576509218095e-05 0.9999999999031283782 0.4949579879464010568
0.9990257439285045171 0.04413120162956039871 -3.614148044452461335e-06 0.7065660409076447435 -0.0441312017205469781 0.9990257434504147271 -3.098837524566285954e-05 -0.07547120595739412185 2.243072700910176535e-06 3.111768132933164448e-05 0.9999999995133292963 0.4949495256152975364
0.9982187624242299107 0.0596598888695939189 -2.557216792616468655e-06 1.010691533255739127 -0.05965988889782974924 0.9982187623419168654 -1.294230880856961137e-05 -0.1058274264185932456 1.7805250765303583e-06 1.307181875153772942e-05 0.9999999999129786099 0.4949829338381595556
0.9964843948580638378 0.08377858201227542101 -1.613561324450476039e-06 1.3942919166583152 -0.08377858201383048264 0.9964843948588134603 -9.214048600682847582e-07 -0.1412530891274073885 1.530694687326878179e-06 1.053347444159242708e-06 0.9999999999982737142 0.4950002278858337545
0.9947185329258309006 0.1026403441797779925 -1.66502078298249548e-06 1.809261146697208833 -0.1026403441845358533 0.9947185329219623284 -3.080896589257361036e-06 -0.1937554470404093954 1.340002744229241509e-06 3.235523241602008876e-06 0.9999999999938679052 0.4949838451403912876
0.9930473583307064533 0.1177155219574474582 -2.219071997049792007e-06 2.302912092314998826 -0.1177155219778067002 0.9930473580915795129 -2.179586361127850211e-05 -0.2811225183591997134 -3.620678774296848195e-07 2.190554400015553484e-05 0.9999999997600079737 0.4949629741646032199
0.9911389135735543254 0.1328294169309647277 4.971876103577311631e-07 2.895482367196648532 -0.1328294168937358966 0.9911389133715968747 -2.026013718747328104e-05 -0.3842285133284100707 -3.183924197425228879e-06 2.001456922047282515e-05 0.9999999997946398267 0.4949692587613406247
0.9893124041803363911 0.1458114087992893049 -1.059381897992527214e-06 3.487194760832204921 -0.1458114086494984585 0.989312402778274147 -5.309387614860842491e-05 -0.548760336787665115 -6.693633228880817281e-06 5.268090022667687807e-05 0.9999999985899590271 0.4948771251650581071
0.9857519074445645346 0.168205757841851572 -6.958244041567944615e-07 4.155486624315173572 -0.1682057577495175704 0.9857519067484502573 -3.746916340175527135e-05 -0.7113883993619134483 -5.616618792532727948e-06 3.705234096479412904e-05 0.9999999992977888219 0.4948879423628241847
0.9829600870157167991 0.1838191157991753422 -1.759744152570300011e-06 4.83220010876845496 -0.183819115713649367 0.9829600861622139751 -4.138185409273547623e-05 -0.9448982317561041011 -5.877017565623155252e-06 4.10001855138746957e-05 0.9999999991422227064 0.4947833444727475216
0.9816287523385672786 0.1908009239178879435 -4.067081264819059048e-06 5.617649367010487893 -0.1908009235782993085 0.9816287487949553192 -8.428019642146502991e-05 -1.303096044702826584 -1.208837545196484692e-05 8.350786692164757221e-05 0.9999999964401536934 0.4945962216268548484
0.9805714591450975792 0.1961622122107068711 -3.590081900984129181e-06 6.416173512684846258 -0.1961622119622210558 0.9805714565943403072 -7.150367407266382594e-05 -1.661643451837601537 -1.050598704834611154e-05 7.081870042649002694e-05 0.9999999974371679423 0.4946824548620353812
0.9806622534428600657 0.1957078042831958686 -4.153916768993163916e-06 7.391906505210830147 -0.1957078043261605005 0.9806622531445791102 -2.419635555529551957e-05 -2.001450540755389973 -6.618262393265025674e-07 2.454140649417403927e-05 0.9999999996986407291 0.4947900357132520299
0.9817106476042516405 0.1903791069401084557 -4.833257047591268488e-06 8.308771971279695023 -0.1903791069950079851 0.9817106474636330127 -1.668983946645315381e-05 -2.310836380791667644 1.567463172951872809e-06 1.73047442716204786e-05 0.9999999998490444186 0.4947781097937654637
0.9804147681378185819 0.1969438559054643434 -6.370851440973549485e-06 9.257724246186441519 -0.196943855986121269 0.9804147680011553456 -1.66370521958842658e-05 -2.628080724669736412 2.969511627113981881e-06 1.756591171982472684e-05 0.999999999841310383 0.4947649133189501724
0.9789026149490666073 0.2043273609564410231 -3.562088198534046144e-06 10.32031124387686383 -0.2043273609105239474 0.978902614910077018 1.038204452613427826e-05 -2.92535832253000061 5.60827321144258707e-06 -9.435178454213502148e-06 0.9999999999397622963 0.4947869537027667075
0.9787627039074324742 0.2049965107824126276 -3.013404546733317924e-06 11.34899699828096686 -0.2049965105786107078 0.9787627034130532699 3.256375008920931152e-05 -3.194290609844865347 9.624863126916286598e-06 -3.125444666963834512e-05 0.9999999994652607471 0.4947611603423251458
0.9788549421166685693 0.2045556215207704753 -5.075923739995872733e-07 12.42277253351545596 -0.2045556210837371214 0.9788549401816400986 6.298632590639847658e-05 -3.45818073208418042 1.338106634598116134e-05 -6.155064552592846557e-05 0.9999999980162325164 0.4947315154941931414
0.9802741959955787454 0.1976423553588301241 5.972302455749729708e-06 13.57683492867383634 -0.1976423553792247267 0.9802741943983117601 5.620610285873480492e-05 -3.725259648915864474 5.254212576027869406e-06 -5.62777722142825663e-05 0.9999999984026027855 0.4946790215207125807
0.9836502001870217615 0.1800896544645865516 5.393594559133863153e-06 14.79104783417724711 -0.1800896544905581376 0.9836501987077569398 5.41285016337258578e-05 -3.974791953772125019 4.442572796062377658e-06 -5.421484204845454307e-05 0.9999999985205072495 0.4946774915542570539
0.986068906879477014 0.1663373406208643046 -1.710200172526240543e-06 16.02593154823555821 -0.1663373398278600868 0.9860689030837167524 8.804827843830920111e-05 -4.165362246328726314 1.633209168985032844e-05 -8.653719952501220947e-05 0.9999999961222879596 0.4947579550585148866
0.9872137899019741702 0.1594017974471675925 4.749626870773796019e-07 17.30793022816191495 -0.1594017971606766504 0.9872137879400365579 6.297034135516479893e-05 -4.379953988916014396 9.568695884435188023e-06 -6.22408992465576567e-05 0.9999999980172552538 0.4947390633834820584
0.987749374393006474 0.1560486250178645673 4.300123287931160266e-06 18.6402097563894884 -0.1560486250201899849 0.9877493729133791645 5.422884341285176221e-05 -4.584212834728446317 4.214892369780339091e-06 -5.423553448159960217e-05 0.999999998520370692 0.4947214969079531954
0.9885954507413123871 0.1505955999070326123 8.028402605397877737e-06 20.03578652506365287 -0.1505956001068836647 0.9885954499744087354 3.899457134362645548e-05 -4.826787098405995735 -2.064431421648001417e-06 -3.97588979421762228e-05 0.9999999992074840582 0.4946557924305352572
0.9897021992596818363 0.1431417365935552521 5.269069838167027426e-06 21.46482458743051325 -0.1431417366902485444 0.9897021986605755162 3.443769788818510356e-05 -5.060595206561165682 -2.853381237309832461e-07 -3.483728914475473491e-05 0.9999999993931408815 0.4946580036267575475
0.9905897749203801395 0.1368645236046929226 1.970796527854231503e-06 22.88567902590392578 -0.1368645235946839289 0.9905897743717609893 3.306866833672717035e-05 -5.289076581498827423 2.573676650287980851e-06 -3.30272168524820914e-05 0.9999999994512895896 0.4946589685203404696
0.9912125944447529591 0.1322784661768664216 1.493333457310025374e-06 24.34070472549541364 -0.1322784661464977141 0.99121259381743132 3.541020464445028581e-05 -5.517207195791510088 3.203796627722226747e-06 -3.529657667462343407e-05 0.9999999993719437263 0.4946770675690218
0.9923192449563061901 0.1237033389992531207 3.46626111037433215e-06 25.87184464574580289 -0.1237033390393510457 0.9923192441710089184 3.950475748716498635e-05 -5.734149469441264912 1.447232802372035369e-06 -3.963011919518110126e-05 0.9999999992136795468 0.4946941643874461225
0.9938465178374786824 0.1107659647938541436 5.276147469826754459e-06 27.44358512679403361 -0.1107659649191429507 0.9938465168300087971 4.475067755626672506e-05 -5.933698830080803788 -2.868288104702397699e-07 -4.505972262571454612e-05 0.9999999989847695447 0.4947037319483443274
0.995588389656203776 0.09382834516470435482 5.258606512094701509e-06 29.05035043752078749 -0.09382834530555506092 0.9955883886836782715 4.401921713146015729e-05 -6.110263940736066601 -1.105157285207092332e-06 -4.431842784548006441e-05 0.9999999990173278341 0.4947002693524833461
0.9972252194100925671 0.07444368170550279273 5.37169316064173453e-06 30.6974904742013166 -0.074443681864232919 0.9972252185591307105 4.126043545313052554e-05 -6.257528645903446929 -2.285209162250181918e-06 -4.154583541442715311e-05 0.999999999134360662 0.4946986346086881814
0.998168871668606017 0.06048887173571729919 5.49499475152291243e-06 32.38303098124247725 -0.06048887192595486795 0.998168870594815405 4.637703304933287623e-05 -6.372455992116674572 -2.679638301447922096e-06 -4.662449678394889758e-05 0.999999998909487875 0.4947094798313761976
0.9987871164221521214 0.04923714078553531603 6.21454690364525356e-06 34.08349560418227497 -0.0492371410070375562 0.9987871155136524015 4.279724090850361924e-05 -6.470222382750951517 -4.099795600271595435e-06 -4.305131936001813808e-05 0.9999999990648877901 0.494703787081109958
0.9987297594637510878 0.05038717629940338283 5.318225127979762536e-06 35.81178891865339864 -0.05038717645847134302 0.9987297588231887069 3.594093671999947089e-05 -6.575638102502987969 -3.500507384558323762e-06 -3.616325343323636434e-05 0.9999999993399827369 0.4946967512727222793
0.9987296890745009925 0.05038857132114773346 6.602795935667355119e-06 37.60211529487097692 -0.05038857147924335339 0.9987296887370917808 2.648822106725261933e-05 -6.699683172473071657 -5.259704713205952102e-06 -2.678727824560109939e-05 0.9999999996273886138 0.4946846412898367462
0.9987561754947934523 0.04986082493896867168 7.046400429176683199e-06 39.40349352508216896 -0.04986082513042428693 0.9987561750512122805 3.027570834127701552e-05 -6.813512976126405718 -5.528064147016097145e-06 -3.0589390012927764e-05 0.9999999995168649125 0.4946930417446485095
0.9990053668035583367 0.04459010065062695566 4.887518439750809027e-06 41.24315427428041403 -0.04459010077931689631 0.9990053663443879683 3.049325675002544989e-05 -6.915880809507313209 -3.522959761769214358e-06 -3.068086208438350489e-05 0.9999999995231366734 0.4946925915296192522
0.9991469387989122541 0.04129642441123932556 4.673577143017823496e-06 43.03131503079071507 -0.0412964245627209306 0.9991469380383092291 3.9105489253728174e-05 -7.003859764347900807 -3.054673411100974752e-06 -3.926513190402096073e-05 0.9999999992244591462 0.4947083023217674902
0.9992603700819204793 0.03845403445967619099 4.444144195275584558e-06 44.81758373488892744 -0.03845403449081886277 0.9992603700650352083 7.148484918593438023e-06 -7.131227025184101009 -4.165969087799409153e-06 -7.314092959445994574e-06 0.9999999999645743376 0.4946793948744662717
0.9992765414579034555 0.03803148218101909395 7.568270673014015695e-06 46.71914988976510585 -0.03803148221963228298 0.9992765414724588124 5.025142092303697922e-06 -7.24837913679798973 -7.371681741116364348e-06 -5.309339161865843222e-06 0.9999999999587345645 0.4946786145006327184
0.9993003267498683506 0.03740129579919354574 5.69037400954508246e-06 48.56408784899046083 -0.03740129584889684278 0.999300326724626653 8.894416037520646976e-06 -7.365547443230948232 -5.353729921743342239e-06 -9.101020214365510426e-06 0.9999999999442544807 0.4946686918822655321
0.9992797385549493372 0.03794738572175753583 5.715688432785569418e-06 50.40608896529137439 -0.03794738581906566266 0.9992797384053855314 1.800545150372162863e-05 -7.47114478560057993 -5.028311828614551963e-06 -1.82093783053832469e-05 0.999999999821567287 0.4946730623972803165
0.999362628125874175 0.03569786375651337607 5.549766325617297628e-06 52.23232547903340617 -0.03569786385353916625 0.9993626279666614209 1.849581693191675532e-05 -7.579741531711422731 -4.885967906868820901e-06 -1.868214302112621079e-05 0.9999999998135524759 0.4946617925678969963
0.9994098402026351247 0.03435070994324026378 5.896736837858160758e-06 54.04153023335763351 -0.03435071003896339459 0.9994098400724624742 1.698195496490339103e-05 -7.693723109174691821 -5.30991461080459917e-06 -1.717448999509580014e-05 0.9999999998384208055 0.4946479538474652937
0.9995938728691713404 0.02849718054265082054 5.075766135530469038e-06 55.78774781795910087 -0.02849718058573921797 0.9995938728435828091 8.62925008036402499e-06 -7.807830923155426817 -4.827795431575412154e-06 -8.770390531962863413e-06 0.999999999949886309 0.4946222429365934037
0.9997450002245458212 0.02258172894191923241 6.800701033924873367e-06 57.5752986383068972 -0.02258172900955592033 0.9997450001957488563 1.003862393112696812e-05 -7.908794981336964902 -6.572277371929927746e-06 -1.018963567210172658e-05 0.9999999999264882478 0.4946239822137293851
0.9998160123828503387 0.01918179637215832248 8.545525491651325984e-06 59.42015562065893874 -0.01918179643438026882 0.9998160123918193865 7.259753799442129332e-06 -8.014273505976513334 -8.404698101762530366e-06 -7.422336625045183539e-06 0.9999999999371349535 0.4946188087272464506
0.9997872044812095016 0.02062875946898867427 6.375868846397290725e-06 61.25994231853402994 -0.02062875954378394841 0.9997872044292155369 1.189671344244073264e-05 -8.113518958414671189 -6.129097649671358049e-06 -1.202570814044683889e-05 0.9999999999089081992 0.4946074195676777863
0.9998343285705729722 0.0182020703506905572 7.000924243641095651e-06 63.19312592088473224 -0.01820207042867893338 0.9998343285304601702 1.1242165150031273e-05 -8.216639689672051716 -6.79513370927855245e-06 -1.136773396060961805e-05 0.9999999999123003747 0.494603510013789216
0.9998203151089114504 0.01895619841550288259 6.275514059523865906e-06 65.10570060374442392 -0.0189561985893024719 0.9998203147075666042 2.890222061837656635e-05 -8.290578165757317208 -5.726510213254523053e-06 -2.901598721677478855e-05 0.9999999995626397409 0.4946253851221372178
0.9997167834015934229 0.02379817134511549165 5.29461991151581512e-06 67.03076665103239407 -0.02379817152392917773 0.9997167827356487901 3.67564184300733508e-05 -8.373402945440711065 -4.418384839917021241e-06 -3.687201067508424527e-05 0.9999999993104663476 0.4946232468884037003
0.9996406599770114587 0.02680579925779192144 7.007769845389268222e-06 68.99823853629388282 -0.02680579945764008723 0.9996406595407369977 3.017664631402788107e-05 -8.474394189465046523 -6.196342546787253002e-06 -3.035365151036851448e-05 0.9999999995201306335 0.4946022553400076793
0.999579150172718256 0.02900900723775477058 6.426437253598197888e-06 70.94170095661287689 -0.02900900738732748591 0.999579149887502072 2.455226069261098656e-05 -8.578404754314973957 -5.711495978621827949e-06 -2.472835244370296347e-05 0.9999999996779437295 0.4945825838243336214
0.999538980538981936 0.03036159326717392457 6.293194254864232652e-06 72.8734982405159144 -0.03036159344636250174 0.9995389800831305793 3.065951720735923553e-05 -8.677259134750425318 -5.35942117575432957e-06 -3.083645397870638058e-05 0.9999999995101948036 0.4945873983885588077
0.9994607885467226005 0.03283492214381955598 6.899700439749582429e-06 74.85481589410967729 -0.03283492239983755445 0.9994607877204423341 4.10178317182847697e-05 -8.773825966215902383 -5.549162725568990517e-06 -4.122226556215496831e-05 0.9999999991349658446 0.4945952367833880148
0.9993545666186495202 0.03592283598647653259 5.947491849168233229e-06 76.8097036448017576 -0.03592283623607496479 0.9993545654161151148 4.920321724107985095e-05 -8.866811889517688172 -4.176134029283060846e-06 -4.938511061791568826e-05 0.99999999877183543 0.4945899658278315458
0.999232577036500591 0.03916959224414379853 5.886783032547471675e-06 78.71760091437310791 -0.03916959233327540341 0.9992325769242197397 1.587644115418989816e-05 -9.003720772386765603 -5.260391653108447922e-06 -1.609484010020884257e-05 0.9999999998566422299 0.4945293588435928367
0.9988775919589673036 0.04736619279450806491 8.039972081779980066e-06 80.66362980281076034 -0.04736619292968557299 0.9988775918307450929 1.754970601940521866e-05 -9.134836855685312784 -7.199685192632723805e-06 -1.79108309570261556e-05 0.9999999998136833712 0.494541491561849178
0.9979031656483126067 0.0647245851033554781 8.631795188812104699e-06 82.61522135844042225 -0.06472458528848296089 0.9979031654029794085 2.32417872292241098e-05 -9.28978770073319815 -7.109380706553844521e-06 -2.375174241525823427e-05 0.9999999996926557388 0.4945403232596938259
0.9959280052880397083 0.09015213933993108941 7.592958079684982049e-06 84.51911714244573659 -0.09015213948325313809 0.995928005075849776 2.131814335966350751e-05 -9.493231575903539721 -5.64016336229623335e-06 -2.191585740852439404e-05 0.9999999997439418253 0.4945223679943092088
0.9927762580882512067 0.1199804204908190008 8.795969980982536291e-06 86.45818744817117363 -0.1199804206939947965 0.992776257702221554 2.819746517305193794e-05 -9.7476777337258671 -5.349286432342917569e-06 -2.904911814080632411e-05 0.9999999995637669503 0.4945300834822527469
0.988207031619799281 0.1531236839907028913 7.780321850855904906e-06 88.35340960556946754 -0.1531236841547968242 0.9882070311914482597 2.9272494841750516e-05 -10.06123398812281167 -3.206256508180581817e-06 -3.011863678138528336e-05 0.9999999995412938159 0.4945224012813584369
0.9820054583213581045 0.1888525344911236026 6.750658764522125862e-06 90.20653572272564702 -0.1888525346110532244 0.9820054575912461337 3.787111355243715779e-05 -10.42518668897850098 5.228720292819752278e-07 -3.846451923917557124e-05 0.9999999992601036336 0.4945359331218749932
0.9732640641750294197 0.2296890535400094857 8.463543087421959273e-06 92.05966354582797351 -0.2296890536957841011 0.9732640634705432836 3.703207180862232877e-05 -10.86537793799252682 2.685991877257987348e-07 -3.798596791594474408e-05 0.9999999992784970315 0.4945322204796492871
0.9593461462650206828 0.2822321235944933449 7.747843215294440003e-06 93.85731218915526597 -0.2822321237007259787 0.9593461458784305895 2.72362297265626203e-05 -11.40517364103640574 2.540754269721594473e-07 -2.831566227171945861e-05 0.99999999959907937 0.4945133182313897757
0.9420618210491639166 0.3354393019254540698 6.894195842288718748e-06 95.59746648083897469 -0.3354393019900770989 0.9420618207075077688 2.545384294822823268e-05 -12.03168840461670186 2.043460622373187141e-06 -2.629167788162752595e-05 0.9999999996522859202 0.4945154312266623609
0.9214744783140411677 0.3884389086146411985 9.610661449455750705e-06 97.28077377116414937 -0.3884389087085384773 0.9214744776920236191 3.414329885442584072e-05 -12.73226021544459741 4.406606504104607048e-06 -3.519533334519625849e-05 0.9999999993709351997 0.49454460343239387
0.8989799460490495164 0.4379897904004911302 1.043144322654179327e-05 98.9694061769416038 -0.4379897905136371228 0.8989799456019836876 2.852205707751539847e-05 -13.5569022562972723 3.114711536825087947e-06 -3.020962296630064087e-05 0.9999999995388386687 0.4945441705157764822
0.8732831941442880108 0.4872129542101448774 8.786694593896043391e-06 100.5731741849889573 -0.4872129542496487775 0.8732831937007520251 2.851977211942740802e-05 -14.45277163306003132 6.221929710675680805e-06 -2.918682912390228797e-05 0.9999999995547083076 0.4945565216071226566
0.845502293085030332 0.5339717898070723834 8.9677200009358192e-06 102.0992336296475571 -0.5339717897968212501 0.8455022925296873382 3.210070477700489823e-05 -15.41421911148439783 9.558642964290176388e-06 -3.192972899789968313e-05 0.9999999994445624152 0.494572681971557071
0.8157522015761894396 0.5784015435759762847 3.84196371450635386e-06 103.5733122736016725 -0.5784015435405676087 0.815752201404534083 1.832425168140991778e-05 -16.48724320089197448 7.464685099577275106e-06 -1.717024639404366021e-05 0.9999999998247305344 0.4945722491723947289
0.7816169512285063847 0.6237587206202176437 2.171758509109238296e-06 104.9859784714151374 -0.6237587205795540601 0.7816169511265134151 1.465892355762214587e-05 -17.63661906283334346 7.446148139498936269e-06 -1.281231644845009094e-05 0.99999999989019972 0.4945808317987739344
0.7411025986574176772 0.6713917919099441356 4.627055454369149355e-06 106.3530163781965001 -0.6713917918695201381 0.7411025984882928519 1.806565961332238119e-05 -18.88226203389127988 8.700012759241217134e-06 -1.649507433848211731e-05 0.9999999998261112077 0.4946157897816895188
0.6892165830977358132 0.7245553818848048389 1.292591251323329422e-05 107.6025464288239135 -0.7245553818921568467 0.6892165825774365651 2.955711877469011418e-05 -20.18436211349662912 1.250701623214455747e-05 -2.973679588543621757e-05 0.9999999994796486824 0.4946554519077262513
0.6276162840620740369 0.7785228319340453673 1.182121068960402398e-05 108.709452466496387 -0.778522831841606977 0.627616283514357387 3.116382104666571369e-05 -21.55991877041459759 1.684256189548653218e-05 -2.8762003984350593e-05 0.9999999994445376572 0.4946766901166956831
0.5650081375583436705 0.825085331617370521 6.70360974954709876e-06 109.7067547436619321 -0.8250853314541569672 0.5650081372347133257 2.607635412599208251e-05 -23.02666487022404951 1.772762323407609374e-05 -2.026440235118300492e-05 0.9999999996375427136 0.4947026083139768327
0.5063585576016620404 0.8623230317819610136 -2.040688270858515553e-06 110.5982068315547053 -0.8623230316373946547 0.5063585575576301512 1.726505029959883483e-05 -24.5778173478301234 1.59213704874748144e-05 -6.982573470271422785e-06 0.999999999848876886 0.4947297323292892401
0.4514674947904057656 0.8922875663753442321 -6.470971828932353142e-06 111.3866185341047839 -0.8922875663113195577 0.4514674948358227691 1.07294619219744578e-05 -26.1901876053181617 1.249519890763678558e-05 9.299644105442983494e-07 0.9999999999215024582 0.4947678807195842743
0.4105968492979115703 0.911816992028057105 -1.994409519048306702e-05 112.0852506607702423 -0.911816992206439636 0.4105968493859987745 3.547971855016039977e-07 -27.84898262959623239 8.512492751530890487e-06 1.803968628235846461e-05 0.9999999998010535851 0.4947997234812005485
0.377826776876559689 0.9258763015170158317 -3.108818482090897512e-05 112.6951733460789171 -0.9258763020227064322 0.3778267768557862505 -6.764534386929288528e-06 -29.50223339134385725 5.482826589526252295e-06 3.133963582306578037e-05 0.9999999994938828518 0.4948316731377730981
0.3574038187783243337 0.9339499502781871687 -2.64627163562459779e-05 113.3042335632544138 -0.9339499506459965072 0.3574038187425533919 -6.230077550195818724e-06 -31.2320896806462649 3.639295261788702128e-06 2.694150614260002876e-05 0.9999999996304553829 0.4948702747400651747
0.3374407528160526248 0.9413467678159957996 -3.261205531742095111e-05 113.85472213558009 -0.9413467683733682811 0.3374407527494606707 -7.689375083272406591e-06 -32.95123474310723566 3.766268113854244691e-06 3.329396139985217899e-05 0.9999999994386636892 0.4948811532485500875
0.329425610346222697 0.9441815328147968867 -1.848654029929724474e-05 114.405184360024208 -0.9441815329468284945 0.3294256104653663364 3.732367670876896233e-06 -34.67286902556156747 9.613972452005532186e-06 1.622511246065866614e-05 0.9999999998221587028 0.4949114482316414598
0.3295768247714783161 0.9441287605768935443 5.227056361867121912e-06 114.9790216359344583 -0.9441287604779510234 0.3295768246410240021 1.732456628920812797e-05 -36.42057223229848262 1.463390466019847183e-05 -1.064478979201820142e-05 0.9999999998362686382 0.494956676492208425
0.3274031558804433306 0.9448847408304374973 -8.219243677492408154e-06 115.5103187258067692 -0.9448847407660806441 0.327403155959991421 1.170841448721877519e-05 -38.12140814456994775 1.375410850790627083e-05 3.932866078028929615e-06 0.9999999998976782933 0.4949504233454034563
0.3253827145968891665 0.945582407019946225 -2.404489281246195031e-05 116.0388442779936753 -0.9455824072467079455 0.3253827147931260821 4.648549404010055664e-06 -39.85234354725844952 1.221937903482356021e-05 2.122387000358229187e-05 0.9999999997001169927 0.4949731942199152579
0.3237696156345832299 0.9461359489830445391 -4.512228665790866575e-05 116.5587837369885875 -0.9461359500196094841 0.3237696156881440523 -6.314673830886878238e-06 -41.5954139721936258 8.634685492696808255e-06 4.47363170732215806e-05 0.9999999989620519392 0.4950032570303089519
0.3244214644511321799 0.9459126351015095802 -1.268597832277545368e-05 117.0948568002457364 -0.9459126350937552274 0.3244214645780044703 9.658357300123119034e-06 -43.29115216117563847 1.325156587159099e-05 8.866448764540560973e-06 0.99999999987289101 0.4950453188958598427
0.3297808172223946066 0.944057525909764772 -1.917019331952406254e-05 117.6239146765790764 -0.9440575260276339309 0.3297808173865466874 6.05617217992478434e-06 -44.99614026848258419 1.203933694703409939e-05 1.610055586796623817e-05 0.9999999997979132083 0.4950530462669480714
0.336337748546995885 0.9417414287300053255 -1.783645445640395276e-05 118.173521821052816 -0.9417414288155795399 0.3363377487088735074 6.933270154855352625e-06 -46.70427348228411546 1.252842067821984489e-05 1.446540763082573723e-05 0.9999999998168953574 0.495072390459888434
0.3445694260404462694 0.9387608377489299327 -1.221954633900806558e-05 118.7236366549553708 -0.9387608377400340487 0.3445694261574583916 9.240238488387158349e-06 -48.35326579390925872 1.288485609429471691e-05 8.28732788558997505e-06 0.9999999998826500924 0.4950953858953970332
0.3577394735260062686 0.933821433134364276 1.012179689759357812e-05 119.2586097206243494 -0.9338214330522696116 0.3577394732668926491 2.10039205951803503e-05 -49.85857879234359302 1.599294494097211068e-05 -1.696588237967671176e-05 0.9999999997281923125 0.495123600019911736
0.374890520718743403 0.9270690898238794775 1.306084462973886976e-05 119.7855496802610702 -0.9270690897869204861 0.374890520394399851 2.196131966804192379e-05 -51.26578297910911886 1.546327379594968884e-05 -2.034139590876342206e-05 0.9999999996735573493 0.495139267157153673
0.3888273596858282666 0.9213106339761575336 9.188644896663384997e-06 120.2776704501648624 -0.9213106339068660722 0.3888273594602491001 1.968582861983439458e-05 -52.51668812201091185 1.45639667138980926e-05 -1.611998501996795516e-05 0.9999999997640185434 0.4951539295123055795
0.4007874841116621512 0.9161710493425859747 3.046607978583867806e-05 120.7567540319722923 -0.9161710497019489585 0.4007874832295888479 3.125306282833031414e-05 -53.62012663711058735 1.642272792536301872e-05 -4.043797671944536623e-05 0.9999999990475321177 0.4952190484458057207
0.4116980069879749848 0.9113203338403521592 1.317085866891561293e-05 121.1481906249032363 -0.911320333819309325 0.4116980066616622302 2.192052946415086055e-05 -54.5674711200256084 1.455420796921220624e-05 -2.102750961135521436e-05 0.9999999996730095653 0.4951911992395686135
0.4216218867748791066 0.9067717378197540645 9.271853908199776314e-06 121.4803345726961794 -0.9067717377396253831 0.4216218865220479617 2.10827506665236336e-05 -55.34431996371663587 1.520802592357220213e-05 -1.72964041948302802e-05 0.9999999997347752689 0.4951916473012646369
0.4302548061272856716 0.902707483956469936 1.46827922506955969e-05 121.797779575392255 -0.902707483939180988 0.430254805722152911 2.440120166381688031e-05 -56.03893369018370407 1.570980543217679964e-05 -2.375300074096545661e-05 0.9999999995944985898 0.495210497489819379
0.4387658964965328035 0.8986014065117960969 1.69955497743441212e-05 122.1307289044587492 -0.8986014065610217205 0.4387658960656760088 2.405142004744185411e-05 -56.73477867425569343 1.415557225736836287e-05 -2.582516781163399135e-05 0.9999999995663402252 0.4952124497691812732
0.4424720881057243038 0.8967822762035494444 1.835140370557467751e-05 122.4719813633788874 -0.8967822762872746933 0.4424720876500287114 2.428728968108638604e-05 -57.4297155665586132 1.366042701410552724e-05 -2.720366136777088918e-05 0.9999999995366768424 0.4952266879100458152
0.4422333872469017546 0.8969000117317508236 1.272595305402907352e-05 122.7902101340787766 -0.8969000117264713801 0.4422333869481415158 2.087256303793761923e-05 -58.10080260255731588 1.309276071237163573e-05 -2.064445169618083601e-05 0.9999999997011930208 0.495218894415274391
0.4425699088263078118 0.8967340049510351685 1.296854700316904146e-05 123.1178976617272696 -0.8967340049461968166 0.4425699085168806612 2.123079965814854449e-05 -58.77814748653653254 1.32988913449752227e-05 -2.102545016150118395e-05 0.9999999996905348798 0.4952316748943219604
0.4412400579412585899 0.8973891080143415744 9.351582479349268144e-06 123.4384980289001987 -0.8973891079653335545 0.4412400577154472203 1.935677145551393746e-05 -59.45656372677675705 1.324426307758228537e-05 -1.693299121779415027e-05 0.9999999997689317244 0.4952350008029710038
0.4389304330434041224 0.8985210486944392727 -1.899438041458196763e-06 123.7602022994879576 -0.8985210486150528864 0.4389304330311161739 1.253218714215963966e-05 -60.1767656718068622 1.209415509546126918e-05 -3.794073268498767551e-06 0.9999999999196684808 0.4952245352706924342
0.4332322707832770847 0.9012823084657397565 -9.301641562008083246e-07 124.1095064725916615 -0.9012823083805178159 0.433232270756083282 1.334338236524226952e-05 -60.94238200925191506 1.242913159045338684e-05 -4.942443344149964641e-06 0.9999999999105443349 0.4952454573359376111
0.4278740376528440414 0.9038383748524868588 6.992930146229856239e-06 124.5158819753118848 -0.9038383747944896962 0.4278740374936373936 1.702885826252057981e-05 -61.81299701667253288 1.239924232201160585e-05 -1.360668495982245783e-05 0.9999999998305586502 0.4952735295010698424
0.4219132601158657736 0.9066362009742361394 4.862016800591133444e-06 124.9536402440754301 -0.9066362009242924236 0.4219132600172805225 1.404954127889590837e-05 -62.79101667047640234 1.068647337193270371e-05 -1.033576820502943182e-05 0.9999999998894855135 0.4952790813708301543
0.4178286635111846392 0.9085258433004101963 2.443118774964849382e-06 125.4088932590317143 -0.9085258432296287046 0.4178286634412738398 1.389258629911450969e-05 -63.8278389747837096 1.160096863065488808e-05 -8.024357311207888603e-06 0.9999999999005135809 0.4952933366070092491
0.4173175472412445353 0.9087607301974039986 -4.226750759140518233e-06 125.8809888496690377 -0.908760730136524475 0.4173175472622809301 1.053363870906277018e-05 -64.92166413839174766 1.133645446457702912e-05 -5.547671636098580736e-07 0.9999999999355885238 0.4953036280193962582
0.4168981190241691226 0.908953221189344629 -6.771766593926232596e-06 126.3757557270333081 -0.9089532211481538004 0.4168981190721992025 8.982809542653174937e-06 -66.0796564312447714 1.09880904249287859e-05 2.410302656528244821e-06 0.9999999999367261694 0.4953231744688708083
0.4139714571479229388 0.9102898618899987193 -3.057039082072419003e-06 126.903796059949812 -0.910289861820130608 0.4139714571545905497 1.144663267125986066e-05 -67.30154563776999055 1.168528059681073597e-05 -1.955787522760024693e-06 0.999999999929814587 0.4953470318105834824
0.4111934001707206465 0.9115481268921983293 -4.195119341388198203e-06 127.4386717943210101 -0.9115481268473254461 0.4111934001921074278 9.045367370289315797e-06 -68.57057424255424394 9.970293069636122822e-06 1.046578127608425169e-07 0.9999999999502910963 0.4953627800728693242
0.4130760293410322137 0.9106965432740982136 -7.395140807645916032e-06 127.9768962746271086 -0.9106965432607867506 0.4130760293869754629 6.401362762815443325e-06 -69.87637727118870146 8.884454341919521697e-06 4.090479658014576333e-06 0.9999999999521673733 0.495384087590822586
0.4193374876058985068 0.9078304199819829945 -6.778078938183398722e-06 128.5328550162687691 -0.9078304199553388631 0.4193374876500878812 7.566938518993128017e-06 -71.18783059019311565 9.711799566707174505e-06 2.980245261518596382e-06 0.9999999999483997204 0.4953990637062599678
0.4323918855857917243 0.9016857862971823234 -8.451544875347443323e-06 129.1060041566951782 -0.9016857862829086301 0.432391885643428231 6.879432618801093369e-06 -72.51677380314035304 9.85746603541368051e-06 4.646027044429136878e-06 0.9999999999406223861 0.4954154886715392836
0.4535255972837725635 0.8912432510880092806 8.402650152713246264e-07 129.7302375029765642 -0.8912432510037255895 0.4535255972274835901 1.421258520375440809e-05 -73.81484199870708096 1.228578895047912515e-05 -7.194651717394337878e-06 0.9999999998986481842 0.4954471516455029589
0.4870714287969823975 0.8733621375098481465 -4.015956884244369054e-06 130.3847256634007294 -0.873362137474471556 0.4870714288134302405 7.867570428732382535e-06 -75.12065984624609882 8.827295984309023032e-06 -3.246840814545874423e-07 0.9999999999609867629 0.495455774842852581
0.5329109076374707321 0.8461713564772752605 -8.047269259376223229e-07 131.0756991022674924 -0.8461713564042891988 0.5329109076035465353 1.266185119237776466e-05 -76.31453134705965624 1.114294355544213023e-05 -6.066701736844937625e-06 0.9999999999195148259 0.4954773077851004071
0.5935067115965575457 0.8048290397915253136 5.701412536850619184e-07 131.8323762523966423 -0.8048290397155255516 0.5935067115304668572 1.418129613702607668e-05 -77.43293608586795074 1.107513629237948346e-05 -8.875560674168866664e-06 0.9999999998992828987 0.4954977529956176019
0.6622877844428597394 0.7492495516026659308 1.790219802533685677e-06 132.6424289716766509 -0.7492495515148557272 0.6622877843244366902 1.707772195705631151e-05 -78.42805912520005052 1.160983481224568177e-05 -1.265168802243138233e-05 0.9999999998525731515 0.4955169902115186265
0.7350751351475044437 0.6779856530101895373 1.567725563924650939e-06 133.489494171879187 -0.6779856528905776614 0.7350751349701274417 2.062568670097914063e-05 -79.26779585212763379 1.283152358624889269e-05 -1.622432487924303405e-05 0.9999999997860615775 0.4955302252029168963
0.8103949331375482901 0.5858839922249774457 1.320567571559817524e-06 134.4159630411010937 -0.5858839921398277806 0.8103949329768896925 1.902402648497566361e-05 -79.99710849845872929 1.007569131656557342e-05 -1.619067407201466618e-05 0.9999999998181712257 0.4955415966961909113
0.8790577206851012404 0.4767153487111073784 3.065076365496025264e-06 135.4035174776868473 -0.4767153486472043289 0.879057720417823707 2.324277632753941921e-05 -80.57337523247969102 8.385809179237739894e-06 -2.18929109290881755e-05 0.9999999997251893813 0.49556022860022092
0.9365244885800797503 0.3506021709472811887 4.371086508844918051e-06 136.4204558290232399 -0.3506021709379872897 0.9365244882296824835 2.61138739064912723e-05 -80.98062867014942867 5.06195132775574326e-06 -2.598879482448020496e-05 0.9999999996494796095 0.4955648005472626516
0.9779439459865593154 0.2088675141526684653 6.492709299092621849e-06 137.4898680282164491 -0.2088675142534855977 0.9779439455435460227 2.943679385940885753e-05 -81.2340674631168298 -2.011157911826569594e-07 -3.014365039613518219e-05 0.9999999995456599899 0.4955645369916332199
0.9985524433159601587 0.05378678204841738641 5.180288398105009883e-06 138.541377410247776 -0.05378678218357175328 0.9985524428416224785 3.097738154180661754e-05 -81.30650054659543002 -3.506615965132103487e-06 -3.121117106981866692e-05 0.9999999995067831993 0.4955591456998805766
0.9938319526889530797 -0.1108965724714048584 5.548860213099600827e-06 139.5836990040542105 0.1108965722437614265 0.9938319522284543295 3.156891804707859722e-05 -81.20445903192853621 -9.015519386279238951e-06 -3.075884988951312174e-05 0.9999999994863068009 0.4955469643275519087
0.9592159324330132852 -0.2826743620469029383 3.205368369059598272e-06 140.5132077851746146 0.2826743618191072116 0.9592159320097281006 3.083994265752761869e-05 -80.92958837655601201 -1.179230152384169015e-05 -2.867608889430194472e-05 0.999999999519311733 0.4955289677961958184
0.8939232030123287487 -0.4482201547416570508 1.333056986852799785e-06 141.3598583074954433 0.4482201545459700842 0.8939232027024742733 2.704016845589790101e-05 -80.50928662425630478 -1.331159906061538906e-05 -2.357433098742343816e-05 0.9999999996335261487 0.4955127677853472523
