0.9999727208254474142 0.007386311999347235611 0 -0 -0.007386311999347235611 0.9999727208254474142 -0 0 -0 0 1 0.4949999999999998845
0.9999771649043956989 0.006757901466297803507 2.097072645698910162e-05 0.01213114095963818868 -0.006757901831451014994 0.9999771649705953003 1.739079115594355468e-05 0.002051792587129459833 -2.085272233678291676e-05 -1.75321121462931446e-05 0.9999999996288942983 0.4950097944467046207
0.9999442850665317684 0.01055588745514371429 -2.247115822690012156e-06 -0.005807932915474830517 -0.01055588745744891893 0.9999442850685156259 -1.016484048089300011e-06 -0.0007665393863135832285 2.236260733574314438e-06 1.040147716476401485e-06 0.999999999996958433 0.4949929860418508243
0.9999739445688806683 0.007218738491429912106 -4.217716290122310803e-07 0.004209861686467633243 -0.007218738493913442848 0.9999739445496202972 -6.217876010790154064e-06 -0.004659518929494880883 3.768754186699643351e-07 6.22075866044394879e-06 0.9999999999805798678 0.4949870292595011101
0.9999527994414589838 0.009715908816453948382 2.700426458737063994e-06 -0.002743234781225872831 -0.009715908820018959516 0.9999527994442122258 1.310205886675381439e-06 -0.001452028764895383099 -2.687569156181644343e-06 -1.33638114147395169e-06 0.9999999999954952701 0.4950265275768745421
0.9999326638364063324 0.01160464330103275037 7.00833379500361278e-06 0.01745600022296439624 -0.01160464330416259224 0.9999326638608475593 4.060909605273613832e-07 -0.004984731617866883582 -7.003149340119261988e-06 -4.873928297676964704e-07 0.999999999975358933 0.4950436414947276265
0.9999377332704935117 0.01115928159287196859 4.293128430755924844e-06 0.01022799413326978303 -0.01115928159700482064 0.9999377332792216411 9.39924481938095518e-07 -0.007013085318407270667 -4.282372229756656884e-06 -9.877741850056401251e-07 0.999999999990342614 0.4950378436352200207
0.9999594381434778745 0.009006778170835299038 4.122388845979594235e-06 0.01124269168374333536 -0.009006778185146646284 0.9999594381458383197 3.466322029664919521e-06 -0.005390999508738477178 -4.091001240654468196e-06 -3.503310871136856097e-06 0.9999999999854950472 0.4950522769640388066
0.9999811347792800786 0.006142481364539872229 3.234519489211817934e-06 0.01007268668836529442 -0.00614248139611432882 0.9999811347358643632 9.843985500565494045e-06 0.007239446443640201907 -3.173991971657462961e-06 -9.86366776739405727e-06 0.99999999994631672 0.4950636591442006962
0.9999904817693954229 0.004363067452972138952 3.904584571233581934e-06 -0.003854262433884059549 -0.004363067486235309815 0.999990481740309467 8.551429563938971353e-06 0.01569308802158665694 -3.867236942376582772e-06 -8.568384135450507746e-06 0.9999999999558134567 0.4950761997683122417
0.9999812521103045304 0.006123348450986510969 5.821329471659508676e-06 0.00183538689338910363 -0.006123348467377145478 0.9999812521232228635 2.801979429110170446e-06 0.01984070782257288043 -5.804062837694837877e-06 -2.837572926807534944e-06 0.9999999999791302496 0.495071877465646959
0.9999728374639343942 0.00737050274878790334 5.078428021977214554e-06 -0.0108557642746792745 -0.007370502737528959042 0.9999728374744216719 -2.232169431783736461e-06 0.01451823393118461571 -5.094742289975527942e-06 2.194678232770525703e-06 0.9999999999846133081 0.4950432328263068005
0.9999652569569704719 0.008335758733245473423 2.748432336535287346e-06 -0.0237219422968644976 -0.008335758720720343184 0.9999652569505567135 -4.537572608067224059e-06 0.004534967324110795485 -2.786160958109969166e-06 4.514504690169386689e-06 0.9999999999859280342 0.4950269605705039933
0.9999790038877335308 0.006480106060057585007 3.373294911771334698e-06 -0.0227521297419568426 -0.006480106059023058376 0.9999790038933795699 -3.175147809520144926e-07 -0.004167423248564235128 -3.375281615167935308e-06 2.956488055791030687e-07 0.9999999999942598139 0.4950425494445524488
0.9999768263120507594 0.006807849902507181333 4.562490960960738831e-06 -0.0125763206723879771 -0.00680784991909382485 0.9999768263157582382 3.629824246978130808e-06 -0.004347550473774127074 -4.53767393258934739e-06 -3.660800884283905951e-06 0.9999999999830038178 0.4950556527001476748
0.9999656971541229789 0.008282781633119582279 6.761629830428512893e-06 0.007613352245472879316 -0.008282781657482956444 0.999965697170361878 3.583168075958993102e-06 -0.009168595008080778971 -6.731719288664631967e-06 -3.639050266630525215e-06 0.9999999999707204212 0.4950670180304369006
0.9999349206797272238 0.01140852123020795819 7.127415890305733558e-06 0.01921264302666817955 -0.01140852129051600841 0.9999349206684930991 8.478853235118167999e-06 -0.001612393689451834108 -7.030220865703699545e-06 -8.559614713043734507e-06 0.9999999999386542937 0.4950865519803260284
0.999951876233518 0.009810463812487102073 4.368484335515927988e-06 0.01055797894879062851 -0.009810463835765255783 0.9999518762285760642 5.339503333370607826e-06 -0.002349189495066579102 -4.315891103345614073e-06 -5.382103233949748266e-06 0.9999999999762028136 0.4950648670536021978
0.9999594459124179213 0.009005915304224256651 4.721831853053301747e-06 0.0005730084409344496105 -0.009005915316817054983 0.9999594459199347973 2.652490041082104379e-06 -0.003293218017175269553 -4.697752262850964016e-06 -2.69490688957757157e-06 0.9999999999853340649 0.4950658060662958548
0.9999611151751626181 0.008818623505625662259 4.398150743686997323e-06 -0.008758694864906543115 -0.008818623526666713106 0.9999611151731871983 4.787847569132704021e-06 0.0002366574850284528203 -4.355757497242513323e-06 -4.826447030140748708e-06 0.9999999999788661276 0.4950588153056702523
0.9999596845417633162 0.008979380123831584223 5.095231734677329117e-06 -0.0119951622743167275 -0.008979380143993753033 0.9999596845467695339 3.948088720457954398e-06 0.0021119443108202577 -5.059574928717077253e-06 -3.993681574119376433e-06 0.9999999999792253957 0.4950575055020514648
0.9999627920948366278 0.00862637770147546383 5.990212468421767101e-06 -5.76307053468650985e-05 -0.008626377718399981173 0.9999627921086975402 2.805299498151675793e-06 0.003269522752776730674 -5.965790012210669267e-06 -2.85686895419981841e-06 0.9999999999781236104 0.4950529446715062898
0.9999667672491358017 0.008152568539367395159 5.075023574630070407e-06 0.004218174967948258754 -0.008152568555761869479 0.9999667672567021937 3.218165693268312844e-06 0.006294207853542787244 -5.048618601288802938e-06 -3.259433222384135476e-06 0.9999999999819435548 0.4950477894551705838
0.9999492390867323888 0.01007567479710450194 5.429592357125496173e-06 -0.002673735968036189837 -0.01007567479562036968 0.9999492391014430659 -3.00622263996981024e-07 0.001594228165727471511 -5.432345718307461625e-06 2.459001972729848205e-07 0.9999999999852143828 0.4950441177351881383
0.9999330187912711665 0.01157401761442895111 7.033409362302978757e-06 0.007048928918926801283 -0.01157401761166802073 0.9999330188159453181 -4.331191002443878195e-07 -0.004901194292296577777 -7.037951184311328813e-06 3.516852855741214103e-07 0.9999999999751715274 0.4950558532327794525
0.9999520215945174595 0.009795636286555749542 4.583841900163560375e-06 0.007319201016655082701 -0.009795636298157541985 0.9999520216017462326 2.515454859651603956e-06 -0.007287055696175039239 -4.55898149387084176e-06 -2.560235820240819923e-06 0.999999999986330268 0.495050892797178399
0.999954936090241997 0.009493459295850948873 4.646595145697623298e-06 0.007273021363745753309 -0.009493459321081599775 0.9999549360860099378 5.438328837272106353e-06 -0.004060001543452508403 -4.594757198479620116e-06 -5.48219602690929536e-06 0.9999999999744166868 0.4950607893201202647
0.9999315335443010877 0.01170163144176821803 6.897526477329315229e-06 0.01285042907904595903 -0.01170163145390693514 0.9999315335664655802 1.722146089090987432e-06 -0.009056465169369875418 -6.876902309467736651e-06 -1.802740492633509116e-06 0.9999999999747289925 0.4950550382142061556
0.99992374458905664 0.01234929076322113101 5.184319121233220224e-06 0.005149312614445966836 -0.01234929078161892818 0.9999237445960313941 3.531858456901150815e-06 -0.007799682899542052447 -5.140307841865530988e-06 -3.595611797915920709e-06 0.9999999999803241835 0.495058251307663677
0.9999169569350863096 0.01288717206916667468 5.654121202671176455e-06 0.007151193092781451058 -0.01288717209022430255 0.9999169569439412264 3.70380932567096006e-06 -0.006335088327028975952 -5.605920039075947022e-06 -3.776367382950402743e-06 0.9999999999771561621 0.4950580466710305938
0.9999255816949282893 0.01219963264220637333 6.138983251298760721e-06 0.009323774811371152507 -0.0121996326360573927 0.9999255817133094748 -1.038077967034520059e-06 -0.01478900195753399434 -6.151190568534960765e-06 9.631073746069759779e-07 0.9999999999806173934 0.4950385231258928598
0.9999381989693010286 0.01111747299788389508 6.197137644982982688e-06 0.01351015290998100644 -0.01111747300987517978 0.9999381989865586684 1.903895888814664862e-06 -0.01761597382695969868 -6.175588144461421181e-06 -1.972674736592937061e-06 0.9999999999789851435 0.4950468664930004481
0.9999459068781770821 0.01040111973877632864 5.290765265520278041e-06 0.001931760010922810647 -0.01040111975262729763 0.9999459068886569213 2.597212021436258999e-06 -0.01806224899642161832 -5.263465158343745994e-06 -2.652101413239675518e-06 0.9999999999826308938 0.4950321672749698476
0.9999429418497163269 0.01068236944593706217 5.494349699847751266e-06 0.007587388612725130647 -0.01068236948863159411 0.9999429418339262909 7.800885154407003849e-06 -0.01055500378644323896 -5.410704265105292379e-06 -7.859132723923127075e-06 0.9999999999544789686 0.4950628716118641304
0.999949161544341103 0.01008336770646606033 4.969693431194212405e-06 0.007934249988967814748 -0.01008336773140606872 0.9999491615438425018 5.019181088522553424e-06 -0.008025450790326913234 -4.918830531151659688e-06 -5.069037167486447548e-06 0.9999999999750547319 0.4950481246270354019
0.9999567970491515245 0.009295375855160010331 5.014560145389886699e-06 -8.902799700858142007e-05 -0.009295375854651474409 0.9999567970617220247 -1.247045316786731814e-07 -0.01045717326125056128 -5.015502677150224637e-06 7.808692277804546012e-08 0.9999999999874190637 0.4950297361724999012
0.9999657127410038759 0.008280901772554126808 3.231425992759094348e-06 -0.01186625049200227232 -0.008280901785677714094 0.9999657127378367427 4.069220262224674598e-06 -0.00395396169927532664 -3.197618382726513787e-06 -4.095839861089385156e-06 0.999999999986499466 0.4950372026032385797
0.9999771365471359363 0.006762127631295551146 3.888620267835699075e-06 -0.01554664625812188922 -0.006762127660389652406 0.9999771365262389855 7.518030508333544612e-06 0.007316092170949025503 -3.83769347863484269e-06 -7.5441539668713087e-06 0.9999999999641786541 0.4950493731339322689
0.9999783787939434676 0.006575859601531142476 4.167747244578281029e-06 -0.01563739156164458202 -0.006575859612076885574 0.9999783787993797857 2.521695294468058982e-06 0.01009055817294211149 -4.151074818664557354e-06 -2.54904729315370048e-06 0.9999999999881352686 0.4950267236455828113
0.9999790572730118399 0.0064718599111358837 6.848482590510986499e-06 0.00510086720486251869 -0.006471859901237769254 0.9999790572954520007 -1.466472927473611701e-06 0.008391664904655147736 -6.8578299721137003e-06 1.422119795668999568e-06 0.9999999999754736191 0.4950233077827995154
0.9999777188351040014 0.00667546326348425912 5.078585213514087591e-06 -0.002010923014470240074 -0.006675463251652794493 0.9999777188453342625 -2.343067939727670247e-06 0.003751138197203974286 -5.094113120726834116e-06 2.309113824481626544e-06 0.9999999999843587339 0.4950153743086399549
0.9999783635390386838 0.006578179669580206355 2.872877888825057414e-06 -0.0157661967669352511 -0.006578179671337103934 0.999978363542972426 6.025335084288021207e-07 0.00333751599283509939 -2.868852156250645787e-06 -6.214187786627488886e-07 0.9999999999956915575 0.4950206916371587273
0.9999770732554452701 0.006771480777194608877 3.713538418565596851e-06 -0.01340595624841291189 -0.006771480799814631919 0.9999770732435033782 6.112873558746399888e-06 0.00672567243435932046 -3.672060073378704057e-06 -6.137879564556132307e-06 0.9999999999744210166 0.495047205876089802
0.9999663621386796208 0.008202107718524732916 4.726668525299457549e-06 6.662291922798595223e-06 -0.008202107733878763463 0.9999663621444815353 3.238210574774586432e-06 0.008318815551661078167 -4.699949378357245319e-06 -3.276870292762768138e-06 0.9999999999835861297 0.4950328698701466079
0.9999750424734087373 0.007065013114543438298 4.714681175609601932e-06 -0.001899312550478275382 -0.007065013114561737029 0.9999750424845229579 -1.276904555326947821e-08 0.003303370559826177954 -4.71465372235548913e-06 -2.054055746673290143e-08 0.9999999999888855573 0.4950232452740915834
0.9999831896747197746 0.005798306030804366469 4.168811300934984318e-06 -0.006377617668116103596 -0.005798306047241670244 0.9999831896755455585 3.941713897157940097e-06 0.00750959522080650848 -4.145885958402834124e-06 -3.965819679441185712e-06 0.9999999999835417208 0.4950450244207676431
0.9999763787098844281 0.006873281532075612051 5.047687371902933737e-06 0.008540856920126687832 -0.006873281539130521658 0.9999763787216213728 1.381641344506879637e-06 0.005572815651577002483 -5.038071729137233241e-06 -1.416302884784340839e-06 0.9999999999863057321 0.4950313725565342327
0.9999668142400730542 0.00814680297313489718 4.701978332104583798e-06 0.003966926860977120287 -0.008146802978691422906 0.9999668142504053447 1.163805408930966192e-06 0.0040199339515633618 -4.692341000063363593e-06 -1.202072878246043776e-06 0.9999999999882682733 0.4950275895901189993
0.999964446911627669 0.008432372643351660618 2.561023927242864036e-06 -0.008810351059661731404 -0.008432372652151685563 0.9999644469088987409 3.445006912942550871e-06 0.005382287978228371926 -2.531883292876782665e-06 -3.466479940433089054e-06 0.9999999999907863701 0.4950317976107036499
0.9999619935500188017 0.008718454220524189668 3.702639450463188199e-06 -0.006069109605204207544 -0.00871845423463180752 0.999961993549487671 3.811263454028728848e-06 0.008283489003163042527 -3.669270400333776246e-06 -3.843399894031168434e-06 0.999999999985882182 0.4950277630605970924
0.9999638301911262239 0.008505190797631449751 6.420364778317034586e-06 0.01212440571539284001 -0.008505190818080706622 0.9999638302065563256 3.164509346321028626e-06 0.008772242927169810953 -6.393217799278028321e-06 -3.219001314183655709e-06 0.9999999999743821588 0.4950309738944816407
0.9999740420651487272 0.007205218343180572714 5.171835197514388566e-06 0.001250211808276563506 -0.007205218338198765213 0.9999740420780774963 -9.812398966593494089e-07 0.002495990804411060346 -5.178770995122295676e-06 9.439502238924762057e-07 0.9999999999861444167 0.4950127672333250461
0.999957501755897038 0.009219255572106165378 3.321748791935588506e-06 0.002931536066036240923 -0.009219255558920200905 0.999957501753681699 -3.963261599504188697e-06 -0.007070256069123652572 -3.358145945022073035e-06 3.932469116829979875e-06 0.999999999986629029 0.4950043578389587973
0.9999462150632398849 0.01037144902885188229 5.289147046925507673e-06 0.09031074900348981527 -0.01037144900776233204 0.9999462150694494733 -3.999283020622303888e-06 -0.0163044029612867368 -5.330340930519193559e-06 3.944211800546293791e-06 0.9999999999780151416 0.4950015488259488783
0.9999526478100493332 0.00973150081513277608 5.638185217234292409e-06 0.2588413934990152487 -0.009731500837918965682 0.9999526478176095079 4.028168657953634528e-06 -0.01722098975952600017 -5.598718110281171014e-06 -4.082845919512042773e-06 0.9999999999759920932 0.4950249473433262493
0.9999351760494769037 0.01138611693918461891 6.494704472009456241e-06 0.5027844581756798492 -0.01138611694719830585 0.9999351760697596792 1.19824514330105688e-06 -0.02342589675716490877 -6.480640100416373901e-06 -1.272116932973088046e-06 0.999999999978191334 0.495013576765913399
0.9999003122060379223 0.01411968888388366247 6.190551401718667502e-06 0.8188287603771805534 -0.01411968891787526194 0.9999003122096936647 5.482002026548042735e-06 -0.01971972135138670007 -6.112530116253062852e-06 -5.568864197881809357e-06 0.9999999999658121252 0.4950311722280262283
0.9999191033883859658 0.01271953806093654819 5.719734198134622566e-06 1.147743727007722203 -0.0127195381053279051 0.9999191033738134005 7.792869886326344632e-06 -0.01589227532112401364 -5.620149785812373475e-06 -7.86499184664322956e-06 0.9999999999532777073 0.4950388479878775616
0.9999136896005687003 0.01313823978693433661 2.628905712040394482e-06 1.544240137486973641 -0.0131382398252491376 0.9999136894890447991 1.513053237621354711e-05 0.006617806288110481168 -2.429890247382450733e-06 -1.51637656476433088e-05 0.9999999998820776614 0.4950655779429042891
0.9998615666972612281 0.01663873257514230167 4.714213492540540779e-06 2.015406390690542171 -0.01663873263760896198 0.999861566615700692 1.353674329430904257e-05 0.02676828567480434018 -4.488326636400084508e-06 -1.361330789612548414e-05 0.9999999998972661786 0.495054453081227086
0.9997743388869982928 0.02124314573184002061 8.044496405217591963e-06 2.556051358790834893 -0.02124314577651888539 0.9997743389032305306 5.509851260439288418e-06 0.03336166659634775405 -7.925634502049574282e-06 -5.679498311106085705e-06 0.9999999999524635808 0.4950270540408925335
0.9997148933976437446 0.02387743226445342495 1.223220150197649919e-05 3.205275928790745077 -0.02387743214997238225 0.9997148934308217605 -9.421083090068595016e-06 0.01161960913179115387 -1.245366529431368126e-05 9.12632351567003021e-06 0.9999999998808080104 0.4949889318870614452
0.9996404984444642317 0.0268118203015708205 1.280827137740530069e-05 3.892603513780376723 -0.02681182006434871049 0.9996404983645157394 -1.834699102697224401e-05 -0.0353566674073718043 -1.329558300938712953e-05 1.799698218765230059e-05 0.9999999997496678006 0.4949664087434140214
0.9996356237396182287 0.02699295533536093597 1.073313043996465001e-05 4.556952974640987364 -0.02699295507113320947 0.9996356235151978575 -2.404458381079295463e-05 -0.09727405310189818355 -1.137825391648604623e-05 2.374610362752299465e-05 0.9999999996533287527 0.4949478010096197145
0.9996020366398488122 0.02820936486208949073 9.043029737244738574e-06 5.241800273111496544 -0.02820936467423864821 0.9996020364805791036 -2.026789359364576892e-05 -0.1750686946750089901 -9.611175346673485762e-06 2.000472959099011466e-05 0.9999999997537177832 0.4949175294897978916
0.9995425411445726382 0.03024414625503282425 7.860477079983121422e-06 5.912442022523183738 -0.0302441460650826055 0.9995425409107205894 -2.325439637354632857e-05 -0.2596103158046833004 -8.560190598290847182e-06 2.300602502704939545e-05 0.9999999996987227746 0.4949096917634434045
0.9992255246286179116 0.03934908915344395575 1.075593957439130169e-05 6.675344652734573891 -0.03934908874521849537 0.9992255240597290866 -3.584289600406415663e-05 -0.3871627490538688265 -1.215799466835752671e-05 3.539190014301906258e-05 0.9999999992997981035 0.494860295328806099
0.998833791137107907 0.04828102652967058983 1.273365445712072423e-05 7.582028521014961164 -0.04828102591512745817 0.9988337902426743797 -4.481370695041931272e-05 -0.5472601656347952925 -1.488245611921261626e-05 4.414665090735612508e-05 0.9999999989147926316 0.494809896438893726
0.9980861708577662972 0.06183846277025444038 8.180852370902917333e-06 8.420743857826840539 -0.06183846263010894101 0.9980861707652574077 -1.639886043730694968e-05 -0.6678807720036127327 -9.179275937097345893e-06 1.586158448668210943e-05 0.9999999998320753258 0.4948785662698747534
0.9976519753586344796 0.06848748829409796735 3.523168164454216467e-06 9.207009822277715472 -0.06848748833857196128 0.9976519752547917674 1.461227989817885141e-05 -0.7559291612044010122 -2.514137329945920217e-06 -1.481926284348929338e-05 0.9999999998870340301 0.494876429164839815
0.997201852948181422 0.07475603282250575798 5.965443256137548713e-06 10.03612289702038574 -0.07475603300409654206 0.9972018521209602415 4.07216092897805197e-05 -0.8084153396461930541 -2.904565103090766614e-06 -4.105361711174090075e-05 0.9999999991530817978 0.4948931820117739022
0.9970700484640853123 0.07649391103423487659 5.722388656578674254e-06 10.83897328951286099 -0.07649391118371134946 0.9970700479061752608 3.350265989446617036e-05 -0.8743103642723694113 -3.142872846575137044e-06 -3.384222661430616295e-05 0.9999999994224127997 0.494854042822315543
0.9972288442674963616 0.0743951082920122353 5.036436024187179024e-06 11.64066065792601279 -0.0743951084199746121 0.9972288437011618267 3.37024689206719423e-05 -0.9178873310869384294 -2.515180447713472773e-06 -3.398376033479257984e-05 0.9999999994193887742 0.4948402713466998337
0.9972652774686840971 0.07390511671634178437 8.982477393025169182e-06 12.48859375967013463 -0.07390511694800888653 0.9972652770703871461 2.899754407148411414e-05 -0.9638779825282577374 -6.81484592704341193e-06 -2.958209487657338679e-05 0.999999999539228579 0.4948075532373790164
0.9972537149314093519 0.07406097495424343591 6.823698957056019284e-06 13.34831668016774486 -0.07406097513507574337 0.9972537144331862224 3.183531632376635049e-05 -1.002876777919194939 -4.447204566183138904e-06 -3.225325726868030171e-05 0.9999999994699746431 0.4948047623399732253
0.9973613665066519696 0.07259686282434740789 1.050140012099283989e-05 14.25478640918614737 -0.07259686295864968553 0.9973613664670605283 1.302894174553696724e-05 -1.075258459417537171 -9.527830477843634633e-06 -1.375693184892196642e-05 0.9999999998599834461 0.4947613063731272631
0.997379320797130986 0.07234977766447352188 1.097211966158082109e-05 15.19182126804309085 -0.07234977775027864877 0.9973793208220308459 7.63560697051807233e-06 -1.149287876141711795 -1.03909307893952549e-05 -8.409426913093977473e-06 0.9999999999106548021 0.4947399794354545022
0.997680679705846285 0.06806806292935091429 1.236765740262882332e-05 16.14677067149201051 -0.06806806304170089084 0.9976806797351236433 8.901974309559631643e-06 -1.219049873581366183 -1.173303269668729795e-05 -9.723170263645726833e-06 0.9999999998838977611 0.4947447631180188488
0.9977815378036555272 0.06657328777848048329 1.322000814893252988e-05 17.1059345629557491 -0.06657328792110416005 0.9977815378247942846 1.065808743973362406e-05 -1.286344442256674769 -1.248113613860464286e-05 -1.15145422844814494e-05 0.9999999998558181113 0.4947418442662721572
0.9979468491864441626 0.06404752933513491175 1.368013343419232778e-05 18.04263096943256883 -0.06404752938148398911 0.9979468492727952 2.976824941981723653e-06 -1.375445945457870689 -1.34613877754865245e-05 -3.846891819499338243e-06 0.9999999999019960617 0.494710430663417966
0.9982968509975028715 0.05833864214729431869 1.109558332215900457e-05 18.97618376253747741 -0.05833864218404863355 0.9982968510524543593 3.017952954625838304e-06 -1.453040999583639081 -1.090062261366418315e-05 -3.660114196316303858e-06 0.9999999999338897716 0.4947078992610541293
0.9986262736636527526 0.05239814317659255427 1.193838908451557087e-05 19.92621205504473281 -0.0523981433145736461 0.9986262736609363699 1.155381109718494472e-05 -1.511886137194166091 -1.13165907568785588e-05 -1.216348874479117824e-05 0.9999999998619919506 0.4947290780784355801
0.9988336222884135474 0.04828451973075456594 1.195030697081351695e-05 20.88009308413439769 -0.04828451983053182184 0.9988336223213660769 8.206467060236507328e-06 -1.578149104557718507 -1.154012307882015735e-05 -8.77391005387977915e-06 0.9999999998949218316 0.4947079508388043667
0.9987925310733212214 0.04912717865023267377 1.386539473645855041e-05 21.90298838945567184 -0.04912717880016149313 0.9987925311050033228 1.068785684764001856e-05 -1.638086485741770737 -1.332358845085530511e-05 -1.135611931895652591e-05 0.9999999998467600237 0.4947146524269653289
0.9987667570590954558 0.04964841149139533061 1.524045920204826822e-05 22.93752902765072932 -0.0496484116872412326 0.9987667570842231335 1.275268973127742025e-05 -1.702796290541224389 -1.45885132263035949e-05 -1.349362715945468879e-05 0.9999999998025483894 0.4947076254158038755
0.9987453510759084496 0.05007717576161666018 1.319973939200098486e-05 23.90277000271727559 -0.05007717599251877705 0.9987453509932100459 1.778472528508307814e-05 -1.754202115422229813 -1.229256953810977217e-05 -1.842341737122749366e-05 0.9999999997547349695 0.4947040103927545784
0.9987812279036686336 0.04935644442319923192 1.354149678869958025e-05 24.87593772849873019 -0.04935644459961954778 0.9987812279019019357 1.301868797613321031e-05 -1.81230177727123376 -1.288243664069002314e-05 -1.36711812985444535e-05 0.9999999998235705734 0.4946821303620101973
0.9988989944082239392 0.04691267222473270021 1.253819977589860561e-05 25.80381194862042449 -0.04691267236530575341 0.9988989944179380576 1.116289372864634924e-05 -1.867790290085038274 -1.200071397338484763e-05 -1.17388037783681706e-05 0.9999999998590914929 0.4946672978643954499
0.9990560507955777991 0.04343969658263954065 1.147974299423051014e-05 26.74662691455672814 -0.04343969657037507343 0.9990560508611994184 -1.315660343184980763e-06 -1.94590643470824709 -1.15260585868312222e-05 8.157418742754978294e-07 0.9999999999332420675 0.4946318254168117212
0.9989279127163913641 0.04629281843125174212 1.264899990313482701e-05 27.67510690824391872 -0.04629281857041320919 0.9989279127301237127 1.09397254286129435e-05 -1.99561332004854397 -1.2129008348407486e-05 -1.151355494570775756e-05 0.999999999860162414 0.4946590528200945913
0.9989956809270582605 0.04480657672288190785 1.317923258432965971e-05 28.59071130134231709 -0.0448065768551860269 0.9989956809587965392 9.920849455064053785e-06 -2.056525165898566154 -1.272147712783225796e-05 -1.050140205441872056e-05 0.9999999998639420573 0.4946395649132684369
0.9991523976734202339 0.04116413543422318966 1.340301739388593985e-05 29.51197075118842506 -0.04116413556593870315 0.9991523977107639176 9.704283400248735797e-06 -2.113532606897847277 -1.299218852948028811e-05 -1.024778165205545471e-05 0.9999999998630927367 0.494631770187877351
0.9993577030094585867 0.03583547541496655969 1.181839313964901189e-05 30.39465860216046167 -0.03583547551414049959 0.9993577030414068085 8.28923049055731257e-06 -2.170232714650998318 -1.151375370622658574e-05 -8.707424080731727996e-06 0.9999999998958069014 0.4946152285519442304
0.9995709366520515449 0.02929065558709032652 9.902098874318660961e-06 31.20722376197792869 -0.02929065571753885697 0.9995709366088462167 1.329597825366366645e-05 -2.208747910719678131 -9.508402326474667585e-06 -1.35803124057285553e-05 0.9999999998625824782 0.4946150577420855843
0.9997421115324743868 0.02270925546970927258 1.21174889666224604e-05 32.08593704941633717 -0.02270925553472838768 0.9997421115906202083 5.255372885802077003e-06 -2.260320433298513176 -1.19950184012149402e-05 -5.529196739124524499e-06 0.9999999999127735517 0.4945914334923910416
0.9998217271827394281 0.01888157034108537552 1.253040355303133259e-05 33.03973336714273046 -0.01888157039914176855 0.9998217272498947095 4.531224061551756263e-06 -2.305165090386765314 -1.244261309768059739e-05 -4.767009964288890318e-06 0.9999999999112282323 0.4945812234012499919
0.9999068120817974359 0.01365162920804778753 1.321421051921564038e-05 34.03356491797625694 -0.01365162934338059325 0.9999068121151793997 1.020602009348098695e-05 -2.341852706692654884 -1.307365031288174609e-05 -1.038546451978901592e-05 0.9999999998606107221 0.494585950361870641
0.9999436342858163407 0.01061734783598824831 1.335798354869186316e-05 35.02092123011144054 -0.01061734799183379485 0.9999436343055131404 1.165053516890614587e-05 -2.374719271052385228 -1.323353283230837261e-05 -1.179170483797653897e-05 0.9999999998429144332 0.4945745664853206658
0.9999803891885969964 0.006262670162470991217 1.424397648677526126e-05 36.09847050499838872 -0.006262670308190212629 0.9999803892370214831 1.020874461203828232e-05 -2.407645796957768258 -1.4179763151251241e-05 -1.029774973888617974e-05 0.9999999998464451645 0.4945618846924645373
0.9999999770903172935 -0.0002136035250158707384 1.396894467699189597e-05 37.21877178084984905 0.0002136032191352235112 0.9999999769482524892 2.189501953665739682e-05 -2.412685757281490151 -1.397362120833662719e-05 -2.189203522349853244e-05 0.9999999996627381149 0.4945675556373437809
0.9999649091413888025 -0.008377370804253408965 1.210349611802265298e-05 38.32198013848237395 0.008377370380022312532 0.999964908616617576 3.468584801912633309e-05 -2.397225057073035792 -1.239364760011637311e-05 -3.458323539306383017e-05 0.999999999325198452 0.4945523141253450605
0.999821303904606884 -0.01890397069328711085 1.235927488661006123e-05 39.41255845774636413 0.01890397059995325979 0.9998213039536822944 7.625440018408667967e-06 -2.413733478784766628 -1.250121742768386693e-05 -7.390438012958542965e-06 0.99999999989455024 0.4944971321010390719
0.9998363617159221617 -0.01809004261037286398 1.229858413314644291e-05 40.58270908212639227 0.01809004230656572829 0.9998363614998014848 2.43806777954848385e-05 -2.388036308874513569 -1.27376191114744132e-05 -2.415420627592626771e-05 0.9999999996271634606 0.4945373498733620643
0.9998658971667860884 -0.01637643022484640276 1.477096129610065452e-05 41.79521987804810124 0.01637642965943697168 0.9998658965774287477 3.761989801547359444e-05 -2.349245688235654494 -1.538506009455243464e-05 -3.737295747189664269e-05 0.9999999991832807522 0.4945454465413934297
0.999899164337824331 -0.0142007392740527115 1.276022550881291194e-05 42.97532949750518583 0.01420073925169468634 0.9998991644178668592 1.841068821859070469e-06 -2.365694773184793487 -1.278508336237039755e-05 -1.659678541221796369e-06 0.9999999999168933673 0.4944510412168701685
0.99992871549218032 -0.01194000764577708186 1.240200363679321424e-05 44.14988450017111887 0.01194000779980597393 0.9999287154901079777 -1.242078618293503862e-05 -2.391673452688693136 -1.22528152840514926e-05 1.256798079346177853e-05 0.9999999998459569994 0.4944290105866298024
0.999923036259672382 -0.01240650693941483702 1.204295769792529446e-05 45.35839879679577535 0.0124065067951849 0.9999230362622418822 1.197801580348214743e-05 -2.375624521875303596 -1.219063616307350023e-05 -1.182768289407080206e-05 0.9999999998557469461 0.4944624858966151226
0.9998736978978455259 -0.01589301889014096969 1.431356115864228939e-05 46.64087589653502874 0.0158930186992863251 0.9998736979142044401 1.33503154733523509e-05 -2.368933869586332008 -1.452393014202007155e-05 -1.312114360529602375e-05 0.999999999808445339 0.4944404923855026945
0.9999392985213904073 -0.01101812132515622884 1.665071993338403445e-05 47.98149988358404272 0.01101812135092301859 0.9999392986586772558 -1.456547288710610415e-06 -2.382866652450184031 -1.663366079760725028e-05 1.63991852694280594e-06 0.9999999998603157358 0.4944178182113495024
0.9999482146343888767 -0.01017682265245095988 1.823269473840302433e-05 49.32918208609452648 0.01017682298533273931 0.9999482146305279651 -1.825861807915636823e-05 -2.417031505154728865 -1.804593583349905334e-05 1.844322345684199505e-05 0.9999999996670956293 0.4943808580425921306
0.9999598370652826862 -0.008962359118201540173 1.943301783978688358e-05 50.71874684144253109 0.008962359504409907543 0.9999598370530613511 -1.987866059916026186e-05 -2.456912863187092455 -1.925407765744394074e-05 2.005202790594820292e-05 0.9999999996135980895 0.4943298072536170262
0.999979553738672311 -0.006394674112650452699 1.580604968082565697e-05 52.08474329363370003 0.006394674116440695125 0.9999795538635484204 -1.892694599014699777e-07 -2.473950618977985627 -1.580451619166157849e-05 2.903401268257393049e-07 0.99999999987506627 0.4943663165852161256
0.9999673125485140091 -0.008085393269259784355 1.5887614163595786e-05 53.51678988666039061 0.00808539319379492083 0.9999673126637756981 4.808421938506921428e-06 -2.489063238837724956 -1.592597282218721752e-05 -4.679807156024007225e-06 0.9999999998622312036 0.4943539441021137515
0.9999826735026774438 -0.005886631546317144976 1.630055051002614843e-05 55.006954445848109 0.00588663156213571799 0.9999826736350150291 -9.226225710044691523e-07 -2.515471271337900383 -1.629483694160674441e-05 1.01856192029944183e-06 0.9999999998667201684 0.4943218457983884484
0.9999912814701775732 -0.004175738236806112065 1.400151105663336633e-05 56.47013757426550029 0.004175738175787238951 0.9999912815588426485 4.384427227831832609e-06 -2.535560861199457339 -1.401969720570489798e-05 -4.325922357834283461e-06 0.9999999998923669864 0.4943063885686385661
0.9999995608880422049 0.0009370090559512474736 1.549143705137803024e-05 57.97899198548615374 -0.0009370091158251830357 0.9999995610005356639 3.858165247376428643e-06 -2.561012475935906529 -1.548781511486927069e-05 -3.872679170944507626e-06 0.9999999998725647155 0.49429104129992818
0.9999898716793574893 0.004500690675118102814 1.801060044482559317e-05 59.55311175492566633 -0.004500690501179787674 0.99998987179541865 -9.686455911375926113e-06 -2.608834459905582825 -1.805401377157513828e-05 9.605297665501602393e-06 0.9999999997908951554 0.494243448695153742
0.9999886326078956111 0.004768051483639300196 1.850062291678116773e-05 61.14139233207873758 -0.004768051161799106812 0.9999886326291613781 -1.740146322744321155e-05 -2.665117068825656688 -1.858338368589838922e-05 1.731305350159563535e-05 0.9999999996774577848 0.4942061008019117407
0.999979093873894942 0.006466188016179724544 1.516297941947330371e-05 62.67571146393624559 -0.006466188001832314999 0.9999790939884530827 -9.950446566773049057e-07 -2.700408664311683804 -1.516909656788501401e-05 8.969771785545677795e-07 0.9999999998845467974 0.4942150208599064287
0.9999105907051257791 0.01337199919764654917 1.534330540021508816e-05 64.21354807182225954 -0.01337199913293827744 0.9999105908144116928 -4.312228320535158178e-06 -2.76027560810689776 -1.539959668141735181e-05 4.106672100733367916e-06 0.9999999998729935946 0.4941822659953557517
0.9998231225605961336 0.01880753533356853413 1.449442044939032087e-05 65.70409219453823368 -0.01880753540190137699 0.9998231226538254468 4.59261987320976799e-06 -2.812874443073653641 -1.440548085422785332e-05 -4.864411868098403867e-06 0.9999999998844095739 0.4941726984286430313
0.999830857425224373 0.01839174512581475546 1.593110755721621619e-05 67.18546632394604501 -0.01839174507929833974 0.9998308575483146887 -3.061455057142356759e-06 -2.877659649105972495 -1.598471843175101846e-05 2.767936365728280084e-06 0.9999999998684134805 0.4941357869061332453
0.9997800548797524112 0.02097239929886644816 1.828990663482173306e-05 68.71735912462034435 -0.02097239920576117814 0.999780055035125903 -5.267568015624390222e-06 -2.93990155280035248 -1.839635740170702657e-05 4.882826216362118748e-06 0.9999999998188657813 0.4941154271299245115
0.9997418188044872034 0.02272213283632841876 2.037391827433371476e-05 70.27493703083568732 -0.02272213269776724234 0.9997418189906842612 -7.006809909189963054e-06 -3.010364731240616543 -2.052786778106546582e-05 6.542062008027969712e-06 0.9999999997679037689 0.4940819791555068341
0.9996491066018988736 0.02648892915485442923 1.744955763967319208e-05 71.77660848762391765 -0.02648892907031329472 0.9996491067436381606 -5.058350048923147107e-06 -3.083187763262896119 -1.757742498365731635e-05 4.594355012660055796e-06 0.9999999998349627939 0.4940523801862031772
0.9996377275029348919 0.02691493143699888457 1.485739217664782756e-05 73.29042604245525183 -0.02691493150802746342 0.9996377276008424628 4.601594289187027469e-06 -3.14839421059730773 -1.472815815874441058e-05 -4.999812950955805255e-06 0.9999999998790414235 0.4940424662249700005
0.9996629119377996586 0.02596270794524769762 1.715871447797730114e-05 74.82651564092500962 -0.0259627078429104062 0.9996629120687370307 -6.160267077214073201e-06 -3.22924428104996819 -1.731286769740120722e-05 5.712703833770789171e-06 0.9999999998338146012 0.4940003414547234906
0.9996658073077513418 0.02585098426152781723 1.773934294283442301e-05 76.38238962494388318 -0.02585098424616679574 0.9996658074649440451 -1.094710687087789874e-06 -3.296751708161037797 -1.776171393558896653e-05 6.357653678234632597e-07 0.9999999998420584513 0.4939876386792644292
0.9996901719380788531 0.02489095804145429955 1.84506191807129558e-05 77.91348283190018265 -0.02489095787704100407 0.9996901720711317552 -9.087724794674003793e-06 -3.376449120977006224 -1.867110484014239771e-05 8.625655577681102962e-06 0.999999999788493743 0.4939415898437267138
0.9997095746149461393 0.02409908703808539068 2.072116069405049741e-05 79.45322720633862446 -0.02409908653303203738 0.9997095745468395078 -2.428750712947007014e-05 -3.469079738606075214 -2.130044948981728734e-05 2.378109237622908379e-05 0.9999999994903749911 0.4938890105306465439
0.9996058407598219508 0.02807423787485513814 1.699494395859319e-05 80.96012007958552203 -0.02807423787547554464 0.999605840904255083 -2.020991441689903074e-07 -3.528749388134493792 -1.699391902629794238e-05 -2.751006144501099454e-07 0.9999999998555653136 0.4939129782339504171
0.9995336757028324692 0.03053572983667611832 1.848132148969363603e-05 82.4630576065430887 -0.03053572964180193208 0.9995336758219837137 -1.073633525945305941e-05 -3.623017103700045372 -1.8800545035559914e-05 1.016698800902658777e-05 0.9999999997715857125 0.4938583317724092869
0.9993910997224907389 0.034891682835893785 1.632736247200127476e-05 84.0102307784604676 -0.03489168299464471407 0.9993910998047754735 9.541236741615615494e-06 -3.684797425306132634 -1.598451093155397391e-05 -1.010511623542754894e-05 0.9999999998211908103 0.4938717418319232833
0.9988286582655150347 0.04838709633898203438 1.837458702384199845e-05 85.55462636709692958 -0.04838709628744555791 0.9988286584317698225 -3.239292701121269014e-06 -3.790915570788293998 -1.850980407426122958e-05 2.34640547082553677e-06 0.9999999998259405665 0.4938137783275325376
0.9966499254538825348 0.08178585320976676509 1.759981452295439648e-05 87.06169364813328571 -0.08178585315750717954 0.9966499256068110935 -3.670032378256977453e-06 -3.930505868376196421 -1.784101056435939581e-05 2.218321650029439878e-06 0.999999999838388498 0.4937850155863673929
0.9926770051361110125 0.1207988542636202062 1.687692967113945793e-05 88.53684380036986568 -0.1207988542114307035 0.9926770052775352182 -4.08197394684503838e-06 -4.125666345968162396 -1.7246437780139126e-05 2.013367905717231083e-06 0.9999999998492531406 0.4937583127000301775
0.985975827754473344 0.1668881863195477155 1.879057369153819848e-05 90.06148221807164589 -0.1668881863325965831 0.9859758279309236428 -8.824420576564116796e-07 -4.389447747132769528 -1.867432060734577746e-05 -2.265858225286679739e-06 0.9999999998230676423 0.4937461848239033113
0.9771956682138579486 0.2123408244309095971 1.750159472374517627e-05 91.51655749836747589 -0.2123408244450434856 0.9771956683669301702 -1.068010098413872134e-06 -4.715706564529624778 -1.732926469835504476e-05 -2.67264821096437688e-06 0.9999999998462765216 0.4937081651013556227
0.9639637276071235661 0.2660337038494023365 1.66186744348911905e-05 92.93570002169511213 -0.2660337037244165925 0.9639637277393623416 -9.36666969950707365e-06 -5.126507632364441847 -1.851164919123838743e-05 4.608002327897159768e-06 0.9999999998180423288 0.4936702844507601107
0.9488710046598060055 0.3156640876476545232 1.69616305344579174e-05 94.37685031806344682 -0.3156640873713993378 0.9488710047489760102 -1.711381919124746343e-05 -5.637151657437530439 -2.149661752858405314e-05 1.088462918657473106e-05 0.9999999997097098747 0.4936294678322437068
0.9303334824629285738 0.3667146180339805883 1.818857456959182127e-05 95.76249897800829558 -0.3667146179752409085 0.9303334826405688096 -6.586045642310605602e-06 -6.196565393137571043 -1.933663913567034849e-05 -5.427973967314244845e-07 0.9999999998128996648 0.4936292086222447417
0.9107347046683591518 0.412991885475742837 1.568630479375742446e-05 97.12287000358585942 -0.4129918853384927369 0.9107347047954135189 -1.131374251448613301e-05 -6.845120474028004942 -1.89585460185182551e-05 3.82550135685627354e-06 0.9999999998129692758 0.493587566850174686
