0.9999727208254474142 0.007386311999347235611 0 -0 -0.007386311999347235611 0.9999727208254474142 -0 0 -0 0 1 0.4949999999999998845
0.999988497672677723 -0.004784254656926129751 0.0003397527797512168513 0.4893435535079811438 0.00478426392455373866 0.999988554994640233 -2.647006487875931243e-05 0.004851740717022288117 -0.0003396222517476665315 2.809522737883668047e-05 0.9999999419336902395 0.4949849541602320269
0.9999687202607869807 0.007908896083525554857 8.868470315054398194e-05 3.021520097269331462 -0.007908884543477302798 0.9999687158696290989 -0.0001297287767266029461 -0.01175896459744573547 -8.97079401408827599e-05 0.0001290233217663219213 0.9999999876527336795 0.4942664369108279443
0.9999807877884405727 0.006198692592665921985 -1.632127739042345491e-05 5.3802907665654498 -0.006198694009982189806 0.9999807840170450435 -8.826924179480138966e-05 -0.02840357881335859105 1.577380986576965073e-05 8.836871655184768792e-05 0.9999999959710782482 0.4942985653374354915
0.9998769065229070607 0.01568956652874119867 9.647048588186916572e-05 6.918436994830854836 -0.01568955780851916462 0.9998769072184470197 -9.049463422391888442e-05 -0.07155752802571564708 -9.78784326455746671e-05 8.896991565967432569e-05 0.9999999912520830536 0.4941216888395709717
0.999807029694369076 0.01964365941128302234 0.0001732653719785962835 8.854202720088903078 -0.01964364071529136474 0.999807039138441267 -0.0001089536806286931344 -0.1928757526555154866 -0.0001753721875370166242 0.0001055290930880939946 0.9999999790541027611 0.4936623708573750768
0.9996810235016782009 0.02525535943060313454 0.0001344354896060019774 11.12865548150415584 -0.0252553501152807669 0.9996810302872710663 -7.054479134491730959e-05 -0.2703671197153759698 -0.0001361742428178742612 6.712707385648110771e-05 0.9999999884752654999 0.493374299162740948
0.9995661963019042417 0.02945179176141884958 0.0001057110107766855113 13.31393395395332746 -0.0294517855487874021 0.9995662002827886417 -5.985356202832028407e-05 -0.3678267260632204771 -0.0001074279480151414863 5.671421931222818776e-05 0.999999992621366407 0.493165248488855068
0.9993425460454178344 0.0362555219212374949 0.0001131190223514585058 15.19160008839551246 -0.03625551419917678181 0.9993425503050857861 -6.958529271870668746e-05 -0.4727023736522447117 -0.0001155675033902834096 6.543835527176767209e-05 0.9999999911809867026 0.4929245584843727213
0.9993255796133230229 0.0367201564309569059 0.0001266665492822803009 17.21721596486111139 -0.03672014730958902962 0.9993255852657333405 -7.360091248794453872e-05 -0.5760797829188445407 -0.0001292837605151239959 6.890006018324226799e-05 0.9999999892692451597 0.4926367839219921718
0.9988368843211914427 0.04821682597798229025 0.0001273356833471451859 19.25415820458895766 -0.04821681672438421495 0.9988368900860409294 -7.476928336687548482e-05 -0.7049410318674315112 -0.0001307927154760425519 6.854259673467454083e-05 0.9999999890975886929 0.4923521996946816914
0.9982701868289580727 0.05879302497758071705 0.0001196022377332334196 21.26351352945335549 -0.05879301557407377171 0.9982701912873456207 -8.067878066594646742e-05 -0.8748339744778875771 -0.0001241386983072031416 7.35074452227830517e-05 0.9999999895931193095 0.4921134325700651235
0.9984278151403825907 0.05605249823167914036 0.0001240895721605792207 23.22917827035930216 -0.05605249224091898852 0.998427821872954202 -5.124297625649280283e-05 -0.9652998058537706205 -0.0001267667780854369816 4.420688304435080643e-05 0.9999999909879674354 0.4919212126929127793
0.9982332803516693609 0.05941635417566844962 0.0001218894974209266307 25.23659637339762085 -0.05941634548471767113 0.9982332855878935929 -7.372836725336554561e-05 -1.108277632037187876 -0.0001260548242706683317 6.635588140857948884e-05 0.9999999898535388843 0.4915917046273829416
0.9980929077022336893 0.06172951839209055852 0.0001189782057986450508 27.33099432283754737 -0.06172950785462124473 0.9980929113609320336 -9.029572245598063457e-05 -1.261219292112239598 -0.0001243252152741434005 8.277905408978733807e-05 0.9999999888454342845 0.4913105416952874838
0.9981824884634541428 0.06026362996858410787 0.0001209551502071457631 29.37796958164506833 -0.06026362015163792135 0.9981824929144417213 -8.323197813478145312e-05 -1.409073198586654252 -0.0001257511744964771459 7.579150782684443888e-05 0.9999999892211444141 0.4910669451631341498
0.9979622606635391024 0.06380683300734896202 0.0001198128682480442729 31.40860761084700314 -0.06380682173538244906 0.9979622639916497784 -9.56604539096949486e-05 -1.599217117954256695 -0.0001256725118601746195 8.782064451391173262e-05 0.9999999882469767787 0.4907716836357528534
0.9980471256736166419 0.06246534997738380224 0.0001224298481020874899 33.44196709803410528 -0.06246534235878493935 0.998047131536614951 -6.509813614611219864e-05 -1.722857944200862024 -0.0001262571365699941179 5.732338529070628118e-05 0.9999999903865821604 0.4905760775200603829
0.9978406418540916034 0.06568134335502062715 0.0001208367784028631961 35.49097980743651704 -0.0656813359692146187 0.9978406475971998146 -6.411187516690817784e-05 -1.867276551932643303 -0.0001247868033010442483 5.60367136273011291e-05 0.9999999906440699693 0.4903196614178380042
0.9980982522250844147 0.06164304058177547813 0.0001202301874818240439 37.57250134173717271 -0.0616430309234562851 0.9980982566573964876 -8.245161135786584867e-05 -2.024790781325330524 -0.0001250841085481660853 7.488345602455303402e-05 0.9999999893732166578 0.4900357955534146992
0.9985180488994628289 0.05442142671058572412 0.0001197456760166192019 39.65559763176295149 -0.05442141648793379083 0.9985180528435484426 -8.703567060335893127e-05 -2.173772886364184753 -0.0001243048246214964339 8.038995868839264754e-05 0.9999999890428822313 0.4897633726811968513
0.9989855695766840515 0.04503129416315943684 0.0001196903161469239484 41.6840276029075909 -0.0450312894578520917 0.9989855760876934498 -4.172211642005054557e-05 -2.237012780283318847 -0.0001214477003257739531 3.628998296411471057e-05 0.9999999919667463821 0.4895776550521598325
0.9992094863290374995 0.03975409020849679509 0.000121424825610158847 43.6418474170485311 -0.0397540806764062199 0.9992094908889469496 -7.993283339551611065e-05 -2.361077004864483797 -0.0001245064952486319299 7.504251308453371275e-05 0.9999999894333766459 0.489279506665365127
0.9991842022559591641 0.04038458289420338021 0.0001242127855755589859 45.74569538810237646 -0.04038456506088430181 0.9991842004822062417 -0.0001428769052894615914 -2.527652389692710777 -0.0001298814770703120866 0.0001377440673119811854 0.9999999820786865667 0.488885616628740638
0.9993281164325128474 0.03665106717875615816 0.0001224105257991487024 47.86064981757308345 -0.03665105680060917054 0.9993281206119324356 -8.597589286484120109e-05 -2.609403316553444707 -0.0001254793889151246695 8.143165194116813775e-05 0.9999999888119042168 0.488702450105059083
0.9997791285403692108 0.02101616077107485922 0.0001229786020268500981 49.94606724005364384 -0.02101615199392319402 0.9997791336789765282 -7.223375993578495173e-05 -2.67929287342892497 -0.0001244695165073654054 6.963326856759709173e-05 0.9999999898292734057 0.4884576403622364893
0.9999093028039509612 0.01346738720399924365 0.000125100946560592174 52.0522637804685715 -0.01346737475809475608 0.9999093058167216608 -9.980220094826648095e-05 -2.762446133831397699 -0.0001264336755163995591 9.810836783855534054e-05 0.9999999871946366747 0.4881643377240094117
0.9999656701422262595 0.0082850989183564476 0.0001252004547040433597 54.14520887672460248 -0.008285080653082574353 0.9999656675154273699 -0.0001457094030465549766 -2.911230187440390527 -0.0001264033730789557251 0.0001446671049984320028 0.9999999815468075814 0.4879006491056901429
0.9999963169189252099 -0.002711369025982952267 0.0001209496660498693887 56.33218312651234072 0.002711385108751069965 0.999996315344484743 -0.0001330055574061842839 -3.046608256090497679 -0.0001205885932433791628 0.000133333008659370332 0.9999999838403496044 0.487762267161252705
0.9998827592356103189 -0.01531189669765304837 0.0001166410542478312808 58.40255335626321198 0.01531190623251482523 0.9998827625880822856 -8.129565731431112185e-05 -3.116876188004922721 -0.0001153825888457434066 8.307212303481052316e-05 0.9999999898929400333 0.4875315962850247931
0.9996349036563224599 -0.02701936035523849408 0.0001164484480462571394 60.54084273015087092 0.0270193692967065878 0.9996349073151904463 -7.590778112922146254e-05 -3.185378189428937912 -0.0001143549538776209978 7.902643109766478019e-05 0.9999999903388835376 0.487282111316113542
0.999301001119818233 -0.03738310039178120714 0.0001138782666962772277 62.65941278647198942 0.03738310647605581905 0.9993010060395859373 -5.177551152407443888e-05 -3.175054519222602512 -0.0001118631373304937205 5.599644386871415386e-05 0.9999999921755181598 0.4870829653816052818
0.999102157822175152 -0.04236585108336354821 0.0001135750338914518154 64.60066386369013003 0.04236585665081681745 0.9991021629327605513 -4.706967776189607811e-05 -3.164033452838507898 -0.0001114789150575086263 5.183912022486194946e-05 0.9999999924425783115 0.4868577294462281824
0.9989008343238477972 -0.04687334522914239632 0.000112678226197494418 66.44512890566988972 0.04687335012023384484 0.9989008396013203672 -4.116449708428215719e-05 -3.127353512644333033 -0.0001106248570704490255 4.640085642949328499e-05 0.9999999928045505415 0.4866513492680364372
0.9987186247297349384 -0.05060727354254131172 0.0001117352660687950209 68.47853357513146477 0.05060727621371932661 0.9987186306195955376 -2.120803495036356094e-05 -3.041323517724645598 -0.0001105188110941102798 2.68354769716043872e-05 0.9999999935327245071 0.4864337037038024558
0.998146898521027448 -0.06085027188009938665 0.0001157030871001828875 70.58332649466140651 0.06085027573262777323 0.9981469045392555861 -3.00698839868495639e-05 -2.944148882158849734 -0.0001136589176186806 3.705472619352337312e-05 0.999999992854298636 0.4861982945882940554
0.9979651469089285687 -0.06376169089960774528 0.0001110445676741780125 72.48644626183576634 0.06376169298009275177 0.9979651528368357338 -1.529366242039712742e-05 -2.81658776524710408 -0.0001098434591746891417 2.234293169529517773e-05 0.9999999937176037301 0.4859753332687498095
0.9975809733456910688 -0.06951394009782764505 0.0001172730646525587924 74.40154103648245609 0.06951394699126907384 0.9975809782000580883 -5.576148151188210778e-05 -2.726062770819535075 -0.0001131131782670351932 6.377870660158275811e-05 0.9999999915688424501 0.4857048116810975258
0.9981705992235574421 -0.06046024273486882983 0.0001178828133035030837 76.28396995837962891 0.06046024968303064656 0.9981706041762424819 -5.629328065412418576e-05 -2.626301288458677163 -0.0001142636535644625187 6.331752200845477626e-05 0.9999999914673541879 0.4854888280317587457
0.9978973319713875245 -0.06481435839475004068 0.0001174414568034258988 78.18491486069524399 0.06481436498847772953 0.997897337034050147 -5.323273556899139924e-05 -2.525940979754073279 -0.0001137442714000365461 6.073269824387081775e-05 0.9999999916868897998 0.4852787131327766512
0.998114907615487601 -0.06137277681110644978 0.0001160364306828367908 80.10257587647353716 0.06137278167997271133 0.9981149133041079535 -3.887194324846464057e-05 -2.407562407456224296 -0.0001134320128539157341 4.592014457149695949e-05 0.9999999925122591282 0.4850615657047864238
0.9986776236965189124 -0.05141002396707020777 0.0001156106051830787525 81.88537967883330282 0.05141003109336705207 0.9986776282468380339 -5.953555165849417285e-05 -2.348322731857487966 -0.0001123970008467629011 6.540036806295118773e-05 0.999999991544852751 0.4848407035294368117
0.9991543159091603732 -0.04111738242129392429 0.0001177503767731045124 83.60781359335595653 0.04111739315263521211 0.9991543183333686517 -9.021278014086724062e-05 -2.330521465194942632 -0.0001139414840578884978 9.497807716356229419e-05 0.9999999889982512657 0.4846081816519915431
0.9995638315343563507 -0.0295318868458562013 0.0001197911224180494037 85.32536978131192029 0.02953189992274419043 0.9995638323933860869 -0.0001089046934693724066 -2.326221546993680445 -0.0001165227123263705303 0.0001123948521152036152 0.9999999868949270843 0.4843759169077779814
0.9999466533958004666 -0.01032842534244525837 0.000118299268923061581 86.9316301813534551 0.01032843500846737303 0.9999466569812828221 -8.139081620864913513e-05 -2.329269965674934717 -0.0001174523195141734873 8.260832059561246847e-05 0.9999999896904087082 0.4842282602668843139
0.9998625379908667732 0.01657984545922436617 0.0001176828073573731514 88.45879518998684432 -0.01657983842738572008 0.9998625432039546235 -6.047870852725659944e-05 -2.365982268957473877 -0.0001186693586966795891 5.851923307080628671e-05 0.9999999912465410423 0.4840629578106298569
0.9985681407910758089 0.05349443659442811028 0.0001159859107252512572 89.8848395328796812 -0.05349443111021565112 0.9985681465749246533 -4.988333084810290505e-05 -2.460100385754723895 -0.0001184883165808915689 4.360730463040870538e-05 0.9999999920294606603 0.4838925268409605129
0.995092540548880633 0.09894858373431600351 0.0001162892079015536632 91.20005780510949478 -0.0989485770224173139 0.9950925460714435955 -6.213310939426946382e-05 -2.617698700343440432 -0.0001218665071489607814 5.032154203442234575e-05 0.9999999913081482061 0.4837037041220659805
0.9885441090699249589 0.1509322039315653952 0.0001193387665610703453 92.48129850309182132 -0.1509321969028178667 0.9885441151491505263 -6.591133869769575748e-05 -2.840145741570893723 -0.0001279197790068274622 4.714420337778478862e-05 0.9999999907069768712 0.483535917497893375
0.9783521609441758748 0.20694693731549621 0.0001196404193883233449 93.68747237925245486 -0.2069469318880142739 0.978352167791763927 -5.622745239017354883e-05 -3.111198622116457368 -0.0001286865627292812576 3.02510318281032283e-05 0.9999999912623215303 0.4833851496888734722
0.9638760032969100333 0.2663513400578543799 0.0001179830202668354902 94.81654541628495281 -0.2663513338452970225 0.9638760099849387197 -6.58526993727717643e-05 -3.462808987779131265 -0.0001312609575451343432 3.20489018585718875e-05 0.9999999908717142061 0.483215797158754401
0.9440513665008086752 0.3297984288979171064 0.0001170754197455498138 95.86322645517162755 -0.3297984234601941678 0.9440513735168057918 -6.361159829389554396e-05 -3.863534411850415129 -0.0001315042159928550645 2.144132743662979866e-05 0.9999999911234550565 0.4830719450167683116
0.9181436588668689947 0.3962476597152214675 0.0001177072680817053025 96.84506360118928114 -0.3962476554509566373 0.9181436663842752477 -5.856870556511692384e-05 -4.313771422674136602 -0.0001312798951893411536 7.133256615739835654e-06 0.9999999913573526245 0.482933410681681885
0.8838901415871234235 0.4676945616735007083 0.0001207822818773859853 97.79871353115368038 -0.4676945575502484687 0.8838901498380734578 -6.21235691765850695e-05 -4.843221749577942603 -0.0001358131246820235309 -1.578805527164238908e-06 0.9999999907761509821 0.4827874545451990018
0.8331648878211764808 0.5530246414232184993 0.0001252313035572348305 98.67603600807434816 -0.5530246419008859604 0.8331648962247593104 -3.393251132467177839e-05 -5.409035252484028611 -0.0001231038409402708186 -4.098461981320999253e-05 0.9999999915828523545 0.4826780899682389658
0.7639333935977589141 0.6452950914353579037 0.000122954777295621303 99.44826179256931198 -0.6452950919146442921 0.763933401985214644 -4.104144042001784049e-05 -6.062966202084195899 -0.0001204131013582526429 -4.798918745811811071e-05 0.9999999915988612154 0.4825408705967623169
0.6793688060486962055 0.7337969823164842698 0.0001187999284184120539 100.1445809741711059 -0.7337969813334518365 0.679368814849644953 -5.998279028260287011e-05 -6.827231273274684042 -0.0001247241570741357828 -4.642459223829968975e-05 0.999999991144320699 0.4823973970162665492
0.5876610848235072071 0.8091071847114817972 0.0001141689593956760442 100.699579417831572 -0.809107184134502333 0.5876610933151243943 -6.314935981519273825e-05 -7.62706170977079001 -0.0001181872562375160265 -5.526450395729563808e-05 0.9999999914888031416 0.4822696314421231478
0.4949031755154323919 0.8689481203162006118 0.000105194655422308179 101.189857587989934 -0.8689481185072811531 0.4949031838393742611 -7.726926379820125501e-05 -8.543166728774549412 -0.0001192041514270498603 -5.316789388276703501e-05 0.9999999914817724322 0.4821326301129517655
0.4060901993879275085 0.9138329925459081071 0.0001081568104239707424 101.5660879691935037 -0.9138329926423457428 0.4060902076443002051 -6.93972328693427459e-05 -9.468889552023073364 -0.0001073389025906122711 -7.065572561150624447e-05 0.9999999917430638652 0.4820361012399724809
0.3218905871641501437 0.9467768678479022704 0.0001113798316983705659 101.8744104172455138 -0.9467768696211510404 0.3218905951312573954 -6.259913148290403373e-05 -10.46100472446199348 -9.511952994639069354e-05 -8.530177720531616583e-05 0.9999999918379406383 0.4819592397333156142
0.2521403822584272758 0.9676906606189953353 0.0001139630595968447048 102.1150199596899455 -0.9676906633896046328 0.2521403901105990775 -6.054497705534581814e-05 -11.5251048349267311 -8.73234991487954206e-05 -9.501515508461714284e-05 0.9999999916733631755 0.481878342032665774
0.1997386344762735466 0.9798492035795953736 0.0001270599031273908833 102.332612088620877 -0.979849208514695702 0.1997386427709656187 -5.620826924719945437e-05 -12.67931263665852981 -8.045440045773127858e-05 -0.0001132725825676175551 0.9999999903482055252 0.4818158020493549243
0.1591770749738243285 0.9872500414106959443 0.0001205802190794412346 102.4996434228673365 -0.9872500456956633252 0.1591770829358953032 -5.95328684979812674e-05 -13.91753894632607214 -7.79674344227661596e-05 -0.0001095665589238614993 0.9999999909581239743 0.4817177806094473103
0.1300414330705457477 0.9915085522917359562 0.0001281387422270722012 102.6586859772184823 -0.9915085576435485049 0.1300414415329551598 -6.004892672547076118e-05 -15.23446442634804932 -7.62023711596723053e-05 -0.0001192418109980944105 0.9999999899872941134 0.4816372637950896429
0.1086106209238514864 0.9940843594039638909 0.0001393311842953554502 102.8002162290508608 -0.9940843665750775937 0.1086106296976411256 -5.700825701769249559e-05 -16.59029430953057727 -7.180386432100603264e-05 -0.0001323152498919257381 0.9999999886684396433 0.4815470547960142844
0.08923194560284805621 0.9960108648700511935 0.0001301805505582385428 102.9143488155692836 -0.996010871084276439 0.08923195350445738139 -5.619565522401301962e-05 -18.03691893373267519 -6.758774799620582909e-05 -0.0001246467959096763669 0.9999999899475360277 0.4814480035183320017
0.07118560011751634553 0.9974630797994048503 0.0001215533951981408205 103.0052824588995719 -0.9974630848661150129 0.07118560776869871376 -5.981811639457958472e-05 -19.5673886014013334 -6.831921492026510486e-05 -0.0001169868360368399849 0.999999990823282503 0.4813368721423849639
0.05803105736068234211 0.998314771687900282 0.0001140770306547511567 103.0766861356134854 -0.9983147756553758523 0.05803106500140044893 -6.484745397364316674e-05 -21.22883447293177284 -7.135818278933185133e-05 -0.0001101216189442906751 0.9999999913906190141 0.4812291549858519479
0.0487018598512089021 0.9988133535755666648 0.0001164834568239372285 103.1374154388133775 -0.9988133579855864586 0.04870186745848784082 -6.338647432540034702e-05 -22.91050212195672842 -6.898421886763059154e-05 -0.0001132581934710279544 0.999999991206879324 0.48112352486336879
0.03937862664512752076 0.9992243541242146199 0.0001178593329223654276 103.1857003679004947 -0.9992243590070895021 0.03937863387813965443 -5.969082645343430643e-05 -24.68992541245871664 -6.428566703034508734e-05 -0.0001154173736233049118 0.9999999912730912488 0.4810251825199038378
0.02970819325680018955 0.9995586092148824875 0.0001000002953465347635 103.1958957589565529 -0.9995586120471202651 0.02970819963588245891 -6.292107373064774294e-05 -26.53307811702706687 -6.586412968631541606e-05 -9.808688500256895944e-05 0.9999999930204395149 0.4808992480997585361
0.01882212601071716479 0.9998228434224979422 9.667067983859939102e-05 103.1917382924419115 -0.9998228461661221589 0.01882213189375729623 -6.031153500780072203e-05 -28.40557268266415392 -6.212039870885618161e-05 -9.551836294522583748e-05 0.9999999935086488767 0.4807833597171548567
0.003099535139988908537 0.9999951929277760554 8.369879598765442167e-05 103.1396051276010724 -0.9999951946183486262 0.003099540162452959092 -5.994351388153643643e-05 -30.27121962124174814 -6.020265350844857249e-05 -8.351259675530572977e-05 0.9999999947006430467 0.4806529210244231409
-0.01286684133457699671 0.9999172133107778748 0.0001045041219666724397 103.0684416748661079 -0.9999172169960726109 -0.01286683501287977545 -6.094106024049154147e-05 -32.14287527555822521 -5.959137783636553337e-05 -0.0001052795897544085907 0.9999999926825375862 0.4805634279318586333
-0.031972971106620722 0.999488727664779808 0.0001113188539277383283 102.9683753710808247 -0.9994887321385672596 -0.03197296430898601688 -6.231828047444628921e-05 -34.0807924493165828 -5.872722511811241967e-05 -0.0001132544407563773289 0.999999991862272064 0.4804818886452198456
-0.05403974067291465039 0.9985387772497960057 0.0001294554705307616788 102.8499981655313604 -0.9985387842749534615 -0.05403973336236054387 -5.932162950619430659e-05 -35.99899818625306835 -5.223920828179940621e-05 -0.0001324720336363383044 0.9999999898611123816 0.4804047318295769919
-0.08043559237587735722 0.9967598000030373218 0.0001287605497934201347 102.6748439174924101 -0.9967598071698970941 -0.08043558540743578344 -5.842110093206905351e-05 -37.90496881003390683 -4.787487468098939729e-05 -0.000133042476643901314 0.9999999900038475387 0.4803275409173716759
-0.1050646672713607954 0.994465384534245711 0.0001210642205817031496 102.4400187004059575 -0.994465390758165424 -0.1050646605296577246 -6.078017421750658877e-05 -39.89143507182031811 -4.77242080875669113e-05 -0.0001267800262084738702 0.9999999908246122171 0.480226475865527469
-0.1272010352891105311 0.9918769487036762644 0.0001235066643664208788 102.1642581712539481 -0.9918769554757903562 -0.1272010288301925196 -5.88459890831677005e-05 -41.86588192366143346 -4.265780532046820414e-05 -0.0001299886849667264757 0.9999999906416265905 0.4801527127402360762
-0.1342032882968230145 0.990953815128743587 0.0001170228201126906407 101.8503191183733634 -0.9909538210132596836 -0.1342032818506498082 -6.133488614738822166e-05 -43.87103812969820638 -4.507519291770016384e-05 -0.0001241955541447088923 0.9999999912718456896 0.4800696322831243812
-0.1329880066212952572 0.9911176406336008604 0.000111901792992741484 101.5238669976227897 -0.9911176459460745436 -0.1329880005552778743 -6.004043337529647249e-05 -45.83592710334934139 -4.462553696088745689e-05 -0.0001188924991993702625 0.9999999919365673007 0.4799685431971486005
-0.124168595751238911 0.9922611282664250965 0.0001147294169909245836 101.2074945150594374 -0.9922611338828644101 -0.1241685895608986706 -5.96169628068512404e-05 -47.86430402403001949 -4.490980488963640648e-05 -0.0001212440959478153734 0.9999999916414893386 0.479885530648905434
-0.1107443696695395996 0.9938489170126155736 0.0001214149088626134514 100.9308690481573336 -0.9938489234216976165 -0.1107443632305175618 -5.855281625862341439e-05 -49.86699412384402308 -4.474663625799010953e-05 -0.0001271524711893895943 0.9999999909149935862 0.4798234456551042082
-0.09685872252724812836 0.9952981322144371923 0.00012602807220483088 100.6739696082633628 -0.9952981388180606181 -0.09685871496000771075 -6.483697366471709007e-05 -51.98251656013323441 -5.232520166428260847e-05 -0.0001317155321459936607 0.9999999899565455985 0.4797461700399417994
-0.08565532818708675167 0.9963248222782717933 0.0001151849168648993652 100.4181828386869455 -0.9963248276291142291 -0.08565532157963140492 -6.113213567598091782e-05 -54.10628465020987932 -5.10412631176768584e-05 -0.0001199978855849984099 0.9999999914976479554 0.4796218845024939337
-0.0744027523514649014 0.9972282676970400939 0.0001120299937886821864 100.1819378477849511 -0.9972282727992658469 -0.07440274630359312857 -5.722332150150829491e-05 -56.21365744084879879 -4.872937456656750103e-05 -0.0001159770498260050343 0.9999999920873855475 0.4795040032468365077
-0.06582758617157992431 0.9978310062797746127 0.0001086634624386586005 99.96479078807288943 -0.9978310109033500241 -0.06582758015179837607 -5.807916809937278422e-05 -58.34507116105690727 -5.080014196523660564e-05 -0.0001122509840162600809 0.9999999924095309689 0.4794044971833428259
-0.05578928972104288397 0.9984425586352591031 0.0001107272834026369824 99.76992529314074432 -0.9984425632850947308 -0.05578928323605023692 -6.081882885302362278e-05 -60.47610862399167786 -5.454671131750471745e-05 -0.0001139478719294998864 0.9999999920202692349 0.4793003491320182441
-0.04915769998291168869 0.9987910209170507425 0.0001306525856255922994 99.61384101655116297 -0.9987910279331811969 -0.04915769224837174267 -6.176751782745899257e-05 -62.63063849193617472 -5.527026259476299592e-05 -0.0001335309794091646949 0.9999999895573375985 0.4792223300316028611
-0.04288623754639816349 0.9990799519524742323 0.0001422602828820931399 99.49414344293690249 -0.9990799607097978763 -0.04288622959318656724 -5.849463227194032228e-05 -64.72004489427773422 -5.233980724605467779e-05 -0.0001446380125272100025 0.9999999881701946425 0.4791412208494141844
-0.03379562927479695666 0.999428755517682843 0.0001344936015864418909 99.3859690209069413 -0.9994287631337818167 -0.0337956217131875139 -5.810448011444234814e-05 -66.74132810604632482 -5.352599336871950296e-05 -0.0001363804513520978055 0.9999999892676700863 0.4790155481709619245
-0.02366796944980630035 0.999719865846606659 0.0001305986147563562255 99.3023669476741162 -0.9997198728134942813 -0.02366796190474487402 -5.901930828060876217e-05 -68.73442541811982665 -5.591177191778384369e-05 -0.0001319588977191771793 0.999999989730361194 0.4789188717107699667
-0.004661492734699837145 0.9999891281193740156 0.0001188729187910264926 99.23118200583932946 -0.9999891332714921921 -0.004661485339219006117 -6.241469534693363998e-05 -70.77023077009197038 -6.185989241364201277e-05 -0.0001191625726801893439 0.9999999909868169112 0.4787798386418973262
0.02134788399152076979 0.999772101551579917 0.0001131832785261179853 99.18790675829602321 -0.999772106035509589 0.02134789083481037839 -5.960251136744463478e-05 -72.68329189505202237 -6.200515232188359498e-05 -0.0001118850972417851709 0.9999999918185427106 0.4786482183713966498
0.05340713277576007723 0.9985728132839021276 0.0001214132520902738515 99.23133990622525857 -0.9985728183906725786 0.05340714046551939959 -6.099866798004020569e-05 -74.60568558299635811 -6.739594610016022514e-05 -0.0001179822093698074982 0.999999990768992042 0.4785565702394422583
0.08800515183605255032 0.9961200108164058875 0.0001315434129201528744 99.34405917706698119 -0.996120016684369225 0.08800516075217319767 -6.359204942134159561e-05 -76.51933575940925891 -7.492181215735178358e-05 -0.0001254365987078506404 0.9999999893261906081 0.4784452579683430296
0.1270014625237267936 0.9919025211709122658 0.0001304371684671377398 99.50998283643701825 -0.99190252677253965 0.1270014712291984982 -6.074621643499146105e-05 -78.28522637046609134 -7.682003753175926214e-05 -0.0001216660986575826157 0.9999999896480207262 0.4783001499166287251
0.1689924314743742884 0.9856173406416305349 0.0001262265092787140971 99.7378798894081342 -0.9856173457066149668 0.1689924395929884859 -5.661174463302278098e-05 -79.95821757272092611 -7.712884293859992692e-05 -0.0001148440806575567514 0.999999990430989083 0.4781648513419070601
0.2096040249390841992 0.9777863451193610222 0.000126608413087216646 100.0334494046380627 -0.9777863496924894537 0.2096040335530406917 -5.895392567688119905e-05 -81.59611616133760492 -8.418197758286630032e-05 -0.0001114389979650744829 0.9999999902473721836 0.4780229914339229613
0.2503348330448285641 0.9681593126777667813 0.0001290037379982006481 100.3999985019373042 -0.9681593167915347742 0.2503348424836367991 -6.285438572369130082e-05 -83.21269591221471273 -9.314718931261213044e-05 -0.000109161528687616615 0.9999999897036805363 0.4778781817533434007
0.2868026382294412424 0.9579896812714262522 0.0001314699045029017743 100.8057689007777213 -0.95798968533657336 0.286802648004336691 -6.235917032688222735e-05 -84.73175300873241156 -9.744535845011000703e-05 -0.0001080620378784153529 0.9999999894134987688 0.4777309762458735176
0.3256831464020180089 0.9454789648698621596 0.0001230468526662972697 101.2436582693236033 -0.9454789674569917812 0.325683155711676775 -6.468675771583275581e-05 -86.20224541880928371 -0.0001012342560027025979 -9.52708244243259542e-05 0.9999999903375472732 0.4775641577963979367
0.3701972210340803149 0.9289531751429986883 0.0001262244754456158231 101.742201814980163 -0.9289531777805679624 0.3701972306137008561 -6.276594218492273188e-05 -87.6034123129111606 -0.0001050345725291599431 -9.402085020644594725e-05 0.999999990063908939 0.4774157358054540445
0.4247585449649268763 0.9053066653300895217 0.0001420930130077557169 102.3494326496951174 -0.9053066696585526651 0.4247585558013911577 -5.610248872612564914e-05 -88.96045723789463011 -0.0001111451799800103677 -0.0001048077409075804197 0.9999999883310429771 0.4772987089381575676
0.4867505229704223169 0.8735410188586349989 0.0001294668704160693363 102.9692689432820032 -0.8735410204562911174 0.4867505332225204873 -6.316649473904028785e-05 -90.21287031824004998 -0.0001181965923817426085 -8.234829775009934797e-05 0.9999999896241613673 0.4771044364043541264
0.5533839202145257596 0.8329262997392747891 0.000126699943887891432 103.6590223052460686 -0.8329263003342627369 0.553383930218244835 -6.316580532308180306e-05 -91.34967532614842867 -0.0001227261734049183849 -7.057677454190554409e-05 0.9999999899786023994 0.4769353277256800916
0.6223570543455003712 0.7827334678522769318 0.0001233392597176043626 104.4345019171756519 -0.7827334669255741062 0.6223570641424824856 -6.684948458926252596e-05 -92.43315638614147645 -0.0001290863884680462409 -5.493751805330594128e-05 0.9999999901592864227 0.4767525010784637862
0.6931038101344104696 0.72083777074579658 0.0001290179291806160095 105.28704802556922 -0.7208377695626477788 0.6931038204295392191 -6.387610246703265781e-05 -93.40347591395709514 -0.0001354671269252586156 -4.872822630771056604e-05 0.9999999896371084551 0.4765979022666385068
0.7677709833960790764 0.6407243533425889259 0.000141742624024784441 106.2506598658064121 -0.640724353377973177 0.7677709947483667419 -5.112449613063962337e-05 -94.24205103150237051 -0.0001415825851690223017 -5.156604645452697979e-05 0.9999999886476569344 0.4764716557489037663
0.8300628162814809308 0.55766988558978281 0.0001404826238757720487 107.3202667755111861 -0.5576698843761427327 0.8300628273992043393 -5.130468644410320143e-05 -95.00868808066246629 -0.0001452204825942850588 -3.575681609542833784e-05 0.9999999888162305339 0.4762675652279645955
0.8796047048672952506 0.4757053135925956022 0.0001334066021361009387 108.3682121190261824 -0.475705311220172844 0.8796047147875500904 -5.101630759234245985e-05 -95.5947232622961991 -0.000141613804824252857 -1.858804500479810826e-05 0.9999999898000071497 0.476092415854620199
0.9166228101889987157 0.3997531826282720302 0.0001296997410996634549 109.4743649570570483 -0.3997531788818471377 0.9166228193635855837 -5.475437916194653446e-05 -96.09225184911348094 -0.0001407739796903239443 -1.658770907165628112e-06 0.9999999900899673166 0.4759071566615319937
0.9427204118066292438 0.3335838855813050285 0.0001282413768383000878 110.5714558979586286 -0.3335838804744030162 0.9427204204288238687 -5.996977039219614388e-05 -96.49757602266068091 -0.0001409007137142210067 1.375547051697973933e-05 0.9999999899788877267 0.4757381188200828781
0.9619793805418846988 0.2731220506196299636 0.0001299223337921902386 111.7181457051722333 -0.273122043190315078 0.9619793887158464285 -7.219187496728971605e-05 -96.85286831256244966 -0.0001446998001710894134 3.396244189981349206e-05 0.9999999889542598996 0.4755399221735767123
0.9751190452538968101 0.2216818205118832041 0.0001343126896165902976 113.0015802204718085 -0.2216818137525647381 0.9751190539751951603 -6.3467520996539524e-05 -97.15395323926534843 -0.0001450404584336825969 3.211370783458633647e-05 0.9999999889659872965 0.4753684894487968937
0.9828149263084274834 0.1845936163529656726 0.0001320201767460898502 114.2383464782272853 -0.1845936098068635955 0.9828149345572402273 -6.026567461396512015e-05 -97.39419260928879396 -0.0001408760601878865598 3.485992356175096754e-05 0.9999999894693604174 0.4751872194336673738
0.9866171593593929812 0.1630538678703838396 0.0001305080155319839205 115.6154107808048366 -0.1630538595563916227 0.9866171667331959938 -7.206495659236192915e-05 -97.65002256935655112 -0.0001405119184304338205 4.982068712697870912e-05 0.9999999888871496934 0.474971611166409069
0.9872861680760994796 0.1589528411599087643 0.0001288993296769803498 116.9531597449212796 -0.1589528330782544463 0.9872861752563949489 -7.075470388907434025e-05 -97.87942576479390766 -0.0001385071873984955188 4.936622684195941595e-05 0.9999999891893670556 0.474780852943179621
0.9843584078957910988 0.1761774893522822516 0.0001305856891482721235 118.2830965189571799 -0.1761774824637864778 0.9843584158005725948 -6.259026807519834691e-05 -98.11804495684866367 -0.000139570118383593937 3.860499867233183443e-05 0.9999999895149177531 0.4746005072838047623
0.9806896955235285818 0.1955702015399198301 0.0001317795006769441584 119.7032698400221307 -0.1955701945553210142 0.9806897036768256193 -6.40787525108586309e-05 -98.41334407177538424 -0.0001417666940125276878 3.706922970360852434e-05 0.9999999892640381027 0.4743834074483140872
0.9750457016507813046 0.2220041931540591984 0.0001338528421136460193 121.1310803296372285 -0.2220041867298224725 0.9750457103760920008 -6.126862758585277611e-05 -98.73509868321382044 -0.0001441145317574126622 3.002382061871295996e-05 0.9999999891647857186 0.4741841437063460396
0.9665333558511106649 0.2565409414468606264 0.0001318748696431625001 122.5241663792431268 -0.256540935326626196 0.9665333645035468768 -6.168813540049778972e-05 -99.11280210319426942 -0.0001432869937814176548 2.579233812050699216e-05 0.9999999894017961299 0.473975795279384271
0.9533769582226759853 0.3017819718739306323 0.0001303234146596157588 123.9290701138857287 -0.3017819658762339041 0.9533769668848226519 -6.393437125219936712e-05 -99.56515122796402295 -0.0001435415824092662002 2.16243001146186881e-05 0.999999989464101624 0.4737616282480949237
0.9341741073499484349 0.3568174885189069889 0.000130561170363638709 125.2608942322294752 -0.3568174833772976839 0.9341741164099133243 -6.1549020680397434e-05 -100.0774527190187371 -0.0001439286329418740511 1.09109932164255868e-05 0.9999999895827491603 0.4735630395801999626
0.907923687002136548 0.4191354934672419374 0.000129223258731089131 126.5397882691091809 -0.4191354886412657632 0.9079236961907344305 -6.371055572014202098e-05 -100.668446469397395 -0.0001440282139117759987 3.682268958314650859e-06 0.9999999896211569927 0.4733512463474546794
0.8788024212891025755 0.4771858003254287328 0.0001276966064544777873 127.7656299733758232 -0.4771857960191275283 0.8788024305554206217 -6.426281461808588003e-05 -101.3457684673539205 -0.0001428853907505701231 -4.460689714694650109e-06 0.9999999897819333849 0.4731484316351381447
0.8474039276102618423 0.5309487444265843514 0.0001194352047570265577 128.9321428584097191 -0.5309487382300434044 0.8474039360092741058 -8.130281340007631315e-05 -102.1254973555068659 -0.0001443774893022973052 5.482352134998755632e-06 0.99999998956254188 0.4729244577817453554
0.8179406254254998343 0.5753026311758713263 0.0001258685591329010661 130.092874911657816 -0.5753026271593039143 0.8179406349651685559 -6.970374621084891029e-05 -102.9631613342508416 -0.0001430537577772325109 -1.539898697571212701e-05 0.9999999896492465234 0.4727409876896468965
0.7912104695709654134 0.6115439277948290231 0.0001312280378158995795 131.2248922541024001 -0.6115439254828914928 0.7912104798307246778 -6.175145890310053648e-05 -103.8684436336858283 -0.0001415927284922254828 -3.139330858393822376e-05 0.9999999894829794123 0.4725513300003226225
0.7681320444758787946 0.6402914538051298621 0.00012820160800608679 132.3400163307736648 -0.6402914511603805536 0.7681320545357711582 -6.608949710190686238e-05 -104.8436667023520386 -0.0001407923047331349287 -3.132093310404121669e-05 0.9999999895982627507 0.472340140836968625
0.7504210190297634364 0.6609601176485319085 0.0001306851286067484737 133.4755473499574805 -0.6609601158329682091 0.75042102938191102 -6.278292003023524723e-05 -105.8794464085894589 -0.0001395658749434863105 -3.926403491480954399e-05 0.9999999894898508046 0.4721385813584382252
0.7403347286546465567 0.6722384047659439865 0.0001292587424452512081 134.6066545103525129 -0.6722384029451271559 0.7403347388657709471 -6.35339922252666742e-05 -106.9479449621420457 -0.0001384047269162481811 -3.985626969365198578e-05 0.9999999896278044531 0.4719200795077607147
0.7338768432109802342 0.6792825334682758287 0.0001368423899193782001 135.7488719309795329 -0.6792825336531498337 0.733876853937615814 -5.225530990468915069e-05 -108.0285653166370565 -0.0001359215818985649252 -5.460568346172270599e-05 0.9999999892717711392 0.4717201056201741349
0.7301220891957784787 0.6833167023634166837 0.0001383539303917573923 136.8747835018601506 -0.683316702882815652 0.7301221000473091527 -5.085368630739301929e-05 -109.1114937137189145 -0.000135764435438020598 -5.741015185611371706e-05 0.9999999891360460413 0.4715082645891699453
0.7288109047245816541 0.6847150117286288085 0.0001336795909321081971 138.042994617555081 -0.684715010758249254 0.7288109154202204731 -6.007414881211967827e-05 -110.2502365189484976 -0.0001385608165487083163 -4.774972779691673361e-05 0.9999999892604315432 0.4712816501392572133
0.7273118373496034739 0.6863071271805354368 0.0001357739919637757173 139.2497775861478715 -0.6863071263705191605 0.7273118483265738066 -5.982520897837325904e-05 -111.4246828711746815 -0.0001398085003567736467 -4.967107559862822075e-05 0.9999999889931834307 0.4710581822525163331
0.727215933998139108 0.6864087478197785641 0.000127506590577054947 140.4472209693413447 -0.6864087454703343694 0.7272159441898656818 -6.826504724336062921e-05 -112.610934690360196 -0.0001395825512550968471 -3.787820878668824776e-05 0.9999999895409761308 0.4708063180011641813
0.7282305829909981876 0.6853321822075645331 0.0001342737539180740409 141.6875489035767828 -0.6853321816885353801 0.728230593621805089 -5.707449791422444796e-05 -113.8103123447004776 -0.0001368972457275438094 -5.045872982618903636e-05 0.9999999893565301168 0.4705963931548927115
0.7303924874872680384 0.6830276673804892562 0.0001407734396621002537 142.9541199177161559 -0.6830276684977013568 0.7303924984659194708 -4.747145078493014258e-05 -115.0121905273008593 -0.0001352441786092413239 -6.147936325537163636e-05 0.9999999889646498108 0.470374855975984274
0.7304461388937704136 0.682970293207538437 0.000129512255384591705 144.252828695111134 -0.6829702912073281063 0.7304461492658954613 -6.597753427316361532e-05 -116.2790880603589869 -0.0001396624241560692412 -4.025998761136870496e-05 0.9999999894367701536 0.4701000881124767217
0.7305194548925428855 0.6828918741876176535 0.0001191396555131868075 145.5935340735600221 -0.6828918691180672074 0.7305194643604505655 -8.535329838538322248e-05 -117.5981494011766699 -0.0001453209112320711608 -1.900725702971207856e-05 0.9999999892602781104 0.4698165941452223104
0.7299745619399183871 0.68347430347671978 0.0001241364954626733358 146.9366356717162887 -0.6834743002116360211 0.7299745718340806544 -7.367562395735576929e-05 -118.8980124558461 -0.000140971880891814776 -3.106277304315467825e-05 0.9999999895810162132 0.4695741405171658944
0.7294023608035323791 0.6840849190165012583 0.0001401094330041327627 148.3188065717000086 -0.6840849198089744565 0.7294023718247267807 -4.96854569829069967e-05 -120.2165216961231522 -0.0001361852245646818843 -5.960606062017832242e-05 0.9999999889503508044 0.4693479487947334605
