0.9999806747146977592 0.006216928271891146787 0 -0 -0.006216928271891146787 0.9999806747146977592 -0 0 -0 0 1 0.4949999999999999956
0.9999818051759935544 0.006032356022064979187 -1.308398673476641897e-07 -0.001377374260269396316 -0.006032356022090662635 0.9999818051759826742 -1.964578575795049317e-07 -0.0002148153608900173152 1.296523829991086449e-07 1.972435557250483341e-07 0.9999999999999721334 0.4949962524360314586
0.9999815998750393176 0.006066292832900896728 -2.203431566580676973e-06 0.001671186861935781498 -0.006066292839866764715 0.9999815998724047583 -3.168547632468270114e-06 -0.001043680263992942262 2.184169685364427268e-06 3.181855991931874415e-06 0.999999999992552624 0.4949900159864852323
0.9999808342836482566 0.006191208437957619951 -2.385237286399484023e-06 0.005690903350086326876 -0.006191208443598298847 0.9999808342836620234 -2.364729758270582712e-06 -0.002227994019786862755 2.370551036784532141e-06 2.379451937759153994e-06 0.9999999999943594009 0.4949926489171131427
0.999980562077374735 0.006235019340230325315 -1.864824297584806226e-06 0.003053409443063434883 -0.006235019342225793341 0.9999805620785328086 -1.066141419191472912e-06 -0.003917427058844234408 1.85814063691414238e-06 1.077747911172590499e-06 0.9999999999976928455 0.4949940278189670084
0.9999785272003121062 0.006553254123279101014 -9.608572799197010872e-07 -0.00255743992937308923 -0.006553254122907910088 0.9999785272007004622 3.88998566913721534e-07 -0.003163186324407466291 9.633858540867057812e-07 -3.826934720943692006e-07 0.9999999999994627631 0.4949958680453002136
0.999981762591896195 0.006039411049225302391 1.264693755524775868e-07 0.001132024723040908967 -0.006039411049411827666 0.9999817625907324592 1.530066565537075344e-06 -0.001447244453858055613 -1.172263681558335136e-07 -1.530802461632888357e-06 0.9999999999988214983 0.4949985329022018044
0.9999805888553009448 0.006230723460084194344 5.021940634005040778e-08 0.002426153453238964492 -0.006230723460114452258 0.9999805888551061006 6.258015281902145256e-07 -0.003191435052184080686 -4.631923525888265495e-08 -6.261022838995777341e-07 0.9999999999998029354 0.4949966147714749964
0.9999802293293680311 0.006288159715104978467 -1.218234249189381775e-07 0.001817778312453668553 -0.006288159714957001351 0.999980229328680581 1.179542776487856088e-06 -0.002421643487182982123 1.292381697588901825e-07 -1.178753410983048888e-06 0.9999999999992968958 0.4949993806494288329
0.9999808693950756888 0.006185535229416442259 -1.646981903595580062e-07 0.001082040752620912032 -0.006185535229133063036 0.9999808693936980131 1.669090634002234839e-06 4.386134424589422704e-05 1.750192584991456863e-07 -1.668039956830286946e-06 0.9999999999985934585 0.4950003398891821838
0.9999789012889290785 0.006495920197991705142 -1.791973373023078503e-08 -0.001447814578037385927 -0.006495920198008939619 0.999978901288164912 -1.236279750185747281e-06 -0.0009984116153107650601 9.888581047169051811e-09 1.236370071436777931e-06 0.9999999999992356114 0.4949936909421271958
0.9999800614925546949 0.006314793707827307152 -8.259054734211622297e-08 -0.0002467993618143333426 -0.006314793707925580972 0.9999800614917778718 -1.248717630005494709e-06 -0.0008559685365008692579 7.470350637608806792e-08 1.249214274708476297e-06 0.9999999999992169597 0.4949955135127885875
0.9999805508005857879 0.006236827940023881994 -1.907311227280989417e-07 -0.0003073159613052037415 -0.006236827940106039365 0.9999805508005098487 -4.329919062869937613e-07 -0.0002972173118828259995 1.880269171431593514e-07 4.341730421356273916e-07 0.9999999999998880895 0.4949979391474763069
0.9999784236498904244 0.006569036220888873484 -2.039842353145721423e-07 -0.000901093881179199324 -0.006569036220384691718 0.9999784236470792287 2.38130293771289928e-06 0.003308594383087880633 2.196226993301995162e-07 -2.379911578056761518e-06 0.9999999999971438402 0.4950047370655550338
0.9999775007779773128 0.006708050383117779812 -3.474657417849891432e-07 0.01436403634865860909 -0.00670805038336212342 0.9999775007777862434 -7.067625738017234873e-07 0.0008003332243813490818 3.427169251219819594e-07 7.090774898960959453e-07 0.9999999999996899147 0.4949974743702527658
0.9999788632669769362 0.006501770644748621278 -1.94785426920711728e-08 0.0497856197314506671 -0.006501770644775507757 0.9999788632595902893 -3.843583541967385573e-06 -0.005083244342539428896 -5.511967666003318159e-09 3.843628946185283907e-06 0.9999999999926132421 0.494988989410392155
0.9999810665332020676 0.006153582466905402684 -4.191320807415984645e-07 0.06826040654803432195 -0.006153582468971965751 0.9999810665201602777 -5.121854459123031651e-06 -0.01134334154536038169 3.876063913084141183e-07 5.124336648486426632e-06 0.9999999999867954514 0.4949871184420607251
0.9999831125841661672 0.00581158710549193637 -2.007776368338507721e-06 0.06459756504857598614 -0.005811587107374049758 0.9999831125857356895 -9.328305935567159015e-07 -0.01215495718527564994 2.002321235937895368e-06 9.444832077157450481e-07 0.9999999999975492937 0.4949953252521328007
0.9999815332356305486 0.006077268007594125235 -1.874612818589219128e-06 0.06180107427251702035 -0.006077268003750124596 0.9999815332353108044 2.049505939196017479e-06 -0.01092598277985557843 1.887033597429807495e-06 -2.038075566952097332e-06 0.9999999999961426411 0.4950010138357020528
0.9999779950393068439 0.006633960921061260625 -1.377930386996782101e-06 0.0572997779379488606 -0.006633960918033199317 0.9999779950378768767 2.190642357157823898e-06 -0.01058631345190036779 1.392432701479920966e-06 -2.181453015823942532e-06 0.9999999999966512343 0.4949972573177870427
0.9999789643819371188 0.006486200291295343874 -1.281655866025886957e-06 0.05539899810130660684 -0.006486200289805611925 0.9999789643820916618 1.163141542747845449e-06 -0.009995597037064844412 1.289173274616509027e-06 -1.154803998696592525e-06 0.9999999999985021981 0.4949935692600417325
0.999979657275938516 0.006378482195602630002 -1.1873899494597118e-06 0.05866510134681281879 -0.006378482192685434003 0.9999796572736739941 2.444635828662899643e-06 -0.005899769897780798508 1.20295886081732201e-06 -2.437012352463126743e-06 0.9999999999963069541 0.4949980642688703303
0.999981314979143443 0.006113075579349854481 -1.333090857663886815e-06 0.06248694922985244954 -0.006113075578081474983 0.9999813149795852008 9.534992226440041179e-07 -0.004564944799850170071 1.338894761646862286e-06 -9.453321213258058495e-07 0.9999999999986568522 0.4949928852778054944
0.9999797728299010258 0.006360340354439732689 -1.966729247066796652e-06 0.06370756090867932264 -0.006360340357541278619 0.9999797728305753752 -1.574772003653624328e-06 -0.006066435212322637133 1.956673379776673665e-06 1.587249217875593145e-06 0.9999999999968259834 0.494986032372283502
0.9999811242747836948 0.006144191674214834371 -2.245669048186115061e-06 0.06510604672561041972 -0.006144191679454421781 0.9999811242745498818 -2.333772743033433148e-06 -0.007669174908742064194 2.23128751249489482e-06 2.347526512462574014e-06 0.9999999999947551954 0.4949852051458514812
0.9999805189675268213 0.006241929280999859893 -2.553354523571557371e-06 0.06615035361974340444 -0.006241929283419675109 0.9999805189703289132 -9.408147577334562212e-07 -0.007392810652584306565 2.547432282408299905e-06 9.567342880721745741e-07 0.9999999999962976283 0.4949882518970179501
0.9999795647088186579 0.006392977575429237454 -2.171319990344215721e-06 0.09367747947449688029 -0.006392977582653970418 0.9999795647055623737 -3.336844980483039252e-06 -0.01192512231679263186 2.14994324364911121e-06 3.350657991106550954e-06 0.9999999999920754501 0.4949825332561497149
0.9999762034680760303 0.006898731322565959147 -2.438222110411116079e-06 0.131752267072445084 -0.006898731337338557222 0.9999762034523219656 -6.103170984301179564e-06 -0.02234360659368985619 2.396059952306972589e-06 6.119846389278134149e-06 0.9999999999784031646 0.494976889420942423
0.9999806189459754524 0.006225891423810291439 -3.261220481355366188e-06 0.1730747241418651439 -0.006225891424756951724 0.9999806189512481236 -2.80192431928797038e-07 -0.02460475564881526092 3.259412827820073291e-06 3.004910061678676455e-07 0.9999999999946429519 0.4949897565070284777
0.9999747240893287481 0.007109934064366320479 -4.72272684303927668e-06 0.2125799796081859483 -0.007109934099351124595 0.9999747240726089004 -7.432729798027701253e-06 -0.04236559912497415981 4.669761252955496578e-06 7.466120205637016102e-06 0.9999999999612252388 0.4949668100797249282
0.9999650102437920296 0.008365302021301191521 -3.529620277384735304e-06 0.2931021573052075557 -0.008365301997323481079 0.999965010227411355 6.754235195687844476e-06 -0.03434898862852235613 3.585997994108715599e-06 -6.724472527088788246e-06 0.9999999999709610066 0.4950029848021864076
0.9999463198605651471 0.01036134128903851148 -2.497478438053433531e-06 0.4054775588607310577 -0.01036134126594260782 0.9999463198226093974 9.089742274699437683e-06 -0.03273834651001695378 2.591526294905418474e-06 -9.063377109665696945e-06 0.9999999999555695407 0.4949926214260176316
0.9998616409767743241 0.01663426897681824848 -1.035456658092617318e-06 0.5460171271127814974 -0.01663426896437788724 0.9998616409165158592 1.104472489502300848e-05 -0.02051036067808177654 1.219034317937101528e-06 -1.10259726931230755e-05 0.9999999999384709959 0.4949961353186658752
0.9996303009981067911 0.02718936053750995591 -1.492826386118563993e-06 0.6856661311441342166 -0.02718936053855910973 0.9996303009989568888 -6.870281288234190622e-07 -0.02729185364775754338 1.473594634200890569e-06 7.273631300435798399e-07 0.9999999999986497468 0.4949713335122464808
0.9993935780523279799 0.03482062809968580058 -2.956667013110271496e-06 0.8219449789091006764 -0.0348206281245895255 0.9993935780167676475 -8.836574888448302972e-06 -0.0466284203897540106 2.647178937370745447e-06 8.93416919804545117e-06 0.999999999956586505 0.4949618823999839545
0.998859746595042286 0.0477410369673819529 -4.857940241899876232e-06 0.9552025680740746649 -0.04774103698945646873 0.9988597465955092458 -4.534229337257531627e-06 -0.06165591428605798896 4.635932148591626353e-06 4.760982271597987035e-06 0.9999999999779205506 0.4949723731104563318
0.9981741854325447694 0.06040112188736659893 -3.613337025511848182e-06 1.146207246295065652 -0.06040112193553529019 0.9981741853208380144 -1.517375890983181792e-05 -0.1017289751669573916 2.690227680327646874e-06 1.536430405004331524e-05 0.9999999998783504207 0.4949565613050255219
0.9970942798847342026 0.07617740487665525251 -3.103915848501315116e-06 1.381201526510007715 -0.07617740491158001004 0.9970942797973383342 -1.336402573375155998e-05 -0.1417650122521615375 2.076859938410910205e-06 1.356164186975882721e-05 0.9999999999058842848 0.4949599372745268067
0.9958385092323893684 0.09113541309176989569 -3.554939448555169955e-06 1.601487766521494605 -0.09113541310169281928 0.9958385092340661382 -2.736693840429051076e-06 -0.1779592051972874178 3.290735877213349511e-06 3.049285989473908652e-06 0.9999999999899364944 0.4949872835477168165
0.9941864461208810289 0.1076722357099486327 -2.99778001802520056e-06 1.849071255458196283 -0.1076722356947997367 0.9941864461153340216 4.824775577774649513e-06 -0.2116480883929714174 3.499846635613791214e-06 -4.473948808336629184e-06 0.9999999999838674603 0.4950008712456441251
0.9918500953457497493 0.127410314953520315 -2.8818076508861287e-06 2.095776298326834652 -0.1274103149654615963 0.9918500953385092078 -4.430005360936037374e-06 -0.2641043803161416403 2.293892814996008836e-06 4.761073260095868906e-06 0.9999999999860351707 0.4949752563002972061
0.9895387480545271286 0.144267342427414097 -3.13741642226039517e-06 2.35966296602548109 -0.1442673424611931321 0.9895387478651662683 -1.936121825364892153e-05 -0.3336484645851933162 3.114036144041062138e-07 1.961130240095982215e-05 0.9999999998076499752 0.494949511610721149
0.9863862817462212274 0.1644448332169146654 -3.654886947532826204e-06 2.651582708061194005 -0.1644448332486795339 0.9863862812189024831 -3.229846792583391201e-05 -0.4325721205405411163 -1.706185826773231926e-06 3.245979295809271086e-05 0.9999999994717253538 0.4949182862528523352
0.9832851288510744414 0.1820723904782668434 -2.843974960003460568e-06 2.984650291579717063 -0.1820723904448464103 0.9832851280445468189 -4.00793140341224979e-05 -0.5557777594530539655 -4.500898232219371278e-06 3.992720278363793689e-05 0.9999999991927801535 0.494909118118102842
0.9802370334103039928 0.1978265864696329701 -4.35569036430349514e-06 3.319992926667842958 -0.1978265865151310199 0.9802370330508982654 -2.656268894497698933e-05 -0.6713566749739073858 -9.85197081846222767e-07 2.689940276751193304e-05 0.9999999996377257894 0.4949356660740925618
0.976953302684668845 0.2134531432591492972 -2.922298919665086411e-06 3.64825629274685026 -0.2134531429734445596 0.9769533004611917759 -6.689525769139535141e-05 -0.8519455019556314568 -1.142405344885813007e-05 6.59773168246610925e-05 0.9999999977582423316 0.4948080020785238231
0.9733228769780670753 0.229439702632889736 -3.017017722463514423e-06 4.023154273029471817 -0.2294397025625707631 0.9733228761428397435 -4.083212348228246874e-05 -1.017402366303907124 -6.431977902642228097e-06 4.043506354976689768e-05 0.9999999991618176987 0.494849203635924495
0.9702029035915140653 0.2422938832543641008 -1.532570462329024601e-06 4.449852472540987591 -0.2422938828561981561 0.9702029015935230705 -6.381385922834009619e-05 -1.267937488433989124 -1.397480344843369636e-05 6.228372396078412992e-05 0.9999999979627213209 0.4947179756398499828
0.9670894947899105754 0.2544364538236145168 -5.906947511245876103e-06 4.831167603965845103 -0.25443645337626003 0.9670894910898903962 -8.613384878519245061e-05 -1.565863210600634936 -1.620304417653838078e-05 8.480208308102343048e-05 0.9999999962730340419 0.4946429306965760553
0.9651186953963273307 0.2618127264218614303 -9.070571281371344677e-06 5.252364179007775746 -0.2618127263540436789 0.9651186925517513115 -7.488987622771775077e-05 -1.866309818892036176 -1.085294478079999478e-05 7.465241064005191294e-05 0.9999999971546156274 0.4946976545104990186
0.9613624581301304373 0.2752857135729291915 1.693896372503180944e-06 5.760985596778433582 -0.2752857122998003669 0.9613624542406585816 -9.045552525630886633e-05 -2.254279662542033602 -2.652956219069611574e-05 8.649424064239060589e-05 0.9999999959074643563 0.4946130320883856402
0.959428798066232158 0.2819510266740795079 -9.223543238005794987e-07 6.243567415606020354 -0.2819510258620488985 0.9594287950442613733 -7.910428512664674657e-05 -2.664587750705118108 -2.141860110828929098e-05 7.615498794875106333e-05 0.9999999968708306319 0.49453455792371942
0.9609303375698432514 0.2767903291482123884 -5.492207468556229699e-06 6.608539634945735486 -0.276790328955005549 0.960930335681296155 -6.13729933105790882e-05 -3.023302373345557292 -1.170982225285514491e-05 6.049536109151730566e-05 0.9999999981015956774 0.4945515912175135753
0.960844006455665256 0.2770898685541431927 -2.259649566553493628e-06 7.060606025329558832 -0.2770898680217936394 0.9608440040359182976 -7.035710327890656282e-05 -3.446131134447635969 -1.732406976215722803e-05 6.82283269972914114e-05 0.9999999975223859972 0.4944479304526787078
0.9621269673771664088 0.2726017216503786589 1.048417321296982493e-06 7.631446019076033593 -0.2726017212621528185 0.9621269661985111243 -4.980756372878257325e-05 -3.844656414752462226 -1.458633820032653298e-05 4.763539987643192121e-05 0.9999999987590536543 0.4944671141699877315
0.9643225559496744204 0.2647300664509834034 2.403748133602114183e-06 8.218721168094022644 -0.2647300661627208784 0.9643225552518061017 -3.878584498219910827e-05 -4.239091354170113846 -1.258576786187206028e-05 3.676572076545508966e-05 0.9999999992449400965 0.4944537173966058186
0.964764751197834336 0.2631139959100816661 2.154857522978117408e-06 8.758971150789559346 -0.2631139958152290403 0.9647647510152365102 -2.017139998780773121e-05 -4.567783670025545639 -7.386308235521950411e-06 1.889368251726604886e-05 0.9999999997942355945 0.4944720930549839633
0.9648564633469504104 0.2627774821300011276 5.026420296686399708e-06 9.31662470715391855 -0.262777482056557099 0.9648564633059717455 -1.195578032336063173e-05 -4.894970775786399386 -7.991483960822309645e-06 1.021478185002957419e-05 0.9999999999158971642 0.4944533206489603039
0.9648691403771268993 0.2627309306672883649 4.564847441159728753e-06 9.840512916555764988 -0.2627309306384094656 0.9648691395829438466 3.960527333684596646e-05 -5.118922287850700137 6.001049900242688466e-06 -3.941323265536195945e-05 0.9999999992052922559 0.4944794861641801376
0.9650227607251028461 0.2621661138946676517 3.178326162091394385e-06 10.33485161213005199 -0.262166113619548502 0.9650227589960441721 5.908906517177929887e-05 -5.301812513777068858 1.242399350782339843e-05 -5.785554221846681586e-05 0.9999999982491902806 0.4945002166978159641
0.9649544560510601166 0.2624174111127152709 9.712656222969643508e-06 10.90013673744561729 -0.2624174108367970382 0.9649544515334147476 9.464561002132389992e-05 -5.401129084622020571 1.546438509641118351e-05 -9.387747323412697065e-05 0.999999995473936365 0.4945066902635549821
0.9642371849502108239 0.2650408475942991338 1.637135371780268082e-05 11.48757987431269534 -0.2650408480944090872 0.9642371826922766509 6.600977357258073228e-05 -5.548383474000861071 1.709418351471807798e-06 -6.798815572264605485e-05 0.9999999976873442664 0.4944413101471353267
0.9635754600448437346 0.2674365955273274587 1.320428841017924576e-05 12.01557840513023123 -0.2674365958160231926 0.9635754579117173924 6.42712530350316027e-05 -5.666802222903113417 4.4651568507274031e-06 -6.546151215348044842e-05 0.9999999978474264362 0.4944529086402509876
0.9628952560979356923 0.2698753890112892129 1.386827923304578066e-05 12.54007652658054717 -0.2698753893522704561 0.9628952553198721898 3.88158671870045987e-05 -5.803255721702792691 -2.878253016047507818e-06 -4.111832163335848452e-05 0.9999999991504996411 0.4944217171561454127
0.9634039672000580534 0.2680537180205888048 1.551647681120597497e-05 13.12966829728691742 -0.268053718297627197 0.9634039670416109091 1.993830352564203334e-05 -5.965358078454745083 -9.604098923353646092e-06 -2.336789001996510492e-05 0.9999999996808515146 0.4944305471653991924
0.9653471584087359725 0.2609690852866822786 1.670460532911624031e-05 13.74459574650088989 -0.2609690857499010197 0.9653471576643828378 3.839779619959187156e-05 -6.099369454686853764 -6.105105523135714185e-06 -4.142658903098617011e-05 0.9999999991232827456 0.494457340285012259
0.9676768607231592823 0.2521933645290652115 1.052209002030452298e-05 14.29478692994679534 -0.2521933647356242036 0.967676860253968707 3.024199962685562653e-05 -6.230636116804705971 -2.555151398174450455e-06 -3.191808454717833535e-05 0.9999999994873535192 0.4944485775097297586
0.9694373459069124399 0.2453390148839748319 1.178791623792369088e-05 14.91899902069192052 -0.2453390151433043898 0.9694373453637286087 3.263239269373986631e-05 -6.360817387027000613 -3.42164714827357631e-06 -3.452709592401526203e-05 0.9999999993980860369 0.4944620380840720753
0.9713191113126716791 0.2377796959287872269 1.431810373328603039e-05 15.58435268170134513 -0.2377796961638554418 0.9713191111960178814 1.788393915552839508e-05 -6.514651628523785654 -9.655010177817301942e-06 -2.077556624266104645e-05 0.99999999973757836 0.4944173264851881022
0.9729570691959190665 0.2309860198590349689 1.155863216724040836e-05 16.22999083935034648 -0.2309860199615315912 0.972957069203284175 8.480545823496464058e-06 -6.674454924777413645 -9.28716535143542574e-06 -1.092108945012100034e-05 0.9999999998972392001 0.4943792916660690318
0.9744290661918826313 0.2246953377231788174 1.296592118819436443e-05 16.98065052529398145 -0.2246953375328052394 0.9744290662118653135 -1.465346055267547449e-05 -6.883995098029595638 -1.592693474368556757e-05 1.136537584501806721e-05 0.9999999998085804531 0.4943266642406907163
0.975410907248693837 0.2203941057924351243 1.242843345151792062e-05 17.7465438161696234 -0.2203941058540308529 0.9754109073065201363 3.808727567117942351e-06 -7.059122377722513164 -1.128340844298184434e-05 -6.454227889419237922e-06 0.9999999999155138042 0.4943620965380588483
0.9759816588502753243 0.2178527058462415567 1.206518406272595817e-05 18.50258860676846595 -0.2178527060498456625 0.975981658685799669 1.943984577332301826e-05 -7.211265310079201463 -7.540375350936723142e-06 -2.160136592269562943e-05 0.9999999997382618133 0.4944138105978311271
0.9777944117431958126 0.2095664289808248371 1.449950260064589899e-05 19.31963778291886413 -0.2095664291835915849 0.9777944117034248483 1.424868192269064431e-05 -7.391730015077300209 -1.119148722716892956e-05 -1.6970890543668761e-05 0.9999999997933697315 0.4943821583955610444
0.9793957204343428646 0.2019505450583565509 1.215565894601543832e-05 20.13010827774019162 -0.2019505451538604057 0.9793957204635480585 7.209644804675022446e-06 -7.569411894017825659 -1.044920865316069718e-05 -9.515937218402626877e-06 0.9999999999001304429 0.4943490069353985161
0.9811002768548537922 0.1934999914873520854 7.208108860625961607e-06 20.95855050257968699 -0.1934999914770053064 0.9811002768810982433 -2.112841370442808343e-06 -7.759095771907809969 -7.480712386144038001e-06 6.781402503953775261e-07 0.999999999971789566 0.4943252428397339471
0.9821602265655748898 0.188045976501931833 8.736498000571889187e-06 21.83031332740209152 -0.1880459765099830038 0.9821602266028844896 1.020517814758857605e-07 -7.944341964438506487 -8.561450429055936115e-06 -1.74309449861083573e-06 0.9999999999618316426 0.4943367060441958838
0.98313730560804935 0.182868909881333086 1.108109842868848818e-05 22.71942025418809408 -0.1828689100349291663 0.9831373055283799678 1.494211882660313569e-05 -8.105025185816646882 -8.161792270337309331e-06 -1.671654283490594251e-05 0.9999999998269711865 0.4943624561506793635
0.9848090952984370761 0.173640564640496986 1.144709588877275786e-05 23.64864442682151235 -0.1736405648177254957 0.9848090951884385102 1.691576933002600838e-05 -8.271401366057586912 -8.335940406963473218e-06 -1.864648368582912848e-05 0.99999999979141041 0.4943511977655078438
0.9857627258832263317 0.1681423448954407762 1.070358096974331736e-05 24.59269537250630577 -0.1681423450229695138 0.9857627258416103988 1.239869821010059665e-05 -8.438255894265230594 -8.466444962303337952e-06 -1.402189974938811663e-05 0.9999999998658528622 0.4943312965285980853
0.986497937335830688 0.1637736838067890277 1.125780908743507133e-05 25.58907498980089557 -0.1637736839353733653 0.9864979373100106752 1.164318750970047346e-05 -8.60741519696300017 -9.198957733667753581e-06 -1.332971332962418536e-05 0.99999999986884891 0.4943220591117536422
0.9870240708122487439 0.160572362318661177 9.942550344303084244e-06 26.62089366042953031 -0.1605723623337503569 0.9870240708595986456 7.332408709924029115e-07 -8.801640673670858561 -9.695798296756691112e-06 -2.320225185779832763e-06 0.9999999999503039749 0.4942878822027523822
0.9878488670320464404 0.155417553217458676 7.591677561561193112e-06 27.64727994610127482 -0.1554175532559604334 0.9878488670436303964 4.772798804608814002e-06 -8.979385083845592419 -6.757653365937259567e-06 -5.894683843430739565e-06 0.9999999999597933842 0.4942982665188977998
0.9888346112359004403 0.1490171518287203845 9.221416242316784998e-06 28.71119545710866205 -0.1490171519260189981 0.9888346112035336644 1.095660261833249793e-05 -9.148929828826268817 -7.485733828814253261e-06 -1.220841707571944784e-05 0.9999999998974591353 0.4943011584499483746
0.9902558147982132297 0.1392602640838705996 1.038508964733769608e-05 29.82295554775413038 -0.1392602641807104968 0.9902558147956798118 9.268006420152563368e-06 -9.320751076989386874 -8.993230388849106743e-06 -1.062392757697186625e-05 0.9999999999031269349 0.4942891348279506714
0.9914414176767490927 0.130552346657026308 9.984713177073850402e-06 30.94251813995900946 -0.1305523466756830508 0.991441417723797902 1.237363980113073388e-06 -9.490501903962250907 -9.737717416570945553e-06 -2.530301634776049407e-06 0.9999999999493872638 0.4942587444629512605
0.9924779825458781568 0.1224232579514150515 8.744005066795720546e-06 32.10475078425537987 -0.1224232579049811392 0.9924779825739643568 -5.66366098347503567e-06 -9.664090979168079798 -9.371596337839271514e-06 4.550589239288309401e-06 0.9999999999457326316 0.4942283077508887179
0.9933762648226038827 0.1149069032734111595 8.333043106905111425e-06 33.27507972507045508 -0.1149069032607455687 0.9933762648570376719 -1.984678322828982419e-06 -9.829593545260733478 -8.505900476500230327e-06 1.014008161053472354e-06 0.9999999999633106817 0.4942397929843580506
0.9942682451638102936 0.1069142487813257436 8.284614442424058503e-06 34.49834425074521249 -0.1069142488026395277 0.9942682451936597499 2.172734144442794677e-06 -9.991365256208798229 -8.004832824920382248e-06 -3.046023894733891578e-06 0.9999999999633222281 0.4942430025607109645
0.9950445332606719928 0.0994302603675497193 1.23905477687193214e-05 35.80887182822851145 -0.09943026043064581709 0.995044533320956659 4.583272701830122559e-06 -10.1454079467228695 -1.187343082403788578e-05 -5.792555837921051791e-06 0.9999999999127339168 0.4942279551144815875
0.9958075728073511046 0.09147282568700805527 1.012913368388042514e-05 37.0267295213602452 -0.09147282576785620289 0.9958075728206725596 7.827973116193631464e-06 -10.28336760947159867 -9.370621208180920702e-06 -8.721695389482890911e-06 0.999999999918061766 0.4942180907710195248
0.9965636371269839255 0.08283065302662945273 8.812033126919298164e-06 38.26015125339671386 -0.08283065311370663153 0.9965636371082999823 1.002328435634301428e-05 -10.41050662028371043 -7.951516594574018843e-06 -1.071874717327754674e-05 0.9999999999109409066 0.494213738493862409
0.9971389212397033797 0.07559081705630842085 1.130987746372915985e-05 39.57151274907646155 -0.07559081721322605252 0.9971389211914470918 1.415721451807398419e-05 -10.52336419773357079 -1.020736360032772888e-05 -1.497163249237608143e-05 0.9999999998358299891 0.4942124950123318317
0.997777788952205702 0.0666294513686948725 9.283709148085260947e-06 40.8611901687639687 -0.0666294513662446658 0.9977777889953941548 -5.733095585219801639e-07 -10.6440424681199346 -9.301278088801573878e-06 -4.653290349348718139e-08 0.9999999999567420472 0.4941711849619622732
0.9981396133774639301 0.06096976370133575657 1.109607886183223256e-05 42.18614238169217145 -0.06096976377811336167 0.9981396134118455388 6.717551988506725359e-06 -10.74436966331695054 -1.066586830814589004e-05 -7.381580051720331569e-06 0.9999999999158757369 0.4941848066677843598
0.9976621653790478383 0.06833888774436856772 1.397443407514981432e-05 43.52211290262275867 -0.0683388882655231733 0.9976621645976130326 4.102767699842978114e-05 -10.81760911510462364 -1.113797833563263175e-05 -4.188675836356121017e-05 0.9999999990607224554 0.4942398531890678792
0.997640250095636838 0.06865807469740865809 1.304581869045471813e-05 44.88913634177866641 -0.06865807489672233477 0.997640250046827437 1.549879342636943875e-05 -10.9376761423425144 -1.195091650362346415e-05 -1.635792094680209793e-05 0.9999999997947970343 0.4941619173387092334
0.9974165923813103074 0.07183412265106683958 8.224311946775857723e-06 46.29503151518632365 -0.07183412249452698906 0.9974165922646853755 -1.796598165879895851e-05 -11.08717622400853031 -9.493635725699921892e-06 1.732878197308646654e-05 0.9999999998047921501 0.4941189940417608506
0.997389635206032743 0.07220744772834876424 8.852540795193753086e-06 47.68773754680285037 -0.07220744764890291156 0.9973896352105732221 -8.987969656062756886e-06 -11.21298493085121528 -9.47843078352915178e-06 8.325288400474595946e-06 0.9999999999204244316 0.4941214082453467826
0.9972327184573089864 0.07434315836591837146 6.682678184165753382e-06 49.05878445499022433 -0.07434315814929710886 0.9972327180945694813 -2.829025234881469105e-05 -11.37853582058464141 -8.767372040326657746e-06 2.771515385454544506e-05 0.9999999995775017414 0.4940859675983858001
0.9972634379019814643 0.07392993531481083236 9.513246061513080826e-06 50.47392637764186674 -0.07392993516824214462 0.9972634378464207972 -1.493286858722425057e-05 -11.52088153864020015 -1.059119848110150104e-05 1.418869020046657393e-05 0.9999999998432538284 0.4940950169431396199
0.997160355240243601 0.07530754186828476915 8.782967541435255832e-06 51.86348162235584169 -0.07530754179861259834 0.9971603552520061919 -8.010980699191080058e-06 -11.66662640113552563 -9.361314298194785855e-06 7.326808664585607211e-06 0.999999999929341854 0.4940947307301677971
0.9970184990701287386 0.07716289546332501248 8.825899928661485526e-06 53.25621503884845254 -0.0771628953808461554 0.9970184990718969908 -9.332696564852921786e-06 -11.82289935376406653 -9.5197233892575189e-06 8.623839128529477729e-06 0.9999999999175021026 0.4940843013379408455
0.997035359411113542 0.07694473336500434746 9.673297514860902554e-06 54.66723981808530652 -0.07694473334225812589 0.9970353594561316424 -2.702568453811121277e-06 -11.96716788894890193 -9.852568073934616185e-06 1.950247011857395912e-06 0.9999999999495616798 0.4940883827173036535
0.9971031791929514387 0.07606083041883607287 1.102446164444369561e-05 56.1535789295124772 -0.07606083017019253656 0.9971031790421820418 -2.144827203905816577e-05 -12.15014289624756216 -1.26238991352433029e-05 2.054761053348433554e-05 0.9999999997092163806 0.4940410077197854855
0.9974443388725141579 0.07144781792460547232 1.293128995190410925e-05 57.65675933826192079 -0.07144781747078474132 0.9974443384532116763 -3.268836403523078891e-05 -12.34421324250271823 -1.523375423326608275e-05 3.168091120979939549e-05 0.9999999993821262478 0.4940086684510051063
0.9976637937502865761 0.06831511186581440409 1.15230192847819822e-05 59.16039598089737694 -0.0683151116978978068 0.9976637937246091159 -1.438600482122231693e-05 -12.50014844144622828 -1.247888066348137551e-05 1.356519979731365562e-05 0.9999999998301314363 0.494030369107857803
0.997712920278590043 0.06759385052347778589 9.1000215040268486e-06 60.66049445982590527 -0.06759385041281108786 0.9977129202558498999 -1.196442723615048586e-05 -12.66541544883093628 -9.88793073537303333e-06 1.132195814494385387e-05 0.9999999998870210405 0.4940158122778700034
0.9976766408333668235 0.06812723590260741369 8.121107224795571462e-06 62.14370251955866564 -0.06812723587977242978 0.997676640863297659 -3.056365125778873571e-06 -12.81846625992835342 -8.310460684053145802e-06 2.49599550433873494e-06 0.9999999999623531144 0.494016519058378123
0.9976381610711714254 0.06868842315397415133 1.006901557697038576e-05 63.6538558618398298 -0.06868842315468413895 0.9976381611218969603 -2.756960899404366082e-07 -12.97159306162516224 -1.006417131420419682e-05 -4.165798625193431284e-07 0.9999999999492694691 0.4940091104784317677
0.9977371691779334251 0.06723496974543941018 9.293363397506084324e-06 65.10137189167973304 -0.06723496982356770568 0.9977371691808704091 8.366615045233841144e-06 -13.10624218824790255 -8.709804978958808345e-06 -8.972521818423880924e-06 0.9999999999218165403 0.494005186967076515
0.9979311988567887148 0.06429091828389608965 1.329281133007308056e-05 66.67179518577786723 -0.06429091837071063131 0.9979311989204078248 6.209729006176102808e-06 -13.25023274083838842 -1.286608196754139875e-05 -7.051489359848090254e-06 0.999999999892370206 0.4939977529997757189
0.9977503382043142466 0.06703926057236117564 1.25427418765161091e-05 68.23070049949839699 -0.06703926096575826832 0.9977503376728151796 3.413474883464615592e-05 -13.36086933737784932 -1.02261566209389032e-05 -3.489881334017345374e-05 0.9999999993387492792 0.4940192463270811629
0.9977194257116202003 0.067497758790143636 1.087268606414450927e-05 69.77315395115506647 -0.06749775900288139396 0.9977194255446710791 2.055805066727233764e-05 -13.48824051085392739 -9.460267748910691898e-06 -2.124504844917296813e-05 0.9999999997295756504 0.493970600171416474
0.9975955139298239294 0.06930505371595215014 1.089736093137652975e-05 71.34173553439005389 -0.06930505377848915349 0.9975955139700054541 5.46937901565774681e-06 -13.63760884796584705 -1.04921027727801582e-05 -6.211470155394754623e-06 0.9999999999256666827 0.4939359412609729549
0.9975903168556763401 0.0693798211572876633 1.158477481777245005e-05 72.93524480528449772 -0.0693798211990096364 0.9975903169147827265 3.238786486064678289e-06 -13.77866601438876692 -1.133215275467820238e-05 -4.034731642348996949e-06 0.9999999999276516505 0.4939170312502392801
0.9971061730980664839 0.07602157192976706501 1.316391324193985372e-05 74.56809965326489476 -0.07602157187313594855 0.9971061731779614634 -4.750945844275070112e-06 -13.9428285666351659 -1.348699352795232986e-05 3.736456052727406868e-06 0.9999999999020700026 0.4938897249221447239
0.9964506752275243961 0.08417868892194957375 1.312345179528715894e-05 76.2137008492399417 -0.08417868870490609334 0.9964506751990100941 -1.629699773641494559e-05 -14.12637992773526996 -1.444873230517096176e-05 1.513443943522277591e-05 0.9999999997810914421 0.4938528723939120679
0.995843412001941708 0.09108182369225401032 1.294051672461442089e-05 77.89890993863112101 -0.09108182353381463758 0.9958434120239593179 -1.234774936528711684e-05 -14.31669523854190373 -1.401138385907836178e-05 1.11177789977246219e-05 0.9999999998400380674 0.4938410595280767201
0.9946349454024390191 0.103447209964977957 1.170393181065425403e-05 79.58505286254511191 -0.1034472099848790377 0.9946349454686143066 1.106345814058687802e-06 -14.51243287425573492 -1.152669119053766911e-05 -2.311149300027933764e-06 0.9999999999308969434 0.4938397897433051131
0.9931016219463859596 0.1172568476868902365 1.265795034844632333e-05 81.32906385225372503 -0.1172568477546456767 0.9931016220077051315 4.747838101075012949e-06 -14.73747528779821536 -1.201391449327527663e-05 -6.199317075810070426e-06 0.9999999999086172098 0.4938267267975084418
0.9903902173013263699 0.138301183406096595 1.202237946313157896e-05 83.05212103821571645 -0.13830118338013625 0.9903902173734727699 -2.968534429642079236e-06 -15.00386406203223899 -1.231739883443850029e-05 1.277298152043550943e-06 0.9999999999233251113 0.4937825993738368946
0.986216138707425749 0.165462163664532369 1.227599991493206338e-05 84.80054788410741651 -0.1654621637678393153 0.9862161387345886876 7.933243180226566126e-06 -15.29994350993927021 -1.079413765373326099e-05 -9.855105964968524496e-06 0.9999999998931817791 0.49378262143663737
0.9812540337008998081 0.192718761932131194 1.213641919927026221e-05 86.54357347142435231 -0.1927187619661527018 0.9812540337678192781 1.688065540196706801e-06 -15.65855416720163262 -1.158358839381414612e-05 -3.995336803255119849e-06 0.9999999999249288285 0.4937455005293938659
0.975482287883152055 0.2200779541507431047 1.119408304963685774e-05 88.27965267442698405 -0.2200779539855871325 0.9754822878795217367 -1.432076633950368067e-05 -16.08282730048181719 -1.407131470184193733e-05 1.150608301879025703e-05 0.999999999834804032 0.4937068590191988626
0.9685611802635996082 0.2487754810018356078 1.187102365427129446e-05 90.01302487642919914 -0.2487754808242919058 0.9685611802712217333 -1.46455924888895742e-05 -16.54742989025193367 -1.514127699758896538e-05 1.123193272923071951e-05 0.9999999998222927067 0.493683390454798976
0.960946565935711261 0.2767339828755452924 1.185048762802258432e-05 91.77367556129124182 -0.2767339825894591376 0.9609465658548688172 -2.131065636228361018e-05 -17.08598874362509434 -1.728506820268073112e-05 1.719896941224265249e-05 0.9999999997027109178 0.4936464953283462576
0.9517828239836418902 0.3067726453141025877 7.677518968881050595e-06 93.47568918676061855 -0.306772644968237862 0.9517828236577909884 -2.985677168868534448e-05 -17.67812358999595546 -1.646657151436507017e-05 2.606190967201432737e-05 0.9999999995248144424 0.4935914076418175256
0.9421876319437118008 0.3350857594129124095 7.294193731662469337e-06 95.1653325909556429 -0.335085759190882404 0.942187631796258751 -2.190571791119438097e-05 -18.30563778063053348 -1.421279323965578671e-05 1.819511604051569169e-05 0.9999999997334670931 0.4935796739203412997
0.930491840225788458 0.3663126193642315398 1.303741422242892565e-05 96.8465993220055168 -0.3663126193219404247 0.9304918403170301389 -5.581978771412019115e-06 -18.97036123586893908 -1.417595681779478694e-05 4.182163461093965041e-07 0.999999999899433667 0.4935795009119949284
0.9110886591752771491 0.412210449604689777 1.900337022043881304e-05 98.5517336453870314 -0.412210449731828299 0.9110886593104480236 3.16341886434129911e-06 -19.73200891641011978 -1.60097607841616059e-05 -1.07155428365100105e-05 0.9999999998144323277 0.4935696522930049235
0.8826051938753938231 0.4701149555696261806 1.720987542746367524e-05 100.1961721929662161 -0.4701149555964787008 0.8826051940247406913 -2.702521494123733516e-06 -20.60313394340787951 -1.646002121293413105e-05 -5.705360315129517877e-06 0.9999999998482582697 0.4935230311424200211
0.8489063572161431592 0.5285432777305666407 1.56869329742756102e-05 101.7825769650915788 -0.5285432776816726408 0.8489063573588094824 -7.452810717111766683e-06 -21.58689563830371938 -1.725587013405185081e-05 -1.96448457411155651e-06 0.9999999998491878594 0.4934850984230311766
0.8119121918575042951 0.5837795751533149113 1.868665788969552097e-05 103.2960774474559145 -0.5837795752151422324 0.8119121920241789692 -2.520665671284705083e-06 -22.65740144658387223 -1.664343850351473534e-05 -8.862330014924405674e-06 0.9999999998222275366 0.4934694863525795894
0.772602415977324708 0.6348901531449320235 1.636576564862777421e-05 104.6880058764740511 -0.6348901532290150973 0.7726024160815606612 -7.42740749435979567e-08 -23.79484934525106254 -1.269138595997006506e-05 -1.033307913062153553e-05 0.9999999998660780154 0.4934419754561951144
0.7317591181195715055 0.6815633448321387622 5.685697150448160556e-06 105.9719949358353119 -0.6815633447508481213 0.7317591181278054746 -1.144928160314500281e-05 -25.00733043423152324 -1.196397139811830079e-05 4.502953441920207177e-06 0.9999999999182934696 0.4933916639219222966
0.6865180434936039022 0.727112766867849758 1.475557283731966627e-05 107.1877424712436238 -0.727112766879991379 0.6865180436171148814 -5.521369732455815622e-06 -26.27889876998508711 -1.414462541979288303e-05 -6.938445446512378098e-06 0.9999999998758938302 0.49338625878456005
0.6419904636946477394 0.7667126217584275816 1.279383502789956627e-05 108.3057013857431059 -0.7667126217067193883 0.6419904638118391071 -9.617766412547759455e-06 -27.62229232615790409 -1.55875829851180341e-05 -3.63468047702579207e-06 0.9999999998719081296 0.4933563085644767643
0.5963578610960471593 0.8027186936854034949 1.786561045586080741e-05 109.3340126153721314 -0.8027186937818603374 0.5963578612277238289 -2.696605803816392086e-06 -28.9995576201181926 -1.281891312920878332e-05 -1.273291741936100403e-05 0.9999999998367741227 0.4933407028407761352
0.5471521533130475623 0.8370331659240106692 1.644249755912272391e-05 110.2618392365406379 -0.8370331660074162849 0.5471521534247638652 -2.911649308001691453e-06 -30.4182993203847083 -1.143369498549253295e-05 -1.2169800600416135e-05 0.9999999998605831886 0.4933171092320237094
0.4992437612921528656 0.8664615783822928741 6.021724095606885908e-07 111.0658909064976712 -0.8664615782271237743 0.4992437612156669369 -1.859109795732104907e-05 -31.86514548557009618 -1.640910289860959381e-05 8.759730414411036041e-06 0.9999999998270041601 0.4932833127869045153
0.4521057194720460859 0.8919643593791395375 4.500847086842187161e-06 111.8084222683042697 -0.8919643592581224523 0.4521057194861287654 -1.494690478542068896e-05 -33.34912531745485609 -1.536696506212259373e-05 2.742985953958815472e-06 0.9999999998781661237 0.4932638691590082725
0.4041274843773327019 0.9147026709539849421 1.107823638888590959e-05 112.438231161684655 -0.9147026709687537949 0.4041274844541141165 -5.800889729142961508e-06 -34.79120082756891463 -9.783109133185099963e-06 -7.788993441148330413e-06 0.9999999999218111002 0.4932481504809028694
