0.9999727208254474142 0.007386311999347235611 0 -0 -0.007386311999347235611 0.9999727208254474142 -0 0 -0 0 1 0.4949999999999998845
0.9988154894819785135 -0.04865664613026909197 0.0003856947781477352232 0.305013395065630466 0.04865670723808430964 0.9988155496105173281 -0.0001506626031897089846 0.009512078755106779387 -0.0003779072048490698076 0.0001692507796551510619 0.9999999142701551103 0.4951013251888343181
0.9956063323952172306 -0.09363764408482673496 0.0001500233979378668727 2.56632849256537332 0.09363767661029955003 0.9956063147992750828 -0.000226832678846344859 0.1622894640080307926 -0.0001281241647059628392 0.0002398838938736759855 0.9999999630199570833 0.4945507375113640802
0.9861545444240275016 -0.1658288667740299982 3.819047086843868714e-05 5.012212439183888257 0.1658288711077143818 0.9861545242879607986 -0.0001993383033631432213 0.4722142072723563011 -4.605660680230471201e-06 0.0002029114564105244281 0.9999999794028638922 0.4943859776103171066
0.9742685108357151957 -0.2253904655786059252 8.259812055248540446e-05 6.661136173279563089 0.2253904760743761226 0.9742684997142541103 -0.0001541484188512612667 0.8055210234728661378 -4.572916309679525381e-05 0.0001687987801960718704 0.9999999847079074078 0.4941706306987563302
0.9596032597676041886 -0.2813566505867742817 0.0001378992835145710345 8.475597187651516151 0.2813566728423195773 0.9596032455225707025 -0.0001839344490310295267 1.269167706763409509 -8.057741950892528988e-05 0.0002153029804707336616 0.9999999735759524944 0.4939075447015640608
0.9380918646323549437 -0.3463865392355802153 0.0001376561717269289531 10.603790926866278 0.3463865601736789701 0.9380918496640691107 -0.0001803527774658151943 1.956146709927588434 -6.666235832508106624e-05 0.0002168697211156989601 0.9999999742618265186 0.4937091199008770692
0.9175179581991120825 -0.3976943349964674468 0.0001108877021801606529 12.45788451676801323 0.3976943486548404905 0.9175179449131134479 -0.0001606631619778767933 2.732214299819471393 -3.784662725925695611e-05 0.0001915107488281256884 0.9999999809456325828 0.4936256491919365774
0.8979898026750990914 -0.440016252337990188 0.0001094175449344718002 14.14432095445314097 0.4400162651500817979 0.8979897882160984279 -0.0001632948624997065284 3.523749866739686265 -2.640344457966347619e-05 0.0001947826208179264783 0.9999999806812939207 0.4935593615053472383
0.8839936739457940895 -0.4674988453954146972 0.0001182370660639279282 15.99424671167945888 0.467498859703699754 0.8839936577275341323 -0.0001711007550270139037 4.472253609142450514 -2.453141108741109343e-05 0.000206527678610826681 0.9999999783722635094 0.4935045300915767985
0.8796490848106890414 -0.4756232443568374491 0.0001304661866693764428 17.91972954951089037 0.4756232614469222408 0.8796490661769907904 -0.0001831577826943777158 5.471416497388650768 -2.765036043708540205e-05 0.0002231673291352962742 0.9999999747158998531 0.4934138772020904007
0.8776595136960670951 -0.4792846330583248604 0.0001361439029230159241 19.85298285158643594 0.479284651532472461 0.8776594937466563051 -0.0001893250955366450902 6.485385186657095069 -2.874737997309480874e-05 0.0002314146543498819136 0.9999999728104224106 0.4933352067485444192
0.8752961164028997265 -0.483587317389062632 0.0001227708590383655527 21.77775652044572752 0.4835873324105584015 0.8752960994244406434 -0.0001739730791257830566 7.531535610031916406 -2.332967940691662396e-05 0.0002116483927375682327 0.9999999773303415163 0.4933126660031580957
0.8709541846790109787 -0.4913642161875609871 0.0001234614745061404101 23.65151538400922249 0.4913642312496337428 0.8709541671271650021 -0.0001761093847359936375 8.552861649427818236 -2.099543590671216602e-05 0.0002140477581067155388 0.9999999768713739856 0.4932625624489989646
0.8714462870207343448 -0.4904909332279411838 0.0001151572475268676369 25.47871199022055322 0.4904909464042367384 0.8714462711627348757 -0.0001672551159442825194 9.567385288187951531 -1.831623604799421939e-05 0.000202237437099627755 0.9999999793822668126 0.4932499345754268738
0.8706121504838666425 -0.4919699850380530592 0.0001313535207397969464 27.42760215134534363 0.4919700020205594604 0.8706121311318707479 -0.0001850409296789763843 10.61251522741356013 -2.332338521735556264e-05 0.0002257208735791131279 0.9999999742530528701 0.4931772277258842929
0.8703872380987196511 -0.4923677851972011466 0.0001409152870253396956 29.45407468609679214 0.4923678047114279366 0.8703872160156426174 -0.0001976927434882700448 11.70461994809389061 -2.531332610715269157e-05 0.0002414513915198613205 0.9999999705302299313 0.4930978737360754427
0.8677309068279409621 -0.4970342584553745779 0.0001387786285179278803 31.48578075774446461 0.497034277219619347 0.8677308857737430214 -0.000192731208035494398 12.80136049690676359 -2.46284891831963431e-05 0.0002362165612416224883 0.9999999717975862623 0.4930381240985743929
0.8621622495223583149 -0.5066322524589990106 0.0001275503836531620113 33.42810454604019554 0.506632268228022431 0.8621622301859263038 -0.0001833935428169559457 13.89633914220555333 -1.705603954769043036e-05 0.0002227361296064976702 0.9999999750488535177 0.4930425226420515616
0.8624048791896941069 -0.5062191330266146982 0.0001170889587146411911 35.32538965919619756 0.5062191463477234699 0.8624048625686459024 -0.0001699740261207258716 14.99534379711844068 -1.493398320872896391e-05 0.0002058591021893000131 0.9999999786995026341 0.4930383672858800193
0.8616481534426033706 -0.507506105810230812 0.0001106188008148336661 37.28771203247195132 0.5075061176659314555 0.8616481387520763535 -0.0001597465766384379522 16.12812283162128324 -1.424212080679886882e-05 0.0001937850609216846371 0.9999999811222556323 0.4930254401235824036
0.8525766337757596514 -0.522602211380910453 0.0001104608940490536177 39.18019439879745391 0.5226022229361912963 0.8525766190407602085 -0.0001589006308587011208 17.26899262598410445 -1.11345545079828169e-05 0.0001932020737399105649 0.9999999812744898575 0.492985285774405646
0.8505336012683849534 -0.5259206945426888602 0.0001271510922243133804 41.04230132670913633 0.5259207097648299634 0.8505335819145957155 -0.0001818741808129307092 18.38104463358471108 -1.249487842137927507e-05 0.0002215614946545436459 0.9999999753771904309 0.4929163423126877164
0.8469373040026447752 -0.5316927532034093629 0.0001388594345974757842 42.9764656099535074 0.5316927711129166845 0.8469372823292796726 -0.0001922217320876294655 19.52739950151782011 -1.540233020456658689e-05 0.0002366303131213203653 0.9999999718844310159 0.4928447593257632708
0.8443953142030827808 -0.5357205758061912571 0.0001342087650875935668 44.83885399187824561 0.5357205924150317822 0.8443952942694423758 -0.0001840661339571511264 20.66683105110892882 -1.471723441973246911e-05 0.0002273229801569108923 0.9999999740538323412 0.4928194707533342656
0.8461115263101328665 -0.5330058823815131408 0.0001199753073439528619 46.64194563043561459 0.5330058957588001967 0.8461115095599021085 -0.0001687567940408450336 21.78149657920577198 -1.156412449108929333e-05 0.0002067346147409051291 0.9999999785635346194 0.4928353404780357327
0.8504326507634870635 -0.5260839237623206044 0.0001080576803622534325 48.38992332490291659 0.5260839347856569592 0.8504326361535959888 -0.0001578845107637126641 22.87692700844261751 -8.835275043245553289e-06 0.0001911175526720655898 0.9999999816980090772 0.4928779061164192954
0.8519010784957047333 -0.5237027218330040368 0.0001077255343605986327 50.22126458752079259 0.5237027328257276571 0.851901064077355108 -0.0001570253715342859299 24.02069190574183821 -9.536882880751376519e-06 0.0001901862401010042758 0.9999999818691206466 0.4928534343322444888
0.8561664058521401 -0.5167001696772005603 0.0001419436974054435953 52.02646802293237016 0.5167001887719796516 0.8561663837168580482 -0.0001957509408477912103 25.01963470773304365 -2.038287774849319116e-05 0.0002409377147122137967 0.9999999707667773796 0.4927211969749340503
0.8623464285890669601 -0.5063186892258836336 0.0001484671568489202723 53.82606226664236715 0.5063187103598628669 0.862346405104269742 -0.00020284353745410666 25.98838668902057591 -2.532664498301340358e-05 0.000250093099472462391 0.9999999684060005833 0.4926342625720636081
0.8693205785188594659 -0.4942486355364071327 0.0001342991730590951537 55.57762494404881437 0.4942486531825090457 0.8693205587602385043 -0.0001869392815368425115 26.8980893289132581 -2.435454733702985665e-05 0.0002288873497814904125 0.9999999735087179431 0.492575379163956717
0.8772590779835265362 -0.4800171823923664038 0.000121267551455224898 57.32269147694634626 0.480017197131078599 0.8772590613418320693 -0.0001724943581873191931 27.788751662618278 -2.358280256517636376e-05 0.0002095327517732537416 0.9999999777699382086 0.4925518218682436444
0.8853237147835792964 -0.464975165425406789 0.00012482648485452651 59.08332734693659916 0.4649751813350108121 0.8853236974625976474 -0.0001773580030424258948 28.61426048207364659 -2.804477830849655789e-05 0.0002150604635307633511 0.9999999764812431691 0.4924736164679689998
0.8895484339223167503 -0.4568408575512751257 0.0001207493342194722259 60.83372177613412646 0.4568408725772525325 0.8895484179173890338 -0.0001712476487337916977 29.4501194440876759 -2.917945651832464139e-05 0.0002074963089519694427 0.9999999780469200905 0.4924124035615310424
0.9001463504644523494 -0.4355875755725772125 0.0001084184679981190359 62.57655884904307442 0.4355875880369811659 0.900146337559622256 -0.0001553330500772263131 30.28123099218035463 -2.993134020289923641e-05 0.0001870482171074926169 0.9999999820585393495 0.4923970518622328152
0.9114126083619131791 -0.4114936723381295569 0.0001222572970941486177 64.33417629789464343 0.4114936884573449638 0.9114125932141177167 -0.0001711511590982853833 31.00869615506774934 -4.099922120164590638e-05 0.000206297430460029743 0.9999999778802165507 0.4922607536861320909
0.9210869205610336952 -0.389356993502977089 0.0001279997932215851011 66.14565329361234092 0.3893570115342376847 0.9210869045383885956 -0.000178491594782676042 31.72223383128480378 -4.840198260988922026e-05 0.0002142438903501597575 0.9999999758784012815 0.4921457736635379554
0.929829617451162771 -0.3679903063743346636 0.0001301052660338536805 67.92444239059254585 0.3679903256047774573 0.9298296004158763672 -0.0001856178177071705383 32.34690738775670837 -5.267016992166238885e-05 0.0002204704236414720901 0.9999999743093221927 0.4920346006235359893
0.9382123667511539367 -0.3460600224353745924 0.0001254968477558276205 69.66055992340557168 0.3460600409064503724 0.9382123505069831504 -0.0001828830779012460589 32.90385029164762187 -5.445417047265646912e-05 0.0002150126096244760296 0.9999999754021600129 0.4919555613933515037
0.9436875435584285432 -0.3308380378634359076 0.0001133029706986520268 71.42094502661358035 0.3308380528891821659 0.9436875314364376877 -0.0001605432335029909746 33.47246502420927783 -5.380879235864500896e-05 0.000188987583871866896 0.9999999806941530789 0.4918929728103890175
0.9465110214977130454 -0.3226714652357112745 0.0001082045622522815671 73.1857068816322851 0.3226714786965688142 0.94651101167039009 -0.0001470533817592438355 34.05982089721717898 -5.496687952463710298e-05 0.000174102172687293726 0.9999999833335374566 0.4918177283154825941
0.9468809263581405844 -0.3215843563978973974 0.0001141119280433602645 74.94765578764327074 0.3215843715012020598 0.9468809150628650917 -0.0001571563572750104502 34.62743047913699712 -5.751138083716249766e-05 0.0001855049698202472671 0.9999999811401731886 0.4916791886804499079
0.9429293578052858615 -0.3329928094260611871 0.0001227260477352445261 76.71836988148378111 0.3329928268913045497 0.9429293440023313044 -0.0001716406233043239835 35.20826777001313701 -5.856689831724579338e-05 0.0002027118762742014793 0.9999999777389063649 0.4915205726643701034
0.9373087531956404428 -0.3485000498214317899 0.0001282946847543194513 78.49149740856435642 0.3485000688209973774 0.9373087371818666913 -0.0001823088779847676288 35.80369778972749373 -5.67170758936360472e-05 0.0002155904135866472035 0.9999999751519729196 0.491396041066463396
0.9311337307853700951 -0.3646778846160982912 0.0001259677668661822859 80.25410750759421319 0.3646779027312684884 0.931133714749744712 -0.0001803277495348543861 36.43082178700063167 -5.153129246288582356e-05 0.0002138469112210194959 0.9999999758070117206 0.491287076949405821
0.9249093920727039508 -0.3801875893736302858 0.0001155171049310951701 81.98502143450467372 0.3801876045421143102 0.9249093775915280258 -0.000169109472306122865 37.09457904701152842 -4.254953100668294215e-05 0.00020032911063178505 0.9999999790288919277 0.4912267957068630064
0.9184512511507040289 -0.3955341787266230535 0.0001127873872967874848 83.75811782514436743 0.3955341929401106071 0.9184512371823579935 -0.0001647290013866269933 37.81252481882914651 -3.843376512538400575e-05 0.0001959068256326121685 0.9999999800716802278 0.4911494483161428226
0.9122036978538404783 -0.4097369888949105587 0.000116427418307298944 85.55393613841542333 0.4097370034079861334 0.9122036847856841435 -0.0001596993947837474579 38.60222167873310184 -4.077077084297007305e-05 0.0001933829999585155669 0.9999999804703793016 0.4910575383169892838
0.9067791093359787169 -0.4216060150795336026 0.0001221590679474372483 87.47930026006990545 0.4216060308494600783 0.90677909483398067 -0.000167109735332072795 39.45714421981115549 -4.03168194647891419e-05 0.0002030346167353766571 0.9999999785757487381 0.4909527456017482305
0.9022222010725305941 -0.4312714738580252782 0.0001254208805965365827 89.41987301992475068 0.4312714905931397946 0.9022221840499993206 -0.000178918565252274075 40.3338145653239124 -3.599502748036989151e-05 0.0002155147518810185024 0.9999999761288743683 0.4908683453635576122
0.8976904527443781978 -0.4406266409084359514 0.0001198981815474355148 91.35471724793733017 0.4406266562397727071 0.897690435671696374 -0.0001775295742757717937 41.23509367173006268 -2.940719085452351159e-05 0.0002121969387316100767 0.9999999770538376964 0.4907912727938013586
0.894151042064686985 -0.4477654536600622071 0.0001117383811879862253 93.26875865109980168 0.4477654667008561518 0.8941510282565237056 -0.0001596878151055681561 42.18033429239538634 -2.840830146022847377e-05 0.0001928176146827136582 0.9999999810071675821 0.4907775889372225087
0.8922271015570618635 -0.4515869645577504921 0.0001126536013817022697 95.11602518579029208 0.4515869777852791755 0.8922270872357328519 -0.0001621722244486138611 43.09632934522616665 -2.727773205308383494e-05 0.0001955673531574385479 0.9999999805046674295 0.490700168609342513
0.8909774954155242899 -0.4540474504579241066 0.0001240885600802865739 97.06470520016667081 0.4540474662029151953 0.8909774797282532521 -0.0001704524428121345083 44.06022561159283413 -3.316661544026689194e-05 0.0002082113868734358504 0.9999999777739965179 0.4906202245111278004
0.8886898277829849979 -0.458508858406169173 0.0001294617799595792487 99.04770456890796027 0.4585088754755635709 0.8886898105103040457 -0.0001783466472713034396 45.04373963582817453 -3.327784705967213317e-05 0.0002178542263955389989 0.999999975716059919 0.4905134216636174438
0.8868427839633032939 -0.4620712701943360812 0.000133399562016566479 101.0802193422076556 0.46207128836257505 0.8868427647283306792 -0.0001874091602985553887 46.03946288194570968 -3.170804764711276555e-05 0.0002278425689473940173 0.9999999735411811974 0.490411656103985738
0.8842799830076163436 -0.4669570588605466144 0.000129748180381185715 103.0616415490887903 0.4669570761143369553 0.8842799633879806498 -0.000188200779676596635 47.02572940998518192 -2.685203364408670252e-05 0.0002270090131963951158 0.9999999738729375975 0.4903034228723144317
0.8830314859565547847 -0.4693137319574668398 0.0001257288595344202824 105.0548978385404695 0.4693137481014514334 0.8830314675611978803 -0.0001820492161722830817 48.02996498677643444 -2.558434230772909572e-05 0.0002197614721864569391 0.9999999755251678391 0.4902234729503400223
0.8807416146133688617 -0.4735970794144160334 0.0001210809803187086828 107.0559383487733953 0.4735970941837505666 0.8807415984969689804 -0.000170469774940912815 49.05019524436582401 -2.590706861303043989e-05 0.0002074834252640975153 0.9999999781397255205 0.4901797198936785893
0.8794591947173637791 -0.4759742722682163696 0.0001302615075724322506 109.1370497506587753 0.4759742892727011898 0.8794591763326601308 -0.0001819831269669220655 50.09029605090167792 -2.794039173432673285e-05 0.0002220478627808561011 0.999999974957040072 0.4900846050808283505
0.877693697919168403 -0.4792220262219938909 0.0001490600373412450178 111.2244008909469244 0.4792220485978176958 0.8776936720288713856 -0.0002149893470547143781 51.12097327386172196 -2.780142101509430866e-05 0.0002601276514884184681 0.9999999657803421149 0.4899397024047641991
0.8765519290838587052 -0.481307279177363212 0.0001365008508981429994 113.3457213530709993 0.4813072980234096576 0.8765519059604309771 -0.0002025556052663221303 52.18431384574611087 -2.215859376713034975e-05 0.0002432493622666248351 0.9999999701693715881 0.4899716518446417535
0.8753118449202834661 -0.4835588457309558108 0.0001298453989830000818 115.3910332575024 0.4835588629275218708 0.8753118213339516895 -0.0002037633797020043562 53.17521242019374483 -1.512362798470373213e-05 0.0002411443933027436655 0.9999999708103279872 0.4899422720809292198
0.8743375689885269919 -0.4853182467701703806 0.0001216938506876092242 117.393596529897394 0.4853182618666669335 0.874337547668286752 -0.0001934899386253781362 54.15182293186067852 -1.249730519517847839e-05 0.0002282357706570246588 0.9999999738761246038 0.4899116085061231418
0.8746991370528751641 -0.4846662831333427568 0.0001167685685953562681 119.4329051717093506 0.4846662968377775105 0.8746991203234926182 -0.0001720961823443990476 55.19168294745757919 -1.872814719349364136e-05 0.0002071261719148994663 0.9999999783740022297 0.4898572248361186543
0.8741650096335710218 -0.4856289958492108205 0.0001196873365594305742 121.4518610145945985 0.4856290101293541661 0.8741649930701375082 -0.0001715042359074260027 56.21758979404454237 -2.133904986644841374e-05 0.000208046644812588449 0.9999999781306188051 0.4897782783850914701
0.8741247902305113726 -0.4857013892113516973 0.0001078186440525070354 123.3819257567903236 0.4857014008838148045 0.8741247758948386126 -0.0001592122182308585885 57.22095931551054093 -1.691735249553416625e-05 0.0001915390133208797559 0.9999999815133043812 0.4897405568554734079
0.874468420764007548 -0.4850824358987899654 0.0001071038338447742421 125.3799736065861907 0.4850824473725127151 0.8744684072079795811 -0.0001550756752830189983 58.26655721989637016 -1.843443267317117297e-05 0.0001875629707080557701 0.9999999822401515193 0.4897434150594210944
0.8740608508473981519 -0.4858164466577648 9.578610660769810005e-05 127.3462242332783347 0.4858164557961456298 0.8740608402907888985 -0.0001369308738345982189 59.31999371672684163 -1.719961426564050176e-05 0.000166220382917810325 0.9999999860374784166 0.4897989328752723748
0.8732658487036095707 -0.4872440317622857564 0.000104891514254699421 129.2298311454747761 0.4872440428166563975 0.8732658347445581004 -0.000156875119535410248 60.32874975442540233 -1.516171002762703317e-05 0.0001881014498641909365 0.9999999821939831168 0.4897137886893358494
0.8724752197578071744 -0.4886583434759853573 0.0001194240530761429142 131.1485912099667814 0.4886583578118108284 0.8724752011739316249 -0.0001807744576230083089 61.34220310482692184 -1.58575777277851104e-05 0.0002160787963006511507 0.9999999765292449938 0.48961939851760794
0.8713390043026526532 -0.4906814893616180395 0.0001248237102767876425 132.927638989327022 0.4906815051112870529 0.8713389816751689887 -0.0001988900051961704134 62.26533921005557204 -1.117212063269562457e-05 0.0002345493051255700132 0.9999999724309029947 0.4895643335342645952
0.8697023024170799088 -0.493576631964891821 0.0001164081458626036668 134.7028073916867754 0.4935766455142522879 0.8697022842470374382 -0.000178271186631273127 63.22743750681632946 -1.324993848782026283e-05 0.0002124992036132409049 0.9999999773342633791 0.4895314747102421649
0.8692193348199047653 -0.4944266725736923829 0.0001158670855117321832 136.4496331637787421 0.4944266859087313448 0.8692193178515673635 -0.0001724447653638453847 64.15741725569429832 -1.545261748835987634e-05 0.0002071801033382056193 0.9999999784188102758 0.4894864553330713908
0.868068010603735285 -0.4964452779866161403 0.0001222026897239350497 138.144385089198181 0.4964452928108256669 0.8680679911914285229 -0.0001841659147341184169 65.05862828548086441 -1.465194465100683104e-05 0.0002205354893065327934 0.9999999755747086549 0.4894293044049368158
0.868303766846048708 -0.4960328153580355615 0.0001207111268992441274 139.7216364407522917 0.4960328298537203251 0.8683037475705347452 -0.0001834789029109138358 65.90650167068106668 -1.380236709037176279e-05 0.0002191921044049906188 0.9999999758821574991 0.4893685266251317501
0.8680103565075382166 -0.4965460731425936358 0.000135072421275807367 141.2620294352525718 0.4965460912785741865 0.8680103323584892339 -0.000205321960629523527 66.71508079987394524 -1.52924440035512939e-05 0.0002452912710688945645 0.9999999697991660552 0.489278644074088831
0.8721687115972822646 -0.489205196647176932 0.0001186859988183801024 142.7037887292401592 0.4892052107565893482 0.8721686937381680771 -0.0001772960553571485708 67.47560692005687599 -1.678006092867371921e-05 0.0002126938812379266706 0.9999999772398707742 0.4892818362179388036
0.880250417073541791 -0.4745094208646105649 0.0001129372389378906791 144.1132612885331241 0.474509433847345008 0.8802504017419958693 -0.0001656054327630827319 68.19059791563422834 -2.083171195426644344e-05 0.0001993640365680488522 0.9999999799100098841 0.4892535457635417973
0.893184517116251353 -0.4496903469386476782 0.0001012730966968752427 145.4496946818599667 0.4496903576904866529 0.8931845052970398546 -0.0001473082378977187158 68.82565830193945544 -2.421246816595184849e-05 0.000177114972411960875 0.9999999840220210601 0.4892104940126418833
0.9085633400556289985 -0.4177471084095274456 0.0001025898173573452617 146.7363623097449761 0.4177471200299988086 0.9085633273257192055 -0.0001547504193026166559 69.38124868371120613 -2.856280561909741524e-05 0.0001834571585820290887 0.9999999827638181848 0.4891755644070736597
0.9263559687777658258 -0.3766491826304442236 0.0001110669063570185954 147.8647468546841708 0.3766491970160874003 0.9263559539209116345 -0.0001703662140911955654 69.79010761452221345 -3.871919470210850053e-05 0.000199653020395881755 0.9999999793197472675 0.4890822340522634204
0.945303721769831129 -0.3261914505671055231 0.0001057698722527673795 148.9602192596003647 0.3261914640505055862 0.9453037100601707765 -0.0001566183163232145537 70.14278110691026313 -4.889709686628421605e-05 0.0001825531068002245736 0.9999999821417181467 0.4890404021782577271
0.9646578075782202832 -0.2635057930111648905 0.0001064432751537343347 150.0133947442513431 0.2635058072423464015 0.9646577971416145925 -0.0001548085249906026254 70.40445345873074245 -6.188839218780262043e-05 0.0001773856734567568697 0.9999999823520745457 0.488967316458472856
0.9821641547294015506 -0.1880254311805806822 0.0001019620971928542394 151.0481287164465982 0.1880254442246139801 0.9821641477592014668 -0.0001385020239144325101 70.60868529994300502 -7.410161352726630471e-05 0.0001552031918649897141 0.9999999852104597409 0.4888891354037153691
0.9955067053691826207 -0.09469100713858008556 0.0001128463978143928877 152.0764353014410233 0.09469102475205734559 0.9955066968174968167 -0.0001625581567857984939 70.67904997724060934 -9.694654915132104513e-05 0.0001725132761413404863 0.99999998042026772 0.4887438603946116511
0.9999089239824908715 0.01349561569388289459 0.0001099975129176899264 153.0617320034698423 -0.01349559816917642735 0.9999089177016362573 -0.0001585340059168739756 70.65374910991680224 -0.0001121270081096671319 0.0001570350850370278513 0.9999999813837576745 0.4886320679552277335
0.9916243070684462868 0.1291557978836370968 0.000116216596727837011 154.0584842154616183 -0.1291557768902173997 0.9916243015273847883 -0.0001729694862385979187 70.50648345083973823 -0.0001375832135608000262 0.0001565107020974140111 0.9999999782876293208 0.488481772054851493
0.9670679878713070998 0.2545181593373436746 0.0001157769602948732941 155.0104067247761748 -0.2545181376359507697 0.9670679847760600412 -0.000174464122323564081 70.23622853138385835 -0.0001563684789600597281 0.0001392513314157801669 0.9999999780789823323 0.4883285439769627367
0.9263742141330488788 0.3766043043655846745 0.0001154336280832674879 155.906903848718315 -0.3766042838794464997 0.9263742147218942957 -0.0001663258111001597378 69.86793838316187077 -0.0001695737529555534681 0.0001106071437080471238 0.9999999795054006491 0.4881765555032558934
0.8713593406192319257 0.4906453783081109465 0.0001107372598709463024 156.6967674687151373 -0.4906453580932833014 0.8713593427475128106 -0.0001684944177424143534 69.38938407522205409 -0.0001791629533148400902 9.248646221840217923e-05 0.9999999796734447832 0.488000092802744978
0.807912333223147483 0.589302682805384781 9.933045060480552959e-05 157.4039598584386113 -0.5893026603057540669 0.8079123339821434602 -0.0001875055173157947762 68.7964577644580686 -0.0001907478005786359179 9.295232119603584692e-05 0.9999999774875708569 0.4877590744445700066
0.7397521103801977249 0.6728794886448524748 9.461140508942084864e-05 158.0536805623759165 -0.6728794648984528504 0.7397521119130884282 -0.0001965714366586318184 68.12172069370664929 -0.0002022578745070080259 8.175206347883000693e-05 0.999999976204175689 0.4875799476049787473
0.6772070828426277611 0.7357924681269689682 0.0001039116656185783773 158.6944920066623581 -0.7357924464374434592 0.6772070890422815514 -0.0001852531071024870319 67.3549926761151454 -0.000206677557494221089 4.899729758952475783e-05 0.9999999774418255605 0.4874113286511099208
0.6242348523642595737 0.781236735011282879 0.0001138635776645199009 159.3070228652253206 -0.7812367170132499261 0.6242348625383170591 -0.0001684765863789127154 66.53365568079703962 -0.0002026977130200407432 1.621454942306228716e-05 0.9999999793253623315 0.4872299588250463831
0.5868976612116214575 0.8096611147477994486 0.0001205483807592303773 159.9077184259714954 -0.8096610986966386037 0.5868976735843970394 -0.0001612476573861661427 65.64150112678144922 -0.0002013055222517129428 -2.967461415825477516e-06 0.9999999797336399654 0.4870391730652684492
0.5630863173961059287 0.8263980797070826778 0.0001141050860754206416 160.4955438214957155 -0.826398062832242597 0.5630863289573031505 -0.0001670052003950580689 64.69012897262265938 -0.0002022637909411382389 -2.578788155820108632e-07 0.9999999795446457007 0.4868014056169211456
0.5505080535854489643 0.8348298436102763453 0.000123115533749469701 161.1320130862432336 -0.8348298284115706069 0.5505080671556564775 -0.0001599783834634503296 63.69543242604135003 -0.0002013308233690746607 -1.471113141865812671e-05 0.9999999796247406314 0.486586114676411885
0.5442663480632655704 0.8389124671163892266 0.0001220032865075044249 161.7812175156122976 -0.83891245153036198 0.5442663615572308489 -0.0001623169870702404806 62.63335686665134006 -0.0002025720289234583934 -1.400640239741960272e-05 0.9999999793841964912 0.4863302677006720587
0.540762610812501987 0.8411752407959807165 0.0001141109234231031232 162.4327275339595644 -0.8411752237572568403 0.5407626228343513919 -0.0001693649147429904744 61.53772761997957019 -0.0002041724951856528679 -4.401068067119665835e-06 0.9999999791471109178 0.4860561710295139282
0.5378739104268661642 0.8430252924565405648 0.0001129730428286770645 163.1177498282608838 -0.8430252753887169659 0.5378739222764342687 -0.0001696849275423961581 60.39905709593209338 -0.0002038139393246595941 -3.970035024418752014e-06 0.9999999792220579664 0.4857896137450098406
0.5341576990098787503 0.8453848463300726035 0.0001191057678937539874 163.8246301113365178 -0.845384830337539972 0.5341577121403570105 -0.0001649193160534877408 59.23779637768408435 -0.0002030415551395864501 -1.259728699766965474e-05 0.9999999793077171129 0.4855230203171012615
0.5284816267025704839 0.8489447308537240167 0.0001191458581598320667 164.5547510741710084 -0.8489447148190312209 0.5284816399569527423 -0.0001655641144320882786 58.01197355281501444 -0.0002035211810799709151 -1.365065405872689193e-05 0.9999999791963938289 0.4852391315214874545
0.5226299540556533785 0.852559626399198911 0.0001206651413333556608 165.3051099547055287 -0.8525596109656051746 0.5226299676891068557 -0.0001631738073575681066 56.76197089836023935 -0.0002021786191551563862 -1.759470650990364193e-05 0.9999999794071156023 0.4849461876448166731
0.5175503807755346131 0.8556527277480360238 0.0001133961073701483726 166.0470495828346316 -0.8556527112080017927 0.5175503931052580775 -0.000168526618983796001 55.47076489285557699 -0.0002028884611776653646 -9.806670885824088314e-06 0.9999999793700503625 0.4846318131679877572
0.5129774799371228378 0.8584020574159739736 0.0001135940762441321256 166.8067379664536247 -0.8584020408888863862 0.5129774923980788826 -0.0001687987142059063899 54.13946550408015668 -0.0002031683679465121702 -1.091944785087831361e-05 0.999999979301689379 0.484321715364528782
0.5069210492815272584 0.8619924802145855214 0.000117690508130218369 167.5983474433001845 -0.8619924642431349149 0.5069210626618549931 -0.0001667934538159467496 52.74970589492352246 -0.0002034345003849488665 -1.689721849952396617e-05 0.9999999791644437197 0.4840095056416491848
0.4965548267895436019 0.8680053515314136714 0.000117077179400076599 168.4001057855306271 -0.8680053351832623942 0.4965548402826245322 -0.0001693739122160670943 51.30844841197587414 -0.0002051527023311033805 -1.752018270435788024e-05 0.9999999788027055247 0.4836749200785190883
0.485527470590546073 0.8742214041953736414 0.0001084013286273476594 169.1708806103197276 -0.8742213865829292496 0.4855274825998601718 -0.0001757370076197070316 49.84992438588135855 -0.0002062648777693096866 -9.441615021283810791e-06 0.9999999786828277504 0.4833277119341183314
0.4691061486143872084 0.8831417838028404743 0.0001050521118242438037 169.8959853469585823 -0.8831417659191687086 0.4691061602851714363 -0.0001779716488505201548 48.39769209084890633 -0.0002064547922399006207 -9.288312795181030856e-06 0.999999978645072618 0.4829854179242847323
0.4495651123779056957 0.8932475572097220429 0.0001061778597940251577 170.5854644118816452 -0.8932475402030413125 0.4495651246264574796 -0.0001750515534190301545 46.94765023823462258 -0.0002040982352481873275 -1.614604080028314264e-05 0.999999979041607423 0.4826578951894674452
0.427050327793677964 0.9042278505814401734 0.0001084731010602881386 171.2292727080964028 -0.9042278340656930702 0.4270503409182122567 -0.0001744268808745494501 45.47797587971044919 -0.0002040451183650705141 -2.359534057262824546e-05 0.9999999789044243803 0.4823448721665170025
0.4040812028083725638 0.9147231100145074567 0.00011638109237510741 171.8558058271818538 -0.9147230954056323471 0.4040812177261517979 -0.0001679723820783642107 43.98554278294230357 -0.00020067563325849966 -3.858199087523414713e-05 0.999999979120359539 0.4820397073587351366
0.3820134559265130902 0.9241567529303525985 0.0001245252667138870104 172.4669678422544905 -0.924156740138717403 0.3820134725519155339 -0.0001626260702888607213 42.44634755958011851 -0.0001978623106178022692 -5.295551741641444586e-05 0.9999999790231093311 0.481721882430404702
0.3586718040218737635 0.9334637241635239668 0.0001125730506322127723 173.0237221363543938 -0.9334637089775187357 0.3586718191376699894 -0.0001737257655610156305 40.85897022092672159 -0.0002025434809598777343 -4.277232363520876385e-05 0.9999999785733330038 0.4813729890676549106
0.3411070255807314155 0.9400244599843015081 0.0001083186093029591903 173.5354285333625342 -0.940024444279615734 0.3411070402517725753 -0.0001767758683346686553 39.29476260372784679 -0.0002031218803930734753 -4.152264987306521931e-05 0.9999999785086850501 0.4810306735608868567
0.3340531432347014773 0.9425542354642133525 0.0001034684543199950558 173.9845194808694941 -0.9425542200816112715 0.3340531569639505483 -0.0001747312122769586974 37.82055225714883306 -0.0001992576080112186225 -3.91551175823048753e-05 0.9999999793816408689 0.480726379428575934
0.3338423395517111647 0.9426289191732813988 0.0001142938475041686895 174.4861685230912087 -0.9426289051219129966 0.3338423552492236213 -0.0001705067352114097751 36.22868379021590357 -0.0001988807067653834346 -5.081431694272428145e-05 0.9999999789321842858 0.4804366598559534074
0.3427957830291469277 0.9394099402443049085 0.0001237330116163894123 175.0196992447213518 -0.9394099272147733437 0.3427958002956761896 -0.0001671891549818655721 34.61590302248988138 -0.0001994743108310446001 -5.892428214062709843e-05 0.9999999783689637045 0.4801215811344166084
0.3597120823805740053 0.9330633438333723051 0.0001191056249499237936 175.5657024669822874 -0.9330633297836327111 0.3597120986023988332 -0.0001695121548525118618 33.01696571116416123 -0.0002010093123331724405 -5.015752080092103282e-05 0.9999999785397392094 0.4797714039354274429
0.3833775435132278364 0.923591709062315469 0.0001186732782615142201 176.1393215687386942 -0.9235916954950866842 0.3833775590770664432 -0.0001649571285272145871 31.48613182199132865 -0.0001978497080060350073 -4.636479555975279207e-05 0.9999999793528989711 0.4794505155732166624
0.4084731998227503769 0.912770304949223843 0.0001242243817015758459 176.7834593390561793 -0.9127702924512038907 0.4084732158237747712 -0.0001586674522408149503 29.94402753212596835 -0.0001955692714447278442 -4.857692329078827626e-05 0.9999999796964710308 0.4791351409331103262
0.4305389449524738565 0.9025719917627138544 0.0001287125904752320609 177.4540795140372609 -0.9025719801374656459 0.4305389612692396839 -0.0001533041785979458887 28.47340217414136276 -0.0001937838428281743019 -5.016895834348768137e-05 0.9999999799654486488 0.4788234601597686213
0.4506897188538313559 0.8926806607577189023 0.0001234133275305500507 178.1824388872485088 -0.8926806462744001358 0.4506897343204223638 -0.0001647651021460677125 26.93093164274014839 -0.0002027037400499076807 -3.591075141571155403e-05 0.9999999788108052678 0.4784738696319544293
0.4678198614872652317 0.8838238304128308576 0.0001182990275806525786 178.9325316253063818 -0.8838238142366100503 0.4678198757970184474 -0.0001708793281017138496 25.42038479488263292 -0.0002063698586909166327 -2.46147541732335904e-05 0.9999999784027970851 0.4781159928924237912
0.4814702091837665399 0.8764624483995201443 0.0001192320889162254156 179.6952027276137471 -0.876462432758606802 0.4814702233515009699 -0.0001673049698587131522 23.9681343850309112 -0.0002040432239929367724 -2.395008787904710372e-05 0.9999999788963777059 0.4777864446956211486
0.4900059348331621822 0.871719089053384022 0.0001166638311487041733 180.4873412621070941 -0.8717190728975343639 0.490005948355217269 -0.0001688946403552765078 22.47159286076625406 -0.0002043946532572743328 -1.893871059402494738e-05 0.9999999789320748178 0.4774442346798783987
0.4934572451620125588 0.8697700461474533462 0.0001184229987684807335 181.3025766204898162 -0.8697700302891034907 0.493457258949269062 -0.0001673421596429321861 20.96428009665637049 -0.000203985886283894859 -2.042457412892495006e-05 0.9999999789862970001 0.4770998525934349033
0.4936700012908956103 0.8696493055199204791 0.000123435812512796817 182.1456597884121038 -0.8696492904094039744 0.493670016023701308 -0.0001642309686071197141 19.43290267645694058 -0.0002037599073351365744 -2.626996427858019413e-05 0.9999999788958940927 0.4767576413592333195
0.4954530596122398989 0.8686347043775112242 0.0001267836597898320584 182.9912826992253656 -0.8686346893354116583 0.4954530749981205795 -0.0001641959562303584952 17.919720688866839 -0.000205441660002528162 -2.877729604405876652e-05 0.9999999784827953153 0.4764113455938675523
0.4970157267155692615 0.8677415237775442103 0.0001237410715456548375 183.822878191830398 -0.8677415089286527605 0.4970157414124327655 -0.0001627043556545371855 16.44342093256687676 -0.0002026865859183441876 -2.650864057404665774e-05 0.9999999791077195388 0.4760691123888569631
0.4957023752693734409 0.8684924539179751379 0.000112436948994422764 184.634052865879255 -0.8684924377320862865 0.4957023878166487152 -0.0001682774003635256592 14.93832268453538603 -0.0002018829164760101429 -1.423513285896950444e-05 0.9999999795203240449 0.4756947662726674353
0.4938358511152006747 0.8695551393874115798 0.0001082612445690349991 185.4347841330834115 -0.8695551220069397402 0.4938358629141357259 -0.0001740505081905151436 13.43210964183919032 -0.0002048097990419609307 -8.186738880554114884e-06 0.9999999789929612248 0.475330101524881421
0.4927750335410640559 0.8701567402976090326 0.0001167710374816214821 186.2538881460657194 -0.8701567240482535048 0.4927750470383114867 -0.0001691515120319635483 11.92919391339445134 -0.0002047301818138636876 -1.825546142365101797e-05 0.9999999788761447794 0.4750122913020655702
0.4918147219516369462 0.8706998707566797613 0.0001197420893333890542 187.056490593958074 -0.8706998550879021526 0.4918147360236022059 -0.0001666798527101149283 10.43173770211681273 -0.0002040190502688548333 -2.228381441493953655e-05 0.9999999789398290595 0.4746727222820535386
0.4959841497459725468 0.868331566264295529 0.000119297916204887477 187.8563366892838644 -0.868331550326299606 0.4959841636715199842 -0.0001676222554828380124 8.946577912059044735 -0.0002047215728408028354 -2.045216266472935944e-05 0.9999999788353929331 0.4743255324028869402
0.5079871021449069435 0.8613646669192139838 0.0001209950576014999209 188.6591300006753329 -0.8613646514577745217 0.507987116134664296 -0.0001645066746381707674 7.520183778361174909 -0.0002031641673832290575 -2.065359668608993538e-05 0.9999999791488745071 0.4739968626655624018
0.5282234577899413974 0.8491053916464998963 0.0001118906357731418703 189.4608260594192757 -0.8491053746771227706 0.5282234696140026831 -0.0001698399251039075662 6.109678386233336589 -0.0002033152559679713204 -5.293507701844392848e-06 0.9999999793174422225 0.4736481113718538638
0.5596865538583190025 0.8287043803864494462 0.0001065867833249583229 190.2442551600277909 -0.8287043629846022608 0.5596865639662309544 -0.0001699652647176484396 4.826009392295690148 -0.0002005061499084168509 6.798340907550136929e-06 0.9999999798755327962 0.4733354854205688578
0.5990572600104044909 0.8007061798129978536 0.000113315198959348747 191.0908417096862877 -0.8007061616734539866 0.5990572706150960602 -0.0001708320478287418827 3.57426445078956867 -0.0002046685702143773156 1.160600047624859481e-05 0.9999999789880381629 0.473014161486736473
0.6401725333982771771 0.7682311578712268663 0.0001247417264652375115 192.0158570851312447 -0.7682311402996361283 0.6401725454806488358 -0.0001645873018374559911 2.379514759616007336 -0.0002062973220203918857 9.533791217136437421e-06 0.9999999786752603592 0.4727346781291613675
0.6866117461174141567 0.7270242736262721994 0.0001251160240291903801 192.9753800175047047 -0.7270242554306148852 0.6866117571736465308 -0.0001640996953702528497 1.274143995417450936 -0.0002052105949381132822 2.171039416324397917e-05 0.9999999787086347736 0.4724266490586960243
0.7355524423031203352 0.6774677779528999189 0.0001202485242649735202 193.9848860444957097 -0.6774677586678551355 0.7355524509758735174 -0.0001668267680100911159 0.2420584458130400352 -0.0002014688565761934961 4.124533843444977188e-05 0.9999999788545604895 0.4721190188229656415
0.7859884822729975573 0.6182411259853428653 0.000126003165954121423 195.1022909314662854 -0.6182411069679895066 0.7859884908755863098 -0.0001608363941263981332 -0.6928255176329500831 -0.0001984727116579527485 4.851521651272200906e-05 0.9999999791274277738 0.4718496517815133906
0.8353424087777873153 0.5497299743969348285 0.000123891492306592028 196.2364987468394304 -0.5497299544412237449 0.8353424151920663121 -0.0001630133983932085791 -1.506399805832270289 -0.0001931051697301938231 6.806514045547788902e-05 0.9999999790387645859 0.4715683343011882744
