1607108459751583 0.9999727208254475 0.007386311999347236 0.0 0.0 -0.007386311999347236 0.9999727208254474 0.0 0.0 0.0 0.0 1.0 0.494999999999999
1607108460001584 0.9999819800812607 0.006003262028135145 1.885602419076126e-05 -0.05669289357809939 -0.0060032620654540386 0.9999819802569655 1.923175321847672e-06 0.002486356685516255 -1.884413908470969e-05 -2.0363383211186933e-06 0.9999999998203761 0.495014178193690
1607108460251588 0.9999804907275651 0.006246443885420209 1.004050252759778e-05 -0.33345171562858195 -0.006246443976561994 0.9999804907362528 9.071832968822984e-06 0.00025214700077432183 -9.983639949230244e-06 -9.134373420517894e-06 0.9999999999084452 0.494965193465761
1607108460501598 0.9999554417286662 0.009440045593689867 9.70487914832023e-06 -0.6871540388765288 -0.009440045791611623 0.9999554415626362 2.055463911844936e-05 -0.00973007806823503 -9.51040998365248e-06 -2.0645337742870336e-05 0.9999999997416613 0.494930651199995
1607108460751644 0.99998116683113 0.006137259281741985 5.415499912927704e-06 -1.0839392382987072 -0.0061372592875679356 0.9999811668451968 1.0598339849231188e-06 -0.0014865129336841634 -5.408893446030529e-06 -1.093050352030483e-06 0.9999999999847748 0.494962508120612
1607108461001603 0.9999923994898623 0.0038988343112562403 7.161593634339269e-06 -1.5645851183282096 -0.003898834354393531 0.999992399497222 6.0193712017628535e-06 -0.012526523357106648 -7.138070671669383e-06 -6.047247318778153e-06 0.9999999999562397 0.494951602686638
1607108461251604 0.9999997013324089 -0.0007727915862897031 1.1226076264742538e-05 -2.2293510760674415 0.0007727914520272318 0.9999997013240126 1.1959295711152304e-05 -0.032600837822211653 -1.1235314954911672e-05 -1.1950616723547811e-05 0.9999999998654754 0.494950678044642
1607108461501607 0.9999701733051994 -0.007723497509233402 9.163055256329189e-06 -2.987607030240987 0.007723497430217347 0.9999701733105729 8.627604947786335e-06 -0.06256015813113157 -9.229417238071383e-06 -8.556576781140558e-06 0.9999999999208016 0.4949467889382912
1607108461751615 0.9998277461069807 -0.01856011898480936 9.781215540899726e-06 -3.782206103764555 0.018560118756654094 0.9998277458963043 2.2922079320686533e-05 -0.15515302753862384 -1.0204967205977545e-05 -2.2736590381314725e-05 0.9999999996894533 0.49489961038979
1607108462002244 0.9995750965579094 -0.02914834950098613 7.770577609723775e-06 -4.633975020016137 0.029148349420138185 0.9995750965371746 1.0322169990594841e-05 -0.23169082640946317 -8.068150082901696e-06 -1.0091284553694007e-05 0.9999999999165357 0.4949302977003217
1607108462251630 0.9994947566182211 -0.03178413890362789 2.1459588775988045e-06 -5.540834534798671 0.031784138938356216 0.9994947564432382 -1.876664485253637e-05 -0.23556448085680476 -1.5483929989582275e-06 1.882537058459006e-05 0.9999999998216043 0.494940620495012
1607108462502253 0.9993329937008005 -0.036518046015776635 3.735385537398898e-06 -6.579174087169999 0.036518046062591555 0.9993329936169818 -1.3343884733722117e-05 -0.2698769371124087 -3.2456014146743803e-06 1.3471393259695282e-05 0.9999999999039941 0.4949426256107938
1607108462752252 0.9991528159743472 -0.04115398262472393 6.513355744888288e-06 -7.68753642656788 0.04115398260291968 0.9991528159905291 3.4470320705666755e-06 -0.31561254836659663 -6.64969683200703e-06 -3.1760612710559243e-06 0.9999999999728473 0.494935035459645
1607108463002259 0.9988862833974371 -0.047182547313853615 8.197465545959196e-06 -8.842932258814967 0.04718254721765256 0.9988862833687575 1.1557323710708556e-05 -0.39017176220357824 -8.733639865068172e-06 -1.1157674822248344e-05 0.9999999998996152 0.49493687685900
1607108463252261 0.9990215397534117 -0.04422627142781837 4.699253232649732e-06 -9.939077791154189 0.04422627145590403 0.9990215397448958 -6.050914133105908e-06 -0.35274575074829695 -4.427045829305645e-06 6.252824003292301e-06 0.9999999999706519 0.4949334072579496
1607108463502262 0.9990047268616246 -0.04460443542248958 6.821975559458927e-06 -11.126041105815396 0.044604435367390484 0.9990047268551352 8.026241230059666e-06 -0.3937841676572147 -7.173191789037198e-06 -7.713962559858692e-06 0.9999999999445204 0.494928794243512
1607108463752263 0.9988872133995346 -0.04716285469808835 6.434845115040776e-06 -12.406446221305647 0.047162854621174054 0.9988872133562771 1.1622436877609984e-05 -0.45965604561319096 -6.975831807054324e-06 -1.1306017920942633e-05 0.9999999999117561 0.494924363288120
1607108464002272 0.9986133495068149 -0.05264388045276918 5.951619686993155e-06 -13.74902890745583 0.052643880414873556 0.9986133495063322 6.354182498599492e-06 -0.5627545025656555 -6.277875694461438e-06 -6.032055113240606e-06 0.9999999999621014 0.494926190489145
1607108464252275 0.9984859232922961 -0.05500782636835205 4.809126235821476e-06 -15.04014014943113 0.05500782629948908 0.9984859232172317 1.3438949422654812e-05 -0.6449414497272679 -5.541092245869242e-06 -1.315406224175495e-05 0.9999999998981337 0.494904999199019
1607108464502275 0.998485635923154 -0.055013042309465285 5.362768920142722e-06 -16.450606898840064 0.055013042282914745 0.9984856359266051 4.978812252586723e-06 -0.6815385205326436 -5.628547344671143e-06 -4.676250284819173e-06 0.9999999999732263 0.49493610931351
1607108464752279 0.99815554469776 -0.060708389399581376 6.587419082087086e-06 -17.94783991457537 0.060708389458270555 0.9981555446743696 -9.108407511813983e-06 -0.7997773077867185 -6.022312131855151e-06 9.491519064465229e-06 0.9999999999368216 0.4949650950471030
1607108465002282 0.9976416771588622 -0.0686373364292723 6.427635469836034e-06 -19.48721579621779 0.06863733646059356 0.9976416771659341 -4.7858913875744395e-06 -0.9769407627692264 -6.0839861930691415e-06 5.215780489000755e-06 0.9999999999678906 0.4949540778296785
1607108465251665 0.9973955216333253 -0.07212609376896342 4.602706505085118e-06 -21.03214923999344 0.07212609374256444 0.9973955216297673 5.664845799993411e-06 -1.0893321274405894 -4.999302054916302e-06 -5.318116590813372e-06 0.9999999999733624 0.4949204669126464
1607108465502294 0.9970323644318785 -0.07698353242432492 2.935699473967467e-06 -22.512260193275782 0.07698353244183935 0.9970323644142369 -6.410908659750992e-06 -1.215935046072774 -2.4334529930675184e-06 6.617883934896779e-06 0.9999999999751412 0.494887086492875
1607108465751673 0.9967406451684774 -0.08067271073217881 3.1650303241389156e-06 -23.94904980156552 0.08067271076820134 0.9967406450766388 -1.3685164492990374e-05 -1.3160099050584404 -2.0506950505086197e-06 1.3895891261922835e-05 0.9999999999013496 0.49489808499962
1607108466002299 0.9967077589506493 -0.08107800687568355 6.812349857132895e-06 -25.586836785002973 0.0810780069004575 0.9967077589659706 -3.442295136974287e-06 -1.347848831916887 -6.510827530625878e-06 3.9832940203542135e-06 0.9999999999708715 0.494986433953843
1607108466252299 0.996711776063003 -0.08102860837596386 8.930649882657e-06 -27.265394086311954 0.08102860820142213 0.9967117759468789 1.842625432348667e-05 -1.3992316842578558 -1.039433765033975e-05 -1.764202654266449e-05 0.9999999997903586 0.495034896810560
1607108466502307 0.9969716449789834 -0.07776592493283506 5.000773973862145e-06 -28.8044547920165 0.07776592492055738 0.9969716449890803 2.604738216385888e-06 -1.3304459061455494 -5.18818973155666e-06 -2.2079603309387473e-06 0.999999999984104 0.494941897197923
1607108466752307 0.9970686598272845 -0.07651200931519427 4.306002196838941e-06 -30.34238187187108 0.07651200938381032 0.9970686596493258 -1.9050353901059475e-05 -1.297132690694628 -2.8357989837199613e-06 1.9323971713899254e-05 0.9999999998092715 0.4949049324070201
1607108467002314 0.9972109488464219 -0.07463459975917924 4.168175471393362e-06 -32.031245060902435 0.07463459983138565 0.9972109486226317 -2.128209006979942e-05 -1.2419467386827698 -2.5681699414611984e-06 2.1533823340322216e-05 0.9999999997648497 0.4949083835865777
1607108467252313 0.997276174771092 -0.07375792284463786 7.02496722974564e-06 -33.86399000929092 0.07375792277769957 0.9972761747569184 9.353860339299336e-06 -1.258309656546863 -7.695753755896173e-06 -8.810235068091698e-06 0.9999999999315778 0.4950010429766803
1607108467502326 0.997545127839452 -0.07002655135167736 5.227754090520743e-06 -35.58402364007149 0.0700265513736839 0.9975451278429641 -4.152173549511768e-06 -1.1293703823910402 -4.92415822828512e-06 4.508062084658217e-06 0.9999999999777152 0.494937801626478
1607108467752324 0.9971499660280577 -0.0754449815493406 2.651483731613425e-06 -37.23162351957216 0.07544498157653388 0.9971499659528358 -1.2366993016508418e-05 -1.3406983512247899 -1.7108993527553448e-06 1.2531787807590631e-05 0.9999999999200138 0.494850062966374
1607108468002329 0.9969493105668408 -0.07805172740503843 2.6754797155993705e-06 -39.02912633094 0.07805172743064466 0.9969493105033036 -1.1395074241256257e-05 -1.4388261857267741 -1.77791242929763e-06 1.15691372222124e-05 0.9999999999314972 0.49484772571354
1607108468252327 0.9972801669777581 -0.07370392441165069 8.76949389394687e-06 -40.823328868374674 0.07370392422629392 0.9972801668323301 1.9856793634072222e-05 -1.3221781995962665 -1.0209165950676627e-05 -1.9156440357610803e-05 0.999999999764402 0.49507371244832
1607108468502329 0.9977633486772712 -0.06684534384930232 6.305071750220787e-06 -42.61723521466046 0.06684534387171492 0.9977633486898528 -3.413353750602317e-06 -1.0561622030847442 -6.062802698105305e-06 3.827183957708977e-06 0.9999999999742977 0.494994575858087
1607108468751756 0.997146845467409 -0.07548621361887554 1.1209298075411397e-05 -44.35573066144308 0.07548621322907426 0.9971468450506505 3.186904674828152e-05 -1.5193147420911863 -1.358298988182983e-05 -3.0931971968502624e-05 0.999999999429358 0.4951657242406065
1607108469001714 0.9970700980466951 -0.07649326434440686 9.426444517651999e-06 -46.091051531911695 0.07649326392436633 0.99707009736481 3.889592139622913e-05 -1.643032847638151 -1.2374101950327905e-05 -3.806090065188256e-05 0.9999999991991249 0.4951134831905724
1607108469251718 0.9970158745368335 -0.07719679914638637 1.099423089107136e-05 -47.928271306646494 0.07719679847516639 0.9970158732880728 5.2101569916400634e-05 -1.79942478282576 -1.4983497141073408e-05 -5.109737286856877e-05 0.999999998582277 0.495217868152394
1607108469501720 0.9969857350290395 -0.07758507631287981 8.93854456252005e-06 -49.90372328434871 0.07758507620082987 0.99698573500237 1.226632334775289e-05 -1.8800659788124614 -9.863285053551391e-06 -1.15358517379814e-05 0.9999999998848201 0.495101898968742
1607108469751731 0.9965082339504354 -0.08349454853463201 5.6347090970605805e-06 -51.73140837191593 0.08349454861867985 0.9965082338170176 -1.6840974282051996e-05 -2.228827805647923 -4.2089044658306344e-06 1.7252637032507494e-05 0.9999999998423161 0.494913951941652
1607108470001733 0.9962366909000167 -0.08667442353653358 2.638539242158956e-06 -53.39641131358885 0.08667442357668036 0.9962366904206931 -3.0903751805636556e-05 -2.425900471465368 4.995527071617796e-08 3.10161453032106e-05 0.9999999995189983 0.494741108448125
1607108470252366 0.9967078780973401 -0.08107654228915924 5.186435586385851e-06 -55.177274999801 0.08107654243308902 0.9967078772768716 -4.048574440844208e-05 -2.143560204985429 -1.8869170353049329e-06 4.077295866751669e-05 0.999999999167003 0.4948931966735075
1607108470502363 0.9972642304888896 -0.07391924319973693 8.363538465284057e-06 -56.99003179468095 0.07391924325510214 0.9972642304985675 -6.51618281407458e-06 -1.7934681115314164 -7.858986449676697e-06 7.116582474107638e-06 0.9999999999437956 0.4950976530915650
1607108470752364 0.9978653151370559 -0.06530553436684707 5.025161676867558e-06 -58.77115903349826 0.06530553447605651 0.997865314803187 -2.602498976392921e-05 -1.3102011575264247 -3.314858675206603e-06 2.6297605481417028e-05 0.9999999996487241 0.4949186946846313
1607108471002374 0.9984071632737469 -0.05641929030309178 1.770011167061646e-06 -60.59339692228972 0.056419290330601564 0.9984071628722316 -2.8315721405194753e-05 -0.8030991845277071 -1.696389214574365e-07 2.8370481858196408e-05 0.9999999995975437 0.4947364134759097
1607108471252368 0.9988346266489889 -0.04826374003330321 1.655410735335133e-06 -62.385781999981305 0.048263740055988866 0.9988346264707356 -1.8884951677152608e-05 -0.3270571670693738 -7.420231651981982e-07 1.894283997119132e-05 0.9999999998203093 0.49472938411377
1607108471502375 0.9992736065028722 -0.03810852024597711 5.40116476864884e-06 -64.17943741097218 0.03810852023367311 0.9992736065151444 2.3629657256230378e-06 0.2706990931976409 -5.487290524957965e-06 -2.155418885819373e-06 0.9999999999826221 0.494940564965577
1607108471752378 0.9996437777053879 -0.02668927882071748 9.417978703218259e-06 -66.00544001896665 0.026689278692754094 0.9996437776625395 1.3460874133902381e-05 0.968350424286386 -9.773884831782582e-06 -1.3204720012127784e-05 0.9999999998650535 0.495174953843672
1607108472001753 0.9998952159717899 -0.014476081201101216 1.214719137178e-05 -67.8211053252991 0.014476080939373921 0.9998952158211188 2.1364508056934804e-05 1.7340320318565976 -1.2455192891787892e-05 -2.118642567228327e-05 0.999999999698002 0.4953291686176752
1607108472251763 0.9999984047358795 0.0017861734964561772 1.0378071282101064e-05 -69.60185294146437 -0.0017861737762629873 0.9999984044243279 2.7014930027522238e-05 2.7894499490026043 -1.0329801371102095e-05 -2.703342397040636e-05 0.9999999995812447 0.4951745897030687
1607108472502389 0.9996363054744908 0.026967697319527573 8.738425413397882e-06 -71.33188440744517 -0.02696769750660789 0.9996363052644633 2.2049310566839568e-05 4.493631664406088 -8.14062816062542e-06 -2.2276946566577502e-05 0.9999999997187341 0.495028874616307
1607108472752397 0.9984842337343838 0.05503848545331149 1.003162577190371e-05 -73.04845521180059 -0.05503848560842673 0.9984842336495566 1.5904590895237585e-05 6.450310373379402 -9.141055576510392e-06 -1.643260874360291e-05 0.9999999998232054 0.4951350897806343
1607108473002398 0.995902461867923 0.09043387852715046 7.596991499212896e-06 -74.63528842854404 -0.09043387853297649 0.9959024618962785 4.262059409442165e-07 9.010017969679813 -7.5273190807971305e-06 -1.1114849523074453e-06 0.9999999999710523 0.495075659112644
1607108473252403 0.9910958087999829 0.13315065811584118 4.4936860592829575e-06 -76.02338845017614 -0.1331506581007623 0.991095808806002 -3.504019380079879e-06 12.180218308134135 -4.92023590596458e-06 2.8744816654657572e-06 0.9999999999837645 0.494887447707253
1607108473502407 0.9850631425131412 0.17219351108430242 6.023017302149869e-07 -77.30687521721481 -0.1721935110637 0.9850631424387039 -1.2414062579023203e-05 15.156221755587442 -2.730926257370192e-06 1.2124923045829002e-05 0.9999999999227644 0.494734943829555
1607108473752409 0.9765945390560438 0.21508860100675897 7.976582322931261e-07 -78.38582721775738 -0.21508860095639254 0.9765945388953531 -1.8334706599601815e-05 18.51060315099726 -4.722575065950684e-06 1.773400714718025e-05 0.9999999998316014 0.494904203652161
1607108474002417 0.9650997599458465 0.26188251820911235 2.5866748450078705e-06 -79.20793313960903 -0.2618825181252654 0.965099759811004 -1.763177916786201e-05 22.258032037568135 -7.1138540006288175e-06 1.6339020920376336e-05 0.999999999841215 0.495089028601876
1607108474252422 0.9493067327617272 0.3143512797575955 6.766403357932842e-06 -79.70577808251201 -0.31435127967604704 0.9493067327502035 -1.0905639995914632e-05 26.560051996135343 -9.851594153502608e-06 8.22576991884521e-06 0.9999999999176417 0.495291617818342
1607108474501794 0.9295829607552543 0.36861296643077496 7.096982700896906e-06 -79.87062674501432 -0.368612966404795 0.9295829607806536 -4.722151894763671e-06 31.10626578314962 -8.337880609592982e-06 1.7735920935732857e-06 0.9999999999636673 0.49515726056568
1607108474751797 0.9059272212921526 0.4234334300658949 4.719912460128565e-06 -79.72170729546775 -0.42343342991198085 0.9059272211755112 -1.9077715724509753e-05 35.83032917805095 -1.235403978627475e-05 1.5284453273064317e-05 0.9999999998068818 0.4955200921127597
1607108475001801 0.8770126733926646 0.4804672420741946 -1.9030473750678016e-07 -79.07867139602469 -0.4804672419079363 0.8770126730786292 -2.6657553239376222e-05 40.87280241506199 -1.2641181418856979e-05 2.347044722497693e-05 0.9999999996446696 0.495532487520361
1607108475251175 0.841502091302108 0.5402538572956179 -3.0252406437883874e-06 -77.87881975340206 -0.5402538569940333 0.8415020906162585 -3.859150148457054e-05 46.30828071155501 -1.8303461209544474e-05 3.410922713197245e-05 0.9999999992507722 0.4960485832744398
1607108475501182 0.800328213933933 0.599562131875466 1.8563599258574407e-07 -76.16134590745528 -0.5995621316922566 0.8003282136969532 -2.447547046100893e-05 51.825278969909945 -1.4823134970634617e-05 1.9477109247861984e-05 0.9999999997004587 0.495755219792622
1607108475751814 0.7532947800368867 0.6576830348767958 1.481045485064896e-06 -73.88310913536455 -0.6576830348451463 0.7532947800194831 -8.36924149997645e-06 57.387060214959305 -6.619971982206928e-06 5.330447445451062e-06 0.9999999999638813 0.495031839065885
1607108476001193 0.7006428291189711 0.7135121764834844 3.425304970102438e-06 -71.05176671470379 -0.7135121764885781 0.7006428291220409 4.0250285881532364e-07 62.88499273377494 -2.112724674028931e-06 -2.726007546089863e-06 0.9999999999940528 0.494637296654393
1607108476250573 0.6452003018811374 0.7640134621759311 8.012700970428084e-06 -67.99766132503974 -0.7640134622048629 0.6452003017732225 1.2619368146159806e-05 68.03231295969736 4.471570063691412e-06 -1.426383154751239e-05 0.9999999998882743 0.4940783974044145
1607108476501198 0.586310149291683 0.8100866674530742 7.078417418801161e-06 -64.51822409547121 -0.8100866673443571 0.5863101490059914 2.36907610913299e-05 72.89976812246347 1.5041421730392067e-05 -1.962426524920393e-05 0.9999999996943221 0.493106603479685
1607108476751245 0.5265736237347235 0.8501295305875448 2.765855863027135e-06 -60.85082485226318 -0.8501295304852955 0.526573623614258 1.7560426405509346e-05 77.32672390251605 1.3472210312873925e-05 -1.1598193112927142e-05 0.9999999998419911 0.493198930945070
1607108477001203 0.4651082175026792 0.8852538313676517 7.625050352989158e-06 -56.96645589985301 -0.8852538312964354 0.465108217298691 1.9338656425926006e-05 81.39951278528792 1.357314611809242e-05 -1.574467305800622e-05 0.9999999997839377 0.4932344205917207
1607108477250578 0.4154943622179908 0.9095957535296391 1.1121177437094688e-05 -54.144424987143545 -0.9095957531664267 0.4154943616134965 3.587145417507689e-05 84.36388336952939 2.8007735871029443e-05 -2.5020162741352933e-05 0.9999999992947795 0.4919125451527611
1607108477499962 0.38705684395486056 0.9220558547935781 1.3651163946461022e-05 -53.244517476008724 -0.9220558546182707 0.38705684343394814 3.021400727078781e-05 85.9396149784196 2.2575225874539514e-05 -2.4281673936702794e-05 0.9999999994503801 0.4924779867894820
1607108477750593 0.36848568903269385 0.9296334207068659 8.98438559258831e-06 -53.28637062140542 -0.9296334206957054 0.36848568888913197 1.4396907426622007e-05 86.92966695970959 1.0073228784302695e-05 -1.3657239464356295e-05 0.9999999998560052 0.493582079910126
1607108478001219 0.3610208955607416 0.9325577263451229 5.502581948044504e-07 -54.313093531173024 -0.9325577263408839 0.3610208955607876 -2.859346911282361e-06 87.30119994942997 -2.86516076070179e-06 5.191364515838794e-07 0.9999999999957612 0.4946420332587504
1607108478251255 0.35553354997320247 0.9346635195717214 -4.798117067145814e-06 -55.51732370477774 -0.9346635194885621 0.3555335498588254 -1.6118423288250483e-05 87.57617132592654 -1.335941064705226e-05 1.0215265236561885e-05 0.9999999998585873 0.495523007060979
1607108478501857 0.3539173421270151 0.9352767050098181 -2.3441251276435146e-06 -57.18044100734642 -0.9352767048745536 0.35391734203051994 -1.807807204581845e-05 87.63226237597121 -1.607837312141653e-05 8.590548834452006e-06 0.9999999998338445 0.4958405111543419
1607108478751854 0.3574364346386985 0.9339374685654093 -4.217114222765675e-07 -59.31421984965324 -0.9339374681946297 0.35743643448399565 -2.834326689331215e-05 87.3848205616307 -2.6320103906112784e-05 1.052476836241179e-05 0.9999999995982409 0.496850414955431
1607108479001856 0.363529225842512 0.9315827939331094 -1.9730691153673926e-06 -61.694139183205756 -0.9315827932266746 0.3635292254826067 -3.9771477055838656e-05 86.98216571769306 -3.633315542727269e-05 1.6296171502481878e-05 0.9999999992071684 0.4977557013226525
1607108479251858 0.37377767910472626 0.9275183268274482 2.5046496597416057e-07 -64.46709910149168 -0.9275183266629338 0.37377767904348846 -1.873558068161391e-05 86.2606353396786 -1.7471212659653727e-05 6.770631017740067e-06 0.999999999824458 0.496017430025000
1607108479501871 0.3876336249178843 0.9218135238834986 4.034187881653541e-06 -67.61518810973539 -0.9218135238898256 0.387633624902927 4.025676432948887e-06 85.22769453015093 2.1471361065713373e-06 -5.279256495682945e-06 0.9999999999837599 0.4942849175643489
1607108479751866 0.4041873901358664 0.9146762015290212 3.0604014888952802e-06 -70.97648748605876 -0.9146762015285514 0.40418739014283117 -2.1436464271570383e-06 83.95510692318555 -3.197718062006216e-06 -1.932841554252695e-06 0.9999999999930196 0.4947624796906401
1607108480002494 0.42086792839873854 0.9071219250093355 3.2371643340532463e-06 -74.40176176935745 -0.9071219250128303 0.420867928386997 3.7446039905172665e-06 82.58244742089532 2.034393733158941e-06 -4.512486466461985e-06 0.9999999999877496 0.4942865876770366
1607108480252502 0.4362582755055619 0.8998214917639625 3.218340276450425e-06 -77.70572196842573 -0.8998214917696888 0.4362582755018475 1.8147634493904903e-06 81.25077146100797 2.2893557524737536e-07 -3.687637321467949e-06 0.9999999999931748 0.4944642004316371
1607108480502504 0.4506127488759506 0.8927195251284087 1.6538404433394953e-06 -80.86739442923692 -0.8927195250954795 0.4506127488740607 -7.951800280002196e-06 79.9505050949923 -7.843968958269326e-06 2.1067669275273177e-06 0.9999999999670168 0.495141959873176
1607108480751884 0.4660238741720359 0.8847721450707462 2.52272996388763e-06 -84.14988684065622 -0.8847721450742414 0.46602387417145397 8.497251241868423e-07 78.46985025323865 -4.238392704129734e-07 -2.6280333959526556e-06 0.9999999999964573 0.4944963074928468
1607108481001887 0.4804201436326604 0.8770384744014365 3.056542838034815e-06 -87.32990439606591 -0.8770384744036087 0.48042014361866864 4.356164136849638e-06 77.0200898956408 2.3520987996048098e-06 -4.7734946679427345e-06 0.9999999999858409 0.494277178458896
1607108481251899 0.4947114766059694 0.8690572794165449 2.2853409657953557e-06 -90.42259541280724 -0.8690572794066977 0.49471147661124426 -4.137513563266162e-06 75.52426517245792 -4.726320684600485e-06 6.078324210997814e-08 0.9999999999888294 0.494871146557890
1607108481501267 0.511884812187054 0.8590540955284037 2.4224498873505858e-06 -93.74465566317231 -0.8590540954828783 0.5118848121859569 -9.230885631607062e-06 73.65699211056207 -9.169845412823165e-06 2.6441346610307025e-06 0.9999999999544615 0.49526086103986
1607108481751901 0.5293951130133009 0.8483753970370599 4.196770210233012e-06 -97.10141177025734 -0.8483753970009434 0.5293951130296009 -7.850821152492021e-06 71.6596278256313 -8.882193152137763e-06 5.957497580438921e-07 0.9999999999603764 0.495312861030253
1607108482001906 0.5500848738051864 0.8351087543402126 5.7304733652319924e-06 -100.67910108494885 -0.835108754286394 0.5500848738348626 -9.490953863834418e-06 69.19682184045111 -1.10782253768796e-05 4.3526168496892444e-07 0.999999999938542 0.495571636565148
1607108482251297 0.5704389302742682 0.8213400189919523 5.255056235821962e-06 -104.19027395901827 -0.821340018938819 0.5704389302975138 -9.400847092691974e-06 66.64405890012715 -1.0718980587491558e-05 1.0464211709749398e-06 0.9999999999420044 0.4955080630075266
1607108482501905 0.5910608224574763 0.8066269919373191 5.6401513756809e-06 -107.71032812130261 -0.8066269918244227 0.5910608224726452 -1.4000375587670197e-05 63.935897285831274 -1.4626753357287921e-05 3.7255751719703743e-06 0.9999999998860893 0.4958353204740314
1607108482751914 0.6128410778344757 0.790206184031861 5.852373887773001e-06 -111.22637160620016 -0.7902061839425591 0.6128410778557244 -1.2220463198805529e-05 60.9261371326097 -1.3243260712856977e-05 2.8646198015367345e-06 0.9999999999082054 0.49571170112273
1607108483001918 0.6357581035541833 0.7718883557298226 7.187941407533212e-06 -114.83039215976302 -0.7718883556053997 0.6357581035849229 -1.4306000432518907e-05 57.59746189437096 -1.5612427148894867e-05 3.5468674311826906e-06 0.9999999998718361 0.495956193069036
1607108483251917 0.6561705104692591 0.7546126563657191 6.399430069375529e-06 -118.18180355468535 -0.7546126563644514 0.6561705104945449 -3.111648773149596e-06 54.45200725977943 -6.5472068418944485e-06 -2.787318759997622e-06 0.9999999999746827 0.49520343650594
1607108483501923 0.6761351856442898 0.7367775856454816 4.684498574268346e-06 -121.42649466529767 -0.7367775856583421 0.6761351856138266 6.647439589338214e-06 51.19546413846965 1.7303301783400297e-06 -7.946001350383511e-06 0.9999999999669338 0.494497415495387
1607108483751924 0.695045653668096 0.7189656036815838 6.134483481889388e-06 -124.5680880488913 -0.7189656036909169 0.6950456536849134 -9.135706946996956e-07 47.96757565176334 -4.920571987720669e-06 -3.7755092792274224e-06 0.9999999999807669 0.4950820907785291
1607108484001941 0.7092355047637665 0.7049716297373823 6.758096750953862e-06 -127.35474398628331 -0.7049716297125178 0.7092355047957538 -5.946149976345358e-06 45.42059201800514 -8.984949200128449e-06 -5.470458004016773e-07 0.999999999959486 0.4954004571850516
1607108484251932 0.723673192920069 0.6901428183872871 8.665542955270007e-06 -130.1561417871798 -0.6901428183464617 0.7236731929717544 -7.525706580619136e-06 42.72361461807906 -1.146483348920398e-05 -5.343101274773393e-07 0.9999999999341362 0.4957107820415908
1607108484501938 0.7368507140617512 0.6760554896816123 7.4706264377859705e-06 -132.81648225794092 -0.6760554896201485 0.7368507140974334 -9.291435268116236e-06 40.164597344505815 -1.17862622454954e-05 1.7958426978073713e-06 0.9999999999289297 0.4956157465419715
1607108484752575 0.7476536910482696 0.6640888180164567 6.720982341248748e-06 -135.32937964766325 -0.6640888179246974 0.7476536910653524 -1.189539373143173e-05 37.98789871256593 -1.2924565217995404e-05 4.430305811494627e-06 0.9999999999066642 0.4956118620681358
1607108485001944 0.7581964670125818 0.6520261631137693 4.747890261059678e-06 -137.750432450562 -0.6520261630373023 0.7581964670069459 -1.143705280629154e-05 35.78516836034833 -1.1057091280312659e-05 5.575784361338117e-06 0.999999999923326 0.4953068310145299
1607108485251949 0.7690452512578225 0.6391943378050604 5.788811026188777e-06 -140.17309418036078 -0.6391943377703823 0.7690452512780298 -6.8382495929463276e-06 33.42967548031143 -8.822828050565127e-06 1.558748146011968e-06 0.9999999999598643 0.4952629100773694
1607108485502581 0.7786788897815544 0.6274226538132525 9.395156490242427e-06 -142.52036594370236 -0.6274226538365969 0.7786788898192075 -5.797195224684537e-07 31.245408913130124 -7.679539186771353e-06 -5.443318664189754e-06 0.9999999999556977 0.4955494656076386
1607108485751958 0.7895867713215546 0.6136389251286761 1.089465618462158e-05 -144.84442113988226 -0.6136389251673955 0.7895867713665787 2.702036750740219e-07 28.680761433910998 -8.43646890924488e-06 -6.898734358615824e-06 0.9999999999406171 0.4957374691099825
1607108486001959 0.8037924573423199 0.5949098128692321 8.322110219242283e-06 -147.2547721885628 -0.594909812852291 0.8037924573844869 -4.650537611769403e-06 25.22424091771987 -9.455899884129476e-06 -1.2128379781412628e-06 0.9999999999545577 0.495507310830347
1607108486251972 0.8212337386261788 0.5705919263796394 9.4978295045372e-06 -149.7559654901985 -0.5705919263479874 0.8212337386809677 -6.028299920827173e-06 20.75283496050449 -1.1239637298009585e-05 -4.6874155157888335e-07 0.9999999999367257 0.495710455106825
1607108486501964 0.8429048948495587 0.5380625782955095 8.626163002939737e-06 -152.19153021579461 -0.5380625782922426 0.8429048948908194 -2.8928872418970533e-06 14.825043853023752 -8.827589387417015e-06 -2.2029866896929596e-06 0.9999999999586104 0.495491852233567
1607108486751973 0.8702428272555869 0.4926230014897134 3.3520789676915864e-06 -154.3731312418755 -0.4926230014691654 0.8702428272564955 -5.468051228996371e-06 6.680502225752049 -5.610810486771196e-06 3.107221158881234e-06 0.9999999999794322 0.494683064546790
1607108487001970 0.9007431522315197 0.4343521309558939 6.314026871030366e-06 -156.12410773045426 -0.43435213077987633 0.9007431521408333 -1.887178051955992e-05 -3.5106731896514396 -1.3884314550147596e-05 1.4256116048208183e-05 0.9999999998019946 0.495059157603356
1607108487251975 0.928874718934422 0.3703940556527382 7.705993256144335e-06 -157.02485405194244 -0.37039405552325605 0.9288747189076343 -1.4320114886717227e-05 -14.441105697740626 -1.2461987750037366e-05 1.044733859655326e-05 0.9999999998677762 0.495131623366109
1607108487501983 0.9571062911075285 0.28973703153586655 8.771697512738158e-06 -156.69571921148435 -0.28973703150315366 0.9571062911454757 -4.822837626121513e-06 -27.84871592333635 -9.79280153086061e-06 2.0744826343712818e-06 0.999999999949899 0.495343295367950
1607108487751987 0.9825684049514978 0.18590139727406463 8.965903900329497e-06 -154.21932324256338 -0.1859013973239067 0.982568404969832 5.082032410322092e-06 -44.493935595407294 -7.864856968406153e-06 -6.6602185426799785e-06 0.9999999999468929 0.4956776176917449
1607108488001990 0.9974734667215059 0.07104001074312649 7.613442546219062e-06 -149.3147311974962 -0.0710400107832273 0.9974734667345008 5.132548075325186e-06 -62.08865121635904 -7.229590659966495e-06 -5.660439562402934e-06 0.9999999999578464 0.495518624250494
1607108488251991 0.9981978476574412 -0.060008806313635824 9.727903068165947e-06 -141.1696110245093 0.06000880628484695 0.9981978477013634 3.225027657626763e-06 -81.15205902828694 -9.903901965375494e-06 -2.6354558157093023e-06 0.9999999999474838 0.495694082937497
1607108488502616 0.9791146155417592 -0.20330904919311474 1.2102588350250786e-05 -129.19531737533032 0.20330904929231308 0.9791146155663717 -7.611809070163047e-06 -100.68484506882145 -1.0302271475242474e-05 9.913399242797811e-06 0.999999999897794 0.494871141500889
1607108488752622 0.9384720851211267 -0.34535510028523697 1.2375221341731547e-05 -114.03570638325687 0.3453551004639357 0.9384720849673203 -1.7843853966589315e-05 -118.60761518619549 -5.45133379841248e-06 2.1019804648406034e-05 0.9999999997642257 0.4933677799798525
1607108489002631 0.8741672656074465 -0.48562494949744983 1.2797136377484814e-05 -95.51294299792578 0.4856249496515255 0.874167265481665 -1.529800264788828e-05 -134.72536963412153 -3.7577459498176335e-06 1.9587621853003482e-05 0.9999999998011024 0.493217785402501
1607108489252633 0.7859918115072838 -0.6182369061274857 1.1965799189733485e-05 -73.96309200399863 0.6182369062214058 0.7859918114950768 -6.799974068298144e-06 -148.1636020555462 -5.201025251404785e-06 1.27424226077001e-05 0.9999999999052902 0.493920394849142
1607108489503255 0.6710962639841651 -0.7413702208629751 9.046923770861327e-06 -49.054190706182375 0.7413702208602514 0.6710962640343071 4.3110383357798045e-06 -158.47252201400664 -9.26743218679472e-06 3.8139981530834965e-06 0.9999999999497844 0.49513270341896
1607108489753258 0.5373706387485359 -0.8433461902270546 6.186306525219702e-06 -22.779294361100956 0.8433461900810838 0.5373706387733145 1.6057631729881313e-05 -164.4641571738696 -1.686648203260697e-05 -3.41170178076491e-06 0.9999999998519411 0.4967656523782087
1607108490003889 0.3854355854746438 -0.922734744864138 8.252248519579332e-06 4.66361413650621 0.9227347446355514 0.3854355855628661 2.0541219660788343e-05 -165.96049133972795 -2.2134807323299526e-05 -3.0268059593675533e-07 0.9999999997549796 0.4973349706212814
1607108490253896 0.21929063248372105 -0.9756595812304745 7.472079383954263e-06 32.39415010925218 0.9756595810838489 0.2192906325830553 1.727364426238199e-05 -162.64711736903232 -1.849175354221923e-05 3.5022574659853552e-06 0.9999999998228948 0.496535827907641
1607108490503941 0.041284938357007646 -0.9991474134565433 6.7619789318239205e-06 59.86895335819205 0.999147413402681 0.04128493843677277 1.2114920084515494e-05 -154.25510988746535 -1.2383758950615141e-05 6.256050030339969e-06 0.9999999999037523 0.4954369326177728
1607108490754527 -0.14434935183849842 -0.9895267882181918 4.490302526400606e-06 86.23522849616647 0.989526788215577 -0.14434935181206132 5.741905284386127e-06 -140.526444229482 -5.033596835196914e-06 5.272114943196442e-06 0.9999999999734344 0.494396239532943
1607108491003905 -0.32487602997153425 -0.9457566098877207 1.1782334362441453e-06 109.52756406668955 0.9457566098774188 -0.3248760299614728 5.235621232365469e-06 -122.17936863283809 -4.5688435862534735e-06 2.815249900718335e-06 0.9999999999856004 0.494488855942122
1607108491254536 -0.48794633285014477 -0.8728736313090486 -4.606364079696145e-06 128.29875282109504 0.8728736313150791 -0.4879463328596949 1.1708803638065368e-06 -100.75355289324087 -3.2696890554959293e-06 -3.4494469616857756e-06 0.9999999999887057 0.4947015869400378
1607108491504540 -0.6274062134662397 -0.7786921363962414 -4.047237759293224e-06 142.05846417322064 0.7786921363994301 -0.6274062134744104 1.0777093425874248e-06 -77.83268356048826 -3.3784659079899524e-06 -2.4753906794560415e-06 0.9999999999912295 0.4946561452291650
1607108491755164 -0.7396506977023544 -0.6729909697463415 -5.105561181969154e-06 150.9698021605088 0.6729909697142911 -0.7396506977183372 6.749981347321719e-06 -55.09972327320126 -8.319008383209479e-06 1.5566318422387997e-06 0.9999999999641858 0.495139387022817
1607108492005801 -0.8126078144733787 -0.5828108954179846 -6.054205862955482e-06 154.94439789512774 0.5828108954167852 -0.8126078144939665 2.1428745108212937e-06 -37.24084402421446 -6.168585607226722e-06 -1.787140567101424e-06 0.9999999999793776 0.495029613029207
1607108492255805 -0.8606952068023891 -0.5091205760005793 -8.831670767517614e-06 156.22377484572624 0.5091205759056919 -0.860695206833221 1.1024642867122325e-05 -23.49627454774579 -1.3214249224670987e-05 4.992471965083449e-06 0.9999999999002296 0.4956395665226115
1607108492505800 -0.8968250068847359 -0.4423854732853623 -7.074396360161398e-06 156.05496879510778 0.4423854731918457 -0.8968250068823616 1.170668130779379e-05 -11.605371772548141 -1.1523361315365288e-05 7.3692343631393606e-06 0.9999999999064537 0.495257368973736
1607108492756432 -0.925447205178184 -0.3788765899655489 -1.3163902225802236e-06 154.91034704769197 0.3788765898668604 -0.9254472050061707 1.987190832765444e-05 -0.7578358576154651 -8.747250515493559e-06 1.7891652584959556e-05 0.9999999998016871 0.494221937608405
1607108493007061 -0.9435853561272947 -0.33112939419408083 -7.451952665288358e-07 153.06915412995144 0.3311293941361579 -0.9435853559998558 1.6715675834452246e-05 7.117892319884408 -6.238206953477754e-06 1.5525910878075872e-05 0.9999999998600155 0.4940219761312001
1607108493257693 -0.9532567294565815 -0.3021615589752455 -4.599821648670211e-06 151.12249642070833 0.30216155881880086 -0.9532567292840383 2.108690289745388e-05 11.729031245153392 -1.0756462393579582e-05 1.8711342810786513e-05 0.9999999997670923 0.494467336887587
1607108493507690 -0.9588408186711894 -0.2839441571445187 -8.439169423673789e-06 149.25018948728047 0.28394415702032927 -0.9588408186510263 1.3431741806860317e-05 14.56960197163773 -1.1905684725288415e-05 1.0482649462336598e-05 0.9999999998741846 0.4951172312534688
1607108493757694 -0.9606881328100502 -0.27762981003084014 -7.612267835944599e-06 147.5083672662098 0.27762980998000625 -0.9606881328286969 7.095435856351133e-06 15.524484502690953 -9.282919882811068e-06 4.703108551511737e-06 0.9999999999458542 0.49509061267996
1607108494007702 -0.9624444191489414 -0.2714788021723195 -4.2316172200650086e-06 145.66115076698634 0.27147880213703157 -0.9624444191395627 7.424252406266984e-06 16.43502790134229 -6.088223527678354e-06 5.996635920772465e-06 0.9999999999634872 0.4945896000227482
1607108494257701 -0.9633296184934942 -0.26832078958836747 -2.3708975052498067e-06 143.84621201441894 0.2683207895485078 -0.9633296184463273 1.0857558347074163e-05 16.874265669302037 -5.1972644178079595e-06 9.823246449732525e-06 0.9999999999382461 0.494245408247665
1607108494507704 -0.962942055455504 -0.26970835693480344 -5.6943176416502034e-06 142.1297966303695 0.26970835689739364 -0.9629420554604654 6.561205049447311e-06 16.646385505570084 -7.2529097677104015e-06 4.782255221809185e-06 0.9999999999622626 0.4948144449992169
1607108494757706 -0.9589827943565832 -0.28346428356726167 -8.21617734608791e-06 140.60964469435896 0.2834642835417061 -0.9589827943903619 4.148202798074958e-06 14.600287454908495 -9.055040044826415e-06 1.6490622859989965e-06 0.9999999999576432 0.4952296676521627
1607108495008339 -0.9528412129101583 -0.3034693114107436 -3.091147065997774e-06 139.12154477440237 0.30346931132226235 -0.952841212800441 1.650285313361999e-05 11.611088260842637 -7.953481796099891e-06 1.478653032503551e-05 0.9999999998590507 0.494351950450948
1607108495258343 -0.944268715762956 -0.32917562550129315 -2.2310259751957724e-06 137.6132202171193 0.3291756254346074 -0.9442687156722378 1.4839312865361913e-05 7.812206709529912 -6.991428126710018e-06 1.327789953146373e-05 0.9999999998874087 0.4943133570597480
1607108495508347 -0.9348001019984432 -0.3551742801679274 -2.943121566300558e-06 135.9813962177268 0.35517428011719304 -0.9348001019567111 1.1078082137968208e-05 3.9777055388248574 -6.685880189257717e-06 9.310471228932415e-06 0.9999999999343072 0.4945017944107244
1607108495758350 -0.9229274678169224 -0.3849738810677382 -6.515691043684142e-06 134.2954934293899 0.38497388101885127 -0.9229274678288025 7.626618937979585e-06 -0.40834204927721485 -8.949559328100907e-06 4.530445235837346e-06 0.9999999999496907 0.495043410218828
1607108496008355 -0.9046420156077682 -0.42617229327791917 -6.092706107254488e-06 132.42125919422764 0.4261722932008997 -0.9046420155994528 1.085417300905841e-05 -6.492746899992921 -1.0137465736250145e-05 7.2225984151583875e-06 0.9999999999225331 0.495043463640764
1607108496258356 -0.878905814738329 -0.4769953551206151 -3.2061486691971e-06 130.08215213667685 0.47699535504201857 -0.8789058146839147 1.3450287969155122e-05 -14.057510298788964 -9.233627594440727e-06 1.0292218283237244e-05 0.9999999999044056 0.4947780564848333
1607108496508359 -0.8479923762293592 -0.5300084243173014 -2.70993210004418e-06 127.2500958788369 0.5300084242460612 -0.8479923761810224 1.2838911400830297e-05 -22.0473031594228 -9.10273296232952e-06 9.45101214485116e-06 0.9999999999139102 0.4948099446193293
1607108496758364 -0.8138180731215182 -0.5811197327838936 -5.2652449502013285e-06 123.93590947397689 0.5811197327421455 -0.8138180731323856 7.652186993514308e-06 -29.847352118947317 -8.731788360845787e-06 3.1677503359515025e-06 0.9999999999568603 0.495084927433533
1607108497008369 -0.7738559933120884 -0.6333615883451975 -4.645103227004758e-06 119.96130470407 0.6333615883416517 -0.7738559933252539 2.3858661109033145e-06 -37.93067428641447 -5.105756921424212e-06 -1.095713168706378e-06 0.9999999999863656 0.494865279163165
1607108497258370 -0.7300298980257729 -0.6834152090593204 -3.55707594468934e-06 115.46664269620692 0.683415209052274 -0.7300298980344206 3.107617074576333e-06 -45.83056558623572 -4.720564561910687e-06 -1.6230642429893275e-07 0.9999999999888451 0.494768861460103
1607108497507748 -0.6853801204672455 -0.7281854780639502 -1.687563437664269e-06 110.62938374043891 0.728185478043557 -0.6853801204625268 6.246301134739684e-06 -53.050304256342486 -5.705088210139043e-06 3.052231435625008e-06 0.9999999999790679 0.4947246802118554
1607108497757756 -0.645667758800116 -0.763618455277379 -1.8953028836267011e-06 105.96513167245476 0.763618455201411 -0.6456677587674526 1.2719790247914976e-05 -58.89662591891541 -1.0936802545646265e-05 6.76547020166014e-06 0.9999999999173075 0.495153755587841
