0.9999727208254474142 0.007386311999347235611 0 -0 -0.007386311999347235611 0.9999727208254474142 -0 0 -0 0 1 0.4949999999999998845
0.9999823681941574227 0.005938254774225817587 2.081522405125074069e-05 0.05632244873710139099 -0.005938254749641030256 0.9999823684101718513 -1.242700053539942486e-06 0.002473258725444595768 -2.082223651528398292e-05 1.119072039406244108e-06 0.9999999997825907982 0.495015156161272285
0.9999797067868082534 0.006370675621655867531 2.255936870682338902e-05 0.2915761375378788656 -0.006370675367779248151 0.9999797069789595483 -1.13077445967455827e-05 -0.0009356204383192054386 -2.263094888191755373e-05 1.116379671174138781e-05 0.9999999996816046899 0.4949682250919955617
0.9999666999629419628 0.008160792284576785793 2.08984314068922267e-05 0.6531323680094313078 -0.008160792017372178395 0.9999667001010743572 -1.283938268396540688e-05 -0.003746288838242310595 -2.100251502638456329e-05 1.266840737984551114e-05 0.999999999699202724 0.4949399360088097
0.9999721700458247264 0.007460486190280495901 1.678933347154368789e-05 1.099361391947027977 -0.007460486115809975873 0.999972170177227393 -4.493850547155773325e-06 0.009068460354717082506 -1.682239253731214647e-05 4.368468894261306917e-06 0.999999999848961596 0.4949317351505274631
0.9999760113800713057 0.006926501023199499452 1.581808257886436697e-05 1.606866156416287605 -0.006926500864420712458 0.9999760114555700241 -1.007062002248820923e-05 0.006381170949945005715 -1.588745728597705832e-05 9.960814479557001346e-06 0.9999999998241851928 0.4949084716004204521
0.9999968691648937202 0.002502268643668044846 1.772788364051159019e-05 2.284228427693641539 -0.002502268460353283472 0.9999968692688774308 -1.035511986314215576e-05 0.010182667958632605 -1.77537394310093838e-05 1.031072751886710456e-05 0.9999999997892465853 0.4949028659797372054
0.9999848401089058703 -0.005506293839785394648 1.681513223576448058e-05 3.062356217128331615 0.005506293903125714616 0.9999848402430033811 -3.722894138202804763e-06 0.03186128788735048678 -1.679437797338656648e-05 3.815426759643144609e-06 0.9999999998516955202 0.4949026950260104196
0.9999182034937655894 -0.01279007241658212425 1.927722751986409583e-05 3.867396708745528766 0.01279007281484730203 0.9999182034606400871 -2.068016546402822641e-05 0.01932188319668448964 -1.901114989549262612e-05 2.09250310423924322e-05 0.9999999996003594571 0.4948372299624801962
0.9997519305012542157 -0.02227278723220051451 2.025232894301280429e-05 4.725781167608902322 0.02227278774028665018 0.9997519303770063814 -2.521820701390177345e-05 0.01254067666817954875 -1.968562519620891259e-05 2.566302696972279574e-05 0.9999999994769424028 0.4948267609650399135
0.9996874745732619028 -0.02499905579202963898 1.982607698590194657e-05 5.676675490324527118 0.02499905599490621216 0.9996874747142511231 -1.005183951742407989e-05 0.04321861487280360958 -1.956859433861800004e-05 1.054433127071934625e-05 0.9999999997529434026 0.4948581944845487635
0.9994919316568207091 -0.03187284174468385523 2.267747920727598599e-05 6.73196654946263795 0.03187284218255748147 0.9994919317153891924 -1.921661490279664636e-05 0.0512949801955182999 -2.205346937365051244e-05 1.99296472649731681e-05 0.9999999995582266044 0.4947979394821707122
0.9992838442738336546 -0.03783910740491891467 2.294210025956119352e-05 7.793485772589686 0.0378391080544095218 0.9992838441041979047 -2.856949940956542296e-05 0.04661919000012344771 -2.184462578253488073e-05 2.941714780968622973e-05 0.9999999993287216338 0.4947447854576496606
0.9991441169250893095 -0.04136463669633930196 2.114700943444781388e-05 8.91480732322927949 0.04136463716853391176 0.9991441168781955984 -2.240175786308452849e-05 0.06851184916687323712 -2.020226949063041758e-05 2.325732295013673706e-05 0.9999999995254823526 0.4947560362886980756
0.9990299539589685418 -0.04403578756272737843 2.255447202389854913e-05 10.06228652505081023 0.04403578815026049087 0.9990299538427751536 -2.625110530194866226e-05 0.07703365784747996658 -2.137660504862018749e-05 2.72188444730631455e-05 0.9999999994010874138 0.4947188778720270075
0.9991298118767801828 -0.04170873359017886195 2.374038445047721061e-05 11.27714769760963698 0.04170873436153200303 0.99912981158230596 -3.298026006595580328e-05 0.07332892465033717666 -2.234416096207099823e-05 3.394174242403134314e-05 0.9999999991743481198 0.4946774668412843301
0.9990902919108330948 -0.04264490715616169741 2.24811342727067876e-05 12.57001629246758689 0.04264490775511482756 0.9990902917768043068 -2.687248171646767903e-05 0.08111551161668410781 -2.13147085121377663e-05 2.780674149976412109e-05 0.999999999386233962 0.4946657892735293327
0.998953206642116065 -0.04574374825563431307 2.090912037565334633e-05 13.86376182811596003 0.04574374874354807108 0.9989532065625457147 -2.348462451335767479e-05 0.09375450420093102422 -1.981295809404405218e-05 2.441650251331718339e-05 0.9999999995056403357 0.4946360471856356411
0.9988063048299060664 -0.04884634070834779213 2.08246277182897611e-05 15.20390807537212474 0.04884634097517617096 0.9988063049556957784 -1.250276785632143909e-05 0.1347059008733969832 -2.018905500487571455e-05 1.350505022892721898e-05 0.9999999997050076361 0.4946303131130908026
0.9985906546764258263 -0.05307262879689111229 2.162699890885981939e-05 16.61522142122083423 0.0530726290855256036 0.9985906548106895375 -1.299773302346597836e-05 0.1793389404222320849 -2.090669514203287381e-05 1.41272164205353103e-05 0.9999999996816657521 0.4945888367612810699
0.9983821424378592768 -0.05686033003153229126 2.306789693557451305e-05 18.10781067388563059 0.05686033045406210101 0.998382142516333615 -1.809372264245694955e-05 0.2280141189101249632 -2.200176132493577392e-05 1.937609781908955817e-05 0.9999999995702444355 0.4945529626679413537
0.9982490708299863735 -0.0591505882963067886 2.221490657081105397e-05 19.59192882492918031 0.05915058861981956073 0.9982490709570162046 -1.41991334550618792e-05 0.2870117043420467029 -2.133612274854437504e-05 1.548829657790426546e-05 0.9999999996524410184 0.494527460386330775
0.9978280123924445633 -0.06587303895800476761 2.063039237550244454e-05 21.12037145272415017 0.06587303919527920382 0.9978280125289737956 -1.104028861390287029e-05 0.3600880726873490478 -1.985832605976925062e-05 1.237529588941511955e-05 0.9999999997262492002 0.4945118351251527322
0.9975559149056368868 -0.06987271487012206017 1.885972191692654766e-05 22.62545088869341825 0.06987271502060929396 0.9975559150456231317 -7.441158902037155315e-06 0.4450836808985396131 -1.829369318008035813e-05 8.740752051349222416e-06 0.9999999997944698515 0.4944740513511994839
0.99729783986461773 -0.07346440066871713637 2.092811816097048654e-05 24.15111970442488953 0.07346440094320433323 0.9972978399835962238 -1.266261899598622088e-05 0.5324812833779217769 -1.994131532142089826e-05 1.416587423529003001e-05 0.9999999997008357511 0.4944435920222754466
0.9971830283996905298 -0.07500671522949740877 2.333099780800663861e-05 25.76435701016285762 0.07500671569593379828 0.9971830284409027856 -1.980332096417086011e-05 0.6197262856550759258 -2.177989299457822221e-05 2.149751709091059806e-05 0.9999999995317463419 0.4944014623973382316
0.9970445442673089298 -0.07682562202608811397 2.343782390944270145e-05 27.3527950775779729 0.07682562265222067643 0.9970445441263083852 -2.7097843075440594e-05 0.7021859771493085267 -2.128674580526693553e-05 2.88183820152357739e-05 0.9999999993581873969 0.4943613250041481999
0.9970797228787927624 -0.07636770125644540275 2.076026662318813178e-05 28.92707964540226229 0.07636770154629006491 0.9970797229807049078 -1.354584789406199208e-05 0.8019949947324247486 -1.966517562841503883e-05 1.509170410987063663e-05 0.9999999996927604329 0.4943537031480112476
0.9969470510971912836 -0.07808057971187080948 1.956284943953619346e-05 30.48102382022487333 0.07808057981869562236 0.9969470512694164066 -4.75652776151495656e-06 0.9104561713452257177 -1.913173261813847769e-05 6.269484952449069246e-06 0.9999999997973350041 0.4943212094397727019
0.9973916822749900879 -0.07217916305636866425 2.348148232198191544e-05 32.1780688273276283 0.07217916340354126048 0.997391682423928283 -1.428856985471077838e-05 1.00702783410166119 -2.238889814554380743e-05 1.594617447416937805e-05 0.9999999996222281862 0.4942905951257924868
0.9975126355610733908 -0.0704878804551964111 2.464077393944273995e-05 33.88945115505092787 0.07048788093069470462 0.9975126356510176651 -1.89919181098756768e-05 1.098172451263602856 -2.324078330347065089e-05 2.068155422762576887e-05 0.9999999995160694377 0.4942483587708296211
0.9976217078777366298 -0.06892697310784218212 1.874917116701206525e-05 35.56907396784617248 0.06892697312475763727 0.9976217080527195469 -2.567661330034411678e-07 1.214487063674417833 -1.868688205186285126e-05 1.548479085272169602e-06 0.999999999824201069 0.4942245237829000493
0.9976338165523267465 -0.06875149200103457259 2.05207891637047516e-05 37.3071558517914994 0.06875149225318841206 0.9976338166756775205 -1.18453841249529753e-05 1.309303018839615529 -1.965784538266777425e-05 1.322819065032293936e-05 0.9999999997192918766 0.4941727887512137318
0.9974420518497401078 -0.07147973568980614534 2.428432015414625612e-05 39.07358975217078267 0.07147973648497356336 0.9974420515215630667 -3.362628226550250205e-05 1.38257884803553166 -2.181860434578912445e-05 3.527610478431647659e-05 0.9999999991397722221 0.4940960411955835352
0.9973594090222929198 -0.07262374690236476915 2.495588757907390886e-05 40.82336344009812024 0.07262374775088738244 0.9973594086598005504 -3.496599999708158217e-05 1.463586225767263826 -2.235062734446950869e-05 3.668605917740494081e-05 0.9999999990772910907 0.4940439396157480512
0.9974933465311197622 -0.07076032002900031759 2.716198161646885768e-05 42.67757769495614895 0.07076032089602835029 0.9974933463129357358 -3.240902925770673188e-05 1.546174287586512097 -2.480062265299740564e-05 3.424978158744822833e-05 0.9999999991059406179 0.4940190181929275948
0.9974609352730884337 -0.07121574102676939133 2.8920170959838067e-05 44.47464875142821228 0.07121574211026136803 0.9974609348780336671 -3.834261637686916125e-05 1.618166687114906299 -2.611614292424871512e-05 4.030483342894968619e-05 0.9999999988467335177 0.4939581570538639776
0.9974762422521594729 -0.07100102311885946038 2.933971536788828347e-05 46.2488970605431291 0.07100102447454634258 0.9974762414282051237 -4.808386888708908246e-05 1.677574825912511169 -2.585166512323811957e-05 5.004566669935082296e-05 0.9999999984135611308 0.4938997435310015782
0.9973213188865930334 -0.07314496568742363813 2.985170949743228415e-05 48.05784585674994247 0.07314496721705963933 0.997321317767589699 -5.384576198568405365e-05 1.731141368696399452 -2.583319984073832951e-05 5.588502867257892339e-05 0.9999999981047544839 0.4938520743803337942
0.9967382108394504669 -0.08070277729281011281 2.814304657436369765e-05 49.91687064162154286 0.08070277810661592721 0.9967382107463924612 -2.908929490191977733e-05 1.842192356715240731 -2.570366299940918912e-05 3.126563379805567052e-05 0.9999999991808906641 0.4938527411798229183
0.996451030177992525 -0.08417448440589425651 2.518832961493945181e-05 51.72501208156942454 0.08417448484806827613 0.9964510303132936286 -1.704026602964885397e-05 1.963268910443221715 -2.366458138949231727e-05 1.910000530927150601e-05 0.9999999995375884465 0.4938282680401363534
0.9966449949917444151 -0.08184591258749138176 2.351295295609575966e-05 53.48908901428431761 0.0818459128372428929 0.9966449951998012091 -9.86200961159540742e-06 2.083098723552845311 -2.262690170945357799e-05 1.17533616181478516e-05 0.9999999996749406872 0.4937863573943545581
0.9973312224546148075 -0.07300980870130424627 2.351201986175917053e-05 55.27599584130872046 0.07300980873636062074 0.9973312227289935494 -6.35013912104415574e-07 2.205726137592320502 -2.340290927331125081e-05 2.349927274347328597e-06 0.9999999997233905979 0.4937666123633501214
0.9979724477702459629 -0.06364741084403958971 2.421871402373884104e-05 57.02662142332502526 0.0636474109099104679 0.9979724480579929002 -1.958111677392798239e-06 2.304714298742563283 -2.404498058467756966e-05 3.495599946873725976e-06 0.9999999997048095723 0.493718525980437084
0.9986342574626750901 -0.05224575836636058401 2.359932353324096824e-05 58.74313488381199733 0.05224575859356642149 0.9986342576880293809 -9.115587701321630883e-06 2.37523038242318929 -2.309084214614714345e-05 1.033610271573436298e-05 0.9999999996799887603 0.4936663146485366638
0.999136489902317293 -0.04154845115738763778 2.74650924134001326e-05 60.53835226030490446 0.04154845182575423596 0.9991364899582263481 -2.422953814642022231e-05 2.415647399082652136 -2.643467624806036185e-05 2.534974776459661506e-05 0.9999999993292988387 0.4936074431887061409
0.9995071680488244459 -0.03139140080410687816 3.125392224628425781e-05 62.36232200335667386 0.03139140203271730684 0.9995071677132967292 -3.962822916475934707e-05 2.431310518489432138 -2.999453367944731854e-05 4.058980354559077095e-05 0.9999999987263976653 0.4935359311795149417
0.9998181738671382268 -0.01906877669901001562 3.102284209633733841e-05 64.17648657473107221 0.01906877791233360653 0.9998181735530412562 -3.929660592624171491e-05 2.431640953927221016 -3.026786311974779972e-05 3.988102846249609275e-05 0.9999999987466797746 0.4934826687900730757
0.9999791744520732939 -0.006453665191325013914 2.949543790943954646e-05 66.00887270263088169 0.006453666269601181921 0.9999791742099685132 -3.660959904432346541e-05 2.408549890740149468 -2.925855754862228828e-05 3.679919034210706399e-05 0.9999999988948780061 0.4934386094516680643
0.9999917643815038337 0.004058317713297295015 3.505335268688937548e-05 67.84171885077539343 -0.004058315581354352518 0.9999917631635782955 -6.067843649036468325e-05 2.335321966082346989 -3.529931633178311689e-05 6.053567919852184236e-05 0.9999999975446947076 0.4933565582253665038
0.9998302314839174754 0.01842572147778532426 3.163971793428665258e-05 69.6555890061403602 -0.01842571968184161108 0.9998302304412119978 -5.614544987959754248e-05 2.252047780055887127 -3.266886689505895834e-05 5.555293357641714712e-05 0.9999999979233081815 0.4933238351830999124
0.9990262220200833987 0.04412036726403914533 3.01827419592986538e-05 71.46798230782228245 -0.04412036569063804148 0.999026221246424706 -5.094748647420947925e-05 2.127670911258445763 -3.240117246087598066e-05 4.956620132095829624e-05 0.9999999982466776238 0.4932609876974782814
0.9973223929559180689 0.07313031825391762275 3.260359703963605887e-05 73.33478600924286184 -0.07313031665095927336 0.9973223924555624231 -4.791112676703020482e-05 1.952114368668434796 -3.602005335060364953e-05 4.539852822104004998e-05 0.9999999983207644716 0.4932095136215612907
0.9940179573373822963 0.1092167543405126867 3.262475724467163538e-05 75.1798949053653871 -0.1092167528118835607 0.9940179570016337562 -4.545061894239616932e-05 1.714807628696798814 -3.739356362767867417e-05 4.161556135330138112e-05 0.9999999984349330351 0.4931352673186513713
0.9886231941893701691 0.1504133603712750067 3.057548876163074134e-05 77.01974233392627411 -0.1504133590597188097 0.9886231939931151569 -4.144219947722600441e-05 1.404312116493785512 -3.64610978419702524e-05 3.637175765187866227e-05 0.9999999986738415947 0.4930633526884568019
0.9822496065276846711 0.1875785425897531222 2.895419264860038471e-05 78.84327082369004813 -0.1875785418239931945 0.9822496067228869698 -2.724244913833037969e-05 1.041862393019173938 -3.35503432480099194e-05 2.132769971026005009e-05 0.9999999992097515777 0.4930068206950918852
0.9731496739057079459 0.2301732203499507745 2.851630804029052339e-05 80.61459867541441326 -0.2301732194804776976 0.97314967404251973 -3.077599703449394961e-05 0.596720420447299893 -3.483444622121482324e-05 2.338596104891012457e-05 0.9999999991198288418 0.4929235419795143791
0.9606905190008810935 0.2776215515086530305 2.901686767698039322e-05 82.33581412976037939 -0.2776215509538160209 0.9606905193533987752 -2.174228994869257113e-05 0.09315095666391234874 -3.391235794751417521e-05 1.283190400677215973e-05 0.9999999993426469391 0.4928686196691703381
0.9443882002829688815 0.3288326719741804238 3.179384745547045511e-05 84.03941066765943901 -0.3288326714503040926 0.944388200774840425 -2.064821096777778251e-05 -0.4980317885704380609 -3.681554077820243625e-05 9.045071000456928386e-06 0.9999999992814011529 0.4927927638203449812
0.9231018878830951069 0.384555462077647181 3.428039290277600534e-05 85.73428594312099449 -0.3845554615980565916 0.9231018885050840117 -1.989184305012426816e-05 -1.196855050350246641 -3.929381232296540177e-05 5.179485556554162663e-06 0.9999999992145843786 0.4927220965398177999
0.89643430707791949 0.4431766372497005224 3.594454265424449718e-05 87.40148338346723733 -0.4431766367511159599 0.896434307793122831 -2.12524528787376977e-05 -2.011564330517209065 -4.164051181330473119e-05 3.121646346992258954e-06 0.9999999991281612877 0.4926498309479049875
0.8675157746441211071 0.4974096696338173862 3.606410596842354914e-05 89.00131392213593529 -0.4974096693453575191 0.8675157753885142098 -1.720580061591494962e-05 -2.913300078293457052 -3.984451245303809321e-05 -3.012331575301745982e-06 0.9999999992016701533 0.4925773621040183126
0.8313129426593277582 0.5558046331196830891 3.42347253788868644e-05 90.52321834227359432 -0.5558046328185389795 0.8313129433567248983 -1.863492393887145068e-05 -3.915674108475702742 -3.881714738278925248e-05 -3.53636551299975762e-06 0.9999999992403613147 0.4925042228408866851
0.7889195099275820855 0.614496547025014106 2.349874041933451807e-05 91.94742761991849989 -0.6144965461805688145 0.788919510171219085 -3.472158305633018117e-05 -5.043201064214546392 -3.987490767661916024e-05 1.295263946143504563e-05 0.9999999991211102612 0.4923862553627876837
0.7428076690312426233 0.6695048665632771234 2.187905375266531159e-05 93.32086847299369481 -0.6695048655036094365 0.7428076691885683314 -4.079059638963284957e-05 -6.288780552336570295 -4.356143171494636265e-05 1.565143488255296925e-05 0.9999999989287169377 0.4922956288385066381
0.6892492050131395764 0.7245243491218176235 3.03412922102040992e-05 94.54556109672630271 -0.7245243486095028773 0.6892492056740660011 -2.742038124216338293e-05 -7.565105664440803679 -4.07794454271584385e-05 -3.083529002250389884e-06 0.9999999991637641417 0.4922580243705766967
0.6325722114656867623 0.7745013856570200916 2.998330909085335973e-05 95.6838103045814421 -0.7745013850704211 0.6325722121637061823 -3.040635848952719377e-05 -8.965879583354553262 -4.251637494251219574e-05 -3.987896987521803369e-06 0.9999999990882270096 0.4921796076727715241
0.5746321915403179714 0.8184117813708129408 2.369085656987173237e-05 96.69405777941130964 -0.8184117805421206038 0.5746321920258607996 -3.687360643792474992e-05 -10.42937319463764467 -4.379132277214393412e-05 1.799885169503160868e-06 0.9999999990395399552 0.492088425709411359
0.5137455011235779745 0.8579426320044987175 1.633125183851172799e-05 97.58458387376680321 -0.857942630943991924 0.5137455013158346295 -4.346119623675727476e-05 -11.95698329267367654 -4.567732025231890951e-05 8.316716871141373432e-06 0.999999998922207145 0.4920071605743805976
0.4487746877345434315 0.8936449404591042533 6.545184247381268756e-06 98.33174648945532681 -0.8936449391288960875 0.4487746874456657875 -5.176474729219257814e-05 -13.526280093367399 -4.91966175267048554e-05 1.738163752337283299e-05 0.9999999986387855255 0.4919118652885336451
0.3978171379906157434 0.9174647266818545255 -4.21639501760000173e-06 98.98729874201785606 -0.9174647253627974397 0.3978171371629248831 -5.564794514163360159e-05 -15.16330879311811586 -4.937767258472605756e-05 2.600609996814693122e-05 0.9999999984427638822 0.4918139701216038828
0.3704372464697557321 0.9288574950844294964 -1.598802596005097635e-05 99.56764128924859847 -0.928857493417305613 0.3704372446221612103 -6.871312567869550941e-05 -16.82803805787615303 -5.79021415137458465e-05 4.030449879068999743e-05 0.9999999975114444162 0.4917284092716806554
0.3538806394983503023 0.9352905928028161231 -2.242326808038431953e-06 100.1441042016691938 -0.9352905912950839618 0.3538806387895920835 -5.768011011163126249e-05 -18.51355231380090771 -5.31541483360356608e-05 2.250910141880641861e-05 0.999999998333988338 0.4916658801174753068
0.3472166217015200673 0.9377849527531538776 2.486193024299312341e-06 100.6856402464186431 -0.9377849514117010399 0.3472166213443804161 -5.263249307842463471e-05 -20.16681096039565091 -5.022120757673832211e-05 1.594336203392660018e-05 0.9999999986118196516 0.4915655535715814928
0.3418102072999823493 0.9397690045553011018 1.627618727150823523e-05 101.231928548901152 -0.9397690036458984375 0.3418102076855347171 -4.13593995578206893e-05 -21.80417215260792219 -4.443164870306099665e-05 -1.158791358637855003e-06 0.9999999990122427906 0.4915070167470798057
0.3412429901099645058 0.9399751174052149993 1.902880266276121618e-05 101.7865507475564897 -0.9399751165919845164 0.3412429906114051725 -3.935354904396710446e-05 -23.47868076972266138 -4.348480241130978655e-05 -4.457478254332361529e-06 0.9999999990446009068 0.4914261703114048974
0.3460971934251768634 0.9381986632817330696 3.036144860933545639e-05 102.3732873786152595 -0.9381986627092182562 0.3460971943925935101 -3.64203561415550153e-05 -25.1800854996860437 -4.467754162963748855e-05 -1.588008743905558619e-05 0.9999999988758696556 0.4913536105809987453
0.3531136558659442315 0.9355804319741305441 3.67466944469208701e-05 102.9854552963854672 -0.9355804316735589765 0.3531136570438073163 -3.287701472266806198e-05 -26.88709866194519549 -4.373485129667723995e-05 -2.277016539054680904e-05 0.9999999987843909421 0.4912837118571510286
0.3625901207598201115 0.9319487127434599172 3.384404612948586807e-05 103.6223869944852254 -0.9319487122783830513 0.3625901218486906052 -3.496637867684504545e-05 -28.61735597439203005 -4.485838840712910117e-05 -1.886245174169371108e-05 0.9999999988159661291 0.4911969219919010143
0.3743795054706234859 0.9272755713923207521 2.418364588351616039e-05 104.2685746521222967 -0.9272755705637987234 0.3743795061768980803 -3.990683902832904624e-05 -30.35626681815965 -4.605849836588294999e-05 -7.484601374628707234e-06 0.9999999989112973164 0.4911038836950299968
0.3900546396066556509 0.9207917124186595359 2.15561411827635272e-05 104.9444478669824861 -0.9207917115362974636 0.3900546401813112518 -4.051316211473186601e-05 -32.08020783005493115 -4.571225681185908321e-05 -4.046369285807146367e-06 0.9999999989470080841 0.4910255587211572736
0.4080772437130374963 0.9129474041164977738 2.197159086259302803e-05 105.6871148430248155 -0.9129474032095501457 0.4080772442904097574 -4.083524198941634349e-05 -33.853078296906574 -4.624653442258998032e-05 -3.394973824991064144e-06 0.9999999989248657961 0.4909452419873446272
0.4217877477182335189 0.9066945987549461794 2.157821833507788431e-05 106.4471435794647221 -0.9066945978352309865 0.4217877482638565656 -4.090411851097078516e-05 -35.59271003224200314 -4.618897144382779694e-05 -2.311997976182172137e-06 0.9999999989306165293 0.4908616095164549109
0.4353589090148505258 0.9002569744637287652 1.65240678788855226e-05 107.2090025424004267 -0.9002569734791903144 0.4353589093142228861 -4.224986597330885051e-05 -37.30220998244113417 -4.522963668181486448e-05 3.517948217953212461e-06 0.99999999897095182 0.4907759903609177354
0.4522548985546941958 0.891888729948151715 1.126892182848048346e-05 107.9997444087871514 -0.8918887289027611631 0.4522548985846361336 -4.432437036426574304e-05 -39.01306984173128711 -4.462883148863411705e-05 9.995289256883668636e-06 0.9999999989541803469 0.4906804361029263872
0.4673169397627318644 0.884089858251969507 1.868262113712663522e-05 108.8353532302682822 -0.8840898573132388583 0.4673169401291741853 -4.082150585398772039e-05 -40.70166113545298003 -4.482058466747860359e-05 2.559465336832399028e-06 0.9999999989922818688 0.4906175076168232119
0.4803579514747962631 0.877072538696420767 1.793837405091454036e-05 109.6808405873520513 -0.8770725376824379804 0.4803579517872503812 -4.24296879835155515e-05 -42.37508182898417175 -4.583075477328988197e-05 4.648182750743884794e-06 0.999999998938968071 0.4905281362783104893
0.4971622197545259025 0.8676576091979372185 2.125805033036701582e-05 110.5539730738159108 -0.8676576082796519929 0.4971622202069995167 -3.99438752505100624e-05 -44.00127058018215109 -4.522630680147563328e-05 1.41387657880674137e-06 0.9999999989762907715 0.4904513744595911939
0.514680709749006704 0.8573819257618193745 1.978497293262510942e-05 111.4826583697532953 -0.8573819247165623825 0.5146807101052274236 -4.262785658477598024e-05 -45.66296107486986955 -4.67312976881300977e-05 4.976457308692160864e-06 0.9999999988957100072 0.49035809242716899
0.5360714614389739952 0.8441726054173583904 2.226621251131450811e-05 112.4249412380457045 -0.8441726044395555517 0.5360714618927459041 -4.074487331964038109e-05 -47.24714898461861168 -4.633198695939594493e-05 3.045637179924499177e-06 0.9999999989220352825 0.4902818992416083099
0.5565373063827857569 0.8308226200908768178 2.348949887423697281e-05 113.4100502373607213 -0.8308226191170725583 0.5565373068707729631 -4.033246036863667814e-05 -48.8069922829116507 -4.658190284139408034e-05 2.930911876910425377e-06 0.9999999989107678511 0.4901961102536523396
0.5779637872226224271 0.8160624119960000478 1.971766985601594967e-05 114.4351379512341538 -0.8160624108963151491 0.5779637874899264949 -4.329694480699718535e-05 -50.36097005444681685 -4.672910836171475574e-05 8.933216995862976862e-06 0.9999999988682938268 0.4900978010887758751
0.6003020873237961963 0.7997733450007940004 2.414885227436293713e-05 115.4722212435247144 -0.7997733440562748708 0.6003020877951632528 -3.909020234898078557e-05 -51.81587559087569161 -4.575990832755931346e-05 4.152321725414501467e-06 0.999999998944394286 0.4900261222216217294
0.6216229817822052084 0.7833165821539475049 2.539863499735047769e-05 116.5755871913224695 -0.7833165812058269228 0.6216229822868620802 -3.876899735378703355e-05 -53.27537633683890306 -4.615677373377238168e-05 4.20452780234827114e-06 0.9999999989259369393 0.4899394743157072796
0.6441990668543372545 0.7648578703631940812 2.024136981258235977e-05 117.7354025547670631 -0.7648578691237185589 0.6441990670206672043 -4.573247333156579809e-05 -54.73957384457037989 -4.801831370730884823e-05 1.39790456621386476e-05 0.9999999987494136988 0.4898372938800291121
0.6648405049816801249 0.746985343027128601 1.551064416397984644e-05 118.8958337322561931 -0.7469853417156577802 0.6648405048315613186 -4.898458072494549139e-05 -56.14833072445294704 -4.690286833210656882e-05 2.098070955442817882e-05 0.9999999986799651408 0.4897554926279744092
0.6830465038253925592 0.7303748854240346144 1.886713776256576352e-05 120.124387746721041 -0.7303748842443414935 0.6830465038790827226 -4.478682382929707255e-05 -57.54084912223861892 -4.559830380975483921e-05 1.68113998746891323e-05 0.9999999988190855227 0.4896845391781505241
0.697716490813611645 0.7163739930933096245 2.164529698931493625e-05 121.3815221780414504 -0.7163739919828887581 0.6977164910092179539 -4.226720283384906198e-05 -58.89693911702102014 -4.538140553320651446e-05 1.398439662584956159e-05 0.9999999988724821431 0.4896077344811073373
0.7125188552608971992 0.7016529629020079595 2.346841767874450259e-05 122.6942486813102988 -0.701652961770355077 0.7125188555191902529 -4.208021656465934341e-05 -60.24462969563582249 -4.624739873745676205e-05 1.351626296342687759e-05 0.9999999988392441752 0.4895257765790997917
0.7256986166499229673 0.6880127305140457672 2.110041910325160942e-05 124.0017960594861819 -0.6880127294263334026 0.7256986167844048374 -4.179426970985038712e-05 -61.5425218152731901 -4.406753457971557394e-05 1.581268677306450453e-05 0.9999999989040054826 0.4894388141256976743
0.7362396204333950811 0.6767209327369312355 2.240492654586463391e-05 125.3598917389841603 -0.6767209316515417905 0.7362396206175535474 -4.122890424930278775e-05 -62.84163951128926584 -4.439585715940135019e-05 1.519247004968960415e-05 0.9999999988990981858 0.4893623315501718918
0.7475351268444573316 0.6642222772755166371 2.251222349532099881e-05 126.7215861718109977 -0.6642222761445308876 0.747535127000137134 -4.214854650803289652e-05 -64.10196108914959723 -4.482468139504889497e-05 1.655439872905538261e-05 0.9999999988583496702 0.4892754036998243627
0.7579725336787535017 0.6522864690108743924 2.315532437410960833e-05 128.1037772665609396 -0.6522864679809291522 0.7579725338863263495 -3.956183373357157769e-05 -65.32873093867610237 -4.335674872247038513e-05 1.488287860107215623e-05 0.9999999989493458807 0.4891981841478609816
0.7659934538282536787 0.6428483711220978059 2.098002128392336682e-05 129.4910655453330435 -0.6428483699847153954 0.7659934538714937569 -4.285144915113672077e-05 -66.54248772714015558 -4.361754325259956143e-05 1.933695705221022697e-05 0.9999999988617958024 0.4891066153504184943
0.7769486267469932761 0.6295640006995875115 2.052616960240166867e-05 130.8508031797443891 -0.6295639994663373429 0.77694862670013487 -4.524330164374671743e-05 -67.70346976525593163 -4.443133327169544646e-05 2.222918365299663941e-05 0.9999999987658597655 0.4890240613449520213
0.7929576260759413353 0.60927678671755503 2.042966050321620158e-05 132.2509834627341263 -0.6092767854925101867 0.792957625995315718 -4.514442632523541567e-05 -68.84177780511384981 -4.370530610216742635e-05 2.335029924931604324e-05 0.9999999987723047212 0.4889451836192766909
0.8099584029259384588 0.5864873273583648405 1.949199941018256533e-05 133.6422193469385036 -0.5864873260543539413 0.8099584027066776271 -4.758879994900403664e-05 -69.92265282053398323 -4.369793680211424692e-05 2.711313779032627767e-05 0.9999999986776838545 0.4888630363448558946
0.8321973896839444107 0.5544794894327866874 2.009521635257076672e-05 135.0834149286515355 -0.5544794880476980881 0.8321973893908083397 -4.92718827085001691e-05 -70.96316123570554169 -4.404343495545422042e-05 2.986154689944615456e-05 0.9999999985842317196 0.4887871850428777698
0.8584124546956021229 0.5129600931661011387 2.108858098814627672e-05 136.4763877873947706 -0.512960092229655551 0.8584124546822599067 -3.779355775581798088e-05 -71.84375676893574791 -3.748928747930309839e-05 2.162486023617966459e-05 0.9999999990634591551 0.4887387137252957037
0.8894233605791433961 0.4570843304284208375 2.313304400081287783e-05 137.9119717450341795 -0.4570843294447113347 0.8894233605803415488 -3.78455117360421397e-05 -72.63965521033479433 -3.787366012724568054e-05 2.308693032598145599e-05 0.9999999990162895536 0.4886736453925208945
0.9185826114427725342 0.3952290291883179818 2.107293969343039625e-05 139.2896764387256496 -0.3952290282564379087 0.918582611301002383 -3.796229610958636795e-05 -73.28293589778461126 -3.436103740853111202e-05 2.654286761916665031e-05 0.9999999990573974484 0.48862057447621704
0.9493281050200266247 0.3142867300800470942 1.780195416092645894e-05 140.6434434305957097 -0.314286728996324316 0.9493281043945989151 -4.675019759480848747e-05 -73.81596872244008978 -3.159286213078031809e-05 3.878635854901126603e-05 0.9999999987487545594 0.4885545733186732464
0.9773665223895683374 0.211553020839370165 1.697324420868270668e-05 142.0179041045361146 -0.211553019496806799 0.9773665209923700914 -5.989396705144236669e-05 -74.22958427405585269 -2.925983030198044859e-05 5.494761722618011324e-05 0.9999999980623106577 0.488483730594862442
0.9950818647189829669 0.0990559549163449321 1.747097956504650929e-05 143.3173179006257385 -0.09905595384541075743 0.9950818635069816898 -5.412468116279545161e-05 -74.43910495251722637 -2.274642688000231633e-05 5.21278841133655571e-05 0.9999999983826416416 0.4884764802875443124
0.9995101473124833324 -0.03129640798622108228 1.63942172441712192e-05 144.5444497257525711 0.03129640866833512808 0.9995101464942159897 -4.314867274899932497e-05 -74.45792598454646338 -1.503578801296299539e-05 4.364061637836150025e-05 0.9999999989347105878 0.488469527002459325
0.984103165439169425 -0.1775977464347543722 1.536670934294847953e-05 145.7026862180307774 0.1775977468072431065 0.9841031650999704228 -2.777486772287897143e-05 -74.25304161585853535 -1.018967338646019454e-05 3.006242820088888163e-05 0.9999999994962102123 0.4884941707743474804
0.9473934891858538654 -0.3200712053714348526 1.193996189705337259e-05 146.707680474294051 0.3200712055533684874 0.9473934890014006349 -1.938037458236129459e-05 -73.88882492634337495 -5.108742307066884417e-06 2.218247869596326209e-05 0.9999999997409190211 0.4884863093469954398
0.8881352109760920488 -0.4595822525096181499 1.431329581901701605e-05 147.6492824983528749 0.4595822527321112849 0.888135210585412338 -2.634986562126439332e-05 -73.39411709740409151 -6.022114008475359659e-07 2.998038019925828744e-05 0.9999999995504068595 0.488470088487468701
0.8027578751796107248 -0.5963051178235105887 1.722898993086061366e-05 148.5302477877968101 0.5963051180585852151 0.8027578746291976763 -3.000304328501938173e-05 -72.74761042050550941 4.060260922231867036e-06 3.435891415115606412e-05 0.9999999994014894256 0.4884835981976798358
0.6934928959675504823 -0.7204634640878996299 1.261889329873018014e-05 149.2269094587368272 0.7204634641001885775 0.6934928954774193244 -2.865892381573796374e-05 -71.98374435180558351 1.189659467786079026e-05 2.896621165140332975e-05 0.9999999995097146321 0.4885114744126337061
0.5602994243519054951 -0.8282901392166353016 1.869873602150395021e-05 149.8054416456332092 0.8282901392574751886 0.5602994236363026959 -3.292251619121558626e-05 -71.14227920867882915 1.679250450380784801e-05 3.393444553334466426e-05 0.9999999992832322437 0.4885061274880271864
0.4100946560686208331 -0.9120429664500803169 2.037473603029675077e-05 150.2355742258156681 0.912042966396019783 0.410094655284471088 -3.401311767915791653e-05 -70.19687285816823419 2.266585439745821663e-05 3.253123248506350579e-05 0.9999999992139887439 0.4885348088426479385
0.2474034995457097541 -0.9689125388973348629 1.955220873792668835e-05 150.4952211955867654 0.9689125387049751792 0.247403498823558915 -3.335226928856272334e-05 -69.17812948182340449 2.747814706287730104e-05 2.719584834533546748e-05 0.999999999252668359 0.4885665933642429071
0.07039238498885780349 -0.9975193791685104117 1.79187710632244087e-05 150.5738401783485756 0.9975193787917695509 0.07039238434975930714 -3.409795539432208182e-05 -68.10574640534582613 3.275202627610189384e-05 2.02745577831495696e-05 0.9999999992581232178 0.4885985695818280128
-0.1141928565819170238 -0.9934586006579709805 1.692927201398219047e-05 150.4535925758563621 0.9934586001647868203 -0.1141928571025095651 -3.387654637728349682e-05 -67.00175496813176323 3.558814829904310869e-05 1.295007127486785692e-05 0.9999999992828894069 0.4886398665563318477
-0.2973036136942867613 -0.9547829915141712309 2.00449707082215063e-05 150.1284941796229475 0.9547829910207784598 -0.2973036142157157724 -3.215465313590835786e-05 -65.88133207067110675 3.666015815060553128e-05 9.57890251332773399e-06 0.9999999992821386741 0.4886764786191248322
-0.4633245065927307227 -0.8861886939719899603 1.640286647807576186e-05 149.5697453323960531 0.8861886933006590805 -0.4633245068807810285 -3.452512151849964814e-05 -64.77694327183652945 3.819562237008920389e-05 -1.460300082021773299e-06 0.9999999992694809103 0.4887310087797639979
-0.6043885132932136361 -0.796689729289606019 1.568137954859167394e-05 148.7984254899896825 0.7966897285673730789 -0.6043885134344831878 -3.501333140600710708e-05 -63.72290701283073844 3.737240719335429862e-05 -8.668461297789758902e-06 0.9999999992640798974 0.4887813439384142145
-0.7191233891749628793 -0.6948824007805574077 1.51392243167407671e-05 147.8228951174230303 0.6948824000620230645 -0.7191233891886305019 -3.475820090000154481e-05 -62.7510034290379437 3.503983238854755565e-05 -1.447545470453919804e-05 0.9999999992813355387 0.4888296146280342591
-0.7947331619327432373 -0.6069589781245127158 1.416558755603134077e-05 146.7186565447597104 0.6069589772465114885 -0.7947331617186407238 -4.008483491601599403e-05 -61.92061628620326985 3.55877126249218851e-05 -2.325881706325272556e-05 0.9999999990962705754 0.4888878023815750318
-0.8454228203010718534 -0.5340976077820882573 1.666927993787471247e-05 145.4963851133355206 0.5340976069511915725 -0.8454228201572249191 -3.753195321064008952e-05 -61.14750586253250475 3.413831608026043939e-05 -2.282734721032882063e-05 0.9999999991567435353 0.4889289519186274524
-0.8830736417615636658 -0.4692344221401126281 1.752245994586839874e-05 144.1722289117671778 0.4692344215066794333 -0.8830736417274971384 -3.101065187028293477e-05 -60.42646832643144705 3.002488782696262581e-05 -1.916254792441728454e-05 0.9999999993656512043 0.4889641328536256104
-0.9134823233584901114 -0.4068784149720436338 1.853766109459845259e-05 142.7552137062928352 0.4068784144895185584 -0.9134823234174510587 -2.507156174942139451e-05 -59.76498837575439893 2.713490303289738567e-05 -1.535985432257305951e-05 0.9999999995138859621 0.4890011590255782248
-0.9339787569671591516 -0.3573285339963725438 1.811948661299432863e-05 141.2219748651572786 0.357328533566699913 -0.9339787570196099731 -2.318207534854951207e-05 -59.14286699719104945 2.520683258392855726e-05 -1.517695633755458977e-05 0.9999999995671375874 0.4890528620353115641
-0.9456474979884095244 -0.325193494975900943 1.93869115186679561e-05 139.6480210886863631 0.3251934946755886124 -0.9456474981355119658 -1.711599868827677184e-05 -58.54735011753396634 2.389919580764655503e-05 -9.881203827419775081e-06 0.9999999996655951628 0.4890849814824351771
-0.9509414265511580977 -0.3093709794428450288 1.869908391356108206e-05 138.0901800598492457 0.3093709788789964499 -0.9509414265075849526 -2.795359682120959801e-05 -58.02710082455234897 2.642976515867483095e-05 -2.079727934391809144e-05 0.9999999994344702658 0.4891562723708097193
-0.9525637470383073735 -0.3043391323461233089 1.879842990514835765e-05 136.520687905514194 0.3043391318396264644 -0.9525637470393885087 -2.568297083276430034e-05 -57.49507873911528577 2.572303588821969725e-05 -1.874356909425260164e-05 0.9999999994935021563 0.4891855398763783613
-0.9542428387019632474 -0.2990327815981193016 1.783095312632277762e-05 134.8839244392429748 0.2990327812332204682 -0.9542428387619689145 -2.053427680418501845e-05 -56.93745384548670074 2.315548123995504222e-05 -1.42626470829139036e-05 0.9999999996301999206 0.4892162579795364952
-0.9549998553495188114 -0.296606264250328322 1.709078628223935787e-05 133.2248647055471906 0.2966062638678022556 -0.9549998553728858974 -2.178034003637517761e-05 -56.38948076179150348 2.27818837200385982e-05 -1.573098731846352754e-05 0.9999999996167608929 0.4892598634660152435
-0.9548230999198160651 -0.297174776150792852 1.677711501149746265e-05 131.5762158359657406 0.2971747757285750913 -0.9548230999034892363 -2.374015676231478519e-05 -55.84894049135358074 2.30741527343410027e-05 -1.768191468146151888e-05 0.9999999995774666584 0.4893046910743623634
-0.9511202240539087249 -0.3088208527431806072 1.757411959994605074e-05 129.9261465414726899 0.3088208522233251152 -0.9511202239976617179 -2.714644119057239136e-05 -55.29810004157710779 2.509848768787756535e-05 -2.039227463551348914e-05 0.9999999994771099354 0.4893545396775737522
-0.9442518169502118752 -0.3292240967798413798 1.696919688252380984e-05 128.2787590015223316 0.3292240964888710764 -0.9442518170355017615 -1.784578967655606836e-05 -54.68155222468730869 2.189845897754347096e-05 -1.126425081520873674e-05 0.9999999996967869897 0.4893718429168086859
-0.9346612514107146552 -0.3555395123277398928 1.695117195513508527e-05 126.6207793089270552 0.3555395119880058186 -0.9346612514770324953 -2.012337971503550731e-05 -54.02807795790718615 2.299826020385859775e-05 -1.278173186251457984e-05 0.9999999996538534441 0.4894205380051339649
-0.9242609484826774802 -0.3817613113070888464 1.735585854944595905e-05 124.9839000336048116 0.3817613108477750927 -0.9242609485009587456 -2.486220087127127674e-05 -53.33631373163051137 2.553276869155617345e-05 -1.635336604792299165e-05 0.9999999995403223707 0.489473061237162943
