1612893308342233 0.9999727208254475 0.007386311999347236 0.0 0.0 -0.007386311999347236 0.9999727208254474 0.0 0.0 0.0 0.0 1.0 0.494999999999999
1612893308592237 0.9999770638259143 0.006772844923300158 1.9786758434744126e-05 -0.011988575674214052 -0.006772844590087224 0.9999770638818183 -1.6858946375814622e-05 0.002185213338319953 -1.99004876327347e-05 1.6724547056299994e-05 0.9999999996621303 0.4950152266252843
1612893308842234 0.9999347899706398 0.01141997383141979 1.352663550463912e-06 0.011972574068723329 -0.011419973838037995 0.999934789959026 4.990469332741744e-06 -0.0021611648855741385 -1.2955843140349357e-06 -5.005591286459152e-06 0.9999999999866329 0.494985732934123
1612893309092865 0.9999780962880033 0.006618681242228427 -7.759929175186846e-07 -0.01181096800193423 -0.006618681238987205 0.9999780962798895 4.107547868435195e-06 -0.0040231900278072325 8.031624704173038e-07 -4.102321848134037e-06 0.9999999999912632 0.494998072783905
1612893309342869 0.9999790148347792 0.0064784169653097695 1.2064144780119893e-06 -0.033583535394519075 -0.006478416966175582 0.9999790148352458 7.15174085655541e-07 -0.0034914819350313282 -1.201755965278341e-06 -7.229747336335439e-07 0.9999999999990168 0.495005016478308
1612893309593498 0.9999683186502375 0.007960005408076249 2.7364061013400606e-06 -0.001959661483131614 -0.007960005435263484 0.9999683186030371 1.007237645860677e-05 -0.02458075100362197 -2.6561432370951408e-06 -1.009383915958759e-05 0.9999999999455298 0.494975773600412
1612893309843496 0.9999382478676343 0.011113075572867817 6.961019386638025e-07 -0.006855541755769894 -0.011113075573810326 0.9999382478669344 1.3651040015745351e-06 -0.027354264902995102 -6.808884489514295e-07 -1.3727555369460622e-06 0.9999999999988263 0.495001951297476
1612893310093502 0.9999787599413702 0.006517642508297617 1.4528372646303538e-07 -0.036600578549122506 -0.006517642506318213 0.9999787598815477 -1.0940246180294027e-05 -0.010486850708923093 -2.165852541764593e-07 1.0939066901457073e-05 0.9999999999401452 0.4950291188012536
1612893310343513 0.999967597919056 0.008050037739902418 -1.4650920298732403e-06 0.009321558028963355 -0.0080500377520045 0.999967597884322 -8.450884312608213e-06 -0.001364332440303887 1.397014620141901e-06 8.462404532540368e-06 0.9999999999632183 0.4950146912454646
1612893310592887 0.999990074615595 0.004455408808718871 -6.41420527854631e-07 -0.0005910138239826947 -0.004455408812555446 0.9999900745971192 -6.1096818691374865e-06 0.0146727502897568 6.141930310804744e-07 6.112479018882364e-06 0.9999999999811304 0.495013035424521
1612893310842265 0.9999789483516865 0.006488670894556701 1.115504219152869e-06 -0.013115126952180358 -0.006488670897197172 0.9999789483494594 2.3799890327076013e-06 0.016816695720205593 -1.1000377703843739e-06 -2.3871770697833703e-06 0.9999999999965459 0.4949911337852494
1612893311092265 0.9999621180017948 0.008704169065776018 -7.995979055519455e-08 0.01682674385182515 -0.008704169064961497 0.9999621179752138 7.2924890093262325e-06 0.011652646743970936 1.4343181876475355e-07 -7.291516771751549e-06 0.9999999999734068 0.4949824020439672
1612893311342271 0.9999665873507444 0.008174605694498644 -1.270036351188625e-06 0.024873526076540746 -0.008174605687194324 0.9999665873356275 5.653757972387826e-06 0.007344200896551481 1.3162111580097987e-06 -5.6431870189889065e-06 0.9999999999832112 0.4949873883296882
1612893311592899 0.9999877870441123 0.004942242407873469 6.070947430168682e-07 -0.004280629935417354 -0.004942242409299911 0.9999877870414785 2.3710683298550995e-06 0.004336505317402521 -5.95368934143399e-07 -2.3740397814929082e-06 0.9999999999970051 0.494997286480556
1612893311842894 0.9999507836302985 0.00992120529304646 -6.726612430196023e-07 0.02744366213535155 -0.00992120529112015 0.9999507836265984 2.8089704977738452e-06 -0.004970822367429809 7.004965100447283e-07 -2.8021586401662386e-06 0.9999999999958289 0.4949907822392113
1612893312092904 0.9999747090149455 0.007112054857936421 1.9849838080670293e-06 -0.04907433074918591 -0.007112054859808904 0.9999747090164625 9.378755927582163e-07 -0.008233147502365371 -1.978263383212744e-06 -9.519691867021172e-07 0.9999999999975904 0.494998809503938
1612893312343528 0.9999560080162022 0.00937987340502839 2.230220840345495e-06 -0.03355696793251417 -0.009379873411568016 0.9999560080143056 2.940135188962912e-06 -0.018821445328686185 -2.202544632640908e-06 -2.960925035752253e-06 0.999999999993191 0.49499346077703
1612893312593538 0.9999399502944021 0.010958823059330394 3.879377692878679e-07 -0.009860212298907685 -0.010958823058882948 0.9999399502938354 -1.1372632139046555e-06 -0.022544040515981047 -4.0037754007276115e-07 1.1329435802145235e-06 0.9999999999992784 0.495004862646911
1612893312843551 0.9999815364318816 0.006076741967977462 3.9424244369039145e-07 -0.042422334950257434 -0.006076741963956726 0.9999815363868214 -9.503849011601744e-06 -0.010163162121221949 -4.5198760269761903e-07 9.501277827057797e-06 0.9999999999547609 0.495026862349076
1612893313093543 0.9999811394315863 0.006141724352270856 9.24619687009496e-07 -0.03806529241611572 -0.006141724341298075 0.9999811393666884 -1.1436020355123378e-05 0.007203628118955389 -9.948391328078942e-07 1.143012590606638e-05 0.9999999999341815 0.495033374551770
1612893313342913 0.9999690399523086 0.007868871121203576 1.3797150065630045e-06 -0.010239669069837379 -0.00786887112088684 0.9999690399532353 -2.3482970365832317e-07 0.006780899276168524 -1.3815201351984604e-06 2.2396563374993272e-07 0.9999999999990208 0.49499944237942
1612893313592297 0.9999682601494728 0.007967351380254452 1.8404679718758418e-06 -0.018532280183985145 -0.00796735139234422 0.9999682601289072 6.657687390147314e-06 0.0011070046830614518 -1.7873654208474327e-06 -6.6721397312176225e-06 0.9999999999761442 0.494985916104451
1612893313842297 0.9999464907594809 0.010344835212139749 2.0411501873610668e-08 0.00423537982361226 -0.01034483521207625 0.999946490741519 5.993609401340857e-06 -0.0024505000734613373 4.1592491913509675e-08 -5.993499841490521e-06 0.9999999999820384 0.4949882247428848
1612893314092307 0.9999741447191053 0.007190958862854766 1.301660056256537e-06 -0.04048543162516297 -0.0071909588637557535 0.9999741447197086 6.88849708189573e-07 -0.00034672231214667574 -1.296672911559899e-06 -6.981920817069237e-07 0.9999999999989158 0.495007040292433
1612893314342931 0.9999655332739686 0.00830254479531467 3.434648690378244e-06 -0.0313037090514355 -0.00830254482462868 0.9999655332425527 8.610444543103433e-06 -0.020058040286616705 -3.3630417076556484e-06 -8.638664093998398e-06 0.9999999999570319 0.494983036703576
1612893314592934 0.9999503313064882 0.009966690377396843 8.5602273647122e-07 -0.01495355062399653 -0.00996669037710769 0.9999503313067993 -3.413637430113029e-07 -0.020525022273349874 -8.593824856751422e-07 3.3281507435071697e-07 0.9999999999995757 0.495011018674122
1612893314842934 0.9999971688602276 0.0023795523089309894 3.252793945816491e-07 -0.02149936653322947 -0.00237955230591801 0.9999971688200674 -8.968863226313802e-06 -0.010447975201175335 -3.4662035285672806e-07 8.968063814894983e-06 0.9999999999597271 0.495030749249653
1612893315093567 0.9999915531838606 0.004110177407954451 -6.103116386632277e-07 0.02029515537007633 -0.00411017741120892 0.9999915531692877 -5.430603174831915e-06 -0.005841220172810525 5.879857409847776e-07 5.433065792648525e-06 0.9999999999850682 0.495012215979300
1612893315343564 0.9999968601225399 0.002505941484888033 3.2121216781757026e-07 -0.0018603885018507174 -0.002505941483700141 0.9999968601159455 -3.6466290505377576e-06 0.002417593120194183 -3.3034939826710906e-07 3.6458126616811314e-06 0.9999999999932996 0.495012477975673
1612893315594200 0.9999830236136956 0.005826875784495188 -8.777019231565283e-07 0.01988343887614829 -0.005826875785809292 0.9999830236129449 -1.5021936583184593e-06 0.008595785647305277 8.689339270995896e-07 1.5072824165851963e-06 0.9999999999984868 0.4950040671712847
1612893315843573 0.9999829663693219 0.005836691603474264 3.2363920339618936e-07 -0.01226328834259333 -0.00583669160336074 0.9999829663693135 -3.505474540660528e-07 0.015564762283285944 -3.2567972802800646e-07 3.4865250074999236e-07 0.9999999999998863 0.4950036173061460
1612893316092951 0.9999742857156508 0.007171325208173931 -2.1697595803851398e-09 -0.014761440467828102 -0.007171325208171263 0.9999742857149148 -1.2132863273509666e-06 0.021007201377621906 -6.531167036992215e-09 1.2132706886156344e-06 0.9999999999992641 0.4950069333796753
1612893316342327 0.9999854150170153 0.00540090279609194 -4.775078525436921e-08 -0.001304408627266647 -0.0054009027960586955 0.999985415016792 6.704661597798726e-07 0.022979464856127237 5.1371211367120294e-08 -6.701984836942428e-07 0.9999999999997744 0.4949976926656451
1612893316591748 0.9999925062632856 0.003871358282535133 2.966045497426166e-07 0.005584308691555415 -0.003871358284591387 0.9999925062368379 7.277874172361876e-06 0.012588567552206881 -2.6842706860272396e-07 -7.278967896386129e-06 0.9999999999734726 0.494981994492092
1612893316841714 0.9999984546955899 0.0017580114331254334 -2.2862932852672866e-08 0.001270670708289058 -0.001758011432989514 0.9999984546831524 4.987627468163324e-06 0.005162748692242157 3.163120363551509e-08 -4.987579567474391e-06 0.9999999999875617 0.4949898860915168
1612893317092341 0.9999827027336347 0.005881685751215638 -2.0066114241196048e-06 0.019568570241156318 -0.005881685758235218 0.9999827027294451 -3.510457648299697e-06 0.010201537457125608 1.9859293064928352e-06 3.522199184822253e-06 0.9999999999918254 0.495011043082573
1612893317342340 0.9999737766769924 0.0072419579428118705 -1.129132638766216e-06 0.022897258977352456 -0.007241957941718619 0.9999737766771679 9.693036676012865e-07 0.00215616817432896 1.1361226855531231e-06 -9.61101118160294e-07 0.9999999999988929 0.494991756303144
1612893317592342 0.9999952539888799 0.0030809085317681953 3.195955257477383e-07 -0.015976717759014415 -0.003080908531431825 0.9999952539883833 -1.0476287586781425e-06 0.003479510468777537 -3.228216573251418e-07 1.04663914204085e-06 0.9999999999994005 0.4950015813686576
1612893317842973 0.9999795454492472 0.006395989371036369 -9.220836289665642e-07 0.015208865946437194 -0.006395989372407431 0.9999795454485506 -1.4917397445195872e-06 0.0017983610222473297 9.125236166114053e-07 1.4976068687478771e-06 0.9999999999984626 0.4950003877955120
1612893318092973 0.9999997339873851 0.0007293983157958308 1.01161397319795e-06 -0.02165259002661292 -0.0007293983162060565 0.9999997339878143 4.0522787965670164e-07 -0.002598030123620916 -1.0113181315656342e-06 -4.0596564139056805e-07 0.9999999999994065 0.494997869993547
1612893318343597 0.9999834259183601 0.0057574199669050185 -1.292962971354931e-06 0.012706890704235868 -0.005757419970267116 0.9999834259157657 -2.6118301592665286e-06 0.00017971203375649982 1.277904138571413e-06 2.6192310014182043e-06 0.9999999999957536 0.4950037213205381
1612893318593605 0.9999828940610767 0.005849066562972774 -1.8283398510487315e-06 0.018589946754731874 -0.005849066568170138 0.9999828940586553 -2.850376780247444e-06 0.0016653106140505178 1.811636532061373e-06 2.861022103380701e-06 0.9999999999942666 0.495004986946476
1612893318843614 0.9999936561910627 0.003561962282444817 3.103349771923056e-07 -0.008140369297006324 -0.003561962282212004 0.9999936561908325 -7.474794921742995e-07 0.0010161340665393792 -3.129955022451761e-07 7.463693488252651e-07 0.9999999999996727 0.4950009829270750
1612893319094236 0.9999793328894768 0.006429135948360366 1.6253534786601272e-06 -0.00368923241992401 -0.006429135964300835 0.9999793328406926 1.0000164233393284e-05 -0.013194813660718787 -1.5610274718630338e-06 -1.0010407177420359e-05 0.9999999999486777 0.494962161041274
1612893319343618 0.9999543144298279 0.00955871573334226 2.1141474264506284e-06 0.008525237303396644 -0.009558715773938988 0.9999543142295154 2.0107218332817184e-05 -0.03437542915386877 -1.9218516557685967e-06 -2.0126508257481712e-05 0.9999999997956153 0.4949406782877251
1612893319592993 0.9999465123087059 0.010342751986821646 8.72494962750727e-07 -0.0016694240124935208 -0.010342751988163137 0.9999465123078757 1.5473223216689944e-06 -0.02804409105559165 -8.564447239940315e-07 -1.5562635579844288e-06 0.9999999999984226 0.4949977838331247
1612893319842374 0.9999510968305052 0.009889587389535567 -2.5498356938007895e-06 -0.005765266199606496 -0.009889587434514215 0.9999510966663002 -1.827584050102344e-05 -0.006238900800271316 2.3689704765882273e-06 1.83001635775761e-05 0.9999999998297462 0.495057774759620
1612893320092379 0.9999576241678609 0.009205966902596657 -6.302625239478031e-06 0.029494414727203048 -0.009205967048811582 0.9999576239084274 -2.3577014318417306e-05 0.009124734350637017 6.085308945390554e-06 2.363403698314445e-05 0.9999999997022009 0.495076434806944
1612893320342380 0.9999593950203203 0.009011564511521379 -3.6629694700714522e-06 0.027130560764168386 -0.009011564553347872 0.9999593949597484 -1.156729854125794e-05 0.01668611258963021 3.5585812780287997e-06 1.1599837937197885e-05 0.9999999999263904 0.4950234897758117
1612893320592385 0.9999546407068782 0.009524522362861144 -5.523272105508037e-07 0.0222679502310796 -0.00952452236127975 0.99995464070313 2.7983492789488427e-06 0.015979178629607245 5.789550976647715e-07 -2.7929616949422127e-06 0.9999999999959324 0.4949865980955101
1612893320843018 0.9999612194280656 0.00880679157278005 7.73930850067463e-06 -0.031416321254560516 -0.008806791759119522 0.9999612191591186 2.4382130287181873e-05 -0.006721379246002545 -7.5242800242594975e-06 -2.444934321260424e-05 0.9999999996728077 0.494937444817183
1612893321093014 0.9999558202816 0.009399864136902508 6.076808524879641e-06 -0.03342390610901433 -0.009399864300249956 0.9999558199221654 2.74352710177827e-05 -0.029114917470831975 -5.818652230893676e-06 -2.749118011080857e-05 0.9999999996051894 0.4949361549741186
1612893321343016 0.9999509697771579 0.009902425777909627 -1.7893634215855655e-06 -0.025161795859821954 -0.009902425767561358 0.9999509697626021 5.702365193967059e-06 -0.029200141004105895 1.845742936767942e-06 -5.684366567290183e-06 0.9999999999821407 0.495000991350899
1612893321593647 0.9999569202039761 0.009282117182643528 -5.87828032371441e-06 -0.09394606592357703 -0.009282117304140759 0.9999569199998196 -2.0990326015850903e-05 -0.01067453803353147 5.683192421629249e-06 2.1043984644445834e-05 0.9999999997624263 0.495059328770380
1612893321843642 0.9999739096647031 0.007223569872453769 -5.0944523613061215e-06 -0.2574995591490368 -0.0072235700476495504 0.9999739090550065 -3.5253134724312716e-05 0.015681018138991986 4.839665960347173e-06 3.528901509177112e-05 0.9999999993656317 0.49506225014451
1612893322093646 0.9999683933307794 0.00795061821651482 2.6836908444828097e-06 -0.49745880897860206 -0.007950618217958404 0.9999683933342299 5.276795297703013e-07 0.006736288280324413 -2.679410643487288e-06 -5.489998528990728e-07 0.9999999999962599 0.494983969227527
1612893322343031 0.9999701468073637 0.007726931995818894 3.7093113437821214e-06 -0.8023698649597466 -0.007726932039704938 0.9999701467423036 1.196649917210899e-05 0.0017155473417635218 -3.6167362834296177e-06 -1.1994803530598994e-05 0.9999999999215221 0.494979153156213
1612893322591783 0.999976240110018 0.00689341809356454 4.315777911583787e-07 -1.1436873852080098 -0.006893418092480649 0.9999762401070819 -2.4644491935399023e-06 0.006503403503074099 -4.485560155781551e-07 2.4614155923499077e-06 0.9999999999968703 0.4949905650967593
1612893322841782 0.9999808922194523 0.006181843295634543 -2.6877305736909468e-06 -1.546870351590961 -0.006181843348319643 0.9999808920215975 -2.0056780761450015e-05 0.027702419933204908 2.5636913409179513e-06 2.007301265029844e-05 0.9999999997952511 0.4950308589977920
1612893323091787 0.9999795748145861 0.006391396590861204 -1.0126657758434029e-06 -2.0152007471894673 -0.006391396607692177 0.9999795746602046 -1.7594515620924932e-05 0.03970061231046737 9.001915646439819e-07 1.760062859832493e-05 0.999999999844704 0.4950099851460692
1612893323341787 0.999964659970976 0.008407068864172567 -1.0427809347359524e-07 -2.536379154490056 -0.008407068864818306 0.999964659899843 -1.1927313022633956e-05 0.060311773513622255 4.000666328398383e-09 1.1927768184185118e-05 0.9999999999288645 0.4950098548840281
1612893323591794 0.9999505887657696 0.00994082615872071 -2.0193582930062118e-07 -3.1258431249853698 -0.009940826160170639 0.999950588722381 -9.31581997003289e-06 0.0798031200026888 1.0931890454581581e-07 9.317367072865687e-06 0.9999999999565876 0.4950088147625822
1612893323842416 0.9999255696118486 0.012200623655396958 4.075151326175955e-06 -3.828514460868381 -0.012200623682065277 0.9999255695981466 6.5846701482500276e-06 0.07153077682548868 -3.9945109286602345e-06 -6.633899436488055e-06 0.9999999999700178 0.494982712373410
1612893324092426 0.9998979842808952 0.014283592650289424 3.125841311797437e-06 -4.49246609332259 -0.014283592696948079 0.999897984165728 1.5451493845275805e-05 0.06092861106745765 -2.9048195825704375e-06 -1.549456579418752e-05 0.9999999998757405 0.494974922369021
1612893324343052 0.9998765527464771 0.015712392026654406 1.5456788257884007e-06 -5.169571199686222 -0.01571239205953822 0.9998765524529438 2.4255939767450755e-05 -0.017284821640751923 -1.164369180930342e-06 -2.427723175006797e-05 0.9999999997046303 0.494886022755520
1612893324593060 0.9997451710798315 0.022574164441849235 2.796904890958848e-07 -5.906647628570936 -0.02257416444007644 0.9997451706295049 3.0009704375515844e-05 -0.0588896781333591 3.9782478568037857e-07 -3.0008370814115438e-05 0.99999999954967 0.4948964347273195
1612893324843683 0.9995072608047997 0.0313884626995174 2.3695299849697573e-06 -6.763974876739216 -0.0313884627495274 0.9995072604850619 2.5330523682773225e-05 -0.1321628082138924 -1.5732762261418162e-06 -2.5392418244643587e-05 0.9999999996763751 0.4948954798536006
1612893325093687 0.9992676149648866 0.03826530643607001 -1.8730303815448032e-06 -7.588379649552237 -0.038265306404189445 0.9992676148579203 1.4823092225242852e-05 -0.2040200440508011 2.4388687682571806e-06 -1.4740563932901723e-05 0.9999999998883842 0.4948797350204874
1612893325343691 0.9988294546320085 0.04837065704825191 -9.696007745689549e-06 -8.340786054577643 -0.04837065724291831 0.9988294544496581 -2.0963161164888153e-05 -0.19915505565189953 8.670656247632118e-06 2.140762510102734e-05 0.9999999997332669 0.49488004703143
1612893325593691 0.9983912354460734 0.05670044933872075 -5.197871581844585e-06 -9.155617827964484 -0.056700449574846684 0.9983912320071587 -8.28673990517271e-05 -0.08629688334912863 4.90890650650017e-07 8.30288065731649e-05 0.9999999965529884 0.495038858445562
1612893325843072 0.9980972678601372 0.06165909411700998 -7.52816541109699e-07 -10.013463725995788 -0.06165909397196857 0.998097264512912 -8.185453796680493e-05 -0.011540263336404682 -4.2956925300475355e-06 8.17452086926563e-05 0.9999999966496342 0.4949715608085870
1612893326092447 0.9980690697483434 0.06211386326279563 -1.2193802539664467e-07 -10.819078481758464 -0.062113863239923184 0.9980690693235594 -2.916819524655361e-05 -0.006368481180802752 -1.690046719647913e-06 2.9119447537864068e-05 0.999999999574601 0.494904727926305
1612893326341830 0.9981288111054741 0.06114635252921545 -3.363506333180574e-06 -11.595170182102077 -0.061146352542886175 0.9981288111017846 -4.123902649114884e-06 -0.011095314571702009 3.1050509722988397e-06 4.321852192314293e-06 0.9999999999858404 0.4948635859784508
1612893326591205 0.9981574948678515 0.06067631675076797 -4.739514120437612e-06 -12.374097766053161 -0.06067631677921477 0.9981574948586838 -6.1083598124394646e-06 0.00717864900074778 4.360148766505858e-06 6.3846813883015275e-06 0.9999999999701128 0.494889369108926
1612893326841828 0.9982209191712212 0.05962379158118257 2.0525295841373536e-06 -13.297511137899189 -0.05962379156562564 0.9982209191500587 -6.9511414183513555e-06 0.0008585115469854952 -2.4633313752448833e-06 6.816395179824171e-06 0.9999999999737346 0.4949843372939324
1612893327091831 0.998275090517988 0.05870982575774778 2.926641070909115e-06 -14.225406075659654 -0.05870982572982821 0.9982750904846506 -8.854576018431131e-06 -0.010507009371762747 -3.441443495086399e-06 8.667480089070264e-06 0.9999999999565159 0.4950046313275441
1612893327342467 0.998378291157099 0.05692791705872601 -1.8310883355374505e-06 -15.153036927688783 -0.05692791707456725 0.998378291105274 -1.0248485216221102e-05 -0.0407243598064443 1.2446939269328515e-06 1.0336105202064375e-05 0.999999999945808 0.4949365081429945
1612893327592465 0.9986708922640438 0.05154075030179116 -7.965540048634274e-07 -16.09776460374816 -0.05154075030698284 0.9986708922206103 -9.319385475957027e-06 -0.13198041500575544 3.151671789571393e-07 9.34805399971814e-06 0.9999999999562574 0.494949158666640
1612893327843095 0.9988948562248975 0.04700070430343061 4.3620959127460735e-07 -17.017005342656976 -0.04700070430115133 0.9988948562160092 -4.261680988966275e-06 -0.22680143135557398 -6.360295249556599e-07 4.2364690607464825e-06 0.9999999999908242 0.4949554616046075
1612893328093094 0.999114305567272 0.042078550456657086 2.4884159571908646e-07 -17.951865775506636 -0.04207855045321954 0.9991143055339992 -8.175466856271461e-06 -0.3342224534701112 -5.926329927145148e-07 8.157754997169797e-06 0.9999999999665501 0.494948464591761
1612893328343101 0.9993647548052529 0.035638277812546075 2.315125008559111e-06 -18.933901869194944 -0.03563827780059137 0.9993647547957799 -5.01462617576305e-06 -0.48054389678139536 -2.492366977283713e-06 4.928933590394329e-06 0.9999999999847471 0.4949768433085982
1612893328593103 0.9995534348904769 0.029881947616711913 1.746035156980838e-06 -19.93201761419795 -0.029881947580616037 0.9995534347319074 -1.7950020563197015e-05 -0.6017826386777158 -2.2816370125163965e-06 1.7889829779303392e-05 0.9999999998373743 0.494991271084261
1612893328843739 0.9996461874469391 0.026598870660222023 -4.087774826807091e-07 -20.913507838170993 -0.026598870663341913 0.9996461873086961 -1.6624956356865268e-05 -0.6915926061742854 -3.357221184881273e-08 1.6629947258041167e-05 0.9999999998617222 0.4949336599572456
1612893329093732 0.9996533831098685 0.026327051382770642 -5.005575598443611e-07 -21.91490991397 -0.026327051385945575 0.9996533830775928 -8.03820170414667e-06 -0.735530737053667 2.887619088339438e-07 8.048593732287351e-06 0.9999999999675686 0.4949220110783253
1612893329343732 0.9996553513388474 0.026252210142605308 3.8940250559523e-08 -22.924495933228616 -0.02625221013886167 0.9996553512192419 -1.5470191228474193e-05 -0.7625129741498562 -4.450535409267452e-07 1.5463837180173504e-05 0.9999999998803362 0.494952729646981
1612893329593742 0.9996711765202577 0.02564251998133382 1.1740050028973002e-06 -23.9351776666333 -0.025642519949876756 0.9996711762866106 -2.168252719282318e-05 -0.8018172173248811 -1.7296135990044444e-06 2.16452930221223e-05 0.999999999764245 0.494987078470024
1612893329843120 0.999692698321952 0.02478929038336822 1.3532932813621978e-06 -24.921710101963303 -0.02478929033170397 0.9996926978747915 -2.9973965937259993e-05 -0.8236298800349396 -2.095910757025409e-06 2.9931207707240915e-05 0.9999999995498652 0.495012672149856
1612893330092497 0.9997225183523603 0.02355602462516537 -9.168173282465462e-07 -25.841046746080476 -0.02355602464257539 0.9997225178124357 -3.2856807718912485e-05 -0.8551565530751324 1.4258715603777888e-07 3.2869287129420764e-05 0.999999999459795 0.494949701992091
1612893330342499 0.9997711961405474 0.02139054383027748 3.3345903185283475e-07 -26.771208876232023 -0.021390543816093566 0.9997711958521768 -2.4027643466752787e-05 -0.9201288887280891 -8.473470957589959e-07 2.4015012979215948e-05 0.9999999997112807 0.4949761832092472
1612893330592501 0.9998186972876009 0.019041337951806413 9.472397533055764e-07 -27.69681017086635 -0.019041337928126557 0.9998186970741463 -2.070339915500737e-05 -0.9887391181049839 -1.3412884360316064e-06 2.0681608860389207e-05 0.9999999997852362 0.494995209810011
1612893330843130 0.9998575691394984 0.01687724598841748 2.5910855570150474e-07 -28.60070261424407 -0.016877245981479026 0.9998575689921313 -1.7175380459995476e-05 -1.0620710829562752 -5.489447715779284e-07 1.716856111698497e-05 0.9999999998524698 0.4949730127961989
1612893331093132 0.9999066036553043 0.013666892798250853 -2.350030531926145e-06 -29.453085156680842 -0.013666892840309123 0.9999066034784165 -1.8923955692476476e-05 -1.1645893164383574 2.091179373485877e-06 1.895430587968119e-05 0.9999999998181808 0.4948954241155877
1612893331343757 0.9999660667725797 0.008238039170727882 -3.430104012257069e-06 -30.2904873974482 -0.008238039217520915 0.9999660666820401 -1.3858862142540456e-05 -1.3477064505151555 3.315817768263958e-06 1.3886649198023375e-05 0.9999999998980833 0.494852362874361
1612893331593760 0.9999968480204864 0.0025107644936016365 -2.9184183487875737e-06 -31.12048553449919 -0.0025107645295109823 0.9999968479481889 -1.2366553783483248e-05 -1.5458444950040708 2.8873596456404388e-06 1.2373842265659099e-05 0.9999999999192759 0.4948764641291099
1612893331843764 0.9999949172864319 -0.003188322293230634 1.5456347724998228e-07 -32.01351439741745 0.0031883222940042957 0.9999949172724272 -5.294183037607923e-06 -1.7638302142788584 -1.376831298429752e-07 5.294648926984143e-06 0.9999999999859741 0.494974068348547
1612893332093767 0.9999740571940836 -0.007203119919070101 -4.7553797666239914e-08 -32.9787825599994 0.007203119916190928 0.9999740569424785 -2.2433039990700218e-05 -1.9018456293521926 2.091404411782261e-07 2.243211547904065e-05 0.9999999997483784 0.494966096313184
1612893332343153 0.9999252530073397 -0.012226544698834798 -8.383149623155607e-07 -33.95228779388257 0.012226544672749709 0.999925252666328 -2.6140251558432356e-05 -2.0840713002295894 1.1578572546279455e-06 2.6128047957962726e-05 0.9999999996579925 0.4949259183825399
1612893332592575 0.9998769855252599 -0.015684827492265064 1.106726549582227e-06 -34.981483133791954 0.015684827513752216 0.9998769852555773 -2.3234659815723822e-05 -2.227634411656964 -7.421587748492411e-07 2.3249160431337818e-05 0.9999999997294631 0.4949947942397101
1612893332842534 0.9997462840363148 -0.022524820806239822 9.972589426748158e-07 -36.04700400123297 0.022524820818591838 0.9997462839258209 -1.4878504359700662e-05 -2.502276707617054 -6.618702774852608e-07 1.4897192524655599e-05 0.999999999888818 0.49498600509337
1612893333092530 0.9996283727270878 -0.027260161987733993 -2.2725490067230573e-06 -37.086372890971376 0.027260161941019583 0.9996283725591332 -1.853363938758578e-05 -2.7037729954938476 2.7769344770854475e-06 1.8464801727822095e-05 0.9999999998256701 0.494863602819416
1612893333343166 0.9993849689930929 -0.03506684682786787 -1.4116899265538806e-06 -38.161894921509 0.03506684673767795 0.9993849681141084 -4.201435596903902e-05 -2.9935609816852167 2.8841326775804047e-06 4.193901232318088e-05 0.9999999991164008 0.4948448227695599
1612893333593165 0.9991252329605818 -0.041818283789830296 3.2190389486300283e-07 -39.23392548613561 0.04181828378688044 0.9991252327219475 -2.184494217443479e-05 -3.2841718033518563 5.918956873551625e-07 2.1839294407518843e-05 0.9999999997613476 0.494938950335504
1612893333843794 0.9992314067060745 -0.03919943684337001 1.0626651800076863e-06 -40.3708802473222 0.03919943685626229 0.9992314065384515 -1.830593595826946e-05 -3.20252056121369 -3.4426604204429965e-07 1.83335220153169e-05 0.999999999831882 0.4949845367383551
1612893334093793 0.9990983268421858 -0.04245625152618398 2.292984427308947e-06 -41.53846068051351 0.04245625157987636 0.9990983262547055 -3.427243740162314e-05 -3.3333203360039327 -8.358376807156776e-07 3.433888638855647e-05 0.9999999994100714 0.495016303174305
1612893334343177 0.9991989199826833 -0.040018974283102526 7.314780613926281e-07 -42.743563103583995 0.04001897428909981 0.9991989199057613 -1.2400648698871048e-05 -3.267561945629243 -2.3463084750486457e-07 1.2419987788756263e-05 0.9999999999228446 0.494986874956142
1612893334593176 0.9992861313142033 -0.03777866806613596 9.475552347200232e-08 -43.94156462893222 0.03777866806600778 0.9992861313135961 1.110090816817906e-06 -3.2245162071514213 -1.3662563296306787e-07 -1.1057186202791883e-06 0.9999999999993796 0.494981787396913
1612893334842551 0.999305740288545 -0.03725637427225936 -4.6438999510483586e-07 -45.18223865964333 0.037256374268122235 0.9993057402644839 -6.9722627460647475e-06 -3.232852655722317 7.238288182231886e-07 6.9501206974939995e-06 0.9999999999755862 0.494960525149164
1612893335092560 0.999301748999785 -0.03736327667246379 1.8644989459673976e-07 -46.442139961453364 0.03736327666204682 0.9993017485758531 -2.9121903645046467e-05 -3.2529936601988774 9.017700374284655e-07 2.9108535625758573e-05 0.9999999995759401 0.4949350773024262
1612893335343185 0.9993385391335 -0.036365975802893954 2.0477051005248985e-06 -47.78208201491354 0.03636597584140965 0.9993385388500647 -2.3830381467263956e-05 -3.238998785290477 -1.1797355473447191e-06 2.388908539675895e-05 0.9999999997139601 0.4950421400693605
1612893335593190 0.9993434149522128 -0.03623173989986662 3.6393617577613495e-06 -49.10834009387592 0.03623173988075354 0.9993434149460705 5.187170400952324e-06 -3.2975524481308858 -3.824912416017496e-06 -5.0519041738988405e-06 0.9999999999799243 0.4951921140286199
1612893335843194 0.9994152377081258 -0.034193312062549726 6.691126991485362e-06 -50.498391092217275 0.034193311873951464 0.9994152373851352 2.6519280917297567e-05 -3.279578495949141 -7.5939963186659085e-06 -2.6274981649860113e-05 0.9999999996259785 0.4953822585775566
1612893336093191 0.9993997631147546 -0.03464265384534839 4.300133434971149e-06 -51.85198398983335 0.03464265383906058 0.9993997631230551 1.5282381035333719e-06 -3.3718523620367726 -4.350494559931385e-06 -1.378352764607806e-06 0.999999999989587 0.49519267221320
1612893336343198 0.9994029741908804 -0.034549893977976406 1.5166154694147346e-06 -53.27761404954581 0.034549894006843475 0.9994029738023033 -2.7874648596144177e-05 -3.4109610665233796 -5.526438565787095e-07 2.7910405615291882e-05 0.9999999996103521 0.4950033825011206
1612893336593826 0.9994898286443836 -0.03193872930742808 -2.101200480354158e-06 -54.755154123873815 0.03193872920854375 0.9994898279717943 -3.681336744122405e-05 -3.308894588010994 3.275900684250826e-06 3.672747664257886e-05 0.9999999993201807 0.4948147958623
1612893336843837 0.9995702095429625 -0.029315459770091052 -3.2362759344548596e-06 -56.28166026331242 0.029315459602304507 0.9995702086115409 -4.3386101785886104e-05 -3.1869297027561583 4.5067685324228155e-06 4.327258193704867e-05 0.9999999990535866 0.4947573737278484
1612893337093212 0.9996507213063921 -0.026427928143976747 -1.8424184745847823e-06 -57.82118462944245 0.026427928063588863 0.9996507207002383 -3.49217334331044e-05 -3.0530762401164746 2.7646840177894257e-06 3.486084471284083e-05 0.9999999993885393 0.494847913521476
1612893337343212 0.999729254174634 -0.023268397961710634 1.222045552297372e-06 -59.44998516170343 0.023268397980619557 0.999729253997325 -1.884501506041276e-05 -2.9062500093833483 -7.832213783306993e-07 1.8868347893559615e-05 0.9999999998216862 0.495069309199799
1612893337592968 0.9997781064752902 -0.021065085104281366 -6.206388231502918e-09 -61.00214921440544 0.021065085101950203 0.9997781063689463 -1.4585568316225826e-05 -2.8140758756608886 3.134512489498299e-07 1.458220113499853e-05 0.9999999998936309 0.494990737106106
1612893337842586 0.9998226839315766 -0.018830844065442724 -2.3257749766877832e-06 -62.524506009181565 0.018830844004589824 0.9998226836502069 -2.3881803319650163e-05 -2.6995647247076353 2.7750770930785917e-06 2.3833772386456087e-05 0.9999999997121254 0.494833178209631
1612893338092597 0.9998580271247562 -0.016850091731218757 7.791994444162501e-07 -64.05106118016242 0.016850091733726733 0.9998580271194636 -3.332616005736656e-06 -2.6370305876446944 -7.229339338266341e-07 3.3452724467849914e-06 0.9999999999941436 0.495052392551367
1612893338343224 0.9999046509314461 -0.013809020190921513 2.1901815543846288e-06 -65.6205063902637 0.013809020243356075 0.9999046505932452 -2.607079154001914e-05 -2.466997519519167 -1.8299606351072785e-06 2.6098549975808743e-05 0.9999999996577587 0.4951370387968465
1612893338593224 0.9999183472728939 -0.012778841287900803 3.8785923934625264e-07 -67.13096638361797 0.01277884129372331 0.9999183467115809 -3.3504268387465806e-05 -2.4291856889124195 4.0318158826959274e-08 3.350648906432099e-05 0.999999999438657 0.4950015407164251
1612893338843230 0.9999292800102223 -0.011892643723811895 -1.1245243483921417e-06 -68.61047757823815 0.011892643698355316 0.9999292798023034 -2.0437171672259034e-05 -2.408276570806414 1.3674968232315382e-06 2.042235278832733e-05 0.9999999997905289 0.4949169241559986
1612893339093854 0.9999467867509388 -0.01031618433701119 2.22811422739914e-06 -70.17571332549493 0.010316184408929053 0.9999467861358058 -3.5123800016495835e-05 -2.3195680007642148 -1.8656520652487694e-06 3.514491660231008e-05 0.9999999993806774 0.495152402101212
1612893339343863 0.9999673283060525 -0.008083459482063852 -1.0122812775202487e-06 -71.70255041452656 0.008083459429677765 0.9999673273381028 -4.401940047256978e-05 -2.1815998663700564 1.3680772437443482e-06 4.4009779549649785e-05 0.9999999990306341 0.494910933324929
1612893339594485 0.9999692073386852 -0.007847570181329939 -3.8024301818965538e-06 -73.21742241119411 0.007847570045580097 0.9999692067522049 -3.448932236068312e-05 -2.189757245236574 4.072970470462867e-06 3.445842050554176e-05 0.9999999993980142 0.4947172276910767
1612893339844492 0.9999642968444805 -0.00845014993164721 -4.7289699299040016e-07 -74.73148459667934 0.008450149926897623 0.9999642968015993 -9.277034392668129e-06 -2.2820548089594865 5.512724405955875e-07 9.272707122796402e-06 0.9999999999568567 0.494977923078855
1612893340093864 0.9999598863496675 -0.008956879093200386 2.4974409498731527e-06 -76.28423519170016 0.008956879093877435 0.9999598863527465 -2.600370236387011e-07 -2.361444845446769 -2.4950116482329368e-06 2.82395869237191e-07 0.9999999999968479 0.495225764108945
1612893340342628 0.9999651619606335 -0.008347142371566658 8.777260446294232e-06 -77.83344795467255 0.008347142268116212 0.9999651619308969 1.1757500663448833e-05 -2.378014614778999 -8.875096195479727e-06 -1.1683826013534391e-05 0.9999999998923608 0.495706238507807
1612893340592043 0.9999666366009174 -0.008168577020627411 5.681043623263952e-06 -79.37762318106688 0.008168576998443075 0.9999666366095635 3.917281035835097e-06 -2.4174922809730446 -5.71285269625289e-06 -3.870744299765062e-06 0.9999999999761906 0.495459255009102
1612893340841375 0.9999743484360664 -0.007162574092422388 5.0139054347797856e-08 -80.87050437940503 0.007162574092123207 0.9999743482647011 -1.8512936898512336e-05 -2.3766993234724967 8.246251400998784e-08 1.8512821137460892e-05 0.9999999998286346 0.494988897093349
1612893341091380 0.9999839409939959 -0.005667251725861579 3.124015044704025e-06 -82.40687637632028 0.005667251743503895 0.9999839409827144 -5.667689959464814e-06 -2.3210149901104136 -3.091844650394914e-06 5.685303521719243e-06 0.9999999999790592 0.495252604748194
1612893341342008 0.9999986231851502 0.0016594042610593898 -1.7522042037224467e-06 -83.9675529760938 -0.0016594043231628211 0.9999986225365175 -3.6057275998769904e-05 -1.729806613713859 1.6923681926937478e-06 3.606013396988812e-05 0.9999999993484014 0.494851832436919
1612893341592012 0.9998589824285726 0.01679330979746018 -8.446787920327684e-07 -85.54016469187532 -0.016793309816002897 0.9998589819050108 -3.235840919174836e-05 -0.4887774469304395 3.0115488692964884e-07 3.236803104019077e-05 0.9999999994761102 0.4949631704040632
1612893341842017 0.998759183576833 0.049800534206415635 -3.385407686687473e-06 -87.04110186966065 -0.04980053429673858 0.9987591829158433 -3.637037088558406e-05 2.3388142472509195 1.5699431156089358e-06 3.6493837043763354e-05 0.9999999993328679 0.494838901148240
1612893342092018 0.9962099356548113 0.08698140084472501 -2.737384549960758e-06 -88.4063458168227 -0.0869814008851846 0.9962099353755401 -2.359831312299739e-05 5.561949688717541 6.743953526051616e-07 2.3746975540793396e-05 0.9999999997178135 0.4949216180152235
1612893342342646 0.9911331248330894 0.13287260383626434 -2.4766620020474783e-06 -89.57874283499011 -0.13287260385745317 0.9911331245473063 -2.3811791124969496e-05 9.630352078218099 -7.092329402446248e-07 2.3929735474704136e-05 0.9999999997134326 0.49505392138959
1612893342592647 0.9837662738150771 0.17945450247834785 -6.481866709479713e-06 -90.49403680190044 -0.17945450259196047 0.9837662733783878 -2.9333233606274897e-05 13.841792330215403 1.112661014427559e-06 3.0020246090076357e-05 0.9999999995487736 0.494877176691153
1612893342842657 0.9725098983190271 0.2328615417436139 -6.787503862661204e-06 -91.0386509348012 -0.23286154182364233 0.9725098981982975 -1.560835392186352e-05 18.738493357753722 2.9663293321786955e-06 1.675982730010952e-05 0.9999999998551548 0.494724050495186
1612893343092658 0.9593839597984877 0.2821035584075284 -3.5988186041596393e-06 -91.50489217563597 -0.2821035584264951 0.9593839596390206 -1.7556492741719445e-05 23.349535414416152 -1.5001002331171067e-06 1.7858657061128983e-05 0.9999999998394093 0.495148638570394
1612893343342660 0.9428001098500719 0.33335859500053444 1.931175266367762e-06 -91.64346002101031 -0.33335859499784465 0.9428001098516636 -1.5878962192452516e-06 28.209209510779797 -2.3500511059338468e-06 8.53294856445896e-07 0.9999999999968747 0.495271912309710
1612893343592663 0.9245454487670433 0.3810717952577777 -4.574755491533056e-06 -91.59713182415148 -0.38107179526260887 0.9245454487763483 -2.012677113037922e-07 32.82022889793681 4.152871920896805e-06 1.9293914345199683e-06 0.9999999999895157 0.4946452821928824
1612893343843289 0.9021645699673055 0.43139203589827185 -7.551045911031554e-06 -91.18808082979709 -0.4313920359356953 0.9021645699709357 -4.263793873762149e-06 37.78040871586665 4.972919367314846e-06 7.104104835571531e-06 0.9999999999624012 0.4945548977455387
1612893344092673 0.8781056529731558 0.4784667827473152 -4.6678658801302835e-06 -90.65333523768702 -0.47846678277000404 0.8781056529368844 -7.986057482656558e-06 42.51930606675995 2.778161859324237e-07 9.246020990577748e-06 0.9999999999572171 0.495024806832455
1612893344342670 0.8488010664224762 0.5287123504417713 -1.1321312899816497e-05 -89.61960224644554 -0.528712350490156 0.8488010657555558 -3.477318948568612e-05 47.730335444879074 -8.775472290237423e-06 3.5501238272336985e-05 0.9999999993313269 0.495813941698273
1612893344593296 0.8147663809890876 0.5797893964661299 -1.2375503627489861e-05 -88.10673513488612 -0.5797893965807308 0.8147663806131995 -2.515524524886772e-05 53.11664159709382 -4.501600161973106e-06 2.767083391493967e-05 0.9999999996070306 0.4954110814556438
1612893344843313 0.7778920029442381 0.6283979881220331 -1.6653831402335355e-05 -86.2247932258836 -0.6283979883071898 0.7778920029088802 -9.982737724023543e-06 58.36094053289794 6.681749963958055e-06 1.8230725993883025e-05 0.9999999998114977 0.4943133119329493
1612893345093928 0.7352185760630892 0.6778301004670337 -1.7617668520718747e-05 -83.74746170964933 -0.6778301006732519 0.7352185760029684 -1.0918986368765814e-05 63.84385734359347 5.551619534968853e-06 1.9969627637167636e-05 0.9999999997851969 0.4944140328268891
1612893345343939 0.6892331869361608 0.7245395875842062 -6.8482869257657034e-06 -81.02978094512822 -0.7245395875293154 0.6892331869690597 9.00503171230444e-06 69.15335949756552 1.1244568586164902e-05 -1.2447117210588772e-06 0.9999999999360054 0.493984626978216
1612893345593937 0.6375376192667768 0.7704192261207646 -6.395315794762562e-06 -77.76906453780119 -0.7704192261445524 0.6375376192647346 -2.617395353693326e-06 74.57470739601733 2.0607627033991814e-06 6.595762248039299e-06 0.9999999999761249 0.494908251742330
