1625013906278527 0.9999727208254475 0.007386311999347236 0.0 0.0 -0.007386311999347236 0.9999727208254474 0.0 0.0 0.0 0.0 1.0 0.494999999999999
1625013906529159 0.999988497670445 -0.004784263924543035 0.000339622251746908 -0.4891930290205341 0.004784254656915468 0.9999885549924076 2.809522737877671e-05 0.0025244477289470277 -0.0003397527797512171 -2.6470064878756568e-05 0.9999999419336907 0.4951510528249486
1625013906779788 0.9999687202585543 0.00790888454345966 8.970794014070202e-05 -3.021474245571332 -0.00790889608350788 0.9999687158673964 0.00012902332176602027 0.01220206363262346 -8.868470315052434e-05 -0.0001297287767266164 0.999999987652734 0.4945359188969712
1625013907029792 0.9999807877862078 0.006198694009968372 -1.5773809865726432e-05 -5.380371261334417 -0.006198692592652061 0.9999807840148126 8.836871655165184e-05 0.00499141604022688 1.632127739043145e-05 -8.826924179479993e-05 0.9999999959710786 0.4942132572902692
1625013907279174 0.9998769065206746 0.01568955780848415 9.787843264535596e-05 -6.9186597224658195 -0.015689566528706147 0.9998769072162146 8.896991565947588e-05 0.03704251965965194 -9.647048588186938e-05 -9.049463422391875e-05 0.9999999912520835 0.494795585067794
1625013907529172 0.9998070296921369 0.01964364071524753 0.00017537218753662523 -8.85619632920209 -0.019643659411239144 0.999807039136209 0.00010552909308785817 -0.018857496849896967 -0.0001732653719785962 -0.00010895368062869342 0.9999999790541032 0.4952175017681999
1625013907778559 0.9996810234994462 0.025255350115224402 0.00013617424281757055 -11.13186673331924 -0.02525535943054673 0.9996810302850391 6.712707385633063e-05 0.010810432144864658 -0.00013443548960600168 -7.054479134491792e-05 0.9999999884752658 0.4948894527170926
1625013908027934 0.9995661962996724 0.029451785548721673 0.00010742794801490186 -13.31893849426261 -0.029451791761353072 0.9995662002805571 5.6714219312101085e-05 0.024480016885650796 -0.00010571101077668528 -5.985356202832078e-05 0.9999999926213667 0.494594690005420
1625013908277937 0.9993425460431866 0.03625551419909586 0.00011556750339002536 -15.198693412366383 -0.03625552192115653 0.9993425503028547 6.543835527162163e-05 0.07842005057480016 -0.00011311902235145859 -6.958529271870665e-05 0.999999991180987 0.494675906220257
1625013908527940 0.999325579611092 0.036720147309507074 0.00012928376051483552 -17.226694367928992 -0.03672015643087491 0.9993255852635021 6.890006018308816e-05 0.056561540014071904 -0.00012666654928228022 -7.360091248794484e-05 0.9999999892692456 0.494860023967833
1625013908777947 0.9988368843189617 0.04821681672427661 0.0001307927154757505 -19.265689007709817 -0.04821682597787463 0.9988368900838112 6.854259673452167e-05 0.22428703463646973 -0.00012733568334714535 -7.476928336687539e-05 0.9999999890975891 0.4948566436548797
1625013909028576 0.9982701868267293 0.05879301557394254 0.00012413869830692613 -21.278104660805244 -0.05879302497744944 0.9982701912851171 7.350744522261875e-05 0.37686177700191326 -0.00011960223773323331 -8.067878066594668e-05 0.9999999895931196 0.494727171787239
1625013909279829 0.9984278151381537 0.056052492240793866 0.00012676677808515392 -23.246702808539972 -0.05605249823155398 0.9984278218707251 4.42068830442521e-05 0.3382930376124692 -0.0001240895721605793 -5.124297625649282e-05 0.9999999909879679 0.494853171887945
1625013909530460 0.9982332803494408 0.059416345484585055 0.000126054824270387 -25.257798221843526 -0.05941635417553577 0.998233285585665 6.635588140843117e-05 0.3931795463381057 -0.00012188949742092659 -7.372836725336575e-05 0.9999999898535393 0.4947494871883087
1625013909780464 0.9980929077000056 0.061729507854483466 0.0001243252152738658 -27.356664957923076 -0.061729518391952724 0.9980929113587037 8.277905408960259e-05 0.42835575181779306 -0.00011897820579864517 -9.029572245598061e-05 0.9999999888454346 0.494676211589312
1625013910031091 0.9981824884612257 0.0602636201515034 0.00012575117449619655 -29.409428882704844 -0.060263629968449535 0.9981824929122132 7.579150782667503e-05 0.36394810873582983 -0.00012095515020714567 -8.32319781347817e-05 0.999999989221145 0.4947376365431786
1625013910279848 0.997962260661311 0.06380682173524001 0.00012567251185989403 -31.44658434059595 -0.06380683300720646 0.9979622639894217 8.782064451371556e-05 0.408168545055487 -0.00011981286824804427 -9.566045390969504e-05 0.9999999882469771 0.494687815068638
1625013910529228 0.9980471256713883 0.06246534235864548 0.00012625713656971233 -33.48421611157909 -0.06246534997724431 0.9980471315343865 5.732338529057815e-05 0.3694988709367951 -0.00012242984810208746 -6.509813614611239e-05 0.9999999903865827 0.4947825225970071
1625013910779230 0.9978406418518639 0.06568133596906801 0.00012478680330076572 -35.536926104135496 -0.06568134335487397 0.9978406475949722 5.6036713627175965e-05 0.46787826281621364 -0.00012083677840286322 -6.411187516690827e-05 0.9999999906440705 0.494727987093933
1625013911028606 0.9980982522228561 0.06164303092331867 0.00012508410854788698 -37.625800865884635 -0.06164304058163785 0.9980982566551682 7.488345602438563e-05 0.2951797716040255 -0.00012023018748182391 -8.24516113578661e-05 0.9999999893732171 0.4947200864889716
1625013911277363 0.9985180488972335 0.05442141648781231 0.00012430482462121888 -39.71506889477029 -0.05442142671046421 0.9985180528413193 8.038995868821323e-05 -0.012397897577677895 -0.00011974567601661928 -8.703567060335893e-05 0.9999999890428827 0.494701149441964
1625013911527990 0.9989855695744536 0.04503128945775157 0.00012144770032550273 -41.742418168997176 -0.04503129416305889 0.9989855760854631 3.6289982964033944e-05 -0.3576400253695153 -0.00011969031614692406 -4.1722116420050315e-05 0.9999999919667467 0.4946601584689797
1625013911777995 0.9992094863268066 0.039754080676317485 0.00012450649524835413 -43.70114946719975 -0.03975409020840802 0.9992094908867161 7.504251308436586e-05 -0.6242318961322668 -0.00012142482561015872 -7.993283339551646e-05 0.9999999894333772 0.494767432782117
1625013912028623 0.9991842022537286 0.040384565060794166 0.00012988147707002223 -45.810390798099746 -0.040384582894113195 0.9991842004799755 0.0001377440673116736 -0.6781021635434538 -0.00012421278557555899 -0.0001428769052894617 0.999999982078687 0.494928951270602
1625013912279253 0.9993281164302819 0.03665105680052736 0.00012547938891484446 -47.92406910041031 -0.036651067178674314 0.9993281206097012 8.143165194098645e-05 -0.8534664247173781 -0.00012241052579914884 -8.597589286484112e-05 0.9999999888119048 0.4947854377266527
1625013912529261 0.9997791285381374 0.0210161519938763 0.00012446951650708766 -49.99128320734581 -0.02101616077102792 0.9997791336767445 6.963326856744141e-05 -1.6289925159634526 -0.00012297860202685004 -7.223375993578522e-05 0.9999999898292738 0.4947934683184053
1625013912779262 0.9999093028017185 0.013467374758064709 0.0001264336755161159 -52.08468396290128 -0.013467387203969155 0.9999093058144892 9.810836783833804e-05 -2.061139711848152 -0.0001251009465605936 -9.980220094826477e-05 0.9999999871946369 0.494951817146603
1625013913028644 0.9999656701399938 0.008285080653064101 0.00012640337307865695 -54.167408183898665 -0.008285098918337928 0.9999656675131949 0.00014466710499812357 -2.4624612429962287 -0.0001252004547040601 -0.00014570940304654067 0.999999981546808 0.49510383848652
1625013913278645 0.999996316916693 -0.002711385108744996 0.00012058859324311142 -56.32365630356564 0.002711369025976922 0.9999963153422524 0.0001333330086590714 -3.1992693320660774 -0.00012094966604986802 -0.00013300555740618564 0.9999999838403502 0.4949808338454965
1625013913528038 0.999882759233378 -0.015311906232480618 0.00011538258884548581 -58.34792462754834 0.015311896697618885 0.9998827625858498 8.307212303462504e-05 -4.010724137083943 -0.00011664105424783136 -8.129565731431116e-05 0.9999999898929405 0.494597115250224
1625013913778029 0.9996349036540908 -0.027019369296646244 0.00011435495387736578 -60.432616856918806 0.027019360355178188 0.9996349073129587 7.90264310974883e-05 -4.819951568912438 -0.00011644844804625717 -7.590778112922158e-05 0.9999999903388842 0.4945737887781802
1625013914028029 0.9993010011175871 -0.03738310647597233 0.0001118631373302441 -62.49686603917384 0.037383100391697774 0.9993010060373552 5.599644386858889e-05 -5.515211019050181 -0.00011387826669627715 -5.177551152407473e-05 0.9999999921755186 0.494382896962613
1625013914278035 0.9991021578199446 -0.042365856650722206 0.00011147891505725984 -64.4085614007412 0.04236585108326899 0.99910216293053 5.183912022474601e-05 -5.8980295331685495 -0.00011357503389145177 -4.7069677761896315e-05 0.9999999924425788 0.494343678389621
1625013914529288 0.998900834321618 -0.04687335012012918 0.00011062485707020214 -66.22545132859756 0.046873345229037786 0.9989008395990903 4.6400856429389534e-05 -6.2383989344475825 -0.0001126782261974944 -4.116449708428234e-05 0.9999999928045509 0.4942670009654689
1625013914779922 0.9987186247275054 -0.05060727621360632 0.00011051881109386358 -68.23682001612055 0.05060727354242834 0.9987186306173658 2.6835476971544275e-05 -6.502925285626937 -0.00011173526606879506 -2.1208034950363774e-05 0.9999999935327251 0.4941496682223794
1625013915029919 0.9981468985187991 -0.06085027573249188 0.00011365891761842686 -70.27332089573727 0.06085027187996358 0.9981469045370271 3.705472619344066e-05 -7.233689684670706 -0.00011570308710018294 -3.0069883986849574e-05 0.9999999928542991 0.4944535301026254
1625013915279927 0.9979651469067007 -0.06376169297995038 0.00010984345917444388 -72.15930320688715 0.06376169089946541 0.9979651528346076 2.234293169524537e-05 -7.432703962451117 -0.00011104456767417808 -1.5293662420397053e-05 0.9999999937176041 0.4940676322455025
1625013915529305 0.9975809733434641 -0.06951394699111388 0.00011311317826678267 -74.03200740286769 0.06951394009767246 0.997580978197831 6.377870660144039e-05 -7.891381654702723 -0.00011727306465255886 -5.576148151188213e-05 0.999999991568843 0.494582113617060
1625013915778685 0.9981705992213288 -0.06046024968289564 0.00011426365356420732 -75.98557369896766 0.06046024273473385 0.9981706041740138 6.331752200831356e-05 -7.233613344347011 -0.00011788281330350319 -5.629328065412405e-05 0.9999999914673546 0.4946292359934219
1625013916028063 0.9978973319691595 -0.064814364988333 0.00011374427139978267 -77.85674548144927 0.06481435839460536 0.9978973370318224 6.073269824373512e-05 -7.588105397743302 -0.00011744145680342591 -5.3232735568991555e-05 0.9999999916868904 0.494595322148131
1625013916278068 0.9981149076132594 -0.061372781679835675 0.00011343201285366256 -79.80376129700733 0.06137277681096947 0.9981149133018796 4.592014457139429e-05 -7.319119180740369 -0.00011603643068283682 -3.8871943248464824e-05 0.9999999925122597 0.494449965695248
1625013916528071 0.9986776236942894 -0.05141003109325225 0.00011239700084651187 -81.65631455365913 0.05141002396695546 0.9986776282446084 6.540036806280536e-05 -6.55491499927594 -0.00011561060518307893 -5.9535551658494003e-05 0.9999999915448533 0.4944473264196669
1625013916778701 0.9991543159069299 -0.041117393152543404 0.00011394148405763408 -83.44122761103343 0.041117382421202144 0.9991543183311379 9.497807716335033e-05 -5.766239003678266 -0.00011775037677310463 -9.021278014086719e-05 0.9999999889982517 0.494663270692800
1625013917029362 0.9995638315321248 -0.029531899922678236 0.00011652271232611046 -85.2193993627841 0.029531886845790296 0.9995638323911545 0.0001123948521149526 -4.844971648601254 -0.00011979112241804939 -0.00010890469346937252 0.9999999868949274 0.494850468821352
1625013917279957 0.9999466533935679 -0.010328435008444293 0.00011745231951391129 -86.90287808670172 0.010328425342422221 0.9999466569790506 8.260832059542803e-05 -3.2269725663181608 -0.00011829926892306161 -8.139081620864922e-05 0.9999999896904092 0.4947017847551097
1625013917529961 0.9998625379886347 0.01657983842734873 0.00011866935869641468 -88.48580562637758 -0.016579845459187333 0.9998625432017225 5.8519233070675634e-05 -0.8989955678610672 -0.00011768280735737319 -6.0478708527256654e-05 0.9999999912465415 0.494616124478838
1625013917779964 0.9985681407888464 0.05349443111009625 0.00011848831658062704 -89.88768143245022 -0.05349443659430867 0.9985681465726954 4.3607304630311324e-05 2.3517820678442 -0.00011598591072525131 -4.988333084810297e-05 0.9999999920294612 0.494440615959152
1625013918029672 0.9950925405466591 0.09894857702219644 0.00012186650714868873 -91.0114558334795 -0.09894858373409508 0.9950925460692219 5.032154203431001e-05 6.4192884324326185 -0.00011628920790155373 -6.213310939426949e-05 0.9999999913081487 0.4944719281602270
1625013918278727 0.988544109067718 0.15093219690248094 0.00012791977900654188 -91.8504504166554 -0.15093220393122844 0.9885441151469437 4.7144203377679594e-05 11.150819642419542 -0.00011933876656107044 -6.591133869769574e-05 0.9999999907069773 0.4947597149056317
1625013918528112 0.9783521609419917 0.20694693188755228 0.00012868656272899394 -92.30313185960118 -0.2069469373150341 0.9783521677895796 3.0251031828035713e-05 16.344502180201108 -0.00011964041938832343 -5.6227452390173556e-05 0.999999991262322 0.494768888724496
1625013918777487 0.9638760032947579 0.26635133384470233 0.00013126095754484128 -92.3136532074408 -0.2663513400572597 0.9638760099827868 3.204890185850029e-05 21.9168109072901 -0.00011798302026683548 -6.585269937277183e-05 0.9999999908717147 0.494630570466561
1625013919027488 0.944051366498701 0.32979842345945787 0.0001315042159925615 -91.77393396399144 -0.3297984288971808 0.944051373514698 2.1441327436581914e-05 27.968176863505324 -0.00011707541974554985 -6.361159829389557e-05 0.9999999911234555 0.494540933803161
1625013919278118 0.9181436588648194 0.39624765545007196 0.00013127989518904807 -90.62693945072668 -0.39624765971433684 0.9181436663822253 7.133256615723931e-06 34.413971341796405 -0.00011770726808170537 -5.856870556511691e-05 0.9999999913573531 0.4945854263798837
1625013919528124 0.88389014158515 0.46769455754920447 0.0001358131246817203 -88.70840163430574 -0.46769456167245654 0.8838901498361003 -1.5788055271606782e-06 41.45904969693165 -0.00012078228187738608 -6.21235691765851e-05 0.9999999907761515 0.4949006800984036
1625013919779377 0.8331648878193164 0.5530246418996515 0.00012310384093999603 -85.20467883512285 -0.553024641421984 0.8331648962228995 -4.09846198131185e-05 50.063641353128226 -0.0001252313035572349 -3.3932511324671785e-05 0.9999999915828529 0.495218956674578
1625013920029381 0.7639333935960533 0.6452950919132036 0.0001204131013579838 -79.88419234682401 -0.6452950914339174 0.7639334019835091 -4.798918745801099e-05 59.541749632766646 -0.00012295477729562136 -4.104144042001786e-05 0.9999999915988617 0.4950173382901631
1625013920280012 0.6793688060471793 0.7337969813318135 0.00012472415707385733 -73.04484594109209 -0.7337969823148459 0.6793688148481283 -4.642459223819604e-05 68.84756090011034 -0.00011879992841841208 -5.9982790282602884e-05 0.999999991144321 0.4947040781772091
1625013920529395 0.5876610848221954 0.8091071841326963 0.0001181872562372522 -65.34827750689618 -0.8091071847096754 0.5876610933138123 -5.526450395717226e-05 76.99459912868231 -0.00011416895939567613 -6.314935981519279e-05 0.9999999914888039 0.494248037595390
1625013920778144 0.49490317551432744 0.8689481185053413 0.00011920415142678373 -57.50269303297381 -0.8689481203142605 0.4949031838382693 -5.316789388264832e-05 83.70067049784335 -0.00010519465542230822 -7.72692637982013e-05 0.9999999914817729 0.4934373824108752
1625013921028148 0.40609019938702107 0.9138329926403057 0.00010733890259037265 -49.89792484944917 -0.9138329925438684 0.40609020764339365 -7.06557256113485e-05 88.96918472691797 -0.00010815681042397085 -6.939723286934279e-05 0.9999999917430645 0.4936782761150757
1625013921277532 0.3218905871634315 0.9467768696190374 9.511952994617835e-05 -42.69660524849532 -0.9467768678457886 0.32189059513053875 -8.530177720512571e-05 93.08499506007595 -0.00011137983169837065 -6.259913148290403e-05 0.9999999918379411 0.4939608402963693
1625013921527544 0.2521403822578644 0.9676906633874444 8.732349914860047e-05 -36.900014430922774 -0.9676906606168351 0.2521403901100362 -9.5015155084405e-05 95.90976090881077 -0.00011396305959684479 -6.054497705534586e-05 0.9999999916733636 0.494213465333430
1625013921777539 0.1997386344758276 0.9798492085125081 8.045440045755167e-05 -32.86355188823672 -0.9798492035774078 0.19973864277051975 -0.00011327258256736466 97.73792518120148 -0.00012705990312739094 -5.6208269247199454e-05 0.9999999903482059 0.495530851396271
1625013922028163 0.15917707497346895 0.9872500456934591 7.796743442259212e-05 -30.055646828277027 -0.9872500414084918 0.15917708293553992 -0.00010956655892361689 98.97737118230388 -0.00012058021907944133 -5.9532868497981274e-05 0.9999999909581244 0.494905756729216
1625013922278791 0.1300414330702554 0.9915085576413349 7.620237115950218e-05 -28.45494778949186 -0.9915085522895223 0.13004144153266484 -0.00011924181099782824 99.8057959669366 -0.00012813874222707226 -6.004892672547082e-05 0.999999989987295 0.495706627110442
1625013922530049 0.10861062092360896 0.9940843665728581 7.180386432084572e-05 -27.65731294872609 -0.9940843594017443 0.10861062969739865 -0.00013231524989163032 100.39014106857465 -0.00013933118429535548 -5.700825701769252e-05 0.99999998866844 0.496816108974344
1625013922780059 0.0892319456026488 0.9960108710820528 6.758774799605492e-05 -27.148182374080022 -0.9960108648678273 0.08923195350425817 -0.00012464679590939805 100.89428004849849 -0.00013018055055823857 -5.619565522401303e-05 0.9999999899475364 0.4958590417454503
1625013923030053 0.0711856001173574 0.997463084863888 6.831921492011256e-05 -26.850207759621707 -0.997463079797178 0.0711856077685398 -0.00011698683603657879 101.3509935167205 -0.00012155339519814085 -5.981811639457959e-05 0.9999999908232825 0.495027993860411
1625013923279433 0.058031057360552765 0.9983147756531471 7.135818278917255e-05 -27.174673870256154 -0.998314771685672 0.05803106500127095 -0.00011012161894404487 101.67099351865708 -0.00011407703065475128 -6.484745397364321e-05 0.9999999913906198 0.494364468993247
1625013923529440 0.04870185985110015 0.9988133579833565 6.898421886747658e-05 -27.906266319691657 -0.9988133535733368 0.04870186745837913 -0.00011325819347077509 101.89918906439793 -0.0001164834568239373 -6.338647432540039e-05 0.9999999912068799 0.494589539265526
1625013923779446 0.039378626645039584 0.999224359004859 6.428566703020157e-05 -28.734055141011602 -0.9992243541219837 0.03937863387805177 -0.00011541737362304721 102.1333537527831 -0.00011785933292236548 -5.969082645343434e-05 0.9999999912730916 0.494660338187472
1625013924028824 0.029708193256733843 0.9995586120448887 6.586412968616834e-05 -29.587098676432586 -0.9995586092126509 0.02970819963581616 -9.808688500234995e-05 102.36204888971372 -0.00010000029534653479 -6.292107373064776e-05 0.9999999930204397 0.492888354562241
1625013924278203 0.018822126010675122 0.99982284616389 6.212039870871749e-05 -30.34279856144347 -0.9998228434202658 0.018822131893715295 -9.551836294501257e-05 102.63875783784015 -9.667067983859945e-05 -6.031153500780077e-05 0.9999999935086494 0.4924721557819458
1625013924527582 0.0030995351399819675 0.9999951946161163 6.020265350831415e-05 -30.59073005024644 -0.9999951929255434 0.0030995401624460605 -8.351259675511927e-05 103.04524232628397 -8.369879598765444e-05 -5.994351388153648e-05 0.9999999947006435 0.4911001425186712
1625013924777585 -0.012866841334548294 0.9999172169938403 5.959137783623248e-05 -30.81402046864984 -0.9999172133085458 -0.012866835012851028 -0.00010527958975417355 103.4734354590752 -0.00010450412196667251 -6.0941060240491575e-05 0.999999992682538 0.493293322313529
1625013925027587 -0.03197297110654936 0.9994887321363359 5.872722511798131e-05 -30.77113492737311 -0.9994887276625485 -0.031972964308914616 -0.00011325444075612449 104.00534003301519 -0.00011131885392773836 -6.231828047444632e-05 0.9999999918622725 0.4940680626549469
1625013925278840 -0.05403974067279401 0.9985387842727239 5.223920828168279e-05 -30.38838355891163 -0.9985387772475668 -0.05403973336223986 -0.00013247203363604256 104.64502403122525 -0.00012945547053076176 -5.932162950619432e-05 0.999999989861113 0.4958547410984136
1625013925529472 -0.08043559237569782 0.9967598071676718 4.787487468088251e-05 -29.523414513579368 -0.9967598000008122 -0.08043558540725619 -0.00013304247664360435 105.39100134042756 -0.00012876054979342022 -5.842110093206909e-05 0.9999999900038482 0.4957624554773925
1625013925780102 -0.10506466727112626 0.9944653907559453 4.772420808746036e-05 -28.90780216807885 -0.9944653845320255 -0.10506466052942313 -0.0001267800262081908 106.06417178909422 -0.0001210642205817032 -6.0780174217506616e-05 0.9999999908246126 0.4950529008530548
1625013926030104 -0.12720103528882656 0.9918769554735757 4.2657805320372964e-05 -28.53038360949811 -0.9918769487014616 -0.12720102882990847 -0.0001299886849664362 106.65969350039322 -0.0001235066643664209 -5.88459890831677e-05 0.9999999906416267 0.4952343142216261
1625013926280116 -0.13420328829652337 0.990953821011047 4.507519291759952e-05 -29.805503487378527 -0.9909538151265311 -0.13420328185035016 -0.0001241955541444316 106.81653997488009 -0.00011702282011269067 -6.133488614738822e-05 0.9999999912718457 0.494679264794464
1625013926529491 -0.13298800662099838 0.9911176459438618 4.462553696078783e-05 -31.92731805500286 -0.9911176406313882 -0.13298800055498095 -0.00011889249919910485 106.71766676085743 -0.00011190179299274152 -6.0040433375296486e-05 0.9999999919365677 0.4940812510029889
1625013926778867 -0.1241685957509617 0.9922611338806486 4.4909804889536125e-05 -34.92707455831848 -0.9922611282642098 -0.1241685895606214 -0.00012124409594754468 106.36744763398397 -0.00011472941699092462 -5.961696280685124e-05 0.9999999916414893 0.4943505279113784
1625013927028648 -0.11074436966929235 0.9938489234194787 4.4746636257890214e-05 -38.382711480750594 -0.9938489170103967 -0.1107443632302703 -0.0001271524711891057 105.83246239614523 -0.00012141490886261355 -5.855281625862345e-05 0.999999990914994 0.4949978065071150
1625013927278242 -0.09685872252703188 0.9952981388158386 5.232520166416579e-05 -41.9869247924674 -0.995298132212215 -0.09685871495979147 -0.00013171553214569963 105.23551047786232 -0.00012602807220483093 -6.483697366471714e-05 0.9999999899565463 0.4958043005898055
1625013927528249 -0.08565532818689557 0.9963248276268901 5.1041263117562895e-05 -45.3060578401656 -0.9963248222760476 -0.08565532157944018 -0.00011999788558473054 104.68356182760886 -0.00011518491686489943 -6.113213567598099e-05 0.9999999914976488 0.494496173200738
1625013927778882 -0.07440275235129884 0.9972282727970396 4.872937456645871e-05 -48.60401323964996 -0.997228267694814 -0.07440274630342701 -0.00011597704982574617 104.08665521615566 -0.0001120299937886823 -5.722332150150835e-05 0.9999999920873864 0.4939441135200454
1625013928029511 -0.06582758617143297 0.9978310109011223 5.0800141965123185e-05 -51.63805610420768 -0.9978310062775468 -0.0658275801516514 -0.00011225098401600945 103.58862881906894 -0.00010866346243865864 -5.807916809937279e-05 0.9999999924095312 0.49365564702915
1625013928280141 -0.05578928972091836 0.9984425632828657 5.4546711317382934e-05 -54.81580150004008 -0.9984425586330301 -0.05578928323592568 -0.00011394787192924548 102.98840362208539 -0.00011072728340263704 -6.081882885302364e-05 0.9999999920202695 0.494025684200423
1625013928530770 -0.049157699982801985 0.9987910279309514 5.52702625946396e-05 -57.65810600176256 -0.9987910209148211 -0.049157692248261976 -0.0001335309794088666 102.57212362743947 -0.00013065258562559233 -6.1767517827459e-05 0.9999999895573378 0.4961056699997508
1625013928780151 -0.04288623754630243 0.999079960707567 5.233980724593783e-05 -60.39354536164816 -0.9990799519502438 -0.04288622959309079 -0.0001446380125268871 102.1781334528773 -0.0001422602828820932 -5.849463227194033e-05 0.9999999881701952 0.497081055399285
1625013929029530 -0.03379562927472154 0.9994287631315507 5.352599336860004e-05 -63.34436599486029 -0.9994287555154516 -0.033795621713112046 -0.00013638045135179333 101.58469468320823 -0.00013449360158644195 -5.8104480114442355e-05 0.9999999892676704 0.4962602901225387
1625013929279531 -0.02366796944975349 0.9997198728112625 5.5911771917659025e-05 -66.36485887234947 -0.9997198658443749 -0.02366796190469201 -0.00013195889771888257 100.90128952768819 -0.0001305986147563563 -5.9019308280608796e-05 0.9999999897303619 0.495944276601082
1625013929528920 -0.004661492734689452 0.9999891332692601 6.185989241350393e-05 -70.30686667780562 -0.9999891281171417 -0.0046614853392085796 -0.00011916257267992336 99.55994051660254 -0.00011887291879102657 -6.24146953469337e-05 0.9999999909868179 0.494992836959832
1625013929778292 0.021347883991473086 0.9997721060332776 6.200515232174514e-05 -74.78415005952507 -0.9997721015493478 0.02134789083476274 -0.00011188509724153537 97.61361345353315 -0.00011318327852611804 -5.9602511367444696e-05 0.9999999918185433 0.494206733663801
1625013930028300 0.053407132775640825 0.9985728183884434 6.739594610000976e-05 -79.79883881351843 -0.9985728132816729 0.053407140465400196 -0.00011798220936954412 95.10518546525927 -0.00012141325209027392 -6.099866798004024e-05 0.9999999907689926 0.495155412953473
1625013930278299 0.08800515183585601 0.9961200166821452 7.492181215718449e-05 -84.96519517905172 -0.9961200108141818 0.08800516075197672 -0.0001254365987075706 92.22444884309756 -0.00013154341292015287 -6.359204942134162e-05 0.9999999893261909 0.496379330840303
1625013930528927 0.12700146252344327 0.9919025267703253 7.682003753158778e-05 -90.28919045852699 -0.9919025211686978 0.127001471228915 -0.00012166609865731104 88.76180573946465 -0.0001304371684671378 -6.07462164349915e-05 0.9999999896480215 0.4960354766654368
1625013930779556 0.16899243147399698 0.9856173457044147 7.712884293842774e-05 -95.6631161235521 -0.9856173406394301 0.16899243959261126 -0.00011484408065730038 84.79099477011968 -0.00012622650927871418 -5.6611744633022815e-05 0.9999999904309896 0.4952809853821808
1625013931030184 0.20960402493861618 0.9777863496903062 8.418197758267835e-05 -100.7509419530853 -0.977786345117178 0.20960403355257276 -0.00011143899796482563 80.7084125427814 -0.00012660841308721667 -5.8953925676881165e-05 0.9999999902473721 0.4954984744244018
1625013931280825 0.2503348330442697 0.9681593167893734 9.314718931240422e-05 -105.69671917218962 -0.9681593126756054 0.25033484248307797 -0.00010916152868737293 76.37210425257805 -0.00012900373799820076 -6.285438572369131e-05 0.9999999897036812 0.496060434820695
1625013931530822 0.2868026382288008 0.9579896853344346 9.744535844989245e-05 -110.08345931943025 -0.9579896812692875 0.2868026480036965 -0.00010806203787817406 72.26954366187904 -0.00013146990450290183 -6.235917032688224e-05 0.9999999894134991 0.496267697817067
1625013931780201 0.3256831464012911 0.9454789674548814 0.00010123425600247662 -114.47571482334627 -0.9454789648677516 0.32568315571094975 -9.527082442411329e-05 67.64908440460587 -0.0001230468526662974 -6.468675771583281e-05 0.9999999903375482 0.4955980104483869
1625013932029580 0.3701972210332537 0.9289531777784942 0.00010503457252892542 -119.04409848087087 -0.9289531751409246 0.37019723061287435 -9.402085020623602e-05 62.083155904343684 -0.00012622447544561585 -6.276594218492277e-05 0.9999999900639093 0.4957565978290
1625013932279578 0.42475854496397836 0.9053066696565315 0.00011114517997976223 -124.01023831388295 -0.905306665328068 0.42475855580044286 -0.0001048077409073464 54.870858206000584 -0.00014209301300775574 -5.6102488726125656e-05 0.9999999883310432 0.4968327456826690
1625013932529587 0.4867505229693357 0.8735410204543408 0.00011819659238147874 -128.92493191170465 -0.873541018856685 0.48675053322143397 -8.234829774991551e-05 46.03667808406498 -0.0001294668704160694 -6.316649473904031e-05 0.9999999896241619 0.496133971251463
1625013932778962 0.5533839202132902 0.832926300332403 0.00012272617340464438 -133.45072470228124 -0.8329262997374152 0.5533839302170094 -7.057677454174797e-05 35.788849866517914 -0.00012669994388789149 -6.316580532308183e-05 0.9999999899786028 0.495839091063648
1625013933028343 0.6223570543441108 0.7827334669238265 0.00012908638846775806 -137.34601239964604 -0.7827334678505296 0.6223570641410932 -5.4937518053183284e-05 24.217925819500984 -0.00012333925971760442 -6.684948458926254e-05 0.999999990159287 0.495812479405692
1625013933278350 0.6931038101328632 0.720837769561039 0.00013546712692495618 -140.3035428278803 -0.7208377707441872 0.6931038204279918 -4.8728226307601766e-05 11.156551765999474 -0.00012901792918061606 -6.387610246703273e-05 0.9999999896371089 0.496148064231762
1625013933528352 0.7677709833943649 0.6407243533765427 0.0001415825851687062 -141.95928335942008 -0.6407243533411585 0.7677709947466527 -5.1566046454411824e-05 -4.278952502590727 -0.0001417426240247845 -5.112449613063963e-05 0.9999999886476573 0.4963499750468820
1625013933778982 0.8300628162796279 0.5576698843748977 0.00014522048259396083 -142.0659778163099 -0.5576698855885376 0.830062827397351 -3.575681609534849e-05 -19.013916391328774 -0.0001404826238757721 -5.130468644410323e-05 0.9999999888162309 0.496218583524613
1625013934029616 0.8796047048653312 0.4757053112191108 0.00014161380482393668 -140.79603939687655 -0.4757053135915335 0.8796047147855864 -1.8588045004756627e-05 -32.5342438103312 -0.00013340660213610097 -5.1016307592342494e-05 0.9999999898000077 0.4954263357629989
1625013934280241 0.9166228101869522 0.39975317888095474 0.00014077397969000966 -138.75981619753765 -0.3997531826273796 0.9166228193615392 -1.658770907161942e-06 -44.317625790459594 -0.0001296997410996635 -5.4754379161946575e-05 0.9999999900899678 0.495367420329528
1625013934530874 0.9427204118045247 0.33358388047365833 0.00014090071371390645 -136.4279372720499 -0.33358388558056035 0.9427204204267192 1.3755470516949073e-05 -54.08537300149972 -0.00012824137683830017 -5.996977039219614e-05 0.9999999899788882 0.4957048872735100
1625013934780873 0.9619793805397369 0.27312204318970534 0.00014469980017076638 -133.92313707228845 -0.27312205061902006 0.9619793887136986 3.396244189973762e-05 -62.65775785763908 -0.00012992233379219024 -7.219187496728978e-05 0.9999999889542602 0.4970465892972823
1625013935030881 0.9751190452517197 0.22168181375206983 0.0001450404584333588 -131.72718863612255 -0.22168182051138824 0.9751190539730181 3.2113707834514576e-05 -69.68625968262859 -0.0001343126896165903 -6.34675209965396e-05 0.9999999889659877 0.496712150941021
1625013935280256 0.9828149263062332 0.18459360980645148 0.00014087606018757206 -130.25343072077501 -0.18459361635255356 0.9828149345550461 3.4859923561673095e-05 -74.6327809677976 -0.0001320201767460899 -6.026567461396518e-05 0.9999999894693609 0.4961385078439601
1625013935529633 0.9866171593571904 0.1630538595560276 0.00014051191843012016 -129.99029448896684 -0.1630538678700198 0.9866171667309933 4.982068712686739e-05 -77.49162502199268 -0.0001305080155319839 -7.206495659236204e-05 0.9999999888871501 0.4970974883517426
1625013935779637 0.9872861680738955 0.15895283307789956 0.00013850718739818628 -131.02438319348886 -0.1589528411595539 0.9872861752541908 4.936622684184915e-05 -78.04494343721818 -0.0001288993296769804 -7.075470388907442e-05 0.9999999891893675 0.496781461492044
1625013936029017 0.9843584078935936 0.17617748246339318 0.00013957011838328236 -133.7190844748036 -0.17617748935188896 0.9843584157983751 3.8604998672245654e-05 -75.74448599552832 -0.00013058568914827215 -6.259026807519837e-05 0.9999999895149182 0.496187816717962
1625013936278401 0.980689695521339 0.19557019455488442 0.00014176669401221118 -136.63841284746653 -0.19557020153948318 0.9806897036746361 3.706922970352571e-05 -73.10254304280366 -0.00013177950067694416 -6.407875251085871e-05 0.9999999892640384 0.49646404380280
1625013936527776 0.9750457016486045 0.22200418672932692 0.00014411453175709093 -140.02787615944547 -0.22200419315356354 0.9750457103739153 3.0023820618645895e-05 -69.37961244319257 -0.00013385284211364605 -6.126862758585284e-05 0.999999989164786 0.496447241929751
1625013936778406 0.9665333558489528 0.25654093532605354 0.0001432869937810978 -143.85011674289797 -0.25654094144628786 0.966533364501389 2.5792338120449435e-05 -64.3633528641641 -0.00013187486964316255 -6.168813540049779e-05 0.9999999894017965 0.4962477326815567
1625013937028413 0.9533769582205477 0.30178196587556017 0.00014354158240894574 -148.19801896605597 -0.30178197187325695 0.9533769668826944 2.162430011457042e-05 -57.523552488781924 -0.0001303234146596158 -6.393437125219937e-05 0.999999989464102 0.496278118191813
1625013937279040 0.9341741073478628 0.35681748337650115 0.00014392863294155272 -152.72480071763817 -0.35681748851811035 0.9341741164078279 1.0910993216401245e-05 -48.79448310961561 -0.00013056117036363874 -6.154902068039743e-05 0.9999999895827495 0.496076912805775
1625013937529679 0.9079236870001096 0.41913548864033 0.00014402821391145448 -157.08212144318205 -0.4191354934663062 0.9079236961887075 3.682268958306423e-06 -38.36194966576874 -0.00012922325873108919 -6.371055572014203e-05 0.9999999896211574 0.4961167679019416
1625013937779675 0.8788024212871406 0.47718579601806216 0.00014288539075025112 -160.64143857103747 -0.4771858003243634 0.8788024305534586 -4.460689714684683e-06 -28.09496537319521 -0.0001276966064544779 -6.42628146180859e-05 0.9999999897819339 0.495976428500939
1625013938029057 0.8474039276083701 0.5309487382288579 0.000144377489301975 -163.48093993543498 -0.530948744425399 0.8474039360073822 5.482352134986526e-06 -18.085186466280792 -0.00011943520475702661 -8.130281340007631e-05 0.9999999895625423 0.496626579982557
1625013938279054 0.8179406254236736 0.5753026271580196 0.00014305375777691319 -165.64315705711994 -0.5753026311745868 0.8179406349633425 -1.539898697567773e-05 -9.374987605559392 -0.0001258685591329011 -6.970374621084894e-05 0.999999989649247 0.4962925035817180
1625013938528439 0.7912104695691989 0.611543925481526 0.0001415927284919094 -167.3465574631046 -0.6115439277934638 0.7912104798289583 -3.139330858386812e-05 -1.9320299280975393 -0.00013122803781589963 -6.175145890310054e-05 0.99999998948298 0.4961857380819741
1625013938777813 0.7681320444741639 0.640291451158951 0.00014079230473282062 -168.78504430571877 -0.6402914538037004 0.7681320545340563 -3.1320933103971265e-05 4.202385549741069 -0.00012820160800608687 -6.608949710190688e-05 0.9999999895982633 0.496235404027646
1625013939027816 0.750421019028088 0.6609601158314924 0.00013956587494317468 -170.1448815256483 -0.6609601176470564 0.7504210293802356 -3.926403491472187e-05 8.767831777224197 -0.00013068512860674853 -6.278292003023525e-05 0.9999999894898511 0.4962292662841928
1625013939278447 0.7403347286529934 0.6722384029436262 0.00013840472691593913 -171.54843144529255 -0.6722384047644432 0.7403347388641182 -3.985626969356298e-05 11.310464984142424 -0.00012925874244525126 -6.353399222526669e-05 0.9999999896278048 0.4961139914034170
1625013939529080 0.7338768432093418 0.679282533651633 0.00013592158189826146 -173.00480704002968 -0.6792825334667593 0.7338768539359772 -5.460568346160082e-05 12.932148232140813 -0.00013684238991937825 -5.225530990468917e-05 0.9999999892717716 0.4959413667825277
1625013939779707 0.7301220891941486 0.6833167028812902 0.0001357644354377175 -174.49294500523263 -0.683316702361891 0.730122100045679 -5.741015185598554e-05 13.864085700246417 -0.00013835393039175745 -5.085368630739306e-05 0.9999999891360464 0.495994145409577
1625013940030334 0.7288109047229544 0.6847150107567207 0.000138560816548399 -176.09716638071882 -0.6847150117271001 0.7288109154185934 -4.774972779681012e-05 14.168512372341441 -0.00013367959093210825 -6.007414881211971e-05 0.999999989260432 0.4963583652446245
1625013940280340 0.7273118373479797 0.6863071263689869 0.00013980850035646156 -177.74949963643226 -0.6863071271790032 0.7273118483249501 -4.967107559851734e-05 14.52759936944224 -0.00013577399196377577 -5.982520897837329e-05 0.999999988993184 0.496630680188721
1625013940529090 0.7272159339965153 0.6864087454688019 0.0001395825512547852 -179.43252166496686 -0.686408747818246 0.7272159441882421 -3.7878208786603694e-05 14.51171605004734 -0.00012750659057705495 -6.826504724336068e-05 0.9999999895409765 0.4964016501555692
1625013940779099 0.7282305829893725 0.6853321816870053 0.00013689724572723817 -181.17901157470993 -0.6853321822060346 0.7282305936201793 -5.045872982607638e-05 14.22286201693701 -0.0001342737539180741 -5.7074497914224475e-05 0.9999999893565304 0.4961169736553831
1625013941028477 0.7303924874856372 0.6830276684961764 0.00013524417860893937 -182.96905997206008 -0.6830276673789645 0.7303924984642888 -6.147936325523439e-05 13.637548958177703 -0.0001407734396621003 -4.747145078493017e-05 0.9999999889646501 0.4959587895022022
1625013941278482 0.7304461388921396 0.6829702912058033 0.00013966242415575742 -184.78401872302388 -0.6829702932060137 0.7304461492642648 -4.025998761127881e-05 13.58476566982361 -0.00012951225538459173 -6.597753427316362e-05 0.9999999894367705 0.496454399854367
1625013941529110 0.7305194548909117 0.6828918691165425 0.00014532091123174677 -186.66566092209885 -0.6828918741860932 0.7305194643588198 -1.9007257029669632e-05 13.516895312809412 -0.00011913965551318688 -8.535329838538325e-05 0.9999999892602788 0.49719994252940
1625013941779742 0.7299745619382887 0.6834743002101101 0.00014097188089150003 -188.5236759200296 -0.6834743034751939 0.729974571832451 -3.106277304308531e-05 13.634874400253988 -0.00012413649546267342 -7.367562395735577e-05 0.9999999895810167 0.496574219887017
1625013942030371 0.7294023608019037 0.684084919807447 0.00013618522456437782 -190.4223333504857 -0.6840849190149739 0.7294023718230984 -5.960606062004524e-05 13.776414748541509 -0.00014010943300413276 -4.968545698290697e-05 0.9999999889503511 0.4961018203185813
1625013942280993 0.7286235786256178 0.6849143463824213 0.00013706971337708594 -192.41540915553537 -0.6849143456741495 0.728623589762057 -5.941188907187987e-05 13.971365182057106 -0.00014056428177979397 -5.0592109821061634e-05 0.9999999888410608 0.496280789436633
1625013942531009 0.7271882820001576 0.6864380404163923 0.00013852339187010924 -194.41940693826595 -0.6864380411771556 0.7271882927921087 -4.948469491591474e-05 14.345167118389977 -0.00013470076585478128 -5.9103035491459306e-05 0.9999999891812675 0.4964217781724274
1625013942781006 0.7256940210291675 0.6880175642267589 0.00013840434812069466 -196.45561088341367 -0.6880175652693401 0.7256940316843381 -4.750103211886225e-05 14.744282132702173 -0.00013312075380732336 -6.075340761545337e-05 0.9999999892939445 0.496387613555261
1625013943030386 0.7233486726873013 0.6904829315993225 0.00013743832024674035 -198.43566689410667 -0.6904829336836372 0.7233486826883074 -3.9274617942613587e-05 15.373565607363549 -0.00012653428123611508 -6.648957180557856e-05 0.9999999897841064 0.496088242239145
1625013943279765 0.7215278581803012 0.692385391873352 0.00013779658666043625 -200.42246267446285 -0.6923853938962337 0.7215278682798719 -4.015505786947527e-05 15.8604691720452 -0.00012722685290828502 -6.643535103292245e-05 0.9999999896998363 0.4961885313018648
1625013943529143 0.7183895347490529 0.6956410404875188 0.00013838442378666702 -202.41561614154512 -0.6956410421751872 0.7183895451308422 -4.342681848305009e-05 16.73580262971714 -0.0001296234004521984 -6.506851285824516e-05 0.9999999894819315 0.4963905495292670
1625013943778525 0.715308754352115 0.6988085337033166 0.000138450040555286 -204.41316618415857 -0.6988085349825712 0.7153087649610566 -4.693791719755987e-05 17.599481091876534 -0.0001318351446106187 -6.317496692638877e-05 0.9999999893142092 0.496503052784213
1625013944028528 0.713684486316623 0.7004672975392526 0.0001380825903781259 -206.47898042731072 -0.7004672981618857 0.7136844971779196 -5.18792382698791e-05 18.050472813176516 -0.00013488711391263576 -5.9696931490357184e-05 0.9999999891208716 0.496543012110236
