0.9999727208254474142 0.007386311999347235611 0 -0 -0.007386311999347235611 0.9999727208254474142 -0 0 -0 0 1 0.4949999999999998845
0.9999669368338429676 0.008131716163048686302 2.082347886696793671e-05 0.003563178563258031541 -0.008131717100823365393 0.9999669360145543306 4.535293659931264855e-05 0.006262651204418430255 -2.045399315218032982e-05 -4.552076772683490223e-05 0.9999999987547467661 0.4950100266900812618
0.9999444943929057805 0.01053603772590759775 6.67734309204808229e-06 0.02822550056530416865 -0.01053603788864271654 0.9999444941053632352 2.482359597920094982e-05 0.01287967415934855933 -6.415430116416460688e-06 -2.489257087024913855e-05 0.9999999996696008475 0.4950062839328813746
0.9999881778167875046 0.004862532203684339499 3.075944329264859401e-06 0.02215753706163961154 -0.004862532241329739317 0.9999881777450494447 1.235191554174801459e-05 0.02373669067005236208 -3.015846377568290481e-06 -1.236672639361293848e-05 0.9999999999189841393 0.4950058942403005591
0.9999907084875677699 0.00431079348032568227 5.785692925513222555e-07 -0.005364764865017230752 -0.00431079347983636188 0.9999907084873809193 -8.443041982610150999e-07 0.02631656197349771867 -5.822035378007337339e-07 8.418022606640837565e-07 0.9999999999994759747 0.4949948347365229484
0.9999875639421709206 0.004987179887024307742 -9.704687988867534337e-08 -0.0055076255463174335 -0.004987179887348653327 0.9999875639353565937 -3.692517809383094711e-06 0.02728950742472775748 7.863042245610155865e-08 3.69295587926559161e-06 0.9999999999931776795 0.4949944097360399198
0.9999820142760710295 0.00599759326981370508 -1.254622794312787792e-06 -0.01876388996653921212 -0.005997593282367590962 0.9999820142242110688 -1.025385170756897875e-05 0.01321444992860084169 1.193101796958323137e-06 1.026119200186594148e-05 0.9999999999466420153 0.4949829947261061291
0.9999891374004143962 0.004661016996800628615 -1.990786120941999854e-06 -0.02014634494876990645 -0.004661017011708345169 0.9999891373738208911 -7.550549470972844498e-06 0.002201064971211144899 1.955571256357131839e-06 7.55974654035368757e-06 0.9999999999695127206 0.4949900861559986542
0.9999761738113736032 0.006903029161651853991 -4.3777772404776736e-07 -0.002328532105768845849 -0.006903029161059138011 0.9999761738105740205 1.341228660043865464e-06 0.001728868248371354674 4.470258340258170634e-07 -1.338174711281555248e-06 0.999999999999004463 0.4950081326692427619
0.999968345835150374 0.007956590312136233023 7.418901773210895321e-07 0.001987436816469567713 -0.007956590313735519698 0.9999683458330403951 2.178279997949389398e-06 -0.001232446183774629084 -7.24535011876651634e-07 -2.184113962514006287e-06 0.9999999999973521181 0.4950051525424538634
0.9999782020473876321 0.006602683669069700501 8.201025463417049651e-07 0.0007366341601856962046 -0.006602683670004200374 0.9999782020470655564 1.142086906519831298e-06 -0.004968950518763616889 -8.125438312188177492e-07 -1.147476889053912952e-06 0.9999999999990113464 0.4950035797103273238
0.9999888661942198942 0.004718844004146297705 1.046818290036892457e-06 0.0120267410897303053 -0.00471884401444112693 0.999988866144114974 1.006017287977289239e-05 0.008916529368840027392 -9.993342484383402317e-07 -1.006500064398410245e-05 0.9999999999488483615 0.4950268592199120743
0.9999631727753636179 0.008582138132795459964 5.748321427931120019e-07 0.006091771979734989483 -0.008582138133785159606 0.9999631727740030396 1.742006721807715937e-06 0.005332676763100714298 -5.598608310050922913e-07 -1.746875857388036529e-06 0.999999999998317235 0.4950028594214691546
0.9999819004463103012 0.006016542224755249725 1.294626353323375843e-06 0.01939113762129926824 -0.006016542235708724831 0.9999819004098426944 8.630063240201980328e-06 0.02356919188987086078 -1.242679781229517349e-06 -8.637696214043319315e-06 0.9999999999619227919 0.4950194560926233778
0.9999587355235890485 0.009084451091812046145 8.111399302523762793e-07 0.000648735090106394136 -0.009084451094867926346 0.9999587355164911706 3.84675491709789414e-06 0.02823903179542686451 -7.761608020753853837e-07 -3.853964943797863809e-06 0.9999999999922720706 0.4950066338320540105
0.9999864009396061126 0.005215164242267198054 1.105223980363104924e-07 -0.01259539081913956839 -0.005215164240913512661 0.9999864008903709411 -9.924469157930261817e-06 0.01484791457421502647 -1.622786317056807027e-07 9.923757802016753245e-06 0.9999999999507461768 0.4949813445705772974
0.9999933971745683658 0.003633951978864264232 -1.585478781314595983e-06 -0.0152599145960464512 -0.003633951982490201023 0.9999933971731898019 -2.290124856072937856e-06 0.01621059211312760387 1.577146108920184699e-06 2.295871288538875523e-06 0.9999999999961205477 0.4950019735707457125
0.999978670302119621 0.00653138122977323099 -1.506208846691167855e-06 0.0126602158009260727 -0.006531381230052565705 0.9999786703032357282 -1.806259826774594193e-07 0.01268162471627785545 1.504996982560357241e-06 1.904597541694690652e-07 0.9999999999988491428 0.4950036585641606757
0.9999252663881941228 0.01222545044760506988 1.443835381829109482e-06 0.1247975580135906176 -0.01222545047060360525 0.999925266241552424 1.716927022858048363e-05 0.04018607683898784561 -1.233825416183025634e-06 -1.718563864495251676e-05 0.9999999998515655131 0.4950410873491945529
0.9997325988985041878 0.02312424450592838812 4.231448937328111564e-06 0.2168332230970859142 -0.02312424453823449383 0.9997325988766561089 7.752121643277424168e-06 0.04501095131975473007 -4.051055486810017339e-06 -7.847897777388929312e-06 0.9999999999609995305 0.4950108892296763985
0.9994928593615360901 0.03184374457430978744 4.361121005287220737e-06 0.3061782744489274233 -0.03184374458074022002 0.9994928593698467756 1.413064039689185567e-06 0.04945427125256496997 -4.313912053285424583e-06 -1.551221840867965561e-06 0.9999999999894917391 0.4950052256284198093
0.9989419488231953137 0.04598894276244164941 5.209786327098332614e-06 0.5616099043555415893 -0.04598894264146441424 0.9989419486141675186 -2.135140316038780796e-05 0.01493193619890311429 -6.186202563296006926e-06 2.108921971857630447e-05 0.9999999997584876343 0.4949588814174655793
0.99762835049842713 0.06883076549654772169 2.275783201961624467e-06 0.8985543092842354085 -0.06883076536694293646 0.9976283498341049771 -3.672211793841825296e-05 -0.04479168476624924983 -4.797997328708992939e-06 3.647838204611266035e-05 0.9999999993231531992 0.4949315659597942618
0.9953429582739068415 0.0963970716148684903 9.264294857527917995e-07 1.34870733758583472 -0.09639707157154762951 0.995342958037233827 -2.191693346166773926e-05 -0.1206021454483870159 -3.034843269244781387e-06 2.172556029858464815e-05 0.9999999997593946865 0.4949370005026810238
0.9924400313622134817 0.1227305346988744744 2.128326647930991925e-06 1.987201241946201735 -0.1227305346894797533 0.9924400313572183663 -4.092720582243848209e-06 -0.2160586976328772724 -2.614538350642912944e-06 3.800569075504424033e-06 0.9999999999893597336 0.4949762977227950556
0.9891769941527615018 0.1467272102930396727 8.730096048360749346e-07 2.632475973635842514 -0.1467272102155529057 0.9891769937919391298 -2.715392229664667721e-05 -0.373721533531675254 -4.847780283564184225e-06 2.673194097304563909e-05 0.9999999996309509864 0.4948936999909268608
0.9852581516148626317 0.1710741788754014947 8.966553791800136153e-07 3.433524333803374962 -0.1710741786305000067 0.9852581504591434447 -4.860000265152097281e-05 -0.5947974408290560566 -9.197642567441450463e-06 4.773015419840714765e-05 0.9999999988186176747 0.494834136955159376
0.982568491234871888 0.1859009414341125099 2.927596967457065589e-06 4.312560239900771641 -0.1859009414122221593 0.9825684912217742539 -6.51522160569606904e-06 -0.7956294883192215339 -4.0877503653705027e-06 5.85740843084379083e-06 0.9999999999744902945 0.4949186281760031836
0.9817921560364347711 0.1899583173128863989 5.587333570284966736e-06 5.262270147802321496 -0.1899583173528009983 0.981792156013744588 7.78512243435123245e-06 -1.025329332600882992 -4.006751514633886842e-06 -8.704732623329468002e-06 0.9999999999540866158 0.4949314271624039585
0.9818440273439079657 0.1896900259857408899 3.585639378617190913e-06 6.218282423752896193 -0.1896900260091124168 0.9818440273131119334 8.028947435561772288e-06 -1.248197303507545319 -1.997527360304131494e-06 -8.56333411245370462e-06 0.9999999999613393697 0.4949386183744644563
0.9832721303015000691 0.1821425753998668351 1.134182775596916787e-06 7.192849156464499849 -0.1821425753758490196 0.9832721302420189824 -1.126977022267609646e-05 -1.499814797595445448 -3.16791528636793582e-06 1.087466800316498795e-05 0.9999999999358527569 0.4949000579849558989
0.9848110126389294505 0.1736296903921981383 1.275993260695329611e-06 8.360629908971908719 -0.1736296903384449419 0.9848110124715330205 -1.870834836532080705e-05 -1.794556980077841146 -4.504936949392259206e-06 1.820263718372497539e-05 0.9999999998241845267 0.4948591686192824191
0.9856402722690653651 0.1688586796111659072 1.889145875519730222e-06 9.475441241721672014 -0.1688586796216059449 0.9856402721928851918 1.225624224350944425e-05 -2.025504971033507129 2.075546272742680027e-07 -1.239924462004113646e-05 0.9999999999231076186 0.4949136252171792982
0.9863633816626821149 0.1645821354737584119 2.968566763386112527e-07 10.49879454839306092 -0.1645821354542123249 0.9863633815143429961 1.729608788953751429e-05 -2.249744878971716489 2.553818525103427571e-06 -1.710908504597484183e-05 0.9999999998503783516 0.4949104046493689735
0.9878281517333304951 0.1555491645669707379 6.918258571418696078e-06 11.73207158706673425 -0.1555491646846722253 0.987828151485588779 2.237627718440929626e-05 -2.47192528247912735 -3.353439353950020162e-06 -2.318004587560448132e-05 0.9999999997257197348 0.4949003919492540593
0.9874001851673838148 0.1582430859447054861 9.183965924085433569e-06 13.17292379658224277 -0.1582430860123220651 0.987400185173233691 7.168902557370516718e-06 -2.746164107094584583 -7.933820390551423338e-06 -8.531874822253868415e-06 0.9999999999321306232 0.4948787397870627047
0.9892946111987669378 0.1459320808296858396 6.327006509576066628e-06 14.48722422153008615 -0.1459320808654613888 0.989294611197777396 5.616720492234220865e-06 -2.991444807322074517 -5.439613736066386461e-06 -6.479904541168755913e-06 0.9999999999642105175 0.4948773275110237568
0.9920266596544025095 0.1260281973379868692 3.591402648538789514e-06 15.89072074562667147 -0.1260281973520608056 0.9920266596510269874 4.005993058434228339e-06 -3.218872861742360314 -3.057899089188834517e-06 -4.426669914117991933e-06 0.9999999999855266886 0.4948711992223224221
0.993554082147919293 0.1133591010475911154 7.68898601869385666e-06 17.50922644120950267 -0.113359101055233627 0.9935540821766390973 5.641312760974838369e-07 -3.465736492491461096 -7.575474032341145451e-06 -1.432111475339359337e-06 0.9999999999702804399 0.4948549684522754455
0.9945370267749594761 0.104384396937131696 7.206069238327027491e-06 19.14075167086233265 -0.1043843970465608423 0.9945370266443862572 1.699417029215332745e-05 -3.668368796233147044 -5.392776456685999697e-06 -1.765353278738405075e-05 0.9999999998296351666 0.4948877529887396043
0.9957801320220782682 0.09177106657308453652 3.516152588215726441e-06 20.75337795455458334 -0.09177106664037941453 0.9957801313359864182 3.696491530796145743e-05 -3.819685693715622499 -1.090051824954328274e-07 -3.713160931903769718e-05 0.9999999993106156726 0.4949582033072705833
0.9967943748857488462 0.08000608845975901162 2.78047125200213601e-06 22.36470599631119427 -0.08000608850751583789 0.9967943741469964536 3.837782904414912893e-05 -3.945149160964998014 2.98901883926523824e-07 -3.847725874061505845e-05 0.9999999992597053966 0.4949543418200093026
0.9972325573123936859 0.07434532008158535599 4.514726498431041869e-06 24.04257713193939949 -0.07434532012475769669 0.9972325572662430471 1.029607277869211625e-05 -4.102225665454406034 -3.736767425072892954e-06 -1.060322777417124691e-05 0.999999999936803885 0.4948975561672216417
0.9978747106662987365 0.06516181234710374803 5.150138468006135304e-06 25.74658830219842187 -0.0651618123408622546 0.9978747106790551991 -1.370728566526863101e-06 -4.250957379955051962 -5.228512091349531454e-06 1.032223015343358562e-06 0.9999999999857983601 0.4948482960267520658
0.9984879167243251308 0.05497163046880376019 1.162274282074697042e-06 27.40254085684350827 -0.05497163047406499609 0.9984879167115686682 5.123190451476819953e-06 -4.373308151272745192 -8.788866942363193092e-07 -5.179335873220764434e-06 0.999999999986200816 0.4948683681441746751
0.9990329187212813045 0.04396848090921803148 7.708923643527910643e-08 29.06700533696225008 -0.04396848090542166548 0.9990329186087073543 1.500900567334028483e-05 -4.470797926557864344 5.829084945453165949e-07 -1.49978802415616377e-05 0.9999999998873616569 0.4948866208883297979
0.9994088969003872558 0.03437814396415714291 4.02036754711736551e-06 30.76360605320877539 -0.03437814406074603951 0.9994088965373129074 2.711534312924242368e-05 -4.54294887506384093 -3.085815924204401244e-06 -2.723752794058361822e-05 0.9999999996242971978 0.4948916266809030295
0.9996422210405909725 0.0267475211274300316 5.366986265415948309e-06 32.50217067511065494 -0.02674752121420630874 0.9996422209113945412 1.680662658669614148e-05 -4.626140945810703897 -4.915530470252860069e-06 -1.6944167108315347e-05 0.9999999998443661609 0.4948745570336666177
0.9997856048175374211 0.02070614369820817507 3.87462958951726418e-06 34.23352857214453593 -0.02070614371231360371 0.9997856048181399391 3.636463328452735505e-06 -4.706091736780541268 -3.798501755369588262e-06 -3.71591232534642546e-06 0.9999999999858815158 0.4948504703721906539
0.999903741796447143 0.01387469301861148432 6.110305671673116436e-06 36.04611744334322054 -0.01387469310933721334 0.9999037417003742156 1.506471292679796479e-05 -4.755876901807039481 -5.900699236765906969e-06 -1.514804144059339321e-05 0.9999999998678590352 0.4948535699183547742
0.9999594950451120567 0.009000456208627964291 7.706726262660717062e-06 37.82986506691269568 -0.009000456264451681468 0.9999594950480997779 7.239726406550630473e-06 -4.821267442103012613 -7.64125326159995828e-06 -7.308797214427871565e-06 0.9999999999440961629 0.4948102395314770696
0.9999828590118939875 0.005855051370941370507 7.620689763240716569e-06 39.67565408494753143 -0.005855051576320507815 0.9999828586694535781 2.721284437336932973e-05 -4.846208266968720757 -7.461226532722704527e-06 -2.725699744993858751e-05 0.9999999996006928571 0.4948493255596787543
0.9999970046125776779 0.002447597061348721816 6.060540034013481372e-06 41.49599480714604738 -0.002447597305339139096 0.9999970038068062284 4.058415747319271222e-05 -4.85418338968181029 -5.961188210896709732e-06 -4.05988696693739161e-05 0.9999999991580977854 0.4948798515290808719
0.99999996313502304 -0.0002714823429214001794 5.43347518925237457e-06 43.25920018404351453 0.000271482071606262722 0.9999999619062196476 4.987260301898596812e-05 -4.851073642562277577 -5.447014513385987966e-06 -4.987112608933321281e-05 0.9999999987416001712 0.4948526453997601493
0.9999985666295363451 -0.001693132552636399286 6.577559079998893916e-06 45.14653246091001648 0.001693132383209517908 0.9999985663217479948 2.567905967928046476e-05 -4.866016766822030881 -6.621027701759716782e-06 -2.566788619339393948e-05 0.999999999648660598 0.4948185109963064154
0.9999995550464478855 -0.0009433205016224445244 7.454530881191421877e-06 47.08028974249182141 0.0009433205826658862302 0.9999995550150163615 -1.087567219626732217e-05 -4.908568157238223151 -7.444268319485431179e-06 1.088269936951271131e-05 0.9999999999130746442 0.4947871707832450783
0.9999988328499396228 -0.001527813595554550164 9.306359866038866376e-06 49.0961315343582001 0.001527813803207544573 0.9999988326432337482 -2.234692618417916481e-05 -4.967082791791264995 -9.272207064553671696e-06 2.2361118487023871e-05 0.99999999970700304 0.4947854335074310383
0.9999993158960326367 -0.001169679894826027152 7.657871187566700372e-06 51.12974401621722365 0.001169680005483350735 0.9999993158206550437 -1.446164237817114126e-05 -5.027512609990700376 -7.640950455873381326e-06 1.447058974371694367e-05 0.9999999998661087686 0.4948071151510989862
0.9999999999139410622 1.17376014318819797e-05 6.048051269137052367e-06 53.19706076650024329 -1.173753427908131877e-05 0.9999999998705917381 -1.110312510997057098e-05 -5.093759643912028956 -6.048181592411451439e-06 1.110305411980602528e-05 0.9999999999200706036 0.494817645029382136
0.9999976152563322396 0.002183914547999552327 1.062053194994419224e-06 55.21057032175841783 -0.002183914568322498778 0.9999976150662102103 1.952645139459766033e-05 -5.138607196039729708 -1.019406560796450055e-06 -1.952872426246122641e-05 0.9999999998087946151 0.4948426672471814003
0.9999885209773078376 0.004791441325924830977 -2.422599507770707562e-06 57.20032656099169799 -0.004791441192364570903 0.9999885196069384641 5.241999763193992278e-05 -5.162039787527419321 2.673739038333090905e-06 -5.240778815852354804e-05 0.999999998623137154 0.4949237135298153456
0.9999710263243493102 0.00761225969423276385 4.050617579618174117e-06 59.24045075641907943 -0.007612259851720733564 0.9999710255152772787 4.039934464338879646e-05 -5.219941840070125849 -3.742969912177145622e-06 -4.042900847945489934e-05 0.9999999991757424489 0.4948939569100540004
0.9999215218979137232 0.01252796694096852854 9.587413226998547881e-06 61.35163727726478555 -0.01252796692011705175 0.9999215219416470735 -2.23185416285195053e-06 -5.313661693135681041 -9.614621420593132717e-06 2.111568215415819311e-06 0.9999999999515499782 0.4948199056631902848
0.9998626476879315383 0.01657364533735696671 6.398698329891480587e-06 63.40263949175142955 -0.01657364536485644163 0.9998626476988374812 4.268831976259517824e-06 -5.381728486395613409 -6.327069346772149656e-06 -4.37429539923404423e-06 0.9999999999704166642 0.4948197598675597719
0.999753516468958825 0.02220149319689846204 3.164145589902989645e-06 65.41865506539883768 -0.02220149322750279708 0.9997535164233771754 9.989676455014684242e-06 -5.475626167354296747 -2.941579946125794792e-06 -1.005746292117316267e-05 0.9999999999450970289 0.4948208675663404721
0.9996687230036201965 0.025737992244439966 2.401845759248155771e-06 67.38480002096812882 -0.025737992258267086 0.9996687229886476178 5.915418297030384689e-06 -5.579291752694398809 -2.248799092711688578e-06 -5.975277342581707037e-06 0.9999999999796193029 0.4947991814297202362
0.9995891174773217092 0.02866349958642512227 3.821063224795417446e-06 69.34911016984916898 -0.02866349964021322472 0.9995891173726890733 1.485585417393417403e-05 -5.679727891795923966 -3.393672446327866131e-06 -1.495927520746382468e-05 0.9999999998823513314 0.4948099424892573595
0.9994652782502276844 0.03269797449277327822 6.204615411668747717e-06 71.34942322139235671 -0.03269797460331819172 0.9994652780920396662 1.864068024770294853e-05 -5.790509998407038061 -5.591785180610315619e-06 -1.883359102769805948e-05 0.9999999998070137064 0.4948035283546171614
0.999317468345153781 0.03694045780483851127 6.295557428657823219e-06 73.30625909386257888 -0.03694045789400983437 0.9993174682536997144 1.469112759826688843e-05 -5.917063088032849194 -5.748563531702824169e-06 -1.491366121274834804e-05 0.9999999998722681749 0.4947917998735057998
0.999185100747594368 0.04036253742495486685 4.344117259143171095e-06 75.25361318797784804 -0.04036253746113521723 0.9991851007186454137 8.590778540891962599e-06 -6.049974586633324769 -3.993831620744325672e-06 -8.759117517489139966e-06 0.9999999999536633988 0.4947732169441292904
0.99904555781187665 0.04368035483901188537 4.441495091850370086e-06 77.20983142680753986 -0.04368035487232706238 0.9990455577905962281 7.703023599058432923e-06 -6.188523931585487858 -4.100785137321687401e-06 -7.889677590135110494e-06 0.9999999999604680667 0.4947701742830112326
0.998824004363605078 0.04848307195418156967 6.570467791299822319e-06 79.19829245259495565 -0.04848307208042313549 0.9988240041655829238 2.065208362826575863e-05 -6.323840315566882531 -5.561464491994090649e-06 -2.094635333156415032e-05 0.9999999997651599637 0.4947796206856376333
0.9985818120221123806 0.05323875150119566219 6.281812498230559783e-06 81.19485956618025568 -0.05323875163080748346 0.9985818117774738489 2.267693968324498453e-05 -6.474784355667822844 -5.065611749125587451e-06 -2.297921537539552174e-05 0.9999999997231473481 0.4947784887272296261
0.9981397655465059637 0.06096727336163264982 3.98078417217680864e-06 83.16331553568421953 -0.06096727345152629096 0.9981397651300434326 2.891817757518494374e-05 -6.631818829808289628 -2.210316541303392387e-06 -2.910708054210394566e-05 0.9999999995739459191 0.4947757414578025092
0.9968582080670639334 0.07920677375109080876 1.870353186232394427e-06 85.09203115664044503 -0.07920677377199770997 0.9968582076456691254 2.898841531854257206e-05 -6.820426421330076927 4.316019286465045469e-07 -2.904548439084182656e-05 0.9999999995780866069 0.49476946268826133
0.9943641399235443323 0.1060186645193496174 3.142625752897948964e-06 87.03320617649106339 -0.1060186645638994674 0.9943641392843644011 3.565929168865417245e-05 -7.035468798459104889 6.556361306638211009e-07 -3.579149789581776537e-05 0.9999999993592691983 0.4947844151031781101
0.9889003002189954428 0.1485806050610931628 5.35654938187036761e-06 88.91687861570270002 -0.1485806051573992093 0.9889002996407852963 3.38180222552092726e-05 -7.333648894081814973 -2.723910801237604267e-07 -3.423853170970291856e-05 0.9999999994138241144 0.4947788687959349119
0.9807872717037652288 0.1950803107492451449 4.908697492255344769e-06 90.77360969535376967 -0.1950803108044455447 0.9807872715666140495 1.647999376685611083e-05 -7.726395276612128882 -1.599465715191081457e-06 -1.712095835672403888e-05 0.9999999998521570399 0.4947474323148871034
0.9689717727726803176 0.2471714052388424843 2.063378492107624351e-06 92.56181487982107114 -0.2471714052445043441 0.9689717726865597625 1.297518095557626821e-05 -8.206482825913282042 1.207738194797211476e-06 -1.308259225401658911e-05 0.9999999999136933715 0.4947385905623646885
0.9532857172081302677 0.3020700934341993271 4.676275396086855312e-06 94.33667179491955324 -0.3020700934431465035 0.9532857167999718717 2.818944993587651755e-05 -8.768726994440225297 4.057363233076172228e-06 -2.828516294568657736e-05 0.9999999995917434603 0.4947746084602326344
0.9336131976534286503 0.3582825659547244079 1.01228038571603211e-05 96.07132102650432159 -0.3582825660719273775 0.9336131968744904031 3.837892332911693765e-05 -9.429522212102565248 4.29971585851877912e-06 -3.945789347357884618e-05 0.9999999992122933223 0.4948030965972848305
0.9105438956113371951 0.4134124019463943922 9.169284901862441957e-06 97.77593438574214701 -0.4134124020473564642 0.9105438953443019123 2.206563987511551923e-05 -10.22146016482440345 7.731727891921226762e-07 -2.388242978738005858e-05 0.9999999997145156971 0.4947767220161419788
0.8840765994621243573 0.4673420226985496306 1.028334912297393497e-05 99.46600984900078402 -0.4673420228108524088 0.8840765992049514077 2.134246651781760849e-05 -11.12346111786341929 8.82963150736939633e-07 -2.367421640360728763e-05 0.9999999997193756984 0.4947841043510403103
0.8550729099551375167 0.5185077807087710156 2.747895816899206417e-06 100.9800632547887744 -0.5185077806233877595 0.8550729096901227289 2.343733136539075346e-05 -12.06169772684318708 9.802787400323513658e-06 -2.146543249359219075e-05 0.9999999997215700542 0.4947886883275754433
0.8230789343234645727 0.5679269916686686681 3.059152084978758544e-06 102.4996271988497938 -0.5679269915784916911 0.8230789340686133215 2.305020229987002307e-05 -13.11578696732104632 1.05729084122613186e-05 -2.070951098532035551e-05 0.9999999997296646903 0.4948083217243659515
0.7893174319343863043 0.6139853349905830537 7.952338041235631336e-06 103.9599085657848576 -0.6139853349776727143 0.7893174315977710132 2.470800800607521149e-05 -14.2462506528987678 8.893435534654744391e-06 -2.438508036367329773e-05 0.9999999996631371291 0.4948318047638922135
0.7494249235744667725 0.6620893318267657701 2.467436216323839202e-05 105.3556395709312454 -0.6620893322146548243 0.749424922423503892 4.266509525248973257e-05 -15.445396859395359 9.756522458011870783e-06 -4.831091771637552497e-05 0.9999999987854325534 0.4948881082479887894
0.7018370266529537771 0.712337551892382348 1.360665728701977934e-05 106.5843963092530799 -0.7123375518958029451 0.7018370260402182481 3.22544387380942015e-05 -16.70586048207903929 1.342639204368642104e-05 -3.232989232162474083e-05 0.9999999993872548121 0.4948896170556358332
0.6455854260295831315 0.7636880630673195114 5.377742932150208244e-06 107.7345738910147332 -0.7636880629665601106 0.6455854257877190472 2.225096791244235675e-05 -18.06051304822576142 1.352100612579709262e-05 -1.847181868231058635e-05 0.9999999997379869221 0.4949027842989577874
0.5861579934192697738 0.8101967701839734026 -1.834082177340055247e-05 108.81422486634618 -0.810196770362009322 0.5861579934410664494 -4.727025129558360528e-06 -19.58176937596638112 6.920798796210029608e-06 1.763045813137874217e-05 0.9999999998206345886 0.4949065203881423125
0.5232390385557519341 0.8521859582007647038 -3.433553970973548305e-05 109.7616174335473858 -0.8521859588658826645 0.5232390384330095623 -1.318211187415357559e-05 -21.16476536231677841 6.732084143215165071e-06 3.615766037388501685e-05 0.9999999993236510232 0.4949025182328328221
0.4594399604399784232 0.8882088273828109282 -4.138109868816526756e-05 110.577407629143778 -0.8882088283421123442 0.4594399600898381175 -1.816624230889149664e-05 -22.83566434336584194 2.876713550631775348e-06 4.510135482906477199e-05 0.9999999989787957677 0.4949134657994293529
0.4062962616359722667 0.9137413994748526669 -5.165852948141406173e-05 111.3034188689854034 -0.9137414009320309338 0.4062962608384139696 -2.556805440529197451e-05 -24.60934989039928311 -2.373922445431156545e-06 5.759074202061120398e-05 0.9999999983388351277 0.494892771181827229
0.3646315811786444705 0.9311518717421269908 -4.195864559996404631e-05 111.9912035645150752 -0.9311518726874375984 0.3646315807954181865 -1.6719605520023371e-05 -26.49640543545580584 -2.69044701610151434e-07 4.51663676232843541e-05 0.9999999989799632782 0.4949451577269864955
0.3360230974159710837 0.9418537450539240519 -3.054680277380472886e-05 112.6173108183644587 -0.9418537455473814379 0.3360230973036998359 -8.889838754737330078e-06 -28.42127020586400477 1.891503356704246182e-06 3.175781176090051094e-05 0.9999999994939315906 0.4949997358760310773
0.3175123388779633182 0.9482541395953001384 -3.745470403386739604e-05 113.1869385009827482 -0.9482541403126459878 0.3175123388940341851 -5.674238465836652463e-06 -30.35802367626960674 6.511710566096563717e-06 3.731821890093863273e-05 0.9999999992824738504 0.4950266259720221274
0.3083161834009912061 0.9512839374884272114 -3.649374061260403829e-05 113.7517825943483558 -0.9512839381261575245 0.3083161835928701078 -3.86126617436964221e-07 -32.32087347701467905 1.088429478170168775e-05 3.483495837191017086e-05 0.9999999993340287219 0.4950595443504743343
0.3065356755024933877 0.951859170067687943 -2.124875475736367513e-06 114.3751492954119442 -0.9518591700128715694 0.3065356755077832673 1.027750593072586359e-05 -34.36783649417128572 1.043408840491123174e-05 -1.127840016240811174e-06 0.9999999999449287191 0.4950685948617219445
0.309288236878628664 0.950968341240397308 2.211852071015008494e-05 114.9963987897546502 -0.9509683414391943979 0.3092882365181330862 1.827904584935600161e-05 -36.39308950370113394 1.054179564598712521e-05 -2.668750681739083744e-05 0.9999999995883235293 0.4950813687845637689
0.3167682973081368258 0.9485029490701976096 3.778722824311778135e-05 115.6448633095567686 -0.9485029497585659719 0.3167682965712829146 2.426643444726460928e-05 -38.42043224126400958 1.104698871392642566e-05 -4.352813457339694165e-05 0.9999999989916326104 0.4951120643128825161
0.3323703301243648989 0.9431489614865217197 1.010686950230409697e-05 116.3196872249939275 -0.943148961473625258 0.3323703299538736666 1.54857253049693658e-05 -40.43463911006916334 1.124612218796585124e-05 -1.467927910667546771e-05 0.9999999998290214354 0.4951744999916942724
0.3504154446210151486 0.9365943711712458875 -7.976679659661697284e-06 116.9998672431446778 -0.9365943711643316405 0.3504154446725858962 6.359009390075195337e-06 -42.44038289678280051 8.75096415092065231e-06 5.242618167047752268e-06 0.9999999999479677326 0.4951466681858083807
0.3680870216157848818 0.9297913443820874368 -2.0794318367189031e-05 117.7238123892941246 -0.9297913445694501178 0.3680870217262868227 1.624388504999915911e-06 -44.43578286596036975 9.16446108846951838e-06 1.873646090728157054e-05 0.9999999997824785547 0.4951629247197119055
0.38839402671413914 0.9214933966150898881 -3.129455118976268885e-06 118.5129802035867215 -0.921493396582652502 0.3883940267267284585 7.732795273294241462e-06 -46.4119678946903278 8.341181456836790133e-06 -1.195992669124005675e-07 0.9999999999652049443 0.4951880739099309148
0.4101021042711048836 0.9120396175885119305 -4.862658776743414144e-06 119.3187620066164527 -0.9120396175539574601 0.410102104298334158 8.021341160194305956e-06 -48.34855564160520203 9.309967521117844345e-06 1.145368562164346802e-06 0.9999999999560060804 0.495196067685016339
0.4309745044386532054 0.9023641040079365405 -1.800121674918399948e-05 120.179388304272905 -0.9023641041457214351 0.4309745045248888351 1.02404815051625602e-06 -50.32588900966555912 8.682129761126291894e-06 1.580231318122031554e-05 0.9999999998374535792 0.4951881215910316492
0.4505518277703989827 0.8927502729272689397 -2.613947444186956161e-05 121.0541264408119417 -0.8927502732436607413 0.4505518279006195947 -1.006004935580561878e-06 -52.22560801169885991 1.087907680934013518e-05 2.378928031289660806e-05 0.9999999996578576855 0.4952061625312040305
0.4690229226850001765 0.8831859924119235261 -2.838342375393135432e-05 121.9291633825839796 -0.8831859927971348334 0.4690229228122975158 -2.404421598944991043e-06 -54.05199599171749725 1.118892489244799045e-05 2.619557113280177033e-05 0.9999999995942996378 0.4951968965783735688
0.488194352075909499 0.8727349393106287323 -1.760365310940255554e-05 122.8393774787275277 -0.8727349393844777703 0.4881943522295241755 5.567717650500862799e-06 -55.84055794398834394 1.34531457524266191e-05 1.264519481845194217e-05 0.9999999998295556747 0.4952192640095043341
0.5032896182181724187 0.864117792999706702 4.165882474854424957e-06 123.8301092003801074 -0.8641177929669938695 0.5032896181394649338 1.237397180697250312e-05 -57.63045605008030492 8.595923808498304517e-06 -9.827504716504707218e-06 0.9999999999147647367 0.4952950020368204198
0.5163173669284001344 0.8563973240029583156 7.136429424642023856e-06 124.8224663377455386 -0.8563973240013886823 0.5163173668203511202 1.285270014353684269e-05 -59.38645808186556962 7.322355560106944816e-06 -1.274769135821941386e-05 0.9999999998919394395 0.4953135559437875646
0.5269628626740968658 0.8498883111117846445 3.344467387195579889e-07 125.8117332661563523 -0.849888311061603785 0.5269628626386220205 1.108132079608524343e-05 -61.09537502427725286 9.241644005436977545e-06 -6.123686902825506924e-06 0.999999999938546047 0.4953097080931184171
0.5338149013893365158 0.8456013546631513389 -6.983456870593737658e-06 126.786312100538396 -0.8456013546366517586 0.533814901430679889 7.031744625463273171e-06 -62.75096421013382297 9.673926121958480488e-06 2.151570525984023997e-06 0.9999999999508927262 0.4953180805290637867
0.5263491646141444935 0.8502685204688683607 -3.450545361170219263e-06 127.8037147338054496 -0.8502685204366067229 0.5263491646245044286 7.474107123654848631e-06 -64.4676611262731285 8.171189674206745738e-06 -1.000099941830755581e-06 0.9999999999661155492 0.4953433454319536855
0.5194440448407631195 0.8545044670790187258 4.868492561112115471e-06 128.8080574802889089 -0.8545044670747455884 0.5194440447841776054 9.475799611099172676e-06 -66.17345082739525708 5.568203628884113862e-06 -9.082296319480356772e-06 0.9999999999432532816 0.4953653466080025769
0.5142545385481954723 0.8576376097074879246 -2.037611839922203197e-07 129.7353496021332546 -0.857637609668751133 0.5142545385271979352 9.385195356780339307e-06 -67.79583100570587817 8.153881626070582438e-06 -4.651626052603380236e-06 0.9999999999559379127 0.4953698251239940231
0.5100933239665204066 0.8601190619897551848 -6.991615791953141935e-06 130.6490972062333071 -0.8601190619768187551 0.5100933240048527439 5.659516543643037937e-06 -69.44185309945366669 8.434234600315952405e-06 3.126740410886660864e-06 0.999999999959543362 0.4953814663622701508
0.5091264178157901554 0.8606917512577517693 -1.07614123184181069e-06 131.548181889845182 -0.8606917511980058944 0.5091264177944675451 1.121230189920435305e-05 -71.0385559160178417 1.019822768766536068e-05 -4.782253220040788943e-06 0.9999999999365627446 0.495407731955745223
0.5111017412805243243 0.8595202208564856061 -1.032786977569683832e-06 132.4095330284972647 -0.8595202207850773934 0.5111017412528805481 1.233199020749805664e-05 -72.57515553020157029 1.112745416932791595e-05 -5.415200377521986001e-06 0.9999999999234274739 0.4954205349541255798
0.5226938708009597478 0.8525204498597943603 -4.429657025934196644e-07 133.2980446443939684 -0.8525204498020161337 0.5226938707714493537 1.138245028725602635e-05 -74.10532096801460966 9.935307097105802246e-06 -5.571899679823541512e-06 0.9999999999351216751 0.4954372697885106591
0.5450354222507768354 0.8384130178453252924 -1.28225690171162989e-06 134.1803227332775919 -0.8384130177841158105 0.5450354222283386729 1.134641421105117127e-05 -75.55029964435327372 1.021185681224009916e-05 -5.109136782013933423e-06 0.9999999999348071489 0.4954499817567465381
0.5856712020886823966 0.8105487295738312836 -5.698978715690731611e-06 135.0814819436409948 -0.8105487295515438895 0.585671202115475853 6.101164657738888161e-06 -76.93080765079152172 8.283018977500118592e-06 1.046023518505491047e-06 0.9999999999651484339 0.4954437787902438162
0.6443571759534817422 0.7647246758083189322 -3.057463798868164854e-06 136.0658813066453376 -0.7647246757919780036 0.6443571759600504878 5.086778704087397689e-06 -78.22914176116235296 5.860083934430674297e-06 -9.395843481308998857e-07 0.9999999999823880881 0.4954577483757090506
0.7170991655144844934 0.6969711520719972242 3.08868071544211604e-07 137.1312148604545484 -0.6969711520658971038 0.7170991655062030068 4.525034608521639365e-06 -79.38178956980054579 2.932329547911122423e-06 -3.460170677355571052e-06 0.9999999999897141167 0.4954692187789514479
0.7946093442598340939 0.6071210670064175474 3.765380359028930824e-06 138.2717163123005264 -0.6071210669893972733 0.7946093441466915985 1.465103784839846808e-05 -80.33598231518209332 5.902947313720276003e-06 -1.392789331863648321e-05 0.9999999998855843009 0.4954968258640181089
0.869894130976673341 0.4932384827756676748 1.930865564576574937e-06 139.4549962349016425 -0.4932384826828422053 0.8698941307221536023 2.319717470590748447e-05 -81.06846374946344724 9.762090634785223898e-06 -2.113146333324576482e-05 0.9999999997290812681 0.4955294339172029439
0.9357619713412442808 0.3526322914781412354 8.100300208272838723e-07 140.6958494076375814 -0.3526322914018631405 0.935761971085822486 2.307553602680097765e-05 -81.59325602425798252 7.379183857289198013e-06 -2.187885182454382015e-05 0.999999999733431566 0.495546826808935692
0.9815097360980378216 0.1914122199389413359 2.244806826149433204e-06 141.9453123293880594 -0.1914122199280777481 0.9815097357215213369 2.735520424305658825e-05 -81.879665746277567 3.032820616366803204e-06 -2.727908275541336613e-05 0.9999999996233266408 0.495550067827229157
0.9999532989798765037 0.009664360260634817859 1.498981517540837462e-06 143.1653494422609185 -0.009664360277578651348 0.9999532989119042092 1.174128657113634798e-05 -81.96177506345635777 -1.385439490126535922e-06 -1.17552249385108144e-05 0.9999999999299473696 0.4955222565428993309
0.9829004508440535304 -0.1841377303209422167 2.245122909662996716e-06 144.3290454279135133 0.1841377302729066134 0.982900450757219879 1.390786130210554018e-05 -81.79075244930817234 -4.767694333701305786e-06 -1.325663130734705609e-05 0.9999999999007651574 0.4955228765588031159
0.9239253461599485906 -0.3825728097006066419 1.798634923624495975e-06 145.4046296555624167 0.3825728095990780786 0.9239253460048775235 1.916944152943144723e-05 -81.37579652720329193 -8.995511500452305743e-06 -1.70230240845987998e-05 0.9999999998146484881 0.4955202513103747486
0.8224074230058623369 -0.5688989634259090655 1.236926958014186084e-07 146.2945958538701632 0.5688989633165079107 0.8224074228519361318 1.943377959468996981e-05 -80.77927493046682628 -1.115758285804636148e-05 -1.591211594932164278e-05 0.9999999998111561705 0.4955034292234288262
0.6818502753638376879 -0.7314917647967973391 -4.791481768136153482e-06 146.9951290749670818 0.7314917646613621205 0.681850275075187251 2.479375828444494088e-05 -80.01659361262193215 -1.486935684181246969e-05 -2.04105603674698803e-05 0.9999999996811554936 0.4954988206539450712
0.5083701801787243735 -0.8611386415081947465 -2.950416377396560668e-06 147.5124520443305869 0.8611386413491007863 0.5083701800119391212 2.126701514321035664e-05 -79.15021309403419991 -1.681394482447110875e-05 -1.335223387086291913e-05 0.9999999997695043774 0.4954819168463341916
0.3124816366200906526 -0.9499238005107036864 -8.735309826085962724e-07 147.8266628291408153 0.9499238003380703343 0.3124816365454859968 1.937434293164733745e-05 -78.19593862147125662 -1.813118707900940839e-05 -6.883914258432654383e-06 0.9999999998119356581 0.4954569763813413963
0.1043391238666337151 -0.9945417775169115293 2.545158036077130851e-06 147.9338925842053243 0.9945417773638075554 0.1043391238952674216 1.74653718782815897e-05 -77.20538742824543021 -1.76356015524793443e-05 7.08944397087082302e-07 0.9999999998442412608 0.4954351782412777516
-0.1051140761817428715 -0.9944601706406805963 -2.045008850611770165e-09 147.8211065044215218 0.9944601704400004571 -0.1051140761605723617 2.008948244918502997e-05 -76.20765994945922728 -1.99784051037155747e-05 2.109653708765290984e-06 0.9999999997982063071 0.495420701700735544
-0.3036897095695807458 -0.9527709904809843477 -1.288662864069748729e-06 147.5086215055274863 0.9527709903173946504 -0.3036897095420126313 1.81695308938294693e-05 -75.28297655176939429 -1.770275559717566607e-05 4.290098966977612045e-06 0.9999999998341037033 0.4954088483999865011
-0.4775055205045266038 -0.8786287486093927734 -2.650679421724000651e-06 147.0261884668495327 0.8786287485169502753 -0.4775055204946398457 1.337585354989681315e-05 -74.47178457097663795 -1.30181235230630936e-05 4.058080768506807618e-06 0.999999999907030146 0.4954058402950461959
-0.62129205101609708 -0.7835790881227430171 -1.781710643009053499e-06 146.4151895709171924 0.7835790880509749812 -0.6212920509871867614 1.231137390361846309e-05 -73.75732418648655653 -1.075389779659628633e-05 6.25284754258542043e-06 0.9999999999226275582 0.4953936150261836202
-0.7355137473574390183 -0.6775097987752172202 3.743603194838253428e-06 145.7450943132532757 0.6775097987310255698 -0.7355137472168997714 1.675208009626973329e-05 -73.18208874398521857 -8.596226801161386971e-06 1.485771305470301128e-05 0.9999999998526762912 0.4953663100650465556
-0.819547781813326881 -0.5730108492228159767 -1.882891079062814631e-07 144.9808563704476683 0.5730108491857028863 -0.8195477817638990858 1.111686416473655131e-05 -72.71813668806949238 -6.524395696445279511e-06 9.00290966531610892e-06 0.9999999999381897764 0.4953754354004480387
-0.8761734316278190215 -0.4819959727130723737 -3.788296030733915409e-07 144.1748919349374205 0.4819959726693313073 -0.8761734315583716848 1.280644845306586127e-05 -72.33548372296202444 -6.50457701243601147e-06 1.103807554507819549e-05 0.9999999999179254306 0.4953607213816929589
-0.9118719471305833935 -0.4104747885531008222 -8.935179236985105965e-07 143.3460269017195401 0.4104747885052720258 -0.9118719470535771032 1.343514861210534132e-05 -72.0385761894483494 -6.329563714543656887e-06 1.188436854415344204e-05 0.9999999999093491798 0.4953496813069757088
