0.9999806747146977592 0.006216928271891146787 0 -0 -0.006216928271891146787 0.9999806747146977592 -0 0 -0 0 1 0.4949999999999999956
0.9999823978507728084 0.005933295046698643972 -8.605603534705984108e-07 0.001099056829833234628 -0.005933295053220634385 0.9999823978207987851 -7.785247890503089598e-06 -0.001513902689923107706 8.143530329849279755e-07 7.79021681189641038e-06 0.9999999999693246489 0.4949872756254791728
0.9999809483176488323 0.006172762890446316549 -1.505619945907301529e-06 0.002762358846761236563 -0.006172762900965252097 0.9999809482936197202 -7.084800597637710633e-06 -0.003834356408260808542 1.461858467057433214e-06 7.093959455213372005e-06 0.9999999999737693157 0.4949868610661641299
0.9999802158558910303 0.006290301755943344258 -1.690452369903488187e-06 0.002132962830801951939 -0.006290301758947114234 0.9999802158557212772 -1.777473702547278816e-06 -0.004877847468835575656 1.679238079794983739e-06 1.788071992269702407e-06 0.9999999999969915176 0.4949953417758287677
0.9999802586897486023 0.006283488818203347356 -1.134936781818825526e-06 0.00367075232085008283 -0.00628348881563689423 0.999980258687875323 2.250941359311854785e-06 -0.001731280060609577441 1.149058141537903218e-06 -2.243765560205794723e-06 0.9999999999968225417 0.4950003592069027181
0.9999798958302538177 0.006340972903117960899 -4.352746445987583961e-07 0.002938635034334253961 -0.006340972902515550416 0.9999798958294114914 1.371782888849187706e-06 -1.163037195716243835e-05 4.439643318900752446e-07 -1.368995245566624542e-06 0.999999999998964384 0.4949952993842875459
0.9999787203439397532 0.006523715316389787876 -1.972981398212629018e-08 0.0006705992431884787077 -0.006523715316419477668 0.999978720340066074 -2.783388519456065269e-06 -0.001131483052219458543 1.571359822452049193e-09 2.783458001595354596e-06 0.9999999999961262098 0.4949846206377882529
0.9999803274363664451 0.006272538753798333026 2.689258419893930478e-07 0.006492595890520213436 -0.006272538752971361722 0.9999803274319881696 -2.97307419932566984e-06 -0.002642887497876508698 -2.875692746569325359e-07 2.971328863569103673e-06 0.9999999999955442309 0.4949886669220817659
0.9999804206255030747 0.006257664722370313327 -3.117837392607937292e-07 0.002066420694732424602 -0.006257664722917535317 0.9999804206239533144 -1.786065123636072558e-06 -0.004796261188769678288 3.006010380184072817e-07 1.787981191703698594e-06 0.9999999999983564258 0.4949915247336971746
0.9999813136891037013 0.006113286736639051734 -3.503902869292325e-07 0.003451010181786241023 -0.00611328673659572875 0.9999813136891576582 1.247042656689576485e-07 -0.005412823024245968714 3.511460923606303945e-07 -1.225598991128515606e-07 0.9999999999999308331 0.4949970253742346227
0.9999816460255698258 0.006058680891856701653 -2.751160974218556747e-07 0.006187187022359047148 -0.006058680891173724541 0.9999816460226855774 2.419104515944534297e-06 -0.002663920804752869121 2.897676302537672715e-07 -2.417393275119756686e-06 0.9999999999970361486 0.4950010381576442353
0.9999808998007264638 0.006180617757907790576 -3.054357945474934601e-07 0.001874150915018569152 -0.006180617757462742931 0.9999808997997428062 1.437304135854442425e-06 -0.0007956958977424663211 3.143133881323696187e-07 -1.43538890116257879e-06 0.9999999999989204191 0.494996851564804996
0.9999818250040125589 0.006029068238713808543 -2.243747368844740974e-07 0.002906542148932951281 -0.006029068238561373187 0.9999818250038113865 6.741574398815327288e-07 0.001086789751685387877 2.284352000830472176e-07 -6.727924164731235476e-07 0.9999999999997475353 0.4949976408029057029
0.9999813887969801751 0.006100988598000603794 -1.510424599629576722e-07 0.0009260932474439600819 -0.006100988598167400925 0.9999813887963527881 -1.129330821158835223e-06 0.0007447977626776761725 1.441496144175564121e-07 1.130231311279739375e-06 0.9999999999993508526 0.4949929721103513702
0.9999812821313394107 0.006118446630537502026 -1.572325118626048428e-07 0.002072489484886633291 -0.006118446630674873911 0.9999812821309562727 -8.882948585123278935e-07 0.001686109423082439831 1.517945841218760405e-07 8.892402502581315908e-07 0.9999999999995931033 0.4949947106030638255
0.9999820294196349879 0.005995067973336809346 1.268898486414651163e-07 0.004232656680515683306 -0.00599506797306003595 0.9999820294174818214 -2.079795963203319508e-06 0.0004330184481096434335 -1.393560865262256654e-07 2.078997874795178052e-06 0.9999999999978291809 0.4949918885678822877
0.9999805335679899931 0.006239590315943985971 2.702991253515825392e-10 0.002545754925932240502 -0.006239590315893525467 0.9999805335600683298 -3.980397530053082894e-06 -0.003826680224307314748 -2.510634376342935617e-08 3.980318359359274986e-06 0.9999999999920782257 0.4949886979491628369
0.9999807947406920139 0.006197592428980827454 -3.018879976500756571e-07 0.0032784858965792937 -0.006197592429404030594 0.9999807947397244545 -1.421541271048996158e-06 -0.004919264879708667472 2.93072066400548798e-07 1.423384948747595548e-06 0.9999999999989440669 0.494996186712066355
0.9999808594521677474 0.006187142428668226425 -3.227199081072212994e-07 0.001471241734266383458 -0.006187142428296200231 0.9999808594515706694 1.141451237937618708e-06 -0.004449828444914126664 3.29776052457459947e-07 -1.139432675899182749e-06 0.9999999999992964517 0.4950009163393516709
0.9999814819278075584 0.006085704864187370909 -6.960097439134818788e-08 0.0009577995033357782854 -0.006085704864116001783 0.9999814819273262767 9.839444501548546732e-07 -0.004331264348601876132 7.558768104163686654e-08 -9.835026584121085206e-07 0.9999999999995135003 0.4949984440776091232
0.9999815376429481706 0.00607654305323406755 6.230353934632830191e-09 0.002237024810453688752 -0.006076543053237080765 0.9999815376426648417 7.527976466964555314e-07 -0.003820151702091995147 -1.65583159741003376e-09 -7.528216072914345432e-07 0.9999999999997166711 0.4949988522342279595
0.9999806999551851261 0.006212867242332219785 1.884895410811336795e-09 0.003292039218009716692 -0.006212867242327926344 0.999980699954024943 1.523260258759960639e-06 -0.0014635008972552618 7.578954721842316211e-09 -1.523242570373700062e-06 0.9999999999988398169 0.4950012194798780185
0.9999807622630738635 0.006202830482144035089 -6.548277813884069765e-08 0.001785599994575512352 -0.006202830481975204861 0.9999807622603776869 2.323469307955368475e-06 0.001693997719266532439 7.989360462895663222e-08 -2.323018431092365639e-06 0.9999999999972986053 0.4950032836868596409
0.9999806901910432977 0.006214438612512362091 -9.431295205380503178e-08 -0.001275011783024539245 -0.006214438612572585618 0.9999806901908349088 -6.517921612089850435e-07 0.001164426370141055048 9.026060853953816058e-08 6.523656772743516417e-07 0.9999999999997831734 0.4949954271424444885
0.9999812568825803272 0.00612257182280510296 2.058921852130384057e-07 0.001808012083459497677 -0.0061225718222462297 0.9999812568791891509 -2.613717719719716344e-06 -0.001122823312320508655 -2.218910006119613841e-07 2.612408140810200203e-06 0.9999999999965630826 0.4949920174787283966
0.9999817230040797256 0.006045962290852818603 4.845158641005726873e-08 0.002161970543862239569 -0.006045962290692250864 0.9999817230001077917 -2.819202948641956257e-06 -0.00365253187790024348 -6.549549557729934264e-08 2.818858485616826214e-06 0.9999999999960248465 0.4949930410362038402
0.9999809608754393064 0.006170728382542731323 -3.084938503633649794e-07 0.003194710090270903077 -0.006170728382396894855 0.9999809608753764678 4.716180542407324999e-07 -0.002934582363527782779 3.113982038241341944e-07 -4.697054432872168305e-07 0.9999999999998412381 0.4950001728981719418
0.9999812684699337373 0.006120679004986950486 -1.137496209599754808e-07 0.003570986060710823039 -0.006120679004746715571 0.9999812684679324493 2.004622873165420141e-06 -0.001653535952524731647 1.260171433867862385e-07 -2.003889098595069064e-06 0.9999999999979842791 0.4950024100829815699
0.9999813614294549291 0.006105472620780270747 -6.072856709323501257e-08 0.003860370444367895466 -0.006105472620727867353 0.9999813614291133135 8.292729143563911733e-07 -0.001916500673606130094 6.579053827351677378e-08 -8.288866812909740123e-07 0.9999999999996542766 0.494998085417051259
0.9999813884981041401 0.006101037586777096657 3.681765082801646216e-08 0.003084255379531079463 -0.006101037586726044612 0.9999813884973151046 -1.257029371699492641e-06 -0.003851014510638322685 -4.448614904126075161e-08 1.256781350623378856e-06 0.9999999999992092992 0.4949943753103225874
0.9999804502430700293 0.006252930023209342728 -1.573936106815128373e-07 1.063569646191893615e-05 -0.006252930023353634424 0.9999804502426460351 -9.333011334611353309e-07 -0.004721915000978464845 1.515546669987664215e-07 9.342670588841805658e-07 0.999999999999552136 0.4949956804834125257
0.9999811976409272996 0.006132239950972376633 -1.827076508988224722e-07 0.001703526941237479362 -0.00613223995083259435 0.9999811976406588476 7.562777545709470565e-07 -0.003745499864234591234 1.873418922252163624e-07 -7.551431276087114777e-07 0.9999999999996973532 0.4950003612920262364
0.9999813427301337265 0.006108534504488626754 -2.815061318932174502e-07 -0.0001136668065965650308 -0.006108534503777619112 0.999981342727149225 2.461074140255309955e-06 -0.0008234719202168414107 2.965344360611061416e-07 -2.459308633411129233e-06 0.9999999999969318987 0.4950031630062904919
0.9999814438857397292 0.006091952594811719281 -8.197898951865142466e-08 0.001067408454392843823 -0.006091952594700791521 0.9999814438849091713 1.291923160681452212e-06 0.0002107662578285900016 8.984780295862729607e-08 -1.291399775489721377e-06 0.9999999999991621147 0.4949997040808966076
0.9999806502420035548 0.00622086358977714908 -1.011306390875854913e-07 0.001543110937678422419 -0.006220863589876112452 0.9999806502414987364 -1.009167827041516561e-06 -0.001274177223866289907 9.485078686062309928e-08 1.009777419797143753e-06 0.9999999999994856337 0.4949940393913658809
0.9999813299542951173 0.006110625581552215843 -2.720926531825365384e-07 0.003660081196558303846 -0.006110625581987065048 0.9999813299530060373 -1.626924244645784592e-06 -0.002575441978986439586 2.621460482917164653e-07 1.628556526222925324e-06 0.9999999999986395327 0.4949939242506090631
0.9999814512818465673 0.006090738405781410264 -3.965232606960900084e-07 0.003399729092891086955 -0.006090738405677042361 0.9999814512818909762 2.639957219993727467e-07 -0.001221623889539490485 3.981238345810265436e-07 -2.61575705764192782e-07 0.9999999999998865352 0.4949987799859272841
0.9999808610696535593 0.006186881007166318731 -1.745684426487746625e-07 0.002159586063115652259 -0.0061868810070060936 0.9999808610692608735 9.041596087041047916e-07 0.0006805047805098519151 1.801590295045679626e-07 -9.030622698743671371e-07 0.9999999999995760058 0.4949983479550218446
0.9999798505493296963 0.00634810975916358898 -2.424331217038249544e-07 -5.195621404016973182e-05 -0.006348109759336799385 0.9999798505490985479 -7.20321318343565084e-07 0.000216376528797303637 2.378555580186037491e-07 7.21845796330643988e-07 0.999999999999711231 0.4949956453672851309
0.9999796531174351966 0.006379134195674236209 -5.294643675073064452e-07 0.01796332830770873759 -0.006379134195776835561 0.9999796531175562109 -1.922328621232612409e-07 0.0006623039952162432286 5.282273153337260713e-07 1.956064750360928553e-07 0.9999999999998413491 0.4949974317492354947
0.9999748187398385113 0.007096611053330132042 -1.325379092869050737e-07 0.05940655571012570801 -0.007096611053771376305 0.999974818733022075 -3.693756725479915886e-06 -0.004054300475458809741 1.063214170078935068e-07 3.694604282022933236e-06 0.9999999999931693528 0.4949897201815686709
0.9999681706529865988 0.007978576511623917955 1.925970451051610116e-08 0.1267677198252742388 -0.007978576511551099468 0.9999681706261795977 7.322158910890075123e-06 0.006610989178001755104 3.916131361476119333e-08 -7.322079516379239919e-06 0.9999999999731927769 0.4950170448513600552
0.9999498967130291405 0.0100101980799085135 -4.859545727865303851e-07 0.2258149195985449387 -0.01001019806842069239 0.9999498965199627998 1.966162725674134326e-05 0.0265328456409004744 6.827470081845547099e-07 -1.965577764306273743e-05 0.9999999998065921547 0.4950397563661274591
0.9998563231080886959 0.01695090383180013205 1.513757753492233053e-06 0.3583456745168906443 -0.01695090383289372601 0.9998563231089621084 7.125232714193489499e-07 0.02517506082673007239 -1.501462348032680589e-06 -7.380804603960351547e-07 0.9999999999986004529 0.4949936752971748621
0.99946495776887323 0.03270776955092901533 2.302288921553649859e-06 0.5586948927184073321 -0.03270776952612635541 0.9994649577213793323 -1.009257129214239152e-05 0.01998341047680800286 -2.631162595642744536e-06 1.001186860485170502e-05 0.9999999999464197487 0.4949851623981300075
0.9985335728195289251 0.05413597646285692871 2.629173286015984821e-06 0.8577842446253216568 -0.05413597642306602897 0.9985335727354819335 -1.338163285268365477e-05 0.0007696468833173310872 -3.349745555773713416e-06 1.321967679952547557e-05 0.9999999999070097179 0.4949847508144062935
0.9967212970054996068 0.08091140882784858546 4.404569370793196166e-06 1.251135298320031231 -0.08091140862713953885 0.9967212964253495677 -3.476169335500057866e-05 -0.06035921508842096578 -7.202745676047184577e-06 3.429134017471679915e-05 0.9999999993861121705 0.4949382594112295419
0.9945838199521522816 0.1039376019050045064 -1.361808048871488062e-06 1.671619042105826347 -0.1039376018230817322 0.9945838184496941237 -5.48409089320888319e-05 -0.1686932471321822558 -4.345600311449959484e-06 5.468542375806808697e-05 0.9999999984953100718 0.4948397112034522149
0.9921929853765115714 0.1247119872645556377 2.098469441829910924e-06 2.221335477458788343 -0.1247119866769413471 0.9921929820783945697 -8.182729285571915475e-05 -0.3545516905505413097 -1.228693095780515946e-05 8.092676169072262466e-05 0.9999999966499453219 0.4947094469399310745
0.9897182775120437759 0.1430305252238640579 3.874482415342690236e-06 2.895760155276001946 -0.1430305243534992221 0.9897182738403530466 -8.678633494344431001e-05 -0.5904763605267733251 -1.624774111735281915e-05 8.533985268034411514e-05 0.9999999962265602171 0.4946618658455829709
0.9887915189273961403 0.1493028200402871375 5.24437184306219907e-06 3.663681870445464561 -0.1493028182605956045 0.9887915114830633234 -0.0001236151919805950918 -0.9549991685534596764 -2.364168712400493782e-05 0.0001214466539448186272 0.9999999923458904316 0.4944555641628251008
0.9888065916658510535 0.149202963333058769 3.609689824673802291e-06 4.550149991857662002 -0.1492029622909072095 0.9888065870992361894 -9.67213087874818693e-05 -1.293041359135432611 -1.800039096456664673e-05 9.510009126881759805e-05 0.9999999953159792732 0.4945493103366006005
0.9899690520576533981 0.1412843795834563543 7.484778890392633839e-06 5.552504298462294763 -0.1412843787568142662 0.9899690498681309458 -6.800532275470411755e-05 -1.661368004509117258 -1.70177892803661012e-05 6.626568256668796133e-05 0.9999999976596271045 0.4945858866657699138
0.9905753481552929118 0.1369689001258127814 5.251513506796015417e-06 6.530938541822431276 -0.1369688993893904139 0.9905753456121375589 -7.257882794475819881e-05 -2.017818892919858609 -1.514306204299535357e-05 7.117550373492758579e-05 0.9999999973523676644 0.4945361076738333805
0.9910947977066479897 0.1331581839775627663 9.213967621889699656e-07 7.619167029465734764 -0.1331581839626007069 0.9910947976620788635 -9.652885535432135971e-06 -2.306455527828926932 -2.198552245629590584e-06 9.444233117462440068e-06 0.9999999999529863848 0.4945722888293970776
0.9920960040152414505 0.1254811490776303606 -6.736497615778428501e-06 8.66166173622279878 -0.1254811484240153097 0.9920960021794681394 6.206399896394627772e-05 -2.469484304519774298 1.447111425965414277e-05 -6.072814190815367007e-05 0.9999999980513397668 0.4945769907586133884
0.9927732562547895157 0.1200052567236871981 5.116339973291583987e-06 9.783534824353196768 -0.1200052567293379141 0.9927732527270182183 8.384136708316364262e-05 -2.655604600627569312 4.982039303537969115e-06 -8.384945470001492083e-05 0.9999999964722241508 0.4944340524130048098
0.9930252776482824117 0.1179016452061863451 3.385127711502101054e-06 10.99248588049278652 -0.1179016449577814096 0.9930252726995666412 9.94908716792798208e-05 -2.820782861775373629 8.36862008514736989e-06 -9.919606259836475498e-05 0.9999999950450536579 0.4943372539820028444
0.9937439458832989514 0.1116824515003454754 7.028306209160797433e-06 12.2258270561301412 -0.111682451681434744 0.9937439418734963503 8.932178946806083766e-05 -2.973994853712644382 2.991339703205301495e-06 -8.954792598795498963e-05 0.9999999959861104459 0.4942775339623352027
0.9942557044959721146 0.1070308088500400295 6.029714126303500214e-06 13.51451125744850934 -0.1070308089355196945 0.9942556998976602722 9.571757841888129217e-05 -3.106801612817615688 4.24965220050924847e-06 -9.581311354410146103e-05 0.999999995400893904 0.4942758444496670456
0.9946920426547573024 0.1028967456482168669 4.067615430296520072e-06 14.87211916913070731 -0.102896745631308531 0.9946920392177056591 8.281087528367517129e-05 -3.241276917525316215 4.474944883855491841e-06 -8.278986308020441515e-05 0.9999999965629067233 0.4942822617844312982
0.9948745335938192769 0.1011170725575942647 6.789377769710646976e-06 16.31719795151009578 -0.1011170727837749361 0.9948745317291918244 6.091383352845872249e-05 -3.396848094577607835 -5.951505047150895207e-07 -6.128814372713329011e-05 0.9999999981217045919 0.4942316053168230305
0.9950942559216220396 0.09893139917104698533 9.596099406967188041e-06 17.7822193037524805 -0.09893139953311148871 0.9950942546343993778 5.081596101751570892e-05 -3.558629907433836337 -4.52172926308937998e-06 -5.151602646205707975e-05 0.9999999986628265169 0.4942018270543612202
0.995652608013891105 0.09314442617359522392 5.491923461074340873e-06 19.2558856180473299 -0.09314442633522448944 0.9956526064239259455 5.626862012709856766e-05 -3.698697910088350582 -2.269395749806969524e-07 -5.653554043914735245e-05 0.9999999984018406174 0.4942034192640408774
0.9961539077953461829 0.08762072782235991175 6.49412784588085614e-06 20.82096891787268689 -0.08762072803729430148 0.9961539065628427503 4.95987354734351939e-05 -3.851934387651607672 -2.123273522141606066e-06 -4.99769943733934782e-05 0.9999999987488958908 0.4941885987531078328
0.9965423503269668082 0.08308636406559208321 1.064882647672113878e-05 22.45098487850765423 -0.08308636444999155379 0.9965423494229673773 4.302636985667790859e-05 -4.016539094613203353 -7.037101925376365568e-06 -4.376237202062074238e-05 0.9999999990176670073 0.4941749173142500062
0.9969953807461361395 0.07746102629590333188 1.335235339392883946e-05 24.14682996615501409 -0.07746102677822314098 0.9969953799762878432 4.048004126303652472e-05 -4.175827011957952806 -1.017660910482247333e-05 -4.139270115545980947e-05 0.9999999990915404702 0.4941620188336340314
0.9973363546271230007 0.07293967100426325401 1.162344105523172696e-05 25.86798168431852574 -0.07293967141770765772 0.9973363538477378887 4.03659458497593115e-05 -4.325989990808714936 -8.648201511131615928e-06 -4.110623525618648232e-05 0.9999999991177430658 0.494152309802588674
0.9977698016352323229 0.06674895351433859925 1.231919830382721664e-05 27.62341562932822114 -0.06674895393440168079 0.997769800974672938 3.760129899110161995e-05 -4.470702273074601329 -9.781876681341443962e-06 -3.833973423566944282e-05 0.99999999921718985 0.4941342830242980155
0.9981485544760982931 0.06082321219918745969 7.568415707318325724e-06 29.32616816524287628 -0.06082321238601287594 0.9981485541130048489 2.755715179191047605e-05 -4.612992676345459842 -5.878288704141353501e-06 -2.796646658256572138e-05 0.9999999995916611928 0.4941104427970101076
0.998470886904194832 0.05528008615552047061 9.034464935700982474e-06 31.07954332076944226 -0.05528008636880332033 0.9984708866110718617 2.536514864389664535e-05 -4.747098301590557234 -7.61846261202380109e-06 -2.582578846486969934e-05 0.9999999996374938638 0.4941044838321499988
0.9988969168141984545 0.0469568892011690206 1.174181837990864341e-05 32.84590593528044167 -0.04695688944710885854 0.9988969166374778164 2.162925341119726491e-05 -4.881253539577457445 -1.071322371947443961e-05 -2.215675381301131916e-05 0.9999999996971525862 0.4940854196322399527
0.9994282138021922668 0.03381191058698944374 1.268266306885058879e-05 34.66985247338448772 -0.03381191096162371179 0.9994282134018633856 3.058946637674498406e-05 -4.980643030613820521 -1.164112299004501386e-05 -3.100080081651267276e-05 0.9999999994517172475 0.4940791861799385121
0.9997816718196262942 0.02089518034572512492 1.158039572774547155e-05 36.40764747672702839 -0.02089518071752624259 0.9997816713351898033 3.297316398062971805e-05 -5.060529590852466342 -1.088888718746393207e-05 -3.320793947124834315e-05 0.9999999993893324834 0.4940662129886772558
0.9999386841841979567 0.01107373822867669527 1.399465272840015749e-05 38.23918537477729274 -0.01107373867856634164 0.9999386837493347002 3.248937928717587209e-05 -5.126473337300098798 -1.363401574732686057e-05 -3.264236030159167295e-05 0.9999999993742949567 0.4940529852419124346
0.9999999834860295866 -0.0001812204491226393369 1.375944311681559622e-05 40.10629887409002947 0.0001812198736562872488 0.9999999827066269331 4.181310609222764859e-05 -5.158105107179000726 -1.376702026873431987e-05 -4.181061191718382213e-05 0.999999999031170983 0.4940415812755971636
0.9999625500165952863 -0.008654385566628765292 1.33043341513182588e-05 41.94503309825110193 0.008654385068172759654 0.9999625494220185651 3.70775111866864635e-05 -5.179942651882562643 -1.362471897397507751e-05 -3.696098180368672943e-05 0.9999999992241264124 0.4940008439129638385
0.9999405052942458294 -0.01090805826717349859 1.178816951216472631e-05 43.77818070948573137 0.01090805791286928936 0.99994050492612363 2.971348415238513941e-05 -5.201365711516958257 -1.211158459060374858e-05 -2.958313032166312676e-05 0.9999999994890739208 0.4939701380302857769
0.9999748028335877503 -0.007098838679526562299 1.376816171941880559e-05 45.66427254989370255 0.007098838340079157219 0.9999748026294554837 2.454864427057242801e-05 -5.229530560729614308 -1.394208166342393403e-05 -2.445028776001143155e-05 0.9999999996039008465 0.493932362369177258
0.9999769408817378302 -0.006790984313240229671 1.546258724153947928e-05 47.56853932271196328 0.006790983840809980236 0.9999769405423026836 3.040333448142487423e-05 -5.250261404995656633 -1.566869925019660062e-05 -3.029762722724511611e-05 0.9999999994182727781 0.4939229044225455501
0.9999861198574768739 -0.005268760172943654126 1.61511855551562571e-05 49.51237695555623475 0.005268759633704577124 0.9999861194379729978 3.324965104279701774e-05 -5.271919345169657767 -1.632614580480168956e-05 -3.316409281841232868e-05 0.9999999993167999479 0.4938944338621060748
0.9999802192865929751 -0.006289737613053062414 1.544438780716568326e-05 51.45237412478610395 0.006289737322891761177 0.9999802192316240568 1.87647306576074749e-05 -5.320994569524388318 -1.556210753752362239e-05 -1.866721833542831565e-05 0.9999999997046778999 0.4938486199813130195
0.9999767091449377476 -0.00682502273653934257 1.531466688221409269e-05 53.408114602358296 0.006825022256523364216 0.9999767087793818288 3.117990275184875302e-05 -5.338694015956752636 -1.552711373013330139e-05 -3.107465360293064951e-05 0.9999999993966373069 0.4938403979337444016
0.9999694099447500317 -0.007821691452362927038 1.788311076000905902e-05 55.43091962237962633 0.007821691005033144448 0.999969409796928943 2.494867093866467853e-05 -5.370566995023995815 -1.807770451824813261e-05 -2.480803159086867457e-05 0.9999999995288790799 0.4937996639109218933
0.9999570612230439526 -0.009266898425523459326 1.749221099043993054e-05 57.46430036972881794 0.009266897991822981018 0.9999570610746486565 2.471423696898830016e-05 -5.401175520884590853 -1.772048421735375381e-05 -2.45510772349797127e-05 0.9999999995416145593 0.4937638432214085382
0.9999634428131860542 -0.008550597945561259558 1.772586455472960617e-05 59.53025614973095259 0.008550597589390848685 0.9999634427718785412 2.007259735052330777e-05 -5.435987383924504535 -1.789684925592298042e-05 -1.992029681810050278e-05 0.9999999996414422609 0.493726548727024539
0.9999092031471118469 -0.01347535455310630396 1.684068503467969915e-05 61.59051773456504009 0.01347535426838426809 0.9999092031498226785 1.690742785025936754e-05 -5.465336471757109571 -1.706698953838704428e-05 -1.66789585120555291e-05 0.9999999997152650977 0.4936904194621323239
0.9998909022148653181 -0.01477103474592811154 1.423763262499373951e-05 63.58534759654856572 0.01477103448278130858 0.9998909021505671957 1.841375646720855343e-05 -5.491281879387435616 -1.450806956647347954e-05 -1.820144300470505716e-05 0.9999999997291116882 0.49366509645808343
0.9999045644644374287 -0.01381526930799347255 1.730214999256802621e-05 65.6906919117193695 0.01381526859176781391 0.9999045637894945493 4.085230707148042025e-05 -5.483936248671666291 -1.786488436498432373e-05 -4.060937446031376687e-05 0.9999999990158623397 0.4936783281468866691
0.9998296025083598382 -0.01845983779133260339 1.840994186408683776e-05 67.76864667013531118 0.01845983722211626266 0.9998296022193690069 3.062391946119038014e-05 -5.493119409961262356 -1.897211743663998267e-05 -3.027885669205038229e-05 0.9999999993616247584 0.4936134384712057566
0.999891179392817353 -0.01475225865678132624 1.546599497021451024e-05 69.85580420607747953 0.0147522579625570284 0.9998911785510710137 4.407935274389618156e-05 -5.481235801208640623 -1.61145819513343867e-05 -4.384639765451808535e-05 0.9999999989089067842 0.4936071967796441529
0.9999479529518038312 -0.01020250836080072686 1.459033256209702937e-05 71.94145243994719863 0.010202507653974709 0.9999479519265455085 4.77253670135161778e-05 -5.48405758359061668 -1.507649161937369037e-05 -4.757402506940024584e-05 0.9999999987547057989 0.4935788012065793762
0.9999961999485343922 -0.002756789205638433306 1.428283692050278262e-05 74.01310109091643596 0.002756788572733007755 0.9999961990779251408 4.414409353110626376e-05 -5.504744418750231461 -1.440447859309152663e-05 -4.410455101967040607e-05 0.9999999989236497688 0.493541605781125714
0.9999861904900735343 0.005255333950035958809 1.721791897388750761e-05 76.09766563347866963 -0.005255334433610385839 0.9999861902392161994 2.816171019017854691e-05 -5.557112479448623077 -1.706968200689371756e-05 -2.825180721321952985e-05 0.9999999994552306593 0.4934933455934457092
0.9998836814777284365 0.01525198929193382139 1.842324830100044707e-05 78.12702185206325112 -0.01525198947634186057 0.9998836815955252089 9.910842368493375938e-06 -5.640570467642888275 -1.826994527647452109e-05 -1.019068074316151291e-05 0.9999999997811795938 0.4934390872377378834
0.9996062310268705176 0.02806033831907587053 1.75472685779944323e-05 80.1528151295135558 -0.02806033863799104258 0.9996062310062383549 1.820046775921360741e-05 -5.729734408967270376 -1.702964772481429118e-05 -1.868568327818384447e-05 0.9999999996804181945 0.4934220683890008785
0.9989520846434211121 0.04576824550740433983 1.70871330755212218e-05 82.11260021234619444 -0.04576824582547154435 0.9989520845997348353 1.87119335725979652e-05 -5.856008770419704135 -1.621281483595613136e-05 -1.947437315710892524e-05 0.9999999996789467049 0.4933865802564973979
0.9974929001281839236 0.07076661593387843785 1.629001804342543861e-05 84.08140418147971218 -0.07076661638532173726 0.9974928998064166441 2.904120882565314204e-05 -6.017617637427716382 -1.419402926481477055e-05 -3.012118907251800287e-05 0.99999999944562179 0.4933818379611956684
0.9948702646338339894 0.1011590641410389374 1.708061182299336667e-05 86.034035393610651 -0.101159064630730447 0.994870264254943848 3.076632387022703371e-05 -6.237925183561864984 -1.388070026820522809e-05 -3.233635948591762679e-05 0.9999999993808430521 0.4933542425187907865
0.9904341762893178469 0.1379860216273579021 1.660684887247661381e-05 87.94950657811702399 -0.137986022096424521 0.990434175861262478 3.153188546134857111e-05 -6.521166466302531717 -1.209703124744289058e-05 -3.352177001922943624e-05 0.9999999993649764107 0.4933271948237719084
0.9831964904864034516 0.1825504336643899717 1.632162278520661304e-05 89.8401878194751049 -0.1825504340388196256 0.9831964902210871271 2.55226760179619128e-05 -6.892566219427235019 -1.138818666177298138e-05 -2.80733248123390097e-05 0.9999999995410988607 0.4932964143311255323
0.9723623709676043614 0.2334768066075983139 1.745881105789989565e-05 91.72443455726909178 -0.2334768069972994187 0.9723623707031735508 2.524049845360117761e-05 -7.357683015158898776 -1.108321993378749948e-05 -2.86191383805153984e-05 0.999999999529053607 0.4932777531765774603
0.9575061176272400276 0.28841295805322964 1.83201803923946466e-05 93.54995001725659165 -0.2884129585458018452 0.9575061169796641458 3.593906143964614545e-05 -7.908111400679570302 -7.176393770423670288e-06 -3.969564861830575164e-05 0.9999999991863773863 0.4932907260045783504
0.9412846531608466405 0.337613982766578502 1.914643825083124407e-05 95.26849036317999264 -0.3376139833025165737 0.9412846519921501676 4.695591147279110311e-05 -8.521842904956249853 -2.169276179059000308e-06 -5.066298412843639405e-05 0.9999999987142781377 0.4932959154818507552
0.9230475899374994686 0.384685776008764857 2.119766711508646318e-05 96.96895216935675421 -0.3846857765914513116 0.9230475886788662709 4.821406001137324722e-05 -9.224762263942119844 -1.01919242618958246e-06 -5.265831293069415069e-05 0.999999998613031682 0.4932969347124337989
0.9019136901599338341 0.4319163057324732491 1.862086157843415442e-05 98.65633935163474177 -0.4319163061120154246 0.9019136897097905781 2.882458007060188386e-05 -10.05431986958216228 -4.344603833396586451e-06 -3.403993712836746405e-05 0.999999999411203544 0.4932635113978213748
0.8769541622892046417 0.4805740284325036304 2.102444395972008869e-05 100.2876700562227086 -0.4805740288914738811 0.8769541615341273078 3.640364626554559881e-05 -10.94048689539957842 -9.428266889524624325e-07 -4.202813085399977332e-05 0.9999999991163736057 0.493285318819176366
0.8476369217753145779 0.5305767130564721379 2.019139018934995358e-05 101.8545583989314025 -0.5305767134395086293 0.8476369210800721588 3.434906310779959785e-05 -11.92654981640342271 1.109845187878669058e-06 -3.982861556500130756e-05 0.9999999992062248433 0.4932845031750990872
0.8110564727865188228 0.5849678601057581862 2.442568004343567765e-05 103.333208020665964 -0.5849678605989173663 0.8110564717397666934 4.144393163480470494e-05 -12.97842409758117022 4.432762126907680697e-06 -4.79016068088125696e-05 0.9999999988428933673 0.4933057588831222806
0.7680447863886231685 0.6403961309305489236 3.990827490909146762e-05 104.7549522258174761 -0.6403961321504508808 0.7680447843339153202 5.64486001174359481e-05 -14.12485043015398212 5.498122715959949484e-06 -6.891215791171196605e-05 0.9999999976104425592 0.4933489633048459555
0.7180405900712899525 0.6960012283689120949 3.348540108639944671e-05 106.0169072648255622 -0.69600122908206008 0.7180405883611908902 5.083708675985847445e-05 -15.33386333512804001 1.133879773396974335e-05 -5.980897208699390851e-05 0.9999999981471592303 0.4933439665543159491
0.6640134059817279777 0.7477206672100268348 2.248933620477384381e-05 107.1917525897432455 -0.7477206674481960968 0.6640134051005409654 3.632963163131361513e-05 -16.65307481160036929 1.22311956910775514e-05 -4.093910391507045264e-05 0.999999999087193836 0.4933458339124141556
0.6064238638057364295 0.7951415580391697491 9.391280841579708122e-06 108.2696960119971266 -0.7951415580261672611 0.6064238635562388957 2.028487916115127634e-05 -18.07614089924876666 1.043425360914165604e-05 -1.97686324779728113e-05 0.9999999997501637372 0.4933659815265913351
0.5489673510761605701 0.8358437936910199095 -1.691150777373856479e-06 109.2248304899931242 -0.835843793639340582 0.5489673510628397812 1.019201330945105171e-05 -19.55723257691413863 9.447317632423722899e-06 -4.181544667246033467e-06 0.9999999999466314682 0.4933810046325247112
0.4920236457137231456 0.8705818353376028051 6.404712430910090576e-06 110.0940199035047442 -0.8705818352595747767 0.4920236455306067347 1.889643405260310811e-05 -21.09621185451675629 1.329962228001961139e-05 -1.487331867596224939e-05 0.9999999998009521107 0.4934160017106497542
0.4441554111691383144 0.8959497590283456159 -5.334413069172366112e-06 110.8821880683356511 -0.8959497589528223616 0.4441554112010005495 1.163970203675965631e-05 -22.75464942453328021 1.27978966652508022e-05 -3.904705405434753197e-07 0.9999999999180307908 0.4934496309358616384
0.4065979909286778771 0.9136071766096343083 -2.494730794975318162e-05 111.5947477524686775 -0.913607176922302644 0.406597990978218915 -3.281690700374066688e-06 -24.48439032020311146 7.145349117409749e-06 2.412636843340674108e-05 0.9999999996834311178 0.4934816014718486632
0.3802091514265067418 0.9249005351219529159 -3.612330607384223505e-05 112.2607872117551295 -0.9249005358222822659 0.3802091512640560222 -1.153057306729434395e-05 -26.25750190703127629 3.069778342983955636e-06 3.779449454474630474e-05 0.9999999992810761906 0.4935211672429921093
0.362912214675116751 0.9318233323620402908 -4.132236205034436411e-05 112.8919238023418927 -0.9318233332612967379 0.3629122145793612919 -1.005698550192085805e-05 -28.03860404498883341 5.625056179424002785e-06 4.215494402543963057e-05 0.9999999990956598417 0.4935346465561287754
0.3515298326785518679 0.9361766799806513495 -2.448728242061669284e-05 113.5291195920306535 -0.9361766802633271212 0.3515298327785476573 -2.350307920862859181e-07 -29.86459811498410133 8.387979947891897092e-06 2.300704310021986368e-05 0.9999999997001587371 0.4935590777849623301
0.3450437249637071657 0.9385866117416576948 -1.116768144936573673e-05 114.1638330414764653 -0.9385866117325643021 0.3450437250624656116 8.581089794109810119e-06 -31.70993981872842937 1.190743440250459678e-05 7.520985105661099197e-06 0.9999999999008238882 0.4935815846477961122
0.3443702201359362669 0.9388339317883974688 2.915227978859757192e-06 114.7956981564491485 -0.9388339316701489468 0.3443702200390237889 1.724173108034378834e-05 -33.55113036987977182 1.518320448045351828e-05 -8.674453672770332627e-06 0.9999999998471121865 0.493606304717579103
0.3464639098989023558 0.9380633022541405852 1.019092746641779436e-05 115.4623445091208822 -0.9380633022019504441 0.3464639096742315738 1.890637406193842841e-05 -35.45084583178915949 1.420458711297237113e-05 -1.611011135115881647e-05 0.9999999997693469478 0.4936447913227157702
0.3507838380194092665 0.9364564586650436784 -3.33628850231778023e-06 116.1114208686895495 -0.9364564585943916386 0.3507838380340582707 1.154032017900385051e-05 -37.34470988979963124 1.197732345232262175e-05 -9.2386888863411138e-07 0.9999999999278450513 0.4936366227042061072
0.3632077312527637325 0.931708185827888169 -2.053675782654292074e-05 116.7764498275039386 -0.9317081859895609552 0.3632077313990140222 3.775753900270007399e-06 -39.23937510008400409 1.097701003702274028e-05 1.776288237278937776e-05 0.9999999997819926101 0.4936411163884549258
0.3805159947685687882 0.9247743381557080866 -3.48739359342050659e-05 117.4772784833380541 -0.9247743387567626261 0.3805159948916329027 -3.294848740850813231e-06 -41.14089994566732855 1.022309886414763076e-05 3.350426368963700972e-05 0.9999999993864762127 0.4936593677249508372
0.4000577515506384962 0.91648993147258484 -3.059178442541406152e-05 118.2311271500962988 -0.9164899319159289792 0.4000577517027090746 -1.241904163446649245e-06 -43.03341646251501373 1.110028783615236574e-05 2.85338958125043549e-05 0.9999999995313002543 0.4936975349440022587
0.4191380917352483526 0.9079224962988079461 -2.780842389535912712e-05 119.0219777596207393 -0.9079224966523712359 0.4191380918918140575 -2.172831578489286215e-07 -44.9080036789767405 1.145829346294166204e-05 2.53389652991889235e-05 0.9999999996133221991 0.4937147313014239591
0.4423501461745022456 0.8968424317331549211 -2.871568632678115574e-05 119.8556518410080116 -0.8968424320991275067 0.4423501463644695098 2.954020992970101464e-07 -46.76942392153640071 1.296731718668044592e-05 2.562277480290178557e-05 0.9999999995876611703 0.4937300267133787335
0.4657842741198607861 0.884898304765245558 -1.443820805471035136e-05 120.7410177293790952 -0.8848983047743265162 0.4657842742563915728 8.074824943749742449e-06 -48.57325286836959322 1.387048916432631488e-05 9.015219356522796368e-06 0.9999999998631676768 0.4937743948178172637
0.4872096526419940066 0.8732850361298987174 -6.804534682753126694e-06 121.6405805680604857 -0.87328503601405294 0.4872096526884742151 1.425985507599887655e-05 -50.29626980648146173 1.576815303474162622e-05 -1.005240722815653386e-06 0.9999999998751772923 0.4938207734440994146
0.5085379511176677525 0.8610395764807932117 3.008903113964489596e-06 122.5931315906896373 -0.8610395763403151381 0.5085379509641959617 2.01757363307615708e-05 -51.98824041751636571 1.584196604120180227e-05 -1.285091227843282021e-05 0.9999999997919429839 0.4938760556920068767
0.5258042563276178472 0.8506055983655447239 -7.693326033322876663e-06 123.5736512098525424 -0.8506055982737337207 0.5258042563838997152 1.249763017496694991e-05 -53.67225097472108786 1.467573776719928254e-05 -2.732094671659636799e-08 0.9999999998923110311 0.4938751799303493506
0.5404827827068083845 0.8413550745324062108 -1.258201707814378924e-05 124.5622932383624573 -0.8413550745159238398 0.5404827828177849458 8.128992734543140944e-06 -55.30851634085907875 1.363973289190098219e-05 6.192363302572987577e-06 0.9999999998878061902 0.4938899792396660438
0.5548928818033699306 0.831921804883627658 -1.689235535333985966e-05 125.5732624514596409 -0.8319218049340508792 0.5548928819546479208 5.793859740378885234e-06 -56.92696759752941205 1.419348599747536638e-05 1.083814722703451061e-05 0.9999999998405397772 0.4939080989850963554
0.5707830914515303888 0.821100884298657796 -1.786697799552116423e-05 126.6167088154992655 -0.8211008843714477923 0.5707830916063602045 4.790036573431306092e-06 -58.53437052087661385 1.413127220421373615e-05 1.193651954961861067e-05 0.9999999998289132996 0.4939408700116662554
0.5886113975268676413 0.8084161195463080984 -1.901026153239871336e-05 127.6470201024300479 -0.8084161196348931266 0.5886113976955227312 4.42925002818908283e-06 -60.05888016016844944 1.477033373143162716e-05 1.276109481217795222e-05 0.999999999809495832 0.4939690884509952973
0.6038308464002815068 0.7971124818138396462 -1.656302366147395795e-05 128.7265175947740943 -0.7971124818331328798 0.6038308465610224829 7.032451737188868606e-06 -61.5736680778405443 1.560691965658473116e-05 8.956181612722526419e-06 0.9999999998381055022 0.4940034266295134091
0.617077294405493304 0.7869025430742474514 -2.08497277861534318e-05 129.8012466766213322 -0.7869025432246473661 0.617077294564033707 1.532274960885334866e-06 -63.06365495888876893 1.4071644678085783e-05 1.546117173331732495e-05 0.9999999997814704722 0.4940264682677346086
0.6310906859676566061 0.7757090598983247265 -2.188065342567013639e-05 130.9013739408836727 -0.7757090601088029169 0.631090686085411523 -1.896072572832502702e-06 -64.5477824796817572 1.233787590943237795e-05 1.816961484402636445e-05 0.9999999997588210343 0.4940624879026623284
0.6449391231623493592 0.7642339480012123598 -1.180224217592645631e-05 132.0538559882392349 -0.7642339479433758465 0.6449391232646486394 9.784722420964048122e-06 -65.98606957016264118 1.508954476736840129e-05 2.709123834128558306e-06 0.9999999998824831149 0.4941111192809334862
0.6593674406952418909 0.7518208417018381606 -1.166100354693195455e-05 133.2126360703698538 -0.7518208416182096121 0.6593674407970301354 1.129135367228995683e-05 -67.38358629712924142 1.617796108771979243e-05 1.321834527884661098e-06 0.9999999998682631563 0.4941341267177127294
0.6743904554702265797 0.7383749138364034126 -1.378321068693031961e-05 134.3720254661778029 -0.7383749137787208872 0.6743904556019096885 9.876648473756695601e-06 -68.73339477200529757 1.658793520061859137e-05 3.516459539820019795e-06 0.9999999998562374426 0.4941529208719324662
