0.9999727208254474142 0.007386311999347235611 0 -0 -0.007386311999347235611 0.9999727208254474142 -0 0 -0 0 1 0.4949999999999998845
0.9990014698055279529 -0.04467483385693103715 0.0004717504454763101927 0.1579144185910597853 0.04467490676632650259 0.9990015673848988698 -0.0001451556679826431591 0.000452730348387302443 -0.0004647946290948418483 0.0001660861328338910173 0.9999998781906669354 0.495143585980964529
0.9991223711976952027 -0.04188586252640041224 0.0002487869512571476774 0.4233073714991758552 0.04188588969764358433 0.9991223955132627621 -0.0001050252765659543606 0.01199095790821277062 -0.0002441695404164440433 0.0001153537661568399073 0.9999999635373711948 0.4951518794092491516
0.998648471768119661 -0.05197285292122031525 0.0002289031694347740456 0.8564053623705013552 0.05197286839388016305 0.998648495261538427 -6.216920509470111734e-05 0.04163792395762378612 -0.000225362694764018128 7.398193595883737926e-05 0.999999971869163895 0.4951012573192167809
0.9967467239154914616 -0.08059691242346353479 0.0003256896866513171772 1.844341844476895975 0.08059694703531734838 0.9967467698412159072 -9.456173019018498699e-05 0.1178290331384260758 -0.0003170087596535486408 0.0001205036891998329814 0.9999999424921517388 0.4948091395719502739
0.9871935163136577041 -0.1595269942965223953 0.0003153430286447559392 4.041821546919123875 0.1595270293935301675 0.9871935569682054323 -8.930605132019256355e-05 0.4258355335985845591 -0.000297057880173342019 0.0001384680914305258461 0.9999999462916000503 0.4942487533680938183
0.9761701743891497696 -0.2170062034977172927 0.0003134944927092132632 6.175314785218600555 0.2170062411667893487 0.97617021209436039 -9.119509488124672282e-05 0.8728402617447592604 -0.0002862340841205732026 0.0001570521931629773938 0.9999999467023271693 0.4936415216084110713
0.9625450449752052107 -0.2711216559783150015 0.0002899232469582526577 8.259864942290858991 0.2711216920996141755 0.9625450739916930898 -9.278793468324341895e-05 1.448388539594517965 -0.0002539073746892145443 0.0001679170480571747068 0.9999999536674537559 0.4930562974971502976
0.9492567784779046836 -0.3145019714187441973 0.0002801601435826082606 10.2524128303259765 0.3145020113575123233 0.9492568000915002635 -0.0001110601511182851054 2.082823590343835463 -0.0002310152849376376357 0.0001935355299267524322 0.9999999545879670881 0.4925090287885625639
0.9389330956407289097 -0.3440996381469120791 0.000284499410384189699 12.16119423218244044 0.3440996784195679004 0.9389331180175430891 -0.0001058472343131353733 2.774540830657375778 -0.0002307039234401785349 0.0001972796270023981821 0.9999999539282229399 0.4920018179523759083
0.9340505570571189242 -0.3571406854012409982 0.0002961328251350560424 14.11116489714073197 0.3571407305983153591 0.9340505795925710952 -0.0001153807437940912017 3.49871519259872743 -0.0002353958790330579372 0.000213532541537412733 0.9999999494963154323 0.491469314523114098
0.9317659327402909586 -0.3630594380289138279 0.0003017366028588003551 16.10822299832478421 0.3630594839148788 0.9317659569120375629 -0.000112612118570049841 4.267286104016009496 -0.000240263002014829872 0.0002144764710094276253 0.9999999481367650711 0.4909553185590769253
0.9317770839154494444 -0.3630308122487009848 0.0003086264769879971644 18.14686397929644102 0.3630308602583628419 0.9317771092006691402 -0.0001152039489256028777 5.043518718534507173 -0.0002457485033979433988 0.0002193853350249030845 0.9999999457388721869 0.490424369290591966
0.9299065051534619597 -0.3677958516599333372 0.000321212159151268255 20.19867728122524042 0.3677959075248951049 0.9299065287832087856 -0.0001346719517980600976 5.807191214223778708 -0.0002491654987130424649 0.0002433728416218013037 0.9999999393431050487 0.4898679497845413455
0.9295800893286318978 -0.3686200757389029303 0.0003119106453656828102 22.22480753791655061 0.3686201263587224886 0.9295801135476142729 -0.0001222387687144200173 6.585407850757901471 -0.000244886268954001363 0.0002286072670483012801 0.9999999438847145816 0.4893661839427710936
0.9283826611406353901 -0.3716255403617816366 0.0003037210539760377926 24.24043841425007884 0.3716255861783795966 0.9283826860103755463 -0.0001096173742310513035 7.375762852794665037 -0.0002412327519565222469 0.0002146373843144325981 0.9999999478687747745 0.4888525666379354151
0.9276077573560986833 -0.3735555504722659625 0.0003149704492734510444 26.3510555208415802 0.373555602114319929 0.9276077818780790185 -0.0001230059776061637514 8.187457019842684147 -0.0002462194741316382426 0.0002317602748552100066 0.9999999428315708982 0.4882620014617843895
0.9264737891788141777 -0.376359155840563786 0.0003221519219584465031 28.45409555091184117 0.3763592118619641935 0.9264738128118669147 -0.0001335017436517950179 8.987917221348574515 -0.0002482207158974800284 0.0002449307097511551744 0.9999999391977097973 0.4876728764033730346
0.9255345838919204482 -0.3786629487516502968 0.0003244455999325619906 30.55823252690682068 0.3786630077623336921 0.9255346055616958667 -0.0001430467459869824178 9.791662729322753833 -0.0002461191277150525563 0.000255250257249873744 0.9999999371363383904 0.487125095084318227
0.9243163979613555625 -0.3816269126906888798 0.0003097937228962075688 32.6072349911256083 0.3816269620001772611 0.9243164220572922529 -0.0001174391474452119084 10.62444096034585783 -0.0002415294862546879745 0.0002267765670618153223 0.9999999451179462095 0.486629411515999144
0.9226844964878166966 -0.3855557382677426981 0.000304355174672785373 34.66675733972309104 0.3855557840029315009 0.9226845213518389821 -0.0001071533717443203128 11.46502616477262748 -0.0002395102113131550325 0.000216214652841195085 0.999999947943039702 0.4861011892641783905
0.9196295914553012096 -0.3927866097938310652 0.0003060860289044621129 36.7241910191505383 0.3927866564404203786 0.9196296160609400694 -0.000108573457318797054 12.32642667460632779 -0.0002388395770291828395 0.0002200738720734845167 0.9999999472615720419 0.4855575202186347972
0.9169657708807407159 -0.3989657537090885442 0.0003200041570371181532 38.79634998098379128 0.3989658089421195819 0.9169657934539396926 -0.0001301260141633938132 13.17414724951324523 -0.0002415170424482422531 0.0002469918182661295035 0.9999999403322780145 0.4849771663281011724
0.9156541244215626874 -0.4019669380480864196 0.0003242657240082568977 40.8602635339671707 0.4019669948908209944 0.9156541473593210467 -0.000132077060896871885 14.03010282903124306 -0.0002438246432795272364 0.0002512810241773940365 0.9999999387036929699 0.4844103683222995005
0.91375012113461207 -0.4062765208541715412 0.0003236222248164052646 42.86891702727130138 0.4062765788458413407 0.9137501423775221676 -0.0001370715490272648703 14.86703014891184615 -0.0002400209019556316789 0.0002567292748646610081 0.9999999382400208692 0.4838759306031499285
0.9137788216854746404 -0.4062119606852739873 0.0003286906806303309847 44.84506678061339358 0.4062120211492296629 0.9137788429107166488 -0.0001418620535738511436 15.68558307817338537 -0.0002427245268928463178 0.0002631486458683580856 0.99999993591879488 0.483337674070578982
0.9166579368068256128 -0.399672529148822564 0.000310378913523107734 46.74591805478159046 0.3996725797521864521 0.9166579593864887521 -0.0001203738476707765426 16.50380522448526932 -0.0002364011813647330889 0.0002343915839198544169 0.9999999445875317194 0.4829065385232660379
0.9194227597142101693 -0.3932705095917736204 0.0003085565834357557402 48.66055532126186733 0.3932705585055701891 0.9194227832868461237 -0.0001157066063692884053 17.30395587082411879 -0.0002381899566939977371 0.0002277295072435671646 0.9999999457024063565 0.4823981486427531551
0.9222188869503795683 -0.3866681074825123465 0.0003149763922219104011 50.62786400526551489 0.3866681586012655214 0.9222189115707367657 -0.0001194463257564074796 18.10352403636977314 -0.0002442911008793979301 0.0002319469991727027107 0.9999999432612219907 0.4818659043296868449
0.9267112673461024297 -0.3757740301836530739 0.0003243694624801225822 52.55185587648518464 0.3757740870776027919 0.9267112912292212457 -0.0001348758544838107875 18.82571690653350771 -0.0002499139999964373722 0.0002468806126824016605 0.99999993829647571 0.4813071834946072713
0.9321404536942524688 -0.3620967721589529176 0.0003196575870171092845 54.42201513900405274 0.3620968265336737546 0.9321404782055718874 -0.0001307943529783923053 19.51171846068942628 -0.0002506055629940729008 0.0002376657053622318347 0.9999999403559300948 0.4808095129706971838
0.9372461518311252515 -0.3486682490688192693 0.0003208913583924592251 56.29962722454440183 0.3486683041797860594 0.9372461766891331258 -0.000133956064530222843 20.14984088358620085 -0.0002540479723140122654 0.0002374344517520399548 0.999999939542252414 0.4802833233376101463
0.9428221358812091113 -0.3332961343137517685 0.0003270262020052350314 58.14175720811624615 0.3332961935283900168 0.9428221604023692137 -0.000145725521432085286 20.71278393607879664 -0.0002597577973185875096 0.0002463898356813929162 0.9999999359089655204 0.4797614613023468699
0.9472571125610903531 -0.3204744340818606041 0.000315918612123862767 59.97012131475212726 0.32047448517573357 0.9472571396071856054 -0.0001257648361952849953 21.29422922597921186 -0.0002589517461620403525 0.000220375490173891443 0.9999999421893163154 0.4793039348193654514
0.95400133171740642 -0.2998022018395133381 0.0003144134655010534345 61.83392205789402141 0.2998022505353695744 0.9540013606584608619 -0.0001201580847676976733 21.84460013138183498 -0.0002639272155151724491 0.0002088928374408372077 0.9999999433531018278 0.4787870342785530697
0.9601391366864522325 -0.2795223340089051933 0.0003209290275044806976 63.67046046127123304 0.2795223861890202555 0.9601391662856120224 -0.0001303295768784648568 22.32512318235070836 -0.0002717065013855428693 0.000214841374994174044 0.9999999400093783075 0.4782251324795245839
0.9675999203802798654 -0.2524882044531448488 0.0003173237082455634852 65.49769535397884113 0.2524882542644557026 0.9675999510134023485 -0.0001275130640110726167 22.77009548352431523 -0.0002748468599773238675 0.0002035021397162050944 0.9999999415230393929 0.4777113939533278453
0.9740946731959764238 -0.2261403666435534698 0.0003197307861050652147 67.34161615635716203 0.226140417974104585 0.9740947045025742934 -0.0001342414704743825741 23.14439386837675627 -0.000281090650259542725 0.0002030679549200795325 0.9999999398757239977 0.4771660150058662508
0.9789097774204600366 -0.2042927966099352954 0.0003176887621055698931 69.15881710331630927 0.2042928458340231568 0.9789098099663346986 -0.0001307476312470143363 23.47712760804440535 -0.0002842778465036264611 0.0001928916759023020571 0.9999999409894516633 0.4766454483873456827
0.9819783597887734583 -0.1889931279772466 0.0003138250452244518941 70.9434172086810122 0.1889931721279621557 0.9819783944340115811 -0.0001172861626071695251 23.79841266669395239 -0.0002860031353031114941 0.000174483264373078025 0.9999999438788966799 0.4761422125028586527
0.9834211686724751988 -0.1813358851677457917 0.0003189976888145169896 72.7877732668046491 0.1813359305277976175 0.9834212048102565218 -0.0001192954054116465029 24.11016219856605503 -0.0002920765535288936195 0.0001751633697445755498 0.9999999420045384557 0.4755890951136135802
0.9834435414509178353 -0.1812145061243981281 0.0003217931012458981267 74.61931619917821479 0.1812145550738703259 0.9834435765050605349 -0.0001298558699392600966 24.39450563647261916 -0.0002929335910455240963 0.0001860195102793720564 0.999999939793324466 0.4750132733831969878
0.9809832673625129562 -0.1940920595678491956 0.0003187000338023168971 76.41936677986080895 0.1940921063312675277 0.980983302203029206 -0.0001227231226793187001 24.70992875116721876 -0.0002888198279341870839 0.0001822464907154264127 0.9999999416846598876 0.4745045070237081108
0.9774932422037994062 -0.2109664840101317385 0.0003226027582819667437 78.28301049120534572 0.2109665322268214627 0.9774932772725142271 -0.0001231643681321663135 25.07050885928667583 -0.0002893584737500198758 0.0001884507227310475619 0.9999999403789974206 0.4739510467574549191
0.9741198585915803454 -0.2260318504191860811 0.0003220183705264864789 80.13005311689833832 0.2260319007159606597 0.9741198916080149317 -0.0001289750055138468704 25.44918566185086561 -0.0002845320410389310891 0.0001984235384885549964 0.9999999398348065061 0.4733837900934706466
0.9711505522365737608 -0.2384669858249127139 0.0003186917183778993374 81.94189283855274653 0.2384670382883912476 0.9711505818843438886 -0.0001376876749236533677 25.82866848461109299 -0.0002766636829201343599 0.0002097129317468916104 0.9999999397388443789 0.4728335935808494761
0.9675003717087129473 -0.2528693942466811451 0.0003165423371585550957 83.82578107531659839 0.252869442624071683 0.9675004030505071073 -0.0001228264223442675294 26.29005575700099939 -0.0002751957957677696556 0.0001988784936379351233 0.9999999423573074919 0.472335593698496703
0.9626593584328002606 -0.2707154491530537332 0.0003243668332724558416 85.79642147399354712 0.2707155021348091051 0.9626593891898890254 -0.000131570059160565487 26.78462855811628884 -0.000276636729930774595 0.0002144682788857063245 0.9999999387377364046 0.4717372886276187116
0.9582792840828459058 -0.2858333681671841875 0.0003151858241402998397 87.78960315336554743 0.2858334130313451849 0.9582793165669279967 -0.0001069444082775048197 27.38458672796383908 -0.0002714677757241448124 0.0001925732508539501891 0.9999999446103930989 0.4711913551940606348
0.9564737012063416755 -0.2918183555669319751 0.0003259709891454190805 89.81270122130494826 0.2918184135272539614 0.9564737278996964243 -0.0001461722497093693345 27.91980652001934615 -0.0002691269416353633901 0.0002349342496015041084 0.9999999361882915272 0.4705909730152914028
0.9539788033309314352 -0.2998738760689530491 0.0003181963213284079201 91.83682130491884266 0.2998739276541454446 0.9539788315920012529 -0.0001280229240983032381 28.52695828222828212 -0.0002651618243627080649 0.0002175499365720761735 0.9999999411806140825 0.4700345066416919959
0.9506480526793794628 -0.3102711363148570323 0.000319231927625876022 93.87061233231801793 0.3102711879471177214 0.9506480810536317438 -0.0001261790976485482635 29.15986550738747241 -0.0002643274874019925372 0.0002190003828835625666 0.999999941084903865 0.4694678180387591993
0.9502037402889341733 -0.3116291844576231096 0.0003214613957059556234 95.88898493631950259 0.31162923755848837 0.9502037683969566384 -0.0001297118758572486717 29.79613914811519848 -0.0002650318235060814052 0.0002234294792477861278 0.9999999399186981774 0.4688976859191614222
0.9496853456081599809 -0.3132054212145371497 0.0003293344297068457639 97.95301241962381766 0.3132054809863208389 0.9496853715092736792 -0.0001477283071984509416 30.42720421357813976 -0.000266494783545539256 0.0002434447569395577411 0.9999999348575879798 0.4682968950539764252
0.9471060623029492476 -0.3209205525254476554 0.0003251430392802585846 100.0575816654548191 0.3209206076714083977 0.9471060900557443096 -0.0001332417618005103492 31.11213576810537873 -0.0002651849328250831424 0.0002305391820991380787 0.9999999382643163237 0.467719109864645044
0.9461717953616994858 -0.3236646845143091866 0.0003250576921439540909 102.1567922381373137 0.3236647406376773062 0.9461718221225641212 -0.0001367166574651241422 31.78453565644030476 -0.0002633100750645002409 0.0002345671588696819827 0.9999999378230239877 0.467115868583374394
0.9442216572260770935 -0.3293104193685670311 0.0003312442780331852489 104.2571893451748792 0.3293104811284671141 0.9442216815806473429 -0.0001518360460369823871 32.45459894561333414 -0.0002627668372227579701 0.0002524490955858544119 0.9999999336115192872 0.4664800001499359583
0.9440657077399121633 -0.3297572278930862022 0.0003318494215083999071 106.3978131547916064 0.3297572908371353972 0.9440657312355977826 -0.0001557195605149979865 33.14544174627744155 -0.000261938016172282343 0.0002564392633090201656 0.9999999328136874865 0.4658662600081848737
0.9425175943951209501 -0.3341563643535283012 0.0003292717706126344263 108.5669358586210365 0.3341564245345829964 0.9425176190778499219 -0.0001472152069460194767 33.86450838785159334 -0.000261151546936734015 0.0002487812002772314332 0.9999999349538896132 0.4652766976521232056
0.941501631765222613 -0.3370082654311848391 0.0003262157566837662432 110.7950960448369528 0.3370083223177969267 0.9415016579270055752 -0.0001371549351073514779 34.62601317687168745 -0.0002609103289838234129 0.0002390690200818513676 0.999999937385899762 0.4646607371102045581
0.9407405585958532601 -0.3391269517142405654 0.0003347177943973985575 113.0067696908787553 0.3391270195047177971 0.9407405782293781771 -0.0001706362638720702689 35.31229478631315999 -0.0002570152554262289737 0.0002740363021809034722 0.9999999294236290304 0.4640066450787219132
0.941126614355473734 -0.3380541145425097205 0.0003337587688132586327 115.2765290697057452 0.3380541861566616069 0.9411266292684854484 -0.0001868312839084511519 35.99816382883143007 -0.0002509501808315101946 0.0002886604426442624348 0.9999999268495749494 0.4634954878078284546
0.9418352689373801212 -0.336074722936457071 0.0003267890283897699911 117.3919606291882758 0.3360747920174827486 0.9418352828528219201 -0.0001847868591613978037 36.62736870336043893 -0.0002456792444917130116 0.0002838643359440561477 0.9999999295313710679 0.462908956844333086
0.9411743348276037091 -0.3379212414695448308 0.0003256189979637776001 119.5037442499334048 0.3379213097648472441 0.941174348877831024 -0.000182820768779260671 37.26442287083480664 -0.0002446852272385057554 0.0002820998137247287228 0.9999999302744146945 0.4623245660283347713
0.9400257426139381201 -0.3411033550488830057 0.0003231094897708759544 121.746503208511669 0.3411034122997670393 0.9400257667892395474 -0.0001410389660829516065 38.02504892888088506 -0.0002556223813552272362 0.0002427940083369111378 0.9999999378541316597 0.461758456570388498
0.9396668690379187394 -0.3420907363717335392 0.0003214395002651204225 123.9422898650083198 0.342090793131591242 0.9396668928338042237 -0.0001406019040974711414 38.74395835447871406 -0.0002539474475402047921 0.0002420804445935578644 0.9999999384538740266 0.4611364823228126242
0.9406696200089753601 -0.339323696499229166 0.000308202046429938278 126.0237943500262361 0.3393237449084651747 0.9406696454095969662 -0.0001197852681866878291 39.45311227822604394 -0.0002492703297425038675 0.0002172586352909041513 0.9999999453314923903 0.4605916487932953385
0.9414317975116202053 -0.3372033134687450473 0.000309874121752252399 128.1357005488607115 0.3372033630895994172 0.9414318226488120889 -0.0001233994809696119048 40.15763331165955918 -0.0002501146453696464068 0.0002206627911705182825 0.9999999443752966011 0.4600178794292318352
0.9407562285325252738 -0.3390835074705119689 0.0003056811849023206439 130.2381780538445071 0.3390835513786542021 0.9407562566238945045 -0.000103969560079574143 40.88834188540960923 -0.0002523171241271155991 0.0002014614729889599302 0.9999999478746702808 0.4595114682670871087
0.9400997629029237412 -0.340899316093398852 0.0003034454679024326798 132.2156697506788419 0.3408993601897971626 0.9400997898743354009 -0.0001063139219714310277 41.56875061835659579 -0.0002490266773221286247 0.0002033900586990552083 0.9999999483090974417 0.4589491771457191449
0.9395565551199901444 -0.3423936078523763804 0.0003115046108356160203 134.2427482723589947 0.3423936570380338162 0.9395565812130715067 -0.0001196727153511434761 42.25317461947295783 -0.0002517010344182512432 0.0002190964870653917124 0.9999999443216575079 0.4583636884889624175
0.9386958432410661413 -0.3447463087205310805 0.0003106569565682802355 136.2017688135811397 0.3447463576323796519 0.9386958691320729242 -0.0001190622618798516455 42.9257183580661561 -0.0002505661265567903561 0.0002188611045635710083 0.9999999446582148455 0.4578255585306402198
0.9377188499590547455 -0.3473949665554569299 0.0003092662820157880449 138.1475901858967745 0.3473950138950991362 0.9377188765280392024 -0.0001136927801855992662 43.60700357586704712 -0.0002505085309496753198 0.0002140494274224482207 0.9999999457141576231 0.4572947583628328982
0.937138287690740257 -0.348958064424069514 0.0003146739691392942749 140.0408201231705618 0.3489581180706533003 0.9371383109727516869 -0.0001339475967991259162 44.2408167978585638 -0.0002481509378330113238 0.0002353354575812935303 0.9999999415191652696 0.4567856306122707877
0.9368036626461843097 -0.3498553986086783696 0.000312600846686637531 141.8095013014373649 0.3498554518823646098 0.9368036852764868305 -0.0001343235351051121518 44.84784188240965364 -0.0002458518112798662586 0.0002351998901424157866 0.9999999421189473825 0.4563012756703647144
0.9363325328757179378 -0.3511143551661330964 0.0003122131419146402368 143.4913743853890935 0.3511144071203888273 0.9363325565309267295 -0.0001292090914415558271 45.44020879854188166 -0.0002469681625283844388 0.0002306052080785948736 0.9999999429139805329 0.4558534940063050933
0.9361099129420735743 -0.3517074522540910575 0.0003145198753797630092 145.1089115347544976 0.351707505105392948 0.936109936810525789 -0.0001306115075597628959 46.00588063633852443 -0.0002484881401084943018 0.0002328857276468782479 0.9999999420089391577 0.455414172931603578
0.9399037372743187513 -0.3414394010960089543 0.0003162897402720347864 146.6840656849472282 0.3414394545958860383 0.9399037617018076718 -0.0001326133029209924745 46.52946598418230906 -0.0002520025099426659787 0.0002326375354404900981 0.9999999411872541044 0.4549853176209587846
0.9449603100657563148 -0.3271848310570013574 0.0003142114952305904811 148.1899171804930688 0.327184882617638062 0.9449603357390508052 -0.0001283302595511681958 47.0187990533588831 -0.0002549296857354178695 0.0002240722530404241637 0.9999999424012384619 0.454582034910995969
0.9541553034834737712 -0.2993118049066572084 0.0003166703520692049686 149.5911162435771757 0.2993118596980354762 0.9541553283381462025 -0.0001415989433375140555 47.40015834866004951 -0.0002597704684503219239 0.0002298905747422102142 0.9999999398348116131 0.4541796620052059863
0.9643936977341550643 -0.2644705945772661271 0.0003168230153019593919 150.9546301313211245 0.2644706479028499646 0.9643937250611440692 -0.0001395090311249863862 47.73147093145572484 -0.0002686460915016369855 0.0002183320185213787762 0.9999999400802015437 0.4537931482486028956
0.9752015925874363278 -0.2213182187566959946 0.0003160119042448436013 152.1650622775900672 0.2213182707084974388 0.9752016219880613734 -0.0001397307661954458942 47.96391225756212151 -0.0002772503573072229699 0.0002062048738980297121 0.9999999403058926761 0.4534393115755400161
0.9857877214654658937 -0.1679954362374195265 0.0003187688136925571078 153.3160007018734916 0.1679954888674989599 0.9857877532206879012 -0.000146022294866584131 48.11571202082838994 -0.0002897073135203089402 0.0001974987080316823818 0.9999999385319643386 0.453085867214608029
0.994769511875908341 -0.102144607073530902 0.0003122341963382991811 154.4070362664843401 0.1021446505063278581 0.9947695483829063212 -0.0001264327536564018787 48.21120761465410709 -0.0002976866465376918963 0.0001576645015010056945 0.9999999432622809215 0.4527824942709932077
0.9997035914125059763 -0.0243439836095095466 0.0003158816071448750182 155.4543843966107204 0.0243440274808368641 0.9997036310272128246 -0.0001357912037799894527 48.19560908883195083 -0.000312482290798307737 0.0001434407846261083572 0.9999999408897776165 0.4524289549818144018
0.9974986411894261051 0.07068493663113345482 0.0003171134395227652404 156.4565820181721563 -0.07068489517783545228 0.9974986846960381959 -0.0001400914151770822863 48.08107885407223847 -0.0003262225916277529543 0.0001173258660492937545 0.999999939906728863 0.4520963298665049424
0.9841516081643906233 0.177328826605877149 0.0003152844096121333139 157.4346517129742153 -0.1773287936667827247 0.984151656048845469 -0.0001297506493928479905 47.88050649099483991 -0.0003332962042543479342 7.178530624188180658e-05 0.9999999418802530959 0.4517753452474795317
0.9565931559409865947 0.2914265503896404375 0.0003158117957949295083 158.345354452908964 -0.2914265203663526926 0.9565932072265118657 -0.0001382660048082535206 47.55739497556163542 -0.0003423978034368626482 4.022838115971345336e-05 0.9999999405727088009 0.4514314865689252887
0.9101554867476004951 0.4142666902862110478 0.0003150631354802230439 159.2046344482677966 -0.4142666744012601932 0.9101555409663852902 -0.0001171790904546903119 47.16818727657981469 -0.0003352998524849811553 -2.38689652523958577e-05 0.9999999435021389438 0.4511254613632447175
0.8516046500433823718 0.5241845269563288889 0.0003189455920844177388 160.0378646920379992 -0.5241845135934065647 0.8516047079439234002 -0.0001308389127290123346 46.63679761599278351 -0.0003401993013733901243 -5.576331356288440581e-05 0.9999999405774421257 0.4507779743048981325
0.7785861168558283474 0.6275376961025271871 0.0003140253606847298617 160.7201543348205632 -0.6275376884329338933 0.7785861747213584927 -0.0001346523101935180589 46.03656879908857036 -0.0003289952048547418973 -9.222432963417601039e-05 0.9999999416284121034 0.4504743109962240366
0.6993752381926192641 0.7147546288605287623 0.0003110107671409849785 161.3375199077939328 -0.7147546258061462376 0.699375296349686093 -0.0001405230845154711286 45.34375092457349865 -0.0003179527725563619628 -0.0001240180187849680108 0.9999999417627808418 0.4501736329483982946
0.6194695730683091872 0.7850206074090073649 0.0003065746114936473261 161.8916725947323414 -0.7850206082600045265 0.6194696306881988246 -0.0001458230141307090028 44.56554789269413419 -0.0003043877324874492605 -0.0001503344676847332946 0.9999999423738261672 0.449892749455428731
0.5450013678612879442 0.8384350997624460122 0.000304167544115033564 162.3877623338557044 -0.838435105104546996 0.545001424682156399 -0.0001470543423800200382 43.71122641221331406 -0.0002890672671086589782 -0.000174879929072427055 0.9999999429285608699 0.4496155278627387286
0.4850738613407003519 0.87447312505473207 0.0003203174462931795258 162.8611150153758729 -0.8744731414312536533 0.4850739192581366988 -0.0001333159323491351321 42.80557228959448679 -0.0002719588390611238447 -0.0002154409294324030946 0.9999999398117959126 0.4493811568578544025
0.4385565596296494562 0.8987035308466353456 0.0003281033815592123933 163.3046971934958833 -0.8987035534289902206 0.4385566173957659575 -0.0001280418777400276495 41.83953533871402186 -0.0002589635967939167148 -0.000238714069509145271 0.999999937976722042 0.4491329642570470737
0.4095057116395041108 0.9123074919180944597 0.0003351521627169003572 163.739551861922962 -0.9123075191097247405 0.4095057694195526898 -0.000124057213232827481 40.8250662131851314 -0.0002504250693248005408 -0.0002549597007035913645 0.9999999361414154686 0.4488832999768918586
0.3973601704600539519 0.9176626759690744706 0.0003287361658969327927 164.1722032658315698 -0.9176627013391113197 0.3973602272661004298 -0.0001279072730163558001 39.74284299537503529 -0.0002480024080234878147 -0.0002508436622159818628 0.9999999377861291672 0.4485757637084213378
0.3909769397918741451 0.9204004158179003303 0.0003272849679457320903 164.6323221884154293 -0.9204004407881318794 0.3909769964992270141 -0.0001296444705159959779 38.58429362793560102 -0.0002472857183381823145 -0.0002505452304172994652 0.9999999380384283487 0.4482802967410768891
0.3852255013560247909 0.9228224131057060076 0.0003270733763663531669 165.0963955841025665 -0.9228224383665555308 0.3852255578641657352 -0.0001296829968345026879 37.41199907287082738 -0.0002456713999508401735 -0.0002518734532302570415 0.99999993810266119 0.4479758487207383122
0.3808343786676304799 0.924643212577007545 0.0003247496625387745928 165.5662569821079728 -0.92464323717891439 0.3808344348387251443 -0.0001310824132106216196 36.19445662844520939 -0.0002448803178604369189 -0.0002503568898532919904 0.9999999386775266785 0.4476649434681752582
0.3763755875197017375 0.9264671145458999169 0.0003206032227081075776 166.0376802580738342 -0.9264671377135578201 0.3763756432444754774 -0.0001338334316120369136 34.93832149339995397 -0.0002446595173883956255 -0.0002466567136313646048 0.9999999396510912408 0.4473427855404948916
0.3707199450965590337 0.9287446462629992405 0.0003230288735643170183 166.5459439269266682 -0.9287446702845875146 0.370720001362220386 -0.0001342020895062841256 33.59309956948882103 -0.0002443927365940693364 -0.0002502599534172801469 0.9999999388210709661 0.4470123153661771931
0.3648077081641393771 0.9310828266725595936 0.0003254868618103261128 167.0616864958586234 -0.9310828521877464459 0.3648077643342565457 -0.0001320818123708297157 32.21464344040045802 -0.0002417192415914650079 -0.0002548707723828291132 0.9999999383063468139 0.4466691533069029885
0.3607947308545788045 0.9326451975323989396 0.0003125852799501635721 167.5557265800326263 -0.9326452181541411424 0.3607947857730064989 -0.0001400551936889684419 30.79349003622155934 -0.000243400942898900892 -0.0002409999906990963417 0.9999999413374907054 0.4462867046395502801
0.3558848714258919244 0.9345297520979422012 0.0003173896142448831537 168.0807653596638715 -0.9345297749715911761 0.3558849265975250198 -0.0001368007808884391077 29.33631376715971939 -0.0002407985794188350086 -0.00024792471646114709 0.9999999402746874155 0.4459404183928799004
0.3475836647956027092 0.9376489178157598747 0.0003207622566288842567 168.6144245445174761 -0.9376489420561504584 0.3475837205374797678 -0.0001366767631305710955 27.81605805153531819 -0.0002396465576070064556 -0.0002532557803582923895 0.9999999392155165534 0.4455700827361704364
0.3336951839983232637 0.9426809734411786268 0.0003263288979733398073 169.1533042514311376 -0.9426810010836600418 0.3336952394247074682 -0.0001318462300561515897 26.27273082837852414 -0.0002331833322342971549 -0.0002636276002259627929 0.9999999380630089085 0.4451937268375204537
0.3222166257591195793 0.9466659083053164947 0.000322705919028581055 169.6552765541959502 -0.9466659352639346103 0.3222166804678329166 -0.0001335716399401704611 24.71714260839343069 -0.0002304289478445028876 -0.0002624556975337655369 0.9999999390097511487 0.4448104182498209824
0.3065097184955917764 0.9518674753436497937 0.0003191439985522407079 170.1267020058130015 -0.9518675015984240373 0.3065097727161539276 -0.0001365009099313189164 23.16521487543704438 -0.0002277515309784073965 -0.0002619439450746117721 0.9999999397573029469 0.4444478262490703657
0.284429987878065893 0.9586967612055838917 0.0003194555360553715429 170.5631969208226906 -0.9586967889178723556 0.2844300413915757941 -0.0001359219608143534552 21.62754808827829578 -0.0002211706949524303446 -0.0002676007149515328715 0.9999999397366884368 0.4440997008573025484
0.2607852764317273309 0.9653967785125823209 0.0003156520047211561707 170.9508478527712612 -0.9653968058773843008 0.2607853292133617829 -0.000138820225279765602 20.06780444667917607 -0.0002163340102455410616 -0.0002685271663026989465 0.9999999405463764202 0.4437633866317642894
0.2368511530165789969 0.9715458981269978755 0.000314880222331295756 171.3074083351113472 -0.9715459262404243512 0.2368512053805725825 -0.0001404195074783535818 18.46346934142156115 -0.0002110037567172779491 -0.000272662075007381341 0.9999999405664015129 0.4434359904476005143
0.2125432139028787526 0.9771516137813098801 0.0003254391643992719861 171.6494273070566976 -0.9771516474147349252 0.2125432659640712763 -0.0001343511379318154935 16.84174737229194108 -0.0002004513341174684834 -0.000289447992978486405 0.9999999380195588872 0.4431217638119465674
0.1881613891384777137 0.98213807147152965 0.0003165531482122852349 171.9224139168549925 -0.9821381031017726304 0.1881614396872746953 -0.00013803150521395614 15.2147623275534567 -0.0001951290924383100936 -0.0002849267087501751016 0.9999999403707020562 0.4427934310575284971
0.1695507387609535843 0.9855214098231115383 0.0003126789310735755422 172.1458264089515637 -0.9855214409864880842 0.1695507884286261702 -0.0001396473406797523256 13.63994517955510766 -0.000190640403353302721 -0.0002844744809394904902 0.9999999413652510549 0.442495296741263755
0.1604725752501291181 0.9870402531049470296 0.0003022339261937870346 172.3215783608744118 -0.9870402811835933266 0.1604726235610239859 -0.000142865977333667902 12.09917895085433237 -0.0001895147414929751765 -0.0002753909881951767608 0.9999999441219812324 0.442217669184802431
0.1627639251262742726 0.9866649954458177607 0.0003023931637213512851 172.5264909641540214 -0.9866650222388453351 0.1627639752617002222 -0.0001491631984747806183 10.38598873877879747 -0.0001963928199630523847 -0.0002740823699398571589 0.9999999431543554751 0.4419350141467179305
0.1735696072874947093 0.9848215576424228512 0.0003017135224764221557 172.7474550984198629 -0.9848215830592162989 0.1735696584422617983 -0.0001523522519120438991 8.689002733827940972 -0.0002024080950819941486 -0.0002706902683018636078 0.9999999428788691747 0.4416132256747742346
0.1931605605300567852 0.981167111316514351 0.000312295939330878194 173.0049227294061609 -0.9811671406137132401 0.1931606116395173101 -0.0001424541686684387555 7.035749193080626185 -0.0002000946198210976036 -0.0002788979867487125343 0.9999999410890262341 0.4413010718626422246
0.2177292446677700499 0.9760091578042834337 0.0003160708915114339586 173.3030422531100214 -0.9760091873138392327 0.2177292966563149912 -0.0001402096930747746264 5.399212860300416139 -0.000205663837356226891 -0.0002779603433893647964 0.9999999402202146559 0.4409782122369908519
0.2425992147347454941 0.9701265497872357813 0.0003137040505558409166 173.6398452661721308 -0.9701265775910059563 0.2425992666061076719 -0.0001389099464547352981 3.750865094394572274 -0.0002108645996814743787 -0.0002706331930134096126 0.9999999411468958321 0.4406245711497969175
0.2619737660043115479 0.9650749421177702292 0.0003194121681921756111 174.0294823806372619 -0.9650749711475946624 0.261973818735553754 -0.0001355131469599520761 2.133018544029159802 -0.0002144579679104798573 -0.0002727557995500602878 0.9999999398060249733 0.4402886355152930697
0.2837222268460499741 0.9589064577379957655 0.000321409583791503568 174.4629581854250091 -0.958906485687261112 0.2837222811685587431 -0.0001373959547827343557 0.4922047824567029051 -0.0002229409286110040946 -0.0002692194482091194081 0.9999999389091134283 0.4399283070274632168
0.304966027653628402 0.9523631751905472509 0.0003232961154995334834 174.9297455794870189 -0.9523632025756479935 0.3049660828419873404 -0.0001367410038199218746 -1.10511650082740398 -0.0002288214465186069844 -0.0002661939631850711069 0.9999999383907578476 0.4395602371942265996
0.3198962281201579438 0.9474525296374076699 0.0003275979327464684427 175.4499746659569723 -0.9474525573899729158 0.3198962846234412738 -0.0001363141623397650943 -2.701294656739625211 -0.0002339485594701299633 -0.0002667771128044601602 0.9999999370490195716 0.4391854194161142755
0.3302032549241080694 0.9439097984828834775 0.0003205741094079672887 175.9743023001314839 -0.9439098228513506106 0.3302033110864284193 -0.0001402659043402904103 -4.329637632837338934 -0.0002382529938749567485 -0.0002562767926539664953 0.9999999387788560679 0.4387774115234570615
0.3320973402232893501 0.943245066612093841 0.0003176960752158272346 176.5085192095376101 -0.9432450902294382544 0.33209739564851809 -0.0001398705233681033595 -5.961111743414555519 -0.0002374382203183470071 -0.0002532146343463047918 0.9999999397527182809 0.4383780629800594908
0.3318018287976727265 0.9433490574916009175 0.0003195910833894129795 177.0550855971103488 -0.9433490818703309522 0.3318018843838904663 -0.0001387657580805941792 -7.617765749069890902 -0.0002369454707983324098 -0.0002554432227837105337 0.9999999393027996231 0.4379881977665906478
0.3326065861392432099 0.9430656137166807396 0.0003272372394766704523 177.6246000515764933 -0.9430656403928111553 0.3326066431674008506 -0.0001372357188891879345 -9.252401569342762144 -0.0002382635671997841893 -0.0002629606928513443477 0.9999999370410709298 0.4376008402369982453
0.3335142219981638845 0.9427450132299021179 0.0003221138674710457444 178.1550118442512485 -0.9427450385744903238 0.3335142777721572527 -0.0001369946406370484658 -10.84730277718705338 -0.0002365805881698021572 -0.0002579815894243860986 0.9999999387375603233 0.4371893532883214806
0.3338620336019985646 0.9426218984867698047 0.000314665804503650164 178.686960375565576 -0.9426219216413576074 0.3338620879252302553 -0.0001381650926697938926 -12.47774516206292539 -0.0002352924244472625573 -0.0002504828065045085813 0.9999999409479174428 0.4367826848215925484
0.3331828855875761386 0.9428621673207684406 0.0003133511642541966314 179.2191688536671847 -0.942862189496539993 0.3331829403121513433 -0.000141084984414528063 -14.11042765347820094 -0.0002374269564379478568 -0.0002484398625896912282 0.999999940953035793 0.436381433834440946
0.3301498861764073367 0.9439284683805417853 0.0003150249232997299228 179.7368495221296598 -0.9439284914250237746 0.3301499409348300218 -0.0001399251225605992557 -15.70957725335951771 -0.0002360847664469912805 -0.0002511647373249962069 0.9999999405901269789 0.4360110079869846667
0.329451457346288723 0.9441724607855661588 0.0003186671737475854551 180.2624125022583996 -0.9441724851285220321 0.3294515125863369809 -0.000138502844591993331 -17.31529832484492104 -0.000235755954006978296 -0.0002552468133687016438 0.9999999396340952806 0.4356311728638939118
0.3336303846987365707 0.942703912489182394 0.0003158885775297711937 180.7755472770573419 -0.9427039354008416305 0.3336304399020827982 -0.0001405444450943405769 -18.91284319031568018 -0.0002378818433503567344 -0.0002508995079013939138 0.9999999402308307195 0.4352347814462737552
0.3452671891548403926 0.9385043784529110145 0.0003157848373638796218 181.2912480785356593 -0.9385044009361923623 0.3452672443214004905 -0.000139371222892517761 -20.45197161947849551 -0.0002398306635100729066 -0.0002482451492377484806 0.9999999404277974957 0.4348547028069191245
0.3687259478952263358 0.929538098682496372 0.0003137654041288174081 181.8191817704123139 -0.9295381196754844977 0.3687260027300258147 -0.0001377792938267610821 -21.93897889666932244 -0.0002437645660809345343 -0.0002408541030565121443 0.9999999412840666624 0.4344781857497266864
0.4026103464531220477 0.9153714052868782147 0.0003151416430614889974 182.3846391063452472 -0.9153714245587921683 0.4026104023817294597 -0.0001378312799566719013 -23.36521973904442717 -0.0002530461161466534279 -0.0002329793553715606765 0.9999999408441394566 0.434101328942691933
0.4427262852085820377 0.896656755226076907 0.0003157452852923526556 183.0091175259165368 -0.8966567717331564991 0.4427263424340424081 -0.0001393638469687183455 -24.77204029583894851 -0.0002647502901170711116 -0.0002214151099393674854 0.999999940441314572 0.4337137647571140953
0.4886357918018968682 0.8724877984453194291 0.0003233209017860934321 183.7042710532451792 -0.8724878145447403366 0.4886358511481102562 -0.000135815821309766304 -26.11435937563993548 -0.0002764838309668232936 -0.0002157290756110607144 0.9999999385088264026 0.4333187342446985779
0.5424223961223161306 0.8401058514458001891 0.0003202400428263104336 184.4445094163169756 -0.8401058626994187817 0.5424224557996463192 -0.0001374939219468627452 -27.37158137001989644 -0.0002892148388410227793 -0.000194455754854824407 0.9999999392708661672 0.4328968030423583357
0.599246436394454407 0.8005645554156566313 0.000317935389403797169 185.2576923606731611 -0.8005645616804730746 0.5992464962605352774 -0.0001389354410068464895 -28.56587861561506969 -0.0003017484576985787021 -0.0001712712377485166955 0.9999999398070136269 0.4324705905630688019
0.6577779872813799278 0.7532117995168851055 0.0003232937133024995279 186.149735444708341 -0.7532118040344513155 0.6577780481754191833 -0.0001326798247537266256 -29.64503630523872246 -0.0003125915172858410905 -0.0001562347729502198837 0.9999999389386174942 0.4320572806212690797
0.7197196391906756086 0.694264743364063408 0.0003272416651817918972 187.1333768663550075 -0.6942647432518872508 0.7197197015059996206 -0.0001324527783583573934 -30.64822441404818676 -0.0003274795677597877922 -0.0001318634848088772826 0.9999999376845748467 0.4316156682690349133
