0.9999727208254474142 0.007386311999347235611 0 -0 -0.007386311999347235611 0.9999727208254474142 -0 0 -0 0 1 0.4949999999999998845
0.9999960260578479865 0.002781235821754003777 0.0004610835588122863104 0.3523544206278990676 -0.002781230688997982786 0.9999961323022650284 -1.177276065720705559e-05 0.002977906850948217055 -0.0004611145183041109375 1.049033412898224512e-05 0.9999998936316710774 0.4950336959969777184
0.9992018029096999543 0.03994558097328593932 0.0003280624094191253426 1.144987180680013594 -0.03994559502329332601 0.9992018555410273617 3.638455198177052886e-05 -0.002206774444108987321 -0.00032634716615748588 -4.946015808726801866e-05 0.9999999455256082248 0.4949443889587260559
0.9987145085642946674 0.05068694171968644857 0.000405369605646300243 2.838289498820042667 -0.05068694938852512377 0.9987145904055440004 8.660486077692985314e-06 -0.06519264526874804511 -0.0004044095661128175906 -2.919630178205164211e-05 0.9999999178002357825 0.4944972634460347849
0.9989840191020598059 0.04506404968564742958 0.0004012565982451618595 5.146723462234194635 -0.04506404259854473321 0.9989840996505030546 -2.669050529647674257e-05 -0.1883067160347488833 -0.0004020517437835821996 8.581143816672346386e-06 0.9999999191403761145 0.4936676917117548968
0.9986615497931967678 0.05172021811036579125 0.0003577785616492060411 7.323911797684210079 -0.05172021495978900568 0.9986616138816130084 -1.805873084973200671e-05 -0.321617840148961498 -0.0003582337172871828939 -4.698239788098057815e-07 0.9999999358341892242 0.4928726546755788918
0.9980919773933756289 0.06174380421441418715 0.0003275764734305270905 9.371048414096231127 -0.06174380550078850671 0.9980920310503164083 -6.194168072422086826e-06 -0.4370612807314681603 -0.0003273339191913096202 -1.404346860241767334e-05 0.9999999463276415534 0.4921702239906457499
0.9977697633158756352 0.06674878546629545162 0.0003147278003427438444 11.51141901298238324 -0.06674878220755044167 0.9977698129533527638 -2.085840053164866246e-05 -0.6079515944186582033 -0.0003154181713814568043 -1.958160381284778682e-07 0.9999999502556679021 0.4913813183390618455
0.9972753346621231474 0.07376856027707276442 0.0003261769928392243699 13.48366559486239602 -0.07376855611518262634 0.9972753880029556761 -2.478846446258495668e-05 -0.7996984142531067263 -0.0003271168964262590861 6.593183929424269565e-07 0.9999999464970490415 0.4906601226184245101
0.9971775410452403676 0.07507889347016125092 0.0003337551446883464602 15.50732618642329719 -0.07507889362273911793 0.9971775968143596902 -1.208951108763149792e-05 -0.9730949868007435777 -0.0003337208202198089254 -1.300257806529492012e-05 0.9999999442306717334 0.4900201638831551132
0.9966481126575038596 0.08180722843435278557 0.0003419274157604235468 17.53370140469371918 -0.0818072293875561074 0.9966481711698748081 -1.122088024547872335e-05 -1.161169837740901878 -0.0003416992827039440177 -1.678886541599525345e-05 0.9999999414798651509 0.4893167769989394955
0.9962832920503634782 0.08613640166437551426 0.000349702496463542335 19.56195029119397333 -0.08613640463500951694 0.9962833531457897518 -6.58544659767093652e-06 -1.33449495772903548 -0.0003489700224534279934 -2.356114532130687496e-05 0.9999999388323957961 0.4886204841594974368
0.9952812335461701521 0.09703169715532476702 0.0003404411898861940916 21.48747938750318554 -0.09703169158637242608 0.9952812917709706886 -3.287594236758243916e-05 -1.580929732990817405 -0.0003420247557254848126 -3.127760667348440113e-07 0.9999999415094823485 0.4879041036246117291
0.9950884714871074399 0.09898897997063467458 0.0003402352980312816039 23.48023421584197123 -0.09898897532044940994 0.9950885296473197528 -3.052171793543223571e-05 -1.830843127385641811 -0.0003415855561774455598 -3.307733872434605568e-06 0.999999941654181379 0.4872284494983292746
0.9954138015424216501 0.09566214209928375345 0.0003439041630233950417 25.53280988251409056 -0.09566214258152801186 0.9954138607892696333 -1.508457395505621168e-05 -2.041173974206757169 -0.0003437699933138158113 -1.788321597227491986e-05 0.9999999407511891425 0.4865425956038290645
0.9948887326466214764 0.1009766857771388499 0.0003443609978991199342 27.58443427073977716 -0.1009766871392441673 0.9948887920140088159 -1.347300881316328773e-05 -2.270351788417293459 -0.0003439613569939934984 -2.136828808475278911e-05 0.9999999406169886029 0.4858112647994291544
0.9947002719674670201 0.102816589868222244 0.0003432170584330941827 29.66514921444523978 -0.1028165887524278704 0.9947003310751648675 -2.094048849848865169e-05 -2.509102748096835978 -0.0003435511512716323641 -1.445889754515525484e-05 0.9999999408817713542 0.4850769753468399115
0.9949319200836599375 0.1005502707086581154 0.0003427262607772423681 31.70330739815339882 -0.1005502710027061375 0.9949319789483196397 -1.641630750738906603e-05 -2.721366909572271453 -0.0003426399810365642648 -1.812811005188571552e-05 0.9999999411346055522 0.4843821108406677345
0.9948787312967719565 0.1010751857001518095 0.0003418351034037337864 33.78412061795675925 -0.1010751796771524741 0.9948787900231291781 -3.489381652572456308e-05 -2.971528089464702038 -0.0003436113930468625405 1.640714187251517831e-07 0.9999999409655898619 0.4836381621936143294
0.9949454217999205152 0.1004165915471398191 0.0003402699895287503119 35.77558170463942844 -0.1004165903600375276 0.994945479892107576 -2.061457547856211832e-05 -3.180776866564424932 -0.0003406201334303134306 -1.365837465557839351e-05 0.9999999418956848629 0.4829826973145547875
0.9958204845259452931 0.0913315022926342035 0.0003453834317507425218 37.84085840318245886 -0.09133150661346288446 0.9958205440194669578 -3.274224774576853372e-06 -3.372170922047523778 -0.0003442389567688407151 -2.828384907965707817e-05 0.9999999403497802364 0.4822877253649386353
0.9963364002400468822 0.08551993541729305259 0.0003438097728137577995 39.85495803950314553 -0.08551993641138751212 0.9963364594043209177 -1.183582523378202125e-05 -3.554054703322965469 -0.0003435624107634668617 -1.761012640134911026e-05 0.9999999408273747559 0.4815776955187776043
0.9966396738585502346 0.0819099573737532699 0.0003455088782812710201 41.85427272361054207 -0.08190994262831827188 0.9966397333505296885 -5.663782388532136874e-05 -3.781474667220207309 -0.0003489870780606755293 2.814688992753081799e-05 0.9999999387078838398 0.4807866336237225924
0.9968184330493208289 0.07970503070262623113 0.0003458554938580716263 43.9160863564823174 -0.07970500564439017555 0.9968184913710700368 -8.566308448258260118e-05 -4.014261024722503457 -0.0003515829303987654864 5.782412755399813297e-05 0.9999999365229044201 0.4800346556550538768
0.9976146292156626849 0.06902848851073341285 0.0003454722159144937377 45.97766607092184898 -0.06902846811046656206 0.9976146879441868398 -7.064401929327364024e-05 -4.20323341643343884 -0.0003495246067470622977 4.662808927425703538e-05 0.999999937829183172 0.4793426046613771252
0.998343625543497426 0.05753159403474492756 0.0003478889464561828225 48.10862346245298937 -0.05753156872558599227 0.9983436842206926398 -8.233383190606786311e-05 -4.400614574295287795 -0.0003520495290972655155 6.218285941807775476e-05 0.9999999360972082751 0.4785686629917876855
0.9987675018498975987 0.04963221704224950181 0.0003468172696626717734 50.22097523810722919 -0.04963218508893871284 0.9987675586323482291 -0.0001001454377518603926 -4.610495600778345526 -0.000351360277814814824 8.280870976515235606e-05 0.9999999348443340264 0.4778450927379275237
0.9990269536506585224 0.04410246863101190823 0.0003437184434421306357 52.32082451432403758 -0.04410243523666063786 0.9990270088256196779 -0.0001041410773367250955 -4.816088982212499481 -0.000347976887026632271 8.888092285005443397e-05 0.999999935506131532 0.4771317638469025901
0.9992920469797805794 0.0376203414637649447 0.0003387526267830813812 54.40920402870042949 -0.03762030585765974156 0.9992920995863195932 -0.0001108772913367991295 -5.027966184318506393 -0.0003426840652191142896 9.805481799385764674e-05 0.9999999364764398102 0.4764092445642306162
0.9995930263075918365 0.02852483025634212563 0.0003403208919030032429 56.51280361787800643 -0.02852479776296483818 0.9995930801700918522 -9.995440419675034167e-05 -5.215049141887310391 -0.0003430335909966421618 9.020614076775665998e-05 0.9999999370954015809 0.4756645257427877249
0.9998437597257213705 0.0176731202198613449 0.0003419962875302621423 58.60420195750171501 -0.01767309866524806317 0.9998438164218165225 -6.594586926609572917e-05 -5.304241478455906211 -0.0003431083426018934242 5.989143173272215662e-05 0.999999939344838773 0.4749656192076762706
0.9999492089381947224 0.01007293153087310614 0.0003399948316428697882 60.62076369828729838 -0.0100729145086363072 0.9999492655721846646 -5.174149977117747728e-05 -5.388493697153608153 -0.0003404987707841245739 4.831413289295821272e-05 0.9999999408631639053 0.4742662709796507392
0.9999946642742004732 0.003248888454633377942 0.0003408066473064559707 62.58582346510188898 -0.003248871856075408009 0.9999947211904276489 -4.924605781251771504e-05 -5.446851777391954919 -0.0003409648432017264017 4.813855792426508195e-05 0.9999999407128254969 0.4735823957993342548
0.9999983231111275739 -0.001799132931163800958 0.0003419032926106983219 64.57950047506079727 0.001799140073602483554 0.9999983813354573758 -2.058381281446544235e-05 -5.458477221030711313 -0.0003418657061684781924 2.119891021273131703e-05 0.9999999413392206549 0.4729476876564171484
0.9999394822635336855 -0.01099605705360934445 0.0003442993498481225901 66.60631858608894618 0.01099607021683419138 0.9999395407322408946 -3.636226145492412577e-05 -5.479797650002958598 -0.0003438786922599840808 4.014600071971009696e-05 0.9999999400678698525 0.4721967751639317701
0.9998411740924630919 -0.01781876492307024606 0.0003438142723946352886 68.66393763559456431 0.01781877288754267485 0.9998412328616875788 -2.01155478357758821e-05 -5.450790948558791982 -0.0003434012517683118879 2.623870140093019382e-05 0.9999999406935534685 0.4715485634024784711
0.9997418459452626083 -0.02271837441476725478 0.00034195342057214529 70.6365743222479523 0.02271838450468729662 0.9997419038680745995 -2.565087116897240646e-05 -5.425495283536290181 -0.0003412824176217153023 3.341287858382355045e-05 0.9999999412049435099 0.4708385724113141046
0.9996922028140887706 -0.0248069169620403901 0.0003413294385313372448 72.57196761500516402 0.0248069333289291441 0.9996922597192656745 -4.379994037279695725e-05 -5.410729490028942656 -0.0003401378562303304653 5.225379549925482993e-05 0.9999999407878877866 0.4701478017283149957
0.9997690042156514023 -0.02149002800011201586 0.0003419187502708617428 74.48470177061612674 0.02149004353520076946 0.9997690614745462501 -4.182574055422700438e-05 -5.389205989103814431 -0.00034094095172321361 4.9163927813303322e-05 0.9999999406710858851 0.4695017444174960364
0.9998380982756794877 -0.01799055181401843645 0.0003424677096930976369 76.34644942716394667 0.01799056943638179668 0.9998381554364597079 -4.844589957834278041e-05 -5.382578126499871551 -0.0003415407146895547562 5.459924521461786111e-05 0.9999999401844292812 0.4688603874707524266
0.9999249985949935082 -0.01224252662176422181 0.0003431165259822752849 78.24545435591589637 0.01224254273286133447 0.9999250562588070101 -4.489418839620183801e-05 -5.37851813084136321 -0.0003425411932495502857 4.909144000068329643e-05 0.9999999401277787081 0.4682175986127794509
0.9999850984924434361 -0.005448513392383940758 0.0003413167205454592187 80.04095456232570882 0.005448527814616473119 0.9999851558088070913 -4.133910755941853709e-05 -5.387888479236651484 -0.000341086417293635783 4.319816518987788513e-05 0.9999999408969852954 0.4676015960313086861
0.9999985174810116506 -0.001687495316691947633 0.0003426332842570014659 81.79519295287481384 0.001687522534156762552 0.9999985730005893636 -7.916258186516639934e-05 -5.449932987690580433 -0.0003424992088333523189 7.974066589327058322e-05 0.9999999381678569277 0.4669600584031866064
0.9999437927153985717 0.0105969204280499385 0.0003415986214704568882 83.46591543879669928 -0.01059689732163926479 0.9999438489013476872 -6.938116387479416531e-05 -5.498206391814314031 -0.0003423146670053490949 6.57573786310387408e-05 0.9999999392483158722 0.4664065089422702037
0.9995250290925350445 0.03081557316619445638 0.0003415702540303013762 85.07986201732394704 -0.03081555917544404055 0.999525086821349884 -4.614878352466594423e-05 -5.554692241464822544 -0.0003428301390304627294 3.560118581943523102e-05 0.999999940600023729 0.4658811992528631984
0.9982707688634505638 0.05878226672203932385 0.0003422777044915004986 86.59847027467060343 -0.05878225583569116758 0.9982708273083393813 -4.178784062615507536e-05 -5.653880149958721013 -0.0003441422312253543197 2.159572419874334137e-05 0.9999999405498727345 0.4653427179037502581
0.9955858263849745038 0.09385491772629502016 0.0003416462650010624637 88.04666200429406331 -0.09385490958183670407 0.9955858849758968399 -3.982936396179467722e-05 -5.793879309020718793 -0.0003438763807675175176 7.588370923644381725e-06 0.9999999408457237449 0.4648322228906446862
0.9900767054512200627 0.1405275836082140184 0.0003399563606079130328 89.3799954593560102 -0.1405275769219447024 0.9900767638048092456 -4.359444349381125157e-05 -5.998531998227324635 -0.0003427091151484735077 -4.611400625100876175e-06 0.9999999412645967922 0.4643607000973681842
0.9812721448721731798 0.1926262212163327714 0.0003414675879238738936 90.65352740735694681 -0.1926262158609204078 0.9812722041220696134 -4.881341943873146341e-05 -6.268524619653062402 -0.0003444753971694371067 -1.787636050974273128e-05 0.9999999405085662207 0.4639104809570999133
0.9686614614945959767 0.2483844943850570253 0.0003405384936559987131 91.81922641623638981 -0.2483844902636339058 0.9686615208482455275 -5.501519019924714754e-05 -6.597070122294164563 -0.0003435314553733281309 -3.129338561908520699e-05 0.9999999405034295519 0.4634918506111115888
0.952351517363521971 0.3050024131842258845 0.0003396018678366205762 92.90851908336048837 -0.3050024085325673817 0.9523515770696071581 -6.666781370999963973e-05 -6.98902047158107198 -0.0003437542184732562934 -4.008819408630125668e-05 0.9999999401129849863 0.4630902960538217372
0.9295339848141932482 0.3687362953879357308 0.000339913607674237762 93.92241927794059109 -0.368736295978719153 0.9295340445801774099 -6.321822319347569492e-05 -7.430817139316720166 -0.0003392721239706438094 -6.657499772865756247e-05 0.9999999402310957297 0.4627381014419552629
0.9015196145099950709 0.4327381042009523782 0.0003432616320223538103 94.91311907567070705 -0.4327381111155376159 0.9015196746936671168 -5.771147162509707287e-05 -7.934997763615102784 -0.0003344310676573012536 -9.651436660752800401e-05 0.9999999394204169834 0.4623817126963605251
0.8644398430293956936 0.5027361498822197072 0.0003484065854718740502 95.8451026505019712 -0.502736167573072934 0.8644399019724259281 -4.115913510502654189e-05 -8.472917764617941216 -0.0003218687397070375952 -0.0001395769952479353681 0.9999999384593862839 0.4620474397385330168
0.8082049871186811618 0.5889011636566102714 0.0003438642399001971871 96.66155969390378289 -0.5889011850368632839 0.8082050433767172803 -4.60960869157185871e-05 -9.084112875967250034 -0.0003050588521489237229 -0.0001652469710370864289 0.9999999398162656705 0.4617251571915427233
0.7341130052555058239 0.6790272280475999622 0.0003450897780565622417 97.4088793693874635 -0.679027255490411652 0.7341130594014452226 -4.81626612818414503e-05 -9.77541300682058889 -0.0002860386711228728933 -0.0001989685288768271491 0.9999999392966995027 0.4614318565227107372
0.6477871506293921833 0.7618212980511352983 0.0003425162318860436902 98.05453626680018431 -0.7618213293565890831 0.6477872020220446503 -5.510029818423672638e-05 -10.56257447138101568 -0.0002638542121863138735 -0.0002252429059420389798 0.99999993982329205 0.4611617709969520473
0.553844232172300166 0.8326202301890732738 0.0003446325615372607446 98.58817338982571243 -0.8326202691175804693 0.5538442786430052278 -4.971126278244687708e-05 -11.38284115530217555 -0.0002322633755024057218 -0.0002594157599677754324 0.9999999393785918844 0.4609444672338678939
0.4597924993268582283 0.8880263213776601328 0.0003318214194131038496 99.0158990023059431 -0.8880263583803900129 0.4597925429381264362 -6.543994807207118881e-05 -12.2926738252277854 -0.0002106814105908761292 -0.0002645773694341532973 0.9999999428060775131 0.4607184882227585154
0.3698147035869607802 0.9291054704590365754 0.0003313249359760721204 99.37053950675252167 -0.9291055112367109237 0.3698147435643215353 -6.659022205198585943e-05 -13.26454748108791648 -0.000184398185822038399 -0.0002832097807955740614 0.9999999428947627944 0.4605471150564126592
0.2855335353153123368 0.9583686614013788851 0.0003302367350277687127 99.62339384822537625 -0.9583687058768484146 0.2855335701415404048 -6.261304480372719393e-05 -14.26328056554231871 -0.00015430005387917728 -0.0002986104283418941695 0.9999999435116510016 0.4604021916974954109
0.2145356836695080371 0.9767160938688858041 0.0003352792792730909942 99.82701974425921776 -0.9767161427776929195 0.2145357147838957701 -5.934526864811324467e-05 -15.34635391357940293 -0.0001298928588146668116 -0.0003147410066229247572 0.9999999420329701572 0.4602832335995437063
0.1590873322830486936 0.987264456328587614 0.000337608521338221871 99.97155649018223755 -0.9872645080248338978 0.1590873598008592793 -5.610977574671305616e-05 -16.48692810464588021 -0.0001091044355532674615 -0.0003243825561854266656 0.9999999414360877248 0.4601716890532482895
0.118154988005581274 0.9929951081005604641 0.0003377868992598850027 100.0846516233589369 -0.9929951608298436261 0.118155013785640417 -5.734161046483189547e-05 -17.7283344701075265 -9.685115442084653715e-05 -0.0003286455590600908323 0.999999941305972917 0.4600634135771378141
0.08909781415997135301 0.9960228179777661506 0.0003543751931627376305 100.1873619495466414 -0.996022877087351044 0.08909783978317858955 -5.715627020745161455e-05 -19.02446838577907329 -8.850301350067120562e-05 -0.0003478733007213150995 0.999999935575689225 0.4599873540148325946
0.0668721198466922101 0.9977614890579499241 0.0003613063858870380757 100.2677902330496664 -0.9977615513543536263 0.06687214389552889604 -5.488170514347519795e-05 -20.38277653600379224 -7.892018447340471516e-05 -0.000356827564133140691 0.9999999332228443061 0.4598781841929952541
0.04838881426879576564 0.9988285089837716235 0.00036372674980536643 100.3385963840213293 -0.9988285726785810503 0.04838883686344385565 -5.357335525444611014e-05 -21.82863702993038757 -7.111090890925885291e-05 -0.000360708319215949846 0.9999999324163711956 0.4597861164525647859
0.03011766051706711925 0.9995463002141316 0.0003467786789859898886 100.3537459254842616 -0.9995463580307650808 0.0301176823653185842 -5.795349718818171693e-05 -23.36699209808341848 -6.83713738036819909e-05 -0.0003448759418690756462 0.99999993819296773 0.4596724005157565296
0.01394515559076498802 0.9999027003085662058 0.000350076304993316898 100.3698960777935838 -0.9999027594162941401 0.01394517779793390776 -6.107451839649191661e-05 -24.99811732947045684 -6.595045218067307655e-05 -0.0003491905697074076964 0.9999999368582395132 0.4595879278142704361
0.003968277035469453852 0.9999920685022738454 0.0003401648806979831329 100.3508130059635732 -0.9999921244822213007 0.003968297638226165464 -5.991344356157176379e-05 -26.69265480178433947 -6.126284385091164322e-05 -0.0003399244485812162467 0.9999999403491146577 0.4594932318862099407
-0.005337544578256738122 0.9999857012972399595 0.000328361347753199171 100.3074839558447167 -0.99998575345606866 -0.005337524840582154838 -6.095660342584235833e-05 -28.47995112221723346 -5.920309497516899406e-05 -0.00032868202832695765 0.9999999442315571363 0.4594033823331120092
-0.015372995609154479 0.9998817731280416066 0.0003328281192864934084 100.259768547083624 -0.9998818269966806005 -0.0153729763486158081 -6.035062173772210055e-05 -30.30031413105962557 -5.522692786654776501e-05 -0.0003337165578310319781 0.999999942791621077 0.4593276268127940432
-0.02870480088533274368 0.9995878766296082407 0.0003336217574210700735 100.1818775900668754 -0.9995879310644819604 -0.02870478262772304529 -5.938649715697475785e-05 -32.16741538483385909 -4.978548256695994171e-05 -0.0003351889598347923657 0.9999999425848815626 0.4592427634637533673
-0.04383279647179734451 0.9990388265410636848 0.0003301804798141371117 100.0682811512144639 -0.9990388800003597858 -0.04383277850115072094 -6.147136317530319351e-05 -34.04760241048062852 -4.693955069543765502e-05 -0.0003325575985024039759 0.9999999436010594822 0.4591522059536443101
-0.05841079276376344442 0.9982925802477743416 0.0003217346453796122801 99.91372496930380009 -0.9982926311627833282 -0.0584107757637918612 -6.199186763112239391e-05 -35.9369817215857168 -4.309325126514006464e-05 -0.000324806319805478398 0.9999999463219114704 0.459074000909935942
-0.07651944276641006737 0.9970680359821333383 0.0003263490185796251723 99.74104432858017333 -0.9970680887323564168 -0.07651942672408879043 -6.138122783452511829e-05 -37.85735960432804603 -3.622922046945986261e-05 -0.0003300890495650831476 0.9999999448643298594 0.4590382849107679242
-0.09800750394737417492 0.9951856192108532451 0.0003353925291430823272 99.54115054067010249 -0.995185675284191773 -0.0980074882842124212 -6.286174996367550536e-05 -39.78653213323261184 -2.968813019167521435e-05 -0.0003399387638082352172 0.9999999417801240797 0.4590007241826636886
-0.1242542270453765862 0.9922503592130407224 0.0003342232489213599529 99.28410303122396385 -0.9922504152684836765 -0.1242542126621377641 -6.354106043589236811e-05 -41.72627208553910805 -2.151999339418646855e-05 -0.0003395284028847066812 0.9999999421286748236 0.4589623174369558689
-0.1482583857804222194 0.988948605347794274 0.0003271523634256566894 98.95887131512715484 -0.9889486593529914771 -0.1482583727823564845 -6.376583120000304248e-05 -43.7031945742433976 -1.455805278069585517e-05 -0.0003329907104156252747 0.9999999444526235237 0.4589242728077431721
-0.1694383245604303978 0.9855407406628370337 0.0003204155640868567613 98.581278588942439 -0.9855407926882603364 -0.169438311984660972 -6.619227058649974568e-05 -45.6900682157218867 -1.094450706748391024e-05 -0.0003269981164468440857 0.9999999464762232559 0.4589292605198368458
-0.1764533435170522746 0.984308957754099989 0.0003053668663944526037 98.16213967866998757 -0.984309005063484288 -0.1764533316378885108 -6.562816260871527304e-05 -47.6401203450018258 -1.071538738957801171e-05 -0.0003121556651612661772 0.9999999512220092424 0.4589349667098455154
-0.1779672728276531779 0.9840363542638073113 0.0003213902843004728233 97.76610957632262 -0.9840364067397336933 -0.1779672620372315661 -6.209635331369219632e-05 -49.57876067157778976 -3.908120185560400982e-06 -0.000327310859175879024 0.9999999464261620785 0.4589635163953124652
-0.1659094028935617915 0.9861409508083691655 0.0003085004051890667242 97.33543560937171435 -0.9861409989639516871 -0.1659093903158123384 -6.610330942027626677e-05 -51.61286064926866146 -1.400406626619194075e-05 -0.000315192058349136558 0.9999999502289249609 0.4589294491359521277
-0.1499887893974708175 0.9886876453475895721 0.0003209273319681385105 96.97668423272929772 -0.9886876972966870403 -0.1499887760652993951 -6.535166485824691262e-05 -53.61641920051454946 -1.647688592044188133e-05 -0.0003270989219403461733 0.9999999463674019706 0.4589458341709622968
-0.1360804907208095771 0.9906977278382662622 0.0003348186263807563642 96.65139162336511447 -0.9906977842101406528 -0.1360804760259173296 -6.639209093072931985e-05 -55.67733260027360132 -2.021221557126804617e-05 -0.0003407387395815326156 0.9999999417442868577 0.4589315865284259166
-0.1241540652189922073 0.9922629037234478311 0.0003130273825666167421 96.29853423897503717 -0.9922629527823734197 -0.1241540510378415924 -6.441064219921660398e-05 -57.80892315822119798 -2.504867322786909049e-05 -0.0003186023179996875869 0.9999999489325616109 0.4588672281228115546
-0.1137009659667626571 0.9935149706750926457 0.0003055894752483656628 95.9721628817488579 -0.993515017318383209 -0.1137009523373696679 -6.166571406718446443e-05 -59.93749734868086421 -2.651999574310116761e-05 -0.0003106191840501647998 0.9999999514062047901 0.4588237543409718899
-0.1019337009903596158 0.9947911481650203447 0.0003035410367602447501 95.66882569199147213 -0.9947911939770913703 -0.1019336865418046939 -6.273645470616671179e-05 -62.06622968899898751 -3.146861291525720079e-05 -0.0003083549093949817317 0.9999999519634866774 0.458778468561472752
-0.09242588109606757196 0.9957195174852964126 0.0003146501179945790372 95.41245220907599389 -0.9957195666508827925 -0.0924258659313567793 -6.243115789374591499e-05 -64.16189119037166222 -3.308211279295647918e-05 -0.0003190735339123886515 0.9999999485488254569 0.458751375174911602
-0.09121681918717629289 0.9958310023008608569 0.0003267354731935461767 95.18001339130158556 -0.995831055382304986 -0.09121680362602688219 -6.224667103894621122e-05 -66.24167964112872653 -3.218339931465312751e-05 -0.0003310512744383291165 0.9999999446846394857 0.4587216495728479448
-0.08615881124294549886 0.9962813591696757509 0.000335586737897390294 94.9681618944688779 -0.9962814150561978277 -0.08615879429413261792 -6.466555501985587183e-05 -68.32712768694624117 -3.551133832830327263e-05 -0.0003399103374553815262 0.9999999415999516472 0.4586588757555170037
-0.07527809482784024453 0.9971625232597879362 0.0003326371840288684721 94.78133849318106741 -0.9971625779024753111 -0.07527807689618448705 -6.61206069672142931e-05 -70.37777127974514713 -4.089270376504068366e-05 -0.0003366707852537989022 0.9999999424902827894 0.4585788994106383409
-0.06570997403116711488 0.9978387107711929049 0.0003264989116798213613 94.5971907707778854 -0.9978387632339604796 -0.06570995614688796005 -6.521600043955744165e-05 -72.40340873326437077 -4.362082063177391875e-05 -0.0003300786119231269495 0.999999944572664945 0.4584989679013336539
-0.04669957225468664153 0.9989089295292004067 0.0003169547108308287025 94.43039864783204962 -0.9989089785871254623 -0.04669955411894722436 -6.438439147031192191e-05 -74.43406745669362579 -4.951249989029872744e-05 -0.0003196156299959427649 0.9999999476971791479 0.4584143941725469795
-0.01968444284602078806 0.9998061921522536366 0.0003175627265011501119 94.30863406924686387 -0.9998062410078812912 -0.01968442398131009519 -6.242152727331262165e-05 -76.36201193446471791 -5.615839014234934865e-05 -0.0003187299288533016915 0.9999999476287321221 0.4583281921098725231
0.01368647120930457928 0.9999062816214110416 0.0003293662294673847541 94.28890387497756365 -0.9999063334499800337 0.01368649333945990039 -6.503013729777492105e-05 -78.30366791464267351 -6.953191148459634565e-05 -0.0003284453457671143934 0.9999999436444823031 0.4582412818530419707
0.04826899700516695119 0.9988343184853596401 0.0003288559480868027182 94.32190906149088505 -0.9988343694368380099 0.04826902052675331734 -6.396354113612923034e-05 -80.13235363814909817 -7.976253452716277974e-05 -0.0003253851675672955182 0.9999999438812133823 0.4580975089864145477
0.08496492349698928082 0.9963838894937280255 0.0003263965894289124273 94.41427793234282717 -0.9963839387699198191 0.08496494860355879863 -6.381510783062252154e-05 -81.89851664887784466 -9.131661479394172589e-05 -0.0003197942736214672618 0.9999999446964475958 0.4579403479329518523
0.1282733607673743892 0.9917387983279732921 0.0003175069497438193483 94.56747564738878964 -0.9917388433160136962 0.1282733881740369675 -6.742996812852321167e-05 -83.64652697226362932 -0.0001076006077755185927 -0.0003062345064554484976 0.9999999473212664025 0.4577645049546179568
0.1712339366488127568 0.9852303462871015993 0.0003220201557413254994 94.79786242470683533 -0.9852303915441611437 0.1712339661965509297 -6.633679130294303468e-05 -85.31608516836921297 -0.0001204978083297919583 -0.0003059049342066842508 0.9999999459512229905 0.4575879369446803069
0.2111391918515607147 0.977455950236614024 0.0003271292408113809862 95.09776641172355482 -0.9774559961122322171 0.2111392231868558789 -6.401974260254683581e-05 -86.91845908348651051 -0.00013164629212609677 -0.0003062373612190800402 0.9999999444439644503 0.4573932211303575746
0.2491731656900346703 0.9684588897459477375 0.0003352227396414005729 95.45105850547192006 -0.9684589373390237732 0.2491731988669029507 -6.047177959604957198e-05 -88.41654028157347511 -0.0001420929548979265667 -0.0003095815134481294073 0.9999999419844375348 0.4571862085144337562
0.28832011100395466 0.9575340209168006211 0.0003352309709910930319 95.85422338667530084 -0.9575340672199649239 0.2883201459015744539 -5.985582029220255345e-05 -89.88437880022570425 -0.0001539678267465445407 -0.0003037374383603187972 0.9999999420187366539 0.456958835259128282
0.3340654548917237343 0.942549820676052974 0.0003277098699852321051 96.30783253191835058 -0.9425498621298636914 0.3340654922874720101 -6.529882595437207335e-05 -91.33201757294607148 -0.0001710239557377302144 -0.0002870688107768332815 0.9999999441711505677 0.4567052648843021312
0.3894806681082054745 0.9210345805059740876 0.000332692655720193413 96.85632918616683185 -0.9210346214115620045 0.3894807083075982335 -6.340114450139403013e-05 -92.72169516357125474 -0.0001879720177280769905 -0.0002817279340884276543 0.9999999426479440068 0.4564542361274077087
0.4482461455017578422 0.8939101090698158281 0.0003315838349066639731 97.43830398690225536 -0.8939101474875212894 0.4482461873830293486 -6.097252474235913478e-05 -93.97011278797992873 -0.0002031351460374602677 -0.0002690754555686208807 0.9999999431672540462 0.4561739711192276947
0.5164522876038575294 0.8563159065220684596 0.0003207308264701121559 98.05388924155485597 -0.8563159373856525924 0.516452331581425006 -6.771760067665208384e-05 -95.12658222212766645 -0.0002236298417514536786 -0.0002396740085367277443 0.999999946273030127 0.455875847252616373
0.5890345594403152418 0.8081077806657269713 0.0003203352924963022322 98.79713193980720121 -0.8081078068089977418 0.5890346064552169913 -7.053177851837763243e-05 -96.26670202199174753 -0.00024568585195416904 -0.0002173197955765910944 0.9999999462052825416 0.4555636573264619793
0.6632846983439241173 0.7483670909037222208 0.0003258793366882252072 99.65082018921719964 -0.7483671137162161147 0.6632847489809615693 -6.985381310345205135e-05 -97.3217285477358871 -0.000268427088934094474 -0.0001975444132646261245 0.9999999444615496058 0.4552276009901456422
0.7386189513584039412 0.6741230858471730647 0.0003313975395194948743 100.5588598266384679 -0.6741231065070227846 0.7386190042781112242 -6.16016639940427681e-05 -98.2034775733808516 -0.0002863036244850901716 -0.0001779025823684532307 0.9999999431904510461 0.454891995042647157
0.8050786392933635405 0.5931679988539506621 0.0003311968876677373478 101.5630402668991223 -0.5931680141430735187 0.8050786938734688647 -6.058699920035988222e-05 -99.00208065735819218 -0.0003025778268107434058 -0.0001476781012731445382 0.9999999433189167286 0.4545024051982302082
0.8587764790573663154 0.5123503194311578302 0.0003304525019181545672 102.5885147022273713 -0.5123503295720464035 0.8587765345151487928 -5.963052445508500198e-05 -99.65019143763123566 -0.0003143365726715436704 -0.0001180981564297916799 0.9999999436226705285 0.4541206179818914057
0.8998536494050369816 0.4361918167343549202 0.000329649286600412132 103.6611191571850554 -0.4361918218817349979 0.8998537052971758987 -5.99054985101388931e-05 -100.1977624464513639 -0.0003227664202234662599 -8.988414145047151607e-05 0.9999999438713377264 0.4537288917746151173
0.9285882749574433381 0.3711114499943005685 0.0003275620858891131423 104.7329422910413683 -0.3711114496089091275 0.9285883306658656577 -6.420738029699092359e-05 -100.6554723515247076 -0.0003279984245275522985 -6.193982002170734787e-05 0.9999999442902443025 0.4533403064588456544
0.950462661948630827 0.3108385743850436977 0.0003300273153168928656 105.8601193013546578 -0.3108385705549803757 0.950462718334549983 -6.413787546804213566e-05 -101.0415887863389486 -0.0003336151850153194136 -4.162456308811561778e-05 0.9999999434841502222 0.4529495736500538383
0.9657927810111738287 0.2593148522008216217 0.0003340314378378340097 107.0948601445114576 -0.2593148486252484508 0.965792838185310254 -5.472348836210119032e-05 -101.3723293650826776 -0.0003367957836890534068 -3.376776172712571519e-05 0.9999999427141673669 0.4525359476856423147
0.9750127326382015402 0.2221487380025808089 0.0003307559223962819816 108.3273310096222133 -0.2221487287374274144 0.975012788687002141 -6.495669888719511154e-05 -101.6753604352411173 -0.0003369213029529446405 -1.014339919754846537e-05 0.9999999431905717273 0.4520850732442205921
0.9794016426514489115 0.2019215515896704838 0.0003307226876380205626 109.6817745936757262 -0.2019215406144963809 0.9794016984891460442 -6.65933689593646924e-05 -101.9651454277540665 -0.0003373569983874310238 -1.558379655540098464e-06 0.999999943093911714 0.4516232454543722685
0.9802148028032956484 0.197936433722798899 0.0003295036097268421284 111.0265187948104852 -0.1979364225153028012 0.9802148581853509235 -6.66089215051665764e-05 -102.2432930751310494 -0.0003361686664568123962 7.028514291751104756e-08 0.9999999434953095179 0.4511585845743896206
0.9770406608574516705 0.2130526646025095172 0.0003303622817667024782 112.3867796422311898 -0.2130526541211996416 0.9770407166970376256 -6.70095822730817556e-05 -102.5437951715470604 -0.0003370539706041888995 -4.913474404058156811e-06 0.9999999431852375498 0.4506858889325581208
0.9724512446284035994 0.2331061305771374437 0.0003297123835610022043 113.7856479421117655 -0.2331061205598372876 0.9724513004746747624 -6.902817509293861914e-05 -102.8878154452338833 -0.0003367201269732174643 -9.73143984888688525e-06 0.9999999432624258056 0.4501918364369084657
0.9653670187589988849 0.2608954005394197306 0.0003302604592804225846 115.1818725468237687 -0.2608953926736758411 0.9653670750217410168 -6.743774406246321157e-05 -103.2587474348246417 -0.0003364167708195295965 -2.106125827114202221e-05 0.9999999431900880031 0.4497164303749233705
0.955268786454155916 0.2957387989496545466 0.0003292786853813933637 116.5604438674653949 -0.2957387933425111304 0.9552688426118929321 -6.670444140931208689e-05 -103.685584123265599 -0.0003342767600680469084 -3.365981029192566997e-05 0.9999999435630305689 0.4492348513624228601
0.9413081664566889106 0.3375482591602886329 0.0003293964748697695124 117.9356789569266226 -0.3375482562421471822 0.9413082228163938137 -6.609357502926280486e-05 -104.1704606967310554 -0.0003323733815544552511 -4.897278377923798863e-05 0.9999999435647990431 0.4487482630120592786
0.9190705185202694416 0.394092976361473446 0.0003285904299803649219 119.2202158369068599 -0.3940929763935519525 0.919070574776159277 -6.738044260407902001e-05 -104.7167952754983276 -0.000328551954522394345 -6.756780224314291416e-05 0.9999999437441008387 0.448284544598884227
0.8911740523029774153 0.4536614375595489634 0.0003295080059297248679 120.5103575641515619 -0.4536614403958538766 0.8911741089968073792 -7.03842170527044865e-05 -105.3658595721899047 -0.0003255796086813705459 -8.676048866301364797e-05 0.9999999432352661977 0.4478139541696528059
0.8590072965217901979 0.5119632404993491592 0.0003238857259459298815 121.7130844150569402 -0.5119632454290632406 0.8590073514744823724 -7.378867323602165138e-05 -106.0949935590500104 -0.0003159973078872645559 -0.0001024325786930217497 0.9999999448266323476 0.4473631721294737962
0.8267190712383646334 0.5626148569962319268 0.0003161330699523454742 122.868291401514 -0.562614860301773545 0.8267191248747507437 -8.681114392479903261e-05 -106.9188205437210257 -0.0003101944942599015802 -0.0001060927347093597843 0.9999999462618519575 0.4469084453825675762
0.7944773703904659534 0.6072936751712654235 0.0003162857261724895158 123.9805824287849845 -0.607293682198298268 0.7944774235013815078 -8.432598270104501236e-05 -107.8056220462435419 -0.0003024925047667291911 -0.0001250832382821356491 0.9999999464262323556 0.4464875448382786827
0.7657676493334732992 0.6431172574424132149 0.0003168852600337428421 125.0645285512900386 -0.6431172667981422952 0.7657677023302368324 -8.494815605954053497e-05 -108.7664975166014898 -0.0002972921226281607715 -0.0001387438325405919773 0.9999999461837696391 0.4460681709062856992
0.741324913999380164 0.6711462387228531723 0.00031326380432967544 126.1356926201805067 -0.6711462473663257766 0.7413249666190835363 -9.227971427458827626e-05 -109.8046371372905554 -0.0002941634624334733589 -0.0001418365754630641386 0.9999999466751199328 0.4456331877399835606
0.7225998546758355401 0.6912664828467988132 0.000315780478086976409 127.2196798760726182 -0.6912664941297219645 0.7225999073420220631 -8.94714301438349907e-05 -110.8983473180219903 -0.0002900315450368705101 -0.0001536364215822173416 0.9999999461387747424 0.4452131134760003994
0.7122573188902990848 0.7019183763489170724 0.0003234704549661831271 128.295396923405093 -0.7019183932520874913 0.7122573715230609004 -7.699156311462520999e-05 -112.005736701603567 -0.0002844360089935651687 -0.0001722120576931887787 0.9999999447195802027 0.4447983637734969631
0.7045726081868262103 0.7096318276142311587 0.0003301998360004152031 129.3811608436415383 -0.7096318487324034807 0.7045726609731762791 -6.838158565439110732e-05 -113.1323919867477059 -0.0002811755267068037048 -0.0001861405279156459075 0.999999943146011705 0.4443680461764884515
0.6997807201024049961 0.7143576408708441905 0.0003235809544569410697 130.4578025558168406 -0.7143576584160904464 0.6997807726499591929 -7.806368507622024112e-05 -114.2924103133109952 -0.0002822011202334227093 -0.0001765250711774193134 0.9999999446007117321 0.4439081609082283775
0.6975775213542184661 0.7165092472527022638 0.0003167094937874003792 131.5634662319810388 -0.7165092603862432963 0.6975775739465273073 -9.005480737540772927e-05 -115.506817597398765 -0.0002854545425660880132 -0.0001641050758359433211 0.9999999457926124213 0.4434323813715511098
0.6958668325983315972 0.7181707641502236283 0.0003237463237906483462 132.666407463030481 -0.7181707817951380468 0.6958668852326207466 -7.883300906563426582e-05 -116.693770989472057 -0.0002818999083026380785 -0.0001776478741373334422 0.9999999444868354903 0.4430113546510797695
0.6983169339632767647 0.7157886184430624077 0.0003368229994847892254 133.8314579774660729 -0.7157886429240285509 0.6983169872962304847 -6.258375468386900712e-05 -117.9151070006796687 -0.0002800059615544440322 -0.0001973907820200687972 0.9999999413167682816 0.4425794482100499083
0.7007412756495032813 0.7134154118538511558 0.0003387222153222665955 135.0282225518550376 -0.7134154364180972374 0.700741329676596969 -6.297366777164560504e-05 -119.1678355116194297 -0.0002822830406851838808 -0.0001975214087820086582 0.9999999406507869004 0.4420904235015387096
0.7021513441648766785 0.7120276507491815066 0.0003383168503188235636 136.2395439593873903 -0.712027675385100367 0.7021513979454707677 -6.205758440975517299e-05 -120.4228544107736241 -0.0002817363654383176147 -0.0001973171441671860236 0.9999999408452805438 0.4415977650335659588
0.7031751217952668664 0.7110166255536347624 0.0003260011757299786082 137.487628216046545 -0.7110166430803005477 0.7031751752332260352 -7.874499837926115728e-05 -121.7432879930029372 -0.0002852249368970141718 -0.0001764207377816555606 0.9999999437612275832 0.4410642642702223837
0.7031547216513069909 0.7110368027133615598 0.0003203261863391910482 138.7689341452896201 -0.7110368166987108829 0.703154775000608967 -8.772137246644719352e-05 -123.1023650468371073 -0.0002876120116903076 -0.0001660820146003412674 0.9999999448480458852 0.4405324780291128284
0.7033727944779574193 0.7108210764424760519 0.0003305686939879779753 140.0877550094703849 -0.7108210965227003131 0.703372848116709859 -7.261326568435291318e-05 -124.4603465608808364 -0.0002841280834663005225 -0.0001839010059360378076 0.9999999427258242646 0.4400275586898828029
