0.9999727208254474142 0.007386311999347235611 0 -0 -0.007386311999347235611 0.9999727208254474142 -0 0 -0 0 1 0.4949999999999998845
0.9999586894654841629 0.009089511703626675793 1.190350897924441316e-05 7.856690132851425873e-05 -0.009089512087376438662 0.999958689001731682 3.259116412871866604e-05 0.006505203848215500642 -1.160677946562242176e-05 -3.269801485905719248e-05 0.9999999993980610569 0.4950301152377047931
0.9999798201661748154 0.006352893840302776228 -1.584599266918881166e-06 -0.007861442609282289287 -0.00635289384141433152 0.9999798201671800113 -6.974438173542401961e-07 0.003365350286649149755 1.580136503439392498e-06 7.074965339777530264e-07 0.9999999999985010879 0.4949726816267238649
0.9999801596898566514 0.006299224316957897397 -1.373272690945571339e-06 -0.01057783235485451438 -0.006299224316338799742 0.9999801596907001988 4.546629154291019766e-07 -0.0005322628086307881236 1.376109468483548115e-06 -4.460033420479951069e-07 0.9999999999989535038 0.4949769294659106533
0.9999564775290558094 0.00932968648182792154 2.573783847423042123e-07 -0.01908353370451046013 -0.009329686484018419323 0.9999564774737991213 1.051352078565027367e-05 0.003791712055775007476 -1.592793302350806925e-07 -1.051546447088476109e-05 0.9999999999446995691 0.4949918583607105238
0.9999535294494196203 0.009640484617436920547 4.712285755669368705e-07 -0.02158104568935179796 -0.009640484618186933446 0.9999535294482173597 1.616181652852305748e-06 -0.006451736647553921525 -4.556259029516473081e-07 -1.620649419835480695e-06 0.9999999999985826893 0.4949693575045273075
0.9999604653809492927 0.008892000689727085072 1.040029760426952204e-06 -0.01413652094857634905 -0.00889200070245390814 0.9999604652975253583 1.294977225050699158e-05 0.006593031251786165767 -9.248392593765891812e-07 -1.295850823155456221e-05 0.9999999999156106156 0.4950128767934319218
0.99998400784881325 0.005655444042673988397 1.239912401229045932e-06 -0.01106395698950846107 -0.005655444053474015936 0.9999840078100300511 8.887088966593870894e-06 0.01271122075308082737 -1.189632137961428785e-06 -8.893959098139882791e-06 0.9999999999597408706 0.4949944191715517361
0.9999858631465499137 0.005317283722357527866 1.760134061024787241e-06 -0.01242812295383553811 -0.005317283732318470527 0.9999858631317792845 5.703748869437858698e-06 0.01582465852327451933 -1.729780727221822271e-06 -5.713027368585306907e-06 0.9999999999821843621 0.4949960166787926719
0.9999882878851578116 0.004839843982528290421 2.228935190625006045e-06 0.009772102842391699323 -0.00483984400721053365 0.9999882878247501328 1.120460563666465231e-05 0.02869905431199747461 -2.174680541778002031e-06 -1.121526210566152434e-05 0.9999999999347440882 0.4950105524121815592
0.9999792841106097674 0.006436718862831894601 1.464873353977288139e-06 -0.00842802248450836948 -0.006436718874132239809 0.9999792840808382488 7.844884961732231213e-06 0.03101752123702591554 -1.414347688768696733e-06 -7.854151425928968552e-06 0.999999999968155695 0.4949986994366247783
0.9999848261409819417 0.005508854865560089409 2.844764403312802069e-06 0.0001231192402214671331 -0.005508854869049482211 0.9999848261442647601 1.220233700382717692e-06 0.0241255934986954676 -2.837999146910669528e-06 -1.235886578963072767e-06 0.9999999999952089436 0.4949883691367699123
0.9999835863507503531 0.005729486305832427739 4.242092605130753694e-06 0.01097593526706030706 -0.005729486314223656424 0.9999835863577622996 1.968589066265422884e-06 0.01543641900781985224 -4.230743972843408335e-06 -1.992861766059754382e-06 0.9999999999890644142 0.4949850890975371898
0.999980102634012491 0.006308275146826990143 1.724639078740645246e-06 -0.0001530104629082771673 -0.006308275156144393762 0.9999801026205809018 5.451558314083880626e-06 0.01221313580910777727 -1.690214833118213454e-06 -5.462329340286672701e-06 0.9999999999836528541 0.494998168522607751
0.9999790240588211088 0.006476993403422073858 1.025810313590304059e-06 -0.00954425962033658877 -0.006476993415969921168 0.9999790239780896872 1.27416376445444879e-05 0.01862587979686371534 -9.432612931976593957e-07 -1.274801454334993524e-05 0.9999999999182990207 0.4950171842252847343
0.9999747220866760378 0.007110216491710385882 3.368765211359529859e-06 -0.01761359256812877749 -0.007110216540667015431 0.9999747219832104683 1.475053106633489426e-05 0.02461064025007804815 -3.263800586409529205e-06 -1.477411085381590958e-05 0.9999999998855364503 0.4950142819702831321
0.9999754652543617617 0.007004917435616806777 4.824472402086830809e-06 -0.005622418685510124046 -0.007004917462279524817 0.9999754652505110641 5.532016137793318482e-06 0.01440729986414896607 -4.785602718567503059e-06 -5.565675442159991383e-06 0.9999999999730604383 0.4949796429477488213
0.9999677855846592633 0.008026692272442501053 2.511803400877828396e-06 0.00276433898738629065 -0.008026692290961484275 0.9999677855599006238 7.451673037688500223e-06 0.01421124464048488696 -2.451910198150196432e-06 -7.47159445939220768e-06 0.99999999996908151 0.4949845245936664306
0.9999761216580963508 0.006910579651273582834 2.179034119352732482e-06 0.008800755780500628053 -0.006910579663424336327 0.9999761216446000356 5.618889252943130612e-06 0.008480584474028841566 -2.140152305867938098e-06 -5.63381347205535436e-06 0.9999999999818397489 0.4949786970642662265
0.9999749641591554328 0.00707609009978311769 2.455258283867810238e-06 0.01638139467585201028 -0.007076090118662107208 0.999974964131866928 7.767669271582256584e-06 0.007539932812943498167 -2.400232086713249218e-06 -7.78484843033215816e-06 0.9999999999668173212 0.4949772421634274222
0.9999716765809132379 0.007526355955464329381 2.054655412094570841e-06 0.01441321902277000432 -0.007526355971902760726 0.9999716765499837567 8.113658825089125609e-06 0.009332805662725204149 -1.993530932743770767e-06 -8.128893086561437913e-06 0.9999999999649732407 0.4949846519705101699
0.9999761359554482087 0.006908510538139976676 1.99700983519197525e-06 0.005814366032127274431 -0.006908510561870624331 0.9999761358836954939 1.21310405008953955e-05 0.01506852511194656762 -1.913154757175560972e-06 -1.214454736874338685e-05 0.9999999999244246762 0.4949888619079079177
0.9999814252372389856 0.006095012349403603619 2.682039322620244987e-06 -0.0001026348812669539905 -0.00609501236348155076 0.9999814252268500736 5.272491096819163675e-06 0.01177956656796204891 -2.649853606001230189e-06 -5.288740224378488289e-06 0.9999999999825035513 0.4949710426405537489
0.9999810178643754321 0.006161486086784504802 1.537085961149331559e-06 -0.008785740838528217564 -0.006161486094731846372 0.9999810178518813153 5.220394101177084641e-06 0.01079751083320518862 -1.504891398333934177e-06 -5.229765740724295454e-06 0.9999999999851921784 0.4949844396608620301
0.9999866347550703249 0.005170136543628980029 1.257942642942560637e-06 -0.008188144465391164473 -0.005170136552232071359 0.9999866347317717397 6.934700222427876182e-06 0.01236958998225452452 -1.222072483162440105e-06 -6.941111273699813585e-06 0.9999999999751635338 0.4949964426965253184
0.9999872977788042405 0.005040265740421551698 2.131510863569389907e-06 -0.002844214719480037904 -0.005040265755904866848 0.9999872977541909291 7.322128655217686652e-06 0.01177269626764566347 -2.094578314386830767e-06 -7.332779029133810419e-06 0.9999999999709213716 0.4949878256470799931
0.9999813555653922492 0.006106432769975445561 1.630651942447782549e-06 0.005024699062806361333 -0.006106432783456363332 0.9999813555314064351 8.394323771085985891e-06 0.01326709458899362655 -1.579362166051184346e-06 -8.404124730145153769e-06 0.9999999999634379133 0.49499316944129923
0.999983056896808109 0.005821161248510618377 1.807411016623202786e-06 0.003003702870933660715 -0.005821161261867811333 0.999983056870424547 7.475095931597621949e-06 0.01258371071261312965 -1.763866654657744923e-06 -7.485490511270239658e-06 0.9999999999704278775 0.4949967263555271613
0.999988193609242626 0.004859284059683856988 1.668426857521309709e-06 -0.002461630706622302146 -0.004859284068513811984 0.9999881935963882418 5.329772962936893142e-06 0.01094224523553704621 -1.642508278599784992e-06 -5.337817397602914938e-06 0.9999999999844046972 0.4949958831916562163
0.9999767351589028408 0.006821227155760932817 1.80643752921150249e-06 0.01117774866873592378 -0.006821227170092676075 0.9999767351280340888 8.050095485212724537e-06 0.01334259581927872002 -1.751483972744254148e-06 -8.062230321775610127e-06 0.9999999999659661132 0.4950023394511612329
0.9999821374794203299 0.005977015545902681151 3.079940823978902323e-06 0.04916965666517003619 -0.005977015557003550507 0.9999821374775892391 3.607743888519812426e-06 0.005652572453353397162 -3.058322267159591168e-06 -3.626088299339932014e-06 0.9999999999887488888 0.4949806007240825645
0.999982190198961951 0.005968189288798933165 1.931992128221757587e-06 0.1165378265067322089 -0.005968189294779555412 0.9999821901959726755 3.104763428533317153e-06 -0.0002383400968828181996 -1.913427903982376813e-06 -3.116238628051495219e-06 0.9999999999933136818 0.4949787204293282228
0.9999118575482717208 0.0132769397992522839 2.482815267327448727e-06 0.2532268234736375634 -0.01327693980489573662 0.9999118575487013771 2.270516588303769033e-06 -0.007056986302775813437 -2.452450913847540264e-06 -2.303280648255982393e-06 0.999999999994339972 0.494980710230741805
0.9997148704426587207 0.02387839632661185527 2.630553727796217986e-06 0.4503444768871277537 -0.02387839632528874351 0.9997148704460090407 -5.33239312734488442e-07 -0.02399957633844208849 -2.642536578831467895e-06 4.702738659780033318e-07 0.9999999999963976594 0.4949748277728200918
0.9990763390841640446 0.04297055600896713956 8.351312378088106666e-07 0.7071000875946198416 -0.04297055600950601406 0.999076339084285836 6.384082334196773031e-07 -0.04567314028322210645 -8.069271029742107184e-07 -6.737046143156690749e-07 0.99999999999944722 0.4949700767655711431
0.997436531653681957 0.0715567279689400676 2.699092578888432627e-06 1.07569461057705773 -0.07155672797952862541 0.9974365316483324584 4.05478054899507215e-06 -0.06942083518816022369 -2.402026711766039713e-06 -4.237524480865543531e-06 0.9999999999881366008 0.4949821531656179441
0.9948542288287607338 0.1013166490690804306 2.275321360611526479e-06 1.476818606728665495 -0.1013166490506367118 0.9948542288077124596 -7.127012428291535497e-06 -0.1345338561462640359 -2.985698094609081622e-06 6.859810517430477268e-06 0.9999999999720140531 0.4949347829257721987
0.991209663275939179 0.1323004286835661736 8.81213283280284511e-07 1.942225387554155303 -0.1323004286393885953 0.9912096630787358142 -2.008496008349296483e-05 -0.2446595967668760974 -3.530715950759182051e-06 1.97918216261690418e-05 0.9999999997979086563 0.4948940970205261136
0.986924816118491588 0.1611812870969343559 4.635710723989505132e-06 2.541387479775309099 -0.1611812866905232011 0.986924815017192314 -4.823173891322428099e-05 -0.4279794772083634902 -1.2349151705703321e-05 4.685391023879130294e-05 0.9999999988261045747 0.4948353926691311244
0.9820908957710066112 0.1884077292272134385 3.657770231233708309e-06 3.234955223162280458 -0.1884077288595726041 0.9820908947545237133 -4.635158376333661074e-05 -0.6490840320586542811 -1.232525948213401136e-05 4.483231623658321882e-05 0.9999999989190754279 0.4948549768280893768
0.9775032856483485411 0.2109201899842096939 2.437311527113464231e-06 4.007449022482865608 -0.2109201895401828508 0.9775032842216027085 -5.46126941504013758e-05 -0.9379369191504481895 -1.390139984817678328e-05 5.287000976085846297e-05 0.9999999985057563823 0.4948130596163302086
0.9731901575281692862 0.2300019940867364665 2.941842831823465509e-06 4.847193425060373428 -0.2300019939160838356 0.9731901571660509509 -2.814205550879241314e-05 -1.214870833528998162 -9.335701372581992671e-06 2.671094171666104193e-05 0.9999999995996848856 0.4948698790795353908
0.9694652056020021114 0.2452289034820850089 5.125863158743182363e-06 5.739524004683451253 -0.2452289034364013298 0.9694652055925365719 -8.187396566716991569e-06 -1.49249387674351186 -6.977132263459165879e-06 6.680386294313777495e-06 0.999999999953345764 0.4949123403253190001
0.9683375164710390504 0.2496446558456337228 2.155870082188600013e-06 6.702971933080228872 -0.2496446555900156683 0.9683375158051646947 -3.770752454515521944e-05 -1.871642463880479612 -1.150109186765123972e-05 3.59754092261615704e-05 0.9999999992867472098 0.4948103735223862709
0.9693637849149816521 0.2456295024941488048 1.41803080587565404e-06 7.731319888138332708 -0.2456295022305287623 0.9693637841118468712 -4.109228533760828322e-05 -2.248523694213950819 -1.146806531179511533e-05 3.948506304467558516e-05 0.9999999991547063871 0.4948165013228046361
0.9700313780671687702 0.2429796813705439318 2.900151631978403284e-06 8.743635213832014585 -0.2429796813554602197 0.9700313780636508065 -4.750390581176541895e-06 -2.561677691509474553 -3.967486473961465487e-06 3.903350002395351228e-06 0.9999999999845112786 0.4948732314762009921
0.9719171411043753261 0.2353233324877976596 4.070343077849165884e-06 9.831366421589788018 -0.2353233323995145565 0.9719171410093218055 -1.558480407490763436e-05 -2.921711662334563808 -7.623504238226917016e-06 1.418929152406728744e-05 0.9999999998702728821 0.4948225942797285781
0.9739341641152958751 0.2268308708319620726 2.980931053905405806e-06 10.94102090551847617 -0.2268308707698337978 0.9739341640330861916 -1.404297181114582135e-05 -3.256304455191157299 -6.088610119016534505e-06 1.300076282592076826e-05 0.9999999998969543169 0.4948049466513091965
0.9762100744152679699 0.2168268677962816304 3.744736617145590211e-06 12.0639840071310509 -0.2168268678243525649 0.9762100743588092433 1.058685068934295641e-05 -3.543895637480531491 -1.360135936680709164e-06 -1.114694981078966341e-05 0.9999999999369475479 0.4948230981111009785
0.9788316261769595128 0.2046671629494959677 2.864622874556287863e-06 13.21996461094169106 -0.2046671629695432371 0.978831626081467121 1.367266996679522426e-05 -3.816399988728525816 -5.636894363342011037e-09 -1.396953601449214163e-05 0.999999999902425829 0.4948135805092289674
0.9821167468860431127 0.1882729280878100153 6.119717457398081076e-06 14.53015213849472609 -0.1882729280912651404 0.9821167469044470577 -1.170484427652111814e-08 -4.11927725023627378 -6.012480706538912566e-06 -1.140681601211903296e-06 0.9999999999812742013 0.494783137592786415
0.9855809096630666621 0.1692048180280686098 8.126670378322477684e-06 15.92004567299047224 -0.169204818084388281 0.9855809096632626165 6.826218448040976037e-06 -4.387259070053235455 -6.854462133679938696e-06 -8.102862370574879182e-06 0.9999999999436797182 0.4947949430663771686
0.9887991262647158885 0.149252430103608974 2.921376880596021598e-06 17.28082717885412478 -0.1492524301320832247 0.9887991260989729136 1.810546060287563782e-05 -4.606574442414191672 -1.863709134147548678e-07 -1.833868622350430644e-05 0.9999999998318287453 0.494814291778465587
0.9921107997331450878 0.1253641138490041163 3.734413004816563833e-06 18.72895139699831191 -0.1253641138877930883 0.9921107996479048285 1.31664744986639024e-05 -4.808658267989024182 -2.054348064383595639e-06 -1.353076292177538558e-05 0.9999999999063488021 0.494807212564549459
0.9942660983164843813 0.1069342121411173824 3.808666598639647325e-06 20.20562421371458228 -0.1069342121687283653 0.9942660982887273624 7.98727606072512684e-06 -4.988285776845011732 -2.932715006004784792e-06 -8.348754567212715862e-06 0.9999999999608485401 0.4947875212079446694
0.9963374676557964493 0.08550818969955595317 6.463129024749856502e-06 21.74946919147310709 -0.08550818977164852119 0.9963374676000967822 1.185050124707098163e-05 -5.130035779166789212 -5.426142696622601722e-06 -1.235974886612551803e-05 0.9999999999088965419 0.4947965892303629043
0.9980273254872232824 0.06278102854655570608 6.139142272125679615e-06 23.32037221388866044 -0.06278102860984735578 0.9980273254444835818 1.072626369244642375e-05 -5.245467186314686892 -5.453625875299390277e-06 -1.109052593206926654e-05 0.9999999999236288684 0.4947882685033944128
0.99913673037870121 0.04154267650069001783 6.288893132966719669e-06 24.9549807396096277 -0.04154267652843742636 0.9991367303878802009 4.347689210857790619e-06 -5.340654195295845952 -6.102849476218948431e-06 -4.605193435983968931e-06 0.9999999999707734899 0.4947729174447771383
0.9997249106391982165 0.02345427466804747216 7.033887053183823989e-06 26.65354832568059607 -0.02345427466769022321 0.9997249106639423122 -1.332811412819721556e-07 -5.410810338275960696 -7.035078118360158644e-06 -3.173024186885688445e-08 0.9999999999752531288 0.4947640310939379615
0.9999679205006716254 0.008009864311414307755 6.74593302237520405e-06 28.38911913747016058 -0.008009864307430209981 0.9999679205232675505 -6.174001001507790132e-07 -5.462247681463658466 -6.750661907401912477e-06 5.633462861275443676e-07 0.9999999999770553538 0.494759073130764615
0.9999228657684849919 -0.0124202458001018614 3.136576546589409157e-06 30.10212895618314732 0.01242024581954352148 0.9999228657535871312 -6.256875883523270745e-06 -5.485123676121286707 -3.058622672707115287e-06 6.295350315950752322e-06 0.9999999999755064817 0.4947541235705731344
0.9996913243049647679 -0.02484463893671541232 5.265225489398870813e-06 31.89403539108841201 0.02484463894311255555 0.9996913243180063358 -1.153061185220561596e-06 -5.467948951699096227 -5.234952853511334978e-06 1.283517889495984867e-06 0.9999999999854737309 0.4947536272528404999
0.9993411841781250082 -0.03629321638304459224 7.229709106451934638e-06 33.76397924987457344 0.0362932163578672598 0.9993411841987650535 3.583803180937735767e-06 -5.425482503436216852 -7.355013804174291835e-06 -3.319052717894741675e-06 0.999999999967443598 0.4947604623144751246
0.9990383685114740953 -0.04384447760796005011 5.239252715945352789e-06 35.56843821984917753 0.04384447760202804523 0.9990383685247006262 1.241826375194679911e-06 -5.378415512583881508 -5.28866171432685191e-06 -1.010919897493373186e-06 0.999999999985503818 0.4947330087278440369
0.9987283054277844574 -0.05041598873643165363 4.39391488405496881e-06 37.40490362265801139 0.05041598872112351692 0.9987283054319922027 3.527794760475335377e-06 -5.308679991941823495 -4.566184427273201955e-06 -3.301784919790449366e-06 0.9999999999841238107 0.4947288169404849278
0.9984570682834165156 -0.0555291164403551446 4.946828704804207547e-06 39.28117949642263795 0.0555291164555310468 0.9984570682903647354 -2.985072920868405745e-06 -5.240329067892179005 -4.773437624127578419e-06 3.255160184417122399e-06 0.999999999983308907 0.4947046848553750542
0.9987839618874996273 -0.04930108968602159997 5.857732722015694413e-06 41.17169652936114232 0.04930108972071644419 0.9987839618853373569 -5.933904896079242502e-06 -5.186752459642871571 -5.558061518290286392e-06 6.215481648057737535e-06 0.9999999999652376959 0.4946977473674323833
0.9990130363687712567 -0.0444179369027975085 6.984269291229565279e-06 43.11833676467098542 0.04441793694005030657 0.9990130363776167366 -5.272291633041751887e-06 -5.138244994820152733 -6.743191754420604827e-06 5.577314905896865712e-06 0.9999999999617112945 0.4946897373795530739
0.9990485264460134962 -0.043612403226844218 9.646802171016056408e-06 45.16944281869728428 0.04361240339953385836 0.9990485263141232197 -1.848046283190715099e-05 -5.10473649850695832 -8.831646095753631779e-06 1.888359938805501969e-05 0.9999999997827055953 0.4946738986824488205
0.9991807719711164326 -0.04046955496047904138 6.836464209509015743e-06 47.12881841591314469 0.04046955506144313958 0.9991807718726742893 -1.533911113236025874e-05 -5.077440425887942865 -6.210096584721194713e-06 1.560321356733477595e-05 0.9999999998589870209 0.4946615032054005323
0.9991628761140993742 -0.04090900828579045745 6.221464819724309761e-06 49.17565000835432443 0.04090900826876642943 0.9991628761301312167 2.839467151686509658e-06 -5.016556187663079314 -6.332416468253739466e-06 -2.582576210156673935e-06 0.9999999999766151504 0.494678322102862722
0.9991899674510537066 -0.04024187988267969446 7.134619618424108618e-06 51.18736597973403946 0.04024187992319861601 0.9991899674590349889 -5.629576689479395127e-06 -4.984627442767862071 -6.902295595437424094e-06 5.912127055106438265e-06 0.999999999958702368 0.4946373052042859486
0.9991357650054004669 -0.0415658872719069164 1.022764796913512883e-05 53.25273580481039204 0.04156588744735056906 0.9991357648957021054 -1.758485698249475024e-05 -4.956216896103524228 -9.487878693698856324e-06 1.799478079805162843e-05 0.9999999997930837381 0.4946003473494556824
0.9991957252802905476 -0.04009865863895391291 1.261678498039289813e-05 55.34368995256821222 0.04009865904482153715 0.9991957247735501202 -3.375351036232760159e-05 -4.954531375081470124 -1.125316712291035973e-05 3.423227942641234045e-05 0.9999999993507584506 0.4945395324409649351
0.9992435309465553805 -0.03888914671257130695 1.147437735785046313e-05 57.39585006163695624 0.03888914700519836842 0.9992435306499589664 -2.648858746037484829e-05 -4.940351647936594759 -1.043557877911314992e-05 2.691477841155418479e-05 0.9999999995833465105 0.4945462976418197876
0.9993508735944532928 -0.0360254252872875963 1.345755257946906117e-05 59.53525178010378482 0.03602542570457463456 0.9993508731521848487 -3.217145600835964075e-05 -4.940569168408253553 -1.228982653597140011e-05 3.263538672737681525e-05 0.9999999993919456154 0.494510260265133339
0.9994526788734083844 -0.0330808489735725797 1.123332330883475938e-05 61.63867317299313697 0.03308084920772328547 0.9994526787009478941 -2.134076150059342999e-05 -4.929089185903895221 -1.052120456354648098e-05 2.170068912544779907e-05 0.9999999997091919557 0.4945069412253121355
0.9995296990588758979 -0.03066562613887667196 8.661200872473174588e-06 63.68187074136493919 0.0306656262149755561 0.9995296990553778071 -8.794432147638079093e-06 -4.912160063847400338 -8.387440733178122348e-06 9.055897266450455525e-06 0.9999999999238206039 0.494512486610464097
0.9995534863170738582 -0.0298802262448667165 8.554026892502994742e-06 65.70960127182290478 0.02988022634324722857 0.9995534862832617939 -1.161404788457934401e-05 -4.911426421486642546 -8.20317702375222355e-06 1.186445831297891941e-05 0.9999999998959709924 0.4944845288840440389
0.9995352072315538683 -0.03048556051405101538 1.034172826604402905e-05 67.72072811112923318 0.03048556071434664963 0.9995352070828951163 -1.979692998368221744e-05 -4.917167745099296106 -9.73340099698539458e-06 2.010300189873412383e-05 0.9999999997505648608 0.4944502351333980306
0.9994579908545855318 -0.03291997014172383385 9.220399146757383751e-06 69.6916961010586391 0.03291997021264466555 0.9994579908655145672 -7.648540079791708916e-06 -4.901489306699325255 -8.96361189514173369e-06 7.947929766379328821e-06 0.999999999928241845 0.494459265063222464
0.9994919229876342293 -0.03187312118813595552 5.517245592115417225e-06 71.65489185854313803 0.03187312111492533739 0.9994919229221508328 1.288437816212273933e-05 -4.869581569908111973 -5.925107752692289756e-06 -1.270198006878166891e-05 0.9999999999017761265 0.4944710359508068254
0.9994927072243435795 -0.03184851790928454329 1.070360350626654783e-05 73.681417778436753 0.03184851801305485508 0.9994927072315866745 -9.668423087770848306e-06 -4.870872105719703526 -1.039024869974642556e-05 1.00044122756603825e-05 0.9999999998959769876 0.4944239007617429182
0.9994856288047772042 -0.03206988764759890337 1.101008912576370617e-05 75.68706137798116629 0.03206988778840193233 0.9994856287781762605 -1.285944856125420596e-05 -4.855230653855315381 -1.059202478219818611e-05 1.320592635413140842e-05 0.9999999998567060677 0.494401337373657157
0.9994885922738049322 -0.03197739513427909352 1.082526467228656321e-05 77.65614433536822503 0.03197739536147900519 0.999488592093718764 -2.150916304517307628e-05 -4.852631563785755553 -1.013192154064243058e-05 2.184432686132615188e-05 0.999999999710084575 0.4943656030390672362
0.999706603697591456 -0.02422202499094557038 5.567509209001612227e-06 79.58822351711884835 0.02422202498600755857 0.9997066037127604332 9.526706973315616312e-07 -4.828135764928167539 -5.588951335909427459e-06 -8.175348401012818173e-07 0.9999999999840474274 0.4943871305115161152
0.9999828081586914497 -0.005863730167861510439 7.603210807868636764e-06 81.51193928285414358 0.005863730149726581117 0.9999828081848100014 2.405272107890405068e-06 -4.84148063969241349 -7.617183961494531128e-06 -2.360647580385201906e-06 0.9999999999682026575 0.4943634729755853607
0.999726387107651937 0.02339125580128048609 8.657536177463105902e-06 83.46275967767586224 -0.0233912558816759715 0.9997263870999595348 9.304430315371524084e-06 -4.893626744751166768 -8.437525054290294008e-06 -9.504395147313235621e-06 0.9999999999192370481 0.4943597845058860241
0.9982005954225242617 0.05996308231279314643 7.739494360062982035e-06 85.37525132334175737 -0.05996308238004163099 0.998200595409956204 8.770743916526963977e-06 -5.016128866499123262 -7.199647038975746612e-06 -9.219045737668012908e-06 0.999999999931586947 0.4943392318937911978
0.9942199729619497495 0.1073622153974904125 8.409235959002040917e-06 87.2440644899002109 -0.1073622154866904904 0.9942199729271329334 1.099060094863407268e-05 -5.212231531169668308 -7.180655081101777496e-06 -1.182990918109534729e-05 0.9999999999042454846 0.4943303482235920643
0.9857780779129341475 0.1680523163694502276 8.448424658652324378e-06 89.08940991771359563 -0.1680523164892475385 0.9857780777928428773 1.636698295933866905e-05 -5.511825402400236662 -5.577762422087762397e-06 -1.755399033746203019e-05 0.9999999998303727988 0.4943355022743393667
0.9738665295164146141 0.2271210748297481652 7.620163363547636116e-06 90.90101955282854362 -0.2271210748877038055 0.9738665295009234502 7.868524545255713021e-06 -5.93463636002233752 -5.633914297045487415e-06 -9.393592385251747461e-06 0.999999999940009543 0.4943077614097892702
0.9568669060918238989 0.2905266321130089979 7.846380753301428445e-06 92.67541311733911868 -0.2905266321187702783 0.9568669061221526384 -4.203850674968662117e-07 -6.472274410976608827 -7.630075133518411602e-06 -1.87733001567527218e-06 0.9999999999691285835 0.4942842703876643706
0.9372812663414950007 0.3485739917723351122 5.236072911056303371e-06 94.37074202922590871 -0.3485739916948702444 0.9372812663105601905 -1.180719349323059563e-05 -7.120220259574322696 -9.023353616133001284e-06 9.24150243386195956e-06 0.9999999999165866127 0.4942547306719464739
0.9135577760578050821 0.4067089742993784673 5.558535531453175806e-06 96.03895984289216869 -0.4067089741854456042 0.9135577760047975948 -1.484665480986069512e-05 -7.880476954113770915 -1.111631110745338575e-05 1.130257066602358574e-05 0.999999999874339518 0.4942412241681392038
0.8813258357387411257 0.4725090170413176471 8.734411529646141686e-06 97.65842280561342648 -0.4725090170352309604 0.8813258357805868748 -2.877908334429778547e-06 -8.737746668151974205 -9.057700179653414369e-06 -1.590713238233474495e-06 0.9999999999577136034 0.4942577855962574374
0.8475613261058431158 0.5306974640683934652 1.110465497253672782e-05 99.21595283632080964 -0.5306974641325219455 0.8475613261302318291 3.729049173069913432e-06 -9.705676866797137592 -7.432879155207359914e-06 -9.053810096232877121e-06 0.9999999999313902155 0.4942529227025846406
0.8085956176461774891 0.5883647908433348173 4.637703802385976507e-06 100.6536316954972534 -0.5883647908182070285 0.8085956176571509335 -5.773257280592920835e-06 -10.7770315898441531 -7.146808282982021297e-06 1.939568909063694981e-06 0.9999999999725804889 0.4942157176168341381
0.7674052970738346469 0.6411623117620116608 1.115780268519540121e-06 102.0357092088873259 -0.6411623117252644999 0.7674052970464041445 -9.511445580917561848e-06 -11.95701562189205269 -6.954636125261429886e-06 6.583737465284230396e-06 0.9999999999541434592 0.4941924268979441814
0.7255302972873672873 0.6881902264047924378 -1.121436956386008357e-06 103.3581532390273878 -0.6881902263642208917 0.7255302972247753557 -1.216240282209894624e-05 -13.24264710270298551 -7.556410263480974788e-06 9.595953688114655902e-06 0.999999999925409 0.4941739415915157863
0.6815263700480245213 0.731793554794225698 -9.645022732579033273e-06 104.5734013569413605 -0.7317935547737903779 0.6815263697109100738 -2.413378948047873373e-05 -14.61089158803759069 -1.108761426586123676e-05 2.350597941148190487e-05 0.9999999996622667142 0.4941359849332936371
0.6305136271974420836 0.7761781792070995278 -6.580992360337341453e-06 105.7236269381000682 -0.7761781791649526863 0.6305136270039697344 -1.878058049715618959e-05 -16.06876452622379858 -1.042767141233334069e-05 1.6949434597480592e-05 0.9999999998019899472 0.4941309749500967796
0.5819914701129588197 0.8131948897004037669 -9.117987016979267606e-06 106.7938581424934057 -0.8131948896756303613 0.5819914698688745114 -2.018758797108242069e-05 -17.63456692459892139 -1.110985270720449133e-05 1.91637044476612343e-05 0.9999999997546615838 0.4941132297286013331
0.533542881006489389 0.8457730156927458776 7.45154861468305509e-06 107.8264020608305884 -0.8457730157027756324 0.5335428810360871577 -2.64129267832976722e-06 -19.28534706638052043 -6.209654789936600993e-06 -4.893075838318918514e-06 0.9999999999687486651 0.4941308268067250986
0.4829067403040697704 0.8756717875988883071 2.396868070822596008e-05 108.7820029482074915 -0.8756717879258807402 0.4829067401647851865 1.167667028344718282e-05 -21.011805264638582 -1.349706726550962761e-06 -2.662744027418167627e-05 0.99999999964457853 0.4941476600154777743
0.4344482090123058526 0.9006968154537661198 1.787950469980027237e-05 109.6498753979472127 -0.9006968156189439911 0.4344482090244535244 3.401653278131570583e-06 -22.8421155471593913 -4.70386052018155634e-06 -1.758185512231915249e-05 0.999999999834375819 0.4941171992445793082
0.4009917971394774683 0.9160816439857968341 1.346715244146010168e-05 110.4509766472477708 -0.9160816440640126013 0.4009917971860561536 -8.395258234940040568e-07 -24.73021074703525812 -6.169291857034588546e-06 -1.200036818072559605e-05 0.9999999999089652647 0.4940943229743586795
0.3781397961421605891 0.9257485050316167641 2.743063093497597442e-06 111.1751142356351494 -0.9257485050183736908 0.3781397961515496897 -4.994335066060693003e-06 -26.62313748094902977 -5.660759540038688501e-06 -6.508297142306420754e-07 0.9999999999837659859 0.4940617227657099764
0.36211927397862953 0.9321317671784133951 5.680756404327742173e-06 111.895421185812225 -0.9321317671822051398 0.3621192739994752996 -3.178803655469489379e-06 -28.5715973625643862 -5.020175253789008368e-06 -4.144107434258422471e-06 0.9999999999788118377 0.4940664417074688286
0.3555654003491231507 0.9346514034686288497 8.421561451292026469e-06 112.6279556846897378 -0.934651403479338172 0.3555654003931110752 -4.429757651656253319e-06 -30.59062413030797245 -7.134695075510254855e-06 -6.296155677076836908e-06 0.9999999999547271035 0.4940597866962717077
0.3544516494289874364 0.935074343651444928 8.007616519655543036e-06 113.3457140109762236 -0.9350743436678902176 0.3544516494621289815 -3.142104613875356521e-06 -32.59897323793261137 -5.776414293155778196e-06 -6.373992598394510595e-06 0.9999999999630022618 0.494045208188585272
0.3635054577634398432 0.9315920685461984707 4.8967793087955799e-07 114.0641310199512759 -0.9315920685273527679 0.3635054577593406222 -6.191361685241627535e-06 -34.59401797337879003 -5.945824039890946901e-06 1.794413687032498662e-06 0.9999999999807135387 0.494016738472258965
0.3682179710405567574 0.9297394935139808858 2.318273895164671424e-06 114.8182000401868237 -0.9297394934955069967 0.3682179710478545864 -5.861054008333809454e-06 -36.62686342403358708 -6.302883495177108013e-06 2.754618033540872611e-09 0.9999999999801365558 0.4940112910082231634
0.3746609807349293719 0.9271618787567222908 9.862981258379795852e-06 115.6207959595113124 -0.9271618787766664482 0.3746609807896829625 -4.389465399242409417e-06 -38.70649503417455151 -7.765019218074056329e-06 -7.500018822476262978e-06 0.999999999941726947 0.4940079067089269693
0.3835928977835927345 0.9235022948529494347 1.317401073999817632e-05 116.4249542465285003 -0.9235022949196243225 0.3835928978428956859 -2.215759698448964043e-06 -40.74362326996872952 -7.099716122329631141e-06 -1.131627946816395935e-05 0.9999999999107676008 0.4939924410569352942
0.3946557973000949793 0.9188290383079229517 4.668655260382494452e-06 117.2325160960086521 -0.9188290382989614535 0.3946557973202641789 -4.726998991773477515e-06 -42.76380445648035078 -6.18581580189344629e-06 -2.424158467111528637e-06 0.9999999999779292104 0.493964121379010801
0.4074734007323823071 0.9132170758835698177 3.533037271452972134e-06 118.0680985805502985 -0.9132170758694507784 0.407473400746191261 -5.197689966987000523e-06 -44.76658988587314525 -6.186237944963223585e-06 -1.108509559173290348e-06 0.9999999999802505757 0.4939529668641848281
0.4250356656959387025 0.9051766031054735429 -8.89262705239935621e-06 118.9269199010188629 -0.9051766031091373899 0.4250356655642584802 -1.357878482540727867e-05 -46.79185809111040584 -8.511514664731026272e-06 1.382086579561616629e-05 0.9999999998682687075 0.4939083968374179401
0.4411598850246087888 0.8974285240860248036 -2.021333914566852678e-06 119.8305063716824463 -0.8974285240583159684 0.4411598849903374253 -9.168276961486443953e-06 -48.77262340234480575 -7.336141824681303372e-06 5.85867872178187887e-06 0.9999999999559282537 0.4939121186431724153
0.4597054040972280431 0.8880714731511601956 -4.600556875625522817e-06 120.7218402348644304 -0.8880714731428268616 0.4597054040455938462 -9.134520262642692578e-06 -50.68182003789202383 -5.997206008830050496e-06 8.284811650386595557e-06 0.9999999999476973933 0.4938881308585543195
0.481537435923560686 0.8764255232458086908 -3.115387912564113827e-06 121.6771637130514989 -0.876425523232214676 0.4815374358865204263 -8.319030823733784637e-06 -52.58248883079895108 -5.790835035380912232e-06 6.736330253570155387e-06 0.9999999999605437839 0.4938782259044370293
0.504376001771508875 0.8634841335174424648 1.688536116450715493e-06 122.6908234169663672 -0.8634841334941781854 0.5043760017708462939 -6.610303580019136077e-06 -54.45155245913209541 -6.559549354341156638e-06 1.876054344798872456e-06 0.9999999999767262837 0.4938758637261975171
0.5291028627680492979 0.8485576943328742017 1.167853889073464853e-06 123.7120872611987181 -0.8485576943118203763 0.5291028627637975879 -6.449325898798205683e-06 -56.23520326331804142 -6.090539950684103446e-06 2.421365392572981416e-06 0.9999999999785209592 0.4938603163381308225
0.5531808174682135704 0.8330612121262713776 6.175679151519682115e-06 124.8255955594791686 -0.8330612121113054602 0.5531808174985485271 -5.432557694334632583e-06 -58.02483931476562162 -7.941920339434713739e-06 -2.13953205328024014e-06 0.9999999999661739469 0.4938496540637608012
0.5773596032969913194 0.8164899806240187852 4.854158982091741832e-06 125.9437832058036122 -0.8164899806091122647 0.5773596033164405394 -5.044433130109257978e-06 -59.71865110926864872 -6.921324412997493267e-06 -1.050920262303554149e-06 0.9999999999754951574 0.4938277552160409423
0.6000999349331382904 0.799925039047687414 -1.778136010403608703e-07 127.0968165787135433 -0.799925039028273388 0.6000999349169949815 -7.103963604516477265e-06 -61.37685983126716849 -5.575932433324516606e-06 4.40532564858968979e-06 0.9999999999747508639 0.4938040558976343752
0.6216623931894138533 0.7832853048982516553 5.166816208442135689e-06 128.3216666202333442 -0.7832853048768418924 0.6216623932107320227 -5.807814184888820789e-06 -63.01483034504087755 -7.761190834023172185e-06 -4.365915436947955099e-07 0.9999999999697863906 0.4938015668751231657
0.6420319776485461372 0.7666778591288445632 7.353229559442366699e-07 129.5314701740835801 -0.7666778590985744435 0.6420319776311789184 -8.322026072654869792e-06 -64.571167180837449 -6.85241398459994723e-06 4.779251027860008265e-06 0.9999999999651013605 0.4937824309953801616
0.6531759797776615084 0.7572061406456425114 3.500854819610070314e-06 130.7860936768664715 -0.7572061406286242358 0.6531759797866724115 -5.124162048567592091e-06 -66.09899551943696849 -6.166721245728438656e-06 6.961107997545860683e-07 0.9999999999807432927 0.4937758410191035452
0.6608203130099378209 0.750544145211208269 2.203896186612396049e-06 132.0115515337395777 -0.7505441451953018817 0.6608203130112070278 -5.201585408192329734e-06 -67.57404715929736483 -5.360398841816216076e-06 1.783191918109394349e-06 0.9999999999840429865 0.4937593187973884912
0.6722570802085490183 0.7403177818340154204 3.474507230392348744e-06 133.2714443287674726 -0.7403177818076511763 0.6722570802151220937 -6.501562978062374549e-06 -69.04380521741522614 -7.148984768263184453e-06 1.79848225874550147e-06 0.9999999999728285127 0.493749113356101943
0.6816298361446533338 0.7316971822179569873 3.734604294243345269e-06 134.5252868972458486 -0.7316971822001232528 0.6816298361544251838 -5.169495276668390765e-06 -70.45880319042095152 -6.328122840614004311e-06 7.910827796556984048e-07 0.9999999999796642669 0.4937363947080923299
0.6886933261288121777 0.7250527583645477447 1.165447824989342171e-05 135.7862767463199418 -0.7250527584403403392 0.6886933261357316427 4.048304676957033174e-06 -71.81180591683229864 -5.091126917567847044e-06 -1.123815201642454544e-05 0.9999999999238919912 0.4937652641897983807
0.6970014192314805124 0.7170697466174719148 8.802795217029181699e-06 137.0205922741342022 -0.7170697466517249596 0.6970014192509144113 1.12906476228527878e-06 -73.1250269967719646 -5.325942576637881433e-06 -7.099177877819224691e-06 0.9999999999606177248 0.4937405333595361046
0.7044552231044370894 0.7097484333337994444 4.82987241303290289e-06 138.2244832991071064 -0.7097484333301823378 0.7044552231193762504 -2.722880410622780226e-06 -74.39006082784455032 -5.33498895395602471e-06 -1.509847051182798849e-06 0.9999999999846289622 0.4937067635007689193
0.710859911697670932 0.7033336234737932458 5.885292807832264992e-06 139.4226634357608816 -0.7033336234625683359 0.7108599117210364637 -4.148153707979055994e-06 -75.62135651734304531 -7.101154703987256277e-06 -1.190568137108502185e-06 0.9999999999740778467 0.493695542134833687
0.718915910405966696 0.6950970534546088153 6.790686547054330026e-06 140.5761991456934652 -0.6950970534615389385 0.718915910429407834 -1.665773250741809171e-06 -76.77416397304003226 -6.039806679730433304e-06 -3.522635316751423838e-06 0.9999999999755556646 0.4936847528851285305
0.7326263086188382623 0.6806310982450105573 4.853662937028404747e-06 141.6974354964626173 -0.6806310982401136966 0.7326263086339110941 -2.852822920315405161e-06 -77.86456039607708135 -5.497641158261160697e-06 -1.21350081006308943e-06 0.9999999999841514553 0.4936636525912941331
0.7529979088940784715 0.6580229093248238792 2.659338784499556922e-06 142.791073791961594 -0.6580229093053576728 0.7529979088946197052 -5.645839447435175733e-06 -78.88194845680239098 -5.717568242552677881e-06 2.501399454065415319e-06 0.999999999980526022 0.4936458221505405919
0.7840465404339610478 0.6207020399534841637 5.775203480490656662e-06 143.9149151065151386 -0.620702039951110951 0.784046540453401053 -2.411542759393424261e-06 -79.82070588971257052 -6.024877819483694582e-06 -1.693918823862323992e-06 0.9999999999804155548 0.4936470970886148169
0.8199075113253664338 0.5724960024603299447 6.43573306297315354e-06 145.0193969241567231 -0.5724960024809966352 0.8199075113340915655 1.856768644581138427e-06 -80.63547213196068242 -4.213713252756465003e-06 -5.206810010072406447e-06 0.9999999999775666115 0.4936389170547720306
0.8607675060756971863 0.5089983304912626405 6.600341347368531644e-06 146.0971436018143947 -0.508998330520083031 0.8607675060757835617 3.751883603610476495e-06 -81.3071769817529173 -3.77165687038801379e-06 -6.589062219239349916e-06 0.9999999999711791654 0.4936322819127624828
0.9045459977970085053 0.4263760521051158103 7.931114387353441396e-06 147.2068071541105212 -0.4263760521424970751 0.9045459978063353779 3.761924035372703369e-06 -81.86214554186693704 -5.570063458703242798e-06 -6.784470571783072731e-06 0.9999999999614724855 0.4936229506302648451
