0.9999727208254474142 0.007386311999347235611 0 -0 -0.007386311999347235611 0.9999727208254474142 -0 0 -0 0 1 0.4949999999999998845
0.9999869547854695062 0.005107857179795829636 7.493094201881242831e-06 0.00687234972603400357 -0.005107857237881737247 0.999986954783188664 7.753382136144274864e-06 0.001192773230303344808 -7.453393284231103901e-06 -7.791554647064073371e-06 0.9999999999418690555 0.495016322374907336
0.9999801855544377949 0.006295117208671475312 2.715086430464201863e-07 0.02045933509346509888 -0.006295117211941946879 0.9999801854497096798 1.447358841988715799e-05 0.006825135923728709378 -1.803903276921287904e-07 -1.447501081248935142e-05 0.9999999998952205926 0.4950340621065759117
0.9999937846849279444 0.003525704647635215586 6.956270242242017268e-07 0.00999729339187976733 -0.003525704646359450068 0.9999937846835059707 -1.82672951921832682e-06 0.003233754575536856597 -7.020632094379373901e-07 1.824265590087384108e-06 0.9999999999980893062 0.4949998337724640374
0.9999990511001559668 0.00137760074051379057 4.149705572803569719e-06 0.01838788770086653701 -0.001377600706629204027 0.9999990510755413231 -8.157355453845350005e-06 -0.005731432295239810744 -4.160939213960363513e-06 8.151631076002609374e-06 0.9999999999581185017 0.4949966031903856312
0.9999985601373125865 0.001696971607001322713 3.591527994315267307e-06 0.02201395649905439969 -0.001696971606994280603 0.9999985601437620941 -5.002134390391478824e-09 -0.005145152102110503271 -3.591531311511317386e-06 -1.092593844022286282e-09 0.9999999999935502704 0.4950168458440116215
0.9999999836411374021 -0.0001808025063316651073 5.514619033832677866e-06 0.0327389898872837426 0.0001808024875944427487 0.9999999836505728545 3.398049879846318583e-06 -0.00595585119595114492 -5.515233319606780095e-06 -3.397052767418561675e-06 0.9999999999790208927 0.4950176208169644876
0.9999988542066537978 0.001513789885436386731 5.272090862386786569e-06 0.02632036214719150197 -0.001513789936794422177 0.9999988541729308844 9.751168702937033681e-06 0.002825172821338900898 -5.257323600928727262e-06 -9.759138368206137041e-06 0.9999999999385597027 0.4950245448899667777
0.999997501807837863 0.002235254123204024994 4.395503911795295319e-06 0.03491748321658035004 -0.002235254209253429141 0.9999975016238467074 1.967020844203127422e-05 0.02626672226772370361 -4.35152501564897417e-06 -1.967998437069131556e-05 0.9999999997968810339 0.4950485205600830829
0.9999999691811438662 0.0002481808917630091657 6.796252396212342004e-06 0.03520818208779543518 -0.0002481809173594496602 0.999999969197141847 3.765677062759281834e-06 0.02706047914803947144 -6.795317617776764611e-06 -3.767363646859816975e-06 0.9999999999698151454 0.4949982749507010893
0.9999996449701447077 0.0008426322376270814832 5.720943293953137339e-06 0.02161510217354932137 -0.0008426322135450976802 0.9999996449776652474 -4.210545211425059304e-06 0.02503331316399858356 -5.724489204023617192e-06 4.205723065444464813e-06 0.9999999999747708479 0.494992219311893189
0.999999273246293674 -0.001205604932728529489 5.085578431027150226e-06 0.0172884565838589202 0.001205604961222896945 0.9999992732434905829 -5.603631102946188714e-06 0.01683914474866930397 -5.078818969750971012e-06 5.609758229073694456e-06 0.9999999999713679033 0.4949936470223029739
0.9999999565836624749 -0.0002946109998837847101 6.266139462212678353e-06 0.03586401999208829044 0.0002946109756831690775 0.9999999565958415104 3.862701223530867922e-06 0.02245046003034600543 -6.267277184505936529e-06 -3.860854982365721006e-06 0.9999999999729073386 0.4950109011810210902
0.9999997425658800898 -0.0007175245912791255792 5.37281206647252493e-06 0.0285025876655012958 0.0007175245959203026703 0.999999742579938844 -8.619444650808196469e-07 0.013455843578983313 -5.372192217052910793e-06 8.657993679938013806e-07 0.9999999999851947319 0.4949989795042883389
0.9999999122825579123 -0.000418796271119294258 6.840489626268116676e-06 0.03548324150767996621 0.0004187962455655649323 0.9999999122989834399 3.736666387371087554e-06 0.01733202219467320365 -6.842053928299633512e-06 -3.733801288227028709e-06 0.9999999999696222996 0.4950048425047828826
0.9999999975568439892 6.965411684764467263e-05 6.0702951421314829e-06 0.03008738320343146491 -6.965410003625778176e-05 0.999999997571433985 -2.769615200971182778e-06 0.006236262781494792719 -6.07048804249017646e-06 2.769192373259562515e-06 0.9999999999777401394 0.4949925860841113967
0.9999999025040837708 0.0004415433896176566841 5.787112155281066052e-06 0.02664874554650132482 -0.0004415433595372705855 0.9999999025073323944 -5.198066965095329072e-06 -0.005302584848290946978 -5.78940676318730447e-06 5.195511197361954458e-06 0.9999999999697445352 0.4949824055027392533
0.9999949353184890422 0.003182655874065066365 6.417985059972468696e-06 0.03584512596262515866 -0.003182655854187266872 0.9999949353343271508 -3.105037502521840277e-06 -0.01613068057289885823 -6.427834820870396016e-06 3.084595538772698805e-06 0.9999999999745838863 0.4949893544907503773
0.9999979149560279668 0.002042071588713652817 5.427318708354710506e-06 0.0445007448946168685 -0.002042071581051480272 0.9999979149697676428 -1.416941246633968004e-06 -0.02785404882881150138 -5.430200887693742484e-06 1.405855318953562243e-06 0.9999999999842680287 0.4949986910323900258
0.9999976598299205044 0.002163405094447235378 3.913123616270176376e-06 0.02699730569523244028 -0.002163405143120879053 0.9999976597596283989 1.247740345186611754e-05 -0.01650280313845871663 -3.886120780427147218e-06 -1.248583992437697576e-05 0.9999999999145007257 0.49502845842362031
0.9999987184300456189 0.001600973337159870879 4.98723375532109497e-06 0.02501940317356795077 -0.001600973391743091417 0.9999987183823347836 1.095989463118497293e-05 -0.01038933349574538631 -4.969680864511792633e-06 -1.096786501385389951e-05 0.9999999999275038798 0.4950229793288999924
0.9999989432534593936 0.001453773826485969941 5.988185612703014913e-06 0.02174653109664739445 -0.001453773870337300277 0.999998943244496008 7.325146592996984033e-06 -0.001653562568962999458 -5.977530178262808848e-06 -7.333844319948166486e-06 0.9999999999552416918 0.4950149037004170638
0.9999993444137703635 0.001145052734852339054 5.338191729254328363e-06 0.02125669638778618364 -0.001145052754234756167 0.9999993444214105853 3.629258448027844265e-06 0.003154000689065607644 -5.334032537338788467e-06 -3.635368579878106359e-06 0.9999999999791658878 0.4950112442172412419
0.9999996628830486456 -0.0008210982614369378855 5.802305297260480804e-06 0.02715954599674204328 0.0008210982309653371653 0.9999996628861147485 5.252073013437308198e-06 0.011642444392938614 -5.80661580924311252e-06 -5.247306980259323423e-06 0.9999999999693742758 0.4950143989834847602
0.9999998768520705905 0.000496272817333266573 3.371474991494668353e-06 0.01905680940073513005 -0.0004962728254836925451 0.9999998768548288286 2.417066160541135651e-06 0.01609499897884395653 -3.370275052080646297e-06 -2.418739034304500041e-06 0.9999999999913952164 0.4950063674170960826
0.999999012286167055 0.00140549314367528007 4.236286393299684151e-06 0.02738286548043285945 -0.001405493180300583555 0.999999012257633324 8.655078917323062612e-06 0.02891041416625675028 -4.224117554863800676e-06 -8.661024440217508208e-06 0.9999999999535714723 0.4950174599093515315
0.9999964048101943614 0.002681480799364024167 5.444357934274914706e-06 0.01935924547909276261 -0.002681480793073183922 0.9999964048243562553 -1.162446059548832015e-06 0.02382312700957189833 -5.447455437640837984e-06 1.147842939103296363e-06 0.999999999984503618 0.4949834474450600097
0.9999928098491281947 0.003792124997267743228 6.346889120217043387e-06 0.01724089717371115812 -0.003792124941833839233 0.9999928098314310176 -8.723387715758115451e-06 0.01128387928727883627 -6.379923661632138004e-06 8.699256796748519054e-06 0.9999999999418095475 0.494966751182212894
0.9999909638244411925 0.00425114844555172719 2.931122064093520247e-06 -0.007869751894392304492 -0.004251148433398061963 0.9999909638202177931 -4.140250381741073664e-06 0.006034464554544337334 -2.948696396922210387e-06 4.127752334740833428e-06 0.9999999999871331813 0.4949879493419830911
0.9999924722813940958 0.003880123224042541542 5.152066942594262137e-06 0.006229654396653062226 -0.003880123230122820618 0.9999924722939573796 1.170696636343169622e-06 0.00266365870487498017 -5.147485712141848479e-06 -1.190678478295321164e-06 0.9999999999860426092 0.4950001228347106763
0.9999939079557684796 0.003490563550930755356 4.436142275341499026e-06 0.003288923222241077991 -0.00349056353554411114 0.9999939079596363856 -3.471491522824483746e-06 -0.01051398479164853544 -4.448232711960700324e-06 3.455985737879702862e-06 0.9999999999841344689 0.4949896343958841705
0.9999965142026482345 0.00264037388886056686 3.242245812560468374e-06 0.003163380197484008238 -0.002640373905353433394 0.9999965141948906622 5.093171599204698848e-06 -0.009080539338824904216 -3.228786633421479371e-06 -5.101714586678818107e-06 0.9999999999817734686 0.4950105744495350568
0.9999956395094616868 0.002953123129716503804 5.298680023652089838e-06 0.02208681389161015404 -0.002953123163537861411 0.9999956395030057399 6.386552377679744275e-06 -0.006810554005739276155 -5.279796643228195376e-06 -6.402172183892476984e-06 0.9999999999655677652 0.4950110447046011664
0.9999909225663667911 0.004260841280671336453 4.322049597610125138e-06 0.01545667675496536185 -0.004260841295819556805 0.9999909225695112758 3.501742735689976505e-06 -0.008203644056886215744 -4.30708999450277307e-06 -3.520126516260824338e-06 0.9999999999845285981 0.4950061380286533419
0.999996746190071395 0.002550999754110403438 3.428826588064821727e-06 0.009210606717740947927 -0.002550999760776254035 0.999996746194048991 1.941102167346576934e-06 -0.008389499171002644251 -3.423863680176875213e-06 -1.949842787174945596e-06 0.9999999999922374316 0.4950129340225420949
0.9999911624274837596 0.004204169970053861678 4.901557739120999413e-06 0.02213292245684746543 -0.004204169993900188501 0.9999911624275623634 4.86494469228706679e-06 -0.002349660281437953181 -4.881061366868067726e-06 -4.885508679955813044e-06 0.9999999999761532976 0.4950105533685475456
0.9999893630675532608 0.004612343817522831201 6.204083083056222836e-06 0.03394364707041384183 -0.004612343841224464738 0.9999893630794257637 3.811464615717632912e-06 -0.002719262762704893234 -6.186437305461284698e-06 -3.840039437824471685e-06 0.9999999999734908718 0.4950051117169182446
0.9999932554515085226 0.003672741213082814614 5.070328056792787789e-06 0.02659554285932273429 -0.003672741216763716118 0.9999932554640922344 7.168532492257295127e-07 -0.007148781314700675994 -5.067661043310997486e-06 -7.354704172108230443e-07 0.9999999999868887102 0.4949924382220546315
0.9999879954428617657 0.004899893671413470611 3.795863071166373709e-06 0.01355549561254192591 -0.004899893675697234059 0.9999879954494178547 1.120063968567480556e-06 -0.007158662563206526219 -3.7903293091849423e-06 -1.138649848151890133e-06 0.9999999999921682647 0.4949983852443842203
0.9999870740677462289 0.005084453364999832505 5.799935516455188545e-06 0.02768511590241663073 -0.005084453340010337656 0.9999870740753825649 -4.315216352933042174e-06 -0.01784257361410545098 -5.821801063232326781e-06 4.285671073230270031e-06 0.9999999999738695688 0.4949848224964474297
0.9999683267155202726 0.007958991775700943044 4.231928373676797528e-06 0.02542561572188608079 -0.007958991798945620061 0.9999683267091399319 5.504522241476354477e-06 -0.01032323087708967094 -4.187983887329472168e-06 -5.538029778397275798e-06 0.9999999999758952818 0.4950062080186810598
0.9999683978784009719 0.007950045601563770353 4.655079247947757353e-06 0.0249917030726421116 -0.007950045617544053422 0.9999683978832453191 3.424493264022860271e-06 -0.01110818183865550784 -4.627707259979153082e-06 -3.461393135144087707e-06 0.9999999999833013575 0.4949932106770809082
0.9999801817461110298 0.006295721023829427797 3.74665084832997191e-06 0.01890801790845195521 -0.006295721028983802987 0.999980181752165076 1.36553444938321657e-06 -0.01307098685483754769 -3.737979572333075008e-06 -1.389095255409136194e-06 0.9999999999920486937 0.4949971074818225181
0.9999850355486861186 0.005470709598789464875 4.172664099698716826e-06 0.0143079738387164139 -0.005470709625244145335 0.9999850355370527577 6.355160289750071386e-06 -0.005864143754148161067 -4.137834421622720661e-06 -6.377892621916267491e-06 0.9999999999711002285 0.4950081734942478051
0.9999907777235574891 0.004294699931110371009 4.750676970100592991e-06 0.01333191752766569975 -0.004294699966454834476 0.9999907777069023673 7.454871773848254762e-06 -0.0009128904481568672711 -4.718616720671729e-06 -7.475205755183949125e-06 0.9999999999609278101 0.495003557451853704
0.9999875017881748596 0.004999622929556338594 6.343475404175093198e-06 0.02660602311407827408 -0.004999622931098637001 0.9999875018082614586 2.273003703566817055e-07 -0.0006843558409998758488 -6.342259706059678958e-06 -2.590125146019455011e-07 0.999999999979854115 0.4949819813365757271
0.9999837238264154271 0.005705440575341069048 5.685867925430281371e-06 0.02382861495430132689 -0.005705440561858895337 0.9999837238398140427 -2.384574927772633176e-06 -0.003120052062235019116 -5.699380431881014923e-06 2.352095734525994207e-06 0.9999999999809920936 0.4949811120004103948
0.9999847020657806063 0.005531330192875086663 4.78974741495426595e-06 0.01865432509084036239 -0.005531330204705205145 0.9999847020741601256 2.460173433132584636e-06 -0.0008380118860120378769 -4.776066110163089407e-06 -2.486629472110550733e-06 0.9999999999855027077 0.4949910631186938414
0.9999852405440073921 0.005433107916377249644 5.894502331994713294e-06 0.03792342735871045284 -0.005433107918868538069 0.9999852405612840167 4.067191684168692018e-07 -0.002839958090699498758 -5.892205583315115444e-06 -4.387386327609696722e-07 0.9999999999825445185 0.4949820674767996254
0.9999842879169065224 0.005605703221929756765 3.59688081256380428e-06 0.02888299677616655223 -0.005605703228242883869 0.9999842879218131531 1.747499119785603237e-06 -0.002553339833079071829 -3.58702833664519686e-06 -1.767634709316721754e-06 0.9999999999920041738 0.494990634796763973
0.9999860377874963957 0.005284336634931211495 4.315677827628009882e-06 0.01794302806950810389 -0.005284336639849817815 0.9999860377961456992 1.129105055448227534e-06 -0.003705803219037360867 -4.309651000045194001e-06 -1.151894785113925475e-06 0.9999999999900498482 0.4949878157076862961
0.9999834188315425143 0.005758649504971992406 4.482340114791333633e-06 0.01500570431466297788 -0.005758649513836473603 0.9999834188396021784 1.967263324492085633e-06 -0.00491985510281430817 -4.470937012421202219e-06 -1.993042930690385532e-06 0.9999999999880190282 0.4949928056497522877
0.9999866607913279193 0.005165094704397225726 6.19169607767098859e-06 0.02830876967884525183 -0.005165094729164796533 0.9999866608024051695 3.990836525215874196e-06 -0.003150323295648082417 -6.171000436810919879e-06 -4.022763987390264251e-06 0.9999999999728678146 0.4949980247077726547
0.9999778109868535658 0.006661644074779943941 5.86466377563551308e-06 0.02924740735140845052 -0.006661644084468883696 0.9999778110026512623 1.634110470681650635e-06 -0.006695699711490065049 -5.853647782291867288e-06 -1.673142514131737102e-06 0.9999999999814674911 0.4949883416972139516
0.9999756935798553847 0.006972247619686331756 3.853494842839052374e-06 0.01806512753611752217 -0.006972247645437207146 0.9999756935645885969 6.709938975366512371e-06 -0.001696545158001948588 -3.806617822066799311e-06 -6.736643401115045927e-06 0.9999999999700633913 0.4950006728464280137
0.9999809049036693098 0.006179790092469669184 4.968339130656972094e-06 0.02688790874147333962 -0.006179790113750133554 0.9999809049067236444 4.279338310597613191e-06 0.0003147196645978356201 -4.941798847263323492e-06 -4.309959889262150665e-06 0.9999999999785011973 0.4949920031026939782
0.9999785232365329124 0.006553857830713659058 3.9306732965520529e-06 0.01305559175003685388 -0.006553857842805331339 0.9999785232394624579 3.071289166824264715e-06 0.0003538457052225805121 -3.910460085866197943e-06 -3.096984279485830139e-06 0.9999999999875582857 0.4949912899336897376
0.9999914322307863479 0.004139497157466880475 5.525983890599646721e-06 0.02488262499576469194 -0.004139497178407071029 0.9999914322388110399 3.783364971814212695e-06 0.004069474246346510907 -5.510275316742882016e-06 -3.806207351539304779e-06 0.9999999999775746051 0.4949931206759312086
0.9999866902841695326 0.005159382507705458087 5.374390105487296098e-06 0.01691213037905539909 -0.005159382534594691982 0.9999866902859657625 5.001429087763278583e-06 0.01090342535626888897 -5.348514288143112851e-06 -5.029091054607551959e-06 0.9999999999730505573 0.4949930338716985734
0.999986144481571082 0.005264106984187499894 4.977358225635430097e-06 0.006990368770490042703 -0.005264106965393988008 0.9999861444869077021 -3.781388069478209117e-06 0.001142427168820699503 -4.997194893129956232e-06 3.755134330281134543e-06 0.9999999999804632944 0.4949737598867597343
0.9999946512544691801 0.003270694778337947251 4.511326025331075716e-06 0.01061955167239106435 -0.003270694789334491204 0.9999946512616513239 2.432326308985322217e-06 0.003734719708741727692 -4.503346498470486618e-06 -2.44706846961500279e-06 0.9999999999868656175 0.4949993652618514539
0.9999944896512092951 0.003319735719831317256 4.919407119427148506e-06 0.01329419436131929096 -0.003319735746296308479 0.9999944896487422685 5.381351350451409873e-06 0.008033379737019992126 -4.901515347466850972e-06 -5.397652828993482817e-06 0.9999999999734200395 0.4950026747357387791
0.9999933012761441642 0.003660241582844152991 6.051995891850794044e-06 0.02650124999656000568 -0.003660241615421337864 0.9999933012798627452 5.380601296792050591e-06 0.01255181377385065564 -6.032261050616858298e-06 -5.402717020849456597e-06 0.9999999999672110063 0.4949986446272477969
0.9999849947669000594 0.005478158499414557785 4.767669464328639767e-06 0.01551794292245362895 -0.005478158487938460802 0.9999849947754079205 -2.416801383829556463e-06 0.00578706334097970742 -4.780837545419777844e-06 2.390647070217724203e-06 0.9999999999857139832 0.4949847077285192687
0.9999844506189581317 0.005576602607534455851 5.088273590357947832e-06 0.01926243992951186604 -0.005576602581345567987 0.999984450618805365 -5.146658625032056324e-06 -0.005584860951838552939 -5.116895340760465032e-06 5.118203318037670034e-06 0.999999999973810505 0.494982550383890274
0.9999767474417204927 0.006819424284130602872 5.526567166767291848e-06 0.02444285882731587686 -0.006819424294774494022 0.9999767474550969037 1.909403489202437634e-06 -0.005033019677371622022 -5.513417627493548424e-06 -1.947047097090474778e-06 0.999999999982905341 0.4949994147958169943
0.999980653742579273 0.006220299793701813788 3.643177098590402132e-06 0.009741709990243745815 -0.006220299794001874112 0.9999806537492114122 7.104297171062544817e-08 -0.01207134206682713984 -3.642664708190303065e-06 -9.370325105117221104e-08 0.9999999999933608663 0.4949964996818105867
0.9999844997142394165 0.005567792318971837885 4.710399908965905468e-06 0.0164594574707308712 -0.005567792350390740087 0.9999844997028235483 6.683508506118955385e-06 -0.005714415119083914203 -4.673114509043053202e-06 -6.709631438407853144e-06 0.9999999999665711847 0.4950150847966317547
0.9999844962595088038 0.00556841339799527598 3.883054869763040114e-06 0.00311881488380356996 -0.005568413421235081026 0.9999844962489181643 6.000028317193735345e-06 -0.002884360304776962657 -3.849584029776907872e-06 -6.021557749164064375e-06 0.9999999999744605406 0.4950079657376242337
0.9999842203241335881 0.005617746334145627685 5.576059997033102378e-06 0.0165892773043021316 -0.005617746350624977687 0.9999842203352534709 2.94412940237513611e-06 -0.0009166232284826714583 -5.559432636518173986e-06 -2.975407835666893253e-06 0.9999999999801195694 0.4949996856942847634
0.9999837018825873391 0.00570928659055233885 4.249241158894067333e-06 0.0007842105399279638038 -0.005709286597930580097 0.999983701890083454 1.726271875015694287e-06 -0.001288427939152509858 -4.239316123426931232e-06 -1.750503875633820341e-06 0.9999999999894817471 0.494997409385280418
0.9999950258761548527 0.003154078133531543725 4.038364445538373125e-06 -0.002218702616872800584 -0.003154078142537924869 0.9999950258818036675 2.225787549332686567e-06 -0.0003686410162276057491 -4.031324050397111542e-06 -2.238513795018955751e-06 0.9999999999893685043 0.4949994772559906386
0.9999862160403795164 0.005250496166256267763 4.635081056780068842e-06 0.001191040350702371204 -0.005250496187578071461 0.9999862160404296985 4.599977350846520707e-06 0.004828210733054132467 -4.610865003564656276e-06 -4.624250420362237942e-06 0.9999999999786779448 0.4950001313648386692
0.9999899537861520749 0.004482443692953527042 5.247995093304607735e-06 0.007300307755763549636 -0.004482443706641677482 0.9999899537964831442 2.599416774952196445e-06 0.006816469531959116861 -5.236290631549587751e-06 -2.622914503233895127e-06 0.999999999982850607 0.4950006864926758676
0.999993014244361822 0.003737839196638828663 4.779983359566135924e-06 0.0009529558562043528728 -0.003737839194952683082 0.999993014255726953 -3.616316577436267069e-07 0.004697402741196893619 -4.781301688809815644e-06 3.437623223206292425e-07 0.9999999999885103019 0.4949904960622185102
0.9999892926123530312 0.004627596313182579142 3.903909759778936946e-06 -0.001832557936049021997 -0.00462759633566783065 0.9999892926032201146 5.770444868780656452e-06 0.01065101540171311395 -3.877164669667887564e-06 -5.78844880088972883e-06 0.9999999999757305247 0.4950048015211164776
0.9999973504058904394 0.002301990206931997431 4.951622275152553776e-06 0.01176323417453439477 -0.002301990216644931014 0.999997350416212849 1.956766256593212791e-06 0.008810533753728262696 -4.947104698654513717e-06 -1.968159657990808045e-06 0.9999999999858260047 0.4949946768689199583
0.9999986085970360428 0.001668167277637854461 4.915114076753403182e-06 0.02102697534760289422 -0.001668167283415677993 0.9999986086084191594 1.171661053064565516e-06 0.007477455956933045864 -4.913152711275838727e-06 -1.17985865530906154e-06 0.9999999999872342116 0.4949901575395019293
0.9999955862296923126 0.00297111070446818594 4.954628413422294639e-06 0.02325539551904944394 -0.002971110731240469115 0.9999955862272803531 5.404916619820124357e-06 0.01550872639878848012 -4.938547939192753957e-06 -5.419613513407978455e-06 0.9999999999731190581 0.4950005350556136441
0.9999979039896069732 0.002047436372295614176 4.788180417455150364e-06 0.02104305058871825534 -0.002047436367962455778 0.9999979040006654607 -9.096920300940286447e-07 0.01181824255855776565 -4.790032917982175954e-06 8.998866286470629114e-07 0.9999999999881227231 0.4949902109264632255
0.9999940312312377566 0.003455066137545680267 4.702758453729224275e-06 0.01920154973453466751 -0.003455066155745590596 0.999994031234754277 3.867447859336392029e-06 0.01744733286276673595 -4.689368095930591412e-06 -3.883673117006425988e-06 0.9999999999814632723 0.4950019466354236286
0.999991955172725655 0.004011180788025396279 4.554978263156600338e-06 0.01349322132029491528 -0.004011180789605299155 0.9999919551830361852 3.377743112862469569e-07 0.01440725869520532477 -4.553586745362086678e-06 -3.560424352564146038e-07 0.9999999999895687885 0.4949915666341477838
0.9999938417520360945 0.003509478143013417418 4.837368363096394211e-06 0.004988347545985032105 -0.003509478132688066167 0.9999938417614798736 -2.141331279230294076e-06 0.007176346962264545069 -4.844853528749645297e-06 2.124341453891190951e-06 0.9999999999860070821 0.4949896383751882789
0.9999984119947088468 0.001782131555878551906 4.172641390537003728e-06 -0.002210386034404828327 -0.001782131561600539893 0.9999984120024683065 1.368000007026867243e-06 0.004362008858806163888 -4.170196808411787365e-06 -1.375434030553003442e-06 0.9999999999903586012 0.495005858073762961
0.9999999999418909269 -9.829400687969407102e-06 4.672644819384262434e-06 0.007847574429504771548 9.829377828266093605e-06 0.999999999940840878 4.89224306599469131e-06 0.005629744514674152149 -4.672692906925194244e-06 -4.892197136519019571e-06 0.999999999977115972 0.4950095761557352092
0.9999997004218307284 0.0007740392303156169674 4.663838070299617959e-06 0.01306730212211331711 -0.0007740392646579755684 0.9999997004055489747 7.366244882498589697e-06 0.009440526841691582183 -4.658134910520416334e-06 -7.369852669522873109e-06 0.9999999999619932911 0.495009149334791454
0.9999999861755831665 0.0001662125631302353954 4.944699883834013163e-06 0.01161761292305156165 -0.0001662125688211003296 0.9999999861871453621 1.150517754524832057e-06 0.001417464274854189762 -4.944508585028676259e-06 -1.151339609889376862e-06 0.9999999999871128642 0.4949878764791753594
0.9999999518764152162 0.0003102215744029566328 3.460449450025310572e-06 0.002221206309498349567 -0.0003102215772682232506 0.999999951882059257 8.275045281297528801e-07 -0.001024222851432743733 -3.460192573758056351e-06 -8.285779943937603132e-07 0.9999999999936700634 0.4949951901951196165
0.9999998079403535911 0.0006197616796367326659 4.116877868003796506e-06 0.01237833030984080568 -0.0006197616806443734683 0.9999998079487978364 2.434923247923502785e-07 -0.004534733221162538797 -4.11672617014026333e-06 -2.460437611737443339e-07 0.9999999999914958027 0.4949984445641075759
0.9999990903807089992 0.00134878266913233155 5.029745774290898768e-06 0.02303644457815806276 -0.001348782687489402622 0.9999990903866792236 3.648101722598394005e-06 -0.004383466955648398014 -5.024820702788470437e-06 -3.65488243823753088e-06 0.9999999999806963302 0.4950007060507784495
0.9999962231689459857 0.002748384760208623032 5.593401887639114583e-06 0.02406146794762636584 -0.00274838477562047408 0.9999962231807666413 2.749548031041498214e-06 -0.004008997948704436445 -5.585823946465338084e-06 -2.764910467054968998e-06 0.9999999999805766482 0.4949981123333111466
0.9999905804275720511 0.004340395215314399487 5.266390670106127642e-06 0.02124119556187950217 -0.004340395232175143191 0.9999905804362643202 3.194384851636145528e-06 -0.002399737658419335857 -5.252476170277714003e-06 -3.217212978851855685e-06 0.9999999999810302853 0.494999295117041993
0.9999935367558121513 0.003595334566753032035 4.264727064671426854e-06 0.01614793443323996047 -0.003595334591981429965 0.9999935367472757575 5.922758238451996036e-06 0.003536492385447371524 -4.243405203237481173e-06 -5.938053078960138308e-06 0.9999999999733663048 0.4950109891673488693
0.9999995883901315885 0.0009073019731728788765 4.992931897886376001e-06 0.01901898383528815434 -0.0009073019841692029535 0.9999995884001651181 2.200558311756273175e-06 0.003076261718672750924 -4.990933271898107371e-06 -2.205087503002498273e-06 0.9999999999851139076 0.4950003164713617787
0.9999966119365762962 0.00260309179441787792 5.541721886296806069e-06 0.02501029178952881432 -0.002603091810126582223 0.9999966119478883586 2.829305818459064638e-06 0.006017393675808746858 -5.534338167894398777e-06 -2.843721843447608755e-06 0.9999999999806419293 0.4949991606236735509
0.9999980593441780696 0.001970097878930469285 4.945476781731626264e-06 0.01644338205638014999 -0.001970097890286682998 0.9999980593537569629 2.29246683228861423e-06 0.006294468302350616877 -4.940950800266836594e-06 -2.302205456773754063e-06 0.9999999999851432175 0.4949984594138780447
0.9999941180547758934 0.003429844919019824252 4.681352746531229507e-06 0.00838908284195795384 -0.003429844915045235365 0.9999941180653800776 -8.567853073798171512e-07 0.003498052524094088633 -4.684263851853640266e-06 8.407239539024008636e-07 0.99999999998867517 0.4949863732464484523
0.9999918830753118382 0.004029114667207988817 4.552242525175379236e-06 0.005311600661533922782 -0.004029114666337089978 0.9999918830856567853 -2.004620786806574953e-07 0.001781457899820538138 -4.553013259714164177e-06 1.821189444221649529e-07 0.9999999999896181935 0.4949961044819353728
0.9999964776757049867 0.002654169999845140768 4.475264526108653595e-06 0.007066622516818847101 -0.002654169999391562187 0.9999964776857143134 -1.072835507657729657e-07 -0.002399726829095081681 -4.475533511602402082e-06 9.540506003372116804e-08 0.9999999999899800152 0.4949987812388459973
0.9999949767368018216 0.003169617986011934868 5.021787809389386198e-06 0.02142047549523070499 -0.003169617999785164821 0.9999949767456215444 2.737118311583574415e-06 -0.002803635722138739066 -5.013086964241565383e-06 -2.753021711349601233e-06 0.9999999999836446385 0.4950031730552283404
0.9999953904543065208 0.003036289150407967506 4.535047056923628663e-06 0.01380577344691825276 -0.003036289152955763682 0.9999953904644282021 5.550270098874338947e-07 -0.00749612125207808986 -4.533340929974590176e-06 -5.687941656521985022e-07 0.9999999999895624603 0.4949942345313944614
0.9999967152359003908 0.002563105627129157182 3.030884960236706466e-06 -0.01184979112990465662 -0.00256310563654677491 0.9999967152356412647 3.107433001572041008e-06 -0.006952845300414557846 -3.022910325481580975e-06 -3.115191272712962395e-06 0.9999999999905785364 0.4950035626923549592
0.999997987413713374 0.002006276788414163362 4.919697157323719314e-06 0.0003812106861722697648 -0.002006276814132845754 0.999997987412095779 5.228349839817265285e-06 -0.004653650021580012577 -4.909197739075391753e-06 -5.238209591651373257e-06 0.9999999999742302803 0.4950047283381021068
0.9999942104778875018 0.003402790183482540514 5.648543444166440962e-06 0.008982193737225734748 -0.003402790215037680959 0.9999942104781300856 5.586246209872981163e-06 -0.001263785822695825435 -5.629501918035275984e-06 -5.605434676537940192e-06 0.9999999999684436869 0.4950016023034748414
0.9999920975971039461 0.003975514511175367964 5.472466881046578496e-06 0.01083924240375968434 -0.003975514535513865327 0.9999920976021077212 4.443779268094140396e-06 0.001965172695782760239 -5.454757326471207238e-06 -4.465500023190529514e-06 0.9999999999751522095 0.4949976681482732288
0.9999969189850926865 0.002482338867977205467 4.037205077093210643e-06 0.009568152736191810545 -0.00248233887999251045 0.9999969189887905063 2.973866747127261822e-06 0.003602244646312053461 -4.0298104934045046e-06 -2.983879295728896301e-06 0.9999999999874282786 0.4950012297130480521
0.9999950584015052657 0.003143749174965587961 3.990939189760753269e-06 0.01322326037583561494 -0.003143749199870672466 0.9999950583898622458 6.249552969393370807e-06 0.01385201895841598786 -3.971272441103735991e-06 -6.262068598496384554e-06 0.9999999999725075472 0.495009885706522379
0.9999960579467126465 0.002807856195076305003 6.07085734021646056e-06 0.02953044766953817277 -0.00280785622726514774 0.9999960579510038805 5.300188336113533465e-06 0.02050262352187086703 -6.055951241944857381e-06 -5.31721353707612621e-06 0.9999999999675260876 0.4950060774755018489
0.9999996379303410787 0.0008509484808224119677 5.301154762570572585e-06 0.02375446611509626424 -0.0008509484489300628545 0.9999996379263264012 -6.01546284638023685e-06 0.01115652878073107417 -5.306271692132529883e-06 6.010949658940940789e-06 0.9999999999678557128 0.4949807023169738862
0.9999996155962476152 0.0008768084247254039065 4.071343948471716097e-06 0.01964455565267034243 -0.0008768083971257128193 0.9999996155816036625 -6.775851101157250997e-06 0.004142756165493162619 -4.077283506702270786e-06 6.772278707933125686e-06 0.9999999999687557706 0.4949894437731641172
0.9999973061830814691 0.002321121735756756944 4.764547252839208655e-06 0.01865767556893703147 -0.00232112172214502888 0.9999973061903725258 -2.860417336594103785e-06 -0.001525614467072618219 -4.771173794909278611e-06 2.849350537028694747e-06 0.999999999984558352 0.4949983982326137122
0.9999999961752047417 -8.736611296108178968e-05 4.357210573743170295e-06 0.02388682807080863904 8.736612128926619101e-05 0.9999999961828702766 -1.911198517817452474e-06 -0.01196050571743819541 -4.357043583125514379e-06 1.911579183095023567e-06 0.9999999999886808322 0.4950030617978618541
0.9999990058616731181 0.001410057572291636323 3.942188630111283796e-06 0.02243273687400541491 -0.001410057601617454356 0.9999990058416797778 7.44611817999299254e-06 -0.005800377042759312374 -3.93168525562781189e-06 -7.451669490566406933e-06 0.9999999999645070581 0.4950217933045129026
0.999996590618420278 0.002611271168691519165 4.080624551731803603e-06 0.0179277651393063113 -0.002611271200426203056 0.999996590596312962 7.791043777191160419e-06 -0.002321246909554292893 -4.060266111246173505e-06 -7.80167283192163072e-06 0.9999999999613238266 0.4950232439836262932
0.9999984300655690994 0.001771960840686189658 4.838236749547549954e-06 0.02734130883959007274 -0.001771960868026457078 0.9999984300612498878 5.65245201225880295e-06 0.002415834610868426106 -4.828213230192554859e-06 -5.661016304470268825e-06 0.9999999999723203636 0.4950127835031823409
0.9999974202708215021 0.002271436942600908292 5.305704912150944561e-06 0.03600123995565548962 -0.002271436976159230212 0.9999974202648017618 6.327515523206641803e-06 0.01202680596748121125 -5.291318672322817415e-06 -6.339550774252372396e-06 0.9999999999659058281 0.4950080256745280072
0.9999923098083217665 0.003921771891846928017 5.628342252961299732e-06 0.03844793136406820383 -0.003921771921440919337 0.9999923098102286856 5.256664458749861785e-06 0.01880835874307749955 -5.607683531021956982e-06 -5.278697108604641821e-06 0.9999999999703443887 0.4950017353516642515
0.999989102479376224 0.004668502061258714836 3.637073630426679436e-06 0.01011178931235863152 -0.004668502057253669409 0.9999891024853944099 -1.108879447560051375e-06 0.01486832388148538221 -3.642210801350325781e-06 1.091887677797260824e-06 0.9999999999927707828 0.4949910973613233511
0.9999965330252020834 0.002633234502730167313 3.982741048848371084e-06 0.006137815024187282843 -0.002633234470723218573 0.9999965330010539555 -8.020413148142309319e-06 0.003623690559674032103 -4.003846869317347008e-06 8.009897850554189723e-06 0.9999999999599051836 0.4949851018256091195
0.9999953119956161984 0.003062020632721474105 4.32059740219632559e-06 0.01234888659956323749 -0.003062020637402978855 0.99999531200435543 1.077338214319879416e-06 0.006371262729621252237 -4.317278315413860668e-06 -1.090562922165023357e-06 0.9999999999900857084 0.49501019025615145
0.9999979119898348978 0.002043526706901819569 4.098921139616096583e-06 0.01578609843377887928 -0.002043526719587399152 0.9999979119934260252 3.093066455571864607e-06 0.007116697712954007417 -4.092591817133663349e-06 -3.101436252087906211e-06 0.9999999999868156575 0.495011020914337796
0.9999980511852077925 0.001974238342895372374 3.314287842299759369e-06 0.01764276729914465019 -0.001974238347939413947 0.9999980511895358859 1.519333824563686333e-06 0.006605614623064162867 -3.311281856288846492e-06 -1.525874057817777161e-06 0.9999999999933533168 0.4950052408428942119
0.9999965622135909005 0.002622125372065325921 4.665350845585289322e-06 0.01093612028512073488 -0.002622125356196133242 0.9999965622187204639 -3.404367074612618443e-06 -0.001836244295902772668 -4.674261484411641831e-06 3.392122236378017968e-06 0.9999999999833221187 0.4949918029087406746
0.9999858234070728713 0.005324749966987605589 4.989989662947095128e-06 0.01181536769131089591 -0.005324749960561816868 0.9999858234187121164 -1.300133344809387299e-06 -0.00566704762214863874 -4.996841806937832751e-06 1.273544466087361398e-06 0.9999999999867046352 0.4949973960821582031
0.9999934256175284641 0.003626114157001117996 4.480356985020718049e-06 0.01204203284431715724 -0.003626114139679836434 0.9999934256201468141 -3.86813828096493339e-06 -0.01615691629963061926 -4.494353840433978985e-06 3.8518665645300933e-06 0.9999999999824816799 0.4949938458297764021
0.9999935844703914389 0.003582038491214101141 4.531905442042921506e-06 0.02059252668679350737 -0.003582038533187736646 0.9999935844373778471 9.287846781059321542e-06 -0.005487658409827550661 -4.498606942649634028e-06 -9.304020654525400083e-06 0.9999999999465986056 0.4950253335159802703
0.9999912541973133839 0.004182284254004226161 5.434652566918507196e-06 0.02674223556844652558 -0.004182284286673569086 0.9999912541938609234 6.013911232011419075e-06 -0.003818630697060088845 -5.409453150250281435e-06 -6.036587897564405555e-06 0.9999999999671485007 0.4950109482147520557
0.9999901459842553963 0.004439358879262637544 5.418608167547641285e-06 0.02299271732394417289 -0.00443935887501853161 0.9999901459986388907 -7.95018994399788207e-07 -0.007938184495395508508 -5.422084147207331986e-06 7.709560140114139901e-07 0.9999999999850031074 0.4949927746424731545
0.999991839127514881 0.004040007779396078032 4.212518063544443866e-06 0.01819731432604647717 -0.004040007788696934124 0.9999918391339260859 2.201747165158160445e-06 -0.005736280642583108103 -4.203588610073224149e-06 -2.218747802766987493e-06 0.9999999999887032587 0.495001350073676738
0.999987004625195075 0.005098093831428300929 4.716833812611053521e-06 0.03808462217526059623 -0.00509809385384057262 0.9999870046249152988 4.751795128588493169e-06 -0.0003833185598682727329 -4.692547418153298801e-06 -4.775780238699344888e-06 0.9999999999775857074 0.4950046262833189825
0.9999665004964349846 0.008185222215967244766 4.941767117541482643e-06 0.1034496395837508076 -0.008185222212179269624 0.9999665005083678837 -7.862570340005679241e-07 -0.004549418315731744086 -4.948037259397515578e-06 7.457812328018580538e-07 0.999999999987480126 0.4949926258542602375
0.9999135623517148019 0.01314791943987771508 6.460514593787728058e-06 0.2685687856466220103 -0.01314791941441872773 0.9999135623650493576 -3.967499117685296027e-06 -0.009108353008824959449 -6.512120520962847533e-06 3.882213851137097603e-06 0.9999999999712601007 0.4949811178752300811
0.9997651107805697324 0.02167309909320781422 6.62145243380230937e-06 0.4897970930673455348 -0.02167309906704590131 0.9997651107950714655 -3.99761930968471699e-06 -0.01773651921868348719 -6.70653792554037516e-06 3.853172917439968103e-06 0.9999999999700874831 0.4949843192392597846
0.9995113701271594042 0.03125733405928412395 7.501153476459263456e-06 0.7658012164715365389 -0.03125733392319070963 0.9995113700042221883 -1.762184978046825521e-05 -0.05360498394071275957 -8.048300233198418298e-06 1.737877315922799426e-05 0.9999999998166013704 0.4949584945172998407
0.9989759353211634663 0.04524467484805943379 7.023704821817376418e-06 1.127261497344614227 -0.04524467474457401217 0.9989759352488649657 -1.425291987278675938e-05 -0.09299571843950375782 -7.661380818566656268e-06 1.392053872080973451e-05 0.9999999998737606477 0.4949672483324338845
0.9980596623991234706 0.06226483958786072775 6.714032633272248788e-06 1.548434647923282226 -0.06226483958872577884 0.9980596624216492296 -8.030386974532062568e-08 -0.12284776534784278 -6.706005251019615938e-06 -3.379001117768185288e-07 0.9999999999774574766 0.4950019627124371824
0.9967901765562777738 0.08005837800843521035 5.813400063507918245e-06 2.019850501746443872 -0.08005837806109381005 0.9967901765239791656 9.473866827709560441e-06 -0.1558474177535999483 -5.036277663814224327e-06 -9.908868767967981631e-06 0.9999999999382248594 0.4950215843073754174
0.9951028085100325216 0.09884533590140034964 8.259386929732760984e-06 2.546733850349281791 -0.09884533584278365481 0.9951028085238814436 -7.227958690199604953e-06 -0.2241670581873199675 -8.933389135076730137e-06 6.376160117487199053e-06 0.9999999999397694017 0.4949773720596731819
0.9928635228832881632 0.1192561312094862075 9.948102076037955549e-06 3.15635285608941718 -0.1192561310404700314 0.9928635228222858489 -1.613725815921771543e-05 -0.3206514466810497233 -1.180157464900776862e-05 1.483572282085402805e-05 0.9999999998203118468 0.4949421431802274451
0.9905702709303848552 0.1370056139624427072 9.690763761591531997e-06 3.808175797515780836 -0.1370056135671669229 0.9905702704582214357 -3.372896012108344692e-05 -0.4647857330584339586 -1.422043936997023921e-05 3.208321613025046722e-05 0.999999999384222904 0.4948670670654085058
