0.9999727208254474142 0.007386311999347235611 0 -0 -0.007386311999347235611 0.9999727208254474142 -0 0 -0 0 1 0.4949999999999998845
0.9999680261955747884 0.00799663627172960377 1.992727709500103869e-05 0.003249364751310789435 -0.007996637195182470029 0.9999680252962385163 4.670056135948130261e-05 0.006366823719721920703 -1.955319252333411164e-05 -4.68584193700856595e-05 0.9999999987109803312 0.4950032635166346506
0.9999467671631681043 0.01031808249980101407 3.960906838509658117e-06 0.02498194221834351691 -0.01031808260128319089 0.9999467668183493751 2.651783323054715796e-05 0.0134197110123185654 -3.687082795848483683e-06 -2.655729057499328307e-05 0.9999999996405576352 0.4950052810729730912
0.9999709582368735417 0.007621192025270099105 1.082475767603608307e-05 0.0410432109119201749 -0.007621192182354001414 0.9999709581884813625 1.454519101474783088e-05 0.01464025623146067434 -1.071359161169940566e-05 -1.462726615532996069e-05 0.9999999998356308151 0.4949891592238684357
0.9999627695244173164 0.008628989176819734305 1.063372640411042091e-05 0.0486292095037440808 -0.008628989357144111264 0.9999627694343817819 1.7030210519992309e-05 0.01719504088867617256 -1.048637700220583186e-05 -1.712133478912320663e-05 0.9999999997984476696 0.4950037409738241023
0.9999626774502373694 0.008639651553556663977 1.139378789811604607e-05 0.05441372348574541329 -0.008639651729150581855 0.9999626773942253966 1.545327252448770356e-05 0.01399700296598678506 -1.125985176228708033e-05 -1.555113412827134975e-05 0.9999999998156887671 0.495001716860711094
0.9999351834164609265 0.01138546858216162201 8.560720521270999986e-06 0.02735293411269088329 -0.01138546868215887208 0.9999351833832327285 1.172437627683348958e-05 0.007783543935190126266 -8.426678126584667662e-06 -1.182108415821055261e-05 0.9999999998946262902 0.4949961175023466775
0.9999444150663479025 0.01054355998965106345 1.107232848730406403e-05 0.02773302424811250472 -0.01054356014098025394 0.9999444150322163161 1.369907599523694064e-05 -0.0006630168285854395145 -1.092727600272278799e-05 -1.381505629431359038e-05 0.9999999998448692029 0.4950158662704740031
0.9999697854810639663 0.007773542095628412779 1.305660468770333319e-05 0.03253813940889185852 -0.007773542308878473618 0.9999697854307817435 1.636217955380553306e-05 -0.005301951756894133366 -1.292901809647759678e-05 -1.64631812473732379e-05 0.999999999780901816 0.495016833744402418
0.9999697416942670003 0.007779175040925485375 1.156789720650008153e-05 0.022466800282034214 -0.007779175267045693003 0.9999697415666962685 1.963241696251152635e-05 -0.001872906790064664002 -1.141482317203090331e-05 -1.972181161867460098e-05 0.999999999740375789 0.4950083989298918463
0.9999639655550187634 0.008489254554243983938 1.22811709118576237e-05 0.0322374669269635053 -0.008489254766229276106 0.9999639654787583209 1.73130943694204626e-05 -0.002602420700871286175 -1.213375310052075617e-05 -1.741672849037170204e-05 0.999999999774714543 0.494988738496326186
0.9999659821940790616 0.008248291497255047511 1.200998304197601234e-05 0.05914036085672682436 -0.008248291705057806886 0.9999659821138491278 1.735701631423868679e-05 -0.002714072402835966506 -1.186640875765817669e-05 -1.745548771012908241e-05 0.9999999997772469618 0.4949835787336848703
0.9999467298087318934 0.01032169839461273032 9.450191539863611576e-06 0.03545078880654459197 -0.01032169853939820907 0.999946729733267814 1.540251372702439015e-05 -0.002047754646691604067 -9.290708024430574093e-06 -1.549923526038607781e-05 0.9999999998367280485 0.4949983717083373813
0.999958118541141916 0.009152105072814277834 1.177406073383069562e-05 0.03062010825147959761 -0.00915210520098803243 0.9999581185501105196 1.087868732315875387e-05 -0.005691455729537500501 -1.167400472966047569e-05 -1.098598915034178644e-05 0.9999999998715125571 0.494994621337672136
0.99995418160168692 0.009572593301100973048 1.253095371354502937e-05 0.01720910792617092247 -0.009572593385172684446 0.9999541816571764219 6.666428137887598339e-06 -0.0146535629528983611 -1.246656456067660185e-05 -6.786076417456521564e-06 0.9999999998992668004 0.4950012885236620974
0.9999384399433147719 0.01109577525710938803 9.869450826834248085e-06 0.007603810615979881594 -0.0110957753857351734 0.9999384399051122196 1.307486901089055433e-05 -0.01495825196041997499 -9.723767454444148364e-06 -1.318357333076800551e-05 0.9999999998658206657 0.49502556633836442
0.9999378571587778097 0.0111481708645216112 1.04556128951707866e-05 0.02906100720897500031 -0.0111481711004616079 0.9999378569511981896 2.278579855717861402e-05 -0.009028046959633606594 -1.020094317590886683e-05 -2.290094354443210451e-05 0.9999999996857436013 0.4950552394835804337
0.9999154977275230838 0.01299989379035946038 1.296117033410043508e-05 0.07318696545046840529 -0.01299989403552544685 0.999915497627555605 1.901408996604406267e-05 -0.008836390506513745399 -1.271289393437891097e-05 -1.918097707315237274e-05 0.9999999997352360115 0.4950455320176820329
0.9998254415806985262 0.01868384891435950074 1.264669462949282862e-05 0.1427062799671513504 -0.01868384918292112506 0.9998254414253239242 2.146155756113527556e-05 0.0001262561079940716037 -1.224350254156483584e-05 -2.169410020069157809e-05 0.9999999996897310783 0.4950404929906586649
0.9997177728211037451 0.02375656862458774138 1.24511008447323127e-05 0.2332493531184244295 -0.02375656885480283143 0.9997177727186531415 1.867979493442640561e-05 0.000108574015607056562 -1.200381897413818386e-05 -1.897031842313569457e-05 0.9999999997480174541 0.4950324281634702062
0.999356281556621151 0.03587509381756898846 1.261493568385736682e-05 0.3566067506173252744 -0.03587509400481942584 0.9993562815177783332 1.494446119415608813e-05 -0.001963572177969994878 -1.207068126921224531e-05 -1.538740317238220532e-05 0.9999999998087629738 0.4950279414939171008
0.9986392427863237664 0.05215038405895222606 1.455659169078769895e-05 0.6215698430288830734 -0.05215038411623602183 0.9986392428829941048 3.583563324884986617e-06 -0.03065326302738049721 -1.434989950135278607e-05 -4.337818813337768526e-06 0.9999999998876316631 0.4949974615288472157
0.9970686119483064269 0.07651263219429808859 1.357977200981553305e-05 0.9811897449431077334 -0.07651263218084518314 0.997068612040674318 -1.50818050329322091e-06 -0.07588142337547491845 -1.365535928978665874e-05 4.647353400993244081e-07 0.9999999999066573331 0.4949858017653225861
0.9947168043679263105 0.1026570941325985892 1.159931314647788677e-05 1.435715364406883188 -0.1026570941853554991 0.9947168044218793748 4.046749993696155333e-06 -0.1330757271913964035 -1.112260411151921956e-05 -5.216122003968784832e-06 0.9999999999245396953 0.4949897991204850189
0.991577628334641803 0.1295137321828103705 1.282805513099219546e-05 2.03567381069758202 -0.1295137321809133601 0.991577628417381618 -9.819874022746814752e-07 -0.2331292765846418591 -1.284719333742176679e-05 -6.876925572352822445e-07 0.9999999999172380916 0.4949776259783726373
0.9881935338149108183 0.1532107684572629192 1.254456483750696231e-05 2.679344834108364992 -0.153210768389238805 0.9881935338855006856 -6.22070817993332075e-06 -0.3601496024598511148 -1.334953733842776812e-05 4.225301181296555512e-06 0.9999999999019680841 0.4949570584496408854
0.9843846305649365247 0.1760309600610241443 1.44830987048790159e-05 3.457315819673651536 -0.1760309599459368157 0.984384630652003767 -8.880468497136459024e-06 -0.5241864478424597129 -1.5820177164641455e-05 6.192322932785627882e-06 0.9999999998556883263 0.4949411551880485427
0.9813925215328278551 0.1920122872837091155 1.462016615074730036e-05 4.312525152677520346 -0.1920122869463070647 0.9813925214662061469 -2.177346416326627381e-05 -0.7454372092355381341 -1.852889437901540054e-05 1.856106335955258038e-05 0.9999999996560833271 0.4948946231242281057
0.9801837162309436913 0.1980905909976579393 1.400457342891028883e-05 5.254830005758932998 -0.1980905908966970608 0.9801837163164568434 -8.275837279631167287e-06 -0.9674515966108435672 -1.536642032669858555e-05 5.337666713882437659e-06 0.9999999998676909474 0.4949334515455975358
0.9803688080976247221 0.19717251293556598 1.594206392061164312e-05 6.289519769942456762 -0.1971725129817829547 0.980368808216997456 1.365734333374754093e-06 -1.203751330821477561 -1.535981693585535167e-05 -4.482260145931822645e-06 0.9999999998719925065 0.4949476042032245893
0.9816319653649435706 0.190784392440516537 1.330765491520017052e-05 7.362918807355645079 -0.1907843920975600405 0.9816319652402597518 -2.351047599374037127e-05 -1.48715517623634641 -1.754865132560026064e-05 2.053974190316011305e-05 0.9999999996350816822 0.4948750230587025678
0.9826720531897438216 0.1853527333360181217 1.12673308401946081e-05 8.508920400382784521 -0.1853527327488495302 0.9826720525338263901 -4.041933769640951226e-05 -1.809998715617004317 -1.856392584497276185e-05 3.763052300068489851e-05 0.9999999991196619753 0.4948095404426332
0.9835047728755595964 0.1808821761256260985 9.658392565365259835e-06 9.642464190948665248 -0.1808821758113607348 0.9835047726096050047 -2.702054282278661368e-05 -2.098976730163654381 -1.4386609769655173e-05 2.482780176983554599e-05 0.9999999995883026571 0.4948422486232193496
0.983612543569517439 0.1802952135586633753 1.013767744459174766e-05 10.74083067202696284 -0.1802952136401594907 0.9836125435759522917 7.792757554827869814e-06 -2.333860648365122969 -8.566549809668872912e-06 -9.492828800612512663e-06 0.9999999999182499488 0.4948847417658249204
0.984559757821001913 0.1750488019413080909 1.485245305560506375e-05 11.90968868829597582 -0.175048802222475125 0.9845597576717488586 2.039746243483872424e-05 -2.570871040978779831 -1.105257621939619975e-05 -2.268242479245700564e-05 0.9999999996816738568 0.4948426001840073307
0.986037143663447968 0.1665255263163829824 2.008265482324436999e-05 13.19978439948792648 -0.1665255266583250959 0.9860371436679099544 1.675199915541365815e-05 -2.813932605865930192 -1.701260812297358729e-05 -1.986236806899471354e-05 0.9999999996580285488 0.4947891209669150192
0.9877653478141092958 0.1559474826240716816 1.797551922409588789e-05 14.49849334837604786 -0.1559474828716472805 0.987765347849021591 1.330153985822143728e-05 -3.048142585238189817 -1.568125334324246313e-05 -1.594203712082800856e-05 0.9999999997499746662 0.4947532085894015275
0.9897857889556193056 0.1425625887240646872 1.673403971351127391e-05 15.96362001710543943 -0.1425625889284873327 0.9897857889981405144 1.172894878830091777e-05 -3.292547861263800169 -1.489100539869181894e-05 -1.399479485483876803e-05 0.999999999791201577 0.4947390998637169468
0.9918268158821560432 0.1275914061370539421 1.94747489261699579e-05 17.56062603766529051 -0.1275914064182372409 0.9918268159391161465 1.394716489912963489e-05 -3.519855482947149117 -1.753603983755157165e-05 -1.631798275761918649e-05 0.9999999997131051588 0.494725671697235192
0.9934206937676437477 0.1145221586655712637 1.926197152705720535e-05 19.18538874457610532 -0.1145221590057685507 0.9934206937593543785 1.759468819990832376e-05 -3.720405575930884279 -1.712025944388094196e-05 -1.968484992416454231e-05 0.9999999996597014329 0.4947210860648892927
0.9943810976602910356 0.1058594936051065055 1.522556149486301799e-05 20.8222935893050618 -0.1058594938380089528 0.9943810976327772666 1.540215261913142973e-05 -3.913190514988117208 -1.350954647464742521e-05 -1.692737966098891545e-05 0.9999999997654777095 0.4946829060286557223
0.9955102170736851441 0.09465414690988449564 1.330033073771665802e-05 22.48526231662974695 -0.09465414697721080683 0.9955102171458446447 4.525740672940861197e-06 -4.106510208146189278 -1.281223501828327714e-05 -5.764352540231920612e-06 0.9999999999013091667 0.4946354443425469705
0.9963043127753093975 0.08589363242121669795 1.603247305795445389e-05 24.16972819634912284 -0.08589363255173396161 0.9963043128637860679 7.636708103470611866e-06 -4.27824621480235745 -1.531727745476484749e-05 -8.985572568629435699e-06 0.9999999998423200198 0.4946319671737866575
0.9970715364299682637 0.07647451181355686967 1.692020351034967599e-05 25.85957409299802379 -0.07647451193181542539 0.997071536543568393 6.45528480200423218e-06 -4.443851557645262851 -1.637698855884348501e-05 -7.730345040868371646e-06 0.9999999998360178388 0.4945959634966096696
0.9976919274185670483 0.06790300193911988358 1.713806354656921882e-05 27.53816310342391205 -0.06790300214525570033 0.9976919274825833961 1.174655257926289228e-05 -4.582038974361231531 -1.63008814705279878e-05 -1.288316664909655603e-05 0.999999999784152438 0.4945872599997329644
0.9984954131704538716 0.05483529461825983192 1.854523624028231362e-05 29.21356666044931316 -0.054835294915019199 0.9984954131999312921 1.589068353443177922e-05 -4.692361372092529237 -1.764596300933494571e-05 -1.688370811977796094e-05 0.9999999997017799958 0.4945592306487717749
0.9989994460632533047 0.04472255024734013429 1.63376793913517124e-05 30.8958212534082044 -0.04472255032848163753 0.9989994461824609484 4.635240243470360441e-06 -4.803920536446699252 -1.6114032899169871e-05 -5.361265124427319583e-06 0.9999999998557971281 0.4945210295774053466
0.9993300608086272963 0.03659821494873560788 1.513353950285337761e-05 32.60110233926551615 -0.03659821483203774123 0.9993300608961243059 -7.917638957586671939e-06 -4.919120406683433089 -1.541317240541659265e-05 7.358474091051339591e-06 0.9999999998541432289 0.4944882611066456213
0.9995579082617369604 0.02973193250929818954 1.493038024398654841e-05 34.33470311240935757 -0.02973193237899234703 0.9995579083377199581 -8.875014098482481663e-06 -5.021871468186076548 -1.518765096756117033e-05 8.42718147226571264e-06 0.9999999998491586606 0.4944674840558167528
0.9995998631431118886 0.02828627413228555765 1.738441433600973438e-05 36.14430922528885048 -0.02828627429370948396 0.9995998632481928325 9.110862301519955225e-06 -5.096244999167057088 -1.711974584428293741e-05 -9.59895702205899084e-06 0.9999999998073869634 0.4944754935647241445
0.9996882172596748273 0.02496934124085771131 1.650464834237323717e-05 37.90399667834148545 -0.02496934149201864364 0.999688217274229074 1.519082562105047467e-05 -5.167820684425715072 -1.612019756946270045e-05 -1.559819958447703983e-05 0.9999999997484174674 0.4944592208171883496
0.9998126349796182533 0.0193570294757946619 1.863380264041419112e-05 39.7470454457258171 -0.01935702967895294377 0.9998126350911602511 1.07847613963013631e-05 -5.234477830842388713 -1.842155037544359288e-05 -1.114343578000465835e-05 0.9999999997682349484 0.4944102450453732311
0.9998536260230581618 0.01710924365416898255 1.767363518420399286e-05 41.57188597113340478 -0.01710924387084328258 0.999853626101338433 1.218217336164913413e-05 -5.294377056361459388 -1.746262045303666877e-05 -1.248277274293741958e-05 0.9999999997696183973 0.4943854685357395029
0.9998985929954868901 0.01424090766830492932 1.663313378227288604e-05 43.34900236060644119 -0.01424090793196570483 0.9998985930045767301 1.584215067797256602e-05 -5.348044893517055698 -1.640584046107906865e-05 -1.607741509974079325e-05 0.9999999997361823656 0.4943526655447164631
0.9999239063837855879 0.01233617217152434449 1.733717249632738244e-05 45.22609490844426006 -0.01233617213405782502 0.9999239065319797115 -2.266332387162142086e-06 -5.4276429045215 -1.736381111727238385e-05 2.052285589502877058e-06 0.9999999998471428286 0.4943035584975632446
0.9999283774345673059 0.01196827590188321265 1.937118286099756871e-05 47.1712849080165384 -0.01196827596780299791 0.9999283776159983983 3.29064402136551781e-06 -5.484396988600606093 -1.933041211515757824e-05 -3.522247999301838998e-06 0.9999999998069643015 0.4942885447867372273
0.9999318538140969936 0.01167421846322564023 1.879916821548265117e-05 49.12521679134079022 -0.01167421848993756978 0.9999318539896411284 1.311802212456133023e-06 -5.545668656916640238 -1.878257286156196325e-05 -1.531178415315092019e-06 0.9999999998224350373 0.494252794465222578
0.9999274238721888031 0.01204768121256242011 1.918231278434250785e-05 51.14375505918941656 -0.01204768115667065667 0.9999274240522756374 -3.026606582200080521e-06 -5.613377578816566071 -1.921738420107078801e-05 2.795284534540944208e-06 0.9999999998114390554 0.4942114795004443617
0.9999243123572013614 0.01230322138704769384 1.739861450861118029e-05 53.17526623935912511 -0.01230322163167223669 0.9999243124072212385 1.402356748180996251e-05 -5.652081785890592514 -1.722476259399627503e-05 -1.423656508142730277e-05 0.9999999997503136173 0.4942013568485732478
0.9999479630692754695 0.01020151428202055802 1.619237251482679924e-05 55.14666680776101515 -0.0102015144972214377 0.9999479631102148325 1.326377960593097771e-05 -5.698469657394932497 -1.605621927703892291e-05 -1.342827612250548494e-05 0.9999999997809393415 0.4941614480900554107
0.9999578072514077043 0.009186038677691563126 2.031258779816044426e-05 57.18111350037694507 -0.009186038536791734863 0.9999578074343768996 -7.019028132658113293e-06 -5.77212593972915311 -2.037620782187292689e-05 6.832139766273703268e-06 0.9999999997690658393 0.4940807790367521823
0.9999193382349426118 0.01270104027061084127 2.453714146810442154e-05 59.25160692849651412 -0.01270103903055755899 0.999919337299183697 -5.004935572412204863e-05 -5.890960522166487578 -2.517084111857437211e-05 4.973367146326422165e-05 0.9999999984464951197 0.493976072127590371
0.999828053138083539 0.01854356027175141711 2.308223993192088232e-05 61.36229306411441087 -0.01854355931895698001 0.9998280525885221426 -4.082964912910951901e-05 -5.997206067073053148 -2.383539806001376836e-05 4.039460171367655154e-05 0.999999998900074738 0.4939409481309092742
0.999728834349245532 0.02328642010792425499 2.028517664167705763e-05 63.41077217944840072 -0.02328641931883626906 0.9997288338396221885 -3.830416147061941842e-05 -6.113956577599951814 -2.117164278410142548e-05 3.782140556851273613e-05 0.9999999990606511791 0.4939068315130711317
0.9996280420188173865 0.0272722814733918871 1.658596669472296273e-05 65.37915071390115429 -0.02727228099640736578 0.9996280417678449215 -2.833494730244519313e-05 -6.234350987187680992 -1.735255606623851534e-05 2.787207074835419329e-05 0.9999999994610180298 0.4938823583344578161
0.9995695779067625963 0.02933698439786431786 1.649146319880239527e-05 67.3565401774525867 -0.02933698429522410556 0.9995695780251253604 -6.431716782956293286e-06 -6.338442828838307008 -1.667305208555689729e-05 5.945138633086855507e-06 0.9999999998433320991 0.4938660550997517884
0.9994541658846448628 0.03303588718130130719 2.135897379584682023e-05 69.37858837571334902 -0.03303588698409483382 0.9994541660740425826 -9.520856788953382306e-06 -6.463801434932975098 -2.166184529407463635e-05 8.810047336094659436e-06 0.9999999997265734963 0.4938160687141094352
0.999221990839881502 0.03943871848409707948 2.255102731952666418e-05 71.40921983817564467 -0.03943871843568267505 0.9992219910929138749 -2.58773101292693787e-06 -6.5933043128581863 -2.263553921433951929e-05 1.696334117604820861e-06 0.999999999742377188 0.4937760748889271634
0.9990058648023503185 0.0445789385915947925 1.807726517791848601e-05 73.32898670320645351 -0.04457893859246204321 0.9990058649658049017 -3.551545235984946834e-07 -6.731485112612997312 -1.80751263469807079e-05 -4.510638423001267796e-07 0.9999999998365429743 0.4937258658618938201
0.9989055166304622313 0.04677358872061405243 1.567344012181762979e-05 75.26237209336996159 -0.0467735887294765118 0.9989055167529903301 1.991719286161681438e-07 -6.872022113243985153 -1.564696981830751178e-05 -9.320569804866095753e-07 0.9999999998771516019 0.4936928128559375795
0.9988183004686983502 0.04860043520130432476 1.868950097363763157e-05 77.24143221357124389 -0.0486004351874513088 0.9988183006435129574 -1.194932444686869332e-06 -7.016055156214871857 -1.872548983921196555e-05 2.85202512821965953e-07 0.9999999998246371646 0.4936618808075221021
0.9985484700882019116 0.05386049077117307377 2.050931882728650814e-05 79.24269135625195304 -0.05386049086988903972 0.9985484702842780669 4.291314612696841259e-06 -7.164774035322548862 -2.024841663046612599e-05 -5.389727620620301779e-06 0.9999999997804760454 0.4936366962637134259
0.9983685104746776728 0.05709918520600966441 1.853688270399025433e-05 81.20937508016714901 -0.05709918543795174106 0.9983685105585469177 1.223370827945050245e-05 -7.315581160826287288 -1.78081052007766276e-05 -1.327219001549340225e-05 0.9999999997533599583 0.4936011599785012915
0.998032263419361132 0.06270247906856886433 1.71730907967013882e-05 83.14465807631813732 -0.06270247916773850905 0.9980322635468170667 5.297981411789885693e-06 -7.481780090452237353 -1.680710211134848388e-05 -6.364351747888204659e-06 0.999999999838507958 0.4935529946502203447
0.9968907462844974754 0.07879619068867291243 1.753637986770334255e-05 85.08562760901794775 -0.07879619061827648763 0.9968907464333618407 -4.67071653745017787e-06 -7.679388813097756561 -1.784988948699142513e-05 3.274394163892007479e-06 0.9999999998353297226 0.493508994257654432
0.9942233960518265246 0.1073305101563369612 1.830262225371703038e-05 87.04458272616325587 -0.1073305107141610953 0.9942233956173985865 3.284934751314255372e-05 -7.871007820096397545 -1.467115801890472796e-05 -3.462401963650304154e-05 0.9999999992929670123 0.4935371674023282251
0.9888524448201120309 0.1488987643316818654 1.886843929985276057e-05 88.95017032609432306 -0.148898764685645002 0.9888524447645002935 1.898926877646629063e-05 -8.174424701726291431 -1.583062367417195087e-05 -2.158707215824907721e-05 0.9999999996416946146 0.4934780408567182586
0.9812761778408083391 0.1926059773043854451 1.763489209656629028e-05 90.79849650313595077 -0.1926059774368291955 0.981276177954113149 6.132203784604001924e-06 -8.563876092654144401 -1.61236004121884643e-05 -9.413971120749317794e-06 0.9999999998257030898 0.493419784238781689
0.9701465580051178428 0.2425193925261916184 1.554934083794687542e-05 92.59555455967394266 -0.2425193927284306772 0.9701465579950639961 1.277480464212574942e-05 -9.02320222166726893 -1.198700163157713548e-05 -1.616444945009236746e-05 0.9999999997975109745 0.4934081004337435017
0.95403831276575779 0.2996846632839781366 1.922673643892107412e-05 94.38906219232428896 -0.2996846636185471757 0.9540383126881372133 1.781131230550472586e-05 -9.580597386861134268 -1.300526605976682701e-05 -2.275463238226824067e-05 0.9999999996565446247 0.4934006125027887157
0.9330711028860408929 0.3596919746537248219 1.819241574295943868e-05 96.08424921778322414 -0.359691974855805896 0.9330711029389637812 9.318173170397646258e-06 -10.25021378049607179 -1.362314531458164811e-05 -1.523818406296898542e-05 0.9999999997911035443 0.4933519975087449216
0.909973963821983256 0.41466538901910871 1.783176511292370697e-05 97.74089103797872724 -0.414665389028995357 0.9099739639861607055 -3.313307084678680462e-06 -11.03445006411016571 -1.760035575588537028e-05 -4.379192636419657716e-06 0.9999999998355248998 0.4933021085881601486
0.8838990231248139429 0.4676777913306668366 2.042795684983284978e-05 99.39862927450633379 -0.467677791487827732 0.8838990232709668105 3.454183090444690779e-06 -11.91615711323406046 -1.644080638839780657e-05 -1.260685080347678119e-05 0.9999999997853833422 0.4932985540371215283
0.8551271412124603621 0.5184183367465609038 2.211259347353852596e-05 100.9648155663283404 -0.5184183370670590874 0.8551271412151559836 1.23309469077965362e-05 -12.86600312493783349 -1.251648985542988413e-05 -2.200810131449843372e-05 0.9999999996794902701 0.4932788615363664086
0.8234298064133320771 0.567418146956171543 2.042448146890027741e-05 102.4678132689927708 -0.5674181472350739996 0.8234298063876090978 1.195880693870475951e-05 -13.90992674907265325 -1.003248274853739981e-05 -2.143645951579258003e-05 0.9999999997199134905 0.4932551331606788714
0.7901372271164349703 0.6129299812072217524 2.154758801241861161e-05 103.9273233239354113 -0.6129299814864430651 0.7901372271334170527 9.755815814749055614e-06 -15.04559432050626633 -1.10459194395504489e-05 -2.091559597765372503e-05 0.9999999997202625446 0.4932322859628767153
0.7495635424252740098 0.6619323948985853523 2.128216059276108823e-05 105.3059291536959279 -0.6619323951643614201 0.7495635424397297797 8.911092803349428566e-06 -16.26947647707530464 -1.00537906841965852e-05 -2.076678182399790029e-05 0.9999999997338308022 0.4932155461958354081
0.7019949529081062067 0.7121819189910215675 1.886913555425650139e-05 106.5473900961340235 -0.7121819192104678065 0.701994952876919931 9.341206595555241025e-06 -17.53621727272213704 -6.593399485324388192e-06 -1.999573705702456554e-05 0.9999999997783486361 0.4931988803440701674
0.6464667280680804762 0.7629421795749129487 1.134303759422159596e-05 107.6892718025403184 -0.7629421796254621801 0.6464667281079056194 2.022491069579141004e-07 -18.90709908154932606 -7.178592025861854701e-06 -8.784829144138758391e-06 0.9999999999356471436 0.493174254405435275
0.5861064681252915465 0.8102340452140424087 -1.353192207442970353e-07 108.7664941572858623 -0.8102340451126086585 0.5861064680492572565 -1.592221305342415388e-05 -20.42525245379373544 -1.282140762050606733e-05 9.441752297085984888e-06 0.9999999998732321815 0.4931492633359339517
0.5232285433853564038 0.8521924027268131807 -1.112529301155009811e-05 109.7120496243594374 -0.8521924027389290446 0.5232285431480561133 -1.874690225928407692e-05 -22.00022715356832848 -1.01548968254954124e-05 1.928980454480034695e-05 0.9999999997623905124 0.4931292663576537505
0.4607689146533771596 0.8875201444987523836 -2.000737519083603091e-05 110.5324819372505942 -0.8875201446110085879 0.4607689141173603176 -2.636277140900888472e-05 -23.65552444346791106 -1.417871414929101581e-05 2.990409409204160951e-05 0.9999999994523544045 0.4931196500540971916
0.4054989848415126996 0.9140954943532449972 -2.231215292606326419e-05 111.2862803239219289 -0.9140954944276422633 0.4054989841249893034 -3.070698292426955847e-05 -25.4394794115723144 -1.902155939109677086e-05 3.284708886403193609e-05 0.999999999279624463 0.4930856572008954219
0.363554647399123354 0.9315728730900965093 -2.189507665265975081e-05 111.9560771137885666 -0.9315728731769690185 0.3635546467826121231 -2.767325841403120548e-05 -27.26905795692958634 -1.781959998978780956e-05 3.045760117084616664e-05 0.999999999377397808 0.4930717001691136137
0.335852065290480728 0.941914746315338669 -3.026652797832042778e-05 112.5720896185138429 -0.9419147465662776053 0.335852064314879073 -3.314592132259281104e-05 -29.16071771394109291 -2.105555617279522448e-05 3.964061516228942114e-05 0.9999999989926424693 0.4930540907896453495
0.3177804672007309983 0.9481643175853191607 -3.906256240718068132e-05 113.1593824268060615 -0.9481643181608083726 0.317780465948466373 -3.507787971062310996e-05 -31.09622204906226273 -2.08462745952679547e-05 4.81847928532713564e-05 0.9999999986218290893 0.4930154092323266735
0.3095720170126396997 0.9508759985317237762 -4.124628437638148352e-05 113.7217835536517754 -0.9508759992424553609 0.3095720158085719098 -3.309247897431348659e-05 -33.04673793426526629 -1.869814858958039093e-05 4.946460733545682086e-05 0.9999999986018156539 0.4929607975231362071
0.3078583729299240734 0.9514321951782714892 -1.405090379933036861e-05 114.3450250596207667 -0.951432195144957249 0.3078583726013213173 -2.152083488758759934e-05 -35.06305068555808191 -1.614992680192703042e-05 1.999385145815378307e-05 0.999999999669712647 0.4929541412594773409
0.3105128713246138039 0.950569174737274758 2.798700983418205424e-05 114.9915283664853831 -0.950569174989153054 0.3105128716781336284 -9.212617804473043653e-06 -37.07050447445926267 -1.744755729686390047e-05 -2.374295244160857379e-05 0.9999999995659273333 0.4929341402666042038
0.3183432556200346264 0.9479755116622577971 2.986888954426050985e-05 115.6311522021249658 -0.9479755119804087471 0.3183432559758217484 -7.901073270360008761e-06 -39.09257884452694753 -1.699858352605258373e-05 -2.579972247022780619e-05 0.9999999995227111249 0.4928846362784984336
0.3322203700051814534 0.943201794677456129 -1.652509050089466947e-05 116.2783402417243792 -0.9432017945920756485 0.3322203694860959011 -2.791132855237968012e-05 -41.19066377390279143 -2.083604351043823847e-05 2.485920691524807873e-05 0.9999999994739392495 0.4928066745963413653
0.3494450686925972827 0.9369568523693619921 -2.769036530087127582e-05 116.9524575810978604 -0.9369568525924687474 0.3494450678816199418 -3.025652898285174691e-05 -43.20143657195833242 -1.867280057716533156e-05 3.651767236825225735e-05 0.9999999991588929271 0.492774127994542066
0.3683263812146684302 0.9296965509729976374 3.528693554791077847e-06 117.7040490155325472 -0.9296965508352311724 0.3683263812216928113 -1.623080237926395828e-05 -45.18848223079645265 -1.638943191900253899e-05 2.697618477720947241e-06 0.9999999998620544561 0.4927691246649870127
0.3902029702473870931 0.9207288645285250928 6.030116019885240763e-06 118.4898380520393602 -0.9207288643718822829 0.3902029702924625365 -1.701870397085126303e-05 -47.16885973398029108 -1.802258116499637068e-05 1.088646964167529931e-06 0.9999999998370006082 0.4927150410159106264
0.4130174921369696994 0.9107230924840975517 2.706019214268330761e-06 119.3159330154387732 -0.9107230922932156858 0.4130174921082291339 -1.94613495579457322e-05 -49.12457088255265347 -1.884153372280015229e-05 5.573443601400358543e-06 0.9999999998069664109 0.4926667819586543207
0.4308301518116542383 0.9024330336424761789 9.111357335309757034e-06 120.1935313428224674 -0.9024330335002430648 0.4308301519060472318 -1.60746349944835007e-05 -51.06339764373993262 -1.843172908760903894e-05 -1.296952404418019192e-06 0.9999999998292943282 0.4926337701644835643
0.4498416686950473808 0.8931083210244974424 4.969014361988797557e-06 121.0905378946362703 -0.893108320845067194 0.4498416687064893393 -1.830023076463165103e-05 -52.95792443757394352 -1.857935808498458637e-05 3.794338271575507486e-06 0.9999999998202051543 0.4925776541229772709
0.4680363815275465633 0.8837091973997021066 -8.752196168294704683e-08 121.9981463121510501 -0.8837091972245711968 0.4680363814328160621 -1.995524867257592345e-05 -54.78680297096644125 -1.759367332611155743e-05 9.41712634369317234e-06 0.9999999998008899382 0.4925173921435546665
0.4877732950830732661 0.872970338885171504 -5.722084697264394236e-06 122.939158268007489 -0.8729703387381735347 0.4877732948522492951 -2.268417045776991006e-05 -56.60174166159229259 -1.701152786564011154e-05 1.605994278687196129e-05 0.999999999726342681 0.4924472091617294045
0.504101066543764631 0.8636446692427343086 5.285398629109454699e-07 123.9227766337235863 -0.8636446690671252258 0.5041010664534214536 -1.986683857217213641e-05 -58.37960196521314771 -1.742432673611895962e-05 9.558423878092269253e-06 0.9999999998025143055 0.4924346874714526368
0.5168492084571668643 0.8560764543657346515 1.576559111166520677e-07 124.8951220805202382 -0.85607645420867029 0.5168492083658507985 -1.906138115994274946e-05 -60.09580816120184465 -1.639948393157244065e-05 9.716894251242981235e-06 0.9999999998183192185 0.4923980916534172469
0.528184124852917658 0.8491298665360238473 3.479163499176619837e-06 125.9094191169626527 -0.8491298663785705747 0.5281841248267811206 -1.752457694676049489e-05 -61.81173769140708174 -1.671828061184490579e-05 6.301941700877266764e-06 0.9999999998403921175 0.4923672267442209538
0.5326615582946984118 0.8463283430898000947 -4.119529475702801545e-07 126.9128445336475721 -0.8463283428898205063 0.5326615581581251035 -2.20036597625959752e-05 -63.50373208312817042 -1.840288940984894262e-05 1.206915115279646195e-05 0.9999999997578343791 0.4923249453219740723
0.5249500007498132392 0.8511330663941067964 -2.35976534653261063e-06 127.9180744939206704 -0.8511330661832359201 0.5249500005535273628 -2.388739484120857721e-05 -65.2117299294652355 -1.909259279939614184e-05 1.454816225467077596e-05 0.999999999711911669 0.492284917052114912
0.5186215841106306401 0.8550038903400325463 4.714009221892721147e-07 128.89028173431862 -0.8550038901239529476 0.518621583991804358 -2.220296306512719049e-05 -66.88674316253590746 -1.922809849072080047e-05 1.111188625450624425e-05 0.9999999997534028129 0.4922552304046394211
0.5123917375624451598 0.8587518310183013259 1.638810430452759671e-06 129.809532989631947 -0.8587518308568073966 0.5123917375014093167 -1.850947516740711517e-05 -68.50113861870885046 -1.673475861509376037e-05 8.07677068481812315e-06 0.9999999998273566559 0.4922223578156635915
0.5095401581935478097 0.8604468764481658649 9.602080974061742936e-07 130.7517060051891065 -0.8604468762165515816 0.509540158081678296 -2.266074694302146241e-05 -70.1711727417800688 -1.998763351084879104e-05 1.072035252420012766e-05 0.9999999997427841958 0.4921875686912626779
0.5081010486216673838 0.8612974656670642215 5.223689938227220174e-06 131.6455404664673097 -0.861297465514256122 0.5081010486328525477 -1.670769071450063133e-05 -71.74836431219191013 -1.70444540048946714e-05 3.990044267656839832e-06 0.9999999998467828943 0.492158930789455773
0.5093067787776495159 0.8605850365200521379 3.338788730750359066e-06 132.5240931562015589 -0.8605850363462661523 0.5093067787465427321 -1.84918503854292863e-05 -73.30898598169017077 -1.761427747264172707e-05 6.544713132235925765e-06 0.9999999998234517795 0.4921204609173187583
0.5196334844999035418 0.8543892799923872294 4.776117566375678045e-06 133.4121653185945604 -0.8543892798402618061 0.519633484501163978 -1.677646410270807362e-05 -74.83339426402440608 -1.681546169893390037e-05 4.636948851309605671e-06 0.9999999998478692476 0.4920970180475934264
0.5425893085575407282 0.8399981203695895404 4.103520369512898205e-06 134.3036839500158237 -0.8399981202169841676 0.5425893085421464868 -1.702706614136388863e-05 -76.29904409354442407 -1.652922983403696841e-05 5.791754647743209247e-06 0.9999999998466198026 0.4920608668740425462
0.5824460792588264102 0.8128693405201233846 7.957218519990275291e-07 135.2233863724792116 -0.8128693403313620447 0.5824460791441327112 -2.100275202987639391e-05 -77.69516885272561524 -1.75359582644194555e-05 1.15861526765251655e-05 0.9999999997791254591 0.4920159414663546338
0.6415289184037809012 0.7670988507685069235 1.882491655813846711e-06 136.2054439858305273 -0.7670988505786334732 0.6415289182960576264 -2.081014951013989708e-05 -78.9809490374372416 -1.7171114609204731e-05 1.190625552166234901e-05 0.9999999997816968467 0.4919884672683623172
0.7138428796007166843 0.7003058926090460767 4.757770274022692814e-06 137.2786811894701771 -0.7003058924358802617 0.71384287954923209 -1.840321187919088209e-05 -80.12865025417276854 -1.628417815457227329e-05 9.805107203989372092e-06 0.999999999819342511 0.4919732756386597794
0.7909707371559880906 0.6118539800752135216 5.59157293969033286e-06 138.4206062241285906 -0.6118539799485828157 0.7909707371300526146 -1.507491785247070069e-05 -81.08787343094830646 -1.364641905716440772e-05 8.502592729012389456e-06 0.999999999870740397 0.4919541837716213672
0.8675645293323970275 0.4973246298178623515 4.797420263634321304e-06 139.6015341035204074 -0.4973246297638813651 0.8675645293273802627 -9.241851949402790905e-06 -81.8215681578529086 -8.758272252573780328e-06 5.632027680209647499e-06 0.9999999999457862554 0.4919487481552030084
0.9335657455770671742 0.3584061922836342395 4.484831389825598006e-06 140.8425903454115655 -0.3584061922240517339 0.9335657455524184467 -1.043291658604958056e-05 -82.36282773731723239 -7.926106868138228307e-06 8.132422210004433525e-06 0.9999999999355200231 0.4919306233666823069
0.9799359851937393673 0.199312480522422425 5.710241307045740627e-06 142.097997357910117 -0.199312480481764337 0.97993598519379288 -6.979205370714168019e-06 -82.66420910644328046 -6.986713675426614188e-06 5.70105213176350918e-06 0.9999999999593417455 0.4919210905079482443
0.999833264573126379 0.01826042258299660076 4.729449149401310947e-06 143.2992583943051841 -0.01826042253933798584 0.9998332645435562549 -9.115512165538026211e-06 -82.73073031397601085 -4.895113686741805866e-06 9.027630546879566876e-06 0.9999999999472696244 0.4919100851586509227
0.9841696627625533544 -0.1772288770935165347 4.924000522321170099e-06 144.4486512209524562 0.1772288771279056097 0.9841696627381505413 -7.7517275510265074e-06 -82.55757180373086612 -3.472221963972000509e-06 8.501690173269155825e-06 0.9999999999578322862 0.4919079707057312234
0.9268485269246674596 -0.3754354912854900306 4.798872393355276994e-06 145.4971890157228813 0.3754354913098500446 0.9268485269074822064 -6.049312583484026233e-06 -82.14907687509511902 -2.176701166878499424e-06 7.408463471641640625e-06 0.9999999999701880693 0.4919040942933934346
0.8264127204656059877 -0.5630648412196043173 6.10004577179829907e-06 146.3948478124223982 0.5630648412521711554 0.8264127204023244966 -1.025326128214990757e-05 -81.56297256770108106 7.32095514966322692e-07 1.190814685395476113e-05 0.9999999999288298191 0.4918973299581619885
0.6856291341153618601 -0.7279510220123361908 2.376297245419708718e-06 147.1287732644669859 0.7279510220140740229 0.6856291341176092846 1.870268009643314332e-07 -80.77801485404928883 -1.765404973688858021e-06 1.601596984810965556e-06 0.9999999999971589393 0.4919133153242686296
0.5130004088514613647 -0.8583883622927073187 9.538462288908701416e-07 147.6373564273302179 0.858388362290453677 0.5130004088466512124 -3.116724126451738987e-06 -79.90897511935243358 2.186036213225224664e-06 2.417651253441515757e-06 0.9999999999946879159 0.491912739019273848
0.3173398278553073437 -0.9483118862787539571 1.195001742829140183e-06 147.9459302934905907 0.9483118862661205073 0.3173398278438802622 -5.713282879531621004e-06 -78.95325494595000748 5.038752416990207893e-06 2.946286562312843384e-06 0.99999999998296496 0.4919116577629452092
0.1103810709022989556 -0.9938893395044133827 2.859247009603178766e-06 148.0500578082255458 0.9938893394894120492 0.1103810708818777631 -6.519399540846799402e-06 -77.94937740113937252 6.163954956781797282e-06 3.561393424770205976e-06 0.9999999999746609358 0.4919162164338552468
-0.09970058705662356024 -0.995017483737241859 6.915394904264966929e-08 147.9267007642820602 0.9950174837282481644 -0.09970058705601744786 -4.245386667064719312e-06 -76.93726851218049489 4.231128648271167198e-06 -3.544581546224264774e-07 0.9999999999909857662 0.4919263597146712463
-0.2999028193587442992 -0.9539697578739911865 -2.178951062887704453e-06 147.5968596251786096 0.9539697578541275202 -0.2999028193352992755 -7.53052710404716301e-06 -76.01234745417703209 6.530421551157731209e-06 -4.337079727600161163e-06 0.9999999999692713581 0.4919323085871710743
-0.4752453048166344618 -0.8798533401915890062 2.383449802889080451e-06 147.1190533241603475 0.879853340135122175 -0.4752453048142023517 -1.036135978129126427e-05 -75.21565112950612786 1.024920034057928162e-05 -2.827101317458228324e-06 0.9999999999434805442 0.4919332557356748681
-0.6181685301184572934 -0.7860455892442299586 1.763429972794262172e-06 146.5131657204817657 0.7860455891572303289 -0.6181685300806823991 -1.365956516378335258e-05 -74.53198770362044456 1.182713786216849279e-05 -7.057776967450655822e-06 0.9999999999051528699 0.4919580033739500147
-0.7317799357959009487 -0.6815409933146634458 6.643771988847992058e-07 145.811940808915665 0.6815409932425904316 -0.7317799357320283749 -1.386233417529994053e-05 -73.9594973408811569 9.933926907395472237e-06 -9.691377716766641186e-06 0.9999999999036968124 0.4919656552693157936
-0.8163873234643458376 -0.5775047515623151773 3.45001877799813752e-06 145.066580082872747 0.5775047515015330202 -0.8163873234430198966 -1.081328749303791037e-05 -73.50074168098723248 9.061276503236809197e-06 -6.835428597228270399e-06 0.9999999999355851932 0.4919622630995180157
-0.873849515606495042 -0.4861964870842894193 4.839727920230582769e-06 144.2532596383431098 0.4861964870728716082 -0.873849515619686823 -3.386794309466296635e-06 -73.10289219937287442 5.875841394564144006e-06 -6.064898535813536214e-07 0.9999999999825532893 0.4919568610331990222
-0.9092499562433334903 -0.4162505460194325102 3.500440333032773465e-06 143.4253158870515108 0.4162505460106884492 -0.9092499562492197818 -2.971243666128360464e-06 -72.7921326059929612 4.419557018045764071e-06 -1.244542973512765831e-06 0.9999999999894592095 0.4919615936835152192
