0.9999806747146977592 0.006216928271891146787 0 -0 -0.006216928271891146787 0.9999806747146977592 -0 0 -0 0 1 0.4949999999999999956
0.9999825181662732598 0.005912982671174569702 4.941184979318832096e-08 0.001354849508298155286 -0.005912982671081087188 0.9999825181648015482 -1.716658624038420202e-06 -0.0003379254010949662556 -5.956155868022879934e-08 1.716336442286195319e-06 0.9999999999985252908 0.494994906573840765
0.9999806656048746412 0.006218393571293118725 -2.392679549606653693e-07 0.00495819872622731226 -0.006218393570832319792 0.9999806656031373642 1.880842911792628839e-06 0.0009287389846909440425 2.509591503637475581e-07 -1.879318684515312995e-06 0.9999999999982025489 0.4950055994534078851
0.9999812235823769546 0.006128008234619427078 -3.981665254002652392e-08 0.003557105123219851065 -0.006128008234657758395 0.9999812235818308359 -1.045629036236626777e-06 8.00221392544623049e-05 3.340828158179092994e-08 1.04585339984379607e-06 0.999999999999452549 0.4949970216508945975
0.9999804117060757669 0.006259089900273410306 -1.87929125450187905e-08 0.003951735251070422755 -0.006259089900292744667 0.9999804117052126795 -1.313922133106729709e-06 -0.000574715262093341661 1.056858767011057912e-08 1.314014022142906399e-06 0.9999999999991365796 0.4949964934091755642
0.9999817313283574371 0.006044585322511536463 2.296495349647691492e-07 0.007482456303537309179 -0.006044585321973521518 0.999981731325797929 -2.275544863951085298e-06 -0.003344880000054122667 -2.434000646586340689e-07 2.274115156560800069e-06 0.9999999999973845366 0.4949948686493115257
0.9999807506420856917 0.006204703661097508982 -3.805002980844581795e-08 0.006861952133203988793 -0.006204703661113085064 0.999980750641997207 -4.226098065734913677e-07 -0.002620045008259887231 3.542712875770275288e-08 4.228377607651599275e-07 0.9999999999999099609 0.4949984803172554071
0.9999802503086043792 0.006284822587569040102 -1.287715737814425501e-07 0.006529758534080699894 -0.006284822587415860549 0.9999802503079436855 1.157617828605692318e-06 -3.433276273763401432e-05 1.360444532578383372e-07 -1.156785659515501128e-06 0.9999999999993216537 0.4950025309027490938
0.9999807388224102311 0.006206608285934176253 6.626446354635228074e-08 0.005988849390456778971 -0.006206608285903209704 0.9999807388223076465 -4.583523942873248786e-07 -0.0008911489615437849423 -6.910800098591867562e-08 4.579322883115126318e-07 0.9999999999998927525 0.494996845664118168
0.9999806453776614035 0.0062216454652791707 -1.136439540661871151e-07 0.006204233580749396459 -0.006221645465315978063 0.999980645377614441 -3.260612101892706152e-07 0.0001855564456084517731 1.116131172737726117e-07 3.267619517914940348e-07 0.999999999999940381 0.4949983733446791656
0.9999782575963475084 0.006594265437786636999 -3.765858089302690218e-07 0.002918771681521702913 -0.006594265437267805494 0.9999782575954931918 1.362851568686386559e-06 0.003467986206743974096 3.855646260453738263e-07 -1.360338630233503343e-06 0.9999999999990003552 0.495002396743801476
0.9999808923421439344 0.00618182438995991488 2.324164873049616142e-07 -0.00108005047591629307 -0.006181824389857552317 0.9999808923420753226 -4.3878167236343139e-07 0.004119717191711627646 -2.351245176137261436e-07 4.373365303638493912e-07 0.9999999999998767652 0.4949971850207244284
0.9999803053742016834 0.006276054940384917166 5.799886775493541889e-07 -0.001091424517488353294 -0.006276054938720542799 0.9999803053703805178 -2.828336902633466208e-06 0.001831210967713690213 -5.97728052681205516e-07 2.824641158791726393e-06 0.9999999999958321117 0.4949933056385439345
0.9999812366877575132 0.006125869287007253833 3.669941951879913954e-07 0.003483876990248069641 -0.006125869286164376849 0.9999812366852861567 -2.255528968152025781e-06 -0.0008078011228618821532 -3.808043847940645788e-07 2.253238488488934674e-06 0.9999999999973889775 0.4949979802883927027
0.9999787552265784196 0.006518366183909139917 -1.678332355309652204e-07 0.01149016286445350178 -0.006518366183802468301 0.9999787552263955659 6.287270508321328818e-07 4.258810489167903475e-05 1.71927943098793722e-07 -6.276196951814269497e-07 0.9999999999997882805 0.4950016685827868801
0.9999675417853328696 0.008057007984781795751 -6.039421617848010106e-07 0.0510663508482636988 -0.008057007981649638023 0.9999675417729362303 5.020715863089446365e-06 0.009688126680170000213 6.443745066912719322e-07 -5.015686932798216457e-06 0.9999999999872137835 0.4950118076721606863
0.9999539573012349303 0.009596003303884491006 6.518278650177863339e-07 0.1000806420185240825 -0.009596003302743703889 0.9999539572999595061 -1.731345218616573248e-06 0.01172249158981901636 -6.684118475409248926e-07 1.725010560464684584e-06 0.9999999999982888133 0.494990615351447838
0.9998574958312147487 0.01688158854907701595 6.519746623628062917e-07 0.1431051018801641206 -0.0168815885461100941 0.9998574958221633224 -4.315720180730803053e-06 0.01450112519588370869 -7.247379656335982136e-07 4.304098804621243937e-06 0.9999999999904747305 0.4949880533435918051
0.999590683721167772 0.02860882757927843759 2.149512082251741068e-06 0.2266142409115591838 -0.0286088275643646868 0.9995906837016176327 -6.675181092207173749e-06 0.014214061297727551 -2.339601356850307849e-06 6.610953811413326828e-06 0.9999999999754107805 0.4949864181793496298
0.99909846868811647 0.0424529132326126532 5.035651235161226948e-06 0.3611279637439672729 -0.04245291311201390694 0.9990984684630518364 -2.203000342756600841e-05 -0.0107021136113008928 -5.966349260788254282e-06 2.179636462532645933e-05 0.9999999997446605837 0.4949699776062664869
0.9981633473794577771 0.06057996274946145232 7.98390688805642628e-06 0.5067768807821737553 -0.060579962464789118 0.9981633469138757597 -3.205756272272029014e-05 -0.0611231438448178524 -9.911289176412115405e-06 3.151501933653656198e-05 0.9999999994542849713 0.4949371418747851581
0.9959291513824002351 0.09013947751523419816 4.716533718680188834e-06 0.6579003031219390341 -0.09013947749084547101 0.9959291513824557462 -5.150921845922038177e-06 -0.07905326907487290888 -5.161634827825113506e-06 4.704807337876417449e-06 0.9999999999756111757 0.4950137122295876213
0.9913702234855048534 0.1310918756772141147 1.095275332185408106e-05 0.9928463206885934644 -0.1310918753984268714 0.9913702233123193874 -2.316113552728039487e-05 -0.1727732764456822723 -1.389447020565659107e-05 2.152544313011982229e-05 0.9999999996717995332 0.4949652101129103365
0.9838626778838507336 0.1789252106716277824 7.454167110696479666e-06 1.371860942581015985 -0.1789252093967910462 0.9838626744335872143 -8.544551792434493785e-05 -0.3807576874681708468 -2.262223408476451964e-05 8.273291766705854621e-05 0.999999996321749407 0.4948244890233553517
0.9746662872284109769 0.2236640975429514955 -3.593675239149175701e-06 1.779066228264955418 -0.2236640973717320124 0.9746662855510369594 -5.795917312829307908e-05 -0.5669117364469521414 -9.460752055257115527e-06 5.729462821239354731e-05 0.9999999983139098436 0.4948856279693098492
0.9637857632934769825 0.2666777126857783342 -5.632406978670908716e-06 2.262192866875791797 -0.266677712738830841 0.9637857632019242171 -1.341278699385663859e-05 -0.7708299102476088294 1.851542302338936112e-06 1.442909056105312973e-05 0.9999999998941865309 0.4949598187143559591
0.9510414613673345841 0.3090633247943538331 -5.438514653404502493e-06 2.855543245807794062 -0.3090633247882443868 0.9510414613828684915 1.95114754082770823e-06 -1.031903602786245822 5.775281069858501181e-06 -1.747767878812831204e-07 0.9999999999833077968 0.4949985341185635379
0.9416938780033919931 0.3364708606974831095 -5.887321979707866862e-06 3.600088056790522018 -0.3364708607202411828 0.9416938780075079229 -3.404973822791470256e-06 -1.38088224294988704 4.398380593342895357e-06 5.187355297534033551e-06 0.9999999999768728332 0.4949919959887028598
0.9370327361905008701 0.3492415371948290326 -2.714559010617945248e-06 4.362055484127213667 -0.3492415372047166788 0.9370327361755552698 -5.335892144384587163e-06 -1.732943438168511818 6.801154824186542932e-07 5.947942377771215169e-06 0.9999999999820796681 0.494990510542775819
0.9356006073019258462 0.3530601982925308246 3.730349181322330648e-07 5.112016422576915353 -0.3530601982705185993 0.9356006072544006402 -1.0227979593472581e-05 -2.088315378016201596 -3.960104199335004161e-06 9.437600136967058079e-06 0.9999999999476246737 0.4949802610542242687
0.9425147953566201942 0.3341644214031869176 2.09150723491610424e-06 5.928191936338760293 -0.334164421354720631 0.9425147952965675646 -1.224610265177082447e-05 -2.463859136986918941 -6.063488320451274202e-06 1.084322562983499186e-05 0.9999999999228292857 0.4949705045855578578
0.9526134092403979459 0.3041836493207216718 4.852548365526554349e-06 6.905488974965743765 -0.3041836493176042766 0.9526134092527444031 -1.385939873193055376e-06 -2.835648258354475093 -5.044182890415046464e-06 -1.558009627114019829e-07 0.999999999987265964 0.4949951590305141647
0.9591304412278143232 0.2829643026587815302 1.154124747130969692e-05 7.884767742055350581 -0.2829643028866774546 0.9591304401083288189 4.638634558889024077e-05 -3.121060197931281088 2.056118165893179546e-06 -4.775631715677995941e-05 0.9999999988575533072 0.4949993261514663567
0.9641209131541464972 0.2654634904906851278 6.1277703784714754e-06 8.966918831204640838 -0.2654634904156266684 0.96412091313282966 -1.088596451913619208e-05 -3.498537171501214349 -8.79773771136786785e-06 8.868686739618702263e-06 0.9999999999219730817 0.4949409487895191639
0.971973932267492291 0.2350886534466248845 3.918395438895559686e-06 10.07560953471807785 -0.2350886534184673249 0.9719739322601649301 -6.544996278721445345e-06 -3.811543358732788267 -5.347232584871407864e-06 5.440395462413966482e-06 0.9999999999709046072 0.4949506119413745187
0.9791162484572263347 0.2033011854153242981 4.243056275108823377e-06 11.20912519876059044 -0.2033011854580781264 0.9791162481558227659 2.43071605107475795e-05 -4.057258858275321067 7.872292051169805609e-07 -2.466215418062577119e-05 0.9999999996955791781 0.4949758542940919104
0.98212912689232168 0.1882083369723442368 2.462397233053125001e-06 12.44480152053987965 -0.1882083369568213482 0.9821291268830709686 -5.484269245910739441e-06 -4.351782005574600376 -3.450577238819186168e-06 4.922816877968720062e-06 0.999999999981929677 0.494939797926850833
0.9850079165794219938 0.172509142565612783 3.062086311724529832e-06 13.73618403398561405 -0.1725091425919221544 0.985007916475576395 1.431351836384325355e-05 -4.589877281460649883 -5.469664779364158464e-07 -1.462716678666860028e-05 0.9999999998928733591 0.4949725489977647164
0.9900540013815496421 0.1406878612734577816 6.396532266020627395e-06 15.15410578366926408 -0.1406878613297863345 0.9900540013493255298 9.427263808146863167e-06 -4.832502658240290572 -5.006610781904936639e-06 -1.023341469976868091e-05 0.9999999999351055768 0.4949535030124809221
0.9917102127174280968 0.1284945678656518597 4.817223143548053192e-06 16.53549792736047053 -0.1284945678520028889 0.9917102127262232836 -3.044486999657231697e-06 -5.043688780572859187 -5.168489429831275832e-06 2.400261843968645586e-06 0.9999999999837627662 0.4949099745252215632
0.9918524867737286144 0.1273916970253516634 3.464728998642012429e-06 17.95474540394199536 -0.127391697037233298 0.9918524867722315896 3.456408082933655138e-06 -5.251453684950671885 -2.996182381997879921e-06 -3.869624659273683926e-06 0.9999999999880244683 0.4949302586253621072
0.9927596053251142028 0.1201181336035212072 4.069797387855460427e-06 19.4839324483018288 -0.120118133657027254 0.9927596051709237646 1.760275902162270617e-05 -5.449575680903682162 -1.925919887943188435e-06 -1.796416456553069323e-05 0.9999999998367897769 0.4949593843439303864
0.993909200825724648 0.1102020892962980864 5.56173291620091962e-06 21.12898840743310203 -0.1102020893830698706 0.9939092006504508525 1.897947734177992592e-05 -5.646949860241064378 -3.436279460156645677e-06 -1.947679174481437489e-05 0.999999999804423334 0.4949512835259700094
0.9944222669936390036 0.1054720573930286592 4.329674079019827259e-06 22.77902379610723926 -0.1054720574351365042 0.9944222669372672074 1.104438375081878038e-05 -5.845561680100529678 -3.140650435921417414e-06 -1.143944076017472654e-05 0.9999999999296377284 0.4949346721321673526
0.994899310632099465 0.1008729978308049446 3.825239258989067801e-06 24.46839628237267306 -0.1008729978674816896 0.9948993105741892329 1.106629194623129637e-05 -6.03661412694760724 -2.689437858062302171e-06 -1.139570958017368371e-05 0.999999999931452388 0.4949369017560003026
0.9952813702968867915 0.09703089160429761995 4.081566125885086602e-06 26.19132238727703665 -0.09703089162576862547 0.9952813702882964408 5.439869745168074254e-06 -6.229537633021378973 -3.534471315108294879e-06 -5.810239014631624994e-06 0.9999999999768742764 0.4949330577339735027
0.9949688054541218074 0.1001852092924702259 3.801942632162034473e-06 27.93367129425249118 -0.1001852093303126634 0.9949688053900522799 1.159165907019091899e-05 -6.41917018777439452 -2.621501528889728754e-06 -1.191423759676428948e-05 0.9999999999255893002 0.4949390713511777617
0.9949124060409511028 0.1007437556629825204 1.719252726299150684e-06 29.6712869508453565 -0.1007437556660353006 0.9949124060405131198 1.792252089729849465e-06 -6.624137566358953677 -1.529947659899785885e-06 -1.956337815411493974e-06 0.9999999999969160225 0.4949268778029494165
0.9952083657639678727 0.09777683117424143533 1.081306601806721846e-06 31.38206603264340444 -0.09777683117841859395 0.9952083657519097404 4.934862891634636184e-06 -6.819107306452083073 -5.936101202374287266e-07 -5.016943566709920384e-06 0.9999999999872389855 0.4949319772366990722
0.9961623129090622086 0.08752511829141573774 3.158207023958303281e-06 33.13261404303622015 -0.08752511831325031355 0.9961623128831111895 7.606250202203807044e-06 -7.011531658469429829 -2.480348864847990525e-06 -7.853482237422057148e-06 0.9999999999660853511 0.4949260892498197895
0.9973470910742987527 0.07279271883295708456 3.573974387492868513e-06 34.81717716739154866 -0.07279271886787544443 0.9973470910188874106 1.087283196414190832e-05 -7.17099415360911685 -2.773029958658244129e-06 -1.110414664400634462e-05 0.999999999934504169 0.4949320026537342154
0.9985263748547643647 0.0542685794100827984 3.232216204608676673e-06 36.50599552010292115 -0.05426857945786642962 0.9985263747091451814 1.720668187092561603e-05 -7.298851178816796015 -2.293670947567697487e-06 -1.735673345377935787e-05 0.999999999846741483 0.494939754719860292
0.9994126987136050522 0.03426744266425555546 5.047145071102183561e-06 38.24144190281672451 -0.03426744269813618987 0.999412698702144664 6.786690864870857935e-06 -7.40632072660455254 -4.811618336159470298e-06 -6.955657787108729842e-06 0.9999999999642336102 0.4949241116490206149
0.9998280454966409492 0.0185439861829649888 4.128647329418421366e-06 39.91222477734071106 -0.01854398622328471552 0.9998280454548910123 9.951676252177476043e-06 -7.473124358161935099 -3.943393642827185091e-06 -1.002652659582750764e-05 0.9999999999419592056 0.4949264000279632869
0.9999602968870351383 0.00891092844577658777 2.461625416156004988e-06 41.57059799303425507 -0.008910928510775031897 0.999960296503247803 2.779290438687692891e-05 -7.502461987111399999 -2.213867098727597456e-06 -2.781373629015810158e-05 0.9999999996107474809 0.4949438964633402493
0.9999497974760204189 0.0100201058735110201 2.860468202550948802e-06 43.30985350922659194 -0.0100201059013655825 0.999949797430870535 9.89541712743561224e-06 -7.555102883011694637 -2.761171472418810558e-06 -9.923582546837033885e-06 0.999999999946949214 0.4949213157855176237
0.9999052152215820444 0.01376809970851946077 2.308881591317810428e-06 45.04366798891897616 -0.01376809969401458431 0.9999052152053206077 -6.18466423406700699e-06 -7.621818370629324768 -2.393813818288544949e-06 6.15228911010707009e-06 0.9999999999782095417 0.4949025399229028954
0.9998346846803930488 0.01818249993340921231 2.909181128628331764e-06 46.8478537665735999 -0.01818249988789322202 0.9998346845733259158 -1.497389162657161406e-05 -7.708706437928690924 -3.180962979611899331e-06 1.491852002734644102e-05 0.9999999998836596182 0.4948913810966551474
0.9997388163907111602 0.0228538614757368419 4.425000329800768657e-06 48.73639486923316611 -0.02285386152649629757 0.9997388163299173458 1.178203928829108395e-05 -7.773223968773923076 -4.154579498178189429e-06 -1.188009035753696345e-05 0.9999999999208014634 0.4949261172154169608
0.9996535856754602545 0.02631935847158596922 4.251151751456459331e-06 50.67820822264344827 -0.02631935845119267453 0.9996535856735896397 -4.783890154323857668e-06 -7.873837116312847328 -4.37558801144635577e-06 4.670345359470373378e-06 0.9999999999795210481 0.4948977095911933355
0.9995309207789464523 0.03062578009370784185 1.635943422515854972e-06 52.63781602487248534 -0.03062578001830501551 0.9995309201768530771 -3.479822505191086483e-05 -8.011943628247170324 -2.70089882255570699e-06 3.473179988422910047e-05 0.9999999993932036091 0.4948158069148558824
0.9994530775097062447 0.03306880489871372175 -1.086776651096197978e-06 54.55485412456681615 -0.03306880491496861502 0.9994530772451267753 -2.299946409346119574e-05 -8.130771661637169245 3.256174773346426863e-07 2.302282357434502045e-05 0.9999999997349218184 0.494853099491481041
0.9993714807526511423 0.03544916690626647576 5.112509951239963547e-06 56.58219403854815255 -0.03544916683512484845 0.999371480678516777 -1.339243316463619407e-05 -8.276428125592882878 -5.584047238488560839e-06 1.320278154441563738e-05 0.9999999998972525228 0.4948729087155912532
0.9993803700338808049 0.03519766923504918932 8.578825221397998587e-06 58.75468412737046009 -0.03519766905874967267 0.9993803698787562251 -1.990136017813093342e-05 -8.434960690195152822 -9.273991015763342465e-06 1.958707404794242371e-05 0.9999999997651698447 0.4948609331614550189
0.999339799261109385 0.03633133064950825469 5.313639484688051548e-06 60.88858071273165251 -0.03633133073773772703 0.999339799117478611 1.757542646689267402e-05 -8.56011738817936596 -4.671592784936056493e-06 -1.775687475089221567e-05 0.9999999998314348382 0.4949002685798439827
0.9993055348379311642 0.0372618844560351839 3.360723892437184326e-06 63.04535320483173422 -0.03726188449337280301 0.9993055347721475634 1.183163920856583947e-05 -8.715490801528822828 -2.917520813438423856e-06 -1.194864945281942779e-05 0.999999999924358951 0.4948786813187513456
0.9992991183846693382 0.03743356771421171847 2.457861462601885489e-06 65.20485843858693897 -0.03743356775769745431 0.9992991181648062105 2.102863421667141439e-05 -8.839037132647943551 -1.668961989262200001e-06 -2.110590215715277669e-05 0.9999999997758777237 0.4948705697269385473
0.9992473777269335056 0.03879018054668353227 1.11169859227606737e-06 67.31993841660630551 -0.03879018056165891432 0.99924737709087319 3.565441064398340451e-05 -8.953060915350565807 2.72179123718128073e-07 -3.567069932952420338e-05 0.9999999993637636031 0.4949042728003983371
0.9991885796884243387 0.04027632330557550516 1.856627136735296076e-06 69.44410279461646951 -0.04027632334248242019 0.999188579268867838 2.896387446325167806e-05 -9.074587470882645945 -6.885622589225888731e-07 -2.90151507020958415e-05 0.9999999995788234619 0.4948863175572297268
0.9991530427172761186 0.04114847780253599874 2.36140067161418651e-06 71.58034574300110364 -0.04114847784215289878 0.9991530425110833891 2.035564067512683962e-05 -9.202733765294810908 -1.521797037154230016e-06 -2.043556836022488815e-05 0.9999999997900358428 0.4948655292972127251
0.9990341589949893741 0.04394029081370402073 2.571795927945430471e-06 73.70005485554949587 -0.04394029084053584222 0.9990341589306798165 1.152176908181811643e-05 -9.334583731849253496 -2.06304209767286234e-06 -1.162364634584506429e-05 0.9999999999303172959 0.4948536744982548474
0.9986835650177672274 0.05129460934616568435 4.202401446817038817e-06 75.82752131026400377 -0.05129460929735833036 0.9986835649685558147 -1.099820236817639558e-05 -9.498530995810599009 -4.761017752321943509e-06 1.076816340951211889e-05 0.9999999999306896648 0.49482318685422505
0.9978735931549611582 0.06517892339004499602 5.652848821855669583e-06 77.97080578263253869 -0.06517892328966597149 0.9978735930424056377 -1.642169805272481283e-05 -9.686227623113557783 -6.711177164103624286e-06 1.601833224185053879e-05 0.9999999998491865272 0.4948085341015995287
0.9962711315225372122 0.08627764766153152298 3.320965680158152133e-06 80.06576866080591515 -0.08627764765418032 0.9962711315260611711 -2.296886537704246228e-06 -9.90341624957654254 -3.50675220334894028e-06 2.001796643073180937e-06 0.9999999999918477434 0.4948161826836789401
0.9933528464141957448 0.1151091764956738428 3.088005281835987118e-06 82.16671090826511659 -0.1151091764653228711 0.9933528463847228762 -8.664707794574346282e-06 -10.18977253220642076 -4.064866215171942378e-06 8.251654406174983571e-06 0.9999999999576935084 0.4947971582364882326
0.9891016079126309091 0.1472345381333546033 2.74569245676298566e-06 84.24878250067111196 -0.1472345381552055688 0.9891016078485548313 1.130751957216762698e-05 -10.52186083217982926 -1.050911401999955778e-06 -1.158854655112227183e-05 0.9999999999323005984 0.4948298730195899719
0.9830653010497854005 0.1832555970601294493 4.501445984307601446e-06 86.30541471683196164 -0.1832555971149743557 0.9830653006969277685 2.63424761667613411e-05 -10.92027523164030178 4.021908478477488279e-07 -2.672128943500912951e-05 0.9999999996429054239 0.4948450406719002714
0.973597015036739788 0.228273634691859767 4.283727960054647127e-06 88.33192033566552936 -0.2282736347311315472 0.9735970148080450581 2.111241692888767536e-05 -11.40955908780954609 6.487833953281916474e-07 -2.153284825381722705e-05 0.9999999997679577257 0.4948241270324215124
0.959592227204169923 0.2813943095949241746 4.378320378500778678e-06 90.33866490243337921 -0.2813943096287588874 0.9595922270674636101 1.620162402975219474e-05 -12.00469138231594002 3.576426053482228595e-07 -1.677898692727625927e-05 0.9999999998591688755 0.4948239686579762875
0.9406519330923586164 0.3393728638477195303 7.459141879802982425e-06 92.30576360228593558 -0.3393728639275511161 0.940651932937295765 1.712232910961359149e-05 -12.7076788734090993 -1.205602361617471915e-06 -1.863758231819226684e-05 0.9999999998255935107 0.4948355845189038038
0.917536662425823546 0.3976511951854863613 8.617847395422292484e-06 94.17817718404351979 -0.3976511952736100364 0.9175366620867634326 2.502763527750630955e-05 -13.49776235527570378 2.0450781471979526e-06 -2.639067025840918204e-05 0.9999999996496751198 0.4948551505781326187
0.8886396048951095139 0.4586062063953645906 8.351573370154076532e-06 95.97311483301800195 -0.458606206439225117 0.8886396044696511787 2.802994493853535964e-05 -14.40322006153575707 5.433167857379658485e-06 -2.873860257649695469e-05 0.9999999995722866908 0.4948680246088748569
0.8554940943221635008 0.5178125670179264395 4.521025124513820005e-06 97.72341236972741285 -0.5178125670365987254 0.8554940942700955953 9.496832821333267457e-06 -15.45624598000619443 1.049869087686379266e-06 -1.046552801877696024e-05 0.9999999999446852472 0.4948486706228784615
0.8184473854479591415 0.5745814800837234504 6.560654681612744866e-07 99.42223915104136722 -0.5745814800667238265 0.8184473854315568175 -6.84210949016990762e-06 -16.66074263034312963 -4.468304464845241634e-06 5.222943555461456906e-06 0.9999999999763775627 0.4948264687788818117
0.7768991337130427555 0.6296250757695319722 6.064242918999304207e-07 100.9847022970301822 -0.6296250757698165224 0.776899133712821488 5.94222456205764842e-07 -17.91926033659611406 -9.699314802695507116e-08 -8.434708521952462711e-07 0.9999999999996396216 0.4948267028591751826
0.7275590743486627376 0.686045037133507063 1.896403651602178054e-05 102.460115685950754 -0.6860450373871020968 0.7275590739239666815 2.509307737893863642e-05 -19.27012210875686549 3.417524356770835708e-06 -3.126687929102449446e-05 0.9999999995053514557 0.494882439204411273
0.6664423136693609084 0.7455565990357340134 1.369422019404648802e-05 103.7723755648712967 -0.7455565991441227558 0.6664423134159995765 1.906864199724956263e-05 -20.71908862189960843 5.090344089150915379e-06 -2.291796612698381177e-05 0.9999999997244276573 0.4948749667719954948
0.5999046976531284825 0.8000714678064019258 -1.17495083251485081e-05 104.9352366029979038 -0.800071467889057808 0.599904697541558396 -1.181748157843938545e-05 -22.29099747556747246 -2.406244594176877123e-06 1.648980908601136485e-05 0.99999999986114807 0.4948459222831979032
0.5308252213288767729 0.8474813177878494086 -2.009855572111040475e-05 105.9667808560655686 -0.8474813180088190956 0.5308252210169553953 -1.898862800783031446e-05 -23.95821817401318654 -5.423687204279278633e-06 2.711279315758857557e-05 0.9999999996177399986 0.4948533913129111173
0.4664192415960092264 0.8845637854446972703 -2.34730445060192995e-05 106.8302303268377074 -0.8845637857486717825 0.466419241318798361 -1.648658131954766222e-05 -25.65081387791648027 -3.635153171120995697e-06 2.845306386686584677e-05 0.9999999995886041937 0.4948426806877216366
0.4072743804668288448 0.9133058516284668915 -1.996983877050899611e-05 107.5592774871762742 -0.9133058518278186488 0.4072743802200699537 -1.535101185644324544e-05 -27.38533698536464911 -5.886965248553813712e-06 2.449064445253578781e-05 0.9999999996827758642 0.4948457768929822032
0.3607940543925476362 0.9326455110634606083 -3.178673540165846402e-05 108.2182623369240417 -0.9326455115578998756 0.3607940538216704573 -2.236205728418145754e-05 -29.24216731406258418 -9.387407220914641042e-06 3.771385341155359316e-05 0.9999999992447708985 0.4948588725206275463
0.327898751255438714 0.9447128704669288668 -3.607620878207971698e-05 108.8224673888943954 -0.9447128710406721419 0.3278987503803370007 -2.813071543349044844e-05 -31.17350551297886341 -1.474610514735702214e-05 4.330568523734484572e-05 0.9999999989535852674 0.494854013053558528
0.3082881715450241367 0.9512930158912185075 -3.470228571665704689e-05 109.3843720270439093 -0.9512930164382883413 0.3082881708218868644 -2.468340826979686668e-05 -33.14363395868000595 -1.278284970852261608e-05 4.062164485969701599e-05 0.9999999990932404437 0.4948609014050701638
0.2990969219572019999 0.9542227361400656971 -3.333657026636659311e-05 109.9276001311528859 -0.9542227366953317524 0.2990969215031203388 -1.797945708448478591e-05 -35.12566991718165355 -7.18554119332725869e-06 3.718811358403956396e-05 0.9999999992827062201 0.4948714010763158866
0.2979534749422551032 0.9545803928384193338 -1.950683125739925442e-05 110.4947352778714276 -0.9545803930323840669 0.2979534748099828545 -9.435514010189697599e-06 -37.16420940629021885 -3.194828514805196069e-06 2.143218283570692953e-05 0.9999999997652271322 0.4948832384198252887
0.3013315282629401293 0.9535194330230649662 3.040274035705150136e-05 111.0873892060265149 -0.9535194334847392206 0.3013315278809461373 1.655626044214023442e-05 -39.15662949197808729 6.625411866213726502e-06 -3.39785270229887458e-05 0.9999999994007819915 0.4948817954499215022
0.3101816341588853332 0.9506773109343067407 6.563133427972886588e-05 111.7085146519184633 -0.950677313121887968 0.3101816325105556937 3.421501621883552978e-05 -41.17122455344415499 1.21698052017639666e-05 -7.300709017318828019e-05 0.9999999972609303622 0.4948878574270333952
0.3229446015845396922 0.9464178696439171645 1.811919126972312015e-05 112.3485130357898356 -0.9464178698173116855 0.322944601519007557 6.513400030782887646e-06 -43.29676068495054153 3.129031768247492402e-07 -1.925179378220569576e-05 0.9999999998146351654 0.4948848132759554597
0.3415732533446816377 0.9398551551024700856 -5.392117714887399253e-06 113.0466281746351314 -0.939855155110516427 0.3415732533135631965 -5.933705340554142437e-06 -45.42969809124361547 -3.735020363055083072e-06 7.094604668861448819e-06 0.9999999999678581553 0.4948593103492819889
0.3607138374216620202 0.9326765387170148358 -4.026934769448505046e-05 113.7593506322679247 -0.9326765395816682958 0.3607138369468044226 -1.874331380406286029e-05 -47.53068091785894467 -2.955738124637538135e-06 4.431924850716527885e-05 0.999999999013533869 0.4948434768871947109
0.3806014049555918599 0.9247391886777918124 -5.892030072727508455e-05 114.5066537506483826 -0.9247391905541210155 0.3806014041020418515 -2.55165837975518125e-05 -49.61370373437907944 -1.171035811861512639e-06 6.419755884476105771e-05 0.9999999979386511306 0.4948446706791902461
0.4009794977747386246 0.9160870273817879328 -2.508686269106200935e-05 115.3038114406360961 -0.9160870277245254378 0.4009794976593699656 -9.691068313571763325e-06 -51.65492004408840643 1.181455636177836094e-06 2.686766918286497615e-05 0.9999999996383663881 0.4948801943969049488
0.4223411549960978117 0.90643695246754874 3.712958580896356794e-07 116.1665375480858415 -0.9064369524674625866 0.4223411549957418187 7.71202169570702269e-07 -53.70946247693937181 5.422326227713172421e-07 -6.622667011025478546e-07 0.9999999999996337374 0.4949013854033564863
0.442128335208794021 0.8969518020426248128 4.496771364009684733e-06 117.0363653133085506 -0.8969518020520972357 0.4421283351923080418 4.219739372417541196e-06 -55.67532652721558861 1.796752797330081408e-06 -5.899053522106723342e-06 0.9999999999809863205 0.4949048368719393132
0.461480849786215841 0.887150170649019354 4.907874529107918017e-07 117.9359601430286801 -0.8871501706466980997 0.461480849783565128 2.60887731751919044e-06 -57.60920282197810138 2.087976946607121637e-06 -1.639349094077806668e-06 0.9999999999964763742 0.4949059759336008057
0.4847437537604625257 0.8746562141849762995 1.341841991976535279e-05 118.9310304295515692 -0.8746562142879031887 0.4847437537025229837 7.494948316444282706e-06 -59.54826281102210572 5.100787930945166226e-08 -1.536963374990121226e-05 0.9999999998818858149 0.4949360519895806831
0.5087443059468941264 0.8609176678725203313 1.771402580489234174e-05 119.9480598629872503 -0.8609176680540477911 0.5087443058123146677 1.175412878864270199e-05 -61.40170187081999131 1.107427383340147779e-06 -2.12301638803855786e-05 0.9999999997740269819 0.4949648201412602533
0.5285300874304230678 0.8489145695004695069 1.930945158676919727e-05 121.0357495176241827 -0.8489145697200313201 0.5285300873010662093 1.169675332326441801e-05 -63.25843561252101921 -2.760818209186349773e-07 -2.257416084190898276e-05 0.9999999997451655132 0.4949868873432449745
0.5449578817936425734 0.8384634201448644131 1.233676070966104301e-05 122.1248579619447696 -0.8384634202356073818 0.5449578817317800583 8.212889859997132608e-06 -65.04131398465784741 1.631927375175398272e-07 -1.481960164075917994e-05 0.9999999998901762943 0.4949474374057206694
0.5607602674162104339 0.8279782137672979658 4.030868461576086236e-06 123.1917390455264325 -0.8279782137701550138 0.5607602673849014785 6.82863030182909348e-06 -66.73226844115824008 3.393606243478923323e-06 -7.166695822898340925e-06 0.9999999999685609264 0.4949389529885026007
0.5708765792308646558 0.8210358891594800035 -3.581776330165491296e-08 124.3128752753652151 -0.8210358891580017415 0.5708765792299186348 1.873210939614720921e-06 -68.46122752314444426 1.558420931579152627e-06 -1.039964584245060881e-06 0.9999999999982448484 0.4949387487321784684
0.5817032258658533239 0.8134011046221307772 -4.357789630090080143e-06 125.4430306434328486 -0.8134011046266064193 0.5817032258298192593 -7.323350396898104906e-06 -70.18859473031992025 -3.421881017060705021e-06 7.804647448867246492e-06 0.9999999999636891568 0.4949433053234715274
0.5928803836556446605 0.8052905380471798713 -3.201868826211540119e-06 126.5696307452967062 -0.8052905380492799692 0.5928803836348770506 -5.612065465699131254e-06 -71.85626677752186708 -2.621018000395999812e-06 5.905718196227403352e-06 0.9999999999791263638 0.494937258439077099
0.6054960112584900633 0.7958483400447624589 5.361775123803913812e-07 127.7258544031142975 -0.7958483400431674015 0.6054960112584248932 -1.70445870910402219e-06 -73.50671020476717388 -1.681143979388066304e-06 6.053269665208714102e-07 0.9999999999984036103 0.4949419324841669576
0.6228040614361525229 0.782377850561519872 3.406182624417460361e-06 128.8842573584963702 -0.7823778505689328311 0.6228040614305295763 2.647007099245573746e-06 -75.09036974069134374 -5.042464773245898918e-08 -4.31348861239745079e-06 0.9999999999906956649 0.4949446686321640199
0.6428665046853776488 0.7659782353603247218 1.049385460911793706e-05 130.0980564100869969 -0.765978235425268994 0.6428665045609136541 1.306356770333066473e-05 -76.63282191109155406 3.260260904973271346e-06 -1.643619434446245552e-05 0.9999999998596110773 0.4949688690105579214
0.6660375093051174034 0.7459182503010712839 8.285938730780394575e-06 131.3267610908762606 -0.7459182503425059174 0.6660375092209711578 1.090561413797782772e-05 -78.12006032581781767 2.615950622452497972e-06 -1.344418099841034327e-05 0.9999999999062053613 0.494960860646735501
0.6955928306217832313 0.7184362281780147796 5.581711319055958747e-06 132.5624997640332481 -0.7184362281941868433 0.6955928305650239674 9.32099439571270484e-06 -79.50416349248864378 2.813941680705281841e-06 -1.049372050285494174e-05 0.9999999999409816542 0.494957991149253318
0.7330058992407353369 0.6802222810755957916 2.971003942423181175e-06 133.8595176891245728 -0.6802222810813215448 0.7330058992394619111 1.70419778874752579e-06 -80.83100295192213025 -1.018530109194062157e-06 -3.270130111441648378e-06 0.9999999999941343587 0.4949484751743747357
0.7774182220952743361 0.6289840283165795132 8.894043074048320761e-06 135.1746112203738335 -0.6289840283793282083 0.7774182220081696792 1.164480887442493323e-05 -81.98074053073867162 4.100076417217249271e-07 -1.464709765308888147e-05 0.9999999998926472067 0.4949722791400096855
0.8262011431677430684 0.563375248763626546 1.053893949919287389e-05 136.493796982966046 -0.563375248861917588 0.8262011430039918336 1.645912206261945836e-05 -82.96425593928104547 5.653781261760612798e-07 -1.953592312677209408e-05 0.9999999998090139952 0.4949748146615922106
0.8722493186585639213 0.4890614747230422887 6.605057349122511303e-06 137.8092404584034796 -0.4890614747661042316 0.8722493186101669682 9.270141971132359355e-06 -83.78610467820897156 -1.227587468859224262e-06 -1.131615410626490736e-05 0.9999999999352188196 0.4949588670746265517
0.9143256397884076403 0.4049797826721985849 7.384487820550538862e-06 139.1321362031400781 -0.4049797827309629672 0.9143256397356407383 1.016986794704804849e-05 -84.44064177597957155 -2.633235639644442832e-06 -1.228913929039432667e-05 0.9999999999210215096 0.4949573877905036889
0.9508411869289026264 0.3096789260041273306 5.549653556645017359e-06 140.3971935946685505 -0.3096789260385283127 0.9508411869074538947 7.090901739197787073e-06 -84.91754625691713443 -3.080936339729953313e-06 -8.46093217940277233e-06 0.9999999999594602063 0.4949409226301792475
0.9792743700067878532 0.2025381648267808032 6.216217095422458268e-06 141.6137976943617502 -0.2025381648874340912 0.9792743699460474405 1.153408914284535755e-05 -85.21131037301563538 -3.751288831627281489e-06 -1.255405908201078042e-05 0.9999999999141616636 0.4949355326389241472
0.9968656995104953067 0.07911243338457409069 5.065094677548635171e-06 142.739355391322988 -0.07911243342652596322 0.9968656994820641604 8.700645434925183204e-06 -85.34173671438483666 -4.360889916304089369e-06 -9.074086963156104263e-06 0.9999999999493217606 0.4949172148435814766
0.9982324972675968855 -0.05942963392191355498 3.610738303517341608e-06 143.8317532731274468 0.05942963388737757674 0.9982324972354432724 9.018654636061969695e-06 -85.31514298919738337 -4.140331657073108201e-06 -8.788129283908966519e-06 0.99999999995281319 0.4949177045431869537
0.9771320213073921845 -0.2126335178549844107 4.751514060348765736e-06 144.9079171605334579 0.2126335176503038882 0.9771320209791912736 2.740459932106648926e-05 -85.09946646120640423 -1.046999289554432781e-05 -2.576758037889604415e-05 0.9999999996132055147 0.4949382942193887858
0.9271977805545805751 -0.3745721235278166028 3.571394579266001109e-06 145.9110164655318442 0.3745721231376172855 0.9271977799490070948 3.778945650008282522e-05 -84.70643117818185885 -1.746626609341543461e-05 -3.37005553451228128e-05 0.9999999992796010373 0.4949170569434253597
0.8439931050721728445 -0.5363540235542786361 3.162477710528923408e-06 146.8094454088019347 0.5363540232474608427 0.8439931047624745775 2.935802815494971814e-05 -84.14663403390468943 -1.841540590617850366e-05 -2.308176569781968161e-05 0.9999999995640523887 0.4948929579339166884
0.728754015090700924 -0.6847755730101279248 1.000331398942655503e-05 147.6268720927664617 0.684775572844520064 0.7287540151446320058 1.575657866490389654e-05 -83.42874027329099818 -1.807967541848578977e-05 -4.632644898688019812e-06 0.9999999998258319867 0.4948583148417569633
0.5821806268609994728 -0.8130594797710517518 8.024546083334580958e-06 148.1980316193859153 0.8130594797622699987 0.5821806269056709615 5.163301299631855158e-06 -82.64981328163331398 -8.869806338009045561e-06 3.518459276552487764e-06 0.9999999999544734175 0.4948444654951684729
0.4084672083738217774 -0.9127729946011362561 3.521927229508408332e-06 148.5967399442959334 0.9127729945828154667 0.4084672083881653593 5.842241670147211267e-06 -81.77434082009665417 -6.771232208027378236e-06 8.28355918330903853e-07 0.9999999999767321679 0.4948471693244941849
0.2164440633548168624 -0.9762950206405366371 1.06387519775936789e-05 148.8256438423594261 0.9762950206718064017 0.2164440634166327204 5.036533130066615416e-06 -80.87861697849488962 -7.21983692388724594e-06 9.296432885994271216e-06 0.9999999999307253029 0.494828008733729896
0.01276533361466790709 -0.9999185197395612512 1.190729026761930376e-05 148.8524493612018489 0.9999185197761366606 0.01276533371199070274 8.133505613627500707e-06 -79.97525907181454841 -8.284843427343524324e-06 1.180249314632796564e-05 0.9999999998960311665 0.4948310741634004972
-0.1921947320293737049 -0.9813568081673842425 6.775980640584634081e-06 148.6892603322893649 0.98135680813079329 -0.1921947319367025286 1.238358830719371511e-05 -79.03912646762009331 -1.085041091198111551e-05 9.029715169663366127e-06 0.9999999999003663653 0.494839879128689375
-0.390468399203860006 -0.9206163311736625943 1.324000732341353489e-06 148.3240350615251941 0.9206163311153228168 -0.3904683991619860017 1.191096653928092762e-05 -78.13176497288500855 -1.044844986967843966e-05 5.869752734165863417e-06 0.9999999999281881102 0.4948373888178644875
-0.5702373031788462443 -0.8214800168387494939 -3.965508837274511263e-07 147.7650938344144151 0.8214800168195902641 -0.5702373031687189009 6.571549574330204084e-06 -77.31040013709768743 -5.624524761483367432e-06 3.421584080337901607e-06 0.9999999999783290017 0.4948443018092110179
-0.7154174619340586405 -0.6986972557278556817 -6.526530825888916833e-07 147.0227514088615237 0.6986972557210950896 -0.7154174619307128724 3.828933314758216698e-06 -76.57038258232613259 -3.142184611253529178e-06 2.283278836216314117e-06 0.9999999999924567007 0.4948539035729645486
-0.8184245398206774214 -0.5746140205554030045 -1.643225152083837595e-06 146.1082075152764901 0.5746140205538281531 -0.8184245398223103374 1.355426352087677502e-06 -75.92291136388213602 -2.123702774658504373e-06 1.650939771541071414e-07 0.9999999999977311482 0.4948637170740955438
-0.8855036018491688754 -0.4646325118976910584 1.4225471537445087e-06 145.0894583324392215 0.464632511899488454 -0.8855036018403764642 3.990589738731008284e-06 -75.38285315368928252 -5.944871058312009538e-07 4.194643244488419732e-06 0.9999999999910259563 0.4948542021088684351
-0.9258243802154844104 -0.3779539878994295221 5.63603922034497734e-06 144.019890040466862 0.3779539879401228042 -0.9258243801488378333 1.11539430875497144e-05 -74.94126213076219756 1.002305246927737922e-06 1.24567559455058257e-05 0.9999999999219121305 0.4948261367381355247
-0.9482615615247271812 -0.3174901744918043889 6.171101655567660998e-06 142.8681902993399149 0.3174901745474013603 -0.9482615614345929478 1.318034035113540688e-05 -74.55556390331940975 1.667189933736841065e-06 1.445767426457096406e-05 0.9999999998940981571 0.494829966834412216
