0.9999727208254474142 0.007386311999347235611 0 -0 -0.007386311999347235611 0.9999727208254474142 -0 0 -0 0 1 0.4949999999999998845
0.9999819800834935934 0.006003262065467462709 1.884413908470966583e-05 0.05671612634368477374 -0.006003262028148528308 0.9999819802591981555 -2.03633832111887756e-06 0.002144961570389418773 -1.885602419080337628e-05 1.923175321851779945e-06 0.9999999998203756846 0.495013113883900957
0.9999804907297976664 0.006246443976575961551 9.983639949230444183e-06 0.3334517268053554528 -0.006246443885434133092 0.9999804907384852726 -9.134373420517671689e-06 -0.001835266545510408007 -1.004050252761999615e-05 9.071832968843458744e-06 0.9999999999084449032 0.494961847685086942
0.9999554417308984533 0.009440045791632717051 9.510409983651801948e-06 0.6870362750928364903 -0.009440045593710920044 0.9999554415648684857 -2.064533774287063069e-05 -0.0162266279785329634 -9.704879148342564045e-06 2.055463911849492677e-05 0.9999999997416608721 0.4949237823269888037
0.9999811668333626891 0.006137259287581658083 5.408893446030506046e-06 1.083912378374565222 -0.006137259281755665617 0.9999811668474294368 -1.093050352030585371e-06 -0.008139442108010933735 -5.415499912939812455e-06 1.059833984925381623e-06 0.9999999999847742904 0.4949566364647688399
0.9999923994920948411 0.003898834354402257434 7.138070671669269866e-06 1.564527920846562559 -0.003898834311264922584 0.9999923994994545096 -6.047247318778279503e-06 -0.01862947938624382252 -7.161593634355367334e-06 6.019371201776162074e-06 0.9999999999562391162 0.4949403223403615604
0.9999997013346412222 -0.0007727914520289340264 1.123531495491173489e-05 2.229381164813055705 0.000772791586291451363 0.9999997013262450496 -1.195061672354773997e-05 -0.03088391929657266499 -1.12260762647675324e-05 1.195929571117906806e-05 0.9999999998654750533 0.4949252612297983522
0.9999701733074319865 -0.007723497430234568632 9.229417238071337275e-06 2.988005671095569138 0.007723497509250666984 0.9999701733128054659 -8.556576781140602284e-06 -0.03948775176238023682 -9.163055256349688968e-06 8.627604947805550821e-06 0.9999999999208012413 0.4949188735464599143
0.9998277461092127671 -0.01856011875669551572 1.020496720597763448e-05 3.784439313098294733 0.01856011898485081246 0.9998277458985362909 -2.273659038131467091e-05 -0.08493935881189801362 -9.781215540921469026e-06 2.292207932073774435e-05 0.9999999996894528564 0.4948590592329761284
0.9995750965601409854 -0.02914834942020324421 8.06815008290170985e-06 4.63876342642747197 0.0291483495010512253 0.9995750965394060161 -1.009128455369399149e-05 -0.09652465119543110483 -7.770577609741107419e-06 1.032216999061789933e-05 0.9999999999165352094 0.4948918974443824448
0.9994947566204526179 -0.03178413893842715887 1.54839299895820886e-06 5.545523045383899507 0.03178413890369887612 0.9994947564454694788 1.882537058459005355e-05 -0.05932549148412463724 -2.145958877603613555e-06 -1.876664485257826314e-05 0.9999999998216037023 0.494933150758610052
0.9993329937030314136 -0.0365180460626730527 3.245601414674379832e-06 6.584642721432214074 0.03651804601585818821 0.9993329936192129059 1.347139325969527566e-05 -0.02943167784496100725 -3.735385537407235444e-06 -1.334388473375191013e-05 0.999999999903993575 0.4949216510182839479
0.9991528159765776795 -0.04115398260301153521 6.649696832007034175e-06 7.694015673020523138 0.04115398262481582276 0.9991528159927596242 -3.176061271055909023e-06 0.001026002119479368273 -6.513355744902821659e-06 3.447032070574385179e-06 0.9999999999728468314 0.4948838758600821452
0.9988862833996671187 -0.04718254721775786559 8.733639865068147816e-06 8.85149735855634745 0.04718254731395896823 0.9988862833709876154 -1.115767482224835372e-05 0.027489325927100558 -8.197465545977515542e-06 1.155732371073434295e-05 0.9999999998996147443 0.4948598778354459382
0.9990215397556418964 -0.04422627145600274701 4.427045829305632613e-06 9.944955619090384502 0.0442262714279171229 0.9990215397471262637 6.252824003292304736e-06 0.08717084381443745977 -4.699253232660233192e-06 -6.050914133119410762e-06 0.9999999999706514764 0.4948888354342329543
0.9990047268638548861 -0.04460443536749004317 7.173191789037203338e-06 11.13253572666530111 0.04460443542258917676 0.9990047268573655215 -7.713962559858681756e-06 0.1028747193000761895 -6.821975559474144516e-06 8.026241230077590943e-06 0.999999999944519824 0.4948497320288337553
0.9988872134017645621 -0.04716285462127932371 6.975831807054328753e-06 12.41432263798301427 0.04716285469819366666 0.9988872133585069424 -1.130601792094262108e-05 0.1259732783267202283 -6.434845115055134288e-06 1.162243687763593512e-05 0.9999999999117555882 0.4948391873612085212
0.9986133495090444567 -0.05264388041499108717 6.277875694461429444e-06 13.75959249759231184 0.05264388045288673212 0.9986133495085619538 -6.032055113240613616e-06 0.1618250899672167009 -5.951619687006450853e-06 6.354182498613671891e-06 0.9999999999621010938 0.4948407856344543276
0.998485923294525235 -0.05500782629961185194 5.541092245869246293e-06 15.05284779313807064 0.05500782636847487833 0.9984859232194607248 -1.315406224175493899e-05 0.1833539490328436883 -4.809126235832204602e-06 1.343894942268481609e-05 0.9999999998981332627 0.4948240018804988538
0.998485635925383197 -0.0550130422830375429 5.628547344671141671e-06 16.463190983965724 0.05501304230958813102 0.9984856359288343253 -4.676250284819171585e-06 0.2244891958151352396 -5.362768920154694101e-06 4.97881225259783888e-06 0.9999999999732258615 0.4948444952445311129
0.9981555446999884618 -0.06070838945840605072 6.022312131855139886e-06 17.96329209923657899 0.06070838939971694159 0.998155544676597839 9.491519064465230523e-06 0.2912869981146246623 -6.587419082101801714e-06 -9.108407511834311932e-06 0.9999999999368212045 0.4948541497703340397
0.9976416771610898682 -0.06863733646074678119 6.083986193069147429e-06 19.50831627326898499 0.06863733642942558555 0.9976416771681614337 5.215780489000743645e-06 0.3629163471866052038 -6.427635469850378626e-06 -4.785891387585133309e-06 0.9999999999678901297 0.4948334966267079471
0.9973955216355521181 -0.07212609374272545282 4.999302054916299674e-06 21.05594320773769113 0.07212609376912448855 0.9973955216319941863 -5.318116590813372913e-06 0.4304691507261441674 -4.602706505095396431e-06 5.664845800006057633e-06 0.9999999999733620859 0.4948174911908129192
0.9970323644341043678 -0.07698353244201118495 2.433452993067521364e-06 22.5390601886087012 0.07698353242449683387 0.997032364416462924 6.61788393489677511e-06 0.5207499936802759688 -2.935699473974016954e-06 -6.410908659765307043e-06 0.9999999999751407742 0.4948287924986820019
0.9967406451707024884 -0.08067271076838140875 2.05069505050862693e-06 23.97715845176185567 0.08067271073235893208 0.9967406450788639516 1.389589126192282522e-05 0.6203210823084036596 -3.16503032414597477e-06 -1.368516449302092649e-05 0.9999999999013492458 0.4948402952939726651
0.9967077589528747783 -0.0810780069006384746 6.510827530625880383e-06 25.61188287033976962 0.08107800687586462496 0.996707758968195856 3.983294020354204145e-06 0.7311203117748180658 -6.812349857148101906e-06 -3.442295136981980745e-06 0.9999999999708710785 0.4948167671489873132
0.9967117760652280944 -0.08102860820160301403 1.03943376503397565e-05 27.28912230637321557 0.0810286083761447562 0.9967117759491039841 -1.764202654266447423e-05 0.8146375092413320473 -8.930649882676921616e-06 1.842625432352780962e-05 0.9999999997903581406 0.494765616419410581
0.9969716449812092707 -0.07776592492073099161 5.18818973155665635e-06 28.82069060108444702 0.07776592493300869824 0.996971644991306305 -2.207960330938750269e-06 0.9135871326582453156 -5.000773973873310421e-06 2.604738216391699325e-06 0.9999999999841036047 0.4947943871589038922
0.9970686598295106506 -0.07651200938398111662 2.835798983719975714e-06 30.35268566107533772 0.07651200931536512873 0.9970686596515518918 1.932397171389924e-05 1.028235814658777114 -4.306002196848539677e-06 -1.905035390110200916e-05 0.9999999998092710118 0.4947989887864439051
0.9972109488486481377 -0.07463459983155225352 2.568169941461210232e-06 32.03460174884861544 0.07463459975934588764 0.9972109486248580401 2.153382334032220534e-05 1.152166926760286314 -4.168175471402655562e-06 -2.128209006984693998e-05 0.9999999997648492123 0.4948013028425728987
0.9972761747733185356 -0.07375792277786422102 7.695753755896174553e-06 33.86456453491189222 0.0737579228448025509 0.9972761747591448733 -8.810235068091687603e-06 1.242850960303348185 -7.024967229761315859e-06 9.353860339320222231e-06 0.9999999999315773991 0.4947513794699358036
0.9975451278416792578 -0.07002655137384021511 4.924158228285123883e-06 35.57575776141110424 0.07002655135183374902 0.9975451278451913373 4.508062084658210012e-06 1.365230767459827854 -5.22775409053240961e-06 -4.152173549521045018e-06 0.9999999999777148263 0.494756466432136166
0.9971499660302839407 -0.07544498157670229133 1.710899352755342246e-06 37.22666193684042213 0.07544498154950907143 0.9971499659550618899 1.253178780759062458e-05 1.472068035568568467 -2.651483731619347002e-06 -1.236699301653602744e-05 0.9999999999200133161 0.4947679242898757046
0.996949310569066216 -0.07805172743081886799 1.777912429297627089e-06 39.02236433680820937 0.07805172740521267027 0.9969493105055291515 1.156913722221239567e-05 1.611859680409771789 -2.675479715605345064e-06 -1.13950742412816948e-05 0.9999999999314967969 0.4947596995750358495
0.9972801669799846724 -0.07370392422645842545 1.02091659506766302e-05 40.80975100665812505 0.07370392441181525256 0.9972801668345564474 -1.915644035761078598e-05 1.690247965824939191 -8.769493893966440279e-06 1.985679363411655573e-05 0.9999999997644016814 0.4946894581787839584
0.997763348679498896 -0.06684534387186413795 6.062802698105300641e-06 42.59251784594560064 0.06684534384945158003 0.9977633486920802763 3.827183957708978968e-06 1.794965699760395328 -6.305071750234866361e-06 -3.413353750609934396e-06 0.9999999999742973378 0.494729476174756988
0.9971468454696349459 -0.07548621322924273236 1.358298988182983166e-05 44.34387094997357792 0.07548621361904409022 0.9971468450528766514 -3.093197196850259675e-05 1.833250941767622155 -1.120929807543640777e-05 3.186904674835267561e-05 0.9999999994293575778 0.4946201082391649129
0.9970700980489212162 -0.07649326392453710544 1.23741019503279105e-05 46.08169634193686193 0.07649326434457764945 0.9970700973670362233 -3.80609006518825533e-05 1.88741722291316627 -9.426444517673037652e-06 3.889592139631598125e-05 0.999999999199124523 0.4946151007775281827
0.9970158745390592658 -0.07719679847533869599 1.498349714107345247e-05 47.92416458436829885 0.07719679914655874775 0.9970158732902987264 -5.109737286856872585e-05 1.905828757899672654 -1.099423089109585115e-05 5.210156991651696191e-05 0.9999999985822763948 0.4945971801132238443
0.9969857350312655297 -0.07758507620100306423 9.863285053551377752e-06 49.89917018500351276 0.07758507631305307239 0.9969857350045959743 -1.153585173798140425e-05 1.997379506156098827 -8.93854456254001794e-06 1.226632334778026544e-05 0.9999999998848196903 0.4946327707600911561
0.996508233952660083 -0.08349454861886625168 4.208904465830636136e-06 51.73687145120909747 0.0834945485348184413 0.9965082338192424727 1.725263703250748737e-05 2.098253865560793852 -5.634709097073155578e-06 -1.684097428208959055e-05 0.9999999998423155789 0.4946599960580087552
0.9962366909022407624 -0.0866744235768738408 -4.995527071620706712e-08 53.40572761340892072 0.08667442353672709376 0.9962366904229171816 3.101614530321058756e-05 2.211347457509340586 -2.638539242164875457e-06 -3.090375180570554544e-05 0.999999999518997873 0.4946751891095878539
0.9967078780995655141 -0.08107654243327004628 1.886917035304933928e-06 55.16941806810803683 0.0810765422893402754 0.9967078772790969321 4.077295866751667658e-05 2.337099506460803777 -5.186435586397428e-06 -4.048574440853245878e-05 0.9999999991670024402 0.4946938065092266745
0.9972642304911157884 -0.07391924325526713635 7.858986449676692003e-06 56.96669589995932625 0.07391924319990196557 0.9972642305007939356 7.116582474107633672e-06 2.424101947430357562 -8.363538465302725906e-06 -6.516182814089127444e-06 0.9999999999437950704 0.4946327013067703948
0.9978653151392836707 -0.06530553447620232599 3.314858675206634888e-06 58.73126615751182555 0.06530553436699287895 0.9978653148054150712 2.62976054814170141e-05 2.530690670713177326 -5.025161676878742551e-06 -2.602498976398732203e-05 0.9999999996487236587 0.4946574579064105248
0.9984071632759755621 -0.05641929033072748401 1.696389214574114822e-07 60.54219190442130127 0.0564192903032177534 0.9984071628744605187 2.837048185819639109e-05 2.616830508996107252 -1.770011167065622981e-06 -2.831572140525796837e-05 0.9999999995975432654 0.4946519026203667346
0.9988346266512186933 -0.04826374005609658513 7.4202316519818275e-07 62.32886464149122219 0.04826374003341098173 0.9988346264729656143 1.894283997119131549e-05 2.684304512502655893 -1.655410735338843822e-06 -1.88849516771947663e-05 0.9999999998203088492 0.4946322863904150657
0.9992736065051029959 -0.03810852023375815856 5.487290524957966204e-06 64.12250465914297592 0.03810852024606220523 0.9992736065173752902 -2.155418885819363708e-06 2.716284782293263866 -5.401164768660893378e-06 2.362965725628320722e-06 0.999999999982621679 0.4945945608934390059
0.9996437777076198072 -0.02668927869281366091 9.773884831782570626e-06 65.95608767525042992 0.02668927882077708202 0.9996437776647713047 -1.320472001212778268e-05 2.729636529944583501 -9.41797870323929423e-06 1.34608741339324302e-05 0.9999999998650530575 0.4945663507916326362
0.9998952159740222001 -0.01447608093940621829 1.245519289178796969e-05 67.78890293821251589 0.01447608120113355948 0.9998952158233512799 -2.118642567228321233e-05 2.715623666322904306 -1.214719137180703485e-05 2.136450805698254611e-05 0.9999999996980015737 0.4945423792639683236
0.9999984047381119678 0.00178617377626699627 1.032980137110228661e-05 69.60672946568530506 -0.001786173496460143886 0.9999984044265606276 -2.703342397040627484e-05 2.665111126937172781 -1.037807128212403909e-05 2.701493002758263508e-05 0.9999999995812444142 0.4945276132997049601
0.9996363054767227752 0.02696769750666811946 8.140628160625532257e-06 71.42712832102921539 -0.02696769731958776131 0.9996363052666952242 -2.227694656657745777e-05 2.568329658568739404 -8.738425413417277038e-06 2.204931056688883779e-05 0.9999999997187336565 0.4945046276057212253
0.9984842337366131026 0.05503848560854963934 9.141055576510420601e-06 73.29275066851128884 -0.05503848545343435067 0.9984842336517858463 -1.643260874360288678e-05 2.42004873404815557 -1.003162577192607574e-05 1.59045908952731163e-05 0.9999999998232049769 0.4945048844748310413
0.995902461870146416 0.09043387853317842728 7.527319080797127975e-06 75.14428208561969313 -0.09043387852735233767 0.9959024618985020672 -1.111484952307435175e-06 2.223539919883866567 -7.596991499229856829e-06 4.262059409451776414e-07 0.9999999999710518228 0.4945124955697654534
0.9910958088021958323 0.1331506581010596379 4.920235905964579984e-06 76.96826818241648027 -0.1331506581161383818 0.9910958088082145734 2.874481665465752554e-06 1.94920053374592861 -4.493686059292988059e-06 -3.504019380087705001e-06 0.9999999999837640985 0.494503142737354795
0.9850631425153402176 0.1721935110640844535 2.730926257370195152e-06 78.76195782915600319 -0.1721935110846868067 0.9850631424409028725 1.212492304582899136e-05 1.618099154075290036 -6.023017302163270951e-07 -1.241406257905091786e-05 0.9999999999227638936 0.4945002314413074473
0.9765945390582240204 0.2150886009568728496 4.722575065950675871e-06 80.53259287226148899 -0.2150886010072391441 0.9765945388975336705 1.773400714718025088e-05 1.217464810535485054 -7.976582322949145344e-07 -1.833470659964275051e-05 0.9999999998316009275 0.4945022919906887915
0.9650997599480011235 0.2618825181258502277 7.113854000628813314e-06 82.27255025952923972 -0.2618825182096969351 0.965099759813158764 1.633902092037633276e-05 0.7380564698544856972 -2.58667484501364979e-06 -1.763177916790136993e-05 0.9999999998412145708 0.494491694649487501
0.9493067327638464725 0.3143512796767488626 9.851594153502604904e-06 84.01442298658780317 -0.3143512797582971863 0.9493067327523228016 8.225769918845205492e-06 0.1580269119694610591 -6.76640335794794541e-06 -1.090563999593897727e-05 0.9999999999176412135 0.4944626419677422557
0.9295829607573297126 0.36861296640561797 8.337880609592980343e-06 85.71255071986445273 -0.3686129664315979104 0.9295829607827288399 1.773592093573283609e-06 -0.525493131428928284 -7.096982700912748635e-06 -4.722151894774214012e-06 0.9999999999636668413 0.4944435315794706298
0.9059272212941750224 0.4234334299129262069 1.235403978627474606e-05 87.39383006745690352 -0.4234334300668402551 0.9059272211775338812 1.528445327306431368e-05 -1.297157851002843421 -4.719912460139102503e-06 -1.907771572455234867e-05 0.9999999998068813678 0.4944602517030821653
0.8770126733946225217 0.4804672419090090796 1.264118141885697745e-05 88.99104591909525652 -0.4804672420752672535 0.8770126730805873905 2.34704472249769212e-05 -2.148733819926994304 1.903047375072092395e-07 -2.665755323943574492e-05 0.9999999996446691242 0.4944579674836611649
0.8415020913039866768 0.5402538569952395342 1.830346120954446385e-05 90.55342603541591018 -0.5402538572968241803 0.8415020906181375215 3.410922713197244523e-05 -3.105800821960658986 3.025240643795131009e-06 -3.859150148465669494e-05 0.999999999250771765 0.4944970789897631391
0.8003282139357198455 0.5995621316935951794 1.482313497063461065e-05 92.02655602451521588 -0.5995621318768046271 0.8003282136987399653 1.94771092478619776e-05 -4.186216320575148586 -1.85635992586160914e-07 -2.447547046106357492e-05 0.9999999997004582752 0.4944726332725145612
0.7532947800385684234 0.6576830348466146114 6.619971982206925433e-06 93.3982596448867497 -0.6576830348782639613 0.7532947800211647893 5.330447445451060165e-06 -5.362291902958227219 -1.481045485068203117e-06 -8.369241499995134259e-06 0.9999999999638808923 0.4944421286368837487
0.7006428291205353265 0.7135121764901712904 2.112724674028930036e-06 94.65111992407912567 -0.7135121764850772541 0.7006428291236050931 -2.726007546089862448e-06 -6.636382841693841073 -3.425304970110084719e-06 4.025028588162213848e-07 0.9999999999940524242 0.4944192340711403566
0.6452003018825780423 0.7640134622065686276 -4.471570063691408459e-06 95.84971237117797216 -0.7640134621776369928 0.645200301774663032 -1.426383154751238537e-05 -8.05666684435199798 -8.012700970445969922e-06 1.261936814618798383e-05 0.9999999998882738161 0.4943920772254010165
0.5863101492929921887 0.8100866673461659673 -1.504142173039206396e-05 96.88281239314477489 -0.8100866674548828916 0.5863101490073004962 -1.962426524920392226e-05 -9.523488913983165105 -7.078417418816962578e-06 2.369076109138279688e-05 0.9999999996943217395 0.4943769673978913315
0.5265736237358992211 0.8501295304871931968 -1.347221031287391659e-05 97.7801641906538066 -0.850129530589442739 0.5265736236154333616 -1.159819311292712984e-05 -11.01287568019331431 -2.765855863033313535e-06 1.75604264055485432e-05 0.9999999998419905056 0.494388516500724795
0.4651082175037175581 0.8852538312984116198 -1.357314611809240824e-05 98.55479062534207912 -0.8852538313696278749 0.4651082172997291209 -1.574467305800621012e-05 -12.57019883007673577 -7.625050353006176418e-06 1.933865642596917746e-05 0.9999999997839371657 0.4943742056014784336
0.4154943622189184449 0.9095957531684575326 -2.800773587102942311e-05 99.233719584109636 -0.9095957535316696596 0.4154943616144241014 -2.502016274135291968e-05 -14.19683348951539159 -1.112117743711950928e-05 3.587145417515697198e-05 0.9999999992947787852 0.4943366502246694938
0.3870568439557246498 0.9220558546203291295 -2.257522587453950739e-05 99.8497689090763032 -0.9220558547956365647 0.3870568434348122255 -2.428167393670278013e-05 -15.83091493316213239 -1.365116394649149947e-05 3.021400727085525617e-05 0.9999999994503794287 0.494347717033301659
0.368485689033516528 0.9296334206977808767 -1.007322878430269208e-05 100.4479836784323794 -0.9296334207089415047 0.3684856888899546434 -1.365723946435628777e-05 -17.50445952428730934 -8.984385592608368863e-06 1.439690742665414809e-05 0.9999999998560047398 0.494354852906408182
0.3610208955615473725 0.9325577263429655206 2.865160760701787621e-06 101.02157161642414 -0.9325577263472045741 0.3610208955615935023 5.191364515838792051e-07 -19.13253736818212047 -5.502581948056786997e-07 -2.85934691128874327e-06 0.9999999999957602803 0.4943625226154252927
0.3555335499739962768 0.9346635194906489641 1.335941064705225656e-05 101.5925303167170171 -0.9346635195738082214 0.3555335498596193244 1.021526523656188518e-05 -20.75374503470616716 4.798117067156524947e-06 -1.611842328828647533e-05 0.9999999998585871186 0.4943777958098978242
0.353917342127805179 0.9352767048766416069 1.607837312141652622e-05 102.1975712712082043 -0.9352767050119058512 0.3539173420313099783 8.590548834451998875e-06 -22.46495282064239163 2.344125127648747106e-06 -1.807807204585880998e-05 0.9999999998338440221 0.4943903268277560215
0.3574364346394965364 0.9339374681967148595 2.632010390611277077e-05 102.8130344177914566 -0.9339374685674944887 0.3574364344847936192 1.052476836241178487e-05 -24.16124841756269603 4.217114222775083808e-07 -2.834326689337542812e-05 0.9999999995982404855 0.4943986569482232696
0.363529225843323589 0.9315827932287544799 3.633315542727268182e-05 103.458729641751205 -0.9315827939351892795 0.3635292254834183168 1.629617150248187461e-05 -25.85263110398167541 1.973069115371800127e-06 -3.977147705592744492e-05 0.9999999992071681998 0.4944180185205217515
0.3737776791055607561 0.9275183266650043334 1.747121265965372052e-05 104.104691494168577 -0.9275183268295188466 0.373777679044322797 6.770631017740063051e-06 -27.55211246566359407 -2.504649659747197149e-07 -1.873558068165573346e-05 0.9999999998244573085 0.4943851400950878827
0.3876336249187498084 0.9218135238918837571 -2.147136106571337333e-06 104.7739608332623504 -0.9218135238855569291 0.3876336249037924953 -5.279256495682943028e-06 -29.29147725616131837 -4.034187881662548997e-06 4.02567643295787431e-06 0.9999999999837594356 0.494355244305138164
0.4041873901367686872 0.9146762015305933691 3.197718062006213814e-06 105.479541119770218 -0.9146762015310631044 0.4041873901437335048 -1.932841554252694612e-06 -30.98690937154227498 -3.060401488902112806e-06 -2.143646427161824868e-06 0.9999999999930190286 0.4943652930742090112
0.4208679283996781817 0.9071219250148555568 -2.034393733158940634e-06 106.2256630164629598 -0.9071219250113606858 0.4208679283879366295 -4.51248646646198302e-06 -32.73516802367981171 -3.237164334060473609e-06 3.744603990525625847e-06 0.999999999987749133 0.4943549755035498428
0.436258275506535953 0.8998214917716976791 -2.289355752473750983e-07 107.0109545333807972 -0.8998214917659713707 0.4362582755028214243 -3.687637321467946556e-06 -34.4749590429320989 -3.218340276457609709e-06 1.814763449394542067e-06 0.9999999999931741268 0.4943615679038222965
0.4506127488769568479 0.8927195250974729879 7.843968958269327717e-06 107.8132597218583442 -0.8927195251304018697 0.4506127488750669152 2.106766927527316849e-06 -36.16518403544806404 -1.653840443343186632e-06 -7.951800280019953552e-06 0.9999999999670168283 0.4943724676405884533
0.4660238741730763912 0.8847721450762164874 4.238392704129731512e-07 108.6437942186629755 -0.8847721450727216164 0.4660238741724944123 -2.628033395952654768e-06 -37.8846535664372368 -2.522729963893261845e-06 8.497251241887390248e-07 0.9999999999964566122 0.4943506978533549479
0.4804201436337328102 0.8770384744055664816 -2.352098799604807659e-06 109.5046261915417745 -0.8770384744033944413 0.4804201436197411135 -4.77349466794273194e-06 -39.58968583148028841 -3.056542838041638495e-06 4.356164136859362604e-06 0.9999999999858404376 0.4943457630114905799
0.4947114766070736525 0.8690572794086376396 4.72632068460048117e-06 110.368010454346404 -0.8690572794184847627 0.4947114766123485996 6.078324210997780507e-08 -41.21969399380350296 -2.285340965800457366e-06 -4.137513563275398314e-06 0.9999999999888287139 0.4943520174193242744
0.5118848121881967028 0.8590540954847959432 9.169845412823156622e-06 111.2618107329252979 -0.8590540955303216375 0.5118848121870995804 2.644134661030700359e-06 -42.8278334992097669 -2.422449887355994081e-06 -9.230885631627668429e-06 0.999999999954460983 0.4943538500166144711
0.5293951130144829431 0.8483753970028373725 8.882193152137758045e-06 112.1992824630912509 -0.8483753970389538157 0.5293951130307824604 5.957497580438918113e-07 -44.44219169605860031 -4.196770210242382216e-06 -7.850821152509544464e-06 0.9999999999603754741 0.4943427617764222237
0.5500848738064143539 0.8351087542882582593 1.107822537687959524e-05 113.1689277931972697 -0.8351087543420768755 0.5500848738360906154 4.352616849689248152e-07 -46.01387346766534847 -5.73047336524478264e-06 -9.49095386385560353e-06 0.999999999938541495 0.4943379537838741844
0.5704389302755416002 0.8213400189406527829 1.071898058749155459e-05 114.1716263329517318 -0.8213400189937859475 0.5704389302987874499 1.046421170974939348e-06 -47.55927540419978072 -5.255056235833694344e-06 -9.400847092712963721e-06 0.9999999999420040586 0.4943340266225497714
0.5910608224587958759 0.8066269918262234384 1.462675335728791283e-05 115.2357828765253061 -0.8066269919391199084 0.591060822473964631 3.725575171970370466e-06 -49.09205209061580177 -5.640151375693493954e-06 -1.400037558770145285e-05 0.9999999998860888972 0.4943326912866821687
0.6128410778358438504 0.7902061839443232927 1.324326071285697003e-05 116.308306349781148 -0.7902061840336249698 0.6128410778570926309 2.864619801536737042e-06 -50.55372570079824612 -5.852373887786067651e-06 -1.222046319883280856e-05 0.9999999999082046509 0.4943162171477375466
0.6357581035556025828 0.771888355607122989 1.561242714889486365e-05 117.4631702419069512 -0.7718883557315461275 0.6357581035863425489 3.546867431182691025e-06 -52.01818768776533375 -7.187941407549258723e-06 -1.430600043255084733e-05 0.999999999871835743 0.4943068095600480216
0.6561705104707239444 0.7546126563661359476 6.54720684189444425e-06 118.6375914517983148 -0.7546126563674036003 0.6561705104960097179 -2.787318759997621375e-06 -53.45168469379972009 -6.399430069389816212e-06 -3.111648773156543325e-06 0.9999999999746822521 0.4942777047844991722
0.6761351856457991083 0.7367775856599867446 -1.73033017834002885e-06 119.8203951218799688 -0.7367775856471263651 0.6761351856153359208 -7.946001350383507562e-06 -54.84926885444136957 -4.684498574278803344e-06 6.647439589353052243e-06 0.9999999999669332285 0.4942689119930064323
0.6950456536696478782 0.7189656036925220484 4.920571987720667572e-06 121.0675476065437124 -0.7189656036831892916 0.6950456536864648704 -3.77550927922742283e-06 -56.22051751828402644 -6.134483481903082803e-06 -9.135706947017361153e-07 0.9999999999807666073 0.4942741081190875074
0.7092355047653501332 0.7049716297140915522 8.984949200128443977e-06 122.3447393640334724 -0.704971629738955996 0.7092355047973371018 -5.470458004016762878e-07 -57.56758518592063467 -6.758096750968948095e-06 -5.946149976358630934e-06 0.9999999999594854083 0.4942697038312725
0.7236731929216849712 0.6901428183480025069 1.146483348920397628e-05 123.6759121912725021 -0.6901428183888279611 0.7236731929733699609 -5.343101274773372735e-07 -58.90839218245442765 -8.665542955289356987e-06 -7.525706580635934916e-06 0.999999999934135797 0.4942613829837099182
0.736850714063396306 0.6760554896216580678 1.178626224549539513e-05 125.0194221558059553 -0.6760554896831217908 0.7368507140990787629 1.79584269780737445e-06 -60.19599882603291263 -7.470626437802652834e-06 -9.291435268136978063e-06 0.9999999999289292951 0.4942503374267183669
0.747653691049938729 0.6640888179261797974 1.292456521799539524e-05 126.4068553581690679 -0.6640888180179392863 0.7476536910670215086 4.430305811494625494e-06 -61.46893288927547871 -6.720982341263752404e-06 -1.189539373145828536e-05 0.9999999999066637724 0.494250434638794478
0.7581964670142747886 0.6520261630387580443 1.105709128031265522e-05 127.7747627100513483 -0.6520261631152247661 0.7581964670086384084 5.575784361338111373e-06 -62.68469495435338956 -4.747890261070275816e-06 -1.143705280631707265e-05 0.9999999999233254444 0.49424353017964201
0.7690452512595394863 0.639194337771809562 8.822828050565125499e-06 129.1675160839463103 -0.6391943378064874892 0.7690452512797466555 1.558748146011966196e-06 -63.88891416095547982 -5.788811026201699226e-06 -6.838249592961593651e-06 0.9999999999598637723 0.4942228740395772646
0.7786788897832928047 0.6274226538379975571 7.679539186771345863e-06 130.5816815106718423 -0.6274226538146531196 0.7786788898209457965 -5.443318664189752306e-06 -65.09036859598924707 -9.39515649026340246e-06 -5.797195224697500917e-07 0.9999999999556972163 0.4941923508710592827
0.789586771323317449 0.6136389251687656143 8.436468909244876601e-06 131.9668746336352001 -0.6136389251300461423 0.7895867713683415445 -6.898734358615821779e-06 -66.23622849833478199 -1.089465618464590534e-05 2.702036750746247816e-07 0.9999999999406165019 0.4941671885591041868
0.8037924573441146414 0.5949098128536193242 9.455899884129474457e-06 133.3684283222955571 -0.5949098128705601063 0.803792457386281245 -1.212837978141261349e-06 -67.3282549750073116 -8.322110219260863515e-06 -4.650537611779784402e-06 0.9999999999545572393 0.4941645340822484744
0.8212337386280121887 0.5705919263492613691 1.123963729800958197e-05 134.8260570702915686 -0.5705919263809132724 0.8212337386828011399 -4.687415515788822896e-07 -68.40661682556377343 -9.497829504558404163e-06 -6.028299920840630307e-06 0.9999999999367251702 0.4941629941345937471
0.8429048948514403783 0.5380625782934437273 8.827589387417011813e-06 136.2597914666941392 -0.5380625782967106696 0.8429048948927010398 -2.202986689692960422e-06 -69.39246620368149365 -8.626163002958991998e-06 -2.89288724190351232e-06 0.9999999999586099975 0.4941361360855246465
0.8702428272575295498 0.4926230014702651649 5.610810486771192849e-06 137.6330820178791043 -0.4926230014908130617 0.8702428272584382674 3.107221158881232291e-06 -70.23409458037349395 -3.352078967699069098e-06 -5.468051229008577276e-06 0.9999999999794317862 0.4941290642817964818
0.9007431522335305196 0.4343521307808460574 1.388431455014758939e-05 139.1028594299334316 -0.4343521309568636468 0.9007431521428443943 1.42561160482081782e-05 -70.97504666383096605 -6.314026871044462227e-06 -1.887178051960205455e-05 0.9999999998019942771 0.4941396383478156018
0.9288747189364957579 0.3703940555240830546 1.246198775003735934e-05 140.5075236382284061 -0.3703940556535651463 0.9288747189097081858 1.044733859655325963e-05 -71.57504535363459297 -7.705993256161539868e-06 -1.432011488674919759e-05 0.9999999998677757684 0.4941283891269505069
0.9571062911096652748 0.2897370315038005351 9.792801530860608251e-06 141.9056592152437588 -0.289737031536513423 0.9571062911476125867 2.074482634371280062e-06 -72.05473272184133293 -8.771697512757740102e-06 -4.822837626132282535e-06 0.9999999999498985215 0.4941031177276608566
0.9825684049536913545 0.1859013973243217599 7.864856968406144295e-06 143.2595535502722157 -0.1859013972744795462 0.9825684049720253554 -6.660218542679979326e-06 -72.38792630774577219 -8.965903900349515607e-06 5.082032410333432237e-06 0.9999999999468925926 0.4940687824108919157
0.9974734667237329377 0.07104001078338592623 7.229590659966497934e-06 144.5267076909496495 -0.07104001074328508691 0.9974734667367278762 -5.66043956240292615e-06 -72.53910508704328208 -7.613442546236055156e-06 5.132548075336651124e-06 0.999999999957846053 0.4940631521150272709
0.9981978476596694572 -0.06000880628498088398 9.903901965375489267e-06 145.7850449787793252 0.06000880631376982743 0.9981978477035919894 -2.635455815709298536e-06 -72.53439211977072887 -9.727903068187663724e-06 3.225027657633965507e-06 0.9999999999474833423 0.4940590809844046527
0.9791146155439448551 -0.2033090492927669413 1.030227147524246699e-05 146.9671687294529363 0.2033090491935685973 0.9791146155685575003 9.913399242797806178e-06 -72.31542133144394313 -1.21025883502778059e-05 -7.611809070180040015e-06 0.9999999998977936455 0.4940739375242577669
0.9384720851232219996 -0.3453551004647067435 5.451333798412477732e-06 147.9810746960148435 0.3453551002860079655 0.9384720849694154765 2.101980464840602422e-05 -71.92711273236920988 -1.237522134175917522e-05 -1.784385396662914943e-05 0.9999999997642251559 0.494072979720884764
0.8741672656093981697 -0.485624949652609772 3.757745949817628369e-06 148.9202909096897542 0.4856249494985340198 0.8741672654836166734 1.958762185300347522e-05 -71.38903018354199048 -1.279713637751338749e-05 -1.529800264792243738e-05 0.9999999998011019908 0.4940565222084443153
0.7859918115090384072 -0.6182369062227860423 5.201025251404779322e-06 149.7345941875699111 0.6182369061288660594 0.7859918114968316161 1.27424226077000953e-05 -70.72865851551526362 -1.196579918976020549e-05 -6.799974068313326449e-06 0.9999999999052897603 0.4940428759478348586
0.6710962639856633549 -0.7413702208619065148 9.267432186794715175e-06 150.406897350435429 0.741370220864630225 0.6710962640358053566 3.81399815308349437e-06 -69.98299938931843656 -9.046923770881523473e-06 4.31103833578942765e-06 0.9999999999497838354 0.4940057327525655406
0.537370638749735674 -0.8433461900829668512 1.686648203260696628e-05 150.9411526975711979 0.8433461902289376422 0.5373706387745144086 -3.411701780764910968e-06 -69.16737977531269621 -6.186306525233516203e-06 1.605763172991716601e-05 0.9999999998519408795 0.493983827738642578
0.3854355854755044386 -0.9227347446376114037 2.213480732329951912e-05 151.3399997595740274 0.9227347448661984419 0.3854355855637267014 -3.026805959367540078e-07 -68.27035811090894413 -8.252248519597755262e-06 2.054121966083419839e-05 0.9999999997549791075 0.493964424894648646
0.2192906324842106847 -0.9756595810860275719 1.849175354221922648e-05 151.5844939126918121 0.9756595812326529504 0.219290632583545031 3.502257465985354365e-06 -67.27265044672957117 -7.472079383970946524e-06 1.727364426242056195e-05 0.9999999998228945586 0.493968371035153675
0.04128493835709982213 -0.999147413404911755 1.238375895061513765e-05 151.6519141350259474 0.9991474134587743361 0.041284938436864968 6.256050030339966324e-06 -66.18631951011920478 -6.761978931839021423e-06 1.211492008454254265e-05 0.9999999999037519904 0.4939729768424483969
-0.1443493518388207497 -0.9895267882177863905 5.033596835196914013e-06 151.502682845750769 0.9895267882204007437 -0.1443493518123835362 5.27211494319643667e-06 -65.04716494172539853 -4.490302526410628098e-06 5.741905284398942494e-06 0.9999999999734333622 0.4939765722514720125
-0.3248760299722594502 -0.9457566098795301412 4.56884358625347177e-06 151.1348279211749741 0.9457566098898319007 -0.3248760299621981096 2.815249900718333406e-06 -63.89326806436961448 -1.178233436246775803e-06 5.23562123237715608e-06 0.9999999999855996302 0.4939782200766031361
-0.4879463328512340659 -0.872873631317027554 3.26968905549592679e-06 150.5480271479759722 0.8728736313109970446 -0.4879463328607842043 -3.449446961685772646e-06 -62.826273317116204 4.606364079706428326e-06 1.170880363809150146e-06 0.999999999988704813 0.4939926258113171431
-0.6274062134676404723 -0.7786921364011686331 3.378465907989950724e-06 149.7360634126804655 0.7786921363979798505 -0.6274062134758110476 -2.475390679456041494e-06 -61.78710090758132623 4.047237759302258036e-06 1.077709342589831686e-06 0.999999999991228905 0.4939973198343641236
-0.7396506977040057107 -0.672990969715793752 8.319008383209475392e-06 148.7465398160283598 0.6729909697478440034 -0.7396506977199885924 1.556631842238799917e-06 -60.84676402468963374 5.105561181980552003e-06 6.74998134733678957e-06 0.9999999999641853154 0.493996679339184841
-0.8126078144751929244 -0.5828108954180862833 6.168585607226715669e-06 147.6134012442446988 0.5828108954192856572 -0.8126078144957807892 -1.787140567101421918e-06 -60.04108328965381958 6.054205862968999628e-06 2.142874510826077695e-06 0.9999999999793770522 0.4940117452814062893
-0.8606952068043107751 -0.5091205759068287984 1.321424922467098e-05 146.4234975775104601 0.5091205760017157855 -0.8606952068351426677 4.992471965083448738e-06 -59.31360487842448492 8.831670767537333158e-06 1.102464286714694162e-05 0.9999999999002293638 0.4940008114920645399
-0.896825006886737941 -0.4423854731928333339 1.15233613153652796e-05 145.0880520545892693 0.4423854732863499173 -0.8968250068843638401 7.369234363139352091e-06 -58.62845995963160561 7.074396360177188185e-06 1.170668130781992719e-05 0.99999999990645283 0.4940175138353752882
-0.9254472051802501431 -0.3788765898677063371 8.747250515493557041e-06 143.6484783172850541 0.3788765899663947834 -0.9254472050082369616 1.789165258495955629e-05 -57.99055812120784026 1.316390222583163664e-06 1.987190832769881286e-05 0.9999999998016873004 0.4940029553994744749
-0.9435853561294010872 -0.3311293941368971816 6.238206953477752805e-06 142.0768720225327399 0.3311293941948200148 -0.9435853560019623609 1.552591087807586847e-05 -57.40202756546494101 7.451952665304993377e-07 1.671567583448956652e-05 0.9999999998600153095 0.4940268900335791358
-0.9532567294587097617 -0.3021615588194754842 1.07564623935795769e-05 140.5144796398814151 0.3021615589759201748 -0.9532567292861665598 1.871134281078650987e-05 -56.84417782511646777 4.599821648680481872e-06 2.108690289750095423e-05 0.9999999997670918628 0.4940195291847317427
-0.958840818673330153 -0.283944157020963206 1.190568472528841023e-05 138.9702264198756723 0.2839441571451526425 -0.9588408186531670596 1.048264946233659425e-05 -56.34864314951571629 8.439169423692630026e-06 1.343174180689030183e-05 0.9999999998741840868 0.4940533786874860001
-0.9606881328121948949 -0.2776298099806260855 9.282919882811060735e-06 137.3994828365077865 0.2776298100314599226 -0.9606881328308416457 4.703108551511735924e-06 -55.86690568375525601 7.612267835961596957e-06 7.095435856366975664e-06 0.999999999945853979 0.4940778924374780168
-0.9624444191510902469 -0.2714788021376376426 6.08822352767835132e-06 135.7290029662285349 0.2714788021729256373 -0.9624444191417115269 5.996635920772462884e-06 -55.36171264956282556 4.23161722007445553e-06 7.424252406283560105e-06 0.9999999999634866521 0.4940952355662515671
-0.9633296184956450237 -0.2683207895491068196 5.197264417807959504e-06 134.043602823169465 0.2683207895889665462 -0.9633296184484778646 9.823246449732524749e-06 -54.85240424080330968 2.370897505255101532e-06 1.085755834709840556e-05 0.9999999999382461757 0.4940875769160075759
-0.9629420554576538782 -0.2697083568979958268 7.252909767710400612e-06 132.3730928148729333 0.2697083569354055133 -0.9629420554626153539 4.782255221809184151e-06 -54.36309622916807882 5.694317641662918257e-06 6.561205049461961566e-06 0.9999999999622626312 0.4941143331208201483
-0.9589827943587243553 -0.2834642835423389906 9.055040044826418401e-06 130.7035744441903944 0.2834642835678945483 -0.9589827943925028908 1.649062285998996483e-06 -53.85923584180005719 8.216177346106254338e-06 4.148202798084219354e-06 0.9999999999576435483 0.4941349588070780841
-0.9528412129122854068 -0.3034693113229398054 7.953481796099886138e-06 129.037136438663822 0.3034693114114209722 -0.9528412128025680605 1.478653032503550212e-05 -53.28263550584991748 3.09114706600467582e-06 1.650285313365682421e-05 0.9999999998590498596 0.4941135213106130908
-0.9442687157650642149 -0.329175625435342345 6.991428126710015471e-06 127.3722741530308156 0.329175625502028002 -0.9442687156743457821 1.327789953146372561e-05 -52.67573367506578563 2.231025975200754218e-06 1.483931286539504593e-05 0.9999999998874085083 0.4941222661147890438
-0.9348001020005304307 -0.3551742801179860187 6.685880189257714686e-06 125.7026476594118805 0.3551742801687202133 -0.9348001019587979243 9.310471228932409922e-06 -52.01544945717947854 2.943121566307131522e-06 1.107808213799293837e-05 0.9999999999343069934 0.4941456499470939789
