1635266116161014 0.9999806747146978 0.006216928271891147 0.0 0.0 -0.006216928271891148 0.9999806747146978 0.0 0.0 0.0 0.0 1.0 0.49
1635266116410140 0.9999824335716504 0.005927271347402727 -5.113454887199489e-07 -0.0018479774995907943 -0.005927271343373166 0.9999824335432915 7.55153841394185e-06 -0.0013744109341942727 5.56096523460904e-07 -7.548374876938496e-06 0.9999999999713565 0.4949901103260979
1635266116658983 0.9999811003044065 0.00614809171575771 -1.0272508927056884e-07 -0.0018681903565392706 -0.006148091714936204 0.9999811002821878 6.66761913032505e-06 -0.0036709195549644623 1.4371628173595487e-07 -6.6668615510977515e-06 0.9999999999777662 0.494991997506159
1635266116907772 0.9999822908072573 0.005951308223737523 -2.507556078523665e-07 -0.001989779738546684 -0.005951308222649089 0.999982290798732 4.138377502142209e-06 -0.0073886049636010115 2.753799272322717e-07 -4.136811890915772e-06 0.9999999999914055 0.4949931499231618
1635266117156731 0.9999808794716872 0.006183905607951712 -4.794292797571692e-07 -0.0009749459582583743 -0.006183905608309872 0.9999808794715194 -7.491145674252179e-07 -0.008291504817641774 4.747876590430527e-07 7.520649893721511e-07 0.9999999999996045 0.495000866636337
1635266117405677 0.9999798802322889 0.006343431863443782 -7.601645095340756e-07 0.0033847573137854906 -0.006343431866115205 0.9999798802262068 -3.5648951311893527e-06 -0.0060519884984127715 7.375355458328608e-07 3.5696454581086096e-06 0.9999999999933569 0.495004134541845
1635266117654442 0.9999781623883591 0.00660868701976248 -2.057631332916527e-07 0.0012279692824150974 -0.006608687020098232 0.9999781623869737 -1.6759986931722746e-06 -0.005106170342883391 1.9468248910728418e-07 1.6773219175156957e-06 0.9999999999985743 0.494998667919966
1635266117903429 0.9999792412441095 0.006443374785014002 4.1895983580957013e-08 -0.005583676208242707 -0.006443374785054532 0.9999792412435575 1.0512111628068097e-06 -0.007981364497781598 -3.5121766371892224e-08 -1.051459292497456e-06 0.9999999999994467 0.494996330158746
1635266118152076 0.9999790617036919 0.006471178557658106 -2.1539134708741688e-07 -0.000982939312872927 -0.006471178557356399 0.9999790617027737 1.3733353400364353e-06 -0.010923722322066414 2.242739353644588e-07 -1.3719127488705602e-06 0.9999999999990339 0.4949965726042564
1635266118401098 0.9999812863084039 0.006117763537911224 -2.2595599764127668e-07 -0.0027618619937481515 -0.006117763537899661 0.9999812863084281 5.202342703744904e-08 -0.013016993260361077 2.2627003619595363e-07 -5.0640108123771846e-08 0.9999999999999731 0.4950006623668
1635266118649901 0.9999800329176317 0.006319316698489197 -5.324725851515373e-07 0.0016031151925431312 -0.006319316700302658 0.9999800329117216 -3.4757259280754906e-06 -0.011133462967063638 5.104977403277426e-07 3.4790213908773355e-06 0.9999999999938178 0.4950081317899518
1635266118898739 0.9999794865221613 0.0064051957497884395 -2.2048475906039126e-07 0.0023691878069595686 -0.006405195750254838 0.9999794865197981 -2.1837453120358303e-06 -0.011110757734858522 2.064929199595551e-07 2.1851127638714024e-06 0.9999999999975913 0.495003615690893
1635266119147275 0.9999810230417412 0.006160645594733205 -1.2423441434896902e-07 -0.00472343685126122 -0.006160645594695258 0.9999810230417031 3.039138913691036e-07 -0.012902553084573873 1.261043625334361e-07 -3.031427598113124e-07 0.999999999999946 0.494998535449241
1635266119396495 0.9999809301725384 0.0061757014946048515 -2.8529713918690427e-07 -0.007263766988304374 -0.006175701495100863 0.999980930171007 -1.7715451733617843e-06 -0.010295681375435394 2.7435116444196867e-07 1.7732733002744365e-06 0.9999999999983902 0.4950053109520865
1635266119645479 0.9999803504793809 0.0062688637480291225 -4.584331645860372e-07 0.0016855451367966427 -0.0062688637495465814 0.9999803504737403 -3.3870729208858577e-06 -0.005755052051213825 4.37191057952586e-07 3.389880221580551e-06 0.9999999999941589 0.495006890860918
1635266119894298 0.9999814049984622 0.006098332154668773 -6.936285675377127e-09 -0.0011128987756823824 -0.006098332154672694 0.9999814049979743 -9.876013678601925e-07 -0.005215955844576487 9.134355177921627e-10 9.876253031874114e-07 0.9999999999995124 0.4950018961693183
1635266120143077 0.999979936657364 0.0063345308031562625 7.257350716158178e-08 0.003351711223521454 -0.006334530803327324 0.9999799366538099 2.6666351435572068e-06 -0.008423125208141704 -5.568016863590257e-08 -2.667041361065228e-06 0.999999999996442 0.4949943854118904
1635266120391791 0.9999802744680272 0.0062809770368180235 -2.8138411427275535e-07 0.0036031534187200166 -0.006280977036437108 0.9999802744671781 1.3348979734097586e-06 -0.009555619466218123 2.89763027339261e-07 -1.333104274679924e-06 0.9999999999990694 0.494999671633864
1635266120640860 0.9999814771258119 0.006086493493457875 2.4831401658267772e-08 -0.004758892032192304 -0.006086493493447469 0.9999814771257318 -4.0122883854034796e-07 -0.011074336263394872 -2.727301842442588e-08 4.0107027046532957e-07 0.9999999999999192 0.495003515998533
1635266120889638 0.9999817571101027 0.0060403182660215896 -5.9348402724113735e-08 -0.001372980639499509 -0.006040318266160578 0.9999817571064138 -2.7165866814772313e-06 -0.00836983408893587 4.293827188429122e-08 2.716895606332613e-06 0.9999999999963083 0.4950060765926610
1635266121138433 0.9999809814816175 0.006167387843735098 -1.1439790570640837e-07 -0.0019660593087762455 -0.006167387843815529 0.9999809814813672 -7.161785569162552e-07 -0.007683008094165015 1.0997877910266581e-07 7.168704725157283e-07 0.9999999999997371 0.495000323113850
1635266121387313 0.9999788830188063 0.0064987317398680754 2.2223469075019316e-08 -0.00841964904791555 -0.006498731739873189 0.9999788830187788 2.3622349980507977e-07 -0.006442969781360878 -2.068784662653836e-08 -2.3636293584225802e-07 0.9999999999999718 0.494999398719237
1635266121636477 0.9999791867053214 0.006451833375860191 -1.4566994000812567e-07 -0.0014617725571930197 -0.006451833375745585 0.9999791867050329 7.742600072155931e-07 -0.006057648231132493 1.5066230469342383e-07 -7.733040541347972e-07 0.9999999999996896 0.4949982839121812
1635266121885212 0.9999794114360692 0.0064169074900288095 -6.594943092672575e-08 -0.0006045294829223887 -0.006416907489894232 0.9999794114343215 1.871198135556547e-06 -0.007190651791242325 7.795537845459933e-08 -1.8707364188809938e-06 0.9999999999982472 0.494995816609463
1635266122134048 0.9999812551602042 0.006122852765631371 -5.98433803656248e-09 -0.004932780323855428 -0.006122852765630318 0.9999812551601901 1.68675330832455e-07 -0.005538241084665248 7.017000076998368e-09 -1.6863552782008013e-07 0.9999999999999858 0.4950002476598585
1635266122383122 0.999981536573753 0.0060767186337640925 -9.644275185229888e-08 7.515382544409059e-06 -0.006076718633848013 0.9999815365733569 -8.946331088935562e-07 -0.002721015367368879 9.100453750506817e-08 8.952026463704686e-07 0.9999999999995952 0.4950014925966611
1635266122631962 0.9999816474484347 0.006058445681554249 -7.176647200998313e-08 -0.0028364963848446292 -0.006058445681549497 0.9999816474484351 6.684529844464675e-08 -0.0026463659998466134 7.217013352195783e-08 -6.640927839058216e-08 0.9999999999999951 0.494999790904794
1635266122880837 0.9999797495509551 0.006363999196020406 9.644000228567191e-08 -0.00791519468294222 -0.006363999196124738 0.9999797495503289 1.1226647865348615e-06 -0.002631475463718293 -8.929341153417286e-08 -1.1232557961682862e-06 0.9999999999993652 0.4949967811197704
1635266123129586 0.9999808222684693 0.006193148879496997 -7.426754098748542e-10 -0.004379790462366249 -0.006193148879492667 0.9999808222678919 1.0745645857371931e-06 -0.00219707318614138 7.3975996320006285e-09 -1.0745393785290387e-06 0.9999999999994227 0.4949973362765572
1635266123378448 0.9999795242950917 0.006399295923767539 -9.588661616435151e-08 -0.002782220820986499 -0.006399295923676235 0.9999795242946695 9.244728189929887e-07 -0.0023048283808004373 1.0180062796068912e-07 -9.238402829304592e-07 0.9999999999995681 0.4949979765229956
1635266123627507 0.9999787086000211 0.0065255148718466795 -2.4217960281093135e-07 -0.0023890890836358834 -0.006525514871674143 0.999978708599802 7.066854117074297e-07 -0.003686568361904424 2.467859326323003e-07 -7.050900187875387e-07 0.9999999999997209 0.4949990354948759
1635266123876226 0.999980739706227 0.006206465526486296 -1.5094693632591476e-07 -0.006515284025057998 -0.006206465526141853 0.9999807397038543 2.184568085240249e-06 -0.0064703859424231685 1.6450247555112556e-07 -2.1835891628657363e-06 0.9999999999976024 0.494994562781536
1635266124125119 0.9999805304144612 0.006240095324412962 -3.4979006033233376e-07 -0.0022725737223700253 -0.006240095324793785 0.9999805304139169 -1.0982798904355859e-06 -0.004713034579307025 3.429298788605334e-07 1.100441230702561e-06 0.9999999999993356 0.495003243493914
1635266124374219 0.9999811396598305 0.006141687259177997 6.20847601437855e-08 -0.003208391073743949 -0.006141687259187204 0.9999811396598215 1.4847465048441826e-07 -0.007092844586555779 -6.117170433521723e-08 -1.488531553826258e-07 0.9999999999999871 0.49499944872904
1635266124622979 0.9999792361975668 0.0064441579334062055 -1.6558237686538235e-07 -9.197961114819433e-05 -0.006444157933456206 0.9999792361975341 -3.029721605305091e-07 -0.0075428551429134304 1.636265382941268e-07 3.040329086646064e-07 0.9999999999999405 0.4950003501856614
1635266124871902 0.9999806635533239 0.0062187231181988776 1.0597885558187444e-08 -0.0012242477956231662 -0.0062187231182024285 0.9999806635532551 3.7125757979431733e-07 -0.008969276980146035 -8.28893253699541e-09 -3.7131630630870964e-07 0.9999999999999309 0.494999074522402
1635266125120798 0.9999802762471872 0.006280693768986579 -3.8271241855473633e-07 -0.002275400595589807 -0.006280693769744403 0.9999802762452316 -2.0120792288315143e-06 -0.006854951415211066 3.700676165572885e-07 2.0144432425849615e-06 0.9999999999979026 0.4950049730761812
1635266125369512 0.9999812954080066 0.0061162759769944315 -2.5516373179806115e-07 -0.001420151960294005 -0.006116275977551546 0.9999812954055212 -2.2427301335558832e-06 -0.003857250808162184 2.4144180262528284e-07 2.244248836011981e-06 0.9999999999974525 0.495002534961087
1635266125618573 0.9999805215712421 0.006241512306533093 2.6050796781465044e-08 -0.003624400416122133 -0.006241512306504907 0.9999805215707714 -9.708435987793426e-07 -0.0018639597407844734 -3.210982162618307e-08 9.706620919048062e-07 0.9999999999995284 0.495001618150662
1635266125867526 0.9999785261396441 0.006553415699920096 -1.2604530740370034e-07 -0.021556024121726827 -0.006553415699924511 0.9999785261396517 -3.4296031959523043e-08 -0.0004257144331496342 1.2581784457036132e-07 3.512132278785133e-08 0.9999999999999916 0.494999672971952
1635266126116441 0.9999727885381297 0.007377139063698093 5.287338667414242e-07 -0.07041224422443612 -0.00737713906675318 0.9999727885200664 6.029902823107771e-06 -0.006907430740860815 -4.842360474451658e-07 -6.033639283914716e-06 0.9999999999816804 0.494986822415792
1635266126365319 0.9999689625897066 0.007878696247200202 6.90916431699645e-07 -0.142246852693693 -0.00787869624552566 0.9999689625870933 -2.3938407515135154e-06 -0.0025585256163363243 -7.097553315878433e-07 2.3883229322049094e-06 0.999999999996896 0.495009431344937
1635266126614139 0.9998931407859004 0.014618720834008954 2.8726161682308614e-06 -0.22061987034423458 -0.014618720872445205 0.9998931406935615 1.3848692257106119e-05 -0.014679480365099685 -2.6698590364426464e-06 -1.3889206370703279e-05 0.9999999998999809 0.494978782731574
1635266126862757 0.9996781149154907 0.02537058434871187 2.565759387254633e-06 -0.3227940808035251 -0.02537058443214327 0.9996781140890011 4.067919325623815e-05 -0.04745040826481057 -1.532878601715513e-06 -4.0731194045936946e-05 0.99999999916931 0.4949579399138590
1635266127111504 0.9991697220414982 0.04074145988025465 3.2889093772921446e-07 -0.5090466471872027 -0.04074145987236137 0.9991697216110533 2.934154122849872e-05 -0.061384537113956056 8.667993580963468e-07 -2.9330579090555594e-05 0.9999999995694828 0.494993903653573
1635266127360685 0.9980576012950754 0.062297869058413405 2.380853943257083e-06 -0.7877084982843457 -0.06229786910221808 0.9980576008206564 3.077670122441063e-05 -0.08410547324900364 -4.5890647158438776e-07 -3.086524272718792e-05 0.9999999995235631 0.494991522963675
1635266127609221 0.9960422843445957 0.08888063783878754 3.568890619491508e-06 -1.1998252890383587 -0.08888063788647031 0.9960422842055484 1.677064718637598e-05 -0.0811064730390235 -2.0641801458283105e-06 -1.702147900830065e-05 0.9999999998530043 0.4949994885835114
1635266127858079 0.9934420976349757 0.114336339751654 -7.52202391023048e-06 -1.582333540034873 -0.11433633986013517 0.9934420975212118 -1.605645776915066e-05 -0.04670229821755648 5.636858600294983e-06 1.681120176904614e-05 0.9999999998428046 0.4950675202855301
1635266128106767 0.9907014175243648 0.13605403813404798 4.5166662195234535e-06 -2.201582583633631 -0.13605403820152642 0.9907014172722964 2.239392446058712e-05 -0.058936862976787116 -1.4278837724992848e-06 -2.2800203385462706e-05 0.9999999997390558 0.4949743721107997
1635266128355509 0.9885682550136963 0.15077401916124764 1.7969600105930084e-05 -2.9629639385106956 -0.15077402001781837 0.9885682529416496 6.450835882259994e-05 -0.12310488423044087 -8.037991653618061e-06 -6.648026456128712e-05 0.9999999977578826 0.4948562708291081
1635266128604037 0.9881554588588025 0.15345614668364346 1.3050841705311393e-05 -3.7823976821673733 -0.1534561472186709 0.9881554565276595 6.79204027851597e-05 -0.2162129904606019 -2.473457150776068e-06 -6.911864866625637e-05 0.9999999976082472 0.4948413609169748
1635266128852803 0.9889263189781643 0.148407330011089 5.389333726473114e-06 -4.628481657712653 -0.14840733010594587 0.9889263180752665 4.226924061414298e-05 -0.36516919642192025 9.434111821434148e-07 -4.260098115603767e-05 0.9999999990921331 0.49479218550975
1635266129101774 0.9900235067435058 0.14090229261664083 -5.332285309690188e-06 -5.51624147745293 -0.14090229265318174 0.990023506726175 -7.242350947045989e-06 -0.4822266618187092 4.2586239488003735e-06 7.921428906895539e-06 0.9999999999595575 0.4948475769068794
1635266129350598 0.9911776190807295 0.13254028604236134 -2.651869501418632e-06 -6.504277159473974 -0.13254028606837473 0.991177618934307 -1.7041087763736516e-05 -0.614645828108043 3.6984305146283583e-07 1.7242224338578633e-05 0.9999999998512845 0.4948538260828088
1635266129599226 0.9920131883056057 0.12613419129409972 -3.478086448675195e-06 -7.604677070904152 -0.12613419134096998 0.9920131878056799 -3.149824145401578e-05 -0.7079354097542917 -5.22697587575728e-07 3.1685376552506385e-05 0.9999999994978819 0.494837835120142
1635266129848134 0.9927603884289512 0.12011166118829954 -3.2790362677431615e-06 -8.713357868750872 -0.12011166123124058 0.9927603881941741 -2.1600732347324263e-05 -0.8004997733455143 6.60797472948011e-07 2.1838201928884326e-05 0.9999999997613283 0.494819446968916
1635266130097164 0.9934544176731207 0.11422924287639064 -8.684154770602059e-06 -9.83403753463397 -0.1142292431836345 0.9934544161243017 -5.5521021293799913e-05 -0.8527366385088428 2.285187681051869e-06 5.6149588305309715e-05 0.9999999984210008 0.4947476198239293
1635266130345801 0.993967234659759 0.1096774195539273 -7.783985955357681e-06 -11.110750048046379 -0.10967741981729882 0.9939672309536227 -8.585088469593989e-05 -0.8820522300569151 -1.67887653404747e-06 8.618669394998736e-05 0.9999999962845176 0.494691454578886
1635266130594699 0.9945692547525009 0.10407688253903188 -4.447330787902849e-06 -12.332973019358453 -0.1040768826064219 0.9945692525958165 -6.554155246339282e-05 -0.9299203110403969 -2.3981819993927787e-06 6.564847731330962e-05 0.9999999978422631 0.494694008649969
1635266130843378 0.9949844728351268 0.10002948970818584 -1.8686698213129203e-06 -13.61379760398822 -0.10002948970784292 0.9949844721320802 -3.745132034719618e-05 -0.9727147588045166 -1.8869390074838712e-06 3.745040432137646e-05 0.9999999992969533 0.4947301032613690
1635266131091698 0.9954922547435958 0.09484287391643409 3.24811025600572e-06 -14.961036740826449 -0.09484287392945218 0.9954922547391277 4.1202787433193024e-06 -1.0592500119150008 -2.842689525045574e-06 -4.409765687888199e-06 0.9999999999862366 0.494807994261270
1635266131340580 0.995863862001759 0.09085795677027093 6.945500770915579e-06 -16.412751017247178 -0.0908579567387219 0.9958638620176197 -4.731066275454326e-06 -1.1271132443422702 -7.346628236519267e-06 4.0804439238967175e-06 0.9999999999646885 0.494843419280417
1635266131589670 0.9961400865869772 0.08777771804750674 1.0326136544987144e-05 -17.903863946316978 -0.08777771804043259 0.9961400866404725 -1.1371725220849165e-06 -1.2022951994598394 -1.0386096961622979e-05 2.2637843252160326e-07 0.9999999999460389 0.4948814922738275
1635266131838267 0.9964375952847135 0.08433337781165388 9.373434747166806e-06 -19.437499748180606 -0.0843333777606725 0.9964375953167676 -5.707944766927831e-06 -1.2911546350923948 -9.821413041904834e-06 4.897117344138636e-06 0.9999999999397791 0.494856849952301
1635266132087351 0.9967677896754639 0.08033662589425795 1.7842060319716632e-06 -21.007696912959677 -0.08033662581573388 0.9967677893084079 -2.734116663670181e-05 -1.379016182460542 -3.974936177773289e-06 2.7109457143305646e-05 0.9999999996246387 0.4947306563929340
1635266132336135 0.9973757186753486 0.0723994184505926 1.6172235788125595e-06 -22.59136913561744 -0.07239941839526719 0.9973757184212886 -2.2746700383892344e-05 -1.5770904718216956 -3.2598274082369765e-06 2.2569920596406703e-05 0.9999999997399862 0.494725690352818
1635266132585020 0.9978076878105883 0.06618019434847137 4.455745337204995e-06 -24.247054677869638 -0.06618019421852764 0.9978076875210053 -2.4798156070408227e-05 -1.7353279526725072 -6.087123739335962e-06 2.4448908678830196e-05 0.9999999996825988 0.4947975154281273
1635266132833920 0.9982035105932815 0.05991453399630434 7.2815771984804874e-06 -25.972133799856863 -0.059914533886303675 0.9982035105213115 -1.4487387032199743e-05 -1.9223757008924516 -8.136500964531695e-06 1.4025088291092572e-05 0.9999999998685472 0.4948883503944309
1635266133082837 0.9985242830743952 0.05430705363303499 5.850718191073403e-06 -27.71076461510131 -0.05430705348124163 0.9985242828218074 -2.3561568822202838e-05 -2.087138126371773 -7.121643567455831e-06 2.3209063350643627e-05 0.9999999997053108 0.4948499047636173
1635266133331304 0.9987788300856036 0.04940494465514402 3.771185304443399e-06 -29.439552263670972 -0.049404944526746736 0.9987788296850587 -2.8757967128738398e-05 -2.241682552786405 -5.187365819298758e-06 2.8536533563779204e-05 0.9999999995793787 0.494786282821794
1635266133580498 0.9990222659837902 0.044209863788101836 3.196539596866897e-06 -31.2122220342663 -0.04420986378547426 0.9990222659886255 -8.880897408014731e-07 -2.4521547057721187 -3.2326765578639973e-06 7.459028450917498e-07 0.9999999999944966 0.4948079318085031
1635266133829473 0.9994155302266142 0.03418476170828642 2.563289504992993e-06 -32.94405999154965 -0.03418476169617148 0.9994155302195915 -4.629920156456266e-06 -2.8107712947896624 -2.720064057021799e-06 4.539588667195288e-06 0.9999999999859968 0.494787349836070
1635266134078654 0.9997622064424301 0.02180666257872271 5.857318512106481e-06 -34.74869182106267 -0.021806662462659766 0.9997622062778055 -1.9197431068771837e-05 -3.256760783048605 -6.274557580244531e-06 1.906513747565453e-05 0.9999999997985751 0.4948757141787868
1635266134327277 0.9999624596837393 0.00866482556516614 4.3517955057114066e-06 -36.44611303136095 -0.008664825461353783 0.9999624594218883 -2.333280800195928e-05 -3.7616706880478703 -4.5538068480846285e-06 2.3294224532519223e-05 0.9999999997183209 0.4948029200939342
1635266134575886 0.999997349321849 -0.0023024551161944067 6.8906572510648005e-06 -38.21594253678938 0.0023024553085236503 0.9999973489521635 -2.8035056063491647e-05 -4.206662376502967 -6.8260895253521274e-06 2.8050847182010573e-05 0.9999999995832773 0.49488504678349
1635266134824789 0.9999003160261246 -0.014119417500192945 7.6209190875396824e-06 -40.05033537988685 0.014119417708196875 0.9999003156611035 -2.7967378582337305e-05 -4.704896355460797 -7.225276306684709e-06 2.8072193622881388e-05 0.9999999995798736 0.494911822593660
1635266135073721 0.9997693796610835 -0.021475275663634337 5.003032692511975e-06 -41.80865446332553 0.02147527580379544 0.9997693792239233 -2.988526544873428e-05 -5.033114152798988 -4.360084575447045e-06 2.998581480568193e-05 0.9999999995409203 0.4947858199297849
1635266135322380 0.9996749147708793 -0.025496367505417762 4.430683545786997e-06 -43.62646372817987 0.025496367652664734 0.9996749140861826 -3.7162760609616775e-05 -5.225510434596778 -3.481727790966691e-06 3.7263645881788454e-05 0.9999999992996491 0.4947311386760852
1635266135571766 0.9997278530485149 -0.02332851893678355 6.402386598760255e-06 -45.55291222664448 0.02332851911414187 0.9997278526388144 -2.9187209062161636e-05 -5.171269689162864 -5.719749846836455e-06 2.932862405040378e-05 0.9999999995535582 0.494853824712186
1635266135820706 0.9997722389200492 -0.02134174877126908 6.476351282959234e-06 -47.45108969767261 0.021341748837117553 0.999772238886823 -1.0274708781324158e-05 -5.135661934263569 -6.255595968486711e-06 1.0410585265041041e-05 0.9999999999262437 0.494930043217345
1635266136069578 0.9997971222404424 -0.02014235103505764 7.23030262810455e-06 -49.4283621075269 0.02014235113622549 0.9997971221636612 -1.4203267328736256e-05 -5.1209847282742 -6.942748563586646e-06 1.4346021096070684e-05 0.9999999998729949 0.4949626106775643
1635266136318553 0.9997826380765877 -0.02084889861796963 4.9803001221531976e-06 -51.35677473276241 0.020848898648480798 0.9997826380694089 -6.155101133543373e-06 -5.217836878644128 -4.850890514997934e-06 6.257597021421971e-06 0.9999999999686557 0.4948943046884352
1635266136567289 0.9997654153959797 -0.02165904336568429 4.0440304645614585e-06 -53.28525945928791 0.021659043392004897 0.9997654153819203 -6.58229346267923e-06 -5.307726386148392 -3.900515617674305e-06 6.668339189299161e-06 0.9999999999701596 0.494838691609994
1635266136816324 0.999779463340565 -0.02100058657058396 6.626501188448907e-06 -55.30284300550242 0.021000586679985684 0.9997794632174539 -1.6896253740561225e-05 -5.326094409105457 -6.270208561814114e-06 1.7031687909835374e-05 0.9999999998353031 0.4949359905808208
1635266137065227 0.9997186544269657 -0.02371944218230597 7.145950534957593e-06 -57.28451823451931 0.023719442356763727 0.9997186541255106 -2.5407265840982998e-05 -5.52593393240226 -6.541293878144209e-06 2.5569615581071037e-05 0.999999999651703 0.494926019522465
1635266137313703 0.9997094704861855 -0.024103413780257554 7.882595587689552e-06 -59.35475809580985 0.024103413875307116 0.9997094704406015 -1.2194043603272113e-05 -5.61668496138757 -7.586387382059318e-06 1.2380498337602016e-05 0.999999999894585 0.4950194123932289
1635266137562839 0.9996449261989542 -0.026646228255032482 6.498882507391785e-06 -61.40533250670239 0.02664622830803691 0.9996449261849486 -8.210463367059475e-06 -5.829343595483558 -6.277797043442098e-06 8.380718753681157e-06 0.9999999999451763 0.494953475425973
1635266137811650 0.999587343632201 -0.02872529216772081 6.161682528270828e-06 -63.43266015886501 0.028725292240960147 0.9995873435752857 -1.2146693925639086e-05 -6.014671119375038 -5.810222538515575e-06 1.2318677646391081e-05 0.9999999999072458 0.4949140369349873
1635266138060289 0.9995121273947363 -0.03123310927556442 8.578833492480443e-06 -65.53485360459159 0.031233109574690127 0.9995121267268791 -3.7282350023809734e-05 -6.202678026183759 -7.410204396577887e-06 3.753210463315075e-05 0.9999999992682149 0.494954603289083
1635266138308984 0.9995022204448757 -0.03154855443517737 6.048216554010806e-06 -67.57049356443613 0.031548554638430155 0.9995022197673701 -3.7122674174717186e-05 -6.268830935921298 -4.874039164398062e-06 3.7295007756983994e-05 0.9999999992926631 0.494765139840038
1635266138558042 0.9995986193051808 -0.028330200167482927 6.278043777825695e-06 -69.70857186874497 0.02833020035134415 0.9995986188252358 -3.1440431599122236e-05 -6.096018821439202 -5.3848101686957555e-06 3.1605670254952444e-05 0.9999999994860427 0.4948323796331473
1635266138806912 0.9997005386828421 -0.024471063266999882 4.193436916926481e-06 -71.81380646045511 0.024471063415861867 0.9997005378810554 -4.0167058148693614e-05 -5.859197333862788 -3.209250520222933e-06 4.025764752936847e-05 0.9999999991845112 0.4946519735720768
1635266139055791 0.9998324234740179 -0.01830641854273734 2.8243981854303983e-06 -73.89766976532091 0.018306418629693413 0.9998324228756288 -3.4660802441540404e-05 -5.456431399179304 -2.1894097243873175e-06 3.470669872031644e-05 0.9999999993953257 0.494591024444106
1635266139304691 0.9999605200359175 -0.0088858519820344 1.3482774371179168e-06 -76.0010732950265 0.00888585203715877 0.9999605188507075 -4.869460747402791e-05 -4.782005361441492 -9.155311312399853e-07 4.870466560659385e-05 0.9999999988135087 0.494455417886461
1635266139553845 0.9999984363173028 0.0017684331168209997 2.2422558306317593e-06 -78.0883009125554 -0.001768433030545029 0.9999984356012871 -3.791255812887156e-05 -4.002001725422652 -2.3092981461929667e-06 3.7908533566471256e-05 0.9999999992788051 0.494587344462147
1635266139802984 0.9998640336200298 0.016489822565606 4.754555597045239e-06 -80.13212384016845 -0.01648982250107817 0.9998640335438642 -1.3305795234933897e-05 -2.891221436512828 -4.973319339499802e-06 1.3225584316285874e-05 0.999999999900175 0.4948632460984551
1635266140052056 0.999341914510519 0.03627310103311716 6.454380219746291e-06 -82.1334237408548 -0.036273101020355636 0.9993419145296537 -2.0834288414291147e-06 -1.3386755967743489 -6.5257051107786225e-06 1.847937381409692e-06 0.9999999999770002 0.4950152937957232
1635266140300600 0.9981491350854443 0.060813683487381136 5.161665801901086e-06 -84.10971368099788 -0.06081368340877106 0.9981491350022679 -1.4221442190670558e-05 0.6557019483328401 -6.016970539469326e-06 1.3881220312377765e-05 0.999999999885554 0.4949463535117935
1635266140549700 0.9957861308425974 0.0917059519038835 2.167830806361434e-06 -86.01435093468446 -0.09170595177373239 0.9957861302507269 -3.474656113887572e-05 3.2491479083475014 -5.345162314343953e-06 3.440134068926182e-05 0.9999999993939885 0.494831575304726
1635266140798928 0.9919322793598143 0.12676889665895552 1.2967435176430767e-06 -87.79614579979484 -0.12676889653745976 0.9919322787652599 -3.4813803318438435e-05 6.261200846288891 -5.699589187622807e-06 3.4368548534095926e-05 0.9999999993931588 0.4948557786652812
1635266141047835 0.9850821142910968 0.17208494443252506 -1.0974986957971324e-06 -89.34757217463451 -0.17208494436746805 0.985082113698593 -3.450977926216274e-05 10.273540808617971 -4.857487111681536e-06 3.4183829321376256e-05 0.9999999994039352 0.494784357627657
1635266141296830 0.9748786482630548 0.22273666325142666 -1.478743991600435e-06 -90.63475410167746 -0.22273666320966215 0.974878647901379 -2.6943864086682295e-05 14.862455157343263 -4.5597904386540265e-06 2.6596368302298108e-05 0.9999999996359208 0.494788656310104
1635266141545974 0.9617137388417756 0.2740559879056154 -3.7171725672104084e-06 -91.61734924556927 -0.2740559879027145 0.9617137384604022 -2.7366980889023893e-05 19.633983553606903 -3.925229057429933e-06 2.733791491176735e-05 0.9999999996186155 0.4947263777466311
1635266141794731 0.9461670215772685 0.32367880257665316 -6.31758935954152e-06 -92.31234977867011 -0.3236788025758526 0.9461670208310599 -3.811176437085824e-05 24.372591070932796 -6.3584755525057486e-06 3.810496434097703e-05 0.9999999992537907 0.494905668231886
1635266142043192 0.9283201646933279 0.3717817529198858 -4.163737459541494e-06 -92.81835029903262 -0.37178175288797816 0.9283201643041886 -2.7632472596789105e-05 29.0670862458748 -6.407967656998208e-06 2.7199783123269542e-05 0.9999999996095548 0.494971474460527
1635266142292600 0.9078175041768968 0.41936544814063387 -3.6881004589690477e-06 -93.08599043718601 -0.4193654481095105 0.907817503907166 -2.300954836296135e-05 33.82763377099301 -6.301287407940792e-06 2.2435132668799718e-05 0.9999999997284792 0.4949930828416882
1635266142541331 0.8832750169052229 0.4688552489315858 -7.625349691703844e-06 -92.86894495232532 -0.4688552489922082 0.8832750168253405 -1.1933816616412282e-05 38.890775811169874 1.1400483168494879e-06 1.411602730199337e-05 0.9999999998997191 0.4943027528437790
1635266142790350 0.8551512858860312 0.5183785086082969 -7.633642333225967e-06 -92.34435845693254 -0.5183785086638016 0.8551512857679215 -1.423835880347541e-05 44.09472366267438 -8.5294014522668e-07 1.6133066968105255e-05 0.9999999998694984 0.494488353058493
1635266143039057 0.8214896730269907 0.5702233922054957 -9.456864631158284e-06 -91.28410819244178 -0.570223392102315 0.8214896722338425 -3.886168359398925e-05 49.731733393691755 -1.4391124419603308e-05 3.7316997177619415e-05 0.9999999992001687 0.49569196108858
1635266143288259 0.7800078348977785 0.6257697479477284 -7.0202244843652495e-06 -89.46347501724395 -0.6257697460205274 0.7800078315079914 -8.803052055684003e-05 55.97829550229814 -4.9611006583922836e-05 7.305753983721662e-05 0.9999999961006718 0.499019350156798
1635266143537072 0.7305319305692956 0.682878538409792 -1.399180498788131e-05 -86.75065637149424 -0.6828785375391266 0.7305319282145912 -6.946410436129291e-05 62.58306248674361 -3.721408578126859e-05 6.0300449592114035e-05 0.9999999974894838 0.4978430825856487
1635266143785862 0.6769932169659839 0.7359892553005271 -1.618613634454794e-05 -83.52345409274575 -0.7359892554244568 0.676993216485997 -2.7008602878032147e-05 68.93397657627133 -8.920137012554064e-06 3.0197463384645717e-05 0.9999999995042723 0.495205378873880
1635266144034775 0.6192493246054104 0.7851944178468513 -1.247615361152349e-05 -79.80985442511167 -0.7851944178773624 0.6192493246831786 3.379989608940795e-06 75.05360401628761 1.0379798671923373e-05 7.703149889856045e-06 0.9999999999164606 0.4934669194457415
1635266144283562 0.5612193962523034 0.827667076265166 -1.1603406846667716e-05 -75.94766423764402 -0.8276670762106914 0.5612193963590325 1.0247728127163283e-05 80.58683363690326 1.4993764163598139e-05 3.852534026388863e-06 0.9999999998801725 0.493032262324521
1635266144532563 0.5026838342253593 0.8644703365540434 -4.939424908577648e-06 -72.0036148295661 -0.864470336462806 0.5026838342450973 1.2739588897050578e-05 85.62974307062802 1.349596575343315e-05 -2.1339990805780816e-06 0.9999999999066524 0.493303925636573
1635266144780892 0.45461226676012967 0.8906894446980219 -3.5374422989759566e-06 -69.0535967776659 -0.8906894442352283 0.4546122666457437 3.067452966544856e-05 89.40215476868173 2.8929644455821957e-05 -1.0794254947745429e-05 0.99999999952328 0.4917982476549429
1635266145029713 0.41912118027540446 0.9079303036051863 -6.14109729040049e-06 -67.32219419594679 -0.9079303029160415 0.419121180205581 3.671012656024978e-05 92.00092042935123 3.5904100297422535e-05 -9.810303248903066e-06 0.9999999993073267 0.491037838871124
1635266145278373 0.3941754714515012 0.9190351993591861 -6.524961898192649e-06 -66.6701308442792 -0.9190351984389526 0.39417547135863557 4.2511643777855874e-05 93.74176227263135 4.1641676946378676e-05 -1.0760377575426559e-05 0.9999999990750925 0.4904616583373120
1635266145527197 0.37687691691968334 0.9262633477308 -1.1891689418613906e-05 -66.79060343683562 -0.9262633472183446 0.3768769171068172 3.0817143402474486e-05 94.9147010013009 3.302649366282886e-05 -5.994339488313967e-07 0.9999999994544455 0.491223028656683
1635266145775817 0.36540225649909186 0.93084971437615 -1.3746952974288051e-05 -67.54402053532904 -0.9308497142489518 0.36540225669683885 1.6771085398833156e-05 95.6768340712039 2.063452769283811e-05 6.668154799252097e-06 0.9999999997648761 0.492444146858748
1635266146024727 0.3590103874376651 0.9333335638954771 -1.4689872825356812e-05 -68.86312104070286 -0.9333335638554363 0.35901038762076654 1.2612081023655205e-05 96.07733831557593 1.70450954671158e-05 9.182683261996226e-06 0.9999999998125717 0.492781814114361
1635266146273014 0.3589393558533736 0.9333608832610637 -2.0382822298437403e-05 -70.82438798240199 -0.9333608833903494 0.35893935542317695 -2.1976077541463076e-05 96.03642804590962 -1.3195414047236789e-05 2.6912608143434685e-05 0.9999999995507964 0.4957214776075754
1635266146522125 0.36286193040950593 0.931842915348975 -2.389930966873271e-05 -73.1833850763228 -0.931842914637768 0.36286192869522316 -5.60422980074851e-05 95.71781999632799 -4.355046875736747e-05 4.260601881921847e-05 0.999999998144042 0.4987114355299569
1635266146770828 0.366996193605933 0.9302224429789118 -2.1327651143444642e-05 -75.62677709444877 -0.930222442827389 0.3669961926842213 -3.7593852057050964e-05 95.34753221447326 -2.7143478133016887e-05 3.363626035442282e-05 0.9999999990659165 0.497105434451344
1635266147019353 0.3801289923416397 0.924933483524727 -1.5294128146898257e-05 -79.00035969343348 -0.9249334836463049 0.3801289923413271 -3.0406579709526543e-06 94.19926562660027 3.0013351519457988e-06 1.530189347683158e-05 0.9999999998784219 0.4942022572584874
1635266147268470 0.3973614481275721 0.9176621815014298 -1.3481934234627745e-05 -82.76371358427441 -0.9176621808772042 0.3973614483548033 3.3864925953682354e-05 92.617549357712 3.6433762741217776e-05 -1.0847548454991031e-06 0.999999999335702 0.4908761418637448
1635266147517613 0.41633324690276746 0.9092120914916251 -1.4373280277940874e-05 -86.69052006848833 -0.90921209074063 0.41633324714425435 3.7028917250351836e-05 90.80334636447911 3.9651213749180834e-05 -2.3480091358304375e-06 0.9999999992111341 0.490567762229024
1635266147766696 0.4379312322649096 0.8990084735689022 -1.600053005305873e-05 -90.87105476245499 -0.8990084736468296 0.4379312323772817 4.180904594332432e-06 88.64088825313445 1.0765800502337793e-05 1.2553663399590565e-05 0.9999999998632514 0.4934057526282622
1635266148015678 0.4601786875065598 0.8878263204459933 -1.6906674696739535e-05 -95.0763327186806 -0.8878263204627295 0.4601786870051018 -2.678878000133101e-05 86.2944657545125 -1.600369261428668e-05 2.7337816408242116e-05 0.9999999994982629 0.495984640722616
1635266148264794 0.48205400223622197 0.8761415060615769 -1.6791641228127798e-05 -99.18823900089119 -0.8761415059708806 0.4820540015499437 -3.320439191071153e-05 83.84946694730071 -2.09972680899465e-05 3.0718163845781736e-05 0.9999999993077544 0.496427687242431
1635266148513602 0.5032643047780818 0.8641325356914157 -1.7132578254540064e-05 -103.14976967125538 -0.8641325358202964 0.5032643044622827 -1.971410131803937e-05 81.33695619701135 -8.413381281936893e-06 2.4726221786438336e-05 0.9999999996589144 0.4951724826644370
1635266148762496 0.523276695726519 0.8521628362198299 -1.6525098824061132e-05 -106.95968095805493 -0.8521628363605294 0.5232766954848596 -1.69171681625369e-05 78.84740132188526 -5.768982896992686e-06 2.2934434942243365e-05 0.9999999997203655 0.494931784484493
1635266149011685 0.5412074884187396 0.8408890855942022 -1.4345496116645875e-05 -110.59842087481358 -0.8408890856811894 0.5412074881607181 -1.8406161395427553e-05 76.50970652603222 -7.713650305408358e-06 2.2024523493467892e-05 0.99999999972771 0.4952307912326232
1635266149259845 0.5577332063891893 0.8300202830662718 -1.368162324387126e-05 -114.02733554810959 -0.8300202831474351 0.5577332061483603 -1.7918959534301726e-05 74.2519157088638 -7.242404267812112e-06 2.1350023555066467e-05 0.999999999745862 0.495203556110653
1635266149508957 0.573157286163474 0.8194453765092151 -1.526956963976677e-05 -117.30863087154803 -0.819445376637039 0.5731572859432297 -1.66174499971118e-05 72.0568459858596 -4.865227477267333e-06 2.2036990787895206e-05 0.9999999997453504 0.494865900331295
1635266149758044 0.5880033779023063 0.8088584717256736 -1.7054394819176416e-05 -120.47419154458258 -0.8088584718948106 0.5880033778720832 -7.264946441115928e-06 69.83840975031687 4.1517282857192525e-06 1.806640478022565e-05 0.9999999998281841 0.493931010989806
1635266150006568 0.6039807047854265 0.7969989385066717 -1.6245150189062065e-05 -123.66825816016383 -0.796998938671173 0.6039807046259091 -1.3942064270544036e-05 67.37520629889475 -1.3000531662748745e-06 2.1368105263570886e-05 0.9999999997708571 0.494446274608098
1635266150255323 0.6181510196985259 0.7860593594871168 -1.435769054359789e-05 -126.7306821094094 -0.7860593595508354 0.6181510193032005 -2.4386713825633893e-05 65.10961583405873 -1.0294183605431428e-05 2.6360669051800237e-05 0.9999999995995725 0.495316811067175
1635266150504226 0.6317409859001719 0.7751795447467371 -1.1742548919002219e-05 -129.68280349703969 -0.7751795448353515 0.6317409858135627 -1.0484863686975978e-05 62.82506738106478 -7.094024295487652e-07 1.572630184891322e-05 0.9999999998760902 0.4946965532379186
1635266150753171 0.6458505564681297 0.7634638554725335 -9.725678513188908e-06 -132.6622499420448 -0.7634638555276055 0.6458505564639715 -3.983582868960906e-06 60.36235836097782 3.240013344008755e-06 9.99800322797883e-06 0.9999999999447711 0.494532482991501
1635266151001864 0.6595774407547771 0.7516366140020839 -1.168879714214078e-05 -135.57262583182933 -0.7516366140838725 0.6595774405905213 -1.5177479259755851e-05 57.89495491856712 -3.6982822173029866e-06 1.8796450833932382e-05 0.9999999998165081 0.49491453243951
1635266151250684 0.6733969783843965 0.7392810759881753 -1.3649095657005069e-05 -138.41556852752947 -0.7392810760876449 0.673396978089048 -2.0904533632944814e-05 55.320366097444534 -6.263066348132862e-06 2.4167567907947896e-05 0.9999999996883513 0.494919056985753
1635266151499425 0.6878844071684053 0.7258202546982805 -1.5558353051463626e-05 -141.2234158286761 -0.7258202548529769 0.6878844068754032 -2.0508581171802324e-05 52.519122613510774 -4.183195148863078e-06 2.5400100978192988e-05 0.9999999996686679 0.4945504977830151
1635266151748282 0.7028424725125917 0.7113455268156016 -1.75951262723874e-05 -144.02915729273468 -0.7113455269633271 0.7028424718818255 -3.1401897855914325e-05 49.53598019347167 -9.970997530989733e-06 3.458680190093359e-05 0.9999999993521662 0.494731945508331
1635266151997176 0.7170054481917387 0.6970675626998931 -1.711028653390247e-05 -146.66817958164842 -0.6970675627946238 0.7170054474107916 -3.5785210255694796e-05 46.60012230591357 -1.2676540642101107e-05 3.758521645100904e-05 0.9999999992133284 0.4948998030440872
1635266152246198 0.7313721193280702 0.6819786087639829 -1.598988939088558e-05 -149.2269226094119 -0.681978608878441 0.7313721187057185 -3.177895096350206e-05 43.5036143021702 -9.97800548440817e-06 3.4147001239191865e-05 0.9999999993672108 0.4947560736464351
1635266152495174 0.7481184359930578 0.6635652232783518 -1.3439469345762582e-05 -151.81929960256883 -0.6635652233446407 0.7481184354671312 -2.9657313170241788e-05 39.752295452985486 -9.625246855208624e-06 3.110514722280146e-05 0.9999999994699122 0.494921924490788
1635266152744266 0.7689589266028358 0.6392981847356517 -1.3757981735875791e-05 -154.4303290841156 -0.6392981848550081 0.7689589261864159 -2.602101385978014e-05 34.85023148470362 -6.055864063440838e-06 2.8804543637812116e-05 0.9999999995668123 0.494570231866801
1635266152993029 0.7954654302353237 0.605998967900801 -1.4193747155188782e-05 -157.11150477129573 -0.6059989679674092 0.7954654294616847 -3.6763292368813506e-05 28.23713363126043 -1.0987882055688104e-05 3.7845324308744486e-05 0.9999999992234989 0.4946413189732730
1635266153241616 0.8284464734443175 0.5600682462905748 -1.1508286934105677e-05 -159.6692103166886 -0.5600682463620821 0.8284464729348685 -2.9940701163616827e-05 19.286561353241495 -7.234836273350926e-06 3.1249694373334546e-05 0.9999999994855568 0.4945627873642894
1635266153490833 0.8646187371393506 0.5024285415005719 -8.421992105373372e-06 -161.72427571230475 -0.5024285415649643 0.8646187369239781 -1.9459051581158037e-05 8.34917247817599 -2.4949707283795613e-06 2.1056109814651743e-05 0.9999999997752076 0.494608251609082
