0.9999727208254474142 0.007386311999347235611 0 -0 -0.007386311999347235611 0.9999727208254474142 -0 0 -0 0 1 0.4949999999999998845
0.9999624130051560922 0.008670211797386627797 -2.554717017908902432e-06 -0.00434076175542319042 -0.008670211800415624989 0.9999624130077007234 -1.176976836737951362e-06 3.082220214136329698e-05 2.544416355324951355e-06 1.199082535350918284e-06 0.9999999999960438313 0.494979439695609813
0.9999191255112516163 0.01271780007512026203 -5.437536303255804275e-07 -0.006694945902399396416 -0.01271780007845484985 0.9999191254892690894 -6.64622394900678849e-06 -0.002239543115767818598 4.591843070787477195e-07 6.652601789005227125e-06 0.9999999999777657855 0.4949731197643974512
0.9999578486620693818 0.009181552229482933467 -1.249768298231022116e-07 0.01791208120047956334 -0.00918155223032447905 0.9999578485875206812 -1.221030388958793894e-05 -0.01449285311963690454 1.286201897310849301e-08 1.221093669023305959e-05 0.9999999999254461924 0.4949576767693493751
0.9999742904772240815 0.007170661531886499303 1.143338301290464972e-08 0.004232655077408006318 -0.007170661531879983681 0.9999742904771030672 -4.920945071484416756e-07 -0.01332444586898050287 -1.496173221844439975e-08 4.919998707137553471e-07 0.9999999999998786526 0.4949868477369749331
0.9999707945482149141 0.007642646880413655509 1.227037506307491343e-06 0.003637450062311415547 -0.007642646886490608686 0.999970794536287122 5.026706708522228701e-06 -0.007041434242757202422 -1.188584325763554606e-06 -5.035937715658987449e-06 0.9999999999866130418 0.4950026840366839043
0.9999747386515158709 0.007107887111573085205 1.368974794311167064e-06 0.001371065082784632969 -0.007107887113066015117 0.999974738651849715 1.088802091471162418e-06 -0.009793886030854003291 -1.361201129808888465e-06 -1.098505105161153669e-06 0.9999999999984700016 0.4949940128756918356
0.9999695859282715649 0.007799180707809689507 9.800409000264010264e-07 0.002660665616646517694 -0.007799180710306428434 0.9999695859254293939 2.570149161129925215e-06 -0.003024624795737158953 -9.599660352350684273e-07 -2.577714508512021688e-06 0.999999999996216693 0.495006492931470421
0.9999581752968336179 0.009145909397060289839 7.48590882149146281e-07 0.0003720882718922492944 -0.009145909397924716425 0.9999581752964334935 1.159604825626336091e-06 -0.000950083433911616277 -7.379539318858726169e-07 -1.166402869882939409e-06 0.9999999999990472066 0.4950052731287181151
0.9999420173885746888 0.01076855899030720702 6.101712639131359735e-07 -2.727824342088954336e-05 -0.01076855898943218127 0.9999420173877625606 -1.419615328178192699e-06 -0.0001983382567414242604 -6.254230959943424607e-07 1.412962349925154126e-06 0.9999999999988059551 0.4949997552015674152
0.9999453565951580414 0.01045389047204698697 1.150878229209080449e-07 -0.01186983547982736406 -0.01045389047134855955 0.9999453565828978485 -4.954485962466208906e-06 -0.008232954221086089333 -1.668751877257466242e-07 4.953012116988583335e-06 0.9999999999877197121 0.4949885952768270925
0.9999693466714978385 0.007829796905681796898 1.615631152639560822e-07 -0.007628879097687226232 -0.007829796905597499745 0.9999693466713786005 -5.158286151075744938e-07 -0.006570718512994454773 -1.655969961110984916e-07 5.145477968636400446e-07 0.9999999999998536726 0.495009515999587868
0.9999906735949269931 0.004318880080577941656 4.962756039443364185e-07 0.0001417669157556680575 -0.004318880080485683857 0.9999906735950331305 -1.867772847584736708e-07 -0.01021378781867962604 -4.97077644171731038e-07 1.846321879775400236e-07 0.9999999999998592237 0.4950062910462084687
0.9999784911151901046 0.00655875815821122931 8.014004787855670515e-07 0.002019268412694045015 -0.006558758160876096768 0.9999784911098179574 3.369186010060373267e-06 -0.004731169175107825288 -7.79285565320225932e-07 -3.374369734557046501e-06 0.9999999999940029083 0.4950152524997210035
0.9999746864258898249 0.007115230725184405747 1.184542023263715368e-06 -0.002062570591313078912 -0.007115230726970797961 0.999974686425437409 1.51078435692824753e-06 -0.004168488663625329743 -1.173762458995860943e-06 -1.519174403377379014e-06 0.9999999999981569188 0.4950080430367248541
0.9999452300788733705 0.01046598503556419799 1.406008625684861095e-06 0.009734538639543550975 -0.01046598503546919065 0.9999452300798600257 -7.489830644219743951e-08 -0.004438658256346436973 -1.40671550325913028e-06 6.017893903169347429e-08 0.9999999999990085708 0.4950054203492935123
0.999932307190323999 0.01163533574554706518 1.164649226623576644e-06 0.009002822126656345736 -0.01163533574324767186 0.999932307189104197 -1.961983591425170199e-06 -0.007874590806647855171 -1.187398726057177148e-06 1.948299694468466816e-06 0.9999999999973968601 0.4950000604612736499
0.9999175962997723932 0.01283746906691797876 5.234235818535741901e-07 -0.004824081765346536176 -0.01283746906602291002 0.9999175962985114019 -1.678918205464782227e-06 -0.009639602699933755639 -5.449335103414908324e-07 1.672060422351810953e-06 0.9999999999984534593 0.4950022258455895607
0.9999358797780155683 0.01132414829587091373 4.142324225973589435e-07 -0.007872944822109623209 -0.01132414829650943769 0.9999358797768567175 1.573097388180104059e-06 -0.004970457532683965687 -3.963918738143857921e-07 -1.577687350209087128e-06 0.9999999999986766142 0.4950101198238219258
0.9999556911507055945 0.009413593161315080698 1.157920013042537177e-06 0.009891925046902406635 -0.009413593161927679212 0.9999556911512325064 5.247625304646893301e-07 -0.004011767894135314684 -1.152928805971719791e-06 -5.356394667576006867e-07 0.9999999999991916466 0.4950028318735803512
0.9999649677370240353 0.008370382356116820924 3.708518781005543502e-07 5.314555419546306003e-05 -0.00837038235568006439 0.9999649677364189637 -1.163953611318506795e-06 -0.006618522627494917085 -3.805816230913127939e-07 1.160808663372485436e-06 0.9999999999992535971 0.4950013042809158215
0.9999983341273813719 0.001825306446530639785 1.034930473158676097e-06 0.01668264416736803257 -0.001825306448275826896 0.9999983341264891967 1.687876576809931969e-06 -0.002138251844542390749 -1.03184785709884713e-06 -1.689762830288714099e-06 0.9999999999980397902 0.4950088698533223752
0.9999958642412221099 0.002876021964626360866 5.85736892456747963e-07 0.008110393233365884372 -0.002876021965687913188 0.9999958642397348552 1.819669057926098611e-06 0.001306764094195890643 -5.805010618104394571e-07 -1.82134612438263809e-06 0.9999999999981726839 0.4950075207052088699
0.9999837369676193299 0.005703139667719462486 6.618942528209238698e-07 0.006381970549635991065 -0.005703139668331400937 0.9999837369674058341 9.26383175523223783e-07 0.003574844079826603425 -6.566001957772573997e-07 -9.301429850931645895e-07 0.9999999999993516298 0.4950054162454196605
0.999973959159959791 0.00721671695541557974 7.56970996499249737e-07 0.007209460018307391194 -0.007216716954792846105 0.9999739591599128286 -8.221660882176963149e-07 0.00287197662022214582 -7.628846242873892306e-07 8.16681832897569692e-07 0.9999999999993752775 0.4950012603174533399
0.9999560491960022279 0.009375482821245626278 6.507407291557871598e-07 0.01155395306970652229 -0.009375482819691112815 0.9999560491934622597 -2.352102697511582742e-06 -0.0007570545438809965066 -6.727642270102690878e-07 2.34589831218065442e-06 0.9999999999970218267 0.4949980431677479809
0.9999266285125751885 0.0121135293661731383 4.371523722237537539e-08 0.002084499243566146926 -0.01211352936609233662 0.9999266285114131181 -1.525718779270033995e-06 -0.001974438597726289706 -6.219386900755188985e-08 1.525077289203968612e-06 0.999999999998834932 0.4949992813063896491
0.9999043788625903151 0.01382870686310505234 -3.798046037077126714e-07 -0.01532270640884214781 -0.01382870686458849419 0.9999043788536978727 -4.229266622367872067e-06 -0.009098513825283753576 3.212829979895630173e-07 4.234114421613523272e-06 0.9999999999909843229 0.494989581410574031
0.9999056602144240635 0.01373574435068213549 -7.22598521886896654e-07 -0.004678893337146709797 -0.01373574435574475942 0.9999056601861671112 -7.542634808274550967e-06 -0.02361666996926176099 6.189266486198646542e-07 7.551848666292538486e-06 0.9999999999712930743 0.4949821526006715211
0.9998881451715561086 0.01495650852505770595 -5.980401722421639292e-07 -0.002589169281281324727 -0.01495650852342888908 0.9998881451682711807 2.641097269210540361e-06 -0.01586340992788872264 6.374748723817795021e-07 -2.63185725679509766e-06 0.9999999999963332664 0.4950095235644016434
0.9999545420523298089 0.009534874425654387212 9.136758398636257471e-07 0.01507537613619880888 -0.00953487442329789027 0.9999545420495191683 -2.549667295464333266e-06 -0.02953098520881759781 -9.379450635219414267e-07 2.540839608425158011e-06 0.9999999999963319341 0.4949926734150310592
0.9999492882173557362 0.01007079911989208591 9.607582783637454171e-07 0.007334265850613563495 -0.01007079912424811534 0.9999492882069972444 4.642319877212302461e-06 -0.02010720534290532865 -9.139576856552825612e-07 -4.651760060524052129e-06 0.9999999999887626556 0.4950143530851840445
0.9999342771159206444 0.01146479171562770835 1.345785916476079994e-06 0.004217159199984363109 -0.01146479172205237644 0.9999342771049056777 4.867454359561909497e-06 -0.01164266833567256451 -1.289893117111673508e-06 -4.882563611658170736e-06 0.9999999999872482004 0.495009329797209352
0.9999566259495725751 0.00931376508952181173 1.279213325603913655e-06 0.01367701373309137929 -0.009313765090692200169 0.9999566259499639287 9.120556219897704656e-07 -0.007572137717431682256 -1.270663169129338627e-06 -9.239303548587783851e-07 0.999999999998765654 0.4949996407527606501
0.9999411699904542372 0.01084696085772650885 7.107242636318500039e-07 0.01052177378630916697 -0.01084696085777293525 0.9999411699907043705 6.15308894413412145e-08 -0.0007996968005721382267 -7.100150285675029337e-07 -6.923646784680939543e-08 0.9999999999997453148 0.4950007255888350666
0.999901775808592963 0.01401566042152738514 5.865471470989400476e-08 -0.004087278968100501418 -0.01401566042104994067 0.9999017757957492369 -5.069695821858514388e-06 -0.004722283187424610416 -1.297040884767480304e-07 5.068375770522267414e-06 0.9999999999871471701 0.4949869227171911912
0.9998845474007577172 0.01519512656046713601 -4.751544522417283464e-07 -0.0003441387258210499818 -0.01519512656240363385 0.9998845473912519877 -4.379074192623675133e-06 -0.006394167101115276822 4.08559007846116244e-07 4.385788649164360195e-06 0.9999999999902987602 0.4949937866533807296
0.9999201169621152463 0.01263960824521149877 -3.313491283211614084e-07 -0.01034649183402909511 -0.01263960824709590806 0.9999201169410939505 -6.488569260795257101e-06 -0.01434611911919623888 2.493096856107460351e-07 6.492239057346181498e-06 0.9999999999788941052 0.4949845258103467982
0.9999007666306309883 0.01408747292430778848 -5.621808185846991919e-07 -0.01823686458033015045 -0.01408747292501530413 0.9999007666299659647 -1.275095675052436803e-06 -0.0126603564626485126 5.441621556893138828e-07 1.282888850073102364e-06 0.9999999999990287769 0.4949993231461908283
0.9999497358220604815 0.0100262570745418382 -8.362024247896980698e-07 -0.01848690990772130019 -0.01002625707764503819 0.9999497358151838711 -3.793356126921611926e-06 -0.0223838742534980123 7.981272300527279311e-07 3.801549437474140688e-06 0.9999999999924553684 0.4949890080664912095
0.9999803093576462576 0.006275420240997699531 -1.31741803761844001e-07 -0.004691040558317984346 -0.006275420240332754869 0.9999803093472904303 4.553775636143142271e-06 -0.01247503801937556965 1.60316065479338157e-07 -4.55285923419392247e-06 0.9999999999896226344 0.4950114611792014174
0.9999783023483910238 0.006587475243038317524 2.141248791506086511e-06 0.01546774245292989805 -0.006587475251193312432 0.9999783023433178597 3.824058150149547443e-06 -0.004539085601011717819 -2.116011443032822368e-06 -3.838080600488804582e-06 0.9999999999903955716 0.4950016045799410791
0.9999460228936842832 0.01038996155050577949 5.613444388556131539e-07 0.004796712045927400622 -0.01038996154971645429 0.999946022892882258 -1.391176494793163963e-06 -0.004573603393318377737 -5.757684093976043849e-07 1.385269055975731745e-06 0.9999999999988745669 0.4949906896379074883
0.9999172867339704007 0.01286155871380811541 -5.085050972183938341e-07 0.004709517638598205436 -0.0128615587160734509 0.9999172867228564021 -4.735671102012193702e-06 -0.007534496311380342419 4.475549251675621544e-07 4.741819567353801007e-06 0.9999999999886571844 0.4949869864845755085
0.9998865365500935187 0.01506366580006210897 -8.689165552147596699e-07 -0.01332288960045294179 -0.01506366580132621931 0.9998865365493756485 -1.467115888281341077e-06 -0.005485418709443955557 8.467178215130499055e-07 1.480038492848250444e-06 0.9999999999985460519 0.4949972070772534205
0.9998682436786281436 0.01623253783609292233 8.04813445404944715e-07 -0.01255609421128414151 -0.01623253783320683513 0.9998682436729725564 -3.471459735279758336e-06 -0.01075648227983902819 -8.610580076408641012e-07 3.457938183814032206e-06 0.9999999999936504125 0.494987617796776358
0.9998814987140995925 0.01539443146122426546 -3.385888262191234246e-06 -0.05667446253535600442 -0.01539443145876345787 0.9998814987195877579 7.5164402780668122e-07 -0.01705751150304909286 3.397058162566134491e-06 -6.994311322435444059e-07 0.9999999999939851447 0.4950069531528459299
0.9999288727166799617 0.01192683984216676846 1.077686917058431665e-06 -0.01230478964065872226 -0.0119268398526205105 0.9999288726643016378 1.027916947966039741e-05 -0.01146007089581793301 -9.550122559648957297e-07 -1.029129174953154671e-05 0.9999999999465883915 0.4950280630962290429
0.9999494469284887499 0.01005502775523485146 2.546273531240729616e-06 0.02300659039766318747 -0.01005502776267512555 0.999949446927374086 2.926286965513401792e-06 -0.01415186275440370386 -2.516720912632043305e-06 -2.95174188376709256e-06 0.9999999999924764627 0.4949964133090019036
0.9999463506294441473 0.01035837162774599744 1.520083656958972657e-06 0.05158940889589497258 -0.01035837162215229659 0.9999463506240224842 -3.642707127142181673e-06 -0.01147999054820531516 -1.557734619573382899e-06 3.626766106782124627e-06 0.9999999999922097871 0.4949853217758219959
0.999935586340072402 0.01135002964600399268 -5.562487808276195902e-08 0.08921337687911665149 -0.01135002964608649439 0.9999355863384128407 -1.822085263311720514e-06 -0.006113487301037365089 3.494057332458001565e-08 1.822599240146509513e-06 0.9999999999983382182 0.4949989966284540355
0.9999283418287706615 0.01197126597187916745 9.101037908219173224e-07 0.1473595931876750809 -0.011971265966917553 0.9999283418153329661 -5.274529898516996614e-06 -0.01109985069662614184 -9.731813747280581083e-07 5.263256840812969729e-06 0.9999999999856753474 0.4949886040036816093
0.999918351375604697 0.01277852036355609476 1.357770082613769015e-06 0.2019665647612267634 -0.01277852035700733496 0.9999183513654367195 -4.727067747180364677e-06 -0.01315659590661520315 -1.418064154007695732e-06 4.709331495960578098e-06 0.9999999999879054524 0.4949923996965069906
0.9999016760409278337 0.01402277582153375023 3.321888060421252996e-06 0.275702066352696562 -0.01402277577357509061 0.9999016759484713468 -1.404545390818524072e-05 -0.02733460866047590296 -3.518517690394629972e-06 1.399749081213381463e-05 0.999999999895844871 0.4949710007728523875
0.9998368470208409686 0.01806320390492950623 2.518933777400925e-06 0.3512433031134341577 -0.01806320390890893413 0.9998368470227155802 1.566114802437693517e-06 -0.01457190011284481557 -2.490233754840613434e-06 -1.611359300596181069e-06 0.9999999999956008523 0.4950137131588985828
0.9997230951032585189 0.02353153445413388306 2.372261705669731196e-06 0.4376200556308485479 -0.02353153443789736746 0.9997230950843083441 -6.654440053660868343e-06 -0.02458651143559015609 -2.52819400013781823e-06 6.596774448602263875e-06 0.999999999975045184 0.494988970599200051
0.9995258467551271231 0.03079093483928695835 1.549666788989908745e-06 0.5790034946625868262 -0.03079093481577067914 0.9995258466670037256 -1.341688810779477904e-05 -0.04365112461491361256 -1.96205053679004495e-06 1.336281075767641356e-05 0.999999999908792625 0.4949836186025473039
0.9991855313943163175 0.04035187545291810118 1.386482260104554575e-06 0.7801079981506644501 -0.04035187540649820548 0.9991855310925720213 -2.46711497561100072e-05 -0.08021795519322483248 -2.380880175651882189e-06 2.459510871975447953e-05 0.9999999996947057657 0.4949706549011564927
0.9986581567070823562 0.05178692903463668479 5.07999704487180224e-06 1.117008870298814127 -0.05178692893949923826 0.998658156574247946 -1.734856757731758381e-05 -0.1206832185449216305 -5.971609522213424511e-06 1.706221107229660068e-05 0.9999999998366101428 0.4949587516477663152
0.9978627202882949243 0.06534517164308344117 2.003152693986026781e-06 1.410498138714163741 -0.06534517162626871101 0.9978627202628688186 -7.546761473798429989e-06 -0.1626426471299909637 -2.492015820177565874e-06 7.399735577029262714e-06 0.9999999999695167174 0.4949667235422330891
0.9966903950174458293 0.08129118326225830138 2.454060276788052602e-06 1.785828399556160129 -0.08129118329898969708 0.9966903944759903933 3.285387761463329448e-05 -0.1608062403137337781 2.247922807071888156e-07 -3.294463772137082975e-05 0.9999999994572998929 0.4950665492484617736
0.9952346633237791895 0.09750879396284704848 4.576836705072383636e-06 2.220403147334564675 -0.09750879396445671921 0.9952346633341370152 1.293583163835495888e-07 -0.2190705924509822322 -4.54241296388841096e-06 -5.750237077379803376e-07 0.9999999999895177183 0.4949993712613670604
0.9936393439958298712 0.1126092982741778714 2.822490639587033331e-06 2.708544083120020041 -0.1126092981702319779 0.9936393437011834529 -2.483791244676683107e-05 -0.2970068655725146001 -5.6015176379478756e-06 2.436208833981531603e-05 0.9999999996875555963 0.4949820969945014082
0.9917398885487456184 0.1282653244775361634 4.760067674661804219e-07 3.217244817948604396 -0.1282653244670878823 0.9917398885036314837 -9.611974757445419324e-06 -0.3571582828456626446 -1.70495795962750175e-06 9.471523612204699454e-06 0.9999999999536914874 0.4950377034301973178
0.9895247600042796909 0.1443632548146253081 1.805953279806961279e-07 3.792025793546710322 -0.1443632548114569814 0.9895247599894488877 -5.504402715982136374e-06 -0.4481656816401951571 -9.733370404649598522e-07 5.420671447148093455e-06 0.9999999999848342425 0.4950569162092296471
0.9873178667170522393 0.1587558819684258549 1.987203783363460215e-06 4.455556405895436001 -0.158755881973579982 0.9873178667143098775 2.779858857517537549e-06 -0.5519796516236117334 -1.520682855444079537e-06 -3.060084606267818684e-06 0.9999999999941614481 0.4950860388761506026
0.9851317454955543784 0.1718005937489451573 2.573831236854367031e-06 5.188261512987438984 -0.1718005937188195054 0.9851317454609916924 -9.223525753030037912e-06 -0.6940478264885026061 -4.120170059713614965e-06 8.644202290082056967e-06 0.9999999999541507867 0.4950510249005614094
0.9830624591697540993 0.1832708415663587553 2.215092582027354678e-06 5.96238080493203082 -0.1832708414078630388 0.9830624586994354264 -3.142780835805717056e-05 -0.8827530504013963997 -7.937375246302086473e-06 3.048953668948296765e-05 0.9999999995036928935 0.4949954408446053944
0.9813933874414693115 0.1920078620436690697 1.345320723055421109e-06 6.806624624550059011 -0.192007861902551813 0.981393386945087598 -3.209817172007417162e-05 -1.094284125104298955 -7.483390188408777873e-06 3.124262131943450379e-05 0.9999999994839484652 0.4949816295003554578
0.9808405065980054793 0.1948124754845451945 3.792643716182662747e-06 7.710701516310683346 -0.1948124751906729624 0.9808405058811807686 -3.917990942955374366e-05 -1.340776409724666385 -1.135271372643931087e-05 3.769038790348157281e-05 0.9999999992252750491 0.4949616162780681727
0.9813966235161112328 0.1919913210322110597 -1.309645505275544189e-06 8.58994002092226161 -0.1919913209715057856 0.9813966229824038212 -3.275030018443842627e-05 -1.602803513186146445 -5.002491720430303321e-06 3.239247459070919763e-05 0.9999999994628511191 0.4949390794508310432
0.9821698308111525 0.187995806910502633 -5.540179964810771967e-06 9.465556678586494854 -0.1879958069762170392 0.9821698306850059623 -1.593048123210502942e-05 -1.84678477697627752 2.446533944300462165e-06 1.668796865975491055e-05 0.999999999857762889 0.4949665554932018985
0.9832878970113329009 0.1820574403579766076 -1.888037843376027063e-06 10.43104007887911422 -0.1820574403659333262 0.9832878969950960002 -5.709536484435008093e-06 -2.106457654622522213 8.170211624736551856e-07 5.957849459768635706e-06 0.9999999999819180196 0.4949738472771031406
0.984295120047266936 0.1765307810286910473 1.66409140797570587e-06 11.45231106511301711 -0.1765307810264291899 0.9842951198463257834 1.997845362646156979e-05 -2.304467853462885962 1.888854970576055202e-06 -1.995845776656607202e-05 0.9999999997990458578 0.4950496916380218715
0.9851240368530368441 0.1718447904733729492 1.942100852524391877e-06 12.45762146621123456 -0.1718447904797325843 0.9851240366808478033 1.846187856384783049e-05 -2.518558059268078519 1.259367422069128634e-06 -1.852098025280088589e-05 0.9999999998276933866 0.4950128149208886663
0.9864361301709081431 0.1641455484825572464 3.006030107504501449e-06 13.53015946238200584 -0.1641455484868265535 0.986436130174008996 1.231670132180819795e-06 -2.731792340048362799 -2.763083537036898194e-06 -1.70839037959977806e-06 0.99999999999472311 0.4949855051243580717
0.9883163448219712821 0.1524165429331893473 5.158217461349319283e-07 14.59066823418228509 -0.1524165429279008555 0.9883163447459294426 1.233633234471103542e-05 -2.904555912465122347 1.370466065775202947e-06 -1.22708186587467934e-05 0.9999999999237741966 0.4949912507100356907
0.9902271104194633189 0.1394642240594586302 2.140716444652476612e-07 15.70603600804903088 -0.1394642240455677418 0.9902271102967099559 1.571711263637888751e-05 -3.071831028572873823 1.979995372392408595e-06 -1.559336636584420166e-05 0.9999999998764630416 0.494990560192458684
0.9915022008632921047 0.130089913845279348 1.099216299694015956e-06 16.90094192267286743 -0.1300899138411474587 0.9915022006628629869 1.99933742376620794e-05 -3.223516302795433219 1.511060951902791579e-06 -1.996647151304537944e-05 0.9999999997995281387 0.4949890430299464517
0.9924148793264702118 0.1229337516139363817 2.78978970609442775e-06 18.15933179870402725 -0.1229337516032732308 0.9924148793247500322 -3.717405478606538212e-06 -3.395269095257682057 -3.22562341627043719e-06 3.346249194704483845e-06 0.9999999999891987512 0.4949580621081161036
0.993136355771342072 0.1169622966864769936 1.12933285425977155e-06 19.45938022445185211 -0.1169622966845409173 0.9931363557708404732 -1.650635080588845138e-06 -3.554657743177139562 -1.314643585348770587e-06 1.507216344288810857e-06 0.9999999999979998222 0.4949534947861132794
0.9937245748605287865 0.1118546794700595037 -1.069539948938564125e-06 20.72110902648951125 -0.1118546794712902553 0.993724574860277321 -1.169843537439193006e-06 -3.713641181215257436 9.319756571446753781e-07 1.282135320065363185e-06 0.9999999999987435606 0.4949407312776831214
0.9941319772449941361 0.1081739886482717405 -1.055763873585902688e-06 22.05415349669734937 -0.1081739886470433343 0.9941319772450132319 1.158632137347910752e-06 -3.881676363534781515 1.174902486824802446e-06 -1.037627068326033529e-06 0.9999999999987712052 0.4949487316284926219
0.9944364711958653125 0.1053380498480197269 3.458855302926941925e-06 23.50877902788434781 -0.1053380498639316654 0.994436471188634985 4.794957481583684546e-06 -4.054239790152254663 -2.934520391580572036e-06 -5.132629669892134639e-06 0.999999999982522092 0.4949577691962798176
0.9946862372744719183 0.1029528501246274041 5.495587051779281417e-06 24.96879595782063888 -0.102952850146694086 0.994686237279742147 3.895279569565229852e-06 -4.227541303105734727 -5.065354672458631633e-06 -4.440367328392910571e-06 0.9999999999773124815 0.4949497789143861293
0.994913682808905353 0.1007311459367773443 3.422646246066330198e-07 26.45962599724872177 -0.1007311459338009335 0.9949136827965793239 -5.024275479948083131e-06 -4.419692785769281151 -8.466247847556021825e-07 4.964243713352399068e-06 0.9999999999873195877 0.4949322359657840065
0.9952571269744205917 0.09727924344947230795 1.659155418225528866e-06 28.0413813690939584 -0.0972792434443486842 0.9952571269719888702 -2.930858788795037166e-06 -4.611900681808480229 -1.936397980374369167e-06 2.75555671386230699e-06 0.9999999999943284257 0.4949498501393717054
0.9956035707955398495 0.09366712232320645315 4.134325743835506794e-06 29.64118945612023026 -0.09366712231737185645 0.9956035708034136622 -1.583436332575275587e-06 -4.806332270282712926 -4.264465398081446081e-06 1.1892244716916434e-06 0.9999999999901998393 0.4949469475028238641
0.9959999433500251742 0.08935386308831010094 4.182121156949478969e-07 31.16990788431343162 -0.08935386308922957377 0.9959999433330681828 5.812802957886860533e-06 -4.981610942615523285 1.028571561249771199e-07 -5.826920284888236394e-06 0.9999999999830180286 0.4949605261082872243
0.9962148758465056986 0.08692480165935154157 -9.199650262392395403e-07 32.662242989297539 -0.08692480163671138793 0.9962148757417075284 1.461455408110987583e-05 -5.141507316340978129 2.186850059141979636e-06 -1.447926840204636315e-05 0.9999999998927839862 0.494969121407994983
0.996787920932840299 0.08008645755504065211 -9.502920007488245826e-07 34.15492595539588194 -0.08008645755373315633 0.9967879209324943535 1.34231925279508781e-06 -5.309519839090176774 1.054741181569490985e-06 -1.261902097240114809e-06 0.9999999999986473043 0.4949504294188215581
0.9973453784214412199 0.07281618048665480791 1.720396593469145188e-06 35.64793693508937622 -0.07281618049896459999 0.997345378383837522 8.727815045771425035e-06 -5.450438840503980309 -1.080303435856724617e-06 -8.829918708497102927e-06 0.9999999999604325396 0.4949743262940887734
0.997774478522998387 0.06667900720036618045 3.027352633626468991e-06 37.17938238472199686 -0.06667900724486620911 0.9977744783559584496 1.83457504370783449e-05 -5.57757333385768117 -1.797338769326118968e-06 -1.85067824436592605e-05 0.9999999998271340562 0.4949913809028403389
0.9981767497777014331 0.06035872932106948335 4.501076176853951156e-07 38.64565677574166358 -0.06035872932253892598 0.9981767497268785316 1.007400188108222823e-05 -5.703631652338835956 1.587669938716799476e-07 -1.008280237877499554e-05 0.9999999999491556713 0.4949822569562087327
0.9983870302470556624 0.05677444703993674707 8.220189647450984601e-08 40.16681110931704524 -0.05677444703108873447 0.9983870300637218698 1.915952717268497521e-05 -5.802203021753669532 1.005702253489026617e-06 -1.913329040209197249e-05 0.9999999998164527115 0.4950146878677839091
0.9984364720869732812 0.05589822184816404388 1.721784683153426039e-06 41.76632407547174353 -0.05589822187265113679 0.998436471839589279 2.22310914336894105e-05 -5.897395302192922628 -4.764141434279252367e-07 -2.229257720393163313e-05 0.9999999997514067429 0.4950112713026598721
0.9988240550861517963 0.04848202739220423829 1.851975065469550474e-06 43.41676904012992111 -0.04848202740747113021 0.9988240550433156173 9.355283902439903463e-06 -5.994923356789838564 -1.396234114311454594e-06 -9.434070109799276287e-06 0.9999999999545241547 0.4949987442027525275
0.9989902490781800148 0.04492752217068698983 7.421620556298932584e-07 45.05599705516113573 -0.04492752217525306652 0.9989902490449336092 8.158825695611112523e-06 -6.083594479595798354 -3.748568344590678357e-07 -8.183930816055946193e-06 0.9999999999664411776 0.4949932595041331984
0.9990921584806088385 0.0426011603680529552 -2.931952119733699201e-07 46.72401695818987122 -0.04260116036397371825 0.9990921582312485283 -2.233162405005063858e-05 -6.21379174389313782 -6.584240603217103656e-07 2.232384093078580058e-05 0.9999999997506060501 0.4949618034866713479
0.9991682079117448767 0.0407785764896661726 3.753447456404970707e-07 48.414895203833332 -0.04077857646883044362 0.9991682076227651477 -2.406905073552896381e-05 -6.337827036444798168 -1.356534163194690945e-06 2.403372426514307339e-05 0.9999999997102697602 0.4949846975517045999
0.9992840192075614913 0.03783449423521555166 2.140079101731868182e-06 50.13634551417803209 -0.03783449418682562071 0.9992840190242545662 -1.935439712002469468e-05 -6.466456943171445815 -2.870810672072121327e-06 1.925957093310370449e-05 0.9999999998104134313 0.494977101855546886
0.999319050079307325 0.03689764416697900035 2.398007515126611946e-06 51.84293158136281221 -0.03689764417084772513 0.9993190500807773713 1.589600328818614481e-06 -6.578816823073799114 -2.33772208480243088e-06 -1.676998718612931255e-06 0.9999999999958610886 0.4950017228443983619
0.9993972823032990505 0.03471414880094147309 -1.970245787166157445e-07 53.5325844045793815 -0.03471414879570889483 0.9993972822241397047 1.259465233356958273e-05 -6.679159510799779653 6.341184637043622641e-07 -1.258022177318236826e-05 0.9999999999206676815 0.4950161029674993718
0.9994702645381876582 0.03254520399342373388 1.795624039074121175e-06 55.24633663308786424 -0.03254520401814403607 0.9994702644094278776 1.609342096532429892e-05 -6.774186874712639472 -1.270909164844813907e-06 -1.614333466022864811e-05 0.999999999868888545 0.4950272379247810384
0.999518028276704773 0.03104369745376743539 -6.926963844324117632e-07 56.92333202427245453 -0.03104369743495387357 0.9995180280960116459 1.904888138186389734e-05 -6.853664726737059176 1.283710234688478491e-06 -1.901819650270482765e-05 0.9999999998183298766 0.495034151381992471
0.9995043465456994181 0.03148112508167528328 -1.441878746033554464e-06 58.60381199607918745 -0.03148112505113748183 0.9995043463898202196 1.776528923327868844e-05 -6.937828504408568797 2.000435366092548206e-06 -1.771109184119111613e-05 0.9999999998411575053 0.4950501494805968905
0.9995299642555528497 0.03065698217693627742 -1.152652048328389068e-06 60.25496696472258407 -0.03065698217784574783 0.9995299642558854725 -7.798309175220805692e-07 -7.042505310270620988 1.128202998125647094e-06 8.148012024190850451e-07 0.9999999999990314414 0.4950138439011561031
0.9995240645539228419 0.03084873378128947033 1.982179441372794992e-06 61.98433251638605412 -0.0308487337782790208 0.9995240645548075786 -1.531791845818966355e-06 -7.135910424163968813 -2.028489890777934646e-06 1.46991508589584119e-06 0.9999999999968620656 0.4950215757578084186
0.999560454415985955 0.02964621339367846248 1.164870142657406795e-06 63.77129418203438149 -0.02964621340715757961 0.9995604543170322209 1.408467596931404634e-05 -7.220543375563788224 -7.468008196479449436e-07 -1.411301910103031273e-05 0.9999999999001322193 0.4950466223626454054
0.9996525725410638774 0.02635781123242487978 1.140865721916977554e-06 65.54690651624596853 -0.02635781123492020317 0.9996525725391607331 2.230449762179555898e-06 -7.323440164336477487 -1.08167958004113022e-06 -2.259745566029070228e-06 0.9999999999968615105 0.49501807832344491
0.9996871012484060959 0.02501398805519057175 1.168938527999575998e-06 67.33647289365254096 -0.02501398805699162758 0.999687101247838994 1.552432554809470516e-06 -7.416000760010603265 -1.12974023921030994e-06 -1.581186614979882798e-06 0.9999999999981115106 0.4950163078244838588
0.9997174328923731368 0.02377087234160382354 -1.197949636072593536e-06 69.09303353449624296 -0.02377087232812911607 0.9997174328410960431 1.022746006895906185e-05 -7.496386701891806226 1.440726782525475296e-06 -1.019609381729440282e-05 0.9999999999469817435 0.4950253087444377309
0.9996566726171784989 0.02620184905005282922 7.362275872834502095e-07 70.93165447398335743 -0.02620184905851751997 0.999656672487357234 1.611371339734853604e-05 -7.581427413868392584 -3.137657340240091157e-07 -1.612747164241500676e-05 0.9999999998699028447 0.4950432067523932722
0.9994446138146092506 0.03332362397807667187 2.041253319266535447e-06 72.78444557024914729 -0.03332362399732489294 0.999444613763382117 1.026067140855791298e-05 -7.683521356364902744 -1.698196879486147897e-06 -1.032299473149930278e-05 0.9999999999452757748 0.4950299147252177345
0.999150222564696211 0.04121689876305806993 -2.739744417735447238e-06 74.58617214011650276 -0.04121689868012625574 0.9991502222472686823 2.546877411619556097e-05 -7.773762811283821073 3.787160128247582357e-06 -2.533420755857152462e-05 0.9999999996719174389 0.4950475215342636237
0.9987593667936585096 0.04979685974699998852 -1.871008339589685101e-06 76.42778289689026394 -0.0497968597195431531 0.9987593667170704403 1.261827884712232171e-05 -7.901886823507195956 2.497037766369637099e-06 -1.250945385155706459e-05 0.999999999918638971 0.4950316525828805103
0.9983007693716207109 0.05827155285034733151 1.634595607439481601e-06 78.27676582909653291 -0.05827155283550421172 0.9983007693417642603 -8.000820997184939005e-06 -8.056005633203653815 -2.098038316053131562e-06 7.891975332790752563e-06 0.999999999966657227 0.4950072022903174718
0.9975376846351725613 0.07013250107629431795 5.264520558694455619e-06 80.14425237368971011 -0.07013250098859730164 0.9975376845376257018 -1.531761117611770326e-05 -8.230131381768595489 -6.325820030616135668e-06 1.491068039347916712e-05 0.9999999998688275937 0.4949995622466744072
0.9960904203089449016 0.08833954125872316154 4.602216561340421693e-06 81.95824357070313226 -0.08833954111644361229 0.9960904200147537857 -2.514756924831284976e-05 -8.452532262148828579 -6.80574855875236778e-06 2.464269512315293918e-05 0.9999999996732094054 0.4949667965537678516
0.9939064891770442722 0.1102265427945389592 6.128473493629415092e-06 83.77976480657905256 -0.1102265425908930396 0.9939064888485548144 -2.711877993554647859e-05 -8.708809767804563506 -9.080338929155855107e-06 2.627801091194117229e-05 0.9999999996135066072 0.4949555417637333532
0.9904292653802901913 0.138021267390697755 5.325133480527874701e-06 85.5794288829430343 -0.1380212672863244394 0.9904292652705650735 -1.656859251652397842e-05 -9.009013173046456657 -7.560986178597569624e-06 1.567503724307493145e-05 0.9999999998485621377 0.4949593216500006165
0.9857721272522529388 0.1680872188250377708 1.569927839785824096e-06 87.31961616696207784 -0.1680872188206502249 0.9857721272508186416 -2.601403390693263436e-06 -9.356293072284195489 -1.984853767239608622e-06 2.300506149946211616e-06 0.9999999999953838037 0.4949801549813542811
0.9801652552349069403 0.1981819175215566164 -3.488673417043654303e-08 89.00731518739732451 -0.198181917485793474 0.9801652550613443315 1.882595666326784692e-05 -9.727399430246066458 3.765158955400565528e-06 -1.844563469802051718e-05 0.9999999998227908637 0.4950218885137375735
0.9741951082426002495 0.225707534381611008 -1.33973712158687815e-06 90.60687038927481751 -0.225707534330225279 0.9741951081179548444 1.636609445720944457e-05 -10.14175394213641468 4.999116177407254972e-06 -1.564138039888573231e-05 0.9999999998651778466 0.4950077097800501535
0.9664320683138295509 0.2569222787839005595 1.172036044254142337e-06 92.2210692851335665 -0.2569222787772763583 0.9664320682299908372 1.291613155177519999e-05 -10.60203822379671301 2.185748733066095838e-06 -1.278368590149450259e-05 0.9999999999158997177 0.4950050791013978491
0.9569123268397609072 0.290376994143430045 4.071078720754701027e-06 93.86626536233252693 -0.2903769941661184517 0.9569123266374467418 1.976337700362302584e-05 -11.11734705751302243 1.843164597833859039e-06 -2.009396667669473139e-05 0.9999999997964174048 0.4950241835809749968
0.9464641202407856335 0.322809028822077404 3.164698357685376105e-06 95.45903262435534486 -0.3228090288368927196 0.9464641201728786202 1.135752310645044096e-05 -11.68969307490796083 6.710375570983293923e-07 -1.177108131846714041e-05 0.9999999999304954867 0.4950106638638774315
0.932851813283507747 0.3602603148246000808 4.287664547215689189e-06 97.03397137772388703 -0.360260314849174812 0.9328518131878145159 1.3387031032484905e-05 -12.30780217855834913 8.230603671184354495e-07 -1.403279155288370649e-05 0.9999999999012014751 0.4950269452197351705
0.9171977151589097987 0.3984323672929712123 1.681331126129006231e-06 98.55266128550563565 -0.3984323672859713117 0.9171977151571680809 -3.405832261577035366e-06 -13.01024756846000585 -2.899106877891065715e-06 2.453924827757791548e-06 0.9999999999927864369 0.494988783428114143
0.899155087540750908 0.437630127564105853 -2.039760001581868435e-07 100.0395297266084782 -0.4376301275627625942 0.8991550875366207674 -2.940154482061765728e-06 -13.76479667383110694 -1.103294122765263932e-06 2.732920903670548375e-06 0.9999999999956566965 0.494999296872051131
0.8796642394005562693 0.4755952332041421537 8.693165407248354748e-06 101.5363313443175599 -0.475595233283348573 0.8796642392716182979 1.506899814998120044e-05 -14.57759047760230509 -4.803230455363759213e-07 -1.7390086825962623e-05 0.9999999998486768238 0.495033359750770674
0.8582762479375800613 0.5131879599089888 5.733442911972505994e-06 102.9372864963445977 -0.5131879599346491627 0.8582762478177140553 1.45702242590835351e-05 -15.43231417855624521 2.556385793370706321e-06 -1.544761128009227192e-05 0.9999999998774178334 0.4950317349919637899
0.833288165725338259 0.5528388850563616952 5.828608674418623481e-06 104.2993955110171669 -0.5528388850730905357 0.8332881655829054157 1.590129399009369891e-05 -16.34501118503154871 3.93394301022992084e-06 -1.64726416227574652e-05 0.99999999985658794 0.4950382261598701428
0.8049923592072433243 0.5932851770797621382 1.666207168442045814e-05 105.6332569418897691 -0.5932851773135960904 0.8049923588704246402 2.329027434770041305e-05 -17.31850572656301424 4.049341517019427513e-07 -2.863385304744254085e-05 0.9999999995899689909 0.4950713273056372987
0.7707454295550332235 0.6371432199220888881 1.138298807514662156e-05 106.9134829551661028 -0.6371432200237459043 0.7707454294370471581 1.348728853052521308e-05 -18.38526392482081917 -1.800515898985793436e-07 -1.764785966768315194e-05 0.9999999998442600235 0.49505742275230602
0.7305706605824160427 0.6828371034869111789 1.003048955573621716e-07 108.0950951217776179 -0.6828371034857133592 0.7305706605808427456 1.986117421041870865e-06 -19.50971527999913846 1.282914853162290897e-06 -1.519491020632630754e-06 0.9999999999980223597 0.4950468704025691169
0.6836592713657301257 0.7298013432912674459 2.858885183919185327e-06 109.2372822478670145 -0.7298013432956999003 0.6836592713523852449 4.466590399049866676e-06 -20.7322782643974648 1.305220311440151248e-06 -5.140044185255993263e-06 0.9999999999859379152 0.4950582494047681137
0.630373205373832235 0.7762922271455171552 -4.733483510725862534e-06 110.3006718192628171 -0.7762922271586327749 0.6303732053722711504 -2.002678241579749221e-06 -22.06771366704018433 1.429197620821241914e-06 4.937001159237101449e-06 0.9999999999867915657 0.4950611518073405048
0.5737976499769615879 0.8189971042681642999 -9.138394966895574064e-06 111.2442769316726157 -0.8189971042981231131 0.5737976500064632113 7.62876069046726725e-07 -23.44063930184113431 5.868382848300323199e-06 7.04658252017734638e-06 0.9999999999579536336 0.4950906832029201565
0.5158839572594752232 0.8566584748050414255 -1.375633444723212433e-05 112.0830324482704725 -0.8566584748967007723 0.5158839572880061786 -1.66063357886445395e-06 -24.86667095385937643 5.674076423535367325e-06 1.264117470995738423e-05 0.9999999999040024568 0.4950934608218831579
0.4520666893975636702 0.891984141188860824 -1.438503943111810849e-05 112.8197815650702012 -0.8919841412855751273 0.4520666894350384157 -7.156344284322013457e-07 -26.3543678322008823 5.864662591967774399e-06 1.315474153120529327e-05 0.9999999998962789682 0.4951019081896664842
0.391830010980684873 0.92003763099798197 -6.688065050644954209e-06 113.4652060808267606 -0.9200376310089951604 0.391830011003750367 2.527768655202788238e-06 -27.9110798403143221 4.946226887631740027e-06 5.162815905304700123e-06 0.9999999999744397794 0.4951069640748031464
0.3395975963083641136 0.9405708227145401779 -6.473559856940828519e-06 114.027679496492155 -0.940570822736628287 0.3395975963046195534 -1.702781274330450073e-06 -29.52892840154501286 5.968189828512770916e-07 6.667101948479159712e-06 0.9999999999775966986 0.4951133328531438504
