0.9999727208254474142 0.007386311999347235611 0 -0 -0.007386311999347235611 0.9999727208254474142 -0 0 -0 0 1 0.4949999999999998845
0.9999552445644624976 0.009460902583135134131 1.387699789533618649e-05 0.002091332910899839498 -0.009460902963652298783 0.9999552442758055104 2.761628383298376946e-05 0.005425316102439776619 -1.361510184919400498e-05 -2.774633678468732512e-05 0.9999999995223847193 0.4950218166300194844
0.999982139346584753 0.005976703943525466835 -1.770235312931469098e-07 -0.01439137268006608454 -0.005976703943467303291 0.9999821393465473385 3.271741571661708995e-07 0.004069948811832233698 1.789757926125590741e-07 -3.261102963843755724e-07 0.9999999999999306111 0.4949746439896766104
0.9999811071160598086 0.006146983708546290177 -2.111603512838742047e-06 -0.008442127796050582014 -0.00614698371511438954 0.9999811071133871687 -3.118210769219246489e-06 0.004124043241242122612 2.092396027754643844e-06 3.131131849631385338e-06 0.9999999999929086725 0.4949913410000075231
0.9999764028923324721 0.00686976398648728951 -1.874585916404726703e-06 0.002173362843965755218 -0.006869763977131399316 0.9999764028818898254 4.952511748980386707e-06 0.01678377816398447797 1.908564268436259035e-06 -4.939516921226476881e-06 0.9999999999859791044 0.4950145495188312816
0.9999843172592728369 0.00560046740475877991 1.608294922023622609e-06 0.0151185083779928741 -0.0056004673987244619 0.9999843172536350133 -3.732292160367015748e-06 0.008341787735253809039 -1.629172280131540652e-06 3.72322642451838196e-06 0.999999999991741495 0.4949901859491954714
0.9999339654844066061 0.0114919394633860323 4.816328887405407354e-07 -0.005497916873620323046 -0.01149193945959537527 0.9999339654583044856 -7.247057017958769162e-06 -0.002862843286602070967 -5.64883824871392941e-07 7.241043566059968727e-06 0.9999999999736238765 0.4949886246690505809
0.9998973064977731973 0.01433096158071816249 -9.502144109263708105e-07 -0.01026288046554762849 -0.01433096158417171417 0.999897306491206006 -3.733189104180921544e-06 -0.01031090159295594381 8.966166404488181208e-07 3.746423216137054774e-06 0.9999999999925799354 0.4949950578224753817
0.9999621481625802222 0.008700703648052383193 5.823798652882818843e-07 0.01788567588815900833 -0.008700703647947368238 0.9999621481627340991 -1.825770811261740645e-07 -0.01221295350175134568 -5.839463702161900179e-07 1.775030556298085544e-07 0.9999999999998134825 0.4950028475428052133
0.9999336408284599242 0.01152015370933717059 -5.348038093290338636e-07 -0.001034227721735098962 -0.01152015370675162943 0.9999336408180101721 4.609101130948307722e-06 -0.006967695486424010758 5.87865873676156326e-07 -4.60263425272928429e-06 0.9999999999892348335 0.4950120641567010704
0.9999548325325572362 0.009504361997700223885 1.856883058414776381e-07 0.0008922527514992039657 -0.009504361998061604949 0.9999548325304628005 2.053402041642926167e-06 -0.005638951500274639976 -1.661636424399256226e-07 -2.055074143550593371e-06 0.999999999997874256 0.494999997923054269
0.9999504921432069704 0.009950540928050002204 -1.724998679118043227e-07 -0.02027009295988531357 -0.00995054092919450163 0.9999504921032530413 -8.939296392817461912e-06 -0.02437166693917093216 8.354049318146182104e-08 8.940570294407754488e-06 0.9999999999600294176 0.4949721718803584136
0.9999805394887206766 0.006238641364884494646 1.425085556292958402e-09 0.02872729313269899165 -0.006238641364721561611 0.9999805394609041498 7.458824558866743397e-06 -0.004770328001669042403 4.51078736032426824e-08 -7.458688296924984701e-06 0.999999999972182696 0.4950258098606767909
0.9999835779482242337 0.005730954070769915011 1.240632242240829141e-06 0.02572352768314934215 -0.005730954078733770281 0.9999835779277332914 6.513758637735553235e-06 0.0009575102368123551656 -1.203281816907316794e-06 -6.520761674862872453e-06 0.9999999999780156967 0.4950155890498694755
0.9999720932691359421 0.007470788791180899349 1.116142581850594859e-07 -0.005530030176726008842 -0.007470788791383932252 0.9999720932672480078 1.945571691264009122e-06 0.005235668713091095466 -9.70761882112910011e-08 -1.946351243267500169e-06 0.9999999999981009635 0.4950001956749985887
0.9999768796524217684 0.006800011973038009444 -7.132531091008855277e-08 0.005321423073939834762 -0.006800011972611735844 0.9999768796406482974 4.853572810640526996e-06 0.0195297662089753063 1.043280150675033984e-07 -4.852975581382013759e-06 0.9999999999882186463 0.4950127030077730028
0.9999882253465767201 0.004852748747420778525 -1.759777304644059196e-07 -0.03627099425145633577 -0.004852748748782477473 0.9999882253078019589 -8.807188294508391959e-06 0.004673707002515074121 1.332365864164909947e-07 8.807938568629913967e-06 0.999999999961201036 0.4949702137100897015
0.9999375395329571647 0.01117662888975527909 -1.291860250229821938e-06 -0.01377127961212136487 -0.01117662889441255192 0.9999375395270563294 -3.655933125997722439e-06 0.006921533993950569966 1.250918552232655091e-06 3.670143417307431106e-06 0.9999999999924824579 0.4949927646260325331
0.9998908439111890978 0.01477498779039225843 -7.722593051633853248e-07 -0.001863237179611900666 -0.01477498779294460045 0.9998908439056314323 -3.411031425806368165e-06 0.001027324498622311441 7.217770606848950894e-07 3.422069212763886437e-06 0.9999999999938840034 0.4949900624121202353
0.9999878374084937294 0.004932041806341381542 9.680567109125445709e-07 0.01494372902217173602 -0.004932041802923821036 0.9999878374028488004 -3.501506465639010874e-06 -0.005050406188745693026 -9.853145131025682114e-07 3.496689382080359856e-06 0.9999999999934009454 0.4949915354356891339
0.9999610222044850172 0.008829160429518690539 -3.221573659620200965e-07 -0.006883572177098043823 -0.008829160429589373582 0.9999610222045123287 -2.187149477021453971e-07 -0.006289490356051646511 3.20213739616491428e-07 2.215508017433012055e-07 0.9999999999999239497 0.4950001347821633702
0.9999248170259964485 0.01226214896036801477 -7.961700274387208278e-07 -1.464757073126960294e-05 -0.01226214895761582914 0.9999248170206540554 3.374213404131053093e-06 -0.002408051836884987987 8.374852763895345507e-07 -3.36419696526036164e-06 0.9999999999939901407 0.4950076500239144472
0.9999752274323234769 0.007038787041013854114 9.470787964300664282e-07 0.01705648819938370905 -0.007038787039965246732 0.9999752274321677126 -1.105994257593924153e-06 -0.007995709259890885004 -9.548401929044626817e-07 1.099300573317898947e-06 0.999999999998939737 0.4949942269466785505
0.9999613569473092545 0.008791166830952009889 -2.81275288557456465e-07 -0.01864185107021350263 -0.008791166832995297303 0.9999613569124330414 -8.354209684627088528e-06 -0.024168563569742188 2.078211681337921024e-07 8.356359590449757025e-06 0.9999999999650638349 0.494973462849283008
0.9999770120579710708 0.006780513075410547763 -5.282781358930405748e-07 -0.0127559964471211703 -0.00678051307826205412 0.9999770120424268383 -5.597165577312133681e-06 -0.03284978632752764971 4.903143374759083307e-07 5.6006189068036606e-06 0.9999999999841960863 0.494986404549089265
0.9999834626584319652 0.005751035718071685274 -2.338155942551965385e-07 0.01319433030369674374 -0.005751035717121312681 0.9999834626509369606 3.880113992639172183e-06 -0.02762597201153295379 2.561264017270335502e-07 -3.878705144034967051e-06 0.9999999999924448213 0.4950124566296056905
0.9999776336686313494 0.006688210788796664259 -1.077867746554847852e-06 0.006987968501722520952 -0.006688210771940072616 0.9999776335575804032 1.494938596766928731e-05 -0.00405824701527542249 1.177828283003498641e-06 -1.494184259807568956e-05 0.9999999998876768492 0.4950403301371897324
0.9999759875822368249 0.006929953807572279863 1.178007312909538303e-06 0.006325561947948241982 -0.006929953809807036513 0.9999759875811030652 1.903707331101360725e-06 -0.006384453746814480052 -1.164786422236378236e-06 -1.911825154751967936e-06 0.9999999999974938936 0.4949974525259352998
0.9999598454166360728 0.00896144834764865672 -2.870076916965605772e-07 -0.02598737226320482416 -0.008961448350150114095 0.9999598453625196948 -1.040508891912956285e-05 -0.02260436322085378896 1.93751500105352859e-07 1.040724311172438455e-05 0.9999999999458256683 0.4949698673636043211
0.9999816912292198712 0.00605121476121851104 -2.914692793701957197e-06 -0.02241303694804812688 -0.006051214775449197981 0.9999816912213832509 -4.898584317307335487e-06 -0.02159296980737342164 2.884997043506492965e-06 4.916132062349305249e-06 0.9999999999837539955 0.4949905732742903575
0.9999889596343584097 0.004699000201213599653 -2.955510898003515877e-06 0.03623806027853771622 -0.004699000178500508697 0.9999889596096052102 7.645549086902784101e-06 -0.005777327336092873654 2.991404704707381755e-06 -7.631576731007959035e-06 0.9999999999664050954 0.4950170696969293793
0.9999860360531049874 0.0052846663768511392 -1.521925704913746166e-06 0.09419983122013540766 -0.005284666374016523845 0.9999860360525473224 1.860542145942225165e-06 -0.002774827513842054085 1.531736797344574331e-06 -1.852473295833975357e-06 0.9999999999971108666 0.4949944353714355594
0.9998672785036554211 0.01629188078104288825 -7.366104216320727885e-07 0.2145496897789349322 -0.01629188078329869838 0.9998672784988715811 -3.167847086043619548e-06 -0.0002554628361355241279 6.849024705327382604e-07 3.179427413811141854e-06 0.9999999999947108975 0.4949870572371519728
0.9995308057097146426 0.03062953517199022355 3.829999251570461126e-06 0.4773972161276508475 -0.03062953510292851234 0.9995308055754567045 -1.694961841678161341e-05 -0.02397469766834992022 -4.347361170724322062e-06 1.682435465607776362e-05 0.9999999998490205488 0.4949615182128028201
0.9987227182368121348 0.05052654815508209052 3.381975673940134289e-06 0.7665681159047760262 -0.05052654807622523198 0.9987227180394403492 -2.033828612474474759e-05 -0.05670434849423588303 -4.405279330694550257e-06 2.014142884630115135e-05 0.999999999787457905 0.4949455966078630809
0.9969535443377349759 0.07799763094761777427 -1.104378660729461654e-06 1.120006478539778083 -0.07799763095163120274 0.996953544329023611 -4.238301449514050958e-06 -0.08482217035541078642 7.704367477916246717e-07 4.311528571275227812e-06 0.9999999999904083392 0.4949759803278587222
0.9934499469239358449 0.114268118734211499 7.669394324368768979e-08 1.57954482143556918 -0.1142681187273417859 0.993449946856389432 1.165262289402100162e-05 -0.1188796125478737975 1.25533170257933611e-06 -1.158506126820204271e-05 0.9999999999321049771 0.4950139517530568467
0.9895733091240037638 0.1440300866880898367 4.720144690529578907e-07 2.022217403240305966 -0.1440300866641674449 0.9895733090097024176 -1.527523888510858222e-05 -0.2245497034302370298 -2.66718690084467097e-06 1.504798440631212332e-05 0.9999999998832219683 0.4949360476446429402
0.984632906103774741 0.1746368810088888279 3.36966523911044792e-06 2.678255417903515845 -0.1746368809176606085 0.9846329059491826241 -1.8645415424406106e-05 -0.3673530478954699641 -6.57406047129457662e-06 1.777042174775022592e-05 0.9999999998204966989 0.4949106791112569126
0.9793944117266470961 0.2019568920910501109 4.215624364300758318e-06 3.426121662054250283 -0.2019568918006638958 0.9793944110928626268 -3.710138097222347717e-05 -0.6021597658356151461 -1.162163853509933194e-05 3.548551079792370324e-05 0.9999999993028577672 0.4948357455636336333
0.9754063368215799557 0.220414332769555299 5.39296678228969296e-07 4.142338456426703175 -0.2204143327019124354 0.9754063365773104621 -2.250852627522759549e-05 -0.8280661898350826222 -5.487235197819933234e-06 2.183609044391183625e-05 0.9999999997465375268 0.4948640272320626865
0.9734115682543276193 0.2290631327167154674 -4.570280510736631437e-06 4.899199866986494456 -0.2290631326811060908 0.9734115671842408224 -4.604857092534649934e-05 -1.149699032400053778 -6.099265998859998371e-06 4.587109441133292677e-05 0.999999998929320566 0.4947500923944648799
0.9719724277707878501 0.235094873695293749 -4.217480537256540742e-06 5.756520879383709044 -0.2350948737239740849 0.9719724274182883761 -2.625912041154570469e-05 -1.488390339200858614 -2.074109801115211782e-06 2.651464907187517649e-05 0.9999999996463354579 0.494772071605306063
0.9708182668283041883 0.2398163730746699085 1.75615674353605085e-07 6.817936543119174075 -0.2398163730707606189 0.9708182668077426358 6.467518464692720035e-06 -1.86053983454354821 1.380525916395828181e-06 -6.320900580650900669e-06 0.9999999999790699645 0.4948037588414392896
0.9710518513630221893 0.2388687965517123091 7.84931905096807293e-07 7.86088474455287578 -0.2388687965488046072 0.9710518513212362812 9.119095139495979202e-06 -2.233382706608308066 1.416057702006612751e-06 -9.042609957506345339e-06 0.9999999999581127286 0.4947998665249478956
0.9723849930218231297 0.2333825729304419283 -7.40721042019565137e-07 8.88362384246830139 -0.2333825728619065287 0.9723849928040505519 2.135547082176765903e-05 -2.564236322717641237 5.704260751639111973e-06 -2.059286796344282009e-05 0.999999999771697401 0.4948147834777645859
0.9742614259870283622 0.2254211033499506078 6.675160721991051822e-07 9.952988128472114226 -0.2254211033118216634 0.9742614257585278104 2.151450945174198317e-05 -2.892781899328080275 4.199489298427184253e-06 -2.111122886733904293e-05 0.9999999997683399755 0.4948075193468239319
0.9760386001599707928 0.2175974517139914743 2.752173240116028698e-06 11.05849561594441788 -0.2175974517266999197 0.9760385999777383415 1.891495178580060037e-05 -3.20744368592057949 1.429617991704182301e-06 -1.906058894686582481e-05 0.9999999998173249027 0.4947905419939854221
0.9784692801990202415 0.2063925087827761518 5.23404985232941724e-06 12.20976208276941577 -0.2063925088413676723 0.9784692796273979365 3.349386796424341258e-05 -3.493453676661450569 1.791526449436608677e-06 -3.38529895584773426e-05 0.9999999994253825353 0.4948080875631785669
0.9814933163322485665 0.1914963967856799232 3.931728787792930739e-06 13.3933229937640057 -0.1914963968186600973 0.9814933159072585234 2.893228541290091438e-05 -3.779616634742003711 1.681462882166514762e-06 -2.914975665510980934e-05 0.9999999995737319791 0.4948030743496193984
0.9849143497379134748 0.173042548691124759 5.005526566745787728e-06 14.70381554300275262 -0.1730425487630655734 0.9849143492568877001 3.078467316461214886e-05 -4.041255274142340426 3.970433638532584644e-07 -3.118643542682909668e-05 0.9999999995136240605 0.49482527156613898
0.9883000518281727098 0.1525221542280296994 5.320235110949871213e-06 16.06822244489934803 -0.1525221543179299533 0.9883000509935001565 4.062874551715693757e-05 -4.264331887234373397 9.387951584100414771e-07 -4.096484502091981064e-05 0.9999999991604998639 0.4948442553299236546
0.9911559634675142227 0.1327021329062496036 2.673653512560121974e-06 17.48317706181227749 -0.1327021328958018775 0.991155962508911248 4.370550631073444325e-05 -4.452026596029970307 3.14980628652512955e-06 -4.367377273999260623e-05 0.9999999990413399598 0.4948760047467521961
0.9941082291678251526 0.1083920140132426657 1.093749775690711787e-06 18.91026722050206743 -0.1083920139937016858 0.9941082286704037152 3.153433066610121012e-05 -4.613214310022494047 2.330763959337752279e-06 -3.14670913574628024e-05 0.9999999995021946475 0.4948732373588110578
0.996089510581293136 0.08834979859619880582 4.043722006280450199e-07 20.3640400717289296 -0.088349798586273523 0.9960895103767929415 2.023161730974867419e-05 -4.756476988267216655 1.384668407258064167e-06 -2.018822798681495727e-05 0.999999999795258887 0.4948530349433835629
0.9977327104600920427 0.06730110285728950481 5.863725588185343026e-06 21.92645281776716359 -0.06730110297687892651 0.9977327101950838051 2.339018843682167965e-05 -4.865882340327093658 -4.276245345102465875e-06 -2.373179130688103026e-05 0.9999999997092576809 0.4948610496648576107
0.9989762078754007568 0.04523865681810598782 5.514555710007032237e-06 23.50433515047270205 -0.04523865693648301822 0.9989762076050197059 2.366238431792212622e-05 -4.946038241421439885 -4.43845546615286993e-06 -2.388763004913032687e-05 0.9999999997048404365 0.4948525951805590739
0.9996748229113548989 0.02549996918079771441 3.340953327795663431e-06 25.12718988038077939 -0.02549996925283576354 0.9996748226350086197 2.366434387705853461e-05 -4.996880171042206165 -2.736426885847251246e-06 -2.374184298174584831e-05 0.9999999997144182196 0.4948584960023506008
0.9999718814752249774 0.007499082779677411839 4.312186574611909924e-06 26.79140264067382304 -0.007499082845728635358 0.9999718813637313852 1.55108057252179993e-05 -5.031637244324834946 -4.195748505703745039e-06 -1.554270702860933935e-05 0.9999999998704097726 0.4948406901209870257
0.9999538552065616592 -0.009606635711917561882 3.172659321316716479e-06 28.51181198990017407 0.009606635728366367741 0.9999538551978607304 -5.210648139722445367e-06 -5.078968690725973012 -3.122456121078770815e-06 5.240886277830462615e-06 0.9999999999813914409 0.494801990064931474
0.999630123519085978 -0.02719588489610818074 4.086785876965124267e-07 30.24380645451116578 0.02719588489777713392 0.9996301235072676539 -4.868687516152837459e-06 -5.084323072344327343 -2.761191618094218662e-07 4.878001078978874073e-06 0.9999999999880642143 0.4948477722791487787
0.9992159829078768318 -0.03959064918511037007 8.829991882244192335e-07 32.0226461767223114 0.03959064916626196806 0.9992159827842875819 1.578786537486415067e-05 -5.052333481699402107 -1.50735874109740657e-06 -1.574052890748703319e-05 0.99999999987498156 0.4948592659623609058
0.9986206224054932079 -0.05250573781897273362 2.187081332493380421e-06 33.85153361382516124 0.05250573773020467822 0.998620621963977162 2.993190450597307931e-05 -4.985086253034937798 -3.755661250953475061e-06 -2.977578278869810787e-05 0.9999999995496486882 0.4948813249505061851
0.9981763756671502286 -0.0603649157407723444 3.135969392023921541e-06 35.6703257200786723 0.06036491564832335843 0.9981763753879074885 2.405124463940365868e-05 -4.911308382548969398 -4.582101917176181795e-06 -2.381808167661866936e-05 0.9999999997058514056 0.4948609648125480986
0.9978080111145790632 -0.06617531985199949507 5.348519901062636389e-07 37.49057741254940623 0.06617531981112917405 0.9978080107246185548 2.799833915551398121e-05 -4.800553531744180091 -2.386478649220941651e-06 -2.790157310577795569e-05 0.9999999996079032005 0.4948592549347198277
0.9977111233477434782 -0.06762036930162101944 2.434922498351597716e-06 39.41116510904087278 0.06762036923766515106 0.9977111231436557315 2.053824084097027037e-05 -4.694062997602582499 -3.818152691070182339e-06 -2.032658098262732124e-05 0.9999999997861256373 0.4948451035452979818
0.9980078422186899889 -0.06308999022845766802 2.280359396417539702e-06 41.3203826745721301 0.06308999016820264483 0.998007842011629398 2.064216829637906386e-05 -4.592529933446498625 -3.578130756342342198e-06 -2.045717798828437328e-05 0.9999999997843501687 0.4948360489270334228
0.9982612949336847619 -0.05894393128993762748 1.908559607160135327e-06 43.21403488896174139 0.05894393128694831729 0.9982612949344252806 1.586415961877767908e-06 -4.53576400014104042 -1.998750778357396861e-06 -1.471159646066078244e-06 0.9999999999969201303 0.4948018266139999066
0.9983733413805624402 -0.05701465781466252825 4.137698426567407262e-06 45.23334747715639281 0.05701465787395427337 0.9983733412575118704 -1.600188043213340622e-05 -4.485433720064064822 -3.218626066018826458e-06 1.621176029557760872e-05 0.9999999998634093723 0.4948009923820406719
0.9985187966306251495 -0.05440783709310517691 6.356962025475710718e-06 47.24951101717601887 0.05440783709894228548 0.9985187966502617751 -7.487948179098486729e-07 -4.427381567359200965 -6.306805765560420677e-06 1.09355425482882626e-06 0.9999999999795139427 0.4948116161466942775
0.9984633274795287061 -0.05541645656250912544 4.774458939581827786e-06 49.33905273113475687 0.05541645652953623713 0.9984633274697416461 6.781894089365264613e-06 -4.364456868317119209 -5.142950698897371502e-06 -6.506888942804003066e-06 0.9999999999656049576 0.4948272829791328098
0.9984461540053490847 -0.055725017246789188 2.646533297189225854e-06 51.38608153035363557 0.05572501722130256824 0.9984461539707337741 8.88637849051095723e-06 -4.306656693512231904 -3.137614586579299394e-06 -8.725092313323904629e-06 0.9999999999570138298 0.494819186125698196
0.9984604747091609944 -0.05546783253150486953 2.151982299294145272e-07 53.39818356567641189 0.05546783252415209836 0.9984604746267161657 1.286458996675965203e-05 -4.242509898011178393 -9.284378486568651003e-07 -1.283284802577233588e-05 0.9999999999172277665 0.4948209690018910978
0.9985057170082771716 -0.05464735220947921496 -7.156267435453367526e-07 55.43211333530302198 0.05464735221254411052 0.9985057167921862487 2.077770025967702106e-05 -4.168389465127326332 -4.208889096741866813e-07 -2.078575960227910911e-05 0.9999999997838873167 0.4948268161433149737
0.998538941464541252 -0.05403686129444688901 1.597128256454590442e-06 57.4953765529495513 0.05403686122648036771 0.9985389410569570634 2.870319513708874146e-05 -4.094041295480650433 -3.145825332262578527e-06 -2.857495429088384415e-05 0.9999999995867876468 0.4948432269351398793
0.9986586023279332425 -0.05177833493949284688 5.435529870396465656e-06 59.62422961995133619 0.05177833486321712503 0.9986586022575376642 1.334339952926110754e-05 -4.038648368377598885 -6.119137672956792177e-06 -1.30440580384066925e-05 0.9999999998962041392 0.4948100304741069877
0.9987694668721934788 -0.04959387103657716955 1.293984279936719609e-06 61.70172617941896931 0.04959387099210667976 0.9987694665944897299 2.36814168867986712e-05 -3.972455637115896554 -2.466845124101332283e-06 -2.358810242936108312e-05 0.9999999997187578593 0.4948199738482177978
0.9988841030323125647 -0.04722868526187309901 4.550795112242698372e-10 63.76336923992488437 0.04722868524939900781 0.9988841027687072049 2.297391376303911981e-05 -3.913445652525567642 -1.085482314037213154e-06 -2.29482557495280425e-05 0.9999999997360994319 0.4948158967906998718
0.9988558672994252152 -0.04782213252282654231 2.171356582573388285e-06 65.80885563599741772 0.0478221324999857228 0.998855867257006258 9.572885684706936683e-06 -3.869960412762158075 -2.626668070250469537e-06 -9.458094130959662717e-06 0.9999999999518223159 0.4947901476333785298
0.9986733885826191148 -0.05149235787869878983 4.385623661757012143e-06 67.8084178137929996 0.05149235794057623744 0.9986733884701521902 -1.541092618685439031e-05 -3.843629540831109637 -3.586260716386062883e-06 1.561630797960634359e-05 0.9999999998716345706 0.4947195393532304863
0.9986258095913671529 -0.05240698812716707011 3.957017596439993237e-06 69.81021421277289107 0.05240698811538251761 0.9986258095952426084 3.025378975771663893e-06 -3.791497156499840759 -4.110130900890957225e-06 -2.81384615485168992e-06 0.9999999999875943679 0.4947497590200342077
0.9985820355008178106 -0.05323455996893539793 -1.47975850385909547e-06 71.788462870297721 0.05323455997906207521 0.9985820343686967471 4.756199065495784079e-05 -3.714089868611968104 -1.054281386605356699e-06 -4.75733237335269107e-05 0.9999999988678334173 0.4948033020892785294
0.9985413254403329164 -0.05399279016642637846 3.740676163445562161e-07 73.79408184645052415 0.05399279012634673747 0.9985413249223989984 3.22308065442135724e-05 -3.65677373399367367 -2.113753147871615927e-06 -3.216359533236762866e-05 0.9999999994805173209 0.4947969818565105538
0.9984776861815396476 -0.05515714095701002712 1.113574662814755495e-06 75.78443488137985184 0.05515714091512059075 0.9984776859024012685 2.373368250791614792e-05 -3.593368125784388578 -2.420961523924885929e-06 -2.363613080047501997e-05 0.999999999717735899 0.49477833178765529
0.9986062874766326036 -0.05277767154518926002 7.985974570523737983e-07 77.73146688978931707 0.05277767152243980492 0.9986062873173541243 1.792071275127488547e-05 -3.534644956112611425 -1.743297933090631168e-06 -1.785358831521880016e-05 0.999999999839104925 0.4947561700840098498
0.9990712893723686649 -0.04308780282786190546 1.237966784750782523e-06 79.71540998180201143 0.04308780278828008153 0.9990712891124566841 2.289726533856567526e-05 -3.480786107956031827 -2.223409925724730358e-06 -2.282265913622228012e-05 0.9999999997370910831 0.4947665421617499781
0.9996876365814295617 -0.02499258422692488338 1.458853434147457828e-06 81.62526081209372819 0.02499258418827377329 0.9996876363353882633 2.227081053306519725e-05 -3.464319493392725047 -2.015002849392170579e-06 -2.222739342928147221e-05 0.9999999997509411154 0.4947545345082599022
0.9999950196587347184 0.0031560511597657037 1.01789451343312874e-06 83.54452453013884394 -0.003156051183416444354 0.9999950193678875943 2.413665959913824187e-05 -3.493913154342030758 -9.417129111547400599e-07 -2.413975191752014055e-05 0.9999999997081925329 0.494760882193414131
0.9991488403039148203 0.04125039286756750773 3.137872168946502464e-06 85.49828053927923577 -0.04125039293350700464 0.9991488399904039364 2.511760332167293502e-05 -3.591993014167993437 -2.099090332730352066e-06 -2.522566269000743581e-05 0.9999999996796297141 0.4947648425331526711
0.9958766876795908107 0.09071726919786732291 2.800152906057116223e-06 87.39574058564726045 -0.09071726924085481147 0.9958766871334044923 3.29834809380244169e-05 -3.763550171716811388 2.035643197863597139e-07 -3.310150196979703475e-05 0.9999999994521243663 0.4947685564671760461
0.9883733681691584394 0.1520463254938610453 -2.322413776531309186e-08 89.21178412010449676 -0.1520463253716480556 0.9883733673808173803 3.994390175535442254e-05 -4.038833728969692061 6.096277607037021435e-06 -3.947595757095048144e-05 0.9999999992022419182 0.4947804780671252178
0.9778696945052440803 0.209214866990979631 -6.323756343477695928e-07 91.03459721315104503 -0.2092148668451198346 0.9778696939277985445 3.450746086479395265e-05 -4.425900592340021866 7.837854803031358438e-06 -3.361149782987156518e-05 0.9999999994044174167 0.4947883754955072488
0.9623684912921989243 0.2717478370895057838 2.717467003689473041e-06 92.81526536145750583 -0.2717478370945172195 0.962368491134264592 1.756823906407999975e-05 -4.943585417633882706 2.158926347087318251e-06 -1.764558550338768075e-05 0.9999999998419859537 0.4947675890619036565
0.9443832508985192664 0.3288468875071537956 1.197567602345066803e-06 94.5034122557319165 -0.3288468874948822784 0.9443832508166116746 1.281442346630594562e-05 -5.549126160781892914 3.083020486718058997e-06 -1.249554327009616925e-05 0.9999999999171779175 0.4947655797872305694
0.9212003023282177017 0.3890886826686867361 3.432026833290697639e-06 96.18336666881639019 -0.38908868263792179 0.9212003020482163462 2.348603840005642813e-05 -6.257221245056713066 5.976567586719179709e-06 -2.297070847396719121e-05 0.999999999718313326 0.4947980755160897304
0.8918008551879638146 0.4524281541496018577 4.586195628377531103e-06 97.83969736620942115 -0.4524281541155858455 0.8918008548679989822 2.494999817534091025e-05 -7.101005643048065252 7.198108438526460693e-06 -2.432535373226698007e-05 0.9999999996782319434 0.4948213386772246092
0.8583443435923696629 0.5130740568474214669 3.917342887273613659e-06 99.42657881794681884 -0.5130740567607704472 0.8583443432454231914 2.645489432497701769e-05 -8.048790336440887927 1.021089084694178626e-05 -2.471729591107433451e-05 0.9999999996423962756 0.4948443340672603052
0.819209392141745707 0.5734945264085745675 -2.896321383188570999e-06 100.9038390138256744 -0.5734945263017436901 0.8192093920690102227 1.581435459749189415e-05 -9.10370950508178467 1.144213947990426342e-05 -1.129424335725601894e-05 0.9999999998707584936 0.4948450232574284624
0.7781898763459704771 0.6280290728559548841 -1.601758664210667088e-06 102.2819389424635403 -0.6280290725958433962 0.7781898760922965064 2.690899197680465748e-05 -10.21762344348458207 1.814610165911282138e-05 -1.993435413061774996e-05 0.9999999996366700783 0.494891519739842245
0.7365261205119288945 0.6764091023785769874 -5.02870752357087151e-06 103.5711729537604384 -0.6764091021342016896 0.7365261204124697869 2.241409335343329311e-05 -11.43429295866304152 1.886487120885009514e-05 -1.310710168148235636e-05 0.9999999997361599391 0.4949065787730940191
0.6907496728208729619 0.723093970019888288 4.578920165303834628e-06 104.8524607390200316 -0.7230939698755239897 0.6907496725225292789 2.533586308229586234e-05 -12.77284204883369689 1.515732221536721031e-05 -2.081172869480294853e-05 0.9999999996685635661 0.4949584466731858368
0.6415746709718289642 0.7670605853229377491 -3.695142863610315345e-06 106.0567920900557937 -0.7670605852601919405 0.6415746709703006312 1.05770855542170825e-05 -14.25728684015861525 1.048397550313758916e-05 -3.951591736706759295e-06 0.9999999999372353177 0.4949550305923227089
0.5927101117334810931 0.8054158697167115299 -1.611180203212059993e-05 107.1682154671828613 -0.8054158698009021844 0.5927101118347969377 1.967547204668908623e-06 -15.82711055165299818 1.113432172737540669e-05 1.181051592424015205e-05 0.9999999998682691515 0.4949643577966561514
0.5430328138164680629 0.8397114761123400939 -2.456965379003447665e-06 108.222738464681413 -0.8397114759072883405 0.5430328137444406789 2.070342451284625012e-05 -17.47260823427449949 1.871911598129545135e-05 -9.179496844191644528e-06 0.9999999997826655163 0.4950311624324106319
0.492112558985006332 0.8705315784766182174 1.290227534689204708e-05 109.2102820400687193 -0.8705315782211350273 0.4921125583115431579 3.569482379912174705e-05 -19.21336510887410398 2.47240995762952201e-05 -2.87977092026782893e-05 0.9999999992797052872 0.4951060173883953253
0.4454084559127926557 0.895327486120559235 -8.087548164654418375e-07 110.0759668541977874 -0.8953274858847336537 0.4454084558158590834 2.256737718702558343e-05 -21.02331087046849234 2.056541931912958667e-05 -9.327600210351474607e-06 0.9999999997450293998 0.495112493712015711
0.4113069925704802565 0.9114968775409088009 -9.90115537775736136e-06 110.8925985444928273 -0.9114968774678141594 0.4113069926702024315 1.221683046354988335e-05 -22.91298284285841191 1.52080172633581598e-05 4.000004413443360389e-06 0.9999999998763577924 0.4951416291980063056
0.3869424554975781638 0.9221038639256526892 -1.640484024008214981e-05 111.6401256624245235 -0.9221038639415151117 0.3869424556805746707 9.911951439630806458e-06 -24.81988702790431844 1.548757788907190156e-05 1.129161174389950532e-05 0.9999999998163169312 0.4951547062005776656
0.3739741674859018428 0.9274391203761903624 -7.162224539608487275e-06 112.3669706202841923 -0.9274391202120835231 0.3739741675544676069 1.74474050070291829e-05 -26.74310464952877453 1.8859892912604553e-05 1.176484634827925352e-07 0.999999999822144936 0.495219537854476366
0.3675009335997889703 0.9300231522298754161 1.104184594978254454e-05 113.1359556892916629 -0.9300231520299164778 0.3675009331852752692 2.825815772066628953e-05 -28.75084548182818978 2.222285222894991802e-05 -2.06540717186004721e-05 0.9999999995397770292 0.4952982144519935126
0.3659736608052320816 0.9306252088887447815 1.341004333367522576e-05 113.8927708889221293 -0.9306252087716115895 0.3659736603743358185 2.670649626876981026e-05 -30.77631603315308695 1.994601602420681137e-05 -2.225359858380083778e-05 0.9999999995534664121 0.4953446106088679746
0.3735507456572431106 0.9276097457263473567 7.392660853048626198e-06 114.6495651849313049 -0.9276097454570977341 0.373550745322838551 2.835494195156694754e-05 -32.74605987145140062 2.354078652220307786e-05 -1.74495139612227685e-05 0.9999999995706726486 0.4953844376277216632
0.3789774585991840805 0.9254059033022402625 -3.049751412079103496e-06 115.4197620690115116 -0.9254059030543190234 0.3789774585705919518 2.213206388262158527e-05 -34.75559164881430974 2.163692960866213342e-05 -5.565295364204468264e-06 0.9999999997504351867 0.495419672631574548
0.3852590596428387415 0.9228084616862108902 -2.382684442010940878e-06 116.2356193670742499 -0.9228084615150878856 0.3852590596189981453 1.843567800410688009e-05 -36.82471118139871891 1.793055042661014013e-05 -4.903750607532332717e-06 0.9999999998272239843 0.4954694831462116977
0.3942291656893944229 0.9190121679791330989 -5.326381894627533797e-06 117.0567822830143001 -0.9190121678312869191 0.3942291657219833545 1.656563089330238779e-05 -38.8711610686045006 1.732383145183162277e-05 -1.635645074506088088e-06 0.9999999998486047703 0.4955098043172012079
0.4055761514898083564 0.9140612590019927541 -1.16893323561283815e-05 117.883100680293353 -0.9140612588630880886 0.4055761516383442622 1.6434413999933821e-05 -40.90416933243474062 1.976297558395961673e-05 4.019359466628348663e-06 0.9999999997966344534 0.4955459771730875151
0.4188153381791314134 0.9080714247274863649 -1.007596696802100917e-05 118.718309132282215 -0.9080714244976796357 0.4188153382999209584 2.043795470965399557e-05 -42.88571083092939773 2.277909216612190234e-05 5.89968764428895819e-07 0.9999999997403821173 0.4955992448095331016
0.4357295926310323364 0.9000776200093613122 -8.13085841649660724e-06 119.5968072800988438 -0.9000776198112344639 0.4357295927059227636 1.890783538969624159e-05 -44.87506772953668843 2.056137510325616328e-05 -9.20299721344550923e-07 0.9999999997881912073 0.4956401045655519644
0.4529468789213663138 0.8915375061530247391 -2.663841658603099782e-07 120.5191851904134808 -0.891537505957173404 0.4529468788280868741 2.08276225595517984e-05 -46.84124669265590768 1.868926455233494064e-05 -9.196315158843646167e-06 0.9999999997830693044 0.4956901677884639201
0.4718506046675276511 0.8816785167376735011 -6.140600167684829094e-07 121.4533292862977873 -0.8816785165601322971 0.4718506045862687626 1.975169653529230848e-05 -48.7565588066635911 1.77043910944536314e-05 -8.778446428723860758e-06 0.9999999998047464089 0.4957259784134682157
0.4938716758041674093 0.8695347996690588888 2.259480608476243946e-06 122.4496792435401602 -0.869534799469749653 0.4938716756315862932 2.285133895465984684e-05 -50.65894957247771657 1.875414096594467381e-05 -1.325032608170409197e-05 0.9999999997363552273 0.4957774424568864857
0.5161467511657840124 0.8565001641783223096 5.074031663857355967e-06 123.4902704748232054 -0.8565001639973321979 0.5161467509118569108 2.445218381610436887e-05 -52.50938607906751798 1.832435449568805253e-05 -1.69668241878123212e-05 0.9999999996881723252 0.4958219276824183397
0.5413467036363311946 0.8407994686001495355 8.12508955122968001e-06 124.5570862975921216 -0.8407994684504154215 0.5413467032844794247 2.643401426061730929e-05 -54.27173563324941341 1.782721470084644736e-05 -2.114153745964689979e-05 0.999999999617612656 0.4958680695206141853
0.5658694560981435417 0.8244948505727398569 6.038148892040932607e-06 125.6906201418275657 -0.8244948504184131943 0.565869455810369959 2.483197255694066184e-05 -56.02498111095174238 1.705702947511998285e-05 -1.903007747218743711e-05 0.9999999996734567631 0.4958943087732686772
0.5896790020646578423 0.8076377124134193064 3.725688518672238622e-06 126.8624520496486383 -0.8076377122831270849 0.5896790018714280768 2.126560112971371199e-05 -57.72805789649109443 1.497794116252372663e-05 -1.554888500437460173e-05 0.9999999997669465346 0.4959212206992404393
0.6125987742845973028 0.790394042070098779 -2.707883689921322356e-06 128.0411047201179429 -0.7903940418775053933 0.6125987742046729023 2.024117141303167545e-05 -59.35107491900436827 1.765734751851447099e-05 -1.025942166309654894e-05 0.9999999997914810201 0.4959457355487048025
0.6325775351407081359 0.7744970381074751664 -5.357782024382072409e-07 129.2725275663133573 -0.7744970379244711101 0.6325775350059811286 2.13121935062644943e-05 -60.94791553933799833 1.684515200078351356e-05 -1.306665620586171122e-05 0.9999999997727514467 0.4959892476489767832
0.6516231390750353292 0.7585428693351361495 -2.246856586649980361e-06 130.514720163106773 -0.7585428691828276504 0.6516231389984814548 1.83270846480610851e-05 -62.50015815408027464 1.536598311736045528e-05 -1.023801538658364358e-05 0.9999999998295345804 0.4960210743035176062
0.6645616400424910752 0.7472334484828283552 7.397800486740053525e-06 131.820211705062718 -0.7472334483896299062 0.6645616397099221029 2.521972451283808754e-05 -64.01569075381377161 1.39287272958000969e-05 -2.228794545187674973e-05 0.9999999996546188319 0.4960651710807833514
0.6736417068315350143 0.7390580835167814833 2.798353452038466191e-06 133.1069439141925841 -0.7390580833959758955 0.6736417066418185495 2.102372920069597905e-05 -65.50601417833614448 1.365266941622395273e-05 -1.623060656164888871e-05 0.9999999997750858016 0.4960843123714596126
0.6842976230752860767 0.7292028271006874007 -2.027654243778308308e-06 134.3665759176774941 -0.7292028269523556094 0.6842976229874141447 1.845806558651680003e-05 -66.92800085601332682 1.484719258775579841e-05 -1.115223920077610202e-05 0.9999999998275939106 0.4961029625868816351
0.6934901077839402683 0.7204661479933508472 1.916914706512617989e-06 135.6241151226139152 -0.7204661478144126496 0.6934901075470722986 2.429081380626121301e-05 -68.29508737717729616 1.617134766864272371e-05 -1.822651123895366191e-05 0.9999999997031406851 0.4961402433746090468
0.7018753323572229919 0.7122998088865573063 9.53122943408589523e-06 136.875082139617831 -0.712299808783057653 0.7018753318395825058 3.106328653954823694e-05 -69.60149439205099497 1.543663824362034794e-05 -2.859164746741991013e-05 0.9999999994721137098 0.4961915903188706123
0.7092620552892316965 0.7049449175869045847 9.875201997030673878e-06 138.1318170184914038 -0.7049449175129208767 0.7092620547933007336 3.008850946698865371e-05 -70.8817712363797483 1.420663576660623842e-05 -2.830211152236610089e-05 0.9999999994985807605 0.4962279865557443492
0.7170547192511294021 0.6970168789894862771 2.381676593818501177e-06 139.3617875301776508 -0.6970168788991731867 0.7170547190936165105 1.890668559924485492e-05 -72.14645880517839771 1.147048654746875071e-05 -1.521719692030647729e-05 0.9999999998184322392 0.4962212918998926137
0.7236559229686186923 0.6901609269936594959 2.433507561259208047e-06 140.5874899333396115 -0.6901609269268706992 0.7236559228389864984 1.690355335027422587e-05 -73.37317469624424859 9.90514988973335378e-06 -1.391186833530418792e-05 0.99999999985417376 0.4962415981973575807
0.732161565495653921 0.6811310020818038824 4.027851317446143601e-06 141.7629137706488507 -0.6811310019859954101 0.732161565261895908 2.211418055367100514e-05 -74.51526007871903801 1.211361603551631591e-05 -1.893464745753201424e-05 0.9999999997473695279 0.4962680554962916601
0.7443671154207539553 0.6677706173831886582 6.48794620537469854e-06 142.9193222835909012 -0.6677706172302483312 0.7443671149516390972 3.073660436275877056e-05 -75.58699816899084567 1.569558747272603894e-05 -2.721177736945542891e-05 0.9999999995065835812 0.4963086830506042157
0.7645611169176386168 0.6445512380537032904 4.8294727977763654e-06 144.04375536302814 -0.6445512378820487109 0.76456111648929026 2.999335223096302351e-05 -76.58001055628447773 1.563982519952546556e-05 -2.604459355193368067e-05 0.9999999995385373541 0.4963232976135750207
0.7943879723176702212 0.6074106925613322883 1.18984088553198603e-06 145.1687116437470308 -0.6074106924297230092 0.7943879721015419948 2.246501436812994214e-05 -77.50179759295352255 1.270029464756483115e-05 -1.856865928814825396e-05 0.9999999997469535273 0.4963276500026325144
0.8315549642532655827 0.5554424735325854678 4.897547357309094881e-06 146.2998685128229965 -0.5554424734373983874 0.8315549638653025877 2.783797443033387149e-05 -78.29627490428003966 1.138981355998574088e-05 -2.58691116502201658e-05 0.9999999996005304315 0.4963547158528304193
0.8718909391076119508 0.4897001023683713039 6.684752717524744788e-06 147.4198679078319003 -0.4897001023306126188 0.871890938626003198 3.035600831735077749e-05 -78.96630760647092018 9.036965059136426123e-06 -2.974065268920016524e-05 0.9999999995169132072 0.4963724792860125246
0.9126120927794396653 0.4088265745748056457 6.032822693626796883e-06 148.535326160385921 -0.4088265745611691093 0.9126120923013932851 3.033292944757245147e-05 -79.49442180706583372 6.895280701956215549e-06 -3.01485764600505215e-05 0.9999999995217589976 0.496378025863245087
