0.9999806747146977592 0.006216928271891146787 0 -0 -0.006216928271891146787 0.9999806747146977592 -0 0 -0 0 1 0.4949999999999999956
0.9999789356589809941 0.006490627000695190114 1.304706253358743548e-06 0.002715675535435784112 -0.006490627002374288815 0.9999789356589932066 1.28683333995187427e-06 0.0001340973226010537674 -1.29632641535930458e-06 -1.295274595294102091e-06 0.9999999999983208987 0.4950094054774583086
0.9999808854706507821 0.006182935828564266323 3.255815236699231227e-07 0.0008990244606536784006 -0.006182935828987106905 0.9999808854698377658 1.31400354050034762e-06 0.0003681032532193039193 -3.174509007665542387e-07 -1.315991473608120598e-06 0.9999999999990837329 0.4950057101387024816
0.9999800296508993824 0.00631983398628648517 -7.156389725079032405e-08 -0.00267715943621090564 -0.006319833986250210367 0.9999800296507787012 4.968357273468553912e-07 0.00074809696579393784 7.470238741055262488e-08 -4.96373533413826253e-07 0.9999999999998739897 0.4950040458577181224
0.9999806824858139542 0.006215678354222976994 1.881407805763934928e-07 -4.21360602009166507e-05 -0.006215678354007534746 0.9999806824852001119 -1.125006841365981088e-06 -0.0006051292005765008695 -1.951298267896799544e-07 1.123815686461125672e-06 0.9999999999993494093 0.494999767789901346
0.999980155965313533 0.006299815671407849732 5.71196899327188188e-07 0.001452953273394146398 -0.006299815670568280866 0.9999801559644162507 -1.459994486914121034e-06 -0.001486031047810243031 -5.803832606249111895e-07 1.45636707955532502e-06 0.9999999999987710941 0.494999483883819591
0.9999803590184873636 0.006267501796192087062 8.513787331080438707e-07 0.001445778529592052931 -0.006267501795092523913 0.9999803590180269541 -1.288146810449350528e-06 -0.003300268468049170033 -8.594354736433086207e-07 1.282785492242689041e-06 0.9999999999988079535 0.4949996729546494723
0.9999803790929426839 0.006264298097731624618 8.428415868560658965e-07 0.003896744307411099777 -0.006264298098587841625 0.9999803790927752623 1.017040686445170825e-06 -0.001882432876544188 -8.364540035041875387e-07 -1.022300542132609992e-06 0.9999999999991275867 0.4950057637160044655
0.9999792361378408989 0.00644416753256339854 4.746408588395346503e-07 0.006251257768212014482 -0.006444167531574380645 0.999979236135845051 -2.056668167844641747e-06 -0.006939551914349552202 -4.878845176935286329e-07 2.053566798258646344e-06 0.9999999999977724485 0.4949949041888663248
0.9999752303391001851 0.007038374136941295128 -6.963460589582824986e-08 0.03334445517588186664 -0.007038374137089051935 0.999975230336182741 -2.416069302860372728e-06 -0.01103067179438506004 5.262768137565563866e-08 2.416499572052215983e-06 0.9999999999970788922 0.4949961540846810615
0.9999712897184841465 0.007577581373823066152 -1.227758321501486731e-06 0.06406840718642833887 -0.007577581370407031336 0.999971289715445022 2.76353434704275194e-06 -0.007337651283291505427 1.248663978604733022e-06 -2.754151566609320448e-06 0.9999999999954277685 0.4950050613958136281
0.9999580718302139015 0.009157214838332409027 -4.883154266389281742e-07 0.1173050646149206705 -0.009157214841100892386 0.9999580718122734746 -6.005556985389873033e-06 -0.01632227849090717858 4.333007769188278351e-07 6.009776792648896828e-06 0.9999999999818474095 0.4949860001202708859
0.9999457929646050625 0.01041206677937833378 -4.354932067571773895e-08 0.1890459818406678982 -0.01041206677942548356 0.9999457929394808264 -7.088488388631720345e-06 -0.02505106917147831638 -3.025885447208391969e-08 7.088557581125815264e-06 0.999999999974875764 0.4949817320905340878
0.9998647199155631382 0.01644815698492917491 -1.484777808438640804e-06 0.239902429569453679 -0.01644815698805390802 0.999864719914372202 -2.117393665324514459e-06 -0.02455595290284982857 1.449749724163427834e-06 2.141529082616258389e-06 0.9999999999966560082 0.4949902754228405199
0.999585406341763405 0.02879262800671182621 -1.808818133850616714e-06 0.3565593270363687228 -0.02879262802868520418 0.9995854062502559367 -1.359946927182513884e-05 -0.04652886290885200476 1.416503749325535784e-06 1.364591164580915519e-05 0.9999999999058912792 0.4949698842479637872
0.9991026513048346658 0.04235436397778885587 -3.149587491609308842e-06 0.4868289476068653476 -0.04235436404369573998 0.9991026509910548858 -2.512634946994319414e-05 -0.08130282256162695009 2.082550661512085877e-06 2.523720114823916049e-05 0.9999999996793733636 0.4949457564437005352
0.9986577162062945101 0.05179542302662427239 -4.165823372994463762e-06 0.6951971300350680005 -0.05179542314733926595 0.9986577154931280953 -3.780565300867279847e-05 -0.131536099534155404 2.202071862440603936e-06 3.797067767769012509e-05 0.9999999992766892554 0.4949465481708597014
0.9972398211591484429 0.07424782209745979522 -3.23827811956866522e-06 0.9706401922534315663 -0.07424782214328702612 0.9972398210047558331 -1.765259924296940357e-05 -0.1680547479213994055 1.918672844172512773e-06 1.784431000992516472e-05 0.9999999998389496048 0.4949841477890188357
0.9954584342173820044 0.09519719397628054192 -2.598718896179395369e-06 1.363773172081426566 -0.09519719400109957763 0.9954584341434540296 -1.221525769752159519e-05 -0.2345346275017697324 1.424058386668530789e-06 1.240717204805058207e-05 0.9999999999220170466 0.4949856929267894001
0.9936686982716917971 0.112349980307153971 -1.502142936596551209e-06 1.81481413809355363 -0.1123499803052058904 0.9936686982721653072 1.324090034506548583e-06 -0.2947012143025406483 1.641393905728333442e-06 -1.146941091640413513e-06 0.9999999999979951593 0.495013383686072117
0.9910340883354389341 0.1336092652416406845 9.834648884595895848e-07 2.356269445346176106 -0.1336092652168229256 0.991034087945793396 2.7926745638554325e-05 -0.3465749235633434067 2.756624736596171803e-06 -2.780775692519401151e-05 0.9999999996095648713 0.4950488000768638597
0.9887645187177783734 0.149481525703900997 5.167386919956683001e-07 2.991157579530651311 -0.1494815256977348461 0.9887645186315799917 1.313660411986650195e-05 -0.4404578898136316534 1.45274674235638257e-06 -1.306625093823235158e-05 0.99999999991358135 0.4950364967543929295
0.9876471018188582862 0.1566946145411365066 -6.696818033779360593e-06 3.429408146538482249 -0.1566946145755584163 0.987647101823621032 -4.965099182240133742e-06 -0.5264347971537471915 5.836088619982716002e-06 5.953121138268355322e-06 0.9999999999652502414 0.4950080792020081777
0.9837285470879907345 0.1796611966868514876 -7.171623235016665142e-06 4.076296485223752875 -0.1796611968121294423 0.983728546769294665 -2.516819281235520034e-05 -0.6826084089265987975 2.533182863846708043e-06 2.604713216161736009e-05 0.9999999996575649197 0.4949157085068528472
0.9820068488390429895 0.1888453037052462979 -1.019406464126403743e-05 4.846125085861684667 -0.1888453039579365556 0.9820068481239396796 -3.758926794447590801e-05 -0.914879201692611832 2.912084566906970859e-06 3.883801980006759458e-05 0.9999999992415640193 0.494854440134095519
0.9821878288779533062 0.1879017528292802885 -9.483104203049689488e-06 5.615637492627317151 -0.1879017530643219691 0.9821878279445757087 -4.283811370794083479e-05 -1.258923341898469106 1.264832865743332657e-06 4.385696580027397196e-05 0.999999999037483378 0.4946797180374881142
0.9828557626139577952 0.1843761095737918854 -1.082596525356787994e-05 6.412690407559390238 -0.1843761098077758565 0.9828557622435240004 -2.75515042926405588e-05 -1.567468701072331605 5.56052315693465945e-06 2.907520412107196552e-05 0.9999999995618565896 0.4947648139411562895
0.9793146250888401516 0.2023434333938839425 -7.191114144879742945e-06 7.306693360698306883 -0.2023434326750934431 0.9793146236240338753 5.667106667341316906e-05 -1.748013840987807876 1.850938144702251616e-05 -5.404372969182489152e-05 0.9999999983683390825 0.4950297637239646775
0.9782454808442536676 0.2074506668894492978 4.141319285671493868e-06 8.238071670808070124 -0.2074506668406627674 0.9782454796359134619 4.900509135144768988e-05 -2.047022356648410035 6.114912010899038911e-06 -4.879812860032617118e-05 0.9999999987906752486 0.4948878581670186905
0.9771671305504684435 0.2124721134028529634 3.490269404822186229e-07 9.197949292253852605 -0.2124721133347571012 0.9771671301929792941 2.69761407788250434e-05 -2.326016161861421239 5.390619988938787561e-06 -2.643435656982497114e-05 0.9999999996360829924 0.4948581012873132234
0.9768278752861290215 0.2140264050456953393 -3.071754378700604098e-06 10.15774077952777077 -0.2140264049867272034 0.976827875210669605 1.349439912543141339e-05 -2.610194451497912294 5.888733035983048361e-06 -1.252426867928263465e-05 0.999999999904232717 0.4948388351582027056
0.9769367282887490012 0.2135289884744370481 -1.947158123065442183e-06 11.24287822072664333 -0.2135289883158306146 0.9769367278430316492 3.069854964872923076e-05 -2.886004675166191635 8.457280539465985151e-06 -2.957476595293014244e-05 0.9999999995269037711 0.4948559019313948371
0.9763652400863848113 0.2161270875032554606 8.056516978875008788e-07 12.34183137598782842 -0.2161270873029449147 0.976365239006813046 4.685453048975827747e-05 -3.176061462765815246 9.339922898519758881e-06 -4.592125806561278014e-05 0.9999999989020019742 0.4948697427589561215
0.9784143010735473212 0.2066529831406488937 4.008168923404952094e-06 13.46668306511531732 -0.2066529830857868066 0.9784142998615512621 4.90959149429313717e-05 -3.445925642044068926 6.224167492056266575e-06 -4.886444536918789798e-05 0.9999999987867628226 0.4948721695963056999
0.9826236932841880822 0.1856089367085544672 3.562952231364008662e-06 14.61509201944588021 -0.1856089367201581575 0.9826236926840188346 3.446546329695135652e-05 -3.707917365911554075 2.896056717275173168e-06 -3.452789661084916111e-05 0.9999999993997186198 0.4948684492071389607
0.9857300580911636523 0.1683337535131617657 2.448307960863604719e-06 15.88064862845386749 -0.1683337534121453205 0.9857300567446349859 5.190983254369160724e-05 -3.931629146682852571 6.32480621112884702e-06 -5.158121511735671411e-05 0.9999999986496875826 0.4948987430202612114
0.9852053157127362848 0.1713781954958520093 1.47851444148657118e-06 17.14731237977737521 -0.1713781950756904648 0.9852053126153406115 7.905277040269040106e-05 -4.113760031616018331 1.209128085802989728e-05 -7.813659475892436007e-05 0.9999999968742367962 0.4950078353532199604
0.9859404573998160615 0.1670970210355198493 5.052682649592247957e-06 18.51523639493377615 -0.1670970211119067739 0.9859404569561708298 2.957730303130843541e-05 -4.370928330382849225 -3.93650135970080346e-08 -3.000574789871188251e-05 0.999999999549826768 0.4949275429623706257
0.9877095768323150837 0.1563003255945095427 7.417031331207309336e-06 19.92269260100137629 -0.1563003256255456885 0.9877095768479269289 3.804018256439434836e-06 -4.636815060945352229 -6.731303585565647773e-06 -4.916549674572767753e-06 0.999999999965258568 0.4948556920538324522
0.9885798715146625337 0.1506978354386160623 5.692276596551164261e-06 21.30545838496813005 -0.1506978355256267943 0.9885798712979443348 2.084859648506026938e-05 -4.866544551980956257 -2.485431702979135327e-06 -2.146831659677536506e-05 0.9999999997664670293 0.4948725311519242553
0.9890092787791249229 0.1478534628508264004 3.747963126267143408e-06 22.71109579299702474 -0.1478534628976970189 0.9890092783829357304 2.799744611068556263e-05 -5.106500910579983454 4.327490515289522819e-07 -2.824388331261802355e-05 0.9999999996010479064 0.4948820855919497386
0.989996509557461879 0.1410918532659504732 2.873074268299106718e-06 24.18338475619122718 -0.1410918532877550036 0.9899965090907155707 3.0434459720581966e-05 -5.345883499530729388 1.449720829150344461e-06 -3.053537626679099748e-05 0.9999999995327445435 0.4948901205627624367
0.9915158643924262272 0.1299857324591479069 4.175113208167890935e-06 25.72583413421681442 -0.1299857325239874295 0.9915158636766868705 3.768167734642711655e-05 -5.560401438666888296 7.583894516200848393e-07 -3.790468603463346096e-05 0.9999999992813297656 0.4949076495843349743
0.9929645216404150432 0.1184122406605146866 5.235543354238569827e-06 27.29887030971574902 -0.118412240774076305 0.992964520919948912 3.783267631168871957e-05 -5.764958687215956168 -7.188568262460696293e-07 -3.818645775645786438e-05 0.999999999270638873 0.4948973368741325651
0.9947691036439543222 0.1021490598107861331 4.172419565366858221e-06 28.90802580081563278 -0.1021490598933760541 0.994769103081336814 3.346468230150678069e-05 -5.951484391339188385 -7.322082347534218995e-07 -3.371584075288255454e-05 0.9999999994313529816 0.4948941464580947081
0.9966521989805832149 0.08175814490990125638 3.208185021483475634e-06 30.55468810776866917 -0.08175814496582747837 0.9966521986418743762 2.600571478836316173e-05 -6.116381924513135893 -1.071265657158861299e-06 -2.618094808594766403e-05 0.999999999656705163 0.4948844529200888687
0.9979010393020401049 0.06475736066611394171 1.303806482462457672e-06 32.20980491922070854 -0.06475736067916314231 0.9979010390677476305 2.162432136487573868e-05 -6.255346162531327359 9.926413419262781675e-08 -2.166336383085146574e-05 0.9999999997653443717 0.4948875579587611595
0.9984051211435326367 0.05645541647992987494 5.16513282682528894e-06 33.91780149393647292 -0.05645541660995475469 0.9984051206990834926 2.999129397018411727e-05 -6.366441861188852691 -3.463724071534529187e-06 -3.023506121513715075e-05 0.9999999995369218686 0.4949079309680471384
0.9984663162016754745 0.05536258075466347212 8.066724979419430673e-06 35.72034593991745766 -0.05536258099311402309 0.9984663156703769138 3.316077593597898358e-05 -6.477406938630653421 -6.218487034084247618e-06 -3.355651250620837934e-05 0.999999999417645391 0.4949177289295084159
0.9986220895480870663 0.05247782618623259704 5.254788508197519077e-06 37.49500659314544748 -0.05247782632893248367 0.9986220890333741274 3.225900254035258267e-05 -6.586317219059437456 -3.554665549230890488e-06 -3.249031240231240218e-05 0.9999999994658719249 0.4949191457730571786
0.9985681629392479941 0.05349414883764453538 2.550313102916436975e-06 39.28221573013480139 -0.0534941488905910506 0.9985681624745169627 3.047902278969409298e-05 -6.69335451292058714 -9.162120873760428413e-07 -3.057180862413333997e-05 0.9999999995322624846 0.4949239452493469638
0.9986656497826909007 0.05164223024618437574 1.244455419596386865e-06 41.11729942121385051 -0.05164223025945238743 0.9986656496563808272 1.588903001589533413e-05 -6.814576366237191429 -4.222499336102081808e-07 -1.593209493856721345e-05 0.9999999998729950379 0.4948920210781708739
0.9988289196939874603 0.04838170298159129995 1.33265433681225771e-06 42.90105606572370789 -0.04838170299846391437 0.998828919500031831 1.968756755310058909e-05 -6.921150831681390336 -3.785756455210925753e-07 -1.972898791678912736e-05 0.9999999998053118455 0.4949222421806050987
0.998977900832340393 0.04520125707092243622 3.170483524556055448e-06 44.70839270272552568 -0.04520125710535943808 0.998977900766197302 1.179362665478757585e-05 -7.031588099598320873 -2.634156225553265446e-06 -1.192488223974179885e-05 0.999999999925429206 0.4949217048204380687
0.998992538135011765 0.04487659456775790201 3.577812467000036299e-06 46.54313261532465162 -0.04487659456923599743 0.9989925381412965155 3.338713545131256767e-07 -7.158661808333912191 -3.559224947987665109e-06 -4.940950313819686985e-07 0.9999999999935439421 0.494899803267051408
0.9990831271256371826 0.04281244081792179301 2.510511987063590476e-06 48.3754547085391593 -0.04281244081569456073 0.9990831271284500437 -9.343343140895206438e-07 -7.281176790402405175 -2.548211299255059434e-06 8.25996502438100503e-07 0.9999999999964122033 0.4948923276866628029
0.9990821942466041605 0.04283420520056639008 2.541523718936924316e-06 50.19315566220319624 -0.04283420515983620003 0.9990821941484319124 -1.435663188232906651e-05 -7.438237649309529687 -3.154146009632496799e-06 1.423459113459253541e-05 0.999999999893713909 0.4948555152287087977
0.9991347486270905076 0.04159031233114506704 2.88293941393521553e-06 52.04757272279657343 -0.04159031233326717508 0.9991347486309301029 6.800498068441678475e-07 -7.565862675359416478 -2.852161462792977581e-06 -7.993637434786039011e-07 0.9999999999956130647 0.4948999604522797968
0.9992022807283027497 0.03993497444201703217 2.430333057517632213e-06 53.84576534973832196 -0.039934974466712507 0.9992022806681544189 1.114157758209283605e-05 -7.702085639749473245 -1.983455717870195833e-06 -1.122974501953606446e-05 0.9999999999349793445 0.4949053480574646113
0.9993489757674153262 0.03607803530145862331 1.907197125792493321e-06 55.62023943297027984 -0.0360780353118136457 0.9993489757525672035 5.706767688966718529e-06 -7.846222578497715539 -1.700066528079189488e-06 -5.771860370162405632e-06 0.9999999999818977026 0.4948917334880284513
0.9995313136727124181 0.03061295453793844504 2.095933696369311409e-06 57.38938777664127855 -0.03061295454387258017 0.999531313670635746 2.860242704782603025e-06 -7.978197697421500756 -2.00739088100960101e-06 -2.923064871108063363e-06 0.9999999999937130291 0.4948784714413069774
0.9996413027632689019 0.02678181824476362494 4.846845773583376829e-06 59.24480812405614216 -0.02678181838256882621 0.999641302289410727 3.104008505236878111e-05 -8.086174057371975366 -4.013797304926303343e-06 -3.115875840286901793e-05 0.9999999995065106395 0.4949227387263885336
0.99966934351700798 0.02571387989940180849 3.87636852234297276e-06 61.109105353022386 -0.02571387997878958609 0.9996693432793001266 2.204998640890759712e-05 -8.212718409646786455 -3.308096072736961732e-06 -2.214237191288870584e-05 0.999999999749385915 0.4948945861703878957
0.9996984806136740564 0.02455499662643869166 1.272785079197754976e-06 62.99857902342571947 -0.02455499664952013467 0.9996984803397194197 2.341432161786368855e-05 -8.319318226830718643 -6.974627211359487586e-07 -2.343851497933349757e-05 0.9999999997250748063 0.4948946058994017072
0.9996615230350890391 0.02601613659248927166 1.483229274004348602e-06 64.89320160157460293 -0.02601613662218851125 0.9996615227000937853 2.589243826049766821e-05 -8.428613519384336783 -8.091060240669094091e-07 -2.592226216201563426e-05 0.9999999996636907973 0.4949040134604683061
0.9996206279833471653 0.02754269585842071197 4.154758159949403616e-06 66.86431457141914336 -0.02754269602411003534 0.9996206268713889731 4.723566028232260313e-05 -8.519478888935203997 -2.852184531519788848e-06 -4.733217363567656326e-05 0.9999999988757651836 0.49493616493762288
0.9995491456525399387 0.03002507979482300221 3.290088990715152178e-06 68.82866553368728546 -0.03002507995262461427 0.9995491431422129924 7.085011721196511039e-05 -8.598336154009928123 -1.161325208768910217e-06 -7.091695931359951529e-05 0.9999999974847181283 0.4949498619292159174
0.9995041219464936288 0.0314882551361932092 1.63689816502205564e-06 70.7535531997564533 -0.0314882551772080535 0.9995041210601108839 4.209492866956155962e-05 -8.704723844088215756 -3.105906078081222741e-07 -4.212559778538973196e-05 0.9999999991126687915 0.4949110439523396465
0.999423375885831744 0.03395461281248660784 1.988635752460082033e-06 72.6892255323974581 -0.0339546128515509707 0.9994233755755390636 2.493048935036518821e-05 -8.813867918670366564 -1.1409839433964714e-06 -2.498363718610528193e-05 0.9999999996872580565 0.4948979057053333741
0.9993745125276651819 0.03536359299356536118 1.705871126591893412e-06 74.63738970242496862 -0.03536359303373872581 0.9993745116949070972 4.079881155957135408e-05 -8.908609717657116178 -2.620115575384370715e-07 -4.083361814634349241e-05 0.9999999991662734677 0.4949205625470029513
0.9992870082975737756 0.03775546379064719654 1.967409323453628963e-06 76.59327507925296175 -0.03775546384042400422 0.9992870064396764951 6.093650154500021354e-05 -8.992939789471307677 3.346793043354355751e-07 -6.096733477659471858e-05 0.9999999981414360306 0.4949450876734964866
0.9991796657122842262 0.04049685943176321856 2.341969549866452612e-06 78.52314263140878836 -0.04049685949018722725 0.9991796650511699518 3.63578964574154322e-05 -9.112596263211104386 -8.676677283249958517e-07 -3.642291324011343257e-05 0.999999999336309231 0.4949138575715608113
0.9988023364295846029 0.04892742317958802961 2.457950580903830632e-06 80.44336512171435061 -0.04892742322552930817 0.9988023361233597797 2.476412635659256995e-05 -9.241727490030564596 -1.243361892360772368e-06 -2.485472845294142683e-05 0.9999999996903482513 0.4948975363626431645
0.9978154381396289185 0.06606323790136682528 3.231179946194311868e-06 82.37598571153488081 -0.06606323796666152548 0.9978154377358099403 2.841983956567216177e-05 -9.391409305412022235 -1.346614610069361417e-06 -2.857121687777767054e-05 0.9999999995909361061 0.4949043167040034219
0.9954111501855520405 0.09569034468461359855 4.759115272938985378e-06 84.33833991029973731 -0.09569034478660284893 0.9954111497038955481 3.101649262658788786e-05 -9.592973751550458061 -1.769297535063584222e-06 -3.132956398150025889e-05 0.9999999995076640502 0.4949139939334098459
0.9924455882526038719 0.1226855914513507589 3.226176837804990323e-06 86.26099283348143842 -0.1226855914935486153 0.9924455879575355688 2.420191211557646893e-05 -9.856295675183996963 -2.325790664972670058e-07 -2.441488631999000008e-05 0.9999999997019296538 0.4948992046488475127
0.9879958859578902297 0.1544801907350616399 1.724973757179833979e-06 88.14630876723235531 -0.1544801906805733371 0.9879958851644905504 3.984421473995252479e-05 -10.15142695605152845 4.450874918606190025e-06 -3.963239451722395268e-05 0.9999999992047314823 0.4949263861501896344
0.9818759777716491444 0.1895245743129404525 2.949467948518522734e-06 90.0254788812025879 -0.1895245742613201057 0.9818759768298560564 4.333259967679117965e-05 -10.51477240798667445 5.316580784536935685e-06 -4.310623533427717497e-05 0.9999999990567932651 0.4949444243763188589
0.9727566395951929845 0.23182864386875357 2.770465949647734169e-06 91.85774003863085113 -0.2318286438139059158 0.9727566389295271287 3.644403341376222075e-05 -10.94934536780287893 5.753781697971993036e-06 -3.609344884070569959e-05 0.9999999993320785041 0.4949383807349601594
0.9591591652269648716 0.2828669223532712107 1.316531671266092036e-06 93.65585459286947412 -0.2828669223126989429 0.9591591649868612679 2.202910407477583462e-05 -11.48687288086511771 4.968541453341406235e-06 -2.150182033703815299e-05 0.9999999997564926746 0.4949257088453218878
0.9424786515354715011 0.3342663479865604637 2.416615107716720034e-06 95.39626801078411233 -0.33426634793076343 0.9424786511868277206 2.646357189503822024e-05 -12.09764089908519402 6.568273384875641782e-06 -2.574914466085839959e-05 0.9999999996469196573 0.4949454355295999086
0.922803429693193511 0.3852711124884798943 5.531832754206613506e-06 97.084173727473285 -0.3852711124522700814 0.9228034291311666415 3.310261648748240375e-05 -12.79277021423340166 7.648687645449867776e-06 -3.267846338558030167e-05 0.9999999994368078404 0.4949751460379318568
0.9005459337666601449 0.4347608781313977433 4.998301341283731219e-06 98.74194890156819326 -0.4347608780686398888 0.9005459332817810081 3.086849889451631206e-05 -13.58794417746625349 8.91921573976805613e-06 -2.997156704092548025e-05 0.9999999995110764317 0.4949897385662906379
0.8760442651699588135 0.4822306973347550985 3.618799090071077777e-06 100.3793274378562614 -0.4822306972806745806 0.876044264896672642 2.332543321452632584e-05 -14.49222060205885221 8.078011736006219552e-06 -2.217920800871431348e-05 0.9999999997214141789 0.4950006869259118147
0.8485117518254505775 0.5291765367023237854 -4.480187908543173085e-06 101.9212237365735803 -0.5291765366287124461 0.84851175180496341 1.15215499991607562e-05 -15.47776462909222062 9.898426016691933905e-06 -7.405360252643699816e-06 0.9999999999235908987 0.4950044225072863235
0.8187364609094087697 0.5741694937402139765 -6.154295889564596913e-06 103.3998541476438504 -0.5741694936515395753 0.8187364609095492129 1.180990197490458625e-05 -16.53511987289083152 1.181963187406482226e-05 -6.135588391927364802e-06 0.9999999999113253768 0.4950265023711365453
0.7857416271685822018 0.618554844205507881 -6.826523139524511564e-06 104.7910832524070486 -0.6185548440324383224 0.7857416271411165054 1.743185333460401098e-05 -17.6558694441873385 1.614644072296571859e-05 -9.474353847843415538e-06 0.9999999998247645072 0.4950570104723994169
0.7457113689830089376 0.6662691304355224942 6.421154650101227275e-07 106.1543438304334614 -0.6662691302556366102 0.7457113687585675832 2.397610757015845447e-05 -18.88779866687906406 1.549570753968428156e-05 -1.830707771142273186e-05 0.9999999997123669715 0.4951031559902051571
0.6943299619427452107 0.7196567958373514262 1.248741895496140358e-05 107.4153125332573495 -0.7196567957320996189 0.6943299612093845052 3.641173727245719066e-05 -20.18295255683055345 1.753356505776431501e-05 -3.426841606674624623e-05 0.999999999259124861 0.4951516602334861128
0.6334050905303023615 0.7738203867707625916 1.762042809046201236e-05 108.5378248721170991 -0.7738203866091636351 0.6334050893728906395 4.501997062770551276e-05 -21.54986103097774475 2.367650225411177292e-05 -4.215092504829364952e-05 0.9999999988313613697 0.4951963138742051518
0.5696007543071631707 0.8219215173245435491 7.33920183087434726e-06 109.5274647171137872 -0.821921516994275847 0.5696007537674733223 3.480786414819498449e-05 -22.99393152164632426 2.442891762059335164e-05 -2.585883357699253235e-05 0.9999999993672744614 0.4952226537965854769
0.5106783783227618612 0.8597718266585404612 -3.220418372180958271e-07 110.4326935207643459 -0.8597718264287185219 0.5106783781948446288 2.293341976545619512e-05 -24.53863836831646594 1.988196800641477992e-05 -1.143471911664688189e-05 0.9999999997369772853 0.4952590014222128523
0.455579685739381901 0.8901950066906562098 2.619427554432723793e-06 111.2215552017978695 -0.8901950063849074501 0.4555796855013565239 2.771448409686504114e-05 -26.10341613591929288 2.347793737459481404e-05 -1.495795728382191157e-05 0.9999999996125230606 0.4953064420091334852
0.4139990486073610865 0.9102773135629518286 -1.292471660541342163e-05 111.9402210817437293 -0.910277313508981889 0.4139990487534174202 1.201537028289187716e-05 -27.76798820666392942 1.628813936262359435e-05 6.79072444365826053e-06 0.9999999998442913318 0.4953394910198967716
0.3820838449761980726 0.9241276613626296932 -3.02468927620455863e-05 112.5714443337817556 -0.9241276617750019406 0.3820838451750481757 8.662713496858195062e-07 -29.42409253573845973 1.235739440761031115e-05 2.762100199606773844e-05 0.9999999995421876564 0.4953870586501633588
0.3585776789241480467 0.9334998908935350226 -4.337466670250671424e-05 113.1602881512332175 -0.9334998918743299123 0.3585776788794650116 -9.069874212042978689e-06 -31.10521497850544392 7.086460720995067691e-06 4.37425011199634665e-05 0.9999999990181878129 0.4954521821066251719
0.3416774258257701535 0.9398172869880957458 -6.133223942049224962e-05 113.7149764928736744 -0.9398172889886855508 0.3416774251760693049 -2.110075467298461435e-05 -32.84785118713026719 1.124987635310222602e-06 6.485075051941849506e-05 0.9999999978965572467 0.4954898343550549478
0.3331055867979906271 0.9428895304801289123 -3.683966646657515565e-05 114.2699353992416889 -0.9428895311316063399 0.3331055869895888089 -9.868410045506956154e-07 -34.59421164749296906 1.134101667140984149e-05 3.506445809361098583e-05 0.9999999993209325311 0.4955400281819258845
0.333385013748522141 0.9427907679668166008 -2.113459291979490092e-05 114.827224071817696 -0.942790768022392589 0.333385014040282146 1.213841094550085218e-05 -36.33735322955656954 1.848993833450702728e-05 1.587873479074304134e-05 0.9999999997029942467 0.4955958848558392194
0.3338769141271686891 0.9426166803697967334 1.018707386928942801e-05 115.40035988027266 -0.9426166800772523002 0.3338769136910612612 3.07652962471797358e-05 -38.06162762907938202 2.559865263608871393e-05 -1.987432792358786733e-05 0.9999999994748599574 0.495653489660342228
0.3324333650353348824 0.9431267452949853025 1.108172158773959252e-05 115.9420028907087783 -0.9431267449909808143 0.3324333645535489379 3.188349801847168298e-05 -39.75231268615524982 2.638624572232233959e-05 -2.105060654531910105e-05 0.9999999994303189199 0.4956745700152387912
0.331062616235954954 0.9436087876515476536 1.190155317491879408e-07 116.4755638561662181 -0.9436087873581180396 0.3310626161298553249 2.498061059061341431e-05 -41.43471816008629816 2.353252208090316164e-05 -8.382450398890713229e-06 0.9999999996879775921 0.4956868127105310551
0.3319511771343203188 0.9432965683938521195 7.599668522519155184e-06 117.0272137676478508 -0.943296568160459814 0.3319511768400331686 2.633342307058105717e-05 -43.1551947722909901 2.231750870689821345e-05 -1.591015202270484107e-05 0.999999999624398006 0.495742979322262467
0.3365675204170708312 0.9416593352423259233 2.352697249792115244e-05 117.6092895324173497 -0.9416593352712884224 0.3365675196246518674 3.213063749700512822e-05 -44.8870314856929653 2.233769996843927924e-05 -3.296852227512508471e-05 0.9999999992070519594 0.4957909435967034484
0.3428971145374239415 0.9393729653559321768 2.832921174383917385e-05 118.1796706297048019 -0.9393729654513891525 0.3428971134589652858 3.691619848588817014e-05 -46.57683788884921938 2.496407390782668032e-05 -3.927015358521239371e-05 0.9999999989173251613 0.4958159337781191667
0.3518098676508018552 0.9360714807238778024 -1.079365851941281556e-06 118.7375871726153207 -0.9360714804504205455 0.3518098675754623983 2.379341735048378325e-05 -48.23034359145481886 2.26520709681854969e-05 -7.360395418059688692e-06 0.9999999997163542265 0.4958426621013519719
0.3653305607714463221 0.9308778552232120918 -4.866808365386263429e-06 119.2746554791659719 -0.9308778549648577538 0.3653305607862400994 2.222317125478175912e-05 -49.74493728838048412 2.246505182327511175e-05 -3.588399484933518034e-06 0.999999999741222334 0.4958730394677052788
0.3817665410906991297 0.9242587884677713195 6.779647573879769871e-06 119.7966244736854264 -0.9242587881796077154 0.3817665407602237049 2.882651934290874366e-05 -51.1237003092438087 2.405492124176609317e-05 -1.727114943214533928e-05 0.9999999995615340698 0.4959113241860869659
0.3957974799269710076 0.9183378216906629143 1.175328847056902538e-05 120.3071996114374116 -0.9183378214906976478 0.3957974794626437642 2.954607100961033984e-05 -52.40428196059836807 2.248135253843463295e-05 -2.248774977676120564e-05 0.9999999994944448467 0.4959540009460481902
0.4081502698006911345 0.9129147588394398438 1.889399842469507615e-05 120.7641953572095588 -0.9129147587535025865 0.4081502690735197558 3.327883081132807517e-05 -53.50502373454601468 2.266914526366813865e-05 -3.083137378806466536e-05 0.9999999992677681693 0.4959854604744791118
0.4195306342724271498 0.9077411780779784944 2.303934993689677886e-05 121.1643176965580153 -0.9077411780619765169 0.4195306333331854098 3.671436441307359777e-05 -54.41998861620236738 2.366142733409644613e-05 -3.631656724262659103e-05 0.9999999990606220912 0.4960263414426255846
0.4278460828373504277 0.9038516077903162582 2.231206573252136741e-05 121.5073095885175434 -0.9038516077575238228 0.4278460819164722762 3.667554365298596175e-05 -55.18883524829727349 2.360311919421325004e-05 -3.585828417259128234e-05 0.9999999990785382042 0.4960506804196082586
0.4360619880083219657 0.8999166309124166929 4.869114963797211171e-06 121.8079421440175309 -0.8999166306630819179 0.4360619877440521375 2.651311519244701353e-05 -55.88896389842321355 2.173635734931200981e-05 -1.594315925164366434e-05 0.9999999996366732979 0.4960328429216402935
0.4433493170846565246 0.8963489180646531107 -1.127508225580727275e-05 122.1129379186171917 -0.8963489179251686867 0.4433493172180609232 1.609010442553805795e-05 -56.60476398640573592 1.94211477130679558e-05 2.972870970627007976e-06 0.9999999998069905027 0.4960222019661956749
0.4476345223668244389 0.8942166036924095174 8.27466216079349592e-06 122.4449447946740293 -0.8942166034800139718 0.4476345220030621408 2.782068269533374442e-05 -57.28889108937673313 2.117369195114190804e-05 -1.985283830261405159e-05 0.9999999995787698381 0.4960727294789373798
0.4489865507174758408 0.8935385146066079365 1.384460496987259142e-05 122.7596811180107608 -0.8935385144599850005 0.4489865501666629455 3.079472293225081649e-05 -57.94961645982924381 2.130022956276210613e-05 -2.619710418771692564e-05 0.999999999430005948 0.4960932187134410309
0.4495482503045905576 0.8932560496585448817 1.99681073427393446e-05 123.0841153733179993 -0.8932560496209414058 0.44954824952084671 3.42135299745945502e-05 -58.60882812178757462 2.158481492780771203e-05 -3.321726522020489902e-05 0.9999999992153546513 0.4961192481782191188
0.4457276405004402253 0.8951686267184010282 1.533737712038589965e-05 123.4210909858769298 -0.8951686266182427021 0.4457276399300216796 3.038182108511777014e-05 -59.3015000199838056 2.036056015138271776e-05 -2.727155623915797174e-05 0.9999999994208549348 0.4961281952927271144
0.4433818407987702437 0.8963328306046455252 5.691262192672372325e-06 123.7547115836975564 -0.896332830402606473 0.4433818405402399354 2.497667676015283403e-05 -60.01442434200712484 1.986401307354090188e-05 -1.617547006867379843e-05 0.9999999996718875739 0.4961232233687810078
0.437448526233847057 0.899243452495405049 6.497109687567787471e-06 124.1355839160927843 -0.8992434522902318372 0.4374485259482729926 2.571111832957394792e-05 -60.8103656199831164 2.027840375845319648e-05 -1.708977416645294064e-05 0.9999999996483630582 0.4961463117092589914
0.433947471440856658 0.9009381732541387189 -2.411533974157349828e-06 124.5330730259051393 -0.9009381730584822279 0.4339474713997499844 1.985045125031091606e-05 -61.69021055527514363 1.893050835800562037e-05 -6.441410114086627664e-06 0.9999999998000721479 0.4961485909618539303
0.4281534604829657642 0.9037060441564644941 -5.811057447643975062e-06 124.9581747221507442 -0.9037060439792385935 0.428153460515189932 1.80691733573078003e-05 -62.64260129435933067 1.881724553137135037e-05 -2.484891363651516388e-06 0.9999999998198683127 0.4961722250648455956
0.424391486904749482 0.9054788047433112164 2.37343217720774346e-06 125.4181172365864541 -0.905478804514066038 0.4243914867350065401 2.376681462867560464e-05 -63.65409608901495631 2.051308249217913537e-05 -1.223552632966647782e-05 0.9999999997147526187 0.4962108420462920111
0.4242732224377621097 0.9055342250384984526 -2.904513368643154759e-06 125.8939681167704663 -0.9055342248366856639 0.4242732224073363922 1.999376728225713931e-05 -64.7371469576894043 1.933734780797822036e-05 -5.852683811711865681e-06 0.9999999997959065912 0.4962332859292785114
0.4231826783722624219 0.9060443812023032395 -4.432416078863548602e-06 126.40274447142329 -0.9060443810101165285 0.4231826783759350397 1.90996761983003237e-05 -65.89176593352026146 1.918087601018341528e-05 -4.066686447086470235e-06 0.9999999998077779839 0.4962605128876555471
0.4208976416437070767 0.907108138678902276 1.869636680010113076e-06 126.9487973213025782 -0.9071081384543087101 0.4208976414916464348 2.321552979629765669e-05 -67.10227294807727105 2.027207035290163383e-05 -1.146732438916076489e-05 0.9999999997287716269 0.4962973074349600333
0.4191591922533547954 0.9079127554736249328 -1.941303689117665305e-07 127.5042491485042859 -0.9079127552782850774 0.4191591921675880683 2.065528393089672603e-05 -68.36883851924409328 1.883456727739878464e-05 -8.481598690116500428e-06 0.9999999997866606538 0.496325036081782911
0.4202858637375394557 0.9073917526078496554 -6.624064320468262668e-06 128.0564157394991298 -0.9073917524652880262 0.4202858637890581894 1.610253052418627416e-05 -69.658380792495592 1.739530398848506166e-05 -7.570446175252417167e-07 0.9999999998484150332 0.4963528570637172344
0.4261939695409984186 0.9046318037006487733 -7.901269219193272057e-06 128.6297187899802736 -0.9046318035463291052 0.4261939696142389988 1.670944534689346604e-05 -70.97134262563146478 1.84833689765164301e-05 2.627458284301323441e-08 0.9999999998291821957 0.4963812703692142558
0.4383804267598692128 0.8987895200894346903 -3.670354926368966509e-06 129.216390102852813 -0.8987895198856360457 0.4383804267417047984 1.989325603060238668e-05 -72.27771758199311591 1.948886179967651664e-05 -5.421937526257776361e-06 0.9999999997953934461 0.4964143018806598251
0.4602433353185198528 0.8877928093294673584 9.682797391658190262e-08 129.8394435755593292 -0.8877928091005701239 0.4602433351973742592 2.275849664482787135e-05 -73.57759934043939154 2.016026524277122163e-05 -1.056040958161383934e-05 0.9999999997410208286 0.4964551655275534214
0.4924807495174435279 0.8703233372430373427 -2.666884856905770819e-06 130.4843029232313825 -0.8703233370745643294 0.4924807494785066186 1.840423496682342181e-05 -74.84813531805988873 1.733102464883259379e-05 -6.742679302500486708e-06 0.9999999998270860946 0.4964770819065699725
0.5387223190659452543 0.8424833903049785411 1.634703095695556454e-06 131.1879025939832673 -0.8424833901158346183 0.5387223189016819846 2.232393042653166721e-05 -76.05062525564048315 1.792688954824799011e-05 -1.340360977594239644e-05 0.9999999997494849469 0.4965136336434028408
0.598839387999875572 0.8008691449707762144 3.993105400128544069e-06 131.9424991369529607 -0.80086914478097182 0.5988393877317028657 2.532088019864613501e-05 -77.15452881487946968 1.788748288163605768e-05 -1.836109530859665316e-05 0.9999999996714540318 0.4965413664530488047
0.668601266292258134 0.7436211042486280398 5.538312887211609831e-06 132.7744403269896623 -0.7436211040711013798 0.6686012659236199029 2.80649614721770119e-05 -78.15704744997647424 1.716677463316468893e-05 -2.288267512262049278e-05 0.9999999995908425143 0.4965683700566407288
0.74131121858384319 0.671161438971613733 6.443845228582060912e-06 133.6321385888407178 -0.6711614387477499166 0.7413112180036914856 3.467227581687222667e-05 -78.97984331317464068 1.849379977464520288e-05 -3.002780747156362799e-05 0.9999999993781550911 0.4965925065105830094
0.815020175091250354 0.5794325794802983598 5.767856107861714139e-06 134.5784393799595478 -0.5794325793036457783 0.8150201744969922668 3.473685943027006782e-05 -79.70370218655895656 1.54267489712229195e-05 -3.165332499660946167e-05 0.999999999380041249 0.4966167664200430987
0.8825679680370372981 0.4701848378750378976 5.443553796073338193e-06 135.5822617223509496 -0.4701848377659823552 0.8825679674309376832 3.467034937625508426e-05 -80.28011002734369583 1.149716639114400361e-05 -3.315841625861276008e-05 0.9999999993841672818 0.4966294884296039713
0.9395024335594944764 0.3425422269844570766 8.399351599778860213e-06 136.6309082245591924 -0.3425422270347663889 0.9395024327025922606 4.057347300986717477e-05 -80.68063999535831954 6.00691654017701411e-06 -4.099600923336695849e-05 0.9999999991416220757 0.4966441917912237658
0.9796039298769064763 0.2009381510611538413 4.48093009108734831e-06 137.6863359600495755 -0.2009381511055398084 0.9796039294400061825 2.929538522845838894e-05 -80.93622893686215036 1.497023817655523797e-06 -2.959826430479198101e-05 0.9999999995608508385 0.4966224888457365649
0.9989892058474082459 0.04495071264989330267 5.904593126734917997e-06 138.7247930358138888 -0.04495071284747591961 0.9989892050858315553 3.922645752696141954e-05 -80.98673703299513704 -4.135367573464599519e-06 -3.945222332318730929e-05 0.9999999992132103666 0.4966290171362868766
0.9926519637463436796 -0.1210044578831713652 6.720146537171637652e-06 139.7400198764974846 0.1210044575399718964 0.9926519630662741234 3.844947919188149838e-05 -80.87583751585957259 -1.132332503772036483e-05 -3.735378333852576525e-05 0.9999999992382385683 0.4966126354715094116
0.9567740742751502658 -0.2908322038104507179 4.890674058999167001e-06 140.6627718752918383 0.2908322034994686445 0.9567740738090038111 3.311796301595183522e-05 -80.6087322005943463 -1.431104031274291945e-05 -3.026404289328956065e-05 0.9999999994396409075 0.4965900669286605895
0.8899094808685509284 -0.4561371677922360646 4.580009114932269883e-06 141.5230740013081459 0.45613716748091232 0.8899094805558788179 2.935113182532224162e-05 -80.1855246137842812 -1.746393567470961986e-05 -2.403073810085495004e-05 0.999999999558767283 0.4965708716105902143
