0.9999806747146977592 0.006216928271891146787 0 -0 -0.006216928271891146787 0.9999806747146977592 -0 0 -0 0 1 0.4949999999999999956
0.999982612922705183 0.005896936022592038674 2.402913537762946591e-07 0.001870705958103143331 -0.005896936022220862494 0.9999826129215849679 -1.517363022087287784e-06 -0.0002421385063509655291 -2.492349684762797286e-07 1.515919656839177465e-06 0.9999999999988199439 0.494996169415785503
0.9999802000550591652 0.006292813344104601116 -5.411303632824041947e-07 0.004466058690688726011 -0.006292813343430262059 0.9999802000544422143 1.239049650706033959e-06 0.0005568035394348015438 5.489167571074918258e-07 -1.235619885220195217e-06 0.9999999999990859534 0.4950019133406473593
0.9999803246257148448 0.006272986769090957947 -8.231888136889527601e-07 0.002435485107086193032 -0.006272986770227328458 0.9999803246250872357 -1.38514983647149054e-06 -0.0003551929135949056702 8.14483590542370414e-07 1.390286435668070426e-06 0.9999999999987018162 0.4949943766526963551
0.9999801614998472532 0.006298937115622770151 -4.307621304581030768e-07 0.0008591572218679280424 -0.006298937116312354825 0.9999801614986257858 -1.618576020268432464e-06 -0.001209698204034044587 4.205582762133631474e-07 1.621257253719936171e-06 0.9999999999985973442 0.4949942040933410503
0.9999796688496634944 0.006376667589753942655 1.168353291990033493e-08 -0.002254215324836669667 -0.006376667589736120974 0.999979668848989367 -1.161228611908329459e-06 -0.002756150328329832252 -1.908806423402960081e-08 1.161130500789142357e-06 0.9999999999993256505 0.494995099810445871
0.9999808907270201219 0.00618208564831225927 -2.553998781952256937e-07 -0.001385895373588607368 -0.00618208564820757478 0.9999808907269698288 4.088308738032785926e-07 -0.002878965676040226226 2.579224251655202218e-07 -4.072441574217411231e-07 0.9999999999998837596 0.4950004761257826291
0.9999806139784424008 0.00622669009427356205 -1.057675767449522241e-08 0.0008568483819311335358 -0.006226690094247043332 0.9999806139770309743 1.680333541373611668e-06 -0.0006368282719728903711 2.103946883415996977e-08 -1.680235108199316704e-06 0.9999999999985882404 0.4950022554320425705
0.9999812097458609106 0.006130265690494626947 -3.799795096080746271e-08 0.0008303654863967847291 -0.006130265690436891013 0.9999812097449242154 1.369481104499861286e-06 0.0007266728586852625816 4.639251999948386884e-08 -1.369222434066747271e-06 0.9999999999990615285 0.495001196444987579
0.9999811731179218954 0.00613623760328709314 1.164075004384039961e-07 9.762245716341352462e-05 -0.006136237603245739934 0.9999811731178667173 -3.527131636365197155e-07 0.0006808122669851346702 -1.185696406261418556e-07 3.519922190658410025e-07 0.9999999999999310552 0.4949962516304157178
0.9999795378238108823 0.006397181872540916303 -6.800193048663464734e-09 -0.0007070375982756262924 -0.006397181872542678782 0.9999795378237680277 -2.92922662560696927e-07 0.0007878103788666467218 4.9261743548856818e-09 2.929601707972671994e-07 0.9999999999999570344 0.4949987663064510657
0.9999800896727014665 0.006310329659221245238 2.410584084824101431e-08 -0.00345164514117436488 -0.006310329659220895691 0.9999800896727017996 -1.638131198029046953e-08 0.001245681439230645563 -2.420873237190647742e-08 1.622887002054170125e-08 0.9999999999999995559 0.4949992956865466587
0.9999806977983629608 0.006213214357260949013 5.315170310483643777e-07 -0.002754087715539615521 -0.006213214356307668156 0.9999806977969316613 -1.77682324715865713e-06 -0.001437312149722139469 -5.425465553019692522e-07 1.773486521312059604e-06 0.9999999999982801535 0.494995750702466375
0.9999809178479972527 0.006177697151219275172 1.330590734891561014e-07 0.0009970450517054821327 -0.006177697151142586517 0.999980917847844375 -5.695828923644582703e-07 -0.002176167132329529397 -1.365752450468900821e-07 5.687500248379779948e-07 0.9999999999998289146 0.4950013628492049844
0.9999797369247059864 0.006365983187862789099 -5.299370193259833085e-07 0.008025858822612631088 -0.006365983185998003863 0.999979736918909401 3.449260863087095916e-06 0.001961480405577034885 5.518842178316295341e-07 -3.445817400300255094e-06 0.9999999999939108708 0.4950091922385878584
0.9999706725246330086 0.007658595971742651436 -7.79384153318719981e-07 0.04926993958910057259 -0.007658595966762628098 0.9999706725057306844 6.203815797338486464e-06 0.01219738485020436733 8.268738146095325951e-07 -6.197664866750320631e-06 0.9999999999804526363 0.4950153723079744883
0.9999604605013386882 0.008892549473840898402 -1.973399522618470571e-07 0.08703110922767332003 -0.008892549474055697067 0.9999604605007340608 -1.115442656425604927e-06 0.01277780605582385862 1.874130205314358348e-07 1.117153407670883279e-06 0.9999999999993584021 0.4949915901855805322
0.9999398524067769634 0.01096775130955830388 1.468925096874946717e-06 0.1612953181505296929 -0.01096775129371413936 0.9999398523540317107 -1.039178868450129888e-05 0.00534185882789968338 -1.582811298441544743e-06 1.0375052838290995e-05 0.9999999999449264987 0.4949739972300979951
0.9998271879299807097 0.01859016606498758994 1.984017468226695902e-06 0.2395309134341207513 -0.01859016607116234857 0.9998271879269019502 3.140536870081033906e-06 0.01925456363834350537 -1.925291504106943528e-06 -3.176877361625953919e-06 0.999999999993100297 0.4950070686485277816
0.9995340344651976183 0.03052398963465215512 2.177558659572234473e-06 0.3288497738008593907 -0.03052398962735722657 0.9995340344623179218 -3.308142494980308839e-06 0.01245255361212982935 -2.277521699507334457e-06 3.240133236655680557e-06 0.9999999999921571625 0.4949934553439978013
0.9985506239621100288 0.05382054783546594279 4.219460795512239983e-06 0.4693973180344203078 -0.05382054776513184313 0.9985506238574499704 -1.530985467022091958e-05 -0.01575281703465408051 -5.037329975333426928e-06 1.50605712424303689e-05 0.9999999998739022011 0.4949608780090929416
0.9962154221552605993 0.0869185402769916543 4.285522027375425599e-06 0.6924388170438044998 -0.08691854026816682455 0.9962154221628091166 -2.204532856176394603e-06 -0.0342553556115910568 -4.460917913541347232e-06 1.823698311064359594e-06 0.9999999999883871782 0.4950082565827178538
0.9923241177357197129 0.1236642442752856758 7.076781009928916243e-06 1.00179822683836961 -0.1236642436608153955 0.992324116133202927 -5.815916964390154345e-05 -0.180272631937443889 -1.421467022243716664e-05 5.683760193398056977e-05 0.999999998283715108 0.4948314724255880592
0.9846719180594026843 0.1744167818212304655 2.564231070460509575e-06 1.370918581650339307 -0.1744167806755351213 0.9846719130774381767 -0.0001010813199922519647 -0.3703177733771599867 -2.015520484901355493e-05 9.908469230852908285e-05 0.9999999948879957357 0.4948218384427649497
0.9743671211018912759 0.224963804441168258 -3.03331837480004992e-06 1.830676750114750284 -0.2249638034196282665 0.9743671152024685478 -0.0001093856810775096946 -0.6330394024760578331 -2.165225329224034704e-05 0.0001072641979998404087 0.9999999940127858311 0.494788680765960609
0.9636063014993333509 0.2673254489257367861 -8.346376276414836247e-06 2.268056626757684935 -0.267325448982102587 0.9636063000289124547 -5.360354284500953891e-05 -0.880342290588508436 -6.286970392686951629e-06 5.38839104536068599e-05 0.9999999985284990789 0.4948614678337995287
0.9500546839693020384 0.3120834783575772708 -2.541281184282255581e-06 2.838069260368324187 -0.3120834782290735632 0.950054683272206324 -3.756626236651334079e-05 -1.173752040707506605 -9.309453737595939111e-06 3.648309539167461733e-05 0.9999999992911589031 0.4948839360343499916
0.9399439269025785526 0.3413288945858733991 1.406678483358767366e-06 3.555302342353367617 -0.341328894122274018 0.9399439258254289609 -4.840845857016526057e-05 -1.560834657914655699 -1.784540454838294809e-05 4.502109663263147708e-05 0.9999999988273211571 0.4948246181181711889
0.9374142317487724752 0.3482162519128125799 -4.569912693285662978e-06 4.259308195409579945 -0.348216251775620711 0.9374142308113229127 -4.328956332568419379e-05 -1.951683089828134321 -1.079022829596080841e-05 4.217157061668385428e-05 0.9999999990525647586 0.4948327739456909735
0.9409518115676641647 0.3385405268350468178 -1.12940318925388173e-07 5.062522412714240083 -0.3385405267421174313 0.940951811301450558 -2.374704057935247132e-05 -2.320644189587006245 -7.933064230845419731e-06 2.238305572757196669e-05 0.9999999997180326616 0.4948793256852456746
0.9482411416210715371 0.317551157028644393 3.02803427431220161e-06 5.995449064243916659 -0.3175511568284472563 0.9482411412876349255 -2.772492312126875402e-05 -2.733320299210517668 -1.167538809182099108e-05 2.532835696514429809e-05 0.9999999996110797706 0.4948597904637284106
0.9551413622877875653 0.2961502625923885801 3.965053185653232932e-06 6.984222967018968831 -0.296150262483483695 0.9551413621702659063 -1.745639487817396247e-05 -3.109163326168121078 -8.956902227910027938e-06 1.549907324288045824e-05 0.9999999998397762768 0.4948735346832812132
0.9611933344930584378 0.2758756489052729965 8.333245992413157338e-06 7.992557874812677987 -0.2758756489434652792 0.9611933345106128401 3.824126792308458206e-06 -3.450016254350394274 -6.95487704242066922e-06 -5.974664828985718972e-06 0.9999999999579665122 0.4948547735089016131
0.9682797267651933604 0.249868706945778174 5.196150353489580929e-06 9.021360357084326154 -0.2498687069651605308 0.9682797267678691089 3.483145612223596815e-06 -3.764929046636568799 -4.160997954291485682e-06 -4.671014651710251247e-06 0.9999999999804338735 0.4948272427455290834
0.9749686547625817656 0.222342353611946375 4.79317714412698401e-06 10.12595430637952632 -0.2223423536606545514 0.9749686546342418714 1.586095134687719554e-05 -4.051389714482604099 -1.146636218643829367e-06 -1.652965668565726856e-05 0.9999999998627278064 0.4948263703821880188
0.9806786013305360816 0.1956258695360137967 7.930635240342299427e-06 11.27702743845983413 -0.1956258696792357865 0.9806786009795281922 2.636875068657737567e-05 -4.298897061220758431 -2.618994490737764384e-06 -2.741070695814706951e-05 0.9999999996208970288 0.4947980862562604276
0.9849935757415502202 0.1725910070187167689 6.809778892342768492e-06 12.48434592149268418 -0.1725910071434908211 0.9849935753357232926 2.833332036426538053e-05 -4.517597812987703243 -1.817512164561952192e-06 -2.908344513568256203e-05 0.9999999995754249582 0.4947932817760778978
0.9886039798203660744 0.1505395995045287483 8.159782087764959823e-06 13.81329561403433637 -0.1505395996337424991 0.9886039796586750805 1.863800639347680237e-05 -4.733976422395678618 -5.261035027075165927e-06 -1.965397762509931613e-05 0.9999999997930213436 0.4947766430531394533
0.9913254281169046056 0.1314301925330617349 7.860737555460066729e-06 15.19427599736608592 -0.1314301926737573289 0.9913254278985665913 2.139382590929171212e-05 -4.915777740889271108 -4.980754362487780932e-06 -2.224138188005908532e-05 0.999999999740256551 0.4947891861361167765
0.9929372827895864839 0.1186404333313803433 5.254332525830411581e-06 16.56492450938482364 -0.118640433373552831 0.9929372827610951635 8.61285421753808233e-06 -5.100077092763062758 -4.195389904332559857e-06 -9.175400351778370301e-06 0.9999999999491053781 0.4947399040910336332
0.9940403993374271607 0.1090123133789769744 4.368658256647382594e-06 18.00764785066997575 -0.1090123133970456598 0.9940403993364411717 4.135921853844734144e-06 -5.274627796110346267 -3.891756388759926126e-06 -4.58751095422244297e-06 0.9999999999819044749 0.4947255131967637221
0.9946292921487676075 0.103501551535517447 5.62270318912151365e-06 19.54102512961095428 -0.1035015515907896921 0.9946292921020208899 1.063789026366602982e-05 -5.435961323281564894 -4.491467145341685299e-06 -1.11627157671149737e-05 0.9999999999276102391 0.4947385929665187865
0.9948475948763019217 0.1013817681790333269 7.208552769257178669e-06 21.14777653293166182 -0.1013817682481230331 0.9948475948454269524 9.969244997444521038e-06 -5.605986721269203166 -6.16071169956093267e-06 -1.064869523469748639e-05 0.9999999999243254223 0.4947276359850100724
0.9950615675646636848 0.09925964280984965471 8.200501115643461713e-06 22.82489019934921615 -0.09925964276614969439 0.9950615675871945509 -5.575341591776618677e-06 -5.809177798821314909 -8.713409910075359707e-06 4.733829332779537541e-06 0.9999999999508336623 0.4946878726338547194
0.9952573436830786102 0.09727702605515092804 7.000034360363971773e-06 24.50954125322081723 -0.09727702602388223208 0.9952573436997600442 -4.677567147130181609e-06 -5.991838946484601358 -7.421855424548997753e-06 3.974440529110821945e-06 0.9999999999645599047 0.49468751828119506
0.9956341414154507019 0.0933416111926789055 8.372928812473856309e-06 26.26249088439548629 -0.09334161117710297606 0.9956341414496134856 -2.233004935296607915e-06 -6.173524814364454549 -8.54480606808793166e-06 1.441713285902995053e-06 0.9999999999624539226 0.4946872045090575098
0.9954344349518067236 0.09544781650039789456 6.302105970935800765e-06 28.00183633379551296 -0.09544781641598266975 0.9954344349006303272 -1.255853000349279679e-05 -6.370669281753338353 -7.472017563150482248e-06 1.189967096410422051e-05 0.9999999999012834095 0.4946584784803222945
0.9952721716058579027 0.09712519971166164168 3.187826747986401985e-06 29.72627689833776543 -0.09712519958126202002 0.9952721712106872287 -2.867223861108745116e-05 -6.588679579234531403 -5.957552150194246463e-06 2.822706287812966352e-05 0.9999999995838702027 0.4946265865305004006
0.9954999793621666093 0.09476175964184130329 1.319278633863487313e-06 31.43619963919193339 -0.09476175957359511681 0.9954999790150710348 -2.656581028295438809e-05 -6.795740666860825563 -3.830764781050202648e-06 2.632124642370757832e-05 0.9999999996462586305 0.4946304514338114022
0.9963160039369997056 0.0857579166841261481 5.219177057249655376e-06 33.17140135273030666 -0.08575791663100527928 0.9963160039083216457 -9.669313235993241582e-06 -6.97466507963539506 -6.029169788253996283e-06 9.186105773141853983e-06 0.9999999999396322892 0.4946388138684274516
0.9973794374845310617 0.0723481696004395769 6.382741650032306678e-06 34.84888117549274256 -0.07234816951873129787 0.9973794374360419601 -1.2218276439256137e-05 -7.144111843312824561 -7.24998521226117856e-06 1.172447800712497769e-05 0.9999999999049871136 0.4946168784139828856
0.998545216885117437 0.05392077335151825024 6.265852279848112719e-06 36.55578630477923952 -0.05392077323186462295 0.9985452167506051468 -1.791082701952749948e-05 -7.291798312795072512 -7.222502467166395854e-06 1.754691105091985972e-05 0.9999999998199706752 0.4945960819410711862
0.9994129061189795937 0.03426139271596236047 7.362814747870684932e-06 38.26878846915005283 -0.03426139256194681709 0.9994129059489632594 -2.011461291767474119e-05 -7.403746589519497157 -8.047646735635319236e-06 1.985054346507400395e-05 0.9999999997705956156 0.4945865717515551818
0.9998193465152502846 0.01900721660036299929 7.290929493626196304e-06 39.93598139544010905 -0.01900721657762537847 0.9998193465372238187 -3.175344690341238681e-06 -7.46255948632612931 -7.349966826276420393e-06 3.036190777320154464e-06 0.999999999968379738 0.4945980751311622181
0.9999529472881253378 0.0097006776812133301 8.034298919584588564e-06 41.64076071969645199 -0.00970067766075240201 0.9999529473172673599 -2.581769561723557155e-06 -7.511778558421770668 -8.058965798631930694e-06 2.50370993841542276e-06 0.999999999964392261 0.4945763313534507488
0.9999594293591166361 0.009007750862159756913 7.901144894638360505e-06 43.3901727420116714 -0.00900775074538563876 0.9999594292834442788 -1.469252725028251418e-05 -7.571373438672296174 -8.033170964534249657e-06 1.462075962122178521e-05 0.9999999998608507523 0.494544630314412037
0.9999114269654387765 0.01330932698983697954 6.422659891028725239e-06 45.12239816217682886 -0.01330932687266157301 0.9999114268264309713 -1.795439532144735523e-05 -7.637273016298976813 -6.661051933897458166e-06 1.786732376628835293e-05 0.9999999998181945404 0.4945222736370643579
0.999843445763264782 0.01769417727935118992 7.541955961925148633e-06 46.9308004164226702 -0.01769417716386241513 0.9998434456795195491 -1.511397520738433104e-05 -7.709489749876956566 -7.808204592849674611e-06 1.497816034557932104e-05 0.9999999998573433357 0.4945158076473412656
0.9997825504976597388 0.02085309701425363052 8.218364824844433657e-06 48.78971835176193395 -0.02085309695280727557 0.9997825505046421535 -7.49280987111948796e-06 -7.781484553704514973 -8.372826036712423861e-06 7.31980220485585283e-06 0.999999999938158135 0.4945117856324515171
0.9997594807861088784 0.02193126768710462401 8.840775281921546997e-06 50.69808066625137855 -0.02193126753189717643 0.9997594806791580968 -1.728633377292407069e-05 -7.872950693052180426 -9.217760117957764853e-06 1.70882866696166876e-05 0.9999999998115116639 0.4944771468921260738
0.999672926226130687 0.02557421589603016757 7.349928814258031062e-06 52.64616705376592876 -0.02557421565941139438 0.9996729257889784837 -3.066173989655585834e-05 -7.985414192447133352 -8.131674797952406764e-06 3.046374258099735345e-05 0.9999999995029181799 0.4944393442230881619
0.9996110939600134637 0.02788656977971310999 7.760103987602669654e-06 54.65876430763204752 -0.02788656958619741 0.9996110937069824232 -2.401827568041332492e-05 -8.09288372587743865 -8.426873355077707398e-06 2.379253214808472086e-05 0.9999999996814515901 0.4944383654964852881
0.9995953394936069047 0.02844568801723299303 9.905551946593514756e-06 56.71181699601458348 -0.02844568765410790401 0.9995953389385242582 -3.504988776330751046e-05 -8.221160589299982391 -1.089856172778225431e-05 3.475393422126188457e-05 0.999999999336692702 0.4944057797043872049
0.9996136885027191443 0.02779340969352417368 1.174008886453077445e-05 58.87353844835779171 -0.02779340919200059407 0.9996136877482145744 -4.091618317447958482e-05 -8.359092681412040093 -1.287275376642894259e-05 4.057407968873208214e-05 0.9999999990940181549 0.4943841382572751186
0.999628478503746476 0.02725628166608633218 8.732509827073137062e-06 60.99735318990387611 -0.02725628140746923569 0.9996284781432557276 -2.847926085411664734e-05 -8.478510288327482769 -9.505504264289907289e-06 2.823066445127173291e-05 0.9999999995563374489 0.494372673365921167
0.9995701166469449506 0.02931862601783130629 8.779074139694185682e-06 63.13819366628845131 -0.02931862578758564 0.9995701163721291138 -2.529759983125178877e-05 -8.606066749963819262 -9.516991028054990821e-06 2.502933442474889036e-05 0.9999999996414796755 0.494356549182920102
0.9994942710990012413 0.03179940171016700651 9.66357256456632634e-06 65.30287554863117805 -0.03179940162007285909 0.9994942711049625839 -9.337974391945177131e-06 -8.712552084057133328 -9.9556274155398565e-06 9.02595608335301506e-06 0.9999999999097087811 0.4943603429973885688
0.9993901968035918681 0.03491753802303051296 8.574441834973475847e-06 67.43363439384432922 -0.03491753799824379861 0.9993901968366666333 -3.023699763912716585e-06 -8.826290547415073462 -8.674793264695342541e-06 2.722457503545285383e-06 0.9999999999586680621 0.4943534832220907171
0.9994915413260228032 0.03188508685498269574 7.49762169844304201e-06 69.5302377845405033 -0.03188508672055941073 0.999491541206758205 -1.741248322450501191e-05 -8.954839340545291293 -8.049008006736268952e-06 1.716456737832125671e-05 0.9999999998202955265 0.494303846058339047
0.9994093004525532731 0.03436640933757389299 8.967348809980726953e-06 71.67452645300846825 -0.03436640926615635444 0.9994093004632178534 -8.000346865515939142e-06 -9.067127542460950096 -9.236994996415415332e-06 7.687445485006872838e-06 0.9999999999277905394 0.4943078293736061224
0.9992598180453661216 0.0384683758681866883 1.001192344445204935e-05 73.81193474923658471 -0.03846837573920034586 0.9992598180188667634 -1.277192391466183998e-05 -9.195874251791501308 -1.049582796883108858e-05 1.237732793412094949e-05 0.9999999998683196667 0.4942787421608358933
0.9989323120200082062 0.04619779073981197109 1.163419857255346302e-05 75.94856658816676998 -0.04619779031518242429 0.99893231151343298 -3.444788721374011475e-05 -9.362551979641079214 -1.321319315761612629e-05 3.387363335248586683e-05 0.9999999993389941944 0.4942185376441698419
0.998235388982975036 0.05938104154604582907 9.441839497730925465e-06 78.05430963685370216 -0.05938104133542209534 0.9982353888148156607 -2.121055294050780199e-05 -9.524608932513393356 -1.068468304751940524e-05 2.061245830361461097e-05 0.9999999997304820365 0.4942218989655034478
0.9968582538080613675 0.07920619736250869569 1.078642103485556134e-05 80.17035573693672745 -0.07920619705833951973 0.9968582535465396743 -2.619028650412518126e-05 -9.738877650142939046 -1.282696583665019215e-05 2.525365188119406496e-05 0.9999999995988609891 0.4941900013738516062
0.9939691180738113863 0.109660349233994675 1.112119733392902901e-05 82.29089044061021241 -0.1096603490525372565 0.9939691180305985085 -1.579185897959685151e-05 -9.998713723763316352 -1.278586747620625848e-05 1.447706576117508388e-05 0.999999999813468099 0.4941867856383727609
0.9897284195041450294 0.1429603284546966946 1.077891950714827309e-05 84.39199779766796894 -0.142960328312175533 0.9897284194979876215 -1.300474077001967028e-05 -10.33127687316127563 -1.252736497965609544e-05 1.133020365678025042e-05 0.9999999998573457782 0.4941577875495300476
0.9836962617976127143 0.1798378837393325713 9.98968690160015171e-06 86.42798396750708889 -0.1798378837647096329 0.9836962618422359084 1.695583026975402231e-06 -10.71386758442599429 -9.521887598802829218e-06 -3.464462837058990136e-06 0.9999999999486656188 0.4941491352222352473
0.9743267906584041071 0.2251384127747267372 1.004011447103430091e-05 88.45246154065854682 -0.2251384127803038038 0.9743267907086693436 -5.859250213519414459e-07 -11.19108514946183064 -9.914266740222693581e-06 -1.689532990520928765e-06 0.9999999999494263436 0.4941094613522107881
0.9607837225479669563 0.2772988249940621652 1.208373201272483034e-05 90.48933543198617713 -0.2772988248723131099 0.9607837225980578877 -1.082983088110025117e-05 -11.79172978996643195 -1.461295240427659547e-05 7.054320541307883166e-06 0.9999999998683490876 0.4940744675656811857
0.9419072633405158879 0.3358730520655867635 1.283590593200364407e-05 92.45843783358982648 -0.335873051984268256 0.9419072634221236084 -8.102607226360076983e-06 -12.49199175579705745 -1.481168044876359619e-05 3.32066969813886831e-06 0.9999999998847936 0.4940590124716395248
0.918774151053862731 0.3947835599355979941 1.273038860863311338e-05 94.32371424938439475 -0.3947835599054750344 0.9187741511419110774 -4.90449953055890029e-06 -13.29044745709970243 -1.363256777198005504e-05 -5.196207413629610607e-07 0.9999999999069415502 0.4940350238745505607
0.8898148654329192109 0.4563217123685169296 8.825713489829327589e-06 96.13259561391095076 -0.4563217121481742411 0.8898148653783461981 -1.939348919886866861e-05 -14.23765235560581743 -1.670292126084842402e-05 1.322925029115794021e-05 0.9999999997729996926 0.4939763484753809664
0.8575603205419796149 0.5143834139870305799 7.0154833224234024e-06 97.87437339739743436 -0.5143834136757405862 0.8575603203731381186 -2.567187661516266695e-05 -15.2950082372075844 -1.922138766231101253e-05 1.840653447903966666e-05 0.9999999996458688312 0.4939447078049001849
0.8199874806265792238 0.5723814563283122769 8.32997491280248613e-06 99.55514802720240652 -0.572381456046755388 0.8199874805527672672 -2.264408072183045356e-05 -16.4803835337663287 -1.979152704259384696e-05 1.379993953277581573e-05 0.9999999997089286108 0.4939189611985741468
0.7781474184307028974 0.6280816785860190432 1.471168667448875818e-05 101.1167923712985299 -0.6280816785531797564 0.77814741856174241 -7.331394853219291411e-06 -17.73016410394575004 -1.605257579422948358e-05 -3.535234882332615181e-06 0.9999999998649083954 0.4939106597415104383
0.7266884464861536053 0.6869671756667061757 3.608714893232881278e-05 102.5792133011645006 -0.6869671763878675286 0.7266884465932181847 1.248393948067179124e-05 -19.0742179633410025 -1.764805755338094982e-05 -3.3862621393166918e-05 0.9999999992709344143 0.4939056576209954197
0.6674291936614776821 0.7446732641964116661 3.22751283519914889e-05 103.9061083143538298 -0.744673264716749661 0.6674291938246225131 6.996074702873398279e-06 -20.52613090690761055 -1.633157311100521351e-05 -2.870380969676388731e-05 0.9999999994546855397 0.4938544557217477982
0.6012006921402752724 0.7990980713861540741 8.900321850558345061e-06 105.0801305217475061 -0.7990980711882990084 0.6012006921940029613 -1.81885831743468896e-05 -22.09970630323548235 -1.988534139317234126e-05 3.822758769732067595e-06 0.999999999794979888 0.4937896309817934037
0.5319161007725895507 0.8467970605361858638 2.896992105454285808e-06 106.1016084331611182 -0.8467970603009006281 0.5319161007000615671 -2.200063081958252318e-05 -23.73386476991343486 -2.017102625245640297e-05 9.249325361475988993e-06 0.9999999997537898366 0.4937565919851668039
0.4688551973703306563 0.8832750442912362665 -5.777182781701164176e-06 106.948993210452997 -0.883275044103069118 0.4688551971087676629 -2.471948122752484449e-05 -25.39052023613407627 -1.912543870425051305e-05 1.669269862612193141e-05 0.9999999996777857447 0.4937181634064794489
0.4101178872624193228 0.9120325205464163698 -3.92337643462168349e-06 107.7023222082013945 -0.9120325202482538751 0.4101178870092097584 -2.769390128661921739e-05 -27.12865114597736849 -2.364869174089019981e-05 1.493601118327289054e-05 0.9999999996088275722 0.4936904577554528384
0.3629903608151928696 0.9317928943114787144 -8.25387751798529196e-06 108.3804613480553485 -0.9317928940017130568 0.3629903604245287019 -3.047976100399837408e-05 -28.9738652222046511 -2.540474674868439226e-05 1.8754763863621404e-05 0.9999999995014288157 0.4936607969931444684
0.3295307562288946612 0.9441448406230902313 -2.502489557753437641e-05 108.9860738069599932 -0.9441448404297930752 0.3295307550460578327 -4.208097499773867688e-05 -30.89181517192837845 -3.14840626978905657e-05 3.749410155567746596e-05 0.9999999988014731667 0.4936254873386178854
0.3090427789930672575 0.951048137422561668 -3.25507438447633098e-05 109.5547534972139658 -0.9510481373777777137 0.3090427773988821403 -4.615275913415678905e-05 -32.84222250291934841 -3.383392332726671477e-05 4.522050124484079707e-05 0.9999999984051857194 0.4935753145315225354
0.298195847194574204 0.9545047070728631677 -2.989800659814102028e-05 110.1100168323971644 -0.9545047070163570346 0.2981958458457034666 -4.249960932066217096e-05 -34.83230599765671087 -3.16506157786966864e-05 4.121099503514498463e-05 0.9999999986499461535 0.4935197038211374121
0.2977224548123353909 0.9546524707057046921 -8.845533484306763327e-06 110.6922174406301735 -0.9546524704207011158 0.2977224544557510177 -2.889166826358207304e-05 -36.8386376564271103 -2.494798855071988315e-05 1.7046108792039785e-05 0.9999999995435140399 0.4934790637542110781
0.3014352747427057611 0.9534866405904507403 3.685863383256956496e-05 111.3082863007536645 -0.9534866411253666296 0.301435275207270148 -7.643077307062272682e-06 -38.85100894480829936 -1.839806453836852115e-05 -3.284032186155249678e-05 0.9999999992915122871 0.4934422028147031902
0.3092734769510877002 0.9509731417756512872 8.841077657670505025e-06 111.9268057444158302 -0.9509731415245024078 0.3092734770731633276 -2.191636135337588e-05 -40.95022103665529301 -2.357618184077194166e-05 -1.629478116702001053e-06 0.9999999997207540403 0.4933544560690936165
0.319961214610792688 0.9474306414183587544 -2.913101917785623581e-05 112.5566301857141696 -0.9474306414305160295 0.3199612133799247249 -4.016515715892873291e-05 -43.07515151801645459 -2.8732904366612297e-05 4.045091265480521878e-05 0.9999999987690717518 0.4932815086517726155
0.3371494250681345561 0.9414511476236845366 -4.262049459642115317e-05 113.2176247042924189 -0.9414511481416810712 0.3371494231680119413 -4.606973446178995219e-05 -45.17524025235891827 -2.900292921145179969e-05 5.565749805900111147e-05 0.9999999980305365188 0.4932079702221158768
0.3573472698691722016 0.933971586912115348 -5.966696533847217095e-05 113.9177255518865337 -0.9339715883959474052 0.3573472670578005661 -5.289333211001718415e-05 -47.26286865632723533 -2.807904233052675543e-05 7.462853821573687532e-05 0.9999999968210742107 0.4931572209730476497
0.3767160535588370829 0.9263287823525513387 -4.448064604619711068e-05 114.6816492843114474 -0.9263287830646191878 0.3767160516487829125 -4.580836305718165487e-05 -49.34440535459089006 -2.567703181901226364e-05 5.846044847279373833e-05 0.9999999979615329382 0.4931239364007306003
0.3973998246455439087 0.917645561937452392 -4.506019596953459154e-05 115.4900575707086006 -0.9176455627113074831 0.3973998227006456108 -4.643249266248987005e-05 -51.42624372302272917 -2.470165693227776435e-05 5.980155332827433222e-05 0.9999999979068013856 0.493068379070284335
0.4184586266769418361 0.9082358596574500176 -3.153051631507168177e-05 116.3553164233788948 -0.9082358599138278255 0.4184586254120247761 -3.983843961538350502e-05 -53.49178919974664836 -2.298848293575293249e-05 4.530788432935176996e-05 0.9999999987093626252 0.4930205954666742052
0.4384015488885064094 0.8987792172083767239 -2.546937459027190349e-05 117.2335288366473662 -0.898779217346403092 0.4384015479727446096 -3.469180751588025091e-05 -55.45732810272856739 -2.001446235639364141e-05 3.810028670925078026e-05 0.9999999990738948075 0.4929883171460358038
0.4579046157706334608 0.889001328347224451 -3.24815602564281267e-05 118.1387254227558259 -0.8890013287165414724 0.457904614529233811 -3.918278254429371344e-05 -57.39421758124111506 -1.996008940168974793e-05 4.68181272125201044e-05 0.9999999987048289185 0.4929220075314861838
0.4792408073306760885 0.8776834555529339221 -2.097463926748473846e-05 119.124713977821969 -0.8776834555893001655 0.4792408065487940849 -3.354875827955210253e-05 -59.31931370741403953 -1.939328705668799907e-05 3.448702787485929163e-05 0.9999999992172725616 0.4929130401689012508
0.5039226046369945644 0.8637488105298796182 -2.909154771507563541e-05 120.1279608381904183 -0.8637488108126829545 0.5039226034927852815 -3.887109418406641041e-05 -61.20502108597553814 -1.891497290126677728e-05 4.471581276992167916e-05 0.9999999988213599256 0.4928391343053681872
0.5231564834326868363 0.852236641648127069 -2.183802681019062351e-05 121.2030715597430657 -0.8522366417337737809 0.5231564825947971897 -3.475071061649527158e-05 -63.06417805932584741 -1.819112361785764183e-05 3.679122619372158381e-05 0.9999999991577442904 0.4928241826653695368
0.5400847552173596577 0.8416106325174613767 -2.043516851158772e-05 122.2892612639819703 -0.8416106325982818381 0.5400847544667026767 -3.305138746229124093e-05 -64.86284034088151884 -1.677967613965207941e-05 3.50490056054554946e-05 0.9999999992450048225 0.4927739694094075418
0.5572633667055815199 0.830335799244309225 -2.497012986977722795e-05 123.3570355917362207 -0.8303357994937691222 0.5572633658451630057 -3.417888504892667418e-05 -66.5701966286783744 -1.446501321755700419e-05 3.978023330149266939e-05 0.9999999991041481628 0.49272930790317232
0.5685718886868151856 0.8226335798867062676 -2.530064480618651133e-05 124.4683935240490626 -0.8226335801510028523 0.568571887795999209 -3.490372671534751358e-05 -68.28082072718278539 -1.432774227932408476e-05 4.065843783779567156e-05 0.9999999990708036135 0.4926966113974835526
0.5799556693095676563 0.8146480347643185738 -3.305386478969086345e-05 125.5916296921607369 -0.8146480352164061634 0.5799556677369380742 -4.669137399906154215e-05 -69.99934944813855964 -1.886725984338965113e-05 5.400619306583949041e-05 0.9999999983636788103 0.4926627728883236079
0.5892731328948875857 0.8079338919740367553 -3.240621145149735147e-05 126.7315838496571274 -0.8079338924090158081 0.589273131338936218 -4.670176580248620206e-05 -71.69501660490243466 -1.863582971000711416e-05 5.370217240239223661e-05 0.9999999983843912421 0.4926329761117114736
0.6024537429882012018 0.7981537989998915839 -2.652884621818641221e-05 127.8903648730800313 -0.7981537992776248647 0.6024537418602410321 -4.024325743261001313e-05 -73.33877029208736076 -1.613790613258700898e-05 4.541880046981099117e-05 0.9999999988383502236 0.4926106671270646942
0.6189039567103888917 0.7854666712932312223 -2.565129781921864649e-05 129.0540499287994294 -0.7854666716138160032 0.6189039557863467156 -3.602996685539840653e-05 -74.92045981741259197 -1.242464844134712795e-05 4.244732856758665345e-05 0.9999999990219262669 0.4925793210525122312
0.6398740065850634373 0.7684798338347592628 -2.623569539538385981e-05 130.2564634098231409 -0.7684798341934309107 0.6398740056178517932 -3.70787698910511455e-05 -76.47624553142480863 -1.170674742185816385e-05 4.388734389682645673e-05 0.9999999989684265067 0.4925562595100320129
0.6630840058344439347 0.7485449890377758875 -2.439704858712149894e-05 131.4798393267721792 -0.7485449893742608385 0.6630840050117082773 -3.438827802058286391e-05 -77.95176052579658688 -9.563880506331430694e-06 4.106460561904684006e-05 0.9999999991111151454 0.4925363533553303585
0.6924100510155762889 0.7215042068734995873 -2.680824678422349697e-05 132.7244092581744042 -0.7215042073106776588 0.6924100499965738509 -3.871647994879525204e-05 -79.35987431063351494 -9.371803662204590372e-06 4.61499427019290527e-05 0.9999999988911760784 0.4925060370204253357
0.7293136617426623225 0.6841794955622834129 -2.549277987791048657e-05 133.9981996162807434 -0.6841794959988898306 0.7293136608011362432 -3.775954625355120402e-05 -80.66174731490518468 -7.24207469165892839e-06 4.498019023239829459e-05 0.9999999989621674024 0.4925000607612293191
0.7739370333625467113 0.6332625584039452971 -2.271349261147407065e-05 135.2995867588652175 -0.6332625588063799382 0.7739370327175963959 -3.169402570668693355e-05 -81.81613589189851155 -2.491826730759687535e-06 3.89127846813214551e-05 0.9999999992397929915 0.4925098866245524176
0.8228393974663437138 0.5682739880513333341 -2.199296114208907995e-05 136.6039769672443924 -0.5682739884750147574 0.8228393969473776215 -2.92610278447029667e-05 -82.80200623796373804 1.468393895453219142e-06 3.657515426757226932e-05 0.9999999993300510148 0.492505236897073706
0.8693161222029581747 0.494256491299659817 -2.209963078126787235e-05 137.9429313499980765 -0.4942564917871011265 0.8693161215538712794 -3.36908747307796693e-05 -83.64806037981377074 2.559631785292805758e-06 4.02109065543267003e-05 0.9999999991882656536 0.4925034411904659626
0.9099869899936038342 0.4146368019705984342 -2.227573312063293933e-05 139.2327823809974063 -0.4146368024935440655 0.9099869895395521491 -2.981452029528822349e-05 -84.29554507574118816 7.908429974705447209e-06 3.636716433595132009e-05 0.9999999993074429883 0.4925133217509850558
0.9471411881080381567 0.3208170339515173386 -2.27613224222656451e-05 140.5301426471753814 -0.3208170345990151162 0.9471411874923599816 -3.562147153576942523e-05 -84.80416829817420421 1.013021110482720354e-05 4.104078283560865398e-05 0.9999999991065164906 0.4925158686696349264
0.977540717030483175 0.2107466394683936151 -2.241741264026436405e-05 141.7864119517413428 -0.2107466401952545476 0.9775407164106805213 -3.752250507064867251e-05 -85.13217975180123176 1.400619176436290282e-05 4.140417090734818851e-05 0.9999999990447605569 0.4925287048617679186
0.9961688127273425897 0.08745110565183396301 -2.592105951855202132e-05 142.890931302514673 -0.08745110658797594638 0.9961688122766814146 -3.749716383108380764e-05 -85.27390731359668052 2.254258263771290229e-05 3.962033051308356656e-05 0.999999998961030645 0.4925342890570857945
0.9987919342482597385 -0.04913930533594745853 -2.745821035513020965e-05 143.9619051615652836 0.0491393047201071978 0.9987919343987062826 -2.26704170626269383e-05 -85.24111971652463637 2.853904758186076967e-05 2.129375234248638609e-05 0.9999999993660494413 0.4925984564600662252
0.9799644503635404069 -0.1991724764570705075 -2.545338294217356495e-05 145.0168263415727381 0.199172476225742745 0.9799644506754268125 -1.134670885469091913e-05 -85.04338851350752293 2.720336253498455311e-05 6.049757997307516235e-06 0.999999999611688728 0.492639540587502478
0.9320239667010424833 -0.3623966404600435509 -2.191713417441430272e-05 146.0481937535771806 0.3623966402240045848 0.9320239669444373432 -1.406202827813180477e-05 -84.68012477204329969 2.55233261433402088e-05 5.16345158750017679e-06 0.9999999996609493236 0.4926467508794925565
0.8513365585720490403 -0.5246199228775785262 -2.368241157732516706e-05 146.9717333823224124 0.5246199228589909502 0.8513365588799602923 -7.489134264522720757e-06 -84.12324926944998538 2.409065181849268257e-05 -6.048491143368420729e-06 0.9999999996915281963 0.4926774692889511753
0.7360534355721728428 -0.6769234369291855513 -2.281694632985321105e-05 147.8034195414779788 0.6769234368928820356 0.7360534358850021608 -1.045200484972823674e-05 -83.39123063065521535 2.386969878817070062e-05 -7.752091650745183016e-06 0.9999999996850712503 0.4926901763496798203
0.5905655444400330634 -0.8069896759807160258 -2.414578692077086193e-05 148.3985264446128269 0.8069896757474279703 0.5905655448891193871 -2.07149975867348157e-05 -82.59479629970120129 3.097645900010206253e-05 -7.251836929975353557e-06 0.9999999994939349213 0.4927086245696314371
0.4205146509872252913 -0.9072857474808064815 -2.693546706670649709e-05 148.7945944497778044 0.9072857472224106212 0.4205146516276959123 -2.560747138757163343e-05 -81.73865187400008381 3.456005236895165136e-05 -1.366984847119139994e-05 0.9999999993093691142 0.4927427204463524224
0.2326210465592875309 -0.9725674517261241325 -2.329910272693681185e-05 149.0162534013155948 0.9725674514903362988 0.2326210471489004727 -2.69661711361154876e-05 -80.85356658354226056 3.164628201863224437e-05 -1.638705000976844228e-05 0.9999999993649887342 0.4927684324351392919
0.02960166336860648936 -0.9995617744514581071 -2.415568673096647027e-05 149.0468281499796035 0.9995617744186394704 0.02960166396631430663 -2.477335561193836245e-05 -79.93384876600735822 2.547754781607172446e-05 -2.341176855777025472e-05 0.999999999401391837 0.4928036608621341741
-0.1750731085565028211 -0.9845554357307892968 -2.521014884409282717e-05 148.8889856505565774 0.9845554359027008928 -0.1750731080240550963 -2.198802702809350863e-05 -78.98995484967832681 1.723481241962060578e-05 -2.867030132720051473e-05 0.9999999994404875636 0.4928261319621937697
-0.3719398312443844001 -0.928256840119497717 -2.659881024173911117e-05 148.5344006928142448 0.9282568404357602887 -0.3719398307270628257 -2.247611798019709381e-05 -78.07384069091426682 1.097045327559707464e-05 -3.305029108293048158e-05 0.9999999993936636855 0.4928477832319296259
-0.552934288233957294 -0.8332248628409834046 -2.900110735454107134e-05 147.9886651643100208 0.8332248633243065639 -0.5529342876354984559 -2.640922746514727057e-05 -77.25933488538696281 5.969118296659891642e-06 -3.876701110299091233e-05 0.9999999992307442298 0.4928608472178364064
-0.7016560199253489838 -0.7125158445522929984 -3.109153809858980629e-05 147.2561947228461179 0.7125158452305743184 -0.7016560192776897242 -3.014928611990799778e-05 -76.52298640439326505 -3.337207931021781845e-07 -4.330764165032052689e-05 0.9999999990621681878 0.4928724394758101646
-0.8086390557322939987 -0.5883050879828969348 -3.162360428206081696e-05 146.3606412594566564 0.5883050887929415218 -0.8086390551352268252 -3.182089404067833289e-05 -75.88236600905754869 -6.851687618320256123e-06 -4.433594503472215048e-05 0.9999999989936887435 0.4928681000734003725
-0.8769156161464461974 -0.4806443604951955995 -2.974720142900832165e-05 145.3522684924677151 0.4806443612833582457 -0.8769156156779792655 -3.080350922122423188e-05 -75.34333145944853527 -1.128025246517251188e-05 -4.130990289901568564e-05 0.9999999990831236474 0.4928555750024711246
-0.919108456410014929 -0.3940046251917239672 -2.617941105414463182e-05 144.2944793668178818 0.3940046257682539577 -0.9191084562605371655 -2.249051710854383399e-05 -74.8891795483673377 -1.520035031606504277e-05 -3.09860335187183027e-05 0.9999999994044074247 0.4928092038611418535
