1633462520781466 0.9999806747146978 0.006216928271891147 0.0 0.0 -0.006216928271891148 0.9999806747146978 0.0 0.0 0.0 0.0 1.0 0.49
1633462521030770 0.9999825181640403 0.005912982671067837 5.956155867950194e-08 -0.0013567944874139154 -0.005912982671161409 0.9999825181625683 1.7163364422823832e-06 -0.0003290587140765449 -4.941184979378222e-08 -1.7166586240384028e-06 0.9999999999985254 0.4949949072201590
1633462521279754 0.9999806656026418 0.006218393570818397 -2.5095915032981076e-07 -0.004952451824096235 -0.006218393571279274 0.9999806656009046 -1.8793186845155737e-06 0.0009586227858930628 2.3926795499406875e-07 1.8808429117883795e-06 0.9999999999982025 0.495005600012992
1633462521528835 0.9999812235801442 0.006128008234644031 -3.3408281581418513e-08 -0.0035565644941921624 -0.006128008234605787 0.9999812235795978 1.04585339984147e-06 0.00010233630052958885 3.981665254032432e-08 -1.0456290362366153e-06 0.9999999999994524 0.4949970214253180
1633462521777948 0.9999804117038431 0.006259089900278725 -1.0568587670810324e-08 -0.003955260269216333 -0.006259089900259478 0.9999804117029797 1.3140140221399663e-06 -0.0005493193058683616 1.8792912544295567e-08 -1.31392213310674e-06 0.9999999999991367 0.494996494089614
1633462522027078 0.9999817313261243 0.006044585321959979 2.434000646570459e-07 -0.007502417539752321 -0.006044585322498083 0.999981731323565 2.2741151565558335e-06 -0.0032984648726418803 -2.2964953496581426e-07 -2.27554486395098e-06 0.9999999999973845 0.49499487797778
1633462522276001 0.9999807506398531 0.006204703661099186 -3.5427128755658664e-08 -0.0068780941842459566 -0.0062047036610837015 0.9999807506397643 4.2283776076438045e-07 -0.0025772088904976185 3.8050029810409776e-08 -4.2260980657331466e-07 0.9999999999999101 0.4949984811633701
1633462522524960 0.9999802503063715 0.0062848225874017815 -1.3604445325920465e-07 -0.006529912691021603 -0.00628482258755505 0.9999802503057106 -1.1567856595127216e-06 6.133677421034098e-06 1.287715737797712e-07 1.1576178286058782e-06 0.9999999999993217 0.495002530021821
1633462522774049 0.9999807388201774 0.0062066082858893085 6.91080009828524e-08 -0.005994230842437922 -0.006206608285920362 0.9999807388200748 4.579322883109296e-07 -0.0008537346796751166 -6.626446354926691e-08 -4.583523942869035e-07 0.9999999999998928 0.4949968464693732
1633462523023470 0.9999806453754286 0.006221645465302043 -1.1161311728034306e-07 -0.006203014282030807 -0.006221645465265323 0.9999806453753819 3.2676195178843513e-07 0.00022431514259082407 1.1364395405938212e-07 -3.260612101916425e-07 0.9999999999999405 0.494998372579073
1633462523272401 0.9999782575941146 0.006594265437253035 -3.855646260446407e-07 -0.002896030254237106 -0.006594265437771955 0.9999782575932601 -1.3603386302304295e-06 0.0034864845887151576 3.765858089301409e-07 1.3628515686864215e-06 0.9999999999990004 0.495002400370489
1633462523521517 0.9999808923399112 0.0061818243898437075 2.3512451761378483e-07 0.00110561359286825 -0.006181824389946157 0.9999808923398427 4.373365303625591e-07 0.004113178271532627 -2.3241648730437602e-07 -4.387816723637417e-07 0.9999999999998768 0.4949971829619854
1633462523770570 0.9999803053719689 0.0062760549387064855 5.977280526766774e-07 0.0011031916743108575 -0.006276054940370947 0.9999803053681477 2.824641158786095e-06 0.0018257232409172428 -5.799886775525515e-07 -2.8283369026328106e-06 0.999999999995832 0.494993299824185
1633462524019731 0.9999812366855245 0.006125869286150655 3.808043847915163e-07 -0.0034885716078550087 -0.006125869286993619 0.9999812366830534 2.2532384884841904e-06 -0.000785328842278252 -3.66994195189691e-07 -2.2555289681517492e-06 0.999999999997389 0.494997983387681
1633462524268740 0.9999787552243455 0.006518366183787869 -1.7192794309854226e-07 -0.011489726258277167 -0.006518366183894629 0.9999787552241626 -6.276196951799891e-07 0.00011717361638368331 1.6783323553083253e-07 6.287270508321681e-07 0.9999999999997882 0.4950016666810271
1633462524517792 0.9999675417830999 0.0080570079816316 -6.443745066897737e-07 -0.05098695498457175 -0.00805700798476385 0.9999675417707033 -5.015686932787025e-06 0.010096771393014656 6.0394216178486e-07 5.020715863089439e-06 0.9999999999872138 0.4950118254660403
1633462524766683 0.9999539572990022 0.009596003302722233 6.68411847539436e-07 -0.09996321410984418 -0.009596003303863107 0.9999539572977265 1.725010560460831e-06 0.012683179890130151 -6.518278650177827e-07 -1.7313452186165745e-06 0.9999999999982887 0.4949906602902721
1633462525016031 0.9998574958289822 0.01688158854607236 7.247379656320034e-07 -0.14283954804060547 -0.016881588549039366 0.9998574958199308 4.30409880461163e-06 0.01691703065162557 -6.519746623627827e-07 -4.3157201807308064e-06 0.9999999999904747 0.4949880840569787
1633462525265348 0.9995906837189358 0.028608827564300766 2.339601356845096e-06 -0.2261136783136824 -0.028608827579214603 0.9995906836993856 6.61095381139856e-06 0.020694683328321705 -2.1495120822517284e-06 -6.675181092207179e-06 0.9999999999754108 0.4949868103957939
1633462525514580 0.9990984686858857 0.042452913111919066 5.966349260774953e-06 -0.36125377831174416 -0.0424529132325179 0.9990984684608208 2.179636462527778e-05 0.00464925733842456 -5.035651235161204e-06 -2.203000342756601e-05 0.9999999997446605 0.494972031761957
1633462525763721 0.9981633473772289 0.0605799624646538 9.911289176389938e-06 -0.5095440399896288 -0.060579962749326234 0.998163346911647 3.151501933646621e-05 -0.030294759320305082 -7.983906888056474e-06 -3.2057562722720277e-05 0.999999999454285 0.4949431471231373
1633462526012861 0.9959291513801763 0.09013947749064412 5.1616348278135905e-06 -0.6623453558693126 -0.09013947751503296 0.9959291513802317 4.704807337865909e-06 -0.019426336659032265 -4.716533718680185e-06 -5.15092184592204e-06 0.9999999999756111 0.495017222423688
1633462526262147 0.9913702234832913 0.1310918753981341 1.3894470205625552e-05 -1.0069205743741945 -0.13109187567692143 0.9913702233101057 2.1525443130071765e-05 -0.04111754086849503 -1.0952753321854095e-05 -2.3161135527280388e-05 0.9999999996717994 0.494980085976570
1633462526511316 0.9838626778816538 0.1789252093963915 2.2622234084713975e-05 -1.417838735573115 -0.1789252106712283 0.9838626744313904 8.273291766687381e-05 -0.1291118302660981 -7.454167110696506e-06 -8.544551792434495e-05 0.9999999963217494 0.4948672473217949
1633462526760577 0.9746662872262348 0.22366409737123258 9.460752055235972e-06 -1.8607889952639287 -0.22366409754245217 0.9746662855488607 5.729462821226562e-05 -0.15460815969560796 3.5936752391491605e-06 -5.7959173128293086e-05 0.9999999983139098 0.4949120914841159
1633462527009752 0.9637857632913253 0.2666777127382353 -1.851542302334807e-06 -2.38583335272817 -0.2666777126851829 0.9637857631997723 1.4429090561020912e-05 -0.13963133213398257 5.632406978670905e-06 -1.341278699385664e-05 0.9999999998941866 0.4949574160484867
1633462527258590 0.9510414613652108 0.30906332478755416 -5.775281069845605e-06 -3.0346664385776383 -0.3090633247936637 0.9510414613807447 -1.7477678788089237e-07 -0.0988395072706937 5.438514653404502e-06 1.9511475408277087e-06 0.9999999999833078 0.494980990800338
1633462527507358 0.9416938780012891 0.33647086071948984 -4.398380593333073e-06 -3.8548096973459898 -0.33647086069673193 0.9416938780054052 5.187355297522451e-06 -0.08904105968059667 5.887321979707868e-06 -3.4049738227914694e-06 0.9999999999768727 0.49497550296759
1633462527756195 0.9370327361884087 0.34924153720393675 -6.801154824171365e-07 -4.692604952581532 -0.3492415371940494 0.9370327361734629 5.9479423777579345e-06 -0.10041082472353331 2.714559010617945e-06 -5.335892144384588e-06 0.9999999999820797 0.4949879162761645
1633462528004926 0.9356006072998369 0.35306019826973034 3.9601041993261594e-06 -5.520104750728419 -0.3530601982917425 0.9356006072523118 9.437600136945987e-06 -0.1489749325548698 -3.730349181322355e-07 -1.0227979593472583e-05 0.9999999999476246 0.495003527235998
1633462528253991 0.9425147953545158 0.3341644213539744 6.0634883204377335e-06 -6.41073967126168 -0.33416442140244085 0.9425147952944629 1.0843225629810777e-05 -0.34122749468549923 -2.091507234916105e-06 -1.2246102651770824e-05 0.9999999999228293 0.495013076075596
1633462528502838 0.9526134092382708 0.304183649316925 5.044182890403782e-06 -7.440816733458743 -0.3041836493200425 0.9526134092506174 -1.5580096271105393e-07 -0.6007397952029546 -4.852548365526554e-06 -1.3859398731930554e-06 0.999999999987266 0.4950325982814371
1633462528751838 0.959130441225673 0.28296430288604557 -2.0561181658885747e-06 -8.445670404349617 -0.28296430265814976 0.9591304401061871 -4.7756317156673315e-05 -0.7624196748323787 -1.1541247471309688e-05 4.638634558889024e-05 0.9999999988575532 0.4949455510647758
1633462529000848 0.9641209131519937 0.26546349041503375 8.797737711348225e-06 -9.573923506233628 -0.26546349049009244 0.9641209131306768 8.868686739598899e-06 -0.992618891060213 -6.127770378471471e-06 -1.0885964519136192e-05 0.9999999999219731 0.495033980922018
1633462529249958 0.971973932265322 0.23508865341794233 5.347232584859467e-06 -10.689277768462452 -0.2350886534461 0.9719739322579947 5.4403954624018175e-06 -1.33605661546673 -3.91839543889556e-06 -6.544996278721445e-06 0.9999999999709046 0.4950150386865177
1633462529499151 0.9791162484550404 0.20330118545762418 -7.872292051152138e-07 -11.799882538328596 -0.2033011854148704 0.9791162481536367 -2.466215418057071e-05 -1.6937118379017515 -4.243056275108815e-06 2.4307160510747583e-05 0.9999999996955793 0.4949247946501223
1633462529748053 0.9821291268901288 0.18820833695640107 3.4505772388114837e-06 -13.041441997926762 -0.188208336971924 0.9821291268808778 4.922816877957726e-06 -1.931794026886425 -2.4623972330531233e-06 -5.48426924591074e-06 0.9999999999819298 0.494994308306955
1633462529997241 0.9850079165772225 0.17250914259153688 5.469664779351875e-07 -14.322045540729237 -0.17250914256522762 0.9850079164733768 -1.4627166786635939e-05 -2.1514553681050437 -3.062086311724537e-06 1.4313518363843252e-05 0.9999999998928735 0.4949489130330898
1633462530246262 0.9900540013793392 0.14068786132947217 5.006610781893756e-06 -15.683255054264812 -0.14068786127314373 0.9900540013471149 -1.0233414699745831e-05 -2.6524449261644167 -6.396532266020628e-06 9.427263808146861e-06 0.9999999999351055 0.4950048794295562
1633462530495553 0.9917102127152139 0.12849456785171595 5.168489429819737e-06 -17.046506219195916 -0.128494567865365 0.9917102127240088 2.4002618439632843e-06 -2.8771548249672567 -4.817223143548052e-06 -3.044486999657233e-06 0.9999999999837628 0.4950049851454141
1633462530744309 0.9918524867715139 0.1273916970369488 2.996182381991193e-06 -18.477448992184762 -0.12739169702506722 0.991852486770017 -3.869624659265042e-06 -2.9213838251090296 -3.4647289986420095e-06 3.456408082933658e-06 0.9999999999880245 0.494974315779535
1633462530993414 0.9927596053228971 0.12011813365675897 1.9259198879388783e-06 -19.997452994273402 -0.120118133603253 0.9927596051687069 -1.7964164565490578e-05 -3.069753891900884 -4.06979738785547e-06 1.7602759021622703e-05 0.9999999998367899 0.4949427523530502
1633462531242369 0.9939092008235054 0.11020208938282379 3.4362794601489864e-06 -21.622599954688628 -0.11020208929605207 0.9939092006482317 -1.9476791744770885e-05 -3.2841063945447213 -5.561732916200907e-06 1.8979477341779933e-05 0.9999999998044233 0.494961621062558
1633462531490829 0.9944222669914188 0.10547205743490098 3.1406504359144175e-06 -23.268510346022463 -0.10547205739279324 0.994422266935047 -1.1439440760149183e-05 -3.4104118540352477 -4.329674079019816e-06 1.1044383750818787e-05 0.9999999999296378 0.4949687372197839
1633462531739808 0.994899310629878 0.10087299786725641 2.6894378580562976e-06 -24.95252062640224 -0.10087299783057976 0.9948993105719678 -1.1395709580148239e-05 -3.5376283881368247 -3.825239258989069e-06 1.10662919462313e-05 0.9999999999314524 0.4949636962578418
1633462531989181 0.9952813702946645 0.09703089162555192 3.534471315100409e-06 -26.672191077058713 -0.09703089160408102 0.9952813702860741 -5.8102390146186484e-06 -3.658778263794128 -4.081566125885081e-06 5.439869745168078e-06 0.9999999999768743 0.495006071463479
1633462532238300 0.9949688054519 0.10018520933008891 2.6215015288838787e-06 -28.436236171032544 -0.10018520929224654 0.9949688053878306 -1.1914237596737684e-05 -3.5883392852172515 -3.8019426321620307e-06 1.159165907019092e-05 0.9999999999255893 0.494970864697785
1633462532487494 0.9949124060387295 0.10074375566581033 1.5299476598963698e-06 -30.187671229800877 -0.1007437556627576 0.9949124060382916 -1.9563378154071254e-06 -3.601240729543454 -1.7192527262991507e-06 1.7922520897298499e-06 0.999999999996916 0.4949660181180101
1633462532736686 0.9952083657617455 0.09777683117820025 5.936101202361045e-07 -31.898445060666596 -0.09777683117402315 0.9952083657496877 -5.0169435666987175e-06 -3.7179961490059106 -1.0813066018067208e-06 4.934862891634636e-06 0.9999999999872389 0.494932259505961
1633462532985774 0.996162312906838 0.08752511831305486 2.4803488648424594e-06 -33.619145348134445 -0.08752511829122035 0.9961623128808869 -7.853482237404518e-06 -4.084691517217624 -3.158207023958297e-06 7.6062502022038104e-06 0.9999999999660854 0.494977397423332
1633462533234886 0.9973470910720719 0.07279271886771285 2.7730299586520604e-06 -35.24680515620333 -0.07279271883279458 0.9973470910166603 -1.1104146643981547e-05 -4.617538666499539 -3.5739743874928617e-06 1.087283196414191e-05 0.9999999999345042 0.494978469306311
1633462533483805 0.9985263748525347 0.054268579457745214 2.293670947562574e-06 -36.848296516990175 -0.05426857940996166 0.9985263747069156 -1.7356733453740604e-05 -5.306975480824221 -3.2322162046086792e-06 1.7206681870925616e-05 0.9999999998467415 0.494932160904034
1633462533733070 0.9994126987113736 0.034267442698059626 4.811618336148727e-06 -38.472775944424704 -0.034267442664179075 0.9994126986999129 -6.955657787093197e-06 -6.0915380095354 -5.047145071102183e-06 6.786690864870858e-06 0.9999999999642335 0.49506685732711
1633462533982213 0.9998280454944085 0.018543986223243266 3.94339364281845e-06 -40.04394125391478 -0.018543986182923626 0.9998280454526586 -1.002652659580509e-05 -6.731712538037666 -4.12864732941835e-06 9.951676252177507e-06 0.9999999999419591 0.495016813385270
1633462534231041 0.9999602968848023 0.00891092851075509 2.2138670987225754e-06 -41.6358003174751 -0.008910928445756736 0.999960296501015 -2.7813736290096004e-05 -7.131745255195278 -2.4616254161560846e-06 2.779290438687692e-05 0.9999999996107474 0.4948377123025925
1633462534479932 0.9999497974737876 0.010020105901343165 2.7611714724126437e-06 -43.383380809591245 -0.01002010587348869 0.9999497974286378 -9.923582546814877e-06 -7.120759191284856 -2.8604682025509513e-06 9.895417127435614e-06 0.9999999999469493 0.4949704413236139
1633462534729144 0.9999052152193494 0.013768099693983798 2.393813818283242e-06 -45.14433530520067 -0.013768099708488763 0.9999052152030878 6.152289110093315e-06 -7.0009271812319565 -2.308881591317768e-06 -6.184664234067023e-06 0.9999999999782094 0.495053678795419
1633462534978223 0.9998346846781607 0.018182499887852577 3.1809629796046928e-06 -46.98027107826267 -0.01818249993336866 0.9998346845710934 1.491852002731315e-05 -6.85561358878142 -2.909181128628435e-06 -1.497389162657159e-05 0.9999999998836595 0.495143099265956
1633462535227204 0.9997388163884788 0.022853861526445224 4.154579498168944e-06 -48.90131184959521 -0.022853861475685855 0.999738816327685 -1.1880090357510424e-05 -6.657384792193243 -4.425000329800738e-06 1.1782039288291094e-05 0.9999999999208014 0.495050191309392
1633462535476263 0.9996535856732282 0.026319358451133867 4.375588011436581e-06 -50.867884741241596 -0.02631935847152725 0.9996535856713576 4.670345359459949e-06 -6.537289266064686 -4.251151751456465e-06 -4.783890154323854e-06 0.999999999979521 0.495150817906562
1633462535725245 0.9995309207767145 0.030625780018236584 2.7008988225496892e-06 -52.85849540564587 -0.030625780093639504 0.9995309201746214 3.473179988415155e-05 -6.396094023098306 -1.63594342251584e-06 -3.4798225051910865e-05 0.9999999993932036 0.495180720520983
1633462535974272 0.9994530775074744 0.03306880491489473 -3.256174773338815e-07 -54.79389191078869 -0.03306880489863992 0.999453077242895 2.302282357429361e-05 -6.322249537347929 1.086776651096233e-06 -2.2999464093461196e-05 0.9999999997349218 0.494980813809523
1633462536223145 0.9993714807504199 0.03544916683504566 5.584047238476074e-06 -56.840020758440154 -0.035449166906187365 0.9993714806762853 1.3202781544386164e-05 -6.265428056494933 -5.112509951239984e-06 -1.3392433164636184e-05 0.9999999998972524 0.495273027205343
1633462536471989 0.9993803700316495 0.03519766905867104 9.27399101574266e-06 -59.01516432986471 -0.03519766923497064 0.9993803698765247 1.9587074047898676e-05 -6.3616965036630715 -8.578825221397975e-06 -1.9901360178130944e-05 0.9999999997651698 0.495532846402097
1633462536721355 0.9993397992588777 0.03633133073765655 4.671592784925632e-06 -61.15938017062981 -0.03633133064942717 0.9993397991152471 -1.7756874750852564e-05 -6.342311620339598 -5.313639484688045e-06 1.7575426466892674e-05 0.9999999998314348 0.4950733607493588
1633462536970208 0.9993055348356998 0.037261884493289564 2.9175208134318835e-06 -63.326324570990025 -0.03726188445595202 0.9993055347699162 -1.1948649452792756e-05 -6.360255442732806 -3.3607238924372106e-06 1.1831639208565833e-05 0.999999999924359 0.494987440763451
1633462537219522 0.9992991183824379 0.03743356775761381 1.6689619892584394e-06 -65.49003342142846 -0.037433567714128174 0.9992991181625748 -2.1105902157105648e-05 -6.392001973100183 -2.4578614626019202e-06 2.102863421667141e-05 0.9999999997758777 0.494844961246067
1633462537468574 0.999247377724702 0.038790180561572254 -2.721791237176273e-07 -67.6165629155701 -0.038790180546596956 0.9992473770886421 -3.567069932944457e-05 -6.334987724594455 -1.1116985922761754e-06 3.56544106439834e-05 0.9999999993637636 0.494659895855895
1633462537717819 0.9991885796861931 0.04027632334239245 6.885622589210021e-07 -69.75324511735087 -0.04027632330548562 0.999188579266637 -2.9015150702031057e-05 -6.27028538584779 -1.856627136735346e-06 2.8963874463251675e-05 0.9999999995788234 0.494752413942217
1633462537966938 0.999153042715045 0.041148477842060965 1.521797037150776e-06 -71.89839798105719 -0.04114847780244415 0.9991530425088522 -2.0435568360179257e-05 -6.249527285954451 -2.3614006716142424e-06 2.035564067512683e-05 0.9999999997900357 0.4948472315280653
1633462538215734 0.9990341589927587 0.04394029084043768 2.0630420976682723e-06 -74.039035623482 -0.04394029081360597 0.9990341589284492 -1.1623646345819111e-05 -6.087171916167751 -2.5717959279454152e-06 1.1521769081818123e-05 0.9999999999303175 0.494935665046505
1633462538465060 0.9986835650155372 0.051294609297243755 4.761017752311309e-06 -76.21492038889197 -0.05129460934605119 0.9986835649663259 1.0768163409488077e-05 -5.596478385212977 -4.202401446817041e-06 -1.0998202368176396e-05 0.9999999999306897 0.4952463112712837
1633462538714188 0.9978735931527329 0.06517892328952038 6.711177164088663e-06 -78.43634269379343 -0.0651789233898995 0.9978735930401774 1.601833224181476e-05 -4.583569658518909 -5.652848821855645e-06 -1.642169805272482e-05 0.9999999998491866 0.4954083555098800
1633462538963031 0.9962711315203127 0.08627764765398763 3.5067522033411103e-06 -80.6216556622987 -0.08627764766133893 0.9962711315238367 2.0017966430687124e-06 -2.9586005441445136 -3.3209656801581534e-06 -2.296886537704246e-06 0.9999999999918479 0.4951048253729840
1633462539212151 0.9933528464119779 0.1151091764650658 4.06486621516286e-06 -82.79347047429964 -0.11510917649541687 0.9933528463825048 8.251654406156562e-06 -0.663893037974977 -3.0880052818359947e-06 -8.664707794574343e-06 0.9999999999576936 0.4951391808543157
1633462539461722 0.9891016079104222 0.1472345381548767 1.0509114019976031e-06 -84.87978703604279 -0.14723453813302587 0.989101607846346 -1.1588546551096397e-05 1.9971353787524844 -2.745692456762992e-06 1.1307519572167622e-05 0.9999999999323006 0.4949422180853983
1633462539711156 0.9830653010475905 0.18325559711456516 -4.02190847846851e-07 -86.84506025789135 -0.1832555970597203 0.9830653006947327 -2.6721289434949465e-05 5.08059342626054 -4.501445984307603e-06 2.634247616676134e-05 0.9999999996429054 0.494945872567670
1633462539960395 0.9735970150345661 0.22827363473062182 -6.487833953267317e-07 -88.60419581575681 -0.22827363469135012 0.9735970148058711 -2.1532848253769146e-05 9.055525191173741 -4.283727960054638e-06 2.1112416928887682e-05 0.9999999997679578 0.49496163346607
1633462540210077 0.9595922272020272 0.28139430962813056 -3.576426053474317e-07 -90.06633267697933 -0.28139430959429584 0.9595922270653208 -1.6778986927238797e-05 13.901169398457371 -4.378320378500787e-06 1.6201624029752195e-05 0.9999999998591689 0.4950250047094290
1633462540459336 0.9406519330902583 0.33937286392679333 1.2056023616147803e-06 -91.14023574441859 -0.3393728638469618 0.9406519329351952 -1.8637582318150647e-05 19.372559425357466 -7.459141879802985e-06 1.712232910961359e-05 0.9999999998255935 0.495306521159744
1633462540708432 0.9175366624237751 0.3976511952727222 -2.0450781471933803e-06 -91.77933271270219 -0.39765119518459857 0.9175366620847148 -2.639067025835026e-05 25.065359840910308 -8.61784739542229e-06 2.5027635277506316e-05 0.9999999996496751 0.495328946490433
1633462540957528 0.8886396048931253 0.45860620643820116 -5.433167857367531e-06 -91.89091964719219 -0.4586062063943406 0.8886396044676669 -2.8738602576432783e-05 31.21458010905942 -8.35157337015408e-06 2.802994493853536e-05 0.9999999995722868 0.49526582944204
1633462541206723 0.8554940943202531 0.5178125670354423 -1.0498690876840347e-06 -91.60524108628914 -0.5178125670167701 0.8554940942681851 -1.046552801875359e-05 37.379678682502636 -4.521025124513822e-06 9.496832821333267e-06 0.9999999999446854 0.4951436952139653
1633462541456016 0.8184473854461315 0.574581480065441 4.4683044648352644e-06 -90.94482363686643 -0.5745814800824406 0.8184473854297295 5.222943555449795e-06 43.49023866384447 -6.560654681612737e-07 -6.8421094901699085e-06 0.9999999999763776 0.495005690890331
1633462541705282 0.776899133711308 0.6296250757684106 9.699314802673855e-08 -89.73734333180549 -0.6296250757681261 0.7768991337110868 -8.434708521933629e-07 49.66104258557243 -6.064242918999305e-07 5.942224562057648e-07 0.9999999999996396 0.4948772944086894
1633462541954474 0.7275590743470383 0.6860450373855703 -3.417524356763197e-06 -87.76596025976019 -0.6860450371319754 0.7275590739223422 -3.126687929095468e-05 56.27208620106749 -1.8964036516021774e-05 2.5093077378938636e-05 0.9999999995053512 0.496341949669745
1633462542203470 0.666442313667873 0.7455565991424582 -5.0903440891395465e-06 -84.6055578356228 -0.7455565990340693 0.6664423134145115 -2.2917966126932637e-05 63.56009070528481 -1.3694220194046481e-05 1.9068641997249563e-05 0.9999999997244275 0.4959009635132259
1633462542452602 0.5999046976517889 0.800071467887271 2.4062445941715023e-06 -80.78553126756879 -0.8000714678046156 0.5999046975402187 1.6489809085974546e-05 70.58322283484986 1.174950832514851e-05 -1.1817481578439384e-05 0.9999999998611482 0.4938764082304518
1633462542701926 0.5308252213276917 0.847481318006927 5.4236872042671694e-06 -76.55397953258421 -0.847481317785957 0.53082522101577 2.711279315752803e-05 77.08725404092723 2.00985557211104e-05 -1.898862800783031e-05 0.99999999961774 0.4931785455667629
1633462542950985 0.466419241594968 0.8845637857466967 3.635153171112886e-06 -72.51745424096416 -0.8845637854427224 0.4664192413177569 2.8453063866802323e-05 82.53413386929509 2.3473044506019313e-05 -1.648658131954766e-05 0.9999999995886046 0.4927579439620063
1633462543199526 0.4072743804659195 0.9133058518257792 5.88696524854067e-06 -68.81732371176622 -0.9133058516264276 0.4072743802191605 2.4490644452481103e-05 87.0811834970335 1.9969838770509006e-05 -1.5351011856443245e-05 0.9999999996827762 0.4931182279390690
1633462543448272 0.3607940543917421 0.9326455115558173 9.387407220893674e-06 -66.31707707595093 -0.9326455110613783 0.36079405382086494 3.77138534114694e-05 90.37889515868117 3.1786735401658464e-05 -2.236205728418146e-05 0.999999999244771 0.4920728818969553
1633462543697565 0.32789875125470636 0.9447128710385623 1.4746105147324084e-05 -65.13275576160788 -0.944712870464819 0.3278987503796046 4.330568523724813e-05 92.58425346536121 3.6076208782079703e-05 -2.8130715433490435e-05 0.9999999989535848 0.491805043494682
1633462543946283 0.30828817154433585 0.9512930164361642 1.2782849708494071e-05 -65.25120924621902 -0.9512930158890942 0.30828817082119836 4.0621644859606295e-05 93.83881897131626 3.470228571665704e-05 -2.4683408269796867e-05 0.9999999990932402 0.491883111073877
1633462544195108 0.2990969219565342 0.954222736693201 7.1855411933112125e-06 -66.39671615793281 -0.954222736137935 0.29909692150245243 3.7188113583956514e-05 94.38945403961905 3.333657026636659e-05 -1.7979457084484786e-05 0.999999999282706 0.491838332030202
1633462544443967 0.29795347494158997 0.9545803930302525 3.194828514798064e-06 -68.39851437944093 -0.9545803928362883 0.29795347480931755 2.1432182835659082e-05 94.40291308317494 1.9506831257399265e-05 -9.4355140101897e-06 0.9999999997652276 0.493078499566274
1633462544693244 0.3013315282622672 0.9535194334826098 -6.625411866198927e-06 -70.81074320919237 -0.9535194330209358 0.3013315278802732 -3.397852702291286e-05 94.12484056469243 -3.0402740357051498e-05 1.655626044214023e-05 0.9999999994007815 0.497610868848447
1633462544942552 0.3101816341581927 0.9506773131197651 -1.2169805201736784e-05 -73.7904847831241 -0.9506773109321837 0.31018163250986297 -7.300709017302522e-05 93.42815654277439 -6.563133427972884e-05 3.421501621883553e-05 0.9999999972609301 0.500810760822667
1633462545191638 0.32294460158381855 0.9464178698151984 -3.129031768240531e-07 -77.25917395307795 -0.9464178696418041 0.3229446015182865 -1.925179378216271e-05 92.34617571090233 -1.8119191269723127e-05 6.5134000307828885e-06 0.9999999998146354 0.4966384682584076
1633462545440529 0.34157325334391886 0.9398551551084173 3.7350203630467423e-06 -81.31103866293518 -0.9398551551003713 0.3415732533128003 7.094604668845607e-06 90.72988999343248 5.392117714887399e-06 -5.933705340554141e-06 0.9999999999678582 0.494519316049171
1633462545689664 0.36071383742085655 0.9326765395795857 2.9557381246309397e-06 -85.3653214487725 -0.9326765387149323 0.36071383694599896 4.431924850706632e-05 88.95572503871614 4.0269347694485064e-05 -1.8743313804062864e-05 0.999999999013534 0.49115334402270
1633462545938879 0.38060140495474215 0.9247391905520562 1.171035811858879e-06 -89.46112894630139 -0.9247391886757269 0.380601404101192 6.419755884461771e-05 87.0057765512016 5.892030072727506e-05 -2.5516583797551813e-05 0.9999999979386509 0.4893638754137256
1633462546187910 0.40097949777384323 0.9160870277224799 -1.1814556361752008e-06 -93.55486715798646 -0.9160870273797422 0.40097949765847446 2.6867669182804976e-05 84.91577527361675 2.5086862691062003e-05 -9.691068313571765e-06 0.9999999996383662 0.4924881746914515
1633462546436994 0.42234115499515484 0.9064369524654385 -5.422326227701064e-07 -97.74615139435201 -0.9064369524655248 0.4223411549947988 -6.622667011010689e-07 82.6139255291418 -3.712958580896358e-07 7.712021695707022e-07 0.9999999999996336 0.494903096703426
1633462546686357 0.442128335207807 0.8969518020500946 -1.7967527973260707e-06 -101.68317870228093 -0.8969518020406222 0.44212833519132083 -5.899053522093553e-06 80.36033642387552 -4.496771364009686e-06 4.219739372417541e-06 0.9999999999809865 0.49519618727119
1633462546935287 0.46148084978518544 0.8871501706447169 -2.0879769466024596e-06 -105.53320225461289 -0.8871501706470384 0.46148084978253445 -1.639349094074146e-06 78.04136248140571 -4.907874529107922e-07 2.6088773175191904e-06 0.9999999999964766 0.494813562078819
1633462547184426 0.48474375375938006 0.8746562142859501 -5.100787930933936e-08 -109.73533227173094 -0.8746562141830231 0.48474375370144057 -1.5369633749866897e-05 75.1581087759969 -1.3418419919765356e-05 7.4949483164442836e-06 0.999999999881886 0.496085607286813
1633462547433898 0.508744305945758 0.8609176680521252 -1.107427383337673e-06 -113.88470300173145 -0.8609176678705978 0.5087443058111785 -2.1230163880338165e-05 72.02762726076634 -1.771402580489234e-05 1.17541287886427e-05 0.9999999997740268 0.496367859545439
1633462547683236 0.5285300874292428 0.848914569718136 2.7608182091801775e-07 -117.67204278700265 -0.8489145694985739 0.5285300872998863 -2.257416084185858e-05 69.31501352503757 -1.9309451586769194e-05 1.1696753323264421e-05 0.9999999997451656 0.496584102845708
1633462547932201 0.5449578817924257 0.8384634202337349 -1.631927375171739e-07 -121.08766656998657 -0.8384634201429924 0.5449578817305631 -1.4819601640726091e-05 66.9524420622739 -1.2336760709661046e-05 8.212889859997134e-06 0.9999999998901765 0.495919885352636
1633462548181342 0.5607602674149583 0.8279782137683063 -3.393606243471348e-06 -124.3338986347284 -0.827978213765449 0.5607602673836494 -7.166695822882337e-06 64.579267804316 -4.030868461576085e-06 6.828630301829093e-06 0.9999999999685609 0.494979832678200
1633462548430338 0.57087657922959 0.8210358891561683 -1.5584209315756734e-06 -127.17643457490571 -0.8210358891576466 0.5708765792286439 -1.0399645842427385e-06 62.98242019252774 3.581776330165456e-08 1.873210939614721e-06 0.999999999998245 0.4948060538018320
1633462548679591 0.5817032258645545 0.8134011046247904 3.421881017053065e-06 -130.0620943795779 -0.8134011046203146 0.5817032258285204 7.804647448849818e-06 61.20657158414847 4.3577896300900784e-06 -7.323350396898106e-06 0.999999999963689 0.494910666640470
1633462548928467 0.5928803836543208 0.8052905380474817 2.6210180003901455e-06 -132.90582167337175 -0.8052905380453819 0.592880383633553 5.905718196214217e-06 59.32315795251317 3.201868826211541e-06 -5.612065465699131e-06 0.9999999999791265 0.494935261146993
1633462549177605 0.6054960112571381 0.7958483400413904 1.6811439793843129e-06 -135.83768784179452 -0.7958483400429854 0.605496011257073 6.053269665195195e-07 57.14238967727615 -5.361775123803911e-07 -1.7044587091040224e-06 0.9999999999984037 0.4951357053666435
1633462549426880 0.6228040614347621 0.782377850567186 5.042464773234613e-08 -139.0186809889346 -0.7823778505597729 0.6228040614291388 -4.31348861238782e-06 54.06959885947651 -3.40618262441746e-06 2.6470070992455725e-06 0.9999999999906957 0.4951849072037457
1633462549675472 0.6428665046839422 0.7659782354235587 -3.2602609049659932e-06 -142.33475810724036 -0.7659782353586145 0.6428665045594781 -1.6436194344425755e-05 50.387597180666994 -1.049385460911794e-05 1.3063567703330665e-05 0.9999999998596112 0.495333000972633
1633462549924692 0.6660375093036304 0.7459182503408402 -2.615950622446655e-06 -145.73972887142824 -0.7459182502994058 0.666037509219484 -1.3444180998380328e-05 45.92813079656758 -8.285938730780395e-06 1.0905614137977828e-05 0.9999999999062055 0.4951970788620727
1633462550173794 0.69559283062023 0.7184362281925827 -2.8139416806989994e-06 -149.32819718289036 -0.7184362281764106 0.6955928305634709 -1.0493720502831511e-05 39.93517100883641 -5.58171131905596e-06 9.320994395712707e-06 0.9999999999409819 0.494956858863107
1633462550422528 0.7330058992390986 0.6802222810798026 1.0185301091917877e-06 -153.1028648412336 -0.6802222810740772 0.7330058992378252 -3.2701301114343474e-06 31.8046228423572 -2.9710039424231816e-06 1.7041977887475258e-06 0.9999999999941345 0.495208420309763
1633462550671837 0.7774182220935382 0.6289840283779237 -4.1000764172081283e-07 -156.6517825585 -0.628984028315175 0.7774182220064337 -1.4647097653056174e-05 21.289342699243438 -8.89404307404832e-06 1.1644808874424933e-05 0.9999999998926472 0.495219877846720
1633462550920906 0.8262011431658984 0.5633752488606597 -5.653781261747986e-07 -159.51133971856046 -0.5633752487623684 0.8262011430021469 -1.9535923126728475e-05 8.352054074652134 -1.0538939499192872e-05 1.6459122062619455e-05 0.9999999998090141 0.4950477956201385
1633462551170221 0.8722493186566166 0.4890614747650122 1.227587468856483e-06 -161.1805714055635 -0.4890614747219504 0.8722493186082193 -1.1316154106239642e-05 -5.685187946536846 -6.605057349122512e-06 9.27014197113236e-06 0.9999999999352189 0.495092395893454
1633462551419547 0.9143256397863659 0.4049797827300587 2.6332356396385615e-06 -161.40883090546333 -0.40497978267129436 0.9143256397335993 -1.2289139290366888e-05 -20.860547611797895 -7.3844878205505406e-06 1.016986794704805e-05 0.9999999999210216 0.495126057140426
1633462551668461 0.9508411869267795 0.3096789260378367 3.080936339723072e-06 -159.79260720047245 -0.3096789260034359 0.9508411869053307 -8.46093217938388e-06 -37.26505253338357 -5.549653556645018e-06 7.090901739197786e-06 0.9999999999594602 0.495117936418448
1633462551917661 0.9792743700046013 0.2025381648869818 3.7512888316189048e-06 -155.93730309502465 -0.20253816482632864 0.9792743699438609 -1.255405908198275e-05 -54.76305979197259 -6.21621709542246e-06 1.1534089142845358e-05 0.9999999999141618 0.4948329998567941
1633462552166484 0.9968656995082692 0.07911243342634927 4.360889916294346e-06 -149.04355766555696 -0.07911243338439748 0.9968656994798384 -9.074086963135847e-06 -73.78179681080341 -5.065094677548641e-06 8.70064543492518e-06 0.9999999999493219 0.494897674975816
1633462552415707 0.9982324972653679 -0.05942963388724491 4.14033165706387e-06 -138.50728049388087 0.0594296339217808 0.998232497233214 -8.788129283889339e-06 -93.71222103066587 -3.6107383035173353e-06 9.018654636061971e-06 0.9999999999528133 0.4946676155307929
1633462552664504 0.9771320213052104 -0.21263351764982916 1.0469992895520941e-05 -123.49916191242966 0.21263351785450962 0.9771320209770095 -2.576758037883852e-05 -113.96570659148023 -4.7515140603487784e-06 2.7404599321066486e-05 0.9999999996132056 0.493294709252987
1633462552913518 0.9271977805525101 -0.37457212313678084 1.746626609337643e-05 -103.55969421089769 0.3745721235269802 0.9271977799469368 -3.3700555345047576e-05 -133.1938308980923 -3.5713945792660066e-06 3.778945650008282e-05 0.9999999992796011 0.4922371524038627
1633462553162436 0.8439931050702886 -0.5363540232462634 1.8415405906137385e-05 -78.7737648638513 0.5363540235530811 0.8439931047605901 -2.308176569776814e-05 -149.761027077039 -3.1624777105289187e-06 2.935802815494972e-05 0.9999999995640525 0.492886860065858
1633462553411502 0.7287540150890737 -0.6847755728429911 1.8079675418445424e-05 -50.453703413555 0.6847755730085989 0.7287540151430046 -4.632644898677676e-06 -161.89030767377787 -1.0003313989426555e-05 1.5756578664903897e-05 0.999999999825832 0.4950205212013593
1633462553660809 0.5821806268596994 -0.8130594797604547 8.869806337989239e-06 -19.078804369309587 0.8130594797692361 0.582180626904371 3.518459276544632e-06 -168.61093286002313 -8.02454608333458e-06 5.163301299631858e-06 0.9999999999544735 0.495606941518497
1633462553909936 0.40846720837290956 -0.912772994580777 6.771232208012258e-06 13.944517762592008 0.912772994599098 0.40846720838725326 8.283559183290533e-07 -169.03722760920152 -3.5219272295084083e-06 5.8422416701472096e-06 0.9999999999767322 0.494892770756118
1633462554158769 0.21644406335433355 -0.9762950206696265 7.219836923871125e-06 46.74896752276287 0.9762950206383568 0.21644406341614955 9.296432885973512e-06 -162.8034269287615 -1.063875197759368e-05 5.036533130066614e-06 0.999999999930725 0.4960039799782690
1633462554407871 0.01276533361463936 -0.9999185197739042 8.284843427325025e-06 78.06859559376932 0.9999185197373288 0.012765333711962246 1.1802493146301614e-05 -149.86122585504063 -1.1907290267619309e-05 8.133505613627504e-06 0.9999999998960314 0.4959530242149316
1633462554656980 -0.1921947320289446 -0.9813568081286023 1.0850410911956889e-05 106.14288278189893 0.9813568081651929 -0.19219473193627332 9.029715169643203e-06 -130.72630973595432 -6.7759806405846315e-06 1.2383588307193715e-05 0.9999999999003664 0.494868606626525
1633462554905844 -0.3904683992029882 -0.9206163311132673 1.0448449869655107e-05 129.84523251682677 0.920616331171607 -0.39046839916111403 5.869752734152755e-06 -106.04154088574221 -1.3240007323413543e-06 1.1910966539280926e-05 0.9999999999281879 0.494103145075127
1633462555155016 -0.570237303177573 -0.8214800168177558 5.624524761470805e-06 147.77012019999196 0.8214800168369155 -0.5702373031674457 3.42158408033026e-06 -77.30079599687704 3.965508837274498e-07 6.571549574330202e-06 0.9999999999783284 0.494277656292830
1633462555404253 -0.7154174619324613 -0.6986972557195351 3.1421846112465128e-06 158.68216139384336 0.6986972557262957 -0.7154174619291155 2.283278836211216e-06 -47.94460304282237 6.526530825888909e-07 3.8289333147582175e-06 0.9999999999924567 0.494464765828520
1633462555653759 -0.81842453981885 -0.5746140205525451 2.1237027746537627e-06 163.20491290124545 0.57461402055412 -0.8184245398204829 1.6509397715373873e-07 -21.81865067979315 1.6432251520838378e-06 1.3554263520876775e-06 0.9999999999977316 0.494520720476668
1633462555903088 -0.8855036018471915 -0.4646325118984509 5.94487105829873e-07 163.50256265248805 0.4646325118966535 -0.8855036018383992 4.194643244479052e-06 -0.6614894145422548 -1.4225471537445076e-06 3.990589738731007e-06 0.9999999999910256 0.494759776660145
1633462556152436 -0.9258243802134171 -0.3779539879392788 -1.0023052469254988e-06 161.66147382267732 0.3779539878985857 -0.9258243801467708 1.2456755945478016e-05 14.949561946047748 -5.636039220344978e-06 1.1153943087549718e-05 0.9999999999219125 0.494801947875557
1633462556401546 -0.9482615615226098 -0.3174901745466923 -1.6671899337331188e-06 159.14707139727787 0.31749017449109546 -0.9482615614324753 1.4457674264538682e-05 25.338935927166382 -6.17110165556766e-06 1.3180340351135402e-05 0.999999999894098 0.494728953200376
1633462556650542 -0.95962565044902 -0.2812803068081056 8.356129231753533e-09 156.7550917146897 0.2812803067901066 -0.959625650387277 1.1341345810807961e-05 31.3640377207926 -3.1820784733392495e-06 1.0885796765282051e-05 0.9999999999356872 0.494483492917290
1633462556899947 -0.9644649885253427 -0.2642106846872159 1.9210046627693957e-06 154.7873994363351 0.26421068466206615 -0.9644649882691555 2.260855138969715e-05 34.12650552624694 -4.120679102924316e-06 2.2312706213878025e-05 0.9999999997425812 0.493744237243927
1633462557149201 -0.9637741090121968 -0.26671982827093704 1.6232323832762941e-06 153.46647642370786 0.26671982824613677 -0.9637741087960036 2.0798742919907237e-05 33.719482920346294 -3.983007796296997e-06 2.0478238188724088e-05 0.9999999997823887 0.4938700092742347
1633462557398145 -0.957600886904734 -0.2880981454242395 3.844138363374933e-07 152.74932519883464 0.288098145383661 -0.9576008867456853 1.8114604547686637e-05 30.298054688977 -4.850668944738755e-06 1.7457310294140885e-05 0.9999999998358562 0.494206536161800
1633462557647267 -0.9482566567052008 -0.3175048236041021 4.123762334948332e-07 152.10343119609115 0.3175048235871832 -0.9482566566395574 1.1636467552515084e-05 25.58288607576203 -3.3035960691921118e-06 1.116528926049876e-05 0.9999999999322116 0.4944683173534717
1633462557896515 -0.937247208076577 -0.34866555744708855 7.344706542034953e-07 151.31365011102073 0.3486655574280043 -0.9372472079986354 1.2647106943451413e-05 20.54851517302503 -3.7212300225305835e-06 1.2109550293085141e-05 0.9999999999197557 0.494450627467809
1633462558145653 -0.9215554273664207 -0.38824682134347394 2.4391511746453506e-06 150.50421303675643 0.38824682131892113 -0.921555427190836 1.867180884047958e-05 14.090024154850475 -5.0014574283270145e-06 1.815409946600517e-05 0.9999999998227069 0.494171644179454
1633462558394642 -0.9019627398394596 -0.43181386722630266 3.182382681162524e-06 149.36654461419621 0.4318138672116679 -0.9019627396784675 1.7697001371959773e-05 6.893189058531419 -4.771419998939132e-06 1.7336232816934447e-05 0.999999999838344 0.4942010885033813
