0.9999806747146977592 0.006216928271891146787 0 -0 -0.006216928271891146787 0.9999806747146977592 -0 0 -0 0 1 0.4949999999999999956
0.9999817834679528561 0.00603595341433711078 9.300755977556800108e-07 -0.0002704077592271929569 -0.006035953414442084101 0.9999817834683787376 1.100514177768750623e-07 -0.0001412755099855947751 -9.293943897732444386e-07 -1.156633060017860547e-07 0.9999999999995614619 0.4949993228796537026
0.9999813404458850474 0.006108908427877205588 -3.220259016163231814e-07 0.00121916763563506645 -0.006108908428675158438 0.9999813404427112529 -2.537937662714690736e-06 -0.0009480051978147742463 3.065158639809399054e-07 2.539857532673859312e-06 0.9999999999967276176 0.4949955718753555889
0.9999811046544788695 0.006147384483101345914 -5.079030909414351141e-07 0.005096497814256581611 -0.006147384484416632336 0.9999811046511415391 -2.629898182460574993e-06 -0.002767794844948088997 4.917264986571489908e-07 2.632970765206423803e-06 0.9999999999964128694 0.4949956260319444135
0.9999806419278779446 0.006222199897430579808 -4.220617052242669014e-07 -0.001148147087555616373 -0.006222199897613030217 0.9999806419278726155 -4.322499471859255739e-07 -0.003364185025966987246 4.193639893417160489e-07 4.348677319637172451e-07 0.9999999999998174793 0.4949987392709723211
0.9999792492065724403 0.006442139278834022216 -6.970919088996331009e-08 -0.004659790625690608291 -0.006442139278911023989 0.999979249205893761 -1.166670357217307707e-06 -0.005202715154273925349 6.219189143529082085e-08 1.167095224198456062e-06 0.9999999999993169908 0.4949959530245880424
0.9999822698454439163 0.005954829717980016611 1.284694262522638493e-07 0.0006458055439295684336 -0.005954829718030451094 0.9999822698453736391 3.954909645636642217e-07 -0.00480607516758912133 -1.26112067120357548e-07 -3.962489660050861409e-07 0.9999999999999135136 0.4950003232597365299
0.9999814103283123368 0.006097458486595776737 -1.911740126512691598e-07 0.003150231586633820378 -0.006097458486420395327 0.9999814103279220934 9.051590413084048042e-07 -0.005791425263651821947 1.966896284677874152e-07 -9.039765390930524628e-07 0.99999999999957212 0.4950010437770832605
0.9999825505200105047 0.005907508588825248659 2.158886977077485578e-08 0.003451469219825676737 -0.005907508588837970254 0.9999825505198033371 6.438939542086571172e-07 -0.005966654713695601804 -1.778468399129665238e-08 -6.44010255027585884e-07 0.9999999999997924993 0.495000069046599378
0.9999815140540139202 0.006080423708472726396 -1.979433364303488753e-08 0.004667953692228332674 -0.006080423708441989698 0.9999815140531734814 1.296796991265318892e-06 -0.004835697644157849369 2.767904289688223849e-08 -1.296652660810605893e-06 0.9999999999991590061 0.4950021846985013796
0.9999800278281729682 0.006320122380650739294 3.045392629211732868e-07 0.001032124283794214406 -0.006320122380854968289 0.9999800278279907806 6.742355081078750375e-07 -0.003615612780509281157 -3.002719296853760054e-07 -6.761467675721732983e-07 0.99999999999972633 0.4950000760655821619
0.99998127183335761 0.006120129468997293452 2.372698229040940059e-07 -0.001508823054295332401 -0.006120129468761012839 0.9999812718329026406 -9.842643722371721678e-07 -0.00412124170923650144 -2.432892046650295231e-07 9.827938167347823941e-07 0.99999999999948741 0.4949965348410337307
0.9999811263810494122 0.006143849275304073647 -5.301018294113750168e-08 -0.001366176454500619194 -0.00614384927533950017 0.9999811263808089379 -6.953196913124001498e-07 -0.003251524430937564273 4.873724306654544576e-08 6.956322546874766759e-07 0.9999999999997568612 0.4949984391307256648
0.9999785379500890636 0.006551613650659516251 -8.679616357457554938e-08 -0.001387127310756218002 -0.006551613650529061576 0.999978537949075541 1.426972634625068067e-06 0.0007473880322459306239 9.61432741432523204e-08 -1.426373353937057958e-06 0.9999999999989781507 0.4950030564386548315
0.9999784437268177673 0.006565979280659359901 -1.018490554704243397e-07 0.015345756331667227 -0.006565979280635765927 0.999978443726796562 2.30710675005792004e-07 0.001301282949610110123 1.033617014962979881e-07 -2.30036962955473657e-07 0.9999999999999682476 0.494999375851090051
0.9999793874286977413 0.006420647938887982797 6.379703564230063039e-08 0.05368122639192636492 -0.006420647938756474278 0.9999793874269263805 -1.883722684540100796e-06 9.324426899995188805e-05 -7.589044079378980077e-08 1.883274237866531718e-06 0.9999999999982237542 0.4949937177419330148
0.9999831145094540963 0.005811256160911687507 -1.92513267196744671e-07 0.07298009027656650327 -0.005811256162484190052 0.9999831144639393932 -9.541834857436821225e-06 -0.01059930376113247391 1.37059969907275126e-07 9.542792482784875948e-06 0.9999999999544582074 0.4949797329044727801
0.9999814837271656653 0.006085409147802403954 -7.437660277655812893e-07 0.07611156386808319574 -0.00608540915317713673 0.9999814836996477885 -7.451330032270157575e-06 -0.01783362622534935549 6.98407864032213615e-07 7.455718182003163381e-06 0.9999999999719622057 0.4949864676628502047
0.9999807892292823519 0.006198481624878795018 -4.008383868158366209e-07 0.0835410559561743371 -0.006198481625868880636 0.9999807892261869391 -2.517745298280200451e-06 -0.02181467764033286072 3.852244884180948596e-07 2.520181519830408665e-06 0.9999999999967501552 0.4949951135348678588
0.9999807871305118612 0.006198820193608172748 5.311694414981994694e-07 0.09319088701133343422 -0.006198820195019873365 0.9999807871270030013 2.69853335005835521e-06 -0.02103629513248487029 -5.144315131966150519e-07 -2.701774127347771367e-06 0.9999999999962179142 0.4950028403216675255
0.9999785411601914697 0.006551123650749320591 5.299563759695307939e-07 0.08225553742659691414 -0.006551123652509908794 0.9999785411545690783 3.391484399024714199e-06 -0.01974652348121327256 -5.077269700598491523e-07 -3.394883431453713649e-06 0.9999999999941084905 0.4950010867491119737
0.9999807989827603771 0.006196907903294419928 6.864533314355643747e-07 0.07857831135672375955 -0.006196907904000257226 0.9999807989824601728 1.030862909968927101e-06 -0.01920634945340656333 -6.800519883243912418e-07 -1.035097004424250198e-06 0.9999999999992330579 0.4949960328051531411
0.9999805795892954263 0.006232210391280685116 3.584418451006573138e-07 0.0786658015265985916 -0.00623221039195908863 0.9999805795875053027 1.923610304347960495e-06 -0.01590998190999228651 -3.464465398828946022e-07 -1.925806832038077155e-06 0.9999999999980856424 0.494998928926064119
0.9999777925441342141 0.006664414510296212853 1.685027014100948502e-07 0.08151439000687431269 -0.006664414509981493248 0.9999777925425227254 -1.804229404226869687e-06 -0.01736081881441002561 -1.805230920148240005e-07 1.803066365033767611e-06 0.9999999999983582022 0.494989766822722943
0.9999766504042550963 0.006833640937845017992 2.274574470529111076e-07 0.08878581754336452303 -0.006833640937380941298 0.9999766504023194225 -1.982268432399059143e-06 -0.01637396961089600256 -2.409982467222059574e-07 1.980667784710844418e-06 0.9999999999980094811 0.4949917705097922616
0.9999755976125891399 0.006985998965279607321 1.881677484373579253e-07 0.0954179750377072422 -0.006985998965152895313 0.9999755976123858581 -6.660694267763834283e-07 -0.0147367317584979271 -1.928163170212384605e-07 6.647386333963445299e-07 0.9999999999997605249 0.4949955418060429935
0.9999748379535446929 0.007093903154102826347 2.343621083042942958e-07 0.1174530101801923021 -0.007093903153262488999 0.9999748379477616522 -3.410688986230586804e-06 -0.01734548064815875576 -2.585513086300388052e-07 3.408940624216745214e-06 0.9999999999941561191 0.4949930510530738403
0.9999682707588860575 0.007966020158098779599 7.461189379833904506e-07 0.1654073920071426618 -0.007966020155635543387 0.9999682707539084836 -3.248207317182510879e-06 -0.01675220992577647686 -7.719705491584580298e-07 3.242160655530853927e-06 0.9999999999944462203 0.4949913719233166032
0.9999682039460651151 0.007974402626034018254 1.367973522162773426e-06 0.2370216243397939848 -0.007974402614458118294 0.9999682039129076383 -8.268555566014399436e-06 -0.02227849791450236053 -1.433866817177148426e-06 8.25738388694393025e-06 0.999999999964879871 0.4949803410359452371
0.9999606298689274197 0.008873483777589764865 1.400679999154833509e-07 0.2914780509372863482 -0.008873483772892164917 0.9999606296612679746 -2.038149914020203374e-05 -0.04505010495135829823 -3.209173873752711597e-07 2.037945382678506346e-05 0.9999999997922874861 0.4949461689583764534
0.9999509629076742678 0.009903119811079025281 5.056115043223647409e-07 0.3786612025819585114 -0.009903119807551498052 0.999950962886329342 -6.5584306163817432e-06 -0.04722021685739897362 -5.70535634760131354e-07 6.553101878710722714e-06 0.999999999978365639 0.4949879391730107048
0.9998959666062939844 0.01442414526305752821 -3.577228302930181294e-07 0.4399944015439333223 -0.01442414525980814481 0.999895966575622297 7.845948451319818698e-06 -0.04568855934706417266 4.708567153502697403e-07 -7.839972364608691028e-06 0.9999999999691565611 0.495007337296905825
0.9996108992638025326 0.0278935489892841032 1.649871632916351404e-07 0.5109071321585978431 -0.02789354898966521501 0.9996108992588599307 3.144405393209590145e-06 -0.05241280512297780136 -7.721434078645288115e-08 -3.147783980278130546e-06 0.9999999999950427432 0.4949982437705068294
0.9993370375825800789 0.03640721517695420795 9.821475200844397553e-07 0.6385895129579703955 -0.03640721516510705275 0.9993370375317444099 -1.017011775501896631e-05 -0.07337647251048609598 -1.351762058622296184e-06 1.012761809307906006e-05 0.9999999999478020873 0.4949808544591835502
0.998933494842693781 0.04617220898609272067 9.692862550689726091e-07 0.7895288509171275448 -0.04617220897941073932 0.9989334948251482604 -6.050626592288952627e-06 -0.08749511743303697853 -1.247623301777992623e-06 5.999419480293430044e-06 0.9999999999812252405 0.4949901822949931418
0.9984063808574528132 0.0564331344631331458 1.471940000392797378e-07 0.9475969047422659886 -0.05643313446004621925 0.9984063808241633309 -8.175759660472419418e-06 -0.1107562079859995136 -6.083431731159418455e-07 8.154423994576697108e-06 0.999999999966567632 0.4949869536486690702
0.9973557358480177326 0.07267417816466785474 -1.175605585049669855e-06 1.120413789469152821 -0.07267417817342029795 0.9973557357809395008 -1.157201840088358343e-05 -0.1461313302835096917 3.315100462747482026e-07 1.162685509720961659e-05 0.9999999999323532229 0.4949716320372884448
0.9961765402734764629 0.08736303912277651462 -2.496364817959178096e-06 1.32773476226202547 -0.08736303915348435367 0.9961765401146869259 -1.781098305825261357e-05 -0.1940700760123010848 9.307984574853654013e-07 1.796097349917234089e-05 0.9999999998382684829 0.4949605058768483112
0.994915451902714576 0.1007136711708029042 -2.597949342279665068e-06 1.533856474431058325 -0.1007136712002429102 0.9949154517633592709 -1.667671270580043741e-05 -0.2464321009759843084 9.051669838705417241e-07 1.685356817379642902e-05 0.9999999998575689331 0.4949568319781232351
0.9929392961958372066 0.1186235814169130237 -2.042855920006492229e-06 1.755961331189942243 -0.118623581434377845 0.9929392960224866505 -1.855486093682885283e-05 -0.3037440846278891549 -1.72612137932818596e-07 1.866618144521206955e-05 0.9999999998257719236 0.4949628772298249602
0.9913480981035039941 0.1312590887185133282 -4.193275459354665576e-06 1.958286005257665163 -0.1312590887565238396 0.9913480980500232187 -1.066027593344763496e-05 -0.3641344398278691941 2.757737546718843737e-06 1.111844978758185701e-05 0.9999999999343874846 0.494967892463440029
0.9898025791677816931 0.1424459696419259624 -2.794941632394915932e-06 2.241087633453680006 -0.1424459696661265207 0.9898025790867969187 -1.26978344507865184e-05 -0.4377905770248454731 9.576850954466038285e-07 1.296647746022072942e-05 0.9999999999154766117 0.4949537016202138484
0.9860652544574125544 0.1663589911973060165 -1.373227389392308154e-06 2.581891897715710815 -0.1663589911879495842 0.9860652544457035873 5.300051856697807062e-06 -0.5060532555703608493 2.235803095306591781e-06 -4.997748259541238237e-06 0.9999999999850118781 0.4949932266566379191
0.9822101810036109049 0.187784877808397449 -1.253806162922993885e-06 2.926637720366130679 -0.1877848778104755645 0.982210181002327376 -1.820185525030233427e-06 -0.5986210490225623015 8.896978618200113281e-07 2.023250591102613583e-06 0.9999999999975573983 0.4949705618895594572
0.9787081913258619537 0.2052566106884661234 -1.605099429611080524e-06 3.240754889570116148 -0.2052566106930408529 0.9787081913196636895 -3.582010031746574666e-06 -0.6905252805888003609 8.356927210744976707e-07 3.83519982822908678e-06 0.9999999999922963845 0.4949667887226971152
0.9752495258283291335 0.2211071287207118652 -1.653632667274662879e-06 3.600222866703317148 -0.2211071286339454656 0.9752495251742167026 -3.62897990609420385e-05 -0.8310634260114445615 -6.411228798644302584e-06 3.575723929746545918e-05 0.9999999993401580412 0.4949018536600560125
0.9718137451404058602 0.2357499623504880348 -3.186614366007323374e-06 3.980089536073572187 -0.2357499622839706321 0.9718137443192106373 -4.046745888908656456e-05 -0.9988575611078120975 -6.44340627079111616e-06 4.007807699591840788e-05 0.9999999991761151508 0.4948547021935372769
0.9686884874149216396 0.2482793071229105475 -2.567412660125165582e-06 4.356156601326580891 -0.2482793069839505373 0.9686884864070458567 -4.503585846854734584e-05 -1.220635572665575319 -8.694448652537469527e-06 4.426315305532731604e-05 0.9999999989825899549 0.4947119261456136008
0.965614199766639647 0.2599792630407546934 -2.261866468961053498e-07 4.821219287464525216 -0.259979262931011923 0.9656141993330118467 -2.990898220803988943e-05 -1.436051942658050695 -7.557306114802848736e-06 2.893934175839598888e-05 0.9999999995527008023 0.4947990862656452271
0.9629225573692318241 0.2697779613991231895 7.420552950057166623e-06 5.276476902923669776 -0.2697779614946618221 0.96292255679051586 3.343700459786747508e-05 -1.599802778686242988 1.875149116237345542e-06 -3.419914762617493162e-05 0.9999999994134510795 0.4949428816434878198
0.9611052358122107453 0.2761824138075044677 2.187740870673928219e-07 5.696300182168736903 -0.2761824137684982805 0.9611052356891954807 -1.606408539197182813e-05 -1.849416207866867445 -4.646882799678250091e-06 1.537885502332230308e-05 0.9999999998709486748 0.4948416746605207028
0.9603308066226217132 0.27886330314105362 -3.877951170230235919e-06 6.102765241831833443 -0.2788633029438031818 0.9603308063152810048 2.674598530735927112e-05 -1.969928044954015078 1.118258978273077501e-05 -2.460357537214793116e-05 0.999999999634806902 0.4950647268992047767
0.9597206617411110363 0.2809559599459225954 5.494873925157592034e-07 6.563092838912182536 -0.2809559598184928064 0.959720661243122275 3.205879896204588616e-05 -2.132077157779136645 8.47975623340496778e-06 -3.092187351225234889e-05 0.9999999994859657404 0.495063819252599846
0.960295893990055105 0.2789835048549939578 -2.626237249553285167e-06 7.072189969985890556 -0.2789835048624312863 0.9602958938746287698 -1.49811348733110595e-05 -2.37020313560365814 -1.657524666575072393e-06 1.511899917863248351e-05 0.9999999998843341897 0.494960964905960088
0.9609000954421246243 0.2768952988296198292 -8.22218151489886066e-06 7.616016149499682086 -0.2768952988117135416 0.9609000954769173486 3.264364933039723083e-06 -2.523391822713020094 8.804582306317826592e-06 -8.600451682637264314e-07 0.9999999999608698564 0.4951102127706079603
0.9616649237322004717 0.2742272314043852632 -4.653982281154840406e-06 8.176224628985423237 -0.2742272314429208824 0.9616649236351781926 -1.36795610770658581e-05 -2.767407449949626397 7.242633540152775548e-07 1.443140273601201959e-05 0.9999999998956050629 0.4950585530026263004
0.9625094822127951977 0.2712480350619922986 -1.130035586992696506e-05 8.703569834127094396 -0.2712480352973361541 0.9625094813531105409 -4.068088282350906305e-05 -3.037399455055620034 -1.579098629949982921e-07 4.222093479029350398e-05 0.999999999108683868 0.4950303247356130365
0.9632337798558837649 0.2686646335269169961 -6.215053642791397473e-06 9.24856972812613698 -0.2686646335978172262 0.9632337796573069433 -1.957248592351043231e-05 -3.268214557585834346 7.281148532681906967e-07 2.052264470701036376e-05 0.999999999789145444 0.4950936752772333027
0.963764638098879578 0.2667540484198954176 -1.991087112923226237e-06 9.762835825293851855 -0.2667540482437868454 0.9637646376858040043 2.990209118723353109e-05 -3.4461865641912377 9.895443230402756183e-06 -2.828744754368551709e-05 0.9999999995509503137 0.4951292015322638074
0.9640931343857451763 0.2655643579829268797 -1.272140338092179489e-06 10.28479286830462414 -0.2655643578482596023 0.9640931340290027629 2.758640719813816708e-05 -3.619855786486674276 8.55242828210515443e-06 -2.625803065011619175e-05 0.9999999996186859086 0.4951170819691709801
0.9639975027569231969 0.2659112909972003447 9.224834348045285182e-07 10.84781500516829134 -0.2659112909259314095 0.9639975024057373387 2.675515122818719998e-05 -3.772753292367021949 6.225225076750356879e-06 -2.603719773086294483e-05 0.9999999996416554238 0.4951044109338811894
0.9640242158558282037 0.2658144300603473842 4.181052213644782505e-06 11.45723735517559838 -0.2658144300841297492 0.9640242158337247735 6.888722798609782948e-06 -3.956585667351600666 -2.199513657062590822e-06 -7.752279605499938229e-06 0.9999999999675321938 0.4950752493545975685
0.9638468928158875348 0.2664566891809825866 1.449567152942098335e-06 11.99050297131971909 -0.2664566891658695091 0.9638468926676316828 1.720311556661028514e-05 -4.092548114035670537 3.186724421400486799e-06 -1.696741634992649848e-05 0.9999999998509757626 0.4950972603284370388
0.9639872751333176115 0.2659483660081497503 -9.324843753423874835e-07 12.50741089937078421 -0.2659483659399926592 0.963987274954743345 1.952968389091276798e-05 -4.228476868209519957 6.092790591368119452e-06 -1.857837406232916379e-05 0.9999999998088610065 0.4950979390983961115
0.9651580682456970539 0.2616675434633197184 -5.820823039121618114e-07 13.0137141021850411 -0.2616675432854064232 0.9651580676668700676 3.479606855911648357e-05 -4.326543508731811372 9.666803213712208212e-06 -3.343139426660710658e-05 0.9999999993944473919 0.4950971880063654851
0.967134683696418862 0.2542646329330228161 5.75290641116899501e-06 13.59995925021072161 -0.2542646329969385777 0.9671346833759170147 2.491043652330051544e-05 -4.45548439197741164 7.700076783411577052e-07 -2.555450778500358258e-05 0.9999999996731870899 0.4950898618821849562
0.9696044324349013532 0.2446778383873791651 2.627777765635506991e-06 14.14850713535020788 -0.2446778384009647145 0.9696044323546465504 1.248550808903341307e-05 -4.579157899075643634 5.07022161589659128e-07 -1.274896296782242437e-05 0.9999999999186034438 0.4950722669921476249
0.9716034501218818731 0.2366151637279005071 -2.740003647296882737e-06 14.72335064823097461 -0.2366151637437650945 0.9716034500569814547 -1.123009042041230158e-05 -4.724843008801977717 4.987313377378317614e-09 1.155952100931695328e-05 0.9999999999331886658 0.495041349601042513
0.9733487176886702619 0.229330054232378705 -1.35215963404219733e-06 15.37917194404660393 -0.2293300542348604976 0.9733487176440087651 -9.3612285762654768e-06 -4.867433264784304825 -8.3068821123169205e-07 9.42183067290762421e-06 0.9999999999552695584 0.4950479374479474504
0.9748444610597393201 0.2228862417076338531 9.085918070716455428e-07 16.06895261777556172 -0.2228862417073620705 0.9748444610601462168 -3.914630752050024313e-07 -5.024855785280458065 -9.729874240881786234e-07 1.791029974487089555e-07 0.9999999999995106137 0.4950491491078174988
0.9761501553811687826 0.2170964627747622444 1.496369625818518868e-06 16.82873791241701156 -0.2170964627742975606 0.9761501553823067612 -4.682593216898327486e-07 -5.198219875017520586 -1.562338885152283797e-06 1.322348568581107879e-07 0.9999999999987707611 0.4950500488558299272
0.9774081661030316059 0.2113605375586790347 4.975470720869965022e-07 17.59490988154185942 -0.2113605375457484614 0.9774081660644415859 -9.008325504448518327e-06 -5.390252867593432029 -2.390311092383085273e-06 8.699649094351573835e-06 0.9999999999593012223 0.4950165215801099472
0.9786504097802329882 0.2055319328837793003 -2.067004731182081355e-06 18.30938045589585883 -0.2055319328865738704 0.978650409608076699 -1.844140161891947533e-05 -5.573203254835046749 -1.767421892989407341e-06 1.847252072896294218e-05 0.9999999998278210622 0.4950018985181174336
0.9799544855683781641 0.1992215003867496281 5.482893803509482186e-07 19.1268491294540901 -0.1992215003868255396 0.979954485554145438 5.30708053065934471e-06 -5.750135073661351015 5.199859083346450543e-07 -5.309928404291912001e-06 0.9999999999857671629 0.4950405120797617409
0.9811505139602981762 0.1932451006748584776 4.779063327999615946e-06 19.99883652274597168 -0.1932451007299271772 0.9811505137994547265 1.780952030542189756e-05 -5.924429822754731845 -1.247377895354760352e-06 -1.839735057526504613e-05 0.9999999998299907711 0.4950586106538461539
0.9825011746844355409 0.1862563871213522293 1.561391414463768301e-06 20.86198239450607517 -0.186256387111564975 0.9825011744527479829 2.147907366310391884e-05 -6.081880778543590438 2.466545760712046381e-06 -2.139403422885816013e-05 0.9999999997681057184 0.4950732674894119389
0.9835262674379047221 0.1807652656353299636 -1.297803170376736908e-06 21.69014047157606129 -0.1807652655978313483 0.9835262673382382248 1.453583791320855858e-05 -6.2369364024114331 3.903998109513615409e-06 -1.406178067207353852e-05 0.9999999998935125145 0.4950608836576662619
0.9848767295224318818 0.1732565370914192493 -1.587825607428222268e-06 22.56392833248247953 -0.1732565370826540108 0.9848767295145960388 4.581812956958258432e-06 -6.402373397795811272 2.357641537806619203e-06 -4.237419794098376831e-06 0.9999999999882428492 0.4950533263688879915
0.9858908712343866787 0.1673893366312573794 1.040527823958115023e-06 23.50161724107626426 -0.1673893366301089924 0.9858908712345083591 -1.107691812980901578e-06 -6.573047154274885173 -1.211262680672560772e-06 9.178899843614193407e-07 0.999999999998845146 0.4950555596980451556
0.9868329093170062905 0.1617430340919236431 3.728926633280026063e-06 24.49154278057822864 -0.1617430341177301112 0.9868329092859464691 8.17670015719432337e-06 -6.737962830827749272 -2.357303225749057087e-06 -8.672164712406021491e-06 0.999999999959618302 0.4950709035428407234
0.9875649119228329109 0.1572117830793538784 1.445752992710370044e-06 25.5128872918118681 -0.1572117830841245345 0.987564911914221355 4.195137062688881573e-06 -6.918389901749200988 -7.682499490081340978e-07 -4.370259569701764769e-06 0.9999999999901553194 0.4950575025118555961
0.9881989811473942398 0.1531756301066597714 -1.706655354413443709e-06 26.53597564226576822 -0.1531756301001722387 0.9881989811438817162 3.441252795043036429e-06 -7.095039326896859677 2.213631147632138023e-06 -3.139224496656038743e-06 0.999999999992622568 0.4950555211909823394
0.9885738706388870201 0.1507371961126862669 -6.062225819905126824e-07 27.58884562137278351 -0.1507371960994169091 0.9885738705916340407 9.889091221029714049e-06 -7.264955508471983237 2.08994968707901253e-06 -9.684716893252984999e-06 0.9999999999509191495 0.4950710824572591706
0.9893601200160617726 0.1454872947091213897 1.502639150935086841e-06 28.67653134364413958 -0.1454872947158270813 0.9893601199168045035 1.402530716983212205e-05 -7.433749814100886866 5.538527470424884549e-07 -1.409469448981087368e-05 0.9999999999005164675 0.4950768473101323508
0.9907522886618022051 0.1356830959020486616 -2.630490084733541099e-07 29.74932094644110236 -0.1356830958931779796 0.9907522886157900111 9.677300252477087219e-06 -7.59399553054978238 1.573662465392854059e-06 -9.55211606936781574e-06 0.9999999999531403727 0.4950688834495934887
0.991971376393914972 0.1264625969098130964 -4.699444622505648637e-07 30.86825016954637135 -0.1264625969077540213 0.9919713763893708292 3.123613910778167791e-06 -7.74960098676108089 8.611917819458804741e-07 -3.039105193299174512e-06 0.9999999999950111018 0.4950642438969933834
0.993193689612256847 0.1164744388980902823 -2.054172505919182166e-09 32.04458796379776686 -0.1164744388978785766 0.993193689610484598 1.889368206615000276e-06 -7.905297520644152698 2.221032929076236103e-07 -1.876269321574018483e-06 0.9999999999982150944 0.4950648167801597888
0.9938410436388241953 0.1108150710895657032 -7.349042232390304899e-07 33.20596028766323116 -0.1108150710912786524 0.9938410436344485843 -2.976208161729232521e-06 -8.061867658672033699 4.005692611758730099e-07 3.039316289282881018e-06 0.9999999999953010921 0.4950587568401492722
0.9947778300296568066 0.1020640430496673745 2.751712491617599196e-07 34.45327739806450751 -0.1020640430500047574 0.994777830023525711 3.493566426470458478e-06 -8.214092659724704149 8.283325602215598657e-08 -3.503407519009314877e-06 0.9999999999938596895 0.4950792865335513215
0.9955872055445382784 0.09384090876527396985 -5.980494576921693583e-07 35.72559692919606533 -0.09384090876149012161 0.9955872055341362659 4.666919076669953411e-06 -8.365666089831051977 1.03335831564365569e-06 -4.590203417450185851e-06 0.9999999999889310764 0.4950779306507120947
0.9964276718966665891 0.08445054576653733547 7.455818719372444914e-07 36.97676303852376378 -0.08445054576924876377 0.9964276718182760728 1.250275526377006814e-05 -8.491032385526946058 3.129460968064847714e-07 -1.252105611577296204e-05 0.9999999999215626323 0.4950894227855924257
0.9971477884477804032 0.07547375699870795263 -6.584557483514251976e-07 38.23948422463341501 -0.07547375698391618759 0.9971477883652097862 1.293586534134572121e-05 -8.609420649472133036 1.632896050545703023e-06 -1.284927338764544172e-05 0.9999999999161148789 0.495091191629148164
0.997594923928064925 0.06931354668781336548 -8.645621434284098347e-07 39.54487694449571222 -0.06931354666172123702 0.9975949237732764097 1.769737818956518499e-05 -8.709185106626597062 2.089150854965058588e-06 -1.75948887802749912e-05 0.999999999843027676 0.4951091592384886941
0.9981706496982793997 0.0604595243107315175 -1.807680008167003743e-06 40.83514068719837553 -0.06045952429999679884 0.9981706496854265698 5.497675830858361689e-06 -8.81023645809620426 2.136759993723712631e-06 -5.378327182538029777e-06 0.999999999983253951 0.4950828850705888406
0.9984339616765591785 0.0559430440076322949 4.941333599207091968e-07 42.1448324292119878 -0.05594304400981045533 0.9984339616409484419 8.432698498098984286e-06 -8.891372062559639744 -2.160870494232348223e-08 -8.447135893381700633e-06 0.9999999999643227611 0.4950918628900166096
0.9979962754953130011 0.06327269631402972216 9.320147916332422625e-07 43.44253929547858206 -0.063272696320812713 0.997996275409386624 1.309651410068213151e-05 -8.979810684625171291 -1.014955312115454368e-07 -1.312924338333013273e-05 0.9999999999138062812 0.4951023533377574282
0.9979657414289578865 0.06375248180536760567 -1.981927324521863028e-07 44.79377528166095601 -0.06375248180540259157 0.9979657414289599959 -1.752604650766595407e-07 -9.09723697866924752 1.866162675764773599e-07 1.875392185430338211e-07 0.999999999999965028 0.4950805993194709598
0.9978047728170593711 0.06622412960624013412 -1.904101322421752357e-06 46.18799921324220747 -0.06622412961832081779 0.997804772792108996 -7.198375733298975036e-06 -9.223245537656092452 1.42321521987579758e-06 7.308671115998686937e-06 0.9999999999722788413 0.4950877118580172542
0.997845431460851251 0.06560864959207231284 -3.693934478567140898e-06 47.58363840185154459 -0.06560864966633374318 0.9978454311220421591 -2.607793874195577974e-05 -9.373008521787731695 1.975037297297880971e-06 2.626410608867121843e-05 0.9999999996531480084 0.4950687456058589508
0.997762240992696392 0.06686187587386274722 -2.468529079190000803e-06 48.99838997471701418 -0.06686187591148329279 0.9977622407633505164 -2.141793772748785848e-05 -9.520679070422888302 1.030961611632687378e-06 2.15350600293969904e-05 0.9999999997675891317 0.495074272033592111
0.9977822461219114647 0.06656267215149051786 -1.483058223326067457e-06 50.39528815403214423 -0.06656267215968683648 0.9977822461018452938 -6.414953457284489177e-06 -9.660432722180274823 1.052772721325808835e-06 6.499442987689817021e-06 0.9999999999783244498 0.4950970840599670519
0.9977562714031859015 0.0669508990069214438 9.959807369662352307e-08 51.80437844783508439 -0.06695089900049423781 0.9977562712844620929 1.542029195405814269e-05 -9.784398497549137375 9.330278066347413639e-07 -1.539236118460230821e-05 0.9999999998811023305 0.4951288362293242984
0.9977120406005522968 0.0676068342913052206 1.511097454203183776e-07 53.23571915484910733 -0.06760683428870196965 0.9977120405369088729 1.128584306957859536e-05 -9.92384260139157881 6.122361097943665054e-07 -1.127023757036489906e-05 0.9999999999363035075 0.4951247950576003198
0.9976567259711019986 0.06841825141606143468 1.51883187434070108e-07 54.67075769088787496 -0.0684182514136135872 0.9976567259110763475 1.096029141436526125e-05 -10.05959474252841268 5.983566900849207468e-07 -1.094500003024818969e-05 0.9999999999399244999 0.4951299527267102318
0.997730540322737447 0.06733326747978282678 -1.653333317466808762e-07 56.1324084095250484 -0.06733326747873794038 0.9977305403161876862 3.638375012359164162e-06 -10.19905064247130433 4.099417923148278187e-07 -3.618985433528205497e-06 0.9999999999933674166 0.4951177660268675784
0.9978890402946009042 0.06494199920871113196 -9.63918731541201399e-07 57.56162109944926897 -0.06494199921447185719 0.9978890400660611615 -2.136107199143225284e-05 -10.36355754369783533 -4.253467826454357776e-07 2.13785784387007746e-05 0.9999999997713877598 0.4950839805484705258
0.9979980521021302176 0.06324466777860610067 4.004987721122886815e-07 59.03408354347651255 -0.06324466777965523367 0.9979980520619990969 8.951502153019084764e-06 -10.48706711221174537 1.664377853658750995e-07 -8.958911123889473223e-06 0.9999999999598551126 0.4951280260523591714
0.9979787785395310973 0.06354807303483345216 -7.332490280394930163e-07 60.48434279952054027 -0.06354807302166379235 0.997978778469857164 1.188604010915418023e-05 -10.62584340679675954 1.487101914268564584e-06 -1.181541922702864746e-05 0.9999999999290921648 0.4951250508556919172
0.9980350826260367958 0.0626575921052367063 1.202668974564498589e-06 62.00083353333695158 -0.0626575920988724222 0.9980350826158533861 -4.750890893340398411e-06 -10.78257068984879297 -1.49798521312041138e-06 4.66619944324403876e-06 0.9999999999879912727 0.4951115360272522747
0.9980605885765083674 0.06224999222854052383 3.054623855138594257e-07 63.52668012288756216 -0.06224999222068929722 0.9980605885081661466 -1.172562121134024042e-05 -10.94181102511883807 -1.034789797533797803e-06 1.168386537649348122e-05 0.9999999999312082499 0.4950997081222959784
0.9981350711013429189 0.06104408105495377768 -2.811765395271194389e-06 64.96280093861614091 -0.06104408100102073215 0.9981350709741368954 1.638377666343505422e-05 -11.05674720469709449 3.806654243000655652e-06 -1.618158045032146449e-05 0.9999999998618329666 0.4951386467082971587
0.9981965921866093883 0.0600296872327407624 1.089010632162692766e-07 66.51735038160474289 -0.06002968722803106449 0.9981965920820473626 1.446804589986490869e-05 -11.19806821794382756 7.598076000612619242e-07 -1.444849140960826992e-05 0.999999999895331948 0.4951477424160221075
0.9981691695230311412 0.06048395664375832287 2.15669346379706196e-06 68.10754291500114732 -0.06048395667807611453 0.9981691684034101897 4.728257723966548961e-05 -11.30267656793432529 7.070924305096033316e-07 -4.732645621025766841e-05 0.9999999988798532469 0.4951914169479801342
0.9982372727369789311 0.05934936664087171743 4.45374615095209821e-07 69.6837842005484589 -0.05934936660123757424 0.9982372717341549961 4.479972856366161937e-05 -11.40425294693617531 2.214245975264086585e-06 -4.474719156205268252e-05 0.9999999989963930247 0.4952071267723903714
0.9982142453558638939 0.05973541966455303553 -2.890682803441975119e-06 71.23490404650226537 -0.05973541957450663464 0.9982142450552873303 2.488359607176924982e-05 -11.5200034833996483 4.37195280644248232e-06 -2.466648392440086066e-05 0.9999999996862253271 0.4951793627536644204
0.9981742939672385573 0.06039932833461485184 -1.401881065335947563e-06 72.82081290450626909 -0.06039932831213849079 0.9981742938894153649 1.265079217712367524e-05 -11.63736144548371598 2.163420992907708701e-06 -1.254302287480689522e-05 0.9999999999189961297 0.4951693451635791332
0.9979705623954977511 0.06367697066075680978 1.309905560827352768e-06 74.45695785210214979 -0.06367697066385642757 0.9979705623930809066 2.478946416958392708e-06 -11.77858149502701579 -1.149395390958452894e-06 -2.557326367849495372e-06 0.9999999999960694774 0.4951569306608740173
0.9975010559985464376 0.07065156245796226642 2.503242557292223533e-06 76.11732402105930362 -0.07065156245309020533 0.9975010560000591164 -1.984140010459745622e-06 -11.9256711988046753 -2.637169686197622814e-06 1.802323757810795162e-06 0.9999999999948985252 0.4951490009424452388
0.9967421649985446219 0.08065393056590308696 7.193580665668859879e-07 77.79496664108421555 -0.08065393056153931373 0.9967421649875390921 -4.812566646195517879e-06 -12.09755830177607017 -1.105166932797164442e-06 4.738869042578935791e-06 0.9999999999881609147 0.4951422128768560582
0.995683381127699052 0.09281489399843471932 6.367450909402536453e-07 79.50274922527574972 -0.09281489400033587911 0.9956833811181742266 4.361188083337573896e-06 -12.27801556691813722 -2.292132953955810761e-07 -4.401461924672238876e-06 0.9999999999902873249 0.4951538090494121414
0.994221407477253849 0.1073489306708228785 -1.098968626550333127e-07 81.22013685942961558 -0.1073489306567061569 0.9942214073621036263 1.523195632459140982e-05 -12.47587726199238034 1.744396036923138431e-06 -1.513213974497878606e-05 0.9999999998839876891 0.4951781443794173732
0.9913803582270188652 0.1310152102768869509 -6.005603227701564247e-08 82.93164815467871165 -0.1310152102642808403 0.9913803581250585362 -1.433421405120421303e-05 -12.73962840316199241 -1.818461697286074903e-06 1.421852651468201202e-05 0.999999999897263403 0.4951186832821256045
0.9874293462783373387 0.1580610202079654192 1.177053975945287434e-06 84.69560150732952764 -0.1580610201987975305 0.9874293462638166208 -5.741058475816107145e-06 -13.0398770738311498 -2.069695197745964663e-06 5.482843265453842766e-06 0.9999999999828274033 0.4951408320569793964
0.9831231651842525787 0.1829449154173382053 1.809042365399670598e-06 86.46461880330372196 -0.1829449154262825228 0.9831231651363165902 9.70844566112273213e-06 -13.37963833784567846 -2.400685829493725495e-09 -9.875552929922909922e-06 0.9999999999512366733 0.4951613034359781951
0.9781679493023502925 0.2078159352874807131 -6.762002433160470655e-07 88.20635001135897824 -0.2078159352868440002 0.9781679493022999994 9.056632758269515362e-07 -13.78201587450499055 8.496486660436756853e-07 -7.453656032681822195e-07 0.9999999999993612887 0.4951500350281035634
0.9718120064301367655 0.2357571295996144234 -1.848000120457311331e-06 89.93343852999880994 -0.2357571296056717725 0.9718120064202532271 -4.44625439690063685e-06 -14.22888908747672865 7.476725308435298737e-07 4.756602610460777725e-06 0.9999999999884078283 0.4951490868424727743
0.9645969490631388643 0.2637285078616412592 -1.178768391673580769e-06 91.67333648880023134 -0.263728507852502958 0.9645969489682121312 -1.376014722373865981e-05 -14.74663206780936875 -2.491906701124601804e-06 1.358387085971769773e-05 0.9999999999046343957 0.4951338549163807334
0.9566096051860524252 0.2913727222420547935 -1.127897982309778074e-06 93.42492663881417059 -0.291372722229733816 0.9566096050926427008 -1.368083992766246028e-05 -15.31742357055561499 -2.907265528838665946e-06 1.341586158731779009e-05 0.9999999999057812561 0.4951335065202506214
0.9476769776468196849 0.3192308663597693275 1.900866171521448392e-06 95.13458111526470873 -0.3192308663568116378 0.9476769775606871393 1.299050805337845163e-05 -15.9014528142540037 2.345564032158761935e-06 -1.291762056488550968e-05 0.9999999999138167173 0.4951777538166826642
0.9356370270237054365 0.3529636718721820277 -1.726630502666930891e-06 96.7977922611762267 -0.3529636718651788518 0.9356370270217674312 3.398781506053230947e-06 -16.5524134868577093 2.815145830548200961e-06 -2.570587981651057819e-06 0.9999999999927334793 0.4951604032978211833
0.9161077490455643568 0.4009321540306557963 2.289235639589707554e-06 98.4995714955720274 -0.4009321540368731007 0.9161077490227090836 6.490835169659725757e-06 -17.2916367839017191 5.051980172625215076e-07 -6.864132572781435382e-06 0.9999999999763142799 0.49517476737864069
0.8880010536300437796 0.459841416960536209 -1.375227386244445457e-06 100.1718118750327022 -0.4598414169447535005 0.8880010535652803627 -1.146413763718923575e-05 -18.15912761049263224 -4.050481927438820446e-06 1.081255281069575811e-05 0.9999999999333412104 0.4951415462526174149
0.8556258062082634508 0.517594899263003061 -3.100609363484298063e-06 101.7220668576287181 -0.5175948992702170681 0.8556258062064390213 -2.295252915721679537e-06 -19.0970594375999525 1.464950184666408973e-06 3.56873721763517649e-06 0.9999999999925590632 0.4951581043881837507
0.8209067868534740686 0.5710622096579845985 -8.231534057888382625e-07 103.1960689827788258 -0.5710622096324440289 0.8209067868288438818 8.383697415863621588e-06 -20.11421735024143231 5.463344988820351402e-06 -6.412162304832134318e-06 0.9999999999645179383 0.4951798640175747446
0.7836858979395291414 0.6211573177025674353 6.123614207402569019e-06 104.6341656469674746 -0.6211573177202087681 0.7836858978229714889 1.408090266871998572e-05 -21.24538995148287412 3.947465634483241999e-06 -1.483873262755847571e-05 0.9999999998821147429 0.4952051478973529819
0.7444190873096021566 0.667712679495206296 9.62827448552930187e-06 105.9667073195264066 -0.6677126795512057233 0.7444190871258264952 1.7074334462029337e-05 -22.43608427720565857 4.233278311124343987e-06 -1.91393814328300445e-05 0.9999999998078817898 0.4952101028766738855
0.698741917991448358 0.7153738406690153262 1.141609426675954462e-05 107.1865823241035258 -0.7153738407308087854 0.698741917729434725 2.020089751637489328e-05 -23.66405512481998485 6.474290040314711995e-06 -2.228198907749722057e-05 0.999999999730798228 0.4952255616189362164
0.6523108057624863454 0.7579515898818286468 9.128908068850981818e-06 108.3388587062038368 -0.7579515899148405733 0.6523108056045817671 1.546932279571560992e-05 -24.98182428255458021 5.770112430725510418e-06 -1.701007680244526438e-05 0.9999999998386814859 0.4952269863761522006
0.6060508215518186637 0.7954259246848689457 -6.149767724191787098e-06 109.3972949208571066 -0.7954259247078763195 0.6060508215438515922 -3.29781480548474703e-06 -26.37949231612103773 1.103904390458138702e-06 6.89032805094368599e-06 0.999999999975652365 0.4952169166828251923
0.5583793670425494238 0.8295857294140497329 -3.994230661471029902e-06 110.3519370455234849 -0.8295857294090959178 0.5583793670548058419 3.238121005712401117e-06 -27.77714813254952375 4.91659496507797099e-06 1.505456799147746386e-06 0.9999999999867803524 0.4952260272122309681
0.5113196407663233023 0.859390612349815175 -1.933495985399450256e-05 111.1657081426533438 -0.8593906125661945339 0.5113196405998580163 -1.312119459270887988e-05 -29.18899345511827192 -1.389886732232017747e-06 2.332540749843604091e-05 0.9999999997269968244 0.4952142627693189025
0.4642255282888767542 0.8857170309342953241 -2.87911253152435842e-07 111.9335280994260131 -0.885717030917076209 0.4642255282818324447 6.093087022448219222e-06 -30.63598081674483709 5.530406700340096197e-06 -2.573558641596333659e-06 0.9999999999813957707 0.4952426990565288456
0.416084827038620042 0.9093258032863373863 1.371611349268051313e-05 112.5985266637798645 -0.9093258033255335882 0.4160848267825781321 1.816363684082342514e-05 -32.08282356073042507 1.080959695415091881e-05 -2.003002961354222246e-05 0.9999999997409753094 0.4952633682782990876
