1631149238737476 0.9999727208254475 0.007386311999347236 0.0 0.0 -0.007386311999347236 0.9999727208254474 0.0 0.0 0.0 0.0 1.0 0.494999999999999
1631149238987544 0.9999624130029237 0.008670211800396288 -2.5444163553192068e-06 0.004339606400462592 -0.00867021179736725 0.9999624130054681 1.1990825353483772e-06 -6.220758952515238e-06 2.5547170179089655e-06 -1.1769768367378154e-06 0.9999999999960443 0.494979450746792
1631149239237604 0.9999191255090194 0.012717800078426477 -4.5918430707780005e-07 0.0066656951065550245 -0.012717800075091849 0.9999191254870367 6.6526017889903685e-06 -0.002321214118247295 5.437536303255031e-07 -6.646223949006798e-06 0.9999999999777662 0.4949731382782985
1631149239488291 0.9999578486598371 0.009181552230304004 -1.2862018973058981e-08 -0.018044399436290957 -0.009181552229462413 0.9999578485852882 1.2210936690205797e-05 -0.014321737619438765 1.249768298231228e-07 -1.2210303889587946e-05 0.9999999999254467 0.4949578514559943
1631149239737729 0.9999742904749913 0.007170661531863996 1.4961732218510865e-08 -0.004328083943421875 -0.007170661531870469 0.9999742904748705 4.91999870712654e-07 -0.013293508833398263 -1.1433383012804773e-08 -4.920945071484441e-07 0.999999999999879 0.4949868543421952
1631149239988419 0.9999707945459825 0.007642646886473567 1.1885843257608314e-06 -0.003690570671991141 -0.007642646880396571 0.9999707945340545 -5.035937715647761e-06 -0.007015921650703783 -1.2270375063075614e-06 5.0267067085222135e-06 0.9999999999866136 0.495002653098120
1631149240238486 0.9999747386492834 0.0071078871130501676 1.3612011298062182e-06 -0.0014399704977245368 -0.0071078871115571925 0.999974738649617 -1.0985051051582437e-06 -0.009784437001686502 -1.3689747943108018e-06 1.0888020914716226e-06 0.9999999999984703 0.494994004088284
1631149240488548 0.9999695859260391 0.007799180710289038 9.599660352335647e-07 -0.0026836991009080084 -0.0077991807077922555 0.999969585923197 -2.5777145085060294e-06 -0.0030050577780377195 -9.800409000257638e-07 2.5701491611301696e-06 0.9999999999962172 0.4950064877634221
1631149240738610 0.9999581752946008 0.009145909397904318 7.37953931884188e-07 -0.00038039679532929165 -0.009145909397039848 0.9999581752942011 -1.1664028698803585e-06 -0.0009472179869002641 -7.485908821491832e-07 1.1596048256263126e-06 0.9999999999990477 0.4950052723050672
1631149240988674 0.9999420173863421 0.01076855898940816 6.25423095992977e-07 2.5450428818877527e-05 -0.010768558990283143 0.9999420173855301 1.4129623499219864e-06 -0.00019792108792685773 -6.101712639131052e-07 -1.4196153281782065e-06 0.9999999999988065 0.494999755465896
1631149241238737 0.9999453565929256 0.010453890471325241 1.668751877255403e-07 0.011783203071207424 -0.010453890472023625 0.9999453565806653 4.9530121169775185e-06 -0.008354138619833106 -1.150878229207419e-07 -4.954485962466214e-06 0.99999999998772 0.4949886346947312
1631149241488798 0.9999693466692653 0.007829796905580038 1.6559699611075253e-07 0.007577279827741524 -0.007829796905664294 0.9999693466691458 5.145477968624836e-07 -0.006629994966482802 -1.6156311526393234e-07 -5.15828615107582e-07 0.9999999999998541 0.495009518156334
1631149241738240 0.9999906735926944 0.004318880080476063 4.97077644170617e-07 -0.00018563166177497085 -0.004318880080568276 0.9999906735928005 1.8463218797713922e-07 -0.01021298889233226 -4.962756039443409e-07 -1.867772847584624e-07 0.9999999999998597 0.49500629302419
1631149241988928 0.9999784911129577 0.006558758160861478 7.792855653189229e-07 -0.002049869816674617 -0.006558758158196566 0.9999784911075855 -3.374369734549413e-06 -0.004719493884209873 -8.014004787851316e-07 3.369186010060479e-06 0.9999999999940035 0.4950152381748062
1631149242238366 0.9999746864236575 0.007115230726954936 1.1737624589927231e-06 0.0020334396435083796 -0.007115230725168499 0.9999746864232052 -1.519174403374387e-06 -0.004183810813460009 -1.1845420232642306e-06 1.5107843569278454e-06 0.9999999999981575 0.495008034294923
1631149242489055 0.9999452300766409 0.010465985035445843 1.406715503255989e-06 -0.009779764078697708 -0.010465985035540809 0.9999452300776275 6.017893903156839e-08 -0.004336503826747931 -1.4060086256848624e-06 -7.489830644218824e-08 0.999999999999009 0.4950054343680962
1631149242739119 0.9999323071880916 0.011635335743221715 1.1873987260545543e-06 -0.009093248445746127 -0.011635335745521065 0.9999323071868718 1.9482996944641004e-06 -0.0077683424868765115 -1.164649226623549e-06 -1.961983591425188e-06 0.9999999999973974 0.4950000863949331
1631149242989180 0.9999175962975398 0.01283746906599427 5.449335103403062e-07 0.004700205884979783 -0.012837469066889295 0.9999175962962789 1.6720604223480675e-06 -0.00969990968777685 -5.234235818535425e-07 -1.678918205464793e-06 0.9999999999984539 0.4950022395038905
1631149243239248 0.9999358797757832 0.01132414829648418 3.9639187381350525e-07 0.007816350026909849 -0.011324148295845613 0.9999358797746245 -1.5776873502055641e-06 -0.0050600741917216 -4.142324225973547e-07 1.573097388180106e-06 0.9999999999986771 0.495010108742924
1631149243489309 0.9999556911484728 0.009413593161906682 1.1529288059691236e-06 -0.009928681194855673 -0.009413593161294039 0.9999556911489997 -5.356394667564521e-07 -0.0039187367223888 -1.1579200130425592e-06 5.247625304646418e-07 0.9999999999991922 0.49500284122201
1631149243739372 0.9999649677347914 0.008370382355661399 3.8058162309048053e-07 -0.00010835486900822787 -0.008370382356098108 0.9999649677341865 1.1608086633698882e-06 -0.006617271315239407 -3.7085187810053704e-07 -1.1639536113185127e-06 0.9999999999992542 0.4950013120039090
1631149243988809 0.9999983341251488 0.0018253064482717741 1.0318478570965127e-06 -0.016686008567208935 -0.0018253064465265426 0.9999983341242566 -1.6897628302849607e-06 -0.0021086337921256445 -1.0349304731587074e-06 1.687876576809914e-06 0.9999999999980402 0.495008883508623
1631149244238877 0.9999958642389893 0.0028760219656815142 5.805010618091399e-07 -0.008106314056087523 -0.002876021964619917 0.9999958642375022 -1.8213461243785723e-06 0.0013291827787814468 -5.857368924567515e-07 1.819669057926098e-06 0.999999999998173 0.495007527832739
1631149244488949 0.9999837369653869 0.00570313966831869 6.566001957758163e-07 -0.006361153903695112 -0.005703139667706708 0.9999837369651732 -9.301429850910704e-07 0.003610722785597095 -6.618942528208996e-07 9.263831755232417e-07 0.9999999999993521 0.4950054237809639
1631149244739625 0.9999739591577274 0.007216716954776757 7.628846242858847e-07 -0.007188168406676805 -0.007216716955399447 0.9999739591576804 8.16681832895561e-07 0.0029243347224217884 -7.569709964990504e-07 -8.221660882178809e-07 0.9999999999993758 0.4950012634132547
1631149244989693 0.9999560491937698 0.009375482819670204 6.727642270087173e-07 -0.011560209999047789 -0.009375482821224673 0.9999560491912297 2.3458983121754316e-06 -0.0006475361671252429 -6.507407291558375e-07 -2.35210269751157e-06 0.9999999999970224 0.4949980524655719
1631149245239755 0.9999266285103428 0.012113529366065315 6.219386900741699e-08 -0.002108232934766047 -0.012113529366146071 0.9999266285091808 1.5250772892005635e-06 -0.0019482881752601047 -4.371523722237146e-08 -1.525718779270035e-06 0.9999999999988354 0.494999284409375
1631149245489819 0.999904378860358 0.013828706864557642 -3.2128299798877835e-07 0.015195261521863271 -0.013828706863074157 0.9999043788514653 4.2341144216040755e-06 -0.009307441187693452 3.7980460370778006e-07 -4.229266622367868e-06 0.9999999999909848 0.4949896257057868
1631149245739883 0.9999056602121915 0.013735744355714114 -6.189266486184686e-07 0.004353753032466219 -0.013735744350651445 0.9999056601839349 7.55184866627568e-06 -0.02367497202937486 7.225985218869108e-07 -7.5426348082745535e-06 0.9999999999712934 0.4949823340993406
1631149245989945 0.9998881451693238 0.01495650852339552 -6.374748723803618e-07 0.0023513028882603286 -0.014956508525024293 0.9998881451660389 -2.6318572567892205e-06 -0.01590166325564017 5.980401722421587e-07 2.641097269210542e-06 0.9999999999963336 0.4950094832142053
1631149246240641 0.9999545420500974 0.009534874423276624 9.379450635198982e-07 -0.015355800800132853 -0.00953487442563308 0.9999545420472868 2.5408396084194672e-06 -0.029384643275320067 -9.136758398635752e-07 -2.549667295464353e-06 0.9999999999963325 0.4949927624814098
1631149246490699 0.9999492882151234 0.010070799124225652 9.139576856530801e-07 -0.007535937120686964 -0.010070799119869581 0.9999492882047648 -4.6517600605137e-06 -0.02003462644034904 -9.607582783639078e-07 4.642319877212271e-06 0.9999999999887632 0.495014266781999
1631149246740760 0.9999342771136881 0.0114647917220268 1.2898931171088912e-06 -0.0043497242945394156 -0.011464791715602088 0.9999342771026732 -4.882563611647244e-06 -0.011595971208458667 -1.345785916475983e-06 4.867454359561939e-06 0.9999999999872486 0.49500927879613
1631149246990828 0.9999566259473401 0.009313765090671429 1.270663169126495e-06 -0.013746316639699626 -0.009313765089500995 0.9999566259477315 -9.239303548567251e-07 -0.007444882135292385 -1.2792133256039206e-06 9.120556219897613e-07 0.9999999999987661 0.4949996513417573
1631149247240887 0.9999411699882218 0.01084696085774874 7.100150285659175e-07 -0.010529477612172945 -0.010846960857702271 0.999941169988472 -6.923646784665764e-08 -0.0006855547580882697 -7.107242636318504e-07 6.153088944133844e-08 0.9999999999997458 0.4950007330175830
1631149247490950 0.9999017758063605 0.014015660421018669 1.2970408847653161e-07 0.00402075578268047 -0.014015660421496066 0.9999017757935166 5.068375770510949e-06 -0.004776596479244734 -5.865471470982095e-08 -5.069695821858516e-06 0.9999999999871476 0.494986946411630
1631149247741019 0.9998845473985254 0.01519512656236973 -4.085590078451545e-07 0.00024673658157713373 -0.015195126560433191 0.9998845473890198 4.385788649154574e-06 -0.0063964871711907 4.751544522417778e-07 -4.37907419262367e-06 0.9999999999902991 0.4949938148126300
1631149247991081 0.9999201169598829 0.01263960824706771 -2.4930968561029515e-07 0.010164212594837928 -0.012639608245183261 0.9999201169388615 6.492239057331684e-06 -0.014472535152908417 3.313491283210559e-07 -6.488569260795267e-06 0.9999999999788947 0.4949846223139885
1631149248241143 0.9999007666283984 0.014087472924983871 -5.441621556880846e-07 0.018056433085983453 -0.014087472924276312 0.9999007666277335 1.2828888500702443e-06 -0.012915376439669267 5.621808185847137e-07 -1.2750956750524307e-06 0.9999999999990292 0.494999349541291
1631149248491207 0.999949735819828 0.010026257077622676 -7.981272300508885e-07 0.01826115913648621 -0.010026257074519429 0.9999497358129513 3.8015494374656653e-06 -0.02256622193231879 8.362024247897557e-07 -3.7933561269216005e-06 0.9999999999924558 0.4949891084315623
1631149248741270 0.9999803093554138 0.006275420240318768 -1.603160654793958e-07 0.0046125827243302525 -0.006275420240983668 0.9999803093450582 -4.5528592341837445e-06 -0.012506484346079545 1.3174180376142856e-07 4.553775636143157e-06 0.9999999999896232 0.4950114049835467
1631149248991337 0.9999783023461583 0.006587475251178628 2.1160114430281645e-06 -0.015496260524208482 -0.006587475243023585 0.9999783023410853 -3.838080600480199e-06 -0.004438993599062167 -2.1412487915060213e-06 3.824058150149587e-06 0.9999999999903961 0.495001620337744
1631149249242024 0.9999460228914518 0.01038996154969328 5.757684093962901e-07 -0.004843687696678709 -0.010389961550482564 0.9999460228906499 1.385269055972651e-06 -0.0045228331744166204 -5.613444388556423e-07 -1.3911764947931527e-06 0.9999999999988749 0.494990698692647
1631149249492091 0.9999172867317382 0.01286155871604476 -4.475549251665455e-07 -0.0048062549995707155 -0.012861558713779383 0.9999172867206241 4.741819567343217e-06 -0.0074709542318814786 5.085050972184117e-07 -4.735671102012195e-06 0.9999999999886577 0.4949870197650439
1631149249742152 0.9998865365478613 0.015063665801292614 -8.46717821511179e-07 0.013238328302230361 -0.01506366580002846 0.9998865365471435 1.4800384928449352e-06 -0.005684755256408392 8.689165552147409e-07 -1.4671158882813536e-06 0.9999999999985465 0.4949972267007582
1631149249992208 0.9998682436763962 0.016232537833170625 8.610580076389158e-07 0.012380261073964708 -0.01623253783605666 0.9998682436707405 3.4579381838063195e-06 -0.010957170682991763 -8.048134454049716e-07 -3.471459735279754e-06 0.9999999999936509 0.4949876450290152
1631149250242904 0.9998814987118675 0.015394431458729112 -3.3970581625585578e-06 0.056403474279440445 -0.01539443146118988 0.9998814987173557 -6.994311322419509e-07 -0.017928307518431285 3.385888262191229e-06 7.516440278067138e-07 0.9999999999939857 0.4950071322220896
1631149250492940 0.9999288727144475 0.011926839852593903 9.550122559627741e-07 0.0121677047619658 -0.011926839842140121 0.9999288726620692 -1.0291291749508572e-05 -0.011611107505039495 -1.0776869170584215e-06 1.0279169479660402e-05 0.999999999946589 0.4950279320090672
1631149250742966 0.9999494469262563 0.010055027762652696 2.516720912626342e-06 -0.023146478948865953 -0.01005502775521238 0.9999494469251415 -2.9517418837605725e-06 -0.013921276530870663 -2.546273531240813e-06 2.9262869655133315e-06 0.9999999999924769 0.4949964304739386
1631149250993012 0.9999463506272117 0.010358371622129192 1.5577346195698436e-06 -0.05170478410901013 -0.010358371627722851 0.9999463506217902 3.626766106774054e-06 -0.010943197188463951 -1.5200836569590351e-06 -3.642707127142158e-06 0.9999999999922102 0.4949854420104269
1631149251243061 0.99993558633784 0.011350029646061176 -3.494057332447629e-08 -0.08927703587645454 -0.011350029645978633 0.9999355863361804 1.822599240142441e-06 -0.005099616851730626 5.562487808278765e-08 -1.8220852633117203e-06 0.9999999999983387 0.494999002804443
1631149251493105 0.9999283418265381 0.011971265966890845 9.731813747260117e-07 -0.14748143121957716 -0.011971265971852416 0.9999283418131003 5.263256840801195e-06 -0.009332369165740593 -9.101037908217912e-07 -5.27452989851702e-06 0.9999999999856757 0.4949887966556099
1631149251743149 0.9999183513733723 0.012778520356978827 1.4180641540045607e-06 -0.20211749436623203 -0.012778520363527541 0.9999183513632042 4.709331495950055e-06 -0.010572356744643368 -1.357770082613739e-06 -4.727067747180376e-06 0.9999999999879059 0.494992736106
1631149251992568 0.9999016760386955 0.014022775773543803 3.51851769038674e-06 -0.2760565237572739 -0.014022775821502421 0.9999016759462389 1.3997490812102573e-05 -0.02345888438892001 -3.3218880604212894e-06 -1.4045453908185237e-05 0.9999999998958453 0.494972300499687
1631149252242610 0.9998368470186086 0.018063203908868626 2.49023375483504e-06 -0.35144797922455784 -0.018063203904889157 0.9998368470204833 -1.6113593005926047e-06 -0.008225740904510052 -2.518933777400939e-06 1.5661148024376726e-06 0.9999999999956013 0.49501457509407
1631149252493289 0.9997230951010266 0.023531534437844857 2.52819400013217e-06 -0.4380761834059628 -0.02353153445408133 0.9997230950820766 6.596774448587538e-06 -0.014278566562191177 -2.3722617056697363e-06 -6.654440053660869e-06 0.9999999999750455 0.4949901723456139
1631149252743324 0.9995258467528958 0.030790934815701963 1.962050536785609e-06 -0.5800720460252831 -0.0307909348392182 0.9995258466647723 1.336281075764659e-05 -0.02579575404033216 -1.5496667889899655e-06 -1.3416888107794777e-05 0.999999999908793 0.494985101482142
1631149252993370 0.9991855313920857 0.04035187540640815 2.380880175646526e-06 -0.7827083911428818 -0.040351875452827986 0.9991855310903415 2.459510871969957e-05 -0.048661625524522634 -1.3864822601045965e-06 -2.4671149756110017e-05 0.9999999996947062 0.4949737154251311
1631149253243417 0.998658156704853 0.051786928939383636 5.971609522200116e-06 -1.1217568769981514 -0.05178692903452104 0.9986581565720182 1.7062211072258505e-05 -0.06266637637346156 -5.079997044871783e-06 -1.7348567577317594e-05 0.9999999998366107 0.494966519649627
1631149253494084 0.9978627202860672 0.06534517162612284 2.492015820171995e-06 -1.4181101878812805 -0.06534517164293756 0.997862720260641 7.3997355770127456e-06 -0.07012212869632974 -2.0031526939860344e-06 -7.546761473798432e-06 0.999999999969517 0.4949707763955548
1631149253743502 0.9966903950152206 0.08129118329880823 -2.2479228070671723e-07 -1.7929902538271032 -0.0812911832620768 0.9966903944737653 -3.294463772129729e-05 -0.01511824117731022 -2.4540602767880822e-06 3.285387761463331e-05 0.9999999994573003 0.495065648401786
1631149253993549 0.9952346633215573 0.09750879396423906 4.54241296387827e-06 -2.2311812395470074 -0.09750879396262935 0.9952346633319151 -5.750237077366954e-07 -0.0015180989528304962 -4.576836705072387e-06 1.2935831638355083e-07 0.9999999999895182 0.4950095053402003
1631149254244214 0.9936393439936119 0.11260929816998061 5.6015176379353725e-06 -2.7247589279619953 -0.11260929827392648 0.9936393436989651 2.436208833976093e-05 0.009901600360154481 -2.822490639587036e-06 -2.4837912446766848e-05 0.9999999996875562 0.49499711871069
1631149254494260 0.9917398885465314 0.1282653244668015 1.7049579596237013e-06 -3.2364801961959864 -0.12826532447724975 0.9917398885014171 9.471523612183552e-06 0.058457523651509975 -4.760067674661748e-07 -9.611974757445423e-06 0.9999999999536919 0.495042667833978
1631149254744305 0.9895247600020707 0.1443632548111347 9.733370404627862e-07 -3.8170015879199655 -0.14436325481430298 0.9895247599872398 5.420671447135994e-06 0.10396083087755179 -1.8059532798069719e-07 -5.504402715982139e-06 0.9999999999848348 0.495060067908259
1631149254993727 0.9873178667148479 0.15875588197322554 1.520682855440685e-06 -4.486679709252286 -0.1587558819680714 0.9873178667121054 -3.060084606260987e-06 0.16236489976173832 -1.9872037833634606e-06 2.7798588575175384e-06 0.999999999994162 0.4950933585462833
1631149255243772 0.9851317454933551 0.17180059371843603 4.1201700597044145e-06 -5.230356909330616 -0.17180059374856158 0.9851317454587925 8.644202290062758e-06 0.20762214103475593 -2.5738312368543696e-06 -9.223525753030043e-06 0.9999999999541511 0.495070780155412
1631149255493817 0.9830624591675595 0.18327084140745387 7.937375246284355e-06 -6.023171701927436 -0.18327084156594964 0.9830624586972407 3.0489536689414903e-05 0.2249442558881261 -2.215092582027367e-06 -3.142780835805718e-05 0.9999999995036932 0.4950363908181235
1631149255743859 0.9813933874392784 0.19200786190212316 7.483390188392072e-06 -6.890083848348832 -0.19200786204324044 0.9813933869428967 3.124262131936476e-05 0.2330177026003889 -1.345320723055423e-06 -3.209817172007419e-05 0.999999999483949 0.495025910857839
1631149255994531 0.9808405065958155 0.194812475190238 1.1352713726413981e-05 -7.8241627333649015 -0.1948124754841103 0.9808405058789911 3.769038790339743e-05 0.18707169342192267 -3.792643716182648e-06 -3.917990942955376e-05 0.9999999992252755 0.495043391336560
1631149256244577 0.9813966235139203 0.19199132097107724 5.002491720419128e-06 -8.737860020545247 -0.19199132103178246 0.981396622980213 3.239247459063688e-05 0.0762240093604915 1.309645505275537e-06 -3.275030018443844e-05 0.9999999994628515 0.4949803217048297
1631149256494621 0.9821698308089599 0.18799580697579737 -2.446533944294993e-06 -9.64397320693067 -0.18799580691008297 0.9821698306828134 1.668796865971766e-05 -0.034363066080028995 5.540179964810782e-06 -1.593048123210504e-05 0.9999999998577633 0.4949435347055623
1631149256744042 0.9832878970091377 0.1820574403655269 -8.170211624718281e-07 -10.64021215602213 -0.18205744035757013 0.9832878969929008 5.957849459755335e-06 -0.17220291131075136 1.8880378433760305e-06 -5.70953648443501e-06 0.9999999999819185 0.4949661799665705
1631149256994703 0.9842951200450695 0.1765307810260351 -1.8888549705718408e-06 -11.67926433972716 -0.17653078102829695 0.9842951198441283 -1.9958457766521515e-05 -0.24660092552614743 -1.6640914079757088e-06 1.9978453626461577e-05 0.9999999997990463 0.4950227095268406
1631149257244746 0.9851240368508374 0.17184479047934895 -1.2593674220663288e-06 -12.705104053761673 -0.17184479047298928 0.9851240366786485 -1.8520980252759534e-05 -0.34032389942539937 -1.9421008525244046e-06 1.8461878563847834e-05 0.9999999998276938 0.4949905114798186
1631149257494803 0.9864361301687059 0.16414554848646015 2.763083537030728e-06 -13.795048324959653 -0.16414554848219076 0.9864361301718069 -1.7083903795959656e-06 -0.4738240639745689 -3.0060301075045036e-06 1.2316701321808183e-06 0.9999999999947236 0.49502281252141
1631149257744847 0.9883163448197647 0.15241654292756057 -1.3704660657721435e-06 -14.862898946971342 -0.15241654293284904 0.9883163447437229 -1.2270818658719394e-05 -0.6467669451249725 -5.158217461349326e-07 1.233633234471104e-05 0.9999999999237745 0.4949629452892206
1631149257994891 0.9902271104172524 0.1394642240452564 -1.9799953723879875e-06 -15.980954163236788 -0.1394642240591472 0.9902271102944993 -1.5593366365809395e-05 -0.8513879563982644 -2.1407164446524536e-07 1.571711263637889e-05 0.9999999998764635 0.4949456420339895
1631149258244936 0.9915022008610785 0.13008991384085705 -1.511060951899409e-06 -17.176668819009286 -0.1300899138449889 0.9915022006606496 -1.996647151300081e-05 -0.9974913126521056 -1.0992162996940062e-06 1.9993374237662093e-05 0.9999999997995286 0.494943171753753
1631149258494977 0.9924148793242548 0.1229337516029988 3.2256234162632336e-06 -18.43898264665339 -0.12293375161366192 0.9924148793225345 3.346249194697017e-06 -1.1371191283727133 -2.7897897060944324e-06 -3.7174054786065374e-06 0.9999999999891993 0.495021344411627
1631149258745025 0.9931363557691247 0.11696229668427978 1.3146435853458358e-06 -19.741578244519005 -0.11696229668621586 0.9931363557686231 1.5072163442854458e-06 -1.2542452879194466 -1.1293328542597718e-06 -1.650635080588846e-06 0.9999999999980003 0.494981338345304
1631149258995070 0.9937245748583106 0.1118546794710406 -9.319756571425955e-07 -21.00646386320899 -0.11185467946980977 0.9937245748580589 1.2821353200625004e-06 -1.3725828609805524 1.069539948938564e-06 -1.169843537439194e-06 0.9999999999987439 0.494922913602307
1631149259245740 0.9941319772427747 0.10817398864680185 -1.1749024868221807e-06 -22.344636218483455 -0.10817398864803021 0.9941319772427938 -1.0376270683237156e-06 -1.4732133618759964 1.0557638735859018e-06 1.1586321373479122e-06 0.9999999999987716 0.494920950214378
1631149259496412 0.9944364711936452 0.10533804986369649 2.934520391574017e-06 -23.805051519271252 -0.10533804984778451 0.9944364711864146 -5.132629669880678e-06 -1.5553175135976574 -3.4588553029269466e-06 4.7949574815836845e-06 0.9999999999825226 0.4950196427452212
1631149259746449 0.9946862372722511 0.10295285014646424 5.0653546724473254e-06 -25.271352619673664 -0.10295285012439753 0.9946862372775216 -4.440367328382995e-06 -1.63447064144821 -5.495587051779281e-06 3.895279569565233e-06 0.9999999999773128 0.49507052963965
1631149259996503 0.994913682806684 0.10073114593357606 8.466247847537063e-07 -26.770244246573206 -0.10073114593655241 0.9949136827943581 4.9642437133413165e-06 -1.7319019215896732 -3.422646246066389e-07 -5.024275479948085e-06 0.9999999999873199 0.4949634979075598
1631149260245926 0.9952571269721986 0.09727924344413154 1.936397980370044e-06 -28.357025908482104 -0.0972792434492551 0.9952571269697671 2.7555567138561563e-06 -1.8621812937267375 -1.6591554182255318e-06 -2.930858788795037e-06 0.9999999999943288 0.495009891976044
1631149260496603 0.9956035707933168 0.09366712231716273 4.264465398071927e-06 -29.961067267047884 -0.0936671223229973 0.9956035708011908 1.1892244716889835e-06 -2.0087960635618893 -4.134325743835505e-06 -1.5834363325752807e-06 0.9999999999902003 0.4950771043517630
1631149260746637 0.9959999433478014 0.0893538630890301 -1.0285715612474622e-07 -31.490352719971877 -0.08935386308811057 0.9959999433308445 -5.826920284875228e-06 -2.176535419072946 -4.182121156949466e-07 5.812802957886863e-06 0.9999999999830185 0.494944604610182
1631149260996683 0.9962148758442815 0.08692480163651733 -2.1868500591371016e-06 -32.9855379303877 -0.08692480165915745 0.9962148757394834 -1.4479268402014035e-05 -2.2828942454651378 9.199650262392362e-07 1.4614554081109883e-05 0.9999999998927844 0.494863932396964
1631149261247350 0.9967879209306149 0.08008645755355438 -1.0547411815671343e-06 -34.470438789885804 -0.08008645755486185 0.9967879209302691 -1.2619020972372993e-06 -2.5571188383074377 9.502920007488268e-07 1.342319252795087e-06 0.9999999999986477 0.4949108451945275
1631149261498019 0.9973453784192146 0.07281618049880206 1.0803034358543049e-06 -35.95018475607636 -0.0728161804864922 0.9973453783816109 -8.82991870847739e-06 -2.8402277484747747 -1.7203965934691537e-06 8.727815045771425e-06 0.999999999960433 0.494988084441653
1631149261747437 0.9977744785207706 0.06667900724471736 1.7973387693221068e-06 -37.468545033709354 -0.06667900720021729 0.9977744783537309 -1.8506782443617942e-05 -3.0860851786368158 -3.0273526336264686e-06 1.8345750437078348e-05 0.9999999998271345 0.4950016111500249
1631149261997490 0.9981767497754728 0.06035872932240421 -1.5876699387131652e-07 -38.919460110993356 -0.06035872932093472 0.9981767497246502 -1.0082802378752486e-05 -3.360634758409755 -4.501076176853862e-07 1.0074001881082235e-05 0.9999999999491562 0.494942193239552
1631149262246909 0.9983870302448266 0.05677444703096199 -1.0057022534867955e-06 -40.431440623794785 -0.05677444703980997 0.9983870300614929 -1.913329040204925e-05 -3.5124052238782713 -8.220189647452374e-08 1.9159527172684982e-05 0.999999999816453 0.494906822098517
1631149262496956 0.9984364720847444 0.055898221872526375 4.7641414342689826e-07 -42.03067493710374 -0.05589822184803925 0.9984364718373603 -2.229257720388187e-05 -3.553522344680885 -1.7217846831533898e-06 2.223109143368942e-05 0.9999999997514073 0.494952078262484
1631149262746374 0.9988240550839221 0.04848202740736292 1.396234114308351e-06 -43.65635865865944 -0.04848202739209598 0.9988240550410856 -9.43407010977821e-06 -3.8829453408623174 -1.851975065469538e-06 9.355283902439907e-06 0.9999999999545246 0.495023066743951
1631149262995839 0.9989902490759498 0.04492752217515277 3.748568344582312e-07 -45.28382236083576 -0.04492752217058665 0.998990249042703 -8.183930816037672e-06 -4.053201308623169 -7.421620556298932e-07 8.158825695611113e-06 0.9999999999664415 0.4949770633519531
1631149263245843 0.9990921584783784 0.04260116036387863 6.584240603202632e-07 -46.94631336819285 -0.04260116036795782 0.9990921582290179 2.232384093073596e-05 -4.217642215272252 2.9319521197339226e-07 -2.233162405005065e-05 0.9999999997506066 0.4950868681663247
1631149263496520 0.9991682079095145 0.04077857646873943 1.3565341631916338e-06 -48.63307096992876 -0.04077857648957512 0.9991682076205344 2.4033724265089412e-05 -4.358252876583494 -3.7534474564052666e-07 -2.4069050735528974e-05 0.9999999997102702 0.495155415165311
1631149263746554 0.9992840192053304 0.037834494186741174 2.870810672065676e-06 -50.34510256031464 -0.03783449423513106 0.9992840190220238 1.9259570933060716e-05 -4.564934274631922 -2.140079101731906e-06 -1.9354397120024695e-05 0.9999999998104139 0.495209551882615
1631149263997227 0.9993190500770763 0.036897644170765374 2.33772208479721e-06 -52.050370826124315 -0.036897644166896594 0.9993190500785463 -1.6769987186091889e-06 -4.661455766334232 -2.3980075151266136e-06 1.5896003288186128e-06 0.9999999999958615 0.495115584892502
1631149264247272 0.9993972823010676 0.03471414879563141 -6.341184637029854e-07 -53.73218101947566 -0.034714148800863945 0.9993972822219085 -1.2580221773154279e-05 -4.8168019893168905 1.9702457871657707e-07 1.259465233356959e-05 0.9999999999206681 0.494921434001419
1631149264497942 0.9994702645359562 0.03254520401807139 1.2709091648419783e-06 -55.43753735407422 -0.03254520399335106 0.9994702644071966 -1.6143334660192612e-05 -4.972603042593982 -1.7956240390741205e-06 1.6093420965324312e-05 0.9999999998688891 0.495017419668934
1631149264747980 0.9995180282744734 0.031043697434884592 -1.2837102346855418e-06 -57.10866031729137 -0.03104369745369811 0.9995180280937802 -1.9018196502662378e-05 -5.08326017012297 6.926963844324837e-07 1.9048881381863904e-05 0.9999999998183304 0.494864166059366
1631149264998035 0.9995043465434678 0.03148112505106722 -2.0004353660881614e-06 -58.79317645114334 -0.03148112508160498 0.9995043463875888 -1.771109184115157e-05 -5.089484576819302 1.4418787460334757e-06 1.7765289233278705e-05 0.999999999841158 0.4948423972809767
1631149265247451 0.9995299642533214 0.03065698217777733 -1.1282029981231312e-06 -60.4425474945942 -0.03065698217686781 0.9995299642536539 8.148012024172621e-07 -5.191959229387827 1.152652048328387e-06 -7.798309175220848e-07 0.9999999999990319 0.4949498828529607
1631149265496875 0.9995240645516914 0.030848733778210177 2.028489890773405e-06 -62.17496477209569 -0.030848733781220584 0.9995240645525761 1.4699150858925606e-06 -5.220375291399137 -1.9821794413727975e-06 -1.531791845818966e-06 0.9999999999968625 0.495155370555256
1631149265746911 0.9995604544137543 0.029646213407091414 7.468008196462173e-07 -63.957325191273384 -0.029646213393612255 0.9995604543148006 -1.4113019100998808e-05 -5.326799207773286 -1.1648701426574674e-06 1.4084675969314048e-05 0.9999999999001328 0.495019208575990
1631149265996334 0.9996525725388318 0.02635781123486138 1.0816795800387028e-06 -65.71716303891805 -0.026357811232366003 0.9996525725369289 -2.259745566024031e-06 -5.593223929893384 -1.14086572191699e-06 2.2304497621795504e-06 0.9999999999968621 0.4950765239753407
1631149266247010 0.9996871012461741 0.025013988056935804 1.129740239207797e-06 -67.50090659039839 -0.025013988055134707 0.9996871012456072 -1.581186614976346e-06 -5.729327356686653 -1.1689385279995673e-06 1.5524325548094781e-06 0.999999999998112 0.495083507180047
1631149266497057 0.9997174328901413 0.02377087232807606 -1.4407267825222788e-06 -69.25170648010781 -0.023770872341550738 0.999717432838864 -1.0196093817271635e-05 -5.851871836668172 1.197949636072574e-06 1.0227460068959069e-05 0.9999999999469822 0.494865869748159
1631149266747100 0.9996566726149466 0.02620184905845904 3.137657340233285e-07 -71.10594895595354 -0.02620184904999431 0.9996566724851255 -1.6127471642379004e-05 -5.720291981636801 -7.362275872834303e-07 1.6113713397348543e-05 0.9999999998699034 0.494973263580335
1631149266997141 0.999444613812378 0.03332362399725052 1.6981968794823873e-06 -73.00006403050179 -0.033323623978002245 0.9994446137611508 -1.0322994731476252e-05 -5.253817648898521 -2.0412533192665062e-06 1.0260671408557923e-05 0.9999999999452762 0.495099648101340
1631149267247183 0.9991502225624659 0.041216898680034274 -3.787160128239059e-06 -74.84320276285933 -0.04121689876296604 0.999150222245038 -2.5334207558514977e-05 -4.692958675994763 2.7397444177355197e-06 2.546877411619557e-05 0.999999999671918 0.494645186114012
1631149267497235 0.9987593667914286 0.04979685971943201 -2.4970377663640636e-06 -76.72645443715264 -0.049796859746888786 0.9987593667148409 -1.2509453851529138e-05 -4.086226086591895 1.8710083395896838e-06 1.2618278847122328e-05 0.9999999999186393 0.4947889473120705
1631149267747284 0.9983007693693918 0.05827155283537412 2.0980383160484504e-06 -78.61319047028802 -0.05827155285021722 0.9983007693395356 7.891975332773134e-06 -3.481004017891934 -1.6345956074394795e-06 -8.000820997184946e-06 0.9999999999666578 0.495199607790425
1631149267997949 0.9975376846329456 0.07013250098844072 6.325820030602006e-06 -80.52410851547761 -0.07013250107613775 0.9975376845353987 1.491068039344588e-05 -2.58914195536725 -5.264520558694465e-06 -1.5317611176117707e-05 0.999999999868828 0.495547549198461
1631149268247382 0.996090420306721 0.08833954111624641 6.805748558737174e-06 -82.38451073863122 -0.0883395412585259 0.99609042001253 2.4642695123097923e-05 -1.1793205744669784 -4.602216561340424e-06 -2.514756924831286e-05 0.9999999996732098 0.49555654661830
1631149268497431 0.9939064891748254 0.11022654259064699 9.080338929135575e-06 -84.22918939922026 -0.11022654279429286 0.993906488846336 2.627801091188251e-05 0.5790242988459964 -6.1284734936294236e-06 -2.7118779935546492e-05 0.9999999996135069 0.4957051559359497
1631149268748096 0.9904292653780788 0.1380212672860163 7.560986178580699e-06 -86.0038025527685 -0.13802126739038958 0.9904292652683537 1.5675037243039925e-05 2.888998697701988 -5.3251334805278645e-06 -1.6568592516523985e-05 0.9999999998485625 0.495564310125274
1631149268997514 0.9857721272500519 0.168087218820275 1.984853767235177e-06 -87.64991607808867 -0.1680872188246625 0.9857721272486178 2.300506149941075e-06 5.454139644019484 -1.5699278397858247e-06 -2.6014033906932647e-06 0.9999999999953841 0.4951415799679720
1631149269248181 0.9801652552327187 0.19818191748535108 -3.7651589553921655e-06 -89.16967434330252 -0.19818191752111414 0.9801652550591561 -1.8445634697979334e-05 8.10517232264224 3.48867341704303e-08 1.8825956663267857e-05 0.9999999998227913 0.494835655651351
1631149269498850 0.9741951082404252 0.22570753432972138 -4.9991161773961e-06 -90.55784265686515 -0.225707534381107 0.9741951081157798 -1.564138039885081e-05 10.570598492804644 1.3397371215868729e-06 1.6366094457209455e-05 0.9999999998651783 0.494720339422602
1631149269748275 0.9664320683116719 0.2569222787767027 -2.1857487330612144e-06 -91.84929963323792 -0.256922278783327 0.9664320682278331 -1.278368590146596e-05 13.447491216527752 -1.1720360442541423e-06 1.2916131551775205e-05 0.9999999999159002 0.494976228156594
1631149269998948 0.9569123268376246 0.29037699416547025 -1.8431645978297473e-06 -93.05000913349355 -0.2903769941427817 0.9569123266353103 -2.0093966676649866e-05 16.618267601506364 -4.0710787207547036e-06 1.976337700362303e-05 0.9999999997964177 0.495186604114532
1631149270248989 0.9464641202386725 0.3228090288361721 -6.710375570968287e-07 -94.12208813271994 -0.3228090288213568 0.9464641201707658 -1.177108131844086e-05 19.751156715674522 -3.164698357685376e-06 1.1357523106450448e-05 0.9999999999304958 0.495179996914039
1631149270499050 0.9328518132814252 0.3602603148483707 -8.230603671166012e-07 -94.95232924498359 -0.3602603148237958 0.9328518131857322 -1.403279155285238e-05 23.4761265519326 -4.287664547215694e-06 1.3387031032484915e-05 0.9999999999012019 0.495278229360073
1631149270749080 0.9171977151568621 0.39843236728508186 2.8991068778845935e-06 -95.57597805633503 -0.39843236729208165 0.9171977151551204 2.4539248277523134e-06 27.333602010189978 -1.6813311261290075e-06 -3.405832261577037e-06 0.9999999999927871 0.4951987938024257
1631149270999144 0.8991550875387434 0.43763012756178554 1.1032941227628008e-06 -95.9749412867643 -0.4376301275631287 0.8991550875346133 2.7329209036644468e-06 31.403626550250234 2.0397600015818682e-07 -2.9401544820617674e-06 0.9999999999956573 0.495019361835405
1631149271249174 0.8796642393985923 0.4755952332822867 4.803230455353025e-07 -96.25091198943554 -0.47559523320308034 0.8796642392696544 -1.73900868259238e-05 35.46680153774824 -8.693165407248355e-06 1.5068998149981207e-05 0.9999999998486773 0.4956963621151440
1631149271499221 0.8582762479356637 0.5131879599335034 -2.5563857933650016e-06 -96.26830712259937 -0.5131879599078429 0.8582762478157978 -1.5447611280057784e-05 39.580979700164626 -5.7334429119725085e-06 1.4570224259083542e-05 0.9999999998774183 0.495397067708503
1631149271749264 0.8332881657234777 0.5528388850718564 -3.93394301022114e-06 -95.94761167891507 -0.5528388850551273 0.8332881655810451 -1.6472641622720687e-05 44.04064898487059 -5.828608674418627e-06 1.590129399009371e-05 0.9999999998565883 0.4953862396221634
1631149271998686 0.8049923592054461 0.5932851773122716 -4.0493415170104294e-07 -95.30877765744572 -0.5932851770784373 0.8049923588686273 -2.863385304737861e-05 48.72936659743571 -1.6662071684420458e-05 2.329027434770042e-05 0.9999999995899695 0.496428043252403
1631149272248742 0.7707454295533125 0.6371432200223234 1.800515898981732e-07 -94.11712451420497 -0.6371432199206667 0.7707454294353264 -1.7647859667643755e-05 53.94883390726608 -1.1382988075146632e-05 1.3487288530525218e-05 0.9999999998442606 0.496026450217493
1631149272498783 0.7305706605807851 0.6828371034841889 -1.282914853159427e-06 -92.29306315535871 -0.6828371034853867 0.7305706605792117 -1.5194910206292386e-06 59.5581153218914 -1.0030489555736217e-07 1.9861174210418717e-06 0.9999999999980229 0.495018964283419
1631149272748206 0.6836592713642037 0.7298013432940705 -1.3052203114372372e-06 -89.81152596044643 -0.729801343289638 0.6836592713508587 -5.140044185244518e-06 65.54769852550018 -2.8588851839191853e-06 4.4665903990498675e-06 0.9999999999859384 0.495277943650510
1631149272998250 0.6303732053724249 0.7762922271568997 -1.4291976208180514e-06 -86.66158334782818 -0.7762922271437839 0.6303732053708638 4.937001159226079e-06 71.71466122665007 4.733483510725864e-06 -2.002678241579751e-06 0.9999999999867919 0.4945832399195256
1631149273248302 0.5737976499756806 0.8189971042962949 -5.868382848287221e-06 -83.02952329308106 -0.818997104266336 0.5737976500051823 7.0465825201616144e-06 77.65856041592403 9.13839496689558e-06 7.628760690467256e-07 0.9999999999579541 0.4940562067389287
1631149273498340 0.5158839572583234 0.8566584748947885 -5.674076423522698e-06 -79.12408554516868 -0.8566584748031288 0.5158839572868545 1.2641174709929161e-05 83.18856927078086 1.3756334447232131e-05 -1.660633578864455e-06 0.999999999904003 0.4935929035229178
1631149273747763 0.4520666893965545 0.8919841412835837 -5.864662591954683e-06 -74.50974621404677 -0.8919841411868696 0.4520666894340291 1.3154741531175925e-05 88.71953066311728 1.438503943111812e-05 -7.156344284322028e-07 0.9999999998962796 0.4934978512248509
1631149273997812 0.39183001097981 0.9200376310069409 -4.946226887620697e-06 -70.1383191685165 -0.9200376309959278 0.39183001100287557 5.1628159052931745e-06 93.4558632382822 6.688065050644958e-06 2.5277686552027895e-06 0.9999999999744404 0.4942775486301418
1631149274247227 0.3395975963076059 0.9405708227345282 -5.96818982849945e-07 -66.497574646146 -0.9405708227124403 0.3395975963038614 6.667101948464274e-06 97.22315851038363 6.473559856940829e-06 -1.7027812743304505e-06 0.9999999999775968 0.4944254491398163
1631149274497273 0.29723296406542765 0.9548049879746224 -3.070631500704075e-06 -63.791744390964205 -0.95480498797709 0.29723296405580646 -3.2305072788015072e-06 100.08659270258161 -2.1718115610154507e-06 3.892067527033631e-06 0.9999999999900675 0.4952623091081642
1631149274746696 0.2690539186905671 0.9631251158689306 -4.180438457899634e-06 -62.503097548866066 -0.963125115676007 0.2690539187205004 1.9312889325756792e-05 101.86525067531825 1.9725492118745174e-05 -1.1699232809936848e-06 0.9999999998047684 0.492906777553567
1631149274996748 0.25566167323872563 0.9667663155149895 -4.484884653185814e-06 -62.73177583365153 -0.9667663149215245 0.2556616732402479 3.4158740585545445e-05 102.66521169860695 3.417013289331939e-05 -4.397245364829383e-06 0.9999999994065332 0.4913595043610050
1631149275246790 0.2500520486420576 0.968232396143165 -5.1519533675051695e-06 -63.790399559456 -0.9682323960296205 0.25005204869192216 1.488220244686202e-05 102.98647020133869 1.569768702935785e-05 1.26696294311154e-06 0.999999999875989 0.4933088193558113
1631149275496836 0.25461182726019127 0.9670433378826133 -8.593486802311415e-06 -65.90433176168862 -0.9670433377156304 0.25461182701307167 -2.2861456092778372e-05 102.66049463307033 -1.992001543371245e-05 1.4131071269564937e-05 0.9999999997017532 0.4969782947180350
1631149275746887 0.26798401959720575 0.9634233572006496 -6.206564631451968e-06 -68.96688707570299 -0.9634233565820554 0.267984019179459 -3.8136027133543055e-05 101.71066342239266 -3.5077879156137846e-05 1.6199395172828063e-05 0.9999999992535613 0.4986528880696577
1631149275996927 0.2829966346670647 0.9591209020344501 -6.74581586588666e-06 -72.12770035781584 -0.9591209017493849 0.2829966343904829 -2.7365549275138417e-05 100.58269312144238 -2.4337827119229442e-05 1.4214411347036167e-05 0.9999999996028104 0.497466647161688
1631149276247599 0.29720928542149166 0.954812358853868 -6.0767244728445855e-06 -75.19332175110642 -0.954812358772939 0.2972092852920297 -1.6383675659259724e-05 99.46483029566583 -1.3837277065454648e-05 1.0671512162819879e-05 0.9999999998473248 0.49638717872540
