1631215692723547 0.9999727208254475 0.007386311999347236 0.0 0.0 -0.007386311999347236 0.9999727208254474 0.0 0.0 0.0 0.0 1.0 0.494999999999999
1631215692973548 0.9999664589080333 0.00819030248350956 1.387298323303501e-06 -0.003166095788984178 -0.008190302475009022 0.999966458890908 -6.026078758193901e-06 0.0014736094495153452 -1.4366071996017327e-06 6.0145142440544864e-06 0.9999999999808811 0.4949881122663647
1631215693222929 0.9999167875593045 0.01290030822391571 -1.6050698412456746e-06 -0.021357085831411795 -0.012900308235135551 0.9999167875346112 -7.188148864384507e-06 0.004267800703855754 1.5122069435205744e-06 7.208256616680485e-06 0.9999999999728773 0.4949856492464529
1631215693472311 0.9999157961431263 0.012976926333909091 -2.0371578262828644e-06 -0.009828742725225928 -0.012976926340238995 0.9999157961402347 -3.125390947193074e-06 0.007231990877396392 1.996428321649068e-06 3.1515638242831937e-06 0.9999999999930411 0.494981808967438
1631215693721681 0.9999582933019255 0.009132998108876487 1.0579240183613438e-07 0.01756340381206825 -0.009132998109244374 0.99995829312322 1.890503333519777e-05 -0.016076017600637114 6.68716441324988e-08 -1.8905211070528527e-05 0.9999999998212945 0.4949649103198210
1631215693971689 0.999983677423121 0.005713570068677478 1.4728964697374886e-06 -0.041145483396837206 -0.005713570079903252 0.9999836773942378 7.733496291432694e-06 -0.023733880859684628 -1.428686555295073e-06 -7.74178555806255e-06 0.9999999999690121 0.494996564974885
1631215694222327 0.9999758718104664 0.0069466387439031715 -2.197016495034486e-06 -0.010092956018348724 -0.006946638758656625 0.9999758717897896 -6.7804476222727595e-06 -0.015591994705375688 2.1498621648080473e-06 6.795545902300876e-06 0.9999999999745997 0.495015881735196
1631215694473576 0.9999673329294745 0.008082887185586371 -2.5350029420223157e-06 -0.02290423774739804 -0.008082887220333899 0.9999673328342601 -1.4010248732373056e-05 -0.00028116275653637885 2.4216768707226315e-06 1.4030281201504208e-05 0.9999999998986435 0.495029186007053
1631215694724201 0.9999761060530145 0.00691283738239832 -3.7719936550188247e-07 -0.03845818775924491 -0.006912837384364886 0.9999761060380098 -5.488519960603159e-06 0.0001652249141237487 3.3924910675854485e-07 5.490996336085596e-06 0.9999999999848672 0.4950110627514328
1631215694975454 0.9999622774802087 0.008685828141709935 1.9631698220379993e-06 -0.04653328113106473 -0.008685828153310243 0.9999622774641556 5.979781225720689e-06 -0.009466328975300352 -1.911156414246171e-06 -5.9966074090285835e-06 0.9999999999801943 0.4949946493935114
1631215695224833 0.9999181257179062 0.012796165491325326 -2.697312495495977e-06 0.005937131860140288 -0.01279616550124344 0.9999181257145998 -3.6924289796000765e-06 0.0015637348560670597 2.649842722680931e-06 3.7266419217374234e-06 0.9999999999895455 0.4950123498394461
1631215695474218 0.999973844036977 0.007232650848927217 -1.173244923111538e-06 -0.009403503395693106 -0.007232650849985165 0.9999738440372526 -9.00023473381353e-07 0.0030431538109541153 1.166704680224857e-06 9.084856032930461e-07 0.9999999999989069 0.495005826979707
1631215695724220 0.9999426680112014 0.010707973105432908 -6.174672095897247e-07 -0.028130574403297956 -0.01070797310682321 0.9999426680087454 -2.2941216393119136e-06 0.010382630534815718 5.928664161519713e-07 2.3006019350355737e-06 0.999999999997178 0.4950094668273851
1631215695973607 0.9999120521756963 0.013262273996359172 -1.4786790241320995e-08 -0.011502181805538716 -0.013262273996007658 0.999912052156165 6.250544565875602e-06 0.001488561847217355 9.768192443439571e-08 -6.249798737630572e-06 0.9999999999804654 0.494994373354610
1631215696222975 0.9999822052966526 0.005965658267363667 3.0409540407448316e-06 -0.0483926355567845 -0.005965658304934541 0.999982205222934 1.2499369604293331e-05 -0.017473750955274807 -2.966332960035143e-06 -1.2517288474475333e-05 0.9999999999172593 0.4949874447385555
1631215696472357 0.9999669831612809 0.00812604362761132 2.3707635483127672e-07 -0.011607123246796717 -0.008126043627915984 0.9999669831604434 1.3138448756181247e-06 -0.017484643439462152 -2.2639216654057563e-07 -1.3157279894192173e-06 0.9999999999991089 0.4950101108949394
1631215696722361 0.9999385192010638 0.01108863442542809 -1.5266336991688972e-06 -0.014528099037536206 -0.011088634433859977 0.9999385191862852 -5.630206378748645e-06 -0.012008106227727517 1.4641085402165725e-06 5.6467885121793725e-06 0.9999999999829854 0.495016770711089
1631215696971742 0.9998897842520513 0.014846526038021566 -3.279705217816415e-06 6.797887907733766e-05 -0.014846526063759347 0.9998897842253011 -7.967822641847736e-06 -0.004166632625947409 3.161049256253664e-06 8.015636691331361e-06 0.9999999999628788 0.495018534043764
1631215697221742 0.9999584048019592 0.00912078191436573 -9.79333466960909e-07 -0.03336633977843479 -0.009120781918151567 0.9999584047946678 -3.933497132566096e-06 0.0009270344041051589 9.434161618795744e-07 3.9422658049599445e-06 0.9999999999917846 0.495007427315923
1631215697471749 0.9999851749923707 0.005445162216959664 1.2947520175376728e-06 -0.03382751098577009 -0.0054451622197283535 0.9999851749908941 2.144589097961762e-06 -0.0036087778260591357 -1.283055187302845e-06 -2.15160743918671e-06 0.9999999999968625 0.4950005533122326
1631215697723016 0.9999551796842127 0.00946776744782262 1.8642006251030017e-07 -0.0193955362134403 -0.009467767446662723 0.9999551796693096 -5.464636340306648e-06 0.006275492802510092 -2.3814961315918128e-07 5.46262643179316e-06 0.9999999999850517 0.495013216168335
1631215697973636 0.9999709368824085 0.0076240008040893556 -1.5747663137094946e-07 -0.015573199953082286 -0.007624000804144542 0.9999709368823583 -3.53001412728962e-07 0.0033171918451915467 1.547807715548022e-07 3.541917553724516e-07 0.9999999999999256 0.495001165411070
1631215698224260 0.9999775805686761 0.0066961449883982315 -2.805505800003806e-07 -0.04276708162466499 -0.006696144987798834 0.9999775805665447 2.0855071061219998e-06 0.002134988066230787 2.945091481730682e-07 -2.0835817428831944e-06 0.9999999999977862 0.494999153465220
1631215698474267 0.9999977368419812 0.002127512190529795 7.498740084406167e-07 -0.10085178066096287 -0.002127512194937934 0.9999977368246848 5.92759559589576e-06 -0.003042906220631735 -7.372612794550541e-07 -5.929177546921126e-06 0.9999999999821509 0.4949925684361695
1631215698723647 0.9999939824848124 0.003469148585233988 -1.605133499345797e-07 -0.16401214932082447 -0.0034691485846308503 0.9999939824782883 3.616389373472617e-06 -0.004287133406747021 1.7305817612111408e-07 -3.6158107671419673e-06 0.9999999999934481 0.49499567427764
1631215698973658 0.9999981588199724 -0.001918945015885249 2.111528971222828e-06 -0.27573158023493155 0.0019189449842637232 0.9999981587115976 1.4877145996241397e-05 -0.027799694617616902 -2.140073508453769e-06 -1.4873066696842092e-05 0.9999999998871063 0.494979079502782
1631215699223029 0.9999626780215749 -0.00863959259545156 1.2134235488843333e-06 -0.4841157013796783 0.008639592596395181 0.9999626780220027 -7.745605490135219e-07 -0.024618655621677636 -1.2066863739360445e-06 7.850151259924145e-07 0.9999999999989642 0.4950078434562928
1631215699473035 0.9998432837901285 -0.017703328897222072 -1.8699833642705183e-06 -0.7295282531577694 0.01770332886260763 0.9998432836455892 -1.7139302155522546e-05 -0.007580404475344827 2.1731130104278338e-06 1.710351121862179e-05 0.999999999851374 0.4950184694607680
1631215699722414 0.9995915621640167 -0.02857811826535218 -2.1633016375414243e-06 -1.065701145787655 0.02857811821146391 0.9995915619299954 -2.1808510973644715e-05 0.00449736538110667 2.7856642685979534e-06 2.173778046274045e-05 0.9999999997598548 0.49503295833481
1631215699972415 0.9989710873056613 -0.045351590097333624 -8.692470213546546e-07 -1.4736707767142034 0.045351590095801066 0.9989710873046481 -1.7084413555347433e-06 -0.006532773932051933 9.45833174122644e-07 1.6672617839357502e-06 0.999999999998163 0.4949975392443662
1631215700222419 0.9983167023008225 -0.0579979474192692 3.610108311614107e-07 -1.9886148845958387 0.05799794741058595 0.9983167022271447 1.2175571694877119e-05 -0.02251315673570586 -1.0665613093947508e-06 -1.2134138695883703e-05 0.9999999999258127 0.4949837337776993
1631215700473058 0.9980080772735388 -0.06308627183703769 4.946368166285297e-07 -2.5708070727136794 0.06308627182645465 0.9980080772009853 1.2099500847370353e-05 -0.026561839799167947 -1.256963937828751e-06 -1.2044194784011334e-05 0.9999999999266789 0.4949890416777202
1631215700723676 0.997560050584501 -0.06981364819581103 1.0984386462952115e-06 -3.23566967018086 0.06981364816415714 0.9975600504198242 1.8280492874546573e-05 -0.05352868313185397 -2.3719864097762782e-06 -1.8159203387500465e-05 0.9999999998323088 0.494974298195291
1631215700974937 0.9968260844925065 -0.0796100324412619 2.7940764173307807e-06 -3.9616401721135555 0.0796100323697493 0.9968260843005923 2.0045035692950066e-05 -0.09728056879854748 -4.380994196136271e-06 -1.9758977929332812e-05 0.9999999997951952 0.494971936949951
1631215701225565 0.9965845593255341 -0.08257854508157035 1.9771909036106426e-06 -4.753690452597488 0.08257854500739552 0.9965845590246043 2.4818621899063932e-05 -0.1277158252830432 -4.0199236121455625e-06 -2.4570581820378517e-05 0.9999999996900635 0.494963678508927
1631215701475296 0.996786005102098 -0.08011029914663383 1.0022348080416562e-06 -5.531244687310697 0.08011029909579741 0.9967860047859233 2.528767748292205e-05 -0.13819504070365118 -3.0248170380524944e-06 -2.5126113686331812e-05 0.9999999996797646 0.494953521642803
1631215701724946 0.9976505111215709 -0.06850881442559005 1.623542377928286e-06 -6.399585500291748 0.06850881436917591 0.9976505108534579 2.3352342118258385e-05 -0.10164840676012792 -3.2195691553222533e-06 -2.3186249086828052e-05 0.9999999997260163 0.494954338193847
1631215701974326 0.9983508005561171 -0.05740800483412471 2.773508351436944e-06 -7.338100858159069 0.05740800471206849 0.9983508000241139 3.2923525933168174e-05 -0.07854919654094497 -4.659008217468746e-06 -3.271000689207332e-05 0.9999999994541748 0.494945446114830
1631215702224332 0.9988617403529948 -0.047699304385454624 4.2305046073438436e-06 -8.317894600912672 0.04769930419639099 0.998861739682671 3.7081740309427516e-05 -0.054204508681170264 -5.9944624100022325e-06 -3.68377395347049e-05 0.999999999303524 0.494963313168459
1631215702473705 0.9993580376071192 -0.035826144999429155 1.514925763100341e-06 -9.283484802144242 0.035826144956090995 0.9993580373541344 2.2606309098978584e-05 0.006124998710080923 -2.3238501450362765e-06 -2.2537522748758978e-05 0.9999999997433302 0.4949468795947196
1631215702723082 0.9995269173154212 -0.03075616291511683 1.5611581035484845e-06 -10.315549081419151 0.030756162892989675 0.9995269172375023 1.2631792202612027e-05 0.017307831146429923 -1.948925005457932e-06 -1.2577801087539413e-05 0.9999999999190006 0.4949611601655080
1631215702973092 0.9997384471153407 -0.02287000992860354 1.7435997806987973e-06 -11.464463587843351 0.02287000992843454 0.9997384471168582 1.1681986151626721e-07 0.07427283551781 -1.745815408545743e-06 -7.691316264887472e-08 0.9999999999984732 0.4949846705398681
1631215703223097 0.999868247473286 -0.016232303749637612 2.7288741663273638e-06 -12.679329368985995 0.016232303717081384 0.9998682474107505 1.1556730590242201e-05 0.11074173266179595 -2.9161069913903056e-06 -1.1510912047538552e-05 0.9999999999294977 0.494979014903731
1631215703472476 0.9999176334899504 -0.0128345717910157 7.52206439429865e-07 -13.874982651970448 0.012834571772116351 0.9999176332642172 2.1271587129571568e-05 0.11440524646874001 -1.0251561947665086e-06 -2.1260180815689644e-05 0.9999999997734772 0.4949443977390790
1631215703722473 0.999945476529318 -0.010442411855536174 9.809298317499667e-07 -15.101473852106642 0.010442411798765535 0.9999454754531574 4.6414992374892276e-05 0.08182141061073529 -1.4655608136488523e-06 -4.640221839527109e-05 0.9999999989223434 0.494915625789625
1631215703973122 0.9999620592722595 -0.008710912854611147 3.315049787488358e-06 -16.451195125550385 0.008710912747289358 0.9999620587945202 3.111754074407439e-05 0.0628883609069389 -3.58598619618249e-06 -3.1087483012550755e-05 0.9999999995103548 0.494988940285915
1631215704223733 0.9999703820261394 -0.007696430775372565 4.645891673159305e-06 -17.889746351699376 0.0076964307102194525 0.9999703819410689 1.3882473015529549e-05 0.03295600044684754 -4.752599563431572e-06 -1.3846305061487907e-05 0.9999999998928466 0.4950302004909386
1631215704474361 0.9999873310968098 -0.005033650810555793 1.7788133485780898e-06 -19.341769349705803 0.005033650777862435 0.9999873309378264 1.7929198891994905e-05 0.02559889059944786 -1.8690401392206991e-06 -1.792001782355413e-05 0.9999999998376901 0.4949752535044928
1631215704724362 0.9999905100323249 -0.004356585999009607 -1.2212502171296104e-06 -20.830136517082437 0.004356585984966489 0.9999905099695683 -1.127500708685555e-05 0.010089164038495805 1.2703591654440705e-06 1.1269579605847833e-05 0.9999999999356917 0.494953320225324
1631215704973749 0.9999937068664905 -0.003547707031158128 6.255801093710945e-08 -22.38449417255479 0.003547707031703845 0.9999937067414201 -1.581578474941402e-05 -0.007559861294701239 -6.447846484484387e-09 1.581590715609964e-05 0.9999999998749287 0.4949849823864636
1631215705223124 0.9999999536190288 -0.0003045638711235077 -7.457438023409472e-07 -23.972331974206938 0.00030456384210688893 0.9999999528741255 -3.860544139501938e-05 0.05466890544446042 7.575015898768695e-07 3.860521247795002e-05 0.9999999992545321 0.495006207310505
1631215705473132 0.9999979124072149 0.0020433253045309546 8.242467633503583e-07 -25.601658289161495 -0.0020433252940362137 0.9999979123289691 -1.2538495766093386e-05 0.07769142432095998 -8.498652682755678e-07 1.2536785386588013e-05 0.9999999999210536 0.495012952579406
1631215705722504 0.9999906390139286 0.004326879045033436 1.0904651953646281e-07 -27.26489493039461 -0.004326879045413687 0.9999906390068305 3.7688527022915443e-06 0.10465762458076565 -9.273812897162872e-08 -3.7692892532226654e-06 0.9999999999928921 0.494976050873930
1631215705971885 0.9999796188057825 0.006384510064486806 1.4303987677761128e-06 -28.990285233416376 -0.00638451007297115 0.9999796187887053 6.007570684882295e-06 0.13324366302650406 -1.3920142190193816e-06 -6.0165806387719574e-06 0.9999999999809317 0.49501360360512
1631215706221885 0.9999745624940691 0.007132626188015366 2.49492907450315e-06 -30.777520443779164 -0.007132626211386511 0.9999745624520074 9.487476938434656e-06 0.1254599417070346 -2.427194983158912e-06 -9.50503099721793e-06 0.9999999999518818 0.4950460399331157
1631215706472517 0.9999711523458156 0.0075956877269945195 1.3796896047599555e-06 -32.594251694732314 -0.0075956877315497785 0.9999711523411979 3.3269959006481937e-06 0.10724339162790593 -1.3543789820190698e-06 -3.337379616032093e-06 0.9999999999935141 0.4950195636978300
1631215706723772 0.9999650287678139 0.008363087822913225 1.1038785773543446e-06 -34.46687664905402 -0.0083630878076543 0.9999650286818111 -1.3170939498731391e-05 0.1138594966641073 -1.2139896970072586e-06 1.3161247061305963e-05 0.9999999999126541 0.4950254748464742
1631215706974406 0.9999655282469393 0.008303150941124826 1.8965736556384028e-07 -36.373564622438096 -0.008303150936595205 0.9999655280970198 -1.7318780443416313e-05 0.09011856888738043 -3.334512758531213e-07 1.7316608680999685e-05 0.9999999998500122 0.494999098196227
1631215707224412 0.9999615511711755 0.008769046492637208 8.450759295122453e-07 -38.30864703141659 -0.008769046496115708 0.9999615511626632 4.204395062111641e-06 0.07037464590669573 -8.081749015538609e-07 -4.211643918173664e-06 0.9999999999908047 0.4949988920513625
1631215707474411 0.9999296118642168 0.011864708795762907 1.9027502468285208e-07 -40.28661731455078 -0.011864708795440234 0.9999296118629333 -1.615578581643545e-06 0.1659130185800499 -2.0943000098669753e-07 1.6132073063236633e-06 0.9999999999986771 0.494977456816118
1631215707724419 0.9999244413325805 0.012292746729135362 1.1608509023937534e-06 -42.31062675714171 -0.012292746730428227 0.9999244413326187 1.1132535782474384e-06 0.15731831503458973 -1.1470782457664216e-06 -1.1274395084279786e-06 0.9999999999987068 0.4950144177119708
1631215707973798 0.9999017364189982 0.014018469866201859 2.5788112296318325e-06 -44.39497257678785 -0.01401846986066676 0.9999017364200853 -2.152066495607324e-06 0.21136100042245107 -2.608726505733029e-06 2.1157040383527104e-06 0.9999999999943594 0.495081863236222
1631215708223797 0.9998863820169607 0.015073919101490781 4.209718141602045e-06 -46.53031103516246 -0.015073919166088214 0.9998863819006528 1.575956747867582e-05 0.2261611780767133 -3.971681396188942e-06 -1.5821233859419138e-05 0.9999999998669573 0.495136073397199
1631215708473810 0.9998578131165663 0.016862785219315862 4.70876171815759e-06 -48.72452017983414 -0.01686278537075096 0.9998578125394255 3.422253922288115e-05 0.2712104117251162 -4.1310048627209385e-06 -3.4297076064977695e-05 0.9999999994033228 0.495144888029785
1631215708723187 0.9998129696415657 0.019339744671786896 3.2110729581581152e-06 -50.91835576944657 -0.019339744788439087 0.9998129687836651 4.148830601611343e-05 0.3465472996050829 -2.40809914206571e-06 -4.1542647774968996e-05 0.999999999134205 0.495069172889000
1631215708972568 0.999736075755416 0.022973437504288683 4.0612353959610273e-07 -53.074501452313655 -0.022973437499041918 0.9997360747243526 4.5409127591908717e-05 0.47811493968942914 6.371874015291614e-07 -4.5406473076066993e-05 0.9999999989689232 0.49489681294779
1631215709222563 0.9996909777479707 0.024858580136890806 8.074399865952986e-07 -55.24166973183693 -0.024858580149942813 0.9996909771459959 3.4692655058150775e-05 0.5355327759388082 5.521967673832831e-08 -3.470200606745635e-05 0.9999999993978841 0.4949341029423476
1631215709472570 0.9996445861789051 0.026658981819854606 3.049888670768806e-06 -57.44991453809329 -0.02665898186754946 0.9996445860403838 1.6843489600186918e-05 0.5975487661151991 -2.599774414731411e-06 -1.6918810117997394e-05 0.9999999998534976 0.495091791174748
1631215709722569 0.9995754448176357 0.02913640526151368 1.9569794448233305e-06 -59.6162958253674 -0.02913640527215326 0.9995754448032841 5.648114241590707e-06 0.7009128364470529 -1.7915828535278462e-06 -5.7027356516452344e-06 0.9999999999821347 0.49504581283359
1631215709973827 0.9995727937070403 0.029227214635308238 -1.7696533310260556e-06 -61.69039889049283 -0.02922721466316039 0.9995727935353355 -1.8567888757590923e-05 0.6863105584227072 1.2262096536429785e-06 1.8611678476493536e-05 0.9999999998260511 0.4948460460975561
1631215710224464 0.9995866095273862 0.028750826955786863 8.190507921965056e-07 -63.65516667772326 -0.02875082696708218 0.9995866092536261 2.339476161092593e-05 0.5908765717107152 -1.4609346143087824e-07 -2.340863882702286e-05 0.9999999997260074 0.494932578219134
1631215710474463 0.9996776825414888 0.025387615416303213 3.1176484182632025e-06 -65.5498662581458 -0.025387615510320972 0.9996776819255615 3.516252850883619e-05 0.31220672492474094 -2.223950792985953e-06 -3.5230344671430286e-05 0.9999999993769386 0.4950733921757460
1631215710724460 0.9997792964841653 0.021008529548141218 2.370671809853816e-06 -67.31682395139738 -0.02100852960054517 0.9997792961779405 2.481394989739487e-05 -0.03944117987464501 -1.8488439939031402e-06 -2.4858277700356767e-05 0.9999999996893241 0.4950441290812535
1631215710974474 0.9998396944010267 0.017904901457265598 1.2784266018743008e-06 -69.0027882980266 -0.017904901453562223 0.9998396943978435 -2.851753878546458e-06 -0.2998579825617909 -1.3292820351067864e-06 2.8284066241169797e-06 0.9999999999951168 0.4949922758379522
1631215711223848 0.9998897132692846 0.014851306206356198 6.419731042477787e-09 -70.60809236911304 -0.014851306200083094 0.9998897128593172 -2.8636188802432552e-05 -0.5534658594692282 -4.3170383151791004e-07 2.8632935269461883e-05 0.9999999995899846 0.4949223096738667
1631215711473856 0.9998904355388221 0.014802598267173112 -5.411548845477517e-07 -72.17242639114183 -0.014802598276754512 0.9998904346129417 -4.302984106975988e-05 -0.5914692403383675 -9.585785815287399e-08 4.303313702686605e-05 0.9999999990740702 0.4948803553552072
1631215711723234 0.9999129408085833 0.013195105133572686 -1.346096392593137e-06 -73.76622107245795 -0.01319510519320577 0.9999129386950647 -6.501466863999383e-05 -0.7295491993070575 4.881038117558418e-07 6.502677039915748e-05 0.9999999978856406 0.494841830823849
1631215711972610 0.9999355854601015 0.011350106899767043 1.301878643806479e-06 -75.46320734805639 -0.011350106814057122 0.9999355840354649 -5.341096219894889e-05 -0.8940720269800723 -1.908014912618225e-06 5.339274529484644e-05 0.9999999985727874 0.4950368098728233
1631215712221987 0.9999548805125744 0.009499312248414705 1.912484859660736e-06 -77.01311582980318 -0.009499312206447104 0.9999548802969696 -2.0872108662998178e-05 -1.0790922406429528 -2.1106692463888144e-06 2.085299963342839e-05 0.999999999780349 0.4950849940926493
1631215712471999 0.999954487319068 0.0095406124736214 1.3621315495683985e-06 -78.54177542351226 -0.009540612455235147 0.9999544872366968 -1.2920573587741894e-05 -1.1112647849198372 -1.4853397407386398e-06 1.2906989968600056e-05 0.999999999915602 0.4950455500190764
1631215712721998 0.9999629788958716 0.00860469720379155 4.6360331917970326e-06 -80.20650013307754 -0.008604697180709204 0.9999629788944362 -4.976046297744907e-06 -1.2222249663555331 -4.678678932397372e-06 4.935970417292718e-06 0.9999999999768734 0.495303957693293
1631215712972633 0.9999526314555396 0.009733181811108995 3.839416848993255e-06 -81.83696432822893 -0.009733181651208992 0.999952630677475 -3.967252510907564e-05 -1.1453024886642504 -4.225374878220807e-06 3.96332761377686e-05 0.999999999205675 0.4952398517822072
1631215713223256 0.9999457951790374 0.010411853730975196 1.8478649263774321e-06 -83.57715961942199 -0.010411853645851435 0.9999457943296621 -4.127766612584658e-05 -1.1142290584527168 -2.2775417836839912e-06 4.125618897826583e-05 0.9999999991463702 0.4950846153222583
1631215713473887 0.9999322502642134 0.011640226037394686 4.136683170696444e-06 -85.41858283882725 -0.011640225937022929 0.9999322499975193 -2.3511724334458694e-05 -1.041313090594447 -4.410084696193478e-06 2.34619794946627e-05 0.9999999997150435 0.4952908195639379
1631215713724516 0.9999079064274339 0.013571243217702743 4.381752982965253e-06 -87.3334315385048 -0.013571243216587233 0.9999079064370093 -2.8420970054263445e-07 -0.9147465577243776 -4.38520653070159e-06 2.247176912096809e-07 0.9999999999903599 0.4953194777397700
1631215713974519 0.9998796732767923 0.015512541712724984 3.908111764782259e-06 -89.32761036944429 -0.015512541703519192 0.9998796732817525 -2.3749579418531425e-06 -0.7753094964262964 -3.9444831486668135e-06 2.3140474242182366e-06 0.9999999999895433 0.4952863410420403
1631215714224520 0.9998574414388417 0.016884809052358934 4.5173137964552815e-06 -91.40817596253957 -0.01688480901704967 0.9998574414196564 -7.743599489787234e-06 -0.6918861220150871 -4.647419013386861e-06 7.666221592679675e-06 0.9999999999598155 0.495351977464574
1631215714474529 0.9998164466045557 0.019159151548204238 2.9597100353137362e-06 -93.52900448360094 -0.01915915146735376 0.9998164462908545 -2.5281317320181847e-05 -0.502145718436212 -3.4435353594421544e-06 2.52199713157367e-05 0.9999999996760478 0.495219317602587
1631215714723907 0.9997682601796485 0.021527329692506127 3.3817871184208407e-06 -95.69524190710574 -0.021527329595982705 0.9997682598396465 -2.637117410610177e-05 -0.3070496837676574 -3.948704381900982e-06 2.6292262009088987e-05 0.9999999996465625 0.495268555462
1631215714973286 0.9996886480963932 0.02495209092175959 4.8585425330494415e-06 -97.97010121560977 -0.02495209081742936 0.9996886479013289 -2.0465078342192537e-05 -0.0056835716981721175 -5.367676311162527e-06 2.033747570661366e-05 0.9999999997787878 0.495421166675700
1631215715223291 0.9996399057238873 0.02683391232547567 5.604785280143905e-06 -100.35605708628474 -0.026833912246908277 0.9996399056484885 -1.3651874922337022e-05 0.14980332020803955 -5.969100243380711e-06 1.34965606439793e-05 0.9999999998911067 0.4955045109951457
1631215715472695 0.9995785113635628 0.02903101092584585 4.7533376836638505e-06 -102.75354005172059 -0.029031010926149473 0.9995785113748559 -5.119572897540695e-09 0.33219767708268205 -4.7514828322860495e-06 -1.3287678317470114e-07 0.999999999988703 0.4954078250409560
1631215715722712 0.9995234915746063 0.03086729233899214 7.206568250740965e-06 -105.21083095776731 -0.030867292638705073 0.9995234905310357 4.60388810565252e-05 0.44992833075263794 -5.782038652211901e-06 -4.6239390393025716e-05 0.9999999989142436 0.495630615910759
1631215715972706 0.9994817268333676 0.03219126676230213 8.25805320809064e-06 -107.67121521894556 -0.03219126716834546 0.9994817253438568 5.4950257478570895e-05 0.5036316602579207 -6.484854871268341e-06 -5.5187615431855494e-05 0.9999999984561372 0.4957357689902228
1631215716222706 0.9994939530776045 0.0318093956951625 1.0226412052565091e-05 -110.20505311452453 -0.03180939599124488 0.999493952663452 3.022629089595719e-05 0.3850441628854153 -9.25975695649742e-06 -3.0536290965091756e-05 0.9999999994908961 0.496034332678403
1631215716473970 0.999494736750474 0.03178476290868687 7.259953144346722e-06 -112.75102068177792 -0.03178476283666883 0.9994947367308041 -9.828772799617849e-06 0.3233832340651419 -7.5686901698229445e-06 9.593050793057256e-06 0.9999999999253444 0.4957749480445271
1631215716724593 0.9994797174318025 0.03225359539446444 4.933726733315516e-06 -115.3340480259776 -0.032253595190975815 0.9994797167696104 -3.689394724368099e-05 0.32846713729576177 -6.1211222449490635e-06 3.67156215413008e-05 0.9999999993072477 0.495554247144384
1631215716975225 0.9995000730627461 0.03161651374466729 1.9914766538820114e-06 -117.95788339303672 -0.03161651362492517 0.9995000720788921 -4.447765078138422e-05 0.2072741832198776 -3.3967093163663764e-06 4.439245165699075e-05 0.9999999990088866 0.495221958087115
1631215717225222 0.9995051385499307 0.031455969371451044 9.765990220319687e-07 -120.58980988916359 -0.03145596927593421 0.9995051371558824 -5.2855271788275115e-05 0.15022365324232329 -2.6387295499599147e-06 5.279839588312011e-05 0.9999999986026835 0.495117276774367
1631215717474599 0.9995024024216738 0.03154278887884111 4.5623520397759465e-06 -123.25204113135602 -0.03154278873679065 0.9995024020322975 -2.8427823439404554e-05 0.1036016521772584 -5.456774655719398e-06 2.8269768516833603e-05 0.9999999995855222 0.495514044050304
1631215717723980 0.9994847364777557 0.032097687331099155 3.7086006508538426e-06 -125.9027018494039 -0.03209768724506888 0.9994847362603531 -2.130393777182098e-05 0.12083572498371897 -4.390496876944584e-06 2.1173923126046296e-05 0.9999999997661946 0.4953997642872311
1631215717973983 0.9994694000764327 0.0325717407685149 3.4541892652721528e-06 -128.5615903190317 -0.03257174073275745 0.99946940003407 -9.94694002042209e-06 0.11473601339849286 -3.7763456243592475e-06 9.829153217639163e-06 0.9999999999445637 0.495350573750700
1631215718223368 0.9994679251554446 0.032616967627385134 2.45598614914458e-06 -131.23456285584297 -0.03261696752789016 0.9994679246091489 -3.3234511997251054e-05 0.07833873915150491 -3.5386883812885115e-06 3.313672192904464e-05 0.999999999444718 0.4952508226762169
1631215718472751 0.9994459753933681 0.03328276196567265 4.868528375905043e-06 -133.99374371520327 -0.03328276161166495 0.9994459735937207 -6.0370258229484006e-05 0.13970302598652903 -6.875120017098539e-06 6.017477355171564e-05 0.9999999981658649 0.495599814569276
1631215718722756 0.9994459045446253 0.03328488958039582 3.516250883139387e-06 -136.68478540882072 -0.03328488939756516 0.9994459036218678 -4.323225057062282e-05 0.09302936542045595 -4.953283227826829e-06 4.309125775541282e-05 0.9999999990593045 0.4953946106673313
1631215718972752 0.9994572426621505 0.03294267880390873 1.0775246685497864e-06 -139.41393747747946 -0.0329426786866915 0.9994572409960223 -5.778695209965852e-05 0.04354633385736727 -2.980596834416249e-06 5.7720091258570345e-05 0.9999999983297538 0.495091667421876
1631215719223378 0.9994198206189548 0.03405909749630225 5.429619915252766e-06 -142.18245466488307 -0.03405909729587417 0.9994198200789204 -3.3504866796294615e-05 0.15754193656873583 -6.567615283629108e-06 3.330050001051589e-05 0.9999999994239719 0.495672035524066
1631215719474010 0.999442404006351 0.033389834425151775 5.369783202351827e-06 -144.85574884327553 -0.03338983441782596 0.9994424040199715 -1.4482000696376465e-06 0.001252367759597105 -5.415144193376356e-06 1.2680963870975016e-06 0.9999999999845344 0.495608169425562
1631215719724650 0.9994024817453325 0.0345641357076264 1.3498948873956541e-06 -147.5075849765834 -0.034564135649435536 0.9994024812701262 -3.091423830410386e-05 0.14405411791577413 -2.4176122279634965e-06 3.0849108532456475e-05 0.9999999995212441 0.4950798265390098
1631215719975265 0.9994337340979053 0.033648345296807144 1.9162696110978647e-06 -150.12735237079156 -0.033648345250635044 0.9994337338918221 -2.0462455086531446e-05 -0.0458650326319474 -2.603712246940775e-06 2.0386388594520797e-05 0.999999999788808 0.4951363587420749
1631215720225274 0.9994803543660552 0.032233851713172626 6.148585507634668e-06 -152.7997059556816 -0.032233851631832997 0.9994803543043598 -1.2898681651581787e-05 -0.3096150228767771 -6.561164613308527e-06 1.26937863150075e-05 0.9999999998979097 0.495774065654825
1631215720475259 0.9995110974443923 0.03126605251590351 6.5838330797148e-06 -155.45098868254613 -0.03126605250804537 0.9995110974654855 -1.2931352173292823e-06 -0.5193581854602611 -6.6210454606652715e-06 1.0866525294446402e-06 0.9999999999774907 0.4958303147051470
1631215720724636 0.999535859134886 0.030464180478313868 3.0062077049628085e-06 -158.10541301267048 -0.03046418040895682 0.9995358589227812 -2.091114165858045e-05 -0.6873099469514873 -3.641853193983015e-06 2.0809854289376195e-05 0.9999999997768436 0.495282806443735
1631215720974019 0.9995626509448222 0.02957206149786418 3.562794113019558e-06 -160.79550113063593 -0.029572061369024183 0.9995626504432761 -3.1983852936767935e-05 -0.8831822829564403 -4.5070643925884186e-06 3.186450566282081e-05 0.99999999948217 0.4953733000798342
1631215721223393 0.999562515745064 0.029576631226920846 6.578725657588959e-07 -163.41630060248923 -0.02957663120361007 0.9995625154749777 -2.3275490631251934e-05 -0.9465412672507865 -1.3459953597211663e-06 2.3245850316370337e-05 0.9999999997289095 0.494885575724974
1631215721472774 0.9995644431588206 0.02951142089128445 2.7096078394900043e-06 -166.06578083163907 -0.02951142085277186 0.9995644430751953 -1.3296349843752384e-05 -1.0214368213792067 -3.1008218275956138e-06 1.3210594150347574e-05 0.9999999999079328 0.49522032912625
1631215721722778 0.9995262479675786 0.030777907423509773 6.020963418076657e-06 -168.73439277652298 -0.030777907146456254 0.9995262471249787 -4.168581844617232e-05 -0.8544083031814146 -7.301113230372861e-06 4.1480757052039116e-05 0.9999999991130204 0.4957847485766961
1631215721972155 0.999420424856712 0.034041362383876554 4.903724265556169e-06 -171.44718345532067 -0.03404136209405985 0.9994204236079017 -5.039792323116104e-05 -0.34921139481954494 -6.616496150859831e-06 5.020178439436182e-05 0.9999999987180017 0.495642601405062
1631215722222161 0.9992975250179577 0.037476078693224016 4.065845697675069e-06 -174.07954057519552 -0.037476078577651215 0.9992975247047423 -2.5518307882456927e-05 0.17030660983986776 -5.019315655850242e-06 2.534800995679136e-05 0.9999999996661426 0.495484720370503
1631215722472788 0.9990656191735835 0.04321907659774015 1.0538540595750457e-06 -176.59169704981812 -0.04321907655892987 0.9990656188746246 -2.4532109226357483e-05 1.11164167943733 -2.113124465995599e-06 2.4463640294636735e-05 0.9999999996985327 0.4949667691141267
1631215722724058 0.9988746531027729 0.04742812854874494 2.99102115975478e-06 -178.9859419210162 -0.047428128447845316 0.9988746527269446 -2.7736755930142213e-05 1.791551652431555 -4.303157648038583e-06 2.7563683922223552e-05 0.9999999996108633 0.495318076580815
1631215722974676 0.9987590187452089 0.04980383980075661 3.7384046783222294e-06 -181.31149020770468 -0.04980383946340252 0.9987590167485795 -6.35285929849246e-05 2.1833506092997887 -6.897733248533437e-06 6.32635682855799e-05 0.9999999979750713 0.495599169299006
1631215723224681 0.9986589988550401 0.051770686676889055 2.149457930970025e-06 -183.52048497005822 -0.0517706863121409 0.9986589953187966 -8.429346955961279e-05 2.502402355206876 -6.510506299315748e-06 8.4069153008323e-05 0.9999999964449957 0.495377733146340
1631215723474679 0.9986179412187128 0.05255670707980259 3.8463696106694176e-06 -185.63292137927587 -0.052556706883018674 0.9986179404253404 -4.02496103617439e-05 2.5695433071792553 -5.956440680593021e-06 3.999183051419765e-05 0.9999999991825874 0.495549673233021
1631215723724701 0.9986710832896831 0.051537048770737295 1.6676420837764482e-06 -187.66384153674932 -0.05153704860664621 0.9986710818506727 -5.379489730840244e-05 2.33262123354516 -4.437856170154555e-06 5.3637463019429216e-05 0.9999999985516643 0.4951768237075186
1631215723974066 0.9987322681749445 0.05033742646451907 9.09579460908719e-07 -189.5360486591373 -0.05033742635412576 0.9987322668990184 -5.0601960675434316e-05 2.0481289633529416 -3.4555988313860074e-06 5.0492025070461885e-05 0.9999999987193073 0.494999267961484
1631215724223444 0.9987757486472294 0.049467200364815445 3.094208479060807e-08 -191.32501951365748 -0.049467200244526145 0.9987757462617414 -6.91161119131867e-05 1.8386982129842706 -3.4498847602821013e-06 6.902996580152853e-05 0.9999999976114813 0.494891409092064
1631215724472866 0.9988349316947202 0.048257426599701204 1.4647964161031227e-06 -193.0491267253089 -0.04825742633528 0.9988349286098792 -7.867757186068093e-05 1.5620066668083603 -5.2598669728275295e-06 7.851521981039869e-05 0.9999999969038473 0.4951691347211328
1631215724722831 0.9989119283421328 0.04663645993785263 4.246665409518691e-06 -194.7424271488311 -0.04663645956682193 0.9989119262786986 -6.461439127930301e-05 1.1937940276643495 -7.255431194805609e-06 6.434603675194049e-05 0.9999999979034733 0.49565180841425
1631215724972831 0.9989130801419747 0.046611782751345594 5.2708561790866745e-06 -196.45195557568155 -0.04661178221242083 0.9989130772482664 -7.654507408619466e-05 1.1516567633406145 -8.833029529595511e-06 7.621619172501395e-05 0.999999997056535 0.49589487076288
1631215725223464 0.9989834139856795 0.045079247594707605 3.9470237337069905e-06 -198.23761008464885 -0.045079247040840605 0.9989834097743564 -9.208473773208718e-05 0.8223986902705362 -8.094121919895504e-06 9.181319681781354e-05 0.9999999957524113 0.495629651766644
1631215725474088 0.9990661527803313 0.043206739667629036 3.7107168093813675e-06 -199.89308349834852 -0.04320673926402396 0.999066149942554 -7.562340930776271e-05 0.4075028962380944 -6.9746925150302335e-06 7.539246062374157e-05 0.9999999971336655 0.495539335152451
1631215725724100 0.9990543593539001 0.04347858135122305 4.173836643689705e-06 -201.51812408828243 -0.0434785809585021 0.999054356978861 -6.926151029274273e-05 0.4210644224043869 -7.181281893983973e-06 6.90145412991335e-05 0.9999999975927114 0.495631190352960
1631215725974096 0.9991159219492394 0.04204015319772109 4.939735601775602e-06 -203.18891002402748 -0.04204015292442754 0.9991159208985512 -4.633463347943442e-05 0.07137453797940184 -6.88328357461456e-06 4.6086002806983215e-05 0.9999999989143507 0.4957304441305855
1631215726224112 0.9991742496413557 0.04063026975728695 5.554380740465938e-06 -204.82589034844875 -0.04063026944261761 0.9991742485031585 -4.827976953610857e-05 -0.26094254879367507 -7.511414262344122e-06 4.8014226513134046e-05 0.9999999988191066 0.495850644441026
1631215726473485 0.9991881569343519 0.04028680944442072 4.968828190571854e-06 -206.5348759248435 -0.040286808941668674 0.9991881539854423 -7.718956647344817e-05 -0.3575975467211417 -8.07451562283939e-06 7.692672242736053e-05 0.9999999970085409 0.4957439329821079
1631215726722867 0.9991692791929748 0.040752318939043006 3.981079447096017e-06 -208.30306544947484 -0.04075231833939881 0.9991692742407299 -9.980473385466476e-05 -0.2785128344119076 -8.045046607539329e-06 9.95595857688719e-05 0.9999999950115832 0.4955558974886020
1631215726972872 0.9989768755825552 0.04522390984126625 5.2680528419520785e-06 -210.1127940428243 -0.0452239093613262 0.9989768731541605 -7.016396742048084e-05 0.6147712754210811 -8.435751892412493e-06 6.985393900810895e-05 0.9999999975246328 0.495874381996039
1631215727222870 0.9987832524321141 0.0493154603008178 5.849273976681011e-06 -211.91792870560064 -0.049315459997935615 0.998783251500875 -4.386683759530172e-05 1.4293864518289159 -8.005470169320234e-06 4.3525003090629993e-05 0.9999999990207435 0.495996260201678
1631215727472873 0.9987358903036162 0.05026550901792842 4.514320447303348e-06 -213.801509654606 -0.050265508676947006 0.9987358886823484 -5.738549247020943e-05 1.6007294430301278 -7.39312483301052e-06 5.708603629925909e-05 0.9999999983432633 0.4957676471206931
1631215727724133 0.9987136674058721 0.05070513296630903 5.034789811031805e-06 -215.78111195304268 -0.05070513249597917 0.9987136650319693 -6.938835546642671e-05 1.6614561209980085 -8.546659175098827e-06 6.904380927883372e-05 0.9999999975799536 0.495920678888289
1631215727974754 0.9986670009662183 0.05161609373227534 6.835775275889733e-06 -217.8332943244443 -0.05161609329639591 0.9986669995903222 -5.3290226012236026e-05 1.8109988553672838 -9.577296485529663e-06 5.286635417817621e-05 0.9999999985567123 0.496281579213106
1631215728225392 0.9986078072100868 0.05274890860358231 4.238005091906949e-06 -219.91728004368647 -0.052748908264378655 0.9986078055087447 -5.875110580552711e-05 2.022992632196572 -7.331161675075659e-06 5.844576279793874e-05 0.9999999982651737 0.495743194503750
1631215728474771 0.9986002636193165 0.052891525521489305 5.020830683614547e-06 -222.09938561855182 -0.05289152502748428 0.9986002610903543 -7.161222333522955e-05 2.027948688922105 -8.801482569753586e-06 7.124642570932351e-05 0.9999999974232405 0.495966195009652
1631215728724780 0.9985264741240917 0.05426675270679242 4.662310555522938e-06 -224.3451531640224 -0.05426675223586974 0.9985264716012103 -7.14924852362214e-05 2.300192745254148 -8.535105525242433e-06 7.113413075768844e-05 0.9999999974335438 0.495909630371784
1631215728974150 0.9984898150146377 0.054937139314114106 5.81238088708265e-06 -226.64277854639266 -0.05493713897444063 0.9984898139036645 -4.785075878562609e-05 2.3962320412104847 -8.432386911991281e-06 4.745917971170977e-05 0.9999999988382609 0.4960946513290818
1631215729223532 0.9984620445538723 0.05543956675292663 4.616963953369691e-06 -229.02538915150498 -0.055439566390562314 0.9984620428827262 -5.829791660542642e-05 2.475419049253527 -7.841874500018088e-06 5.7952294527598914e-05 0.9999999982900185 0.4958811828878477
1631215729472909 0.9984484140584791 0.05568450810333979 4.37768360487506e-06 -231.43815016573595 -0.055684507799469825 0.9984484127177747 -5.225183504118009e-05 2.4819217555899264 -7.2805089784492825e-06 5.192699267178821e-05 0.999999998625291 0.4958003508061502
1631215729722911 0.9983548979105787 0.05733670546616168 4.691693583819331e-06 -233.862084698231 -0.05733670511875213 0.9983548964004874 -5.547129868487909e-05 2.82247683450012 -7.86451677635482e-06 5.511103648410973e-05 0.9999999984504617 0.4959130171140953
1631215729972918 0.9983189564692959 0.05795913337304214 3.23566188945681e-06 -236.26751142384478 -0.05795913307925941 0.9983189547247965 -5.939408815608558e-05 2.923097444142512 -6.672652472348974e-06 5.9106707950510185e-05 0.9999999982309367 0.4955954446804309
1631215730223549 0.9982510831454144 0.05911662188167324 3.75150587196768e-06 -238.74243854346892 -0.05911662144328759 0.9982510804373221 -7.397714094775867e-05 3.1681772057318995 -8.118223459272732e-06 7.362598472679007e-05 0.9999999972566547 0.4957981026186723
