0.9999727208254474142 0.007386311999347235611 0 -0 -0.007386311999347235611 0.9999727208254474142 -0 0 -0 0 1 0.4949999999999998845
0.9999770638281466617 0.006772844590102363761 1.99004876327322781e-05 0.01201295185691424183 -0.006772844923315255936 0.9999770638840506098 1.672454705630285678e-05 0.002112245359571850167 -1.978675843479072962e-05 -1.685894637584940448e-05 0.9999999996621298237 0.4950149524025881376
0.9999347899728722178 0.01141997383806351088 1.295584314034840573e-06 -0.01199583248754525384 -0.01141997383144526153 0.9999347899612582857 -5.005591286459173944e-06 -0.002026775169640059136 -1.352663550467026336e-06 4.990469332752859868e-06 0.9999999999866325817 0.4949857383371443209
0.9999780962902357073 0.006618681239002004342 -8.031624704171718924e-07 0.0117836835216861037 -0.006618681242243183369 0.9999780962821221975 -4.102321848134061748e-06 -0.004103305578763796237 7.759929175205487522e-07 4.107547868444340415e-06 0.9999999999912627668 0.4949980654193625873
0.9999790148370117926 0.006478416966190067051 1.201755965278428104e-06 0.03356080623798143869 -0.006478416965324209319 0.9999790148374780863 -7.229747336333983584e-07 -0.003709334687290832648 -1.206414478014596078e-06 7.151740856572832332e-07 0.9999999999990163424 0.495004973465140885
0.9999683186524700451 0.007960005435281278935 2.656143237095352513e-06 0.001765251213376573371 -0.00796000540809399873 0.9999683186052696904 -1.009383915958753433e-05 -0.02460056737299703283 -2.736406101345958082e-06 1.007237645862931441e-05 0.9999999999455294608 0.494975520624443277
0.9999382478698668475 0.01111307557383515825 6.808884489514567962e-07 0.006551465439440414852 -0.01111307557289260665 0.9999382478691668519 -1.372755536946048e-06 -0.02742944138914439958 -6.961019386653290626e-07 1.365104001577596289e-06 0.9999999999988257171 0.495001909183322375
0.9999787599436026353 0.006517642506332786169 2.1658525417588459e-07 0.0365315588228394203 -0.006517642508312146421 0.999978759883780377 1.093906690145708112e-05 -0.0107197622969271017 -1.452837264639346139e-07 -1.094024618031844384e-05 0.9999999999401447681 0.4950292281828835295
0.9999675979212887533 0.008050037752022497564 -1.397014620142882829e-06 -0.009332930461517998863 -0.008050037739920369237 0.9999675978865546488 8.462404532540199916e-06 -0.001285060324554496971 1.465092029875529836e-06 -8.450884312627250454e-06 0.9999999999632177561 0.4950146891001321325
0.9999900746178274069 0.004455408812565414371 -6.141930310806219783e-07 0.0006560770253335248018 -0.004455408808728795848 0.9999900745993518525 6.112479018882345158e-06 0.01467299720542721876 6.41420527855914976e-07 -6.109681869151142346e-06 0.9999999999811299833 0.4950129461484323867
0.9999789483539192059 0.006488670897211680152 1.100037770384432527e-06 0.0132245133702195896 -0.006488670894571167344 0.9999789483516919875 -2.387177069783342344e-06 0.01673006032702405166 -1.115504219155300428e-06 2.379989032712942233e-06 0.99999999999654543 0.494991159177111395
0.9999621180040273449 0.008704169064980950624 -1.434318187642360442e-07 -0.01672475081009448111 -0.008704169065795431051 0.9999621179774464963 -7.29151677175155491e-06 0.0117950589689710672 7.995979055589074479e-08 7.292489009342507407e-06 0.9999999999734063838 0.4949824856621392599
0.9999665873529768323 0.00817460568721259731 -1.316211158009618929e-06 -0.02481331054770033809 -0.008174605694516870816 0.9999665873378601466 -5.643187018988947122e-06 0.007544493468751856981 1.270036351191640312e-06 5.653757972400408978e-06 0.9999999999832107633 0.4949873982534299111
0.9999877870463446117 0.004942242409310964799 5.953689341435063481e-07 0.004302304422777061474 -0.00494224240788448 0.9999877870437109406 -2.374039781492879838e-06 0.004314121301803516828 -6.070947430181156708e-07 2.37106832986041971e-06 0.9999999999970045073 0.4949972941624765643
0.9999507836325309817 0.00992120529114232097 -7.004965100447820481e-07 -0.02749197474647973455 -0.009921205293068589143 0.9999507836288310525 -2.802158640166224217e-06 -0.004699690558249977786 6.726612430210496674e-07 2.808970497780129351e-06 0.999999999995828337 0.4949907498139651252
0.9999747090171781094 0.007112054859824804703 1.978263383213017375e-06 0.0490155142524436524 -0.007112054857952279131 0.9999747090186950071 -9.519691867015471827e-07 -0.00858242983400541587 -1.98498380807119034e-06 9.378755927608816786e-07 0.9999999999975899279 0.4949987043693253042
0.999956008018434761 0.009379873411588978555 2.202544632640966979e-06 0.03338003916558350548 -0.009379873405049308707 0.999956008016538056 -2.960925035752207364e-06 -0.01913684308556938551 -2.230220840350415464e-06 2.9401351889695213e-06 0.9999999999931906691 0.4949933305966194852
0.9999399502966344055 0.01095882305890743744 4.003775400727723187e-07 0.009612762233865767419 -0.01095882305935483823 0.9999399502960679698 1.132943580214518818e-06 -0.02265018226235272769 -3.879377692887225871e-07 -1.137263213907198507e-06 0.9999999999992777999 0.4950048844599130859
0.9999815364341142487 0.006076741963970315116 4.51987602697543063e-07 0.04236001651493717657 -0.006076741967991007749 0.9999815363890539599 9.501277827057796573e-06 -0.01041606066797192733 -3.942424436913477453e-07 -9.503849011622960099e-06 0.9999999999547605212 0.4950269421911549506
0.9999811394338185 0.006141724341311807257 9.948391328069738552e-07 0.03810930965988587604 -0.0061417243522845456 0.9999811393689208572 1.143012590606645207e-05 0.006975364014372947667 -9.246196870124806664e-07 -1.143602035514883269e-05 0.9999999999341809831 0.4950332569424316653
0.9999690399545411168 0.007868871120904430069 1.381520135198481325e-06 0.01029339392340205585 -0.007868871121221122922 0.99996903995546782 2.239656337498007124e-07 0.006700225565854279856 -1.379715006566062284e-06 -2.34829703658979219e-07 0.9999999999990204502 0.4949994266587615099
0.9999682601517052571 0.007967351392362029272 1.787365420846460941e-06 0.01854139658823674222 -0.007967351380272217481 0.9999682601311394858 -6.67213973121787832e-06 0.0009560137435772840791 -1.840467971880919308e-06 6.657687390161910358e-06 0.9999999999761437497 0.494985889354666142
0.9999464907617132692 0.01034483521209936946 -4.1592491913614674e-08 -0.004260523798904973861 -0.01034483521216282391 0.999946490743751637 -5.993499841490517667e-06 -0.002409521354535318176 -2.041150187376112235e-08 5.993609401354239553e-06 0.9999999999820379237 0.4949882101331039563
0.999974144721337721 0.00719095886377183087 1.29667291155955219e-06 0.04048253345938291475 -0.007190958862870797282 0.9999741447219411272 -6.981920817075668669e-07 -0.0006381880309029229438 -1.301660056259784702e-06 6.888497081904650763e-07 0.9999999999989153121 0.4950069873547876531
0.9999655332762010795 0.008302544824647236157 3.363041707655734389e-06 0.03113776198516454013 -0.008302544795333184971 0.9999655332447852096 -8.638664093998360527e-06 -0.02032152538989798543 -3.434648690385824699e-06 8.610444543122691111e-06 0.9999999999570314824 0.4949827564564210358
0.9999503313087207967 0.009966690377129964681 8.593824856751307584e-07 0.01474866676252454753 -0.009966690377419071961 0.9999503313090318812 3.3281507435074513e-07 -0.02067287548434491515 -8.560227364731423707e-07 -3.413637430120368207e-07 0.9999999999995751176 0.4950110128798316245
0.9999971688624602617 0.002379552305923343571 3.466203528565897248e-07 0.02147461574981658974 -0.002379552308936281127 0.9999971688222998312 8.968063814894984304e-06 -0.01049466502102614288 -3.252793945825137003e-07 -8.968863226333819092e-06 0.9999999999597266598 0.495030835942876446
0.9999915531860933404 0.004110177411218118165 -5.879857409846870954e-07 -0.02031928345200855954 -0.004110177407963606054 0.9999915531715202199 5.433065792648532596e-06 -0.005755064709994833598 6.103116386646807063e-07 -5.430603174844030231e-06 0.9999999999850678334 0.4950122353068883152
0.9999968601247725131 0.00250594148370575755 3.303493982670843412e-07 0.001866604534427796945 -0.002505941484893606415 0.9999968601181780103 3.645812661681132199e-06 0.002414728227272579329 -3.212121678183120998e-07 -3.646629050545897573e-06 0.9999999999932992489 0.4950124685587119489
0.9999830236159282792 0.005826875785822323468 -8.689339270996235589e-07 -0.01983344487783287799 -0.005826875784508175893 0.9999830236151774354 1.507282416585175581e-06 0.008712244161367038719 8.777019231584536779e-07 -1.502193658321832989e-06 0.9999999999984863219 0.495004036806268255
0.9999829663715545935 0.005836691603373794258 3.256797280280167873e-07 0.01235408738426700508 -0.005836691603487273797 0.9999829663715461558 3.486525007499826168e-07 0.01549309271105693553 -3.236392033969015063e-07 -3.505474540668451416e-07 0.9999999999998859801 0.4950036078810209905
0.9999742857178833821 0.007171325208187295623 6.531167037510611057e-09 0.01491171359374923733 -0.007171325208189919392 0.9999742857171473043 1.213270688615631029e-06 0.02090140267977053795 2.169759580908362963e-09 -1.213286327353674528e-06 0.9999999999992637001 0.4950069079235894787
0.9999854150192478697 0.005400902796070774364 -5.137121136712290761e-08 0.001428474029854496802 -0.005400902796103975237 0.9999854150190243818 -6.701984836942421354e-07 0.02297175297016415887 4.77507852544731715e-08 6.70466159781369614e-07 0.9999999999997738476 0.4949977081347732843
0.9999925062655183883 0.003871358284600052817 2.684270686025456028e-07 -0.005535399122378541203 -0.003871358282543754109 0.9999925062390704333 -7.278967896386132365e-06 0.01260648911814933604 -2.966045497434568914e-07 7.277874172378117341e-06 0.999999999973472109 0.4949820877533032681
0.9999984546978224476 0.001758011432993460176 -3.163120363546973548e-08 -0.001261608230618096451 -0.001758011433129336078 0.99999845468538473 -4.987579567474388004e-06 0.005162505766362085295 2.286293285276936454e-08 4.987627468174457885e-06 0.9999999999875612833 0.4949899118061757419
0.9999827027358672016 0.005881685758248370553 -1.985929306493085956e-06 -0.01950921257779184015 -0.005881685751228745221 0.9999827027316773309 3.522199184822108505e-06 0.01031820070664666092 2.006611424123834017e-06 -3.510457648307676454e-06 0.9999999999918248728 0.4950109679999452061
0.9999737766792246019 0.007241957941734807579 -1.136122685553627336e-06 -0.02288160602731511423 -0.007241957942828014701 0.9999737766794003502 -9.611011181596970798e-07 0.002321456881829222444 1.129132638768227901e-06 9.693036676040433799e-07 0.9999999999988925525 0.4949917325385357891
0.9999952539911122207 0.003080908531438723581 3.22821657325118195e-07 0.01598752178408929456 -0.003080908531775051334 0.9999952539906156179 1.046639142040856388e-06 0.003430789236965122065 -3.195955257484752071e-07 -1.047628758680473936e-06 0.9999999999993999245 0.4950015726170378105
0.9999795454514796011 0.006395989372421731836 -9.125236166112720822e-07 -0.01519750425750877529 -0.006395989371050627217 0.9999795454507832693 1.497606868747956981e-06 0.001896341298503232287 9.220836289687546926e-07 -1.491739744522836182e-06 0.999999999998462008 0.495000371088217761
0.9999997339896177229 0.0007293983162077066372 1.011318131565628673e-06 0.02165118986832255399 -0.0007293983157974375962 0.9999997339900470461 -4.059656413905811245e-07 -0.002614023747344887839 -1.011613973200213975e-06 4.052278796575930411e-07 0.9999999999994060307 0.4949978470363968208
0.999983425920592639 0.0057574199702799915 -1.277904138571458669e-06 -0.01270627798887234879 -0.005757419966917851073 0.9999834259179982698 2.619231001418180974e-06 0.0002541644905452262126 1.29296297135777103e-06 -2.611830159272382029e-06 0.9999999999957530639 0.495003704419519408
0.9999828940633092023 0.005849066568183217477 -1.811636532061306029e-06 -0.0185807850127592232 -0.00584906656298581247 0.9999828940608879169 2.861022103380741771e-06 0.00177543218352827761 1.828339851052878958e-06 -2.850376780253765039e-06 0.9999999999942660311 0.4950049482081347874
0.9999936561932953882 0.003561962282219978838 3.129955022451568509e-07 0.008144092020376957411 -0.003561962282452747503 0.9999936561930649059 7.463693488252727201e-07 0.0009875013855411630178 -3.103349771930176876e-07 -7.474794921759603784e-07 0.9999999999996722622 0.495000979641132155
0.9999793328917093715 0.006429135964315210033 1.561027471861921226e-06 0.003605097572640430983 -0.006429135948374698102 0.9999793328429251726 -1.001040717742052645e-05 -0.01322321431097456951 -1.625353478664866385e-06 1.000016423341543212e-05 0.9999999999486772762 0.4949620230692616252
0.9999543144320602872 0.009558715773960347814 1.921851655769175626e-06 -0.00885248157741628551 -0.009558715733363578812 0.9999543142317478539 -2.012650825748164761e-05 -0.03430232979368475627 -2.114147426454769126e-06 2.010721833286213423e-05 0.9999999997956148245 0.4949400050159158404
0.9999465123109385623 0.0103427519881862523 8.564447239939958021e-07 0.00137970557857928491 -0.01034275198684471604 0.9999465123101081154 -1.556263557984447181e-06 -0.02806062782748033196 -8.724949627527099519e-07 1.547322321672429139e-06 0.99999999999842204 0.494997738982531521
0.9999510968327376403 0.009889587434536313212 -2.36897047658817941e-06 0.005702111327616932006 -0.009889587389557622302 0.9999510966685324354 1.830016357757609341e-05 -0.006286552162884105448 2.549835693806529011e-06 -1.827584050106422867e-05 0.9999999998297457449 0.4950579033969721987
0.9999576241700931512 0.009205967048832157731 -6.085308945389922874e-06 -0.02941217556619743836 -0.009205966902617187045 0.9999576239106598985 2.363403698314460569e-05 0.009407572940639376616 6.30262523949272858e-06 -2.357701431846977486e-05 0.9999999997022004372 0.4950760336332758471
0.9999593950225525996 0.009011564553368009087 -3.558581278028049248e-06 -0.02698085272893710126 -0.009011564511541475531 0.9999593949619807187 1.159983793719810509e-05 0.0169356660402112183 3.66296947008037487e-06 -1.156729854128352637e-05 0.999999999926389882 0.4950231973477113856
0.9999546407091105538 0.009524522361301034773 -5.78955097664627942e-07 -0.02211503270348888148 -0.009524522362882386142 0.9999546407053626629 -2.792961694942241933e-06 0.01618916293667920295 5.523272105521802628e-07 2.798349278955061613e-06 0.9999999999959319208 0.4949866305096246588
0.9999612194302981427 0.008806791759139205936 7.524280024260350468e-06 0.03135963317229988057 -0.008806791572799690937 0.9999612191613509449 -2.444934321260395599e-05 -0.007009896474008641201 -7.739308500691054034e-06 2.438213028723657392e-05 0.9999999996728071716 0.4949370376330968213
0.9999558202838325638 0.009399864300270965173 5.818652230892760461e-06 0.03315163303835211295 -0.00939986413692347339 0.9999558199243978596 -2.749118011080874913e-05 -0.02944141772690673023 -6.076808524894120353e-06 2.743527101784375063e-05 0.9999999996051889273 0.4949351528923833232
0.9999509697793903529 0.009902425767583485777 -1.845742936768128512e-06 0.02487049629814040361 -0.009902425777931713261 0.9999509697648345519 -5.684366567290120331e-06 -0.02945068589735296352 1.78936342158937267e-06 5.702365193979847793e-06 0.9999999999821403973 0.4950008698557883946
0.9999569202062084106 0.009282117304161504462 -5.683192421628671663e-06 0.09384012291480901824 -0.00928211718266423215 0.9999569200020521631 2.104398464444598001e-05 -0.01153567854629510177 5.878280323728106126e-06 -2.099032601589760467e-05 0.9999999997624258175 0.4950601049561115796
0.9999739096669355565 0.007223570047665698116 -4.83966596033649632e-06 0.257603717896800144 -0.007223569872469875856 0.999973909057239152 3.528901509177257898e-05 0.01383801320801875297 5.094452361328158751e-06 -3.5253134724389884e-05 0.9999999993656313313 0.495063008844659147
0.9999683933330120178 0.007950618217976178348 2.679410643487366121e-06 0.4974979698853250198 -0.00795061821653254841 0.9999683933364624799 -5.4899985289868835e-07 0.002780698553961094294 -2.683690844488725791e-06 5.276795297718643944e-07 0.9999999999962594366 0.4949826377546259759
0.9999701468095961721 0.007726932039722210488 3.616736283431863601e-06 0.8023609577861771092 -0.007726931995836123016 0.9999701467445361036 -1.199480353059831169e-05 -0.00449029843265555742 -3.709311343788160731e-06 1.196649917213640245e-05 0.9999999999215217761 0.4949761974068222492
0.9999762401122506139 0.00689341809249606214 4.485560155786948002e-07 1.143705264034483582 -0.006893418093579907827 0.9999762401093144071 2.461415592349808168e-06 -0.001379447954179212864 -4.315777911588018275e-07 -2.464449193545498647e-06 0.9999999999968699482 0.4949900554778270401
0.9999808922216847362 0.006181843348333466472 -2.563691340916734064e-06 1.547010777249270497 -0.006181843295648321163 0.9999808920238300036 2.007301265029858659e-05 0.01814931724450017519 2.687730573698161356e-06 -2.005678076149462654e-05 0.9999999997952505604 0.4950344608458090989
0.9999795748168184284 0.006391396607706466455 -9.001915646454076315e-07 2.015412883100090369 -0.006391396590875450708 0.9999795746624370318 1.760062859832484843e-05 0.02682856671344406585 1.012665775844237422e-06 -1.759451562096429552e-05 0.9999999998447035576 0.4950113272809806286
0.9999646599732084917 0.008407068864837097949 -4.00066632951071397e-09 2.536796562035702696 -0.008407068864191314175 0.9999646599020755033 1.192776818418510906e-05 0.03899203223494099313 1.042780934727155045e-07 -1.192731302266059522e-05 0.999999999928863903 0.495009399980195941
0.9999505887680016913 0.009940826160192851868 -1.093189045455066585e-07 3.126481928054696713 -0.009940826158742876312 0.9999505887246132874 9.317367072865685379e-06 0.04873032590259994412 2.01935829301380759e-07 -9.315819970053679911e-06 0.9999999999565871711 0.4950087025293172238
0.9999255696140810779 0.01220062368209253768 3.994510928660326852e-06 3.829104200363151911 -0.01220062365542417572 0.9999255696003791494 -6.633899436487997059e-06 0.02481190499924339904 -4.075151326184960872e-06 6.584670148264786266e-06 0.999999999970017428 0.4949675815893577746
0.9998979842831273723 0.01428359269697999055 2.904819582570322325e-06 4.492879508450481119 -0.01428359265032128934 0.9998979841679603853 -1.549456579418753401e-05 -0.003253829709396673531 -3.125841311804527386e-06 1.545149384531028237e-05 0.9999999998757399533 0.494961821009468228
0.9998765527487096794 0.01571239205957332061 1.164369180930316859e-06 5.16866202066700442 -0.01571239202668946178 0.9998765524551759265 -2.427723175006795621e-05 -0.09852103163397521457 -1.545678825791875889e-06 2.425593976750490456e-05 0.9999999997046299383 0.494877612853011517
0.9997451710820635107 0.02257416444012685583 -3.978247856804501983e-07 5.903812861787038457 -0.02257416444189960791 0.9997451706317366238 -3.000837081411541408e-05 -0.1922271572173276932 -2.796904890965803498e-07 3.000970437558283775e-05 0.9999999995496694494 0.4948930152094568324
0.9995072608070310061 0.03138846274959748023 1.573276226141874615e-06 6.756494392441977581 -0.03138846269958746327 0.9995072604872934363 -2.539241824464357297e-05 -0.3444210260886625963 -2.369529984974988138e-06 2.533052368282979002e-05 0.9999999996763747623 0.4948761044990084845
0.9992676149671174679 0.03826530640427489721 -2.438868768257184883e-06 7.575013937428126454 -0.03826530643615542321 0.9992676148601512542 -1.474056393290171314e-05 -0.4942495902526821694 1.873030381548979513e-06 1.482309222527594265e-05 0.9999999998883836172 0.494890924022952261
0.998829454634238223 0.04837065724302632569 -8.670656247632067048e-06 8.32138523424472254 -0.04837065704835986912 0.9988294544518878659 2.140762510102734744e-05 -0.6023606431413230933 9.696007745711239628e-06 -2.096316116493492917e-05 0.9999999997332664758 0.4949650941451567698
0.9983912354483023277 0.05670044957497328425 -4.908906506499003216e-07 9.135995279461200269 -0.05670044933884730437 0.9983912320093873971 8.302880657316484396e-05 -0.605244594020230231 5.197871581856302837e-06 -8.286739905191209746e-05 0.9999999965529878798 0.4950935976631491986
0.9980972678623654115 0.06165909397210624782 4.295692530047517721e-06 9.993701350819410578 -0.06165909411714760868 0.9980972645151404699 8.174520869265626609e-05 -0.6288989460341325444 7.528165411113625845e-07 -8.185453796698765423e-05 0.9999999966496336823 0.4949800420743011853
0.9980690697505714137 0.06211386324006187148 1.690046719647947255e-06 10.79779286129009463 -0.0621138632629342699 0.998069069325787539 2.91194475378640509e-05 -0.6783565341797812565 1.219380253969520127e-07 -2.916819524661873428e-05 0.9999999995746005066 0.4949062327299423858
0.9981288111077024627 0.06114635254302271117 -3.10505097229883593e-06 11.57279345385999214 -0.06114635252935193138 0.9981288111040129696 4.321852192314291868e-06 -0.7200747780076474092 3.363506333188084155e-06 -4.123902649124089688e-06 0.9999999999858398825 0.4949026321557825625
0.9981574948700798755 0.06067631677935026585 -4.360148766505859147e-06 12.35173184363062227 -0.06067631675090342375 0.9981574948609125419 6.384681388301522421e-06 -0.7436460935456717936 4.739514120448188508e-06 -6.108359812453105186e-06 0.9999999999701122411 0.4949479724554544657
0.9982209191734501275 0.05962379156575877553 2.463331375244883347e-06 13.27390619781690262 -0.05962379158131566464 0.9982209191522871672 6.816395179824168199e-06 -0.7919876744419395154 -2.052529584141936037e-06 -6.951141418366873191e-06 0.9999999999737341216 0.4949570377782900876
0.9982750905202166791 0.0587098257299592946 3.4414434950863979e-06 14.20025337670729293 -0.05870982575787884322 0.9982750904868791242 8.667480089070257683e-06 -0.8456557073256063539 -2.926641070915649575e-06 -8.854576018450897591e-06 0.9999999999565154507 0.4949630916834607541
0.9983782911593280796 0.05692791707469438411 -1.244693926932844278e-06 15.1261441447176761 -0.05692791705885308362 0.9983782911075029798 1.033610520206437455e-05 -0.9032840304433934486 1.831088335541544866e-06 -1.024848521624398017e-05 0.9999999999458075717 0.4949646720283385481
0.9986708922662732579 0.05154075030709791283 -3.151671789571226296e-07 16.06956641471063563 -0.05154075030190619772 0.9986708922228397789 9.348053999718136569e-06 -0.9614912378589238751 7.965540048652219623e-07 -9.319385475977831791e-06 0.9999999999562571018 0.4949632113602176475
0.9988948562271275922 0.04700070430125626725 6.360295249556682898e-07 16.98753959296564275 -0.04700070430353552736 0.9988948562182390356 4.236469060746478286e-06 -1.026359922542422032 -4.362095912755724402e-07 -4.261680988975789009e-06 0.9999999999908236736 0.4949490051744686592
0.9991143055695026476 0.04207855045331350408 5.926329927145165296e-07 17.92190260492405329 -0.04207855045675099742 0.9991143055362294856 8.157754997169792171e-06 -1.08931088665257203 -2.488415957196404219e-07 -8.175466856289711481e-06 0.9999999999665496464 0.4949467298288708905
0.9993647548074841014 0.0356382778006709422 2.492366977283725983e-06 18.90474967583199728 -0.03563827781262561556 0.9993647547980107904 4.928933590394319696e-06 -1.155007848759991074 -2.315125008564264712e-06 -5.014626175774250794e-06 0.9999999999847466459 0.4949354186993245586
0.9995534348927085366 0.02988194758068277515 2.2816370125163101e-06 19.90513536274000472 -0.02988194761677860634 0.9995534347341390458 1.788982977930339189e-05 -1.197112554388273908 -1.746035156984822273e-06 -1.795002056323708307e-05 0.9999999998373738652 0.4949672710109977447
0.9996461874491709976 0.02659887066340132014 3.357221184875274397e-08 20.88771281094861365 -0.02659887066028139568 0.999646187310928136 1.662994725804115725e-05 -1.24761537125418287 4.087774826815615237e-07 -1.662495635690238797e-05 0.9999999998617216113 0.4949537065567895522
0.999653383112100502 0.02632705138600437839 -2.887619088339809494e-07 21.88794933767200135 -0.02632705138282940074 0.9996533830798246534 8.048593732287344103e-06 -1.312226765583864418 5.005575598454413886e-07 -8.038201704164619802e-06 0.999999999967568165 0.4949388930805289077
0.9996553513410791902 0.02625221013892030039 4.450535409268325648e-07 22.89657760589822288 -0.02625221014266389263 0.9996553512214735315 1.546383718017349336e-05 -1.364061205770043195 -3.894025055952275095e-08 -1.547019122850872849e-05 0.9999999998803356105 0.4949636331236622055
0.9996711765224893798 0.02564251994993402284 1.729613599004352922e-06 23.90674746042304832 -0.02564251998139103692 0.9996711762888423891 2.164529302212229672e-05 -1.415301118246243384 -1.17400500290001236e-06 -2.168252719287158239e-05 0.9999999997642446958 0.4949763637586211962
0.9996926983241837261 0.02478929033175933036 2.095910757025408949e-06 24.89363545596504323 -0.02478929038342353799 0.9996926978770234173 2.993120770724090119e-05 -1.441153469066218218 -1.35329328136521785e-06 -2.997396593732691583e-05 0.9999999995498647376 0.4950036329981616356
0.9997225183545923599 0.02355602464262800816 -1.425871560379998187e-07 25.81373217049930346 -0.02355602462521794171 0.9997225178146678104 3.28692871294207576e-05 -1.463615327214194073 9.168173282483715754e-07 -3.285680771898585113e-05 0.9999999994597945641 0.4950014909585875866
0.9997711961427796501 0.02139054381614134692 8.47347095758965209e-07 26.74540188248449013 -0.02139054383032521281 0.9997711958544087674 2.401501297921593772e-05 -1.492557189422238251 -3.334590318536103185e-07 -2.402764346680643471e-05 0.9999999997112803962 0.4949893644938264115
0.9998186972898330804 0.01904133792816908866 1.341288436031450075e-06 27.67296241238010523 -0.01904133795184890371 0.9998186970763784931 2.068160886038921065e-05 -1.515933942166527659 -9.47239753307847462e-07 -2.070339915505358866e-05 0.9999999997852357936 0.4949894444446931163
0.9998575691417305178 0.01687724598151672806 5.489447715779967936e-07 28.57870442841955594 -0.01687724598845513277 0.9998575689943633993 1.716856111698496063e-05 -1.544612406592699605 -2.591085557020149722e-07 -1.717538046003381925e-05 0.9999999998524693456 0.4949838435113542157
0.9999066036575366967 0.01366689284033965369 -2.091179373485590877e-06 29.43441699394708166 -0.013666892798281342 0.9999066034806485259 1.895430587968121501e-05 -1.567003324865489322 2.350030531931676368e-06 -1.892395569251868506e-05 0.9999999998181804406 0.4949866783116081415
0.9999660667748121456 0.008238039217539327649 -3.315817768262421559e-06 30.27835544408496204 -0.008238039170746249557 0.9999660666842723478 1.388664919802373398e-05 -1.597188068206667699 3.430104012266259445e-06 -1.385886214257101507e-05 0.9999999998980829696 0.4949749400241891806
0.9999968480227191536 0.002510764529516610645 -2.88735964564039219e-06 31.11650476302327561 -0.002510764493607219733 0.9999968479504214303 1.237384226565910039e-05 -1.623969709006111373 2.918418348794133562e-06 -1.236655378351084563e-05 0.9999999999192753508 0.4949864034542568736
0.9999949172886646309 -0.003188322294011392433 1.376831298429932826e-07 32.01897540930956154 0.003188322293237774718 0.9999949172746598336 5.294648926984140386e-06 -1.661749226862238249 -1.545634772503093687e-07 -5.29418303761974208e-06 0.9999999999859736644 0.4949784582615023854
0.9999740571963162683 -0.007203119916206987897 -2.091404411781074611e-07 32.99162611653062527 0.007203119919086202992 0.9999740569447109761 2.243211547904064472e-05 -1.664235060964103896 4.75537976664642056e-08 -2.243303999075029818e-05 0.9999999997483780545 0.4950103286340525877
0.9999252530095719127 -0.01222654467277698581 -1.157857254627894206e-06 33.97523038035177478 0.01222654469886211119 0.9999252526685604714 2.612804795796271623e-05 -1.668783425672700771 8.383149623174827128e-07 -2.614025155849071337e-05 0.9999999996579920225 0.495008859072187668
0.9998769855274919349 -0.01568482751378721257 7.421587748491495992e-07 35.01212033397204237 0.01568482749230009493 0.9998769852578095474 2.3249160431337808e-05 -1.678670343192403713 -1.106726549584788992e-06 -2.323465981577568746e-05 0.9999999997294626297 0.4950078374974163364
0.9997462840385467064 -0.02252482081864210298 6.618702774853022686e-07 36.09422196304954866 0.02252482080629012243 0.9997462839280527591 1.489719252465558894e-05 -1.689682160166661617 -9.972589426770005043e-07 -1.487850435973388054e-05 0.9999999998888176034 0.4949872869761468563
0.999628372729319481 -0.02726016194108041996 -2.776934477085478819e-06 37.14629449893974567 0.02726016198779487518 0.9996283725613647198 1.846480172782208172e-05 -1.691778529154928767 2.272549006728097608e-06 -1.853363938762716409e-05 0.999999999825669672 0.4949979940867079153
0.9993849689953242521 -0.03506684673775622985 -2.884132677580303862e-06 38.24339748988185761 0.03506684682794617564 0.9993849681163397003 4.193901232318086631e-05 -1.65348176905594535 1.41168992655713111e-06 -4.201435596913281336e-05 0.9999999991164002511 0.4950244676316539749
0.9991252329628125262 -0.04181828378697377557 -5.918956873551689859e-07 39.33694307690638681 0.04181828378992368672 0.9991252327241780806 2.183929440751883647e-05 -1.640592678040718511 -3.219038948637285831e-07 -2.184494217448355898e-05 0.9999999997613472358 0.4949980632070966058
0.9992314067083056806 -0.03919943685634978692 3.442660420443259626e-07 40.46538863251113582 0.03919943684345755103 0.9992314065406823209 1.833352201531689008e-05 -1.617534279477413905 -1.062665180010032799e-06 -1.830593595831032464e-05 0.9999999998318814809 0.4950002610627125543
0.9990983268444163512 -0.04245625157997112015 8.358376807156318796e-07 41.64252726612891564 0.04245625152627877791 0.9990983262569358425 3.43388863885564483e-05 -1.566730435604818394 -2.29298442731411227e-06 -3.427243740169965124e-05 0.9999999994100708944 0.4950352968513610508
0.9991989199849140579 -0.0400189742891891298 2.346308475048885525e-07 42.84008668303780354 0.04001897428319189237 0.9991989199079919226 1.241998778875625457e-05 -1.554384666459935893 -7.314780613942374464e-07 -1.240064869889873389e-05 0.9999999999228441627 0.4949961288270652293
0.9992861313164342896 -0.03777866806609208455 1.366256329630662276e-07 44.03201411712765179 0.03777866806622033613 0.9992861313158269976 -1.105718620279187831e-06 -1.562161088893307292 -9.47555234722153972e-08 1.110090816820383919e-06 0.9999999999993791633 0.494974044184817441
0.9993057402907761233 -0.03725637426820540415 -7.238288182231931725e-07 45.2713144619982728 0.03725637427234256699 0.9993057402667151479 6.9501206974939953e-06 -1.547278382298438171 4.643899951058676567e-07 -6.972262746080315135e-06 0.9999999999755857516 0.4950040476148052093
0.9993017490020161819 -0.03736327666213021953 -9.0177003742841056e-07 46.5312537466653211 0.03736327667254722706 0.9993017485780841813 2.910853562575856291e-05 -1.515477321269885547 -1.864498945971019444e-07 -2.912190364511148838e-05 0.9999999995759397686 0.4950211513283738207
0.9993385391357308967 -0.0363659758414908163 1.179735547344756804e-06 47.86826597324267141 0.03636597580297516036 0.9993385388522958435 2.388908539675894033e-05 -1.499202448962467571 -2.047705100529432197e-06 -2.383038146731716338e-05 0.9999999997139596974 0.4950214828913283016
0.9993434149544441203 -0.03623173988083442515 3.824912416017491805e-06 49.19557424876876439 0.03623173989994752514 0.9993434149483017004 -5.051904173898841364e-06 -1.516109220949882763 -3.639361757769478948e-06 5.187170400963901744e-06 0.9999999999799239481 0.4949962860372987272
0.9994152377103568963 -0.03419331187402777777 7.593996318665955128e-06 50.58100494967728622 0.03419331206262607448 0.999415237387366262 -2.627498164986008555e-05 -1.550966491942543879 -6.691126991500248717e-06 2.651928091735678093e-05 0.9999999996259780755 0.4949573951811837569
0.999399763116985862 -0.03464265383913789353 4.35049455993138595e-06 51.93767258509293328 0.0346426538454257596 0.9993997631252864444 -1.378352764607794604e-06 -1.57353880190482176 -4.30013343498074522e-06 1.528238103536794298e-06 0.9999999999895864411 0.4949645487647623132
0.9994029741931119704 -0.03454989400692060064 5.526438565787655053e-07 53.36365455589950813 0.03454989397805356688 0.9994029738045344669 2.791040561529186827e-05 -1.568174900854300224 -1.516615469418065088e-06 -2.787464859620641049e-05 0.9999999996103516864 0.4950176599957068491
0.9994898286466149528 -0.03193872920861502707 -3.275900684250883316e-06 54.83289988005184057 0.03193872930749941386 0.9994898279740255242 3.672747664257884289e-05 -1.558378263503618522 2.101200480358789964e-06 -3.681336744130623092e-05 0.999999999320180244 0.4950516586344352876
0.9995702095451941549 -0.02931545960236993376 -4.506768532422833319e-06 56.35089502215040369 0.02931545977015652046 0.9995702086137724374 4.327258193704864735e-05 -1.535615831145654697 3.236275934462064082e-06 -4.338610178598295672e-05 0.9999999990535861638 0.4950777846987334807
0.9996507213086237575 -0.02642792806364783337 -2.764684017789476123e-06 57.88167403288976232 0.02642792814403577273 0.9996507207024699637 3.486084471284081447e-05 -1.523898500385820531 1.842418474588842932e-06 -3.492173343318235115e-05 0.999999999388538785 0.4950610627522884499
0.9997292541768656449 -0.02326839798067148121 7.832213783306349871e-07 59.50151349613403085 0.02326839796176260675 0.9997292539995571437 1.886834789355961204e-05 -1.522147899113666103 -1.222045552300164732e-06 -1.884501506045482957e-05 0.9999999998216857477 0.4950514268467665624
0.9997781064775222992 -0.02106508510199721698 -3.134512489497891794e-07 61.0478918252863636 0.02106508510432841819 0.9997781063711784766 1.458220113499852394e-05 -1.528428767350179074 6.206388231557047855e-09 -1.458556831625838952e-05 0.9999999998936303092 0.495032160552407452
0.9998226839338086869 -0.01883084400463184635 -2.775077093078575999e-06 62.56425311874661332 0.01883084406548478362 0.9998226836524389816 2.383377238645607724e-05 -1.521685031078942707 2.325774976692989099e-06 -2.388180331970347914e-05 0.9999999997121249429 0.4950430664724922436
0.9998580271269884578 -0.01685009173376432814 7.2293393382663719e-07 64.08640223218395704 0.01685009173125640372 0.9998580271216959137 3.345272446784988812e-06 -1.557388288366809537 -7.791994444179861796e-07 -3.332616005744097275e-06 0.9999999999941430184 0.4950112722075258875
0.9999046509336786404 -0.01380902024338688701 1.829960635107388197e-06 65.64831726101655818 0.01380902019095236327 0.9999046505954776176 2.609854997580872313e-05 -1.560594472732300897 -2.190181554389409012e-06 -2.6070791540077355e-05 0.9999999996577582095 0.4950576343827656767
0.9999183472751262958 -0.01277884129375181886 -4.031815882683146443e-08 67.15652711572344913 0.01277884128792935482 0.9999183467138132997 3.350648906432098341e-05 -1.571114787232876786 -3.878592393469913606e-07 -3.350426838754060201e-05 0.9999999994386565838 0.4950568911622855728
0.9999292800124545133 -0.01189264369838184676 -1.367496823231519356e-06 68.63426554450475692 0.01189264372383846795 0.9999292798045359421 2.042235278832732462e-05 -1.59213618408817581 1.124524348394670141e-06 -2.043717167230466538e-05 0.9999999997905285598 0.4950432965666313745
0.9999467867531713905 -0.010316184408952064 1.865652065248911067e-06 70.19590906296745914 0.01031618433703424681 0.9999467861380383349 3.514491660231005161e-05 -1.595481570854257791 -2.228114227403972822e-06 -3.512380001657426371e-05 0.9999999993806768517 0.4950775143318580374
0.9999673283082850528 -0.008083459429695792273 -1.368077243744137936e-06 71.71784196783949028 0.008083459482081920694 0.9999673273403354434 4.400977954964977872e-05 -1.601902145741264327 1.012281277522717779e-06 -4.401940047266805479e-05 0.999999999030633635 0.4950795487127035988
0.999969207340917432 -0.007847570045597591568 -4.072970470462804019e-06 73.23235011046308784 0.007847570181347478593 0.9999692067544373453 3.445842050554175171e-05 -1.615093907460525724 3.80243018190510416e-06 -3.448932236076011643e-05 0.9999999993980138724 0.4950711547736042495
0.9999642968467131743 -0.008450149926916472945 -5.512724405955605079e-07 74.74809987943888245 0.008450149931666095515 0.9999642968038318092 9.27270712279640194e-06 -1.650476493065727412 4.728969929914827698e-07 -9.277034392688840756e-06 0.9999999999568562892 0.4950344340527962905
0.9999598863518999181 -0.008956879093897411603 2.495011648232934638e-06 76.30232756429573726 0.008956879093220399338 0.9999598863549787886 2.823958692372039909e-07 -1.678081308105944691 -2.497440949878728711e-06 -2.600370236392685685e-07 0.9999999999968474107 0.4950358627976753079
0.9999651619628660004 -0.00834714226813482521 8.875096195479674564e-06 77.85059041586825401 0.00834714237158531297 0.9999651619331291208 -1.168382601353441857e-05 -1.728250689743246582 -8.77726044631387621e-06 1.175750066347504154e-05 0.999999999892360214 0.4949951145019062526
0.9999666366031499942 -0.008168576998461289651 5.712852696252877774e-06 79.39472517624973591 0.008168577020645670719 0.9999666366117960781 -3.870744299765074808e-06 -1.769011314365347198 -5.681043623276645051e-06 3.917281035843827442e-06 0.999999999976190157 0.4949988372606352049
0.999974348438298799 -0.007162574092139174439 -8.246251401007143274e-08 80.88545316885323189 0.007162574092438400361 0.9999743482669334327 1.851282113746088157e-05 -1.797388213864601569 -5.013905434799380557e-08 -1.851293689855366059e-05 0.9999999998286340785 0.4950288419225135073
0.9999839409962285597 -0.005667251743516526011 3.091844650394897517e-06 82.41870831147531362 0.005667251725874252084 0.9999839409849466954 5.685303521719248685e-06 -1.853954388866763114 -3.124015044711014292e-06 -5.667689959477458563e-06 0.9999999999790586402 0.4950083192095910967
0.9999986231873824183 0.001659404323166546865 -1.692368192694366812e-06 83.96456608246285214 -0.001659404261063073026 0.9999986225387501593 3.606013396988807721e-05 -1.869122501748475385 1.752204203725737439e-06 -3.605727599885043283e-05 0.999999999348401114 0.4950613325282714472
0.9998589824308046214 0.01679330981604040818 -3.011548869292971667e-07 85.51989368562391292 -0.0167933097974976471 0.9998589819072428719 3.236803104019075509e-05 -1.925194985283459115 8.446787920350048833e-07 -3.235840919182059541e-05 0.9999999994761097355 0.4950512401683707653
0.9987591835790629036 0.04980053429684978133 -1.569943115608948514e-06 87.04957326342956492 -0.04980053420652679613 0.9987591829180730851 3.649383704376334028e-05 -1.998763105882120916 3.385407686695017163e-06 -3.637037088566525724e-05 0.9999999993328673176 0.4950485068918396014
0.9962099356570354169 0.08698140088537881232 -6.743953526051431324e-07 88.55506591965635721 -0.08698140084491919055 0.9962099353777641442 2.374697554079337555e-05 -2.148826509864363743 2.737384549966886841e-06 -2.359831312305007164e-05 0.9999999997178129485 0.4950323674103919713
0.9911331248353024703 0.1328726038577499047 7.092329402446260561e-07 90.06406961266999645 -0.1328726038365609929 0.9911331245495191844 2.392973547470412951e-05 -2.357588016585169477 2.476662002053008546e-06 -2.38117911250226627e-05 0.9999999997134321195 0.4950464615841546068
0.983766273817273551 0.1794545025923611203 -1.112661014427558923e-06 91.50895279426383411 -0.1794545024787485565 0.9837662733805840887 3.002024609007633997e-05 -2.6224590376400152 6.481866709494185259e-06 -2.933323360634038606e-05 0.9999999995487731663 0.4950577222244527675
0.9725098983211982739 0.2328615418241622159 -2.966329332178697666e-06 92.89946215113646133 -0.2328615417441337321 0.9725098982004686254 1.675982730010950819e-05 -2.976022055714953041 6.787503862676353748e-06 -1.56083539218983703e-05 0.999999999855154309 0.4950494985821092819
0.9593839598006296265 0.2821035584271249785 1.500100233117100337e-06 94.37531356739083321 -0.2821035584081582059 0.9593839596411626314 1.785865706112898342e-05 -3.412677110147880999 3.598818604167666254e-06 -1.755649274175864272e-05 0.999999999839408793 0.4950680120501851356
0.9428001098521768819 0.3333585949985889418 2.350051105933845925e-06 95.80524778749078507 -0.3333585950012786792 0.9428001098537684976 8.532948564458962743e-07 -3.954488825395714446 -1.931175266372074143e-06 -1.587896219248796043e-06 0.9999999999968743891 0.4950501394277153078
0.9245454487691073808 0.3810717952634596895 -4.152871920896804047e-06 97.1925728412191603 -0.3810717952586284984 0.924545448778412382 1.929391434519967858e-06 -4.561289254953072358 4.574755491543269382e-06 -2.012677113042411949e-07 0.9999999999895152758 0.4950577110171636708
