1638109091394316 0.9999806747146978 0.006216928271891147 0.0 0.0 -0.006216928271891148 0.9999806747146978 0.0 0.0 0.0 0.0 1.0 0.49
1638109091643730 0.9999817834657199 0.006035953414428562 9.293943897711851e-07 0.0002700101505317296 -0.006035953414323677 0.9999817834661459 -1.156633060014007e-07 -0.00014296235833120407 -9.300755977556649e-07 1.100514177770023e-07 0.9999999999995615 0.4949993226123894
1638109091893278 0.9999813404436522 0.006108908428661475 -3.0651586397769434e-07 -0.001225087887446596 -0.006108908427863609 0.9999813404404786 2.539857532668497e-06 -0.0009392825067791842 3.2202590161888244e-07 -2.5379376627143655e-06 0.9999999999967275 0.4949955738871102
1638109092142502 0.9999811046522461 0.006147384484402861 -4.91726498655253e-07 -0.005113659615709937 -0.006147384483087663 0.9999811046489085 2.632970765200693e-06 -0.0027351091058990494 5.079030909422325e-07 -2.6298981824604213e-06 0.9999999999964129 0.4949956307206604
1638109092391826 0.9999806419256453 0.006222199897599092 -4.1936398934535395e-07 0.0011269846452688277 -0.0062221998974167315 0.9999806419256397 4.3486773195833504e-07 -0.003371048643534432 4.2206170521972024e-07 -4.3224994719036514e-07 0.9999999999998175 0.4949987412096396
1638109092641039 0.9999792492043394 0.006442139278896594 -6.219189143507605e-08 0.004626146530940684 -0.006442139278819681 0.9999792492036607 1.1670952241958542e-06 -0.005232048506599414 6.970919089003925e-08 -1.1666703572173028e-06 0.999999999999317 0.4949959594189337
1638109092890268 0.9999822698432109 0.005954829718017109 1.2611206712021376e-07 -0.0006743510274170117 -0.0059548297179667625 0.9999822698431408 -3.962489660041575e-07 -0.004802340436443766 -1.2846942625212634e-07 3.9549096456370896e-07 0.9999999999999136 0.4950003214419007
1638109093139126 0.9999814103260796 0.006097458486406735 -1.966896284667698e-07 -0.003185583361549486 -0.006097458486582207 0.9999814103256891 -9.039765390911598e-07 -0.005772556665950155 1.9117401265184835e-07 9.051590413082825e-07 0.9999999999995721 0.4950010379324681
1638109093388459 0.9999825505177776 0.005907508588824736 1.7784683991399315e-08 -0.0034866482540227895 -0.005907508588812102 0.9999825505175707 -6.44010255026144e-07 -0.005946479799719577 -2.158886977063253e-08 6.438939542086619e-07 0.9999999999997924 0.4950000652791170
1638109093637853 0.9999815140517809 0.006080423708428368 -2.767904289673963e-08 -0.0046972841924671225 -0.006080423708459192 0.9999815140509404 -1.296652660807712e-06 -0.004807866961297213 1.9794333643115637e-08 1.2967969912653174e-06 0.9999999999991589 0.4950021783347678
1638109093887253 0.9999800278259403 0.006320122380840812 3.002719296853382e-07 -0.0010548061506548832 -0.006320122380636673 0.9999800278257581 -6.761467675703829e-07 -0.00360935210977661 -3.0453926292054246e-07 6.742355081081601e-07 0.9999999999997264 0.4950000739419946
1638109094136790 0.9999812718311246 0.006120129468747304 2.432892046644731e-07 0.0014836926912831128 -0.0061201294689836715 0.99998127183067 9.827938167325913e-07 -0.00412991223882825 -2.3726982290410713e-07 -9.842643722371692e-07 0.9999999999994875 0.4949965385391732
1638109094386051 0.9999811263788166 0.006143849275325738 -4.8737243065448254e-08 0.0013461496689257826 -0.0061438492752904006 0.9999811263785761 6.956322546859928e-07 -0.0032595123082360283 5.301018294212545e-08 -6.953196913123247e-07 0.9999999999997569 0.4949984414638755
1638109094635180 0.9999785379478563 0.0065516136505143876 -9.614327414280538e-08 0.0013919465465772815 -0.006551613650644931 0.9999785379468427 -1.4263733539338886e-06 0.0007375780103701007 8.679616357480787e-08 1.4269726346250539e-06 0.9999999999989782 0.495003057625048
1638109094884238 0.999978443724585 0.006565979280621061 -1.0336170149604328e-07 -0.015336932501409651 -0.006565979280644743 0.9999784437245637 -2.3003696295497078e-07 0.0014019009487628922 1.0184905547044833e-07 2.3071067500578144e-07 0.9999999999999682 0.494999374588343
1638109095133440 0.9999793874264649 0.006420647938742096 7.589044079300105e-08 -0.053679483629784926 -0.00642064793887369 0.9999793874246938 1.883274237862352e-06 0.00043884281150149637 -6.379703564291998e-08 -1.8837226845400803e-06 0.9999999999982239 0.494993720990110
1638109095382439 0.9999831145072214 0.005811256162471172 -1.3705996990504166e-07 -0.07304052108298624 -0.005811256160898756 0.9999831144617066 9.542792482763597e-06 -0.010170295298066005 1.9251326719867239e-07 -9.541834857436784e-06 0.9999999999544582 0.49497981996910
1638109095631470 0.9999814837249326 0.0060854091531635035 -6.984078640271883e-07 -0.07621902518013825 -0.006085409147788859 0.9999814836974149 7.455718181986839e-06 -0.017366435525907834 7.437660277690452e-07 -7.451330032269811e-06 0.9999999999719622 0.4949865439240110
1638109095880931 0.9999807892270495 0.006198481625854996 -3.8522448843187693e-07 -0.08367485963068325 -0.006198481624864999 0.9999807892239541 2.520181519822543e-06 -0.0212951833856425 4.008383868012087e-07 -2.5177452982825294e-06 0.9999999999967502 0.4949951349705991
1638109096130372 0.9999807871282791 0.006198820195005988 5.144315131825646e-07 -0.0933192421128109 -0.006198820193594378 0.9999807871247703 -2.701774127344195e-06 -0.020459554798373313 -5.311694415110859e-07 2.69853335005582e-06 0.9999999999962179 0.495002833052802
1638109096379705 0.9999785411579586 0.0065511236524952365 5.077269700588419e-07 -0.08238288290964262 -0.006551123650734736 0.9999785411523362 -3.394883431446114e-06 -0.019208914017922678 -5.299563759694046e-07 3.3914843990247337e-06 0.9999999999941085 0.495001063368015
1638109096629270 0.9999807989805274 0.006196907903986377 6.800519883175892e-07 -0.07869548592873549 -0.006196907903280627 0.9999807989802275 -1.0350970044254102e-06 -0.018719550482148784 -6.864533314408262e-07 1.0308629099654233e-06 0.9999999999992331 0.4949960669460038
1638109096878528 0.9999805795870627 0.0062322103919451284 3.4644653988386456e-07 -0.07876325666817784 -0.006232210391266814 0.9999805795852724 -1.925806832033463e-06 -0.015420364378153062 -3.5844184509891587e-07 1.9236103043482845e-06 0.9999999999980855 0.4949989265176263
1638109097127822 0.9999777925419011 0.006664414509966569 1.8052309201454805e-07 -0.08162819011520223 -0.006664414510281376 0.9999777925402902 1.8030663650297292e-06 -0.01681629509176753 -1.6850270140996756e-07 -1.8042294042268818e-06 0.9999999999983582 0.4949898118802049
1638109097376951 0.9999766504020222 0.006833640937365638 2.409982467219349e-07 -0.08889551896711012 -0.006833640937829802 0.9999766504000864 1.9806677847063886e-06 -0.015765876473540028 -2.274574470526437e-07 -1.9822684323990896e-06 0.9999999999980094 0.494991823161405
1638109097626129 0.9999755976103561 0.006985998965137252 1.928163170208577e-07 -0.0955185019606984 -0.006985998965264051 0.9999755976101529 6.647386333948458e-07 -0.014069453229483473 -1.8816774843730798e-07 -6.660694267763974e-07 0.9999999999997604 0.494995569576196
1638109097875276 0.9999748379513119 0.007093903153246605 2.5855130862919013e-07 -0.11757297400059503 -0.007093903154087032 0.9999748379455289 3.4089406242091545e-06 -0.01651015651893514 -2.3436210830456572e-07 -3.4106889862305686e-06 0.9999999999941562 0.4949931377367561
1638109098124308 0.9999682707566535 0.007966020155617714 7.719705491566298e-07 -0.165535210078909 -0.007966020158081035 0.9999682707516756 3.2421606555236393e-06 -0.015432434930172377 -7.461189379834952e-07 -3.2482073171824863e-06 0.9999999999944462 0.4949915497488060
1638109098373735 0.9999682039438325 0.007974402614440268 1.4338668171734547e-06 -0.23719103596304264 -0.007974402626016258 0.9999682039106749 8.25738388692558e-06 -0.020383596439142334 -1.3679735221632662e-06 -8.268555566014318e-06 0.9999999999648799 0.4949808494688656
1638109098623048 0.9999606298666948 0.008873483772872308 3.209173873737071e-07 -0.2918661679459861 -0.008873483777569994 0.9999606296590352 2.0379453826739574e-05 -0.04245181882425912 -1.4006799991633007e-07 -2.038149914020203e-05 0.9999999997922875 0.494947127870992
1638109098872281 0.999950962905441 0.00990311980752934 5.705356347589574e-07 -0.37910997919338 -0.009903119811056956 0.9999509628840966 6.553101878696083e-06 -0.04346473035078978 -5.056115043222644e-07 -6.5584306163817525e-06 0.9999999999783658 0.494988440308278
1638109099121532 0.9998959666040614 0.014424145259775895 -4.7085671534925166e-07 -0.4406078789264077 -0.014424145263025365 0.9998959665733895 -7.839972364591185e-06 -0.039341143890735474 3.5772283029298467e-07 7.845948451319819e-06 0.9999999999691567 0.4950068214155140
1638109099370869 0.9996108992615708 0.027893548989602893 7.721434078628655e-08 -0.5121702787426234 -0.027893548989221868 0.999610899256628 -3.147783980271102e-06 -0.03814295628927554 -1.649871632916293e-07 3.1444053932095914e-06 0.9999999999950429 0.494998163254064
1638109099620188 0.9993370375803489 0.03640721516502572 1.3517620586192532e-06 -0.6408369160356969 -0.03640721517687297 0.9993370375295131 1.0127618093056451e-05 -0.050073547877982266 -9.82147520084464e-07 -1.0170117755018966e-05 0.999999999947802 0.494982227869818
1638109099869074 0.9989334948404631 0.046172208979307586 1.2476233017752188e-06 -0.7927260396095229 -0.046172208985989664 0.9989334948229175 5.99941948028003e-06 -0.05094454267856911 -9.692862550689605e-07 -6.050626592288954e-06 0.9999999999812252 0.494991476965447
1638109100118051 0.9984063808552235 0.05643313445992016 6.083431731145905e-07 -0.9523368150289486 -0.056433134463007184 0.9984063808219338 8.154423994558488e-06 -0.05709980489332161 -1.471940000392723e-07 -8.175759660472418e-06 0.9999999999665676 0.4949879986288367
1638109100367294 0.9973557358457908 0.07267417817325802 -3.315100462740266e-07 -1.1280712578695655 -0.07267417816450562 0.9973557357787127 1.1626855097183657e-05 -0.06431401411793887 1.1756055850496516e-06 -1.1572018400883589e-05 0.9999999999323532 0.4949720058735397
1638109100616471 0.9961765402712521 0.08736303915328923 -9.307984574832932e-07 -1.3396132342256777 -0.0873630391225815 0.9961765401124627 1.7960973499132236e-05 -0.07732422290885879 2.4963648179591726e-06 -1.7810983058252617e-05 0.9999999998382685 0.494960647865285
1638109100865842 0.9949154519004932 0.10071367120001802 -9.05166983868538e-07 -1.5508770370184817 -0.1007136711705781 0.9949154517611379 1.68535681737588e-05 -0.09069044669354515 2.5979493422796494e-06 -1.6676712705800444e-05 0.999999999857569 0.494956956703556
1638109101115173 0.9929392961936202 0.11862358143411292 1.7261213793241594e-07 -1.7795941340563395 -0.11862358141664822 0.9929392960202698 1.8666181445170392e-05 -0.09329177655896638 2.0428559200064766e-06 -1.8554860936828863e-05 0.999999999825772 0.494964925896838
1638109101364247 0.9913480981012905 0.13125908875623074 -2.7577375467126917e-06 -1.9891404265986685 -0.13125908871822028 0.9913480980478097 1.111844978755703e-05 -0.10393564458163886 4.1932754593546605e-06 -1.0660275933447635e-05 0.9999999999343874 0.494963562571921
1638109101613257 0.9898025791655716 0.14244596966580841 -9.57685095444474e-07 -2.2805962969931604 -0.1424459696416079 0.9898025790845867 1.2966477460191776e-05 -0.11408592343297976 2.7949416323949083e-06 -1.269783445078652e-05 0.9999999999154767 0.4949529968615213
1638109101862467 0.9860652544552109 0.1663589911875781 -2.235803095301599e-06 -2.630101506888153 -0.16635899119693456 0.9860652544435017 -4.997748259530078e-06 -0.06948307458396262 1.3732273893923086e-06 5.300051856697805e-06 0.9999999999850118 0.494986999016051
1638109102111597 0.9822101810014178 0.1877848778100562 -8.896978618180247e-07 -2.9869857859658744 -0.18778487780797815 0.9822101810001339 2.023250591098096e-06 -0.03839238075428547 1.253806162922994e-06 -1.8201855250302328e-06 0.9999999999975575 0.4949679820533084
1638109102360579 0.9787081913236766 0.20525661069258247 -8.356927210726318e-07 -3.3134886488258743 -0.20525661068800788 0.9787081913174784 3.835199828220523e-06 -0.010634485423764661 1.605099429611081e-06 -3.5820100317465742e-06 0.9999999999922964 0.494964060453541
1638109102609660 0.9752495258261517 0.22110712863345172 6.411228798629977e-06 -3.694866518529531 -0.22110712872021823 0.9752495251720391 3.575723929738562e-05 -0.014441574471855989 1.6536326672746525e-06 -3.628979906094204e-05 0.999999999340158 0.49492605901209
1638109102858605 0.971813745138236 0.2357499622834442 6.44340627077673e-06 -4.103383161844971 -0.2357499623499617 0.9718137443170406 4.007807699582892e-05 -0.03237771539589269 3.1866143660073246e-06 -4.046745888908656e-05 0.999999999176115 0.494882440002630
1638109103107777 0.9686884874127586 0.2482793069833961 8.694448652518052e-06 -4.5228130018854 -0.24827930712235624 0.968688486404883 4.426315305522848e-05 -0.10085018513382689 2.5674126601251635e-06 -4.5035858468547346e-05 0.9999999989825898 0.4947557139615731
1638109103356836 0.9656141997644834 0.25997926293043133 7.5573061147859775e-06 -5.028777790388045 -0.25997926304017416 0.9656141993308556 2.8939341758331367e-05 -0.1332407903373132 2.2618664689611048e-07 -2.990898220803989e-05 0.9999999995527009 0.4948409464009002
1638109103605985 0.9629225573670815 0.26977796149405947 -1.8751491162331595e-06 -5.512431093769813 -0.26977796139852084 0.962922556788366 -3.419914762609858e-05 -0.11702592639723668 -7.420552950057167e-06 3.3437004597867475e-05 0.999999999413451 0.4949285431165608
1638109103855127 0.9611052358100649 0.2761824137678816 4.6468827996678705e-06 -5.985517862707047 -0.27618241380688785 0.9611052356870494 1.537885502328796e-05 -0.20425805616698417 -2.187740870673961e-07 -1.6064085391971828e-05 0.9999999998709486 0.4948726299794211
1638109104104130 0.9603308066204774 0.2788633029431805 -1.1182589782705815e-05 -6.410019644585814 -0.27886330314043095 0.9603308063131367 -2.4603575372092986e-05 -0.18995749452403662 3.877951170230226e-06 2.674598530735927e-05 0.9999999996348068 0.494988372826252
1638109104353491 0.959720661738968 0.2809559598178654 -8.479756233386032e-06 -6.8977597847051735 -0.28095595994529526 0.9597206612409793 -3.09218735121833e-05 -0.20227375921471477 -5.494873925157584e-07 3.2058798962045886e-05 0.9999999994859656 0.4949990735019181
1638109104602603 0.960295893987911 0.2789835048618084 1.657524666571376e-06 -7.452641747275087 -0.2789835048543712 0.9602958938724847 1.5118999178598726e-05 -0.30306451062686524 2.626237249553292e-06 -1.498113487331106e-05 0.9999999998843343 0.494977899932826
1638109104851654 0.960900095439979 0.2768952988110951 -8.804582306298165e-06 -8.01695033693288 -0.2768952988290016 0.9609000954747716 -8.600451682618066e-07 -0.31588880158012866 8.222181514898862e-06 3.264364933039721e-06 0.9999999999608697 0.4950393552122542
1638109105100670 0.9616649237300532 0.2742272314423085 -7.242633540136641e-07 -8.621687276058323 -0.274227231403773 0.9616649236330309 1.4431402735979797e-05 -0.4191680862859184 4.653982281154838e-06 -1.367956107706586e-05 0.9999999998956051 0.4950583578656313
1638109105349907 0.9625094822106458 0.27124803529673036 1.57909862994652e-07 -9.201157050854894 -0.27124803506138656 0.9625094813509611 4.222093479019923e-05 -0.5626786579716844 1.130035586992697e-05 -4.068088282350905e-05 0.9999999991086839 0.4950555349492394
1638109105598977 0.9632337798537332 0.26866463359721726 -7.281148532665746e-07 -9.7865888045797 -0.26866463352631714 0.9632337796551561 2.052264470696454e-05 -0.663280903746213 6.215053642791391e-06 -1.9572485923510436e-05 0.9999999997891456 0.495100161899284
1638109105848218 0.963764638096728 0.26675404824319127 -9.895443230380654e-06 -10.328365052484312 -0.2667540484192999 0.9637646376836523 -2.8287447543622356e-05 -0.7170507709192424 1.991087112923232e-06 2.9902091187233528e-05 0.9999999995509501 0.4950067144684381
1638109106097341 0.9640931343835923 0.2655643578476666 -8.552428282086064e-06 -10.876807104782651 -0.2655643579823339 0.9640931340268499 -2.6258030650057557e-05 -0.758616695666075 1.2721403380921727e-06 2.7586407198138167e-05 0.9999999996186859 0.495004139264774
1638109106346514 0.9639975027547708 0.26591129092533766 -6.225225076736458e-06 -11.460487355780492 -0.26591129099660665 0.9639975024035847 -2.6037197730804808e-05 -0.752381149641494 -9.224834348045301e-07 2.67551512281872e-05 0.9999999996416555 0.4950134771012254
1638109106595554 0.9640242158536755 0.2658144300835361 2.199513657057678e-06 -12.096770732491576 -0.26581443005975397 0.964024215831572 -7.752279605482628e-06 -0.7687492156754984 -4.181052213644784e-06 6.888722798609782e-06 0.9999999999675322 0.495095896824238
1638109106844826 0.9638468928137354 0.2664566891652745 -3.1867244213933764e-06 -12.647497430634438 -0.26645668918038756 0.9638468926654793 -1.6967416349888606e-05 -0.749648459973146 -1.4495671529421051e-06 1.7203115566610285e-05 0.9999999998509759 0.495044236715742
1638109107094045 0.9639872751311651 0.2659483659393988 -6.092790591354515e-06 -13.18154448187121 -0.26594836600755606 0.9639872749525911 -1.8578374062287683e-05 -0.7498815998273146 9.324843753423849e-07 1.9529683890912768e-05 0.9999999998088609 0.4950036952219477
1638109107343071 0.9651580682435421 0.26166754328482217 -9.666803213690624e-06 -13.692411960390492 -0.26166754346273546 0.9651580676647149 -3.343139426653245e-05 -0.7705483238990855 5.820823039121597e-07 3.47960685591165e-05 0.9999999993944475 0.4949390659493172
1638109107592050 0.9671346836942594 0.25426463299637087 -7.700076783394416e-07 -14.285864772677554 -0.2542646329324551 0.9671346833737575 -2.5554507784946523e-05 -0.851077491838345 -5.752906411169001e-06 2.4910436523300515e-05 0.9999999996731872 0.495057112952018
1638109107841252 0.9696044324327362 0.24467783840041835 -5.070221615885235e-07 -14.8388739381944 -0.24467783838683288 0.9696044323524816 -1.2748962967793957e-05 -0.9781519647654502 -2.627777765635503e-06 1.2485508089033411e-05 0.9999999999186033 0.4950522729713277
1638109108090577 0.9716034501197122 0.23661516374323674 -4.9873133773691e-09 -15.42322779180121 -0.2366151637273722 0.9716034500548119 1.155952100929114e-05 -1.106900021631795 2.7400036472968815e-06 -1.1230090420412302e-05 0.9999999999331888 0.4950540679477027
1638109108339766 0.973348717686497 0.2293300542343484 8.306882112298351e-07 -16.085545614182482 -0.22933005423186667 0.9733487176418352 9.421830672886586e-06 -1.210798926257763 1.3521596340421954e-06 -9.361228576265475e-06 0.9999999999552696 0.4950727074856673
1638109108588864 0.9748444610575626 0.22288624170686436 9.72987424086006e-07 -16.784700193858487 -0.22288624170713622 0.9748444610579696 1.791029974483092e-07 -1.3169042840849192 -9.085918070716456e-07 -3.9146307520500227e-07 0.9999999999995106 0.4950657162717701
1638109108837959 0.9761501553789893 0.2170964627738128 1.5623388851487953e-06 -17.555889502189043 -0.21709646277427755 0.9761501553801273 1.3223485685781605e-07 -1.4207835994944327 -1.4963696258185193e-06 -4.682593216898322e-07 0.9999999999987708 0.495077664982387
1638109109086998 0.9774081661008492 0.21136053754527653 2.390311092377744e-06 -18.336694160383576 -0.21136053755820716 0.9774081660622593 8.699649094332148e-06 -1.5496032526053989 -4.97547072087e-07 -9.00832550444852e-06 0.9999999999593012 0.4950738330082411
1638109109336117 0.9786504097780478 0.2055319328861149 1.7674218929854545e-06 -19.0639530484009 -0.20553193288332042 0.9786504096058917 1.84725207289217e-05 -1.6910461492320092 2.067004731182075e-06 -1.8441401618919475e-05 0.9999999998278211 0.4950668305363874
1638109109585232 0.97995448556619 0.19922150038638067 -5.199859083334864e-07 -19.88899239336957 -0.19922150038630482 0.9799544855519573 -5.309928404280055e-06 -1.82439370536142 -5.482893803509507e-07 5.307080530659344e-06 0.9999999999857672 0.4950204826910750
1638109109834578 0.9811505139581075 0.1932451007294957 1.247377895351979e-06 -20.76673515319428 -0.19324510067442707 0.9811505137972641 -1.8397350575223972e-05 -1.9480892951090012 -4.7790633279996126e-06 1.7809520305421898e-05 0.9999999998299907 0.495048675022683
1638109110083533 0.982501174682242 0.18625638711114903 -2.466545760706528e-06 -21.62971257057561 -0.18625638712093645 0.9825011744505542 -2.139403422881039e-05 -2.089788130420475 -1.5613914144637586e-06 2.147907366310392e-05 0.9999999997681057 0.4949752079295542
1638109110332912 0.9835262674357088 0.18076526559742773 -3.903998109504893e-06 -22.46024629617833 -0.18076526563492643 0.9835262673360423 -1.4061780672042144e-05 -2.213373736910252 1.297803170376742e-06 1.453583791320856e-05 0.9999999998935125 0.494942074975258
1638109110582010 0.9848767295202326 0.1732565370822671 -2.357641537801354e-06 -23.331942152392276 -0.17325653709103242 0.984876729512397 -4.237419794088916e-06 -2.396202584830928 1.5878256074282227e-06 4.581812956958259e-06 0.999999999988243 0.494988164302467
1638109110831214 0.9858908712321851 0.1673893366297352 1.2112626806698562e-06 -24.270287300317737 -0.16738933663088362 0.985890871232307 9.17889984359369e-07 -2.5463866114358695 -1.0405278239581144e-06 -1.1076918129809024e-06 0.9999999999988451 0.495087294694639
1638109111080251 0.9868329093148028 0.1617430341173689 2.3573032257437953e-06 -25.258877800761866 -0.16174303409156257 0.9868329092837432 -8.672164712386658e-06 -2.687911317413867 -3.7289266332800244e-06 8.176700157194327e-06 0.9999999999596183 0.495107136387275
1638109111329265 0.9875649119206279 0.15721178308377345 7.682499490064209e-07 -26.283284323373962 -0.1572117830790029 0.9875649119120163 -4.370259569692006e-06 -2.821434774784344 -1.4457529927103683e-06 4.195137062688882e-06 0.9999999999901552 0.495065364246245
1638109111578283 0.9881989811451876 0.1531756300998301 -2.213631147627194e-06 -27.309612308731367 -0.1531756301063178 0.988198981141675 -3.1392244966490295e-06 -2.946647398600052 1.706655354413445e-06 3.4412527950430356e-06 0.9999999999926226 0.49498581759850
1638109111827384 0.9885738706366797 0.15073719609908032 -2.089949687074349e-06 -28.36871196012359 -0.15073719611234973 0.9885738705894266 -9.68471689323136e-06 -3.023284748351189 6.062225819905095e-07 9.889091221029716e-06 0.9999999999509193 0.49498251364399
1638109112076392 0.9893601200138527 0.14548729471550217 -5.538527470412602e-07 -29.452932915973854 -0.1454872947087966 0.9893601199145954 -1.4094694489779405e-05 -3.182591618632068 -1.502639150935096e-06 1.4025307169832122e-05 0.9999999999005165 0.495015677115023
1638109112325547 0.99075228865959 0.13568309589287497 -1.5736624653893444e-06 -30.504585416608176 -0.13568309590174576 0.9907522886135777 -9.552116069346486e-06 -3.487293213581132 2.6304900847334956e-07 9.677300252477087e-06 0.9999999999531404 0.494987568522151
1638109112574767 0.9919713763917001 0.12646259690747158 -8.611917819439569e-07 -31.600455699616006 -0.12646259690953077 0.9919713763871558 -3.039105193292388e-06 -3.7837047833470674 4.6994446225056534e-07 3.123613910778168e-06 0.9999999999950111 0.495025530769851
1638109112823808 0.9931936896100391 0.11647443889761845 -2.221032929071276e-07 -32.747247754789036 -0.11647443889783024 0.9931936896082668 -1.876269321569829e-06 -4.119117138059069 2.054172505919175e-09 1.8893682066150005e-06 0.9999999999982152 0.495049814936365
1638109113073365 0.9938410436366051 0.11081507109103114 -4.005692611749769e-07 -33.894822863274435 -0.11081507108931832 0.9938410436322294 3.0393162892760946e-06 -4.3324926130129064 7.349042232390325e-07 -2.9762081617292325e-06 0.9999999999953011 0.495058347433695
1638109113322474 0.9947778300274356 0.10206404304977683 -8.283325602197016e-08 -35.11172007522593 -0.10206404304943954 0.9947778300213047 -3.5034075190014925e-06 -4.654758218549024 -2.7517124916175923e-07 3.4935664264704593e-06 0.9999999999938596 0.4950600706035507
1638109113571873 0.9955872055423151 0.09384090876128055 -1.0333583156413467e-06 -36.3529894329255 -0.09384090876506446 0.9955872055319133 -4.590203417439938e-06 -4.976229915286239 5.980494576921707e-07 4.6669190766699526e-06 0.9999999999889311 0.495017523084699
1638109113821521 0.9964276718944415 0.08445054576906012 -3.1294609680579036e-07 -37.56174238270548 -0.08445054576634878 0.996427671816051 -1.2521056115745001e-05 -5.337998010991464 -7.45581871937249e-07 1.2502755263770066e-05 0.9999999999215625 0.4950108306511103
1638109114071080 0.9971477884455539 0.07547375698374761 -1.6328960505420716e-06 -38.780203256193424 -0.07547375699853945 0.9971477883629831 -1.2849273387616746e-05 -5.698793581150344 6.584557483514097e-07 1.2935865341345721e-05 0.9999999999161149 0.494954642273227
1638109114320301 0.9975949239258375 0.06931354666156642 -2.089150854960376e-06 -40.05343404973091 -0.06931354668765866 0.9975949237710489 -1.7594888780235702e-05 -5.947251889593685 8.645621434284265e-07 1.7697378189565178e-05 0.9999999998430276 0.4949208404146425
1638109114569774 0.9981706496960506 0.060459524299861775 -2.1367599937189464e-06 -41.29310267326953 -0.06045952431059656 0.9981706496831978 -5.378327182526019e-06 -6.325248930853921 1.8076800081669984e-06 5.497675830858363e-06 0.9999999999832538 0.4949606323708073
1638109114819626 0.9984339616743299 0.0559430440096855 2.1608704942291927e-08 -42.57624241430286 -0.05594304400750743 0.998433961638719 -8.447135893362837e-06 -6.519741799657063 -4.941333599206932e-07 8.432698498098988e-06 0.9999999999643228 0.4950377097801666
1638109115068659 0.9979962754930847 0.0632726963206714 1.0149553121133615e-07 -43.92366919906433 -0.06327269631388849 0.9979962754071584 -1.3129243383300817e-05 -6.213097521489639 -9.320147916332255e-07 1.3096514100682133e-05 0.9999999999138063 0.495025238167039
1638109115317450 0.9979657414267298 0.0637524818052602 -1.866162675760609e-07 -45.28262468761594 -0.0637524818052253 0.9979657414267318 1.875392185426148e-07 -6.223016409873867 1.9819273245218604e-07 -1.7526046507665983e-07 0.9999999999999649 0.495073315904717
1638109115566517 0.9978047728148309 0.0662241296181729 -1.4232152198726072e-06 -46.697408174343074 -0.0662241296060923 0.997804772789881 7.3086711159823705e-06 -6.14423475350912 1.9041013224217638e-06 -7.198375733298971e-06 0.9999999999722788 0.4950661576007714
1638109115815909 0.9978454314586233 0.06560864966618721 -1.975037297293491e-06 -48.09606760167007 -0.06560864959192585 0.9978454311198142 2.626410608861257e-05 -6.23090246855893 3.693934478567121e-06 -2.607793874195578e-05 0.9999999996531479 0.4951374033336940
1638109116065629 0.9977622409904683 0.06686187591133394 -1.0309616116303881e-06 -49.52531435909936 -0.06686187587371349 0.9977622407611227 2.1535060029348913e-05 -6.22323915291716 2.4685290791899987e-06 -2.141793772748786e-05 0.9999999997675892 0.495157231279499
1638109116314899 0.9977822461196834 0.06656267215953816 -1.0527727213234465e-06 -50.92654854560933 -0.06656267215134193 0.9977822460996174 6.499442987675307e-06 -6.284559998606756 1.4830582233260787e-06 -6.414953457284487e-06 0.9999999999783244 0.495084316129011
1638109116563831 0.9977562714009581 0.06695089900034469 -9.330278066326488e-07 -52.343218219913595 -0.066950899006772 0.9977562712822341 -1.539236118456794e-05 -6.294102873286398 -9.959807369661476e-08 1.5420291954058143e-05 0.9999999998811024 0.494983117505330
1638109116813198 0.9977120405983245 0.06760683428855098 -6.122361097929899e-07 -53.78483787609503 -0.06760683429115429 0.9977120405346812 -1.1270237570339735e-05 -6.302044388681146 -1.5110974542030906e-07 1.1285843069578595e-05 0.9999999999363034 0.495020840531784
1638109117062358 0.9976567259688741 0.06841825141346075 -5.983566900835931e-07 -55.230909302605006 -0.06841825141590871 0.9976567259088486 -1.094500003022375e-05 -6.2955501292047185 -1.5188318743407916e-07 1.096029141436526e-05 0.9999999999399245 0.4950280001760140
1638109117311927 0.9977305403205097 0.06733326747858755 -4.0994179231391387e-07 -56.69175377983359 -0.06733326747963253 0.9977305403139599 -3.618985433520125e-06 -6.396327630311792 1.6533333174667934e-07 3.638375012359165e-06 0.9999999999933675 0.4950713774944750
1638109117561185 0.9978890402923726 0.0649419992143268 4.2534678264452045e-07 -58.1131407718807 -0.06494199920856619 0.997889040063833 2.1378578438653036e-05 -6.603503152850996 9.639187315412372e-07 -2.1361071991432256e-05 0.9999999997713878 0.4952498724092709
1638109117810939 0.9979980520999019 0.06324466777951396 -1.6643778536551106e-07 -59.57915154179375 -0.06324466777846492 0.9979980520597704 -8.958911123869468e-06 -6.732485984302069 -4.004987721122966e-07 8.951502153019081e-06 0.999999999959855 0.495057794106620
1638109118060237 0.9979787785373029 0.06354807302152186 -1.4871019142652328e-06 -61.03734315672882 -0.0635480730346916 0.9979787784676287 -1.1815419227002266e-05 -6.760708639734128 7.332490280395043e-07 1.1886040109154182e-05 0.9999999999290923 0.494954401534087
1638109118309454 0.9980350826238086 0.06265759209873248 1.497985213117065e-06 -62.55461619257947 -0.06265759210509686 0.998035082613625 4.666199443233621e-06 -6.87655858123348 -1.2026689745645007e-06 -4.750890893340398e-06 0.9999999999879914 0.495237329317091
1638109118559313 0.9980605885742799 0.06224999222055026 1.0347897975315004e-06 -64.08460289248741 -0.06224999222840157 0.9980605885059376 1.1683865376467393e-05 -6.966049222426622 -3.054623855138458e-07 -1.1725621211340244e-05 0.9999999999312084 0.49524741263093
1638109118808819 0.9981350710991144 0.06104408100088439 -3.806654242992126e-06 -65.51660079045469 -0.06104408105481753 0.9981350709719085 -1.6181580450285344e-05 -7.07054068195977 2.811765395271224e-06 1.638377666343505e-05 0.999999999861833 0.494774835207400
1638109119058321 0.9981965921843807 0.06002968722789699 -7.598076000595398e-07 -67.0696093809491 -0.060029687232606765 0.9981965920798186 -1.4448491409576013e-05 -7.184864948217309 -1.0890106321624426e-07 1.446804589986491e-05 0.999999999895332 0.4949929720094078
1638109119307603 0.9981691695208021 0.060483956677941014 -7.07092430508119e-07 -68.6664804995949 -0.0604839566436233 0.9981691684011814 -4.732645621015199e-05 -7.162593033402792 -2.1566934637971585e-06 4.7282577239665496e-05 0.9999999988798534 0.4948038838080948
1638109119556838 0.99823727273475 0.059349366601105034 -2.214245975259051e-06 -70.2377869796622 -0.05934936664073924 0.9982372717319261 -4.474719156195277e-05 -7.248484049586007 -4.4537461509512035e-07 4.4799728563661626e-05 0.999999998996393 0.4947272542274696
1638109119806287 0.9982142453536348 0.05973541957437319 -4.3719528064327304e-06 -71.79585039209778 -0.059735419664419684 0.9982142450530582 -2.466648392434578e-05 -7.244196906551693 2.890682803441964e-06 2.4883596071769243e-05 0.9999999996862252 0.494686785972731
1638109120055798 0.9981742939650095 0.06039932831200357 -2.1634209929028895e-06 -73.39075339280458 -0.060399328334480015 0.9981742938871865 -1.2543022874778886e-05 -7.217793066273086 1.4018810653359346e-06 1.2650792177123679e-05 0.9999999999189961 0.494920037163558
1638109120305156 0.9979705623932694 0.0636769706637142 1.149395390955883e-06 -75.05587592094224 -0.06367697066061467 0.9979705623908525 -2.5573263678437872e-06 -7.013485344409543 -1.3099055608273564e-06 2.478946416958391e-06 0.9999999999960696 0.4952252637696666
1638109120554549 0.9975010559963191 0.07065156245293241 2.6371696861917317e-06 -76.76967708832419 -0.0706515624578045 0.9975010559978318 1.802323757806774e-06 -6.518060849676968 -2.5032425572922265e-06 -1.9841400104597422e-06 0.9999999999948985 0.495363203266133
1638109120803799 0.996742164996319 0.08065393056135918 1.1051669327946947e-06 -78.51723855566932 -0.08065393056572304 0.9967421649853134 4.738869042568355e-06 -5.783674268501482 -7.193580665668876e-07 -4.812566646195518e-06 0.9999999999881608 0.495256395613369
1638109121053070 0.9956833811254757 0.0928148940001286 2.2921329539506558e-07 -80.29914875727295 -0.09281489399822751 0.9956833811159511 -4.401461924662412e-06 -4.845978990552335 -6.367450909402574e-07 4.361188083337574e-06 0.9999999999902873 0.495150885294710
1638109121302805 0.9942214074750338 0.10734893065646642 -1.7443960369192374e-06 -82.09007173056 -0.10734893067058322 0.9942214073598837 -1.5132139744944998e-05 -3.684896901793926 1.0989686265503851e-07 1.5231956324591413e-05 0.9999999998839877 0.494979186466179
1638109121552191 0.9913803582248055 0.13101521026398827 1.8184616972820098e-06 -83.88589124932989 -0.13101521027659446 0.991380358122845 1.4218526514650265e-05 -1.7645030072507986 6.00560322770114e-08 -1.4334214051204213e-05 0.9999999998972633 0.495296315245984
1638109121801491 0.9874293462761325 0.1580610201984446 2.0696951977413407e-06 -85.69201767760768 -0.15806102020761256 0.987429346261612 5.4828432654416014e-06 0.5111186017806146 -1.1770539759452898e-06 -5.741058475816107e-06 0.9999999999828273 0.495315386039774
1638109122051360 0.9831231651820574 0.18294491542587402 2.4006858294854376e-09 -87.45310651712121 -0.18294491541692973 0.9831231651341216 -9.87555292990086e-06 2.664425092483131 -1.8090423653996742e-06 9.708445661122734e-06 0.9999999999512368 0.495187826078587
1638109122300844 0.9781679493001659 0.20781593528637993 -8.496486660417782e-07 -89.14474744565923 -0.2078159352870167 0.978167949300116 -7.453656032665178e-07 4.849558551610529 6.76200243316047e-07 9.056632758269515e-07 0.9999999999993612 0.495077908006803
1638109122550675 0.971812006427967 0.23575712960514528 -7.476725308418614e-07 -90.75295776174724 -0.2357571295990881 0.9718120064180831 4.756602610450156e-06 7.374646424834864 1.8480001204573115e-06 -4.446254396900637e-06 0.9999999999884079 0.495046155092164
1638109122800312 0.964596949060985 0.263728507851914 2.491906701119036e-06 -92.31692672459496 -0.26372850786105245 0.9645969489660582 1.3583870859687369e-05 9.952322668535851 1.1787683916735797e-06 -1.3760147223738658e-05 0.9999999999046345 0.4952287090660571
1638109123049233 0.9566096051839164 0.2913727222290831 2.90726552883217e-06 -93.8342601500965 -0.29137272224140426 0.9566096050905067 1.3415861587287836e-05 12.568687329764135 1.1278979823097747e-06 -1.3680839927662459e-05 0.9999999999057811 0.495237687907319
1638109123298540 0.9476769776447035 0.31923086635609876 -2.3455640321535247e-06 -95.233088020495 -0.31923086635905645 0.947676977558571 -1.2917620564856665e-05 15.300447611811085 -1.9008661715214492e-06 1.2990508053378453e-05 0.9999999999138167 0.495152023930146
1638109123548028 0.9356370270216164 0.3529636718643907 -2.8151458305419147e-06 -96.41000060999068 -0.352963671871394 0.9356370270196782 -2.5705879816453183e-06 18.679051967851812 1.7266305026669315e-06 3.3987815060532314e-06 0.9999999999927336 0.494937011236674
1638109123797394 0.9161077490435189 0.4009321540359778 -5.051980172613946e-07 -97.16899415729841 -0.4009321540297606 0.9161077490206636 -6.864132572766109e-06 23.650639520799743 -2.2892356395897084e-06 6.490835169659726e-06 0.9999999999763143 0.495288018932286
1638109124047140 0.8880010536280609 0.45984141694372654 4.050481927429772e-06 -97.30299145416996 -0.4598414169595094 0.8880010535632975 1.0812552810671613e-05 29.937828815852747 1.3752273862444425e-06 -1.1464137637189236e-05 0.9999999999333411 0.4952119659388895
1638109124296459 0.8556258062063529 0.5175948992690611 -1.4649501846631382e-06 -96.92056674535688 -0.5175948992618474 0.8556258062045283 3.568737217627208e-06 36.31088783753815 3.1006093634842985e-06 -2.29525291572168e-06 0.9999999999925591 0.494886536572883
1638109124545901 0.8209067868516413 0.5710622096311689 -5.4633449888081524e-06 -96.2008255147422 -0.5710622096567096 0.820906786827011 -6.412162304817818e-06 42.41947447149144 8.2315340578884e-07 8.383697415863623e-06 0.9999999999645182 0.494926286292336
1638109124795234 0.7836858979377793 0.6211573177188218 -3.947465634474428e-06 -95.19705145097285 -0.6211573177011803 0.7836858978212213 -1.4838732627525338e-05 48.344557826264705 -6.123614207402569e-06 1.4080902668719982e-05 0.9999999998821147 0.495546732834245
1638109125045368 0.7444190873079402 0.6677126795497148 -4.233278311114891e-06 -93.86449959552783 -0.6677126794937154 0.7444190871241644 -1.913938143278731e-05 54.05345522715398 -9.628274485529297e-06 1.707433446202934e-05 0.9999999998078817 0.495847298118967
1638109125294789 0.6987419179898882 0.7153738407292114 -6.474290040300252e-06 -91.82440732402931 -0.715373840667418 0.6987419177278745 -2.228198907744747e-05 60.14339877146291 -1.1416094266759548e-05 2.0200897516374893e-05 0.9999999997307982 0.4959711784611660
1638109125544256 0.6523108057610298 0.7579515899131478 -5.770112430712624e-06 -89.6056245092827 -0.7579515898801363 0.6523108056031252 -1.701007680240729e-05 65.81968785512868 -9.128908068850985e-06 1.5469322795715613e-05 0.9999999998386817 0.4958295498738235
1638109125793982 0.6060508215504654 0.7954259247061 -1.103904390455674e-06 -87.28325307768417 -0.7954259246830929 0.6060508215424982 6.8903280509283005e-06 71.03013489239962 6.149767724191786e-06 -3.2978148054847466e-06 0.9999999999756524 0.4946311433976709
1638109126043417 0.5583793670413026 0.8295857294072438 -4.916594965066993e-06 -84.66177288848104 -0.8295857294121973 0.5583793670535591 1.5054567991443843e-06 76.03620653869491 3.99423066147103e-06 3.238121005712402e-06 0.9999999999867804 0.4946953103483374
1638109126292901 0.5113196407651817 0.8593906125642756 1.389886732228912e-06 -81.92595623014554 -0.8593906123478963 0.5113196405987164 2.3325407498383962e-05 80.6098719009675 1.93349598539945e-05 -1.3121194592708882e-05 0.9999999997269968 0.4934478725931346
1638109126541740 0.4642255282878402 0.8857170309150983 -5.5304067003277465e-06 -79.09721392215053 -0.8857170309323176 0.46422552828079583 -2.573558641590586e-06 84.91942651641291 2.879112531524358e-07 6.093087022448218e-06 0.9999999999813955 0.495023804427835
1638109126791298 0.41608482703769095 0.9093258033235032 -1.0809596954126783e-05 -76.02428315244248 -0.9093258032843069 0.41608482678164904 -2.0030029613497492e-05 89.03955970309842 -1.3716113492680515e-05 1.8163636840823425e-05 0.9999999997409752 0.496225041564857
1638109127040689 0.3627191932977593 0.9318984851729448 -1.1981671768674739e-05 -72.29392337064668 -0.9318984851069799 0.36271919298688915 -2.2181590615144604e-05 93.29466366198983 -1.6325008378448628e-05 1.921139042430635e-05 0.9999999996822084 0.4964699528347627
1638109127289832 0.30632408564223357 0.9519272842212221 -1.0412741064845307e-05 -68.10880743414526 -0.9519272842208938 0.3063240854854782 -1.4320835012754928e-05 97.44603772235399 -1.0442720197409487e-05 1.4298989014100937e-05 0.9999999998432443 0.495952529451170
1638109127538549 0.26049783570599994 0.9654744313273079 -6.593056206937844e-06 -64.9101750216108 -0.9654744313454499 0.26049783567820217 -4.787452140234874e-06 100.56599704221053 -2.9046857601944075e-06 7.612548113316143e-06 0.9999999999668061 0.495326758862252
1638109127787279 0.24555382423433073 0.9693829580623199 -4.473119081986262e-06 -64.8741052420862 -0.9693829580724049 0.2455538242284402 -1.8301520349768773e-06 101.52694932398039 -6.757266965602322e-07 4.785566238635464e-06 0.9999999999883209 0.495172606386710
1638109128036239 0.2416772244161235 0.9703566968832229 -3.1885094550545342e-06 -66.05616024240554 -0.9703566968860395 0.24167722440687373 -3.0284423956147895e-06 101.75254531545978 -2.1680792446220696e-06 3.825897055281465e-06 0.9999999999903311 0.4953900454569738
1638109128285171 0.24311097514512697 0.9699984812791711 -8.823483645149878e-06 -67.81154376687499 -0.9699984810800766 0.24311097487308808 -2.442065009861792e-05 101.63451922508983 -2.1542907796808392e-05 1.449569379281559e-05 0.999999999662889 0.497201210562672
1638109128534104 0.24718284815616892 0.968968853754899 -5.2998231485735685e-06 -69.8329178554431 -0.9689688537566092 0.2471828481773061 3.784757889241134e-06 101.30364120358426 4.9773378943893415e-06 4.199836326751301e-06 0.9999999999787936 0.494554990591610
1638109128783163 0.2595366496414412 0.9657332589705281 -2.9708649197737838e-06 -72.75907387621606 -0.9657332588608712 0.2595366496568298 1.458206360134629e-05 100.35520956137806 1.4853432132137928e-05 -9.15516871345289e-07 0.9999999998892688 0.493630569736419
