0.9999727208254474142 0.007386311999347235611 0 -0 -0.007386311999347235611 0.9999727208254474142 -0 0 -0 0 1 0.4949999999999998845
0.9999664589102658097 0.008190302475027328236 1.436607199601362372e-06 0.003178770005288600754 -0.008190302483527823682 0.9999664588931402864 6.014514244054571128e-06 0.001450605853871589097 -1.387298323306968757e-06 -6.026078758207268982e-06 0.9999999999808806272 0.494988098984494973
0.9999167875615367906 0.01290030823516436984 -1.51220694352048924e-06 0.02140961608005155156 -0.01290030822394448717 0.9999167875368433211 7.208256616680498905e-06 0.003995500563237815682 1.605069841249342642e-06 -7.188148864400536533e-06 0.9999999999728769184 0.4949856528350550233
0.9999157961453584154 0.0129769263402679854 -1.996428321649005738e-06 0.00992077592440952262 -0.01297692633393803668 0.9999157961424670615 3.151563824283230969e-06 0.007105395012329206693 2.037157826287472673e-06 -3.125390947200012064e-06 0.999999999993040789 0.4949818063838952731
0.9999582933041578636 0.009132998109264786266 -6.687164413329072969e-08 -0.01770952663799597523 -0.009132998108896854886 0.9999582931254524798 -1.890521107052851339e-05 -0.01592429800248851279 -1.057924018371621124e-07 1.890503333523997349e-05 0.9999999998212940611 0.494964608171793885
0.9999836774253533234 0.005713570079916027201 1.428686555295315086e-06 0.04100991379999020109 -0.005713570068690210918 0.9999836773964699832 -7.741785558062500505e-06 -0.02397241322061309868 -1.472896469740533711e-06 7.733496291450002284e-06 0.999999999969011566 0.4949963208106290535
0.9999758718126988688 0.006946638758672156119 -2.149862164809570715e-06 0.00998333632295499325 -0.006946638743918656482 0.9999758717920219642 6.795545902300389492e-06 -0.01565836671465567487 2.197016495037869261e-06 -6.780447622288388963e-06 0.9999999999745990964 0.4950160096177172453
0.9999673329317066983 0.008082887220351964511 -2.421676870720687175e-06 0.02290001812551761134 -0.008082887185604393371 0.9999673328364924174 1.403028120150453522e-05 -0.0004593405428484880339 2.535002942029915251e-06 -1.401024873240398335e-05 0.9999999998986430771 0.4950292479583491279
0.9999761060552470049 0.006912837384380341593 -3.392491067576408586e-07 0.03845824308233360134 -0.006912837382413731559 0.9999761060402422297 5.490996336085648449e-06 -9.791612782380475233e-05 3.771993655036278328e-07 -5.488519960615349566e-06 0.999999999984866661 0.4950110763435054961
0.9999622774824412641 0.008685828153329655868 1.911156414246651849e-06 0.04645024888402706637 -0.008685828141729306714 0.9999622774663881053 -5.996607409028427682e-06 -0.009873120252744584796 -1.963169822041902414e-06 5.979781225734196179e-06 0.9999999999801938433 0.4949945014243979924
0.9999181257201386064 0.01279616550127203253 -2.649842722680894413e-06 -0.00591794765659931464 -0.01279616549135387422 0.9999181257168321402 3.726641921737447164e-06 0.001641424081997688855 2.697312495502033994e-06 -3.692428979608294368e-06 0.9999999999895450298 0.4950123280459909347
0.9999738440392095251 0.007232650850001333398 -1.166704680224834117e-06 0.009424689981409401646 -0.007232650848943343765 0.9999738440394851935 9.08485603293074818e-07 0.002975511663192651098 1.173244923114179889e-06 -9.000234733833329995e-07 0.9999999999989065413 0.4950058352728693434
0.9999426680134337886 0.01070797310684713961 -5.928664161520443298e-07 0.0282398450756407432 -0.01070797310545678997 0.9999426680109778642 2.300601935035553333e-06 0.01008195266354155496 6.174672095910300205e-07 -2.294121639317055465e-06 0.999999999997177702 0.4950094603766779788
0.9999120521779288895 0.01326227399603729061 -9.768192443431622615e-08 0.01152086357677472445 -0.01326227399638875773 0.9999120521583971799 -6.249798737630570122e-06 0.001332792229544742116 1.478679024143363532e-08 6.250544565889556014e-06 0.9999999999804649597 0.494994382819343548
0.9999822052988853738 0.005965658304947881602 2.966332960035544048e-06 0.04828900029436582891 -0.005965658267376963871 0.9999822052251664539 -1.251728847447523451e-05 -0.0177683298408375899 -3.040954040751219459e-06 1.249936960432133591e-05 0.9999999999172589638 0.4949870791269476156
0.9999669831635132899 0.008126043627934148583 2.263921665406255283e-07 0.0114647711073099217 -0.008126043627629440935 0.9999669831626758487 -1.3157279894192082e-06 -0.01757903744038673277 -2.370763548317560845e-07 1.313844875621067076e-06 0.9999999999991086019 0.4950100851706145666
0.9999385192032960168 0.0110886344338847493 -1.464108540216438673e-06 0.01439332757994870975 -0.011088634425452824 0.999938519188517283 5.646788512179402979e-06 -0.01216566948372209064 1.526633699172437568e-06 -5.63020637876117764e-06 0.9999999999829848329 0.4950168604898688707
0.9998897842542833203 0.01484652606379251172 -3.161049256253575672e-06 -0.0001313961845827343921 -0.01484652603805468839 0.9998897842275334957 8.015636691331393351e-06 -0.00416119625839132725 3.27970521782382286e-06 -7.967822641865489417e-06 0.9999999999628784719 0.4950185670014275452
0.9999584048041916251 0.009120781918171951344 -9.434161618794497556e-07 0.03337294017962160603 -0.009120781914386071748 0.9999584047969001244 3.942265804959972484e-06 0.0006246201863743398907 9.7933346696321934e-07 -3.933497132574846411e-06 0.9999999999917840166 0.4950074563421422158
0.9999851749946030433 0.005445162219740531245 1.283055187302961676e-06 0.03380799422508690144 -0.005445162216971797219 0.9999851749931265577 -2.151607439186638901e-06 -0.003793985657489881268 -1.294752017540445753e-06 2.144589097966620363e-06 0.9999999999968619546 0.4950005017730955692
0.9999551796864455389 0.009467767446683886257 2.381496131589266188e-07 0.01945419969309910083 -0.009467767447843734516 0.999955179671542016 5.462626431793168286e-06 0.006094283178745091463 -1.864200625109712599e-07 -5.464636340318838719e-06 0.9999999999850512911 0.495013178251932584
0.999970936884641115 0.007624000804161584245 -1.547807715549413161e-07 0.01559796100400853702 -0.007624000804106355854 0.9999709368845907109 3.541917553723906609e-07 0.003198540673628994749 1.574766313711622797e-07 -3.530014127298118835e-07 0.9999999999999250599 0.4950011666924747922
0.9999775805709085752 0.006696144987813804073 -2.945091481729065705e-07 0.0427802732189707588 -0.006696144988413157972 0.9999775805687772801 -2.083581742883216388e-06 0.00184753425052371534 2.805505800011685817e-07 2.085507106126634313e-06 0.9999999999977857712 0.4949991699149864366
0.9999977368442136694 0.002127512194942705881 7.372612794551179556e-07 0.1008454435364337792 -0.002127512190534522427 0.9999977368269171718 -5.929177546921114016e-06 -0.003260397625624259377 -7.498740084422263307e-07 5.927595595909001046e-06 0.9999999999821503893 0.4949924747640875866
0.9999939824870448524 0.003469148584638616622 -1.730581761210355191e-07 0.1639962040097523721 -0.003469148585241711019 0.9999939824805206268 -3.615810767141969451e-06 -0.004857879935305766707 1.605133499350166399e-07 3.616389373480687493e-06 0.9999999999934477968 0.494995685096600524
0.9999981588222051077 -0.001918944984267984726 2.140073508453883549e-06 0.275785477940234558 0.001918945015889555973 0.999998158713830021 -1.487306669684206621e-05 -0.02727789154567148225 -2.111528971227426422e-06 1.487714599627462484e-05 0.9999999998871057505 0.494978083651566314
0.9999626780238073387 -0.008639592596414452305 1.206686373936048102e-06 0.4843109256990593137 0.008639592595470868552 0.9999626780242354407 7.850151259924077517e-07 -0.02043478578717351432 -1.213423548887038077e-06 -7.745605490152578179e-07 0.9999999999989636068 0.4950072750870267435
0.9998432837923606487 -0.01770332886264713509 -2.173113010427794806e-06 0.7295470469188312101 0.01770332889726161651 0.9998432836478213792 1.710351121862178873e-05 0.005344328657435161618 1.869983364274730789e-06 -1.713930215556081188e-05 0.9999999998513735555 0.495019963515735073
0.9995915621662482264 -0.02857811821152769771 -2.785664268598017379e-06 1.06513596788511733 0.02857811826541599778 0.9995915619322270906 2.173778046274043397e-05 0.03496202278355938636 2.163301637546188455e-06 -2.180851097369340951e-05 0.9999999997598543189 0.4950351655681304308
0.9989710873078917475 -0.04535159009590229717 -9.458331741226422899e-07 1.47245030164851487 0.04535159009743490455 0.9989710873068784469 1.667261783935750197e-06 0.06030808601655943818 8.692470213565966074e-07 -1.708441355538557109e-06 0.9999999999981625809 0.4949988313882509594
0.99831670230305114 -0.05799794741071540721 1.066561309394746602e-06 1.986573698551386213 0.05799794741939870435 0.9983167022293737425 -1.213413869588369748e-05 0.09285431492378233564 -3.610108311622202808e-07 1.217557169490430505e-05 0.999999999925812344 0.4949827417189114342
0.9980080772757671248 -0.06308627182659548582 1.2569639378287357e-06 2.567362533315082462 0.06308627183717857578 0.9980080772032137171 -1.204419478401133198e-05 0.1356677414207751731 -4.94636816629648749e-07 1.209950084739736957e-05 0.99999999992667854 0.4949874486405971274
0.997560050586728253 -0.06981364816431297193 2.3719864097762545e-06 3.231513006590736037 0.06981364819596692917 0.9975600504220514253 -1.815920338750045865e-05 0.1724868398493761279 -1.098438646297686069e-06 1.828049287458737999e-05 0.9999999998323082506 0.494969765396965633
0.9968260844947320898 -0.07961003236992698906 4.380994196136256027e-06 3.956812938645191569 0.07961003244143965984 0.9968260843028177165 -1.975897792933280171e-05 0.2184047140094859674 -2.794076417337029714e-06 2.00450356929948129e-05 0.9999999997951946051 0.4949589177307256449
0.9965845593277591341 -0.08257854500757987048 4.019923612145545605e-06 4.748003081624938559 0.08257854508175473118 0.9965845590268291865 -2.457058182037851062e-05 0.2652610603785186538 -1.977190903615072583e-06 2.481862189911934502e-05 0.999999999690063146 0.4949511096712206903
0.9967860051043234693 -0.08011029909597623677 3.024817038052463108e-06 5.524539638307137679 0.08011029914681268294 0.9967860047881487162 -2.512611368633180543e-05 0.30534634779169606 -1.002234808043923071e-06 2.528767748297851067e-05 0.9999999996797642732 0.4949444832467248534
0.9976505111237981005 -0.06850881436932883262 3.219569155322233437e-06 6.391515150715897597 0.06850881442574302538 0.9976505108556851242 -2.318624908682804543e-05 0.3370069543746830876 -1.623542377931928609e-06 2.335234211831052113e-05 0.9999999997260159423 0.4949415743316067373
0.9983508005583461298 -0.05740800471219664747 4.659008217468783017e-06 7.330510524921056259 0.05740800483425288064 0.9983508000263425775 -3.2710006892073294e-05 0.3428298866623986085 -2.773508351443096181e-06 3.292352593324167619e-05 0.999999999454174282 0.4949225074441533367
0.998861740355225125 -0.047699304196497469 5.994462410002174934e-06 8.311015161546341901 0.04769930438556115732 0.9988617396849011065 -3.683773953470488404e-05 0.3425967432463004614 -4.23050460735334389e-06 3.708174030951029481e-05 0.9999999993035234569 0.4949261139347818084
0.9993580376093503803 -0.03582614495617096606 2.323850145036279894e-06 9.27730686913783309 0.03582614499950915327 0.999358037356365414 -2.253752274875896072e-05 0.3387013844355176162 -1.514925763103717765e-06 2.260630909902904979e-05 0.9999999997433296484 0.4949329541409974165
0.9995269173176527522 -0.03075616289305832876 1.948925005457951388e-06 10.3101376159579452 0.0307561629151855212 0.9995269172397339696 -1.257780108753940616e-05 0.3345601256945980873 -1.561158103551949471e-06 1.263179220264023176e-05 0.9999999999190001265 0.4949452745513017171
0.9997384471175726484 -0.02287000992848557679 1.745815408545742551e-06 11.4597672680126248 0.02287000992865462559 0.9997384471190902122 -7.691316264887604846e-08 0.336445767253547412 -1.743599780702690028e-06 1.168198615165266289e-07 0.9999999999984728882 0.4949646897794570122
0.9998682474755182792 -0.01623230371711760489 2.91610699139026447e-06 12.67586268530593507 0.0162323037496738716 0.9998682474129828579 -1.151091204753855832e-05 0.316536170151662466 -2.728874166333496698e-06 1.155673059026799533e-05 0.9999999999294973962 0.4949456943868424386
0.9999176334921827669 -0.01283457177214498111 1.025156194766434653e-06 13.8723719831517851 0.01283457179104437705 0.999917633266449557 -2.126018081568963362e-05 0.2924647616211077383 -7.522064394316174274e-07 2.127158712961904892e-05 0.9999999997734766444 0.4949363943568331203
0.9999454765315503035 -0.01044241179878882889 1.465560813648873864e-06 15.099796779838913 0.01044241185555950559 0.9999454754553898095 -4.640221839527107267e-05 0.2394897937422875156 -9.809298317521333929e-07 4.641499237499590572e-05 0.9999999989223429253 0.494904609510221194
0.9999620592744915548 -0.008710912747308780305 3.585986196182642707e-06 16.45002491527066368 0.008710912854630617486 0.9999620587967524843 -3.108748301255072122e-05 0.2061755139797766812 -3.315049787495602257e-06 3.111754074414387977e-05 0.9999999995103543426 0.4949363604437739261
0.9999703820283718514 -0.00769643071023661321 4.752599563431552523e-06 17.88896520280588476 0.00769643077538976865 0.9999703819433013452 -1.384630506148790404e-05 0.1706353644001230019 -4.645891673169695037e-06 1.388247301556053306e-05 0.9999999998928460476 0.4949475441250706376
0.9999873310990423647 -0.005033650777873650665 1.869040139220659746e-06 19.34139637999860284 0.005033650810567051603 0.9999873309400588717 -1.792001782355412336e-05 0.1229494092851509679 -1.7788133485820992e-06 1.792919889203492572e-05 0.9999999998376896126 0.4949413069942497079
0.9999905100345574116 -0.004356585984976191379 -1.27035916544404976e-06 20.82989425672758443 0.004356585999019357315 0.9999905099718008339 1.126957960584783094e-05 0.1008429273158712169 1.22125021713235631e-06 -1.127500708688071703e-05 0.9999999999356911085 0.4949786452468425968
0.9999937068687231312 -0.003547707031711744112 6.447846484605160407e-09 22.38438012735905502 0.003547707031166071664 0.9999937067436528437 1.581590715609963539e-05 0.07186164228303749957 -6.255801093712869852e-08 -1.581578474944933562e-05 0.9999999998749282693 0.4949837015602627788
0.9999999536212613727 -0.0003045638421075470424 -7.575015898765082053e-07 23.97231383726054332 0.0003045638711242095419 0.9999999528763582335 3.860521247795002322e-05 0.06198911891401275714 7.457438023429721971e-07 -3.8605441395105559e-05 0.9999999992545316463 0.4950219736422664663
0.9999979124094475758 0.002043325294040797702 8.498652682757781646e-07 25.6017640129282853 -0.00204332530453549396 0.9999979123312014995 1.253678538658799429e-05 0.02538495177783300916 -8.242467633519881372e-07 -1.253849576612139209e-05 0.9999999999210531509 0.4949908763227510167
0.9999906390161611425 0.00432687904542336868 9.27381289715823865e-08 27.26509259093969462 -0.004326879045043074794 0.9999906390090632646 -3.769289253222665416e-06 -0.01331712336584428558 -1.090465195367524827e-07 3.768852702299957855e-06 0.9999999999928916861 0.494973472167685502
0.9999796188080150028 0.006384510072985427956 1.392014219018951714e-06 28.99054576142205875 -0.006384510064501039417 0.9999796187909379963 -6.016580638772054846e-06 -0.05185079877521432679 -1.430398767779734669e-06 6.007570684895606734e-06 0.9999999999809312534 0.4949729363981342223
0.9999745624963015667 0.007132626211402456722 2.427194983161226728e-06 30.77763360093101142 -0.007132626188031267189 0.9999745624542399902 -9.505030997217335257e-06 -0.0940725034338952687 -2.49492907450640822e-06 9.487476938456445086e-06 0.9999999999518813798 0.4949704424770020039
0.9999711523480477871 0.007595687731566757098 1.354378982017693349e-06 32.59412668486195486 -0.007595687727011454782 0.9999711523434303695 -3.337379616032649918e-06 -0.1403371117296270953 -1.379689604764406876e-06 3.326995900655052112e-06 0.999999999993513522 0.4949749505427051277
0.9999650287700466711 0.008363087807672994409 1.213989697006251467e-06 34.46662411790912017 -0.008363087822931873638 0.9999650286840435776 1.316124706130605144e-05 -0.1743874863979477108 -1.103878577357817033e-06 -1.317093949876071213e-05 0.9999999999126536476 0.4949859279199324003
0.9999655282491717312 0.008303150936613764438 3.334512758521657858e-07 36.37305919511943841 -0.008303150941143337335 0.9999655280992520989 1.731660868099969166e-05 -0.2118911632928357491 -1.896573655652196489e-07 -1.731878044345496129e-05 0.999999999850011756 0.4949906388638327104
0.9999615511734079032 0.008769046496135305541 8.081749015540270525e-07 38.30779162747767685 -0.008769046492656761699 0.9999615511648957122 -4.2116439181736298e-06 -0.2655604515648029018 -8.450759295139657191e-07 4.204395062121061353e-06 0.9999999999908042447 0.4949668142141259164
0.9999296118664490196 0.01186470879546674441 2.094300009866741802e-07 40.28575022806487738 -0.01186470879578937522 0.9999296118651659349 1.613207306323666005e-06 -0.3120868440311739822 -1.902750246833001377e-07 -1.61557858164714943e-06 0.9999999999986766142 0.4949695232328403804
0.9999244413348128413 0.01229274673045569269 1.147078245766401087e-06 42.3093642646837651 -0.01229274672916278073 0.999924441334851033 -1.127439508427998288e-06 -0.3628079485037906116 -1.160850902396364368e-06 1.113253578249903256e-06 0.9999999999987063681 0.494965476517255587
0.9999017364212304804 0.0140184698606980792 2.608726505733042233e-06 44.39357441725041298 -0.01401846986623313425 0.9999017364223174997 2.115704038352691347e-06 -0.4110083064988824808 -2.578811229637575417e-06 -2.152066495612146282e-06 0.9999999999943589568 0.4949669221166819733
0.9998863820191929985 0.01507391916612188867 3.971681396188830201e-06 46.52843545701590244 -0.01507391910152440853 0.9998863819028848132 -1.582123385941916138e-05 -0.4752664959023980007 -4.209718141611553723e-06 1.575956747871097048e-05 0.999999999866956979 0.4949437580391729541
0.9998578131187983997 0.01686278537078863063 4.131004862720598861e-06 48.72216760068089769 -0.01686278521935348843 0.9998578125416578422 -3.42970760649777219e-05 -0.5504762517244885522 -4.708761718168437549e-06 3.422253922295750967e-05 0.9999999994033225148 0.4949247370879374941
0.9998129696437979552 0.0193397447884822854 2.408099142065792789e-06 50.91553581973693809 -0.01933974467183005239 0.9998129687858972048 -4.154264777496897607e-05 -0.6382860817318811719 -3.211072958165200227e-06 4.148830601620604787e-05 0.9999999991342045647 0.4949200475655013975
0.9997360757576480017 0.02297343749909322788 -6.371874015294403248e-07 53.07147743307196919 -0.02297343750433995108 0.9997360747265844338 -4.540647307606697307e-05 -0.7413374606342926221 -4.06123539597287519e-07 4.540912759201008947e-05 0.9999999989689228874 0.4948969684154291282
0.9996909777502023253 0.02485858014999833485 -5.52196767384706701e-08 55.23791138387733923 -0.02485858013694627541 0.999690977148227633 -3.470200606745633905e-05 -0.8378793650606609633 -8.074399865972424925e-07 3.469265505822822723e-05 0.9999999993978836432 0.4949080773651398091
0.9996445861811368294 0.02665898186760900027 2.5997744147314496e-06 57.4454273734217935 -0.02665898181991410015 0.9996445860426154129 -1.69188101179973837e-05 -0.9342282146471496684 -3.049888670775575972e-06 1.684348960022452995e-05 0.9999999998534973011 0.4949266400651575748
0.9995754448198674869 0.02913640527221833185 1.791582853527850265e-06 59.61140838553325239 -0.02913640526157871072 0.9995754448055156338 -5.702735651645230197e-06 -1.036392118216015401 -1.956979444827695224e-06 5.648114241603317496e-06 0.9999999999821342911 0.4949331037950193135
0.9995727937092718784 0.02922721466322565978 -1.226209653642926785e-06 61.68410270324094569 -0.02922721463537346701 0.9995727935375671169 1.861167847649353253e-05 -1.1170119572818209 1.769653331030056945e-06 -1.856788875763237649e-05 0.9999999998260507006 0.4949424732932652393
0.9995866095296176423 0.02875082696714639091 1.460934614309106094e-07 63.64584050080669186 -0.02875082695585102349 0.9995866092558578497 -2.34086388270228497e-05 -1.23951795889000338 -8.190507921983011396e-07 2.339476161097816498e-05 0.9999999997260069495 0.4948942646853677907
0.9996776825437205805 0.02538761551037767294 2.223950792986085284e-06 65.53666567730502379 -0.02538761541635986899 0.9996776819277933823 -3.52303446714302652e-05 -1.352066141706840696 -3.117648418270029127e-06 3.516252850891470549e-05 0.9999999993769381756 0.4948800084082930484
0.9997792964863971843 0.02100852960059209143 1.848843993903144019e-06 67.30113920589120369 -0.02100852954818810056 0.9997792961801726941 -2.485827770035675384e-05 -1.453672266073131158 -2.370671809859103309e-06 2.481394989745027655e-05 0.9999999996893236265 0.4948835641391229889
0.9998396944032590383 0.01790490145360222607 1.329282035106791451e-06 68.98635849522820251 -0.01790490145730554844 0.9998396944000756958 2.828406624116975875e-06 -1.535296638364055388 -1.278426601877149573e-06 -2.851753878552827635e-06 0.999999999995116351 0.4949049159565357403
0.9998897132715170999 0.01485130620011627239 4.317038315176153305e-07 70.59208575631080862 -0.01485130620638933432 0.9998897128615493735 2.863293526946186912e-05 -1.60201304864762073 -6.419731042787278751e-09 -2.863618880249648262e-05 0.9999999995899840899 0.4949377053388256953
0.9998904355410543898 0.01480259827678757911 9.585785815280824915e-08 72.15576362417385781 -0.01480259826720613583 0.9998904346151739064 4.303313702686602932e-05 -1.659722573366871456 5.41154884548893265e-07 -4.302984106985594361e-05 0.9999999990740697786 0.4949448621854632968
0.9999129408108157202 0.01319510519323525283 -4.881038117566091001e-07 73.7501723250995127 -0.01319510513360212627 0.9999129386972972489 6.502677039915744268e-05 -1.702806548196882597 1.346096392595373693e-06 -6.501466864013900914e-05 0.9999999978856402016 0.4949885576211063287
0.9999355854623341866 0.01135010681408248762 1.908014912619676256e-06 75.44819955197620232 -0.01135010689979235911 0.9999355840376971116 5.339274529484635932e-05 -1.750503473497421414 -1.301878643807934233e-06 -5.341096219906816211e-05 0.9999999985727868745 0.4949863184754969003
0.9999548805148068542 0.009499312206468333089 2.110669246389190891e-06 76.99939144853105688 -0.00949931224843589446 0.999954880299202209 2.085299963342834701e-05 -1.810604862808983251 -1.91248485966462793e-06 -2.08721086630448125e-05 0.9999999997803484808 0.4949602304963872101
0.9999544873213005447 0.009540612455256470073 1.485339740738464441e-06 78.52759936558567233 -0.00954061247364267756 0.9999544872389293237 1.290698996860006977e-05 -1.860544460950849688 -1.362131549571614721e-06 -1.292057358777072334e-05 0.9999999999156015118 0.4949529239254606416
0.99996297889810426 0.008604697180728438852 4.678678932397428714e-06 80.1930162417093868 -0.008604697203810738812 0.9999629788966686306 4.935970417292658768e-06 -1.912329920855614596 -4.636033191807323167e-06 -4.976046297756070926e-06 0.9999999999768728332 0.4949381995330420225
0.9999526314577720232 0.009733181651230745149 4.225374878220079439e-06 81.82194248593458497 -0.009733181811130703007 0.9999526306797075215 3.963327613776867543e-05 -1.941762661163703108 -3.839416849002554291e-06 -3.967252510916414776e-05 0.9999999992056746168 0.4949710822108517871
0.9999457951812700252 0.01041185364587470658 2.27754178368383284e-06 83.56102927232616651 -0.01041185373099842021 0.9999457943318945663 4.125618897826582209e-05 -1.984341396827460358 -1.847864926381716622e-06 -4.127766612593871515e-05 0.9999999991463696114 0.4949761683727942896
0.9999322502664459433 0.01164022593704893901 4.410084696193225893e-06 85.40067681722808857 -0.01164022603742065169 0.99993224999975161 2.346197949466273758e-05 -2.035522533169337844 -4.136683170705933636e-06 -2.351172433451114213e-05 0.9999999997150431641 0.4949619528750384689
0.9999079064296660935 0.01357124321661755048 4.385206530701590332e-06 87.31297661504666507 -0.01357124321773301757 0.999907906439241545 2.247176912096270804e-07 -2.099885444597919815 -4.381752982975032367e-06 -2.842097005433227184e-07 0.9999999999903594894 0.4949370641906828405
0.9998796732790247166 0.01551254170355384487 3.94448314866682791e-06 89.30483680374813105 -0.01551254171275959215 0.9998796732839844159 2.314047424218209952e-06 -2.160913341821754763 -3.908111764790969332e-06 -2.374957941858469508e-06 0.9999999999895429204 0.494939080079301541
0.9998574414410739131 0.01688480901708739115 4.647419013386868753e-06 91.38346488177668903 -0.01688480905239660851 0.9998574414218888151 7.666221592679666805e-06 -2.235193287190642586 -4.517313796465356938e-06 -7.743599489804528849e-06 0.9999999999598150335 0.4949444157193045313
0.999816446606787923 0.01915915146739655822 3.44353535944205102e-06 93.50221793689124183 -0.01915915154824699221 0.9998164462930868579 2.521997131573670454e-05 -2.293977429369180587 -2.959710035320445579e-06 -2.528131732023828289e-05 0.9999999996760473575 0.4949551936142452258
0.9997682601818803638 0.02152732959603078158 3.948704381901084342e-06 95.6664575050755559 -0.02152732969255416462 0.9997682598418783373 2.629226200908895664e-05 -2.367028528837755719 -3.381787118428287417e-06 -2.637117410616065665e-05 0.9999999996465621654 0.494953031611546912
0.9996886480986250101 0.02495209081748508279 5.367676311162595192e-06 97.93945888058165394 -0.02495209092181526617 0.99968864790356049 2.033747570661363245e-05 -2.450230599641606055 -4.858542533060215749e-06 -2.046507834223823262e-05 0.9999999997787873962 0.4949452909771232534
0.9996399057261191601 0.0268339122469682112 5.969100243380767021e-06 100.3239422116435691 -0.02683391232553555134 0.9996399056507202507 1.349656064397926595e-05 -2.543189572704193768 -5.604785280156358968e-06 -1.365187492236752334e-05 0.9999999998911061061 0.4949399916934660859
0.9995785113657946752 0.02903101092621431303 4.751482832286049522e-06 102.7198769907792553 -0.02903101092591064969 0.9995785113770877528 -1.328767831746789324e-07 -2.650981550204462245 -4.753337683674462145e-06 -5.119572897530027138e-09 0.9999999999887027036 0.4949194010605902361
0.9995234915768378414 0.03086729263877400695 5.782038652211807258e-06 105.1745880458152413 -0.03086729233906103029 0.9995234905332671671 -4.623939039302570915e-05 -2.797882458422793039 -7.206568250757145369e-06 4.603888105662796618e-05 0.9999999989142431822 0.4948931205355125984
0.9994817268355989937 0.03219126716841735208 6.484854871268416944e-06 107.6316278736234864 -0.03219126676237397261 0.9994817253460881457 -5.518761543185545301e-05 -2.9627295294835303 -8.25805320810899478e-06 5.495025747869357921e-05 0.9999999984561366295 0.4948742882900203366
0.9994939530798359062 0.03180939599131592244 9.259756956497529342e-06 110.1615368022181229 -0.03180939569523349997 0.9994939526656835271 -3.053629096509170859e-05 -3.120721976869653691 -1.022641205258780881e-05 3.022629089602471111e-05 0.9999999994908956857 0.4949189685993194421
0.9994947367527052817 0.03178476283673981051 7.568690169822899573e-06 112.7043341466995656 -0.03178476290875780624 0.9994947367330355714 9.593050793057285064e-06 -3.260539863700683938 -7.259953144362972483e-06 -9.828772799639757984e-06 0.9999999999253439409 0.4949532024200509195
0.9994797174340340762 0.03225359519104784717 6.121122244948915284e-06 115.2846390109554306 -0.03225359539453642732 0.9994797167718418862 3.671562154130081162e-05 -3.391623284308497244 -4.933726733326677919e-06 -3.689394724376333386e-05 0.9999999993072472559 0.4949731016758447955
0.9995000730649775678 0.0316165136249957901 3.396709316366229875e-06 117.9054680390932219 -0.03161651374473785359 0.9995000720811237915 4.43924516569907496e-05 -3.522224496410472749 -1.991476653886603174e-06 -4.447765078148350619e-05 0.9999999990088860313 0.4949778281566377114
0.9995051385521620535 0.03145596927600445569 2.638729549959956174e-06 120.5348613783488361 -0.03145596937152125155 0.9995051371581137323 5.27983958831200733e-05 -3.643093911854750733 -9.765990220341067834e-07 -5.285527178839311647e-05 0.9999999986026830712 0.4949915680801059148
0.9995024024239050897 0.03154278873686110207 5.456774655719299601e-06 123.1939818033761895 -0.03154278887891150823 0.9995024020345290028 2.826976851683360968e-05 -3.784149004028042551 -4.562352039786227753e-06 -2.842782343946800684e-05 0.9999999995855216595 0.4949487794741845859
0.9994847364799871459 0.03209768724514056037 4.390496876944529653e-06 125.8417095024295378 -0.03209768733117079192 0.9994847362625843834 2.11739231260462989e-05 -3.920401605838808923 -3.708600650862174486e-06 -2.130393777186852998e-05 0.9999999997661940254 0.4949302670526140036
0.9994694000786642496 0.03257174073283019416 3.776345624359268672e-06 128.4971145716177148 -0.03257174076858759121 0.9994694000363013586 9.829153217639153138e-06 -4.072794789318225028 -3.454189265279842133e-06 -9.946940020444306385e-06 0.9999999999445632337 0.4949053563857893079
0.9994679251576762402 0.03261696752796299642 3.538688381288528845e-06 131.1672931711534318 -0.03261696762745792955 0.9994679246113802318 3.313672192904461674e-05 -4.202160020247400318 -2.455986149150045445e-06 -3.323451199732524734e-05 0.9999999994447174023 0.494925908582782903
0.9994459753955996506 0.03328276161173928521 6.875120017098527421e-06 133.9241609941678917 -0.03328276196574694867 0.9994459735959521085 6.017477355171561973e-05 -4.320026427544390479 -4.868528375915924011e-06 -6.037025822961878584e-05 0.9999999981658644899 0.4949390274090521014
0.9994459045468566671 0.03328488939763949578 4.953283227826676953e-06 136.6121479166803852 -0.0332848895804701006 0.9994459036240991301 4.309125775541282989e-05 -4.456538824299765444 -3.51625088314738874e-06 -4.323225057071932017e-05 0.9999999990593040344 0.4949099703350727797
0.9994572426643818508 0.0329426786867650645 2.980596834416486151e-06 139.3397055487790794 -0.03294267880398225878 0.9994572409982536154 5.772009125857030401e-05 -4.549117287690172873 -1.077524668551953743e-06 -5.778695209978753819e-05 0.9999999983297532813 0.4949389282282709579
0.9994198206211861724 0.03405909729595022611 6.5676152836291211e-06 142.1053323281864209 -0.03405909749637827527 0.9994198200811515997 3.330050001051587075e-05 -4.685139045678250902 -5.429619915264872285e-06 -3.350486679636941845e-05 0.9999999994239713308 0.4948947601294961807
0.999442404008582086 0.03338983441790051993 5.41514419337635426e-06 144.7750223585285028 -0.03338983442522631268 0.9994424040222029682 1.268096387097494236e-06 -4.835457171495836981 -5.369783202363813012e-06 -1.44820006964088683e-06 0.9999999999845338161 0.4948303236373133296
0.9994024817475638534 0.03456413564951271722 2.417612227963419443e-06 147.4244268051706399 -0.03456413570770354438 0.9994024812723573126 3.084910853245646182e-05 -4.954488869392413619 -1.349894887398745173e-06 -3.091423830417287225e-05 0.9999999995212436321 0.4948762532438448214
0.9994337341001363617 0.03364834525071017796 2.603712246940798549e-06 150.0407983772468299 -0.03364834529688223719 0.9994337338940533222 2.038638859452078644e-05 -5.097365957855410024 -1.916269611102118039e-06 -2.046245508657713446e-05 0.9999999997888077141 0.4948496126655329008
0.9994803543682867497 0.03223385163190498059 6.561164613308504039e-06 152.7103274240995177 -0.0322338517132445615 0.9994803543065911011 1.269378631500750295e-05 -5.234770903116287677 -6.148585507648415509e-06 -1.289868165161057639e-05 0.9999999998979092197 0.4948385571722143106
0.9995110974466236975 0.03126605250811519826 6.621045460665268949e-06 155.3587532998722907 -0.03126605251597330132 0.9995110974677170468 1.086652529444640385e-06 -5.379442506941420454 -6.583833079729498443e-06 -1.293135217332168746e-06 0.9999999999774902282 0.4948075229327812408
0.9995358591371177326 0.03046418040902486649 3.641853193982996723e-06 158.0110932993748349 -0.03046418047838186927 0.9995358589250128434 2.080985428937619201e-05 -5.503532468037923842 -3.006207704969538164e-06 -2.091114165862713697e-05 0.9999999997768431736 0.4948218810580775062
0.9995626509470537657 0.02957206136909022731 4.507064392588338091e-06 160.6990620825060887 -0.02957206149793018338 0.9995626504455078498 3.186450566282081814e-05 -5.637834686778795401 -3.562794113027592244e-06 -3.198385293683933685e-05 0.9999999994821695548 0.4948286661307398915
0.9995625157472957101 0.02957663120367612017 1.345995359721133896e-06 163.3168137084736031 -0.02957663122698685546 0.9995625154772090903 2.324585031637031968e-05 -5.779419325458418299 -6.578725657603971347e-07 -2.327549063130390162e-05 0.9999999997289091835 0.4948000997022489189
0.9995644431610520853 0.02951142085283775876 3.100821827595671373e-06 165.9633072287623179 -0.02951142089135030955 0.9995644430774266453 1.321059415034755069e-05 -5.921822539119135698 -2.709607839495993719e-06 -1.329634984378207964e-05 0.9999999999079323132 0.494783937320366185
0.9995262479698100444 0.0307779071465249833 7.301113230372772628e-06 168.6281612357422546 -0.03077790742357846415 0.9995262471272102767 4.148075705203911579e-05 -6.047274479316091522 -6.020963418090187517e-06 -4.168581844626536876e-05 0.9999999991130200661 0.4948044212400693476
0.9994204248589431128 0.03404136209413587133 6.61649615086000769e-06 171.3359325776646642 -0.03404136238395253505 0.9994204236101330574 5.020178439436176281e-05 -6.185279819707584892 -4.903724265566936502e-06 -5.039792323127358146e-05 0.9999999987180011596 0.4948194705849439656
0.9992975250201885373 0.03747607857773491147 5.019315655850201794e-06 173.9636389643312384 -0.03747607869330765729 0.9992975247069734168 2.534800995679136121e-05 -6.353619028285027781 -4.065845697684184255e-06 -2.551830788251389882e-05 0.9999999996661421697 0.4947725937174756727
0.9990656191758137128 0.04321907655902636897 2.113124465995666751e-06 176.4747383271604519 -0.04321907659783660177 0.9990656188768549661 2.446364029463671437e-05 -6.521514990212685881 -1.053854059577329064e-06 -2.453210922641225892e-05 0.9999999996985322603 0.4947533961729860819
0.9988746531050030075 0.04742812844795123162 4.303157648038553808e-06 178.8694927203517011 -0.04742812854885080504 0.9988746527291748611 2.756368392222354551e-05 -6.699419074407247265 -2.991021159761484764e-06 -2.773675593020414102e-05 0.9999999996108628331 0.4947330338175636166
0.9987590187474385539 0.04980383946351372992 6.897733248533449864e-06 181.1952287092319125 -0.04980383980086775658 0.9987590167508091366 6.326356828557986971e-05 -6.84933595122269967 -3.738404678330559577e-06 -6.352859298506642399e-05 0.9999999979750708867 0.4947826473800238101
0.9986589988572694976 0.05177068631225650169 6.51050629931567716e-06 183.4039381025172304 -0.05177068667700462229 0.9986589953210261994 8.406915300832295537e-05 -7.001893258270506237 -2.149457930974892981e-06 -8.429346955980095482e-05 0.9999999964449951539 0.4947723256465997865
0.9986179412209423845 0.05255670688313604511 5.956440680592971791e-06 185.5114154567327489 -0.05255670707991990515 0.9986179404275699056 3.999183051419763995e-05 -7.190243210127066575 -3.846369610678054757e-06 -4.024961036183375465e-05 0.9999999991825869738 0.494732236883495935
0.9986710832919126757 0.05153704860676128902 4.437856170154582175e-06 187.5346705336451691 -0.05153704877085231451 0.9986710818529019873 5.363746301942916869e-05 -7.342092622918784173 -1.667642083780142764e-06 -5.379489730852253602e-05 0.9999999985516637713 0.494738383750867261
0.9987322681771741983 0.05033742635423815726 3.455598831386026472e-06 189.3988670300551007 -0.05033742646463143511 0.9987322669012480558 5.049202507046185749e-05 -7.495199435785094622 -9.09579460910729265e-07 -5.060196067554728996e-05 0.9999999987193068929 0.4947232298893178837
0.9987757486494593939 0.04946720024463661242 3.449884760281949721e-06 191.1817465601351387 -0.0494672003649258632 0.9987757462639712536 6.90299658015285203e-05 -7.627831732940804521 -3.094208479082977709e-08 -6.911611191334100107e-05 0.9999999976114808398 0.4947584042435665963
0.9988349316969500347 0.04825742633538775139 5.259866972827637028e-06 192.8995923330124356 -0.04825742659980891691 0.9988349286121089854 7.851521981039864557e-05 -7.755828367257181277 -1.464796416106284063e-06 -7.867757186085655311e-05 0.9999999969038467773 0.4947634606272786617
0.9989119283443630426 0.04663645956692605982 7.255431194805580315e-06 194.5862113567705194 -0.0466364599379567174 0.9989119262809286193 6.434603675194046346e-05 -7.889570416960574484 -4.246665409528200135e-06 -6.461439127944726673e-05 0.9999999979034729369 0.4947476651715554952
0.998913080144204657 0.04661178221252491177 8.833029529595587653e-06 196.2921131989469643 -0.04661178275144962913 0.998913077250496384 7.621619172501392018e-05 -8.006533077767636897 -5.270856179098364427e-06 -7.654507408636556189e-05 0.9999999970565346397 0.494771245647023683
0.9989834139879097963 0.04507924704094126017 8.094121919895460077e-06 198.0731616285782763 -0.04507924759480822635 0.9989834097765865062 9.181319681781348135e-05 -8.114794154463911724 -3.947023733715844568e-06 -9.208473773229277053e-05 0.9999999957524108307 0.4947714707417891211
0.9990661527825613897 0.04320673926412044175 6.97469251503038769e-06 199.7240242261599406 -0.04320673966772546615 0.9990661499447845983 7.539246062374150052e-05 -8.229568710526296016 -3.710716809389493055e-06 -7.562340930793156008e-05 0.9999999971336650528 0.4947667703487357849
0.9990543593561304059 0.04347858095859918892 7.181281893983843623e-06 201.3458712025137629 -0.04347858135132009333 0.9990543569810915736 6.901454129913347341e-05 -8.341021700405718775 -4.173836643699150103e-06 -6.926151029289736075e-05 0.9999999975927109652 0.4947609218713175383
0.9991159219514700318 0.04204015292452140812 6.883283574614435734e-06 203.0122791777152997 -0.04204015319781493482 0.9991159209007817177 4.608600280698320784e-05 -8.470758622030352569 -4.93973560178675319e-06 -4.633463347953785595e-05 0.9999999989143502077 0.4947234369866048698
0.9991742496435865872 0.04063026944270833885 7.511414262343975052e-06 204.6461568549638912 -0.04063026975737764335 0.9991742485053892731 4.801422651313403967e-05 -8.582834445361369191 -5.554380740478482706e-06 -4.827976953621634855e-05 0.9999999988191061728 0.4947255611210946147
0.9991881569365826943 0.04028680894175864363 8.074515622839592257e-06 206.3527995573194858 -0.04028680944451062951 0.9991881539876729112 7.692672242736050235e-05 -8.677900286652706185 -4.96882819058274316e-06 -7.718956647362050266e-05 0.9999999970085405865 0.4947452979848796506
0.9991692791952055952 0.04075231833948981391 8.045046607539174831e-06 208.1186777023842183 -0.04075231893913397463 0.9991692742429606477 9.955958576887184394e-05 -8.767065088483112945 -3.981079447105056196e-06 -9.980473385488759254e-05 0.9999999950115827652 0.4947544208632462803
0.9989768755847855397 0.04522390936142717949 8.435751892412377313e-06 209.9256290568010854 -0.04522390984136719083 0.9989768731563907211 6.985393900810896368e-05 -8.88794512910508594 -5.268052841963957312e-06 -7.016396742063745352e-05 0.9999999975246324224 0.4947243606750378331
0.9987832524343437379 0.04931545999804572838 8.005470169320306722e-06 211.730572902799338 -0.04931546030092786442 0.9987832515031047631 4.352500309062995958e-05 -9.023161363884980801 -5.849273976693993247e-06 -4.386683759539965129e-05 0.9999999990207431022 0.494693991027054969
0.9987358903058458637 0.05026550867705926323 7.393124833010487299e-06 213.6117062386071836 -0.05026550901804061749 0.998735888684578299 5.70860362992590785e-05 -9.148107467376130231 -4.514320447313458386e-06 -5.738549247033755419e-05 0.9999999983432628081 0.4947106191252361729
0.9987136674081019683 0.05070513249609239631 8.546659175098954286e-06 215.5877942672381664 -0.05070513296642222695 0.9987136650341991162 6.904380927883369424e-05 -9.281856801073272933 -5.034789811042918363e-06 -6.938835546658163257e-05 0.9999999975799532814 0.4947189794363454629
0.9986670009684478488 0.0516160932965111785 9.577296485529600189e-06 217.6364041929843154 -0.0516160937323905597 0.9986669995925520071 5.286635417817620622e-05 -9.435092708133005601 -6.8357752759050539e-06 -5.329022601235499664e-05 0.9999999985567117333 0.4946960105109068362
0.9986078072123161231 0.05274890826449643577 7.331161675075594512e-06 219.7178270796715935 -0.05274890860370005929 0.9986078055109742779 5.844576279793871917e-05 -9.580191298306885983 -4.238005091916472559e-06 -5.87511058056582687e-05 0.9999999982651731623 0.4946923300369179266
