1615317786803023 0.9999727208254475 0.007386311999347236 0.0 0.0 -0.007386311999347236 0.9999727208254474 0.0 0.0 0.0 0.0 1.0 0.494999999999999
1615317787052401 0.9999552445622298 0.009460902963631198 1.3615101849163271e-05 -0.002033171150736705 -0.009460902583113988 0.999955244273573 -2.774633678462554e-05 0.005431124143375445 -1.3876997895336527e-05 2.761628383298362e-05 0.9999999995223852 0.4950219952420814
1615317787303028 0.9999821393443525 0.005976703943453983 -1.7897579261215665e-07 0.014415351931348453 -0.005976703943512103 0.9999821393443149 -3.2611029638364914e-07 0.003983701729700492 1.7702353129314985e-07 3.271741571661694e-07 0.9999999999999309 0.494974647868836
1615317787553658 0.9999811071138272 0.006146983715100687 -2.0923960277501275e-06 0.008466283008619683 -0.006146983708532544 0.9999811071111546 3.131131849624291e-06 0.004073621587276993 2.1116035128385883e-06 -3.118210769219353e-06 0.9999999999929092 0.494991345963288
1615317787804293 0.9999764028901 0.006869763977116085 -1.9085642684309896e-06 -0.002058955731334591 -0.00686976398647193 0.9999764028796574 -4.939516921215839e-06 0.016795867472202755 1.8745859164057385e-06 4.952511748980005e-06 0.9999999999859794 0.4950146285595940
1615317788054909 0.9999843172570404 0.00560046739871198 1.6291722801278154e-06 -0.015070746943763902 -0.005600467404746254 0.9999843172514024 3.7232264245101077e-06 0.008428170587013433 -1.6082949220237113e-06 -3.7322921603669797e-06 0.9999999999917419 0.494990179126139
1615317788304292 0.9999339654821743 0.01149193945956974 5.648838248702952e-07 0.005464933810666231 -0.011491939463360355 0.999933965456072 7.241043566043789e-06 -0.0029222517337416103 -4.816328887403774e-07 -7.247057017958782e-06 0.9999999999736242 0.494988642755205
1615317788554299 0.9998973064955408 0.014330961584139743 -8.96616640446832e-07 0.010113617578954497 -0.014330961580686148 0.9998973064889738 3.7464232161286874e-06 -0.010455065214951962 9.502144109263552e-07 -3.733189104180928e-06 0.9999999999925804 0.494995106063285
1615317788803680 0.9999621481603479 0.008700703647927964 5.839463702148959e-07 -0.017990971116391814 -0.008700703648032937 0.9999621481605016 1.7750305562938157e-07 -0.01205678538902997 -5.823798652882725e-07 -1.8257708112620472e-07 0.9999999999998139 0.4950028601887760
1615317789053059 0.9999336408262277 0.011520153706725936 -5.878658736748139e-07 0.0009535991675531522 -0.011520153709311432 0.9999336408157781 -4.602634252719013e-06 -0.0069814259376424406 5.348038093290645e-07 4.609101130948306e-06 0.9999999999892353 0.495012032589668
1615317789302433 0.999954832530325 0.009504361998040407 1.6616364243961818e-07 -0.0009457248360454489 -0.009504361997678984 0.9999548325282303 -2.0550741435459995e-06 -0.005631233771645054 -1.8568830584141432e-07 2.053402041642933e-06 0.9999999999978748 0.494999986508648
1615317789552441 0.9999504921409748 0.00995054092917231 -8.35404931812685e-08 0.020026536811370902 -0.009950540928027767 0.9999504921010206 8.940570294387793e-06 -0.02456773340526195 1.7249986791181102e-07 -8.939296392817464e-06 0.9999999999600298 0.4949723932227169
1615317789802448 0.9999805394864881 0.006238641364707654 -4.5107873602901924e-08 -0.02875651677997892 -0.006238641364870544 0.9999805394586715 -7.458688296908333e-06 -0.004594708132480072 -1.4250855560527402e-09 7.458824558866745e-06 0.9999999999721831 0.4950257743068059
1615317790053071 0.9999835779459917 0.005730954078720997 1.203281816904861e-06 -0.02571702215953398 -0.005730954070757098 0.9999835779255006 -6.5207616748482705e-06 0.0011016869895163612 -1.240632242240599e-06 6.5137586377356e-06 0.999999999978016 0.495015627189415
1615317790303698 0.9999720932669036 0.007470788791367276 9.707618821203429e-08 0.005569038479519085 -0.007470788791164201 0.9999720932650157 -1.946351243263107e-06 0.005193245470966502 -1.1161425818409988e-07 1.945571691264065e-06 0.9999999999981013 0.495000205243197
1615317790554337 0.9999768796501892 0.006800011972596577 -1.0432801506740389e-07 -0.005188549040426568 -0.006800011973022806 0.9999768796384159 -4.852975581371178e-06 0.01956309812977505 7.132531090995528e-08 4.853572810640532e-06 0.9999999999882192 0.495012797411531
1615317790804330 0.9999882253443442 0.004852748748771664 -1.3323658641602404e-07 0.03629318155065567 -0.004852748747409922 0.9999882253055692 8.807938568610253e-06 0.004501997616357843 1.7597773046457533e-07 -8.80718829450839e-06 0.9999999999612015 0.4949701789115552
1615317791054333 0.9999375395307248 0.01117662889438762 -1.2509185522297836e-06 0.013847159672732055 -0.011176628889730306 0.9999375395248239 3.670143417299264e-06 0.006769001884523673 1.291860250229901e-06 -3.655933125997696e-06 0.9999999999924829 0.4949927571082149
1615317791304338 0.9998908439089569 0.014774987792911635 -7.217770606832493e-07 0.0018778552303788765 -0.014774987790359254 0.999890843903399 3.422069212756254e-06 0.001001376943563991 7.7225930516342e-07 -3.411031425806362e-06 0.9999999999938844 0.494990060343759
1615317791553722 0.9999878374062611 0.004932041802912831 9.853145131002567e-07 -0.01496796835976755 -0.004932041806330349 0.9999878374006161 3.496689382072585e-06 -0.004974910834752497 -9.680567109126568e-07 -3.5015064656389812e-06 0.9999999999934013 0.494991567582829
1615317791803099 0.9999610222022526 0.008829160429569686 -3.20213739615784e-07 0.006827614445395864 -0.008829160429498958 0.99996102220228 2.2155080174279587e-07 -0.006349911700971695 3.22157365962013e-07 -2.1871494770215633e-07 0.9999999999999245 0.49500013837532
1615317792052487 0.999924817023764 0.012262148957588474 -8.374852763876479e-07 -1.529598245676515e-05 -0.012262148960340615 0.9999248170184216 -3.364196965252855e-06 -0.0024097157062962973 7.961700274387382e-07 3.37421340413105e-06 0.9999999999939906 0.495007641907320
1615317792302481 0.9999752274300908 0.007038787039949553 9.548401929019955e-07 -0.017111873120667965 -0.007038787040998117 0.999975227429935 1.099300573315736e-06 -0.007874910050082796 -9.470787964304042e-07 -1.1059942575936357e-06 0.9999999999989402 0.494994251943200
1615317792552484 0.9999613569450766 0.00879116683297569 -2.0782116813307464e-07 0.018428557951720496 -0.00879116683093236 0.9999613569102003 8.356359590431105e-06 -0.024327377068322185 2.812752885577098e-07 -8.354209684627082e-06 0.9999999999650642 0.494973669984730
1615317792802487 0.9999770120557386 0.006780513078246938 -4.903143374743685e-07 0.01253272210824342 -0.00678051307539539 0.9999770120401943 5.6006189067911965e-06 -0.03293275114844341 5.282781358934856e-07 -5.597165577312094e-06 0.9999999999841966 0.4949865951456740
1615317793053744 0.9999834626561993 0.005751035717108495 -2.5612640172638377e-07 -0.013353116842037781 -0.005751035718058823 0.9999834626487043 -3.878705144026312e-06 -0.027551554093638374 2.3381559425527468e-07 3.88011399263917e-06 0.9999999999924452 0.4950123463489052
1615317793304366 0.9999776336663987 0.006688210771925163 -1.1778282830001802e-06 -0.007015537690392576 -0.00668821078878171 0.999977633555348 -1.4941842598042388e-05 -0.0040188160550858765 1.0778677465555373e-06 1.4949385967669245e-05 0.9999999998876772 0.4950402618811785
1615317793555002 0.9999759875800042 0.006929953809791587 1.1647864222342075e-06 -0.00636907745915247 -0.006929953807556787 0.9999759875788707 -1.9118251547474376e-06 -0.006341410937097586 -1.1780073129091103e-06 1.9037073311016267e-06 0.9999999999974942 0.494997447822121
1615317793805007 0.9999598454144035 0.00896144835013013 -1.9375150010484292e-07 0.025783665016395278 -0.008961448347628626 0.9999598453602873 1.0407243111701152e-05 -0.02283118877327741 2.870076916966377e-07 -1.0405088919129563e-05 0.999999999945826 0.4949701099957748
1615317794054389 0.9999816912269872 0.0060512147754357105 -2.8849970435004574e-06 0.02228053484855775 -0.00605121476120498 0.9999816912191508 4.916132062338094e-06 -0.021725767127416966 2.914692793701555e-06 -4.898584317307579e-06 0.9999999999837546 0.4949907443683495
1615317794304385 0.999988959632126 0.004699000178490039 -2.991404704700453e-06 -0.03626628865559589 -0.004699000201203087 0.9999889596073726 -7.631576730991018e-06 -0.005610758660341229 2.9555108980037687e-06 7.645549086902691e-06 0.9999999999664055 0.4950169184074777
1615317794553761 0.9999860360508723 0.005284666374004745 -1.5317367973411314e-06 -0.09421393805733161 -0.005284666376839318 0.9999860360503144 -1.8524732958298581e-06 -0.0022778910495103864 1.5219257049137697e-06 1.8605421459422065e-06 0.9999999999971112 0.494994286842177
1615317794803148 0.9998672785014229 0.01629188078326235 -6.849024705312411e-07 -0.21452571541051746 -0.01629188078100649 0.9998672784966394 3.179427413804037e-06 0.003241562812175733 7.366104216320409e-07 -3.1678470860436293e-06 0.9999999999947113 0.4949869000042639
1615317795053155 0.9995308057074832 0.030629535102860154 4.3473611707145405e-06 -0.47790540614590826 -0.030629535171921816 0.9995308055732253 1.682435465604022e-05 -0.009332666643337371 -3.82999925157054e-06 -1.6949618416781607e-05 0.999999999849021 0.494963752931031
1615317795303154 0.9987227182345827 0.05052654807611247 4.405279330684679e-06 -0.7684518870450926 -0.05052654815496927 0.9987227180372108 2.0141428846256194e-05 -0.017889911318848907 -3.3819756739401737e-06 -2.0338286124744754e-05 0.9999999997874585 0.4949493422866511
1615317795553158 0.9969535443355093 0.07799763095145709 -7.704367477899069e-07 -1.123210738146532 -0.07799763094744362 0.9969535443267978 4.311528571265601e-06 0.002796222701654603 1.10437866072946e-06 -4.238301449514053e-06 0.9999999999904088 0.494975102913784
1615317795803783 0.9934499469217177 0.1142681187270867 -1.255331702576532e-06 -1.5827834901031976 -0.11426811873395637 0.9934499468541717 -1.158506126817618e-05 0.06238493566671614 -7.669394324368653e-08 1.1652622894021008e-05 0.9999999999321054 0.4950126876016741
1615317796053792 0.9895733091217944 0.14403008666384592 2.6671869008387096e-06 -2.0334729606466464 -0.14403008668776832 0.9895733090074933 1.5047984406278528e-05 0.06905920262003114 -4.720144690529646e-07 -1.5275238885108592e-05 0.9999999998832223 0.4949404321530808
1615317796304419 0.9846329061015767 0.17463688091727075 6.574060471279903e-06 -2.701248552319817 -0.17463688100849897 0.9846329059469844 1.777042174771055e-05 0.10602306844048098 -3.3696652391104475e-06 -1.8645415424406116e-05 0.9999999998204971 0.4949265532967876
1615317796554420 0.9793944117244604 0.201956891800213 1.1621638535073397e-05 -3.4771289735771886 -0.2019568920905992 0.9793944110906759 3.548551079784448e-05 0.10219453304887535 -4.215624364300751e-06 -3.710138097222349e-05 0.9999999993028583 0.4948725294194950
1615317796803802 0.9754063368194021 0.22041433270142038 5.487235197807675e-06 -4.222978120879107 -0.2204143327690632 0.9754063365751329 2.1836090443863084e-05 0.10534056420381252 -5.392966782289763e-07 -2.2508526275227606e-05 0.9999999997465379 0.4948848996055945
1615317797053180 0.9734115682521544 0.22906313268059472 6.099265998846378e-06 -5.032288470093058 -0.22906313271620404 0.9734115671820676 4.587109441123051e-05 0.0031184271466917373 4.570280510736632e-06 -4.604857092534653e-05 0.9999999989293211 0.4947806431445123
1615317797303188 0.9719724277686178 0.23509487372344923 2.074109801110589e-06 -5.945091487269347 -0.23509487369476884 0.9719724274161182 2.651464907181598e-05 -0.0933327031678964 4.217480537256551e-06 -2.625912041154571e-05 0.999999999646336 0.4947868772366883
1615317797553193 0.9708182668261368 0.23981637307022527 -1.3805259163927441e-06 -7.065165936283862 -0.23981637307413453 0.9708182668055755 -6.320900580636789e-06 -0.1711963714792232 -1.7561567435360329e-07 6.467518464692723e-06 0.9999999999790703 0.4947929230918726
1615317797803192 0.9710518513608546 0.23886879654827142 -1.4160577020034535e-06 -8.166812824556777 -0.23886879655117904 0.9710518513190686 -9.042609957486159e-06 -0.29101480747932146 -7.849319050968092e-07 9.119095139495984e-06 0.9999999999581133 0.494785670334076
1615317798053197 0.972384993019652 0.23338257286138545 -5.704260751626383e-06 -9.236753401020763 -0.23338257292992082 0.9723849928018794 -2.0592867963396836e-05 -0.42015211856677204 7.407210420195584e-07 2.1355470821767666e-05 0.9999999997716977 0.4947534426037178
1615317798304451 0.9742614259848533 0.22542110331131845 -4.199489298417812e-06 -10.348908572179988 -0.22542110334944734 0.9742614257563529 -2.1111228867291914e-05 -0.5747226980921969 -6.675160721991072e-07 2.151450945174199e-05 0.9999999997683404 0.494751926228224
1615317798554454 0.9760386001577915 0.21759745172621414 -1.4296179917009864e-06 -11.491450860810577 -0.21759745171350567 0.9760385999755595 -1.906058894682327e-05 -0.7242978098910267 -2.752173240116026e-06 1.891495178580061e-05 0.9999999998173252 0.4947603081566349
1615317798804453 0.9784692801968358 0.20639250884090696 -1.791526449432601e-06 -12.667900671809432 -0.20639250878231538 0.9784692796252137 -3.385298955840177e-05 -0.8982504252420374 -5.234049852329411e-06 3.349386796424343e-05 0.999999999425383 0.494754984506094
1615317799053830 0.9814933163300575 0.1914963968182326 -1.6814628821627497e-06 -13.869240800729402 -0.19149639678525243 0.9814933159050674 -2.914975665504473e-05 -1.1449097927852137 -3.9317287877929206e-06 2.8932285412900925e-05 0.9999999995737323 0.494746380105051
1615317799303213 0.9849143497357146 0.17304254876267927 -3.970433638523827e-07 -15.181308233475749 -0.1730425486907384 0.9849143492546888 -3.1186435426759484e-05 -1.4359200233006715 -5.005526566745799e-06 3.0784673164612156e-05 0.9999999995136246 0.4947744629420119
1615317799553222 0.9883000518259663 0.15252215431758948 -9.38795158407916e-07 -16.53063062576875 -0.1525221542276892 0.9883000509912939 -4.096484502082835e-05 -1.7636997909100054 -5.320235110949844e-06 4.062874551715696e-05 0.9999999991605002 0.494756487180676
1615317799802601 0.9911559634653012 0.13270213289550564 -3.149806286518121e-06 -17.919350188899248 -0.13270213290595326 0.9911559625066982 -4.3673772739895096e-05 -2.092619432920744 -2.6736535125601453e-06 4.370550631073446e-05 0.9999999990413404 0.4947281701536082
1615317800052642 0.9941082291656057 0.10839201399345968 -2.3307639593325214e-06 -19.298889003101202 -0.10839201401300068 0.9941082286681843 -3.1467091357392546e-05 -2.5363279288703047 -1.0937497756906855e-06 3.1534330666101224e-05 0.9999999995021951 0.494748445587505
1615317800303227 0.9960895105790694 0.0883497985860763 -1.3846684072549985e-06 -20.704641177561104 -0.08834979859600155 0.9960895103745692 -2.018822798676989e-05 -2.9387279856187307 -4.043722006280702e-07 2.0231617309748684e-05 0.9999999997952593 0.4947650382715952
1615317800553871 0.9977327104578644 0.06730110297672871 4.276245345092958e-06 -22.204216332909052 -0.06730110285713922 0.9977327101928565 -2.3731791306828043e-05 -3.379187262452509 -5.863725588185305e-06 2.3390188436821703e-05 0.9999999997092581 0.494875806318574
1615317800804489 0.9989762078731704 0.04523865693638204 4.438455466142911e-06 -23.704021528015968 -0.045238656818004964 0.9989762076027894 -2.3887630049077e-05 -3.8776817943216764 -5.514555710007083e-06 2.366238431792213e-05 0.9999999997048408 0.4948651759423930
1615317801055110 0.9996748229091232 0.02549996925277885 2.7364268858410713e-06 -25.24643803045087 -0.025499969180740763 0.9996748226327766 -2.3741842981692844e-05 -4.3545244800082346 -3.3409533277957354e-06 2.3664343877058538e-05 0.9999999997144187 0.4948241967389972
1615317801305122 0.9999718814729923 0.007499082845711916 4.1957485056838245e-06 -26.82837989421277 -0.0074990827796606475 0.9999718813614988 -1.5542707028577488e-05 -4.830592506514334 -4.312186574622442e-06 1.5510805725215075e-05 0.9999999998704101 0.494878174835866
1615317801555123 0.9999538552043292 -0.009606635728344897 3.1224561210718146e-06 -28.46170297107672 0.009606635711896138 0.9999538551956282 5.240886277818755e-06 -5.352634320781412 -3.1726593213167038e-06 -5.210648139722456e-06 0.999999999981392 0.494918913040561
1615317801803877 0.9996301235168543 -0.0271958848977164 2.761191618088127e-07 -30.0943471800476 0.027195884896047483 0.9996301235050361 4.878001078967985e-06 -5.904947166034321 -4.0867858769650544e-07 -4.86868751615284e-06 0.9999999999880647 0.494884886249621
1615317802053891 0.999215982905646 -0.03959064916617355 1.5073587410940237e-06 -31.797513966438395 0.03959064918502201 0.9992159827820568 -1.5740528907451895e-05 -6.316177505364239 -8.829991882244365e-07 1.5787865374864157e-05 0.999999999874982 0.494807776310235
1615317802302632 0.9986206224032635 -0.052505737730087425 3.75566125094511e-06 -33.543092076772744 0.05250573781885553 0.9986206219617477 -2.9775782788631633e-05 -6.755624418711226 -2.1870813324933592e-06 2.99319045059731e-05 0.9999999995496491 0.4948061476591991
1615317802552633 0.9981763756649217 -0.06036491564818857 4.582101917165934e-06 -35.30880346231718 0.060364915740637605 0.9981763753856793 -2.3818081676565506e-05 -7.055599992866559 -3.1359693920239406e-06 2.405124463940367e-05 0.999999999705852 0.4948547026372391
1615317802802637 0.9978080111123516 -0.06617531981098143 2.386478649215606e-06 -37.09071913726562 0.06617531985185177 0.9978080107223908 -2.7901573105715665e-05 -7.270995528933752 -5.34851990106272e-07 2.799833915551399e-05 0.9999999996079036 0.494744899124710
1615317803053274 0.997711123345516 -0.06762036923751416 3.81815269106165e-06 -39.00354165078057 0.06762036930147007 0.9977111231414284 -2.0326580982581944e-05 -7.348326463218319 -2.4349224983516053e-06 2.0538240840970284e-05 0.9999999997861262 0.494844658775706
1615317803303276 0.998007842216462 -0.06308999016806177 3.5781307563343576e-06 -40.948321513672454 0.06308999022831685 0.9980078420094014 -2.0457177988238708e-05 -7.190293550360717 -2.2803593964175376e-06 2.0642168296379074e-05 0.9999999997843507 0.4948354743674255
1615317803554530 0.9982612949314561 -0.0589439312868167 1.998750778352936e-06 -42.871541676925 0.05894393128980604 0.9982612949321964 -1.4711596460627911e-06 -7.075083475470356 -1.9085596071601345e-06 1.5864159618777704e-06 0.9999999999969205 0.494877107565518
1615317803804534 0.9983733413783334 -0.05701465787382696 3.2186260660116373e-06 -44.90403120095129 0.05701465781453526 0.998373341255283 1.6211760295541417e-05 -7.057093256700436 -4.137698426567414e-06 -1.6001880432133416e-05 0.9999999998634099 0.495059929639215
1615317804053913 0.9985187966283958 -0.054407837098820806 6.306805765546339e-06 -46.93863750637878 0.05440783709298373 0.9985187966480327 1.0935542548263938e-06 -6.991566871983495 -6.356962025475715e-06 -7.487948179098402e-07 0.9999999999795144 0.495115294684190
1615317804303916 0.9984633274772997 -0.05541645652941248 5.1429506988858925e-06 -49.02136948531684 0.05541645656238541 0.9984633274675123 -6.506888942789472e-06 -7.091948819618698 -4.774458939581827e-06 6.781894089365269e-06 0.9999999999656055 0.495033250959257
1615317804553293 0.9984461540031201 -0.05572501722117815 3.1376145865722834e-06 -51.06624540230879 0.0557250172466648 0.9984461539685049 -8.72509231330443e-06 -7.163459408960564 -2.6465332971892386e-06 8.88637849051096e-06 0.9999999999570144 0.49491691049880
1615317804802674 0.998460474706932 -0.05546783252402825 9.284378486547821e-07 -53.08065242355823 0.05546783253138106 0.9984604746244873 -1.2832848025743688e-05 -7.197866299830505 -2.1519822992942472e-07 1.2864589966759657e-05 0.9999999999172282 0.4947778820052508
1615317805052676 0.9985057170060478 -0.05464735221242209 4.208889096732238e-07 -55.12149041550077 0.054647352209357236 0.9985057167899573 -2.078575960223271e-05 -7.191389217231225 7.156267435453142e-07 2.077770025967703e-05 0.9999999997838878 0.494700537786750
1615317805302679 0.9985389414623118 -0.054036861226359686 3.1458253322555947e-06 -57.19014174413004 0.05403686129432626 0.9985389410547277 -2.8574954290820042e-05 -7.194943487802959 -1.5971282564545502e-06 2.8703195137088755e-05 0.9999999995867881 0.494817542154969
1615317805553307 0.9986586023257037 -0.051778334863101516 6.119137672943122e-06 -59.33513230158456 0.051778334939377266 0.9986586022553081 -1.3044058038377575e-05 -7.120480720659589 -5.4355298703964775e-06 1.3343399529261111e-05 0.9999999998962046 0.495080230405109
1615317805803941 0.9987694668699635 -0.04959387099199592 2.466845124095859e-06 -61.428789488141966 0.04959387103646646 0.9987694665922597 -2.3588102429308415e-05 -7.027606520477357 -1.2939842799366847e-06 2.3681416886798685e-05 0.9999999997187583 0.494805741394768
1615317806054561 0.9988841030300823 -0.04722868524929354 1.0854823140348235e-06 -63.507388459321064 0.04722868526176767 0.9988841027664769 -2.29482557494768e-05 -6.9205501015724105 -4.550795111896838e-10 2.297391376303913e-05 0.9999999997360998 0.494726018514583
1615317806304568 0.9988558672971952 -0.047822132499878926 2.6266680702446115e-06 -65.54849051285224 0.047822132522719794 0.9988558672547763 -9.458094130938544e-06 -7.012657159496192 -2.1713565825733828e-06 9.572885684706942e-06 0.9999999999518228 0.4948959954127820
1615317806554576 0.9986733885803895 -0.051492357940461246 3.586260716378029e-06 -67.52054307007525 0.05149235787858385 0.9986733884679225 1.5616307979571486e-05 -7.330138129112888 -4.385623661757042e-06 -1.5410926186854387e-05 0.9999999998716351 0.495076155382499
1615317806803960 0.9986258095891376 -0.0524069881152655 4.110130900881781e-06 -69.51557870591543 0.052406988127050094 0.9986258095930133 -2.8138461548454075e-06 -7.444831377024581 -3.957017596439996e-06 3.025378975771666e-06 0.9999999999875948 0.4950145285441639
1615317807053334 0.9985820354985885 -0.053234559978943205 1.0542813866029505e-06 -71.48895091679701 0.05323455996881658 0.9985820343664676 -4.7573323733420706e-05 -7.530474187994126 1.479758503859045e-06 4.7561990654957875e-05 0.9999999988678339 0.494520422433045
1615317807303337 0.9985413254381036 -0.053992790126226174 2.1137531478669437e-06 -73.48899983380531 0.053992790166305864 0.9985413249201697 -3.216359533229582e-05 -7.635803980375819 -3.740676163445088e-07 3.223080654421358e-05 0.9999999994805178 0.494706724808972
1615317807552715 0.9984776861793103 -0.055157140914997425 2.4209615239194742e-06 -75.47086607885412 0.05515714095688692 0.9984776859001724 -2.3636130800422257e-05 -7.76796234255629 -1.1135746628147625e-06 2.3733682507916168e-05 0.9999999997177365 0.494777439416285
1615317807803343 0.998606287474403 -0.052777671522321934 1.7432979330867304e-06 -77.43658037780284 0.05277767154507146 0.9986062873151246 -1.7853588315178942e-05 -7.632213337999621 -7.985974570523825e-07 1.792071275127489e-05 0.9999999998391054 0.494754902799261
1615317808054017 0.9990712893701382 -0.04308780278818385 2.2234099257197587e-06 -79.49139690775183 0.04308780282776573 0.9990712891102261 -2.2822659136171326e-05 -6.912326623511136 -1.2379667847507906e-06 2.2897265338565685e-05 0.9999999997370916 0.494785526578361
1615317808303973 0.9996876365791976 -0.024992584188217953 2.015002849387656e-06 -81.51318077287726 0.0249925842268691 0.9996876363331564 -2.2227393429231856e-05 -5.50327456884275 -1.4588534341474741e-06 2.2270810533065204e-05 0.9999999997509417 0.494796460474022
1615317808554603 0.9999950196565023 0.00315605118340942 9.417129111521956e-07 -83.5551349525321 -0.003156051159758636 0.999995019365655 -2.4139751917466262e-05 -3.2302369023083024 -1.0178945134335705e-06 2.4136659599138235e-05 0.999999999708193 0.494761590169710
1615317808804606 0.9991488403016839 0.04125039293341492 2.0990903327256574e-06 -85.57367793330128 -0.04125039286747539 0.9991488399881733 -2.5225662689951115e-05 -0.06211047238370708 -3.137872168946511e-06 2.5117603321672945e-05 0.99999999967963 0.494942902793977
1615317809054616 0.9958766876773677 0.09071726924065229 -2.035643197858957e-07 -87.37679974649045 -0.09071726919766478 0.995876687131181 -3.3101501969723126e-05 4.180254670993767 -2.8001529060571078e-06 3.298348093802443e-05 0.9999999994521247 0.4948891426477343
1615317809303996 0.9883733681669519 0.15204632537130863 -6.096277607023437e-06 -88.78864439456537 -0.1520463254935216 0.9883733673786108 -3.9475957570862356e-05 9.572428741265941 2.3224137765289782e-08 3.9943901755354436e-05 0.9999999992022424 0.494617079027969
1615317809553369 0.9778696945030609 0.2092148668446528 -7.837854803013855e-06 -89.94594184720675 -0.20921486699051256 0.9778696939256155 -3.3611497829796525e-05 14.717820459329136 6.323756343477758e-07 3.4507460864793966e-05 0.9999999994044177 0.4945780805481781
1615317809803373 0.9623684912900506 0.2717478370939105 -2.158926347082494e-06 -90.66589660748934 -0.2717478370888992 0.9623684911321161 -1.7645585503348284e-05 20.464788041193454 -2.717467003689472e-06 1.7568239064080007e-05 0.9999999998419864 0.494932961314331
1615317810052761 0.944383250896411 0.32884688749414825 -3.083020486711172e-06 -91.07225407852975 -0.3288468875064196 0.9443832508145034 -1.2495543270068273e-05 25.836644993769752 -1.1975676023450621e-06 1.2814423466305954e-05 0.9999999999171785 0.4948076451185896
1615317810302757 0.9212003023261612 0.38908868263705315 -5.976567586705831e-06 -91.0387633824635 -0.389088682667818 0.9212003020461598 -2.297070847391591e-05 31.659693964947245 -3.432026833290689e-06 2.3486038400056435e-05 0.9999999997183138 0.4949812219335964
1615317810552759 0.8918008551859729 0.4524281541145758 -7.1981084385103925e-06 -90.4662242195414 -0.4524281541485917 0.891800854866008 -2.4325353732212672e-05 37.932738742268256 -4.586195628377533e-06 2.4949998175340924e-05 0.9999999996782325 0.4950928804325127
1615317810803392 0.8583443435904533 0.513074056759625 -1.0210890846918993e-05 -89.47187209366193 -0.5130740568462759 0.8583443432435067 -2.471729591101915e-05 44.104552266019105 -3.917342887273617e-06 2.6454894324977028e-05 0.9999999996423967 0.495020891993846
1615317811054012 0.8192093921399171 0.5734945263004634 -1.144213947987872e-05 -87.88230585537985 -0.5734945264072941 0.8192093920671814 -1.1294243357230804e-05 50.40994944979744 2.896321383188572e-06 1.58143545974919e-05 0.9999999998707589 0.494408803956626
1615317811304018 0.778189876344233 0.628029072594441 -1.8146101659072306e-05 -86.01174297356674 -0.6280290728545528 0.778189876090559 -1.993435413057324e-05 56.28477029703328 1.601758664210664e-06 2.6908991976804664e-05 0.9999999996366704 0.494452742630877
1615317811554028 0.7365261205102844 0.6764091021326917 -1.8864871208807987e-05 -84.01714338237316 -0.6764091023770671 0.7365261204108257 -1.31071016814531e-05 61.63482221051731 5.0287075235708664e-06 2.2414093353433303e-05 0.9999999997361606 0.494129460196054
1615317811804030 0.6907496728193308 0.7230939698739096 -1.5157322215333371e-05 -81.66277551568804 -0.7230939700182739 0.6907496725209872 -2.0811728694756484e-05 66.99533533862812 -4.578920165303841e-06 2.5335863082295876e-05 0.999999999668564 0.495114946578677
1615317812053411 0.6415746709703966 0.7670605852584795 -1.0483975503114186e-05 -78.9795594662598 -0.7670605853212252 0.6415746709688683 -3.951591736697938e-06 72.20486894864594 3.695142863610317e-06 1.0577085554217088e-05 0.9999999999372358 0.494412335020148
1615317812303412 0.5927101117321577 0.8054158697991042 -1.1134321727350545e-05 -76.26709648614849 -0.8054158697149133 0.5927101118334736 1.181051592421378e-05 76.93409884700974 1.6111802032120607e-05 1.9675472046689086e-06 0.9999999998682694 0.493206544072587
1615317812552788 0.5430328138152557 0.8397114759054136 -1.871911598125366e-05 -73.44045710213392 -0.8397114761104654 0.5430328137432282 -9.17949684417115e-06 81.3876713078663 2.456965379003449e-06 2.0703424512846257e-05 0.9999999997826661 0.4944035199775740
1615317812803421 0.4921125589839076 0.8705315782191915 -2.472409957624002e-05 -70.46960465427271 -0.8705315784746747 0.49211255831044454 -2.8797709202613996e-05 85.61584669460566 -1.290227534689205e-05 3.569482379912176e-05 0.9999999992797055 0.4958292604792164
1615317813054051 0.44540845591179823 0.8953274858827347 -2.0565419319083674e-05 -67.85152467831028 -0.8953274861185605 0.4454084558148647 -9.327600210330653e-06 89.19007363649627 8.08754816465441e-07 2.2567377187025587e-05 0.99999999974503 0.494549028131272
1615317813304056 0.4113069925695621 0.9114968774657795 -1.520801726332421e-05 -66.49602105037401 -0.9114968775388739 0.4113069926692842 4.0000044134344335e-06 91.65398922986678 9.901155377757366e-06 1.2216830463549897e-05 0.9999999998763585 0.493763740261548
1615317813554684 0.38694245549671413 0.9221038639394564 -1.5487577889037326e-05 -66.08482575549873 -0.9221038639235939 0.38694245567971086 1.12916117438743e-05 93.33992879706163 1.640484024008216e-05 9.911951439630812e-06 0.9999999998163176 0.49307725416879
1615317813804686 0.37397416748506707 0.9274391202100132 -1.8859892912562452e-05 -66.82495507817048 -0.9274391203741198 0.3739741675536326 1.1764846348253313e-07 94.21229415033552 7.162224539608487e-06 1.7447405007029193e-05 0.9999999998221456 0.4939481425140156
1615317814054067 0.3675009335989684 0.93002315202784 -2.2222852228900295e-05 -68.31653228484046 -0.9300231522277987 0.36750093318445476 -2.065407171855436e-05 94.65308536612083 -1.104184594978254e-05 2.8258157720666293e-05 0.999999999539777 0.495734998091920
1615317814303437 0.3659736608044151 0.9306252087695341 -1.994601602416229e-05 -70.32297971503914 -0.9306252088866674 0.3659736603735188 -2.225359858375116e-05 94.72815164451914 -1.3410043333675244e-05 2.6706496268769834e-05 0.9999999995534674 0.4960499898113873
1615317814552820 0.3735507456564091 0.9276097454550267 -2.3540786522150514e-05 -73.20300648776556 -0.9276097457242765 0.37355074532200466 -1.7449513961183815e-05 94.11773029303566 -7.392660853048632e-06 2.8354941951566964e-05 0.9999999995706732 0.49530349014060
1615317814803449 0.378977458598338 0.9254059030522528 -2.1636929608613825e-05 -75.90452849618575 -0.9254059033001744 0.37897745856974585 -5.565295364192047e-06 93.63854062485247 3.0497514120791094e-06 2.2132063882621592e-05 0.9999999997504356 0.494298457950933
1615317815053459 0.3852590596419786 0.9228084615130278 -1.7930550426570116e-05 -78.76298936927068 -0.9228084616841506 0.38525905961813806 -4.903750607521384e-06 93.07615707092027 2.3826844420109405e-06 1.843567800410689e-05 0.9999999998272247 0.4945136417407988
1615317815304088 0.39422916568851424 0.9190121678292351 -1.732383145179294e-05 -81.87027620144072 -0.9190121679770811 0.39422916572110317 -1.63564507450244e-06 92.2524610531694 5.3263818946275355e-06 1.6565630893302388e-05 0.9999999998486047 0.494242389809731
1615317815554715 0.4055761514889029 0.9140612588610474 -1.97629755839155e-05 -85.19950060562604 -0.914061258999952 0.4055761516374388 4.019359466619377e-06 91.16262183064944 1.1689332356128387e-05 1.643441399993383e-05 0.9999999997966351 0.493495766276155
1615317815804720 0.4188153381781964 0.9080714244956525 -2.277909216607105e-05 -88.66434860123199 -0.9080714247254592 0.418815338298986 5.89968764427578e-07 89.84351091728891 1.0075966968021016e-05 2.0437954709654013e-05 0.9999999997403828 0.4935265467038969
1615317816054759 0.43572959263005967 0.900077619809225 -2.056137510321026e-05 -92.50292245783446 -0.900077620007352 0.43572959270494993 -9.202997213424971e-07 88.0930142166138 8.13085841649661e-06 1.8907835389696252e-05 0.9999999997881917 0.493819189359780
1615317816304726 0.45294687892035507 0.891537505955183 -1.868926455229322e-05 -96.34952629830867 -0.8915375061510344 0.4529468788270757 -9.196315158823114e-06 86.23077275968534 2.6638416586030685e-07 2.082762255955181e-05 0.99999999978307 0.4946824714719832
1615317816554107 0.47185060466647416 0.8816785165581641 -1.7704391094414116e-05 -100.29544608016266 -0.8816785167357051 0.4718506045852154 -8.778446428704267e-06 84.07697511563343 6.140600167684838e-07 1.9751696535292322e-05 0.9999999998047471 0.494688373929603
1615317816804107 0.49387167580306496 0.8695347994678085 -1.875414096590281e-05 -104.52415714518924 -0.8695347996671178 0.4938716756304838 -1.3250326081674514e-05 81.455230430082 -2.2594806084762456e-06 2.2851338954659854e-05 0.9999999997363558 0.4948964901741748
1615317817053480 0.5161467511646316 0.85650016399542 -1.8324354495647137e-05 -108.71340877965856 -0.8565001641764101 0.5161467509107045 -1.6966824187774435e-05 78.66687950632542 -5.074031663857362e-06 2.4452183816104376e-05 0.9999999996881725 0.495164551909898
1615317817303491 0.5413467036351226 0.8407994684485384 -1.7827214700806657e-05 -113.06022339375923 -0.8407994685982723 0.541346703283271 -2.1141537459599696e-05 75.34769631923044 -8.125089551229688e-06 2.6434014260617323e-05 0.9999999996176132 0.495445486977731
1615317817552871 0.5658694560968801 0.8244948504165723 -1.7057029475081897e-05 -117.3167997352848 -0.824494850570899 0.5658694558091065 -1.9030077472144953e-05 71.92843406212289 -6.038148892040932e-06 2.4831972556940675e-05 0.9999999996734572 0.49526203649663
1615317817803500 0.5896790020633413 0.8076377122813239 -1.4977941162490286e-05 -121.43148816579004 -0.8076377124116163 0.5896790018701116 -1.554888500433989e-05 68.41786929298168 -3.7256885186722378e-06 2.126560112971372e-05 0.9999999997669469 0.4951662487114966
1615317818054139 0.6125987742832295 0.7903940418757407 -1.7657347518475047e-05 -125.34856856140283 -0.7903940420683341 0.6125987742033052 -1.0259421663073642e-05 64.84452547948183 2.7078836899213207e-06 2.0241171413031682e-05 0.9999999997914812 0.4943976797451964
1615317818304129 0.6325775351392957 0.7744970379227422 -1.6845152000745912e-05 -128.97888525692218 -0.7744970381057459 0.6325775350045688 -1.306665620583254e-05 61.56690105209102 5.357782024382071e-07 2.13121935062645e-05 0.999999999772752 0.4946210523640422
1615317818554756 0.6516231390735805 0.7585428691811341 -1.536598311732615e-05 -132.45546856031572 -0.7585428693334426 0.6516231389970265 -1.0238015386560787e-05 58.27445600033053 2.2468565866499825e-06 1.8327084648061092e-05 0.999999999829535 0.494582380671303
1615317818804762 0.6645616400410073 0.7472334483879616 -1.3928727295769e-05 -135.43732834373537 -0.74723344848116 0.6645616397084385 -2.2287945451826988e-05 55.95808790119431 -7.397800486740054e-06 2.5219724512838098e-05 0.9999999996546192 0.495425892450455
1615317819054769 0.6736417068300312 0.7390580833943261 -1.3652669416193475e-05 -138.0791449516037 -0.7390580835151316 0.6736417066403148 -1.6230606561612653e-05 54.24617163373095 -2.7983534520384666e-06 2.102372920069599e-05 0.9999999997750861 0.4950796118327736
1615317819304140 0.6842976230737583 0.7292028269507278 -1.4847192587722657e-05 -140.75082331312828 -0.7292028270990593 0.6842976229858864 -1.11522392007512e-05 52.18180959716461 2.0276542437783083e-06 1.845806558651681e-05 0.9999999998275946 0.494595152114094
1615317819554147 0.6934901077823918 0.720466147812804 -1.6171347668606623e-05 -143.25828875470322 -0.7204661479917422 0.693490107545524 -1.822651123891296e-05 50.35060726424289 -1.9169147065126226e-06 2.4290813806261223e-05 0.999999999703141 0.494741279836800
1615317819803534 0.7018753323556559 0.7122998087814675 -1.5436638243585884e-05 -145.64638257384436 -0.712299808884967 0.7018753318380158 -2.8591647467356085e-05 48.644508689386335 -9.5312294340859e-06 3.106328653954826e-05 0.9999999994721143 0.4953341267047391
1615317820053540 0.7092620552876482 0.704944917511347 -1.420663576657452e-05 -147.93940786617074 -0.7049449175853307 0.7092620547917173 -2.8302111522302926e-05 47.101557605321446 -9.875201997030672e-06 3.0088509466988667e-05 0.9999999994985813 0.4954593390573181
1615317820302909 0.7170547192495286 0.6970168788976169 -1.1470486547443136e-05 -150.21733266336457 -0.6970168789879302 0.7170547190920156 -1.5217196920272501e-05 45.40455189133548 -2.3816765938185003e-06 1.8906685599244858e-05 0.9999999998184326 0.495189156103499
1615317820553541 0.7236559229670031 0.6901609269253297 -9.90514988971124e-06 -152.37627296048663 -0.6901609269921185 0.7236559228373708 -1.3911868335273124e-05 43.93105302592277 -2.4335075612592114e-06 1.690355335027423e-05 0.9999999998541742 0.495343451471807
1615317820803543 0.7321615654940192 0.6811310019844747 -1.2113616035489272e-05 -154.5480166474642 -0.6811310020802831 0.7321615652602612 -1.8934647457489744e-05 42.001896662751754 -4.0278513174461385e-06 2.211418055367101e-05 0.9999999997473699 0.49519121139453
1615317821054177 0.7443671154190923 0.6677706172287576 -1.5695587472690992e-05 -156.85922787752048 -0.6677706173816979 0.7443671149499773 -2.721177736939467e-05 39.17283481686502 -6.4879462053747e-06 3.073660436275879e-05 0.999999999506584 0.494912648022713
1615317821304178 0.7645611169159318 0.6445512378806096 -1.5639825199490544e-05 -159.49000284849498 -0.6445512380522642 0.7645611164875832 -2.6044593551875523e-05 34.29346955485493 -4.829472797776369e-06 2.9993352230963027e-05 0.9999999995385376 0.4947220615522902
1615317821554805 0.7943879723158968 0.6074106924283669 -1.2700294647536481e-05 -162.39570533027373 -0.607410692559976 0.7943879720997683 -1.85686592881068e-05 26.610522637475768 -1.1898408855319886e-06 2.2465014368129952e-05 0.999999999746954 0.4947592985489709
1615317821804809 0.831554964251409 0.5554424734361584 -1.1389813559960318e-05 -165.14546417822476 -0.5554424735313455 0.8315549638634463 -2.586911165016242e-05 16.153491955146396 -4.897547357309099e-06 2.783797443033389e-05 0.9999999996005309 0.494891616490185
1615317822054184 0.8718909391056653 0.4897001023295193 -9.036965059116257e-06 -167.20386047416653 -0.4897001023672779 0.8718909386240566 -2.974065268913376e-05 3.3415015843124434 -6.6847527175247516e-06 3.0356008317350788e-05 0.9999999995169135 0.494960842518343
1615317822303595 0.912612092777402 0.40882657456025634 -6.895280701940826e-06 -168.05457044530047 -0.4088265745738928 0.9126120922993558 -3.0148576459983213e-05 -11.822396979198242 -6.032822693626802e-06 3.033292944757246e-05 0.9999999995217594 0.4948628142241733
1615317822553568 0.9493210447202556 0.31430805594500405 -4.133083490696178e-06 -167.1581140422278 -0.3143080559365593 0.9493210443326271 -2.7538310728314535e-05 -28.806885829500576 -4.731889773334915e-06 2.744175934748005e-05 0.9999999996122797 0.494894686717841
1615317822803571 0.9782752267303177 0.20731034889166242 -2.435182564365541e-06 -164.00920110491904 -0.2073103488910381 0.9782752264514271 -2.3491548985395317e-05 -47.160997203266994 -2.4877624415681615e-06 2.3486038957018406e-05 0.9999999997211086 0.4948587687056103
1615317823053573 0.9963438421757972 0.0854338817594543 1.9103760031138512e-06 -157.9885394496733 -0.08543388166471594 0.9963438417384967 -2.985364692603386e-05 -66.98131279336884 -4.453904307684713e-06 2.9581286443925156e-05 0.9999999995525553 0.49468184724877
1615317823304208 0.998840889228546 -0.04813395847402458 6.672015751674813e-06 -148.65578377001393 0.04813395864680116 0.9988408888287433 -2.874998570967739e-05 -87.46619314289566 -5.280431525415667e-06 2.90378118219089e-05 0.9999999995644615 0.494849309983584
1615317823554840 0.9815247232449239 -0.19133535342830119 1.3609191186680787e-05 -135.55051970124006 0.19133535373663305 0.9815247229088271 -2.6962843172237058e-05 -107.96311329797439 -8.1988124807466e-06 2.9068616592364206e-05 0.9999999995438977 0.495295074303887
1615317823805463 0.9398634262176111 -0.34155049364150986 1.869495737909395e-05 -118.17086030035964 0.34155049407642685 0.939863425758744 -3.0248201215209576e-05 -127.71367983629507 -7.239418629922567e-06 3.48144499606916e-05 0.9999999993677726 0.494698681483483
1615317824055470 0.8731952180457566 -0.4873706092823986 1.9684874200716292e-05 -97.23596307404314 0.4873706096387995 0.8731952177845776 -2.227590674556752e-05 -144.96813670372066 -6.332115771865481e-06 2.9045044387793802e-05 0.999999999558145 0.4950049192157726
1615317824304850 0.7816868254888504 -0.623671152498136 1.9914259710252134e-05 -73.16814812887749 0.6236711528070358 0.7816868252509365 -1.9576064376468122e-05 -158.92043236524668 -3.3576878190875443e-06 2.7722300928860288e-05 0.9999999996101001 0.4946535728638375
1615317824553599 0.6674634999884949 -0.7446425154056185 2.0767020240085896e-05 -46.711612516674684 0.7446425156928802 0.6674634997964638 -1.6118383658616304e-05 -168.84581360589547 -1.858794257971032e-06 2.6222438966018473e-05 0.9999999996544646 0.494540062175979
