1625007198668093 0.9999727208254475 0.007386311999347236 0.0 0.0 -0.007386311999347236 0.9999727208254474 0.0 0.0 0.0 0.0 1.0 0.494999999999999
1625007198918727 0.9999669368316105 0.008131717100805232 2.0453993152133743e-05 -0.0035020097136936887 -0.008131716163030512 0.9999669360123219 -4.55207677267337e-05 0.006268885656463421 -2.0823478866968872e-05 4.535293659931224e-05 0.9999999987547472 0.4950103843010651
1625007199168729 0.9999444943906733 0.010536037888619216 6.415430116402092e-06 -0.028085057478539024 -0.010536037725884054 0.9999444941031307 -2.4892570870193577e-05 0.013164022221266976 -6.677343092048133e-06 2.482359597920095e-05 0.9999999996696014 0.495006791960510
1625007199418105 0.9999881778145552 0.004862532241318904 3.0158463775611144e-06 -0.02204036182570911 -0.004862532203673463 0.9999881777428169 -1.2366726393585434e-05 0.023838030183849616 -3.0759443292653037e-06 1.2351915541747911e-05 0.9999999999189846 0.495006255549146
1625007199667486 0.9999907084853353 0.0043107934798267585 5.82203537799415e-07 0.0054784484697366015 -0.004310793480316036 0.9999907084851481 8.418022606622173e-07 0.02629360774713865 -5.785692925513415e-07 -8.443041982610025e-07 0.9999999999994764 0.494994809413191
1625007199916866 0.9999875639399385 0.0049871798873375416 -7.863042245579366e-08 0.005643615814099744 -0.0049871798870131535 0.9999875639331244 3.6929558792573496e-06 0.027263528523754257 9.704687988880765e-08 -3.6925178093830934e-06 0.9999999999931781 0.494994309500168
1625007200166884 0.9999820142738385 0.005997593282354222 -1.1931017969548628e-06 0.01884221681537386 -0.005997593269800295 0.9999820142219787 1.026119200184313e-05 0.013106753191805697 1.2546227943135842e-06 -1.0253851707568886e-05 0.9999999999466425 0.4949828827422891
1625007200416871 0.9999891373981818 0.00466101701169796 -1.9555712563528115e-06 0.02015541731993664 -0.004661016996790201 0.9999891373715882 7.559746540336797e-06 0.0021108806052221566 1.9907861209419554e-06 -7.550549470972861e-06 0.9999999999695133 0.49499010962872
1625007200667503 0.9999761738091411 0.006903029161043749 -4.4702583402451586e-07 0.0023401897722292275 -0.006903029161636419 0.9999761738083414 -1.3381747112786688e-06 0.0017120907236301722 4.3777772404807155e-07 1.3412286600437668e-06 0.999999999999005 0.495008136006937
1625007200918130 0.9999683458329179 0.007956590313717775 7.245350118751293e-07 -0.0019968213266164385 -0.00795659031211845 0.9999683458308078 -2.184113962509098e-06 -0.0012176750988599203 -7.41890177320995e-07 2.1782799979494224e-06 0.9999999999973526 0.495005151330990
1625007201168771 0.9999782020451554 0.006602683669989483 8.125438312168479e-07 -0.0007690242994096378 -0.006602683669054938 0.9999782020448332 -1.1474768890514616e-06 -0.004964546448631173 -8.201025463418605e-07 1.1420869065197205e-06 0.9999999999990117 0.495003574638980
1625007201418773 0.9999888661919871 0.004718844014430613 9.99334248436291e-07 -0.011984036777768034 -0.00471884400413574 0.9999888661418825 -1.0065000643961614e-05 0.008968199962890876 -1.0468182900367108e-06 1.0060172879772916e-05 0.9999999999488487 0.4950269614862302
1625007201668764 0.9999631727731313 0.008582138133766022 5.598608310038173e-07 -0.00604550473535038 -0.008582138132776279 0.9999631727717704 -1.7468758573841444e-06 0.005383896095455487 -5.748321427931374e-07 1.7420067218077085e-06 0.9999999999983178 0.4950028722119415
1625007201918145 0.9999819004440775 0.0060165422356953146 1.2426797812272162e-06 -0.01924836646118348 -0.006016542224741795 0.9999819004076101 -8.637696214023968e-06 0.023681157067707265 -1.294626353322903e-06 8.630063240202053e-06 0.9999999999619231 0.495019684581668
1625007202167527 0.9999587355213565 0.009084451094847667 7.761608020738049e-07 -0.0003917880123337726 -0.009084451091791743 0.9999587355142588 -3.8539649437892275e-06 0.028241852190285865 -8.111399302522242e-07 3.846754917097929e-06 0.9999999999922724 0.495006742983078
1625007202416902 0.9999864009373736 0.005215164240901893 1.622786317056624e-07 0.012672734171665742 -0.005215164242255534 0.9999864008881385 9.923757801994591e-06 0.014786937698926635 -1.1052239803596672e-07 -9.92446915793027e-06 0.9999999999507465 0.4949811957964546
1625007202666910 0.9999933971723359 0.0036339519824821094 -1.5771461089166987e-06 0.015317941660370394 -0.0036339519788561297 0.999993397170957 2.2958712885337256e-06 0.016156167741334607 1.5854787813145623e-06 -2.290124856072963e-06 0.9999999999961211 0.495001960638816
1625007202916914 0.9999786702998871 0.006531381230038005 -1.5049969825569757e-06 -0.012577862215693883 -0.006531381229758626 0.9999786703010033 1.904597541692122e-07 0.012764137195161852 1.5062088466911886e-06 -1.8062598267729097e-07 0.9999999999988496 0.495003637204031
1625007203167536 0.9999252663859619 0.012225450470576334 1.2338254161806402e-06 -0.1242963277547797 -0.012225450447577757 0.9999252662393201 -1.718563864491413e-05 0.04170027234657099 -1.4438353818287417e-06 1.7169270228580524e-05 0.9999999998515661 0.495041957428456
1625007203417542 0.9997325988962721 0.02312424453818289 4.0510554868010074e-06 -0.21573239209211179 -0.02312424450587674 0.9997325988744243 -7.84789777737139e-06 0.05000913501374557 -4.231448937328078e-06 7.752121643277446e-06 0.9999999999609999 0.495012155659452
1625007203668798 0.9994928593593047 0.03184374458066915 4.3139120532757904e-06 -0.30444605441145733 -0.031843744574238685 0.9994928593676154 -1.5512218408645118e-06 0.05917828588498329 -4.361121005287225e-06 1.413064039689177e-06 0.9999999999894922 0.495006630785774
1625007203919427 0.9989419488209653 0.045988942641361774 6.186202563282138e-06 -0.5603259264608038 -0.04598894276233897 0.9989419486119376 2.1089219718529247e-05 0.04075442148585292 -5.209786327098396e-06 -2.1351403160387805e-05 0.9999999997584881 0.4949614883477382
1625007204169432 0.9976283504961998 0.0688307653667893 4.797997328698275e-06 -0.8995039246666815 -0.06883076549639403 0.9976283498318779 3.647838204603122e-05 0.017180780691324338 -2.2757832019616317e-06 -3.6722117938418267e-05 0.9999999993231536 0.494935255385135
1625007204418807 0.9953429582716845 0.09639707157133243 3.034843269238015e-06 -1.354050542825632 -0.09639707161465322 0.9953429580350116 2.1725560298536144e-05 0.009981694396152145 -9.264294857527839e-07 -2.191693346166775e-05 0.9999999997593951 0.494940893095039
1625007204668192 0.9924400313599977 0.12273053468920578 2.614538350637077e-06 -1.9986937682259382 -0.12273053469860047 0.9924400313550028 3.8005690754959385e-06 0.02946685151609672 -2.1283266479309915e-06 -4.092720582243851e-06 0.9999999999893601 0.4949814113987653
1625007204917572 0.9891769941505533 0.14672721021522533 4.8477802835533515e-06 -2.658817389651191 -0.14672721029271207 0.9891769937897307 2.673194097298596e-05 0.016592342190003717 -8.730096048360859e-07 -2.7153922296646694e-05 0.9999999996309514 0.4949061459905786
1625007205166949 0.985258151612663 0.17107417863011806 9.197642567420896e-06 -3.484657770973818 -0.17107417887501952 0.9852581504569436 4.773015419830059e-05 0.0013819481147110892 -8.966553791800365e-07 -4.860000265152099e-05 0.9999999988186181 0.494866122215836
1625007205416324 0.9825684912326781 0.18590094141180713 4.087750365361376e-06 -4.385292056059072 -0.1859009414336975 0.9825684912195808 5.857408430830716e-06 0.019951441620006526 -2.9275969674570686e-06 -6.515221605696073e-06 0.9999999999744908 0.49493643730409
1625007205666956 0.981792156034243 0.18995831735237698 4.006751514624944e-06 -5.3612234057311285 -0.18995831731246227 0.9817921560115527 -8.704732623310034e-06 -0.0070526218017165805 -5.587333570284966e-06 7.785122434351236e-06 0.999999999954087 0.4949528468839430
1625007205917585 0.9818440273417159 0.18969002600868892 1.997527360299667e-06 -6.34215304839864 -0.18969002598531737 0.9818440273109199 -8.563334112434589e-06 -0.045993151133503926 -3.5856393786171956e-06 8.028947435561772e-06 0.9999999999613398 0.494950893163116
1625007206168217 0.9832721302993047 0.18214257537544246 3.167915286360869e-06 -7.345706675017181 -0.18214257539946016 0.9832721302398238 1.0874668003140709e-05 -0.16459663930478005 -1.134182775596911e-06 -1.1269770222676102e-05 0.9999999999358531 0.494925118526975
1625007206418875 0.984811012636731 0.1736296903380573 4.504936949382202e-06 -8.545226550371126 -0.17362969039181048 0.9848110124693343 1.8202637183684338e-05 -0.31563688616716307 -1.275993260695331e-06 -1.8708348365320817e-05 0.9999999998241851 0.4949034098368425
1625007206668847 0.9856402722668648 0.16885867962122902 -2.0755462727380187e-07 -9.681400683035795 -0.1688586796107889 0.9856402721906848 -1.2399244620013454e-05 -0.3964149107214204 -1.8891458755197277e-06 1.225624224350945e-05 0.999999999923108 0.494906700590274
1625007206918224 0.9863633816604799 0.16458213545384492 -2.553818525097733e-06 -10.725895574430467 -0.16458213547339093 0.9863633815121409 -1.710908504593664e-05 -0.4911604071554424 -2.968566763386182e-07 1.7296087889537524e-05 0.9999999998503788 0.4948746094274193
1625007207167606 0.987828151731125 0.15554916468432498 3.353439353942541e-06 -11.97377484506262 -0.15554916456662346 0.9878281514833837 -2.3180045875552738e-05 -0.6169349202061358 -6.918258571418692e-06 2.237627718440931e-05 0.9999999997257203 0.494926244833030
1625007207416978 0.9874001851651796 0.15824308601196882 7.933820390533714e-06 -13.44150495263502 -0.15824308594435219 0.9874001851710293 -8.531874822234819e-06 -0.6270430576177215 -9.183965924085435e-06 7.16890255737052e-06 0.999999999932131 0.4949800324538538
1625007207666988 0.9892946111965585 0.14593208086513562 5.439613736054242e-06 -14.768677927140178 -0.14593208082936002 0.9892946111955686 -6.47990454115429e-06 -0.8452726582411456 -6.327006509576071e-06 5.616720492234221e-06 0.9999999999642109 0.4949521861459171
1625007207917617 0.992026659652188 0.12602819735177945 3.057899089182006e-06 -16.169685851753513 -0.1260281973377055 0.9920266596488124 -4.4266699141081104e-06 -1.1905309935317268 -3.591402648538793e-06 4.005993058434229e-06 0.9999999999855271 0.4949153744093931
1625007208168248 0.9935540821457008 0.11335910105498055 7.575474032324232e-06 -17.78923243039845 -0.11335910104733801 0.993554082174421 -1.4321114753361684e-06 -1.4585671791334391 -7.688986018693858e-06 5.641312760974779e-07 0.9999999999702809 0.4949876415045232
1625007208418873 0.994537026772739 0.10438439704632782 5.392776456673957e-06 -19.4191040530541 -0.10438439693689862 0.9945370266421659 -1.7653532787344643e-05 -1.6503415116678894 -7.206069238327033e-06 1.699417029215333e-05 0.9999999998296356 0.494963341602224
1625007208668882 0.9957801320198553 0.09177106664017455 1.0900518249521959e-07 -21.016338015833806 -0.09177106657287966 0.9957801313337635 -3.71316093189548e-05 -1.899025870456913 -3.516152588215699e-06 3.696491530796148e-05 0.9999999993106161 0.4948899806514922
1625007208918888 0.9967943748835234 0.08000608850733723 -2.989018839258511e-07 -22.608649233936404 -0.08000608845958035 0.9967943741447709 -3.847725874052914e-05 -2.143208886984768 -2.7804712520021305e-06 3.8377829044149136e-05 0.9999999992597057 0.494865119615626
1625007209167636 0.9972325573101671 0.07434532012459172 3.736767425064554e-06 -24.281020108615326 -0.07434532008141936 0.9972325572640166 -1.0603227774147574e-05 -2.303425145890444 -4.51472649843104e-06 1.0296072778692121e-05 0.9999999999368043 0.4949638649820082
1625007209417022 0.9978747106640711 0.0651618123407168 5.228512091337861e-06 -25.968866852383922 -0.06516181234695827 0.9978747106768273 1.0322230153410483e-06 -2.564227999306126 -5.150138468006136e-06 -1.3707285665268697e-06 0.9999999999857989 0.4949867214232755
1625007209667021 0.9984879167220961 0.054971630473942296 8.788866942343488e-07 -27.60151337774902 -0.05497163046868102 0.9984879167093395 -5.1793358732092024e-06 -2.8603355582964527 -1.1622742820747061e-06 5.123190451476821e-06 0.9999999999862013 0.4948778121152855
1625007209917026 0.9990329187190509 0.04396848090532351 -5.829084945440524e-07 -29.235469661946663 -0.04396848090911984 0.9990329186064767 -1.499788024152815e-05 -3.1884496540756517 -7.708923643531624e-08 1.5009005673340288e-05 0.9999999998873621 0.494821759354389
1625007210167655 0.999408896898156 0.03437814406066931 3.085815924197486e-06 -30.901598213989555 -0.03437814396408037 0.9994088965350816 -2.7237527940522808e-05 -3.4826813241158874 -4.0203675471173935e-06 2.711534312924243e-05 0.9999999996242976 0.494892123880813
1625007210418279 0.9996422210383592 0.02674752121414661 4.9155304702418935e-06 -32.61427745275218 -0.02674752112737029 0.9996422209091629 -1.694416710827752e-05 -3.7551416977283023 -5.366986265415941e-06 1.6806626586696145e-05 0.9999999998443665 0.4949712458368434
1625007210668914 0.9997856048153052 0.02070614371226739 3.7985017553610925e-06 -34.32363220059808 -0.02070614369816192 0.9997856048159076 -3.7159123253381444e-06 -3.996240250287284 -3.874629589517281e-06 3.6364633284527207e-06 0.999999999985882 0.494965999077942
1625007210918914 0.9999037417942148 0.01387469310930626 5.900699236752965e-06 -36.108631121248735 -0.013874693018580485 0.9999037416981419 -1.5148041440559483e-05 -4.255297791196923 -6.110305671672889e-06 1.5064712926798065e-05 0.9999999998678595 0.495002176728579
1625007211168295 0.9999594950428796 0.00900045626443161 7.641253261582474e-06 -37.87172259563171 -0.009000456208607847 0.9999594950458673 -7.308797214411996e-06 -4.480589729441818 -7.706726262661137e-06 7.239726406550188e-06 0.9999999999440965 0.495066879261225
1625007211418296 0.9999828590096613 0.0058550515763074575 7.461226532706327e-06 -39.703345112113894 -0.005855051370928276 0.999982858667221 -2.725699744987766e-05 -4.613835691764357 -7.620689763240441e-06 2.721284437336942e-05 0.9999999996006934 0.4950198021016472
1625007211667677 0.999997004610345 0.002447597305333695 5.9611882108826735e-06 -41.50774864658473 -0.0024475970613432366 0.9999970038045736 -4.059886966928339e-05 -4.752623462214848 -6.060540034014211e-06 4.058415747319261e-05 0.9999999991580983 0.494934336307130
1625007211917058 0.9999999631327906 -0.00027148207160563454 5.447014513373788e-06 -43.25787891420598 0.0002714823429208162 0.9999999619039871 -4.987112608922187e-05 -4.8628422456332325 -5.433475189252415e-06 4.987260301898599e-05 0.9999999987416006 0.494845756897953
1625007212166438 0.999998566627304 -0.0016931323832057178 6.621027701744793e-06 -45.13822566233087 0.00169313255263264 0.9999985663195154 -2.5667886193336667e-05 -4.942461555202034 -6.577559079999041e-06 2.567905967928044e-05 0.999999999648661 0.4949905100720205
1625007212416439 0.9999995550442152 -0.0009433205826637586 7.444268319468837e-06 -47.07563475714196 0.0009433205016203598 0.9999995550127836 1.08826993694884e-05 -4.9529723909044305 -7.4545308811914e-06 -1.0875672196267342e-05 0.9999999999130751 0.4951915161922477
1625007212666447 0.999998832847707 -0.0015278138032041105 9.272207064532965e-06 -49.088480866291754 0.0015278135955511625 0.9999988326410012 2.2361118486973954e-05 -5.042075666713926 -9.306359866038875e-06 -2.234692618417917e-05 0.9999999997070035 0.4953533386630486
1625007212917070 0.9999993158938 -0.001169680005480718 7.640950455856439e-06 -51.12382467626847 0.0011696798948234368 0.9999993158184225 1.4470589743684575e-05 -5.087307443711665 -7.657871187566585e-06 -1.4461642378171209e-05 0.9999999998661091 0.4952713661677956
1625007213167701 0.9999999999117087 1.1737534279077038e-05 6.0481815923980726e-06 -53.19711755723487 -1.1737601431833851e-05 0.9999999998683592 1.110305411978117e-05 -5.0931297433577685 -6.048051269136932e-06 -1.1103125109970642e-05 0.999999999920071 0.495195940191321
1625007213418326 0.9999976152540999 0.0021839145683176455 1.0194065607941245e-06 -55.221660433247635 -0.002183914547994655 0.9999976150639778 -1.9528724262417635e-05 -5.018029436707556 -1.0620531949944692e-06 1.9526451394597667e-05 0.9999999998087952 0.4948009649515233
1625007213668956 0.9999885209750755 0.004791441192353897 -2.673739038328718e-06 -57.2244048903888 -0.004791441325914113 0.9999885196047061 -5.240778815840646e-05 -4.88793445458715 2.422599507769113e-06 5.2419997631940024e-05 0.9999999986231376 0.494514545251964
1625007213919587 0.9999710263221169 0.007612259851703763 3.742969912150353e-06 -59.27846804400542 -0.007612259694215748 0.9999710255130448 -4.0429008479366354e-05 -4.768856907445093 -4.050617579636597e-06 4.039934464338696e-05 0.9999999991757429 0.4949230346839782
1625007214170216 0.9999215218956815 0.012527966920089105 9.614621420571674e-06 -61.41338713748451 -0.012527966940940539 0.9999215219394147 2.111568215411073e-06 -4.544632358843264 -9.587413226998543e-06 -2.2318541628519844e-06 0.9999999999515503 0.495419968455916
1625007214419597 0.9998626476856993 0.016573645364819464 6.327069346758007e-06 -63.48312272110879 -0.016573645337319944 0.9998626476966053 -4.3742953992243025e-06 -4.330178597693318 -6.398698329891499e-06 4.268831976259495e-06 0.999999999970417 0.4952024805216978
1625007214668974 0.999753516466727 0.022201493227453257 2.9415799461192434e-06 -65.52409606587179 -0.022201493196848884 0.9997535164211453 -1.0057462921150706e-05 -4.021889666681169 -3.1641455899029752e-06 9.989676455014691e-06 0.9999999999450975 0.4949731619542956
1625007214918350 0.9996687230013884 0.025737992258209653 2.2487990927066966e-06 -67.50607564189833 -0.025737992244382488 0.9996687229864162 -5.975277342568358e-06 -3.8430969578180476 -2.4018457592481282e-06 5.915418297030399e-06 0.9999999999796196 0.4949280254712858
1625007215167104 0.9995891174750902 0.02866349964014925 3.3936724463203623e-06 -69.4834150315221 -0.028663499586361118 0.9995891173704575 -1.4959275207430408e-05 -3.689613401594779 -3.821063224795346e-06 1.48558541739342e-05 0.9999999998823517 0.4949905525562779
1625007215417109 0.9994652782479967 0.03269797460324522 5.591785180597846e-06 -71.5006063148357 -0.03269797449270027 0.9994652780898085 -1.8833591027656013e-05 -3.454441384205036 -6.204615411668738e-06 1.8640680247702962e-05 0.9999999998070142 0.495138284944708
1625007215666487 0.9993174683429228 0.03694045789392738 5.748563531689998e-06 -73.4748014268862 -0.03694045780475602 0.9993174682514687 -1.491366121271505e-05 -3.205065112893136 -6.295557428657818e-06 1.4691127598266899e-05 0.9999999998722686 0.495166375245477
1625007215917120 0.9991851007453636 0.040362537461045137 3.993831620735408e-06 -75.4364794245327 -0.040362537424864724 0.9991851007164148 -8.759117517469584e-06 -3.00762202179767 -4.344117259143173e-06 8.590778540891966e-06 0.9999999999536637 0.495048153449214
1625007216167748 0.9990455578096461 0.04368035487222956 4.1007851373125394e-06 -77.40645399870444 -0.04368035483891433 0.9990455577883657 -7.889677590117492e-06 -2.8100684129189175 -4.441495091850364e-06 7.70302359905844e-06 0.9999999999604685 0.4950654310048886
1625007216418370 0.9988240043613753 0.04848307208031492 5.561464491981684e-06 -79.41175206022892 -0.048483071954073316 0.9988240041633532 -2.0946353331517387e-05 -2.4766373578940093 -6.570467791299817e-06 2.0652083628265772e-05 0.9999999997651605 0.495169389920080
1625007216668377 0.9985818120198828 0.05323875163068865 5.06561174911426e-06 -81.42441692211413 -0.05323875150107677 0.9985818117752444 -2.2979215375344225e-05 -2.1429003107495417 -6.281812498230578e-06 2.267693968324499e-05 0.9999999997231479 0.4951417111795685
1625007216919008 0.9981397655442776 0.06096727345139021 2.2103165412984847e-06 -83.41293508913863 -0.06096727336149651 0.9981397651278151 -2.9107080542038958e-05 -1.549255898719975 -3.980784172176783e-06 2.891817757518496e-05 0.9999999995739464 0.4949150163426248
1625007217169639 0.9968582080648385 0.07920677377182091 -4.316019286455022e-07 -85.36491388553111 -0.07920677375091395 0.9968582076434436 -2.9045484390776984e-05 -0.05914716872005165 -1.8703531862323557e-06 2.8988415318542592e-05 0.999999999578087 0.494730901277357
1625007217419034 0.9943641399213244 0.10601866456366281 -6.556361306623491e-07 -87.28859053527232 -0.1060186645191129 0.9943641392821444 -3.5791497895737866e-05 2.2313087023466673 -3.1426257528979413e-06 3.565929168865419e-05 0.9999999993592696 0.4948070477471915
1625007217668397 0.9889003002167877 0.1485806051570675 2.723910801231536e-07 -89.01956581332686 -0.14858060506076143 0.9889002996385775 -3.423853170962648e-05 5.959059095531767 -5.356549381870367e-06 3.3818022255209286e-05 0.9999999994138247 0.495007146655582
1625007217917778 0.9807872717015754 0.19508031080401 1.5994657151875154e-06 -90.53686779623428 -0.19508031074880963 0.9807872715644245 -1.7120958356685817e-05 10.130185374233918 -4.90869749225534e-06 1.6479993766856118e-05 0.9999999998521574 0.495065681486018
1625007218167781 0.9689717727705173 0.2471714052439526 -1.2077381947945122e-06 -91.7181943446627 -0.2471714052382907 0.9689717726843967 -1.3082592253987382e-05 14.926777171459399 -2.0633784921076227e-06 1.2975180955576277e-05 0.9999999999136937 0.4948230999780040
1625007218417155 0.953285717206002 0.3020700934424721 -4.057363233067118e-06 -92.57857402090949 -0.302070093433525 0.9532857167978437 -2.828516294562343e-05 20.137171070219154 -4.67627539608686e-06 2.8189449935876534e-05 0.9999999995917439 0.4949685669248900
1625007218667163 0.9336131976513442 0.3582825660711275 -4.299715858509181e-06 -93.07188876863306 -0.35828256595392444 0.933613196872406 -3.945789347349075e-05 25.61713351065087 -1.0122803857160324e-05 3.8378923329116944e-05 0.9999999992122937 0.495413712436566
1625007218917167 0.9105438956093043 0.41341240204643354 -7.73172789190395e-07 -93.25495897414326 -0.41341240194547135 0.9105438953422691 -2.3882429787326743e-05 31.1146839158371 -9.169284901862442e-06 2.2065639875115526e-05 0.9999999997145161 0.495447714214825
1625007219167795 0.8840765994601506 0.4673420228098091 -8.829631507349636e-07 -93.13403300551917 -0.4673420226975063 0.8840765992029777 -2.3674216403554436e-05 36.6506428424089 -1.0283349122973937e-05 2.134246651781762e-05 0.9999999997193763 0.495569545820868
1625007219418424 0.8550729099532284 0.5185077806222302 -9.802787400301626e-06 -92.5994055037233 -0.5185077807076134 0.8550729096882137 -2.146543249354427e-05 42.04530690203024 -2.7478958168992013e-06 2.3437331365390764e-05 0.9999999997215705 0.4947834768767665
1625007219669057 0.8230789343216268 0.5679269915772237 -1.0572908412237719e-05 -91.8140985892748 -0.5679269916674008 0.8230789340667758 -2.070951098527412e-05 47.416966718324964 -3.059152084978765e-06 2.3050202299870037e-05 0.9999999997296651 0.4948195619959381
1625007219918432 0.7893174319326242 0.613985334976302 -8.893435534634885e-06 -90.80436143312686 -0.6139853349892123 0.7893174315960089 -2.438508036361885e-05 52.58503324447896 -7.95233804123563e-06 2.470800800607522e-05 0.9999999996631375 0.4953065324576646
1625007220168433 0.7494249235727937 0.6620893322131766 -9.756522457990094e-06 -89.18237945419942 -0.6620893318252874 0.7494249224218306 -4.831091771626766e-05 58.17965575591826 -2.4674362163238392e-05 4.266509525248974e-05 0.9999999987854329 0.4968287115254081
1625007220417810 0.7018370266513868 0.7123375518942126 -1.342639204365645e-05 -86.70509419579169 -0.7123375518907921 0.7018370260386514 -3.232989232155257e-05 64.19926049880429 -1.3606657287019784e-05 3.2254438738094215e-05 0.9999999993872553 0.4958010359516323
1625007220667195 0.6455854260281418 0.763688062964855 -1.3521006125766908e-05 -83.34447570092567 -0.7636880630656144 0.6455854257862775 -1.8471818682269343e-05 70.6159949121164 -5.37774293215021e-06 2.2250967912442357e-05 0.9999999997379874 0.495080289116259
1625007220916574 0.586157993417961 0.8101967703602003 -6.920798796194576e-06 -79.64741743448296 -0.8101967701821645 0.5861579934397579 1.763045813133938e-05 76.68293161660158 1.8340821773400556e-05 -4.727025129558363e-06 0.9999999998206348 0.493003341510610
1625007221166579 0.5232390385545839 0.8521859588639802 -6.732084143200144e-06 -75.46788237226787 -0.8521859581988622 0.5232390384318415 3.61576603738043e-05 82.46309554376752 3.433553970973551e-05 -1.3182111874153594e-05 0.9999999993236517 0.491412789828908
1625007221416581 0.4594399604389528 0.8882088283401296 -2.8767135506253582e-06 -71.08651988108949 -0.8882088273808282 0.45943996008881255 4.51013548289641e-05 87.72423517184396 4.138109868816528e-05 -1.816624230889151e-05 0.9999999989787964 0.49075248888798
1625007221667213 0.4062962616350652 0.9137414009299911 2.3739224454258605e-06 -67.70874366366326 -0.9137413994728127 0.40629626083750703 5.7590742020482624e-05 91.70388338258617 5.165852948141409e-05 -2.556805440529199e-05 0.9999999983388357 0.4897722126115799
1625007221917212 0.3646315811778303 0.9311518726853586 2.6904470160954745e-07 -65.5077070412302 -0.9311518717400479 0.36463158079460395 4.516636762318351e-05 94.6194149730889 4.195864559996405e-05 -1.6719605520023368e-05 0.9999999989799635 0.490689167448026
1625007222168468 0.33602309741522096 0.9418537455452787 -1.891503356700026e-06 -64.61069833660059 -0.9418537450518214 0.3360230973029497 3.175781176082961e-05 96.51884842819152 3.0546802773804736e-05 -8.889838754737335e-06 0.9999999994939319 0.491812297352377
1625007222418478 0.31751233887725455 0.9482541403105291 -6.511710566082028e-06 -64.72537443994082 -0.9482541395931833 0.31751233889332536 3.7318218900855325e-05 97.69095435331661 3.7454704033867416e-05 -5.674238465836656e-06 0.9999999992824744 0.490959501000464
1625007222669104 0.30831618340030287 0.9512839381240337 -1.0884294781677386e-05 -65.81784865766765 -0.9512839374863035 0.3083161835921818 3.48349583718324e-05 98.24521252701734 3.649374061260406e-05 -3.8612661743696634e-07 0.9999999993340292 0.490920795922107
1625007222919102 0.306535675501809 0.951859170010746 -1.0434088404887937e-05 -67.77340913588574 -0.9518591700655629 0.3065356755070988 -1.1278400162382923e-06 98.33406615063916 2.1248754757363675e-06 1.0277505930725865e-05 0.9999999999449292 0.4944723462412915
1625007223168489 0.3092882368779381 0.9509683414370714 -1.0541795645963591e-05 -70.17571461314765 -0.9509683412382742 0.30928823651744264 -2.6687506817331257e-05 98.10196691895949 -2.211852071015009e-05 1.8279045849356012e-05 0.999999999588324 0.4969596878573366
1625007223417239 0.3167682973074295 0.948502949756448 -1.1046988713901755e-05 -73.07452522417277 -0.94850294906808 0.31676829657057576 -4.3528134573299756e-05 97.51909746781462 -3.7787228243117795e-05 2.4266434447264613e-05 0.9999999989916328 0.498549635758231
1625007223667248 0.3323703301236228 0.9431489614715196 -1.124612218794075e-05 -76.79710629577814 -0.9431489614844161 0.33237032995313165 -1.4679279106642694e-05 96.26751059509093 -1.0106869502304105e-05 1.5485725304969373e-05 0.9999999998290221 0.495723968092298
1625007223916617 0.3504154446202327 0.9365943711622402 -8.750964150901111e-06 -80.74798856462246 -0.9365943711691548 0.35041544467180347 5.242618167036047e-06 94.70965403851484 7.976679659661699e-06 6.359009390075196e-06 0.9999999999479678 0.493943518905464
1625007224167252 0.36808702161496315 0.9297913445673744 -9.164461088449059e-06 -84.64861831128052 -0.9297913443800118 0.36808702172546515 1.8736460907239744e-05 93.10235609141205 2.079431836718904e-05 1.624388504999916e-06 0.9999999997824791 0.4926427572028832
1625007224417878 0.3883940267132722 0.9214933965805954 -8.341181456818169e-06 -88.79805966678266 -0.9214933966130329 0.3883940267258614 -1.1959926691213478e-07 91.18279751242194 3.1294551189762714e-06 7.732795273294241e-06 0.9999999999652054 0.4944582985941774
1625007224668512 0.41010210427018934 0.9120396175519213 -9.309967521097058e-06 -93.02867818464402 -0.9120396175864757 0.41010210429741856 1.1453685621617902e-06 88.99559423022505 4.862658776743416e-06 8.02134116019431e-06 0.9999999999560065 0.4942280409785253
1625007224919135 0.43097450443769103 0.9023641041437068 -8.682129761106908e-06 -97.20653236878887 -0.9023641040059218 0.43097450452392666 1.580231318118504e-05 86.75639879161602 1.8001216749184006e-05 1.0240481505162581e-06 0.999999999837454 0.492973210159327
1625007225169142 0.45055182776939307 0.8927502732416677 -1.0879076809315847e-05 -101.16558913697729 -0.8927502729252758 0.4505518278996136 2.3789280312843496e-05 84.54077304652428 2.613947444186957e-05 -1.0060049355805602e-06 0.9999999996578581 0.492094410337014
1625007225419151 0.4690229226839531 0.8831859927951633 -1.1188924892423005e-05 -104.92554385333484 -0.8831859924099519 0.4690229228112505 2.619557113274329e-05 82.33451699391078 2.838342375393137e-05 -2.404421598944986e-06 0.9999999995943003 0.491866093051850
1625007225667900 0.48819435207481965 0.8727349393825296 -1.345314575239659e-05 -108.70350291209182 -0.8727349393086803 0.4881943522284343 1.2645194818423714e-05 79.94517789721768 1.7603653109402562e-05 5.56771765050087e-06 0.9999999998295563 0.492745937675708
1625007225917898 0.503289618217049 0.8641177929650651 -8.595923808479114e-06 -112.12191513031847 -0.8641177929977778 0.5032896181383416 -9.827504716482772e-06 77.99898558280891 -4.165882474854426e-06 1.2373971806972513e-05 0.9999999999147655 0.495097746037994
1625007226167907 0.5163173669272473 0.856397323999477 -7.322355560090601e-06 -115.30641456284847 -0.8563973240010462 0.5163173668191985 -1.2747691358190955e-05 76.23536017120408 -7.136429424642027e-06 1.2852700143536848e-05 0.99999999989194 0.4954410662735801
1625007226417909 0.5269628626729204 0.8498883110597064 -9.241644005416346e-06 -118.222360790194 -0.8498883111098874 0.5269628626374459 -6.12368690281184e-06 74.73092475355824 -3.344467387195565e-07 1.1081320796085249e-05 0.9999999999385465 0.4946747679367622
1625007226668542 0.5338149013881448 0.845601354634764 -9.673926121936886e-06 -120.74272782371273 -0.8456013546612635 0.5338149014294882 2.1515705259792213e-06 73.71327855599488 6.983456870593742e-06 7.031744625463277e-06 0.9999999999508933 0.493991425007077
1625007226919168 0.5263491646129692 0.8502685204347086 -8.171189674188502e-06 -122.0842053738396 -0.8502685204669702 0.5263491646233296 -1.000099941828524e-06 74.73497536246889 3.4505453611702222e-06 7.474107123654853e-06 0.999999999966116 0.494420514694885
1625007227169175 0.5194440448396033 0.854504467072838 -5.5682036288716845e-06 -123.45409047742254 -0.8545044670771108 0.519444044783018 -9.082296319460079e-06 75.69365105834494 -4.868492561112118e-06 9.475799611099176e-06 0.9999999999432536 0.495365401289931
1625007227418552 0.5142545385470474 0.8576376096668366 -8.15388162605238e-06 -124.8612508311822 -0.8576376097055733 0.51425453852605 -4.651626052592995e-06 76.40159903498594 2.0376118399221982e-07 9.385195356780346e-06 0.9999999999559386 0.494707112955362
1625007227667935 0.5100933239653815 0.8601190619748986 -8.434234600297125e-06 -126.37149799486811 -0.8601190619878348 0.5100933240037139 3.126740410879679e-06 76.95195481503417 6.991615791953145e-06 5.659516543643042e-06 0.9999999999595439 0.4940750107345598
1625007227917315 0.5091264178146537 0.8606917511960844 -1.0198227687642594e-05 -128.11695876168656 -0.8606917512558306 0.5091264177933309 -4.78225322003011e-06 77.05482717739275 1.07614123184181e-06 1.1212301899204358e-05 0.9999999999365634 0.4944696617663988
1625007228166688 0.5111017412793836 0.8595202207831584 -1.1127454169303074e-05 -130.0545621103152 -0.8595202208545668 0.5111017412517393 -5.4152003775098955e-06 76.71538002600073 1.032786977569686e-06 1.2331990207498062e-05 0.9999999999234279 0.4943887879674661
1625007228416690 0.5226938707997929 0.8525204498001129 -9.93530709708362e-06 -132.85037741177683 -0.852520449857891 0.5226938707702823 -5.571899679811101e-06 74.90490916344348 4.429657025934196e-07 1.1382450287256028e-05 0.9999999999351219 0.494534723162427
1625007228666696 0.5450354222495599 0.8384130177822439 -1.02118568122173e-05 -136.47538863715346 -0.8384130178434536 0.5450354222271219 -5.1091367820025264e-06 71.32093732064843 1.2822569017116282e-06 1.1346414211051173e-05 0.9999999999348075 0.494420703086014
1625007228917956 0.5856712020873749 0.8105487295497344 -8.283018977481628e-06 -141.4695064180305 -0.8105487295720216 0.5856712021141681 1.046023518503157e-06 64.43396549991711 5.698978715690734e-06 6.101164657738893e-06 0.999999999965149 0.4942045847577659
1625007229167957 0.6443571759520431 0.7647246757902708 -5.860083934417592e-06 -147.4987849962559 -0.7647246758066114 0.6443571759586119 -9.395843481288028e-07 53.6454276421524 3.057463798868167e-06 5.086778704087399e-06 0.9999999999823885 0.494643797528277
1625007229418582 0.7170991655128837 0.6969711520643411 -2.9323295479045753e-06 -153.66349852447192 -0.6969711520704411 0.717099165504602 -3.4601706773478457e-06 38.651884034936245 -3.088680715442101e-07 4.525034608521639e-06 0.9999999999897144 0.49515236888264
1625007229669213 0.7946093442580601 0.6071210669880418 -5.9029473137070945e-06 -158.6456680539711 -0.6071210670050621 0.7946093441449176 -1.3927893318605389e-05 20.111942824213674 -3.7653803590289283e-06 1.4651037848398471e-05 0.9999999998855846 0.494840465894649
1625007229919822 0.8698941309747312 0.4932384826817409 -9.762090634763431e-06 -161.29717365037254 -0.49323848277456644 0.8698941307202114 -2.1131463333198585e-05 -1.7364205151887755 -1.930865564576577e-06 2.3197174705907495e-05 0.9999999997290816 0.493918143316257
1625007230169847 0.9357619713391552 0.3526322914010759 -7.379183857272731e-06 -160.4302458923677 -0.352632291477354 0.9357619710837333 -2.1878851824494967e-05 -26.73797714842699 -8.100300208272902e-07 2.3075536026800988e-05 0.9999999997334319 0.49377798641973
1625007230419854 0.9815097360958464 0.1914122199276504 -3.032820616360041e-06 -154.99347613480361 -0.19141221993851396 0.98150973571933 -2.7279082755352464e-05 -53.19563526273339 -2.2448068261494425e-06 2.73552042430566e-05 0.9999999996233271 0.493628872466783
1625007230669232 0.999953298977644 0.009664360277557094 1.3854394901230245e-06 -143.95077091076126 -0.00966436026061322 0.9999532989096716 -1.1755224938484617e-05 -80.57435167032463 -1.4989815175412557e-06 1.1741286571136299e-05 0.9999999999299478 0.4947745220320541
1625007230917994 0.9829004508418595 -0.18413773027249558 4.767694333690657e-06 -126.80031794487462 0.18413773032053118 0.9829004507550257 -1.3256631307317462e-05 -106.96859686340663 -2.245122909663004e-06 1.3907861302105547e-05 0.9999999999007656 0.4947093785151903
1625007231167988 0.923925346157886 -0.38257280959822404 8.995511500432223e-06 -103.21085121931102 0.3825728096997526 0.9239253460028148 -1.70230240845608e-05 -130.8130271085846 -1.7986349236245017e-06 1.9169441529431454e-05 0.9999999998146489 0.494221852490045
1625007231417365 0.8224074230040264 -0.5688989633152379 1.1157582858021455e-05 -74.35851028167717 0.5688989634246389 0.8224074228501 -1.591211594928612e-05 -149.66032713566614 -1.2369269580141742e-07 1.9433779594689983e-05 0.9999999998111568 0.493951678077981
1625007231667371 0.6818502753623154 -0.7314917646597289 1.4869356841779266e-05 -41.697182605179364 0.7314917647951641 0.681850275073665 -2.0410560367424307e-05 -162.08507286197312 4.791481768136156e-06 2.4793758284444954e-05 0.9999999996811557 0.4928105839342145
1625007231917999 0.5083701801775892 -0.8611386413471781 1.681394482443357e-05 -6.83161652707249 0.8611386415062721 0.5083701800108041 -1.335223387083311e-05 -167.26628725301208 2.950416377396565e-06 2.126701514321036e-05 0.9999999997695048 0.4933634047972873
1625007232168627 0.31248163661939304 -0.9499238003359496 1.813118707896893e-05 28.087074632534645 0.9499238005085828 0.3124816365447882 -6.883914258417285e-06 -164.85886365343478 8.73530982608597e-07 1.9374342931647344e-05 0.9999999998119362 0.4938128501874125
1625007232419254 0.1043391238664008 -0.9945417773615873 1.7635601552439974e-05 61.34869922969233 0.9945417775146912 0.10433912389503447 7.08944397085501e-07 -155.1819786183668 -2.5451580360771313e-06 1.7465371878281603e-05 0.9999999998442417 0.4944632724971873
1625007232670513 -0.10511407618150818 -0.9944601704377802 1.997840510367097e-05 91.3235714500597 0.9944601706384602 -0.10511407616033766 2.1096537087605806e-06 -138.9917039812583 2.0450088506118984e-09 2.0089482449185033e-05 0.9999999997982063 0.4938894268582435
1625007232920517 -0.3036897095689027 -0.9527709903152674 1.770275559713614e-05 116.52429531713496 0.9527709904788568 -0.30368970954133456 4.290098966968033e-06 -117.67926800822528 1.2886628640697479e-06 1.816953089382947e-05 0.9999999998341038 0.49385090306689
1625007233171145 -0.4775055205034605 -0.8786287485149886 1.301812352303403e-05 135.6388739780323 0.8786287486074313 -0.4775055204935737 4.058080768497745e-06 -93.62074572110194 2.650679421723999e-06 1.3375853549896817e-05 0.9999999999070304 0.4940199972727440
1625007233420532 -0.6212920510147101 -0.7835790880492255 1.0753897796572278e-05 148.76129557863325 0.7835790881209936 -0.6212920509857996 6.2528475425714605e-06 -68.90303841437421 1.781710643009055e-06 1.231137390361847e-05 0.9999999999226281 0.4942246914901071
1625007233670528 -0.735513747355797 -0.677509798729513 8.596226801142198e-06 156.77910695088892 0.6775097987737047 -0.7355137472152578 1.4857713054669843e-05 -44.917289839288244 -3.7436031948382577e-06 1.6752080096269743e-05 0.999999999852677 0.494685969580519
1625007233919908 -0.8195477818114972 -0.5730108491844238 6.524395696430714e-06 160.48702373029673 0.5730108492215366 -0.8195477817620693 9.002909665296009e-06 -23.47961155329724 1.8828910790628125e-07 1.1116864164736558e-05 0.9999999999381901 0.4945397394058454
1625007234169287 -0.8761734316258627 -0.4819959726682552 6.504577012421491e-06 161.18762487851183 0.48199597271199623 -0.8761734315564156 1.1038075545053554e-05 -6.113282814157153 3.788296030733924e-07 1.2806448453065866e-05 0.9999999999179259 0.494379742980326
1625007234419287 -0.9118719471285476 -0.41047478850435565 6.329563714529523e-06 160.28324312487823 0.41047478855218433 -0.9118719470515412 1.1884368544126901e-05 6.8500325373321775 8.935179236985101e-07 1.3435148612105345e-05 0.9999999999093492 0.494253750040834
1625007234668670 -0.9323722439613558 -0.3614996523267066 7.476891252117321e-06 158.82580926928046 0.36149965239031556 -0.9323722435464054 2.799448003260494e-05 15.388388790522537 -3.148748927371525e-06 2.880416975519615e-05 0.9999999995802031 0.4936927557603314
1625007234918049 -0.9411507276848728 -0.33798714133307034 8.336717634197343e-06 157.45576912873537 0.33798714143483366 -0.941150727334088 2.5709807301657945e-05 19.426175683650886 -8.434764091096045e-07 2.7014507212785277e-05 0.9999999996347526 0.4935045511313704
1625007235167437 -0.9402434464427133 -0.3405029533098507 1.4372406770723737e-05 156.44291345523268 0.3405029536118668 -0.9402434457185488 3.69143936598145e-05 19.039550318745007 9.441012045667289e-07 3.960236367407807e-05 0.9999999992153805 0.4923195536648068
1625007235417428 -0.9322784770468902 -0.36174140065006904 1.6988966909861135e-05 155.6949483097916 0.3617414010403083 -0.9322784763220321 3.684878040458609e-05 15.521874508773864 2.508718749214576e-06 4.0498937568913834e-05 0.9999999991767716 0.492033765445277
1625007235666809 -0.9204077053795667 -0.3909599153208177 2.2091332098036302e-05 154.94266910899844 0.3909599159410227 -0.9204077036474438 5.649420347052267e-05 10.588736528348067 -1.753936758089838e-06 6.063452552375901e-05 0.9999999981601897 0.4911662079659
1625007235917437 -0.9036284957478694 -0.4283171035662993 2.1512468114461016e-05 154.0320865932131 0.4283171040942001 -0.9036284942008802 5.2975233914548017e-05 4.231373090681459 -3.2509195822188023e-06 5.708408897892674e-05 0.9999999983654193 0.4916267933865690
1625007236168067 -0.8836015275117706 -0.46823961839416506 1.8512699514350532e-05 152.83310062526655 0.4682396187340929 -0.8836015263550714 4.548083991349105e-05 -2.669558168036585 -4.938081577517267e-06 4.8855318982526406e-05 0.9999999987943866 0.492426157932315
1625007236418698 -0.8621462212175648 -0.5066595432120085 2.2588498239420466e-05 151.20001902446418 0.5066595437062227 -0.8621462200744691 4.450252635608472e-05 -9.411855021693286 -3.0730413010859567e-06 4.981236314363834e-05 0.9999999987546428 0.492118830242970
