0.9999806747146977592 0.006216928271891146787 0 -0 -0.006216928271891146787 0.9999806747146977592 -0 0 -0 0 1 0.4949999999999999956
0.9999824335738830561 0.00592727134338635539 -5.56096523462568342e-07 0.001839523268406794429 -0.005927271347416005268 0.9999824335455244073 -7.548374876938372255e-06 -0.001389076625664278572 5.113454887194250256e-07 7.551538413958824291e-06 0.999999999971356357 0.4949901008779576395
0.9999811003066391146 0.006148091714949886245 -1.437162817346693167e-07 0.001845514759802897387 -0.006148091715771480774 0.9999811002844204433 -6.666861551097778557e-06 -0.003685636024399756901 1.027250892720835596e-07 6.667619130339918616e-06 0.9999999999777661186 0.4949919732107704862
0.999982290809490304 0.005951308222662334523 -2.753799272328820951e-07 0.001945636324506732403 -0.005951308223750856156 0.9999822908009650124 -4.136811890915732054e-06 -0.007402363603395110264 2.507556078523155238e-07 4.138377502151485881e-06 0.9999999999914054305 0.4949931198410194577
0.9999808794739201145 0.006183905608323637081 -4.747876590425322871e-07 0.0009234184133328012141 -0.006183905607965564134 0.9999808794737522488 7.5206498937247958e-07 -0.0082970029806635065 4.794292797587581686e-07 -7.491145674265588695e-07 0.9999999999996045386 0.4950008733148463791
0.9999798802345218895 0.006343431866129322846 -7.375355458327227604e-07 -0.003423444673100975444 -0.006343431863457990073 0.9999798802284394217 3.569645458108637514e-06 -0.006028628767131742963 7.601645095359111251e-07 -3.564895131197282628e-06 0.9999999999933568695 0.4950041535402893156
0.9999781623905920069 0.006608687020112946273 -1.946824891077010296e-07 -0.001261783915741817707 -0.006608687019777279882 0.9999781623892064486 1.677321917515647406e-06 -0.005097113299550573053 2.057631332916957738e-07 -1.675998693176068447e-06 0.9999999999985743626 0.4949986762245247585
0.9999792412463425206 0.006443374785068877071 3.51217663723617253e-08 0.005532150760473811095 -0.006443374785028435463 0.9999792412457906288 -1.051459292497440367e-06 -0.008017697001576784555 -4.189598358058122852e-08 1.051211162809175902e-06 0.9999999999994465538 0.4949963215344395651
0.9999790617059244324 0.00647117855737080333 -2.242739353647902132e-07 0.0009121183593139765323 -0.006471178557672598378 0.999979061705006611 -1.371912748870505947e-06 -0.01093053346585956889 2.153913470875659097e-07 1.373335340039553604e-06 0.9999999999990337729 0.4949965578135608335
0.9999812863106369853 0.006117763537913279044 -2.262700361959802088e-07 0.002682063418561446075 -0.006117763537924929447 0.9999812863106611882 -5.064010812365322817e-08 -0.01303367114988227514 2.259559976417539873e-07 5.202342703768365789e-08 0.9999999999999731326 0.4950006623136674055
0.999980032919864481 0.006319316700316724919 -5.104977403289043554e-07 -0.001673691762006461557 -0.00631931669850335255 0.9999800329139543198 3.479021390877165238e-06 -0.0111213879277655709 5.324725851515659146e-07 -3.475725928083429841e-06 0.9999999999938179451 0.4950081696301427137
0.9999794865243941677 0.006405195750269098397 -2.06492919959840258e-07 -0.00244040799965086503 -0.006405195749802785644 0.999979486522031058 2.185112763871375695e-06 -0.01109427306418407991 2.204847590605987533e-07 -2.183745312040735923e-06 0.9999999999975913711 0.4950036394303967135
0.9999810230439744041 0.006160645594708970621 -1.261043625339917963e-07 0.004643796736512057453 -0.006160645594747007903 0.9999810230439361014 -3.031427598110813247e-07 -0.01293155770904279994 1.242344143486893371e-07 3.039138913700099905e-07 0.9999999999999461542 0.4949985321147627459
0.9999809301747712986 0.00617570149511460862 -2.743511644449700236e-07 0.007199909609390439148 -0.006175701494618685006 0.999980930173239746 1.773273300273971909e-06 -0.01033946611552001224 2.852971391845430599e-07 -1.771545173366222706e-06 0.9999999999983900656 0.4950053312628862057
0.9999803504816138222 0.006268863749560535555 -4.371910579468350629e-07 -0.001721806066413481256 -0.006268863748043163389 0.9999803504759731121 3.389880221581292532e-06 -0.00574269450030763691 4.584331645928071244e-07 -3.387072920892642031e-06 0.9999999999941587836 0.4950069095780978978
0.9999814050006949895 0.006098332154686266979 -9.134355175163066657e-10 0.001081068997933704338 -0.006098332154682434975 0.9999814050002073795 9.876253031874118283e-07 -0.005222156803869506918 6.936285675668505562e-09 -9.876013678623956482e-07 0.999999999999512279 0.4950019013280813618
0.9999799366595969463 0.006334530803341425174 5.568016863666555202e-08 -0.003404972961718764554 -0.006334530803170450829 0.9999799366560429004 -2.667041361065211848e-06 -0.00840304486459411866 -7.257350716098107024e-08 2.666635143563181743e-06 0.9999999999964418462 0.4949943631919729303
0.9999802744702600554 0.00628097703645108963 -2.897630273393023841e-07 -0.003663244403649863496 -0.006280977036832093019 0.9999802744694109569 -1.333104274679914867e-06 -0.009533459538849101828 2.81384114273342234e-07 1.334897973412748013e-06 0.9999999999990694111 0.4949996578637564926
0.999981477128044749 0.006086493493461014349 2.727301842456133629e-08 0.004691413508473001731 -0.006086493493471509426 0.9999814771279645909 4.010702704653203595e-07 -0.01110289756907741759 -2.483140165818768744e-08 -4.012288385412522206e-07 0.9999999999999191758 0.4950035203236664572
0.999981757112335834 0.006040318266174021442 -4.293827188425632044e-08 0.001322377875930191024 -0.006040318266035121265 0.9999817571086466739 2.716895606332613458e-06 -0.008376629759163018926 5.934840272428128877e-08 -2.716586681483296492e-06 0.9999999999963082864 0.4950060994096976974
0.9999809814838502842 0.006167387843829254604 -1.099787791020836306e-07 0.001918583386990343814 -0.006167387843748912621 0.9999809814835998178 7.168704725158175525e-07 -0.00769463257391508372 1.143979057072454217e-07 -7.161785569177613111e-07 0.9999999999997369882 0.4950003288410387281
0.999978883021039433 0.006498731739887657864 2.068784662660039516e-08 0.008377610358618123657 -0.006498731739882631503 0.9999788830210116775 -2.363629358422526236e-07 -0.006497667765320864347 -2.222346907500695834e-08 2.362234998056130831e-07 0.9999999999999718003 0.4949993970101284613
0.9999791867075542573 0.00645183337575994803 -1.506623046931802058e-07 0.001422584618274790481 -0.006451833375874641875 0.9999791867072658214 -7.733040541348446388e-07 -0.006067336048678753299 1.45669940008694847e-07 7.742600072172762577e-07 0.9999999999996896927 0.4949982794347692061
0.999979411438301935 0.006416907489908515137 -7.795537845409045241e-08 0.0005583367016070672458 -0.006416907490043180853 0.9999794114365542219 -1.870736418881014755e-06 -0.007195308962519946644 6.594943092738189894e-08 1.871198135560707103e-06 0.9999999999982471799 0.4949958031933297531
0.9999812551624370771 0.006122852765643945622 -7.01700007700156831e-09 0.004898774551530702889 -0.006122852765645086202 0.9999812551624228663 -1.686355278200799686e-07 -0.005568423433511926306 5.984338036572634612e-09 1.686753308328317774e-07 0.9999999999999857891 0.4950002467552062635
0.9999815365759856522 0.006076718633861536226 -9.100453750563218984e-08 -2.409513595252692808e-05 -0.006076718633777704846 0.9999815365755896357 8.952026463704110932e-07 -0.002720476332596046508 9.644275185195055134e-08 -8.946331088956144253e-07 0.9999999999995952127 0.4950014950300463679
0.9999816474506676434 0.006058445681562982243 -7.217013352196028034e-08 0.002820375739040186652 -0.006058445681567821255 0.9999816474506678654 -6.640927839057952987e-08 -0.002663535064136512802 7.176647201014094359e-08 6.684529844479864929e-08 0.999999999999995226 0.4949997909314605704
0.9999797495531879132 0.006363999196138903254 8.929341153355044704e-08 0.007898331888928808789 -0.006363999196034661118 0.9999797495525616364 -1.12325579616833558e-06 -0.002682350475764908818 -9.644000228650938672e-08 1.122664786537314734e-06 0.9999999999993651745 0.4949967774018499966
0.9999808222707018412 0.006193148879506449322 -7.397599627166767001e-09 0.004366096004797323862 -0.006193148879510867663 0.9999808222701245253 -1.074539378529071978e-06 -0.00222468763978989157 7.426754147104367516e-10 1.074564585739589165e-06 0.999999999999422684 0.4949973339186271581
0.9999795242973246179 0.006399295923690480163 -1.01800627960696811e-07 0.002767364183093279275 -0.006399295923781871467 0.9999795242969025111 -9.238402829304584497e-07 -0.002323042741248301877 9.588661616455785551e-08 9.244728189950536198e-07 0.9999999999995681232 0.4949979746588083485
0.9999787086022537963 0.006525514871688667916 -2.467859326324529941e-07 0.002364859301120221611 -0.006525514871861291116 0.9999787086020345273 -7.050900187874851895e-07 -0.00370242892493500772 2.421796028113190215e-07 7.066854117090600285e-07 0.999999999999721001 0.4949990334680824389
0.9999807397084597982 0.006206465526155667198 -1.645024755548919211e-07 0.006474918883664672331 -0.006206465526500198025 0.9999807397060871406 -2.183589162865452537e-06 -0.006511779071348035644 1.509469363224836421e-07 2.184568085245387531e-06 0.9999999999976024734 0.4949945496288132851
0.9999805304166939912 0.006240095324807673136 -3.429298788562049857e-07 0.002242949939860303023 -0.006240095324426939496 0.9999805304161496489 1.100441230703909725e-06 -0.004726579173165996149 3.497900603374348082e-07 -1.098279890436662461e-06 0.9999999999993357536 0.4950032494647407244
0.9999811396620635895 0.006141687259200872412 6.117170433503482801e-08 0.003164798809135247869 -0.006141687259191754705 0.9999811396620543746 -1.488531553827007312e-07 -0.007112489429919853674 -6.208476014410609185e-08 1.484746504846736937e-07 0.9999999999999870104 0.4949994474767377417
0.9999792361997995593 0.006444157933470552428 -1.636265382940987646e-07 4.328935629794593873e-05 -0.006444157933420637495 0.9999792361997671408 3.040329086646215075e-07 -0.007543140759320693389 1.65582376865780004e-07 -3.029721605311703042e-07 0.999999999999940381 0.4950003524861372739
0.9999806635555568146 0.006218723118216269025 8.288932538482763792e-09 0.001168450775927497515 -0.006218723118212807384 0.9999806635554879808 -3.713163063086764475e-07 -0.008976900605516436801 -1.059788555672400802e-08 3.712575797951887701e-07 0.9999999999999310552 0.4949990711794817755
0.9999802762494199859 0.006280693769758380687 -3.700676165544427389e-07 0.002232118680199908067 -0.006280693769000647401 0.999980276247464217 2.014443242585483664e-06 -0.006868110144765348334 3.827124185584333111e-07 -2.012079228835466508e-06 0.9999999999979025667 0.4950049877386723529
0.9999812954102396123 0.006116275977565158173 -2.414418026257218683e-07 0.001396413872172439083 -0.006116275977008132393 0.9999812954077537119 2.244248836011934014e-06 -0.003864753792314162915 2.551637317981922844e-07 -2.242730133560940448e-06 0.9999999999974524822 0.4950025439729708321
0.9999805215734752784 0.006241512306518801068 3.210982162243543815e-08 0.003612711785257631276 -0.006241512306547075326 0.9999805215730045438 9.706620919049305072e-07 -0.001886064694275650221 -2.605079678527151075e-08 -9.708435987814097633e-07 0.9999999999995283773 0.4950016198656243538
0.9999785261418772109 0.006553415699939100537 -1.2581784457036402e-07 0.02155270906728133651 -0.00655341569993477327 0.9999785261418844273 3.512132278784163378e-08 -0.0005669534932825018997 1.260453074039791458e-07 -3.429603195960934157e-08 0.9999999999999914513 0.4949996757035837747
0.9999727885403620897 0.007377139066769605041 4.842360474448484236e-07 0.07035961081778739634 -0.007377139063714606947 0.9999727885222989832 -6.033639283914740964e-06 -0.007429670268831887504 -5.287338667429219492e-07 6.029902823121205583e-06 0.9999999999816803209 0.4949867435262501059
0.9999689625919394587 0.007878696245543208299 7.097553315879995002e-07 0.1422226312094961587 -0.007878696247217839219 0.9999689625893259937 2.388322932204862789e-06 -0.003677983708445858955 -6.909164317010311679e-07 -2.393840751518905908e-06 0.9999999999968960385 0.4950093391874162418
0.9998931407881330724 0.01461872087247780352 2.669859036442685786e-06 0.2203830213763329215 -0.01461872083404163782 0.9998931406957941581 -1.388920637070327024e-05 -0.01790996688350907085 -2.87261616823723659e-06 1.384869225713704934e-05 0.9999999998999808959 0.4949779456342548456
0.9996781149177227377 0.02537058443219987469 1.532878601715344265e-06 0.3214870923254771751 -0.02537058434876856422 0.9996781140912331942 -4.073119404593694557e-05 -0.05564476932922914759 -2.565759387260532744e-06 4.067919325632897085e-05 0.9999999991693100387 0.4949551810464316026
0.9991697220437291138 0.04074145987245228473 -8.667993580963562512e-07 0.5061226722613142437 -0.04074145988034567206 0.9991697216132843229 -2.933057909055559366e-05 -0.08208739287095413728 -3.288909377299597986e-07 2.934154122856423686e-05 0.9999999995694829336 0.4949919349027148696
0.9980576012973038091 0.06229786910235713543 4.589064715843428124e-07 0.7809390897107304497 -0.06229786905855254353 0.9980576008228848606 -3.086524272718792124e-05 -0.133029945762905305 -2.380853943262444103e-06 3.077670122447933915e-05 0.9999999995235631101 0.4949870588199378196
0.9960422843468198506 0.08888063788666873688 2.064180145828320661e-06 1.187868948418520532 -0.08888063783898607351 0.9960422842077725214 -1.702147900830065062e-05 -0.1874351392783042969 -3.568890619499467588e-06 1.677064718641342901e-05 0.9999999998530042511 0.4949938462574856035
0.9934420976371939327 0.1143363398603904207 -5.636858600294968149e-06 1.566614190707057874 -0.1143363397519093355 0.9934420975234299345 1.681120176904614809e-05 -0.227305931654709914 7.522023910247291966e-06 -1.605645776918650643e-05 0.9999999998428046322 0.4950801724319089936
0.9907014175265769218 0.1360540382018301797 1.427883772499269935e-06 2.173093094966596084 -0.1360540381343518235 0.9907014172745085556 -2.280020338546270926e-05 -0.3579343199867860981 -4.516666219533556066e-06 2.239392446063712485e-05 0.9999999997390559558 0.4949631083402967202
0.9885682550159035076 0.1507740200181549584 8.037991653618010545e-06 2.910535049739848557 -0.1507740191615842829 0.9885682529438568622 -6.648026456128713056e-05 -0.5684684601484421007 -1.796960010597025055e-05 6.450835882274396477e-05 0.9999999977578825083 0.4947950851484340662
0.9881554588610090839 0.1534561472190135445 2.473457150776108661e-06 3.704418928691035173 -0.1534561466839862165 0.9881554565298662496 -6.911864866625635389e-05 -0.7941184225943003216 -1.305084170534050093e-05 6.792040278531138423e-05 0.9999999976082472042 0.4947773109866205332
0.9889263189803723098 0.1484073301062771855 -9.434111821434386254e-07 4.523033075959434157 -0.1484073300114203964 0.9889263180774746642 -4.260098115603766744e-05 -1.048047112353378774 -5.389333726485171957e-06 4.22692406142373677e-05 0.9999999990921332182 0.4947518052036208869
0.9900235067457163751 0.1409022926534963249 -4.258623948800377765e-06 5.393259781965480393 -0.1409022926169554712 0.9900235067283855717 7.92142890689553714e-06 -1.254662881673640928 5.332285309702091775e-06 -7.24235094706216411e-06 0.9999999999595575728 0.4948804835149825387
0.9911776190829426625 0.1325402860686705764 -3.698430514628315458e-07 6.365428431876374304 -0.1325402860426573015 0.9911776189365198997 1.724222433857863006e-05 -1.471293411230114367 2.651869501424557244e-06 -1.704108776377455823e-05 0.9999999998512844046 0.4948815487369448429
0.9920131883078210366 0.1261341913412516169 5.22697587575718471e-07 7.454645345378357213 -0.1261341912943814425 0.9920131878078951582 3.168537655250638549e-05 -1.661475375862725867 3.478086448682954371e-06 -3.149824145408611789e-05 0.9999999994978818751 0.4948865833164125538
0.9927603884311679838 0.1201116612315087095 -6.607974729479980331e-07 8.554126857753473701 -0.120111661188567781 0.9927603881963907861 2.183820192888432589e-05 -1.84126954791676023 3.279036267750496837e-06 -2.160073234737248978e-05 0.9999999997613281399 0.4948653096486305691
0.99345441767533893 0.1142292431838895367 -2.285187681051913215e-06 9.672259440924010576 -0.1142292428766457507 0.99345441612652019 5.614958830530971469e-05 -1.970461861446080043 8.684154770621406924e-06 -5.552102129392389194e-05 0.9999999984210008463 0.4948803641557588673
0.9939672346619784493 0.1096774198175437115 1.678876534047420858e-06 10.9469811180660237 -0.1096774195541722619 0.9939672309558422736 8.618669394998737629e-05 -2.095286771428224171 7.783985955375016545e-06 -8.585088469613159283e-05 0.9999999962845175228 0.4948536636274953882
0.9945692547547215767 0.1040768826066542363 2.398181999392786327e-06 12.16921376409399791 -0.1040768825392643093 0.9945692525980371901 6.564847731330961025e-05 -2.208415057114463842 4.447330787912788694e-06 -6.554155246353916473e-05 0.9999999978422631219 0.494809804814018761
0.994984472837348477 0.1000294897080662437 1.886939007483860615e-06 13.44821800488938734 -0.1000294897084092471 0.9949844721343018561 3.745040432137645753e-05 -2.329598780304465766 1.868669821317084351e-06 -3.745132034727981506e-05 0.9999999992969533791 0.4947919720583253689
0.9954922547458187054 0.0948428739296639095 2.842689525045571137e-06 14.79313528970580904 -0.09484287391664592004 0.9954922547413506129 -4.409765687888199859e-06 -2.473425085955891944 -3.248110256012975924e-06 4.120278743328501227e-06 0.9999999999862365652 0.4947550347522740033
0.9958638620039828027 0.09085795673892475832 7.346628236519263843e-06 16.24246204318189157 -0.09085795677047385499 0.9958638620198433378 4.0804439238967268e-06 -2.613678351673180078 -6.945500770931093208e-06 -4.731066275464880546e-06 0.9999999999646884685 0.4947347569355597385
0.9961400865892015011 0.08777771804062854677 1.038609696162297564e-05 17.72922699263285296 -0.08777771804770279074 0.9961400866426969314 2.263784325216172051e-07 -2.769214653573769613 -1.032613654501020168e-05 -1.137172522087441489e-06 0.9999999999460388311 0.4946979817203944196
0.9964375952869385378 0.08433337776086075044 9.8214130419048335e-06 19.25937293607214329 -0.08433337781184226112 0.9964375953189924529 4.897117344138635901e-06 -2.925782606385277873 -9.37343474718773623e-06 -5.707944766940575866e-06 0.9999999999397790607 0.4946820236263057557
0.9967677896776895308 0.08033662581591320684 3.974936177773276805e-06 20.82901207762800055 -0.08033662589443738011 0.9967677893106334786 2.710945714330564282e-05 -3.062232987535424833 -1.784206031975657827e-06 -2.734116663676285116e-05 0.9999999996246385914 0.4947308780589206312
0.9973757186775753514 0.07239941839542879398 3.259827408236979499e-06 22.41790420735033962 -0.07239941845075431592 0.9973757184235158002 2.256992059640670315e-05 -3.208542563857519792 -1.617223578816164877e-06 -2.274670038394313525e-05 0.9999999997399861007 0.4947250285337801423
0.9978076878128160354 0.06618019421867536722 6.087123739335952278e-06 24.07905623534876938 -0.06618019434861918682 0.9978076875232334553 2.444890867883020257e-05 -3.33618626525432127 -4.455745337214951543e-06 -2.479815607046359903e-05 0.9999999996825988946 0.4947325095036597675
0.9982035105955103793 0.05991453388643740857 8.136500964531674583e-06 25.81030091925939018 -0.05991453399643814626 0.9982035105235401717 1.402508829109258384e-05 -3.475023525834751936 -7.281577198496764877e-06 -1.448738703223207766e-05 0.9999999998685471514 0.4947270824329032535
0.9985242830766247746 0.0543070534813628672 7.12164356745579001e-06 27.55652857309191717 -0.05430705363315629919 0.9985242828240372681 2.320906335064363714e-05 -3.588936595955367626 -5.850718191086507658e-06 -2.356156882225544189e-05 0.999999999705310838 0.4947369529917739484
0.9987788300878339687 0.0494049445268570156 5.1873658192988242e-06 29.29285393268915527 -0.04940494465525438472 0.9987788296872888161 2.853653356377919764e-05 -3.693390407379186335 -3.771185304451752364e-06 -2.87579671288026162e-05 0.9999999995793787955 0.4947397268399766901
0.999022265986020841 0.04420986378557293511 3.232676557863997287e-06 31.07329695716218865 -0.04420986378820058321 0.9990222659908563063 7.459028450917499462e-07 -3.82964486630394596 -3.19653959687403453e-06 -8.880897408034562421e-07 0.9999999999944967355 0.4947103384355782119
0.999415530228845661 0.03418476169624776184 2.720064057021808523e-06 32.82872098330373944 -0.0341847617083627861 0.9994155302218229453 4.539588667195281106e-06 -3.935311078300576693 -2.563289504998706187e-06 -4.629920156466609466e-06 0.999999999985996646 0.4947159183125863779
0.9997622064446628487 0.02180666246270842115 6.274557580244417174e-06 34.66941282809966651 -0.0218066625787714484 0.9997622062800378684 1.906513747565456959e-05 -4.013729908509081845 -5.857318512119677329e-06 -1.919743106881466595e-05 0.9999999997985752342 0.4947347013638713764
0.9999624596859721937 0.008664825461373086568 4.553806848084956332e-06 36.41215286611448931 -0.00866482556518553132 0.9999624594241209863 2.32942245325191585e-05 -4.077317158659431229 -4.351795505720795065e-06 -2.333280800201143881e-05 0.9999999997183209866 0.4947320842635988258
0.9999973493240816858 -0.002302455308528835419 6.826089525351859787e-06 38.22553026896039796 0.002302455116199502837 0.9999973489543962923 2.805084718201063731e-05 -4.11864685009013165 -6.890657251080450325e-06 -2.803505606355417794e-05 0.9999999995832772326 0.4947396476312867497
0.9999003160283573832 -0.01411941770822844854 7.225276306684816302e-06 40.1127769761819053 0.01411941750022442481 0.9999003156633361478 2.807219362288136433e-05 -4.138926051475389833 -7.620919087556592604e-06 -2.796737858239977892e-05 0.9999999995798736219 0.4947381856379399201
0.9997693796633158048 -0.02147527580384343479 4.360084575446971275e-06 41.90710220924849949 0.02147527566368224311 0.9997693792261556078 2.998581480568193557e-05 -4.134086195834703048 -5.003032692523217974e-06 -2.988526544880099756e-05 0.9999999995409203368 0.4947270655900188885
0.9996749147731116558 -0.02549636765272171243 3.481727790966801143e-06 43.74551466705321445 0.0254963675054746472 0.999674914088414801 3.726364588178844031e-05 -4.111476907109757661 -4.430683545796779027e-06 -3.716276060969976347e-05 0.9999999992996491116 0.494732037667942548
0.9997278530507469618 -0.02332851911419400043 5.71974984683638514e-06 45.661156034780781 0.02332851893683559469 0.9997278526410466881 2.932862405040379466e-05 -4.107165852885453106 -6.402386598774617327e-06 -2.918720906222678618e-05 0.9999999995535581165 0.4947131120660226422
0.9997722389222816197 -0.02134174883716525445 6.255595968486698002e-06 47.54988928954018235 0.02134174877131669174 0.9997722388890555312 1.041058526504104989e-05 -4.121797842431628389 -6.476351282973707186e-06 -1.027470878134709255e-05 0.9999999999262436656 0.4946755006859728243
0.9997971222426749183 -0.02014235113627051502 6.942748563586619142e-06 49.5214863012356119 0.02014235103510257294 0.9997971221658938923 1.434602109607069742e-05 -4.124335272580013978 -7.230302628120723208e-06 -1.420326732876795913e-05 0.9999999998729949269 0.4946779633133340792
0.9997826380788202849 -0.02084889864852740304 4.850890514997959509e-06 51.45440027846638742 0.02084889861801614286 0.9997826380716416939 6.257597021421951279e-06 -4.145967432957545107 -4.980300122164291153e-06 -6.155101133557137965e-06 0.9999999999686556285 0.4946706488351340081
0.9997654153982123981 -0.02165904339205331278 3.900515617674307231e-06 53.38772176415329085 0.02165904336573261368 0.9997654153841527558 6.668339189299160103e-06 -4.152370230057805145 -4.044030464570486138e-06 -6.582293462693929055e-06 0.9999999999701596476 0.4946581413953558548
0.9997794633427973254 -0.02100058668003261519 6.270208561814058534e-06 55.40250091202851479 0.0210005865706308012 0.9997794632196862485 1.703168790983539132e-05 -4.163519237658441341 -6.62650118846375527e-06 -1.689625374059893173e-05 0.9999999998353030772 0.4946595171869876406
0.9997186544291978283 -0.02371944235681672924 6.541293878144208607e-06 57.39947679787222512 0.02371944218235888177 0.9997186541277427452 2.556961558107103349e-05 -4.165609760423986785 -7.14595053497354768e-06 -2.540726584103972913e-05 0.9999999996517031642 0.4946570658888016503
0.9997094704884178507 -0.02410341387536097876 7.586387382059314414e-06 59.47289882457106103 0.02410341378031133699 0.9997094704428337586 1.238049833760201902e-05 -4.184394725592395226 -7.882595587707157218e-06 -1.219404360329933842e-05 0.9999999998945849899 0.4946200328880961949
0.999644926201186057 -0.02664622830809644516 6.27779704344208325e-06 61.53886220957087261 0.02664622825509193813 0.9996449261871807046 8.38071875368116846e-06 -4.191049094107593298 -6.4988825074063106e-06 -8.21046336707779848e-06 0.9999999999451764099 0.4946022709695942488
0.9995873436344330232 -0.0287252922410243354 5.81022253851559837e-06 63.57926032906399172 0.02872529216778490352 0.9995873435775177729 1.231867764639107079e-05 -4.190061333978819746 -6.161682528284562367e-06 -1.214669392566622189e-05 0.9999999999072457513 0.4945962433444091033
0.999512127396968042 -0.0312331095747599187 7.41020439657796284e-06 65.69661353513772895 0.03123310927563411471 0.999512126729110939 3.753210463315073496e-05 -4.15277608468400139 -8.578833492499521454e-06 -3.728235002389300771e-05 0.999999999268215034 0.4946236407431119364
0.9995022204471074589 -0.03154855463850064073 4.874039164398019537e-06 67.73463332116700997 0.03154855443524777481 0.9995022197696018518 3.729500775698400762e-05 -4.133940589109786679 -6.04821655402435101e-06 -3.712267417480005993e-05 0.9999999992926630332 0.4945891742806242664
0.9995986193074126724 -0.02833020035140745504 5.384810168695765703e-06 69.85329629302478338 0.02833020016754613998 0.9995986188274678108 3.160567025495244402e-05 -4.118698560312529899 -6.278043777839701615e-06 -3.144043159919243793e-05 0.9999999994860426789 0.4945864073757248458
0.999700538685074358 -0.02447106341591655243 3.209250520222898839e-06 71.93568338052807576 0.02447106326705448046 0.9997005378832876099 4.025764752936846749e-05 -4.100062611360348441 -4.193436916935877417e-06 -4.016705814878330447e-05 0.9999999991845112124 0.4945861732215512951
0.9998324234762505647 -0.01830641862973433551 2.189409724387323041e-06 73.98517505098865854 0.01830641854277817795 0.9998324228778613376 3.470669872031643765e-05 -4.102698188426638914 -2.824398185436698946e-06 -3.4660802441617809e-05 0.9999999993953258004 0.4945714319914101265
0.9999605200381502801 -0.008885852037178655627 9.155311312397003909e-07 76.04056542032436994 0.008885851982054195075 0.9999605188529402389 4.870466560659384857e-05 -4.106458192321932543 -1.348277437121209853e-06 -4.869460747413663853e-05 0.9999999988135086504 0.4945858046414879916
0.9999984363195356663 0.001768433030548932985 2.309298146193278e-06 78.08110267751486333 -0.001768433116824993066 0.9999984356035199751 3.790853356647123543e-05 -4.14007065299464827 -2.242255830636453122e-06 -3.791255812895623828e-05 0.9999999992788051184 0.4945639762804747708
0.9998640336222623937 0.01648982250111494935 4.973319339499659917e-06 80.07355529836291907 -0.01648982256564286708 0.9998640335460969863 1.322558431628592986e-05 -4.212186286463569296 -4.754555597055998138e-06 -1.330579523496356013e-05 0.9999999999001749629 0.4945207234115603923
0.999341914512750451 0.03627310102043657808 6.525705110778624187e-06 82.03081824184125992 -0.03627310103319819623 0.9993419145318850338 1.847937381409687699e-06 -4.3170276966148311 -6.454380219760700719e-06 -2.083428841433770383e-06 0.9999999999770001757 0.4944879624741114199
0.9981491350876733337 0.06081368340890681845 6.016970539469319901e-06 83.99391659193403825 -0.06081368348751696462 0.9981491350044965349 1.388122031237776501e-05 -4.460526303013318206 -5.1616658019126187e-06 -1.422144219070230621e-05 0.9999999998855538808 0.4945028821950804288
0.9957861308448207049 0.09170595177393710273 5.345162314343983008e-06 85.94986656072239839 -0.09170595190408828423 0.9957861302529502634 3.440134068926181378e-05 -4.652554484735111906 -2.167830806366241339e-06 -3.474656113895329215e-05 0.9999999993939885368 0.494532213728660075
0.9919322793620291012 0.126768896537742759 5.699589187622826166e-06 87.88155936515141775 -0.1267688966592385724 0.9919322787674745845 3.436854853409591947e-05 -4.919116303218612707 -1.296743517645950293e-06 -3.481380331851616564e-05 0.9999999993931587561 0.4945239530672417838
0.9850821142932962848 0.1720849443678522661 4.85748711168153882e-06 89.78261940668237173 -0.172084944432909337 0.9850821137007925721 3.418382932137626256e-05 -5.255073784318561536 1.097498695799584602e-06 -3.450977926223979658e-05 0.9999999994039353579 0.4945278785511215691
0.9748786482652316288 0.222736663210159419 4.559790438654023987e-06 91.66830248948483018 -0.2227366632519240663 0.9748786479035558283 2.659636830229810775e-05 -5.69857935536691329 1.478743991603736011e-06 -2.694386408674245828e-05 0.9999999996359207888 0.4945222297562656966
0.9617137388439229717 0.2740559879033263591 3.925229057429931872e-06 93.49047618710164897 -0.2740559879062273163 0.9617137384625494834 2.733791491176734494e-05 -6.225997907805215448 3.71717256721870801e-06 -2.736698088908499839e-05 0.9999999996186155204 0.4945296122025589214
0.9461670215793811511 0.3236788025765752197 6.358475552505740949e-06 95.23179528545198025 -0.323678802577375857 0.9461670208331722787 3.81049643409770263e-05 -6.818990097531333561 6.317589359555622615e-06 -3.811176437094333894e-05 0.9999999992537907945 0.4945599769332958418
0.9283201646954006847 0.3717817528888083256 6.407967656998205333e-06 96.97176168397605522 -0.3717817529207159688 0.9283201643062616304 2.719978312326954526e-05 -7.524593234591871571 4.163737459550790884e-06 -2.763247259685081266e-05 0.9999999996095548793 0.4945547500451824008
0.9078175041789240396 0.4193654481104469034 6.301287407940791743e-06 98.69123542669164806 -0.419365448141570285 0.9078175039091930243 2.243513266879972113e-05 -8.327718937019749745 3.688100458977282545e-06 -2.300954836301272909e-05 0.9999999997284793052 0.4945580346160832197
0.8832750169071951207 0.4688552489932550915 -1.14004831684948704e-06 100.2629627358763997 -0.468855248932632751 0.8832750168273127978 1.411602730199337045e-05 -9.190834667103969124 7.625349691720868677e-06 -1.193381661643892836e-05 0.9999999998997189943 0.4945467955883710021
0.8551512858879406487 0.5183785086649590479 8.529401452266789965e-07 101.8261543929623798 -0.5183785086094542249 0.8551512857698309045 1.613306696810525167e-05 -10.16166320198643547 7.633642333243011418e-06 -1.423835880350720468e-05 0.9999999998694982795 0.494565440301064474
0.8214896730288250293 0.5702233921035883002 1.439112441960330929e-05 103.3471570362437717 -0.5702233922067690974 0.8214896722356769265 3.731699717761940781e-05 -11.19820996503244181 9.456864631179403441e-06 -3.886168359407602514e-05 0.9999999992001685767 0.494622563258541259
0.7800078348995199695 0.6257697460219245889 4.961100658392286327e-05 104.8117599668533586 -0.6257697479491258763 0.7800078315097331849 7.305753983721663815e-05 -12.31999086870898985 7.020224484380947581e-06 -8.803052055703661314e-05 0.9999999961006720284 0.4947196033957690364
0.7305319305709271349 0.6828785375406515312 3.721408578126860346e-05 106.1107731899006552 -0.6828785384113170709 0.7305319282162225925 6.030044959211403505e-05 -13.52120609690953046 1.399180498791255265e-05 -6.946410436144801566e-05 0.9999999974894838717 0.4947096032184908343
0.6769932169674955924 0.7359892554261002751 8.920137012554060717e-06 107.2794823897148859 -0.7359892553021704087 0.6769932164875086533 3.019746338464571723e-05 -14.80451529639415043 1.618613634458407457e-05 -2.70086028780924525e-05 0.9999999995042720968 0.4946954902461531689
0.6192493246067931612 0.7851944178791155915 -1.037979867192337271e-05 108.3538642429282106 -0.7851944178486046644 0.6192493246845613974 7.703149889856047934e-06 -16.18935478042920906 1.247615361155134777e-05 3.379989608948340874e-06 0.9999999999164607134 0.4947163198097300763
0.5612193962535564351 0.8276670762125394321 -1.499376416359813913e-05 109.3223638553909893 -0.8276670762670141901 0.5612193963602857272 3.852534026388862173e-06 -17.63248518116651198 1.160340684669362363e-05 1.024772812718616452e-05 0.9999999998801725187 0.4947393458743898909
0.5026838342264817738 0.8644703364647364774 -1.349596575343315212e-05 110.2194193267349362 -0.8644703365559732733 0.5026838342462198739 -2.133999080578082909e-06 -19.20030262540983657 4.939424908588677546e-06 1.27395888970790263e-05 0.9999999999066524481 0.4947504697632046922
0.4546122667611445234 0.8906894442372168541 -2.892964445582194973e-05 111.0221534760830622 -0.8906894447000105464 0.4546122666467586892 -1.079425494774542232e-05 -20.86199885453860858 3.537442298983850918e-06 3.067452966551703771e-05 0.9999999995232797811 0.4947848895832441252
0.4191211802763402106 0.9079303029180686435 -3.590410029742252161e-05 111.7465634140883708 -0.9079303036072137179 0.4191211802065167857 -9.810303248903067395e-06 -22.56433068262435171 6.141097290414208927e-06 3.671012656033175998e-05 0.9999999993073267479 0.4948286361079859974
0.394175471452381132 0.9190351984410044528 -4.164167694637866925e-05 112.4316889261269807 -0.9190351993612381198 0.39417547135951575 -1.076037757542655563e-05 -24.32149893957846487 6.524961898207206976e-06 4.251164377795078897e-05 0.9999999990750925161 0.4948817943520392171
0.3768769169205248848 0.9262633472204131468 -3.302649366282887569e-05 113.0878291290514568 -0.9262633477328683362 0.3768769171076589708 -5.994339488313958085e-07 -26.09452832939203049 1.189168941864045723e-05 3.081714340254330535e-05 0.9999999994544458426 0.4949422814526157621
0.3654022564999077072 0.9308497142510303579 -2.063452769283811501e-05 113.741481010956349 -0.9308497143782286098 0.3654022566976547481 6.668154799252093094e-06 -27.91279785626948495 1.374695297431874753e-05 1.677108539887060164e-05 0.9999999997648758576 0.4949772755718602202
0.3590103874384665827 0.9333335638575200877 -1.704509546711579728e-05 114.3947719415528326 -0.9333335638975609472 0.3590103876215681722 9.18268326199622121e-06 -29.77949518664554418 1.468987282538961033e-05 1.261208102368336183e-05 0.9999999998125713718 0.4950051396878233922
0.3589393558541750795 0.9333608833924333936 1.319541404723678524e-05 115.0583120612037789 -0.9333608832631475893 0.3589393554239783679 2.691260814343468126e-05 -31.63344640264861951 2.038282229848290884e-05 -2.19760775415121425e-05 0.9999999995507962147 0.4950545743099928342
0.3628619304103160581 0.9318429146398488072 4.355046875736747093e-05 115.7494584702234732 -0.9318429153510556784 0.3628619286960335089 4.260601881921846651e-05 -33.46304488222343565 2.389930966878608295e-05 -5.604229800761025048e-05 0.9999999981440419461 0.4950962203940454387
0.3669961936067524522 0.9302224428294663117 2.714347813301690044e-05 116.4491671558880626 -0.930222442980988995 0.3669961926850409117 3.363626035442282965e-05 -35.3575273181830454 2.13276511434922755e-05 -3.759385205713492833e-05 0.9999999990659169669 0.4951338944859002278
0.3801289923424883144 0.924933483648369692 -3.001335151945797935e-06 117.1583805548218891 -0.9249334835267922772 0.3801289923421758421 1.530189347683158437e-05 -37.26219840687419804 1.529412814693241308e-05 -3.040657970959444132e-06 0.9999999998784220301 0.4951240710753224694
0.3973614481284594713 0.9176621808792533308 -3.643376274121778264e-05 117.8787135291613311 -0.917662181503479113 0.3973614483556907606 -1.084754845499107992e-06 -39.14648693361954912 1.34819342346578523e-05 3.386492595375797037e-05 0.999999999335702161 0.4951284429322335701
0.4163332469036970518 0.9092120907426601839 -3.965121374918083449e-05 118.6516266387546494 -0.9092120914936552278 0.4163332471451839378 -2.348009135830431107e-06 -41.01561817242814101 1.437328027797296093e-05 3.702891725043451368e-05 0.9999999992111340275 0.4951761385830129036
0.4379312322658875378 0.8990084736488370698 -1.076580050233779487e-05 119.484177328842506 -0.8990084735709099606 0.4379312323782596494 1.255366339959056458e-05 -42.87522860792471135 1.600053005309446367e-05 4.180904594341768905e-06 0.9999999998632517206 0.4952303367004169399
0.4601786875075872252 0.8878263204647116602 1.600369261428667605e-05 120.3666079483997322 -0.8878263204479756032 0.4601786870061292389 2.733781640824210958e-05 -44.7003831333696624 1.690667469677728567e-05 -2.678878000139081999e-05 0.9999999994982627927 0.4952803416439648942
0.4820540022372982181 0.8761415059728366872 2.099726808994650879e-05 121.2780962551021418 -0.8761415060635333596 0.4820540015510200171 3.071816384578172936e-05 -46.48294678281716585 1.679164122816530476e-05 -3.320439191078566009e-05 0.9999999993077546279 0.4953090496601094128
0.5032643047792054736 0.8641325358222261555 8.413381281936899712e-06 122.1975115023991663 -0.8641325356933452495 0.503264304463406531 2.472622178643833928e-05 -48.20107309080231772 1.713257825457831956e-05 -1.971410131808339354e-05 0.9999999996589146178 0.495336219001003053
0.5232766957276872022 0.8521628363624319524 5.768982896992683601e-06 123.160336433336326 -0.8521628362217325003 0.523276695486027954 2.293443494224335858e-05 -49.88804612423012941 1.65250988240980258e-05 -1.691716816257467281e-05 0.9999999997203651292 0.4953654288967745956
0.5412074884199481462 0.8408890856830669724 7.713650305408356261e-06 124.1928745714623687 -0.8408890855960799993 0.5412074881619265421 2.202452349346789188e-05 -51.59336800161015191 1.434549611667790843e-05 -1.840616139546865474e-05 0.9999999997277100316 0.4954091303083090758
0.557733206390434777 0.8300202831492885513 7.242404267812115517e-06 125.2274311589177387 -0.8300202830681253641 0.5577332061496057536 2.135002355506646725e-05 -53.23223174548354564 1.368162324390181326e-05 -1.791895953434173951e-05 0.9999999997458620671 0.4954331179563438159
0.5731572861647534767 0.8194453766388686278 4.865227477267333825e-06 126.2829482199661157 -0.8194453765110446541 0.5731572859445093204 2.203699078789519929e-05 -54.82809800819872947 1.526956963980086369e-05 -1.661744999714889856e-05 0.9999999997453502543 0.4954597514785986645
0.5880033779036191177 0.8088584718966165266 -4.151728285719255062e-06 127.3286189180859083 -0.8088584717274797109 0.5880033778733959604 1.806640478022565076e-05 -56.38134069330452292 1.705439481921449212e-05 -7.264946441132150594e-06 0.9999999998281839941 0.4954782530266981788
0.6039807047867752354 0.7969989386729525727 1.300053166274870445e-06 128.3912102792254188 -0.7969989385084512712 0.6039807046272577251 2.1368105263570883e-05 -57.87013534064634968 1.624515018909833159e-05 -1.394206427057516934e-05 0.9999999997708569621 0.495515934465772967
0.6181510196999061568 0.7860593595525905419 1.029418360543141948e-05 129.5187283953137012 -0.786059359488872067 0.6181510193045808288 2.63606690518002339e-05 -59.37025035527460659 1.435769054362994421e-05 -2.438671382568835094e-05 0.99999999959957242 0.4955485612163011977
0.6317409859015824525 0.7751795448370822905 7.094024295487685686e-07 130.6266496234527779 -0.7751795447484678414 0.6317409858149732882 1.572630184891321632e-05 -60.8382787955869162 1.174254891902843989e-05 -1.048486368699938449e-05 0.9999999998760900066 0.4955606475730245375
0.6458505564695719015 0.7634638555293103979 -3.240013344008753682e-06 131.7644651883972529 -0.7634638554742382288 0.6458505564654135611 9.998003227978829354e-06 -62.29776513530096338 9.725678513210627652e-06 -3.983582868969799753e-06 0.9999999999447711785 0.4955822549012669498
0.6595774407562497998 0.7516366140855509359 3.698282217302986221e-06 132.9366153007236449 -0.751636614003762249 0.6595774405919943018 1.879645083393238528e-05 -63.71513394082112569 1.16887971421668763e-05 -1.517747925978974408e-05 0.9999999998165081116 0.4956205137925622783
0.673396978385899847 0.7392810760892953859 6.263066348132864443e-06 134.1059284858882563 -0.7392810759898259532 0.6733969780905514346 2.416756790794789277e-05 -65.07543111690343096 1.364909565703554841e-05 -2.090453363299148886e-05 0.9999999996883512932 0.4956518577130944458
0.6878844071699408147 0.7258202548545972244 4.183195148863082321e-06 135.2648307047023764 -0.7258202546999010796 0.6878844068769391917 2.540010097819298468e-05 -66.37571757603505773 1.555835305149837135e-05 -2.050858117184811125e-05 0.9999999996686678161 0.4956706086925622978
