1 0 0 0 0 1 0 0 0 0 1 0
0.9999117861030273335 -0.01326902218143712064 0.0005941907120840841635 1.421769461181801253 0.01326813073651711937 0.9999108793507242021 0.00147988608348441613 0.2428134186675202089 -0.000613774398689784402 -0.001471871736915560287 0.9999987284364802997 1.372451012572552864
0.9986598738667651354 -0.0517440156922159486 0.001006562695740848088 1.540933119484337199 0.05173313228170393213 0.998621808741822381 0.008841161096532983155 0.260749203617365588 -0.001462652638349182157 -0.008777240184410790846 0.999960409567301145 1.399066120088947152
0.997134816509364863 -0.07564489078661516819 -9.056884876077795992e-05 2.053862472504022652 0.07563908276231894046 0.9970419215567686289 0.01364316009074134639 0.3003231440986299239 -0.0009417344160468052493 -0.01361092047833636562 0.9999069236584083864 1.427797910364928979
0.9961958543349597184 -0.08709055963764283925 -0.003009024400350732934 3.049768960192260625 0.08712238709182397456 0.996114014672561332 0.01290579096121477302 0.3572905591653122714 0.001873358818302438495 -0.01311884884105185209 0.9999121893105531456 1.399674461052214713
0.9959127286417017721 -0.09012566857073525672 -0.005933025713585227991 4.114021518464525684 0.09019229251763156985 0.9958505160549385726 0.01212848067675943199 0.4799507862059658181 0.004815319288900881713 -0.01261402147574394901 0.9999088454265995241 1.359582279193132015
0.9963840671051781284 -0.08457981436795568297 -0.00806509890987210272 4.883901533190958766 0.08467544789541590899 0.9963318981583962897 0.01236192686428010459 0.5723889354067640545 0.006989945826297028209 -0.01300014282880242351 0.9998910625382028128 1.331575623204753089
0.996611011655210266 -0.08168827499716541096 -0.009670427889487043585 5.534922689228783277 0.08181802304271104664 0.9965506042572899181 0.01388179598657125757 0.6807577311436788792 0.008503090788689281893 -0.01462596603366294636 0.9998568790405062412 1.316855382197657409
0.9964550083214733789 -0.08352462931472856567 -0.01005249664957191987 6.172740581331039422 0.08365726883543278536 0.9964019278922986445 0.01358894637220045727 0.6601592930138286963 0.008881315333248566632 -0.01438173808507158674 0.9998571337184146701 1.302388375654865094
0.9961372474235825614 -0.08726518634525609608 -0.009765835729524540224 6.853930358526877598 0.08739654957653385237 0.9960759636441227638 0.01394696284317092569 0.6255593207290839342 0.008510429923616686515 -0.01474658952300694596 0.9998550448339774688 1.314099199444786148
0.9964244930296638492 -0.08389403625888507132 -0.01000101848664589413 7.579405506106844825 0.0840303315997433381 0.996363569020566664 0.01409048259768792485 0.6969190751591483046 0.0087825430152395495 -0.01488049087871251043 0.9998507078206195775 1.310985791542020884
0.9968624383729504101 -0.07837664824224550852 -0.01106254814439231078 8.400755781539723799 0.07854477835268443286 0.9967872132086220693 0.01568341089548389022 0.8000162530372784131 0.00979779335684108528 -0.01650310861929416353 0.9998158083623385206 1.301104829725363787
0.9971844317992489826 -0.07394064725913826464 -0.01248958206301236003 9.214370266552618816 0.0741556312100848658 0.9970890732708066473 0.01772913770598483207 0.9250282540303368384 0.01114232188742177165 -0.01860539295106596047 0.9997648163523726872 1.289020631519278037
0.9974677640221871755 -0.06970881263268773054 -0.01409755928943724583 10.07797837824168496 0.06996959578226055743 0.9973693378355507067 0.01893831068343204693 0.9746570116976244202 0.01274030622259244953 -0.01987675493675884059 0.9997212607574866849 1.277088981903216292
0.9977407383424005127 -0.06530976606766018822 -0.0157497145418274212 10.93407130805810468 0.06565496781914918756 0.9975887054180447855 0.02249888937294103677 1.013916186025175081 0.01424234013875642565 -0.02348210549624664412 0.9996228020952878657 1.26993763397187176
0.9980704921096197335 -0.05958824562543818537 -0.01745089577482903526 11.80324163440609553 0.06000015058154724301 0.997907000883303863 0.02411637448459829497 1.046227296259176764 0.01597731861900347078 -0.02511689812401552563 0.9995568351616503922 1.264024631834175239
0.998710227902327663 -0.04714336338560130152 -0.01885163048581869893 12.72232980893206111 0.04760698296378799294 0.9985544698630223204 0.02495086951719376056 1.115273663166803209 0.01764811197738449383 -0.02581615783325581781 0.9995109154673410545 1.255141589948907344
0.999154049062105365 -0.0358802979524811827 -0.0200945381046956778 13.70016941240379182 0.03642683615534604569 0.9989571326209459867 0.02752694667865189515 1.176621537710175414 0.01908590711785703928 -0.02823564067944882294 0.9994190696324087853 1.256877332365045508
0.9995450683369567768 -0.02184460691550922304 -0.02079590132634907482 14.6742280323706531 0.02241478032364638967 0.9993679530257548738 0.02759115960149816082 1.250452119873235235 0.02018003930400125157 -0.02804474306923769936 0.999402950966160275 1.264723056545290047
0.9997711523649337462 -0.008920448093284731594 -0.01944398376638577924 15.61312225364015482 0.009455222862210501886 0.9995746822449653735 0.02758719586152856909 1.296022321516066667 0.01918962374613928865 -0.02776472979683793085 0.9994302767676143118 1.272295328007664095
0.9998456825097841172 0.005376558613494060272 -0.0167243470431500188 16.60855121195537976 -0.004884490532053797733 0.9995579885969049228 0.02932523119008445533 1.257317135451198942 0.01687462351539538094 -0.02923901587922015169 0.9994300010664221023 1.282704227322589707
0.9996722255758904163 0.02099367625665471762 -0.01465288263028426997 17.63314049035141551 -0.02053197344844429756 0.9993091369637592258 0.03097881287362652322 1.20882833604285933 0.01529311866358503552 -0.03066780621396910517 0.9994126305903703322 1.297419810880474644
0.9991558818792752872 0.03842737499618491953 -0.01452103842533990913 18.67039334482281987 -0.03795574784455807427 0.9987838560310167146 0.03146696898930109038 1.120553373789134444 0.01571257176938075165 -0.03088925027765960021 0.9993993042351371203 1.301513143664845051
0.9983429658961573416 0.05561724077466621841 -0.01476634600288250637 19.76868287267461355 -0.05511615610565908513 0.9979537422095371424 0.0324120000326613561 1.030269589043792511 0.01653879626214245502 -0.03154442801182844036 0.9993655073493410423 1.304394014612540564
0.9972063010202479871 0.07339874943287082176 -0.01386422688811999281 20.82898736048941402 -0.07289938891295669188 0.9967724620826091675 0.03362049865618998296 0.988183512359930849 0.01628718212681713393 -0.03251587943550089677 0.9993385038528755926 1.30942158646072615
0.9958200979680843501 0.09048649133436924286 -0.01243090378170191856 21.92038978423419593 -0.08999719290131141802 0.9953097631037622905 0.03548211859820062097 0.8890158864552023532 0.01558325231519254103 -0.03421506037299586883 0.9992929960181614613 1.296714212826835633
0.993779169519326655 0.1109387511532272941 -0.009775260714670863313 23.00182388777426468 -0.1104851704306422794 0.9931246480627671236 0.03868411205025689553 0.7879697076657428134 0.01399961943730630362 -0.03736344340083250226 0.9992036748095172172 1.304000039327109617
0.9912467691771069678 0.1317638449457149974 -0.008254196573188529729 24.0713963233360424 -0.1313268776401944893 0.9905055930269105469 0.04064383583873066447 0.669167194604304516 0.01353121595514039828 -0.03920407309872123852 0.9991396032823668394 1.334620566964801913
0.9881652898355050008 0.1531480154090920365 -0.008662871381296892437 25.14182089487682958 -0.1526407366701313106 0.9873365249129583132 0.04321333222054263984 0.4998807302566287691 0.0151712053941674696 -0.04137960788915073101 0.9990283091974061502 1.342917429705374532
0.9846013400314378439 0.1744826854294630192 -0.01077003684394865594 26.20266068977083407 -0.173861099843374417 0.9837963516839335343 0.04378420234096332825 0.3293270366642436775 0.01823510815841649507 -0.04123749384607753449 0.9989829577784326009 1.362751762588642945
0.9804302359373883169 0.1964809170228905277 -0.01232078348162283371 27.28820423400051709 -0.1957297069369074716 0.9795732135716435085 0.04611074793706463476 0.1065903154574235068 0.02112899150809952054 -0.04279682813909459899 0.9988603492075773804 1.374987399877123595
0.9756656148724466293 0.2188454083003291695 -0.01353865655938288858 28.38351835618903252 -0.2179964648420929241 0.9748045694369794623 0.04726090055357846237 -0.08182369030511978114 0.02354037535641350515 -0.04315945632937599752 0.9987908249765973245 1.377504978104560518
0.9704507642366808629 0.2409571952042772747 -0.0128430631754988013 29.46103488503132439 -0.2401572712436397805 0.9696610625331059108 0.04562793964203103875 -0.3172835124311784161 0.02344779864402782993 -0.04119531388951670065 0.9988759416725849771 1.404974444144314383
0.9647740603216774513 0.2628058935014915831 -0.01200311923239111116 30.53069995472773712 -0.2620481855236219682 0.9640265845505617825 0.04453642041695817649 -0.6044475282249608394 0.02327575979859192526 -0.03982218754239021108 0.9989356497718644423 1.425376886265032228
0.9585476939607764368 0.2847010143734209353 -0.01147391900018637952 31.58304814595067356 -0.2839172953016652068 0.9577545996964569319 0.0457940628124058613 -0.9012226669731211448 0.02402681483394517731 -0.04063814925688328389 0.9988850048899075018 1.450553484938524873
0.9518345115178179494 0.3063894832365642307 -0.01168534319855275491 32.62379853617997583 -0.3055487927770556555 0.9510155108454507733 0.04700461002763647173 -1.236967162254216435 0.0255146608074798241 -0.04117016751723751727 0.9988263209339659499 1.472116271796579223
0.9447684616177352002 0.3275033090329659835 -0.01241517236753083599 33.66250476172785255 -0.3266201135961505075 0.9439954461694218812 0.04681772106619320334 -1.570697766468958534 0.02705282474891822567 -0.0401768612991568741 0.9988262934510948599 1.497390861245933902
0.9373345281220371028 0.3481574584229475966 -0.01379733795742922077 34.7184317597513683 -0.3471972883100241103 0.9366127523390952447 0.04701696657538404628 -1.93725336847767271 0.02929207026490283569 -0.03928022785395080679 0.9987987977162054998 1.524071574577853028
0.9299629827753319589 0.3673344075171156575 -0.01530632946389246136 35.71553326528417927 -0.3662840516324414875 0.9292861630140982765 0.04757331973131195824 -2.347648439006798426 0.03169927739445405068 -0.03863496194619987778 0.9987504670978056831 1.554956550478229671
0.9223780402277307333 0.3859021224883775747 -0.01727144361702325978 36.70502682817914319 -0.3847825359611411478 0.9218075610936359299 0.04704487570305478789 -2.76693353107745299 0.03407566470318520307 -0.03674741037907278823 0.9987434489925168801 1.575788610248796795
0.9144043395046801415 0.4044226289455354895 -0.01752258804490108152 37.70251622753288245 -0.4032628535992773267 0.9138448602956583677 0.04760926609575640706 -3.192036947514703904 0.0352671915805243541 -0.03646791066116131241 0.9987123292970965238 1.609964231907960341
0.9060358571938937899 0.4228827008223690065 -0.01640874230722128707 38.6814713137661812 -0.4217028942299775873 0.9054092806946552052 0.04899697368253963514 -3.635373640381608151 0.03557660013248007541 -0.03747340092873735484 0.9986641326020714304 1.655953758279906429
0.8972459955737860371 0.4412507689968523383 -0.01572839109674097069 39.65077664566001658 -0.4400506561503352843 0.8965847691601250835 0.04991163924120909506 -4.077636762511314572 0.03612538509780865992 -0.03786172961938834292 0.9986297842452743767 1.698912920533315551
0.8886750924054369616 0.458271544799338626 -0.01561317922192209662 40.58001005832036157 -0.4570333491750674382 0.8880021022201045611 0.05072262014620128323 -4.572556561577940215 0.03710926946207580152 -0.03794018555440567542 0.9985907291979474465 1.743760765331188844
0.879859073879764364 0.4749080075035718163 -0.01761801692673664946 41.5417971618030677 -0.4736313235139227307 0.8793304875367344842 0.0495102320218642547 -5.06693627703892524 0.03900486505416086297 -0.03521758221962876384 0.9986182165395894872 1.785116465769887029
0.8712619274146129467 0.4904446768236251919 -0.01914870264909990238 42.48789716829699614 -0.4891400749678607718 0.870845277044316024 0.04868768335055597557 -5.575152057470428524 0.04055417238964906246 -0.03305332698803975511 0.9986304805466396095 1.821443473008929947
0.8628088228263866011 0.5050838475606205247 -0.0212424618701511532 43.38772780614136337 -0.5037469098517565191 0.8625320862791970855 0.04772264613013521561 -6.090648715351588471 0.04242624267775042118 -0.03047469560496977523 0.9986347214372395253 1.854196165625797477
0.8548292964741924793 0.5184097423028742879 -0.02276429166270169113 44.26923799985658547 -0.5170134461163469197 0.8546327760838664522 0.04795742463980995351 -6.640255320943885486 0.04431670592831095379 -0.02922596668463182251 0.9985899420918540326 1.888360049780592576
0.8471957942998772362 0.5307220312284671726 -0.02436004288440175858 45.15762160445120088 -0.5292604813032263378 0.8470813778208909905 0.04833717285628154336 -7.210201843720960291 0.04628854125242230777 -0.02805824153062220008 0.9985339784058087087 1.930270330322708672
0.8402880211787312481 0.5415121596516970781 -0.02608874111349662739 46.0510031336384813 -0.5400328802929692529 0.8402908631619243618 0.04770485812857833824 -7.786394283434132646 0.04775489154015233328 -0.02599704283073601616 0.9985207179112736142 1.981963333668223859
0.8339114567952911061 0.5512664385980661219 -0.02640067993366925977 46.93906549511925164 -0.5497149216130361449 0.8339123896020939064 0.04902684391330115049 -8.361176350681006397 0.04904270773039497849 -0.02637119912954846365 0.998448482734557885 2.032807140656942124
0.8278077622434418803 0.5603921835474710011 -0.02636113405001376878 47.8071280540594401 -0.5587618448475279997 0.8277811652693416455 0.05063144445814223016 -8.96342844467539912 0.05019471597780254118 -0.02718350684198915859 0.9983694443660018347 2.085804497820384462
0.8217381608476368449 0.5692604777254371973 -0.02624697137862779667 48.67664345319241193 -0.5676033026678979354 0.8217075053348308344 0.05121783358268520298 -9.557278098305305392 0.05072362178746826766 -0.02718978073129714457 0.9983425414238070728 2.131265714499805064
0.8159053265804440125 0.5776197972344072618 -0.02557084082585665136 49.53785104469102407 -0.5759807765898093956 0.815857375873072721 0.05121413117981959279 -10.16433378733641391 0.0504444551626751711 -0.02705756966887308892 0.9983602780895055595 2.171727242401371605
0.8106544633802634792 0.5849523360324462296 -0.02588639742878814237 50.40613011808501653 -0.5833536160404767523 0.8106625312037573083 0.05024757859655878262 -10.79040338102489649 0.05037757094339883474 -0.02563250031700650688 0.9984012596513195392 2.224081381637454058
0.8059417523141515494 0.5913307753160527147 -0.02803223217852673227 51.25582714311228472 -0.5897040062650300563 0.8060841622301082587 0.04977457580691103251 -11.45035128249383938 0.05202957689399594077 -0.02358468922628675565 0.9983670094521008842 2.282077770111751391
0.8011485597808465364 0.5977145887322965478 -0.02997091219260765091 52.09497749524199151 -0.5959781668473899119 0.8013788685874480011 0.05100915234275629762 -12.07232688962256262 0.05450697021757931054 -0.02300389962774660943 0.9982483712982538337 2.332095384383655823
0.7963219826624766684 0.6040842584838724827 -0.03087893425123624039 52.94347568061799336 -0.602250186929230491 0.7965841056924850561 0.05242589915119123811 -12.69562502050948538 0.05626732863935569873 -0.02315105202995721909 0.9981472919953732204 2.378881656863843119
0.7920427448064386589 0.6096523238521441845 -0.03150133998996095669 53.78989794843421635 -0.6078010145333203607 0.7923510429073897798 0.05251429839423185642 -13.35389630595787835 0.05697558364553419186 -0.02244702263669443379 0.998123195824542675 2.426778495725315565
0.7879220191392855011 0.614964526305617265 -0.03158358974497967736 54.6480244087756617 -0.6130972965419221321 0.7882412001455381123 0.05279692572591856981 -14.02694533558957524 0.05736372310491946735 -0.02223604683457643116 0.9981056865346037421 2.484054399464850071
0.7840366986801026172 0.6199512385100862666 -0.03077201638853253873 55.48072896310160473 -0.618043568516285835 0.7842971593076777381 0.05385270018821913807 -14.70094241109053357 0.05752045321849418025 -0.0232040464513703984 0.998074631322638961 2.546883975201700068
0.7804491022180291004 0.6244353583427334486 -0.03129987377697346362 56.32364962750747139 -0.6225132782649982488 0.780749541675101244 0.05392004782902349441 -15.39476355991829415 0.0581069464938341676 -0.02259726588553016835 0.9980545808439843514 2.605267404537122466
0.7767887196383786996 0.6289768691182020532 -0.03142265356128218223 57.14417003988187815 -0.6270638353943692733 0.777111321309829961 0.05374886633775213113 -16.04753162611380191 0.05822569349584108545 -0.02204750340411069237 0.9980599562203535946 2.667061728365854645
0.7736923183838307905 0.6328014963386506819 -0.03102358305254098933 57.97278432968655437 -0.630850772466716947 0.7739826992868296118 0.05457182499073860715 -16.73542103400673042 0.0585448490646251693 -0.02265055046214040774 0.9980277817835344623 2.720623160084612469
0.7710495092997494693 0.6359722817318971266 -0.03196734392063088626 58.79990891699443267 -0.6339960349136027906 0.7714014981877984622 0.05466951899779039226 -17.43187915791622444 0.05942795573166933382 -0.02188573650450016672 0.9979926515837731493 2.786571618319057642
0.7685944117156983113 0.6388830875752453675 -0.03303075369592893551 59.62972702790813884 -0.6368407309750804268 0.7690019558938142596 0.05540645452123200282 -18.11272843798935384 0.06079896093293830212 -0.02154976198962568409 0.997917378397463084 2.840845782689424226
0.7666353260608413933 0.6411868314082166398 -0.03390758122129267776 60.48315629856816855 -0.6391042305934901968 0.7670949293115507661 0.05577770040087555448 -18.81374265279918845 0.06177426060334738345 -0.02109067692602862795 0.9978672878062050389 2.898983709759749061
0.7655774813612871155 0.6424453082561102368 -0.03398743785900452952 61.31697528642146722 -0.6403562209700222052 0.7660435636278962734 0.05586742243262579621 -19.53502418633228999 0.06192762144229610466 -0.02100677328827112514 0.9978595518300733547 2.957983955060837555
0.7647014655049813037 0.6434761115048880376 -0.03420763916266032073 62.15849105831708243 -0.6414416951539088085 0.7652034100615343615 0.05492078794299418143 -20.24259473127774456 0.06151601720376460164 -0.02005580097498589273 0.9979045768382054371 3.014568479636686948
0.7642189487531230174 0.6441112752225199856 -0.03301610967225965948 62.990758147873116 -0.6420995249980308017 0.764648998424179771 0.05495552025230864002 -20.96539542691466806 0.06064320542298776151 -0.02079842157755945956 0.9979427976071110207 3.078440506103362395
0.7639840815575517086 0.6445571150737151589 -0.02957107597828823389 63.82980497484030735 -0.642512824492917578 0.7641668897728086662 0.05679995543207238401 -21.71138677056351085 0.05920805256717610182 -0.02439446623317705759 0.9979475519927892835 3.132220566463391087
0.7634758974594302305 0.645324698095772642 -0.0257019070521514216 64.70035579849084684 -0.6433027368164264681 0.7633999589737148206 0.05815575159368321229 -22.45577162078781797 0.05715017762888499608 -0.02786640749236456507 0.9979766132181937532 3.18175067119009336
0.7632455341252329939 0.6456341545554339367 -0.02475465833692472306 65.56183697427610468 -0.6437007910312458892 0.7631475215111516164 0.05705393971615698584 -23.20282504718632666 0.05572742828837717183 -0.02761157153942042641 0.9980641536762490107 3.242901936323565604
0.763087211090089812 0.6458667267934887768 -0.02353889317307815421 66.42674583175598002 -0.6439942776182406847 0.7629364021136788576 0.0565633867868187562 -23.94624072319885499 0.05449108794756318819 -0.02800388456803415763 0.9981214874870649734 3.302818103780638559
0.7633960044974585912 0.645614066978650647 -0.02022416467008138902 67.31353412941412273 -0.643825705630119538 0.7630607946047627266 0.05680391277919815546 -24.70278696147110153 0.05210567231304854413 -0.03034304296596712289 0.9981804940271927773 3.352093845074888279
0.7644814194506275307 0.6444538071038826699 -0.01573053794583609624 68.20305941618508427 -0.6427523035515899652 0.7638779061728655506 0.05796568588469834526 -25.47958597680039361 0.04937241733881972405 -0.03420285032377154422 0.9981946350466180951 3.406024964300724989
0.7658528620753910499 0.6427915901216409988 -0.01698132267594099076 69.1041372342078688 -0.6410998314735442127 0.7653416849316408976 0.05694832210513538218 -26.26702800935491666 0.04960241662989192668 -0.03272731236886555067 0.9982326999700947834 3.459172185690867707
0.7668838414894980637 0.6415485202236022033 -0.01745479479159311315 70.02269129784983193 -0.6395625611138966438 0.7662062978596242413 0.06235093857899742104 -27.03761456240474814 0.05337512607707452228 -0.03665249403730849037 0.9979016437490728642 3.511265860359473301
0.7677079778682223132 0.6405745217433786998 -0.0169924339259197657 70.90324535155174601 -0.6381952682598696081 0.7667071313729831861 0.06976370311647939193 -27.79241807148948951 0.05771707102927273875 -0.0427136605204109232 0.9974188101879515322 3.558181241266688666
0.7680380243997769751 0.6402475696568610264 -0.01416483761186200507 71.80873430536024671 -0.637821915673693951 0.7667382200284192928 0.07277160046330201359 -28.55484812246559656 0.0574525627141799014 -0.04685671239143975736 0.997248039126394592 3.625458412896517046
0.7681803823286528221 0.640151656385745893 -0.01023508827468037549 72.71298827265646025 -0.6379886642582172085 0.7667266810768988972 0.07141891068070825577 -29.32317683984813073 0.0535664492328958089 -0.0483327358152740999 0.9973938951914587125 3.681723870251311759
0.7682279190533217728 0.6401524572370889121 -0.005540386297000775111 73.63726404118219193 -0.6382281435566050654 0.7665359259777122514 0.07132678990239754713 -30.09616642693924859 0.04990692496329908467 -0.05125920091855108718 0.9974376136690952244 3.742603005820227757
0.768377119362740002 0.6399792081475745853 -0.004818254727701177208 74.54947385551577099 -0.6380431938224093713 0.7665971415095920172 0.07231670240146338691 -30.87579082594881186 0.04997484624005314041 -0.05249224483793659551 0.9973700812512661384 3.803837494431755673
0.768078531837743772 0.6403425933966406802 -0.004090478216599109998 75.4586673981941658 -0.6382713237344952439 0.7660778207710631227 0.07572641428771097194 -31.64875640862195283 0.05162447315170502066 -0.0555529981614259552 0.9971202425821499293 3.851631885878423756
0.7672018590351409317 0.6414041477287120152 -0.001423646525071153857 76.36318763792301922 -0.6393142797581601311 0.7648774373462177145 0.07899213591230282161 -32.419476507476233 0.05175479871788444403 -0.05969275596826917329 0.9968742226051308108 3.903655055254583228
0.7657552668814078256 0.6431318399511187778 0.0005546931335826692146 77.28489420814835853 -0.6410018306267940558 0.7631484281550970916 0.08198249653129240089 -33.19246835651563998 0.05230224064495425651 -0.06313408782498650118 0.9966336150150787443 3.960642321188420745
0.7638060153751030645 0.6454455200161901551 -0.0006719879745152955832 78.19359043021299271 -0.6430160914656899429 0.7610205111869651207 0.08589579540884373365 -33.95338680259038711 0.05595245296674252605 -0.06517562614781922947 0.9963038998032900384 4.017758293694751792
0.761765593427256027 0.647835909442235236 -0.004670664575039161839 79.08952591198139714 -0.6450703662589261089 0.7591417246692298004 0.08710949684622422418 -34.72606712306946974 0.05997835647127588987 -0.06334411025012058605 0.9961877937676335559 4.062820636538585717
0.7592784661128351154 0.6507230844200679876 -0.007461789341267751827 80.02406254764716209 -0.6479379693759703684 0.7569971094223993946 0.08444977304336637181 -35.52700517406031366 0.06060196975581262635 -0.05928611750625199101 0.9963997980392963472 4.123891128351024449
0.7570964052447937132 0.6532801007504275281 -0.005490275851210818167 80.91308227954498022 -0.650605596083211446 0.7547065423335852508 0.08444165621358649954 -36.31636237426705804 0.05930760078286963916 -0.06035847017938476833 0.9964132995735174303 4.195687559846945192
0.7549798381676282588 0.6557222064079115675 -0.005816526792014398324 81.84021969507521987 -0.6531388788974323845 0.7527367774507628395 0.08244360948943248169 -37.11972636476235721 0.05843841915201983261 -0.0584442631622737116 0.9965787571840128978 4.269063952469554835
0.7533654128158282504 0.6575936205692196612 -0.003344392247010793181 82.71547728537626654 -0.6552189255408357171 0.7510580397761273952 0.08124026403670818464 -37.89770939437958219 0.05593491204918070447 -0.0590122959586080395 0.9966889356964609981 4.336128848774389866
0.7518048792725731122 0.6593840105074614266 -0.001466352293217401724 83.61889539714525199 -0.6573187343523120285 0.7496223624116808981 0.07744930756182005771 -38.70880389375439279 0.05216804550130817869 -0.05726290648776623249 0.9969952129118507811 4.394311502325501273
0.7502868628231788017 0.661084635664828002 0.006060359960766585619 84.53032978446934465 -0.6592300562792881014 0.7474279066393780813 0.08226334101338082794 -39.51762746683419891 0.04985334866344549171 -0.0657162754922917397 0.9965922008336519644 4.458282262800141282
0.7489045652202125369 0.6626057951350500241 0.009773046903218137946 85.42340328632872115 -0.6608118549558592569 0.7456085681422681688 0.08599741544158744089 -40.31504221332265558 0.04969551833033657162 -0.07086200227403023633 0.996247425136745135 4.520461971510221666
0.7480239531093442196 0.6635745886642321345 0.01135477229030938673 86.34204965527985109 -0.6616875936590824736 0.7443564946446492581 0.09001631673193018213 -41.15212727555964278 0.05128054184895690371 -0.07484767303948286488 0.9958755604332562017 4.585360516228547567
0.7469856171710230752 0.6647669027121086982 0.009871818382428338215 87.20533950159141057 -0.662486248006641687 0.7430103738411475423 0.09511863942740492184 -41.93346451311761314 0.05589685985552584474 -0.07759219949832601992 0.9954169938449431987 4.635381443082238206
0.7464962004310398136 0.6653746739750608929 0.004468330180545630921 88.0924485620806621 -0.662629899733447103 0.7427722744590368187 0.09597376867765018693 -42.7314781282989955 0.06053956327281154876 -0.07460490283842428905 0.9953738341704621018 4.692256066199102627
0.7460635565069582142 0.6658746130216298686 -0.0004115646770443634494 89.01185535376379221 -0.6629321593222405884 0.7428245124502286245 0.09344889426542969668 -43.55821013096770145 0.06253096663685941969 -0.06944597494725539277 0.995623992667455382 4.758826899063870464
0.7455967759602976086 0.6663799130118924774 -0.004822780512578848759 89.94239408268724389 -0.663521359225428764 0.7430311667961939648 0.08743049251334582272 -44.40724032121094211 0.06184540022709369284 -0.06198787545761936385 0.9961589480434340782 4.83768654919041019
0.7444689503292978294 0.6676334914665431608 -0.005612759373672539243 90.87648082223874724 -0.6648551945825816878 0.7420878773825390073 0.08528277949524872004 -45.23949438250343746 0.06110280052625182562 -0.05975870910646451095 0.9963409780059123699 4.907518504681296356
0.7437012492358204829 0.6684886454316885107 -0.005602036592736116608 91.81965778495266761 -0.6656173605537946125 0.7412339031618170315 0.08675154253901148915 -46.11020177985749058 0.0621448406103023987 -0.06078841774881448001 0.9962142274898083683 4.986091058086458361
0.7425126722626509412 0.669777305762930486 -0.008561087216409293474 92.75489180471218731 -0.6667670314385122365 0.7402760176092177957 0.08609961404856023015 -46.94523412598533696 0.06400513507564148385 -0.05822180379880791123 0.9962497499354074915 5.057239808549288895
0.7416698650082808042 0.6706873300142282002 -0.01021355457147351924 93.67671716176106145 -0.6676648296173676167 0.7396185821468315158 0.08478224009261714489 -47.79405873801146498 0.06441650899117515316 -0.05606120139184046086 0.996347155898933301 5.122459435943548911
0.7411915200979559692 0.6712319024386029787 -0.009102949166903578568 94.59021341442249309 -0.6683452273453537318 0.73913780647558458 0.08360598138380345712 -48.64215762497932616 0.06284733581918067191 -0.05588413180067532821 0.9964573127802895947 5.200513133618045458
0.740696018844821169 0.6717889680982015443 -0.008306022452778841908 95.49160412854898539 -0.6690834027529322103 0.7387190370922794846 0.08137311839921686218 -49.46289179858403173 0.0608013801487263042 -0.05471532307324067368 0.9966490985261567959 5.268681920143682085
0.7406922896648955312 0.6718185814327019001 -0.005892849287632987224 96.40638962501417097 -0.6691692265610488244 0.7384965247600641103 0.08267665414732225382 -50.31539561767051794 0.05989556122670791627 -0.05729464686216661357 0.9965590023607620029 5.339654052934522888
0.7407716593156453699 0.671721363690282347 -0.006910739237802759199 97.33590467528057388 -0.6690190919681286985 0.7386413778353001502 0.08259763635667764781 -51.17173708804026688 0.06058715488357265672 -0.05656257164978306662 0.9965590158899156892 5.414711381642287158
0.7410264950656455518 0.6714711746128484426 -0.002489030889017048494 98.25058640211044292 -0.6687390734835539918 0.7383355717271774532 0.08745647556733457395 -52.02864623379875297 0.06056224242118703194 -0.06314305334986299034 0.9961652320807897754 5.491357164852383121
0.7414858116745102201 0.6709618561269632409 -0.002996449240825255125 99.17155169536758308 -0.6683272809994211805 0.7389554544809079362 0.08534331704846943867 -52.89461263372842126 0.05947635292545595809 -0.06127824993890591126 0.9963470979167408093 5.555108450727985314
0.7420123131530154126 0.6703763724737187291 -0.003639554682840872961 100.0235508621460241 -0.667604431128929976 0.7394164549353197113 0.08699212440159319326 -53.69128005093715217 0.0610086114112519326 -0.06211944461972043752 0.9962023508975514918 5.620989928468967278
0.7415961638402128742 0.6707425385489428349 -0.01181426080633987685 100.9929324386345399 -0.6676441618413538892 0.7396602763822472948 0.08458101856382288508 -54.53558716227825443 0.06547062651782310783 -0.05483723664680494742 0.9963465634709169905 5.683977885993844126
0.7417634780368411729 0.670436992162349088 -0.01735460143567301231 101.8915241673616663 -0.6669711495473499285 0.7401456905111261086 0.08563785663650730351 -55.35871953234383369 0.07025972048176200302 -0.05194801592082911451 0.9961751730091018553 5.751875970140736705
0.7420197469458655881 0.6701041189075612747 -0.01916154914182597452 102.7528164303468543 -0.6665579123641167669 0.7405370236526083172 0.08547201919064864595 -56.14585278017634806 0.07146498868106078428 -0.05064964385715932382 0.9961562974603728193 5.822374236578715667
0.7421859191728226168 0.6699859565581655074 -0.01669968252490077257 103.6339133498082532 -0.6667506888927371422 0.7406660548499464092 0.08280890081432554228 -56.94324096983531547 0.06784968859658099816 -0.05032507533880370421 0.996425514802531942 5.903000294548972349
0.7425811391383717597 0.6696728920449871447 -0.01055790964448807129 104.5775789519687606 -0.6668544354811438701 0.7407378696278432706 0.0813177125743783924 -57.81445151359352508 0.06227691125194834837 -0.05334441075977258695 0.9966323094128594073 5.996022429486322025
0.742873695161205938 0.669384327389631717 -0.007955833247743897274 105.4358056986889949 -0.6667261719219066407 0.7408865864426168457 0.08101405867975612629 -58.60671747696215306 0.06012391131568037284 -0.05487885088571987924 0.9966812063110085385 6.069299614918017838
0.7430740684431257348 0.6691246505057972804 -0.01063630071385435888 106.3437564172734966 -0.6663940575969441449 0.7413110662979958132 0.07985526271704929124 -59.43417176225091936 0.06131793218024773201 -0.05225040736322578844 0.9967497209046589646 6.150823995077875139
0.7432582754638621392 0.668890826502330782 -0.01233686246638253901 107.2185303778035319 -0.6660463036542859649 0.7415780914454210837 0.08027612145980622671 -60.23849643434435563 0.06284470815389588128 -0.05144896995271772827 0.996696315909643582 6.219560227710973166
0.7434231335401620955 0.6687749867410965887 -0.007877920206015014137 108.0644961628740361 -0.6659666623178077671 0.7412857611354914944 0.0835692827482320405 -61.01791884878871031 0.06172883603799235452 -0.05688090582278863827 0.9964708291536554796 6.28712442940468641
0.7432907722734766187 0.6689676543564826439 -0.001051321969865183633 108.9720139279744018 -0.6666317085218258498 0.7408247120527660101 0.08234628835113227963 -61.83563027793920952 0.05586584865881962653 -0.06050639170138974454 0.9966032227104766328 6.366069865935435779
0.7427555141618895629 0.6695305046077145716 0.006568834131430495785 109.8327111388704367 -0.6678886551548668393 0.74016946855490795 0.07793524321235263674 -62.61044106820047972 0.04731797224660516665 -0.06227408143749939284 0.9969367824910390086 6.439511590915736328
0.7423772528371936907 0.6696213349037224427 0.02198368285019980384 110.7328545769707659 -0.6690176985038545077 0.7391495486799516401 0.0779311476550261506 -63.44613936045499258 0.03593512986628932815 -0.0725617842116673406 0.9967163357312411875 6.505098268744494483
0.7419507027915624997 0.6697755269272445133 0.03016451817017030274 111.5789950540257109 -0.6699853086565535909 0.7389979774209064489 0.07072252506940138184 -64.23040494244737886 0.0250766985763515235 -0.07268241119515402027 0.9970398318479404276 6.551398013152116562
0.7412054920829960203 0.6703267315312362307 0.03572802122499572214 112.4633035950306663 -0.6710415169013451697 0.7384807148858805181 0.06595086304500195895 -65.03772383791189782 0.01782417181092758873 -0.07285812745527353584 0.9971830284170332126 6.583843138280500717
0.7410155033996790319 0.6699844134008853258 0.04491001582266454517 113.2762130166092902 -0.6713600357268737495 0.7379102911049576496 0.06902249423345672985 -65.80948866248760964 0.01310443246123784572 -0.08129752813750491802 0.9966037255442107279 6.624570275451676871
0.7404592297015146762 0.6706861377852159078 0.04359167044963806192 114.1367765796859857 -0.6720441401759129629 0.7379916277363540722 0.06103303241904675658 -66.58516519752576812 0.00876372095957521878 -0.07448799885751369865 0.9971834009955971023 6.635522009599373661
0.7403156695378678709 0.670719230666430799 0.04547991920539912192 115.0880062593106743 -0.6722560910004170553 0.7384034631192347709 0.05321723185547956592 -67.48922054335760379 0.002111290964654622283 -0.06997170333607771742 0.9975467423548184387 6.620733402789659827
0.7399182390995214798 0.6707565461347776425 0.05105541367188436847 115.9181767159120682 -0.672664541417894335 0.7384920887734502948 0.04638803227213238178 -68.28939418694722008 -0.006588942776898341208 -0.06866651757858696636 0.997617910422979759 6.615117492625388174
0.7393576068461764628 0.6709472043175011002 0.05639306887574200428 116.8272888912889016 -0.6731729988894490369 0.738314249419951274 0.04159546453208557565 -69.1434477907945535 -0.01372744567939048789 -0.06871621440376030066 0.9975417981784702182 6.607296971798167995
0.738909870419276027 0.6717880806773636193 0.05208625592987849162 117.6853533077550935 -0.6736246281380032785 0.7382873713005007055 0.03408251375901139718 -69.93708480812566108 -0.01555839846852900832 -0.06027049060709957495 0.9980608218936729559 6.590803328403549877
0.7384653538797010253 0.6724721013924536139 0.0494994340184369136 118.6381877381121654 -0.6741690779284368329 0.7377376049895231214 0.03520341672968087254 -70.79193188858864971 -0.0128442782766958162 -0.05936749138324748376 0.9981535580672999952 6.564406488090784642
0.7383210575385326102 0.6724748523099295383 0.05157120326229794327 119.667673022646369 -0.6743777323810243862 0.7371960607507511698 0.04191231420718949385 -71.74855423542045685 -0.009833110586695220992 -0.06572321526152878624 0.9977894411707695088 6.5472860507987658
0.7382793437230539269 0.6726806841542247728 0.04943994131935353087 120.6366894294498877 -0.6744260572526681319 0.7372666116403803205 0.03984264874394642664 -72.66730950595548677 -0.009649037800624678599 -0.06275858926168378926 0.9979820917949406844 6.518247886894562804
0.738010247249854423 0.6728329618082489194 0.0513486169097867387 121.5893690856331517 -0.6746446458103639854 0.7372890927340112199 0.03548796436634842066 -73.55354625515948896 -0.01398130300140716306 -0.06083255082435796296 0.998050060831912722 6.504772859309184696
0.7375768371882751584 0.6728360649868053711 0.05720173857857746569 122.5288963813865166 -0.674977120604273173 0.7370799396369295264 0.03345219343458404049 -74.43543668902367472 -0.01965441182292232414 -0.06328342782981746795 0.9978020404158348677 6.490262922360756193
0.7372907418834118154 0.6726726343503053318 0.06256108158614905046 123.468877346473036 -0.6751798535531976508 0.7368617282817926384 0.0341607779397995262 -75.33462405632683101 -0.02311984621252729036 -0.06742640721401503556 0.9974563410602586 6.462239442226809238
0.7371119020232981267 0.6730192731522250948 0.06091881368876429087 124.4328808323143676 -0.6753556259956502439 0.736818920873266725 0.031506448215852835 -76.23268123913906891 -0.02368168768519339842 -0.06436564152407361905 0.997645348738506077 6.429010550785365652
0.7371748891346863175 0.672936708947637352 0.0610685563934983966 125.3365939178855513 -0.675268997864967413 0.736922556135619633 0.03093423315660374234 -77.07538791184472871 -0.02418601562278528336 -0.06404164277458380961 0.9976541006977452941 6.407059105356089468
0.7372523049816646079 0.6729429768032725301 0.06005654644060719888 126.2007852207317882 -0.6751525430817864049 0.7371257382728693131 0.02854276696247014938 -77.88430819410645256 -0.02506157156722469206 -0.06159055079172098129 0.9977868117407412418 6.369717499345766143
0.7373298554180531816 0.6728975738014389973 0.05961157170658885895 127.1419997226543899 -0.6750781482991122795 0.7371963738401012822 0.02847806324256348109 -78.76111246921573183 -0.02478261483852157998 -0.06124019569810926211 0.9978153438550756427 6.325254320925759899
0.7374304322736338069 0.6729243882530326903 0.05804416638219091901 128.0957930532090074 -0.6750037856903615685 0.7372738982715307809 0.028232751038128754 -79.65041319651278684 -0.02379594209948628428 -0.05999972184754125831 0.9979147190606096895 6.275866972324807946
0.7373160902978035391 0.6728524866906669955 0.06028693176922489405 129.1049413756371109 -0.675114315299852441 0.7370997452735688071 0.03007701439391316511 -80.58624359615508581 -0.02420008812324523848 -0.06287683732365999256 0.9977278481945871524 6.241636195682922938
0.7375030551570280757 0.6725953866636611433 0.06086616032583151009 130.1108289372338618 -0.6748826391440106987 0.737330200629662591 0.02962429107061700234 -81.53005186561976814 -0.02495329669732407329 -0.06292552008670075636 0.9977062252515784824 6.205346127592374472
0.7375836001707044565 0.6723986283549756582 0.06205253697931834705 131.0867436411415667 -0.6747897258327028025 0.7373694996780875144 0.03074161438689616832 -82.43509462504937346 -0.02508502879902942823 -0.06454692503004427762 0.9975993363065743802 6.171997363751013488
0.7378513636126287079 0.6721534452351752842 0.06152325798808694346 132.0677893010895616 -0.674504737323552539 0.7376397904373797054 0.03051063571254794549 -83.35646582644933744 -0.02487417421885282712 -0.06401004313373540033 0.9976392082486270629 6.131359606770728554
0.7379867585383135253 0.671877823523767348 0.06289462997011924239 133.0821870248427103 -0.6743109825819356695 0.7378276695607524083 0.03024944296897861054 -84.31393232286767159 -0.02608146835393526305 -0.06473422809854446902 0.9975616455743415711 6.0920335464561024
0.7381337501751668029 0.6716467697793667702 0.0636331949322597179 134.0923185107272957 -0.6741035325681828949 0.7380538811749108863 0.02934102693750662016 -85.25325359374362222 -0.02725792052672824928 -0.06455296373980842772 0.9975419392892539427 6.052451764052001693
0.7385947763171765157 0.6714227030992807599 0.06057483107558013502 135.0197678571244921 -0.6736715426982312627 0.7384689000730515485 0.02881555454060776705 -86.11274798742930159 -0.02538521135553494651 -0.06209055795974641884 0.9977476402661558108 6.0165083968120463
