1 0 0 0 0 1 0 0 0 0 1 0
0.9999996670435756796 -0.0007193679505380869881 -0.0003852563946259721984 1.424691995107268294 0.0007187282416617904804 0.9999983671520750184 -0.001658047918028079069 0.2395330090793937328 0.000386448512093553445 0.001657770471319274441 0.9999985512262564713 1.370436302245318094
0.999998860884138252 1.66010024801181133e-05 -0.001509289512500588655 1.573672516555041589 -2.036436713190870255e-05 0.9999968910502811115 -0.002493486527885418157 0.2299328283283577357 0.001509243425819349355 0.002493514423241104117 0.9999957522760297701 1.377796185764196046
0.9999961497520433173 0.001764547604047215015 -0.002141693918858188824 1.892777656324896141 -0.001766896279850423655 0.999997839252560361 -0.001095247801509158236 0.2085564339285461977 0.002139756674314546511 0.001099027735551357269 0.9999971067855202289 1.36856264910789216
0.9999920380673770204 0.003506381130726728742 -0.001905017905335474725 2.212104671819160373 -0.003507063657806438594 0.9999937872004793782 -0.000355056252371716485 0.2097663657108807533 0.00190376110729748309 0.0003617344445010303331 0.9999981224191563101 1.35159907942429891
0.9999846741965590091 0.005329258152759663338 -0.001500126509006629878 2.525074833537413355 -0.005330188133354769528 0.9999856043329272692 -0.000616620931654432978 0.2086631938764533789 0.001496818781557657588 0.0006246074379600748952 0.9999986846986768096 1.344844460640603367
0.9999801219283961373 0.00618230488820387114 -0.001238892384049919155 2.772796754172275335 -0.006184122328726284271 0.9999797997674196859 -0.00146856669393043821 0.2031540476038193044 0.001229788231085079779 0.001476198963711633245 0.9999981542270596213 1.348270688265764683
0.999973299042695607 0.007293184744767471084 -0.0004589748864057100765 3.068839678387712766 -0.007293949712876335312 0.9999719746084118066 -0.001687689349329943474 0.1940578260047792214 0.0004466533932383497411 0.001690992026149600166 0.9999984705221872661 1.345520024155166583
0.9999637579436649881 0.008475632195225801108 0.00080402616534671267 3.375726557348032841 -0.008473975663551512258 0.9999620106685612742 -0.002041802179837971885 0.2087279547166933369 -0.0008213011852219488651 0.002034914882570338941 0.9999975922899934089 1.343451856024197255
0.9999492273992141023 0.009789014973705822964 0.002391194170147945778 3.704442355950293475 -0.009781464214820040359 0.9999472011026666607 -0.003149280037934349633 0.2103191247386931029 -0.002421896267180183998 0.003125730760590232464 0.9999921820822816887 1.342671970034993167
0.9999340703972512401 0.01059578225437601308 0.004425410399377145351 4.046693098114925391 -0.01058586585564786839 0.9999414182016234109 -0.002258231390358350979 0.1871956292141475353 -0.00444907887896962926 0.002211235705215874609 0.9999876579907297502 1.335842966649624319
0.9999171703379514664 0.01186876276884920103 0.004978446914545265126 4.398536076077924406 -0.01186322298805678709 0.9999289787219498571 -0.001140812172970894281 0.1918148683223140916 -0.00499163336792749629 0.001081657254002692551 0.9999869567218889754 1.33478669755425372
0.9999047549891350029 0.01309788233205453831 0.004350451532152937138 4.771866552666732986 -0.01309332326799730883 0.9999137011364297445 -0.001074786232913699062 0.1749190662911124516 -0.004364153516740509713 0.00101772199661503515 0.9999899591526006937 1.326100775133437937
0.9998826727893491695 0.01485785154173444034 0.003726245186648946724 5.152002562150073572 -0.01484757166342880706 0.99988592788340247 -0.002771432201344750657 0.1725136614155070858 -0.003766997654179106945 0.002715781344490781832 0.9999892170720453555 1.321791406692855553
0.9998647185418338967 0.01601150107244261878 0.003765162501987745058 5.526477901190833819 -0.01599517136791109295 0.9998627024978772315 -0.004327891698354240264 0.1605145837025085953 -0.003833941597150750287 0.004267081795407174846 0.999983546317028682 1.310376384509411407
0.9998459131823568269 0.01709325978761206538 0.003996293579323054526 5.901590019532476639 -0.01707050835029522845 0.9998382704433301793 -0.005659567258425032138 0.1564999669152259965 -0.00409238771396787035 0.00559047643080087895 0.9999759991800178938 1.312823620237346667
0.9998215494055026076 0.01849317541364926473 0.003856398254851524463 6.301900814950066376 -0.01846761130471669121 0.999807922148660877 -0.006562479826641113602 0.1444075690342985219 -0.0039770186167434338 0.006490090284207886834 0.9999710306058995357 1.308273000661578145
0.9997998479576774011 0.01972613470392442503 0.003338208119305074127 6.707319185722407262 -0.01970226285739670388 0.9997811130117810752 -0.007038956117377391519 0.1244648095031421764 -0.003476328825530190531 0.006971777002095435119 0.9999696542712332992 1.301451344132444232
0.9997663002466857796 0.021429649634145332 0.002848685242610328634 7.13931814051934488 -0.02140843222313242727 0.9997443010096684901 -0.007280908489799220278 0.1152697746279847113 -0.003003984154624692298 0.007218221058339789956 0.9999694362149034177 1.290445183164812715
0.9997466310733565953 0.02221823348147982519 0.003608844473821918707 7.567156992127440418 -0.02218989935832355043 0.9997240422014849193 -0.007710240644176712989 0.09553299330809730816 -0.003779156511876452778 0.007628207213106585026 0.9999637635588465301 1.286528870333605079
0.9997311165725571991 0.02283266725860347637 0.004045227119195515635 7.999434697708217357 -0.0227949276947302347 0.9996983618951427175 -0.009142018133889567855 0.0704808785195655263 -0.00425274358267678336 0.009047349337029159458 0.9999500285724250981 1.283433154376545371
0.9996936620892307168 0.02437800004796204789 0.004277276269369132897 8.458860589845169642 -0.02433152544525810784 0.9996477419410694232 -0.010600419879787484 0.05964813930766610373 -0.004534186600670852413 0.01049309991292367988 0.9999346658687694456 1.280149215046240796
0.9996601881070806828 0.02563199914886022182 0.004744358054462495013 8.909084989889377582 -0.02557882777563178986 0.9996128599020854821 -0.01094778004885986651 0.0509612659903993237 -0.005023134812115033487 0.0108227047454171714 0.9999288160557494587 1.274409472575611657
0.9996079185349711071 0.0276474218767450014 0.00443049272112347025 9.387548555869654976 -0.02759513152068817504 0.999553509234947235 -0.01145822379158914495 0.032661982244313853 -0.004745304894163076583 0.01133147120507745596 0.9999245370735683203 1.255012471134113516
0.9995516277794983528 0.02961130980684867353 0.004440015188926695749 9.862883271679830699 -0.02956139628363364802 0.9995033713642901274 -0.01091487430893374293 -0.009205883086146837702 -0.004761013874905538346 0.01077872733399813654 0.9999305734819504687 1.250527616595893399
0.9994625227981372984 0.03260161573012246294 0.003435138100322801188 10.34306176816307854 -0.03255935571436718162 0.999401163843473217 -0.01171332846703261078 -0.02686142476649325261 -0.003814954449028566674 0.01159518693668726633 0.9999254961058123836 1.243842011177505702
0.9993322093445339283 0.0363166734586395229 0.004029217724456509407 10.81329741887762275 -0.0362700408547325312 0.9992803911471388467 -0.01109882900206877847 -0.03920183086170295206 -0.004429390812353294939 0.01094527741629593154 0.9999302882697932437 1.234975445876439704
0.9991559101261618947 0.04086757042468593809 0.004160402329622213749 11.31289173712732499 -0.04081967070687118199 0.9991058480129844099 -0.01101176414740064058 -0.04953685686530341636 -0.004606706344406324982 0.0108326429756874492 0.9999307136511097482 1.240434836642012151
0.9989540373554623987 0.04560069114071140656 0.003377605469978613422 11.79895545443754301 -0.04556320763174678823 0.998906814027176071 -0.01044849273259235156 -0.07949471640847449727 -0.00385037160904201127 0.01028366946017557869 0.9999397085729250234 1.23820006073546085
0.998710642838641971 0.0507019340563705373 0.002523046525540393898 12.27591048668244156 -0.05068020527937564662 0.9986825914556115569 -0.008037307779620361803 -0.1102955776577885794 -0.002927229691522822887 0.007899076303432867041 0.9999645173304329004 1.223127414450522643
0.9983759435380316072 0.05691956039692024766 0.002374659715931574759 12.7864927759884992 -0.05690688717634652394 0.9983664594755504718 -0.00510086131477765093 -0.153151549250931801 -0.002661119396736623139 0.004957442735461049105 0.999984170977261444 1.20987844665501254
0.9979261080257677552 0.06434210064572738752 0.001891297184172689369 13.28655086842400301 -0.06433213137424673156 0.997916370522190066 -0.004928926522660958924 -0.1812618332790117692 -0.002204493908004894875 0.004797033282584090702 0.9999860642420449475 1.204163305268160844
0.997402264975251085 0.07202172981213524061 0.001261846704976682561 13.77668477912949108 -0.07201113238998867183 0.9973789441907536801 -0.007045459307174913553 -0.2265142674627401709 -0.001765965500963970159 0.006936290060639274321 0.9999743842949398998 1.2033427315917824
0.996727185010147898 0.08082160750907227409 0.001669257737985686829 14.29577272799410537 -0.08080727264466558424 0.9967025290733367848 -0.007365678960214006032 -0.268419768743533016 -0.00225905942308581931 0.007206684290554953021 0.9999714797693278756 1.201025364443648824
0.9958812001216862386 0.09063001617743766947 0.002614462060773938088 14.83148759592752519 -0.09061353964816117046 0.9958689421576840672 -0.005851194593108361569 -0.3107748652274855972 -0.003133955427405087351 0.005590189031927724969 0.9999794638441162897 1.193646028201648557
0.9948876342342495294 0.100889032989157898 0.004471942563435670967 15.35286856563106817 -0.100876507082615155 0.994894599563883264 -0.00294382021043453285 -0.360623300952687853 -0.004746110680246697078 0.002477656379096716214 0.9999856677234318925 1.189365312151409837
0.9937362095480004598 0.1115625444096635804 0.006491880930385607318 15.85208584599838488 -0.1115602432879073402 0.9937574143315350828 -0.0007166440152579845509 -0.4090118533810182533 -0.006531305437306339848 -1.208070867221541946e-05 0.999978670724201546 1.175787002858413866
0.9924276546872725646 0.1225305516966620767 0.0085798667140696179 16.37094094052880777 -0.1225326965251522932 0.9924644383702562189 -0.0002772231714585611604 -0.4846518010145937083 -0.0085491809078126757 -0.0007761902624257605455 0.9999631538384211593 1.174203340386166694
0.9908656466354576198 0.1345034854197733609 0.009699625128289243725 16.91409191983765936 -0.134504206244449559 0.9909128523679154865 -0.0005809600952589579967 -0.5557178823656695466 -0.009689624360474735978 -0.0007289869782910972634 0.9999527887644188429 1.163933183018695194
0.9891534223103131129 0.1465822368779667872 0.009442190616962923069 17.44119246740105211 -0.146573565217101659 0.9891984660710936295 -0.001607700887459356754 -0.6366483144229153623 -0.009575860866965081597 0.0002062872926940300224 0.9999541291150356725 1.150023558825153946
0.9872863854889801782 0.1586451476179404074 0.009864591496189635197 18.0025662920651186 -0.1586553357820358334 0.9873339961333007508 0.0002539829458846882648 -0.7454856981725275222 -0.009699353380213172546 -0.001815823980798919124 0.999951311478352145 1.135927352178197625
0.9852580793270715454 0.1707971297239113395 0.009739486578023013458 18.54764540954339935 -0.1708176492377012079 0.9853017895912159485 0.001309250645590681909 -0.8428391253747338219 -0.009372717302669636777 -0.002953625978472438143 0.999951712966152928 1.127368224758322102
0.9830081599907480872 0.1832825417764418208 0.01012261189470038333 19.11202596828044875 -0.1833041982218461263 0.9830554492663264865 0.001246828788193132462 -0.9548417762870546888 -0.009722566834433267469 -0.003081160130174201602 0.9999479877205624812 1.110239964243711519
0.9805440740009012668 0.1959857653564829882 0.0110859694816789027 19.67473630495350889 -0.1959946649887774062 0.9806049194556440973 -0.0002885053322981134946 -1.063622689374871255 -0.01092749914902934119 -0.001889898680734890431 0.9999385071319758511 1.100010567600611333
0.9778614132579467322 0.2088011484036866316 0.01375270469663253739 20.23567870851358563 -0.2088298549824239292 0.9779517592956624705 0.0006694464418594200114 -1.176602912155422009 -0.0133097005672905 -0.003526601171151029415 0.9999052029842572242 1.090836192265872029
0.9749407493971635752 0.2217548762057592882 0.01775697169748825452 20.79585079527678459 -0.221862431721219111 0.9750684491887352534 0.004310543750179485385 -1.293560979195761185 -0.01635837875965757623 -0.008142129674918856599 0.9998330406466433562 1.078939453954028238
0.9718797975108871556 0.2344871353342216913 0.02157411766324337024 21.36153097932790956 -0.2347119868966748013 0.9720275947126864047 0.008522811982242984793 -1.430684766331430824 -0.0189721479335425991 -0.01334685280580817299 0.9997309233603649536 1.068817607570946793
0.9686458312311031493 0.2472883805492765708 0.0239522542555289826 21.95205462244936001 -0.2476032286401139426 0.9687971177026826197 0.01117076084991064366 -1.594938920030359863 -0.02044247552516063188 -0.01675116641582344301 0.9996506908005978742 1.050796233407252256
0.9652213854677818006 0.2604125307870647776 0.02308659448103479381 22.53638103152088235 -0.2606542875404135873 0.9653981057523162157 0.00811417257882923737 -1.750768462771489009 -0.02017472236376694275 -0.01384959273465080805 0.9997005398411212829 1.03483428570511693
0.9615613504332574113 0.2735276371277087226 0.02413298738869433524 23.1467793536858828 -0.2738530540700769289 0.9617046704632403742 0.01134158655928984606 -1.925666564778794942 -0.02010656931109588985 -0.01751452358823502031 0.9996444204485989138 1.021583748088513488
0.9577204622191526351 0.2866639022380025326 0.02439924999694912874 23.77471780869048601 -0.2870559332283642573 0.9578058007010203934 0.01438538639974993281 -2.115324911181120093 -0.01924597217927842552 -0.02078112838991601208 0.9995987881433812117 1.003393029150551508
0.9538207085171139799 0.299296966112059637 0.02544370413338704201 24.39918425081583209 -0.2997678401737214338 0.9538565775700145188 0.01722995716771033234 -2.313847905869446997 -0.019112770638840159 -0.02406149418750961472 0.9995277617435003314 0.9766714392138367007
0.9497764548811009622 0.311565303174354491 0.02918471537227396856 25.0637205233830187 -0.3121775733862025004 0.9498256671643460214 0.01940012037352330937 -2.526930012598678665 -0.02167598736367590609 -0.02753659117751507818 0.9993857552107354714 0.9530649384225431398
0.9458282424850028569 0.3230447647561879299 0.03241937200733347596 25.71084048847087544 -0.3237700884285628078 0.9459188905722402119 0.0202578946967074576 -2.752794946408410048 -0.02412188957547213228 -0.02965691187904590659 0.9992690338548009255 0.9370880651153965513
0.9419435454459662571 0.3340951657069917702 0.03350787137227007051 26.34634711196918389 -0.3348606251035763925 0.9420443691515614226 0.02051263769189185654 -2.978027914148557276 -0.02471272845974172711 -0.03054221342755776905 0.9992279290787565715 0.9127690107373733763
0.9379485246974345047 0.3447399461287116162 0.03750912637051348475 26.94903801192635484 -0.3457893175064413738 0.9379440397679966734 0.02628166969810043219 -3.207421800249426358 -0.0261211201202319783 -0.0376211085278412849 0.9989506190381989281 0.8971193973172628677
0.9337574724515633751 0.3557337770373472097 0.03937591288606221568 27.59443915095198108 -0.3569226902213061825 0.9336896608972921063 0.02880642877354332512 -3.447195591215217458 -0.02651746303953885983 -0.04095237487915292379 0.998809154516369091 0.8745963988536351597
0.9296837937673341212 0.3663710319646369951 0.03821400978101972129 28.23309195884612777 -0.3675931490388558154 0.9294304389993209847 0.03216109204033679864 -3.708514489677066539 -0.02373437140676964291 -0.04394685425256740496 0.9987518979282237197 0.850941977452903453
0.9258315600403247414 0.3762687358517706193 0.03546492427468374287 28.86971103798918392 -0.3774406924429112853 0.9253418916202665878 0.03578976530856872729 -3.963251461926135644 -0.0193506103654186544 -0.04652119982478131882 0.9987298592939677366 0.8272810047411875978
0.9220878013026313491 0.3857392394393443502 0.03097298573975673999 29.46778370707205141 -0.3867040484098823727 0.9214985088376596023 0.03606212907437941068 -4.209577586827180085 -0.01463098193172135235 -0.04522982828539168915 0.9988694594395143289 0.8099067154914068034
0.9188479749264069074 0.3937179476493882224 0.02654386317766628534 29.99815702283331476 -0.3944710046725872221 0.9182361094677110591 0.03514361595227986912 -4.426968080438830278 -0.01053686130879359292 -0.04276242472492944313 0.9990297040555921049 0.7961331964710167686
0.9159787551863203259 0.4002582240867103569 0.027861695897266614 30.58305650494335026 -0.4010708860591389313 0.9153481140125776516 0.03577673167513146374 -4.67928884189995653 -0.0111832197088400833 -0.04394524120504891829 0.9989713466223012484 0.7769429928735047675
0.9136470241077849774 0.4052179795462359513 0.03236517250772626142 31.25132798233304854 -0.4062068905407907327 0.9131371672380816928 0.03429979425002015192 -4.980100972649315061 -0.01565494861603223403 -0.04448486103022000065 0.9988873909119843075 0.7580309361691843772
0.9117759726074238236 0.4092094862223125684 0.03481626288758250809 31.89839004048419113 -0.41019957713395927 0.911546368434986487 0.02862734902342210092 -5.272313819975601668 -0.02002205521187225626 -0.04038334531287397083 0.9989836348641722985 0.7454057386673809127
0.9103966425525736872 0.4121867390337706771 0.03577772203072288743 32.61182960548366339 -0.4131687254399979414 0.9102705871007100713 0.02643979155772869724 -5.603385731666135072 -0.02166927657511932143 -0.03885293327452640083 0.9990099559206986335 0.7259877163389378829
0.9091425489353789358 0.4149193478346943631 0.036079918344060255 33.36063905556382991 -0.4159523223004157888 0.9089464748563094165 0.02828376600064930191 -5.965412978164022384 -0.02105923284863855244 -0.04072150093894334744 0.9989485812959075783 0.7063794917119345929
0.9080495174292765315 0.4173137605344159895 0.03599026486540617825 33.9656913253285424 -0.4183974614902913336 0.9077353724509561461 0.03098479981868814889 -6.256337843966838008 -0.01973925315046519413 -0.04319396798105167717 0.9988716849601423364 0.6865179686732170161
0.9068903537498759215 0.4197027730426040049 0.03740947173876298104 34.71297159155847112 -0.4208965551874801481 0.9064940408285290241 0.03338628121965105111 -6.612344293917969296 -0.01989914839226415363 -0.04602321417191091585 0.9987421527354040096 0.6691905735804808408
0.905566384703863525 0.4222900730310968354 0.0402568890224404563 35.34962689272738601 -0.4236779888910684466 0.905087440938695198 0.0362448063074372745 -6.909612971471005949 -0.02113018276290803271 -0.04987803599215626799 0.9985317706022033279 0.6491657379611825984
0.9046534618242820791 0.4243704446313522616 0.03888238332111987328 36.01554802982879977 -0.4256474611899544458 0.9042427929009775323 0.03419371680859145668 -7.224870688098460114 -0.02064831208327531573 -0.04748365202918070765 0.9986585752889138856 0.624297191241921734
0.903822217761796054 0.4264050343868814319 0.03583497355476809171 36.67066467085583525 -0.4275221072786086762 0.9033912756291853086 0.03330241590532329737 -7.539916979967199673 -0.01817268467250445635 -0.04541970680878268385 0.9988026851011154728 0.6012937466583758717
0.9031518142168541985 0.4279909680741088018 0.03377175926409544532 37.34888961365665239 -0.4290137831509536204 0.9026851500632333547 0.03326700650531125986 -7.86972669615399667 -0.01624728726007354865 -0.04453370748438860438 0.9988757553141349721 0.5891298900610466571
0.9027032078449943597 0.428946877983742314 0.03363769335666912108 38.01777756818876242 -0.4299708031373771777 0.90221209943784475 0.03374071838825374453 -8.201621580813515777 -0.01587535812999679719 -0.0449210807523270847 0.9988643899490496914 0.5676696114681549776
0.9021764387521021833 0.4297944116759043753 0.03680267724959324777 38.67933394894129862 -0.4310006399170329128 0.9016396682673177843 0.03583792680819085363 -8.531832531149282417 -0.01777981303846191269 -0.04819411062530683243 0.9986797314201150133 0.5476899895601055057
0.9017292685640226901 0.4306057684911598349 0.03824916152192599228 39.32998482352117975 -0.4318252354981342855 0.9013546207891073303 0.03296685561447174756 -8.841044353008770784 -0.02028034028249020918 -0.04624413178190522195 0.9987242803065139451 0.5380576655018920462
0.9017037432042702694 0.4307694978854066381 0.03698647297272542739 40.06859645132970371 -0.4318416753748169912 0.9014978848559751512 0.02853648558730108656 -9.202784258619159274 -0.02105057958533882931 -0.041703756326711236 0.9989082389325676381 0.5155683579805983019
0.9016528772003176151 0.431002310313857051 0.035483764463577816 40.70116886599600292 -0.4319701898512507965 0.9014998695045627342 0.0264526059799556762 -9.510146826508441009 -0.02058747474226299556 -0.03917899676324213681 0.9990201009471043614 0.498795042150108392
0.9014155074259714295 0.4314480091818379548 0.03609291267003909148 41.29381486153454972 -0.4324801642194346374 0.9011960091820130359 0.02840177091562816336 -9.806030543105654473 -0.02027290133920775159 -0.04121126554040337869 0.99894476377017416 0.4835196145012810032
0.9012915653931464766 0.4315729053001908233 0.03766087574558097534 41.95676519254675441 -0.4327032248524928515 0.9010389532979941052 0.02994534758369206753 -10.13703921394758467 -0.02101031540516606205 -0.0432854715858296199 0.9988417965805034271 0.466020272234750621
0.9012747384248879223 0.4314510435866362181 0.03941881359392280376 42.51628043463532691 -0.4326699417585292418 0.901037491741103147 0.03046571803802512746 -10.41709788645652424 -0.02237336308695615783 -0.04451331783752039001 0.9987582275802663334 0.4483602549606657828
0.9012759857275267628 0.4314318163695063379 0.03960032038991086883 43.1492271187308063 -0.432627256459389764 0.9011035950132919581 0.02908552943548741929 -10.73843935242831726 -0.02313556827260577348 -0.04334626717757588538 0.998792193903453529 0.4245566815487775703
0.9012478938132238993 0.4315292112367209998 0.03917618851600323387 43.86992863513717111 -0.4327034522085219659 0.9010709857952264867 0.02896206147438648223 -11.09092120151612448 -0.02280255126198324489 -0.04305366891952637498 0.9988125075551028687 0.4026533063532014012
0.9014288139328213711 0.4312572231965118852 0.03799079957701351901 44.63965129756318362 -0.432391778822826145 0.9012040770905702658 0.02947135968640937978 -11.47840153594212964 -0.02152772672854877042 -0.04299324221511392069 0.9988434001913080174 0.3767078254183453545
0.9015435200949766248 0.4309613474922032172 0.03862121622195553716 45.29525087241304959 -0.4322088329136150597 0.9011511213791717489 0.03349897294712250728 -11.7882566933458417 -0.02036678978654591493 -0.0468932127793109943 0.9986922551361980815 0.3504783009621579293
0.9017316381179147911 0.4305915284147975863 0.03835346756931399398 46.0186884990721623 -0.4318507933783653496 0.901276820899327924 0.03471288475591065292 -12.1446484681169764 -0.01962001721860249376 -0.04786468183336536203 0.9986611172751908017 0.3243299766431295694
0.9018548118637317312 0.4303820043505254267 0.03780514051630254335 46.72546919314670077 -0.4315989332191301764 0.9014294009399943519 0.03387323375575165135 -12.48220431841299316 -0.01950023493042863515 -0.04686539717304510216 0.9987108567475727616 0.299241198163415989
0.9020359518437297552 0.4299954852163873631 0.03788171425503576717 47.45564506508485891 -0.4312205500669318847 0.901602068675863455 0.03409614288121693565 -12.84092768777655813 -0.01949304443511204118 -0.04709132035659318455 0.9987003698636159887 0.2917421645556912413
0.9022943648618132473 0.4294544618863781471 0.03786481618202407196 48.27392016523975826 -0.4307133363781456281 0.9017748713065001365 0.03589015667493713341 -13.23582970646496371 -0.01873235181773611271 -0.04869236743090815667 0.9986381488554050279 0.2706051140875613825
0.9026421996061844144 0.4289226604989139768 0.03553042077772996382 49.15564881697864763 -0.4300269747565697021 0.9021968561409988707 0.03343102976293748502 -13.66782108975217369 -0.01771610769389728168 -0.04545529759919288842 0.9988092688037827349 0.2490787591011287549
0.9030371188989378961 0.4282230164265062866 0.03389705139521418525 49.94369375572519232 -0.4292480465434739267 0.9025810584074909215 0.03306883037884916082 -14.05028025829192195 -0.01643400223065826643 -0.04441262440565304365 0.998878091843086291 0.2170965389258816547
0.9033048430109165139 0.4277062156214788136 0.03328293424228986191 50.78660374926494825 -0.4287013417746263211 0.9028476304015909948 0.03288336720694965548 -14.45914461162517206 -0.01598499776848749318 -0.04397214342041029511 0.9989048655649627184 0.1940518006815974417
0.9038269949711832396 0.4265647904556734704 0.03375266959616855106 51.5298691545094627 -0.4275695241002401836 0.9034094615279554263 0.03218146799733927199 -14.8358743013189347 -0.01676499991216463467 -0.04351809239014288455 0.9989119632943976868 0.1721711167218518135
0.9040048544822109067 0.426117614801418243 0.03462660001424892192 52.31546231927144675 -0.4271227796864615067 0.903693280631880036 0.03007632979106009477 -15.20987962435607344 -0.01847577185145714632 -0.04197895778530353478 0.9989476527615210877 0.1507214223136803533
0.9042981785734844902 0.4253915956784327657 0.03587191875039708738 53.05357580444329813 -0.4264141775409157065 0.9040850107300275607 0.02830622838511747535 -15.58155479279669642 -0.02039003238797615358 -0.04089356550171192872 0.9989554358827897884 0.1329833616504421112
0.9046479608527049354 0.4244424826949050877 0.0382183962095226093 53.81859675253791409 -0.4255657128071764217 0.9044801665849799832 0.02845087586220646989 -15.94771957582251609 -0.02249202098440031272 -0.04200246585847110942 0.9988643060265219864 0.1080031549530933166
0.9048928913496920856 0.4237796509902913566 0.03974496938407762886 54.50928910626202395 -0.4249424109491902191 0.9048054384943764461 0.02740558059389925152 -16.28019236741559084 -0.02434753707223700006 -0.0416884381759022038 0.9988339559511230092 0.08981397052524497937
0.9049390341103382696 0.4235678595087242759 0.04093425136295487932 55.28453711868486664 -0.424772583347775845 0.9048945974660703717 0.02709280186277025076 -16.6472592483670887 -0.02556554281654842276 -0.04190508164788764311 0.9987944569092176428 0.06706743904798817546
0.9051884107362316856 0.4228868307656293291 0.04243429549099578951 55.96634987639033909 -0.4241743171704498994 0.9051533286532889022 0.02781367075475136078 -16.97790669711263689 -0.02664750873529662251 -0.0431761507417364257 0.9987120357166670015 0.04996980671997142132
0.9053458123824080772 0.4225627337870797584 0.04230479897159541286 56.62110972447834456 -0.4238082292265448192 0.9053654141527324173 0.02645849005351178299 -17.27824982866249215 -0.02712092995267637377 -0.04188320511184529665 0.9987543503224709518 0.02789827976054359837
0.9056420817476097396 0.4220497536617522916 0.04106610770343285116 57.41149559083032017 -0.4231357128145986635 0.9057882194821731403 0.02244704854086829876 -17.6626123298754294 -0.02772342527064873552 -0.03770552852525475146 0.9989042520731874486 -0.003077551347114848568
0.9059046434242492563 0.4214712031043378326 0.04121652552272918324 58.12874094973042105 -0.4225567643857300881 0.9060637258515558123 0.02223298378219286733 -18.0029824173882993 -0.02797423625849968995 -0.03755728490957085247 0.9989028443527303569 -0.02563441735177618419
0.9062978127955108043 0.4205863116130433288 0.04161044347047106184 58.93357241308565619 -0.4217447689025092816 0.9063885067284721542 0.02431511410418139146 -18.39962204145458813 -0.02748862356398183368 -0.03958572159587761541 0.9988379979858051927 -0.05551650539742536417
0.9065785469510909689 0.4201565074695178814 0.03979758081925903468 59.71693465655057764 -0.4211946771488423447 0.9066924423133233546 0.0224468036340001037 -18.76730228759196351 -0.02665299513246028457 -0.03711231982668105472 0.9989556013995573025 -0.09137493896335402432
0.9068760606037297167 0.4195588374996108705 0.03932165535472067347 60.47400861982553977 -0.4205846881943282045 0.9069704544106098609 0.02265203926121321307 -19.13131995053314327 -0.02615971636581823981 -0.0370806782865000864 0.9989698156288171482 -0.1286495579903035313
0.9069607691754464351 0.4192980891760283435 0.040140697428096693 61.31989866626925334 -0.4203712593059530933 0.9070535253242822948 0.02327888627745671596 -19.52244464832811843 -0.02664896857684678419 -0.03798703213101812387 0.9989228287829181596 -0.1514398225679882692
0.9070727216636175205 0.4190571365029552298 0.04012722217773063288 62.14364258238034466 -0.4200958301286173979 0.907212573394518107 0.02201908679859198095 -19.91988882155413165 -0.02717666503280460888 -0.03683019170245547397 0.9989519337069502347 -0.1702035673386821379
0.9071518087143620734 0.4188596646890462294 0.04040021340093701008 62.96455906299539151 -0.4198774833628541869 0.9073400601937851029 0.02090249105763856627 -20.30140491181295559 -0.02790152166347967602 -0.03592487249968028679 0.9989649186156359661 -0.1925439309615537553
0.9072163716686767465 0.4185726171373462812 0.04189772260056577602 63.75023512331318187 -0.4195964124441596277 0.9075061327459241767 0.01927354903819294279 -20.68205746218929164 -0.0299550603456595517 -0.03506541332038570075 0.9989359895150231594 -0.2261684437846693818
0.9071020467408880128 0.4186461938637320301 0.04360322421452730857 64.52332659153015015 -0.4196173127787393153 0.9075641892233776709 0.01576557184699877573 -21.07356726942256131 -0.03297252818395137591 -0.03259765026384191938 0.9989245244674067603 -0.2575511013918323489
0.9066913450419218368 0.4193549928333165089 0.04530115684880021282 65.26639832209360748 -0.4202984215872264118 0.9072875232990114114 0.01336364011906466566 -21.42826921164731502 -0.03549706519357061218 -0.03115670155383704065 0.998883986412300251 -0.289958944430165122
0.9064311374321225578 0.4199311248042190692 0.04517126868012304175 66.10435567662243272 -0.4208689688322603262 0.9070237940289334055 0.01330970095189128004 -21.83029082007148247 -0.03538225780781004137 -0.03107551264295257618 0.9988905887765683334 -0.3290778708274149089
0.9061789355769818144 0.4206148438511447263 0.04385076793678189394 66.93983561539103277 -0.4215982320834974484 0.9066440131066688668 0.01586077557699821713 -22.21545281053803933 -0.03308575857733602604 -0.03286010696744059295 0.9989121812999631755 -0.361914637759622293
0.9059887163064477278 0.4211584463510839038 0.04254420045712575815 67.76527370882058676 -0.4221831812520483451 0.9063211034623518403 0.01853156460434830788 -22.60450982499864025 -0.03075398174700364265 -0.03475083431985772492 0.9989227057789700215 -0.4022319808456928936
0.9057515247288869809 0.421661035856697175 0.04261626792145890852 68.61495494409066964 -0.4227794007462282178 0.9059765314643124512 0.02154304390177316092 -22.98697807618338373 -0.02952547638830921306 -0.03752992507520749865 0.9988592247999178442 -0.4399197071612580556
0.90554373435211577 0.4221153828801971764 0.04253408881743468012 69.46650099603340323 -0.4232512909517304744 0.9057392545244239423 0.02224292069927927967 -23.39692847592868574 -0.02913571491002878849 -0.03814454547435812415 0.9988473876259756912 -0.4757670374078073472
0.9054520357006371478 0.4222422643192402791 0.04322130571989839243 70.19682509852214025 -0.4234781065972630931 0.9055679852344847847 0.02475716767227248774 -23.75392534978486125 -0.02868630820390067129 -0.0407197045779651573 0.9987587303151417295 -0.5011168115104369658
0.9052609674883810298 0.4225856092717042434 0.04386323720911179669 70.90656260127906307 -0.4239434622467606051 0.9052524559095038725 0.02810572696162321957 -24.08882764828586787 -0.0278302274555878755 -0.04403855022902510019 0.9986421203481735676 -0.526385914993194759
0.9051598054724565579 0.4227990199718463238 0.04389436487649586716 71.69382337112062942 -0.4241977210420848077 0.9050877637031378153 0.02953698457112080913 -24.46823156637412566 -0.02724004441564378126 -0.04535558075583793342 0.9985994448599170292 -0.5587929993662995587
0.9049950319307159541 0.4230579930282308276 0.04478757322793677775 72.54883272521126969 -0.4244528539563365288 0.9050179822546166042 0.02796831357274422517 -24.89228207607237309 -0.02870134054435883111 -0.04432139811319010803 0.9986049502782613496 -0.5844201104630366572
0.9048687684165742651 0.4231751141795357385 0.04620968170642372058 73.42973106541417394 -0.4245468095396086605 0.9050569925535580929 0.0251365618104000578 -25.31630476607501024 -0.03118522813787601849 -0.04236346266590679949 0.9986154508002281771 -0.6219063113704023094
0.904764435034798975 0.4229987212641758143 0.04973327764216966401 74.28009149109951181 -0.4245842547804379308 0.9049872616254985846 0.02694933928914391638 -25.72073390271854976 -0.03360844668682547165 -0.04549877036199263119 0.9983988853193124235 -0.6540132717863121892
0.9047989390218703631 0.4228640276902246309 0.05024832365859241423 75.08398694182761801 -0.4243610350858448288 0.9051820262192782351 0.02373207345412949032 -26.11870643240426304 -0.03544843925715332467 -0.04279618552117427782 0.9984547534360629362 -0.6825922326413802477
0.9050317267585790137 0.4223068585645265993 0.05073943998257856441 75.93554582791198015 -0.4237729620022690491 0.9054937655570756139 0.0223050938821413719 -26.53327522524741511 -0.03652465244472833522 -0.0416888204034202986 0.9984628145390108678 -0.7201011926654063977
0.9049744275191956566 0.4224210628387171651 0.05081073908646371179 76.81799575032611926 -0.4238523156993687646 0.9054813624599462596 0.02127714064347262929 -26.9606785554335211 -0.03702026489082343302 -0.04079151759726612481 0.9984816233058699808 -0.7643857130215250262
0.9048774110159496509 0.4225912327245426869 0.05112260808510686594 77.66251284164650315 -0.4240887962551024293 0.9053355752162813852 0.02271979618533464737 -27.37047061058898478 -0.03668192912007581241 -0.04223915567523000431 0.9984339185964554719 -0.7943696555669033099
0.9050548349775228152 0.4222868584060202046 0.05049311736645776399 78.49735891666641407 -0.4238802109142298935 0.9053399477292618514 0.02617529065522372286 -27.76880794679296471 -0.03465995497857747576 -0.0450931066034632802 0.9983813395981174788 -0.8279529298942157611
0.9052006756809285459 0.4221010521214914046 0.0494210334242475291 79.37397174665453292 -0.4237474519116534721 0.9053084608904699015 0.02923504127771193659 -28.1889158875883048 -0.03240113802278456884 -0.04740561610251022018 0.9983500757834247175 -0.8721226773032563218
0.9051853073762108348 0.4222625105188183015 0.04831078058342135745 80.21759182939374 -0.4238487436081368465 0.9052689248067252725 0.0289899348236485957 -28.58033067186337917 -0.03149288573691669951 -0.04671772671717219078 0.998411564515526373 -0.91244487001519059
0.9050711638751335331 0.4223860351299083549 0.04935813660326907049 81.07315044842380303 -0.4240193423204323131 0.905191185819618549 0.02892255957934604382 -28.99287760344505926 -0.03246206493523132869 -0.04710577928140682186 0.9983622889003932466 -0.9505818214898316132
0.9049058397451654745 0.4225029434297836728 0.05134865127991117273 81.93886973129555429 -0.424300937072419837 0.904990952835835194 0.03098532047201507655 -29.41196714626713415 -0.03337867574610033777 -0.04982607829697309476 0.9981999929508017511 -0.995875603372569973
0.9046234038993939963 0.4230560149694730376 0.05176973358655557328 82.79568304389870548 -0.4249237454791748858 0.9046477908170945659 0.03243740275823078084 -29.81204679246290823 -0.03311053677341013746 -0.05134182279486454448 0.9981321102873493833 -1.024746909875697387
0.9044333394632370071 0.423625838143148914 0.05041313048097408045 83.61356273370347481 -0.4254164337818947539 0.9044248539310525414 0.03219536395335455964 -30.20744800270150066 -0.03195610013239853081 -0.05056513472056411995 0.9982093842551368335 -1.063415158791511939
0.9042915743237083248 0.4242232427530746586 0.04786845428061285712 84.45714685840590619 -0.4257222998438687789 0.9044547339123759633 0.0268729923741334864 -30.62529510204070249 -0.03189470211173488917 -0.04467968902710776208 0.9984920897862159528 -1.107189073637174337
0.9039602108197573038 0.4247833230273632688 0.04914331828978094757 85.30278577555047548 -0.4263050108599489296 0.9042107740663128945 0.02582467382365363773 -31.03235753165948907 -0.03346602710808067177 -0.04429452043120039872 0.9984578210867853798 -1.138701248442281377
0.9035616315992259784 0.425372814367988239 0.05132588721494919098 86.04917284395692434 -0.4269897352962535031 0.9038899314394153173 0.02574408270038683333 -31.40241070322105443 -0.03544211976420180016 -0.04517699236454345013 0.9983500866467203139 -1.160492848604320448
0.9032140497690802627 0.4259239038003220235 0.05285081334503204803 86.89187612766500024 -0.4275808695621017286 0.9036329617208176401 0.02494134070534672828 -31.80823426226931616 -0.03713462379309026562 -0.04512536607227975866 0.9982909000149147172 -1.209401828394655043
0.9028549354669880289 0.4263916530982196917 0.05516451460013420405 87.63995073713076067 -0.4281621523391960227 0.9033524001049146879 0.02513190261315503479 -32.17859357367439088 -0.03911696316392719586 -0.04630981961590317775 0.9981609408306730824 -1.242078968940585559
0.9024723735420991932 0.4270511070836269796 0.05631133928382772019 88.61197612673792889 -0.428824251921955002 0.9030726607088893632 0.0238648369728948484 -32.64108428862882505 -0.04066172594548228547 -0.04568502401023447068 0.9981279991185092459 -1.292023137453816695
0.9021730332521881168 0.4275276754741084706 0.05747960313234349444 89.50972674450390798 -0.4293995064974105436 0.9027702975963038945 0.02493699255445940011 -33.06325331893133779 -0.04122962396538000507 -0.04717919543173917235 0.9980351905750053376 -1.326179218836633256
0.9019779123028981438 0.4278992619129459718 0.05777601035084893588 90.36583559626019735 -0.4298639240717512244 0.9024944967949121155 0.02684567072237116492 -33.47901180772841911 -0.04065528870074644474 -0.04905002455916141618 0.9979685579172344889 -1.370049466317324827
0.9017274413193822058 0.4283820589191517092 0.05810708362831951829 91.20078222981018712 -0.4304233513871476013 0.9021827156096934308 0.02832112702162772888 -33.88147538756822286 -0.04029094379952115335 -0.05054858307912812876 0.9979085532234085454 -1.412182103992049464
0.9016370458912859043 0.428446517102093638 0.05902727724976533641 92.04855330853025919 -0.4305679493314755191 0.9020878826558579311 0.02913233553903785827 -34.30667235865976039 -0.04076614385643078514 -0.05168204667538373043 0.9978311919190140378 -1.452998927188592804
0.9014771138311286069 0.428737052779465555 0.05935952166818843356 92.88389867876830408 -0.430889596465657998 0.901923435950907848 0.02946644430824568381 -34.72356569122020176 -0.04090438725076736559 -0.05214072550786320176 0.9978016715996986807 -1.491613311429323518
0.9014021279706179168 0.4290689227112426396 0.05808668740301351635 93.84105796878198191 -0.4312067921835154305 0.9017284421478843903 0.03076554885504175982 -35.19756113892157856 -0.03917787723759764973 -0.05277950534973872149 0.9978373703916849635 -1.537952005699048108
0.9015815931670972949 0.4289568299059986489 0.05609517750462070934 94.72991068872499909 -0.431061207435180338 0.9017305934520879473 0.03268290496681178908 -35.64774711869227986 -0.03656318239435924627 -0.05364676047573958134 0.9978903540888925949 -1.583662211793818386
0.9014659239087668974 0.4293797228637942776 0.05470138594884649957 95.63531171641372453 -0.4314201995036675008 0.9015479860298363235 0.03298242480112441311 -36.08930832333618355 -0.03515393991474061869 -0.05333181488527551084 0.9979578738752019618 -1.63522438416675997
0.90104480008765786 0.4300467565971991535 0.05637424389933867741 96.51345940186239147 -0.4321779890200951879 0.9011843383743861624 0.03299960719866693037 -36.50495334918802826 -0.03661221164501350656 -0.05409783183223863812 0.9978642044634687958 -1.678484578367338997
0.9008580815682262211 0.4300477630631454051 0.05927595092109270297 97.41907012072775274 -0.4323559524820859146 0.9010822634028089473 0.03345272685714946459 -36.95651302985142905 -0.03902623766805249361 -0.05576446955952796269 0.9976809493561662467 -1.72371306944748115
