1 0 0 0 0 1 0 0 0 0 1 0
0.9999998048776148618 0.0001511921804870103997 0.0006061234666757435918 1.435300729001203202 -0.0001521566066896010074 0.9999987221337005572 0.001591407971898878195 0.2333226936210282543 -0.0006058820836896763613 -0.001591499887069483315 0.9999985500164538799 1.371096977353397861
0.99999983618494237 0.0002223004316417499402 0.0005274586301323241043 1.774530778731543634 -0.000223596598464606463 0.9999969526507564987 0.00245859589233319957 0.1447676877520172878 -0.0005269104758535682548 -0.00245871342753370024 0.9999968385418184225 1.37865555606006529
0.9999804773552534165 0.00615117478707107642 -0.001099071016051252851 2.821244241684690124 -0.006148977711526372458 0.9999791120818056767 0.001991349589249405676 0.1591029473912176084 0.00111129719813141516 -0.001984552549657724822 0.9999974132815119265 1.362401504065140712
0.9999322288246723645 0.01159727665184547701 -0.001020260742930382191 3.7011227410958627 -0.01159659250385665884 0.9999325301464339066 0.0006739415780697290788 0.198407822007570428 0.001028007793015513335 -0.0006620643561734354402 0.9999992524351034584 1.343363662514474921
0.9998930763264444188 0.01458507452241893272 -0.001054284408847918795 4.396231262750820434 -0.01458496015111591416 0.9998936270726653808 0.0001160898782797474652 0.2022696641294114139 0.001055865441055115189 -0.0001007007694325094818 0.999999437503604538 1.324767994155150896
0.9998707166137603686 0.01605677056147750137 -0.0008545041962553934093 4.992836272943828924 -0.01605698555648680387 0.999871048197568113 -0.0002453388173089855739 0.1799805675072381761 0.0008504546572997460441 0.0002590278606131380442 0.9999996048156435391 1.313734439488514871
0.9998699225506980648 0.01605381950025544166 -0.00155333766910358234 5.504038609429704465 -0.01605281864397451949 0.9998709308851251309 0.0006546636518290087272 0.1158032379271382584 0.00156364703328537016 -0.0006296430469560542137 0.9999985792777851268 1.310204984115982629
0.9998317605780316919 0.01824046838735660439 -0.001932835337870643507 6.127754301811031645 -0.0182374344488840795 0.9998324422993761784 0.00157585227330265653 0.09611453866770947041 0.001961255760000066642 -0.001540337195052186121 0.9999968904137499504 1.319016704620568525
0.9997797527096465853 0.02088480628767016081 -0.002066624824309546381 6.829716088925903428 -0.02088087893931789285 0.999780157595105301 0.00190404144599565033 0.08437113284845898509 0.00210593602930146933 -0.001860469143257052283 0.999996051836209765 1.331456629712779671
0.9997221047148403539 0.02334112805762176418 -0.00330228489494926265 7.536256419633196479 -0.02333312792631680316 0.9997247660815224979 0.002440742595848192052 0.0682923580788487028 0.003358345679623081764 -0.002363011689085522948 0.9999915688094842547 1.315852469826738202
0.9996586519818588812 0.02580383804863037311 -0.004091632898094575699 8.236967051975113918 -0.02579399054580660058 0.9996642981497527725 0.00244152749010912145 0.04663684808437010276 0.004153260109306207946 -0.002335154539248772681 0.999988648677444858 1.301799208580605827
0.9996093404510865144 0.02776815531685107932 -0.003177425568434580436 8.926057280047256626 -0.02776128421169048177 0.9996121898887562196 0.002186532579881932115 0.009748501471880638425 0.003236909306954933747 -0.002097468975783786573 0.9999925614933513618 1.298839974340303183
0.9995493243130898486 0.02993320868585932007 -0.002269643807804011624 9.601627857199325433 -0.02992655685764876103 0.9995478637594981119 0.0029101973248584663 -0.02346674150697253269 0.002355729163427490707 -0.002840963145219184503 0.9999931897110679868 1.287179275068096596
0.9994803673494331298 0.03219245264606167278 -0.00162520019480213735 10.34109025193528453 -0.032187250381697112 0.9994769500650928507 0.003131645166003364875 -0.0548070885895855231 0.001725165472656866195 -0.003077707135334640468 0.9999937757420698237 1.283464630952122487
0.999419446502197828 0.03406200606190427221 -0.0007414150520460479612 11.06891489679936136 -0.03405982852164040481 0.9994159447653109263 0.00277442425333085602 -0.08879052342108201268 0.0008354844804390730182 -0.002747561082090146239 0.9999958764283896073 1.281102898459230088
0.9993611445089599643 0.03573877227264320167 -0.000207369683958061275 11.78561623604386277 -0.03573780566574072393 0.9993548262427649487 0.003569385309952794773 -0.1197069787784325323 0.0003348013432256463314 -0.003559694051081634548 0.9999936082227341982 1.286392206477853017
0.9993048163099403913 0.03727804839754851607 -0.0004808403335864852145 12.49749469220447473 -0.03727641555839426163 0.9993003475742978647 0.003046995406194114627 -0.1501985162061882373 0.0005940899546999281727 -0.003026953180592035011 0.9999952422944662356 1.284031474513831927
0.9992389457048488355 0.0390000961790223713 -0.0007224158698832379389 13.23931742474546169 -0.03899769034470924184 0.9992345257818197046 0.003089115303777325693 -0.1868336736477363424 0.0008423386731154435762 -0.003058591768913359026 0.999994967728313533 1.279456947577023884
0.9991798183981437376 0.04047704976433645629 -0.001139714099201499234 13.94951197946007504 -0.04047260014384468363 0.9991738400484360128 0.003688631244645917181 -0.240810177338845216 0.001288077423508325083 -0.003639478704147741661 0.9999925474978866857 1.271574764045098949
0.9991010943115345988 0.04236804422288190791 -0.001397202283803670618 14.67812122346203196 -0.04236216649272232793 0.9990943226433415258 0.003997663303152263099 -0.2772106845733293135 0.001565310044948705443 -0.003934881265097987281 0.9999910332167447624 1.266924890431347928
0.9990362074499613554 0.04383787787723153473 -0.002212841435525255297 15.41222475679923321 -0.04382727671047328272 0.9990283887165473109 0.004631236828639957379 -0.3189621839950550486 0.002413715008332463063 -0.004529790463175882749 0.9999868274023504533 1.258233676393863743
0.9989229683878650956 0.04629026684739897396 -0.003180317967268513762 16.13516016108366102 -0.04627404430267065272 0.9989162788936957194 0.004998058127595797311 -0.3495258967246439585 0.003408232834007846913 -0.004845508886479126323 0.9999824523423299638 1.253735634713320168
0.9988388605738802717 0.0480254342883733587 -0.003806345870476148235 16.85175233300396513 -0.04801223115779525846 0.9988406598517245438 0.00348738959995140629 -0.3963807143937175259 0.003969416420960705447 -0.003300589096592842706 0.9999866748336662114 1.243634318944910611
0.9987390707123529054 0.05010141767670103774 -0.003180657072141198326 17.59217381040438255 -0.0500883742334129467 0.9987365534944355749 0.004056042493601980624 -0.4368257231619039338 0.003379851961164403399 -0.003891614169092296859 0.9999867158817058455 1.251981784938771547
0.9986354390689239358 0.05216619841933995555 -0.00243876569016726304 18.31954850713080063 -0.05215437099973174728 0.998628045145812937 0.00468497960236826088 -0.4781955189104938331 0.002679817389268116575 -0.00455139437165358058 0.9999860515967379238 1.256338169143713435
0.9985159801494708498 0.05443111141405271997 -0.001758265159924081097 19.10073448751634118 -0.05442247903434740269 0.9985072541853482475 0.0046321825301246667 -0.5240149482127958169 0.002007775360353000749 -0.004529619130495895693 0.9999877256189872998 1.25974837205284107
0.9983905528419965147 0.05669784579243563466 -0.001287741569461365015 19.83027954684482452 -0.0566914947301581304 0.9983814897754133 0.004524963987350633446 -0.5632522641295418797 0.00154221305693569722 -0.004444677302522199308 0.9999889331500441125 1.259671470773649826
0.9982438739093855151 0.05916690944279195952 -0.002906033270845659409 20.59001597451311483 -0.05915539663017155975 0.9982411690849815056 0.003899665803176073468 -0.6065174143942086982 0.003131653223122495174 -0.003720909947557089325 0.9999881737186956387 1.248021198490823158
0.9981456485988139393 0.06073803057456650389 -0.004019430951765760873 21.34210109816218193 -0.06072044050627846412 0.9981452781545551156 0.004362545414007465254 -0.6848088168123168673 0.004276948442112183703 -0.004110394103830476188 0.9999824060313934337 1.243619175593969395
0.998020530933231842 0.06268960342030316379 -0.005003344756763458169 22.12372210462449473 -0.06266558855122189575 0.9980229393105832791 0.004820437883922468539 -0.7477941619682292318 0.005295644179784566967 -0.004497358432335714883 0.9999758646686689456 1.242803637349013002
0.9979001308634494194 0.06455927541856985863 -0.005237249291341685396 22.86592296811308955 -0.0645253032321575215 0.9978954498689480701 0.006415323347103253811 -0.8010062701699974808 0.005640395864524060283 -0.006063916908979455865 0.999965706835095669 1.236550324971460002
0.9977321497812172701 0.06716251609312083592 -0.004444516283243871851 23.64685607691448865 -0.06712813437272382999 0.9977163302621080421 0.007479164655878922305 -0.8595992628523380086 0.004936685992471828363 -0.007163850944394420557 0.9999621534693491354 1.242030628881869658
0.9975755600109258436 0.06942990011799789196 -0.004742471770335849636 24.40713743236449318 -0.0694065334996893657 0.9975762969420353121 0.004925940212049015679 -0.9100166924483326092 0.005072984963913567888 -0.004584839039815989323 0.9999766217639964871 1.230159973895936121
0.9974195891651989054 0.07166697357883505815 -0.004243588997108155118 25.16005187911492769 -0.07164127908587461513 0.9974128603485175049 0.005925634339757746179 -0.977497823656393261 0.004657282519414397345 -0.005606327625036793515 0.9999734390523056238 1.23322239710490611
0.9972423507508668683 0.0741072317535684949 -0.003976439451049911845 25.91357864183644821 -0.07407853400831505841 0.9972282963080598694 0.006935116560179307305 -1.038217522394513814 0.004479360229305878911 -0.0066214231360978721 0.9999680455332504714 1.240084596878248346
0.9970508193685908571 0.07662737476148782922 -0.004231906613356485949 26.70841354447549065 -0.07659636414865213239 0.9970371915344435898 0.007059440226841815456 -1.105632025430137722 0.004760314656485519456 -0.006714472002456480307 0.9999661270613617869 1.241437429762969558
0.9968401909734212474 0.07931194987750977976 -0.004387284661427714658 27.48989743895264581 -0.07928010720406561407 0.9968277321187666296 0.007009784637792063761 -1.188665905647250609 0.004929326707055141366 -0.006639810658726453922 0.9999658067417261931 1.238805805314668662
0.9965740432583917174 0.08255454531727311751 -0.004992329223872324535 28.2715991069817818 -0.08252131516446635506 0.9965678946347220624 0.006531762920086135737 -1.277670326933427525 0.005514421741945773302 -0.006097411809587535529 0.999966205790013829 1.228777931538483026
0.9962303648897782304 0.08659301999116508775 -0.00516807124458582446 29.03041084874631395 -0.08655224218836835015 0.9962179249190618036 0.007652152777132488308 -1.355204242095523259 0.00581114822952084626 -0.007175998799346893636 0.9999573668899520706 1.224178868733354797
0.9958259827683129117 0.09115946621589648968 -0.004534728520719609815 29.79331934605118448 -0.09111732730777116762 0.9958016027189389163 0.008763600098190124296 -1.431026460515528287 0.005314575035908460435 -0.008313828337494369794 0.9999513165902439438 1.236614540112746852
0.9953903074942331841 0.0958208451345982648 -0.004062189585348741604 30.58083658433317353 -0.09578228866489353621 0.9953633104843661039 0.008810977228343452872 -1.519908559825753125 0.00488762975796940783 -0.008381275517170078126 0.9999529315403071772 1.231351693317788154
0.9948993544132889166 0.1008124832539819132 -0.003481064231903923008 31.34335955629151726 -0.1007822183947479633 0.994876454029578916 0.007986593326602382456 -1.592717393029787543 0.004268377145280241244 -0.007595027168932305499 0.9999620475392297925 1.224014401170103516
0.9943978040486266545 0.1056830806440001297 -0.002023306418432744506 32.07980515895063434 -0.1056645000303814003 0.994371552962151628 0.007760676063873957545 -1.682454887060294224 0.002832090499725610066 -0.007503407574737045414 0.9999678385519049639 1.231612761284080371
0.993868614360777225 0.1105600149137124927 -0.001288600352482065442 32.84068394229395693 -0.1105481129232835508 0.9938450173641464325 0.007155151260490058562 -1.773468629524203255 0.002071742669757633149 -0.006968827931525852469 0.9999735713105477597 1.229042775515617469
0.9932861022165534459 0.1156798870857042999 -0.0009396101772899865222 33.58250661624401801 -0.1156682024456912178 0.993253208594003012 0.00830244305614811183 -1.854756928931502236 0.001893696498691562488 -0.008138018281909438836 0.999965092676746492 1.235066221652159513
0.9927106918758563658 0.1205150919103053636 -0.001262876561350847983 34.31124118911532861 -0.1205010124085618972 0.9926799115063774659 0.0081301476125721691 -1.940700308038225685 0.002233437679938722522 -0.007918706557339540153 0.9999661523484625336 1.232508063877069127
0.9921051878029496507 0.1254060472361391843 -0.0007871791926488039661 35.01636494507208397 -0.125392970111847829 0.9920614847131939973 0.009519117353117308514 -2.033112048026696428 0.001974685039025887451 -0.009345258972356284416 0.9999543823363824524 1.249127036661180634
0.9915626602090852337 0.1296227220729160023 -0.001200333907627568197 35.75085338455124173 -0.1296067382360950315 0.9915241852991197868 0.009048943071829651866 -2.151124294190154274 0.002363108732700747346 -0.008817022701822186184 0.9999583370459955711 1.242547313493354233
0.9909388615649857845 0.1343136921650293081 -6.882795685756264961e-05 36.50625402228506999 -0.1343095151979528945 0.9909118344224714381 0.00739530450917772874 -2.249315217509584297 0.001061493090301628747 -0.007319050381733379837 0.9999726519930076662 1.239874813869616288
0.9904622273594865245 0.1377794009948369869 0.001188627607283842397 37.23903362198348077 -0.1377843141923438541 0.9904390339105239027 0.006782541480418838829 -2.368884907738317391 -0.0002427686766428440541 -0.006881625381553443076 0.9999762918667010059 1.243728417621966287
0.9901013492785328829 0.1403472263391772334 0.001405067873234238469 37.96737966046026003 -0.1403534154861236505 0.9900804990067461064 0.006443931093063830044 -2.474014402641253163 -0.0004867424454378112796 -0.006577350944898638536 0.9999782505316500147 1.239281198348596291
0.9897838099754794339 0.1425752794050788308 0.0005470036451660214172 38.6853170095355452 -0.1425753946656155846 0.9897561539214491111 0.007417048642465711578 -2.58558247032074684 0.0005160875585400750108 -0.007419263924706245329 0.999972343705788469 1.229159045168119802
0.9893822665188112264 0.145331662040959847 -0.001199460925631992345 39.42996996401897292 -0.1453177687373626847 0.9893531942309069516 0.007937452632653413387 -2.695806299526086303 0.00234025368160408441 -0.007678871890679846157 0.9999677785504852423 1.215430425524487434
0.9889503153695385906 0.14822411894745946 -0.002623793577919560863 40.16365562942738876 -0.1481932903053500838 0.9889127880311320284 0.009499809312172520157 -2.804885740828795715 0.004002803887824255176 -0.009006010811829546353 0.9999514334857932951 1.21471667286365137
0.9886519511380600367 0.1501842928524298459 -0.003463768370211403949 40.89860052733173035 -0.1501398976054738321 0.9886067375684036707 0.01071118954062413343 -2.945041248335206419 0.005032957174934301649 -0.0100695886099150117 0.9999366343560487369 1.212559146852552061
0.9883530508563452832 0.1521370701332106778 -0.003543833268803643546 41.61409858027965925 -0.1520969200260676724 0.9883180376994851191 0.009694497223844193018 -3.06945084679258251 0.0049773267462083692 -0.009042579782433833244 0.9999467275656938048 1.221726620991045786
0.9880724838262016085 0.1539708606912353339 -0.002395989048544715835 42.3340451501453785 -0.1539407395737843465 0.9880315624868094559 0.009791845043207528243 -3.193917633790238852 0.003874971612392788881 -0.009306212326939681395 0.9999491882126456677 1.226898811047183901
0.9878210184507488778 0.1555859805984776689 -0.001624237709011646432 43.08749422076696334 -0.1555631411640278905 0.9877778143574198477 0.009751849796796399628 -3.328119322956906601 0.003121637087488059788 -0.009380410678039231148 0.999951130444585945 1.221881169373950415
0.987446475245537858 0.1579525610734111296 -0.0006685622737084617523 43.80684514586970124 -0.1579385989414277547 0.9874005607480504931 0.009774026747164236625 -3.433007058462999694 0.002203971320669339488 -0.009545736471628325781 0.9999520095612748349 1.228815443015728315
0.9871812578847296571 0.1596025394041614698 -0.0004398827865472300716 44.54691949907699211 -0.1595890026191306155 0.987126721647702654 0.01059177284925452538 -3.571825788966852766 0.002124693896526695745 -0.01038579918938201292 0.9999438088467991204 1.22002562971801809
0.9868017678762203149 0.1619311397731036939 -0.0007595315330390193121 45.28256558809344057 -0.1619115706153588796 0.9867369708011356488 0.01161007127740336375 -3.686960802899129863 0.002629489918935765634 -0.01133386191826432805 0.9999323123875855091 1.219790401174905448
0.9864244635093765146 0.1642155080381706433 0.0002114474029838594679 46.00490961903130227 -0.1642080783813311962 0.986365839017833701 0.01086915879705051616 -3.822428358915414215 0.001576319938752885393 -0.010756325506901478 0.9999409065925047857 1.226361371946642853
0.9859629426890728077 0.1669592811733383586 0.001293860110803454278 46.73466936677817785 -0.1669638426953605204 0.9859126415586361158 0.009966867475353231517 -3.949106965784341838 0.0003884279895853177153 -0.010042989841401272 0.9999494924638655524 1.224573393708046298
0.9854150818317667371 0.1701477257107376628 0.002620674332305427019 47.4569586262286407 -0.170165432045405185 0.9853669440402301749 0.00978321673165234891 -4.072121154875495641 -0.0009177337811225862131 -0.01008647749620616638 0.9999487090528321742 1.229767149814521954
0.984678720470387181 0.174343492878838352 0.003487684562513083866 48.1757376569833653 -0.1743729301983230895 0.9846090591486340582 0.01179329710015197125 -4.211812593314239628 -0.001377921206704853154 -0.01222076647547763392 0.9999243742403222113 1.229056833306191754
0.9836379574494823474 0.1801266046762397266 0.003282522264960769862 48.89209181260441284 -0.1801545059735984444 0.9835496943439820949 0.0132042695090692358 -4.343205782127546044 -0.0008500835364808409381 -0.01357958186650468774 0.999907431872726904 1.220205836974819658
0.9825201831989209822 0.1861423527284098989 0.002261443674062965734 49.6072891901130788 -0.1861560841223370011 0.9824447720138228535 0.01217301470240648303 -4.492885221740591462 4.417008171657416652e-05 -0.01238121413431836869 0.9999233488550830495 1.216149617586480991
0.9813068437995782212 0.192444529589449409 0.001407601934404308997 50.33162475191316076 -0.1924478085703077435 0.9812388337711358544 0.01158413034920402832 -4.643559728322463442 0.0008481088352265535877 -0.01163847629875574587 0.9999319109723656673 1.213438932944723936
0.9801161175314777596 0.1984247814141752164 4.770491877104624548e-05 51.06052477501956588 -0.1984138811630573873 0.9800596986227009255 0.01072002319926985796 -4.781185939909947002 0.002080364591756436298 -0.0105163328359996755 0.9999425377624695521 1.217324275023189184
0.9788714804105258516 0.2044686195004371265 -0.001791222624624802485 51.7823931120580454 -0.2044365404725155544 0.9788159013275967713 0.01118625173478325976 -4.933650293947397181 0.004040514637396012097 -0.01058371143927770881 0.9999358275877683333 1.213103832137140348
0.9777601681506412623 0.2097090196407741247 -0.002679675229406407785 52.51552797823892149 -0.2096610645153906549 0.9776952611545816074 0.01241830673431707985 -5.111481461966601358 0.005224136704076019593 -0.0115803021195392368 0.9999192992429525306 1.218317423997896887
0.9766543136084030463 0.2147977964063429446 -0.002873737823511756523 53.27155708319080674 -0.2147498335311604778 0.9765960417071238853 0.01194488678541850112 -5.278306966277330758 0.005372216343176766488 -0.01104889048533164164 0.9999245278072766974 1.208957657723310763
0.9755620477076245578 0.219719936831207302 -0.001356625002220789283 54.02062348902469324 -0.2196818131517505046 0.9754767570805324972 0.01360137368088947842 -5.458048974106564089 0.004311849123723386981 -0.01297095811951027092 0.9999065767373450653 1.214844400170276284
0.9746364083159776426 0.2237929960338624347 -0.0007526693287703064162 54.77511052659436075 -0.2237696385745787664 0.9745735506151346206 0.01155609335424243392 -5.649421275512001905 0.003319704374371707824 -0.01109456477727788389 0.9999329428493040073 1.20541519048073531
0.973774895623243486 0.2275130138738316321 0.000530256529327937493 55.52299251099217514 -0.2275031942693637732 0.9737052529986296445 0.01184807495379562418 -5.830249255024376964 0.002179277673297666182 -0.01165799300567299177 0.9999296685006913155 1.205224781451500471
0.97329379322286802 0.2295559592537587401 0.001803786275472734832 56.29285681699769839 -0.2295618489399521289 0.973233297683758658 0.01087684654976017046 -6.028477510029433439 0.0007413400781910973146 -0.01100044774920917214 0.9999392184349034096 1.206970463487986978
0.9730012124303073495 0.2307824814890734044 0.002843738190715809633 57.05467303285582403 -0.2307987332133467906 0.972962851081373481 0.008673820537656907331 -6.21096185996040262 -0.000765085790096491471 -0.009095969071550694812 0.9999583381273358107 1.206210568702556829
0.9726738124618514725 0.232135304475508536 0.004342230646779712128 57.8155843275284127 -0.2321671904967487488 0.9726292655296588929 0.009524048093253887487 -6.402106658865774236 -0.002012512800770849958 -0.01027191565868701244 0.9999452172698900521 1.210149589758902744
0.9724066452355794032 0.2332465981397387755 0.004619605819247128188 58.57931831517950627 -0.2332843959070060591 0.972346293574899323 0.01100345388770977706 -6.591142702078028215 -0.001925338409026192653 -0.01177751363382381448 0.9999287890868108208 1.203670295320220074
0.9719925517993122099 0.2349845687943629968 0.003568147304783405357 59.34159140001587218 -0.2350100120645012558 0.9719305267745119714 0.01101568669047716525 -6.780804080233338915 -0.0008794749026116102262 -0.01154571575724368596 0.9999329592385424181 1.195670690041984896
0.9714913837846235189 0.2370591554262508338 0.00272911356119394247 60.1047986346930756 -0.2370747915277628126 0.9714177011892545233 0.01196632935582384906 -6.957052955326282095 0.0001856187087445141379 -0.01227218989328751966 0.9999246766136528075 1.186823993280256895
0.9711502832608974733 0.2384605666940428081 0.001919753691142422111 60.86750071989438027 -0.2384680435955361388 0.9711061228945585544 0.009267699844949222471 -7.143568777785895385 0.0003456963930590487878 -0.009458129236511453666 0.999955211139653577 1.179054514399052733
0.9708158135390323462 0.2398181742532513039 0.001974710202512090611 61.62203816553697067 -0.2398259719478795238 0.970767852983378865 0.009658094703194118266 -7.357566735225193888 0.0003992014549279745928 -0.009849817860151273419 0.999951409682650616 1.164051760509827504
0.9704145452632958468 0.2414267053263280394 0.002959104037577716274 62.36308653577546579 -0.2414442346079405111 0.9703666578513666652 0.00965561520331731718 -7.550710459035896882 -0.0005402925287430709704 -0.01008440804624275745 0.9999490050989301437 1.172497049258525381
0.970059768399857969 0.2428352110146694831 0.003886646816326358618 63.1039261072723221 -0.2428626257579996339 0.9700089962959406176 0.01001459509274866058 -7.737625863481786936 -0.001338186064687450164 -0.01065867704749710876 0.9999422992661394227 1.175253445598947621
0.9696146225125610307 0.2445979776937951267 0.004394669262819703853 63.84294502477639099 -0.2446313242400088295 0.9695610348437951886 0.01033996678952990578 -7.942006670232786725 -0.001731765112115673209 -0.01110085675678290466 0.9999368839926157104 1.178161661630041657
0.9692449934121808441 0.2460745603998417685 0.00338429748191807888 64.56904592958640876 -0.2460952552056593079 0.969206120578517405 0.00875335355174548628 -8.148479886661249338 -0.001126104206063302873 -0.009317003658100543595 0.9999559616963898945 1.172628468618283293
0.9687227893931288358 0.248129792602063276 0.002786275947008003649 65.308279394510663 -0.2481449670756742942 0.9686817152236504302 0.008933639033398185422 -8.341370742142350636 -0.0004823125628953252265 -0.009345620076998869749 0.9999562124213080549 1.179183063842135004
0.9681481929272008902 0.2503636306344735885 0.002670016352081994518 66.04870188791124974 -0.2503778432890477745 0.9680883597124294582 0.01076398528533601545 -8.546907592558927291 0.0001100986854403517912 -0.01108964583847382376 0.9999385019257217566 1.184276305859874201
0.9675380974335603401 0.2527164795134151931 0.002100237365611121263 66.78378898858676394 -0.25272383567306278 0.9674720667861572698 0.0113341462499806072 -8.728840983828535016 0.0008324045537359697506 -0.01149699834160109076 0.9999335608588163504 1.175021029957955987
0.9668723329151378554 0.2552502264313649127 0.002283363741437428006 67.50022311711958878 -0.255260288802593216 0.9668233673454205146 0.009734542376445113471 -8.911653336367541201 0.0002771347244223596709 -0.009994911785455444161 0.9999500112179335876 1.170054588564095388
0.9665116382303134968 0.2566009861075529974 0.00334471134584451036 68.21214982711397568 -0.2566209643267799434 0.9664717699155200847 0.008831682985452936688 -9.118370878720597261 -0.0009663505312183439874 -0.009394247441566243306 0.999955406146522785 1.164263422170767281
0.9661454765759710517 0.2579651668686748778 0.004109838708083859114 68.91712286936005682 -0.2579915165495154095 0.9661110582185608031 0.008354673919053437481 -9.317966063629659956 -0.001815345771712514314 -0.009132133936233174931 0.9999566533852853878 1.169302932700103437
0.9659410203976260823 0.2587149253016415851 0.004953033349265236439 69.61957228111697304 -0.2587500616939418241 0.9659046638760193648 0.008751335665789552673 -9.534466173053745663 -0.002520056859324416865 -0.009734871787549431027 0.9999494395141714786 1.180471491758435132
0.9657070832961063278 0.2595906253219014692 0.004747264129086737131 70.33604652793216871 -0.2596221005379912294 0.9656765513666691891 0.008072363521170820844 -9.740195538295111533 -0.002488811758316735422 -0.009028033316337917211 0.9999561492537913931 1.179757259446838624
0.9651499045413846067 0.2616637861111135166 0.004210083342841485984 71.04424845632605923 -0.2616925225654954112 0.965106819473608657 0.00926556198204228805 -9.922766779633523271 -0.00163871811606018658 -0.01004440359268955925 0.9999482109386481632 1.166279926514983245
0.9648188924173931591 0.2628872102755985263 0.003849611407411743409 71.75296721420573931 -0.262912225110258857 0.9647757310891986737 0.009216864373245403294 -10.1210120353640427 -0.001291015897423947612 -0.009904714777088416411 0.9999501137072475121 1.155803664182138757
0.9645318656744292785 0.2639289165865588149 0.004450515481376451227 72.45666529974340619 -0.2639587348113265342 0.9644954241353790314 0.008623406445201001191 -10.32796095117254964 -0.002016535496463801782 -0.009492302742780969749 0.9999529137780592825 1.152851283081413047
0.9641732262679588716 0.2652346723407885132 0.004534130160245553737 73.16554309688717694 -0.2652642297738234123 0.9641412710514611906 0.008154621865729402147 -10.5426345001912356 -0.00220865355719214668 -0.009065210617927359216 0.9999564709555696096 1.150880898121504847
0.9637293687451820023 0.2668343507331781828 0.005013291016509336014 73.8657196493677759 -0.2668679318332388695 0.9636995512246334661 0.008042507599611026584 -10.74181503460693676 -0.002685289009159674313 -0.009088687377355466127 0.9999550914839595572 1.147771819276641514
0.9633550413296383397 0.2681659502633833569 0.005838447062988387157 74.55992618006754924 -0.2682103653661876419 0.9633180831569809754 0.009026105078939155105 -10.94854272158775288 -0.003203787587660609018 -0.01026127585130235005 0.9999422193121944025 1.142140189301502851
0.9627705742799574917 0.2702664011404795619 0.005375287454103564941 75.25825526312500813 -0.2703052081682298935 0.9627350354127681697 0.008737621295635792859 -11.13762988664050013 -0.002813492095380304252 -0.009865292866885597492 0.9999473787449416617 1.135078705114765052
0.9620326672238581622 0.2728821391595128709 0.005337164216863035486 75.95890100173096471 -0.2729225771474603768 0.961988756471049089 0.009534112778503342489 -11.32547819915083487 -0.002532602878075813999 -0.01062876055864210578 0.9999403059041319652 1.134859521722426434
0.9615196178044006503 0.2746852205190287721 0.005296622102035766951 76.65502318596804798 -0.2747257144270246476 0.9614730278680503339 0.00976721632831917784 -11.530716988609095 -0.002409649318915755168 -0.01084648840205010289 0.9999382717345626226 1.127546200626619255
0.9608704112562699295 0.2769435047418489226 0.005508897667241247076 77.33429571905092814 -0.2769857129330627332 0.9608262662970534773 0.00958127468694799575 -11.75417294942410074 -0.002639621785330216637 -0.01073224929664311385 0.9999389237457781965 1.132944547996523665
0.9602281163962549382 0.279150664927579284 0.006072129164529064746 78.01579613690769577 -0.2791984131428745797 0.9601870370882575889 0.009439274663543533589 -11.96977135650944923 -0.00319539991254412948 -0.01075918575745638331 0.9999370126869169262 1.128019721115917529
0.9594562039486811411 0.2817891130292667912 0.006220006637122872835 78.70270116728539733 -0.2818361260802813573 0.9594223189803232632 0.008787028990431737172 -12.16638306824087401 -0.00349152408648521588 -0.01018379205394699498 0.9999420481402686578 1.118876826505966537
0.9586253549332176549 0.2845950266395321782 0.006565035506861170538 79.39020294761927232 -0.2846461460481242711 0.9585907341652911695 0.008965261423847991837 -12.37051445292380336 -0.003741713392592864278 -0.01046303897020249216 0.9999382602923021501 1.11319297534893491
0.9578531568533880103 0.2871514847552193439 0.007832924669103274312 80.05750772802302606 -0.2872160403158541264 0.9578238365125466558 0.008969079867412639573 -12.60085804395931319 -0.004927077356858582807 -0.01084080307262357858 0.9999290979351787012 1.118485278643382763
0.9569443337395094895 0.2901251778882244503 0.009215382746931472663 80.7253142661224814 -0.290206024476428126 0.9569204832176886333 0.009146155258471799082 -12.81083171299638224 -0.006164858589872165492 -0.01142672104111205553 0.9999157087298986557 1.112368608748022014
0.9559267741951277264 0.2934518167800225785 0.009488603975368105695 81.38017922525190784 -0.2935358147466641809 0.9559041785515036693 0.009161161977998266703 -13.01117782004490486 -0.006381836562415124994 -0.01154264511622505283 0.9999130159697949827 1.110397999806542968
0.9549282343501205306 0.2967066257232517934 0.008788941510987049316 82.06529647333336186 -0.296778849138141787 0.9549081957306196911 0.008523639523854020447 -13.22497306503183445 -0.005863611958634518465 -0.01074783598752399906 0.9999250482293079445 1.094474640736427418
0.9539099231053481676 0.2999840603808568984 0.008088394065772972624 82.74103601344914694 -0.300046849944153593 0.9538895628501486978 0.00816025270091684865 -13.44875090683954788 -0.005267488940605026884 -0.01021104318699396496 0.99993399190011234 1.087540833039217558
0.9526858104697357721 0.3038544262133383578 0.0078888655829325912 83.41143369020676346 -0.3039182245766236523 0.9526575403863380975 0.008793379057312601318 -13.64938839961176242 -0.004843480134738891753 -0.01077489747587196019 0.9999302187075700399 1.086349849479389285
0.9515661799835125612 0.3073617673581643395 0.007109787482838961746 84.07951074046177098 -0.30741531176696546 0.9515388135123962199 0.008349399417963112441 -13.85870507112931804 -0.004198952584261501746 -0.01013066364494152882 0.9999398674176903645 1.093423159087705487
0.9505945699048248265 0.3104001733894942161 0.00465789944427121537 84.7374797823915884 -0.3104299514661341131 0.9505583160497013129 0.0084931161236516204 -14.09287829809409942 -0.001791340334676714717 -0.00951946156713359172 0.9999530843751006648 1.068207502660093455
0.9496642678216629108 0.313255711169814266 0.002939020625779724134 85.41457439291124842 -0.3132694573802479732 0.9496175681428212778 0.009419200985173993568 -14.32981113423119623 0.0001596728838875600119 -0.009865784003717717812 0.999951319220371948 1.071071025452985159
0.9486805984391504243 0.3162352687081082525 0.0006139790274245284256 86.1054609515637992 -0.3162239583794216324 0.9486262448548357096 0.01051930223271124905 -14.58224000175294321 0.002744137748977889483 -0.01017361281570493096 0.999944482114027533 1.06719683676401722
0.9474556792459576382 0.3198837402845146616 -0.001458960647253272061 86.80683042785027226 -0.3198472292801037842 0.9473998099112014293 0.01146080721677956472 -14.82550730288881979 0.005048344919058879096 -0.0103919623656281903 0.9999332584386667611 1.06191616236299069
0.9464400454543563379 0.3228685210365283553 -0.002675534346783924305 87.50933228055262703 -0.3228179956575262799 0.9463888325894305176 0.01169269984529251044 -15.06989674821951297 0.006307300532979399389 -0.01020272873792113337 0.9999280585553578238 1.051987389382769367
0.9454249533994637522 0.3258275649195570001 -0.002838208627576666466 88.22847502988689428 -0.325775866551851645 0.945375937652099152 0.01159401918251664124 -15.32298644389728359 0.00646082518041759743 -0.01003665517023955532 0.9999287591078585002 1.035981881039193864
0.9445375991821176598 0.3283946681216059482 -0.002380269014555516042 88.97824652336963425 -0.3283456430828102235 0.9444827842949206076 0.0118915448554943598 -15.58574263996357878 0.006153243032511581181 -0.01045046026808078669 0.9999264600361209565 1.037547994480437774
0.943741704860344921 0.3306758496175236095 -0.002253217037595820621 89.73022465117529123 -0.3306281990660820957 0.9436865393041987682 0.01186210429831389447 -15.86373535499819276 0.006048842005606683107 -0.01044978544247666084 0.9999271040903918717 1.040726125211796749
0.9427232601827866265 0.3335690046554534161 -0.002138654602347709287 90.51206467175822468 -0.3335225751277251516 0.9426678883228934991 0.01182980156332585908 -16.133213080346966 0.00596209615059728644 -0.01043893950681021136 0.9999277383648601525 1.038476565115090011
0.9421573018610008843 0.3351624367008695926 -0.002399911401366353579 91.28019889809320375 -0.3351159560275571159 0.9421081414074200522 0.01138182364970878255 -16.44777318514865172 0.006075735818419712719 -0.009919219656417036998 0.9999323449692346655 1.033531637156686722
0.9417083835743411679 0.3364236291895589814 -0.002112351468806721033 92.08753932238585094 -0.3363813051560393674 0.9416598999982999096 0.0111467608169992221 -16.77571371385348087 0.00573915040064065015 -0.009786442567040658583 0.9999356417762899074 1.032578700373415259
0.9412301709861701227 0.3377568559872458631 -0.002464033067118987473 92.90118952079572523 -0.3377128086014171693 0.9411866110555278109 0.01085458780208603709 -17.08210724043000184 0.005985326381040567169 -0.009384530005358319993 0.9999380513135256443 1.023885757558339549
0.9409603382322617726 0.3385071770385935097 -0.002555966977444975446 93.76253150755383103 -0.3384666738036301581 0.940924078805534303 0.01010884010476445147 -17.41720093071565856 0.005826885800708113058 -0.008646907962907292647 0.9999456377146441755 1.019101614700483438
0.9408255902346432942 0.3388831494471510331 -0.002328042184950861269 94.60817450765271985 -0.3388452829748249684 0.9407890833887310178 0.009988732767579786356 -17.74321243089593381 0.005575209892533614098 -0.008608809288817371314 0.9999474013353317758 1.007843826733311632
0.9407350797188317459 0.3391377302082901335 -0.001763444235684398292 95.46856534896453184 -0.3391064575832932748 0.9406985105154547222 0.009650012399737164723 -18.07750050751149828 0.00493155266761409472 -0.008480109856245841154 0.9999518826049144105 1.009581936862862239
0.9406515179810600591 0.3393737982490791505 -0.0003831212872018171177 96.36506694209421653 -0.3393548793665567831 0.9406098691762622144 0.009557188829598826582 -18.3940801929828055 0.003603827137518167845 -0.008859970101992634822 0.9999542556336038501 1.000179670882258121
0.9404340236166928158 0.3399752238053080911 0.0008333202555421524585 97.26729145091363193 -0.3399679173333739479 0.9403910066324132622 0.009304290885645417897 -18.72283375866607003 0.002379581502240524313 -0.009033373866236024674 0.9999563669223107132 0.9900903846578577028
0.940203114610104751 0.340610269047176728 0.001657678216088518059 98.1811753633062807 -0.3406118294590440021 0.9401666064741810436 0.008386519145961701324 -19.06781476404687581 0.001298040839629197854 -0.008449656231606782197 0.9999634585321337532 0.9963193792549753791
0.9399232139390611973 0.3413826268721185664 0.001501322203190393577 99.11912893165495575 -0.3413834159127976942 0.9398903370721052308 0.007969794112404858522 -19.42988060205808409 0.001309671018112259621 -0.008003520998675045517 0.9999671136659685766 0.9938650848437067253
0.9394164292195970045 0.3427752900092831956 0.001368601970500734136 100.0549313804722686 -0.3427740481948972628 0.9393788243680725181 0.008565991649551752893 -19.77279634066674774 0.001650574561815392957 -0.008516154525942842834 0.9999623746500195809 0.9915211644016825865
0.9390739570045932849 0.3437130694348141668 0.001195481256148843213 100.9886017174031991 -0.3437085879561762591 0.9390288633639740645 0.009444592872876127199 -20.1382086378184475 0.002123638600764038951 -0.009280068375908159459 0.9999546842182558404 0.9728581330314713949
0.9383646968815945177 0.3456433272155723935 0.001544667492404166705 101.9470428437091982 -0.3456415326980151193 0.9383164633241327657 0.009702861900401104495 -20.50947912839883003 0.001904342532283415318 -0.009638724305637230358 0.9999517330717916375 0.9556947901337788931
0.9372157536005597533 0.3487437445737793795 0.002105189681098716421 102.938509954398711 -0.3487475085590526214 0.9371684546786798187 0.009511194931697421195 -20.85197385001607628 0.001344052375610521946 -0.009648221381880027828 0.9999525515480111038 0.9409699366517187968
0.9358561555849692626 0.3523661104989044279 0.00337345899571072803 103.9193125074096713 -0.3523822539179446434 0.9358117265868266532 0.009119183422411905257 -21.22042311502916689 5.636870613545090644e-05 -0.00972299102418090061 0.9999527290167834481 0.9408163662843682662
0.9345350330464350375 0.3558454974465838361 0.004272464849693555222 104.8849187850458833 -0.3558701283841571028 0.9344937106171594676 0.008829300131730749568 -21.60433206089428637 -0.0008507248333905990121 -0.009771732904961133795 0.9999518935945328479 0.9363985197295789931
0.9333551729430121791 0.3589276542961747918 0.00436578995891799982 105.8758885108389478 -0.3589527021511185745 0.933317421498360833 0.00845862554209771654 -22.00422161414057243 -0.001038633202865939069 -0.009462014008482632493 0.9999546947397033314 0.93214565509044367
0.9317469264389985906 0.3630796320032936286 0.004565730591277785896 106.8723950113370904 -0.363107057026110791 0.9317033782023459443 0.009059811486619707283 -22.40617797109322851 -0.0009644735952742121724 -0.01009930050494760832 0.9999485356357069588 0.9138105623026862023
0.9299109969235268558 0.3677464928745190487 0.005296676239271006816 107.8745558798611626 -0.3677810265405231371 0.9298692306864523305 0.008962719419032167539 -22.81213313040153778 -0.001629207626838716704 -0.01028254837462994412 0.9999458059722197145 0.90741551043483204
0.9278460372149697211 0.3729132775920859788 0.006117076099318720719 108.8862280580211461 -0.3729560701473089712 0.9278060293761407618 0.00892981486680632236 -23.22695478509094613 -0.002345413556829311144 -0.01056689400002350926 0.9999414181773048638 0.898566522786654609
0.9256222050407326707 0.3783860632846048899 0.006893522141164462082 109.8973260605132651 -0.3784374337685694756 0.9255822070351605868 0.009093225092384766423 -23.64209769449331944 -0.00293977179239648858 -0.01102565788967400061 0.9999348941855706885 0.8901706351743392531
0.9233778600458826258 0.3838155508572685948 0.007677922715020177834 110.8962839783700929 -0.3838754629915085426 0.9233401087195185486 0.009092444274373908883 -24.0697778650064329 -0.003599512486618952622 -0.01134312787369920819 0.9999291859726365805 0.882198115045250475
