0.000000000000 1810432 1.000000000000 0.000000000000 0.000000000000 0.000000000000 0.000000000000 1.000000000000 0.000000000000 0.000000000000 0.000000000000 0.000000000000 1.000000000000 0.000000000000 0.000000000000 0.000000000000 0.000000000000 1.000000000000 0.000000000000 0.000000000000 0.000000000000 0.000000000000 0.000000000000 0.000000000000
0.000000000000 11810432 0.999999998522 -0.000029741197 0.000045519658 -0.000003802742 0.000029742750 0.999999998976 -0.000034111830 0.000000960290 -0.000045518643 0.000034113184 0.999999998382 -0.000005324707 0.000000000000 0.000000000000 0.000000000000 1.000000000000 -0.000732099209 0.000184841447 -0.001025090389 0.006566869223 0.008762540745 0.005725480774
0.000000000000 21810432 0.999999979761 -0.000110040706 0.000168431972 -0.000014075396 0.000110061965 0.999999985978 -0.000126215471 0.000003553106 -0.000168418081 0.000126234007 0.999999977850 -0.000019702967 0.000000000000 0.000000000000 0.000000000000 1.000000000000 -0.001293665432 0.000326425154 -0.001810951270 0.011599945214 0.015477345421 0.010113477834
0.000000000000 31810432 0.999999913474 -0.000227507798 0.000348269953 -0.000029115402 0.000227598688 0.999999940050 -0.000260959135 0.000007346571 -0.000348210562 0.000261038378 0.999999905304 -0.000040740376 0.000000000000 0.000000000000 0.000000000000 1.000000000000 -0.001684698707 0.000424751100 -0.002357582579 0.015099228041 0.020144414048 0.013163991072
0.000000000000 41810432 0.999999772643 -0.000368753429 0.000564565496 -0.000047219908 0.000368992262 0.999999842461 -0.000422992497 0.000011908732 -0.000564409427 0.000423200721 0.999999751172 -0.000066042755 0.000000000000 0.000000000000 0.000000000000 1.000000000000 -0.001905199092 0.000479819246 -0.002664984209 0.017064717816 0.022763746661 0.014877020304
0.000000000000 51810432 0.999999547112 -0.000520397402 0.000796844704 -0.000066684516 0.000520873169 0.999999686157 -0.000596972951 0.000016807243 -0.000796533791 0.000597387736 0.999999504331 -0.000093217091 0.000000000000 0.000000000000 0.000000000000 1.000000000000 -0.001955166674 0.000491629539 -0.002733156009 0.017496414698 0.023335343309 0.015252565275
0.000000000000 61810432 0.999999251242 -0.000669072403 0.001024625282 -0.000085802585 0.000669859028 0.999999481063 -0.000767569123 0.000021609192 -0.001024111191 0.000768254903 0.999999180490 -0.000119872080 0.000000000000 0.000000000000 0.000000000000 1.000000000000 -0.001834601558 0.000460181914 -0.002562097788 0.016394318889 0.021859204053 0.014290625658
0.000000000000 71810432 0.999998925584 -0.000801424894 0.001227415979 -0.000102865071 0.000802553721 0.999999255249 -0.000919461655 0.000025881061 -0.001226678185 0.000920445734 0.999998824019 -0.000143618245 0.000000000000 0.000000000000 0.000000000000 1.000000000000 -0.001543503879 0.000385476285 -0.002151809309 0.013758430638 0.018335328970 0.011991201051
0.000000000000 81810432 0.999998632567 -0.000904112859 0.001384718072 -0.000116160928 0.000905549665 0.999999051951 -0.001037341243 0.000029188829 -0.001383778885 0.001038593755 0.999998503238 -0.000162067638 0.000000000000 0.000000000000 0.000000000000 1.000000000000 -0.001081873791 0.000267512557 -0.001502290294 0.009588750238 0.012763718150 0.008354290981
0.000000000000 91810432 0.999998446213 -0.000963800397 0.001476028889 -0.000123978045 0.000965433205 0.999998922457 -0.001105903917 0.000031098211 -0.001474961427 0.001107327206 0.999998299156 -0.000172833127 0.000000000000 0.000000000000 0.000000000000 1.000000000000 -0.000449711476 0.000106290616 -0.000613540421 0.003885278028 0.005144371695 0.003379894901
0.000000000000 101810431 0.999998386637 -0.000994390327 0.001495964749 -0.000322237778 0.000996121759 0.999998834428 -0.001157101994 0.000013048967 -0.001494812395 0.001158590290 0.999998211601 -0.000264574657 0.000000000000 0.000000000000 0.000000000000 1.000000000000 -0.087730618911 -0.008206754856 -0.039983438072 0.017633486768 0.002267480556 0.009226428841
0.000000000000 111810431 0.999998111165 -0.001183333798 0.001541877876 -0.002158971942 0.001185665567 0.999998153637 -0.001512256267 -0.000161287737 -0.001540085525 0.001514081562 0.999997667844 -0.001094026193 0.000000000000 0.000000000000 0.000000000000 1.000000000000 -0.278387102296 -0.026697701102 -0.124904218430 0.052434427899 0.006761982562 0.028233659897
0.000000000000 121810431 0.999997467024 -0.001552021969 0.001630084044 -0.005865524582 0.001555581256 0.999996404045 -0.002184505632 -0.000521802293 -0.001626687781 0.002187035827 0.999996285374 -0.002742333126 0.000000000000 0.000000000000 0.000000000000 1.000000000000 -0.461689250856 -0.045402785785 -0.203772908811 0.081112353163 0.010640000127 0.045195730107
0.000000000000 131810431 0.999996297430 -0.002079938856 0.001754702364 -0.011368349641 0.002085393679 0.999992981379 -0.003112607702 -0.001071132125 -0.001748216015 0.003116255422 0.999993616326 -0.005148868032 0.000000000000 0.000000000000 0.000000000000 1.000000000000 -0.637636737773 -0.064320854201 -0.276590212973 0.103667311374 0.013900650755 0.060112759863
0.000000000000 141810432 0.999994404346 -0.002746562622 0.001909887767 -0.018593871753 0.002754631952 0.999987236988 -0.004235311486 -0.001812279766 -0.001898230843 0.004240548824 0.999989207174 -0.008252976626 0.000000000000 0.000000000000 0.000000000000 1.000000000000 -0.806229092292 -0.083450158241 -0.343357188547 0.120099379072 0.016542599920 0.072984929580
0.000000000000 151810432 0.999991581081 -0.003531382186 0.002089762249 -0.027468467908 0.003542812253 0.999978646468 -0.005491365017 -0.002748668962 -0.002070325517 0.005498722421 0.999982738753 -0.011993988178 0.000000000000 0.000000000000 0.000000000000 1.000000000000 -0.967465639129 -0.102788346178 -0.404075207886 0.130408655485 0.018564059959 0.083812473509
0.000000000000 161810432 0.999987640325 -0.004413911053 0.002288358868 -0.037918460507 0.004429425378 0.999966936599 -0.006819523464 -0.003884179430 -0.002258182438 0.006829575291 0.999974128422 -0.016311223312 0.000000000000 0.000000000000 0.000000000000 1.000000000000 -1.121345606866 -0.122332471437 -0.458745982162 0.134595273427 0.019962791578 0.092595686402
0.000000000000 171810432 0.999982437590 -0.005373697030 0.002499578176 -0.049870107443 0.005393927686 0.999952170615 -0.008158555363 -0.005223158787 -0.002455617018 0.008171894623 0.999963594379 -0.021143992628 0.000000000000 0.000000000000 0.000000000000 1.000000000000 -1.267868067676 -0.142078982430 -0.507371515986 0.132659393131 0.020736102741 0.099334917628
0.000000000000 181810432 0.999975890087 -0.006390328723 0.002717157288 -0.063249599771 0.006415736364 0.999934791786 -0.009447248388 -0.006770412757 -0.002656609085 0.009464453181 0.999951682110 -0.026431590266 0.000000000000 0.000000000000 0.000000000000 1.000000000000 -1.407031962619 -0.162023722413 -0.549954095004 0.124601205100 0.020880849059 0.104030572881
0.000000000000 191810432 0.999967991011 -0.007443438305 0.002934651470 -0.077983063131 0.007474228461 0.999915625313 -0.010624413621 -0.008531173269 -0.002855321693 0.010646007799 0.999939252983 -0.032113280282 0.000000000000 0.000000000000 0.000000000000 1.000000000000 -1.538836109393 -0.182161928170 -0.586496266022 0.110420930767 0.020393434042 0.106683115660
0.000000000000 201810432 0.999958927373 -0.008503879922 0.003134899352 -0.094493681901 0.008539872059 0.999895641629 -0.011652314677 -0.010380743361 -0.003035482314 0.011678607725 0.999927195334 -0.038071599362 0.000000000000 0.000000000000 0.000000000000 1.000000000000 -1.885293569979 -0.145040242033 -0.591278488569 0.100841595048 0.014635509676 0.103340443834
0.000000000000 211810432 0.999949692758 -0.009493165598 0.003239098634 -0.116217730659 0.009533475002 0.999874349625 -0.012664825959 -0.011403527582 -0.003118462350 0.012695068692 0.999914551561 -0.043856632692 0.000000000000 0.000000000000 0.000000000000 1.000000000000 -2.446519895919 -0.050507673466 -0.566411038687 0.102088963268 0.004077420613 0.094853992352
0.000000000000 221810432 0.999940634155 -0.010401519455 0.003246006692 -0.143117669189 0.010445014621 0.999851822334 -0.013683385709 -0.011590639425 -0.003103197704 0.013716477971 0.999901109308 -0.049434586538 0.000000000000 0.000000000000 0.000000000000 1.000000000000 -2.921195402771 0.023608807560 -0.547675057273 0.102011283340 -0.004809724146 0.086918763676
0.000000000000 231810432 0.999931859989 -0.011234424679 0.003172235899 -0.174328275744 0.011279880826 0.999828398830 -0.014694801143 -0.011147304674 -0.003006603903 0.014729582282 0.999886993484 -0.054868769212 0.000000000000 0.000000000000 0.000000000000 1.000000000000 -3.309292474818 0.077416447210 -0.535135931681 0.100607037593 -0.012027695748 0.079536456429
0.000000000000 241810432 0.999923425375 -0.011997327874 0.003034388025 -0.208984043927 0.012043500750 0.999804435246 -0.015685832860 -0.010276587080 -0.002845606526 0.015721176377 0.999872365423 -0.060222926028 0.000000000000 0.000000000000 0.000000000000 1.000000000000 -3.610784579348 0.111018200936 -0.528858034914 0.097874793291 -0.017578163746 0.072708647275
0.000000000000 251810432 0.999915348270 -0.012695635457 0.002849058607 -0.246219242560 0.012741342351 0.999780306861 -0.016643203081 -0.009179811968 -0.002637136649 0.016678095036 0.999857433165 -0.065560621620 0.000000000000 0.000000000000 0.000000000000 1.000000000000 -3.825646210878 0.124512738094 -0.528904704880 0.093813201641 -0.021462695382 0.066436790753
0.000000000000 261810432 0.999907622533 -0.013334712275 0.002632840621 -0.285167973726 0.013378915797 0.999756408149 -0.017553602957 -0.008056951256 -0.002398127038 0.017587205952 0.999842457177 -0.070944740630 0.000000000000 0.000000000000 0.000000000000 1.000000000000 -3.953852851066 0.117994432164 -0.535338248553 0.088420997097 -0.023682754838 0.060722219421
0.000000000000 271810432 0.999900227871 -0.013919882422 0.002402327454 -0.324964229426 0.013961772619 0.999733150782 -0.018403698899 -0.007106969443 -0.002145509070 0.018435403472 0.999827751510 -0.076437106895 0.000000000000 0.000000000000 0.000000000000 1.000000000000 -3.995380943455 0.091553337850 -0.548219968967 0.081696996945 -0.024239702455 0.055566144296
0.000000000000 281810432 0.999893136685 -0.014456432257 0.002174115184 -0.364741947010 0.014495502631 0.999710959584 -0.019180137942 -0.006528130010 -0.001896210412 0.019209603181 0.999813680408 -0.082098221181 0.000000000000 0.000000000000 0.000000000000 1.000000000000 -3.950207882208 0.045275156327 -0.567610212947 0.073640101128 -0.023134793940 0.050969655530
0.000000000000 291810432 0.999886317807 -0.014949615613 0.001964804164 -0.403635063403 0.014985728604 0.999690266451 -0.019869552107 -0.006518261699 -0.001667153432 0.019896737314 0.999800650352 -0.087987117417 0.000000000000 0.000000000000 0.000000000000 1.000000000000 -3.818312013990 -0.020758810110 -0.593568437480 0.064249292278 -0.020369179576 0.046933723315
0.000000000000 301810432 0.999879860353 -0.015397252899 0.001785906960 -0.441979560071 0.015430607262 0.999671344638 -0.020471909251 -0.006915968950 -0.001470108848 0.020497007392 0.999788833438 -0.094027631509 0.000000000000 0.000000000000 0.000000000000 1.000000000000 -4.091010101660 0.038211771771 -0.570679646549 0.059008105706 -0.018043761715 0.040405084324
0.000000000000 311810432 0.999874493326 -0.015760364854 0.001615084109 -0.486342728758 0.015790898927 0.999653510552 -0.021059590499 -0.005718646144 -0.001282617669 0.021082451010 0.999776917693 -0.099461208605 0.000000000000 0.000000000000 0.000000000000 1.000000000000 -4.764890977315 0.217122622304 -0.500895596415 0.058530723685 -0.017656725644 0.031697751848
0.000000000000 321810432 0.999870267525 -0.016042398486 0.001445534551 -0.536825590634 0.016069934074 0.999636704304 -0.021638313880 -0.002885859789 -0.001097878941 0.021658736333 0.999764819246 -0.104267310779 0.000000000000 0.000000000000 0.000000000000 1.000000000000 -5.314854667080 0.360031512609 -0.444019875405 0.057180407640 -0.017485191061 0.024176040090
0.000000000000 331810432 0.999867061457 -0.016255249022 0.001275261518 -0.592188745032 0.016279562573 0.999621011471 -0.022199307821 0.001221482104 -0.000913922932 0.022217117377 0.999752751654 -0.108576058077 0.000000000000 0.000000000000 0.000000000000 1.000000000000 -5.740886520096 0.467044390881 -0.400038030899 0.054957010048 -0.017530087722 0.017839670224
0.000000000000 341810432 0.999864725988 -0.016410810492 0.001102281041 -0.651192361206 0.016431634823 0.999606510303 -0.022733806046 0.006242944623 -0.000728767122 0.022748843033 0.999740945965 -0.112517892664 0.000000000000 0.000000000000 0.000000000000 1.000000000000 -6.042972825476 0.538263702007 -0.368932736399 0.051860369404 -0.017792263558 0.012688367087
0.000000000000 351810432 0.999863091848 -0.016520975517 0.000924623411 -0.712596362054 0.016538002068 0.999593277295 -0.023233047039 0.011817925536 -0.000540414744 0.023245157669 0.999729648754 -0.116223629821 0.000000000000 0.000000000000 0.000000000000 1.000000000000 -6.221100786029 0.573788382079 -0.350683794456 0.047890310016 -0.018272484680 0.008721859313
0.000000000000 361810432 0.999861975685 -0.016597634924 0.000740333593 -0.775160561991 0.016610516878 0.999581390592 -0.023688273698 0.017585150317 -0.000346854364 0.023697301464 0.999719119351 -0.119824451003 0.000000000000 0.000000000000 0.000000000000 1.000000000000 -6.275258501434 0.573713858168 -0.345268153293 0.043046641880 -0.018971435397 0.005939879497
0.000000000000 371810432 0.999861184675 -0.016652677167 0.000547470598 -0.837644759183 0.016661033798 0.999570931213 -0.024090733223 0.023182302620 -0.000146060493 0.024096510487 0.999709626266 -0.123451838640 0.000000000000 0.000000000000 0.000000000000 1.000000000000 -6.205434960310 0.538132053482 -0.352659935682 0.037329160646 -0.019889718269 0.004342164387
0.000000000000 381810432 0.999860519674 -0.016697987571 0.000344105809 -0.898808782178 0.016701410153 0.999561982094 -0.024431677189 0.028245790159 0.000064004758 0.024434016503 0.999701442802 -0.127237452302 0.000000000000 0.000000000000 0.000000000000 1.000000000000 -6.011620040692 0.467131398046 -0.372830478585 0.030737647644 -0.021027854188 0.003928455093
0.000000000000 391810432 0.999859776932 -0.016745447383 0.000128320267 -0.957412490869 0.016743507018 0.999554624967 -0.024702361834 0.032410645964 0.000285388984 0.024701046524 0.999694841866 -0.131312945888 0.000000000000 0.000000000000 0.000000000000 1.000000000000 -5.693804518352 0.360796845019 -0.405748382134 0.023271869971 -0.022386282484 0.004698497301
0.000000000000 401810432 0.999858912931 -0.016797158848 -0.000098418237 -1.014756527530 0.016789501229 0.999548977524 -0.024898879060 0.035739528321 0.000516604275 0.024893713757 0.999689970008 -0.135642707277 0.000000000000 0.000000000000 0.000000000000 1.000000000000 -6.288020149033 0.391131553634 -0.384432470354 0.016970977418 -0.022493323267 0.002669886223
0.000000000000 411810432 0.999858771779 -0.016802836256 -0.000318105032 -1.085001565741 0.016789598319 0.999545246071 -0.025048162502 0.040585947566 0.000738840545 0.025039284139 0.999686194945 -0.139312479500 0.000000000000 0.000000000000 0.000000000000 1.000000000000 -7.716731374348 0.568425998606 -0.307074039424 0.012982544562 -0.021560076165 -0.002453945090
0.000000000000 421810432 0.999859357490 -0.016762503228 -0.000532658194 -1.168022750850 0.016743799252 0.999543201100 -0.025160173332 0.047084293559 0.000954162363 0.025147716021 0.999683290824 -0.142294156582 0.000000000000 0.000000000000 0.000000000000 1.000000000000 -8.843618647424 0.712153261663 -0.244669568639 0.009518020293 -0.021235938830 -0.006510402343
0.000000000000 431810432 0.999860483041 -0.016686973604 -0.000747907673 -1.260800991550 0.016662787414 0.999542538911 -0.025240135143 0.054894833589 0.001168747004 0.025224151490 0.999681137269 -0.144745562545 0.000000000000 0.000000000000 0.000000000000 1.000000000000 -9.668675149095 0.822388411893 -0.197111139358 0.006577148913 -0.021521054861 -0.009499442050
0.000000000000 441810432 0.999861954980 -0.016587064454 -0.000969678504 -1.360317149509 0.016557242628 0.999542949524 -0.025293275243 0.063676749614 0.001388776499 0.025273728430 0.999679603649 -0.146824398725 0.000000000000 0.000000000000 0.000000000000 1.000000000000 -10.191893570137 0.899206114427 -0.164284507732 0.004159653443 -0.022415552086 -0.011421001396
0.000000000000 451810432 0.999863576463 -0.016473595362 -0.001203793172 -1.463552163199 0.016437842061 0.999544121406 -0.025324824013 0.073087211837 0.001620435292 0.025301581349 0.999678550420 -0.148688372157 0.000000000000 0.000000000000 0.000000000000 1.000000000000 -10.413266108541 0.942680645152 -0.146069109212 0.002265235604 -0.023919542525 -0.012274998228
0.000000000000 461810432 0.999865148762 -0.016357387997 -0.001456073418 -1.567487125945 0.016315260780 0.999545744782 -0.025340014884 0.082780782851 0.001869908445 0.025312841534 0.999677829851 -0.150495157788 0.000000000000 0.000000000000 0.000000000000 1.000000000000 -10.332784477304 0.952885902092 -0.142338063572 0.000893575814 -0.026033122371 -0.012061331075
0.000000000000 471810432 0.999866471260 -0.016249265955 -0.001732341475 -1.669103318023 0.016200171961 0.999547513522 -0.025344084924 0.092409152307 0.002143380390 0.025312636531 0.999677286104 -0.152402194505 0.000000000000 0.000000000000 0.000000000000 1.000000000000 -9.950439923191 0.929895412474 -0.152958179970 0.000044333184 -0.028756371994 -0.010779879181
0.000000000000 481810432 0.999867339934 -0.016160054883 -0.002038420731 -1.765382192530 0.016103246765 0.999549125600 -0.025342276046 0.101621202086 0.002447034231 0.025306088946 0.999676754699 -0.154566315053 0.000000000000 0.000000000000 0.000000000000 1.000000000000 -9.266223256928 0.873782334521 -0.177789961560 -0.000282854484 -0.032089355968 -0.008430502559
0.000000000000 491810432 0.999867544320 -0.016100582883 -0.002380135830 -1.853305314777 0.016035153857 0.999550282132 -0.025339836823 0.110063401937 0.002787051584 0.025298314573 0.999676061343 -0.157143210000 0.000000000000 0.000000000000 0.000000000000 1.000000000000 -8.280124895259 0.784619452985 -0.216687609183 -0.000088370707 -0.036032123132 -0.005013042065
0.000000000000 501810432 0.999866958985 -0.016078097036 -0.002749386547 -1.933358421200 0.016003337451 0.999550813964 -0.025338971845 0.117600634171 0.003155554009 0.025291601362 0.999675135921 -0.160126146360 0.000000000000 0.000000000000 0.000000000000 1.000000000000 -8.432312440599 0.751686695233 -0.214126974943 -0.000606918784 -0.034852666413 -0.001927497721
0.000000000000 511810432 0.999866100757 -0.016074089069 -0.003066629673 -2.024747692003 0.015991348646 0.999551303218 -0.025327238390 0.125386209949 0.003472365972 0.025274807548 0.999674510417 -0.162635214557 0.000000000000 0.000000000000 0.000000000000 1.000000000000 -9.806506635008 0.800076835229 -0.163629985084 -0.001571338639 -0.028780432124 -0.000603402687
0.000000000000 521810432 0.999865193325 -0.016078198411 -0.003329671610 -2.128401392346 0.015988870422 0.999551760341 -0.025310757033 0.133606540215 0.003735130493 0.025254107286 0.999674086323 -0.164605240344 0.000000000000 0.000000000000 0.000000000000 1.000000000000 -10.883349316110 0.842480681760 -0.122340256956 -0.001562115259 -0.024057047394 -0.000029148908
0.000000000000 531810432 0.999864345929 -0.016083274226 -0.003552186587 -2.241343268622 0.015988371143 0.999552059860 -0.025299241430 0.142217424840 0.003957490058 0.025239015808 0.999673611912 -0.166147183740 0.000000000000 0.000000000000 0.000000000000 1.000000000000 -11.662846241770 0.878818235300 -0.090047598483 -0.000579054899 -0.020682527042 -0.000204457964
0.000000000000 541810432 0.999863649436 -0.016082169262 -0.003747848555 -2.360596788139 0.015982315314 0.999552076728 -0.025302401207 0.151176226297 0.004153087305 0.025239051913 0.999672817538 -0.167372141943 0.000000000000 0.000000000000 0.000000000000 1.000000000000 -12.145003366164 0.909003591218 -0.066541751908 0.001378008462 -0.018656880232 -0.001129097511
0.000000000000 551810432 0.999863180769 -0.016067738951 -0.003930331664 -2.483185169667 0.015963164537 0.999551685188 -0.025329943077 0.160442122981 0.004335564552 0.025263736922 0.999671419256 -0.168392361664 0.000000000000 0.000000000000 0.000000000000 1.000000000000 -12.329826821806 0.932944924644 -0.051612401386 0.004309213142 -0.017980110504 -0.002802881301
0.000000000000 561810432 0.999863004942 -0.016032841807 -0.004113311446 -2.606131401881 0.015923377137 0.999550756184 -0.025391570912 0.169976150311 0.004518562606 0.025322594583 0.999669119657 -0.169321854005 0.000000000000 0.000000000000 0.000000000000 1.000000000000 -12.217322925250 0.950544456253 -0.045049187498 0.008214669752 -0.018652215824 -0.005225669177
0.000000000000 571810432 0.999863174680 -0.015970341116 -0.004310466669 -2.726458249595 0.015855406459 0.999549153296 -0.025496984753 0.179741029836 0.004715718854 0.025425151919 0.999665605913 -0.170276611644 0.000000000000 0.000000000000 0.000000000000 1.000000000000 -11.807498206956 0.961698400616 -0.046641729215 0.013094461175 -0.020673188645 -0.008397367063
0.000000000000 581810432 0.999863727639 -0.015873107925 -0.004535481895 -2.841188247579 0.015751697824 0.999546727222 -0.025655878763 0.189700786519 0.004940664617 0.025580941035 0.999660545030 -0.171374428122 0.000000000000 0.000000000000 0.000000000000 1.000000000000 -11.100359465828 0.966296898757 -0.056179653859 0.018948642526 -0.024043015967 -0.012317926937
0.000000000000 591810432 0.999864681222 -0.015734025326 -0.004802050699 -2.947343681841 0.015604684171 0.999543308792 -0.025877938117 0.199820154290 0.005207021779 0.025799501861 0.999653576309 -0.172734319184 0.000000000000 0.000000000000 0.000000000000 1.000000000000 -10.095913848902 0.964223936593 -0.073452635648 0.025777241127 -0.028761679397 -0.016987346797
0.000000000000 601810432 0.999865950996 -0.015557333863 -0.005103861417 -3.045212409948 0.015418689470 0.999538757802 -0.026163632538 0.210058720369 0.005508543668 0.026081430475 0.999644644327 -0.174323561354 0.000000000000 0.000000000000 0.000000000000 1.000000000000 -10.136600263280 0.968882638799 -0.059502853526 0.029739483547 -0.026741187980 -0.017526854309
0.000000000000 611810432 0.999867085878 -0.015407972480 -0.005329630592 -3.152675077962 0.015261780182 0.999533323435 -0.026461545866 0.220361532236 0.005734862149 0.026376689102 0.999635624429 -0.175301893825 0.000000000000 0.000000000000 0.000000000000 1.000000000000 -11.327279066093 0.984821035139 -0.013284505334 0.030065204956 -0.017927133737 -0.013643917638
0.000000000000 621810432 0.999868079729 -0.015291767071 -0.005475856061 -3.270772003906 0.015139977245 0.999527122172 -0.026764026804 0.230720478538 0.005882535914 0.026677591751 0.999626781289 -0.175631168162 0.000000000000 0.000000000000 0.000000000000 1.000000000000 -12.259455070043 0.998981296659 0.024040227010 0.030621570323 -0.011004971129 -0.010488494898
0.000000000000 631810432 0.999868976634 -0.015201904084 -0.005561625326 -3.396914015697 0.015046009866 0.999520210308 -0.027073359116 0.241134552470 0.005970523524 0.026986131604 0.999617977804 -0.175444303363 0.000000000000 0.000000000000 0.000000000000 1.000000000000 -12.933134434829 1.011249002956 0.052728971704 0.031408456846 -0.005974507038 -0.008061126768
0.000000000000 641810432 0.999869795371 -0.015131580641 -0.005606029891 -3.528511665410 0.014972596220 0.999512636142 -0.027391815484 0.251603359053 0.006017779179 0.027304312121 0.999609054017 -0.174876710989 0.000000000000 0.000000000000 0.000000000000 1.000000000000 -13.348323277197 1.021511035081 0.073038974355 0.032425751047 -0.002835536792 -0.006362380332
0.000000000000 651810432 0.999870540686 -0.015074004885 -0.005628165308 -3.662975303586 0.014912443293 0.999504441465 -0.027721661672 0.262127677175 0.006043252686 0.027634143149 0.999599836549 -0.174067583776 0.000000000000 0.000000000000 0.000000000000 1.000000000000 -13.505027621434 1.029655549735 0.085227088690 0.033673348659 -0.001587844145 -0.005392849053
0.000000000000 661810432 0.999871210459 -0.015022396697 -0.005647131373 -3.797715127925 0.014858246285 0.999495662498 -0.028065159283 0.272709836894 0.006065889269 0.027977638315 0.999590144380 -0.173160694182 0.000000000000 0.000000000000 0.000000000000 1.000000000000 -13.403253387777 1.035571959199 0.089549768104 0.035151154593 -0.002231201243 -0.005153152760
0.000000000000 671810432 0.999871798754 -0.014969988795 -0.005682032447 -3.930141205693 0.014802687575 0.999486330284 -0.028424567133 0.283353911789 0.006104629211 0.028336813717 0.999579790957 -0.172304702875 0.000000000000 0.000000000000 0.000000000000 1.000000000000 -13.043006418537 1.039150917781 0.086263058429 0.036859082992 -0.004765368572 -0.005643937639
0.000000000000 681810432 0.999872294750 -0.014910028198 -0.005751977911 -4.057663468780 0.014738435255 0.999476470552 -0.028802141227 0.294065726097 0.006178407319 0.028713687888 0.999568582645 -0.171652977226 0.000000000000 0.000000000000 0.000000000000 1.000000000000 -12.424292541712 1.040284315581 0.075622592325 0.038797057370 -0.009190094887 -0.006865876235
0.000000000000 691810432 0.999872677565 -0.014835778087 -0.005876082752 -4.177691680304 0.014658141220 0.999466103032 -0.029200133322 0.304852676348 0.006306152227 0.029110283039 0.999556313504 -0.171362919860 0.000000000000 0.000000000000 0.000000000000 1.000000000000 -11.547117671882 1.038865280357 0.057883585703 0.040965010851 -0.015505117133 -0.008819667458
0.000000000000 701810432 0.999872698635 -0.014761750335 -0.006056174731 -4.289903030728 0.014576240870 0.999455241587 -0.029610019695 0.315634368105 0.006489971297 0.029517974038 0.999543180399 -0.171470600519 0.000000000000 0.000000000000 0.000000000000 1.000000000000 -11.346089694649 1.037215778618 0.056667956355 0.038914021947 -0.016810235709 -0.002657637646
0.000000000000 711810432 0.999871165154 -0.014806770089 -0.006197794267 -4.406588132941 0.014614676090 0.999443970040 -0.029969350893 0.325889099016 0.006638097396 0.029874911041 0.999531602979 -0.171313480568 0.000000000000 0.000000000000 0.000000000000 1.000000000000 -11.971637482533 1.037030314602 0.075145909681 0.033143763671 -0.011907163959 0.010278722405
0.000000000000 721810432 0.999868247525 -0.014963623720 -0.006291069659 -4.528927734979 0.014766595599 0.999432434986 -0.030277971415 0.335618771522 0.006740567239 0.030181084536 0.999521719068 -0.170823327860 0.000000000000 0.000000000000 0.000000000000 1.000000000000 -12.467883784844 1.035988827585 0.089252049183 0.028625611995 -0.007821784337 0.019982326327
0.000000000000 731810432 0.999864337464 -0.015200214485 -0.006345088441 -4.655618714307 0.014999613418 0.999420741440 -0.030548210711 0.344935122065 0.006805752349 0.030448892589 0.999513154828 -0.170067296305 0.000000000000 0.000000000000 0.000000000000 1.000000000000 -12.834860899169 1.033718160704 0.099085472541 0.025360009559 -0.004552908900 0.026453045723
0.000000000000 741810432 0.999859824130 -0.015484457388 -0.006368961414 -4.785357246924 0.015281332320 0.999408980254 -0.030792386573 0.353957404338 0.006842000630 0.030690744007 0.999505510370 -0.169113516609 0.000000000000 0.000000000000 0.000000000000 1.000000000000 -13.072600866286 1.029841575380 0.104743790742 0.023347345622 -0.002099373987 0.029690738282
0.000000000000 751810432 0.999855117818 -0.015784275884 -0.006371813566 -4.916838925306 0.015579347541 0.999397252824 -0.031022813820 0.362813383951 0.006857645626 0.030919050469 0.999498366689 -0.168031497677 0.000000000000 0.000000000000 0.000000000000 1.000000000000 -13.181135396636 1.023978754417 0.106323156582 0.022587955853 -0.000460040181 0.029695247618
0.000000000000 761810432 0.999850662493 -0.016067599571 -0.006362778938 -5.048758832813 0.015861249306 0.999385683879 -0.031251809993 0.371639920283 0.006861011749 0.031146221303 0.999491290315 -0.166892406840 0.000000000000 0.000000000000 0.000000000000 1.000000000000 -13.160495882648 1.015745804724 0.103918270560 0.023082122394 0.000366207654 0.026466403234
0.000000000000 771810432 0.999846937172 -0.016302362859 -0.006350999438 -5.179811571111 0.016094624197 0.999374422339 -0.031491698045 0.380583135462 0.006860415483 0.031384660888 0.999483835667 -0.165769227911 0.000000000000 0.000000000000 0.000000000000 1.000000000000 -13.010713498143 1.004755259968 0.097622363317 0.024830074161 0.000380460268 0.020004020608
0.000000000000 781810432 0.999844446135 -0.016456504612 -0.006345627609 -5.308691236764 0.016247055309 0.999363630261 -0.031754806028 0.389798170466 0.006864162555 0.031646768682 0.999475545126 -0.164736795916 0.000000000000 0.000000000000 0.000000000000 1.000000000000 -12.731819386022 0.990616083524 0.087527153733 0.027831987405 -0.000416216108 0.010307901385
0.000000000000 791810432 0.999843697990 -0.016497968727 -0.006355833345 -5.434091343225 0.016286121208 0.999353459851 -0.032053463768 0.399448528381 0.006880541087 0.031944941875 0.999465946815 -0.163871707374 0.000000000000 0.000000000000 0.000000000000 1.000000000000 -12.323844935466 0.972933672147 0.073722781819 0.032087986499 -0.002022779908 -0.002622166332
0.000000000000 801810432 0.999844901686 -0.016414788432 -0.006381793860 -5.557027651775 0.016199855470 0.999344145615 -0.032385850415 0.409653643813 0.006909215216 0.032277443286 0.999455066224 -0.163126138822 0.000000000000 0.000000000000 0.000000000000 1.000000000000 -12.733515262749 0.977299033779 0.091164223765 0.031688818256 -0.001014707886 -0.010295054394
0.000000000000 811810432 0.999846600582 -0.016312915155 -0.006376841128 -5.690468762785 0.016096219828 0.999336521076 -0.032671537317 0.420171174463 0.006905578245 0.032563882485 0.999445799704 -0.161814392186 0.000000000000 0.000000000000 0.000000000000 1.000000000000 -13.920118604058 1.000964846017 0.136185508505 0.025680506412 0.002454663274 -0.010101790653
0.000000000000 821810432 0.999848482892 -0.016210171703 -0.006343626130 -5.834496695107 0.015993044727 0.999330705525 -0.032899293536 0.430881365478 0.006872683573 0.032792854834 0.999438539827 -0.159965654836 0.000000000000 0.000000000000 0.000000000000 1.000000000000 -14.850183551199 1.015005510186 0.170094406561 0.020096183149 0.004645786372 -0.010283930428
0.000000000000 831810432 0.999850518297 -0.016103214035 -0.006295042415 -5.986542278628 0.015886547784 0.999326659341 -0.033073335633 0.441711494813 0.006823390709 0.032968385282 0.999433102769 -0.157756667921 0.000000000000 0.000000000000 0.000000000000 1.000000000000 -15.523713313014 1.019343962819 0.193059178568 0.014935704849 0.005558704248 -0.010841781355
0.000000000000 841810432 0.999852676121 -0.015988705495 -0.006243985103 -6.144036325286 0.015772939074 0.999324329396 -0.033197877494 0.452589614022 0.006770557312 0.033094500657 0.999429293937 -0.155367736814 0.000000000000 0.000000000000 0.000000000000 1.000000000000 -15.940710974805 1.013898620861 0.205254817172 0.010198917313 0.005193438061 -0.011775588972
0.000000000000 851810432 0.999854926346 -0.015863313306 -0.006203350150 -6.304409655021 0.015648424653 0.999323650981 -0.033277130234 0.463444552139 0.006727040063 0.033175229941 0.999426911310 -0.152983258028 0.000000000000 0.000000000000 0.000000000000 1.000000000000 -16.101179504687 0.998583418986 0.206863066162 0.005885655767 0.003549987236 -0.013085536725
0.000000000000 861810432 0.999857238844 -0.015723705596 -0.006186033749 -6.465093101326 0.015509209543 0.999324549433 -0.033315301592 0.474205829784 0.006705695383 0.033214604967 0.999425746950 -0.150791920944 0.000000000000 0.000000000000 0.000000000000 1.000000000000 -16.005121777149 0.973307849088 0.198072438767 0.001995744899 0.000628329440 -0.014771745983
0.000000000000 871810432 0.999859580829 -0.015566548925 -0.006204931857 -6.623517495752 0.015351500171 0.999326941471 -0.033316594848 0.484803483548 0.006719379979 0.033216661547 0.999425586689 -0.148986584328 0.000000000000 0.000000000000 0.000000000000 1.000000000000 -15.652540615121 0.937976999761 0.179078234228 -0.001471001113 -0.003571579413 -0.016834276063
0.000000000000 881810432 0.999861912515 -0.015388506341 -0.006272939862 -6.777113630747 0.015171506263 0.999330736231 -0.033285207239 0.495167800817 0.006780951233 0.033185441022 0.999426207984 -0.147763827560 0.000000000000 0.000000000000 0.000000000000 1.000000000000 -15.043438851845 0.892491593587 0.150082551758 -0.004514778562 -0.009049805151 -0.019273124267
0.000000000000 891810432 0.999864180996 -0.015186235958 -0.006402952360 -6.923312200381 0.014965442207 0.999335836006 -0.033225327885 0.505228965308 0.006903267419 0.033124992240 0.999427375945 -0.147323176496 0.000000000000 0.000000000000 0.000000000000 1.000000000000 -14.177819413869 0.836748020073 0.111294301002 -0.007135794189 -0.015806435301 -0.022088225937
0.000000000000 901810432 0.999866252864 -0.014966552513 -0.006593837286 -7.061573224204 0.014740197140 0.999342207239 -0.033134263506 0.514958668775 0.007085405602 0.033032637432 0.999429158016 -0.147695465354 0.000000000000 0.000000000000 0.000000000000 1.000000000000 -13.895698189126 0.819298619169 0.095265891655 -0.012151064899 -0.018184994179 -0.020934408717
0.000000000000 911810432 0.999867753500 -0.014787611435 -0.006767721860 -7.202854657474 0.014556748384 0.999350105047 -0.032976789093 0.524579640407 0.007250971495 0.032873912004 0.999433204032 -0.147951865457 0.000000000000 0.000000000000 0.000000000000 1.000000000000 -14.368982540294 0.845018506531 0.108531835076 -0.018845142894 -0.015535564212 -0.016192758979
0.000000000000 921810432 0.999868763912 -0.014649058300 -0.006918095436 -7.348419666634 0.014414921889 0.999359266240 -0.032760754063 0.534136480221 0.007393576975 0.032656730864 0.999439279271 -0.147988416887 0.000000000000 0.000000000000 0.000000000000 1.000000000000 -14.747761646894 0.862770628953 0.118412037558 -0.023920010423 -0.013757850205 -0.012699679982
0.000000000000 931810432 0.999869424426 -0.014538703730 -0.007054090373 -7.497316058607 0.014302128129 0.999369326953 -0.032502268778 0.543632211806 0.007522182404 0.032397136272 0.999446768134 -0.147889567756 0.000000000000 0.000000000000 0.000000000000 1.000000000000 -15.032045898006 0.872360770352 0.125035236156 -0.027375610731 -0.012852352992 -0.010454748080
0.000000000000 941810432 0.999869860788 -0.014444360435 -0.007184841005 -7.648591365696 0.014205775404 0.999379924114 -0.032217436635 0.553072966859 0.007645746126 0.032111177646 0.999455058938 -0.147741614138 0.000000000000 0.000000000000 0.000000000000 1.000000000000 -15.221845623392 0.873593423704 0.128532099623 -0.029211878896 -0.012819580013 -0.009457523929
0.000000000000 951810432 0.999870187808 -0.014353840897 -0.007319479770 -7.801292857287 0.014113272192 0.999390703750 -0.031922355888 0.562468246547 0.007773228456 0.031814910167 0.999463550316 -0.147632875192 0.000000000000 0.000000000000 0.000000000000 1.000000000000 -15.317171083158 0.866271807095 0.129035251341 -0.029428741800 -0.013660045272 -0.009707552442
0.000000000000 961810432 0.999870510669 -0.014254956500 -0.007467135287 -7.954467543250 0.014012028036 0.999401325181 -0.031633120242 0.571831077730 0.007913593654 0.031524394382 0.999471654223 -0.147653784450 0.000000000000 0.000000000000 0.000000000000 1.000000000000 -15.318032481605 0.850197864044 0.126679267522 -0.028026118172 -0.015374269341 -0.011204362797
0.000000000000 971810432 0.999870923865 -0.014135518109 -0.007636932396 -8.107162168390 0.013889452970 0.999411461083 -0.031365818209 0.581178064442 0.008075809855 0.031255696817 0.999478795529 -0.147896896531 0.000000000000 0.000000000000 0.000000000000 1.000000000000 -15.224440005647 0.825172247527 0.121600650426 -0.025003918695 -0.017962779417 -0.013947468487
0.000000000000 981810432 0.999871507797 -0.013983338090 -0.007837994157 -8.258423197289 0.013732955476 0.999420793438 -0.031136531225 0.590529335033 0.008268846982 0.031024891598 0.999484408218 -0.148456808528 0.000000000000 0.000000000000 0.000000000000 1.000000000000 -15.036403888214 0.790994287133 0.113937776274 -0.020362046193 -0.021426109452 -0.017936367426
0.000000000000 991810432 0.999872323006 -0.013786233774 -0.008079445796 -8.407296788872 0.013529938978 0.999429005364 -0.030961330549 0.599908385369 0.008501672617 0.030848063091 0.999487928174 -0.149429995310 0.000000000000 0.000000000000 0.000000000000 1.000000000000 -14.753934497019 0.747461938814 0.103830817569 -0.014100395884 -0.025764800326 -0.023170542109
0.000000000000 1001810432 0.999873417863 -0.013542793234 -0.008351107838 -8.554489941633 0.013279247274 0.999435970554 -0.030844810836 0.609384399021 0.008764122463 0.030730010008 0.999489297913 -0.150703863586 0.000000000000 0.000000000000 0.000000000000 1.000000000000 -15.055370960998 0.752440995817 0.114300840835 -0.011027159841 -0.023185068903 -0.024951475149
0.000000000000 1011810432 0.999874918092 -0.013310841861 -0.008542228055 -8.709341891446 0.013042582193 0.999442729381 -0.030726564034 0.619223749359 0.008946464157 0.030611307985 0.999491324926 -0.151069824553 0.000000000000 0.000000000000 0.000000000000 1.000000000000 -15.919512100686 0.806268425079 0.142711281570 -0.012110350975 -0.013899932358 -0.022749945218
0.000000000000 1021810432 0.999876866872 -0.013093629291 -0.008649159805 -8.871948498852 0.012823323906 0.999449411167 -0.030601256203 0.629414830395 0.009045079178 0.030486577197 0.999494249685 -0.150489493589 0.000000000000 0.000000000000 0.000000000000 1.000000000000 -16.602090302413 0.845856528143 0.163526306350 -0.012462836499 -0.006450951624 -0.021485678248
0.000000000000 1031810432 0.999879252200 -0.012882368876 -0.008690546083 -9.040485750551 0.012612028556 0.999455923162 -0.030476128235 0.639895317768 0.009078422484 0.030362842894 0.999497713863 -0.149170821639 0.000000000000 0.000000000000 0.000000000000 1.000000000000 -17.103113020546 0.871013034880 0.177058759571 -0.012084927313 -0.000838403346 -0.021158374357
0.000000000000 1041810432 0.999882035628 -0.012668270203 -0.008685030686 -9.213129331090 0.012399255751 0.999462168069 -0.030358409955 0.650604975364 0.009064948140 0.030247140827 0.999501344265 -0.147326232677 0.000000000000 0.000000000000 0.000000000000 1.000000000000 -17.422588090612 0.881541833392 0.183620360503 -0.010976980955 0.002937441889 -0.021767781542
0.000000000000 1051810432 0.999885162900 -0.012442537547 -0.008651258400 -9.388054727351 0.012175570253 0.999468043969 -0.030255323073 0.661485900282 0.009023109305 0.030146514635 0.999504762947 -0.145173589017 0.000000000000 0.000000000000 0.000000000000 1.000000000000 -17.560523675930 0.877242956477 0.183521698582 -0.009139401564 0.004876319549 -0.023313695618
0.000000000000 1061810432 0.999888570313 -0.012196369620 -0.008607875809 -9.563437299949 0.011931542309 0.999473442895 -0.030174082352 0.672482612858 0.008971357533 0.030068014829 0.999507593382 -0.142936826041 0.000000000000 0.000000000000 0.000000000000 1.000000000000 -17.516928265398 0.857912549919 0.177072214337 -0.006572639904 0.004977971159 -0.025795960216
0.000000000000 1071810432 0.999892186806 -0.011920960625 -0.008573532701 -9.737452320285 0.011657746648 0.999478248080 -0.030121895000 0.683541992329 0.008928141368 0.030018699390 0.999509462676 -0.140846256048 0.000000000000 0.000000000000 0.000000000000 1.000000000000 -17.291810722539 0.823342823762 0.164580165585 -0.003277193426 0.003242144338 -0.029214466826
0.000000000000 1081810432 0.999895931775 -0.011607502624 -0.008566884078 -9.908274971805 0.011344760141 0.999482329855 -0.030105958291 0.694613058726 0.008911904248 0.030005635972 0.999509999836 -0.139138540959 0.000000000000 0.000000000000 0.000000000000 1.000000000000 -16.885180385899 0.773321987790 0.146352578547 0.000746393629 -0.000331407140 -0.033569154919
