0.000000000000 497664 1.000000000000 0.000000000000 0.000000000000 0.000000000000 0.000000000000 1.000000000000 0.000000000000 0.000000000000 0.000000000000 0.000000000000 1.000000000000 0.000000000000 0.000000000000 0.000000000000 0.000000000000 1.000000000000 0.000000000000 0.000000000000 0.000000000000 0.000000000000 0.000000000000 0.000000000000
0.000000000000 10497664 0.999999999740 0.000022487602 0.000003653018 -0.000009620019 -0.000022487678 0.999999999533 0.000020682873 0.000000640736 -0.000003652553 -0.000020682956 0.999999999779 -0.000000086039 0.000000000000 0.000000000000 0.000000000000 1.000000000000 -0.001854591883 0.000123502433 -0.000016585480 -0.003986999507 0.000704139752 -0.004334827683
0.000000000000 20497664 0.999999996427 0.000083442028 0.000013557651 -0.000035703475 -0.000083443068 0.999999993574 0.000076747757 0.000002379058 -0.000013551247 -0.000076748888 0.999999996963 -0.000000319067 0.000000000000 0.000000000000 0.000000000000 1.000000000000 -0.003292704164 0.000219264649 -0.000029423371 -0.007076498718 0.001249775837 -0.007693453717
0.000000000000 30497664 0.999999984622 0.000173100468 0.000028133737 -0.000074085426 -0.000173104946 0.999999972342 0.000159218786 0.000004939813 -0.000028106175 -0.000159223654 0.999999986929 -0.000000661377 0.000000000000 0.000000000000 0.000000000000 1.000000000000 -0.004314336836 0.000287286724 -0.000038513668 -0.009268497628 0.001636908280 -0.010075878102
0.000000000000 40497664 0.999999959274 0.000281700168 0.000045800766 -0.000120600936 -0.000281712027 0.999999926748 0.000259120155 0.000008047692 -0.000045727768 -0.000259133047 0.999999965380 -0.000001075282 0.000000000000 0.000000000000 0.000000000000 1.000000000000 -0.004919489893 0.000327568787 -0.000043856357 -0.010562996230 0.001865537120 -0.011482100838
0.000000000000 50497664 0.999999918097 0.000399478775 0.000064975751 -0.000171085146 -0.000399502625 0.999999852679 0.000367476497 0.000011426245 -0.000064828942 -0.000367502424 0.999999930370 -0.000001523208 0.000000000000 0.000000000000 0.000000000000 1.000000000000 -0.005108163322 0.000340111018 -0.000045451424 -0.010959994512 0.001935662413 -0.011912121927
0.000000000000 60497664 0.999999862990 0.000516674543 0.000084071957 -0.000221373311 -0.000516714447 0.999999753542 0.000475313104 0.000014797294 -0.000083826354 -0.000475356480 0.999999883505 -0.000001967759 0.000000000000 0.000000000000 0.000000000000 1.000000000000 -0.004880357109 0.000324913649 -0.000043298849 -0.010459492463 0.001847284232 -0.011365941367
0.000000000000 70497664 0.999999800456 0.000623526403 0.000101498522 -0.000267300811 -0.000623584529 0.999999641030 0.000573656005 0.000017880759 -0.000101140796 -0.000573719183 0.999999830308 -0.000002371732 0.000000000000 0.000000000000 0.000000000000 1.000000000000 -0.004236071236 0.000281976963 -0.000037398605 -0.009061490065 0.001600402666 -0.009843559161
0.000000000000 80497664 0.999999741067 0.000710273883 0.000115660940 -0.000304703138 -0.000710349324 0.999999534150 0.000653531873 0.000020394875 -0.000115196700 -0.000653613864 0.999999779759 -0.000002698095 0.000000000000 0.000000000000 0.000000000000 1.000000000000 -0.003175305682 0.000211301293 -0.000027750664 -0.006765987299 0.001195017818 -0.007344975309
0.000000000000 90497663 0.999999697927 0.000767156880 0.000124962432 -0.000329415852 -0.000767244914 0.999999456472 0.000705967787 0.000022056820 -0.000124420776 -0.000706063451 0.999999742997 -0.000002909923 0.000000000000 0.000000000000 0.000000000000 1.000000000000 -0.001698060591 0.000112887038 -0.000014354993 -0.003572984508 0.000631129874 -0.003870190208
0.000000000000 100497663 0.999999684024 0.000784578960 0.000128016262 -0.000357541428 -0.000784671308 0.999999430834 0.000722926681 0.000023905706 -0.000127448996 -0.000723026904 0.999999730494 -0.000002750446 0.000000000000 0.000000000000 0.000000000000 1.000000000000 -0.033251155133 0.002166825883 0.000365826006 -0.001027167438 0.000256105373 0.000306572015
0.000000000000 110497663 0.999999694040 0.000769431964 0.000141045638 -0.002032050876 -0.000769540586 0.999999406153 0.000771686702 0.000131822928 -0.000140451794 -0.000771795006 0.999999692303 0.000015955417 0.000000000000 0.000000000000 0.000000000000 1.000000000000 -0.299195515816 0.019159314659 0.003368557422 -0.008480168480 0.002359927407 0.002636019361
0.000000000000 120497663 0.999999715605 0.000733517577 0.000175331588 -0.006292361020 -0.000733672933 0.999999336898 0.000887652435 0.000401712493 -0.000174680363 -0.000887780818 0.999999590666 0.000064655831 0.000000000000 0.000000000000 0.000000000000 1.000000000000 -0.550409893881 0.034586317255 0.006344501862 -0.014467591876 0.004511112478 0.004456294587
0.000000000000 130497663 0.999999740732 0.000681920448 0.000231345849 -0.012991182677 -0.000682164426 0.999999209579 0.001056169330 0.000817705465 -0.000230625442 -0.001056326872 0.999999415493 0.000143305080 0.000000000000 0.000000000000 0.000000000000 1.000000000000 -0.786894373859 0.048446260718 0.009292738108 -0.018989456800 0.006709654129 0.005767341910
0.000000000000 140497664 0.999999760058 0.000619722987 0.000309560348 -0.021981227744 -0.000620113369 0.999999010671 0.001262583450 0.001363889186 -0.000308777590 -0.001262775110 0.999999155027 0.000251999644 0.000000000000 0.000000000000 0.000000000000 1.000000000000 -1.008649113775 0.060736602938 0.012211777762 -0.022045794482 0.008955542297 0.006569071246
0.000000000000 150497664 0.999999763410 0.000552006900 0.000410449285 -0.033115200726 -0.000552618821 0.999998733914 0.001492240865 0.002024374753 -0.000409625038 -0.001492467334 0.999998802374 0.000390981277 0.000000000000 0.000000000000 0.000000000000 1.000000000000 -1.215674258015 0.071453826585 0.015099564702 -0.023636647142 0.011248762389 0.006861357940
0.000000000000 160497664 0.999999740102 0.000483854714 0.000534490539 -0.046245800310 -0.000484778988 0.999998385200 0.001730487229 0.002783357579 -0.000533652372 -0.001730745889 0.999998359866 0.000560637133 0.000000000000 0.000000000000 0.000000000000 1.000000000000 -1.407970070605 0.080593444954 0.017953477368 -0.023762069834 0.013589296625 0.006644043259
0.000000000000 170497664 0.999999678977 0.000420351445 0.000682166269 -0.061225712938 -0.000421689599 0.999997985056 0.001962667139 0.003625169910 -0.000681339884 -0.001962954171 0.999997841291 0.000761496769 0.000000000000 0.000000000000 0.000000000000 1.000000000000 -1.585536845449 0.088149995310 0.020770327895 -0.022422129102 0.015977123135 0.005916934025
0.000000000000 180497664 0.999999568181 0.000366586302 0.000853962790 -0.077907611334 -0.000368442191 0.999997568716 0.002174123557 0.004534326078 -0.000853163710 -0.002174437254 0.999997271963 0.000994226150 0.000000000000 0.000000000000 0.000000000000 1.000000000000 -1.748374929890 0.094117038700 0.023546362289 -0.019616903376 0.018412216198 0.004679802724
0.000000000000 190497664 0.999999394683 0.000327654466 0.001050369714 -0.096144153026 -0.000330122319 0.999997183792 0.002350197194 0.005495560148 -0.001049596703 -0.002350542522 0.999996686643 0.001259618664 0.000000000000 0.000000000000 0.000000000000 1.000000000000 -1.896484725661 0.098487158720 0.026277259705 -0.015346483007 0.020894546286 0.002932387520
0.000000000000 200497664 0.999999144274 0.000307783743 0.001271502890 -0.115788139738 -0.000310931599 0.999996885770 0.002476241654 0.006493902247 -0.001270736783 -0.002476634885 0.999996125746 0.001558735143 0.000000000000 0.000000000000 0.000000000000 1.000000000000 -2.030130056953 0.101495988517 0.029278798023 -0.009640659130 0.022809303517 0.002115127820
0.000000000000 210497664 0.999998864626 0.000242623922 0.001487239431 -0.136713780595 -0.000246406307 0.999996734762 0.002543570279 0.007519291387 -0.001486617444 -0.002543933856 0.999995659175 0.001904117229 0.000000000000 0.000000000000 0.000000000000 1.000000000000 -2.153190798748 0.105070666482 0.034398426592 -0.003934224149 0.020403267637 0.010513999619
0.000000000000 220497664 0.999998584072 0.000102354788 0.001679695941 -0.158816976456 -0.000106650905 0.999996723175 0.002557785028 0.008563378495 -0.001679428635 -0.002557960548 0.999995318168 0.002300672026 0.000000000000 0.000000000000 0.000000000000 1.000000000000 -2.265513748088 0.107739832420 0.039193034559 0.001008471817 0.018192112432 0.017147112116
0.000000000000 230497664 0.999998282592 -0.000095361550 0.001850869891 -0.181990360741 0.000090685142 0.999996804232 0.002526519897 0.009616432561 -0.001851104909 -0.002526347712 0.999995095477 0.002744692284 0.000000000000 0.000000000000 0.000000000000 1.000000000000 -2.367100794257 0.109465674173 0.043657078260 0.005187061099 0.016175706474 0.022014609970
0.000000000000 240497664 0.999997939066 -0.000332868652 0.002002763851 -0.206126531514 0.000327946714 0.999996926815 0.002457399407 0.010669371642 -0.002003575687 -0.002456737542 0.999994975050 0.003232436904 0.000000000000 0.000000000000 0.000000000000 1.000000000000 -2.457953802391 0.110209091543 0.047785008684 0.008601202225 0.014353954805 0.025116630648
0.000000000000 250497664 0.999997540264 -0.000592514544 0.002137379955 -0.231118048257 0.000587474211 0.999997047254 0.002358040888 0.011713881190 -0.002138770818 -0.002356779432 0.999994935612 0.003760149644 0.000000000000 0.000000000000 0.000000000000 1.000000000000 -2.538074606368 0.109929697527 0.051571264848 0.011250579921 0.012726798854 0.026453304381
0.000000000000 260497664 0.999997086688 -0.000856650700 0.002256715720 -0.256857430381 0.000851604585 0.999997137407 0.002236056413 0.012742513151 -0.002258624779 -0.002234128069 0.999994953630 0.004324076519 0.000000000000 0.000000000000 0.000000000000 1.000000000000 -2.607465006206 0.108585819372 0.055010268731 0.013134905094 0.011294216408 0.026024754129
0.000000000000 270497664 0.999996595251 -0.001107631154 0.002362761203 -0.283237157298 0.001102672231 0.999997189038 0.002099054370 0.013748765809 -0.002365079539 -0.002096441872 0.999995005653 0.004920481864 0.000000000000 0.000000000000 0.000000000000 1.000000000000 -2.666126770239 0.106134499456 0.058096421915 0.014253914820 0.010056221638 0.023831095572
0.000000000000 280497664 0.999996098803 -0.001327811789 0.002457497509 -0.310149669886 0.001323009727 0.999997214509 0.001954640679 0.014727144386 -0.002460086058 -0.001951381760 0.999995070031 0.005545662966 0.000000000000 0.000000000000 0.000000000000 1.000000000000 -2.714061642326 0.102531495999 0.060824104117 0.014607372319 0.009012865151 0.019872437100
0.000000000000 290497664 0.999995642504 -0.001499549753 0.002542896637 -0.337487373124 0.001494948424 0.999997243751 0.001810419664 0.015673202368 -0.002545604443 -0.001806610276 0.999995128017 0.006195963204 0.000000000000 0.000000000000 0.000000000000 1.000000000000 -2.751271354360 0.097731283592 0.063187673757 0.014195066947 0.008164234084 0.014148879812
0.000000000000 300497664 0.999995276268 -0.001605958004 0.002620751767 -0.365143007752 0.001601574483 0.999997316568 0.001673862311 0.016583326807 -0.002623432887 -0.001669657074 0.999995164911 0.006867821360 0.000000000000 0.000000000000 0.000000000000 1.000000000000 -2.778362009966 0.091755737836 0.065341697598 0.013239280144 0.007231027521 0.007908359215
0.000000000000 310497664 0.999994975960 -0.001694321334 0.002679053870 -0.393056658711 0.001690197996 0.999997384860 0.001540618132 0.017437097765 -0.002681657166 -0.001536082261 0.999995224572 0.007560507313 0.000000000000 0.000000000000 0.000000000000 1.000000000000 -2.803742900491 0.085964248181 0.068251226305 0.013413782196 0.004498945312 0.009668952744
0.000000000000 320497664 0.999994708217 -0.001797946387 0.002711259289 -0.421212371326 0.001794136584 0.999997400770 0.001406956422 0.018226323476 -0.002713781874 -0.001402084607 0.999995334762 0.008271267122 0.000000000000 0.000000000000 0.000000000000 1.000000000000 -2.826672356803 0.080603299453 0.070727045911 0.013331820310 0.002013833653 0.010969954433
0.000000000000 330497664 0.999994472852 -0.001912247756 0.002719848043 -0.449585581910 0.001908784297 0.999997364910 0.001275427966 0.018956380194 -0.002722279810 -0.001270229314 0.999995487845 0.008995288857 0.000000000000 0.000000000000 0.000000000000 1.000000000000 -2.847150992087 0.075660088221 0.072762392257 0.012993354038 -0.000224272471 0.011811405671
0.000000000000 340497664 0.999994269440 -0.002032639336 0.002707298317 -0.478151716719 0.002029535882 0.999997280867 0.001148583139 0.019632907056 -0.002709625610 -0.001143081998 0.999995675637 0.009727881726 0.000000000000 0.000000000000 0.000000000000 1.000000000000 -2.865179393782 0.071121733672 0.074350487821 0.012398351137 -0.002215341803 0.012193341280
0.000000000000 350497664 0.999994098255 -0.002154534080 0.002676086433 -0.506886192883 0.002151787032 0.999997155510 0.001028972517 0.020261811880 -0.002678295777 -0.001023208076 0.999995889880 0.010464482030 0.000000000000 0.000000000000 0.000000000000 1.000000000000 -2.880758122621 0.066975277442 0.075484541984 0.011546787558 -0.003959346815 0.012115789510
0.000000000000 360497664 0.999993960938 -0.002273343823 0.002628686941 -0.535764419186 0.002270934564 0.999996999008 0.000919147384 0.020849275712 -0.002630768590 -0.000913172257 0.999996122579 0.011200658355 0.000000000000 0.000000000000 0.000000000000 1.000000000000 -2.893887712168 0.063207683336 0.076157751545 0.010438647454 -0.005456263705 0.011578772031
0.000000000000 370497664 0.999993860896 -0.002384479161 0.002567572825 -0.564761796709 0.002382376543 0.999996824573 0.000821660126 0.021401756140 -0.002569523903 -0.000815538156 0.999996366216 0.011932115994 0.000000000000 0.000000000000 0.000000000000 1.000000000000 -2.904568668870 0.059805836936 0.076363301480 0.009073923170 -0.006706072395 0.010582303939
0.000000000000 380497664 0.999993803418 -0.002483349401 0.002495215826 -0.593853719286 0.002481512328 0.999996647934 0.000739064499 0.021925989378 -0.002497042817 -0.000732868011 0.999996613835 0.012654700593 0.000000000000 0.000000000000 0.000000000000 1.000000000000 -2.912801472605 0.056756545104 0.076094365951 0.007452615253 -0.007708756525 0.009126393747
0.000000000000 390497664 0.999993795530 -0.002565362567 0.002414086881 -0.623015573777 0.002563742569 0.999996486525 0.000673915802 0.022428991122 -0.002415807237 -0.000667722524 0.999996859006 0.013364401011 0.000000000000 0.000000000000 0.000000000000 1.000000000000 -2.918586577764 0.054046535372 0.075344109556 0.005574732448 -0.008464303457 0.007211043387
0.000000000000 400497664 0.999993843973 -0.002626533087 0.002326658727 -0.652222193601 0.002625076996 0.999996356870 0.000628662520 0.022917987209 -0.002328301454 -0.000622550992 0.999997095717 0.014057357574 0.000000000000 0.000000000000 0.000000000000 1.000000000000 -2.921008402244 0.052200047754 0.074109694894 0.003621917336 -0.008968763414 0.005836031099
0.000000000000 410497664 0.999993826346 -0.002711034443 0.002235522711 -0.681410309619 0.002709707554 0.999996150911 0.000596362636 0.023392007291 -0.002237130866 -0.000590301341 0.999997323391 0.014730819594 0.000000000000 0.000000000000 0.000000000000 1.000000000000 -2.916060685689 0.053834072534 0.072535274241 0.002878831147 -0.009210967376 0.010896952034
0.000000000000 420497664 0.999993668576 -0.002840795080 0.002143056736 -0.710553142150 0.002839576347 0.999995805078 0.000571517328 0.023843521450 -0.002144671310 -0.000565428336 0.999997540335 0.015383439342 0.000000000000 0.000000000000 0.000000000000 1.000000000000 -2.911714287204 0.054463504593 0.070683898124 0.002149285486 -0.009229938632 0.014887561640
0.000000000000 430497664 0.999993380300 -0.003005112554 0.002051500600 -0.739656452069 0.003003981970 0.999995334599 0.000553960037 0.024267463853 -0.002053155741 -0.000547793699 0.999997742234 0.016013956846 0.000000000000 0.000000000000 0.000000000000 1.000000000000 -2.907969788799 0.054057095820 0.068548971295 0.001433350259 -0.009025648527 0.017807866786
0.000000000000 440497664 0.999992974576 -0.003193284374 0.001963092936 -0.768725983939 0.003192223065 0.999994757131 0.000543526903 0.024659393950 -0.001964818280 -0.000537256454 0.999997925420 0.016621241557 0.000000000000 0.000000000000 0.000000000000 1.000000000000 -2.904827725098 0.052583618541 0.066123913621 0.000731086660 -0.008598075653 0.019657872728
0.000000000000 450497664 0.999992470955 -0.003394608093 0.001880071627 -0.797767467338 0.003393598255 0.999994095897 0.000540056983 0.025015493643 -0.001881893808 -0.000533672709 0.999998086833 0.017204292145 0.000000000000 0.000000000000 0.000000000000 1.000000000000 -2.902288580366 0.050011865230 0.063402161210 0.000042547166 -0.007947205847 0.020437583100
0.000000000000 460497664 0.999991897368 -0.003598381388 0.001804674191 -0.826786618690 0.003597406075 0.999993381675 0.000543392225 0.025332565080 -0.001806617580 -0.000536895677 0.999998223936 0.017762236403 0.000000000000 0.000000000000 0.000000000000 1.000000000000 -2.900352787872 0.046310648271 0.060377167504 -0.000632224461 -0.007073032187 0.020146999918
0.000000000000 470497664 0.999991290815 -0.003793902145 0.001739138161 -0.855789143548 0.003792944908 0.999992653644 0.000553377217 0.025608029063 -0.001741224844 -0.000546775942 0.999998334585 0.018294331242 0.000000000000 0.000000000000 0.000000000000 1.000000000000 -2.899020731567 0.041448799760 0.057042404356 -0.001293193174 -0.005975554997 0.018786123574
0.000000000000 480497664 0.999990696852 -0.003970468528 0.001685701437 -0.884780739224 0.003969512919 0.999991959082 0.000569858675 0.025839924078 -0.001687950488 -0.000563161960 0.999998416835 0.018799962798 0.000000000000 0.000000000000 0.000000000000 1.000000000000 -2.898292750098 0.035395171344 0.053391363084 -0.001940332635 -0.004654781851 0.016354952836
0.000000000000 490497664 0.999990167896 -0.004117379041 0.001646602626 -0.913767097707 0.004116407991 0.999991351918 0.000592684712 0.026026905940 -0.001649028693 -0.000585900797 0.999998468711 0.019278646636 0.000000000000 0.000000000000 0.000000000000 1.000000000000 -2.898169143126 0.028118634094 0.049417555486 -0.002573625219 -0.003110727583 0.012853484839
0.000000000000 500497664 0.999989757910 -0.004224599642 0.001623832497 -0.942752798388 0.004223594832 0.999990887313 0.000621721196 0.026168139830 -0.001626444223 -0.000614856418 0.999998488314 0.019729998539 0.000000000000 0.000000000000 0.000000000000 1.000000000000 -2.896790519728 0.020446909667 0.045452837320 -0.003219506895 -0.001752086769 0.009380534116
0.000000000000 510497664 0.999989318157 -0.004336484040 0.001599524073 -0.971656847147 0.004335436225 0.999990385490 0.000657966041 0.026256006653 -0.001602361954 -0.000651024378 0.999998504301 0.020152185120 0.000000000000 0.000000000000 0.000000000000 1.000000000000 -2.883804501655 0.018418074813 0.043832266559 -0.003969212712 -0.003029343442 0.012836707510
0.000000000000 520497664 0.999988749874 -0.004478033978 0.001564396541 -1.000446116724 0.004476941684 0.999989732725 0.000701026148 0.026291112789 -0.001567519697 -0.000694014550 0.999998530612 0.020547009673 0.000000000000 0.000000000000 0.000000000000 1.000000000000 -2.873631578474 0.016352404978 0.042281241323 -0.004573844759 -0.003910998107 0.015315354055
0.000000000000 530497664 0.999988078695 -0.004639475885 0.001522409505 -1.029148403747 0.004638339027 0.999988962020 0.000749432525 0.026281146938 -0.001525869675 -0.000742362140 0.999998560309 0.020918546110 0.000000000000 0.000000000000 0.000000000000 1.000000000000 -2.866272083890 0.014221428539 0.040788253731 -0.005033424795 -0.004397072101 0.016816461887
0.000000000000 540497664 0.999987335345 -0.004811036566 0.001477523579 -1.057791501203 0.004809855727 0.999988111198 0.000801717685 0.026234355746 -0.001481363106 -0.000794600856 0.999998587085 0.021271095527 0.000000000000 0.000000000000 0.000000000000 1.000000000000 -2.861726316525 0.011996700352 0.039341817521 -0.005347975761 -0.004487589083 0.017340018030
0.000000000000 550497664 0.999986557299 -0.004982943341 0.001433700713 -1.086403201654 0.004981718804 0.999987224433 0.000856416181 0.026159538415 -0.001437949870 -0.000849262375 0.999998605526 0.021609183561 0.000000000000 0.000000000000 0.000000000000 1.000000000000 -2.859994538921 0.009649801535 0.037930468509 -0.005517521777 -0.004182575035 0.016886008393
0.000000000000 560497664 0.999985789325 -0.005145424114 0.001394904392 -1.115011299473 0.005144154753 0.999986352812 0.000912064759 0.026066043969 -0.001399578316 -0.000904876194 0.999998611189 0.021937558964 0.000000000000 0.000000000000 0.000000000000 1.000000000000 -2.861076978693 0.007152339407 0.036542764789 -0.005542088145 -0.003482058260 0.015454417777
0.000000000000 570497664 0.999985082927 -0.005288707393 0.001365099683 -1.143643592031 0.005287389537 0.999985553912 0.000967202113 0.025963771172 -0.001370195212 -0.000959969872 0.999998600510 0.022261193398 0.000000000000 0.000000000000 0.000000000000 1.000000000000 -2.864973831847 0.004475947551 0.035167286671 -0.005421701348 -0.002386069382 0.013045229869
0.000000000000 580497664 0.999984494662 -0.005403022231 0.001348253137 -1.172327879764 0.005401648633 0.999984890406 0.001020368268 0.025863171097 -0.001353745838 -0.001013069657 0.999998570530 0.022585282454 0.000000000000 0.000000000000 0.000000000000 1.000000000000 -2.871685268233 0.001592285991 0.033792636348 -0.005156389059 -0.000894641336 0.009658427247
0.000000000000 590497664 0.999984083354 -0.005478598110 0.001348332554 -1.201091965048 0.005477157118 0.999984427693 0.001070103557 0.025775252344 -0.001354174225 -0.001062701495 0.999998518438 0.022915247927 0.000000000000 0.000000000000 0.000000000000 1.000000000000 -2.881211439152 -0.001526958516 0.032407437304 -0.004746180151 0.000992190629 0.005293991383
0.000000000000 600497664 0.999983901394 -0.005506602203 0.001369045199 -1.229962204758 0.005505077502 0.999984225344 0.001114981727 0.025710072672 -0.001375163364 -0.001107427078 0.999998441264 0.023256393034 0.000000000000 0.000000000000 0.000000000000 1.000000000000 -2.891116411750 -0.005507641529 0.030956002437 -0.004246523985 0.002843112396 0.001500425973
0.000000000000 610497664 0.999983606722 -0.005554214930 0.001391755329 -1.258847784106 0.005552606554 0.999983914992 0.001156857078 0.025557800829 -0.001398158375 -0.001149110244 0.999998362348 0.023585077997 0.000000000000 0.000000000000 0.000000000000 1.000000000000 -2.886408323202 -0.012981609208 0.029405371828 -0.004128001517 0.001698474825 0.007804223237
0.000000000000 620497664 0.999983007087 -0.005658464283 0.001402611316 -1.287704370741 0.005656785478 0.999983282641 0.001198005563 0.025265853328 -0.001409366739 -0.001190050934 0.999998298731 0.023886041124 0.000000000000 0.000000000000 0.000000000000 1.000000000000 -2.884977528010 -0.018752846858 0.028276112247 -0.004085166604 0.000485996200 0.012830511462
0.000000000000 630497664 0.999982160369 -0.005806573514 0.001400945378 -1.316564395620 0.005804838778 0.999982384002 0.001239166156 0.024864454086 -0.001408116008 -0.001231011788 0.999998250908 0.024161927166 0.000000000000 0.000000000000 0.000000000000 1.000000000000 -2.886823975278 -0.022858561907 0.027570138574 -0.004118026200 -0.000794383744 0.016579294267
0.000000000000 640497664 0.999981124502 -0.005985765827 0.001386090606 -1.345460291252 0.005983991008 0.999981275173 0.001281075906 0.024384556815 -0.001393732872 -0.001272757371 0.999998218797 0.024415339741 0.000000000000 0.000000000000 0.000000000000 1.000000000000 -2.891947621535 -0.025336107264 0.027289325595 -0.004226568343 -0.002142728533 0.019050574325
0.000000000000 650497664 0.999979962179 -0.006183264351 0.001357380850 -1.374424503724 0.006181466845 0.999980017423 0.001324470633 0.023857840107 -0.001365543278 -0.001316053488 0.999998201646 0.024648839430 0.000000000000 0.000000000000 0.000000000000 1.000000000000 -2.900348425945 -0.026222981302 0.027435508213 -0.004410762146 -0.003559104944 0.020244353370
0.000000000000 660497664 0.999978743915 -0.006386292109 0.001314150698 -1.403489500811 0.006384491166 0.999978680342 0.001370085709 0.023316706681 -0.001322872449 -0.001361666403 0.999998197935 0.024864941422 0.000000000000 0.000000000000 0.000000000000 1.000000000000 -2.912026348672 -0.025556827834 0.028010481854 -0.004670557793 -0.005043583009 0.020160632196
0.000000000000 670497664 0.999977549476 -0.006582071969 0.001255735553 -1.432687776082 0.006580289115 0.999977343347 0.001418656929 0.022794286794 -0.001265044804 -0.001410361976 0.999998205269 0.025066112678 0.000000000000 0.000000000000 0.000000000000 1.000000000000 -2.926981352452 -0.023375436083 0.029016003084 -0.005005886543 -0.006596236008 0.018799410663
0.000000000000 680497664 0.999976467675 -0.006757826583 0.001181471798 -1.462051848878 0.006756086175 0.999976095559 0.001470921453 0.022324445817 -0.001191383788 -0.001462904713 0.999998220256 0.025254768627 0.000000000000 0.000000000000 0.000000000000 1.000000000000 -2.945213407360 -0.019716740649 0.030453790422 -0.005416660738 -0.008217140474 0.016160687703
0.000000000000 690497664 0.999975594522 -0.006900778307 0.001090697063 -1.491614260070 0.006899108229 0.999975034031 0.001527618852 0.021941795989 -0.001101211592 -0.001520056733 0.999998238379 0.025433269365 0.000000000000 0.000000000000 0.000000000000 1.000000000000 -2.966722498819 -0.014618821465 0.032325525362 -0.005902773815 -0.009906376200 0.012244461331
0.000000000000 700497664 0.999975025276 -0.006998777148 0.000982823332 -1.521405841965 0.006997209697 0.999974256214 0.001589328489 0.021680745202 -0.000993921386 -0.001582411775 0.999998254045 0.025603904210 0.000000000000 0.000000000000 0.000000000000 1.000000000000 -2.988649503267 -0.008140451883 0.034421874399 -0.006193295369 -0.011541540311 0.008087037141
0.000000000000 710497664 0.999974477784 -0.007092058938 0.000863990981 -1.551314913548 0.007090632203 0.999973510816 0.001643350906 0.021488964005 -0.000875622836 -0.001637182722 0.999998276457 0.025767720700 0.000000000000 0.000000000000 0.000000000000 1.000000000000 -2.992504881534 -0.001993206246 0.034985813446 -0.004609939349 -0.012141705976 0.010496818511
0.000000000000 720497664 0.999973761481 -0.007206087843 0.000740708124 -1.581273695328 0.007204833769 0.999972630209 0.001682023811 0.021315892994 -0.000752808662 -0.001676642998 0.999998311072 0.025925279591 0.000000000000 0.000000000000 0.000000000000 1.000000000000 -2.998479434016 0.002735552505 0.035191935723 -0.003122302977 -0.012423885822 0.012239158603
0.000000000000 730497664 0.999972914585 -0.007334196307 0.000616165806 -1.611303149467 0.007333135690 0.999971656439 0.001706294221 0.021156669295 -0.000628662638 -0.001701729578 0.999998354449 0.026077731706 0.000000000000 0.000000000000 0.000000000000 1.000000000000 -3.006573066266 0.006025541705 0.035030513435 -0.001730340416 -0.012388116533 0.013314033375
0.000000000000 740497664 0.999971979474 -0.007469716822 0.000493555879 -1.641424239221 0.007468859253 0.999970633404 0.001717111508 0.021006823090 -0.000506367721 -0.001713377094 0.999998403964 0.026226414428 0.000000000000 0.000000000000 0.000000000000 1.000000000000 -3.016785684483 0.007856406150 0.034491778816 -0.000434009474 -0.012034426523 0.013721423257
0.000000000000 750497664 0.999971003386 -0.007605981718 0.000376070483 -1.671657928440 0.007605325962 0.999969607701 0.001715427558 0.020862279108 -0.000389106564 -0.001712517678 0.999998457938 0.026372852640 0.000000000000 0.000000000000 0.000000000000 1.000000000000 -3.029117195159 0.008207718735 0.033565922815 0.000766728399 -0.011362835936 0.013461313143
0.000000000000 760497664 0.999970038586 -0.007736322972 0.000266901596 -1.702025181317 0.007735857734 0.999968629024 0.001702196718 0.020719359503 -0.000280061967 -0.001700081005 0.999998515644 0.026518760403 0.000000000000 0.000000000000 0.000000000000 1.000000000000 -3.043567505847 0.007058981013 0.032243093895 0.001871908103 -0.010373356642 0.012533692396
0.000000000000 770497664 0.999969141979 -0.007854072046 0.000169240643 -1.732546962360 0.007853777056 0.999967750101 0.001678375529 0.020574788144 -0.000182417268 -0.001676994560 0.999998577206 0.026666043363 0.000000000000 0.000000000000 0.000000000000 1.000000000000 -3.060136527043 0.004389623705 0.030513396966 0.002881560893 -0.009065992241 0.010938554836
0.000000000000 780497664 0.999968374175 -0.007952559760 0.000086278170 -1.763244236534 0.007952407114 0.999967026182 0.001644922250 0.020425696302 -0.000099356668 -0.001644184109 0.999998643393 0.026816801879 0.000000000000 0.000000000000 0.000000000000 1.000000000000 -3.078824175194 0.000179007129 0.028366892441 0.003795714370 -0.007440738068 0.008675898746
0.000000000000 790497664 0.999967798012 -0.008025116172 0.000021203584 -1.794137969560 0.008025071882 0.999966514072 0.001602796164 0.020269629749 -0.000034065499 -0.001602574390 0.999998715297 0.026973334880 0.000000000000 0.000000000000 0.000000000000 1.000000000000 -3.099630376837 -0.005593578417 0.025793595404 0.004614392484 -0.005497581197 0.005745726862
0.000000000000 800497664 0.999967472745 -0.008065538677 -0.000023181835 -1.825247506314 0.008065564956 0.999966266454 0.001553259636 0.020104287912 0.000010653178 -0.001553396087 0.999998793423 0.027137392909 0.000000000000 0.000000000000 0.000000000000 1.000000000000 -3.119850600170 -0.011991392206 0.022718492874 0.004839144056 -0.003873226974 0.002921489637
0.000000000000 810497664 0.999967139015 -0.008106486041 -0.000075991916 -1.856461322482 0.008106592301 0.999965983479 0.001521527850 0.019908602104 0.000063655086 -0.001522093887 0.999998839588 0.027250870266 0.000000000000 0.000000000000 0.000000000000 1.000000000000 -3.122901331371 -0.011727689839 0.019413649712 0.001546436278 -0.006658141666 0.005234049598
0.000000000000 820497664 0.999966620925 -0.008169005790 -0.000156140967 -1.887720008477 0.008169233999 0.999965473686 0.001521529142 0.019678491464 0.000143706195 -0.001522753907 0.999998830284 0.027281772047 0.000000000000 0.000000000000 0.000000000000 1.000000000000 -3.128591099620 -0.010703198413 0.016882870130 -0.001508521376 -0.009334574572 0.007244276652
0.000000000000 830497664 0.999965933096 -0.008250073957 -0.000262541329 -1.919049850323 0.008250471476 0.999964761623 0.001550881436 0.019425852628 0.000249737190 -0.001552994692 0.999998762919 0.027238234908 0.000000000000 0.000000000000 0.000000000000 1.000000000000 -3.136920001667 -0.008927487300 0.015122577185 -0.004325711493 -0.011902510805 0.008952189835
0.000000000000 840497664 0.999965088325 -0.008346664717 -0.000394106549 -1.950477131871 0.008347287972 0.999963869190 0.001607201907 0.019162757516 0.000380677535 -0.001610435517 0.999998630790 0.027128453419 0.000000000000 0.000000000000 0.000000000000 1.000000000000 -3.147888169663 -0.006410177164 0.014129091286 -0.006905110752 -0.014361939932 0.010357811240
0.000000000000 850497664 0.999964098381 -0.008455750859 -0.000549750756 -1.982028137586 0.008456668094 0.999962816838 0.001688107456 0.018901454397 0.000535456099 -0.001692695910 0.999998424032 0.026960675217 0.000000000000 0.000000000000 0.000000000000 1.000000000000 -3.161495770004 -0.003160940448 0.013898631409 -0.009246689928 -0.016712855972 0.011461166013
0.000000000000 860497664 0.999962974694 -0.008574304213 -0.000728388098 -2.013729154896 0.008575597385 0.999961624603 0.001791215164 0.018654369538 0.000713001722 -0.001797395207 0.999998130498 0.026743196726 0.000000000000 0.000000000000 0.000000000000 1.000000000000 -3.177743002386 0.000810498203 0.014427316188 -0.011350413892 -0.018955257387 0.012262282358
0.000000000000 870497664 0.999961728934 -0.008699296073 -0.000928932256 -2.045606476080 0.008701061931 0.999960313002 0.001914142705 0.018434109457 0.000912243696 -0.001922152145 0.999997736569 0.026484359422 0.000000000000 0.000000000000 0.000000000000 1.000000000000 -3.196630099057 0.005494361567 0.015711164838 -0.013216241619 -0.021089147081 0.012761191541
0.000000000000 880497664 0.999960373502 -0.008827697574 -0.001150296038 -2.077686399698 0.008830047986 0.999958903779 0.002054508728 0.018253463765 0.001132112184 -0.002064584484 0.999997227903 0.026192546672 0.000000000000 0.000000000000 0.000000000000 1.000000000000 -3.218157324285 0.010880819542 0.017746097935 -0.014844126186 -0.023114532395 0.012957927895
0.000000000000 890497664 0.999958921904 -0.008956480057 -0.001391391029 -2.109995231548 0.008959541617 0.999957420498 0.002209933209 0.018125408595 0.001371538562 -0.002222308655 0.999996590107 0.025876181135 0.000000000000 0.000000000000 0.000000000000 1.000000000000 -3.242324974038 0.016959988910 0.020527938052 -0.016234014777 -0.025031425106 0.012852528826
0.000000000000 900497664 0.999957388555 -0.009082721358 -0.001650832318 -2.142557604535 0.009086633144 0.999955888765 0.002377734904 0.018062817885 0.001629163194 -0.002392634093 0.999995810556 0.025544089880 0.000000000000 0.000000000000 0.000000000000 1.000000000000 -3.266357444145 0.023619243806 0.023602336136 -0.016885362246 -0.026351819746 0.012619090620
0.000000000000 910497664 0.999955756460 -0.009211970994 -0.001903867703 -2.175258666381 0.009216776858 0.999954321245 0.002531096136 0.018051700749 0.001880464353 -0.002548531675 0.999994984407 0.025232307616 0.000000000000 0.000000000000 0.000000000000 1.000000000000 -3.272426409371 0.029304559305 0.023693906382 -0.013852505653 -0.024242704294 0.013287831246
0.000000000000 920497664 0.999954042309 -0.009345849581 -0.002137373448 -2.208029645352 0.009351511773 0.999952749875 0.002654664944 0.018077583175 0.002112462358 -0.002674530614 0.999994192178 0.024956313820 0.000000000000 0.000000000000 0.000000000000 1.000000000000 -3.280437003099 0.034045646853 0.023737111543 -0.010935006758 -0.022439946271 0.013541877283
0.000000000000 930497664 0.999952290036 -0.009480213858 -0.002354399511 -2.240889981981 0.009486677689 0.999951220123 0.002749603821 0.018139914164 0.002328217831 -0.002771808067 0.999993448219 0.024710097595 0.000000000000 0.000000000000 0.000000000000 1.000000000000 -3.290389147163 0.037828628574 0.023741693789 -0.008132727657 -0.020943612536 0.013381239830
0.000000000000 940497664 0.999950542235 -0.009610917948 -0.002557995206 -2.273859110311 0.009618117014 0.999949776692 0.002817076339 0.018238405011 0.002530792046 -0.002841540110 0.999992760345 0.024487445704 0.000000000000 0.000000000000 0.000000000000 1.000000000000 -3.302282781547 0.040639591606 0.023717436303 -0.005445537128 -0.019753758124 0.012805923169
0.000000000000 950497664 0.999948840547 -0.009733813878 -0.002751209774 -2.306956458017 0.009741674249 0.999948463776 0.002858246857 0.018373032550 0.002723246344 -0.002884902020 0.999992130604 0.024281942194 0.000000000000 0.000000000000 0.000000000000 1.000000000000 -3.316117864144 0.042464586783 0.023674161411 -0.002873310637 -0.018870426248 0.011815924753
0.000000000000 960497664 0.999947225779 -0.009844752056 -0.002937092905 -2.340201446357 0.009853195508 0.999947325138 0.002874280365 0.018544043159 0.002908641617 -0.002903068428 0.999991555963 0.024086967465 0.000000000000 0.000000000000 0.000000000000 1.000000000000 -3.331894371110 0.043289627380 0.023621728827 -0.000415930336 -0.018293648305 0.010411235195
0.000000000000 970497664 0.999945737756 -0.009939581716 -0.003118695218 -2.373613489916 0.009948528072 0.999946403999 0.002866342452 0.018751957518 0.003090037823 -0.002897213345 0.999991028870 0.023895696776 0.000000000000 0.000000000000 0.000000000000 1.000000000000 -3.349612297791 0.043100687926 0.023570034002 0.001926714926 -0.018023443884 0.008591838259
0.000000000000 980497664 0.999944414915 -0.010014151320 -0.003299068681 -2.407211996141 0.010023519975 0.999945742740 0.002835599400 0.018997576119 0.003270493561 -0.002868510064 0.999990537716 0.023701098195 0.000000000000 0.000000000000 0.000000000000 1.000000000000 -3.369271660252 0.041883703075 0.023529006590 0.004154729607 -0.018059820783 0.006357710864
0.000000000000 990497664 0.999943293625 -0.010064308925 -0.003481266999 -2.441016364632 0.010074019624 0.999945382420 0.002783218405 0.019281985536 0.003453065690 -0.002818130931 0.999990067188 0.023495929976 0.000000000000 0.000000000000 0.000000000000 1.000000000000 -3.390872497388 0.039624566548 0.023508609003 0.006268211464 -0.018402775012 0.003708823083
0.000000000000 1000497664 0.999942402081 -0.010086450130 -0.003668248121 -2.475045088831 0.010096422890 0.999945356521 0.002710390575 0.019605350476 0.003640709456 -0.002747270646 0.999989598815 0.023272827780 0.000000000000 0.000000000000 0.000000000000 1.000000000000 -3.412912007586 0.036541669761 0.023264003631 0.008226164922 -0.018887120432 0.001550351970
0.000000000000 1010497664 0.999941349229 -0.010121419685 -0.003854214002 -2.509239525823 0.010131559325 0.999945240956 0.002620418794 0.019871481272 0.003827480590 -0.002659314303 0.999989139161 0.023034718645 0.000000000000 0.000000000000 0.000000000000 1.000000000000 -3.425016881910 0.034854488779 0.021492318894 0.009702037781 -0.018280286306 0.005439036262
0.000000000000 1020497664 0.999939921792 -0.010192144303 -0.004033980704 -2.543556820060 0.010202346937 0.999944787577 0.002516727050 0.020030483901 0.004008107133 -0.002557731920 0.999988696478 0.022791465089 0.000000000000 0.000000000000 0.000000000000 1.000000000000 -3.437377281809 0.033459801183 0.020273171504 0.010940757291 -0.017629606969 0.008694943045
0.000000000000 1030497664 0.999938182601 -0.010292298373 -0.004207085727 -2.577999398986 0.010302463487 0.999944043976 0.002401699993 0.020098978555 0.004182131302 -0.002444894873 0.999988266065 0.022550064588 0.000000000000 0.000000000000 0.000000000000 1.000000000000 -3.449993552945 0.032335769559 0.019605119028 0.011942433977 -0.016935033871 0.011318034293
0.000000000000 1040497664 0.999936194211 -0.010415555124 -0.004373067349 -2.612569686170 0.010425587899 0.999943057921 0.002277725171 0.020094006418 0.004349094565 -0.002323171637 0.999987844051 0.022317546727 0.000000000000 0.000000000000 0.000000000000 1.000000000000 -3.462866033514 0.031460464573 0.019486709550 0.012707172821 -0.016196518320 0.013308274096
0.000000000000 1050497664 0.999934020529 -0.010555586693 -0.004531465260 -2.647270105953 0.010565400224 0.999941879251 0.002147192866 0.020033033081 0.004508537008 -0.002194927940 0.999987427614 0.022100975467 0.000000000000 0.000000000000 0.000000000000 1.000000000000 -3.475995052024 0.030811864967 0.019916480784 0.013235073255 -0.015414011472 0.014665628667
0.000000000000 1060497664 0.999931728040 -0.010706064217 -0.004681821052 -2.682103087005 0.010715581582 0.999940561319 0.002012495913 0.019933952279 0.004659996860 -0.002062526952 0.999987015122 0.021907451023 0.000000000000 0.000000000000 0.000000000000 1.000000000000 -3.489380925997 0.030367857563 0.020892959531 0.013526229154 -0.014587464320 0.015390066330
0.000000000000 1070497664 0.999929386624 -0.010860657915 -0.004823678542 -2.717071064759 0.010869814091 0.999939161977 0.001876029480 0.019815089940 0.004803010165 -0.001928329496 0.999986606230 0.021744111349 0.000000000000 0.000000000000 0.000000000000 1.000000000000 -3.503023961602 0.030106237257 0.022414661470 0.013580728838 -0.013716827695 0.015481557523
0.000000000000 1080497664 0.999927069984 -0.011013037195 -0.004956583962 -2.752176482693 0.011021780789 0.999937744104 0.001740190820 0.019695208546 0.004937110599 -0.001794694290 0.999986201910 0.021618133211 0.000000000000 0.000000000000 0.000000000000 1.000000000000 -3.516924454221 0.030004707008 0.024480091305 0.013398655068 -0.012802052272 0.014940074791
0.000000000000 1090497664 0.999924855657 -0.011156870751 -0.005080085983 -2.787421792419 0.011165165525 0.999936375682 0.001607379004 0.019593511825 0.005061829446 -0.001663978219 0.999985804429 0.021536732843 0.000000000000 0.000000000000 0.000000000000 1.000000000000 -3.531082689968 0.030040877819 0.027087743259 0.012980085048 -0.011843088571 0.013765592780
