0.000000000000 387072 1.000000000000 0.000000000000 0.000000000000 0.000000000000 0.000000000000 1.000000000000 0.000000000000 0.000000000000 0.000000000000 0.000000000000 1.000000000000 0.000000000000 0.000000000000 0.000000000000 0.000000000000 1.000000000000 0.000000000000 0.000000000000 0.000000000000 0.000000000000 0.000000000000 0.000000000000
0.000000000000 10387072 0.999999996305 0.000085939172 0.000002313243 -0.000011739101 -0.000085939147 0.999999996251 -0.000010633587 -0.000002751827 -0.000002314156 0.000010633388 0.999999999941 -0.000003178367 0.000000000000 0.000000000000 0.000000000000 1.000000000000 -0.002263282100 -0.000530592924 -0.000612721010 0.002049941937 0.000446022909 -0.016567333054
0.000000000000 20387072 0.999999949103 0.000318936848 0.000008579825 -0.000043577048 -0.000318936509 0.999999948361 -0.000039465097 -0.000010207142 -0.000008592411 0.000039462358 0.999999999184 -0.000011795390 0.000000000000 0.000000000000 0.000000000000 1.000000000000 -0.004019482379 -0.000941925366 -0.001087728706 0.003639350681 0.000791743773 -0.029411672972
0.000000000000 30387072 0.999999780876 0.000661763322 0.000017787140 -0.000090445577 -0.000661761863 0.999999777683 -0.000081891279 -0.000021162397 -0.000017841328 0.000081879490 0.999999996489 -0.000024473957 0.000000000000 0.000000000000 0.000000000000 1.000000000000 -0.005268600828 -0.001233996952 -0.001425023074 0.004768226214 0.001037162560 -0.038533019756
0.000000000000 40387072 0.999999419414 0.001077188823 0.000028923234 -0.000147276241 -0.001077184958 0.999999410951 -0.000133308733 -0.000034414772 -0.000029066816 0.000133277500 0.999999990696 -0.000039836954 0.000000000000 0.000000000000 0.000000000000 1.000000000000 -0.006010637439 -0.001406807054 -0.001624604090 0.005436568506 0.001182279217 -0.043931373412
0.000000000000 50387072 0.999998831793 0.001527983416 0.000040981011 -0.000208999292 -0.001527975640 0.999998814763 -0.000189112997 -0.000048766979 -0.000041269924 0.000189050158 0.999999981278 -0.000056507254 0.000000000000 0.000000000000 0.000000000000 1.000000000000 -0.006245592196 -0.001460354796 -0.001686471720 0.005644377516 0.001227093670 -0.045606733946
0.000000000000 60387072 0.999998044495 0.001976917002 0.000052960718 -0.000270543025 -0.001976903986 0.999998015985 -0.000244698015 -0.000063030096 -0.000053444361 0.000244592838 0.999999968659 -0.000073107714 0.000000000000 0.000000000000 0.000000000000 1.000000000000 -0.005973465080 -0.001394639049 -0.001610625921 0.005391653189 0.001171605825 -0.043559101369
0.000000000000 70387072 0.999997149646 0.002386759363 0.000063870722 -0.000326833584 -0.002386740393 0.999997108084 -0.000295455976 -0.000076024468 -0.000064575720 0.000295302691 0.999999954313 -0.000088261174 0.000000000000 0.000000000000 0.000000000000 1.000000000000 -0.005194256067 -0.001209658435 -0.001397066639 0.004678395459 0.001015815564 -0.037788475691
0.000000000000 80387072 0.999996297386 0.002720280246 0.000072726569 -0.000372795221 -0.002720255607 0.999996243388 -0.000336777530 -0.000086578643 -0.000073642425 0.000336578448 0.999999940646 -0.000100590460 0.000000000000 0.000000000000 0.000000000000 1.000000000000 -0.003907965128 -0.000905411324 -0.001045793811 0.003504604249 0.000759722751 -0.028294856926
0.000000000000 90387072 0.999995674372 0.002940249421 0.000078548324 -0.000403351002 -0.002940220640 0.999995611275 -0.000364052363 -0.000093526361 -0.000079618384 0.000363819839 0.999999930648 -0.000108718394 0.000000000000 0.000000000000 0.000000000000 1.000000000000 -0.002114592231 -0.000481895838 -0.000556807366 0.001870279467 0.000403327228 -0.015078245088
0.000000000000 100387072 0.999995446343 0.003016762238 0.000080236681 -0.000446221698 -0.003016732045 0.999995379790 -0.000373800730 -0.000097610737 -0.000081363978 0.000373556975 0.999999926918 -0.000112805202 0.000000000000 0.000000000000 0.000000000000 1.000000000000 -0.058527284345 -0.003360037458 -0.002677750102 0.001797214217 -0.000261412253 -0.011246869509
0.000000000000 110387071 0.999993511179 0.003601830415 0.000066465953 -0.003609114161 -0.003601798950 0.999993404181 -0.000467588421 -0.000275280743 -0.000068149689 0.000467345990 0.999999888472 -0.000253117344 0.000000000000 0.000000000000 0.000000000000 1.000000000000 -0.570655560895 -0.031987387353 -0.024850984710 0.016670920560 -0.002365295017 -0.103927608827
0.000000000000 120387071 0.999987205385 0.005058453406 0.000033397251 -0.011792661584 -0.005058428729 0.999986959860 -0.000701718308 -0.000716305465 -0.000036946425 0.000701540392 0.999999753238 -0.000599739502 0.000000000000 0.000000000000 0.000000000000 1.000000000000 -1.062537835836 -0.058039770910 -0.043876627143 0.029859762191 -0.003999936712 -0.185562590778
0.000000000000 130387072 0.999973528389 0.007276146152 -0.000014773129 -0.024795381062 -0.007276157719 0.999972967382 -0.001059261168 -0.001375245970 0.000007065391 0.001059340620 0.999999438874 -0.001121745430 0.000000000000 0.000000000000 0.000000000000 1.000000000000 -1.534175179700 -0.081456443059 -0.059758004449 0.041364066031 -0.005165468856 -0.256151756527
0.000000000000 140387072 0.999948541500 0.010144401166 -0.000074005115 -0.042416024363 -0.010144502149 0.999947382966 -0.001523277867 -0.002198686618 0.000058548479 0.001523950227 0.999998837073 -0.001788337033 0.000000000000 0.000000000000 0.000000000000 1.000000000000 -1.985568981073 -0.102138935055 -0.072500459311 0.051184358984 -0.005862106078 -0.315695002170
0.000000000000 150387072 0.999908148268 0.013552687783 -0.000140291731 -0.064453305745 -0.013552950025 0.999905997719 -0.002076841512 -0.003128584020 0.000112131758 0.002078552118 0.999997833521 -0.002568676908 0.000000000000 0.000000000000 0.000000000000 1.000000000000 -2.416720863607 -0.119951057297 -0.082111300218 0.059321372580 -0.006090148311 -0.364192211360
0.000000000000 160387072 0.999848752659 0.017390454067 -0.000209554738 -0.090705666117 -0.017390957269 0.999845112054 -0.002703054969 -0.004105388584 0.000162514927 0.002706290497 0.999996324784 -0.003431737461 0.000000000000 0.000000000000 0.000000000000 1.000000000000 -2.827632145374 -0.134718882193 -0.088599729064 0.065776037415 -0.005849982204 -0.401643226084
0.000000000000 170387072 0.999767794978 0.021547136367 -0.000277559119 -0.120971107431 -0.021547953083 0.999762085226 -0.003385064550 -0.005070940109 0.000204554636 0.003390259352 0.999994232133 -0.004346169882 0.000000000000 0.000000000000 0.000000000000 1.000000000000 -3.218303549511 -0.146230741514 -0.091976776016 0.070549483623 -0.005142083112 -0.428047854413
0.000000000000 180387072 0.999664165447 0.025912175242 -0.000339846351 -0.155047098642 -0.025913353264 0.999655759907 -0.004106069690 -0.005971136771 0.000233332165 0.004113497288 0.999991512312 -0.005280194077 0.000000000000 0.000000000000 0.000000000000 1.000000000000 -3.588734927829 -0.154237224426 -0.092255239164 0.073643040230 -0.003967016613 -0.443405870662
0.000000000000 190387072 0.999538495380 0.030375036368 -0.000391686394 -0.192730555814 -0.030376580086 0.999526761721 -0.004849328404 -0.006758376719 0.000244202506 0.004858988510 0.999988165228 -0.006201510021 0.000000000000 0.000000000000 0.000000000000 1.000000000000 -3.938925094240 -0.158451178393 -0.089449638390 0.075058234755 -0.002325439409 -0.447717015556
0.000000000000 200387072 0.999393345511 0.034824670316 -0.000428118612 -0.233817188492 -0.034826523007 0.999377693949 -0.005598047122 -0.007395021492 0.000232902046 0.005609560925 0.999984239167 -0.007077700614 0.000000000000 0.000000000000 0.000000000000 1.000000000000 -4.267636646571 -0.160541998135 -0.084388296004 0.074601681681 -0.000350381451 -0.440000655637
0.000000000000 210387072 0.999234425246 0.039119805339 -0.000451921535 -0.278046265385 -0.039121883646 0.999214408800 -0.006327990792 -0.007969026362 0.000204016741 0.006340826263 0.999979875947 -0.007923265490 0.000000000000 0.000000000000 0.000000000000 1.000000000000 -4.568996576700 -0.174366909849 -0.083405718962 0.071729794172 0.000685519037 -0.419627250133
0.000000000000 220387072 0.999065871570 0.043210707767 -0.000467972748 -0.325212433637 -0.043212931187 0.999041164789 -0.007028060572 -0.008527125190 0.000163836568 0.007041717935 0.999975193375 -0.008747352337 0.000000000000 0.000000000000 0.000000000000 1.000000000000 -4.854883662676 -0.184446695440 -0.080643403639 0.068625598994 0.001542835760 -0.399250537598
0.000000000000 230387072 0.998890188493 0.047097379889 -0.000477641010 -0.375160537936 -0.047099662331 0.998860547786 -0.007695965473 -0.009039793154 0.000114636952 0.007709921132 0.999970271545 -0.009531736731 0.000000000000 0.000000000000 0.000000000000 1.000000000000 -5.125283325897 -0.190845687806 -0.076091045994 0.065288369316 0.002222521360 -0.378870640040
0.000000000000 240387072 0.998709755487 0.050779835426 -0.000482296177 -0.427735193625 -0.050782091831 0.998675022355 -0.008329398186 -0.009480472318 0.000058691676 0.008343143234 0.999965193652 -0.010258265852 0.000000000000 0.000000000000 0.000000000000 1.000000000000 -5.380182241463 -0.193625093672 -0.069738266610 0.061717419258 0.002725485049 -0.358487671116
0.000000000000 250387072 0.998526827526 0.054258097282 -0.000483311465 -0.482780831891 -0.054260249794 0.998486930892 -0.008926036591 -0.009825411591 -0.000001729580 0.008939111600 0.999960045342 -0.010908895339 0.000000000000 0.000000000000 0.000000000000 1.000000000000 -5.619568276145 -0.192842977966 -0.061574612223 0.057912102986 0.003052591856 -0.338101736275
0.000000000000 260387072 0.998343535111 0.057532195460 -0.000482065745 -0.540141741210 -0.057534179051 0.998298492742 -0.009483545246 -0.010053505699 -0.000064363672 0.009495571343 0.999954913975 -0.011465723301 0.000000000000 0.000000000000 0.000000000000 1.000000000000 -5.843430429738 -0.188554249255 -0.051589554999 0.053871813835 0.003204661941 -0.317712932909
0.000000000000 270387072 0.998161884282 0.060602165127 -0.000479945859 -0.599662105267 -0.060603932613 0.998111803264 -0.009999576863 -0.010146133258 -0.000126956382 0.010010283090 0.999949887802 -0.011911021428 0.000000000000 0.000000000000 0.000000000000 1.000000000000 -6.051758779784 -0.180810646158 -0.039772489740 0.049595983490 0.003182469936 -0.297321350530
0.000000000000 280387072 0.997983756614 0.063468044850 -0.000478348965 -0.661186037565 -0.063469571187 0.997928832877 -0.010471773772 -0.010086994025 -0.000187264783 0.010481020731 0.999945055059 -0.012227263185 0.000000000000 0.000000000000 0.000000000000 1.000000000000 -6.244544429685 -0.169660724671 -0.026112729234 0.045084081203 0.002986744332 -0.276927070945
0.000000000000 290387072 0.997810909189 0.066129874982 -0.000478684906 -0.724557612954 -0.066131160783 0.997751426056 -0.010897769384 -0.009861945424 -0.000243059579 0.010905569166 0.999940502972 -0.012397149054 0.000000000000 0.000000000000 0.000000000000 1.000000000000 -6.421779460216 -0.155149846331 -0.010599497952 0.040335613059 0.002618166916 -0.256530168450
0.000000000000 300387072 0.997644994361 0.068587411849 -0.000481832827 -0.789618658335 -0.068588479845 0.997581318969 -0.011275303823 -0.009462836116 -0.000292676480 0.011281798600 0.999936315653 -0.012403844041 0.000000000000 0.000000000000 0.000000000000 1.000000000000 -6.579321199808 -0.144297814976 0.005586023699 0.035561738701 0.003080777569 -0.235595952457
0.000000000000 310387072 0.997489240422 0.070816843255 -0.000435836120 -0.856006390244 -0.070817122833 0.997421700826 -0.011614036102 -0.009274994061 -0.000387756970 0.011615740709 0.999932459825 -0.012255748893 0.000000000000 0.000000000000 0.000000000000 1.000000000000 -6.693082980708 -0.184899426459 0.012830792636 0.032382433174 0.011005019799 -0.211674027674
0.000000000000 320387072 0.997344966307 0.072821141424 -0.000315506753 -0.923506631037 -0.072819721833 0.997273875501 -0.011920795117 -0.009502633681 -0.000553439265 0.011912120118 0.999928895022 -0.011964795950 0.000000000000 0.000000000000 0.000000000000 1.000000000000 -6.802060123998 -0.217011559406 0.020288160603 0.029111677285 0.017560414037 -0.190343325053
0.000000000000 330387072 0.997211575045 0.074626111180 -0.000134636279 -0.992072113420 -0.074622200048 0.997137310443 -0.012194727642 -0.010065349829 -0.000775794244 0.012170770415 0.999925632480 -0.011531660937 0.000000000000 0.000000000000 0.000000000000 1.000000000000 -6.906230727280 -0.240818884248 0.028052058221 0.025746351538 0.022747949864 -0.171604252254
0.000000000000 340387072 0.997088151259 0.076257524079 0.000092952730 -1.061655019481 -0.076250475964 0.997011152503 -0.012434898485 -0.010880017640 -0.001040929479 0.012391602252 0.999922679340 -0.010958621545 0.000000000000 0.000000000000 0.000000000000 1.000000000000 -7.005574174274 -0.256507992200 0.036217095990 0.022283460253 0.026568519653 -0.155457164798
0.000000000000 350387072 0.996973516667 0.077741122744 0.000353410285 -1.132207107742 -0.077730463015 0.996894276076 -0.012640310368 -0.011860613229 -0.001334984610 0.012574583935 0.999920045631 -0.010249653165 0.000000000000 0.000000000000 0.000000000000 1.000000000000 -7.100070962281 -0.264267363995 0.044878584941 0.018720130794 0.029022916042 -0.141902365621
0.000000000000 360387072 0.996866276970 0.079102625270 0.000632862734 -1.203679818936 -0.079088069186 0.996785324559 -0.012809920246 -0.012918046371 -0.001644126606 0.012719725612 0.999917749331 -0.009410519379 0.000000000000 0.000000000000 0.000000000000 1.000000000000 -7.189702569054 -0.264287342206 0.054132563482 0.015053613052 0.030111830037 -0.130940104923
0.000000000000 370387072 0.996764860132 0.080367729543 0.000917416702 -1.276024359603 -0.080349196382 0.996682745109 -0.012942652052 -0.013960005543 -0.001954544956 0.012827067067 0.999915819509 -0.008448857210 0.000000000000 0.000000000000 0.000000000000 1.000000000000 -7.274451359732 -0.256760106669 0.064075830069 0.011281279173 0.029835849687 -0.122570580267
0.000000000000 380387072 0.996667546063 0.081562117351 0.001193163259 -1.349191762466 -0.081539739445 0.996584816732 -0.013037405859 -0.014890815621 -0.002252446815 0.012896669084 0.999914297532 -0.007374257171 0.000000000000 0.000000000000 0.000000000000 1.000000000000 -7.354300534489 -0.241879652626 0.074805981365 0.007400623480 0.028195459321 -0.116793936935
0.000000000000 390387072 0.996572487701 0.082711458174 0.001446182343 -1.423132922426 -0.082685584702 0.996489671684 -0.013093063448 -0.015611308483 -0.002524052138 0.012928608380 0.999913236359 -0.006198338162 0.000000000000 0.000000000000 0.000000000000 1.000000000000 -7.429234117522 -0.219841771239 0.086421455547 0.003409262554 0.025191039284 -0.113610268493
0.000000000000 400387072 0.996477762818 0.083840937367 0.001662958581 -1.497795893622 -0.083812127549 0.996395350862 -0.013108472720 -0.016016268951 -0.002755990839 0.012922925473 0.999912697445 -0.004935190582 0.000000000000 0.000000000000 0.000000000000 1.000000000000 -7.494440570137 -0.185288470498 0.097287020715 -0.000723154773 0.021542424157 -0.112158697227
0.000000000000 410387072 0.996385546595 0.084925525723 0.001870192014 -1.572878737410 -0.084894028106 0.996304097255 -0.013082422712 -0.015824121668 -0.002974311592 0.012876368771 0.999912672486 -0.003630608279 0.000000000000 0.000000000000 0.000000000000 1.000000000000 -7.517927654628 -0.111910459657 0.095753501749 -0.004760689371 0.022668903268 -0.104934338833
0.000000000000 420387072 0.996298406142 0.085936776450 0.002087192497 -1.648178281109 -0.085902606480 0.996218469012 -0.013019377823 -0.015006123142 -0.003198143075 0.012791890099 0.999913065936 -0.002302990515 0.000000000000 0.000000000000 0.000000000000 1.000000000000 -7.538175258500 -0.052712822077 0.095643614770 -0.008139856831 0.023293932484 -0.097435796358
0.000000000000 430387072 0.996216814152 0.086871904001 0.002309003367 -1.723661684695 -0.086835144836 0.996138835218 -0.012925888400 -0.013719380114 -0.003422984461 0.012676484720 0.999913791240 -0.000945191464 0.000000000000 0.000000000000 0.000000000000 1.000000000000 -7.555197156545 -0.007677463084 0.096995860625 -0.010861102491 0.023416863948 -0.089663188688
0.000000000000 440387072 0.996141240829 0.087728126281 0.002530647768 -1.799296526872 -0.087688921690 0.996065557845 -0.012808492785 -0.012121531696 -0.003644356153 0.012537158122 0.999914765535 0.000449159293 0.000000000000 0.000000000000 0.000000000000 1.000000000000 -7.569005881999 0.023214069330 0.099848972386 -0.012924833229 0.023037108963 -0.081616621623
0.000000000000 450387072 0.996072151770 0.088502665162 0.002747130828 -1.875050751758 -0.088461211089 0.995998991452 -0.012673719222 -0.010370738676 -0.003857797463 0.012380924257 0.999915911521 0.001885685752 0.000000000000 0.000000000000 0.000000000000 1.000000000000 -7.579612734587 0.039980583526 0.104241914153 -0.014331417231 0.022154137827 -0.073296187822
0.000000000000 460387072 0.996010005534 0.089192746655 0.002953442023 -1.950892611406 -0.089149282094 0.995939482356 -0.012528087890 -0.008625672678 -0.004058864089 0.012214803652 0.999917158666 0.003369285930 0.000000000000 0.000000000000 0.000000000000 1.000000000000 -7.587027790200 0.042641241846 0.110213879635 -0.015081183758 0.020767479667 -0.064701966795
0.000000000000 470387072 0.995955250928 0.089795600703 0.003144557704 -2.026790604108 -0.089750398526 0.995887367266 -0.012378113084 -0.007045505116 -0.004243125393 0.012045821415 0.999918443711 0.004904143733 0.000000000000 0.000000000000 0.000000000000 1.000000000000 -7.591259912241 0.031215556853 0.117804290716 -0.015174422929 0.018876722298 -0.055834024926
0.000000000000 480387072 0.995908323980 0.090308460626 0.003315443808 -2.102713408434 -0.090261819000 0.995842971385 -0.012230305543 -0.005789895855 -0.004406161479 0.011881005107 0.999919710506 0.006493732176 0.000000000000 0.000000000000 0.000000000000 1.000000000000 -7.592316764711 0.005723386231 0.127052796181 -0.014611385525 0.016481512090 -0.046692415532
0.000000000000 490387072 0.995869644619 0.090728562205 0.003461058745 -2.178629812969 -0.090680797246 0.995806605973 -0.012091174913 -0.005018981511 -0.004543560077 0.011727382497 0.999920909153 0.008140807920 0.000000000000 0.000000000000 0.000000000000 1.000000000000 -7.590204827079 -0.033815073673 0.137999270785 -0.013392282800 0.013581553852 -0.037277178944
0.000000000000 500387072 0.995839654852 0.091052671232 0.003576714342 -2.254507121115 -0.091004106853 0.995778607422 -0.011967352935 -0.004886052736 -0.004651275079 0.011592068922 0.999921991746 0.009848032949 0.000000000000 0.000000000000 0.000000000000 1.000000000000 -7.582247080263 -0.072476571352 0.150399461318 -0.011302172415 0.010802832616 -0.026744596985
0.000000000000 510387072 0.995822337858 0.091237282935 0.003691832196 -2.330177958466 -0.091187814755 0.995762910186 -0.011874726879 -0.004846774995 -0.004759607387 0.011488468172 0.999922677629 0.011673874176 0.000000000000 0.000000000000 0.000000000000 1.000000000000 -7.552097680722 -0.005806205026 0.160662926440 -0.007414369081 0.012630001607 -0.010328531207
0.000000000000 520387072 0.995819148387 0.091266556622 0.003826140101 -2.405549236795 -0.091215818490 0.995761011683 -0.011818716891 -0.004550219823 -0.004888574732 0.011420300089 0.999922836314 0.013645980910 0.000000000000 0.000000000000 0.000000000000 1.000000000000 -7.522576994610 0.050183336658 0.169717894458 -0.003865619675 0.014268277498 0.004492765958
0.000000000000 530387072 0.995828649071 0.091156353869 0.003977541774 -2.480627337062 -0.091104008721 0.995771517517 -0.011795952571 -0.004088480698 -0.005035998835 0.011384377513 0.999922514330 0.015750323248 0.000000000000 0.000000000000 0.000000000000 1.000000000000 -7.493685656320 0.095371249516 0.177579406079 -0.000656144266 0.015717580471 0.017719350796
0.000000000000 540387072 0.995849346434 0.090922532060 0.004143955936 -2.555418699750 -0.090868269866 0.995792973104 -0.011803060972 -0.003551129705 -0.005199686391 0.011377516448 0.999921754629 0.017972596450 0.000000000000 0.000000000000 0.000000000000 1.000000000000 -7.465423601795 0.129637124899 0.184262282309 0.002213838960 0.016977837038 0.029351278487
0.000000000000 550387072 0.995879712236 0.090580945753 0.004323311584 -2.629929761098 -0.090524482678 0.995823885683 -0.011836669268 -0.003025240482 -0.005377433637 0.011396533240 0.999920597966 0.020298208220 0.000000000000 0.000000000000 0.000000000000 1.000000000000 -7.437789996222 0.152860947558 0.189781107179 0.004744113751 0.018048979909 0.039388603115
0.000000000000 560387072 0.995918202244 0.090147447898 0.004513543788 -2.704166904062 -0.090088526531 0.995862743683 -0.011893407093 -0.002595410590 -0.005567030396 0.011438242101 0.999919084121 0.022712269103 0.000000000000 0.000000000000 0.000000000000 1.000000000000 -7.410783174969 0.164923094294 0.194150213072 0.006934465824 0.018930947873 0.047831377668
0.000000000000 570387072 0.995963272423 0.089637890872 0.004712590034 -2.778136423518 -0.089576281395 0.995908033456 -0.011969908531 -0.002343783287 -0.005766263628 0.011499452980 0.999917252969 0.025199585884 0.000000000000 0.000000000000 0.000000000000 1.000000000000 -7.384400597747 0.165704333341 0.197383668604 0.008784682884 0.019623685719 0.054679654039
0.000000000000 580387072 0.996013392561 0.089068127337 0.004918387101 -2.851844505217 -0.089003629478 0.995958253374 -0.012062813791 -0.002350068706 -0.005972920462 0.011576969785 0.999915145396 0.027744657900 0.000000000000 0.000000000000 0.000000000000 1.000000000000 -7.358638815874 0.155085824301 0.199495269117 0.010294554644 0.020127144171 0.059933483031
0.000000000000 590387072 0.996067057312 0.088454010905 0.005128868481 -2.925297218029 -0.088386456546 0.996011925291 -0.012168770544 -0.002691564487 -0.006184790733 0.011667588956 0.999912804064 0.030331676166 0.000000000000 0.000000000000 0.000000000000 1.000000000000 -7.333493452576 0.132949118469 0.200498529747 0.011463872827 0.020441279852 0.063592914354
0.000000000000 600387072 0.996122771112 0.087811662156 0.005341990507 -2.998499971804 -0.087740917699 0.996067579259 -0.012284498771 -0.003442138761 -0.006399705808 0.011768157808 0.999910273088 0.032945160457 0.000000000000 0.000000000000 0.000000000000 1.000000000000 -7.307982693423 0.099649213360 0.201375158644 0.012404357599 0.020621986812 0.065183499659
0.000000000000 610387072 0.996177055039 0.087180177839 0.005558021837 -3.071409383323 -0.087106077848 0.996121704760 -0.012412916958 -0.004540344001 -0.006618626495 0.011881325577 0.999907509666 0.035627861740 0.000000000000 0.000000000000 0.000000000000 1.000000000000 -7.276199519880 0.069160687158 0.208647523856 0.013928767708 0.020953508604 0.062022010110
0.000000000000 620387072 0.996227935567 0.086582608867 0.005775139614 -3.144010790199 -0.086504990815 0.996172300636 -0.012555238297 -0.005846672328 -0.006840099402 0.012008300729 0.999904502317 0.038395261679 0.000000000000 0.000000000000 0.000000000000 1.000000000000 -7.246625041392 0.046291519373 0.214455023598 0.015174360027 0.020907143406 0.058375944997
0.000000000000 630387072 0.996275083033 0.086023745552 0.005989501462 -3.216326452207 -0.085942502963 0.996219039490 -0.012708719139 -0.007264559115 -0.007060107015 0.012146627469 0.999901302294 0.041220942819 0.000000000000 0.000000000000 0.000000000000 1.000000000000 -7.219263610496 0.031004809696 0.218826830945 0.016141260725 0.020482793990 0.054245307652
0.000000000000 640387072 0.996318177853 0.085508376544 0.006197259127 -3.288378796892 -0.085423463591 0.996261601666 -0.012870622099 -0.008696775217 -0.007274637304 0.012293843418 0.999897965328 0.044077983258 0.000000000000 0.000000000000 0.000000000000 1.000000000000 -7.194119143272 0.023263874402 0.221792038537 0.016829582511 0.019680379430 0.049630096514
0.000000000000 650387072 0.996356908374 0.085041288517 0.006394558812 -3.360190402039 -0.084952724913 0.996299673530 -0.013038215150 -0.010045427158 -0.007479683474 0.012447480542 0.999894551722 0.046938966908 0.000000000000 0.000000000000 0.000000000000 1.000000000000 -7.171195128771 0.023032246229 0.223379657033 0.017239424616 0.018499835072 0.044530305131
0.000000000000 660387072 0.996390968348 0.084627265939 0.006577541644 -3.431783972344 -0.084535141902 0.996332945438 -0.013208770542 -0.011211956892 -0.007671243577 0.012605066255 0.999891126237 0.049775990244 0.000000000000 0.000000000000 0.000000000000 1.000000000000 -7.150494640322 0.030273674810 0.223618614139 0.017370872780 0.016941112510 0.038945922163
0.000000000000 670387072 0.996420054008 0.084271090921 0.006742344263 -3.503182310198 -0.084175572020 0.996361109415 -0.013379563521 -0.012097141159 -0.007845320024 0.012764124721 0.999887757738 0.052560665536 0.000000000000 0.000000000000 0.000000000000 1.000000000000 -7.132020348693 0.044952127642 0.222537754240 0.017223999232 0.015004179560 0.032876931396
0.000000000000 680387072 0.996443860762 0.083977543148 0.006885099545 -3.574408280552 -0.083878874822 0.996383856530 -0.013547870864 -0.012601090450 -0.007997918947 0.012922178346 0.999884518632 0.055264120516 0.000000000000 0.000000000000 0.000000000000 1.000000000000 -7.115774537106 0.067031791556 0.220165838653 0.016798862681 0.012689020235 0.026323311746
0.000000000000 690387072 0.996462079504 0.083751399885 0.007001937451 -3.645484769794 -0.083649911428 0.996400873966 -0.013710969219 -0.012623247580 -0.008125049462 0.013076749452 0.999881484074 0.057856994464 0.000000000000 0.000000000000 0.000000000000 1.000000000000 -7.101759118078 0.096477074680 0.216531546522 0.016095508311 0.009995634721 0.019285037278
0.000000000000 700387072 0.996474409588 0.083597194912 0.007089431503 -3.716434476065 -0.083493297200 0.996411863067 -0.013866090333 -0.012069036837 -0.008223159908 0.013225284166 0.999878728397 0.060311548783 0.000000000000 0.000000000000 0.000000000000 1.000000000000 -7.089743473356 0.123126971111 0.212503953700 0.015041571511 0.007704468748 0.012201552185
0.000000000000 710387072 0.996482236043 0.083495710383 0.007184678034 -3.787267405435 -0.083389388300 0.996418596359 -0.014006810822 -0.011461757908 -0.008328455422 0.013358412262 0.999876087149 0.062794776646 0.000000000000 0.000000000000 0.000000000000 1.000000000000 -7.078814702886 0.078976782203 0.213829078001 0.013234254099 0.010931236445 0.008449620878
0.000000000000 720387072 0.996486753697 0.083431081342 0.007307829581 -3.858006660857 -0.083322084184 0.996422499445 -0.014129150257 -0.011114934139 -0.008460496101 0.013470607480 0.999873473365 0.065400649050 0.000000000000 0.000000000000 0.000000000000 1.000000000000 -7.071327894287 0.044355454256 0.213947555167 0.011314213782 0.013386470832 0.004882640579
0.000000000000 730387072 0.996488179594 0.083401365295 0.007451187518 -3.928686950566 -0.083289554478 0.996423755730 -0.014231975691 -0.010935070127 -0.008611506455 0.013561389459 0.999870957010 0.068091324959 0.000000000000 0.000000000000 0.000000000000 1.000000000000 -7.067282068011 0.019275734506 0.212915637253 0.009281524486 0.015070141732 0.001500530283
0.000000000000 740387072 0.996486729798 0.083404616428 0.007607055626 -3.999343056212 -0.083289971645 0.996422543676 -0.014314156578 -0.010828921724 -0.008773708456 0.013630275631 0.999868610181 0.070827907310 0.000000000000 0.000000000000 0.000000000000 1.000000000000 -7.066675987022 0.003750442148 0.210789387491 0.007136237140 0.015982226560 -0.001696773458
0.000000000000 750387072 0.996482621244 0.083438886450 0.007767740090 -4.070009822077 -0.083321510346 0.996419037275 -0.014374563315 -0.010703493239 -0.008939321658 0.013676782695 0.999866508162 0.073570438837 0.000000000000 0.000000000000 0.000000000000 1.000000000000 -7.069508151851 -0.002207525916 0.207624678891 0.004878379675 0.016122710304 -0.004709316529
0.000000000000 760387072 0.996476072972 0.083502225482 0.007925549486 -4.140722143045 -0.083382346704 0.996413406481 -0.014412065915 -0.010466035815 -0.009100563340 0.013700427932 0.999864729862 0.076277894199 0.000000000000 0.000000000000 0.000000000000 1.000000000000 -7.075776798747 0.001414811055 0.203477192748 0.002507957016 0.015491585516 -0.007537127257
0.000000000000 770387072 0.996467306709 0.083592682965 0.008072794735 -4.211514951229 -0.083470657481 0.996405817597 -0.014425532840 -0.010024047025 -0.009249648632 0.013700730372 0.999863357658 0.078908168407 0.000000000000 0.000000000000 0.000000000000 1.000000000000 -7.085479900876 0.014630524128 0.198402417089 0.000024951091 0.014088852310 -0.010180216400
0.000000000000 780387072 0.996456546832 0.083708308618 0.008201789029 -4.282423201151 -0.083584619163 0.996396433627 -0.014413829954 -0.009285271680 -0.009378790664 0.013677211810 0.999862476625 0.081418061552 0.000000000000 0.000000000000 0.000000000000 1.000000000000 -7.098615172547 0.037452781579 0.192455645127 -0.002570679169 0.011914518364 -0.012638577146
0.000000000000 790387072 0.996444019687 0.083847153411 0.008304847731 -4.353481853377 -0.083722406950 0.996385414578 -0.014375819637 -0.008157703889 -0.009480200704 0.013629397664 0.999862173159 0.083763259838 0.000000000000 0.000000000000 0.000000000000 1.000000000000 -7.115180076405 0.069894856167 0.185691973757 -0.005278997822 0.008968598922 -0.014912185116
0.000000000000 800387072 0.996429957146 0.084007191245 0.008374504182 -4.424724705605 -0.083882108467 0.996372920495 -0.014310666776 -0.006557142961 -0.009546328110 0.013557106014 0.999862526799 0.085899298254 0.000000000000 0.000000000000 0.000000000000 1.000000000000 -7.133233429733 0.099712582398 0.178233491123 -0.007574065219 0.005620291997 -0.016859648478
0.000000000000 810387072 0.996415005785 0.084179450848 0.008423556357 -4.496084131644 -0.084054332498 0.996359360848 -0.014244059794 -0.005059835916 -0.009591946359 0.013484958515 0.999863065854 0.087876444468 0.000000000000 0.000000000000 0.000000000000 1.000000000000 -7.139859052814 0.046575285472 0.171259839204 -0.006079108381 0.004666798887 -0.017544493070
0.000000000000 820387072 0.996399627103 0.084357388666 0.008462510672 -4.567525731710 -0.084232243962 0.996345089731 -0.014191238372 -0.004007524379 -0.009628716765 0.013427328359 0.999863488016 0.089744628597 0.000000000000 0.000000000000 0.000000000000 1.000000000000 -7.149547892443 0.003183861118 0.164825062508 -0.004827951042 0.003615009425 -0.018027677934
0.000000000000 830387072 0.996383998843 0.084538983678 0.008490411523 -4.639080310409 -0.084413855206 0.996330309551 -0.014149746298 -0.003310944590 -0.009655459513 0.013381872430 0.999863839526 0.091503380625 0.000000000000 0.000000000000 0.000000000000 1.000000000000 -7.162297975464 -0.030447117563 0.158935834759 -0.003820602323 0.002464977972 -0.018309187620
0.000000000000 840387072 0.996368299958 0.084722214521 0.008506303874 -4.710778648074 -0.084597179081 0.996315223222 -0.014117126747 -0.002881096308 -0.009670994284 0.013346248265 0.999864165538 0.093152063282 0.000000000000 0.000000000000 0.000000000000 1.000000000000 -7.178107378054 -0.054303033273 0.153598817398 -0.003057073930 0.001216757549 -0.018389010475
0.000000000000 850387072 0.996352710543 0.084905059578 0.008509233382 -4.782651495865 -0.084780228872 0.996300034477 -0.014090922392 -0.002629245024 -0.009674140117 0.013318113966 0.999864510248 0.094689877990 0.000000000000 0.000000000000 0.000000000000 1.000000000000 -7.196974226047 -0.068369224777 0.148820660222 -0.002537380150 -0.000129600166 -0.018267138644
0.000000000000 860387072 0.996337411720 0.085085497083 0.008498246487 -4.854729572656 -0.084961018201 0.996284948072 -0.014068675520 -0.002466924799 -0.009663715310 0.013295128079 0.999864916964 0.096115868338 0.000000000000 0.000000000000 0.000000000000 1.000000000000 -7.218896695504 -0.072630987037 0.144608001797 -0.002261537852 -0.001574044839 -0.017943568067
0.000000000000 870387072 0.996322585472 0.085261505252 0.008472390448 -4.927043563691 -0.085137560894 0.996270169903 -0.014047928181 -0.002305941714 -0.009638537373 0.013274949468 0.999865428102 0.097428921082 0.000000000000 0.000000000000 0.000000000000 1.000000000000 -7.243873013508 -0.067073571209 0.140967469640 -0.002229566494 -0.003116527478 -0.017418298480
0.000000000000 880387072 0.996308414421 0.085431062421 0.008430713320 -4.999624121010 -0.085307870825 0.996255907015 -0.014026222344 -0.002058377962 -0.009597423022 0.013255237141 0.999866085113 0.098627764687 0.000000000000 0.000000000000 0.000000000000 1.000000000000 -7.271901459198 -0.051682184512 0.137905680173 -0.002441488117 -0.004757000436 -0.016691333421
0.000000000000 890387072 0.996295081556 0.085592147212 0.008372263896 -5.072501865637 -0.085469961712 0.996242367520 -0.014001100080 -0.001636596559 -0.009539188224 0.013233650071 0.999866928343 0.099710965412 0.000000000000 0.000000000000 0.000000000000 1.000000000000 -7.302980365058 -0.026441989968 0.135429238450 -0.002897327355 -0.006495417408 -0.015762680226
0.000000000000 900387072 0.996282795566 0.085742381793 0.008296699536 -5.145705725869 -0.085621481130 0.996229790622 -0.013970191352 -0.000956655738 -0.009463256723 0.013207885592 0.999867990552 0.100679748185 0.000000000000 0.000000000000 0.000000000000 1.000000000000 -7.334563859082 0.006219772838 0.133112037859 -0.003452568374 -0.007377962951 -0.014052449437
0.000000000000 910387072 0.996273669871 0.085853055920 0.008247879187 -5.219138887894 -0.085733093558 0.996220636937 -0.013938407695 -0.000220804682 -0.009413362353 0.013179352388 0.999868838038 0.101742635346 0.000000000000 0.000000000000 0.000000000000 1.000000000000 -7.351624041249 0.023843293094 0.128534099563 -0.003080097585 -0.002235561952 -0.008314719872
0.000000000000 920387072 0.996268955702 0.085907878929 0.008246468417 -5.292753608746 -0.085788198044 0.996216287896 -0.013910169190 0.000379606079 -0.009410259285 0.013150820067 0.999869242927 0.103005661691 0.000000000000 0.000000000000 0.000000000000 1.000000000000 -7.371833003948 0.037141470422 0.124853052985 -0.002649403277 0.001946660927 -0.002716469945
0.000000000000 930387072 0.996268633832 0.085908112181 0.008282843918 -5.366582325842 -0.085788180574 0.996216625578 -0.013886071972 0.000800306358 -0.009444433046 0.013123687843 0.999869277207 0.104433849583 0.000000000000 0.000000000000 0.000000000000 1.000000000000 -7.395189839331 0.046104315076 0.122139688051 -0.002160538216 0.005168698492 0.002742327934
0.000000000000 940387072 0.996272672142 0.085855016969 0.008347383065 -5.440657456487 -0.085734425368 0.996221522950 -0.013866705406 0.000997192111 -0.009506368898 0.013099361559 0.999869009259 0.105990830506 0.000000000000 0.000000000000 0.000000000000 1.000000000000 -7.421693414733 0.050721631707 0.120465096055 -0.001613507250 0.007430547408 0.008061694784
0.000000000000 950387072 0.996281029475 0.085749854719 0.008430464075 -5.515011400807 -0.085628315056 0.996230844539 -0.013852654950 0.000926318616 -0.009586551495 0.013079250900 0.999868506968 0.107638837618 0.000000000000 0.000000000000 0.000000000000 1.000000000000 -7.451342361432 0.050983017775 0.119900669244 -0.001008267300 0.008732208196 0.013241645065
0.000000000000 960387072 0.996293658552 0.085593887044 0.008522466146 -5.589676541873 -0.085471230915 0.996244447097 -0.013844504869 0.000543894382 -0.009675464560 0.013064766735 0.999867839895 0.109338694951 0.000000000000 0.000000000000 0.000000000000 1.000000000000 -7.484135068129 0.046877861745 0.120518100372 -0.000344727366 0.009073685248 0.018282186660
0.000000000000 970387072 0.996310507961 0.085388375668 0.008613769586 -5.664685242867 -0.085264553157 0.996262180218 -0.013842840833 -0.000193724236 -0.009763590561 0.013057318568 0.999867080532 0.111049803249 0.000000000000 0.000000000000 0.000000000000 1.000000000000 -7.520069678729 0.038395340999 0.122389382318 0.000377251473 0.008454986845 0.023183320878
0.000000000000 980387072 0.996331523205 0.085134582210 0.008694755925 -5.740069841125 -0.085009661274 0.996283886950 -0.013848252367 -0.001330037681 -0.009841410409 0.013058312119 0.999866304626 0.112730122464 0.000000000000 0.000000000000 0.000000000000 1.000000000000 -7.559144095116 0.025524419557 0.125586807760 0.001157856058 0.006876125196 0.027945042446
0.000000000000 990387072 0.996356646819 0.084833767840 0.008755808018 -5.815862638900 -0.084707934439 0.996309404367 -0.013861335172 -0.002908407093 -0.009899403161 0.013069147021 0.999865590574 0.114336150898 0.000000000000 0.000000000000 0.000000000000 1.000000000000 -7.601355984318 0.008253845513 0.130182968997 0.001997321143 0.004337116480 0.032567339526
0.000000000000 1000387072 0.996385804842 0.084487298658 0.008787734360 -5.892094584776 -0.084360851290 0.996338554326 -0.013882792677 -0.004969642372 -0.009928478200 0.013091276804 0.999865012785 0.115825103993 0.000000000000 0.000000000000 0.000000000000 1.000000000000 -7.644528286626 -0.010256973581 0.135723525288 0.003065322756 0.001573177162 0.036876004393
0.000000000000 1010387072 0.996417741890 0.084106447441 0.008819815488 -5.968675069558 -0.083979210825 0.996370252005 -0.013921676202 -0.007329274729 -0.009958704508 0.013131124021 0.999864189671 0.117351598570 0.000000000000 0.000000000000 0.000000000000 1.000000000000 -7.672730871497 -0.006997771160 0.137830269397 0.005358387157 0.003690619439 0.039578833536
0.000000000000 1020387072 0.996451444488 0.083700827484 0.008870752875 -6.045536213942 -0.083572333270 0.996403611525 -0.013982419375 -0.009843188097 -0.010009190274 0.013191452469 0.999862891447 0.119011307236 0.000000000000 0.000000000000 0.000000000000 1.000000000000 -7.701334918954 -0.004571116529 0.139814014614 0.007485495317 0.005271096612 0.041894324588
0.000000000000 1030387072 0.996486611192 0.083274228217 0.008935134612 -6.122682461077 -0.083144089459 0.996438297875 -0.014063389187 -0.012500146027 -0.010074428204 0.013271075402 0.999861182592 0.120773288132 0.000000000000 0.000000000000 0.000000000000 1.000000000000 -7.730339316123 -0.003007172850 0.141715996376 0.009446848630 0.006314566028 0.043822450506
0.000000000000 1040387072 0.996522946241 0.082830439402 0.009007548180 -6.200118293553 -0.082698350739 0.996473980314 -0.014162956721 -0.015288333288 -0.010148911316 0.013368801981 0.999859127444 0.122605785844 0.000000000000 0.000000000000 0.000000000000 1.000000000000 -7.759742908975 -0.002336231901 0.143577596769 0.011242654817 0.006820989561 0.045363175422
0.000000000000 1050387072 0.996560160915 0.082373250623 0.009082579936 -6.277848241470 -0.082238989649 0.996510333374 -0.014279497892 -0.018195346819 -0.010227133419 0.013483436520 0.999856791086 0.124476226252 0.000000000000 0.000000000000 0.000000000000 1.000000000000 -7.789544498719 -0.002588717768 0.145440341774 0.012873127933 0.006790333630 0.046516454638
0.000000000000 1060387072 0.996597974453 0.081906450819 0.009154814656 -6.355876888364 -0.081769880514 0.996547037708 -0.014411393980 -0.021208186962 -0.010303589559 0.013613777948 0.999854239923 0.126351210999 0.000000000000 0.000000000000 0.000000000000 1.000000000000 -7.819742840438 -0.003795190128 0.147345898882 0.014338488367 0.006222569212 0.047282234622
0.000000000000 1070387072 0.996636114515 0.081433827874 0.009218835140 -6.434208874933 -0.081294899921 0.996583780757 -0.014557031944 -0.024313248999 -0.010372776411 0.013758619475 0.999851541930 0.128196511535 0.000000000000 0.000000000000 0.000000000000 1.000000000000 -7.850336643996 -0.005986347132 0.149336075081 0.015638962844 0.005117671858 0.047660453015
0.000000000000 1080387072 0.996674317217 0.080959168260 0.009269221873 -6.512848900463 -0.080817927099 0.996620257263 -0.014714804538 -0.027496315004 -0.010429192624 0.013916748468 0.999848766591 0.129977062750 0.000000000000 0.000000000000 0.000000000000 1.000000000000 -7.881324577213 -0.009193027886 0.151452815228 0.016774784429 0.003475621693 0.047651038649
0.000000000000 1090387072 0.996712326701 0.080486256721 0.009300552752 -6.591801721897 -0.080342844202 0.996656169607 -0.014883110205 -0.030742546002 -0.010467339109 0.014086946540 0.999845984514 0.131656956153 0.000000000000 0.000000000000 0.000000000000 1.000000000000 -7.912705271341 -0.013446214519 0.153738200805 0.017746192530 0.001296403414 0.047253911569
