1.0 0.0 0.0 0.0 0.0 1.0 0.0 0.0 0.0 0.0 1.0 0.0
0.9999999889973571 3.5516659246685384e-06 -0.00014829926199268014 0.21703228318865675 -3.568098768221192e-06 0.999999993854367 -0.00011080854955424872 0.0032952246661173135 0.0001482988675263376 0.00011080907748147588 0.999999982864397 -0.018553194954530047
0.9999999657932687 5.2770827421200306e-05 -0.00025618099223117933 0.4332199876302964 -5.2800084456744315e-05 0.9999999920853546 -0.00011419913254803545 0.006039732696391464 0.00025617496382088217 0.00011421265501968247 0.9999999606649279 -0.036949685018169684
0.999999925626579 6.123094207219876e-05 -0.000380785514240826 0.6501687760435808 -6.1142096428211e-05 0.9999999709095448 0.0002333292805947207 0.010480185190463398 0.00038079979013526583 -0.00023330598121659374 0.9999999002799145 -0.05396368381047051
0.999999792844599 -1.5232078578560189e-05 -0.0006434895050543936 0.8690192759338314 1.568721875014356e-05 0.999999749739612 0.0007073009432201259 0.013556209271626096 0.0006434785703509147 -0.0007073108912595446 0.9999995428232118 -0.0675883227128387
0.9999995522130434 -0.00029092795280313404 -0.0009005190943591836 1.0903827332965461 0.0002917050387488633 0.9999995851384575 0.0008629200909838892 0.017487922275420953 0.0009002676731929406 -0.0008631823905368423 0.999999222216836 -0.07892476362598906
0.9999993661520924 -0.00016530011056167617 -0.0011137195730629337 1.3127917260435797 0.00016617318052274702 0.9999996789626361 0.0007838756911301993 0.018862887441547183 0.0011135896407789276 -0.0007840602645958991 0.9999990725833765 -0.09350792910998156
0.999999222620213 0.0001666827995178333 -0.0012357086284621357 1.5383694471041016 -0.00016574575311097405 0.9999996987011812 0.0007583705505831731 0.01960400532471046 0.0012358346634710289 -0.0007581651475839857 0.9999989489485943 -0.11071857262221388
0.999999107098678 0.00021444526598716676 -0.0013190204984002564 1.7648122401335677 -0.0002130350551531771 0.9999994057322624 0.001069182485851902 0.019828006860769687 0.001319248995671496 -0.001068900533572822 0.9999985585158291 -0.12864997221484745
0.9999989881171125 0.00027709628186401656 -0.0013953431126509438 1.9952316503869545 -0.0002751189600626097 0.9999989580977299 0.0014170790427116351 0.023192575672759286 0.0013957343261736298 -0.0014166937234475182 0.9999980224503365 -0.14477577758661964
0.9999988354623968 0.00017677843460978424 -0.0015158572608902604 2.223959090742661 -0.0001745091920420723 0.9999988642615132 0.0014970044177007767 0.024795996779778506 0.0015161201773703933 -0.0014967381433569908 0.9999977305746933 -0.16118395562973298
0.9999986999907912 0.0001763027155880797 -0.0016027894685273275 2.454846619475185 -0.00017386256386985364 0.9999988259544842 0.0015224524503456445 0.02593589531381879 0.001603055999280888 -0.0015221718060570973 0.9999975565992424 -0.17518178498640677
0.9999981889500648 0.0003129437043368016 -0.0018772753736768166 2.6869900351444023 -0.00030960913904333053 0.9999983744365722 0.001776306954216603 0.02716415384477211 0.0018778282061249155 -0.001775722515623817 0.9999966602798106 -0.1877179407324881
0.9999976331790326 0.0006397801920093415 -0.002079499372182027 2.9201832076553633 -0.0006355379535948994 0.99999771714174 0.0020400497101611737 0.030162057288901756 0.0020807998083749815 -0.0020387232809532464 0.9999957569307685 -0.19958885203751114
0.9999958693836692 0.001999009044235575 -0.002065230844447119 3.15644422254553 -0.0019936130038667663 0.9999946026016628 0.002611565571785343 0.034581039296012805 0.0020704402407712035 -0.0026074375133424664 0.9999944572580505 -0.21418442402071466
0.9999883875673256 0.00441970542186871 -0.0019211804922718493 3.396912971871348 -0.004413378875936934 0.999984865609611 0.0032849107488682537 0.03782384366051322 0.0019356697542233959 -0.003276393705661884 0.9999927591872293 -0.23051165591885503
0.9999731903866125 0.007097982051022851 -0.0017992106110245921 3.6394245783007126 -0.007092125149106923 0.9999695983648397 0.00324100400078287 0.036594655878750715 0.001822160500304866 -0.0032281568838956323 0.9999931293435189 -0.24494777612487623
0.9999555758555834 0.009178080801903507 -0.002146892666620367 3.8837172678065905 -0.00917143008520841 0.9999531752165214 0.003087433333983003 0.03176076808289974 0.0021751288514458822 -0.0030676061014063404 0.9999929292786457 -0.26079552249593324
0.9999288675564767 0.011553859634862733 -0.002961107015851289 4.134486403451011 -0.011546860234692138 0.999930523972493 0.002370073167477904 0.027847369649182552 0.002988284782600192 -0.002335713089530171 0.9999928072733432 -0.2664980596572888
0.9998890667815896 0.014390255435566185 -0.0038437844814182085 4.3949419013139135 -0.014380431070149895 0.9998932897662967 0.0025714358971491978 0.02353783065574022 0.0038803779296740426 -0.002515875361705646 0.9999893064619679 -0.2690896010662656
0.9998479174373001 0.01691371378185354 -0.004250680227580793 4.6680142804402776 -0.01690059879975019 0.9998523609304579 0.0031025960101920295 0.019451842987622092 0.004302529082004169 -0.0030302851182874044 0.9999861527119268 -0.274532065540773
0.9998082345675606 0.019099662174978382 -0.004324002277533125 4.954755238121046 -0.01908452395991871 0.9998116930972765 0.0035155783569870503 0.017087534088925993 0.004390334397024976 -0.0034323826655148267 0.9999844717359969 -0.28351036869985274
0.999759483760525 0.021469819753126156 -0.004474535803135897 5.254908502193719 -0.0214531066730319 0.9997628217109151 0.003750271817805137 0.012406611322087424 0.004553992200343151 -0.003653377122633536 0.9999829568500858 -0.29821679840687887
0.9997027762860464 0.023942056578301542 -0.00459750070900493 5.572017255031219 -0.023924558601549725 0.9997064532031281 0.0038239926446347995 0.005371644339284998 0.0046877053756510245 -0.003712862888205577 0.9999821198738935 -0.31207277327922583
0.9996654127662195 0.025397392391178334 -0.004902548181220498 5.903920046186082 -0.025378674865844317 0.9996705224043 0.0038431104551776775 -0.0023288525600689836 0.004998537885665719 -0.003717404423176037 0.9999805975734536 -0.3203757590917944
0.9996387891915287 0.026396735071092213 -0.005050101115536702 6.253576887163435 -0.026377723097471165 0.9996448439334956 0.0037949599962087584 -0.010860231623959049 0.005148482095114358 -0.0036603790468005552 0.9999800471796183 -0.3138998950850852
0.9995973071562753 0.027867727215518293 -0.005349140656336503 6.61638180264335 -0.02784602014320546 0.9996038549117326 0.004090526590876472 -0.020373310896215246 0.005461015299741399 -0.003939927086626075 0.9999773268861897 -0.31683951732663385
0.9995451428608935 0.029611927925835915 -0.005713239685901366 6.995885611513203 -0.029586292368172416 0.9995520074701362 0.0045205825208023236 -0.028808456740951727 0.005844543360989544 -0.00434949272185329 0.9999734612608304 -0.32055070304393185
0.9994952310302518 0.031237056165909192 -0.005790463700648977 7.390337504565852 -0.031210179544502524 0.9995019094758919 0.004675216235395115 -0.04077128299673477 0.0059336195176822905 -0.004492134919569444 0.9999723060581653 -0.3214057657486219
0.9994407608389956 0.03290907678227571 -0.005929438329602143 7.797060343407707 -0.03288145116319203 0.9994482179829317 0.004697844202029318 -0.053544417284352996 0.006080768287716294 -0.004500248446719274 0.9999713856010832 -0.32330051161181067
0.9993832550422819 0.03458929439283088 -0.006057248096035065 8.215220383214719 -0.03456220649461229 0.9993923225751218 0.004521002115583896 -0.06926083706960112 0.006209945516236749 -0.004308861950841012 0.999971434734701 -0.3269215462303805
0.9993207758081204 0.03631348109514137 -0.006270416972342435 8.64476595032235 -0.036286770359617235 0.9993320708540565 0.004322321067806276 -0.08581468941335851 0.006423187302472293 -0.00409185206203751 0.9999709992852702 -0.3283826527635567
0.9992510096220024 0.03819474428732384 -0.00621138295648191 9.083963482892443 -0.038167326460666354 0.9992613447858739 0.00447437231050187 -0.10297339434725478 0.006377692392320061 -0.0042339491676214565 0.9999706989278222 -0.32415775151793147
0.9991744104277934 0.040161064658836766 -0.0061307774171388725 9.534822766532184 -0.04013351168066684 0.9991839527267176 0.00455300489699513 -0.1209232599598607 0.006308627937004729 -0.004303196356547649 0.9999708414322247 -0.33409124017670916
0.9990987513466868 0.042013323446956435 -0.006046958775426847 9.9937967061126 -0.04198544015219123 0.999107324687178 0.004666537437823527 -0.140136563648892 0.006237617551362975 -0.0044084475014735955 0.9999708284334657 -0.3521305903575642
0.9990278013315195 0.043645233431297274 -0.0062085236117006585 10.460781312337058 -0.043618902901694664 0.9990389237955751 0.004315095715573574 -0.15998659802081083 0.006390890107177436 -0.004040091596682873 0.9999714166832622 -0.3576247253150019
0.9989600470819516 0.04513445929620406 -0.006457934504520761 10.934851249196313 -0.045109987196515794 0.9989744669963079 0.0038863021724507758 -0.18395497549067974 0.006626717826765919 -0.0035909432583512407 0.9999715954652723 -0.35137643017958997
0.9988829639401836 0.04680473272587 -0.006491636506665335 11.419523013436084 -0.04678287119631681 0.9988990213947921 0.0034796579082186333 -0.2074198021425725 0.006647353812130341 -0.0031720736103146873 0.9999728749502705 -0.3564989993382476
0.9988291736057588 0.047952949441844264 -0.00638722113796423 11.91520262764385 -0.047932493854530196 0.998845066036868 0.003318145068150434 -0.2339223885989855 0.00653895916203568 -0.003008104658381719 0.9999740963242216 -0.3805501158857616
0.9988227078938324 0.048087294314485635 -0.006388295636911082 12.421025811561334 -0.04806680177644804 0.9988385936022379 0.003323627188949613 -0.25945300250274095 0.006540700468314218 -0.0030126493688274595 0.9999740712544334 -0.41338603265085005
0.9988486266735394 0.04755970860051404 -0.0062845135229296235 12.937285344327181 -0.047539412230126366 0.9988637770997532 0.0033405213414818696 -0.28443408234125783 0.006436247136322635 -0.0030379130752804535 0.9999746725827353 -0.444456208255374
0.9988633048814446 0.0472668726950994 -0.006159619058399156 13.464048988289239 -0.0472474126368594 0.9988778731481256 0.0032674966264364127 -0.3087661472510231 0.006307151531529843 -0.0029727564156331924 0.9999756909839624 -0.4675168983861031
0.9988623400711909 0.04729479744894946 -0.006101452431113699 14.003318984539593 -0.04727538778812233 0.9988764849432358 0.0032871776546001636 -0.3328406042337826 0.006250063758792238 -0.00299498943455196 0.9999759830822437 -0.494006931964424
0.9988742495766681 0.047054811708783464 -0.006006515437532639 14.555473723124658 -0.04703557564480287 0.9988877483170103 0.0033046763743639802 -0.35971746574649827 0.006155335605182505 -0.0030184362223128146 0.9999765001670595 -0.514173012400917
0.9989036496319774 0.04642577781318864 -0.006012146568295087 15.121186412792278 -0.0464081319372414 0.9989179300424145 0.0030420930093877406 -0.38674945645334435 0.0061468725392538285 -0.0027597453184298607 0.9999772996242291 -0.5200045821447687
0.9989308860236894 0.04582513482908823 -0.006094420876938027 15.699366224767468 -0.04581002922290936 0.9989467974573285 0.0025955870911401123 -0.4139508605990747 0.006206945345786466 -0.002313626514234997 0.9999780602402379 -0.5179988675144187
0.9989591357934832 0.045177094855894474 -0.00629881854962635 16.288786629179302 -0.04516230355762848 0.9989766062719397 0.002471125001133576 -0.4423514701834342 0.0064040106268054555 -0.0021840837401774153 0.999977108951055 -0.5167893055323777
0.998979166049472 0.044685360363284334 -0.006621508008564841 16.891093145071792 -0.044669146235906655 0.9989985123390797 0.002576765194099141 -0.46947626436636924 0.006730020331267465 -0.0022783576351696486 0.9999747576378265 -0.5004572077963905
0.9990138272428484 0.0438468986139012 -0.006987307030700527 17.502612491010918 -0.04383275895603915 0.9990365387316426 0.002164144497568844 -0.5004587716826743 0.007075466055377055 -0.0018557373323942637 0.9999732466516564 -0.48132965463843813
0.9990391059348973 0.043264417099907485 -0.007003929312143461 18.130408064549574 -0.04325199826528746 0.9990623590137466 0.001915058210920718 -0.529798618739506 0.007080216018163452 -0.0016102841043924873 0.9999736384156545 -0.4659731072427104
0.9990831451530701 0.04228590492096302 -0.006691137128186506 18.7706043287093 -0.0422742490499041 0.999104286847683 0.0018739983601117297 -0.5602022698957809 0.006764387505134563 -0.0015894173782481011 0.9999758581156248 -0.471203956403984
0.9991202495228658 0.04139876027715397 -0.006698480490722607 19.418146626741056 -0.04138524373138587 0.9991409632572293 0.002144094847176399 -0.5880237777601445 0.006781489118450088 -0.0018649903309730805 0.9999752663023238 -0.5030131542225974
0.9991573955317586 0.04055119295099484 -0.006332432743271874 20.071501323736637 -0.04053878349726494 0.9991758091271152 0.0020759305720497293 -0.615274913947456 0.006411395071181785 -0.001817472263683466 0.999977795157379 -0.5326318216062847
0.9991897990060037 0.039751209920090846 -0.006291809933286732 20.728515454706148 -0.03974079256670607 0.9992084510789637 0.00177220161144971 -0.6432666394995586 0.006357276816200154 -0.001520724258514657 0.9999786359863959 -0.5563092441807933
0.9992136122314157 0.03913919016191964 -0.006346725527472105 21.38452393879661 -0.039129379383131935 0.9992327691878008 0.0016627237816998312 -0.6693631880099973 0.00640693378636957 -0.0014130728050502988 0.9999784769807328 -0.5539950164619447
0.999232324094973 0.03862894910644367 -0.006524321780572686 22.038253864982252 -0.03861314392665745 0.9992510281262039 0.002531383974730737 -0.6937464319613291 0.006617219949792198 -0.0022775161163098765 0.9999755123604165 -0.5444676243502561
0.9992369470135963 0.03815734221464429 -0.008339122140083944 22.688884104120913 -0.03811857791144078 0.9992618902184329 0.004759072924300697 -0.7199709007468309 0.008514560526659661 -0.004437566022483473 0.9999539040709999 -0.5461763038541819
0.9991965665357877 0.03844683838900572 -0.011316450017014973 23.337983963891205 -0.038360157628971076 0.9992336937062951 0.007779695929690487 -0.7429662924282825 0.011606882862268946 -0.007339344655186085 0.9999057026991369 -0.5595361436438676
0.9991154873175887 0.040416352972579526 -0.011608678414823442 23.98616279030674 -0.040320670212503046 0.9991518047322346 0.008361498306940888 -0.7694458004721461 0.011936773255679925 -0.007886032761677307 0.99989765672869 -0.5309238442308973
0.9989599332991506 0.04400876405329903 -0.011928132689719439 24.635551171127194 -0.043889467133714416 0.998985487228525 0.010085186240713561 -0.7985008366786045 0.012359868028467 -0.009551177586680669 0.9998779968921349 -0.5103036946191103
0.9987651768446836 0.048683085260563426 -0.009903470701060393 25.289195432228393 -0.04854603998021483 0.9987278412939002 0.013637486083223772 -0.8282015317217288 0.010554786812316766 -0.013139871915031284 0.999857960033026 -0.48224488882091643
0.9985460891349822 0.05353029906282411 -0.006341526273947366 25.942657123600817 -0.05341969678170585 0.99843604020174 0.016486649812027288 -0.8618344423186548 0.007214143676777193 -0.01612391728205027 0.9998439755394308 -0.46092312521740175
0.9983108899762099 0.058077844478170014 -0.001526740214876409 26.599511309317826 -0.05804462893135885 0.9981761036135184 0.016591781916373866 -0.9023861095845503 0.0024875705286703117 -0.016475137501979216 0.9998611812832605 -0.4317909119034018
0.9980352065993524 0.06255789062784027 0.003498100683065882 27.254324001489895 -0.06260963430450057 0.9978857946994014 0.017434862471673765 -0.948457561304377 -0.002400016760445252 -0.017619621373475225 0.9998418819304413 -0.4388793937517672
0.9976410840128641 0.0682416132967301 0.007439738187659001 27.90864528783695 -0.06835204111966271 0.9975366893700371 0.015765526805257023 -0.9965302112632732 -0.006345546817833535 -0.01623685854255282 0.999848037683854 -0.4557536681035719
0.9971872942240333 0.0746072629080264 0.0071593686542900025 28.557313587497777 -0.07471955305479162 0.9970602885724255 0.01696376559520924 -1.0451497311879665 -0.005872702056770777 -0.017450996339740416 0.999830472678896 -0.45675663664373667
0.9965864545990728 0.0824280065287032 0.004589362630899259 29.20011864136118 -0.08250006188546591 0.9964151598487212 0.018723488257990677 -1.1005831997842703 -0.0030295706871014062 -0.01903819748182226 0.9998141671021157 -0.46370746080860226
0.9956467147763695 0.09318678530150387 0.0019602041215845225 29.842814025427646 -0.09320739013797559 0.9954168929947839 0.021391389956785974 -1.1625870907540907 4.217456686058685e-05 -0.02148097264528469 0.9997692563964548 -0.47415735762127353
0.9943590187903747 0.1060473803955817 0.002023576408760505 30.485848838518283 -0.10606640278431256 0.994131347311509 0.021278686355260947 -1.2364033102497487 0.0002448482046058268 -0.021373287155801758 0.99977153522468 -0.4529993688932826
0.9927004702304331 0.12058199904360606 0.002399564737227554 31.128472773570074 -0.12060584882416482 0.9924913974952231 0.020372901791050658 -1.326632773262082 7.5057864852778e-05 -0.020513590729876224 0.9997895713407321 -0.467820191061988
0.9905524780648112 0.13711354130586914 0.0023801239946701757 31.767681094266795 -0.13713356464455512 0.9903459586957271 0.020230361907910506 -1.4233199138642119 0.00041671038377668923 -0.020365630007713804 0.9997925122078308 -0.4615813524098411
0.9877903988824787 0.1557864704509201 -0.0008387490935785908 32.39694458372525 -0.15572430664517642 0.9875224332687321 0.023438944321094286 -1.5303987872908613 0.004479753952671631 -0.023022150539271057 0.9997249183595812 -0.48180265005320205
0.9841911610916797 0.1770642006404306 -0.004003408620364532 33.02232892709297 -0.17689679647946463 0.9838656363023132 0.026756926182842228 -1.651574177430557 0.008676509915813107 -0.025625740087194995 0.999633952815062 -0.4964444011783107
0.9796012021409224 0.20091816755312325 -0.003657145219907899 33.64455236857893 -0.20074695571616782 0.9792630840631681 0.0272850135017581 -1.7930759979380964 0.009063362221349363 -0.025994271257244992 0.9996210048448616 -0.47665170593799555
0.9738051573814301 0.22736266406507952 -0.0031200074618076366 34.264334357325964 -0.2271897582576876 0.9734485270687822 0.02797818597477244 -1.955020918300337 0.009398361567072773 -0.026536468055399845 0.9996036647907011 -0.49830667481752833
0.9666911089215665 0.2559258941719843 -0.003199472497922781 34.87522148784706 -0.2557393477286447 0.9663376311063946 0.028088587202203162 -2.137286149781472 0.010280367470184364 -0.026334756500843305 0.9996003174492895 -0.5341610752949649
0.9582389672882341 0.28595250596358035 -0.0030407077350875665 35.47774644993146 -0.2857556690274996 0.9578814151126342 0.028405847997721178 -2.337295347337315 0.011035360847198541 -0.026350690977125755 0.9995918476538318 -0.5366372254761894
0.9482154130978502 0.31761599282997 -0.00275888787536436 36.06934067327526 -0.317410949614353 0.947852816696834 0.028728504047356537 -2.5555303226332127 0.011739651979135816 -0.026365109112548413 0.9995834440370115 -0.49917428892683824
0.9365374760329918 0.35055769747393 -0.0026185353795554847 36.64883699201274 -0.35034199370379354 0.9361768474222274 0.028868630002783318 -2.796835601132697 0.012571532659498362 -0.026119170973879495 0.999579784446559 -0.4559014135184967
0.9235733145573627 0.3834137612595973 -0.0024940557932258516 37.215848652229155 -0.38319311296272773 0.9232274207918316 0.028533623604512996 -3.0577220657090187 0.01324276464586279 -0.025397188325443232 0.9995897218407644 -0.415979178006304
0.9096916091106967 0.41527576823514656 -0.0026856340600311256 37.77003824165914 -0.4150499069494382 0.9093761372634536 0.027723919583476163 -3.341820878651821 0.013955323531131759 -0.024105544850031742 0.9996120105584091 -0.3871356359170291
0.8946197403109647 0.44682008739763585 -0.0027073499803406302 38.31229366787961 -0.44658770118711777 0.8943204372031479 0.027393078490449103 -3.6430441503515123 0.014661016143272941 -0.023297319561414044 0.9996210729605995 -0.35493874808638365
0.8785390585214223 0.4776642977941141 -0.002437471057100289 38.841449653672 -0.4774274392293615 0.8782433258168538 0.02741716486171162 -3.957272783423611 0.01523689348894503 -0.022923334639947578 0.9996211071229896 -0.31541850800838434
0.8613508165301561 0.5080080504568643 -0.0016098241690024905 39.35735065440504 -0.5077581070753402 0.8610182786677856 0.02879632787769552 -4.289288075577233 0.01601485442041708 -0.023986339257746205 0.9995840034568904 -0.30231460710170194
0.8412573501411108 0.5406254987679033 0.003184480415678104 39.86305223679215 -0.540419913132556 0.8407421779081721 0.03314977791830822 -4.637780314807823 0.01524428822094749 -0.029608450958935245 0.9994453218202827 -0.297047172679986
0.8164638092057108 0.5773317659196011 0.008653341404368936 40.356322018410395 -0.5772634404379189 0.8158619614805729 0.03370727136476675 -5.011532854694325 0.012400346409822521 -0.03251602480677779 0.9993942863253128 -0.2918025869885019
0.7885830815990986 0.6147964258705453 0.012730991810410739 40.82531417407336 -0.6148544667195073 0.7879988382412619 0.03180905037091234 -5.415963641735237 0.009524083722110426 -0.0329117861446353 0.9994128807264916 -0.3145248029877604
0.7592969895498763 0.6505424289144127 0.016205858281349236 41.2745104013307 -0.6507126026908433 0.7587789703059913 0.02876774097310011 -5.845041598429751 0.0064179716273742955 -0.03238861533812105 0.9994547449668093 -0.3162451653018473
0.7303484377094833 0.6828946653081872 0.015685522909368716 41.69405203840199 -0.6830308263692999 0.7298483614135325 0.028111555831372204 -6.293032420608607 0.00774917831744023 -0.031244926557846078 0.9994817180918315 -0.35354458506863284
0.700264791126713 0.7137210084069597 0.015216585254822742 42.09379343707273 -0.7138257385591141 0.6997789039066679 0.0276097920623161 -6.759143938228174 0.00905744328180056 -0.0301961554794411 0.9995029539303315 -0.37687604803941394
0.6691652415074869 0.7429568847699809 0.015262599094400682 42.479669664750354 -0.7430417238729486 0.6686736104623492 0.027651387942929727 -7.238915192325576 0.010338091804153047 -0.02984409563273272 0.9995011024574778 -0.3704883303655142
0.6373624552590801 0.7704075782469973 0.015532675420461568 42.847686330076655 -0.7704745559059523 0.6368514965476888 0.028091458604022932 -7.734146677866927 0.011749865005640684 -0.02987197222428002 0.9994846701914848 -0.3526071149520966
0.6046130914227317 0.7963595070140149 0.01595447487841972 43.19744034430936 -0.7964100878403864 0.6040772037924859 0.028665377100716417 -8.249889580919048 0.013190211003764154 -0.03003776700503174 0.9994617305765277 -0.34443984453362775
0.5708791794873144 0.8208726080492449 0.016282622096114356 43.529051273006644 -0.8209036765719728 0.5703228007138603 0.02913857883498886 -8.785451523614476 0.01463271056630454 -0.03000107231967688 0.9994427544592799 -0.3505003953747338
0.5354709922517917 0.8444014537886532 0.016031259978343666 43.840818818904395 -0.8444088286064505 0.5349312550037842 0.0286754702065121 -9.344635272408041 0.015637986710944744 -0.028891819944166078 0.9994602123706284 -0.36695080439320044
0.49961958942164125 0.8661328239923133 0.013935460855428261 44.128584156100914 -0.8661353545045918 0.4992358874197507 0.023939013961000264 -9.928286007463626 0.013777283598869684 -0.024030395654554823 0.999616289653846 -0.3558885006639788
0.46598584979045843 0.884670132596975 0.01469504290288555 44.40170713606283 -0.8846608571374419 0.4655662963202745 0.02496380538850188 -10.520275074554021 0.0152432163246071 -0.024632909318102615 0.999580344011729 -0.33980066553815175
0.43337591299534545 0.9010719782938427 0.01595643973680811 44.66244652029436 -0.9009874856957466 0.4328031463264967 0.03004974458372933 -11.11614213618989 0.020170985477025952 -0.0273993880133728 0.9994210348403612 -0.3373046085015493
0.40212076610079517 0.9154375404266762 0.016522682835121393 44.9072869374123 -0.915233782222714 0.4013993778902647 0.035009474540765306 -11.72764185744746 0.025416792654132617 -0.029200154226773002 0.9992503878629765 -0.3337319506203975
0.37401346583769923 0.9273326136974241 0.012967302926161132 45.128731294819495 -0.9269461147881151 0.3733360345344941 0.037297528031812514 -12.356962169392348 0.02974605270113305 -0.025969768793042275 0.9992200675814796 -0.3345107170892651
0.34707444436619 0.9377618647390904 0.011917009229157442 45.33771569929865 -0.9373893034870808 0.3464877003173371 0.03532091783653545 -13.005424741469449 0.028993512652214386 -0.023429864913588137 0.9993049672918753 -0.31057885102148797
0.3226678798384408 0.9464324950741752 0.012287049614972565 45.54054736961495 -0.9461736575643008 0.3221780795222228 0.030930483455212182 -13.670484570329332 0.0253149965824208 -0.021605956193743642 0.9994460133518898 -0.28146441356688817
0.3018141743728353 0.9532933746611075 0.011829876368114334 45.72880758650088 -0.9530362158071045 0.30135956777514883 0.030072949147975595 -14.344545298090999 0.025103296750157114 -0.02035074292538584 0.9994776994784114 -0.28931828743413035
0.2820324493649943 0.95932723019303 0.012205036474991394 45.909325243347766 -0.9590646052584786 0.28157082906075814 0.030215081705055605 -15.027229066964908 0.02554956840318692 -0.02022705199009297 0.9994689019285193 -0.28506309417781034
0.2637675154771922 0.9645069767439619 0.012368896119580773 46.08193502879729 -0.9642372821114028 0.2633054898906073 0.030276769640924153 -15.718851072339366 0.02594535729976882 -0.019912579081924446 0.9994650207130276 -0.27561212798573775
0.24917989742191685 0.9684003093574282 0.01049855024498579 46.24090762144151 -0.9681295020032199 0.24879895091254497 0.028711485085608893 -16.422690502260107 0.025192182751959658 -0.017318281128896582 0.9995326063050329 -0.2647982815180341
0.23807257360961537 0.9712184716771355 0.007491993595141082 46.390734981337445 -0.9709337542636581 0.2377926089059645 0.027245549750004865 -17.1370444378512 0.024679840485307636 -0.013760647616641893 0.9996006953032747 -0.2566651374475484
0.22890672504635487 0.9734296133521686 0.006041446648516434 46.540656518977556 -0.9731428117419253 0.22867498136439826 0.02647302122950656 -17.86009119365356 0.024388095119938738 -0.01193904297025492 0.9996312720545382 -0.24270804887230668
0.2219364642148806 0.975051762880001 0.0042738222243989534 46.69031040555641 -0.9747542433556948 0.22175452095328843 0.026059499167317212 -18.5908410756329 0.024461621202851388 -0.0099494794529856 0.9996512576627622 -0.2283418966049723
0.21738984717853047 0.9760778402764436 0.003701900184356501 46.84149117236474 -0.9757704366141168 0.217222000327531 0.026204152411569367 -19.328707678770787 0.024773158329100542 -0.009308721447385253 0.9996497578309191 -0.20787356700495113
0.21400942425572714 0.9768229021329735 0.004121188936908654 46.99337544932704 -0.9764819884354308 0.2138180614942943 0.027654345770917316 -20.072486292369675 0.026132213662994567 -0.009942557384433313 0.9996090500599363 -0.19324843140437195
0.2111122636242918 0.9774576423188042 0.0028582547120892996 47.146627026413846 -0.9770627583945408 0.2109416225195866 0.029189005588808936 -20.82473650901955 0.027928091697925123 -0.008954851275983566 0.9995698236405182 -0.17066188105654534
0.20954733352704874 0.9777974171708815 0.0014580760143534375 47.29666031204705 -0.9773794268271999 0.20941363638768548 0.02958690436372192 -21.589635136212383 0.028624657668633664 -0.007624950415916834 0.9995611482568276 -0.1472807269668901
0.20884459521221724 0.9779479215824141 0.001340792037854809 47.45366260338444 -0.977529449052637 0.20871468822075628 0.029569497049616072 -22.366473837209703 0.0286375851897595 -0.007486093344014151 0.9995618275629296 -0.12312432378569478
0.20888683519511583 0.9779397262952193 0.00042639864862288493 47.61400250622806 -0.9775464799162968 0.2087904332687443 0.02845056376793421 -23.158342067642526 0.027733908585566958 -0.006359772723002842 0.9995951098347166 -0.10528531671503973
0.20936722767721605 0.9778370735046954 0.00014715480699509036 47.77786913302389 -0.977453796530843 0.20928094533456257 0.028027871259140563 -23.960741847833905 0.027375894911485777 -0.006011954727995166 0.9996071312161314 -0.0902429094825799
0.20959438951728135 0.9777883727625121 0.00029995553791652314 47.94630458050607 -0.9774050173634483 0.2095036055192245 0.02806548248664889 -24.775888269083456 0.02737926068472609 -0.006175545716042555 0.9996060417581855 -0.07576537057471013
0.2095553759015946 0.9777967777101856 7.700861771262464e-05 48.11548399742066 -0.9774025906060749 0.20946865875647014 0.02840874645782283 -25.601503827093687 0.027761849853379723 -0.006028473965313339 0.9995963871455158 -0.05684510344076643
0.21029835363605814 0.9776372335465285 -0.0002050401474101609 48.28741095003286 -0.9772400817598295 0.2102188912400102 0.02845769435265637 -26.43885769190998 0.027864404892491763 -0.005784232820222501 0.9995949767734273 -0.03621524955173097
0.21185935904880612 0.9772994508572055 -0.0011812441079203774 48.46460943905902 -0.9769214106721058 0.21181074518691678 0.027581979511858232 -27.286587547401496 0.027206053625239875 -0.004689517840421779 0.999618846895438 -0.01926194314707859
0.21361118161495932 0.9769165781847627 -0.00206454761267542 48.644556659752894 -0.9766110698117482 0.21359646234587473 0.024644869536821 -28.143362007337608 0.02451696168413303 -0.003248159649814509 0.999694137248323 0.010324167820560962
0.2151636871848856 0.9765778590218263 0.0005224800092289815 48.82947135368507 -0.9763362444905971 0.2150984883269009 0.022364659923316252 -29.00452303159454 0.021728447045497135 -0.005322178861768679 0.9997497431863414 0.02738662936906404
0.2158944339436861 0.9764104828795361 0.003487451088726955 49.02181553323605 -0.9761842093139744 0.21576370954217902 0.022592280333224336 -29.863974986193444 0.02130687396576266 -0.008281942257608478 0.9997386791328271 0.03675896241413046
0.21674894240436915 0.9762115001869455 0.005568022032258299 49.213768060747086 -0.9759730206078471 0.21655875119966772 0.02406180218608845 -30.72280661681481 0.022283604111324695 -0.010649609457811819 0.999694966880502 0.04716054720279016
0.21734106540826734 0.9760671838041238 0.007464180323202378 49.40525833920387 -0.9758032888216006 0.2170824262373714 0.02613736298580218 -31.581940214817863 0.02389147990718391 -0.012964294026035033 0.9996304938667352 0.06124118093216012
0.21801005738597343 0.9759070623329643 0.008776136235252087 49.598079406483066 -0.975672426705777 0.21772690855764693 0.025657534098146802 -32.44959058318134 0.023128567716847976 -0.014156234618868264 0.9996322675748242 0.07810946742759813
0.21857625404334874 0.9757722954651752 0.009635796335108238 49.7925249548384 -0.9755840386889344 0.21829569330230572 0.02414070713670516 -33.323031059736834 0.021452380375442916 -0.01467711444048728 0.9996621317664935 0.08822127078931674
0.21842166211310238 0.9758049086301511 0.00983655493879487 49.985805213870115 -0.9756185195490975 0.21813609689979557 0.024189823111321885 -34.19839454211639 0.0214588404296337 -0.014880306537047085 0.9996589891782003 0.09680502773306855
0.21798083148987799 0.9759037476162185 0.009809816084561492 50.17611278658708 -0.9756767359590438 0.2176689389451283 0.02598345486680096 -35.0723075261594 0.023222058722154413 -0.015235104434588276 0.9996142393851611 0.10740329428601839
0.2179179194227822 0.9759113469746857 0.010431837829970354 50.36854034743956 -0.9756249196984683 0.21754605458108126 0.02880503774636683 -35.949802132465436 0.025841758024773634 -0.016454694839755018 0.9995306131179384 0.11942266376282552
0.2181548059215507 0.9758514820065154 0.011061903951324094 50.564051562474155 -0.9755467592180028 0.21774765986625017 0.029907811722533387 -36.83447166240316 0.02677687869393982 -0.017315937412362366 0.9994914492275275 0.14653263614125708
0.21810958137888 0.9758548638364015 0.011640242161483245 50.76146006565008 -0.975534062219328 0.2176696007425553 0.030874558497889067 -37.72809699994667 0.027595361215129652 -0.018089489750240533 0.9994554849516736 0.17067184945317546
0.21777120604995434 0.9759296989561997 0.011701474728403228 50.95928409886859 -0.9756115290708863 0.2173307490538114 0.03081379333485462 -38.63170074292319 0.027529005785224926 -0.018126450589666908 0.9994566451975293 0.19204224689260457
0.2173163698295351 0.9760372488716459 0.011175160812808798 51.15499069801372 -0.9757355431626421 0.21690736441901906 0.029855402692061397 -39.54914659160181 0.026716010428649482 -0.017392069338453355 0.9994917561995724 0.20060996203925544
0.21709967715504946 0.9760728543636729 0.01222755713691486 51.35687526103468 -0.9758029816385386 0.21667188754341374 0.029357012343202704 -40.47634144098068 0.026005214948518963 -0.018305084614302993 0.9994941984187539 0.2137261641746519
0.2169816238430252 0.9760900535145828 0.01292990117338897 51.561972061258906 -0.9758022660637476 0.21651325935451896 0.030527791740398855 -41.410044313202114 0.026998378827385497 -0.01924099668914646 0.9994502847000968 0.22023634230639458
0.21737142371720025 0.9759846391965161 0.014270536206260103 51.77014810326584 -0.9756044652194575 0.21677971803106813 0.03467681205407835 -42.34885773058474 0.03075047308613962 -0.02146014685007182 0.9992966879271417 0.22169931718883726
0.21723323865581895 0.9759992877180885 0.015333310043735178 51.9812184687459 -0.9755796312870194 0.21656377131318577 0.03666764203627963 -43.29800098381647 0.03246695305992491 -0.022924295592289708 0.9992098746662812 0.25084479415969607
0.21731102977487393 0.9759533397144287 0.017058576682916608 52.194374546110204 -0.9755846359689552 0.2165934354674239 0.03635796712892071 -44.26282474517383 0.03178890371675998 -0.024543072600658203 0.9991932261518831 0.27688512033478574
0.21726274403777956 0.9758975414363315 0.02051557144483441 52.41151529183134 -0.9757113624600912 0.2165223541986324 0.03324766606187943 -45.243090843561454 0.028004235741318325 -0.027240755327542103 0.9992365605950038 0.3178500382447878
0.21719614504672338 0.9758826244374251 0.021884649825301767 52.62949123872187 -0.9758177604166266 0.21650735159206658 0.030071002013178628 -46.236187994399174 0.024607580789887836 -0.027886735694982425 0.9993081591480931 0.34703690031316037
0.21681372577054117 0.9759582595520572 0.022299863892541127 52.8437875366974 -0.9759655646209817 0.21618793358333147 0.027458952038002426 -47.24037400208838 0.021977829546014127 -0.02771737695196854 0.9993741651770628 0.36870910840403803
0.21572771608156086 0.9761998794319978 0.0222564128106136 53.057231869749344 -0.9762218288917395 0.21512394361772139 0.026695124604212847 -48.25307460398555 0.021271890125451453 -0.027486074279925977 0.9993958286941022 0.368340785399551
0.21445466799292606 0.9765034999339274 0.021215795833401517 53.27058041621556 -0.9765008064598999 0.21387833729972533 0.02649965692377555 -49.27064684077523 0.021339408595776682 -0.026400216868519625 0.9994236630128783 0.36638412066384085
0.2131045772172196 0.9768088513453307 0.020758302013820444 53.48319711665796 -0.9767879695311685 0.212531534997022 0.026750873088457576 -50.2884484312323 0.021718695823091813 -0.025977193174701436 0.9994265774365365 0.36957782111215454
0.21168581499377753 0.9771205509062052 0.02060448318171902 53.695499263107344 -0.9770874487240269 0.21110743765805154 0.027088139682020698 -51.30378923835771 0.02211861832035906 -0.025866556829556544 0.999420676172643 0.38564975904795445
0.21017689571041817 0.9774421210403865 0.020798377956307904 53.90903660931986 -0.9774051728294706 0.20958494636434813 0.027445917431464524 -52.31714036089348 0.022467768819671646 -0.026096939926627184 0.9994068986607673 0.40891164662226576
0.2087428005930501 0.9777419954748469 0.021143166400639398 54.11982101633764 -0.9777016040336466 0.208129602965081 0.027957858280645186 -53.32960419331086 0.022935053316131146 -0.026507709340340635 0.9993854735160583 0.42227017334893413
0.20711931304065054 0.9780749175667928 0.021703589387254262 54.33011661004247 -0.9780387929265407 0.20648194667506303 0.028378252731271543 -54.34196126828012 0.023274657814311397 -0.027104636577478074 0.9993616107193789 0.4421546698192895
0.20547822712241856 0.978413700524077 0.02203017942322948 54.53814701195835 -0.9783722744360833 0.20481800319715243 0.028935759556392344 -55.353111460436565 0.02379896622550377 -0.027499385322627804 0.9993384777008624 0.4619238964741753
0.203101098856437 0.9788968195375951 0.022604431921616142 54.74412014435512 -0.9788583785708795 0.20241404114615455 0.029408003136573543 -56.36306057542378 0.024211946326275866 -0.028099335331520325 0.9993118677415088 0.4848421498654467
0.20035006764854044 0.9794493420661469 0.02321285677008617 54.94606961424982 -0.9794172470694195 0.19963781924854518 0.02977578325845855 -57.37534395894576 0.02452970721789244 -0.02870065246449467 0.9992870288420236 0.5006772431191413
0.19778595169642788 0.9799728974104411 0.023104927018593013 55.142919273533614 -0.9799339497937355 0.19707424592634662 0.0298528999298285 -58.39077832628943 0.02470164677096534 -0.028545786616544885 0.9992872293356142 0.5161993803153742
0.195270102305376 0.9804959840896679 0.02229825844529145 55.33523977442933 -0.980453528639228 0.19460218656216086 0.028997709635787846 -59.411715275431895 0.02409284799570619 -0.027524791902397046 0.999330736296142 0.5299308490586128
0.19283699975746546 0.9809812851476984 0.0221271262146738 55.524284505194736 -0.9810217284077388 0.19228139249688667 0.024984685136303572 -60.4400912286729 0.0202548738935097 -0.0265251633253849 0.9994429227295191 0.5595826292179426
0.19100134653339723 0.9813601553441231 0.021230429232565247 55.71068600672556 -0.981440197543119 0.1905500003436484 0.02158323459466881 -61.47258556808889 0.01713546815709162 -0.02495882353006171 0.9995416113694496 0.5806159220593167
0.18968247994906806 0.9816362941884506 0.020266788900750607 55.8963902909277 -0.9816892543189994 0.18924367570067166 0.021749463485691668 -62.50497025447891 0.017514701110453675 -0.02402118105494585 0.9995580113758982 0.5811287982259308
0.18865672547539655 0.9818710294819608 0.018382638465319234 56.08312278495906 -0.9818309691534414 0.18819388187241398 0.024310714448907603 -63.53799596771526 0.020410486131545186 -0.022635023521899757 0.9995354259685048 0.5829509662157175
0.18876452661791543 0.9818898887782668 0.01613071001936884 56.2707133886511 -0.981709112474305 0.18826398408184988 0.02835296779089396 -64.57205481763452 0.024802660656419093 -0.02118769955995581 0.9994678130944101 0.5905447669299128
0.18974079443891484 0.9817263984025857 0.014550244162522968 56.46228699486286 -0.9814021340389553 0.18919686011931505 0.03247151713097009 -65.60951337532735 0.029125285054136186 -0.02044081212895475 0.9993667449790526 0.6057378465057826
0.1908989514679313 0.9814963575478658 0.014916113727413458 56.65973685403935 -0.9811393736029729 0.19031512057741876 0.03384796072998785 -66.65452988685458 0.030382888184326867 -0.0210963266917873 0.9993156784048246 0.6364082714059116
0.19188160036079133 0.9812907421381805 0.01580920102008544 56.862854866397555 -0.9809413899969408 0.19126150819783133 0.034249450692987383 -67.70808643218872 0.03058497725784215 -0.022079739033831845 0.9992882688645643 0.6581618077615712
0.19288898690030123 0.9810695041916762 0.01721820773732818 57.0660703060816 -0.9807441238655199 0.1922188558718339 0.03453802181056181 -68.76861337991988 0.030574535742016174 -0.023548660098459944 0.9992550517118892 0.6813306991972308
0.19361082917546563 0.9809007215905731 0.018671400833723897 57.27429285751204 -0.9805991135497755 0.1928863738069906 0.03493172347586963 -69.83532261271384 0.030663093963168853 -0.025072319052973104 0.9992152688414617 0.6996082820956039
0.1951560386834193 0.9805916766640889 0.01881712577729101 57.482346760757856 -0.980285746569202 0.19441913079419615 0.03522863401414127 -70.90727816976205 0.030886496056846166 -0.025321240853305768 0.9992021112482611 0.7247069887491965
