1.0 0.0 0.0 0.0 0.0 1.0 0.0 0.0 0.0 0.0 1.0 0.0
0.9999999989893665 1.7434366142966714e-05 4.144043269579871e-05 0.0015515299228715529 -1.7431233620762123e-05 0.999999996991143 -7.559012200930244e-05 -0.008075754662524137 -4.1441750436974286e-05 7.558939957504488e-05 0.9999999962844117 0.0013519207877604744
0.9999999989655943 -4.379136134516805e-05 1.2293420978957026e-05 0.0026889673232891598 4.3792501076115716e-05 0.9999999947420821 -9.272568650684531e-05 -0.01674242270569304 -1.2289360330275424e-05 9.272622477058078e-05 0.9999999956254092 0.0010955373574507848
0.9999999974018049 3.457002210658138e-05 6.32558584929492e-05 0.004764841609671389 -3.4560742959777347e-05 0.9999999886441655 -0.00014668750451159618 -0.02605021784042011 -6.326092876489985e-05 0.00014668531796100732 0.9999999872407359 0.0017103367384755652
0.99999999603276 4.760899708429124e-05 7.528521288168138e-05 0.005958395493494528 -4.7596636870747826e-05 0.9999999853910945 -0.00016417177267848105 -0.035405776336795536 -7.529302783529357e-05 0.00016416818870423292 0.9999999836898825 0.0017941179964205273
0.9999999910680107 8.033736337834009e-05 0.00010681707078160378 0.007576430201903017 -8.03208146543179e-05 0.9999999847740093 -0.00015492110118563228 -0.04335679203119225 -0.00010682951510800898 0.0001549125201677344 0.9999999822947827 0.0019510333625537557
0.999999983904923 2.649637353650345e-05 0.00017744885514236946 0.008273629199150978 -2.64533617988317e-05 0.9999999702742708 -0.00024238745176532922 -0.054120874970358945 -0.00017745527225603548 0.00024238275374531865 0.9999999548801122 0.0032369928973506185
0.9999999823796771 7.487453590477954e-05 0.0001721465938706482 0.009500811299414713 -7.48236983407735e-05 0.9999999535987707 -0.0002953030147748097 -0.06443123771890186 -0.0001721686965590173 0.0002952901289266651 0.9999999415808378 0.002634291432721786
0.9999999796507973 2.8574243533130458e-05 0.00019970457663876615 0.010368077760870453 -2.851743083363011e-05 0.9999999591287223 -0.00028448077103539437 -0.07421183201978493 -0.00019971269729941724 0.0002844750701849861 0.9999999395943842 0.002733774371047895
0.9999999714203065 8.820789906712612e-05 0.00022221330507705254 0.012036999025338946 -8.813948308524057e-05 0.9999999487221279 -0.000307875254129701 -0.08372598437417578 -0.0002222404507117689 0.0003078556595648765 0.9999999279170343 0.0027697301413269204
0.9999999828580085 3.3104630964767535e-05 0.00018217592133278876 0.011730541269879047 -3.3033022410775737e-05 0.9999999222052945 -0.00039306261966284394 -0.09276771826097929 -0.0001821889193534369 0.0003930565951036758 0.9999999061568503 0.0019441269179891335
0.9999999799629928 8.518633656071635e-06 0.00020000361588272812 0.013032873632163433 -8.433099414658679e-06 0.9999999085177177 -0.00042766042356499185 -0.09938555809126975 -0.0002000072406684187 0.0004276587283455811 0.9999998885525508 0.0014690719860310508
0.9999999699575925 3.3123507826955104e-06 0.0002450996580376307 0.014313353305566379 -3.224964527214692e-06 0.9999999364368701 -0.00035653310381080183 -0.10597741870700217 -0.00024510082342103513 0.00035653230266198646 0.9999999064051465 0.0016128443144606541
0.9999999667049192 -2.1181639777061694e-05 0.00025717989589907293 0.015889747572184754 2.1260807921752164e-05 0.9999999523934259 -0.00030783294673454337 -0.11128971741032206 -0.0002571733632490302 0.00030783840433758886 0.9999999195486848 -0.0005483188261331262
0.9999999586660153 2.49419255511228e-06 0.00028750955896971695 0.017985104962187748 -2.405096240183132e-06 0.999999951981246 -0.0003098898516379147 -0.11746846208951928 -0.00028751031808882724 0.00030988914734077325 0.9999999106532619 -0.0012363268704640579
0.9999999554475272 1.966434784334401e-05 0.00029785610140140777 0.020022003357443863 -1.9606804388791078e-05 0.9999999811458605 -0.00019319381761646336 -0.12376750689665389 -0.00029785989481601825 0.00019318796900288517 0.9999999369789432 -0.003568242843997746
0.9999999368709961 1.4835017460212453e-06 0.00035532492609118585 0.021125501816213976 -1.4297731220494506e-06 0.999999988566739 -0.00015121004276730357 -0.13027349460107063 -0.00035532514634902587 0.00015120952518753565 0.9999999254398565 -0.004867085233309587
0.9999999394761511 6.615566230373043e-05 0.0003415715485330407 0.023130596090281452 -6.61226416354588e-05 0.9999999931400815 -9.668315931987573e-05 -0.1354591656468389 -0.0003415779423283262 9.666056785514275e-05 0.9999999369906195 -0.006745137776917806
0.9999999372795594 7.663763655106534e-05 0.0003457854106877657 0.02377708960557956 -7.658557759806572e-05 0.9999999857326404 -0.00015056350399600816 -0.1440559433001981 -0.000345796944585418 0.00015053701237719683 0.9999999288815374 -0.006872546076458555
0.9999999422335988 7.991986901889315e-05 0.00033037193263238515 0.026758192793509772 -7.98958731557344e-05 0.9999999941696455 -7.264543420224513e-05 -0.14785851045624437 -0.0003303777365197859 7.261903465175659e-05 0.9999999427885113 -0.009012185908288256
0.999999932170649 4.984878387406985e-05 0.0003649298506524026 0.029405123878991968 -4.984501720315537e-05 0.9999999987043756 -1.0330717745600293e-05 -0.15119587193486583 -0.0003649303651533066 1.0312527110191306e-05 0.9999999333597375 -0.009243236542295738
0.9999999195928393 4.6392133901670275e-05 0.0003983240957652933 0.032697904195470695 -4.641116795665951e-05 0.9999999977817182 4.7776236266469433e-05 -0.1547942070176525 -0.00039832187844014786 -4.7794719111427e-05 0.9999999195276689 -0.010524243900649141
0.9999999235449878 2.818577473073764e-05 0.0003900199755525547 0.03683809314867825 -2.818951839766745e-05 0.9999999995566619 9.59316042740322e-06 -0.1540757782386344 -0.0003900197049889851 -9.604154169233715e-06 0.999999923896191 -0.012637522453297745
0.9999999042443296 0.00014708817374763615 0.00041216065034728775 0.04401467877178089 -0.00014707707106959754 0.9999999888205339 -2.696792409914416e-05 -0.14628038604906934 -0.00041216461240225707 2.690730213554984e-05 0.9999999146981601 -0.012276501693295694
0.999999917444799 0.00018054890428794262 0.0003640226487087053 0.05171203334807317 -0.00018055539665061944 0.9999999835414145 1.780226722802467e-05 -0.13842438801062085 -0.0003640194285375655 -1.7867992012081692e-05 0.999999933585292 -0.014583588083027857
0.9999998550050143 0.00042577369629901677 0.0003297070071384351 0.06365979340840278 -0.00042577945633328533 0.9999999092045405 1.7400166135944228e-05 -0.12685915516370694 -0.0003296995686694842 -1.7540546083255446e-05 0.9999999454952594 -0.015259762965205828
0.999999753876508 0.0005431523325156681 0.0004441086217810846 0.0754198192135318 -0.0005432036835465897 0.9999998457930396 0.00011551474366454014 -0.1170577253807667 -0.0004440458111939825 -0.00011575595667289354 0.9999998947119315 -0.01625729081852871
0.99999963871147 0.0007257514922813829 0.00044256265300455 0.08650143350425488 -0.0007257676787934236 0.9999997359675775 3.641500772387561e-05 -0.10549681470383793 -0.00044253610790746334 -3.6736192236942106e-05 0.9999999014061169 -0.015266850746605207
0.999999523522335 0.0008610386284007781 0.00045996476353058917 0.09624460684502645 -0.0008609846752436449 0.9999996224514265 -0.00011748359326419913 -0.0937851474834025 -0.0004600657477835523 0.00011708751467333943 0.9999998873150033 -0.013125679997593148
0.9999994512469784 0.0009494660078197273 0.00044274150785047236 0.10562951472038395 -0.0009494592132797249 0.999999549142499 -1.5556446865596553e-05 -0.08368668075138164 -0.00044275607855464357 1.513607332521993e-05 0.9999999018689713 -0.015541272646575996
0.9999993052508522 0.0010446421332324257 0.00054609580368971 0.11230138507384757 -0.0010446541280514428 0.9999994541137196 2.1679899721777198e-05 -0.07817385640716762 -0.0005460728578468085 -2.2250365895320697e-05 0.9999998506546652 -0.013704236428508931
0.9999992030705802 0.001121990151130645 0.0005787886535119742 0.11584967290854298 -0.0011220094321177203 0.9999993700030816 3.2989027986759325e-05 -0.0747869898195172 -0.0005787512755124091 -3.3638408025274855e-05 0.999999831957694 -0.013525751460309404
0.9999991402972421 0.001165481794986958 0.0006008801558005886 0.11768102915552014 -0.001165486677812582 0.999999320789939 7.776027268878961e-06 -0.07716192007486095 -0.0006008706848585212 -8.47633840035375e-06 0.9999998194412685 -0.01279059547758958
0.99999905925139 0.0011730860389621623 0.0007108906237310332 0.11733960649025466 -0.0011730840972806738 0.9999993119316594 -3.1482977528003435e-06 -0.08039117526407574 -0.0007108938278138398 2.3143603054394374e-06 0.9999997473122719 -0.011395302064586277
0.999999142728838 0.0010772855250962027 0.0007443100735110583 0.11505680842083288 -0.0010772218435763454 0.9999994161023895 -8.595338005819162e-05 -0.08464924354592551 -0.0007444022352423525 8.515151930325808e-05 0.9999997193072254 -0.0088814010086872
0.9999990927790896 0.0009957210367967507 0.0009071827898879985 0.1115109916903404 -0.0009956537169666638 0.9999995015499442 -7.465616797609865e-05 -0.09252848414543197 -0.000907256674419664 7.37528603297423e-05 0.9999995857228348 -0.00558298600833354
0.9999990847088067 0.000905057656847288 0.0010057097922759788 0.10719066952658252 -0.0009049826538668718 0.9999995876883846 -7.502973308952917e-05 -0.10021609764108835 -0.0010057772838445711 7.411951449864192e-05 0.9999994914590463 -0.0034801311563513043
0.9999991665273134 0.0008073363204456352 0.0010075478868001584 0.09871039809056714 -0.0008072159401535135 0.999999667015622 -0.00011987941789722589 -0.10833437949781027 -0.0010076443343105918 0.0001190660092663127 0.9999994852379572 -0.0038641133307433795
0.999999102187732 0.0007645723844959522 0.0011004784407749216 0.09060596791765718 -0.0007644624719484842 0.9999997027690559 -0.00010029422893578511 -0.11678221174689024 -0.0011005547958764421 9.945286442123558e-05 0.9999993894439472 -0.0025312356831669325
0.9999991070033619 0.000762051415670397 0.0010978479485330335 0.08264109587951618 -0.0007619871440602909 0.9999997079495939 -5.896035486534596e-05 -0.12665530736995484 -0.0010978925587279852 5.81237561910327e-05 0.9999993956265957 -0.00503786006066953
0.999999048682978 0.0007065144714581563 0.0011846815776219827 0.07922042399572637 -0.000706452256030668 0.99999974906156 -5.293422054059978e-05 -0.13439965570534657 -0.0011847186791326797 5.209724921018636e-05 0.999999296863516 -0.0029963120330773613
0.9999990762163274 0.0006293362822834506 0.0012047831072783143 0.07693972689098727 -0.00062927005623711 0.9999998004779049 -5.534754666057702e-05 -0.14171735635237592 -0.0012048176991167109 5.4589361597747196e-05 0.9999992727168913 -0.0030940707689471603
0.9999991249078551 0.000543091970778069 0.0012063310639648466 0.07610683234498439 -0.0005430141823864685 0.9999998504676192 -6.481004389406282e-05 -0.15005664575563477 -0.001206366081393753 6.415493230291684e-05 0.9999992702822438 -0.000986773898598775
0.9999991719895397 0.00050696379738895 0.0011827966620558373 0.07458482157672808 -0.0005068625252125457 0.9999998678541351 -8.591913890432271e-05 -0.15924383554937588 -0.0011828400636470736 8.531955245943493e-05 0.9999992968047308 -0.0016001085864584264
0.9999991353859956 0.0005649854596216073 0.0011874420793247327 0.07378562372764319 -0.0005648970493420072 0.9999998376489939 -7.478846596699355e-05 -0.16746112568690374 -0.0011874841409381318 7.411761877696402e-05 0.9999992921937457 -0.0013395679265748167
0.999999108636399 0.0005447755505602438 0.0012189938503609575 0.0742329344627839 -0.0005446889468032272 0.9999998491096904 -7.137613658653889e-05 -0.1770621865916278 -0.0012190325504007004 7.071210048793661e-05 0.9999992544794417 -0.00041653530724863885
0.9999990961983162 0.0005667565210852412 0.001219175785972752 0.0745553323998609 -0.0005666616864947403 0.9999998363951195 -7.812984579062993e-05 -0.18633422694206392 -0.0012192198671092333 7.74389149697314e-05 0.9999992537527862 0.001718384379029811
0.9999989748751372 0.0005449791279733035 0.0013241021204436893 0.07720333003281588 -0.0005447983468870589 0.9999998422282191 -0.00013688792385750445 -0.19843434078828615 -0.0013241765125991097 0.00013616641488396324 0.9999991140072427 0.004917023596266015
0.9999989851282596 0.0005561271060509397 0.0013116650078680789 0.08048888368170537 -0.0005558713209977201 0.999999826419899 -0.00019536440872684914 -0.21325258058253177 -0.001311773427632381 0.00019463509349640172 0.9999991206834404 0.006911321321425176
0.9999989081584656 0.0005017567977401093 0.0013899359672686952 0.08474608171277376 -0.0005014924968848472 0.9999998561084091 -0.00019049525535375325 -0.2284669091199722 -0.0013900313495579047 0.00018979800490438585 0.9999990158942976 0.009996469148627105
0.99999881461844 0.0005068485331041057 0.0014539141241544683 0.08981621263105544 -0.0005066733284493187 0.999999864336127 -0.00012087130322732675 -0.24338606183096456 -0.001453975190353578 0.00012013450044014832 0.9999989357613571 0.013430243835346092
0.9999987459016153 0.0005540412098800753 0.001483655464064586 0.09515148014804475 -0.0005539092258693746 0.9999998425989471 -8.936809380814773e-05 -0.2594539437588085 -0.0014837047441424677 8.854617128220923e-05 0.9999988953892935 0.015535990162882277
0.9999987244378205 0.0005186757651872972 0.0015106615055483765 0.10063852038381071 -0.0005184930461585055 0.9999998582205186 -0.0001213421144665798 -0.2762169902108137 -0.0015107242285816382 0.00012055869220144191 0.9999988515882939 0.01739172905601545
0.999998806616023 0.00043509751105180126 0.0014823820991155528 0.1062666275204801 -0.0004349477521479377 0.9999999002746445 -0.00010134672657829012 -0.29398814858580324 -0.0014824260469929547 0.00010070184687089616 0.9999988961354671 0.017438626020154918
0.9999986870278815 0.000537555506364801 0.001528717302929498 0.11296677038207437 -0.0005373164869418594 0.9999998433587425 -0.0001567593306323294 -0.31241430276930077 -0.001528801330310649 0.00015593771980096174 0.9999988192242627 0.018735817669261703
0.9999986373017834 0.0005279120954119169 0.0015641941687098949 0.12087970118031388 -0.0005277980560717027 0.999999858026832 -7.331802062781478e-05 -0.33430951194325287 -0.0015642326521061905 7.249234207591532e-05 0.9999987739597835 0.019555911996682163
0.9999985270160996 0.0006101695036677588 0.0016042626999005292 0.12810711481377723 -0.0006099714729466379 0.9999998062884695 -0.0001239267125145994 -0.3547442558310243 -0.001604338005437009 0.00012294797549049542 0.9999987054908419 0.02084080101547585
0.9999985536761216 0.000576215585266884 0.001600194134110385 0.13556827013603745 -0.0005760055221924744 0.9999998254322449 -0.00013173125172288855 -0.37793119507825135 -0.0016002697603683935 0.0001308093405390061 0.9999987110119744 0.021077360367087614
0.9999985811492627 0.0004840600737962377 0.0016135009480884683 0.1423113667446554 -0.00048386007430300523 0.999999875209267 -0.00012434180003361488 -0.3993776770640507 -0.0016135609356393995 0.00012356091492253017 0.9999986905760465 0.02198406950988578
0.9999986602770061 0.00040693514031621517 0.0015855119007886747 0.14900317998932666 -0.0004069277908839319 0.9999999171925944 -4.957960613105687e-06 -0.41879963827771105 -0.0015855137870649425 4.312765115604029e-06 0.999998743062926 0.022251493305425613
0.999998735212171 0.0003507875648468316 0.0015512969238882614 0.15469865555680817 -0.0003508125884637834 0.9999999383395152 1.585869398363657e-05 -0.43768845071158 -0.0015512912652018936 -1.640288841509822e-05 0.9999987966124543 0.022678454121242683
0.9999987855961425 0.00035735280291742516 0.0015169394245922977 0.1615292091769489 -0.0003575143430648507 0.9999999304502958 0.00010622100777412738 -0.45519061628492147 -0.0015169013607147497 -0.00010676320638077742 0.9999988438052719 0.023183396566315587
0.9999987962812018 0.0002661635659593091 0.0015285918706755778 0.16761875077943544 -0.0002662450103376758 0.9999999631481931 5.3077413540066686e-05 -0.4737612964404842 -0.0015285776870705423 -5.348432960819589e-05 0.999998830294157 0.024205211416929454
0.9999987363298216 0.0002725322051405817 0.001566226343943491 0.17351650773491045 -0.00027267383160181445 0.9999999587553486 9.021246034351676e-05 -0.48962108553860195 -0.0015662016935442788 -9.063941528307916e-05 0.9999987693976192 0.02426318068336171
0.9999987415183186 0.0001960999948472803 0.0015743273405004635 0.17973506859454957 -0.00019637447128323363 0.9999999655470175 0.000174192527472635 -0.5059722323787346 -0.0015742931271064472 -0.0001745014659536468 0.999998745574408 0.024882301019104727
0.9999988424700612 0.00015630958961838795 0.0015134813689973796 0.1839045378324824 -0.000156607712037522 0.9999999683598061 0.00019686141685685911 -0.5216214463606528 -0.0015134505497832512 -0.00019709821183828445 0.9999988353091864 0.024584281980407727
0.9999994289264983 -5.0906872908112956e-05 0.0010674994950454382 0.18904627458879797 5.0703391742615105e-05 0.9999999805425976 0.00019064096169908517 -0.5377894963599367 -0.0010675091792098777 -0.0001905867269840004 0.9999994120502537 0.02414865039498966
0.9999996656441597 5.8366644003559536e-05 0.0008156622512822994 0.19811119696144253 -5.8550862306088425e-05 0.9999999727864982 0.00022582915144149263 -0.5536155306168271 -0.0008156490481955851 -0.00022587683366235903 0.9999996418480794 0.025854375605442376
0.9999994538337585 0.0006380288890583977 0.0008277990856045657 0.21283790597831131 -0.0006381916780787501 0.9999997770684876 0.00019640357325524 -0.5671833149832114 -0.0008276735899084122 -0.0001969317604737918 0.9999996380870899 0.028032638321585715
0.9999984298649216 0.0013489422024555954 0.0011491834624394693 0.23446047394236513 -0.0013492505582550233 0.999999053958015 0.000267592999560576 -0.5810446181364821 -0.001148821407773474 -0.00026914311583165347 0.9999993038854361 0.027910228612568963
0.9999969090193691 0.002107250373900124 0.0013196391831374996 0.26021467943161036 -0.0021076718967867353 0.9999977282588629 0.00031811365283033826 -0.5933526257281865 -0.001318965840145008 -0.00032089403596739503 0.999999078677641 0.023747918679763377
0.9999931862211686 0.0034254980658595877 0.001376035697257752 0.2900035663866751 -0.0034259339489326225 0.9999940820045997 0.00031453515303405305 -0.6065779118326062 -0.0013749501143264585 -0.0003192472172712627 0.9999990037962027 0.020807761626118096
0.9999855564490471 0.005138960026754496 0.0015741610898773234 0.32444721532453835 -0.0051390400219992185 0.9999867939525835 4.677704751849499e-05 -0.6190718579574244 -0.0015738999160539572 -5.4866048733779056e-05 0.999998759913617 0.017039952329804986
0.9999727144541211 0.0071485177332804295 0.0018625363022763434 0.36350519955559246 -0.0071481728340281 0.9999744330981789 -0.00019176839594816218 -0.6338752695877876 -0.0018638595427726765 0.00017844943204447267 0.9999982470901666 0.013221930281917343
0.9999524557746193 0.009545958231235054 0.0019901938997968307 0.4061089435474093 -0.009545050027192461 0.999954336696944 -0.0004653396177985639 -0.6478715419733141 -0.0019945451335244804 0.0004463209932495205 0.9999979112914601 0.008187330799966835
0.9999194546870909 0.01253683677395274 0.001977842758619317 0.45219596745478574 -0.012535640689560205 0.9999212360359057 -0.0006159845253454364 -0.6629856711417477 -0.0019854094733328226 0.000591141384516592 0.9999978543482422 0.003521265221747144
0.9998661352479942 0.01626447127797216 0.0017828511691784757 0.504054974814598 -0.01626334615468209 0.9998675357905951 -0.0006437731766216215 -0.6748869965982278 -0.0017930856355485492 0.0006146918723783527 0.9999982034972896 -0.0007772955636840689
0.9997881027287234 0.02054342979439613 0.0013103947443539343 0.5649661150867243 -0.02054264175602145 0.9997887903413976 -0.0006120272670907269 -0.6887097399445137 -0.0013226911155210766 0.0005849786103906446 0.9999989541435723 -0.006044700584587212
0.9996727440016036 0.02557402561773976 0.0006116486007768992 0.6386584051871971 -0.02557378252632481 0.999672856506067 -0.00040201032677340023 -0.7054608356483418 -0.0006217295263120816 0.00038623659818374536 0.999999732136807 -0.01448116640991419
0.9994958227255457 0.031747746275781606 0.00042539463556641596 0.7302643018212288 -0.03174766625344608 0.9994958970500842 -0.00019356526810503007 -0.7208580565543885 -0.0004313254538953526 0.00017996238997975816 0.9999998907859394 -0.02092144627274531
0.9992285596461629 0.039261094024534274 0.0009230836662165266 0.8431367757691469 -0.03926118126605827 0.9992289796548235 7.657401535261308e-05 -0.736741365892823 -0.0009193655703129786 -0.00011275629821017872 0.9999995710263908 -0.029770518004833574
0.9988540643929876 0.047621610717168625 0.004768672594719708 0.9745156226346864 -0.04762917728058818 0.99886398156407 0.0014858686193404567 -0.7574050200481515 -0.004692495837770085 -0.0017112938619891927 0.9999875259002639 -0.012828836381904907
0.9983762951934018 0.0566852646562911 0.005617291762758492 1.1219509622416335 -0.05669671307908505 0.9983896395461028 0.001900098164920582 -0.7811458697847877 -0.0055005383308942635 -0.0022154949457518064 0.9999824176755396 -0.031862464126278675
0.9977391899722096 0.06695357828761149 0.005807507906827561 1.2833325416737535 -0.0669643196973756 0.9977539646990868 0.0016750566336751012 -0.8101592928468075 -0.005682313003599522 -0.0020601654649583974 0.9999817333517587 -0.051917457134614806
0.9969030742348157 0.07839519962809668 0.006201068976309951 1.4598161689424298 -0.07840596213756731 0.9969203680433567 0.0015115824772337064 -0.8455645698751804 -0.006063471156068066 -0.00199310199788275 0.9999796307235297 -0.0691851148018959
0.9958149870773565 0.09084706397192593 0.009966066416093745 1.6555146615116518 -0.09089053002704428 0.9958528649205984 0.003997872039391618 -0.87854719192421 -0.0095615408555417 -0.004886961952087149 0.9999423456076593 -0.06677424822791829
0.9944782903767968 0.1040799711571022 0.013427195283605866 1.8681585267258143 -0.10417916615583957 0.9945345350968015 0.006910849359250898 -0.9117858739745182 -0.012634528417052971 -0.00827152366429706 0.9998859687924168 -0.08119272697453402
0.9928092294120604 0.11851100386288026 0.01688123092806331 2.0937193683354716 -0.11868571193766418 0.9928840018309201 0.0097499071826702 -0.9477041046025951 -0.015605632831899191 -0.01168335874794718 0.9998099636192285 -0.09843233418441377
0.9905962505400903 0.13493566153199 0.02261494335261778 2.3335791616765365 -0.13515497399397594 0.990788351042413 0.008460286245039701 -1.00007677419166 -0.021265028112033242 -0.011437249913530487 0.9997084514466256 -0.10309129557392299
0.9879674890569349 0.15219106300881094 0.02753399547442163 2.578961248631485 -0.15243464749847804 0.988289024060943 0.006962985185113161 -1.0654430368790075 -0.02615184139887747 -0.011076337884045008 0.9995966166061825 -0.11106301243855422
0.9848464008093285 0.17037547683207635 0.03240005720916673 2.8283030539010134 -0.17065292104026483 0.9853130606307898 0.005979388832841397 -1.1352298338057545 -0.0309054583098169 -0.01141794397567929 0.999457094227676 -0.10851799491016127
0.9816479313409923 0.18733532501162123 0.03567653145619395 3.080602286133174 -0.18774804953830637 0.9821798952590334 0.008562899247320746 -1.1999055830865646 -0.03343663841531147 -0.01510395152760613 0.9993267042662962 -0.13044744843895195
0.9781710384668334 0.20409267160119757 0.039084535348486334 3.3353153703885217 -0.2046460092544685 0.9787777818414737 0.010680106259267455 -1.2686192021411793 -0.036075343393257416 -0.01844546481319662 0.9991788300534029 -0.15296822978070757
0.9739055886894553 0.22288119803077783 0.042800419201398925 3.5921633430549504 -0.2234372157667415 0.9746802242003507 0.008618071893736085 -1.3519404887710516 -0.039795915994697076 -0.01795639488104696 0.9990464718685624 -0.1532528188059079
0.9691625678251141 0.24224225478442324 0.0451952112905187 3.8462127957267236 -0.24267486219109863 0.9700983213324667 0.004261244943226785 -1.446689958011674 -0.0428115450219622 -0.015097580762933578 0.9989690859420739 -0.17215416841716208
0.964077947589796 0.2613111007139577 0.04764682166431428 4.100478420512851 -0.2616272453867124 0.9651689040606733 0.0004136492283441844 -1.5502735825432608 -0.04587913951255229 -0.012864496802550564 0.9988641595730666 -0.19331939027536488
0.9588911707089982 0.27970625724742443 0.047876219493288595 4.353316651131642 -0.2800776017640916 0.9599767378941473 0.0010953046111241032 -1.6496740765718112 -0.04565369345854783 -0.014459334658055188 0.99885267578099 -0.23382210853024032
0.9533604961431074 0.2977004009761342 0.04978188076420021 4.609480446290776 -0.29835908579872383 0.9544335758682863 0.006197191027432527 -1.7460529616011575 -0.0456685922174317 -0.020761033546754435 0.9987408869025803 -0.2505565405422227
0.9472387627929998 0.3162352806955974 0.05228741249830153 4.8698320435761975 -0.3172403149244812 0.9482696018923006 0.011972665268783765 -1.843420636279453 -0.04579638467179442 -0.027928647844084765 0.9985603045287744 -0.2707625375246997
0.940667258645266 0.33512073737071424 0.05328414301565941 5.131030704155553 -0.3362534285948588 0.9416722403994838 0.01367565059600927 -1.9501310459025052 -0.045593204219563435 -0.030781212535092698 0.9984857418530655 -0.2979467679742391
0.9333928867430162 0.3544144269282807 0.05628617026092426 5.392405225267489 -0.35579282968635706 0.9344212464248598 0.01638281336008005 -2.068790166720281 -0.04678868796320879 -0.03531781724447935 0.9982802564729861 -0.3246483162701215
0.9249468078878216 0.37603052865918013 0.055447669873779214 5.650882108487004 -0.377115826741636 0.9261097413284536 0.010217643442674982 -2.2024616464951223 -0.047508481338670944 -0.03036097055178558 0.9984093126909673 -0.35086137827118236
0.9165274674856795 0.39670450780416283 0.05101896541628549 5.900653144791755 -0.39733467704120645 0.9176705495756593 0.0024324600864963643 -2.3527758612412404 -0.045853634150977325 -0.022501020629492715 0.998694722277925 -0.3685450401901105
0.9078175972436113 0.41698684719624934 0.0446002174901997 6.1447656638017385 -0.4172182071028024 0.9087955262771122 -0.004433856181077684 -2.512292217242705 -0.042381337835948794 -0.014582890112826437 0.9989950758232968 -0.37430298437432696
0.8980345651071109 0.4382874045097291 0.0379219055561807 6.387945085203412 -0.43819809205495946 0.8988101516174625 -0.011078965149853983 -2.676051311469172 -0.038940364562757034 -0.0066680130116207725 0.9992192880495243 -0.37687261688247875
0.887027831246552 0.4604442290187652 0.03424527058380024 6.633376165901001 -0.46021725973487665 0.8876844862691585 -0.014708048109307927 -2.8443346519921437 -0.03717123129739014 -0.002713816570686566 0.9993052260262922 -0.3836136840613201
0.8756165123542424 0.48194105970327666 0.03207083199232873 6.882554547111338 -0.4818384701421752 0.8761863620322529 -0.011364316069980325 -3.0107028583690534 -0.0335769561402753 -0.005502177820882951 0.9994209894011555 -0.41132150262984357
0.8635981697173183 0.5032747184681193 0.030211901822578345 7.13188748830681 -0.5033015503176979 0.8640803064727912 -0.0072645312094739 -3.1791020554489187 -0.02976156428523011 -0.00893206116899375 0.9995171171993872 -0.422819798611332
0.8508786782704062 0.5245436218620996 0.02931661011443218 7.383339864640475 -0.5247382327746806 0.8512627616275009 -0.0012238181363103601 -3.3468494577418246 -0.02559808448528892 -0.014342225424124335 0.9995694266235693 -0.4134068791374593
0.8371544808814432 0.5462830350981224 0.027335338009786214 7.6272932961639786 -0.5465635549529514 0.8374104101471725 0.003476402499935756 -3.526812853596319 -0.02099179690539898 -0.01785078544863794 0.9996202748651867 -0.40177264473272434
0.8232852768958043 0.5671755260865019 0.022655583309723885 7.864964169543056 -0.5674031258516135 0.823426548727348 0.004734091760003555 -3.715370693551878 -0.015970147789608986 -0.016752356833413622 0.9997321205803616 -0.4044986327257354
0.8094841669923362 0.5868547131673837 0.018355626438668966 8.097070150436384 -0.5869503196037557 0.8096229208463286 -0.00021990296503762887 -3.91979700619763 -0.014990186982711002 -0.010595832836231282 0.999831497113755 -0.3980277718462709
0.7951337029217928 0.6062636339683412 0.014380563458508152 8.323683156424607 -0.6062464629260363 0.7952540236054223 -0.0060219705297960835 -4.133376971427959 -0.015087102689136076 -0.003929894005361342 0.9998784602468226 -0.40839566382545245
0.7807566160444375 0.6247346739533085 0.011211318535171872 8.551602356824795 -0.6246732544617505 0.7808370897067674 -0.008761535164370471 -4.347587986116384 -0.014227848151022507 -0.00016278428988497151 0.9998987657949526 -0.4096838201109768
0.7670623317967958 0.6415326892863664 0.007154559068862119 8.777168864085885 -0.6414964060453748 0.7670954053336174 -0.00685566531611197 -4.557883553128107 -0.009886362796004614 0.0006690986938808229 0.9999509048636372 -0.43378559376990494
0.7534162885006077 0.6575383341158428 0.0026898680519564116 8.998939669474023 -0.6575222940455769 0.7534184147696639 -0.00501249628576008 -4.770837862584551 -0.005322504581145052 0.0020078481355380994 0.9999838196145237 -0.4427581779531643
0.738745170995844 0.6739824189209106 -0.001808677927472423 9.216017417809859 -0.6739816532589991 0.7387307519543821 -0.005060354452602201 -4.992750486525958 -0.0020744639291570056 0.004957328155158051 0.9999855606442387 -0.4476283606192434
0.7218686857027193 0.6920209833468149 -0.0035438975072626835 9.433581832004059 -0.6920262025524262 0.7218381058529156 -0.007034480759085075 -5.219554910234698 -0.002309888028256906 0.0075304413143477324 0.9999689779542724 -0.45389506566739346
0.7059346667049772 0.7082680881798518 -0.0035442361936603266 9.648247345974191 -0.70827322887735 0.7059058798617277 -0.006776579690319925 -5.448130167522024 -0.0022977379729376994 0.007294110137873399 0.9999707577511991 -0.4837711908331519
0.6903941890309683 0.7234245227962262 -0.0035810011630559684 9.85997468758665 -0.7234301941454788 0.6903679809815446 -0.006387881816865538 -5.676629538569883 -0.0021489418122130973 0.007000760853205237 0.9999731853387703 -0.5119502582135702
0.6736740990976395 0.7390183662133749 -0.0038810571115975878 10.065041757029666 -0.7390262318230402 0.6736495160440231 -0.006046338652194842 -5.912143320706615 -0.0018538830673508495 0.006941464757030498 0.9999741892592038 -0.5384871880290957
0.6567247172002396 0.7541192447528972 -0.004100062388706445 10.265247998190258 -0.7541282805938367 0.6567003131223494 -0.005935920619220188 -6.153326272202303 -0.0017838797197947537 0.006990238789503024 0.9999739768288041 -0.5418788662385284
0.640883709080021 0.767622271621168 -0.004911165543771484 10.459092814607018 -0.7676365104570471 0.6408568370835795 -0.00605823213190387 -6.398306589419454 -0.0015030798943251162 0.007652612259459862 0.9999695886757959 -0.5523902567805163
0.6261323311375855 0.7796966631610597 -0.005605119064507015 10.649460606855435 -0.7797152275148914 0.6261003983611841 -0.0065157619180633945 -6.647491027906195 -0.0015709505463161915 0.008450125885524604 0.9999630630612822 -0.5591795711030089
0.6109563552281764 0.7916443728258039 -0.005614176658057484 10.838113022623782 -0.7916630629265432 0.6109276187708867 -0.00608600202957363 -6.8974875476597814 -0.0013880936826521993 0.008162817906828004 0.9999657202123234 -0.5805833457172047
0.5951817810881764 0.8035752922463664 -0.005039558698968562 11.026960311742448 -0.8035903454933164 0.5951609585775866 -0.005098040304586166 -7.156453889861745 -0.0010973106415554054 0.007084001424580832 0.9999743060864992 -0.5839475704623501
0.5800393057043849 0.8145755756590185 -0.00458643410075914 11.212324652870809 -0.8145879342077431 0.5800231558971953 -0.00443126011714429 -7.424506862793011 -0.0009493582793807959 0.006306358921261173 0.9999796640712337 -0.5914386152694893
0.5657710833888887 0.8245505372780154 -0.0044150510196826215 11.39599589860017 -0.8245618896524346 0.5657569490549639 -0.004094475403756739 -7.7021913353481795 -0.0008782560992215586 0.005957018596793951 0.9999818711335049 -0.6162904255319028
0.5510372280757075 0.8344695877446149 -0.004298884038999824 11.57832440559674 -0.8344803733436852 0.5510254502493034 -0.003668743891747344 -7.985699999714583 -0.0006926606897275247 0.005608948822453855 0.9999840298296174 -0.6494078821121307
0.535201179349102 0.8447148765351055 -0.0040589387306175975 11.758220173550953 -0.8447244381710112 0.5351916566703594 -0.003242558729195555 -8.27784338613535 -0.0005667274530275003 0.005164105994765629 0.9999865053235839 -0.6751626221401008
0.5192355651243811 0.8546229603692685 -0.003744799011926633 11.9349812885373 -0.8546310799868527 0.5192285763641751 -0.0027207732990832006 -8.578744040957515 -0.0003808286716234778 0.004613143885421286 0.9999892868791251 -0.6962723142704231
0.5031860913785132 0.8641707916505058 -0.0035496903189665935 12.1076365906458 -0.864178066343234 0.5031810548858234 -0.0022573558129543596 -8.888819269133444 -0.00016460404070200104 0.004203434564332859 0.9999911519825458 -0.7136301857331346
0.4866300347200728 0.8736009366388262 -0.003551452113426974 12.274484107763726 -0.87360815546245 0.48662599391676087 -0.0019831172501938504 -9.209589070044077 -4.22417268974536e-06 0.0040676219463399044 0.9999917271827127 -0.7303257194899782
0.4692737535516246 0.8830460707324969 -0.003432374028990765 12.438457828677356 -0.8830527403444781 0.4692704047065228 -0.001773425129924201 -9.53753608548817 4.469545697085527e-05 0.0038631891595497575 0.999992536858071 -0.7459185952529552
0.45172374527792486 0.8921518633834503 -0.003272707370101861 12.595949438939947 -0.8921578145428923 0.45172192637083763 -0.0013172645434779355 -9.874106453571649 0.00030315366063769425 0.0035148111280501044 0.999993777080937 -0.7723936162672179
0.43368198225069726 0.901060374685663 -0.0031842491181369647 12.74895574630073 -0.9010659171528079 0.43368075898043745 -0.0011010157708818082 -10.21921429060388 0.0003888658912908755 0.0033467090540823512 0.9999943241448083 -0.7973085115535022
0.41514684171851624 0.9097487237825651 -0.003218600183755793 12.893929258469505 -0.9097542659880917 0.415146215082515 -0.0008919748524040948 -10.572496707878699 0.0005247167005293721 0.003298435790549735 0.9999944224813084 -0.828470872534057
0.39639909162890374 0.918073141961715 -0.003076713235277714 13.033245087026048 -0.9180780360823237 0.39639928135429603 -0.0005739381743680372 -10.932650789252934 0.0006926896923635369 0.003052171415602844 0.9999951022033289 -0.8560101479098543
0.3772697655888887 0.9260984101152658 -0.003042820153942346 13.162614145645511 -0.9261030253831058 0.37727056313669055 -0.00032949474977775437 -11.301132972131736 0.0008428219090910302 0.002942273357274064 0.9999953163283951 -0.8744156172688518
0.35759391308482774 0.9338724512297284 -0.002972904113219263 13.286519274019412 -0.9338766824173056 0.3575952061755669 -0.0001027497333739785 -11.679481943715533 0.0009671411139377104 0.002813068509623539 0.9999955756320287 -0.8922189950108759
0.33715501754311866 0.9414446942957423 -0.0028951213970104983 13.401553955023301 -0.9414485255401427 0.3371567312349293 0.00011109129633689914 -12.06682187329579 0.0010806959782632066 0.0026881527825098465 0.999995802956606 -0.9127282435682287
0.3164219945900495 0.9486142179488345 -0.0028612663250038605 13.510561769467445 -0.9486178404040259 0.3164239692487477 0.0002540710080429758 -12.465128802537764 0.0011463886182336944 0.0026338546269134124 0.9999958742929625 -0.9355591606298724
0.29585230329253415 0.9552292656122381 -0.0029094251002208106 13.612117491273445 -0.9552329039306826 0.29585460873856956 0.00038695776397547663 -12.871985530485716 0.0012304002053852867 0.002664696241503619 0.9999956927453645 -0.9591727706109745
0.27632684739334307 0.9610589964966791 -0.0030130818871408186 13.704956878739 -0.9610628100821899 0.2763295413882177 0.0005095420592369592 -13.28555480972253 0.00132230351616193 0.002754960794619991 0.9999953308413181 -0.9775643777625084
0.2592983902849067 0.9657900767078624 -0.003724584310343045 13.793428426680174 -0.9657966192855018 0.2593007278785531 0.000150659738096767 -13.707972645563961 0.0011112931027302917 0.0035581251076038448 0.9999930523625478 -0.9779163715203159
0.24495606611227416 0.9695218562915732 -0.004888337933129064 13.876249338520326 -0.9695336864519678 0.24495791396340674 -0.00022632181055921838 -14.136098953153805 0.0009780131209548824 0.004794847197319548 0.999988026393665 -0.9724399063603503
0.23314895985826586 0.9724246164824889 -0.005650466874499401 13.959442811294906 -0.9724407606031814 0.2331493071857261 -0.0006063631999042721 -14.570475743622211 0.0007277599349494653 0.005636117254555227 0.999983852143512 -0.965739217556277
0.22400321559440028 0.9745707429808895 -0.005867395423214764 14.043632743376339 -0.974588187261639 0.22400313148801088 -0.0006799512083664785 -15.009428861527887 0.0006516543941500989 0.005870605526579439 0.9999825555164998 -0.9695973871399756
0.21767255252686613 0.9760043022477134 -0.005853364024238159 14.129650019704064 -0.976021719818885 0.2176717551469518 -0.0007806747339921727 -15.45364560425368 0.0005121701216375381 0.005882941883704163 0.9999825641862797 -0.9784652891723055
0.2141967257056095 0.9767733237174046 -0.005799721636246733 14.2168540514229 -0.9767904321066982 0.21419574080441 -0.0007977255594638538 -15.900507065358015 0.0004630786262034427 0.0058359828060167845 0.9999828632846074 -0.9884055669292122
0.21215275918135088 0.9772201676432606 -0.005652497061100825 14.304859626007913 -0.9772363973847054 0.21215202567078856 -0.0007359554013065381 -16.34997559321071 0.00047999824096802405 0.0056799608332393425 0.9999837536913437 -1.0031316900539697
0.21040660498379235 0.9776000942694475 -0.005207327872325123 14.396566461284296 -0.9776138879194801 0.21040569100364964 -0.0007289308913092855 -16.803633885600064 0.00038304851119930623 0.005244127921043372 0.999986176102547 -1.0116220990314246
0.20852431324415877 0.9780076846721374 -0.004310395376918651 14.488903994202655 -0.9780170755465154 0.2085243336943126 -0.0004496629782983733 -17.258713269744746 0.0004590484756426814 0.004309405944724133 0.9999906091033601 -1.0271955006248878
0.20658416878066185 0.9784210945458139 -0.0038913952488312258 14.581371178902536 -0.9784287553232937 0.206584103101244 -0.0004232048842317876 -17.715908129295677 0.00038982781124508465 0.003894880439017799 0.9999923389409803 -1.0342344536149344
0.20482054734660343 0.9787925732794284 -0.0036934912589663732 14.671447471956022 -0.978799464544997 0.20482057391300781 -0.00037511115886793684 -18.17372719956117 0.00038934698295003744 0.0036920177394530085 0.9999931086832283 -1.0389820296578434
0.20281612567353352 0.979207928557443 -0.004177537196319868 14.757470511423577 -0.9792167648839999 0.2028159322617739 -0.0004743320653041661 -18.632203876783283 0.00038280138191502835 0.004186916650330579 0.9999911615569776 -1.03702653752599
0.20143212447607217 0.9794890633546256 -0.005125816787768475 14.839184902313368 -0.9795024724186187 0.20142977102270532 -0.0009766634838666924 -19.090818085616636 7.586090083933506e-05 0.005217481617237498 0.9999863859726817 -1.0271046664364516
0.2019007841011084 0.9793840528333592 -0.006553658144052221 14.923292109349745 -0.9794058184649919 0.20189238920741615 -0.0019250810498970244 -19.550265030554794 -0.0005622599799294555 0.006807366291947554 0.9999766715418368 -1.0253010429997014
0.20472597652280897 0.9787949814683425 -0.006903534542287089 15.012089062535097 -0.9788187939767116 0.2047134139438116 -0.0024873096818837617 -20.008069882007277 -0.0010213201095547791 0.007266526258396242 0.9999730768882619 -1.0319921671444576
0.20736080810547633 0.9782461470949129 -0.005997579162414013 15.105354131326017 -0.9782639640112085 0.20735018191677507 -0.00234920756106889 -20.46322684976221 -0.0010545041149550263 0.006354349144164835 0.9999792549188375 -1.0485018835835576
0.20868681447437173 0.9779709392993583 -0.0047597636997333105 15.202947470686917 -0.977981860883225 0.20867854248311174 -0.002178460583939299 -20.918160322475604 -0.0011372105920773258 0.0051095785601498215 0.9999862993856542 -1.0630935089350533
