1.0 0.0 0.0 0.0 0.0 1.0 0.0 0.0 0.0 0.0 1.0 0.0
0.9999999989748304 -9.921640287691804e-07 4.5269797019360134e-05 -0.003002319264109765 9.95422389914412e-07 0.9999999974091944 -7.197652540446191e-05 -0.004836829024914724 -4.526972548955548e-05 7.19765703932433e-05 0.9999999963850126 0.0009972815303028598
0.9999999967455174 -7.895805194943676e-05 1.6570787878578807e-05 -0.006534035295672647 7.895945243574154e-05 0.9999999933098945 -8.453174227581387e-05 -0.010119953391247216 -1.65641133060205e-05 8.453305042104412e-05 0.9999999962898967 0.000517609595905022
0.9999999971136668 -1.8490379814603675e-05 7.36937769117329e-05 -0.009189943973994086 1.8499943365107545e-05 0.9999999914080195 -0.00012977562525146 -0.015763292787438543 -7.369137667795585e-05 0.00012977698820758354 0.9999999888637573 0.0010367111008385
0.9999999951314186 -2.468826120312465e-05 9.5538754506502e-05 -0.012503312628708851 2.4701252369004102e-05 0.9999999904497554 -0.00013597917897739074 -0.021535943324161144 -9.553539650459475e-05 0.0001359815382422511 0.9999999861910047 0.0008739940430882304
0.999999991272116 -1.4394992467864312e-05 0.00013133374794806015 -0.015309129830202828 1.4411187104808246e-05 0.9999999922936144 -0.00012330891603367798 -0.02594640130046605 -0.0001313319719050341 0.0001233108076326669 0.9999999837731789 0.0006371596484189418
0.999999976453354 -8.126742963232862e-05 0.0002012185333891249 -0.019125896544714527 8.130921562300391e-05 0.9999999751319772 -0.00020766525017550523 -0.03299202917837174 -0.00020120165196411215 0.00020768160620680373 0.9999999581931219 0.0015435327445752628
0.99999997813169 -4.888094324248091e-05 0.00020334029256411376 -0.02242516111993309 4.893311842104628e-05 0.9999999658826891 -0.0002565933957757125 -0.03976508537945578 -0.00020332774309947437 0.0002566033402390643 0.9999999464062761 0.000728893170385797
0.9999999685892599 -0.00010488961140245224 0.0002276392990040888 -0.025835787210564787 0.00010494389779070654 0.9999999660578378 -0.00023847662642768866 -0.04596856895648771 -0.0002276142775568442 0.00023850050829228906 0.9999999456546227 0.0003282544536913623
0.9999999663637398 -6.537982759994216e-05 0.00025099402349434144 -0.028667774301605053 6.544581898271871e-05 0.999999963294715 -0.00026292092652336306 -0.05186268666667926 -0.0002509768245566858 0.00026293734418911355 0.9999999339372909 6.86287321191581e-05
0.9999999667798437 -0.00013803452522271099 0.000217685055043047 -0.03343050350323862 0.00013810978476845655 0.9999999306914419 -0.00034574961829955463 -0.057662342675916745 -0.000217637314571202 0.0003457796712497974 0.9999999165352054 -0.000976332218719303
0.9999999561899369 -0.00017846999570867984 0.00023615373639494514 -0.036672488503518785 0.0001785590025317118 0.9999999130184756 -0.0003769346413981339 -0.06096830405162684 -0.00023608644433010053 0.00037697679226021794 0.9999999010758395 -0.0017498049485950712
0.9999999378545903 -0.0002011948148795995 0.0002895020975037537 -0.039936889313338164 0.00020128116336045097 0.9999999352612654 -0.0002982672595227156 -0.06425456523978668 -0.00028944206893569 0.00029832551230575506 0.999999913612585 -0.001690411091066879
0.9999999234106408 -0.00024716282818488383 0.0003034621091310777 -0.04298864136848468 0.0002472370980661301 0.9999999394908277 -0.0002447287450350591 -0.06683228101679312 -0.00030340160292007565 0.0002448037533826756 0.999999924009292 -0.004108321011205021
0.9999999137917771 -0.0002441863539961915 0.00033584142943671717 -0.04537249399621712 0.0002442677072516275 0.9999999408320019 -0.00024221742298154774 -0.0705233877833098 -0.00033578226337625995 0.00024229943731638243 0.9999999142706235 -0.005045285541512123
0.999999905914631 -0.0002587814771900793 0.00034814203969518764 -0.04785430179930439 0.0002588220042308551 0.999999959734656 -0.00011636948347967886 -0.07417440470262915 -0.0003481119114102941 0.0001164595793514838 0.9999999326276297 -0.007551482789599495
0.999999871506628 -0.00030161750474534216 0.0004074476804887514 -0.05119907954588632 0.00030164592626619066 0.9999999520761443 -6.969536796884011e-05 -0.07788508017777995 -0.00040742663961930865 6.98182639464332e-05 0.9999999145644682 -0.009187794618074771
0.9999998846986269 -0.0002658646158760452 0.0003998984150028023 -0.053786359895162006 0.00026586561824534923 0.9999999646547264 -2.453402298831076e-06 -0.0801849444567389 -0.0003998977485954236 2.559721255290503e-06 0.9999999200376166 -0.011268522837918946
0.9999998784276519 -0.00027816544660405347 0.00040714698761005943 -0.057476402534922366 0.0002781875095097934 0.9999999598406412 -5.4133414828538455e-05 -0.08613097664486369 -0.0004071319132137853 5.42466714538997e-05 0.999999915650449 -0.011569892912529203
0.9999998753255404 -0.00030309535899522317 0.00039684015800243793 -0.05898712580498611 0.00030308732681138894 0.9999999538629837 2.030033252810442e-05 -0.08616766288190242 -0.0003968462926299923 -2.018005277451094e-05 0.9999999210528903 -0.013642400751416109
0.9999998384950166 -0.0003723602550435032 0.0004293690542192116 -0.06064982425678467 0.00037232433131654543 0.9999999271808309 8.37432131528009e-05 -0.08544498373464177 -0.0004294002055971215 -8.358333508185426e-05 0.9999999043146406 -0.014031589192914654
0.9999998116994511 -0.00040085638195077233 0.0004646667920278449 -0.06140746578347667 0.00040079333944595906 0.9999999104672721 0.00013575767783738683 -0.0847985577787359 -0.00046472116975651947 -0.0001355714169188348 0.999999882827306 -0.015452861912673824
0.9999997928190245 -0.00044307654153355957 0.0004669529853341758 -0.061282014240960914 0.0004430267609586769 0.999999896170629 0.00010670529754886587 -0.0793077773625181 -0.00046700021546494257 -0.00010649840277294548 0.9999998852844377 -0.01748564281939473
0.9999998227844528 -0.0003362660385789806 0.000491280183269229 -0.057730831348258294 0.0003362271667610342 0.9999999403390101 7.920396952463715e-05 -0.06617877560752 -0.0004913067875640389 -7.903877374435576e-05 0.9999998761852487 -0.01739942221083904
0.9999998542323194 -0.00030306655322201784 0.0004468624043193314 -0.05343490280735452 0.0003030086567428243 0.9999999456916573 0.0001296242164514465 -0.05281376847874608 -0.00044690166481546893 -0.00012948879437954327 0.9999998917557713 -0.019799589017902727
0.9999999192044814 -6.236860700983967e-05 0.0003971160939159283 -0.04433260091097535 6.231668796476032e-05 0.999999989510371 0.00013075125022999866 -0.03490137143651195 -0.0003971242445236697 -0.00013072649270617307 0.9999999126014555 -0.021129511309932694
0.9999998709601962 6.822402918544016e-05 0.0005034134262390773 -0.034961236679915464 -6.83400371677439e-05 0.9999999711160201 0.00023042916270233285 -0.01762358212115872 -0.0005033976908925728 -0.0002304635362600582 0.9999998467386501 -0.02243054882601568
0.9999998389637117 0.0002697661252891915 0.000499298300035954 -0.02627507458656808 -0.000269845623888132 0.9999999509256953 0.00015916013049500498 0.0011844925809398887 -0.0004992553395215328 -0.0001592948383257275 0.9999998626846208 -0.021593101013855837
0.9999997794432066 0.0004256629810448523 0.0005098279797824211 -0.018664685336158504 -0.00042566449428218107 0.9999999094007771 2.85962898847053e-06 0.02014267081727089 -0.000509826716354202 -3.0766440269451737e-06 0.9999998700336185 -0.019566464236226017
0.9999997383272973 0.0005351703805685197 0.00048676278102649046 -0.011272868031604877 -0.0005352186600074265 0.9999998518640524 9.905988429386543e-05 0.03670736878605496 -0.0004867096950034477 -9.932038289600027e-05 0.9999998766245597 -0.022174787277396843
0.9999996238789 0.00064453004088745 0.000580364617217104 -0.00690882437116902 -0.0006446090848695728 0.9999997829887725 0.00013602035506753913 0.04826773298681314 -0.0005802768220664524 -0.0001363944122122085 0.9999998223376713 -0.02053319752275469
0.9999995419879619 0.0007399449643611126 0.0006070463902299786 -0.005591719323378541 -0.0007400274755476135 0.9999997169711592 0.00013570902010556912 0.05787408795984661 -0.0006069458012122965 -0.00013615818895690638 0.9999998065388521 -0.020401758366440093
0.9999994779910482 0.0008076500160812661 0.0006258746568014162 -0.005332907205684245 -0.0008077161506698912 0.9999996682403666 0.00010542190600525589 0.06240230985202094 -0.0006257893051573881 -0.00010592738004267077 0.9999997985835475 -0.019624505010831836
0.9999993831535593 0.0008443267742743889 0.0007216680694496411 -0.006788472602866857 -0.0008443960950525544 0.9999996389128485 9.575703002323119e-05 0.06613622481761428 -0.0007215869586402988 -9.63663446556155e-05 0.999999735012859 -0.01878506661040047
0.999999412836228 0.0007766938750286798 0.000755694268387676 -0.010368145568188325 -0.0007767030864638639 0.999999698295356 1.189596877824135e-05 0.0687839992124557 -0.0007556848008651169 -1.2482911864039475e-05 0.9999997143922882 -0.016216311240805914
0.9999993207601047 0.0007157558004546495 0.0009198766042849165 -0.01595231441707612 -0.0007157727335554009 0.999999743671241 1.807893371434815e-05 0.06679089152031753 -0.0009198634283924141 -1.8737344025998018e-05 0.9999995767500028 -0.012894322284185342
0.999999273690297 0.0006435317311999116 0.001019061231245684 -0.022815100345310535 -0.0006435508583541936 0.9999997927510801 1.844158891846807e-05 0.0644115916497276 -0.001019049152298699 -1.909739325424701e-05 0.9999994805869223 -0.010791316544863164
0.9999993227609892 0.0005559198263726054 0.0010224630619918977 -0.0343954413890446 -0.000555894366116639 0.9999998451735759 -2.518492764335512e-05 0.06176038893283736 -0.001022476904488198 2.4616529131415542e-05 0.9999994769673661 -0.01121587486391705
0.9999992328742724 0.0005347675277876062 0.0011172620829946421 -0.04569629989628454 -0.0005347596522947472 0.9999998569890542 -7.3476431875295775e-06 0.05894972071118615 -0.001117265852494915 6.75017086793879e-06 0.9999993758355297 -0.010079149010330302
0.9999992185046502 0.0005554728275683805 0.0011200178706779087 -0.05665763184889627 -0.0005555110347606291 0.9999998451324397 3.380221751366293e-05 0.05403779363038874 -0.0011199989210101304 -3.442437338367801e-05 0.9999993722084922 -0.012642692953357945
0.9999991352445448 0.0005140821151589388 0.0012104667470898111 -0.06337663336777277 -0.0005141390878615478 0.9999998667374292 4.675601876078072e-05 0.05145111292847954 -0.0012104425493468765 -4.7378326597494105e-05 0.9999992662917946 -0.01067456439010725
0.9999991243732511 0.0004594976743191431 0.0012410135467140068 -0.0696707586909937 -0.0004595565514769107 0.9999998932919428 4.715805884735779e-05 0.04921869232493492 -0.0012409917452694934 -4.772833346036426e-05 0.9999992288304492 -0.010982814759701268
0.9999991464209085 0.0003740260838934281 0.0012519033300069807 -0.07482031961767333 -0.00037407300751306867 0.9999999293409899 3.724788163920345e-05 0.04629120645245405 -0.0012518893098694237 -3.7716153088962096e-05 0.9999992156750157 -0.00895719903808273
0.9999991674192522 0.0003594055541859177 0.0012393500127002236 -0.0807639456995961 -0.0003594356007988243 0.9999999351145156 2.4021199538843042e-05 0.042605663290437634 -0.001239341298931861 -2.446664605567009e-05 0.9999992317169683 -0.009573352171317287
0.9999991179388565 0.0004289854474850928 0.0012570175013041614 -0.08622386620649725 -0.0004290370656457796 0.9999999071314946 4.0794629311455014e-05 0.04010345823644085 -0.001256999884264511 -4.133390042832286e-05 0.9999992091210863 -0.009257325181335013
0.9999990749965528 0.0004184581717544307 0.0012941788168704732 -0.08996326872995353 -0.0004185250124583548 0.9999999110986212 5.1376801637073566e-05 0.035984237913263994 -0.0012941572027737043 -5.191840031880914e-05 0.9999991612304548 -0.008567922883031154
0.9999990591379005 0.00043531406514435086 0.0013008554842361647 -0.09403717826558133 -0.0004353798324737662 0.9999999039584528 5.027422804805038e-05 0.032583315094768306 -0.001300833474221404 -5.084054698973412e-05 0.9999991526233961 -0.00652519784059194
0.9999989057880959 0.00042264717946150355 0.00141767132490976 -0.0959251003881062 -0.0004226399622558645 0.9999999106732046 -5.390466366008883e-06 0.02645398882191824 -0.0014176734765391239 4.791295912444495e-06 0.9999989950889733 -0.0034121972796800903
0.9999988857830877 0.0004522874878827535 0.001422627366633583 -0.09723725683244044 -0.00045221869407218406 0.999999896564345 -4.867817058381054e-05 0.017363570826189223 -0.001422649236010672 4.8034777655877804e-05 0.999998986880392 -0.001316632621893743
0.9999987720289207 0.00040951542212822484 0.0015126922300569827 -0.09751312082670383 -0.0004094486723054603 0.9999999151886191 -4.443592753710948e-05 0.008067243022848836 -0.001512710298961082 4.381650314587059e-05 0.9999988548931767 0.0018057097968576796
0.9999986432691116 0.00043439530727855147 0.0015889495483056009 -0.09717688876351704 -0.0004344519502210838 0.9999999050026003 3.5303055807994724e-05 -0.000644409680230329 -0.0015889340618777427 -3.5993330141313036e-05 0.9999987369957155 0.005349766562792596
0.9999985375929287 0.0004974420262322218 0.0016362650910528888 -0.09664422137235806 -0.0004975664236078356 0.9999998733547084 7.561899983550804e-05 -0.010349307779790817 -0.0016362272677591116 -7.64330398191772e-05 0.9999986584582591 0.007592822673233066
0.9999984763145181 0.0004765976373825342 0.001679352062060555 -0.0957146874289293 -0.000476678876104831 0.999999885237818 4.797511541610545e-05 -0.02084689864422351 -0.0016793290045077796 -4.877555397064604e-05 0.9999985887365238 0.009666466638144855
0.9999985320359123 0.0003897571519705354 0.0016685369034540908 -0.09500822296324596 -0.0003898779464516978 0.9999999214004962 7.207079975937814e-05 -0.031907128473358026 -0.0016685086821982562 -7.272121970352959e-05 0.9999986053942282 0.010002211854245865
0.9999983867560203 0.000500943024080039 0.0017249757850336118 -0.09282610710673189 -0.0005009840846468457 0.9999998742343567 2.3371550500910306e-05 -0.04393766670973365 -0.0017249638602757288 -2.4235698211600574e-05 0.9999985119550487 0.011261804810398235
0.999998304026289 0.0004965150900974323 0.0017735324429846904 -0.08965237800680748 -0.0004966895588105877 0.9999998718541583 9.793447408027581e-05 -0.059600288927807055 -0.0017734835897696517 -9.881520303262403e-05 0.999998422494512 0.012069224093673642
0.9999981732059857 0.0005773076597295424 0.001822169194295019 -0.08699999328617813 -0.0005774157701859647 0.9999998315664855 5.8805118123265696e-05 -0.07417893073854853 -0.001822134938735523 -5.9857159927160876e-05 0.9999983381193117 0.013312813953648722
0.9999981742089769 0.0005548079950003351 0.0018285969533726157 -0.08444602353356379 -0.0005549240764981083 0.9999998440467396 6.29744276243143e-05 -0.09088257712303144 -0.0018285617294810223 -6.398904512180713e-05 0.9999983261323009 0.013761028713070778
0.9999981634301917 0.0004774150989411388 0.0018561279815580672 -0.08229068387074945 -0.0004775519383015261 0.9999998832870552 7.328051987323237e-05 -0.10652329537645105 -0.0018560927796972494 -7.416678280377056e-05 0.9999982747079523 0.014855716389593404
0.999998226700716 0.00041189837681167556 0.0018376439176594698 -0.08018380274867176 -0.0004122688201376264 0.9999998947741219 0.0002012117738178405 -0.12006868351608907 -0.0018375608454887352 -0.0002019690202989105 0.999998291287867 0.015128764257419741
0.9999982880946416 0.0003730240820181499 0.0018123633294049601 -0.07879200810546949 -0.0003734324424882068 0.9999999049647247 0.00022498614537750056 -0.13409931352165283 -0.0018122792319161575 -0.00022566255548728603 0.9999983323588075 0.015391988722106814
0.9999983135655509 0.00040788093066453194 0.0017906700472209824 -0.07593101301893446 -0.00040843615719285945 0.9999998686293086 0.00030971161436717254 -0.14780786049937128 -0.0017905434865179064 -0.00031044246645172026 0.9999983487883856 0.015799193308972698
0.9999983078317449 0.00031805828040330417 0.0018119527020728041 -0.07429475847918288 -0.00031852071563189395 0.9999999167774015 0.00025493088592009076 -0.161682010956944 -0.0018118714683981862 -0.00025550759900549075 0.9999983259174229 0.016779426660372118
0.9999982177429948 0.0003362621744010223 0.0018578047803798213 -0.07276443359408546 -0.0003368036298988307 0.99999990089927 0.0002911439117395455 -0.17297846748389045 -0.0018577066955851782 -0.000291769108239941 0.999998231896747 0.016703878373725264
0.9999982021529797 0.0002740252791789988 0.0018763264567947557 -0.07099351216584993 -0.0002747225592857247 0.9999998933051123 0.00037137217362461866 -0.18472139027132056 -0.0018762244912367502 -0.0003718869751605242 0.9999981707391947 0.017170143101699772
0.9999983130985142 0.00024360889221281378 0.0018205644321759669 -0.07116350174337938 -0.0002443318544483931 0.9999998913873648 0.0003968969831804817 -0.19564656462074081 -0.0018204675468052641 -0.0003973411355382221 0.9999982640074594 0.016712253114592734
0.9999990303838882 3.4368919402777517e-05 0.001392138670949293 -0.07078449216569738 -3.489784853357088e-05 0.9999999272224334 0.00037991746483449074 -0.20664788138807044 -0.001392125512280099 -0.00037996567910486713 0.9999989588057782 0.01616679799918727
0.9999993168823564 0.0001509765106237612 0.0011590689940171592 -0.0660626128900974 -0.00015146516612620715 0.999999899690901 0.0004215169077591971 -0.21769839338746033 -0.0011590052386000935 -0.00042169217839128513 0.9999992394409923 0.017877702225036485
0.9999990381300252 0.000735283716325886 0.0011760514019081522 -0.055660527919342284 -0.0007357411474119355 0.9999996538492302 0.00038856968072599035 -0.22682072205453246 -0.0011757652858581605 -0.00038943457638033156 0.9999992329580573 0.01987918962051588
0.99999783287059 0.0014440748508502436 0.0014996339447801849 -0.03849313080646344 -0.001444771603137588 0.9999988488378784 0.0004636355738692925 -0.2361575693306328 -0.0014989626939862053 -0.000465801197649518 0.9999987680692839 0.019485041520611673
0.9999961804999956 0.002197107294324425 0.0016768139362378285 -0.017124109504551788 -0.0021979851782329037 0.9999974482481112 0.0005218797135802799 -0.24407385834863982 -0.0016756630316992263 -0.0005255633324392095 0.9999984579671046 0.015027066500552938
0.999992307057348 0.00351515545144478 0.001740548273980925 0.0080611090824948 -0.003516055688247229 0.999993686339752 0.0005144249649993702 -0.25307541376184556 -0.0017387290010303933 -0.0005205408722170084 0.9999983529279741 0.011980523499550103
0.9999844524249706 0.005224942388748585 0.001948046556293639 0.03789610739480809 -0.005225458371794495 0.9999863134308696 0.0002598764251204016 -0.26085219748594085 -0.0019466620548703186 -0.0002700518208584106 0.9999980687875643 0.00804400994306935
0.9999712343540146 0.0072439479162230425 0.0022484846261518238 0.07237001168847779 -0.007244046002212754 0.9999737609250335 3.548203906677706e-05 -0.2704893348177205 -0.0022481685979521796 -5.176914447011499e-05 0.9999974715257587 0.004157930030053061
0.99995063177728 0.009647280474381499 0.0023799133777717605 0.11044218286772756 -0.009646751374592331 0.9999534417026705 -0.0002336983404477957 -0.2795493670334436 -0.002382057126493778 0.00021072837052764002 0.999997140694612 -0.0011656506498736868
0.9999173482881145 0.012635530315155468 0.002374861288191919 0.1519297281173645 -0.012634656220142199 0.9999201063079628 -0.00038270521976186555 -0.29005152583608523 -0.002379507235161578 0.0003526680325734688 0.9999971067811028 -0.005905784012053189
0.9998638180744328 0.016356638935621337 0.002192183469873489 0.19902119478629932 -0.01635580017950398 0.9998661549444896 -0.00039999628029331613 -0.29718084011239587 -0.0021984326516876077 0.00036408689323957645 0.9999975171642224 -0.010224742426913194
0.9997854559161296 0.020640954461672783 0.0017300686422859854 0.25498481108529136 -0.02064036035403856 0.9997869000557181 -0.0003605571340776931 -0.3054854186452328 -0.001737142208140031 0.0003247705384636678 0.9999984384293034 -0.015643825337394654
0.9996697285432653 0.025677108656729928 0.0010582652234221387 0.3235795945598391 -0.025676961047577152 0.9996702807989328 -0.00015283572289400587 -0.3160367077896385 -0.001061840672521536 0.00012561221069734538 0.9999994283578159 -0.02397643616901453
0.9994920258449848 0.031857699969053 0.0008816036464888954 0.410259666330538 -0.03185776489808463 0.9994924108023842 5.970051537119061e-05 -0.3257296788962001 -0.0008792542328946707 -8.77561107554782e-05 0.9999996096053532 -0.030642393565978504
0.9992239379958983 0.03936469391686057 0.001393775025001432 0.5185114096002125 -0.03936519982423178 0.9992248331560067 0.00033741245442446777 -0.3370070988416592 -0.0013794124788219049 -0.0003920168338080781 0.9999989717714791 -0.03954325144295273
0.9988541700168677 0.04757910602066634 0.005155163451177803 0.6444217802428588 -0.04758933858549499 0.998865215037448 0.0018807023163642214 -0.3516275180173753 -0.005059831314310237 -0.0021238781702024186 0.9999849435109451 -0.024094014632202967
0.9983763559996837 0.05664218273374092 0.006026185855948364 0.7872625419857067 -0.05665689782088283 0.9983910593299005 0.002299691163401214 -0.36998296703939615 -0.005886230553330535 -0.0026373822799312476 0.9999791980359297 -0.04317289234362856
0.9977397972737098 0.06690714835858354 0.006223378082557179 0.9436555687885235 -0.06692120635320362 0.9977560983512691 0.002078543504191561 -0.39339777847642854 -0.006070344015612256 -0.0024903215433734467 0.9999784743793946 -0.06332305649295922
0.9969056774910767 0.07832802345521053 0.006617471395941557 1.1152253493023676 -0.07834223461570869 0.9969246829819073 0.0019159167141417324 -0.42321372956589814 -0.006447050604217261 -0.002428415746591497 0.9999762688861507 -0.0808202108743115
0.9958177474414766 0.09077067260811535 0.010377806843067123 1.305784853803281 -0.09082018055297666 0.9958575777686194 0.004402227295058198 -0.4513090487969241 -0.009935224452741033 -0.005326330359921423 0.9999364587412393 -0.07883121188791872
0.9944833809428703 0.10398016791046172 0.013817731715754416 1.5133184872673828 -0.10408792396279395 0.9945411569916932 0.007320596611912469 -0.479421892107907 -0.012981106022675581 -0.008718470677301218 0.9998777321030193 -0.0938789237999953
0.9928172487492359 0.1183901767033186 0.017253308267483336 1.733955766840039 -0.11857590265083723 0.9928929279458243 0.010168035489787204 -0.50950612590021 -0.01592689224409164 -0.012140827621684907 0.999799447093319 -0.11162122507353354
0.9906056539286314 0.13480494218091715 0.022979685991009084 1.968943580161072 -0.1350377000697506 0.9908005769956924 0.008890229743357547 -0.555697901676784 -0.021569839232542874 -0.01190983579304521 0.9996964028378146 -0.11667470222804234
0.9879802906538286 0.152044959650381 0.027879661484801806 2.2100648430358434 -0.15230371234730994 0.9883060896972667 0.007392717534188815 -0.6157859966919298 -0.026429613784935125 -0.011550035161270964 0.9995839495524892 -0.12519421595373006
0.9848604702496979 0.1702282877143039 0.03274422393975691 2.45464836975148 -0.170522163705493 0.9853331758726386 0.006381552315188845 -0.6785915587637881 -0.031177649442471186 -0.011868554529124291 0.9994433908874641 -0.12271565391902726
0.9816664171623115 0.18717504511516472 0.036007608943995656 2.7025089352046665 -0.1876067567159952 0.9822031734185136 0.008979474434627306 -0.7376925520550153 -0.03368605423959298 -0.015570119227321799 0.9993111733274154 -0.14512796183683524
0.9781974399870422 0.20390784639098805 0.03938728961231999 2.9531204863932587 -0.20448243021169316 0.978807143664868 0.011113561326460257 -0.8009800411179591 -0.03628641808632261 -0.01892526593806107 0.9991622141432489 -0.1681123329683999
0.9739395044104374 0.2226838165658227 0.04305530848162988 3.205762593885601 -0.2232610164070177 0.9747168114003656 0.009036377948259058 -0.877468549184572 -0.03995447786762319 -0.018413457393918902 0.9990318234596581 -0.1691056951356531
0.9692041408861961 0.2420305699106973 0.045437171102208455 3.4556884295178696 -0.24248514541776417 0.9701437762846877 0.004691224555118256 -0.9664502023663766 -0.04294516900413496 -0.015564593306738204 0.998956183170415 -0.18825536972988494
0.9641255841410681 0.2610924436406225 0.0478810388194518 3.706489529819807 -0.26143106629600416 0.9652217830009914 0.0008409493060882944 -1.0649471051292432 -0.04599625615194571 -0.013328371774894841 0.9988526913042967 -0.2096052693666549
0.9589432856184025 0.27948575846337637 0.04811949483891555 3.9559844183735686 -0.279880549578543 0.960033604812482 0.0015347958750089612 -1.1583494650937038 -0.04576737850274565 -0.014939492860091965 0.9988404069810508 -0.24997260803069316
0.9534207568836665 0.29747019502854627 0.050003434012816955 4.208726941631305 -0.29815288810082063 0.9544951323712069 0.006625526154647331 -1.2490036874348838 -0.04575713780968822 -0.021225582426996206 0.9987270693187916 -0.26740095802009467
0.9473090545999433 0.3159921910646016 0.052483237887660114 4.4655514952248 -0.31702264903352145 0.9483367457150587 0.012411959005529454 -1.3407397654497757 -0.04584970090141088 -0.028396336256263373 0.9985446675109104 -0.2882865076892105
0.9407588895939057 0.33487147010877905 0.05323354353454694 4.723634831680819 -0.33601150004437536 0.941755652534804 0.013876698335274931 -1.4408308048740708 -0.04548608015632684 -0.030941710132843008 0.9984856669407278 -0.31786531084875735
0.933495747954142 0.3541547136285392 0.056215010150689734 4.981942457134551 -0.3555390131065581 0.9345145714638458 0.01656882255845409 -1.5528024998540846 -0.04666581951245539 -0.035453554637674356 0.9982811962331993 -0.3449804398687224
0.9250533651208983 0.3757771600624581 0.0553877030929555 5.237677177107156 -0.3768696094986056 0.9262077846412768 0.010413313895254388 -1.6805889588515508 -0.0473874362556967 -0.030506813096531634 0.9984106195548043 -0.37122398729252404
0.916650701695564 0.3964304642885706 0.05093503769504525 5.4845886378324575 -0.3970669548302799 0.9177859081341007 0.0026192006961219447 -1.8253574896487337 -0.045709128878762405 -0.022625512467718434 0.9986985339544268 -0.3893105070427714
0.9079524460370912 0.4167021204700576 0.044516272654369714 5.725787677659442 -0.41693945967856133 0.9089242929074773 -0.004256374702175876 -1.9786616831035349 -0.04223556200916055 -0.014696004845325142 0.9989995919635605 -0.39516482794044716
0.8981705963316643 0.43801723983710844 0.037821653728007595 5.966367319422628 -0.4379342049288684 0.8989410151911044 -0.010894189300765224 -2.1355953653398427 -0.03877127852624501 -0.006778555353651444 0.9992251193543736 -0.39834631355823613
0.8871766763821956 0.4601667060285797 0.03411960647876854 6.208889698475585 -0.45994590010652353 0.8878280993369528 -0.014527043847536709 -2.2981212909028694 -0.036977207285822926 -0.0028051186348413797 0.9993121721718341 -0.4057820113791097
0.8757627904866458 0.4816861093080646 0.031906533793584484 6.455691306281204 -0.48158806767483586 0.876326180041043 -0.011196394415453665 -2.45731296360135 -0.03335367854194017 -0.0055604203391872095 0.9994281434167122 -0.434425933603567
0.8637365148460465 0.503048575991688 0.03002270997692407 6.702811995409127 -0.5030787533913824 0.864211487952411 -0.007090273426857679 -2.6176646300556707 -0.02951272281229318 -0.008979659449602155 0.9995240691991251 -0.44653471500506114
0.8510057017266247 0.5243495952000456 0.029099787668326358 6.9520823833633765 -0.5245458008261588 0.8513816011253466 -0.001035423054129555 -2.776748489974416 -0.025317947476760458 -0.014383020503589666 0.9995759752298777 -0.43798885924459574
0.8372509667075222 0.5461468478056829 0.027100542047233517 7.194063085665233 -0.5464270576816938 0.8374986805555126 0.003664792097554209 -2.9468623374791387 -0.02069515355495445 -0.017876820178907824 0.9996259950199532 -0.4267058272820023
0.8233632875518668 0.567073279663909 0.022378386961929717 7.430484721046126 -0.5672987471493306 0.8234975298951174 0.0048938471018102805 -3.1266137571117283 -0.015653376459988624 -0.01672464492524799 0.999737594600468 -0.429999082490061
0.8095389829405418 0.5867886921456 0.018046214829349632 7.661160086638838 -0.5868835184494503 0.8096713735676547 -5.096544450043881e-05 -3.322601145877938 -0.014641409495099225 -0.010549767539637102 0.9998371525067768 -0.4246585968175189
0.7951502105359236 0.606249342324431 0.014066897877248777 7.886849036232177 -0.6062337881483096 0.7952651086042553 -0.005831049993624991 -3.528187174915636 -0.014721983291770942 -0.0038912681575433736 0.9998840538982939 -0.4355152008404826
0.7807421280177754 0.6247583116691509 0.010898694353250743 8.113870825943842 -0.6246997905157029 0.7808181828764256 -0.00855201842898817 -3.7345553072213917 -0.013852843315688632 -0.00013149101227484994 0.9999040361165604 -0.43711334204730723
0.7670200014599582 0.6415872226350233 0.0067936081621479405 8.338611935564304 -0.641553148601238 0.7670497246931273 -0.006654124138587492 -3.9358022261150047 -0.009480236295593357 0.0007453855997051366 0.9999547837377901 -0.4625120914252375
0.7533756395272359 0.6575864682442075 0.002276521261951214 8.55999410727531 -0.657572325909705 0.7533760816864743 -0.004807883157001131 -4.140302587395775 -0.004876675573147794 0.0021251646669738712 0.9999858507551475 -0.4727444762859924
0.7386681563995142 0.6740654551489011 -0.002262055760880042 8.77638446989191 -0.6740672834343324 0.7386537337686864 -0.0048947924423561355 -4.353098870569187 -0.00162853456174909 0.005140405091066907 0.9999854619496644 -0.4785912176240356
0.7217571555326492 0.6921348524110292 -0.003994310378485043 8.994292587102045 -0.6921439257565394 0.7217272185165751 -0.006827011840455513 -4.57169364523598 -0.001842410313246039 0.0076920823128096075 0.9999687182076914 -0.48576345608841004
0.7057791393895507 0.708420563588152 -0.004013911808726243 9.209372910134938 -0.7084295994740619 0.7057509354528297 -0.00656655895366148 -4.79273171003926 -0.0018190633809539005 0.007478114262046073 0.999970383969197 -0.5159504299719944
0.6902001214415419 0.7236070834201997 -0.004072000271554096 9.421822790764045 -0.723616632145135 0.690174448806639 -0.006180606556041931 -5.013405841613609 -0.0016619401408248546 0.007212422518158579 0.9999726090830641 -0.5445129479630121
0.6734310309787014 0.7392370472290603 -0.004385717619905593 9.62805601519388 -0.7392488149755558 0.6734071740920402 -0.0058281591111430135 -5.240627230742586 -0.0013550174233161393 0.007166999752257578 0.9999733986673526 -0.5721708161893923
0.6564300764204116 0.7543726663268872 -0.004629802325561589 9.829698847883394 -0.7543858002584202 0.6564064285279059 -0.005715326387720323 -5.473505878605204 -0.0012724539967208525 0.00724436926986592 0.9999729496214936 -0.5771717974658347
0.6405279729509729 0.7679155042616861 -0.005449236814080706 10.024898435955796 -0.7679342183320729 0.6405023128180353 -0.005815805143872903 -5.710507288756212 -0.0009757981572329319 0.00790984129321016 0.9999682406100084 -0.5890272458323197
0.6257370986893654 0.7800097612775004 -0.006152693365565613 10.21651241719893 -0.7800333560002148 0.6257067484250838 -0.006247279597353054 -5.952598450070779 -0.0010231573075404497 0.008708460664331343 0.9999615571920677 -0.5970033009884466
0.6105007847334282 0.7919915934604218 -0.006173145706182999 10.406917299519149 -0.7920152197776127 0.6104737721045742 -0.00580217313163135 -6.194673382844368 -0.0008267287990492135 0.008431456603221888 0.9999641128855794 -0.6195142149893453
0.5946516153992586 0.8039637100804041 -0.005639962484282293 10.597536095955341 -0.8039833296198652 0.5946323970322298 -0.004808127814152996 -6.445077434274987 -0.0005118558648065505 0.007393596788776594 0.9999725359879148 -0.6249869231506816
0.5794373566688249 0.8150001840592495 -0.005200930691135268 10.784979206480344 -0.8150167062183871 0.579422814222912 -0.0041195804336563524 -6.704877887940149 -0.00034392091404085776 0.006625884198221649 0.9999779894462677 -0.6339521486089429
0.5651210177332924 0.8249925561665975 -0.005051493423776653 10.97014737245862 -0.8250079825842209 0.565108520298088 -0.0037668234410806844 -6.975251250321801 -0.00025295932527942837 0.006296233495232592 0.9999801465305985 -0.6598528855475849
0.5503257896074795 0.8349353359555987 -0.004950764146596614 11.154777265183052 -0.8349500119210764 0.5503157327217475 -0.003327448262201057 -7.25179300248435 -5.372073380880783e-05 0.005964821175493139 0.9999822088529527 -0.6934952216574756
0.5344193085735989 0.8452062426682707 -0.004733917861542397 11.33653177081361 -0.8452194956310374 0.5344114714142153 -0.0028954146722909298 -7.536657098281353 8.263745380733661e-05 0.0055485651744912315 0.9999846031792488 -0.7199185780547968
0.5183731602506388 0.8551430457315538 -0.004431486065291051 11.515123883726046 -0.8551544849193817 0.518367818486828 -0.0023688983706535846 -7.8298897869369375 0.00027139279661050024 0.005017578518299719 0.9999873750461887 -0.7416121832961904
0.5022598733814373 0.8647062982492696 -0.0042470411967985905 11.68962060275016 -0.8647165871721233 0.5022565362025927 -0.0018962360574927774 -8.132634834699454 0.0004934169387324215 0.004624890251412777 0.9999891834064465 -0.7600065481562901
0.4856366016518774 0.8741503878232537 -0.004265044488706337 11.858281655623845 -0.8741605446124413 0.4856343579700158 -0.0016163545239743207 -8.44660793890112 0.0006583152079944449 0.0045132945311314055 0.9999895983426861 -0.7777942607129805
0.46821465882865704 0.88360498172593 -0.0041556620534642244 12.024256878941204 -0.8836144651123367 0.46821312984289803 -0.0013935878061706306 -8.767409458298726 0.0007143544086169795 0.004324501341773441 0.9999903941468281 -0.7941672463344858
0.4505964194578982 0.8927187065113391 -0.004022165643240947 12.184223273004761 -0.8927272225387559 0.45059654903358365 -0.0009252768665592555 -9.097111037777912 0.000986361991006174 0.004007623206360184 0.9999914829868619 -0.8215435166127556
0.4325008950997229 0.9016248602911188 -0.003948042929914393 12.339634263883214 -0.9016328625917588 0.4325016645000147 -0.0007009274739059054 -9.435567290365896 0.0010755615029708716 0.0038628370083982192 0.9999919607965381 -0.8469201719462385
0.4138958970585187 0.9103154661634864 -0.003992300301380619 12.487342404474942 -0.9103234153944424 0.41389738334719395 -0.0004852246480380072 -9.78259333869793 0.0012106951466049152 0.0038351169366077245 0.9999919130149751 -0.8784844504616104
0.39507044904921473 0.91864267391207 -0.0038701363995717495 12.629293409014178 -0.9186497855170941 0.3950728365901955 -0.00015924192202099334 -10.136421566142284 0.0013826993403255057 0.0036182117510288442 0.9999924983149945 -0.9066468565042101
0.3758581032370146 0.9266692110526491 -0.003854804554382453 12.761518273381135 -0.926675964947049 0.3758612087499626 8.801413678986909e-05 -10.498326948452462 0.0015304314900055828 0.0035390739036028217 0.9999925663400528 -0.9256960252710674
0.35610483462221776 0.9344382943058951 -0.003797485140223115 12.88818106706269 -0.9344445346757853 0.3561085545253117 0.00033016429782272436 -10.870097761012747 0.0016608351074143546 0.0034309661321197432 0.9999927350226864 -0.9444007177742592
0.3355825174209057 0.9420033809221262 -0.003742236329926293 13.006159446592747 -0.9420091489584114 0.33558674576744785 0.0005471232763649432 -11.251304519783428 0.001771236887969625 0.00334161585393306 0.9999928481361149 -0.9656968974832703
0.31475641474912064 0.9491651727785559 -0.0037248031560441937 13.117782376297667 -0.9491707015096353 0.314761000553486 0.0007013745723675302 -11.643552154693595 0.0018381430854249392 0.0033147118788132363 0.9999928169317842 -0.989253797010084
0.294105334367481 0.9557655325696005 -0.0037814082770229428 13.222200567068144 -0.9557710599660852 0.29411042967396295 0.0008579558949410373 -12.044308829902961 0.0019321562859774169 0.003361831191740629 0.9999924824033086 -1.013629899880357
0.2745004863020249 0.961579066062129 -0.003896502412732619 13.318548562036705 -0.9615848111809169 0.27450618702566787 0.001002093211386428 -12.452418316047996 0.0020332058743676757 0.0034717424629680154 0.9999919065063229 -1.033117709462221
0.25739781578229765 0.9662945074284585 -0.004614037723239633 13.410558256960094 -0.9663037924656845 0.25740345806026765 0.0006636603544993695 -12.869779558117553 0.0018289606209331386 0.004287737424876799 0.9999891350463914 -1.0339291415376586
0.2429669822117262 0.9700171903069347 -0.005804831089999206 13.497238985843358 -0.9700330776667195 0.24297271868273607 0.00029361261391990293 -13.29256615892068 0.0016952248742244044 0.00555953999682401 0.999983108721171 -1.0288887840184304
0.23107137294200883 0.972914565895891 -0.006577847240635752 13.584242521856854 -0.9729357145051242 0.23107594191753167 -6.713675720344467e-05 -13.721816729548747 0.0014546639179292666 0.006415335887635406 0.9999783634751016 -1.0229213159521555
0.22184582491522306 0.9750579898771483 -0.006807814953062399 13.6719979330354 -0.9750807676161517 0.22185013160594325 -0.00012542542756387788 -14.155523543267787 0.0013880175780058564 0.006665994537664073 0.9999768186933308 -1.027507943251922
0.21540722566162226 0.976500607184367 -0.006803771111820106 13.761726976023457 -0.9765234852235719 0.2154108683458454 -0.0002015076013806458 -14.594532457818776 0.0012688339481230536 0.0066874484721411815 0.999976833778339 -1.037466150709117
0.2118596453040122 0.9772767735638873 -0.006752669415431663 13.851904486693256 -0.9772993290065546 0.21186311442859032 -0.00020559176262138738 -15.036031769546963 0.0012297215186140703 0.006642935886610865 0.9999771793335088 -1.0478045395155162
0.2097445506408349 0.9777337894570813 -0.006622720769298293 13.94304267473283 -0.9777554026909152 0.20974831574764918 -0.00012864589858979644 -15.480218981676039 0.0012633230851009504 0.006502383788886273 0.9999780612692719 -1.0632189412739095
0.20792222082372677 0.9781257347428155 -0.006196541097637782 14.037995050551327 -0.9781446471520512 0.20792555787509168 -0.00010784311763372437 -15.928462894957354 0.001182935135949798 0.006083536486031083 0.9999807954397398 -1.072214993476578
0.20596371188017906 0.9785452385324114 -0.005307121074909549 14.133758520174702 -0.9785587890891386 0.20596761564921018 0.00019390769916659268 -16.378086659922822 0.0012828425294950081 0.005153392023130484 0.9999858983334254 -1.0886071304451204
0.20394474994544112 0.9789701340249534 -0.00490057719816377 14.229335827614932 -0.9789816323319945 0.2039483025565043 0.0002311729270513963 -16.82993610544294 0.001225775792491028 0.004750428560025715 0.9999879653786892 -1.0961391661730886
0.20209653422057608 0.9793542463464155 -0.004717098609806544 14.323270473221344 -0.9793648363172197 0.20210007091791923 0.0002805714432058341 -17.2827079527829 0.0012281047978758674 0.004563057991612259 0.9999888350678614 -1.1009881970549176
0.2000105490866605 0.9797798705506876 -0.005213973316825628 14.41299425716663 -0.9797929606635007 0.20001428515761585 0.00019991787510667279 -17.736236638081184 0.0012387446555885157 0.005068628668940793 0.9999863871648969 -1.0994886115220224
0.1985485878201979 0.9800715571903518 -0.006180700696708168 14.498649961117621 -0.9800905861078032 0.19855065517615036 -0.0002834642874984029 -18.19005609701131 0.0009493668871226566 0.006113928002373907 0.9999808591102651 -1.0902337235769952
0.19893204078631213 0.9799836153773163 -0.007626056688454591 14.58623257850012 -0.9800132308327802 0.19892864624133602 -0.0012087585797001608 -18.644385529966122 0.0003324775301410273 0.007714097264844035 0.9999701906367453 -1.0889718081214566
0.20168663830222874 0.9794175091063593 -0.007990168099513762 14.678133338503727 -0.9794500964059144 0.20167915464430414 -0.0017398943711642552 -19.09686149512437 -9.263266333805929e-05 0.008176884362089297 0.999966564431695 -1.096268297534102
0.20419781783563337 0.9789038351723544 -0.007108633908129783 14.774656061009793 -0.9789296397751557 0.2041916351265025 -0.0015926437354070971 -19.54687049295492 -0.00010752147943652186 0.007284066806338673 0.9999734650528987 -1.1131648619442591
0.20543295108779838 0.97865335033379 -0.0059095251776437605 14.875606218450065 -0.9786711777316248 0.2054281615050081 -0.0014129182869919987 -19.996665255659465 -0.00016877432270169448 0.006073741938782016 0.9999815404166708 -1.1282380874869653
