1.0 0.0 0.0 0.0 0.0 1.0 0.0 0.0 0.0 0.0 1.0 0.0
0.9999999974785619 7.083149573865737e-05 -5.076926223089545e-06 -0.0026153273370809194 -7.083113861318346e-05 0.999999995019829 7.030854923363403e-05 0.00479676219606362 5.081906257511022e-06 -7.030818945189024e-05 0.9999999975154663 -0.0010631734509529145
0.999999986056814 0.0001641208875576776 -3.083352329001509e-05 -0.005880176270181003 -0.0001641193709153115 0.9999999853228738 4.918419071934796e-05 0.009849855216033598 3.084159499050225e-05 -4.9179129655118074e-05 0.9999999983151048 -0.0011618462535782498
0.9999999447243935 0.00010662724018331698 -0.00031493148668837695 -0.009456981339453163 -0.00010654878161948552 0.9999999632894884 0.000249135263877132 0.014968348210541937 0.00031495803973270037 -0.0002491016945398288 0.9999999193748864 -0.003092469249037874
0.9999997666575329 9.622038477866973e-05 -0.0006763331406272677 -0.010474180513387332 -9.59460275753702e-05 0.999999913111203 0.00040567468105177164 0.018995467420773626 0.0006763721160354004 -0.00040560969491247985 0.9999996890007197 -0.0018457222600049977
0.9999994470242357 0.00018603532461496737 -0.0010350565593346512 -0.009743482611802357 -0.00018542674358618423 0.9999998099165909 0.0005880337625614885 0.023163368079159474 0.0010351657576394742 -0.0005878415102258442 0.9999992914368554 -0.0013319234244746903
0.9999992680426499 0.00021006702586052876 -0.0011915477367784907 -0.004193237387591142 -0.00020933132257870265 0.9999997874209239 0.0006175261173850414 0.027526067890926154 0.0011916772053552434 -0.0006172762371186055 0.999999099437337 0.0008482453651162403
0.9999987190778079 0.00017564273751286948 -0.001590909291174623 0.00629148875581953 -0.0001740814196491635 0.9999995031913155 0.0009814849886691155 0.031227498127948172 0.0015910808915073078 -0.0009812067837152712 0.9999982528458957 -0.00012245116448178495
0.9999972867514678 1.8221311016145127e-05 -0.0023294114465155415 0.02289980682053705 -1.4783865865851937e-05 0.999998911074688 0.0014756798014754333 0.03536775339444892 0.0023294357987810777 -0.0014756413598830049 0.9999961980984907 -0.0033575018108112226
0.9999951728772467 -0.00026772843673962305 -0.0030955683953577838 0.05089181413537447 0.0002744411551515004 0.9999976116372767 0.0021682716148080853 0.03930439038198763 0.0030949804940477604 -0.002169110699661109 0.9999928580017526 -0.005715124006636749
0.9999949239191596 -0.0004924277775509978 -0.003147959783626317 0.09189627140419321 0.0004992001888007435 0.9999975621216666 0.0021509416300233924 0.04232857207841256 0.0031468929258768514 -0.0021525021737881164 0.9999927318732392 -0.006926048104413468
0.9999946216269688 -0.0009155839334538288 -0.0031493528220559995 0.144439747051765 0.0009215797445099234 0.9999977648302213 0.0019028991925001712 0.043751883779605594 0.0031476035187901134 -0.0019057913377675932 0.9999932302528177 -0.013065632594818022
0.9999915276016804 -0.0024599815142192644 -0.0033004872078335134 0.21074851460035327 0.002464987170418788 0.9999958166722579 0.0015134319392066796 0.04683750006847398 0.003296750386220337 -0.0015215547754319008 0.9999934081322515 -0.018551495586065975
0.9999818557969256 -0.005090120965826892 -0.0032216060422414912 0.2892877975770243 0.005093595255507369 0.9999864538712505 0.0010711495578580954 0.04783532065359902 0.003216110121129272 -0.001087539679954869 0.99999423692996 -0.025795577120485122
0.9999624017501271 -0.007946288955885268 -0.003471538268355506 0.37985497035893667 0.00795071893008161 0.9999675934687636 0.001264152200369097 0.053528691717893595 0.0034613804491738205 -0.001291705895485506 0.9999931751473435 -0.03482561044446683
0.9999194623704715 -0.01215744087442128 -0.003642170250599038 0.4865879759013055 0.01216321484735373 0.9999247969395009 0.0015673768138253865 0.06203015786588634 0.0036228410573073116 -0.0016115510802808977 0.9999921389319963 -0.04510121361235749
0.999847839681307 -0.016994006823530215 -0.00393715845596127 0.6053890015844702 0.01700065042992471 0.9998541002799439 0.001660132026278176 0.0716627732742326 0.003908371730662195 -0.0017268136746570028 0.9999908713308077 -0.05589350429620203
0.9997468070063174 -0.022080228956197618 -0.004334209260881523 0.7391132313973897 0.022088685790069645 0.9997541847855479 0.0019131031999749877 0.08494068650395697 0.004290902089630293 -0.0020083558021605817 0.99998877727014 -0.06906538076473132
0.9996162228590336 -0.027270407160465103 -0.004871538806597901 0.8905551407976537 0.027282173246166903 0.9996249737313517 0.0023653573857034477 0.09943580449864398 0.004805207592588538 -0.002497355781305623 0.9999853364895379 -0.08221981897567644
0.9994230460876169 -0.033477697836306185 -0.0057287604708961435 1.0604944801082823 0.03349745388425381 0.9994330600943796 0.0033880634082241734 0.11630177867550812 0.005612088044944672 -0.003578007541473169 0.999977850919614 -0.097407810853352
0.9992102089197615 -0.03916323086697824 -0.00672307508430831 1.2521656159384134 0.0391922259229594 0.9992227084507649 0.004236548539020615 0.13595838370317553 0.006551932366347569 -0.004496694828374719 0.9999684254604686 -0.11577627058278478
0.9990382981311491 -0.04321446745650464 -0.007415434557118672 1.46674961136053 0.043251119843740214 0.9990524329987669 0.004855589717937655 0.15848082698753202 0.007198576212184575 -0.005171645936954882 0.9999607165178148 -0.13306530104116093
0.9989057535143272 -0.04612561647873291 -0.007728072232678302 1.705874882699496 0.046164744726278566 0.9989215081426812 0.0049635586337916995 0.17863606779294072 0.007490790367790591 -0.005314891759048066 0.9999578191030146 -0.14783562022159843
0.9988100632519933 -0.04812733520075397 -0.007887785051993786 1.9690650373960994 0.048164767731452555 0.9988286901085793 0.004626333900267821 0.19499595210000858 0.0076558928889721685 -0.005000742190496233 0.9999581890667326 -0.16556929461312825
0.9988134023652578 -0.04803111259007481 -0.008049812351854457 2.25526227570045 0.048069285382513684 0.998833330507411 0.004617539419495075 0.212857461404998 0.00781863532561558 -0.004999008985358536 0.99995693849826 -0.1843427196796142
0.9988663732579726 -0.04687046297367717 -0.008314329504026854 2.5644503151956837 0.04691028492024364 0.9988882325831302 0.004660898588847174 0.2290900177733211 0.008086627428658507 -0.005045642435519653 0.9999545729428145 -0.20880941009898873
0.9988696072634718 -0.046727610790406125 -0.008719981372780768 2.8976080059247513 0.04677417584393469 0.9988918779158011 0.005214662785648922 0.2464547542439945 0.008466649835796742 -0.005616638110798846 0.9999483832763042 -0.22787371800036182
0.9988612693991265 -0.046771216569898154 -0.009413702509708362 3.2522864686349457 0.04683285049903999 0.9988820009082051 0.00643679856435246 0.26516331099216683 0.009102121099181916 -0.006870339307135163 0.999934972800384 -0.24510180763391592
0.9988149317090068 -0.0473872966620977 -0.011098482337421474 3.6283886490533144 0.04748992279174134 0.9988295939771994 0.009173299765117039 0.28574395008584924 0.010650794729509826 -0.009689494847751253 0.9998963317570626 -0.24472690193262128
0.9987333805468491 -0.048879186376804606 -0.01193564914897705 4.0286707349425575 0.04900943222746462 0.9987391094298976 0.010875056226063263 0.3079009918849864 0.011389035701385046 -0.011446241056350791 0.9998696282173374 -0.2324387584988351
0.9986884763189268 -0.04981464453049834 -0.01182490837526732 4.4512532954586295 0.04994127409742989 0.99869519775854 0.0106663543706307 0.3309597756078538 0.011278138556904876 -0.011242916184629104 0.999873192173068 -0.232524460351859
0.9986359438207904 -0.050896713867478814 -0.011652305636839711 4.892786255488238 0.05101898581871183 0.9986430293910684 0.010448106750181865 0.3505364288207374 0.011104719500843319 -0.011028343761649446 0.9998775229190253 -0.2518621383052708
0.9985712480341065 -0.0521986894978516 -0.011435008277912054 5.354386449507988 0.05231771557383264 0.9985766534150161 0.010369372768227556 0.370039340313958 0.010877464628514199 -0.010952811017168091 0.9998808512488281 -0.2733001743664028
0.9985249317903185 -0.05359934889888389 -0.00866431709694038 5.831978862616258 0.053717079793389376 0.9984583291981243 0.013979992609604598 0.3987228660606451 0.007901641070767771 -0.01442479297978615 0.9998647355597078 -0.2626611565887484
0.9985008505052603 -0.05455860327210599 -0.004405717792715835 6.3247865657688305 0.054625760439315045 0.998363512881386 0.016921065083786352 0.4333432016405094 0.0034753182154519686 -0.017136363562323658 0.9998471219177292 -0.271959375174794
0.9984763226803027 -0.055181604682559 -0.00015346490695005094 6.829241464156279 0.05517487374495137 0.9983026893225153 0.018640649094571846 0.4673444506355216 -0.0008754165000381557 -0.018620714167187264 0.999826236228006 -0.2912446710944914
0.9984082795610151 -0.05624878335342154 0.004120882827089194 7.341487423684084 0.05615641037486868 0.9982242732679288 0.01986851359638667 0.494048693353422 -0.005231144982131118 -0.019605474490058273 0.9997941090505591 -0.2969235188797247
0.9984526125895641 -0.05548465567771106 0.0037193275468687453 7.860366642931583 0.05539616279868177 0.9982493619584606 0.02072381472396925 0.5233186288003331 -0.004862670074864418 -0.02048571047968119 0.9997783204820416 -0.352986156782918
0.9985919847211981 -0.053041256548004026 0.0008204598639981192 8.383632987850223 0.053019182814557274 0.998443829982763 0.017288279932757115 0.5479480520002569 -0.0017361751801445496 -0.017220437658946246 0.9998502098927543 -0.3700194666958792
0.9987023924231857 -0.05086978771507496 -0.0024075020311089654 8.913340706612274 0.05089939775105717 0.9985989800795335 0.014468182080052527 0.5694775329444799 0.0016681357217694425 -0.014571948460830608 0.9998924320352037 -0.3795634773741398
0.9987419866045947 -0.05005926506943409 -0.002917905724374229 9.455218649471577 0.05009067196583627 0.998673475697126 0.011925331066256388 0.5871761744105963 0.0023170617426308128 -0.012056488698497264 0.9999246333125061 -0.3634417619572142
0.9988353020964209 -0.048117313539519674 -0.003572593412578778 10.009945565169147 0.04816025280616043 0.9987536504772475 0.013104797137903204 0.606223865502578 0.0029375730797276795 -0.013261591010073277 0.9999077461787608 -0.3427305250200408
0.9989541570642749 -0.04558824755661313 -0.0035076728354675644 10.577829040603858 0.045632443336220484 0.9988634502748823 0.01376545749807029 0.6327999361101779 0.0028761431067184902 -0.013911124673495388 0.999899099115083 -0.3594109244846452
0.9989865853412269 -0.04489843619740639 -0.003151624232530172 11.158279255030669 0.04493618671199795 0.9989032685399449 0.0131529169390681 0.6541443870858163 0.0025576223450854934 -0.013281209555195461 0.9999085298369533 -0.38998435948424354
0.9990369438399066 -0.04386519188109863 -0.001014782860587367 11.75299145840254 0.04387258875501147 0.9989962057984321 0.00904305016454543 0.6694395629887053 0.0006170890967778172 -0.009078862350496623 0.9999585958725862 -0.38846628012499684
0.9990583820543475 -0.04338166023755082 0.0006170915523049073 12.358663419228856 0.04337788567191987 0.9990452627083982 0.0051886505517552035 0.6829364264986133 -0.0008415946673152696 -0.005156996698476965 0.9999863484585552 -0.3854051552027131
0.9989922064584136 -0.04476324856845966 0.003289834790652639 12.974765600898614 0.044757359487130485 0.998996188240316 0.0018424584301085201 0.6994019927889311 -0.0033690068404864174 -0.0016933572940235103 0.9999928911417276 -0.3784423325335219
0.9987204728771403 -0.04994415085788561 0.007937181561919627 13.603190737217918 0.04994198562578102 0.9987520094276369 0.0004708885436624306 0.7238489009754883 -0.00795079416262119 -7.388742152436995e-05 0.999968389206799 -0.3887737583055491
0.9982540088707024 -0.057772320057728595 0.012300114175056834 14.236079884650183 0.05777314682614743 0.9983296952089814 0.00028839167015622114 0.7594458142687789 -0.012296230291290445 0.00042272816135556756 0.999924309146214 -0.3961964610071289
0.9976899192624282 -0.06681315968465967 0.012281152025848684 14.868574282868144 0.06680517929683527 0.9977654763399062 0.001059359866176042 0.8063866970540607 -0.012324488680976098 -0.00023646809629652226 0.9999240226445205 -0.444473271382875
0.9968717950654198 -0.07809637929744317 0.012148240353150897 15.500878076082644 0.0780869315815355 0.9969457691190787 0.0012508204337976258 0.8586605705281602 -0.012208821369346342 -0.00029828879785180645 0.999925425071576 -0.4754098146175175
0.9956982891106636 -0.09211971001353253 0.009943645665503407 16.129647259492355 0.09214039391088569 0.9957446728094322 -0.0016414571552793315 0.920612635874203 -0.009750121642585692 0.0025506075096898367 0.9999492134750114 -0.48994566722232924
0.993902862136628 -0.10981931620384539 0.0098396354170068 16.759115676499235 0.1098522865856726 0.9939437692910167 -0.0028737813895653385 0.9922767828908916 -0.009464447607707758 0.003937165997971527 0.9999474600974759 -0.47729892132109386
0.9913257407225262 -0.13113890056064986 0.008710025297306814 17.387719975089986 0.13119491173687411 0.9913371899620929 -0.006202494048706373 1.0776270671506265 -0.007821183752449591 0.007291403007267001 0.9999428306292837 -0.4867190359240201
0.9876049442501181 -0.1567132993014559 0.008798631414883367 18.011366557514215 0.1567658955887438 0.9876196790023662 -0.005641243438372653 1.190964679409787 -0.007805643662237222 0.0069506452451648035 0.9999453787371098 -0.4779849048134782
0.982831678513218 -0.18429741218124518 0.00873816766772289 18.628803547729216 0.18433274832918572 0.9828579440276979 -0.003420490471351986 1.3250884058112802 -0.007957989966206691 0.004972496852849922 0.9999559713661167 -0.4892909213197806
0.9774750374026252 -0.21088995004608807 0.008245012085963115 19.239805827238253 0.21091506768123439 0.9775016945444154 -0.002295950309873162 1.47701089086859 -0.007575320439410726 0.003983231397161336 0.999963373523193 -0.4686888080215051
0.9714368929074638 -0.23715858870148193 0.00813430411385927 19.8471697571833 0.23718535348902609 0.9714612313474652 -0.002486780883321085 1.6426334909529756 -0.007312399645906274 0.004345088491268058 0.9999638238543578 -0.44082025681114245
0.964798150155528 -0.26296637634455977 0.003635157312414819 20.443089187572713 0.2629704190339723 0.9648036608602705 -0.0006743172300500327 1.8286203916580384 -0.0033298903243279 0.0016065188578704055 0.9999931654404417 -0.466044832521263
0.9576181215256607 -0.28803981740098666 -0.0007726042162171364 21.032308191460075 0.2880390455206842 0.9576181694398915 -0.0009745840828134294 2.029352795003381 0.0010205788564908143 0.0007107391976481703 0.9999992266340005 -0.48562652841093173
0.9494290398208677 -0.3139810657355058 -0.0006234616463493017 21.625131274169686 0.31398021783315316 0.9494288021480323 -0.0011715208953583481 2.245679728427807 0.0009597678233346159 0.0009165213352787965 0.9999991194168001 -0.4556945063354795
0.9406105477208092 -0.3394871987019538 -0.0004893197966455584 22.216204760459828 0.33948654024027014 0.9406102870174657 -0.0010848744735230088 2.4748506385819997 0.0008285602303256206 0.000854326887914538 0.9999992918065098 -0.4245239227842144
0.9314932319719998 -0.36375800671842146 -0.0006865410424217406 22.802373043160397 0.3637582141036515 0.9314933821235681 0.00020182202512888364 2.7276270530110116 0.0005660940599992425 -0.00043773079397061516 0.9999997439646044 -0.41342334286086974
0.9212600273380859 -0.38894564048215646 0.001118382295389938 23.388746325207368 0.38893384858052976 0.921248348144293 0.005651766959127904 3.0039749678427548 -0.0032285379619957466 -0.004771770252944292 0.9999834032379183 -0.4098032678265713
0.9102082429568236 -0.4141409641013993 0.0028664100578001442 23.972873546079047 0.4140931252841183 0.9101750920921 0.010401217600854395 3.297486415682946 -0.006916505323378285 -0.008280313297904929 0.999941797489138 -0.4178889174365668
0.8995108405878519 -0.43688810849640597 0.0030047161884118076 24.556468524572704 0.4368385977402861 0.899480187768412 0.010364908895599177 3.599481878213905 -0.00723098812347937 -0.008010771906943515 0.9999417684766558 -0.4401709810808092
0.8883978784914162 -0.4590649469338198 0.0029298444675389906 25.13529609945864 0.4590111649053867 0.8883634550418472 0.010914313460927598 3.9193118221826047 -0.007613145483678002 -0.00835142160184165 0.9999361448478014 -0.4513626977152018
0.876787760412577 -0.4808685210708486 0.0029476488657735455 25.71637971086879 0.4808115126559401 0.8767524610044052 0.011198724045033658 4.254435093737889 -0.00796947226665971 -0.00840164066499233 0.9999329477249647 -0.47875912557406886
0.8642400629171383 -0.5030578949570577 0.004676320172732573 26.29784729964019 0.5029355267053097 0.8641776505740377 0.015901076252876144 4.612419766640181 -0.012040333327527561 -0.011390459592119906 0.9998626344671808 -0.46761109200900886
0.8513576365136475 -0.5245477096951366 0.006314665746134059 26.876700456999348 0.5243394963762082 0.8512651541565992 0.020389454595353625 4.992138552237458 -0.016070696619755933 -0.014047689216990497 0.9997721716160274 -0.46937520837100516
0.8389039776061601 -0.5442455488609349 0.006074446610635713 27.452222916996032 0.544031949076504 0.8388068137416045 0.020793451004761255 5.385240199095416 -0.016412030361510076 -0.014139015726907641 0.9997653392140058 -0.4941418450508153
0.826504394466493 -0.5629113445436005 0.004615637734252977 28.024210242241953 0.5627749826455039 0.8264412021414091 0.01671102364982285 5.787409598622318 -0.013221377989166972 -0.011214169036819857 0.9998497074945264 -0.5302200047416291
0.8138374110727367 -0.5810924446160592 0.0004890281792864537 28.595085099187028 0.5810210610612264 0.8137500696028956 0.015011689597722066 6.206420639172867 -0.009121126121089942 -0.011932938926419728 0.9998871986513626 -0.564896834157474
0.8004395004802572 -0.5994134818553505 0.00028955304139909266 29.168413483709003 0.5993407728967898 0.8003497476357192 0.01519603247325461 6.6508084684013395 -0.00934045043879147 -0.011989963698546869 0.9998844917069747 -0.5499729914429611
0.7863631525554108 -0.6177644467851376 0.0002838861932662784 29.742368564902037 0.6176898645540041 0.7862751931252754 0.015183935691242411 7.114571103134468 -0.009603308303757555 -0.011764733914096527 0.9998846771030949 -0.5506226867798595
0.7721115576724252 -0.6354864788135768 0.0008232580309719345 30.317927930868834 0.6354126530611587 0.77204038158176 0.014297186327366788 7.5963131167398075 -0.009721257040491791 -0.010515914235942204 0.9998974510965325 -0.5546877141790504
0.7575039835124 -0.6528297028319422 0.0010459747638050434 30.888302781202295 0.6527566443908958 0.7574413730999566 0.01383219143879097 8.099029344639378 -0.009822329987824872 -0.009795173138651254 0.999903783579601 -0.5471962097316266
0.7422575433869381 -0.6701139750755198 0.0009998468267732458 31.45630082745199 0.6700388221567367 0.7421951032356358 0.013942938566425735 8.62522548597169 -0.01008543940579814 -0.009679315137761784 0.9999022926118649 -0.542564441937818
0.7265255367089277 -0.6871382610991436 0.0012863294498754512 32.02299802455999 0.6870637509381858 0.7264719990331578 0.013484686408226034 9.170167629309837 -0.01020032629688196 -0.008913178693314237 0.9999082500854897 -0.5427703903725307
0.7102335237447144 -0.7039643330268479 0.0015998672555523226 32.583043313574805 0.7038947891000092 0.7101920514265553 0.012624419527442208 9.736678755864265 -0.010023354080717865 -0.00784014774177177 0.9999190289500285 -0.5360374244025832
0.6934808271802694 -0.7204736842104137 0.001418694345560163 33.137450007136906 0.7204028391189198 0.6934378319503344 0.012795413609172218 10.322714957630737 -0.01020253511518183 -0.007851342579418849 0.9999171289146578 -0.5241092485499338
0.6760822604407984 -0.7368241441438662 0.0017198034548592943 33.6870287269392 0.7367513363054587 0.6760450323839349 0.012672120625034132 10.930890962092558 -0.010499789016362967 -0.007300328463201135 0.9999182264740204 -0.5398099516415679
0.657247470450707 -0.7536462932560999 0.006559515797528983 34.23614122635288 0.7535281084354158 0.6572663561058346 0.014011671175093983 11.561073551258728 -0.01487119308949344 -0.004266355905453304 0.9998803157495362 -0.5406501017780933
0.6365278792220203 -0.7711689826364352 0.011430625206534043 34.77404383848931 0.7710034844564325 0.6366289775792903 0.016036578887128252 12.209022620351293 -0.019643979463683396 -0.0013946776852470626 0.9998060656672342 -0.5703532655486926
0.6125741899264264 -0.7901344790985695 0.020984917813138444 35.29444855040931 0.7900001374149735 0.612896427759153 0.016054648062422187 12.875939828013847 -0.02554691214840466 0.006743424924629121 0.9996508798075344 -0.5884613020785479
0.5858400827170638 -0.8100410808937959 0.024996894736841004 35.788957375980914 0.8098885311115658 0.5862963648921394 0.01836136400787773 13.558459413790032 -0.029529047665426883 0.009487875351597338 0.999518892050218 -0.6168643137349378
0.559213869396011 -0.8286433788800215 0.025099779151460874 36.251089544333865 0.8285040851030182 0.5596788524531934 0.01845435136503236 14.251115220491526 -0.029339891662477604 0.010475340328135534 0.9995146011951274 -0.6905443905417489
0.5322715552697737 -0.8460546004992299 0.029641262199756106 36.69352659728985 0.8460014407100168 0.5328727769641002 0.018115349490445284 14.963729465843594 -0.031121596477147493 0.01543426527792212 0.999396432697283 -0.7046907959368922
0.5054154689165583 -0.8623631811187356 0.029748069359875846 37.109362603956434 0.8623291133896192 0.5060221922430785 0.018167034931403897 15.68600234854252 -0.03071976530742403 0.01647072579747554 0.9993923209686831 -0.7599423424670911
0.4779611228872599 -0.8778753108621828 0.02980106687663959 37.50081573061307 0.8778610049266128 0.4785704044658431 0.018177568557263872 16.421911589191026 -0.030219547276593553 0.017473023437221933 0.9993905504928342 -0.8107641889122257
0.4490900337846403 -0.8928316191335338 0.03420294476668739 37.87206140249484 0.8928765644662461 0.449868740969073 0.019737186371699276 17.173188967154317 -0.0330088197650088 0.021675234123428314 0.9992199968192318 -0.8094361893193985
0.41952878442875247 -0.9069462042531959 0.03800238974674545 38.21855075940447 0.9070278157031415 0.4204915769596032 0.022076576882059933 17.937212798816983 -0.03600195239893033 0.02520746509981135 0.9990337547484154 -0.8273652871484914
0.3897367005184367 -0.9199846849594316 0.04163512590480583 38.54157964966992 0.9200899017609411 0.39091101046767945 0.024963064168801997 18.710880197250795 -0.0392412658633538 0.028579036639578156 0.9988209858218867 -0.861889178626444
0.3609962079928319 -0.9316308614754542 0.041781284821202296 38.83542362544372 0.9317820218266448 0.36216824843065226 0.024827880081468384 19.48949773939021 -0.03826227404978444 0.029968279483303772 0.99881825204056 -0.9201655582155338
0.3325366195944354 -0.942325734563203 0.03796849494825943 39.09643032829909 0.9424653803661219 0.33351225618300756 0.02299090661714267 20.27121764250217 -0.034327881380339875 0.028138673665464343 0.9990144201182972 -0.9774400263102765
0.30432427090034875 -0.9519327025951282 0.03479752679308993 39.32789307387377 0.9521197743162053 0.3050990190601589 0.019558218850492616 21.0561936361295 -0.029234799418587584 0.027179372665213076 0.9992029864869758 -1.0213162278826091
0.27476854953229307 -0.9608912553109109 0.0344998500714241 39.538533015216295 0.9610988127950615 0.27552382309122175 0.019382852038269442 21.8515019151692 -0.028130343614310948 0.027831966804898772 0.9992167259368324 -1.0237771339596013
0.24572594807832665 -0.9687325524390905 0.03429286056691571 39.72830343081081 0.9689534048049779 0.24647255977355886 0.01950837244691809 22.653216295185043 -0.02735064456032068 0.028434470691831068 0.9992214084569156 -1.0564652434070378
0.2166680825874193 -0.9756277851492066 0.03471839329165747 39.89724002757511 0.9758806334601536 0.2174221230233056 0.01961146749903219 23.46181081908757 -0.026682039377036528 0.0296318285784404 0.9992046955002728 -1.1076647461215714
0.1883204313486788 -0.981611946419386 0.03119938754849387 40.034536266706674 0.9818609174173204 0.18889012734626223 0.0164212861721806 24.269140552599108 -0.022012586969344227 0.027540995585977338 0.9993782765184875 -1.1669042139981223
0.16158314305877142 -0.9864150710088864 0.029600600767402688 40.145060911310594 0.9867825256201077 0.16187156375250242 0.007605522936621223 25.069319579663087 -0.012293697981819906 0.02798043128442506 0.9995328711228463 -1.2109589967520624
0.13471631235468995 -0.9902386325243123 0.035762631921354586 40.24939276604747 0.9908837783396627 0.13459484378756897 -0.005793604157312559 25.86396935472093 0.0009235848012372302 0.036217104828918135 0.9993435186706008 -1.210593157157818
0.10769005412548134 -0.9935408953529247 0.03576788369149772 40.329610881213014 0.9941226887558572 0.10721241594715075 -0.015019239914749304 26.660659246907876 0.011087467848538087 0.03717508746584118 0.999247257153416 -1.2015192258562464
0.07736360456293404 -0.9964689830910104 0.03262573258343166 40.37907818771401 0.9969938828430609 0.0771819441017665 -0.0067930168707729865 27.496109229535744 0.0042509131448055446 0.033053188079934466 0.9994445539874628 -1.166277762768205
0.04342488495298347 -0.9985375781455954 0.03220224212624708 40.39509846338567 0.998821813678306 0.04409101606268388 0.020272316664801046 28.362208015041002 -0.021662499560713682 0.031283978866146395 0.9992757621293006 -1.1066616372387614
0.010907496225618358 -0.9994870878156955 0.030109596739209283 40.39155295861877 0.9992891717256764 0.011982103707821169 0.03574325758189156 29.225289661491388 -0.03608570074030067 0.02969832453935259 0.9989073188848135 -1.1745370650764606
-0.015447036878289563 -0.9994392408022422 0.029708466744809012 40.36601796783785 0.9992682034490348 -0.014390949444402293 0.03543949985322613 30.06810298074623 -0.034992093784723996 0.030234161452491404 0.9989301521396955 -1.2433298444204643
-0.03795242059647232 -0.9988273539809516 0.030058787571830035 40.318614395253284 0.9989612853540856 -0.03716403849894982 0.02636635367625573 30.89369679470684 -0.025218329338029057 0.031028232013257138 0.9992003225997973 -1.3055521222305462
-0.05945414860115557 -0.9978062471801308 0.029118676179108394 40.25386146272779 0.9981004116480857 -0.05894918203945691 0.017904251026518166 31.72097908912886 -0.016148451382510778 0.030127844682138177 0.9994155994844012 -1.3503481532588282
-0.08114755125063769 -0.996292492457531 0.028571741262899786 40.174393872002575 0.996580639660625 -0.08065680402319865 0.017930661404509857 32.56619100556177 -0.015559678006467877 0.029929073449278608 0.9994309115605802 -1.3439611441208343
-0.10124566778580762 -0.9945249689669263 0.025872782145512477 40.07539494804537 0.9946912479401856 -0.10071306451448235 0.02112344449463778 33.424626177218926 -0.01840206580311399 0.0278740872038002 0.9994420439609005 -1.364219561723553
-0.1187474552993205 -0.992645275191667 0.023545689618374235 39.96260996631869 0.9926895070717922 -0.11817009401558486 0.02456362004938557 34.289064947384475 -0.021600565027760695 0.026290426394733047 0.9994209468839819 -1.3876720534574445
-0.13291894795389286 -0.9908679281869123 0.022656172788362534 39.838501774576066 0.990891697399768 -0.1323546989812105 0.02481688299969284 35.153896181342866 -0.021591602512492498 0.025748447490656818 0.9994352506054478 -1.422599556017139
-0.1434352524145744 -0.9894537442573073 0.020189510642226766 39.705809783364586 0.9894762068528131 -0.14298598170744223 0.022177581187958553 36.0155500912668 -0.019056873745624252 0.02315808736412444 0.9995501681019765 -1.4697569720287675
-0.14963734353142405 -0.9885891326693641 0.017326055203158865 39.56904124619881 0.9885991676402883 -0.14929616653228703 0.019553526528826234 36.88192250917049 -0.01674369020880123 0.020054461518777187 0.9996586754544748 -1.5156066017244565
-0.15293085963888245 -0.9880956197132394 0.01670923318501396 39.43127400252435 0.98809139289987 -0.15259635534417754 0.019742127871351312 37.75890834374691 -0.016957341988871687 0.019529430078535536 0.9996654690012512 -1.541227893782752
-0.15648778880668812 -0.9875363813138981 0.01683649416754287 39.29579484005371 0.987531994115866 -0.15614662973171084 0.019969742637047844 38.64348323803039 -0.017091885558800573 0.019751597527503873 0.9996588127172029 -1.5800807488690465
-0.1602093191438451 -0.9869310314860907 0.01732377410597118 39.16002314710386 0.9869375477065732 -0.15985968276515894 0.019978957760072455 39.53111143849792 -0.016948480357289433 0.020298298353114527 0.9996503029047497 -1.6210619508539412
-0.1628259217854018 -0.9864929884297464 0.01786905072160391 39.02103224366173 0.9865143820958172 -0.16247049391720006 0.01981697566303603 40.42117359483567 -0.016646114046897392 0.020854792860594468 0.9996439288576161 -1.648257999036588
-0.16383811394757172 -0.9863270291488445 0.01777818856143969 38.87894570107254 0.9863566807421648 -0.16349663356923927 0.019218459013271485 41.31506976079524 -0.016049011602624258 0.020684351136782946 0.9996572346782875 -1.6668470198170007
-0.16444295053787056 -0.9862340366198342 0.017347652030062673 38.7324213206004 0.986260283778282 -0.16411501783872687 0.018892156081204235 42.21586346597577 -0.01578507713004415 0.02021598210207157 0.9996710185894451 -1.6861769424663182
-0.16507901408177122 -0.9861381496439283 0.016747206532677097 38.583182253347914 0.986152582084435 -0.16476052920848652 0.018895842483488898 43.12561694408212 -0.01587463253154309 0.019634608012319497 0.9996811882846461 -1.713510626496251
-0.1654819796236661 -0.9860769557626269 0.016369231312174073 38.43535492543646 0.9860813690465136 -0.16516614574480384 0.01907034134931846 44.0453774412491 -0.016101181298453053 0.0192971918611318 0.9996841352882826 -1.7557156628508293
-0.16594501982964685 -0.9859977539114605 0.0164523455866377 38.28636716131223 0.9860023251360975 -0.16562592849518443 0.019169419301005443 44.97187005726959 -0.016176069360867754 0.019403120668395404 0.9996808759240984 -1.7904869458585364
-0.166201977753748 -0.9859519798631052 0.016601084144565677 38.13720603487199 0.9859646191749276 -0.1658866963710332 0.01885135810399182 45.90378815095399 -0.0158326348408195 0.019501214606715073 0.999684465370385 -1.818552901513941
-0.16638299832734357 -0.9859184150867099 0.01678024614012201 37.98487666045751 0.9859422398252602 -0.1660745007711639 0.018361914986702796 46.84117343883415 -0.015316579121108833 0.01959946393473033 0.9996905838395749 -1.8414653983237652
-0.16657560236225186 -0.9858890700759713 0.016592474269995595 37.83065450237301 0.9859119485170205 -0.16627336749365124 0.018187826525290572 47.787282578277 -0.015172292807797791 0.019388366797360185 0.9996969004472791 -1.8627130044262261
-0.16682678255303765 -0.9858466589289286 0.016588842686626713 37.67570708731107 0.9858701005575277 -0.1665253208527015 0.018151097532021578 48.74299332847464 -0.015131736506871005 0.01938253320867111 0.9996976282640232 -1.8931332490337929
-0.16702280620492677 -0.9858162576482369 0.01642219120179856 37.51725473152937 0.9858340691146261 -0.1667207513129183 0.018313362732623312 49.70792983461897 -0.015315690658661058 0.019248304810898842 0.9996974204135803 -1.9277878666500414
-0.1675453676849426 -0.9857295399088191 0.01630410741125521 37.35879526774614 0.9857444732238237 -0.16724416959979382 0.018363584714960503 50.680209931338844 -0.015374761007093321 0.019148417324573945 0.9996984319473301 -1.9640171328507825
-0.1681976882482643 -0.9856170238244163 0.016389631339728646 37.19763092870721 0.9856382282304087 -0.16790078553958382 0.018072334271838537 51.657900488047936 -0.015060568341924785 0.019193972040812742 0.9997023410588405 -1.9993331101376208
-0.16926894836564485 -0.9854315354573332 0.016513995440315128 37.034985647930014 0.9854593535134503 -0.16897524947747694 0.017810885348543283 52.644605996187245 -0.01476095159747228 0.019288701102945886 0.9997049866424145 -2.0259293679537596
-0.1706154655908967 -0.985201687797858 0.016370621902209375 36.869464977275825 0.9852299886994077 -0.17032762902066625 0.017617268789058914 53.638670576119644 -0.014568193731172185 0.01913460614860116 0.9997107754640641 -2.0536851672586343
-0.17177379350266397 -0.9850106218268655 0.01574289534891802 36.69701147746763 0.9850301570863496 -0.17149862260072887 0.017430205865589944 54.64072942584185 -0.014469053050148098 0.018501279261603328 0.9997241365344383 -2.0829999396218977
-0.17313163195777354 -0.9847824547673834 0.01513125235982768 36.5220538015384 0.9847948613862981 -0.1728698694624771 0.01717816111202018 55.64991434918623 -0.01430101404803755 0.01787526263765511 0.9997379436546581 -2.1117799714385597
-0.17398093333591916 -0.984646926412077 0.01417974410291632 36.34421800503795 0.9846472956745748 -0.173737959199909 0.016876748911464515 56.66494304827125 -0.014154079141084215 0.01689827921158651 0.9997570255833995 -2.133860576046868
-0.1741686689816163 -0.984620955651852 0.013669251494415415 36.16744322879416 0.9846156015643267 -0.1739361050751232 0.01668377977070708 57.689622606846804 -0.014049622817487653 0.01636474999935428 0.9997673744707598 -2.1612652014885487
-0.17367199093276708 -0.9847074492295718 0.013757870374853924 35.99191842665793 0.9847068362167156 -0.1734422010480849 0.01643927016888039 58.72475185683589 -0.013801676475645038 0.016402509789613096 0.9997702092976539 -2.1874412671782686
-0.17363387923730877 -0.9847162463178973 0.013608461287244425 35.8167980299853 0.9847209628820681 -0.17341545931682276 0.015865173512156317 59.768248773959264 -0.013262776543349954 0.0161552687238073 0.9997815291606631 -2.203069819228982
-0.1737426962956774 -0.984699478365354 0.013431782864572233 35.64033434694946 0.9847014531887147 -0.173526711330047 0.015859651415923496 60.82336964557032 -0.013286217368527658 0.015981794704971596 0.999784006006325 -2.223058776469307
-0.17409684058511304 -0.9846456239200756 0.012778317312574249 35.46121641988883 0.984628604554117 -0.17387965092765062 0.016503880971225498 61.89071735301931 -0.014028584822261748 0.015455170278512776 0.9997821445292759 -2.2802077980314053
-0.1740419152403023 -0.9846647657528994 0.012029581218385953 35.27919715916328 0.9845619593411657 -0.17376663493971453 0.021045303514898195 62.97666760852513 -0.018632229007642834 0.015506632984974063 0.999706149013643 -2.300543931193138
-0.17381932559638466 -0.9847029805019577 0.012119498330935358 35.097733905420455 0.9846006148706749 -0.1735416447296579 0.021093286629549735 64.0673471896596 -0.01866738453905071 0.015599286365122592 0.9997040517169979 -2.368425500442944
-0.17387281188544734 -0.984689285600073 0.012460181037215403 34.91434432803978 0.9845945867907061 -0.1735907326652692 0.02097038853231337 65.16457411647325 -0.018486344947247366 0.0159144072201181 0.9997024490783922 -2.413023527232398
-0.17421225029178242 -0.9846197607503587 0.013191610523154703 34.73231939820891 0.9845451601623474 -0.17392407407465005 0.020524231001326228 66.26469798857325 -0.017914224772317702 0.016563308763568 0.9997023243714208 -2.4468028359382425
-0.17456918346450304 -0.9845493463770252 0.01371804407063346 34.5512417535421 0.9844852531520601 -0.17427305821729075 0.020437404574428553 67.37227171257618 -0.017730947822447458 0.017072953118320328 0.9996970179815228 -2.4735615605449
-0.1747404602218285 -0.984519258014244 0.013696793805864043 34.36748882540351 0.9844534961132339 -0.17444339718639315 0.020513779966730563 68.48547845019694 -0.01780689618985644 0.017068443900000705 0.9996957450499265 -2.5226648968726733
-0.17483368768494598 -0.9845062689875468 0.013438302523655698 34.178965446422346 0.9844338390356442 -0.1745390517821415 0.02064306092991188 69.60416597651309 -0.01797771431654959 0.016838222210966237 0.9996965920021624 -2.5734826651986284
-0.17479694841116888 -0.9845174322844005 0.013093981605638039 33.988192216609136 0.984439814388378 -0.17450903174452448 0.020611882169913266 70.72774622228066 -0.01800773925679099 0.016493130925770524 0.9997018045192957 -2.6206858405966984
-0.17486946367611125 -0.9845057061864773 0.013007119585441816 33.79669583211662 0.9844304749895832 -0.1745865774842647 0.0204001684830559 71.85469817013363 -0.017813213787383108 0.016371971433277042 0.999707281140817 -2.64675871342278
-0.1749647653104783 -0.984486042851985 0.013212203809503328 33.60553313765284 0.984426719528143 -0.17469007092878025 0.01968280970745698 72.98304577934309 -0.01706941062049522 0.01645024463504256 0.9997189728481335 -2.66212929176437
-0.17515983834785015 -0.9844470821050452 0.013526772151273065 33.413747626099024 0.9843992299050809 -0.17488592702713548 0.019314986154965737 74.11436456914338 -0.01664893967379504 0.016698953941409404 0.9997219402138838 -2.679174238273013
-0.175401716071252 -0.9844039807169985 0.013529255256751515 33.223224923106145 0.9843555482725621 -0.17512706080180487 0.019356320930585286 75.25097813764339 -0.01668510066815155 0.01671272938402958 0.9997211071555111 -2.718556954614235
-0.17549442386023498 -0.9843900668126585 0.013338049128325551 33.03084705967754 0.9843313268207867 -0.17521595545862367 0.019778978537176365 76.39473439166434 -0.017133190981723445 0.016600160038611207 0.9997154037292248 -2.7799284203604997
-0.17561267941211245 -0.9843762017352894 0.012793759686638642 32.83482403881439 0.9843095447421767 -0.17534443413642853 0.01972433894576154 77.54385391731955 -0.017172855300436968 0.016056863784593936 0.9997235968837804 -2.841744026511422
-0.17571174315486313 -0.9843609794645561 0.0126033894280395 32.6370997117421 0.9842935280922009 -0.17544881597708556 0.019594987319959893 78.69770117075522 -0.017077291158423515 0.015848504025132507 0.9997285586832392 -2.8824276024398174
-0.17590026249672444 -0.984328327153875 0.012523658253612702 32.43770674532085 0.9842628461097478 -0.1756416333656747 0.01940789521301192 79.85569455774738 -0.016904065237223546 0.015740425378884357 0.9997332102052824 -2.9104035696759776
-0.17608053257165798 -0.9842967626953983 0.012471126519054552 32.23692055528891 0.9842357999564282 -0.17582773148642436 0.019091854925318293 81.01713816381812 -0.01659928111191532 0.015636233168870316 0.9997399522270124 -2.9312460705773598
-0.17618577851314976 -0.9842861964622557 0.011800631491398908 32.03119038070037 0.9842220413945628 -0.1759505176689006 0.018665169840839196 82.18476837006006 -0.01629554180922993 0.014902979095697981 0.999756148533846 -2.9443510178880348
-0.1762432965003936 -0.9842795419574233 0.011492768281600575 31.82498569272521 0.9842141579257434 -0.1760160183660752 0.018462194265460433 83.3589489374469 -0.016149048802204982 0.014565183234486584 0.9997635038648603 -2.96963098599884
-0.1761304260732634 -0.9843039665119481 0.011125399773107019 31.617401668282945 0.9842340446370614 -0.1759097782908434 0.018414539881829277 84.53890476905447 -0.016168438039692635 0.014193357972219035 0.9997685383131646 -2.9990766361853636
-0.1762132782216695 -0.9842905451475169 0.011000150525855696 31.4097801750037 0.9842204690767994 -0.1759960429033697 0.018315598068927585 85.72317810705084 -0.01609188704407539 0.014054024888789278 0.99977174172698 -3.04009693961644
-0.176460307652043 -0.9842448340131387 0.01112953466277869 31.20491131075143 0.9841771931301992 -0.17624146352557324 0.01828111202166964 86.91463961146033 -0.016031604590016995 0.014179324836824048 0.9997709409667067 -3.0866955448943556
-0.1764455005216051 -0.9842442352465786 0.01141362035345219 31.0001910918968 0.9841824685415475 -0.17622375127305123 0.01816750127952782 88.11008004316167 -0.01586990740891818 0.014438658910949786 0.9997698090899217 -3.1249836161472975
-0.17651913821353438 -0.9842272862934486 0.011732125118679548 30.7965195945004 0.9841716983888162 -0.17629375336724656 0.01807154155524831 89.31013093545893 -0.01571820393191503 0.014736398445283417 0.999767861368843 -3.154392188049235
-0.17660136144612992 -0.9842095444231652 0.0119804758559151 30.58991589131457 0.9841591601615688 -0.17637350536491683 0.01797593044570257 90.51574370306103 -0.015579043791899809 0.01496526884666534 0.9997666398329612 -3.1895377574390142
