1.0 0.0 0.0 0.0 0.0 1.0 0.0 0.0 0.0 0.0 1.0 0.0
0.9999999996507868 2.6106178330156052e-05 -4.110253841700433e-06 0.0016263615311435942 -2.6105837365381778e-05 0.9999999962203109 8.293288704167191e-05 -7.77714054348011e-05 4.112418886903503e-06 -8.293277971109229e-05 0.9999999965526212 -0.0006489925475419295
0.9999999974697944 6.503073048165874e-05 -2.88342740008967e-05 0.0026615804033552903 -6.502847822786206e-05 0.9999999948355033 7.81043587593578e-05 -6.674583151122793e-05 2.8839353035486112e-05 -7.81024835127786e-05 0.9999999965341472 -0.00033105568367400307
0.9999999502925054 -4.162252828668713e-05 -0.00031254208104180035 0.0029660153072127438 4.1713780183807334e-05 0.9999999565079326 0.000291965912489027 -0.0001219878578105349 0.0003125299150892477 -0.00029197893528779966 0.9999999085366731 -0.0017704178277213323
0.9999997685307486 -9.420232953467521e-05 -0.0006738429866918555 0.0056890215885812 9.451065340007878e-05 0.9999998908609768 0.0004575431908215446 -0.0011351752468015675 0.000673799811514852 -0.0004576067702553261 0.9999996682948742 -0.00015902572628001543
0.9999994682190742 -6.631791839983316e-05 -0.0010291566949398709 0.010306879595093466 6.69875057398526e-05 0.9999997861183116 0.0006505966533786465 -0.0014667522341250128 0.0010291133286063291 -0.0006506652480437652 0.9999992587799716 0.0009573576641725839
0.9999992802793398 -8.684655864826353e-05 -0.00119661960453145 0.01980419453626847 8.767958743667925e-05 0.9999997538667869 0.0006961168413701346 -0.0015853981195100286 0.001196558854651525 -0.0006962212594737033 0.9999990417609785 0.003364458099970713
0.9999987070996238 -0.0001493099368440909 -0.0016010951327026285 0.0339175865906125 0.0001510322396307234 0.9999994100980346 0.0010756360193985095 -0.0024443104911910374 0.0016009335850673346 -0.001075876445692048 0.9999981397490397 0.002749748377616462
0.9999971914155688 -0.0003542916723717082 -0.002343424499715384 0.05430131936422811 0.00035803699466216703 0.9999986591022444 0.0015979997574887919 -0.0029510245112971956 0.002342855199416199 -0.0015988343020366484 0.999995977371109 -0.00014522186609153276
0.9999949589587417 -0.0006773751467034267 -0.0031021315278618312 0.08600660319619324 0.0006844947403025378 0.999997133183651 0.0022945787047062892 -0.003776457778051301 0.0031005683440337257 -0.0022966905303549202 0.9999925558165734 -0.0018884978276433456
0.99999458429498 -0.0009350140914476338 -0.0031554919362787046 0.13156401776182758 0.000942245308842781 0.99999693192236 0.002290921135057951 -0.004791247096125162 0.003153340211440776 -0.002293881975578913 0.999992397246601 -0.0028938310047654098
0.9999940346257333 -0.0013882821562345709 -0.0031628129256775993 0.18873274678214935 0.0013948029968505267 0.9999969045306787 0.0020604498691559575 -0.007132608142806196 0.0031599426495000516 -0.0020648490787485464 0.9999928755549936 -0.008996675030554721
0.9999901371776021 -0.0029544421301727084 -0.0033161452351388875 0.2590748415610886 0.0029600140394123228 0.9999942136674241 0.0016765883691339737 -0.00832247409451281 0.003311172663506958 -0.0016863876696933983 0.9999930960922836 -0.014256510073148584
0.999978932409434 -0.005627770952800392 -0.00323464548165416 0.3419599822794823 0.005631800404832544 0.999983375000071 0.001237961093875139 -0.01100128715180887 0.003227624744188449 -0.0012561518907507464 0.9999940022424879 -0.021326916410854782
0.9999573991362927 -0.008546083685038392 -0.0034877451495904906 0.4370314061780092 0.008551147504245528 0.9999624020526087 0.0014395685255728355 -0.00953695384651665 0.0034753113444419463 -0.0014693314219416467 0.9999928816127859 -0.030184787634405116
0.999911242892104 -0.012811314782812411 -0.0036573968206008427 0.5482877175816488 0.012817760450213782 0.9999163275465082 0.0017443975886093771 -0.004933172002988373 0.0036347427706214155 -0.0017911223972422285 0.9999917902290805 -0.04029077546995199
0.9998357966798622 -0.017684652611182038 -0.003953825940280315 0.6715376824221242 0.01769206242138883 0.9998417771887693 0.0018470287714247254 -0.00022749545122019432 0.003920536292639424 -0.0019166768185068163 0.9999904778272456 -0.050908299935093534
0.9997302741490637 -0.02281214107751764 -0.0043571974129698095 0.8093139221331654 0.022821490931406795 0.9997373327999681 0.002108306826841637 0.008029060086143625 0.004307957927356753 -0.0022071759032351785 0.9999882848678977 -0.0638539201040509
0.9995931383721538 -0.02809919509185931 -0.004898260354049819 0.964575278756676 0.028112059586414665 0.9996014547165143 0.002577563663620562 0.01755346416152581 0.00482388071124267 -0.0027142151388153332 0.9999846814882092 -0.0765699378277605
0.9993925303559269 -0.0343707928688957 -0.005763581034465391 1.1388244236390663 0.03439199259763161 0.9994018631377266 0.003620331753696394 0.029555185396947126 0.005635699951367004 -0.003816353548327744 0.9999768368975674 -0.09118256708678119
0.999170630359965 -0.04015592676969275 -0.00674929413617401 1.3346243219903613 0.04018668059983863 0.9991821258528005 0.004484426233870459 0.04360587471914984 0.00656369777153681 -0.004751938714623917 0.999967167936042 -0.10885231724507897
0.9989916966386638 -0.044275329398015824 -0.007435405416059009 1.5531759197223116 0.04431404765129865 0.9990045002160087 0.005125790565653678 0.060436384073999705 0.007201057405853899 -0.005450115123710807 0.9999592196771763 -0.12491488719199602
0.9988544006460004 -0.04722191998808443 -0.007744454968456999 1.7961602003550357 0.0472631549693216 0.9988687771921522 0.005230691445969478 0.07575173540099378 0.007488690971418423 -0.00559072654455514 0.9999563306886208 -0.13892065403609505
0.9987540281676163 -0.049274365578732784 -0.007901146484756885 2.0636959459341466 0.04931400019622681 0.9987712931099161 0.004902391681159446 0.08817916238514956 0.007649876051723931 -0.0052859205785131475 0.9999567682855309 -0.15614808045782913
0.9987567050487455 -0.04919565897229839 -0.008051786041272381 2.3546415743293028 0.04923607585375614 0.998775145830577 0.004900704605991854 0.10264247309148372 0.007800830385048101 -0.005291049932983955 0.9999555749311679 -0.17392199443376183
0.9988083572576576 -0.04809247941955206 -0.008305353426501828 2.668159515022611 0.04813457858938179 0.9988286157617131 0.004945571712715616 0.11501699003455351 0.008057779860592949 -0.005339453045297989 0.9999532801210801 -0.19714509203727595
0.9988100136054063 -0.04798842233356893 -0.008698738040806136 3.0064524638736203 0.04803744508804973 0.9988302991855739 0.005517000840411903 0.12881320974266974 0.008423810953491 -0.005928300835443429 0.9999469459217508 -0.21443289443343905
0.9987991770525778 -0.04808123000995394 -0.009402086992958443 3.366459207936157 0.04814602017143379 0.9988172256732245 0.006790466854261722 0.1450717159101308 0.009064472447150352 -0.007234985775855997 0.9999327428982866 -0.23042164990573932
0.9987507410374039 -0.04872415860234431 -0.011086642671695441 3.746925446649305 0.048830713981640315 0.9987613899894819 0.009552342033524716 0.16295530859636598 0.010607480816833964 -0.010081777361943803 0.9998929138242544 -0.2284386932297639
0.998664381079523 -0.05026719531842184 -0.011944163339149157 4.151935503363726 0.050402438459543224 0.9986650020865578 0.011305211399682177 0.18224939658499967 0.01135993663646973 -0.011892126903089018 0.9998647554331282 -0.214859940224431
0.9986157150573337 -0.051254122116734684 -0.01181814734095979 4.579085358141568 0.051385567071179535 0.9986171953280446 0.01110048160791306 0.20284149250162764 0.011232859711716335 -0.011692397581212903 0.9998685467107727 -0.21335635281005816
0.9985604293064081 -0.05236351706482353 -0.011624590487548683 5.025432938061549 0.05249028381867362 0.9985621465448693 0.010881617174939498 0.22143554898279222 0.011038076283318887 -0.011476130371722902 0.9998732216154546 -0.23148193630622618
0.9984916574530599 -0.05371144919373697 -0.011379377054578567 5.491513873973796 0.05383470262560312 0.9984912729431591 0.010816776301942466 0.23904153892527497 0.01078122394974456 -0.011413066277823401 0.9998767459683701 -0.2514422256390237
0.9984407446513714 -0.05515773399919466 -0.008585091734431049 5.973527940605615 0.055277912507841656 0.9983663756515905 0.014454492626411459 0.2646525795518587 0.00777378986015944 -0.01490652033123975 0.9998586719346076 -0.2391601120715873
0.9984129767562818 -0.05615059458889353 -0.004317241245629731 6.471477228119282 0.056217626979545465 0.9982668661960535 0.017402363974598583 0.2974489969682595 0.0033326058044610735 -0.017617451076402856 0.9998392466572495 -0.2476301016732198
0.9983854697531948 -0.05680186198586569 -4.754607782434163e-05 6.981165862995662 0.0567923641832808 0.9982025083233128 0.019141048757233565 0.3286475518059433 -0.0010397865956279484 -0.019112845209226834 0.9998167922133822 -0.2657901470195867
0.998312720112181 -0.05791226603135331 0.0042287474895294575 7.498909275713472 0.057814499842321336 0.9981184777810824 0.02042028207356259 0.3521893183229041 -0.005403375815049203 -0.02014134442124978 0.9997825412432041 -0.2704633129045053
0.9983561166488396 -0.05718634434458095 0.0038453049749071883 8.023008154518196 0.05709212541991677 0.9981421117514311 0.02127942582488976 0.3789474645331063 -0.005055053400659314 -0.021024908297148866 0.999766172495462 -0.3256706016464836
0.9984998942210943 -0.054745040987806616 0.0009704265584370973 8.551675134164245 0.0547190367983106 0.9983421214571088 0.01785596640877376 0.40154100449361174 -0.0019463433219936725 -0.017776079763814952 0.9998400985837265 -0.3423278815411356
0.9986132553419564 -0.052597070422122166 -0.002261512403081053 9.08624208002789 0.052625228925980504 0.9985009965503782 0.01504477212841991 0.42079051461645184 0.001466811449064158 -0.015142921478970532 0.9998842634991647 -0.35168161138403564
0.998654990958275 -0.05177226235870459 -0.0028003364776027074 9.633341708382265 0.05180327151551377 0.998579693657402 0.012450561247806278 0.43643910933375213 0.002151765418507584 -0.012578881721237575 0.9999185675044939 -0.3355759983989535
0.9987498730295677 -0.049866884133942434 -0.00346193445825717 10.192760499168127 0.049909723149427175 0.9986605042203287 0.013646129324961412 0.4531306376914812 0.002776807261736163 -0.013801854121023452 0.9999008941711502 -0.31458054505696936
0.9988742754457666 -0.047314762773236374 -0.0033904389695958853 10.766030110944765 0.04735867497922973 0.9987753240908228 0.014318096643456386 0.4789985876101187 0.0027088294346188464 -0.014462545107693073 0.9998917426562312 -0.3305025888462077
0.998907233521208 -0.046639879581225244 -0.003010058413724754 11.35130518334568 0.046676918867879814 0.9988160168590708 0.013705097985445473 0.4989481984727456 0.00236729043561959 -0.01383062176614355 0.9999015500725899 -0.3602758712197581
0.9989572582411957 -0.045647332525392485 -0.0008469005536037549 11.951259687504905 0.04565336378445599 0.9989112926240126 0.009591654883219655 0.5128449776368303 0.00040814506680114865 -0.009620317123199933 0.9999536403834262 -0.3577309245344864
0.9989779132034045 -0.0451937865901833 0.000806588749278834 12.561831012176668 0.04518843071396706 0.9989619851171015 0.005740907638958056 0.5245090379822965 -0.0010652048528217678 -0.005698591453248464 0.9999831955558468 -0.35394397989577076
0.9989087423362869 -0.04657256493072106 0.0035100826071282334 13.18294663939689 0.04656434947325169 0.9989124403003465 0.002387042385332385 0.5402787438203478 -0.0036174358692255873 -0.002220992793837587 0.9999909906337928 -0.3463285299683768
0.9986242221075201 -0.05179386173290671 0.008188950295430233 13.816216220304122 0.05178721401272417 0.9986576190937388 0.0010219054921858253 0.5632820744073335 -0.008230886036677758 -0.0005964166557125688 0.9999659478213428 -0.3557946710339789
0.9981391525458101 -0.05966812751215723 0.01256768532083541 14.45457936796306 0.0596622380192035 0.9982182657615961 0.0008433590340806189 0.5954126560574087 -0.01259561469998592 -9.197343860705067e-05 0.9999206678688208 -0.36257200886098606
0.9975538128834033 -0.06876171801992953 0.012578415509543795 15.091668602658421 0.06874665456210644 0.9976328241322694 0.001626560911880586 0.6398232764978665 -0.01266048531066036 -0.0007578580535604361 0.9999195656465988 -0.4102390028422326
0.9967074785388866 -0.080116577781133 0.012471414887333563 15.728958606085582 0.0801000255917265 0.9967851657032304 0.0018219040034476947 0.6895424417162784 -0.012577286068826556 -0.0008169446937758994 0.9999205690836268 -0.4398257545111912
0.9955007702503509 -0.09419057373761239 0.010312722721749962 16.363414827023167 0.09420663346259445 0.9955520781185089 -0.0010816494685291069 0.7496270088145784 -0.010164971352674457 0.002048309768510783 0.9999462374470467 -0.4535402580858158
0.9936621626589577 -0.11194083236987602 0.010235064643734896 16.99804427135397 0.1119698975022525 0.9937089130403426 -0.0023104539651476914 0.8197817146979978 -0.009912040822012594 0.003441829822820452 0.9999449511119239 -0.44050863823334435
0.9910376169424888 -0.13327147783470897 0.009118936380058697 17.631572727942263 0.1333258915262043 0.9910561903425101 -0.005642183313421409 0.9035207177427633 -0.008285436240402743 0.006807406227927813 0.9999425037304738 -0.4497935223075025
0.9872481522837337 -0.15892183912201763 0.00921601119942794 18.261255729137353 0.15897278433551298 0.9872698820408783 -0.005082701605761108 1.0153472444199352 -0.00829093800285071 0.006482982729737464 0.9999446141071884 -0.44062019317838413
0.9824057469833678 -0.1865344980086242 0.009155836756968853 18.88446287630201 0.1865673508719891 0.9824379862393401 -0.002868236846384832 1.1486192145676264 -0.008460016705542436 0.004525952570361878 0.999953970876004 -0.4515258481425959
0.976973814037043 -0.21318346863982493 0.008658832750633642 19.500424682949795 0.21320592727013138 0.977005719214505 -0.0017484847838084685 1.2995044991716682 -0.008086981068014748 0.0035543383136988236 0.9999609829470212 -0.43104494590861736
0.9708597400730168 -0.23949553567503037 0.008558825683562706 20.112834590625035 0.2395200416021896 0.9708894658786847 -0.001948003258514131 1.4650866818173578 -0.007843135612568478 0.003941248221015151 0.9999614751510375 -0.4032530012750627
0.9641068306280087 -0.2654835304720262 0.004063764821239882 20.714664772133137 0.2654863586257242 0.964114602492184 -0.00016323295961472248 1.6492364718279453 -0.0038745993428435377 0.001236248136050362 0.9999917295510473 -0.42862236127564646
0.9568547310069079 -0.29056652368855906 -0.00034505251881250195 21.3094141831177 0.29056633322174114 0.956854713368654 -0.0005133247235997679 1.8506825149906567 0.00047932010944522435 0.00039091654515886195 0.9999998087182338 -0.44870270856841665
0.9485711701749374 -0.3165638978380676 -0.00018357155431498803 21.908134194553362 0.31656369954467056 0.9485709880142771 -0.0007105126438534036 2.0657591943325313 0.00039905330264932565 0.0006158597196388805 0.9999997307366059 -0.4187598326820863
0.9396534383000129 -0.3421277737249837 -4.834197218294467e-05 22.50571263528727 0.3421276751833088 0.9396532579802255 -0.0006392502014007074 2.2942066480969983 0.00026412993991733916 0.0005841345231233113 0.9999997945111035 -0.3879493798778404
0.9304472212302098 -0.366425859497718 -0.0002408242840787156 23.09821964792139 0.3664259386337125 0.9304470181665205 0.0006147206191190717 2.546108391847887 -1.175294188577997e-06 -0.0006602093562317073 0.9999997820610962 -0.3770553337287662
0.9200996220655684 -0.39168131745973456 0.0015591753593656654 23.69065750057243 0.39166591164789333 0.9200875514113555 0.006058992563733993 2.82130690589024 -0.0038077720284617985 -0.004964200929444998 0.9999804285991432 -0.37323808617022214
0.9089318514292078 -0.41693151384824223 0.0033169591015169125 24.280289216876298 0.41687684462116414 0.9088986807386452 0.010811316767956127 3.1142315188931793 -0.007522358418189685 -0.008443986722308344 0.9999360545615286 -0.38077155272632873
0.8981409567886912 -0.43969392685202235 0.0034745399895465857 24.86809832447233 0.4396374898203486 0.8981107617103037 0.010767415874104966 3.417828753836904 -0.007854889124338705 -0.008143119156025851 0.9999359931151942 -0.40240057168451815
0.8869686531072024 -0.4618170676566278 0.003406527003370356 25.454214614479383 0.46175608280655656 0.8869349094882515 0.01130426124150255 3.7373334990227662 -0.008241868497978854 -0.008453540802696575 0.9999303021968948 -0.4135163961367088
0.8752496326743175 -0.48365921245959154 0.0034419044778911064 26.040087746508796 0.4835946851468981 0.875215332397254 0.011588892718475312 4.074182032778602 -0.008617482297193635 -0.0084786873826563 0.9999269227594278 -0.4400938928813443
0.8625903775671906 -0.5058767271922376 0.005155328675896763 26.62712372607476 0.5057436830773623 0.8625296858038617 0.016305463331015166 4.432716101234102 -0.012695178448284005 -0.01145766085908615 0.9998537665337967 -0.4285599639736632
0.8496108207525388 -0.5273663224038446 0.006798180229676726 27.210531266139842 0.5271442633047242 0.849521204949654 0.020800192446470748 4.814080501002903 -0.016744519255967562 -0.014088446867271297 0.999760539699267 -0.4297959125192549
0.8370177965670994 -0.5471362785844059 0.006565126560786791 27.79302905251017 0.5469081470550508 0.8369234911533727 0.021226131076225688 5.207033223152314 -0.017108095006908505 -0.014176128260525271 0.9997531447676428 -0.4541625452036978
0.8245200569847085 -0.5658095979817673 0.005116098282665036 28.370941322582322 0.5656616237852319 0.824459374726101 0.017136709220398883 5.610718299142427 -0.013914129745887769 -0.011235580000916697 0.9998400665783873 -0.4906297351108053
0.8117552486315738 -0.5839969100501555 0.0010126060217792371 28.94557993386908 0.5839150767583801 0.8116682415881801 0.015422345198100441 6.032290883885265 -0.009828502090536761 -0.011927893737832942 0.9998805558153692 -0.5252322367843536
0.7982782826905254 -0.602288244431187 0.000808705543788908 29.52287405265733 0.6022050205264565 0.7981889313164808 0.015605869940072943 6.4801875187811175 -0.010044731822774641 -0.011970820517056053 0.9998778939544435 -0.5105638455473267
0.7840783105565086 -0.6206613898255882 0.0008013080634831666 30.101682703741226 0.6205761486844522 0.7839907803876729 0.015610892066185262 6.947054023325197 -0.010317296100236989 -0.01174288920558854 0.9998778215133601 -0.5113423803965661
0.7697285982419865 -0.6383698578646846 0.0013452205178522102 30.680827187357664 0.6382859761513096 0.7696584857877401 0.014725077368061166 7.432470912470161 -0.010435405933316516 -0.010475677770146618 0.9998906752631912 -0.5156888347213601
0.7549789675446841 -0.6557471033494207 0.0015795613315419408 31.25570093701572 0.6556642171692831 0.7549178931168874 0.014262151862666285 7.93870994529343 -0.010544803883929596 -0.00973196284432513 0.9998970427050295 -0.5083525787837517
0.7396197974661634 -0.6730231978268896 0.0015265591936110669 31.82822478726498 0.6729380945432897 0.7395589030257393 0.014385752250545078 8.467897275521189 -0.01081092542543817 -0.00961270733099054 0.9998953543992654 -0.5039787223544072
0.7237389404318407 -0.6900714539390215 0.0018260780581457025 32.39823923180548 0.6899871992293816 0.7236874463529339 0.013933588581763903 9.016656561244242 -0.010936681497946653 -0.008824310151664972 0.9999012553988404 -0.504521879218159
0.7073091595441762 -0.7069010743184223 0.0021503377326525844 32.962048629306295 0.7068222974689291 0.707270137824612 0.013084033869636823 9.58667567816635 -0.010769987263407662 -0.007734550343252866 0.999912088188432 -0.4976759358914
0.690448939735802 -0.7233784845099891 0.0019569787252399743 33.51971574895769 0.7232985193586224 0.690408446719668 0.0132449458950504 10.176688433078283 -0.010932223530934848 -0.007729479035713349 0.9999103668042063 -0.4865186050586582
0.6729461614061109 -0.7396880000347464 0.002264167257627554 34.07138005213553 0.7396061756181158 0.6729118973637652 0.013125676129077626 10.789329372732466 -0.011232490210300431 -0.007158281280549066 0.9999112911517706 -0.50230445956816
0.65396546158324 -0.7564910438714998 0.00710461810523056 34.6231474970257 0.7563634174242192 0.6539911952006487 0.01448783566949138 11.423586674593642 -0.015606275615136353 -0.004100870911374986 0.9998698050342405 -0.5032603506818484
0.6330727476530812 -0.7739997622943713 0.011969300197924663 35.1632722342386 0.7738237307402801 0.6331847196848699 0.01655126885741609 12.076320494208069 -0.020389456151957475 -0.0012160287192009046 0.9997913739135782 -0.5330226376372569
0.6089127293763209 -0.7929452842581672 0.02151892600029829 35.686558236031765 0.7928017507544107 0.6092532473778295 0.016609170970077806 12.74785006974492 -0.026280639341926055 0.006946706579323089 0.9996304673545616 -0.5515764630360221
0.582002211462195 -0.8127869776415816 0.02550989669460003 36.1845289358577 0.8126239186055348 0.5824802397614959 0.018950915481232455 13.434742630847387 -0.030262068060493894 0.009700477495877881 0.9994949264368849 -0.5802554961947705
0.5552617796361133 -0.8312814585545513 0.025602592422383927 36.648244490210665 0.8311315321994981 0.5557488826461914 0.01906713458354344 14.132338914929703 -0.030078767578649915 0.010691870786875671 0.9994903459463956 -0.654242728374028
0.5281638306079897 -0.8486074044637877 0.030140357110047863 37.09238443833383 0.8485411318522794 0.5287928199944234 0.01887064061447957 14.849094446018361 -0.03195176978428395 0.015608542903621812 0.9993675288881946 -0.6672497182288492
0.5012016301875827 -0.864801327131804 0.03025872582203529 37.509235845605545 0.8647548490590391 0.5018371794373563 0.0189340001911949 15.576242429106657 -0.031559102113157975 0.01667662811915424 0.9993627535326728 -0.7224912925414599
0.4736317699288152 -0.8802009821410187 0.030317941092303013 37.90231294397102 0.8801751420792551 0.47427059953973155 0.018950400470424615 16.316428568756052 -0.031059069204690492 0.01770958639280138 0.9993606479994863 -0.7735984480766935
0.44456501558617817 -0.895073465919959 0.03471941132688722 38.275392564493906 0.895106234831864 0.4453787189295443 0.020557847402015956 17.071835162952905 -0.033864070664733334 0.02193826179769349 0.9991856371001981 -0.7723354901410994
0.4148352822764185 -0.9090819610262046 0.03849255402526139 38.62400943285084 0.9091497228855687 0.4158373686729406 0.022936089297474118 17.840100560382915 -0.03685742741618601 0.025480795747189616 0.9989956251617764 -0.7905546284255425
0.3849006831187561 -0.9219969744795238 0.042107519344086346 38.948635792607384 0.922086772379663 0.3861187808188927 0.025850943916820027 18.618390980809547 -0.0400929961111949 0.028876740632054414 0.9987785968438225 -0.8253609174682592
0.3560210291589799 -0.9335219973664869 0.04225762924560291 39.24405592367224 0.9336589507466638 0.35723795430018607 0.0257295102569047 19.40093454132295 -0.039115092831562524 0.030293967061071722 0.9987753927047355 -0.8837260974241445
0.3274043523401224 -0.9441017317881732 0.0384487984637985 39.50605207177548 0.944228424307829 0.32842201026284296 0.02390953583973618 20.186587500996136 -0.035200465876218376 0.02847636229364025 0.9989744861569967 -0.9410292730606133
0.2989838359269953 -0.9536057735913485 0.035280227148043804 39.73925810589207 0.9537830517865856 0.2997971990548003 0.02048242084245243 20.97553009212256 -0.03010906805349144 0.027525769964437983 0.9991675415108482 -0.9850790257264098
0.269292725329602 -0.9624233810720635 0.034966607647383005 39.951672557390225 0.9626211560940645 0.2700869197272764 0.02033631314575573 21.774910198351034 -0.029016166609072736 0.028183175088034914 0.9991815504287943 -0.9874909075335109
0.2401091663509781 -0.9701238332701856 0.034746745968394076 40.142359210445086 0.9703347502939911 0.24089532209763984 0.020491856025652403 22.580929263398808 -0.02824996648032816 0.02879569260546704 0.9991860424772006 -1.0201982624151475
0.21096264558491157 -0.9768610638441538 0.03517419669410306 40.31093146416728 0.9771049461145613 0.21175739089591358 0.020609019370612974 23.394314378066113 -0.027580544705965014 0.03002114831607966 0.9991686765544269 -1.0716741083801669
0.18250364175059922 -0.9826951517305436 0.031664799273710464 40.44791880922895 0.9829378944047967 0.183110281736223 0.017427577730378407 24.206079140154397 -0.0229241464581804 0.027943934722166074 0.999346596542674 -1.1312224743447872
0.15567245981945843 -0.9873489747561435 0.030134486916859826 40.55787684977363 0.9877203077768222 0.15599424460738803 0.008624920557981869 25.010442789780416 -0.013216612993503487 0.02842178209320924 0.9995086410049917 -1.175274466943512
0.1289256998418284 -0.9909897716011811 0.03629650812577389 40.6615522999008 0.9916542558784656 0.12883832034318468 -0.004745946615280697 25.809687692263097 2.68034110609967e-05 0.03660546124523839 0.9993297951570442 -1.1756055097711446
0.10102865566103622 -0.9942485602079174 0.03553886970343887 40.74358555165625 0.9948648174251603 0.1007432691811087 -0.0097359521520301 26.61552943778835 0.0060996544924833305 0.03633998127650844 0.9993208693787566 -1.1173902464923557
0.0705816366826272 -0.9969816240158548 0.03233997430270366 40.79205107135232 0.9975056608049752 0.07057149089086673 -0.0014564805080882963 27.454915903601893 -0.0008301958996127893 0.03236210821529186 0.9994758650045781 -1.0850292029672335
0.03624521157464836 -0.9988453088423038 0.03153305633171032 40.80802633197625 0.9989859201419083 0.03705757270517552 0.0255708361894003 28.32479756443551 -0.026709848298586664 0.030574258926595033 0.9991755594964159 -1.0305627489454592
0.003615373995537631 -0.9995621225606296 0.02936821773531586 40.802793382468046 0.9991417024779674 0.004822627188686318 0.04114122794020531 29.191618187732928 -0.041264845089996546 0.029194270141167857 0.9987216364686622 -1.1009342466651122
-0.022845221796131895 -0.9993194748606661 0.028960024262351603 40.7748944643742 0.9989302154255537 -0.021652186523779957 0.040860831227421186 30.03872093716762 -0.040205976557495846 0.02986251802728516 0.9987450673050392 -1.173429766417612
-0.04553199117509233 -0.9985295574819567 0.02942041152851559 40.725671193487045 0.998496453311534 -0.04459111740857272 0.031882047809729606 30.868735687653253 -0.030523278066391792 0.03082782968570534 0.9990585440368199 -1.2383015823888515
-0.06711669542528811 -0.997336995440862 0.028535359121127753 40.657941468626525 0.997512989825616 -0.0664567223533858 0.02348061292227665 31.700284703939655 -0.021521717504646664 0.03004033253856759 0.9993169637790814 -1.2862778802549717
-0.08890874874314728 -0.995646759305023 0.027977939207916493 40.57482674913069 0.9958191353370797 -0.08826278082891782 0.02353574338867152 32.54968555106902 -0.02096387591641263 0.029953500725967624 0.9993314283563989 -1.2836712835447666
-0.10902956575518158 -0.993717696426432 0.02525259590952326 40.47176066025336 0.9937530650325039 -0.10835432276815442 0.026724267547637896 33.41210407136358 -0.0238201496582085 0.02800857987096049 0.9993238313599313 -1.3081943635932554
-0.1265827581277759 -0.9916916121369385 0.02290309503084926 40.3544035768033 0.9915867134282431 -0.12587189407565533 0.03020026546872956 34.28078112494312 -0.02706649399792064 0.02653323762819754 0.9992814379361036 -1.3354307200587447
-0.14076941211849014 -0.9897977548258889 0.022008569999681326 40.226048147803 0.9896724060062727 -0.1400743308913721 0.030458342290562972 35.14980035447381 -0.027064763098336806 0.026068877362688547 0.9992937066906312 -1.3749383130536375
-0.15134591446217413 -0.9882871618199002 0.019567829658922602 40.089023468439414 0.9881753317408113 -0.1507773353602667 0.02785155077541046 36.01560177102403 -0.02457494485335771 0.023551664985947792 0.999420527686852 -1.426162116231494
-0.15761081163584037 -0.9873598708684724 0.01671279312595138 39.94796481678025 0.9872491080057312 -0.15716551700626094 0.025262600935834194 36.8863022462317 -0.02231660362554854 0.02048134914340901 0.9995411364920945 -1.4757733739262715
-0.16090373826323082 -0.9868390961075727 0.0160805909870698 39.80508752316414 0.9867125586620259 -0.16046821279272613 0.025461328750613108 37.76746107468892 -0.022545810953607248 0.019963744054771908 0.9995464648188106 -1.5061579919406565
-0.1644825038301573 -0.9862467523905956 0.01621262880449772 39.66434419905075 0.9861186768967108 -0.16403839025896264 0.025716951544238094 38.65610189928883 -0.022703766410935605 0.020217564646583946 0.9995377877151722 -1.5495451537226106
-0.16822765503123394 -0.9856066731044532 0.016701557252283873 39.52331793260445 0.9854896192097125 -0.1677713565725218 0.025748443520186258 39.547592418210165 -0.02257579483845976 0.020790811570867603 0.9995289268658802 -1.5953300372335575
-0.1708725586614417 -0.9851423921539927 0.017234728822599826 39.37965960105021 0.9850411620938112 -0.17040715389705322 0.025599040637900104 40.441604540901 -0.022281779044021798 0.021351090880861703 0.9995237131958665 -1.6276203856006997
-0.17191057318693198 -0.9849634748633953 0.01713791152836654 39.23260299659106 0.9848735096022492 -0.17145961449101196 0.025015408898174 41.339763785565395 -0.02170080436963972 0.021179088356385826 0.9995401549243157 -1.6512437507091011
-0.17252976182843732 -0.9848628524170391 0.016692609513912073 39.08110890872452 0.9847703288975678 -0.17209465544204738 0.024714952786930713 42.24463298823846 -0.02146813001636405 0.02070245147910414 0.9995551650091041 -1.6753145674302856
-0.17317188188690064 -0.9847604882387968 0.016071096024341914 38.92676244459229 0.9846553613127472 -0.1727498992053667 0.024724315209924276 43.158244855116195 -0.021571248499170463 0.02010604705580779 0.9995651194944721 -1.7079559876504242
-0.17358901715301747 -0.9846933755252214 0.015678307325186002 38.77375412551653 0.9845765559956725 -0.17317179758647286 0.024910517946667862 44.081906459369655 -0.021814181340370734 0.01976068615720808 0.9995667345280488 -1.7554100781617794
-0.17407642806984805 -0.9846063805940017 0.015737613669521335 38.61952053216552 0.9844886435419987 -0.17365577029142087 0.025015678710179574 45.012298680913034 -0.02189766944860321 0.019848141929706117 0.9995631762598494 -1.7956246573453059
-0.17435220954705652 -0.9845554958442787 0.015867659842418266 38.465249921452646 0.984447058900561 -0.17393472901825124 0.0247123099564695 45.94815195687953 -0.0215707034678049 0.01992951690742543 0.9995686665295994 -1.8290872320967584
-0.17456396642662375 -0.9845153255296215 0.0160310767790906 38.30805394854779 0.9844204381755379 -0.1741525311348829 0.024234207261560396 46.88936136520459 -0.021067095853171538 0.020011738970080996 0.9995777647465589 -1.857548288601863
-0.17476934225461033 -0.9844821323345544 0.015830607123203284 38.14850229033628 0.9843869726895643 -0.17436554003404478 0.024061306026721012 47.83902833232376 -0.020927613503836782 0.019788622049924924 0.9995851366594142 -1.8845650420305537
-0.1750211508397754 -0.9844376510294369 0.015814803013469908 37.98817782504043 0.9843429665949169 -0.17461830258203964 0.024028577121533386 48.798059748117815 -0.020893081961220902 0.01977269933524635 0.9995861741176596 -1.9207714216224354
-0.17525578332030728 -0.9843987419259821 0.01563736893850194 37.824837294802904 0.9842970924494738 -0.17485329060779725 0.0241983586042084 49.76609550206951 -0.021086588351311643 0.01963271907197348 0.9995848699002822 -1.9612522820639162
-0.1758025345655764 -0.9843034112127385 0.015500435970504208 37.66161009566364 0.984198189441566 -0.17540184381627558 0.024251125454181732 50.741588645396725 -0.021151660461116936 0.019518910338638142 0.9995857238871265 -2.0032346172116466
-0.17648751894933343 -0.9841794396278196 0.015588016838899694 37.49594501078751 0.9840819646743033 -0.176090275694852 0.023977105923673553 51.72246329136496 -0.02085287648916041 0.019571546172255108 0.9995909724095032 -2.044172872607279
-0.177578131775309 -0.9839813150801429 0.015709191205567817 37.3287996628743 0.9838918243292565 -0.17718317105462938 0.0237276613486104 52.71217499027001 -0.02056417110507628 0.019669658567666733 0.9995950276980242 -2.0765602045163485
-0.1789334402439601 -0.9837381425398186 0.015559269737300067 37.1589047295848 0.9836502232205891 -0.17854522648196144 0.023533815215374194 53.70935335980311 -0.020373078327707708 0.019515865668797174 0.99960195511347 -2.110119544287953
-0.18012285663099392 -0.9835306902403351 0.014937800187777673 36.98228360354066 0.9834349810984323 -0.17975065167601503 0.023352541060353567 54.7147594206075 -0.02028286150959652 0.018896681650702792 0.9996156866274137 -2.14525750587866
-0.18149027475661084 -0.9832887099524266 0.01430360265290238 36.803060705767244 0.9831868127575379 -0.1811354262681967 0.023100834840195626 55.72752856187526 -0.020123900925135985 0.01825569036551157 0.9996308110401837 -2.1796925717454747
-0.18238226922555725 -0.9831372678479322 0.013334933094276183 36.62043362914064 0.9830243562377711 -0.1820519655005354 0.02280782542701749 56.74620734121974 -0.0199955723962398 0.017268306977954413 0.9996509304045503 -2.2075175139412178
-0.18259227402211567 -0.9831050983728821 0.012822909992208866 36.43740080662605 0.9829871909426989 -0.18227526535356703 0.022625430004106918 57.774668259456355 -0.01990587626848185 0.01673598498813054 0.9996617742499121 -2.240532173067057
-0.18213015252999215 -0.9831897235184305 0.012906397915164463 36.25565942317688 0.9830774400006075 -0.1818152468864233 0.022404529932223055 58.81384331616555 -0.01968132366626308 0.016768529075987616 0.9996656750791199 -2.27223516044079
-0.18212497584907297 -0.9831925218890831 0.012765503254858004 36.07427765164377 0.9830884821978833 -0.18182188585145925 0.021859505833457485 59.86113314320825 -0.019171054792005295 0.01653078119130161 0.9996795506217919 -2.2933454598726812
-0.1822584364977889 -0.9831702620916981 0.012573705257928008 35.89119503279783 0.9830628333108696 -0.18195877704036117 0.021873939306467565 60.920144237707085 -0.019217910609319405 0.016347452294118797 0.9996816656892954 -2.319224116477234
-0.182627775508166 -0.9831101124418374 0.011899681824601088 35.705664759150416 0.9829790308801607 -0.18233067976759265 0.02253326575067149 61.99158371293986 -0.019983004349727225 0.0158123379067081 0.9996752720294242 -2.3825765060061843
-0.1825919450676716 -0.9831258923736977 0.011120312082617075 35.51683770122066 0.9828806212154765 -0.18223987965662256 0.02709816786834824 63.081357781913226 -0.024614346131582324 0.015877846426724608 0.9995709219246949 -2.408952756885678
-0.18239769819745716 -0.983160831593629 0.011218685858135773 35.32814734656134 0.9829148452700942 -0.18204182604432598 0.027187874468538233 64.17576611534392 -0.024687783212318976 0.01598601859632609 0.9995673867076295 -2.4827727759621725
-0.18236882241919636 -0.9831627244567066 0.011518239808738737 35.1382149189308 0.9829249146003234 -0.1820077903783698 0.02705136779412827 65.27664293051232 -0.024499487084119274 0.016254890969794305 0.9995676833772664 -2.534753805802141
-0.18271247942824634 -0.9830903424036199 0.012228186043156406 34.94955110165193 0.9828743457483163 -0.18234094761777322 0.02664205869812553 66.38060362449518 -0.02396185157712241 0.016886606958663435 0.9995702437419993 -2.5747104829680114
-0.1830664700840331 -0.9830179894076794 0.012739702973196753 34.76147973299675 0.9828124246131772 -0.18268374327307593 0.026577960224739045 67.49186189773039 -0.023799276395349952 0.01738627172831602 0.9995655616308852 -2.607764597922372
-0.18325387652079625 -0.9829834444142633 0.012710812230582463 34.57072129762076 0.982775053320321 -0.182870052171116 0.02667842930490163 68.60833837728036 -0.02390002743395118 0.017380794757264506 0.9995632529571513 -2.6629198751963563
-0.18335841158727803 -0.9829674143352392 0.012440066530130973 34.37489254844193 0.9827506458435947 -0.18297837071058518 0.026834379927624316 69.73028165954463 -0.024101057947532104 0.017145792696282233 0.9995624846894994 -2.7198020835093564
-0.18334745530469046 -0.9829739728072554 0.012078055174794187 34.17694971047295 0.9827514039433304 -0.18297639580995428 0.026820078743641552 70.857493061423 -0.024153440349363585 0.01678711886865209 0.9995673083686757 -2.773514891959816
-0.18344817683728581 -0.9829565056056304 0.011969732772053755 33.978834635139506 0.9827370683315199 -0.18308310891355428 0.026616343808281703 71.98821090588686 -0.023971252413015006 0.01664581983882348 0.9995740571561793 -2.806319314212522
-0.1835754156551941 -0.9829301786099138 0.012179111005973731 33.7810553081018 0.9827304895802842 -0.1832168291391735 0.02593025972653688 73.12011201156066 -0.023256216724158247 0.016728941928899326 0.9995895612128206 -2.8279535152819992
-0.18378277787050118 -0.9828878399610342 0.01246533653476548 33.582205306269636 0.9827008958736401 -0.1834232807315631 0.02559002412696726 74.25477822150873 -0.0228656906160763 0.01695270309990764 0.9995948009319963 -2.8516646857269765
-0.184029796717906 -0.9828415715652284 0.012469126799766892 33.384416959056495 0.9826534521633373 -0.18366918006494473 0.02564810413559732 75.39482241317873 -0.02291782868086049 0.01697284588552697 0.9995932650989213 -2.897837177733477
-0.18412482524566795 -0.9828261653885145 0.01227914312773458 33.18440133005464 0.9826240626518096 -0.18376069829078756 0.02611431142763473 76.54188624954296 -0.023409404646619083 0.016874074534081775 0.9995835459743878 -2.9653471068131627
-0.1842306447755523 -0.9828130319405808 0.011730889707907314 32.980158654972875 0.9826026448370779 -0.1838799022903588 0.026081102217366862 77.69438509718313 -0.02347577229333396 0.016331741531244344 0.9995909975253928 -3.0338605686988016
-0.18434198890906897 -0.9827944443078378 0.01153738976928391 32.77475489379483 0.9825837730341517 -0.18399770785772296 0.025960979817407907 78.85139162146648 -0.023391453461127414 0.016122150624037747 0.9995963766262128 -3.0815215169356382
-0.18453534550923337 -0.9827591390385845 0.011453422803662107 32.567580724384165 0.9825512881093239 -0.18419580831041174 0.02578508164786913 80.01268089435725 -0.023230852169058427 0.016011834279872204 0.9996018950914983 -3.1164882204248916
-0.1847254814609267 -0.9827239427393518 0.011408280582252683 32.35867260814651 0.9825223324612018 -0.1843917156664386 0.02548649463131411 81.17739035129138 -0.022942596061325024 0.015916895438567533 0.9996100688396384 -3.14423627940873
-0.18485680940934315 -0.9827068897731227 0.010729809291157279 32.145110806721874 0.9825042064833561 -0.18454491963912228 0.025073030887920844 82.34823724591172 -0.022659308407674803 0.01517700325548913 0.9996280379794731 -3.1644287779457874
-0.1849349144964485 -0.9826954505053015 0.010427317793429954 31.93121879222459 0.9824922909467655 -0.1846325295610832 0.024894321803547493 83.52556560181758 -0.022538314719023192 0.014848588621483038 0.9996357055375715 -3.1966179986542724
-0.1848372160740638 -0.9827177791339806 0.010048389321598307 31.716129445850374 0.9825098419976765 -0.18454392380480653 0.02485861147434755 84.70861921732126 -0.022574630267099632 0.014467437945079813 0.9996404750247118 -3.2332419278547726
-0.18491941329309403 -0.9827036129525155 0.009920669201340358 31.500942599992225 0.9824955522173877 -0.18463006369936638 0.024783652907199544 85.89586121281698 -0.022523331467482678 0.014329991920195888 0.9996436119293693 -3.28137350288779
-0.1851726426489371 -0.9826546330447552 0.010048112762020774 31.288212359501866 0.9824489143240148 -0.1848806487513503 0.024764419251234873 87.08999489344392 -0.022477169705719946 0.0144574504304699 0.9996428156942324 -3.3354169848702866
-0.1851770721526122 -0.9826509063825991 0.010327058363075022 31.07556638296674 0.982451376780652 -0.18488020651417242 0.02466985004180431 88.28827281361698 -0.02233258182105298 0.014714123308082458 0.9996423112116167 -3.381050430555569
-0.1852582383594132 -0.982632301269356 0.010636993092421925 30.86405758242059 0.9824391428699684 -0.18495561688957077 0.024591672125469276 89.49125602683579 -0.022197199753452735 0.015006008232709443 0.9996409875750629 -3.4179771225383484
-0.18536700289901936 -0.9826090928097773 0.010883242337362485 30.64955819063082 0.9824215313578103 -0.18506016642969272 0.024508560251371516 90.69976343714863 -0.022068279516427328 0.015235009962376546 0.9996403780913677 -3.460759259804757
