1.0 0.0 0.0 0.0 0.0 1.0 0.0 0.0 0.0 0.0 1.0 0.0
0.9999999988446551 3.530572667209361e-05 3.2622018008154396e-05 -0.004419791503567638 -3.5306909771918035e-05 0.9999999987190618 3.6267046903964745e-05 0.0025717993474899115 -3.2620737531922385e-05 -3.626819864471018e-05 0.9999999988102526 0.0005398421553437227
0.9999999888064313 0.0001356584963887498 6.311822447748382e-05 -0.009547112700912797 -0.00013566519734083476 0.999999985161132 0.00010617292519361376 0.0071476419150595105 -6.310382028149184e-05 -0.00010618148695153937 0.9999999923716998 0.000957055783866817
0.9999999670461825 0.00025420647036350144 3.587067328192253e-05 -0.014059715250944183 -0.00025421182205608895 0.999999956547633 0.0001492684892836298 0.010479663693323149 -3.583272670745959e-05 -0.00014927760311387656 0.9999999882161065 0.0003052813374345431
0.9999999489098956 0.0003186533350921117 2.530334854683287e-05 -0.01854819423967835 -0.0003186580020210187 0.9999999321807536 0.00018464984809395495 0.012928454974245274 -2.5244507540859445e-05 -0.00018465790177466716 0.9999999826320872 -0.00014603300234751482
0.9999999487334952 0.00031921963557609705 2.5136283781365944e-05 -0.02343295462722017 -0.0003192247941548889 0.9999999279349967 0.00020548852254200013 0.01524231742017429 -2.5070685998638634e-05 -0.00020549653613233755 0.9999999785713174 -0.0014334972483316805
0.999999947402893 0.00030869362135986554 9.951110978590703e-05 -0.028439836678388897 -0.000308717824553277 0.9999999227498176 0.00024329748143530746 0.017797040524178465 -9.943599771804356e-05 -0.0002433281894918956 0.9999999654519373 -0.00054494950832501
0.999999905794503 0.0004245855864502073 9.021123239827965e-05 -0.031066831628353886 -0.000424610539652029 0.9999998715521957 0.000276769728085502 0.025610384638876604 -9.009370837353402e-05 -0.00027680800665234336 0.9999999576302251 -0.0005533965528455864
0.9999998909914791 0.00044825596520819207 0.00013070432678341867 -0.033713063070001104 -0.0004483042486624771 0.9999998312040993 0.00036961476532988355 0.032532774070893555 -0.00013053862269767581 -0.00036967332034374014 0.9999999231506495 -0.0009305926001512421
0.9999998784524929 0.00047743336131194513 0.00012309502808747238 -0.03702139525846593 -0.0004774769738344679 0.9999998231677631 0.00035451400982308473 0.03654649110836533 -0.00012292574950496113 -0.00035457274177429595 0.999999929583713 -0.0007837756267130291
0.9999998392751387 0.0005283728325486352 0.00020560118569963438 -0.041845661308993476 -0.0005284493521755669 0.999999791067401 0.0003722988563144692 0.03955417421525953 -0.0002054044301415786 -0.00037240744629017685 0.999999909560853 -1.9530465700023925e-05
0.9999998282099323 0.0005418723831919729 0.000223504870106941 -0.04522349236894785 -0.0005419763064598766 0.9999997449379715 0.0004651727399877609 0.04178906286771805 -0.00022325274883812192 -0.0004652937944196811 0.9999998668299389 0.00034254215837514757
0.9999998221285762 0.0005274979302341857 0.00027836801150693514 -0.048299941315927075 -0.0005276396357666366 0.9999997311402817 0.0005092305779569234 0.044407637779594555 -0.00027809931858910504 -0.0005093773653755564 0.9999998315977204 0.0014355889994951826
0.999999783703742 0.0006205433513299801 0.00021798720034966736 -0.05129664644823784 -0.0006206427313493431 0.9999997033753427 0.00045612698802316036 0.04896510236513202 -0.00021770408911950836 -0.0004562621815360242 0.9999998722148677 0.002063418942807399
0.9999996828929785 0.00074739323663205 0.00027498598693484916 -0.05429436608146443 -0.0007475290255245779 0.9999995985662943 0.0004940319911487862 0.05284380266672989 -0.0002746166403773405 -0.0004942373944946196 0.9999998401575366 0.0029516566804654726
0.9999996835500602 0.000752843835487229 0.0002571496450705592 -0.05673097829897966 -0.0007529627350737581 0.9999996095279722 0.00046259163976277644 0.056227923434996 -0.0002568012853964722 -0.00046278511747575575 0.9999998599415076 0.00296639395936453
0.9999997266675809 0.000710321000546244 0.00020520438844552752 -0.06077807360990295 -0.0007104099885571799 0.9999996535204378 0.0004339085788579757 0.05927904017634572 -0.00020489610297052068 -0.0004340542395039419 0.9999998848072454 0.0022712434777362456
0.9999998103299622 0.0005931438820520352 0.0001658926649300909 -0.06337143859222827 -0.0005932137601141589 0.9999997352205025 0.0004214930154815096 0.06350754113009732 -0.00016564261500165374 -0.0004215913453484522 0.9999998974116256 0.0022173549744796683
0.9999996933252707 0.0007529880445292687 0.00021530994170093363 -0.06724198440353413 -0.0007530838428979657 0.9999996173316481 0.00044519802871468005 0.066818939185387 -0.00021497463051556285 -0.0004453600386220056 0.9999998777201645 0.0028229291385009764
0.9999995666055794 0.0009047082090932139 0.0002197537526890923 -0.07076164552133346 -0.0009048073423727629 0.9999994887667295 0.00045143100774568454 0.06989580136233281 -0.0002193452270051157 -0.0004516296469069516 0.9999998739591588 0.0038264380931826714
0.9999995775571998 0.0008770971058259295 0.00027492924736937345 -0.07392509465511399 -0.0008772079731556652 0.9999995338884804 0.0004033968217993227 0.07276686460610465 -0.0002745753010367843 -0.000403637821515086 0.9999998808424495 0.004813514700103258
0.999999590399764 0.0008371056864205479 0.0003441720161580624 -0.07637320106964762 -0.0008372555799945002 0.9999995546250733 0.00043560618735388957 0.07376969106191322 -0.0003438072144560018 -0.0004358941688704987 0.9999998458964245 0.006252834585318695
0.9999996563363647 0.000757635700482099 0.00033662338109079936 -0.07998248582563461 -0.0007577858960446867 0.9999996132974919 0.00044627951353339517 0.07565734645417022 -0.00033628513362584663 -0.00044653444861382453 0.9999998437596355 0.006657233142763147
0.9999995179345615 0.0008980248880424027 0.0003970918631776751 -0.0830736494163763 -0.0008981957880570708 0.9999995039955042 0.0004304103552651728 0.0778318414204861 -0.000396705147007226 -0.00043076681401819407 0.9999998285324745 0.008106057856330104
0.9999994717952981 0.0009261056889317182 0.00044579970889036154 -0.08656406361431845 -0.000926310840171636 0.9999994650816184 0.0004602007247688078 0.08038547705795185 -0.00044537327591464323 -0.00046061343079151175 0.9999997947389352 0.008852343585337138
0.9999994615580626 0.0009195710309562951 0.0004809082111216651 -0.08939622856477591 -0.0009197845920329999 0.9999994784095019 0.0004440462039947121 0.08174479995553946 -0.00048049962825891165 -0.00044448829686438566 0.9999997857751075 0.009381056283571276
0.9999994247217321 0.0009774871669435174 0.0004416730095813287 -0.09321495157742932 -0.0009776993225672536 0.999999406666902 0.0004803851388897268 0.08311510432690222 -0.0004412031772136583 -0.00048081668593686006 0.9999997870775126 0.008470294244755289
0.9999995007448258 0.0008773642376742919 0.0004782699000508155 -0.09624734594227946 -0.0008776533486782669 0.9999994320800281 0.0006046190731243972 0.08543136821728109 -0.0004777391572796117 -0.0006050385264445476 0.9999997028467952 0.007686032404657719
0.9999995084170615 0.0008816552294019656 0.0004537066182696384 -0.09845047442706756 -0.0008819394286375981 0.9999994147925624 0.0006265759171377195 0.09007084894786743 -0.00045315392882318886 -0.0006269757508793743 0.9999997007764172 0.0058465080393736435
0.9999994473476697 0.0009673710276452956 0.00041170092761381376 -0.09989849817272689 -0.0009676698588955872 0.99999926807589 0.000726266295294437 0.09637181252221622 -0.00041099805730755544 -0.000726664284500207 0.9999996515197461 0.002164579086366608
0.9999995043296246 0.0009249314995941186 0.00036856780921729315 -0.10221564574996145 -0.0009251915341584044 0.9999993228046117 0.0007059822564236766 0.10215274702830063 -0.00036791457439775175 -0.0007063229023060372 0.999999682873361 -0.0002925167328996642
0.9999994158366647 0.0010154092532988301 0.0003705001770340818 -0.10432835367013582 -0.0010156736451620676 0.9999992292202837 0.000714118959151689 0.10759943436963587 -0.0003697747684609818 -0.0007144948492549169 0.9999996763818126 -0.0006403056179272587
0.9999993782236455 0.0010579856390683434 0.00035244675256875413 -0.10781544553799538 -0.0010582169052248526 0.9999992245038536 0.0006566343550032515 0.11232003535400187 -0.00035175176952994343 -0.0006570069118352959 0.9999997223062661 -0.0008807639087568958
0.9999994186479365 0.001035380601398902 0.0003011491365349335 -0.1102588504420573 -0.0010355578449972045 0.9999992903502207 0.0005889983091756014 0.11459148896512311 -0.0003005390854009381 -0.0005893098241110722 0.9999997811950702 -0.002003619762506778
0.9999993422812583 0.0010955836043654897 0.000339313453489973 -0.11382824004546066 -0.001095782964882622 0.9999992268085192 0.0005879133114190693 0.1167386400234729 -0.00033866908295092254 -0.0005882847386395559 0.9999997696121323 -0.0009950119933574697
0.9999994184583981 0.0010298862328937206 0.000320026899861112 -0.1177542949794147 -0.0010300893175104434 0.9999992678004315 0.0006350705496177721 0.12028184010392001 -0.0003193726151215867 -0.0006353998365886902 0.9999997471340577 -0.0013862519678457669
0.9999993947986396 0.0010188736102406048 0.00041508905620081456 -0.12117974017516708 -0.0010191595377710566 0.9999992431541858 0.0006892059900588293 0.12633702427278165 -0.0004143865282471089 -0.0006896286149210778 0.9999996763480363 0.0004536960123992656
0.9999992749804492 0.001118769774134027 0.0004454130357892702 -0.12538187577278892 -0.001119063121126509 0.9999991567792764 0.0006588918512011431 0.13033438443515516 -0.0004446755119202205 -0.0006593898187936897 0.9999996837343271 0.001397902785061661
0.9999993789342512 0.0010443678675661596 0.0003891360597680427 -0.12922528562546642 -0.0010446119520861371 0.9999992574688255 0.000627572842055148 0.13379595238428238 -0.00038848035391158756 -0.0006279789484701725 0.9999997273626895 0.0007325706089580386
0.9999992982769706 0.0010820354076015559 0.00048233281816116753 -0.1325136725960785 -0.0010823337546970934 0.9999992228699213 0.0006187190007452732 0.13977382543086775 -0.000481662967459664 -0.0006192406116659958 0.999999692270877 0.003588980268219036
0.9999990502761276 0.001308384465648017 0.00043310153245400024 -0.1345352341015047 -0.0013086465996747694 0.9999989603946324 0.0006055193937189339 0.14620519662800815 -0.00043230883003093185 -0.0006060855954904703 0.999999722884624 0.002553134611517835
0.9999990969865734 0.0012540880783053427 0.0004830001388641088 -0.13726950447724984 -0.001254365166708823 0.9999990486564428 0.0005738067988112945 0.1512311837909749 -0.0004822800750993985 -0.0005744121392057579 0.9999997187282713 0.004119512763143263
0.9999990563938065 0.001267947644633053 0.0005286967666790342 -0.13980774299025933 -0.0012682610607949814 0.9999990199938301 0.0005928956619541998 0.15701891285177896 -0.0005279444878948524 -0.000593565628016329 0.9999996844771805 0.0040974484298683805
0.9999990441830753 0.0012644816408213207 0.0005592129470716097 -0.14180513141981765 -0.0012648317460660047 0.999999004062935 0.0006261579655199691 0.1630717169535192 -0.0005584206248790537 -0.000626864677315856 0.9999996476034777 0.005114816476222431
0.9999989466130692 0.001318248662590969 0.0006074481212835595 -0.14380211724879932 -0.0013186650847814587 0.9999988955113062 0.0006856373442874153 0.1679724726170804 -0.0006065436098518472 -0.0006864376426743507 0.9999995804540166 0.005466573718570358
0.9999987635594099 0.0014661268207586747 0.0005686403097853425 -0.14486981520244202 -0.0014665353909824235 0.9999986663327242 0.0007187535920270384 0.1727598232339468 -0.0005675857674895817 -0.0007195866344699624 0.9999995800206464 0.004562586887530445
0.9999987598564354 0.0014419557318835273 0.000633284504230393 -0.14499942210384564 -0.0014424383415040003 0.999998669149889 0.0007622795340320256 0.17990412205593004 -0.0006321844880802442 -0.0007631920625459491 0.9999995089402024 0.0052099836486057954
0.9999986075120921 0.0015314109373313492 0.0006631398208736482 -0.14569551610272935 -0.0015319315683638957 0.9999985182397649 0.0007853050047711942 0.18659852495806697 -0.0006619362135859824 -0.0007863197960693066 0.9999994717706726 0.0050554171264416276
0.9999985033748265 0.0016120905790039215 0.0006280223536530507 -0.14925435239128648 -0.001612636014884437 0.9999983221541457 0.0008689614393229951 0.19143208527521002 -0.000626620455378497 -0.000869972910279083 0.9999994252468032 0.0030064770011915404
0.9999981643478454 0.001765781198217554 0.0007438532816528111 -0.15191431421797674 -0.0017664590347246628 0.9999980243193257 0.0009115810056774418 0.20002779919139263 -0.0007422421594357791 -0.0009128933186816886 0.9999993078509414 0.005469280749927058
0.9999983555163995 0.0016451983048730624 0.0007630773483114425 -0.15430293521335336 -0.0016459294999135394 0.999998186016059 0.0009585826408455781 0.20858643638793534 -0.0007614989055655855 -0.0009598370359904459 0.9999992494158569 0.005923368800829887
0.9999983141378862 0.0016503189829697334 0.0008050892156165464 -0.1585190805916179 -0.001651121705682611 0.999998139476572 0.0009974169208907054 0.21612023755997656 -0.0008034416616507159 -0.0009987445396622207 0.9999991784950811 0.008501344358166116
0.9999981415314912 0.0017434338803165228 0.0008230260468651398 -0.16199887353634213 -0.0017442579067019296 0.999997977217266 0.0010015616493648657 0.22458911630604977 -0.0008212782255495321 -0.001002995357683745 0.9999991597508395 0.010821523368283403
0.9999980973818882 0.001782779898782794 0.0007917881292222704 -0.16601068901436944 -0.0017835524605950498 0.9999979330963367 0.0009760858982621102 0.23026714531236483 -0.0007900463463535765 -0.0009774962368095438 0.9999992101636254 0.009849407486838158
0.9999977930529291 0.0019190011661116653 0.0008551747196505565 -0.16955686562175465 -0.0019198834929088813 0.9999976243782558 0.0010321265544692565 0.2373427691346856 -0.0008531920360172937 -0.001033766112448388 0.9999991016950824 0.011976907679196944
0.9999973963495521 0.0021205618802250773 0.0008429184029468678 -0.17196170635756447 -0.0021215216749401592 0.9999971004546039 0.001139398162743411 0.24522921035048917 -0.0008404997945563786 -0.001141183465810929 0.9999989956296906 0.01136921307248387
0.9999968803266402 0.0023348604232649684 0.0008875605877261138 -0.17220794094381608 -0.0023359808616724566 0.9999964734425147 0.0012634460624239045 0.2559855441354659 -0.0008846074874845936 -0.00126551544543138 0.9999988079694135 0.010560648016943036
0.9999969812705526 0.0023183045318440803 0.0008141952377663936 -0.17128767504515463 -0.0023192932775877844 0.9999965716565307 0.0012155467424585043 0.27273603758490605 -0.0008113744389037555 -0.00121743143059335 0.9999989297655417 0.011421746605039015
0.9999976134416564 0.0021512960336599603 0.00038083641116629135 -0.16973705636117364 -0.002151675424466294 0.9999971865281833 0.0009986133337173855 0.29090576091499104 -0.00037868702678979646 -0.0009994303868150476 0.9999994288673545 0.015215606046349403
0.9999977998408619 0.0020917052344576305 0.0001583750388541449 -0.1629852020295699 -0.002091865749278124 0.9999972916198925 0.0010202208438936068 0.3150084351880452 -0.00015624060863486753 -0.0010205498985647102 0.999999467033245 0.019025821785067037
0.9999984633645309 0.001741574148231711 0.0002004696195515303 -0.15124648376074812 -0.0017417886464223416 0.9999979054610075 0.0010748236658193054 0.33977108972812947 -0.00019859731454979895 -0.001075171189914421 0.9999994022828298 0.02013305606574138
0.9999998305507681 0.0005302675079827399 0.00024023906805834558 -0.13770811827398455 -0.0005305429569747018 0.9999992003639424 0.001147952808459696 0.3594086368888194 -0.00023963015387950252 -0.0011480800710855187 0.9999993122445321 0.020246845979443095
0.9999994319046974 -0.000985809284446787 0.0004054261227318292 -0.12123270898262728 0.0009852310451674375 0.9999985007909626 0.0014239858211275247 0.37929907864869755 -0.0004068292933567108 -0.0014235855737652265 0.9999989039464181 0.018965818161961218
0.9999955782166616 -0.0029386936701329518 0.0004556606655173855 -0.10275317948079188 0.0029379360984900693 0.9999943156823923 0.0016544287199751712 0.39743332114764607 -0.00046051993460451905 -0.0016530827025319308 0.9999985276183989 0.017842968001045928
0.9999861628017791 -0.005236006914388178 0.0005083665713944274 -0.08005997665853937 0.005234863993758411 0.9999838246403479 0.00222410805341044 0.4154808174577454 -0.0005200037935283036 -0.0022214160481262065 0.9999973974500102 0.013987287608678026
0.9999687545371156 -0.00787679672161373 0.0006678494597456374 -0.05661409525692174 0.007875021124473513 0.9999655569166501 0.0026208820399827837 0.42868565280544857 -0.0006884706120113019 -0.0026155408207068007 0.999996342470526 0.01636715985480984
0.9999431490698437 -0.010634452918265591 0.000779127343828908 -0.02548349016952145 0.010631966632431598 0.9999385845839834 0.003128633201812717 0.44140633001419405 -0.0008123507958821553 -0.003120171680183057 0.9999948022939261 0.013916043628915811
0.9999126334591449 -0.013174940272732524 0.0010706995895805847 0.01333223402501138 0.013170950051394363 0.9999065899358515 0.0036520511504182156 0.4567950097097667 -0.0011187151312429587 -0.003637629952527746 0.9999927580361677 0.013125344566599487
0.9998772236239297 -0.01549784525039694 0.0023139729255856416 0.06110804873294218 0.015486994762787809 0.9998693234313873 0.004635628768809191 0.4701590849826104 -0.002385512800841145 -0.004599223136528351 0.9999865781475346 0.01651664139622383
0.9998364628647779 -0.017637097584316412 0.003997538599498344 0.11526729072750785 0.017615749675179898 0.9998307090314805 0.005314004233479997 0.4797912927980696 -0.004090585463546478 -0.005242715557165439 0.9999778902776549 0.020801486929893392
0.9997915546985044 -0.019693839670884266 0.0053851492614544385 0.16680259094799565 0.01966484826110052 0.9997921285149612 0.005384561486047854 0.4923756927636561 -0.005490072533084516 -0.005277540956415571 0.999971002912101 0.016959475207737842
0.9997449732635093 -0.021717395207731763 0.006192186991702651 0.21535101202172657 0.021684820291422675 0.9997509133254865 0.005280139561640696 0.49841107315881317 -0.006305315478049015 -0.0051445165227540935 0.9999668879250293 0.007823792519524017
0.9997162104978695 -0.022917626786155644 0.006502372664920881 0.26084571313420646 0.022882981468609776 0.9997238169899069 0.005353400998043574 0.5028214903116754 -0.006623264066175286 -0.0052030880858462344 0.9999645294946613 -0.00014680583522240498
0.9996834667532627 -0.0241898097705194 0.0069151575142908156 0.3011463629558744 0.024153094973967247 0.9996939856741519 0.005344437305622353 0.5085798260395489 -0.007042322298779371 -0.005175723157327388 0.9999618080639068 -0.00221878030970811
0.9996476966218101 -0.02558471361138739 0.007064351926164856 0.33726743173348933 0.025548013914350673 0.999659876799534 0.005237337317693976 0.513765875073801 -0.007195944951537898 -0.00505501202475868 0.999961331867229 -0.004516022221367641
0.9996220213370063 -0.026512183268035755 0.0072745169244730085 0.368744176921977 0.026475087884338507 0.9996362118140482 0.00514915056911211 0.5166516650329676 -0.0074083857647203434 -0.00495461082517289 0.9999602830372468 -0.0070367605381943255
0.9996025170776394 -0.027170845529507534 0.007520173220330278 0.39374764888979313 0.02713236128149077 0.9996184644619764 0.005173053061675308 0.52124848575093 -0.007657860232649307 -0.004966956804713413 0.9999583423906996 -0.010003504484443856
0.9995882763015354 -0.02767500649491155 0.007574423808871518 0.41163440415372127 0.027636918097356637 0.9996050791529684 0.005087876735437813 0.522586065231904 -0.007712239532703646 -0.004876448205570494 0.9999583699406126 -0.014752117147787291
0.9995771661304627 -0.028046887428910698 0.00767209594231271 0.4223956503834678 0.028008466207446566 0.9995948265476879 0.005070360915284326 0.523780581203892 -0.007811195254528175 -0.00485333335501799 0.9999577142979792 -0.016650383211275016
0.9995787474791665 -0.02800000435952045 0.007637234044663169 0.4258457417172225 0.027961468141655836 0.9995959568085021 0.005106802469847936 0.5252370838228828 -0.007777138763664453 -0.004891102940003871 0.9999577957217393 -0.017994705574118433
0.9995848640449531 -0.0278787042447218 0.007271686315659653 0.42167879463522623 0.02784243276156071 0.999599605954836 0.005042490739863084 0.5270745577587537 -0.007409352883753912 -0.0048379359833470355 0.9999608471661596 -0.018282527889828037
0.999577862381298 -0.028266202072658148 0.0067170572148738394 0.41578778371942016 0.02823369638823782 0.9995894092710136 0.004885822498794115 0.5299972566970943 -0.006852402899497359 -0.00469411265529188 0.9999655043454652 -0.014208999650114768
0.9995713228186023 -0.02863239697540729 0.006111991665368225 0.41529716086426915 0.028602782138741643 0.9995789493840495 0.004879016520808089 0.5333624436368198 -0.006249116145386154 -0.0047021050317196025 0.9999694189102335 -0.012151731397104584
0.9995645827427039 -0.028875535169266178 0.006070287892460302 0.42325563849235576 0.028845917733563237 0.9995718043546922 0.004911310336410536 0.5376263480570957 -0.006209505335965154 -0.004734068841969152 0.999969514853168 -0.010328914659243932
0.9995428426884055 -0.02952048862245582 0.00653041973213365 0.44155052882761586 0.029489080580657894 0.9995533135697419 0.004854632660027658 0.5407489530328355 -0.00667081381046193 -0.004659837255505593 0.9999668925318758 -0.010747927530754403
0.999511168674483 -0.030429621043752807 0.007173692083467805 0.4672307414367135 0.030395506723808124 0.9995263402242313 0.004817506509033837 0.5452629837302791 -0.007316889091529787 -0.004597103554983743 0.9999626641894811 -0.011276826604363618
0.9994799536670468 -0.031282723677458935 0.007823900372805975 0.4992344990361455 0.031245786272067234 0.9995002073249302 0.00479962474254023 0.5503520645914486 -0.007970135379285506 -0.004552664796430656 0.9999578742053513 -0.011489632745658104
0.9994523898900723 -0.03198352400567202 0.008483780714220079 0.5381563831321234 0.03194202002228919 0.9994772999944125 0.0049833876812950696 0.5559473805260222 -0.008638732541527572 -0.0047096696343807525 0.9999515944844575 -0.011943979474319716
0.9994184844815869 -0.032806763929719956 0.009295650434106094 0.5846216622556774 0.032760016338254094 0.999450042854937 0.005137428032495837 0.5603680121131505 -0.009459080613399808 -0.004829914878274173 0.9999435972674737 -0.012569103990629715
0.9993805761860296 -0.03369631423700722 0.010149992557942352 0.6394619709604488 0.033644206736439926 0.9994200236578782 0.0052615268477230305 0.5656096716759512 -0.010321399864413298 -0.004916779284702945 0.9999346448575035 -0.014061367704852487
0.9993679067208697 -0.03378025230983468 0.011076171280549598 0.7000414865901173 0.03371930739222617 0.9994154074056657 0.005643735391010343 0.5708597838339856 -0.011260343038323607 -0.005266687199662674 0.9999227303549998 -0.018143479859877937
0.999317335562144 -0.03377270279164514 0.014975559793547701 0.7667648925588685 0.03369387613228949 0.9994171478473662 0.005485189133139475 0.5744139399425081 -0.015152080918634502 -0.004976859932887856 0.9998728145664535 0.002542287279763869
0.9992542155097859 -0.033915718894482194 0.018459057337755193 0.8317774063027814 0.03381858254393394 0.9994125817917836 0.005549309056946188 0.5792487700937459 -0.01863642295740232 -0.004920911314060006 0.9998142169279207 0.014287109412909615
0.9992318201212469 -0.03428651515372529 0.018979055187210353 0.8917569968117531 0.034188577088402346 0.9994004793525064 0.005461049959429661 0.5850472289696687 -0.01915491722394478 -0.004807987999400954 0.9998049671798702 0.0027991491216401293
0.9992308018310896 -0.034276601733452164 0.019050439512254783 0.945346051147153 0.034180539253550545 0.9994013786562121 0.005345566051223288 0.5891791782993971 -0.019222263351131693 -0.00469029995605886 0.9998042336767643 -0.005669699667264813
0.9992238516205268 -0.03448876191866512 0.01903206909306731 0.9934330084720087 0.034394285734785715 0.9993944501963871 0.005269347726641556 0.5931852546322635 -0.019202277506576295 -0.004610663508431478 0.9998049881454747 -0.01098238935209632
0.9992149357747498 -0.034671773127829174 0.01916716653136588 1.0369060390042617 0.034578768624078264 0.9993886408129642 0.005162690622861521 0.5954336255439379 -0.019334448146022355 -0.004495860562480179 0.9998029637647068 -0.015402788686855032
0.9992036194649507 -0.03491506164104083 0.019314898880151317 1.0764978378092362 0.03482198651031485 0.9993803413824165 0.005134443869497304 0.5975022383900671 -0.019482199660808282 -0.004457771750088587 0.9998002661368923 -0.019841158646234744
0.9991992787909214 -0.03500333273060416 0.019379575884381692 1.1109427066764317 0.03491225925901024 0.9993777828014431 0.0050181068454624 0.6024691684862753 -0.01954316804255497 -0.004337503963276603 0.999799605242085 -0.02404767078006935
0.9991931415835208 -0.035118332191578915 0.019487651385978404 1.1408577353634897 0.03502999659353864 0.9993744636492023 0.00485600087878175 0.6047307070068499 -0.019645995803628295 -0.004169430411935366 0.9997983050090271 -0.02682628115425896
0.9991868344443227 -0.035308389329435905 0.01946760170387802 1.1631107906695135 0.035222958688207594 0.9993683611331183 0.0047140160545215935 0.6071181588324741 -0.01962174952415499 -0.004024476248462955 0.9997993751431014 -0.03064234028648713
0.9991942842742111 -0.03523554608131849 0.0192155813366182 1.1776845916782543 0.035153880317603574 0.9993714558255655 0.0045714308168984304 0.6105818072118705 -0.01936458035611693 -0.003892245296659231 0.9998049126975629 -0.03345818307249858
0.999202467867485 -0.035217116485569716 0.018819747978525213 1.1873706390804735 0.03513859089124166 0.9993723755977022 0.004487128524065258 0.6115957644157727 -0.018965959973366375 -0.003822250469990906 0.9998128238643635 -0.032693016431478386
0.999212396016831 -0.03516335864992283 0.01838819879070983 1.199156378161184 0.035088525707641545 0.999374624650391 0.0043766389573534565 0.6150185726820894 -0.0185305965898009 -0.003727977113092692 0.9998213436292857 -0.02969487418465007
0.9992190685427702 -0.035096417265454094 0.018151984895700423 1.2158306449942256 0.03502004648709532 0.999376441432282 0.004508287280001055 0.617814558968679 -0.018298890801528928 -0.0038690832617653765 0.9998250750957123 -0.02741102602987555
0.9992296806994763 -0.034797458963971406 0.018143375068578358 1.2397111195454968 0.034718324743548204 0.9993862794185371 0.004658587445096731 0.6217404673540845 -0.018294347111332248 -0.004025091257699678 0.9998245423593765 -0.028048225264060048
0.9992246099092966 -0.0347725622049645 0.018467481401677876 1.274012974712861 0.034684666768850854 0.9993855027844841 0.005058726652660618 0.629816548110407 -0.018632038072986353 -0.004414265727665401 0.9998166639016033 -0.03150634324026268
0.9992087502362144 -0.0349276487916403 0.019024531565220854 1.316019379095493 0.0348253950752481 0.9993772709818128 0.005679973838467966 0.6367977244434291 -0.019211072568733337 -0.0050129427326296005 0.9998028831204268 -0.03802748322298065
0.999201402488723 -0.03476859139181601 0.019690157876555637 1.361523378262762 0.03464948199973206 0.9993792989280431 0.006358480262753858 0.6445062344289816 -0.01989901157658312 -0.0056711486253248925 0.9997859107886768 -0.044943553728375274
0.999190614594554 -0.03461370701293331 0.020494072142585137 1.407268920487402 0.03447676241134096 0.9993809967673567 0.0069982965016622 0.6502538835940693 -0.020723623230376857 -0.00628606292650995 0.9997654809269466 -0.049084405092764
0.999189341027952 -0.03428583013963423 0.021098403441228385 1.4474794943818117 0.034131674917970825 0.9993882659120396 0.0076238261148173295 0.6575629465939186 -0.021346886035828412 -0.006897521944231777 0.9997483356563299 -0.05281545574589944
0.9991852009643651 -0.034107204177609624 0.021578526293378458 1.4859117476618884 0.033938551847566945 0.9993908177315151 0.008134379658731648 0.6641836550660833 -0.02184282198565888 -0.007395407840628273 0.9997340641743548 -0.0558034867642104
0.9991694527547379 -0.03431520112030593 0.02197434080640144 1.5187397097601885 0.03413649967460273 0.9993814021294471 0.008456504464333518 0.6683837238187728 -0.022250934177439976 -0.0076993538600587455 0.9997227695108123 -0.057643774650611726
0.9991593340080983 -0.034474802295321426 0.022183626195862408 1.5458902076725942 0.03429392466749263 0.9993757863618858 0.008483181270723951 0.6736039455478858 -0.02246223487099152 -0.007715286143113754 0.9997179213979961 -0.05876038514595702
0.9991517857033257 -0.0345350445167539 0.022428549353142944 1.5653503405784233 0.03435092906524458 0.9993733179754433 0.008543125371753734 0.6786712086378897 -0.022709530999451975 -0.007765437462808944 0.9997119461038743 -0.06029696676914738
0.9991448440703812 -0.03464753723991818 0.022563881110919344 1.5776157019432697 0.03446361433362021 0.9993698927111436 0.008489807394123338 0.6829142107782742 -0.022843814362813908 -0.007704914388512509 0.999709354982548 -0.06220400800980999
0.9991407528371969 -0.03476433009364827 0.02256540212504023 1.581026216997793 0.03457928318912984 0.9993654726523448 0.00853962788942408 0.6869837860095189 -0.022847958203105746 -0.007751994808030299 0.999708896320546 -0.06226160495240918
0.9991433221041286 -0.03472134911489635 0.022517766549393817 1.5776249543687788 0.0345358058798872 0.9993666545789359 0.008577168993370929 0.6914733449309727 -0.022801315904093296 -0.0077921519078866285 0.9997096490289994 -0.06013635440817408
0.9991531033425581 -0.03454818286452288 0.02234947743687579 1.5680600311434394 0.034364018086139814 0.9993726158058681 0.008572574777752091 0.6960879101975046 -0.022631622609026205 -0.0077972968459705215 0.9997134648587951 -0.05809162199799274
0.9991546249160032 -0.03454700684213116 0.02228317363433216 1.5610041290161876 0.03436350697706123 0.9993726895440664 0.008566024848441729 0.6992898759868704 -0.022565125685568798 -0.00779305535181147 0.9997150010833471 -0.05418859392874879
0.999160025231421 -0.03444362473776059 0.02220091652335149 1.5566993157651412 0.03426316514566046 0.9993770518551515 0.008458353238903461 0.7027246504243377 -0.022478422848449406 -0.007690574766374391 0.999717747949894 -0.05337344620546983
0.999164376007821 -0.03432590875429169 0.022187422227469878 1.552283648678301 0.0341440238767448 0.9993805609007912 0.008525264050520539 0.7061672264295741 -0.022466315906535802 -0.007760572261042062 0.9997174791748754 -0.05316001727136986
0.9991653346263042 -0.034279488302984405 0.022216002403621902 1.546666706081533 0.03409474900196475 0.9993812422383248 0.008641802629236741 0.7099493228890977 -0.02249849265184676 -0.00787714059003722 0.9997158438699058 -0.05138398973334725
0.9991644758581019 -0.03419896983193494 0.022378128734230344 1.542951818237358 0.03401313673204299 0.9993840998857603 0.008632926802830274 0.7155250800501982 -0.02265958324547763 -0.007864563431626583 0.9997123045802574 -0.049344155066587486
0.999160596436363 -0.0342770377451207 0.022431834796966157 1.5394962567919692 0.0340917141605259 0.9993817694859591 0.008592662260190224 0.7193889183676238 -0.02271249776083224 -0.007820709848873533 0.9997114478402865 -0.049482550327660454
0.9991623793701953 -0.03427966125319081 0.02234825442094652 1.5349375873375943 0.03409503714411927 0.999381673135675 0.008590683481958638 0.7219727641015359 -0.022628921614562075 -0.00782152318366158 0.9997133367529151 -0.04818815352248647
0.9991532507651074 -0.03451205747461398 0.02239864670901043 1.5302566077297948 0.034327457169967 0.9993738556633782 0.008574514608123404 0.7252108642763824 -0.02268054606419794 -0.00779836555887057 0.9997123477905223 -0.047182924740262214
0.9991510811490099 -0.034547144437768594 0.022441297867297833 1.52671009577344 0.03436171462482186 0.9993724876746807 0.008596711404378416 0.7285946807370258 -0.022724207506866698 -0.007818292020883952 0.9997112006489971 -0.046800944632250555
0.9991510848708075 -0.03459934674803309 0.022360563635694147 1.5223247586988253 0.0344147201454469 0.9993707245412408 0.008589643021358206 0.7319000743716275 -0.022643688719091858 -0.007812818603626094 0.9997130704490451 -0.046912374098655826
0.9991526344436157 -0.034530292495925485 0.02239803528295579 1.517838961859042 0.034345464582659815 0.9993731475048296 0.008584934996836038 0.7352734110602878 -0.022680435335150892 -0.007808389491083951 0.9997122720595967 -0.045272940253515234
0.9991479365327446 -0.03464499670093176 0.022430450863933655 1.5143124898516667 0.034459530221678275 0.9993690654330231 0.00860301298593326 0.7389248781025053 -0.022714350073646326 -0.007822739873427983 0.9997113898728984 -0.045373643967357685
0.9991495439411169 -0.034591522153151866 0.02244137779626323 1.510167402620016 0.034404778979568805 0.9993705038826778 0.00865489183402376 0.7439767693761936 -0.022726636918682763 -0.007875440585747049 0.9997106968568179 -0.044451637121303
0.9991486197359168 -0.034624374808887186 0.0224318601304996 1.505517330878058 0.0344380798046093 0.999369496224427 0.008638789007476565 0.7480501262080261 -0.02271682942648382 -0.007858923923669995 0.9997110497416581 -0.04422290605045161
0.9991500120427437 -0.034622097062883744 0.02237328384395556 1.5012817035373525 0.03443664936540442 0.9993696930356782 0.008621706459159717 0.7515593658566624 -0.022657683365210558 -0.007843917181611417 0.9997125098485905 -0.044720587638439155
0.9991424276489849 -0.03478582613783584 0.022457862133572485 1.4975535784584038 0.03459948532682259 0.9993639678329483 0.008633389387405061 0.756053566347745 -0.02274389779306271 -0.007848955160008482 0.999710512606561 -0.04390915960309055
0.9991420368416782 -0.034799745185651626 0.02245368457259771 1.493256735662429 0.0346134404279613 0.999363484650233 0.008633382274294136 0.7607736954398555 -0.02273983196094405 -0.007848775877029193 0.9997106065055119 -0.04370979556378553
0.9991472134995283 -0.034673952468017494 0.0224179119541244 1.4891136563596712 0.034487966005172704 0.999367847404983 0.008630514119535608 0.7657516756546421 -0.02270299444926293 -0.007850005948221496 0.9997114340896817 -0.04376031142752804
0.9991430574835782 -0.034768472624718084 0.022456713778320286 1.4851407954007305 0.034581611657310225 0.9993643867330209 0.008656481093783903 0.7699440199851558 -0.022743412619045514 -0.007872473632110752 0.9997103387188461 -0.04339023306463194
0.999145313838236 -0.03469412472221748 0.022471304921215903 1.4812153701008182 0.0345074070815661 0.9993670561919805 0.008644411760947709 0.7745632366022333 -0.022756992147692296 -0.007861597035268593 0.9997101152836473 -0.043182997142663784
0.9991465083614671 -0.034619859848525045 0.022532645942445813 1.477153954599515 0.03443209577772842 0.9993694460505407 0.00866839552628571 0.7786257074485043 -0.02281853653178649 -0.007885150899968543 0.9997085269146357 -0.04189170716980166
0.9991472787695465 -0.03463400738499561 0.022476673683542888 1.47284067655212 0.034446479004916 0.9993688707007283 0.008677577918144018 0.782865928934136 -0.022763027293931783 -0.007895936095083746 0.9997097072558596 -0.04225780800896242
0.9991450161725578 -0.0346622091905755 0.022533706121679323 1.4688716986744892 0.03447356802776021 0.9993676818815478 0.008706866149627155 0.7876063166600257 -0.022821256866895297 -0.007922604668978202 0.9997081687023831 -0.04088311550216407
0.9991451679601624 -0.034648295155929314 0.022548369889120626 1.464673297450593 0.034459533815084556 0.9993681655775523 0.008706902975005827 0.7907883730662589 -0.022835802397026497 -0.0079224537207058 0.9997078377485722 -0.040405247429882996
0.9991434001107974 -0.034704051311731404 0.02254095910998991 1.4605961937739904 0.0345157925158961 0.9993663885211151 0.008688012504244804 0.7936651132683937 -0.022828186131296887 -0.007902551285946517 0.9997081692179606 -0.03908733238535897
0.9991440502844652 -0.03466659168618129 0.02256976300337551 1.456657758927594 0.03447694417763187 0.9993672899796637 0.00873842313499485 0.7976066352888218 -0.02285841423496848 -0.007952807025028423 0.9997070799784721 -0.03845212401254462
0.999144820876315 -0.03466224993653416 0.02254230124422754 1.4527191113050115 0.034472471942847506 0.9993673108851244 0.008753662798851765 0.8029552872619805 -0.022831460623399892 -0.007969088002001508 0.9997075662623627 -0.039118153088258945
0.9991466736487532 -0.034646212435382163 0.02248476151811275 1.4485795629182485 0.034456337663047544 0.999367654735466 0.008777896296719255 0.8090381312120831 -0.02277466424547436 -0.00799566335135951 0.999708649575503 -0.03946379360203964
0.9991649081123758 -0.03448916753470512 0.02190853074860669 1.4446450924074163 0.034307190417552924 0.9993740862548189 0.00862858088050048 0.8151189623252058 -0.02219241046964862 -0.007869755086444151 0.999722743500629 -0.03936093072039498
0.9991862504552861 -0.03459112933267233 0.020743448908214866 1.443346916177207 0.03442220153058303 0.9993716888580545 0.008446274373943827 0.8221415719976053 -0.021022581737391657 -0.007725366043259532 0.9997491534262936 -0.030705035531931435
0.9991869636108335 -0.03447039502838514 0.020909414548516643 1.4512286226495656 0.03429878934226473 0.9993753824796685 0.008511048306955364 0.8285274961795128 -0.02118973335909606 -0.007786960910102148 0.9997451467448859 -0.021813973330633493
0.9991905435463255 -0.034071834060835506 0.0213861593406063 1.4710440932745112 0.03389085734595911 0.9993870730188616 0.008768584330467045 0.837076496610619 -0.02167181293677951 -0.008036691267900667 0.9997328363705454 -0.01657636457265252
0.9991966014039185 -0.033583757198319825 0.021869682103674553 1.5001348659800735 0.03339311128232947 0.9994015449934524 0.009025075268297295 0.8450682331887311 -0.02215969001943494 -0.008287527807299983 0.9997200933366717 -0.014520393030909351
0.9992005856855088 -0.03310333745714709 0.022413357957865327 1.5371075651341737 0.03289747571038903 0.9994136558781698 0.009492130220763945 0.8540326931616733 -0.022714437207061258 -0.008747199176983259 0.9997037265354783 -0.015236329880285282
0.9992312233453678 -0.03205724569046604 0.022567571656546728 1.5816877136288872 0.03183742301038703 0.999442697840462 0.01003355517496499 0.8642157077736752 -0.02287664284351957 -0.009307348286836745 0.9996949697183012 -0.016465731782133675
0.9992840801484113 -0.030217020636869294 0.022765298719492268 1.6343830343356105 0.029978960215000704 0.9994929688160125 0.010726939535274682 0.8746920883503227 -0.023077892156436405 -0.01003677992172024 0.9996832868175882 -0.015654810869176097
0.9993446228716905 -0.0280116839599621 0.02292750093617129 1.6960630974213147 0.027745329482333037 0.9995447346143591 0.011854121504360628 0.8855716470785548 -0.023249116743818788 -0.011210221516569805 0.9996668492573811 -0.01861227254039452
0.9994335614669775 -0.02481017473154321 0.022737885636879455 1.7676877423503419 0.024518689174183383 0.9996147155177975 0.013009780992243257 0.8971059610426478 -0.02305190002202197 -0.012444908600574182 0.9996568081873379 -0.025220558812314248
0.9995399889120514 -0.020655079875091048 0.022207616735296087 1.8502717875828347 0.020335830115767964 0.9996879561858378 0.014506697435969156 0.9079925711660262 -0.022500323980130115 -0.014048413873093898 0.9996481268368573 -0.029873086853314926
0.9996645709675034 -0.015310673499004121 0.020888485569230286 1.9460116746831484 0.014972846921390868 0.9997560973213834 0.01623452259226897 0.9175413629118837 -0.021131952286470003 -0.01591631696521488 0.9996499944714766 -0.04074502009425024
0.9997577997729938 -0.009390942557042054 0.019903567292408136 2.055466101087966 0.009036771195646194 0.9998005464344452 0.01781022503383598 0.9271979991390784 -0.02006685225516502 -0.017626047409690943 0.9996432583143242 -0.044918002856819836
0.9997943270373477 -0.002941273991958108 0.02006620370804335 2.1842474486911376 0.0025602886203086876 0.9998164760490442 0.018985761587709375 0.9333600655939546 -0.02011836340583349 -0.018930481456868726 0.999618371342624 -0.051535490430208844
