1 0 0 0 0 1 0 0 0 0 1 0
0.999999832666675581 0.0005668858397440170978 -0.0001153562545484636178 0.8346163020091473816 -0.00056689775786693188 0.9999998339770428402 -0.0001033093362695889934 0.3894570341659722157 0.0001152976707968325268 0.0001033747141845537575 0.9999999880100577387 -0.1030494619731818079
0.9999993983912545126 -0.001093238075789195948 -8.970863203586731656e-05 0.8339912201150276871 0.001093232961134646668 0.9999994007936968687 -5.704331676289495581e-05 0.3882932227049508134 8.977094020774406037e-05 5.694521001169681237e-05 0.999999994349210608 -0.1039551157907175338
0.9999957802784595895 -0.00290497406460773263 2.347250938364633865e-05 0.8331448391756219873 0.002904968343047781548 0.999995751717603909 0.0002402200451147500169 0.3884508248251519191 -2.41702426666551798e-05 -0.0002401508445563598339 0.9999999708716852398 -0.105982797357444869
0.9999990305408414937 -0.001375693840013450389 0.0002153690685640215435 0.8327210462628859 0.001375629954156190647 0.9999990098639193192 0.0002965019565552180769 0.388611878294663371 -0.0002157767512345210308 -0.0002962054009667653928 0.9999999328513747843 -0.1045627201072587276
0.9999986317214518694 0.001620238849819698309 0.0003337383608614721419 0.832160470859202972 -0.001620314804922363006 0.9999986614236251459 0.000227444258807764241 0.3883185101689810015 -0.0003333694001028981589 -0.0002279847088077383921 0.9999999184439044564 -0.1027134416166531061
0.9999974704257805769 0.002241844542971738099 -0.0001824145970562889496 0.8317197862149867671 -0.002241885219157334092 0.9999974620876561637 -0.0002230894683781407069 0.3876869130461376711 0.0001819140021967533655 0.0002234978566456718974 0.9999999584780010498 -0.1060838490353729069
0.9999977242163855529 0.002124087835888679218 0.0001995317396021876512 0.8310545081032197912 -0.002124086773960451573 0.9999977441098319986 -5.533862636033674704e-06 0.3869780966317527549 -0.0001995430438908087631 5.11002731308543478e-06 0.9999999800782304327 -0.105162751699451773
0.9999973539743614026 0.002292698855314952242 0.0001886166339803541201 0.8299819214391245259 -0.002292679974045956897 0.9999973667798343069 -0.0001002593341286044673 0.3869685775753622381 -0.000188846001771821216 9.982663126033713703e-05 0.9999999771859153785 -0.1058880900291502419
0.9999968205263773946 0.002514006586205973139 0.0001967435404327206119 0.8288627054091171065 -0.002513982586660679346 0.9999968324821238985 -0.0001221362884917030853 0.3859047954306943362 -0.0001970499686777221857 0.0001216412903279096453 0.9999999731873527864 -0.1045784973725401856
0.9999954079459595357 0.003029962563785836786 -5.842821217756101991e-05 0.8278376762836958669 -0.003029966545239653596 0.9999954073169078361 -6.817496870711109642e-05 0.3849603843927805191 5.82213762323290272e-05 6.835169117216676512e-05 0.9999999959691587836 -0.1064868558418540223
0.9999965439236438991 0.00262813926028777076 7.088579795351430946e-05 0.8278878704696392976 -0.002628130534188844857 0.9999965389049940701 -0.0001229143115937185015 0.3847859023727787653 -7.120858853898371537e-05 0.000122727589662430394 0.9999999899336378117 -0.1063236039044185427
0.9999981914398039518 0.001859850407737594254 -0.0003975846854288640373 0.8264553102521600136 -0.001860002717252579518 0.9999981968254207931 -0.000383061090289097024 0.3841177012455843642 0.0003968715321893036144 0.0003837999060952921562 0.9999998475952979193 -0.1102952932436603861
0.9999877987461203155 0.004823978614958193342 -0.001063761820688618933 0.8253676046661866383 -0.004824841434839880969 0.9999880323038418117 -0.0008100334680104679871 0.3832564261792681393 0.001059841505783281311 0.0008151560666957329612 0.9999991061278852289 -0.1170716877224377006
0.9999842659909716769 0.005609591452485977216 -1.594470898600234139e-05 0.8248935523791171009 -0.005609594376604382961 0.9999842481124986415 -0.0001896781766193509082 0.3818970113415155465 1.488044074845311506e-05 0.0001897646355710719626 0.9999999818839776511 -0.1116423928297626961
0.9999983253878369505 0.001755422568684882143 0.0005174100183847105778 0.8241910750018239806 -0.001755618578446195045 0.9999983872245076233 0.0003786182652528406333 0.3806739744705174289 -0.0005167445488707722622 -0.0003795260058550388774 0.9999997944675199646 -0.1055039835798216724
0.9999950919730813403 0.003118037000897944631 0.0003063902897028648051 0.8241088060328043419 -0.003118040784522199682 0.9999951388285436282 1.187214067202473459e-05 0.3796810476098123055 -0.0003063517825132387306 -1.282741982251383762e-05 0.999999952992020269 -0.1065324338917985059
0.9999979830168518324 0.002008407731583682337 1.614347555860732957e-05 0.8240927904671306869 -0.002008403064466617559 0.9999979428004777127 -0.0002840984741929884132 0.3794748390600954924 -1.67140279203574454e-05 0.0002840654785653705036 0.9999999595137217812 -0.1020388656576065173
0.999986184200591488 0.005221867458716144758 0.0006029163991208058484 0.8243668558077246189 -0.005221883987628250096 0.9999863655369044535 2.584399690605552197e-05 0.3784664848589679442 -0.0006027732247529653947 -2.899199934102577144e-05 0.9999998179119351516 -0.09891138250095546369
0.9999835416066474858 0.005658954330223854232 0.0009448553935431568086 0.8250161874033039577 -0.00565891462969018641 0.9999839872159945742 -4.468574079542775719e-05 0.377775895888758817 -0.000945093138344197249 3.933814933046544834e-05 0.999999552625634891 -0.09645789093592246899
0.9999649481624086622 0.008372703020279015015 1.704950239210824338e-05 0.8244455629034875832 -0.00837268597740815565 0.9999646036590413845 -0.0008303966160739330348 0.3781371016973145149 -2.400156315754009104e-05 0.0008302247590170097917 0.9999996550753277313 -0.09488838311414302118
0.999999887842256574 0.000386169599634835067 -0.0002742052416616018299 0.8231007059890037558 -0.000386257455979168308 0.9999998740671456332 -0.000320422955725187036 0.3786166896124810721 0.000274081469525626841 0.0003205288336063317404 0.9999999110703035043 -0.09524576566002004863
0.9999998729141421627 -0.0004001053606102371926 -0.0003067366947925310701 0.8215112950933711744 0.0004000279371170497146 0.999999888128344061 -0.0002524300872581518155 0.3779969881097433593 0.0003068376591084803762 0.0002523073519306016942 0.9999999210958224749 -0.09643669802164804572
0.9999952835972694132 0.003064368969545679458 -0.0002059758121268040986 0.8205707874984315975 -0.003064352216345362853 0.9999953015322492478 8.160220622028419859e-05 0.3782104348319292875 0.0002062249036246812891 -8.097063891501165526e-05 0.9999999754575220612 -0.1042189815791758067
0.9999974263874216174 0.002240384034070219948 -0.0003576281771969932154 0.8194580244781388689 -0.002240563171463850166 0.9999973642881488933 -0.0005012917612481643942 0.3767999193267564384 0.0003565041485338569811 0.0005020917596402874961 0.9999998104043105185 -0.1091961674180678965
0.9999999721205181658 0.00015171954449925569 -0.0001809423737898508138 0.8198704304306925206 -0.0001517058832955808822 0.9999999856416588173 7.551163626879419202e-05 0.377674220965780072 0.0001809538277828775632 -7.548418414092751994e-05 0.9999999807789249351 -0.1142074004652771646
0.9999997256839561199 0.0006471845551481131102 -0.000360255692583315106 0.8197774099586436769 -0.0006471434158530652882 0.999999784070480513 0.0001142995696311490376 0.376617672136607573 0.0003603295877096018493 -0.0001140664011774643923 0.999999928575719621 -0.1128999515028977219
0.9999997877507447175 0.0004101485397210155375 -0.0005062377316355807719 0.8192622994240144063 -0.0004103236118533738286 0.999999856037261492 -0.000345774478363450983 0.3756566586590245338 0.0005060958398588370159 0.0003459821262675766306 0.9999998120816668834 -0.1187966318839506347
0.9999992084745233933 -0.001062067964519945338 -0.0006745828084296781949 0.8195819284251720793 0.001061978729255327013 0.9999994273055211602 -0.0001326265749151614307 0.3769893045610926419 0.0006747232805362896307 0.0001319100773441748769 0.9999997636740851625 -0.1113496754754093598
0.9999986478965799952 -0.001562075427493481812 -0.0005139312898742895257 0.8190748081967109684 0.001562051813064255744 0.9999987789223083734 -4.634679739666294063e-05 0.378034923525766231 0.0005140030595176128076 4.554394742786108656e-05 0.9999998668632930077 -0.1123009811060476926
0.9999986058337515527 -0.001628221890839691953 -0.0003704376161500753961 0.8191193744481550798 0.001628275743140904274 0.9999986638282948315 0.0001451197065432727315 0.378543519623953606 0.0003702008340988281461 -0.0001457226788069999879 0.9999999208581185073 -0.1114328523692701689
0.9999990485231617932 0.001304645810508631024 -0.0004481652376199843336 0.8195958837362689042 -0.001304883385057611618 0.999999008071464246 -0.0005302220657129632893 0.3796104227588853464 0.0004474730410754247894 0.0005308063645912793537 0.9999997590062114083 -0.1109916507919191386
0.9999997920699861265 -0.0003591420031256467257 -0.0005356090048794441127 0.819140183635218122 0.0003591376071792493031 0.9999999354756131664 -8.30353565195431225e-06 0.3792815013618019426 0.0005356119524680284577 8.111176589003965851e-06 0.9999998565270122874 -0.1080278500940214104
0.999999627690686177 0.0008308575393629032482 -0.0002330112406200429969 0.819851128760054837 -0.0008309290148578066075 0.9999996077097313973 -0.0003068181149938633244 0.3795102906843532686 0.0002327562270679450459 0.0003070116165632406674 0.999999925784200272 -0.107425886893597694
0.999999957175874199 -0.000222567959704545094 -0.0001900309266719822534 0.8204236127255326583 0.0002225607820297792418 0.9999999745192539313 -3.779139882588305625e-05 0.3814742550835553137 0.0001900393329843835029 3.774910377584947982e-05 0.999999981230028312 -0.1122388650209340255
0.9999990078204997745 0.001133439941094824223 -0.0008364639358142541767 0.8205558831309724965 -0.001133827519372917732 0.9999992500214101021 -0.0004630245929057528456 0.3829078441538975031 0.0008359384979169025244 0.0004639725393316328434 0.9999995429680508252 -0.1177432430273517294
0.9999981101742227985 0.001902111409169014375 -0.0004020201115360986653 0.8211031259474350641 -0.001902168386023200906 0.9999981808802725913 -0.0001413915724486614327 0.3842114233292817094 0.0004017504376902680699 0.000142156015189932644 0.999999909194122405 -0.1136575647091792318
0.9999991341254672594 0.001267161462738192104 -0.0003550354109358509584 0.8189476031115556776 -0.001267337296478430672 0.9999990741821891405 -0.0004954704245892995081 0.382197438235436171 0.0003544072412097779511 0.0004959199451919267271 0.999999814229440398 -0.1115072787714739277
0.9999997055049260064 -0.0004914940458028364389 -0.0005894265554620865821 0.8194878932555151874 0.0004913652225183840448 0.9999998553692175385 -0.0002186818743185478477 0.3830584233636928904 0.0005895339510520151852 0.0002183921862072301962 0.9999998023772672662 -0.1171881640002856717
0.9999986869801099632 -0.001446972925832527542 -0.0007295940021846895711 0.8197455897556842341 0.001446913361715372473 0.9999989498450702063 -8.216130786054684433e-05 0.3825235256528000671 0.0007297121211859766005 8.110554067072699733e-05 0.9999997304710194213 -0.1157119976344525153
0.9999998828145698626 -0.0004692378541767749998 -0.0001191078614591522324 0.8214722486476235819 0.0004692828008150132712 0.9999998185907283954 0.0003776137752604744199 0.382317791390389683 0.0001189306491742710083 -0.0003776696262804664166 0.9999999216105739386 -0.1041198566586010316
0.9999982264838618295 0.001880474449013591967 -0.0001041392217345054043 0.8224487093016699113 -0.001880541991945156336 0.999998019012877104 -0.0006523282441551746811 0.3812915413440277623 0.0001029123288405444552 0.0006525229254199865162 0.9999997818114183534 -0.09933795001598218211
0.9999991057835697639 0.001323207882441424692 -0.0001937858627907816113 0.8227762838008243484 -0.00132326796004148396 0.9999990763619389655 -0.0003102211709611421716 0.3810246694384648025 0.0001933751967040670677 0.0003104773241796141719 0.9999999331049299611 -0.1003342860530730962
0.9999984238460878361 -0.001767254218507694798 -0.000170639583082316036 0.822417615626595877 0.001767213804952754526 0.9999984104637357207 -0.000236696788016697385 0.3804302377455345274 0.0001710576152416403339 0.0002363948583192344941 0.9999999574283806592 -0.0989412631308521362
0.9999998864837944534 0.0004395427115604991219 -0.0001839418467800874209 0.8214423806723023525 -0.000439522383849089203 0.9999998973007673264 0.0001105374550702029448 0.3789334049022171635 0.0001839904138221314339 -0.000110456595963424092 0.9999999769734337907 -0.1006419752192729694
0.9999984859976775997 0.001739750677986421539 -3.563609145497925962e-05 0.8212097887222602477 -0.001739755551395947512 0.9999984772144989709 -0.000137183470155209582 0.3770515800432350795 3.53973721536448286e-05 0.0001372452605470560216 0.9999999899553821958 -0.1043383504009150475
0.9999983174993677393 -0.001456813178012221878 -0.001114761767401170091 0.8185406509420111165 0.00145653441620567127 0.9999989077940479865 -0.0002508350167539943843 0.3762271586945314938 0.00111512596960964671 0.0002492109058438300479 0.9999993471937850265 -0.1179921929964701244
0.9999994701619657755 0.0003177496467380376728 -0.0009791378603742695915 0.818872721463473896 -0.0003180131983578296387 0.9999999132470883678 -0.0002690230872192326118 0.3750392437083436281 0.0009790522934402809754 0.0002693343234431798254 0.9999994844576816089 -0.1139084277113633636
0.9999972046106341272 -0.002158019719336634699 -0.0009662928171613514947 0.8175284391952062357 0.002157620771614964482 0.9999975867527223228 -0.0004137164941285723769 0.373751270095900201 0.0009671832936103853936 0.0004116304441761145234 0.9999994475582744125 -0.1170551378265733966
0.9999996452123057766 -0.0001117156174740426781 -0.000834922082249642955 0.8157200737037810789 0.0001118971386542153636 0.9999999701152274545 0.0002173673722363174204 0.371413122221278591 0.0008348977739679783834 -0.0002174607205090515593 0.9999996278282017315 -0.1079878835503640111
0.9999995082529513635 0.0009218104273539139875 -0.0003657313105548447513 0.8164994321353739037 -0.0009218717927674328601 0.999999561021976624 -0.0001676551570381675513 0.3713300018702032634 0.0003655766037348795244 0.0001679922319731712765 0.9999999190661751358 -0.1062338053812963701
0.9999885933911719649 0.004772432590553443883 -0.0001922881012505087497 0.817885409095836069 -0.004772440890799345935 0.9999886109261908462 -4.272997900346454269e-05 0.3716480127335781702 0.0001920819853227411834 4.364717519653091147e-05 0.9999999805997172864 -0.09994425801257207642
0.9999877595288823029 0.004943485566581856151 0.0002067434626967735642 0.8199709624931306173 -0.004943439804430135344 0.9999877566449995037 -0.0002212758485363283309 0.3714565738853228272 -0.0002078348054266382285 0.0002202511161528943257 0.9999999541470686593 -0.09990169753790395513
0.9999893088802277452 0.004614921384327240299 0.000290905244070340538 0.8205754068029778026 -0.004614901181908393976 0.9999893488312295853 -7.007977342677197252e-05 0.3710050708176886314 -0.0002912255582344857544 6.873652524083708457e-05 0.999999955231481108 -0.09714885715963440804
0.9999978603811884303 0.00206306313305658004 -0.0001516692260426038522 0.8183365864748313179 -0.002063152861981787985 0.9999976953670087765 -0.0005938526241799921626 0.3700404474439651925 0.0001504437210452871129 0.0005941642703595305516 0.9999998121677357021 -0.09887767948472922508
0.9999782861315505977 0.006576973459181877264 -0.0004131410461077230072 0.8164503794715395335 -0.006577337130794597315 0.9999779773240797809 -0.0008851571103558733338 0.3691211524548982936 0.0004073102928143385601 0.0008878552581136415741 0.9999995229055691492 -0.1013761460740414677
0.9999959688361117482 0.002782230708322645449 -0.0005670130615456078034 0.8149523140008356759 -0.002782481589839437986 0.9999960311400921675 -0.0004421541202548425918 0.370127391358673008 0.000565780636379016209 0.0004437300412640691289 0.9999997414979275856 -0.1086888151529573077
0.9999994713898950893 0.0009273280477945934196 -0.0004441650843712070698 0.8153668331855303819 -0.0009274428994729993396 0.9999995365284183313 -0.0002584426758286515087 0.3709301494968418877 0.0004439252173712699258 0.0002588544769669354423 0.9999998679623718356 -0.1090570477928240745
0.9999953900756056724 0.003022152901066103414 -0.0002939717332188067096 0.8188528949323367057 -0.003022167838234121953 0.9999954319712408557 -5.038064027990116277e-05 0.3717813860811577387 0.0002938181323492955292 5.126883994644235295e-05 0.9999999555212045754 -0.1057035949378386797
0.9999896424775185366 0.004513013183018868904 -0.0005896182616920705522 0.8196766235437538128 -0.004513251954333853504 0.9999897335133663967 -0.0004042581639857730446 0.3699584203921303938 0.0005877877859606571139 0.0004069150726446439247 0.9999997444627884979 -0.110155024639970206
0.9999844964896618116 0.005512158544506898412 -0.0007892328539072344809 0.8156381830239449737 -0.005512853450467067144 0.9999844159938601207 -0.0008810313570517115493 0.3682651263061038627 0.0007843641699748423205 0.0008853686230348437524 0.9999993004473803904 -0.1106557518066174084
0.999994251886277663 0.003277918232736098947 -0.000866860117509830972 0.8152237554612604686 -0.003278528069131506247 0.99999437849420858 -0.0007030175540940259869 0.3678612605882380926 0.0008645508103921617504 0.000705855538296442926 0.9999993771597336378 -0.1143309535204156679
0.9999997260382667008 0.0005709059499368233448 -0.0004711579223516864441 0.8143823110894348183 -0.0005709956984659052617 0.9999998188610954575 -0.0001903724996097707766 0.3677786300044820766 0.0004710491522139249724 0.000190641476601951745 0.9999998708842534612 -0.1118937713937813022
0.9999923300926880643 0.0038921365205404246 -0.0004370687610396579255 0.8134754052212607167 -0.003892328545274553828 0.9999923283416726205 -0.0004393589604806655323 0.3658248323873256602 0.0004353553629417441584 0.0004410568058530043895 0.9999998079672824947 -0.1074108276847022675
0.9999923366524975377 0.003880372857421432887 -0.0005189824327215203717 0.8124371956824252283 -0.003880493856199735726 0.9999924438635797719 -0.0002323428009714736551 0.3660955184344992785 0.000518076934520952069 0.0002343549285895015562 0.9999998383370156674 -0.1087707990908974715
0.99999761956808908 -0.001992582368286332974 -0.0008890858569103204413 0.8126153070604180684 0.00199253194087535947 0.999998013247353823 -5.760043183469754861e-05 0.3675370027516333682 0.0008891988641215209811 5.582876275271717628e-05 0.9999996031041858968 -0.1123449250464832599
0.9999925372859150841 0.003657487320907208857 -0.001244250366753775917 0.817223947517824012 -0.003657412458683902134 0.9999933096955099243 6.243658431344997067e-05 0.3697118425423566723 0.001244470403355447691 -5.788538157398552173e-05 0.9999992239710477904 -0.1048643575541645945
0.9999712885126007533 0.007226707259544865383 -0.002279660640046815654 0.8205019438400273923 -0.007225772901232176658 0.9999738064657972547 0.0004178376288921781386 0.3657694240905351446 0.002282620517903895946 -0.0004013533220755053895 0.9999973142759345235 -0.1031531084193196557
0.9999792371728807305 0.00604495803736678286 -0.00223242143644819882 0.8363299615652717289 -0.006044433541402749119 0.9999817030547776264 0.0002416171148509381277 0.36901505226665543 0.002233841155275846299 -0.0002281183751875394297 0.9999974789546720588 -0.09833562702808729128
0.9999882651315721294 0.004719433653152090881 -0.001093867058737912207 0.8550089585761124766 -0.00471804590791922128 0.9999880663080554788 0.001267787161509712759 0.3722965776827789064 0.001099837242260467973 -0.001262611369193891676 0.9999985980843028033 -0.0911283857642564421
0.9999757980486780884 0.006957058750085712631 -5.148259182338440679e-05 0.8758137732784049279 -0.006956983382978075385 0.999974898872103668 0.001342388891147612865 0.3730266148374778434 6.082037793343896969e-05 -0.001341998239181186204 0.9999990976703967416 -0.08366390461542394519
0.9999861665207919748 0.005259500714913246944 -6.647767033313437197e-05 0.9019274522219493662 -0.005259446118413453608 0.9999858519080031538 0.0007963732495541176728 0.3723901282323761608 7.066525547630642589e-05 -0.0007960125972161333392 0.9999996806851323417 -0.08343213886903455556
0.9999644762725913294 0.008427097126797062146 -0.0001738588442054810079 0.9314625951983448449 -0.008427135314855444329 0.9999644668420849536 -0.0002200990911209231658 0.372139120664639389 0.0001719978700333191658 0.0002215564043866112239 0.9999999606647453909 -0.09437401176837639794
0.9999401064554324092 0.01093399279191792708 0.0004809402506559567786 0.9679157706646437376 -0.01093373607975519669 0.999940082761098914 -0.0005332007735026175928 0.3700664413502311456 -0.0004867414474581837941 0.0005279103644475227576 0.9999997421966719813 -0.09847169661794555329
0.9998894169210084115 0.01485701452817156203 0.0006504219212009667303 1.00816619212899683 -0.01485626404726647122 0.9998889853491057522 -0.001143851429853482435 0.3622083509360304321 -0.0006673439321498536537 0.001134062099436968342 0.9999991342772406311 -0.09925770365243580251
0.9998702972374327036 0.01609310346141189577 0.0006330270991196816285 1.055335841074803493 -0.01609230064702557583 0.9998697248154915229 -0.00125349801715769261 0.3580666689695968241 -0.0006531173046763383457 0.001243148572605246331 0.9999990140092203106 -0.1056419898822730657
0.9998317845781872215 0.01834103733336574227 9.432249782647115003e-05 1.111434163776624739 -0.01834089283274861412 0.9998308739722753247 -0.001354659342311798076 0.3486472217136087348 -0.0001191524030084220581 0.001352701508894765944 0.9999990780002413482 -0.1112454772964247829
0.9996908292708759358 0.02484660853474895612 -0.0009444130608026838096 1.176214085073822302 -0.02484788246411111234 0.9996903158935405154 -0.001362000632518939498 0.3430785346933343805 0.0009102794945475419734 0.00138504620652271258 0.9999986265181806111 -0.1099400855062874771
0.9996204579965001225 0.02744067987087756011 -0.002439066028514625274 1.253059035920208064 -0.02744249370205744179 0.9996231293398741835 -0.0007133219257159360317 0.3348376310811148615 0.0024185727774819199 0.000779985244209524314 0.9999967710591564085 -0.1059096512288197345
0.999313754811903876 0.03696320777750387171 -0.00239597882528061858 1.351617087543481865 -0.03696253739615602135 0.9993165995739758944 0.0003234890163663356336 0.3247677024919501942 0.002406298604056366416 -0.0002347055666556194101 0.9999970773158914916 -0.08765585554246438371
0.999050655736769988 0.04355500581826400597 -0.0008652976949005518207 1.466384963431462962 -0.043554004248454882 0.9990504186198146952 0.001144451614792923923 0.3143426913388338018 0.0009143226210621843925 -0.00110567795673799916 0.99999897074467059 -0.09531608855857548468
0.9986497818809050298 0.0519014728843540385 0.002202330959570325715 1.600973594124361465 -0.05190529260327101518 0.9986505405790325751 0.001714176471337855662 0.3033783962530516298 -0.002110390719662705913 -0.001826174592072669391 0.9999961056611018639 -0.09182070717673967986
0.998120533957439382 0.06112600965985297286 0.004360118757510056918 1.753132946923637192 -0.06113777117836870223 0.9981259056280290531 0.002617145308956661011 0.2914144094404156893 -0.004191971834048959303 -0.002878794416127193091 0.9999870698738320129 -0.09520330626928209805
0.9972764189483536157 0.07353779029971831138 0.005651336778367706086 1.914602346406345301 -0.07355094624172218987 0.9972891301682472731 0.002156189974942280749 0.2690892079530403658 -0.005477455293762493495 -0.002565978584362368399 0.9999817064513777387 -0.105427647311950673
0.9963727862882457709 0.08477034400614044674 0.00743367481656238404 2.096609380043030768 -0.08478828677545836856 0.9963967082966791455 0.002132163508080064419 0.2429404541428155095 -0.007226144883713392711 -0.002754718247510048665 0.9999700967316454969 -0.1036465044600263508
0.9951122085266584927 0.09811481997808178812 0.01118814291402628162 2.295586246989487655 -0.09816930245080446316 0.9951598778317882754 0.004427822279929738772 0.2159616628774550517 -0.01069955594959673753 -0.005504512193534297562 0.9999276073036450496 -0.1085105939580844336
0.9941534982152289146 0.1069116025332088882 0.01512386293920980028 2.509385386288109032 -0.1070349583751324524 0.9942262535182840866 0.00759437295833991291 0.1885332484444812717 -0.01422461500556359767 -0.009168754483454289936 0.9998567868795839031 -0.1140840693608331513
0.9924117866005260913 0.1212264790077024618 0.02056663812456810403 2.735202881572193157 -0.1214605050436888961 0.9925403595916163502 0.0105347186140327103 0.1525012350641149761 -0.0191361315548333813 -0.01295281317474684772 0.9997329809003883128 -0.1144721479665403441
0.9899749710290073335 0.138859543117591161 0.02583764736368086845 2.97198487606949735 -0.1391225609161824417 0.9902372326646384781 0.008668107567499545169 0.1012291525154958294 -0.02438175096745901285 -0.01217580920729621242 0.9996285709651901996 -0.1338284522542827482
0.9874628593006332666 0.1548792240077933036 0.03048815298704707008 3.214213441088343615 -0.1551548613580023273 0.9878662137610912941 0.006878423242652089223 0.04214218916823321559 -0.0290528914016639668 -0.01152257263243601677 0.9995114605751819203 -0.1449362539883996825
0.9844231030394556825 0.1724034820642196264 0.03447018384490585508 3.462545616286156758 -0.1727175951545573962 0.984951045305539008 0.006330140247460380905 -0.01869989801896189408 -0.03286010538929709512 -0.01218514356330750899 0.9993856791800380668 -0.150723142979093172
0.9814226218867219131 0.1878237315130448504 0.03913927860229525491 3.714636121637439281 -0.1883178343356003148 0.9820639910960455854 0.00931185608004231162 -0.0793725991036452333 -0.03668828859652414898 -0.01650949039254888048 0.9991903753573873059 -0.1539412125125864672
0.9777431605563134953 0.2052332975422257177 0.04356151472682400633 3.967416490338514734 -0.2058824022859588876 0.9785157035837053208 0.01092951366936058787 -0.1475882723542593089 -0.04038252610119442976 -0.01965480653759775487 0.9989909610029792386 -0.1615545316277134935
0.973098074964577231 0.2255854721248336803 0.04681165737773042984 4.222589866165848527 -0.2262319795540254086 0.9740324587198913031 0.008936486286586648939 -0.2336009519948683277 -0.04358013225428716136 -0.01928637151719356582 0.998863758450770689 -0.1635969863976105554
0.9682108374476986468 0.2451457662100285095 0.04971244872387759611 4.476654007140130176 -0.2456194454632956159 0.969359797460609407 0.003559645688759895642 -0.3264149269244869811 -0.04731661715644164268 -0.01565683162151264296 0.9987572284416500468 -0.1700308738498492456
0.9627779475758626582 0.2650700521807661247 0.05288185982447376338 4.73168886254733323 -0.2654504157135669229 0.9641244971637128458 0.0001754032849458013845 -0.4219785714710986291 -0.05093820235445945671 -0.01420638608879131425 0.9986007601314913495 -0.179457449428490956
0.9579665962463147499 0.2815955520782438271 0.05480826147579585805 4.987622214451488567 -0.2821285691482340874 0.9593743425592020646 0.002083580924502403692 -0.5120015596243929767 -0.05199491269941954041 -0.01745897731391787833 0.9984947236538267434 -0.1907324881197094146
0.952507639018727148 0.2992046343376468798 0.05661964678312054328 5.244563857994119616 -0.3000441544276156725 0.9539013756829277657 0.006758022198470016277 -0.6041013995301661721 -0.05198752739636122028 -0.02342546181173249184 0.99837294871912452 -0.2067458025935507426
0.9460255126347629773 0.3184992811726488071 0.05994945651663435848 5.503088429795130132 -0.3197649566102952479 0.9474131047661419336 0.01260085082029244533 -0.6999356823801958782 -0.0527835387990404567 -0.03109046171875370565 0.9981218769378641387 -0.223630073707169863
0.9397182308642092474 0.336392632233145028 0.06139742307863396698 5.761519183950160716 -0.3379053831584576395 0.9410461443462838638 0.01587785387037299323 -0.8022977045785136818 -0.05243661520327804609 -0.0356672285193150862 0.9979870992130982499 -0.2478186129488243461
0.9320482295779393134 0.3563687818376892746 0.06547815721406985423 6.01850602239690069 -0.3582018625834987313 0.9334629705266765942 0.01839315897896034654 -0.9181353492568091745 -0.05456668747817932513 -0.04059770913530054426 0.9976844704768257355 -0.2669972345831182481
0.9242174758448173932 0.376454682910399574 0.06406191581481809894 6.273790697284269413 -0.3779259005872955268 0.9257556420057154734 0.01218626111106841346 -1.052113639950109647 -0.05471810494083244325 -0.03547341271172015087 0.9978715177728383345 -0.2887663520134450823
0.9157239625114174109 0.3972904493487348643 0.06008263758082309919 6.521921701132319171 -0.3982627875581023491 0.9172594950193823093 0.004665923621064787911 -1.196740373214592701 -0.05325764291477865647 -0.02820137679383886986 0.998182501258208732 -0.2943634948650674654
0.9067422464474509392 0.4182659012379705277 0.05359229766504121362 6.764947514420909691 -0.4187269215649974119 0.9081077052320559728 -0.002856720999661470015 -1.352226193117274322 -0.04986244743422268977 -0.01985022820417104913 0.998558813879338647 -0.2964522104027649263
0.8975118440087570537 0.4385467585036195159 0.04635979367909939808 7.004766264450820401 -0.4385831052570189348 0.8986357912346312204 -0.009928468926221898846 -1.512216489446536638 -0.04601466773879026723 -0.01142170381669707115 0.9988754652281797153 -0.3082042932151041192
0.886606380347893519 0.4606043714448689319 0.04210391112810693559 7.247628356089674817 -0.4604710154140205791 0.8875737336762563601 -0.01339071512544807302 -1.672139548756124139 -0.04353814752590145359 -0.007515337242417770292 0.9990234979299263962 -0.3188503909678953585
0.875089240150135117 0.4822713881320611629 0.04041200270506145609 7.490164039158028864 -0.4822273656735747149 0.8759709381412654761 -0.01147533561320021253 -1.833997676459536041 -0.04093396595717938707 -0.009445830883832006392 0.9991172036903031017 -0.3314341943014020297
0.8619047505224691763 0.505596392602376099 0.03863274277428617454 7.732266378671880602 -0.5057582239336542163 0.8626531075352118494 -0.006183444292452828193 -1.987773744773703832 -0.03645298273496837965 -0.01420928736095254663 0.9992343449874098171 -0.3480036230410585296
0.849113306461059425 0.5268935368336601366 0.03727993607402796394 7.969942313075431883 -0.5272915435864399258 0.8496838380559782467 0.001001702895907560092 -2.146004234322695936 -0.03114836838418033951 -0.02050795429531369549 0.9993043595209742946 -0.3558042966358877512
0.8344828287974717096 0.5499913220194353469 0.03388147200880376603 8.202225027103324351 -0.5504915276074608954 0.8348115371700302045 0.006983941595926213344 -2.317155757180890951 -0.02444353645800283886 -0.02447944262284064768 0.9994014560797384039 -0.3653404021346931541
0.8199413790050322781 0.5717347557030703076 0.02855703269733584487 8.429075566578752898 -0.5721185327550682986 0.8201408585619326397 0.007025424932620528279 -2.50338073315890064 -0.01940410970681214972 -0.02209844425398750298 0.999567476105560071 -0.3790720087532088445
0.8067700661299241904 0.5904230160845302944 0.02286312477253218609 8.649315174049394983 -0.5906115445161119748 0.8069537527690255896 0.001909024955080747613 -2.710703700436759789 -0.017322352063461912 -0.01504336962362398319 0.9997367819328027982 -0.3985329820476520291
0.7920618508099712685 0.6101800605874826422 0.01784147283546876073 8.864908329120837038 -0.6102115907761231917 0.7922270780990658956 -0.00425102447532556358 -2.919708684007982225 -0.01672838826534029516 -0.007519999206955525935 0.9998317911718808126 -0.4104498111785635506
0.7768969667699763271 0.6294646834843725669 0.01432882652310307064 9.078135302984048138 -0.6294356810740434627 0.7770209036514377221 -0.00701702782937004086 -3.132448303885834395 -0.01555076893486168239 -0.003567567045183101838 0.9998727149247110813 -0.4064791677089154565
0.7636356168469843331 0.6455439324866788509 0.01156182997453173746 9.289475395817406778 -0.6455216748043955954 0.7637178823601649125 -0.006063292919976494798 -3.341747183435872959 -0.01274409825973792099 -0.002833265419893185068 0.9999147766517937352 -0.4072342541605438182
0.749356028482344616 0.6621339602782198019 0.006645391143369842532 9.495872959880472308 -0.6621164964864467706 0.7493851161852314036 -0.004867516878284841239 -3.555624356643658945 -0.00820290544141033702 -0.0007525199851477927656 0.9999660724524563893 -0.410501639795263773
0.7346338466836670467 0.6784560118764403347 0.003248269612226034001 9.694365936503800185 -0.6784416100861710985 0.7346401242825801869 -0.004568314542451310835 -3.780087772260114498 -0.005485709657097724394 0.001152277219469329374 0.9999842894999738663 -0.4208403892616969788
0.7177211952528499417 0.6963295122732563458 0.001223201581713203364 9.889889419814142713 -0.6963076264099644641 0.7177106874647227741 -0.006859919987621540885 -4.010061562291280524 -0.005654669587333389577 0.00407178538287101318 0.9999757223431245956 -0.4305783002382752578
0.7011091837298590868 0.7130500469639188266 0.002354360720846772684 10.08765707355324537 -0.7130197059794116665 0.7011040588390287098 -0.007483152041294646381 -4.241561343708601939 -0.006986513771840146235 0.003567801030450877715 0.9999692292371415991 -0.4257387301333183105
0.6866701494378570914 0.7269633027620141519 0.002909004698416067791 10.27464807919688283 -0.7269322801134919798 0.6866701377650724636 -0.007319974774287173365 -4.469413283485566879 -0.007318879695071035807 0.002911758753860664833 0.9999689773492818068 -0.436726062110925406
0.6703855023924669698 0.7420072695634940541 0.002913777089657141727 10.46186846131839587 -0.7419774488324057948 0.67038665726668345 -0.007155080918982602983 -4.710200579257660891 -0.00726247933935563264 0.002634705625080788552 0.9999701569147524394 -0.4389568061109911934
0.6526709465085924755 0.7576398541079032434 0.001577038659392887088 10.64263838371515192 -0.7576162349025460374 0.6526647692207413476 -0.006807321802788043365 -4.949818779280249714 -0.006186775870214726927 0.003248151072789253694 0.9999755863614571139 -0.4387899598537420842
0.6360990713304439659 0.7716073348434456802 -0.0003037570431239636952 10.81502123647679525 -0.7715893659944109695 0.6360814684864558588 -0.007086305981029781924 -5.199866861191583922 -0.005274631445854165331 0.004741968358016770795 0.9999748456832311394 -0.4417974676180688176
0.6225665791977085251 0.7825650501775159862 -0.001672335709504392575 10.98467222294273071 -0.7825487364609682306 0.6225362233526322564 -0.008131769621903239473 -5.448146070922218698 -0.005322549145424100049 0.006371252192743362928 0.9999655382142381699 -0.4403425074003236572
0.6074135477919628823 0.794382652949990109 -0.002232185233427227879 11.15726940857375382 -0.7943728706531074657 0.6073852467855664905 -0.007409747470591317164 -5.703572251072190014 -0.004530378474501515172 0.006273968391061459683 0.9999700560474327204 -0.4469242752773941452
0.5908921153773775137 0.8067481951683862507 -0.001964071638095423681 11.32983038521379626 -0.8067443640371276814 0.590876245613058515 -0.005365954206586732132 -5.963901727823161636 -0.003168450595887141018 0.004755203756746823572 0.9999836743457630739 -0.4513992240421377811
0.577016969876323782 0.8167307179175095078 -0.001533259500308689367 11.50098514679465822 -0.8167282061202888466 0.577007322385390431 -0.004193714484459455487 -6.236885961874444995 -0.002540433482838549886 0.003672100705553250563 0.9999900308873721499 -0.4610838767039335262
0.5626811465283778624 0.8266735567724772249 -0.0008705599646954185165 11.67036204501847152 -0.8266673157718672504 0.5626720349030236434 -0.004618459984287846647 -6.522608150255418735 -0.003328118995182317765 0.003318383828387732378 0.9999889559153748442 -0.4627768146118246273
0.5490385295284367917 0.8357970406076560277 -2.17623214528943375e-06 11.83799778758395149 -0.8357873220647603629 0.5490321328172360626 -0.004823837681095708568 -6.809418026907783528 -0.004030554436855257258 0.002650291614349555534 0.999988365224961262 -0.4697936653833144627
0.5335381300505921409 0.845775384624670834 0.001030798286582825483 12.00553225386951794 -0.8457635986380525051 0.5335365059543214494 -0.00476781216761635717 -7.103903200381478378 -0.004582466686051011456 0.001671997920012262924 0.9999881026402397399 -0.4749435224749787299
0.5168932109694239774 0.8560474497912521352 0.002042586500570777418 12.17084770764216373 -0.8560368364996623347 0.5168970348117640778 -0.004288351484700881136 -7.412097387107502655 -0.004726839257778290941 0.0004680904824670119248 0.9999887188773337598 -0.4763593141105729734
0.5007450260464696434 0.8655916698060787118 0.002340951098373448246 12.33328349445040395 -0.8655825573156463726 0.5007504965235884953 -0.003971989713652440517 -7.723914902921030112 -0.004610353633540929114 -3.733234566175952463e-05 0.9999893715663530358 -0.4792506949534075522
0.4854546955661371843 0.8742582795773812254 0.002489807861421556179 12.49038581418658822 -0.8742494452196417631 0.4854610083866903736 -0.003939145761000913994 -8.050101409226821048 -0.004652535431112010851 -0.0002644363353539591751 0.9999891419347946009 -0.4834244517011533349
0.4683403736605091794 0.8835436153767661782 0.00282384958660162038 12.64526103183134964 -0.8835355304613605743 0.4683483709870340794 -0.003843150550469728432 -8.37935684657746549 -0.004718136485596511297 -0.0006950688776005727997 0.9999886279690177737 -0.4923834728213158374
0.4493900925823773873 0.8933291437743731134 0.003403758532511833891 12.79578636681706705 -0.8933212263253204055 0.4494012209571944805 -0.003966005396910192958 -8.722065265394483902 -0.005072601445780612443 -0.001258366213879064978 0.9999863425212586199 -0.4990698455284864332
0.4325260183616403964 0.9016113950782971287 0.004258603667013650604 12.94261398418850639 -0.9016043201663461737 0.4325420923534858408 -0.004121674398740088341 -9.067772063213222822 -0.005558173945340864203 -0.002056844047385593659 0.9999824378932652413 -0.5029923440796710832
0.4155306159176275216 0.9095656397246394409 0.004965306377743092074 13.08356009751867433 -0.9095546178642905932 0.4155533254208378935 -0.005082406263553792755 -9.424722170596092852 -0.00668613168145425641 -0.002404321939949125974 0.9999747571209721686 -0.5091050020872065485
0.3960371153067310246 0.9182173122893446671 0.005618782043735045216 13.2192295502493895 -0.9182062917037242533 0.3960654996768414593 -0.005415333916683078008 -9.789695307764056054 -0.007197859071853250808 -0.003014527801483561295 0.999969551259895062 -0.514690652174983887
0.3774396729871245526 0.926015610232911901 0.005863689993539046227 13.34858051028527015 -0.9260055637542453644 0.3774702197944378446 -0.00547074624900663678 -10.16385383838673384 -0.007279364776870923467 -0.003364932882926649493 0.9999678435205497928 -0.5215257250606182282
0.3565978422018895033 0.9342369127753665792 0.00627453144933146599 13.47270832399270901 -0.934227931975298076 0.356632196880469321 -0.00562559022397935652 -10.54594983000969322 -0.007493333978560432797 -0.003855769205039820836 0.9999644908644123031 -0.5261653019148347932
0.3364899107186973826 0.941663406056895691 0.006676052564886954081 13.59139624135420732 -0.9416540487998482645 0.3365290261699336316 -0.00598890006338284684 -10.93932985866111451 -0.007886213500540143612 -0.004271327480095516403 0.9999597808903024632 -0.5316899589750100352
0.3154351884021671104 0.9489188615020428541 0.007323674170541504165 13.70499352103004753 -0.948909032532118224 0.3154822818044114019 -0.006525170223182717374 -11.34275783340800103 -0.008502346537804040053 -0.004891232273043147685 0.9999518918179025606 -0.5343892103145384542
0.2945496625227415066 0.9556088433408642668 0.0072273671883199362 13.81147924465940946 -0.9555935467857304966 0.294599532481458759 -0.007217257316610260071 -11.75405389213483964 -0.009026053911170209623 -0.00478058473846211876 0.9999478368196768052 -0.5462262843724029482
0.2735562227858026052 0.9618353688314315031 0.006302082201055121853 13.90718513609243878 -0.9618118668964914519 0.2736005699763609522 -0.007788504715061659971 -12.17172986827845449 -0.009215512587503233918 -0.003930823516130293842 0.9999498102176102021 -0.5552246469825927733
