1 0 0 0 0 1 0 0 0 0 1 0
0.9999999967725365924 -3.4824126578120175e-05 7.24030875642453015e-05 0.8353433329259638551 3.483539052107988458e-05 0.9999999872911076171 -0.0001555772479431877958 0.389117243375621924 -7.239766880230721446e-05 0.0001555797696308981379 0.9999999852767562647 -0.1005952858678538231
0.9999999609825612756 0.0002512155943772379114 0.0001221703771107695907 0.8366667187201097811 -0.0002511887329249077845 0.9999999442885162404 -0.0002198344485200779536 0.3870824620755419776 -0.0001222255961461261734 0.0002198037521204734281 0.999999968373606607 -0.09909749648526756938
0.9999997305646579626 0.0001125393966415201802 -0.0007254002314356243139 0.8389407325661287773 -0.0001125921923961495987 0.9999999910158633432 -7.27411256519985719e-05 0.3843136616057546417 0.000725392038676137647 7.282278045539051527e-05 0.9999997342515811738 -0.1069344819298623517
0.9999985215215486667 -2.475669250047022946e-06 -0.001719578026092488882 0.8438012273312713862 1.410967908012914681e-06 0.999999808316184513 -0.0006191652471818469023 0.3822799556253281272 0.001719579229325574965 0.000619161905489960915 0.9999983298415097144 -0.106134810839257257
0.9999955861521339084 0.0009700365182847530809 -0.002808327866066854736 0.8523987769497916034 -0.0009704733015715917175 0.9999995172060250903 -0.0001541729149026327666 0.3799523743773846607 0.002808176956865495594 0.0001568976416229187214 0.9999960447548325027 -0.104360727389443908
0.9999941107865709666 0.000172546526243079533 -0.00342762598186646195 0.8647212778873896166 -0.0001743435363428028062 0.9999998475242974916 -0.0005239806420193548423 0.3777509035717042107 0.003427535048197183441 0.0005245751406204603694 0.9999939883941378893 -0.1027319107695134903
0.9999894076265312126 0.0002576436342003427947 -0.004595460205128552161 0.8839038593666712629 -0.0002602364547315612234 0.9999998073022239309 -0.0005636244339499377068 0.3761773271653682249 0.004595314105346103885 0.0005648143701010798455 0.9999892819790622278 -0.1037192692047539389
0.9999802877774263132 0.0003112951314288233979 -0.006271136413509665816 0.9115649128951870406 -0.0003124109009841824426 0.9999999355453670358 -0.0001769426198682893213 0.3739713267751039183 0.0062710809279297626 0.0001788983033131229705 0.9999803205760563474 -0.1068872367119719224
0.9999709746846625613 0.0002475494071104271409 -0.007615018548692936012 0.9517639583641530621 -0.000247315290338732236 0.9999999689155800731 3.16857377972455247e-05 0.3726965199419529085 0.007615026155770107316 -2.98015075854094387e-05 0.9999710048238984461 -0.1056484568186779605
0.9999694880418822374 -0.0002601008256772212356 -0.007807389628837778373 1.004203451919162937 0.0002583812266001568971 0.9999999421414417222 -0.0002212606040294629007 0.3702745400335257786 0.007807446727179269061 0.0002192365700263351747 0.9999694973902597539 -0.102375857620155053
0.9999684186798298846 -0.0008286113560114679579 -0.007904115774786822993 1.069488294068193568 0.0008225452171432148058 0.999999364731204099 -0.0007706857686223715989 0.3681030898941651253 0.007904749352528508965 0.0007641599367220649726 0.9999684650014043497 -0.1010986943573308483
0.9999645030971914261 -0.002389140155648861955 -0.00807988582244088642 1.147793638799558202 0.002375651232766840416 0.9999957692313858892 -0.001678630557635259766 0.3653911947450615427 0.008083862121985288876 0.001659375980734806777 0.9999659482425125034 -0.1018550647435213508
0.999956894604865032 -0.004785701322801262994 -0.00795650645973557287 1.239131099042795281 0.004766662338895082639 0.9999857350091466701 -0.002410126213209210985 0.3643122002358333278 0.007967927104450373346 0.002372096344075668318 0.9999654420511703279 -0.09990745053504969386
0.9999340402909205894 -0.007980625952789352495 -0.008259823053634662154 1.344086009985165697 0.00796324373679464792 0.9999660132937525647 -0.002135183033639243434 0.3651381734365067855 0.008276582426587100055 0.002069267213388624981 0.9999636074960606136 -0.1003581481143265008
0.9998899947122071863 -0.01219272086954811471 -0.008446066079517561276 1.462689282406548719 0.01217734084075213635 0.9999241048353798567 -0.001870010484580260975 0.3675219152826587066 0.008468225579803678391 0.001766954148124928823 0.9999625828142610917 -0.1036016901692106001
0.9998195043513715685 -0.01671874274475519326 -0.009024542072170890772 1.596279549152662902 0.0167035214435155982 0.9998589384799394519 -0.001759407046348080914 0.3711290297154835605 0.009052684130339543056 0.001608347849011633772 0.9999577301702471388 -0.1071684698730996643
0.9996958063150586105 -0.02244283246676956681 -0.01022810378092436391 1.744977436062092657 0.02243044882929632472 0.9997475292959262516 -0.001323870087090186186 0.3762762827117578368 0.01025523287893378641 0.001094046415691254416 0.999946815216208984 -0.1123895403571635587
0.9995347162784056216 -0.02812566939464919424 -0.01180244361774270001 1.913513495572090273 0.0281152621768866913 0.9996041397544545015 -0.001046813489580664157 0.3836661951089896938 0.01182721382963994837 0.0007144976276636578376 0.9999298007891194162 -0.1121045922194311983
0.9993292770331834163 -0.03417034849284910497 -0.01316751108646455407 2.101470578333411776 0.0341735660861577778 0.9994159129240201 1.937014606561681868e-05 0.393549313737202644 0.01315915822877470817 -0.0004693379643672916527 0.9999133043802274079 -0.1107181219980001019
0.9990531327187023303 -0.04090232091395185066 -0.0148269399674763637 2.31036195106400033 0.0409198229601892699 0.9991620467741564315 0.0008788486702470332205 0.404818258285077226 0.01477856873495598383 -0.001484732275706451485 0.9998896886538112261 -0.1103045156105802171
0.9988348874763043339 -0.04537514458001376538 -0.01643057559981988755 2.541254716125926905 0.04540709809375114564 0.9989673214227383635 0.001576760027316485412 0.4159141839402544782 0.01634206238217840446 -0.002320987682459611876 0.9998637657267488432 -0.1122272097509222077
0.9986852622840859395 -0.04825981292102105719 -0.01728402017455509324 2.796661393511044924 0.04828816020398673386 0.9988326936116740384 0.001226277522327970165 0.4260510233626541021 0.01720466450357257746 -0.002059278824177042909 0.9998498681752394646 -0.1102281346012568553
0.998584882571211474 -0.05016452894542209467 -0.01765650973221100095 3.076787237911507766 0.05016998052559456384 0.9987406845665492972 -0.0001343339195853036731 0.4356378592160122243 0.01764101341480174209 -0.0007516829281005756036 0.9998441026572464363 -0.1067767981883003675
0.9985672709917097212 -0.05043960349808616905 -0.01786761604482231883 3.380443055278973929 0.05044202890995669319 0.9987269408466101783 -0.000315192986298507981 0.4464185183341696783 0.01786076772192148054 -0.000586537404921104932 0.9998403117249554661 -0.1043383588200557932
0.9986358560334656076 -0.04896713634714887353 -0.01812861280592257401 3.708464242813683143 0.0489608776227157122 0.9988003852920517289 -0.0007891785997874125247 0.4580832414169703215 0.0181455092714639353 -9.949074649837760993e-05 0.9998353517429110493 -0.09993416810414991469
0.9986168880610325482 -0.04910830989466265228 -0.01877990358305820298 4.056585004039248155 0.04912484209184232037 0.9987925579000227483 0.0004197296526704272853 0.4715294359146651737 0.01873661572298318534 -0.001341708917594438199 0.9998235539576119102 -0.1056679218090088579
0.9985684250230932868 -0.04965516907931066121 -0.01988629504467873815 4.428082986525250675 0.04972041926094537129 0.9987592502686408746 0.002799984167492122755 0.4885021470339159233 0.0197225874421881088 -0.003784730707390493009 0.9997983273430985918 -0.1098937026301641112
0.9984896812969993318 -0.05035197573850190567 -0.0219780545691820664 4.820075703138682499 0.05047628510562743309 0.998712042907760722 0.00513809234469347377 0.5085981072680112458 0.02169103467684387748 -0.006239702736228609943 0.9997452501134533875 -0.1091759176632898787
0.9983719729744590099 -0.05200384237047646352 -0.02343083348480870867 5.234307466788749252 0.05218495716564056086 0.9986115865360243316 0.00718536579616440782 0.5290430315979659515 0.02302463516988827869 -0.008396404868219853324 0.999699638171677285 -0.101849286799753469
0.9982984520358790803 -0.0533442569317283885 -0.02354975403628284392 5.66878167066897376 0.05350832488832221734 0.9985469442170959997 0.006392132847927944894 0.5470614749263267296 0.02317455135301284622 -0.007641364217307662632 0.9997022305279132937 -0.1007308960170121975
0.9982488418524474438 -0.05459699761705043286 -0.02276878546280452359 6.124308311590237253 0.054756938926044392 0.9984788105427004901 0.006460846437072772196 0.5649732850885458291 0.02238140700887400122 -0.007696281468201400522 0.9997198807025222678 -0.1015013488274411346
0.9982202915337941018 -0.05552996011233336804 -0.02174104643547976681 6.596411311598135541 0.0556849063913885528 0.998426662877074822 0.006587112897938784961 0.5874526994921309697 0.02134105832355360707 -0.007786037892956992196 0.99974193512303966 -0.1003014316196814137
0.9981686987210665052 -0.05732388996000094272 -0.01931891646408803037 7.083767362238487131 0.0575235432127291571 0.99829464560372283 0.009941958317693143365 0.6156766011381857862 0.01871605914037432691 -0.01103504412275592254 0.9997639406037120979 -0.1088660472174504124
0.9981760503513178451 -0.05851281201812937038 -0.01486012566482776756 7.584686205618380583 0.05872032213035589115 0.9981772204091106104 0.01393414601793349465 0.649844789396150091 0.01401771286446735869 -0.01478132220313565538 0.9997924865890803758 -0.1065861686429040167
0.9981988141903771483 -0.05914061960908251897 -0.01007543851049469766 8.096747847329170966 0.05928472685015411664 0.9981334499665804882 0.01466073736598724753 0.6780999289058953217 0.009189587108655703288 -0.01523165027387522394 0.999841761639664095 -0.1030686434748148556
0.9981916470323444202 -0.05981535995455067312 -0.005963095535292679827 8.617662612152825474 0.05991324552759749733 0.9980436106546275443 0.0178704852151233412 0.7076812989234009255 0.004882499893016916705 -0.01819543747706163853 0.9998225278767292057 -0.09760755142450557031
0.9981830958782416108 -0.06006762212920784688 -0.004731582681505138582 9.143750838165402683 0.06014544216873372179 0.9980179135353604014 0.01851405003918136713 0.7359470434937733785 0.003610109313681012389 -0.018764994917891787 0.9998174043676548717 -0.09684728543087878228
0.9983393733230840894 -0.05717387389855557028 -0.007045836806505488895 9.674636541328801798 0.05728003867752069767 0.9982312037674181404 0.01592045835247881888 0.7589865336720942324 0.00612313987865492626 -0.01629760621942209428 0.9998484361089650108 -0.0967122829427125158
0.9984660364116084708 -0.05451070640960059555 -0.009703453983957345194 10.2150850021834021 0.05463841146827237011 0.9984159964032174317 0.0134217032598061628 0.7788666315154633146 0.008956457152033470148 -0.0139312961671503345 0.9998628410249011944 -0.09727636300683226156
0.9985147841766035537 -0.05328389417552566176 -0.01136012333745854523 10.76755581185420674 0.05340571008726700125 0.9985155286716682621 0.01070369710023215751 0.7954479004621106686 0.0107729248965021257 -0.01129449525344595681 0.9998781818132368437 -0.09706659418328059119
0.9985814071382437263 -0.05165417313071297284 -0.01292361079526351507 11.33245741165323572 0.05180438502655631411 0.9985902106234033626 0.01157138449483250189 0.8175158473449546381 0.01230768092799895859 -0.01222446912095868574 0.999849530351885174 -0.1011866273055206933
0.9987011585818610371 -0.04936995746168270499 -0.01259377415551651835 11.9103236412920257 0.04953396559619411416 0.9986870308068870328 0.01306142222114040422 0.8411620034242330846 0.01193239705857852481 -0.01366827708072537902 0.9998353845019093411 -0.1081564945814872947
0.9987543093826930507 -0.04874079467782251734 -0.01068477532164911065 12.50006139967922181 0.04886591948863004686 0.9987358769802821001 0.01178006557526954136 0.8609121865544293595 0.0100970986937090005 -0.0122875126287329741 0.9998735248176982005 -0.1042385816439641566
0.9987921015131946412 -0.04833035817197748468 -0.008860837083749869766 13.10256990774639618 0.04839955204316116061 0.9987978467446400055 0.007768185135022895142 0.8769412030367393918 0.008474745829682536757 -0.008187662501534000159 0.9999305680225418769 -0.09921927205185844534
0.9988285541410198975 -0.04783503472223009367 -0.007302662917231444138 13.71763026957937548 0.04786466519494027294 0.9988460671343210029 0.003938019308698357743 0.8916860187162926055 0.007105860844115877324 -0.004282945647851388662 0.9999655809667858941 -0.1016528047431473347
0.9987822794587347675 -0.04913262023901911885 -0.004465855759231135771 14.34213538837002488 0.04913946911059070832 0.9987908928661977104 0.001436977060641835176 0.9117552464626418329 0.004389853612961420321 -0.001654677005290856743 0.999988995554083604 -0.105107318660684651
0.9985500983376545125 -0.05383029670383465692 -1.632904127968820684e-05 14.97481784094967772 0.05383029285348448628 0.998550082103766723 -0.0001819391899498393531 0.9374641372659595628 2.60992060875636391e-05 0.0001807963989417830323 0.9999999833157466878 -0.1087424440478316212
0.9981250933076113441 -0.06109492100909181406 0.003702531102498684244 15.61013976253786595 0.0610967114668559963 0.9981317814967050062 -0.0003723092123753094255 0.970783486116743477 -0.003672867763462944572 0.0005978236418078113632 0.9999930763006739109 -0.1107878491623394135
0.9974917182987834696 -0.07051104522121513785 0.006201969618766548301 16.24704175797296557 0.07050476135509708975 0.9975106890184582964 0.001226344234498875484 1.014861380738263819 -0.006273001801462891117 -0.0007859998297933916672 0.9999800156266456241 -0.1153459856962522623
0.9966432376481642041 -0.08162766946570079729 0.006259427113022069701 16.88290737819620446 0.08162740941732443689 0.9966628705660652843 0.0002974337355845185858 1.064378712459960852 -0.006262817417219876219 0.0002145054984538109213 0.999980365359935286 -0.1218802434897276465
0.9953981347034489557 -0.09572457791155312978 0.004399842332355655312 17.51670245274751636 0.09573277733891635832 0.9954056323427020736 -0.001691875705499205299 1.120488979584119527 -0.004217673751258947321 0.002105299047733732911 0.9999888894103011738 -0.1281388530080053156
0.9935397894296592591 -0.1134440022334969461 0.003024099422106223817 18.15013979239435571 0.1134559094206271934 0.9935345347739826805 -0.004109115353007704655 1.187305852449412225 -0.002538392721168274396 0.004425671552682908932 0.9999869849121542087 -0.1332182607439764133
0.9908564333277374292 -0.134908230606303664 0.001815997717881453468 18.78013713924033112 0.1349171774665723356 0.9908364078206761683 -0.006369314050358659135 1.271093336592141076 -0.0009400837666864490056 0.006556085089064928734 0.9999780667548746615 -0.1356845027459002706
0.9870856257219483565 -0.1601810332874633591 0.002001016759101421037 19.40677760962535814 0.1601894304770186406 0.9870727264307128657 -0.005174852663369110262 1.377264533548226977 -0.001146235821310942872 0.005428564414256015214 0.9999846082974688244 -0.1385357792076653549
0.9821185428701086906 -0.1882557697388837215 0.001712574294718403455 20.02600405882058965 0.1882588284805811751 0.9821177168793558954 -0.001844909428812514622 1.505317024669744486 -0.00133463471169548739 0.002134326990362315352 0.9999968316942231539 -0.1473289878314266721
0.9765356545269863187 -0.215355508639539811 -0.0003468950209773766333 20.64269021914439861 0.2153552250644132637 0.9765355179997963209 -0.000713528083183144566 1.650528950989905264 0.0004924175122841946504 0.0006220799584183306927 0.999999685270709926 -0.1463721909265471854
0.9703499313561919637 -0.2416923860724718987 -0.002408574605177341964 21.25317705859345097 0.2416893335756579442 0.9703525352978091822 -0.001491065682093160568 1.81009618213569512 0.002697545697083627344 0.0008647286910741066234 0.9999959877377023743 -0.1460407356202947649
0.9633707614390208951 -0.2680839284892649887 -0.006912545852559603618 21.85726521576962256 0.2680982504177459869 0.9633908049223803838 0.001218652514728809678 1.98977075191587871 0.006332781959348437496 -0.003027255650047547004 0.9999753654945128245 -0.1517810920350087245
0.9558688374731960646 -0.2936241794513692605 -0.009980320092604876014 22.45820087741080329 0.2936525421971009631 0.9559110909083753382 0.00147334298100118056 2.183448366115328998 0.009107689543489796979 -0.004339069009583119106 0.9999491099407556982 -0.1494259324888628782
0.9472692780921024847 -0.3202427993956785679 -0.01120108111238772748 23.05722219539083184 0.3202675977687718945 0.9473270113288831951 0.0004465715017106643776 2.390364295430026598 0.01046807538601251392 -0.004010366804319547181 0.999937166203860861 -0.1495626849684347781
0.9381819247259898242 -0.3459120141196157516 -0.01263149259382853606 23.65387208707156219 0.3459419238965423249 0.9382559070268957635 0.0001954990949151356398 2.615928543605930301 0.01178394705504545205 -0.004553176566743638923 0.999920200403490167 -0.145060044798379445
0.9288827289757792816 -0.3701336846089148258 -0.0133390902364985877 24.24808199623549854 0.3702084205319023935 0.928941888439418828 0.003562761552568507236 2.86430042586554201 0.01107254161352165187 -0.008247631201426483191 0.9999046831582408812 -0.1463901941722500211
0.9182116626487066835 -0.3959119420729105276 -0.01187757129862961405 24.84152994196893971 0.3960242933415170086 0.9181927889785450603 0.009314577346998030236 3.133525612330919863 0.007218147909941915498 -0.01325656033281031806 0.9998860744849349391 -0.1447150359023377797
0.9073920265086233838 -0.4201599964879481064 -0.01026097362930028165 25.43361753044467122 0.4202679657510889899 0.9073057622594734584 0.01308016567927826161 3.416679875730855187 0.003814078134389314173 -0.01618119655660044467 0.9998618012935495125 -0.1443924852171081796
0.8962207645479317586 -0.443505298379374413 -0.009559890299725037899 26.0249056928428999 0.4436006755563922099 0.8961237022031103283 0.0134443666903167839 3.716105522600624766 0.002604196427534536881 -0.01628989438926148337 0.9998639194919244355 -0.1484449379229919042
0.8851198892989065037 -0.4652660257832254009 -0.009502990022863019859 26.61400655971923257 0.4653600613881010428 0.8850029711843089286 0.01448289542211950685 4.031817214007133998 0.001671775210485005854 -0.01724141081316410418 0.999849958204138356 -0.1541508709964565793
0.8733207557839309798 -0.4870685537882636362 -0.008664953986773750796 27.20139529131433775 0.4871456058098267428 0.8731779069114130598 0.01579562034174446586 4.367389634160730338 -0.0001275035703871459916 -0.0180157373541294831 0.9998376953038060622 -0.159750227807787526
0.8608645731987791816 -0.5087772243173218634 -0.007610691640403380656 27.78732221692276738 0.5088224242897524396 0.8606469297487173709 0.01966221894918190535 4.722867725166007169 -0.003453570787306819989 -0.02079899829482022983 0.9997777125535201037 -0.17295549856170786
0.8481803515468621102 -0.529665026858688881 -0.006711972335001016587 28.37333979108643689 0.529665314116024355 0.8478846172107113999 0.02337372284893117491 5.097732755042803099 -0.006689265446575456964 -0.02338023139812174522 0.9997042655243376652 -0.1801758285342245081
0.8355711964533983904 -0.5493400045903745754 -0.00680698274447762413 28.95941707526387532 0.5493310343561865761 0.8352602206804297102 0.02399538376525647485 5.489185304922623132 -0.007496022318433533636 -0.02378913839396241264 0.9996888948787390206 -0.1867277539614804471
0.8220103651596935013 -0.5694150891641200918 -0.008088003600675597662 29.54479785576180007 0.5694466938685359692 0.8217548888384444972 0.02119824314205450214 5.893829331144484485 -0.005424243009057547714 -0.02203086249634572322 0.9997425762092189139 -0.1979527540351358472
0.8093865600339515964 -0.5871778638987863452 -0.01074953876520628147 30.12537383589796036 0.5872693842215453985 0.8091529740387353176 0.01965031705384549451 6.316593689208790607 -0.002840209931199554755 -0.02221757753509682326 0.9997491247588160546 -0.2119777900788810121
0.7961193330184193062 -0.6050054625257595964 -0.0127435437888701493 30.70785676371581729 0.605138088245300465 0.7958927265930628714 0.01904368428332578814 6.763937015370276029 -0.001379039205446103795 -0.0228726489557218339 0.9997374356202822776 -0.2282671891315736501
0.7812731207904862751 -0.624057720306622099 -0.01281688167988164449 31.29019448487661847 0.6241882480462112026 0.7810689490936733037 0.01789770272147726132 7.229733402583204516 -0.00115833125472761516 -0.02198314098136982739 0.999757670528862441 -0.2362022065216000111
0.766749435047128669 -0.6418349494190366267 -0.01196668538785084467 31.87329977483724974 0.6419457217466865151 0.7665863233727356896 0.01584610832340863779 7.713298031490030127 -0.0009970887798127396964 -0.01983195709288861422 0.9998028302079520202 -0.2450595822528910117
0.7518494846175458601 -0.6592190806134048398 -0.01235136573614084403 32.45478547258009172 0.6593347789950676496 0.7517187163415490758 0.01402215066738631694 8.219209550900295369 4.108352505973729912e-05 -0.01868623175042965351 0.9998253962843278719 -0.2567539798450004795
0.7368696250100374989 -0.6759099309429362767 -0.01299696080943659598 33.03168956571087733 0.676034398888360033 0.7367557922663132697 0.01297667452358166294 8.748387392606719715 0.000804522977107643175 -0.01834850987825196664 0.99983132823893206 -0.2670171033366282587
0.7209402514491918268 -0.6928769204094232803 -0.01291228114353276321 33.60171493054374992 0.6929951295317640092 0.720858736862167282 0.01097414847421768203 9.294834116915303923 0.001704196476204489306 -0.016859853304056302 0.9998564102214558824 -0.2745381287330835862
0.7047111757397470644 -0.7093719209423018368 -0.01317712283209387242 34.17173275600036675 0.7094873769874358027 0.7046647846296363316 0.008671977764982437623 9.864387994990281072 0.003133796897001172015 -0.01546024196113324894 0.9998755723766390435 -0.2827296772009284531
0.6873092812046381894 -0.7262213548254743412 -0.01443938244580312419 34.73366639187710803 0.7263511823049620952 0.6872826200104131811 0.00752065128866991929 10.45557891545808715 0.004462279030656122157 -0.01565707594266907074 0.9998674632363921955 -0.290549353028239532
0.6696838549239410021 -0.7425303299438097415 -0.01312415969680075234 35.28920539334470163 0.7426382752945842602 0.6696542138480624518 0.00718511955495204635 11.06891165990087877 0.003453479650353273589 -0.01455826188357248023 0.9998880589792208395 -0.2975114489117895999
0.6510102410789446736 -0.7590193829343908627 -0.008674234273472719581 35.83741366082109892 0.7590688558904975514 0.6509620619082500115 0.007928806546439737257 11.70033266234543845 -0.0003715204241498354463 -0.01174607534695712614 0.9999309434588561363 -0.3071540080797698913
0.6304772189946648009 -0.7762066437964284527 -0.001312423345576325213 36.37472279084872184 0.7761828041736799078 0.6304424963069253929 0.009083686221755090523 12.3472347014121091 -0.00622341014529175212 -0.00674573765994473766 0.9999578812077970502 -0.3129021898664141599
0.6089169263930984677 -0.7932053029851503512 0.006747152600750355896 36.89557105177325269 0.7931498748210220606 0.6089541984736106528 0.009384041387356193212 13.00963555637855507 -0.01155217829585213074 -0.0003625983980510839562 0.9999332056187666407 -0.3170336301573996041
0.583048734728708995 -0.8123607707781516085 0.01114230819799685857 37.39222920594670541 0.8122822364207918922 0.5831505510298122807 0.01153270258279763365 13.68718460031062278 -0.01586635832472252719 0.002326571373055932868 0.999871414602476527 -0.3277943068430759777
0.5556529152192293264 -0.8313032212124643605 0.01359382985595468558 37.86393811075625138 0.8312037302019104068 0.5558059017279624037 0.01342231361563720783 14.38177481579615069 -0.01871354340582851924 0.003841094394484060627 0.999817507991858867 -0.3376029116366708882
0.5286862729531220939 -0.848656910497312067 0.01650069865473479183 38.31136558598974773 0.8485724469982449669 0.5289007865477499681 0.01373900231393469264 15.0894443984335993 -0.02038693175413586883 0.006738416307180495127 0.9997694568045791819 -0.3566853915486671855
0.5020648928405815337 -0.8646416055155938807 0.01804819626421017703 38.73466666028959082 0.8645507644942316272 0.5023237398077565752 0.01492769365939704447 15.81167962872247301 -0.02197314245652845152 0.008108910960502637919 0.9997256756598881244 -0.3799422823074101729
0.4745121702435647348 -0.8800307799589466295 0.01959659704107542116 39.13415563304114642 0.879935617104577017 0.4748196505520577704 0.01611239275864344636 16.54817281870376888 -0.02348425092544679724 0.009598217254767830997 0.9996781302919459655 -0.3982778710842962977
0.4459327573532629874 -0.8947678079823949693 0.02312024475856468142 39.51093924456115047 0.8947079662041307335 0.4463364266859762841 0.01677645445445406086 17.29118770848189968 -0.02533043880757127747 0.01320469657259098518 0.9995919191641365886 -0.419047828745850115
0.4167346493436043797 -0.9086555934553972591 0.02602392204651701388 39.86916171431994371 0.9085968901765545391 0.4172479704788829569 0.01886325244350712388 18.04908569836471699 -0.02799862850136381962 0.01578428374913760229 0.9994833331219532546 -0.443863261569852563
0.3881233089666155101 -0.9211159326925973945 0.03009544112738228236 40.20133612199305162 0.9210837834737082286 0.3887965788331257944 0.02102103968447131474 18.81787510934296037 -0.03106381912392987624 0.01956166729866396295 0.9993259629940233202 -0.4654611908905383899
0.3581062253815353591 -0.9331464213384808026 0.03158619455039567842 40.50604997285628173 0.933149532713409835 0.3588386995363882503 0.02160410404942947338 19.59399071201452713 -0.03149414135571663304 0.0217380785310054489 0.9992675192369888659 -0.4915324742509087352
0.3291042396864636288 -0.9438437442166081048 0.02914422624755682451 40.78188562730979072 0.943859309215731801 0.3297321077431655256 0.02015791482398482728 20.37652322661441318 -0.02863570895221990986 0.0208739940218339616 0.9993719390429072202 -0.5193101005252240832
0.2993676006689033331 -0.9537861452096502157 0.02590422505808216008 41.03032175290805128 0.953826352381125564 0.2998532355567823382 0.01741627484410755364 21.16297944671927667 -0.02437886734573016176 0.01949426408573960365 0.9995127035184169229 -0.5442737925075831207
0.2695886328048114899 -0.962657694243593709 0.0247413171848309757 41.25308989939954074 0.9627338085270785717 0.2700076694256594578 0.01547489483875399627 21.95778630381054342 -0.0215773719757342379 0.0196474467789508507 0.999574106734307688 -0.5687668924805950876
0.2404347558043324895 -0.9703459613041723886 0.02489665804867565585 41.45236270670230994 0.9704225366352243753 0.2408691529524749075 0.01619109466386102134 22.75676616319567813 -0.02170780025170300151 0.02026737616562534691 0.999558905153464794 -0.5926003633462316733
0.2115102986851659095 -0.9770124923051367594 0.02664551425319548056 41.63065392612102755 0.9771065848006987853 0.2120132478521784547 0.01769476403589272107 23.56762776945513593 -0.02293720752897033741 0.02229288260580297026 0.9994883250423172161 -0.6085189974134923574
0.1811953936607060278 -0.9831607355972949991 0.02373177818722389115 41.78217584554242592 0.9832540031212153586 0.1815852522357909171 0.01543896099383264275 24.37933208158954201 -0.01948832117568533723 0.02053689728878283632 0.9995991402494818212 -0.6193036820250705787
0.1518535287606072037 -0.9881174902263297755 0.02375565852108866768 41.91313412849682152 0.9883549362486390155 0.1520393188043911437 0.006210115171676100845 25.18716408274029561 -0.009748117556749097065 0.02253599446032622522 0.9996985061296150832 -0.6318054598164384306
0.1222601479483846898 -0.9920419984956737602 0.0300853692739324538 42.02391820924150068 0.9924829134144691478 0.1220344694062063251 -0.009233355677823443589 25.99002165362863082 0.00548842454321521369 0.03098808637937338142 0.9995046851809039623 -0.62944759100666825
0.09255752350798462924 -0.9952689754791627097 0.02954270283380962606 42.10508067219155492 0.9956151392953767054 0.09210444892129732164 -0.01634823827669943178 26.80558328591340711 0.01354987999638619135 0.0309263146456550328 0.9994298193542763276 -0.6387421065596547987
0.06353267112315852394 -0.9976277585703795525 0.0265038682044204249 42.15697869582852775 0.997961297312948914 0.06334754846894508074 -0.00776770033091864643 27.64322413531660416 0.006070318394686705088 0.02694333744760232449 0.9996185311416408981 -0.6641873729394751624
0.03269327031553170837 -0.9991579685920969345 0.02478918867148270644 42.18385699027340507 0.9993832257419784648 0.03299862906289907638 0.01201076956432865772 28.49828508964797891 -0.0128186653608628881 0.02438122800196872858 0.9996205467773670028 -0.6752054687967519175
0.00207144528311664633 -0.9997197271336266677 0.02358339022080190375 42.18971267127040647 0.9996249001801261747 0.002714132584293871275 0.02725238382578759264 29.34938234541389335 -0.02730875416990362348 0.0235180922734484453 0.9993503546211935928 -0.6704158314503312344
-0.02453282504143849962 -0.9994320942225094484 0.02310042279905691331 42.17310679080719638 0.9993182854968991613 -0.02387925237411336887 0.0281557379159447993 30.19500007975593192 -0.02758812728374542 0.02377541469801150442 0.9993365923896280201 -0.6846247043319790837
-0.04884859184791512376 -0.998536494439984379 0.02320957444640482648 42.13422687335102523 0.9986266319547338899 -0.04838601728542424318 0.02009087559066298836 31.035294055296621 -0.0189384536121793845 0.02415911014011143734 0.9995287251360099878 -0.708768968811586686
-0.07226488195069769027 -0.9971245588094036494 0.02281230053730251908 42.07553452592681253 0.9973285543197966119 -0.07199749972879088133 0.0123334817139201941 31.87914917820787508 -0.01065558891082898918 0.02364263631567416202 0.9996636855327936111 -0.7390774538565696439
-0.09472807260280169395 -0.9952878222793670737 0.02070611222209139957 41.99254570286701949 0.995464837087258303 -0.09452136565704716276 0.01074567620793166582 32.73328240351402485 -0.008737870667231363922 0.02163012382586584209 0.9997278566487384222 -0.7657537551695869915
-0.1141809882244471108 -0.9932806679729804245 0.01887370019997823209 41.89349434588238097 0.9933906284694596911 -0.1139279634830303589 0.01398135922081029242 33.59731304633413629 -0.01173717159884385408 0.02034536231575364423 0.9997241144611347385 -0.7834038605399306077
-0.1319163836672929691 -0.9911071248579012005 0.01745665420543286023 41.78024485885518402 0.9911482031548044525 -0.1316154552566206615 0.01739572707864854573 34.46773425593696771 -0.01494346355922664994 0.0195969128562880554 0.9996962808290111857 -0.7956051036597852066
-0.145638636376879127 -0.9892231324781165513 0.0150659139937287679 41.65460756235515305 0.9892166053120597935 -0.1453654959702761484 0.01787121585681145791 35.33649055542416306 -0.0154885560711237099 0.01750619180458269641 0.9997267816155236408 -0.8163760121501714151
-0.1570258046375667682 -0.9874998991803479731 0.01366915493833180742 41.51925522988514672 0.9874938793197889364 -0.1567971960230796213 0.01644620397704792472 36.20916577929813229 -0.01409733960289880246 0.01608068524980601696 0.9997713121399399716 -0.831765202396212544
-0.1625568153848677699 -0.9866362539910368268 0.01114379120696205351 41.37599246494568206 0.9866144248657717775 -0.1623844518066448472 0.0149421035412667276 37.08556677965570003 -0.01293284263851136873 0.01342356591930038423 0.9998262596367919475 -0.855012327662511229
-0.1669625248202799561 -0.985910572181219802 0.01019112196658412094 41.23306576889143571 0.985873832891229096 -0.166799269578784104 0.01519175066744088247 37.96440079811145552 -0.01327783589275653188 0.01258361352253438599 0.9998326618713355707 -0.8742300437764066734
-0.1706038380345857863 -0.9852846003637630856 0.01042049585618982227 41.08837996925537084 0.9852331856402690713 -0.1704203584498018564 0.016506705878782401 38.85331470738461945 -0.01448793846606175224 0.01308272570457345504 0.9998094528094553235 -0.8959068644495411515
-0.1739248682056071527 -0.9846863460398593837 0.01195575770635047552 40.94022793271992811 0.9846431858789753688 -0.1737054761815899351 0.01744144623100119668 39.74376677079519027 -0.01509757337336191906 0.01480565659462010526 0.9997764029076892101 -0.9180414364908194846
-0.1767046729029275731 -0.9841749304238508467 0.01323498770220285156 40.79063413491470413 0.9841569501908674633 -0.1764712583658514244 0.01711701965246842025 40.63953100045730338 -0.0145105466912674938 0.01604996249157601348 0.9997658939665523548 -0.9360837862083628558
-0.1775527244780872316 -0.9840254754388186864 0.01299591158079080842 40.6379015174903202 0.9840237744049737945 -0.1773453426709543646 0.01567931244384038886 41.53881324079064541 -0.01312407848948705241 0.01557219060791011252 0.999792611216682614 -0.9588843870073036069
-0.1788271845239017832 -0.9838031570915717339 0.01233637596341568589 40.47980744401252196 0.9838052147354834354 -0.1786443359501763695 0.01461166288243351263 42.44756203186001642 -0.01217117638207971392 0.01474955353822381132 0.9998171398490323103 -0.9786743150685655035
-0.1794760318159998036 -0.9837001689820861206 0.01106035931593449088 40.32009050159999219 0.983681981545185935 -0.179306322258690809 0.01479871553207415431 43.36379927537149115 -0.0125743066178193065 0.01353589090817066375 0.9998293186691432632 -0.9975032112100881143
-0.1794744776779255702 -0.9837067272175397115 0.0104874538946851583 40.16100489098917592 0.9836677405500651172 -0.1792989052802833605 0.01580122673788772816 44.2893561828431217 -0.01366338403785532715 0.01315208699216079656 0.9998201510993788288 -1.022987636554305579
-0.1797742377979565376 -0.9836556121499498984 0.01014199734131252494 40.00003437413909069 0.9836027866234625661 -0.1795947634325889553 0.0164705523329272685 45.22108754887062787 -0.01437990162424638597 0.01293667783860610355 0.9998129128970965063 -1.042595741558789868
-0.1795098342380798684 -0.9837013981125490858 0.01038165512976345697 39.84032625819980211 0.9836618141137574156 -0.1793364545610340866 0.01574393597261881939 46.16085197924626016 -0.01362552260461243926 0.01303822905514626616 0.9998221590447257112 -1.066071564578053854
-0.1803336167432199044 -0.9835445470548460634 0.01095037127166381165 39.67888306348513083 0.9835275952531602472 -0.1801680396446949661 0.014592699069179366 47.10203505963751525 -0.01237966267090644286 0.01340154652513932988 0.9998335573998750059 -1.085304135906771439
-0.1804052547070658097 -0.9835357335043141136 0.01055485642770484164 39.51392574747909237 0.9835240509915093021 -0.1802558649451262429 0.01372094290255805073 48.05339449909359928 -0.01159246286729068501 0.01285628535056713116 0.9998501541389366309 -1.107185471654538844
-0.1817219019172211514 -0.9832973818138192046 0.01016903543492302976 39.34705480769012809 0.9832797786122770001 -0.181575664606734577 0.01382588133953216968 49.01420093283031321 -0.01174850355492493802 0.01251147236385311175 0.9998527070141424167 -1.132534043134002744
-0.1816340811934227251 -0.9833186176693287095 0.009672470930530575189 39.17663603161749108 0.9832877327547820956 -0.1814865578179345462 0.01441748748423274558 49.98334849013627945 -0.01242156040848456204 0.01212952910373422781 0.9998492783218578817 -1.155985525474312769
-0.1818465740880557124 -0.9832820369394802418 0.009394643398482869362 39.00646152088799568 0.983240756696968754 -0.1816958713162284411 0.01497413492024064069 50.96126476419978246 -0.01301682996778821648 0.01196019141920055123 0.9998437457717109789 -1.175038783879190252
-0.182321291934162133 -0.9831861756303267308 0.01019267172387759365 38.8337524257473703 0.9831595146624185766 -0.1821649390143860181 0.01460492117893902146 51.94561070883751341 -0.01250260917632960156 0.01268381028310161356 0.9998413902817218091 -1.197100031149156418
-0.1834817880445067662 -0.9829594037730954303 0.01119124613399185945 38.65943583469820055 0.9829522673887229889 -0.1833200017573846097 0.01409315404872051557 52.93807396205768612 -0.01180141904006199068 0.01358629786635849775 0.9998380563965983958 -1.213323781526214118
-0.1853110007094702638 -0.9826215259134489788 0.01071306807501968411 38.48085681695324922 0.9826137779297873243 -0.1851610254927449351 0.01362196979242613105 53.93980387480738159 -0.0114015980724364429 0.01305110914828274717 0.9998498247793986549 -1.238035469850315318
-0.1864988314372226785 -0.9824064045338041229 0.009789903141220343552 38.29726644869484886 0.9823894003841818767 -0.1863617739820351282 0.01342963927576351288 54.94745580080775937 -0.01136889991857867321 0.01212210910827599131 0.9998618917557606789 -1.258858966749016428
-0.187898580794820802 -0.9821488964742239869 0.008812972810386227387 38.1103014631283088 0.9821296773535045377 -0.1877816300578929454 0.0126236395030089564 55.96323100225249902 -0.01074337920737845203 0.01102744608987064889 0.9998814805945459572 -1.282811725469997999
-0.1889849352728265597 -0.9819550737438894616 0.006994811545580198291 37.9215679984678502 0.9819255804137732024 -0.1888946885861948477 0.0118722850790935839 56.98380351803479016 -0.01033676782172832792 0.009112067413991844014 0.9999050562220608285 -1.306107289628649859
-0.1885430374416969812 -0.9820455460608621401 0.006169967121604540833 37.73305852881370015 0.9820130650559447671 -0.1884647925115032763 0.01146132815272975398 58.01756451472046194 -0.01009272469095422696 0.008219941947412981106 0.9999152811427044485 -1.327624765983842048
-0.1884679435912637313 -0.9820575288502300104 0.006545553227937380737 37.5411105457174159 0.9820378320845347675 -0.1883945123165897684 0.010450075774907433 59.05801009769012921 -0.009029429283583703669 0.008397485193427239175 0.9999239729345621441 -1.346628726462483883
-0.1879095924936591278 -0.9821656109370063836 0.006379478160799374742 37.35150562433113208 0.9821587126401101209 -0.1878516384762056735 0.008719237749181331029 60.11039907961175999 -0.007365340045700358163 0.007904088470030401839 0.9999416368726072868 -1.36407908428992064
-0.1880524385645547802 -0.9821414183561533173 0.005874921215444407936 37.15820234248809584 0.9821322219787264052 -0.1879997877215275892 0.008507547695440849725 61.17452994465589455 -0.007251131018948651745 0.007369814517606288265 0.9999465520381187744 -1.388125929430680028
-0.1882754939910937786 -0.9821018507947174569 0.005319119100041351696 36.96382935382604273 0.9820643128593117277 -0.1882070740736541126 0.01130409999966141416 62.24853154377736075 -0.01010068168876796652 0.007352002055559925427 0.9999219591024077758 -1.407425095883650279
-0.1882266962450089842 -0.982110321308648837 0.005479744493343959369 36.76545144946634025 0.9820313376879019618 -0.188128395320048547 0.01490498819905993096 63.33786648064704394 -0.013607447210983694 0.008186797501266373026 0.9998738989127946564 -1.43147939489291498
-0.1875986085228977807 -0.9822320043011528723 0.005201135146555719777 36.56809568311281566 0.9821252814594955138 -0.187490028348965998 0.01665595352451340258 64.43641494825129712 -0.015384849637855115 0.008232800024540678704 0.999847752112978716 -1.461088667581961431
-0.1880508461279286614 -0.9821374495561361329 0.006550530508190247417 36.36940644633860131 0.9820358309430968768 -0.1879172765898824427 0.01710917598668062339 65.53737096051361277 -0.01557260461424754376 0.009650250691575641346 0.9998321692399769756 -1.483431953240285095
-0.188870962809877696 -0.9819680838053397309 0.008151183652679390781 36.17210143203301698 0.9818972245178205771 -0.1887231202483017345 0.01616862294527191338 66.64315362263060649 -0.01433875487868910455 0.01105740798808430361 0.9998360534793261367 -1.513642921222254856
-0.1885903195906861729 -0.9820116612474862894 0.009316036208339021144 35.97366248060053096 0.9819589946829168081 -0.1884300082850582925 0.01583239523913346908 67.75022054257735249 -0.01379217597038702621 0.01213380202760447855 0.9998312591284375106 -1.542525641771603118
-0.1891413061652940097 -0.9818994086018347778 0.009955786732053504076 35.77169448388879403 0.9818376510563987525 -0.1889566846054699933 0.01703520798120105456 68.87060917432633289 -0.01484564818862261527 0.01299702774777967453 0.9998053230502341737 -1.56723806941539423
