1 0 0 0 0 1 0 0 0 0 1 0
0.9999999662383923793 0.0002494046741527439909 -7.29419128110083716e-05 0.8356119046053349653 -0.0002494192728246934655 0.9999999488548929616 -0.0002002004940619101316 0.3889131430084765695 7.289197814139970852e-05 0.0002002186804216713714 0.9999999772996195357 -0.09915273848732961137
0.9999998527273842308 0.0005380029373917679303 7.140062423204016399e-05 0.8369366787349747927 -0.0005379843513520964288 0.9999998214679858277 -0.0002600708255110829891 0.3875148437793123901 -7.154053035279776666e-05 0.0002600323747912586226 0.9999999636325576091 -0.09203747796483735533
0.9999999835114848912 0.0001482411075336937203 0.0001048885316731222519 0.8375328367031411592 -0.0001482213312685679994 0.9999999712437767085 -0.000188528201373142399 0.3865385096167628376 -0.0001049164762862971008 0.0001885126515467929181 0.9999999767277563123 -0.09529891967459695745
0.9999999044127417802 0.0001500334920445143909 0.0004106877872166533753 0.8384944390078493681 -0.000150080127232556169 0.9999999822939683591 0.0001135254084559588834 0.3856996340282328184 -0.0004106707473315360343 -0.0001135870336797346826 0.9999999092237573661 -0.09307167863274926067
0.9999999777557961878 0.0002093682225654011999 2.556079984331646981e-05 0.8385693577811406119 -0.0002093651496321986794 0.9999999708634131901 -0.0001201640835577331442 0.3839328672201663961 -2.558595763915268921e-05 0.0001201587293440948678 0.9999999924536192575 -0.09200217942055581577
0.9999999912013711745 9.341267987407399654e-05 9.418773126016541516e-05 0.8387327635372987533 -9.340291176459932464e-05 0.9999999902602730861 -0.0001037080025979788156 0.3839291768999802401 -9.419741798524968997e-05 0.0001036992042771384018 0.9999999901866606367 -0.09502156498584540811
0.9999998690262147383 0.0004901851231749761563 -0.000147194084383080832 0.8394489909848641407 -0.0004902317933604762078 0.999999829529372275 -0.0003171971234289138646 0.383264161063140929 0.0001470385739797941383 0.0003172692411043650574 0.9999999388599413175 -0.09487488798841275939
0.9999999982857403769 5.591918332427668918e-05 1.736560428455700473e-05 0.8406513079551756196 -5.592087722284771984e-05 0.9999999936776312603 9.755815127781058071e-05 0.3828142672419534986 -1.736014880261916904e-05 -9.755912221039568532e-05 0.9999999950904214785 -0.09619280404912100568
0.9999999929776784979 3.845437962951270261e-05 0.0001120977415716813618 0.8423142716825229304 -3.845532317819654223e-05 0.9999999992251874525 8.415052969903201482e-06 0.3824218882543894971 -0.0001120974178891851234 -8.41936366568967967e-06 0.999999993681641608 -0.09282183887254835675
0.9999999512718118488 0.0002235714385380442755 0.0002178811278991524606 0.8433154942415459487 -0.000223564454236172916 0.9999999744949235048 -3.207938944916366881e-05 0.3815875797282125559 -0.0002178882943773241781 3.20306774105460091e-05 0.999999975749363168 -0.09152686838711515671
0.9999999408189582661 0.0002317606086452561468 0.0002542618733131447656 0.8443994861903472149 -0.0002317972906846923304 0.999999962731155545 0.000144248755832750966 0.3807673635419686065 -0.0002542284326576504353 -0.00014430768450931773 0.9999999572715971841 -0.08921548333729734104
0.9999998603883090142 0.000520642010510299208 9.030647410488868852e-05 0.8454013885618023583 -0.000520633061743882089 0.9999998595613305286 -9.908851714846583932e-05 0.380549234830001859 -9.03580510671542805e-05 9.904148677844188482e-05 0.9999999910131032177 -0.09187691651330517906
0.9999999983056180319 4.653195380492615928e-05 3.497915432243871027e-05 0.8465073493613894939 -4.652624811937042183e-05 0.9999999856168720891 -0.0001630998583139748714 0.3797214545152300946 -3.498674317440171139e-05 0.0001630982305888083856 0.9999999860874474455 -0.09231890755000210502
0.9999998710608379859 0.0004476892590304853503 0.0002396927924905379909 0.8471290729282621168 -0.0004476715463866300223 0.9999998970610953775 -7.394582633575513635e-05 0.3785532623693401155 -0.0002397258725690251311 7.383851315817028757e-05 0.9999999685396895321 -0.08833069522784514627
0.999999963499270228 -0.0002271696022030726388 0.0001462717679786323575 0.8483073298597370027 0.0002271847612099426119 0.9999999688241988371 -0.000103627630021924566 0.3780558810102182532 -0.0001462482223710034738 0.000103660856956120425 0.9999999839329419826 -0.08642917081119494416
0.9999999537206503142 0.0002553414848696489007 0.0001654068421208181418 0.8489737613669985361 -0.0002553255863651826855 0.999999962783783225 -9.613156094621916727e-05 0.377120898398243698 -0.0001654313823405161087 9.608932389835973331e-05 0.9999999816996496538 -0.08939838161184249232
0.9999998047107537813 0.0005783688742854995769 0.0002367866118285544329 0.8498101619597980827 -0.0005783462134481134409 0.9999998281729396421 -9.575880402903485253e-05 0.3747121458959680185 -0.0002368419550538961884 9.56218406880239406e-05 0.9999999673811754697 -0.08775623485796760215
0.9999997281164981766 0.0007117432232401626081 0.000192843236751093363 0.8508353666491539347 -0.0007117357712126199309 0.9999997459668781286 -3.870880062665349165e-05 0.3732749074747227502 -0.0001928707384890496852 3.857153667253704511e-05 0.9999999806565572635 -0.08943018912012312693
0.9999999554230182275 0.0001364039747226849727 0.0002656085791552067251 0.8514343834102284791 -0.0001364170078370108578 0.9999999894921811627 4.905137709448402456e-05 0.3700887913116458483 -0.0002656018855614385448 -4.908760843554586882e-05 0.9999999635230218953 -0.08893132270700296327
0.9999999787447841904 4.346568813766983033e-05 0.0002015469302181691871 0.8511941467408319362 -4.345161357418072243e-05 0.9999999966174075716 -6.983653891717491065e-05 0.3678334228164923392 -0.0002015499650296392658 6.982777989345531134e-05 0.999999977250846106 -0.08836380892631168216
0.9999997797433274327 0.0006271402657004164103 0.0002172749037068704521 0.851787280275755454 -0.0006271418645651281529 0.9999998033199446468 7.29066489771637257e-06 0.3663614858179650713 -0.0002172702887037092801 -7.426925480132716604e-06 0.9999999763692308807 -0.08701701884772200524
0.9999998066281802211 0.0005297244318306036908 0.0003257846350307408521 0.8533189662349840443 -0.0005296895703769828037 0.9999998539809086262 -0.0001070846412799956652 0.3663354952487328231 -0.0003258413128107243172 0.0001069120558494788593 0.9999999411986238984 -0.0819741537371905804
0.9999994179349889212 0.001071057860204746668 0.0001302487751057726062 0.8537857287879511148 -0.001071038205496271543 0.9999994150563951134 -0.0001508775332294511257 0.3657555534680567155 -0.0001304102974854782744 0.0001507379439945606789 0.9999999801356130869 -0.08877371490985550007
0.9999999856016209554 -7.750659552100528401e-05 -0.0001509618678194332784 0.8546802174027197108 7.746344254070477878e-05 0.9999999561479148147 -0.0002858383871766874765 0.3652070435014924676 0.0001509840155596998534 0.0002858266890351044017 0.9999999477534641246 -0.09381577268299279293
0.9999999964889966231 -3.771169075519417187e-05 7.48320456193457892e-05 0.8559315047973704571 3.771830122294127105e-05 0.9999999953868684566 -8.833794709598822854e-05 0.367031234982794774 -7.482871390079287436e-05 8.834076932347120466e-05 0.9999999932982860384 -0.09164277138756349306
0.9999999917966093665 9.667935491202327692e-06 -0.0001277235775529322068 0.8566438252053736324 -9.694641751974263907e-06 0.9999999780925954429 -0.0002090952473618905901 0.3672212310496809073 0.0001277215532354771161 0.000209096483880928251 0.9999999699829321687 -0.09268772514294881804
0.9999997141506740128 -0.0007542069449155683119 5.357662210210757019e-05 0.8583148321642704026 0.0007542156339106348417 0.9999997024015248037 -0.0001623442003523299984 0.3678364889390883796 -5.3454165034414032e-05 0.0001623845622723512738 0.9999999853869530053 -0.0917439516078100703
0.9999999785804668528 -0.0001450236928269451307 0.0001476725916403504859 0.8604458880996006531 0.0001450387176553063595 0.9999999843065172644 -0.0001017385654275258799 0.3680687892276947037 -0.000147657834820392 0.0001017599814916576547 0.9999999839210348407 -0.08919746175097115204
0.9999999753549769776 3.857182483887657009e-05 0.0002186372787571102909 0.862203112587388798 -3.85489877684859532e-05 0.999999993801552578 -0.0001044551115697134037 0.3688480295507885476 -0.0002186413064261656062 0.0001044466807496302325 0.9999999706434345992 -0.08693348722136566564
0.9999999840886071301 4.545162802635095639e-06 0.0001783315085489168693 0.8645302246676456193 -4.512884224272676818e-06 0.9999999836087356542 -0.0001810032109882237471 0.3687611898678906375 -0.000178332328314899694 0.0001810024033187589371 0.9999999677178548207 -0.08548545988630446013
0.9999997164170935093 -0.000743027044028322166 0.0001227865809160650615 0.8649887693829027002 0.0007430591135709066009 0.9999996897816364472 -0.0002613422746648330522 0.3689961704915808993 -0.0001225923584475890286 0.0002614334382406051436 0.9999999583118346358 -0.08395785595353356945
0.9999998876562715688 -0.000168391855021258189 0.0004430932490829003366 0.8653276908454279326 0.0001683590884713543527 0.9999999830906578513 7.39858182536601587e-05 0.3677437106536722844 -0.0004431057001996659963 -7.391121116629407691e-05 0.9999998990972305268 -0.08625489543971678885
0.9999996629438755447 0.0001195513387006637149 0.0008122928122388723467 0.8669111350196468946 -0.0001199293428009062828 0.9999998845463230479 0.0004653217094497129379 0.3679029774154202181 -0.0008122370886233892763 -0.0004654189703533146219 0.9999995618279509113 -0.08603107334002532691
0.9999997876759617599 -0.0003341617614981635454 0.0005594496836229831491 0.8677340051197260928 0.0003340384993483583331 0.9999999199196373256 0.0002204064423000921444 0.3666848085461072992 -0.0005595232902270542248 -0.0002202195177697279307 0.9999998192185095558 -0.08797162709492757637
0.99999938730416571 -0.001024456552798493156 0.0004193805726321731919 0.8672957724942460533 0.001024350133619994887 0.9999994431233236725 0.0002538894372944066669 0.3666384979815241474 -0.0004196404377866363566 -0.0002534596891917926522 0.9999998798300372416 -0.09418352077757002894
0.9999998852098179736 -0.0003010956060019899928 0.0003727221309183945336 0.8679569061623870763 0.000301054642951731604 0.999999948638151559 0.0001099536092686510835 0.3657694499341428429 -0.0003727552183233117994 -0.0001098413869190124215 0.9999999244942056054 -0.09593425451135795257
0.999999944828287135 -0.0002380057309969028023 0.0002317254728443488888 0.8687625547079789179 0.000238020556887804833 0.9999999696279898709 -6.395493525495590977e-05 0.3657364084911651769 -0.0002317102441652642763 6.401008715254408459e-05 0.9999999711065353791 -0.09425733693234278343
0.9999998726995710241 -0.0005032900370017796658 3.605524153539994988e-05 0.8686299226219703629 0.0005032914820446062745 0.9999998725456017423 -4.008072258846104681e-05 0.3643275233652496503 -3.603506471164622806e-05 4.009886378211569371e-05 0.9999999985467775687 -0.09702837393353935802
0.999999996301215055 8.591590714684206641e-05 -4.003350492544709156e-06 0.8708252458853078526 -8.591658008998091507e-05 0.9999999821300401548 -0.0001683991114357383885 0.3649204756285099882 3.988882258583273511e-06 0.0001683994547670494965 0.9999999858128560959 -0.09449899811043557807
0.999999970234478841 -1.726765351431120796e-05 0.0002433780385875450379 0.8714957804715615097 1.725585949390052705e-05 0.999999998676849966 4.84616905497494514e-05 0.3641053300103384016 -0.0002433788750852005234 -4.84574894100242058e-05 0.9999999692092970127 -0.09140645183043515087
0.9999998061380712677 -0.0004960897113543884934 0.0003763227580510406195 0.872842470729620068 0.0004960434803831184234 0.9999998694142063771 0.0001229326474613907298 0.3643547282896172912 -0.0003763836945302297056 -0.0001227459511787795709 0.9999999216343699038 -0.08991350170112791251
0.9999999774034560307 4.052661037248657383e-05 0.0002086880000863246699 0.8726462400758621119 -4.053124060878818524e-05 0.9999999989325625283 2.218318108064425796e-05 0.3625043181180537255 -0.0002086871008544267958 -2.219163896292469649e-05 0.9999999779786122867 -0.09174318578936979662
0.9999999705684283757 -0.0002357803318024292777 5.719071206006226668e-05 0.8728804131147785972 0.0002357843622671458648 0.9999999697193199255 -7.047761176343290382e-05 0.3609338705892334298 -5.717409309360239178e-05 7.04910943647367005e-05 0.999999995881064363 -0.08565505759493237392
0.9999999831963571895 5.499892874568292365e-05 -0.0001748782521684254655 0.8723873968740635254 -5.505226162327373223e-05 0.999999951977831647 -0.0003049812827996668352 0.3598903376101588725 0.0001748614701265511378 0.0003049909051181609143 0.9999999382020051675 -0.087138835671275644
0.9999999133253083539 0.0003696058209533911601 -0.0001916791927151096774 0.8711831662402342857 -0.0003696593069051068436 0.9999998927335642662 -0.0002790785851637044251 0.3591202416791778873 0.0001915760230847859242 0.0002791494169721813043 0.9999999426871135633 -0.08970499522292822714
0.9999999499130416414 -0.0002939903718473488065 -0.0001172329963559666901 0.8698585858961689343 0.0002939831661705958319 0.9999999548972325902 -6.147707488721615996e-05 0.3574333684441368675 0.0001172510647365403126 6.144260728056807571e-05 0.9999999912384969214 -0.09157755122918695423
0.9999999694389123395 -0.0002377404680653550674 -6.783541948143251711e-05 0.870509553128236524 0.0002377234754320287481 0.9999999403946571164 -0.0002503961491210759537 0.3562632154604296053 6.78949447357728858e-05 0.0002503800153970208147 0.9999999663500616087 -0.08486237589081752075
0.9999999602096432127 0.0002776181571288903406 -5.008863059766902482e-05 0.8707714902731256146 -0.0002776233886021998521 0.9999999560058839831 -0.0001044676222680787408 0.3557704754249165768 5.005962628529030069e-05 0.0001044815238866317396 0.9999999932888224974 -0.08897443923734721372
0.9999997779120872732 0.0006295917681719325138 -0.0002186091982835946287 0.8710485367719258409 -0.0006296400635962910979 0.9999997773732319795 -0.000220922784909449336 0.3566672118517133505 0.0002184700584485547395 0.0002210603809546791802 0.9999999517015696338 -0.09008255271247050944
0.9999996541837903319 0.0008298546389801502452 -5.453052312882182437e-05 0.8712152360586858935 -0.0008298612437212435876 0.9999996483192512553 -0.0001212092814261937209 0.3554908418294688288 5.442991786700764967e-05 0.0001212544922778038901 0.9999999911673660424 -0.08805317462903688996
0.9999997743025167418 0.0006718492693232539902 -3.670820423539952736e-06 0.8722659140620937501 -0.0006718497952266667137 0.9999997637682644935 -0.0001451938973244131013 0.3541197169255676513 3.57327114254807085e-06 0.0001451963307944657638 0.9999999894526285793 -0.08519073550111723458
0.9999999778633660297 -0.0002082074662922606568 -3.037957095913809078e-05 0.8737266214784897844 0.0002081987037824012681 0.9999999368105944031 -0.0002881529230157949418 0.3536485564326355968 3.043956462947688572e-05 0.0002881465916497640413 0.9999999580224864237 -0.08392797402631468895
0.9999999732777758998 -0.0002260477443365371754 4.844445042693800899e-05 0.87580521383411436 0.000226061976404768537 0.9999999312366478765 -0.0002939773498859582133 0.3544750385490398337 -4.837799417890745331e-05 0.0002939882934784389433 0.9999999556152254776 -0.0816943280828725249
0.9999997758636147704 -0.0006636700769750769136 -8.840106975246115445e-05 0.876592062750180645 0.0006636448068177197481 0.9999997390094108596 -0.0002855813027110332982 0.353183469612426082 8.859057844576675349e-05 0.0002855225717910140812 0.9999999553142842057 -0.0842978325881219015
0.9999999808408123192 -0.0001762572266503235668 -8.515729529556661582e-05 0.8793917607652861346 0.0001762496094727401385 0.9999999804676050763 -8.944755267946429998e-05 0.3527944731264153755 8.517305940980662935e-05 8.943254202568225197e-05 0.9999999923736851981 -0.082489199598101276
0.9999999144564225562 -0.000407169658103584734 7.280121587286244233e-05 0.8803612591420664213 0.0004071797963210673811 0.9999999074002865473 -0.0001392983556426768141 0.3532428527805951957 -7.274449106764929252e-05 0.0001393279869108481723 0.9999999876479754857 -0.0814638088814896022
0.9999998764764802539 -0.000497021766663072271 4.048159425737211882e-06 0.881617742559132278 0.0004970228131760179085 0.999999841964583025 -0.0002627529868897873332 0.3518153854642225298 -3.917564832244688225e-06 0.0002627549664611995611 0.9999999654722395714 -0.08430323863245160754
0.9999999976907349986 -5.12151142245910793e-05 -4.467149158293524648e-05 0.8826715427868769837 5.120677967397111412e-05 0.9999999812874634797 -0.0001865554565113668542 0.3484362920813556252 4.468104520603277967e-05 0.0001865531685973336861 0.9999999816007595355 -0.08430287603997700663
0.9999998443594345643 -0.0005480915661772019177 -0.0001042916187316800621 0.8833519683165929059 0.0005480985933817267937 0.9999998475250209129 6.736369121037807679e-05 0.3465328909225341425 0.0001042546813587986955 -6.742084281538343062e-05 0.9999999922926956497 -0.08998139441764035906
0.9999999490421255244 0.0003185922232102064234 -2.036520635908524131e-05 0.8852186395212573444 -0.0003185897419538103836 0.999999941841753559 0.0001217253703879972682 0.3458037505085274077 2.040398593105354912e-05 -0.0001217188760392923393 0.9999999923840962035 -0.08704768557621725411
0.9999996274744350488 -0.000845154105860927967 -0.0001754010501510048462 0.8866397494216919917 0.0008451741318761993825 0.9999996363274463729 0.0001141300216572942508 0.3474033147351631712 0.0001753045289060513757 -0.0001142782235712350175 0.9999999781044046632 -0.09086770308577962751
0.9999999396521979111 -0.0003329282796888856258 -9.926913506117143575e-05 0.8875096077250561599 0.0003329176952370823794 0.9999999388988556337 -0.000106621260968719624 0.3461636428272518162 9.930462622870625717e-05 0.0001065882060827081257 0.9999999893887726587 -0.09052175362416592375
0.9999996578137467784 -0.0008118755227078474799 0.0001588411944394506033 0.888554889661811842 0.0008118618789178695672 0.9999996667471252598 8.594142186274205514e-05 0.3472447586027626043 -0.0001589109152419629822 -8.581243534420173922e-05 0.999999983691773342 -0.08910025790434063231
0.9999997411407268721 -0.0007181167652121233551 4.501989382727483301e-05 0.8895347938213498118 0.0007181164711312133407 0.9999997421328951086 6.548068010071386915e-06 0.3471904576037173618 -4.50245844955429297e-05 -6.515736787757316775e-06 0.9999999989651660037 -0.08394485499454973354
0.9999999550649827373 -0.000275007991143072744 -0.0001193341417570534084 0.8905623532883033544 0.0002750274075259262615 0.9999999489410421605 0.0001627201220683141569 0.3467046145546355818 0.0001192893863300879316 -0.0001627529349161194324 0.9999999796407620378 -0.08144170829932573241
0.9999995703465123231 -0.0005690493120012904372 -0.0007317715977707341547 0.8945995861135718208 0.0005699814445632751933 0.999999025734715552 0.001274225557946769656 0.3464045120187728699 0.0007310457876539862418 -0.001274642106703702173 0.9999989204291953593 -0.07769716268354902311
0.9999986604182520278 -0.0006055020789116706591 -0.001520700145960880581 0.9030645553282903304 0.0006078122959667732255 0.9999986613311104833 0.00151917747478118835 0.3451138457680962279 0.001519778245127689038 -0.001520099739965964604 0.9999976897827645983 -0.07244027555934914875
0.9999986343188239646 -0.0005621170704539801052 -0.001554150856944406514 0.9182722465317207927 0.0005631964066290167737 0.9999996004926365867 0.000694135703361142462 0.3422881211854040262 0.001553760050521624378 -0.000695010047571069183 0.9999985513943203674 -0.07175484734731304992
0.9999982964530756968 0.001045127832244185971 -0.001521446272742285437 0.9368504458544959501 -0.001043985173629666729 0.9999991725695237532 0.0007516350344528043882 0.3405871112375447041 0.001522230568545467934 -0.000750045386656036147 0.9999985601219704145 -0.07385602082516404265
0.9999983479235917683 0.001571161761349115218 -0.0009141120318973135856 0.9591900205263035328 -0.001570359334161665257 0.999998381649571777 0.0008778780092014977585 0.3406482002940623977 0.0009154898409029020145 -0.0008764410745181899515 0.999999196864374551 -0.07665882942111566789
0.999996127418334102 0.002753431026341485611 -0.0004046800192468690536 0.9869698435508640344 -0.002753190881807954758 0.9999960342667449931 0.0005927822122831713243 0.3399493405901906629 0.000406310599329022938 -0.0005916657553466038487 0.9999997424216322539 -0.07395643537787338628
0.999989401916052012 0.004603654617401259884 4.919085625536412642e-05 1.019066835069777355 -0.004603653532104091776 0.9999894028855402794 -2.215348416598204216e-05 0.337676098314568407 -4.92923219639022705e-05 2.192679172234987723e-05 0.9999999985447414197 -0.07699151629466532976
0.9999815086012678877 0.006065520021632542572 0.0004380894881474649543 1.058388292752588278 -0.006065396279951471535 0.9999815652027493895 -0.0002832359910255650049 0.3333493380465919476 -0.000439799385630985798 0.0002805735672442241386 0.9999998639274776391 -0.08833464726993135729
0.9999630722393093585 0.008558737167612257696 0.0007759998823627616135 1.10031709985120818 -0.00855782689242863201 0.9999626979820833705 -0.001168864094681127666 0.3269875331893504766 -0.000785974936572281257 0.001162180058485753854 0.9999990157899710796 -0.09225001775167225582
0.9999370961090592314 0.01119662112176861291 0.0006629482918835869713 1.147195405852991179 -0.0111960106521923064 0.999936901778543219 -0.0009175004109397004752 0.3235470558502104299 -0.000673179365505810175 0.0009100203204561312402 0.9999993593460738683 -0.09581444773825126271
0.9998894865302452306 0.0148652854427907908 0.0001949743236205728246 1.203953494801064839 -0.01486512902475111038 0.9998892031956350124 -0.0007805586945830446073 0.3199333319990268487 -0.0002065559488884115334 0.0007775741138562256146 0.9999996763565163205 -0.09870737572894663914
0.9998214126174712613 0.01889088481725259908 -0.0005266331032842897419 1.269957135745980903 -0.01889123753419905474 0.9998213181250362735 -0.0006730283363431038618 0.314760638712193952 0.000513824902713372225 0.0006828568930216646687 0.9999996348451498651 -0.09342732394428437948
0.9996980242655908455 0.02451273096691080136 -0.001728091437973581623 1.352638820421736554 -0.02451346714275383365 0.999699417324178885 -0.0004061161637511807865 0.3075784107357415476 0.00171761698736174525 0.000448355039208816206 0.9999984243835804421 -0.08464106626888348583
0.9994923531536531458 0.03178629107262673226 -0.00216048309859046949 1.453635970622631834 -0.03178500554988064608 0.9994945325366870748 0.0006267786398691804631 0.3000747805804331314 0.002179314012964081535 -0.0005577894903901719874 0.9999974697274575108 -0.08207005309069378973
0.9992155340155728371 0.03959465643481448194 -0.0007614222105443056113 1.57185086316433642 -0.03959363906306401226 0.9992150086258134722 0.001307777756062299557 0.2896990938365829882 0.0008126055116212937144 -0.001276604372718586657 0.9999988549761235079 -0.08404938234272166242
0.9988740929690758108 0.04739210533373500872 0.002129494597857062039 1.707225109287959564 -0.04739745959839447575 0.998872883418666424 0.002538423624595751577 0.2784510463951948012 -0.002006793169387473871 -0.00263649822975628445 0.9999945108140643191 -0.08668382807298441461
0.9984559786237677814 0.0554035312643076025 0.004013411752991809245 1.858794857173146742 -0.05541504124653132135 0.9984594357731726433 0.002815727110868927827 0.2624560096527721598 -0.003851227609398836117 -0.003033782945851464484 0.9999879820312532752 -0.0922989949927856268
0.9978003348840790432 0.06604869777849016466 0.005662263415405659368 2.027006524362172879 -0.06606265500829146264 0.9978127930797443534 0.002314212534474128537 0.2426877948841775767 -0.005497028149394498665 -0.002683186196469232974 0.9999812914216744675 -0.0919932441837303938
0.9969383281457533386 0.07782970508262117282 0.007517105872771791958 2.210677590936120041 -0.07785118240169616732 0.9969615808432575887 0.002607627498442256601 0.217567587376780891 -0.007291314875115607712 -0.003184859379157934604 0.9999683461980818366 -0.09247171412453819572
0.9958832236584117537 0.0899024374380700958 0.01158259808608011476 2.408970631913850191 -0.08996626646421339302 0.9959316943354588059 0.005111860384667691985 0.1895873258633576364 -0.011075907828251675 -0.006132859104534761109 0.9999198529407163916 -0.09256386255472535962
0.9945170145067392387 0.1034358672308612614 0.01539250554009444737 2.622723108629789301 -0.1035703271484033072 0.9945882582512507453 0.008208768672344535916 0.1617755341958753423 -0.01446012416872378276 -0.009757966947217729461 0.9998478318674707266 -0.09924344174511270933
0.9928021006609385468 0.1180526667256805301 0.02018803611506215026 2.851582698443225539 -0.1182695822692333559 0.9929320987005916255 0.009907233715808360167 0.1262445961439666031 -0.01887577370834624818 -0.012223553042958012 0.9997471129830369785 -0.1048916456258020269
0.9909044866340335211 0.132015533518458239 0.02608059198675126075 3.090306286407679348 -0.1322816195483397239 0.9911735735432837258 0.008747584758374280997 0.07744507977574306701 -0.02469557649075786523 -0.01211800393107147038 0.99962156963648785 -0.1132341311994984751
0.988167962954333956 0.1503122852289960343 0.03050071966231154841 3.334102219280008494 -0.150583398380697342 0.9885740437261469893 0.006782344952458694426 0.02144534836110818798 -0.02913275000411351401 -0.01129499801553254627 0.9995117337465463381 -0.1295824167232216551
0.9853466670643481473 0.1670125363827694165 0.03462309050582704911 3.582399156904444659 -0.167339169032312135 0.9858763439346460711 0.006740695634039341536 -0.03673327038382731557 -0.03300830520877796187 -0.01243572117127150246 0.9993777086898599782 -0.1385896654885330481
0.9821500484056123748 0.184096939242472335 0.03859532845315188226 3.8334507950559078 -0.1845955564715520969 0.9827662127305717421 0.009749443377269318214 -0.09410656494208645417 -0.03613534208792348185 -0.01669994241792473536 0.9992073603489051159 -0.1558860902435986739
0.978814511326052572 0.2003335783506959289 0.04229195907907989244 4.086167789584647103 -0.2009586530750132605 0.9795374877144914505 0.01104218801954017989 -0.1593021056392974755 -0.03921443830807033043 -0.01930718900275208219 0.9990442734338627062 -0.1706401129593720922
0.9750728170737793521 0.2171771182971166947 0.0454653790478440345 4.340401981066755788 -0.2178099012201022977 0.9759459421165976867 0.009400265774748927869 -0.2355250416794639479 -0.04233022955634938023 -0.01906875334957208734 0.9989216857749159129 -0.1796099059473741932
0.9702496494763125368 0.2371850907571738665 0.04856799783400470721 4.594157593231505743 -0.2376660603117672077 0.9713374215740460116 0.00429618735246338132 -0.3208951206039939441 -0.04615692219999213697 -0.01571133897525050019 0.9988106388903897903 -0.1839923603177641698
0.9652938108368627201 0.2559682294426160465 0.05184712408667682682 4.8474825613620105 -0.2563674332350933671 0.966578788484573459 0.001088498113969601794 -0.4093959454752409965 -0.04983570945112501122 -0.01434263461524517766 0.9986544401822867734 -0.1947493344130923343
0.9601751663085105193 0.2741288942833895459 0.05400925220173275615 5.101475003181412227 -0.274674702830395745 0.9615331016901621508 0.002811045913888234916 -0.4948900028323525713 -0.05116109488134430033 -0.01753407177647133691 0.998536478401004457 -0.2031503334487451684
0.9547745628788985028 0.2920548908619046702 0.05576266495648497801 5.357894375082495664 -0.2929018140340731158 0.9561131865103073002 0.007490121271083754161 -0.583778863691544081 -0.05112789272948270458 -0.02348436298363762442 0.9984159570441045739 -0.2164329939885372422
0.9489411381675569856 0.3099613699668888334 0.05860601864579310927 5.615021546333794689 -0.3112057680162663709 0.9502505464085575504 0.01322380443154320441 -0.6744354585027816373 -0.0515915327032196655 -0.03078714307121346166 0.9981936012491992027 -0.239123525653200858
0.942552586736198128 0.3285365051121875712 0.0604845934562780671 5.871512946924982046 -0.3300443915074959267 0.9438191174730792277 0.01661845741290721851 -0.7763536076167499855 -0.05162674569783008705 -0.03562637086495661076 0.9980307815030777796 -0.2580985956557346195
0.9351420081780542626 0.3485316750424959364 0.0635224057540958037 6.130300939097868884 -0.3502883280429044399 0.9364562337382076329 0.01864965226909248708 -0.8918690629872001452 -0.05298595830616391333 -0.0396912305796067455 0.99780614070943352 -0.2838581254603947945
0.9271165404805178367 0.3694244177856493838 0.06309136162082884525 6.384821496783684935 -0.3708769693675507129 0.9285953589320015134 0.01268593562525977859 -1.02201930143280606 -0.05389985120737444263 -0.03516047374085461141 0.9979271251580155155 -0.2937836033609683706
0.9191665413417429153 0.3893829403790822208 0.05927727236975519065 6.6329169755057098 -0.3903586115743333806 0.9206470292082827855 0.005403885613339157873 -1.166243051809465747 -0.05246926383719112408 -0.02810646458919058635 0.998226929611037761 -0.3007603833208654098
0.910638442948605964 0.4098806383668283093 0.05230189782541187771 6.874968441655725293 -0.4103506477956395115 0.9119258273729677899 -0.001905577032593700187 -1.315858509636077311 -0.04847651057819182124 -0.01972682595171935949 0.9986295009962569136 -0.313445914977736384
0.900883273578069188 0.4316546955417449594 0.04564593305022152103 7.118730581732295448 -0.4317173445931014042 0.9019641891985948901 -0.008985309165672203738 -1.472386977079487291 -0.04504954788611308797 -0.01161142627263431377 0.9989172703558448774 -0.3210739184573916383
0.8900057926735236435 0.45402770040157725 0.04181550281448876555 7.364120218242406146 -0.4539310074673112982 0.8909515609791287538 -0.01232706163550669441 -1.629570635693046388 -0.04285241495277353208 -0.008010197058088556685 0.9990493017242972895 -0.3310196850797098023
0.8783506498263907725 0.4763595913680930827 0.03977028615914710019 7.608052134721533299 -0.4763316488812919802 0.8791995470101489074 -0.01078502717560654404 -1.786613690756200912 -0.04010356871385183791 -0.009470810354578066206 0.9991506430602149491 -0.3458206905124775465
0.866438680219921098 0.4978428795413341601 0.03790093282168514877 7.852411039129346015 -0.4980076295445344803 0.8671543440628763921 -0.005634224730721982231 -1.944094937637354192 -0.03567091720428515467 -0.01399324347230487299 0.9992656177428150821 -0.3561187836922413696
0.8528723572917007445 0.5208376536627228326 0.03656337914918792592 8.092982215468669693 -0.5212311638585459539 0.8534142864234384174 0.001459298132336736119 -2.104766257610747537 -0.03044365271059318312 -0.02030256770664992313 0.9993302706083477815 -0.3641802928048322174
0.8390989457385514827 0.5429709833922389262 0.03309789199505795004 8.328414295391025846 -0.5434568362904651506 0.8394054679127391783 0.007288863241544157531 -2.276819747241546565 -0.0238249102749641499 -0.02410335313312988656 0.9994255360046238046 -0.37550531486652583
0.8245209933146335768 0.5651519014371834126 0.02772110902157753215 8.554455809658822574 -0.565523176727950605 0.8246990957879982709 0.007412016593701126893 -2.464172026543917315 -0.01867265827292136429 -0.02178829292060737235 0.9995882162793979786 -0.3890173405246494243
0.8107351051682774035 0.5849793697980504303 0.02253277964340184153 8.77528095686618137 -0.5851649537905165843 0.8109115758300320387 0.002095958061809876424 -2.667278723423091691 -0.01704599962234117083 -0.01488465973847286072 0.9997439076090161025 -0.3918835220103326078
0.7967750742094438232 0.60400961388403962 0.01794066482014054775 8.991219394370979501 -0.6040411046159416264 0.79694198552216855 -0.004220858483381689785 -2.875884694630212124 -0.01684710814615707555 -0.007473824164178053536 0.9998301440242111093 -0.3921614607189620738
0.7826709468560819616 0.6222701189596627769 0.01435576529939885243 9.20766473699679544 -0.6222449550789533879 0.7827939074309061551 -0.006701818249193843523 -3.082580943489812597 -0.01540794685204933262 -0.003687484099094521638 0.9998744909411497739 -0.3951327212564224034
0.7688887183595449759 0.6392780976780538804 0.01156082213966776878 9.421534493079184003 -0.6392587282060173681 0.7689699890319555697 -0.005782247021664185978 -3.287848915634993929 -0.01258638915025478595 -0.002944451956294313107 0.9999164530153683561 -0.3973335587612793485
0.7550188498869599973 0.6556677731527597031 0.006804966147849779261 9.627613962391734503 -0.6556541722658032478 0.7550486310359894038 -0.004378488451811161225 -3.500452462796851627 -0.008008914147154324106 -0.00115586313183546033 0.9999672601013515072 -0.4064373329564193726
0.7403539533800378436 0.6722116362641750165 0.0027458670013765815 9.827730748099797964 -0.6721973270570678061 0.740357285085974981 -0.004673747688695147583 -3.722768444776884955 -0.005174670219650004052 0.00161446311964672201 0.9999853080405497474 -0.4141414618886600785
0.7222329174705454102 0.6916493028567209933 0.0009245430202325196538 10.02912294755373601 -0.6916292959082360747 0.722221058361510071 -0.006757211011790822605 -3.94597569886370847 -0.005341344724133958131 0.00424083918488949059 0.9999767423893146656 -0.4206742467122340789
0.7073112561694401279 0.7069001323005732473 0.001729118110731521149 10.22764089148514799 -0.7068723575279562965 0.7073017268773912347 -0.007465743039336471092 -4.177519080492674064 -0.006500542967924411407 0.004058338292014257269 0.9999706359845921266 -0.4225970676732299092
0.6917314873251330098 0.722149966039774549 0.002641210274048021427 10.4211180885190231 -0.7221196813020841487 0.6917292927863374352 -0.007331533092735458522 -4.408175141665886088 -0.007121468888905639789 0.003164182369263984166 0.9999696358544085673 -0.4277835640760855318
0.6748692194588481463 0.7379333443807066795 0.002432257821565862819 10.61111251141096545 -0.7379052912040966472 0.6748669567564133942 -0.007097315783775220814 -4.642981360849878669 -0.006878796406534362119 0.002994984047143346966 0.9999718557192270874 -0.4267130058972038453
0.6584955432069468095 0.7525835531938142031 0.001270841753175591974 10.79265966255004372 -0.7525613968255040476 0.6584875466781850983 -0.006744989087558825487 -4.883426060639026289 -0.005913001322033322946 0.003485158808222981516 0.9999764447642990328 -0.4305163027718362789
0.6432363464411794407 0.7656670201280173504 -0.001008417217922428751 10.9704330510072019 -0.7656530220998004621 0.6432153203478047088 -0.007035724505229499874 -5.127897298698311346 -0.004738392812490522903 0.005297731415750279657 0.9999747405186798499 -0.4399484396371637351
0.6281377848941293029 0.7780983183037801787 -0.002435208641081457789 11.14517165518885733 -0.7780895804904529589 0.6281068043905686515 -0.007645064450920003619 -5.37500788299217902 -0.004419040675010895217 0.006696964319519541596 0.9999678108561373957 -0.4400532174921065742
0.6136252109527267073 0.7895927888586462551 -0.002707076956205818619 11.31889855466404882 -0.7895880449748002849 0.6135975966051205877 -0.006979159927414388745 -5.628027594971200642 -0.003849638436824638806 0.006420064084179356693 0.9999719811380020085 -0.4447856267824421561
0.5984274097819708427 0.8011728260625717857 -0.002595765889547665874 11.49353381444240441 -0.8011725776650366893 0.5984101396200792733 -0.005273101311188390684 -5.888818806838903797 -0.002671332851213797151 0.005235224807916263531 0.999982728051844183 -0.4517438335044470232
0.5828795722681732183 0.8125554419668620243 -0.002248991442625760361 11.66786061610183722 -0.8125555977046172718 0.5828677522021026292 -0.004310925858856009055 -6.15969218701952137 -0.002192001679644076974 0.004340181206585142469 0.9999881789079960726 -0.458879806161478665
0.5687482079733471307 0.8225100857789340303 -0.00162318176329940742 11.84254239248911134 -0.8225073325062183249 0.568737667354566101 -0.004376494669484999427 -6.439871108808826961 -0.002676546396257778893 0.003824202402778634734 0.9999891057283430973 -0.4645275205574452837
0.5540468172988364248 0.8324853612948036607 -0.0004974644611190895058 12.01455044103092717 -0.8324776074068164222 0.5540388552703394698 -0.004688285076042349002 -6.726113192626002935 -0.003627314054806054198 0.003011657449333237768 0.9999888861943194707 -0.4680494623539865895
0.5384106056902464577 0.8426824956379466158 0.0004808592974733777296 12.18586007987704534 -0.8426722894180403989 0.5384067366431952717 -0.004647427695348918184 -7.019805444255866611 -0.004175203853750718286 0.002097017555264595653 0.9999890850355080962 -0.4689844779927188623
0.5227456951211522096 0.8524878497076772144 0.001185045604289225885 12.35467404648291456 -0.8524785881489923556 0.5227457675416564697 -0.004137543327317547669 -7.323819574465741056 -0.004146682988163321627 0.00115265695909584848 0.9999907381581742971 -0.4757787459849694978
0.5068301828130510334 0.862044621162384006 0.001495631870252984779 12.51928853086528193 -0.8620362844274276348 0.5068319582711700022 -0.003848428973788826576 -7.637163650744835053 -0.004075551526433223576 0.0006612110200243063052 0.9999914763035444576 -0.4780087655866063212
0.4902148943270070447 0.8715999794587998561 0.001683207468228787923 12.67938319783845103 -0.871592525339653923 0.4902176883137203678 -0.003617711486122614402 -7.960698255170739479 -0.003978335331019841256 0.0003063850059711031707 0.9999920394564258963 -0.484177598126634634
0.4732059665518104641 0.8809498089639805629 0.001883429343805697936 12.83724924476080176 -0.8809416184828745555 0.4732096940999892531 -0.00380134641516642743 -8.293048803992348894 -0.004240052421888014338 0.0001396285101567586737 0.999991001189180051 -0.4882646799243055558
0.4555468126131134721 0.8902078330757342561 0.002667479829121991493 12.99131062304133799 -0.8901998144729333928 0.4555541872452699703 -0.003830508537605442632 -8.63197339205716041 -0.00462513031038866082 -0.000629614094001210373 0.9999891058185106374 -0.4921560298858297378
0.4375760095215319723 0.8991737674856413731 0.003711031782418987724 13.14079983168087473 -0.8991663425948861477 0.4375888474750128099 -0.003986089565714483023 -8.979057438185959583 -0.00520809329295056269 -0.001592617709290302221 0.9999851695565709075 -0.4992303121983183711
0.4188844295165925491 0.9080282204360249354 0.004537135698288911369 13.28468301134979335 -0.9080182192351963222 0.4189036109382509032 -0.004762171756423163628 -9.333546297537196779 -0.006224808872725691271 -0.002125002277739388313 0.9999783678259333008 -0.5033884656057511231
0.4002911866180183242 0.9163732837498653749 0.005193336637248978198 13.42363360814773898 -0.9163627015659177033 0.4003158179254023841 -0.005161888949717567503 -9.696768822843237601 -0.006809191930907114443 -0.002692721338177847621 0.9999731917191795327 -0.509677963761849151
0.3809189520447495703 0.9245929265082546422 0.005354645089181578679 13.5554546856999405 -0.9245832333376996504 0.3809449387349684857 -0.005176705807374484304 -10.06886072797571785 -0.006826170517558427867 -0.002978909718742280607 0.9999722643618436102 -0.5186923451355263115
0.3612647656206942059 0.9324464931545368707 0.005595223394231822397 13.68289516768711245 -0.9324370191818678322 0.3612931213684661413 -0.005337200676783952942 -10.44921470666977825 -0.006998169779185096917 -0.003289050871805205244 0.9999701034351499151 -0.5234660489466769207
0.3412821837291661886 0.9399431321881930312 0.005777483993965724755 13.80459207022011725 -0.9399311398431537956 0.3413138369042917342 -0.005858079106682670054 -10.84164782751328104 -0.007478196453775095079 -0.003431179085886915114 0.9999661512210696879 -0.5308034826609018264
0.3205692010932882363 0.9472025873437349697 0.006530378223735644472 13.92210020473803667 -0.9471903138566909464 0.3206088938818087986 -0.006359756280416183592 -11.24341081226212324 -0.008117674942627514309 -0.004146769009382027076 0.9999584529670763056 -0.5347615915209928961
0.2994521881411725817 0.9540887123174347506 0.006566280981136556408 14.03052953578057149 -0.9540719181624185419 0.2994952689564969184 -0.007025585139974692417 -11.65215480838273976 -0.00866960156796438286 -0.0041608774477288335 0.9999537614847586742 -0.5442677393511075046
