1 0 0 0 0 1 0 0 0 0 1 0
0.9999998814049743112 -0.0004076674792257272556 0.0002664531172246479489 0.9242735984473942068 0.0004078912272426686537 0.999999563833079641 -0.0008402133045830206164 0.3887707385336768295 -0.0002661104733667211042 0.000840321888826889578 0.9999996115220941562 -0.09494205969330005157
0.9999997827505238135 -0.0006243822688132983755 0.0002112952615851393346 1.12981188966669599 0.0006246406607806752765 0.9999990545416987953 -0.001225046837197210463 0.3876379177462692671 -0.0002105301642906685314 0.001225178554668243137 0.9999992273069809867 -0.1077669454650396763
0.9999997800531525982 -0.000254354915480849153 0.0006125334467031036097 1.356860035738189252 0.0002548758891667149223 0.9999996057631139745 -0.0008505950256456863093 0.3871968929455498198 -0.0006123168521939685062 0.0008507509585668648249 0.9999994506452886123 -0.0995771029837163868
0.9999994996166632344 -0.0006823441328973819942 0.0007315551295024390983 1.586653529488665448 0.0006823870224038797606 0.9999997654698445926 -5.837985403373544598e-05 0.3875570107367440342 -0.0007315151227798216476 5.887902854797473777e-05 0.9999997307094062871 -0.09165745120812235358
0.9999992889825365383 -0.001131468818248716453 0.0003765803165365175947 1.817846327244482474 0.001131499729876511663 0.9999993565016294106 -8.188216089418984375e-05 0.3871497284994445121 -0.0003764874270958748904 8.230820320098137632e-05 0.9999999257412857112 -0.08922402353752983961
0.9999998186252514465 -0.0005773238273978450368 -0.0001716002990015037832 2.04890444509664249 0.0005773473603441267978 0.9999998239340147643 0.000137120257218944293 0.3848990462625210274 0.0001715211059968166569 -0.000137219305328454877 0.9999999758756858981 -0.09215482837031700736
0.9999995326651933691 -0.0009545320066294077583 0.0001534211301047100394 2.282071275793220444 0.000954560695654962368 0.9999995269165394829 -0.0001870309480953395178 0.3824769723213656825 -0.0001532425304975236437 0.0001871773104699484837 0.9999999707406902472 -0.09546221299760673795
0.9999997610071370557 -0.0003135756959549825191 0.0006161622771174312839 2.51697276315088736 0.0003136429325834791805 0.9999999448704985916 -0.0001090280269352217264 0.380316553376845945 -0.0006161280546092873277 0.0001092212558218438417 0.9999998042284495847 -0.09625058417238482877
0.9999996200502073718 -0.000269773099979709035 0.0008289281726823094672 2.754622953905117466 0.0002695303486100786598 0.9999999207675852597 0.0002929474601768408053 0.3789291429329790795 -0.0008290071363487917268 -0.0002927239275721582926 0.9999996135298603317 -0.09962190823505670534
0.9999992136244559848 -0.0001125303467134773812 0.001249034583516313171 2.99141176793831054 0.0001121096723511976867 0.9999999369768576285 0.0003368645160998726693 0.3773929474439738918 -0.001249072412279020978 -0.0003367242223399422442 0.9999991632171033595 -0.09756632371441295581
0.9999993023659833336 -7.541654203177666489e-05 0.00117880443319666006 3.230824423119199817 7.530383115309468006e-05 0.9999999925893766628 9.56586615532286727e-05 0.3761766359390995573 -0.00117881163870645414 -9.556982632849244036e-05 0.9999993006345198054 -0.09769964589482305062
0.9999991691124032744 -0.0009303640352223844015 0.0008922988653106608261 3.470965798992900808 0.0009302205383799441903 0.9999995543490645122 0.0001612185548337204718 0.3740947669974559187 -0.0008924484596020645271 -0.0001603883861483378027 0.9999995889055717235 -0.1006007384909029523
0.9999994867396859721 -0.000757998877625778761 0.0006722782653943834476 3.713388038672404967 0.0007575504710437700254 0.9999994906143239159 0.0006669995326526282102 0.3732634595097544805 -0.000672783507842592346 -0.0006664899055916165965 0.9999995515766780807 -0.1057191756576214003
0.999999357170414549 0.0008312326773077525262 0.0007711750734523590244 3.957546786636760849 -0.0008323965710834463783 0.9999985132716110448 0.001510155791935400508 0.3727142545201637125 -0.0007699186360824022144 -0.001510796744649425469 0.9999985623582117178 -0.108260759849007987
0.9999927557869655592 0.003439267332658708931 0.001630893560250871533 4.204285289127810188 -0.003442913289185191121 0.9999915687163505318 0.002238044748317279467 0.3698668314736558438 -0.001623182575532747035 -0.002243643560556176156 0.9999961656635987239 -0.110304695922959467
0.9999826382612908571 0.00543002662349413405 0.002288664863298670547 4.45560446965525081 -0.00543519899370880754 0.9999826756572900432 0.002259866630104937976 0.3656255382481051752 -0.002276354077717215006 -0.00227226674385292652 0.9999948274946014459 -0.1102210498755025747
0.9999708191847299643 0.00741643414777420993 0.00183228915617725252 4.709781566661702001 -0.007419233680884494524 0.9999713129728200478 0.001525845012697526473 0.3577159184798418545 -0.001820920264192046889 -0.001539394668716709963 0.9999971572526821229 -0.1150021463188281162
0.9999570824724954843 0.009251910801746627763 0.0004851387548436091979 4.970300250392391206 -0.009252228336092268093 0.9999569817697235852 0.0006564151136858384491 0.3489248567883843077 -0.0004790447909521975398 -0.000660875556506642964 0.9999996668797380694 -0.1144073140363629087
0.9999266773687834897 0.01206184706084336734 -0.001073187637646485495 5.240962500900272047 -0.01206133746681477791 0.9999271441896327994 0.0004800534104491493655 0.3397119121723740087 0.001078899780509342621 -0.0004670741334071027958 0.9999993089082699349 -0.1126971912386499908
0.9998853414725382693 0.01498112808480860786 -0.00220674186348441409 5.525932524686878011 -0.01497825883268378427 0.9998869600528089707 0.001311060141117364715 0.3326166553574240181 0.002226133573401667658 -0.001277856666083981982 0.9999967057004010007 -0.1174135688199283156
0.9998499042546938886 0.01713403568964437865 -0.002567836222483937079 5.824880571173554955 -0.01712911326405784987 0.9998514293405177389 0.001926843146383892987 0.3234492984231388535 0.002600469316601408502 -0.001882569177927270743 0.9999948467330337376 -0.1201874480046760951
0.9998008704999059582 0.01977520526455327221 -0.002675930562471957874 6.139046555445595743 -0.01976967210790151266 0.9998024001317115106 0.002078642733852928848 0.3135827687692877563 0.002716507385678878107 -0.00202532654496087941 0.9999942593035271443 -0.1274890294192622675
0.9997471374914620457 0.02229249769464135972 -0.002950529471472604793 6.469144212295395491 -0.02228555108975842705 0.9997488450164816465 0.002366664496007623523 0.3021813511639483973 0.003002547294113066308 -0.002300311880007954723 0.9999928466119151205 -0.1325096483345349352
0.9997125708552160317 0.02367828397672985807 -0.003756932521623537486 6.81517872974279193 -0.02367050028222905667 0.9997176026568672658 0.002102939465398240629 0.2892895043750572937 0.003805665571708673634 -0.002013406546992763287 0.9999907315088639725 -0.135238816937441414
0.9996887361028403696 0.02448082118535336096 -0.004808357640230973354 7.176829053719076867 -0.02446978744289172655 0.9996978306204081788 0.002340289586645607697 0.2752894392426661896 0.004864196912678584936 -0.002221901649582529777 0.9999857012685002822 -0.1384494834261978669
0.9996571827225351203 0.02557190941858548255 -0.00562089671953787829 7.552723388478348454 -0.02555568785966908993 0.9996690795811098429 0.00293907255369788489 0.2608960012645974436 0.005694194347158723288 -0.002794419106790806476 0.9999798834839590533 -0.1369575407681384582
0.9996054303613984837 0.02733774000324868877 -0.006452252592557293498 7.943907592352267955 -0.02731544989717279298 0.9996206735371632179 0.00351784508233008884 0.2458363667174447986 0.006545975016636475935 -0.003340210865051395674 0.9999729962366276093 -0.1441031169537519419
0.9995669650205528667 0.02854797488697701988 -0.007134113081060633119 8.347793369346719672 -0.02852086938263984767 0.9995856951721526773 0.003872727315818183958 0.2296481072029822323 0.007241715905724828602 -0.003667579182078661848 0.9999670526640784818 -0.1483910718323197542
0.9995148925218887426 0.03020031669528385268 -0.007610551784315954318 8.76439974445919745 -0.03017245552402488679 0.9995376752475462201 0.003749491749768125819 0.2114251689586665872 0.007720269076135584906 -0.003518043808055635636 0.9999640097589296284 -0.1489848265551307893
0.9994616429159143278 0.0318051695874669374 -0.008053292949713583906 9.191174845940336624 -0.03178185006483499886 0.9994903052158702339 0.003007288802707621615 0.1901463727109332091 0.008144835558670652717 -0.002749721258420802662 0.9999630496606978225 -0.148756191218731959
0.9994084407750337684 0.03331968456765665998 -0.008518634158571665102 9.629317847213991755 -0.03329620999489778244 0.9994413697792068341 0.002882841278759760203 0.16888811610092333 0.008609930754157699845 -0.002597497675593684989 0.9999595602314295117 -0.1477964863770286075
0.9993228535452840511 0.03572648571860589234 -0.008800715897529454157 10.07854969245904542 -0.0356992441236476804 0.999357348306887161 0.003233319351273840868 0.1468362753534015464 0.008910575240184277421 -0.002916951015249389951 0.9999560455568352602 -0.1490033248582698366
0.9992618726016072594 0.03748568342132540393 -0.008398422659373698876 10.53761723081203883 -0.03745754899803186572 0.9992921511024036585 0.003482638107948416405 0.1241635801542228246 0.008523026914738310658 -0.003165483149072581288 0.999958668010155094 -0.1483221090512967244
0.9992095494859906113 0.03897425231785417443 -0.007828401641962448934 11.00192063974473555 -0.03894656825472197353 0.9992345980110198811 0.003658272671068764099 0.09867801422455785287 0.007964988209904898253 -0.003350491608681463018 0.9999626658874801732 -0.152527912845683733
0.9991351261059534528 0.04073379390843568509 -0.008352114406884179887 11.47359588583830359 -0.0407095155275630366 0.9991663487374754515 0.003056615143045871529 0.07157201106548563563 0.008469659187458365712 -0.00271396102526946922 0.9999604488622545473 -0.1541876947832536704
0.9990652510437830758 0.04215669033482456751 -0.009562301858675846186 11.95530279191664746 -0.04213726087110464258 0.9991093549761420611 0.002224420247589078536 0.0438753939720135655 0.009647559437660916185 -0.001819411765137184025 0.9999518060075324177 -0.154526796659320953
0.9989989244105160759 0.04360779410032561421 -0.009975435846902625664 12.44737162209714754 -0.04359354809802697822 0.9990480013310858443 0.00164121923814008878 0.01460992080119258296 0.01003750919586484346 -0.001204711611233063098 0.999948897233791989 -0.1609339416989892246
0.9989782074345464613 0.04430379893434720912 -0.008928296077365019401 12.95122444479080315 -0.04429386672874836145 0.9990176898021904117 0.001307223206020945681 -0.01547184881035135184 0.008977440675161025771 -0.0009104187385020323913 0.9999592875195691954 -0.1676243964773614925
0.9989855048704506801 0.04448886585465611915 -0.006978672774755456838 13.46539979665299214 -0.04448331016761757767 0.9990096765256947231 0.0009493811448939027666 -0.04548002559801767042 0.007013998521687245941 -0.0006379835367485665529 0.9999751980933050399 -0.1677656547571928503
0.999009378925488134 0.04416703866929240496 -0.005434474592428041421 13.99033912735788476 -0.04416400725218978113 0.9990240651018272855 0.000676617209758687433 -0.07547891225332081788 0.00545905507748777833 -0.0004359387631794899541 0.9999850042250911786 -0.1672333791903335143
0.9990149270733624798 0.04417557026682061849 -0.004206480263276310763 14.52725196422585086 -0.04417365084040063283 0.9990237174779977858 0.0005481677407962974721 -0.1043791543400555411 0.004226589172667678113 -0.0003618121651785786985 0.9999910024774836259 -0.1696106424442604121
0.9990182204088189355 0.04420396422338548209 -0.0029334004387457039 15.07629884645472274 -0.04420172917758400516 0.9990222873811278603 0.0008224679268793140888 -0.1353553595874447124 0.002966888758935192459 -0.0006919990728914592526 0.9999953593434197652 -0.1706640632257198642
0.9990510918110477867 0.04349430209213214771 -0.002271923562023345309 15.63799493550088471 -0.04349300680811806624 0.999053541264415923 0.0006164785632052456263 -0.16607490273868597 0.00229658658498286183 -0.0005170807946977014737 0.9999972291549159564 -0.1743630765214208567
0.9990681137600626593 0.0431081374724663971 -0.002143023930204402631 16.21378138033719196 -0.04310769649559367811 0.9990703995314337282 0.0002515610168115530441 -0.1966973722454646856 0.002151876101050161777 -0.0001589457653954360131 0.9999976720800350938 -0.1765754799333549285
0.999072380364794177 0.04297903339744825468 -0.002679828435735195739 16.80089086558157874 -0.04298013130858040209 0.9990758646858487468 -0.0003534330499000980534 -0.2280321222871696529 0.002662161700786448097 0.0004682845765156463838 0.9999963467956441976 -0.1826717018096086498
0.9991244678639481513 0.04169130992348948211 -0.003483158400922367007 17.39974340073854719 -0.04169327835220053985 0.9991303348918112448 -0.0004944079520023618012 -0.2596705754255795862 0.003459516704439221952 0.0006391993747065261326 0.9999938115650172099 -0.192676001118112783
0.9991245837611716363 0.0415435557520551571 -0.004919258027538482916 18.01133574945423987 -0.04154659225509037268 0.9991364339982991005 -0.0005166518670368620359 -0.2924131322882949635 0.004893546367909657087 0.000720577989070358407 0.9999877669108291345 -0.1995702440005545919
0.9991702038441609979 0.04023359523237313856 -0.006337315259266547082 18.63454475900343965 -0.04023970576210202099 0.999189702263890589 -0.0008396249026672522207 -0.3254666055018319293 0.006298399018578016394 0.00109393988650523721 0.9999795665239002984 -0.198550847405664227
0.9992153055334107581 0.03899492039478186234 -0.006940415778412077109 19.27182352964540257 -0.03900529864428770727 0.9992380697357872155 -0.001366260724733443831 -0.3569851074129145596 0.006881850437384787363 0.001635901617655316801 0.9999749816672689473 -0.2018805367873643397
0.9992145463543706807 0.03912329477582852932 -0.006297472486067883131 19.91692224296026126 -0.03913205544735291752 0.9992332356929556347 -0.001273939971651790685 -0.3884940208032497955 0.006242803079903328639 0.001519372393359731677 0.9999793592455975544 -0.210217255292194205
0.9992594094367100999 0.03821975473749218005 -0.004459035770574847936 20.57110906451402599 -0.0382247777086275678 0.9992686179266907498 -0.001046707221458583479 -0.4206069343131545457 0.004415769618461896223 0.0012163776910928863 0.9999895106469813832 -0.2130779643918430666
0.9993070431334996062 0.03713911571561226421 -0.002473788116292210872 21.22902979454396899 -0.03714328925297010614 0.9993085660895679734 -0.001663070498125908576 -0.452687234341164535 0.002410312687628263749 0.001753802689558759537 0.9999955572745681254 -0.2154387808790619863
0.9993209177088198114 0.03681229466175234277 -0.001599497214310115299 21.88812033463974771 -0.03681639384053050912 0.9993186286346043001 -0.002613734575817937538 -0.4845527873262004404 0.00150218979533663392 0.002670847354342526739 0.9999953049890927259 -0.2182915005099326511
0.9993269035929649435 0.03664380957671894978 -0.001723651647562556401 22.54611306987153441 -0.03664817025347780893 0.9993249247982652905 -0.002570271194545880548 -0.5165151905723309733 0.001628303524865392466 0.002631709833277286019 0.9999952113540265808 -0.2210570648222738854
0.9993519498452588801 0.0359014384294178146 -0.002601357179998418402 23.20337713576314087 -0.03590535519660001396 0.9993541064445907729 -0.001474923909715522043 -0.5466459916967778554 0.002546725090227811884 0.001567370738588668311 0.9999955287601453024 -0.2195087256344483984
0.9993642339842739863 0.03536762745889134724 -0.004500973334096406916 23.85643010771519812 -0.03536462837585997027 0.9993741988021863643 0.0007441964293696992205 -0.5740581029937896762 0.004524477081662786615 -0.000584548045280906467 0.9999895936512140926 -0.220526337443716608
0.9993615770639701079 0.03509251685189878484 -0.006704740801377608202 24.50849962436139151 -0.03507574305409294491 0.9993812662858851947 0.002603237604184173177 -0.601503537131935162 0.006791946511693724813 -0.002366401871996312578 0.9999741344678684252 -0.2231744682354889486
0.9992811718476474203 0.0369533017808208672 -0.008461269307154135888 25.16117023451084833 -0.03692168004692635008 0.9993106939618368045 0.00386347978183064272 -0.6296942576232853472 0.008598205237432276354 -0.003548298325647794398 0.9999567392870989391 -0.2205501881570635647
0.9991440442729140337 0.04029514458908472346 -0.009353080589302441641 25.81387823107788648 -0.04023760114076952582 0.9991705226423538422 0.006261160997916953054 -0.6609546299785751255 0.009597616808435975935 -0.005879456195112753129 0.9999366568670478017 -0.2240197228416665187
0.9989745590691430088 0.04456970580381742347 -0.007960631706869007035 26.46829728433037587 -0.04449370669201777734 0.9989646677531650587 0.009481700565473854397 -0.6923278986665684087 0.008374986412880768699 -0.009117779629371280253 0.999923359911755627 -0.2226089625629535385
0.998758370218498448 0.04953215535868634584 -0.005318223764721962364 27.12250647231154588 -0.0494667553996960066 0.99870611730204506 0.01179539629264016523 -0.7297282631175086021 0.00589559400869326105 -0.01151767550318825994 0.9999162890573830564 -0.2223070967071207882
0.9985365071270545512 0.05405072053597475418 -0.001833996740349636912 27.77730488779034701 -0.0540250510355372443 0.9984679916043783798 0.01195673877470579752 -0.7725851217537760274 0.002477457387979155063 -0.01184015840522894755 0.9999268337502649207 -0.2228727704564086309
0.9982828441131637032 0.05848208150977622644 0.003348028019131998791 28.43234951177541348 -0.0585183555678113615 0.9982139812837789172 0.01201872003279807165 -0.8208538443667234841 -0.00263916861382611917 -0.01219400311101607667 0.9999221675096299222 -0.2268910317367397456
0.997942089060477544 0.06374084384608819098 0.006977944353352970829 29.08594555809379045 -0.06381817374320683522 0.9978954500848877807 0.01148526882406328102 -0.8716609991183075223 -0.006231178194511501935 -0.01190695282881959471 0.9999096943687667549 -0.2282574717890341054
0.9975292454137056897 0.06994721945475194935 0.006541485680762121682 29.7351536440398192 -0.07002537981200201989 0.9974656446766803075 0.01259896312874493607 -0.9242559430991514891 -0.005643644792836011864 -0.0130259042021421776 0.999899232469536825 -0.2321792727847750704
0.9969560915226207687 0.07785302154584251844 0.00417835040684080665 30.38112114317251056 -0.07790424154637817789 0.9968632229240835807 0.01395148488485473993 -0.9814911091330877912 -0.003079078599732390335 -0.01423452906110163688 0.9998939431046601767 -0.2346888004423686724
0.9960976024596328582 0.08824267607877656072 0.001672271696601301079 31.02562901697808684 -0.08825808458990362648 0.9959733944550029916 0.01573238832156286307 -1.046894944138381245 -0.0002772700715098256555 -0.01581858578492863557 0.9998748399000108034 -0.2444523653693916887
0.9948777927565025658 0.1010818126413269985 0.0008028904615724855335 31.66984016994360474 -0.1010817143123971251 0.9947500090693492947 0.01596579118604722278 -1.123443637955014562 0.000815175819407651229 -0.01596516863904670278 0.9998722162750149911 -0.2523753060984076368
0.9932197724755896795 0.1162418086146116969 0.001524956898344652411 32.3110087924327587 -0.1162516469179302181 0.9931108728373578831 0.01470880148380701233 -1.214524564331881606 0.0001953264106766031095 -0.01478635121404684068 0.9998906568547223372 -0.254055640490136847
0.9911080139038843662 0.1330569616183469583 0.0008658755057933000378 32.9480682106956948 -0.133054572324476067 0.9909906803663801611 0.01529549641331597563 -1.314588824970703396 0.001177097722601461085 -0.01527469776698514928 0.9998826421381055152 -0.2573206224628560856
0.9884343229954132282 0.1516445069680845692 -0.0012379947518564886 33.58116293270575881 -0.1515980633346026007 0.9882784750645856597 0.01799118998885178636 -1.424152703858053703 0.003951748701131258673 -0.01759543208971272449 0.9998373790030954389 -0.2522175346391494211
0.9847385107875927801 0.1740083866428818182 -0.003338674853202548785 34.20922649560525031 -0.1739058816750215231 0.9845503722636014254 0.02042813732177365532 -1.547804130678842816 0.006841760787068768349 -0.01953575833043542237 0.9997857492762073361 -0.250997338368380396
0.9803359371150354162 0.1973060176142186206 -0.003433047334804348143 34.83329844523810692 -0.1971873966689377256 0.9801247862981676828 0.02173784439401080931 -1.690380469474540126 0.007653822294276446322 -0.02063343638827210003 0.9997578108257513252 -0.2535330909702556701
0.9747167356075064903 0.223441734706259415 -0.001037553904056298009 35.45337086291890927 -0.2233605077738803069 0.9744684278747054451 0.02283345445600376208 -1.852494100692357204 0.006113010194706852522 -0.02202440162314587419 0.9997387442924785539 -0.2519936685006926025
0.9676307147383846896 0.252367847061234829 0.001126793929691047086 36.06699506984287495 -0.2523277330838284427 0.9673755616078193453 0.02269885285058386229 -2.031822014500711759 0.00463842771411046139 -0.02224842856548344197 0.9997417128512281481 -0.2518352704486848115
0.9593119517428008169 0.2823444420201574045 0.001481655744148705454 36.66772422841239631 -0.2823009304740055625 0.9590415506071439111 0.02335570299853351184 -2.231453473095509121 0.00517338350877510466 -0.02282367782306370108 0.999726120411835617 -0.2477125276806327048
0.9494279606286025741 0.3139849183230321583 0.0001365367773089616718 37.25869626323304118 -0.313890516824068877 0.9491316656322050793 0.02493641397945968452 -2.449605432115486536 0.007700066527742655334 -0.02371818626950398731 0.9996890299565928117 -0.2434855075639753841
0.9378197848812395154 0.3471189901440265846 -0.001567726601448348562 37.83809314290706283 -0.3469605272064561485 0.9375105073951491841 0.02631427529513004002 -2.689039278288904544 0.01060394482839815966 -0.02413410874843046131 0.9996524901929646489 -0.2410374351119216607
0.9249597117038630412 0.3800504153985893585 -0.003348653470601863948 38.40540992639775197 -0.3798470867682051111 0.9246915204018539836 0.02572513888427493262 -2.94933473704905369 0.012873321188184874 -0.02252274078053642312 0.9996634452401060855 -0.2379044326607110682
0.9110431838809873728 0.4122822853278012567 -0.004861513023634669341 38.9600037767611127 -0.4120572136123764606 0.9108328327726757934 0.02433933962348153179 -3.230458821492351085 0.01446270424221689048 -0.02017096795367811016 0.9996919336664740197 -0.2305991734515769609
0.8960915321645458453 0.4438275830522254162 -0.006086255418295283444 39.50207374809282612 -0.443579956774046047 0.8959182140753754187 0.02381964811506068896 -3.527855029983624213 0.01602460393682756876 -0.0186448440596818435 0.9996977452503621464 -0.2188142929208295451
0.8796047477274816506 0.4756584056969768715 -0.006675991692893990491 40.0322430345744209 -0.4753769477679856137 0.879432430161652734 0.02480641672559093583 -3.839728884290942723 0.01767046422897017299 -0.01864622937164382016 0.9996699819561217781 -0.2093518005789360703
0.8627569667768062445 0.5056001934614922089 -0.004342884961247381152 40.55288793626343846 -0.5052966669152040291 0.86248199207492382 0.02828589314227682866 -4.16670255674345924 0.01804701311769512859 -0.02220940607428915567 0.9995904399299530008 -0.2042370044810911112
0.8430118442288057068 0.5378942833431477055 0.0008777452417615133487 41.06446399894944932 -0.5376329389138192472 0.8425490785683149575 0.0325863959126028932 -4.512518519992697819 0.01678849263148172316 -0.02794262246899924598 0.9994685369558752308 -0.1966525823272892715
0.8192144429254013538 0.5734442222511823006 0.007029969357043446519 41.56012583561718543 -0.5733195231641535772 0.8186167217519608741 0.03422553472044374823 -4.882032509681578425 0.01387158466981605262 -0.03206847103947107341 0.9993894097417376221 -0.1920753346628015223
0.7926869669740247426 0.6095125315992976356 0.0119099207779355433 42.03548792462325423 -0.6095438726799909945 0.7920989247072588446 0.03218012983011792061 -5.278071062906708022 0.01018035695839785912 -0.03276838874616123248 0.9994111231276046059 -0.188850512712410934
0.7648671561372099026 0.6440119713222454134 0.01506035378775612797 42.48958120771121827 -0.6441469175411342896 0.7643451215794782039 0.02917676712570928949 -5.69750794075732081 0.007278879366505707979 -0.03201743136618095259 0.9994608056366591775 -0.1837856471195206398
0.7364869522603861851 0.6762635515164870936 0.01595550188854537657 42.92340399477785695 -0.6764247296446334046 0.7360418252553231344 0.02630620839264102145 -6.138371299664848735 0.00604601318163053552 -0.03016687529592652212 0.999526590621523936 -0.1789774908214986637
0.7061087763314111143 0.707918010035854639 0.016201452238386118 43.33891928891615919 -0.708078832413343795 0.7057089467398869331 0.0244795747396714114 -6.596182662003193364 0.005896022041424106228 -0.02875714794889970213 0.9995690388191963427 -0.1723891659718547464
0.6749285664314017552 0.7377063861523341926 0.01614676577263003676 43.73704841203108629 -0.737848571469683967 0.6745237924806535279 0.02443642685956698077 -7.073619917441983596 0.00713553046379576672 -0.02840671060822400062 0.999570979469402543 -0.1709455897473447505
0.642992463831947525 0.7656997876384102897 0.01626427575440551887 44.11923896776021081 -0.765816004650742288 0.642542091664843551 0.02579743126247840274 -7.567383872222625207 0.009302605876646668701 -0.02904299656477306313 0.9995348747664797306 -0.1711313983321227916
0.6102828087737612872 0.7919928306220550551 0.0173853259524622758 44.48466156091248536 -0.7921115969075321894 0.6097844166983105163 0.02687346640275969575 -8.081661268485204275 0.01068229187991613996 -0.03017153286072635568 0.9994876523724675055 -0.1700138435188208175
0.5765832467853980736 0.816822461039397818 0.01878368089459957549 44.83137200439900028 -0.8169580617651754917 0.5760517625215837434 0.0272743874846822637 -8.617390518652587872 0.01145795982260323573 -0.03107143442646875461 0.9994514901281528196 -0.1701450497448775967
0.5411513860928627295 0.8407173554327251885 0.01869506897495759254 45.15756234887562925 -0.8408566821875887998 0.5406897906121499453 0.02479093278337866219 -9.178794962144225522 0.01073393451880303232 -0.02913552130981131999 0.999517835782709585 -0.1662793797454737432
0.5062249743350033526 0.8622478307283196752 0.01627740040154980472 45.461791061586041 -0.8623477990754304656 0.5058927555051107028 0.0207073261723343359 -9.758694761451462085 0.009620228130679010781 -0.02451934607108249148 0.9996530662579694582 -0.1661318443600142691
0.4720508858850377409 0.8813992045075443871 0.01741847951512542209 45.74948402844095341 -0.8814901591352964916 0.4716472182409124914 0.02289106535831475844 -10.35279322871609153 0.01196078938785361499 -0.02615996596092759474 0.999586212238915639 -0.1626940335380246128
0.4386477148652327962 0.8984594356545642091 0.01894266947375060003 46.024506565240209 -0.8984958242189264865 0.4380687760562773647 0.02830196646361039792 -10.9565276903116775 0.01712997678520526354 -0.02943450233717939332 0.9994199187366143988 -0.1546925500402051568
0.4064059014195241515 0.9134904014595341959 0.01922315615821570955 46.28104176429167183 -0.9134115863139020686 0.4056691642498501116 0.03334371251599344693 -11.57469046671431911 0.02266091963943842047 -0.0311097351021714548 0.9992590590547416607 -0.1515482450558107153
0.3766717194103692545 0.9261858825785040938 0.01726634613094702592 46.51678362966396207 -0.9259860819178755698 0.37593950719371938 0.03491794703766163549 -12.21231735213094893 0.02584940793940169318 -0.02914099935178972312 0.999241017105463647 -0.1460140495652030856
0.3500310725411703849 0.9365902974775730527 0.01663919849480262336 46.73791619159300126 -0.9364135046782371408 0.3493870086268842101 0.03253408149892588613 -12.86636541074097551 0.02465758528119055271 -0.02696910961876584564 0.9993321122702261139 -0.1326643989377029598
0.3255140189268507234 0.9453848039658840907 0.01697633389388454594 46.94872590465459439 -0.9452825172724158564 0.3249571807905730081 0.02904811855813434207 -13.53508296409615497 0.02194506826634342461 -0.0255030014513901622 0.9994338451822391001 -0.1208649591954081282
0.3042403882538892157 0.9524406279321285806 0.01716497653290924297 47.14827717363442616 -0.9523753106953040115 0.303733523567489172 0.02696691008070225756 -14.21352922725360024 0.02047080196635951699 -0.02455192305156761803 0.9994889440815861725 -0.10889700328352514
0.2842840283271069746 0.9585702218285907517 0.01804774394762733575 47.33736058835488336 -0.9585274236631761147 0.283774114894192353 0.02640889625963130719 -14.90338072631769428 0.02019329898126805134 -0.02480688492141256557 0.9994882936466784606 -0.1004145603053227948
0.2650775275030001765 0.9640608148186606829 0.01790669550968086027 47.51574353236552639 -0.9640161617102896985 0.2645853988355523212 0.02583421538178437907 -15.60522019120424808 0.02016790455790811593 -0.02411041381254080615 0.999505849693502868 -0.09543582850832915687
0.2503793625987278393 0.9680263380842581977 0.01533569560980577867 47.68252664168150545 -0.9679551697286157275 0.2499821603469938314 0.02391043504198455891 -16.31690455445237475 0.01931228055673066962 -0.02083094533216632224 0.9995964723508513616 -0.08743786868988805139
0.2387341658487911467 0.971007134968582486 0.01229397806190159377 47.84129408318696619 -0.9709093441909631972 0.2384311039409706678 0.02203755966897100529 -17.03832990448292506 0.0184673609147414583 -0.01719745660249371796 0.9996815513288469512 -0.07948475486048733885
0.2291310200021156041 0.9733414209619936086 0.01026907554151946893 47.99883678337374704 -0.9732311897678131984 0.22888568637380724 0.02079408176183824425 -17.76885175140070317 0.01788929668592235261 -0.01475875377118593054 0.9997310399558495542 -0.06839829670471417322
0.222021351754619567 0.9750105834905480329 0.007802656372833175619 48.15402291317619188 -0.9748791716134921348 0.22183105875896314 0.02003951406767548113 -18.50761807580262897 0.01780786677967336265 -0.01205584718294336853 0.9997687414744766965 -0.05597818762816812038
0.2165628570996993574 0.9762462304079508879 0.006620161560082889196 48.30811042985009607 -0.9760879035091813982 0.2163872887377612519 0.02071100904765285633 -19.25560941559977479 0.01878652569972377728 -0.01094709491085080894 0.9997635858367449613 -0.05179159024463958483
0.2131774110297000036 0.9769920453525060555 0.006475704178021730699 48.4639371358691875 -0.9767938886465558079 0.2129842832778799933 0.02261402616403810489 -20.00911376758501348 0.02071450046258313873 -0.01114622781638213884 0.9997232972558212083 -0.04409469199629224151
0.2104651224875025983 0.9775919667966912474 0.004287035210694165044 48.61788028766814307 -0.9773319137334685047 0.2103021361104983056 0.02439963002666200795 -20.77277308951500956 0.02295130964448620706 -0.009325127448921661025 0.9996930925957547842 -0.03566336898674779543
0.2090492134606034558 0.9779000020312211827 0.003164234321393567285 48.77348263351466073 -0.977601286170735162 0.208902514214741486 0.02560204741977216078 -21.54992185855872933 0.02437522571849492711 -0.008445447418424378502 0.9996672060186204689 -0.02547653556983185338
0.2072878182513020473 0.9782766968294478449 0.002542605962323963003 48.93030321207260869 -0.9779716625050828283 0.20715653470844686 0.0256436632451807825 -22.34031308135535454 0.02455988073381810965 -0.007802215586133928217 0.999667913704490263 -0.01620035393781335542
0.2068900207279940062 0.9783628873644844015 0.0016062225871816846 49.08928180155903931 -0.9780790109354395856 0.2067897954134539917 0.02448323672258617342 -23.1430291370174217 0.02362133973174580792 -0.0066363499524370647 0.999698950268822828 -0.006390145508295114185
0.2073727423023021821 0.9782609333563004883 0.001446381306235766835 49.25225410415768579 -0.9780000235759455096 0.2072827659718746718 0.0234480023989118852 -23.95678330552567914 0.02263845479429374766 -0.006277037510571709111 0.9997240114974820235 0.007213545360410404672
0.2078938680026145569 0.9781497744448902631 0.001777188881800029771 49.41985260872517927 -0.9778958231465966211 0.2077976775911003493 0.02323540961948227651 -24.78177503832476702 0.02235841495615245242 -0.006568404764874147435 0.9997284417978180571 0.01863583663024821757
0.2082615268359554461 0.9780724172652264237 0.001217795103244387464 49.59018425696439181 -0.9778079320742086855 0.2081758919527082474 0.02354667667536425313 -25.61860761228787453 0.02277683939260270046 -0.006094636547917432409 0.9997219968534414303 0.02701383344244335377
0.2089692905752567054 0.9779220883827064448 0.000473972235790803679 49.7618369804511218 -0.9776572082473287129 0.2089013576607473555 0.02337960499102129455 -26.46689273962235944 0.02276441869483208924 -0.005349001841733435486 0.9997265473222082255 0.03794837177351641916
0.2105131715687458271 0.9775906788837184225 -0.000818019399678385239 49.93492841272338012 -0.9773482708686980214 0.2104794707936757936 0.02210768654519072035 -27.32406186782208479 0.02178444458860471014 -0.003854469364863067835 0.99975526057124664 0.04697948183505982339
0.2120867948574673978 0.9772494489188431332 -0.001645003010359165265 50.11153812951350517 -0.9770597458232955779 0.2120783103267492864 0.0194176049158584843 -28.18710615796049268 0.01932471316226590935 -0.002510951367232951061 0.9998101072625878993 0.05802228977590693365
0.213746303796724213 0.9768889095400598022 0.0007589669766214460645 50.29408437458101844 -0.9767410680126842326 0.2137002970366320698 0.01758036131302398788 -29.05256632912499981 0.01701186852405525696 -0.004499051465401394077 0.9998451654457464199 0.06897398774937904542
0.2144495058711670676 0.9767282167973037055 0.003660593335986693942 50.48241400108980059 -0.9765993685098407484 0.2143557318488261698 0.01747265434140592155 -29.91885881416505555 0.01628136535406071034 -0.007321935230068138054 0.9998406405056229351 0.07847924412729849475
0.2149348944205080603 0.9766109238304520046 0.005839059468473252121 50.67016059855637877 -0.976473372295985409 0.2147904219569179984 0.01910046681301829849 -30.78663736227958481 0.01739955049278978094 -0.009807042908055386282 0.9998005188796654785 0.08835224204454437957
0.2156131704284184325 0.976445016262730503 0.008129634277251471947 50.85864660817176031 -0.9762965021918609265 0.2154045428382255212 0.02111925028481785246 -31.65658328922238951 0.01887062653288231959 -0.01249052201996052672 0.9997439103660124005 0.09778631711343635513
0.2156590960963947756 0.9764213803450140228 0.009614690635868053045 51.04736319369280295 -0.9763091680181062992 0.2154354178010858822 0.02019874255157517659 -32.53200485973622591 0.01765113918927618472 -0.01374295317641230363 0.9997497529498627911 0.1045910993697017066
0.2164340680607190759 0.9762389523476764364 0.01066780679423675465 51.23586317532299006 -0.9761743766487329665 0.2162205681724667095 0.01822778850089160768 -33.41125269175901735 0.01548807790352147232 -0.01435875406457155085 0.9997769479361722222 0.1140468114146698797
0.2166470690060742221 0.9761869393216936475 0.01109535888656021548 51.42460868209457914 -0.9761350634591910991 0.2164331853688132856 0.01780489136811185327 -34.2921425731613212 0.01497949854296395066 -0.01468794637970794077 0.9997799152086164209 0.1214173989562875866
0.2163783159867761485 0.9762510447156701465 0.0106921495635765966 51.61354654692358679 -0.9761619747922221091 0.2161421864576633656 0.01975738350718976577 -35.17468684385587352 0.0169771417051383551 -0.0147123392043453545 0.9997476300220270451 0.13267535189548324
0.217102978427049953 0.9760836404240443853 0.01127047712604151326 51.80391737986261091 -0.9759507862188649963 0.2168120002393655321 0.02264110048086279137 -36.0618251086493018 0.01965603309121806072 -0.01591488136148337326 0.9996801272979106701 0.1431231758377830565
0.2165324003955763077 0.9762045024634301571 0.01176813277698089341 51.99601719889105311 -0.9760377384323852823 0.216197974769874679 0.02467324180563644498 -36.95856260850342778 0.02154188326782497873 -0.0168286979749313996 0.9996263012695013606 0.1507632340213702349
0.2163808009128665999 0.9762302438166138296 0.0124040337818443272 52.18823334626977584 -0.976036115035140539 0.216002457631596978 0.02639015809388351591 -37.86176721742597806 0.02308356868892716407 -0.01781710848776766123 0.9995747593360482242 0.1584240244510389806
0.2165195941407822566 0.9762055573627593796 0.01191533160157922169 52.38058662210103478 -0.9760082201999044083 0.2161565313808503364 0.02615928216932925793 -38.77749155540620052 0.02296125988106976004 -0.01729345874786638801 0.9995867730363431347 0.1710033248611454448
0.2159046477762844862 0.9763436203054988161 0.0117608740045429868 52.57744775552389882 -0.9761785124701393146 0.2155720425667189133 0.02458060729923176174 -39.70494733908496698 0.02146380348831054483 -0.01678777985217130841 0.9996286688503137619 0.1818063661888139892
0.2162695578557010112 0.9762472527068406514 0.01299153290592461839 52.77697683095674108 -0.9761244954698197196 0.2159286318427375839 0.02357531111806607238 -40.64165704333165507 0.02021008878480482981 -0.01777997561498997209 0.9996376467392775744 0.1919034425412026179
0.2167486530372076947 0.9761233057095810572 0.01425880279532759642 52.97975895657204148 -0.9759941522002082426 0.2163544432626822722 0.02502338409351529888 -41.58465465122298355 0.02134095306102722078 -0.01934029294231784379 0.9995851723546885781 0.2057065927236580161
0.2171125921915568746 0.976025841249418713 0.01535185738689453724 53.18486104026331418 -0.9758416941642077402 0.2166249058077538425 0.02840137522217541302 -42.53605224323771239 0.02439488148345404436 -0.02114727871728603464 0.9994787053060518733 0.2139253560653152642
0.2168860670700177851 0.9760512207875240431 0.01686559545595164508 53.39379653327644348 -0.9758342179168816299 0.2163022032998074273 0.0309989675666286664 -43.49756616411167442 0.02660851467947520851 -0.02318126931021822004 0.9993771138562855816 0.2248479853145826102
0.2168601627634688667 0.9760203647406699989 0.018865773710382297 53.60531339893483249 -0.9758648017945223962 0.2162361997319540707 0.03049253259439310346 -44.47466824057413959 0.02568186957251025054 -0.02502306010407299997 0.999356937254296751 0.24072594982917489
0.2166644723877184653 0.9760031137001723422 0.02178137857253259133 53.81787791116293818 -0.9759781635300306402 0.2160283582845013983 0.02825549025325725661 -45.46493792093890107 0.022872051012106525 -0.02738011074615102555 0.9993633967771824445 0.2555275577462458036
0.2166508370760955593 0.9759814610624408804 0.02286049992126853656 54.02937006103688589 -0.9760434699636508782 0.216065134536708281 0.02559301426073069125 -46.4672211859691231 0.02003895046011452616 -0.027857589631146467 0.9994110241359156488 0.2661561200051006937
0.2165590162277803987 0.9759993758011826781 0.02296542893477145769 54.24325637274132816 -0.9761065857236368437 0.2160331871955837313 0.02335798229861793876 -47.47918321161776589 0.0178360813353338199 -0.02747508809485319295 0.9994633528733204431 0.2728911148803988551
0.215602218834785142 0.9762174385807345089 0.02269792599308992354 54.45631871265936041 -0.9763463790135944453 0.2151278281430571981 0.02162789276592186685 -48.49762424698683105 0.01623057055560175183 -0.02682405952352544254 0.9995083983689772023 0.2822637029614091242
0.2140696852296010144 0.976583136478157976 0.02143705698512263919 54.6676682570987964 -0.9766991886916717158 0.2136491738514145755 0.02031564228958813653 -49.52055950173093635 0.01525990415205713546 -0.02528651931547571882 0.9995637684841213177 0.2899361063267585914
0.2125622031101248588 0.9769290245095090253 0.02066375764156190217 54.87632648122880141 -0.9770329387328104964 0.2121658829882109298 0.01980592656154084655 -50.54225476465731504 0.0149648401293966983 -0.02439916323835625636 0.9995902832626823997 0.3018622511896176253
0.2111982977123832983 0.9772358866362131913 0.02013208667093341689 55.08629194963901909 -0.9773208220830514881 0.2108010881810953308 0.02017205851108551731 -51.56194952617012461 0.01546899370676933436 -0.02393581191437974334 0.9995938110761287687 0.3125551029779598533
0.2101771537391714517 0.977437623345105977 0.02100610662572656093 55.29149336621352262 -0.9775282394236929351 0.2097424477120406472 0.02113401894995785291 -52.58055113924582002 0.01625131303359723597 -0.02497595037696470968 0.9995559497734238796 0.3262551810860189194
