1 0 0 0 0 1 0 0 0 0 1 0
0.9999999965557399006 8.210516365235151807e-05 1.213516946745193927e-05 0.8359827368275409842 -8.210567929897632307e-05 0.9999999957263087103 4.249752959775730739e-05 0.3897419585903456607 -1.213168014896752489e-05 -4.249852581771729432e-05 0.9999999990233487956 -0.104450207496565306
0.9999999855296055618 -5.508977424047981406e-05 0.0001609531157437301947 0.8377524532415028258 5.507016889462643344e-05 0.9999999910648368351 0.0001218096985183459471 0.3890176378026283244 -0.0001609598247743795321 -0.000121800833040443436 0.9999999796282457165 -0.1034697295406979273
0.9999999742566330063 -5.275398313860672007e-05 0.0002206892623409689226 0.8396245302169649261 5.272144744367613728e-05 0.9999999877422967032 0.0001474308499214910045 0.3883210155941874131 -0.0002206970372003962783 -0.0001474192110687786448 0.9999999647801963709 -0.1033490543850354437
0.9999999739292037004 0.0001888648155006115786 0.0001283420171695858879 0.8412719021759823557 -0.000188886306200244014 0.9999999681400273399 0.0001674571813490535104 0.3879564574947976796 -0.0001283103863109530038 -0.0001674814190328649164 0.9999999777432092563 -0.1044720381474772836
0.9999999896132643062 0.0001328937733039357275 5.579172260352884731e-05 0.8426486425795460811 -0.0001329009287322611857 0.9999999829422806519 0.000128268396267304356 0.3881384356796318547 -5.577467558067369756e-05 -0.0001282758097067640004 0.9999999902172510557 -0.1056432412639131957
0.9999999933724695866 8.620515470632398322e-05 -7.631338030527307179e-05 0.8445390185925736315 -8.620133135391137413e-05 0.9999999950295322959 5.010255369783708074e-05 0.3879029875779627101 7.631769902435258355e-05 -5.009597505079845751e-05 0.9999999958330010319 -0.1092169884817950493
0.9999999994910939716 3.189664455756636546e-05 -6.450042678510822798e-07 0.8461843655775957984 -3.189675206867117482e-05 0.9999999854840269098 -0.0001673754555985658616 0.3873133474900478102 6.396655430733294837e-07 0.0001673754760869287125 0.9999999859925202683 -0.1104047034557683049
0.9999999898774543095 -0.0001410918294496495433 -1.83898626049153565e-05 0.847577376460552312 0.0001410941777170320369 0.9999999818855598299 0.0001277548941061975782 0.3866457412090601453 1.83718371000627028e-05 -0.0001277574875155353909 0.9999999916702499991 -0.1082158098682546588
0.9999999667716887863 -0.0002576661363727168123 -8.04882418492841966e-06 0.8489035712132970701 0.0002576662718287469397 0.9999999666623741179 1.683279311030333754e-05 0.385809893790987124 8.044486675834636475e-06 -1.683486646149838715e-05 0.9999999998259367917 -0.1068090443552336677
0.9999999997797901496 -1.985317552811291636e-05 6.802292226342232268e-06 0.8508799533144448812 1.985310053091412361e-05 0.9999999997421499254 1.102517342767987796e-05 0.3853650972636254446 -6.80251110929154879e-06 -1.102503837866061496e-05 0.9999999999160872344 -0.1080448589485543953
0.99999996150244852 0.0002760947608759377792 -2.769087497708732956e-05 0.8526804460104538963 -0.0002760940419338676227 0.9999999615489849614 2.596360322821463832e-05 0.3833395562180167415 2.769804232716985011e-05 -2.595595694308237687e-05 0.9999999992795534087 -0.1070817477985683275
0.9999999927894135388 0.0001095868330762370948 -4.911108768077407713e-05 0.8541976385644567404 -0.0001095895887882863528 0.9999999924207472191 -5.611263281867377896e-05 0.3825991217253051357 4.91049381028225648e-05 5.611801447797266771e-05 0.9999999972197367581 -0.1049257390259045047
0.9999999938903044727 -9.657729604067901157e-05 5.377933552090162457e-05 0.8552148580782068521 9.657920739952294167e-05 0.9999999947047072402 -3.553930447293927197e-05 0.3809749739718741868 -5.377590294619513509e-05 3.554449822140402386e-05 0.9999999979223704871 -0.1006854156906743791
0.9999999969426972557 -7.398287866875693272e-05 2.532072493779053736e-05 0.8564403145386914051 7.398425083234170185e-05 0.9999999957946338336 -5.419467732378380079e-05 0.379709915806264009 -2.531671535307067675e-05 5.419655049295932328e-05 0.9999999982108989105 -0.1033360361211356909
0.9999999797299038429 -0.0002010375920043610805 -1.113905243214694669e-05 0.8574768033712834026 0.0002010378959034362018 0.9999999794195669756 2.72879098278339169e-05 0.3785731598165429368 1.113356630721780465e-05 -2.729014864636867649e-05 0.9999999995656457807 -0.1043312247233743328
0.9999999639209334878 -0.0002685294053570588899 7.077443360655698313e-06 0.8587648022058207431 0.0002685299444663320637 0.9999999610363369262 -7.628232756179611368e-05 0.3774837940286248639 -7.056959036833158124e-06 7.628422531507354125e-05 0.9999999970654581682 -0.1028085644742612881
0.9999999634094144385 -0.0002693324905655721619 -2.532151765629883178e-05 0.8598734438659321189 0.0002693306971000362492 0.9999999612238500424 -7.080447748474124822e-05 0.375570040280373274 2.534058662069202619e-05 7.079765503196194635e-05 0.999999997172773325 -0.1034481050899926091
0.9999999911155861287 -0.0001322656685635917849 1.657168323018233785e-05 0.8606020475990574514 0.0001322659168025259947 0.9999999911406708408 -1.497950514150488862e-05 0.3735482588027141393 -1.656970180910604857e-05 1.498169687729616556e-05 0.9999999997504969151 -0.1022787216993658321
0.9999999549178422154 -0.000299270593862059381 2.45239729017855138e-05 0.8623480496110640381 0.0002992672336609958047 0.999999945847891647 0.0001369063061712651869 0.3730561771913565861 -2.45649436053120111e-05 -0.0001368989607777048071 0.9999999903276189928 -0.1016869855576556791
0.9999999979363713987 4.302855874251567666e-05 4.770534846384902832e-05 0.8646595226915301247 -4.302796159036901684e-05 0.9999999989959412749 -1.25184650448006667e-05 0.3716879134295825171 -4.770588706745860298e-05 1.251641235506584597e-05 0.9999999987837439042 -0.1000589106610339507
0.999999986258833351 -0.0001482968437415627734 7.409709266266878988e-05 0.8658276980419852276 0.0001482932222973905084 0.9999999878100592765 4.887741251732858461e-05 0.3703488588894339739 -7.410434012543620525e-05 -4.886642374906210095e-05 0.9999999960603096483 -0.09880043514096577273
0.9999998784181862721 -0.0004925385538451588011 2.386180124273721854e-05 0.8672036131784744972 0.0004925402041386145111 0.9999998763074670061 -6.920403237580795037e-05 0.3686134602991860687 -2.382771263718394479e-05 6.9215776858311384e-05 0.9999999973207082116 -0.1004462062081900586
0.9999998994886079018 -0.0004428658408430118858 6.994727437990213984e-05 0.8690162000164323164 0.0004428585289297637785 0.9999998964764051923 0.0001045155594171474233 0.3674802675217893055 -6.999355350981131439e-05 -0.0001044845721651085164 0.999999992091938239 -0.1019611808246549817
0.9999999969943038636 -7.486746073463220873e-05 2.015578201691486354e-05 0.870594161855272608 7.486665719673055944e-05 0.9999999964029155919 3.986417509497102324e-05 0.3662986481516209425 -2.015876647397645349e-05 -3.986266597912863454e-05 0.9999999990022959695 -0.1022728251924673176
0.9999998495387272257 -0.0005475311936776734809 -3.364691327307480303e-05 0.8721973421878541632 0.0005475296309797111297 0.9999998490275032736 -4.643569540693307245e-05 0.3643054109848206101 3.367233318505171124e-05 4.641726573815123039e-05 0.9999999983558056638 -0.101139931170797559
0.9999999152349380305 -0.0004110726312181979471 -2.343946543392394955e-05 0.873935365938091735 0.0004110695475266994527 0.9999999068761944443 -0.0001314132011707875582 0.3626599471570886024 2.349348362153381141e-05 0.0001314035547810892208 0.9999999910905810196 -0.09992489517591970904
0.9999999980603861971 1.989823279535938674e-05 5.901938563917308647e-05 0.8748028474726579073 -1.9903230752363583e-05 0.9999999962162464673 8.468393283830100485e-05 0.3617648126987075274 -5.901770035524863599e-05 -8.468510735049812632e-05 0.9999999946726717548 -0.1003389282804170446
0.9999999843496623075 -0.0001297019678127836874 0.00012032487138296029 0.8754537372266504303 0.000129702558332906641 0.9999999915766185632 -4.899924317280525766e-06 0.3615662808264146766 -0.000120324234839591914 4.915530684244503383e-06 0.9999999927489580109 -0.09598213894405063784
0.9999999562364670913 -0.0002901901902311838444 5.759094827233516255e-05 0.876660709027419327 0.0002901918163252113943 0.9999999574959188564 -2.822888882032458614e-05 0.3610978478055870688 -5.758275407786804496e-05 2.824560000681172316e-05 0.9999999979432062647 -0.09704724659441305024
0.9999999608434443354 -0.0002754104852898637081 -4.962030108083359352e-05 0.8774075050984758706 0.0002754081091432023865 0.9999999609286009949 -4.788705367737275859e-05 0.3606468170499426695 4.963348773879139585e-05 4.787338596898488893e-05 0.9999999976223279408 -0.09923827061929400839
0.9999999709055131802 -0.0002411895949603762919 4.068420051577103747e-06 0.8784984347620594658 0.0002411891629715830578 0.9999999653118499809 0.0001058493572074531604 0.3601838294204487978 -4.093949674042820352e-06 -0.0001058483728689935821 0.9999999943896807908 -0.100466398240421112
0.9999998625220376525 -0.0005243388359256341124 4.968998946565920897e-06 0.8799027099334836288 0.0005243384592896073839 0.9999998596846255694 7.549774381976402746e-05 0.3592062872474440782 -5.008584648448439571e-06 -7.549512800323619256e-05 0.9999999971376998253 -0.1023446476980528208
0.9999998995481351738 -0.0004465166612698874722 -3.907160959648263947e-05 0.8816052335676194396 0.0004465178757102060175 0.9999998998279292506 3.107922290262053375e-05 0.3583320840309224264 3.905772829175325523e-05 -3.109666595277223833e-05 0.999999998753745567 -0.1044858801988586272
0.9999999108447513718 -0.0004187097454937238465 -5.470501139565995435e-05 0.8824994693620704656 0.0004187108595049038621 0.999999912133459401 2.035410390551055731e-05 0.3580755444407545673 5.469648412725382214e-05 -2.037700767317606775e-05 0.9999999982965360745 -0.1055162740705486435
0.9999998918803117975 -0.0004601466975845372627 -6.711468783441370211e-05 0.8832432582609509586 0.0004601502429167260585 0.9999998927359420309 5.281911016002147579e-05 0.358226475333517036 6.70903760963104497e-05 -5.284998728914604165e-05 0.9999999963528801716 -0.1071347390150635126
0.9999998292594570737 -0.0005831317120017414984 -3.792707776782498736e-05 0.8836038614715773232 0.0005831298484027404696 0.9999998287729516822 -4.912888352762202364e-05 0.3575556427100334278 3.795571988364360703e-05 4.910675872822065958e-05 0.9999999980739447958 -0.1011010912890693836
0.9999998684125707138 -0.0005129417302101430508 -8.100777975526453689e-06 0.8849771429544637247 0.0005129418782297162117 0.9999998682782127446 1.82807715415180669e-05 0.3572885907611067502 8.091399937893418407e-06 -1.828492436426822391e-05 0.9999999998000953516 -0.1006000847839962908
0.9999999131640471273 -0.0004164396453246156865 -1.580885830695213842e-05 0.8868807818566762924 0.0004164402418510649087 0.9999999125762589758 3.774916342138474223e-05 0.3561763477965499414 1.579313667665610335e-05 -3.775574358817690641e-05 0.9999999991625403428 -0.1012214495282921789
0.9999998921487397441 -0.0004624278327525522549 -4.316258112520316586e-05 0.8883992057816109122 0.0004624299166234218999 0.9999998919137005338 4.828208321344281924e-05 0.355831949305087325 4.314024948081832513e-05 -4.830203767495027637e-05 0.9999999979029160491 -0.1041845916525070831
0.9999999824779758351 -0.0001679604411200012965 -8.266400803931250863e-05 0.8886050449682749708 0.0001679627569209742651 0.999999985502018629 2.800847754377233477e-05 0.3549727900399339831 8.265930252460789958e-05 -2.802236152769553378e-05 0.9999999961910934765 -0.1051690141227717146
0.9999999034781629215 -0.0004368590017820345346 -4.688152520836632729e-05 0.888743271724667272 0.0004368574103410494645 0.9999999040014654339 -3.395088862523783181e-05 0.3549330426251106063 4.689635245912305108e-05 3.393040480654032769e-05 0.9999999983247298552 -0.1021974671399698414
0.9999999025736060476 -0.0004333799024423442268 -8.387275250208736134e-05 0.8890236264602724425 0.0004333768354049146983 0.999999905423116453 -3.658246521956327451e-05 0.3544227275099426366 8.388859867487176902e-05 3.65461131474095516e-05 0.999999995813542264 -0.1031877377764041648
0.9999998935099858599 -0.0004578564695717829078 -5.785732554544393316e-05 0.8889472017564290507 0.0004578518799197851515 0.9999998920403535552 -7.93154295509827372e-05 0.3541940864695216074 5.789363438174430232e-05 7.928893101941340957e-05 0.9999999951807962972 -0.101015099466389896
0.9999999062390461102 -0.0004327764728639685267 -1.504737736018617462e-05 0.8895333835359069408 0.0004327769538472444667 0.9999999058408159947 3.197604233249280373e-05 0.35289153652776728 1.503353746452059544e-05 -3.198255149252590159e-05 0.9999999993755546157 -0.1026216116125404088
0.9999998192304644373 -0.0006006262597018434098 -2.80559177170232561e-05 0.8893029742384671588 0.0006006263850173407552 0.9999998196140177376 4.458421348857985396e-06 0.3514917251979453594 2.805323481119004406e-05 -4.475271667347948412e-06 0.9999999995964939936 -0.1029983324889248708
0.9999999328347634053 -0.0003567584755382301469 -8.398725398276353905e-05 0.889982970001563567 0.0003567564452345989832 0.9999999360698951234 -2.418768990666780936e-05 0.3504428086632430661 8.399587777682748573e-05 2.415772528791998948e-05 0.9999999961805483562 -0.1045102366841218627
0.9999999631438585279 -0.0002609659926837755049 -7.489347202975985939e-05 0.8908847771893457779 0.0002609645309654523007 0.9999999657581158941 -1.952640813634147097e-05 0.3491125670119841207 7.489856519374911599e-05 1.950686287687279034e-05 0.9999999970048436548 -0.1046373823473085857
0.9999998703741652673 -0.0005078448609261877874 -3.667764839556921847e-05 0.8920651875485882121 0.0005078460797035851517 0.9999998704941290839 3.322776594734059278e-05 0.3479336092389022639 3.666076909542200364e-05 -3.32463882401141364e-05 0.9999999987753328545 -0.1050205442838331449
0.9999998412158945804 -0.0005453446736995316152 -0.0001420118748333599622 0.8927577331624332313 0.000545345183766438946 0.9999998512929921812 3.553022135551602728e-06 0.3474628582145078415 0.0001420099160935018538 -3.630467063366176436e-06 0.9999999899100017187 -0.107268714045421959
0.9999998845263859959 -0.0004702391635276995823 -9.910773860806888335e-05 0.8937407599605137198 0.0004702495870379988898 0.9999998839016104313 0.0001051764780023935371 0.346997094629283076 9.905826900278140727e-05 -0.0001052230712304382199 0.9999999895577822429 -0.1066296951167333001
0.9999999910931223202 -5.319966872324042104e-05 -0.0001224073137826880877 0.8942268943162546835 5.319351119703518631e-05 0.999999997319863998 -5.030628661546810348e-05 0.3455757173115993064 0.0001224099897324024795 5.029977489257986511e-05 0.9999999912428635396 -0.105701555092634264
0.9999999603767557588 -0.0002614474883432333567 -0.0001043632968665510392 0.8951971168016410463 0.0002614430562625889723 0.9999999649215226549 -4.247919354583767958e-05 0.3435031951781459814 0.0001043743992841048983 4.245190680337979208e-05 0.9999999936519101684 -0.1046240124657893678
0.9999998111355438146 -0.0006080216580232924691 -8.965790590781086932e-05 0.8948483081830225228 0.0006080273342230413033 0.9999998131481795394 6.32958677005174313e-05 0.3441361037573557047 8.961940389664263637e-05 -6.335037020369894912e-05 0.9999999939775464641 -0.1051122905941658248
0.9999998880685232461 -0.0004718494004625318301 -3.494401714452192293e-05 0.8946692870216763627 0.0004718493986223493098 0.9999998886790644193 -6.090501373330936005e-08 0.3437284365393220575 3.494404199251545872e-05 4.44166934410294999e-08 0.9999999993894559402 -0.1022630357971479886
0.9999998858142536973 -0.0004719610537150503824 -7.49949557988262961e-05 0.8948787269283053902 0.0004719645918496079067 0.9999998875123140563 4.716760877434230162e-05 0.3430446036030367907 7.49726860884789031e-05 -4.720299835217806766e-05 0.9999999960754866191 -0.1048097633269123863
0.9999997594821080638 -0.0006831106606945368514 -0.0001199814619556774755 0.8950186408798718185 0.000683117567634368341 0.9999997650200181942 5.753518128782081191e-05 0.3432218276205353247 0.0001199421308667330296 -5.76171288940326753e-05 0.9999999911470758285 -0.1064915641963391085
0.9999997888145065739 -0.0006414819775097690448 -0.00010426799459268738 0.895899194429423229 0.0006414934076863455445 0.9999997882340849742 0.0001096266072561450917 0.3443313267593864913 0.0001041976490194697509 -0.0001096934713357598318 0.9999999885550960865 -0.1077273114625846018
0.9999987775357516151 -0.001509071950050340115 -0.0004094250259752651696 0.8979259405383825943 0.001509229413622154925 0.999998787169023684 0.000384560864703892898 0.345631545919972416 0.0004088441993978994549 -0.0003851783108838593636 0.9999998422420323108 -0.1029840296096021512
0.9999977364917297384 -0.001676450359962572021 -0.001310162435589501666 0.902919517473319444 0.001676827092695256293 0.9999985530829798019 0.0002865010437293947663 0.3492497130404521033 0.001309680235115284579 -0.0002886973110997409432 0.999999100695367793 -0.1041842233237840615
0.9999966144688822167 -0.002284270076620761088 -0.00124625879764761016 0.9125658520403706619 0.00228507378748180447 0.9999971819392965422 0.0006438565455934719276 0.3538166896848564669 0.001244784543373930567 -0.0006467021591080246911 0.9999990161433950364 -0.1041829613935122967
0.999992909873823943 -0.003663223136002748299 -0.0008723521869557441383 0.925688525118321115 0.003663733661990934039 0.9999931177704800556 0.0005843520590351020073 0.3582634035251843763 0.0008702055712455430362 -0.0005875439819777333351 0.9999994487670146315 -0.0975751757595830771
0.9999843078498623639 -0.005565936508129620472 -0.0006359283129642508831 0.941420034344125356 0.005566460161962731058 0.9999841670975392338 0.0008246669060932045308 0.3602682220786196376 0.0006313282007336291652 -0.0008281938349162801727 0.9999994577596903467 -0.09394041874089190114
0.9999727848948344322 -0.007349475116259864861 -0.0006439605458855346453 0.961427392070487552 0.007350221012975828409 0.9999723096572661341 0.001163688005075536958 0.3619514111639707821 0.00063539021836091919 -0.001168389587519994173 0.9999991155721299485 -0.0940673180144043497
0.9999502560138492369 -0.00989210046493923037 -0.001277437367893091615 0.9889819163167761218 0.009894403179839052903 0.9999494127915458108 0.001809044929658542092 0.3623091250019635501 0.001259477491712903633 -0.001821594420907541624 0.9999975477521000355 -0.09302319341081674575
0.9999181345080168093 -0.01274057747541245886 -0.001184047127685613522 1.024096789040171096 0.01274357998790629463 0.9999155103948023093 0.002563833261705269605 0.3664473775545697976 0.001151282371706464436 -0.002578712371515049558 0.9999960123877522644 -0.09509736030987361866
0.9998767785138032993 -0.01569594400972593867 -0.0002552067832740936523 1.064708835446062096 0.01569690948032523639 0.9998672529094618788 0.004368477086197069398 0.3687120921861729017 0.0001866055335634085501 -0.004371944753733910359 0.999990425592887977 -0.09322727319947349267
0.9998383201845386647 -0.01796295410143290694 0.0008159476145652855153 1.111563010818555686 0.01795776321981603849 0.9998208819356282362 0.005976854156129267695 0.3719450689776576668 -0.0009231634204854442718 -0.00596123522539012806 0.9999818055564244634 -0.09443087734536187439
0.9997906151204164482 -0.02031562932950486608 0.002449718776809085841 1.16561011993563346 0.02029692409446421861 0.9997663656551414313 0.007432965559830857598 0.3762384996186030617 -0.002600151811500077403 -0.007381687453166485731 0.9999693744814892593 -0.096122158138881586
0.9997327125619076549 -0.02260800925312554319 0.004835426684450493985 1.221891297896312567 0.02256903867574924435 0.9997135370633778439 0.007967578395141002717 0.3774815652268491695 -0.005014172600004996108 -0.007856317829668852531 0.9999565672284455031 -0.09947871046437030407
0.9996792850073517034 -0.02419098723853642732 0.007491546143160165115 1.275742490828714493 0.02413136578001309762 0.9996771917066081814 0.007949186573521635144 0.3798827078931714674 -0.007681426480891632817 -0.007765855909969703215 0.9999403418050519798 -0.1002513101854196342
0.9996230988578648224 -0.02559914180581934762 0.0099168628408829642 1.325721750815198607 0.0255228655761881168 0.9996442492972602567 0.007743266732896173822 0.3819813711760512431 -0.0101115558930940392 -0.007487241529595337584 0.9999208456931469868 -0.100511749488472274
0.9995570058364371402 -0.02719889017800124209 0.01208356141134593782 1.372632174422188323 0.02710338251491343359 0.999600634495737328 0.00799863563176413106 0.3833575087690062055 -0.01229628966587180752 -0.007667586895788636517 0.9998949991732374309 -0.09830322788648174215
0.9995175801306277474 -0.02825849236767863024 0.01288660618316647341 1.41354866545105784 0.02815585725000308015 0.9995709081535506524 0.008077578573031263254 0.3846275137436240277 -0.0131093368379802018 -0.007710848344500974803 0.9998843373638155452 -0.1021029323032063146
0.9994673086802743356 -0.0298883492953784663 0.01310669507567290178 1.450069410170933715 0.02978771789209098617 0.9995257583811290036 0.007807060612689090649 0.385090548310439873 -0.01333381948994440819 -0.007412483323856336806 0.9998836254028681259 -0.1050935465167118221
0.9994261607584989937 -0.03088687972040833271 0.01390502976134598903 1.48173043216189293 0.03078533999742089078 0.9994981932379589651 0.007458187132195264087 0.3840608977279270086 -0.01412841225226977616 -0.00702583626287106057 0.9998755050465218952 -0.1033103151686267929
0.99939691976601297 -0.03149265596064348277 0.01462905953060535807 1.505444328255553188 0.03138883724922501839 0.9994807873120175046 0.007273011088353468871 0.3856565985905120453 -0.01485051037328727688 -0.006809435710409119519 0.9998665380574343065 -0.1045288662887296216
0.999367932861752406 -0.0320872613026484399 0.01530171329372579346 1.523918958311301086 0.03197148537112540212 0.9994587203408641374 0.007751803517009836671 0.3857189645981746184 -0.01554216493258705513 -0.007257685354021073572 0.9998528727330388 -0.1007860019712241428
0.9993578390344834972 -0.03226482651849282152 0.01558494562258336963 1.53477038639638641 0.03215063900600686336 0.9994547243713641782 0.007522655333455171081 0.3861526766439715708 -0.01581916470085410753 -0.007016758617203066976 0.9998502483505593563 -0.1021449841545823967
0.9993569890046817283 -0.03235625597513303031 0.01544931153055098191 1.539653199569224418 0.03224091281956034671 0.9994507918100569155 0.00765756428714444836 0.385648256004878065 -0.01568859675235030615 -0.007154540482931735432 0.9998513291897052069 -0.1048600089535313973
0.9993554944661612316 -0.03275572131227993955 0.0146853124449819409 1.540536478447036783 0.03264741171194956298 0.9994383729266906879 0.007555476832051235409 0.3857190895965162403 -0.01492454986942489022 -0.007071169843912246053 0.9998636188842123795 -0.1051786255786671676
0.9993565574294068776 -0.03324123982920621639 0.01347186317707337565 1.541739225045546613 0.03314462902722578597 0.9994236695103436707 0.007332284032072381753 0.3864734667815661329 -0.01370783314357792645 -0.006881046221076825287 0.9998823663378664239 -0.1082832951509075659
0.9993423956214899651 -0.03408751146305726704 0.01236195274854930831 1.550271361425751282 0.03399701195941385451 0.9993941028566781792 0.007458575810895546297 0.3852102084038573349 -0.01260870696514506534 -0.007033401563350712322 0.9998957704536587388 -0.1050246332864843007
0.9993318087015519158 -0.03441335952399231929 0.0123149016868717813 1.568200522905790928 0.03432228256875576727 0.9993824327828919607 0.007532195179291142038 0.3848122704319242304 -0.01256650454801788892 -0.007104486696510866478 0.9998957991872071682 -0.1044212671317777119
0.9993017699260444697 -0.03506710799005035434 0.01289459421187995336 1.595194620314568379 0.03497293192692698532 0.9993604318834515832 0.007457963405358916317 0.3850119810697126277 -0.01314787644866777065 -0.007001794265421410098 0.9998890479557995814 -0.1055319793774431025
0.9992651340044276242 -0.03571918323774425641 0.01390438463010013233 1.628734690955322417 0.03561502487086605495 0.9993361654477606049 0.007668013537648479989 0.3878843048657498183 -0.01416904959977581535 -0.007167173570830969072 0.999873926881006625 -0.107434857065759809
0.9992387718499528004 -0.03614494828828422601 0.01467717769311445604 1.669394558556354324 0.03603736649028380784 0.9993220780482645615 0.007529444982414019646 0.3905931609494475154 -0.01493937911169560678 -0.006994786525369390585 0.9998639346997277855 -0.1112629755363227502
0.9991679123927665884 -0.03756151866705821629 0.01589387177829531053 1.715906235097830468 0.03743727030753273705 0.9992666026691623404 0.008044102308601140325 0.3932699097003591882 -0.01618436395418067913 -0.007442385736761528668 0.9998413260402592151 -0.1113810125460606981
0.9991282156659810898 -0.03806785578636330547 0.01713613188387203001 1.770632852566992099 0.03793150269927835633 0.9992465893826858458 0.00821308164117285841 0.395202777444799036 -0.01743587574764882131 -0.007555922372455783735 0.9998194328347563831 -0.1116073043832888079
0.9990584856403827985 -0.03919373206572435847 0.01860090419052993702 1.832375672539888534 0.03903623579015713663 0.9991994306833306139 0.008756141698444939309 0.3978611413164756527 -0.01892919874903105718 -0.008021788383409361733 0.9997886458376347152 -0.1076915554150628673
0.9990202251419354473 -0.03938354476036651231 0.02018727716817574763 1.89964990363077546 0.0392120026574874006 0.9991919494485475006 0.008824228283561420805 0.401401684086001298 -0.02051849421730901277 -0.008023998960581422632 0.9997572739599021041 -0.1096419275793505677
0.9989336472799961175 -0.0398615797824979981 0.02329426515535261769 1.968603001295354815 0.03964771055437658898 0.9991678696827418493 0.00957221194122688003 0.4035502343167054473 -0.02365644478108879303 -0.008638440304530576805 0.9996828246846218846 -0.110999641842087049
0.9988369686041806972 -0.04058014704316483673 0.02603769989008173497 2.034960573169064091 0.04033882050361672217 0.9991387035266473537 0.009727829946462167657 0.4035207661832856951 -0.02641003048063052944 -0.008666186072628192724 0.9996136291132523555 -0.110137491872048715
0.9987939108600736304 -0.04054146656728216391 0.02769680698949361641 2.0958421358100634 0.04027522891996199866 0.9991375359771313969 0.01010396639894730469 0.4056484465815934914 -0.0280825491058767085 -0.008976284872949494981 0.9995653038924449119 -0.1121029951579563116
0.9987756780673961998 -0.0407419014713928454 0.02805783964435395669 2.150497675487511362 0.04048616814247664453 0.9991337559555422132 0.009623299813996203864 0.408284215049188659 -0.02842560624071318806 -0.008475563383413944885 0.9995599780579360605 -0.1176210979299767839
0.9987715027225646525 -0.04063929818181838405 0.0283537086216112226 2.200835842907725048 0.04038287618119007494 0.9991385565098722665 0.009558671806454302131 0.4080540196478882331 -0.02871774121766279206 -0.008401924699620108225 0.999552249259986092 -0.1172520482949712256
0.998731780412385195 -0.04126087971112411823 0.0288508336061781348 2.24634206990436347 0.0410036875115031077 0.9991143024293178687 0.009450306430827009815 0.4092733180745778965 -0.02921520844981660703 -0.008255330801468372531 0.9995390543188356069 -0.1201131325031346703
0.9986925362677541163 -0.04195939946851687252 0.02919977396011761567 2.287439381563230789 0.04170164051534532706 0.9990860638211483957 0.009381378187293436949 0.4100239435600805393 -0.02956672422520705348 -0.008151433898740902476 0.9995295708201858975 -0.1225916671791938001
0.9986786049020278666 -0.04207479393151741104 0.0295085720860846952 2.323285803512140646 0.04181842702326082906 0.9990823875961437617 0.009252132537362491027 0.4090346003036952061 -0.02987077622425503287 -0.008005904746439267486 0.9995217067262478494 -0.1265792217626705018
0.998689707394112669 -0.04152279219565512686 0.02991197207370450278 2.351290404857379723 0.04126464036753597214 0.9991059239773799616 0.009196854279788752029 0.4089462398356747963 -0.03026710756579751443 -0.007950496939323325324 0.9995102259597038463 -0.1235089583214312725
0.9986628842180893528 -0.04192327052094877576 0.03024703413616634459 2.373563790482685398 0.04166781138658812167 0.9990907356710088116 0.009027479748750016561 0.4069063561912962257 -0.03059799306259778154 -0.007755081249717612514 0.999501686609558182 -0.1216717300498783849
0.9986577386151931357 -0.04220728793064242729 0.03002109174444665685 2.390332865176703514 0.04195769241807632138 0.9990797813951386441 0.008896204493608445354 0.4065871704792103358 -0.03036895044183677075 -0.007624647728376987219 0.9995096755890257034 -0.1207112731000426209
0.9986989421097872688 -0.04186389059462520407 0.029117652602382256 2.40718687440877277 0.04163055926486968622 0.9990962810692396445 0.008574245675799353414 0.4069992435783125195 -0.0294502897114092832 -0.007350905923492871176 0.9995392161481299054 -0.1233491825481428661
0.9987196818861981962 -0.04202808080886694803 0.02815381744372031508 2.426893388109778282 0.04180080635129782701 0.9990888363938343897 0.008613337424913434723 0.4054804403102234001 -0.02849016675121926467 -0.007425457341973287252 0.9995664925265103085 -0.1251326666914140961
0.9987292839975758785 -0.04227915345425434929 0.02742791404538492267 2.450896488930604189 0.04204689221084492723 0.9990751872625132091 0.008990497860728981216 0.405421585250157368 -0.02778265899979696571 -0.007825814945792972099 0.9995833534424906075 -0.1244382157815799306
0.998725886714172284 -0.04234883211632929634 0.02744411822910664336 2.483273913777290343 0.04210196629895357479 0.9990680414080111982 0.009511733329013420321 0.4071430786010095115 -0.02782135224520915218 -0.00834416296242132885 0.999578084645569076 -0.127026841506557242
0.9987172627663570834 -0.04219118479655014492 0.02799523134283042961 2.524133559809091043 0.04192175019672366582 0.9990694134672697402 0.01014267886749963161 0.4087803652387069775 -0.02839711099599286429 -0.008956059380613780666 0.999556598241166272 -0.1298218115280849183
0.9986471564451064875 -0.04307819833649485786 0.0291225986509567325 2.571717282350165945 0.04276453017873878965 0.9990211685329334346 0.01130927856602229921 0.412440174982086738 -0.02958127588010420542 -0.01004856463251162409 0.9995118680966882385 -0.1267544491587411226
0.998606588193415301 -0.04310544264851570717 0.030443436579698651 2.622146473156321989 0.04273940830675018732 0.9990071283344673647 0.01257380270681715193 0.4154489588041210268 -0.03095520948556968605 -0.01125514775543141194 0.9994574011205820119 -0.1295595363292116331
0.998592233246572536 -0.04246760341144177608 0.03178135239588515681 2.671646327650980091 0.0420483116660268566 0.9990209954389073221 0.01374736914072315248 0.418282772909882361 -0.03233405612755081704 -0.01239166384078973886 0.9994002979195059089 -0.1311194930162297712
0.9985680206441610585 -0.04214670928179709702 0.03294788374870342984 2.717679166880557773 0.04167253277248410964 0.9990194886864870449 0.01494861990005497132 0.4211478786632489313 -0.03354561311302321769 -0.01355419201965796933 0.9993452735264052311 -0.131135906768524213
0.9985532433333204061 -0.04186126271797371151 0.03374988758741724604 2.758627940594560179 0.04135488279550237484 0.9990232723087438815 0.01556518726194941991 0.4231443206208563845 -0.03436850153086076082 -0.01414694557797105748 0.9993090963427367912 -0.1322908176972568683
0.9985349096361748611 -0.04175694145031356996 0.0344149978728938849 2.793585150016204111 0.04122799317121318002 0.9990226236687540506 0.01593894529363512266 0.4247737339288741865 -0.0350469230739391055 -0.01449673200118489595 0.9992805201465377873 -0.1319952001281015086
0.9985042877226603109 -0.04206444710045048607 0.0349252013536949929 2.822506545348252516 0.04152483463660761737 0.9990087915384046058 0.01603504092227060751 0.4247080831854759264 -0.03556508832921869562 -0.01456079390383311321 0.9992612810336568563 -0.1306523295763580284
0.9984745860196579947 -0.04242355873938354754 0.03533755419887861515 2.84355134283724853 0.04187067489067170661 0.9989910145232470118 0.0162419052457916345 0.4248250330024728183 -0.03599093854114231855 -0.01473752237316957626 0.9992434426991392282 -0.1332043532998880564
0.9984769055331019771 -0.04210215361765511782 0.03565498251010982417 2.856876055996266039 0.04154533767990600812 0.999005008605225453 0.01621658714822794833 0.423662272997341216 -0.03630225935260020936 -0.01471058946571685878 0.9992325777933122044 -0.1344390944646078889
0.9984803123734303787 -0.04196037022369611402 0.03572664458562052614 2.862223307619178758 0.04139844988343328175 0.9990093284749413938 0.01632574553567425063 0.4228623689744490655 -0.03637628554299841138 -0.0148219077968081165 0.999228240643426302 -0.1341748256817846263
0.9984703523030279415 -0.04235743341133736684 0.03553594527617547072 2.861441355325410107 0.0417934653924063107 0.9989905763786106618 0.01646616401062787546 0.4225665358267561844 -0.03619753889922563278 -0.0149558062816847713 0.9992327366715443304 -0.1340013135925509635
0.9985041776623966303 -0.04181056171985988307 0.03523186227565631989 2.859263202513256719 0.04125453188108932356 0.9990146527652142838 0.01636420360636253041 0.4223166842036116808 -0.03588134320246682413 -0.01488625167958983198 0.9992451794834532608 -0.133505015885981182
0.9985288210232489137 -0.04154699403861675938 0.03484308930441983726 2.859326496363858272 0.04100490068551369133 0.9990287176161221083 0.01613132040651970786 0.4215753438247963891 -0.03547945469834326571 -0.01467885093056617817 0.999262597933929686 -0.1347753544492998334
0.998524385690164884 -0.04177765503966876515 0.03469407329019206371 2.860097334954982973 0.041242969495661988 0.999021237790235106 0.01598699193865021906 0.4198510970891066174 -0.03532801507668770213 -0.01453251469818667499 0.9992701023083240264 -0.1333567023242005489
0.9985202012355561818 -0.04188601641791862146 0.03468384859184794194 2.860738776516429382 0.04134875886532735773 0.9990156055645329491 0.01606549030769180084 0.4199967924326974966 -0.03532262539508343457 -0.01460758252303844852 0.999269198298452177 -0.1324125702403436133
0.9985105337748495513 -0.04216625506371892568 0.03462254864342716176 2.861285058129883652 0.04162645603504279423 0.9990024383500084593 0.01616682803459562265 0.4192468210553722541 -0.035269705111153557 -0.0147015340913435235 0.9992696897218154017 -0.1288715816538679726
0.9985099224104984073 -0.04200516944904320732 0.03483533532690058498 2.862711268650369512 0.04145921475892100361 0.9990080478044922607 0.01624973641112103379 0.4185450192371125144 -0.03548335327099324393 -0.01478127739454251736 0.9992609496418998205 -0.1282009086857514579
0.9985113625603809773 -0.04190349232918679639 0.03491641688989842451 2.863358687845314332 0.04135643747234295925 0.9990123766672024397 0.01624550231122160251 0.4182329931538091294 -0.03556267590336233131 -0.0147773000363903579 0.9992581886010376557 -0.1297363235325003639
0.9985101748052870319 -0.04204388171613321346 0.03478135737079601081 2.863880613647244999 0.04150291132215226664 0.9990081379103767922 0.01613222677211897937 0.4174961705532082012 -0.03542512049521909234 -0.01466466498360281985 0.9992647339112983307 -0.1272970906188343465
0.9984966325965906053 -0.04239096405145775098 0.03474882530470751324 2.864748549015144974 0.04185002641079390434 0.9989933751942023932 0.0161496627677297222 0.4150928197609410342 -0.03539844604901346697 -0.01467114463440259177 0.9992655840828460478 -0.1286568518713420706
0.9985011589635919282 -0.04217774094657820994 0.03487798327035443458 2.865183941301600257 0.04163267261827460763 0.9990014880874996672 0.01620948394061073883 0.4149311773890858035 -0.03552683660309979841 -0.01473312484182122753 0.9992601157423286473 -0.1282245791274448377
0.9985143275891511516 -0.04195600748567530208 0.03476824751187887474 2.864570590609215373 0.04141409406791296544 0.999011325830556518 0.0161630342079587333 0.4160176620168297701 -0.03541200942786740247 -0.01469912576092692949 0.9992646923063703834 -0.1285862805152036548
0.9985121486014010284 -0.04201069503456183324 0.03476478963156170304 2.865032218729743896 0.04146962920566044791 0.9990093731694407175 0.01614131881682041511 0.4137347343379697562 -0.03540845872046300552 -0.01467561999760992261 0.9992651636221123734 -0.1297063288965601136
0.9985169624641865305 -0.04193019143028477863 0.03472369101800584779 2.865593922173619745 0.04139192229672120776 0.9990136131518501106 0.01607823080652166087 0.4127533222504203847 -0.03536360332144421886 -0.01461710586625346309 0.9992676096903262417 -0.1304731036913927
0.9984969150608608013 -0.04248887881652637505 0.03462088662727398625 2.865945974493456561 0.04195120097474488996 0.9989897409205870105 0.01611192949944593306 0.41266707822502946 -0.03527048838222383159 -0.01463532412805021443 0.9992706339810784044 -0.1326332771507373054
0.9985082159297469229 -0.04212610272131905864 0.03473807983045157366 2.865811444907722993 0.04158360980744280067 0.9990037774098218248 0.01619432358233968694 0.413199125888235097 -0.03538567670931698494 -0.01472563039126173305 0.9992652349068307238 -0.1328131478119919939
0.9985131643067645113 -0.04203287208090832061 0.03470876504173448646 2.867077688929913659 0.04149375095049535195 0.9990088782094453945 0.01610993143262418742 0.4129801954738924197 -0.0353515111155180764 -0.01464578175911359498 0.9992676176773236385 -0.1333150518904147042
0.9985167382811510617 -0.04192499435652470574 0.0347364105885557134 2.86766949171420471 0.04138566674253747746 0.9990134766285015955 0.01610279798388591227 0.4139105172528639853 -0.03537725202226681132 -0.01464132380762014039 0.9992667720266262821 -0.1328282250631611927
0.9985213318307002428 -0.04179954055769337373 0.03475555046622542249 2.867292592627552317 0.04125522562167571045 0.9990167499440565368 0.0162339055719529432 0.4139333992647869498 -0.03539994686364977133 -0.01477605293643061493 0.9992639851519069527 -0.1321538017926855157
0.9985178999778291375 -0.04199491249224678729 0.03461835854910622762 2.866702411835724718 0.04145481366138902002 0.9990094484725505763 0.01617468042558483157 0.4143074650748762577 -0.03526332157023010644 -0.01471561032845111229 0.999269707818913 -0.1329794897488549565
0.9985117387090557406 -0.0420389526774576916 0.03474239654947436362 2.866605274222139066 0.04149896068751448425 0.9990084883662703197 0.01612068342210599622 0.4156490548676282093 -0.0353856457066221014 -0.01465491828438863359 0.9992662755482161208 -0.1334036272980439475
0.9985083593800970769 -0.04209361084384571211 0.03477332561308835168 2.866396194877847137 0.04155264783833503145 0.9990060087476867468 0.01613604485740103775 0.4149749844633053297 -0.03541798562440137688 -0.01466705192407874621 0.9992649517931498915 -0.1320126185081021419
0.9985077537382736068 -0.04208919484075360207 0.03479605440569850244 2.866420542742851296 0.04154779454544225287 0.9990061644570142896 0.01613890161363818604 0.4156395400602800883 -0.03544074622460662016 -0.01466911907859687163 0.9992641144624883065 -0.1315934783079504289
0.9985129976399647056 -0.04194031216041700649 0.03482533215833898133 2.866597207041787776 0.04139664824526989584 0.9990116371677174589 0.01618846248209305713 0.4141417134458769689 -0.03546986126430796971 -0.01472273817479339761 0.9992622928553479555 -0.1294032549830843593
0.998511997202058299 -0.04190586088637421325 0.03489541899631713046 2.866137251874161684 0.0413618267040297416 0.9990133891556687296 0.01616934072280550028 0.4130972339537288818 -0.03553858094047215171 -0.01470194242527891708 0.9992601573932893277 -0.1304399108167942356
0.9985092026147228683 -0.04204123924901252002 0.03481244743073253628 2.866287672084887994 0.04149714417449746479 0.9990071609894105586 0.01620738465141150983 0.4127418617605119189 -0.03545926281059997437 -0.01473860557465078366 0.999262435092325374 -0.1321499752808880379
0.99850048281391246 -0.04223888684088489276 0.03482330051598606091 2.867038078064950923 0.04169603746770407515 0.9989994761931525469 0.01617056045097858136 0.4115065302958048621 -0.03547148544782938867 -0.01469431877460999729 0.9992626535180200165 -0.1304915832003606391
