0.9999996702006804794 -0.0008584079168514064783 -5.187425315220310342e-05 -4.361929341438853332e-05 0.0008583993817890855135 0.9999995556490338666 -0.000149491078134696869 -8.466365334605036931e-05 5.200413946358672148e-05 0.0001494460054973936562 0.9999998933836643511 0.000545955666936376446
0.9999962098310472003 -0.002013935415633851672 -0.001898510305332119785 0.0006074783461130555881 0.002011741287195974951 0.9999972429389143436 -0.001156506297179725994 -0.002736439155296920521 0.0019008359040928644 0.001152682066017977902 0.9999974349745882618 0.1954561544388847827
0.9999807986921110947 -0.001908358607255049603 -0.005902572121364945898 -0.001116406411453477535 0.001892891261826675853 0.9999946989591754765 -0.002624788003461350425 -0.01046858862864734688 0.005907551831328787528 0.002613564080805111812 0.9999790407468360787 0.8198363664342469548
0.999939759933178518 -0.0008911235691103192675 -0.01094359752778197893 -0.01110208828119369807 0.0008456555549273479496 0.9999909306086304239 -0.004158613226185941744 -0.02236631154154273063 0.01094720640315547874 0.004149107538388628787 0.9999313753534795346 1.736841640250301078
0.9998707275490400503 -0.0004664390329199840919 -0.01607453021095182899 -0.03048041628236997092 0.00038427809116860955 0.9999867852825187198 -0.005113911221843983786 -0.03648672906853563103 0.01607670573903864641 0.005107072345679955841 0.99985762446900317 2.675519157667545223
0.9997896825348254746 -0.000178841684014961023 -0.02050947536919421957 -0.05647121344448604446 6.479494957808114102e-05 0.9999844696858016801 -0.005561176713180003908 -0.05079417314697604047 0.02051015432831209545 0.005558677472110696606 0.999774097767593517 3.531949653699630876
0.9996894778370820633 0.001214634461550441772 -0.02489080949862156056 -0.08777411446492872082 -0.001375963724737335045 0.999978088022987599 -0.006465345836030953613 -0.06266102294869119183 0.02488241425036338134 0.006497586297656601263 0.9996691746570722792 4.314499295879550722
0.9995665293076685387 0.003114640888599111944 -0.02927682174392309128 -0.1230956103285855557 -0.003313033131786990125 0.9999717980452633714 -0.006730336332291688914 -0.07206312290138694454 0.02925503697332263939 0.006824413239802894215 0.9995485891943340917 5.066663324138406921
0.9994181982547643006 0.0037434523809960615 -0.03390178912003367212 -0.1591657888864271564 -0.003931699274881387922 0.9999771482833108571 -0.005487727610743895965 -0.08148590708176808861 0.03388047513259481724 0.005617825758554692052 0.9994100086800778993 5.824393859617850389
0.9992723110338711523 0.002849431371756844852 -0.03803694047680938189 -0.1944502235120139089 -0.002964107306647761984 0.999991165044251562 -0.002958783801335612869 -0.09301517842374924794 0.03802817761346485165 0.003069375677416318407 0.9992718592549851842 6.604316825068519137
0.9991381923378984675 0.002871730649268354647 -0.04140900182957689413 -0.2293691081561426703 -0.00291215006656991935 0.9999952755882728361 -0.0009157961266771773995 -0.1068713498337714451 0.04140618053862059333 0.001035595571260480375 0.999141765644741886 7.408267370948355079
0.9990075818789950768 0.0039920308884020669 -0.0443620857838944796 -0.2665325371521490849 -0.004024869056509729551 0.9999916235829534594 -0.0006509177967816043341 -0.1204943857063104362 0.04435912015799210045 0.0008288228658309512069 0.9990152119216457738 8.229981021607450486
0.9989138839204145803 0.003139992344930731417 -0.04648948858123104488 -0.3080914858432032277 -0.003194844361308217355 0.9999942205347868152 -0.001105606817238662457 -0.1325657510517384563 0.04648575289047294362 0.001252932127236362075 0.9989180732711437916 9.062318563827536977
0.9988309760497070533 0.001235781023676446903 -0.04832425575599630374 -0.3538345303888418281 -0.001298762239894495725 0.9999982829767726233 -0.00127191106812107272 -0.1442056943976521288 0.04832260568744345397 0.001333185333749375544 0.9988307967774585627 9.90078198579771751
0.998748847477959667 0.0002405774416469765693 -0.05000761267560267787 -0.4015928208652816411 -0.0002850691746675994937 0.9999995051655231615 -0.000882553551066836482 -0.1563537199634488783 0.0500073804253989701 0.0008957044283929226861 0.9987483526075444651 10.74681895051875102
0.9986696855404768591 -3.129913463720684636e-05 -0.0515648884510373634 -0.4495523711601135952 -3.058552428855609119e-05 0.9999992155871141319 -0.001199327356536736364 -0.1692656565094358689 0.05156489045909264796 0.001199308457781496796 0.9986688319830578919 11.60314600619598124
0.9985689190396542791 0.001151747834804599203 -0.05346837282165965016 -0.4983529887915166823 -0.001322750448670743928 0.9999940584009022748 -0.003162908861032963977 -0.1828779350623520594 0.05346441730126931524 0.003229107160224996623 0.9985644401949000937 12.47106468561893244
0.9984690938904412505 0.003108964623746045351 -0.05522573984256737289 -0.5508055126427969794 -0.003423985500188601958 0.999978334191364282 -0.005610523392015222439 -0.1965874177860396366 0.05520710556639090577 0.005791025602122469931 0.9984580370837221608 13.34950554449039473
0.9983825764502853861 0.00544751655556004015 -0.05659182833232228454 -0.6094660973756730327 -0.005860236097338058191 0.9999573482020646109 -0.007129510194236451069 -0.2108877316853427775 0.05655058170397100209 0.007449619428995684668 0.9983718481612606777 14.2345895666318647
0.9983039905348719545 0.006901409860100182758 -0.05780650854984533543 -0.6719920215888681714 -0.007320625381947513423 0.9999483333583413236 -0.007043405928664191532 -0.2277029999659943571 0.05775491776847029024 0.007454639237015670862 0.9983028649510000685 15.12503818035577652
0.9982322194264318105 0.006764438275406133884 -0.05904877525666857307 -0.7346103352130537445 -0.007111188136866611852 0.9999586089667781286 -0.005664085542896862141 -0.2462631505036537993 0.05900802220923662134 0.006073978884967554809 0.9982389355556119392 16.02102584036390809
0.9981625399064472104 0.006297018066999846356 -0.06026583489916888248 -0.7948806228283957775 -0.006568280350239544957 0.9999691012510099064 -0.004304038050028788885 -0.2644511284039708365 0.0602368756341939357 0.004691971757807974 0.9981729893162170075 16.92207787362765004
0.9980817843206719608 0.00631660223384208127 -0.06158678173851873244 -0.8520202582693410243 -0.006570464052783716452 0.9999706647293771233 -0.003920355822158536931 -0.2817508085625454184 0.06156021731026607713 0.004317488790964570285 0.9980939391383254478 17.82839925408430304
0.9979952940540107731 0.005930476172250940571 -0.06301033101491748667 -0.9080186460729019471 -0.006231662186708042915 0.9999700092534998808 -0.004584483214796020688 -0.2984337161943296235 0.06298125877612663348 0.004967951065631262542 0.9980022509695947175 18.7425792139855929
0.9979341374547725518 0.004922008135049543015 -0.06405708732781721648 -0.9649444689173707346 -0.005250911486872870612 0.9999738124206718481 -0.004967182900205260702 -0.3152691250825607749 0.06403096703716264215 0.005293278759006372729 0.9979337798245456748 19.66586657937057225
0.9978829039756753616 0.005106236628681815048 -0.06483606700098967779 -1.023891374353711692 -0.005340588278726686108 0.999979751408791695 -0.003441713755857490637 -0.332250170964675906 0.06481718573261187333 0.003780689397378926911 0.9978898993833182907 20.59490143285631802
0.9978775984068909422 0.006281289776968439036 -0.06481452983834061488 -1.086004331786313948 -0.006309347168058999748 0.9999800050844036559 -0.0002281988576590792404 -0.3482747981187620523 0.06481180627072220812 0.0006366513655133481178 0.9978972075890425453 21.5277314463911793
0.9979501864213183859 0.006826645846895207717 -0.06363098011940758469 -1.150048630348830869 -0.006629464003587597076 0.9999724836921377591 0.003309466605161857315 -0.3615954016376766167 0.06365182748924923251 -0.002880843914686990331 0.9979679143374178274 22.46314896477947087
0.9980518733089900341 0.006389833932617367158 -0.06206212644903427028 -1.213571462351041186 -0.006020814547951183759 0.9999630138117620026 0.006131174506344083501 -0.3714873125776282925 0.06209901379803217658 -0.005745565924403985003 0.9980533619914859766 23.39930986167711779
0.9981507420551315457 0.006201409329101617227 -0.06047080302756582121 -1.275958122681727147 -0.005802619478475602201 0.9999601953980118418 0.006768140506374602586 -0.3795884705294915729 0.06051037352206365544 -0.006404735659014294466 0.9981469262860612757 24.33824627702385968
0.9982274994935075307 0.006666252501165050547 -0.0591396628048579745 -1.337228290789827412 -0.006430255969629500128 0.9999705248530040835 0.004179920565134995387 -0.3884464464103210002 0.05916578947380824599 -0.003792228837375048994 0.9982408731000101954 25.28293679185894405
0.9982852277789997508 0.007039744252925277633 -0.05811303984618337859 -1.397320611119647227 -0.00705107169908684734 0.9999750760851349174 1.014525302075797286e-05 -0.3997130057023267624 0.05811166820537263383 0.000399630834134922315 0.9983099151384737802 26.23612803719588626
0.9983492021841403607 0.006172977185980698354 -0.05710380259711280576 -1.456204602053923658 -0.006345013388845089849 0.9999757956531283298 -0.002831857894652246507 -0.4137240608899037664 0.05708494471871191495 0.003189506829771351394 0.9983641362069175518 27.19935182305902543
0.9983933111482237166 0.004064599563527278997 -0.05651862275951287373 -1.513071849482947373 -0.004173965443072124096 0.9999895732505240664 -0.001817114311725112836 -0.4291912196597137408 0.0565106528507634473 0.002050100964713168737 0.9983997974372467166 28.17092465351193198
0.9984049205834242269 0.001392622890009464392 -0.05644248926858934368 -1.568295052634455233 -0.001254190705521410687 0.9999960537064778165 0.002487985678670868919 -0.4433326012232394198 0.05644573659139299343 -0.002413227910137652303 0.9984026579869265117 29.14711722097161584
0.9983653411722173132 -0.003012746716103050296 -0.05707581216012540953 -1.622868754906161559 0.003350599763761829501 0.9999773586664236769 0.005824613840335333623 -0.4559553519957194045 0.05705697707680206648 -0.006006331058350231934 0.9983527621491239401 30.12589299393397013
0.9982637793458648545 -0.008070486505439849675 -0.05834700935194898214 -1.67857621308654581 0.008383182324999190194 0.9999517061043798893 0.005116464267419672599 -0.468096263890388109 0.0583029045462981621 -0.005596714866539169442 0.9982831564550003201 31.10607329019912726
0.998167984943229003 -0.01058236497974875123 -0.0595715264880422174 -1.737864733776071313 0.01070932283811562233 0.9999409464526701763 0.001812321810168612303 -0.4799595754554025206 0.05954883536055148585 -0.002446972739356005188 0.9982223003461890842 32.08747083090260332
0.9980718307255630473 -0.01049023929827772213 -0.06117724205534745552 -1.801043066623360556 0.01041818568550208733 0.9999445444521425364 -0.001496638649084402334 -0.492854119456450912 0.06118955507365282653 0.0008563964554554752461 0.9981257021733525026 33.07473663855000012
0.99796020391094864 -0.01019169015975970871 -0.06302095034534231643 -1.867130171133047689 0.01003923580308090438 0.9999457997619435323 -0.002735284752203337964 -0.5077933331184347754 0.06304541742733577037 0.00209702254445141064 0.9980083618262839407 34.0703554977661085
0.9978979203504766415 -0.009640340412316568755 -0.06408497248637133603 -1.934484379704330292 0.009587072864726429652 0.9999533299097329575 -0.001138654868624090202 -0.5238719076296430854 0.06409296438172640276 0.0005218734840924444708 0.997943701830106833 35.07268902724321435
0.9978509240352795295 -0.007910803492529929273 -0.06504638249304375841 -2.002588947330979252 0.007996441959538710606 0.9999674052447253825 0.001056342732742627469 -0.5391958047744589422 0.06503591159077383443 -0.001574212649979171144 0.9978815884335349162 36.0785778081119517
0.9977733168646276685 -0.006695636324762381519 -0.06636004722950480939 -2.072396029072751222 0.006906157095161921319 0.9999717551917854941 0.002943519441674515447 -0.5532950763415744877 0.06633847004060902663 -0.003395258450033542506 0.997791306895139618 37.08416133903610756
0.9977253973367846696 -0.006505184952609180567 -0.0670954046476429089 -2.143567179788181676 0.006870768710152948787 0.9999627097251420071 0.005219405013539232981 -0.5660749735338241884 0.06705895536766848242 -0.00566853023952222472 0.9977328183379307047 38.08879268671773133
0.9977254401588288024 -0.004842406113577443078 -0.06723523189412487777 -2.216674635430412987 0.005405550941226597815 0.9999517340153478706 0.008196349649041383481 -0.5768704219758516993 0.0671923025969440868 -0.008541150207898180399 0.9977033906672009289 39.09371736256434104
0.9977226835996148013 -0.001743864296071157959 -0.06742762645332753269 -2.292299316675765919 0.002439813868413005012 0.9999445237498604255 0.01024046959466686814 -0.586345157532526251 0.06740603377854018086 -0.01038165976305227209 0.9976715192291493173 40.09830158618257911
0.9977053115472568345 -6.390698800830046586e-05 -0.06770662051014005034 -2.36848102752747991 0.0007497882712202733838 0.9999485989180645351 0.01010484174909655197 -0.5958188129065784544 0.06770250051246164136 -0.01013242002371299993 0.9976540071711064162 41.10030717165481207
0.9977080340672827008 0.0006944078284708554705 -0.06766295729743394827 -2.444331006514945503 -0.0001219291476026491424 0.9999641031803934155 0.00846451260475647102 -0.6054457758554319113 0.06766641219938737684 -0.008436862319053743328 0.9976722350288529384 42.09904735338349724
0.9977057947593007681 0.001494839912049595546 -0.06768302439348315713 -2.517854357459344161 -0.00104569426477308801 0.9999771373331979296 0.006670968941413574042 -0.6152270334649907468 0.06769145497392271837 -0.006584888868029816975 0.9976844785271469229 43.09478041603132681
0.9976490536308958434 0.0009158250120248448726 -0.06852449395295814871 -2.589377751505216096 -0.0004617976744862488186 0.9999777747720590693 0.006641324907606905095 -0.6259032153894321659 0.06852905929018023035 -0.006594067306329907084 0.9976272344205848741 44.08854744741180554
0.9975658796494738523 -0.0003416347271687794574 -0.06973003828501861401 -2.661326912823570368 0.0008723870519325219435 0.9999708167672466397 0.007581229753061982657 -0.6368361451008097696 0.06972541942138098248 -0.007623607919595619398 0.997536996337654136 45.08025046516819145
0.9975167337533886736 -0.0001528849765950982421 -0.07043026116743172915 -2.73514779074645098 0.0007228243038106440177 0.9999671364684057373 0.008066845586919158678 -0.6479280146623466186 0.07042671942202699542 -0.008097722356832403809 0.9974839931910630675 46.06639258700054285
0.9974789711296703221 0.001808872688539994982 -0.07094018114863236135 -2.811842336988100932 -0.001416988747744961537 0.9999833959323007893 0.005574091505537587254 -0.6611995922153952598 0.07094909224944051518 -0.005459517916375391036 0.997464902926241459 47.04678455445369423
0.9974330183256414628 0.00365717397024728887 -0.07151278337340423452 -2.88893307775266317 -0.003551323779343998951 0.9999923376312404022 0.001607257687439557058 -0.6763805640221538518 0.07151811964727849968 -0.001349167296265641434 0.997438294289424987 48.02414679490027538
0.9973930884726688317 0.003786332148992229904 -0.07206087633149034499 -2.964061683818841164 -0.003752402199996074991 0.9999927112030894127 0.0006062329123530859351 -0.6922899114817536725 0.07206265273863202148 -0.0003342516245554967113 0.9973999573752416747 49.00076836870787389
0.9973746719051450604 0.002303913431210313865 -0.07237772421305517512 -3.037537845408798898 -0.00207155545024583377 0.9999923930684698758 0.003285263945123999968 -0.7076824067853828559 0.07238474887094679955 -0.003126704968622820956 0.9973717884878644524 49.97648153662613879
0.9973738032798326048 0.0003466800043307261881 -0.07242551679021164146 -3.109320606680829435 0.0001075406573036156473 0.9999802880407050454 0.006267571826817400563 -0.7215667904957308032 0.07242626825310749528 -0.00625890090256432316 0.997354036666220467 50.94847461228546592
0.9973606351130184233 -0.001720013111489258418 -0.07258708024098849132 -3.179243141529398908 0.002222418609465435027 0.9999740641295761234 0.006841228959589492481 -0.7347458095888497187 0.07257343690754936016 -0.00698449157534332659 0.9973385211474644629 51.91616665145730991
0.9973332640760662615 -0.004513602869078489101 -0.07284275452932519046 -3.24833057109933776 0.00497022127956616485 0.9999690482207940212 0.006088513072340031793 -0.7487518194870802501 0.07281302508017487018 -0.006434321486042024994 0.9973247593045970749 52.8800689998408302
0.9972807167421007257 -0.006924036805390142331 -0.07337103547910432677 -3.317448066622285197 0.007329989293999650442 0.9999592096378302486 0.005265055550006908329 -0.7634301918251944485 0.07333159353604518094 -0.005788547566673595858 0.9972907212810174782 53.84084193248331474
0.9971997950153939083 -0.00869856660471786565 -0.07427639502513375125 -3.387317405579722163 0.009193699789686538004 0.9999376571219512622 0.006326788054627979947 -0.7764215496490224355 0.0742167368172739067 -0.006991946871638864136 0.9972175295901225534 54.79819885233897736
0.9970931203669387566 -0.01121657958315517255 -0.07536296656921677439 -3.45808994842034112 0.01202261529518887893 0.9998751222241315517 0.01025022792788548957 -0.7866101562631346855 0.0752385893628322866 -0.01112649178384226244 0.9971033890948780565 55.75210816737043729
0.997024079261881746 -0.01255886874387419222 -0.07606141755825157613 -3.530422049302682996 0.01372580844536030673 0.9997956207187929101 0.01483878248601805568 -0.7930085449486351523 0.07585952035087202561 -0.01583862778603832566 0.9969926197094207687 56.7015976347000219
0.9969956470071821286 -0.01100372581020468872 -0.07667253034395189737 -3.60577515924366665 0.01230626489157531783 0.9997874606004729658 0.01653662471403099382 -0.7971564886549914464 0.07647427645892893033 -0.01743049515280953657 0.9969190918062607043 57.64559028708169564
0.9969348031112962305 -0.008991620759196333051 -0.07771890454269721193 -3.684195607535046602 0.01004579096446209414 0.9998625634635586179 0.01318357900324384005 -0.8040754074340149549 0.07758968798706150638 -0.01392391657436902429 0.9968880466802566565 58.58284182923612349
0.9968518695070988089 -0.007866285523162427212 -0.07889582250425394849 -3.765304026533454085 0.00840839039938551594 0.9999431888425229786 0.006541295800780388102 -0.815332393243912712 0.07883989132352878237 -0.007184090060998698027 0.9968613108928977562 59.51191317276558124
0.9967769042708285454 -0.005564817004323172576 -0.08003071220421612009 -3.849131030563566647 0.005744817275842525189 0.9999813952831120289 0.00201907303082631516 -0.8277446010357627504 0.08001799424127066518 -0.002472327606721165787 0.9967902592751677338 60.4321644650892793
0.9967111062849098868 -0.001866695216879536712 -0.08101583182675707595 -3.934307195017967995 0.002037395475526258132 0.9999958106655972845 0.002024392390740975024 -0.8399704598579739168 0.0810117203235085348 -0.00218279610104602775 0.9967106648302047622 61.34208554920627421
0.9966203183263542265 0.0009145398180144124122 -0.08214124199917809122 -4.018153763936837208 -0.0005784338437928576845 0.9999912991731636502 0.00411551771822893462 -0.8535763545900305616 0.08214429800458332431 -0.004054095659982751357 0.9966121068181426068 62.23900684702188357
0.9965241044903913048 0.002574925960795167862 -0.08326558603997104291 -4.098798926806615839 -0.00212703423877222712 0.9999827270390237999 0.005467343354525980997 -0.8683327464001961982 0.08327823277251278355 -0.005271230994238384343 0.9965122994428146086 63.12175238937496147
0.9964427954104254637 0.003934876466416151707 -0.08418046739371304321 -4.175877440765972892 -0.003460763739391786893 0.9999772580063850391 0.005777290050476506685 -0.8829070459657872849 0.08420129291618407008 -0.005465410636515869933 0.9964336829166676734 63.99129238803118369
0.9963215471987593164 0.005221841621654045584 -0.08553470518579608939 -4.250763942251401417 -0.004696333184690141237 0.9999687845830277366 0.00634387985633467523 -0.8969098118875040715 0.08556516904024874526 -0.00591884499849300999 0.9963149010466716415 64.84647604998771442
0.996191944723602063 0.006066117517255729778 -0.08697637772717586868 -4.326302178054682201 -0.005476795754933491168 0.9999603478992529215 0.007012691050296334522 -0.9112279581258347916 0.08701547595329489626 -0.006509634734257820597 0.9961855974482187737 65.68757240999559599
0.9960684104787991267 0.006244694742363246683 -0.08836743854523593233 -4.404478774368303817 -0.00559845350643238017 0.9999556930691573253 0.007559081620762750711 -0.9248990139015067502 0.08841073471707025511 -0.007034641653304093446 0.9960591693278658676 66.51542369930422183
0.9959365337740031521 0.006760276115029953403 -0.08980422086219898292 -4.484852245107913582 -0.00599231745360154569 0.9999430980610406472 0.00881834843951413011 -0.9351063180564256339 0.08985873269691289911 -0.008244380164941972344 0.9959203037343972165 67.32981988700647946
0.9958221380076510698 0.008258043548742243986 -0.09094038080781031985 -4.566218388041362708 -0.00724551763020653012 0.9999080338548680391 0.0114584817553567888 -0.9413064897633168782 0.09102664948827181302 -0.01075169975304894783 0.9957903208531991845 68.13078994471146643
0.995699455936426836 0.01024375640501559888 -0.09207463037444084397 -4.64794383835906455 -0.008920045265351917232 0.9998509670394500892 0.01477656929037245506 -0.946441169402075233 0.09221228334955838823 -0.01389171209115416458 0.9956423696484587582 68.91720661637828016
0.9955233327765420359 0.01286187993007957553 -0.09363730318926903606 -4.729330985074077454 -0.01139390730591639117 0.9998038660178456549 0.01619502622517392243 -0.9541264271177898326 0.09382724387380292352 -0.01505563163999679849 0.9954745548792209853 69.68675430447898123
0.9953455661310247615 0.01551641703782534985 -0.09511321329123609281 -4.80955958137810935 -0.01435564367444992946 0.9998139761172580853 0.01287630274469812874 -0.9648849946153258417 0.09529532179838508255 -0.01145095949973246562 0.9953830872350679648 70.43813034834272457
0.995198377917874355 0.01650511078232696355 -0.09647719120850174745 -4.888572368509739086 -0.01598072829839534276 0.9998529783450736952 0.006205525615323832615 -0.9764057641404598753 0.09656543769286329848 -0.004633953572411718402 0.9953157568977035741 71.1709219444230996
0.9950786171302040684 0.01649649942592463711 -0.09770613961698416949 -4.967054277797022799 -0.01650526423161471218 0.999863455863023165 0.000718623016421407251 -0.987360157782391612 0.0977046610851688424 0.0008975787068376420239 0.9952149550694148195 71.88462816358484986
0.9950086755487492773 0.01715804950141936944 -0.09830267230622757868 -5.043929499303093422 -0.01729093345457254072 0.9998503109087254481 -0.0004999367551026247204 -0.9988444103226086224 0.09827938747026988831 0.002197185774996524791 0.9951563433087509125 72.57872430207291359
0.994914089477569985 0.01827798763451186914 -0.09905527832239352515 -5.117542804340844853 -0.01815191137112988004 0.9998328123053827898 0.002173958186493586773 -1.0119778878842971 0.0990784610737478616 -0.0003648594925107798105 0.9950794635138465738 73.25298322095848391
0.9948003905878677333 0.01811626118114796277 -0.1002200697032636645 -5.187401514444275996 -0.01782563229639295282 0.9998338449110226733 0.003794725838217842453 -1.026529019242651719 0.1002721719448430859 -0.001988509066216500882 0.9949579642769563748 73.90591926202161233
0.9947705472779108105 0.01499617806311848676 -0.1010284678008092352 -5.253251188526779636 -0.01493639543566491201 0.9998874721574443347 0.001348200279425474215 -1.04268874563585312 0.1010373252564533142 0.0001678506951303033762 0.9948825277713287951 74.53815210330300545
0.9948327751075780601 0.009972959100787454761 -0.1010364690065321258 -5.315572467827699654 -0.01037480805974443955 0.9999401550435685904 -0.003452565089507982077 -1.060177894648963948 0.1009959983073141221 0.004482958185336086317 0.9948766379518083625 75.15163430900477692
0.9949847192947109953 0.006747992874249379019 -0.09979955619220998164 -5.37559148608914672 -0.007535493381743149123 0.9999432970277544186 -0.007515954927888033807 -1.076628901246675429 0.09974318768168713434 0.008230298350563484966 0.994979081184249381 75.74751343344480858
0.9952631919869685539 0.00756184873291018602 -0.09692303984170484721 -5.433237389698034825 -0.008400349037372321914 0.9999306512503320921 -0.008246049842599295979 -1.089778926257398695 0.09685397081302619948 0.009021176373358349987 0.9952576249032208944 76.32818441785155983
0.9956301292952283166 0.009796857771783858138 -0.09286950981700850538 -5.48571520692542336 -0.0104038763832153807 0.9999274847912378306 -0.006054339970099070246 -1.101509786016688031 0.09280346944163048173 0.006994085392701497768 0.9956597872433203822 76.89570671923915768
0.9960574994317413777 0.009307918683026213807 -0.08822074151412796772 -5.530650924108230448 -0.0095710583957827923 0.9999508541939498008 -0.002560185913117562443 -1.11583456817594584 0.08819258311979205622 0.003394457598205859877 0.9960975649635915863 77.4514480464269468
0.9965849029929407799 0.006045632176721080046 -0.08235326567184617086 -5.567830966787940206 -0.005932448593201933643 0.9999810275141124416 0.001619002393712632619 -1.131482472793060134 0.08236149803014752857 -0.001124917297433131961 0.9966017916144660482 77.99473627614997895
0.9972263478513134771 0.003998165734202685333 -0.07432163154496795876 -5.600253667686029502 -0.003666929704738796161 0.999982665361500489 0.004592722532610411974 -1.145190913568466362 0.07433871206589824643 -0.004307452059947009838 0.9972236531551461614 78.5237496442752132
0.9979760629859946164 0.006050095869102501897 -0.06330287005727255889 -5.630622461816049196 -0.005738353197758306115 0.999970438494245939 0.005105285558951418341 -1.156693700306197226 0.06333189187902191208 -0.004731698873546339758 0.997981209714694617 79.03701904110275223
0.9987675789620641398 0.01079877656896516443 -0.04844367021045252464 -5.655753958045492524 -0.01057757161095210403 0.9999323728606518413 0.004820290106207309085 -1.165633951458127537 0.04849245206372215095 -0.004301933414240823907 0.9988141907593810487 79.53761783351862391
0.9994489766544361053 0.01408686851513330819 -0.03005632971289382005 -5.668395583965364359 -0.01394068908288521348 0.9998899176601897532 0.005067570722464320547 -1.172434176315561682 0.03012441078119595592 -0.004645772727639225184 0.9995352663358245682 80.03018905278776174
0.9998767373419977789 0.01341935342253697261 -0.008155426483035611851 -5.662000679789094271 -0.013374214357902715 0.9998950130851422813 0.005564505274052189768 -1.179369752173343278 0.00822924445289235397 -0.005454747218666116705 0.9999511673577113902 80.51329092799178966
0.9997839025295320869 0.01074617224690448819 0.01779741402890856056 -5.635671621602715398 -0.01086328325364162989 0.9999198235003566859 0.006496626820873832586 -1.18707562124394439 -0.01772617278465983548 -0.006688561471065453991 0.999820412758361754 80.98424094438942689
0.9988415204459646368 0.008837055458686807197 0.04730331066228395803 -5.592274177452466688 -0.00922790636447336915 0.9999249488864987434 0.008050642484547581093 -1.194611225300438395 -0.04722861799455163601 -0.008477826624747419534 0.9988480345549461958 81.44258211226004107
0.9967343850261287663 0.008089097302881115975 0.08034433032439219913 -5.533216994662546462 -0.008883381235095393763 0.9999150309382897062 0.009533464482516833954 -1.201194233784349086 -0.08026039003435503361 -0.01021606121572634848 0.9967214828803284687 81.88911862820243925
0.9930306648695784721 0.007775773981653266199 0.117599805448422759 -5.457271042179990594 -0.009034289344356537244 0.9999073830382643191 0.0101723873720759965 -1.206741841914478197 -0.1175098215582805888 -0.01116392325296356944 0.9930088731404443925 82.32820009952595797
0.9872389575714823895 0.007498829711573346511 0.1590694345432657753 -5.36111274026712703 -0.00924297423741958675 0.9999049120784613276 0.01022764549358539873 -1.21218330908711569 -0.1589776223151300183 -0.01156740471591374483 0.9872143261244917811 82.76001733680288908
0.9788999409680506636 0.007767525725956407785 0.2041926682962175443 -5.242893074584423552 -0.009988480056157012302 0.9999015506007805643 0.009848343948784882979 -1.219092293729384213 -0.2040960800458760938 -0.01168011763579748091 0.9788810867742869792 83.18135309302037683
0.9674301386176634709 0.008765255175166540569 0.2529864995259284988 -5.103528490508009163 -0.01120511326971564831 0.999903492344238698 0.008204995182234912574 -1.227835709746838866 -0.2528901803532926928 -0.01077250195408712384 0.9674349228151315483 83.58955410094993965
0.9521541267052017199 0.009498351144438015731 0.3054707321679985821 -4.943954154521032152 -0.01179537633679125438 0.999914264600516578 0.005674774109691037988 -1.23624691254435537 -0.3053906597776402387 -0.009006401823190908484 0.9521844640096710499 83.97985359601612743
0.9326203430873262201 0.00955587336181444244 0.3607326488788867302 -4.763273441811713305 -0.01157029528994091283 0.9999271313826127994 0.00342501220054681468 -1.242296244650584303 -0.3606736556799864379 -0.007368019351897591752 0.93266288395492003 84.3490019996632725
0.9085739838103172872 0.009875852415041222812 0.417607280392857938 -4.560556542739093722 -0.01153152782732868968 0.9999324056754518297 0.001441687887824857342 -1.246648404914280306 -0.417564840209668775 -0.006125530134095135727 0.9086263900449647046 84.69597919464420954
0.8799422238025854659 0.009554092433303325652 0.4749846865293336773 -4.335957783057954096 -0.0104637447134260618 0.999944923330262414 -0.0007286071381260393999 -1.251703322765427284 -0.4749655164932934936 -0.004328986411871649578 0.8799936700969496206 85.02099494657623779
0.8469626824944834764 0.00816637819648094454 0.5315896608238388499 -4.090495782372859601 -0.008031923517035308505 0.9999643899698155147 -0.002564665049542929915 -1.259035984372042005 -0.5315917080037397824 -0.002097512063178664284 0.8469980551375446698 85.32597591531185799
0.8103961830062080818 0.006785735600039074188 0.5858429952139438956 -3.826496663492365169 -0.00597831752817819858 0.9999765775639347654 -0.003312785624515922865 -1.268780053301062916 -0.5858517896825229387 -0.0008176867992767540257 0.8104177126558933519 85.61261303017111857
0.7708427624693480196 0.005547728648231267309 0.637001322272022219 -3.545722223418414476 -0.005194368795880780106 0.9999835083754228249 -0.002423223827253460135 -1.27911402921864048 -0.6370043004996959191 -0.001440895366395150094 0.7708588135311520428 85.8794996997997373
0.7283528110661894317 0.004533644618501733205 0.6851873075823634585 -3.250592204374894933 -0.00557356402938383004 0.9999841634840049842 -0.0006918590528352271509 -1.287628728283520374 -0.6851796364576228093 -0.003315017865992889775 0.728366494562226352 86.12558614876381569
0.6833361620497969691 0.003239277482567314275 0.7300967100256052777 -2.944232205293851656 -0.004722142160401615954 0.9999887857297821148 -1.702763989410405494e-05 -1.294342819209946871 -0.7300886238723374166 -0.003435984842421072136 0.6833437478915859176 86.34998626606443395
0.6370372696571693361 0.001033555151858606873 0.7708323098432410259 -2.6283021325833964 -0.0008351071938017883911 0.9999993748575533026 -0.0006506745426952542525 -1.301179672331065351 -0.7708325493762303582 -0.0002292237649131838426 0.6370376903863066431 86.55375814081457975
0.5904759712082274792 -0.0006232001259057636487 0.8070549748496302911 -2.302790215616877578 0.003107790254119099926 0.9999939786369986816 -0.001501607343437571422 -1.308587004602515425 -0.8070492308028630601 0.003394820427145562192 0.5904743115794137687 86.74006397687178094
0.543537610967393503 0.0003752909665473095485 0.839384721586686311 -1.969115304627272023 0.002679719318490139755 0.9999939634915971931 -0.002182333659007154678 -1.316372903869921895 -0.8393805271376387767 0.003435495687801421501 0.5435332865439083116 86.90847211031034192
0.4963846998545027867 0.002854275868917304296 0.8680979567168599642 -1.629392101417921124 -0.0002664055413519505664 0.9999949837033865752 -0.003135616919549836807 -1.325875420035240726 -0.8681026074223686662 0.001325206076643589692 0.4963829358261910851 87.05726456185836071
0.4509151489339027763 0.004323410932928260439 0.89255633455561878 -1.283432768079868058 -0.0006981474826738050948 0.9999896064920911209 -0.004491101862405752661 -1.335812800636109188 -0.8925665317257747144 0.001401969844954999503 0.450913449464254712 87.18605713063534779
0.4084836832052913813 0.00153113133446779702 0.9127643206398806663 -0.9291700557019524354 0.006709644573759426973 0.9999664731872738299 -0.004680135477279308287 -1.3432981276999445 -0.9127409429239472516 0.008036082837385584432 0.4084596863858300231 87.29728111536846313
0.36921816922907158 -0.00465909696634586503 0.9293310502893021852 -0.5664049491356417665 0.01876025722809253338 0.9998209667140965928 -0.002440857802281263828 -1.347096176623353125 -0.9291533564966552028 0.01833569789049252496 0.3692394471440251791 87.39771975510358004
0.3333792218378345273 -0.008028123185111438187 0.9427586143717057166 -0.1997455920936576645 0.02469472089499758286 0.9996949500098885055 -0.0002196028588587466298 -1.350253167718592495 -0.9424693233813276061 0.02335437098195987382 0.3334757536479131534 87.49418256020534557
0.3001147779394960913 -0.004825165453616602797 0.9538908722985756095 0.1679059980876179692 0.02133500497710745861 0.9997709479521141862 -0.001655210348421415692 -1.357717490312811304 -0.9536644562672333958 0.02084801880792640227 0.3001489601522389639 87.58982858438301378
0.268753714178821268 0.001825807186235193971 0.9632071758020606111 0.5401786001153912053 0.01285975156656307683 0.9999022095463607762 -0.005483487839665391467 -1.37040829779065132 -0.9631230570744808706 0.01386031222107250195 0.2687039345750237285 87.68182882023663183
0.2401471755959916909 0.006478291022758850964 0.9707148498800157732 0.9211097837412949296 0.007399522794641547399 0.9999363986720769537 -0.00850389151734190496 -1.385363388946372343 -0.9707082642914929282 0.009225011896701055397 0.240083949011116321 87.76424291842484138
0.2141556536502029762 0.008392191022764434669 0.9767634716230298997 1.311835766626705979 0.008845515689106091609 0.9999053644907350824 -0.01053040425657880176 -1.398387487148911257 -0.9767594711933854645 0.01089512187144445025 0.2140611388240476198 87.83344546352215332
0.1908512459267384664 0.01049777334347528138 0.9815628098805398993 1.712453404849248129 0.01503870532237306691 0.99979412378899013 -0.01361682371369959781 -1.405797183534081007 -0.9815037390403879014 0.01736022102717780027 0.1906540680579231206 87.8912708804556928
0.1700918115517366658 0.01592581008687225796 0.9852994946912599916 2.124418434634960384 0.02145631622813452127 0.999572437301657124 -0.01986050366180224999 -1.407525719495058114 -0.9851945755295204998 0.02451900571103644497 0.1696773656568081046 87.94303634312140616
0.1505629199745998625 0.02197977609156652815 0.9883560318672861555 2.55019455084781832 0.02384387431086832168 0.9993811797146144871 -0.02585725853787971401 -1.410453783161221164 -0.9883128176326104741 0.02745938036688821277 0.1499456551719406672 87.9929528923566977
0.1327602966182413746 0.02292919156682338144 0.9908828912995188976 2.989306695596654073 0.02248007729349970479 0.9994054755280789015 -0.02613832688952436381 -1.421669504811980955 -0.9908931818445765316 0.02574525511143712503 0.1321659082122492723 88.04252899573607749
0.1170676216534359687 0.01949588446292644869 0.992932540685257492 3.441814790470242968 0.02054372030169916014 0.9995457559112623791 -0.02204785513220129667 -1.439956369658512703 -0.9929114135065640889 0.02297961756482651968 0.1166139182966360321 88.08900819681934991
0.1023937427515249632 0.01594570000652197755 0.9946161086282839792 3.91003657638159785 0.02067968273465410275 0.9996212391625720617 -0.0181548742864863083 -1.459101718622543009 -0.9945289434269088957 0.02242729032766978617 0.1020252009209869776 88.12983428166613464
0.08894964127226512307 0.01368692459990937527 0.995942054786493336 4.394693733191187945 0.02310641738324555397 0.9996080695997852095 -0.01580098732524922583 -1.475053896095751993 -0.9957680460931633837 0.02441814411521566267 0.08859851726738189603 88.16465238620568812
0.07729863169478420892 0.01283508133307429376 0.9969253377395334015 4.895264889081630599 0.02667709357665894176 0.9995324336853965708 -0.01493710946499744729 -1.488231170249470825 -0.9966509924787464447 0.02774968766974799175 0.07692008145741115188 88.19483612471084655
0.06721144122015346167 0.01321334684356012361 0.9976512297516626493 5.410797058993180642 0.02995514537033162894 0.9994347620892382045 -0.01525503720365033004 -1.501017372184598964 -0.9972889540423522936 0.03091009955193029651 0.06677763840725123301 88.22176771609636603
0.05923553577752598692 0.01374555819202469623 0.9981493662645377629 5.941380215539723508 0.03232583133576605317 0.9993543074832690332 -0.01568053962976089302 -1.513950169054835593 -0.9977204709899617496 0.03319485203874813356 0.05875294716275344942 88.24522582272150828
0.05321533551465647965 0.01420204227935880324 0.9984820360949258067 6.489164420189597493 0.03391210958222132255 0.9992963357160280502 -0.01602101238278230005 -1.526900727959324078 -0.9980070356040751101 0.03471319452515688603 0.05269626491237796445 88.26631944449019329
0.04743477372445650125 0.015054466825250825 0.9987608580269140557 7.055493248009287122 0.03500338177859087241 0.9992471835502246824 -0.01672423472713457926 -1.540661219037856133 -0.9982608134476745887 0.03575331662164022567 0.04687210354318577937 88.28720975844805707
0.04174501771265684558 0.01574969739564414939 0.9990041274728465037 7.640065932972287754 0.03614422790031251304 0.9991974034782836744 -0.01726308996776605709 -1.555747382695160219 -0.9984742832888087172 0.0368288795248689696 0.04114224979815381961 88.30918648379133629
0.03740501169575986828 0.01593133463356143781 0.9991731600697262294 8.243180479157738105 0.0377852118810823312 0.9991352713521759465 -0.01734525635303617655 -1.57182248472998376 -0.9985855441231907825 0.03840276768588155726 0.03677069510216936926 88.33173845476504482
0.03417448738849745982 0.01582498183612151416 0.999290558572630494 8.865023460677768696 0.03939944578311686124 0.9990759630291788929 -0.0171689951949313413 -1.588290624902635839 -0.9986389408244480403 0.03995823434238986172 0.0335194110561101502 88.35247046585404007
0.0312488391217296442 0.01535822858356346299 0.9993936066078588087 9.504151680023484872 0.04075377875223674951 0.9990308029360814857 -0.01662693416120252995 -1.604223247600813806 -0.9986804221576973672 0.04124863681813618899 0.03059264486266480634 88.36942055396987428
0.02891466086976243743 0.01488124525478813631 0.9994710786031426597 10.16000603993612472 0.04305594790738469929 0.9989425581044926172 -0.01611898301372169731 -1.619701344387074471 -0.9986541311977671365 0.04349924803026244957 0.02824335721152975917 88.38275022090823541
0.02811100011700515267 0.01445693615756623272 0.9995002324659458814 10.83221491090345978 0.04651814390574551816 0.9987931276698736038 -0.01575503388950596356 -1.636272776170240029 -0.9985217974524326356 0.04693778367715749356 0.02740456198557850859 88.39484728718559836
0.02907763183795252643 0.01411161851468397538 0.9994775132980879828 11.52115748270500362 0.04990538447596281485 0.9986328012066494342 -0.01555158101125168196 -1.654660864160893308 -0.9983305514566136463 0.05033151085712381928 0.02833362921548747762 88.40943852485590071
0.0316244836432543544 0.0139301609625586964 0.9994027159826310847 12.22836617947648108 0.05239555905106604156 0.9985048704054372282 -0.0155756191055437896 -1.674196665659656524 -0.9981255149007703942 0.05285683296469880638 0.03084732022402899773 88.42911556486522784
0.0352307289466364873 0.01381513140164716477 0.9992836854386223377 12.95397669648023253 0.05416346828559064769 0.9984083849521500076 -0.0157126166167585804 -1.693490163958400796 -0.9979103469470090859 0.05467823509978910618 0.03442637736180496205 88.45313796826054897
