0.9999959194386998096 0.0006048111239272344888 0.002806290859509743239 0.000955297582354013128 -0.0006058382176985902022 0.999999685157156093 0.0003648860449592616581 0.0001541688320527364892 -0.002806067888309327768 -0.0003665851858893492163 0.9999959016920896282 0.0007494759499225231176
0.9995348597890272302 -0.0003254197774293737214 0.03049652518444774182 0.02571548724744996545 0.0003588481925048516764 0.9999992760514851975 -0.001090697287431536319 -0.004225688105784797602 -0.030496148566065924 0.001101133062973819968 0.99953418366280955 0.2922027661980727276
0.9966436069771437145 -0.003898349351553298796 0.08177042701357647991 0.1114435258420237579 0.00428253095399358432 0.999980534249068409 -0.004523444221671671199 -0.02352544125377171655 -0.08175120504481668549 0.004858445497075460952 0.9966408322724621405 1.211524287244917453
0.9911747411396836238 -0.00486545331999011909 0.1324727809895717145 0.2591183984394051509 0.006096996990439071396 0.9999418082448596756 -0.008892538933148001756 -0.06047855263902692652 -0.1324218129446955994 0.009621745299078497335 0.9911466588866688632 2.524757127866731121
0.9835715012293971826 -0.004175611701483102588 0.1804708899187019433 0.4487332490020320419 0.006548133956036025771 0.9998997082658998004 -0.01255252357609203638 -0.1031020198184714742 -0.1804003858480948408 0.01352805106200858157 0.9835001314233066116 3.810500895222161954
0.9739154947743282609 -0.005521552307072641504 0.2268439880324145952 0.6737846825221068814 0.008875423198937273245 0.9998657660485933407 -0.0137676158182745683 -0.1405782323689735158 -0.2267375324058969466 0.01542182975061483392 0.9738337008531475769 4.912967209235173272
0.9624799105942682953 -0.007064178916649230429 0.2712611096031259383 0.9361143780967886574 0.01152484491834981223 0.9998231775887946871 -0.01485469647045308504 -0.1727865856295453528 -0.2711082243678819004 0.01742358807519417407 0.9623910694258606124 5.847727792599360264
0.9491824363400911402 -0.009836367256494364317 0.3145727508576198206 1.241589352500813925 0.01589956795434934594 0.9997338189856627144 -0.01671422821453026966 -0.2029102719308441272 -0.3143246291402177484 0.02086642149102502578 0.9490861101916732157 6.694215776361779113
0.9341123821475858513 -0.01139791767847697992 0.3567971530193662089 1.592646790908355703 0.01915089042185497137 0.9996508026837930272 -0.01820402724109858664 -0.2335655950634520361 -0.3564650940252929723 0.02383758913507546748 0.9340044081340758142 7.53337856384760407
0.916809539721803235 -0.01164478664477226755 0.3991550149865130681 1.987462691510830659 0.02062951847399574837 0.9996210743437369262 -0.01822090059429984713 -0.2667339533119582606 -0.3987916107976015589 0.0249394699230534346 0.916702299856578362 8.405289558942206085
0.8969326029691736535 -0.01269697894316521893 0.4419850074864701273 2.424054717581926699 0.0226860953579318507 0.999592495839956241 -0.01732206307390347921 -0.3048582162970220333 -0.4415849860772527724 0.02556363582408758758 0.8968550819028421328 9.303185606873766389
0.8750007603485775443 -0.01269529038507057929 0.4839551097054490825 2.899267877902515611 0.02350603574427157991 0.9995911023050990662 -0.01627774588863919319 -0.3453729912752866449 -0.4835506008081585372 0.0256189048318117181 0.8749413298486681256 10.19808867166270439
0.8510477146895202294 -0.0127226297760344477 0.5249342489546389157 3.409147205421321214 0.02445806095220083229 0.9995817677943265034 -0.0154260587062909453 -0.3827493480623233024 -0.5245184771454178829 0.02596718456832323649 0.851002890984866367 11.06356707913430526
0.8251512090955193113 -0.01385708652897960601 0.5647419775489106453 3.952757825091320232 0.02696039699457701208 0.9995258810391802751 -0.01486676420949305417 -0.4184704642112218598 -0.5642682478807278246 0.02749299503962648536 0.8251335246122929457 11.887453462528903
0.7976502605523071443 -0.01466265749266672247 0.6029420372492168001 4.532361346959370429 0.02941801829447215216 0.9994603158832237044 -0.01461258834752317617 -0.4533210895909821625 -0.6024024173938458127 0.02939309339248916131 0.7976510724035426048 12.66814392932852051
0.7689674722523182071 -0.01539074371692125166 0.6391026346253569912 5.14894508739948531 0.03205238728475063442 0.999380962774131465 -0.01449849278013218626 -0.4854454836017130792 -0.6384839038634222419 0.03163363304254997871 0.7689847095276876043 13.40854553087080525
0.7386403578313641693 -0.01706833167149940031 0.6738836054386130314 5.801591378621106188 0.03559756830413354778 0.999272116346002881 -0.01370843629768384378 -0.5153650964562002113 -0.6731591588818511829 0.03411422042438930213 0.7387102534771932127 14.11744858225382337
0.7062008438345228623 -0.01715012468726679479 0.7078038251889344767 6.488354621692072222 0.03709586160801140592 0.9992296612555264801 -0.01280045822524743075 -0.5464069307141490306 -0.7070390917119649954 0.03529628557716112114 0.7062929796478450983 14.79755436557739579
0.6716127168238201772 -0.0164199243725529978 0.7407204275911484226 7.206535987070587623 0.0387886315178920596 0.99916253522710885 -0.01302078675038109527 -0.577642974295915379 -0.7398863468633571916 0.03747645605496006255 0.6716871246598014045 15.44555797887922566
0.6356381377378477193 -0.01665186376731012455 0.7718075369786117079 7.953969875805046108 0.04238996521087427805 0.9990117836763660053 -0.01335730425390459393 -0.606863525749958721 -0.7708224490941224527 0.0412073048813215298 0.6357158176042433384 16.05949630870609113
0.5991428146368942276 -0.01615486363393280056 0.800479170772268156 8.725930307930919838 0.04469980776492958607 0.9989118967014960493 -0.01329738639754667051 -0.639847112802126694 -0.7993934001245298626 0.04374829672381159301 0.5992129631170921567 16.63523667352142255
0.5616067641258586374 -0.01463932883532772025 0.8272747557259167994 9.51888582773708336 0.04706737149005626314 0.9987896049401614462 -0.01427789536293459435 -0.6742243926584100544 -0.8260644602737152731 0.04695620891476835063 0.5616159938617109049 17.16996092457697998
0.5227189612608443836 -0.01323164605571142127 0.8524023664425466329 10.33234995331645223 0.05090489632190632607 0.9985797810410461661 -0.01571569768195338682 -0.7025715212285820188 -0.8509838782002683288 0.05160634513985334904 0.5226501052131701242 17.66535454724368037
0.4836202374159414008 -0.0127059233928658033 0.8751856965219068085 11.16763058873684678 0.05445566332926818354 0.9983943022413557244 -0.0155970749484500501 -0.7279222230224621226 -0.873582293407015209 0.05520187648867955904 0.4835355654427147543 18.1226111736207649
0.4453753381207089523 -0.01396091060100046986 0.8952350944262597032 12.02757738657194686 0.0588244790473429896 0.9981742820630659097 -0.01369868991994915505 -0.7547225284375405074 -0.8934094586538459115 0.05876279434181928135 0.4453834207854885374 18.5414449093498348
0.4082778519231760606 -0.01432509621784789321 0.9127452854349972222 12.91329337438966185 0.06285483605422279019 0.9979449177384197567 -0.01245317654809294933 -0.7822814434588722943 -0.9106911841999449919 0.06245480894621757012 0.4083391806082459774 18.92544438071279345
0.3729553058598399917 -0.01292233227761559883 0.9277592997386533424 13.81996825456088906 0.0646341262613491091 0.9978357938968522856 -0.01208424696177907119 -0.8090698944702614526 -0.9255953401301891814 0.06447179317630208351 0.3729833514993169952 19.28012401205135973
0.3388926454278922695 -0.01306851035593063932 0.9407342614734320874 14.74394507356835859 0.0658291299559677634 0.9977821936917073975 -0.009853451219586660537 -0.832626522110890277 -0.9385191854407168854 0.06526697751948690174 0.339001312335217686 19.61071348625889499
0.3050486637612358498 -0.01447887393075116512 0.9522266714287372924 15.68449004002394531 0.06774676787854466697 0.9976810954151370536 -0.006532856867891683947 -0.8528001440576996606 -0.9499240212924869864 0.06650311591376291409 0.3053221607488993961 19.91761660751614471
0.2717218828412644727 -0.01422185839222798835 0.9622707068898975757 16.639196388685626 0.0687621605058280766 0.997622075046763368 -0.00467242990214083824 -0.8728179273998935006 -0.9599161104970437286 0.06743741160113762845 0.2720536554321428824 20.19521681449550599
0.2395656712380567488 -0.01184389012526687428 0.9708078931418631097 17.60973221117834342 0.0669527251827797959 0.9977466044838861903 -0.004349338610526502086 -0.8924055697075058413 -0.9685688282793047943 0.06604018372084786981 0.2398187991110840578 20.43909786871124723
0.2085903693312103346 -0.009951818204235525489 0.9779524380987094645 18.59743081163240674 0.06636325382949041785 0.9977874424134745013 -0.004001151108409634234 -0.9079066760678481396 -0.9757489061772777195 0.0657347049165801639 0.2087892716774032709 20.64819642018289159
0.1778018029618536333 -0.009612486430382620115 0.9840193440035087669 19.60239553848958138 0.06820138576124780416 0.9976681806508725936 -0.002577446079886619185 -0.9207706469698078156 -0.9817000763201404467 0.06756975482009937306 0.178042773816078026 20.82575564414350922
0.1468049481205634943 -0.009881392038144202333 0.989116077266802729 20.62368003125590832 0.06964421119639915836 0.9975717604965459451 -0.0003707519422698154522 -0.9345812318613458958 -0.9867106666918445956 0.06894063454019672132 0.147136642085473085 20.97593855892973025
0.1159338810226300254 -0.01036365375868619071 0.9932028381886892632 21.6593155592366351 0.06942813173662441828 0.997584227751689312 0.002305213837263269099 -0.9469620389463441201 -0.9908274407911221715 0.06868896246060486599 0.1163733322058577158 21.09907192069056237
0.08653286833413598167 -0.01049060039224324233 0.9961937346879742305 22.70906721620472268 0.06958299105873425039 0.9975661277784710901 0.004460830807369153134 -0.954855521839044874 -0.9938159874811910433 0.06893212860352564142 0.08705221969219779921 21.19436738767249651
0.05928542109824582601 -0.01018578770374523913 0.9981890777945530147 23.77325804721382596 0.07230329832371845677 0.9973652758587175926 0.005883072945222752974 -0.959679349198716003 -0.9956191130852972693 0.07182357946525061432 0.05986568224806648741 21.26014845846251333
0.03401487046418304877 -0.009698021441625161165 0.9993742457483189012 24.8522470074590629 0.07624713245248816718 0.9970637458123603469 0.007080439349656360293 -0.9639887709798352633 -0.9965085597064390344 0.07595857734641532633 0.0346544380633886373 21.29676729388249257
0.01093402753062709329 -0.009160602062692559805 0.9998982329882852849 25.946164174697536 0.08101770901518369483 0.9966784934068108059 0.008245163569478370508 -0.9681742522388263605 -0.9966526596457558895 0.08091930813599197692 0.01163988025231975885 21.3077669116379731
-0.009763556186843566284 -0.009263307834891754827 0.999909400887800448 27.05419959994571855 0.08622756221303504165 0.9962244982882688671 0.01007113334422161423 -0.9703901642715568876 -0.9962275978185142211 0.08631807683418707411 -0.008927940812802959147 21.29634190138284211
-0.02786007543463517311 -0.009542051961188197789 0.9995662616301300707 28.17631252665588093 0.09056964821662476239 0.9958173898403760438 0.01203063549391887935 -0.9695298281625389647 -0.995500327139189789 0.09086553560507727723 -0.02687932546921075264 21.26442475364108375
-0.04350594137405855433 -0.009594466520941423091 0.9990070697199106009 29.31198983181759843 0.09383852194977530814 0.9954938241551577471 0.01364731486906723724 -0.9674454567035565278 -0.9946363714311403648 0.09433908249276863611 -0.04240956247763325027 21.21413953114978312
-0.05767264440793225255 -0.009998600670513623639 0.9982854503170991434 30.4561581383024631 0.09591188248984132414 0.9952689291587553111 0.01550937851145715168 -0.9649694998000254431 -0.9937176277104726729 0.09664189995702140989 -0.05644080254015851339 21.14728377980377871
-0.07107634879418871232 -0.01086763014983879554 0.9974116470702074633 31.60499516330493108 0.0964995909849620942 0.9951752134799128902 0.01771989833039507023 -0.9613346415068351192 -0.9927919865596347426 0.09750927791078393969 -0.06968469391389248146 21.06409631013350037
-0.08323318099786901347 -0.01058908766666389473 0.9964738107395048061 32.75839050686320775 0.0962447142570013181 0.9951835647943038099 0.01861447599519189602 -0.9561066035628622561 -0.9918715339314534418 0.09745467548444429473 -0.08181314441104434176 20.9648604805237575
-0.0946353177296692244 -0.008168879949596882448 0.9954784643459554383 33.91963562205897631 0.09628754909809122964 0.9952027882302600936 0.01732020686109822863 -0.9490113007833033132 -0.9908444943998904186 0.09749128104966924002 -0.09339476419033145016 20.85164623828454467
-0.1053810975638212605 -0.004758804541243387941 0.9944204972054196956 35.09661074413912729 0.09690263291393019784 0.9951802886573347662 0.01503144023334337422 -0.941064219905084931 -0.9896992734541553149 0.09794599031773115749 -0.1044120431886848971 20.72645041579825431
-0.1144545059628650358 -0.002130196517135875354 0.9934261803405518565 36.29599045502852306 0.0975524789146574034 0.9951404655188499371 0.01337307565423798139 -0.9331787001219231659 -0.9886271430997860543 0.09844179150745899221 -0.1136904965359014225 20.59153830223199222
-0.1218681343682159052 -0.0008191858954850671183 0.9925459356832224689 37.51956427397512783 0.09755744651568280801 0.9951475177613359202 0.01279976294471162242 -0.9256696151635460668 -0.9877401737567750306 0.09839012649910001962 -0.1211968453481374747 20.44847063242947627
-0.1280516369823574974 0.0001742422228854894597 0.9917674605391285647 38.7655221693884684 0.09738833116081604957 0.9951691509291060722 0.01239941121599463097 -0.9184367971205618097 -0.986974285295230791 0.09817433902986689997 -0.1274499991980790337 20.29591426220265404
-0.1331307214418122886 0.001572563066052947963 0.9910972132448981897 40.03129929833705347 0.09770705296618435731 0.9951481803563360096 0.01154566356016045563 -0.9120448040565009018 -0.9862704961678759874 0.09837426666709317424 -0.1326384365232285145 20.13329557647608681
-0.1376382613206429684 0.003176177672750512063 0.9904774450336415459 41.31729553023798474 0.09778378424282040127 0.9951533073517319083 0.01039701022425893601 -0.9085643648578798359 -0.9856439466325032095 0.09828365543717758335 -0.1372817401495486922 19.96169607962396597
-0.141721039604054605 0.003904891159477609248 0.9898989075200915755 42.62491308193318673 0.09772557793281355654 0.9951624338599429631 0.0100654392031676379 -0.9065370144481311732 -0.9850709657094902649 0.09816492359094243503 -0.1414170526659790927 19.78245414408194947
-0.144972474378552374 0.003268528577919471972 0.9894302637702647729 43.95523708626444659 0.09783606160300092891 0.9951411586994671765 0.01104765713824562394 -0.9030983877154266093 -0.9845867336024868299 0.09840356267060293427 -0.1445878460955004607 19.59554753175534358
-0.147333956517136766 0.00153941367343376199 0.9890855797264880289 45.30817689713970253 0.09801537702342558167 0.9950992481940155177 0.013051571862305043 -0.8966165594733704891 -0.9842182890420411168 0.09886853194809309964 -0.1467627854246576213 19.39853551163520606
-0.1494350678375462593 0.0006452520290008212974 0.9887713045953567814 46.68230106099987609 0.09874163830258898822 0.9950106641074298874 0.01427370338335454299 -0.8873891312188265657 -0.9838288463031240605 0.09976588654102022669 -0.14875318904432272 19.19155711709331769
-0.1510963590143930835 0.0008983666109367987066 0.9885186047492194872 48.07648296407982969 0.09975796639239523089 0.9949082723664910421 0.01434395931183427529 -0.8760118078631164984 -0.983472515102659095 0.1007799219219550207 -0.1504166263308120421 18.97820428667836623
-0.1522645735690966728 0.001300737282898827571 0.9883388874618217468 49.48923295564338787 0.1008206099063129468 0.9948028820840644215 0.01422328681422069425 -0.8634680629201056945 -0.9831839369307613374 0.1018106282341188218 -0.1516043672665796926 18.76257462930426101
-0.1532213253535299191 0.002099073737494821634 0.9881896417868379912 50.92096347393560052 0.1016415008974039663 0.9947274206278813313 0.01364681047812430804 -0.8519768432508187939 -0.9829507517587091625 0.1025320568273296873 -0.1526267962029180247 18.54624080125922347
-0.1533058990013163037 0.002952039574187737339 0.9881743447314147444 52.3737286303518772 0.1019753078646291472 0.9947038817744575656 0.01284895584828633572 -0.842859607109456177 -0.9829029898997595494 0.1027391998244266413 -0.1527949974117511489 18.32847515472620614
-0.1528108338021180457 0.003797523234576156374 0.9882481351674233805 53.84897034847844566 0.1017843617212309398 0.9947350491274218331 0.0119162595290506941 -0.8374323690125571318 -0.982999868970450108 0.1024091352974081104 -0.1523928102073086321 18.10983635313830575
-0.151732997283212323 0.003799125468041011314 0.9884141909698930251 55.34695537705924551 0.1016228459650291849 0.9947532236373327619 0.01177678787360610969 -0.8328752752169500395 -0.9831835252285618942 0.1022323864906445195 -0.1513229556553765676 17.89032359370768788
-0.1500512108828121471 0.003261328697626309555 0.9886728207611789054 56.86766439739872681 0.1017894415300982375 0.9947314903355144455 0.01216730136141307844 -0.8272193861843178952 -0.9834243708610241885 0.1024621686634192702 -0.1495926231084806768 17.66958493404918684
-0.1486503301405705246 0.003597204007851325606 0.9888832530094449069 58.41153697767321518 0.1018624517277497976 0.9947296976285595616 0.01169363418003459276 -0.8217051739003443656 -0.9836295388595572842 0.1024683312849231642 -0.1482333077204285865 17.44627351944165738
-0.1478194077942666107 0.004441461352024641054 0.9890043704042241757 59.9776857945319648 0.1023145271379991839 0.9946931305113555499 0.01082520931730745692 -0.8161989408488286024 -0.9837078375333024871 0.1027896865929976838 -0.1474893653063615306 17.22002377559190123
-0.1472495594700479749 0.005140490106548019703 0.9890859877451763094 61.56423465796632399 0.1028196699379459733 0.9946482854424357756 0.01013781328061554715 -0.8107227253092603725 -0.9837406325338854396 0.1031902793913478944 -0.1469900551887305951 16.98902392337089395
-0.1464779480940414103 0.004975552852261361583 0.9892013966444272999 63.17002170134697536 0.1030392212538335378 0.994624364949992068 0.0102549038771278956 -0.8061539357661260397 -0.9838328511306362323 0.1034286548930401922 -0.1462032030816521055 16.75281276796630792
-0.1454375599285154252 0.003433148689530370317 0.9893614496939354686 64.79305346836740398 0.1040419671499690918 0.9945023258764780216 0.01184332890726252398 -0.8010075663584311778 -0.9838816669478895882 0.1046575722973801525 -0.144995173134462807 16.51382359904390285
-0.1443565784569905142 0.002088665481503070454 0.9895235036021124975 66.4299358169499925 0.1058610985082018702 0.994291313192747106 0.01334480838771466386 -0.7941169598575311683 -0.9838468149919897821 0.1066784518790746816 -0.1437535904436524903 16.27517402018973769
-0.1436611908695809292 0.002795266605228398458 0.9896229570623816807 68.07904444780172071 0.1078178249363593577 0.9940876348136338247 0.01284377508145259812 -0.7898836768896265736 -0.9837361069618130172 0.1085441425958954681 -0.1431131831154577871 16.03888069011658857
-0.1433292179662688237 0.004106228563280415328 0.9896665208917747591 69.74119275850351585 0.1091890675420432721 0.9939522008724058777 0.01168937822377718108 -0.7899548388173036617 -0.9836332812990464802 0.1097361898212808884 -0.1429107370326731519 15.80449676971230666
-0.1427824344505412846 0.004307339839908114719 0.9897447002260645332 71.41954785196436717 0.1095464300171552219 0.9939153432605676297 0.01147788146459534538 -0.7902053580673589206 -0.9836730683190271218 0.1100618341712552156 -0.1423854962050710993 15.57141569719386354
-0.1420530332105624793 0.003719618596977902498 0.989852033667767528 73.11659590529963282 0.1089746063396569292 0.9939731923496475385 0.01190376879266089385 -0.7878502264340659922 -0.9838421723778074668 0.1095596979617988326 -0.1416022410841698831 15.33680836507178924
-0.1417439565635148224 0.003142529937960812127 0.9898983400507166408 74.83039776675393284 0.1089094717374051169 0.9939737732301887618 0.01243932243069776136 -0.7831043737487520806 -0.9838939612332110451 0.109572499860625755 -0.141232016847855385 15.09874189972411251
-0.1417488999730339705 0.003076801914383204672 0.9898978386674363028 76.55976282479288386 0.1101532782070099303 0.9938336040833707363 0.01268441438866884513 -0.7781888668694576516 -0.9837547732403382206 0.1108384895486317356 -0.1412137301882233076 14.85693833013024268
-0.1417290211927809962 0.003261042005978544069 0.9899000952157038791 78.30352683774562195 0.1112848102455712834 0.9937078527724692023 0.01265962265812753222 -0.7732665120433107608 -0.983630278501025912 0.1119550758846288852 -0.141200136002875648 14.61238555785719129
-0.1420213912483251906 0.003917694949329882277 0.989855809931947439 80.06123204753949096 0.1114737270932796009 0.9936941239176502183 0.01206101004326305508 -0.7684408338319015375 -0.9835667144797130002 0.1120558335392838611 -0.1415625322234430328 14.3645859679131469
-0.14237927577295037 0.00479067033191708791 0.9898005555075201078 81.83372212980894744 0.1109152383427309818 0.9937673133314982588 0.01114488893521965555 -0.7657336799766712998 -0.9835781112756640798 0.1113707614642564098 -0.1420232188801376361 14.11239668456980212
-0.1429088358625568156 0.005440699302939827099 0.9897208757108023613 83.61955161660917213 0.1102388587373699241 0.9938500755952243138 0.01045432643656277541 -0.7651650304013383197 -0.9835773522808890501 0.1105997111823579515 -0.1426297239442603226 13.85761217499173803
-0.144387650674308865 0.005673824875811256906 0.9895049077659894277 85.41823872999502498 0.1094022909228206386 0.9939444896082053615 0.01026459826130275005 -0.7653136748219937502 -0.983454774959303335 0.1097361808067143368 -0.1441340292275897217 13.60132424460180722
-0.1460191369562461317 0.005419606980954411873 0.9892668942265866461 87.2299325247277153 0.1087153235801278373 0.9940163310074432435 0.01060112036615899582 -0.7648426285296818783 -0.9832900586497518303 0.1090964327749470442 -0.1457345910224382424 13.34146476220342059
-0.1465890501815600433 0.004617064103473880222 0.9891866768297437051 89.05546300793717762 0.1075105210521097726 0.9941397543273982063 0.01129195933226789447 -0.763386421201791121 -0.9833377281600308439 0.1080032484955131822 -0.1462263751896947794 13.0781657612657547
-0.1470841163599820867 0.004064550210663936056 0.9891156103795590848 90.89609743031256528 0.1060460332731391897 0.9942925154230661811 0.01168350055603705959 -0.7608902102327328443 -0.9834228240918939656 0.1066102401984625747 -0.1466756553175764533 12.81228432751841417
-0.149069120382891912 0.004665584835175526357 0.9888157453704297106 92.75175201818646542 0.1051190077751595897 0.9943970156322778919 0.01115531582834388726 -0.7578545596826553599 -0.9832234441018951054 0.1056062390988241062 -0.1487243197942773321 12.54215785129869687
-0.1520681918534268484 0.005563907706261834486 0.9883543173882476385 94.62327915106375542 0.1046114000998138727 0.9944577087355136458 0.01049724062637855983 -0.7549699335278319268 -0.9828182281566579803 0.1049894213190397663 -0.1518074233173294929 12.26458962854684742
-0.1555337809630251977 0.006116580613891266748 0.9878116112402763882 96.51020757984058207 0.1042488704603536098 0.9944982920657894354 0.01025629726703959285 -0.7532543043523231008 -0.9823142907107167421 0.1045734413906183602 -0.1553157154030459786 11.97792452045409206
-0.1599559816499823428 0.005820840295531856667 0.9871069601685344974 98.40806629248275783 0.1027886832182446225 0.994644614792955517 0.01079112515981741661 -0.7524150496381490916 -0.9817578726286975144 0.103189525703819257 -0.1596976612141224605 11.68097043135649571
-0.1650161246947237093 0.005326682747750561241 0.9862764593738349017 100.3123163221246017 0.101119628903994091 0.9948072108627745713 0.01154579348437218857 -0.7519286077533752222 -0.9810934967628512915 0.1016371477830227549 -0.164697851543837509 11.3739453433875024
-0.1700295766798114727 0.005984453090353595087 0.9854207623478767886 102.2207026410977875 0.1003532761554028208 0.9948879329555252449 0.01127352165326034501 -0.7533499934350257332 -0.9803158232918631754 0.1008070301592592227 -0.1697609218128552921 11.05762911985689634
-0.1748112889966014216 0.007332503455726470214 0.9845746276120173057 104.1358750733678136 0.1002464118363360635 0.9949083329611297932 0.01038929175818061393 -0.7568277672576938508 -0.9794853856789442759 0.1005162352524716918 -0.1746562531949349961 10.72967768964830526
-0.1794510885529294053 0.008872057402703409715 0.9837268641920707823 106.0625786993768855 0.09990397258746540332 0.9949540111570903678 0.009251129798824713271 -0.7615821691792944437 -0.9786809765746924406 0.09993834317696641267 -0.1794319217256752363 10.38950787076182181
-0.1841094704693005679 0.009624964099269033707 0.9828585926207387136 108.0020395762795005 0.09878967229524321381 0.9950697065704285915 0.008760773401805446031 -0.7669103974684673419 -0.977928552906240367 0.09870921587046606327 -0.1841525910622430484 10.03740065472858589
-0.1891259669189973847 0.009303489495912050863 0.9819087351187275603 109.9517980265123072 0.0968991001958118825 0.9952513106343654492 0.009233875732104036144 -0.7721085329714334478 -0.9771601119177211192 0.09689243489789807484 -0.1891293531230693326 9.673351970196835126
-0.1946323480572235975 0.008669790183494572103 0.9808379246772745974 111.9086988412053358 0.09513389412165310088 0.9954133927090252909 0.01007924446710656112 -0.7767902298304019126 -0.9762518849480922301 0.09527267467345636176 -0.1945644233462129613 9.298413110692298034
-0.200200503286697612 0.00816399647778488953 0.9797209085188564037 113.8716477927233086 0.09454191601494812969 0.9954597780550853425 0.01102396220931501497 -0.7805375610421836363 -0.9751828220828192562 0.09483169103137464861 -0.2000633745908731165 8.912534624260960214
-0.2060097313204009295 0.008266378122952392632 0.9785150018500521352 115.8398242856278557 0.09472007688620419363 0.9954370813215784874 0.01153236834265825017 -0.7830296318104827957 -0.9739548500047734425 0.09506079270274371551 -0.2058527033928591321 8.514365435710036678
-0.2118477666405204074 0.009329301961829747705 0.9772581232533326112 117.8148310005239381 0.09481727665971483032 0.9954332828804031141 0.01105145863934860716 -0.785764773799444427 -0.9726922228355309175 0.09500217706491448366 -0.2117648821650855717 8.10278713890940594
-0.2173729083118463579 0.01036124688273819955 0.9760336137528998757 119.7967789330576664 0.09483726494369348892 0.9954367770464791487 0.01055402479912899948 -0.7894851956708489604 -0.9714704652149906972 0.09485851388745272783 -0.2173636045367286773 7.675718310017936474
-0.2229443507699241378 0.01040653433966955144 0.974775601204756259 121.7859021764833187 0.09498163169553654195 0.9954171109113104654 0.01109667994547832055 -0.7923917624332066367 -0.9701928979916739637 0.09505971563946510883 -0.2229110357186734614 7.232359935098712
-0.2286099019096486107 0.01057681335008170409 0.9734606290468803547 123.783004966984393 0.09446920766419734938 0.9954627940942218922 0.01136950868529330166 -0.7941028673048726727 -0.9689236477214435705 0.09456123299849202024 -0.2285718190663380278 6.774942251698918838
-0.2343394505733987776 0.01116214207083104752 0.9720907269247305305 125.78673472023128 0.09358389872541092447 0.9955491354906573775 0.01112852447273938658 -0.7962133822095927016 -0.9676399277235371299 0.09357988890649168723 -0.2343410179796086013 6.304209243736892176
-0.2392779009183204075 0.01139806214551346113 0.9708841967514685312 127.7972698423737228 0.09324035001921793242 0.9955795357362394737 0.01129143386211329918 -0.7993590574025775108 -0.9664638004083856426 0.09322736939656472988 -0.2392829242463722084 5.820301372276398766
-0.243529905803970631 0.01108112604717693093 0.9698300609302505926 129.8151107131339188 0.0943780927029650718 0.9954600663042838526 0.01232490806553233204 -0.8009016126650710943 -0.965290585846988014 0.09453219151546800314 -0.243470094864419534 5.323319295892838809
-0.2476431403314327817 0.01094662205184449184 0.9687894509318010217 131.8417468026926258 0.09619792684940213501 0.9952727054413869068 0.01334436415601364043 -0.7993688521170445593 -0.9640636849985186885 0.09650017331893916139 -0.2475254834728964071 4.811457558753109431
-0.2510285176154809506 0.01149252753257537507 0.9679114417655849678 133.8777352455703635 0.09739157998611301659 0.99515528890698568 0.0134425634809943878 -0.7964299098373632813 -0.9630677642547964545 0.09764088767948425618 -0.2509316150138819479 4.286235606859820635
-0.253927996130353606 0.01197053640993665444 0.9671490232522194086 135.9211338268412987 0.09763716399408538249 0.9951328983468444855 0.01331804207279851937 -0.7933691288029010025 -0.9622824493077469787 0.09781150781560715712 -0.2538608544120126709 3.753879503912166626
-0.2574049223672821296 0.0120376872893926349 0.966228624290207061 137.9691686313132095 0.09699413343764239082 0.9951941283927819848 0.0134408440246203912 -0.7911417615708239426 -0.9614233196238303192 0.09717824384393818071 -0.257335434590456269 3.217842465199781454
-0.261542622642970124 0.01245021365517006741 0.9651116015130934978 140.0201248342347071 0.09576390216306399084 0.995317650395017739 0.01311187354906082937 -0.7906201727163242321 -0.9604294286237405887 0.09585216314902331169 -0.261510251583726705 2.676923504091158978
-0.2659431187019652421 0.01285866008843045485 0.9639029346543366294 142.075076376418167 0.09431239417356665489 0.9954610496732919644 0.01274135920945056351 -0.7905530784692701429 -0.9593640529079464629 0.09429646675549512025 -0.2659487287013979073 2.127252224340933751
-0.2705700978182478122 0.01294287270672850668 0.9626132450255330264 144.1388326262563169 0.09377443762092164958 0.9955088809579282216 0.01297282229235394158 -0.7891989838479422925 -0.9581221912905542037 0.09377856994940220181 -0.2705686271748432015 1.563452424270264096
-0.2749888099107011263 0.01329825151784044465 0.9613554319467872977 146.2154471387377725 0.09356649143576487027 0.9955281831065476705 0.01299306170557319728 -0.7872320449344364368 -0.9568837039371895781 0.09352359783062184906 -0.2750033620001648971 0.9831692257318807027
-0.2793503800275335403 0.01385203944424191584 0.9600892886098058021 148.3031108440599724 0.09319722980388783773 0.9955659232749098919 0.01275304259689688698 -0.7857009909126069225 -0.9556555857733581849 0.09304022584425683529 -0.2794026713659043537 0.3878697761909748465
-0.283997369903183472 0.01398156820421318086 0.9587230913589596115 150.3994508441474522 0.0929760907983294832 0.9955831093100774298 0.01302268469698489826 -0.7845681289611504683 -0.9543065010093585432 0.09283672988999988607 -0.28404291645056573 -0.2215264868188626945
-0.2882177743570828454 0.01359300084228954979 0.957468381439721572 152.5011932333666778 0.09286220428408759053 0.9955829992469842349 0.01381933222803613005 -0.7830420916737267367 -0.9530514589097870415 0.09289559810287841002 -0.2882069722949211488 -0.8425040080187122804
-0.2921345144581696252 0.01364112359525382519 0.9562799287305234763 154.6043867017986031 0.09339344175586498931 0.9955260879109120165 0.01432985179665996998 -0.7812891685838615485 -0.951806203269760065 0.09349651459177213408 -0.292101501577674616 -1.470157070165998281
-0.2961256108892734717 0.01423063851309404153 0.9550429669371879315 156.7093644896148987 0.0939916220013602699 0.995470067732574071 0.01431050593456613743 -0.7795367517941994562 -0.9505131014229302178 0.09400374130480988744 -0.2961217222200377974 -2.104547500876666088
-0.2995186814743674431 0.01537389366487007351 0.9539665404519113157 158.8168495705448038 0.09429213717357047553 0.9954521182730626805 0.01356261175163423968 -0.7783102051780198538 -0.9494195653136447977 0.09401379593080506913 -0.299606122479392778 -2.746939116375651579
-0.3029008104076660324 0.01701370242080974676 0.9528701856572533435 160.9280354198499197 0.09479522748369148544 0.9954199912676445772 0.01236030689577573283 -0.778445711979625421 -0.9482957992456774177 0.09407148943716671374 -0.3031263188509896178 -3.400039689335518478
-0.3067877281612477192 0.01815207039392904495 0.9516048288200895655 163.0456877361098122 0.09516625836702492791 0.9953926468534619598 0.01169329815749610077 -0.7790364398590601258 -0.9470082536123302086 0.09414802782731362951 -0.307101692110551161 -4.066926186481169658
-0.3103370580087153607 0.01872411080354356369 0.950442147862879172 165.1710069489980413 0.09493201440486491449 0.99541856647572724 0.01138690105266720008 -0.7803216733435427432 -0.9458746125446527708 0.09376116150884360179 -0.3106927654477212308 -4.747629847301285011
-0.3137432234995691238 0.01893233251181504137 0.9493190797132115 167.3032309901399231 0.09486227143539124884 0.9954239209133896038 0.01149949952061665726 -0.7819724708141462255 -0.9447572699082520398 0.09366245073570382551 -0.3141034520090277837 -5.442027279037366938
-0.3172606558789557996 0.01911732665188722521 0.9481456443816178581 169.4419692010941674 0.09513861847668587945 0.9953944500893379121 0.01176449609670231732 -0.7842457024056834758 -0.9435540682377721033 0.09393767492734636515 -0.3176182701441340184 -6.149098644114999956
-0.3211933575210432212 0.01940071143712107996 0.9468148703515046893 171.5850702631457807 0.0961739504958508129 0.9952893194135693511 0.01223165113564481793 -0.7856140097548175438 -0.9421174867612736037 0.09498764798334945192 -0.3215461390005012743 -6.867339908499740631
-0.3248308562771863306 0.01968086019391947911 0.9455673101908118605 173.7291953066875863 0.09813324362494091346 0.9950883047596689179 0.01300014022935600672 -0.7844456787100189121 -0.9406671792772297591 0.09701443023387215647 -0.3251667102360726314 -7.593255638285793196
-0.3275856324903439476 0.01967683183264207908 0.9446165547255395145 175.8769945789085511 0.09933042782572330809 0.9949598272720173719 0.01372150376870105888 -0.7826963997957129271 -0.9395855898266080031 0.09832413028756466222 -0.3278890297366680584 -8.324853456764273574
-0.3303100658139238588 0.01919026563152837275 0.9436773570187746429 178.0315941512009772 0.09878424840121405315 0.9950054405793500312 0.01434283502428760834 -0.7806511905373005877 -0.9386889229378709842 0.09795803752634614503 -0.3305559856383117889 -9.064557780678478949
-0.3331974331747416529 0.01942542042472766503 0.9426569279665808487 180.194873013570799 0.09749969849399760247 0.9951376344536125851 0.01395595549830221105 -0.7783970424915711561 -0.9378023464079918714 0.09655885116518594935 -0.3334712549959373273 -9.814062582129249535
-0.3361093316557306476 0.02104511549215546187 0.9415877977243284347 182.3667267630987965 0.09684208956404710689 0.9952233814512866372 0.0123248568615497954 -0.7782022098164148582 -0.9368308752025947816 0.0953278256486007336 -0.3365418952395173857 -10.57383740960989726
-0.3392479256384325348 0.0225452924965457574 0.9404267730948467907 184.5445196085570103 0.09600947199742876359 0.9953220563852422931 0.01077296339535375146 -0.7801249129659058035 -0.9357846912564922182 0.09394457988527307735 -0.339825481063632473 -11.34486480213536197
-0.3426609957592743338 0.02361170280540771799 0.9391623345312453131 186.7273623955565824 0.09488759053754808326 0.9954416980595633957 0.009593867117381431678 -0.7835509209945897835 -0.9346548826224837514 0.09240229163314429839 -0.3433394772850676957 -12.12898766704580567
-0.3460683144981694936 0.02468158521543906136 0.9378845891097684628 188.9151044934078527 0.09434967886684848815 0.9955017694528379701 0.008616058529088838069 -0.7904366437560733649 -0.9334531710679230265 0.09147085121414273712 -0.3468402950503784443 -12.92648979623236016
-0.3495486901360934651 0.02491328715257102797 0.9365868903128374834 191.1102751131020341 0.09422454449033117185 0.99551301936059855 0.008685323671781288585 -0.7987663447230124447 -0.9321681240778455502 0.0912854132008613095 -0.3503276907997451839 -13.73539491205501406
-0.3531671057278853998 0.02433256604835594417 0.9352437563306295054 193.3117085837156139 0.09405354944323830735 0.9955206371895451989 0.009615722070811768066 -0.8064849393257446097 -0.9308205459274234705 0.09135894818033830911 -0.3538736818220571401 -14.55282206651434684
-0.3569943202561219886 0.02364197286513617172 0.9338073007193968822 195.5141504312435643 0.09374463817620480588 0.9955394214020935051 0.01063365341249809283 -0.8134376602750867935 -0.9293906401171211362 0.09133557797440053361 -0.357618202453828804 -15.37915441166104458
-0.3607697953001751112 0.02337612805496853269 0.9323618794478373273 197.7160344170885935 0.09338000277193139742 0.9955677964402741553 0.0111717994643072728 -0.8182462134991266289 -0.9279683691088952413 0.09109439927327016295 -0.3613536280031153236 -16.21566669922363957
-0.3645329996593285604 0.02370463094567255846 0.9308886860436703659 199.917013453559349 0.09271961149710865324 0.9956319219310225677 0.01095540932583803466 -0.8225538086766146506 -0.9265628582860523377 0.09030524215335575255 -0.3651385499388304923 -17.06301328683347407
-0.36812996662385844 0.02434623556565453789 0.9294555137337456863 202.1185824269963121 0.09219527761250957687 0.9956862047024380713 0.01043474291389807386 -0.8295437930009449401 -0.9251920467482772636 0.08953274732180929729 -0.3687865117073534371 -17.92283240271347466
-0.3712576373159838794 0.0247714177831820058 0.9281993899077602972 204.3243633711009863 0.09219443698951222677 0.9956876539088344025 0.01030305538613070053 -0.8397906996247781475 -0.9239415120794165492 0.08939990481630584462 -0.3719404070477571045 -18.79457777348480008
-0.3739175068463450602 0.02514588320318381087 0.927120998966342369 206.5336915956750374 0.09272866883340415145 0.9956370953346472819 0.01039421417977241455 -0.8503824923028530103 -0.9228147471423806536 0.08985727136557493389 -0.3746178587387418712 -19.67703441661068453
-0.376478721757359136 0.02522093413615983729 0.9260818759119272547 208.7433780715740852 0.09384724612106909447 0.9955253371530956574 0.01103942120547828434 -0.8575227008955558228 -0.9216596075669756249 0.0910663375054753671 -0.377160995497205831 -20.56771358170537667
-0.3791422169932502917 0.02514388298121192356 0.9249967184027901856 210.9522725948221478 0.09518974825399686979 0.9953872373493675152 0.01195955320369204884 -0.8615890443480637151 -0.9204292787408613341 0.0925845728000015411 -0.3797867375204555529 -21.46555960939567598
-0.3815794991015611926 0.0255551919251335094 0.9239826745622302662 213.1622097260345754 0.0960776422997194901 0.9952996237364216681 0.01214977451196609486 -0.8658498563322212238 -0.9193291787033687212 0.09341017826128600321 -0.3822411879939497936 -22.37231580424818489
-0.38438074734533767 0.02616838710937852142 0.9228036745330185919 215.3732317040626754 0.09610283204220966546 0.9953013286566562146 0.01180602511570500932 -0.8720667189776610817 -0.9181588388372362575 0.09322205179806671016 -0.3850894979804148632 -23.28873211076082939
-0.3872588369846244882 0.02668136441456849667 0.9215848650073946713 217.5859070311292669 0.09566843279588775617 0.9953480948864970035 0.01138386338183536121 -0.8796211888982941041 -0.916994062703541668 0.09257507794316420513 -0.3880098830627098372 -24.21402115902136387
-0.3899750366625251985 0.02765518689724356938 0.9204100320723580531 219.7975174821436326 0.09539909619198670698 0.9953835304439860865 0.01051242767281390829 -0.8889103088679595199 -0.9158703240090263487 0.09190586610647923094 -0.3908129815422359821 -25.14538950646382531
-0.3928482214028183317 0.02856653460636466094 0.9191595041463311855 222.0044680978507756 0.09461706630921885852 0.9954683372671503383 0.009501137643586003712 -0.9003138433594038981 -0.9147228286090200999 0.09070067737992915102 -0.3937708201808415853 -26.08133342556741496
-0.395581728464712179 0.02910609362711251771 0.917969442697621818 224.2077404108269434 0.09359216502561071294 0.9955719713924605641 0.008765144588861429123 -0.9143200121118885138 -0.913649588470030527 0.08938207527229090343 -0.3965541561026378337 -27.02333082591597702
-0.3982310366020973547 0.02975654804932306025 0.9168023537943787993 226.4100414006175583 0.09403643820721352409 0.9955321083145578509 0.008534690901261026905 -0.9308071263259940498 -0.9124522770122532878 0.08961160334320660004 -0.3992499555999606264 -27.97314009543608293
