0.9999999218113073685 -0.0004858254903000969681 1.753301784365203847e-05 4.335853407566882234e-05 0.0004858106151885329131 0.9999995007073857467 0.0007956557853119783537 0.0002392350872956345567 -1.791797798682471425e-05 -0.0007956476617781683101 0.9999995892149114995 0.0004003340756392417973
0.9999971331714641032 -0.002206618035318735384 -0.0009718236899017911002 0.009332005367531728129 0.002209164244873562406 0.9999940428970606199 0.002627595273469022965 -0.003269844426011473543 0.0009660214464872682316 -0.002629735043571004242 0.9999959815445137457 0.2732580596360312808
0.9999894475785072734 -0.002790554366820316521 -0.003660257881761089585 0.02870346254090146501 0.002804593883220573257 0.9999886434592906159 0.003836365184693502246 -0.01799335789090736326 0.003649512547305631092 -0.003846590576282451438 0.9999858482072908616 1.226254706969078789
0.9999849275307293173 -0.001664673665974260959 -0.005239610484154060173 0.04078406811429213796 0.00168415904367180333 0.9999916097378038771 0.003716793639607425537 -0.04327070142019941168 0.005233381195762215089 -0.00372556229795515054 0.9999792716486094468 2.80184763486348043
0.9999875437215171026 -0.001139919380869582922 -0.004867538549728784442 0.02927562259916487858 0.001156580528909945072 0.9999934126231813103 0.00342162604977936215 -0.07360842364852451802 0.004863608005451947221 -0.003427213482956991374 0.9999822055135156873 4.692866160812299903
0.9999813834962379966 -0.0008148795442171923769 -0.006053806604261372827 -0.009462958369894861749 0.0008377227668742388616 0.9999924706585221479 0.003771914615225782121 -0.1049418779361764864 0.006050689341971435264 -0.003776916146794484074 0.9999744676168161872 6.68751266305112857
0.9999627648397639845 -0.001155524387584030629 -0.008556496412491924539 -0.058153065647121846 0.00118807128023527722 0.9999920104162840495 0.00379974776156796366 -0.1355763708709057103 0.008552039485257628346 -0.003809772344727573642 0.9999560790788946107 8.621231282365977577
0.9999430080945358457 -0.002428576679851637658 -0.0104001204083768381 -0.09723545577198033918 0.002464066109041900942 0.9999911159068166633 0.003401026059621568669 -0.1638360829507441996 0.01039177061561624704 -0.003426459169660240039 0.9999400393622910332 10.38526805248332607
0.999924018528288161 -0.003649560399568345034 -0.01177785206893642439 -0.1238027227783438378 0.003689425748580848867 0.9999874680057965204 0.003364886548659992965 -0.1886723894444883309 0.01176542645633381345 -0.003408084749305928963 0.9999248829505722469 11.96930534445001726
0.9999134758294694336 -0.003780757802550163953 -0.01260264421826210769 -0.1445744211099287413 0.003822708191796330302 0.9999871626976828409 0.003306332476405279743 -0.2115201049827617752 0.01258998438939096243 -0.003354222991586412825 0.9999150230545754692 13.44190917625769899
0.9999067818700536625 -0.003122738592488265384 -0.01329496094963925935 -0.1660960550000080693 0.003167524311231632601 0.9999893108255205609 0.003348957592712236558 -0.2329271228554282702 0.01328436336087716885 -0.003390757881022932445 0.9999059157259033714 14.87500708849066555
0.9998970473013681914 -0.001835018200332467304 -0.01423402310092693884 -0.1925558331393565636 0.001889312003740504413 0.9999909231844038571 0.003801912869037149707 -0.2547100243058268432 0.01422691982602181451 -0.003828414304248703524 0.9998913690266701959 16.32638058557167682
0.9998855391961191108 -0.000139853100850160421 -0.01513171666151414026 -0.2245135608792654391 0.0002109458713119028979 0.9999888828854837097 0.004696818076748605041 -0.2765570576442459294 0.01513089413918072834 -0.004699472754206923154 0.9998743835411898484 17.81408517525630586
0.9998775581954535419 0.0005656878492641882099 -0.01564060460491683777 -0.2598901840869813906 -0.000482112639567092952 0.9999855248999327539 0.005346779480523849298 -0.2980013783829867369 0.0156434054106373531 -0.005338584557986458638 0.9998632882794543653 19.31918207771853346
0.9998722317059668407 0.0008033997396379356391 -0.0159673012160460627 -0.296988739255491907 -0.0007159251008118882025 0.9999846451840991302 0.005483369418838296601 -0.3196024394882870934 0.0159714639968331594 -0.005471237700944233534 0.9998573847128220393 20.82367606017609418
0.9998669432251029443 0.001301387917449634913 -0.01626290653230959629 -0.3336439330675390891 -0.001211840299915210341 0.9999839935705813199 0.005514937812365440679 -0.3403756747780623537 0.01626982593231421706 -0.005494496240381735973 0.9998524466869725957 22.31807304683199078
0.9998649761557732996 0.002067893756865065748 -0.01630439097372215346 -0.3673053264596352618 -0.001967407363905541128 0.9999789230759107417 0.006176828137254061074 -0.3595432663061006728 0.01631682299276211723 -0.006143916986140068176 0.9998479011544932904 23.79383797872177553
0.9998625991870149221 0.002761056511041632636 -0.01634745256583104017 -0.3998127910628100912 -0.002649055873244993229 0.9999728345491237791 0.006868999974234846206 -0.3777927681004248361 0.01636597682172899124 -0.006824751071903338746 0.9998426823495409899 25.25215079363467652
0.99985958354934934 0.003175202823410824132 -0.01645634108146913632 -0.4330476627556381075 -0.003076240763983929555 0.9999769898019738035 0.006035487099414709941 -0.3975445318074345979 0.01647512896504321755 -0.005984016202886239047 0.9998462749583227893 26.69700133822430743
0.9998671861655226145 0.003004393322815589098 -0.01602072230787148985 -0.4654490420650982396 -0.002935751741187589935 0.9999863533165983531 0.004306395087351305197 -0.4199264261779229734 0.01603344440507323276 -0.004258790596447345651 0.9998622921340335479 28.13440354641482344
0.9998752288062872084 0.001876111144841835976 -0.0156871579004814847 -0.4964158081440426806 -0.001809372903308111534 0.9999891925695613137 0.004267482717473619104 -0.4419836819039732467 0.01569499723459443982 -0.004238566663048915287 0.9998677479951117997 29.56971730823320144
0.9998759797091978374 0.0004990762932742765987 -0.01574344374465708185 -0.5258180380616975791 -0.0003995126568843020316 0.9999798417194589728 0.006326692365098576451 -0.461261907201134469 0.01574628648994125246 -0.006319618262663341535 0.9998559540029455794 31.00124851291939265
0.9998783412269540705 -0.0009063840225206279281 -0.01557437359080295937 -0.5539983970829076565 0.001026409059139864275 0.9999697602868722335 0.007700356222451655401 -0.478999023511063271 0.0155669257388044522 -0.007715405270773766956 0.9998489662009630852 32.42322295175321756
0.9998789412043121994 -0.001849431144168346437 -0.01545193972436831667 -0.581862894677428355 0.001958419941539969126 0.9999732272116925724 0.007041302510681600457 -0.4974999815139158343 0.01543850621235141884 -0.007070711698511819056 0.9998557243068885159 33.82909876016437778
0.9998844091764180764 -0.001548078494417302929 -0.01512784324606649203 -0.6098690034672674676 0.001633562822831462332 0.9999826953436569132 0.005640122068451009635 -0.5180030315466087609 0.01511885267476440788 -0.005664182672827199581 0.99986956608982136 35.21792397793374363
0.9999012252393976175 -0.0009789000605363112027 -0.01402360251783514762 -0.6372149474975477013 0.001043165011216174668 0.9999889207412916425 0.00457610027809607009 -0.5398900657856936514 0.01401897009292239413 -0.004590277516843949829 0.9998910989138530825 36.58950437769519937
0.9999174639396060105 -0.0003508836108379821054 -0.01284609291362681649 -0.6633163427330383 0.000402220501430542983 0.9999918783144430279 0.003993997617984001644 -0.5628315042282766578 0.01284458956835233742 -0.003998835264268023326 0.9999094147402133315 37.9430326686595123
0.9999294958915175835 0.0003857438394922926535 -0.01187157807104624076 -0.6881484451611082909 -0.0003285542519959363237 0.9999882698678931314 0.004818990746099442203 -0.5864457495792391173 0.0118733000644349676 -0.004814750829604462837 0.9999178240068796741 39.27853686990120252
0.9999465626793172524 0.000459877159108020787 -0.01033151604774616532 -0.7124371731997546364 -0.0003921747049720996476 0.9999783796924502921 0.006554146655252937256 -0.6096916191065768764 0.01033430903316229395 -0.006549744889548072928 0.9999250545614556396 40.59666845457046946
0.9999626167033125457 0.0002829387714281747512 -0.008646679920334767594 -0.7352807391808869886 -0.0002155906411804998219 0.9999695778441223259 0.007788927870462932813 -0.6317726999706296809 0.00864862280430010906 -0.007786772731018179981 0.9999321873653395087 41.90022672319997099
0.9999783102874295615 0.0003533570596434928881 -0.006582859031942154583 -0.7569133365023028581 -0.0002987712609987250496 0.9999655166511968174 0.008291365042766153659 -0.6522287767467556119 0.006585563856865752838 -0.008289218595035667547 0.9999438639403583906 43.19066718451822595
0.9999944637840724182 7.767684178561519155e-05 -0.003338610000274444198 -0.7768006397173059518 -5.138475009950280983e-05 0.9999689275682197565 0.007874753831662407305 -0.6717110228585668752 0.003339119748720053606 -0.007874538855921269995 0.9999633261952348695 44.46671715696675875
0.9999998268989864769 -0.0005514435671531146051 0.0003493837093377760022 -0.7909339924849382308 0.0005492489059129053572 0.999980261654969893 0.006248609235339424618 -0.6913305906535514023 -0.0003528210070955969664 -0.006248416493404726491 0.9999803221154812682 45.72612134512980475
0.999991351979246712 -0.0007870648020400584704 0.004093465102506626575 -0.7978522620382652031 0.0007672944335599753184 0.9999879817578263275 0.00482888097350608024 -0.7118916905433253506 -0.004097215230213273329 -0.004825698614202737075 0.9999798684298113471 46.96793073673774188
0.9999642087233203691 -0.000718831629997112166 0.008434720730153456511 -0.7974268573605304278 0.0006774293857953794839 0.9999876502477514917 0.004910288555164539839 -0.7326866714444192352 -0.008438145196957328245 -0.004904399171049149062 0.9999522770510299585 48.19443311949294895
0.999905896162884944 -0.0001343450520434855578 0.01372081348633717376 -0.7895127444599233657 6.721071783353569739e-05 0.9999879613580078264 0.004893170188500928046 -0.7529954428626283169 -0.01372130498441265743 -0.004891787823740253831 0.9998937983675350027 49.40851801827165701
0.9997993214339452317 0.001162932500872355729 0.02000110949986756009 -0.7740263454376284935 -0.001246736206960025531 0.9999904303718586407 0.004177954997476043819 -0.7732677804570250446 -0.01999605912828123985 -0.004202052990006679457 0.9997911342877381369 50.6101615639328628
0.9996248200413156981 0.002441971595175314227 0.02728251874291190426 -0.7510111208644751901 -0.002558428154717647292 0.9999876972320257407 0.004234421551792605896 -0.7932535243233438393 -0.02727184293754807143 -0.004302633549045855807 0.9996187002014043088 51.79893449547626005
0.9993562320993296666 0.003723851297096248455 0.0356838077159132086 -0.7202861047835307229 -0.003907081748561838132 0.9999794679023431554 0.005066456668561905054 -0.8128625775929545494 -0.03566420904670867392 -0.005202614863207753043 0.9993501933330815046 52.97823768354624718
0.9989305378780852784 0.005546284592518497224 0.04590314760755971613 -0.6799190927522775763 -0.005808562172701375523 0.9999674840664568576 0.005582285864522350607 -0.8321339274833573496 -0.0458706954640875561 -0.00584294733992622977 0.998930203409206352 54.14800382177509874
0.9982507510076689128 0.007686798884015556832 0.05862107821510143674 -0.6265624510876831588 -0.008034624094668490688 0.9999514112496862284 0.005700040388704433192 -0.851436798819372842 -0.05857441703536774014 -0.006161068138689607121 0.9982639385881714178 55.30422173602427449
0.9972253621523697875 0.009867789207081641839 0.07378538568446714463 -0.5558437293990493577 -0.01035601066303275426 0.9999268583673288635 0.006237104263071857092 -0.8700200019631397774 -0.07371844566139081067 -0.006983920970139822874 0.9972545452590192427 56.44536562198627649
0.9958358891558272141 0.01159562521011052623 0.09042401408887369707 -0.4654694910000549135 -0.01230760582366161558 0.9998973990621996544 0.007320157339402187657 -0.8866182056101779008 -0.09032985896666131942 -0.008402578622099426617 0.995876360807242178 57.56996317059644497
0.9940776980038219524 0.01199175528978923579 0.108008363904895946 -0.3554490898225211581 -0.01294836017434411631 0.9998828074106042019 0.008159775168081780453 -0.9031745859694232381 -0.1078978615052014478 -0.009509981768056599907 0.9941164041162033893 58.67914684119230628
0.9918284935671518587 0.01144259614082475743 0.1270644887819543656 -0.2245293605969111983 -0.01253307877576744118 0.9998910800955647105 0.007785910221428654979 -0.9198690268913837231 -0.1269615645490614897 -0.009314796908867929021 0.9918638059026995135 59.77590176276482481
0.9890523053234657747 0.01031173246719452492 0.1472049006289529727 -0.07121366754439675817 -0.01144063569023842999 0.9999112018046492079 0.006824285615556518331 -0.9346667292921421177 -0.1471214668476157339 -0.008433693143224134728 0.9890823834724095098 60.85874279254056773
0.985768743514502721 0.007318872504401312956 0.1679478932273186786 0.1064134336229175803 -0.00857377599621321311 0.9999404105097031703 0.006748059003035625399 -0.9491993432094668615 -0.1678885064209572897 -0.00809197335042424748 0.9857726840945499891 61.92521674910746299
0.9818668867114397347 0.002617508660864613194 0.189553794101116696 0.3077746341104393157 -0.004256513201342949221 0.9999569261806786624 0.008240046943432752929 -0.9637531867990856149 -0.1895240716153755722 -0.008897467518144897697 0.981835667351095065 62.97471515932251407
0.9771252446161369232 -0.002787685591795659168 0.2126465597336237301 0.5337808065497070542 0.0007350608936054643097 0.9999523158636317577 0.009731195829743476827 -0.9772062665663031611 -0.2126635596017380503 -0.009352288963812280254 0.9770806326270907727 64.0064551059176523
0.9715650415821212027 -0.008518520223258741267 0.2366196898010043681 0.7849685395885587225 0.006499922652976957219 0.9999354728419868055 0.009309760794803216555 -0.9907327598845744321 -0.2366837405779984027 -0.007507028548013560537 0.9715576516219224246 65.02212983157275517
0.965167590948468046 -0.01393539168885654482 0.2612611671036635386 1.05898794996007739 0.01220556243325829349 0.9998914714098032785 0.008242581137848165734 -1.003978401960933464 -0.2613476917912643249 -0.004766632892482507849 0.9652328650500269225 66.02145847127124512
0.9576060652768298986 -0.01794982148879786105 0.2875212982431303299 1.356490816333274951 0.0161360005665555882 0.9998320891059554461 0.008677187573942953328 -1.016020813812185342 -0.2876287913649683836 -0.003669883852978664783 0.9577348447215926486 67.00141317467421231
0.9488879854391153446 -0.02132873121397808186 0.31489163758289207 1.678471597682908545 0.01878133898529966636 0.9997616867433698484 0.01112211920263385216 -1.027818010184929021 -0.3150538343242175188 -0.00463955888008587853 0.9490623691905963888 67.96110912469660548
0.9390712273550471112 -0.02562557359993402478 0.3427661368901505079 2.02362602885926135 0.02232863823677184653 0.9996586270130910501 0.01356214850634976203 -1.038659997022604253 -0.3429966843523927778 -0.005082322530672794131 0.9393227728488167116 68.89811097173382848
0.9281377379214977852 -0.02839357984772377178 0.3711525374317627968 2.391821742096887249 0.02520287815201942283 0.9995918716343648036 0.01344528270346368078 -1.047045809759839186 -0.3713828418455040192 -0.003124962321906204175 0.9284744741492749753 69.8113422904273051
0.916105604347888236 -0.02903249883403241985 0.3998846017636757399 2.783206022304208993 0.02736753425471190326 0.9995766018928562424 0.009874490522873905288 -1.054923213654574532 -0.4000019969736283154 0.001897779016771185831 0.9165122113370368639 70.70205874947365032
0.9029961061649673937 -0.02989382579864329967 0.4286075679472328703 3.198822697752479627 0.0306080817499735057 0.9995177296668983358 0.005227234487141500623 -1.064739427705796659 -0.4285571516016448146 0.008398682432281940474 0.9034755479609765105 71.57392432573499264
0.8886871578333879196 -0.03166810108724338324 0.4574191943344437239 3.641057670665980517 0.03397789401507688573 0.9994174653362069005 0.003178566994507090251 -1.075976381010262939 -0.4572534191937675518 0.01271738841953414141 0.8892454204921508287 72.43089615463014752
0.8726919288996850543 -0.03259415746783220214 0.4871821700936161403 4.110611206625200076 0.03412768591746116048 0.9994009884872696592 0.005730257642942265285 -1.087859335246347703 -0.4870771454559338354 0.01162564973065842097 0.8732814790133459626 73.27323622503720912
0.8550270140164972776 -0.03219515378393664889 0.5175831547047554659 4.606217561352202061 0.03083743217012139756 0.9994612923243315628 0.01122713167154450707 -1.099132796227308972 -0.5176658200941286481 0.006361434024022962451 0.8555591609578532264 74.09758462515655708
0.8353989044194547464 -0.03115848923238919918 0.5487602930938622059 5.125227185585040424 0.02796102740165442788 0.9995082875781351461 0.01418571652202803811 -1.107310170479113287 -0.5489325005673999502 0.003493169151085366835 0.8358592938234138403 74.89843371717043397
0.8140370041321665084 -0.0267651965273881555 0.5801960148756553082 5.66734102484035418 0.02519785037617772519 0.9996245053946949399 0.01076044076844135354 -1.114796766753483714 -0.5802661960077380998 0.005860294931400789227 0.8144057065848022692 75.67172445467083719
0.7921447027648668149 -0.02042754805824724754 0.6099914064716502882 6.23436014574843167 0.02222249016792918197 0.9997423050481299978 0.004621142229247142928 -1.123792199399501923 -0.6099286516205530972 0.009894914081712929271 0.7923944671250172656 76.41440935126881584
0.7695959488252461789 -0.01821048297110490835 0.6382714782564566924 6.826717290194335597 0.02158962821969128906 0.999763745055851305 0.002492499135101290848 -1.133705628566894941 -0.6381661131918673346 0.01186182600798300728 0.76980723216559932 77.12829563311267123
0.7461092164492230117 -0.01959238496066594004 0.6655352709761170882 7.441887623826601406 0.02207196391887859127 0.9997453335014949705 0.004686904931001517616 -1.145458158903513546 -0.6654576510036837034 0.01119272689001566193 0.746351598098338731 77.81523110341048266
0.7215245914358734414 -0.0204433605127367253 0.6920869522429161647 8.077076286532497207 0.02277347956616902411 0.9997238285409222325 0.005788419899831073745 -1.159256204825260372 -0.6920141960120795854 0.01158474012946160425 0.7217908433486890374 78.47618960608421901
0.6960450445782778717 -0.01904308937273024166 0.7177455456639869613 8.731013788451454261 0.02365695835045453568 0.9997136512510532702 0.003582507239562830476 -1.173481191428499493 -0.7176082875071518874 0.01448608933777893737 0.696296186249047544 79.11204198082594985
0.669928391902835596 -0.01651945235630111405 0.7422419176251596751 9.405070332001448818 0.02317062134104433055 0.9997305663965447842 0.001336956494183844492 -1.186213645391603233 -0.7420640655019508092 0.01630254051678919208 0.6701306101978116159 79.72247718694501373
0.6428626821840134342 -0.01474425013142132562 0.7658395269452790144 10.10106268349348646 0.02227055718051122735 0.9997517625674452457 0.0005532237487600573595 -1.199055167098733721 -0.7656576223493841704 0.01670002528841619399 0.6430314176869881271 80.30606595629080857
0.614973238781121645 -0.01258337327223976211 0.788447570653712293 10.81917607674683701 0.02198157821406495835 0.9997576036920370335 -0.001189373437913675887 -1.213764147400996585 -0.7882415376232896342 0.01806275395546586351 0.6151007312977269104 80.86237666898522036
0.5861512441485868807 -0.006780391191728376427 0.8101732765169789019 11.55860316843628688 0.0209988458346432004 0.9997561366848122244 -0.006825405646922754616 -1.230584473548859359 -0.809929477586151636 0.02101342282496717132 0.586150643115314951 81.39398208118763023
0.5561354407159212476 0.00200958895481045648 0.8310892378139290715 12.3189299421504348 0.01967458857873053898 0.9996849291985412389 -0.01558279239333871732 -1.251570610181747201 -0.8308587538038441078 0.02501748088407644219 0.5559206423007748699 81.90122628084517942
0.5250828412560468728 0.01001034033034656733 0.8509922364238202697 13.099333888109566 0.01860181294208413522 0.9995568745812203337 -0.02323569549727610983 -1.277687990259983142 -0.8508477916316122824 0.02803066225125053212 0.5246639168514619644 82.38348092466280548
0.4931976649683733616 0.01466194575586071171 0.8697936938052777123 13.89921551594495064 0.01668904290987908295 0.9995144003324927251 -0.02631178212709667577 -1.307824704925547588 -0.8697571597524875742 0.02749293266903513749 0.492713440347740117 82.8406548110146872
0.4605717891408303011 0.01490386390407949339 0.8874973108982102676 14.71839035045121058 0.01409426439922050779 0.9996101087029624077 -0.02410088774002047338 -1.340423933089972541 -0.8875105365237992983 0.0236088097940695095 0.4601821253090397912 83.27100812271797281
0.4274152449461871561 0.01374331118343190099 0.9039509393577483953 15.55569109157948837 0.01031168588216060597 0.9997452264162441926 -0.02007540507377745739 -1.373710997351983432 -0.9039965969455820982 0.01790179161253284065 0.4271646045127258096 83.67461479283115011
0.3930703664326281044 0.01463032795530450764 0.9193919771781479122 16.41117714817233519 0.005539102784119407166 0.9998175297794411609 -0.01827829258527402176 -1.406636723279009127 -0.9194916918596675037 0.01227726136060465489 0.3929175766690083949 84.0501381511994623
0.3574482554303226034 0.01712140884993139031 0.9337759718393562336 17.2835447410087113 -0.0005564151849946982623 0.9998356058637057897 -0.01811966183014963178 -1.437679794338855954 -0.9339327585942128751 0.005957274184786347064 0.3573989948718354626 84.3946144638557314
0.3215060106214139846 0.01879861563744877548 0.9467208973096145064 18.17108380670546453 -0.005781319832545666997 0.9998231869124515336 -0.0178897109127432799 -1.466318141059868685 -0.9468898672671636207 0.000278353334055550755 0.3215578226732196399 84.70660920094448443
0.2854835778216949782 0.01861673040746106983 0.958202745446577242 19.07350190409970025 -0.008373241213688745535 0.9998215404613729484 -0.01693063999850051918 -1.493876429638957726 -0.9583469997871723045 -0.00318984283912642809 0.2855884931353573908 84.98547632545425756
0.2493297545460713416 0.01791215411097496144 0.9682529539476169012 19.99017880560437632 -0.009149983688747634 0.9998278077896030069 -0.01614010784604060639 -1.52159052048481036 -0.9683753947360559389 -0.004835289331161049531 0.2494507005348053086 85.22871185756015677
0.2131846897979770283 0.0173167213375571942 0.9768584193727135601 20.92319067490274875 -0.008706466813220212903 0.9998368211228408908 -0.01582400308732015773 -1.549529625136093047 -0.9769730994841971938 -0.005131549920003611494 0.2133006552376807141 85.43436254810686137
0.1777252607951512187 0.01608148266758543249 0.9839487120682128829 21.87101305997965994 -0.005680216062523551525 0.9998665092801652943 -0.01531565440087302547 -1.577395362724680394 -0.984063725913618792 -0.002867062386515398763 0.1777928700975162368 85.60251054312811902
0.1429585719949458544 0.01563814321366567908 0.9896050949812071895 22.82792078932357782 7.155684711486765004e-05 0.9998749346629646206 -0.01581076875200535317 -1.605720087872785751 -0.9897286446142947725 0.002331097965767382155 0.1429395639109207472 85.73496143169435868
0.1086802135021361082 0.01858498879182901575 0.9939029917551046589 23.79178337858203207 0.002803221724432705935 0.999815449868077688 -0.01900206952320398698 -1.635313905676886392 -0.9940727842749290666 0.004851279365227448119 0.108608051184345536 85.8373268963482019
0.07603514696941558737 0.02348113770817326917 0.9968285907700690229 24.76168397970542756 0.005379533294796892337 0.9996984014761342019 -0.02395907337455798619 -1.668351132321301611 -0.9970905994874161848 0.007184204112316790874 0.07588589206247139951 85.91091372368074985
0.04679017255893780369 0.02634270064356732458 0.9985573033780723584 25.73742608595099668 0.01040028908328820278 0.9995851129405461943 -0.02685714923947840962 -1.704879940729457255 -0.9988505693282196951 0.01164193495442265164 0.04649678500008717907 85.95632046310431917
0.02145261510905526608 0.02574683704968689507 0.9994382580579791453 26.71938705498936173 0.01339978013714007883 0.9995710805990488668 -0.02603788046103081011 -1.740234818669716077 -0.9996800373707442899 0.01395083314585702366 0.02109841025069260356 85.97597092435702848
-0.0006503467148086539964 0.02270394457942458491 0.9997419936332233581 27.70597801786957959 0.0145408240359913097 0.9996366859057339571 -0.02269209399710939851 -1.774320531426978542 -0.9998940380764600455 0.01452231426167487766 -0.0009802444279073468329 85.97323794572237432
-0.02000069196450682957 0.02088655684247956584 0.9995817475174841871 28.69379813778333244 0.01547828174277012317 0.9996683510185113697 -0.02057866060594584073 -1.81030460382705205 -0.9996801193863303903 0.01506022002251512955 -0.02031734535710384704 85.9525202709444045
-0.03681915320734922836 0.02292526271794132278 0.9990589213333869179 29.68199771260973208 0.0168384757035279671 0.999609060223781043 -0.02231732427392331061 -1.846095779228394962 -0.9991800447521921313 0.01600092392091835222 -0.03719078303548422476 85.91578890669875079
-0.05159605028672678562 0.02767914664496796961 0.9982843575867154096 30.66946769961148433 0.0199794847950115588 0.9994443151278891158 -0.02667867424372551491 -1.881119915132828613 -0.9984681337547811619 0.01856869235942504304 -0.0521203906166777392 85.86412926200407014
-0.06355018689393913955 0.03224416909488396488 0.997457584884532289 31.65597070917594635 0.02423045936024835825 0.9992330628079084676 -0.03075778853286255735 -1.919276448289905623 -0.9976844216173168522 0.02221419155878093937 -0.06428273446272596281 85.79842566253559255
-0.07213119603061278473 0.03655302931730085303 0.9967250940430834039 32.64398869727763497 0.02921802959298853281 0.9989767102938459375 -0.03452114685501877361 -1.961312283224621256 -0.9969670726955233153 0.02663229080592050338 -0.07312538734152211617 85.72176975656961417
-0.07782070630648266207 0.04148924128526550875 0.996103672882833413 33.63546257616275881 0.03329249543500965858 0.9986845403539988952 -0.03899575828513834885 -2.007645357367835448 -0.9964113077860795586 0.03012809851810099512 -0.07909961119846051214 85.63906377191305808
-0.08164914078912204054 0.04635224932824100197 0.9955826602950911264 34.63111288390711451 0.03562617882054305851 0.9984152270044738264 -0.04356237404756610476 -2.060553301316664587 -0.9960241664494252634 0.03191197439658607221 -0.08317109319082914565 85.55243815441357924
-0.08476603426997357527 0.05028818319494610806 0.9951310289751094107 35.63071807338445041 0.03726575257231369565 0.9981867782395172917 -0.04726827689148909578 -2.119275512149920271 -0.9957037361376585016 0.03307756120320714394 -0.08648635564583496971 85.46330123437552118
-0.08746913366223624253 0.05337806238325418923 0.9947360855739565411 36.634459892342214 0.03794989406368468043 0.9980169929790322358 -0.05021710695110644801 -2.181444827890344662 -0.9954440734188276796 0.03335768109995232433 -0.08932136737325516163 85.3732356683263589
-0.08992459182082324087 0.05680073640884366476 0.9943275069231629626 37.64232906447094962 0.03871829192409219356 0.9978169556718660127 -0.05349848040861430315 -2.246444320115116966 -0.9951956635900950365 0.03368783252865735489 -0.09192750356763150499 85.28153474360543385
-0.09207445449738944909 0.06011736074629869808 0.9939356843980985401 38.65524503008821 0.04034536851242875866 0.9975813320891522284 -0.05660042112937462705 -2.313978001163928155 -0.9949344165829933084 0.03488924738123810876 -0.09427720750210444312 85.18796265914870958
-0.09427784579787502894 0.06174584885079863195 0.9936292492435557788 39.67319486730327327 0.04200890553093435814 0.9974324805872334387 -0.05799628522324874746 -2.382114755956853624 -0.9946591812998221149 0.03627351119192399193 -0.0966296544267513241 85.09260048587854897
-0.09642874962229444624 0.06112437234267590475 0.9934612495777896957 40.69434937504205863 0.04265173627761523201 0.9974494706586443105 -0.05722983013006369829 -2.451415542856453023 -0.9944255995273754145 0.03685424499801333992 -0.09878985902370776562 84.99477841890424656
-0.09854812719778247021 0.06061806636068775567 0.9932842814460388636 41.71770529959012919 0.04254126988100288137 0.9974870689542029156 -0.05665384548535701975 -2.523094371146098247 -0.9942225376633491152 0.03667244306123892961 -0.1008792450727700601 84.89576523536263153
-0.1007427351299658991 0.06179958410708106392 0.9929912687899681289 42.74245251793219325 0.04186414121586892051 0.9974482398430394303 -0.05782969036433351778 -2.594802632972792455 -0.9940313085984211483 0.03574480430903598932 -0.1030728431986126792 84.79519967846192685
-0.1030854428770999337 0.06382066023671005561 0.9926229203636828258 43.76626509164054823 0.04074947964715622956 0.9973725694854363999 -0.05989414082290775432 -2.665484909494528321 -0.9938374207660083393 0.03427465230438511701 -0.1054152444212688167 84.69182572828673017
-0.1056544918585481524 0.06624611241854391763 0.9921937957140446462 44.79082971098063837 0.0391933997841967946 0.9972805347985918001 -0.06241220124262082669 -2.737738574253636425 -0.993630189443955425 0.03229331761864732281 -0.1079635710221629602 84.58526343367269362
-0.1079523175222962539 0.06971069352095639327 0.9917089612074437843 45.81992725122081822 0.03697038538843557681 0.9971299647316897996 -0.0660673485857388304 -2.814552090539479412 -0.9934683867239997301 0.02953173813817752333 -0.1102197141205919495 84.47379954509432309
-0.1102734261995923504 0.07357349511091430816 0.991174384131940811 46.85498757290313421 0.03406871648425182503 0.996950090752045881 -0.07021189061339756787 -2.897218968878071621 -0.9933171909160763979 0.02602553252686530191 -0.1124436489988944188 84.35818503509182165
-0.1127975180550057077 0.07571546331391813822 0.9907289417817877197 47.89846987109187637 0.03166266842191924058 0.9968598783412752073 -0.07257912120847265225 -2.983017007798031806 -0.9931133586658614787 0.0231823765459041875 -0.1148406657635659273 84.24135812473437568
-0.1155570998658994181 0.07445040523378075592 0.9905067599237666887 48.94806456631074099 0.02888436846791585244 0.9970172029603094899 -0.07156997066960803233 -3.067021751325599954 -0.992880757101608058 0.02033974338985912456 -0.1173628612812950694 84.12360821064780225
-0.1186092542949203216 0.07114559057453481716 0.9903888617302761821 50.00013666734608364 0.02673260643457680413 0.9972969262257705969 -0.06844033267686146227 -3.149914785114682925 -0.9925810599334256024 0.01835801832676944509 -0.1201905434601848871 84.00367737541768065
-0.1210023631514923759 0.0690305126835316224 0.9902490415031008908 51.05376749126507718 0.02629041095730387523 0.997451918248667746 -0.06632009893087129071 -3.234412758589167769 -0.9923039808813043372 0.01800916506025511746 -0.1225088712822768461 83.8797549950289465
-0.1229508729466712996 0.06955166745825137886 0.9899725229649551927 52.10882831926359415 0.02629932908695670549 0.9974190857780960151 -0.06680855530517366969 -3.318913224968241593 -0.9920641996702935783 0.01782144248587066646 -0.124462700842692911 83.75000500230530065
-0.1241851505724409083 0.07207911028480737392 0.989637609489784853 53.16756794971843192 0.02696741387718010197 0.9972348192708702097 -0.06924842426983382482 -3.402695603298128812 -0.9918925118915684624 0.01808834051275859736 -0.1257855346556536469 83.616737314993415
-0.1246740094125361742 0.07440062839113961712 0.9894043085490989986 54.23031855203702634 0.02738708406680339866 0.9970626470943327879 -0.0715254907740099366 -3.487827624444950647 -0.9918196848226975559 0.01817952876671567047 -0.1263454053433504809 83.48284577085266278
-0.1248645037356216209 0.07510859098807756706 0.9893267929148050754 55.29721110343480461 0.02619582859798437816 0.9970324550867657454 -0.07238737800013270163 -3.575316539834784368 -0.9918278996244811463 0.01687762061894613683 -0.126461485710222421 83.349459154675543
-0.1247679156309514509 0.07430731616748689761 0.9893994834743126132 56.36980627056114912 0.02336507423107975212 0.9971350539107310951 -0.07194183750871493976 -3.663895782552817337 -0.9919107765967383195 0.01414135892669877125 -0.1261466494801840588 83.21794196981078073
-0.1248441136607689184 0.07372010916913168677 0.9894337980353185014 57.44760728218406598 0.01973435251411303007 0.9972229878937182157 -0.07181043204158990556 -3.753491917002413025 -0.9919800657294242097 0.01056072542637003994 -0.1259522299231415898 83.08849819982260954
-0.1249590345242985595 0.07427604616360701517 0.9893777117810932387 58.52983624882133995 0.0158397023852170811 0.9972160356803826398 -0.07286393070661549565 -3.844610423616549255 -0.9920354286547764522 0.006566442034934264274 -0.1257876547623009433 82.96137095036171161
-0.125169483021132677 0.07463745561203243006 0.9893239098800312714 59.61637124623819517 0.01181533979787186169 0.9972076373247376058 -0.07373734591779444736 -3.937208110898324342 -0.9920649910437525643 0.002459532828474237948 -0.1257018225991183291 82.83447842642220849
-0.1254414491063743642 0.07349760043409861443 0.9893747993056278833 60.70764517000363725 0.008698381488211797199 0.9972951780545685763 -0.07298312382925481456 -4.029800411007501637 -0.9920628655485580483 -0.0005491491239380160696 -0.1257414537564205681 82.70491677102641859
-0.1257005628798169572 0.06875816822384428484 0.9896825908891360157 61.80549460914692617 0.008604310155951123973 0.9976332901944705567 -0.06821769957418577501 -4.118501815780355457 -0.9920308878972969868 -5.946703991396704763e-05 -0.1259946739811127758 82.56965447727911567
-0.1258904580291960729 0.06107781435573658019 0.9901621286765452945 62.90901675015464178 0.01163064293839534934 0.9981251212299645514 -0.06009027323759240369 -4.20111589805175889 -0.9919759417123733547 0.003951430209276762286 -0.1263647941600672675 82.42733090384200523
-0.1259493296335819912 0.05622101833216464756 0.9904422806726695949 64.01460920778288255 0.01725964453773311952 0.9983658367403869249 -0.0544759685716262182 -4.277912475303778272 -0.9918864951492684101 0.01023346978232079867 -0.1267138538646471468 82.28061164008046546
-0.1253391519026203216 0.05778581281866006919 0.9904296263257459376 65.12063576895359063 0.02450791377838098389 0.9981779451859902341 -0.0551363979771175225 -4.350242703582420489 -0.9918111752638871792 0.01736261404583320372 -0.1265269780363313112 82.13231965613698549
-0.124116448275847488 0.06288853506987253372 0.9902727337798353791 66.22856031521976661 0.03008714014810652884 0.9977691295529288462 -0.05959361205993238958 -4.422841993718275688 -0.9918113830009231968 0.02239792638162000846 -0.1257316880037928353 81.98568135240761023
-0.1229064138655663052 0.06820737414265991283 0.9900715708306682128 67.34011482040271801 0.03400131119072948016 0.9973390538330427768 -0.06448715401814457404 -4.504545558412808681 -0.9918356075584066067 0.02573784593508102181 -0.1248984980020249602 81.84367841672982991
-0.1222130304341325219 0.07120340616077421025 0.9899464621667324327 68.4571250737001975 0.03464871499274507771 0.997121317557805753 -0.06744193881925419909 -4.594294752465209797 -0.9918988808704198856 0.0260580882886822518 -0.1243283158284263501 81.70596113751244616
-0.1219921105735362471 0.07027107475567265227 0.9900403268621373876 69.58163939986697244 0.03287470621769605222 0.9972292417798196418 -0.06673052908834907482 -4.679928792594513887 -0.9919864549313864854 0.02440668605573436886 -0.1239642322662015961 81.57094654069491924
-0.1218127859993606982 0.06651769046316750866 0.9903216597682044098 70.71379992783002422 0.03131331515375582186 0.9975126784587895479 -0.06314905456992545019 -4.760669898544007239 -0.9920590050846801455 0.02331789125559762671 -0.123592679261362498 81.43639305167224052
-0.1218479635302021774 0.06401989038906419349 0.9904819408722751461 71.85187273631186144 0.02893641872204755217 0.997722563226743131 -0.06092816244562339334 -4.843489251320821865 -0.9921268596097866377 0.02123702703329027885 -0.1234229602877156412 81.30090991397715072
-0.1216228868156557091 0.06490378742273036905 0.9904520783727028821 72.9938430002794405 0.0273254601659991686 0.9977005040819701964 -0.06202333310083443102 -4.92770755912604308 -0.9922001515431017049 0.01952110143272963588 -0.1231167327979170167 81.16406713445321941
-0.1210474365647167261 0.06859327941712185794 0.990273915584529707 74.13769454379647073 0.02767457830184771525 0.9974549946861723804 -0.06570785149879207476 -5.012798827021785364 -0.992260844682927412 0.0194516454771567239 -0.1226376517663195082 81.0266845433908145
-0.1204289962367781908 0.07202215017709409639 0.9901058602544645648 75.28333482647595076 0.02802834592661349045 0.9972137786759105449 -0.06913003609444579034 -5.099965346548763101 -0.9923261644962104722 0.01942576814835471691 -0.1221121076634179292 80.89031860092327975
-0.1199930629395426218 0.07022048757580913458 0.9902881882117517964 76.4315650273634617 0.02821369334157594264 0.9973336333729022618 -0.06730142424618468233 -5.189389559087496551 -0.9923737201245458328 0.01986398265727304033 -0.1216542883004322895 80.7535610070009966
-0.1199263958703367522 0.06522937139554567387 0.990637540375688741 77.583671744583242 0.02923211561499424599 0.9976384829051402336 -0.06215151905035944113 -5.277238262361177767 -0.9923523018715120214 0.02150482279636119209 -0.1215499717277216535 80.61625308814063828
-0.1200006027927592311 0.0632147607858065258 0.9907591518953079435 78.74250025201965286 0.02866256273535082444 0.9977752223370994766 -0.06019081049192601812 -5.36120719321927286 -0.9923599452151888878 0.02117476217789826878 -0.1215455167448007273 80.47855196001101774
-0.1198295995296662086 0.06567587988180030589 0.9906197522751060136 79.90941821761778385 0.02679512165093138332 0.9976599165586554907 -0.06290137367460073292 -5.444807156859890362 -0.9924327869246740708 0.01900632981606041605 -0.121308973040210627 80.34085749195935477
-0.1193694528238235103 0.06833457618594844518 0.9904954654841651163 81.08298060301949306 0.0258800023284056803 0.9975037429860262872 -0.0656991526356845712 -5.530080529625432284 -0.9925125224526955003 0.01779155256384348793 -0.1208399665936782386 80.20289105077365832
-0.119346405452210938 0.0679464544758526523 0.9905249429178212273 82.2615322417942707 0.02521666132735751048 0.9975410833406305189 -0.06538942946595854844 -5.618116945832940523 -0.9925323689977978425 0.01717373819684694589 -0.1207663169364612682 80.06271650487379077
-0.1191984708085812861 0.06535060570548455183 0.990717401981861312 83.44427704361285691 0.02479267748970162208 0.9977162267006668417 -0.06282932893557886811 -5.707085064885257353 -0.9925608272066765991 0.01707337663791581861 -0.1205464566482917499 79.92070088460324939
-0.1184490746980578907 0.06377990770349419025 0.9909096264277864607 84.63111236392423109 0.02548675422390064144 0.9978014232470313605 -0.06117692037914827102 -5.795631007805257973 -0.9926329583708614068 0.01800871999446299054 -0.1198141898330293276 79.78003092388084383
-0.1175988927590293359 0.064033299975744154 0.9909945431545174044 85.82309811225270835 0.02722092289136707546 0.9977517695404896081 -0.06123967835793147491 -5.882764804133972625 -0.9926880022121796765 0.01977406710602950743 -0.1190775406038529494 79.64196148453741841
-0.1166368638114807649 0.06431214675839208583 0.9910901762189356923 87.01984745518164743 0.02878656827022008091 0.9977008418565982417 -0.06135335461851389172 -5.967170635410192325 -0.9927573335999105852 0.02137402151760798771 -0.1182200150156900303 79.50439179029042691
-0.1154186029552077136 0.0644354817447985867 0.9912247789309194257 88.22059751613828382 0.02937468703172962936 0.9976786984029336613 -0.06143462374522234287 -6.051795082027924266 -0.9928824813361025736 0.02202621855218369132 -0.1170434455557213538 79.36711975748305292
-0.1140532801162260912 0.06397899944527629668 0.99141236852566339 89.42374038944025472 0.03012542753165332182 0.9976879711068007417 -0.06091831752754064966 -6.139532443381122917 -0.993017751985749042 0.02291878683125399274 -0.1157169723187196492 79.22949956430072405
