0.9999997242136147158 -0.000732258531854442494 8.879916039887022626e-05 7.640065311364391005e-05 0.0007322665024027741939 0.9999997903997188686 -7.14192349766786872e-05 -0.0001212113000407243237 -8.874837013911372004e-05 7.14843757712906795e-05 1.000000074273180495 0.0006561714935195358828
0.9999982107123706054 -0.001880273730657438863 -0.0001888297186179059084 0.00530895757384298745 0.001880131786231593665 0.9999980065924064521 -0.0007576487929143253244 -0.00743497869103906632 0.0001902523872311164964 0.0007572925520189890177 0.9999997759221387339 0.1747370827163199358
0.9999963514905492179 -0.002328541864544592978 -0.001366533436708359216 0.01298029333279051775 0.002325763049503632319 0.9999952904364168838 -0.002032743895342946968 -0.02468042623749609407 0.001371258717058501967 0.002029558391461475531 0.9999970810320979453 0.7111136080764186573
0.9999896535610357517 -0.002973063669838919756 -0.003441828256563325347 0.01041612664357992497 0.002960795289076954655 0.9999893246882306519 -0.003564592282386824969 -0.04314991810143176121 0.003452387534881444595 0.003554365006130779346 0.9999878044437245928 1.45360914068698488
0.9999696689510617631 -0.004824611878500965033 -0.006113658540718898589 -0.003778153582000026538 0.00479152794222085978 0.9999739208510037836 -0.005414886639388969553 -0.05913904646408753296 0.006139621926774928989 0.005385428798391819934 0.9999667313062909901 2.164775371518483205
0.9999441067132767147 -0.006930944541017991338 -0.007983607145504856631 -0.02100102897791852885 0.006874260746111206764 0.9999511850886411146 -0.007105920103925674434 -0.07334717463724171882 0.008032466149212642501 0.007050641706785360993 0.9999429631003503571 2.786045639419497011
0.9999252886776477389 -0.00812702432694842325 -0.009130228203418570831 -0.0347235151748252549 0.008056442187200869853 0.9999376433534719055 -0.007741141155984729467 -0.0861768332206427623 0.009192569229903458511 0.007667005826882034372 0.9999284350411736799 3.350290121367998086
0.9999083315142737183 -0.008639924949197134302 -0.01042462457807266825 -0.04383889597378019115 0.008561410449900476449 0.9999348857145726743 -0.007553059297448451274 -0.09963969360344708537 0.01048920148668562938 0.007463117608291399037 0.9999172165909171461 3.904292351491581492
0.9998959443875584663 -0.008815576301671942949 -0.01141834258690165374 -0.05127971253688477782 0.008722855927632000572 0.9999288443183625974 -0.008144949813382479711 -0.1154545824763852369 0.01148933030807215531 0.008044501909596093667 0.9999017165610950553 4.475359879276146202
0.9998867230699035602 -0.008260228282794709193 -0.01258182011184593753 -0.06163461048545948451 0.00812756785093671566 0.9999112839225713367 -0.01055883744849504292 -0.1335634308368182088 0.0126679200144074397 0.0104553819699800387 0.9998651760559511548 5.068509439384218496
0.9998766484308144742 -0.006789115429648766298 -0.01416292277313867254 -0.07569392263725349679 0.006587281492797532334 0.9998768362697353362 -0.01424928549645628796 -0.1525109142372459703 0.01425791606921225467 0.01415423287048795352 0.9997982451539942916 5.676165693756265895
0.9998631823185019085 -0.005122248102689800492 -0.01572805687614561507 -0.0909743462213261217 0.004849684061626806028 0.9998383072918851644 -0.01731940990740908973 -0.1702361657956390217 0.01581422559645878634 0.01724076441550481675 0.9997263764626972415 6.292414985016835161
0.9998508869929796372 -0.003288728659153361978 -0.01695230383166949212 -0.1060962957894386882 0.003001814429572486741 0.9998523568477752921 -0.01692263977895385949 -0.1857590307242769634 0.0170054523552688984 0.01686922893752552249 0.9997131614540357702 6.919864602030596501
0.9998419581188394689 -0.001548450647895410976 -0.01771026971511142911 -0.1226771904203307617 0.001353746668496348194 0.9999386357221249355 -0.01100064890863832086 -0.1995732846796809679 0.01772621429491273021 0.01097493531850757438 0.9997827231952801652 7.563180428978920844
0.999830938404348224 -0.000315676882423765058 -0.01838443717481716422 -0.1421177913226444878 0.0002863933230686180483 0.9999987471639819603 -0.001595544702741108749 -0.2138259710776297395 0.01838491516653837157 0.001590009933577388439 0.9998297996352893957 8.221996619758003888
0.9998095537589059001 0.0008128589845514061843 -0.01949841153730437135 -0.1640223254962235311 -0.0007182035236383434553 0.9999879886573561638 0.004860950309448624877 -0.2303511982359006116 0.01950212587668591693 -0.004846020599677640373 0.9997981519486219826 8.892657484557686232
0.9997809312990925124 0.002830581105772334016 -0.02073812457716528793 -0.1867418111999538388 -0.002743182425669146024 0.999987303056507737 0.004241554575436900197 -0.2453647946694949011 0.02074986452921906421 -0.004183736790572717933 0.9997760253835830113 9.572509528756398822
0.9997542669299912532 0.004852196309341518139 -0.02162994555596131283 -0.208348137718515819 -0.004890989481265703605 0.9999865844840940543 -0.001741027657155472209 -0.2548083818445989746 0.02162120472130949975 0.001846391821134819172 0.9997646101977183397 10.26419399931067211
0.9997317989279996819 0.00472759934914010211 -0.02267096425588129363 -0.2299063116195521062 -0.004888986113403371442 0.9999631267801819545 -0.007068592400733817935 -0.2608771429404622144 0.02263670792418708347 0.007177534802819811668 0.9997180722100019734 10.97429723934606471
0.9997174828199741903 0.002931334816582275172 -0.02358716653551550663 -0.2516946190787776039 -0.003066330049326283867 0.9999791762193850353 -0.005689187564432806113 -0.26818122620762741 0.02356999548254243987 0.005759906482283218103 0.9997056768069769728 11.70645047601755806
0.9997069416695736344 0.001735990881756653559 -0.02414559419474169785 -0.2728524354350922443 -0.001688303797932812428 0.9999966455351502193 0.001995158997501074276 -0.2772588089796220179 0.02414897377008887874 -0.001953809055078018463 0.9997065425122881877 12.45910653748823016
0.9996977208216727417 0.001364482248807913052 -0.02454786710549511364 -0.2946939950893981419 -0.001136158814299167118 0.9999560521188028961 0.009312630586946644626 -0.2855283353232553889 0.02455949215999577231 -0.009281925177772501478 0.9996553599368435128 13.22996162996047076
0.9996880621352007834 0.000248564861206299417 -0.02497417161124635548 -0.3184393682854790297 5.525637052311444935e-05 0.9999260762334399866 0.01216392753388061999 -0.291601363987019413 0.0249753458858810902 -0.01216151301669690654 0.9996141711358152993 14.01874483151469519
0.9996795281991229798 -0.00133747825984416248 -0.02527933263704204569 -0.3438099691797563695 0.001629000814160875676 0.9999324353220010453 0.01151491499100907971 -0.2947645234423755256 0.02526222061620860687 -0.01155240472550355356 0.9996141873692285795 14.82427760651803261
0.9996864694439676624 -0.001297914424477564915 -0.02500541610066683851 -0.3691084796491718167 0.001526022190547016025 0.9999574420943798669 0.009105348691056685054 -0.2958755454051827938 0.02499253089511539391 -0.009140652583685269367 0.9996459289708619078 15.6452364708117635
0.9997037301195377257 -0.0007319148607301438018 -0.02432917771472968907 -0.393197760739504576 0.0008642974583073875739 0.9999849386149693986 0.005431173819428022909 -0.2985553718158872605 0.02432483310645902272 -0.005450592237648908996 0.9996893292330057967 16.48148491778821167
0.9997221274920137235 -0.002496496020495959488 -0.02343987853147282488 -0.4162597962542959884 0.002500681463363724384 0.9999969232223349103 0.0001491812273663112103 -0.3059743125072261205 0.02343943101990457814 -0.0002077552884780036976 0.9997253179555707359 17.33281912702337735
0.9997356761614424325 -0.004763043806059795091 -0.02249186099654973056 -0.4381582711661663465 0.004629327910722457438 0.9999713843962084736 -0.005993482391984605862 -0.3188388962368919888 0.02251976169686036033 0.005887776150904245644 0.999729141258081544 18.2008537593218982
0.9997557997353541115 -0.004366297190194864085 -0.02166261590340232135 -0.4599537264218825916 0.004134804100260115051 0.9999340548458615086 -0.01071967697011287635 -0.3358705474539352975 0.02170798980698993019 0.01062748874493400081 0.9997079479130682733 19.0860662181012195
0.9997663076914798941 -0.003039379562684071251 -0.02140291476421097433 -0.4837380700768539876 0.002780601318272684416 0.9999228629016281289 -0.01211026925888079343 -0.3557747653846974334 0.02143806868059612569 0.01204792640900449567 0.9996976633665455303 19.98878613259401149
0.9997634525453190646 -0.002688627755988891137 -0.02158246557752721909 -0.5108567446978793392 0.002429297102693677747 0.9999247095197828505 -0.01203311786199509105 -0.379002834801673627 0.021613190357478506 0.01197784143701998566 0.9996947347946982809 20.90905929690529774
0.999766003056253294 -0.001499409436233082801 -0.02157970089719344134 -0.5420848883053541734 0.00121615083881402848 0.9999130749416458297 -0.01313337940838608421 -0.4040629331470550478 0.02159751455472254042 0.01310406226920859257 0.9996809452900364823 21.84497571047183939
0.9997693638456589538 0.001307779089432185415 -0.02143598422812446197 -0.575540801123931578 -0.001629100674457705693 0.9998865379562470457 -0.01497929763618265596 -0.429469860327354569 0.02141395961917698029 0.01501076445258996486 0.9996580819175459043 22.79454078911643222
0.9997619741611279975 0.004394069635958654241 -0.02137006714122004214 -0.6082764052747635652 -0.004733728605973652748 0.9998629239216551001 -0.01586969713463264736 -0.4566837731278120538 0.02129740244346728026 0.01596708004356079888 0.9996457544867123346 23.7549161051755533
0.9997489092859073168 0.006382674315996280864 -0.02147958220121490291 -0.6388899821536478951 -0.006724061528663009997 0.999851687484374807 -0.01585913406396199238 -0.4869805405653770403 0.02137516999939160361 0.01599958222242071557 0.9996435749481200617 24.72616232988773177
0.9997392854402062934 0.007265516757347202821 -0.02164638579892641176 -0.6672475116566967124 -0.007610457371017929212 0.9998447512856506458 -0.01589579708356087667 -0.51882134016193171 0.02152753121268460856 0.01605639192126568152 0.9996393945500559042 25.70794833648112387
0.9997313129851503888 0.007588007526069955738 -0.02190243332009469968 -0.6940150746719420116 -0.007932476399941339532 0.9998455977507666459 -0.01568370413524416279 -0.550473308146159912 0.02178004062192066478 0.01585323086929419506 0.9996371673554091952 26.69887221536577115
0.9997203308835277413 0.008113710013392198481 -0.02221306681975955544 -0.7209890229995407074 -0.008439396684455662337 0.999857746106491696 -0.01460774559663601153 -0.5817379683908880939 0.02209138104469957758 0.0147911253459627641 0.9996466150346374757 27.69762052164537991
0.9997095025834499271 0.008868879684248875961 -0.02241084626231455018 -0.7505533006992594069 -0.009160356133151571073 0.9998744127730712083 -0.0129371036757527872 -0.6117121106308852641 0.0222932912484915223 0.01313863700913186876 0.9996652173793421081 28.7022131238616538
0.9997027002957575847 0.009145867861279332808 -0.0226021400961084161 -0.7840330457533422059 -0.009419690121198334015 0.9998832282549386941 -0.01203832985727286073 -0.641436584384274644 0.02248939693608105472 0.01224765621332912086 0.9996721379518493933 29.71345836303126831
0.9996913340588279295 0.009513436707227113792 -0.02295046289515801502 -0.8192246791801546246 -0.009804768103087325298 0.9998724165386163598 -0.01261504102263399062 -0.6730367082796915312 0.02282751948662097366 0.01283617135004457531 0.9996570904623520715 30.73256927859960186
0.9996710159153995301 0.01037135949561118244 -0.02345820674209836074 -0.852437583205626348 -0.01068398705981879991 0.9998553116226542858 -0.01324123598499713124 -0.7050129690322695097 0.02331748004953624123 0.01348750720292850834 0.9996372060518807778 31.75998542906387456
0.9996621850763897088 0.01028767262524397062 -0.02386780561633791362 -0.8829663072121340939 -0.0105867353071826386 0.9998666646100609068 -0.0124376897789168564 -0.7358062962652640593 0.02373666534214940657 0.01268617047607707715 0.9996378310391625943 32.79555854578615737
0.9996607770866293707 0.009779685695184912875 -0.02413878884644912737 -0.9120562163619827523 -0.01002105052986534094 0.9999008554360803158 -0.00989848146795828214 -0.7645922414330151851 0.02403958858823203662 0.01013701988405697405 0.9996596923228399101 33.83721301746484045
0.9996497019457387667 0.009887499304188132263 -0.0245500180173404553 -0.9420901627010076496 -0.01005101221084682937 0.999928121815686799 -0.006546025199965388452 -0.7910523699516293084 0.02448352656626794771 0.006790484843763424858 0.99967725176034683 34.88424639300911423
0.999637428867617639 0.01002858500927256147 -0.02498861580628780263 -0.9747829392284492744 -0.01013668007987464717 0.9999398508012230513 -0.00420292593535682036 -0.816455689364862236 0.0249449603102233422 0.004454703844156699365 0.9996789814790122408 35.93734216998542763
0.9996264099522826907 0.009896122347403673788 -0.02547743945347291303 -1.010379074158124446 -0.009996215386361176694 0.9999428605341509346 -0.003804396794606983764 -0.8413314906858260223 0.02543833182881852575 0.004057653645461884936 0.9996682390473041746 36.99769017439589902
0.9996119200759234769 0.009796640482733171701 -0.02607734099421607499 -1.047536134229963389 -0.009923427182180904332 0.9999396022113545834 -0.004737046846839856884 -0.8663067931929384624 0.02602935571904951492 0.004993985255944357118 0.9996487854181190791 38.06654960153602474
0.9995901155164010898 0.00997996857682332747 -0.0268327007609815392 -1.085207431574511938 -0.01012097102247259441 0.9999357129020415291 -0.005124265660294328138 -0.891594801969349815 0.02677983259224562054 0.00539373845955546001 0.9996268851841999536 39.14279678867176671
0.9995727818564886791 0.009844385127704267935 -0.02751971108067533672 -1.123063659984552043 -0.009961415919877399452 0.9999419621211662612 -0.004118819307627548561 -0.9171089499602927964 0.02747756344609568122 0.004391195127667271367 0.9996128562295875097 40.22287396875778853
0.999559339413984671 0.009596601632448414562 -0.02808958659445518272 -1.161657343334240533 -0.009658484062344619217 0.9999512778836039395 -0.002068244629552986897 -0.9424568297117957849 0.02806836664746793775 0.002338636219401463417 0.9996033508335505635 41.30384343695230598
0.9995344950376116033 0.009973613511450308416 -0.02883249758327580473 -1.201803595792512613 -0.009977134940954117057 0.9999502879639685649 2.167334543181971172e-05 -0.9667420095991726692 0.02883127713134120418 0.000266002614565158575 0.9995843376722983731 42.38367867321966287
0.9995074975337723266 0.01097980925733715168 -0.0293972587590600673 -1.242066328653121055 -0.0109883000670292566 0.9999396797465505138 -0.0001273481410002850437 -0.9910950617085875214 0.02939408392506870707 0.00045031147436892609 0.9995678798682787747 43.46064143305427052
0.9994835982101801797 0.01238536015385379233 -0.02965016743367994076 -1.281450363073630694 -0.01248894282652360591 0.9999165896727233438 -0.003310904240891332853 -1.017438506726098035 0.02960668422603123309 0.003679493893318336664 0.999554934452007493 44.53715683206437603
0.9994590881779910063 0.01386786745948360294 -0.02981955705129673423 -1.321187652719409966 -0.01407962211790746328 0.9998771096270164804 -0.006903040077566633716 -1.045467628618020672 0.02972015872988704663 0.007319154412585225991 0.9995315420517857374 45.61606485463536131
0.999451005021610106 0.01451386555684633893 -0.02978303110964176589 -1.362248564933988382 -0.01473593815232387104 0.9998651931565782913 -0.007250497627316057452 -1.072920390866703322 0.02967378006848166161 0.007685398221784140067 0.9995301710521536931 46.69783723056025337
0.9994568802543620789 0.01446242431253936568 -0.02961039459545160638 -1.403393284783680306 -0.01462522468121867092 0.9998791186297734113 -0.005288951361240993784 -1.098340016922728646 0.02953032086180844284 0.005719137670584348472 0.9995476041830752001 47.7802885281906029
0.9994620478768685423 0.01428412366881145687 -0.02952238703884537199 -1.443254792872628922 -0.01438628811249123042 0.9998912876055182641 -0.003251116895809793607 -1.123002330605658683 0.02947273490569655638 0.00367408567812489836 0.9995589129241002624 48.86090962337493693
0.9994713870895461927 0.01393117716640307306 -0.02937450189464479305 -1.481119766937075699 -0.01400312556384591782 0.9998994919727719477 -0.002245106803962763735 -1.148757745934017471 0.02934026922007566818 0.002655255008120652616 0.999566035656542784 49.93823499019570278
0.9994889827654890313 0.01352442986115060669 -0.02896300731623922819 -1.51752228396130695 -0.01360574439840818266 0.9999040861180716888 -0.002612348103003381879 -1.175680889123318806 0.02892489554804469204 0.003005076582131268725 0.9995771512745651455 51.01297645638106104
0.9995067710914278258 0.01321359189283117901 -0.0284887380041669476 -1.554041131553736577 -0.01333962765809032502 0.9999021005485131397 -0.004238600281022600509 -1.202714252147580209 0.02842993857452390249 0.004616539003599028426 0.9995852077643935241 52.08720915555225872
0.9995205041109725963 0.01289615479976248362 -0.02815037675293308519 -1.590710661677608551 -0.01308756080680486752 0.9998924622593089451 -0.006625839558659532384 -1.230120378843662099 0.02806189843329467623 0.006991082437488386689 0.9995818205859807737 53.16145608435698477
0.999535750036090298 0.01201066890656953684 -0.02800037297260906874 -1.627486695705865127 -0.01227085222208018286 0.9998830070354647326 -0.009138955697816539617 -1.260625324863907215 0.02788732892857073362 0.009478301560884590249 0.9995662159701054206 54.23715240766044587
0.9995543902658223789 0.01056588314622007758 -0.02791730042610168078 -1.663552516542545545 -0.01090517179035840022 0.9998682397582494552 -0.01202923271904042697 -1.2953945775977036 0.02778651935081646873 0.01232831552861205805 0.9995379349492221621 55.31454847522602591
0.9995743968897751186 0.00908863828804182608 -0.0277202882457399831 -1.698204489323046129 -0.009465173387440425565 0.9998643667897828546 -0.01348260399339079076 -1.332371488994992026 0.02759398673839173755 0.01373924329174182508 0.9995248703830910131 56.39408974224964055
0.9995889394179396925 0.007822474232138502265 -0.02758176444356822202 -1.731286199247838331 -0.008139288837745686789 0.9999020327008393272 -0.01139293968016088544 -1.368207809815639386 0.02748993815541275407 0.01161275263408666214 0.9995547052075112182 57.4757207546252431
0.9996085284756811573 0.006376197431801866947 -0.0272419995381643007 -1.762886174431748554 -0.006539209184130284624 0.9999612805232357404 -0.005899008159468630864 -1.399019379766578197 0.02720332831445160596 0.006074840174367997225 0.9996115428876203302 58.55858041591876173
0.9996269994155284611 0.004588215383760823989 -0.02692216460126786032 -1.794679237993695553 -0.004608285895307374404 0.9999892092138340516 -0.0006835651435001666295 -1.424063928570550308 0.02691873457195776212 0.0008073753611780311009 0.9996373799054703024 59.64267123240996682
0.9996364055728076403 0.002743291198335841372 -0.02682393763282312632 -1.827238534147067828 -0.002734882428433188344 0.9999962599707847843 0.000350101317098835919 -1.447087165614569182 0.02682479457146361851 -0.000276613552764168357 0.9996401929253003749 60.72633993643166406
0.9996451477356594895 0.0008766959454895715447 -0.02662334748564687895 -1.861508681480287919 -0.0009320561243119993965 0.9999974902212661609 -0.002067107653299702849 -1.471086459327140883 0.02662146528758014066 0.002091188753419118227 0.9996434794203870045 61.80889490790674046
0.9996463017920563798 -0.0001566360927210802263 -0.02659397291243602995 -1.897477500173535114 8.077059219172458989e-06 0.9999844577021910208 -0.005586269055556171252 -1.497658474610620738 0.02659443144245527552 0.0055840785788221943 0.9996307896994238718 62.89038254066440459
0.9996465536741360181 0.00050514306128734217 -0.02658016507819914095 -1.933307422510719409 -0.0007526914607549364767 0.9999564931696298675 -0.009304156915574677764 -1.528188302970284296 0.02657430558350623584 0.009320875249947051938 0.9996034658800635464 63.97094529182243861
0.9996550615789734362 0.001958911895137539858 -0.02618994352141710766 -1.96892400155958569 -0.002295184981439798381 0.9999152991979736171 -0.01281595358856358301 -1.562620314859753945 0.02616261677054798965 0.01287164384180697688 0.9995749095001187357 65.05289464237162633
0.9996624000757659001 0.004377230658223754331 -0.02561090287263197499 -2.005326927315797647 -0.004727622931882405344 0.9998958976187078962 -0.01363692093350946967 -1.597573673086795765 0.02554854168858411087 0.0137533960057125617 0.9995790501770450698 66.13776658181132007
0.9996551670112259202 0.007565400230427939653 -0.02514566387022491162 -2.042699525716112241 -0.007843282025507112079 0.9999091196725000685 -0.0109707529419994336 -1.629828200011183226 0.02506037743500358697 0.01116419458935383538 0.9996236790325506716 67.22636768076006319
0.9996423916551616662 0.009405986462559752515 -0.02503215638602333121 -2.080517914950143599 -0.00962487365663709793 0.9999164289270143779 -0.008638232499924188013 -1.661248700243353804 0.02494881027650176428 0.008876074919834565577 0.99964940534245883 68.31798674638089608
0.9996455179777951061 0.009213228227234086104 -0.02497893993760868028 -2.117291442118535816 -0.00940736846196360034 0.9999264261808920029 -0.007665881291139768801 -1.693187151553641856 0.02490647158209800816 0.007898150143643646939 0.9996586659154009791 69.41040830388750749
0.9996510255893964469 0.00803151690463112071 -0.0251657386139428757 -2.152564070296369092 -0.008204490621749998755 0.9999434336796501066 -0.006777748154894352658 -1.724432139294307831 0.02510987642313604329 0.006981855136140830732 0.9996603969578531368 70.50184390298680626
0.999654418502446962 0.0066440991537420847 -0.02543407436220906925 -2.185970420731313091 -0.006782067265923086632 0.9999627926467006267 -0.005342189144081270144 -1.75455011501604341 0.02539763091588120164 0.005512838756795273958 0.99966230817821633 71.59107070698929931
0.9996604479334069149 0.005171063980768657309 -0.02553902025672697904 -2.217226428159268625 -0.005258867014306755835 0.9999805475176044567 -0.00337209234454004074 -1.783409176346949288 0.02552108306767894227 0.003505253819807050645 0.9996682194375748898 72.67710260853452553
0.9996516719815136121 0.003932159108470060366 -0.0260972307083345359 -2.248187700944547895 -0.003988453825265808259 0.9999898906073935168 -0.002105474919446388791 -1.810760322105328557 0.02608868469674787555 0.002208829284732123123 0.9996572727886992027 73.75983204011198779
0.9996359165504351552 0.003269537390753433827 -0.02678314939817675808 -2.28028278335350354 -0.003356380824604994918 0.9999893140670682579 -0.003198212980182501761 -1.838512722310636116 0.02677240335546559116 0.003286943179471990724 0.9996362317635554273 74.83996642736163096
0.9996207093805947741 0.003438320907223655059 -0.02732412769855149456 -2.314554082320138928 -0.00361172814080245241 0.9999736962662962858 -0.006299547745896596183 -1.869269479725979233 0.02730174591262823566 0.00639584588603431866 0.9996068573462254525 75.91918265254270182
0.9995988451800424945 0.004340558127309293752 -0.02798751335174724103 -2.350886521160035159 -0.004568913539321587357 0.9999568138440587672 -0.008100467920698649349 -1.901541060951748685 0.02795114089595396312 0.008225091092884639563 0.999575531424707342 76.99837869845961791
0.9995683727213809933 0.005677688516533253849 -0.02882403077845609174 -2.389193205519100527 -0.005872430699917914956 0.9999605320543168974 -0.006676151040740706775 -1.932120505275386924 0.02878498476417590615 0.006842536734806644975 0.9995622870846585517 78.07547254116416013
0.9995388966261307129 0.007102086974649227287 -0.02952197727284105316 -2.429761778549653251 -0.007189162221969761825 0.999970173087156966 -0.002844464897626407338 -1.95970956046842204 0.02950089175654089721 0.003055391754047425811 0.9995601649630623253 79.14915378428676718
0.9995185725673769728 0.008304244804468832383 -0.02989406741753619992 -2.471492728308816833 -0.008284207557383753764 0.9999654311748721325 0.00079401251273360186 -1.984413756860223588 0.02989962433194433972 -0.0005459814431246908743 0.9995528379131167762 80.21772991611348402
0.9994984789237473244 0.009113414719781836801 -0.03032703351821291332 -2.513237952415555032 -0.009070859982215193421 0.9999577334463808365 0.00154042637403010562 -2.007903585400026447 0.03033978685884325746 -0.001264561394986868717 0.9995389235171679987 81.28007550650640667
0.9994785222385559331 0.009254961511404487251 -0.03093577114746801429 -2.5552283119967516 -0.009253815778819280205 0.9999572273500129116 0.0001801574212854566777 -2.032074553290766694 0.03093611187270564264 0.0001062106075130718865 0.9995214390426107043 82.33617017414793793
0.9994607783828234338 0.009092484429297031587 -0.03155109935120172654 -2.596853359421822383 -0.009121636019878242088 0.9999581537043558122 -0.0007801855084171148034 -2.056919623660576235 0.03154268177391678779 0.001067562617583535291 0.9995019164248255539 83.3839633923227268
0.9994522266049394865 0.008498281017415201116 -0.03198466233200346343 -2.636964410818922744 -0.008530535683603006347 0.9999632950163186429 -0.0008721671953031616365 -2.08298416169960543 0.03197607293116662419 0.001144535907512995434 0.9994880600561529826 84.42265432467783626
0.9994485611112511325 0.007418858636601181888 -0.03236552022266073192 -2.675542912021041442 -0.007436991582596571247 0.9999723094623778064 -0.0004399570462810825796 -2.110700221368833507 0.03236135651864879836 0.0006804166965661025265 0.9994760832716275134 85.45122226607018945
0.9994270628746071417 0.006609310554473865444 -0.03319421156983128063 -2.713211936296372695 -0.006572750350640726991 0.999977727800800853 0.001210353318465807928 -2.137446516363342486 0.03320146830391854098 -0.0009914824430864793096 0.9994482682227058268 86.46646301447015048
0.999402150145328072 0.00608307075437217442 -0.03403426528917964655 -2.75128832326241346 -0.005973164673343644288 0.9999766770638884861 0.003329975072877709285 -2.16175104748892144 0.0340537243716936347 -0.00312469183025018693 0.9994151997738439652 87.46517470208375755
0.9993762301378794621 0.005385449764407763268 -0.03490186599089706992 -2.790642668273340732 -0.005231118628464669941 0.9999762011013360041 0.00451162197740336262 -2.184323064442184936 0.03492532881187223465 -0.004326231819080696324 0.9993806414476996691 88.44316236936383291
0.9993072078282912996 0.004208422835072225636 -0.03697818622134511901 -2.831681251081206607 -0.004035820591322282665 0.9999806782157447671 0.00474103934748648214 -2.205946666159277481 0.03699742024195570161 -0.004588517322407117786 0.9993049073046399444 89.3977827642221996
0.9991937666332313395 0.003419614893776353783 -0.04000144590442294285 -2.875267657448060898 -0.003256291867909163074 0.999986159066752589 0.004147330032574792977 -2.227666942872660094 0.04001507054197094015 -0.004013729783761594422 0.9991910955555984852 90.32873917932326435
0.9990705885379544959 0.003098034567265899562 -0.04299248823112290785 -2.922077500903613956 -0.002954574680707275445 0.9999899163747587583 0.003399962626130761251 -2.249727290320429063 0.04300258375447384845 -0.003269777989299418614 0.9990696910886202042 91.23786226434940261
0.9989286821064508048 0.003168490897219870383 -0.04616753733385726283 -2.97135160122488573 -0.003004805405971146606 0.9999890146203669339 0.003614400589082092819 -2.271518732759665316 0.04617847800918612605 -0.003471803794122766112 0.9989272526204654445 92.12590096152742092
0.9987593519057109681 0.004124334077591558512 -0.04962599779894361074 -3.022772370278523191 -0.003898059117361191237 0.9999816266494819805 0.004655491982617266516 -2.292472203076595161 0.04964428224299901465 -0.004456270926617248232 0.9987571016703549187 92.99026107008255337
0.9985960371655316914 0.005167287937937041845 -0.05271855967948120558 -3.075416691056429563 -0.004861586831304502872 0.9999706885282352298 0.005925298575867021453 -2.312457400301339394 0.05274762739016986002 -0.005660683668606468488 0.9985919114833442523 93.82850489947531969
0.9984350085634596805 0.006052418140395300801 -0.05559581624861106158 -3.128921536398820535 -0.005655881506972067381 0.999957515176787215 0.007287039860767740435 -2.330660231480937039 0.05563755355052045493 -0.00696119220723280703 0.9984268454029550099 94.63950761542845669
0.9982642265735404141 0.00755566993422841348 -0.05840752267740143694 -3.183938106142171431 -0.007087219304228687018 0.9999411332234268146 0.008223351591562930857 -2.347117188828168111 0.0584662122400592954 -0.007795130646574776299 0.9982590340767173442 95.42193176664800092
0.9980973594084213696 0.0095949511942574877 -0.06090641179719629567 -3.238851189654819329 -0.009092754513346361714 0.999922447805778325 0.008517175897925267219 -2.364034077055213956 0.06098340499953278787 -0.007947163575081255329 0.9981072227109137884 96.17539684559285718
0.9979262487034353812 0.01137263844097266205 -0.06335501734506331084 -3.293373716304187404 -0.01092636275717457327 0.9999130876780367716 0.007386052871757556489 -2.381930082861120734 0.06343350451492879571 -0.006678495980175184511 0.9979638015927541073 96.89982449948591636
0.997740409442356424 0.01302201052848130786 -0.06591278801494336592 -3.347682788314588986 -0.01277219447496403919 0.999909630182391429 0.004210059349160097039 -2.399403565499244273 0.06596164936666902567 -0.003358695225823581272 0.9978165868746686762 97.59352382164641426
0.9975501459259229486 0.01502435648084881649 -0.06832253017617830049 -3.402291306878252986 -0.01502359077083237869 0.999887062687524919 0.0005250378563608010729 -2.416650351880982317 0.06832269666944056075 0.000502698324460374899 0.9976632284734083811 98.25882671254048262
0.9973869734060286651 0.01704663275602952971 -0.07020420698330299969 -3.457155003493630474 -0.01722739147169528862 0.9998497176321472502 -0.001970076080198542544 -2.434526882392621161 0.07016006755575358855 0.003174363766497291777 0.9975307761393639172 98.89700279247547599
0.9972850345899744173 0.0190467406314135182 -0.07113209234300402195 -3.509063814047409302 -0.01930785232514952571 0.999809191156379784 -0.002984991657886383164 -2.452776738212049779 0.07106165948507345287 0.0043502956377458879 0.9974625188331832648 99.50688073285434143
0.9972682017529970189 0.02165423674430557929 -0.07062025852710693274 -3.556856408935679781 -0.02189249052825890593 0.99975700724305816 -0.002601417529392530646 -2.47100753131812878 0.07054676077206438467 0.004140364513674318903 0.9974999613689883304 100.0891890740141719
0.9973908862907149286 0.02486783283261111144 -0.06777170444025375218 -3.600817122732768993 -0.02500685140239096438 0.9996866162897775077 -0.001203588766116610483 -2.488525410127616855 0.06772052958624769081 0.002895205590200647557 0.9977002098321855472 100.645894645440265
0.9976810080715976525 0.02740298978161778004 -0.06230309235383370281 -3.640179535316097503 -0.02743046949341775356 0.9996236890297308664 0.0004143596603531440143 -2.504439278717370154 0.06229099637820048607 0.00129560447999724584 0.9980572700446226353 101.1803034057754616
0.9981085476152414815 0.02823532897470380082 -0.05460848216455924109 -3.673401748668786659 -0.02814922133596698198 0.9996010414858993443 0.002345466934817715902 -2.518115413229162325 0.05465291580805237831 -0.0008038441897136418875 0.9985051696533843169 101.6946622979480708
0.9985925670659234754 0.02813825090750193131 -0.04495683139867834299 -3.697994280387415955 -0.02796521021705950308 0.9995989482795720749 0.00447343650671966353 -2.530173778872725876 0.04506467177758374798 -0.003209913065988438674 0.9989789953281160706 102.1894410709679164
0.9990615680135273013 0.0276989265149809212 -0.0332978309200621797 -3.712023987285012705 -0.02752341854460930645 0.999604867327765656 0.005717750197711313209 -2.542059037656079212 0.03344304582395937059 -0.004795914217912806803 0.999429198732098012 102.6626092692830525
0.9994351261980486401 0.02709456590199017453 -0.01988229594190228655 -3.714651787440125474 -0.02698119786966184097 0.9996183051326059665 0.005948195464567198817 -2.554156267956181114 0.02003586798542989628 -0.005408387213501151397 0.9997847142301433676 103.1142155057350749
0.9996423042178401719 0.02632462976864828261 -0.004719120559845090684 -3.706319710435912462 -0.02630117840763754322 0.9996417995380760813 0.004964137151575068012 -2.567008815741509853 0.004848107408662567265 -0.004838242968136350144 0.9999766241175258585 103.5475711972683968
0.9995878895227769956 0.02547043606251843395 0.01324011331901293539 -3.688462536116114965 -0.02550114771496942573 0.9996725288324009862 0.002156059637812296568 -2.580266759248997843 -0.01318086251430401583 -0.002492809093054664145 0.9999101021110892162 103.9675126669134784
0.9991078587568247293 0.02447862450847015925 0.03441331363223305156 -3.659568153009665981 -0.02441973930063754544 0.9996995847581162664 -0.002130399389849374839 -2.592954312161324548 -0.03445512402198365465 0.001288134718384080328 0.9994054965941301383 104.3773995867060478
0.9980232784604946561 0.02255750560369744473 0.05865737276138123513 -3.617828401414385553 -0.02221024495934268914 0.999731825045975242 -0.006565443930044374647 -2.605140805343338695 -0.05878974029748008923 0.00524967134739099707 0.9982566647493299472 104.7792251047380176
0.9961303049598743131 0.02003220275778607937 0.0855752268867020216 -3.56337615233972782 -0.01928598756267954281 0.9997685739030529595 -0.009537891674789899035 -2.616941492919968137 -0.08574648381079912063 0.007850580260352318929 0.996286138588902026 105.1748219221578466
0.9931883335675317781 0.01743474908104965942 0.1152083204499118746 -3.495679610581212682 -0.01625321561165406908 0.9998053827726860465 -0.01118711899586905326 -2.62862850165351869 -0.1153809380083255509 0.009238410462345796048 0.9932784360375658261 105.5632751463171672
0.9889338551504701647 0.01482902406882140485 0.1476141062200623244 -3.414156963323463856 -0.01306601083472029405 0.9998314046680166767 -0.0129059553182595925 -2.640840094605819477 -0.1477805943762438567 0.01083440867931489623 0.9889609049005020358 105.943330518355566
0.9829999193185186002 0.01201152102299701645 0.1832126553726827756 -3.318053004211396928 -0.009535262646318282825 0.9998510425173242622 -0.01439074831540186269 -2.654169571972012864 -0.1833582095531582079 0.01239912366577996736 0.9829680501847498642 106.3129755239726677
0.9751244386375752526 0.008747939673150023285 0.2214854376108737199 -3.205710871658113525 -0.005538340828035482298 0.9998705880416235425 -0.01510814531211658943 -2.66915590325594998 -0.2215889278433876286 0.0135056598713067938 0.9750467178119385236 106.6715556645630159
0.9652482866692506658 0.006522167690971554001 0.2612531422244990797 -3.077923621711855962 -0.002479836741239858575 0.9998721656846071282 -0.01579951931147713026 -2.68558990953423482 -0.2613227777330287549 0.01460259377446430744 0.9651410913602889163 107.0197458098489989
0.9530223674852049687 0.007012609392046454705 0.3028187415280352845 -2.935823625367393497 -0.002043439962344640367 0.9998581265680257513 -0.01672343271804715981 -2.70133433302355197 -0.3028930374484947174 0.01531901346101318707 0.9529015111242838953 107.3566467479367788
0.9380195239761487391 0.008279190566762028441 0.346483520278571655 -2.778095306269807274 -0.00254219542929166268 0.9998521658160280934 -0.01700899372248427036 -2.714901158401614722 -0.3465730991340145728 0.01507393927222163386 0.9379019219407338515 107.6817157797201929
0.9203550809971591251 0.008387246665265080114 0.390993841228155059 -2.605933814864495268 -0.002282789994756712678 0.9998682466040855754 -0.01607483793996072191 -2.726995359979465405 -0.3910771276128776064 0.01390200180252830833 0.9202529889936936769 107.9941971939287839
0.9002380229144445467 0.007508330503296128423 0.4353333607927883375 -2.419520774678343145 -0.001043370146339204487 0.9998856905177719856 -0.0150877231702997907 -2.739297589325796256 -0.4353968564577376799 0.01312832806215676225 0.900142972249582729 108.2947239296784119
0.8774444850439294674 0.006223423640327174593 0.4796378383627458164 -2.218910869971217004 0.001289494938304545143 0.9998816767179651288 -0.01533270636024964065 -2.753496022878537453 -0.4796764800112633953 0.01407208898573100546 0.8773326584339904421 108.5845413824077497
0.852360696932841222 0.006093580600090534906 0.5229188517859150176 -2.005218359474505441 0.003283162443310830379 0.9998501119946476834 -0.01700283829435612903 -2.769715045873640591 -0.5229440500502623435 0.01620937838902926365 0.8522129520587127249 108.8633090004070851
0.8249641262679101583 0.008102722012852579814 0.565127025609763689 -1.777212531462301071 0.003958197097612812902 0.9997899393229694454 -0.0201129815886420607 -2.786210681596433147 -0.5651712512828211965 0.01882937216304491485 0.8247587809159562244 109.1313051502874174
0.7947030601796382099 0.01230747960499537115 0.6068736235951658342 -1.53459334369159639 0.002964192187999816278 0.9997038739092893866 -0.02415574841119537755 -2.801592421357959495 -0.6069911730009059925 0.02099553693384833414 0.7944312647646493142 109.3890486414814518
0.7611969081824144778 0.01799383074183847492 0.6482711750104451776 -1.277237620245090799 0.0001159645403054598812 0.9996112753968101616 -0.02788201529318531935 -2.815443575036435941 -0.6485208418706016609 0.02129887996096439806 0.7608989434139087349 109.6348380570176033
0.7243771666962590672 0.022273209062110777 0.6890440163463308343 -1.004537718460557283 -0.001776438862135195241 0.9995350102734835707 -0.03044223426107031671 -2.828274844806643706 -0.6894016232052113669 0.02082761444987363264 0.7240799227300921403 109.8662972549825696
0.6852704008593270002 0.02253994601183091986 0.7279398774165874997 -0.7169026408989924715 0.0002772069458606245805 0.9995128752309784259 -0.03120989478557768121 -2.841912653045379322 -0.7282887057800391251 0.02158900668532870437 0.6849303565061858334 110.0826991042698495
0.6443382590543741406 0.02015080532513512449 0.7644751102315956448 -0.4143961614161865148 0.003780739927684624406 0.9995566895875390712 -0.0295339201304189794 -2.85560384996364558 -0.7647312970065357485 0.02192011580815818664 0.6439764473425477753 110.2845003159967376
0.6007892335391196159 0.01764139662583658757 0.7992128150798467612 -0.09748696166157166942 0.005993724547670617811 0.9996290230994004933 -0.02657091595430223149 -2.867789012915904046 -0.7993850257484894639 0.02075378122089727509 0.6004606310207137865 110.4723617772497875
0.5546889246504128623 0.01585815088742539153 0.8319067052549949937 0.2338150891830512446 0.006785614790009119462 0.9996989591477211112 -0.02358110769733345879 -2.879876819400442489 -0.832030170147870396 0.01872517719961249577 0.5544143463221381518 110.6452238923385352
0.5066899084799201258 0.01280336468755232174 0.8620333318182235027 0.5794491781161099642 0.008835963929073506126 0.9997601423186066594 -0.02004259715194045208 -2.894849883520298484 -0.8620831273073145118 0.01777227659913093241 0.5064552568217028927 110.801963499294402
0.4566646436211219684 0.009509865157140627925 0.8895881207145344138 0.9379851213060486081 0.01047609836334897904 0.9998161106347130955 -0.01606606375993840929 -2.911946550206670814 -0.889577267389872306 0.01665621536630866942 0.4564810522719974784 110.9417167157744757
0.4053770178890310216 0.009384037974784788932 0.9141014581402443495 1.307420498664637609 0.00873358188764193806 0.9998619789547461556 -0.01413752852765795369 -2.927862880626120656 -0.9141079048026122811 0.01371440848832276502 0.4052391205686089459 111.0648015672810374
0.3542219427203203153 0.01324715288897812711 0.9350675880145985497 1.687670119176092332 0.00589203953383839879 0.999848261933828919 -0.01639692354911355399 -2.941997924283449084 -0.9351428586562270384 0.01131760467227664428 0.3540901493228258978 111.1720377459641327
0.3042247510919319775 0.017990586776114776 0.9524304218024005619 2.079852026633402406 0.004647607024706549086 0.9997817778820433654 -0.0203695480796785601 -2.954898492005836985 -0.9525889828357518851 0.01062344235218007013 0.3040747564753745746 111.262658178650895
