0.9999996856700414938 0.0001562297656580537478 0.0007725073773598508005 0.0002458656316506359894 -0.0001561908518476169748 1.000000047690982941 -4.83265866753048988e-05 -6.602586084096515365e-05 -0.0007725164482796407312 4.820604741618730844e-05 0.99999978121405797 0.0006149202878188554742
0.9999957745881001836 0.0008846368284383706974 0.002767803817727081464 -0.002475890728424069449 -0.0008841215571782499094 0.9999996527739761776 -0.0001867960280348428986 -0.00870615603295655377 -0.002767969465443240705 0.0001843482965677605066 0.9999962329413392137 0.2898552087623131324
0.9999910684036074082 0.0014185757372193119 0.003980360538967490924 -0.01116937103768069796 -0.001418532215328127634 0.9999990548490567122 -1.334833528332703512e-05 -0.03261201297628715107 -0.003980377000822001542 7.702077195935524902e-06 0.9999921590076980005 1.259339851934075494
0.9999865521124440271 0.0009969306950104157936 0.00508863793033469472 -0.01753866225819589869 -0.0009978917643763626517 0.999999545742574103 0.0001866501568427680045 -0.065724387438654025 -0.005088450762255307055 -0.0001917254272127249517 0.9999871161411479914 2.778508044943336586
0.9999769091486361283 0.0005761590457981637884 0.006770651461070550589 -0.01761095073940815645 -0.0005762495875755530234 0.9999998949563529971 1.166231666116928071e-05 -0.09914502033921480939 -0.006770645148354189659 -1.556350340634105359e-05 0.9999771595696845816 4.414607970565881168
0.9999741688413665841 0.0001611547259880337639 0.007185275864119891609 -0.01854629652607350451 -0.0001591511183193509884 1.000000009417463254 -0.0002791934266034241984 -0.1275154672206932349 -0.007185322017383716058 0.0002780428001772989243 0.9999742273573306584 5.9065945590408786
0.9999723721612009397 -0.0001119663659510678752 0.007432017719743035968 -0.02031648058237593701 0.000117658521245625727 0.9999997613353358572 -0.0007652444799718799429 -0.1513995756955647254 -0.007431931341120188647 0.0007660979101227586045 0.9999721701276683694 7.216674969179782018
0.9999671337224673717 -0.0001170738437582088183 0.008106187635710524961 -0.01835503007830793787 0.0001230221220154248656 0.9999997847722275068 -0.0007330992011702564199 -0.1750126349608435161 -0.008106101099928292308 0.0007340724786552096535 0.9999669563550600548 8.413772665837326414
0.999966594671827913 -0.0002893240823421823179 0.008168129597112293305 -0.01381987908448308391 0.0002863470225237610693 0.9999999531404656361 0.0003658390812098038744 -0.2004628343866630413 -0.008168236093137524328 -0.0003634878133486778079 0.9999666541115603824 9.5709732906387881
0.999973914904307315 -0.001064247336652354584 0.007143486314193004186 -0.009836561410628760771 0.001056092630075839821 0.9999988473502933184 0.001145461277420073637 -0.2261373677383227143 -0.007144698230175972574 -0.001137887088877755602 0.9999739096792193971 10.7351498151203959
0.9999852037051552012 -0.00186579506762883391 0.005109176796882178295 -0.008037676703406566175 0.001861660847301058316 0.9999979967615613141 0.0008141301808990034994 -0.2517975941387748939 -0.005110686781748105187 -0.0008046064510415717411 0.9999866974250669616 11.92435341210669009
0.9999934346771102156 -0.001943407464013735932 0.003057168582361773253 -0.009619727949422104962 0.001942280938577097774 0.9999981056573242766 0.0003719445638076096235 -0.2773854077438632215 -0.003057886975555316762 -0.0003660041088937406647 0.9999953384414298485 13.13209055472166042
0.9999976879267777896 -0.001304970363476823207 0.001706957970833452741 -0.01561456448085189394 0.001304586204901754792 0.999999184297116539 0.0002271018523195595545 -0.3018430874385508722 -0.001707254366725693279 -0.0002248743195695242063 0.9999985981234752463 14.34553150635579577
0.9999994706813081224 -0.0003569951992602833288 0.0009610962548364283689 -0.02539502142306204746 0.0003568645081707738837 0.9999999878805029274 0.0001378425906315455698 -0.3257930424367161404 -0.0009611469249574040342 -0.0001374994024653473912 0.9999996094121180734 15.55460982622459198
0.9999998661680697953 -0.0003756788419914362668 0.0003450283696616788078 -0.03610536791379904964 0.0003756206646169037329 0.9999999754809587582 0.0001733813594161784453 -0.3503929001109123975 -0.0003450950071786024545 -0.000173251601983573692 1.000000006213161985 16.75618402325802236
0.9999996186743442816 -0.0008329830530445841638 -0.0002476003213586036827 -0.04567758352686112494 0.0008331119383966948625 0.9999995817628829498 0.000514308481365997514 -0.3751962956990408937 0.000247170260877314983 -0.0005145144300324222021 0.9999999178569045633 17.95134589154734073
0.9999991178730341934 -0.001122064883304960082 -0.000705506467117487544 -0.05289534047466597222 0.001122530567634290105 0.9999992147263678799 0.0006577133761884681627 -0.3998411695964585455 0.0007047663413062461857 -0.000658504614523665972 0.9999996156036101702 19.14330490878857205
0.9999985006588185676 -0.001065751054266910825 -0.001362120344764726184 -0.05954879764744636095 0.001065693087185134915 0.9999994922173836009 -4.447634827377736343e-05 -0.4254186502827904115 0.00136216543953512426 4.30248165231257785e-05 0.9999991520918678489 20.33603616332799291
0.999997639120307924 -0.0008842604673508827054 -0.001983016808599587667 -0.0680654351596790691 0.0008828577580601587203 0.9999994200361109753 -0.0007089458326356232057 -0.4517046654758155588 0.001983640899595674485 0.0007071935771477222497 0.9999978632853446792 21.53062832646945779
0.9999963947292399569 -0.0005666080776038319097 -0.002623357381704686294 -0.07803537925369063988 0.0005650796875391191857 0.9999997309103674237 -0.0005839334193277491945 -0.4776826263183218124 0.002623685846279576097 0.0005824490479526619894 0.999996469270603483 22.72739635112269596
0.9999940288065747307 -0.0002235513595861439028 -0.003447448092983434412 -0.08874393707073849336 0.0002212879232958915891 0.9999998204892842635 -0.0006573937958211437246 -0.5037090058085932354 0.003447592694243312769 0.0006566271322842179899 0.9999939222173978015 23.9269261016675614
0.9999911660464096963 -0.0001020623243017218019 -0.004201182765514057012 -0.09877971950910716115 9.74824373725085441e-05 0.9999994614698086703 -0.00109072020833566501 -0.5296766574121453131 0.00420129003765784461 0.00109030117408866244 0.9999906609214342934 25.12918799085692712
0.9999877164317808598 -0.0001918693826132516849 -0.004952039729614249319 -0.1080806580637735242 0.0001894283868001297164 0.9999999212352980171 -0.0004937203659786051782 -0.554939018295743991 0.004952132236239026319 0.0004927763855377685935 0.9999876974646588756 26.33201037379864218
0.9999834337469786227 -0.0009739673716435495471 -0.00567240209164633722 -0.1184692110974287643 0.0009791726258202822566 0.9999991633716865946 0.0009146539440567938656 -0.5797189823611027526 0.005671504624692708108 -0.0009201929155177755379 0.9999835742657222637 27.53273228184607646
0.9999778582652820713 -0.001691906802945832618 -0.006435290030984048421 -0.1317839449814920683 0.001699893262057678139 0.9999978529808450922 0.001235521202711592362 -0.6052783075006132885 0.006433183902687151026 -0.001246433015342462243 0.9999786108055328526 28.73193575438691738
0.9999706171461094639 -0.002166923308904400609 -0.007352674129547569735 -0.1484583712865737704 0.002169478974236106576 0.9999976501385237082 0.0003394038235208710736 -0.6308407021582272955 0.007351919409519472315 -0.0003553451814017408714 0.999972991898995911 29.93054335571163804
0.999964370140092873 -0.002426265661156939025 -0.008084813915840236703 -0.1667698326830699129 0.002422431190879146753 0.9999970097229259336 -0.0004842407525056567305 -0.6547713361840734603 0.008085962612385279996 0.0004646387389315869993 0.9999672808818008685 31.12817759037927345
0.9999583361869889275 -0.002449498931546732153 -0.008793086942738436232 -0.1858927068416783568 0.002444416472801288175 0.9999969000707727984 -0.0005888919631911826522 -0.6784399875004452074 0.008794500107528474206 0.0005673736073735872196 0.9999612474329371281 32.32604437179435308
0.9999507743497163537 -0.002691272684093038488 -0.009549788668400515518 -0.2055492466535751572 0.002689598729879787761 0.9999964263538461129 -0.0001882959509247384463 -0.7030483955908191085 0.009550259182640888703 0.0001626017279826528486 0.9999544627733938373 33.5243274402385083
0.9999442648075824724 -0.003228519719137548129 -0.01005169013884317508 -0.2254907741627992512 0.003228940382607384599 0.9999948476935546227 2.545986079933298873e-05 -0.7282333569787835525 0.01005155400710766242 -5.791460447647354986e-05 0.999949560936207571 34.72391268773935025
0.9999376478568301474 -0.00353098749758190035 -0.01059363313782619651 -0.2451356662915069595 0.003530796388204724551 0.99999382709782203 -3.689609256157610042e-05 -0.753893944393804416 0.01059369584629677938 -5.100232073968029572e-07 0.9999439659875259956 35.92450325132003286
0.9999310270416067459 -0.003946245745606880191 -0.01106168352237765079 -0.26396252003056353 0.003947731028219459218 0.9999922624343214883 0.0001122938875775326474 -0.779664302704668577 0.01106115258625816646 -0.0001559545470828227335 0.9999388921763437965 37.12518532350738099
0.9999254794126632984 -0.004502863248298178203 -0.01134691070802089016 -0.2830459850621853124 0.004510938207260011164 0.9999896514212582854 0.0006860074870693011039 -0.8045325601075653532 0.01134370206170021329 -0.0007371414334359210202 0.9999354671928516458 38.32640762704373572
0.9999275480084245382 -0.004455405687030820211 -0.01118215686709377217 -0.3025239768463285905 0.004475117110706862758 0.9999885369715693084 0.001738209378964146847 -0.8278364790927634775 0.01117428204322377244 -0.001788124762870480205 0.9999360477226348909 39.52701042927836994
0.9999320123512348557 -0.004013126067259870956 -0.01094796932013001635 -0.3232048198810343331 0.004040355916958498529 0.9999888579980378278 0.002466074425378190962 -0.8506835776251937542 0.01093794846954704823 -0.002510140317737130557 0.9999371090143659435 40.72618953290350419
0.9999344224423465377 -0.003319967986802431058 -0.01095998020765878191 -0.3450041438511161074 0.003344954576420955915 0.9999919080926024106 0.002262111089951242011 -0.8741337940815959717 0.01095237918262754843 -0.002298623244250714778 0.999937459657637695 41.92455831128518184
0.9999404528373860845 -0.001800852703693210178 -0.01076291080052172236 -0.3666155322480253442 0.001827460525230653393 0.9999953587882304262 0.002462703088416950091 -0.8972152271310599447 0.01075842369215766238 -0.002482225100134542381 0.9999391263391833595 43.12380350998368783
0.999950154459342877 2.00485057665830826e-05 -0.009984023987522098673 -0.3870325980120756237 2.186593718520063483e-05 0.9999912497565042191 0.004197862137668493913 -0.9187684980962581571 0.009984018641599116603 -0.004197871075520303273 0.9999414276636483523 44.32705519326733423
0.9999636072070127168 0.0009135260140341463575 -0.008481878849266655251 -0.405969354114569192 -0.0008557417817915294409 0.9999764819924743531 0.00681361002944580723 -0.937228553961664046 0.008487901727398374993 -0.006806103649207377072 0.9999408952477552015 45.53399498646173527
0.9999764653364179301 0.001292526460018067697 -0.006737260677957197449 -0.4236358375549372224 -0.001226862921048955642 0.9999518625474711486 0.009741124657770400957 -0.951886617661468426 0.006749525073504026793 -0.009732629605201305323 0.9999299382193176378 46.73967409265058848
0.999985663958456561 0.001322818335575023409 -0.005187924261736738193 -0.4381000372597086412 -0.001256652057871496036 0.9999181629744866573 0.01273618056559779922 -0.9635302299972401396 0.005204345491280744362 -0.01272947847282042758 0.9999055138777114271 47.94220702246261823
0.9999929421538232832 0.0007297251666320839691 -0.00368451736030416541 -0.4480370431798287867 -0.0006780334091962391535 0.9999016747321386456 0.0140108264022910968 -0.9732154407340147806 0.00369437736363008697 -0.01400822920506367836 0.9998951358068959294 49.14313473468683213
0.9999976508266826825 -0.000300880698021768376 -0.00214483835215271805 -0.454745355551979924 0.0003284952222904602274 0.9999169866884987101 0.0128854158445551991 -0.9825436648448444554 0.002140781656775928802 -0.01288609005480261319 0.999914759997463487 50.34446752953776638
0.9999995225454606507 -1.887510386471624721e-05 -0.0009731755067633758973 -0.4618231515662959974 3.000902753272142017e-05 0.999934616978245927 0.01144041019681690113 -0.9924196356680178299 0.0009728943387956197862 -0.01144043384551737992 0.9999341635711972431 51.54718407631327892
0.9999998641181808701 0.0004701131146804233911 -0.0002080260248952058141 -0.4713119330942965313 -0.0004678482533012428657 0.9999421783591095902 0.01074910101745998707 -1.002920450644039452 0.0002130657368818472555 -0.01074900213757032548 0.9999422858767830213 52.75117126014522029
0.9999999815394050584 -5.918409876181375789e-05 -0.0001610435689030242272 -0.48186031877483676 6.082445323980310967e-05 0.9999480907033611032 0.01019481808976109571 -1.014624276453693019 0.0001604302888532378583 -0.01019482759983904828 0.9999480992937417323 53.95633346270425079
0.9999995056871507915 -0.0002015765971361513668 -0.0009697989560180233322 -0.4921170470556538445 0.0002107595606685546666 0.9999551358472732465 0.009476496701188778099 -1.027440247482852342 0.0009678436088729092546 -0.009476696310675871912 0.9999547074911286915 55.16279697513310509
0.9999970375999068795 -0.0002555707319602397009 -0.002419089755445036957 -0.5034734088841029687 0.0002789684708177927823 0.9999532079348151248 0.00967606502319945036 -1.040393482216666943 0.002416501955637074834 -0.009676711107561294239 0.9999503404197458423 56.36988516376062819
0.9999927385822416914 -0.0003145256579349124584 -0.003796890750613355139 -0.5172125872564353743 0.0003548643103058084832 0.9999435224172441572 0.01062770740152731153 -1.053224225795605484 0.00379333185333658807 -0.01062897751168873084 0.9999363964734283572 57.57789454087432546
0.9999881733156389396 -0.0001095558085028134628 -0.004861455757941174002 -0.5315836596481017251 0.0001633329748202145409 0.999938855323226794 0.01106259710255275662 -1.065904016253433229 0.004859944697148628479 -0.0110632602070215684 0.9999270707057649199 58.78684845116199398
0.9999831711998968808 0.0004785742991250548062 -0.005781073650596615932 -0.544782901588116264 -0.0004149556328545965815 0.9999394669944752234 0.01100055794451979159 -1.078996303090042241 0.005785986395739931183 -0.0109979738309885812 0.9999228612497521596 59.99650861907498722
0.9999796701989647207 0.000953221621590176222 -0.00630421195529100916 -0.5570212531074621998 -0.0008858221568606961752 0.9999425815053014643 0.01068508900792114642 -1.092244476304944811 0.006314033309388748273 -0.01067928727203176602 0.9999231207059888771 61.20654774915698937
0.999978419475527458 0.0002459718956557484541 -0.00656449629416580669 -0.569644542293572087 -0.0001793624662610970009 0.9999485797262416265 0.01014533631563611753 -1.105306274146161449 0.006566652273219630159 -0.01014393984743726211 0.9999270678792530065 62.4139149309666692
0.999976525135591876 -0.0009237605514987120734 -0.006788841836370914685 -0.5834684184218431602 0.0009897947090099321488 0.9999522364031518951 0.009729714114683492288 -1.119890223508602123 0.006779527697847345484 -0.009736205165823869773 0.9999297004430455216 63.6180879622300921
0.9999739805490994726 -0.001305294385572920409 -0.007094149766202405456 -0.5992528491422470793 0.001380614361195006256 0.9999426880233025505 0.01062246166144920761 -1.134931902997384334 0.007079875774915881693 -0.01063197945382392783 0.9999184956212948672 64.82023222562386877
0.9999713716553501053 -0.001365167083832390712 -0.007442091035000961835 -0.6169283050008933511 0.001451614778794753022 0.9999314599906182766 0.01162283335803058169 -1.148371787995549065 0.007425711850604402656 -0.01163330356625076958 0.9999048387540434568 66.02250522672481736
0.9999700615909116186 -0.0008144922034807358354 -0.007694482196264226109 -0.6360272794082717507 0.0008975211974169410587 0.9999414097058372253 0.01079322609891497642 -1.161251568433965708 0.007685238366685357911 -0.0107998088262292527 0.9999122275242083857 67.2247762090327825
0.9999689733939597369 0.0008076098112252106352 -0.007835339865690807426 -0.6554746977309338085 -0.0007316891554999190332 0.9999528699495141559 0.009687343594857428242 -1.174689314195529466 0.007842792161537130366 -0.009681309891640118431 0.9999224591746697088 68.42419598172025985
0.999965350398854036 0.002718371870639945363 -0.00786771851898376666 -0.6736102331045978886 -0.002642177287376238151 0.9999497325790609459 0.00967849812514196689 -1.188889620843572192 0.007893630764985726245 -0.00965737475858547377 0.9999222905896291147 69.61902876515040361
0.9999596845736294926 0.00477463236283812674 -0.007604252456761351545 -0.6906350215249863478 -0.004698906684561730308 0.9999395673820602459 0.009945047375741354959 -1.202668305447353481 0.007651274850253854745 -0.009908914663646966811 0.9999217133935067725 70.80934006595674646
0.9999573531461409814 0.006052509779364357093 -0.006975066866361017033 -0.7086148824531938173 -0.005980198896103792669 0.9999287041923610175 0.01034146305752884493 -1.215745026075444546 0.007037159410042785612 -0.01029930964186124946 0.9999222790408713868 71.99734368349086822
0.9999567834224909468 0.00704782358507899994 -0.006062343901181781528 -0.7289798726592181533 -0.006979809665846484733 0.9999133391382808433 0.01116774700661176886 -1.228673861965579928 0.006140524928408161616 -0.01112495027520133545 0.9999193422225851613 73.18260098262177848
0.9999589163997976149 0.008113254206547656014 -0.004041430464794965038 -0.7477352804252588303 -0.008065971066646126023 0.9999004634831335503 0.01158124938196735711 -1.241800222247491536 0.004134988021603887981 -0.0115481754323356646 0.9999248486954976922 74.36473594623133465
0.9999755225024289373 0.006869158765650540573 -0.001327247795146659819 -0.7596835927594032256 -0.006855991357903481673 0.9999296874576613092 0.009681819335707194177 -1.257012858386291176 0.001393658802543061613 -0.00967248265482526827 0.9999523300245239943 75.54407559547111362
0.9999866766280223196 0.005043671949881222728 0.001095657078078094435 -0.7648615174184592025 -0.005050022814834720028 0.9999700536447633237 0.005874622386035121754 -1.274666399204347433 -0.001065996070236679798 -0.005880077101146896461 0.9999822247811429587 76.72227950051227197
0.999981900570944271 0.004793606643370635148 0.003634884752042554217 -0.7663896763111918142 -0.004811295099764611657 0.9999766098942558523 0.004873726393420353686 -1.292068277074501337 -0.003611438319484462124 -0.004891126574779563335 0.9999815977956438839 77.90029777588338789
0.9999693384550086828 0.004392556968027214528 0.006482292157074838121 -0.766079758111283704 -0.00444130626866888218 0.9999618811700555776 0.00752549748661143162 -1.308790699956144499 -0.006448990027115244876 -0.007554056489821995429 0.999950752934855025 79.07740224350241931
0.9999418087350319118 0.004411773759143924716 0.009844181734459042654 -0.7625411501293613004 -0.004498890545859042175 0.9999508209508840562 0.008845211752448033093 -1.325061942167536921 -0.00980467547386694796 -0.008888984844065637644 0.9999125040842707923 80.2533331327535393
0.9998966651978693498 0.004664044716171383484 0.01359772529971157128 -0.7537761013755425177 -0.00476535470103140249 0.9999611200820741619 0.007427773890390460508 -1.341058918966181013 -0.01356255386108821612 -0.007491804234591733537 0.9998800385735550078 81.42685235511169139
0.9998451279108059309 0.003951422064674959406 0.01714931424829089709 -0.7395561147532684343 -0.004030428604482308788 0.9999814735733669746 0.004574960329861557651 -1.359660971030684617 -0.01713091942266480733 -0.0046433707821581802 0.9998425537255996032 82.59724802388966225
0.999786463142901316 0.002888808929058178133 0.02046155968962392463 -0.7210948887512101946 -0.002922141983174396992 0.9999945125013230962 0.001599425430364353551 -1.38219399127562359 -0.02045682725579835853 -0.001658875366690691676 0.9997894417723086624 83.76464590582004632
0.999714737208300952 0.001888415476818137333 0.02380904506146657926 -0.7004206455689805377 -0.001905472725408247645 0.9999980049463108589 0.0006938206764890432173 -1.406760161852111501 -0.02380768741734020158 -0.0007389901297677421493 0.9997163644926495563 84.93053740405267149
0.9996249384573705488 0.001840294322723024 0.02732376752646031512 -0.6777820029338704755 -0.001891247536897826959 0.999996581443674426 0.001839128598251612082 -1.430455248494077125 -0.02732028944493373676 -0.001890114715529876048 0.9996250250779126212 86.09278160563978588
0.9995127705316854128 0.002321324346988928519 0.03112596267053598098 -0.6521243877702419534 -0.002390710698233171252 0.9999948003483440928 0.002192233573794514535 -1.453620175540281112 -0.03112071157356011489 -0.002265578525472879915 0.999513146468370639 87.24924811953550829
0.9993884035202682536 0.002399786958427876232 0.03488627956607343733 -0.6206353654468936831 -0.002414807922131466389 0.9999970699401933283 0.0003884877704283446246 -1.478374897315409386 -0.03488524446016379871 -0.0004724937338952874682 0.9993912937141465891 88.40090111458727051
0.9992601466346321404 0.002356557594118923338 0.03838747934528568412 -0.5818358902187973358 -0.002298043179149670406 0.9999961907312685527 -0.001568320604763131284 -1.504315741581698118 -0.03839102813990842578 0.001478944299934929372 0.9992617790893841834 89.54948287175228927
0.9991318625529879149 0.001993514077022989599 0.04161177400263030984 -0.5382042734289385066 -0.001914754209102510329 0.9999963607036949087 -0.001932460972166458657 -1.530393532797368783 -0.04161547394082249635 0.001851107117573117097 0.9991320669365987284 90.70027044938058225
0.9990121719760418628 0.001045352729258498901 0.04442499407351345464 -0.4919450114960025044 -0.001001008693776335055 0.9999990394633097024 -0.001020375181794615834 -1.556015203241174927 -0.04442601687013975759 0.0009748975230201311791 0.9990122822235945055 91.85600042005202681
0.9988872072508958588 0.0001311994073520518858 0.04716272479108667842 -0.4429579426608678538 -0.0001532801558006449238 0.9999999413823132954 0.0004646005288340126767 -1.580179701665750391 -0.04716265972152268449 -0.0004713125397715077535 0.9988871922340002429 93.0150027464673741
0.9987622867462961906 -0.0008005264627589810632 0.04973174417638934197 -0.3909674655549693623 0.0006974307759963690187 0.999997632990616947 0.002090387097519900549 -1.60235356838776255 -0.04973329836547565191 -0.002053115261310573328 0.9987605044007134003 94.17586259527544712
0.9986400390841043695 -0.002007312803084923894 0.05209640771238340656 -0.3355675154280474692 0.001871852270654295654 0.9999948008406367439 0.002648882283413948966 -1.623520911024459057 -0.05210145234012604487 -0.002547763043370020446 0.9986386278079012468 95.33564922414900877
0.998512306203941713 -0.00336270913373125065 0.05442296597346135689 -0.2777855074466348828 0.003317788110561839098 0.9999941378712792206 0.0009157637380317825999 -1.646179020720644592 -0.05442572459238646104 -0.0007338374020280610029 0.9985176329693009611 96.49364433044323164
0.998392793752080121 -0.004126905532406626755 0.05652247985564604754 -0.2183541416521760647 0.00426669728243197089 0.9999881909869658969 -0.00235272177662456403 -1.670576024294684991 -0.05651210099636066325 0.002590104880521991448 0.9983986353890326182 97.65150566581391445
0.998260323434796093 -0.004013836692058818899 0.05882353682245682058 -0.155299076829810534 0.004318577181508192683 0.9999779625417063444 -0.005054348722688560211 -1.696010454659325539 -0.05880195110456219038 0.005299589884538439405 0.998255681788587701 98.81064500416790963
0.9981602840207540739 -0.003777413691654920701 0.06051257123585461473 -0.09000119292273600635 0.004154778494339531579 0.9999727543627349169 -0.006111502821119470588 -1.722904348381578021 -0.06048783468762015947 0.006351675833724410025 0.9981488062328713884 99.97450309173405003
0.9981400708044144698 -0.003685615383956999599 0.06085070274880700902 -0.02526206438697156664 0.004027710898330578645 0.999976823709604723 -0.005500155200701293753 -1.750378020027603787 -0.06082901880804233996 0.005735014449833738051 0.998131805621108259 101.1435334696925992
0.9981721264558701678 -0.003937474705781503388 0.06030667447059712832 0.03808360076384149223 0.004181960059693770951 0.9999836006445314007 -0.003928329263222128491 -1.777850742455977739 -0.06029021562652368826 0.00417334898258734429 0.9981722468468393616 102.3173908617341681
0.9982462160284646391 -0.004146117826897982757 0.05905332003408279851 0.1004536969712484934 0.004297968997224969369 0.9999878366492276349 -0.002444613460101362386 -1.804825258346477224 -0.05904246401351551099 0.002694135575063111559 0.9982519173058678197 103.4990634164226009
0.9983513779051328418 -0.004039889447558173315 0.05725555194555497635 0.1608345168260921498 0.004136667739265865659 0.9999902696650888601 -0.001571837745806765711 -1.830752028271960707 -0.05724864281068207938 0.001806093672234399374 0.9983583987051208863 104.690057295442287
0.9984971926780682461 -0.003671388463638684558 0.0546797019117617536 0.2182394319616790257 0.003740245975109072162 0.9999923970121616934 -0.001156977201850518727 -1.855618350900849256 -0.05467503665919550004 0.001359754121425755862 0.9985033564282852492 105.8912499675149519
0.9986712188147552904 -0.002781799257888272967 0.0514592164868230631 0.2713613952124320217 0.002845883494851784556 0.9999953246372617066 -0.001172078497105835454 -1.879768372926216013 -0.05145571379544076895 0.001316968096289271436 0.9986744897614606709 107.10064827565256
0.9988547437187570432 -0.00189754763055005821 0.04780787484441059026 0.3202393839026287381 0.001965229399381314673 0.9999971933134356172 -0.001368705496115470112 -1.903937011933225953 -0.04780514208814702626 0.001461091521740521312 0.9988556927875203995 108.3114899235209094
0.9990345773920655814 -0.001282321432286412941 0.04391197373201183307 0.3664727201111895871 0.001329827612072070116 0.9999986228330429716 -0.001052618517096293692 -1.927881739976872177 -0.04391056231032907514 0.001109997754973926628 0.9990349302498690021 109.5209265965993097
0.9991986071577361184 -0.0009314667882082474119 0.04001585201818408377 0.4089604496050627258 0.0009363278441068366561 0.9999996174291162498 -0.000102696224467412479 -1.951696193783687194 -0.04001574013775468369 0.0001400819846033841108 0.9991991204843458929 110.7317061470104136
0.9993585738749630742 -0.0007316136669531712834 0.03580360502620554691 0.4464657654023715949 0.000704745601646035078 0.99999952157145644 0.0007630891134860066146 -1.975821718964243967 -0.03580414552787636318 -0.0007373671113209606448 0.9993586347911646017 111.9468808810666189
0.9995097667893635407 -0.0005046700494811077195 0.03130437591387764257 0.4777480579330315447 0.0004629178160285191438 0.9999990547215210634 0.001341035937824736459 -1.999459249019462925 -0.03130502272333825914 -0.001325887059139101804 0.999509079034930803 113.1664140245285353
0.9996467607056765958 -6.418529771683178804e-05 0.02657709965830698171 0.5012967543866944098 2.286839524161968112e-05 0.9999988518322266984 0.001554967791027078673 -2.022211296627606014 -0.02657716885864009476 -0.0015538106320140215 0.9996456378543794319 114.3896482546699787
0.9997675412196256328 0.0006457009963717317853 0.02155084958118528432 0.517299908893339655 -0.0006754587136749173231 0.9999988894911095993 0.001373639123097602707 -2.044300231790196598 -0.02154993890489980204 -0.00138787640591408524 0.9997668905591721167 115.6161745934032297
0.9998609191722612755 0.001336534576790142023 0.01662373315379473554 0.5262668855465764128 -0.001354989780524848766 0.9999985390934413854 0.001099056322206094435 -2.067013618493733773 -0.01662224045841401501 -0.001121428336751285329 0.9998612929077176359 116.8444384023603959
0.9999242073974022871 0.002384511573096340098 0.012078331000970291 0.5288026665106088098 -0.00239305483470040551 0.9999969575329775706 0.0006930529977947465572 -2.090734946289245944 -0.01207664245465165688 -0.0007219044571760449515 0.9999268948776006694 118.0740063234647721
0.999953953888561009 0.004293551695531454097 0.008581843286159778622 0.5277320788566458587 -0.004297478405725486603 0.9999907303298922745 0.0004393617958417262164 -2.114086260363420067 -0.008579878320699136501 -0.0004762217281126301721 0.9999631595415067187 119.3045619025121198
0.9999589056126861886 0.006148150790383514509 0.006661820336433561286 0.5257298295645710384 -0.006151300153448692291 0.9999810391978416479 0.0004526059047348953129 -2.137923961056129585 -0.006658912459046266615 -0.0004935660385210993662 0.9999777881614781982 120.5369672423888545
0.999956636982507252 0.007519689285069764209 0.005492809316107852974 0.5240760005704117042 -0.007522001455365310077 0.9999716901132340574 0.0004007038968159686303 -2.162703424928511087 -0.005489641843365831997 -0.0004420033175522751143 0.9999849148881242433 121.772928130469225
0.9999469541502485903 0.009320461358083969097 0.004382969070724619318 0.522672289158925496 -0.009322977553386789171 0.9999564474764924826 0.0005543755833296722894 -2.187046264287075825 -0.004377612410165774952 -0.000595208376113615361 0.9999903218402099725 123.012660932919573
0.9999368024245247621 0.01066946039635706563 0.003542076890137573798 0.5192675233475585461 -0.01067385884218004233 0.9999423426320246389 0.001225658080100770113 -2.210887423636410443 -0.003528796870423856532 -0.001263388130902541031 0.9999930564657661947 124.2553341876497512
0.9999281162358456543 0.01167018003401928267 0.002749872670338472658 0.5119941903186038257 -0.01167596518352489315 0.999929694092750343 0.002097807058763409647 -2.233382816519830172 -0.00272519891928703524 -0.002129763562095673621 0.9999940994494459501 125.5015838667056869
0.9998991706295360382 0.01406800026161598126 0.001931965975418287055 0.5008418862392748361 -0.01407554732460705033 0.9998931900778356141 0.003950883690588454129 -2.25221741940603648 -0.001876180010262960265 -0.003977678696093916132 0.9999904097315178708 126.7514087829354992
0.9998824681096457612 0.01528569865075861921 0.00117895652917295664 0.4881629810937102576 -0.01529297958098371595 0.9998623931752037564 0.006437512295748043512 -2.268240344053396473 -0.001080393895132209696 -0.006454785342546848735 0.9999786647862032307 128.0029859626425548
0.9998959453958630172 0.01440946478601829589 0.0006769474477148338569 0.4771228220929591424 -0.01441362830197894657 0.9998743026517112886 0.006614249328684814605 -2.285081717959807079 -0.0005815560664101612244 -0.006623318255694255266 0.9999779772472218164 129.2557898636682978
0.9999043488658423406 0.01382844190110097717 0.0002446727112358741013 0.4694090258279646211 -0.01382959430090848797 0.9998887324587749648 0.005602419416968248966 -2.303355661624871598 -0.000167174282117997443 -0.005605267160150783842 0.9999843571597569758 130.5098484974511734
0.9999307352696048534 0.01175481489885282782 -0.0005844102438848722009 0.4647837467701619318 -0.011750924540459666 0.9999113996622053246 0.006263440344312433058 -2.321352478123340557 0.0006579824696033663824 -0.006256139044925068844 0.9999802944624277545 131.7662562051008308
0.9999607715373477479 0.008764422856496098882 -0.001277816968626034394 0.4607054278386852886 -0.008754059759139802901 0.9999305324028878728 0.00790056344024636821 -2.337963903094427476 0.001346970460125385995 -0.007889067327239363686 0.9999680543973749058 133.025477045199267
0.9999778121279150334 0.00645506821603140761 -0.001643130727927820042 0.4549215229832876961 -0.006438784743349399743 0.9999320067232747578 0.00972862193609761762 -2.351818607836296149 0.001705816280667853298 -0.009717826218455417539 0.9999514066047693328 134.2873613726734447
0.9999918505740783559 0.003604546292533831499 -0.001816193180436713548 0.4475153607277157497 -0.003585252262464811313 0.9999383387299272119 0.01051602655518589502 -2.364096533513297516 0.001853985043024481381 -0.01050942925039561465 0.9999431364642914488 135.5528672034546105
0.9999980200714085887 0.0005201845931313285902 -0.001918796969809071547 0.4405004517220463822 -0.0005021994915880781266 0.9999561210037377634 0.009360874866457634738 -2.376907521327134898 0.001923580501523096311 -0.009359892612508174253 0.9999544258487829129 136.8218397336917747
0.9999955688510182572 -0.002270616746807265808 -0.001923302956074969842 0.4350579504755305305 0.002286489166280139887 0.9999630823308928163 0.008290238940572753484 -2.391041001664444998 0.00190440634277527299 -0.008294599709330217549 0.999963866536651369 138.0933010236993255
0.9999914886181191509 -0.003751907444538021916 -0.001714175012107785117 0.4298225137968633147 0.003765620043520407235 0.9999604350715433077 0.008066629905011224455 -2.406815251229262209 0.001683840301787720931 -0.008073016069512375589 0.9999660757349096984 139.3659531174332642
0.9999910634655243546 -0.004033187356523484056 -0.001264476905777056062 0.4224364206083687789 0.004043733650638773637 0.9999561782139931854 0.008450561585907127166 -2.421687111312862406 0.001230337183080544615 -0.008455599167457276619 0.9999635746571301498 140.6390603765118783
0.9999945858981174052 -0.003241433546526496963 -0.0005601747516525402114 0.4133892491987764539 0.003246935746069381894 0.9999436362036794312 0.01011454127626516125 -2.434423274732185671 0.0005273559932850718909 -0.01011630526639820289 0.9999487705836239693 141.9140228969824875
0.9999982209400041233 -0.001875718438745779034 0.0001797512568623201446 0.4041615898904483695 0.001873553762422716781 0.9999335912176452457 0.01137651401047854414 -2.447382752492910374 -0.0002010799849242056469 -0.01137615690355284377 0.9999353499850264226 143.1914040790547631
0.9999989256732793041 -0.001183200405897718351 0.0008609311483496134105 0.3953153883039653982 0.001174318567782383109 0.99994687176615904 0.01024679166872666768 -2.461516496323731484 -0.0008730109027968590988 -0.01024576955595597923 0.9999472104008862994 144.4699524344204917
0.999998724855616139 -0.0008279582677730419702 0.001362822608297364164 0.3870456244976731019 0.0008166767889352009261 0.9999656210073792906 0.00825905317549569494 -2.476238857676324567 -0.001369615361425681726 -0.008257929554718849638 0.9999650455317122821 145.7474841537151633
0.9999979039409238046 -0.001132082343543470114 0.001703823831670125055 0.3794707409966738831 0.001121993777055072146 0.9999819589251157659 0.005911435590897942162 -2.493964546995589338 -0.001710486756217917056 -0.005909511407998540439 0.9999811565441560912 147.0212769764281688
0.9999966385542955472 -0.001613581019084800146 0.002027744470002666288 0.3735258485735690193 0.001609249413564236338 0.9999964832762743283 0.002136789064284250715 -2.516322873541627203 -0.002031186630088887678 -0.002133518608301211966 0.9999957419479961196 148.2907280299600075
0.9999955411710803599 -0.001863122028416753367 0.002332150250844385909 0.3692627705393439208 0.00186581983604891229 0.9999976540356760868 -0.001154450275965799265 -2.542442517363754373 -0.002329995285849810905 0.001158796639618749373 0.9999966949185690179 149.5560884019338914
0.999993396040957605 -0.002251185452952595301 0.002851762255113554721 0.3666814069736931692 0.002257843826276529665 0.9999947902237267261 -0.002333191607390617487 -2.571318812993977687 -0.002846496306423855916 0.002339615176135815752 0.9999932925754987378 150.8202543017449955
0.9999929402721635663 -0.002212654623161584497 0.003035798847736919867 0.3639600611024311205 0.00221937760039595585 0.9999951507603684897 -0.00221245004109739277 -2.601046743842828857 -0.003030890082809622067 0.002219172148379302927 0.9999930252341008297 152.0865267192183126
0.9999943159606008436 -0.001796324815374153363 0.002851977156160439512 0.359307315666789362 0.00180084216955438527 0.9999971888257709329 -0.001581589032610586538 -2.63040639193236947 -0.002849129446972496933 0.001586716143603614194 0.9999947631510971435 153.3537953845242896
0.9999959693706328423 -0.001129869544639108261 0.002603295714439555087 0.3534157876157879574 0.001131663638595768262 0.9999991846265591233 -0.0006871670641074980939 -2.658757212911557755 -0.002602518554321904629 0.0006901104859060645889 0.9999964560840683969 154.6207136371953936
0.9999972617411326814 -0.0006032341184395995093 0.002259453760259263339 0.3468717438258479002 0.0006037747375818381182 0.9999998504928877541 -0.0002378749007065141809 -2.68633616810808995 -0.002259311321236597177 0.0002392385850475480208 0.9999974999032860135 155.8881115850199137
0.9999980981066287633 -0.0004657809103849714044 0.001891915530974362008 0.3400624288327272482 0.0004663347899121278927 0.9999999098454815938 -0.0002914701891912344013 -2.714579222649725398 -0.001891781014604763294 0.0002923520358732282251 0.999998248613477303 157.1569388716384879
0.9999991104983239065 -0.0004639063582360782121 0.001247520492049811278 0.3329084488279046572 0.0004639631557133688106 0.999999952460973951 -4.393457357690898086e-05 -2.742914604909514331 -0.001247501506202037787 4.451347263245082121e-05 0.9999993016461753426 158.4263878825094878
0.9999997620979911295 -0.0004560495560628735731 0.0005102330073608752747 0.3249291882514488417 0.0004556352714317642421 0.9999996251753501264 0.0008149599872247876783 -2.769538291752772441 -0.0005106059789323872137 -0.0008147271812197098189 0.9999996185170786367 159.6948719603158509
0.9999999798274901153 -8.535451095057389366e-05 -0.0001599255500594289113 0.3168405523132072354 8.554238931378763046e-05 0.9999993788193031197 0.001164970858793297741 -2.795361369049691458 0.0001598244732755653376 -0.001164984384785777878 0.9999993893996138583 160.9608754556250858
0.9999995250034492411 0.0004402297976953937781 -0.0008652798186839824168 0.307926032130991234 -0.0004399095496761956658 0.9999998964424945402 0.0003683845598508177525 -2.821343768179196854 0.000865440318545429273 -0.0003680036059392655535 0.9999996385586700232 162.2261362913963865
0.9999982732100884952 0.001068857299494694983 -0.001517775244494475083 0.2966189724481920198 -0.001069687637056278761 0.9999993390932540027 -0.0005474420532674170422 -2.847471088606403189 0.001517187480471158222 0.0005490647909200896621 0.9999987790992883596 163.4923322489547672
0.9999964063635253808 0.001594150568394164759 -0.002153710030332975367 0.283590382043581557 -0.001596272190038731638 0.9999983023932267345 -0.000984497918815499572 -2.874325854423808835 0.002152135274339009741 0.0009879324276264114541 0.9999972769124029215 164.7583396347216365
0.9999948095118610381 0.001621896570485376879 -0.002782611187820257983 0.2694651881237803415 -0.00162646743211790107 0.9999973906621837383 -0.001641762101092182321 -2.902757584114990408 0.002779939459007128681 0.001646279548283217497 0.9999948616008137448 166.0246080439303853
0.9999926941811482228 0.001735286787835336846 -0.00340483329264436264 0.2544251493774654649 -0.001743663434771688817 0.999995516840964549 -0.002459277498669415821 -2.932563651563076412 0.003400548739535488602 0.002465196560693935519 0.9999912602621788826 167.2919107356803465
0.9999894045344109861 0.001900323436818887038 -0.004191910951491040552 0.239820583759747491 -0.001909810431752846432 0.9999956819402430197 -0.002260715528098913071 -2.961997695557308408 0.004187594974697289238 0.0022686974755547081 0.9999887392290623955 168.5596053563488681
0.999986026772090475 0.002084786080509460574 -0.004857206719633149275 0.2263038114437923576 -0.002091005146340263205 0.9999970608260472238 -0.001275988317230564769 -2.990467257238512033 0.004854530454076195177 0.001286127074052776688 0.9999874703887330352 169.8270411329957028
0.9999826087848399103 0.002451633563803343793 -0.00536322218462042654 0.2128928472815914963 -0.002455011692118884339 0.9999968530198481975 -0.0006236800446037687497 -3.018542760644432832 0.005361674413524085935 0.0006368361111729604852 0.9999855040995375699 171.0941655599152398
0.9999777031054115639 0.002652369160274547014 -0.006127867788692751248 0.1973221971174930756 -0.002653577545909122874 0.9999965223867316455 -0.0001893386429313299152 -3.046011759154457987 0.006127342377042451979 0.0002055953324437698182 0.9999812872878865999 172.3616877396482323
