0.9999991775216615641 5.893483239945939399e-05 -0.001278280612326780554 -0.0004158422648843619293 -5.880218693957282064e-05 1.000000054071243261 0.0001025329367735883067 3.415574168410288126e-05 0.00127828511484932828 -0.0001024575510506884631 0.9999992585097333686 0.0001362268159833752762
0.9999806563683907301 0.0004499636373662544483 -0.006202979260661237344 -0.00416621302557016078 -0.0004479443250454079404 0.9999999073750828193 0.0003266623386469122946 -0.000699773390206242748 0.006203123762055551965 -0.0003238772918780766425 0.9999807887548661789 0.0320050999229650468
0.999908778784596497 0.001175156616935427341 -0.01345532128080860652 -0.01395753276793718252 -0.001171597884164163458 0.9999993376763121056 0.0002722437322451470333 -0.002924469210251553 0.01345562994512659698 -0.0002564545277290018093 0.9999095167816046681 0.1267785348133787238
0.9997727379914781443 0.001827206642242827552 -0.02123973340650688393 -0.02826808944606704066 -0.001835915813684445589 0.9999982994658264124 -0.0003906259011807204553 -0.005434505939784826413 0.02123898070594150075 0.0004295316417540510283 0.9997744158874470877 0.2567319900795344556
0.9995331191747330868 0.002144587588628391137 -0.03047846883092624262 -0.0439200791880906341 -0.002197771475607181516 0.9999961811152615621 -0.001711626313319528471 -0.007132072553500182037 0.03047467831472685379 0.001777812062092531996 0.9995340388268614262 0.3856268931211615514
0.9991319486935124061 0.002197954616097805812 -0.04159940895753396622 -0.06020714892075504365 -0.002336204720526418189 0.9999919690057945676 -0.003275084776111095251 -0.007923156947639963671 0.0415918723184524608 0.00336942674986555812 0.9991290829735528511 0.5076041333993261961
0.9984843913794118064 0.002021550807058829051 -0.05499842146562344131 -0.07938196744298192664 -0.002257537410565220708 0.9999885704067211778 -0.004229029415341952272 -0.00810765475934565813 0.05498923877523712728 0.004346781050329530556 0.9984775662512027639 0.6299898582339884534
0.997463676965464896 0.001666917734654512753 -0.07115776539281820634 -0.103530362410090046 -0.001985609262273052827 0.9999883736222283659 -0.004408183955629177767 -0.008861112923260236474 0.07114958413781477531 0.004538295103683756375 0.9974554133149708957 0.761746971055545119
0.9959762771825969585 0.0008525141865148759893 -0.08961317895394023403 -0.1339346584134894769 -0.001250574050722532467 0.9999896607799098058 -0.004385944452204059915 -0.01095471681456415894 0.08960850635100603423 0.004480364767480783487 0.9959670690536074344 0.9078350717979664086
0.9939469686324315933 -0.0001676290923751407708 -0.1098607716622729408 -0.1713328033162197506 -0.000332434009704796207 0.9999897295604800451 -0.004533472587430361495 -0.0140128638163131234 0.1098603950597784318 0.004542553033686553936 0.993936727943795062 1.066929660946002389
0.9912355950300696383 0.0004508951591061153663 -0.132105208191968998 -0.2168037951760122262 -0.001115601655726953774 0.9999871493543234235 -0.004957688003625428975 -0.01810555102891095794 0.1321012655778166234 0.005061613867818931696 0.9912233832776217168 1.235333677821927711
0.9877524957473070577 0.003479444330293425362 -0.1559900491285418078 -0.2718836347381138885 -0.004487420089725696268 0.9999713253949700231 -0.006110118926601740968 -0.02430893145691552515 0.1559643053269003377 0.006735278383029173407 0.9877398092269497054 1.409341975809644598
0.9833997253581321374 0.007389327726911239756 -0.1813018852183835294 -0.3362081042338157522 -0.008902070832664026045 0.9999320737578106799 -0.00753147388908360655 -0.03214739888846067373 0.1812339049691888693 0.009020411887909387388 0.9833987300912724328 1.586761588345011464
0.9779628333844004873 0.01056318214433619312 -0.2085116596939829148 -0.4075301166233466499 -0.01256552379819175086 0.9998868231068795964 -0.008280741003958600258 -0.03959684841285538576 0.2084005758027839272 0.01071831549203342872 0.9779849054413085607 1.767607130602119714
0.9712536611444370083 0.01211394480666888596 -0.2377384607702063835 -0.4860132169423629911 -0.0145353514790579029 0.999858839760689011 -0.008434819843513628387 -0.04545280057623948128 0.2376027066241914454 0.01164796210228663705 0.9712926619692482388 1.953970405477443162
0.9632461672968083422 0.01341912027405075571 -0.2682848251878269252 -0.5735132382362354564 -0.01615562892949381352 0.9998375864866373419 -0.007994896654790218174 -0.05032292697170479695 0.2681339497893521218 0.01203536402935882592 0.9633065400215213847 2.145985998759550206
0.9537667992727397737 0.01544906755010894486 -0.3001503282087602531 -0.6702987201495449465 -0.01836089155511404225 0.9998077940346368209 -0.00688292890091815688 -0.05442354965043424281 0.2999862829235670492 0.01207573710335013012 0.9538671606282599358 2.340993787067442877
0.9426046381403961893 0.01809826628268337845 -0.3334200824100132521 -0.7767702426900544577 -0.02124363262341236874 0.9997576242014476477 -0.005789902692758283446 -0.05738701743665220595 0.3332344604697395907 0.01254064330800189371 0.942760668618187192 2.535602391811700773
0.9300944420467294194 0.02094287305974232294 -0.3667229600184878646 -0.8931604622456554843 -0.02451921085479484563 0.9996864305816725027 -0.005096159729447047315 -0.05972719020202533341 0.3665012148947571213 0.01373166788607325765 0.9303163174119712941 2.728190247406765412
0.9161443007761352897 0.02314548948195950875 -0.4001798510061342351 -1.019012056518534326 -0.02722568996706102584 0.9996191860801215689 -0.00451294215389542834 -0.06131024528828106501 0.3999229768826645381 0.01502967928195052261 0.9164255936869182273 2.919916977947803804
0.9001462110127561589 0.02330121293660792486 -0.4349642070876381661 -1.15347942858479291 -0.02786320413964945772 0.9996033450483837735 -0.00411296005231660388 -0.0618801932765053464 0.4346958115145237445 0.01582176242609253589 0.9004384311312657596 3.111931747763014844
0.8818856497999960631 0.01981382927845471223 -0.4710468392871176579 -1.295726441549875041 -0.02484469832069288384 0.9996814179011931367 -0.004463821332208982307 -0.06279109836468164951 0.4708082967171687283 0.01563959714672123053 0.8820969861171169546 3.30167197827137171
0.8607609581299471291 0.0164312849331781051 -0.5087441409327885244 -1.448272022355186373 -0.02155186850118534156 0.9997590778251470578 -0.004174364390854165725 -0.06576571530046007585 0.5085529506589199222 0.01455751730018746415 0.8609077268104048386 3.485541360656067233
0.8360973228957501169 0.01782713246994925213 -0.548291417643467005 -1.616835833688063939 -0.02228707397016869984 0.9997505778612154614 -0.001480015077279968339 -0.07030693733654799771 0.5481282424627447192 0.01345724863294331733 0.8362861159462838812 3.662974770652576595
0.8075759789617835693 0.02254322162587022588 -0.5893325580852752932 -1.804348196144382577 -0.02633742110605554604 0.9996508632621903256 0.002147988496664667273 -0.07524969891413571532 0.5891751858187592727 0.01378683647666352312 0.807887773787293928 3.834292002443511649
0.7753655835860570056 0.02585641951157653662 -0.6309831093980435845 -2.007873105484621057 -0.0298227841253872368 0.9995459598613076757 0.004312502778969323249 -0.07953079638868709722 0.6308080839285188368 0.01547390749574616663 0.7757846651009994154 4.000858523849784909
0.7398103326952689685 0.02548115230863599867 -0.6723328149533785991 -2.223875272993794727 -0.02936695649023408905 0.9995532488548285466 0.005568355366337453087 -0.0821424889969155636 0.6721742954464571262 0.01562484239100444226 0.7402281428340306002 4.163593411448283987
0.700686597185749549 0.02243900706187142505 -0.713116273688388147 -2.452526315247304023 -0.02503701046794563206 0.999663083427272614 0.006854908718498146231 -0.08260975540929636762 0.7130297857432175146 0.01305115767196657513 0.701012346354695115 4.322545861612001161
0.6586322375780124805 0.01943935705432519451 -0.7522138845803904017 -2.695481450096015141 -0.02035195138261279915 0.9997607979221995178 0.008016674422901574545 -0.08174749192847172163 0.75218974552466078 0.01002898094198269828 0.6588703356806210332 4.476580382143381165
0.6141018344993376399 0.01872710730726271158 -0.7890046122950731267 -2.955662988085927534 -0.01742752656208752804 0.9997965072394323638 0.01016599718050921648 -0.08123120074432500781 0.7890343861771685896 0.00750744208516741611 0.6143032507892320915 4.623252600156415149
0.5665120162864866193 0.01939951233362326166 -0.8238251300791915588 -3.235756591180491526 -0.0154246247288451592 0.9997974055524732062 0.01293641683870863472 -0.08076774309706308275 0.8239091366907389524 0.00537855866837890894 0.5666964875861936202 4.75951370680472774
0.5161023294498936487 0.02037813523495219173 -0.8562845159985016386 -3.535367683395675087 -0.01405244606312036106 0.9997838980659501384 0.01532344649009124635 -0.07895264449687383612 0.8564116814457287674 0.004124426346152514251 0.5162771734932233292 4.882510897923044269
0.4636841243842592664 0.02200803604567307808 -0.8857272371513206233 -3.85263074966373642 -0.01318652724449978671 0.9997522017092262958 0.0179380257124277312 -0.0752917838881187601 0.8859024813738136661 0.003362089413732623211 0.4638594446971467944 4.990920155991713791
0.4096996963273979442 0.02415017868475094129 -0.9119007572712702903 -4.185393567562902817 -0.01240286264539012043 0.9997046311522429507 0.02090314679451692539 -0.07067457982001178196 0.912136168607441844 0.002746167773906565013 0.4098782247628885989 5.085286011568790343
0.3548215611581116424 0.0264421456511289496 -0.9345600780911020866 -4.532579493032124596 -0.01162603436448850572 0.9996475356011801372 0.02386968772144972342 -0.06688740918515831413 0.9348617870725939305 0.002395748562846044139 0.355003924810760374 5.166725496793780792
0.3001050535368386396 0.02905700729140425417 -0.9534635373281429294 -4.89581551292193673 -0.009518474277082378601 0.9995774702386855948 0.02746637488930633517 -0.06407907523912267922 0.9538587025637114136 0.0008327210924426609734 0.3002548356396738671 5.236357638588184038
0.2464275476279516042 0.03109412995607950189 -0.9686623204707613954 -5.277014745664647677 -0.005747503748833625477 0.9995145629558720435 0.03062232460896611996 -0.0607344319364063745 0.9691442108860397475 -0.001978793196205077751 0.2464866419781496509 5.292788680932861034
0.1953620841229128102 0.03199189670742516589 -0.9802092882187517509 -5.676668851921222725 -0.003554027515968235119 0.9994844038671156783 0.03191265338449376932 -0.05587826963329857455 0.9807247822296800699 -0.002750830849366468767 0.1953750608524054688 5.333086732838588695
0.1481154266266813124 0.03283960845242381299 -0.9884247345594193712 -6.094628012935717543 -0.004828769298895025167 0.9994606949479566405 0.03248267800741661687 -0.04880980773060671074 0.9889583299240746195 -3.830984154098080981e-05 0.1481941255990402995 5.355394405820780079
0.1053790138786744879 0.03299862075245788007 -0.9938845157706042155 -6.529211819380803306 -0.006996363799206941313 0.9994492070545121232 0.03244157110694020213 -0.03925942540365028738 0.9944075574179944699 0.003534917746603043545 0.1055518446942512317 5.360056412749658605
0.0672789069338246698 0.03164962694931818671 -0.9972321327152998682 -6.977999942172819381 -0.0078475311422214096 0.9994826769658258225 0.03119161458590989297 -0.02909698363666939763 0.9977033835127563366 0.005727273363813283925 0.06749247502360357365 5.351137324870022027
0.03257615680254005025 0.02919391533490563878 -0.9990428350580535799 -7.440868578135869882 -0.007326559807166586023 0.9995534934908798519 0.02896993769793209175 -0.02101748283677896609 0.9994424407697896084 0.006375818732495601611 0.03277550307390478951 5.33231854371276448
0.001007911335122135127 0.0266916914323483169 -0.9996432437282565253 -7.917916066517978635 -0.006741850840286495519 0.9996212369583139523 0.02668430599526253749 -0.01475910318046902772 0.9999768040224815691 0.006712551114244336842 0.001187481007719344258 5.305691408762406525
-0.02591914227953785038 0.02458958862588647362 -0.9993616097821992339 -8.410829353012996279 -0.007081729035355768809 0.9996678865879443654 0.02478079403249844326 -0.00765346339687582311 0.9996389969299382949 0.00771950594444044836 -0.02573639798259002784 5.27197779131991684
-0.04707147391116926066 0.02251497235590591006 -0.9986377867445932477 -8.922027105137715353 -0.007589351350120726938 0.9997090866385143215 0.02289685457337742661 0.00193132189211269855 0.9988627308081726719 0.00865680262014599522 -0.04688690725222083994 5.230772475791884979
-0.06349188263423238832 0.02145249489248329811 -0.9977517967285618461 -9.450524232343795461 -0.007306571827557293078 0.999732210777413699 0.02196002852625559068 0.01205961850253779721 0.9979556461222280905 0.008684429614111201581 -0.06331813748051388913 5.182655269496144967
-0.07661116494679039157 0.0218318846231985407 -0.9968220375853342752 -9.995227709473413213 -0.006927939166538811533 0.9997245195313784194 0.02242790268236256185 0.01935084892067807927 0.9970370152149924392 0.008624151077321430547 -0.07643881188927260928 5.127380213664942232
-0.08651908043353137567 0.02303627014046282992 -0.9959838629325717951 -10.55418339958772478 -0.007460167661930672788 0.9996896786477790231 0.02377003188263024369 0.02379334457437857347 0.9962223000626956315 0.009486768796644057603 -0.08632037930021453642 5.066094617112166354
-0.09332356423201393358 0.02442313219589051232 -0.9953362743818109371 -11.12789325504480509 -0.008253655830082268913 0.9996458223996196324 0.02530274760201000825 0.0284528258928238402 0.9956016602808647198 0.01057650652730580433 -0.09308893316938283979 5.002021816815963362
-0.09764711905649980928 0.02542076009787736998 -0.9948964273459608432 -11.71890482785812715 -0.007968816328965802609 0.9996217719839389781 0.02632362163021504525 0.03561013895578327149 0.9951892355088648445 0.01049857360178316212 -0.0974076150943038177 4.937586432009748449
-0.09926632586182516926 0.02650430137148907309 -0.9947078940963370863 -12.32599105175162357 -0.006266652084193816141 0.999608788069401677 0.02726026421732826235 0.04506696349899929482 0.9950412061638153061 0.008939515452278418151 -0.09906140077634968677 4.874648457277090507
-0.09846527014032591119 0.02844303359030967912 -0.994733964659498815 -12.94771616095668954 -0.004724618110561378502 0.9995668870292110375 0.02904889779914437975 0.05533556668723239175 0.9951293106500067598 0.007560046550866167739 -0.09828824338586217291 4.811669512734778387
-0.09695778509328706329 0.03020325475938673634 -0.9948301500091729643 -13.58437913105844075 -0.005211234572530430535 0.9995104014045560481 0.03085324366321829173 0.06534751126472246319 0.9952748903300103755 0.00817575631840103921 -0.09675292071917815373 4.745572997123633563
-0.0953745692927660399 0.03000645329317851162 -0.9949891358085286575 -14.23641096378262993 -0.007122953174210595179 0.9994994697356917035 0.03082524383962087153 0.07499988773660665187 0.9954160092496903145 0.01002720626341245709 -0.09511309910076047591 4.676424704217825301
-0.09376373025401746331 0.02857262294173605957 -0.995184427240206837 -14.90433188466519709 -0.008359396327516746203 0.9995303284410416156 0.02948499849450558763 0.08517851785395083586 0.9955594205295394961 0.01108376538258447341 -0.09348084440717153998 4.606589713860572033
-0.09222694319236714178 0.02837168748481226979 -0.9953337703704333572 -15.58854094086154696 -0.008603288938366543057 0.9995340334673963323 0.02928858951142108286 0.09740035575336844498 0.9957008842086007006 0.01126434198964587456 -0.09193988085199465699 4.538345296628842007
-0.09053147082364793041 0.03069794795773892263 -0.9954203960881699009 -16.28778383431194854 -0.008898501096613912684 0.9994600373516993042 0.03163182785205290171 0.1119854792636129082 0.9958538778039650596 0.01172142627861576247 -0.0902094236002821126 4.472537154137508075
-0.08874260384502127841 0.03397455447008926321 -0.9954750404218188908 -17.00045562793294351 -0.009935707518068768659 0.999338258361627596 0.03499213070061357039 0.1279071452715315749 0.996005074520892375 0.01299604253027455449 -0.0883463200016967598 4.407615786657241408
-0.08695346689863421574 0.03580340915137225632 -0.9955688256997921037 -17.72591729268668104 -0.01152462530595693702 0.9992510017212580253 0.03694239690490564582 0.1441764711480151007 0.9961457494370378196 0.01468582806871402725 -0.08647572005138197404 4.340592009858053046
-0.08508961615129355394 0.03514031447229267607 -0.9957534794169493608 -18.46329184831389014 -0.01309018549699609429 0.999252266370412201 0.03638237636353779808 0.1592576472358003814 0.9962873485124545958 0.01613036110025501541 -0.08456600052895582587 4.270492853068565964
-0.08325814096306746737 0.03317086859927247805 -0.9959758288838127527 -19.21491697942819243 -0.01424815172774418146 0.9993041275669847234 0.03447278500067207235 0.1729573719870646231 0.9964261882836240591 0.01706095563127091666 -0.08272758228614492115 4.199655519205452769
-0.08172378537222189931 0.03275402184251586385 -0.9961166966089263219 -19.98187819249260855 -0.0143338604087384202 0.999317898945787042 0.03403526696206841257 0.1886599033039530471 0.9965519755290820347 0.01705968944401441145 -0.08119855181625129648 4.129676787397465354
-0.08045692306318572018 0.03428968631547368862 -0.9961681470846249775 -20.76147046676175734 -0.01327957788770830518 0.9992825897384879363 0.03546943426695572943 0.2070324269929732508 0.996669660890216691 0.01608245494943539786 -0.07994385175249572872 4.061702756182060448
-0.07937252116465694229 0.03643992167599951343 -0.9961788048977117116 -21.55207170280424478 -0.01234269231067402356 0.9992191633683301655 0.03753456568137749499 0.224474532438242308 0.9967686479021296009 0.01527474248675952939 -0.07886077929779153339 3.994959458054245793
-0.07831315628021968955 0.03720687979512172366 -0.9962342967389923309 -22.35097844158687863 -0.01218009609256973276 0.9991930760427178981 0.03827485030763957963 0.2396005118486066454 0.9968544384388940971 0.01513165470029686176 -0.07779678196834809156 3.928064053846772374
-0.0774499193347392284 0.03348727491748047791 -0.9964337352690330052 -23.15647697669932725 -0.01194336007362413639 0.9993329419628803612 0.03451303190589057046 0.2523303692289465272 0.9969247427855640886 0.01457379932937191529 -0.07699830696412686415 3.862106953134535559
-0.07703012432822420319 0.02694989995514032385 -0.9966645068540074259 -23.96848566586835716 -0.01051726851502859245 0.9995570965998379354 0.02784097355274062907 0.2633136438662600498 0.9969733314624373843 0.01262678279240142358 -0.07671256988648274266 3.796704223467807449
-0.07715208953577265549 0.0227462582772054063 -0.9967598703811393346 -24.78734836342819747 -0.008035357478965408917 0.9996931272292454151 0.023435155452625301 0.2736174756407669939 0.9969869932693856684 0.009817393983909046898 -0.07694564114613151873 3.730510069228468062
-0.07751348478567243738 0.02370565032082568718 -0.9967094753238838756 -25.613804718020873 -0.006317926945646613716 0.9996855910759897546 0.02426777512842464082 0.2835765283327935093 0.9969713236145275603 0.008178218355365194855 -0.0773393450991229775 3.662587749665303427
-0.07769962436248332993 0.02981440409062999231 -0.9965309558930237621 -26.44747082965082186 -0.006205225748310476061 0.9995189891559494999 0.03038762269996475585 0.2954656110934352209 0.9969575418138053591 0.008544807298250823094 -0.07747724670729898289 3.592436401194986306
-0.07820058073655217212 0.03724035991071162482 -0.9962418888590707233 -27.28776225420700996 -0.006730219637950161406 0.9992596366232271432 0.0378814584251874753 0.3102732792331447942 0.9969149662544956048 0.009667279653678405651 -0.07789204991291788505 3.519877300775228868
-0.07861838270505266957 0.04202653491067388086 -0.9960185724175231181 -28.13258028867507932 -0.008018261029486016545 0.9990520832337542734 0.04278743524459554387 0.3266796145576865151 0.9968725766173596181 0.01135021674658335741 -0.07820688112593052188 3.447097898983665143
-0.07888227170236759844 0.04274593054142013238 -0.9959670923099323003 -28.9778857120997273 -0.009857480972729612198 0.9989980184592034407 0.04365674425012259358 0.3428560352492446284 0.9968352390927018858 0.01326147071374015642 -0.07838186776023635394 3.37540272609314318
-0.07914988371277235923 0.04009590407821392311 -0.9960560680586700855 -29.81978824557265639 -0.01095949126278898504 0.99909543841134274 0.04108913024252178192 0.3578395880350004332 0.9968025190944044267 0.01416846855132797636 -0.07863885889883047431 3.30430750585222599
-0.07917510876343390736 0.03782338629024545318 -0.9961429465381108628 -30.65665611915808242 -0.01136514707195385165 0.9991807896541239353 0.03884205375966772594 0.3728296056110561585 0.9967959732047906307 0.01439663582133966606 -0.07868038118931973413 3.232258636027621979
-0.07943560071541404255 0.03846782078506440911 -0.9960975295791991702 -31.48993090601736 -0.01197486467020883114 0.9991462717342602939 0.03954051614536367026 0.3891090697228020145 0.9967681097249697642 0.01506905866785481982 -0.07890713919702542489 3.157876334633467508
-0.07956549300396784097 0.03999121111446584526 -0.9960271641289143441 -32.32233913531930369 -0.01317097194612777689 0.9990655945889148626 0.04116534133336927082 0.4063574103164847573 0.9967426620890977862 0.01639398741816059171 -0.07896442530557479245 3.082684983597831163
-0.07942058727991067879 0.03867407494335911577 -0.9960907401306380304 -33.15554079107164398 -0.01462771947351622359 0.9990943851477994686 0.03995699566435387262 0.4220493433097246561 0.9967339046844275741 0.01774394488843998585 -0.07878295114149561074 3.007196830242929053
-0.07900901887811320745 0.03432345745679486054 -0.9962828672361512261 -33.9902621382368153 -0.0159055805698079776 0.9992365095625959093 0.03568658803662994733 0.4339619361396193087 0.9967470411569326894 0.01866602063989053831 -0.07840276356505605782 2.931756567358315024
-0.07842162362710622392 0.03096573326728330189 -0.996439284988799745 -34.82519802329824898 -0.01635187293515349971 0.9993431219400853438 0.03234289686623401799 0.4435233570184257679 0.9967862066753665484 0.01883003198091115146 -0.07786376427021507451 2.857292970945120913
-0.07793607022035184406 0.03106677924279463779 -0.9964742347653534615 -35.65914640059460083 -0.01570504073606573611 0.9993521386617653102 0.03238482276007841054 0.453615737139260955 0.9968346890428890772 0.01817361518779592525 -0.07739767523200005717 2.785633246920626416
-0.07753901436609711428 0.0336408516349203171 -0.9964216330045307934 -36.49399982466987069 -0.01446492450800069066 0.9992874677450405141 0.03486323095046056642 0.4657501150456619388 0.9968844184962533106 0.01711642517686526657 -0.07699715474059369569 2.716995439658453027
-0.07719743371393983367 0.03829795043692930251 -0.9962800307064905159 -37.3295131431762357 -0.01326850567931276044 0.9991340690794412449 0.039435781707223512 0.4816421989173856888 0.9969275698966942878 0.0162634892950084195 -0.07662243128985739282 2.649661537417595802
-0.07684431017280987652 0.04330727574899318616 -0.9961021575226611802 -38.16542574215718275 -0.01275424064671912792 0.9989318434532294955 0.04441422754471426038 0.5013097732303456455 0.9969615629396257894 0.01611750820404503695 -0.07620987878695768825 2.581951823377552913
-0.07673450126429699758 0.04634461784243280175 -0.9959739299139585 -39.00098998314401655 -0.01300460156797276362 0.9987877106516811487 0.04747748437084730461 0.5222893918067852415 0.9969667864549626168 0.01659540611532142954 -0.07603878533555272212 2.512740297685626345
-0.07646877132230398 0.04622909905233980182 -0.9959997358297164594 -39.83399796173993934 -0.01343181715787833408 0.9987862270095524408 0.04738967350847023141 0.5424810615817909909 0.9969815394196901437 0.01700191734938027999 -0.07575501656017882834 2.443001799004805186
-0.07618956426338140131 0.04270555376664534469 -0.9961784289702088069 -40.6628383647536964 -0.0142112616934298077 0.998934442709331849 0.04391060614523097788 0.5608153161428417466 0.9969921097905116714 0.01750248320266047097 -0.07550148188445705844 2.373364810169172223
-0.07583822042778856631 0.03850458335836719898 -0.9963764538397708037 -41.48893791474218062 -0.01621549024092915764 0.9990744264612393399 0.03984307185589439776 0.5773485450548018205 0.996988314298335232 0.01917836124544448212 -0.07514365764076071097 2.303458238335327479
-0.07568163657729155835 0.03565973829919760058 -0.9964942294565074521 -42.31465669676821761 -0.01927952395419461201 0.9991212356846252973 0.03721798559011656182 0.5931612304435192051 0.9969456687751364621 0.02202865335540631422 -0.07492762923049994805 2.231862428444064239
-0.07604038658840531206 0.03373131844985681471 -0.9965340607083063018 -43.1397443750826568 -0.02141451330847078324 0.9991419225279728478 0.03545362247110371567 0.6080000892042701777 0.9968747939786042345 0.02403620000176732996 -0.07525280003887850622 2.158905307584567446
-0.07680979121663990272 0.03126095136424417859 -0.9965556107284595511 -43.96457388307162262 -0.02067700801160764212 0.9992435182199549404 0.03293895435360819773 0.6197555147942833687 0.9968313768875144421 0.02313582348999905156 -0.07610530484844565957 2.086298625696015208
-0.07776136230618757583 0.02832205562010747801 -0.9965696704542731377 -44.7884130251822441 -0.01728730500884217286 0.9994078806040003204 0.02975162785781417657 0.6275020869040399685 0.9968221487526991442 0.01954153189364269197 -0.07722570808923903685 2.014868026637924636
-0.07857811394418007245 0.02747032336815661419 -0.9965294464809938413 -45.61016180987108015 -0.01327999057777349938 0.9995027944585542778 0.02859943741755712962 0.6333803548871649314 0.996819541581263624 0.01548119242216512356 -0.07817424066553302353 1.946054359131330402
-0.08021899296730905515 0.03055425952797031011 -0.9963089012569275038 -46.42846065451593063 -0.01057780563120364406 0.9994477691253019769 0.03150220518668033626 0.6415112852334990956 0.9967211745499239273 0.01306583798115044763 -0.07985149841409748539 1.878475218515653022
-0.08219660174084558735 0.03570876397159794546 -0.9959762442605368804 -47.24279829386009766 -0.00918376607379809036 0.9992883899302567041 0.03658543857877749605 0.6544657194747450779 0.9965738576142934013 0.0121540124577931407 -0.08181017079197662467 1.810228819215830454
-0.08404595752210852755 0.03878442063732705225 -0.9957068454114608169 -48.05292273100074851 -0.008834923119784423434 0.9991740274003704236 0.03966521439167998431 0.6697708065001449773 0.9964227504989572326 0.01213069524129635826 -0.08363388244789028703 1.74110657945250713
-0.08551382293108142352 0.03832946927904276602 -0.9955994747433269954 -48.85937000562467603 -0.009861834758472159956 0.999178288457196806 0.03931430042922868379 0.6831316442046146964 0.9962882147441027847 0.01318035452354936361 -0.08506555833518744669 1.667743784381468419
-0.08619530985848641857 0.0353160803772656004 -0.9956521577619871222 -49.66330541931772302 -0.01225506011749735724 0.9992583876357529205 0.03650493605800535918 0.6928371995517726978 0.9962029203857620807 0.01534833222713012126 -0.08569858766948812434 1.588367210393061946
-0.08727431396063213553 0.0320697553249085221 -0.9956680175312950798 -50.4644068224501936 -0.0151880646637583324 0.9993227392032566492 0.03351876644716517833 0.7001129917715978035 0.99606856858548809 0.01804759849555231943 -0.08672813100231749339 1.505284106313424797
-0.08881845694441416195 0.03091489565630037642 -0.9955679922172703256 -51.26261512426731315 -0.01750484113140254872 0.9993154671978795589 0.03259293860954076 0.707728883426478439 0.9958940399110595143 0.02032211497817598689 -0.08821649952562013453 1.42140504946600954
-0.08981758768303224616 0.03167135721181719293 -0.9954545706622325296 -52.05688003635201255 -0.01944781029401752154 0.9992479763980453011 0.03354677963715187172 0.7172104030158960031 0.9957683767272496045 0.02237250339933898394 -0.08913410627719677015 1.33998373278809435
-0.09088410356631186626 0.03251568422791936003 -0.99533054115507269 -52.84638376945549254 -0.02141483397248233889 0.9991719591438216197 0.03459657533274840269 0.7279118533665888124 0.9956312374876198357 0.0244591179603804755 -0.09011253194564508573 1.260525027404371556
-0.09193895376859320678 0.03252552595740232366 -0.9952333370024744053 -53.63164151591538342 -0.0227134760380056748 0.9991379089713304795 0.0347513875302416439 0.7376084323776177509 0.9955056018057750755 0.02580021570682775392 -0.09112092839993840565 1.180843799014916318
-0.09259690209434527641 0.0328334997238653517 -0.995162223532721546 -54.41216958426471706 -0.02278650407065656996 0.9991246062477086021 0.03508444805598984195 0.746324443071832988 0.9954429493375961391 0.0259249802023624118 -0.09176768481783287301 1.101070551550725529
-0.09309096461814095336 0.03420507374498387571 -0.995069927871412907 -55.1867011846056883 -0.02191517982792526992 0.9990972644208375719 0.0363937247154382526 0.7564096995060801687 0.9954164322656652297 0.02519506428982785581 -0.0922573199098008917 1.021252881929624268
-0.09323603576334134335 0.0370888098254952836 -0.9949530330276632473 -55.95540872509461394 -0.0213174802682311558 0.999002559203430951 0.03923740340662847104 0.7688532544008157554 0.9954158342589913833 0.02486823253257894328 -0.09235240052775038622 0.9417284673495839309
-0.09333890102732426974 0.04064586677171478507 -0.9948044225732196599 -56.72051702102218229 -0.0215221930137942663 0.9988505707029282643 0.04283053473782272302 0.7830478050126590261 0.9954017888192828734 0.02540812877162679229 -0.0923568285317978438 0.8639586657961801919
-0.09389832618377944029 0.04277361102755589811 -0.9946625551550478672 -57.48278879890120407 -0.02149997591752564677 0.9987565942475510328 0.04497931278236660252 0.7981017206333096414 0.9953496530311355395 0.02560870409928632865 -0.09286194303135934802 0.788719101401114786
-0.0945629854942942466 0.04306907550483839858 -0.9945868351156511578 -58.23981122504341101 -0.02082468097978180943 0.9987595937159449155 0.04522973271683669583 0.8136953087688967301 0.9953010855219950326 0.02498901303838403296 -0.09354879140501927426 0.714931808852716566
-0.0948761538216603556 0.04120872842995701446 -0.9946358289399717112 -58.98785764745446158 -0.02044277236660061933 0.9988515571119926939 0.04333338216765383888 0.8282292419652788062 0.995279199468428355 0.02444441940178235587 -0.09392477552133325636 0.6400201906475118108
-0.0950258155297892676 0.03793662589421890885 -0.9947517192123689345 -59.72290366525411542 -0.02074037192932109627 0.998981289615373913 0.04007919735544502454 0.840601160229470401 0.9952587642182632033 0.0244400799816892958 -0.0941421942177079335 0.5626296499087111158
-0.09465617467500585247 0.03505794566676453949 -0.9948925696427156629 -60.44420368194272442 -0.02129013253660049301 0.9990799259575029456 0.03723108765757351252 0.8511445805583498503 0.995282379656903804 0.02470554794068557242 -0.0938226978724071986 0.4850064266820783287
-0.0933647802191410886 0.03305136805230508151 -0.9950832633498906121 -61.15236133876449998 -0.02186575363495855268 0.9991397883232094879 0.03523768273554934299 0.8599820263938994236 0.9953918741147576021 0.02504820492636977355 -0.09256177584073255193 0.410537745403658505
-0.09077358111457838052 0.03237618667369952796 -0.9953451741321215351 -61.84628619198126387 -0.02246588374804895163 0.9991505320770029952 0.03454881171722857386 0.8677504935007980258 0.9956181584804144613 0.02549742927627183034 -0.08996911432920404184 0.341732206161189489
-0.08665858298246142954 0.03303850181284501142 -0.9956901242959780296 -62.52562472177129393 -0.02258830431250995543 0.9991279099268175479 0.03511851630260057894 0.8754442626654448389 0.9959819953271508153 0.02553427333020458212 -0.08583672716862597585 0.2794022442813111629
-0.0811376926484110722 0.03444641415835093118 -0.9961075221556796588 -63.18945196714581414 -0.02233238150641270875 0.9990889410971457441 0.03636859346330138104 0.8835262491592205114 0.9964527164647539736 0.02519631790549707248 -0.08029450284777842062 0.2244161183908296442
-0.07406955166028347803 0.03602702362872989977 -0.9966021430331825082 -63.83834221801087239 -0.02253714383464271859 0.9990315941114781273 0.03778985569066647954 0.8914994441590252672 0.9969984229316551927 0.02525964445254225837 -0.07318587776919645294 0.1765366436842289444
-0.06494669349114975954 0.03748346484307837206 -0.9971845332735899126 -64.47318868956296001 -0.02372688541087496564 0.9989538098185425374 0.03909530448476589148 0.8989095957341106669 0.9976066552848897873 0.02619919485608170062 -0.06398938251952021594 0.1352409494810677404
-0.05315149781098300191 0.03898267635177130042 -0.9978253083034357429 -65.09370295161605213 -0.02607994782722388924 0.9988427594547719668 0.04041163535619516495 0.9065502661270552487 0.9982458772537396996 0.02817117188124578994 -0.05207332379413842638 0.102650944946817424
-0.03837494446370278561 0.04062206421901913556 -0.998437423345504782 -65.69876237324203316 -0.02886996013605031691 0.99871126168186386 0.04174282268511544935 0.9151131200963329437 0.9988463174980170001 0.03042672807313269792 -0.03715273269439067771 0.08138317498235186909
-0.02029231342855112794 0.04189777791268265578 -0.9989158498786070428 -66.28419821961449543 -0.03097073995532289778 0.9986157749770959713 0.0425143420232768493 0.9240158331637016165 0.9993143210626984629 0.03179987834365737009 -0.01896661955617064133 0.07414999081834072747
0.001512492854880777759 0.04276618665377779349 -0.9990840017883080293 -66.84725020566693843 -0.03163688544865297242 0.998587098762443004 0.04269702220382217556 0.9327096225636869464 0.9994983225810653016 0.03154332814341967439 0.00286334487194213165 0.08311834834345543932
0.02695837545712274561 0.04326006426690905127 -0.9987001000279296381 -67.38554766708216448 -0.03105230812430556306 0.9986173274153024026 0.04241826952618960034 0.9402853990831218089 0.9991541808200182784 0.02986841655477514429 0.02826442636291841976 0.1094225901192729111
0.05637596119044131771 0.04316695458642699768 -0.9974760357196551519 -67.8994332828147833 -0.02980909240767756763 0.9986923442790152095 0.04153482318559202635 0.9465656833766731282 0.9979645513018767788 0.02739229069613366777 0.05758900993531344825 0.1543437855521984647
0.09016176139194087558 0.04314061845845611892 -0.9949923719609305994 -68.39086974136810682 -0.02858128083299725161 0.9987620287586911338 0.0407141541677481858 0.9527630150213208804 0.9955169729063230166 0.02476729749973035147 0.09128316000048071477 0.2185521373624458308
0.1275406108852227827 0.04318097885737892661 -0.990892966697062838 -68.86175808523039166 -0.02772214173089800754 0.9988167781064730688 0.03995808663864740956 0.9587890631875650715 0.9914458890249409073 0.02237339741682246169 0.1285867742773984801 0.3026564878796523805
0.1681403185891852115 0.0432907608518854764 -0.984812072502985969 -69.31712063612702934 -0.02736283896433695448 0.9988552986821560564 0.03923632750330471181 0.9635528632326504361 0.9853832668887214652 0.02035004646710581247 0.169132410232725211 0.4085754002402021134
0.2126781453999798399 0.0437106064891550905 -0.9761441813795652678 -69.7590777214271327 -0.02654353201401046455 0.9988887728781885578 0.03894589050627195875 0.9671806650130422289 0.9767617520331088876 0.01762737547414185146 0.2136020505719055662 0.5392350957245409804
0.2604870985515395643 0.04233959577924011064 -0.9645485481662302574 -70.18705578064145811 -0.02285785328102395847 0.9990284534431588259 0.03768009860644239151 0.9691625136813091235 0.9652067451659961383 0.01223233052119234755 0.2612018216045540742 0.695933027448025654
0.3101173651753380001 0.03790575562588546776 -0.9499423365874773983 -70.60085863614021662 -0.01639105896655659519 0.9992695400921389748 0.03452305792108512766 0.9700208873353641792 0.950557005882714523 0.004864361944714336479 0.3105121596331142375 0.8763799845980400072
0.3610865673767515993 0.03248098545011611493 -0.9319664924018346008 -70.99891454883436381 -0.009970189983800586964 0.999470625340930785 0.0309707362919799771 0.9721979468189730911 0.9324790355032855915 -0.001891233050253323181 0.3612192673667176668 1.078052857337516546
0.4126645643617996018 0.0282214287877294058 -0.910445809197765854 -71.38134003841946651 -0.005843371605062404675 0.9995814405397328573 0.02833585817044001129 0.9772716588117432712 0.9108643556429939503 -0.006373130587158680471 0.4126567576786405178 1.298733709885453003
0.4631692525583380182 0.02658302156913431094 -0.8858711226670246131 -71.75020784624210535 -0.004616393850915641653 0.9996089346000757159 0.02758240197679586586 0.9837588591708978925 0.8862578578803627094 -0.008685789736835976965 0.4631108516482392856 1.538932490145348941
0.5111037063299318506 0.02520263410456731121 -0.8591495121552457093 -72.10422013586193657 -0.002376499494179990565 0.9996077006907593265 0.02790912213147191123 0.9889996247660353124 0.859515798516597429 -0.0122226866443185464 0.510963106729765637 1.800136662138705379
0.5563664690310679006 0.02087030798815061802 -0.8306749267695355821 -72.44170982495903388 0.005180009658257152087 0.9995780514118510762 0.02858336536033791869 0.9924311247524029156 0.8309209166943970493 -0.02020572951244637566 0.5560236156279235731 2.081925047784794369
0.5998349617646679954 0.01468357091895882913 -0.7999890366445273626 -72.76132845710343133 0.01385861300137788965 0.9994910044192525378 0.02873661555555259706 0.9938024517095430665 0.8000037521069691682 -0.02832396451544444763 0.5993261685481582335 2.380952071332178122
0.642063376073916503 0.009399005530797671648 -0.7665939751568653371 -73.06243621755028528 0.01657160734417150241 0.9995211320877432915 0.02613446917058123362 0.9938598530668288911 0.7664724681168225695 -0.0294836792392244619 0.6416001709426825128 2.69203169373156026
0.6833265607095215799 0.004255556833108061453 -0.7301004999296453191 -73.34892118168693287 0.01425585011735685734 0.9997146687184961245 0.01916961186903344203 0.9942021755771608404 0.7299737111571173998 -0.02350730762974830371 0.6830709357046595986 3.014790132515548393
0.7236819306597847001 -0.001597548012010099579 -0.690131831323659295 -73.62315641042641801 0.0107374654789229567 0.9999024046612875471 0.008944837258224326224 0.9944103503514732934 0.6900501446160562935 -0.01388348318399837238 0.7236284732630968719 3.3542298214955939
0.7625558158632687045 -0.005371823750720014327 -0.6469001467267287975 -73.88512497957718494 0.007507058250573427939 0.9999717339196384502 0.0005454906826409187644 0.9939143925163838045 0.6468788904477023038 -0.005272283546499108124 0.7625746058762400414 3.716489890538825058
0.7994411746417627862 -0.006883023904018546052 -0.6007049658611217646 -74.13428691622877409 0.006058315874788324992 0.9999759450382662562 -0.003395331226922969695 0.9934421199499362531 0.6007138481701026489 -0.0009248922342125050428 0.7994636623961209887 4.106398995043877065
0.8336591378880624514 -0.007851246115196814854 -0.5522235224401972342 -74.36971755664525574 0.005561724222572766302 0.9999676529923332557 -0.005820851563661439722 0.9915815905432325827 0.5522513256065965104 0.001781291741226212954 0.8336758575258005344 4.52494113205896209
0.8641827997893746227 -0.007949583464308794187 -0.5031152027495078283 -74.59265625457638293 0.004763971663126274902 0.9999597017742104521 -0.007617185920602846834 0.9848458213148874041 0.5031554495141989936 0.004185815043296847726 0.8641858666122431698 4.970797769911878383
0.8902324061003183964 -0.00552884537188971098 -0.4554730570088590946 -74.80540738116685873 0.002651973421370092208 0.9999723580882406981 -0.006955013557826445099 0.9749906039040304728 0.4554988908871978048 0.004983676533918166875 0.8902224816024854048 5.442524744586198615
0.9117478152624273191 -0.0008991409594022425336 -0.4107494616626593542 -75.00838124129339235 -0.00187494867560924843 0.999978136527039152 -0.006350838156123461524 0.9662178906318893423 0.4107461650819843046 0.006560497461684889307 0.911726216826836966 5.937521215941418795
0.9292639447882660164 0.003849853340604089073 -0.3693964051339621024 -75.19771404202808185 -0.006991300269425578841 0.9999499446845753203 -0.007166027110713875728 0.9576886959737953564 0.3693503027598418198 0.009241692270593911129 0.9292443674613449778 6.454741517947265805
