0.9999984784256845671 0.001731449358728998252 0.0001942899845489273801 0.0002046561628239469254 -0.001731386733328099756 0.9999985130058474114 -0.0003136818322828223123 0.0001762971499085504807 -0.0001948343390362633498 0.0003133450986637267952 1.000000012693637919 0.0006165091790867525913
0.9999873622105952542 0.004972152421495668745 0.0007386775002316933909 -0.001401364278884235145 -0.00497267974007722241 0.999987440895578561 0.0007159685769481859358 -0.0003500587653118324497 -0.0007351098054615484365 -0.0007196326073418729714 0.9999995516378838989 0.2178425315997409295
0.9999736228231391744 0.007246423063445130326 0.0004853263552284807535 -0.008411675001399955207 -0.007247356723133902522 0.9999718896586260453 0.00195392208606219326 -0.01310110569967458567 -0.0004711552709870154448 -0.001957387758510136747 0.999998054087480992 0.9102091655893694844
0.9999601323863388513 0.008928852240595995526 4.20908601491920171e-05 -0.01775288304714041365 -0.008928907603693685135 0.9999588549355662437 0.001638639321760822741 -0.03982633643719932226 -2.745949139029187628e-05 -0.001638949696431885256 0.9999987373102765531 1.90960475298556287
0.9999455151307565792 0.01042169730209785948 0.0005895208237806975806 -0.02429607297486523904 -0.01042235741147592987 0.9999451074282222907 0.001130789907804705206 -0.06692241479628194267 -0.0005777052108724103257 -0.001136872371213560901 0.9999992676552769133 2.880400997216399084
0.9999401530661538029 0.01087099506687931941 0.001226495959852848651 -0.02909971069578759506 -0.01087232507765410923 0.9999403676512084171 0.001084332549511610828 -0.090538718841223359 -0.001214636505863681947 -0.001097602396653083031 0.9999987407298140951 3.687310144331327866
0.9999358388886765425 0.01116357247860246156 0.001919712368645059642 -0.03299578902333622638 -0.01116768063088505875 0.9999354028902830427 0.002143605235659202905 -0.1089441932098367122 -0.001895659486305115594 -0.002164906317311434802 0.9999959405870010309 4.351666974148171718
0.9999265230689469153 0.01178809914110900449 0.002825194307279528701 -0.0350931669350913189 -0.01180125990861899572 0.9999194321556607035 0.004688448385513177379 -0.1204225124065647357 -0.002769700159764067367 -0.004721444638894372291 0.9999850990172776122 4.948424976641692119
0.9999249487631846067 0.01159410003509237994 0.003958058187220877232 -0.03618514978744135496 -0.01162700051442317958 0.999897237382380677 0.008393427332312320202 -0.1300010331336223235 -0.003860338513758718778 -0.008438817648308208699 0.9999570219154069184 5.54578609924599597
0.9999285492901798245 0.0108263691383308179 0.005067403851637300449 -0.03661144787832393277 -0.01088618306122490081 0.9998696460755638338 0.01192912266582443932 -0.1417076551284573438 -0.004937595450299984284 -0.01198343492959251001 0.9999160859652750366 6.169788261343772007
0.9999296580351750841 0.01020380786783317908 0.006045975545201257711 -0.03598544469626809711 -0.0102886244007989458 0.9998467567528223077 0.0141678973233542501 -0.154251740578705332 -0.00590048372118640637 -0.01422910542792966623 0.9998814321625358881 6.800205055155166711
0.9999185287039141778 0.01045341505076603436 0.007324930186984825523 -0.03456792500417175257 -0.01055594184223531025 0.9998449132058778721 0.01410119580317530791 -0.1670034122081018868 -0.007176389639750081935 -0.01417736842935511839 0.9998738236345583452 7.406504230704435088
0.9998976605980920418 0.01145324031679156862 0.008572289856958400373 -0.03329634386131158363 -0.01155527438800761988 0.999861892543270625 0.01194962610554845331 -0.1790560734354279815 -0.008434245047004847867 -0.01204745827503352941 0.9998919360584364036 7.975128619006503605
0.9998887597570631502 0.01134583744728164673 0.009681560848648842685 -0.03068376714122914364 -0.01143649810456104365 0.9998908439914913071 0.009361020373246544193 -0.1883356203097651671 -0.00957429638758850593 -0.00947070212020461287 0.9999093959887349614 8.506715960372513763
0.9998937310720118488 0.009475963285281475967 0.01107814126180635579 -0.02510950841899966743 -0.009558283850448533528 0.9999269841505132872 0.007401869458305024296 -0.1966915771229304222 -0.01100719340444819214 -0.007506970797516063568 0.9999113203779309567 9.008539093810952636
0.9998981452062863928 0.00635594536207650853 0.01277864215148332566 -0.01861241780798893186 -0.00642707641284947194 0.9999640986566062928 0.005533189695350364083 -0.2068947069721748522 -0.01274301548771020372 -0.005614755324184783104 0.9999031211152231702 9.481907231366838218
0.9998792780221719134 0.005265848943197871425 0.01461823311033330457 -0.01386210482221639576 -0.005323425668486999815 0.9999782758892087342 0.003902690409017472127 -0.2177490477312029604 -0.01459736520742720318 -0.003980038241607158737 0.9998856123380783778 9.922159179161806009
0.9998217380693212863 0.008229947774676145758 0.01699272127413949118 -0.0114995832178508197 -0.00827305521956727373 0.9999627926843907 0.00246817747045877979 -0.229119227025769312 -0.01697177654633112015 -0.002608319104608686299 0.9998526476466662594 10.32782424691515111
0.9997267130528756374 0.01212613764010501277 0.01998620882823233871 -0.008859315927132755536 -0.01216246428235409453 0.9999246553386915703 0.001697113016264184754 -0.2405012652280536511 -0.01996412386238902506 -0.001939730666163959468 0.9997988961448541767 10.70372093778362732
0.9996484871821708085 0.01268125024053431797 0.023282622799942157 -0.001558139729489690928 -0.0127397315001135155 0.9999161099249798124 0.00236525607472440379 -0.2493721120883133358 -0.02325067532896464215 -0.002661038923512140143 0.9997262057636655541 11.05220990210941245
0.9996111761317802991 0.009177075399367802533 0.02633002838404803828 0.01187014373249019143 -0.009255378158762385052 0.9999531573355201486 0.002853629812634056288 -0.255947125309478829 -0.02630260696726331032 -0.003096214527834617505 0.9996493124271910169 11.37231616745966534
0.9995747798990122224 0.004451232973910915734 0.02881732926406518208 0.02652118620494970172 -0.004537728141494609853 0.999985452900600813 0.002936854717762542137 -0.2620890184593498984 -0.02880383720566550426 -0.003066371017332621043 0.9995804609119981476 11.66086662624715053
0.9995075203645698014 0.001123104333635678966 0.03135997329077681167 0.03816038193683002344 -0.001246850603601754167 0.9999915739419792393 0.003926769740984846491 -0.2684402689379999929 -0.03135529849703366789 -0.003963936994638093611 0.9995005222392013833 11.91745519956807442
0.9994228965569917911 0.0003926690937411112859 0.03396633938519533213 0.0463231049271240411 -0.000554382941202258674 0.9999886176888245215 0.004751764492147847983 -0.2742492357951569204 -0.03396408635920964564 -0.004767852502364409994 0.9994117619412299369 12.14761885103592753
0.999344056932023439 0.001004907138187917902 0.0361999807981747343 0.05265277165646435609 -0.001153112668920853361 0.9999910995731439156 0.004073477367138608404 -0.2793761105152353652 -0.0361955644600679971 -0.004112547964942773505 0.9993363445503165021 12.35610841771975821
0.9992616761446581064 0.002135000633316014394 0.03836061713203316875 0.05952446479491550063 -0.002244321305448138213 0.9999936028611395855 0.002807021288112041425 -0.2847704871480915556 -0.03835437793241715937 -0.002891042256281099124 0.9992600987903977883 12.5477391446836215
0.9991715098953841689 0.00417302776016747947 0.04048298721234969144 0.06709205412775641475 -0.004255968795720164836 0.9999890779455864465 0.001962861347840617193 -0.2918136468023633801 -0.04047435304082234314 -0.002133529376056310552 0.9991783805978228239 12.72558290048232976
0.9990888885341763226 0.006613427045630508767 0.04216216320414338525 0.07365038783539083755 -0.006673296909881393756 0.9999769758520171692 0.00127944282799576938 -0.300389362701229401 -0.04215272991231684696 -0.001559637656567493301 0.9991100421565226597 12.89176331580963009
0.9990137308054750642 0.00789199543182767492 0.04369524800361870159 0.07891771628046936882 -0.00789878101814354798 0.9999688650426843406 -1.732179147152146904e-05 -0.3082520331034911409 -0.04369402312016360673 -0.000327834395798834834 0.9990449871282939265 13.048622062591404
0.9989347620541032535 0.007323111891976568331 0.04555991472476472043 0.08366775494465220064 -0.007255140407922450359 0.9999723692128393848 -0.001657059560576988697 -0.3133706231973580891 -0.04557078944765631523 0.00132475091683277829 0.9989603143323019241 13.19773145002586112
0.9988713242193197894 0.006081805860945892726 0.04710713251792108397 0.08914154607272753439 -0.005942438621114010458 0.9999776058265364975 -0.003097962187799268002 -0.3165602166707793819 -0.04712491744754255391 0.002814534451838872787 0.9988851195048942255 13.34018566438251518
0.9988153811455606768 0.00544294017275891856 0.04835495259242627436 0.09694366698539820526 -0.005241095983552240822 0.9999770812557962074 -0.004299997528030354531 -0.3196611974479007245 -0.04837724755965185086 0.00404147082865904516 0.9988210399469563683 13.47809174154710554
0.9987396678315952903 0.0059217112980436519 0.04983976220869993506 0.105451545145214709 -0.005642857943014121039 0.9999677012895923367 -0.005733814933540722428 -0.3233662952311958105 -0.04987210492554776387 0.005445349834330423695 0.9987408486257957074 13.61291756235925554
0.9986743778350956058 0.00677548087285796078 0.05102521520877248418 0.1129942317650124983 -0.006393113854807350518 0.999950338553615703 -0.007653144583345011798 -0.3277423535162767299 -0.05107453336275204897 0.007316789510578096054 0.9986681220618407462 13.74268112410198661
0.9986314175151121963 0.006846395393032497084 0.05184989392897585564 0.1195335769520427527 -0.00634262319103030478 0.9999311937133531503 -0.009874263055046175394 -0.3323479719015282052 -0.05191392779149159309 0.009531885095056757962 0.9986061529204705023 13.86928608155424847
0.9986052995573815316 0.006103774086766994809 0.05244227606481112469 0.1255944168314384601 -0.005478044678213256878 0.9999122439227050574 -0.01206721109102805445 -0.3366139245051046336 -0.05251132778041517346 0.01176309994665941314 0.9985511260381273457 13.99538544798459583
0.9986352578535542257 0.005189769045994763012 0.05196807428066198969 0.1310930011229040071 -0.004471957058196387308 0.9998931828079606898 -0.0139192916765557128 -0.3406260138851559538 -0.052034759447158907 0.01366789657578083676 0.9985518182812203047 14.12191642148109594
0.9987429525785586071 0.0047454648343551592 0.04989977853590537443 0.1354219951564930025 -0.003991305052455281117 0.9998765338666912861 -0.01520225690029842862 -0.3445948440173866034 -0.04996575784527361452 0.01498398185103319222 0.9986386056653066001 14.24940432679539448
0.9988829738128623958 0.004855123247534887804 0.04700239404251058128 0.1385715483303436024 -0.004099317922336938487 0.9998610251430903872 -0.01616317112315577426 -0.3486296805472164917 -0.04707433472191489832 0.01595243883411106428 0.9987640803107014076 14.37480333917525677
0.9990656717580637114 0.005283147550749510424 0.04289364152537025049 0.1406111931809852222 -0.004543895073932512074 0.9998398417202224442 -0.01731375275400301797 -0.3524904191634817829 -0.04297824175595796325 0.01710267197937831093 0.9989296926131643328 14.49763381343497137
0.9992890055066797617 0.005539739530608489559 0.03729326142006493539 0.1406859440737501243 -0.004857249055519089441 0.9998195862147233326 -0.01836638943566099719 -0.3558051642128757797 -0.03738827744795324842 0.0181721885434444827 0.9991356513203967227 14.62157880574292079
0.9995087374407114478 0.005498551544289421653 0.03085518224213185112 0.1376374528050027246 -0.004909680639326865353 0.9998050425642629468 -0.01912835610545970261 -0.358936275885960665 -0.03095434467219728564 0.01896747014600730016 0.9993408953483259305 14.74820727613670179
0.9997049813545529906 0.005589065736161659241 0.02363694433940131262 0.1319681796130665608 -0.005118326250761128307 0.9997883541705721022 -0.01992916730612654189 -0.3622982434297775112 -0.02374332717002765325 0.01980230642301646776 0.9995220280667227453 14.87746716543371939
0.999866231308983 0.005409738904615917637 0.01543524332864657476 0.1235081711857496517 -0.005086296342687911601 0.9997683267714095878 -0.02091756398736344114 -0.3656511661541823055 -0.01554482652081809468 0.02083625784673795792 0.9996621280497708373 15.00940442618704473
0.9999759148295316313 0.004377204239547713253 0.005385384193015993817 0.112055138978193955 -0.004257096983426297138 0.9997464301487518634 -0.02211503203207323617 -0.3689655572218444868 -0.005480821812592194357 0.0220915734948545911 0.9997410087139118051 15.14670706676715284
0.99996818556797884 0.00303402589105197058 -0.007376657552554753694 0.0967809287775030086 -0.003208459127976157326 0.9997128133477758416 -0.02375118383318200466 -0.3729831853838585509 0.00730247541057747751 0.02377409613463814936 0.9996907660446995303 15.29339396734004097
0.999723636487923617 0.002413672265130834341 -0.02338412787146162616 0.07517594446538064523 -0.003009593225923972316 0.9996707995637650335 -0.02548248349720287631 -0.3782436314287388468 0.02331492050920200287 0.02554581802913655914 0.9994018146397984914 15.45306500247822257
0.9990925813924966814 0.002717095052621735628 -0.04250439906619735836 0.0477487638724454766 -0.003842353019503266798 0.9996437473990674727 -0.02641470661045415905 -0.3837806134270587144 0.0424174813967422501 0.02655405458703055666 0.9987471155222703567 15.62740275870253903
0.9979446142096846106 0.003486049036309395339 -0.06398740031171921971 0.01478278927841805007 -0.005167178135397063055 0.9996453594540750665 -0.02612618810511076195 -0.3891420060824304361 0.06387362520568334867 0.02640312328815802231 0.9976087390186784143 15.81715567473716888
0.9961266362475614811 0.00425576245402520606 -0.08782713905363062623 -0.02513801150751416441 -0.006461482176579737106 0.9996704855459549455 -0.02484535540127219208 -0.3956408923063881033 0.08769245595207823818 0.02531661409347059355 0.9958259200097435704 16.02269229270467576
0.9933997310767092026 0.005222379155309367013 -0.1145848806043698598 -0.07313272209632784571 -0.007931251046334967386 0.999699499045148321 -0.02319760697146226389 -0.4036501844636354308 0.1144292925506048969 0.02395329829460908846 0.9931426567998605792 16.24319244597898049
0.9894853821365423574 0.006153268226138108171 -0.1445019388813200689 -0.1324955851370731574 -0.009274650318357970796 0.9997378321799254008 -0.02093728415477959931 -0.4118122964814092124 0.1443352120874082933 0.02205734189586108784 0.9892830635222940039 16.48022143213204416
0.9841086432490362412 0.006809387058491754054 -0.1774367661693437015 -0.2056195083526951017 -0.01010581283020367885 0.9997926684061259062 -0.017680917456659246 -0.4192610505069309101 0.1772795693953459206 0.01919308678262763093 0.9839734439023586354 16.73385550470224103
0.9768174426795520615 0.007476874668054339819 -0.2139433961168243636 -0.2946175348546364314 -0.01059534830590454571 0.9998536943228510943 -0.01343319148614006801 -0.4262652032597535889 0.2138116421557610392 0.01538858091347229673 0.976753771739967469 17.00106322397243019
0.9672531130941847133 0.009637260881052357731 -0.2536307094212948421 -0.4017594389319739667 -0.01216651370774927965 0.9998907168264770107 -0.008405500128760672041 -0.431463983054733824 0.253521968902907846 0.01121604804329726264 0.9672646831549780444 17.27396201336244985
0.9554826895267209963 0.01336795467090931035 -0.2947441740285463574 -0.5270014615852597339 -0.01504627771766220597 0.9998809864556370552 -0.003427028618387263637 -0.4348570014235406123 0.2946632636674744732 0.007709269609948153981 0.955570134513561098 17.54720845661621098
0.9414933895134385278 0.01704865853206539647 -0.3365999752901914777 -0.6706357819458672598 -0.01764730971636353091 0.9998435146214373903 0.001280934752930953545 -0.4386172219812705109 0.3365691185459674939 0.004734092821861351184 0.9416469446046930036 17.82293020727787081
0.9250801399093263599 0.01997819235291997675 -0.3792461098532267649 -0.8331579348775661753 -0.01870256907471740115 0.9998003127816967872 0.007047732538409761348 -0.4422797216513891239 0.3793111556318942146 0.0005731595887098808175 0.9252690784512629385 18.10289827982591859
0.9060659596283527906 0.02320850671875418839 -0.4224995269514908447 -1.014938926128937657 -0.01895046885940632198 0.9997185593944589721 0.0142759867540994019 -0.444925500320110745 0.4227119155610963297 -0.004928421072880427058 0.9062507892131744791 18.3862483898955773
0.8844152402535410129 0.02778483338628174454 -0.4658730486066048337 -1.217319478722632242 -0.0204065048490915911 0.9995738716941314772 0.02087514434437364938 -0.4467956143528166724 0.4662545094901959231 -0.008955454723309490273 0.8846053779684974749 18.671798252227088
0.8599432385287812952 0.03242044222345476928 -0.5093589664061949351 -1.442121523592748034 -0.02239470053007657988 0.9994162140617020018 0.02580369199516895085 -0.446596114125600463 0.5098981444496543114 -0.01078276846998605688 0.8601672820257638685 18.9573427031955184
0.8323695259394165991 0.03653406573604891378 -0.553015599714417827 -1.68895916162299331 -0.02453206814012277165 0.9992757401977828691 0.02909114540575192392 -0.4422589720397614999 0.5536778554733403634 -0.01064796602919920038 0.8326629498691058284 19.2414044779531821
0.8018989369472075968 0.03979002785560083189 -0.5961332670116339383 -1.957054630891739588 -0.02636208139021706948 0.9991645855187423209 0.03122969356245257691 -0.434827993283910641 0.5968778413434854269 -0.009327743822523422088 0.8022779857310710083 19.52429242957803979
0.7685106281898110847 0.04295247824174618784 -0.6383937083417997593 -2.246617431877431681 -0.0275707839465410727 0.9990405974948987078 0.03402731957773378474 -0.4256425555682925577 0.6392427493066300537 -0.008549341164052091588 0.7689575686996978909 19.80441378828992427
0.7321602539465247306 0.04636209312394752591 -0.679552758331399942 -2.559230116413616418 -0.02813763288492999656 0.9988879250675161137 0.0378326422698262374 -0.4133449946866208369 0.6805510025450871581 -0.008578550328716537388 0.7326505736205367603 20.07713002921111922
0.6937116433613431665 0.04805091056518299986 -0.718648247046070221 -2.896791171308148005 -0.0268028640141904119 0.9988033314244887384 0.0409100681900743321 -0.3992941592792721983 0.7197539842822372469 -0.00911795876540661375 0.694169418739443822 20.33851679292897074
0.653517008691128054 0.04803352067695702138 -0.7553862203745818071 -3.259653552173408464 -0.0239001792330539066 0.9987963336701027872 0.04283441794521145735 -0.3866154849588401832 0.7565344281130003123 -0.009939153974157276597 0.6538784173608281902 20.58936313869068258
0.6111642695005511383 0.04741755202534418678 -0.7900821841060831074 -3.64667156034053086 -0.01941567212500838746 0.9988017240812678832 0.0449251572360143403 -0.3740973378762674217 0.7912656393723742632 -0.01211667359492622602 0.6113525840554935309 20.83202658596932366
0.5669106896813980168 0.04765142550848537606 -0.822399940506088778 -4.056730328431930488 -0.0151003033596025342 0.9987590172648206366 0.04746080905869259903 -0.3585229713788264383 0.8236408804163130037 -0.01448755072644234906 0.5669267275803092643 21.06722282237141286
0.5204892695676942571 0.04875884017768201961 -0.8524749559770881113 -4.489842217567418636 -0.01318671152917977145 0.9987082708949505117 0.0490716050349558966 -0.3394308316403309433 0.8537664108746954028 -0.01429990182431422306 0.5204599193961184644 21.29087161159631592
0.4713464386256295269 0.04861538914655852417 -0.8806072550252463937 -4.94706507479154034 -0.01118107042457257803 0.9987287952548515868 0.04915179889931889368 -0.3191455659802946432 0.8818773021570409654 -0.01332139289855914857 0.471290843939880244 21.4948519765208097
0.4197146508343762017 0.04780876814623417209 -0.9063961585670468057 -5.42959878148554953 -0.006841000860759258867 0.998750147147314804 0.04951228569835268434 -0.2994714092302920294 0.9076303620582343301 -0.01458037405973094426 0.41951713894443321 21.67588525226245011
0.3664619017468224715 0.04662135816025759355 -0.9292643271467370125 -5.938898851399700085 -0.001756322683357919344 0.9987767905823388137 0.04941619258726515779 -0.279933418907199083 0.9304314349004086937 -0.01647706314403419442 0.3660955328330391945 21.83538167676013941
0.3128020606071289511 0.0468595987804673389 -0.9486617511351430609 -6.474715712066285711 0.0005861432365916995893 0.9987726188446790498 0.04952811778612296184 -0.2561072703313241883 0.9498181908224589964 -0.01604854820518451103 0.3123906741430720335 21.97194850296666147
0.2597040099367060595 0.05125503492921076182 -0.9643271334400062011 -7.035238615830416542 0.001593717892357980614 0.9985664193889343121 0.05350409620999514032 -0.2259753372134688243 0.9656869877075171527 -0.01543209296662469317 0.2592500233185093261 22.08598571311442882
0.2083345471487309808 0.05611116953217733239 -0.9764467864331759506 -7.62013691462339704 0.00499863474652419669 0.998278922726259621 0.0584322538130321173 -0.1974282834307892198 0.9780448881116928783 -0.0170543572012478821 0.2076955129249270227 22.1772676757400049
0.1601360593411265687 0.05825468655896372944 -0.9853745019190216503 -8.22704734438822527 0.009615240271309428641 0.9981176609811109879 0.06057065456643877938 -0.1741985366691559678 0.9870481570169442609 -0.01917415776211657888 0.1592744999168269893 22.24559999212572237
0.1156674083564899341 0.05921295606693998542 -0.9915215340482903539 -8.852739504045572971 0.01254554026547304024 0.9980549066516013479 0.06106664336707452734 -0.1508706155246005431 0.9932088077450882402 -0.01950259293971146751 0.1146995686166740608 22.290883656990232
0.07497890759138557681 0.05772555374629495528 -0.9955129333456042007 -9.494549611403089173 0.01244318732271580338 0.9981912279696741885 0.05881803883245359521 -0.1227030663419557827 0.9971075202508025148 -0.01679746543335416259 0.07412499970184911746 22.31140147072711599
0.03958150651764399258 0.05445557097463967627 -0.9977314127669272281 -10.1530482924750487 0.01019594399425349622 0.9984399302606018489 0.05489873018862417853 -0.08857697976259314154 0.9991643628049206027 -0.01234578725739740243 0.03896453157080307511 22.30972015673523856
0.01103796658387538529 0.05409338494707181116 -0.9984749100331562488 -10.83438820972290451 0.00813309170569718326 0.9984978771593067126 0.054184539440389555 -0.05198963233466778744 0.9999060421410704835 -0.008718774337050941292 0.01058143999183355777 22.2895670260498342
-0.01015795750564925728 0.0577385060541688519 -0.9982800998435893414 -11.5421536683237651 0.00716479700877095671 0.9983102050359602408 0.05766734257061987418 -0.0157626455107906932 0.99992277632539317 -0.006566691046351440415 -0.01055447756100249927 22.25625859485989722
-0.02375490070663602293 0.06298048009524229163 -0.9977320485334651989 -12.27306802129139207 0.007830099150100440844 0.9979948071772861695 0.06281064083385931585 0.01971736152727102467 0.9996871867001269063 -0.006320279521519946847 -0.02420041151911621682 22.21815095616342717
-0.03172520982730303585 0.06546181992952651574 -0.9973506594910521716 -13.02231477140804472 0.008497865682502278931 0.9978345722525372441 0.06522326970200055529 0.0538212169696813264 0.9994605416561034295 -0.006406129221347270364 -0.0322127976838197036 22.18155453941347943
-0.03572582056774118581 0.06351878188060781916 -0.9973410183399906703 -13.78739629997802929 0.009392511932650860276 0.9979553847103957986 0.06322146040960185953 0.09067401120660073532 0.9993175288338643769 -0.00710889806213537475 -0.0362493767733573502 22.15050870912504521
-0.03521073165998277882 0.06006029826252708148 -0.9975735771018948705 -14.57020587500920783 0.01670806810088214939 0.9980884363378725865 0.0595015622278974865 0.1324131843970042521 0.9992402723097573158 -0.01457243294330761753 -0.0361469165042914084 22.12793575521044076
-0.03145851763840873394 0.05816122186572160457 -0.997811460524667071 -15.37619835098120014 0.02626100944930346431 0.9980090460879048608 0.05734479480206627205 0.1748927040893371032 0.9991600462529901527 -0.02439955321228449991 -0.03292325834755034653 22.11183892567358455
-0.02630990892129755551 0.05786031898721379074 -0.9979779802324106885 -16.20523817841739955 0.02837119341880648543 0.9979646605537689785 0.0571115911745834065 0.2146429029427298074 0.9992511901766891746 -0.02681122480868752128 -0.02789792628027673235 22.09902641640216814
-0.02117894071013486437 0.05632811403563284247 -0.9981876942347620574 -17.05181334422800177 0.02819289843652664218 0.9980482623474657977 0.0557220663365754626 0.2502375534365636756 0.999378151629447653 -0.02696166920985200791 -0.02272565830415503724 22.08557048237573284
-0.01778769343997907079 0.05012499449730495327 -0.9985845781913195163 -17.91378987254455879 0.02999689504421087019 0.9983197847918809931 0.04957737122271718699 0.2832755608997569174 0.9993917456434163737 -0.02907256897167798809 -0.01926140093691096344 22.06803134826704493
-0.0157336746398313472 0.04030965922310537214 -0.9990633912803698058 -18.79237247252742193 0.02776519130095614699 0.9988193995235705724 0.03986255675255317293 0.3142723145065891011 0.9994906816223089185 -0.02711200093507119477 -0.01683430524991512411 22.04567087979338424
-0.01499222366293196176 0.03219851621379618556 -0.9993690838425224321 -19.69192318550782161 0.02172696453455355906 0.9992559394288370589 0.0318689295330584349 0.3418764124962581086 0.9996515639277934184 -0.02123546974632716314 -0.01568064492750378958 22.01859328845374719
-0.01647443980507781042 0.02965696205529627649 -0.9994244015376814172 -20.61670902742743294 0.01485855651948994084 0.999456962970295737 0.02941300072821225256 0.3660474652940464702 0.9997539162990468631 -0.01436544044376457906 -0.01690615361682394277 21.98538014739150626
-0.01976327051893150138 0.03425074383361448316 -0.9992178824548838545 -21.5671231845893594 0.006725743212566455062 0.9993950437658692953 0.03412378969195135892 0.3899404269864373274 0.9997821035296425851 -0.00604608437310282399 -0.01998167678022226557 21.94659158937769305
-0.02432573904317103172 0.04251302964764026165 -0.9987997685344174315 -22.53980567355064224 0.001244904858200013027 0.9990959515531084856 0.04249531690110151805 0.4187010033421807997 0.9997033488208845187 -0.0002096798487114803495 -0.02435667264274844757 21.90641990539001682
-0.02831562070666572908 0.05169576355538552798 -0.9982614139121236407 -23.5307204538372865 -0.0008274351529681433148 0.9986603132044206133 0.05173989131421862647 0.4558641953742809672 0.9995987284781007176 0.002291044571543346398 -0.02823491241099370525 21.8657382139845744
-0.03067219952567704425 0.06154751669427136612 -0.99763279626178758 -24.53535176407446627 -0.001346445282014475725 0.9980989788193734835 0.06161767408025337761 0.4986980561131737488 0.9995286290312671573 0.003233208409103212246 -0.03053102137431584762 21.82511152662644349
-0.03216707126892752455 0.06873958718542062807 -0.9971159538697040858 -25.5502774764316527 0.000162193649608283598 0.9976325911465425689 0.06876997158245898301 0.5446964866422759899 0.9994825312157662456 0.002050403535003017703 -0.03210206853400070226 21.78445850048624521
-0.03351878089085633811 0.07046386382361347067 -0.996951057971154686 -26.57142905834131597 0.001028725712447639161 0.9975134985095609474 0.07046903033785691106 0.5976400082611104114 0.9994375968673016031 0.001336447629556482622 -0.0335079251635887615 21.741630548641524
-0.03518955824659194404 0.06787146193032116137 -0.9970733355215816163 -27.59374883905591958 0.0002464427784539849581 0.9976918314839001711 0.06790486631998024492 0.6540426979646961625 0.9993806638263834641 0.002143821559785484207 -0.03512506206857438779 21.69495269680826866
-0.03792502422306245208 0.06336672547835972558 -0.9972694858428462483 -28.61667469324499535 -5.454503676839868987e-05 0.9979873403299128753 0.0634144129284705399 0.7040751168998872211 0.9992806245111888197 0.002459390085881156453 -0.03784523860056462213 21.64417147218401638
-0.042191092928324056 0.05820689608511012136 -0.9974126255751132319 -29.64377566614557935 0.0001901656034342880585 0.9983020261707025167 0.0582507559505247019 0.7466413880525092361 0.9991095798025152463 0.002267990325169448335 -0.04213052349145145203 21.58982389943510327
-0.04797257202008461952 0.05386985972546858709 -0.9973949805543445013 -30.67825102801456083 -9.685279794117906071e-05 0.9985444186150700396 0.05393660028183497324 0.7878412636764728916 0.9988486871677165757 0.00268407878188117472 -0.04789752771117819496 21.53229045288365029
-0.05444325852628864593 0.05203432020146438186 -0.9971601866039806472 -31.72234564476832119 -0.0005734346246892553468 0.9986395341318355934 0.05214282515042090171 0.8284825442934449224 0.9985167397850505111 0.003410632336564024727 -0.05433935332205620111 21.46927211102162403
-0.06107116271042429406 0.05422018741006408293 -0.9966597016574251233 -32.7754063264217308 -0.0006881678461172369837 0.9985210292726935943 0.05436361561723419139 0.867849487252719598 0.998133215714617994 0.004005919224124528978 -0.06094352908530323992 21.3967307626988763
-0.06760430150491736345 0.05849167830873274604 -0.9959962140691420718 -33.83519182989186191 -0.00186864059247375796 0.9982709156491199609 0.05875210070744505547 0.9091393423502169835 0.9977105007675213244 0.005833054537640120635 -0.06737810961778427365 21.31510195865378421
-0.07350081114194692566 0.06174263306207753571 -0.9953821147625263599 -34.90066670218630662 -0.00445428523078508689 0.9980515125163577084 0.06223712635400139442 0.9542728241972655567 0.9972852484541585572 0.009008195983389781156 -0.07308257814337437708 21.22561063838919893
-0.07823388071138001609 0.06385534355215147229 -0.9948879491177163858 -35.96946950129790821 -0.007447447708634275659 0.9978813651922496808 0.0646331084974786918 1.002757233242702828 0.9969072534879966918 0.01246587574835115661 -0.07759257417253057065 21.12992830369518416
-0.08115164702223050253 0.06544740098935081241 -0.9945507147108256785 -37.04162335000631145 -0.01163468183879258662 0.9977116630506958073 0.06660475789560116322 1.052717687538246238 0.9966338951456420459 0.01697636782734634336 -0.08020448689902212602 21.03096864584452774
-0.0829367607763685788 0.06640100704664315956 -0.994340221547555525 -38.11697776687515216 -0.01535510330721129996 0.9975741790341778881 0.06789771941224397034 1.103808748642882032 0.9964365464390770866 0.02089941463660665438 -0.08171597863229680681 20.93101712573811213
-0.08442424929728589711 0.06626731769064415911 -0.9942239510923795986 -39.19385281723354808 -0.01696465131227332598 0.9975459562479452869 0.06792928638055686918 1.155884691777697704 0.9962855129337968574 0.02260154257089956598 -0.08309286850186176077 20.83045170255657652
-0.08570784265346792496 0.06562950664343332463 -0.9941564312198499787 -40.2707548311376442 -0.01756013216812203973 0.9975736484038509877 0.06736898346859666875 1.207977708922916893 0.9961655906496486024 0.02323156947185274143 -0.08434742445533928434 20.7277594832593266
-0.08672267504276429118 0.06498490776057669338 -0.9941107662391244215 -41.34814136438503596 -0.01867446089055384284 0.9975889024547918149 0.06684136719743337396 1.259664875534924677 0.9960574876272441092 0.02436114570545008795 -0.08530002209113857203 20.62234349408752365
-0.08773764975317747961 0.06396950139688079018 -0.9940875634715659048 -42.42899823708066265 -0.02096507078968851134 0.997596390621837914 0.0660456612716613517 1.31032407804451978 0.9959230126479764467 0.02663580815838227644 -0.08618563960656498713 20.51477182261834997
-0.08870429990511403961 0.06143658641112600266 -0.994161540777691477 -43.51600339412738094 -0.02520649329871063257 0.9976379523793100779 0.06390047566905197873 1.358820120132277154 0.9957390503321773556 0.03072757411300909569 -0.08694617725473594017 20.40563371289007222
-0.08878824151145364718 0.05767508176665250841 -0.994379358823356041 -44.60946055454699888 -0.02997930804095537069 0.9977151974610143359 0.06054542042349608799 1.405711494930059757 0.9955992997862647131 0.03518652747790210894 -0.08685632090061641553 20.29725298987234439
-0.0878032001528739614 0.05666347343694751182 -0.994524974538719686 -45.70774653459598369 -0.03239153691211079517 0.9976905302011180865 0.05970357072600248477 1.454733173250977396 0.9956111002122283171 0.0374563579616279535 -0.0857650063280525482 20.19175225864513479
-0.08635608335924904733 0.06003804875594418583 -0.9944536870783132754 -46.81088612573201146 -0.03305291161963539587 0.9974604265033908401 0.06308981432929551547 1.507105854589997351 0.9957159275641389584 0.03831778006352305754 -0.08415234538694028876 20.08813241197677613
-0.08480585027065588866 0.06308894888710535331 -0.994398224294533839 -47.91945088897319494 -0.03254585565986891499 0.9972856070738252976 0.06604776523651523235 1.559815726719077755 0.9958658602264089943 0.03796477893160566525 -0.08252237197573343563 19.98730235491665752
-0.08306426809673501943 0.06310008308131673238 -0.9945445103664801723 -49.03142847935997395 -0.03125310951480707311 0.9973375537670986501 0.06588754881127341367 1.611801832374575305 0.9960540382228579848 0.03655551047944307491 -0.08087104203289337268 19.8885491297653374
-0.0804617817652421019 0.06261739590375092757 -0.9947889422718266816 -50.14651105321615887 -0.03145783716659689144 0.9973681770761773091 0.06532416039017099885 1.663763030441720137 0.9962612020632187759 0.03655000786003744645 -0.07828021458939071753 19.79008360723634397
-0.07607847562230327099 0.06296761886028114097 -0.9951116625017866202 -51.26500167007974795 -0.03491859406390289411 0.997223649656485911 0.06577086307495835782 1.715723218496807867 0.9964902578362773156 0.0397516481680688441 -0.07366851611978005032 19.69444518955010892
-0.07073394192815747605 0.06369692832123810544 -0.9954594352256231904 -52.38501755889134159 -0.03977470312354542542 0.9969853364562377696 0.06662082204089068982 1.768265125422062045 0.9967019409675038633 0.04430645785590977409 -0.06798717806611422054 19.60376447414520129
-0.06526996554749485424 0.0636411766604808582 -0.9958361856753743524 -53.50701168633241167 -0.04327468624349831844 0.9968448163916100446 0.0665419836348511845 1.821568055763519434 0.9969288890657682645 0.04743769246748234802 -0.06230997632432368899 19.51847906529773269
-0.05945583895941018715 0.06290010219049151086 -0.9962472870229402977 -54.63173533332459897 -0.04474502241827794241 0.9968418096958978625 0.06560801338333654975 1.8748762207112315 0.997227638484708967 0.04847788767840418428 -0.05645360093962137338 19.4406662267256003
-0.0536802683218828014 0.06226936550156472738 -0.9966147859236875739 -55.75978128558376312 -0.04426741520058699586 0.9969242265307751705 0.06467305866799338832 1.926799482831269117 0.997576514141439219 0.04758922867210227392 -0.05075865730333755516 19.37146201624893038
-0.04827562361539986663 0.06211555081108897924 -0.9969007970588255052 -56.89331698314340002 -0.043123474559550172 0.997004276524051547 0.06421028384621085827 1.977895935884514955 0.9979027542644973714 0.04608961865677461966 -0.04545236588050324822 19.3104862740134422
-0.04271246722431207982 0.0628668391772191637 -0.9971075580847998943 -58.03354796068463628 -0.04156590906618110037 0.9970424490506368809 0.06464326742717796392 2.029665682747710864 0.9982224187253734282 0.04420675652403815992 -0.03997302653672930861 19.25701118343935292
-0.03711493208772877195 0.06412250822896688185 -0.9972516545548503197 -59.17854703414781881 -0.04101568153462489819 0.9970005838861508707 0.06563285484037381656 2.083171236611488286 0.99846896427128351 0.04333891621381884968 -0.03437358138532011637 19.20874570189176112
-0.0316683328081285298 0.06510602397881537495 -0.9973757562395985099 -60.32584378898326349 -0.04160052188128478268 0.9969257175154615513 0.06639753285465585519 2.137944447995454578 0.9986323598937347779 0.04359405213068515139 -0.02886253150252738459 19.1653830440363464
-0.02623192998718865479 0.06448240003548584565 -0.9975740487641361343 -61.47344595541665768 -0.0416788792493096652 0.9969791929452163082 0.06553992591984664218 2.191104215020845292 0.9987866808493336412 0.04329700805993694224 -0.02346513476710565538 19.1282889840283552
-0.02119430501557775792 0.06070603302080829211 -0.9979306869021514759 -62.62217670324977092 -0.04132200722984871039 0.9972488035642768089 0.06154216059344466694 2.24041510516945408 0.9989211030579595585 0.04254084337366650231 -0.0186275006143489727 19.0982092739328273
-0.01694379333078187624 0.05607961225504663055 -0.9982825561233185097 -63.77455169320737127 -0.04110835440409077446 0.9975426191212122262 0.0567357757210550373 2.286069031969377274 0.9990110550209957418 0.04199907336437110061 -0.01459681573781685358 19.07407844643847739
-0.01353567815902301588 0.05503168237127718104 -0.9983928967456333625 -64.93152321825552065 -0.04116431584756886225 0.9976072432364117004 0.0555464611967593086 2.331083692942898189 0.9990607396496116177 0.04185002055730763226 -0.01123794927628249049 19.05360464633243467
-0.01014501485214810809 0.05653321523071696414 -0.9983492130402297215 -66.09266472667589198 -0.04058308647279598724 0.9975547373972017962 0.05690062393700177912 2.377098610553884495 0.9991247013061084203 0.04109335110816412368 -0.007825915441935546446 19.0366370422615887
-0.00767041348482027166 0.0567688241202568139 -0.9983579229419023982 -67.25764761861474028 -0.04078628637058857864 0.9975387413371684664 0.05703560633656693662 2.422761458349375285 0.9991384891968295712 0.04115679982001594489 -0.005336145214798512781 19.02231841372294951
-0.006582392950043394926 0.05657000141076101718 -0.9983769748861793802 -68.42461510076854836 -0.04231349141049675633 0.9974886487815454172 0.05679864435090791613 2.468405437353967447 0.9990827380843100292 0.04261868754368628581 -0.004172188072370996634 19.0088437185450303
-0.005696729180624455699 0.05732286713413736051 -0.9983394778932478397 -69.59281885780485766 -0.04344822238618589044 0.9973987139346977004 0.05751677503208067754 2.514372254407795104 0.9990394768155574923 0.0437037341428785156 -0.003191333747871716135 18.99558402179726357
-0.004646408275606690556 0.05696506152831044834 -0.9983653988388663247 -70.76447402601989722 -0.04408223506923948654 0.9973939937547597889 0.05711479462338349411 2.558545691898270746 0.9990171392059693511 0.04427555785323813997 -0.002123152517039682014 18.9810057525618987
-0.003420995119330086636 0.0553444663512692725 -0.9984614983998127968 -71.9402484938608211 -0.04438661725755499443 0.9974748871064292866 0.0554418595090383215 2.600596376670089693 0.9990086095649877151 0.04450799571108273595 -0.0009558030912709723033 18.9665775042803908
-0.002680745855649704305 0.05412644590211977691 -0.9985305295333498643 -73.11868909075010947 -0.04294633395120515257 0.9976066349193701832 0.05419166317599800192 2.64213522690589464 0.9990738225916129256 0.04302850065820063713 -0.0003497974328772018014 18.95462172613083851
-0.002553141211068503912 0.05378038906687750836 -0.9985495622037534602 -74.29807069588333945 -0.03992644583330829527 0.9977511273362950073 0.05383947283446540583 2.684911576255976318 0.9991993982105195071 0.04000599577305956334 -0.000400139734162265634 18.94568227297040153
-0.002408897540014930463 0.05457364477296267058 -0.9985068810293008523 -75.47729437281780918 -0.03739451923613047041 0.9978065032675027535 0.0546255800831004848 2.728297309358977074 0.9992977154676923046 0.03747027317451553929 -0.0003628584247784100115 18.9396593855253137
-0.002116104159384480602 0.05718413696484205694 -0.9983614443333009847 -76.65686115559144298 -0.0371537624277682374 0.9976698935742569496 0.05722327701202539058 2.771783392431887094 0.9993073586419185528 0.03721397531034082579 1.343243391298469837e-05 18.93327616021871407
-0.001709862542192988784 0.06012192064843050604 -0.9981896152383713527 -77.83649746228100241 -0.03888709481794360573 0.997432076258517486 0.06014290600210162041 2.817347485451369149 0.9992421864686285016 0.03891953129635720293 0.0006324951040341277291 18.92393681556462326
-0.0011233580623638583 0.06062368745718543783 -0.9981600991462673544 -79.01579805514603549 -0.04092454869531487321 0.9973217440025029523 0.06061882774024544146 2.863794252072145774 0.9991616467661159628 0.0409173492193165983 0.001360647665535363567 18.91203000205345575
