0.9999994599239993009 -0.0005280739549281803641 0.0008909567416545837067 0.0002294717670604846547 0.0005275765113941114975 0.999999764924169976 0.000560293514981780429 0.000153713354227018198 -0.0008912538858499337172 -0.0005598230318622873141 0.9999995268990937713 0.0002231617659856790603
0.999969635026192627 -0.002390017004983152268 0.007416828871935187556 -0.0007191209662901704505 0.002377541592625016711 0.9999958055962433479 0.001690622059675764462 -0.001257146961182064931 -0.007420839457519068025 -0.00167293678023909217 0.9999711465653565723 0.08690316415844319409
0.9998699986786372396 -0.005018279247294892519 0.01532302587812952276 -0.001905615152390566572 0.004991155031517150592 0.9999859707220747351 0.001807996282134840529 -0.006792789961112954446 -0.01533188453335367941 -0.001731281522556202615 0.9998810416828670666 0.3588915179963506064
0.9998110467506977628 -0.007434249211607484552 0.01796093654605245005 0.004312446519807656281 0.007428434932400656936 0.9999723936103426247 0.0003905041531544322926 -0.01433208766249272591 -0.01796334424851335834 -0.0002570085924842897959 0.9998386938615185793 0.7454831797012815287
0.9998154485355964516 -0.009403251733171202192 0.01675232017751203048 0.01742297368812507213 0.00942569680744628248 0.9999548427639345372 -0.001261267371568681366 -0.02019444433332885647 -0.01673970418155005038 0.001418937027601383741 0.9998589552812926495 1.130463640050547003
0.9998793817105653403 -0.01149378392647886632 0.01044545167350537616 0.02671163207681589991 0.01152498702788071726 0.9999293481276133599 -0.002931816900635609777 -0.0244431048960192937 -0.01041101690498113727 0.003051847111756592588 0.9999412275207376632 1.477972547310556495
0.9999153580250667028 -0.01291698441135562259 -0.001555894645101876805 0.02351093928971322022 0.01290967175818737503 0.9999060419816192535 -0.004622738054138573333 -0.02927546469377405661 0.001615458666540543851 0.004602260850803532172 0.9999881854394035985 1.795434903299303109
0.9997699849163622643 -0.01173881031236682047 -0.01794909896886981091 0.003872722946400354235 0.01164972795229565414 0.9999193995519749523 -0.005059679990102779364 -0.03543079695562968007 0.0180070442614659286 0.004849414244263964766 0.9998261804015373677 2.108628389289543215
0.9992993904193377963 -0.007948205653850161367 -0.03657248981230642321 -0.02938311014364640428 0.007766968121638497848 0.9999569175827585088 -0.005095027622346110646 -0.04280039585028113519 0.03661140674729787547 0.004807400823580685288 0.9993180950813409513 2.437784808197453135
0.9984326984781094483 -0.004389158506543850043 -0.05579314255606499656 -0.07110302661603264129 0.00406300121872040735 0.9999740581503899772 -0.005957949822139415284 -0.05029366160403508229 0.05581784063295899129 0.005721924517283121479 0.9984246538579757413 2.788458389478832178
0.9971163099495485849 -0.003700468565720788083 -0.0757981799096431319 -0.1192511299796173707 0.003222758764805453823 0.9999742352931013656 -0.006423760093722568482 -0.05620403661897591108 0.07581999176317545663 0.006160956934465524476 0.9971025686409933364 3.157497779920717562
0.9953283634308065508 -0.004885012054179771988 -0.09642395475296997032 -0.1743068274937276396 0.004332074129956263626 0.9999730177745416171 -0.005942977002088379278 -0.06178343516345181918 0.09645037712614146219 0.005497498091066035757 0.9953226928324975242 3.539484470248646542
0.9932143710152923077 -0.005679486634103836362 -0.116159160063408054 -0.236918985942364213 0.005102586788120594928 0.9999731916744218907 -0.005263236675707987956 -0.0684639722179514465 0.1161859299025377601 0.004634810359770979125 0.9932167479667814991 3.931547889829237974
0.9909613555940324225 -0.005080701631861854473 -0.1340513797846915323 -0.3076371781507862835 0.004513843825756234246 0.9999796028075698118 -0.004532251300717488399 -0.07627673539970163119 0.1340716628295998691 0.003886199161881616088 0.9909640994976929296 4.332955826087915518
0.9887025029262720421 -0.003760022385535726191 -0.1498439774388775625 -0.3858969044559077965 0.003218356433072194333 0.9999874430405671921 -0.00385720892451393892 -0.08474662156548168346 0.1498565883852989722 0.003331381060839606369 0.9887022121076841641 4.744074687288424741
0.9865405192220076946 -0.003233339506954286281 -0.1634849976800490101 -0.4692510745061053701 0.002629792303751629472 0.9999889666406840405 -0.003908056579435014756 -0.09379617007035123688 0.1634958184749094878 0.003425524860859525261 0.9865381605129839304 5.165928936879320865
0.9844801550592551243 -0.004716407827393526674 -0.1754325373682949496 -0.5573890436549645555 0.003926070327149907245 0.9999805834403938665 -0.004851889579914113113 -0.1026882232063084377 0.1754520023455932165 0.00408782882230192008 0.9844795798778167573 5.599171335808663663
0.9826638754493166594 -0.007149965283152542525 -0.1852581484604678697 -0.6517288705124363313 0.005993950436512734438 0.9999589809292979137 -0.006799348333340742359 -0.110764670238502061 0.1852991516344255907 0.005571046134956510014 0.9826664470726463874 6.042882867476127018
0.9811247158826352788 -0.007372494324372842224 -0.1932354371378844915 -0.7512183808765269255 0.005781192423081298395 0.9999446491581860386 -0.00879764485579838558 -0.1182689146862130197 0.1932895886831195731 0.007514455889385904946 0.9811130546203541414 6.497215025007499811
0.9796031546664738521 -0.006602663273587961248 -0.2008334146099985118 -0.8552749623317552619 0.004565475392010237034 0.999933402333604171 -0.01060516158276705347 -0.1256306717965228192 0.2008900481265259996 0.009471950067602574394 0.9795680826511931061 6.963092088450505202
0.9779717598638199005 -0.007644504424338223296 -0.208597207456867384 -0.9649209714884829925 0.005076162858029861086 0.9999046756670022518 -0.01284500959069665056 -0.1348507664944529616 0.2086755025710765599 0.0115031835903916177 0.9779173630409214724 7.443614095054535085
0.9762029655020487695 -0.01138543435369199393 -0.2165597811775138715 -1.081300904453620815 0.008397525082396019996 0.9998565642456550551 -0.01471239722819591908 -0.1466021817422936968 0.2166962110800497721 0.01254371997498665917 0.9761585754558852468 7.940523236150210273
0.9742780188959228038 -0.01656343290705965948 -0.224739831135109619 -1.207352299740814594 0.0132489565333050556 0.9997802668188111586 -0.01624824166730514871 -0.1604660236116404737 0.2249595597820276682 0.01285273682532001895 0.9742834087380023433 8.450927066466141113
0.9723087679679323081 -0.01740534683565456153 -0.2330508765916253777 -1.34401857966388949 0.01339834384999307945 0.9997341896730481681 -0.0187658335568061177 -0.1756461074831424107 0.233315539382586562 0.01512368911936316611 0.972283543879108425 8.973823696701860086
0.9703496494771776115 -0.01415289407098739918 -0.2412908020110753615 -1.490402358790419379 0.008987206128196777166 0.9997066043611683162 -0.02249572076146335101 -0.1921973713336209144 0.2415383716784468837 0.01966018499511426945 0.9701921708501829444 9.509530080587891732
0.9682294748573131438 -0.01186561518149779719 -0.2497816833637307998 -1.645451203732902989 0.005646623756635452997 0.9996563900216388632 -0.02559960271428158782 -0.2112431611629857486 0.2499995941924198772 0.02337586713823748552 0.967963804912762793 10.05638100475989027
0.9659097706652863824 -0.01315235803959766483 -0.2585446362818832333 -1.806680931122467859 0.006234457565042060556 0.9996008028297422854 -0.02755882169852165789 -0.2317789280070548519 0.2588038722251091994 0.02500745003003441644 0.9656062026806307985 10.61376117513654371
0.963551033417311853 -0.01548374523657598291 -0.2670761287800048067 -1.973052586977677381 0.007891850927801128193 0.9995343947191661638 -0.02947600037145275964 -0.2537489167788290478 0.2674081578241309098 0.026293906084629802 0.9632246169655012125 11.18115160742485692
0.9612679290549593913 -0.01543787166188104014 -0.2751829209847924118 -2.144978786470089993 0.006873451706449830965 0.9994623748990816292 -0.03205992764160157937 -0.2783452942263621166 0.2755298945170214231 0.02892672420853949211 0.9608572612858742312 11.75704469773865668
0.9590142882384615763 -0.01496804441897121862 -0.282962103983542268 -2.324160586138467099 0.0050688613925307692 0.9993503305131067327 -0.03568396962131881178 -0.3059229945919476612 0.2833123726418513288 0.03278714154040365814 0.9584671393373016546 12.34131986127721703
0.956812435314936871 -0.01577396932762017978 -0.2902777042299356514 -2.511742612695614163 0.004091191361069513796 0.9991586153297868922 -0.04080987272612366518 -0.3368916446946754739 0.2906771835189258524 0.037859812594457809 0.9560719447473510213 12.93662044839435055
0.9550287199430632645 -0.01685080861315389408 -0.2960341106717191972 -2.708433679846588671 0.002771995236807841319 0.998847698976343179 -0.04791359356526745522 -0.3715582230747349057 0.2965003535299785553 0.04493825334002068267 0.9539749721041476116 13.54355930840738154
0.9537354490087291969 -0.01751746406661159119 -0.3001363562076305169 -2.915759506146132995 0.0007206536992339925658 0.9984314964662024394 -0.05598347694809920755 -0.4100551297582758492 0.3006462600456867862 0.0531771327375830799 0.9522521579429918948 14.16076338317613015
0.9525067006134733116 -0.01771330622507949482 -0.3040020145203668478 -3.132941791343214266 -0.002090351190691519274 0.9979029929740880211 -0.06469442965522173572 -0.4531438078655041224 0.304510452404760934 0.06225734933789909414 0.9504722826286453596 14.78802895817846164
0.9511577110332006812 -0.01737793583861041088 -0.3082158611668368575 -3.357806909980837418 -0.005556866064801936969 0.9972887772614125179 -0.07337804975494585658 -0.5028194326770127898 0.3086553581142216229 0.07150681276800414932 0.9484823659998972145 15.42515923983845383
0.9497502076434030105 -0.01649425615026426512 -0.3125739653519666317 -3.588070682566490532 -0.009237701986956566025 0.9966986427190890341 -0.08066351512873944085 -0.5605856386872360986 0.3128725112055054658 0.07949765607950648461 0.9464623960530946789 16.07308457557855164
0.9482848065173725693 -0.01511553267405880627 -0.3170606375200464289 -3.822843712140860273 -0.01320762468951107438 0.9961215805996801453 -0.08699124973179334086 -0.6245210466544116601 0.3171458417268083751 0.08668009904985582437 0.9444073421917879019 16.73248751159771786
0.9467238790724814557 -0.01380372669131847349 -0.3217504555497744945 -4.06397912565337105 -0.01709865468268180824 0.9955173764499675171 -0.09302102674363638135 -0.6926938388625291099 0.3215921852036415229 0.09356672796073266241 0.9422440692578385457 17.4035926506694878
0.9450760715863496531 -0.01185330013259662703 -0.3266354545783794472 -4.313813116703731687 -0.02144634590617154613 0.9949398283442705271 -0.09815760003061943517 -0.7658196624514052031 0.3261460933259155426 0.09977153675588208703 0.9400396365073500071 18.08645437443182757
0.9433500377979385787 -0.009330694450324961836 -0.331667976463150771 -4.571035413755605958 -0.02583035975069325127 0.9945056833313146161 -0.1014463432080828925 -0.8437725713897865631 0.3307922308488930874 0.1042665156466244802 0.9379259807630166978 18.77986361852848418
0.9414684495097828121 -0.008081010172673031705 -0.3370042409888278634 -4.835432795665813188 -0.0282378959807030698 0.9943085513938967335 -0.1027290030187242992 -0.9252815207098558092 0.3359163309269217468 0.106232406701229215 0.9358819614392609454 19.48346160006500583
0.9393994871551102355 -0.007774558773281567241 -0.3427362873951891875 -5.107536226150691583 -0.02902286646984826579 0.9943503371117582423 -0.1021038809573506789 -1.009457390832783741 0.3415937333287504263 0.1058635237216022928 0.9338665786557588389 20.19647491642877668
0.9371019270529354905 -0.007474533111288831667 -0.348975805708571285 -5.386699300646259125 -0.02954925873801269795 0.994483181479693723 -0.1006487220610040034 -1.095447986176162791 0.3478028491428441504 0.1046300885853208157 0.9317112607245980893 20.91690260190384976
0.9345322063089912534 -0.007181669304393415755 -0.3558061026938094673 -5.675307300366884355 -0.02998258515132905602 0.9946529793678927645 -0.09882619796077914132 -1.18174223810453638 0.3546133141973698 0.1030242524023044504 0.9293199401040849184 21.64280954576828009
0.9316030453198441696 -0.006372510168058903232 -0.3634214650436971561 -5.975536339324317048 -0.03040674410092340102 0.9949753330598620771 -0.09539202630098522762 -1.266317588413550022 0.3622032564220933892 0.09991796649288416099 0.9267283047450415312 22.37372931355546868
0.9282481521630286947 -0.004696759005430183216 -0.3719318663286406701 -6.287529167099273231 -0.0311164424508653184 0.9954348732029659752 -0.09022916582096771054 -1.348150668711337818 0.3706577108724758429 0.09532825375033286697 0.9238644568852226735 23.11169803765436725
0.9247259470699160655 -0.001583683961573271754 -0.380630293142170506 -6.609865571757143954 -0.03328189132927213134 0.995824974501519411 -0.08500034107453366405 -1.428068708865390946 0.3791757411475589756 0.09127011773513449278 0.9208125062601570932 23.85767070324975236
0.9211337577069156346 0.001574227845354624067 -0.3892430193223067048 -6.941474409496011688 -0.03596399366897742866 0.9960586467593153248 -0.08107950086633269882 -1.506021836118221602 0.387581212476343695 0.0886837995638819071 0.9175598812259809778 24.61164713743957932
0.9174234787307999905 0.002787293047016560065 -0.3979024982715302916 -7.282830108845691264 -0.03733833004110966719 0.9961663634503435949 -0.07911098223661229556 -1.581887060015856106 0.3961565536987021741 0.08743528811038787929 0.9140105048556543821 25.37304703063767874
0.913711761294014102 0.003139161131559055871 -0.4063507967071454674 -7.634226995664802118 -0.03823903502731623022 0.9961972429119742012 -0.07828762020246260445 -1.656598818625805158 0.4045597598510064508 0.08707078247275150396 0.9103571972609162399 26.13986346857146259
0.9098044481130865835 0.003540718326650447133 -0.4150220923803848438 -7.997163921961408128 -0.03904499600445607288 0.996259041272560153 -0.07709431252063124462 -1.730575054088239861 0.4131965160652160685 0.08634528517937641034 0.9065391758172010039 26.91036902452586688
0.9057071515635882752 0.003762166319347445571 -0.4238872609623344778 -8.372724860129233448 -0.03940233016874034044 0.9963786824179654555 -0.07534653041973905785 -1.803567141836342369 0.4220687373043098267 0.08494403804410202707 0.9025755576196164975 27.68420813448214091
0.901799645142420836 0.003650531057228594521 -0.4321389620764991002 -8.761128935332960666 -0.03891917835948009025 0.9965870469961309874 -0.07279888294243694324 -1.874776372721034923 0.4303983099318774985 0.0824685009294342658 0.8988639420855646378 28.46311956928507314
0.898076661733493764 0.004109393673311687034 -0.4398197721894024914 -9.16365216243657521 -0.03821239451624402345 0.9969044920928055165 -0.06871221570404027756 -1.943807595964799129 0.438175912996973449 0.07851540472576362673 0.8954537090996560478 29.24983285385906129
0.8944152336108643908 0.005458448809850919257 -0.4472042097976820507 -9.579182719661940126 -0.03787086709809220353 0.9972586257345245064 -0.06357006252629517074 -2.010913944668118791 0.4456312332343102534 0.07379404428226006563 0.8921700438207595951 30.04546128242380121
0.8906662810225528526 0.005998469827313801864 -0.4546180867741822507 -10.00648395575640492 -0.03701183579985729138 0.9975509342520608724 -0.05934963863449319726 -2.076956558315388168 0.4531486611970262368 0.06968697265426090914 0.8887070159643963851 30.84964323222199667
0.8869769659294557407 0.005454168178743955958 -0.4617814690238285502 -10.44296541116535693 -0.03589489125744013687 0.9977195088552700541 -0.05716170445557380853 -2.141746352096655315 0.4604165815075094703 0.06727671155006899328 0.8851500203464797156 31.66161817106066323
0.8837111442798806227 0.004986354604984490589 -0.4680061553134421404 -10.88749144242894396 -0.035166448645830857 0.9978241150022264527 -0.05577166338273335106 -2.203568312230781867 0.4667097006542736404 0.0657441556420436668 0.8819636635267660285 32.48031591628417658
0.8807347469342062807 0.004811723373014484273 -0.4735854357746462351 -11.34187757462807689 -0.03455152255196396183 0.9979367137911919761 -0.05411681424787901512 -2.263425077288311549 0.4723478681987894334 0.0640256573129783374 0.8790838120632327168 33.3062931066271517
0.877775174405963976 0.004049397776719262411 -0.4790556941893662768 -11.80603550749792419 -0.03348799975209576507 0.9980369421642416583 -0.05292388855345941945 -2.323860537429843109 0.477900939805198377 0.06249789321974304895 0.8761876777529078453 34.13981173911563616
0.8750415898821666261 0.00300552255520146732 -0.4840384238673473005 -12.28139855040984862 -0.03256991640422006451 0.9980801031385642119 -0.05268235284167713944 -2.384947026733473141 0.4829507512389457635 0.06186434153969576355 0.8734595103837954344 34.98082254751316356
0.872909889322723398 0.002318579588247742483 -0.4878759705070276897 -12.76664669369801786 -0.03228428343344651175 0.9980715057575503257 -0.05301996300427124637 -2.445749416939225096 0.4868121424926831753 0.06203237690291190515 0.8713013617422311619 35.83007515117173369
0.8715182872343189002 0.002012784428606751753 -0.4903588861323115444 -13.25902775565555736 -0.03228046368514450593 0.9980580187363382594 -0.05327555668228910191 -2.506656126378731919 0.4892993549923260188 0.06225963488343965596 0.8698908090657946346 36.69011594390434539
0.8709874999099617154 0.002358590740006169442 -0.4912995274002270873 -13.75759153650866828 -0.03231232440346540336 0.9980984799563118459 -0.05249247601616384429 -2.568216213356406374 0.4902414720165494399 0.06159532091176801727 0.8694075316604501502 37.56233793458009984
0.8708124488211780312 0.00263018833376830281 -0.4916083549810252307 -14.26118051693659616 -0.03185244474284451566 0.9981864677733306435 -0.05108149719749445483 -2.629966349311458451 0.49058242218958098 0.06014133237452538167 0.8693170006985129206 38.44701458037634012
0.8705806218225167203 0.001425860951939114489 -0.492023740748744276 -14.77203756950147628 -0.03019787442359545687 0.9982655147367147652 -0.05053882185060808163 -2.692041749866584066 0.4910982402177144213 0.05885619083433203669 0.8691136909166333746 39.34400860371174247
0.8700463355635668083 -0.0008319964769746789317 -0.492969264217780756 -15.2922107260693636 -0.02801339704630451469 0.9982993065416940759 -0.0511259836446797053 -2.754835886360026631 0.4921733799172625656 0.05829171919764288695 0.8685433667742458175 40.25048164532222472
0.8688472732326860681 -0.002625914823331095167 -0.4950732614999272529 -15.82076836820935917 -0.02620114004200434568 0.9983407196200773104 -0.05127796678919355894 -2.818475417117175308 0.4943864162538256779 0.05752420622289140112 0.8673368303782422739 41.16445003254956703
0.8671560486605870421 -0.003288184002736980766 -0.4980256913572055355 -16.35575835725780536 -0.02471221057874082791 0.9984624162795686653 -0.04962088269044238192 -2.882713542762517456 0.4974230661001390885 0.05533636506360187224 0.8657414856452874119 42.08181504709055787
0.8650026964202575108 -0.002930463237105139247 -0.5017586691074201743 -16.89564835730237746 -0.02327081888341915941 0.9986727054449631158 -0.04595017368704765182 -2.947041682830449538 0.5012273109661404824 0.05142335998058709251 0.8637864090297432407 42.99812807007886306
0.8622759443352511211 -0.002693323612896185264 -0.5064315913177913631 -17.4399600946440394 -0.02149912994009272812 0.998889785741163716 -0.04191784142530229768 -3.010840264144648337 0.5059822098797882584 0.047032585602436984 0.8612607493709284467 43.9099687327070427
0.8584738852063316106 -0.003752942816340440989 -0.5128435621627801533 -17.99088555593476713 -0.01971488911836322827 0.9989926761238920871 -0.04031225966477002681 -3.073996922337419058 0.5124782196342908547 0.04471767685158808958 0.8575351552242279629 44.81737074290840894
0.8533011983937557332 -0.006426733957787911927 -0.5213787280610906461 -18.55321471246218934 -0.01814219217200062004 0.9989527131515736347 -0.04200547393725942436 -3.136904040764540547 0.5211026198949550992 0.04530227505215528305 0.8522909722162761437 45.7222121778907038
0.8472910501798808225 -0.009317234271611738936 -0.5310471565328914734 -19.12837751987219548 -0.01692895298389736694 0.9988644198299893029 -0.04453541790167229314 -3.198970121592534355 0.530859023162445709 0.04672453408785681023 0.8461711720883300369 46.6222530224431253
0.8412096593985749493 -0.009950495098964253632 -0.5406175306878938658 -19.71606952302056115 -0.01643968539952349664 0.9988978204926126647 -0.04396593066414913181 -3.258783737255471102 0.5404591216521892338 0.0458721484283787645 0.8401189320437830732 47.51591740396935393
0.8356129246331251981 -0.007393881934525253774 -0.5492689590765672536 -20.31423590457152528 -0.0171169234294310281 0.9990734413452281304 -0.03948913548988883943 -3.31555519713515956 0.5490519724055070716 0.04239942744757652787 0.8347121393103730247 48.40107755739895623
0.8307258087347303421 -0.003817958665694917795 -0.5566687285106113325 -20.9199917421500956 -0.01935762883865715933 0.9991736645724877963 -0.03574062544690223553 -3.370767418001083371 0.5563451544411125438 0.04046644734226891721 0.8299654634060659175 49.2769214571608174
0.8264644269322753978 -0.002867236296816206599 -0.5629816604313117034 -21.53131353386591229 -0.02143353782061423879 0.9991018951759670363 -0.03655309263436375827 -3.426505758901701615 0.5625808146589762471 0.04227652020926257054 0.8256607395895357859 50.14700797941588206
0.8229378579957128403 -0.004751119010905285184 -0.5681115464839509022 -22.14418270298137514 -0.02252424505641343125 0.9989060563088240086 -0.04098135093097547699 -3.485559325448181145 0.5676847358333773075 0.04652138960793796019 0.8219306142249541702 51.01460167440801285
0.8197644753263985118 -0.006886807694571786369 -0.5726594082137848041 -22.75906169889589492 -0.02404450542644724978 0.9986322127194295906 -0.04642938239023578634 -3.549895257234354951 0.5721958460369739319 0.05183047133073036272 0.8184776412141614443 51.88172477538419258
0.8165062029574484681 -0.007712806348926837079 -0.5772851587782483751 -23.37891442098385753 -0.02459752243814985334 0.998538155861662724 -0.04813143722912557182 -3.615907343823674847 0.576812449881835998 0.05349940249906550566 0.815122901340002648 52.74963940645577765
0.8134967215185681111 -0.006563110008606606351 -0.5815324853178267528 -24.00390283225787158 -0.02392481692937872134 0.9987122259189963325 -0.04473941219874248698 -3.680429009490825631 0.5810771958559357575 0.05030842418449989195 0.8122921193702786757 53.61748734332014266
0.8103886409489259313 -0.004229874953170341054 -0.5858774453977402263 -24.63803955643004429 -0.02358473296889069398 0.9989279723458260873 -0.03983451391932208568 -3.741214512871168907 0.5854178266391500962 0.04609920147439790228 0.80942014042674304 54.48366448820598862
0.8071938094591615265 -0.002562253651929621411 -0.590280959811164907 -25.28270677899196883 -0.02391699070769189722 0.9990275079642207956 -0.03704238038104230857 -3.797537186763947581 0.5898017910408304143 0.04401812513049878361 0.8063475574221602438 55.34783715247167635
0.8041371449821361761 -0.002114662566730846072 -0.5944400755080014864 -25.93567684525531192 -0.02481245706693816985 0.9990028151129131118 -0.03711925948276623144 -3.852555138134122981 0.5939257660978080056 0.04459849497026750764 0.8032828204388672289 56.2087763764687125
0.8007239576350647647 -0.003415593922852988226 -0.5990237899773659391 -26.59549725389879171 -0.02476819370661186709 0.9989398958820400187 -0.03880390511163659545 -3.909063815701570466 0.5985212630399558975 0.04590795452064355686 0.7997905275353892618 57.06571907053536563
0.7968267521518377361 -0.005597878696235035478 -0.6041819385802253972 -27.25902518470938674 -0.02393459255059516427 0.9988798226327713081 -0.04082103966877983353 -3.967800465607915772 0.6037336208306033347 0.04698814577769237083 0.7958002005761162234 57.91871330231128212
0.7926409401594902704 -0.006984466053082853156 -0.6096487364682814381 -27.92548392842831362 -0.02307855602718164936 0.9988740882701167001 -0.04144946443910497991 -4.026606291997929077 0.6092517898069355065 0.04692435578124243972 0.7915873236007525682 58.76749196934309083
0.7881590239248422725 -0.007197863187563106196 -0.6154295808888183839 -28.59522825538931556 -0.02270529045682223232 0.9989109811957195273 -0.04076080839064301353 -4.085106825123149932 0.6150527185015963738 0.04609950714449630171 0.787137292812798206 59.61265004420803137
0.7834668331625522786 -0.007186707021462721001 -0.6213920650153529346 -29.27195240040627411 -0.02268880387178232039 0.9989356986292977636 -0.04015980889976525359 -4.144919691497033654 0.6210192942887112766 0.04556252179139001768 0.78246994890268462 60.45485696948015431
0.7782544837643955438 -0.00811491058805745985 -0.6278965944355607842 -29.95868929732523611 -0.02238358747836098964 0.9989226079014247306 -0.04065366533445932684 -4.206364957705341467 0.6275499649939419999 0.04569347648473646994 0.7772343759497148952 61.29313004308579593
0.7725877132541973946 -0.009374112896943674264 -0.6348388603863777124 -30.65627408601246273 -0.0220919225726934447 0.9988886718376004392 -0.04163520510851715511 -4.26796038362928698 0.6345235993074522796 0.04619165967138939149 0.7715220406880435311 62.12533662791699385
0.7669651125670349234 -0.01048637137712671134 -0.6416031329204816558 -31.36363829935305958 -0.02186090517754107898 0.9988591345609137973 -0.04245765189205155665 -4.3286881814378253 0.6413163364923338827 0.04658956383652873567 0.7658608849677941421 62.95139000396245876
0.7613204442793910509 -0.01209407058632521771 -0.6482630202014182386 -32.07915134688560244 -0.02113481855084620512 0.9988318668982136828 -0.04345507097418328107 -4.390068413630168642 0.6480312707097127811 0.04678415607589713615 0.7601755325075562064 63.77312776453331367
0.7553381617786706359 -0.01387331283642618228 -0.6551883867251848681 -32.80473353497224309 -0.02021632131159908224 0.9988068404754175678 -0.04445579667089033515 -4.453133662455353026 0.6550233505233065134 0.04682465952071551002 0.7541564731930129328 64.59281703645348216
0.7491900006682594704 -0.01474779838040346687 -0.6621909661658448298 -33.54176440759380284 -0.01960419083523381317 0.9988204239366583748 -0.04442475117274061885 -4.516318308715699281 0.6620649872927744095 0.04626429827201933992 0.7480171729649932599 65.41173663918418413
0.7431126778598574623 -0.01503647148043560887 -0.6689973719134261199 -34.29125641384349876 -0.01868678179545347692 0.9988913732579921545 -0.04320822499116466764 -4.578692715748544195 0.6689053608362938164 0.04460998852977330481 0.7420078774126123156 66.22842211411533242
0.7368221304925668402 -0.01552229484006048196 -0.6759084540560361676 -35.05270615905482146 -0.01789516986466631668 0.9989384366287915595 -0.04244861379586863798 -4.642156121540043756 0.675849791939356237 0.04337257549313874166 0.7357621902596438446 67.04192448915931379
0.7304236466716221843 -0.01674430287219181093 -0.6827891016865217377 -35.82375380826881184 -0.01740096381629669883 0.9989187655003050059 -0.04311181374796112936 -4.707487802732833515 0.6827726810492303899 0.04337107751246487009 0.7293425375211686212 67.85094106152760673
0.7240202552614916076 -0.01817987572036807928 -0.6895391182181018763 -36.60387943302794156 -0.01713698316260845941 0.9988700364710008106 -0.0443294049867055881 -4.773202749699611225 0.6895658240603494971 0.04391200822858253722 0.7228906075074147397 68.65561183755117725
0.7180221238845536647 -0.01815200089386355409 -0.6957835645304633054 -37.39394329358697888 -0.01781183458760473085 0.9988533250994794388 -0.04443979727464556634 -4.837251420222640874 0.6957923546742083021 0.04430194024608219427 0.7168754823114341646 69.45590281484858508
0.712732674303331537 -0.0172922709939764864 -0.7012226088630347798 -38.19396792991184952 -0.01880780654753353223 0.9988655753081633337 -0.04374872532426286181 -4.899654158093541767 0.7011835955674551313 0.04436960603735459058 0.711598919759358961 70.2517620800052498
0.7078500129658144013 -0.01731724916449075072 -0.7061504849877472401 -39.0030405860049072 -0.01908773565553720242 0.9988654882589902417 -0.04362931126732935011 -4.963493507584663789 0.7061048444651171208 0.04436182320578714589 0.7067164183144670764 71.0452309006081606
0.7030168706849303506 -0.01821510299257265292 -0.7109398888463482891 -39.82124630073474236 -0.01921583541618820945 0.998820490057103938 -0.04459262720805023256 -5.030422164875349544 0.7109135430297255365 0.04501067400603651208 0.7018376533338590573 71.83747485325561399
0.6980859671616884699 -0.01971359703033805783 -0.7157425466762910027 -40.64784255298499005 -0.01983477150583815712 0.9987049272969362734 -0.0468526639924985791 -5.099860761891662264 0.7157391978476833616 0.04690377801518375023 0.6967908967292940625 72.6307228244491796
0.6930790226601294401 -0.02137324904796909786 -0.7205447173753947165 -41.48147618590999741 -0.0203987312772000752 0.9985786270984056134 -0.0492416425123172255 -5.170544886600958456 0.7205729635111017828 0.04882654842915436916 0.6916579279750990628 73.4251942728788265
0.687776769688861922 -0.02198570864101621197 -0.7255892649930339999 -42.32499866854806925 -0.02069813273996319244 0.9985409937245305345 -0.04987577814231302503 -5.241643553218843898 0.7256271347108408376 0.04932174540361932563 0.6863182520449828683 74.21761919267261476
0.6826737457311014001 -0.02170316173784057195 -0.7304009638769393131 -43.17967040071725648 -0.02053802189235309772 0.9985941144234382616 -0.04886825541308159604 -5.313481737333312083 0.7304346537436304798 0.04836206686192315307 0.6812682605242056377 75.00699258831967597
0.6778305999033810147 -0.02186260372986533265 -0.7348930148811142482 -44.04394593928489599 -0.01980926932376836369 0.9986518892789338908 -0.04798040205717492984 -5.386526358384657875 0.7349512283723388384 0.04708027927006860208 0.6764837428635618322 75.79260228044178405
0.6726078497018984637 -0.02278434394027320162 -0.7396482905492361981 -44.91728732025512727 -0.0189975941515771983 0.9986648496328783819 -0.04803885532364847444 -5.460176210883948222 0.7397552365053458034 0.04636285012583394455 0.6712769851074384952 76.57250100152550942
0.667666747465632815 -0.02386041050180980755 -0.7440778421763970529 -45.79881245611387186 -0.01800922509427756169 0.998676147741370146 -0.04818445646550859746 -5.532801834246427575 0.744242447529096518 0.04557142558101866942 0.6663531634570269979 77.34806591077519045
0.6632071410472941686 -0.02461378686667954271 -0.7480310756497512426 -46.68764920210021785 -0.01707481762173495426 0.9987014126563014127 -0.04800063609786988511 -5.604585993016742762 0.7482411227241215768 0.04460685973382784442 0.661925648248639642 78.12083762113387309
0.6591348562255522348 -0.02571916756836281626 -0.751584863310776119 -47.58295453144167197 -0.01582492500523629761 0.99871941208248316 -0.04805444607303630683 -5.676689914106229473 0.7518582662869142119 0.04356813540674271679 0.6578837876224682413 78.89189957139267051
0.6555125231781038231 -0.02846043456884754519 -0.7546478496931702251 -48.48345901753489784 -0.01329173802781069211 0.9987000610884206875 -0.04921015954549602667 -5.750874930099012516 0.755067349043531455 0.04228845827714430849 0.6542821236447889932 79.66353153316832447
0.6514538523989903407 -0.03259293866996352401 -0.75798787616112695 -49.38871197001878954 -0.01005271801904829287 0.998618345041081934 -0.05157970475787711923 -5.827974398128139555 0.7586216853244149849 0.04122163665891852985 0.6502261355789797914 80.43673873885354908
0.6464680738822973227 -0.03652392626135306242 -0.7620663190704360934 -50.29873862331569256 -0.006344768175498961479 0.9985616027941989215 -0.05324088175829976705 -5.906208983713117533 0.762914683507393887 0.0392536653176359801 0.645306475297940052 81.20992449421156323
0.6400628675259792955 -0.04027980872860442707 -0.7672659941041382048 -51.21559819817281323 -0.001470366819337315303 0.9985588455386280593 -0.05364878542978732817 -5.985857108501531521 0.7683211602476403002 0.03546675880019195537 0.6390812269599513984 81.97965848141028289
0.6320481193305919065 -0.04360113408241037686 -0.7737015961552750065 -52.14385833311305873 0.003161744650345811244 0.9985527337871932252 -0.05368950907284315149 -6.067706464632942165 0.774922719204720778 0.03148810724654474424 0.6312712478968065533 82.74268807726853936
0.6232498133286791253 -0.04451629536030724671 -0.7807547723177179488 -53.08686361562364198 0.005570957046317545798 0.9986059498258943457 -0.05249041415246830794 -6.14887498505110397 0.7820029910945595075 0.02836509040785741703 0.6226289847861428139 83.49608629545537042
0.6140959238131811215 -0.04362210294585031761 -0.7880249706135478149 -54.0467328046384381 0.006318945006493492667 0.9987111687835102947 -0.0503606438175223034 -6.227383827344316281 0.7892061275164232725 0.02594678051749730457 0.6135801178729894945 84.23968250729846829
0.6049291389743974845 -0.0434810366143883742 -0.7950913048420155116 -55.02373939300084515 0.006057654088700297097 0.9987304786328572437 -0.0500085796686275813 -6.305347765587082876 0.7962562948037771315 0.02543525983130718801 0.6044245757581371281 84.97338744963249724
0.5955530262702805055 -0.04464441014532142399 -0.8020745085387509521 -56.01482131783566132 0.005444693898744206242 0.9986559643780157369 -0.05154359598052645625 -6.38410010415442386 0.8032975753307586286 0.02632989528210022759 0.5949956708865622446 85.69626015317003009
0.5857802029739592742 -0.04663688592813401701 -0.8091270625462706478 -57.01684161575379761 0.005390855385406488794 0.9985452103322933759 -0.05365187574297523854 -6.463591442535929765 0.8104520589070863812 0.02706632058350469036 0.5851794424152531038 86.40889113555023471
0.575899225767300682 -0.04836447134216816102 -0.8160888489021980163 -58.02906904197057969 0.006473764598354663467 0.9984870730750670109 -0.054605653983196209 -6.544119720464164125 0.8174950889235740314 0.02616418765877138661 0.5753410460145340632 87.11112834052983089
0.5658960582763138403 -0.0491342590336416099 -0.8230112553325662494 -59.05078762176126617 0.008608689975775019043 0.9985204428521580189 -0.05369299615385151464 -6.625613147946038062 0.8244316775446224321 0.02329960703809673406 0.5654817775797610357 87.80305016494965287
0.5554496271836365517 -0.049382654175633027 -0.830082596311147225 -60.0821345751982463 0.01021286533598714068 0.9985649753180516619 -0.05257194709160618179 -6.707190917816831188 0.8314874979793820398 0.02072354753539501146 0.555156894672054313 88.48405331496952897
0.5449634888654991682 -0.04997798449750288918 -0.8369689656172812908 -61.12461564021815263 0.01055939055162733245 0.9985519167951653063 -0.05275121712026684812 -6.789275055542812964 0.8383933124198447162 0.01990960603545726543 0.5447020862180314005 89.15471568667578595
0.5350562610578956102 -0.05087131530088599696 -0.8432834400216592252 -62.17864447177173304 0.009907116225490964975 0.9984946324866781353 -0.05394849504207507168 -6.872703948640390692 0.8447583670480197648 0.02051097390226427897 0.5347548053152868519 89.81680665029665533
0.5251954940951498729 -0.05147272954573460513 -0.8494235135682621785 -63.24459910432791077 0.008462169979507943793 0.9984356287731370738 -0.05527032704337030145 -6.958010243701695963 0.8509395617189652317 0.02183976148040217558 0.5248094766665295507 90.46861734803241006
0.5153922998149631507 -0.05190451454650133606 -0.8553810576709184321 -64.32188434396638854 0.007031157674654058866 0.9983866269247018144 -0.05634561364246003234 -7.045438255602610056 0.8569255475356879481 0.02302577723670918425 0.5149257406533217507 91.10659825050075256
0.5059299753374589814 -0.05165735633451844222 -0.8610263837785931962 -65.40894151145288049 0.006168942654896377754 0.998396361427565604 -0.05627407761043828893 -7.13289209298617255 0.8625525253175949647 0.02315912124138573211 0.5054373296327928644 91.73104261927015557
0.4970573529106007138 -0.05027982591367974319 -0.8662597668965743569 -66.50665226984958167 0.006012060614404003862 0.998495437188305357 -0.05450540536228428573 -7.218813370772682703 0.8676968932378031907 0.02188430720974808216 0.4966117959061417952 92.34613419134556977
0.4889341649507855658 -0.04879580125173482025 -0.8709548837444963665 -67.61575389096721267 0.006274159591638239775 0.9986051985278084908 -0.05242532368211659521 -7.303123845015752735 0.8722981562742543327 0.0201680228421637249 0.4885583629563299279 92.95712689465885603
0.4815007002828683436 -0.04916219318765388535 -0.8750658331718794702 -68.73555058315133692 0.006707015646852112871 0.998603076336886164 -0.05241215546500477274 -7.388019263997175123 0.8764200752830223484 0.0193674102478670028 0.4811578234403333099 93.56498799398524113
0.4739957655088167798 -0.05167485677172309333 -0.8790095460498948965 -69.8623549392836054 0.008019145966168919268 0.9984884719525678465 -0.05437450551078449462 -7.475862621441647704 0.8804906387818048907 0.01872438043387799483 0.4736937069393550304 94.1660556467274148
0.4668692585165523656 -0.05484672380885115273 -0.8826239241492992438 -70.99139699342428855 0.00990622536601189034 0.9983366490345054745 -0.05679721888741049579 -7.565575046152023475 0.8842708974801507527 0.01777340488873056096 0.4666360260306453012 94.75814106473713139
0.4607838437796690778 -0.05801483217014297838 -0.8856142434285025899 -72.1208193430567519 0.01154300296258755493 0.9981686384069247131 -0.05938224119553607572 -7.657472987022325484 0.887437359399012804 0.01713973044395802198 0.4606096581227647757 95.33994449402050009
0.4552614130364695533 -0.06087162490433185164 -0.8882745921723910199 -73.25101268016004497 0.01312656248715851626 0.9980107079148428095 -0.0616639476183874144 -7.753782886472564861 0.8902610842071557729 0.01641322491686766569 0.455154810968277479 95.91345908758714245
0.4504683946418341911 -0.06158633206903665197 -0.8906657114253929697 -74.38459032502773027 0.01511768355915684391 0.9980011324359842062 -0.06136218290344743614 -7.852337845523525317 0.8926644052168992705 0.01417692256635412831 0.4504990212190718712 96.48022594067353452
0.4460188678066830392 -0.05999441965896130935 -0.8930105821802529764 -75.52222617232166613 0.01779830960713889992 0.9981481788437022162 -0.05816833699030625471 -7.949124221033780913 0.8948466066015531295 0.01005009789179745101 0.4462607303477417187 97.03941821449140548
0.4418875259001562306 -0.05834388047401617428 -0.8951711942929265753 -76.66234470355425401 0.02066127913364693147 0.9982800533597023795 -0.05486500507205011729 -8.042305987342940554 0.8968325294744698972 0.005748780325381877034 0.4423329725035438642 97.59171788468349007
0.4386430380474787838 -0.05776824113414496392 -0.8968027524241629633 -77.80134456634060314 0.02270942248421372808 0.998325663682927078 -0.05320031512770719007 -8.132893303426840248 0.8983744361193672923 0.002970076146384646471 0.4392204957684665567 98.13836665188439667
0.436161954009322006 -0.05757045680545645056 -0.8980247512326315906 -78.93491084647834555 0.02439273189602646219 0.998341151439140928 -0.0521542149465806168 -8.221658621741292805 0.89953755055645368 0.0008424081842735536667 0.4368427383375463879 98.67919142883584982
0.4337255422354617806 -0.05694533352342983495 -0.8992438182325681595 -80.06110876932240217 0.0262800297273131922 0.998375897212359309 -0.05054750300207256491 -8.308046842993121572 0.9006617426021111816 -0.001708410260130844649 0.4345176626165032641 99.21566969819096471
0.4312277381229583928 -0.05661783940743687904 -0.9004649465372476236 -81.17957899935477428 0.02842646473889644948 0.998386301178111224 -0.04916148769700527665 -8.393229610626885773 0.9017952288060833155 -0.004397237051662138997 0.4321413215751717662 99.74847738970341027
0.4289294527531875012 -0.05700184307114065235 -0.9015377842437992673 -82.29085763884435778 0.03049819252528708155 0.9983520280166722216 -0.04861286406430390811 -8.478359692745897291 0.9028230422978271719 -0.006643782882894430294 0.4299610522949756097 100.2767805283865528
0.4265743291940757853 -0.05702695055348235009 -0.9026529403502607796 -83.39483498080568324 0.03253208962520685865 0.9983319659010116975 -0.04769770584811909575 -8.561995776015601578 0.9038672833328282863 -0.009018568637916521066 0.427718004559507925 100.7995334968065606
