0.9999983512970194166 -0.00031249647364582796 0.001786690424986615193 0.0006086578319260852821 0.0003130611143284215163 0.999999962489875216 -0.0003148439629341847354 -0.0001187243464723750384 -0.001786593392199008461 0.0003154029221954641983 0.9999984350688074786 9.247843924667231025e-05
0.9999127723467144957 0.000833666504141015118 0.01318124464601145955 0.008840429212390969738 -0.0008236138847849790645 0.9999994270259254803 -0.0007679321477679338813 -0.002575837445755930957 -0.01318187801849729328 0.0007570090332857881904 0.9999129094912780902 0.03744463203003461915
0.9993668464939221563 0.003706139606271500238 0.03538591857028233062 0.03175953536293660978 -0.003692540400529182535 0.9999931425277099883 -0.0004496101253266994576 -0.006295537655038846436 -0.03538734159983619731 0.0003186616237691002594 0.9993737018703889863 0.1614675833116564485
0.9979928088329718117 0.005339381514190418357 0.06310180100283077631 0.06780645839580691503 -0.005403147648333751774 0.9999851111788889968 0.0008399516390330352775 -0.008056045426482015895 -0.06309637434618234342 -0.001179213968112555752 0.9980068227678666748 0.3526811867979620096
0.9953143571010327761 0.00478451554531161144 0.09657345456321157762 0.1151429462341087423 -0.005093135524859466155 0.9999827412200984478 0.002949463740680379701 -0.008993142196783503531 -0.09655767169979799502 -0.003427505259336937737 0.9953215707173371785 0.5623937701199293038
0.9909984120327894885 0.001853090765120130609 0.1338607755615724149 0.1731837252638790958 -0.00251818407953854689 0.9999853730890378989 0.004799423590635201915 -0.009339909498625658529 -0.1338499171737148608 -0.005093307225808394595 0.990988606450951437 0.767865537202026327
0.9849032406161469799 -0.001231025220437240034 0.1731013748830766974 0.2434758286648696368 0.0002346860715498559743 0.999983351299840062 0.005776171800966822464 -0.007973076763480834925 -0.1731055945267834795 -0.005648345870471207196 0.9848871552588684963 0.9676444089140060489
0.9762329375302077894 -0.001769810868396738115 0.2167166712772141401 0.3305397770677770408 0.0002338169675029602875 0.9999747359441127914 0.007113010525198758954 -0.00521159408546571952 -0.216723773086435284 -0.006893283192134131571 0.9762087106320002095 1.168064550750225195
0.9644968902531458887 -0.002121791340641950886 0.2640856768371331875 0.4372052059533778623 -0.0006527320486123150715 0.9999455795395532087 0.01041796601637055668 -0.003378522614636358425 -0.2640933952836089782 -0.01022047312924872706 0.9644430395446226267 1.37650482990538725
0.9502039040838649031 -0.006526884412118000474 0.3115604928458789447 0.5627869377779175508 0.001281927252608028442 0.9998541107993681454 0.01703631131914561114 -0.00446477111872967819 -0.3116262160102062362 -0.01578857181598907963 0.9500736688675494035 1.596714966338996344
0.9331787892266231177 -0.01440493143204514721 0.3591237226654913628 0.7056362901281286737 0.006033167960121529894 0.9996836058906120037 0.02442153012128724446 -0.00567119736814870011 -0.3593618680056552273 -0.02062300040037272006 0.9329704662053858177 1.824825777305241203
0.9123420924192158221 -0.02044933925652430221 0.4089177631208909536 0.8655138787087341967 0.009168072225308609643 0.9995219236924285378 0.02952952172583770893 -0.004052224612374668439 -0.4093261048574404204 -0.02319203832808345786 0.9120934256902961668 2.055999858317524964
0.8874875893974162322 -0.02272274334535329121 0.4602710781632843307 1.044119241087262839 0.008111788940782925506 0.9993992195361159903 0.03369749277758467276 2.682379767398462844e-06 -0.4607602290181559423 -0.02617248512036625396 0.8871387470954624765 2.285042296496683445
0.8591062552248415196 -0.02525761977652438497 0.5111736581699792836 1.242452168163973969 0.006602200284635701202 0.9992453893170503143 0.03827773549807076542 0.005979185443210832326 -0.511754695648461766 -0.02950977151280416433 0.8586247404683214901 2.511744379842490993
0.8270307165131577376 -0.03018278264519627316 0.5613458933905854931 1.460393316600370861 0.007561924008710577648 0.9990646178258399956 0.04257732819987727901 0.01273322811053289629 -0.5621058896613871925 -0.0309679036868182947 0.826485386015782586 2.73674132111489099
0.7915708322720332868 -0.03563408882608342515 0.6100375828336148665 1.697804262703310307 0.009417118188117993768 0.9988911751608626766 0.04612873552477510242 0.02027156181648981023 -0.6110048773982446058 -0.03076936601842572561 0.7910287078497779678 2.959248682526382179
0.7537152976664143189 -0.04016922651031550745 0.6559723404840146488 1.954345060930686273 0.01081787845292191998 0.9987534627560340494 0.04873003503437979556 0.03018239457332664785 -0.6571120554017937376 -0.02963234430991533788 0.7532103269524570432 3.179619839779574964
0.7137770743397859885 -0.04336761463515650256 0.6990290203287423676 2.233579536127763721 0.01166429551477876289 0.9986787873628072409 0.0500474380996261195 0.04374594725225561948 -0.7002758507200786964 -0.02756903340260309296 0.7133398924531927365 3.396006552945949775
0.6721449740803391304 -0.04516285063370491931 0.7390409249371598932 2.538082482100306514 0.01049095452357971282 0.9986187588360782019 0.05148433310655254475 0.06042365149933078688 -0.7403452662828889919 -0.02685169156240354432 0.671690396940907708 3.608435539443860751
0.6297143269414822164 -0.04600335552467796352 0.7754634745733356427 2.868830837409372947 0.007029594063829212869 0.9985416237215670732 0.05352880240960439934 0.07738826850559707426 -0.7767950151230940126 -0.02825666093646198376 0.6291193661762461975 3.81800981473229184
0.588121512706205829 -0.04666485124664342121 0.8074252441710920714 3.225855718413459527 0.003798148377002305998 0.9984824729430239465 0.05494039933948310223 0.09449136087030032827 -0.8087636916223357453 -0.02924491051223945121 0.5874062762051660558 4.025236125384565433
0.5481430112500927931 -0.04817640404270848858 0.834996002475058785 3.607832548318992583 0.002062418911366617046 0.9984145788673598476 0.05625119838250251109 0.1127392348377914411 -0.8363821124238407512 -0.02911159036963685207 0.5473733465026892064 4.230468231373646582
0.509382837175354819 -0.04990567771185951823 0.8590917313384425213 4.015643051197663738 0.0003109422206584809946 0.9983276339435087632 0.05780969475009161557 0.1314630119244749873 -0.8605399957437463998 -0.0291801391068162129 0.5085464923201213905 4.432477768917430616
0.4720420377864999462 -0.05023908543179538 0.8801434009983516438 4.449659520255152323 -0.002122109644248680073 0.9983072882105156198 0.05812208823300905186 0.1509129000238953466 -0.8815735193634434141 -0.0293038304588135734 0.4711364048681400685 4.629760911985671967
0.4360047644763511143 -0.0495128923930181486 0.8985813146905015092 4.909277205122699606 -0.003099818149323999624 0.998396890090533784 0.05651692811406260758 0.1720239649820343719 -0.8999390524028024752 -0.02742708929943957555 0.4351523301633121177 4.822137003261535604
0.4022150453136597026 -0.04825252548244956391 0.9142728333568715948 5.395149504387754646 -0.002005061846729264217 0.9985614415125287913 0.0535831076473307355 0.1950996758437480438 -0.915543063414314684 -0.02338510634710026792 0.4015396955682594693 5.010082350901473802
0.3723120455053389177 -0.0465268391881932461 0.9269406985950869871 5.909161946684185374 -0.0002709206263207051667 0.9987372278387544045 0.05023941182325463578 0.219484437267820548 -0.9281076086386259583 -0.01895586623351130234 0.3718293038614864376 5.194929780852149293
0.3469627311911907541 -0.04491653418283494265 0.9368027724147552915 6.451650942862458216 0.00110674681112597241 0.9988715123728213463 0.04748261837013165176 0.2441883674015483952 -0.9378783000079026211 -0.01543789616848449849 0.3466209074046541772 5.378524530919161606
0.3267186191166622233 -0.04429110549925632107 0.9440833169586499984 7.021326047436914131 0.00216925021284663979 0.9989339043117140271 0.04611367838878124847 0.268913485400613439 -0.9451192024042700535 -0.01301824508368797963 0.3264663919546908488 5.563258807680220741
0.3114760007122773233 -0.04482763812164971412 0.9491961083704811841 7.616765441859853603 0.003330145259783409261 0.9989320903305900501 0.04608374123391693888 0.2929516754238512544 -0.9502482204102364882 -0.01119301918883649008 0.3112926623293345019 5.751872556072170184
0.2994009526096580442 -0.0461835395624097117 0.9530090341605464976 8.23703630306553336 0.003982800222488112017 0.9988796949567393391 0.04715521682846264551 0.3168850043510089143 -0.9541191103664384832 -0.01032267293767244638 0.2992494790452918108 5.943309571469588271
0.2885701964739925129 -0.04798284960133166605 0.9562556966322909302 8.882627950288302543 0.003032240514728532649 0.9987843161428023864 0.04920180399480420658 0.3430725672255617864 -0.9574539767715194438 -0.01129857767762009954 0.2883648886510799536 6.134125418096986415
0.2782607662617903044 -0.04980402721363948876 0.9592135188930590584 9.553310148778946242 0.001472721708804789354 0.9986757958179468542 0.05142575339875145313 0.3715252316749984018 -0.9605044757526913779 -0.01289711567918569793 0.2779656461857408778 6.323080276029461544
0.2679089953448209327 -0.05160422849266770723 0.9620612476851659878 10.2468693195665761 0.000751082052370564187 0.9985754574151883833 0.05335366811658531772 0.4003370594729889764 -0.963443966945365271 -0.01357134139641564749 0.267566112860489147 6.509700184064668882
0.2576220768161401886 -0.05350691829118232185 0.9647631554849389612 10.96248221313077842 4.025466053687914498e-05 0.9984662211929730136 0.05536538356594665478 0.4296166909073058093 -0.9662457946679117171 -0.01422450959838950785 0.2572291014736242665 6.693739262245204991
0.2474181842930980868 -0.05504620590232121857 0.9673439040447593396 11.69864518803228393 -0.0006706444492370936764 0.9983749536113109002 0.05698354518219585912 0.460663837133802434 -0.9689085945202795536 -0.01474750982068803382 0.2469792076298338579 6.875328167289645798
0.2369495243875603396 -0.05663198117923607527 0.9698699982140012166 12.45234198333344544 -0.0009877936344662768733 0.9982850756403005565 0.05853250553911664572 0.4936432717867358932 -0.9715214973371559815 -0.01482728147850137512 0.2364872387158244715 7.053699744778627156
0.2262868813314345695 -0.05923848862640916646 0.9722577441522823882 13.22051837654947803 -0.002371164260925081278 0.9981125960486055826 0.06136566940019725497 0.5288835218944114569 -0.9740578514397147947 -0.01619162948994026102 0.2257193276882208666 7.228416941903702764
0.2149987621393808779 -0.06291238430693489592 0.9745858796783053446 13.99982814393577257 -0.003992182409819831218 0.9978580556710472393 0.06529537051730215091 0.5657330299639469207 -0.9766061991389377583 -0.01792914917212666895 0.2142870940761714693 7.399179796650889429
0.2029612663863386568 -0.0666196846298281603 0.9769179162489092239 14.78754914112745844 -0.004940836595605795252 0.9976005690815042959 0.06905660655927065017 0.6029579460220561016 -0.9791743390871460173 -0.01884260884638916736 0.2021451226184113881 7.56255737989146315
0.1898968352253897207 -0.06906137709799332891 0.9793721415950609188 15.58227126092996428 -0.005684659267637182274 0.9974289822500008729 0.07143691083409045572 0.6410496035860236974 -0.9817876302343997441 -0.01913304094436933667 0.189016021132071832 7.715458273254514054
0.1758159854833581393 -0.06970093976823678317 0.9819524389026524913 16.38236382219928444 -0.006500746364484550135 0.9973863650797774039 0.07196041454930872383 0.6809238675646286376 -0.9844016224187317476 -0.01903521568681153242 0.1749033626605432934 7.857480298654259343
0.1611811865129301191 -0.06892456582272880883 0.9845151617956831025 17.18668691034267226 -0.007695367413184521152 0.9974403315963036309 0.07108929900059722529 0.7218464944611051592 -0.9868948685169458557 -0.0190344641985053277 0.1602382200278898994 7.987876870718962685
0.1446961883250763303 -0.06774382009087778767 0.9871544270501276808 17.99725400835942324 -0.009023407722770514228 0.9975217996628070738 0.06977792996514972645 0.7621346371964478061 -0.9894350239753452181 -0.01900409812309770963 0.143726325448758574 8.105725732771517755
0.1242566572724354557 -0.06636375531774275915 0.990028388747431265 18.8165544626705028 -0.01151626788182632741 0.9975972900526813847 0.0683165034380343178 0.8015926354322427949 -0.9921833170350264908 -0.01989021324448488406 0.1231938446760913047 8.20821495678388402
0.09880767974996343406 -0.06512518218095261768 0.9929732267361076614 19.64438590155782904 -0.01542790995388938942 0.9976360219064079882 0.06696618221911611324 0.8408584571841205557 -0.9949869840162482992 -0.02193627538341114125 0.09756935740585812034 8.290290968898123225
0.06869987959356539664 -0.06457827246888357686 0.9955451017867356089 20.47866966103340047 -0.01958301800560853859 0.9976232335789919636 0.06606444870519168067 0.878740361786897628 -0.9974451908115369303 -0.02403439810538334984 0.06727196013600560132 8.346691278926545721
0.03555745940452464948 -0.06436303506942783748 0.9972929076087087008 21.31672877438925795 -0.02267787426439979437 0.9976150506110952332 0.06519238414885880628 0.9141474006989075418 -0.9991103332781532398 -0.02493455950375651764 0.03401304064863096277 8.374199358087915712
0.001464185099759957465 -0.06377005761667128847 0.997963582926108872 22.1577419319035549 -0.02432263675932580527 0.9976671664809848572 0.06378680422694840702 0.947840819173232374 -0.999703127193853347 -0.02436650220333952399 -9.028654597330578661e-05 8.37228366323851958
-0.03231472724382666167 -0.06256370985443850119 0.9975177279205145187 23.00230288755899721 -0.02571096613441308312 0.9977607401054349179 0.06174604310620060432 0.9809419523748643677 -0.9991470269695922335 -0.02365183876823153536 -0.03385094038644793218 8.34126615763604029
-0.06537243094215973438 -0.06056158311437551817 0.9960214940514217075 23.8484948638159473 -0.02795819337938509203 0.9978759406130141008 0.05883934622814396276 1.01315974530816133 -0.9974692282223488471 -0.02400049123498384368 -0.0669267700347049993 8.280365735939144045
-0.09791394627944896567 -0.05766606663651756975 0.9935228030507444741 24.69365940323315556 -0.02948560169533908509 0.998049696613404147 0.05502294486094832376 1.043208397855195813 -0.9947580281019686721 -0.02390710477283471136 -0.09942330537917419553 8.189915278605987226
-0.1300599241775246828 -0.05331546521058044136 0.9900716908550568629 25.53485400484922607 -0.02739417449986902148 0.9983653178338733891 0.05016346707055743814 1.070178783511106513 -0.9911276662058581266 -0.02059794072720770586 -0.1313078537730110462 8.070431148955339751
-0.1616118672005618373 -0.04758971393430862229 0.9857062942531757965 26.36882555669269834 -0.0225189414373042282 0.9987543815419374083 0.04452757255627935729 1.092281829742768995 -0.9865974742662451114 -0.01500087893799660448 -0.1624822342645978468 7.921189661061072584
-0.1918127168225002288 -0.04146288016374750224 0.9805553454091758825 27.19423613710230825 -0.01646780136255863308 0.9991025583573559521 0.03902578003397616513 1.108555607749577065 -0.9812934152497229112 -0.008661950503462847659 -0.1923233830849266357 7.744825913390138261
-0.2206013745182097141 -0.03582013843207619563 0.9747061221041852797 28.00913529754599551 -0.00994177539547570939 0.9993561392054274295 0.03447593731446442489 1.120816067693137352 -0.9753134200081720051 -0.002084870904635422514 -0.2208154588886327152 7.544434756632862893
-0.2485621054210895298 -0.02932547584170644081 0.9681719725225297335 28.81274064325641859 -0.002670449464893733839 0.9995585970912932439 0.02959056961906261426 1.129310943501576903 -0.9686123166077474922 0.004769639261991066859 -0.2485307074117651949 7.321210131058347947
-0.2752400269181205505 -0.01905666946090306749 0.9611866842385849985 29.60793044425891551 0.00384168899655106498 0.999773795534201648 0.02092179052294969657 1.130210462369595437 -0.9613679000374819594 0.009451093811768028485 -0.2751045630468815784 7.076984097260444528
-0.3006396591418871167 -0.004126552012663868563 0.9537289115603123646 30.39784876779232548 0.007731157270495093992 0.9999473012260807758 0.006763586448919296085 1.12198112429386132 -0.9537065028086998408 0.009406829842784396323 -0.3005919198260885161 6.811843077165853799
-0.3255939599646821558 0.01297192271264484449 0.9454207375471118668 31.18401045270179139 0.008942361655598557446 0.9999034707760909857 -0.01063980364148692064 1.10544786019583241 -0.9454674372972182717 0.004990037635874095684 -0.3256785378946436826 6.525428114395846357
-0.3504320745551395277 0.02778603106587822572 0.9361759261602728976 31.96471511616095995 0.009598773617521870125 0.9996139432704467254 -0.02607585276704534397 1.078723477869034886 -0.9365389958798534531 -0.0001516751396760921853 -0.3505635079391331566 6.219967384639256025
-0.3749086001514185251 0.038212761331989753 0.9262739292642562239 32.73685610108439903 0.01283009508645859519 0.999268366825755705 -0.03603112357895696394 1.041007884082109536 -0.9269730280833833325 -0.00162419626180442477 -0.3751245867428460445 5.897486377634035826
-0.3986463821244683459 0.04318950019529817219 0.9160872192025467653 33.49823719822787638 0.01660166041640821419 0.9990667221604806469 -0.03987720767946673767 0.9960380367048945471 -0.9169544753732628006 -0.0006883363869175195124 -0.3989913610650030473 5.558488843035218174
-0.4211162847824642119 0.04272809108008513573 0.9059996950803842486 34.24844689587683177 0.01944949356129606344 0.9990855402809285524 -0.03807784850449624781 0.9476577177500746796 -0.9067981326189654689 0.001586032415599689235 -0.4215622405234094594 5.204273221153075113
-0.4415194074629158472 0.03960228184804120283 0.896377338629213094 34.98677231111455654 0.02351856125837143222 0.999193083611645938 -0.03256042186974378305 0.8999401717169773773 -0.8969434486206028234 0.006705446481004367736 -0.4420945372779179205 4.836335722681218918
-0.458980930971787493 0.03784572434480123343 0.8876397162963584053 35.71327073155526932 0.02909423586947253171 0.9991967779552498596 -0.02755805655755347305 0.8558150814481397806 -0.8879696441879011415 0.01317657615265901451 -0.4597133705822877836 4.455132549172050815
-0.4731295349837308373 0.0391132637021209123 0.8801242266963620331 36.42963461369546962 0.03347957274655083415 0.9990906594798861784 -0.02640254638028369585 0.8123815412504454825 -0.8803565293404520542 0.01697435793503527385 -0.4740088056004035377 4.063211739808707534
-0.4845123150738274709 0.04191819956023773441 0.873779571092717755 37.13587200374395536 0.03623628366961048619 0.9989557204295048676 -0.02783024374917432084 0.7683081967819915814 -0.8740336405233334327 0.01817842793420373915 -0.4855253199184293433 3.666105522803082106
-0.4947438846300596937 0.04440895118824732951 0.8679034454378582453 37.83395309697985454 0.03639037074521847548 0.9988762399687148852 -0.03036643287212761888 0.7244967868213406659 -0.8682766178816843095 0.01655972054440197488 -0.4958039810528774294 3.267499883634898072
-0.505594196217750147 0.04424669753724964905 0.8616361149158366928 38.52565453891910607 0.03287208466735095508 0.9989469294802294508 -0.03200906505703175059 0.6802208349029805756 -0.8621449933178235714 0.01214017714600739914 -0.5065162629419057705 2.864919603597088305
-0.5164728889935816802 0.04297460424835936738 0.8552245280717506448 39.21193365071327719 0.03066297418831982063 0.9990275678285200911 -0.03168316353771462313 0.6383624375174458132 -0.855754398590146792 0.009860231964861937426 -0.5172883954536497964 2.451851222181931966
-0.5255548240501943802 0.04448757329929831084 0.8495958080369464538 39.89816796967998869 0.03292584567829014153 0.9989473577051617426 -0.03194037154145730473 0.5995248544429191417 -0.8501223844536682783 0.01118724346670248171 -0.5264664061345666335 2.025031949801561204
-0.532175505204546484 0.04742255093234120505 0.8453049077244758625 40.58920841545231184 0.03579506688724203023 0.9987976269410050456 -0.0334982941568760656 0.5607433066192268889 -0.8458770579629644182 0.01243077344900318446 -0.5332331376030632342 1.585359562000439926
-0.535453975553106587 0.05020929715059788828 0.8430706494372949278 41.28863943974425865 0.03663677267054881587 0.9986725679221416518 -0.03620733457340186839 0.5205979366437759603 -0.8437694228836408739 0.01150002583631847507 -0.5365827159601413987 1.137679565738334286
-0.5352648285190854116 0.05230391196141700311 0.8430634125340952245 41.99988606830529392 0.03730135133124752589 0.9985710921052677325 -0.03826885561624393528 0.4781558746873293964 -0.8438603110679525621 0.01096343145190273836 -0.5364510035576711688 0.6868633424211748606
-0.5321299289480325712 0.05268544714420047431 0.8450219145478868876 42.72579810310057979 0.03809271576329314318 0.9985412035906542361 -0.03826920229885943936 0.434150915841034879 -0.8458053771781167685 0.01182499105149049934 -0.533360603990539528 0.2333336558649165005
-0.5265914436888081696 0.05169992212303759632 0.8485450039154507351 43.4700110329388707 0.03699991862576491181 0.9985971030696132456 -0.03788078500608633992 0.3890504097302594499 -0.8493129636937031268 0.01144839817467747066 -0.5277655954584360432 -0.2222534524730429562
-0.5197647922148171951 0.05044845600706453215 0.8528186025446882201 44.23428952575977036 0.03476981647111321988 0.9986770546156198414 -0.03788565115552827711 0.3431200902120676854 -0.8536015897911706229 0.009960718029156087616 -0.5208312675541156844 -0.6790461606740185729
-0.5125407613773380611 0.04956286536055439645 0.8572313256741845855 45.01831859356232002 0.03272225802504011294 0.998735050125792112 -0.03817951810255715978 0.2964611798080281635 -0.8580392041481962329 0.008481984676887530106 -0.5135142439185077512 -1.138510143995222545
-0.5062393763003483205 0.04818335288321506232 0.861045942062598102 45.81949548963800822 0.02993241424362561368 0.9988181484424045742 -0.03829463472863534057 0.2492535466649122844 -0.8618734240673529001 0.00638693113880752731 -0.5070833324764312255 -1.600918590994990565
-0.5020209131957236171 0.04588857612121747392 0.8636372488564156846 46.63607895352724597 0.02569570709116434509 0.9989419875265802551 -0.03814129429922630959 0.2017298804901931919 -0.8644737060061579159 0.003044041691379120989 -0.5026689200085030507 -2.066764438780622548
-0.5003522397684043721 0.04327961051523514929 0.8647395954479567548 47.46791917408212669 0.02148159277758019542 0.999063034725010235 -0.0375728087861291124 0.1531607014786217913 -0.8655554473896656109 -0.0002236558871334299887 -0.5008131538098332669 -2.537757164464792048
-0.5008209645696801715 0.04089136249320254879 0.8645844749649914673 48.31276666595688596 0.01847958800816563649 0.9991609457861858612 -0.03655176310836343034 0.1038481030314581527 -0.8653536395110446033 -0.002328725071610551062 -0.501156415915812059 -3.01582665041086706
-0.5016971842088734368 0.03944625347525700793 0.864143497807525196 49.16908596282453203 0.01699562547666408699 0.9992164809529980873 -0.03574486047035489028 0.05544653551708406125 -0.8648763721708329077 -0.003246437313642300954 -0.5019745204338160738 -3.501993148043297754
-0.5019979878685701946 0.0388633580115216315 0.8639952059562623354 50.03551094492917883 0.01676127487196598514 0.9992394946937104283 -0.03520815320112066771 0.008076421610659582223 -0.8647063865168308494 -0.003192761640227327873 -0.5022676269420528472 -3.996020574183754448
-0.5021747311164291849 0.0381876452974025879 0.8639226235588913783 50.91084786187136757 0.01673517594624220409 0.9992666161349497145 -0.03444250145111778239 -0.0399207493486289644 -0.8646042611168963665 -0.002838257505868538744 -0.5024455330192613145 -4.498355650746584722
-0.5024740932753497535 0.03760654205847351744 0.8637740386696842743 51.79540572578534352 0.01694920598794572367 0.9992901147715663734 -0.03364688807415438382 -0.09053845704182937604 -0.8644261478025591083 -0.002266406175308806857 -0.5027548071589335033 -5.007953180098772883
-0.5026212032651818928 0.03684162989500504304 0.8637214114646373231 52.6876937329546422 0.01628706064910888027 0.99931781317829671 -0.03314758001029666223 -0.1435867953083625748 -0.8643533494314495913 -0.002593194245393290812 -0.5028783753596466344 -5.521778051542622023
-0.5026599235569576551 0.03564406245773216186 0.8637491292893327843 53.5847694815983786 0.01498465783977732078 0.9993588141291755989 -0.03251988302632395633 -0.1971443091027642036 -0.8643543927507451041 -0.003403457464147116064 -0.5028717509910983763 -6.03640961075571969
-0.5028564975301799134 0.03474537506823076327 0.8636713252593647416 54.48267677114058927 0.0140536405720383447 0.9993883923058658469 -0.03202278330935386802 -0.2511892208573547891 -0.8642556873120558203 -0.003965138989741100704 -0.5030372574389028184 -6.550088308437148399
-0.502525066609085469 0.03380796993429176917 0.8639014034602081615 55.37940080814452415 0.01313207094098313085 0.999418408069110753 -0.03147247153893266425 -0.3048295143818849917 -0.864462932198378331 -0.004470892052719981774 -0.5026767825352925767 -7.062050036283626042
-0.5009854279096053187 0.03241758531597723619 0.8648484015240507361 56.27554130240577024 0.01286522534484500768 0.9994668302972358198 -0.03001105213395979798 -0.3565865154284935112 -0.8653601228009493163 -0.003908630930587408958 -0.5011353889523657568 -7.571433308188822764
-0.4986261930221939642 0.03073000020586606415 0.866272268605199125 57.17199171765675203 0.01330803514349599564 0.9995250629949685717 -0.0277968843759456366 -0.4066922403586679668 -0.8667149884296604379 -0.002331873543544729557 -0.4987983446133613663 -8.078950585132931295
-0.4962569399715008878 0.02937931645617623475 0.8676784900695229119 58.0682702189195652 0.01363921683238149968 0.9995678012680928592 -0.02604428087069046369 -0.4564209035171127304 -0.8680685899345822465 -0.001090200760777753882 -0.4964431808626963982 -8.584796370863415405
-0.4939470295579193593 0.02898968978709102334 0.8690086230318176952 58.96284142564268649 0.01384813803660102025 0.9995796210844342111 -0.02547415001294832393 -0.5070220592730394493 -0.8693817439972121308 -0.0005487300602375821609 -0.494140849456860265 -9.088138306091920526
-0.4919724587705605612 0.02922294003360311615 0.8701202082334020815 59.85510809316321712 0.01416153270017683936 0.999572947410376611 -0.02556356646110453934 -0.5576848092087426378 -0.8704956098111733542 -0.0002543355622535355153 -0.4921762138225749261 -9.589233615258994092
-0.491083771323364171 0.02986129904808367333 0.8706004190344450722 60.74466966410523128 0.01421202709445345234 0.9995539743106669484 -0.02626771515653182273 -0.6078200230765974377 -0.8709964430472524333 -0.0005266525786353856578 -0.4912891364598075961 -10.08603663080677748
-0.4920705144156559685 0.03104053948313431274 0.8700018108767855196 61.63130539010434461 0.01347979567873859412 0.9995160462555094938 -0.02803730589634675918 -0.6590548583164342888 -0.8704510094437313272 -0.002068885590067917613 -0.4922508067232986284 -10.57898627509484513
-0.4950749230659374223 0.03245375259528043149 0.8682439930229608471 62.51452699170649652 0.0123416865062829402 0.9994640677675825646 -0.03032131517158553197 -0.7127029802562268035 -0.86876265974320388 -0.004295728316796977066 -0.495210142112997187 -11.0713444173294544
-0.4994292499963060017 0.03281839114341223579 0.8657328883752491988 63.39273389214771015 0.01096934892730545494 0.9994417569838434101 -0.03155899111784028765 -0.7664330675726761521 -0.8662852606981487069 -0.006264957853933451545 -0.4995104552054642766 -11.56556097693393959
-0.5048547708034345494 0.0315968636104271422 0.8626258486256347391 64.26274982202539832 0.01181656144296438365 0.999489239111683303 -0.02969430775360012986 -0.8179477644604263853 -0.8631234466035626607 -0.004798042303647368292 -0.5049702888566911518 -12.06454063978133284
-0.5103333011299825417 0.02946254572653833961 0.8594718935519330971 65.12459772381424727 0.01292139162130179555 0.9995629055458568057 -0.02659243557178925937 -0.8683522082589647528 -0.8598796507210051399 -0.002465433204828392476 -0.5104909463391618107 -12.57010396252425721
-0.5152710372477478096 0.0283338066732730133 0.8565588180620067327 65.9804834379395686 0.01191063481458965595 0.9995936354227248355 -0.02590024969661222642 -0.9192230930140060652 -0.8569445424581981774 -0.003143489945087021408 -0.5153991350632011192 -13.08109724080593317
-0.5204264236119904297 0.02974359055461682153 0.8533883706755200915 66.83054591506343911 0.01199552765295434573 0.9995492687295276513 -0.02752251503358882703 -0.9698939685631235985 -0.8538222873432094184 -0.004086600969099416295 -0.5205486534212784289 -13.59508761209956873
-0.5256695836102215358 0.03161251890238330614 0.8501012832770866723 67.67350917587468473 0.01232589811632983298 0.9994874871560829321 -0.02954585235352037362 -1.019631596139169316 -0.8505995615303133528 -0.005053094801141879561 -0.5257898362166157913 -14.11145007831919607
-0.5303637274840752314 0.03250512287580198389 0.8471468511730491091 68.50853272750623546 0.01157128009137905686 0.9994492115587202408 -0.03110468020310511172 -1.070885956545025053 -0.8476912613666923724 -0.006694221349332824152 -0.5304477475963784716 -14.62996839331229637
-0.5340766855791412304 0.03284407818031421372 0.8447978539352907212 69.33777375918027985 0.01064207304691120425 0.9994271691729442741 -0.0321278997133693997 -1.124503802008616216 -0.8453690865045949687 -0.008168362434284487036 -0.5341202915969326392 -15.15116123518949642
-0.5370570918172830055 0.03110387064994313971 0.8429722905645593567 70.16415686820973008 0.01118677060618134163 0.9994947669013459768 -0.02975212996623602044 -1.177280015680620906 -0.8434717471467627625 -0.006548455456587257487 -0.5371337172631588386 -15.67536035298880925
-0.5396020326145360979 0.0250806381990273039 0.8415465887684350221 70.98954178412915894 0.01227164456273246128 0.9996843616003939781 -0.02192500950383816788 -1.223500761107058743 -0.841830805355521461 -0.001503619751821314932 -0.5397395068289306819 -16.20034592195861478
-0.541808077083655637 0.01792705952171823672 0.8403110620701673694 71.81440752947581529 0.01250056934585963564 0.999833864852496812 -0.01327028958116416649 -1.260806286002978727 -0.8404093019932776798 0.003314415968906775367 -0.5419421748794660543 -16.72494265792809287
-0.5437590497730624417 0.01574229659269741136 0.83909375436071032 72.63600222165217701 0.0125871038612343257 0.9998646363747125676 -0.01060169175772820299 -1.294855387427439108 -0.8391470144912408502 0.004796993753119910449 -0.5438836072542087008 -17.24854136415944339
-0.5449828675311342296 0.01949104695622821265 0.8382206307339774565 73.45040704039767832 0.01297145993147818394 0.999806174201876674 -0.01481476902106151905 -1.331133948946397361 -0.8383468652854625391 0.002799149366449856478 -0.5451300759112617245 -17.77070943384207169
-0.5458610843204475538 0.02507965091088897383 0.8375002926847023854 74.25715165162017684 0.01502183213520698508 0.9996842620481927177 -0.02014554296348437107 -1.370309752238773937 -0.8377410532546425426 0.001584120219276284255 -0.5460654903727720777 -18.29296148166462288
-0.5464387182681085253 0.02945198164460499646 0.8369810991927174593 75.05721743452170358 0.01930746692379524052 0.9995589266819973062 -0.02256758603624874418 -1.411071112943895534 -0.8372765373292168078 0.003828181441475329762 -0.5467663547144726577 -18.81708439666928712
-0.5464183840519960533 0.03034577581003185601 0.8369624459387164928 75.85322472388813253 0.02260807585241160489 0.9995136954357092263 -0.02147951737281100434 -1.451506378416078213 -0.8372071879383824466 0.007185306643283268478 -0.5468387307240409889 -19.34432991984862582
-0.5457462127639682858 0.02774497056866659025 0.8374910986869080753 76.65039179834202798 0.02265950073679476318 0.9995749075744424506 -0.01834865923063479579 -1.489826820544129182 -0.8376441185861952521 0.008963418244628549095 -0.5461429201720180426 -19.87218042589701383
-0.5450587087158483834 0.02305797488229980804 0.8380807756037321754 77.45130115901861245 0.02119113654571957994 0.9996813303934025674 -0.01372208131921977964 -1.523880508551037627 -0.8381300561210204281 0.01028054359688304782 -0.5453736525557348891 -20.39439946119554037
-0.5448128663145415107 0.01689611818561796708 0.8383874489219270698 78.25571877438214585 0.01751716977056686983 0.9998081957467073178 -0.008765991295931016558 -1.554614502710904622 -0.8383747018363051362 0.009910349804889782149 -0.5450043538412989719 -20.90798198065220959
-0.5442696980947603347 0.01047150213900997426 0.8388449773696782241 79.06083286980437208 0.00988124136766949622 0.9999328100237695471 -0.006071130868737747641 -1.58367042642943634 -0.8388521371998050036 0.004984496485214116 -0.5443366128323201547 -21.41404699385384802
-0.5428104510631978075 0.006323993971478895568 0.8398314557897654797 79.86214628214617051 0.004274029965946501107 0.9999795627720231561 -0.004767475747447751447 -1.610163097999915971 -0.8398443893403760852 0.001001628493843795351 -0.5428263991922798182 -21.91413290410920212
-0.5404089173926677203 0.006365221301619970219 0.8413784754766554519 80.65640605217980408 0.005653691301267272165 0.9999763415086795337 -0.003933740941599928043 -1.635142848179003572 -0.8413835566608578453 0.002631064835655908419 -0.5404321318032603294 -22.4108398429229716
-0.5370185414898558385 0.00904542018849465064 0.8435219735182684087 81.44221137527736687 0.009367595991702844238 0.9999448594213007357 -0.004759031934472448579 -1.660725142010641475 -0.8435184563423226978 0.005346084027616654702 -0.5370736764136961883 -22.90743770343461705
-0.5318093828930919864 0.01226959305114727443 0.8467752305980619232 82.2236224703982117 0.01262832776347960588 0.999898820074496375 -0.006557215499349622334 -1.687719379783153562 -0.846769955787000983 0.007206165785901160609 -0.5319105313759264764 -23.40463050438619419
-0.5246465539627213071 0.01479342261791330437 0.8511916367623407753 83.00784545782732948 0.01755425469274858596 0.9998244742800865836 -0.006556744217749178698 -1.715821919179215005 -0.8511391746440069017 0.0115020608961863436 -0.524814164814378703 -23.89632564006734228
-0.5158557734335322831 0.01651576052585739321 0.8565162612963336253 83.79895380113700298 0.02235964037502940344 0.9997331662848997214 -0.005810751208225163958 -1.743677991396533233 -0.856383629763093901 0.01615388540278471854 -0.516087424289301655 -24.37592766555161106
-0.5059475757666758167 0.01636095638004875924 0.8624090825851136177 84.59878164383690091 0.02234776577361077474 0.999733171004805854 -0.005855448314181622635 -1.769420153986557054 -0.8622747141333461096 0.01631036567922165836 -0.5061782169744076798 -24.84108840300894272
-0.495532768532065182 0.01405695211613747914 0.8684755231593129787 85.40741597095431814 0.02051609644454189738 0.9997795635550551507 -0.004476181816301728553 -1.792701528104539532 -0.8683469471845908227 0.01559963220001113655 -0.4957119404600301982 -25.29447963778681086
-0.4844457548121252066 0.01150082269543248673 0.8747457342290306803 86.22343605949828316 0.0204678349632674908 0.999788935535259049 -0.001809484041529571324 -1.813227166254077094 -0.874581862887823136 0.01702755383871721109 -0.4845789138322102452 -25.7387667045243802
-0.4729199499011105257 0.00981846286661386923 0.8810507235830216111 87.04673393675381021 0.02010413764663231476 0.9997978910269916808 -0.0003505242153471510884 -1.832025345598220945 -0.8808760424119155275 0.01754699450312239423 -0.4730217713566615134 -26.17120243705432969
-0.461254472175921082 0.009668263590755515544 0.8872152479756236776 87.87674036339153361 0.02099878629928756194 0.9997795620046205922 2.215118041091828925e-05 -1.852045875347296366 -0.8870194029800716473 0.01864066010163826712 -0.4613558267840687788 -26.5906223212251227
-0.4488964995094020249 0.01095538393240961562 0.8935166326888638322 88.71163954911156679 0.02245770893466308288 0.9997473792196978071 -0.0009752793464172275972 -1.874515219007847566 -0.8933015411326452604 0.01962853635588574994 -0.4490291422783064257 -26.99771272878052031
-0.4366528751748460224 0.01510872555981785346 0.8995032265162854479 89.54898378334034703 0.02327226024214447062 0.9997141252494080588 -0.005494706190792742959 -1.900178607039439971 -0.8993290436681720124 0.0185341932836532719 -0.4368796715809051268 -27.39436872875499063
-0.4248235627635471579 0.02245805951785901505 0.904997590285433029 90.38809262124443933 0.02492821674514715535 0.9996034174530908922 -0.01310396663927783194 -1.929772363432413318 -0.9049329177803667745 0.01699310163923387421 -0.4252149345000457159 -27.78213690490752441
-0.4125741539129967883 0.02693151134055102661 0.9105258504873851022 91.23025781552529168 0.02490755668362828676 0.9995227143206393272 -0.01827783618364902524 -1.961930264138758595 -0.9105834630474524127 0.01513801076874136779 -0.4130480460096707662 -28.15681492083554716
-0.4004267397352893054 0.02498330630307462469 0.9159881683305729494 92.07564396654862549 0.0239263516044376616 0.9995725544950216923 -0.01680357456642915179 -1.993863834591003137 -0.9160163855994648552 0.01518765373417868721 -0.4008533478968223096 -28.51559103794838279
-0.3889446079263020883 0.02180647230721457011 0.921003058897687632 92.925118003986384 0.02307434804882139284 0.9996368455409980758 -0.01392385067819309347 -2.025061472822947906 -0.9209721657525749006 0.01583593782652024939 -0.3893065402190379887 -28.8600528882940921
-0.3792504785762390029 0.02236281134499921996 0.9250238075608436805 93.77953141164216788 0.02015807002118016888 0.999670383094912296 -0.01590281418359456092 -2.05753908977317268 -0.925074478635177555 0.01261554411341825332 -0.3795762712259762583 -29.19299795642038475
-0.3721893081290508221 0.02633668924818473311 0.9277831446702931029 94.63616993514622777 0.01548407980225818478 0.9996344785034019242 -0.02216471948956280288 -2.094030191387048045 -0.9280277080778206455 0.006116395929469464234 -0.3724610730697998084 -29.51968149785318829
-0.3670241447822578662 0.03105354968705401758 0.929692971000743662 95.49042591197849106 0.01097314268137305343 0.9995176766230998711 -0.02905385334472307055 -2.135617319160247884 -0.9301467262718161599 -0.0004618127955174269189 -0.3671878841015354666 -29.84239643097670935
-0.3632580564174691662 0.03333196876016285976 0.9310921708724450019 96.33898870740466691 0.008022996107925174994 0.9994347566609784739 -0.03264844331075625328 -2.180187766915049341 -0.9316540566804389911 -0.004389661956206570952 -0.3633201579988010188 -30.16076962759936464
-0.3596376828767714473 0.03355177858500125315 0.9324886496783685308 97.18178006204237818 0.006394889508348415401 0.9994185332236747987 -0.03349362590336613099 -2.226545673875835796 -0.9330701517133039857 -0.006082408893067652034 -0.3596431338658842014 -30.47506360621157739
-0.3545652158448860947 0.03258496630562522645 0.9344633725063132834 98.02265824858010035 0.005358718029346888796 0.9994470497312510915 -0.03281769433968817484 -2.273942406784380754 -0.9350159665708394074 -0.006628487922131142025 -0.3545437808767102905 -30.78433598830644868
-0.3490404229672004477 0.0296132036181527801 0.9366396897983297887 98.86465629886204454 0.004463894469365134801 0.9995418370375717121 -0.02993846674084833445 -2.319751317263773149 -0.9370970723493051713 -0.006268675127890474714 -0.349012703975787375 -31.08812726287064976
-0.3438176788549595075 0.02583891801475177857 0.9386808944083093742 99.70946386849641385 0.003212775008940241955 0.9996479303042955511 -0.02634038046720834497 -2.36305707217900407 -0.9390309623870173317 -0.00604051871569108445 -0.3437796537634740246 -31.38692239569777698
-0.338187781470821458 0.02231827830873384794 0.9408140022046408424 100.5574102371449641 0.000392330668583899052 0.999722062591318239 -0.02357468486514869774 -2.403794831893123263 -0.9410786032059710315 -0.00760356095357497732 -0.3381025505111213691 -31.67985613173484438
-0.3322881167861049811 0.02100306736362201124 0.9429440846412634469 101.4087887738271405 -0.005383825601393292873 0.9996935638807038504 -0.02416433049084631274 -2.44287631827217222 -0.9431625994924013323 -0.01310616716330212372 -0.3320732226432587808 -31.96604741030683527
-0.3260529977397891854 0.02200314480965781874 0.9450954305133431044 102.2629089724412097 -0.01079842845804160519 0.9995772507503869475 -0.02699695952429988569 -2.483702720128919239 -0.9452898519401226052 -0.0190079857868617301 -0.3256775673351328115 -32.24709558629501061
