0.000000000000 0 1.000000000000 0.000000000000 0.000000000000 0.000000000000 0.000000000000 1.000000000000 0.000000000000 0.000000000000 0.000000000000 0.000000000000 1.000000000000 0.000000000000 0.000000000000 0.000000000000 0.000000000000 1.000000000000 0.000000000000 0.000000000000 0.000000000000 0.000000000000 0.000000000000 0.000000000000
0.000000000000 10000000 0.999999999064 -0.000043202816 0.000002324179 -0.000034222100 0.000043202837 0.999999999026 -0.000009017760 -0.000001262123 -0.000002323789 0.000009017861 0.999999999957 -0.000002530044 0.000000000000 0.000000000000 0.000000000000 1.000000000000 -0.006600953571 -0.000243279498 -0.000487972497 0.001739209435 0.000448255331 0.008332054751
0.000000000000 20000000 0.999999987087 -0.000160470739 0.000008636964 -0.000127149308 0.000160471029 0.999999986564 -0.000033496442 -0.000004695643 -0.000008631589 0.000033497828 0.999999999402 -0.000009398119 0.000000000000 0.000000000000 0.000000000000 1.000000000000 -0.011741078950 -0.000432561866 -0.000867686679 0.003092302741 0.000797261700 0.014813046388
0.000000000000 30000000 0.999999944297 -0.000333292913 0.000017949982 -0.000264172825 0.000333294161 0.999999942037 -0.000069573821 -0.000009775979 -0.000017926793 0.000069579800 0.999999997419 -0.000019520920 0.000000000000 0.000000000000 0.000000000000 1.000000000000 -0.015420376132 -0.000567847808 -0.001139142542 0.004059279876 0.001047019141 0.019442974918
0.000000000000 40000000 0.999999852061 -0.000543158486 0.000029274623 -0.000430683876 0.000543161802 0.999999846059 -0.000113387733 -0.000015977693 -0.000029213031 0.000113403617 0.999999993143 -0.000031815185 0.000000000000 0.000000000000 0.000000000000 1.000000000000 -0.017638845101 -0.000649138500 -0.001302340078 0.004640140769 0.001197527709 0.022221840352
0.000000000000 50000000 0.999999701484 -0.000771556712 0.000041620249 -0.000612073938 0.000771563407 0.999999689372 -0.000161076531 -0.000022767800 -0.000041495957 0.000161108595 0.999999986161 -0.000045198001 0.000000000000 0.000000000000 0.000000000000 1.000000000000 -0.018396485840 -0.000676435583 -0.001357279278 0.004834885323 0.001248787483 0.023149642707
0.000000000000 60000000 0.999999498565 -0.000999977013 0.000053993128 -0.000793734875 0.000999988265 0.999999478217 -0.000208779368 -0.000029601753 -0.000053784325 0.000208833256 0.999999976748 -0.000058586995 0.000000000000 0.000000000000 0.000000000000 1.000000000000 -0.017693298324 -0.000649741170 -0.001303960129 0.004643513411 0.001200798564 0.022226382003
0.000000000000 70000000 0.999999265921 -0.001209909012 0.000065396066 -0.000961058994 0.001209925498 0.999999236127 -0.000252636291 -0.000035922085 -0.000065090349 0.000252715229 0.999999965949 -0.000070900399 0.000000000000 0.000000000000 0.000000000000 1.000000000000 -0.015529282521 -0.000569057844 -0.001142382615 0.004066024879 0.001053561075 0.019452058267
0.000000000000 80000000 0.999999041073 -0.001382842520 0.000074828769 -0.001099439004 0.001382864076 0.999999002144 -0.000288788151 -0.000041159713 -0.000074429346 0.000288891352 0.999999955501 -0.000081056985 0.000000000000 0.000000000000 0.000000000000 1.000000000000 -0.011904438398 -0.000434388657 -0.000872546718 0.003102419545 0.000807075163 0.014826671528
0.000000000000 90000000 0.999998871294 -0.001500267477 0.000081288911 -0.001194267883 0.001500292882 0.999998825458 -0.000313376333 -0.000044737904 -0.000080818668 0.000313497936 0.999999947594 -0.000087975884 0.000000000000 0.000000000000 0.000000000000 1.000000000000 -0.006818765913 -0.000245737130 -0.000494452417 0.001752697199 0.000461340995 0.008350221821
0.000000000000 99999999 0.999998805026 -0.001543673845 0.000083773917 -0.001230938644 0.001543700791 0.999998756476 -0.000322542289 -0.000046078906 -0.000083275913 0.000322671226 0.999999944474 -0.000090576280 0.000000000000 0.000000000000 0.000000000000 1.000000000000 -0.000272265750 -0.000003107280 -0.000008099740 0.000016857796 0.000016358812 0.000022710111
0.000000000000 109999999 0.999998763538 -0.001569837060 0.000092375277 -0.007919767419 0.001569869974 0.999998703915 -0.000357318497 -0.000118014703 -0.000091814226 0.000357463072 0.999999931895 -0.000277605333 0.000000000000 0.000000000000 0.000000000000 1.000000000000 -1.327350241443 -0.014368037805 -0.036804718005 0.006683000074 0.001625719830 0.005193124958
0.000000000000 119999999 0.999998636815 -0.001647176224 0.000114800173 -0.027575067666 0.001647227851 0.999998541585 -0.000451075042 -0.000335006053 -0.000114057005 0.000451263529 0.999999891676 -0.000814253259 0.000000000000 0.000000000000 0.000000000000 1.000000000000 -2.593567398926 -0.028771872129 -0.069998194042 0.011814074380 0.002776567878 0.010259137972
0.000000000000 129999999 0.999998414587 -0.001774646000 0.000146475676 -0.059588213607 0.001774731906 0.999998252020 -0.000588458423 -0.000700285795 -0.000145431115 0.000588717445 0.999999816131 -0.001663869592 0.000000000000 0.000000000000 0.000000000000 1.000000000000 -3.798923741928 -0.043211467884 -0.099581206328 0.015410112917 0.003468793781 0.015220739076
0.000000000000 140000000 0.999998079690 -0.001951201660 0.000182832056 -0.103350562712 0.001951339014 0.999997811791 -0.000754114755 -0.001218755796 -0.000181360226 0.000754470074 0.999999698942 -0.002789740332 0.000000000000 0.000000000000 0.000000000000 1.000000000000 -4.943419616593 -0.057681602835 -0.125541547147 0.017471171014 0.003702216204 0.020077914226
0.000000000000 150000000 0.999997608898 -0.002175800369 0.000219298767 -0.158253428620 0.002176004013 0.999997197543 -0.000932690868 -0.001896801983 -0.000217268803 0.000933165832 0.999999540998 -0.004155374349 0.000000000000 0.000000000000 0.000000000000 1.000000000000 -6.027055124554 -0.072174970246 -0.147862097320 0.017997325570 0.003476581382 0.024830642003
0.000000000000 160000000 0.999996973531 -0.002447401941 0.000251300634 -0.223688100505 0.002447679164 0.999996389669 -0.001108835543 -0.002742110543 -0.000248585960 0.001109447291 0.999999353666 -0.005724762610 0.000000000000 0.000000000000 0.000000000000 1.000000000000 -7.049830811740 -0.086682189669 -0.166520827427 0.016988676344 0.002791563282 0.029478896518
0.000000000000 170000000 0.999996139859 -0.002764968716 0.000274254170 -0.299045821185 0.002765314134 0.999995373610 -0.001267200534 -0.003763484335 -0.000270749132 0.001267954041 0.999999159493 -0.007462607683 0.000000000000 0.000000000000 0.000000000000 1.000000000000 -8.011747207652 -0.101191801862 -0.181490770558 0.014445345059 0.001646763489 0.034022645472
0.000000000000 180000000 0.999995069265 -0.003127464829 0.000283564065 -0.383717786946 0.003127856767 0.999994138792 -0.001392441614 -0.004970660318 -0.000279207590 0.001393321696 0.999998990348 -0.009334524922 0.000000000000 0.000000000000 0.000000000000 1.000000000000 -8.912804947274 -0.115690268578 -0.192740007345 0.010367475777 0.000041711271 0.038461850709
0.000000000000 190000000 0.999993718208 -0.003533854742 0.000274619829 -0.477095145106 0.003534254535 0.999992675193 -0.001469219572 -0.006374127918 -0.000269425809 0.001470180919 0.999998882988 -0.011307214532 0.000000000000 0.000000000000 0.000000000000 1.000000000000 -9.753004776964 -0.130161967602 -0.200231647863 0.004755235003 -0.002024136395 0.042796468324
0.000000000000 200000000 0.999992037947 -0.003983101079 0.000242792608 -0.578568993121 0.003983456686 0.999990967535 -0.001482201149 -0.007984948574 -0.000236886658 0.001483156502 0.999998872065 -0.013348604512 0.000000000000 0.000000000000 0.000000000000 1.000000000000 -10.532347562022 -0.144589183552 -0.203923814066 -0.002391188191 -0.004551394800 0.047026448853
0.000000000000 210000000 0.999990494880 -0.004356092156 0.000186037477 -0.687947096646 0.004356361064 0.999989430006 -0.001470372340 -0.009688775369 -0.000179630433 0.001471168810 0.999998901697 -0.015446006377 0.000000000000 0.000000000000 0.000000000000 1.000000000000 -11.333290009575 -0.149210333016 -0.208221422404 -0.000075104082 -0.006786671788 0.028112038297
0.000000000000 220000000 0.999989612275 -0.004556661287 0.000110363523 -0.805011300572 0.004556819480 0.999988525022 -0.001478249045 -0.011348746121 -0.000103626376 0.001478736596 0.999998901299 -0.017605126044 0.000000000000 0.000000000000 0.000000000000 1.000000000000 -12.069417795776 -0.153047174845 -0.212172660740 0.001539724691 -0.008284231586 0.012536275261
0.000000000000 230000000 0.999989335857 -0.004618185220 0.000023197815 -0.929113707375 0.004618214802 0.999988212788 -0.001498791964 -0.012945165370 -0.000016275843 0.001498883113 0.999998876542 -0.019821411647 0.000000000000 0.000000000000 0.000000000000 1.000000000000 -12.740734844248 -0.155694404414 -0.215860012844 0.002452896685 -0.009044241370 0.000299112281
0.000000000000 240000000 0.999989536712 -0.004574039518 -0.000068038991 -1.059606319111 0.004573930454 0.999988376761 -0.001524960243 -0.014463290360 0.000075013429 0.001524633081 0.999998834933 -0.022088644711 0.000000000000 0.000000000000 0.000000000000 1.000000000000 -13.347245002680 -0.156732215849 -0.219370384004 0.002664075339 -0.009066812945 -0.008599496763
0.000000000000 250000000 0.999990052703 -0.004457598118 -0.000155926823 -1.195841044733 0.004457351179 0.999988865136 -0.001549717320 -0.015894850451 0.000162833104 0.001549006884 0.999998787031 -0.024398670049 0.000000000000 0.000000000000 0.000000000000 1.000000000000 -13.888951842324 -0.155726300113 -0.222795090545 0.002172988931 -0.008352002587 -0.014159596651
0.000000000000 260000000 0.999990718196 -0.004302233374 -0.000233042709 -1.337169712480 0.004301863265 0.999989520700 -0.001566034289 -0.017239349772 0.000239777712 0.001565017236 0.999998746613 -0.026741174146 0.000000000000 0.000000000000 0.000000000000 1.000000000000 -14.365858549153 -0.152227847859 -0.226229870848 0.000979430574 -0.006899810993 -0.016381230804
0.000000000000 270000000 0.999991382091 -0.004141316564 -0.000291959645 -1.482944085230 0.004140854192 0.999990199042 -0.001566890780 -0.018505152889 0.000298445774 0.001565668315 0.999998729806 -0.029103511479 0.000000000000 0.000000000000 0.000000000000 1.000000000000 -14.777967912738 -0.145773557359 -0.229774918652 -0.000916741760 -0.004710183314 -0.015264441248
0.000000000000 280000000 0.999991914165 -0.004008218871 -0.000325247811 -1.632515875736 0.004007711705 0.999990775146 -0.001545273370 -0.019710353260 0.000331438604 0.001543957376 0.999998753171 -0.031470578050 0.000000000000 0.000000000000 0.000000000000 1.000000000000 -15.125282418848 -0.135885647738 -0.233534939466 -0.003515605214 -0.001783009236 -0.010809268586
0.000000000000 290000000 0.999992199722 -0.003936312822 -0.000325478125 -1.785236758015 0.003935822320 0.999991138338 -0.001494171504 -0.020883424262 0.000331356767 0.001492878825 0.999998830757 -0.033824731306 0.000000000000 0.000000000000 0.000000000000 1.000000000000 -15.407804451836 -0.122071877708 -0.237619230890 -0.006817172043 0.001881876913 -0.003015751971
0.000000000000 300000000 0.999992122553 -0.003958974215 -0.000285228141 -1.940458370618 0.003958569269 0.999991175605 -0.001406570942 -0.022063652545 0.000290794202 0.001405430766 0.999998970101 -0.036145755529 0.000000000000 0.000000000000 0.000000000000 1.000000000000 -15.625536612831 -0.103825570175 -0.242141787621 -0.010821389642 0.006284696046 0.008116070899
0.000000000000 310000000 0.999991850759 -0.004030457947 -0.000232001176 -2.098988797504 0.004030152345 0.999991030027 -0.001302972844 -0.023179932391 0.000237250673 0.001302027225 0.999999124218 -0.038483534801 0.000000000000 0.000000000000 0.000000000000 1.000000000000 -16.067896410066 -0.090239246005 -0.247068213464 -0.009916390173 0.004391550143 0.006460981898
0.000000000000 320000000 0.999991602789 -0.004093391052 -0.000196215905 -2.261564976722 0.004093151120 0.999990893400 -0.001207986331 -0.024165948244 0.000201158879 0.001207173046 0.999999251134 -0.040893503144 0.000000000000 0.000000000000 0.000000000000 1.000000000000 -16.434774756931 -0.079147517833 -0.250686078135 -0.009098047080 0.002799978791 0.006400497980
0.000000000000 330000000 0.999991316429 -0.004163712192 -0.000174835122 -2.427431772543 0.004163513696 0.999990704494 -0.001120749666 -0.025080165618 0.000179499976 0.001120012005 0.999999356676 -0.043361294244 0.000000000000 0.000000000000 0.000000000000 1.000000000000 -16.726172066538 -0.070286057383 -0.253046990989 -0.008366322431 0.001510128021 0.007934593575
0.000000000000 340000000 0.999990923814 -0.004257360949 -0.000164824483 -2.595834022949 0.004257187221 0.999990396916 -0.001040400061 -0.025986247164 0.000169252259 0.001039688929 0.999999445200 -0.045871724447 0.000000000000 0.000000000000 0.000000000000 1.000000000000 -16.942088620845 -0.063384751099 -0.254202535965 -0.007721203510 0.000522130871 0.011063244189
0.000000000000 350000000 0.999990349375 -0.004390277641 -0.000163151988 -2.766016539541 0.004390118035 0.999989896731 -0.000966074477 -0.026953227669 0.000167391675 0.000965348897 0.999999520041 -0.048408701776 0.000000000000 0.000000000000 0.000000000000 1.000000000000 -17.082524606384 -0.058167698786 -0.254204264169 -0.007162702839 -0.000163892610 0.015786426409
0.000000000000 360000000 0.999989505148 -0.004578403164 -0.000166787604 -2.937224096317 0.004578251794 0.999989117522 -0.000896909933 -0.028055568520 0.000170892204 0.000896136924 0.999999583867 -0.050955157355 0.000000000000 0.000000000000 0.000000000000 1.000000000000 -17.147480180740 -0.054353212429 -0.253103687017 -0.006690858204 -0.000547835360 0.022104117904
0.000000000000 370000000 0.999988283450 -0.004837678834 -0.000172703018 -3.108701406308 0.004837533537 0.999987952914 -0.000832043336 -0.029373091619 0.000176726096 0.000831198131 0.999999638939 -0.053492999189 0.000000000000 0.000000000000 0.000000000000 1.000000000000 -17.136955570833 -0.051653815203 -0.250952270116 -0.006305732699 -0.000629603314 0.030016297427
0.000000000000 380000000 0.999986546923 -0.005184046238 -0.000177871540 -3.279693085114 0.005183907713 0.999986266536 -0.000770610823 -0.030990792712 0.000181863979 0.000769678386 0.999999687260 -0.056003088291 0.000000000000 0.000000000000 0.000000000000 1.000000000000 -17.050951204096 -0.049776240732 -0.247801428069 -0.006007414776 -0.000409115423 0.039522944815
0.000000000000 390000000 0.999984115942 -0.005633447072 -0.000179268130 -3.449443600454 0.005633318145 0.999983879442 -0.000711746625 -0.032998534110 0.000183274827 0.000710725445 0.999999730640 -0.058465237094 0.000000000000 0.000000000000 0.000000000000 1.000000000000 -16.889467873629 -0.048421432647 -0.243702520375 -0.005796018293 0.000113696311 0.050624040986
0.000000000000 400000000 0.999980753395 -0.006201822962 -0.000173869579 -3.617197207022 0.006201707918 0.999980554982 -0.000654581447 -0.035490616716 0.000177925796 0.000653490560 0.999999770646 -0.060858230125 0.000000000000 0.000000000000 0.000000000000 1.000000000000 -16.652506938376 -0.047284544606 -0.238706848587 -0.005671682576 0.000938886776 0.063319567946
0.000000000000 410000000 0.999977390498 -0.006722479249 -0.000163600306 -3.783334904153 0.006722377501 0.999977215615 -0.000614729433 -0.037914229830 0.000167729084 0.000613615751 0.999999797671 -0.063179666354 0.000000000000 0.000000000000 0.000000000000 1.000000000000 -16.575100981148 -0.052485223045 -0.233212884254 -0.002447390286 0.001056180204 0.041487322795
0.000000000000 420000000 0.999975172247 -0.007044981292 -0.000152077346 -3.948596429559 0.007044888369 0.999975002565 -0.000603151868 -0.039715846517 0.000156322738 0.000602065525 0.999999806540 -0.065439602773 0.000000000000 0.000000000000 0.000000000000 1.000000000000 -16.475932908788 -0.058963157481 -0.227608968091 -0.000009393529 0.001216359102 0.023688183278
0.000000000000 430000000 0.999974000426 -0.007209659897 -0.000138835227 -4.112763487623 0.007209573652 0.999973823412 -0.000611995933 -0.041002013852 0.000143243875 0.000610979079 0.999999803093 -0.067634600081 0.000000000000 0.000000000000 0.000000000000 1.000000000000 -16.355004946032 -0.066042951893 -0.221902861441 0.001642339667 0.001419216811 0.009922157812
0.000000000000 440000000 0.999973661135 -0.007256845228 -0.000123422394 -4.275617348229 0.007256765653 0.999973468721 -0.000633408385 -0.041893006929 0.000128015666 0.000632496055 0.999999791780 -0.069761032821 0.000000000000 0.000000000000 0.000000000000 1.000000000000 -16.212319788419 -0.073057127800 -0.216102319346 0.002507855351 0.001664588303 0.000189257107
0.000000000000 450000000 0.999973880301 -0.007226867164 -0.000105392486 -4.436939022531 0.007226796124 0.999973668869 -0.000659535477 -0.042522734299 0.000110156086 0.000658756600 0.999999776953 -0.071815122746 0.000000000000 0.000000000000 0.000000000000 1.000000000000 -16.047880255970 -0.079346122576 -0.210215058591 0.002587213569 0.001952350150 -0.005510505842
0.000000000000 460000000 0.999974362920 -0.007160055643 -0.000084298767 -4.596509392927 0.007159996466 0.999974133972 -0.000682522691 -0.043038555047 0.000089183487 0.000681901614 0.999999763528 -0.073792963473 0.000000000000 0.000000000000 0.000000000000 1.000000000000 -15.861689129948 -0.084258288773 -0.204248760937 0.001880488344 0.002282420509 -0.007177115754
0.000000000000 470000000 0.999974816035 -0.007096740935 -0.000059691731 -4.754109290783 0.007096697780 0.999974576942 -0.000694514299 -0.043601007297 0.000064619002 0.000694073194 0.999999757043 -0.075690535194 0.000000000000 0.000000000000 0.000000000000 1.000000000000 -15.653749168988 -0.087149894643 -0.198211110719 0.000387767705 0.002654759113 -0.004810555051
0.000000000000 480000000 0.999974955441 -0.007077253836 -0.000031119870 -4.909519515542 0.007077230767 0.999974719650 -0.000687652729 -0.044383448074 0.000035985776 0.000687415265 0.999999763083 -0.077503708188 0.000000000000 0.000000000000 0.000000000000 1.000000000000 -15.424063300862 -0.087385125872 -0.192109865990 -0.001890846263 0.003069367286 0.001589196153
0.000000000000 490000000 0.999974496121 -0.007141925779 0.000001866384 -5.062520789047 0.007141925472 0.999974282211 -0.000654077765 -0.045571604464 0.000002805039 0.000654074413 0.999999786089 -0.079228233990 0.000000000000 0.000000000000 0.000000000000 1.000000000000 -15.172634986167 -0.084336088565 -0.185952962343 -0.004955237366 0.003526287985 0.012022160053
0.000000000000 500000000 0.999973126419 -0.007331088867 0.000039707553 -5.212893639245 0.007331110879 0.999972955387 -0.000585925553 -0.047363036036 -0.000035411007 0.000586200908 0.999999827557 -0.080859723099 0.000000000000 0.000000000000 0.000000000000 1.000000000000 -14.899468750212 -0.077382813713 -0.179748648612 -0.008805275263 0.004025605870 0.026488361164
0.000000000000 510000000 0.999971572121 -0.007539805134 0.000079296820 -5.360798984693 0.007539843443 0.999971452739 -0.000494437655 -0.049292318633 -0.000075566593 0.000495021485 0.999999874622 -0.082425492813 0.000000000000 0.000000000000 0.000000000000 1.000000000000 -14.683722488377 -0.086414409408 -0.176019043924 -0.009438386335 0.003873702472 0.015557588519
0.000000000000 520000000 0.999970745666 -0.007648138479 0.000117428672 -5.506574010153 0.007648184680 0.999970672938 -0.000398165556 -0.050794148676 -0.000114380002 0.000399052024 0.999999913837 -0.083955068086 0.000000000000 0.000000000000 0.000000000000 1.000000000000 -14.472483195108 -0.094664546904 -0.172235690690 -0.009762445572 0.003747074567 0.006410375236
0.000000000000 530000000 0.999970543095 -0.007673923903 0.000154381975 -5.650263241537 0.007673969994 0.999970509596 -0.000300205490 -0.051929155090 -0.000152073669 0.000301381369 0.999999943021 -0.085447181278 0.000000000000 0.000000000000 0.000000000000 1.000000000000 -14.265752619889 -0.101874248330 -0.168401953803 -0.009777387860 0.003645927354 -0.000953292912
0.000000000000 540000000 0.999970834860 -0.007634996031 0.000190433026 -5.791911057514 0.007635034792 0.999970831959 -0.000203652016 -0.052763643045 -0.000188872589 0.000205100039 0.999999961131 -0.086900476479 0.000000000000 0.000000000000 0.000000000000 1.000000000000 -14.063532570812 -0.107787882460 -0.164521203524 -0.009483148016 0.003570443534 -0.006533429871
0.000000000000 550000000 0.999971478959 -0.007549189223 0.000225854388 -5.931561744531 0.007549214573 0.999971498046 -0.000111598217 -0.053369394133 -0.000225005475 0.000113300057 0.999999968268 -0.088313506358 0.000000000000 0.000000000000 0.000000000000 1.000000000000 -13.865824839639 -0.112153163992 -0.160596810495 -0.008879660732 0.003520783295 -0.010330049312
0.000000000000 560000000 0.999972330891 -0.007434337658 0.000260914302 -6.069259540701 0.007434344988 0.999972364507 -0.000027135839 -0.053823474536 -0.000260705354 0.000029074816 0.999999965594 -0.089684731202 0.000000000000 0.000000000000 0.000000000000 1.000000000000 -13.672631158144 -0.114721153003 -0.156632135811 -0.007966860557 0.003497084297 -0.012343164616
0.000000000000 570000000 0.999973250426 -0.007308275383 0.000295876630 -6.205048667367 0.007308261894 0.999973293210 0.000046644610 -0.054208051135 -0.000296209620 -0.000044481018 0.999999955141 -0.091012520342 0.000000000000 0.000000000000 0.000000000000 1.000000000000 -13.483953185060 -0.115246254556 -0.152630516278 -0.006744681889 0.003499461671 -0.012572788873
0.000000000000 580000000 0.999974105200 -0.007188836334 0.000331001367 -6.338973347204 0.007188801385 0.999974154546 0.000106653819 -0.054610215578 -0.000331759529 -0.000104271554 0.999999939532 -0.092295156146 0.000000000000 0.000000000000 0.000000000000 1.000000000000 -13.299792522879 -0.113486218432 -0.148595244969 -0.005213058994 0.003528008026 -0.011018934866
0.000000000000 590000000 0.999974771119 -0.007093854315 0.000366545689 -6.471077807808 0.007093799804 0.999974827465 0.000149803667 -0.055121816282 -0.000367599148 -0.000147199686 0.999999921602 -0.093530840735 0.000000000000 0.000000000000 0.000000000000 1.000000000000 -13.120150763882 -0.109202139018 -0.144529547171 -0.003371926038 0.003582793457 -0.007681615065
0.000000000000 600000000 0.999975129593 -0.007041162955 0.000402765563 -6.601406269750 0.007041093741 0.999975196226 0.000173007276 -0.055839298396 -0.000403973746 -0.000170167063 0.999999903924 -0.094717705606 0.000000000000 0.000000000000 0.000000000000 1.000000000000 -12.945029564641 -0.102158455309 -0.140436551844 -0.001221217121 0.003663865572 -0.002560841614
0.000000000000 610000000 0.999975161606 -0.007033840950 0.000448612001 -6.730070109530 0.007033762115 0.999975247113 0.000177066733 -0.056790228556 -0.000449846356 -0.000173906905 0.999999883697 -0.095794414853 0.000000000000 0.000000000000 0.000000000000 1.000000000000 -12.788611166902 -0.097563398265 -0.136277973815 0.000355181194 0.005429507583 0.001008460796
0.000000000000 620000000 0.999974950580 -0.007059623016 0.000509839363 -6.857224259532 0.007059538703 0.999975067204 0.000166984192 -0.057915367363 -0.000511005497 -0.000163380779 0.999999856090 -0.096724994519 0.000000000000 0.000000000000 0.000000000000 1.000000000000 -12.643164419003 -0.092504142003 -0.133108727535 0.001610269396 0.006741193990 0.004059654631
0.000000000000 630000000 0.999974530659 -0.007113326495 0.000581909832 -6.982978242630 0.007113242682 0.999974689915 0.000145974354 -0.059183218342 -0.000582933467 -0.000141831370 0.999999820036 -0.097546481276 0.000000000000 0.000000000000 0.000000000000 1.000000000000 -12.508689514664 -0.087046401626 -0.130870719458 0.002544027460 0.007598921745 0.006592754983
0.000000000000 640000000 0.999973935283 -0.007189768918 0.000660286105 -7.107441578402 0.007189693019 0.999974146949 0.000117251800 -0.060560873668 -0.000661112048 -0.000112501489 0.999999775137 -0.098297087307 0.000000000000 0.000000000000 0.000000000000 1.000000000000 -12.385186673342 -0.081255471620 -0.129506352643 0.003156442419 0.008002684496 0.008607775462
0.000000000000 650000000 0.999973198881 -0.007283768375 0.000740430746 -7.230723794495 0.007283708129 0.999973469915 0.000084030197 -0.062014059669 -0.000741023159 -0.000078634863 0.999999722351 -0.099016161462 0.000000000000 0.000000000000 0.000000000000 1.000000000000 -12.272656131995 -0.075196227825 -0.128958528957 0.003447508364 0.007952472587 0.010104728201
0.000000000000 660000000 0.999972358103 -0.007390143719 0.000817805708 -7.352934434615 0.007390105683 0.999972691570 0.000049521731 -0.063507177861 -0.000818149348 -0.000043476692 0.999999664371 -0.099744156446 0.000000000000 0.000000000000 0.000000000000 1.000000000000 -12.171098140898 -0.068933128183 -0.129170649910 0.003417226445 0.007448273055 0.011083623846
0.000000000000 670000000 0.999971452567 -0.007503714639 0.000887872012 -7.474183062989 0.007503702558 0.999971846684 0.000016936785 -0.065003341562 -0.000887974104 -0.000010273974 0.999999605698 -0.100522602096 0.000000000000 0.000000000000 0.000000000000 1.000000000000 -12.080512963451 -0.062530212246 -0.130086616064 0.003065604871 0.006490069635 0.011544471567
0.000000000000 680000000 0.999970525145 -0.007619301567 0.000946089604 -7.594579265178 0.007619314926 0.999970972543 -0.000010516157 -0.066464408118 -0.000945982016 0.000017724401 0.999999552402 -0.101394084790 0.000000000000 0.000000000000 0.000000000000 1.000000000000 -12.000900879933 -0.056051099423 -0.131650825135 0.002392658912 0.005077842757 0.011487279047
0.000000000000 690000000 0.999969621759 -0.007731725451 0.000987917369 -7.714232645081 0.007731758492 0.999970109070 -0.000029630364 -0.067851006783 -0.000987658745 0.000037267802 0.999999511571 -0.102402233050 0.000000000000 0.000000000000 0.000000000000 1.000000000000 -11.932262195152 -0.049558986047 -0.133808168708 0.001398410894 0.003211569549 0.010912052493
0.000000000000 700000000 0.999968790722 -0.007835807365 0.001008813316 -7.833252818036 0.007835848874 0.999969298573 -0.000037200481 -0.069122562290 -0.001008490849 0.000045104228 0.999999490456 -0.103591709372 0.000000000000 0.000000000000 0.000000000000 1.000000000000 -11.874597249936 -0.043116641204 -0.136504027642 0.000082890199 0.000891223839 0.009818796630
0.000000000000 710000000 0.999968085287 -0.007925510344 0.001007319654 -7.951611864262 0.007925544857 0.999968591918 -0.000030275321 -0.070242085470 -0.001007048069 0.000038257911 0.999999492195 -0.105002307595 0.000000000000 0.000000000000 0.000000000000 1.000000000000 -11.799963521611 -0.039155390526 -0.143256335108 -0.001389076785 -0.001160525934 0.008168966519
0.000000000000 720000000 0.999967512252 -0.008000114598 0.000986208817 -8.069267560733 0.008000128812 0.999967998403 -0.000010468422 -0.071215318889 -0.000986093508 0.000018357880 0.999999513641 -0.106635284831 0.000000000000 0.000000000000 0.000000000000 1.000000000000 -11.734148016802 -0.035646882314 -0.149709421989 -0.002496677633 -0.003031900563 0.006798861138
0.000000000000 730000000 0.999967049505 -0.008062416334 0.000947284455 -8.186308053545 0.008062402352 0.999967498133 0.000018578579 -0.072065418156 -0.000947403455 -0.000010940579 0.999999551153 -0.108477934419 0.000000000000 0.000000000000 0.000000000000 1.000000000000 -11.677150554057 -0.032559387884 -0.155884556706 -0.003239931712 -0.004722867348 0.005708484624
0.000000000000 740000000 0.999966672970 -0.008115211550 0.000892350931 -8.302821471679 0.008115167276 0.999967070071 0.000053224791 -0.072816222879 -0.000892753476 -0.000045981440 0.999999600438 -0.110517107497 0.000000000000 0.000000000000 0.000000000000 1.000000000000 -11.628970943714 -0.029861262462 -0.161803068657 -0.003618861155 -0.006233395484 0.004897845928
0.000000000000 750000000 0.999966357215 -0.008161296412 0.000823213017 -8.418895932858 0.008161225198 0.999966692612 0.000089829727 -0.073492239670 -0.000823918725 -0.000083108278 0.999999657125 -0.112739222619 0.000000000000 0.000000000000 0.000000000000 1.000000000000 -11.589608984897 -0.027520945636 -0.167486348786 -0.003633490859 -0.007563456059 0.004366958821
0.000000000000 760000000 0.999966075943 -0.008203467570 0.000741675699 -8.534619548542 0.008203377239 0.999966343953 0.000124753023 -0.074118628128 -0.000742674144 -0.000118664545 0.999999717177 -0.115130274642 0.000000000000 0.000000000000 0.000000000000 1.000000000000 -11.559064463345 -0.025506961381 -0.172955849473 -0.003283848487 -0.008713022054 0.004115841884
0.000000000000 770000000 0.999965802387 -0.008244522403 0.000649544070 -8.650080427999 0.008244423787 0.999966002248 0.000154354200 -0.074721189804 -0.000650794564 -0.000148993805 0.999999777134 -0.117675842943 0.000000000000 0.000000000000 0.000000000000 1.000000000000 -11.537337150099 -0.023787917482 -0.178233083616 -0.002569964468 -0.009682068343 0.004144518515
0.000000000000 780000000 0.999965509579 -0.008287259199 0.000548623344 -8.765366681446 0.008287164317 0.999965645552 0.000174992486 -0.075326360184 -0.000550054704 -0.000170439919 0.999999834195 -0.120361098969 0.000000000000 0.000000000000 0.000000000000 1.000000000000 -11.524426801021 -0.022332504483 -0.183339623019 -0.001491872002 -0.010470571696 0.004453016923
0.000000000000 790000000 0.999965170521 -0.008334477271 0.000440718951 -8.880566422219 0.008334397280 0.999965251558 0.000183026680 -0.075961203680 -0.000442229068 -0.000179347179 0.999999886134 -0.123170813161 0.000000000000 0.000000000000 0.000000000000 1.000000000000 -11.520333157164 -0.021109494069 -0.188297096014 -0.000049607057 -0.011078510778 0.005041370134
0.000000000000 800000000 0.999964758239 -0.008388976999 0.000327636751 -8.995767767938 0.008388920047 0.999964797110 0.000174815070 -0.076653411679 -0.000329091737 -0.000172060390 0.999999931047 -0.126089361271 0.000000000000 0.000000000000 0.000000000000 1.000000000000 -11.525055945979 -0.020087736907 -0.193127184353 0.001756791627 -0.011505866155 0.005909615987
0.000000000000 810000000 0.999964397466 -0.008435955298 0.000196107111 -9.110909813628 0.008435924436 0.999964404525 0.000157675415 -0.077282693049 -0.000197430273 -0.000156015457 0.999999968340 -0.129218728386 0.000000000000 0.000000000000 0.000000000000 1.000000000000 -11.508384462897 -0.021151801185 -0.194201948278 0.001645709243 -0.014656290270 0.003510019543
0.000000000000 820000000 0.999964216952 -0.008459516537 0.000037343619 -9.225911408133 0.008459511137 0.999964207545 0.000142476149 -0.077713635543 -0.000038547561 -0.000142155142 0.999999989153 -0.132621335696 0.000000000000 0.000000000000 0.000000000000 1.000000000000 -11.497406332791 -0.022231019075 -0.194863698211 0.001366787162 -0.016953493226 0.001226454756
0.000000000000 830000000 0.999964196784 -0.008460822375 -0.000140122463 -9.340830336958 0.008460840727 0.999964197878 0.000130902623 -0.077951940585 0.000139009902 -0.000132083490 0.999999981615 -0.136220453663 0.000000000000 0.000000000000 0.000000000000 1.000000000000 -11.492119977171 -0.023311857069 -0.195211513706 0.000919986842 -0.018397480752 -0.000941092051
0.000000000000 840000000 0.999964320127 -0.008441033516 -0.000327759639 -9.455724446636 0.008441074754 0.999964365726 0.000124641270 -0.078003599263 0.000326695859 -0.000127403467 0.999999938519 -0.139937406529 0.000000000000 0.000000000000 0.000000000000 1.000000000000 -11.492523797024 -0.024380662953 -0.195344510949 0.000305286563 -0.018988254424 -0.002992640802
0.000000000000 850000000 0.999964574706 -0.008401309790 -0.000517036029 -9.570651659248 0.008401375670 0.999964699960 0.000125378595 -0.077874885264 0.000515964433 -0.000129717968 0.999999858477 -0.143691580230 0.000000000000 0.000000000000 0.000000000000 1.000000000000 -11.498616167773 -0.025423668871 -0.195361843071 -0.000477318571 -0.018725811661 -0.004928217668
0.000000000000 860000000 0.999964953550 -0.008342810374 -0.000699419228 -9.685669980178 0.008342906617 0.999965188263 0.000134800267 -0.077572347089 0.000698270267 -0.000140630732 0.999999746321 -0.147400425239 0.000000000000 0.000000000000 0.000000000000 1.000000000000 -11.510395439959 -0.026426995509 -0.195362700744 -0.001427816632 -0.017610145730 -0.006747855063
0.000000000000 870000000 0.999965454983 -0.008266694143 -0.000866376199 -9.800837498914 0.008266831076 0.999965817219 0.000154590303 -0.077102799502 0.000865068633 -0.000161747149 0.999999612747 -0.150979454345 0.000000000000 0.000000000000 0.000000000000 1.000000000000 -11.527859945655 -0.027376657399 -0.195446313013 -0.002546178871 -0.015641245741 -0.008451591647
0.000000000000 880000000 0.999966081887 -0.008174120167 -0.001009373171 -9.916212382702 0.008174312361 0.999966572372 0.000186430365 -0.076473314176 0.001007815526 -0.000194674973 0.999999473205 -0.154342235322 0.000000000000 0.000000000000 0.000000000000 1.000000000000 -11.551008010633 -0.028258569328 -0.195711948395 -0.003832359721 -0.012819096661 -0.010039472324
0.000000000000 890000000 0.999966840208 -0.008066248337 -0.001119875563 -10.031852862841 0.008066512980 0.999967438242 0.000231999142 -0.075691209499 0.001117967735 -0.000241024940 0.999999346027 -0.157400378500 0.000000000000 0.000000000000 0.000000000000 1.000000000000 -11.579837972271 -0.029058553871 -0.196258916248 -0.005286296798 -0.009143679314 -0.011511548250
0.000000000000 900000000 0.999967736730 -0.007944240132 -0.001189347924 -10.147817213436 0.007944593845 0.999968398299 0.000292971839 -0.074764039514 0.001186982900 -0.000302411272 0.999999249809 -0.160063519214 0.000000000000 0.000000000000 0.000000000000 1.000000000000 -11.614348203222 -0.029762350053 -0.197186568407 -0.006907910917 -0.004614970393 -0.012867876839
0.000000000000 910000000 0.999968697115 -0.007815470655 -0.001234183517 -10.264129746957 0.007815943435 0.999969383333 0.000378713741 -0.073746859072 0.001231185905 -0.000388348195 0.999999166683 -0.162477758126 0.000000000000 0.000000000000 0.000000000000 1.000000000000 -11.647513898749 -0.026925031352 -0.195372940722 -0.010108604307 -0.004326226156 -0.012918448150
0.000000000000 920000000 0.999969655844 -0.007685151623 -0.001275082875 -10.380769058167 0.007685786107 0.999970342160 0.000493449955 -0.072677251497 0.001271252821 -0.000503234996 0.999999065335 -0.164837817736 0.000000000000 0.000000000000 0.000000000000 1.000000000000 -11.679600854451 -0.024488433901 -0.193818063446 -0.012705276087 -0.003830472709 -0.013177218629
0.000000000000 930000000 0.999970631229 -0.007551202138 -0.001309971503 -10.497724860935 0.007552033868 0.999971283810 0.000631142253 -0.071536341746 0.001305168003 -0.000641016667 0.999998942816 -0.167124402954 0.000000000000 0.000000000000 0.000000000000 1.000000000000 -11.710608658720 -0.022478190409 -0.192545821102 -0.014697890771 -0.003127812620 -0.013644187247
0.000000000000 940000000 0.999971640631 -0.007411542672 -0.001336775741 -10.614986868469 0.007412597352 0.999972217611 0.000785751947 -0.070304729989 0.001330914968 -0.000795638644 0.999998797812 -0.169317724984 0.000000000000 0.000000000000 0.000000000000 1.000000000000 -11.740536915471 -0.020920006684 -0.191580151879 -0.016086413386 -0.002218355434 -0.014319361319
0.000000000000 950000000 0.999972700212 -0.007264095066 -0.001353422695 -10.732544790442 0.007265385830 0.999973154295 0.000951239769 -0.068962489127 0.001346476465 -0.000961046939 0.999998631694 -0.171397498191 0.000000000000 0.000000000000 0.000000000000 1.000000000000 -11.769385246006 -0.019839663439 -0.190945045564 -0.016870809478 -0.001102217675 -0.015202756503
0.000000000000 960000000 0.999973824614 -0.007106782394 -0.001357840298 -10.850388329281 0.007108307345 0.999974106693 0.001121565710 -0.067489163656 0.001349834416 -0.001131188299 0.999998449179 -0.173342936065 0.000000000000 0.000000000000 0.000000000000 1.000000000000 -11.797153291577 -0.019263017147 -0.190664542516 -0.017051045120 0.000220477152 -0.016294396790
0.000000000000 970000000 0.999975026541 -0.006937528700 -0.001347957498 -10.968507175591 0.006939268978 0.999975090024 0.001290688812 -0.065863769919 0.001338969730 -0.001300010419 0.999998258565 -0.175132746249 0.000000000000 0.000000000000 0.000000000000 1.000000000000 -11.823840716637 -0.019215999942 -0.190762733667 -0.016627086920 0.001749598557 -0.017594314512
0.000000000000 980000000 0.999976316263 -0.006754258622 -0.001321704562 -11.086891002701 0.006756177218 0.999976121774 0.001452566918 -0.064064797770 0.001311861989 -0.001461462186 0.999998071571 -0.176745124586 0.000000000000 0.000000000000 0.000000000000 1.000000000000 -11.849447212804 -0.019724618575 -0.191263761577 -0.015598902030 0.003485009066 -0.019102550348
0.000000000000 990000000 0.999977701033 -0.006554896872 -0.001277013517 -11.205529460286 0.006556938470 0.999977221169 0.001601156380 -0.062070213696 0.001266489013 -0.001609493975 0.999997902765 -0.178157748159 0.000000000000 0.000000000000 0.000000000000 1.000000000000 -11.873972503513 -0.020814952399 -0.192191822521 -0.013966458162 0.005426564216 -0.020819153338
0.000000000000 1000000000 0.999979184417 -0.006337367608 -0.001211818711 -11.324412167064 0.006339459678 0.999978408230 0.001730411722 -0.059857465434 0.001200826291 -0.001738057978 0.999997768583 -0.179347767281 0.000000000000 0.000000000000 0.000000000000 1.000000000000 -11.897416349386 -0.022513150413 -0.193571169649 -0.011729723611 0.007574112557 -0.022744180905
0.000000000000 1010000000 0.999980734759 -0.006102413104 -0.001136074582 -11.443578034669 0.006104489883 0.999979686302 0.001833626719 -0.057429437129 0.001124861956 -0.001840526550 0.999997673571 -0.180417209097 0.000000000000 0.000000000000 0.000000000000 1.000000000000 -11.929835181960 -0.023481980899 -0.193003800722 -0.008909187776 0.007490742138 -0.024208869993
0.000000000000 1020000000 0.999982297562 -0.005854791551 -0.001061121656 -11.563054503112 0.005856811048 0.999981024339 0.001910163830 -0.054832914601 0.001049917909 -0.001916344805 0.999997612645 -0.181482783800 0.000000000000 0.000000000000 0.000000000000 1.000000000000 -11.959526575361 -0.024506641897 -0.192320750755 -0.006394884255 0.007406939000 -0.025278600271
0.000000000000 1030000000 0.999983841485 -0.005598450527 -0.000986975638 -11.682813982571 0.005600379949 0.999982390877 0.001963079485 -0.052111526697 0.000975968055 -0.001968575203 0.999997586096 -0.182543266908 0.000000000000 0.000000000000 0.000000000000 1.000000000000 -11.986490619076 -0.025540030427 -0.191522258499 -0.004186783710 0.007322809137 -0.025953348915
0.000000000000 1040000000 0.999985338923 -0.005337338150 -0.000913651834 -11.802828923336 0.005339152856 0.999983755720 0.001995430724 -0.049309860258 0.000902986704 -0.002000279595 0.999997591745 -0.183597441127 0.000000000000 0.000000000000 0.000000000000 1.000000000000 -12.010727390036 -0.026534956946 -0.190608583048 -0.002284857097 0.007238451877 -0.026233093381
0.000000000000 1050000000 0.999986766275 -0.005075403061 -0.000841164609 -11.923071819548 0.005077085553 0.999985090887 0.002010275186 -0.046473466446 0.000830949111 -0.002014519247 0.999997625615 -0.184644102499 0.000000000000 0.000000000000 0.000000000000 1.000000000000 -12.032236951803 -0.027444145291 -0.189579999352 -0.000689075669 0.007153959886 -0.026117811390
0.000000000000 1060000000 0.999988104052 -0.004816594415 -0.000769526972 -12.043515211186 0.004818133353 0.999986371304 0.002010671094 -0.043648865945 0.000759831897 -0.002014354859 0.999997682512 -0.185682065271 0.000000000000 0.000000000000 0.000000000000 1.000000000000 -12.051019354999 -0.028220232641 -0.188436794655 0.000600589030 0.007069419158 -0.025607480925
0.000000000000 1070000000 0.999989336835 -0.004564861861 -0.000698750276 -12.164131684251 0.004566251109 0.999987575244 0.001999677235 -0.040883553030 0.000689613344 -0.002002846581 0.999997756517 -0.186710165440 0.000000000000 0.000000000000 0.000000000000 1.000000000000 -12.067074638988 -0.028815769490 -0.187179265879 0.001584165155 0.006984909023 -0.024702080223
0.000000000000 1080000000 0.999990453071 -0.004324155532 -0.000628844039 -12.284893869097 0.004325393229 0.999988684524 0.001980352942 -0.038225998526 0.000620273570 -0.001983054033 0.999997841376 -0.187727262953 0.000000000000 0.000000000000 0.000000000000 1.000000000000 -12.080402834798 -0.029183219618 -0.185807717928 0.002261680558 0.006900502140 -0.023401587775
