0.000000000000 0 1.000000000000 0.000000000000 0.000000000000 0.000000000000 0.000000000000 1.000000000000 0.000000000000 0.000000000000 0.000000000000 0.000000000000 1.000000000000 0.000000000000 0.000000000000 0.000000000000 0.000000000000 1.000000000000 0.000000000000 0.000000000000 0.000000000000 0.000000000000 0.000000000000 0.000000000000
0.000000000000 10000000 0.999999999664 -0.000002635126 -0.000025774562 -0.000037139450 0.000002635475 0.999999999905 0.000013516667 0.000001450406 0.000025774527 -0.000013516735 0.999999999576 0.000000938032 0.000000000000 0.000000000000 0.000000000000 1.000000000000 -0.007163652035 0.000279738991 0.000180992805 -0.002606823000 -0.004970956255 0.000508304218
0.000000000000 20000000 0.999999995369 -0.000009788563 -0.000095740318 -0.000137988531 0.000009793370 0.999999998692 0.000050205646 0.000005387178 0.000095739827 -0.000050206583 0.999999994157 0.000003478892 0.000000000000 0.000000000000 0.000000000000 1.000000000000 -0.012741893325 0.000497373817 0.000321718283 -0.004634542466 -0.008838196783 0.000904073056
0.000000000000 30000000 0.999999980021 -0.000020331275 -0.000198860487 -0.000286693431 0.000020352012 0.999999994356 0.000104275182 0.000011188371 0.000198858366 -0.000104279227 0.999999974791 0.000007209576 0.000000000000 0.000000000000 0.000000000000 1.000000000000 -0.016734723861 0.000652904472 0.000422176047 -0.006083158422 -0.011601721569 0.001187306538
0.000000000000 40000000 0.999999946931 -0.000033134439 -0.000324098263 -0.000467400319 0.000033189516 0.999999985011 0.000169933559 0.000018232090 0.000324092627 -0.000169944307 0.999999933041 0.000011717656 0.000000000000 0.000000000000 0.000000000000 1.000000000000 -0.019142143632 0.000746330943 0.000482365453 -0.006952670909 -0.013261530588 0.001358004702
0.000000000000 50000000 0.999999892900 -0.000047071043 -0.000460416657 -0.000664255214 0.000047182186 0.999999969752 0.000241389415 0.000025896874 0.000460405280 -0.000241411113 0.999999864874 0.000016595764 0.000000000000 0.000000000000 0.000000000000 1.000000000000 -0.019964152620 0.000777653216 0.000502285603 -0.007243079983 -0.013817623804 0.001416167599
0.000000000000 60000000 0.999999820066 -0.000061016844 -0.000596778396 -0.000861403916 0.000061203555 0.999999949189 0.000312851925 0.000033561943 0.000596759276 -0.000312888394 0.999999772990 0.000021444289 0.000000000000 0.000000000000 0.000000000000 1.000000000000 -0.019200750803 0.000746871269 0.000481935336 -0.006954385716 -0.013270001173 0.001361795298
0.000000000000 70000000 0.999999736526 -0.000073850696 -0.000722145895 -0.001042991980 0.000074124064 0.999999925610 0.000378530870 0.000040607271 0.000722117886 -0.000378584299 0.999999667610 0.000025872290 0.000000000000 0.000000000000 0.000000000000 1.000000000000 -0.016851938152 0.000653985078 0.000421313239 -0.006086588199 -0.011618662639 0.001194887882
0.000000000000 80000000 0.999999655724 -0.000084454224 -0.000825481290 -0.001193164744 0.000084811379 0.999999902816 0.000432636576 0.000046413518 0.000825444672 -0.000432706437 0.999999565703 0.000029496626 0.000000000000 0.000000000000 0.000000000000 1.000000000000 -0.012917714636 0.000498994613 0.000320417638 -0.004639687535 -0.008863608138 0.000915445448
0.000000000000 90000000 0.999999594614 -0.000091710876 -0.000895746537 -0.001296067405 0.000092131348 0.999999885597 0.000469379728 0.000050361802 0.000895703387 -0.000469462064 0.999999488660 0.000031939291 0.000000000000 0.000000000000 0.000000000000 1.000000000000 -0.007398080217 0.000281899840 0.000179246604 -0.002613683846 -0.005004837595 0.000523468110
0.000000000000 99999999 0.999999570581 -0.000094504317 -0.000921903565 -0.001335845147 0.000094949600 0.999999878862 0.000482971062 0.000051833307 0.000921857811 -0.000483058389 0.999999458416 0.000032822975 0.000000000000 0.000000000000 0.000000000000 1.000000000000 -0.000293035643 0.000002700752 -0.000002202030 -0.000008577558 -0.000042351475 0.000018956051
0.000000000000 109999999 0.999999528226 -0.000164559311 -0.000957323172 -0.008529897248 0.000165033645 0.999999863660 0.000495421970 0.000132044971 0.000957241515 -0.000495579727 0.999999419045 -0.000025471044 0.000000000000 0.000000000000 0.000000000000 1.000000000000 -1.427727735561 0.015755881800 -0.011741272654 -0.002474754710 -0.006792777391 0.013655545540
0.000000000000 119999999 0.999999380467 -0.000360749463 -0.001053055269 -0.029674673696 0.000361309630 0.999999793321 0.000531802615 0.000355796154 0.001052863204 -0.000532182764 0.999999304130 -0.000206407148 0.000000000000 0.000000000000 0.000000000000 1.000000000000 -2.790431637817 0.029385279331 -0.024204047438 -0.004820830821 -0.012091565430 0.025252347408
0.000000000000 129999999 0.999999066911 -0.000662678224 -0.001194585884 -0.064122904349 0.000663384464 0.999999605378 0.000590901593 0.000694705182 0.001194193835 -0.000591693511 0.999999111900 -0.000520482651 0.000000000000 0.000000000000 0.000000000000 1.000000000000 -4.088404304033 0.040860413457 -0.037414976338 -0.007046895133 -0.015938765359 0.034809318512
0.000000000000 140000000 0.999998513905 -0.001049947557 -0.001367405750 -0.111227324048 0.001050866522 0.999999222380 0.000671504751 0.001117603049 0.001366699642 -0.000672940714 0.999998839641 -0.000979073788 0.000000000000 0.000000000000 0.000000000000 1.000000000000 -5.321645344670 0.050130477940 -0.051414820357 -0.009153097844 -0.018334462409 0.042326390170
0.000000000000 150000000 0.999997659619 -0.001502159611 -0.001557007408 -0.170340636019 0.001503363626 0.999998571642 0.000772406020 0.001592166066 0.001555844907 -0.000774744960 0.999998489557 -0.001593365058 0.000000000000 0.000000000000 0.000000000000 1.000000000000 -6.490153758389 0.057124326561 -0.066260633774 -0.011139648687 -0.019278775239 0.047803463816
0.000000000000 160000000 0.999996472860 -0.001998918646 -0.001748882747 -0.240815531684 0.002000481636 0.999997600831 0.000892415365 0.002086417209 0.001747094685 -0.000895910825 0.999998072500 -0.002373373419 0.000000000000 0.000000000000 0.000000000000 1.000000000000 -7.593928646769 0.061750467580 -0.082025758125 -0.013006818155 -0.018771857439 0.051240415515
0.000000000000 170000000 0.999994965614 -0.002519832428 -0.001928520621 -0.322004673219 0.002521822852 0.999996289373 0.001030363712 0.002570095406 0.001925917121 -0.001035221913 0.999997609577 -0.003327066624 0.000000000000 0.000000000000 0.000000000000 1.000000000000 -8.632968698737 0.063897046387 -0.098799799466 -0.014754936617 -0.016813896494 0.052637092767
0.000000000000 180000000 0.999993199322 -0.003044513654 -0.002081404795 -0.413260706483 0.003046984788 0.999994655691 0.001185104947 0.003015893455 0.002077785604 -0.001191438896 0.999997131636 -0.004459576508 0.000000000000 0.000000000000 0.000000000000 1.000000000000 -9.607272318345 0.063431831208 -0.116688610267 -0.016384394536 -0.013405114130 0.051993315408
0.000000000000 190000000 0.999991284894 -0.003552581166 -0.002193012109 -0.513936277642 0.003555559094 0.999992760263 0.001355514944 0.003400564363 0.002188180655 -0.001363300514 0.999996676633 -0.005772507066 0.000000000000 0.000000000000 0.000000000000 1.000000000000 -10.516837650590 0.060202196228 -0.135814268346 -0.017895642514 -0.008545766311 0.049308875706
0.000000000000 200000000 0.999989376445 -0.004023660974 -0.002248810862 -0.623384056017 0.004027130620 0.999990704515 0.001540487642 0.003705896137 0.002242591559 -0.001549527531 0.999996284867 -0.007263337418 0.000000000000 0.000000000000 0.000000000000 1.000000000000 -11.361662639436 0.054035103535 -0.156315054783 -0.019289191391 -0.002236143179 0.044583538489
0.000000000000 210000000 0.999988228111 -0.004297063610 -0.002253637784 -0.741326630321 0.004300943228 0.999989272581 0.001719479590 0.004041072080 0.002246224896 -0.001729152116 0.999995982245 -0.008923481102 0.000000000000 0.000000000000 0.000000000000 1.000000000000 -12.215340574821 0.049448331488 -0.174725395038 -0.016708439537 0.001270200264 0.011061512527
0.000000000000 220000000 0.999988431733 -0.004264186277 -0.002225559821 -0.867465837303 0.004268363634 0.999989131484 0.001875629174 0.004530247624 0.002217537600 -0.001885106975 0.999995764440 -0.010732496994 0.000000000000 0.000000000000 0.000000000000 1.000000000000 -13.001166530572 0.042478762799 -0.191178962425 -0.014582813107 0.004244195646 -0.016684604856
0.000000000000 230000000 0.999989714390 -0.003982787213 -0.002169912512 -1.001123184839 0.003987157270 0.999990024464 0.002013342656 0.005176671698 0.002161872150 -0.002021973730 0.999995618956 -0.012667102350 0.000000000000 0.000000000000 0.000000000000 1.000000000000 -13.719139348788 0.033853894399 -0.205610172546 -0.012912168462 0.006686759560 -0.038654718006
0.000000000000 240000000 0.999991649375 -0.003510621271 -0.002092060981 -1.141620134947 0.003515091679 0.999991538619 0.002137011955 0.005974015878 0.002084541039 -0.002144347896 0.999995528220 -0.014704824967 0.000000000000 0.000000000000 0.000000000000 1.000000000000 -14.369258428014 0.024327845245 -0.217951640611 -0.011696337221 0.008598812014 -0.054848729212
0.000000000000 250000000 0.999993784401 -0.002905441576 -0.001997390418 -1.288278161486 0.002909936182 0.999993232550 0.002251027746 0.006903551083 0.001990836671 -0.002256826033 0.999995471643 -0.016824278207 0.000000000000 0.000000000000 0.000000000000 1.000000000000 -14.951523064765 0.014681354013 -0.228134162869 -0.010935125466 0.009981276275 -0.065266538658
0.000000000000 260000000 0.999995736171 -0.002225000694 -0.001891299100 -1.440418809049 0.002229461543 0.999994730434 0.002359789457 0.007931717171 0.001886038600 -0.002363995974 0.999995427180 -0.019005399201 0.000000000000 0.000000000000 0.000000000000 1.000000000000 -15.465932067521 0.005721778542 -0.236086715294 -0.010628313295 0.010835078759 -0.069908044406
0.000000000000 270000000 0.999997251288 -0.001527051250 -0.001779193934 -1.597363746250 0.001531439558 0.999995782536 0.002467712159 0.009008085422 0.001775418107 -0.002470430104 0.999995372422 -0.021229649863 0.000000000000 0.000000000000 0.000000000000 1.000000000000 -15.912483661259 -0.001716902983 -0.241736470925 -0.010775654737 0.011161148992 -0.068773142403
0.000000000000 280000000 0.999998233525 -0.000869346059 -0.001666488546 -1.758434803689 0.000873642637 0.999996292153 0.002579230335 0.010063713805 0.001664240123 -0.002580681695 0.999995285182 -0.023480180064 0.000000000000 0.000000000000 0.000000000000 1.000000000000 -16.291175700546 -0.006774088637 -0.245008837201 -0.011376878022 0.010960419650 -0.061861726504
0.000000000000 290000000 0.999998737438 -0.000309637890 -0.001558603914 -1.922953984591 0.000313843502 0.999996308988 0.002698798533 0.011009894824 0.001557762511 -0.002699284283 0.999995143608 -0.025741952214 0.000000000000 0.000000000000 0.000000000000 1.000000000000 -16.602006209272 -0.008562546513 -0.245827514635 -0.012431686219 0.010233826704 -0.049173688521
0.000000000000 300000000 0.999998928332 0.000094320975 -0.001460971571 -2.090243434470 -0.000090184845 0.999995988959 0.002830888886 0.011737295741 0.001461232724 -0.002830754094 0.999994925802 -0.028001826330 0.000000000000 0.000000000000 0.000000000000 1.000000000000 -16.844974265067 -0.006168405309 -0.244114578174 -0.013939758231 0.008982309675 -0.030708918282
0.000000000000 310000000 0.999999006488 0.000357645493 -0.001363493114 -2.261063381042 -0.000353604423 0.999995548224 0.002962852724 0.012151056769 0.001364546695 -0.002962367643 0.999994681181 -0.030253541907 0.000000000000 0.000000000000 0.000000000000 1.000000000000 -17.306519901264 -0.024357809045 -0.247879259655 -0.012405709381 0.010262274404 -0.022022734310
0.000000000000 320000000 0.999999067946 0.000534379980 -0.001256401844 -2.436123446614 -0.000530507956 0.999995115599 0.003080152344 0.012237110543 0.001258041679 -0.003079482942 0.999994467043 -0.032498420909 0.000000000000 0.000000000000 0.000000000000 1.000000000000 -17.692695308620 -0.040214917114 -0.250712571871 -0.011035017818 0.010950627334 -0.013399176503
0.000000000000 330000000 0.999999148343 0.000625168003 -0.001145634583 -2.614669844092 -0.000621517037 0.999994736516 0.003184439815 0.011990656419 0.001147619363 -0.003183725072 0.999994273416 -0.034737741702 0.000000000000 0.000000000000 0.000000000000 1.000000000000 -18.003501524595 -0.053763494547 -0.252519294115 -0.009827795000 0.011047390157 -0.004838158181
0.000000000000 340000000 0.999999263324 0.000630654232 -0.001037124217 -2.795948673531 -0.000627252144 0.999994432686 0.003277369609 0.011406005499 0.001039185330 -0.003276716656 0.999994091593 -0.036975007239 0.000000000000 0.000000000000 0.000000000000 1.000000000000 -18.238939837131 -0.065021025299 -0.253202429753 -0.008784101819 0.010552571373 0.003660400376
0.000000000000 350000000 0.999999409135 0.000551484075 -0.000936800439 -2.979205924373 -0.000548332994 0.999994202846 0.003360596058 0.010476912814 0.000938648324 -0.003360080393 0.999993914381 -0.039216037777 0.000000000000 0.000000000000 0.000000000000 1.000000000000 -18.399011779172 -0.073998716978 -0.252663207264 -0.007903948609 0.009466166267 0.012096571925
0.000000000000 360000000 0.999999562858 0.000388303403 -0.000850590486 -3.163687477149 -0.000385378817 0.999994023463 0.003435770855 0.009196904897 0.000851919524 -0.003435441553 0.999993735968 -0.041469019082 0.000000000000 0.000000000000 0.000000000000 1.000000000000 -18.483719129774 -0.080701505184 -0.250801080604 -0.007187295142 0.007788156897 0.020470422252
0.000000000000 370000000 0.999999682295 0.000141758395 -0.000784419860 -3.348639104676 -0.000139008536 0.999993849417 0.003504540590 0.007559602711 0.000784911833 -0.003504430436 0.999993551420 -0.043744506080 0.000000000000 0.000000000000 0.000000000000 1.000000000000 -18.493063921902 -0.085128057353 -0.247513729146 -0.006634050633 0.005518512114 0.028782010180
0.000000000000 380000000 0.999999705494 -0.000187504528 -0.000744213034 -3.533306472760 0.000190159144 0.999993614645 0.003568544327 0.005559039887 0.000743539164 -0.003568684795 0.999993355797 -0.046055381931 0.000000000000 0.000000000000 0.000000000000 1.000000000000 -18.427048456978 -0.087270775988 -0.242697057466 -0.006244073733 0.002657187596 0.037031387562
0.000000000000 390000000 0.999999549926 -0.000598838647 -0.000735894151 -3.716935140417 0.000601505728 0.999993232760 0.003629411209 0.003189976235 0.000733715739 -0.003629852220 0.999993142894 -0.048416772501 0.000000000000 0.000000000000 0.000000000000 1.000000000000 -18.285675326268 -0.087115801199 -0.236245195248 -0.006017172525 -0.000795874092 0.045218599305
0.000000000000 400000000 0.999999111299 -0.001091596796 -0.000765387698 -3.898770559654 0.001094413018 0.999992597634 0.003688758110 0.000448206495 0.000761355395 -0.003689592482 0.999992903597 -0.050845916231 0.000000000000 0.000000000000 0.000000000000 1.000000000000 -18.068947439137 -0.084643012452 -0.228050497572 -0.005953104506 -0.004840743419 0.053343683394
0.000000000000 410000000 0.999998548110 -0.001503861865 -0.000801360031 -4.079268528464 0.001506837078 0.999991926411 0.003725124689 -0.002073292075 0.000795751488 -0.003726326799 0.999992740608 -0.053264275131 0.000000000000 0.000000000000 0.000000000000 1.000000000000 -18.026963731214 -0.091268510022 -0.228225789772 -0.001544743562 -0.002172557966 0.029843271451
0.000000000000 420000000 0.999998219870 -0.001702441781 -0.000813602479 -4.259224492905 0.001705459072 0.999991617669 0.003722365057 -0.003850378090 0.000807258549 -0.003723745996 0.999992740998 -0.055594833606 0.000000000000 0.000000000000 0.000000000000 1.000000000000 -17.960366012920 -0.099300730051 -0.228325859525 0.001904772567 -0.000252627506 0.010589365667
0.000000000000 430000000 0.999998176092 -0.001729774048 -0.000809749331 -4.438392747153 0.001732750844 0.999991690546 0.003690042529 -0.005001237798 0.000803359663 -0.003691438892 0.999992863921 -0.057860548963 0.000000000000 0.000000000000 0.000000000000 1.000000000000 -17.869160269871 -0.107968406670 -0.228216705043 0.004395543775 0.000918846507 -0.004418046919
0.000000000000 440000000 0.999998356363 -0.001628294697 -0.000797451141 -4.616527066554 0.001631185334 0.999992053120 0.003637709730 -0.005659695507 0.000791521541 -0.003639004542 0.999993065546 -0.060087020114 0.000000000000 0.000000000000 0.000000000000 1.000000000000 -17.753352921169 -0.116507859084 -0.227765298566 0.005927607362 0.001341700721 -0.015178986693
0.000000000000 450000000 0.999998654953 -0.001440439907 -0.000784362299 -4.793380934286 0.001443235174 0.999992568493 0.003574916954 -0.005975199128 0.000779207017 -0.003576044165 0.999993302350 -0.062302512830 0.000000000000 0.000000000000 0.000000000000 1.000000000000 -17.612950378744 -0.124162999103 -0.226839522710 0.006500937953 0.001015809873 -0.021693481479
0.000000000000 460000000 0.999998966841 -0.001208646892 -0.000778132662 -4.968707712744 0.001211371999 0.999993101942 0.003511217262 -0.006112703609 0.000773883472 -0.003512156242 0.999993532911 -0.064537953813 0.000000000000 0.000000000000 0.000000000000 1.000000000000 -17.447958833352 -0.130185331724 -0.225308156521 0.006115447471 -0.000058913181 -0.023961566534
0.000000000000 470000000 0.999999215127 -0.000975354016 -0.000786403234 -5.142260751638 0.000978066434 0.999993549122 0.003456168331 -0.006252452329 0.000783027173 -0.003456934773 0.999993718215 -0.066826891788 0.000000000000 0.000000000000 0.000000000000 1.000000000000 -17.258384263395 -0.133833949118 -0.223040910293 0.004770985158 -0.001882517426 -0.021983284543
0.000000000000 480000000 0.999999359869 -0.000783000130 -0.000816805901 -5.313793424796 0.000785788743 0.999993845337 0.003419331054 -0.006589656687 0.000814123537 -0.003419970702 0.999993820483 -0.069205423891 0.000000000000 0.000000000000 0.000000000000 1.000000000000 -17.044232662734 -0.134375517758 -0.219908508167 0.002467337637 -0.004455013673 -0.015758685609
0.000000000000 490000000 0.999999388310 -0.000674023149 -0.000876967221 -5.483059087897 0.000677010180 0.999993955857 0.003410264882 -0.007334074210 0.000874663323 -0.003410856512 0.999993800492 -0.071712085637 0.000000000000 0.000000000000 0.000000000000 1.000000000000 -16.805510483612 -0.131084258885 -0.215782817535 -0.000795771032 -0.007776374599 -0.005287827262
0.000000000000 500000000 0.999999286516 -0.000690857908 -0.000974516272 -5.649810949625 0.000694205046 0.999993847311 0.003438519933 -0.008709485451 0.000972134748 -0.003439193994 0.999993613429 -0.074387702856 0.000000000000 0.000000000000 0.000000000000 1.000000000000 -16.542225290872 -0.123241922413 -0.210537024365 -0.005018679281 -0.011846534868 0.009429225510
0.000000000000 510000000 0.999999115169 -0.000758552111 -0.001092822009 -5.814286352871 0.000762369289 0.999993595630 0.003496783181 -0.010370006699 0.001090162518 -0.003497613221 0.999993289101 -0.077175824239 0.000000000000 0.000000000000 0.000000000000 1.000000000000 -16.354429202511 -0.129726616848 -0.211781261086 -0.006609002062 -0.011763217112 0.004318548412
0.000000000000 520000000 0.999998964572 -0.000778944805 -0.001210000275 -5.976873629523 0.000783259903 0.999993321403 0.003569825316 -0.011819470040 0.001207211497 -0.003570769364 0.999992896098 -0.079987982974 0.000000000000 0.000000000000 0.000000000000 1.000000000000 -16.164567529478 -0.134266466385 -0.212672589164 -0.007965223329 -0.011653556885 -0.000030254279
0.000000000000 530000000 0.999998832578 -0.000759654341 -0.001325808293 -6.137552200375 0.000764496173 0.999993027113 0.003655307220 -0.013068431245 0.001323022278 -0.003656316528 0.999992440452 -0.082818537317 0.000000000000 0.000000000000 0.000000000000 1.000000000000 -15.972641324178 -0.136738016759 -0.213214896693 -0.009087432864 -0.011517493662 -0.003617157085
0.000000000000 540000000 0.999998712351 -0.000708299701 -0.001440002989 -6.296301444731 0.000713696747 0.999992710712 0.003750887840 -0.014130122672 0.001437335740 -0.003751910736 0.999991928583 -0.085661773356 0.000000000000 0.000000000000 0.000000000000 1.000000000000 -15.778651579861 -0.137019342117 -0.213412068602 -0.009975718465 -0.011354966759 -0.006442135166
0.000000000000 550000000 0.999998595088 -0.000632500495 -0.001552341848 -6.453100710496 0.000638479638 0.999992368621 0.003854224204 -0.015020383424 0.001549892203 -0.003855209928 0.999991367558 -0.088511904225 0.000000000000 0.000000000000 0.000000000000 1.000000000000 -15.582599212697 -0.134990045297 -0.213267991676 -0.010630165945 -0.011165915315 -0.008505164316
0.000000000000 560000000 0.999998472173 -0.000539876953 -0.001662583582 -6.607929323419 0.000546462239 0.999991998086 0.003962971452 -0.015757588077 0.001660430761 -0.003963873936 0.999990765294 -0.091363069641 0.000000000000 0.000000000000 0.000000000000 1.000000000000 -15.384485050238 -0.130531258119 -0.212786557637 -0.011050859116 -0.010950278286 -0.009806220971
0.000000000000 570000000 0.999998336740 -0.000438049912 -0.001770488624 -6.760766595235 0.000445261329 0.999991598908 0.004074782887 -0.016362573955 0.001768688792 -0.004075564440 0.999990130709 -0.094209335832 0.000000000000 0.000000000000 0.000000000000 1.000000000000 -15.184309826148 -0.123525641652 -0.211971664252 -0.011237879793 -0.010707994441 -0.010345282205
0.000000000000 580000000 0.999998184657 -0.000334640793 -0.001875819443 -6.911591830486 0.000342493099 0.999991174528 0.004187310047 -0.016858566956 0.001874401643 -0.004187944901 0.999989473813 -0.097044695945 0.000000000000 0.000000000000 0.000000000000 1.000000000000 -14.982074181079 -0.113857386487 -0.210827214537 -0.011191307792 -0.010439002362 -0.010122325727
0.000000000000 590000000 0.999998014933 -0.000237271574 -0.001978340677 -7.060384331778 0.000245773172 0.999990732481 0.004298202790 -0.017271105939 0.001977302501 -0.004298680481 0.999988805748 -0.099863070979 0.000000000000 0.000000000000 0.000000000000 1.000000000000 -14.777778669530 -0.101412212973 -0.209357114108 -0.010911220932 -0.010143240447 -0.009137329886
0.000000000000 600000000 0.999997829540 -0.000153564755 -0.002077819093 -7.207123403284 0.000162716637 0.999990284220 0.004405109402 -0.017627965662 0.002077122435 -0.004405437937 0.999988138769 -0.102658311330 0.000000000000 0.000000000000 0.000000000000 1.000000000000 -14.571423772579 -0.086077371416 -0.207565266701 -0.010397695042 -0.009820646924 -0.007390273658
0.000000000000 610000000 0.999997631211 -0.000084199189 -0.002174967253 -7.351906308563 0.000094010330 0.999989819936 0.004511228974 -0.017954153095 0.002174565270 -0.004511422757 0.999987459087 -0.105416352348 0.000000000000 0.000000000000 0.000000000000 1.000000000000 -14.389214004102 -0.077428373550 -0.202598641604 -0.010740520770 -0.009683119970 -0.006375103586
0.000000000000 620000000 0.999997420595 -0.000025608850 -0.002271155651 -7.494935007237 0.000036099274 0.999989331435 0.004619059716 -0.018268562030 0.002271013132 -0.004619129788 0.999986752982 -0.108133207995 0.000000000000 0.000000000000 0.000000000000 1.000000000000 -14.220649148423 -0.069597988481 -0.198020051597 -0.010743414618 -0.009620339158 -0.005234030360
0.000000000000 630000000 0.999997198101 0.000020950328 -0.002367139962 -7.636345846702 -0.000009764917 0.999988836145 0.004725197402 -0.018591630645 0.002367212530 -0.004725161048 0.999986034481 -0.110817977646 0.000000000000 0.000000000000 0.000000000000 1.000000000000 -14.065729459337 -0.062568129506 -0.193819783890 -0.010406393082 -0.009632310692 -0.003967013141
0.000000000000 640000000 0.999996963675 0.000054221920 -0.002463676426 -7.776275169328 -0.000042331129 0.999988352751 0.004826237659 -0.018944066588 0.002463909419 -0.004826118715 0.999985318756 -0.113479999151 0.000000000000 0.000000000000 0.000000000000 1.000000000000 -13.924455170222 -0.056321053483 -0.189988270272 -0.009729471732 -0.009719036886 -0.002574011304
0.000000000000 650000000 0.999996716637 0.000072948992 -0.002561521605 -7.914859311179 -0.000060348757 0.999987900928 0.004918775915 -0.019346846281 0.002561849433 -0.004918605180 0.999984622007 -0.116128843761 0.000000000000 0.000000000000 0.000000000000 1.000000000000 -13.796826495281 -0.050839361420 -0.186516086594 -0.008712665214 -0.009880516171 -0.001054984435
0.000000000000 660000000 0.999996455505 0.000075874061 -0.002661432105 -8.052234600395 -0.000062567752 0.999987500928 0.004999407339 -0.019821215623 0.002661778165 -0.004999223098 0.999983961224 -0.118774312738 0.000000000000 0.000000000000 0.000000000000 1.000000000000 -13.682843630958 -0.046105999273 -0.183393951792 -0.007355987246 -0.010116743095 0.000590107667
0.000000000000 670000000 0.999996177785 0.000061739025 -0.002764164253 -8.188537355231 -0.000047738679 0.999987173050 0.005064726775 -0.020388692060 0.002764441489 -0.005064575459 0.999983353831 -0.121426435685 0.000000000000 0.000000000000 0.000000000000 1.000000000000 -13.582506757518 -0.042104258885 -0.180612726550 -0.005659450624 -0.010427708327 0.002361304991
0.000000000000 680000000 0.999995879753 0.000029285073 -0.002870473735 -8.323903881742 -0.000014612816 0.999986936968 0.005111328663 -0.021071068038 0.002870585924 -0.005111265657 0.999982817202 -0.124095470590 0.000000000000 0.000000000000 0.000000000000 1.000000000000 -13.495816040796 -0.038817779103 -0.178163411555 -0.003623067221 -0.010813398666 0.004258647313
0.000000000000 690000000 0.999995556208 -0.000022747437 -0.002981115183 -8.458470471113 0.000038057738 0.999986810932 0.005135806943 -0.021890415808 0.002980959038 -0.005135897575 0.999982368064 -0.126791905606 0.000000000000 0.000000000000 0.000000000000 1.000000000000 -13.422771634096 -0.036230547042 -0.176037145413 -0.001246847987 -0.011273797043 0.006282174200
0.000000000000 700000000 0.999995200203 -0.000095619115 -0.003096841726 -8.592373396627 0.000111519913 0.999986810840 0.005134754964 -0.022869093591 0.003096309900 -0.005135075678 0.999982021770 -0.129526462566 0.000000000000 0.000000000000 0.000000000000 1.000000000000 -13.363373680244 -0.034326899506 -0.174225202220 0.001469197043 -0.011808882530 0.008431925007
0.000000000000 710000000 0.999994874563 -0.000171422625 -0.003197102047 -8.725573862405 0.000187792022 0.999986872643 0.005120476068 -0.023878972907 0.003196182312 -0.005121050214 0.999981779466 -0.132119252811 0.000000000000 0.000000000000 0.000000000000 1.000000000000 -13.281143618367 -0.035909711397 -0.171492036471 0.001373803970 -0.008180027604 0.006839150740
0.000000000000 720000000 0.999994654658 -0.000231715460 -0.003261435638 -8.858000533966 0.000248367103 0.999986932745 0.005106138794 -0.024777489151 0.003260209848 -0.005106921534 0.999981645024 -0.134385872034 0.000000000000 0.000000000000 0.000000000000 1.000000000000 -13.207646304386 -0.037633419202 -0.169361387871 0.001489755101 -0.004639674229 0.005292808930
0.000000000000 730000000 0.999994547180 -0.000276956522 -0.003290730214 -8.989740826235 0.000293703131 0.999987004606 0.005089632383 -0.025565685404 0.003289277843 -0.005090571128 0.999981633200 -0.136330696382 0.000000000000 0.000000000000 0.000000000000 1.000000000000 -13.142881874214 -0.039492751809 -0.167822021252 0.001817052829 -0.001187810249 0.003792911858
0.000000000000 740000000 0.999994554193 -0.000307604707 -0.003285873341 -9.120882109843 0.000324258085 0.999987100754 0.005068844334 -0.026244761017 0.003284271756 -0.005069882201 0.999981754760 -0.137958418905 0.000000000000 0.000000000000 0.000000000000 1.000000000000 -13.086850494688 -0.041482328789 -0.166862456551 0.002355699824 0.002175573170 0.002339464227
0.000000000000 750000000 0.999994673511 -0.000324118553 -0.003247752580 -9.251511714122 0.000340490295 0.999987232781 0.005041660553 -0.026816066813 0.003246077020 -0.005042739527 0.999982016719 -0.139274030510 0.000000000000 0.000000000000 0.000000000000 1.000000000000 -13.039552361245 -0.043596660663 -0.166470968600 0.003105699033 0.005450481542 0.000932463152
0.000000000000 760000000 0.999994899060 -0.000326955908 -0.003177255631 -9.381716930101 0.000342858773 0.999987411299 0.005005965491 -0.027281100543 0.003175578903 -0.005007029306 0.999982422524 -0.140282801740 0.000000000000 0.000000000000 0.000000000000 1.000000000000 -13.000987695611 -0.045830149335 -0.166635586874 0.004067053684 0.008636917057 -0.000428101831
0.000000000000 770000000 0.999995221235 -0.000316573614 -0.003075270461 -9.511585013473 0.000331823530 0.999987645844 0.004959642286 -0.027641502597 0.003073662377 -0.004960639032 0.999982972185 -0.140990265391 0.000000000000 0.000000000000 0.000000000000 1.000000000000 -12.971156743561 -0.048177088692 -0.167344095184 0.005239767278 0.011734878583 -0.001742248772
0.000000000000 780000000 0.999995627242 -0.000293427216 -0.002942685434 -9.641203187543 0.000307845870 0.999987944735 0.004900572888 -0.027899051945 0.002941211998 -0.004901457353 0.999983662360 -0.141402199953 0.000000000000 0.000000000000 0.000000000000 1.000000000000 -12.950059772694 -0.050631665358 -0.168584031242 0.006623843593 0.014744361668 -0.003010003304
0.000000000000 790000000 0.999996101435 -0.000257970686 -0.002780389415 -9.770658646141 0.000271388663 0.999988314888 0.004826638198 -0.028055662319 0.002779111794 -0.004827373947 0.999984486379 -0.141524613900 0.000000000000 0.000000000000 0.000000000000 1.000000000000 -12.937697070205 -0.053187959651 -0.170342686182 0.008219286673 0.017665358538 -0.004231398644
0.000000000000 800000000 0.999996625642 -0.000210656162 -0.002589271879 -9.900038556494 0.000222916609 0.999988761578 0.004735718184 -0.028113378630 0.002588245171 -0.004736279396 0.999985434216 -0.141363730811 0.000000000000 0.000000000000 0.000000000000 1.000000000000 -12.934068940868 -0.055839946719 -0.172607104008 0.010026100828 0.020497858102 -0.005406475595
0.000000000000 810000000 0.999997148106 -0.000155383935 -0.002383198618 -10.029307606195 0.000166419986 0.999989261747 0.004631273650 -0.028082609398 0.002382453401 -0.004631657054 0.999986435742 -0.141030847370 0.000000000000 0.000000000000 0.000000000000 1.000000000000 -12.914533022197 -0.053112756745 -0.170423214108 0.010928996419 0.020665633152 -0.005813033281
0.000000000000 820000000 0.999997629100 -0.000096868089 -0.002175410678 -10.158409160084 0.000106692939 0.999989794159 0.004516657530 -0.027985322817 0.002174950956 -0.004516878923 0.999987433618 -0.140633172045 0.000000000000 0.000000000000 0.000000000000 1.000000000000 -12.900519422059 -0.050779337931 -0.168354285862 0.012059579638 0.020839024917 -0.006052260879
0.000000000000 830000000 0.999998067017 -0.000036779183 -0.001965860915 -10.287398384390 0.000045408236 0.999990364682 0.004389587872 -0.027841322791 0.001965680528 -0.004389668653 0.999988433388 -0.140170923111 0.000000000000 0.000000000000 0.000000000000 1.000000000000 -12.892028263770 -0.048818142798 -0.166399818823 0.013417885532 0.021018000661 -0.006124205003
0.000000000000 840000000 0.999998460591 0.000023213253 -0.001754502109 -10.416330447704 -0.000015760323 0.999990978003 0.004247783400 -0.027670843241 0.001754584885 -0.004247749209 0.999989438974 -0.139644284630 0.000000000000 0.000000000000 0.000000000000 1.000000000000 -12.889059666080 -0.047207636066 -0.164559302079 0.015003949436 0.021202525219 -0.006028912620
0.000000000000 850000000 0.999998808900 0.000081440739 -0.001541286854 -10.545260521358 -0.000075137882 0.999991637331 0.004088963530 -0.027494547810 0.001541606973 -0.004088842850 0.999990452360 -0.139053407050 0.000000000000 0.000000000000 0.000000000000 1.000000000000 -12.891613743239 -0.045926294679 -0.162832212588 0.016817806968 0.021392561004 -0.005766431044
0.000000000000 860000000 0.999999111359 0.000136235874 -0.001326167418 -10.674243779458 -0.000131048508 0.999992344016 0.003910848387 -0.027333530498 0.001326690062 -0.003910671120 0.999991473236 -0.138398408278 0.000000000000 0.000000000000 0.000000000000 1.000000000000 -12.899690605302 -0.044952607869 -0.161218013186 0.018859494037 0.021588068010 -0.005336807948
0.000000000000 870000000 0.999999367668 0.000185932358 -0.001109095561 -10.803335398569 -0.000181815160 0.999993097098 0.003711158821 -0.027209317209 0.001109777930 -0.003710954823 0.999992498575 -0.137679375221 0.000000000000 0.000000000000 0.000000000000 1.000000000000 -12.913290358672 -0.044265077243 -0.159716150256 0.021129046839 0.021789003815 -0.004740091362
0.000000000000 880000000 0.999999577740 0.000228865022 -0.000890022318 -10.932590557045 -0.000225759663 0.999993892763 0.003487616420 -0.027143868225 0.000890815076 -0.003487414016 0.999993522175 -0.136896365819 0.000000000000 0.000000000000 0.000000000000 1.000000000000 -12.932413106879 -0.043842216906 -0.158326051050 0.023626501858 0.021995323593 -0.003976329683
0.000000000000 890000000 0.999999741606 0.000263369856 -0.000668897738 -11.062064433997 -0.000261202681 0.999994723733 0.003237943537 -0.027159581594 0.000669746986 -0.003237767983 0.999994534134 -0.136049411577 0.000000000000 0.000000000000 0.000000000000 1.000000000000 -12.957058951602 -0.043662553607 -0.157047120671 0.026351895867 0.022206980120 -0.003045571678
0.000000000000 900000000 0.999999859279 0.000287784041 -0.000445670594 -11.191812207882 -0.000286463685 0.999995578564 0.002959863303 -0.027279297446 0.000446520425 -0.002959735219 0.999995520283 -0.135138520607 0.000000000000 0.000000000000 0.000000000000 1.000000000000 -12.987227993919 -0.043704626928 -0.155878738716 0.029305265933 0.022423923785 -0.001947866494
0.000000000000 910000000 0.999999932566 0.000292547738 -0.000221997526 -11.321835885657 -0.000291952308 0.999996372987 0.002677456959 -0.027655164926 0.000222780005 -0.002677391966 0.999996390964 -0.134195577052 0.000000000000 0.000000000000 0.000000000000 1.000000000000 -13.011700127131 -0.050963842785 -0.157523716863 0.027284393609 0.022256837474 0.000783302534
0.000000000000 920000000 0.999999962831 0.000272643657 -0.000001585401 -11.452110335224 -0.000272639040 0.999997053899 0.002412024164 -0.028381323178 0.000002243019 -0.002412023642 0.999997091064 -0.133276294774 0.000000000000 0.000000000000 0.000000000000 1.000000000000 -13.037647610232 -0.057082680564 -0.159203115072 0.025909670746 0.021784632088 0.002999507495
0.000000000000 930000000 0.999999950216 0.000233224755 0.000212540008 -11.582650028549 -0.000233682690 0.999997646122 0.002157114291 -0.029392935548 -0.000212036415 -0.002157163850 0.999997650840 -0.132416970896 0.000000000000 0.000000000000 0.000000000000 1.000000000000 -13.065070670574 -0.062129294127 -0.160876253944 0.025180989670 0.021007456878 0.004700525019
0.000000000000 940000000 0.999999896809 0.000179445397 0.000417349978 -11.713469453162 -0.000180240670 0.999998166815 0.001906273919 -0.030623832817 -0.000417007141 -0.001906348946 0.999998095968 -0.131654663315 0.000000000000 0.000000000000 0.000000000000 1.000000000000 -13.093969517660 -0.066172066708 -0.162502405272 0.025098251829 0.019925468395 0.005886139060
0.000000000000 950000000 0.999999807282 0.000116461220 0.000609813577 -11.844583121897 -0.000117469133 0.999998626818 0.001653046784 -0.032006505580 -0.000609620224 -0.001653118100 0.999998447781 -0.131027205326 0.000000000000 0.000000000000 0.000000000000 1.000000000000 -13.124344340837 -0.069279610805 -0.164040791665 0.025661367792 0.018538830486 0.006556140886
0.000000000000 960000000 0.999999689174 0.000049428784 0.000786898063 -11.976005578099 -0.000050523306 0.999999031319 0.001390973882 -0.033472093536 -0.000786828546 -0.001391013207 0.999998722991 -0.130573216368 0.000000000000 0.000000000000 0.000000000000 1.000000000000 -13.156195310181 -0.071520769838 -0.165450589159 0.026870257261 0.016847714299 0.006710329085
0.000000000000 970000000 0.999999552814 -0.000016494956 0.000945568956 -12.107751396199 0.000015441973 0.999999379835 0.001113593726 -0.034950371608 -0.000945586739 -0.001113578627 0.999998932904 -0.130332108770 0.000000000000 0.000000000000 0.000000000000 1.000000000000 -13.189522580574 -0.072964621553 -0.166690932791 0.028724849089 0.014852298294 0.006348509561
0.000000000000 980000000 0.999999410883 -0.000076153383 0.001082789776 -12.239835177547 0.000075271532 0.999999665509 0.000814442763 -0.036369732855 -0.001082851436 -0.000814360779 0.999999082124 -0.130344090399 0.000000000000 0.000000000000 0.000000000000 1.000000000000 -13.224326298991 -0.073680483196 -0.167720925201 0.031225081308 0.012552768279 0.005470495553
0.000000000000 990000000 0.999999277627 -0.000124391146 0.001195521442 -12.372271541383 0.000123808934 0.999999873724 0.000487055944 -0.037657168095 -0.001195581877 -0.000486907576 0.999999166752 -0.130650163115 0.000000000000 0.000000000000 0.000000000000 1.000000000000 -13.260606615016 -0.073737918443 -0.168499648252 0.034370901171 0.009949317443 0.004076107648
0.000000000000 1000000000 0.999999167699 -0.000156055283 0.001280721348 -12.505075110843 0.000155895361 0.999999980040 0.000124967459 -0.038738242195 -0.001280740824 -0.000124767697 0.999999172068 -0.131292116916 0.000000000000 0.000000000000 0.000000000000 1.000000000000 -13.298363694594 -0.073206746082 -0.168986177703 0.038162265195 0.007042146407 0.002165173815
0.000000000000 1010000000 0.999999080414 -0.000163295385 0.001346293316 -12.638223762728 0.000163650797 0.999999951791 -0.000263887077 -0.039557006557 -0.001346250160 0.000264107157 0.999999058929 -0.132173336108 0.000000000000 0.000000000000 0.000000000000 1.000000000000 -13.329347766913 -0.082434528658 -0.169035441317 0.039515761805 0.006095259004 -0.000596747921
0.000000000000 1020000000 0.999999004961 -0.000146481611 0.001403075493 -12.771671666182 0.000147412615 0.999999769042 -0.000663464459 -0.040155733594 -0.001402977983 0.000663670630 0.999998795596 -0.133157839646 0.000000000000 0.000000000000 0.000000000000 1.000000000000 -13.358244352213 -0.090395477197 -0.168943229228 0.040300347258 0.005285752589 -0.002641216854
0.000000000000 1030000000 0.999998938866 -0.000112794300 0.001452427228 -12.905397856597 0.000114345647 0.999999423078 -0.001068068101 -0.040607671299 -0.001452305918 0.001068233046 0.999998374842 -0.134228722251 0.000000000000 0.000000000000 0.000000000000 1.000000000000 -13.385053812551 -0.096992966374 -0.168727902789 0.040516064613 0.004613350018 -0.003968145895
0.000000000000 1040000000 0.999998879011 -0.000069413411 0.001495713637 -13.039381356726 0.000071615107 0.999998914043 -0.001472000341 -0.040987996227 -0.001495609836 0.001472105806 0.999997798025 -0.135368773184 0.000000000000 0.000000000000 0.000000000000 1.000000000000 -13.409776536280 -0.102130182035 -0.168407778049 0.040162953913 0.004077780094 -0.004577451642
0.000000000000 1050000000 0.999998822675 -0.000023518319 0.001534306057 -13.173601186742 0.000026386790 0.999998252018 -0.001869562781 -0.041373827150 -0.001534259406 0.001869601065 0.999997075316 -0.136560478851 0.000000000000 0.000000000000 0.000000000000 1.000000000000 -13.432412934027 -0.105710121385 -0.168001126636 0.039241052171 0.003678777573 -0.004469054372
0.000000000000 1060000000 0.999998768048 0.000017712320 0.001569582093 -13.308036368669 -0.000014172796 0.999997457256 -0.002255056533 -0.041844236202 -0.001569618044 0.002255031509 0.999996225559 -0.137786021361 0.000000000000 0.000000000000 0.000000000000 1.000000000000 -13.452963439434 -0.107635593913 -0.167526180373 0.037750393372 0.003416083164 -0.003642878028
0.000000000000 1070000000 0.999998714205 0.000047100626 0.001602925256 -13.442665925037 -0.000042896395 0.999996559580 -0.002622782358 -0.042480257492 -0.001603043276 0.002622710226 0.999995275811 -0.139027272899 0.000000000000 0.000000000000 0.000000000000 1.000000000000 -13.471428514725 -0.107809223018 -0.167001139625 0.035691008492 0.003289443538 -0.002098850193
0.000000000000 1080000000 0.999998660551 0.000057469464 0.001635724190 -13.577468871583 -0.000052616021 0.999995596941 -0.002967040715 -0.043364893185 -0.001635887502 0.002966950676 0.999994260521 -0.140265785778 0.000000000000 0.000000000000 0.000000000000 1.000000000000 -13.487808661069 -0.106133448366 -0.166444185380 0.033062925519 0.003298611347 0.000163097941
