0.000000000000 0 1.000000000000 0.000000000000 0.000000000000 0.000000000000 0.000000000000 1.000000000000 0.000000000000 0.000000000000 0.000000000000 0.000000000000 1.000000000000 0.000000000000 0.000000000000 0.000000000000 0.000000000000 1.000000000000 0.000000000000 0.000000000000 0.000000000000 0.000000000000 0.000000000000 0.000000000000
0.000000000000 10000000 0.999999987530 -0.000156422665 -0.000021735317 -0.000044771444 0.000156421903 0.999999987152 -0.000035032889 0.000005561965 0.000021740797 0.000035029488 0.999999999150 0.000003425188 0.000000000000 0.000000000000 0.000000000000 1.000000000000 -0.008635416295 0.001073387920 0.000660653721 0.006756046825 -0.004192323513 0.030168364715
0.000000000000 20000000 0.999999827934 -0.000581050669 -0.000080702905 -0.000166339276 0.000581040163 0.999999822728 -0.000130140568 0.000020624258 0.000080778509 0.000130093654 0.999999988275 0.000012718469 0.000000000000 0.000000000000 0.000000000000 1.000000000000 -0.015358164603 0.001908470474 0.001174537247 0.012010948197 -0.007452919944 0.053640176408
0.000000000000 30000000 0.999999257631 -0.001206926315 -0.000167527568 -0.000345586745 0.001206880997 0.999999235175 -0.000270347463 0.000042728496 0.000167853729 0.000270145076 0.999999949423 0.000026403900 0.000000000000 0.000000000000 0.000000000000 1.000000000000 -0.020168244906 0.002505245779 0.001541650186 0.015764703598 -0.009781789964 0.070415435102
0.000000000000 40000000 0.999998028054 -0.001967091127 -0.000272837387 -0.000563396445 0.001966970777 0.999997968413 -0.000440675859 0.000069420502 0.000273703682 0.000440138327 0.999999865682 0.000043005980 0.000000000000 0.000000000000 0.000000000000 1.000000000000 -0.023065657176 0.002863710695 0.001761991887 0.018017312165 -0.011178934697 0.080494140835
0.000000000000 50000000 0.999996020150 -0.002794582465 -0.000387288900 -0.000800646001 0.002794339634 0.999995899805 -0.000626130323 0.000098283008 0.000389037085 0.000625045614 0.999999728984 0.000061053232 0.000000000000 0.000000000000 0.000000000000 1.000000000000 -0.024050401367 0.002983860825 0.001835561440 0.018768772691 -0.011644355717 0.083876293658
0.000000000000 60000000 0.999993313179 -0.003622431792 -0.000501582254 -0.001038205572 0.003622023928 0.999993111029 -0.000811688402 0.000126955335 0.000504519085 0.000809866232 0.999999544788 0.000079080370 0.000000000000 0.000000000000 0.000000000000 1.000000000000 -0.023122477417 0.002865690518 0.001762357671 0.018019083627 -0.011178055046 0.080561893636
0.000000000000 70000000 0.999990207794 -0.004383664458 -0.000606466334 -0.001256937105 0.004383067425 0.999989911855 -0.000982297609 0.000153140050 0.000610766279 0.000979629807 0.999999333645 0.000095629063 0.000000000000 0.000000000000 0.000000000000 1.000000000000 -0.020281885249 0.002509192867 0.001542379148 0.015768243077 -0.009780035159 0.070550940851
0.000000000000 80000000 0.999987203410 -0.005011300752 -0.000692733805 -0.001437695293 0.005010520949 0.999986816825 -0.001122878594 0.000174596589 0.000698351755 0.001119393267 0.999999129631 0.000109247252 0.000000000000 0.000000000000 0.000000000000 1.000000000000 -0.015528624773 0.001914359708 0.001175624177 0.012016248803 -0.007450298977 0.053843435398
0.000000000000 90000000 0.999984929863 -0.005438357963 -0.000751206064 -0.001561330157 0.005437440254 0.999984474832 -0.001218334493 0.000189121841 0.000757820141 0.001214231494 0.999998975675 0.000118487025 0.000000000000 0.000000000000 0.000000000000 1.000000000000 -0.008862695896 0.001081181621 0.000662090804 0.006763098217 -0.004188849872 0.030439377388
0.000000000000 99999999 0.999984033353 -0.005597853322 -0.000772708056 -0.001608691217 0.005596881969 0.999983551607 -0.001253566379 0.000194517687 0.000779712627 0.001249221608 0.999998915746 0.000121901033 0.000000000000 0.000000000000 0.000000000000 1.000000000000 -0.000284099483 0.000009648049 0.000001776893 0.000008789131 0.000004307877 0.000338770293
0.000000000000 109999999 0.999979496328 -0.006363360208 -0.000717335243 -0.008628450854 0.006362472941 0.999978999766 -0.001232462631 0.000429719289 0.000725162782 0.001227873335 0.999998983232 0.000120696792 0.000000000000 0.000000000000 0.000000000000 1.000000000000 -1.390425136676 0.046846415508 -0.000623114971 -0.004410401563 0.010632534358 0.149842682383
0.000000000000 119999999 0.999963413022 -0.008535654236 -0.000561448455 -0.029155116681 0.008534995164 0.999962896483 -0.001165982387 0.001067166748 0.000571380046 0.001161147767 0.999999162630 0.000106032385 0.000000000000 0.000000000000 0.000000000000 1.000000000000 -2.701388266757 0.087840508164 -0.003200611987 -0.009230140699 0.019775904254 0.281728946234
0.000000000000 129999999 0.999928681947 -0.011938524531 -0.000320393358 -0.062399084908 0.011938182368 0.999928186686 -0.001049414906 0.001970067077 0.000332898815 0.001045515149 0.999999398038 0.000063720002 0.000000000000 0.000000000000 0.000000000000 1.000000000000 -3.933172429356 0.122802216832 -0.007711636052 -0.014449897722 0.027432352356 0.395997704937
0.000000000000 140000000 0.999865581556 -0.016395692290 -0.000009692336 -0.107570892294 0.016395677465 0.999865196451 -0.000877887413 0.002968406416 0.000024084601 0.000877610496 0.999999614610 -0.000018344649 0.000000000000 0.000000000000 0.000000000000 1.000000000000 -5.085774914166 0.151415250365 -0.014124194172 -0.020068777061 0.033598441883 0.492649238123
0.000000000000 150000000 0.999763795616 -0.021730783888 0.000354974776 -0.163880137391 0.021731010160 0.999763644671 -0.000646522201 0.003874316430 -0.000340841442 0.000654083450 0.999999728001 -0.000151365963 0.000000000000 0.000000000000 0.000000000000 1.000000000000 -6.159189116839 0.173236766143 -0.022393089109 -0.026085498317 0.038269366287 0.571683906516
0.000000000000 160000000 0.999614126152 -0.027767328590 0.000757799378 -0.230534699433 0.027767600414 0.999614344370 -0.000350566999 0.004496057644 -0.000747772819 0.000371473995 0.999999651421 -0.000346709284 0.000000000000 0.000000000000 0.000000000000 1.000000000000 -7.153403362318 0.187697463373 -0.032459534001 -0.032498379416 0.041438958596 0.633102211008
0.000000000000 170000000 0.999409893715 -0.034328779972 0.001182882082 -0.306740268253 0.034328786842 0.999410593392 0.000014501620 0.004650617419 -0.001182682707 0.000026113845 0.999999300290 -0.000616843166 0.000000000000 0.000000000000 0.000000000000 1.000000000000 -8.068398609599 0.194101678658 -0.044250665107 -0.039305314685 0.043099694630 0.676904753887
0.000000000000 180000000 0.999148024377 -0.041238567895 0.001614280328 -0.391700298923 0.041237886906 0.999149253897 0.000452902562 0.004174919083 -0.001631584039 -0.000385947191 0.999998594488 -0.000976167438 0.000000000000 0.000000000000 0.000000000000 1.000000000000 -8.904147049738 0.191627523391 -0.057678967991 -0.046503759023 0.043242698935 0.703092251736
0.000000000000 190000000 0.998829823012 -0.048320172817 0.002036064871 -0.484616366311 0.048318280677 0.998831520205 0.000968502640 0.002935633526 -0.002080483985 -0.000868990166 0.999997458218 -0.001441731160 0.000000000000 0.000000000000 0.000000000000 1.000000000000 -9.660611152634 0.179327031101 -0.072641619043 -0.054090717689 0.041857748608 0.711665538621
0.000000000000 200000000 0.998461432583 -0.055397212491 0.002432384235 -0.584688881775 0.055393508192 0.998463374721 0.001564797406 0.000837584322 -0.002515331987 -0.001427651564 0.999995817449 -0.002033844515 0.000000000000 0.000000000000 0.000000000000 1.000000000000 -10.337743544404 0.156126296447 -0.089019747350 -0.062062745037 0.038933274762 0.702625570254
0.000000000000 210000000 0.998069331651 -0.062048891164 0.002746693008 -0.691454028074 0.062042927368 0.998071044448 0.002205764871 -0.001925796026 -0.002878260024 -0.002031093396 0.999993795120 -0.002774813246 0.000000000000 0.000000000000 0.000000000000 1.000000000000 -11.003701181021 0.138431949464 -0.100472102243 -0.062391884581 0.027029533587 0.632023507364
0.000000000000 220000000 0.997677059573 -0.068056884481 0.002957241479 -0.804498689987 0.068048523498 0.997677966004 0.002841583992 -0.005156388923 -0.003143764017 -0.002633747245 0.999991590026 -0.003661734252 0.000000000000 0.000000000000 0.000000000000 1.000000000000 -11.597187174212 0.113753830264 -0.110775167470 -0.061056564994 0.018713895635 0.574146867072
0.000000000000 230000000 0.997286814204 -0.073548603981 0.003100494800 -0.923098172527 0.073537834281 0.997286442237 0.003455294336 -0.008915254169 -0.003346213503 -0.003217915808 0.999989223878 -0.004675458511 0.000000000000 0.000000000000 0.000000000000 1.000000000000 -12.118153854154 0.083965641099 -0.120352074635 -0.058075631094 0.014004127172 0.528993047620
0.000000000000 240000000 0.996897006753 -0.078651351574 0.003212915036 -1.046526571244 0.078638209049 0.996895073265 0.004030505776 -0.013275813558 -0.003519943897 -0.003765341260 0.999986716012 -0.005789916569 0.000000000000 0.000000000000 0.000000000000 1.000000000000 -12.566572952001 0.050973916039 -0.129645517835 -0.053467018652 0.012916741028 0.496559621268
0.000000000000 250000000 0.996502855126 -0.083492302454 0.003330939369 -1.174056594494 0.083476793673 0.996499328005 0.004551285844 -0.018328768267 -0.003699276177 -0.004257313200 0.999984095194 -0.006971038088 0.000000000000 0.000000000000 0.000000000000 1.000000000000 -12.942432240943 0.016717937718 -0.139117724346 -0.047247725252 0.015467026998 0.476844336618
0.000000000000 260000000 0.996096802544 -0.088198486474 0.003490980492 -1.304959254339 0.088180526219 0.996091950504 0.005002093242 -0.024186099506 -0.003918514620 -0.004674732587 0.999981395886 -0.008175945397 0.000000000000 0.000000000000 0.000000000000 1.000000000000 -13.245733851517 -0.016830218694 -0.149250113527 -0.039433797705 0.021669065935 0.469845126771
0.000000000000 270000000 0.995668761746 -0.092896760454 0.003729447823 -1.438503414674 0.092876135811 0.995663201376 0.005367757690 -0.030984151081 -0.004211921259 -0.004998131950 0.999978638970 -0.009352427901 0.000000000000 0.000000000000 0.000000000000 1.000000000000 -13.476494318454 -0.047665547941 -0.160542638727 -0.030040334020 0.031535728799 0.475560122705
0.000000000000 280000000 0.995206185146 -0.097713765079 0.004082788386 -1.573955174133 0.097690138364 0.995200934723 0.005633506314 -0.038885792059 -0.004613665931 -0.005207652165 0.999975796930 -0.010438704979 0.000000000000 0.000000000000 0.000000000000 1.000000000000 -13.634746415830 -0.073749913526 -0.173512807053 -0.019081497947 0.045078661932 0.493987671245
0.000000000000 290000000 0.994693961424 -0.102775860619 0.004587546222 -1.710577053818 0.102748823413 0.994690510982 0.005785036786 -0.048081656569 -0.005157750830 -0.005282976181 0.999972743513 -0.011363485592 0.000000000000 0.000000000000 0.000000000000 1.000000000000 -13.720542836806 -0.093011814040 -0.188694370828 -0.006570544148 0.062308259876 0.525126357008
0.000000000000 300000000 0.994114139106 -0.108209035636 0.005280439032 -1.847626955946 0.108178226198 0.994114546270 0.005808637612 -0.058790455852 -0.005877908327 -0.005203220251 0.999969187872 -0.012046333139 0.000000000000 0.000000000000 0.000000000000 1.000000000000 -13.733961773596 -0.103346154211 -0.206635682392 0.007480148004 0.083233627015 0.568975027713
0.000000000000 310000000 0.993499483969 -0.113676455792 0.006036451886 -1.985398312881 0.113642137296 0.993505087406 0.005753775141 -0.070620380615 -0.006651314424 -0.005030377339 0.999965227056 -0.012625163777 0.000000000000 0.000000000000 0.000000000000 1.000000000000 -13.881530710465 -0.155989098515 -0.209473782656 0.009710613436 0.074511543957 0.531771718428
0.000000000000 320000000 0.992894527563 -0.118808225369 0.006712877110 -2.124368197342 0.118771135922 0.992905418738 0.005678618810 -0.083029177756 -0.007339918681 -0.004840973501 0.999961344538 -0.013285490920 0.000000000000 0.000000000000 0.000000000000 1.000000000000 -13.981993704926 -0.203903963531 -0.210610407555 0.011900710088 0.066862509359 0.502165536085
0.000000000000 330000000 0.992295121552 -0.123680266657 0.007320067221 -2.264064283324 0.123641095315 0.992311295243 0.005583268069 -0.096041918748 -0.007954325469 -0.004635188538 0.999957620969 -0.014010309308 0.000000000000 0.000000000000 0.000000000000 1.000000000000 -14.035393008408 -0.245789169423 -0.210227650054 0.014050268662 0.060285490047 0.480156626274
0.000000000000 340000000 0.991695346138 -0.128368334347 0.007868366158 -2.404012121324 0.128327718782 0.991716742177 0.005468078095 -0.109699470006 -0.008505118530 -0.004412938119 0.999954093414 -0.014780466906 0.000000000000 0.000000000000 0.000000000000 1.000000000000 -14.041781263540 -0.280349736308 -0.208504494648 0.016158863478 0.054779296532 0.465745155461
0.000000000000 350000000 0.991087685608 -0.132948012667 0.008368115926 -2.543734913197 0.132906538840 0.991114223684 0.005333624031 -0.124059191660 -0.009002853434 -0.004173911772 0.999950762333 -0.015574492047 0.000000000000 0.000000000000 0.000000000000 1.000000000000 -14.001220437835 -0.306297271878 -0.205616689324 0.018225811468 0.050342583416 0.458931310725
0.000000000000 360000000 0.990463145142 -0.137494709581 0.008829663272 -2.682753253153 0.137452913395 0.990494753759 0.005180673132 -0.139195276218 -0.009458050296 -0.003917602863 0.999947597463 -0.016368472232 0.000000000000 0.000000000000 0.000000000000 1.000000000000 -13.913781430901 -0.322349978756 -0.201736625215 0.020250171677 0.046973849754 0.459715299445
0.000000000000 370000000 0.989811309097 -0.142083645904 0.009263366093 -2.820584824415 0.142042016811 0.989847949793 0.005010164801 -0.155198724551 -0.009881186416 -0.003643330578 0.999944542611 -0.017135984705 0.000000000000 0.000000000000 0.000000000000 1.000000000000 -13.779544348800 -0.327232694119 -0.197033222800 0.022230745412 0.044671439145 0.468097348979
0.000000000000 380000000 0.989120341011 -0.146789837376 0.009679599280 -2.956744040427 0.146748823895 0.989162028912 0.004823198512 -0.172176956264 -0.010282688588 -0.003350253947 0.999941519347 -0.017848078905 0.000000000000 0.000000000000 0.000000000000 1.000000000000 -13.598599439019 -0.319676973482 -0.191671823671 0.024166077190 0.043433539324 0.484077706339
0.000000000000 390000000 0.988376925579 -0.151688067789 0.010088759800 -3.090741619687 0.151648084919 0.988423747401 0.004621029633 -0.190253051075 -0.010672924824 -0.003037377959 0.999938429610 -0.018473310843 0.000000000000 0.000000000000 0.000000000000 1.000000000000 -13.371048679371 -0.298421230972 -0.185814086950 0.026054456625 0.043258181043 0.507656637928
0.000000000000 400000000 0.987566152918 -0.156852851183 0.010501270756 -3.222084084264 0.156814289678 0.987618283490 0.004405073144 -0.209564617224 -0.011062195281 -0.002703551824 0.999935157219 -0.018977829484 0.000000000000 0.000000000000 0.000000000000 1.000000000000 -13.097008013925 -0.262210949892 -0.179617889338 0.027893921409 0.044143236009 0.538834429344
0.000000000000 410000000 0.986721142608 -0.162058511332 0.010882354267 -3.351136246319 0.162021301244 0.986778220589 0.004223897930 -0.229601524589 -0.011422988790 -0.002404636192 0.999931864205 -0.019480158247 0.000000000000 0.000000000000 0.000000000000 1.000000000000 -12.942021973557 -0.280200575874 -0.175687386877 0.019674281638 0.036728273947 0.516244086655
0.000000000000 420000000 0.985883843299 -0.167056097558 0.011194096197 -3.478541874083 0.167019638520 0.985944948691 0.004122923764 -0.249768605096 -0.011725522155 -0.002195090026 0.999928844323 -0.020117743161 0.000000000000 0.000000000000 0.000000000000 1.000000000000 -12.779264143709 -0.293396850603 -0.171508295969 0.011762189862 0.029953629780 0.497592830540
0.000000000000 430000000 0.985050589621 -0.171884873154 0.011442301690 -3.604220873471 0.171848474446 0.985114866146 0.004099064367 -0.270093623661 -0.011976548657 -0.002071443682 0.999926132974 -0.020882027438 0.000000000000 0.000000000000 0.000000000000 1.000000000000 -12.608771905951 -0.301254503802 -0.167163899443 0.004155705107 0.023820230529 0.482880663259
0.000000000000 440000000 0.984216836796 -0.176583960281 0.011632847444 -3.728091049130 0.176546875667 0.984283487418 0.004149347945 -0.290614367532 -0.012182727943 -0.002030115238 0.999923726977 -0.021762648641 0.000000000000 0.000000000000 0.000000000000 1.000000000000 -12.430585730902 -0.303236321042 -0.162736438233 -0.003147268179 0.018329244374 0.472107559532
0.000000000000 450000000 0.983377223135 -0.181192342404 0.011771663969 -3.850068071772 0.181153798182 0.983445504747 0.004270901267 -0.311378340798 -0.012350644619 -0.002067425389 0.999921590591 -0.022747453819 0.000000000000 0.000000000000 0.000000000000 1.000000000000 -12.244748847850 -0.298813171622 -0.158307307416 -0.010148979358 0.013482081826 0.465273465514
0.000000000000 460000000 0.982525616687 -0.185748865387 0.011864719171 -3.970065433804 0.185708082057 0.982594834258 0.004460935911 -0.332442427069 -0.012486825551 -0.002179609565 0.999919661018 -0.023822517396 0.000000000000 0.000000000000 0.000000000000 1.000000000000 -12.051307063225 -0.287464042502 -0.153957234210 -0.016851830998 0.009280396408 0.462378297767
0.000000000000 470000000 0.981655146102 -0.190292236661 0.011918003140 -4.087994388814 0.190248444621 0.981724646586 0.004716736763 -0.353872519193 -0.012597755809 -0.002362827356 0.999917853424 -0.024972162495 0.000000000000 0.000000000000 0.000000000000 1.000000000000 -11.850308724111 -0.268676080538 -0.149766437489 -0.023258378563 0.005726084794 0.463421942226
0.000000000000 480000000 0.980758215818 -0.194861021919 0.011937514108 -4.203763870771 0.194813471603 0.980827382103 0.005035652782 -0.375743114803 -0.012689893158 -0.002613169272 0.999916065456 -0.026178986357 0.000000000000 0.000000000000 0.000000000000 1.000000000000 -11.641804822904 -0.241944645060 -0.145814768429 -0.029371330505 0.002821286310 0.468404253200
0.000000000000 490000000 0.979826505649 -0.199493638819 0.011929245478 -4.317280389053 0.199441605672 0.979894750841 0.005415090064 -0.398136876461 -0.012769681047 -0.002926660903 0.999914181269 -0.027423890534 0.000000000000 0.000000000000 0.000000000000 1.000000000000 -11.425849239283 -0.206773372752 -0.142181831941 -0.035193548854 0.000568381733 0.477325052415
0.000000000000 500000000 0.978850954879 -0.204228347184 0.011899173901 -4.428447895705 0.204171131894 0.978917717206 0.005852507223 -0.421144155102 -0.012843560029 -0.003299264479 0.999912075044 -0.028686116511 0.000000000000 0.000000000000 0.000000000000 1.000000000000 -11.202499115567 -0.162674256821 -0.138947088543 -0.040728050438 -0.001030008676 0.490184128122
0.000000000000 510000000 0.977847094701 -0.208983280723 0.011876353127 -4.537343044955 0.208920864456 0.977912339572 0.006287170153 -0.444470261475 -0.012927945717 -0.003666673106 0.999909707788 -0.029859683516 0.000000000000 0.000000000000 0.000000000000 1.000000000000 -10.998796501532 -0.142993009446 -0.134540880012 -0.034746189758 0.002276755600 0.481974418909
0.000000000000 520000000 0.976836032455 -0.213659018370 0.011882321596 -4.644173423628 0.213592001654 0.976900226351 0.006663676563 -0.467768908521 -0.013031597250 -0.003971350521 0.999907198618 -0.030869830741 0.000000000000 0.000000000000 0.000000000000 1.000000000000 -10.805077739863 -0.122481547581 -0.130718052597 -0.029284067868 0.005023305906 0.474957984617
0.000000000000 530000000 0.975816318007 -0.218267323975 0.011911708343 -4.749036692614 0.218196249408 0.975879896259 0.006987476105 -0.491061509989 -0.013149534413 -0.004219403120 0.999904638644 -0.031742240578 0.000000000000 0.000000000000 0.000000000000 1.000000000000 -10.621349547654 -0.101057025184 -0.127417877874 -0.024338949861 0.007207551349 0.469135025194
0.000000000000 540000000 0.974786267509 -0.222819912151 0.011959072958 -4.852029608143 0.222745275713 0.974849617639 0.007263961442 -0.514373342814 -0.013276852951 -0.004416982858 0.999902102927 -0.032503657767 0.000000000000 0.000000000000 0.000000000000 1.000000000000 -10.447618834773 -0.078638192613 -0.124579990123 -0.019908094170 0.008827389523 0.464505724876
0.000000000000 550000000 0.973743971510 -0.227328449026 0.012018910571 -4.953248017469 0.227250707758 0.973807418724 0.007498470595 -0.537733389985 -0.013408719969 -0.004570284603 0.999899654329 -0.033181835484 0.000000000000 0.000000000000 0.000000000000 1.000000000000 -10.283892678563 -0.055145412696 -0.122144391116 -0.015988753167 0.009880705876 0.461070251475
0.000000000000 560000000 0.972687301414 -0.231804552548 0.012085656171 -5.052786851384 0.231724129184 0.972751096167 0.007696288685 -0.561174196307 -0.013540370043 -0.004685544120 0.999897346759 -0.033805486246 0.000000000000 0.000000000000 0.000000000000 1.000000000000 -10.130178307678 -0.030500674924 -0.120051457081 -0.012578173596 0.010365373310 0.458828755834
0.000000000000 570000000 0.971613914277 -0.236259792273 0.012153688262 -5.150740112811 0.236177077434 0.971678221864 0.007862649067 -0.584731736949 -0.013667102035 -0.004769036663 0.999895227817 -0.034404237264 0.000000000000 0.000000000000 0.000000000000 1.000000000000 -9.986483094831 -0.004627607883 -0.118241947826 -0.009673596847 0.010279252005 0.457781371461
0.000000000000 580000000 0.970521255967 -0.240705688588 0.012217331879 -5.247200860743 0.240621041130 0.970586148066 0.008002733807 -0.608445298641 -0.013784276640 -0.004827076149 0.999893340839 -0.035008589968 0.000000000000 0.000000000000 0.000000000000 1.000000000000 -9.852814558204 0.022548510021 -0.116657017904 -0.007272259069 0.009620189463 0.457928214331
0.000000000000 590000000 0.969406562696 -0.245153711319 0.012270860981 -5.342261188860 0.245067457435 0.969472010800 0.008121673524 -0.632357373418 -0.013887314676 -0.004866014913 0.999891726333 -0.035649883376 0.000000000000 0.000000000000 0.000000000000 1.000000000000 -9.729180371302 0.051100741427 -0.115238229783 -0.005371391126 0.008386020789 0.459269382875
0.000000000000 600000000 0.968266860930 -0.249615277671 0.012308500221 -5.436012198153 0.249527709348 0.968332731607 0.008224546547 -0.656513564747 -0.013971696111 -0.004892244002 0.999890422825 -0.036360261052 0.000000000000 0.000000000000 0.000000000000 1.000000000000 -9.615588380978 0.081100482401 -0.113927568923 -0.003968218376 0.006574569192 0.461804958136
0.000000000000 610000000 0.967110604323 -0.254055775893 0.012358872998 -5.528362606462 0.253966636339 0.967177016964 0.008340592461 -0.680649641280 -0.014072193609 -0.004927534011 0.999888840210 -0.036959462866 0.000000000000 0.000000000000 0.000000000000 1.000000000000 -9.470082609574 0.121951381577 -0.110881375033 -0.007835803336 0.010954324419 0.456014883812
0.000000000000 620000000 0.965946677735 -0.258441579767 0.012448518776 -5.619267257201 0.258350154038 0.966014016541 0.008492217248 -0.704532516535 -0.014220185664 -0.004986952294 0.999886451867 -0.037274989183 0.000000000000 0.000000000000 0.000000000000 1.000000000000 -9.341057732376 0.158932289813 -0.108030664697 -0.011146438753 0.014467435247 0.451547359511
0.000000000000 630000000 0.964772414592 -0.262785501704 0.012568537554 -5.708884444030 0.262691174019 0.964840974610 0.008674145802 -0.728259816015 -0.014406079780 -0.005066932704 0.999883388730 -0.037352695733 0.000000000000 0.000000000000 0.000000000000 1.000000000000 -9.228495516321 0.192092269955 -0.105292519084 -0.013896036346 0.017116573365 0.448402396514
0.000000000000 640000000 0.963584913703 -0.267100295807 0.012710077216 -5.797370844611 0.267002551141 0.963654899391 0.008881022654 -0.751933100017 -0.014620251959 -0.005163996406 0.999879783461 -0.037240332998 0.000000000000 0.000000000000 0.000000000000 1.000000000000 -9.132377658161 0.221479545300 -0.102584996960 -0.016080516073 0.018904453490 0.446580013622
0.000000000000 650000000 0.962381046691 -0.271398655018 0.012864331483 -5.884881539723 0.271297084208 0.962452568745 0.009107415475 -0.775657762215 -0.014853049192 -0.005274748416 0.999875774263 -0.036987453559 0.000000000000 0.000000000000 0.000000000000 1.000000000000 -9.052685772738 0.247141505758 -0.099827137327 -0.017695805982 0.019833832858 0.446080236453
0.000000000000 660000000 0.961157462870 -0.275693208220 0.013022538559 -5.971570015460 0.275587515754 0.961230533988 0.009347817394 -0.799542946607 -0.015094791460 -0.005395875399 0.999871507645 -0.036645338551 0.000000000000 0.000000000000 0.000000000000 1.000000000000 -8.989401390385 0.269124712399 -0.096938960785 -0.018737842304 0.019907511085 0.446903097070
0.000000000000 670000000 0.959910591611 -0.279996517213 0.013175980466 -6.057588147536 0.279886530885 0.959985121850 0.009596648135 -0.823701482229 -0.015335773268 -0.005524144725 0.999867140116 -0.036266943334 0.000000000000 0.000000000000 0.000000000000 1.000000000000 -8.942505963204 0.287474900478 -0.093841469811 -0.019202569789 0.019128330371 0.449048633938
0.000000000000 680000000 0.958636642191 -0.284321073512 0.013315983106 -6.143086166793 0.284206755112 0.958712434592 0.009848254005 -0.848249835115 -0.015566264734 -0.005656404801 0.999862838837 -0.035906862477 0.000000000000 0.000000000000 0.000000000000 1.000000000000 -8.911980880011 0.302236981010 -0.090456648110 -0.019085942293 0.017499176070 0.452516892229
0.000000000000 690000000 0.957331601155 -0.288679294897 0.013433917065 -6.228212604993 0.288560751127 0.957408348294 0.010096906720 -0.873308076922 -0.015776512261 -0.005789586678 0.999858781202 -0.035621314136 0.000000000000 0.000000000000 0.000000000000 1.000000000000 -8.897807489699 0.313455040970 -0.086707459195 -0.018383923637 0.015022977601 0.457307924455
0.000000000000 700000000 0.955991227211 -0.293083521658 0.013521199185 -6.313114220026 0.292961014439 0.956068509345 0.010336801115 -0.898999869649 -0.015956738823 -0.005920706954 0.999855153367 -0.035468143900 0.000000000000 0.000000000000 0.000000000000 1.000000000000 -8.899967132800 0.321172342214 -0.082517844378 -0.017092488726 0.011702709713 0.463421791443
0.000000000000 710000000 0.954620630932 -0.297512576184 0.013627839603 -6.397714830514 0.297384597017 0.954698262931 0.010659653576 -0.925129051302 -0.016181855794 -0.006123215633 0.999850315684 -0.035062738515 0.000000000000 0.000000000000 0.000000000000 1.000000000000 -8.866314165793 0.345549257589 -0.081483362173 -0.034303349279 0.019070489706 0.463457773697
0.000000000000 720000000 0.953229251498 -0.301933120455 0.013798002063 -6.481916128002 0.301796625675 0.953307276184 0.011137051090 -0.951413456448 -0.016516380352 -0.006451972411 0.999842778257 -0.034065600509 0.000000000000 0.000000000000 0.000000000000 1.000000000000 -8.843458561527 0.365897188718 -0.081180212214 -0.047883044998 0.024779886147 0.462884340282
0.000000000000 730000000 0.951819243246 -0.306339221149 0.014014627085 -6.565830524412 0.306191678103 0.951897577100 0.011732816030 -0.977850380806 -0.016934711290 -0.006876357890 0.999832951675 -0.032606977434 0.000000000000 0.000000000000 0.000000000000 1.000000000000 -8.831384809447 0.382108988496 -0.081471901017 -0.057824105974 0.028847501744 0.461701372963
0.000000000000 740000000 0.950392875271 -0.310724969174 0.014261001599 -6.649570802169 0.310564391196 0.950471322857 0.012410614324 -1.004437200140 -0.017410960808 -0.007366000151 0.999821284273 -0.030821738644 0.000000000000 0.000000000000 0.000000000000 1.000000000000 -8.830076847342 0.394077824482 -0.082223781388 -0.064119209379 0.031289881042 0.459908752585
0.000000000000 750000000 0.948952541124 -0.315084468335 0.014520761307 -6.733250174251 0.314909488097 0.949030828497 0.013133958579 -1.031171513416 -0.017918956489 -0.007890777858 0.999808304938 -0.028849341108 0.000000000000 0.000000000000 0.000000000000 1.000000000000 -8.839518053508 0.401697224640 -0.083303024730 -0.066761178340 0.032123509162 0.457506352388
0.000000000000 760000000 0.947500763829 -0.319411828975 0.014777890720 -6.816982321563 0.319221795764 0.947578584220 0.013866212058 -1.058051230736 -0.018432244921 -0.008420821703 0.999794649970 -0.026833812911 0.000000000000 0.000000000000 0.000000000000 1.000000000000 -8.859691257522 0.404861088594 -0.084578627339 -0.065742980137 0.031364810289 0.454494036166
0.000000000000 770000000 0.946040196268 -0.323701166419 0.015016720839 -6.900881407410 0.323496252842 0.946117261340 0.014570593395 -1.085074603839 -0.018924096872 -0.008926514113 0.999781073987 -0.024923754663 0.000000000000 0.000000000000 0.000000000000 1.000000000000 -8.890578769058 0.403463665539 -0.085921450399 -0.061057723708 0.029030145931 0.450871661223
0.000000000000 780000000 0.944573616995 -0.327946604027 0.015221924418 -6.985062068880 0.327727907691 0.944649706974 0.015210181940 -1.112240196968 -0.019367513955 -0.009378487130 0.999768444882 -0.023272359141 0.000000000000 0.000000000000 0.000000000000 1.000000000000 -8.932162424197 0.397399499886 -0.087204293367 -0.052698656469 0.025135812972 0.446639086069
0.000000000000 790000000 0.943103921550 -0.332142280694 0.015378508771 -7.069639384937 0.331911906370 0.943178927517 0.015747923615 -1.139546795927 -0.019735236675 -0.009747618354 0.999757722836 -0.022037449482 0.000000000000 0.000000000000 0.000000000000 1.000000000000 -8.984423648697 0.386563345841 -0.088302000454 -0.040659160452 0.019698041529 0.441796182804
0.000000000000 800000000 0.941634109314 -0.336282362596 0.015471806087 -7.154728821043 0.336043470439 0.941708060964 0.016146637164 -1.166993253110 -0.019999753803 -0.010005024893 0.999749923393 -0.021381536175 0.000000000000 0.000000000000 0.000000000000 1.000000000000 -9.047343537665 0.370850052115 -0.089091599980 -0.024932747761 0.012732992638 0.436342854138
0.000000000000 810000000 0.940155504955 -0.340391007747 0.015543112562 -7.240287069322 0.340146795450 0.940229477993 0.016391652069 -1.194738916665 -0.020193663577 -0.010123761998 0.999744830141 -0.021009155283 0.000000000000 0.000000000000 0.000000000000 1.000000000000 -9.094773846057 0.363687747692 -0.083523844864 -0.010970353195 0.015593023541 0.436675530059
0.000000000000 820000000 0.938656878063 -0.344497800491 0.015637478151 -7.326199408096 0.344250553232 0.938732638350 0.016510308766 -1.222970609987 -0.020367176177 -0.010114304378 0.999741406055 -0.020549762499 0.000000000000 0.000000000000 0.000000000000 1.000000000000 -9.143634721305 0.354762425347 -0.079296750161 0.000433486086 0.017516562318 0.437277849059
0.000000000000 830000000 0.937137437246 -0.348605061987 0.015745935018 -7.412474066856 0.348356694249 0.937216319308 0.016528290737 -1.251728748287 -0.020519193079 -0.010004078153 0.999739406613 -0.020057044409 0.000000000000 0.000000000000 0.000000000000 1.000000000000 -9.193918556398 0.344094524751 -0.076314425577 0.009282955390 0.018492461432 0.438150286981
0.000000000000 840000000 0.935596355785 -0.352715100130 0.015859293262 -7.499118792115 0.352467138814 0.935679226885 0.016471200072 -1.281054288536 -0.020648852241 -0.009820515043 0.999738557016 -0.019584996781 0.000000000000 0.000000000000 0.000000000000 1.000000000000 -9.245617844515 0.331704724256 -0.074479579608 0.015582315892 0.018509551907 0.439293258415
0.000000000000 850000000 0.934032770604 -0.356830214381 0.015968141513 -7.586140838792 0.356583779034 0.934120018971 0.016364555852 -1.310988708068 -0.020755528626 -0.009591051198 0.999738575713 -0.019187907804 0.000000000000 0.000000000000 0.000000000000 1.000000000000 -9.298725178519 0.317613908812 -0.073693484443 0.019335905114 0.017556643785 0.440707112889
0.000000000000 860000000 0.932445781102 -0.360952698085 0.016062846897 -7.673546955456 0.360708480976 0.932537321367 0.016233792201 -1.341573996770 -0.020838835315 -0.009343125945 0.999739190459 -0.018920332229 0.000000000000 0.000000000000 0.000000000000 1.000000000000 -9.353233257896 0.301843153497 -0.073855942272 0.020548137569 0.015622526762 0.442392133234
0.000000000000 870000000 0.930834447874 -0.365084838189 0.016133554359 -7.761343363229 0.364843086979 0.930929736781 0.016104255981 -1.372852662881 -0.020898625201 -0.009104180448 0.999740146920 -0.018837056206 0.000000000000 0.000000000000 0.000000000000 1.000000000000 -9.409134903366 0.284413723247 -0.074865253045 0.019223505601 0.012695970969 0.444348536125
0.000000000000 880000000 0.929197791340 -0.369228912296 0.016170185341 -7.849535728162 0.368989418041 0.929295846779 0.016001204115 -1.404867752395 -0.020934993270 -0.008901656243 0.999741209800 -0.018993052604 0.000000000000 0.000000000000 0.000000000000 1.000000000000 -9.466423079422 0.265347089404 -0.076618183775 0.015366580395 0.008765727913 0.446576474826
0.000000000000 890000000 0.927534790322 -0.373387182975 0.016162435840 -7.938129126899 0.373149276203 0.927634206749 0.015949800551 -1.437662882065 -0.020948279447 -0.008762993675 0.999742156523 -0.019443426604 0.000000000000 0.000000000000 0.000000000000 1.000000000000 -9.525090925032 0.244664963687 -0.079009939441 0.008982013199 0.003820531528 0.449076044148
0.000000000000 900000000 0.925844380584 -0.377561889263 0.016099773819 -8.027128005462 0.377324446867 0.925943333885 0.015975112840 -1.471282285954 -0.020939072030 -0.008715630201 0.999742763441 -0.020243351333 0.000000000000 0.000000000000 0.000000000000 1.000000000000 -9.585131792795 0.222389350252 -0.081934135566 0.000074536734 -0.002150900652 0.451847287629
0.000000000000 910000000 0.924116596546 -0.381774787453 0.016016480669 -8.116540188592 0.381536009064 0.924213841872 0.016094976874 -1.505948075874 -0.020947309507 -0.008762771137 0.999742178797 -0.021081115153 0.000000000000 0.000000000000 0.000000000000 1.000000000000 -9.652300506425 0.197078299389 -0.083178674546 -0.009063509060 -0.000041619275 0.458832130757
0.000000000000 920000000 0.922344176775 -0.386039976572 0.015948544045 -8.206338223687 0.385798023505 0.922439333410 0.016296049756 -1.541801366800 -0.021002491004 -0.008877649826 0.999740007555 -0.021673611376 0.000000000000 0.000000000000 0.000000000000 1.000000000000 -9.714192251731 0.173114231349 -0.085534083498 -0.016030929609 0.001281640728 0.464869606749
0.000000000000 930000000 0.920530191141 -0.390348229030 0.015887960578 -8.296474041798 0.390101775213 0.920622879967 0.016556504994 -1.578763829266 -0.021089622427 -0.009042841081 0.999736692760 -0.022120939202 0.000000000000 0.000000000000 0.000000000000 1.000000000000 -9.770815355372 0.150427789346 -0.088929426278 -0.020824145257 0.001828801763 0.469959800491
0.000000000000 940000000 0.918677862886 -0.394690375740 0.015826924581 -8.386900856950 0.394438610507 0.918767712842 0.016854446898 -1.616755070557 -0.021193555278 -0.009241057116 0.999732682310 -0.022526002974 0.000000000000 0.000000000000 0.000000000000 1.000000000000 -9.822177578649 0.128949205553 -0.093294203575 -0.023439604301 0.001609873745 0.474102819047
0.000000000000 950000000 0.916790573515 -0.399057307793 0.015757836513 -8.477573253425 0.398799946961 0.916877235600 0.017167910237 -1.655692652023 -0.021298981620 -0.009455153907 0.999728439851 -0.022994648929 0.000000000000 0.000000000000 0.000000000000 1.000000000000 -9.868286100706 0.108608311494 -0.098558367444 -0.023873785277 0.000634954504 0.477298790176
0.000000000000 960000000 0.914871865627 -0.403439979251 0.015673309335 -8.568447257585 0.403177279816 0.914955031838 0.017474860636 -1.695492089271 -0.021390430654 -0.009668136128 0.999724450346 -0.023635780798 0.000000000000 0.000000000000 0.000000000000 1.000000000000 -9.909147508975 0.089334538611 -0.104652343364 -0.022123198637 -0.001085770055 0.479547862467
0.000000000000 970000000 0.912925443728 -0.407829410978 0.015566172771 -8.659480393934 0.407562184753 0.913004868335 0.017753195656 -1.736066834188 -0.021452266849 -0.009863160639 0.999721220296 -0.024561453882 0.000000000000 0.000000000000 0.000000000000 1.000000000000 -9.944767796814 0.071056909185 -0.111507059774 -0.018184387809 -0.003542026050 0.480850207124
0.000000000000 980000000 0.910955173046 -0.412216695426 0.015429475425 -8.750631725140 0.411946316972 0.911030693604 0.017980746507 -1.777328237674 -0.021468689605 -0.010023538472 0.999719272618 -0.025886947220 0.000000000000 0.000000000000 0.000000000000 1.000000000000 -9.975152368266 0.053704017834 -0.119053985082 -0.012053929632 -0.006723451957 0.481206021408
0.000000000000 990000000 0.908965076401 -0.416593002288 0.015256484766 -8.841861875718 0.416321406471 0.909036631892 0.018135280340 -1.819185491912 -0.021423734411 -0.010132735284 0.999719136198 -0.027730813476 0.000000000000 0.000000000000 0.000000000000 1.000000000000 -10.000306049869 0.037204003786 -0.127225172077 -0.003728434152 -0.010619599210 0.480615533761
0.000000000000 1000000000 0.906959329156 -0.420949584930 0.015040684952 -8.933133039086 0.420679249453 0.907026972663 0.018194503063 -1.861545550984 -0.021301275451 -0.010174370235 0.999721330099 -0.030214906131 0.000000000000 0.000000000000 0.000000000000 1.000000000000 -10.020233109456 0.021484514172 -0.135953309749 0.006795456218 -0.015219933037 0.479079010633
0.000000000000 1010000000 0.904945464623 -0.425269032863 0.014830905081 -9.024583615502 0.425000589412 0.905009669281 0.018220798754 -1.904231093983 -0.021170853967 -0.010185685793 0.999723985282 -0.032801238056 0.000000000000 0.000000000000 0.000000000000 1.000000000000 -10.065277398729 0.004994927740 -0.143599568098 0.002336882664 -0.009565350885 0.474852036109
0.000000000000 1020000000 0.902926073106 -0.429545366624 0.014672577040 -9.116318808272 0.429277461568 0.902987536332 0.018285792789 -1.947174046876 -0.021103731760 -0.010212112450 0.999725134857 -0.034936242821 0.000000000000 0.000000000000 0.000000000000 1.000000000000 -10.103221280879 -0.010574894257 -0.150986403514 -0.001231213945 -0.005019096651 0.471556903252
0.000000000000 1030000000 0.900897890766 -0.433787001175 0.014554312948 -9.208251000589 0.433518583056 0.900957146514 0.018380921926 -1.990444058209 -0.021086217264 -0.010249768667 0.999725119062 -0.036722918888 0.000000000000 0.000000000000 0.000000000000 1.000000000000 -10.134071403845 -0.025098740206 -0.158001921484 -0.003903677289 -0.001576937044 0.469193672064
0.000000000000 1040000000 0.898857481271 -0.438002280454 0.014464808296 -9.300291025650 0.437732595213 0.898914910987 0.018497510467 -2.034111565797 -0.021104583629 -0.010294907594 0.999724267700 -0.038267000419 0.000000000000 0.000000000000 0.000000000000 1.000000000000 -10.157835372766 -0.038450374224 -0.164534610871 -0.005675371706 0.000765397048 0.467762401097
0.000000000000 1050000000 0.896801243440 -0.442199475239 0.014392840669 -9.392348192893 0.441928066258 0.896857083122 0.018626773938 -2.078247833057 -0.021145070761 -0.010343913784 0.999722906325 -0.039676985016 0.000000000000 0.000000000000 0.000000000000 1.000000000000 -10.174521724190 -0.050503531022 -0.170473360975 -0.006541182026 0.002012210007 0.467263146391
0.000000000000 1060000000 0.894725416535 -0.446386781125 0.014327269223 -9.484330295940 0.446113492469 0.894779761130 0.018759821670 -2.122924967873 -0.021193886943 -0.010393301147 0.999721360404 -0.041064158205 0.000000000000 0.000000000000 0.000000000000 1.000000000000 -10.184139916449 -0.061131917774 -0.175707469892 -0.006496013685 0.002167841238 0.467695961043
0.000000000000 1070000000 0.892626083250 -0.450572316566 0.014257034926 -9.576143601997 0.450297297804 0.892678889609 0.018887658314 -2.168215923328 -0.021237210068 -0.010439712161 0.999719957447 -0.042542614546 0.000000000000 0.000000000000 0.000000000000 1.000000000000 -10.186700336116 -0.070209223052 -0.180126644291 -0.005534793098 0.001236665243 0.469060895414
0.000000000000 1080000000 0.890499170404 -0.454764120934 0.014171161606 -9.667692822464 0.454487831930 0.890550260021 0.019001184298 -2.214194479656 -0.021261188527 -0.010479918340 0.999719027114 -0.044229275258 0.000000000000 0.000000000000 0.000000000000 1.000000000000 -10.182214320458 -0.077609132908 -0.183620990716 -0.003652468315 -0.000776908003 0.471357997966
