0.000000000000 0 1.000000000000 0.000000000000 0.000000000000 0.000000000000 0.000000000000 1.000000000000 0.000000000000 0.000000000000 0.000000000000 0.000000000000 1.000000000000 0.000000000000 0.000000000000 0.000000000000 0.000000000000 1.000000000000 0.000000000000 0.000000000000 0.000000000000 0.000000000000 0.000000000000 0.000000000000
0.000000000000 10000000 0.999999997425 0.000071583980 -0.000005164503 -0.000007689557 -0.000071583994 0.999999997434 -0.000002816193 0.000000405418 0.000005164301 0.000002816562 0.999999999983 0.000000063454 0.000000000000 0.000000000000 0.000000000000 1.000000000000 -0.001483108117 0.000078127602 0.000012239366 0.000543180560 -0.000996010439 -0.013805735675
0.000000000000 20000000 0.999999964466 0.000265893374 -0.000019184201 -0.000028565842 -0.000265893575 0.999999964596 -0.000010459162 0.000001508328 0.000019181420 0.000010464262 0.999999999761 0.000000235417 0.000000000000 0.000000000000 0.000000000000 1.000000000000 -0.002637379435 0.000138849083 0.000021747489 0.000965791456 -0.001770801446 -0.024545100675
0.000000000000 30000000 0.999999846708 0.000552264304 -0.000039849031 -0.000059340181 -0.000552265170 0.999999847266 -0.000021719305 0.000003140484 0.000039837030 0.000021741309 0.999999998970 0.000000488171 0.000000000000 0.000000000000 0.000000000000 1.000000000000 -0.003462813964 0.000182164563 0.000028524360 0.001267832687 -0.002324373035 -0.032218095000
0.000000000000 40000000 0.999999592861 0.000900032870 -0.000064948802 -0.000096723918 -0.000900035170 0.999999594342 -0.000035387241 0.000005133310 0.000064916926 0.000035445683 0.999999997265 0.000000794017 0.000000000000 0.000000000000 0.000000000000 1.000000000000 -0.003959411722 0.000208074238 0.000032569963 0.001449304253 -0.002656725232 -0.036824718647
0.000000000000 50000000 0.999999178416 0.001278535232 -0.000092272276 -0.000137428542 -0.001278539873 0.999999181405 -0.000050255514 0.000007315377 0.000092207947 0.000050373446 0.999999994480 0.000001125460 0.000000000000 0.000000000000 0.000000000000 1.000000000000 -0.004127172735 0.000216578388 0.000033884278 0.001510206151 -0.002767858074 -0.038364971614
0.000000000000 60000000 0.999998619843 0.001657107677 -0.000119606613 -0.000178165772 -0.001657115474 0.999998624863 -0.000065119605 0.000009510878 0.000119498538 0.000065317718 0.999999990727 0.000001455310 0.000000000000 0.000000000000 0.000000000000 1.000000000000 -0.003966097034 0.000207677370 0.000032467277 0.001450538381 -0.002657771608 -0.036838853897
0.000000000000 70000000 0.999997979337 0.002005086685 -0.000144737186 -0.000215647589 -0.002005098102 0.999997986686 -0.000078778283 0.000011539123 0.000144578938 0.000079068336 0.999999986423 0.000001756718 0.000000000000 0.000000000000 0.000000000000 1.000000000000 -0.003476184658 0.000181371618 0.000028318928 0.001270300940 -0.002326465891 -0.032246365493
0.000000000000 80000000 0.999997360116 0.002291808936 -0.000165447771 -0.000246586211 -0.002291823854 0.999997369715 -0.000090033263 0.000013215036 0.000165240996 0.000090412203 0.999999982261 0.000002003143 0.000000000000 0.000000000000 0.000000000000 1.000000000000 -0.002657435655 0.000137661651 0.000021439191 0.000969493824 -0.001773940990 -0.024587506397
0.000000000000 90000000 0.999996892263 0.002486611278 -0.000179521094 -0.000267694014 -0.002486628843 0.999996903562 -0.000097688191 0.000014350661 0.000179277625 0.000098134290 0.999999979115 0.000002168248 0.000000000000 0.000000000000 0.000000000000 1.000000000000 -0.001509850077 0.000076548061 0.000011828022 0.000548117032 -0.001000196983 -0.013862276603
0.000000000000 99999999 0.999996709123 0.002558830602 -0.000184739755 -0.000275683395 -0.002558849207 0.999996721085 -0.000100546950 0.000014757673 0.000184481867 0.000101019341 0.999999977881 0.000002225717 0.000000000000 0.000000000000 0.000000000000 1.000000000000 -0.000033428151 -0.000001968467 -0.000000514631 0.000006170619 -0.000005234071 -0.000070677638
0.000000000000 109999999 0.999996338954 0.002699133207 -0.000191724065 -0.001078406792 -0.002699154643 0.999996351044 -0.000111635275 -0.000030648387 0.000191422047 0.000112152359 0.999999975390 -0.000013799875 0.000000000000 0.000000000000 0.000000000000 1.000000000000 -0.158650939328 -0.009010408918 -0.003165199422 0.002162247703 -0.001332119742 -0.027249212740
0.000000000000 119999999 0.999995206936 0.003088992003 -0.000210315966 -0.003411537997 -0.003089022030 0.999995218793 -0.000142596544 -0.000162722655 0.000209874480 0.000143245532 0.999999967717 -0.000060358803 0.000000000000 0.000000000000 0.000000000000 1.000000000000 -0.306107863905 -0.017490535103 -0.006099352754 0.003991162575 -0.002319819837 -0.049982465743
0.000000000000 129999999 0.999993186105 0.003683952995 -0.000237138398 -0.007163556789 -0.003683998125 0.999993195976 -0.000190156548 -0.000374665664 0.000236436257 0.000191028870 0.999999953803 -0.000135217798 0.000000000000 0.000000000000 0.000000000000 1.000000000000 -0.442404556057 -0.025436317670 -0.008803585557 0.005492964748 -0.002968344550 -0.068270427711
0.000000000000 140000000 0.999990108965 0.004439561852 -0.000268817957 -0.012222971369 -0.004439629356 0.999990113286 -0.000251041220 -0.000659179471 0.000267700786 0.000252232189 0.999999932358 -0.000236155512 0.000000000000 0.000000000000 0.000000000000 1.000000000000 -0.567541638963 -0.032837705163 -0.011278916508 0.006667737316 -0.003277711349 -0.082113092370
0.000000000000 150000000 0.999985849010 0.005311364100 -0.000301978564 -0.018478293418 -0.005311461297 0.999985842253 -0.000321981161 -0.001008873092 0.000300264130 0.000323580552 0.999999902569 -0.000360933979 0.000000000000 0.000000000000 0.000000000000 1.000000000000 -0.681519931433 -0.039680619622 -0.013526769958 0.007515596207 -0.003247944687 -0.091510446541
0.000000000000 160000000 0.999980382359 0.006254906114 -0.000333236634 -0.025818021609 -0.006255039159 0.999980357164 -0.000399714723 -0.001416618604 0.000330729911 0.000401791290 0.999999864591 -0.000507274195 0.000000000000 0.000000000000 0.000000000000 1.000000000000 -0.784340515512 -0.045946960476 -0.015548976569 0.008036690880 -0.002879076253 -0.096462478447
0.000000000000 170000000 0.999973829520 0.007225735383 -0.000359197671 -0.034130623620 -0.007225907779 0.999973777109 -0.000480989543 -0.001875857343 0.000355712749 0.000483572485 0.999999819813 -0.000672835664 0.000000000000 0.000000000000 0.000000000000 1.000000000000 -0.876004680289 -0.051614601143 -0.017347771556 0.008231203808 -0.002171144856 -0.096969171732
0.000000000000 180000000 0.999966477278 0.008179401069 -0.000376454324 -0.043304523868 -0.008179612127 0.999966388170 -0.000562562604 -0.002380856623 0.000371840245 0.000565622996 0.999999770903 -0.000855200020 0.000000000000 0.000000000000 0.000000000000 1.000000000000 -0.956513934517 -0.056657389715 -0.018925794457 0.008099350618 -0.001124196478 -0.093030507078
0.000000000000 190000000 0.999958780705 0.009071454340 -0.000381585892 -0.053228093766 -0.009071697798 0.999958645727 -0.000641198776 -0.002926916776 0.000375753507 0.000644633978 0.999999721628 -0.001051858672 0.000000000000 0.000000000000 0.000000000000 1.000000000000 -1.025870012831 -0.061045149294 -0.020286089052 0.007641380095 0.000261715780 -0.084646462215
0.000000000000 200000000 0.999951345292 0.009857448393 -0.000371159263 -0.063789644392 -0.009857711433 0.999951156909 -0.000713667848 -0.003510528516 0.000364106190 0.000717291906 0.999999676459 -0.001260204429 0.000000000000 0.000000000000 0.000000000000 1.000000000000 -1.084074890748 -0.064743678888 -0.021432103849 0.006857574216 0.001986531814 -0.071817011938
0.000000000000 210000000 0.999944000347 0.010577032417 -0.000350078574 -0.074895057440 -0.010577304069 0.999943751848 -0.000783440425 -0.004134709448 0.000341772408 0.000787099440 0.999999631833 -0.001475849473 0.000000000000 0.000000000000 0.000000000000 1.000000000000 -1.135521524800 -0.070023405147 -0.021909423115 0.007139173157 0.002342172880 -0.072091737955
0.000000000000 220000000 0.999936111424 0.011298991949 -0.000325348613 -0.086487503766 -0.011299266810 0.999935795067 -0.000855753250 -0.004801439694 0.000315658575 0.000859374778 0.999999580917 -0.001694752636 0.000000000000 0.000000000000 0.000000000000 1.000000000000 -1.181384333504 -0.074930151393 -0.022181409834 0.007362496399 0.002727012999 -0.072292329828
0.000000000000 230000000 0.999927682088 0.012022586098 -0.000296678514 -0.098511174786 -0.012022857327 0.999927290333 -0.000930026770 -0.005506687210 0.000285475615 0.000933526436 0.999999523516 -0.001914741919 0.000000000000 0.000000000000 0.000000000000 1.000000000000 -1.221663091974 -0.079467092009 -0.022248559531 0.007527566927 0.003141088850 -0.072418783964
0.000000000000 240000000 0.999918717960 0.012747074025 -0.000263776469 -0.110910255628 -0.012747333276 0.999918243707 -0.001005681830 -0.006246516573 0.000250935403 0.001008962533 0.999999459513 -0.002133635189 0.000000000000 0.000000000000 0.000000000000 1.000000000000 -1.256357580444 -0.083637378979 -0.022111405540 0.007634408104 0.003584437040 -0.072471096475
0.000000000000 250000000 0.999909226711 0.013471714936 -0.000226349726 -0.123628925031 -0.013471952313 0.999908663566 -0.001082139668 -0.007017090849 0.000211750775 0.001085090812 0.999999388870 -0.002349240609 0.000000000000 0.000000000000 0.000000000000 1.000000000000 -1.285467584290 -0.087444141877 -0.021770519081 0.007683043677 0.004057094103 -0.072449263183
0.000000000000 260000000 0.999899218059 0.014195768077 -0.000184104580 -0.136611355274 -0.014195972109 0.999898560609 -0.001158821898 -0.007814673042 0.000167635537 0.001161318653 0.999999311618 -0.002559357259 0.000000000000 0.000000000000 0.000000000000 1.000000000000 -1.308992894042 -0.090890487855 -0.021226509321 0.007673497769 0.004559096503 -0.072353279620
0.000000000000 270000000 0.999888703744 0.014918492726 -0.000136746372 -0.149801712124 -0.014918650369 0.999887947859 -0.001235150489 -0.008635627119 0.000118304465 0.001237053092 0.999999227852 -0.002761775938 0.000000000000 0.000000000000 0.000000000000 1.000000000000 -1.326933305379 -0.093979501635 -0.020480023408 0.007605794883 0.005090480632 -0.072183141028
0.000000000000 280000000 0.999877697517 0.015639148177 -0.000083979493 -0.163144154807 -0.015639244847 0.999876840658 -0.001310547754 -0.009476418599 0.000063473299 0.001311700847 0.999999137706 -0.002954280154 0.000000000000 0.000000000000 0.000000000000 1.000000000000 -1.339288619113 -0.096714245500 -0.019531746474 0.007479959904 0.005651282812 -0.071938842359
0.000000000000 290000000 0.999866215104 0.016356993730 -0.000025507392 -0.176582836000 -0.016357013369 0.999865256647 -0.001384436325 -0.010333614728 0.000002858739 0.001384668333 0.999999041342 -0.003134647297 0.000000000000 0.000000000000 0.000000000000 1.000000000000 -1.346058641162 -0.099097759294 -0.018382401623 0.007296018093 0.006241539293 -0.071620378277
0.000000000000 300000000 0.999854274174 0.017071288678 0.000038967410 -0.190061901834 -0.017071213853 0.999853215740 -0.001456239128 -0.011203884212 -0.000063821569 0.001455361696 0.999998938924 -0.003300649994 0.000000000000 0.000000000000 0.000000000000 1.000000000000 -1.347243182508 -0.101133060419 -0.017032749885 0.007053995091 0.006861286256 -0.071227743160
0.000000000000 310000000 0.999841535738 0.017801448405 0.000108849574 -0.203562316243 -0.017801261594 0.999840379205 -0.001526825913 -0.012068873162 -0.000136011912 0.001524646306 0.999998828477 -0.003448228755 0.000000000000 0.000000000000 0.000000000000 1.000000000000 -1.350801448375 -0.100661884971 -0.015137707734 0.007028374375 0.007347802141 -0.074743223161
0.000000000000 320000000 0.999827640566 0.018564895045 0.000183937243 -0.217090674066 -0.018564578098 0.999826388763 -0.001596487548 -0.012912300797 -0.000213543933 0.001592797661 0.999998708696 -0.003575557021 0.000000000000 0.000000000000 0.000000000000 1.000000000000 -1.352618396298 -0.100194652935 -0.013388686011 0.006857437923 0.007923055095 -0.077885556847
0.000000000000 330000000 0.999812583187 0.019357897932 0.000265120926 -0.230629557024 -0.019357430800 0.999811243040 -0.001663779840 -0.013734114887 -0.000297278162 0.001658335960 0.999998580773 -0.003683736059 0.000000000000 0.000000000000 0.000000000000 1.000000000000 -1.352694400647 -0.099727617957 -0.011787164026 0.006541282019 0.008587130029 -0.080654726966
0.000000000000 340000000 0.999796366716 0.020176726301 0.000353294102 -0.244161539389 -0.020176087356 0.999794950013 -0.001727259944 -0.014534390389 -0.000388072111 0.001719780124 0.999998445877 -0.003773843485 0.000000000000 0.000000000000 0.000000000000 1.000000000000 -1.351029832984 -0.099257083635 -0.010334632986 0.006080007985 0.009340116945 -0.083050715588
0.000000000000 350000000 0.999779003831 0.021017649255 0.000449353362 -0.257669188470 -0.021016815738 0.999777528000 -0.001785486362 -0.015313331791 -0.000486780120 0.001775647800 0.999998305059 -0.003846933972 0.000000000000 0.000000000000 0.000000000000 1.000000000000 -1.347625061674 -0.098779403503 -0.009032596063 0.005473722192 0.010182110923 -0.085073504111
0.000000000000 360000000 0.999760517598 0.021876935728 0.000554198490 -0.271135065125 -0.021875884345 0.999759006484 -0.001837018922 -0.016071274810 -0.000594253277 0.001824455406 0.999998159111 -0.003904040113 0.000000000000 0.000000000000 0.000000000000 1.000000000000 -1.342480451597 -0.098290981044 -0.007882568469 0.004722536073 0.011113212114 -0.086723073271
0.000000000000 370000000 0.999740942154 0.022750854431 0.000668732499 -0.284541724275 -0.022749562123 0.999739426775 -0.001880418711 -0.016808687473 -0.000711339378 0.001864718202 0.999998008409 -0.003946173425 0.000000000000 0.000000000000 0.000000000000 1.000000000000 -1.335596363963 -0.097788269729 -0.006886077569 0.003826566127 0.012133525726 -0.087999403149
0.000000000000 380000000 0.999720323245 0.023635673782 0.000793861609 -0.297871715435 -0.023634118701 0.999718842519 -0.001914247989 -0.017526170539 -0.000838882950 0.001894950399 0.999997852717 -0.003974325503 0.000000000000 0.000000000000 0.000000000000 1.000000000000 -1.326973156237 -0.097267773083 -0.006044662995 0.002785933928 0.013243162026 -0.088902473182
0.000000000000 390000000 0.999698718607 0.024527661831 0.000930495171 -0.311107583230 -0.024525824540 0.999697320038 -0.001937070053 -0.018224457305 -0.000977725328 0.001913665289 0.999997690967 -0.003989469305 0.000000000000 0.000000000000 0.000000000000 1.000000000000 -1.316611182154 -0.096726044785 -0.005359876790 0.001600766131 0.014442236333 -0.089432262179
0.000000000000 400000000 0.999676198212 0.025423086164 0.001079545539 -0.324231867908 -0.025420951087 0.999674938511 -0.001947449084 -0.018904412765 -0.001128704786 0.001919375423 0.999997521009 -0.003992560586 0.000000000000 0.000000000000 0.000000000000 1.000000000000 -1.304510791843 -0.096159688789 -0.004833283557 0.000271194468 0.015730869019 -0.089588748335
0.000000000000 410000000 0.999652454619 0.026333218684 0.001237565067 -0.337193123277 -0.026330773707 0.999651379132 -0.001952064197 -0.019542689393 -0.001288537759 0.001918799721 0.999997328935 -0.003981301109 0.000000000000 0.000000000000 0.000000000000 1.000000000000 -1.284553814397 -0.091802231585 -0.003472089866 0.000440050845 0.016222570386 -0.092407173841
0.000000000000 420000000 0.999627107381 0.027270595946 0.001400280324 -0.349969162877 -0.027267828915 0.999626245000 -0.001958523064 -0.020119186911 -0.001453167054 0.001919610141 0.999997101697 -0.003952780120 0.000000000000 0.000000000000 0.000000000000 1.000000000000 -1.267246018003 -0.088019731741 -0.002111630610 0.000603562216 0.016681696666 -0.095042268326
0.000000000000 430000000 0.999600129800 0.028233382093 0.001567367113 -0.362586416614 -0.028230280721 0.999599511313 -0.001966782630 -0.020639748536 -0.001622268326 0.001921748958 0.999996837558 -0.003907024092 0.000000000000 0.000000000000 0.000000000000 1.000000000000 -1.252588103661 -0.084807366495 -0.000751062129 0.000761728213 0.017108251914 -0.097494031081
0.000000000000 440000000 0.999571500361 0.029219741267 0.001738501217 -0.375071319482 -0.029216293127 0.999571158288 -0.001976798957 -0.021110226025 -0.001795517229 0.001925159338 0.999996534934 -0.003844060809 0.000000000000 0.000000000000 0.000000000000 1.000000000000 -1.240580773966 -0.082160274195 0.000610465133 0.000914548457 0.017502240025 -0.099762461424
0.000000000000 450000000 0.999541203199 0.030227837625 0.001913358428 -0.387450312778 -0.030224030159 0.999541171619 -0.001988527144 -0.021536475078 -0.001972589400 0.001929785411 0.999996192402 -0.003763918629 0.000000000000 0.000000000000 0.000000000000 1.000000000000 -1.231224732528 -0.080073554240 0.001973806680 0.001062022555 0.017863664734 -0.101847558705
0.000000000000 460000000 0.999509228524 0.031255835364 0.002091614566 -0.399749845193 -0.031251655890 0.999509542884 -0.002001921253 -0.021924351230 -0.002153160440 0.001935572349 0.999995808721 -0.003666625817 0.000000000000 0.000000000000 0.000000000000 1.000000000000 -1.224520683452 -0.078542267022 0.003339824011 0.001204150103 0.018192529621 -0.103749322300
0.000000000000 470000000 0.999475573017 0.032301898734 0.002272945504 -0.411996373789 -0.032297334471 0.999476269935 -0.002016934247 -0.022279706221 -0.002336905900 0.001942466431 0.999995382837 -0.003552209970 0.000000000000 0.000000000000 0.000000000000 1.000000000000 -1.220469330877 -0.077561433876 0.004709384665 0.001340930686 0.018488838105 -0.105467751613
0.000000000000 480000000 0.999440240187 0.033364192068 0.002457027186 -0.424216364861 -0.033359230152 0.999441357243 -0.002033517926 -0.022608384844 -0.002523501268 0.001950415109 0.999994913898 -0.003420697522 0.000000000000 0.000000000000 0.000000000000 1.000000000000 -1.219071378570 -0.077126037042 0.006083362265 0.001472363876 0.018752593447 -0.107002846079
0.000000000000 490000000 0.999403240698 0.034440879799 0.002643535651 -0.436436294685 -0.034435507317 0.999404816218 -0.002051622873 -0.022916222292 -0.002712621959 0.001959367057 0.999994401266 -0.003272113325 0.000000000000 0.000000000000 0.000000000000 1.000000000000 -1.220327529582 -0.077231019632 0.007462636552 0.001598449236 0.018983798752 -0.108354605160
0.000000000000 500000000 0.999364592656 0.035530126488 0.002832147051 -0.448682650147 -0.035524330515 0.999366665483 -0.002071198408 -0.023209041968 -0.002903943296 0.001969272226 0.999993844521 -0.003106480325 0.000000000000 0.000000000000 0.000000000000 1.000000000000 -1.224238485962 -0.077871285610 0.008848093418 0.001719186319 0.019182456963 -0.109523028347
0.000000000000 510000000 0.999324071615 0.036637048387 0.003021022386 -0.460891158908 -0.036630823149 0.999326678858 -0.002090865604 -0.023478652034 -0.003095591412 0.001978789791 0.999993250830 -0.002926124092 0.000000000000 0.000000000000 0.000000000000 1.000000000000 -1.212625687343 -0.076837759736 0.009896390333 0.001552928298 0.019023717820 -0.111926061348
0.000000000000 520000000 0.999281394885 0.037767801318 0.003207338607 -0.472997785158 -0.037761152893 0.999284568315 -0.002108758095 -0.023714990619 -0.003284687133 0.001986129928 0.999992633032 -0.002734498441 0.000000000000 0.000000000000 0.000000000000 1.000000000000 -1.203701827926 -0.076138099376 0.010861474230 0.001307751992 0.018684877512 -0.114302302423
0.000000000000 530000000 0.999236499583 0.038922108949 0.003389297332 -0.485029383487 -0.038915050944 0.999240264928 -0.002124089811 -0.023921030625 -0.003469396419 0.001990573389 0.999992000421 -0.002533341587 0.000000000000 0.000000000000 0.000000000000 1.000000000000 -1.197467299268 -0.075768945797 0.011745961890 0.000983458842 0.018166025166 -0.116651739235
0.000000000000 540000000 0.999189323676 0.040099694499 0.003565102180 -0.497012814952 -0.040092248618 0.999193699342 -0.002136070161 -0.024099694889 -0.003647883396 0.001991405536 0.999991363588 -0.002324424251 0.000000000000 0.000000000000 0.000000000000 1.000000000000 -1.193922493126 -0.075726878998 0.012552444883 0.000579846067 0.017467252173 -0.118974359229
0.000000000000 550000000 0.999139805946 0.041300280783 0.003732958874 -0.508974947400 -0.041292477296 0.999144801816 -0.002143903839 -0.024253852923 -0.003818310285 0.001987916546 0.999990734304 -0.002109549841 0.000000000000 0.000000000000 0.000000000000 1.000000000000 -1.193067801153 -0.076008417633 0.013283489502 0.000096706674 0.016588652223 -0.121270149642
0.000000000000 560000000 0.999087885926 0.042523590268 0.003891075335 -0.520942655737 -0.042515468362 0.999093502251 -0.002146790629 -0.024386317746 -0.003978837330 0.001979401621 0.999990125363 -0.001890555102 0.000000000000 0.000000000000 0.000000000000 1.000000000000 -1.194903614619 -0.076610018917 0.013941636652 -0.000466170526 0.015530321319 -0.123539097515
0.000000000000 570000000 0.999033503799 0.043769345150 0.004037661778 -0.532942822142 -0.043760953121 0.999039730224 -0.002143925211 -0.024499842795 -0.004127622736 0.001965161188 0.999989550381 -0.001669311219 0.000000000000 0.000000000000 0.000000000000 1.000000000000 -1.199430324156 -0.077528078521 0.014529401692 -0.001109000913 0.014292357809 -0.125781189708
0.000000000000 580000000 0.998976600266 0.045037267432 0.004170930803 -0.545002336231 -0.045028662704 0.998983415006 -0.002134496980 -0.024597118923 -0.004262822608 0.001944501100 0.999989023569 -0.001447725396 0.000000000000 0.000000000000 0.000000000000 1.000000000000 -1.206648319542 -0.078758930450 0.015049274233 -0.001832004043 0.012874862403 -0.127996412917
0.000000000000 590000000 0.998917116377 0.046327079025 0.004289097490 -0.557148095159 -0.046318327964 0.998924485576 -0.002117689863 -0.024680771483 -0.004382590889 0.001916732828 0.999988559451 -0.001227742888 0.000000000000 0.000000000000 0.000000000000 1.000000000000 -1.216557989501 -0.080298846905 0.015503717884 -0.002635403643 0.011277938204 -0.130184753698
0.000000000000 600000000 0.998854993334 0.047638501853 0.004390379488 -0.569407003665 -0.047629679345 0.998862870632 -0.002092682151 -0.024753357499 -0.004485079301 0.001881173648 0.999988172555 -0.001011349504 0.000000000000 0.000000000000 0.000000000000 1.000000000000 -1.229159721538 -0.082144038133 0.015895169947 -0.003519427594 0.009501690727 -0.132346198487
0.000000000000 610000000 0.998789913593 0.048975966066 0.004479202147 -0.581718611362 -0.048967139625 0.998798266790 -0.002059488687 -0.024815796668 -0.004574684789 0.001837662811 0.999987847553 -0.000799462693 0.000000000000 0.000000000000 0.000000000000 1.000000000000 -1.226962060950 -0.084460975664 0.015724292487 -0.004269862580 0.008818604691 -0.135416330674
0.000000000000 620000000 0.998721536152 0.050343708676 0.004561164706 -0.594022662523 -0.050334926945 0.998730351039 -0.002020159010 -0.024866973766 -0.004657075925 0.001787990418 0.999987557290 -0.000592635807 0.000000000000 0.000000000000 0.000000000000 1.000000000000 -1.227486845373 -0.086763361836 0.015430657910 -0.004797055739 0.008132260743 -0.138430478252
0.000000000000 630000000 0.998649767131 0.051741162111 0.004636243446 -0.606346358425 -0.051732463794 0.998659022882 -0.001976918517 -0.024906296374 -0.004732314411 0.001734404920 0.999987298439 -0.000392338030 0.000000000000 0.000000000000 0.000000000000 1.000000000000 -1.230734107360 -0.089046752867 0.015014730950 -0.005101007192 0.007442355775 -0.141388659986
0.000000000000 640000000 0.998574512968 0.053167758918 0.004704408782 -0.618716898640 -0.053159171913 0.998584182655 -0.001931991810 -0.024933109912 -0.004800467874 0.001679155305 0.999987067889 -0.000200035758 0.000000000000 0.000000000000 0.000000000000 1.000000000000 -1.236703871239 -0.091306624140 0.014476967354 -0.005181718129 0.006748580266 -0.144290893075
0.000000000000 650000000 0.998495680588 0.054622931681 0.004765624937 -0.631161480781 -0.054614472374 0.998505731763 -0.001887602699 -0.024946693651 -0.004861610208 0.001624491051 0.999986862801 -0.000017193477 0.000000000000 0.000000000000 0.000000000000 1.000000000000 -1.245396152472 -0.093538370222 0.013817813932 -0.005039190850 0.006050618275 -0.147137193145
0.000000000000 660000000 0.998413177567 0.056106112952 0.004819849609 -0.643707300228 -0.056097785659 0.998423572850 -0.001845974203 -0.024946256844 -0.004915821904 0.001572662080 0.999986680626 0.000154725346 0.000000000000 0.000000000000 0.000000000000 1.000000000000 -1.256810957027 -0.095737304888 0.013037708745 -0.004673428813 0.005348147449 -0.149927574258
0.000000000000 670000000 0.998326912294 0.057616735173 0.004867033667 -0.656381549845 -0.057608531747 0.998337609930 -0.001809328543 -0.024930934972 -0.004963190362 0.001525918714 0.999986519066 0.000314257377 0.000000000000 0.000000000000 0.000000000000 1.000000000000 -1.270948280758 -0.097898661157 0.012137081410 -0.004084436678 0.004640839024 -0.152662048913
0.000000000000 680000000 0.998236794136 0.059154230597 0.004907120851 -0.669211419670 -0.059146130188 0.998247748450 -0.001779887137 -0.024899786126 -0.005003810195 0.001486511621 0.999986375991 0.000459938533 0.000000000000 0.000000000000 0.000000000000 1.000000000000 -1.287808108796 -0.100017591340 0.011116353548 -0.003272220349 0.003928357822 -0.155340628064
0.000000000000 690000000 0.998142733588 0.060718031222 0.004940047489 -0.682224096590 -0.060710000180 0.998153895316 -0.001759870601 -0.024851787490 -0.005037783522 0.001456691769 0.999986249299 0.000590303111 0.000000000000 0.000000000000 0.000000000000 1.000000000000 -1.307390414944 -0.102089167096 0.009975939365 -0.002236787017 0.003210362264 -0.157963321133
0.000000000000 700000000 0.998044642432 0.062307568702 0.004965742219 -0.695446763998 -0.062299560651 0.998055958849 -0.001751498735 -0.024785831968 -0.005065220240 0.001438710370 0.999986136732 0.000703882913 0.000000000000 0.000000000000 0.000000000000 1.000000000000 -1.329695161088 -0.104108379500 0.008716246379 -0.000978145206 0.002486504362 -0.160530136037
0.000000000000 710000000 0.997942082416 0.063927754903 0.004984204623 -0.708842089762 -0.063919766381 0.997953513277 -0.001746082241 -0.024681280240 -0.005085627632 0.001423899753 0.999986054353 0.000794882154 0.000000000000 0.000000000000 0.000000000000 1.000000000000 -1.341501417577 -0.103067949177 0.006452957413 -0.001722556845 0.001795568972 -0.164128790444
0.000000000000 720000000 0.997834603875 0.065583074979 0.004996357290 -0.722360945180 -0.065575153080 0.997846127787 -0.001733366434 -0.024522394919 -0.005099275276 0.001401976114 0.999986015830 0.000860015550 0.000000000000 0.000000000000 0.000000000000 1.000000000000 -1.354269399553 -0.102675989505 0.004344977374 -0.002478246299 0.001233916127 -0.167607683274
0.000000000000 730000000 0.997722105528 0.067272320059 0.005003508310 -0.736012828146 -0.067264510605 0.997733707195 -0.001713225124 -0.024315347684 -0.005107421524 0.001372764040 0.999986014784 0.000901602228 0.000000000000 0.000000000000 0.000000000000 1.000000000000 -1.368000305786 -0.102929286517 0.002390580197 -0.003244997251 0.000801566714 -0.170966817084
0.000000000000 740000000 0.997604490501 0.068994281032 0.005006966895 -0.749807254062 -0.068986628454 0.997616160687 -0.001685535950 -0.024066297496 -0.005111323432 0.001336084467 0.999986044528 0.000921993913 0.000000000000 0.000000000000 0.000000000000 1.000000000000 -1.382695348112 -0.103824573471 0.000588022584 -0.004022589492 0.000498542427 -0.174206195481
0.000000000000 750000000 0.997481666788 0.070747748536 0.005008043347 -0.763753757306 -0.070740295846 0.997493402208 -0.001650180623 -0.023781389681 -0.005112236761 0.001291754450 0.999986098106 0.000923575830 0.000000000000 0.000000000000 0.000000000000 1.000000000000 -1.398355750863 -0.105358530751 -0.001064456132 -0.004810798921 0.000324865725 -0.177325823114
0.000000000000 760000000 0.997353547683 0.072531512944 0.005008049014 -0.777861892591 -0.072524301800 0.997365350839 -0.001607045163 -0.023466755119 -0.005111415979 0.001239586937 0.999986168330 0.000908767747 0.000000000000 0.000000000000 0.000000000000 1.000000000000 -1.414982750332 -0.107527785792 -0.002568634129 -0.005609397537 0.000280559800 -0.180325705677
0.000000000000 770000000 0.997220052173 0.074344364359 0.005008296250 -0.792141236208 -0.074337435222 0.997231931160 -0.001556020112 -0.023128509534 -0.005110114267 0.001179390560 0.999986247790 0.000880025139 0.000000000000 0.000000000000 0.000000000000 1.000000000000 -1.432577594268 -0.110328913007 -0.003926307203 -0.006418153444 0.000365648544 -0.183205849909
0.000000000000 780000000 0.997081105317 0.076185092595 0.005010098372 -0.806601387165 -0.076178484992 0.997093073596 -0.001497000739 -0.022772752887 -0.005109583525 0.001110969448 0.999986328858 0.000839840488 0.000000000000 0.000000000000 0.000000000000 1.000000000000 -1.451141541408 -0.113758433725 -0.005139288877 -0.007236830841 0.000580156513 -0.185966263597
0.000000000000 790000000 0.996936638574 0.078052487172 0.005014769613 -0.821251968195 -0.078046240055 0.996948714747 -0.001429887222 -0.022405568874 -0.005111074375 0.001034123048 0.999986403662 0.000790744708 0.000000000000 0.000000000000 0.000000000000 1.000000000000 -1.470675861040 -0.117812816142 -0.006209410486 -0.008065190026 0.000924108899 -0.188606955579
0.000000000000 800000000 0.996786590116 0.079945337298 0.005023625070 -0.836102626674 -0.079939489520 0.996798797710 -0.001354584824 -0.022033024524 -0.005115836171 0.000948645964 0.999986464054 0.000735308704 0.000000000000 0.000000000000 0.000000000000 1.000000000000 -1.491181832606 -0.122488475282 -0.007138521248 -0.008902987393 0.001397531498 -0.191127935756
0.000000000000 810000000 0.996631934935 0.081849868254 0.005038386174 -0.851118690503 -0.081844477626 0.996644307378 -0.001267301637 -0.021655415980 -0.005125207370 0.000850669198 0.999986504215 0.000673848857 0.000000000000 0.000000000000 0.000000000000 1.000000000000 -1.503734937305 -0.124381372639 -0.008468823727 -0.010444010847 0.002030458405 -0.191058254611
0.000000000000 820000000 0.996473593375 0.083754315712 0.005058883840 -0.866261048962 -0.083749454512 0.996486161578 -0.001165612581 -0.021267478195 -0.005138732824 0.000737823395 0.999986524430 0.000605083458 0.000000000000 0.000000000000 0.000000000000 1.000000000000 -1.516586495396 -0.126223180715 -0.009659658167 -0.011791251028 0.002508672346 -0.191170597535
0.000000000000 830000000 0.996311416503 0.085660483489 0.005083592700 -0.881532703052 -0.085656217333 0.996324197657 -0.001051472710 -0.020866873700 -0.005154976079 0.000612152944 0.999986525654 0.000529184229 0.000000000000 0.000000000000 0.000000000000 1.000000000000 -1.529736196122 -0.128016080173 -0.010708438922 -0.012945008482 0.002831783314 -0.191464951700
0.000000000000 840000000 0.996145241628 0.087570174494 0.005110980404 -0.896936643657 -0.087566561782 0.996158239559 -0.000926831284 -0.020451197339 -0.005172508019 0.000475707592 0.999986509341 0.000446277989 0.000000000000 0.000000000000 0.000000000000 1.000000000000 -1.543183731966 -0.129762275131 -0.011612548467 -0.013905585790 0.002999399400 -0.191941303038
0.000000000000 850000000 0.995974892300 0.089485190782 0.005139507716 -0.912475851203 -0.089482281912 0.995988098007 -0.000793631758 -0.020017974995 -0.005189906804 0.000330542426 0.999986477713 0.000356445574 0.000000000000 0.000000000000 0.000000000000 1.000000000000 -1.556928798697 -0.131463993001 -0.012369337072 -0.014673287573 0.003011126808 -0.192599636220
0.000000000000 860000000 0.995800178240 0.091407333575 0.005167628574 -0.928153295266 -0.091405169994 0.995813570619 -0.000653811735 -0.019564662273 -0.005205757849 0.000178717874 0.999986433981 0.000259720749 0.000000000000 0.000000000000 0.000000000000 1.000000000000 -1.570971095464 -0.133123484364 -0.012976122489 -0.015248420501 0.002866569867 -0.193439934647
0.000000000000 870000000 0.995620895232 0.093338403248 0.005193790115 -0.943971934128 -0.093337016391 0.995634441942 -0.000509302899 -0.019088643122 -0.005218653842 0.000022299735 0.999986382485 0.000156089119 0.000000000000 0.000000000000 0.000000000000 1.000000000000 -1.585310324940 -0.134743022879 -0.013430189659 -0.015631293314 0.002565331049 -0.194462180434
0.000000000000 880000000 0.995436824945 0.095280199277 0.005216432663 -0.959934714291 -0.095279609459 0.995450483427 -0.000362030913 -0.018587228424 -0.005227194793 -0.000136640764 0.999986328788 0.000045487034 0.000000000000 0.000000000000 0.000000000000 1.000000000000 -1.599946193519 -0.136324905236 -0.013728790428 -0.015822216840 0.002107010987 -0.195666354424
0.000000000000 890000000 0.995247734709 0.097234520153 0.005233989686 -0.976044569932 -0.097234735468 0.995261453317 -0.000213915294 -0.018057654518 -0.005229988133 -0.000296026891 0.999986279702 -0.000072199509 0.000000000000 0.000000000000 0.000000000000 1.000000000000 -1.614878411566 -0.137871451143 -0.013869143285 -0.015821504023 0.001491208503 -0.197052436187
0.000000000000 900000000 0.995053377238 0.099203163255 0.005244887718 -0.992304422304 -0.099204178547 0.995067096475 -0.000066869250 -0.017497081679 -0.005225648834 -0.000453776304 0.999986243246 -0.000197135962 0.000000000000 0.000000000000 0.000000000000 1.000000000000 -1.630106693726 -0.139385003354 -0.013848433115 -0.015629469955 0.000717520635 -0.198620404047
0.000000000000 910000000 0.994852474837 0.101197420070 0.005256946080 -1.008689016031 -0.101199211111 0.994866178953 0.000075138684 -0.016895706569 -0.005222354018 -0.000606750702 0.999986179341 -0.000321213677 0.000000000000 0.000000000000 0.000000000000 1.000000000000 -1.639944974549 -0.141422959016 -0.013922383215 -0.014844356039 0.001676565044 -0.202213016130
0.000000000000 920000000 0.994643932557 0.103225897184 0.005278406714 -1.025172172614 -0.103228425554 0.994657654097 0.000208094870 -0.016246822196 -0.005228726860 -0.000751861914 0.999986047462 -0.000437306106 0.000000000000 0.000000000000 0.000000000000 1.000000000000 -1.649953596704 -0.143548809189 -0.014097285545 -0.013862564499 0.002541779772 -0.205584597607
0.000000000000 930000000 0.994427776760 0.105286364601 0.005308317663 -1.041755424128 -0.105289584458 0.994441549056 0.000330025504 -0.015552217619 -0.005244064454 -0.000887097089 0.999985856323 -0.000547108848 0.000000000000 0.000000000000 0.000000000000 1.000000000000 -1.660133062487 -0.145758611233 -0.014371295078 -0.012684282801 0.003312795864 -0.208735139136
0.000000000000 940000000 0.994204048694 0.107376593670 0.005345717263 -1.058440310939 -0.107380450614 0.994217906769 0.000438959982 -0.014813738860 -0.005267673800 -0.001010441320 0.999985615207 -0.000652341278 0.000000000000 0.000000000000 0.000000000000 1.000000000000 -1.670483872147 -0.148048392022 -0.014742545389 -0.011309700748 0.003989236077 -0.211664633955
0.000000000000 950000000 0.993972805249 0.109494357260 0.005389633981 -1.075228382712 -0.109498787124 0.993986786433 0.000532931172 -0.014033289689 -0.005298872004 -0.001119877476 0.999985333807 -0.000754746750 0.000000000000 0.000000000000 0.000000000000 1.000000000000 -1.681006523235 -0.150414148015 -0.015209148213 -0.009739010534 0.004570714912 -0.214373077903
0.000000000000 960000000 0.993734119664 0.111637429903 0.005439086295 -1.092121199360 -0.111642357511 0.993748263867 0.000609975661 -0.013212832404 -0.005336986447 -0.001213386043 0.999985022023 -0.000856092855 0.000000000000 0.000000000000 0.000000000000 1.000000000000 -1.691701510019 -0.152851845360 -0.015769192945 -0.007972406795 0.005056838638 -0.216860469444
0.000000000000 970000000 0.993488082172 0.113803587931 0.005493082621 -1.109120331947 -0.113808925846 0.993502431801 0.000668133992 -0.012354388605 -0.005381354896 -0.001288944991 0.999984689703 -0.000958171749 0.000000000000 0.000000000000 0.000000000000 1.000000000000 -1.702569322970 -0.155357420036 -0.016420746077 -0.006010086657 0.005447205325 -0.219126809704
0.000000000000 980000000 0.993234800584 0.115990609590 0.005550621279 -1.126227363525 -0.115996256888 0.993249400064 0.000705450870 -0.011460039956 -0.005431325579 -0.001344529646 0.999984346349 -0.001062800537 0.000000000000 0.000000000000 0.000000000000 1.000000000000 -1.713610448313 -0.157926778034 -0.017161850584 -0.003852249772 0.005741404858 -0.221172102502
0.000000000000 990000000 0.992974400827 0.118196275130 0.005610690513 -1.143443889922 -0.118202116244 0.992989295688 0.000719975361 -0.010531928948 -0.005486257215 -0.001378112595 0.999984000766 -0.001171821731 0.000000000000 0.000000000000 0.000000000000 1.000000000000 -1.724825367655 -0.160555795570 -0.017990525242 -0.001499098357 0.005939018970 -0.222996354403
0.000000000000 1000000000 0.992707027419 0.120418366885 0.005672268541 -1.160771520464 -0.120424270531 0.992722262925 0.000709761054 -0.009572259650 -0.005545518995 -0.001387663587 0.999983660671 -0.001287103765 0.000000000000 0.000000000000 0.000000000000 1.000000000000 -1.736214557681 -0.163240319341 -0.018904763889 0.001049162777 0.006039621249 -0.224599574771
0.000000000000 1010000000 0.992432190800 0.122660070905 0.005731812104 -1.178183545115 -0.122665849514 0.992447804813 0.000666396882 -0.008587796992 -0.005606784052 -0.001364451319 0.999983350984 -0.001411982376 0.000000000000 0.000000000000 0.000000000000 1.000000000000 -1.742133535480 -0.168148561493 -0.019635192848 0.005031786175 0.005605098787 -0.227079795651
0.000000000000 1020000000 0.992149306744 0.124924971098 0.005788326493 -1.195654531395 -0.124930393312 0.992165337253 0.000583421731 -0.007584710660 -0.005670092965 -0.001301979371 0.999983077305 -0.001548639066 0.000000000000 0.000000000000 0.000000000000 1.000000000000 -1.748416375415 -0.173103262582 -0.020718022543 0.008917846350 0.005459384682 -0.229400243024
0.000000000000 1030000000 0.991858401128 0.127211448715 0.005844606685 -1.213188023762 -0.127216285144 0.991874893082 0.000461808177 -0.006564384045 -0.005738371343 -0.001201577471 0.999982813505 -0.001697155104 0.000000000000 0.000000000000 0.000000000000 1.000000000000 -1.755063409799 -0.178100758317 -0.022158443871 0.012708011657 0.005602686660 -0.231560891671
0.000000000000 1040000000 0.991559512294 0.129517886253 0.005903449806 -1.230787578111 -0.129521908157 0.991576514340 0.000302515961 -0.005528234683 -0.005814540953 -0.001064588662 0.999982528730 -0.001857510503 0.000000000000 0.000000000000 0.000000000000 1.000000000000 -1.762074965511 -0.183137348578 -0.023961675394 0.016402957482 0.006035206376 -0.233561705447
0.000000000000 1050000000 0.991252691276 0.131842668081 0.005967655490 -1.248456762278 -0.131845645016 0.991270253034 0.000106491679 -0.004477714410 -0.005901519221 -0.000892369551 0.999982187715 -0.002029583375 0.000000000000 0.000000000000 0.000000000000 1.000000000000 -1.769451363707 -0.188209296489 -0.026132962502 0.020003366262 0.006757139336 -0.235402637256
0.000000000000 1060000000 0.990938001916 0.134184181042 0.006040026221 -1.266199156521 -0.134185877530 0.990956171868 -0.000125331463 -0.003414309593 -0.006002218762 -0.000686290509 0.999981751021 -0.002213149171 0.000000000000 0.000000000000 0.000000000000 1.000000000000 -1.777192919662 -0.193312827547 -0.028677576578 0.023509927496 0.007768674826 -0.237083629044
0.000000000000 1070000000 0.990615520879 0.136540815008 0.006123367645 -1.284018353975 -0.136540986300 0.990634344937 -0.000392033871 -0.002339541423 -0.006119546921 -0.000447735820 0.999981175162 -0.002407879806 0.000000000000 0.000000000000 0.000000000000 1.000000000000 -1.785299942755 -0.198444128781 -0.031600814181 0.026923337756 0.009069995842 -0.238604611806
0.000000000000 1080000000 0.990285337549 0.138910963405 0.006220488881 -1.301917961073 -0.138909350399 0.990304858377 -0.000692709727 -0.001254966293 -0.006256405336 -0.000178103784 0.999980412644 -0.002613342663 0.000000000000 0.000000000000 0.000000000000 1.000000000000 -1.793772736584 -0.203599347969 -0.034907996226 0.030244300699 0.010661279027 -0.239965505607
