1 0 0 0 0 1 0 0 0 0 1 0
0.9999999987645390442 -9.622649344675735621e-07 -4.969905318171334596e-05 0.008347668263747689416 9.611141259400738946e-07 0.9999999997314481526 -2.315556097804872342e-05 -0.03446227443043675676 4.96990754501509417e-05 2.315551318297887385e-05 0.9999999984969120126 -0.001397247692830736257
0.9999999971768656071 -4.900511473954129605e-05 5.696286161845011842e-05 0.02571027605929249171 4.900457007022068437e-05 0.9999999987535487245 9.563188525549754838e-06 -0.0862005221709505054 -5.696333019259965867e-05 -9.560397058008007109e-06 0.9999999983318889063 0.0008039850252447929176
0.9999999902095001447 -7.928449235428311188e-05 0.0001153038108896340758 0.01911829746119708684 7.929036176963841079e-05 0.9999999955611023061 -5.090023437637090166e-05 -0.1287999734995585177 -0.0001152997747785690147 5.09093763589110195e-05 0.9999999920570986633 0.0006838298267746051057
0.9999999864186858156 -0.0001647118049406139757 5.713971479534441616e-06 0.02685821261042860633 0.0001647128050720118679 0.9999999710389398944 -0.0001754759563654195525 -0.1413412995022009788 -5.685068352555141551e-06 0.0001754768951464959746 0.9999999845877695082 -0.002423252813692182948
0.9999999738655991344 -0.000107387119742274046 0.0002018336133979408971 0.03774237790236364271 0.0001073975365154331024 0.9999999929015753741 -5.160056589600921847e-05 -0.1513808335060888854 -0.0002018280707290915352 5.162224098032429267e-05 0.9999999783002868625 0.002063536173189375097
0.999999948391375737 -0.0003208454453238987914 1.659657140801636393e-05 0.02345840399807479562 0.0003208455872192101017 0.9999999484925214954 -8.547720388882730486e-06 -0.1320958728097276214 -1.65938280560141433e-05 8.553044884445870386e-06 0.9999999998257451672 -0.00184048040522895545
0.9999999817185279971 -0.0001786796641590725752 -6.809200538030926026e-05 0.03163811548879737201 0.0001786739042150462778 0.9999999804603119102 -8.458730318181349836e-05 -0.1211552750250737276 6.810711808073735747e-05 8.457513537098595524e-05 0.9999999941042334584 -0.001636044105630940753
0.9999999598249114108 0.0002787977752154388871 -5.120523489527706599e-05 0.03723432371879021457 -0.0002788006703424773282 0.9999999595366365623 -5.65412364267462426e-05 -0.1021176179722063371 5.118946925241732627e-05 5.655551020901091413e-05 0.999999997090556203 -0.002716793943060814669
0.9999999856966167444 0.0001639308195140971652 4.163475404897351112e-05 0.03238015311930063367 -0.0001639288211670322467 0.9999999854118641895 -4.7995968806779182e-05 -0.07366906576721490851 -4.164262146009993249e-05 4.798914298412361624e-05 0.9999999979814671036 -0.0002223591468177376176
0.9999999918802450205 0.0001273297072232046411 5.16291007806407092e-06 0.02581245611613055407 -0.000127329907495454651 0.9999999911404851005 3.880881881395901718e-05 -0.06107551125604687714 -5.157968516785932364e-06 -3.880947589170356072e-05 0.9999999992336099375 -0.002292211690209498658
0.9999998045536521163 0.0006249550905409831944 -1.799422990841014784e-05 0.02261594126124275711 -0.0006249539604528845738 0.9999998027480951901 6.274008343279399778e-05 -0.05224422153053435991 1.803343609353631454e-05 -6.272882560522726348e-05 0.9999999978699447567 -0.005605864692232549393
0.9999998434115926482 0.0005488192373243486275 -0.0001094268474404994258 0.03383432176267264779 -0.0005488265331749738775 0.9999998471732994831 -6.66544377020982827e-05 -0.05894615603579449192 0.0001093902494794914354 6.671448362210308366e-05 0.9999999917914754732 -0.004058407197464298372
0.9999999613631028739 0.0002777346283729309668 -1.171618117893244168e-05 0.029377431223757626 -0.0002777348585613084405 0.9999999612386122338 -1.964999861708037609e-05 -0.06897338935639976687 1.17107232397335573e-05 1.965325184978801304e-05 0.9999999997383043349 -0.002436731742950766152
0.9999999938040911029 9.918946778883676188e-05 5.052986504814635873e-05 0.04132275280458780342 -9.918649042968963867e-05 0.999999993345127236 -5.892185940867205549e-05 -0.07135308988633215499 -5.053570913975241586e-05 5.891684716362157126e-05 0.9999999969874736605 -0.0001930309692742070799
0.999999870357552445 0.0005082596031254968654 3.093629220211872611e-05 0.02606752126634524422 -0.0005082590899305665204 0.9999998706986538144 -1.659436846960533947e-05 -0.07746112568497770523 -3.094472244914698135e-05 1.657864266655032022e-05 0.9999999993837863643 -0.002219998242610578699
0.9999998842655047904 0.0004720257294606384265 -9.306281661895782339e-05 0.03346416277104329734 -0.0004720292239025093836 0.9999998878899156729 -3.753089341417021479e-05 -0.06769776561354132194 9.304509063833646409e-05 3.757481743965403485e-05 0.9999999949653720632 -0.008474086583020387642
0.9999999523553028125 0.0002881770744432122578 -0.000110649743749011533 0.04237973848528665127 -0.0002881801524305350679 0.9999999580896107298 -2.780245643498791182e-05 -0.07635660693655305087 0.000110641727081079927 2.783434217036828391e-05 0.9999999934918287758 -0.00765226337198390838
0.9999999002593707997 0.0004453647858431088072 -3.363712169446711529e-05 0.03578030329664974585 -0.0004453686004441518328 0.9999998943842854926 -0.0001134822786969234853 -0.06438234644074153357 3.358657713110962614e-05 0.0001134972482959416425 0.9999999929951581823 -0.004014026612835609048
0.9999997337038410983 0.0007215309024815661073 -0.0001094778684378374257 0.02511436918575444058 -0.0007215357162812306539 0.9999997387278232175 -4.393740481977831516e-05 -0.04753835983932926113 0.0001094461376389641049 4.401638531163641805e-05 0.9999999930420503391 -0.007622251282466898856
0.9999996634831711528 0.0007922257999027415088 -0.000213100507928541894 0.01848443402937640506 -0.0007922244047363076296 0.9999996861682097782 6.631319892513723884e-06 -0.03121117914843556107 0.000213105694553534261 -6.462494237920289139e-06 0.9999999772720993274 -0.01352198373092050251
0.9999999263657879389 0.0003829287020313184306 2.517991183468868145e-05 0.03205087817809607748 -0.0003829307370190102966 0.9999999234126254466 8.086280865758929497e-05 -0.01842497632384348591 -2.514894521586348583e-05 -8.087244486551701758e-05 0.999999996413589054 -0.002631000578227992923
0.999999213842305501 0.001253804987612347661 1.696537341210371911e-05 0.03338187639217377045 -0.001253804569444901028 0.9999992136832627221 -2.46365169318004411e-05 -0.02373266746529460736 -1.699624945975313506e-05 2.461522630090665425e-05 0.9999999995526090979 -0.001880517341021797342
0.9999997891574505804 0.0006469698707891947172 5.58125492538969964e-05 0.006933507046745648363 -0.0006469687714383601761 0.9999997905213812155 -1.971300432317680171e-05 -0.005962446117858549027 -5.582529128222110285e-05 1.967689119041507667e-05 0.9999999982481784233 0.001989196606475751063
0.9999997522654932025 0.0007030666265182509284 3.415070774007629179e-05 0.008657993227758446764 -0.0007030595829969981357 0.9999997316717827989 -0.0002058241606852071511 -0.001007771735596150586 -3.429540667478666297e-05 0.0002058000997131174167 0.9999999782350718069 0.00406431745221580952
0.9999994921856814045 0.001007616906607539066 1.834526440636309103e-05 0.03989812138622281928 -0.001007616392005410144 0.9999994919613921507 -2.80386185000584759e-05 0.01099950829799229042 -1.837350727229908188e-05 2.80201192725150071e-05 0.9999999994386435942 0.00129771253743724219
0.9999997887519430639 0.0006498316929715650244 -1.465742495432952985e-05 0.03780397727752778797 -0.000649833320889003788 0.9999997826606310536 -0.000111334387011451452 0.008973366063905445153 1.458507315549643801e-05 0.0001113438883754122767 0.9999999936949071078 -0.0001510598033840275349
0.999999890723221263 0.000447754538056829366 0.0001344225394939206554 0.03524532796007894681 -0.0004477501440377831257 0.9999998992247168816 -3.271642661907173772e-05 0.01435578438145324737 -0.0001344371748759388985 3.265623533250570053e-05 0.9999999904301081211 0.002966594401761025838
0.9999996019426614646 0.0008922239093168473365 -7.142428073749565803e-06 0.02391536766444198048 -0.0008922248372434027006 0.9999995933886678401 -0.0001309860252013761515 0.008500593878351229288 7.025556306086325171e-06 0.0001309923457131532227 0.9999999913958234066 0.001561060827085785675
0.999999963041446116 0.0002548447585211455267 -9.471671196423297686e-05 0.02517168011926164059 -0.0002548653045025798419 0.9999999439834968973 -0.000216971610048828287 -0.04073422701967210902 9.466141258096514069e-05 0.0002169957420335076018 0.999999971976032076 -0.0006402988508655447705
0.999999916971635594 0.0004074721848112954764 -4.810448696558618407e-06 0.04787488875127646898 -0.0004074729744023982097 0.9999999033213192723 -0.0001652970879774219646 -0.03875301664061567286 4.743094265909679725e-06 0.0001652990343809137154 0.9999999863268660416 0.003198797937469169753
0.9999999902463879708 7.477806905044305161e-05 -0.0001179638260972275932 0.02751816348600114731 -7.481755615255887342e-05 0.9999999411656265158 -0.0003347701850795135859 -0.07742868208193667834 0.000117938785688883875 0.0003347790075794781161 0.9999999370067275128 0.002568536651268029259
0.9999999431486866763 -0.0003231740179299213479 9.62350124446848253e-05 0.02218962899134041544 0.0003231747551869136202 0.9999999477498101585 -7.645554025542469225e-06 -0.1051051514197251235 -9.623253657197342677e-05 7.676654317469903285e-06 0.9999999953401839115 -0.0003230295057537250461
0.9999998909518460488 -0.000434792366294315931 -0.000170446162302579973 0.01599687476964038735 0.000434787853503048737 0.9999999051283002816 -2.651250417220803399e-05 -0.09433500768044834894 0.0001704576735664882546 2.643839336002302452e-05 0.9999999851225963576 -0.008835351835791248679
0.9999999299207391612 -0.0003043632988352640832 -0.0002179942640287787939 0.02545738688541195061 0.0003043170136970802745 0.9999999311547408398 -0.0002123244422564430375 -0.1108827225259056137 0.0002180588727885757108 0.0002122580880134707245 0.9999999536984149895 -0.006173092047147780287
0.9999994542182003565 -0.001036014121355443738 -0.0001350482940562413507 0.02235155236955400915 0.001035994150837839765 0.9999994524261718309 -0.000147863031347391673 -0.09926978470311076386 0.0001352014082958322789 0.0001477230414037174449 0.9999999799492409469 -0.002332284623121135859
0.9999997814971862686 -0.0006075532218154744511 -0.0002605468524352737444 0.03866479174590688878 0.0006075053670734431935 0.9999997985938723355 -0.0001837102167007416485 -0.1170619320199028229 0.0002606584136935781297 0.0001835518929483138744 0.9999999491829456577 -0.00846560870083538225
0.999999974411328596 -0.0002078003125376007352 -8.942243773471902197e-05 0.03584310373750196344 0.0002077804455532180109 0.9999999537445541931 -0.0002221219843180808294 -0.1035531675960497389 8.946859061620706895e-05 0.0002221033984003193784 0.9999999713327254458 0.001131867920892293353
0.9999993518700730499 -0.00113728278490796619 -5.336010612767833869e-05 0.02842365357403196097 0.001137286088128100026 0.9999993513732421402 6.191485118835412529e-05 -0.1058905934163917595 5.328965682249904996e-05 -6.197549676584620691e-05 0.9999999966596251344 -0.006122631013466578453
0.9999993305336758453 -0.001152958623223213422 -9.807452922590373812e-05 0.007861652421787403838 0.001152954578749246966 0.9999993344954091201 -4.128532663300811165e-05 -0.1279377980090005695 9.812206423020841195e-05 4.117222351634256515e-05 0.9999999943384542123 -0.008707351548042323655
0.9999990338811358681 -0.001382873148214659037 -0.0001410625776712292505 0.0144548337869922737 0.00138286133047520036 0.9999990403322592813 -8.383973497390857853e-05 -0.1056458668487908759 0.0001411783820162728861 8.364458399092036074e-05 0.9999999865361238749 -0.004868028869097082434
0.9999997316172934969 -0.000731850077956031856 3.407058070286120809e-05 0.02449235694364703189 0.0007318536538685434852 0.9999997266760516368 -0.0001050621306188010719 -0.06908401045409486019 -3.399368166207197416e-05 0.0001050870371009189136 0.9999999939005721483 -0.002235321306214303663
0.9999999917075056421 -0.0001073922941954018497 -7.107660496304315644e-05 0.01940180560775944807 0.0001073868605912554355 0.9999999913119931305 -7.644655550423487588e-05 -0.067810119734050045 7.10848141165080664e-05 7.643892217683377188e-05 0.999999994552020155 -0.003485438662404206564
0.9999999851818289764 -0.0001632851926779251754 -5.453703048281117723e-05 0.01617791177972813937 0.0001632797338469189213 0.9999999816615120496 -0.0001000834856870217799 -0.0546727985360427049 5.455337163392878102e-05 0.0001000745794121455458 0.9999999935045040811 0.002129080296045947947
0.9999992938132666875 0.001177344843282688127 -0.0001619632301379554261 0.009987014686642928935 -0.00117733998985624852 0.9999993064832828349 3.005830389001051949e-05 -0.04166986688588449061 0.0001619985068028304725 -2.986759687550738027e-05 0.9999999864322051124 -0.00486560123890771197
0.9999995587882001269 0.0009367539005499469183 -7.011087526258187195e-05 0.02551127697290699742 -0.0009367530628986019299 0.9999995611750002178 1.197940856535107278e-05 -0.03879783598505129327 7.012206625387692744e-05 -1.191372670274993295e-05 0.999999997470479518 -0.0001413484100946755737
0.9999997876441060196 0.0006471634201634973889 -7.675448175900488536e-05 0.02549133330135708309 -0.0006471649402512375318 0.9999997903930969434 -1.978136437381175177e-05 -0.02823419964997520709 7.674166389531201897e-05 1.983103298272401491e-05 0.9999999968587235388 0.0002094603706147594123
0.9999996531741027761 0.0008218687218864969895 -0.0001348461279819768936 0.01920496045915523475 -0.0008218780602890445432 0.9999996598630537248 -6.921149319500467779e-05 -0.04446792842445498189 0.0001347891993543746828 6.932229626476976779e-05 0.9999999885131454214 0.0003124205396357136039
0.9999997606660994132 0.0006862005272506533846 -8.829824663255845217e-05 0.01437009442494686755 -0.0006862129621400888009 0.9999997546329549847 -0.0001408751235793065056 -0.04272112337048713376 8.82015563830019719e-05 0.0001409356812644871977 0.9999999861788094746 0.00319905895470883701
0.9999997931057431622 0.0006411064931729007488 5.263967312775531262e-05 0.00459557872053449612 -0.0006411073975223264979 0.9999997943433139858 1.716492087179867306e-05 -0.02629255904454163087 -5.262865775982887464e-05 -1.719866500432048749e-05 0.999999998467215101 0.002357572039210780943
0.9999996291170382134 0.0008604960221392137301 -3.622681296358222405e-05 0.01805893058579973939 -0.0008604960847123589631 0.9999996297717106408 -1.711709476689761506e-06 -0.02394458093877746552 3.622532663219547942e-05 1.742881872562650279e-06 0.9999999993423440703 -0.0005409024382323145922
0.9999996853786941031 0.0007932311559122482087 -5.181315486933187534e-06 0.02423798492711350464 -0.0007932311256007842579 0.9999996853750323655 5.849585843009609026e-06 -0.01722219059026393329 5.18595393050182927e-06 -5.84547402188947933e-06 0.9999999999694682007 0.005359208766133265189
0.9999999814504619833 -0.0001773463740696926399 7.514878047515304526e-05 0.02034097169749365941 0.000177347693461850207 0.9999999841198830008 -1.755076679391553662e-05 -0.01721474682309273932 -7.514566671692857289e-05 1.756409393124066091e-05 0.9999999970223156787 0.003916707102402062698
0.9999999786072200081 0.0001806867061993750986 -0.0001006870091154180897 0.02966518837274754322 -0.0001806874279748097931 0.9999999836503976613 -7.159455727233645395e-06 -0.02100299031435273744 0.0001006857138507519906 7.177648450780525504e-06 0.9999999949054342308 -0.0009579779515440587636
0.9999984612880026269 0.001752490695180814384 -7.872731628123177548e-05 0.04455867517002465306 -0.001752504237721809683 0.9999984495230558323 -0.0001722799500590069786 -0.02241024639323038053 7.842527520689837617e-05 0.000172417654925188259 0.9999999820608140855 0.00253454034681626153
0.9999999958925498422 3.585892085282679954e-05 8.324084369211598997e-05 0.06286293840009654632 -3.584659589364877155e-05 0.999999988396538142 -0.0001480606128175923956 -0.04989887595637053364 -8.324615202003048402e-05 0.000148057628308555136 0.9999999855745083099 0.01021448413081630507
0.9999999989142677181 4.103380244567070729e-05 -2.208374019358355192e-05 0.0294937502375507074 -4.103510030039724253e-05 0.9999999974309595752 -5.877245337600905012e-05 -0.06195490978727605236 2.208132847960845373e-05 5.877335952069175583e-05 0.9999999980290535939 7.269657374215233569e-05
0.9999999820179849008 0.000152901723588160952 -0.0001121833000922752141 0.02931754254131465134 -0.0001529347255828985023 0.9999999450199449358 -0.0002942296329402505225 -0.08153785995402909603 0.0001121383057064239232 0.0002942467843716233857 0.999999950421913919 0.003248489937008517889
0.99999999047432786 -0.0001351902955992179123 2.783753171665716896e-05 0.02045819503228032618 0.0001351931330926468258 0.9999999856641139662 -0.0001019538558592567067 -0.07556065790454845332 -2.782374814567039242e-05 0.0001019576183312080397 0.9999999944152415665 0.008301037892850048061
0.9999997508894323817 -0.000705845764696301373 1.682165469739783921e-06 0.04202249475664833478 0.0007058460987067569515 0.9999997293414313315 -0.0002076014184506370084 -0.09369023290493329326 -1.535630432488959112e-06 0.0002076025540848640185 0.9999999784494104649 0.006350513788413841496
0.9999999795813944159 -0.0001973397763956782056 -4.352267646659290699e-05 0.05518865524331914574 0.0001973300035489270311 0.9999999553446322631 -0.0002244361897616990883 -0.1045014688741834064 4.356696471057445509e-05 0.0002244275968491234261 0.9999999738670863891 0.002394215291619197425
0.9999998415832807019 -0.0005510482124128695744 -0.0001148010499744349914 0.06729211532579756905 0.0005510325822666124404 0.9999998389148889721 -0.0001361370246352256775 -0.09281497305359001637 0.0001148760495457635584 0.0001360737439498305146 0.9999999841437146042 0.003202963635629755505
0.9999999856210087801 -0.0001619950813553202771 5.015551571576620381e-05 0.04504241649842984085 0.0001620001606834164498 0.9999999817487412734 -0.0001012840809019968272 -0.07830860559957709965 -5.013910727743919248e-05 0.0001012922046472390338 0.9999999936129795319 0.00967828637291973104
0.9999997462980921847 -0.0007123217666062572331 -1.205052130143292886e-06 0.01810087191323208819 0.0007123217119341618232 0.9999997452963702571 -4.477692860230458801e-05 -0.04950807391502384108 1.23694740409733719e-06 4.47760588575160556e-05 0.9999999989967872649 0.005185038941259718925
0.9999999128409206017 -0.0004130540065052994386 -6.086492398890903829e-05 0.01674594362138719442 0.0004130550306781770212 0.9999999145513888132 1.68153709138796215e-05 -0.03517058286904855419 6.085797313175896859e-05 -1.684051001131283632e-05 0.9999999980063521976 0.004508885991296823943
0.9999997813650436385 0.0006413485739959186391 -0.0001610648057702385519 0.01035015992042585646 -0.0006413235147901139238 0.9999997822482229459 0.0001555880977962628567 -0.03789538839502192002 0.0001611645569027432578 -0.0001554847691319203207 0.9999999749252357351 0.009502588476457980021
0.999999745233422721 0.0006033453550379401596 -0.0003814544168684321185 0.01568310423948342247 -0.0006033445948549995838 0.9999998179854117097 2.107925052166301367e-06 -0.0279189216113979316 0.0003814556192449524612 -1.87777605453631649e-06 0.9999999272440396325 0.02355674893123415811
0.9999996568432459876 0.0005247566222726684267 -0.0006410490447257953138 0.01191159083146121379 -0.0005244759792930053528 0.9999997665944196923 0.0004378767558008626166 -0.01806732201935094817 0.000641278673828716791 -0.0004375403907149889968 0.9999996986599890558 0.03090969258847896944
0.9999991214515553395 -0.0003230733423372672054 -0.001285581476550024752 0.0528771615787235888 0.0003239850930428709837 0.9999996961283145192 0.000709067654188326197 -0.06227133032279151548 0.001285352005041232645 -0.0007094835404723357332 0.9999989222510836662 0.01620647902269448798
0.9999985726422608856 0.001316827560750775906 -0.001058621091823886426 0.07722894420705386787 -0.00131618116792926146 0.999998947133521443 0.0006110638114902136901 -0.07515657244758171263 0.001059424642905573179 -0.0006096696021385219523 0.9999992529609220693 0.01386463412094946814
0.9999982701060361467 0.001795850138967191581 -0.0004844659054181286052 0.09313146992913864941 -0.001795567378575524311 0.9999982177552296791 0.0005834587845245393228 -0.09888223356259831509 0.0004855128465205722907 -0.000582587884026908938 0.999999712434275323 0.01599516517638084612
0.9999969169033151584 0.002430642327279708328 -0.0005080961926568357788 0.1171452615537511011 -0.002430377157835041969 0.9999969104618987581 0.0005218558496910547092 -0.1079550111536649315 0.000509363067791286997 -0.0005206193753783984468 0.9999997347523303937 0.007949793195695442627
0.9999918834536934975 0.004027072254982244984 -0.0001253626252645520045 0.1556355693272694074 -0.004027081401263747987 0.9999918886254682837 -7.279187187407165258e-05 -0.1059958080245204937 0.0001250684702737338977 7.329612655208932138e-05 0.9999999894927776856 0.003658994654638130211
0.9999828704540971724 0.00585247133175245942 8.589351133260621999e-05 0.193913062886838794 -0.005852449744934369417 0.9999828431545866314 -0.0002494563137812217681 -0.09474369057065916422 -8.735197359583952558e-05 0.0002489493532493540755 0.9999999651969254666 -0.006968817372563358183
0.9999703998881575018 0.007683543585324626585 0.0004031196978998588488 0.2366754016937386018 -0.00768318556767547383 0.9999700946790370804 -0.0008822738409054397234 -0.09824320168168432232 -0.0004098866319866953834 0.0008791504820561233009 0.9999995295435787357 -0.007990925749334120212
0.9999412857402942834 0.01082933919823698965 0.0003879234160129352879 0.26070330259610075 -0.0108288599465970227 0.9999406256748332167 -0.001216929447421488371 -0.1225448370949827059 -0.0004010789250883435185 0.001212657227967859448 0.9999991842987390189 -0.009303825480261439934
0.9998963421444126976 0.01439805372159768011 3.186304528132186061e-05 0.3207209999424054936 -0.01439802404270835827 0.9998960305567418105 -0.0007905571053917482801 -0.1474096889068297611 -4.324221617166459756e-05 0.0007900163930454496414 0.9999996870020557704 -0.01957520352302842548
0.999816524523304051 0.01914677382685194343 -0.0005642181890344806798 0.3667547672249062418 -0.01914702873703677533 0.9998165776142895478 -0.0004499090935129674619 -0.1555687268786823396 0.0005555003911320500381 0.0004606296481069673964 0.9999997396197874977 -0.0114881860900348954
0.9997102070774154248 0.02403345503181520196 -0.001376555289419267424 0.4641579924352681186 -0.02403344491543966607 0.9997111547615327165 2.389265999778434108e-05 -0.1360685647356940364 0.001376731901148079079 9.197629647299797475e-06 0.9999990522618888988 0.008799775164934105567
0.9995233392985011234 0.03075445734907555559 -0.002693984175383979003 0.5793028805069673215 -0.03075170834492813032 0.9995264965671160073 0.0010559801776595316 -0.1162213404263215677 0.00272518466196409884 -0.0009726322177600197271 0.9999958136688008592 -0.006148381214638830652
0.9992489976041870614 0.03874243597620639218 -0.0006814995648683683498 0.6991682535193352033 -0.03874146764458066827 0.9992483133586066435 0.00138091807283364002 -0.1144423964546513184 0.0007344874207744849469 -0.001353478706710376823 0.9999988143111067096 0.01249651951375671879
0.9988575820952582118 0.04773741511538015514 0.002160992576669149533 0.8202402207514856158 -0.04774214057235830894 0.9988572916998582629 0.002190623562689594621 -0.1065810956266352583 -0.00205394848614159865 -0.002291291366480190366 0.9999952656285379105 0.01114366578170025018
0.9983800533190756443 0.05676058147775353557 0.00393770553838196629 0.9810256271352622015 -0.05677319350137843834 0.9983820734624782034 0.003168578295985268432 -0.1119158254602307667 -0.00375148427355655829 -0.003387001486573447059 0.9999872272117655836 -0.01394758166892270598
0.9977924781426356082 0.066171809533670925 0.00560911624211738076 1.14406126416142051 -0.06618589929594279053 0.9978045078979104199 0.002364477319854502504 -0.1465803104539747936 -0.00544033972885201323 -0.002730502087229699261 0.9999814733593749283 -0.006177902391407818355
0.9968986250298549345 0.07832581491284379416 0.007628770007252667212 1.320752477160551885 -0.07834674945211872465 0.9969230729800395707 0.002484634846722337097 -0.155406178137814599 -0.007410685789557912295 -0.003074618394784825372 0.999967813710948894 0.001142369423359730369
0.9958636896247591297 0.09014413333636697723 0.01138186768491053838 1.523459287218589031 -0.09020815299950207811 0.9959091404915370038 0.00524147096018958477 -0.183367961400954016 -0.01086281820615362867 -0.006246527871015926901 0.9999214869529390315 -0.006029525143264409873
0.994491908580238837 0.1036552197332561709 0.01553831363064212857 1.765557767739115214 -0.1037911159693759161 0.9945652441851103864 0.008208489802834079835 -0.1953586937925198552 -0.01460301387609345969 -0.009776015602588403533 0.9998455788293872937 -0.01143306372872622372
0.9928020913765289723 0.1181014609014718331 0.01990106256782370187 1.984296248539746399 -0.1183219101815786017 0.9929220144538362103 0.01028585358239258486 -0.2213768433625172838 -0.01854542879991614296 -0.01256654868586013114 0.9997490429726617611 -0.01917980820534877923
0.9906858697492082477 0.1336276960723757345 0.02617529983865522075 2.232846566332495453 -0.1338950213478018736 0.9909570377570677824 0.008733417315628324087 -0.262086352785098009 -0.02477157115579082733 -0.01215681545989789718 0.9996192180527281312 -0.02558370625884923144
0.9881959307515162383 0.1500626596601722651 0.03082208010274164675 2.462071716439764302 -0.1503416456018211445 0.9886098171706465543 0.00692957369231531322 -0.3312785139464871076 -0.02943114071661044606 -0.01148161876810607947 0.9995008656257297064 -0.03162430985853995069
0.9851577910439330843 0.1680699142205288321 0.03488023336135088331 2.692334255209395177 -0.1683900240133968662 0.9856994676121609844 0.006431124463880709755 -0.3892639227565567461 -0.03330054891748552431 -0.01220915570407607974 0.9993708070375018071 -0.04182651923039315545
0.9821106769380990587 0.1842678554033963523 0.03878112568275698252 2.945557905555572731 -0.1847576526157669596 0.9827389796486020179 0.00941847541464193444 -0.4649724434686727248 -0.03637620161727110613 -0.01641509501214204539 0.999203340973018328 -0.05690736597967962357
0.9787345697209379747 0.2006987297627209621 0.0424106343362208385 3.19640191619530567 -0.2013337139433644951 0.9794583451461928991 0.01122879126410359849 -0.544083688514144681 -0.03928584558007883892 -0.01952869670796398074 0.9990371626430853969 -0.07743220888775650956
0.9747340682322043204 0.2186665833160077455 0.04558970901859114161 3.455075100399334076 -0.2192984499187310421 0.9756135834405329499 0.009291160829742475813 -0.6325099650934333795 -0.04244627298995957282 -0.01905416351419762094 0.9989170399798154021 -0.08340359984920889258
0.9703892120323526216 0.23661891930982068 0.04854136582217728063 3.711312241651091082 -0.2370992812776260006 0.9714758826544781511 0.004305837704310466578 -0.7179834823441112457 -0.04613792354303616894 -0.01568746140569758293 0.9988118919825602626 -0.09671042346177009807
0.9654221649510097425 0.2554634666177668101 0.05194670966421752883 3.958252088866093032 -0.2558434044461203039 0.9667179932193131764 0.0006884674595352661833 -0.8144574734015089801 -0.05004194063707226303 -0.01395488479555044917 0.9986496209219821729 -0.1021078172440868514
0.9601591983727358892 0.2741703769173321481 0.05408251289680580942 4.215721577360379335 -0.2747233943307496595 0.9615188501139335653 0.002925317584530781178 -0.8778151549820133459 -0.05119932018705500298 -0.01766650210389578146 0.998532184917339749 -0.1122995310424552418
0.9548971141302858845 0.2916650722500608306 0.05570446171554413461 4.468116374239892608 -0.2925114621022638084 0.9562324702046851588 0.007517144739982655789 -0.9549981516801708814 -0.05107392646397587721 -0.02347229336074249315 0.9984190029641560882 -0.1257660670445441276
0.9485124427993295582 0.3112307262123201745 0.05881820225236758515 4.708583005343178307 -0.3124929812681856434 0.9498254414317677252 0.01340773907372325331 -1.030000018066144829 -0.05169412454979784716 -0.03109768271591072455 0.9981786671817478585 -0.1399964879571489185
0.9420310587777706024 0.330011707445961866 0.06057852133085895457 4.987069944904776619 -0.3315159136522207728 0.9433063071125951105 0.01644414658569155752 -1.13201050295626926 -0.05171734035471837326 -0.03557364066551612497 0.9980279719509043135 -0.1580182300916331273
0.9349795550479478301 0.3488903115538664057 0.06394358565319542553 5.261783129442653362 -0.3507140735044348978 0.936277805394053031 0.01958340553687310318 -1.248692509111063886 -0.0530364995853551055 -0.04073599919410103576 0.997761348259888714 -0.1881762445957110563
0.9270182385711898121 0.3696036064908235774 0.06348511184006162822 5.514046887155412691 -0.3710818072991441396 0.9285106221342854793 0.01289639001438088774 -1.375562807796348874 -0.05418004843085288957 -0.03551335879325680928 0.9978994557064613247 -0.1978283954097450059
0.9191806861558164954 0.3893112390344752316 0.05952835760848805557 5.759444522094934626 -0.3902920142435689632 0.9206754714560922981 0.005368414738070620418 -1.519674997158339202 -0.05271631451287239062 -0.02816798573813703715 0.9982121792302656171 -0.2074746989054892798
0.910324432122545546 0.4105564419399095888 0.05246747814033528995 5.981478171050714998 -0.4110279884861389177 0.9116206155024699775 -0.001961140468246248738 -1.65219143063168783 -0.04863559356894239794 -0.01978032791789367112 0.9986207076090788393 -0.2180213291912843632
0.9007345817672290922 0.4319678904227710059 0.04561748406385260357 6.246099935073168297 -0.4320276388054304917 0.9018149506928455628 -0.009050636169081147445 -1.804784543201796154 -0.0450481133547169163 -0.01155579294386592688 0.998917980182867149 -0.2220793232295170672
0.8898781866985868705 0.4542708496537853913 0.04189042841584363769 6.489159239705893256 -0.4541542974636539887 0.8908309740072808403 -0.01280819442912809435 -1.963412165270148169 -0.04313568051311916091 -0.007626985254173495807 0.999040110387267033 -0.2297973111481138031
0.8780454815851957973 0.4768895134310809358 0.04015624792343841509 6.717826442582897073 -0.4768601810574137345 0.8789112837362699215 -0.01092350872901069921 -2.138602133402328853 -0.04050308617515926274 -0.009557578172792938545 0.9991337011180028149 -0.2405433954298694665
0.8664935309502763694 0.4977141519390479441 0.03833515072250216066 6.940852299804506131 -0.4978737745637049072 0.8672291445834163781 -0.005942675054643826484 -2.320894843225030257 -0.03620311344362327211 -0.01393677669729222364 0.9992472671127391459 -0.2508758806554372556
0.8531179740195303784 0.5204085469333256109 0.03694139525730861379 7.175686676584684065 -0.5208146198466805377 0.8536682544717812959 0.001625749384005838313 -2.472013283129073535 -0.03068964253245056242 -0.02062657474828771126 0.9993161112757983355 -0.2615276257799600268
0.8388744881809510057 0.543302033113043481 0.03335406863309110098 7.445363078462952089 -0.5437996000152615084 0.8391814698628781155 0.007513698291844702129 -2.635146739511784464 -0.02390790878326748067 -0.02444097899047383005 0.9994153543165115172 -0.274985747583680662
0.8245304441682340668 0.5651194428877512888 0.02809914429252781051 7.680499123575362574 -0.5655083989951404932 0.8247045942257716922 0.007910937293281105828 -2.813108489395909295 -0.01870286891596160614 -0.02241311074221695801 0.9995738367730366836 -0.2871528803659277873
0.8109997210522457145 0.5846058352100409472 0.02270396202318363324 7.899377401282356104 -0.5847957326657661214 0.811177599293198881 0.00220305715594883763 -3.017824894287470805 -0.01712902533974113017 -0.01506385884470006105 0.9997398044729526312 -0.2935229820068378515
0.7970009787129508361 0.6037059518657631463 0.0181263237434235551 8.119127713002807667 -0.6037372824475571997 0.7971717066066351665 -0.004308592427160887368 -3.230688438063745949 -0.01705091532549011038 -0.007509585056296729476 0.9998264211446130645 -0.2954688436059832446
0.7826853139850052932 0.6222464031019759867 0.01459839370776212612 8.318658762012383079 -0.6222159692463564706 0.7828134839716142102 -0.00709485215070776009 -3.469700314746510195 -0.01584256567008078195 -0.003530317107061230371 0.9998682663101738921 -0.2927938505441107786
0.7679730442872587659 0.6403775872624448695 0.01157363296851705338 8.53372698137639496 -0.6403613840624557962 0.7680537666668438845 -0.005541598189097237011 -3.667239175585915056 -0.01243788767340111082 -0.003155509594852682221 0.9999176674653872388 -0.3118856879094715207
0.7545358444879006754 0.6562231121856842986 0.006847365644212004276 8.735983767199037686 -0.6562102667333319372 0.7545658716102393582 -0.004293161404985641576 -3.869851137857672541 -0.007984060163853981887 -0.001253967469575306302 0.9999673406411256904 -0.3140475509524779385
0.7396168426895080028 0.6730218623510371145 0.00291527143594557574 8.948079156815772706 -0.6730090452133652423 0.7396215400307377674 -0.004336194593698663828 -4.073803932886095325 -0.005074551310029260139 0.001245118509035192823 0.9999863492112781582 -0.3209240607896784447
0.7220722880598120508 0.6918170237577676573 0.0009035790016074186828 9.169304990584414838 -0.691796526928187383 0.7220598606816697185 -0.006864613788529895337 -4.301019516541883192 -0.00540149480844282024 0.004331654569813466263 0.9999760300239811661 -0.3261435576855660212
0.7068641371892729897 0.7073467006558832315 0.001933035669937705403 9.364530232631159024 -0.7073188092355818801 0.7068563771776636973 -0.007359629394689195733 -4.533769290725800261 -0.006572188160990820142 0.003834985593839547804 0.9999710491950611901 -0.3306209283322448234
0.6916127861461240922 0.7222627051086225602 0.002887706420448248133 9.549436690130335137 -0.7222327271950879091 0.6916128047374434651 -0.007184433975799322039 -4.751645929483936825 -0.007186223454739649845 0.002883250315506340634 0.9999700220807005158 -0.3332038907711821762
0.6749279085019499469 0.737878796138349613 0.002683381188618682613 9.7465125520408602 -0.7378511279682731239 0.6749278314764475262 -0.006937957512626008287 -4.975980743634666581 -0.006930460383734597316 0.002702685316480921574 0.9999723317227080521 -0.3349948209520762221
0.6576212127840017629 0.7533474545050887761 0.001397600515802525836 9.937045623208025091 -0.7533254302205696362 0.6576143210616635093 -0.006648377065196645411 -5.197691924722150247 -0.005927620052970814131 0.003319265778816532595 0.9999769226313161008 -0.3405198704520434605
0.6418211834267961713 0.7668540781866581835 -0.0006255182792843525181 10.1318387567242354 -0.7668375924983182879 0.6418015688567003663 -0.007131125048773024992 -5.421769250755600567 -0.005067073712717384305 0.005056578049318075606 0.9999743775629559295 -0.3382865896695360641
0.6273939423821498496 0.7786986468769041547 -0.00229312325494088155 10.29968700633877532 -0.778688995042672305 0.6273636909535904582 -0.007632055589492222833 -5.649490124455127216 -0.004504449091395682468 0.006573935287670145018 0.9999682461524548316 -0.3466078222914424911
0.6127148925889409625 0.7903004275878204865 -0.002386326513848552062 10.47596893727911294 -0.7902938208939727094 0.6126888360717979154 -0.006933023135030541399 -5.907987573408532533 -0.004017095533833748081 0.006133865624026846319 0.9999731189566939404 -0.3543567742524288411
0.5971963443449506137 0.8020922310046795234 -0.002139921251558630621 10.66066680675788447 -0.8020898851116633477 0.5971807398784293452 -0.00519423909830977245 -6.188954303955798153 -0.002888339070447663078 0.004818389791974878218 0.9999842201841120382 -0.3544708796922370064
0.5821790260326047406 0.8130582926343499217 -0.001947928706023790242 10.81444829037957511 -0.8130576558000282006 0.5821687525163583565 -0.004097796787338224903 -6.481971286924544273 -0.002197724434699065664 0.003969429689917389724 0.9999897067646476012 -0.3625407226992218845
0.568174632082793174 0.822907335688996544 -0.001050869554171607973 10.98955168099368862 -0.8229025652660383328 0.5681657677945290974 -0.004362153714260629499 -6.76092421457260162 -0.00299258018377026886 0.003343228333576417095 0.9999899335934103739 -0.3625390559838113647
0.5531697008747835653 0.8330685820618268789 -0.0001400557035741340525 11.1788947440557358 -0.8330597417218597034 0.5531630400978686524 -0.00470295566558780187 -7.05884985717509128 -0.003840410969058750609 0.002718207347006714424 0.9999889312349449222 -0.3696234240957596562
0.5374806392106470376 0.8432756892017581052 0.0008212642778285357201 11.34995264201224785 -0.8432635483311220481 0.5374777025134136466 -0.004930249172992648247 -7.359572688954457043 -0.004598970506495393337 0.001957371247928564682 0.9999875090060266203 -0.3649787287433990945
0.5214166132632700457 0.8533006736808218529 0.001635759431294164529 11.52192760536352623 -0.8532908126124574277 0.5214185930883716846 -0.004176109782453648646 -7.650246781963890186 -0.004416392672029207343 0.0007817145250151038508 0.9999899421485036743 -0.3747440772495421735
0.5052801514502539559 0.8629534404844055873 0.001824309879424846617 11.69094509940895676 -0.8629447754631556222 0.505283294555993967 -0.00388673944132276062 -7.956169056874340839 -0.004275868479322746801 0.0003896136142837496518 0.9999907825325087263 -0.3801815354196543817
0.4890743596551384575 0.872239639494472363 0.002069304827555270079 11.84976138271520441 -0.8722321410921606288 0.48907873599278473 -0.003616911041943781345 -8.273857200156474079 -0.004166866172753119074 -3.597572854262261297e-05 0.9999913179283335118 -0.3851345759867731422
0.4718412547868710005 0.8816799083305681961 0.002523792256112798466 12.00408846084620507 -0.8816722119417457204 0.4718477676411813038 -0.003714143479072498297 -8.601830921853974132 -0.004465531424192142364 -0.0004726713813043776952 0.9999899177546065498 -0.3857961438705692636
0.4543026005998038741 0.8908421114393237916 0.003078891778344241756 12.16557255322620534 -0.89083454902412329 0.4543119045128229949 -0.003807844917899309411 -8.954782051299012835 -0.004790965794303363862 -0.00101286931997296892 0.9999880102993727871 -0.3953859529241670057
0.4365944974977145066 0.8996492352699925199 0.004061801673640867347 12.30289568273527934 -0.8996424131719936712 0.4366092063495048414 -0.003991159346294058732 -9.30665990341647742 -0.005364063458811562171 -0.001911650850271750775 0.9999837860756726204 -0.4010436816865723397
0.4180950485167966857 0.9083901701363090719 0.004881516717675876867 12.42829609432218696 -0.9083799215366936686 0.4181167998263689567 -0.004925429112924948304 -9.665234330124429007 -0.006515255538177781164 -0.002374974249048072712 0.9999759551822177128 -0.4018174963332260541
0.3994360586436372929 0.9167441245119190008 0.005571824486810081356 12.53149620169879874 -0.9167338126245493379 0.3994636666534452374 -0.005281648856433932351 -10.00809471605007062 -0.007067661996321509058 -0.002998198902714585903 0.9999705290443541283 -0.4076207508323036466
0.380080061514516232 0.9249360349185515862 0.005698960279713681347 12.68885154271880467 -0.924925511113160792 0.3801093183865006386 -0.00545022639974744507 -10.38795271837242495 -0.007207338703024521176 -0.003199591364243727955 0.9999689079586033813 -0.4140206643326913571
0.3601724405450428268 0.9328665474121012879 0.005984796676022240483 12.83711179977790451 -0.9328574251318807464 0.3602040828231286573 -0.005481158077096849601 -10.7468874438220432 -0.007268937208770790206 -0.00360879993549080005 0.9999670690152153707 -0.423368874194403777
0.3394892607075332691 0.9405890211400096401 0.006271776074680933052 12.98271833424567134 -0.9405789706086380431 0.3395246388723413 -0.005849756183054323662 -11.14170984866681025 -0.007631638948971020305 -0.003913171282306841976 0.9999632219124200416 -0.4297144261943013355
0.3185577116315534418 0.9478794138557983251 0.006752862241796659185 13.10915555245606967 -0.9478677673621787036 0.3185994591539548226 -0.006409385512388769517 -11.55292345092307649 -0.00822678284063648943 -0.004359061274645155588 0.9999566583752002025 -0.434591906408278883
