1 0 0 0 0 1 0 0 0 0 1 0
0.9999997243009237646 -0.0006230600336244627394 -0.0004039731066321679016 1.437171119383890971 0.0006224187952546460061 0.9999985493646477153 -0.001585516774945453216 0.2331177597599138618 0.000404960392749607683 0.001585264897365597702 0.9999986614702469634 1.371179230593619236
0.9999977518985382341 0.001054601097173136354 -0.001839569078722690359 1.665739326347146942 -0.001057699432099326424 0.9999980225153650704 -0.001684113200123736913 0.2359874506887318646 0.00183778937337448784 0.001686055125236262438 0.9999968898693304409 1.359764698032072339
0.9999948989406831634 0.002100304916642418106 -0.002406410578017470579 1.885865802708350358 -0.002102710868381726592 0.9999972915812859187 -0.0009977159398801094346 0.2386749274926050213 0.002404308552756084794 0.001002770836148104798 0.9999966068697599963 1.350922863162644205
0.999993656556710131 0.003028208300061948927 -0.001875313528976674509 2.127139715111424412 -0.003029385978491162552 0.9999952157935219077 -0.0006254683532635851688 0.2404975965213098921 0.001873410508630761907 0.0006311454341505133396 0.9999980459923444309 1.344563316140028109
0.9999887763068442403 0.004497105986364133105 -0.001491072797573646637 2.389346952129874246 -0.004499234591385676933 0.9999888597917548916 -0.001427298314143575324 0.2425964998256650573 0.001484637474919310498 0.001433990980894373109 0.9999978697584483989 1.34421095151268255
0.9999818778509821371 0.005865821959143468003 -0.001355028548421739103 2.668395275464383154 -0.005868960299558917924 0.9999800773803350085 -0.002323821727522686412 0.2424540719921165488 0.001341370428184896543 0.002331732223634505434 0.9999963818685604355 1.344064684526545816
0.9999750354648717643 0.007042527279983730459 -0.0005755489024298483499 2.963865181548524852 -0.007043948039069800743 0.999972053610757583 -0.002504953793391897186 0.2418229049493600957 0.0005578916124911318438 0.00250894539494758706 0.9999966969695219809 1.340795354331909994
0.9999663218162909706 0.008192586376287003258 0.0004865816118280358619 3.274624523791994868 -0.008191073400391268855 0.9999618498562240498 -0.003033998791671064631 0.242483157767660884 -0.0005114193458359014106 0.003029910986404621854 0.9999952790336897879 1.340148108936242588
0.9999558670639221436 0.009058605802490670225 0.002491101233337449528 3.598086611869082851 -0.009049386359000266555 0.9999522537882118423 -0.003687648356494105037 0.2405220545001943711 -0.002524387245490059602 0.003664942672225057763 0.999990097783095111 1.338642061767642888
0.9999378478710195806 0.01033411162268214889 0.004184080788368043334 3.934113416558469467 -0.01031894779504617145 0.9999401705679763497 -0.003629683304309990269 0.2379750012033456652 -0.0042213400096126584 0.003586282400539677045 0.9999846593158651098 1.335643535025291317
0.9999228446032447648 0.01151000661301262475 0.004671679390080737439 4.281578816345941618 -0.01149964933977160389 0.9999313726366958477 -0.002237874428007822266 0.2345124540523715884 -0.004697116734507456037 0.002183979089104674549 0.9999865835748601439 1.326639817381110475
0.9999128261552652219 0.01254300966980761989 0.004124681637840989928 4.638935915036393354 -0.0125327454075033224 0.9999183242963334273 -0.002505000791062751177 0.2279129168909276026 -0.004155765000710995132 0.002453088835658665499 0.9999883559184192805 1.321837269354226629
0.9998937781445520478 0.01416785103190504672 0.003421173037279646393 5.007464944348513747 -0.01415391979346738299 0.9998915754045136772 -0.004062510253499125416 0.2221096278855428929 -0.00347835913806415287 0.004013655717352992633 0.9999858956932788923 1.317794935072192031
0.9998736849592211318 0.01548092971835979617 0.003599297309681877798 5.385270814185446397 -0.01546075196694867045 0.9998649730030844118 -0.005567846096810276368 0.2157657438409023576 -0.003685006741482509292 0.005511494951143210662 0.9999780218328394588 1.309279113533879046
0.9998535925371274669 0.01670369451709712016 0.003712153024787884573 5.771945824083893228 -0.01667862223296038768 0.9998385512090217642 -0.006685437656178971205 0.2070728758935576619 -0.003823225210492017453 0.006622545260242159067 0.9999707619942024284 1.306858516242317858
0.9998305832660160375 0.01805980848071206055 0.003556414427217095831 6.169201349863305595 -0.01803156713535376127 0.9998068437623643945 -0.007819063408251003544 0.1997978174917015848 -0.003696938271238418318 0.007753611002560057731 0.9999631064013509985 1.302133270960528888
0.9998043702970019764 0.0195641836199901796 0.002909270406606351278 6.577158609590394889 -0.01953934550919963695 0.9997743533645434555 -0.008334046531020935025 0.1912578862320085948 -0.003071662756157902963 0.008275570904318928223 0.9999610391480859839 1.294685835549695296
0.9997744460979385295 0.02109284342428970754 0.002479694706747339206 6.995203134153405777 -0.02107077880739227291 0.9997409046361639406 -0.008610800062388561382 0.182158148497814365 -0.002660678486818918165 0.008556608764158884009 0.9999598518122849722 1.284513764308136796
0.9997498189631041088 0.02215146843868457532 0.003100311153838069145 7.421152642294692292 -0.02212270266217932976 0.9997145365218068624 -0.009023940043560149671 0.1708480441288799945 -0.00329931965130011778 0.00895309516306656665 0.9999544772522594993 1.276638609235782429
0.9997331592516276455 0.02284504201042955249 0.003422623014783326544 7.854407002182099085 -0.02280777612392281828 0.9996841184885792986 -0.01055786862927857173 0.1589701266292308235 -0.003662736823828859067 0.01047698894023455472 0.9999384066339813693 1.269487501791546569
0.9996932494429140448 0.02452068144541075592 0.003484709416915351531 8.297230890977363771 -0.02447591660520895621 0.9996240670883206336 -0.01235532290712886699 0.1487510484988808501 -0.003786360337118787646 0.01226624144786232253 0.9999175980030255984 1.268644614177330432
0.9996646549407841587 0.02558737162073863175 0.003982973219250417196 8.747122290245263443 -0.02553312213618287585 0.999587846846117789 -0.01312235160026353938 0.1345993327017345753 -0.004317098111210212162 0.01301625334281683068 0.9999059654851618628 1.267776794441462407
0.9996191293252747467 0.02729713566055556179 0.004057421805629148753 9.205329842780690441 -0.02724224668196909699 0.9995440911736855893 -0.01301805651737464146 0.1210982349343166509 -0.004410927646007437031 0.01290256503568350775 0.9999070294446387175 1.251767858343900031
0.9995557182689338571 0.02952690707197701964 0.004065443965741930184 9.668288107347208893 -0.02947367277118401532 0.9994863334712146274 -0.01258458651068877429 0.1036806874056609429 -0.004434939599692439526 0.01245917184369319149 0.9999125463497877675 1.246301360489528998
0.9994669599284601302 0.0325114396459484159 0.002966867625902986326 10.13910790886012592 -0.03246806927234607842 0.9993795266118190579 -0.0136523355826964933 0.08741620041990000312 -0.003408883847817929282 0.01354872987716110831 0.9999024009520268708 1.238784909674840007
0.9993339797231666211 0.03636065463625030164 0.003082168892326776852 10.61713701509239449 -0.03631406286029208175 0.9992420492880447203 -0.01402197465436155928 0.07221737778137729546 -0.003589680937945967029 0.01390070966001851968 0.9998969369198565937 1.231122132721682583
0.9991792196213699073 0.0403942595473033364 0.003031645173049066309 11.1007405455448307 -0.04034807519049249391 0.9990875903714455664 -0.01400069977540087558 0.05232583765382453622 -0.003594426971374230142 0.01386688722834505949 0.9998973895022147396 1.227509774150852495
0.9989705823738064261 0.04530636181355696124 0.002260338681943018305 11.58845202002549435 -0.04527407950163671313 0.9988935701360680541 -0.01272372846690839575 0.02809161923369443703 -0.002834303621261921938 0.0126082956833667454 0.9999164953149554114 1.21846678579140244
0.998702807904205736 0.05090212587590677018 0.001294243241583821783 12.08348906030127345 -0.05088466336388559885 0.998642719543491153 -0.01111169371086625363 0.005885570297557263242 -0.001858095422491086966 0.01103142257795465368 0.9999374256408785078 1.214551232184434282
0.9983669883043447824 0.05711518709125593812 0.001100939436580936114 12.57955314905230715 -0.05710343016215677775 0.9983299914974375078 -0.008742215991499912783 -0.02692839692917592398 -0.001598414160307726553 0.008665072432310285885 0.9999611800424629271 1.207572534490516603
0.9979020035930016297 0.06474131361925590522 0.0003918366063022936429 13.08021122779417489 -0.06473556262019507235 0.9978654036989201837 -0.008599013492132495315 -0.05714549309070271477 -0.0009477116226422157338 0.008555607029558104024 0.9999629510292049606 1.199143973047273937
0.9973816032263383979 0.07231823956859373403 -9.885018181889991919e-05 13.58447317877936023 -0.07231547200289650812 0.9973294675348666205 -0.0102179105309112804 -0.09983598981150469676 -0.0006403551024657303491 0.01019830438449938377 0.9999477909036170731 1.188886560763044775
0.9967437470284506995 0.08063243172661115066 0.0005601013633455424788 14.0917637301587817 -0.08062260774624074866 0.9966928959959943102 -0.01016199740769163987 -0.1479694758950468869 -0.001377635612065868792 0.01008375054092082446 0.9999482087064053282 1.187508868562294095
0.9958997459304353983 0.09044622110326493158 0.001782454440784564604 14.60481079645978575 -0.0904287951595230538 0.9958692544824992998 -0.008189077021750448132 -0.1948754451915037933 -0.002515762646034051721 0.007994314517859148553 0.9999648803201531821 1.187707211939723617
0.99492350039465971 0.1005652356514520063 0.003723135883294919658 15.12184551788323716 -0.1005473278392755437 0.9949210801291623607 -0.00472008252069998184 -0.2523022093497806484 -0.004178902585463917761 0.004321769659398649877 0.9999819293768223982 1.178255621250458018
0.9937640656432609187 0.1113362875044866668 0.006100239412915850305 15.64295632796664215 -0.1113272279801804515 0.9937821623427720574 -0.001806133874625338864 -0.3121179249245846776 -0.006263397354912995235 0.00111574819848832751 0.9999797622749833081 1.171678929005497416
0.9924343403710736977 0.1224378926176615395 0.009112765967472185799 16.16747668084605039 -0.122449556220978889 0.992474469049333119 0.0007310721781692790635 -0.3821956165036928255 -0.008954676628291339049 -0.001841395283567681066 0.9999582106417709282 1.171240128496708
0.9909044843763410437 0.1342538301681932555 0.009176705728509957499 16.70060667280698041 -0.1342417825515226648 0.990946749497147672 -0.001919239022890594469 -0.4517555123568823827 -0.009351291902590120123 0.0006698852194264107987 0.9999560513310299381 1.155088103625478535
0.9891838365788756526 0.1464030580214321919 0.009026740999348028052 17.23984781013529854 -0.1463788103148203068 0.9892231250056425784 -0.003294365627667045562 -0.5322383038214244522 -0.00941176614212276344 0.001937409622164688004 0.9999538314852550736 1.14624418443522158
0.9872942266303259551 0.1586469013735001266 0.009015028952447433006 17.78330358272820888 -0.1586305166036917347 0.9873348289721065596 -0.002508924205099502969 -0.6243098144890484313 -0.009298885119863284018 0.001046987682823845084 0.9999562163176544116 1.139245679521827981
0.9852535640513068182 0.1708718830703350733 0.008843873596744109347 18.33492285351327666 -0.1708651360965082189 0.9852932555090602174 -0.001518523980549717732 -0.7201956494051734436 -0.008973282059490616386 -1.497850179401116493e-05 0.9999597391818959569 1.127903251225036207
0.9829848897219025661 0.1834488770368024046 0.00933895563514326385 18.88878103986645129 -0.1834474769604594047 0.9830289902677351588 -0.001013651833152976259 -0.829262904531086531 -0.009366417418668266867 -0.0007168034132844135426 0.9999558772353938085 1.109582222771696047
0.9805532769293836548 0.1959511984604004609 0.01088112700873087972 19.45076239877792901 -0.1959507896691979334 0.9806130974011366686 -0.001114106532894370248 -0.9430600206477148806 -0.01088848616957996569 -0.001039724618173643901 0.9999401781314986026 1.097325724222839805
0.9778909053363281645 0.2086070165421209932 0.01457703364514771963 20.01988115984331174 -0.2086561055882970028 0.9779871993462173618 0.001915075890804680695 -1.070788392192734584 -0.01385665404136109287 -0.004914322368072865203 0.9998919154460849112 1.089182002010405714
0.9750062773478038736 0.2214729973734762825 0.01767683701303689528 20.59717381235854106 -0.221565043081817431 0.9751396468250711491 0.003406005582483017258 -1.200142463768042456 -0.01648304633645383474 -0.007237445977946389136 0.9998379511496783278 1.078213590569808478
0.9719739836977231429 0.2341753855994195277 0.02069936699856581366 21.17851514544777203 -0.2343383035390111113 0.9721378299618643748 0.005796468881616979874 -1.345985816708793692 -0.01876524738010230953 -0.0104846714970204466 0.9997689418832549357 1.069132749838924923
0.968744506212931622 0.2470779806521098965 0.02205795002122641624 21.76647768635896441 -0.2472706855293155814 0.9689250333655455849 0.006441102036044459717 -1.502755682743496246 -0.01978104547605228497 -0.01169406663449503586 0.9997359446600998512 1.045950599709823514
0.9653274835392450237 0.260093274841583233 0.02223371102558841655 22.36307068291916167 -0.2602771077064701122 0.9655167328001512672 0.005767658699665591249 -1.667867802689337431 -0.0199668907880842586 -0.01135460545778302355 0.9997361632986748736 1.028439256264467083
0.9616169328044958942 0.2734515843807453495 0.02273995477862021664 22.97068733513909677 -0.2736917788559184994 0.9617828155499770215 0.008162468955032611134 -1.836600575275058711 -0.01963885766424819379 -0.0140729070351140878 0.9997080916733765976 1.009441266651809999
0.957784610380086221 0.2865995890064430007 0.02256802384801185474 23.58508975300325261 -0.2868865138577382234 0.9579054589701009315 0.01064236072654907266 -2.014673036603644718 -0.01856793703189070499 -0.01666755100841655485 0.999688663763754759 0.9863368671381331776
0.9538460399855285266 0.2993468690456379533 0.02385757733927091825 24.20737475914880221 -0.2997055635665428763 0.953941149799651944 0.01314754297118055429 -2.203270630696981591 -0.01882304893439233628 -0.0196909804603987125 0.999628910204842791 0.9716835790494002811
0.9498991220843721051 0.3112967537049964317 0.02803549528847060213 24.83184984885325619 -0.3118190461379484191 0.9499961550748046157 0.01661889914247791436 -2.411476232392039343 -0.0214602033764607486 -0.02452827910430434646 0.999468770495217762 0.9482555533849814644
0.9459332631903121236 0.3229122036578820909 0.03062630109788241559 25.4611341821470738 -0.3234900007011597967 0.9460936772201724576 0.0161546702341972756 -2.62716257083833149 -0.02375880966065674338 -0.02518854209402554556 0.9994003483643010277 0.9304596836447887043
0.9420593461194501916 0.3338677346182390981 0.03250421772445751672 26.09416019335048276 -0.3345431338548555678 0.942207502373834771 0.01805309006880210024 -2.858581321989685176 -0.02459837351464646063 -0.02788114508669180605 0.9993085418273420784 0.9065976246088029988
0.9380924642681969239 0.3445416263315264072 0.03568747970995529706 26.73255391486335242 -0.3454170866566013687 0.9381896083469012382 0.02207476014714399373 -3.100683318541456845 -0.02587594884999559058 -0.03303523141609302632 0.9991191664443224152 0.8875564901738437484
0.9338739066263244126 0.3554327558120841113 0.03933297113509955784 27.37847798503585395 -0.3566055333073653855 0.9338273677491957248 0.02826554186952427022 -3.35113361259159781 -0.02668370545963825655 -0.04042280715679795466 0.9988262994757934887 0.8676173965959030898
0.9298093992639487881 0.3660338596974957448 0.03838873005673207328 28.0292919380470309 -0.3672652858677424859 0.9295578330280269697 0.03222491043779896619 -3.610888929462030994 -0.02388913637828007919 -0.04406187253388971214 0.9987431404279616398 0.8440952671578811906
0.9259314015351078897 0.3760056678065399338 0.03564796527978340152 28.67899478906324262 -0.3771851587141165085 0.9254483157269763893 0.03573193199239924067 -3.881872181250098475 -0.0195549404764493312 -0.0465312013111698064 0.9987254135184013837 0.8197199053026784643
0.9223624013725311155 0.3850619790298774325 0.03122295373426638154 29.3303037792278225 -0.3860380582381854331 0.9217789735215862201 0.03602973168346006172 -4.157644725453454981 -0.0149069824575354358 -0.04528571826840108172 0.9988628462381238249 0.8009277375840289093
0.9190705213819790886 0.3930845214490912842 0.02817686504556626836 29.99185992586446403 -0.3939452124972441238 0.9183329539095475003 0.03836346327257296462 -4.434210424253202554 -0.01079566010757641685 -0.04635886927982381389 0.9988665120835406031 0.7767096712993482033
0.9162832613781475288 0.3995384631938816988 0.02817802950698728229 30.65204058477036142 -0.4003761333820883284 0.9156152237852307474 0.03671122159136018526 -4.726551913196831656 -0.01113268773628489985 -0.04491968834924133652 0.9989285684484018324 0.7517451393077936306
0.9139654843934836848 0.4045157237240314951 0.03215777662413482618 31.30996003684260032 -0.4054843294449933522 0.9134854697421309622 0.03356717361563821972 -5.022231362218309236 -0.01579721215686020683 -0.04371871258421614059 0.9989189768234708611 0.7381230747334810438
0.9120194192320199011 0.4086071544791572419 0.03550735490198200783 31.97470455963571823 -0.4096426335433793198 0.9117700715799061939 0.02946607124842562375 -5.324095765195318464 -0.02033449599409396791 -0.04141895555924578198 0.9989349220009516861 0.7248931357738268577
0.9105682456962994609 0.4117670989586494357 0.03623984195249092821 32.64250308503369524 -0.4127676240774286187 0.9104519207569569117 0.02646107525106200162 -5.627433673263279701 -0.02209883352211760091 -0.03905324833026849185 0.998992735384905628 0.7119140408008488574
0.9092849258707512705 0.4145547990133036098 0.03667754352818341362 33.30596358333173157 -0.4156207660740812715 0.9090857949757870093 0.02867745074505557643 -5.94747461504549868 -0.0214546589862472277 -0.04131992241377903385 0.9989155928403076201 0.696237248496581973
0.908197332220315956 0.4170181599280424756 0.03568557184816668892 33.97027764208799283 -0.4180626208342266836 0.9079338688893850984 0.0296603234097423743 -6.264675495227641555 -0.02003124582043469201 -0.04185623028633247283 0.9989228224327937333 0.6744176308000466857
0.9070227486662610916 0.4194155037208305847 0.03742149970942471732 34.64561807800892979 -0.4206002689644174897 0.9066492295568590043 0.03290270947830466891 -6.590514639581789069 -0.02012826741078884568 -0.04558299883241524741 0.9987577499416381288 0.6525313255058737827
0.9057620721698059763 0.4218260084926238052 0.04071716072910808865 35.32561696331791978 -0.423241114381561756 0.9052845105500931799 0.03642683152748798364 -6.910232582500820619 -0.02149482997636656748 -0.05022721888835880028 0.9985064840886251902 0.6354236932249697212
0.9049599479744772079 0.4237210891159944315 0.03883208982770477991 36.00564933291337866 -0.4249803257097578557 0.9045846865084719024 0.03344050977478716519 -7.236315113333019688 -0.02095746458089627409 -0.04676519616899994097 0.9986860373038242145 0.6102012722834160297
0.9041033306877562792 0.4257212855361560133 0.03685857404659598213 36.68882101465246848 -0.4269051127754415198 0.9036440753115884128 0.03434253689598199683 -7.565555918863124063 -0.01868668310570961721 -0.0467843157020285047 0.99873021165818332 0.5846882876702201859
0.9034275757582376221 0.4273710201760327343 0.03424363405497334728 37.37382051859317045 -0.4284262640772044661 0.9029393672115645364 0.03393280696359949472 -7.896079023019451526 -0.01641802693515211423 -0.04532670574039609351 0.9988372931255020681 0.5661337302250895043
0.9027681937500283693 0.4288578857543602352 0.03302275245359285322 38.0602834856983705 -0.4298323046623206412 0.9023295725583400095 0.0323346927519244029 -8.222610291846518038 -0.015930418136043175 -0.04338497796453804484 0.998931411792134738 0.5365802954101515088
0.9023360701985844168 0.4295027167182882133 0.03629094584307793192 38.74289980624233465 -0.430656992126306426 0.9018642995148566932 0.03428323778903200753 -8.564116910907969782 -0.01800476468321075482 -0.04656395163843737167 0.9987530359686099812 0.5235571188213286042
0.9019183758606630352 0.4301629434452148293 0.03876964497403455334 39.43390474963686643 -0.4314218027735788885 0.9015208045194941233 0.03369669286620508714 -8.893489308110327229 -0.02045657294023064607 -0.04711773662935288959 0.9986798523643439784 0.5084391717684673129
0.901783129214525303 0.430538426034803412 0.0377339578037183751 40.12354542880326846 -0.4316611778248483633 0.9015557012599002551 0.02942694487428321182 -9.236304461027515345 -0.02134983425985598551 -0.04282500710150065337 0.9988544455243882902 0.491025688903160118
0.9017166328118013663 0.4307407500745696893 0.03700703089608960855 40.81893054239768048 -0.431816153964493632 0.9015065547336338359 0.02864857671170305264 -9.576685118890756243 -0.02102197150268706599 -0.04181313187852206403 0.9989042690451620521 0.4746003274021255436
0.9015953659231524808 0.4310500907242601487 0.03635402910963098783 41.51983285804718093 -0.4320864858268288478 0.9013949163323214941 0.02807977165271782413 -9.91590843740984873 -0.02066554890919807333 -0.04102467668189738181 0.9989443983482900746 0.4524296238911902357
0.9014969847608266251 0.4311565046658168976 0.03751339696019688474 42.21406656981733363 -0.4322594577752693623 0.9012845415478031308 0.02894712992330104526 -10.26823720573614551 -0.02132950142333404908 -0.04231127097265893061 0.9988767735400149173 0.4306838695449635157
0.9014211289745349687 0.4311972449916966488 0.03884435801819355327 42.92890594759631284 -0.4323404684021172062 0.9012686890045714661 0.02822179302983630206 -10.61379039778638678 -0.02284004422309024451 -0.04223370847500603625 0.9988466580253124727 0.4138877973574399682
0.9013524787078591727 0.4311671071909947139 0.04072634041682984818 43.63476349005404842 -0.4324385020435729254 0.9011574159120447902 0.030203537823185439 -10.96831260875696401 -0.02367807165942800024 -0.04483567132624529522 0.9987137285024252353 0.3864402562969548871
0.9013392677963681932 0.4311921089595689982 0.04075401206392050696 44.35842075204164558 -0.4324829926889361964 0.9011097707034051441 0.03097809189860293091 -11.32575261454486437 -0.02336632968886128217 -0.04554718777110071393 0.9986888746366485714 0.364775943919203538
0.9014919668001473152 0.4309977296296801375 0.0394105423568789151 45.08208019207108208 -0.4322360302024185752 0.9012153990919492541 0.03134993834750754438 -11.68287609401233773 -0.02200563540677860294 -0.04529637395641954861 0.9987311903193691887 0.3379627066449992778
0.901600332791963277 0.4308754149115410215 0.03825201608057233332 45.81721919340406401 -0.4320734458490493313 0.9012733040310804133 0.03192129121806335651 -12.03677021444280193 -0.02072142132069226123 -0.04530792718396123298 0.9987581361034028049 0.3048198539512843031
0.9018068446624066814 0.430440832833429321 0.03827668153978069226 46.55367194280568555 -0.4316724612993623755 0.9014080729826842164 0.03350182259809744711 -12.39626462590718958 -0.02008235732638272847 -0.04673516225827896442 0.9987054238026885633 0.278471800311186346
0.901987703819756903 0.429967158175256714 0.03932461123337848558 47.30091219352790688 -0.4312845228307569112 0.9015269148487555784 0.03525453403366617111 -12.76235684243576785 -0.02029390363160610972 -0.04875925239355467788 0.9986043725026506612 0.2649306542242169105
0.9021541626367131084 0.4297968341491398836 0.03731686204154705672 48.056421320821606 -0.4309591071216357094 0.9017958651772803869 0.03222523138913023499 -13.12586012475035524 -0.01980188945968647946 -0.04515416818564148976 0.9987837535068785355 0.2428522454251145213
0.902435314048140591 0.4292069053204216056 0.03730866366007303675 48.80855492938048457 -0.4304122816609420865 0.9019744586669502517 0.03445785408123817894 -13.49869640994335818 -0.0188619127941907945 -0.04715409142087989558 0.998709527294105448 0.2136129688746186694
0.9028063403460723224 0.4285370523748980309 0.03600981217343159763 49.56729624907092102 -0.4296766305197219915 0.9023362991808410172 0.03416425567522413803 -13.87198610751307548 -0.01785231122712853738 -0.04631628139712478526 0.9987672887421734647 0.1922125389444562238
0.9031451985812514183 0.4278793983055024786 0.03532662997447050257 50.32617001789942179 -0.4290087694819170183 0.902606478082683461 0.03539804275359997865 -14.24350764976762029 -0.01673995182918416869 -0.04712500640737827401 0.9987487210424157436 0.1690812197112625537
0.9035232204234462383 0.4271288082637686445 0.03473861406011264502 51.09130871651655781 -0.4282257968531596459 0.9029905927690161649 0.03508071094116074762 -14.61270446470151541 -0.01638465944477146205 -0.04657220761176769641 0.9987805426684308596 0.1488981884215927476
0.9038396150294083498 0.4264363929378955365 0.03501361280427404271 51.85342705612100644 -0.4275285666896851966 0.9033617171807536428 0.03401371188952340835 -14.99144609827548003 -0.01712527277897385458 -0.04571225995678693949 0.9988078465460155098 0.1300286728390636082
0.9041548785155253398 0.4257218809418367722 0.03556452929422938142 52.61912576023618726 -0.4267974957353004584 0.9037917327972936343 0.03169229182848008058 -15.36492349367901866 -0.01865082546837354069 -0.04383359230783981375 0.9988647370363709088 0.1040788292804450954
0.9044986445307521272 0.4248903683973974665 0.03674747454119663137 53.3867252717029146 -0.4259698468231531421 0.904262939178109626 0.02929550181215439045 -15.73706482629199321 -0.02078200277864231463 -0.04215105778139308784 0.9988950879288666096 0.08631397007476060423
0.9048825629109694679 0.4238972708651836951 0.03871241522721671768 54.15376720110315034 -0.4250512695491630577 0.9047084053633696055 0.02888112739339745993 -16.11685147641291849 -0.02278081636640898536 -0.04258878981513852108 0.9988329336719738993 0.05989566486492914343
0.9049884952253913761 0.4235384856297895184 0.04013694931240146396 54.93106134650774663 -0.4247218507157871081 0.9049038361691738031 0.02757529348655666721 -16.47855979228451417 -0.02464088136082655603 -0.04200236275184634355 0.9988136104844707042 0.03901752332515329158
0.9051029932336326356 0.4231781256066847741 0.04133818631159059953 55.70783713443405816 -0.4244025709297392646 0.9050650461433653593 0.02719779472191906702 -16.84614324954811693 -0.02590423571052568805 -0.04216083796037444625 0.9987749668042008588 0.01916049580233059046
0.9054359505837530353 0.422426412447923727 0.04173326559079800629 56.47668289679832299 -0.4236242358851858292 0.9054769776195008557 0.02557244164616498047 -17.222965268241758 -0.02698603641122434421 -0.04083343075753826518 0.9988014741535884422 0.001332177385034327699
0.9055388647751929643 0.4221626988272556003 0.04216657563216093252 57.25234281077175069 -0.4233738067029942376 0.9055986658008053913 0.02541016130639381712 -17.59570944142896565 -0.02745877235913057879 -0.04086211226416407855 0.9987874166216954563 -0.03080110632127763814
0.9058222231710547634 0.4215520724125683127 0.04218945667008144884 58.02833744100972524 -0.4227294473322027457 0.9059337066288291052 0.02416471708837116331 -17.9665971756517564 -0.02803416429391699521 -0.03972366345667738968 0.9988173587768297557 -0.0578768866460905862
0.9060826264028646326 0.4209761538243982359 0.04234798746225686833 58.80197829297011936 -0.4221547184008471731 0.906206409113379463 0.02398620048560783785 -18.34176447062092663 -0.02827839922605811587 -0.03961088225539687036 0.9988149529037702035 -0.09125892774315214062
0.9064170631551418111 0.4201242278122775953 0.04363187855622454453 59.57962655855630629 -0.4214604241906906856 0.9064238577108240102 0.02769297769527399172 -18.71625184221617388 -0.0279144848100536247 -0.04349049755711419801 0.9986637863465481768 -0.1198216233470497105
0.9067485277913497344 0.4195437464202906863 0.04231019011830113724 60.36629507539554851 -0.4207883763987846359 0.906773987027381656 0.026421179726511132 -19.08123070669011412 -0.02728093905815413833 -0.04176100202452846105 0.9987551096610283174 -0.1504736283056029578
0.9069862844795941736 0.4192545746172180454 0.04001851357104850571 61.14479354356710417 -0.4203111176475750055 0.9070928140664592521 0.02282960908203073708 -19.44919691786204297 -0.02672908804555500228 -0.03752636848307470269 0.9989380999444987808 -0.182226773606883663
0.9071272242631172045 0.4189740176324470711 0.03976143294221475694 61.93094793483399485 -0.419986150232555755 0.9072749992705853028 0.02153391073160134186 -19.82138752004243898 -0.02705240494908784168 -0.03623324781861797517 0.9989771364445660939 -0.2109638895468715081
0.9073260833097949174 0.4186063882071091591 0.03909053974948428767 62.71747257076804516 -0.4195336941829257982 0.9075348136453442738 0.01928837647231223043 -20.19255309804785625 -0.02740178809739053645 -0.03390064562673349852 0.999049492385215343 -0.2343520540730836821
0.9073356101294722809 0.418620460600330313 0.0387169285680773953 63.50604702208850227 -0.4194700383503582874 0.9076113142415254131 0.01692894524534654249 -20.56323022601644368 -0.02805311956498324558 -0.03160082637429444119 0.9991068062300118013 -0.2595535778395898774
0.9072702719416854134 0.4185289514574242475 0.04116030178229025671 64.29020770819722941 -0.4194663175253359744 0.9076072727754374014 0.01723504763169404069 -20.93966507136079969 -0.03014402283362676779 -0.03290220656858376669 0.9990038952328084143 -0.2882682777588509992
0.9070251980225666477 0.4187133136649605625 0.04454717849462562496 65.07969761778035434 -0.4197580739523720239 0.9074761826513390028 0.01703341634401872237 -21.31493761296676936 -0.03329338528775170614 -0.03414877567735098707 0.9988620583523128982 -0.31978359737822315
0.9066237185524859132 0.4192851328285620016 0.04725897107426207944 65.86533498800152131 -0.42041195713806645 0.9071799678340596307 0.01668209387142560382 -21.69732449398123109 -0.03587783791428060531 -0.03499261850061530926 0.9987433591253895848 -0.3556363512668372362
0.9063943915657443062 0.4199195602040464714 0.04600836767593954879 66.66019081595979401 -0.4209091788926898059 0.9069944422470248568 0.01401944566985301351 -22.07389983308842574 -0.0358422943189456375 -0.03207249118868811533 0.9988426729204682442 -0.3907420275945997501
0.9062598575039244597 0.4204702248774408457 0.04356444270825584469 67.4574021924861853 -0.4214107185793684596 0.9067482919592541046 0.01485063282811745905 -22.45904863415102071 -0.03325773509105692249 -0.03181705549684864937 0.9989402374697514686 -0.4330358263238811567
0.9061164500702848512 0.4207386101749132079 0.04395453128071461629 68.25661877066634986 -0.4218849078227335236 0.9064103733615912484 0.02081729122398830872 -22.84031580470181666 -0.03108220493189901498 -0.03740664340171532404 0.9988166195883948495 -0.4621058433639875229
0.9059826122055603115 0.4211404948844574836 0.04285078703668844524 69.06208346608929105 -0.4222551675696235018 0.9062307409559772209 0.02112859690395044523 -23.21572666062881396 -0.02993459273046104874 -0.03723610767594646292 0.9988580441900674067 -0.493191406914320063
0.9058587777825709564 0.4213855031480125968 0.04305963830506493589 69.87102794662324357 -0.4225445688966527058 0.9060665183116363153 0.02235065302337029686 -23.59618173103753236 -0.02959665538888902117 -0.03844115153485198888 0.9988224646344644464 -0.5309384572039348438
0.9056739126847056509 0.4216282321450435244 0.0445465794491725145 70.67426738922793561 -0.4229804726179501317 0.9057405729434750974 0.02686139065501003814 -23.98751193808478632 -0.02902212373813627122 -0.04316999400359938094 0.9986461174767854443 -0.5603390081779823229
0.9053426114528233537 0.4222122725413164912 0.04573349760601381347 71.48774753378613411 -0.4237463656019251346 0.9052390665304586026 0.03132491127239855205 -24.36730659918140773 -0.02817398670656640763 -0.04773918037169398026 0.9984624164837138105 -0.5960375106577676663
0.9052742155711521743 0.4224346013925035503 0.04502890369964267225 72.29787539672362584 -0.4239256835432854698 0.9051668142062796463 0.03098472675388089237 -24.76208907781195734 -0.02766964861347560173 -0.0471385829868818107 0.9985050548392810921 -0.6250627619791414569
0.9051625220542940387 0.4226958353004606206 0.04482231015861897622 73.11594894011732038 -0.4240740560424114958 0.9052147357480939682 0.0273400288267224012 -25.15892742420621175 -0.02901729932380329308 -0.04375514831598968646 0.9986207905585575695 -0.6556662741643767278
0.904952614846319614 0.4229423889395803604 0.04669582980191454985 73.94014114992590692 -0.4243445058644929047 0.9051432046713310253 0.02544640210191193713 -25.54633275811938375 -0.03150405093679218421 -0.04284290694378198316 0.9985849889214130082 -0.6889540964677645096
0.9048705379110760783 0.4228225742076193727 0.04929888802967218042 74.76382365379660655 -0.4243267600409064699 0.9051606092686477201 0.02512114928894474894 -25.94110302234770415 -0.03400162251579939149 -0.04365022530128209732 0.99846810039051348 -0.7167074141805027665
0.9048472404883260989 0.4227144332273875538 0.05063575142041385618 75.59152346692997071 -0.4242182168222583538 0.9052560814540515644 0.02345914547887529081 -26.33952917968238694 -0.03592180252722367712 -0.04270755122579759921 0.9984416303277278137 -0.7473542930180812061
0.9050025991505651346 0.4225109752862734602 0.04954564858152059326 76.41622082568501639 -0.4238051442088588416 0.9055557048281770438 0.01892261068805959831 -26.73804874108547125 -0.03687133402563352869 -0.03812271259742097684 0.9985925913561468636 -0.783561722170808217
0.9049477123159329617 0.4224901554866649089 0.05071199553373073599 77.24429700624553163 -0.4238691150369258698 0.9055030304189353174 0.01998087135082037349 -27.14328543571337349 -0.03747814419061755442 -0.03957689248764284518 0.9985134241907059893 -0.8205367160922618641
0.9049576539040284917 0.4223755393922444812 0.05148347660781235624 78.07850476173798882 -0.4239044091122324831 0.9054108859746012872 0.023155549958844477 -27.54524383681512134 -0.03683336226474104996 -0.04277886489609156184 0.9984053646402728521 -0.8615809620840839678
0.9051006629308312457 0.4222035598361263964 0.05036808537032400057 78.92007913174404621 -0.4237666153753009701 0.9054133301130975475 0.02546678909624908518 -27.93966648054870205 -0.03485176689253362964 -0.04439432075405113504 0.9984059788629348065 -0.8971924925885106372
0.9051964418251648992 0.4221126055450425407 0.04939989824924840428 79.76148478998774749 -0.4237251931168704577 0.9053507735765632392 0.02823008151581020073 -28.34806054576467815 -0.0328079628311729668 -0.04648575076616227875 0.9983800441468041464 -0.9382519219443010705
0.9052328128768710735 0.422089484652556135 0.04892873835249906406 80.60800755533809081 -0.4237184951471111294 0.9053159962277353978 0.02942080631883742942 -28.75105402268497912 -0.03187775652857813974 -0.0473646906452744737 0.9983688670620604055 -0.9754689721789049361
0.9051513403760743648 0.422166615973511683 0.049763434094417483 81.45271545506325594 -0.4238178828360691375 0.9052866626890402335 0.02888703075243029966 -29.16496551130403603 -0.03285503315700494253 -0.04723776788559544415 0.9983431975435295147 -1.012824006802435672
0.9050192472236859853 0.4223249033364475657 0.05081179170756639635 82.30080621264202989 -0.4240236400823444995 0.9051925729285551503 0.0288159429188211344 -29.57680508480425985 -0.03382476616314213091 -0.04762438384738039432 0.9982924437544171692 -1.051998283126298173
0.9047697822700724313 0.4227865712276158705 0.05141163565343710717 83.15975647456110664 -0.4245867318808810298 0.9048579316985141396 0.03095529927169085246 -29.97991546618864334 -0.033432741462203798 -0.04983611774489610929 0.9981976824088695244 -1.089052423137016001
0.9045221967196704904 0.4233640792940561726 0.05101423335617062682 84.01898096410120331 -0.4252031478516538066 0.9045052929855442736 0.03274840481885182841 -30.39487263055748301 -0.03227814583377380114 -0.05131307167409548259 0.9981608537590035413 -1.132752135321530629
0.9043789358565142988 0.4238752854623055177 0.04927963832342768108 84.87396270423657541 -0.4255008121786990061 0.9044999443813102058 0.02879078757995982493 -30.81623632244399502 -0.03236972681853135525 -0.04700630796452603261 0.9983699754085344491 -1.173630013767757552
0.9040568909245336737 0.424445125563531811 0.05027398290590734398 85.73995054898193757 -0.4260664172170670061 0.9042810087844883604 0.02726289184074920727 -31.22715683692669231 -0.03389020642719622889 -0.04606726101111157518 0.9983632912779075719 -1.208322251376917622
0.9036565295156697708 0.4251096005393866228 0.05183342737016980589 86.60513235076921035 -0.4267602523761657163 0.9039896859523876005 0.02604485906153204341 -31.64839122057174237 -0.03578496409844317966 -0.04565605349728411172 0.9983160627394143116 -1.241654621745079901
0.9033448395932955899 0.4255037693879484273 0.05398743387873402438 87.4683121085952564 -0.4272664418586257229 0.9037410955118710953 0.02637081615105522914 -32.07732014372595586 -0.03756978096333120354 -0.04688895946436378442 0.9981933365028623495 -1.285427154529852123
0.902958273014575874 0.4260318458153406485 0.05624254213412277492 88.33856383998481476 -0.427897244471917515 0.9034460017051337832 0.02625395544194414343 -32.50361630377882705 -0.03962707871992057762 -0.0477722550669463647 0.9980718943432601575 -1.321625658454784302
0.9025958984013787711 0.4266785985113731305 0.05714908364425747705 89.2158346390182686 -0.4285081629180523266 0.9032109981877013416 0.02430323158290246394 -32.92461560832764889 -0.04124801209275206354 -0.0464248459894774923 0.998069804759792123 -1.363176316779198594
0.9023824274589334893 0.4270405419747994036 0.05781288890197672226 90.09672594839322812 -0.4289115376599689777 0.9030129375924741408 0.02454643360595289148 -33.3476370428137372 -0.04172346432744679368 -0.04694688541831110173 0.9980256221530768856 -1.402068364483923357
0.9021987859872014903 0.4274121050106658437 0.05793309117914714063 90.97215958966921789 -0.4293451585795484138 0.9027691564628967935 0.02589565491684360163 -33.77638318486747693 -0.04123209147644883027 -0.04823632064763416771 0.9979845549921383396 -1.441224843583907012
0.9020053586146249414 0.4277599397430916772 0.05837608227252286119 91.85892012226211989 -0.4297794445210736947 0.9025162081802816649 0.02746130075294654638 -34.20448537051419891 -0.04093851606567016493 -0.04985908064608698953 0.9979168853063203892 -1.485598925801656867
0.9017558895268817931 0.4281262422555526248 0.05953348969884073721 92.74778549048484422 -0.4302753772423391077 0.9022262324299462621 0.02917062313745456825 -34.63643403433263757 -0.04122396684630079411 -0.05192057595409038662 0.9977999991732063867 -1.541441561038329855
0.9014469263740080285 0.4286784872846089445 0.06023448738250429535 93.63670699606157655 -0.4309218692590325306 0.9018720224829567256 0.03054828402385924638 -35.06817634027400743 -0.04122840677439472412 -0.05349401463603649376 0.9977166977017897231 -1.587232889889743204
0.9015043096769435049 0.4288262916271775027 0.05829229145590841127 94.52947555072444175 -0.4309733871260161275 0.9018413774190826571 0.0307257150279821277 -35.50862401402905988 -0.03939440598646805347 -0.0528217908077212861 0.9978266077795473477 -1.63095274449355121
0.9016249476874327318 0.4287516633085981521 0.05696020468489029764 95.42208056016470152 -0.4309493088022529061 0.9017377256420273657 0.03393769875528221402 -35.95511162678879202 -0.03681232063446393532 -0.0551460367030515014 0.9977994626604341777 -1.678105322455012649
0.9015234363327002676 0.429149080382404402 0.05555682271167283054 96.31769762976414029 -0.4312668093579224426 0.9015888801914411221 0.03385897608287451177 -36.38774537376730933 -0.03555886512695610735 -0.05448447413786664667 0.9978812600649453746 -1.725534334109637857
0.9011423994923429825 0.4295928572858473959 0.05824390788884331593 97.22134495981669033 -0.4319320044377963352 0.9011953603522790957 0.03580036343213938155 -36.82656345919178165 -0.03710955913952657809 -0.05741863328665448157 0.997660253378855777 -1.768560626157198001
0.9008523460903365976 0.4301734519868656847 0.05844528851190737562 98.1238092952009282 -0.4323271209808233206 0.9011949648143386948 0.03067402578266327506 -37.26074296171103839 -0.03947544816678986296 -0.05290025140759418293 0.9978192483576594496 -1.812334923798478936
