1 0 0 0 0 1 0 0 0 0 1 0
0.9999117940684315586 -0.01326837593219952136 0.0005952167440902441471 1.42185214899439738 0.01326748332674960659 0.9999108887813524804 0.001479318309291273665 0.242821827888983488 -0.000614791855051881244 -0.001471290796413696807 0.9999987286663755137 1.372453603431059488
0.9986806091751064818 -0.05135055408606764571 -0.0004018117619859251687 2.020839054134517809 0.05135212583614060661 0.9986491999336289949 0.007920520439460359066 0.254159049038466256 -5.45411858514748451e-06 -0.007930704065628095198 0.9999685514571325928 1.369404910629083316
0.9971677525232325312 -0.07517770838635361164 -0.002187576179645663466 2.621371823470376672 0.07519757736222518196 0.9971059812590060689 0.01117973597035088092 0.286416815887929721 0.001340778362568950492 -0.01131257262036259453 0.9999351119018130563 1.357956849393298748
0.9961672719861448533 -0.08733818057471630369 -0.004775818001167417108 3.254601357883482038 0.08738842398219162644 0.9961069735978040907 0.01158276753337882277 0.3316621909905673737 0.003745607773211588696 -0.01195572514412347048 0.999921512449195915 1.329918103125302453
0.9957384398664316238 -0.09200724213826953768 -0.006294979465776143375 3.906712140090490948 0.09207390401387188783 0.9956883154149148707 0.01127717809796600391 0.392151180713181946 0.005230255443954181203 -0.01180872306046572978 0.9999165957657029091 1.317875992157151455
0.9962767133079646342 -0.08584260760592374306 -0.007984813065755245326 4.578404359997800377 0.08593763984782136489 0.9962229031150717784 0.01243580983950747995 0.4609808276530035775 0.006887131308883120799 -0.0130757037437244112 0.9998907907336384016 1.307164441569029112
0.9962670312892882851 -0.08584004479539902865 -0.009137235662506848488 5.274943494062950045 0.08595796562400198626 0.9962085568951579706 0.01340668917554964541 0.5158798217943336706 0.00795176155396974671 -0.01414206061331924925 0.9998683771426106759 1.302878571619580095
0.996103611818373591 -0.08769151569220884346 -0.009369770434428437156 5.99347431688517851 0.0878074164974254473 0.9960556034514912449 0.01277076508801854374 0.5679482239647126729 0.008212924597149066225 -0.01354374056488038235 0.999874549611636354 1.299555965027173521
0.9960514769673688429 -0.08823131877044884663 -0.009833087976348379652 6.734836923624532901 0.08836367577811035656 0.9959905347321547087 0.01395405055665309077 0.6192505052568256785 0.008562478268828525516 -0.01476784046447133028 0.999854286810789139 1.295302159162027733
0.996447108983480212 -0.08360610562845675886 -0.01015766213789725224 7.496785852871870048 0.08374145147178077564 0.9963930288912382638 0.01372229143923598196 0.6842133638670098161 0.008973756396500063084 -0.01452415500424292238 0.9998542496871976049 1.293908319019685171
0.9968726947411666872 -0.07825274421428791982 -0.01101537572750079311 8.283231795943123643 0.07841853022136656415 0.9967996789947924929 0.01552205121107363452 0.7461737820178708791 0.009765479886078596433 -0.01633731859308009196 0.999818847303741709 1.282823018158621986
0.99705439489619474 -0.07570145734401040327 -0.0123216465691871422 9.092893962768549443 0.07589927962583491172 0.9969794947854416778 0.01646773602061944383 0.8043488841583019688 0.01103779735555562164 -0.01735443267175443283 0.9997884729762487321 1.272949701560541547
0.9971294481504613394 -0.07451952601262128162 -0.01340536735828977595 9.927109692120684059 0.07476682046309336693 0.9970199622296747055 0.01900309115321948891 0.8558048185011646325 0.01194931751172443463 -0.01995081848928172835 0.9997295527554498351 1.274887645067971143
0.997548381207917001 -0.06835124726238148152 -0.01501113410575814246 10.78530645980266556 0.06868012170215760659 0.9973824796452768204 0.02261039981105621502 0.9086940519364210544 0.01342639312850203541 -0.02358593424725379667 0.9996316499957587087 1.268919495744251336
0.9979543592832443855 -0.06161258612690072994 -0.0170583122941393231 11.66983927243786034 0.06202795735863293053 0.9977613231708366559 0.02499748967990386705 0.9575163991561985721 0.01547996425980241279 -0.02600444606478909473 0.9995419648475889485 1.252445698850628508
0.9985399307758000553 -0.05064379681165091796 -0.01879394824832416808 12.57957056852257693 0.05112263479108725139 0.9983554931761801088 0.02593810819938946466 1.005642545456675752 0.01744943719085478503 -0.02686103291845523891 0.9994868693746187249 1.236755474308138147
0.9990700373240289922 -0.03819894534530495628 -0.01999752724387773503 13.51477341674473998 0.03874043088696371706 0.998872772132047948 0.02742925642321008065 1.04515946445030683 0.01892721680690574726 -0.02817846106060847497 0.9994237013380261603 1.23495486199209159
0.9994594284626930891 -0.02566047228268350869 -0.02055215364034783387 14.47446388833651021 0.02623982919026291577 0.9992511994088144611 0.02843434268822640429 1.071046864653874886 0.01980712551312424977 -0.02895825689290188604 0.9993843590614334138 1.240195959060499398
0.9997169154978516881 -0.01355807382700597793 -0.01955166237338323842 15.45465481805700669 0.0141111317584722562 0.9994961186892589167 0.02843210659803168533 1.085307524915945399 0.01915632605580595144 -0.02869995399313832879 0.9994044965942645575 1.247529662440172604
0.9998513009734230073 0.001541709239261266663 -0.01717553709130965542 16.4546723352220603 -0.001045766818707275642 0.9995833037860315518 0.02884657976195724449 1.085310607708320108 0.01721285314857093005 -0.02882432869684299973 0.9994362789901425348 1.248547095796372242
0.9997443915985071428 0.01679970516850672405 -0.01513014783741449543 17.47323917667007009 -0.01631827084649985909 0.9993736873207286209 0.0313997950240250609 1.072911181398392477 0.01564817893273983893 -0.03114487112225325371 0.9993923811490995623 1.25421821032524794
0.9992935582006555739 0.03458669343876385333 -0.01470187660286865518 18.50652571759744092 -0.0340978831060128329 0.9988967024713749643 0.03229105386174543901 1.043589718917611764 0.01580249683947736183 -0.0317669392417089802 0.9993703731174202742 1.266069604605971177
0.9984894077364298015 0.052946648402431018 -0.01468179352474003642 19.55564153924458282 -0.05244705966462676061 0.9980931677266547952 0.03254741879023236029 0.9956432486536485049 0.01637707454610957958 -0.03172823601023288392 0.9993623519369688735 1.275132465083414157
0.9973746891549226667 0.07107313054015916565 -0.0138686534437503714 20.6170444569504383 -0.07057060759998602661 0.9969316392759975942 0.03386880501938184518 0.9286701321014578792 0.01623326141261048974 -0.0328011695781355514 0.999330057837857777 1.276668793304732485
0.9960103974007187277 0.08843596770556676201 -0.01193180144161893122 21.68043831982318181 -0.08796077754645433011 0.9954821619249045739 0.03575146014838130604 0.8413254990037570824 0.01503961046987061304 -0.03455929549771051545 0.9992894801866056831 1.274093787739480899
0.9941614667274032424 0.1074611619232854615 -0.00975073087084975601 22.75136909202287683 -0.1070127927573902848 0.9935104228259628023 0.03853961497525006108 0.7379258328081478302 0.01382896455567653345 -0.03727114720898866418 0.9992094982159865912 1.280543785970031934
0.9916938235091138365 0.128348948780968003 -0.008361086095419613395 23.82452015031915948 -0.1279007486315742459 0.9909245511575323073 0.04135132903216032912 0.6155349611881373306 0.01359260509826686579 -0.03993846842410928716 0.999109683581627106 1.295852996400983503
0.9886303690629200114 0.1501178433928700984 -0.008638660867773923294 24.89851171709148403 -0.1496079433362564326 0.9877826291655842361 0.04362270978998676607 0.4700105675769271074 0.015081666261065425 -0.04183432339359220709 0.9990107270339944057 1.303877128401713215
0.9850387578322035154 0.1719770174027450971 -0.01107027793893810078 25.97014526868393247 -0.171339719932035478 0.9842256290288100562 0.04407506706126305268 0.3024246681969660622 0.01847554984299710351 -0.04151887098777018448 0.9989668850416913992 1.315146977798340444
0.9808828311869266514 0.1941794258992161903 -0.01277583813962387439 27.0421625799298333 -0.1934157233095312456 0.9800436080867223065 0.04587901726290501137 0.1048222065327245184 0.02142963973962006344 -0.04253089237025130254 0.9988653030988814407 1.328705912955847612
0.9763749764852314161 0.2156654798228700431 -0.01342781092490751699 28.11117293876461787 -0.2148370620825344746 0.9755324913264750153 0.04670540784648190974 -0.1156244771276232208 0.02317201003817024804 -0.04271720003853503311 0.9988184513572317957 1.345511166232740363
0.9712800811850801352 0.2376287108980515428 -0.01214905963580574337 29.17537792371550154 -0.2368352627365776231 0.9704257062592762662 0.04672265998079537519 -0.3592961452348562568 0.02289240523842724084 -0.04250346324848142121 0.9988340169388929546 1.375352754410437583
0.9656432212434818974 0.2596274934204454432 -0.0112576163875115591 30.23565219925786351 -0.2588788758795498857 0.964834530996267703 0.04556375116858621399 -0.6293011372438708229 0.02269133953411354293 -0.0410839683748878623 0.9988979981222901872 1.399514647958761016
0.9594832927691562263 0.2815615340443458625 -0.01071976881524281701 31.28612054932325748 -0.2807944433648740801 0.9586401583417742955 0.04651373334692116002 -0.9213148799866118788 0.02337287898972035746 -0.04161909851321417969 0.9988601299314530113 1.426928540823765523
0.9528575178967366721 0.3032228045790352766 -0.01088491483174296864 32.32811974898756091 -0.3024034591592239529 0.9519911843561281728 0.04759131009703437137 -1.238078329201334205 0.02479311348349989494 -0.04205610171474145897 0.9988075819858165394 1.444400805863098158
0.9458765767424943682 0.324312251204231794 -0.0117925946569602258 33.36230208721924129 -0.3234479080896470737 0.9450703025286203429 0.04715478799542285188 -1.576327416608352294 0.02643770644990466392 -0.04078831937338570079 0.9988179817566178453 1.469957631499038353
0.9386014516371784522 0.3447331340500432439 -0.01365215267334640541 34.38861149621212832 -0.3437892051141087646 0.9378826415906714731 0.04674540672529707563 -1.940556101086583274 0.02891880757553289688 -0.0391818438940679456 0.9988135389938755937 1.496124582050612384
0.9312181207827427976 0.3641656465534223175 -0.01470351645644751327 35.3989539437730798 -0.3631249207443598692 0.9304985599298155607 0.04809076733575562423 -2.3279731273094324 0.03119460626870440914 -0.03944378073749155861 0.9987347419114211977 1.522464400577104859
0.9237113918890791364 0.3827594498656715638 -0.01588924267762933593 36.40151806570867166 -0.3816731369073264046 0.9230680589208770659 0.04765474964120101908 -2.729926583876591817 0.03290715815231447933 -0.03795473802534683749 0.9987374814253071609 1.558048920332012477
0.9155784361002754501 0.4018128500837160333 -0.01620372968717607651 37.39192078408630238 -0.4006636355707680064 0.9149264376681862654 0.0487674562286900537 -3.153187644521269206 0.03442061125820906203 -0.03815818606018272358 0.9986787142806277107 1.589856682541912924
0.9072940880684621234 0.4202258197808385609 -0.01508967016007954805 38.37014993713105326 -0.4190469938522539683 0.9065610419735109504 0.05046478097932392132 -3.593907986861144988 0.03488631106045517183 -0.03946311651940697524 0.9986118403740108507 1.628797034468204563
0.8988493587733491497 0.4379922122793843964 -0.01525294120324850386 39.33874489214143466 -0.4368027252528264848 0.8981561166136332597 0.05018933553277441645 -4.050183248487988052 0.03568206054087794121 -0.038450125775194674 0.9986232414596751816 1.664218563491169922
0.8901452972393270047 0.4553967081554696761 -0.01597460496763676227 40.28917775028582327 -0.4541721814859216999 0.8895072551772755798 0.05004470552723939286 -4.52536336796693206 0.03699972117501850594 -0.03729183809027167285 0.9986192164407912131 1.706361077960980133
0.8814630569260450965 0.4719313127478972913 -0.01742743017883655043 41.23036793823759183 -0.4706591792374328342 0.8809191042981956432 0.04961319060502816791 -5.014065572987427721 0.03876617435520262472 -0.03552981467037379104 0.9986164508936106188 1.744832309688219674
0.8729663054379979137 0.4874333489736044078 -0.01839999669317039788 42.1578917192875906 -0.4861300432023515361 0.8724938030207378681 0.04931677996878602172 -5.522530403826932499 0.04009252631117297266 -0.0341070960180757457 0.9986136867353669899 1.78222972115257039
0.864572794047162918 0.5021123642221825278 -0.0199263014303276767 43.07275911767656851 -0.500780641905987145 0.8642085673015902358 0.04860350702120395244 -6.043412138730602123 0.04162490223062927097 -0.03204256384472151803 0.9986193677355489351 1.824302699418020701
0.8564160583825227713 0.5158286403248868446 -0.02173358610818558467 43.97578353006029772 -0.5144337336469122501 0.8561495288307774398 0.04864070280059275969 -6.58179781363693639 0.04369746709640289634 -0.03047618912226881735 0.9985798582316501859 1.85964136318193396
0.8486503697106517752 0.5284321385841121987 -0.02349521017985689922 44.87346267439394154 -0.5269665478911463863 0.8484740021953636191 0.04897065450114061747 -7.1295407120579668 0.04581274269962585383 -0.0291777742469094617 0.9985238355173772229 1.89466454200154133
0.841712786110414557 0.5393396598747288717 -0.0251459138719461392 45.76348606194384416 -0.5378335302137522422 0.841637489384307047 0.04879990000700170499 -7.694164834367756889 0.04748346529115584497 -0.02755118416860329045 0.9984919893393493506 1.938202941547597202
0.8356009153165510073 0.5487467909247430997 -0.02545721453612884849 46.64346915930176607 -0.5471779135738075173 0.8355271677659774632 0.04990674124784217486 -8.269437239122890304 0.04865635846584750318 -0.02777249313188340576 0.998429390295619501 1.984866386413667749
0.8293978960901178255 0.558033284365288651 -0.02641937739188885206 47.52243297722611004 -0.5564126332339826009 0.8293756595989264513 0.0504083013249922024 -8.858918937605821498 0.0500410984982513074 -0.02710846372140201035 0.998379196325601348 2.034089590955844962
0.8233491086804749504 0.5669514068730281409 -0.0257361123668970633 48.39401551052322503 -0.5652953006191490104 0.8232808086140099846 0.05147750252069025617 -9.455856406294074645 0.0503732898764152337 -0.02783545244029394725 0.9983424859508237548 2.083467572227572173
0.8176458638299848314 0.5751824690596387679 -0.02490720072942153446 49.2606303684979423 -0.5735433875899976774 0.8175495255024245456 0.05158251547327119546 -10.06539046070485277 0.05003222874815536902 -0.02789087014092990133 0.9983580897900682372 2.126107656935453338
0.8123756165508013716 0.582558290494840314 -0.02591709492660437472 50.12436214884645835 -0.5809719950305675118 0.8123872701666531304 0.0499846402545380819 -10.68421301859902073 0.05017368457575743096 -0.02554919659994443759 0.9984136617300415351 2.176014265617578047
0.8073631325112499146 0.589401548273989051 -0.02775945161285678711 50.97993059589256859 -0.5877695077968259074 0.8074822063261786198 0.0499949214509204376 -11.31535807515530223 0.05188234734376336726 -0.02404789718107037261 0.9983636214702886758 2.228217945307000125
0.8027643061096325638 0.5955665011860740155 -0.02949595737212561825 51.83307501637199977 -0.5938260493305967946 0.802957867575911699 0.05127656418248414255 -11.95670903671527796 0.0542226149566372162 -0.02364752762812488002 0.9982488179128193861 2.280586920657011518
0.7981518199029860039 0.6016879785417280635 -0.03041790367399654915 52.68445502050369811 -0.5998646015658425368 0.7983828508660152368 0.05241453263463467099 -12.60218641981170862 0.05582232683975597159 -0.02358813094382799722 0.9981620449129351424 2.336023584266128772
0.7938161422551286428 0.6073509103116186969 -0.03131779109121905769 53.53140351704206523 -0.6055203509057515143 0.7941155895462025383 0.05220665741706417839 -13.25073898708087228 0.05657770704226898484 -0.02247892753970099841 0.9981451101330427456 2.383381161480443655
0.7897319399531776973 0.6126780702782151922 -0.0308065775111915699 54.37466445628443523 -0.6108064626395373065 0.7899928317424183 0.05316757464254619203 -13.90912814638265438 0.05691158243772669045 -0.02317127522942174361 0.9981102964044986647 2.436177551300551247
0.7857778910001096406 0.6177682988916328721 -0.03025615474507537678 55.21007457699953136 -0.6158505325596806967 0.7859945035377511324 0.05422879266959233779 -14.57162213149104701 0.05728200032625800631 -0.02397851732243169026 0.9980700391984724806 2.49369493591204705
0.7820394456992171284 0.6224688188363312058 -0.03077133320095253033 56.04466246728147638 -0.6205440653874447765 0.782298800259300986 0.05416317960829994393 -15.24068412811882034 0.05778726748068288566 -0.0232627747562712886 0.9980578515435640785 2.553556058577880705
0.7785867121699652227 0.6267733531511272549 -0.03094988549342472112 56.87342020210139992 -0.6248603156792538194 0.7788726718244902703 0.05391611052554889233 -15.91408997614793641 0.0578992013898908045 -0.02263901200742144543 0.9980657080642238999 2.613044187708611688
0.7754441702029316597 0.6306872059071191305 -0.03033129082907442403 57.7034744356127689 -0.6287331100400987971 0.7756814098241038291 0.05489104473951735702 -16.59235411452479525 0.0581464980681702312 -0.0234946538251123542 0.9980315556153754875 2.671227674555114895
0.7727614185883312503 0.6339291030590562537 -0.03120388174715380686 58.52934677488456572 -0.6319474052805122977 0.7730547209397043984 0.05503521956042125435 -17.27651491584529708 0.05901073546887759119 -0.02280988223503762832 0.9979967146097454833 2.732673435890027314
0.770458640908682324 0.6366278327945786852 -0.03314340296988372431 59.36014259982687236 -0.6346230885445166559 0.77088161270119826 0.05472727551612985297 -17.96610780464487789 0.06039054673841520726 -0.02113153355716929777 0.9979511211247560354 2.78859709906004305
0.7686004885928050534 0.6388019451449024055 -0.03442911288416504456 60.19670640187278821 -0.6367915539318916851 0.769113983005246804 0.05440770153950386795 -18.66211762464910251 0.06123565771597579838 -0.01989361769247021891 0.9979250664249283975 2.852151787535845529
0.767440379770761294 0.640207940235023476 -0.03419147199724455882 61.03545832019721473 -0.6381695254230429493 0.7679319162041613467 0.05495660921429836726 -19.36984928075117551 0.06144038019607200168 -0.02035596558833763919 0.9979031588016586962 2.910113486362280177
0.7666443579648574147 0.6411780570137733948 -0.03386927227877545299 61.88251308136827333 -0.6391617062191546905 0.7671236383294590677 0.05471413728820376937 -20.08182543968974443 0.06106342361570065574 -0.02029834279481281673 0.997927470097959457 2.966535218023987674
0.7660612841469666145 0.6420132104060375378 -0.0311311194021923858 62.73332340314666311 -0.6399411293158421277 0.7663346493331448794 0.05662646237767842566 -20.80802472284522153 0.06021179237545738056 -0.02345725677863891301 0.9979099644573932171 3.026562555062449977
0.7654913459652946672 0.6427864493690134129 -0.02913039237322777308 63.59249151149099788 -0.6407497986892715103 0.7656422046094114586 0.05684813102027294618 -21.5373997972126503 0.0588446661295610185 -0.02485145928143497537 0.9979577697676809134 3.075286240329412557
0.7650264588694813961 0.6434616031335824715 -0.0262998578395758735 64.45457378492791634 -0.6414932373051706049 0.7650131779188825698 0.05693210080599861445 -22.27270261836312315 0.05675335867905935416 -0.02668338252943817587 0.9980315893675077987 3.129580998289036131
0.7648011229259776833 0.6437414111984798293 -0.02600457420057687707 65.32468535375190299 -0.6418755544091814258 0.7648160945405316768 0.05524594268970815791 -23.01500451073405529 0.05545281799033774384 -0.02556045852402303448 0.9981340831456323448 3.184966467984395866
0.7647269280816899606 0.6438707979676093762 -0.02496239153798989613 66.19680907171790807 -0.6420650422056390916 0.7647005740089606318 0.05463985439070208339 -23.76339311844509794 0.05426976178511262738 -0.02575708902263927277 0.9981940519362290098 3.24027356453567883
0.7651136165110147269 0.6435057316727181842 -0.02239480149042319054 67.07310273596269212 -0.641798172675667411 0.764965067031179391 0.05406987860313239996 -24.5190912014519391 0.05192551761523529763 -0.02699665768836625318 0.9982859916346853435 3.287164855910681638
0.7661143286736822322 0.6424415833165240119 -0.01837518507746390903 67.94837556394574563 -0.6408086826527914504 0.7657366997060771618 0.05487749046775967227 -25.28071747641182654 0.04932613544225054186 -0.03026745362601322362 0.9983240023225575799 3.336295860093150267
0.7674600402849565128 0.6408582386685490739 -0.01748726669488650728 68.83530855140827498 -0.63918515771965978 0.7669917991008379232 0.05626645770753331555 -26.04096487872654819 0.04947141312623536125 -0.03200465657845853046 0.9982626313954601205 3.389087665521820725
0.7686157685450913934 0.6394831528410910293 -0.01706158188024986186 69.73258116976275289 -0.6374893360538177456 0.7678950153122729994 0.0628059859904018386 -26.80023575565219573 0.05326487361762162476 -0.03739709468637661405 0.9978799078784565957 3.439871804186265702
0.7693985907429699012 0.6385249973970990034 -0.01765322241876685072 70.63029637409788108 -0.6361769900732090477 0.7684709825771691705 0.06878361896754331406 -27.56499057626727733 0.05748604930001672414 -0.04169144559636524944 0.9974754019523295323 3.49042521246826043
0.7697407836160378158 0.6381738747392845523 -0.01527192320620245763 71.53448140106918629 -0.6357681439976478055 0.7685524303495978593 0.07159629097594799596 -28.32841550099530536 0.0574281561253213238 -0.0454011828477461285 0.9973167698780920354 3.551678184395944182
0.7700121197544800289 0.6379357181015355982 -0.01092497146405851938 72.43556358229562875 -0.6357842443311731984 0.7686253715345683357 0.07066422640619379747 -29.09895747627859919 0.05347644426709126375 -0.04746638603922772454 0.9974403300974568065 3.605962962836182228
0.7701439602639797988 0.6378295510398179768 -0.007193350349991738113 73.34595234227953142 -0.6359104054705133624 0.7686123532268205327 0.06966352475619358442 -29.8647350227326811 0.04996235265918631818 -0.04907661650392802083 0.9975446100447264985 3.664321617184822522
0.7702047712188445638 0.6377614949101948483 -0.006699701608349654253 74.25870865693708822 -0.6358399704334029012 0.7686216745704832487 0.07020151978209215882 -30.6300019883629453 0.049921362070526977 -0.04980960741041581125 0.9975103310836652692 3.721624780241746588
0.769895811066352076 0.6381233860972068683 -0.007680118379227942986 75.17536583895670788 -0.6360669716732401113 0.7682797188037129299 0.07186849950653903529 -31.4051458379542261 0.0517614494476106024 -0.05044618707814108732 0.9973845469829375476 3.767806404733276437
0.7690242256930693854 0.6392110054615157688 -0.00332126392405476898 76.09261373965665598 -0.6371056175794036491 0.7668927949326274085 0.07727789547593794106 -32.18183693417846314 0.0519439346405514632 -0.0573125778280940204 0.9970040602107680394 3.817032415289414171
0.7677128442312843859 0.6407929477576744803 -0.001177669878151662393 77.00884404966011232 -0.6386451083112786309 0.7652873902316127408 0.08042161390175177338 -32.95954768901435727 0.0524348589431381587 -0.06098859283929696645 0.9967602405348517935 3.875244159806909394
0.7658004205896524752 0.6430749172222151033 -0.002089656515436120934 77.92825177242740153 -0.6406240635466273758 0.763157407773810692 0.08480318487512392145 -33.73383358411916078 0.05612953794320839351 -0.06360363039637659255 0.9963955304850996564 3.930104762358975101
0.7638471037628649096 0.6453828259694037728 -0.004313932872609003641 78.84140514241462938 -0.6426391625874350311 0.7611831273286183697 0.08726484618186508557 -34.52005776148064342 0.05960292595169566776 -0.06388469780761769912 0.996175806072415182 3.996387249481186732
0.7614428124120889985 0.6482175887314967078 -0.004336021804896414075 79.75786574501765358 -0.6454423862305626036 0.7587688381714186026 0.08760123444902333245 -35.30542232959698623 0.06007469919163561239 -0.0639046780691350097 0.9961461853753769136 4.057142053235848422
0.759032991887964803 0.6510313608811323371 -0.005204265064875386766 80.67669979802288083 -0.6483593352729261072 0.756595676104982795 0.08481247115662485236 -36.09196511607149915 0.05915310296217820424 -0.06100122989337797286 0.9963833400661821216 4.121531845363542779
0.7570273711962411944 0.65336793689780992 -0.004460750341376632129 81.58507711171043297 -0.650777036464465497 0.7545994344442787938 0.08407700248523571063 -36.88461643523852018 0.05829929733913041812 -0.06074563828188889181 0.9964492758587812915 4.195023532811804401
0.7554479356418588587 0.6552064961260599674 -0.001692326406256146635 82.4875714447751136 -0.6528495491062900058 0.7529443576917121961 0.08283876177206420111 -37.6892674838056152 0.05555072246305884504 -0.06147553704056864243 0.9965615262387996776 4.267558837096451008
0.7539977631931955582 0.656876093931913263 0.001081813482129893129 83.38866661988994622 -0.6548329911547349225 0.7515207206620150293 0.08006472451078824881 -38.50169217880959849 0.05177959825066916905 -0.06107703035018838961 0.996789079779970999 4.325527522595004726
0.7525646627024742408 0.6584763632796439836 0.007436898111812270326 84.29852649188006808 -0.6566471541230154418 0.7495276062865262601 0.08380263955589367653 -39.3044208024580044 0.04960789688805625902 -0.06795032315158251734 0.9964546202160635691 4.388655060730474844
0.7510709444048055961 0.6601426410040948101 0.01020441076262484058 85.21029788397454752 -0.6583663577360540087 0.7477132049570760497 0.08647948967344755433 -40.1115562299908035 0.04945882602969529224 -0.07167047272731380536 0.9962013691351803146 4.446073455430014754
0.749982719958828925 0.6613602515212655408 0.01133743669817111055 86.11409169906804095 -0.6594704118830337913 0.7462923900271363209 0.09025765584373743322 -40.92668161740144228 0.05123178324027452546 -0.07516838627583481702 0.9958539140309227156 4.497387514849693346
0.7487599742697742533 0.662796247654170223 0.007722371855778855342 87.03066461223505712 -0.6604756274033191099 0.74505368754356327 0.09309644614017484332 -41.73101494624566499 0.0559503935439157607 -0.07480733101301201282 0.9956271474246725095 4.544993766708858018
0.7483105783725944038 0.6633475256165111134 0.0011569589989987813 87.94206635292961494 -0.6605781630621091471 0.745025008921437748 0.09259711964797338879 -42.54477693309890185 0.06056210680914836386 -0.07005566600970808411 0.9957029852715987284 4.602462106082450433
0.747741313879311198 0.6639820729808105781 -0.003276320824780585943 88.85146779708489362 -0.6610426868596899208 0.7448774181640382963 0.09044444736189306833 -43.35845579749396705 0.06249394904599318845 -0.06546326198244281636 0.9958961128869089352 4.675510429851515326
0.7473296206787424234 0.6644218557864163266 -0.006483487449019588456 89.75655781033495373 -0.6615640891769136722 0.7449533961313969943 0.08589175457410631875 -44.1754018548382561 0.06189825496480155786 -0.05990020989639792404 0.996283378806793074 4.744004273067190525
0.7465270110568643647 0.6653020438009248361 -0.008403111139126799925 90.66224318822835926 -0.6625365326260653775 0.744466546166498655 0.08255243530481168324 -44.99250113590009192 0.0611781390558338023 -0.05606025466617769321 0.9965512947904028307 4.817985533721376612
0.7455544175236328286 0.6663747692713991588 -0.009658022027633264214 91.56814312123857746 -0.6635463755320419876 0.7435841247969446899 0.08239451964938074302 -45.81035112285328381 0.06208718087727113644 -0.05502105259308890522 0.9965529919388439462 4.898438453037178064
0.7446447054926423892 0.6674210653802606918 -0.007306440203944017907 92.47056577108787678 -0.6643815765235321358 0.7422150247716489124 0.08782925355100484888 -46.6345095444089992 0.06404204367352756 -0.06054732438265537919 0.9961087481556516465 4.973106773469036845
0.7440222594397489786 0.6681235624775883064 -0.006463955478429040703 93.36878470993852375 -0.6650471097975311219 0.7414590018247674275 0.08916776526845440753 -47.4648544734947464 0.06436784296620085 -0.06204396727543947526 0.9959956460329546513 5.040032849747161592
0.7431650650083472254 0.669072900179246921 -0.00686588645919443321 94.27624265390444691 -0.6661447725693842026 0.7407994403519366777 0.08641372085925340396 -48.28162657186846474 0.06290332367707171524 -0.05964598410613294183 0.9962356791695369251 5.106093913741613477
0.7425555044176728181 0.6697632357554289539 -0.005341431403031737975 95.18507804594851507 -0.6670175824794669639 0.7401885508714667328 0.08490261375273215616 -49.09811868640908017 0.06081831568091267126 -0.05948207452010873669 0.9963749371037596836 5.178018148071471316
0.7425779032882928732 0.6697543243512225075 -0.002683758707514612065 96.08067447190836674 -0.6670603386688556125 0.7399385159784174215 0.08672656540327772223 -49.92541523286258354 0.06007130865025689381 -0.06261100210422078371 0.9962285381841612386 5.249860650958947161
0.7427800251086682515 0.6695237616179084972 -0.003970759193444240581 96.97975737571123034 -0.6667796403522601167 0.7402471780241257626 0.08624979211006218727 -50.75291580948889703 0.06068562853985189076 -0.06141700136219922779 0.9962656304582622191 5.325824331039548554
0.7428781386361202888 0.6694091473317853591 -0.004844027772980180613 97.87915538370359059 -0.6666561805071328228 0.740441941897673428 0.08552933806854624843 -51.57986953143443287 0.06084084259914925019 -0.06030857440973566574 0.9963238769218024649 5.389670379798755739
0.7433176112338775177 0.6689301274253587337 -0.003378380122982455221 98.77516523622283273 -0.666257835002740828 0.7407809589170897269 0.08569753907398648674 -52.41170115864270684 0.05982830539989082708 -0.06144961780654293465 0.996315471296319477 5.456268087209289241
0.7437442764172149667 0.6684456603821199439 -0.004985018851019481362 99.67529781606643269 -0.6656594127682318174 0.7412854123268922679 0.08598536889728528032 -53.23572286424424505 0.06117186845018134089 -0.06063280125197055559 0.9962839283671360846 5.527512252606491927
0.7434482352730267252 0.6686794081423975689 -0.01235194704308916619 100.5833537144786334 -0.6656091345819897809 0.7415823630514746245 0.08378591034300099383 -54.04690187429584824 0.06518589901533063113 -0.05406891840349497408 0.9964072212866782463 5.61264884811324638
0.7438591278125468165 0.668153330803216372 -0.0156436730509448528 101.48599191032595 -0.6646463887365252621 0.7420056948964348642 0.08759410186053992464 -54.86835314252051177 0.07013398540973492246 -0.05476016141161921258 0.9960334074782434266 5.678891036826310135
0.7443060560933203451 0.6676931049233172377 -0.0139431883250262928 102.3785863692460936 -0.6640452276335045978 0.7421390734966473168 0.09095895363681902324 -55.69714090091001424 0.0710804510394680289 -0.05844239238256704327 0.9957570267151659715 5.755775379895377242
0.7446956221024350064 0.6673141142889256194 -0.01096828574819946715 103.2750165634805626 -0.6640050168100128936 0.742459228756266576 0.08860943113339861399 -56.51555049685244114 0.06727382903181597373 -0.05870405867941894812 0.9960060569203188496 5.84229546540015221
0.7448537437921344262 0.6671877817245601694 -0.007305085646460621369 104.170825565790409 -0.6643415705563734397 0.7426045453776997096 0.08478659572757377139 -57.3316341187940921 0.06199337052889205418 -0.05830054117965504518 0.9963723545485527744 5.933100030484486531
0.7451248198989849358 0.6669141666065591112 -0.003807512309097090247 105.067795769317442 -0.6642608511284288086 0.7426459411606989303 0.08505602703909405371 -58.14740172262570894 0.0595527029499127239 -0.06084817546170534497 0.9963688950957576562 6.012729873908959632
0.7455658528385356032 0.6664223940739766316 -0.003570960354945221411 105.966039815155284 -0.6636461590436297797 0.7429280245630418555 0.08735974991661608902 -58.97003103531229584 0.06087146020742756347 -0.0627625923266865865 0.996170428358847504 6.090837288265458227
0.7456690163823009865 0.6662950839522697732 -0.005345943180553673277 106.8681705236741522 -0.6633597835339194448 0.7430912472765520693 0.08814304176059384321 -59.78606874142307959 0.06270179899559047421 -0.06217925153952937739 0.9960934820992960459 6.149114234579643679
0.7461331188451638674 0.6657967925054343317 7.201681804273373607e-06 107.756202013963275 -0.6629637964040528963 0.7429572911035764449 0.09216001439648872917 -60.61331132152051282 0.0613544914404321462 -0.06876841342877679231 0.9957442099729100216 6.214652401959634531
0.7456987277808584391 0.6662737186565671488 0.003569203490826831828 108.6599331227713208 -0.6639337113157637305 0.7426089715398762614 0.08788596228615466743 -61.41921008826120953 0.05590558437656763247 -0.06790616478668787259 0.9961241480957470085 6.289775805821994581
0.7450266977653933198 0.6669777265844952785 0.008713888739910628789 109.5632640897586469 -0.6653697998061877117 0.7421813724954378078 0.08031089481920780648 -62.22271529681564317 0.04709829214172232131 -0.06563171916814596052 0.9967317735059751937 6.355717648702361444
0.7444618260875286442 0.6672792136230757398 0.0226945051717802708 110.4557906609309583 -0.6667134812683905842 0.7411571644372099144 0.07860783356878561778 -63.04453400494823967 0.03563317826697062068 -0.07365126387214379622 0.9966472635474549202 6.424764975540552037
0.7437843230338768707 0.6676399245708160013 0.03227711152059056093 111.3568403044253472 -0.6679586067344871481 0.7406108800277596549 0.07298509487443460841 -63.85808183115250358 0.02482298326874265298 -0.0758449438234519574 0.9968105958496112917 6.469048448555894559
0.7433041607081299906 0.6677574857518974172 0.03998580868617203354 112.2504343871690224 -0.6687240229438828898 0.7401545802518136874 0.07056471122318118405 -64.68375395376490644 0.01752443470505716736 -0.0791905142966396608 0.9967054512912537634 6.501988279469057552
0.7428711344635430258 0.6682090149870746343 0.04048690987037949218 113.1497381766596959 -0.6692977645434308176 0.7401377944914208085 0.0650887666386587016 -65.51724588909097236 0.0135270084651060718 -0.07545036418320956451 0.997057803031803136 6.509175214697334511
0.7425620546309473768 0.6684367957100439961 0.04235380931102661339 114.0551893153684517 -0.6697163241101816711 0.7401554028902705973 0.06041543505336414294 -66.34094988574418039 0.00903549902395840189 -0.07322724706849297049 0.9972743504393151159 6.521721474153080678
0.7421517869565303904 0.6684023120995007394 0.04948812278992187341 114.9539877254156153 -0.6702285726072126915 0.7398916131020014664 0.05791425836714492181 -67.18497913713403591 0.002094177195702304206 -0.0761495242359385982 0.9970942103836092363 6.522215521519965975
0.7416746434345320438 0.6682353321465178686 0.05814003919239047607 115.8590465841796231 -0.6707252751439334304 0.7397247870992569307 0.05417420635370592819 -68.03409950382422267 -0.006806509336990813376 -0.07917562896492877367 0.9968374447263973481 6.525618364650449088
0.7407876139355116241 0.6689318894051335951 0.0613501293935838285 116.784646118969718 -0.6715936190256202032 0.7394337069528835737 0.04690206718245089335 -68.87404609096684283 -0.01399006518217335571 -0.07594682586385791134 0.9970137199243566117 6.521044728576551819
0.7404694965703839671 0.6694058015587232013 0.0600066453680387496 117.7049948803646657 -0.6719060970024117729 0.7393988031025733321 0.04279727539771192163 -69.72856500654225442 -0.01572009732119365732 -0.0720089078517745923 0.9972800989341995548 6.498666427814764113
0.7404195416476330172 0.6696936770232316816 0.05735225628876919335 118.631916447245402 -0.6720187434548752226 0.7392344300671669366 0.04385505499485309322 -70.58507745480088147 -0.01302730945513519076 -0.07101293092370149218 0.997390321213308062 6.467115819192594373
0.7404609581902041882 0.6700154251797486582 0.05288572035290225321 119.5626479464339837 -0.6720289556071498138 0.7392267362903075512 0.04382824636171925303 -71.45451518636019728 -0.009728937331907721794 -0.06799384071208765257 0.9976383038975653594 6.43717137925142513
0.740033576620771294 0.6705992426203876144 0.05144862749220304593 120.5086024545508394 -0.6725001393723726295 0.7388905968957126813 0.04224036414659389227 -72.31535142336538513 -0.009688550872463839655 -0.06585849691619150015 0.9977819352774089934 6.418553696781927442
0.739680948494122692 0.6706949424283134009 0.05513971922232117906 121.4459846222723769 -0.6728137325469387697 0.7387309632103102874 0.03997806011581409025 -73.18663414198360329 -0.01392033516447980027 -0.06666976972698052117 0.9976779871649268383 6.40668184818100972
0.7393726494239030167 0.6705132141871100737 0.06115647867845903918 122.3792396417600941 -0.6730150356829152081 0.7386343573814581065 0.03834120290764000266 -74.07199575328192509 -0.01946399313097455994 -0.06950766645594579074 0.9973915165446547437 6.384817008811945804
0.7391466589411583854 0.6705398791438510475 0.06354909168408688636 123.322459282231975 -0.6731436541596426126 0.7386661096565825257 0.03535532929295238935 -74.95424947407794036 -0.02323440209530658329 -0.06891044131740262091 0.9973522515323833826 6.362032720220351933
0.738905284447064381 0.6708270975740660003 0.06332444848995907871 124.2689404447603181 -0.6733844971564056925 0.7385078194514306249 0.03405171946477657252 -75.84073473940607357 -0.02392278423632172163 -0.06780269736115018819 0.9974118981769440895 6.330823128154566604
0.7390029475650792268 0.6707159611846073011 0.06336199888208353392 125.2232240561484389 -0.6732714930733297853 0.7386193926211435112 0.03386575643304480521 -76.73327321053179162 -0.02408609775231267472 -0.06768672141699218214 0.9974158448906276231 6.296428334082751377
0.7391433329655017204 0.6705659758576710816 0.06331196849489641176 126.1820277905014791 -0.6730897863852064456 0.7388371848854804469 0.03270708936019218332 -77.62806817602253773 -0.02484497527804618855 -0.06678986639114968538 0.9974576888023298782 6.254668111514969375
0.7392904093130774346 0.6704759727244987699 0.06254327059596043181 127.1517478033307214 -0.6729267371643092854 0.7390243706733838902 0.03182115585904273652 -78.52473987488548346 -0.02488568076422524589 -0.06561211435357108823 0.9975348381600288583 6.21917055208441738
0.7392089772016223748 0.6705213731150923007 0.06301726922346215232 128.1288334432805982 -0.6730488266333548575 0.7388315216979086664 0.03366392004827838819 -79.42922432810672717 -0.02398676701840902342 -0.06729837101597449522 0.9974445168863282918 6.177119524790339433
0.739230655451642793 0.6703758075546453199 0.064298636735095685 129.1121593244457131 -0.673010189297636785 0.7388296448041433706 0.03446797151186103275 -80.33883255025600079 -0.02439924470334704429 -0.06875341885346830662 0.9973352717385792765 6.143125717162519095
0.7392821257136164004 0.6705029068027629213 0.06235214967747388509 130.0978199501840322 -0.6729334712555453679 0.7390313764333522606 0.03151456664761432408 -81.24373031682748092 -0.02494958645586712459 -0.06525700434489958845 0.9975565355004251122 6.099561583253825248
0.7394367507466379497 0.6702748805222422668 0.06296726281289521943 131.0824167718979538 -0.6727722263852556894 0.7391327120982249532 0.0325632509272187759 -82.16015019101084249 -0.02471483461163959464 -0.06644109005138712498 0.9974842146635217732 6.051448982253077702
0.7397827291163917574 0.6700907535037321505 0.06082676853083461566 132.071858902508211 -0.672389166908830882 0.7395836599305116721 0.03014661154155931153 -83.08348529516601388 -0.0247855184483129487 -0.06320120277803063791 0.9976929818549685747 6.015421185472253462
0.7397859467510390363 0.6698313247633251866 0.06358261834399081547 133.068211107955733 -0.6723416674327515885 0.7395721143705515921 0.03146060837331623311 -84.01144477853731019 -0.02595063050132253094 -0.0660233595879564511 0.9974805666103491175 5.979156081830623748
0.7400399817158302973 0.6696263246191290763 0.06278065656801068428 134.072537797770508 -0.6720143941214395955 0.7399770080450314147 0.02882154850659635059 -84.93256835102206992 -0.02715657481399512754 -0.06351860311594134667 0.9976111003304701796 5.94315157994601595
0.7404924043109673004 0.6693570083582836006 0.06026769051001958782 135.0694975899170629 -0.6715880006817697145 0.7403629194048079176 0.0288496951570228824 -85.85475112172326817 -0.02530921764943024413 -0.06183803790579407017 0.9977652532384234663 5.908928252079656218
0.7409622573161052106 0.6691039038572816899 0.05722673392713837487 136.0699034398305969 -0.6711945650491089044 0.7406390789372797601 0.03084818632392108406 -86.78291144217993747 -0.02174371361013214057 -0.06126761456008709278 0.997884507508036811 5.87306703801632235
