1 0 0 0 0 1 0 0 0 0 1 0
0.9999966816190021257 0.0009709079450822992235 0.002386228980289094911 1.418665835429038458 -0.0009739928394729788913 0.9999986910765557013 0.001291968700818956362 0.240298339489720264 -0.002384971474221616455 -0.001294288583514713971 0.9999963183572876391 1.370217349310151711
0.9999827501458392609 0.003649064872692224081 0.004602579311515857252 1.422878071829107416 -0.003661499009474208661 0.9999896623659387807 0.002696031576106457019 0.2688253683847756648 -0.004592693737615158311 -0.002712837409545098416 0.9999857737375176248 1.405809977205471739
0.9999721409896773494 0.004837350010256448278 0.005684829759905196678 1.583087417284362308 -0.004858581313668933546 0.9999812521271335131 0.00372687293433930731 0.3770065879540149822 -0.00566669499261243919 -0.003754389314990622898 0.9999768962974755482 1.467357441240693561
0.999987828242312915 0.001985298931043059413 0.004516852374930135569 1.535649878845422256 -0.002006366964159958348 0.9999871080225464226 0.004664577184407821958 0.4159592651423700271 -0.004507533563673184716 -0.00467358287169166841 0.9999789196599665475 1.48104421721704349
0.999964224017731107 0.005715863151066143816 0.006235350275261193793 1.952940707280959476 -0.005747753051114493257 0.999970432857803293 0.005108497336877610047 0.5607010075159917228 -0.006205966442087780706 -0.005144153828936865597 0.9999675113031942786 1.529006784752590553
0.9999832809069987283 0.003781754231669659169 0.004374498989098348466 2.142791360719271232 -0.003799135727090151467 0.9999848951499087368 0.003971906312242539858 0.4314991771660463549 -0.004359412139442774177 -0.003988459220969116023 0.9999825437070595235 1.479092794360175489
0.999939002407293609 0.009514167344974733265 0.005609998613033182098 2.430322278670378644 -0.009551052205827871219 0.9999327045149332127 0.006585122869982701875 0.5725634688877543343 -0.005546969124483058095 -0.00663830258296765896 0.9999625813360962789 1.507613617502316927
0.9998596872805051161 0.01406079869104446406 0.009104926770730926294 2.590682041176522787 -0.01411182290240466618 0.9998849412469413833 0.005564235973758195446 0.7303604652371219474 -0.009025641567313514788 -0.005691942354804723977 0.9999430681726475534 1.596212740060233948
0.9998800712294831916 0.01322567449957312916 0.008057586000465990356 3.117434680363656341 -0.01328548361556473704 0.9998842504548548504 0.007414959031151472507 0.7169602914874757538 -0.00795858550397778898 -0.007521118691021629055 0.9999400450479075664 1.543925383818249841
0.999923657740134697 0.009379345279967414573 0.008044039638712873613 3.710547797470521658 -0.009432618960378022152 0.9999336607454852865 0.006610583006145039076 0.6369848271909024362 -0.007981503062603435492 -0.006685954700113477638 0.9999457953402323129 1.516849933870969114
0.9999047555332865045 0.01025808814204415449 0.009233173321701357295 4.22124332976280936 -0.01032259209326726393 0.9999224580246823813 0.006965775646216406346 0.6471824163913633132 -0.009161001822646950773 -0.007060422476556096893 0.9999331110029600067 1.527902853799081306
0.999914535348204625 0.01036579302168549356 0.007966952642989662617 4.82516231605583279 -0.01043134559432699372 0.9999117147083909085 0.008231027761901515971 0.6112023462026100473 -0.007880928148116722598 -0.008313430336332590376 0.9999343867712356948 1.50186136142149973
0.9998947907323553208 0.01218132398307509093 0.007875456324472070169 5.339051435349329466 -0.01225143795902978831 0.9998851902479489739 0.008916758982888557325 0.7157951294243535267 -0.007765934215234608293 -0.00901230652176452339 0.9999292317943917485 1.510007630507039345
0.9998902716565676307 0.01306496395888875894 0.006982217649746348502 5.87553642457214842 -0.01311332382745417947 0.9998900307046666436 0.00692583826097324922 0.8011774662609104647 -0.006890963992926833585 -0.007016638381288881933 0.9999516395311697226 1.500927442924864685
0.9999202284887871439 0.0113719440847759104 0.005496866986236800985 6.444889032458847922 -0.01138882223768748585 0.9999304966984828846 0.00304901629442084739 0.7971075249615020564 -0.005461811693019532829 -0.003111375910753792686 0.9999802437813318789 1.450999793871176058
0.9998629622027699337 0.01544659451523872247 0.005954790759057221328 6.888625606349319419 -0.01544804131684894208 0.9998806524748801161 0.0001970428401330654399 1.010260839125201704 -0.005951036428663855106 -0.0002890056914953998421 0.9999822506630480223 1.450499088302446449
0.9997937027594628878 0.01964388927797178566 0.00516425566346704213 7.322050699241051674 -0.01965164980582183307 0.9998058270586089868 0.001456310255468139204 1.091205328109222439 -0.005134645307341980172 -0.001557495966487256649 0.9999856047083288679 1.402872317485941434
0.999738098116060403 0.02162329971138961943 0.007494537001967488572 7.833855821222283744 -0.02162792240229064605 0.9997659452857490248 0.0005363016437469075469 1.247501269048112427 -0.007481186259072600091 -0.0006982524500556990974 0.9999717717494194247 1.438542582689038118
0.9996230018230962688 0.02573915284663080491 0.009557731787402910101 8.31287717467071019 -0.02573064330852055381 0.9996683996910715742 -0.001012251955571648321 1.450707152568038394 -0.009580616948393311932 0.0007659437509696576021 0.9999538114878399053 1.456244643178306264
0.9996267793705438942 0.02573162723516869005 0.009175256132895074843 8.954117273875510818 -0.02572396873995128064 0.9996686308998971038 -0.0009517494372973395048 1.43390790517031852 -0.00919670579826891918 0.0007153702228296277997 0.9999574535188506808 1.429975211735720952
0.9997264815305366703 0.02184702895645221007 0.00834682288954427358 9.449347042791798046 -0.02180110176072328279 0.9997468988708307913 -0.005554292049893059906 1.350944238478572812 -0.008466055078492559782 0.005370802913238931567 0.9999497389306499784 1.40382032026663861
0.9996796107391229258 0.024465631624181014 0.006489124879792382804 9.956911608480357501 -0.02442883342318420692 0.9996853747246080557 -0.005690664223298893924 1.40393409832776106 -0.006626308931674162322 0.005530319244843802905 0.999962753105830493 1.365074853077653749
0.9996684420622493628 0.02517852511641652594 0.005389602749484480836 10.59709341785798387 -0.02514731923934216545 0.9996670376695586668 -0.00578153371033878101 1.293321455571286416 -0.005533378706530033518 0.005644082736030222799 0.9999687625371899147 1.385242432945413604
0.9996737259033885437 0.02546490592671593264 0.001995070069014304951 11.29757944969589545 -0.02545587106163118771 0.9996661303802409915 -0.004430169194134549876 1.294533525338565028 -0.002107217817497042053 0.004377937498247149416 0.9999881965785051285 1.325639779333845691
0.999735512096096568 0.02296731036428800374 0.001186806043994987443 12.22930309561265361 -0.02296203042002430833 0.9997271509492494657 -0.004285885426186313366 1.10735298604793031 -0.001284917485861458274 0.004257500384848689375 0.9999901112898704758 1.307913834430236788
0.99964502907838515 0.02662769239454172709 -0.0008842152544772843414 12.78177421819488302 -0.02662781891657218375 0.9996454080996209912 -0.000131624802161904174 1.105373485486441432 0.0008803968541663954699 0.0001551228028640652928 0.999999600419067769 1.27296198263572391
0.9995007073435280276 0.03157602747855278724 -0.00113600548454495325 13.44640692506192181 -0.03156995653593273193 0.999488963185799939 0.005015008882751578918 1.014802132684343716 0.001293779002208167786 -0.004976641281872613322 0.9999867795013317462 1.282929632541642162
0.999170473429618955 0.04046188255921767674 -0.004604463725048836553 14.23923255272879373 -0.04041314248254581493 0.999130713103395629 0.01022722094147024419 0.971385332913865307 0.005014273737707701864 -0.01003265634138202425 0.9999370994545702107 1.208126255227330637
0.9989377745400623843 0.04578659320388869802 -0.005187531178609337823 14.89071052536082007 -0.04573682577166621882 0.9989098845414940975 0.00933730869314566142 1.044391295528834807 0.005609399725432249149 -0.009090129156423362722 0.9999429504659952395 1.189290014991744027
0.9990270714945455044 0.04393907583022359925 -0.003777305417630160388 15.41866803886564519 -0.04389821274161393588 0.9989829679395041406 0.0102944977959929674 1.03202551828362421 0.004225794496210350318 -0.01011866502882472797 0.9999398758319972824 1.261630289901802593
0.9994144274353635726 0.03416276921754815565 -0.001925469665574790776 16.2386839279751527 -0.03412609210260569154 0.9992790719361572815 0.01663569139581119391 0.8438264030557168782 0.00249240282638624926 -0.01656024123618786772 0.9998597633360142289 1.356379833133767532
0.9996820720425579898 0.02515033503204910231 0.001793177200850582442 17.05055852788722603 -0.02518035999884283421 0.9994955419631735838 0.01935487189496727656 0.8267121595513650112 -0.001305491105539341576 -0.01939387128753829181 0.9998110688772433585 1.417560594984933253
0.9997244345476733463 0.02333762623171179232 0.002531831393225106568 17.81961474281317237 -0.02337792042139036006 0.9995776263991119626 0.01726388250332126437 0.823798973937962975 -0.002127863977312008034 -0.01731831412656151606 0.9998477625072268449 1.409253642889388924
0.9997661731512739181 0.02121720220634520579 0.004174847660949334953 18.57973107705070959 -0.02127927415702059177 0.999654457781399608 0.0154323533243108952 0.7453582297522663991 -0.003845973713824584004 -0.01551758255370577939 0.9998721983923153367 1.477205455607285778
0.9997868134146477015 0.02060898357482017842 0.001263929664704628152 19.39756032114321371 -0.02062990922205338098 0.999592742022834102 0.01971692016420341018 0.7093086534816549493 -0.0008570692354559917431 -0.01973879153556585414 0.9998048037197266869 1.417228200718207765
0.9997036597089301591 0.02428099430339055939 0.001739563223971432506 20.11538271523828314 -0.02431682449315758845 0.9993937297496099381 0.02491716243340414555 0.634808451786502026 -0.001133495099437922728 -0.02495207912784806054 0.9996880057978374534 1.383601108590876372
0.9996601669808931057 0.0259685059671784027 0.002277553416617228866 20.85862024682337079 -0.02602334150071517957 0.9992469811916416811 0.02877944190786257961 0.562497154342950223 -0.00152847926714108173 -0.02882893125357757075 0.9995831913722371675 1.371448701942024506
0.9997423081795941968 0.02228012778550104642 0.004348924188698729057 21.67345453158128876 -0.02239431950082445416 0.9993496568891055976 0.02826230227214339072 0.3993987661779163645 -0.003716408189676995502 -0.02835241050578860694 0.9995910809569475974 1.400894215922144248
0.9997681101346563848 0.02111933181457579037 0.004207110823755742454 22.4490522653616047 -0.02122291366897145065 0.9994282297491963174 0.02632112299631216012 0.4183646370702584494 -0.003648820792653507169 -0.02640430654445321407 0.9996446862274263045 1.344172520490269029
0.9997543682187634007 0.02167872264280942471 0.004608276475802381561 23.27511899619864977 -0.02178958749079231566 0.999436065856912581 0.0255492493321854211 0.3827890781949255805 -0.004051802621352458382 -0.02564338606801395276 0.9996629430195381749 1.308217860745497729
0.9996875585761769711 0.02393602543774287633 0.007200827330693378853 24.13091270755427331 -0.02410918540950800909 0.9993965120280459136 0.025007177470994707 0.1127379509692221782 -0.00659790928193930773 -0.02517297027407741639 0.9996613372341093262 1.387778889610371991
0.9997824896415985485 0.01982939572174429593 0.006462853190151820679 25.1676111874205759 -0.01998838214065430663 0.9994739105444462313 0.02554147059962334071 -0.3606038962714769314 -0.005952981223400460875 -0.02566509704448281456 0.9996528721552552232 1.419160758131140732
0.9998772525974811698 0.0143967522750343118 0.006181687637223634915 26.2233263160548411 -0.01456695235181081072 0.9994895693913476986 0.02843245640247205747 -0.8044724213107714572 -0.005769197283243364741 -0.02851901474156664021 0.9995766014472714511 1.464494316545138508
0.9999347277286465552 0.01072991826583735882 0.003925447266978551557 27.27859818310338724 -0.0108515699852107933 0.9994158498325160789 0.03240682848422102996 -1.107566049203502434 -0.003575431595409395407 -0.03244731048265937778 0.9994670521489682491 1.455165717654676172
0.9999666262033323205 0.008145023401686029424 0.0006364536990799333051 28.41562254218331063 -0.008162722883623390463 0.9993114926859822944 0.03619268628934805415 -1.513907747347398747 -0.0003412252192564622292 -0.03619667359716881999 0.9993446274363262383 1.46930081138776325
0.9999663993714658083 0.007925565082789479132 0.002094169569207933717 29.53177609384541569 -0.008001045122348369315 0.9992110606960410424 0.03890037865680463086 -1.618956548978248478 -0.00178420991373597071 -0.03891582712484862455 0.9992408993802108785 1.436963823812288599
0.9999795988345490105 0.003607052875751031937 0.005271724978220485719 30.70682879239146956 -0.003818303953893480152 0.9991670616794824378 0.04062761880426964817 -1.729466692394824534 -0.005120787987228037942 -0.04064691900182471757 0.9991604503312012664 1.466552332982436813
0.9999853383519493599 0.001570622258550745734 0.005182299379451565241 31.91223819627379399 -0.001769415754602094229 0.9992539012795584874 0.03858121233799895189 -1.686368547133894502 -0.005117836361655677367 -0.03858981631600934964 0.9992420296543135239 1.479330495673100376
0.9999957630830369482 -0.0006673600214034966852 0.002833451354187021144 33.03013007934092826 0.0005636779267298681418 0.9993358090017959716 0.0364365628719405879 -1.465620865500141257 -0.002855885706681809272 -0.03643481133926446125 0.9993319510750682255 1.435050009461236398
0.9999971673520989812 -0.002077802776860709997 -0.001161044098524870952 34.19693426985976714 0.002121071636937968061 0.9992525009501264099 0.03859974611352397916 -1.357888086282158069 0.001079973559503563836 -0.03860209943174078284 0.9992540775881640913 1.372308175541287367
0.9999912503795447272 0.001907316577110471003 -0.003723077736156008531 35.40274253665811699 -0.001755373908337879481 0.9991821981430322186 0.0403962074519408354 -1.133452734664924799 0.003797081352395225307 -0.0403893186069410326 0.9991768037317871887 1.341616737450649355
0.9999738694666687744 0.005386062513235803303 -0.004821899466095186035 36.65067200195085206 -0.005185825700754083042 0.9991612984365998429 0.04061781528208154024 -0.8567405532557941239 0.005036625423734769798 -0.04059174838672774399 0.9991631210003948382 1.281138143873479018
0.9999094297247405061 0.01333254017590138583 -0.001837313256428049291 37.78084480822819557 -0.01324137291215055079 0.9989898097180670566 0.0429421252718292859 -0.4690431791254502381 0.002407984830856793254 -0.04291390744173839006 0.9990758720723548203 1.317899950120367869
0.9998477066269343405 0.01743491518812947949 0.0007663453806910227413 38.99457190114799232 -0.01745174292359454038 0.9989203550405334475 0.04305300169121032555 -0.2114632381598106903 -1.48925666829023336e-05 -0.04305981906693667066 0.9990724957479982793 1.357280384336019718
0.9998009256187562199 0.01970610977955370227 0.003127038412681773689 40.26369328187598029 -0.01981849568282204044 0.9989505574488993789 0.04129177885975775925 0.008875434107747048884 -0.002310056438309138118 -0.04134553192171255137 0.999142237436373426 1.361328697626749795
0.9997482839970978086 0.02199575569215686532 0.004422146129339600724 41.47590682749107316 -0.02215904958649666384 0.9989097922359442272 0.04108775360817238514 0.1956187018172355074 -0.003513568880990709537 -0.04117540171842467428 0.999145755696857707 1.35932556696616702
0.9998082236325414041 -0.0192711188697951008 0.003484240842480604804 44.57991190260709402 0.01911373636050021224 0.9989909774854613955 0.040641013582138244 -1.833667407190903376 -0.004263922968754810597 -0.04056662273530396712 0.9991677377101244595 1.340252390546555539
0.9998951408219168835 0.01231095239153242454 0.007625471259688035817 46.67771442580397689 -0.01262295194098054553 0.9990245006190124899 0.04231676083100430197 -0.2607060688348943334 -0.007097072989240113712 -0.04240857948748279899 0.9990751442913787805 1.41567307091973249
0.9998830728638447018 0.01418000779929923585 0.005724332202733807551 49.18740130698751045 -0.01443108080745912451 0.9988138502274001018 0.04650415573521707313 -0.3479084513910403187 -0.005058112996368043651 -0.04658132643805402984 0.9989016946227428084 1.391880222478348639
0.9998242268564101476 0.01792792143249302347 0.005486804542915231508 51.75907840894387135 -0.01817302164101492271 0.9986593392882001652 0.04846922051045169516 -0.2808885839339572144 -0.004610496222425662476 -0.04856041274089363535 0.998809606300929187 1.402493821628963522
0.9998784096629689255 0.01490298847203613136 0.004589861049584059716 54.52718573569859473 -0.01509507875130422852 0.9988670864927224891 0.04512961465636466246 -0.3542732914727811377 -0.003912095007033223812 -0.04519341164530952387 0.9989705956916417051 1.38223629755372257
0.9999572451315666965 0.00811523203617444365 0.004432935583443876372 57.53101255423730009 -0.008287520291167981695 0.999151700512055152 0.04033852217535971452 -0.495405772420038637 -0.004101818659008936094 -0.04037353555074854605 0.9991762370627220724 1.34723341181442624
0.9999679247473731714 0.007073080498252975155 0.003757793062027699107 60.27933140809056312 -0.00721583497148162601 0.999195849113285961 0.03944092849368428799 -0.5092407678432009366 -0.003475802367243113148 -0.03946677903053159159 0.9992148378356173755 1.325343616997479934
0.9999577283038435516 0.008426440309242883356 0.003679226702897744634 62.92335318713940495 -0.008570012672259777475 0.9991253819678924675 0.04092708138030805298 -0.553352762182273028 -0.003331139176596486888 -0.04095688234262732236 0.9991553619435559197 1.311638654994510711
0.9999458346341058013 0.008685609200181370129 0.005734805203596226621 65.60977149644709527 -0.008927113957711264869 0.9990125238962416221 0.04352336998495403425 -0.5828028908815170439 -0.005351115237733751993 -0.04357220778527162719 0.9990359494404741358 1.324606705525560812
0.9999266564670260538 0.00760163216598964183 0.009428513938421322765 68.29551107043131708 -0.008000961342027379519 0.9990402384681342784 0.04306491076429598552 -0.6339046218091631824 -0.009092101202549218719 -0.04313718940712740063 0.9990277856925583455 1.299898009804477006
0.9999248637588122879 0.0059893768843387752 0.01069552249579192038 70.90889498361937626 -0.006443672676343957517 0.9990560713331054776 0.04295864773128889313 -0.6761719631568497979 -0.01042813115379649311 -0.0430243384260372147 0.9990195995993477185 1.245023471196086806
0.9999436161345579555 0.004097572414689638377 0.009796655146026072777 73.66990030209460372 -0.00452837528586127764 0.9990051461517451825 0.0443645329018658649 -0.7135162247589936779 -0.009605122019744748163 -0.04440639438905969599 0.9989673737256633546 1.185128619277542983
0.9999446857989392479 0.003410596855839482296 0.009949531222505985165 76.36123664883133699 -0.003863762732682248825 0.9989390890828760972 0.04588864390913406643 -0.735604158933022112 -0.00978246799157653224 -0.045924548243403647 0.9988970113022829223 1.132891531529007345
0.9999474292695129662 0.001431352137130200309 0.0101533210503695695 79.04733315127735693 -0.001880339381015195925 0.9990142872525688 0.04434995139855386209 -0.7556705184900899264 -0.01007983239466551939 -0.0443667115786308755 0.9989644597695125361 1.088770837894217802
0.9999504005695889486 0.0001154395534077780897 0.009959069957991549885 81.7510678786821785 -0.0005351759523320752171 0.9991109908827054964 0.04215378374568937853 -0.7932647692844250198 -0.009945350040029072441 -0.04215702279677503023 0.999061497327113246 1.071402392713853402
0.9999710388065099487 -0.001260214065908167981 0.007505558522680534118 84.43466748132986766 0.0009532328246759812955 0.9991683253238408113 0.04076455588784577699 -0.8135967005052686662 -0.007550688406447153556 -0.04075622075290383228 0.9991405894940558197 1.031489279648066137
0.9999823194370259793 -0.00278729202510367112 0.005252791306767061984 87.13794034145922751 0.002566023342700697856 0.9991281325363079446 0.04167001678322850011 -0.839433714503286077 -0.00536435807439895624 -0.04165580124876513968 0.9991176196448409152 0.9839171871865395325
0.9999821995801989605 -0.004174095173400898737 0.00426350234320190067 89.8337715959354739 0.003981958954208076988 0.9990182664034141791 0.04412082722710372606 -0.8538922058378901614 -0.004443481251687565747 -0.04410306476652531282 0.9990171045345347389 0.9566655818395217725
0.9999770541984507322 -0.005545563061708936453 0.00389073346777667195 92.53519212243210745 0.005362022870703381065 0.998941006630222228 0.04569588584689435184 -0.8651157544991010528 -0.004140022623455329176 -0.0456739751163280569 0.9989478205640924813 0.9301089991313378214
0.9999646386078903104 -0.007005888975044385555 0.004651779601462204677 95.24388825398823144 0.006789069279767389817 0.9989596419947787131 0.04509481349310711512 -0.8735615568862807878 -0.004962869341998340199 -0.04506163762373653625 0.9989718808567943364 0.9105288586996096445
0.9999422497330333615 -0.008483346430399170413 0.006597729320128561774 97.95621968151652936 0.008191855847188954029 0.9990406841678279859 0.04301865729258657484 -0.8753239650731968746 -0.006956342186719006483 -0.0429621253061341149 0.9990524836526664121 0.8974683831313590154
0.9999272957650789939 -0.009866493666556628087 0.00693220647875051818 100.6818541900982211 0.009566109037563752179 0.9990674057202122427 0.04210473115181058434 -0.8710586777813557058 -0.007341167605883536056 -0.04203535571649900937 0.9990891532430775657 0.8663300126317499128
0.9999280642546104492 -0.01068811043347829212 0.005443400719167060253 103.3902953478869762 0.01045206831277448872 0.9990760498287576397 0.04168693952007974241 -0.8647245445424422972 -0.005883925901364788283 -0.04162704594284181298 0.999115893408797584 0.8446857110649714784
0.9999222670858728401 -0.01206746554865691275 0.003136249524567520305 106.094407650723511 0.01193145342720041031 0.9991176565103414564 0.04026845997052758835 -0.8508193816542126697 -0.003619420528609384926 -0.04022790977064821111 0.9991839745865230826 0.8198165141200126627
0.999915776904617748 -0.01285262452432725348 0.001802537120657384147 108.8113685763064211 0.01277384962547383623 0.9991790502005338803 0.03844547315490923906 -0.8381278858786118668 -0.002295182559289801749 -0.03841920982003308588 0.9992590737410512736 0.7959528913219209301
0.9998960182403571206 -0.01441797726996581729 -0.0002732005165131621291 111.5157705916736148 0.01441810628302391852 0.9991962174011023157 0.03740370760420125978 -0.8255589173252401158 -0.0002663048833578422541 -0.03740375733495106964 0.9993001991488529301 0.7798955060982690757
0.9998617767433747305 -0.01658926205103618615 -0.001106251410764391187 114.2456627751884497 0.01661706034248990049 0.9992978130833980455 0.03358204985274405169 -0.8001057129079220953 0.0005483731902791476927 -0.03359579067889589127 0.9994353516538746485 0.7657443983498568585
0.9998030893998438584 -0.01972583161513826247 0.002161942094276291665 116.9739231049895949 0.0196554372527123003 0.9993918631739010516 0.02880221533499394138 -0.7748523913817051412 -0.002728774987513912006 -0.02875404995630845631 0.9995827921679012462 0.7626085065084582393
0.9997170656242473363 -0.0228171616300172006 0.0067205531613111439 119.695929125492313 0.02260573758330230998 0.9992938358729142045 0.03001350054078951585 -0.7511551561752347617 -0.007400630240676256758 -0.02985308562857062406 0.9995269000634720014 0.7451001314135758946
0.9996994047219233126 -0.02355991372884692556 0.006784590166069203593 122.4313255007313614 0.02331343104746363276 0.9991373244336706483 0.03436700243432873336 -0.7204705203864950613 -0.007588420878377234897 -0.03419849980065337025 0.9993862508959973079 0.7136825901745997847
0.9997182244102718052 -0.02308876295855054675 0.005511878719384759664 125.171768885832833 0.0229104555172764679 0.9992729217112645834 0.03047521882815101488 -0.676631072007399692 -0.006211506255670887558 -0.03034035200317652947 0.9995203250711608423 0.6758383692588005864
0.9997265468785562215 -0.02305321989777014274 0.003921800431304816106 127.9084772802391257 0.02292830937418152346 0.9993056766604309082 0.02936762202630926674 -0.6406517980159370795 -0.004596095682179334417 -0.02926967110480403408 0.9995609847617586974 0.648850871670688889
0.9996864341079311211 -0.02476935517469561893 0.003675935907875583272 130.6440375800595746 0.02461494679977690309 0.998998735771387647 0.03735813594404073512 -0.6080895021763415009 -0.00459759226260686351 -0.03725593874000567018 0.9992951802015197504 0.6132636360317409441
0.999656493706865823 -0.02526197140507226505 0.006980500728763532753 133.3766481874658894 0.0249506574419144124 0.9988240219427112487 0.04156967504566991961 -0.5628741428825958515 -0.008022423755399478093 -0.04138122751823177653 0.9991112224002757225 0.5987656584877807386
0.9996274220632352936 -0.02551076113091368947 0.00970660217232803893 136.1167691866159259 0.02508821907037724064 0.9988271311106713402 0.04141187536326488422 -0.5144600459397929981 -0.01075166606099444561 -0.04115292485045612264 0.9990950097228818993 0.571856799044109021
0.9996170144654059619 -0.02619056785456340408 0.008937479886628569084 138.8946629944628626 0.02578857469663882462 0.9987650896648853083 0.042464633305958982 -0.462284921860405984 -0.01003861576036556291 -0.04221788509801493311 0.9990579944985509275 0.5340793751036916337
0.9996293622788943178 -0.02639366611322688586 0.006671765807838665394 141.6274170679821793 0.02607630834413440096 0.9986972231069398687 0.04386208729220216623 -0.4139084669272135586 -0.007820755272527899968 -0.04367185532572019635 0.9990153176199935148 0.4970894571581463417
0.9996371171370757036 -0.02633165587312661163 0.005681367868362956729 144.3750223412625928 0.02606308754778657866 0.9987324069800900261 0.04306152244442998378 -0.3625519467482067326 -0.006808047396489127351 -0.04289782216773914414 0.9990562683572493663 0.475075086163143423
0.9996081982294834356 -0.02741707274134231806 0.005635082492897777739 147.1058249146743719 0.02716917730926651092 0.9988238858582065838 0.04015819771167451063 -0.3108938602352731007 -0.006729475220509894585 -0.03998936310330843819 0.9991774442019036861 0.4420133106601416006
0.9995813424089119437 -0.02810215932885046577 0.006885386630644836983 149.8537289873024179 0.02782916373417129718 0.9989288474219605307 0.03696884410000083471 -0.2602473875437794071 -0.007916915678106281259 -0.03676175226086732944 0.9992926978702768581 0.4118431078577344806
0.9995697396232948728 -0.02837273248083966443 0.007437989042012869631 152.6027083659264463 0.02810237915833795064 0.9990187881686446447 0.03423035453648762272 -0.2041535676691108858 -0.008401899491151415544 -0.03400660138301579705 0.9993862912544464461 0.3755243469633482434
0.9995530764879394514 -0.0289739485157106437 0.007359184119484851218 155.351163738863562 0.02871548571785588477 0.9990399365275969279 0.0330851341681242736 -0.1468804699229453448 -0.008310725809647655921 -0.03285902509728672732 0.9994254430952679291 0.3431512850038613838
0.9995465884522368727 -0.02912575521439364143 0.007635960757215903491 158.104828074048271 0.02886455500731117257 0.9990601761712696316 0.03233576739249721665 -0.08716892452973465377 -0.008570587945084466586 -0.0321006973728453493 0.9994478927139986979 0.3116376978582136026
0.9995209771929314257 -0.03001793690163776646 0.007532570308778797387 160.8553052562419055 0.02977056392383653841 0.9990745160345448905 0.03104553001635931495 -0.02846182035452582415 -0.008457521796848334675 -0.03080640963353565437 0.999489587464795326 0.2794630987524371335
0.9994722742548760586 -0.03173286351144070233 0.006942504530071185245 163.6131550678674955 0.03151051610116902685 0.9990506080926531141 0.03008271671139382472 0.03215526140169072677 -0.007890524115909612959 -0.02984807938652470419 0.9995233022726943695 0.2477526514881331909
0.999434679024352457 -0.03308241136529039422 0.005989692959350885644 166.3687340017991971 0.0328902297874721361 0.9990159644742930833 0.02975458805000264634 0.09426198535425522884 -0.00696815241056574896 -0.02954076477946677298 0.9995392879062969804 0.2181652378271889958
0.9993685516484344111 -0.03515421276168700926 0.005165200985100872402 169.1235259044873089 0.03498518182338164473 0.9989431678302430617 0.0298091344735782332 0.1596780987083315506 -0.00620765889006246515 -0.02960960604913523073 0.999542263338934367 0.1946804021438190979
0.9993246387410661402 -0.03639587230736860551 0.005060324497822935377 171.8766482984715367 0.03622751424845482848 0.9988895975356345547 0.03011875074560783905 0.2334185587371962467 -0.006150903707224669552 -0.029915086730340084 0.9995335181821071169 0.1726340262527834568
0.9992791303350451182 -0.03762065578108884922 0.005089787366548388994 174.6289687141984643 0.03745421219884591257 0.9988603733569111354 0.02958270653364728983 0.3113316489063805981 -0.006196907728833126426 -0.02937074728182621428 0.999549377238917347 0.1494313703992622422
0.9992144825722635293 -0.03940167388809747567 0.004233900407375582563 177.3899993556327672 0.03927084482940928351 0.998850438721059608 0.02748821225782484279 0.3913779815559096931 -0.005312114854557991803 -0.0273003509421177841 0.9996131613150205375 0.1279800882226500569
0.9991657844495035468 -0.04075222776877255454 0.002644072103829009108 180.1467103578501678 0.04067265740790873552 0.9988533464995580369 0.02525325971063597727 0.4769815394456890512 -0.003670166860927537474 -0.02512465160984379484 0.9996775889038910234 0.1039163716665045811
0.999126730430704435 -0.04176681322149498887 0.001144487733105935354 182.9048157004066866 0.04172582213245284999 0.9988233827465046177 0.02471448656558346627 0.5662689811508456739 -0.002175386453342620461 -0.0246451494649606237 0.9996938953007706852 0.08883702196564269293
0.9991094946462372173 -0.04216198629458201008 -0.001607675164914103456 185.6656575961781641 0.04219030372245531624 0.9987287822192676412 0.02758256403283694883 0.6552951627943923718 0.000442695772936921013 -0.02762582991538997668 0.9996182358990548522 0.06615711762184317557
0.9990657779282707818 -0.04313951568725252206 -0.002559991962585069555 188.4280447204175459 0.04319213527612442149 0.9987180452418518151 0.02639518059387653548 0.7527225783805441273 0.001418034861410412493 -0.02648109315273222339 0.9996483085978629113 0.05059121046903669594
0.9990300294537275416 -0.04390303472549379055 -0.003394671055679273405 191.1909878108656642 0.04396898800273625618 0.9987747010729738362 0.0227117720710415423 0.8525836202388810126 0.002393395850964706237 -0.02283900257199937903 0.9997362910377000089 0.04578112599591421805
0.9989645755635552238 -0.04536105493186486093 -0.003485895092283640504 193.9555943913183 0.04542204936461961828 0.9987665252828580309 0.02005655518587880909 0.9530352750274964091 0.002571808827290071164 -0.02019412463749004072 0.9997927700926234618 0.04470321836037349783
0.9989381344716710132 -0.04601206150375936749 -0.00234386314276924029 196.7189601763186033 0.04604911100205385383 0.9987486289678089157 0.01951039494327552401 1.056522541525263037 0.001443216608236329778 -0.01959761034147617861 0.999806906754862057 0.04120935439307715775
0.9989317183087493834 -0.04618640403824374879 -0.001496074445197268605 199.4826989295519013 0.04620654092940351676 0.9987503468577791921 0.01904469025227695581 1.164623734126471133 0.000614599112290965875 -0.01909347358345035023 0.9998175141166758539 0.03919987663729007643
0.9989091428201596345 -0.04665910303966935846 -0.001858088756584370818 202.2527065296476678 0.04668487641533689003 0.9987502393830957059 0.01784605408189205225 1.275105760108248054 0.001023085714175165587 -0.01791333122963487123 0.9998390199726547856 0.04141042526062488349
0.9988872575246252605 -0.04709539067025308307 -0.002504183010313174463 205.0143009283884226 0.04713218727772405803 0.9987344498601032905 0.01755151232955269938 1.384828935728555921 0.001674418511140097479 -0.01765000963889631902 0.9998428243891118727 0.03911344493917257026
0.9988601738997132662 -0.04769420042747350014 -0.001901642084790004491 207.7753959464607192 0.04772106429189956756 0.9986929798074730691 0.01830388226902916055 1.500675215266976892 0.001026167570646269959 -0.01837376741047078849 0.9998306614878655907 0.0405789961832561108
0.9987502003622475977 -0.04997493700492581375 -0.0007368498652680400846 210.5384871499666417 0.04997971851455921405 0.9985534489503705702 0.019825169016308819 1.62100336829969649 -0.0002549775983800228675 -0.01983721907610744642 0.9998031904958849525 0.03447425306499485309
0.9986671007949046164 -0.05159665736942485592 -0.001344149620379253823 213.3120679342176231 0.05161345946874330848 0.9984507356247461773 0.02078892330236513722 1.74738288078589199 0.0002694282245460031524 -0.02083058997497199902 0.9997829834167645258 0.02666384730436188732
0.9985769576733628528 -0.05314347287192985186 -0.004453189297715883822 216.0931053202854457 0.05322398598116347829 0.9983722016656078058 0.0204976646875657427 1.873118833021591101 0.003356623316332763788 -0.02070551212787121939 0.9997799832200257031 0.02835268794408074555
0.9984599022784383937 -0.05488798270228539833 -0.00807049546217156015 218.869185351859926 0.05504943588037233132 0.9982549523164331307 0.02136842963272006166 2.005738548986728986 0.006883542066704320325 -0.02177979638539701002 0.9997390946232054265 0.02323801719353402184
0.9983924999271606149 -0.05580596196427008854 -0.009905084473996933481 221.6527476747627645 0.05600879531135599665 0.9981978687460688615 0.02154134811418306067 2.143849187537044898 0.008685098558174314531 -0.02206149224436623757 0.9997188903001615889 0.03176776034515182978
0.9983529985237067361 -0.05656536669792900512 -0.009573381275834073195 224.4304840180009535 0.05675798894209779094 0.9981625921162048387 0.02121250553583118106 2.286334526133760203 0.008355897915387138636 -0.02172093437649006559 0.9997291533109554651 0.05149842537715287882
0.9982944476137747269 -0.05782589754504351837 -0.008022557984745984014 227.19820551050924 0.05798264631153896703 0.9980984132936598918 0.02091817648336954938 2.430408672784065693 0.006797690064974882575 -0.02134766857969619749 0.9997490027281807912 0.06562986509847057448
0.9982244360261519622 -0.05914991030649300457 -0.007018791278031501386 229.9743573346572987 0.059285685356604792 0.9980193294932653281 0.02103866606063282269 2.575977268440335255 0.005760454154699488384 -0.02141742441441080516 0.9997540252979152386 0.09070844799284971671
0.9981853339695239136 -0.05970447525739301653 -0.007836752030612377865 232.7613284997104302 0.05985905171971824673 0.9979806692226627085 0.02124800661479695971 2.724740852831329718 0.006552325950840533382 -0.02167854912409278995 0.9997435208754834601 0.09862757742264083305
0.9981388383964239219 -0.0604506980274065811 -0.008035694906907661292 235.5372766550439394 0.06061199960054500235 0.9979270346339574882 0.02162912506551411054 2.874894097753847522 0.006711541481741152733 -0.02207592930491081989 0.9997337688386160881 0.1128333609123663983
0.9980554640668073407 -0.06182696593291889253 -0.007919402118815716679 238.3254715001667421 0.06198733635120632496 0.9978361283362732204 0.02192330082261551016 3.030523180586452092 0.006546814375880172232 -0.02237157281923122729 0.9997282890621439488 0.1236765916180047054
0.9980102639280603594 -0.06237674889508242754 -0.009200776680424925524 241.1087948423975718 0.06255487840821553902 0.9978300748846631318 0.02054334059983520949 3.18595710859635517 0.007899384885963393541 -0.02107801824051070208 0.9997466263336306502 0.1314856805198205691
0.9978877673427497541 -0.06418667715016944386 -0.01000371251696284373 243.9589394181947455 0.06437400207618235171 0.9977316142205189253 0.01968791105255324886 3.343325361529362549 0.008717318647255859962 -0.02029030461421150316 0.9997561262099196044 0.1389379107278911896
0.9978523096214203525 -0.06466539805500536031 -0.01044770202411948561 246.7471291241937195 0.06486722355612201119 0.9976874750752183774 0.02029643777010168779 3.503615406183721692 0.009111064225279746562 -0.02093056072882970575 0.9997394161161495818 0.1479788421914947083
0.9977835016832847792 -0.06557934245814497909 -0.01128864967122805013 249.4479765325463632 0.06579202752542566424 0.9976402289055827932 0.01963116866898022284 3.662041727358314347 0.009974611909042222987 -0.02033035936656459736 0.999743558921631803 0.1601147041540960103
0.9977022489985690745 -0.06639419632750888367 -0.01349196194856305125 252.2361520286474104 0.06664435820704775471 0.9975954034562146688 0.0190247344844293835 3.828034287831481475 0.01219638726705471986 -0.0198801835267317234 0.9997279762218197474 0.1801186448010432262
0.9976100118593539401 -0.06730162572288464484 -0.01564466084759830525 255.0311778839841566 0.06757879736038734098 0.9975530032502725186 0.01791959412725597015 3.995965804263224008 0.01440036059629505767 -0.01893401387499847252 0.9997170263295899195 0.2047761425153600268
0.997551610590025728 -0.06809312683146757916 -0.01594083710346597821 257.8007746886702307 0.06837737252701810153 0.9974967375363037458 0.01802202904036774925 4.162017460755502718 0.01467375669509882359 -0.01906789665233526998 0.9997105061875207754 0.2421214985499278161
0.9974664083071194121 -0.06950963512861643712 -0.01513852447174604543 260.5874012127073911 0.06980441008942787906 0.9973621652291446704 0.01990114824575188804 4.330666899372956458 0.01371526999231231086 -0.02090746263225226609 0.9996873358082110084 0.2769209900448670325
0.9973767878814853161 -0.07080168635117317644 -0.01505537130198788057 263.3898413423489728 0.07113394541396113324 0.9972058076590198938 0.02281532338069065802 4.504427400431826101 0.0133979403288050046 -0.02382642190829312168 0.9996263285918363106 0.3142037340634677989
0.9972836696662964462 -0.07176998429021168302 -0.01656356157074882415 266.239813178705333 0.07218243112980406162 0.9970573398825735012 0.02581390366599947694 4.682700468762680757 0.01466215717813422123 -0.02693938271878506749 0.999529534734024061 0.3499567355539368041
0.9971777809647874857 -0.07301839601772407151 -0.01745814976282532294 269.0159163290683182 0.07348575816890941248 0.9969080855857234136 0.02782287260777641449 4.862224841083354399 0.01537258912750173734 -0.02902727573863603597 0.9994604048018661535 0.4041133930644713601
0.9970069227068931728 -0.075182043523281325 -0.01802377336171507444 271.7359519474126159 0.07569405448097669964 0.9966903773585918946 0.02964290466568075127 5.03959545970940237 0.01573550732458184331 -0.0309184736436186082 0.9993980397203042765 0.4536408820053976498
0.9967885251390323775 -0.07751988897469033746 -0.02008240435068062504 274.5234468937976544 0.07811719977026554407 0.9964653562084350158 0.0308949344787978232 5.22807216837422839 0.01761644831414605622 -0.03236449736591728854 0.9993208694203511433 0.5088983510676803323
0.9965362707101277362 -0.07972663174527569452 -0.02364583155028121553 277.284962268971924 0.08045769202374716822 0.9962515929918731583 0.03176984821126702802 5.417889939320907011 0.02102429436064216089 -0.03356229509000079742 0.9992154679521974003 0.5514267027757453477
0.9962917501718575597 -0.0820304034168512497 -0.02595691535536693434 280.078825369863182 0.08284107064886396532 0.996053046836366196 0.03186981176194290943 5.620179812295008404 0.02324017111053560541 -0.0339019291967342859 0.9991549197414245631 0.6177347041480529821
0.9959973562276824843 -0.08468741962484092889 -0.02858858766628716991 282.8025061541771379 0.0856504332296545573 0.9957335625491359199 0.03433184674290649246 5.822873194996236457 0.02555914073358816346 -0.03664305350939029565 0.9990015099860803938 0.6828497378812206087
0.9957813059036104697 -0.08703917074498421225 -0.02904778079175040703 285.5498909892814936 0.08806086548052163843 0.9954654006447646308 0.03597110076130052153 6.038491808605275679 0.02578516596265325103 -0.03837732240768820108 0.9989305813424147473 0.7670186217322383371
0.9955273621073345014 -0.08974012224729036036 -0.02952933718615335587 288.2145644931430297 0.09081626117046334712 0.9951659471999805273 0.03737839269663437852 6.254174315965192577 0.02603224928104271724 -0.03989295667918085764 0.9988647926545226596 0.8380549243177786156
