1 0 0 0 0 1 0 0 0 0 1 0
0.9999970965874022122 -0.002380727351479028191 0.0003727654003693056336 0.8386721672167855024 0.002380910020455638022 0.9999970454015076893 -0.0004903628548261811321 0.3917313157423277792 -0.00037159687873658168 0.0004912489519775094194 0.9999998102950954371 -0.1030854384170691723
0.9999852403023228309 -0.00534401906119036374 0.0009801213084748539809 1.086185718118977128 0.005344549443295975102 0.9999855723581068112 -0.0005393207558306602461 0.3725391544871116123 -0.0009772250272363487787 0.0005445511024129249264 0.9999993742474757585 -0.1054852170258180621
0.9999848514843204805 -0.005413188166118039664 0.0009970936564377749084 1.314607702323561167 0.005413420886763248285 0.999985320683969614 -0.0002308481779640074319 0.3704231504726049895 -0.0009958293951597555534 0.0002362423685825833241 0.9999994762565423967 -0.1067490387021204079
0.9999881518668899405 -0.004832951220905409677 0.000581986544708841232 1.545276274542208839 0.004832918634951598527 0.9999883197340435625 5.73842501983805122e-05 0.369982485454060428 -0.0005822570822332730125 -5.457087668493128913e-05 0.9999998289993401457 -0.1084091472650790394
0.9999858902989029463 -0.005310873230399065087 0.0001175952428753395518 1.776976493716703187 0.005310885267883814521 0.9999858919177817551 -0.0001022891483525417949 0.3681517037803576087 -0.0001170503391322387564 0.00010291223992619292 0.9999999878541444565 -0.1030553295391512525
0.9999905074042126918 -0.004355838009699279471 -0.0001085204980995624889 2.008017708473178065 0.004355714496274225821 0.9999898938610199961 -0.001113520117839252466 0.3651188006057272117 0.0001133697146301755566 0.001113036863336157528 0.9999993741479284992 -0.102054704118204026
0.9999883200062222866 -0.004802480671460790211 0.000544086880407809205 2.240806987126316763 0.004802993252350036893 0.9999880192920203026 -0.0009447371273905452336 0.3623210699987765571 -0.000539543280067875 0.0009473393384820666526 0.9999994057204367737 -0.1022017241401519255
0.9999919459400760102 -0.003882932062216882217 0.001015329296465465603 2.475289531153024747 0.003883211484633196549 0.9999924229379937302 -0.0002733773331343559792 0.3610888745038792758 -0.001014260097640518835 0.0002773178697216522963 0.9999994471854739553 -0.103134885640921839
0.9999885551302658548 -0.004673327701915174111 0.001024508015437462435 2.710929998592396473 0.004673852645859245467 0.9999889471373638594 -0.0005105923532498954061 0.3598625017695201711 -0.001022110526302269463 0.0005153749090855816364 0.9999993448391729656 -0.1059825477723772003
0.9999902489868076616 -0.004282248025350966769 0.001079019532602873768 2.947442181305281572 0.004283135558045678658 0.9999904898390820085 -0.0008215723853070429046 0.3588426677368879991 -0.00107549109422882096 0.0008261859610717925753 0.9999990803674091433 -0.1081286361546246189
0.9999882925708266646 -0.004669010298720628442 0.001270851727432806841 3.184443562689042384 0.004669983759450734885 0.9999888036355349952 -0.0007641042192694692684 0.3560595332293416959 -0.001267269888044620383 0.0007700301305012223485 0.9999989005397100783 -0.110953205645586167
0.9999895776382426993 -0.004472528148526725561 0.0009171187761454933311 3.422087276082809382 0.004472642887358309859 0.9999899901064959185 -0.0001230951353286749287 0.3523642560100389565 -0.0009165590494265093849 0.0001271957971576338797 0.9999995718702774372 -0.1133695950733596414
0.9999912512335219494 -0.004145898922149935696 0.0005558583834561051963 3.662973382673632372 0.004145606012447446316 0.9999912680353851835 0.0005270709364770719213 0.3514446789408893768 -0.0005580387125478068495 -0.0005247619554000063948 0.9999997066087996656 -0.1208989937827720101
0.9999944733255132778 -0.003211715477799741147 0.0008591868941421603335 3.906357855910035592 0.003210526084204958549 0.9999938910862410379 0.001382140536134341367 0.3501320312135630664 -0.0008636206875959184098 -0.001379374455558652702 0.9999986757418328764 -0.1245461775104415303
0.9999983359158662877 -0.0006033902005581049353 0.001721652045000635544 4.15217512143032863 0.0005999991358403947454 0.9999978805438948237 0.001969494543078118953 0.3451661275835534726 -0.001722836769742043918 -0.001968458275934280386 0.9999965784968870564 -0.1211183363937420321
0.9999930462626942518 0.003025867618436379591 0.002179805361228924748 4.401183645117193954 -0.003029514196977859449 0.9999940139862333321 0.0016715368471044757 0.3395040526436031714 -0.002174734463665347218 -0.001678128974964835296 0.9999962271994609075 -0.1256983465538270839
0.9999865314561595664 0.004968424704597943289 0.001500553975688129421 4.653220507184846255 -0.004969866867915648939 0.9999871903921585536 0.000958892544541529307 0.3296489141297916925 -0.001495770568772801208 -0.000966337183142546431 0.9999984144301700129 -0.1303763726072030837
0.9999759758776095575 0.00693121049921862839 -7.738629071649435586e-05 4.912862189555146308 -0.00693121310587530709 0.9999759782939169339 -3.346647186844153849e-05 0.3219079385495801082 7.715246860457755488e-05 3.400204873825464041e-05 0.9999999964456786072 -0.1303642771402138134
0.9999531581252293355 0.009543442260659746462 -0.001613773589332088759 5.18332354333606915 -0.0095429348911328718 0.9999544133775797317 0.000321807961474251795 0.3138779067412049706 0.001616771178544150088 -0.0003063927510939942951 0.9999986460863026227 -0.1321693392943749101
0.9999304593365649918 0.01160545592988325783 -0.002095204912550836795 5.46687775095155537 -0.01160311494509649703 0.9999320475862020219 0.001126025593086624199 0.3060197965207313575 0.00210813057871611512 -0.001101636385085978101 0.9999971710873677422 -0.1326951924674262817
0.999903958479555488 0.01371498694360847106 -0.001993226041349641011 5.765088268673801863 -0.01371113451033821942 0.9999041281156739736 0.001933744469464844214 0.2971515701557480016 0.002019556227164154717 -0.001906229359343391801 0.9999961438337023889 -0.1251113802139632303
0.9998670042548707393 0.01618927689179499099 -0.001970054849740698541 6.078019967733112594 -0.01618466401119480341 0.9998662924846563049 0.002335338055290619042 0.2866225026291998046 0.002007598873014694585 -0.00230314278943914881 0.9999953325291356387 -0.1245514232140446931
0.9998374925945482383 0.01788748802888731615 -0.002241913081084585119 6.406272435089354289 -0.01788224740712663838 0.9998373704454185384 0.002336212417836411141 0.274538245537621961 0.002283337451415784827 -0.002295742321636576235 0.999994757954898339 -0.1300072549805183497
0.9998065476472198787 0.01932556828180344646 -0.00365919285265003686 6.750008921535680884 -0.01931798898203750114 0.9998111943839127491 0.002095444178150997552 0.2626153956596380956 0.00369899762603467493 -0.002024350562333970902 0.9999911096711626701 -0.1400766742032336365
0.9997880182971895513 0.02005071838508236393 -0.004678371684761631691 7.109842111590713998 -0.02004250989503555611 0.9997975175630013922 0.001794901659507342189 0.2486494490541281133 0.004713413464365414675 -0.00170075486241269341 0.9999874455043983312 -0.1468063011416260721
0.9997781373101001234 0.0203062407435463145 -0.005597565864884467522 7.484195118499915367 -0.02029232016738845637 0.9997908820245041683 0.002532580282657381863 0.2346175463338535105 0.005647822498165097974 -0.002418430798895203956 0.9999811264686450096 -0.150173582095572189
0.9997130346609205409 0.02312004371637733577 -0.006269920861216553808 7.873839595262571933 -0.0231000757345440795 0.9997279117398207848 0.00323867093039891191 0.2202231965226775223 0.006343093102851747253 -0.003092905897353502662 0.9999750992414754291 -0.1488402300389527477
0.9996862104204129462 0.02409368836350210194 -0.006853822022512139588 8.276309002192306252 -0.02407109069041923552 0.9997046005003971114 0.003360703990998342022 0.2051724746367784014 0.006932769161557413365 -0.003194670465626007518 0.9999708649717593545 -0.1559738872743594573
0.9996288679396218013 0.02623014597941639853 -0.007355666091437825481 8.691188243271595226 -0.02620527513108062215 0.999650603803150628 0.003457437100026338177 0.1868123373332688519 0.007443785129528524697 -0.003263396680573288702 0.999966969607021916 -0.1590791184473074327
0.999581571293300275 0.0278171995182641095 -0.007930053075361665968 9.117449315318156167 -0.02779553752726371049 0.9996096265072622611 0.002828902186736694142 0.1688318284562683735 0.008005649529391149072 -0.002607298405003909397 0.9999645551571514357 -0.160728439760834757
0.9995400231496152088 0.02911137061250388194 -0.008501189512535960863 9.553635058952071546 -0.02908999484823228746 0.9995733434951808993 0.002627389121326155225 0.1478487665922907368 0.008574049323185924457 -0.002378881024029875103 0.9999604125180542313 -0.1603887720101134229
0.9994935411487552157 0.03061318602544338408 -0.008688730821763634982 10.00117096774243208 -0.03058749706502897694 0.9995273652836728084 0.0030742596468175485 0.1271445730221620884 0.008778737108394987429 -0.002806936132298871404 0.9999575265401680069 -0.1589837555044567308
0.9994007312932911002 0.03361764156171551804 -0.008248179572673668483 10.45946108285075482 -0.03359101791145605032 0.9994300633673356415 0.003345437674747573503 0.1044052629456888731 0.008355944357599131428 -0.003066368110876265072 0.9999603870056560373 -0.1594040299447150311
0.9993696338343017738 0.03472984084782653608 -0.007360239437555464274 10.92254015478855855 -0.03470341746913791631 0.9993908506968385286 0.003687866512249552385 0.08214972254052985146 0.007483834969869431267 -0.003430116344102318669 0.9999661126838297331 -0.1590579475324647718
0.9993298031324180375 0.03575740602089613751 -0.007832782773664875159 11.3926414416028372 -0.0357350217846263904 0.9993568589999428653 0.002979360303915060126 0.05781001929543083673 0.007934279385988222966 -0.002697458882920817421 0.9999648848465629847 -0.1596010626289861567
0.9992314508882294 0.03810520385864263337 -0.009192442259555530168 11.87508505395995684 -0.03809010097654756677 0.9992726649302385855 0.001812548155385434968 0.02972480144992206696 0.009254823790887966792 -0.001461014069223018873 0.9999561058738973829 -0.1626540616417805341
0.9992104676013340292 0.03851888021465896955 -0.009733308940547436353 12.3658282114408955 -0.03850749107591269066 0.9992573929561138213 0.00135489984470830104 0.003552013588005442646 0.009778270141589044673 -0.0009790248002167246943 0.9999517123058886403 -0.1700042596045540089
0.9991316470128276395 0.04078485804833966583 -0.008517469777535353545 12.86920380885825566 -0.04077730338779286118 0.9991676988514386348 0.001058820258884332838 -0.02463143862058878031 0.008553564511613978225 -0.0007105813799347365095 0.9999631651257201437 -0.1696226950882532003
0.9991174138007952177 0.0414830099293969079 -0.006599494466105858791 13.38259219025925795 -0.0414786686052914938 0.9991390746859073468 0.0007934018661202063734 -0.05235694705295648732 0.006626725491750040838 -0.0005189633766606852787 0.9999779083491148191 -0.1709062502130750949
0.9991481078304387253 0.04095640984306440219 -0.005062717809723194309 13.90639655008182274 -0.04095268509301532717 0.9991607361118929331 0.0008372550463666477913 -0.08051179306394792845 0.005092759814311982949 -0.0006292099071723280743 0.999986833859509594 -0.1725105986498403909
0.9992009194384645632 0.0397694068148595134 -0.003989595834332980602 14.4418726420044603 -0.03976718056874649354 0.9992087705136513121 0.000635828758451413502 -0.1090578084480360865 0.004011725681029683008 -0.0004766657021098313516 0.9999918393901364722 -0.1792543675957695981
0.9992190421171106562 0.03941397724393766455 -0.002800762106691491189 14.9911026926890294 -0.03941217160801763209 0.999222795429733357 0.0006970098488780746655 -0.1360138907859140545 0.002826057271904421596 -0.000586081396759983715 0.9999958349457722662 -0.1836943534435618308
0.9992385785844248858 0.03895944444187099398 -0.0021035107223308625 15.55176760954063298 -0.03895813768062283966 0.9992406264969468932 0.0006586853927428361908 -0.1628200285737528286 0.002127575388988172875 -0.0005762349952454431457 0.9999975706851463864 -0.1885711268087795767
0.999232797354904223 0.03910948917039785977 -0.002065077994526088884 16.1263471803788434 -0.03910887207390456588 0.9992348981212935133 0.0003383809025319387204 -0.1905243329543968855 0.002076731903715843975 -0.0002573584246979101521 0.9999978104732236694 -0.1883425588525042271
0.9992284107981456165 0.03921334384387751421 -0.002212852998788325878 16.7117626782323434 -0.039214582377054788 0.9992306776044402872 -0.0005190984147692911336 -0.2191581377180127355 0.00219079501679111683 0.0006054739902470529034 0.9999974169058846174 -0.1931197481961529072
0.9992284194055406354 0.03916206148721509267 -0.002983084373016916396 17.30954035883721431 -0.03916393374915512482 0.9992326352468678952 -0.0005717961976560957671 -0.2496475868915609408 0.002958402541362680545 0.0006881843295589732063 0.9999953871177265086 -0.2006040525383245565
0.9993221378054728543 0.03655698805580084865 -0.004341833274961438838 17.92167661058989481 -0.03656056105683716528 0.9993311604590524588 -0.0007463985348175466994 -0.2774325555471844895 0.004311643202864750592 0.0009046324400165783441 0.999990295639432536 -0.203002005064393698
0.9993690666963831459 0.03503448727469864882 -0.005835514698720140753 18.54370616424397866 -0.03504071154427164381 0.9993854171088322191 -0.0009677833830814334916 -0.3048256259571411886 0.005798022496605917744 0.001171653363584570151 0.9999825049287234258 -0.2052435726371884539
0.9993920111849891041 0.03424763995636612851 -0.006535069780937739076 19.17879018542144465 -0.03425812053218703357 0.9994118948041470496 -0.001498566510589326032 -0.3322405098532647538 0.00647990410613897682 0.001721534607153956059 0.999977523328085427 -0.2090898206573976736
0.9994321983922612729 0.03318178717984045928 -0.005852334266206802096 19.82427739294937652 -0.03319002046262553574 0.9994481939578937491 -0.001315346340294173055 -0.3594490417726208809 0.005805459370466860107 0.001508838578576949131 0.9999820098619982556 -0.2175516562927167774
0.9994507204598204186 0.03289426597254924145 -0.004027981935538055801 20.47804636729633643 -0.03289910915748221754 0.9994580252778776375 -0.00114207017711315988 -0.3870935876697817468 0.00398823131098255141 0.001273959878713055516 0.9999912354802104053 -0.2236900565758940251
0.9994214346595513554 0.03394858881141227941 -0.002071053055295868795 21.1338867923715128 -0.03395159284885750778 0.9994224511654424825 -0.001432986212093470633 -0.4171821381617548674 0.002021209061330691767 0.001502472686039600267 0.9999968286398502881 -0.2285362389097333469
0.9994566734438657951 0.03293489288995083558 -0.001284810822348003874 21.79227819323512705 -0.03293809976658017974 0.9994541143976487518 -0.002560233852290547465 -0.4466271482061174303 0.001199788434919923669 0.002601162036296364964 0.9999958972234698207 -0.2326732613450225862
0.9993911699740870569 0.03486121745771381814 -0.001408863084669357679 22.45036264187901764 -0.03486496191682413037 0.9993883121878986975 -0.002726883342138601129 -0.4761674832204797481 0.001312938827119434831 0.002774343091475761722 0.9999952895949295595 -0.2319251576949551419
0.9994405163724849883 0.03338459341549646769 -0.002030555486231790802 23.105975824745137 -0.03338739037526769482 0.9994415610491165225 -0.001359489475735082154 -0.50349021808414407 0.001984035541556286673 0.00142652381232909165 0.9999970143119342181 -0.2344011561730259263
0.9994928956774387085 0.03161980998899555084 -0.003760200338859453519 23.76009911265737173 -0.03161725865175736561 0.9994997784857951872 0.000736044967568247571 -0.5279598471311627295 0.003781593007770099862 -0.0006167844892874493109 0.9999926595386674499 -0.2304320178384499651
0.9994648878015802707 0.03212722521215724547 -0.006146499161457649046 24.41288877050027395 -0.03211170178592939045 0.9994808841692216506 0.002607832188347877691 -0.55346971466413597 0.006227090828469636005 -0.002409062157432268186 0.9999777096312375546 -0.233021935343924208
0.9992917253750462914 0.03673725386286862821 -0.008149955556818890001 25.0643239934426596 -0.03670859363076969806 0.9993193874808340427 0.003638812798393275486 -0.5839993736706386995 0.008278088584570301306 -0.003337062112979118696 0.9999601678396196069 -0.2345485397850164133
0.9990779394740162411 0.04197908541565595342 -0.009001513429360702423 25.71589457746168961 -0.04192374654051030103 0.9991012595208470515 0.006250815935863229637 -0.6171472783799187845 0.009255826940957242663 -0.005867675137740062559 0.9999399482249506921 -0.2358678667355470771
0.9990371362140242351 0.043209724740475422 -0.007597378043345149636 26.36844581848296087 -0.043137149825581457 0.9990242740700431279 0.009470275801093101797 -0.6460839698774707429 0.007999173095170191219 -0.009133427980543664879 0.999926294145282335 -0.2357359954311606665
0.9986764453479225478 0.05121024644465217712 -0.004782067159279567055 27.02321644716215587 -0.05115097583338500814 0.9986213595498252271 0.01178804148920045355 -0.6847062860448294153 0.005379142917820071632 -0.01152783197035060769 0.9999190836820412986 -0.2328452177330108119
0.9986062124629386805 0.05276319091692423247 -0.001295420660815912225 27.67610059151018476 -0.05274458329732407275 0.9985400742100672966 0.0116502845177702697 -0.7261333063723325321 0.001908235629031974608 -0.01156572007345670235 0.9999312940177272901 -0.2327332363696466566
0.9978598085321519484 0.06527561770152762177 0.003859566019790908534 28.33204915849641026 -0.06531746812191709106 0.9977929717018849676 0.01195048034447263388 -0.7830057859666205156 -0.003070972862051371197 -0.01217700110886483535 0.9999211417755278219 -0.2383295347661602559
0.9977567621491805205 0.06652550091940337418 0.007470027644260940347 28.98379016328415148 -0.06660609668254496851 0.9977174344412101936 0.01111525513719213536 -0.8325175651271334853 -0.00671352890058826441 -0.01158787035964179736 0.9999103208739417159 -0.2400369946101003626
0.9974896899546418227 0.07045295052043641648 0.007120407092111842931 29.63154188435075298 -0.07053777723198917382 0.9974312695787015404 0.01246131814014217465 -0.8859418572322996788 -0.006224180055455452894 -0.0129322940573010324 0.999897002372270749 -0.2408065339620161782
0.997078338880382109 0.07623208311767844247 0.004843102216273573006 30.27687627339316734 -0.07629162468161285182 0.9969927105403462164 0.01360599620951280161 -0.9451003900012168168 -0.003791324172084149877 -0.01393573223597243012 0.9998957051753295522 -0.2440220912944881526
0.9964287091475072522 0.0844069770387367857 0.002299959524535507335 30.92083118296982747 -0.08443281486412311521 0.996304867857610077 0.01573880736748298204 -1.008730851996262778 -0.0009629957180859634314 -0.01587679156543242778 0.9998734920622882605 -0.2514929564090399028
0.9952603842993200667 0.09723388464536887599 0.001529418563010364945 31.5634105439942374 -0.09724590661739707098 0.9951318902686442369 0.0159923299276736007 -1.083675968617177077 3.302317777763754666e-05 -0.01606526212441536372 0.999870944803549877 -0.2588074952637737791
0.9934436431314577209 0.1143024656945575285 0.002162003201072582211 32.20501206439357134 -0.1143219209333126846 0.9933360749078123941 0.01462671121128396486 -1.174022313911181614 -0.0004757266172395795893 -0.01477797763178026642 0.9998906865559356039 -0.2673102828366806794
0.9914255104369705807 0.1306621867600540887 0.001688255274863405741 32.84251891805031676 -0.1306727737244486598 0.9913117772956560048 0.01501953401696584992 -1.271837568505636007 0.0002888978217201680198 -0.01511135817881714347 0.9998857751723644327 -0.2641940342592126734
0.9890180487643576157 0.1477938322554940287 -0.0005313808216042452751 33.47408774119428188 -0.1477608420588156779 0.988861554910287377 0.01787620693767059607 -1.37735110418226725 0.003167455195011666547 -0.01760137402714869598 0.9998400666406322967 -0.2595477741766270552
0.9852691984442628614 0.1709901004659173385 -0.002644265428293012844 34.1010607921935005 -0.1709018132195426753 0.9850763363564881692 0.02042502848839186647 -1.500181622483803157 0.006097280973706349985 -0.01967224169063006012 0.9997878905405851446 -0.2585245270135275164
0.9803719309705269946 0.1971378232021256116 -0.002748750306544496709 34.72391715374656229 -0.197034120515172273 0.9801578810558499999 0.02163523877656269717 -1.639644261734138908 0.006959333152884061152 -0.02066898321722138859 0.9997621521216100149 -0.2635154157763149874
0.9748801458606248804 0.2227300417714591363 -0.0001723347055550804047 35.34392759871843737 -0.2226679379518306523 0.9746260167619135162 0.02287174805488216903 -1.792110377381765485 0.005262187287275179107 -0.02225883966630750818 0.999738392501590023 -0.2634020338352063284
0.9678922407343228951 0.2513580381139399744 0.001935717387102787535 35.95600338548894825 -0.2513367721915780173 0.9676365541402975889 0.02256825283024406839 -1.968435217074237631 0.003799640852823919952 -0.02233015376127318527 0.9997434305672567856 -0.264138666832545832
0.9592440788569963628 0.2825680777898268992 0.002465480065804476813 36.55845245772638918 -0.2825480185494694263 0.9589741187392092359 0.02313561760847784171 -2.166851204903848416 0.004173055422734118711 -0.02288932070899830223 0.9997292956625405402 -0.2585891835798909133
0.9486608019114775026 0.3162929763596716848 0.001198341442384627097 37.147507110078827 -0.3162256059846343947 0.9483656236527997496 0.02457661476458986027 -2.388722454128707096 0.006636944803381085271 -0.02369381731963985521 0.9996972311577643211 -0.2525873810579587486
0.9381308773394619882 0.3462797113125482551 -0.0009047185139648357454 37.726909777003101 -0.3461367375792592793 0.9378125160061544507 0.02640158556210700849 -2.626258148243374002 0.009990789772498667384 -0.02445498631168097764 0.9996510079843951013 -0.2567195514531618872
0.9257207326083825016 0.3781987568929133237 -0.002612566488102950613 38.2944004765637942 -0.3780122664020345025 0.9254421923050599741 0.02575801139842973791 -2.8832340966943244 0.0121594271492123443 -0.02285714300299564183 0.9996647934908698963 -0.2543885059667123638
0.9107682543221182758 0.4128973782174041873 -0.004116063682108350372 38.85026291101632978 -0.4126886916288211027 0.9105495663487782609 0.02423903924959989672 -3.168595491239730499 0.01375611575747626679 -0.02037749452817320256 0.9996977178107496753 -0.2484683641138798194
0.8952498005971327721 0.445534843596364416 -0.00514758898486306158 39.39221983092443224 -0.4453059569328342016 0.8950640224277843782 0.0237276310559555656 -3.467716261558325019 0.01517890809402388901 -0.01894990493268519302 0.9997052074747412309 -0.2386169062330250612
0.8796157988168150643 0.4756468299352279994 -0.006011625772175374464 39.92235892356191584 -0.475384768127850077 0.8794395602511433374 0.02440045280944454567 -3.781819068750404078 0.01689285955327277794 -0.01860518846569456444 0.9996841892609232838 -0.2285088563927660799
0.8629744924810759388 0.5052351412674788156 -0.003532330032737280526 40.44378509695592072 -0.504954521066511175 0.8626910672860882423 0.0280188165217657853 -4.108762613757562576 0.01720340028947072927 -0.02239585794786150622 0.999601154743860576 -0.2209653878437883856
0.8429282563846410836 0.5380239507050541548 0.001477516860891032405 40.95593809354153336 -0.5377770440103589733 0.842451542116744001 0.03272995754045937566 -4.451213767206505523 0.01636476470436549341 -0.02838358069104819983 0.9994631393019581811 -0.2196954724815063376
0.81929427867238247 0.5733226445193294607 0.007617756629288263692 41.45128989660683061 -0.5732137421670731037 0.8186807013704157088 0.03446614272680520452 -4.821197323009362989 0.01352370975437775652 -0.03260451632836960933 0.9993768332263223142 -0.2183271544008973941
0.7927175261587720012 0.6094580063786373403 0.012643661720147489 41.92678865348700867 -0.6095148926775112441 0.7921267384850458892 0.03204412241528342004 -5.217828375038211064 0.009514164442482981113 -0.03310843756537877602 0.9994064798854072063 -0.2125737484224669849
0.764254355123122231 0.6447215557467604885 0.01579228390123893488 42.37973115204022179 -0.644878547865150642 0.7637219303459643616 0.02933379641247687783 -5.635044703396156152 0.006851217313385135274 -0.03260258677023563506 0.9994449120172727019 -0.2090257565935733364
0.7344268349186466871 0.6784776094658137024 0.01689253103989327154 42.81229766231898282 -0.6786659750302136418 0.7339756961959893466 0.02630915676912275181 -6.070093157902466174 0.005451466561257709877 -0.03078653678424262199 0.9995111158287155462 -0.2009404904271879233
0.7057999549563305219 0.7082061965042099061 0.01704132672893075851 43.22784174595642526 -0.708392202801722215 0.7054006373412632369 0.02429872112402669052 -6.530201711629491257 0.005187542131434984272 -0.02922197925500560206 0.9995594856410771056 -0.1970850855403804003
0.6744602802245062145 0.7381143475429395862 0.01704524422650613782 43.62561493298807136 -0.7382820944629651105 0.6740492297934760346 0.02443736504206807034 -7.004640100574997419 0.006548236011176554287 -0.02906623068239949648 0.9995560388687867448 -0.1949964897173468159
0.6428229512296854686 0.7658231803029685869 0.01713213013621539202 44.00662506858489564 -0.76596458753679042 0.6423640016724039281 0.02582130893294292545 -7.49856559218975427 0.008769493255140096283 -0.02972113500630065366 0.9995197597456416672 -0.1940720298589764803
0.6097016851177921026 0.7924269119394297123 0.01798456000751330955 44.36947139839826093 -0.7925655219756360115 0.6092028161097787775 0.0266799966154917037 -8.013872319894979057 0.01018570272549611765 -0.03052078108525921665 0.9994822326494521292 -0.1929809624107328703
0.5766063137843346897 0.8167840889672192128 0.01972082437504150965 44.71597418564336124 -0.816949358418839644 0.5760648280725639836 0.02725912024944820641 -8.550531767570365815 0.01090434239593590822 -0.03182869566471902001 0.9994338544642136224 -0.1895715863780015609
0.5408663027837168347 0.8408800226829884483 0.01960688567135715488 45.04212538944916844 -0.8410446127408082173 0.5403907251442536808 0.02493639023057689016 -9.108702941835176148 0.01037313321695418171 -0.02997751875530399804 0.9994967466062801842 -0.19191466834674209
0.5050308618058507726 0.8629334531173615819 0.01702010912380178681 45.34473994968555388 -0.8630537151683237429 0.5046977918760831017 0.02045540538732665281 -9.684556638907624304 0.009061642113528530287 -0.02501987942321703615 0.9996458834386574566 -0.1917233856210692478
0.4706786839029999392 0.8821156902381892539 0.01826158686814434093 45.63136615229899462 -0.8822312624223415112 0.4702716578114638502 0.02263995282546475002 -10.27561285071372588 0.01138315088284458203 -0.02676708603603398726 0.9995768839769745284 -0.1844105524885298886
0.4380919457865972699 0.8987093411271209753 0.01992403593073868717 45.90322518383972294 -0.8987806884723880119 0.437507314151922122 0.02793965090461150713 -10.88008273480518895 0.01639271380868129874 -0.03014747476037743165 0.9994110309074836218 -0.171264110486141985
0.4058040425995106393 0.9137291093573787215 0.02054735318394857249 46.15604332792251796 -0.9136886217753595885 0.4050330409293660949 0.03348638818616168217 -11.50085064099407717 0.0222751307097925795 -0.03236279450977442435 0.999227936000280037 -0.1692973742542208115
0.3759094102014585159 0.9264776412758045643 0.01820152570563796784 46.39060919729247701 -0.9263015254279540756 0.3751493849149909465 0.03504886571273239243 -12.14174378719337355 0.02564369926194025318 -0.03003529946455191918 0.9992198364095049579 -0.1642828877545211008
0.3495638547736468205 0.9367551447064497161 0.01717295262287002119 46.60813981620225377 -0.9365930611045251153 0.348907323996736296 0.03251333806750666966 -12.7965465315649034 0.02446526776154861818 -0.02744955605169320176 0.999323757621082831 -0.1622691918580868031
0.3263927876040659815 0.9450699149518234643 0.01762396246592948246 46.8168619814169773 -0.9449875405415546492 0.3258249344184473983 0.02892508137306157995 -13.46439655821294679 0.02159389777855922482 -0.02609536288630338527 0.9994262031858887063 -0.1472264953397579013
0.3039623750765783061 0.9525161069413672355 0.01788688220645414523 47.01374705540916921 -0.9524732234878330317 0.3034465867143403273 0.0267381291438447237 -14.14301911833593905 0.02004078532648050082 -0.02516416159299586508 0.9994824320090971437 -0.1309478981653287577
0.2834261922593853678 0.9588129150124353739 0.01863833540588993865 47.20355576675692078 -0.9587899396183872103 0.2829113754659403623 0.02613437044467033232 -14.8261756685747077 0.01978497480199333663 -0.02527741358062959159 0.999484670785279361 -0.1248858798670000186
0.2648654899800989559 0.96410017672884607 0.01889765723601361316 47.3823285181519509 -0.9640786930673537203 0.2643521356193376803 0.02588864552344176742 -15.52315874564330223 0.01996361167587822408 -0.02507583747161832438 0.9994861962948521361 -0.1191460893657126097
0.2494790236135908668 0.9682377192958878664 0.01661131269668189581 47.54879724325810741 -0.9681970836142658188 0.2490615701293119599 0.023722174553615024 -16.23426450049907288 0.01883146456438658523 -0.02200120945355908339 0.9995805734031353307 -0.109019856588178421
0.2378384206602156548 0.9712140012413167378 0.01327589735897151922 47.70734749494497606 -0.9711363147601593804 0.2375204472630472186 0.02186996310053515233 -16.95328145318639557 0.01808711729134947557 -0.01809422352005420759 0.9996726740605123007 -0.1009470204917990444
0.2279561597601115208 0.9736037695699172323 0.01147558742157917672 47.86135849965411637 -0.9735112963065779557 0.227689124261027831 0.02081870929555202504 -17.68353148396471397 0.01765630739732949178 -0.0159173670088371827 0.9997174061886674457 -0.09154685158715167304
0.2217411443443418895 0.9750634852770878602 0.009058950499934017436 48.01408310201679797 -0.9749482536719961123 0.2215289330455554317 0.0200208512711920715 -18.42215731024045056 0.01751478137993986786 -0.01327145444163372809 0.9997585213091292333 -0.0852569487504133694
0.2171287745565384508 0.9761115208278811073 0.007835442977713815912 48.16617792832548162 -0.9759646404986669355 0.2169286883751023742 0.02085580629382770626 -19.16734181279561255 0.01865786043156649268 -0.01217551095185962114 0.9997517897844331314 -0.0777581001565952612
0.2137660805622687565 0.9768537679304281074 0.007796081141903866106 48.32325188559074292 -0.9766732226293776131 0.2135468416872738917 0.02252027096055329164 -19.92072336470388905 0.02033418303723939433 -0.01242829374918112684 0.9997159889262010601 -0.06827738877068462164
0.2096276213975797331 0.9777607573353347403 0.006337330843949632794 48.47686668445312819 -0.9775251432744005431 0.2094199559143512523 0.02424616116406700175 -20.68375159190074797 0.02237978135629814166 -0.01127756533405488426 0.9996859316338209123 -0.05727399230578790468
0.2081936689045472688 0.9780803205346089158 0.003779260639386625674 48.62789951508645458 -0.9777885429888949487 0.208032907362136088 0.02553183608968902923 -21.46232352869391136 0.0241859758479492544 -0.009010884383543017045 0.9996668657782495915 -0.04789035467422451953
0.2071066626958677492 0.9783130050480995932 0.003239509335913938384 48.78373841422206425 -0.9780200751239535029 0.2069606157996569662 0.02537786756926855083 -22.25094128048858266 0.02415704703635433714 -0.008424230622684204112 0.9996726811396313694 -0.03929049137464899616
0.207782176197803925 0.9781713765269042238 0.002706547240751948011 48.94281609045083314 -0.9779068393410269566 0.2076595936833416367 0.02399388924940178483 -23.05042485416633724 0.02290809517502211123 -0.007632253581420711357 0.9997084414371627537 -0.02519682549735965602
0.2084721762125258948 0.9780255117411368326 0.002334551070512103782 49.10840108334690512 -0.977783128962912973 0.2083658795548960496 0.02288696032263768873 -23.86544454911752666 0.0218975902945737419 -0.007053979075799054685 0.9997353334350492782 -0.01201212718883373776
0.2078192169585681981 0.978162600641856117 0.003016582219712002355 49.27489335027712514 -0.9779230861015237863 0.2076974529411393933 0.02298272637079488284 -24.69123716862685214 0.02185430695307517823 -0.007726237591731374352 0.9997313111632929461 -0.00832420116406851901
0.2077942430319078548 0.978169916000885542 0.002273322154237269587 49.44484856967694242 -0.9779190748908729303 0.2076869291298707454 0.02324698761524534793 -25.52550282036943941 0.02226736462574172709 -0.007053715292282680162 0.9997271675678318648 0.002062765651178043169
0.2083652019347070894 0.9780496282889917792 0.001693288656447103531 49.61582717531756259 -0.9777956869149446728 0.2082709142481418141 0.02321251664027240702 -26.37207789221392673 0.02235033049510621456 -0.006492371062139090133 0.9997291192341808408 0.01093416852594232547
0.2100294316515609605 0.9776950575919395314 0.0001104554955529992555 49.78801205530407969 -0.9774645809871251867 0.2099774647939361971 0.02173608047406551391 -27.23066071919507181 0.02122806528598573592 -0.004673182962979011319 0.9997637373925943871 0.02142915298989712253
0.2112827164796606816 0.9774248160215369685 -0.0005854419185386704931 49.9625789023502449 -0.9772390869494557153 0.2112541744897803442 0.0193762921849269347 -28.09376115261500217 0.01906254587324435201 -0.00352175892220031421 0.9998120906244954975 0.03296986779695845748
0.2129608501026379885 0.9770591908069472531 0.001736082727159643166 50.14306901542965988 -0.976922194131830457 0.21290039706427899 0.01721765206185104854 -28.96026858129594217 0.0164530524891990243 -0.005362703566874411909 0.9998502580257913053 0.04230826160967331162
0.2142940919428792945 0.9767579442658456124 0.004686200159649108778 50.32844803650265675 -0.9766451447334671965 0.2141879556428123443 0.0169641069938237174 -29.82479839341079497 0.01556609864166483975 -0.008212062537033805454 0.9998451173066585929 0.05185702831646287619
0.214606645253818229 0.9766713712114180046 0.007551189900319532286 50.51520842577819792 -0.9765618240067733824 0.2144394399903010173 0.0185129811000373963 -30.69159462129556459 0.01646182570269964437 -0.01134721255000393711 0.9998001045518444263 0.06347637319871000938
0.2163173579944025482 0.9762763507275944441 0.009554456569196630167 50.70202941882683234 -0.9761515051262040776 0.2160855108162844651 0.02086362996010210705 -31.56175336026224443 0.01830408889205252868 -0.0138397624718263907 0.9997366759825085936 0.07494595886125349216
0.2172766361053134476 0.9760491131489085204 0.01090835111226651222 50.88898348722698017 -0.9759596419066834949 0.2170333995480099309 0.01998201316214625808 -32.43634002358537316 0.01713594970048415433 -0.01498773504780323215 0.9997408299284367139 0.07530589340515564389
0.2166401050570453402 0.976173242704467925 0.01236386301754304438 51.07862211323219981 -0.9761359769618299653 0.2164022302598913594 0.0181281333655408626 -33.31399231105389447 0.01502063119999497327 -0.01599609222245051976 0.9997592238494049655 0.08265548826767891988
0.2158589623828470749 0.9763376411712156866 0.01302761648295598131 51.26622579437304239 -0.9763237186416209301 0.2156257176996621006 0.01724952997337636518 -34.19586808664280397 0.01403227625146513495 -0.01644263661132129919 0.9997663401637757463 0.0934921724873960247
0.2160710927094213751 0.9762989004977634666 0.01239918473992873346 51.45297066534847374 -0.976241831784119829 0.215811822500585615 0.01942017362852533832 -35.07844821741214503 0.01628400350475947556 -0.01630074095965989081 0.9997345232980718865 0.1012659253022764883
0.2164017353695049106 0.9762195088799996423 0.01287475868352316519 51.6415279403671974 -0.9761234707624818485 0.2160889448721889927 0.02210288964434664952 -35.96702870143734998 0.01879517905402634456 -0.01735045780710730776 0.9996727978984978336 0.112414089086147917
0.2169124487798063106 0.9760962697267909771 0.01360374175702590803 51.83168616128810413 -0.9759702083307895126 0.2165459019775088922 0.02429042584029342949 -36.86130995503327767 0.02076395952374138903 -0.01854574242760516703 0.9996123815873357854 0.1194031620449537284
0.2165016207125380898 0.9761862439701783911 0.01369179726111573354 52.02314943459249719 -0.9760260074690864096 0.2161022030516285275 0.0259436038396255314 -37.76527435415286504 0.02236696163539098406 -0.01898038249424591553 0.9995696394486844882 0.1301478808637760165
0.217059775623259843 0.9760625322992602104 0.01367431343562952421 52.21938972465454043 -0.9759112303046090231 0.2166683785211963587 0.02553594161843179139 -38.67983746787773214 0.02196188452124414256 -0.01888774180656152546 0.9995803763768695838 0.1438276064501426976
0.2163682298967030126 0.976219817166220416 0.01340364365829232671 52.41629800149958385 -0.9760960487546319619 0.2160113942606910475 0.02399127247869937279 -39.60417600044273456 0.02052541587793968794 -0.01827419277295988867 0.999622309265621789 0.1556994229756085701
0.2158888127430957926 0.9763097442681545335 0.014536291804561648 52.61638297048641277 -0.9762335229600799247 0.2155347717641571403 0.02264665117680677783 -40.54061800956831974 0.01897706988256494046 -0.0190799739943108039 0.9996378471281730516 0.1645643416776075008
0.2159679633181436076 0.9762764869102759091 0.01555827517249276648 52.81723159797050471 -0.976191136015424954 0.2155643310170765048 0.02414301468488378247 -41.48356667019979938 0.02021644838064354244 -0.02040196802493067854 0.9995874423558863686 0.1789194102377638096
0.216874655113378223 0.9760573759920299075 0.01665481134706901789 53.02179609388633708 -0.9759191827801989572 0.2163720337182277742 0.02765667561849704387 -42.43414427271615352 0.02339086683049423215 -0.02225178186553410445 0.99947872691354811 0.1908816750187240507
0.2171435900141923669 0.9759635248897164939 0.01854344629749572065 53.22804178267621467 -0.975807314564144046 0.2165348024782719483 0.03021198700531774195 -43.3969781962729968 0.02547049585033753227 -0.02465516985412053927 0.9993714907083363075 0.2018140091744626274
0.2171964435178864727 0.9759165648009044958 0.0203116584843179987 53.43936666354748866 -0.9758144699627636642 0.2165524025374347961 0.02985259061715201875 -44.37283414483111699 0.02473509924119977887 -0.02630428676978028776 0.9993479170754603347 0.2152692346078328156
0.2170124241139309573 0.975870108611887721 0.02414826904807200816 53.65310807670805815 -0.9759307551505465028 0.2163467701745345195 0.02744514868481353134 -45.36193733189708155 0.02155850021406232123 -0.02952297669392213095 0.9993315890712403116 0.2266308598985433687
0.2174076512121877469 0.9757711237580339869 0.0245891690462232311 53.86716045839031608 -0.9758995417447201559 0.2168126803908841937 0.02474562676850035337 -46.36224127517660065 0.01881482439050024061 -0.02937644739760580936 0.9993913281199964249 0.2384531187635431093
0.2161900254597262094 0.9760317059778370608 0.02497962805400084571 54.07957068009386603 -0.9762145440858678302 0.2156607722544169325 0.02226196814861760784 -47.37532478439452177 0.01634126087376558747 -0.02919829167300424383 0.9994400547088523323 0.248867425973804568
0.2148516598702020497 0.9763318805456557836 0.02479563028443304909 54.29188812628089522 -0.9765362485115548496 0.2143763075398498197 0.02048790151671270668 -48.39264078343929043 0.01468739575274627743 -0.02861569142556270179 0.9994825774420678099 0.2566450828441371179
0.2139083751466447358 0.9765734331935365109 0.02339950047995811508 54.50085818036023966 -0.9767566251001471578 0.2134879985482612819 0.01921899578094939456 -49.41543053667540164 0.01377324816783850707 -0.02696672127728626592 0.9995414416513506151 0.2640110110341017946
0.2127992461028322957 0.9768472605235309913 0.02204337691322742765 54.71149295967494908 -0.9770001831613072119 0.2124083963242821005 0.01879668251896126144 -50.43621637633039967 0.01367928948586751708 -0.02553630315098616779 0.9995802990558301238 0.2731393842047353804
0.2121333564399017213 0.977003701965970639 0.0215222078405141147 54.92070292707562373 -0.9771370661906509936 0.2117386362206344907 0.01923288350074244674 -51.45558326519019232 0.01423351544309810722 -0.02511008315825549037 0.9995833585859242865 0.2814486260388400218
0.2110821605896165964 0.9772472336439782525 0.02078859822141182478 55.12770413483380594 -0.9773525248157739487 0.2106820581265713699 0.01987743997058511597 -52.47406781911708151 0.01504538856432511597 -0.02451356193505906458 0.9995862751979963656 0.2886958050356260852
