1 0 0 0 0 1 0 0 0 0 1 0
0.9999999907074724748 -0.0001326417875548084428 3.148350480922948935e-05 0.8346997769437316528 0.0001326425137167425205 0.999999990937010641 -2.306387060062459407e-05 0.3893258353895157065 -3.148044529087042369e-05 2.30680464375214511e-05 0.9999999992384234204 -0.1029976213258798484
0.9999999010285121059 -0.0003852079867263453116 -0.0002226157519496129637 0.8344037270916396798 0.0003852173228371486512 0.9999999249261302126 4.189687497082533274e-05 0.3884965776640956214 0.0002225995962261293685 -4.19826262682166873e-05 0.9999999743434391242 -0.106988035518340574
0.9999991982001047441 -0.0006357289300035160471 -0.001095193076664443838 0.8342402840395890529 0.0006358900806589716471 0.9999997870465139327 0.000146801676319039732 0.3870878622256025414 0.001095099517366651242 -0.0001474979810273283434 0.9999993895005099276 -0.1149159866556732079
0.9999975301192625121 0.0001815523007315715076 -0.002215128469576190667 0.8372914367303847527 -0.0001815905876342177355 0.9999999833665117466 -1.708316963079884051e-05 0.3861835631224088128 0.002215125331242127123 1.748537391788285869e-05 0.9999975464540044046 -0.1164288500992200631
0.999995139689577206 -0.0004792696922643730449 -0.00308073007337132318 0.8438569560379922674 0.0004792947850377174044 0.9999998851108176101 7.406788087472479691e-06 0.3847149815369363957 0.003080726169579716799 -8.883329946458878545e-06 0.9999952545124174419 -0.1172011039474978034
0.9999923828299677186 -0.00041720584290240502 -0.003880750098615737189 0.8552381806994050484 0.000418132842993486852 0.99999988424543651 0.0002380630991751889224 0.3832780969213552824 0.003880650328085248017 -0.0002396839548797655378 0.9999924415237512187 -0.1193277772133322367
0.9999880395658549137 1.107876540401364908e-05 -0.004890869298921332077 0.8724742804757922299 -1.071763670204051108e-05 0.9999999972146558225 7.386352744748333424e-05 0.382748514410584606 0.004890870103615270297 -7.381022544732457271e-05 0.9999880368992821733 -0.1186194503171490305
0.9999782788662240351 -0.0008585618266695868236 -0.006534880820181426103 0.8995176846515033908 0.0008594862034244038582 0.9999996210303465638 0.0001386456974232436797 0.3817241120684956024 0.006534759307756666732 -0.0001442593257874711808 0.9999786378268470388 -0.1217118562786664443
0.9999674834368096343 -0.001345325978388493349 -0.007951236826167858499 0.9383804332787473168 0.001348673207404740186 0.999999004168679706 0.0004156226997973850104 0.3811121376663032523 0.007950669760061946159 -0.0004263328052487861861 0.999968302042972601 -0.1179125511854571956
0.9999666702149130337 -0.002457228899322898806 -0.007785915837957268701 0.9907497001609698595 0.002457987548313517873 0.9999969752833640646 8.787112900480167292e-05 0.3801142155029236802 0.007785676368290500582 -0.0001070058844608725793 0.999969685437128053 -0.1123238176037397174
0.9999650453967298125 -0.002866541534646730761 -0.007854357029458814907 1.054993351836861049 0.00286171273522539335 0.9999957093765998728 -0.0006259621489122910078 0.3782732462941825746 0.007856117675869724037 0.0006034633551155042146 0.999968958141722486 -0.1061760311982454796
0.9999651373388582787 -0.003103173335419414335 -0.007752059218602456829 1.132062152570738167 0.00309016307381159306 0.9999937978637244429 -0.001689711887209396435 0.3769584877253303601 0.007757254608147697017 0.001665697852213119355 0.9999685247304584967 -0.1005963209742233577
0.9999527109413085535 -0.005905773857799685896 -0.007726429723248184368 1.222257954948253289 0.005888281622715607795 0.9999800538506670167 -0.002284740761818553501 0.376834684530603925 0.007739768772990110457 0.002239137324429967251 0.9999675405948850182 -0.1005921364954765196
0.9999330030743203146 -0.008367886702640660659 -0.007997989428787610072 1.326512417352310846 0.008352773174765695807 0.9999632694004768618 -0.001921205402940137034 0.3792552240391385276 0.008013772086985214774 0.00185427129653170414 0.9999661699952137051 -0.1007365151465471897
0.9998958936408565146 -0.01196550692915491175 -0.008064026542692987951 1.443835412533521101 0.0119529102081889823 0.9999272677216383132 -0.001608478875843395847 0.382946214012223618 0.008082686292804071304 0.001511922837782610825 0.9999661915643072163 -0.102740504307518854
0.9998364772741619166 -0.01584006336832034095 -0.008724167838930556654 1.576471888969016577 0.01582811568883212353 0.9998736951415646557 -0.00143684296091291957 0.3878151109058195489 0.008745825617697879431 0.00129852086659196838 0.9999609114249535802 -0.105001804563245732
0.9996726220566423127 -0.02368805604604875409 -0.009670817501995407003 1.725262336851499878 0.02367841231434911556 0.9997190103147773899 -0.001110497867523028027 0.3940255787494104656 0.009694405637754579738 0.000881144710785984153 0.9999526199192286802 -0.1060953722715385905
0.9995270260132892437 -0.02852335320584331244 -0.01149532909159835768 1.893586679075112134 0.02851363393502634458 0.9995928948982566453 -0.001008537922970486386 0.4022901911519120022 0.01151941616787732423 0.0006802873050878155935 0.999933417913579814 -0.1067172181218727922
0.9993306750581909537 -0.03427013690238740057 -0.01279685916277734439 2.079757356653384903 0.03427780307421299938 0.9994122711384113567 0.0003801504544085516912 0.413626155257207917 0.01277631027119361003 -0.0008185442285778959113 0.9999180445822547503 -0.1104517797650763911
0.9991004876542914914 -0.03978831725328629138 -0.01466647125619640994 2.287305413020647826 0.03981229932957441181 0.9992062685762117535 0.001346721981633431818 0.4258935949319327952 0.0146012462156270735 -0.001929416532345006171 0.9998915345980259328 -0.1112014722890950491
0.9988702116248578955 -0.04465015834253378835 -0.01626848759098942568 2.517783227067039498 0.04468637732767750254 0.9989993156856873391 0.001869476091526294263 0.4378285514539055345 0.01616873556713530405 -0.002594343754212074561 0.9998659116954857762 -0.1133322993071339269
0.9986163609076726955 -0.04976982600161924952 -0.01698022812818983374 2.77272501655491066 0.04980469673814220261 0.998757634985456666 0.001636686004985955052 0.4502243066433532226 0.01687767490913696933 -0.002480116534716558015 0.9998544859686512298 -0.1151067452978342953
0.9985743563561939595 -0.05046678622159837813 -0.0173884535332035628 3.051434415846162373 0.05047576322266122961 0.9987252832098429955 7.748876560936778771e-05 0.4604310332099402769 0.01736237757056133951 -0.0009550737575934403149 0.9998488064098565165 -0.1095424565488865853
0.9986773742392597297 -0.04842479374660972613 -0.01727835446956636767 3.35350428802495415 0.04843613273799920321 0.9988262533282876721 0.0002381334967544679283 0.4708873866262801022 0.01724654249305055537 -0.001074715205839283727 0.9998506897328529597 -0.1046410338955898883
0.9986680015243111219 -0.04849154616014093866 -0.01762931315841179819 3.68034557541802787 0.04849503018415362438 0.9988233973604048188 -0.0002300714171089739742 0.4829915724227234475 0.01761972698075823032 -0.0006251691114109915069 0.9998445651123506472 -0.1031381064994484897
0.9986588896246403335 -0.04855677846827465005 -0.01796277925220014088 4.02852561137580345 0.04857973233064305507 0.9988189516488126252 0.0008434653815973598874 0.497901002258203218 0.01790060837970170599 -0.001714961209409154386 0.9998383004904777271 -0.1045817862190557834
0.9986755570745976529 -0.04772270654652683436 -0.0192269337549200621 4.399867809027234955 0.04778999738859732865 0.9988527321535362047 0.003055424522706216145 0.5162569003306141102 0.01905906218416478226 -0.003970232901251380571 0.9998104767401519988 -0.1081308946018135209
0.998689272619392332 -0.04639641506494343592 -0.02161271440774014535 4.791765733425292773 0.04652827464068143293 0.9989010603686927503 0.005638373281600595616 0.5357780128215516857 0.02132736303227312363 -0.00663658522305226109 0.9997505185408341877 -0.1113500042350521607
0.9984160343017424166 -0.05127449152757850709 -0.0231592091352502312 5.205927643722478848 0.05146670225014395028 0.9986444001131979942 0.007780789294532569969 0.5565903027633740674 0.02272885849920767629 -0.00896039291209739866 0.9997015106271390783 -0.108451246571170612
0.9982943189415740548 -0.05369225945313461923 -0.02292583790826819082 5.640637152030738122 0.05385646452062044925 0.9985268380768604901 0.006605669501758565029 0.5756607708348678853 0.02253739111605558218 -0.00782910691232333554 0.9997153450290924281 -0.1026167271875481485
0.9982924645724078339 -0.05402871910045541765 -0.02220478980562349408 6.095853483539244166 0.05418269470937722015 0.9985105811877839077 0.006391779882345307272 0.5955869116894616511 0.02182637789415051849 -0.007583981038874820953 0.9997330105881387929 -0.1045956395188493426
0.9981355680866708102 -0.05721505013703604564 -0.02125619340604775753 6.568076327971557049 0.05736139587094875314 0.9983333507169510623 0.006339645889275470625 0.6198330215583800484 0.02085804362914126658 -0.007547110975834055158 0.9997539612984203128 -0.1023337922046361481
0.9981187282251553494 -0.05836475534381219826 -0.0187765731659244664 7.057843697252579318 0.05856175206524603244 0.9982325095047073216 0.01011820947515044804 0.6512305074318582854 0.0181528389307849293 -0.01119876339563070228 0.9997725051916369621 -0.1016107223704192375
0.9982119312921134968 -0.05810402687670074284 -0.0140307621596411098 7.55944939202232824 0.05829834076188525338 0.9982029665594768231 0.01386149401294842383 0.685493597276539357 0.01320013979016462606 -0.01465467886279103737 0.9998054794293480541 -0.1010368641377082932
0.9981885353623154433 -0.05941122670168223763 -0.009484408945049968565 8.071325004695296457 0.05955190092296236415 0.9981077796720402295 0.01531114805008732156 0.7153675717890022323 0.008556808265778703682 -0.01584822702864070731 0.9998377942108166438 -0.1029001332797652712
0.9983559202121305987 -0.05708031472371889736 -0.005224389766376056655 8.591205860600865662 0.05716460281170009788 0.9982073073670895136 0.01773075588703282648 0.7441145025944400082 0.004202946915009156056 -0.01800025527558370836 0.9998291484284920205 -0.09597014028232732363
0.9982701828285354129 -0.05863258399544213351 -0.004343059923583361508 9.116615906945071401 0.0587044461636730755 0.9980974196741316806 0.01885016818112650316 0.7708141379961015449 0.003229562834010574635 -0.01907251776399140203 0.9998128869893823101 -0.1009458784545587823
0.998179817250057555 -0.05995247266929710356 -0.006538612657048752282 9.646562748081830563 0.06005077994765540411 0.9980663087639811692 0.01604827523192409525 0.7950325629431601593 0.005563835216826808726 -0.01641171322801200649 0.9998498384290520624 -0.09776626299787580243
0.9982761181849023613 -0.05794207092176649476 -0.009354585986553648133 10.18626486480728488 0.05806768876015926117 0.99821771753040478 0.01376705961497465269 0.817843227727683364 0.008540221527344444771 -0.01428652601880437724 0.9998614703000500148 -0.1007089415336067661
0.9984458564812782599 -0.0546101429837971622 -0.01111773172261239749 10.73762471350422665 0.05472909203127420547 0.9984439981647124096 0.01069153937915743278 0.835890088781458207 0.01051656601743509306 -0.01128338655515202793 0.9998810364373593718 -0.1046250619644307212
0.9985264095975883158 -0.05274966390084215306 -0.01274685429812057354 11.30279421909875026 0.05290103161900226725 0.9985295123528559191 0.01184456896695905079 0.8589423395483173351 0.01210331317427780842 -0.01250143666607632896 0.9998486004848381459 -0.1055384704189574752
0.9986860011605079857 -0.04977425775981346445 -0.01219812897511374401 11.88072156728211581 0.04993847973849602911 0.9986603790614908549 0.01354974295575859036 0.8838582935698657828 0.01150735970766890263 -0.01414109462591058713 0.9998337912449946074 -0.1115887229890454718
0.9988260935617719882 -0.04731501594380785325 -0.01037902145519888769 12.47051288162873739 0.0474378046611758572 0.9988030482390938269 0.01192164071017594654 0.9041605619058198373 0.009802525646913279322 -0.01240000381175790888 0.9998750673941270151 -0.106838594287729613
0.9987821028724164218 -0.04858760545148924775 -0.008576454876246097231 13.07207197080254524 0.04865592049065029651 0.9987840001179043581 0.007944967569827569506 0.9197297870759149063 0.008179998958520123473 -0.008352586723195810914 0.999931658620762942 -0.1077469963296177613
0.9987101173781058883 -0.05030306836476767379 -0.00690671844652140151 13.68620804182001294 0.05033309465092112439 0.9987234668438738083 0.004244568083464902303 0.9362563034367794579 0.006684386992942941905 -0.004586729602152618893 0.9999671399011496042 -0.1044962527897616567
0.9987433621265833228 -0.04995373419669574266 -0.004039931669516895994 14.31055487809632965 0.04996061817704561259 0.9987498725314999382 0.001621341938070197143 0.9586466146215770756 0.003953889155749655722 -0.001821141981987147275 0.9999905250563254633 -0.1056880237915816256
0.9985399690583699472 -0.05401758797061362999 0.000174306473151089646 14.94049288085620475 0.05401757679035668058 0.9985399825458696199 6.822750419300276016e-05 0.9864211857292444208 -0.0001777374678676820656 -5.871227662731555311e-05 0.9999999824811304228 -0.1185513784533139964
0.9981818740950167967 -0.0601539637588496684 0.003800904137058393629 15.57588738398402661 0.06015495045135793584 0.9981890405662344756 -0.000145703997568101838 1.023597518782393356 -0.003785256180865318246 0.0003740822893907727121 0.9999927659228770027 -0.1219903779744623967
0.9974905825830990835 -0.07050819180559730892 0.006413466015708254621 16.21253118888298062 0.0705005791432284229 0.9975107479913988273 0.001405696307661707207 1.06870557607819805 -0.006496614387427589524 -0.0009500157604415420017 0.999978445503479807 -0.1215074164534300089
0.9965504344303411921 -0.0827315277729163967 0.006536508935009912279 16.84703192328288424 0.08272856681929487144 0.9965718549941863236 0.0007225409828840281042 1.119918948581323459 -0.006573877753941441936 -0.0001792925141919184584 0.9999783757589314481 -0.1274739308221041201
0.99535353457404252 -0.09616374766666979657 0.004886189278108784249 17.48106038430157128 0.09617227075659427749 0.9953635131213695031 -0.00153983252517273894 1.177782239339371539 -0.004715458459234685498 0.002002593664805004878 0.999986876948959269 -0.1257468207609314936
0.9935153353607161231 -0.1136444021705458191 0.003496892675349784485 18.11334919456131232 0.1136572685692645718 0.9935130118422232925 -0.00373103223898683771 1.248179233276555111 -0.003050197445697082257 0.004104285016118776504 0.9999869254845529243 -0.1370848523179957479
0.9910317633196611409 -0.1336088599117319087 0.002171783739306062163 18.74446219230736688 0.1336201815767837919 0.9910121093316992535 -0.006375439853335143972 1.333655240267111131 -0.001300448734262057895 0.006608457537380752617 0.9999773183038034308 -0.1395635428603279327
0.9873989863894944152 -0.1582373546105954598 0.002044818534640916504 19.36997753764373087 0.1582456394061783067 0.9873877755069871975 -0.00486809904308116697 1.44030902577649278 -0.001248713709675016922 0.005130339677265868641 0.9999860600672727529 -0.1496729842710620706
0.9821961447324334404 -0.187848704574166997 0.001896697801965468349 19.98007794456288266 0.1878514168980695842 0.9821965031651573863 -0.00136906520101838557 1.567074408410499942 -0.001605752824162647854 0.001700987931854259713 0.9999972640952190517 -0.1592677501804110329
0.976540651862105924 -0.2153331178985992689 5.997333780680810995e-05 20.59726910719672333 0.215333125048215418 0.9765405791062620189 -0.0003776450396880735947 1.711874081185904561 2.27530858221772801e-05 0.0003816999794789945402 0.9999999268937087571 -0.1552310078993200948
0.9705266092582298665 -0.2409863146463203376 -0.001922725905572314313 21.20832201075429424 0.2409847363470007386 0.9705283722131331503 -0.001017633083532551962 1.869902600282214333 0.002111295689809801306 0.0005242923906079523287 0.9999976337712001007 -0.154609880845444192
0.963656209457389723 -0.2670719198181457088 -0.00626894080889910197 21.81296724183572877 0.267088294817019789 0.9636701419925732814 0.001923591367830469528 2.049066413336242842 0.005527453839902738385 -0.003528041477026155545 0.9999784998575640405 -0.1518215202534771158
0.9560097007123828927 -0.2931764154568074487 -0.009645805498640384543 22.41259846455507798 0.2932043138075212108 0.9560484897209526878 0.001586085415753303194 2.242045936068543632 0.008756854942318327215 -0.004344504825968258967 0.999952220243215617 -0.1573929376933614344
0.9474454889810171032 -0.3197310583886562307 -0.01091309814814861445 23.01175222115297814 0.3197574887727402393 0.9474991430789415636 0.0007226606550301301491 2.448059931032061876 0.01010909408761857461 -0.004174226436254806216 0.9999401892365296085 -0.1613203201699464628
0.9387107228610406251 -0.344488293516769073 -0.01224722072990386788 23.6091690933881857 0.3445176112565916937 0.9387798054598029962 0.0003039653048099950146 2.671432100353777095 0.01139273100510011967 -0.004504718721401557852 0.9999249537787755493 -0.1554392278602867994
0.9279284529866269615 -0.3725299697935324783 -0.01304636897665939141 24.20218115374310486 0.3726028250811780351 0.927983940032921395 0.003597468901945391137 2.921550908446028938 0.01076665590470876621 -0.008199307690604413362 0.9999084210436596232 -0.1582196862547366467
0.9190425525329996015 -0.3939914637335334979 -0.01146791780300251626 24.79542938434288146 0.3941014384038653562 0.9190151956484368112 0.009753277155384629943 3.18894838564940919 0.006696482780757724226 -0.0134831996341070702 0.9998866738015832478 -0.1602381782896215023
0.9075769684761108014 -0.4197737457069420364 -0.009697871254872871341 25.38662596847752795 0.4198751245584269598 0.9074762359052619409 0.0138477812036054259 3.472436630723228834 0.002987652717098237924 -0.01663982218598001467 0.9998570849120692605 -0.1568506202692982465
0.8960796977901150928 -0.4438109017254117661 -0.008547439268749514388 25.97996981638193859 0.44388969799855027 0.8959830001255622012 0.01328154722736507413 3.772591668125105713 0.001763864828119695617 -0.01569544506134860559 0.9998752631129516066 -0.150936329342700376
0.884524058587208617 -0.4664117778064844066 -0.0087888169742554971 26.56899288519775837 0.466493807931732507 0.8843998031047938246 0.0148497619359310544 4.088868947121481412 0.0008467241370149696618 -0.01723490039415907435 0.9998511095491364742 -0.156690366071950693
0.8733861601673376107 -0.4869655339458737187 -0.007822018726883376433 27.15557346636616387 0.4870276708242973207 0.8732454359243081443 0.01569893272884879259 4.42367240202957035 -0.0008142970057188307501 -0.01752077013647263676 0.9998461679349535114 -0.1671934238468839595
0.8610895695782763148 -0.5084037734445007173 -0.00709621806960866134 27.74223293152525116 0.5084378228824634194 0.8608706253157003552 0.01981783870899830879 4.780267298139351695 -0.003966538294208653455 -0.02067291986991408315 0.9997784239310292254 -0.1834971730490426445
0.8477058258622209852 -0.5304300419580540993 -0.006229236520389980214 28.32798104804966499 0.5304190318511117219 0.8474140496247015708 0.02334693017921682726 5.157158918701419736 -0.007105170608739981228 -0.02309543433323745301 0.9997080161044923363 -0.1945783041033161131
0.835886396044740243 -0.5488650692410461662 -0.00640848456012825269 28.91314621027041198 0.5488455554480091703 0.8355746055416581886 0.02415853552822784522 5.548936604246032189 -0.007905009317014075748 -0.0237110594643927669 0.9996875994463340076 -0.1996542466885965206
0.8229333603293960131 -0.5680929408238823974 -0.007148079675077523287 29.49743130164588933 0.5681054505132485666 0.8226867225132844519 0.0210417132736178368 5.952257406916700688 -0.006073018533429126731 -0.0213767908354604956 0.9997530451363824122 -0.2077774085628093514
0.8098606403154157141 -0.5865382153013702915 -0.009933038759024020656 30.0770138600327428 0.5866111931863526863 0.8096249001865484241 0.01987030514122095984 6.37745009410690411 -0.003612657801201443752 -0.02191900976332927103 0.999753222407713249 -0.2169158099923522709
0.7959637753916670722 -0.6052273266366136051 -0.01189753573399050628 30.65795670660184413 0.6053402281119673045 0.7957330325914970803 0.01929116564883675763 6.823183631373183289 -0.002208278423375575634 -0.02255712603673824118 0.9997431167911923211 -0.2322898545077261012
0.7818148378755680472 -0.6233903072175116522 -0.01225088343163688483 31.24060982925706753 0.6235077524939213189 0.7816001141587060053 0.01842129547769930098 7.285806110520960388 -0.001908365158475137501 -0.02204056293188034685 0.9997552559142001138 -0.2484357933184455081
0.7668970139583383139 -0.6416705260237673958 -0.01130955410995411123 31.8225486723533102 0.6417683313214123109 0.7667333582688043991 0.01591748192307061369 7.771115794182240855 -0.001542366595302653185 -0.01946518302567315159 0.9998093457030008402 -0.2581580944864061422
0.7529306219807944123 -0.657996117756506016 -0.01168706554188765102 32.40438373624287749 0.6580998690170817289 0.7528063930686904603 0.01367833888336926831 8.278510768248718676 -0.0002021962264690178282 -0.01799009650542961886 0.9998381446736323008 -0.2725170342088863995
0.7373273561992783609 -0.6754163362060123799 -0.01269419498154042598 32.9806098774761125 0.6755355401403958515 0.7372060432546077013 0.01337848257871901772 8.804655847727300255 0.0003221915673295540957 -0.01843970105322741138 0.9998299223456265095 -0.2797008388665669365
0.7212147839104332547 -0.6926040691999895138 -0.01219995068200438806 33.550886018704702 0.6927108198087152946 0.721127058222799544 0.01129097067876431472 9.350334189690725495 0.0009775423084471311988 -0.01659425281678119507 0.99986182804649959 -0.2865636928969806929
0.7056283348680856271 -0.708472728467847368 -0.01245174881759995508 34.12123101895936372 0.708578651684860561 0.7055710625535902558 0.009261212850530388743 9.918289043502376501 0.00222427690674765902 -0.01535801759087220691 0.9998795846940373711 -0.2901843395418399751
0.6878310463093796345 -0.7257396384607958106 -0.01379959781071223024 34.68507547970089178 0.7258617268673196454 0.6877932930661772026 0.008070903442380138529 10.51120968458909211 0.003633896274893622796 -0.01556801785639236671 0.9998722076435000439 -0.2949792643644261192
0.6698955421526300302 -0.742349750568961908 -0.01252239730379879276 35.24014185620937667 0.7424496803780857856 0.6698611042034730012 0.007387366363062862137 11.12456413583274184 0.002904257308216000397 -0.01424601367063691414 0.9998943026060223005 -0.304831868027591435
0.6498724966217580556 -0.7600041068517502385 -0.007713345777068540514 35.7876583469311953 0.7600424811104552481 0.6498239617780814381 0.008015335707370228532 11.75472361959723955 -0.001079371143977937405 -0.01107141668947624058 0.9999381274311033296 -0.3184833588398002235
0.6305724968226218419 -0.776129677089824499 -0.001024983575142819799 36.32575589668359584 0.776097234506279432 0.6305328386924256012 0.01007084515702693327 12.40317245697124804 -0.007169995996497023107 -0.007145884893863183908 0.9999487624306027111 -0.3283707336896078965
0.6088767456813670709 -0.7932288979731262346 0.00755142296574870097 36.84600144804532817 0.7931711973115639358 0.6089235491815256918 0.009568856123613586964 13.06461350037074176 -0.01218853247147198664 0.0001633172187098752516 0.9999257037418719518 -0.3341130408947270425
0.582604765531875568 -0.8126688263262517031 0.01187711652973519501 37.34334809534365718 0.8125851469944955774 0.582719655878218612 0.01196584878329586508 13.74649371318326274 -0.01664530154375125012 0.002679807956403658289 0.9998578661819060853 -0.3361783802895347284
0.5563361420339218988 -0.830838748838325647 0.01403817992396931731 37.8142580383051552 0.8307306725943689463 0.5564995786208191131 0.01395595234150993208 14.43974806128763966 -0.01940738719455957842 0.003897745966154878526 0.9998040612533356519 -0.3548582430388455
0.5294433354632314126 -0.8481734045293989332 0.01707718895418598726 38.26323665177628186 0.8480942562910656068 0.5296690971852047181 0.01366674552023163826 15.14616491636270368 -0.02063702933255661884 0.00724729853248374644 0.9997607662257547156 -0.3765547472942198937
0.5018446169732707629 -0.8647590915105297649 0.01853898769713580724 38.68756410817697144 0.8646627423895396625 0.5021179671523501309 0.01535867787904246669 15.86788607381707905 -0.02259031514503189245 0.008322302125907466916 0.999710166472749906 -0.3984408048051293338
0.4737538607565292548 -0.88042914638479286 0.02004488998294371577 39.08817035357954239 0.8803356989846434777 0.4740732363817282691 0.01623649099323470207 16.60293260018832484 -0.02379782577258781825 0.009954131941021474028 0.9996672340062958684 -0.4192632868453287642
0.4443269940005162288 -0.8955597764115733606 0.02337112055760015919 39.46473305748250482 0.8954913652031996074 0.4447437262966583704 0.01726941707970425927 17.34680378632643993 -0.02585995454317368408 0.01325536847528776228 0.9995776898058545967 -0.4405259985885870977
0.4178428065679190562 -0.9081251637352826256 0.02675959622660325707 39.82128520134317284 0.9080619374023948254 0.4183857613277243148 0.0194132057947641358 18.10531485634482607 -0.02882545473108682338 0.01618770239987032608 0.9994533763265595061 -0.4564638187756157039
0.3893924350240808296 -0.9205612342570992368 0.03066831474116455888 40.15344012330237433 0.920529224842139393 0.3900900623964378422 0.0213468834042146588 18.87612131141313654 -0.0316145181451007104 0.01991876508695668291 0.9993016386656552452 -0.4863539845846222565
0.3597924209699930875 -0.932482277746034649 0.03203459851657752822 40.45827672576209721 0.9324912723052669605 0.3605408985882392336 0.02168611352200496348 19.65068108325128549 -0.03177169946753860552 0.02206948424299953401 0.9992514683392726971 -0.5162056900618656741
0.3298142576654883307 -0.9435828070924699995 0.02956419456128699802 40.73415649781668435 0.943602049222949768 0.3304576538221519755 0.02032022963966706106 20.43364910490181074 -0.02894353369602518239 0.02119493311745734507 0.9993563161692298191 -0.5450300843163089493
0.2994182095794126752 -0.9537438807850608935 0.02685787849608388747 40.98192174335218851 0.9537948720835310867 0.2999339777142084884 0.01774685886835393814 21.22123553343037372 -0.02498154837914400364 0.02030317407658629655 0.9994817173730574655 -0.5604108953811632876
0.2687101821043825778 -0.9628795632644004954 0.02564731333273058758 41.20370997766922017 0.9629698334650749203 0.2691529603219993128 0.01567749298039975217 22.01597659687709552 -0.02199858790185833801 0.02048488705514276212 0.9995481136657016208 -0.5847120016783968754
0.240660967325976749 -0.9702776584656804815 0.0253685689009361566 41.400747850812607 0.9703602821097666586 0.2411089877169872997 0.01635172608453527507 22.81603319407869535 -0.02198230446470843605 0.0206814294584797935 0.9995444246085187778 -0.6183464237359237448
0.2125120196930087024 -0.9768002581138753859 0.02645557095707810544 41.57789500899085056 0.9768867179130883427 0.213013494764772382 0.01782109460983854685 23.62585571127551631 -0.02304304344032670829 0.02205689907409985953 0.9994911261998488117 -0.6416022186251804094
0.182203030635173735 -0.982984265859756734 0.0233235653259299125 41.72687397534229348 0.9830670364836876507 0.1825868937499599554 0.01553151666517669366 24.4383979227998438 -0.01952581385084310381 0.02009873883843971837 0.999607314544349701 -0.6573162613812104649
0.15350250953349176 -0.9878678133861473754 0.02354066359711416007 41.85655854619295724 0.9880919224133795087 0.153704576785275604 0.007018257382837632223 25.24780317749132763 -0.01055141831000397379 0.02218301942774165286 0.9996982450823427291 -0.6725100208971039883
0.1218053236959895091 -0.9920588887912032972 0.03134683859144575535 41.96713192632530109 0.9925401792892656339 0.1215761412608997727 -0.009123287375839369065 26.05170144695266998 0.005239810659521781933 0.03222426176769088713 0.9994669285863237995 -0.6571331916978236931
0.09162571228822602443 -0.9952793708318323773 0.03199535660478182442 42.04591486562385683 0.9956728246650708991 0.09106706866768787823 -0.01850446507612654376 26.87184070032371253 0.01550338902157201264 0.03355239187996204853 0.9993167075196828231 -0.6661917006303721411
0.06440804299822078249 -0.9975371166893284292 0.02777237520056408462 42.09833777930781196 0.9978974715866258949 0.06417983922051040402 -0.009032410456182403749 27.70697107250647662 0.007227738108070837046 0.02829574287363738685 0.9995734644022269411 -0.6952157904486222506
0.03320473769850496026 -0.9991604648651242204 0.02399605894480011034 42.12364421392817349 0.9993682562954795401 0.03349686862352052596 0.01187636734660000269 28.56246227793111103 -0.0126701895528940657 0.02358654792307348855 0.9996415062680051866 -0.7248745935790414929
0.003011336818048437891 -0.9997301005198855339 0.02303601452222544047 42.1296470474447915 0.9996376942196312232 0.003625614852767689023 0.02667086823106547266 29.41294036181442095 -0.02674718949399606041 0.02294735347353384081 0.9993788104731523569 -0.7224655098750398796
-0.02365861563866977768 -0.9994558228019061463 0.02298539043449716532 42.11206812336688188 0.9993420551319247558 -0.02301118409290414668 0.02803466160565059456 30.25992804573191108 -0.02749048473131303003 0.02363352859830834818 0.9993426487322706331 -0.7248047881155981198
-0.04938093487344596966 -0.9984949307172490407 0.02386203266657689961 42.07542892321055206 0.9985931228603850407 -0.04889543857968803309 0.020518554092434204 31.10064133340593173 -0.01932092769430809528 0.02484168710164931168 0.9995046734933134003 -0.7355205170391386771
-0.07258923909129921803 -0.9970797305673698707 0.02372368562949789608 42.01763504466167376 0.9972997277009998385 -0.07229854105758470872 0.01289085289871372622 31.94597705118592046 -0.01113802027551159812 0.02459536242151787525 0.9996354398738054314 -0.7590608247730503688
-0.09510897948245022882 -0.995244585030854112 0.02103563615795676217 41.93571309057673346 0.9954237645229866427 -0.09488698434367504042 0.01131323229890147768 32.80119837711459496 -0.009263425105898573375 0.02201536211208558746 0.9997147156996245565 -0.7916222781175015211
-0.1129912285255068038 -0.9934243165161682487 0.01846915349117557795 41.83938009801159552 0.9935246049439118154 -0.1127407832743481109 0.01408457162041168442 33.66301288651486345 -0.01190972910442120343 0.01994099147661448912 0.9997302212154981493 -0.8217136964978027924
-0.1312363854672138341 -0.9912101754913532625 0.01671523651947475278 41.72857668391270636 0.9912403789814338007 -0.1309510755466907206 0.01715595785460192688 34.53028218587111553 -0.01481628179553969547 0.0188203032803942634 0.9997130958320937788 -0.8416199783087868758
-0.1454433115378392927 -0.9892505566746743195 0.0151518727474282168 41.60628331966564986 0.9892475256507426984 -0.1451711694853787815 0.01773878643343271277 35.39901272851970759 -0.01534848926736867916 0.01756894046590923297 0.9997278410688155148 -0.8525182864411996464
-0.1558996462013424456 -0.9876814188624269963 0.01344303344485428195 41.47266293479617616 0.987670904500047131 -0.1556735407980365249 0.01649039415723550436 36.27334369840933448 -0.01419453128339214637 0.01584813961653730799 0.9997736502590671703 -0.8715827206303338182
-0.162872490792584701 -0.9865814937977475108 0.01138015108971734621 41.33378745543069499 0.9865603669127973596 -0.1626943785953498534 0.0151387453363893195 37.14916960002826585 -0.01308411937833590076 0.0136928911950069624 0.9998206391902575429 -0.887748283061053689
-0.1660965963745746343 -0.9860617561374948048 0.009702255192529410724 41.19026299815138259 0.9860144956050893583 -0.1659359948103642513 0.01551322284167765825 38.02828582975364213 -0.01368704239134058143 0.01214325777269672016 0.9998325890674115701 -0.9129235120554222149
-0.1688294439929349799 -0.985593434616217956 0.01010942542598168396 41.04582489812638357 0.9855341145646409062 -0.1686474828401731685 0.01674919583033237722 38.91694616382530114 -0.01480296829442466662 0.01279094105531592557 0.9998086136639320332 -0.9334991096278588696
-0.1732794459795106157 -0.9848039636609889902 0.01163558157721223014 40.89973444728181562 0.9847533066779606825 -0.1730623944075888598 0.01761626035045047237 39.80889998474607694 -0.01533488140993037076 0.01451071326703777184 0.9997771154675552108 -0.9547761063508554136
-0.1762024520269931394 -0.9842730902754737166 0.01261664215408788217 40.75221998725047712 0.9842419626864481463 -0.1759746032213100886 0.01734064324731714526 40.70464342535944979 -0.01484771991935050252 0.01547329249615463434 0.9997700347742599636 -0.9696136728992816867
-0.1771188523614053434 -0.9841029362067469366 0.01305078876690424043 40.60071457893175761 0.9840988988696637296 -0.1769070869557753944 0.01591351087401586192 41.60485078256869684 -0.01335175575324881736 0.01566184963793746873 0.9997881961116685812 -0.9863127414453337627
-0.177270945365130439 -0.9840936892036246109 0.01160270653567085052 40.44567861335268333 0.9840796339854676056 -0.1770911706856970191 0.01503300502885509572 42.51141957026010232 -0.01273914849513811502 0.01408290221400766533 0.9998196767221825265 -1.008646524268850264
-0.1792092211366052013 -0.9837545313270310565 0.01053931464301859598 40.28699165294480622 0.9837269955290365298 -0.1790436595845064094 0.01498553402459207144 43.42694406338192437 -0.01285508953784922533 0.01305335420957510865 0.999832164224002784 -1.030510473498886359
-0.1804061261672620375 -0.9835330573208928007 0.01078678813822518678 40.12815541116182771 0.9835014242381444616 -0.1802296306958470762 0.01556369945674084508 44.35191402905559244 -0.01336331406736517534 0.01341660822472173602 0.9998206921547889703 -1.05762570338137607
-0.1791436625059092957 -0.9837737182849827233 0.009839684736229079021 39.96943087267389672 0.9837217240750190106 -0.1789728251394284708 0.0161337362220799925 45.28500246161327425 -0.01411090949730051287 0.01256976822980558108 0.9998214256355021368 -1.084803829669817699
-0.1801561805505094149 -0.9835848676743392804 0.01022539444252746309 39.80965772576598738 0.983542250522422612 -0.1799838490539824587 0.01582578645761224118 46.22366455605929048 -0.01372559822889159349 0.01290822070489432323 0.9998224771385632037 -1.101148051822828933
-0.1795976625133628435 -0.9836816480341004088 0.01072823101228465373 39.64813433492450656 0.9836633842028167374 -0.1794367321088485845 0.01445011241338604001 47.16361411793182867 -0.01228927167892442801 0.01314817443655298852 0.999838036539212438 -1.120470218705438281
-0.1806717908573132192 -0.9834943390600504598 0.009827971573320722076 39.48290275163307683 0.9834728135404249283 -0.1805300477769218315 0.01378865027995683154 48.11790676457025029 -0.01178681531593450335 0.01215676299419404111 0.9998566317718811103 -1.144177678473289106
-0.1798711556248024923 -0.9836440787242453077 0.009523327408480409054 39.31516547106114956 0.983616942506511549 -0.1797312024583874734 0.01394292928348971408 49.0790510433005025 -0.01200324074324443831 0.01187523699103415487 0.9998574403174016467 -1.169344777650097811
-0.1821173929360742072 -0.9832340036230988733 0.009173293272284249733 39.14708903020419228 0.9831971842657093452 -0.1819760086639981012 0.01442321471451826417 50.04762317958279993 -0.01251207585287678926 0.01164587437731874273 0.9998539001113310176 -1.198399147130335018
-0.1818528279586193452 -0.9832824770105685896 0.009226015793016821218 38.97594874278811261 0.9832371949290140689 -0.1817025230389293089 0.01512652073051942193 51.02555610439527811 -0.01319725242526869138 0.01182216246071628347 0.9998430221805701956 -1.215787443276028501
-0.1819536437089637193 -0.9832538741005810712 0.01023184280716595354 38.80616926815138612 0.983225635890528693 -0.1817947701726867482 0.01476517746340582152 52.00988929217122347 -0.01265782243110457131 0.0127467879898838371 0.9998386364445233099 -1.234837200296214688
-0.1844475341778419875 -0.982782627517071572 0.01083578268308582788 38.63102382451076267 0.9827705362685266177 -0.1842895612645636394 0.01412199176417680731 53.00124998762558448 -0.01188192653514808482 0.01325385451692767495 0.9998415650303089652 -1.25558997755689461
-0.1857522684025905146 -0.9825384291927941049 0.0106925180686678039 38.45205037706620033 0.982531179002624433 -0.1856033245703774259 0.01356053819492510429 54.00200508777422215 -0.0113391829954770252 0.0130246331149823473 0.9998508798121923391 -1.280146934880900478
-0.1857742129912332008 -0.9825496948764760319 0.009167272529598580882 38.27068171188881252 0.9825250697734412286 -0.1856441211399422198 0.0134442386498174523 55.01061093902358579 -0.01150778233121700113 0.01150466793621215088 0.9998675980156046528 -1.303596716372899866
-0.1876647438583034511 -0.9822031151144900996 0.007680141404260636823 38.08667525986124502 0.9821693496491312736 -0.187557707230654902 0.01286371129117572058 56.02649012667329487 -0.011194307589135883 0.009957264572761690899 0.9998877638814407387 -1.327391002507574802
-0.1876672018369371919 -0.9822117617279935153 0.006409093374688010908 37.9005561038545693 0.9821752917552001305 -0.1875817154984560364 0.01203313243689642029 57.04693792997800017 -0.01061685547993653118 0.00855307744893615482 0.999907059303948853 -1.344518168040828687
-0.189520862457059458 -0.9818631327605629178 0.005160544462124007879 37.71217699362651388 0.9818201170347264917 -0.1894509036632621157 0.01173085193365000847 58.08010281937227859 -0.01054042121778006776 0.007289967543586916426 0.9999178745745899155 -1.369476017655655964
-0.1883096967177084746 -0.9820944979421085685 0.005463994319434237537 37.52544412220657932 0.9820659491824401677 -0.1882458817787675542 0.01048615514511850623 59.11905008750566992 -0.009269820843892143461 0.007340647462754747339 0.9999300902144857561 -1.395013416764861569
-0.189080710932376217 -0.981943394500762734 0.005971159822554783156 37.33553627548549514 0.981934097083905999 -0.189026459700993188 0.008627080440269973768 60.16995916553509005 -0.007342597450583490844 0.007494499931821071645 0.9999449578519062909 -1.411775533637882329
-0.1883510904224099392 -0.9820853487855277786 0.005677537978543755436 37.14199424392383264 0.9820767959872419572 -0.1883019368244900349 0.008218720799444001121 61.23502290859066477 -0.007002393885138444296 0.007123783331516750535 0.9999501078508482577 -1.430941627340116096
-0.187766154550988551 -0.9822028960073272419 0.004619770552131158108 36.94763718429229726 0.9821616037296505564 -0.1877056368397420627 0.01118830004015039167 62.307172016707284 -0.01012202372729334443 0.00663814532884585487 0.9999267371474058752 -1.463215225278318155
-0.189188927864943679 -0.9819320428388126354 0.004124659950763742179 36.75174115638488104 0.9818451797144489568 -0.1891102638448780571 0.01474283487060864921 63.39558274546095618 -0.01369644643017269882 0.006838958613478973367 0.9998828111335190671 -1.490811260031742247
-0.1878772366208290023 -0.9821824073300537972 0.004456757909220239455 36.55360495913191698 0.9820677041669750862 -0.1877790911414878305 0.01679396803270287106 64.49357732041036684 -0.01565785400135305538 0.00753204231381868379 0.9998490385786522605 -1.508271983525962145
-0.1880929126912604943 -0.9821338145446363299 0.005850343863388413751 36.35456215442028594 0.9820302280760300206 -0.1879728977383827715 0.01681727863764237094 65.59394422794326829 -0.01541711192988063847 0.008908425440981193599 0.9998414637410792949 -1.536150411985952147
-0.1895574472319350168 -0.9818420640953454681 0.00735767435430046985 36.15781157385178091 0.9817619488417329565 -0.189420358606702921 0.0162297120057862572 66.69730298795528256 -0.01454132062073124933 0.0102999474901471974 0.9998412179322800908 -1.560195467065581543
-0.1896901561605495168 -0.9818052133272789916 0.00872741308537010492 35.96036507821310835 0.9817398014460045896 -0.1895330343704986209 0.01625395764332362644 67.80439817799205571 -0.01430408726714091708 0.01165126455315752124 0.9998298060778976204 -1.58209574104880879
-0.1890364406214430915 -0.9819329920640081921 0.008533651820872470428 35.75965348046263159 0.9818479722283345312 -0.188868757653755992 0.0174112553664097329 68.92193139265617674 -0.01548494585987133555 0.01167011047724336552 0.9998119948136078294 -1.608692672367746601
