1 0 0 0 0 1 0 0 0 0 1 0
0.9999997543463404748 0.0006975239031411351433 6.904826791322692949e-05 0.8349336228728690967 -0.0006975297185949486372 0.9999997531783645366 8.423480055098872034e-05 0.3897909582822497443 -6.898949508375989016e-05 -8.428294307728868341e-05 0.9999999940684175526 -0.1035462214027428607
0.999999959491339574 -0.0002845736352300508938 -5.930039693745897073e-06 0.835063579859333327 0.000284574338243868952 0.9999999524413537566 0.0001188895970505082013 0.3898466199509309504 5.896206566897538e-06 -0.000118891279771571494 0.9999999929150491518 -0.1039574719309639128
0.9999997209675209886 0.0006676181007355088326 -0.0003351879350022523543 0.8350249115907106834 -0.0006675566168107475822 0.9999997603461697748 0.0001835095809862076781 0.3892873109451586711 0.0003353103689911046659 -0.0001832857728571884754 0.99999992698663831 -0.1106403547458531811
0.9999998082458888549 0.0004620420815228095182 -0.0004123412425728280773 0.8353703063049633393 -0.0004619822369599697626 0.999999882742206192 0.0001452170329219700841 0.3896292275098084401 0.0004124082906027675029 -0.0001450265107463723907 0.9999999044433519613 -0.1101884499472138568
0.9999999110725709128 -0.000265233546135635169 -0.0003278811008271711297 0.8360568728493177337 0.000265310898544192928 0.9999999369818235451 0.0002358950530571954005 0.3901606293337478437 0.0003278185128832638109 -0.0002359820225091309031 0.9999999184237504668 -0.1088216585669170705
0.9999994783341826787 -0.001007460121575944577 -0.0001683908133678474993 0.8367918422559574854 0.001007495579111837873 0.9999994702968703075 0.0002106149020759623489 0.3908451782138726016 0.0001681785380558554869 -0.0002107844452053984734 0.9999999636429478533 -0.1097504467902560843
0.9999994425053896352 -0.001053614256087449233 6.989927896243899408e-05 0.8367589473010710321 0.001053592471537493193 0.9999993966218102548 0.0003109644983541744417 0.3904283905011911582 -7.022687341534163965e-05 -0.0003108906796390619072 0.9999999492075845042 -0.1054099043882747583
0.9999999809957046404 8.311197492068213202e-05 -0.000176354727806345748 0.8365964520954995987 -8.309686263917324728e-05 0.9999999928753717793 8.569811964941195185e-05 0.3896187547683958585 0.0001763618490898549458 -8.568346349618728513e-05 0.999999980777420916 -0.1075879560880449726
0.9999998841250818948 0.0004704130819124103234 -0.0001022807665126215803 0.8363094965936628267 -0.0004704160019068381621 0.9999998889475021357 -2.852662978001695908e-05 0.3900064159608295222 0.0001022673358542555819 2.857474098375090095e-05 0.9999999943624380272 -0.106487316604313792
0.9999997277727560308 -0.0007349803713064970373 6.525540260150061082e-05 0.8373103435973818787 0.0007349664133330629633 0.999999707085876155 0.0002136645339364220053 0.3901495446686568114 -6.541242272575915841e-05 -0.0002136165152419141797 0.9999999750445993651 -0.1058883233398476564
0.999999913655083339 0.0003910506070721011303 0.000140603159766742908 0.8379730755424026345 -0.0003910689737427264288 0.9999999150012147675 0.0001306239679419444642 0.3894789045716171016 -0.000140552067233683253 -0.0001306789421966238196 0.9999999815840651118 -0.1030619262079066345
0.9999995802413482737 0.0009076794452472529071 0.0001250406014360496538 0.8382998177636219461 -0.0009076758227487956732 0.9999995876410109341 -2.902428024809269549e-05 0.3890237688144494999 -0.0001250668946170279306 2.891077173411447861e-05 0.9999999917612195643 -0.1032147028970167579
0.9999994536124503508 0.001041321057311169482 9.178919473753332093e-05 0.8384449680136982774 -0.001041322040211797558 0.9999994577672277618 1.066109836324352322e-05 0.3878777268597212169 -9.177804334020408031e-05 -1.075667464968559748e-05 0.9999999957305423237 -0.1014268547772386175
0.999999759319905257 0.0006916963438287435789 -5.400277286195118371e-05 0.8383849225081643208 -0.0006917014960974597398 0.9999997562194088419 -9.544717437564579547e-05 0.38725543430480458 5.393673923557887833e-05 9.548450520219284689e-05 0.9999999939867686427 -0.1029196495705440029
0.9999994325146512875 0.001063783381121057676 -5.775199911252824837e-05 0.8390531806234700074 -0.001063789325463776036 0.9999994288719030733 -0.0001029958188703786762 0.3863357755043135278 5.764240088829963578e-05 0.0001030571963819405888 0.9999999930282839067 -0.1050295030237823335
0.9999999941815596038 0.0001073330031509947346 -1.079384705587640044e-05 0.8392161921723851892 -0.0001073335698536519476 0.9999999928608128696 -5.251551283797343698e-05 0.3854973599937256967 1.078821033111219099e-05 5.251667107455201702e-05 0.9999999985628068577 -0.1046837081167498046
0.9999999048995368289 0.0004360811880353196836 -5.840774641008365155e-06 0.839033795081628897 -0.0004360817784303151084 0.9999998997687951086 -0.0001014646850195331118 0.3843249511564551524 5.796527215193538181e-06 0.0001014672224255874387 0.9999999948354014734 -0.1033992551056573533
0.999999992342920252 -1.453714437879336828e-05 0.0001228935755587960211 0.8395575042854901415 1.453619426087047097e-05 0.9999999998644567567 7.732114986184314361e-06 0.3844041537898189587 -0.0001228936879450105322 -7.730328522091157092e-06 0.9999999924186917521 -0.09972372457413722358
0.9999999007046143085 0.0004443470846065174771 3.385897226322947352e-05 0.8394969967454366522 -0.0004443457611361840975 0.9999999005145896458 -3.908523137677050868e-05 0.3833126879464272552 -3.387633630336915776e-05 3.907018240498578629e-05 0.9999999986629573012 -0.1008247817716615563
0.9999989727351883406 0.001431264813303984289 7.75216243613788199e-05 0.8399452825868726213 -0.001431273670104424908 0.9999989691933849345 0.0001143146918544602001 0.3823713738723198419 -7.735792985548064344e-05 -0.0001144255290828119753 0.9999999904612744128 -0.1016076043574584004
0.9999987063834437917 0.001607743881869602752 -4.889835675910999109e-05 0.8399706316476767132 -0.001607747988872648129 0.9999987040386816295 -8.406760026372233382e-05 0.3814668089751762636 4.87631342187436434e-05 8.414610774722142714e-05 0.9999999952707946393 -0.1034773806614103786
0.9999946253661751161 0.00327310617164007717 0.0001897755309392572861 0.8402862163195738976 -0.003273105592419134693 0.9999946433698900794 -3.362635299997981458e-06 0.3805011137751895811 -0.000189785520644287516 2.741461875442964149e-06 0.9999999819869701545 -0.1000983982659622296
0.999994168473544276 0.003414114197062307655 8.272335871145126323e-05 0.8400516124952027708 -0.003414113665217070968 0.9999941718753774245 -6.569563789628764838e-06 0.3802576497438144854 -8.274530583041017206e-05 6.287098529634304408e-06 0.9999999965568433513 -0.1000641769169727108
0.9999995544682677151 0.0009438496896435271495 1.452685332227060296e-05 0.839895254721052642 -0.0009438482184144990047 0.9999995494794822193 -0.0001009523312787571035 0.3788091491467767691 -1.46221306041713681e-05 0.0001009385751566626682 0.9999999947987986415 -0.100969042017503674
0.9999988398356643993 0.001523261072483862591 -1.740772806427988759e-06 0.8405281628929146542 -0.001523261511796041023 0.9999987981116699176 -0.0002888764136643128498 0.3782222395514662772 1.300736518519874102e-06 0.0002888787301724171663 0.9999999582736928128 -0.1010226352340894418
0.9999999554250266209 -0.0002976903880921473716 -2.302992772760306526e-05 0.8407341748806611559 0.0002976874879102960796 0.999999947774219855 -0.000125832099198429023 0.3781950709528481003 2.306738553129195079e-05 0.0001258252378681345681 0.999999991817952627 -0.1011628222867340943
0.9999997749339802899 -0.0006595416681038564514 -0.0001230316087388642562 0.8401820642370124714 0.0006595094891311387673 0.9999997483565357115 -0.0002614079168176520291 0.3766821483000907245 0.0001232039871922774744 0.0002613267174701863283 0.9999999582645612284 -0.1028495803527778585
0.999999938955054235 -0.000323145218347265287 -0.0001329174766253557482 0.8397168661364631248 0.0003231544745373120904 0.9999999453619072831 6.962304260360782356e-05 0.3754170678906312286 0.0001328949710096941918 -6.966599123078865698e-05 0.9999999887427880596 -0.1064717148773108024
0.9999984769036007748 0.001744836512915503516 -4.166559565619304558e-05 0.8394597779513052194 -0.001744830972923929737 0.9999984689857172038 0.0001326314345588257976 0.3753961375424858526 4.189695203534960297e-05 -0.0001325585331265591619 0.9999999903364402698 -0.1050997358249494418
0.999999895429051433 0.0004016144699637874032 -0.0002187411796507081807 0.8389358112032454518 -0.0004016095527144606086 0.9999999191012325372 2.252322087192003511e-05 0.375037356273685174 0.0002187502076062287351 -2.243536996932571145e-05 0.999999975822500109 -0.1064284136305841538
0.9999995843116985528 -0.000896238229699011053 -0.0001677303362084411821 0.8385608732908307328 0.0008962377683320695487 0.9999995983748580786 -2.825789905890036201e-06 0.3740201676460063185 0.0001677328014246638548 2.675462469037189153e-06 0.9999999859292745263 -0.1069908755948466017
0.9999938125993415028 -0.003511100992929633118 -0.0002166399098996928878 0.8386589981313090636 0.003511119782021703082 0.9999938322665465895 8.641031229868025086e-05 0.3745424600847677699 0.0002163351783891620116 -8.717042631668123719e-05 0.9999999728002033628 -0.1090512983769014177
0.9999990663790463419 -0.00133800686963794096 -0.000277450270274000549 0.8383327634414809992 0.001338008680964190107 0.9999991048458676257 6.342958992866595581e-06 0.3746445550987002604 0.0002774415349905382682 -6.714183941109645135e-06 0.9999999614905564771 -0.1075297129102490146
0.9999989140333165327 -0.001453356230318603431 -0.0002443109809376479741 0.8376959518438389374 0.001453286937312216589 0.9999989037734107189 -0.0002835649039308145696 0.3732748937827768398 0.0002447228339372821372 0.0002832095420315376873 0.9999999299515425211 -0.1064801363873373596
0.9999999230542362394 -0.0003252741067387532152 -0.0002192903946250985723 0.8367513378101110177 0.0003252947932870120409 0.999999942644933304 9.430497106807254806e-05 0.37260058580179789 0.0002192597070824581728 -9.437629783529392251e-05 0.9999999715091472119 -0.1084755536368611495
0.9999998492896885471 0.0005415591326427795149 -9.019038795800018657e-05 0.8370723905662207365 -0.0005415564710415910442 0.9999998529221926225 2.9532725863297326e-05 0.372892573055037535 9.020636841039878266e-05 -2.948387822418660611e-05 0.9999999954967560001 -0.1035345400445077946
0.9999996292055661762 0.0008604316939950753173 -3.529915231819648959e-05 0.835898691057735066 -0.0008604345198762923877 0.9999996266166786274 -8.011829022663426408e-05 0.3720136552407186104 3.523020282190206151e-05 8.014863312839514873e-05 0.9999999961675146709 -0.1028315863105440375
0.9999986465607328956 -0.001626949934880884008 -0.0002447664434384098464 0.8353791356266514478 0.001626952657911265917 0.999998676451956392 1.092631463194820947e-05 0.3711332510324344969 0.0002447483429113835691 -1.132452325956455036e-05 0.9999999699850014023 -0.1049609314405467592
0.9999972501602816255 -0.002324727927674366968 -0.0003087263147034097601 0.8356212353419152361 0.002324687183612016411 0.9999972891636584871 -0.0001322680335479084848 0.369584424453839655 0.0003090329649884236869 0.0001315499777249815809 0.9999999435966133721 -0.1071118073039644958
0.9999985112288740652 -0.001698300095021052251 -0.0003054780233144718045 0.8354943329024044907 0.001698326524531316387 0.9999985541203479933 8.627994916475751133e-05 0.3682520532250829204 0.0003053310523841488251 -8.67986221433168087e-05 0.9999999496194725834 -0.1089187538885604267
0.9999999835649451274 -0.0001483437523097386201 -0.0001042316675631064631 0.8354730148111688681 0.0001483392245314823458 0.9999999880539617303 -4.344595270614554289e-05 0.3659236236779528362 0.0001042381112535980772 4.343049034737099295e-05 0.9999999936241042997 -0.1049368217448564955
0.9999999272536207462 0.0003231964718645249251 -0.0002025754029654884829 0.8346323446909273969 -0.0003232510980696872305 0.999999911389652052 -0.0002696839180243833993 0.3618491185116350373 0.0002024882241243874416 0.0002697493811273052886 0.9999999431168936637 -0.1043755728604399968
0.9999999672817116991 0.0002210485947089868108 -0.0001287404143074037503 0.8352205090264519516 -0.0002210694910984688645 0.999999962389837016 -0.000162322532926625771 0.3610345440185749322 0.0001287045282976627435 0.0001623509881935851094 0.9999999785386503026 -0.100886208380884565
0.999999914335908402 0.0004112888810537613572 -4.657931135139703222e-05 0.8340937134730029845 -0.0004112967639084452493 0.9999999010774036634 -0.0001693521620510509101 0.3609592226538763104 4.650965408241660435e-05 0.0001693713054636757044 0.9999999845751064154 -0.1011963721621291917
0.9999975694001735915 0.002185302932129560682 0.0002926513965806044567 0.8345357753015301139 -0.002185301024495044618 0.9999976122034858195 -6.838060937527639566e-06 0.3607973848815809736 -0.0002926656410232366659 6.198512920170411481e-06 0.9999999571541995369 -0.0985708518366524844
0.999996742430768415 0.002519434843841914396 0.0004093603779122186059 0.833486454214927841 -0.002519453150671019988 0.9999968251955629883 4.421104224796777276e-05 0.3594264640850149961 -0.0004092476914327523689 -4.524226252132766576e-05 0.9999999152347287534 -0.09913925032822393235
0.9999990527522641948 0.001329458614825562582 0.0003564188068225936546 0.8333674408038439507 -0.001329382794394413578 0.9999990937111100653 -0.000212881057245669302 0.3596422738266942809 -0.0003567015003596772605 0.0002124070385651812823 0.9999999138236410623 -0.09493187866500668592
0.9999999208715504295 -0.0001544932249542589012 0.0003665906932798986841 0.8335625080758949368 0.0001545007454377190538 0.9999999878549128418 -2.04864294894641823e-05 0.3591857678069789728 -0.0003665875238130631071 2.054306640378705039e-05 0.9999999325957826812 -0.09664924826685378223
0.9999971804468830161 -0.002366893279007978301 0.0001921314391969085854 0.834630736775558324 0.002366881862846287841 0.9999971971536764093 5.962414452725386341e-05 0.3582332557090291414 -0.0001922720246689587481 -5.916922399509359375e-05 0.9999999797652355804 -0.1005049482353804202
0.9999992596250516508 -0.001216855811610023522 3.358897643007865721e-06 0.8347862830280076141 0.00121685531241832014 0.9999992491447567966 0.0001448208244679222503 0.3566266251723762548 -3.535121182857905687e-06 -0.0001448166299537710633 0.9999999895078232059 -0.1056206566831824623
0.9999998690480981223 -0.0005100329189141887716 -4.207384237818116132e-05 0.8348857374706403212 0.0005100365071026685118 0.9999998662919176162 8.53165185258882502e-05 0.3567508591639276805 4.203032251959301857e-05 -8.533796654913485002e-05 0.9999999954754417164 -0.1014186862689274438
0.9999965367078469392 -0.002616529336663852862 0.0002834546560953722454 0.8361611602867704551 0.002616466575778749349 0.9999965525011431655 0.0002215592159683253876 0.3584092874666510165 -0.0002840333950741587678 -0.0002208167990106088779 0.9999999352824837651 -0.09951157390785786427
0.9999986850776472203 -0.001573700994048062973 0.0003915458565920295459 0.8374298471476886441 0.001573695624411113698 0.9999987616419707681 1.402165071599613868e-05 0.359100517919730633 -0.0003915674376037442026 -1.340545827733901135e-05 0.9999999232476147748 -0.09695371954533360537
0.9999989636324325692 -0.00143611902847497197 0.0001014701768546862125 0.8374198326644894941 0.001436114285191780185 0.9999989676920868487 4.6802997392538118e-05 0.3591461174384179555 -0.0001015372867813647828 -4.665722611692760838e-05 0.9999999937566412811 -0.09906855849813722692
0.9999991241656361884 -0.001323419649653265586 1.511262212130100844e-05 0.836907737058322776 0.001323419345465091587 0.9999991240778195456 2.012037929068709845e-05 0.3555297646556401236 -1.513923658913186132e-05 -2.010036133209146917e-05 0.9999999996833894844 -0.1054077766247277226
0.9999943690603203539 -0.003355848210845484552 -1.14209263380641668e-05 0.8377012352327086742 0.003355849881315845114 0.9999943579401633365 0.0001495306477733201588 0.355759954962696634 1.091905974371771427e-05 -0.0001495681326895583851 0.9999999887550738986 -0.1062976241376115405
0.9999898982806753045 -0.004473292141304026012 -0.00043931085027462311 0.8363534957607621223 0.004473253248138305861 0.999989990949716745 -8.947493216434296585e-05 0.3543926737087946255 0.0004397067007011272151 8.75088796257582894e-05 0.9999998995001015967 -0.1054935821644888971
0.9999891353164388486 -0.004151284505460668857 -0.002120397612615781014 0.8355808475003070335 0.004150155623870274875 0.9999912441420143461 -0.0005365143092125327284 0.3556153013153292575 0.00212260627025420397 0.0005277085000774987215 0.9999976080303194514 -0.1046230483619253193
0.9999918156443001749 -0.001627715626532859729 -0.003703941988631944196 0.8353095622541661935 0.001623804818490419931 0.999998121296819531 -0.001058612650028348213 0.3581227268079327231 0.003705658150377246374 0.001052589507117322569 0.9999925800489731786 -0.1141541671160002103
0.9999922732025692262 0.001063734706123255561 -0.003784442314694192854 0.841112871100122339 -0.001062961828141645608 0.9999994137903798208 0.0002062305713537948787 0.3633618978783004771 0.003784659470833913637 -0.0002022062601306220345 0.9999928177068664326 -0.1244642032636050916
0.9999919364256176779 -0.001483300800220470513 -0.003731876535941258677 0.8504855535648403464 0.001485535375562815072 0.9999987189358433559 0.0005960799612235235297 0.3709690469093704923 0.003730987589284512958 -0.000601618989299791988 0.9999928588676022523 -0.1344014961666008812
0.9999880323195898812 -0.003419492716582270622 -0.003498897991667116424 0.8657182029674391766 0.003422452951290622537 0.9999937902438357229 0.0008404103544003236346 0.3783313000761935885 0.003496002487277932204 -0.000852375110395634742 0.9999935256906816727 -0.1347140586876181545
0.9999838470587898431 -0.004322034091452932672 -0.003691292837895195598 0.8851522773485372975 0.004327925475675083351 0.9999893711742827707 0.001589528087082864782 0.3881928167515765749 0.003684383609205255962 -0.001605478051840425859 0.9999919238462104953 -0.1428248779016458858
0.9999414724665698362 -0.009999900909139302838 -0.004129603273391260938 0.9127095068917970844 0.01001117435872929048 0.9999461921074994653 0.002718322584035481448 0.4006421478156853566 0.004102198111662826163 -0.002759505665721869328 0.9999877784748839593 -0.1377079188092404927
0.9997822249562383634 -0.02038489732635950791 -0.004467507419944623248 0.9491395684902041996 0.02040105433200506066 0.9997853906853010342 0.003601326753081468893 0.4030297092211009291 0.004393135975138578661 -0.003691684335593142883 0.9999835357759998544 -0.1379857952975242497
0.9997641340341961724 -0.02148054346830039277 -0.003203521680953370053 0.989741160813979004 0.02149571856287271765 0.9997575120609428767 0.004780288817568910734 0.4057019214818465835 0.003100061663846411745 -0.004848023310593967995 0.9999834430067631175 -0.1349539358393876953
0.999751801210431057 -0.02217284989539806614 -0.002168110701706782526 1.035628129696891886 0.02218599269620795747 0.9997343970726378926 0.006238352177699330904 0.4115227512572494639 0.002029212798726807206 -0.006284905514432558536 0.9999781908912274142 -0.1414359923488245629
0.9998005221025241251 -0.01996761492376048289 0.0004586477696464493978 1.087668472099845074 0.01996361350424087286 0.9997725422913449345 0.007504519715084801562 0.4181457954947708222 -0.0006083908065342679685 -0.007493866462462666321 0.9999717355135940844 -0.1344256775755373889
0.9996956502332083883 -0.0244621567894890285 0.003195276202323191986 1.143369685690246662 0.02443567622136710166 0.9996687587593370283 0.00807901529710787665 0.4197888223222785431 -0.003391847933972206783 -0.007998477715968486251 0.999962259148724053 -0.1250196021667058788
0.9996780199590867833 -0.02462885357896413621 0.006105405970575967199 1.200761785144421001 0.024582572844618851 0.999669346529521996 0.007542858979027426344 0.4220220195171916489 -0.006289159166264360681 -0.00739034374196710208 0.9999529135396111323 -0.1141578077869842833
0.999651932753510275 -0.02498368048914996822 0.008475202144343281507 1.250097265932576418 0.02491616347922972347 0.9996576887125653288 0.007980613718764906217 0.4230206955905446708 -0.008671686090242930814 -0.007766666406374542718 0.9999322380808033373 -0.1184827613686185027
0.9995584986045830123 -0.02784510421492183974 0.0103661969213420628 1.296508549822194656 0.02776250556480929985 0.9995823059337253236 0.008028508515303303672 0.4212347735665959991 -0.01058542167869718983 -0.007737172317876011597 0.9999140388115408395 -0.114036238741127921
0.9994622564400124087 -0.03081546458903006505 0.01120736784446102301 1.337612410272394303 0.03072616447730782199 0.9994953843066445298 0.008054785299831491302 0.4203713576347249958 -0.01144992438194469657 -0.007706094463162824204 0.9999047531339034789 -0.1184507426550297227
0.9993999039020263764 -0.03251784689771436421 0.01193405688595532838 1.37717411026305192 0.03242085718131769434 0.9994403995626429671 0.008232602364573448142 0.4246308407113359995 -0.01219508508576346538 -0.007840749658125020782 0.9998948957488229539 -0.117329353626662039
0.9993639672397519602 -0.03324506068687067828 0.01290065590388077971 1.411976125767173462 0.03313606439692366734 0.999414083619731719 0.008572671626442462597 0.4207116431413499003 -0.01317809618674018607 -0.008139742161651648822 0.9998800339932960579 -0.1107354968994592875
0.9994249926579032994 -0.03081095106268768105 0.01415518793102726533 1.43900382465845933 0.03069521517829765234 0.9994941457818230512 0.008322037792622548336 0.4210905784884100278 -0.01440443736867359943 -0.007882756020358459154 0.9998651780823329949 -0.1006759415088474552
0.9994679031795365987 -0.02906744391274580092 0.01479845323944075502 1.463875455835849548 0.02894855907829865793 0.9995473872519452518 0.008185448375009209132 0.4254509902348125316 -0.01502968533239434912 -0.00775269902608540732 0.9998569918826492042 -0.09841542883140214082
0.9994900650071402159 -0.02806814648895877146 0.01522462166022096886 1.477939822280823545 0.0279465823690279655 0.999576278143828989 0.008139576525951536592 0.4295624130865827173 -0.01544663348156009516 -0.007709949727789241862 0.9998509679893705648 -0.1027255796479299293
0.9994839364950188765 -0.02840675332305030165 0.01499723488061902553 1.4771685033709121 0.02828848237520512066 0.9995674639187513977 0.008040325860522933368 0.4330952800494218269 -0.01521914758877101342 -0.00761192752718095958 0.9998552075705722242 -0.1055748242935291015
0.9995288030012347003 -0.02706757689652769874 0.01447474531276901448 1.478710481684540889 0.02695443559218159424 0.9996050079386711307 0.007955281631479484833 0.4316342343437780671 -0.01468435810057431949 -0.007561374536404133831 0.9998635883170735594 -0.1040992570428678765
0.9993717744419589044 -0.03294956266133265699 0.01305307508433820388 1.483744567455941743 0.0328495302252972271 0.9994298306680502453 0.007805250464252881486 0.4256819621561258593 -0.01330281221049677345 -0.007371559621908283302 0.999884340959509621 -0.1078299179497020921
0.9993605339716116198 -0.03398404021609770231 0.01111792024463274624 1.493165802167080169 0.03389895780094126509 0.9993951870515580538 0.007753757682014294876 0.4226904889752665095 -0.01137469999540049667 -0.007371913508177255388 0.9999081313256946713 -0.117032715144733318
0.9991807836743193949 -0.03895271678344856131 0.01097485267151427843 1.512767559833388509 0.03886718469228976625 0.9992131412135873969 0.007901922561690455024 0.4183971363007851219 -0.01127401836385038408 -0.00746888755196923812 0.9999085519329593552 -0.1174070340539957735
0.9992447279075130639 -0.03699079896907572773 0.01190187130956894823 1.542760943779978966 0.03689527430266009711 0.9992859196063558214 0.008147981996247565667 0.4199764941382961858 -0.01219477278064595195 -0.007702705246154207923 0.9998959725135007082 -0.1159178308022428827
0.9993035197951938287 -0.03492062820214105606 0.01315389869599098253 1.576428825806628131 0.03481497386917252468 0.9993603195530132988 0.008177364941591885525 0.4221785548592850157 -0.01343104312499206546 -0.007713716929403922548 0.9998800456313284846 -0.1082086993430678712
0.999249561948091114 -0.03601754119923785552 0.01424954990549326742 1.618666436036339862 0.03589708876561864548 0.9993183106749951028 0.008620496959408151944 0.4183744897532736817 -0.01455032524382995733 -0.00810251045263584227 0.9998613090622436861 -0.1080685272181139966
0.9991410893987943131 -0.03850152003770120068 0.01532045788405493256 1.666407671305707439 0.0383719866908902793 0.9992259891019508178 0.008661024224773000366 0.4211967978121016198 -0.01564206228042668359 -0.008065708773223743272 0.9998451231213766333 -0.1058514489586702412
0.999103798470404425 -0.03904799082339541205 0.01633567551910310861 1.718973900029464819 0.03890392082868395635 0.9992020072384520946 0.00904619670380417927 0.4288429361446691734 -0.01667587557416064237 -0.008402567661402949445 0.9998256408147025986 -0.1117341179513434701
0.9990267060985245084 -0.04036854121009393614 0.01777699025429366544 1.78159101240470763 0.04021483741984241411 0.9991512347662537818 0.008920589462921423018 0.4334403576646057021 -0.01812201294635745058 -0.00819700833470905256 0.9998021812844443135 -0.1096848680812298193
0.9989882472839010097 -0.0404364766858663488 0.01968179722161932446 1.846092731009949084 0.04025982341995641006 0.9991460511352651119 0.009290593038125703751 0.4343725222451180201 -0.02004066882201002361 -0.008488807574655426666 0.9997631278153475964 -0.1140451493995710552
0.9989649291745555937 -0.03955396082587371576 0.02246228978221756142 1.917982119337369395 0.03934739417110102999 0.9991798101325781722 0.009565019360615479443 0.4374800916047820176 -0.02282220084082760281 -0.008671286318084087119 0.9997019335493808612 -0.1146523814042273298
0.99867814295054258 -0.04489763628252775585 0.02502337005875628767 1.987623671426935967 0.0446531279800472039 0.9989500068856234094 0.01024606777307919027 0.4312136014963680597 -0.02545711991669793312 -0.009115152190438400789 0.9996343576758913718 -0.1185728662976766046
0.9985377022238298705 -0.04687807160021442709 0.02692403462706020531 2.04873410896655983 0.04660784843406413219 0.9988572521072837107 0.01057820292080212388 0.4301462490314780229 -0.02738915299714966833 -0.009307863113063643071 0.9995815114248398636 -0.1185128120864506057
0.9987570385524083827 -0.04145279480037786235 0.02767749528517392948 2.103057785353333209 0.04118607739389325284 0.9991000552182635053 0.01013837717620589239 0.4324059258984214171 -0.02807285113641459773 -0.008985848101350436129 0.9995654903821821202 -0.1180209316151846766
0.9987754096449725782 -0.04063814886496980999 0.0282174050072968377 2.152199941736365751 0.04035980008693779847 0.9991314482665391017 0.01036511561684579259 0.4322198714306748624 -0.02861411584270398198 -0.009213573771166000057 0.9995480690956806136 -0.1142655022883170279
0.9987287872452421666 -0.04150477009392946476 0.0286035589935559921 2.197653599614449504 0.04122857120432221051 0.9990978854430989653 0.01017940172989163089 0.4351936069934516649 -0.02900024903510162524 -0.00898717767591393317 0.9995390018370087226 -0.1159221998043402924
0.998722779041748665 -0.04141237441283474735 0.02894522186160851385 2.237127877118176844 0.04113796104141898696 0.9991033044419695974 0.01001275259314967844 0.4351311057309521502 -0.02933391866902960304 -0.008809216686409842081 0.9995308494073059657 -0.1219013980776553346
0.9986584638668410951 -0.04278434691771223347 0.02916799969051857983 2.26927133163733874 0.04250455396148881265 0.9990447523891511361 0.01014621191551529078 0.4351563672094574953 -0.02957423607899500179 -0.008892827588821603305 0.9995230273374492436 -0.1275837285448614966
0.9986183230635968799 -0.04355283566099612397 0.02940400223670241314 2.298129757376352167 0.04327630219051870758 0.9990133267961253116 0.009976700479271344638 0.4340159787135849934 -0.02980950369202147246 -0.008690419415911511403 0.9995178188006509368 -0.1288223842253723439
0.9985551819467183288 -0.0449063651912367176 0.02951214957720837972 2.31851568809768116 0.04462832873173968457 0.9989534732162057562 0.01001352205225960676 0.436208456324370053 -0.02993093520035776042 -0.00868197642190964014 0.9995142632316166287 -0.1319697923799247885
0.9986898988287438161 -0.04198029625411453525 0.02925988215714970392 2.336979843659226397 0.04172284275954141197 0.9990854277438248054 0.00935480956520622596 0.433680645311290025 -0.02962583955765800067 -0.008121748355832502167 0.9995280620543619543 -0.131503201506539269
0.9986657610627738269 -0.0430255286426952932 0.02855698804018748024 2.355488800314319953 0.04277027248755692346 0.9990398590724445249 0.00949019366769673911 0.4315083360757430153 -0.02893788990667659627 -0.008256141321880757986 0.9995471147765983 -0.1277734485201914016
0.9985921978389200593 -0.04553995520510898537 0.02719806785695968315 2.375237917931114495 0.04530086426342671418 0.9989296930145681319 0.009343452831109887863 0.4324870534993400795 -0.02759445799833192339 -0.008098203117806703627 0.9995863969632845514 -0.1302873505980752245
0.9986918854729465167 -0.04364498630887139047 0.02663893880374047785 2.398841877908425513 0.0433978987455569884 0.9990099537094676574 0.009784414845948344319 0.4380760019795739146 -0.02703960567318585209 -0.00861554174185582243 0.9995972349729329576 -0.1319620944705642285
0.9987738505507854914 -0.04167094227025713166 0.02672691576418912557 2.429604225801047512 0.04141755038237854292 0.999092225232777853 0.00996554061450381605 0.4385710714698823898 -0.02711792721209161511 -0.008846357992139328164 0.9995930972020538041 -0.1329339087754218829
0.9987876755173775711 -0.04101552164323939847 0.02721959255622163898 2.468780576396863768 0.04073264638259558451 0.9991109856417864643 0.01086691716027784332 0.4421893119604072275 -0.02764110622359710126 -0.009745016892282902521 0.9995704096723276866 -0.1372367646620272219
0.9986880193892706536 -0.04272260050312124552 0.02823153085800511608 2.516930862543466318 0.04240472417902943492 0.9990312515494612633 0.01176425921244243777 0.4434842393005472561 -0.02870678135277842866 -0.01055167445327065412 0.9995321820084613895 -0.1360951364248743078
0.9986678683695184855 -0.04225995339113451654 0.02960717861703930295 2.56776093549838258 0.04188610518285917905 0.9990360400252237261 0.01313563562717589422 0.451490805832761799 -0.03013374983125380671 -0.01187800783374944567 0.9994752973690789188 -0.136598194535802353
0.9986034139390491671 -0.04294361075916471038 0.03077446935759173621 2.618702059292759898 0.042527250127042171 0.9989963867123620167 0.0140588880170811701 0.4528125128797811927 -0.03134732310593666554 -0.01273050001414674677 0.9994274759598525959 -0.1409762804448889684
0.998621285010452775 -0.04176133496377948395 0.0318044026215732259 2.664114810335414418 0.04129606817845433986 0.9990321137452565781 0.01514828236749109214 0.4557475593085958399 -0.03240623207151018675 -0.01381400042448963777 0.9993793121308843785 -0.1425089696052729005
0.9986623878518248176 -0.03983084684377861256 0.03296875384055000108 2.703294277856521433 0.039327088834846681 0.9991016231737159803 0.01579008091879350803 0.4572530564379781448 -0.03356806777083552046 -0.0144723948036743575 0.9993316439574898569 -0.1432589167910854888
0.9985809627513224651 -0.04127434020355335437 0.03365248388162795506 2.738935485862400654 0.04072870883952130899 0.9990299783204279471 0.01674140655233961883 0.4554263114740861873 -0.03431083075221858653 -0.01534702765510508743 0.9992933681533396895 -0.1386983999312845772
0.9985066735436556318 -0.04272566635974923976 0.03404321258193561406 2.76719266767333405 0.0421695569302799611 0.9989677018840313893 0.01688961399324611506 0.4547353986371481804 -0.03472968985014614901 -0.01542880509476900024 0.9992776394057160116 -0.1411095969132403205
0.9984634943861672163 -0.04334490993335153586 0.03452345812681251874 2.788358406842631254 0.04278277568685860677 0.9989421510006134541 0.01685861971798291795 0.4530694260894863601 -0.03521767287445430605 -0.01535570698917069175 0.9992616863365525459 -0.1455144534250908395
0.9984842350677386458 -0.04278735561642792867 0.03461899074996412778 2.802295871364916202 0.04221792420701230009 0.998963514821671561 0.01701596105963299604 0.4534126838367729673 -0.03531117665617690415 -0.01552862693496483495 0.9992557142937291692 -0.1487055007870103362
0.9985079226637642025 -0.04204921191057538199 0.03483952002243614898 2.807225341970570387 0.0414844902073145394 0.9989982849699609035 0.01677687990408414237 0.4562547912511275561 -0.03551007532987543458 -0.01530654777460821632 0.9992520923897483254 -0.1477778828706256542
0.9985338940207194591 -0.04144472283377442084 0.03481949800112442428 2.808231988942452073 0.04087577868511656914 0.999021367640331226 0.01689608578717071916 0.4553667442658534403 -0.03548567610605806583 -0.01544804024055089139 0.9992507817580240648 -0.142540880687203525
0.9984978312125134536 -0.04257584489786617882 0.03448736718191020706 2.805918654805584112 0.0420130210723630923 0.9989744002129044009 0.01688353575650045069 0.4541976102956154504 -0.03517082774516729071 -0.01540925535192070282 0.9992625119182741988 -0.1400261253340437939
0.9984900961779732409 -0.04306428351582715364 0.03410271719042663047 2.808844711289909313 0.04250823157283336456 0.9989537455084163131 0.01686607788599918389 0.4511187894947698007 -0.03479336262927362755 -0.01539096553094301302 0.9992760079662541539 -0.1386886285008741837
0.9984936473911654176 -0.04309069465451396269 0.03396510199717539535 2.809714957195742269 0.0425498018037668152 0.9989582479531198267 0.01649039759658013291 0.4515696824930344189 -0.03464030147021310985 -0.01502034888491526714 0.9992869651073350568 -0.139645253545050585
0.9985091879127789838 -0.042682302548758419 0.03402385490944285357 2.81292325431789525 0.04213401574011303719 0.9989728502456339809 0.01667240803621401063 0.4492814952652429694 -0.03470052407924806986 -0.01521399097049675603 0.9992819462530958541 -0.1376721841310509231
0.9984969240271395208 -0.04313228409112451756 0.03381565876074566629 2.814321474548189705 0.04257961496806501878 0.9989501802267305441 0.01689715402527644864 0.445671328213374851 -0.03450897126128221748 -0.01543189858912730889 0.9992852382620404095 -0.1400096956251374314
0.9985410111151067358 -0.0420130384180872965 0.03392276115089250949 2.81453500282721425 0.04146220753181371899 0.9989991326852862841 0.01678148505450218625 0.4452046977806449202 -0.03459385014433909861 -0.01535048849144521332 0.999283557372613318 -0.139372939431356424
0.998502642388737538 -0.04292131950414772995 0.03391509213803953204 2.817582557857681635 0.04237180403681958807 0.9989613447905335564 0.01675893304939411743 0.4436064035459690302 -0.03459918157087248786 -0.01529679529547227877 0.9992841961565860354 -0.1420185122325429705
0.9985064497389821714 -0.04292096704721649891 0.03380326045495118253 2.818584796838035977 0.04237911718900743557 0.9989639136657251228 0.01658642878796049575 0.4400341727619824228 -0.03448014292217892879 -0.01512910378672396514 0.9992908635440818088 -0.141284596599396961
0.9984885189178007714 -0.04322049766487111311 0.03395093770336042593 2.818920831347001332 0.04267248386921802111 0.9989494700985546149 0.01670375138249695357 0.4380724343465323689 -0.03463721567574273158 -0.0152297331367890771 0.9992839028618515362 -0.1406601581259306899
0.9984551577385316623 -0.04398690071452112521 0.03394776208905010001 2.819767118603643929 0.04343882799507694376 0.9989162168595644431 0.01671705468644911138 0.4365104727921930161 -0.03464630150157452931 -0.01521657847567816843 0.999283788286268293 -0.1399915392251607216
0.9985044978942200222 -0.0428851573384247467 0.03390620835584818443 2.818842760767066302 0.04233617328893702486 0.9989630550565027356 0.01674703148106197054 0.4393845622285189045 -0.03458924856455732055 -0.01528652714769248612 0.9992846971566722303 -0.1410844267199381497
0.9985026665742822161 -0.04287834580689269676 0.03396869595542864606 2.820063619285940959 0.04232265101380031785 0.9989608340580834467 0.01691287170004756799 0.4380345138196037325 -0.03465859280484269445 -0.015449902227610713 0.9992797818758994977 -0.137684415748667327
0.9985010056770294851 -0.0428630674878391002 0.03403673173931027335 2.823774662395232227 0.0423141421532302886 0.998964983719516364 0.01668756051981618721 0.4339284557443301438 -0.03471678320059391754 -0.01522231085608421672 0.9992812548108783721 -0.1394997377853581799
0.9984644954898750369 -0.04391946979810819329 0.03375990845370317739 2.824137371038545119 0.04336251532647997231 0.9989137909754133293 0.01705668384208743754 0.4341025572119773246 -0.03447235864732998284 -0.01556657867937587258 0.9992844130263959235 -0.1426944414169716291
0.9984610721213834639 -0.0439249203890429013 0.03385393370103063904 2.824174859149930938 0.04337810129719055913 0.9989187843342732798 0.01672132267460482019 0.4368256778587163991 -0.03455181306484812753 -0.01522707039958184558 0.9992869000146944458 -0.1439407952945309377
0.9985447094903764365 -0.04193725414880451058 0.03390766673244133972 2.824071360586080104 0.04139221966875396286 0.9990047403363780942 0.01661965512095268591 0.4363610836291410555 -0.03457090250012787719 -0.01519195510473783477 0.9992867742547293375 -0.1429295982377639107
0.9985184668638463767 -0.04270018876306382744 0.03372781065341234896 2.823344600311273656 0.04215941778853635885 0.9989732273924826211 0.01658536839442899258 0.4335275301613832344 -0.03440137822246895627 -0.01513885176114747148 0.9992934305516816273 -0.1444324577644088281
0.9984789575181169941 -0.04345978751515060939 0.03392666005772231042 2.824265347465415132 0.04291265537932411472 0.9989393752696056339 0.01669217014846398339 0.433323814402895191 -0.03461611477086439653 -0.0152108975773248313 0.9992849209274912159 -0.1418021874992926312
0.998472626443720368 -0.04365507347617176431 0.03386220315290841554 2.82934018200797599 0.04310709467265377154 0.9989300751979895976 0.01674763427537341934 0.4293550304896834868 -0.03455709234674788494 -0.0152623531845139139 0.9992861792018388201 -0.1415430500144136405
0.9984873762658301732 -0.04345135637656179911 0.03368885671576618557 2.830802279291050549 0.04290808338088324125 0.9989396883629247936 0.01668518486447727323 0.4305654360094905986 -0.0343781299427059206 -0.01521442218487553157 0.9992930829037208751 -0.1447262933164377707
0.998468331294371847 -0.04391926771071383295 0.03364653512603061475 2.830205847785344453 0.04338093645952141586 0.9989212443094563909 0.01656629165330133005 0.4297263674638103215 -0.03433781813289144003 -0.01508129938042227121 0.9992964868620676233 -0.1447908580495544384
0.9984814258999711312 -0.04354591263602483608 0.03374308263120243817 2.830642979976667917 0.04300192016688545588 0.9989356840596766984 0.01668334421471369053 0.4280534307618530931 -0.0344336607801330602 -0.01520699197479577491 0.9992912840610375103 -0.1428250356651069031
0.9984431123711533518 -0.04422289420096419538 0.0339953965573995473 2.832340513707541696 0.04367560750515111362 0.9989065672266436158 0.0166766681486115835 0.426045928678536745 -0.03469571540782107749 -0.01516593485325768223 0.9992828437196178415 -0.1421613959194890087
0.9984953934216906912 -0.04289789656060050138 0.03415728013672982705 2.833381056962782196 0.04234165091765804134 0.9989611706764365273 0.01684529840432370459 0.4253604437585247755 -0.03484442442099174725 -0.01537367722568490705 0.9992744948888319101 -0.1400125389222723338
0.9984114160292144602 -0.04503429402811711529 0.03386084322529274437 2.833432452510015853 0.04448222069700381864 0.9988674759381929169 0.01688483209056931486 0.4240612789060483889 -0.0345828914985691141 -0.01535180361562671174 0.9992839164828709597 -0.1420923530683562697
0.9984780683168053006 -0.04349962577006338815 0.0339017646768662792 2.832329450730809661 0.04294310477427901174 0.9989333035885175072 0.01697482648146760378 0.4275227554114895412 -0.03460400038559814651 -0.01549314492267710522 0.999281004331473599 -0.1437356411148589808
0.998470241683726889 -0.04359152297754260302 0.03401404998729719992 2.834829321317313244 0.04304091396268017872 0.9989327932493754503 0.01675572428328990504 0.4239298599023402225 -0.03470815750363507451 -0.01526609627569680203 0.9992808864914829448 -0.1430924050289936189
