1.0 0.0 0.0 0.0 0.0 1.0 0.0 0.0 0.0 0.0 1.0 0.0
0.9999987099965948 0.0009124462862340687 -0.001321910329973584 0.17015217473302102 -0.0009142846107872989 0.9999986149879788 -0.001390721314722007 0.002168419200355 0.0013206395406130814 0.001391928122958311 0.9999981592219577 -0.02107707912038976
0.9999918034964687 0.0021613841441321256 -0.003423646953275748 0.3598011366016529 -0.0021674920752223063 0.9999960643992085 -0.0017813377553567644 0.003039229223663549 0.0034197833239883136 0.0017887438822551463 0.9999925527109393 -0.050072213653444456
0.9999864687740766 0.0031505599850542593 -0.004139594247308431 0.5690516918564316 -0.0031567962560177776 0.9999938910637679 -0.0015008239549733826 0.0065408602280204575 0.0041348405228939945 0.001513871502606713 0.9999903055964711 -0.0659940318903215
0.9999838561837391 0.004146822290214909 -0.0038847441088447243 0.8004604070029944 -0.0041520746895795544 0.9999904756201503 -0.0013449701699842617 0.009288542105262879 0.0038791297567856457 0.0013610782047227888 0.999991549873523 -0.0811567497830288
0.9999753448727472 0.005634879550905597 -0.004190200362263002 1.0530765423108985 -0.0056431726795894074 0.9999821367111053 -0.0019699900508169587 0.012005375740603837 0.004179024854850569 0.001993587504667897 0.9999892806226092 -0.10413904990490318
0.999963557660771 0.006970016029790424 -0.004929728892843162 1.324038620538996 -0.006983258782572664 0.9999720409518915 -0.0026742122734969695 0.01001999193045332 0.00491095175990255 0.0027085403915327777 0.999984273057211 -0.12977250928816814
0.9999532807643214 0.008226121604398411 -0.005076141449832281 1.6124173610958878 -0.008240784961348538 0.999961912462463 -0.0028745586849649478 0.01001275703577609 0.00505230164280277 0.0029162557779017283 0.9999829847054135 -0.1534777563900811
0.9999450333094935 0.009241019266370774 -0.004953172982387524 1.9162785184357531 -0.009255746249089552 0.9999527877754786 -0.0029586114007754474 0.009236999429906238 0.004925598547116317 0.0030042940879510763 0.9999833562094848 -0.17366576464462558
0.9999396220880382 0.010341463468334564 -0.003715684561839091 2.233904981057342 -0.010359561665972794 0.9999344060731707 -0.0048849803668671 0.008908264461638022 0.003664922989490331 0.004923178285302252 0.9999811651501501 -0.189836863375524
0.9999283180608858 0.01158482502744815 -0.00302499074546539 2.564871646109065 -0.01159670320197096 0.9999249970989537 -0.003939118112344181 0.007058969465754494 0.002979129868289881 0.00397391566858336 0.9999876663136832 -0.21674082669605793
0.9999094208738599 0.012846330499553627 -0.0040152011651641 2.90875643996122 -0.012861304775796297 0.9999103475136322 -0.003726093749635128 0.007193276948754076 0.00396697456061624 0.003777396969240678 0.9999849970799422 -0.251907358670402
0.9998882864231546 0.013933106931633864 -0.005411395845618692 3.261085927173966 -0.013956694876457051 0.9998931561432683 -0.004345913710502324 0.007375968457675088 0.00535026559077216 0.004420953413610091 0.9999759146244589 -0.2802667302002878
0.999854701524539 0.015613251469635733 -0.006841214645041803 3.6230743730970656 -0.015651466271855333 0.9998620022178485 -0.005568493912724662 0.0034475897808845524 0.006753328276827058 0.005674759859323927 0.9999610940720266 -0.31135871906888496
0.9998268813969676 0.016996786589158895 -0.007570764931952372 3.9957672917094733 -0.017054857154553498 0.9998251130765609 -0.007673011721555796 -0.002085389325922186 0.007439024361437943 0.007800801694950663 0.9999419025170744 -0.3314016066685608
0.9997968156321366 0.018211395642083014 -0.008641326322106128 4.379074047557566 -0.01828544528251454 0.9997960862244694 -0.008569040847851808 -0.010060656032334095 0.008483510043476798 0.008725310252335168 0.9999259467672309 -0.3605954654318415
0.9997535281766218 0.019772287451625993 -0.010096511641435695 4.771708615766303 -0.019871118227703786 0.9997546764499451 -0.009783944850869045 -0.014707265801753616 0.009900583759354415 0.009982162360656176 0.9999011625534945 -0.39330107209840265
0.999700029918221 0.02126467498593045 -0.012151698615791233 5.17519193787578 -0.021391661214241173 0.9997168969217992 -0.010417429603449893 -0.022281926123783817 0.011926735177801568 0.010674249706206394 0.9998718984856052 -0.42738641672755096
0.9996492069133363 0.022918403305140497 -0.013274407989756402 5.587651287682994 -0.023061279846845074 0.9996766615300594 -0.010712131624444619 -0.030236267881618095 0.01302461091016086 0.011014498720180309 0.99985450958056 -0.44614034931868113
0.9996263213923359 0.02383776219304691 -0.013378291118526169 6.00923309051859 -0.02399531310158147 0.9996431080085947 -0.011742297904287182 -0.037402891772212926 0.01309360640852497 0.01205892634290868 0.9998415573312982 -0.46388762632916847
0.9995975073062381 0.024674776917633184 -0.013999241808703449 6.440784091992599 -0.02486195667859305 0.9996016436647931 -0.013358034763909099 -0.04892870057401551 0.013664058594183424 0.013700706795894744 0.999812774541328 -0.4895926359932402
0.9995506925964044 0.026012216577101163 -0.014892196573796451 6.880365251024472 -0.02623095545270215 0.9995480238783068 -0.01468621588454131 -0.05899434259168634 0.014503444628258805 0.015070253803933724 0.9997812448451914 -0.5104782559035104
0.9995040951987892 0.027375583236171487 -0.015560884400550385 7.327417183266541 -0.027616611963232708 0.9994985425899213 -0.015491484896315072 -0.07152121356942297 0.01512899284552941 0.015913541500871833 0.9997589073233508 -0.5319025132113651
0.9994347305268487 0.02936185676580981 -0.01637378343536291 7.781927806723322 -0.0296270277340099 0.9994298263117221 -0.016194489994044856 -0.08418386576321549 0.015888947239270042 0.016670442279168144 0.999734783685076 -0.549004411253964
0.9993381905385043 0.031839335415299264 -0.017590839989583287 8.24362056523969 -0.03212386246271516 0.9993536334323285 -0.016136071581325646 -0.09606767462248318 0.01706570806335368 0.016690478300910756 0.9997150541741303 -0.5736101177836593
0.9991998917611457 0.03476548384936492 -0.01977213790244342 8.711414831789206 -0.03509430228573635 0.999247227428293 -0.016533856898664843 -0.109106056101779 0.01918244644436823 0.017214517407923804 0.9996677918882965 -0.6030944837706324
0.9990533507724767 0.03844801323391871 -0.020350739265432963 9.18390164805674 -0.0388068855605574 0.9990927176358773 -0.017543295016770384 -0.12618454187492736 0.019657770559629268 0.01831643647984095 0.9996389749361049 -0.6177008029422759
0.9988635447223305 0.04269459907286477 -0.02118466980500638 9.662561910156056 -0.04306553756658404 0.998921174793793 -0.017373716432800734 -0.14689207952188085 0.020420051391731527 0.018266301174391122 0.999624611412988 -0.6365414363423105
0.99860104637704 0.04761894801283045 -0.022986647533545103 10.146841802335368 -0.04800192273789637 0.998712491068701 -0.016406571756835134 -0.167329041743511 0.022175788331987575 0.017487023002744028 0.9996011396743996 -0.6582080883911404
0.9982548877303398 0.05351533193593545 -0.02496574393589551 10.636219402416147 -0.05388852287016589 0.9984413496287213 -0.014522343283569447 -0.18926543333846826 0.02414966304853282 0.01584236722718126 0.9995828195678851 -0.6803843581947011
0.9978621710737228 0.06013935605587668 -0.025580175785565127 11.127794924135154 -0.06048063826804763 0.9980875101077477 -0.01278337051028508 -0.21490305069539425 0.024762470287221037 0.014303147209552686 0.9995910363969744 -0.68427765141636
0.9973633842556541 0.06742205563990829 -0.026842990880256948 11.625580185576416 -0.06779433337708524 0.9976118873163442 -0.013207976645773084 -0.2438568746948691 0.0258883778569667 0.014992954959172055 0.9995524014245221 -0.6937462423205295
0.9967689821267237 0.0753466469937963 -0.027829463826075894 12.126687178225836 -0.07576995071321653 0.9970201616317798 -0.014481431857830327 -0.2812228827691885 0.026655409187843374 0.016543279195144034 0.9995077833986595 -0.6996215925691289
0.9960787201170227 0.08394448897608459 -0.027937539272060063 12.63185759902868 -0.0843821586579625 0.9963224728679354 -0.014872167244251402 -0.3252949788238375 0.02658636173409848 0.01717127918538825 0.9994990307853643 -0.706319056939962
0.9952231802216684 0.09366407354830378 -0.027529309395724115 13.142346643566393 -0.09406008669643927 0.9954755592180817 -0.01345775204489153 -0.3705342819338076 0.026144246788268582 0.015982876017206497 0.9995304027562614 -0.7128241618621065
0.9942423140689778 0.10375163568305391 -0.026792144517646787 13.658343500612524 -0.10410060881142734 0.9944947030150224 -0.01197284093887663 -0.4214705948965747 0.025402443974031314 0.014692983636699228 0.9995693232947875 -0.7186307685850727
0.9930684015199185 0.11460418744654398 -0.02609655384128118 14.179677605671897 -0.11493265821602264 0.9933072898664934 -0.0114504136814237 -0.4768347439369461 0.024609631815051783 0.014370390314609197 0.9995938464717232 -0.722698181486967
0.9917443194525032 0.12595758531673057 -0.024039374677168723 14.703181861262106 -0.12626312091340858 0.9919284943725468 -0.011639860351976776 -0.5423707277017803 0.02237921202582263 0.014579051854839424 0.9996432474218586 -0.7149900425764091
0.9902019315330383 0.1376904120292579 -0.023269835054255394 15.231116799399135 -0.1379915127604263 0.990362357992546 -0.011863485049852613 -0.6190795098559845 0.0214120805698129 0.01495828555189964 0.999658828050361 -0.7109519882306845
0.9884481395536009 0.149810830894935 -0.022956270594187637 15.762551948313561 -0.1501096244046156 0.9885978814240495 -0.011888208653181007 -0.7036920806327156 0.020913538058625763 0.015196834882485973 0.9996657842176188 -0.7113342526918945
0.9864946039168293 0.1619706935444973 -0.024369876398768715 16.301959838505965 -0.16229017992908934 0.9866731612232321 -0.011746081062756372 -0.7919300091794168 0.02214258208882809 0.015542437211184623 0.9996340023748581 -0.7271675584459953
0.9844523889883713 0.17391896674090568 -0.024610705452377424 16.845893035766164 -0.17423725946236207 0.9846374258793579 -0.011424402510111783 -0.8890424851556353 0.022245701385513204 0.015534882215301905 0.9996318303277588 -0.7334315275387373
0.9821522851523384 0.18650321343833776 -0.02436062698728055 17.39643440072551 -0.18681996816524304 0.9823276983078764 -0.011427713326943924 -0.9935796875735602 0.021798813380024963 0.015774806316372878 0.9996379180587867 -0.7331933966512788
0.9797473869888138 0.1989466393413837 -0.022700052496867386 17.95196924759812 -0.19925659470382262 0.9798701275790476 -0.012302135800490539 -1.1097240707433602 0.019795634761927684 0.01657612056503592 0.9996666269669039 -0.7095911653739574
0.9771658295426136 0.211626392972138 -0.019005561604403066 18.514021441899175 -0.2118624783897663 0.9772331260642347 -0.011388923270701509 -1.2374559372349478 0.01616266762766227 0.015155432040110405 0.999754510394845 -0.6795321191294718
0.9744298094821029 0.22417112341933199 -0.015292279672694652 19.081112412122273 -0.2243636913629267 0.9744278677438194 -0.012298965900895544 -1.3740177833134806 0.012144150471506267 0.015415511316356524 0.9998074222669988 -0.6325583936531615
0.9714327454967764 0.23695942627565586 -0.012986580601112407 19.656456562722948 -0.23712116209453177 0.9713962195013341 -0.012764764997893084 -1.519807515644364 0.009590383909725714 0.01547950379129448 0.999834191003108 -0.607458974428429
0.9682860703875662 0.24955918146644765 -0.011928991541762949 20.23449820840608 -0.24971562461308683 0.9682154421925268 -0.014176188628205471 -1.6826374683010026 0.00801203579015008 0.01670546155373352 0.999828352686987 -0.5994647371031422
0.9648968906765665 0.26238351285475486 -0.011352644832547562 20.823129549674345 -0.2625203739344381 0.9648393987962878 -0.012961010752926938 -1.8565372437002408 0.0075527234834818265 0.015486339542109978 0.9998515538096485 -0.6152250082170323
0.9612491639463855 0.27542186967261845 -0.01195150695165099 21.419338802640013 -0.2755581220935129 0.961211721088358 -0.011821530808259177 -2.035935810378963 0.008232020448992794 0.01465677141779007 0.9998586964621219 -0.6360369023681252
0.9574401948281857 0.2883688646747608 -0.012315486736466642 22.024294520637497 -0.28848564402614424 0.9574414580931844 -0.00904917207349422 -2.222020382777113 0.009181858101009884 0.012216882195745087 0.9998832138161077 -0.6504348191797684
0.9537020372670241 0.30052503036769185 -0.011710261962332899 22.633769727810574 -0.3006126588258443 0.9537235906313176 -0.0065834661813393884 -2.418610721421647 0.009189856711877855 0.009798918093465957 0.999909759797259 -0.6630196312982859
0.9498108426291633 0.3127595988443851 -0.006387218078260007 23.245592114632775 -0.31278756728304974 0.9498148397760421 -0.003963318604499185 -2.628267913168144 0.00482710857878159 0.005762245387752457 0.9999717473763243 -0.6379102707835471
0.9459625819818623 0.3242658724088363 -0.002537219175761302 23.868372608976088 -0.3242745257761558 0.945951834789049 -0.00459980346086169 -2.8496576569449625 0.0009085278524279365 0.00517399750345598 0.9999862020682959 -0.611532523786525
0.942189459652623 0.33507644033982764 -0.0016736931286617932 24.497893493167453 -0.3350806178327905 0.9421783088070916 -0.004584099279247449 -3.080926763621111 4.089369277008816e-05 0.00487991215052261 0.9999880923216579 -0.6088665795031133
0.9383533053388639 0.34567754303542153 -0.0003325667210953927 25.132402481914042 -0.34567406776713033 0.9383385909203157 -0.005488867187299068 -3.3173784210111315 -0.0015853179348935733 0.0052654563590531205 0.9999848807538921 -0.5984686320622877
0.9342046322027695 0.3567327065875282 0.0018658032119971868 25.770308487693825 -0.3567313007706429 0.9342064422004401 -0.0010499531792853446 -3.567529017215068 -0.002117598019962615 0.00031528071688657964 0.9999977081857212 -0.6361699421195894
0.9299546630472382 0.3676687975220829 -0.001994995078579649 26.42315218736955 -0.3676726811411133 0.9299527539624577 -0.002162160989203545 -3.8141469397428747 0.0010602920365171454 0.0027442168835733615 0.9999956725178829 -0.651029399203225
0.9260772520587742 0.377259897529539 -0.007476157788066801 27.070838344741446 -0.37729424653326366 0.9260854748290591 -0.0038399015000533067 -4.0788036601902595 0.005474920288625259 0.006376756748958178 0.9999646804868649 -0.6647878942077065
0.9223682491843754 0.3860079175420963 -0.015319937707629383 27.727169443781765 -0.3861835388145475 0.9223585114911219 -0.010818993878920978 -4.347272876480766 0.009954257643042861 0.01589540420038756 0.9998241089712141 -0.6770598744458424
0.9191258110869991 0.39343987835971134 -0.020317615754890467 28.38403701333537 -0.3937113164861897 0.919160960234832 -0.01159864004486673 -4.630179643808664 0.014111791678557117 0.018659884685462747 0.9997262955625138 -0.6938854020797872
0.9165291051499308 0.3995185185637178 -0.018956601428562262 29.037689551190205 -0.3997800524013186 0.9165217152088685 -0.012800595790435052 -4.9195444846058685 0.01226006178890929 0.01931058971765493 0.9997383617775647 -0.6777771670545413
0.9142350509690849 0.40497616463275976 -0.012983745950088168 29.696497079878636 -0.4051417317240072 0.9141338545022288 -0.014814630220401684 -5.214947830371624 0.005869309604121039 0.018804311533120347 0.9998059557096751 -0.6600746532194256
0.9125524714285607 0.4088855392198951 -0.007784774016186198 30.359337001641954 -0.4089580214314283 0.9124370637803698 -0.014558205478204845 -5.52262570318687 0.001150476648492918 0.01646877216765093 0.9998637186870877 -0.67713088287081
0.9112537092951787 0.4118116651385946 -0.005275391128399298 31.0267092556225 -0.411845373208317 0.911170790735495 -0.012295473856329396 -5.834096479495489 -0.0002566372565403764 0.013376941587217502 0.9999104917796845 -0.7040149183324196
0.9098042916186775 0.4149914123764159 -0.00618697066951425 31.698880220918014 -0.41503710879441746 0.9097235027255466 -0.012138653645695722 -6.141424415030628 0.0005909956079554111 0.013611621600197719 0.9999071829332984 -0.7021732926634658
0.9087187553242094 0.4173488924564526 -0.007079949674486251 32.370947276006014 -0.41740414004314086 0.9086589263655193 -0.010617881667497414 -6.457423964869801 0.0020018983157769512 0.01260386851849563 0.999918564134851 -0.7128974947764578
0.9074464008739594 0.4201187185800194 -0.0064258726707775386 33.04518332908655 -0.4201646926277626 0.9073928058402355 -0.009996348253200076 -6.7705178179562 0.001631137614094972 0.01177107505983147 0.9999293880979899 -0.7189625456937646
0.9063802972307242 0.4224343295469359 -0.004898368317725376 33.72250252656373 -0.42246260034436706 0.9063281180124743 -0.009731074464772036 -7.090448206283118 0.00032878902143877015 0.010889431582705101 0.9999406543278383 -0.729244966421289
0.9054422664708026 0.42439937648381876 -0.007711765580175651 34.405504063418825 -0.4244678189545125 0.9053395212589235 -0.01369021251331917 -7.4125236614844505 0.001171648503833723 0.015669093362632287 0.9998765457560134 -0.7475252566406968
0.9044812911412314 0.42635996046540664 -0.01143582473761543 35.088050731651315 -0.4264944752041446 0.9043681128767435 -0.014858634933835461 -7.742141336188 0.004007068234186535 0.01831667337954757 0.99982420598847 -0.7689548135896743
0.9037937043537808 0.42769785146317474 -0.015214723929680915 35.77244935901804 -0.4279214372348113 0.9036498760170587 -0.01732469708956451 -8.070341333066278 0.006339047670232969 0.0221686586905046 0.9997341481846558 -0.7801314503732072
0.9031964900429995 0.4289490157729339 -0.015454521714986229 36.4579203006599 -0.42918088596870957 0.9030428385135365 -0.01781569332149403 -8.399045323626204 0.00631407104180305 0.02272385699751636 0.999721840728728 -0.7825064517196587
0.9027625200794583 0.42990617452771945 -0.014160276929822998 37.1459879844071 -0.4301241247108238 0.9025180240861801 -0.02131791597042801 -8.727585178220158 0.003615201451466982 0.025335692264408714 0.9996724628676878 -0.7785694301421759
0.9025888940482026 0.4303435754091178 -0.011734370240492387 37.832734646893705 -0.4305022175364555 0.9023180652857437 -0.022134808677378475 -9.067835878534671 0.0010625615455279692 0.025030304894009363 0.9996861281421662 -0.7833844478158254
0.9024521126568819 0.4305942588935508 -0.0129910957600501 38.52739051036664 -0.43078862940643803 0.9021194783887229 -0.024527606605182894 -9.404453785693624 0.0011580739421631473 0.02773140673622395 0.9996147397598613 -0.8102775000833954
0.9023799399340667 0.43067598251064204 -0.015120915748903594 39.2234312868409 -0.43093684473182403 0.9019752342448836 -0.02709451349377661 -9.742429685672379 0.001969735305034469 0.030965705181345143 0.9995185067048288 -0.8182524966070394
0.9022078744346144 0.4310017371422373 -0.016076501129012915 39.92141185236291 -0.4312952813986995 0.9017675335234098 -0.028278891886348738 -10.081197775179238 0.0023090152433225554 0.03244715801849308 0.9994707851583904 -0.8236663757427877
0.9020747807011382 0.43130706470190805 -0.015339685825310917 40.6235180981005 -0.4315763561629852 0.9016388700504446 -0.02809264699587444 -10.421748539449712 0.0017142998789647693 0.0319619140912906 0.9994876173437801 -0.8371047718326028
0.902052564768097 0.43142898900953564 -0.013045989326614075 41.32949897563828 -0.4316260840643771 0.9016616664161418 -0.02655490295435211 -10.767738669825128 0.0003065135414396756 0.029584907602933325 0.9995622238217967 -0.8517422605211367
0.902022634671113 0.4314820639837562 -0.013356459160399336 42.04292418307354 -0.43168862392360974 0.9015680507386928 -0.028635325424578518 -11.114741978980755 -0.00031387246703139243 0.03159554315958771 0.9995006869114827 -0.8672822817858732
0.9020748378043654 0.43134818951241843 -0.014132459254785257 42.760756303217114 -0.4315794853785445 0.9016185949175808 -0.02868897173541575 -11.46862885531189 0.0003671520389850065 0.03197887901731266 0.9994884774204139 -0.8775945407145578
0.9021313261444673 0.4311668195786103 -0.015945033185664842 43.48688517104864 -0.431456952194618 0.9016761051756641 -0.028724549747092275 -11.820181610190053 0.001992182661465726 0.03279291157717608 0.9994601823777354 -0.8917999272143298
0.902243107815371 0.4309142592764169 -0.01644005936482201 44.21628724829677 -0.431217242873519 0.9018313864552151 -0.027419698262781986 -12.178607779174785 0.0030106225638940136 0.03182847084794767 0.999488811640861 -0.8944821918847615
0.9024213852916012 0.4304977293062296 -0.017531355639780987 44.95292671641192 -0.43083728790542103 0.9020021336468432 -0.027773769042761923 -12.537905623872684 0.0038567756856195 0.03261680485148685 0.9994604891253043 -0.906006074685288
0.9026183964237781 0.4300848321465429 -0.01752334428266316 45.695162737279325 -0.4304250308933766 0.9021932023779073 -0.027959226804925987 -12.900767121868498 0.003784602727402847 0.032778998468131565 0.9994554587582296 -0.9076830813387181
0.9028687586610668 0.42949824324959923 -0.018954252275777052 46.444616910956185 -0.4298923282206414 0.9024059464744429 -0.0292590824291934 -13.267504859762312 0.00453770546220427 0.034565399072922866 0.9993921364589923 -0.9209754763388937
0.9031190023229292 0.42886223445238586 -0.021289704172326736 47.20000781062877 -0.4293562089947727 0.9025617147448415 -0.032180691019391236 -13.631390562427352 0.005414188847387771 0.03820386024154547 0.9992552985207385 -0.9241643931929288
0.9033009184423393 0.4282831977826624 -0.024918933329581533 47.96281177291905 -0.4289477569654629 0.9026196869758148 -0.03579835859333777 -13.992914321000724 0.0071604843079930295 0.043025610753786164 0.9990483092842605 -0.9448084872055912
0.9036005875102215 0.4275688836369894 -0.02628360699375557 48.724541667095984 -0.4282896203841628 0.9029482582493373 -0.035389885499599504 -14.361173185723874 0.008601123320417155 0.04323531739103971 0.9990278915064001 -0.9557831929739763
0.9039176900062695 0.4267973459806111 -0.027871762729277123 49.488766147103846 -0.42761008222240976 0.903176414877643 -0.03770916586864254 -14.727805919431772 0.009078946826269637 0.046004228856396344 0.9988999868114199 -0.9619352326759314
0.9042790190976939 0.42596717489252417 -0.028834381106515063 50.25531570819019 -0.42685441163185445 0.903397105031175 -0.04085317480579639 -15.095555831722546 0.008646784959575885 0.04925075162240235 0.9987490158065199 -0.9722779146949082
0.9045763164161374 0.4253409010908631 -0.02875422817997707 51.025211513945116 -0.4262507704084034 0.9035278685486862 -0.04413243118283743 -15.460156432059982 0.007208918452578769 0.05217766394807402 0.9986117978872806 -0.9822468750525564
0.9049549860649636 0.42466210627548695 -0.02680613157153428 51.79400037690685 -0.42547556086872007 0.9038596341866094 -0.04481415838207811 -15.83166453578249 0.005198105386708633 0.05196014993928582 0.998635630507282 -0.9856053418346118
0.9054426362479653 0.4237133149271869 -0.025311246862833377 52.56437114732123 -0.4244559600845976 0.9042654465787981 -0.04627245479015245 -16.202842463891955 0.00328183073893244 0.05264056303896262 0.9986081317062983 -0.9926839507242007
0.9057759895278493 0.4230460405077364 -0.024533740146466084 53.33827335390477 -0.4237527306164273 0.9045027810888671 -0.048045210974916555 -16.572330944677322 0.0018654999246929664 0.05391443789217819 0.9985438164130821 -1.012969827597418
0.9059806380353118 0.42263492323592644 -0.02405836998829556 54.11391701145447 -0.42331731162482367 0.9046788899627458 -0.04856500524558202 -16.941169855962553 0.0012398321914054355 0.05418327894410127 0.9985302374485235 -1.03236388641479
0.9061952672732854 0.4221793006511004 -0.02397447962414781 54.891150743460805 -0.42285919083943707 0.9048030214023941 -0.05021550740272029 -17.308878469696218 0.0004922338033585607 0.05564288420673546 0.9984506132719037 -1.044607004879705
0.9063899412398778 0.4216997478772086 -0.02503192081066944 55.67003285860745 -0.4224416419562103 0.9048774552057216 -0.05234357841947796 -17.67709647341117 0.0005775469795850463 0.0580182186964926 0.9983153573589733 -1.062204609972748
0.9066915840057261 0.42108034945689726 -0.024529794015582643 56.44789594278738 -0.42179404580121765 0.9052108120938862 -0.05179931075762647 -18.04764535298328 0.0003929628858936366 0.05731252018174029 0.9983562092813317 -1.0848133311326957
0.907033687220467 0.4203006347277878 -0.02524414178904284 57.228651736402135 -0.4210573240332878 0.9055126031514674 -0.05251338316827465 -18.41819602945694 0.0007874802683916558 0.05826063835275264 0.9983010958090546 -1.106279794238898
0.9073366946406457 0.419587971857096 -0.026192678966430866 58.009384980666304 -0.42040222980978836 0.9057827505425239 -0.05309966092712677 -18.788334518851 0.0014448977635785453 0.05919073147433775 0.9982456459098572 -1.1110256647749297
0.9075583618281455 0.41898423230941 -0.028107524827156012 58.7926884576191 -0.419919516222631 0.9058802114249958 -0.05521451298304187 -19.155667703430087 0.0023280401985197484 0.06191329117966333 0.9980788168296824 -1.1216668423050304
0.9077737811174614 0.4184230400074226 -0.029477481348578485 59.576694825303825 -0.4194485162113164 0.9060264022410734 -0.05638351434789861 -19.52295181643269 0.0031152148936311433 0.06354776182559062 0.9979739362343719 -1.1391525543188872
0.9080015324138375 0.4178427377459014 -0.030670240415337557 60.36100010718308 -0.4189538998169928 0.9061127987679172 -0.05862785802929342 -19.89189101254167 0.0032934726744885106 0.06608360176306978 0.9978086543099152 -1.153014277976113
0.9081746247243125 0.417331837670337 -0.032449780793639096 61.14761697757475 -0.4185761343351878 0.9060727975174659 -0.061855520076078696 -20.259386454606513 0.0035875857991168663 0.06975831753684571 0.9975574702053832 -1.1671986453449688
0.9083922156247071 0.41689457594190954 -0.03197647795884139 61.932402227121166 -0.4181067911719873 0.9062920235218772 -0.06181811446884643 -20.63399605304619 0.0032083902974030143 0.06952467656045018 0.9975750726541168 -1.1763513775875043
0.9084269184071703 0.4168138214298929 -0.0320432860091348 62.72023860222586 -0.4180435750327689 0.9058130021996076 -0.0688648997672515 -20.999492872298163 0.0003213830659005249 0.07595421852103923 0.9971112542749606 -1.16059487502884
0.9084030804450051 0.4170286500781134 -0.029848759640112885 63.50913781506682 -0.4180836957833697 0.9055231874794468 -0.07234487028932621 -21.372649078498938 -0.00314113962521095 0.0781975827701062 0.996932932192918 -1.1685057454745564
0.9081133108122982 0.4178347853854752 -0.027281987599905324 64.30141607709882 -0.41868896402231964 0.9052578401195134 -0.07216504907549302 -21.74923298933673 -0.005455834623933194 0.07695670876555213 0.9970195077552557 -1.1921204192347237
0.9078145926531302 0.41848009659800317 -0.027332656609965898 65.09914618274219 -0.41934428080385855 0.9050791216355951 -0.07058440150934152 -22.12614999988937 -0.0047999503254261226 0.07553934293243288 0.9971312692650911 -1.2217999673415387
0.9075215882657905 0.41893807965419155 -0.029924108126998486 65.89918243358024 -0.4200000346178079 0.9048423138434039 -0.06971626782575609 -22.501280921970913 -0.0021302001262459513 0.07583714455443978 0.997117941746739 -1.2438202243859846
0.9072139780882994 0.41946104692938924 -0.03186264380280683 66.70031673122054 -0.4206691832233775 0.9046948222581571 -0.06756268841198587 -22.87937272975774 0.0004860528571996791 0.0746974476684421 0.9972061246625203 -1.2633654294954084
0.9070333154018106 0.41977339376056133 -0.03287647550972463 67.50262593849904 -0.42105562174453853 0.9045635298514437 -0.06691026722419507 -23.25942210146807 0.0016517107860247265 0.07453266635129895 0.9972172047743895 -1.273603807508456
0.9069072077558622 0.42008121900288825 -0.032420455911577176 68.3069257153122 -0.4213262688819302 0.904550709018366 -0.06536199174137815 -23.64431412454496 0.001868601214341056 0.07293685114821087 0.9973348104192931 -1.2864147519757554
0.9066853230423095 0.42059249492942785 -0.03199497130337056 69.11690089600033 -0.4217996519824188 0.9045242067233558 -0.06261799293327198 -24.027915822309645 0.002603568162039742 0.07027028291191388 0.9975245905602063 -1.2940254246135428
0.9064975902384891 0.42093012104722194 -0.032862624468915635 69.9290157390504 -0.4221951091372977 0.9043885964965945 -0.06190764369172697 -24.413661919479125 0.0036617908677304373 0.06999356914808527 0.9975407217580421 -1.3025439236993113
0.9063355702673254 0.42113767223099985 -0.034625064563963526 70.74524607551949 -0.4225389523949053 0.9040372257327097 -0.06463380074324887 -24.797074279563404 0.004082618916767546 0.07321035116264013 0.9973081653658643 -1.2988652085306722
0.9062765096095253 0.42134889697690053 -0.033585638989403616 71.55968257134968 -0.4226791982476231 0.9038259554321224 -0.06664036056290185 -25.187389166321008 0.00227672983107453 0.07459054433074205 0.9972116461402377 -1.3012055855942632
0.906257535753432 0.42147869840679175 -0.03244974082230401 72.38098561101394 -0.42272595041151323 0.9035428746573271 -0.0700931131043022 -25.575868413742086 -0.00022302197401146039 0.0772397594849071 0.9970125223967431 -1.3151085292995304
0.9064186186337293 0.42133853749539496 -0.029650035672234062 73.20303867782927 -0.42237102000899013 0.9036919511621888 -0.07031058854281665 -25.970438109212957 -0.0028300619584010517 0.07625414235248867 0.99708439789388 -1.3177091450006442
0.9066058103160157 0.4210076216766132 -0.028609215149030726 74.02994575326682 -0.42195675453436715 0.9037838259056978 -0.07160512086491586 -26.365653773215275 -0.004289755711654338 0.07698947019857362 0.9970226775126433 -1.3395014114613246
0.9068260786528144 0.4205374145315614 -0.028543756835265933 74.8598135929873 -0.42147640673401227 0.9038943191966411 -0.07302532636436886 -26.763979417823112 -0.004909342292667894 0.07825179041495976 0.9969215393676223 -1.3603256102586807
0.9067949884765519 0.42061246039592404 -0.028425464525652408 75.69529916214398 -0.42154284105272627 0.9038775910286043 -0.07284870344432764 -27.159275356598066 -0.004947931993055852 0.0780413902747177 0.9969378412784743 -1.3828511008194113
0.9068550865617475 0.420449418186377 -0.028916063421985203 76.53377450714609 -0.4214258081985563 0.9040697948930911 -0.07112027942967133 -27.560207704651322 -0.0037603405804280086 0.07668176255602098 0.9970485279714443 -1.4095682450103062
0.906826726394781 0.4203119375451761 -0.03167275569234463 77.37802538784098 -0.4215014146293259 0.9040160684653693 -0.07135478555703757 -27.955298012326185 -0.001358588092141395 0.07805653792882217 0.9969480082356176 -1.4292171053285672
0.9067353194299951 0.4204129527763792 -0.03292430160280781 78.22250685640695 -0.42169924627373456 0.9041316773830473 -0.06867063160244152 -28.354868399432444 0.0008978810338106743 0.07615024025149236 0.9970959506082111 -1.4495205233488602
0.9066946826843616 0.42044021049858255 -0.03368652234669277 79.06858622823177 -0.42178428520123057 0.9041064002500145 -0.06848090087202806 -28.75644599337267 0.0016640760780421144 0.07629971443501765 0.9970835393425895 -1.4534836597008438
0.9066514337156709 0.4206367230802179 -0.03237166874994764 79.91767144417999 -0.4218804640155666 0.9039368772396371 -0.07010703280171035 -29.158591693270935 -0.0002276473817250894 0.07721961643640826 0.9970140816528555 -1.4481497331664284
0.9065933830669585 0.42069947930828905 -0.03317206488814345 80.77276199984546 -0.4220043329200676 0.9036216104062089 -0.0733507205388943 -29.5629673546871 -0.0008836152428771317 0.0804980329984573 0.9967543759158948 -1.466769825611931
0.9064238168719265 0.42085309566089973 -0.03575662288259266 81.63160363217476 -0.4223693001514817 0.9032091042828815 -0.07627246049564207 -29.96807467305563 0.00019620621270273825 0.08423767454737416 0.9964456712184441 -1.4870375418433357
0.9060887629881975 0.42139701660220646 -0.03778502329335702 82.49281630916373 -0.42308549764661174 0.9027479244989443 -0.07774861088125021 -30.372235346419007 0.001347318684897719 0.08643343804110142 0.9962567166753553 -1.4956452494928747
0.9058766617499525 0.4216846477595513 -0.03961731364777859 83.35432531348566 -0.42353978377303647 0.9021739353805653 -0.0818305681358135 -30.780393665396105 0.001235013462508194 0.0909079103480215 0.9958585374328555 -1.5075132849114137
0.9057361233350183 0.42222520327096735 -0.03698584335720824 84.2141695855506 -0.4238409884177825 0.9020843711816486 -0.08125640778943691 -31.1981967276593 -0.0009441520484533841 0.08927298019331836 0.9960067487644426 -1.5022605235411635
0.9055116943835514 0.42275653503968746 -0.036407189068485724 85.0806205163048 -0.42431309136857337 0.9016210541813322 -0.08389204461797678 -31.613273272189428 -0.0026404219123834804 0.09141327440901394 0.995809540742581 -1.519301222680472
0.905414853077982 0.4230712822909462 -0.0351373579893614 85.94934851898276 -0.42450643647607333 0.9014301758949179 -0.08495836260451134 -32.03216038979668 -0.004269568615596969 0.09183859802255742 0.9957647526886512 -1.5409556841790357
0.9051541140271367 0.4237576284537583 -0.033548504989006266 86.8230761965808 -0.4250339082999113 0.9010191652652701 -0.08666395225221804 -32.447617023544964 -0.006496664917737429 0.09270348511204288 0.9956725652507608 -1.5487115879930815
0.9049586760252053 0.4241710735685492 -0.03359605682834256 87.70144195703536 -0.4254298359923957 0.9005574662033344 -0.08947460373150712 -32.86472465593084 -0.007697358910158425 0.09526358387721759 0.9954223225609715 -1.5769751225064734
0.9048929292839852 0.42428753318009177 -0.03389506925502308 88.58022128492055 -0.42557059843134465 0.9004432786526617 -0.08995314157954346 -33.29062819853269 -0.007645409252431963 0.09582270668894223 0.9953690554764948 -1.5992496218685286
0.9046487463715391 0.4248179472628635 -0.03376917783676999 89.4633795443502 -0.4260960768599871 0.900322162226088 -0.08866869509058363 -33.71469152565328 -0.007264913828260367 0.09460293805113171 0.9954885760967644 -1.6114601390226664
0.9043980616364441 0.4253444460836547 -0.03385628884022809 90.34867386902903 -0.4266395726365603 0.900223692504267 -0.08704009716488788 -34.140824599128486 -0.006543788561425508 0.09316332776242729 0.9956293352405281 -1.6354098709328684
0.9042772647743624 0.42554789560668194 -0.034519805285127464 91.23803135464851 -0.4268851632967641 0.8998274367601671 -0.08988682556815292 -34.565466859627456 -0.007189281556115982 0.0960186054801338 0.9953535761890642 -1.6467664845113426
0.9040268511307153 0.42608041785223705 -0.03450985305021419 92.12944230139765 -0.427413806914667 0.8995723137637148 -0.08992824900166405 -34.99674107033277 -0.007272557555321992 0.09604753944093114 0.9953501796222017 -1.661598930207292
0.9037681344120373 0.4264074878544145 -0.037145841262160834 93.0273968215694 -0.4279981701508147 0.8993842994858435 -0.0890249863010904 -35.4271138727397 -0.004552534342540681 0.09635629787431123 0.9953364950060953 -1.7060914317777738
0.9036083609447675 0.4265711394030765 -0.03910234083878857 93.92411240919593 -0.42835395599510573 0.8993561217910531 -0.08758684022326904 -35.86106604364681 -0.002195088621030202 0.0958938435214435 0.9953891461939061 -1.7178034717999433
0.9034681390810612 0.4267569954117178 -0.040296259535697286 94.82229603865464 -0.428653767348992 0.8992170367790406 -0.08754809251968103 -36.29749914466811 -0.0011266778247572074 0.09637005568890224 0.9953449366745178 -1.7285364665234872
0.9034040156737057 0.4270100721524401 -0.03903309807063407 95.72392510697553 -0.42877850081174834 0.8989508354786234 -0.08964592926570326 -36.73134228188655 -0.0031908786020048707 0.09772304576020177 0.9952085332336637 -1.7312431284936078
0.903415247269701 0.4272530228889499 -0.03599646417191892 96.62703729965875 -0.42872821652335547 0.8990201545420581 -0.08919012324172375 -37.17431099559226 -0.005745202984058186 0.09600841712801066 0.995363941723453 -1.747477777971628
0.9034120843586736 0.42724884423347476 -0.03612521191464706 97.53739262745032 -0.4287214306607837 0.898779501278181 -0.09161518964839722 -37.61086407663496 -0.006673883943293169 0.09825392197414516 0.9951389983765152 -1.7714117169032921
0.9034070213028954 0.4271373391605367 -0.03754260720152873 98.44997115623985 -0.4287498379651514 0.8987599181912499 -0.0916743469990994 -38.054137276753295 -0.005415746069342794 0.09891563550678917 0.9950810855135396 -1.7971563722131287
0.9033682975648536 0.4269318632367361 -0.04068050034092881 99.36750267523527 -0.42885649270875814 0.8986570606029856 -0.09218240661830068 -38.49352430605229 -0.00279778775495963 0.10072076043005353 0.9949108004248793 -1.8360687720974125
0.9033507442509757 0.4266889817340336 -0.043519486761481686 100.2859323717403 -0.42890256108285274 0.8986502810070276 -0.09203404556226351 -38.93570014898169 -0.00016111417833864985 0.10180464288410974 0.9948043972206116 -1.851969607364669
0.9034168545984839 0.42630857248848625 -0.04581471215899291 101.2044933769385 -0.42875935358502226 0.8986960735369529 -0.09225391115076968 -39.38162842462979 0.0018448687583484421 0.10298722460621003 0.9946809679626822 -1.8672521148441903
0.9035966319632749 0.4257485174175788 -0.04744814665885367 102.12573822670043 -0.428378918613854 0.8985818411873997 -0.09509036110712847 -39.827606305260865 0.002151462723580446 0.10624911578452417 0.9943372147330902 -1.8796565461403723
0.9037550495671934 0.42551333593014257 -0.046531831335141514 103.04760936796197 -0.42804969298515005 0.8985307655005746 -0.09703568304632339 -40.27802839144524 0.000520304832407374 0.1076144246583606 0.994192569318608 -1.8909744643453186
0.9039929406872789 0.42506914746424557 -0.04596719549403029 103.97449885787427 -0.4275473758746353 0.8987700288343266 -0.09703440962799498 -40.72945442911473 6.760384433461355e-05 0.10737157511725419 0.9942189599311432 -1.908012382244402
0.9041196280353453 0.4246093890997279 -0.04769239865624667 104.90675928312518 -0.4272766147090942 0.8988680727149598 -0.09731845855965073 -41.17759887201316 0.0015468432261536024 0.10836537519912218 0.9941099299041285 -1.9264325593647516
0.904365104880635 0.4238527357473679 -0.04972540068929619 105.83909684909088 -0.42674882674884057 0.8990103225063041 -0.09831520175230218 -41.62757662099796 0.0030324812821717635 0.11013309414785469 0.9939122222966661 -1.938891806878786
0.9046602313891031 0.42310471570716074 -0.050717504762935676 106.77411491725664 -0.42612372225949674 0.899020498880068 -0.10089953380041701 -42.07579537590235 0.00290500787031626 0.11289172750823374 0.993603048903074 -1.9434045267633793
0.9050147866726665 0.4222655905399901 -0.05138099794420921 107.71224687226672 -0.4253703972656684 0.8991841490268421 -0.10260551285831344 -42.526621323804186 0.002874201432839511 0.11471546183834076 0.9933942328105918 -1.9640956575646347
0.9054552255387852 0.42130538540436 -0.05150346370675816 108.65126136712499 -0.4244326072797785 0.8995431957941218 -0.10333925090779361 -42.98052735409974 0.0027922074061380517 0.11542881412272402 0.993311830417834 -1.9729795706492619
0.9058291629639861 0.4206875875809126 -0.049954791354972355 109.5926031805165 -0.42363859575815155 0.9000472952082665 -0.10220179339102527 -43.43330582056177 0.0019666489336229924 0.11374014262182244 0.9935085869021688 -1.9818397584136522
0.906264112150906 0.41996918274398565 -0.048075405070382965 110.53648493380203 -0.422711909437219 0.9003770538831778 -0.10313002695910879 -43.88631704809204 -2.5441556870226847e-05 0.11378508859246494 0.9935053864809876 -1.978713615888673
0.9066455987327569 0.41923688116877567 -0.047267280082535716 111.48512363916957 -0.421889727222162 0.9004846919126305 -0.10552903721451046 -44.3391643810016 -0.001678202291884737 0.11561901702959566 0.9932922160865764 -1.9868744850350706
0.9070471136252559 0.41851167929708827 -0.04597290458548007 112.43541512571912 -0.42101991225507523 0.9008810750321133 -0.10561970523396458 -44.79515178895096 -0.0027869604990138253 0.11515755702910759 0.9933433293228826 -2.006818054843805
0.9072533185633026 0.4180367049177223 -0.04622476930618139 113.39169470101551 -0.42057514850863764 0.9009995896320715 -0.10637802376324307 -45.24671302686841 -0.0028214203539385905 0.11595280429713285 0.9932507169707057 -2.033735192151537
0.9073503285899551 0.4179656221448183 -0.044945744101051524 114.3478698460402 -0.42035788079093617 0.9011389490712391 -0.10605586510765237 -45.701548043998294 -0.003825345037380337 0.11512312179521005 0.9933438647132592 -2.0360900940717035
