1.0 0.0 0.0 0.0 0.0 1.0 0.0 0.0 0.0 0.0 1.0 0.0
0.9999957741923661 -0.0026307554655200308 -0.0012372239455162456 2.366430712579865 0.0026368424899377717 0.9999843004484497 0.004944281374306903 -0.017297845554372977 0.0012241973264066062 -0.004947522845394033 0.9999870115949507 0.009340230071411371
0.9999878452079511 -0.0046614652655684085 -0.0016062932291069918 4.721759886227237 0.004675704783927448 0.999948764108991 0.008978136871067643 -0.008543151009006097 0.001564359656068175 -0.008985538296616708 0.9999584055751455 0.004966357672452629
0.9999717491197515 -0.007509130247973744 -0.0003375282282850021 7.085897013618126 0.007513553073693701 0.9998449838936541 0.01592340110994071 -0.014853300069730145 0.00021790501304799648 -0.015925487296099883 0.9998731576414019 0.022409739767202827
0.9999537378847738 -0.009604659963809378 0.0005221084652445316 9.446944275729214 0.009590277508804528 0.9996945549989326 0.022777692657309865 -0.010792752520325475 -0.0007407209825574272 -0.022771631747996166 0.9997404183686686 0.026024568563366667
0.9999210131508451 -0.012466382005094343 0.0015989931492200009 11.803731175983458 0.012421442329062702 0.9995959079809336 0.0255681152656776 0.006372328097331735 -0.0019170889009020814 -0.025546233919626325 0.9996718034948622 -0.00659652366740365
0.99988125891916 -0.01483872841870191 0.004156946132970533 14.159259578010603 0.01472012713184877 0.9995205393089881 0.027239848690700105 0.027346266738294496 -0.00455915775759295 -0.027175423426067068 0.9996202831286268 -0.005386502035223098
0.999825670087936 -0.017979088214276007 0.0050380373355071355 16.51614145285499 0.017839861205746724 0.999491282001407 0.026437030002323707 0.05033764793187981 -0.005510788089772218 -0.026342543350393335 0.9996377852124554 -0.055154349063926286
0.9997737223026056 -0.020625189865029207 0.005206316953913641 18.86623942897685 0.02048954041978086 0.9994802873260304 0.024886421600190358 0.09003527090047134 -0.0057168983355730795 -0.02477411531634888 0.9996767278894277 -0.09857021350805265
0.9997098640548417 -0.02343847518602138 0.005552080007029098 21.217275809749882 0.023300047748929593 0.999445008553479 0.02380719749221661 0.1267585187515813 -0.006107003057784827 -0.023670926439200973 0.9997011512222852 -0.15052582766204586
0.9996382571522228 -0.026220769472709314 0.0059854896145951015 23.568210176993073 0.026073457725023 0.9993840336549624 0.023488892647340404 0.16906929068111556 -0.00659769959370907 -0.023324333297993306 0.9997061797529689 -0.1862728284694968
0.9995508686957145 -0.02936814158999505 0.005964323028924798 25.914605935437724 0.029220281272034156 0.9992961202543723 0.023525288668610443 0.21935917737967964 -0.006651018871313618 -0.02334044352852455 0.9997054504422117 -0.21892317907160455
0.9994352817645282 -0.03308841288859405 0.005854442481767332 28.25496563552634 0.03294245739920543 0.9991813699981676 0.0234815746721804 0.28069125714224885 -0.006626617897535217 -0.023275454476713697 0.9997071276899763 -0.2553177635206819
0.9992802710210469 -0.03750546928306882 0.005681524615912454 30.59648106026263 0.03735085062139821 0.9989835187738949 0.025235751940134957 0.34128849354623547 -0.0066222281720306085 -0.025005379260927205 0.9996653825666141 -0.27925905195231215
0.9990767976262637 -0.04256718421967989 0.005795452739752033 32.92810646279909 0.04239076438596479 0.9987154152087158 0.02775864764816648 0.4160321838129586 -0.006969615457432633 -0.027487347127165142 0.9995978542435385 -0.295465666494507
0.9988060734670636 -0.048528283799562234 0.0056065387519082235 35.25553835942421 0.04833539735821323 0.9983642161261425 0.030538194462929553 0.4989227311859047 -0.007079333833852964 -0.03023073982391457 0.9995178764795395 -0.3170486834863922
0.9985128893625874 -0.05426798281345232 0.005195750007107353 37.56696794151044 0.05406703083801546 0.9979875115640752 0.03313129847296286 0.608117499677189 -0.006983262356420203 -0.032801109790711526 0.999437502419916 -0.3259432627656335
0.9981757985039769 -0.06016298577650188 0.005048804155916166 39.86330042986892 0.05997089582041705 0.9976835067873725 0.03211093176701397 0.7444516746246359 -0.006968998166526187 -0.03174957364919374 0.9994715591939822 -0.34955918050942586
0.9977406586526627 -0.06699230688158286 0.005060522703706905 42.15225391310679 0.06680823096354672 0.9973005746349038 0.030466770560903408 0.8880640536403356 -0.0070879014434666885 -0.030059851156869787 0.9995229697218345 -0.36589609890088703
0.9971721970063707 -0.07497515581182164 0.005131815320261035 44.432460719951315 0.07480187758015833 0.9967990700282162 0.028218665832472366 1.051599850688687 -0.007231087606384098 -0.027754999583404907 0.9995886010605336 -0.3795452671912758
0.9965050395835388 -0.0833439253388211 0.005612146980173283 46.708048213882634 0.08316877647838426 0.9961865259033812 0.026369683874463465 1.2297168941026837 -0.007788498167079572 -0.025810767475369725 0.9996365057252735 -0.41186486038666625
0.9957379357150806 -0.09201692728355208 0.006232854174768945 48.98244937010899 0.09184173355844341 0.9954799912463812 0.024180219293526282 1.4210259645008905 -0.00842967109977171 -0.023504725512046028 0.9996881856477821 -0.46993441841904543
0.9948648900030793 -0.10100579301926706 0.006456037152209346 51.250640904822866 0.10084660356998938 0.9946700330920232 0.021482267503900504 1.6328646944694654 -0.008591460152914902 -0.02072088427796267 0.9997483842283427 -0.5194254747092374
0.9939906763213071 -0.10943012924957361 0.0027535792582532035 53.5121628504057 0.1093545556060011 0.9938041943785804 0.01986968554740912 1.8684064667735005 -0.004910860874007244 -0.01944916573944867 0.9997987864553138 -0.5724583456668607
0.9931254770111255 -0.11704960147761954 -0.0010852213388007237 55.7707940046583 0.11704710513900678 0.9929137995621682 0.020546576785312153 2.1181715233567564 -0.0013274373815755013 -0.020532350887000513 0.9997883078317398 -0.6067309832705468
0.992170266045524 -0.12480493665740808 -0.004678777734968006 58.028612589444315 0.12487990249314486 0.9919072688194016 0.022912442395693164 2.3814404138245076 0.0017813277226441772 -0.023317329374817508 0.999726527117478 -0.6483576174847386
0.9910582974119078 -0.13336108654214335 -0.004274544105306177 60.279152072934146 0.13342214023488647 0.990832574701742 0.02119767452002404 2.6722196099348943 0.001408412635379593 -0.02157845004196514 0.9997661660946712 -0.6733705950031172
0.9896759457056118 -0.14328312927897946 -0.0033863484352280276 62.53121193494882 0.14332114935909165 0.9895104514422353 0.01811393477328999 2.9751102884833696 0.0007554059110109131 -0.018412260877072744 0.9998301945887146 -0.6755395365252367
0.9881781556318685 -0.15328927087204092 -0.0025163798431782416 64.77605170255653 0.1533096009758218 0.9880766372468646 0.014167751252825558 3.2991923327329546 0.00031461187404130603 -0.014386047492129482 0.9998964659688149 -0.6567547332295778
0.9864946850885647 -0.16377592091560542 -0.0023841183397213255 67.01599239022562 0.16379234800187878 0.9864335249105567 0.010998530291124043 3.645025626748066 0.0005504798305082191 -0.01124049201675667 0.9999366721503862 -0.6516362475513077
0.9847982285593948 -0.17358862118877916 -0.00628009713746261 69.25364857269793 0.17364931714080314 0.9847467878602107 0.010939764875378281 4.015373836835819 0.004285286782720115 -0.011863995649627033 0.9999204377971412 -0.6775444972118422
0.9831624368853517 -0.18245941779768993 -0.010009173521572474 71.4840916877215 0.18257947199492075 0.9831079637257402 0.012785463037506325 4.412911293712336 0.007507270057273504 -0.014397656613336484 0.9998681655000037 -0.7107304307597128
0.9817434643541219 -0.18980689326902697 -0.012373902598858452 73.70613087523752 0.19000511645630797 0.9816268364029095 0.017515986242266884 4.836418956002868 0.00882189993088755 -0.01954730981937731 0.9997700119329679 -0.689308178168893
0.980460407810364 -0.19617734793776412 -0.014554616877098591 75.92709689105146 0.19646171855652012 0.9802711909925395 0.021706801972794895 5.27545309077056 0.01000908877732052 -0.024142084959111833 0.9996584306030164 -0.6554263460136606
0.9790294919704179 -0.2031929340637674 -0.01462482132205209 78.14849785325983 0.2034718685301481 0.9788528134491927 0.02112743049802423 5.727066342658903 0.010022602905160665 -0.02366011726843847 0.9996698186310619 -0.6593260983127702
0.9774633370491899 -0.2106100677953341 -0.014450746275023898 80.36762622268819 0.21086026178506553 0.9773357395941408 0.018783027229562137 6.194207595882006 0.010167336160168164 -0.021406808618234702 0.9997191474710284 -0.6485481853113029
0.9757396973766852 -0.2184373358131495 -0.014736800402592336 82.58332848389298 0.21867840108300646 0.9756415541947744 0.01741593029911879 6.6730458528540115 0.010573545433396447 -0.02021603450871391 0.9997397221705865 -0.631006420689024
0.9739219070357333 -0.22639704670698102 -0.014849115739146703 84.79834564207067 0.22663650400103247 0.973828867329978 0.017124024322612733 7.1725724429096775 0.010583669026727046 -0.020042814103032203 0.9997431027782963 -0.6413552489274501
0.971929468014058 -0.23477786600250677 -0.015246732148744575 87.01384323328774 0.23502992066624262 0.9718283237403245 0.01762514021758247 7.690743115823841 0.010679213338353286 -0.02071383140268702 0.9997284089146941 -0.6857933151651852
0.9698739644696514 -0.243114178007638 -0.015491594352684929 89.22574755117301 0.24337412458424157 0.9697660495606777 0.01796787695665385 8.229199432244409 0.010654976619940588 -0.021196829271051657 0.9997185433421216 -0.7285045710058771
0.9678181943142591 -0.25115950506449475 -0.015711326170683364 91.43003103491503 0.25141514698572826 0.9677261715653321 0.01721861590398103 8.789043937526072 0.010879642477030216 -0.020614555131324798 0.9997282998376711 -0.7446681679278307
0.965540087001991 -0.2595090241782726 -0.019682651300710015 93.63298412906894 0.2598610717159795 0.9654761177211942 0.01811324147225848 9.360936757229926 0.014302580145098439 -0.02260381560822698 0.9996421878458078 -0.7734675530367594
0.9634675735951755 -0.26705649915577395 -0.02027463660057416 95.82264616633007 0.26741193643350447 0.963424026853799 0.01746427020212291 9.956826083657107 0.014869125176233264 -0.022247937870095012 0.9996419050725288 -0.7604252726261027
0.9614469771452445 -0.274222281216641 -0.02053900247363887 98.0122043222661 0.27457838503196197 0.9614120118580716 0.017136333570919576 10.567540282451283 0.015047279206232323 -0.022115242240492404 0.9996421837083243 -0.7531182083614034
0.9594136618835992 -0.2812456299022561 -0.020647543485665498 100.19904609775568 0.28158537196296635 0.9594041722497084 0.01591579612589664 11.19369879806244 0.015333091260031437 -0.021083878455471803 0.9996601254334846 -0.7452569452538569
0.9572015220932973 -0.2886928176549991 -0.020535411773295553 102.3779081490393 0.28899607571900277 0.9572321848307996 0.0137044716447364 11.83473065591643 0.01570077454456019 -0.019052594533582188 0.9996951957072936 -0.6750156855147527
0.9544619427009119 -0.29755179843099605 -0.021571443764555772 104.55385559199495 0.29780200026317366 0.9545811151635255 0.009426728616233665 12.49165860469037 0.017786752791376023 -0.015421472810013773 0.9997228663992402 -0.6553995655681569
0.9513642118516659 -0.3071810792085212 -0.02336495204687564 106.72443114840385 0.30737261403057153 0.9515760269839699 0.005014081511862904 13.164002113999079 0.02069329726938372 -0.011951964093040411 0.999714428225603 -0.6515201357402128
0.9485667197512886 -0.3154208977918689 -0.027033967826749123 108.8887845043138 0.3156500346530463 0.9488647075842099 0.004563148546173564 13.855105135895174 0.0242122655655779 -0.012861723729504266 0.999624100479221 -0.6294446789227418
0.9460282107965866 -0.32292254677783844 -0.027416293686961378 111.04708388552903 0.3231617833773234 0.9463321872809228 0.004674727851434589 14.573097657889198 0.024435346148640142 -0.013282322786728388 0.9996131720620677 -0.6129739934077985
0.9435908615004367 -0.32973952203639095 -0.030135256761517494 113.19613434215574 0.3301339298931973 0.9438905173175353 0.00907081315550802 15.31366609029701 0.02545337749974727 -0.018507807142935498 0.999504670648726 -0.5699882369748055
0.940851365549523 -0.3370362350662245 -0.0347172031706104 115.33274957057522 0.3376508023046905 0.9411743511926514 0.013519480762373715 16.070400556921207 0.02811838627312241 -0.024442113441131258 0.9993057287156565 -0.5235698604343115
0.9380589646267259 -0.34465005896244705 -0.03552063823502195 117.46785087678352 0.3453032859153106 0.938385483098494 0.014082820956328039 16.848978091976335 0.028478406197182275 -0.02547590954567864 0.9992697125467633 -0.5418255385002446
0.9351234013892089 -0.35287580616173714 -0.03198264529377781 119.6029555508073 0.3534365366075215 0.9353563442426146 0.013824755909771846 17.639781664203404 0.025036748294546718 -0.024231688153901008 0.9993928089215217 -0.47373712070222723
0.9319037176448385 -0.3614751739851256 -0.029852296932721435 121.72845721759019 0.3619143993709186 0.9321495198311783 0.01073499913757386 18.442303155063488 0.023946368570709784 -0.020807961719467315 0.9994966734118521 -0.4528708087886487
0.9285595699515219 -0.3701370540499134 -0.027851144872389363 123.84342452131804 0.37047033731638374 0.9288118956726076 0.007758326219911969 19.261298835089836 0.022996830654180393 -0.017522091093826533 0.9995819736787797 -0.4322013238629364
0.9252912337096261 -0.3784584662760332 -0.024603294984972105 125.95509550995911 0.37868227330779813 0.9255132153233446 0.0050024138448297 20.09835414398984 0.020877468777698437 -0.013945521353780077 0.9996847771830923 -0.4079411869396206
0.9220390744420247 -0.3865112884075516 -0.02128307157428067 128.05873094602353 0.38663291945456435 0.9222320033040503 0.001765694150088015 20.950961352329283 0.01894546901352857 -0.00985677509761934 0.9997719305864384 -0.3938987513823981
0.9190880658963411 -0.3935234148146188 -0.020407085033691343 130.14371064394678 0.39358032835501655 0.9192892856141908 -0.0013169992033884893 21.815539762415554 0.019278284645916147 -0.006821388977699531 0.9997908863325013 -0.39340727359709937
0.9167280205721512 -0.3989637396700586 -0.020920581405783095 132.21391827299362 0.3989925845161376 0.9169493828392556 -0.0029575009441834906 22.694495590888106 0.020363049845440816 -0.0056359328582719454 0.9997767663142668 -0.37955403306901864
0.9145483440333891 -0.4039189920595673 -0.021231445531985003 134.277350814896 0.4039091043809979 0.9147857693785691 -0.004942827186327567 23.583491664020535 0.02141872601102256 -0.004055119731438812 0.9997623688557354 -0.36652265937086376
0.9120067495189671 -0.4096881914401542 -0.01998185742996963 136.3304326233404 0.4096083274997036 0.9122252939950175 -0.008125948473480466 24.48158331283167 0.021557060902457074 -0.0007738153481697567 0.9997673200975605 -0.3187352704979872
0.9092175807307177 -0.41597543684702426 -0.016965459914691654 138.38656247522823 0.4158517774783657 0.909372612148437 -0.01042839596516858 25.398989265772393 0.019765881166147914 0.0024265642890901637 0.9998016912005503 -0.30808446474358847
0.9061890973911169 -0.422624989529832 -0.014471972719406874 140.43221317088035 0.4224689875128345 0.9062887154019408 -0.012677496794492342 26.33086285550788 0.01847361251524041 0.005374249715298702 0.9998149044101308 -0.30793428449860466
0.9028399863153982 -0.4297430238758956 -0.014173656550867846 142.45786251365445 0.4295354186806477 0.9029163187223502 -0.01553851613617424 27.2665145073225 0.019475194706648855 0.007940706194932519 0.9997788065248571 -0.29169524280239684
0.8993211809255076 -0.43701631994031565 -0.015432097867200562 144.4638657158435 0.4367232617905293 0.8993929141012049 -0.019109648756011424 28.211021594099044 0.022230747846181047 0.010446155769493452 0.9996982903255579 -0.2631257010469183
0.8957720411360888 -0.4442522817462113 -0.015243375025844608 146.4685677788742 0.4439355661980324 0.8958292267519049 -0.020278302727594864 29.1808526759822 0.022664143119166497 0.011397660302206009 0.9996781631886901 -0.24188647213235842
0.8923102518636277 -0.45119931752709175 -0.014198249264042485 148.47010479207768 0.4509178771196186 0.8923584788709971 -0.019220126975961774 30.175063766409238 0.021342036290230574 0.01074807192581424 0.9997144574511605 -0.228715280746148
0.8885110209143379 -0.4585983855984937 -0.015352082602194136 150.4494183597461 0.4582913254155513 0.8885804532641326 -0.019845380464009337 31.1769673487628 0.02274261995958902 0.010597112972861925 0.9996851876636051 -0.2260147268020382
0.8840555221068158 -0.4671487625537802 -0.014760334580372104 152.41270280765622 0.46677373988387644 0.8840753323109892 -0.02308858059795835 32.182840128382104 0.02383504955462368 0.013521850601215883 0.9996244544673017 -0.16893739203005398
0.8790795314394556 -0.47652939675777717 -0.011786069313551436 154.3717541731421 0.47608770748767143 0.8789549232576818 -0.02790587142899598 33.20286305558806 0.023657391727062216 0.01892027766043208 0.9995410701466593 -0.1180170977819616
0.8739555970888755 -0.4858956287809807 -0.010346605654533162 156.31407374675067 0.48537802146272074 0.8737106239988149 -0.03221679364138332 34.23892352163081 0.02469393848637924 0.023134032141692035 0.9994273490148761 -0.07348517334560271
0.868756032875552 -0.4951328563514937 -0.010315517609510567 158.2350351038862 0.49455517230848056 0.8684612153836502 -0.03450070893877754 35.294537493795225 0.026041061523475788 0.024871106440223906 0.9993514352714835 -0.008388398025062749
0.863695860795761 -0.50387262737782 -0.011909467815561786 160.1382704704551 0.5032495000975243 0.8634465297717346 -0.0346414618158239 36.37819403442992 0.027738073038122948 0.02392625345763259 0.9993288416230253 0.03298560100723461
0.8586973874314149 -0.5122477294950696 -0.015526121396430441 162.0240158862965 0.511593343884546 0.8585976070653237 -0.03289984247264086 37.48287611149984 0.030183560285337 0.020307948415404647 0.9993380508715074 0.07399908585458967
0.8537883358880166 -0.5203590305540986 -0.016491113436570053 163.9019398061644 0.5196990986304446 0.8537334615400892 -0.03243491220083456 38.61448403226446 0.030956814827787175 0.019122132924226667 0.9993377905634068 0.08555514700456048
0.8486636222106126 -0.5287859330924511 -0.012469695261566773 165.78122661954882 0.5280784057249787 0.8483965957741504 -0.03682952193273008 39.762369070199014 0.030054180130802233 0.024670898694111473 0.9992437605581013 0.04851320236896267
0.8429177411071088 -0.537988497950828 -0.0076195668846146284 167.65208152826062 0.5372437765990934 0.8423534384382323 -0.042541853001801244 40.913728918291675 0.02930539596114954 0.03176571774564929 0.9990656299481383 0.03487595969145543
0.8373442977930333 -0.5465904642392384 -0.009663920334618362 169.49135276841926 0.54569298199418 0.8367677506847466 -0.04515418935475955 42.06868676072571 0.03276730620296003 0.03253606947252276 0.9989332849732697 0.07230106098287273
0.8332734744175568 -0.552577443516173 -0.01770552877583079 171.29733591801525 0.5516422018201615 0.8331353329152996 -0.03970388166304672 43.245260706173 0.036690571038128554 0.02331707454294098 0.9990546111357785 0.18714889651893735
0.8306780780525879 -0.5561609739318218 -0.02566908097446498 173.0920474105015 0.5553316547709093 0.8309686624754332 -0.03313359614030443 44.455567480655475 0.03975781498358048 0.013268498746800654 0.9991212454395832 0.2523192489712207
0.8282076533416669 -0.5596415208999358 -0.02955420496482997 174.8991380924791 0.5588737127392146 0.8286877337116915 -0.030607404412368963 45.68946276064504 0.04162038149009372 0.008832218327497256 0.9990944578787534 0.22328443751713484
0.8243638416387069 -0.565315423051965 -0.029029796042320574 176.71334791785316 0.5644712021540266 0.8248079228018367 -0.032621349176632515 46.925999207066724 0.04238535758334168 0.010505376856391578 0.9990461043013198 0.20376000461907356
0.8193087154921971 -0.5727575782911964 -0.026114846898617157 178.52136804546723 0.5717249532942035 0.8195645281238663 -0.038007394304809886 48.14999530482134 0.04317182529467411 0.016209279783682088 0.9989361604975698 0.24743070304813441
0.8140876973091234 -0.5800709363511025 -0.02790931548233245 180.29825166186473 0.5789380602759602 0.8144061924728356 -0.03966454368580708 49.373692067373916 0.04573776835225526 0.01613265206502447 0.99882320461807 0.3765825508253725
0.8099605492351124 -0.5857189943159229 -0.029952769159249486 182.05300321871522 0.5846257240499022 0.8104027824214095 -0.03821116358816077 50.624202826435805 0.04665481177638111 0.013438375689753628 0.9988206738934362 0.5373193620058558
0.8065845667688665 -0.5902905704735567 -0.031279051460856175 183.8296906592841 0.5891196731200277 0.8070787801274286 -0.03952029112960994 51.90712021878529 0.04857311389274976 0.013449352327231812 0.9987290761406452 0.5601985340474142
0.8028053208613208 -0.5954335460744645 -0.031024329258641934 185.6149012988248 0.5940264537321351 0.8032204677578632 -0.044378513283557845 53.20116925307655 0.05134383179294232 0.017198034307025874 0.9985329431484967 0.5479432418800401
0.7985238972199104 -0.6013009196500878 -0.02822746174726521 187.38868594957907 0.599805662357658 0.7987532506600677 -0.04718487007147634 54.47684665673699 0.050919082596059866 0.020747254949296554 0.9984872550211399 0.6852274724286207
0.7943422980155924 -0.6067866325737171 -0.028814859242500417 189.1474173824778 0.6050936141946097 0.7945356343970629 -0.05074291806900353 55.766683260106674 0.05368455685035724 0.022871558825395686 0.9982959782312474 0.7926744511120829
0.7910431354718053 -0.6109736641287026 -0.031015150557291846 190.8782453927711 0.609172750989517 0.7913423058998256 -0.05182580771205793 57.07465021471358 0.05620780439410358 0.02210286484356567 0.998174406649914 0.9404894303979956
0.7881454833676262 -0.6146364525464024 -0.032384073993161205 192.60393656105018 0.6128040800518124 0.7885296311416136 -0.05188622440995257 58.396081394993786 0.0574269668280503 0.02104880074599424 0.9981277931548105 1.1095299456945096
0.7850476261273807 -0.6186069929031275 -0.032025193881125805 194.32387019325097 0.6170756552534742 0.7855195683731159 -0.04665451099739443 59.71764577856037 0.05401722322803172 0.016864045607823012 0.9983975879179986 1.3732485517613744
0.7820278275627786 -0.6227841503437908 -0.02392444352567375 196.03925004817557 0.621507263950683 0.7821377870272599 -0.04460048161885224 61.05407240645138 0.04648868436495022 0.020009602311460536 0.9987183877557079 1.6366995784909368
0.7786731181148623 -0.6273248980382742 -0.011473771243846943 197.76403162860686 0.6261346305975273 0.7781101814920357 -0.049999698248350745 62.40798658508259 0.04029391383053932 0.03174929542051885 0.9986833245571516 1.7602890015262782
0.7750330020313723 -0.6318752310037256 -0.007585394270391572 199.48995263478682 0.6306804087743186 0.7742077416296907 -0.05333474279407153 63.7693831974578 0.03957357389097926 0.03655222626109542 0.9985478791749848 1.8445988184348538
0.7718045202082893 -0.6358527935479111 -0.0030012536337992108 201.20242847985182 0.6346189859302491 0.7705844850157358 -0.05880726273080188 65.14300128028134 0.03970548177408927 0.04348305865910842 0.9982648437798172 1.9257697066656898
0.7691062967700465 -0.6391168974922177 0.0022573454746812774 202.91149100531942 0.6378947993113744 0.7674073905625157 -0.06462292102285415 66.53013510271698 0.039569297190688066 0.05114184441289899 0.9979072013318117 1.9895442739356148
0.7667099646047333 -0.6419929148794459 0.000963026690106783 204.62342500724205 0.6405995327076615 0.7649453721778758 -0.06701355294543729 67.9238647717768 0.04228556338198856 0.05199687325450128 0.9977516005004604 2.050826710048277
0.7653537131691854 -0.6436098498323762 0.00023438620014398065 206.32253098537146 0.642135170973971 0.7635753471673579 -0.06793461118216458 69.328081698041 0.0435444133772278 0.05214451454367813 0.9976897482016364 2.1398292319796686
0.765070562146236 -0.6439157000770811 0.006293340248983809 208.0164076258776 0.6427984393634216 0.7630868248352722 -0.06714658676929229 70.73916127279129 0.038434376399130415 0.05541722617621348 0.9977232731342651 2.22471873326889
0.7655426317950277 -0.6432137623509947 0.014850415032091967 209.72183296560146 0.6427388000939234 0.7635354094971114 -0.06245408952099167 72.14479211673148 0.028832512172272607 0.05735620599688601 0.9979373486724934 2.3514862751494
0.7670863052409677 -0.6413057877472794 0.017478183933316734 211.4350282588494 0.6410910312859682 0.7652367565440497 -0.05843796744095763 73.55908810046276 0.024101657960661684 0.05603207149289224 0.998138025048525 2.4080370280891312
0.7690322090708415 -0.638965339915061 0.017684903133930965 213.1600090877183 0.6388531636056072 0.7673842779582649 -0.05466264989527539 74.96574608242953 0.021356422048799215 0.05333539471780036 0.9983482553235506 2.5021401057264536
0.7705246918333336 -0.6373786475548634 0.006337106302060309 214.90321251200942 0.6366849253937987 0.769135853809946 -0.055338451011318034 76.38129432376236 0.03039745139705552 0.04667438296516989 0.9984475434009499 2.4948157426233006
0.7704446387860906 -0.6374139569296476 0.01088604965375489 216.6369043224496 0.6363208424407718 0.767857976554594 -0.07409394926001034 77.79365106339498 0.03886957732256285 0.06401230626039325 0.9971918474426061 2.5655613473444787
0.770079207476535 -0.6378130115449956 0.013136838136300349 218.36647389990603 0.6367651359812492 0.7672344561327784 -0.0766906182098878 79.19458197901126 0.03883523929488748 0.06742293101418116 0.9969683909544839 2.6923947720829418
0.7701656554446005 -0.6375431048576711 0.01958705240799702 220.1013732767662 0.6369496066487611 0.7670975454131698 -0.07652812823447282 80.6047683088636 0.033764800659498356 0.07141530136833382 0.9968750137138065 2.791328846633699
0.7705390759107291 -0.6369141400554484 0.024696370018138486 221.8443028259269 0.6367515531624603 0.7674483925647233 -0.07463527513857543 82.0162717851886 0.028583072610083728 0.07323484790214566 0.9969050431274404 2.9101170285175235
0.7709525080737673 -0.6364771659631765 0.023001032634544394 223.59441732797745 0.6361625123910482 0.7678375850518594 -0.0756485347513897 83.44007890295211 0.030487507656023982 0.07295382230706994 0.9968692249677087 2.9456603943091055
0.7710324832470529 -0.636455814828528 0.020806382406410216 225.3495871671109 0.635918420108053 0.7678444432827344 -0.07760588822440953 84.85786842975536 0.03341665370978069 0.07306782254030836 0.9967669840860832 3.0124891672002567
0.7711934309938965 -0.6363117217471762 0.019185535150498232 227.10135508564858 0.635538369105058 0.7678160443767762 -0.08092900217399086 86.28764192962139 0.03676511100410614 0.07460505857342818 0.9965352035167242 3.0633392522881095
0.7710704764705736 -0.6364291407271586 0.02020567120236797 228.85789530631357 0.6356888880039496 0.7675670583677258 -0.08210023493884154 87.71658042570833 0.03674177436847792 0.07614958793064557 0.9964192301808794 3.1275709925712776
0.7709986164267226 -0.6364631087967402 0.02181386276827546 230.61918415064508 0.6357988140190146 0.7673353199337898 -0.08340488519335904 89.15519123297554 0.03634558515271428 0.07817427916455282 0.996276959744135 3.179307721779669
0.7712977083551916 -0.6359971855138465 0.024645995709248164 232.38830055709903 0.6355215202439407 0.7674469385177443 -0.0844842817722103 90.59572752884512 0.03481727147350077 0.08082559358400739 0.9961199631715756 3.242289327025211
0.7720925125772503 -0.6349815779797467 0.02591423640595484 234.16798204773022 0.6345656465316052 0.7680814603564926 -0.08589127137583462 92.04033268444766 0.034635130490205154 0.08276029170434043 0.99596744015703 3.3162617581309934
0.7729010847798893 -0.6339384210495748 0.027312844290681593 235.951326536076 0.6335634557867669 0.7686420496915645 -0.08824254607315951 93.49005456521391 0.034946539708517264 0.0855071795998547 0.9957244908102278 3.3698620450162338
0.7732836231147888 -0.633502370413099 0.02659294837837274 237.7497757384779 0.6330782204275555 0.7690731866960061 -0.08796817791408129 94.93415947234443 0.035276125676494414 0.08485976777150946 0.9957682535464915 3.441225482711472
0.7734350700094035 -0.6332250507101908 0.02870936489423834 239.54712756173527 0.6329277638415834 0.7690102832312151 -0.0895858808246767 96.38745120393489 0.03465022709941668 0.08745981613131051 0.9955652376033648 3.493767920551546
0.7733157533402427 -0.6331983652864132 0.03228894291288941 241.35458978366154 0.6331188496354065 0.7684972933897831 -0.09258743051252122 97.84116738997236 0.03381224441162528 0.0920420569695799 0.9951808839988162 3.5673740721713565
0.7731714743875711 -0.6332544233148188 0.03456452727242628 243.16099355058677 0.6332930679924674 0.7680129967300764 -0.09537256883592639 99.304574965472 0.03384909490719339 0.09562882518306784 0.9948413775914574 3.614100699359477
0.7731279367927714 -0.633399958114677 0.03282813444103157 244.9769574960222 0.633275216055747 0.7680362114728845 -0.09530413734939881 100.76771882759321 0.03515244059945276 0.09447153500760733 0.9949067468829463 3.6576886703956433
0.7731909724362189 -0.6332603732358154 0.03401499422858633 246.78659980716068 0.6332256252959514 0.7679931714819555 -0.09597810180258314 102.23747801832633 0.03465584527441697 0.09574856785515677 0.9948020828999109 3.721420325183718
0.7732418106935507 -0.6330464130610504 0.03673337863439946 248.6043605081661 0.6331975756798204 0.7677223691426095 -0.09830154663709577 103.7101237026302 0.034028405025153856 0.09927035221347548 0.9944784888688423 3.790215424874475
0.7732165937864697 -0.6329995496729026 0.038048248411105864 250.4287914022857 0.6332299978309603 0.7674967961924558 -0.09984206368713497 105.18294529418193 0.033998072596111754 0.10129283265961501 0.9942755619603352 3.84992683278287
0.7733200304497408 -0.632925551640761 0.03716687484105965 252.25470488163776 0.6330359489365704 0.7675389756891917 -0.10074427106267572 106.66271502349589 0.035236598291915576 0.10143553064984268 0.9942178912404456 3.89731361763809
0.7734656081777802 -0.6327454730988286 0.037203753024619236 254.08008682385827 0.6328422092345218 0.767629371893456 -0.10127134647873232 108.14511854625724 0.035520292472673624 0.10187400885107134 0.9941629620657106 3.9602684614007724
0.7734253772471777 -0.6327980781689571 0.0371453643909466 255.9136858340931 0.6328380699519309 0.767447931159311 -0.10266279841693517 109.6289256883734 0.03645768848369341 0.10290901430369725 0.9940224201321959 4.018033537043933
0.7732912193686001 -0.6328098477134285 0.03965333131442883 257.7452138360386 0.6330345023368986 0.7670002719925116 -0.10477548193387724 111.11748663026066 0.03588884086310234 0.10612388703921068 0.9937050426063019 4.080752780219477
0.772996055301251 -0.6329443494973976 0.04311089106040544 259.58279155378557 0.6334263113747023 0.7662280901231473 -0.1080075088336934 112.60845893341943 0.03532996669885545 0.11079695097582967 0.9932148957338075 4.137759580671939
0.7726331978972356 -0.6331145502547261 0.04694579600824367 261.42458672462624 0.6339441718947374 0.7654604563055334 -0.11038603513673162 114.10087935957573 0.03395185455589801 0.11504892910527528 0.9927794394949693 4.186912084889085
0.7723156124600966 -0.6332479061898006 0.05025618426243359 263.2738352807279 0.6343975962346522 0.7648044868311114 -0.11231111616702515 115.59031878975462 0.032684623939688295 0.11862203096062715 0.9924013951666424 4.268640097652716
0.772073336143395 -0.6334086325341595 0.05192559915508622 265.12495479899957 0.6346564771257774 0.7641394645793411 -0.11533444721627005 117.08599645266854 0.033375434959012185 0.12200156926693263 0.9919685970017922 4.331513729641192
0.7720001204946276 -0.6334436665720788 0.05258265147367385 266.9724812132247 0.6346755189499943 0.7636940801076179 -0.11814540894220968 118.58999957218938 0.034681401382204595 0.124581191551094 0.9916031096713431 4.378649137232464
0.7719602093092266 -0.6333951981524676 0.05373972646610498 268.8268220811619 0.6347025393079277 0.7633604341916789 -0.1201396441926934 120.09101559920212 0.035073092810890515 0.12685176572707835 0.9913014212098167 4.454873891491578
0.771969827685134 -0.6333411281474126 0.05423652404743416 270.6788868818625 0.6346416837407253 0.7630978125416145 -0.12211331521553069 121.59949854801893 0.03595161195996763 0.1286885538467021 0.9910331668043838 4.51835834116874
0.7718079681151674 -0.6331478375389691 0.058619759242637175 272.5293198443957 0.6348697732078119 0.7621976856700926 -0.1264715739848422 123.11589146824183 0.03539535874937702 0.13482768179743818 0.9902366711045056 4.575404546549589
0.7716235611767501 -0.6331686389994933 0.06078284646543031 274.38906675025504 0.6350798439911308 0.7615301949118011 -0.12940384072268687 124.62831944958121 0.03564648079557814 0.13845301305899146 0.98972728141735 4.6397749959415595
0.7714178879051097 -0.6331503241526039 0.06352250975420533 276.2504658684114 0.6353442333226998 0.7608255592807311 -0.13222017065766076 126.14129963350211 0.03538569490075205 0.14235566504570568 0.9891828532813267 4.71802705352282
0.7712666581896022 -0.6329442830039093 0.06729990028010166 278.116349904024 0.6355486375809625 0.7599669356585963 -0.13611827935532056 127.65481385394716 0.03500958774428173 0.14775585036925065 0.9884040355277978 4.789726629456452
0.7711890889700004 -0.6327472260261523 0.06998812049077635 279.985699375591 0.6356572882931264 0.7593715812146891 -0.13890505204390508 129.17036247559125 0.03474479663847475 0.1516105194229698 0.9878294637774522 4.868579896283976
0.77127385853342 -0.632563148622152 0.07071420047063252 281.85060124190034 0.6355518651160715 0.7592806529058648 -0.1398810811736684 130.69273829876485 0.03479169283682895 0.15282916321194467 0.9876400077869896 4.928345159558385
0.7712990611863657 -0.632406927125727 0.07182782703400938 283.72084604150115 0.6354707977025205 0.758834852286515 -0.14264127110557134 132.21860364449034 0.03570186942376876 0.1556635650326984 0.9871647436172745 4.980240700690629
0.7712526831129126 -0.6323763508031012 0.07259097558297209 285.5898020821931 0.6355259257495934 0.7586132975345229 -0.14357110609000603 133.7428037008446 0.03572249279171692 0.15686304774784104 0.9869741069349308 5.046388120981092
0.7713003194251479 -0.6321761453750309 0.07381828007637446 287.4584519637316 0.6354688457707522 0.7583813564892591 -0.14504159466955333 135.27240365493984 0.03570942885922143 0.15877984553547583 0.9866680279315221 5.113304128632063
0.7710449872034385 -0.6322723996988652 0.0756388807921513 289.33462425561453 0.6358024404850269 0.7578284658211557 -0.14646253126457018 136.80021467118792 0.035282919121475055 0.1610205855478803 0.9863201745113426 5.168593829016444
0.7707966786251367 -0.6324553684964762 0.07663345927495235 291.21140807132593 0.636102500722101 0.757359328531993 -0.14758203163205932 138.32835868491415 0.03529998293975144 0.16250247489052447 0.9860764964539552 5.242892271735089
0.7706449140196359 -0.6324483784693087 0.07820143903542752 293.0860512850284 0.6362949964787425 0.7568890597106858 -0.1491563902297811 139.85957516815964 0.03514390347961372 0.16470579789978973 0.9857164430942645 5.314842597191336
0.770523010196796 -0.6322427623922803 0.08101469101248548 294.96325266194526 0.6364150586105354 0.7559720271872358 -0.15323892222329738 141.3934514663102 0.03563935929581759 0.169633084959834 0.9848626566968578 5.38109614152991
0.7704341814040179 -0.6323269910849455 0.08120189942225171 296.84543117039794 0.6365130886931012 0.7557983588454464 -0.15368776362770492 142.9255320890887 0.03580865882281058 0.17009237817132977 0.984777296063091 5.435651880308819
0.770349340991623 -0.632265072547274 0.08247891167179396 298.72859006801036 0.6366041397454626 0.7553514778887186 -0.1554969906790977 144.45691493141203 0.0360147482666603 0.17229342090778857 0.9843870758086886 5.512320693597098
0.7703207116328138 -0.6321185216616255 0.0838580693901162 300.60324611156267 0.6366528810847787 0.7550522417098693 -0.15674572177682913 145.99874194565592 0.03576465064788512 0.17413295742395157 0.9840724581568284 5.575264232357794
0.7701508770390286 -0.6322491010115221 0.08443163427376317 302.4876072875711 0.6368511344053452 0.7547164519737206 -0.15755541795448055 147.53277566748963 0.03589232790777806 0.17511182538683792 0.983894094609298 5.651771247354486
0.7703238700288 -0.6320888100720532 0.08405278963573867 304.3720033426516 0.6366399541770487 0.7549625282782843 -0.1572296080294484 149.0650068368585 0.035926369275189766 0.17462908428250648 0.983978647590158 5.743997872788666
0.7708199939937984 -0.6314984320373295 0.08394204663811868 306.24986345312936 0.6360462232210357 0.7554864582445358 -0.15711592323940668 150.60643186266125 0.03580137966135322 0.17449911674134963 0.9840062598738043 5.805238874934622
0.7713462809239177 -0.6307920580406157 0.08441738220133542 308.1324289027431 0.6354289676353162 0.7559615251182168 -0.15732831795593316 152.15232341843773 0.03542516047608291 0.17499586296199585 0.9839316571548199 5.841998845874046
0.771641372908717 -0.6301405077008173 0.08655941410446079 310.0201988465928 0.6350416986867384 0.7555520164326198 -0.16082036995869367 153.69299096503187 0.03593928970655344 0.17906448843684047 0.983180693685673 5.8979504424803775
0.7716681018240735 -0.6298093390249219 0.08870477497983714 311.9146535722056 0.6350099605582122 0.7550284732041392 -0.16338407095819255 155.22258043464365 0.03592618291843747 0.1824066915658703 0.9825665922739816 5.979797714283939
0.7720321547044352 -0.6290098466146864 0.09117546251156312 313.79585375237315 0.6345829830540168 0.7547987678236222 -0.1660820812435679 156.7717528252273 0.0356481376889883 0.18607910402218683 0.9818878639262262 6.006417792152662
0.7722115866177907 -0.6284047425358691 0.09379096465899041 315.6943005274178 0.6344166715566344 0.7545469289004295 -0.1678523724524602 158.30145098982484 0.03470954255297361 0.18912009847011788 0.9813403262937971 6.1000244494390605
0.7724966722252061 -0.6279047926208163 0.09478640622364398 317.5898338726511 0.6340538273048352 0.7544559974400924 -0.16962279329958332 159.83678414200352 0.034994792199317816 0.191132727000045 0.980940184307103 6.164196919495361
0.7728490983886352 -0.6273083267372228 0.09585684287530491 319.48362858990083 0.6336161547920993 0.7544443780924238 -0.17130163090641598 161.37432661246766 0.035140283242299 0.19312675519168807 0.9805443472494147 6.235484847668457
0.7732487976240652 -0.6267432708676423 0.0963284454097954 321.3760322008567 0.6331480359467572 0.754790636880953 -0.17150702333606244 162.91647137100264 0.03478306412180568 0.19360776559570977 0.9804622234187993 6.281482197577687
0.7733997972590757 -0.6262409068757203 0.09836198531494357 323.2791734832191 0.632995113703926 0.7545475691475332 -0.17313333567077638 164.44779252662454 0.03420438022496988 0.1961639427851432 0.9799743710548829 6.359936114040917
0.7735625894932158 -0.6259645447682687 0.09883981399014134 325.1771521305158 0.6327946035205393 0.7545549087451967 -0.173832906677069 165.98624050065766 0.03423316946813353 0.19701593433418196 0.9798024350483091 6.4134129940932025
0.7736743105327627 -0.6258050749793289 0.09897509460350055 327.0835980888201 0.6326675353167679 0.7546743228163908 -0.1737770302364941 167.51656358385438 0.03405658494124972 0.19706515321519186 0.979798690757654 6.4852565590873
0.7739519871808155 -0.6250409332422359 0.10159799855579127 328.98630916496745 0.632355724045673 0.7543575348519729 -0.1762695319070038 169.05401762671366 0.033534456988885145 0.20067023043719703 0.9790847250420891 6.553862093233938
0.7743429338667919 -0.6243167339207581 0.10306132406042358 330.8875697971011 0.6318592005866699 0.7541905613685391 -0.17874716159024545 170.5924581343365 0.03386696627311269 0.20353184735837573 0.9784824043928142 6.615858796948828
0.7745945464965694 -0.623830956681062 0.10410680104664431 332.79621280172205 0.6315353004043214 0.7540247991704151 -0.18058174486704173 172.12420846462857 0.03415337290807224 0.20562475464397134 0.9780347679896706 6.69450791725998
