1.0 0.0 0.0 0.0 0.0 1.0 0.0 0.0 0.0 0.0 1.0 0.0
0.9999954270933298 0.0030155365123952457 -0.00022876180131102897 0.5614343164530158 -0.003015524673607396 0.9999954519390296 5.207887291609305e-05 -0.008237209247798909 0.00022891780663121053 -5.138879790803622e-05 0.999999972477914 -0.019771186808813287
0.9999821010346182 0.0059721085028257475 -0.00036267121641240233 1.13180089912291 -0.005972053401167447 0.9999821554519565 0.00015282618451515037 -0.018341430243138827 0.0003635774392644533 -0.0001506575572130838 0.9999999225568698 -0.01927768539405636
0.9999615826375431 0.008752538290090634 -0.00047573363480325504 1.7135150968127602 -0.008752429614725643 0.9999616702938311 0.00023004134444574783 -0.02886115570583277 0.0004777288457483831 -0.00022586868171006578 0.9999998603792342 -0.027027326010985505
0.9999369273307083 0.011216239506750318 -0.0005808026687562366 2.3057041879937277 -0.011216035385384923 0.9999370358048019 0.0003535196605158874 -0.04486975264158542 0.0005847312601663197 -0.0003469830598025563 0.9999997688460278 -0.039364418694977366
0.9999118985214969 0.013247875962521626 -0.0008300467509898689 2.91146090506851 -0.013247427702387408 0.9999121014156626 0.0005432327251480627 -0.06290695331956686 0.0008371704708170658 -0.0005321888812184664 0.9999995079601777 -0.06422377952710329
0.9998893784642 0.014838810234506086 -0.0010200712190813533 3.5310106771636534 -0.014837838197693886 0.999889458145003 0.0009539644233431445 -0.08287839472598077 0.0010341141555650244 -0.000938723242634682 0.9999990247028178 -0.0853192643702083
0.9998613849575283 0.01659809102483254 -0.0013092918456368884 4.163169243749527 -0.01659621559735681 0.9998612500381867 0.001430489402327463 -0.10195764370686575 0.0013328535747531923 -0.0014085618252281525 0.9999981197256982 -0.09782188149638643
0.9998249280803501 0.01865220400502393 -0.0014860938295213684 4.80587264291515 -0.01864926204168015 0.9998241475485741 0.0019695187427088232 -0.12244176530851651 0.0015225683616591197 -0.0019414593820364816 0.9999969562558934 -0.08723714493345346
0.9997822186187043 0.020814571980499828 -0.001506295828120902 5.461296505449374 -0.020811273096064148 0.9997810592915135 0.002173567130464526 -0.14152671401427183 0.001551207908136603 -0.0021417458341700286 0.9999965033332897 -0.08432355544046954
0.9997373124022789 0.02286580681446351 -0.0015687795841713547 6.126051300722965 -0.02286250036521002 0.9997364255152186 0.002094176476540082 -0.16409599278407583 0.001616251128648678 -0.0020577601385362043 0.9999965766718905 -0.0763889259426688
0.9996878532018637 0.02493542396155034 -0.001555889616407312 6.798881753934669 -0.024932232746104954 0.9996870665900991 0.0020378083293145165 -0.19078352702307677 0.001606216341208053 -0.001998380431925791 0.9999967132669556 -0.06914110335831324
0.9996324649407502 0.027073552567064965 -0.001399209730362954 7.481892925745326 -0.027070878824260677 0.9996317189930116 0.0018957591539763804 -0.21740195863645578 0.0014500193631041376 -0.0018571845589630198 0.9999972241508274 -0.08242358686175602
0.9995785659364291 0.028992429477276267 -0.0014592989645907926 8.171572744201878 -0.028989409082946692 0.9995776165783723 0.0020500235445253105 -0.24861157239371387 0.0015181177439423524 -0.0020068553801136837 0.9999968339199871 -0.11404641478542649
0.9995166324066612 0.03104520990517413 -0.0016420975555579333 8.869435676562754 -0.031041361588537868 0.9995154099615327 0.0023192930323254392 -0.2798461721309505 0.0017133047504604656 -0.00226719901724843 0.9999959621895718 -0.13995085164863896
0.999463290440668 0.03270428416120513 -0.001887023849188721 9.56906364701035 -0.0326991282769334 0.9994615899290002 0.0027013453193352618 -0.31809672179152854 0.001974353421485179 -0.002638191446573062 0.9999945709224914 -0.17340866768434177
0.9994226696827345 0.03390330994350344 -0.002211989851179917 10.273309025744268 -0.03389575628932939 0.9994197008121125 0.0033673927914223234 -0.36021613531131075 0.00232487199677477 -0.003290471624563625 0.9999918838504069 -0.20176500592876281
0.9993776848764548 0.03519622741209543 -0.0023384924470636276 10.983197553923024 -0.03518773674729117 0.9993743153294445 0.0035778544432593295 -0.3980892218630871 0.002462956266819619 -0.003493341633716636 0.9999908651636061 -0.21163541485889942
0.9993250984787363 0.036645929721749175 -0.0025344398365114346 11.698621643881621 -0.036636570249128905 0.9993220054549802 0.003645700731844146 -0.43523596988871976 0.0026663215929332885 -0.0035503870597616027 0.9999901426918608 -0.2202117189466186
0.9992639945488425 0.038276189977520934 -0.002530312053364446 12.418203850680285 -0.038266521200319904 0.9992604751312915 0.003765128898173559 -0.4722072602212992 0.002672555613671735 -0.0036655315029466905 0.9999897106097101 -0.21072789291361857
0.9991903061345675 0.04014794404919211 -0.002621967834212452 13.141547018280676 -0.040137388888615955 0.9991863178784669 0.003961335340992792 -0.5124779154513401 0.0027788738554927845 -0.0038528889294530363 0.9999887164898369 -0.21643376634086128
0.9991197591793683 0.04186011536232895 -0.0027271888832778807 13.866873116958159 -0.04184887986546405 0.9991157260736139 0.0040542775447530875 -0.5536312435353569 0.0028944898269903326 -0.003936579004213295 0.9999880625659406 -0.22049261851496474
0.9990418977732933 0.043673930762351695 -0.0028061121313174638 14.594971093421062 -0.04366226715307154 0.9990379706920409 0.004091398610657321 -0.5952641986733502 0.0029821000288487473 -0.003964957414999042 0.999987693020326 -0.21042865468894034
0.9989485095004759 0.04576691103302335 -0.0026954074395354926 15.326543459216898 -0.04575597379422454 0.9989446844526163 0.003988516768689962 -0.6380668896356201 0.002875105026264373 -0.003860991889032341 0.9999884131892326 -0.18770992115174967
0.9988644108951524 0.04755828741292442 -0.002845688918693334 16.06002263434991 -0.0475466320713918 0.9988608809971934 0.004032144861907966 -0.6842248222910337 0.003034209244603139 -0.0038922630781268596 0.9999878218570413 -0.20569630148631932
0.9987611803427724 0.04967137080622488 -0.0029765017277077156 16.796182998376306 -0.04965858181210633 0.9987573079537294 0.00422670810907264 -0.7312426921211042 0.003182749238460406 -0.0040736631254225004 0.9999866375987355 -0.23833169467267878
0.9986560702935572 0.051731916313494025 -0.003140398120615424 17.534777058312102 -0.05171630317807211 0.9986499689414801 0.004864516294951441 -0.777406445642874 0.0033878092354925294 -0.004695568945689575 0.9999832370499318 -0.2610459126515369
0.9985632361161991 0.053482615494065404 -0.0033276593952076233 18.27388381528597 -0.053465596807186475 0.9985571298865262 0.005008823299230735 -0.8287702756593082 0.0035907429855089297 -0.004823711507278229 0.9999819190225926 -0.27529753079176555
0.9984363564633347 0.05579726405083123 -0.003392258341683812 19.01662031527736 -0.055780273695261416 0.9984309839536167 0.00491236683308152 -0.8770691850881499 0.0036610324632122293 -0.00471546454368907 0.9999821804589522 -0.2673488008688739
0.9983073593783236 0.05804334880851432 -0.003658670546147057 19.76074296313843 -0.05802461601495727 0.9983024618527339 0.005033745632848322 -0.9287017020453021 0.003944635266907445 -0.004812932356945547 0.9999806375799173 -0.2645548558396361
0.9981828796410409 0.06012686516158788 -0.003962180883493481 20.50809198083961 -0.060102134684614325 0.9981736531915996 0.006090277538687023 -0.9840105061891476 0.004321133863447888 -0.005841075242275218 0.9999736044727119 -0.2678612300781332
0.998057422092 0.06215905251496858 -0.004199332983512048 21.259354859567935 -0.062128837064367094 0.9980437386635158 0.006978776367613402 -1.0425366410858161 0.004624912117482084 -0.006704319876105139 0.9999668305913473 -0.286226643267739
0.9979328332432604 0.06411629868135962 -0.004377279803164698 22.01651933889671 -0.06408598233134806 0.99792157506134 0.006746621060131716 -1.102341377404051 0.004800750326639662 -0.006452152393230895 0.9999676607399838 -0.3087514703721599
0.9978119311948291 0.06596073729063189 -0.004531125833123678 22.777037358157127 -0.0659274736194686 0.997798904365878 0.007135451521491971 -1.1676116615413297 0.004991812035093908 -0.006821112983777208 0.9999642764770492 -0.32731345494623454
0.9976551179613015 0.06827497447779654 -0.004774250273249879 23.54121587547592 -0.06823777895834544 0.9976404236122033 0.007562453153824802 -1.2320665225106198 0.00527931136110261 -0.00721893585841803 0.999960007118597 -0.3474220716808422
0.9974895213641966 0.07063678055219087 -0.005009990203752474 24.305909459823926 -0.0705962068768965 0.9974740112705741 0.00785954288702694 -1.2991055959075504 0.0055525078311147195 -0.007486125367646517 0.9999565628484898 -0.36138455221452936
0.9973035763077452 0.07319319964525364 -0.005322800904145568 25.07167720071836 -0.07314788363228461 0.9972868897425999 0.0082611541359349 -1.3658092033915024 0.005913019862386128 -0.007849526943063113 0.9999517093954478 -0.3811341010529896
0.9970913919821733 0.07601103842104869 -0.005574771134292274 25.83520655632602 -0.07596142950947647 0.9970734270665313 0.008627993085745207 -1.4360912250648308 0.006214278873917494 -0.008179430051329222 0.9999472384391656 -0.3968222483409469
0.9968176970951036 0.07950673979112814 -0.005758218977535554 26.598584389052633 -0.07945288610610146 0.9967975853892129 0.00904503464085159 -1.5071516009905468 0.0064589199885417056 -0.00855874348424297 0.9999425134789269 -0.412468210518914
0.9964633588956104 0.08382076043367423 -0.005903769879556563 27.358497596650228 -0.08376286051200509 0.9964408748164248 0.009453369448647655 -1.5809453709695611 0.0066751462393463065 -0.008925419620764293 0.9999378877246714 -0.41457179265297883
0.9960895405933242 0.08813345599618645 -0.006174225031625312 28.115443961861324 -0.08807148142121303 0.9960671360623036 0.009678564817258496 -1.6597345804705972 0.007002948011083294 -0.009096944037262527 0.9999340999927636 -0.4247925891026441
0.9956748450118553 0.09268185086499836 -0.006455813724752882 28.870539042284364 -0.09261466155594705 0.9956515290456627 0.010027819998354387 -1.7414200987033324 0.007357137723872705 -0.009386545119482035 0.999928880118598 -0.45477794376770936
0.9952217778836593 0.09741207096994645 -0.006670926129589861 29.622404595406618 -0.0973433115765485 0.9952010674891552 0.009955649640572868 -1.8255490145856899 0.007608713254648525 -0.009258709294540922 0.9999281893140172 -0.4837594277867529
0.9947492978477467 0.10211330364959817 -0.0068342994646218005 30.372538043622026 -0.10204243296735006 0.9947295748601842 0.010020717169452669 -1.9140712854685755 0.007821528336021481 -0.00927071282324642 0.9999264360832945 -0.509222552128307
0.994243158834257 0.10690964091120578 -0.00713230618436677 31.11830194910246 -0.1068309153629195 0.9942203509886623 0.010632459861685657 -2.0065374649607364 0.00822779642379535 -0.009809299680736261 0.9999180371439368 -0.5414298508702948
0.993704789826257 0.11178957672967088 -0.007340382207209894 31.859362675586173 -0.11170613380451516 0.9936811129962888 0.010935508443280057 -2.100477827189371 0.008516475021676495 -0.010046701402257977 0.9999132629604129 -0.5491427110861538
0.9931552366782529 0.11655045406104665 -0.007659472352597111 32.597266260485895 -0.11645756308915262 0.9931276374290632 0.011624619301826086 -2.196378914933521 0.008961688339402626 -0.010653048049267455 0.9999030956594586 -0.5590246663209569
0.9925943161451969 0.12122078610071672 -0.007876837777068522 33.33009848186458 -0.1211248714599664 0.9925684565570183 0.011688650984360902 -2.2947682808943113 0.009235208175716056 -0.010648007567223138 0.9999006604982319 -0.5557651723187784
0.9920202802437251 0.12582132696039106 -0.008047190011481315 34.05983792817762 -0.12572274631034333 0.991995628020203 0.011767117276432308 -2.399267394542787 0.009463331619456563 -0.010661504149902539 0.9998983836790232 -0.5614013509917054
0.9914923871912971 0.12990354940557777 -0.008240994692936423 34.78846598728553 -0.12979935842945273 0.9914661754769779 0.01212227026449003 -2.507955885219683 0.009745393424542692 -0.010949462858753593 0.9998925625136467 -0.5838998162132742
0.9910460349149446 0.1332475139074031 -0.008535614615013861 35.51617016332032 -0.13313933547137022 0.9910223540598281 0.012190615405617368 -2.6195344995656957 0.010083354084918308 -0.010945035003227443 0.9998892599579102 -0.6173731660372821
0.990711905419493 0.13570263272567737 -0.008643837769768011 36.2406097884096 -0.13559245655880672 0.990688781008455 0.012264783256901909 -2.730555495974952 0.010227716481137704 -0.010978827592703723 0.999887423243373 -0.6173507902921236
0.9904032586807927 0.13792949777910188 -0.008765776455296396 36.9629450812217 -0.13781359555118325 0.9903769899666239 0.012681901510172892 -2.842248114745296 0.010430631606698921 -0.011352153410841776 0.9998811582069256 -0.6130129070862204
0.9900515315664385 0.14010403677505343 -0.012993218318708442 37.68552674782656 -0.13990118683888567 0.9900457869720407 0.015394727019118565 -2.96196605212172 0.015020744456073733 -0.013423806399681482 0.9997970687383164 -0.6697815709445649
0.9896980518801543 0.14256597012091793 -0.01314192786857086 38.406730559198564 -0.1423491997667484 0.9896843198915324 0.016175669587706616 -3.0744872231081644 0.015312459971796949 -0.014138285763326881 0.9997827951336667 -0.6452540877145077
0.9893316007303218 0.14506613897790563 -0.013371578755546397 39.12625471284181 -0.144838616444356 0.989315110396325 0.016654955058544436 -3.1902311034045034 0.015644774937910107 -0.014540552381531235 0.9997718806575743 -0.6235645854688522
0.9890282415228728 0.14713063641334823 -0.013255689298204514 39.846736006534435 -0.14689530198106346 0.9890014285587797 0.017261070783558773 -3.3082049289206075 0.01564952798201644 -0.015124488001438048 0.9997631430177025 -0.605531274202213
0.9887642890710117 0.14888554939793314 -0.013351922646778393 40.57159159432157 -0.1486465253299312 0.9887373044934613 0.01739980489408213 -3.428422432796236 0.015792123518653122 -0.015219588808153781 0.9997594575453053 -0.6179383811862299
0.9885014389721438 0.15060300199814836 -0.01355141834420496 41.29567561584784 -0.15035709633591418 0.9884744174914477 0.017637163785194525 -3.5514406678296138 0.016051440166754225 -0.015396809867584255 0.99975261415736 -0.6374073285728462
0.9882142535439729 0.152468200006702 -0.013639541020041576 42.021260810019875 -0.1522167187767476 0.9881851280388622 0.017894782694095453 -3.6742516764463193 0.01620677689616089 -0.015607713142685555 0.999746837790995 -0.6400415252499668
0.9879456663708251 0.15418479182236672 -0.013798922776514002 42.74715294917556 -0.153930801023655 0.9879195989743674 0.01789341942032291 -3.7966350219150384 0.016391119403964736 -0.015553646936611217 0.9997446750404108 -0.6424964157027121
0.9876357055409735 0.1561331323614607 -0.014076864692639126 43.47011943258063 -0.15587458540699647 0.9876145597108815 0.01790516884279599 -3.9217623719632826 0.016698106622416987 -0.015489558615089547 0.9997405897577315 -0.6496553776727158
0.987248179841231 0.15855242837328434 -0.014218257878652668 44.195271219224345 -0.15828064350606033 0.9872198072326742 0.01855505588242276 -4.047240554341155 0.016978494970908024 -0.016067970140205924 0.9997267381860393 -0.6706682815394348
0.9868492499407716 0.16099837871947087 -0.01442497629224329 44.918732052402234 -0.16071848020942933 0.9868206625337141 0.018829501206998344 -4.1765348762323935 0.01726638382816766 -0.016263518876138763 0.9997186453914247 -0.694433072993089
0.9863541582002766 0.1639893690843235 -0.014593198016303066 45.639094118870524 -0.1637045130527818 0.986327352733158 0.018952193977595313 -4.307651705155179 0.01750162870048051 -0.016304602961677652 0.9997138855268008 -0.7057585184847064
0.9856412549506358 0.16821202916086428 -0.01469795172512256 46.35819823679096 -0.167914739394324 0.9856076235186926 0.01955128527701781 -4.439030890804917 0.017775174639540575 -0.016802550622783404 0.9997008139734125 -0.7058047230560216
0.9846360735865667 0.17398378204634982 -0.014881067732891719 47.07482581289209 -0.17367729693411993 0.9846019385975228 0.019880116691535887 -4.570962491512335 0.018110746027722373 -0.016990176422254467 0.9996916198425697 -0.7040473187082072
0.9835143824619506 0.18020227710513723 -0.015053199547072866 47.785835092863735 -0.17990126116302158 0.9834931074704617 0.01941246481156746 -4.708632743090949 0.0183028883631914 -0.016384348758156073 0.9996982331650571 -0.6930488106944868
0.9824130038703107 0.18611007756031542 -0.01509068775764695 48.49483396414408 -0.1858150334733559 0.9824000897036647 0.019048283007634174 -4.853583031322539 0.01837017043474394 -0.01590920427727855 0.9997046734198373 -0.6725375884363742
0.9812577215233926 0.19208057579446028 -0.01543814604094406 49.2068935992382 -0.1917738078814062 0.9812478714076647 0.019375795947626565 -5.001636809732073 0.018870361983253068 -0.01605201733136913 0.9996930739873188 -0.6571214906672399
0.9801246247778899 0.19772132575868795 -0.016186328929687802 49.92158085774294 -0.19739772676854653 0.980127044499551 0.019624324375539893 -5.156998741354673 0.01974480616780273 -0.016039139029647296 0.9996763919632113 -0.6438423221276941
0.9790457776021265 0.20297032794518008 -0.016504888162797507 50.644594768125316 -0.20263754413216284 0.9790530233190964 0.019829352935324045 -5.316156699614148 0.020183930923553868 -0.016069334260426036 0.9996671373156669 -0.6276481709220828
0.9779836878870991 0.2080267694841342 -0.016515732037573533 51.37808651594272 -0.20768675433598813 0.977987233977411 0.020178757409885423 -5.482704641721601 0.020349896808721103 -0.016304396806332323 0.9996599663608906 -0.6220152219775642
0.9769959699035495 0.21260440655055482 -0.016680560767023293 52.11943279421721 -0.21226578476989927 0.9770076490323444 0.019982250832197918 -5.65655310835192 0.02054535003925432 -0.01598186621104501 0.9996611768715327 -0.6391193656509864
0.9760566304910335 0.21686145741127816 -0.016868976374973307 52.86534444333393 -0.2165200745380349 0.9760738218023256 0.01997377566350453 -5.836786405659453 0.020796908340606813 -0.015843064150214456 0.9996581845419991 -0.6658340010448203
0.9752575305429755 0.22042010118169977 -0.016962550346537767 53.614760254874604 -0.22008578283678698 0.9752842271178981 0.01956845748068413 -6.0180287367913845 0.020856589182533657 -0.015351069347221037 0.9996646174380531 -0.6793798741435254
0.9748129311288447 0.22237334540257667 -0.017024821833115517 54.36493497787369 -0.2220497684195026 0.9748499732488842 0.019011312461442963 -6.205381996335651 0.02082425626112439 -0.014752115479718952 0.9996743096829315 -0.6915906269379302
0.9746357174986886 0.2231484566176931 -0.017028930822301575 55.117786251348996 -0.22283182871318852 0.9746779917296609 0.018675881510196446 -6.396629361369075 0.020765218230159407 -0.014407593379446955 0.999680562462264 -0.7140546736059591
0.9744120860465691 0.22412308234156092 -0.01702734647804987 55.871867434253296 -0.2238039919948747 0.974452887717862 0.01879741432987266 -6.583607010709846 0.020805281385370692 -0.014505639594585456 0.9996783116015017 -0.7179064313937541
0.9741489533067089 0.22527308354107384 -0.016907235236161403 56.62532240245273 -0.22495399867266858 0.9741863839706043 0.01888353164709403 -6.769618405466235 0.020724749759942724 -0.014592022415876827 0.9996787272064978 -0.7010484765894953
0.9737927352509962 0.2267851634707749 -0.01721041550655293 57.37580146073556 -0.22645706157542309 0.9738337606332388 0.019105127938846105 -6.95874331294904 0.02109284321754827 -0.014707014668783106 0.9996693431752989 -0.6909835756013861
0.9733930456242111 0.22848432056878623 -0.017346295991771957 58.124817130462645 -0.22815990037239833 0.9734413528186387 0.018841244244647413 -7.14881898867736 0.021190530726531796 -0.014382206953334163 0.9996720029743158 -0.6733291096835747
0.9731105245821587 0.22968693713397217 -0.017315249274617053 58.87344332492998 -0.22936368781877683 0.9731590251448977 0.018809850855701207 -7.3421870532437445 0.02117086813522002 -0.014332574404376004 0.9996731324054602 -0.6519231533056679
0.9728041946887889 0.23098405983047715 -0.01727318442322073 59.620164117232235 -0.23066381915050665 0.9728538153632575 0.018699103402757287 -7.534212598647811 0.021123478188762188 -0.014206267539170576 0.9996759378077551 -0.6408374640503001
0.9724911468875047 0.23229365161402615 -0.017338646003597663 60.36299915044822 -0.2319716639901731 0.9725419924604798 0.018740864618314142 -7.730127152053701 0.02121594520749804 -0.014203250361536681 0.9996740225434091 -0.6474404965818884
0.9722013226354796 0.23349799890441864 -0.017414728635477085 61.10150153605725 -0.23317170776932616 0.9722519905657779 0.0188950135440621 -7.921545447477053 0.021343452432815775 -0.01430913514247891 0.9996697983282895 -0.650889474245984
0.9717950757279656 0.2351689675467053 -0.017603621612754587 61.83574222572106 -0.23483808996510683 0.9718490471366922 0.018986866014569923 -8.112221861985379 0.0215731845681044 -0.014317342020457967 0.9996647495160867 -0.6477640613357944
0.9714546386952466 0.23657297496822932 -0.017581594699016972 62.56250325985103 -0.2362438897956136 0.9715095379449867 0.018922003492426002 -8.30454864286822 0.021557121600940397 -0.014228323745619194 0.9996663670003472 -0.6300748813349045
0.9710198353864278 0.23832189549023763 -0.017976468397502124 63.28533804737733 -0.23798111553614135 0.971079910446403 0.019204066642020713 -8.496241394442817 0.022033336884836118 -0.014369469626847204 0.9996539653341866 -0.625263858983307
0.9704709267947399 0.2405401547284073 -0.018072471037009808 64.00411618024825 -0.24018880247526755 0.9705278081701455 0.019624289387434213 -8.684839442364968 0.022260265309455973 -0.014703997133363128 0.9996440731863793 -0.6039636967258953
0.9699851874447456 0.2424821720945945 -0.018197042453648674 64.71929557097828 -0.24212475374316578 0.9700426978939436 0.01981837247257095 -8.878519374270551 0.022457510159956656 -0.01481757331471291 0.9996379843515746 -0.5922433037821904
0.9695161180306145 0.24433933878202896 -0.018351686636351925 65.43165743531974 -0.2439866557630512 0.9695822612961964 0.019512826277307122 -9.075290712357905 0.022561220897839036 -0.014440432934165599 0.9996411682240152 -0.5977692407278615
0.9691881549606136 0.24563299150674298 -0.018405264667511446 66.14286973054865 -0.24527790133329885 0.9692548813587276 0.019588927480169993 -9.274560868541391 0.022651079479047518 -0.0144709517910321 0.9996386948056266 -0.6192448705613648
0.9688996196744962 0.24673716242125301 -0.018822849808578963 66.85186328624836 -0.24636965597246654 0.9689722422636209 0.01986923095217268 -9.472243496657708 0.023141296649441683 -0.014613911281023831 0.9996253868257118 -0.6483000411362639
0.9686351822122191 0.24776257298333196 -0.018962890322200176 67.55604298760184 -0.24739256008767263 0.9687111077367189 0.019892485032755574 -9.667398635525528 0.023298175764656318 -0.01457728288088619 0.9996222775778112 -0.6506650691942663
0.9683859007583844 0.24872279212411766 -0.019123804285415536 68.25647080411547 -0.24834794658254125 0.9684643642505203 0.020001815044695902 -9.8651247327211 0.02349563024479322 -0.014620118153731095 0.9996170304194362 -0.649029917079891
0.9680592914942913 0.24995948682489788 -0.01953108030283397 68.95410468412595 -0.24957194532602278 0.9681436941070609 0.02028870786742751 -10.06005837548526 0.023980247241169716 -0.014766262457979493 0.9996033739615304 -0.6487274268453961
0.9677810078962221 0.25102364636937763 -0.019673579206270716 69.64641745019215 -0.250623091077221 0.9678624752549971 0.020743558329764454 -10.256502982718297 0.02424844271831971 -0.015144568554505416 0.999591243993781 -0.6454405355874381
0.96754299295447 0.2519226616631922 -0.01988791907742318 70.33815814831745 -0.2515157390388275 0.9676280746449946 0.020874438305854302 -10.45427714867678 0.02450285290431729 -0.015194791849987233 0.9995842778376347 -0.6595429785747661
0.9672950148641111 0.2528574371367122 -0.020086580188858002 71.02423716584335 -0.2524404486992611 0.9673809785343631 0.021162755737982958 -10.65457406929735 0.024782535777162953 -0.015399962810428791 0.999574242898391 -0.6669865963480068
0.967010761834983 0.2539397304532011 -0.020119636991563095 71.70589813362866 -0.2535150419017902 0.9670934683485793 0.02145569870828051 -10.855321385711585 0.024906023866750907 -0.01564726093863128 0.9995673329997674 -0.6711099868161146
0.9667361251165605 0.2549914904600548 -0.020015098989713972 72.38577241471181 -0.2545521761942884 0.9668062121792238 0.02211193538399083 -11.054995795725032 0.024989077401157734 -0.016281519727371286 0.999555130108393 -0.6735822899097375
0.966330284405867 0.2565188211139511 -0.020096662767114297 73.0599701726786 -0.25606626760390516 0.9663952440268666 0.022589796760277128 -11.253150395963933 0.025216027353101005 -0.016683127301960025 0.9995428081017615 -0.6686273132377507
0.965851313418722 0.25829111077061534 -0.020419169037972848 73.72987853802697 -0.2578231626384385 0.9659186536892748 0.02298632772377176 -11.452576114777504 0.025660420386922754 -0.016936840082859124 0.999527231381704 -0.6660124773543085
0.9654045411172744 0.2599431484272945 -0.020582312208297655 74.39590644033281 -0.25946326721283675 0.965470775381659 0.023345124784222505 -11.656649870126547 0.025940026163731277 -0.01719713550727831 0.9995155694500057 -0.6709883399026809
0.9649250252777607 0.2617034898540671 -0.02076003349957985 75.06023191417464 -0.2612060596939546 0.964987074623132 0.02390272347370997 -11.862521515852523 0.02628859014592429 -0.01764168950253721 0.9994987147663753 -0.68232494527482
0.9643955135458364 0.26363296255369895 -0.020951241199776188 75.72004991239112 -0.26312517170047717 0.9644588664995251 0.024171033243499496 -12.068498348475737 0.02657889144126189 -0.017797637079769 0.9994882723894918 -0.6889541281773297
0.9638776595235227 0.2655167823385781 -0.020992755131557087 76.37836842804194 -0.26499505853423266 0.9639341491550443 0.024669313837086797 -12.275256780601396 0.0267857503886814 -0.01821522410846073 0.9994752268999938 -0.6983345715702012
0.9633225763330032 0.26750919780517457 -0.021176473189984956 77.03221998883471 -0.2669750537618827 0.9633788702271591 0.025009459584247037 -12.481896778558507 0.02709122728808617 -0.01843858697100972 0.9994628977178381 -0.7065932744605936
0.9627420083657945 0.2695731150945314 -0.02140469448545084 77.68082494937401 -0.2690333665034669 0.9628046346827319 0.025065576819148318 -12.690921339205445 0.027365544679338927 -0.018373106751314972 0.9994566303310556 -0.7148850409388208
0.9620856302974361 0.27190253023970967 -0.021453531746949504 78.3279338796576 -0.2713428603300454 0.9621379344190826 0.025761352831417277 -12.903176189111207 0.027645833738264326 -0.018963364707730065 0.9994378913548747 -0.7407151463929055
0.961379977574483 0.2743570972750998 -0.021833961932195195 78.97024605219073 -0.2737776919872602 0.961435734848589 0.02621265202716564 -13.116137751165153 0.02818357835699148 -0.019222667113310186 0.9994179180803425 -0.7591006059687855
0.9606870525985955 0.27674672508948095 -0.022172891594449535 79.60375057530054 -0.27614999908032084 0.9607464895177198 0.02659625701733011 -13.3340928099876 0.028662954791008426 -0.019427635770718345 0.9994003211881658 -0.7663323055764631
0.9599845289955725 0.279147123685384 -0.022507497135721994 80.23572267575165 -0.2785364716452706 0.9600500433996081 0.026857924935287488 -13.55602485086261 0.029105636095809753 -0.019514033581050423 0.9993858436264025 -0.7644968508820276
0.9592065315069367 0.28178099609997853 -0.022853887006914077 80.86734549553447 -0.2811524635035622 0.9592763872561243 0.027241606390452935 -13.775661909500208 0.02959936114681742 -0.019704900145837687 0.9993675973984462 -0.7618206458531772
0.9584254100686656 0.2843952625737058 -0.023239362304757746 81.49903625309746 -0.2837418927898319 0.9584969901384884 0.02782190093284863 -13.995649231485489 0.0301872756429451 -0.020071236162874657 0.9993427209261851 -0.75781239674438
0.9576057084356998 0.2871007084835081 -0.023759005863421088 82.13032643548698 -0.28642442639359306 0.9576866803458348 0.02823597445265756 -14.214276660322993 0.030860251723737034 -0.02023377069299712 0.9993188877365878 -0.7421901846679336
0.9567835921379388 0.2895309475703855 -0.027147526859846418 82.76932649897546 -0.28869898978506053 0.9569238246144688 0.030816995024147125 -14.441644737366165 0.03490058900216125 -0.02164773161850006 0.9991563063920863 -0.7895535410462858
0.9559332974504059 0.2919699242911158 -0.03074238336601126 83.41906340485818 -0.290965275040238 0.9561530076064982 0.03332618738802895 -14.670573786270188 0.0391246667249978 -0.022912646169804787 0.9989716067532431 -0.8335397780573681
0.9549510533297627 0.29478316751423855 -0.03422528151291108 84.08566016515036 -0.2935965854116117 0.9552599859137503 0.03576876216364875 -14.899775384483842 0.043238070944581194 -0.024108991317536334 0.9987738611711078 -0.8785590062058947
0.9541337312175119 0.2973246863625059 -0.035026473307702366 84.76534819896919 -0.29610026065796763 0.9544702449807171 0.036210317379848214 -15.136267288787248 0.044197947816863176 -0.024178137353864926 0.998730173311529 -0.8875487973231515
0.9533630265613577 0.29969295812689517 -0.035819972569887296 85.46462515350949 -0.2984507883796306 0.9537382588304045 0.036200283959392954 -15.381493648532556 0.045011848454981004 -0.02382151322468788 0.998702392610708 -0.9108570177495295
0.9525910896522519 0.3020897771672992 -0.036221298239240064 86.18272143994518 -0.30082094947940063 0.9529781663781884 0.036597414673623645 -15.63426022013052 0.045573811223522505 -0.023966245794697767 0.9986734435204894 -0.9229106660732059
0.9518514443721983 0.30432900501075527 -0.036914557503954656 86.91663446628283 -0.30303319505528803 0.9522675389336144 0.03684314031019357 -15.895721548269764 0.04636497105718693 -0.023882860014989817 0.9986390230991236 -0.9387582895327018
0.9512123769797409 0.30626849457209343 -0.03734465307221211 87.66357019702369 -0.3049671684639483 0.9516531205185408 0.03676090812834841 -16.165928869970642 0.04679786362242506 -0.023578537695999203 0.9986260624079947 -0.9333114950271603
0.9506513257892399 0.3079583050020876 -0.037732468185776614 88.43366115492478 -0.3066602995129732 0.9511183704013633 0.03651446545802019 -16.445170564258508 0.04713297654258607 -0.023141475002938363 0.998620525854003 -0.9112692791614485
0.9502380027576013 0.3091878826356105 -0.03808662949832296 89.21974497174482 -0.3079014272968005 0.9507326803138716 0.03611207072172655 -16.733783914458193 0.047375618031099784 -0.022588134374596665 0.9986217136642122 -0.8906076479061578
0.9499742252479216 0.3099647077549655 -0.0383516793762641 90.02652102071808 -0.3086812004449317 0.9504865638950318 0.03593338763472572 -17.02595500122416 0.04759083794679265 -0.022297349649887516 0.9986180152301051 -0.8706175734361032
0.9497974619446046 0.31046466097629855 -0.03868430648789945 90.85266919716697 -0.3091848727342585 0.9503313757651646 0.03570701203694491 -17.32228570592202 0.047848675591693236 -0.021953827028041505 0.9986133054005167 -0.8557983963981164
0.9497800104174652 0.31049023456635066 -0.0389068894968781 91.69473793619555 -0.30921519777836226 0.9503290073599642 0.0355068899388465 -17.625345471802746 0.04799888826086579 -0.021693132765291393 0.9986117938000485 -0.8364177970705327
0.9497042199205628 0.3107003048560661 -0.03907960116753107 92.5607234760599 -0.3094283755529904 0.9502648260645332 0.035367227021582015 -17.923729284661437 0.04812457862365423 -0.021496067242757128 0.9986100059709964 -0.8110653499322719
0.9496876388651394 0.3107214625660038 -0.03931362725048499 93.4474175345226 -0.3094633387604862 0.9502678503023094 0.034977916533955704 -18.224498053287817 0.04822686543784673 -0.021051968617834014 0.9986145322732672 -0.8011725345368074
0.9495723053252587 0.31103094418755756 -0.0396508350108845 94.3510246081561 -0.30978236141281795 0.9501763001129534 0.03463938886836181 -18.527601812396945 0.04844920553283766 -0.02060947504112661 0.9986130001265601 -0.7995687188288214
0.9494167059478873 0.31146029622885124 -0.04000502893499615 95.26458736486583 -0.31024333936271603 0.9500544604236244 0.033846604117161304 -18.835198983006215 0.04854882952374067 -0.019723237620342223 0.9986260586674321 -0.7793377167674993
0.9491515832634632 0.31221694216809964 -0.04039620046060506 96.18781570938255 -0.31100443117489646 0.9498140193109716 0.03360911349520407 -19.148478721207898 0.048862212168831964 -0.01933674594017683 0.9986183327369953 -0.747959754069445
0.9487663101696842 0.31336595549572194 -0.04054955762083227 97.12179326057125 -0.312147602941594 0.9494362807787701 0.03368416124547446 -19.464429766453453 0.04905469054850716 -0.01930095016434469 0.9986095887071917 -0.7050494621867635
0.9482840685348938 0.3148315780704394 -0.040477188792889904 98.0643651007897 -0.3135994734294456 0.9489459679557177 0.034013529152069844 -19.787853553147634 0.049119198157885936 -0.019560862718200532 0.9986013604146797 -0.6570090152903884
0.9476233979977798 0.3168219246492739 -0.040419842016762374 99.0236938845354 -0.3155878474097276 0.9482832810779552 0.03410468289459573 -20.113186887116598 0.04913457168252664 -0.019562384557502335 0.9986005742918445 -0.6186307036279922
0.9467352320394394 0.31945269065944254 -0.0405262735229867 99.99054668924438 -0.3182359953653811 0.9474106628300614 0.03374740300716539 -20.448215712386727 0.049175722353852355 -0.019052936423679924 0.9986083986952115 -0.5792604854649059
0.945620680103728 0.3227264877362658 -0.04060964754298782 100.9710604033853 -0.32152658141853213 0.9463105106730632 0.03342266941789526 -20.788311674361275 0.04921571701666517 -0.018548086238723907 0.9986159330270165 -0.5506670776226609
0.9444992912599978 0.3259817387302351 -0.04070620129371552 101.9600483836115 -0.324800853527081 0.9452048033822953 0.03304973844277663 -21.134758574703227 0.04924930819242196 -0.017994045611486934 0.9986244138639423 -0.5111731627879322
0.9432266866612864 0.32960536612422126 -0.04103315966482982 102.95531962409108 -0.32844354539831633 0.9439607386129774 0.03260308947701312 -21.486624260978775 0.04947984494868826 -0.017275027623112713 0.9986257148524053 -0.46935619516068866
0.9418136619799163 0.33360795543230787 -0.04114314256646972 103.95581060688559 -0.3324450064085936 0.9425572859134742 0.03265088797314876 -21.84413242941134 0.049672364771173955 -0.017073220074707615 0.998619627953668 -0.4180635448335855
0.9400822324951992 0.33845389852204966 -0.041162540277030646 104.9644365285961 -0.3372965713338285 0.9408335117907579 0.032608680714393545 -22.20881858863722 0.04976363243651416 -0.016770857661877255 0.9986202076966052 -0.373604296878012
0.9382075494214026 0.3436316426383081 -0.04103520910600677 105.97749019867106 -0.34247393793525155 0.9389566340499942 0.0327420403861281 -22.57870451000381 0.049781482940928413 -0.016665339817195295 0.9986210844985108 -0.3238148810276903
0.9361983067562127 0.349077809855645 -0.040956233874409956 106.99235322808674 -0.3479141525122824 0.936946315915271 0.032974893092796484 -22.955558443042978 0.04988459590344966 -0.016621785680433106 0.9986166648581157 -0.2772138495540663
0.934145711998456 0.3545113625968803 -0.041151944602778254 108.00971153208955 -0.3533636327840861 0.9349150277005461 0.03268078954584586 -23.34253781051944 0.05005928266087709 -0.015987018778008767 0.99861828715985 -0.23513130637712182
0.9319692472036527 0.36016659877600266 -0.041392552382917905 109.02932569724015 -0.35902721087701717 0.9327599030890796 0.032533444931958116 -23.74130397504844 0.05032677335690951 -0.015459117549058734 0.9986131541132878 -0.19403889890152892
0.9298051192886575 0.3656966881645743 -0.0415736985371439 110.05040577650422 -0.36455229083418 0.9306095969733033 0.032671168769376834 -24.14629428838662 0.0506366210577677 -0.01522203293474496 0.9986011327457965 -0.15584578199838794
0.9276034231346709 0.3712177831489226 -0.04182399864706961 111.0742858785528 -0.3700557327808202 0.9284219254512254 0.03303759945136916 -24.56041936491741 0.051094461782880754 -0.015168579876076851 0.9985786249262818 -0.1296031044323535
0.9253945771821526 0.37664723896389096 -0.0422105899358604 112.09637963115578 -0.3754853482425245 0.9262400597046561 0.033016738989864486 -24.98231893602509 0.051532802922483655 -0.014704053155870258 0.9985630481065001 -0.09698847113345396
0.9231761785152518 0.38201045089558733 -0.042588247539870644 113.113985672525 -0.38084620681048975 0.9240474606373624 0.0330523410324192 -25.411042870541475 0.051979901693161704 -0.01429356135502575 0.9985458346634682 -0.053331964256055873
0.9209571250163916 0.38728915335366015 -0.04295445932774012 114.12963541150198 -0.3861262929805917 0.9218545998299666 0.033023970709435 -25.846298196996436 0.052387591570919254 -0.01382781497398094 0.9985310870385792 -0.00977374860722345
0.9187371636887752 0.3924626784963312 -0.043532402237660146 115.14768184948376 -0.3913140528591319 0.9196758871596377 0.03270435157763416 -26.29007924969557 0.052870938066753956 -0.013011862458403451 0.9985165774003495 0.012108981428049122
0.9165803563242365 0.39742251926296607 -0.04399763156358739 116.16673760748478 -0.3962882430246471 0.917553559790488 0.03242056995583838 -26.73796718081006 0.05325484805131011 -0.012280313452777424 0.9985054406764826 0.03322064276838181
0.9145970558170999 0.40191699539092696 -0.044440457992855086 117.18511755689178 -0.40079582664001595 0.9156025174043848 0.03216730437446599 -27.194896214986898 0.053618381536872366 -0.011608571776951902 0.998494021125149 0.04613909021194987
0.9128426945391293 0.4058414698768655 -0.04484324201839304 118.20092572536086 -0.40478701663025723 0.9138879319947603 0.03092440657371309 -27.657512399014923 0.05353210433107494 -0.010077156471117956 0.9985152801651797 0.07552627862644873
0.9113287597190654 0.4091651270108255 -0.045428961545670166 119.21424026101396 -0.40810990710830336 0.9124096108290028 0.03090316791106374 -28.12185144484631 0.05409431974761759 -0.009622936407349656 0.9984894609688909 0.1036556032220402
0.9099274041031128 0.4122788695423547 -0.045367973186389236 120.21789936341658 -0.4111484732061226 0.9109937516939497 0.03236228290582468 -28.584117958307345 0.05467222551204214 -0.010794355167307403 0.9984460073805125 0.16588039318393677
0.9083400969656867 0.41577086109196265 -0.04530849049799653 121.21696225187202 -0.414584899069707 0.909395316877358 0.03345921554535515 -29.045028770556154 0.05511469593241384 -0.011608131132751087 0.9984125507944531 0.24498595395931927
0.9067059186388794 0.41892085962252407 -0.04888446049967185 122.21438898168012 -0.4176704806810642 0.9079634014660793 0.033968090405792746 -29.51586214503687 0.05861524266664618 -0.010381472501060435 0.9982266668226429 0.2619125971034883
0.9049378622416718 0.4223949072425496 -0.05167211837174131 123.20759751852167 -0.42098831201936227 0.9063457222928526 0.03614239649711094 -29.98681080389152 0.06209916766395794 -0.010953265130602467 0.9980098793891903 0.27925874062067635
0.9034356638816915 0.42557883637004734 -0.05183295535233072 124.18940601990877 -0.42415879449848065 0.90485560397494 0.03640951805175501 -30.454255408383208 0.06239646044639912 -0.010908253255161595 0.9979918294929505 0.360289577546557
0.9019675326840494 0.42866785205275704 -0.05194653597995566 125.17293574890995 -0.4272497937320569 0.9033991490699593 0.03643612514535124 -30.928195072934688 0.0625474519046068 -0.010670055115388837 0.9979849528846008 0.41442609549915155
0.9005614474677235 0.43161067677364673 -0.051974061125005286 126.15317906368468 -0.43018159116495486 0.9019968124291353 0.03668172556581815 -31.402651842220166 0.06271266186043942 -0.010675863557107654 0.9979745227107211 0.461507345817629
0.8991212210418336 0.43461693033476884 -0.05185705100193561 127.12317946378407 -0.43316175580776267 0.9005485016095627 0.03719260080078986 -31.87219824186324 0.0628643235688892 -0.01097816538271659 0.9979617010221682 0.5196801783533529
