1 0 0 0 0 1 0 0 0 0 1 0
0.9999997208525049919 0.0004511872119362024492 -0.000595587954814982899 0.08720806976861394944 -0.0004516350283032943141 0.9999996152838925845 -0.0007519693265659261119 -0.0005083099192436935088 0.0005952484467387884762 0.0007522381050384022551 0.9999995399084541381 -0.007451215114504083914
0.9999961546072994034 0.00158191769107758444 -0.002277785554613912574 0.3335030178126949796 -0.001586147604304760303 0.9999970189133584597 -0.001856421335137424349 -0.009807674308033614841 0.002274842058585675817 0.001860027100568943789 0.9999956826870771698 -0.008439310788240339534
0.9999918224745238948 0.002718629201996558119 -0.00299400055816134757 0.5654496622090903202 -0.002722598627527672305 0.9999954191930120473 -0.001322516429173395099 -0.01232117177223132631 0.002990391411438197977 0.001330657076072070148 0.9999946434411297602 -0.01723341066949601874
0.9999899835669363579 0.003987585861174793023 -0.002032713653768688719 0.8150913100613501605 -0.003988725561242168448 0.9999918899136854833 -0.0005569337954723285397 -0.006894534377119926338 0.002030476346957068353 0.0005650361538917183677 0.9999977789475080758 -0.02084021901049282199
0.9999851273289425135 0.005216954377179459749 -0.001590128279464105834 1.072712018249704968 -0.005218925637900855528 0.9999856148972847691 -0.001238068530137343033 -0.01141619726018172631 0.001583646458267927264 0.001246348877996594036 0.9999979693371229272 -0.01965820296905484987
0.9999789646828841638 0.006236672614031702616 -0.001781602215002448539 1.352631434948421196 -0.006240463658884608245 0.9999782589582235648 -0.002130310822909605318 -0.02473381390436862892 0.0017682774299456474 0.002141384035023201435 0.9999961438272375602 -0.02817470518945364155
0.9999703178527273861 0.007664280822204657534 -0.0007888047880435963529 1.666095551926015439 -0.00766635308322627558 0.9999670792167903999 -0.002658479461014644045 -0.02660507708341097732 0.0007684034868228948982 0.002664447807654642727 0.9999961551295893925 -0.02466529951024831746
0.9999633430428259695 0.008554028928263587503 0.0003757122702922858376 1.991286381935533756 -0.00855336210143086903 0.9999619020583865314 -0.001741961117712243585 -0.04071855711473934547 -0.0003905987422209696654 0.001738683659624391982 0.9999984122046166046 -0.0273697355746276294
0.999950288071977611 0.009641711060383358761 0.00254141547116048085 2.310722812855588781 -0.009632622405532536777 0.9999472519948989779 -0.003564521488562936383 -0.04239968940150568022 -0.002575649502825495818 0.003539863793717995272 0.9999904176510695519 -0.02026392720855807461
0.9999320751921914052 0.01068172348856026577 0.004663237625480121454 2.641635422522292664 -0.01067060903384051476 0.9999401828688554428 -0.002401829937126138265 -0.04863112517654727407 -0.00468861436723844692 0.002351907207755876607 0.9999862426192679399 -0.02298578966173847604
0.9999136293950439125 0.01212765276979307222 0.005064956892826589369 2.98367846252649116 -0.01211943817104041421 0.9999251965409329257 -0.001649406255264792773 -0.03285887876190488055 -0.005084581442871156758 0.001587879363147110196 0.999985812734700219 -0.02798963419675604136
0.9999023700579138252 0.01325760665458791676 0.004414319693785287782 3.364240654874393055 -0.01325011828215658626 0.9999107317114407367 -0.001721329079564322536 -0.05594906384584832915 -0.00443674633888103704 0.001662670768228065137 0.9999887753409240077 -0.03583358583640272599
0.9998787698359267173 0.01516576305246365719 0.003527784351452815156 3.738048850992806926 -0.01515328354109653219 0.9998789239158339948 -0.003537726224149242722 -0.04669490646148793944 -0.003581009538797693542 0.003483839828469235348 0.9999875195374853254 -0.04540986299713156704
0.9998641916235061489 0.01609528491947762735 0.003541202116994865423 4.116533821568049589 -0.01607623033010139105 0.9998564823072457752 -0.005345054401387119847 -0.06857925027557471021 -0.003626724065337891788 0.005287399317348343702 0.9999794449292509491 -0.05316844772832118871
0.9998469067797208787 0.01706280526711812656 0.003876039143308418478 4.498817644137181659 -0.01703906744000286549 0.9998363575155064797 -0.00607687180211479664 -0.08939932834634919945 -0.003979093338825739554 0.00600989738187846477 0.9999740236374443647 -0.05102123177219564099
0.9998165632253763757 0.0188232713099976065 0.003538976884255081584 4.907510300277796667 -0.01879821241782230964 0.9997988944080189455 -0.006985552977212269345 -0.09491700331748903485 -0.003669756135154194406 0.006917745130693177084 0.9999693383760400733 -0.06244783564398237452
0.9997890618005490504 0.02030445881495968399 0.003092063422604866395 5.324443453617292654 -0.02028008489958624955 0.9997645321956167841 -0.007719994828051808533 -0.09724556453799676481 -0.003248085658257611995 0.007655659077517676728 0.9999654198139280581 -0.06721999580481163861
0.9997596189373220144 0.02181019905908571782 0.00224043730191071308 5.735092458156811013 -0.02179159801342889571 0.9997303988939731934 -0.008015970516304994284 -0.1176417436853806897 -0.002414663190148508536 0.007965220919736360275 0.9999653617287840301 -0.08106760129066414855
0.9997351185037003374 0.02275312829252213245 0.003462366718914975435 6.191424331969373362 -0.02272293546413244394 0.9997054688389265253 -0.008523131902950112013 -0.1400482668532279651 -0.00365527485766710316 0.008442199147511434548 0.999957683224279581 -0.07239325196816959185
0.9997037832306080452 0.02396645930082769507 0.004237289580772124822 6.610041561073624727 -0.02391964098988837509 0.9996558205454207924 -0.01077456377661357816 -0.1381152304527980546 -0.004494059336991702673 0.01067001772459779708 0.9999329748300295195 -0.06264872073419058829
0.9996924931074060439 0.02448493799549914668 0.003925179748177844326 7.055605591297925194 -0.02443886088965130723 0.9996364858994620795 -0.01138587444998933121 -0.182199948486062302 -0.004202535319924762328 0.01128644629328515517 0.9999274747835232846 -0.08279532622256446928
0.9996340363520722638 0.02667550549536276683 0.004495639335029775682 7.509231827257478287 -0.02662076656277969841 0.9995756600804833747 -0.0118251664798413765 -0.1566399203638131066 -0.004809173949212761263 0.01170116153349078265 0.9999199741302767785 -0.09051629329179733396
0.9995954390181959193 0.02804946461353688761 0.004710183532960637159 7.988971209325976375 -0.02798876171681269689 0.9995301589015906929 -0.01249362492314996798 -0.2080763141165933583 -0.005058409985332498575 0.0123567382854382745 0.9999108577805151388 -0.09967442841072426951
0.9995395945220320044 0.02999260571988893523 0.004587219731288762203 8.440508012421704009 -0.02994227950629425178 0.9994946555464426785 -0.01067208658439365923 -0.2426089022048247001 -0.004904985290374541847 0.01052982128191781892 0.9999325297154163517 -0.1160072765004920292
0.9994614047141588964 0.0326605257240260155 0.003192263496423789534 8.901426912806305936 -0.03261581938017738685 0.9993811145973209298 -0.01317558774309635604 -0.252756814836349486 -0.00362060947355690799 0.01306437314403644662 0.9999081024481166757 -0.1119488689818786131
0.999305453132471988 0.03709624464819992473 0.0035327004834537672 9.378752735753373315 -0.03704968010413923346 0.999235964956717182 -0.01244216786574122921 -0.2361352475604835133 -0.003991559079588494208 0.01230264077420912053 0.9999163527446157662 -0.1283691580178600855
0.9991526779740296238 0.04100583872050252154 0.003528071449560699242 9.884935717528984256 -0.04095749379919425698 0.9990785204420480348 -0.01282940735253084233 -0.2782358933974968807 -0.004050901012618444465 0.01267403574858240109 0.9999114755911293617 -0.1332351118772951981
0.9989492723558472953 0.045700547561472675 0.003436744434024019672 10.37640922367154239 -0.04566218928989391329 0.9989015915903923792 -0.01051545469462845418 -0.3106716542425230765 -0.003913531522438394236 0.01034747654080257762 0.9999388051277240397 -0.1237380138170165456
0.9987001014351976069 0.05090674366159492897 0.002571155984910322018 10.87528128812064665 -0.05088291521341077595 0.9986675085644640681 -0.00861024256515749431 -0.3530838031102224162 -0.003006049352709628218 0.008468222211223799811 0.9999596256248901582 -0.1281544205846585349
0.9983305163326233744 0.05772555738745532156 0.001984989507584785772 11.37516004839823758 -0.05771134971965742599 0.9983115364910135625 -0.006593650164139420317 -0.3630749533433977883 -0.002362260056178342067 0.006468085749219918031 0.9999762915160377297 -0.1448767843197107386
0.9978674185643336969 0.06526918801014912341 0.0007403136150335594932 11.90407512021886127 -0.0652619976266638202 0.9978410001681565777 -0.007362747394169631178 -0.3925942736712085823 -0.001219275822004483928 0.007298731390374017976 0.9999726205684639213 -0.1638806747534518049
0.9973653265516359001 0.07254204751514355121 0.0002381908047042581925 12.3813099694197728 -0.07253745250120979815 0.9973298952582003718 -0.008449734250364963548 -0.4537743102610738433 -0.0008505158337874752991 0.008410194205707332421 0.9999642719898740317 -0.1706252343321228437
0.9966832294183006757 0.08137632576819349428 0.000658635540953039062 12.8668640101006293 -0.08136589889618427163 0.9966354162095005798 -0.009871051298184977188 -0.4815418484388520604 -0.001459689392603751501 0.009784720812794094405 0.9999510630753351004 -0.1666402720275539373
0.9958452556119409271 0.09103900174235632359 0.002031511000048947125 13.35847877858522637 -0.09102209681681466824 0.9958223928120740753 -0.007262221774754594808 -0.5140659367543208846 -0.002684169565898053382 0.007047136708660212828 0.9999715661447333703 -0.1716707737888167884
0.9948490392206003063 0.1012901094637943533 0.003962686798239588998 13.90458004285188132 -0.1012750691045639639 0.9948510958234755286 -0.003828513640536415109 -0.5754007064986597086 -0.004330073869367438537 0.003407471737599157557 0.9999848196831006009 -0.1739836006976498428
0.9937248500664286333 0.1116323279630084681 0.00701040041746535305 14.45106752006708462 -0.1116389336541176447 0.9937486796751573426 0.0005568989612199094471 -0.6509276139461875887 -0.006904408231369206679 -0.001336037963834617358 0.9999752717690242321 -0.1777968354213790292
0.9923615188506732521 0.1230701279620735472 0.008506439195326565006 14.97917608509232323 -0.1230717485872054318 0.9923977190072584831 -0.0003346772745272901363 -0.7125674508065373836 -0.00848295962931809415 -0.000714781497544875904 0.999963763585130172 -0.1901581363535791436
0.9908291677741039027 0.1347598304192287044 0.009866528946765774563 15.50041706655345664 -0.1347599781180207901 0.990878056080573999 -0.000652897858296364042 -0.7853949238344901662 -0.009864511427699078697 -0.000682702983389693336 0.9999511114704204839 -0.1936417272828359071
0.9890709414790352927 0.1471621221540760083 0.009054420184835607413 16.02700774750762847 -0.1471415383093447327 0.9891111880998755268 -0.002902633220406138168 -0.8662344952355843786 -0.009382985971128129238 0.001538628857579531044 0.9999547950760095949 -0.2132846544104447517
0.9871810719273128587 0.1593712514854285223 0.008621799603908759241 16.56370780419285893 -0.1593568210793974704 0.9872182777879979776 -0.00233999503594479975 -0.9447444173981351945 -0.008884526093752261391 0.000936056231026070884 0.9999600937011545732 -0.2245630880215940817
0.9851178008057993596 0.1716412097628395028 0.009067174129484410067 17.05763893631450401 -0.1716469289740263637 0.9851585199559694805 -0.0001494387809946031646 -1.015055165072430432 -0.008958253698741315899 -0.001409137790510236674 0.9999588811652988518 -0.2348494605580646599
0.9828455049876718697 0.1841908485462699918 0.009404500908245900029 17.64224775531510048 -0.1841939845912999862 0.982889762614979734 -0.0005390612661701339693 -1.135830826466698529 -0.009342877817252478664 -0.001202438553014033339 0.9999556314035228377 -0.2460268312278495184
0.9804354219552404714 0.1965534536680120237 0.01063594032637791599 18.20884828645909082 -0.1965610206078824973 0.9804915348723187707 -0.000339442649310971276 -1.265165503220646359 -0.01049516808046496372 -0.001757809688570571372 0.9999433791730717447 -0.26746763393403028
0.9777431760565530316 0.209347320132108633 0.01385572908037546215 18.77033061165361971 -0.2093823891998818076 0.9778332030961431887 0.001114457574817619839 -1.370618357609373339 -0.01331528324120691796 -0.003990798947737758326 0.9999033837106289235 -0.2725629829415170402
0.9747789269152662417 0.222531875181050387 0.0168999458675908841 19.35397850642123885 -0.2226032508136306376 0.9749060596337534301 0.002442870563972100988 -1.491886368435197507 -0.01593224306637145912 -0.006143241635641730029 0.999854201477935578 -0.2908791774023176124
0.9718480126629872595 0.2347495590344269856 0.02010186101196296052 19.90985190755066725 -0.2349116745134015027 0.9719976406002983627 0.006090307444043673024 -1.641871472219315287 -0.01810926448842978265 -0.01064101501715631996 0.9997793873345722782 -0.3066226889360454955
0.9685039865612825594 0.2482651960061683649 0.01908980007547915123 20.54577678618177217 -0.2483273719095235588 0.9686757291757107646 0.000920905214534433695 -1.79309717357043974 -0.01826319729434381159 -0.005632420254543634396 0.9998173490526477414 -0.3197412259022576198
0.9649752489857343907 0.2614978275139719921 0.02101559065058252254 21.16736975064881676 -0.2616063661711683919 0.9651712985620739538 0.002544329128972556715 -1.964543659715797697 -0.01961830837856487486 -0.007953026937771622701 0.9997759105614070219 -0.3241005971287806986
0.9614715787805673264 0.274064187501465828 0.02147613387844068619 21.77127331684638278 -0.2742465972411575192 0.9616406266678309001 0.006009080091650958501 -2.166718114221210634 -0.0190054491883163805 -0.01166731636079642448 0.9997513023897930395 -0.3545354637070794457
0.9575056590202537521 0.2875764134302470909 0.02197087578557302412 22.40240406486615399 -0.2878520858023381757 0.9576166431453018157 0.01056131953720967562 -2.353782053713014744 -0.01800248992314128216 -0.01643688564538071245 0.9997028254170575723 -0.3789703756518529865
0.9536507522061747899 0.3000801860727146941 0.02240814010938803336 23.04678630777446813 -0.300393424186322533 0.9537378054489513701 0.01216507965589437232 -2.553299519479713453 -0.0177209910053901902 -0.01833249530159765037 0.9996748901987104752 -0.404345240490175506
0.9496941067649059542 0.3119889779112425821 0.02727601946592554324 23.64974021604228227 -0.3124869841394767311 0.9497814961735399075 0.01633995929512412765 -2.750781456015015003 -0.02080837137840827605 -0.02404136410959456516 0.9994943844226080731 -0.4156768725552381083
0.9457333799767593252 0.3235118575225857662 0.03047051099047456621 24.26402530204691743 -0.3240861738995508001 0.9458893743345356819 0.01616921173622300201 -2.964670124523748118 -0.02359080085297208043 -0.02516683459052517988 0.9994048751891340121 -0.4318818402518842525
0.9418747939669847025 0.3344786060144589457 0.03155843165105606807 24.88633869913981655 -0.3350867715881127862 0.942045552283231391 0.01634114225008545182 -3.184248167465130397 -0.02426371769341915952 -0.02596612296832091771 0.9993683167189603145 -0.4481392193818787284
0.9378769039699094145 0.3451160017609815056 0.03580304914852168452 25.51704011250145498 -0.3460177867949759123 0.9379473852073714202 0.02294327361475356417 -3.423535303446615163 -0.02566328547407494692 -0.03390645825162280635 0.9990954648418273187 -0.4667998195896110314
0.933584307072596542 0.3562454777577231391 0.0388522993521786611 26.17332194012751501 -0.357355710339291921 0.9335883195609956386 0.02664105604469235375 -3.669992673784709947 -0.02678129712466952722 -0.03875576288047893198 0.9988897601676934856 -0.4881597809178022107
0.9294987467973028217 0.3668520110926825062 0.03810094040175368568 26.82090435840635934 -0.3680519715448181128 0.929273395550542225 0.03144364107316405255 -3.935637425330604344 -0.02387102729703978118 -0.04324995120482724026 0.9987790625441465009 -0.5126644557122536083
0.9256424048848557184 0.3768988693954934965 0.03366571738994569157 27.48671064586221391 -0.3779260512393936011 0.9252671636924603149 0.03244342132249853489 -4.202951433212313681 -0.01892189402729564998 -0.04275415817097370785 0.9989064239885091512 -0.5428563236726591246
0.9219333337192112676 0.3863510018166912974 0.02778185689654944987 28.11837080400275113 -0.3870955473559119508 0.9215503263250173216 0.03003386867323178805 -4.464609242076599926 -0.01399876403859603817 -0.03844345777233099809 0.9991627170585873907 -0.5674472080276875552
0.9184956805642026101 0.3947075087644095204 0.02390956523853838764 28.76978655400930762 -0.3953172579761616845 0.9180016222608005094 0.03157985232307555096 -4.728265768564028804 -0.009484214838939582226 -0.03845782172110143865 0.9992152148648242305 -0.5867214941950333884
0.9158407142834346093 0.4007150783006168115 0.02575290436705821723 29.40559442213109165 -0.401407037970257452 0.9153097924223945192 0.0328690395907341934 -5.018313032428930676 -0.01040076577721870885 -0.04044020175770064035 0.9991278267334184893 -0.6011041076757973611
0.9134774317794216447 0.4056102421265168623 0.03223837948378558554 30.03077763893118046 -0.4065848139483674295 0.9129891522206617926 0.03375791750047415357 -5.308965320793166853 -0.01574073366281508388 -0.04394473130496654584 0.9989099508435635988 -0.5998604153464638378
0.9115694413539072727 0.4097145449085921598 0.0342803920641305479 30.65863332539320751 -0.4106512959162019194 0.9113915674827042235 0.02703560400219061008 -5.589074765015142887 -0.020165980067163157 -0.03872211786259305288 0.9990465108473010059 -0.6173808726046805528
0.9101821025826734024 0.4123785731306537361 0.03889026306043484593 31.30428988743997465 -0.4135896217179740875 0.9099377406047531869 0.03093433416610298983 -5.90040236032063703 -0.02263106151657219914 -0.04424048650097639479 0.9987645440286664344 -0.6250565741796045849
0.908849958580765005 0.4154435423226888191 0.03739539985236088604 31.9737762697400143 -0.4165798710217202272 0.908585488204088465 0.03055522352176781933 -6.204403008322139534 -0.02128294733509964246 -0.04334828447948685382 0.9988333005989622482 -0.6548945749558761076
0.9079248957052231672 0.4176004509070737614 0.03580847889632156333 32.62426074440386969 -0.4186576031465804593 0.9076470316524982707 0.03004458786485866839 -6.53418832540403649 -0.01995482613855522128 -0.04226972125076711162 0.9989069403999365493 -0.6673940297206162331
0.9066336420779256278 0.4203519632028978048 0.03632720859060811075 33.30918070123098573 -0.4214575961787612179 0.9063040768863143137 0.03140724187931744071 -6.844885242647594126 -0.01972140146480830941 -0.0437852401011500636 0.9988462940180278249 -0.6990719843528455657
0.905306965949715603 0.422916665284653992 0.03950685544849610875 33.98332634928706142 -0.4242154861183567438 0.904930556687647214 0.03379214273098350013 -7.150220742900652127 -0.02145970037737539998 -0.04735168209781783627 0.9986477354213648683 -0.7038922873878095121
0.904606862946875645 0.4246291219395976202 0.03710164834908168119 34.64864298365731798 -0.4257440029942273219 0.9043372452221908331 0.0302686441452289616 -7.488160786389772561 -0.02069945467552024992 -0.04317702751169308351 0.9988529806089535557 -0.7351591219789926912
0.9035860559036146267 0.4266296959506526987 0.03897873919976836687 35.32131255673974835 -0.4280155811542541988 0.9029034582023119926 0.03959807388613523216 -7.817103255289306496 -0.01830032419756353126 -0.05246377511540181726 0.9984551319087425769 -0.7542305778696827279
0.9029709563011427687 0.4282760570716696025 0.03497243222516546735 36.00707876779895855 -0.4294058252215300908 0.9023750735576414606 0.03646729888074883713 -8.13335907878104436 -0.01594018012497210382 -0.04794627786372057665 0.9987227168221409768 -0.7620893916826473324
0.9023567143904569487 0.4298108310483215178 0.0318592138636608832 36.67250733480418745 -0.4307130323096949875 0.9019592811621238715 0.03091502748005343221 -8.453173173810091257 -0.01544809998177447928 -0.04161856123241215732 0.9990141398238050474 -0.7975650721530421761
0.9017404685693263255 0.430843249145920093 0.03518837890210997632 37.37172072607692996 -0.431901030765202143 0.9013625559189724079 0.03173393154295919144 -8.791171596449233405 -0.01804513697170836289 -0.043813667417872737 0.9988767369295714627 -0.8070388483375185995
0.9014699920392583721 0.4311559527971816075 0.03816278056292479043 38.0932093120060955 -0.432356106375244964 0.901126900936910058 0.03222585433899672475 -9.145827072513037947 -0.02049513924757044581 -0.04555055186707271386 0.9987517692058561769 -0.8297314726265603291
0.9012843452862276949 0.4316963334403324248 0.03639786581860626064 38.81959785688024311 -0.4326772522787688535 0.9011911561657850456 0.02539479098299853715 -9.49630385686907097 -0.02183859662319280123 -0.03863645613599831635 0.999014664534400354 -0.8293108397079147487
0.901413194586868638 0.4314115398455336536 0.03658327367529706775 39.55272904675559431 -0.4324578488694650891 0.9012159591221512445 0.0281070093523987756 -9.879872358303144253 -0.02084374188793981786 -0.04115675292885067477 0.9989352632240301455 -0.868592887362172994
0.9013220072635207414 0.4315091357479525769 0.03766304539615542707 40.30131566562679524 -0.4326579250494161366 0.9010310128750740333 0.03082586137080219058 -10.26128156938946212 -0.02063393114245677326 -0.04407924231850102875 0.9988149284438210262 -0.8902137249373582861
0.9010252931561605338 0.4320146082867315496 0.03894610788919652261 41.04252879613238747 -0.4332468647182005084 0.9007047484673029736 0.03206415912357394454 -10.61693734233633002 -0.02122675916630497803 -0.04576389751009515838 0.9987267345875853186 -0.9114954344944894427
0.9010484660985668137 0.4319953838436222937 0.03862188601326114329 41.78405378323343911 -0.43311211189345733 0.9009211303708617447 0.0274775432394910625 -10.97794235483396363 -0.02292510136529813877 -0.04148620480461238241 0.9988760356211878744 -0.9318251705671964924
0.9008449098553901191 0.4322609637764762702 0.04035972723725986949 42.53350271498371882 -0.4334791878284623423 0.9007076935788095318 0.0286608521771102541 -11.33346480581441185 -0.02396334924860940227 -0.04331408457965322395 0.9987740725358341676 -0.9463136161671077407
0.9008994878334307677 0.4321130743597441648 0.04072350413253209706 43.28191908305535662 -0.4333948291450958057 0.900682545059606765 0.03065738239384984201 -11.71298899355437584 -0.02343149358780568028 -0.04526857621264131215 0.9987000155782139732 -0.9771748265714901294
0.9010130373349012345 0.4320772120910439384 0.03853296438332891316 44.03569498373498448 -0.4332221067896597777 0.9008240480830981278 0.02889014683086189861 -12.07698432158728963 -0.02222864686085247385 -0.04272373095612282817 0.9988396117855580236 -0.9953871817124477772
0.9012471962914048174 0.4315021220594844609 0.03948936356848280205 44.77879860597914785 -0.4327921903397978776 0.9008677557710246253 0.03358878671458134096 -12.45409642377184944 -0.02108106159001989569 -0.04736248800727470981 0.9986552876603610462 -1.029671930372684674
0.9012989693475184083 0.4316034193803759966 0.03713026033127679593 45.52838981274878449 -0.4327416772218159458 0.900968455165049642 0.03147194930018961528 -12.81106157734731532 -0.01986979235801891036 -0.04443344659905763133 0.9988147276522197915 -1.065515070435372413
0.9015080946690636754 0.4310866168168748791 0.03804581511198703442 46.26508655567393902 -0.432285607815385442 0.9011534326149849283 0.03242906353739866826 -13.1729606177405163 -0.020305381597925512 -0.04568172159201937255 0.9987496542129823407 -1.080882092240732284
0.9017647730246373117 0.4306619680504105707 0.03675001233702387266 47.00899798017533726 -0.4317804302169170882 0.9014353179950880257 0.03130539175267494506 -13.53626019293484717 -0.01964571743455244268 -0.04409803562565545176 0.9988340247711028352 -1.110165696228052612
0.9019096277279978757 0.4303855262374613466 0.03643243358393286752 47.77739519642155841 -0.43149711031527338 0.9015582920684538371 0.0316684352657551349 -13.90186589978806708 -0.01921632642085889173 -0.04428255647448556265 0.9988342144675316225 -1.115686855152913104
0.9021810111902791585 0.4300632024496114925 0.03339258819663199623 48.53339481887073248 -0.4309747915779317262 0.9019361977955215881 0.02778172295801747266 -14.26481508541210452 -0.0181700872877289879 -0.03945550664916357142 0.9990561099973385151 -1.134567741335948732
0.9026627587631869121 0.4292319942418486023 0.03098126952205662588 49.30620211829564425 -0.4300342076520939361 0.9024142497241590677 0.02681607994877127296 -14.64261495184477724 -0.01644761961708874135 -0.0375288823967456428 0.9991601767459423744 -1.168528986084499399
0.9029889977790603872 0.4285237475682449615 0.0312772706615392429 50.07028350209051837 -0.4293569193860792832 0.902700565351424955 0.02800580456822380007 -15.02500384107431941 -0.01623285758158187278 -0.03871804597709972706 0.9991183149409539332 -1.192178856297791079
0.9033769307690235895 0.427517473689881633 0.03374804652361436397 50.81698020076205324 -0.4285071297939558321 0.9029951210799728178 0.03132811870366747353 -15.4005745825906466 -0.01708100319315506918 -0.04276237827327364349 0.9989392465682429556 -1.201244650594240015
0.9037400958508204907 0.4267921885430709938 0.03320040587350508998 51.5550776359045031 -0.4276706447528681454 0.9035505153711521631 0.02634930339100673147 -15.76435292795223297 -0.01875256697670382722 -0.03801176095816960476 0.9991013198172862264 -1.224136413808639023
0.9040276788777676931 0.4259012295330592002 0.03663466261758190068 52.2980703844500141 -0.4269631099753390391 0.9038137847173219885 0.0286905084503020838 -16.14027964520861858 -0.02089159024732660519 -0.04157866324424963622 0.9989167914394867509 -1.244393225547963722
0.9042601824049676384 0.4254656179127614957 0.03595178008175137219 53.05040484818286473 -0.426356171638894943 0.9042853104976945611 0.02210185791994091417 -16.48379166593145584 -0.02310708597724365002 -0.03531409339343344334 0.9991090918340399529 -1.257565912325199431
0.9045547770318044245 0.4245056045395496636 0.03969442106208389415 53.79337434402332008 -0.4256182256767832017 0.9045444560969322367 0.02546473868021820533 -16.85127874689063532 -0.02509544422179760606 -0.03992892008076922433 0.9988873309940887735 -1.277896539221341943
0.9046271422550611341 0.4242913070962677224 0.04033138006542868331 54.52744125929000063 -0.425398507278081206 0.9046805953055091498 0.02427201028447968645 -17.19317900467082438 -0.02618861395762882988 -0.0391140281767326306 0.9988915102746483976 -1.300313312312476377
0.9047168056935960267 0.4240817082239132785 0.04052414398187503125 55.28002918139332422 -0.4251371653936724671 0.9048599320362711307 0.02206567461801013999 -17.53884475660961684 -0.02731102518414872324 -0.03719150635833979451 0.9989348826416005744 -1.321144416993415671
0.9051266004482129146 0.4234811814825725218 0.03754365580475014369 56.01420360799828302 -0.4242511211318084063 0.9054152007742418684 0.01530687510051872632 -17.90934211277046728 -0.02751042310588304451 -0.02978259788976988717 0.999177748693129919 -1.349860052083853068
0.9052892259883192905 0.422851767521978894 0.04059310302265704135 56.74785897345987706 -0.4238472031935205386 0.905516569435495966 0.01983156127996838977 -18.27471484976403104 -0.02837191665186299463 -0.0351585719463821389 0.9989789332934858601 -1.37273756151744819
0.9055975705598728887 0.4220593747090732317 0.04193953285674695275 57.49461654843309333 -0.4231693535951586704 0.9057803457824925575 0.02212833866343974151 -18.6247809065673593 -0.02864853179329848037 -0.03778689474320965497 0.9988750733759221845 -1.401016307470647204
0.905841388485944754 0.4216008128952382639 0.04128115153347933913 58.25871399592991651 -0.4226782106158848973 0.9060162588491990077 0.0218556393513186821 -18.97681712552953215 -0.02818703915648871489 -0.03724638595858080492 0.9989085030955613398 -1.431726313149758401
0.9061300413486499394 0.4211813377682332993 0.03917433957650553328 59.00857306182314233 -0.4221080099505509775 0.9063434744000755661 0.01913986279953552513 -19.33360720951183609 -0.02744405402048959858 -0.03387900718971647435 0.9990490662478793693 -1.468292593949094504
0.9064941047867370871 0.4205040187467507518 0.03801063278510901505 59.76848491681707998 -0.4213705749244119336 0.9067027163160268355 0.01835818109206796903 -19.70289958017310639 -0.02674465506905417123 -0.03265814512446903878 0.9991086872719435741 -1.500823513477589577
0.9066218452394781968 0.4201570091580072441 0.0387932647499773936 60.53237129456525167 -0.4210666873007215538 0.9068307101901206257 0.01899757620534377189 -20.06706563972657165 -0.02719695902412680791 -0.03355816907221920858 0.9990666517847346384 -1.52353533008429598
0.9068796263469536267 0.4194590636896980973 0.04029189999704128194 61.30769670990356701 -0.4204622869138534003 0.9070780700349401204 0.02051438872744221209 -20.44405778909539606 -0.02794295259957761332 -0.03554530560073920764 0.9989773384065164796 -1.528134483832540136
0.9068239374504307726 0.4195143218464968404 0.0409643776050738484 62.08800815758372948 -0.4205659515109350655 0.9070102015492766956 0.02137228848865512995 -20.79222760780852042 -0.02818912727629286491 -0.03660912524513987992 0.9989320022164605017 -1.570330906000493076
0.9067230584863656961 0.4196194579036932049 0.04210469994835788071 62.86092946384536617 -0.4206332521724578388 0.9070382045859423092 0.01869124362721143531 -21.15413262143839646 -0.03034736192739202754 -0.03465841845960223461 0.998938352279021724 -1.593368605739960975
0.9066925785640942426 0.4196459446063842691 0.04249528388197140738 63.63131182107451167 -0.4204319319105350172 0.9072547205850145513 0.01121885048400042204 -21.54922310733069679 -0.03384610179576269529 -0.02803842277344723716 0.9990336772309571511 -1.618291628809844118
0.9061570033540007341 0.4206112821304884841 0.04433547808520948985 64.42773195795969343 -0.4213861106467976514 0.9068323015372385942 0.009429880308865174615 -21.94058596657997739 -0.03623852958471550367 -0.02722730675666092462 0.9989721931767252538 -1.660133987305166592
0.905636441672358572 0.4215264043911384761 0.04623987366015316902 65.26387394874799952 -0.4224841002242612498 0.9062784696112080596 0.01290428521317630098 -22.31556208899975857 -0.03646670498859128084 -0.03122220236057954637 0.9988470120629234783 -1.693712662840242356
0.9057005042612215062 0.4218271950346038079 0.04205251609841478139 66.08247326457139081 -0.4225809937572200248 0.9062632988603398498 0.01058946901098792477 -22.70902994542371545 -0.03364372595491603446 -0.02736148146596995012 0.9990592820427914855 -1.735873390033286112
0.9056057945401617681 0.4220878640804892612 0.04147264027347119519 66.89819073790678772 -0.4229749106374516843 0.9060135696038931208 0.01521961447774459672 -23.11490609830451959 -0.03115076028802610947 -0.03132485737528350328 0.9990237151558996054 -1.774113002925600036
0.9057476082161413089 0.4217285718968734054 0.04202715617982053647 67.70277772047154485 -0.4227462205567076303 0.9060513380091889113 0.0188840116706689258 -23.51291998380819237 -0.0301148338158924514 -0.03487096983999968952 0.9989379921930384709 -1.8017390362711172
0.9051230518840288619 0.4230984197391347568 0.04171316533648090213 68.53351632782828062 -0.4240788369766229082 0.9054465173873129658 0.01799289247845573675 -23.86961009140814838 -0.03015627590894703544 -0.03397545239482944318 0.9989676009049893723 -1.833539060222868278
0.9049965758796767457 0.4232666023559243373 0.04273851864691070174 69.3264380567000984 -0.4243863224145990043 0.9052278351459670525 0.02141998656297592132 -24.25792254378451318 -0.02962173177706814778 -0.03752265724889208842 0.9988566479728258063 -1.853957913685367442
0.9048859391019357101 0.4235809442828906146 0.04195975281174491728 70.13385618182572045 -0.4247033677859043399 0.905052262744552527 0.02252667512697658844 -24.64541418144085938 -0.02843389890463319386 -0.03820451990773055667 0.9988653202768134065 -1.894180688167415916
0.9046604223018257507 0.4239553684339678608 0.04302750163210542628 70.94138036242726741 -0.4252167639109368236 0.9047198857520257764 0.02593515016251408609 -25.02702363526246288 -0.02793249021825458533 -0.04175851890165768049 0.9987372037174478967 -1.924797429596130538
0.9046714834659131954 0.4240957685524675558 0.04137977887176125941 71.73244616334045531 -0.4250843347034191644 0.904961871128259876 0.01863652848011697685 -25.41773139450731733 -0.02954344924573754777 -0.03444983163863939851 0.9989696660593523347 -1.945976615568094648
0.9041921511473143269 0.4246656116030557704 0.04577851161183312673 72.52851848259669509 -0.4259081352103979978 0.904508336733398699 0.02160854324988156425 -25.80150804297997169 -0.03223064016108772439 -0.03903571571757358943 0.998717877447491853 -1.974237963783551653
0.9044405241141845186 0.4240103148178542281 0.04693177248009502284 73.34157458206286151 -0.4251929875810310233 0.9049131898309629163 0.0185213979458598299 -26.20991304287336732 -0.03461591616549299782 -0.03670656341876565865 0.9987263722111315856 -2.008349058319518932
0.9043407491437568391 0.423867202221572259 0.05004402380869747702 74.15857889457168994 -0.4252351567914108288 0.9048534817659215079 0.0203773885636378306 -26.59198348631093012 -0.03664520250582554983 -0.03970858114999822885 0.9985391117609569989 -2.037601179888689273
0.9043645477341473171 0.4238511395825513839 0.04974913342143533895 74.99402298764363195 -0.4251100518282156515 0.904967680433421906 0.01774658292640176119 -26.99290942913474822 -0.0374994484789175353 -0.03719823712925706544 0.9986040669445787055 -2.079812185925530521
0.9041965986197062488 0.4244154325726343657 0.0479588536011605962 75.83767065689538356 -0.4254383433155580208 0.9048921567008405553 0.01313014768442888856 -27.37710301880343877 -0.03782495315882462156 -0.03227577009902616451 0.9987630087178076543 -2.116927373820185476
0.9044365059174936938 0.4234539595321650252 0.05178176242932402973 76.64479067131421175 -0.4249478641069747153 0.9049537675834864459 0.02186301276982219322 -27.7974217232785854 -0.0376021216778463091 -0.04177825622240356751 0.9984190792209149956 -2.148362576729724971
0.9045083049233537675 0.4236252342050247921 0.04905494133539568119 77.47309057874898031 -0.4249818201524812045 0.9049545287843238084 0.02116018366240323897 -28.18933140579427743 -0.0354285035609087362 -0.03998702011253684602 0.998571909958393622 -2.19449925819415137
0.9046196855889506727 0.4234780050493525128 0.04826596818016348767 78.31872606831363726 -0.4249201885453746108 0.90489645395360363 0.02460164605787512962 -28.60216688590496759 -0.03325744745934817309 -0.04276431762128576897 0.9985314994164553593 -2.233441505128188176
0.9046708678113533075 0.423631888468539719 0.04589819175121787054 79.16055501644666492 -0.4248879794783262387 0.9049811270168953703 0.0218943974124736554 -28.99384484744320289 -0.03226183237632779255 -0.03930881346223293049 0.9987061586652568046 -2.26626906107059467
0.9046119050364309633 0.4234428097731999796 0.04871845766992954213 79.99162247582914631 -0.4249184443286048718 0.9048858315214702852 0.02501894444327652095 -29.4118123004229659 -0.03349054994647714112 -0.04333380623802845361 0.9984991558840735637 -2.302300693843476687
0.9042720208236745272 0.4240266728220541403 0.0499348885142101781 80.85877845745091008 -0.4255381533425904861 0.9046083536932856273 0.0245154334675401972 -29.80621875341755356 -0.03477631960466592148 -0.04341782080876604999 0.9984515513689043997 -2.330380873452402302
0.9041864078364816315 0.4243942944560569752 0.04833655673406268144 81.71150228080860245 -0.4257902122174870296 0.9045262782205863994 0.02312806062344482591 -30.23613798152640442 -0.0339062687942361593 -0.04149331080499610996 0.9985633029983091991 -2.384199348487866743
0.9039780656306231066 0.4248226241953269589 0.04847055632559803956 82.5722753865268686 -0.4263210542530657676 0.9041975494433937 0.02602211138851261152 -30.645007850725694 -0.03277217660259270499 -0.04418743658957379611 0.9984855807112944515 -2.423142539421586417
0.9037283820505015441 0.4256690487460642602 0.04561658049441520008 83.44731675757813605 -0.4268377927493799961 0.9041174175450557016 0.01952418941971095778 -31.06293860536193208 -0.03293190181602049377 -0.03711544464613350525 0.9987682081501692011 -2.460156183672648211
0.9033477975019813533 0.4261926189364039774 0.04819344677908488778 84.31541318277088237 -0.4275054613939864301 0.9037721710878227066 0.02085529298566846448 -31.47580764959126398 -0.03466752409149092412 -0.03944254468632134303 0.9986202723968873318 -2.492749928024832862
0.9029026656199943268 0.4269652638062693129 0.0496733320721659613 85.17329033252141812 -0.4283213156631242025 0.9033960142345855981 0.02040813596766466453 -31.88710799189579959 -0.03616112505051758547 -0.03970270731206109599 0.9985569928988398125 -2.542795266434905166
0.9028039136038946699 0.4271773995449820172 0.04964436422675033017 86.02204985072110333 -0.4283626984340592192 0.9034680250897015874 0.01584065121153446776 -32.33000293476691667 -0.03808532751313358639 -0.03556679573002164557 0.9986413324460970964 -2.57631512940414531
0.9025318015367845836 0.4272555073614311416 0.05375015017739206979 86.87362177501226768 -0.4287373458191304776 0.903220744048046531 0.01940556160642091868 -32.76347416595736206 -0.04025711756613342684 -0.04055883320091087374 0.998365837523824351 -2.613791091763288943
0.9018724026587269238 0.4285305372698228754 0.054660295917714187 87.76744726700903243 -0.4299608091805997012 0.9026828382754323865 0.0172451747388488591 -33.1603301101654111 -0.04195082706382639165 -0.03905473223882662687 0.9983560767573934625 -2.651965578698353809
0.9015527789607644671 0.4294898233571457502 0.05235530900272403892 88.6575035090029786 -0.4306114591538661163 0.902459236674338694 0.01187844209264502307 -33.57153277397986813 -0.04214686220231927266 -0.03325383848246317442 0.9985578722501169402 -2.700902144191723586
0.9016266837134110368 0.4288550695623686848 0.05614848641426199022 89.52006059536098803 -0.4305057258381914109 0.9023426371688111347 0.02103770823467342177 -34.03604850851034769 -0.04164304547566863995 -0.04314040400704659967 0.9982007625250645111 -2.749363787169524009
0.9013361914340044523 0.429365582742635421 0.05690576743459999781 90.41148339879397611 -0.4311638155724911714 0.9019604442528733612 0.02377227679735789689 -34.45310829280138165 -0.04111975379564570404 -0.04596252124542846845 0.9980964945778283415 -2.791168907745822381
0.9013997310962242882 0.429208238606402448 0.05708601135167977458 91.2855310861792475 -0.4309796126716866627 0.9020703181932481218 0.02292846475660667224 -34.90754487207811962 -0.041654510452261026 -0.04527061902737296306 0.9981059426793635891 -2.839765389543306817
0.9008834273006941507 0.4304125121253740693 0.05616155109040048971 92.16502544322662516 -0.432026926790128718 0.9016360511674836875 0.02012872980054640493 -35.31435580746208558 -0.04197362199324353171 -0.04239694141127838684 0.9982187708191710973 -2.877254736607388175
0.9007340145685578392 0.430738817631596882 0.05605627515758582896 93.0442333465549325 -0.4325071424964961886 0.9013116876447275772 0.02397526651631768854 -35.75185476867235934 -0.04019709801371980362 -0.0458400774469987296 0.9981397099659589101 -2.918918096771001558
0.9008399355056894153 0.4308166833519974648 0.05370657263026572953 93.94052853407113446 -0.4325360021879373074 0.9012559401853080798 0.02550170762856894882 -36.19342655349534965 -0.03741680650966826283 -0.04620298287211623695 0.9982310689235919243 -2.968248377967463991
0.9008389454559332377 0.4310297837123820974 0.0519857663471381265 94.8260037358965775 -0.4326677553930548537 0.9011945811574382237 0.0254350218322142857 -36.63931124012194829 -0.03588603897029854495 -0.04540542308278461975 0.9983238651668583374 -3.022221118041275911
0.9004774585065686843 0.4315934589556935652 0.05354841648649416586 95.73121128176485684 -0.4332596499970535753 0.900942230292588242 0.02427289352029407196 -37.0650229258510322 -0.03776800770469149887 -0.04505756165258988089 0.9982702007632709984 -3.056399151092877187
0.9002291793361700822 0.4316906846321735824 0.05683816916061694424 96.63920576583919342 -0.4335304872816091448 0.9007967904714484497 0.02482858984533512642 -37.51346417365549968 -0.04048136940737285389 -0.0469925002329372038 0.9980746282982857487 -3.09582074500969906
