1.000000e+00 0.000000e+00 0.000000e+00 0.000000e+00 0.000000e+00 1.000000e+00 0.000000e+00 0.000000e+00 0.000000e+00 0.000000e+00 1.000000e+00 0.000000e+00
9.999997e-01 4.511872e-04 -5.955880e-04 8.650000e-02 -4.516350e-04 9.999996e-01 -7.519693e-04 -2.179922e-03 5.952484e-04 7.522381e-04 9.999995e-01 -6.426056e-03
9.999962e-01 1.581918e-03 -2.277786e-03 3.307567e-01 -1.586148e-03 9.999970e-01 -1.856421e-03 -1.460402e-02 2.274842e-03 1.860027e-03 9.999957e-01 -4.768543e-03
9.999918e-01 2.718629e-03 -2.994001e-03 5.619887e-01 -2.722599e-03 9.999954e-01 -1.322516e-03 -1.800021e-02 2.990391e-03 1.330657e-03 9.999946e-01 -1.267504e-02
9.999900e-01 3.987586e-03 -2.032714e-03 8.132493e-01 -3.988726e-03 9.999919e-01 -5.569338e-04 -1.332347e-02 2.030476e-03 5.650362e-04 9.999978e-01 -1.782438e-02
9.999851e-01 5.216954e-03 -1.590128e-03 1.071764e+00 -5.218926e-03 9.999856e-01 -1.238069e-03 -2.052668e-02 1.583646e-03 1.246349e-03 9.999980e-01 -1.711308e-02
9.999790e-01 6.236673e-03 -1.781602e-03 1.351658e+00 -6.240464e-03 9.999783e-01 -2.130311e-03 -3.651902e-02 1.768277e-03 2.141384e-03 9.999961e-01 -2.515510e-02
9.999703e-01 7.664281e-03 -7.888048e-04 1.666812e+00 -7.666353e-03 9.999671e-01 -2.658479e-03 -4.114132e-02 7.684035e-04 2.664448e-03 9.999962e-01 -2.293997e-02
9.999633e-01 8.554029e-03 3.757123e-04 1.993802e+00 -8.553362e-03 9.999619e-01 -1.741961e-03 -5.525996e-02 -3.905987e-04 1.738684e-03 9.999984e-01 -2.750928e-02
9.999503e-01 9.641711e-03 2.541415e-03 2.316448e+00 -9.632622e-03 9.999473e-01 -3.564521e-03 -6.097407e-02 -2.575650e-03 3.539864e-03 9.999904e-01 -2.308491e-02
9.999321e-01 1.068172e-02 4.663238e-03 2.650491e+00 -1.067061e-02 9.999402e-01 -2.401830e-03 -6.708825e-02 -4.688614e-03 2.351907e-03 9.999862e-01 -2.909801e-02
9.999136e-01 1.212765e-02 5.064957e-03 2.993405e+00 -1.211944e-02 9.999252e-01 -1.649406e-03 -5.234612e-02 -5.084581e-03 1.587879e-03 9.999858e-01 -3.484809e-02
9.999024e-01 1.325761e-02 4.414320e-03 3.373331e+00 -1.325012e-02 9.999107e-01 -1.721329e-03 -7.714388e-02 -4.436746e-03 1.662671e-03 9.999888e-01 -4.175010e-02
9.998788e-01 1.516576e-02 3.527784e-03 3.746350e+00 -1.515328e-02 9.998789e-01 -3.537726e-03 -7.308831e-02 -3.581010e-03 3.483840e-03 9.999875e-01 -4.967587e-02
9.998642e-01 1.609528e-02 3.541202e-03 4.125055e+00 -1.607623e-02 9.998565e-01 -5.345054e-03 -9.876467e-02 -3.626724e-03 5.287399e-03 9.999794e-01 -5.707758e-02
9.998469e-01 1.706281e-02 3.876039e-03 4.508005e+00 -1.703907e-02 9.998364e-01 -6.076872e-03 -1.219594e-01 -3.979093e-03 6.009897e-03 9.999740e-01 -5.526476e-02
9.998166e-01 1.882327e-02 3.538977e-03 4.916616e+00 -1.879821e-02 9.997989e-01 -6.985553e-03 -1.312289e-01 -3.669756e-03 6.917745e-03 9.999693e-01 -6.604064e-02
9.997891e-01 2.030446e-02 3.092063e-03 5.333253e+00 -2.028008e-02 9.997645e-01 -7.719995e-03 -1.366762e-01 -3.248086e-03 7.655659e-03 9.999654e-01 -7.004229e-02
9.997596e-01 2.181020e-02 2.240437e-03 5.743055e+00 -2.179160e-02 9.997304e-01 -8.015971e-03 -1.596324e-01 -2.414663e-03 7.965221e-03 9.999654e-01 -8.263222e-02
9.997351e-01 2.275313e-02 3.462367e-03 6.201252e+00 -2.272294e-02 9.997055e-01 -8.523132e-03 -1.840622e-01 -3.655275e-03 8.442199e-03 9.999577e-01 -7.561559e-02
9.997038e-01 2.396646e-02 4.237290e-03 6.621178e+00 -2.391964e-02 9.996558e-01 -1.077456e-02 -1.869249e-01 -4.494059e-03 1.067002e-02 9.999330e-01 -6.656131e-02
9.996925e-01 2.448494e-02 3.925180e-03 7.066423e+00 -2.443886e-02 9.996365e-01 -1.138587e-02 -2.325890e-01 -4.202535e-03 1.128645e-02 9.999275e-01 -8.615354e-02
9.996340e-01 2.667551e-02 4.495639e-03 7.521273e+00 -2.662077e-02 9.995757e-01 -1.182517e-02 -2.107437e-01 -4.809174e-03 1.170116e-02 9.999200e-01 -9.464668e-02
9.995954e-01 2.804946e-02 4.710184e-03 8.001582e+00 -2.798876e-02 9.995302e-01 -1.249362e-02 -2.650494e-01 -5.058410e-03 1.235674e-02 9.999109e-01 -1.040139e-01
9.995396e-01 2.999261e-02 4.587220e-03 8.453337e+00 -2.994228e-02 9.994947e-01 -1.067209e-02 -2.998690e-01 -4.904985e-03 1.052982e-02 9.999325e-01 -1.205376e-01
9.994614e-01 3.266053e-02 3.192263e-03 8.912874e+00 -3.261582e-02 9.993811e-01 -1.317559e-02 -3.172704e-01 -3.620609e-03 1.306437e-02 9.999081e-01 -1.140806e-01
9.993055e-01 3.709624e-02 3.532700e-03 9.391509e+00 -3.704968e-02 9.992360e-01 -1.244217e-02 -3.059749e-01 -3.991559e-03 1.230264e-02 9.999164e-01 -1.311991e-01
9.991527e-01 4.100584e-02 3.528071e-03 9.898407e+00 -4.095749e-02 9.990785e-01 -1.282941e-02 -3.541930e-01 -4.050901e-03 1.267404e-02 9.999115e-01 -1.360669e-01
9.989493e-01 4.570055e-02 3.436744e-03 1.039059e+01 -4.566219e-02 9.989016e-01 -1.051545e-02 -3.901818e-01 -3.913532e-03 1.034748e-02 9.999388e-01 -1.268957e-01
9.987001e-01 5.090674e-02 2.571156e-03 1.088918e+01 -5.088292e-02 9.986675e-01 -8.610243e-03 -4.374534e-01 -3.006049e-03 8.468222e-03 9.999596e-01 -1.304460e-01
9.983305e-01 5.772556e-02 1.984990e-03 1.138936e+01 -5.771135e-02 9.983115e-01 -6.593650e-03 -4.544636e-01 -2.362260e-03 6.468086e-03 9.999763e-01 -1.467113e-01
9.978674e-01 6.526919e-02 7.403136e-04 1.191773e+01 -6.526200e-02 9.978410e-01 -7.362747e-03 -4.958714e-01 -1.219276e-03 7.298731e-03 9.999726e-01 -1.638979e-01
9.973653e-01 7.254205e-02 2.381908e-04 1.239531e+01 -7.253745e-02 9.973299e-01 -8.449734e-03 -5.689945e-01 -8.505158e-04 8.410194e-03 9.999643e-01 -1.698635e-01
9.966832e-01 8.137633e-02 6.586355e-04 1.288259e+01 -8.136590e-02 9.966354e-01 -9.871051e-03 -6.114123e-01 -1.459689e-03 9.784721e-03 9.999511e-01 -1.664317e-01
9.958453e-01 9.103900e-02 2.031511e-03 1.337721e+01 -9.102210e-02 9.958224e-01 -7.262222e-03 -6.542692e-01 -2.684170e-03 7.047137e-03 9.999716e-01 -1.738299e-01
9.948490e-01 1.012901e-01 3.962687e-03 1.392700e+01 -1.012751e-01 9.948511e-01 -3.828514e-03 -7.256921e-01 -4.330074e-03 3.407472e-03 9.999848e-01 -1.793353e-01
9.937249e-01 1.116323e-01 7.010400e-03 1.447855e+01 -1.116389e-01 9.937487e-01 5.568990e-04 -8.101923e-01 -6.904408e-03 -1.336038e-03 9.999753e-01 -1.879556e-01
9.923615e-01 1.230701e-01 8.506439e-03 1.500952e+01 -1.230717e-01 9.923977e-01 -3.346773e-04 -8.896124e-01 -8.482960e-03 -7.147815e-04 9.999638e-01 -2.024251e-01
9.908292e-01 1.347598e-01 9.866529e-03 1.553325e+01 -1.347600e-01 9.908781e-01 -6.528979e-04 -9.798378e-01 -9.864511e-03 -6.827030e-04 9.999511e-01 -2.078802e-01
9.890709e-01 1.471621e-01 9.054420e-03 1.605921e+01 -1.471415e-01 9.891112e-01 -2.902633e-03 -1.081765e+00 -9.382986e-03 1.538629e-03 9.999548e-01 -2.263012e-01
9.871811e-01 1.593713e-01 8.621800e-03 1.659557e+01 -1.593568e-01 9.872183e-01 -2.339995e-03 -1.177305e+00 -8.884526e-03 9.360562e-04 9.999601e-01 -2.370091e-01
9.851178e-01 1.716412e-01 9.067174e-03 1.709012e+01 -1.716469e-01 9.851585e-01 -1.494388e-04 -1.262560e+00 -8.958254e-03 -1.409138e-03 9.999589e-01 -2.479647e-01
9.828455e-01 1.841908e-01 9.404501e-03 1.767498e+01 -1.841940e-01 9.828898e-01 -5.390613e-04 -1.402231e+00 -9.342878e-03 -1.202439e-03 9.999556e-01 -2.596431e-01
9.804354e-01 1.965535e-01 1.063594e-02 1.824281e+01 -1.965610e-01 9.804915e-01 -3.394426e-04 -1.549429e+00 -1.049517e-02 -1.757810e-03 9.999434e-01 -2.828702e-01
9.777432e-01 2.093473e-01 1.385573e-02 1.880795e+01 -2.093824e-01 9.778332e-01 1.114458e-03 -1.671735e+00 -1.331528e-02 -3.990799e-03 9.999034e-01 -2.925608e-01
9.747789e-01 2.225319e-01 1.689995e-02 1.939473e+01 -2.226033e-01 9.749061e-01 2.442871e-03 -1.810659e+00 -1.593224e-02 -6.143242e-03 9.998542e-01 -3.151771e-01
9.718480e-01 2.347496e-01 2.010186e-02 1.995376e+01 -2.349117e-01 9.719976e-01 6.090307e-03 -1.973823e+00 -1.810926e-02 -1.064102e-02 9.997794e-01 -3.351939e-01
9.685040e-01 2.482652e-01 1.908980e-02 2.058679e+01 -2.483274e-01 9.686757e-01 9.209052e-04 -2.151978e+00 -1.826320e-02 -5.632420e-03 9.998173e-01 -3.472770e-01
9.649752e-01 2.614978e-01 2.101559e-02 2.120919e+01 -2.616064e-01 9.651713e-01 2.544329e-03 -2.340898e+00 -1.961831e-02 -7.953027e-03 9.997759e-01 -3.541743e-01
9.614716e-01 2.740642e-01 2.147613e-02 2.181176e+01 -2.742466e-01 9.616406e-01 6.009080e-03 -2.557122e+00 -1.900545e-02 -1.166732e-02 9.997513e-01 -3.846641e-01
9.575057e-01 2.875764e-01 2.197088e-02 2.244118e+01 -2.878521e-01 9.576166e-01 1.056132e-02 -2.758235e+00 -1.800249e-02 -1.643689e-02 9.997028e-01 -4.088859e-01
9.536508e-01 3.000802e-01 2.240814e-02 2.308369e+01 -3.003934e-01 9.537378e-01 1.216508e-02 -2.974295e+00 -1.772099e-02 -1.833250e-02 9.996749e-01 -4.343542e-01
9.496941e-01 3.119890e-01 2.727602e-02 2.369055e+01 -3.124870e-01 9.497815e-01 1.633996e-02 -3.184180e+00 -2.080837e-02 -2.404136e-02 9.994944e-01 -4.516874e-01
9.457334e-01 3.235119e-01 3.047051e-02 2.430635e+01 -3.240862e-01 9.458894e-01 1.616921e-02 -3.415707e+00 -2.359080e-02 -2.516683e-02 9.994049e-01 -4.722361e-01
9.418748e-01 3.344786e-01 3.155843e-02 2.492731e+01 -3.350868e-01 9.420456e-01 1.634114e-02 -3.651593e+00 -2.426372e-02 -2.596612e-02 9.993683e-01 -4.896910e-01
9.378769e-01 3.451160e-01 3.580305e-02 2.556070e+01 -3.460178e-01 9.379474e-01 2.294327e-02 -3.898341e+00 -2.566329e-02 -3.390646e-02 9.990955e-01 -5.126184e-01
9.335843e-01 3.562455e-01 3.885230e-02 2.621774e+01 -3.573557e-01 9.335883e-01 2.664106e-02 -4.156878e+00 -2.678130e-02 -3.875576e-02 9.988898e-01 -5.370116e-01
9.294987e-01 3.668520e-01 3.810094e-02 2.686104e+01 -3.680520e-01 9.292734e-01 3.144364e-02 -4.432168e+00 -2.387103e-02 -4.324995e-02 9.987791e-01 -5.586140e-01
9.256424e-01 3.768989e-01 3.366572e-02 2.751770e+01 -3.779261e-01 9.252672e-01 3.244342e-02 -4.713095e+00 -1.892189e-02 -4.275416e-02 9.989064e-01 -5.814846e-01
9.219333e-01 3.863510e-01 2.778186e-02 2.813830e+01 -3.870955e-01 9.215503e-01 3.003387e-02 -4.991966e+00 -1.399876e-02 -3.844346e-02 9.991627e-01 -5.976990e-01
9.184957e-01 3.947075e-01 2.390957e-02 2.878154e+01 -3.953173e-01 9.180016e-01 3.157985e-02 -5.266031e+00 -9.484215e-03 -3.845782e-02 9.992152e-01 -6.104941e-01
9.158407e-01 4.007151e-01 2.575290e-02 2.941754e+01 -4.014070e-01 9.153098e-01 3.286904e-02 -5.563606e+00 -1.040077e-02 -4.044020e-02 9.991278e-01 -6.267737e-01
9.134774e-01 4.056102e-01 3.223838e-02 3.004943e+01 -4.065848e-01 9.129892e-01 3.375792e-02 -5.860950e+00 -1.574073e-02 -4.394473e-02 9.989100e-01 -6.342524e-01
9.115694e-01 4.097145e-01 3.428039e-02 3.067836e+01 -4.106513e-01 9.113916e-01 2.703560e-02 -6.156427e+00 -2.016598e-02 -3.872212e-02 9.990465e-01 -6.566162e-01
9.101821e-01 4.123786e-01 3.889026e-02 3.132900e+01 -4.135896e-01 9.099377e-01 3.093433e-02 -6.466935e+00 -2.263106e-02 -4.424049e-02 9.987645e-01 -6.695030e-01
9.088500e-01 4.154435e-01 3.739540e-02 3.199528e+01 -4.165799e-01 9.085855e-01 3.055522e-02 -6.776025e+00 -2.128295e-02 -4.334828e-02 9.988333e-01 -6.971183e-01
9.079249e-01 4.176005e-01 3.580848e-02 3.264280e+01 -4.186576e-01 9.076470e-01 3.004459e-02 -7.109686e+00 -1.995483e-02 -4.226972e-02 9.989069e-01 -7.073721e-01
9.066336e-01 4.203520e-01 3.632721e-02 3.332725e+01 -4.214576e-01 9.063041e-01 3.140724e-02 -7.422814e+00 -1.972140e-02 -4.378524e-02 9.988463e-01 -7.391654e-01
9.053070e-01 4.229167e-01 3.950686e-02 3.400449e+01 -4.242155e-01 9.049306e-01 3.379214e-02 -7.729128e+00 -2.145970e-02 -4.735168e-02 9.986477e-01 -7.475821e-01
9.046069e-01 4.246291e-01 3.710165e-02 3.466592e+01 -4.257440e-01 9.043372e-01 3.026864e-02 -8.074208e+00 -2.069945e-02 -4.317703e-02 9.988530e-01 -7.764862e-01
9.035861e-01 4.266297e-01 3.897874e-02 3.534020e+01 -4.280156e-01 9.029035e-01 3.959807e-02 -8.393939e+00 -1.830032e-02 -5.246378e-02 9.984551e-01 -7.949248e-01
9.029710e-01 4.282761e-01 3.497243e-02 3.602000e+01 -4.294058e-01 9.023751e-01 3.646730e-02 -8.716585e+00 -1.594018e-02 -4.794628e-02 9.987227e-01 -7.979814e-01
9.023567e-01 4.298108e-01 3.185921e-02 3.668066e+01 -4.307130e-01 9.019593e-01 3.091503e-02 -9.045962e+00 -1.544810e-02 -4.161856e-02 9.990141e-01 -8.308405e-01
9.017405e-01 4.308432e-01 3.518838e-02 3.738380e+01 -4.319010e-01 9.013626e-01 3.173393e-02 -9.384669e+00 -1.804514e-02 -4.381367e-02 9.988767e-01 -8.447171e-01
9.014700e-01 4.311560e-01 3.816278e-02 3.810906e+01 -4.323561e-01 9.011269e-01 3.222585e-02 -9.739353e+00 -2.049514e-02 -4.555055e-02 9.987518e-01 -8.714768e-01
9.012843e-01 4.316963e-01 3.639787e-02 3.883289e+01 -4.326773e-01 9.011912e-01 2.539479e-02 -1.009963e+01 -2.183860e-02 -3.863646e-02 9.990147e-01 -8.709443e-01
9.014132e-01 4.314115e-01 3.658327e-02 3.956639e+01 -4.324578e-01 9.012160e-01 2.810701e-02 -1.047916e+01 -2.084374e-02 -4.115675e-02 9.989353e-01 -9.095273e-01
9.013220e-01 4.315091e-01 3.766305e-02 4.031635e+01 -4.326579e-01 9.010310e-01 3.082586e-02 -1.085718e+01 -2.063393e-02 -4.407924e-02 9.988149e-01 -9.317165e-01
9.010253e-01 4.320146e-01 3.894611e-02 4.105902e+01 -4.332469e-01 9.007047e-01 3.206416e-02 -1.121205e+01 -2.122676e-02 -4.576390e-02 9.987267e-01 -9.543651e-01
9.010485e-01 4.319954e-01 3.862189e-02 4.180013e+01 -4.331121e-01 9.009211e-01 2.747754e-02 -1.157910e+01 -2.292510e-02 -4.148620e-02 9.988760e-01 -9.758753e-01
9.008449e-01 4.322610e-01 4.035973e-02 4.255174e+01 -4.334792e-01 9.007077e-01 2.866085e-02 -1.193357e+01 -2.396335e-02 -4.331408e-02 9.987741e-01 -9.924165e-01
9.008995e-01 4.321131e-01 4.072350e-02 4.330069e+01 -4.333948e-01 9.006825e-01 3.065738e-02 -1.231025e+01 -2.343149e-02 -4.526858e-02 9.987000e-01 -1.023093e+00
9.010130e-01 4.320772e-01 3.853296e-02 4.405162e+01 -4.332221e-01 9.008240e-01 2.889015e-02 -1.267638e+01 -2.222865e-02 -4.272373e-02 9.988396e-01 -1.038795e+00
9.012472e-01 4.315021e-01 3.948936e-02 4.479623e+01 -4.327922e-01 9.008678e-01 3.358879e-02 -1.304644e+01 -2.108106e-02 -4.736249e-02 9.986553e-01 -1.072816e+00
9.012990e-01 4.316034e-01 3.713026e-02 4.554269e+01 -4.327417e-01 9.009685e-01 3.147195e-02 -1.340621e+01 -1.986979e-02 -4.443345e-02 9.988147e-01 -1.106018e+00
9.015081e-01 4.310866e-01 3.804582e-02 4.628081e+01 -4.322856e-01 9.011534e-01 3.242906e-02 -1.376610e+01 -2.030538e-02 -4.568172e-02 9.987497e-01 -1.122392e+00
9.017648e-01 4.306620e-01 3.675001e-02 4.702321e+01 -4.317804e-01 9.014353e-01 3.130539e-02 -1.413016e+01 -1.964572e-02 -4.409804e-02 9.988340e-01 -1.150244e+00
9.019096e-01 4.303855e-01 3.643243e-02 4.779131e+01 -4.314971e-01 9.015583e-01 3.166844e-02 -1.449483e+01 -1.921633e-02 -4.428256e-02 9.988342e-01 -1.155199e+00
9.021810e-01 4.300632e-01 3.339259e-02 4.854345e+01 -4.309748e-01 9.019362e-01 2.778172e-02 -1.486227e+01 -1.817009e-02 -3.945551e-02 9.990561e-01 -1.171132e+00
9.026628e-01 4.292320e-01 3.098127e-02 4.931344e+01 -4.300342e-01 9.024142e-01 2.681608e-02 -1.523995e+01 -1.644762e-02 -3.752888e-02 9.991602e-01 -1.202042e+00
9.029890e-01 4.285237e-01 3.127727e-02 5.007822e+01 -4.293569e-01 9.027006e-01 2.800580e-02 -1.561967e+01 -1.623286e-02 -3.871805e-02 9.991183e-01 -1.225730e+00
9.033769e-01 4.275175e-01 3.374805e-02 5.082861e+01 -4.285071e-01 9.029951e-01 3.132812e-02 -1.598942e+01 -1.708100e-02 -4.276238e-02 9.989392e-01 -1.237216e+00
9.037401e-01 4.267922e-01 3.320041e-02 5.156630e+01 -4.276706e-01 9.035505e-01 2.634930e-02 -1.635869e+01 -1.875257e-02 -3.801176e-02 9.991013e-01 -1.261119e+00
9.040277e-01 4.259012e-01 3.663466e-02 5.231420e+01 -4.269631e-01 9.038138e-01 2.869051e-02 -1.673035e+01 -2.089159e-02 -4.157866e-02 9.989168e-01 -1.285522e+00
9.042602e-01 4.254656e-01 3.595178e-02 5.306582e+01 -4.263562e-01 9.042853e-01 2.210186e-02 -1.708191e+01 -2.310709e-02 -3.531409e-02 9.991091e-01 -1.300074e+00
9.045548e-01 4.245056e-01 3.969442e-02 5.381410e+01 -4.256182e-01 9.045445e-01 2.546474e-02 -1.744368e+01 -2.509544e-02 -3.992892e-02 9.988873e-01 -1.324639e+00
9.046271e-01 4.242913e-01 4.033138e-02 5.454910e+01 -4.253985e-01 9.046806e-01 2.427201e-02 -1.778687e+01 -2.618861e-02 -3.911403e-02 9.988915e-01 -1.348407e+00
9.047168e-01 4.240817e-01 4.052414e-02 5.530202e+01 -4.251372e-01 9.048599e-01 2.206567e-02 -1.813514e+01 -2.731103e-02 -3.719151e-02 9.989349e-01 -1.370311e+00
9.051266e-01 4.234812e-01 3.754366e-02 5.603255e+01 -4.242511e-01 9.054152e-01 1.530688e-02 -1.851351e+01 -2.751042e-02 -2.978260e-02 9.991777e-01 -1.397199e+00
9.052892e-01 4.228518e-01 4.059310e-02 5.677047e+01 -4.238472e-01 9.055166e-01 1.983156e-02 -1.887208e+01 -2.837192e-02 -3.515857e-02 9.989789e-01 -1.422863e+00
9.055976e-01 4.220594e-01 4.193953e-02 5.751932e+01 -4.231694e-01 9.057803e-01 2.212834e-02 -1.921798e+01 -2.864853e-02 -3.778689e-02 9.988751e-01 -1.452307e+00
9.058414e-01 4.216008e-01 4.128115e-02 5.828275e+01 -4.226782e-01 9.060163e-01 2.185564e-02 -1.956963e+01 -2.818704e-02 -3.724639e-02 9.989085e-01 -1.482186e+00
9.061300e-01 4.211813e-01 3.917434e-02 5.903003e+01 -4.221080e-01 9.063435e-01 1.913986e-02 -1.992926e+01 -2.744405e-02 -3.387901e-02 9.990491e-01 -1.516697e+00
9.064941e-01 4.205040e-01 3.801063e-02 5.978870e+01 -4.213706e-01 9.067027e-01 1.835818e-02 -2.029849e+01 -2.674466e-02 -3.265815e-02 9.991087e-01 -1.547860e+00
9.066218e-01 4.201570e-01 3.879326e-02 6.055376e+01 -4.210667e-01 9.068307e-01 1.899758e-02 -2.066131e+01 -2.719696e-02 -3.355817e-02 9.990667e-01 -1.571488e+00
9.068796e-01 4.194591e-01 4.029190e-02 6.133134e+01 -4.204623e-01 9.070781e-01 2.051439e-02 -2.103531e+01 -2.794295e-02 -3.554531e-02 9.989773e-01 -1.577745e+00
9.068239e-01 4.195143e-01 4.096438e-02 6.211250e+01 -4.205660e-01 9.070102e-01 2.137229e-02 -2.138247e+01 -2.818913e-02 -3.660913e-02 9.989320e-01 -1.620609e+00
9.067231e-01 4.196195e-01 4.210470e-02 6.288687e+01 -4.206333e-01 9.070382e-01 1.869124e-02 -2.174814e+01 -3.034736e-02 -3.465842e-02 9.989384e-01 -1.646234e+00
9.066926e-01 4.196459e-01 4.249528e-02 6.365775e+01 -4.204319e-01 9.072547e-01 1.121885e-02 -2.215313e+01 -3.384610e-02 -2.803842e-02 9.990337e-01 -1.674406e+00
9.061570e-01 4.206113e-01 4.433548e-02 6.445616e+01 -4.213861e-01 9.068323e-01 9.429880e-03 -2.254840e+01 -3.623853e-02 -2.722731e-02 9.989722e-01 -1.719535e+00
9.056364e-01 4.215264e-01 4.623987e-02 6.529439e+01 -4.224841e-01 9.062785e-01 1.290429e-02 -2.292030e+01 -3.646670e-02 -3.122220e-02 9.988470e-01 -1.754568e+00
9.057005e-01 4.218272e-01 4.205252e-02 6.610742e+01 -4.225810e-01 9.062633e-01 1.058947e-02 -2.331708e+01 -3.364373e-02 -2.736148e-02 9.990593e-01 -1.791503e+00
9.056058e-01 4.220879e-01 4.147264e-02 6.692227e+01 -4.229749e-01 9.060136e-01 1.521961e-02 -2.371724e+01 -3.115076e-02 -3.132486e-02 9.990237e-01 -1.827203e+00
9.057476e-01 4.217286e-01 4.202716e-02 6.772773e+01 -4.227462e-01 9.060513e-01 1.888401e-02 -2.410990e+01 -3.011483e-02 -3.487097e-02 9.989380e-01 -1.854326e+00
9.051231e-01 4.230984e-01 4.171317e-02 6.855748e+01 -4.240788e-01 9.054465e-01 1.799289e-02 -2.446984e+01 -3.015628e-02 -3.397545e-02 9.989676e-01 -1.885929e+00
9.049966e-01 4.232666e-01 4.273852e-02 6.935167e+01 -4.243863e-01 9.052278e-01 2.141999e-02 -2.485395e+01 -2.962173e-02 -3.752266e-02 9.988566e-01 -1.906593e+00
9.048859e-01 4.235809e-01 4.195975e-02 7.015794e+01 -4.247034e-01 9.050523e-01 2.252668e-02 -2.524042e+01 -2.843390e-02 -3.820452e-02 9.988653e-01 -1.945280e+00
9.046604e-01 4.239554e-01 4.302750e-02 7.096670e+01 -4.252168e-01 9.047199e-01 2.593515e-02 -2.561817e+01 -2.793249e-02 -4.175852e-02 9.987372e-01 -1.976214e+00
9.046715e-01 4.240958e-01 4.137978e-02 7.175555e+01 -4.250843e-01 9.049619e-01 1.863653e-02 -2.601863e+01 -2.954345e-02 -3.444983e-02 9.989697e-01 -1.997608e+00
9.041922e-01 4.246656e-01 4.577851e-02 7.255711e+01 -4.259081e-01 9.045083e-01 2.160854e-02 -2.639961e+01 -3.223064e-02 -3.903572e-02 9.987179e-01 -2.031131e+00
9.044405e-01 4.240103e-01 4.693177e-02 7.337194e+01 -4.251930e-01 9.049132e-01 1.852140e-02 -2.681113e+01 -3.461592e-02 -3.670656e-02 9.987264e-01 -2.068058e+00
9.043407e-01 4.238672e-01 5.004402e-02 7.419303e+01 -4.252352e-01 9.048535e-01 2.037739e-02 -2.719074e+01 -3.664520e-02 -3.970858e-02 9.985391e-01 -2.101169e+00
9.043645e-01 4.238511e-01 4.974913e-02 7.502810e+01 -4.251101e-01 9.049677e-01 1.774658e-02 -2.759506e+01 -3.749945e-02 -3.719824e-02 9.986041e-01 -2.143901e+00
9.041966e-01 4.244154e-01 4.795885e-02 7.586919e+01 -4.254383e-01 9.048922e-01 1.313015e-02 -2.798606e+01 -3.782495e-02 -3.227577e-02 9.987630e-01 -2.180080e+00
9.044365e-01 4.234540e-01 5.178176e-02 7.668166e+01 -4.249479e-01 9.049538e-01 2.186301e-02 -2.839371e+01 -3.760212e-02 -4.177826e-02 9.984191e-01 -2.213950e+00
9.045083e-01 4.236252e-01 4.905494e-02 7.750637e+01 -4.249818e-01 9.049545e-01 2.116018e-02 -2.878663e+01 -3.542850e-02 -3.998702e-02 9.985719e-01 -2.256361e+00
9.046197e-01 4.234780e-01 4.826597e-02 7.835105e+01 -4.249202e-01 9.048965e-01 2.460165e-02 -2.919467e+01 -3.325745e-02 -4.276432e-02 9.985315e-01 -2.292942e+00
9.046709e-01 4.236319e-01 4.589819e-02 7.918974e+01 -4.248880e-01 9.049811e-01 2.189440e-02 -2.958999e+01 -3.226183e-02 -3.930881e-02 9.987062e-01 -2.323288e+00
9.046119e-01 4.234428e-01 4.871846e-02 8.002454e+01 -4.249184e-01 9.048858e-01 2.501894e-02 -3.000375e+01 -3.349055e-02 -4.333381e-02 9.984992e-01 -2.362314e+00
9.042720e-01 4.240267e-01 4.993489e-02 8.089302e+01 -4.255382e-01 9.046084e-01 2.451543e-02 -3.039979e+01 -3.477632e-02 -4.341782e-02 9.984516e-01 -2.392305e+00
9.041864e-01 4.243943e-01 4.833656e-02 8.174352e+01 -4.257902e-01 9.045263e-01 2.312806e-02 -3.083199e+01 -3.390627e-02 -4.149331e-02 9.985633e-01 -2.444273e+00
9.039781e-01 4.248226e-01 4.847056e-02 8.260429e+01 -4.263211e-01 9.041975e-01 2.602211e-02 -3.123773e+01 -3.277218e-02 -4.418744e-02 9.984856e-01 -2.482359e+00
9.037284e-01 4.256690e-01 4.561658e-02 8.347527e+01 -4.268378e-01 9.041174e-01 1.952419e-02 -3.166531e+01 -3.293190e-02 -3.711544e-02 9.987682e-01 -2.517515e+00
9.033478e-01 4.261926e-01 4.819345e-02 8.434648e+01 -4.275055e-01 9.037722e-01 2.085529e-02 -3.207739e+01 -3.466752e-02 -3.944254e-02 9.986203e-01 -2.553334e+00
9.029027e-01 4.269653e-01 4.967333e-02 8.520594e+01 -4.283213e-01 9.033960e-01 2.040814e-02 -3.249055e+01 -3.616113e-02 -3.970271e-02 9.985570e-01 -2.605650e+00
9.028039e-01 4.271774e-01 4.964436e-02 8.605457e+01 -4.283627e-01 9.034680e-01 1.584065e-02 -3.293974e+01 -3.808533e-02 -3.556680e-02 9.986413e-01 -2.640794e+00
9.025318e-01 4.272555e-01 5.375015e-02 8.691140e+01 -4.287373e-01 9.032207e-01 1.940556e-02 -3.336892e+01 -4.025712e-02 -4.055883e-02 9.983658e-01 -2.682929e+00
9.018724e-01 4.285305e-01 5.466030e-02 8.780584e+01 -4.299608e-01 9.026828e-01 1.724517e-02 -3.377060e+01 -4.195083e-02 -3.905473e-02 9.983561e-01 -2.723161e+00
9.015528e-01 4.294898e-01 5.235531e-02 8.869251e+01 -4.306115e-01 9.024592e-01 1.187844e-02 -3.419014e+01 -4.214686e-02 -3.325384e-02 9.985579e-01 -2.770707e+00
9.016267e-01 4.288551e-01 5.614849e-02 8.956022e+01 -4.305057e-01 9.023426e-01 2.103771e-02 -3.464198e+01 -4.164305e-02 -4.314040e-02 9.982008e-01 -2.821316e+00
9.013362e-01 4.293656e-01 5.690577e-02 9.045239e+01 -4.311638e-01 9.019604e-01 2.377228e-02 -3.505632e+01 -4.111975e-02 -4.596252e-02 9.980965e-01 -2.863198e+00
9.013997e-01 4.292082e-01 5.708601e-02 9.132674e+01 -4.309796e-01 9.020703e-01 2.292846e-02 -3.551163e+01 -4.165451e-02 -4.527062e-02 9.981059e-01 -2.912375e+00
9.008834e-01 4.304125e-01 5.616155e-02 9.220452e+01 -4.320269e-01 9.016361e-01 2.012873e-02 -3.592387e+01 -4.197362e-02 -4.239694e-02 9.982188e-01 -2.949473e+00
9.007340e-01 4.307388e-01 5.605628e-02 9.308345e+01 -4.325071e-01 9.013117e-01 2.397527e-02 -3.635685e+01 -4.019710e-02 -4.584008e-02 9.981397e-01 -2.989548e+00
9.008399e-01 4.308167e-01 5.370657e-02 9.397670e+01 -4.325360e-01 9.012559e-01 2.550171e-02 -3.679639e+01 -3.741681e-02 -4.620298e-02 9.982311e-01 -3.034892e+00
9.008389e-01 4.310298e-01 5.198577e-02 9.485986e+01 -4.326678e-01 9.011946e-01 2.543502e-02 -3.724257e+01 -3.588604e-02 -4.540542e-02 9.983239e-01 -3.086373e+00
9.004775e-01 4.315935e-01 5.354842e-02 9.576683e+01 -4.332596e-01 9.009422e-01 2.427289e-02 -3.767077e+01 -3.776801e-02 -4.505756e-02 9.982702e-01 -3.123213e+00
9.002292e-01 4.316907e-01 5.683817e-02 9.667901e+01 -4.335305e-01 9.007968e-01 2.482859e-02 -3.811887e+01 -4.048137e-02 -4.699250e-02 9.980746e-01 -3.167220e+00
9.002568e-01 4.314571e-01 5.815951e-02 9.760906e+01 -4.333392e-01 9.009020e-01 2.434674e-02 -3.859213e+01 -4.189144e-02 -4.712111e-02 9.980104e-01 -3.211508e+00
9.001464e-01 4.317022e-01 5.804921e-02 9.857414e+01 -4.336297e-01 9.007286e-01 2.555859e-02 -3.906718e+01 -4.125289e-02 -4.817833e-02 9.979865e-01 -3.258238e+00
9.005130e-01 4.311454e-01 5.647915e-02 9.949975e+01 -4.330410e-01 9.009799e-01 2.665929e-02 -3.953389e+01 -3.939255e-02 -4.846483e-02 9.980478e-01 -3.305054e+00
9.007807e-01 4.309840e-01 5.335717e-02 1.004451e+02 -4.327208e-01 9.011410e-01 2.641038e-02 -4.000354e+01 -3.669989e-02 -4.687872e-02 9.982262e-01 -3.350550e+00
9.009371e-01 4.308778e-01 5.154371e-02 1.013704e+02 -4.325718e-01 9.011768e-01 2.760483e-02 -4.045383e+01 -3.455569e-02 -4.716657e-02 9.982891e-01 -3.398701e+00
9.010085e-01 4.308442e-01 5.056606e-02 1.022974e+02 -4.324154e-01 9.013178e-01 2.536113e-02 -4.089705e+01 -3.464939e-02 -4.471614e-02 9.983987e-01 -3.429719e+00
9.011174e-01 4.308285e-01 4.872617e-02 1.032034e+02 -4.320541e-01 9.016729e-01 1.775499e-02 -4.136585e+01 -3.628571e-02 -3.705167e-02 9.986544e-01 -3.467828e+00
9.010718e-01 4.303783e-01 5.332981e-02 1.041222e+02 -4.320707e-01 9.014862e-01 2.525029e-02 -4.180119e+01 -3.720891e-02 -4.579457e-02 9.982577e-01 -3.513878e+00
9.014044e-01 4.300421e-01 5.033808e-02 1.050159e+02 -4.314388e-01 9.019036e-01 2.074709e-02 -4.224112e+01 -3.647798e-02 -4.041932e-02 9.985167e-01 -3.544345e+00
9.017178e-01 4.298551e-01 4.614722e-02 1.059269e+02 -4.309298e-01 9.022415e-01 1.612087e-02 -4.267318e+01 -3.470630e-02 -3.442268e-02 9.988046e-01 -3.601275e+00
9.019981e-01 4.290393e-01 4.821453e-02 1.068407e+02 -4.303259e-01 9.024512e-01 2.003779e-02 -4.312532e+01 -3.491425e-02 -3.882201e-02 9.986360e-01 -3.640559e+00
9.021342e-01 4.287835e-01 4.794401e-02 1.077672e+02 -4.299820e-01 9.026612e-01 1.783747e-02 -4.357792e+01 -3.562879e-02 -3.670685e-02 9.986907e-01 -3.679079e+00
9.027496e-01 4.274932e-01 4.788237e-02 1.086751e+02 -4.286558e-01 9.033094e-01 1.692069e-02 -4.403584e+01 -3.601912e-02 -3.580020e-02 9.987097e-01 -3.721014e+00
9.028684e-01 4.271934e-01 4.831567e-02 1.096151e+02 -4.283159e-01 9.034976e-01 1.541214e-02 -4.448386e+01 -3.706913e-02 -3.460951e-02 9.987132e-01 -3.761010e+00
9.033175e-01 4.258934e-01 5.130638e-02 1.105506e+02 -4.272000e-01 9.039891e-01 1.742923e-02 -4.494607e+01 -3.895741e-02 -3.766222e-02 9.985309e-01 -3.808821e+00
9.034031e-01 4.255274e-01 5.281253e-02 1.114937e+02 -4.268577e-01 9.041663e-01 1.660655e-02 -4.540870e+01 -4.068477e-02 -3.754585e-02 9.984664e-01 -3.853638e+00
9.037400e-01 4.247327e-01 5.344290e-02 1.124478e+02 -4.260352e-01 9.045758e-01 1.538343e-02 -4.587807e+01 -4.180931e-02 -3.667118e-02 9.984524e-01 -3.916785e+00
9.036320e-01 4.247133e-01 5.538863e-02 1.134278e+02 -4.261614e-01 9.044859e-01 1.707799e-02 -4.631600e+01 -4.284499e-02 -3.903671e-02 9.983188e-01 -3.960782e+00
9.036622e-01 4.247353e-01 5.472281e-02 1.143928e+02 -4.260144e-01 9.046119e-01 1.375088e-02 -4.679153e+01 -4.366242e-02 -3.573886e-02 9.984069e-01 -4.011450e+00
9.035981e-01 4.247033e-01 5.601418e-02 1.153526e+02 -4.260073e-01 9.046224e-01 1.326883e-02 -4.725888e+01 -4.503636e-02 -3.585214e-02 9.983418e-01 -4.058560e+00
9.035120e-01 4.248334e-01 5.641472e-02 1.163199e+02 -4.261040e-01 9.045916e-01 1.221943e-02 -4.773693e+01 -4.584107e-02 -3.507894e-02 9.983326e-01 -4.115975e+00
9.034188e-01 4.253545e-01 5.392580e-02 1.172950e+02 -4.263794e-01 9.045034e-01 8.616679e-03 -4.820015e+01 -4.511092e-02 -3.077732e-02 9.985078e-01 -4.165740e+00
9.033649e-01 4.253509e-01 5.484922e-02 1.182611e+02 -4.265918e-01 9.043542e-01 1.276667e-02 -4.867525e+01 -4.417281e-02 -3.493119e-02 9.984130e-01 -4.221001e+00
9.035813e-01 4.249863e-01 5.410598e-02 1.192183e+02 -4.262032e-01 9.045366e-01 1.282102e-02 -4.915352e+01 -4.349208e-02 -3.464498e-02 9.984529e-01 -4.280328e+00
9.033287e-01 4.253511e-01 5.544023e-02 1.201915e+02 -4.267114e-01 9.042636e-01 1.499181e-02 -4.961231e+01 -4.375579e-02 -3.719951e-02 9.983495e-01 -4.328496e+00
9.032010e-01 4.256576e-01 5.516843e-02 1.211725e+02 -4.269571e-01 9.041662e-01 1.382780e-02 -5.008775e+01 -4.399552e-02 -3.604383e-02 9.983813e-01 -4.359939e+00
9.031156e-01 4.260630e-01 5.340861e-02 1.221627e+02 -4.272460e-01 9.040481e-01 1.256445e-02 -5.056083e+01 -4.293070e-02 -3.416577e-02 9.984937e-01 -4.429962e+00
9.029548e-01 4.260445e-01 5.620346e-02 1.231433e+02 -4.275274e-01 9.038405e-01 1.711042e-02 -5.103222e+01 -4.350916e-02 -3.947845e-02 9.982727e-01 -4.484349e+00
9.026373e-01 4.268492e-01 5.518748e-02 1.241174e+02 -4.280950e-01 9.036463e-01 1.257189e-02 -5.150585e+01 -4.450366e-02 -3.497334e-02 9.983969e-01 -4.531095e+00
9.025046e-01 4.270681e-01 5.566248e-02 1.250998e+02 -4.282947e-01 9.035625e-01 1.176972e-02 -5.199137e+01 -4.526806e-02 -3.446217e-02 9.983803e-01 -4.585012e+00
9.021567e-01 4.276186e-01 5.705882e-02 1.261032e+02 -4.290642e-01 9.031414e-01 1.547648e-02 -5.243826e+01 -4.491415e-02 -3.844411e-02 9.982509e-01 -4.637440e+00
9.024410e-01 4.275557e-01 5.288040e-02 1.270710e+02 -4.285462e-01 9.034799e-01 8.502939e-03 -5.294517e+01 -4.414089e-02 -3.033509e-02 9.985647e-01 -4.684977e+00
9.024162e-01 4.272947e-01 5.535645e-02 1.280406e+02 -4.285948e-01 9.033938e-01 1.364770e-02 -5.342116e+01 -4.417708e-02 -3.604139e-02 9.983734e-01 -4.744154e+00
9.024505e-01 4.272858e-01 5.486280e-02 1.290122e+02 -4.283859e-01 9.035452e-01 9.571241e-03 -5.390310e+01 -4.548136e-02 -3.214002e-02 9.984480e-01 -4.796642e+00
9.025945e-01 4.267709e-01 5.647737e-02 1.299995e+02 -4.279401e-01 9.037525e-01 9.935086e-03 -5.439649e+01 -4.680156e-02 -3.313629e-02 9.983544e-01 -4.848801e+00
9.026501e-01 4.269610e-01 5.410221e-02 1.309840e+02 -4.279085e-01 9.037968e-01 6.757810e-03 -5.487132e+01 -4.601208e-02 -2.925073e-02 9.985125e-01 -4.910014e+00
9.027280e-01 4.266602e-01 5.516467e-02 1.319502e+02 -4.279233e-01 9.037218e-01 1.298306e-02 -5.534431e+01 -4.431416e-02 -3.532643e-02 9.983929e-01 -4.967331e+00
9.025626e-01 4.273126e-01 5.276994e-02 1.329299e+02 -4.284231e-01 9.035070e-01 1.134622e-02 -5.580082e+01 -4.282962e-02 -3.284853e-02 9.985422e-01 -5.017600e+00
9.024921e-01 4.273114e-01 5.397183e-02 1.339174e+02 -4.285959e-01 9.033809e-01 1.444198e-02 -5.628934e+01 -4.258590e-02 -3.616588e-02 9.984380e-01 -5.062434e+00
9.023878e-01 4.275287e-01 5.399607e-02 1.349057e+02 -4.287869e-01 9.033002e-01 1.380383e-02 -5.676841e+01 -4.287312e-02 -3.560922e-02 9.984457e-01 -5.112759e+00
9.021901e-01 4.276888e-01 5.599424e-02 1.358785e+02 -4.292069e-01 9.030252e-01 1.808133e-02 -5.724507e+01 -4.283103e-02 -4.034591e-02 9.982674e-01 -5.166110e+00
9.019594e-01 4.286864e-01 5.193500e-02 1.368474e+02 -4.298197e-01 9.028280e-01 1.251273e-02 -5.770769e+01 -4.152434e-02 -3.360866e-02 9.985721e-01 -5.220487e+00
9.018718e-01 4.290785e-01 5.018866e-02 1.378466e+02 -4.301628e-01 9.026615e-01 1.273310e-02 -5.818553e+01 -3.983987e-02 -3.307292e-02 9.986586e-01 -5.262350e+00
9.021091e-01 4.282911e-01 5.259135e-02 1.388308e+02 -4.296644e-01 9.028127e-01 1.782700e-02 -5.869711e+01 -3.984499e-02 -3.867853e-02 9.984570e-01 -5.325884e+00
9.016433e-01 4.291111e-01 5.387961e-02 1.398647e+02 -4.303982e-01 9.025219e-01 1.454246e-02 -5.917636e+01 -4.238720e-02 -3.630180e-02 9.984415e-01 -5.371881e+00
9.014552e-01 4.293148e-01 5.538425e-02 1.408776e+02 -4.306609e-01 9.023953e-01 1.462262e-02 -5.966668e+01 -4.370078e-02 -3.703347e-02 9.983580e-01 -5.421021e+00
9.013058e-01 4.296522e-01 5.519781e-02 1.418920e+02 -4.311882e-01 9.020570e-01 1.923229e-02 -6.014605e+01 -4.152838e-02 -4.113481e-02 9.982902e-01 -5.468272e+00
9.014724e-01 4.296763e-01 5.220957e-02 1.429191e+02 -4.311980e-01 9.019884e-01 2.202720e-02 -6.065164e+01 -3.762786e-02 -4.236957e-02 9.983932e-01 -5.528688e+00
9.016631e-01 4.294987e-01 5.034412e-02 1.439317e+02 -4.309482e-01 9.021034e-01 2.220439e-02 -6.116763e+01 -3.587885e-02 -4.171659e-02 9.984851e-01 -5.579781e+00
9.013047e-01 4.303271e-01 4.968437e-02 1.449559e+02 -4.316150e-01 9.018687e-01 1.847809e-02 -6.166371e+01 -3.685716e-02 -3.809891e-02 9.985940e-01 -5.622696e+00
9.013388e-01 4.302542e-01 4.969650e-02 1.459712e+02 -4.314372e-01 9.020068e-01 1.567319e-02 -6.219052e+01 -3.808312e-02 -3.556777e-02 9.986414e-01 -5.661405e+00
9.010096e-01 4.310530e-01 4.873475e-02 1.470138e+02 -4.322111e-01 9.016322e-01 1.590324e-02 -6.267649e+01 -3.708568e-02 -3.539267e-02 9.986851e-01 -5.725384e+00
9.007107e-01 4.313938e-01 5.118328e-02 1.480441e+02 -4.327858e-01 9.012819e-01 1.968318e-02 -6.317572e+01 -3.763936e-02 -3.988025e-02 9.984953e-01 -5.758191e+00
9.008574e-01 4.311660e-01 5.051539e-02 1.490588e+02 -4.323227e-01 9.016066e-01 1.423348e-02 -6.370179e+01 -3.940802e-02 -3.466129e-02 9.986219e-01 -5.807798e+00
9.002267e-01 4.322419e-01 5.252502e-02 1.500961e+02 -4.335257e-01 9.010064e-01 1.558523e-02 -6.417046e+01 -4.058879e-02 -3.680119e-02 9.984980e-01 -5.862275e+00
9.005242e-01 4.318594e-01 5.053376e-02 1.511062e+02 -4.329856e-01 9.013008e-01 1.343243e-02 -6.469498e+01 -3.974520e-02 -3.397662e-02 9.986320e-01 -5.902450e+00
9.007142e-01 4.317303e-01 4.819523e-02 1.521161e+02 -4.328199e-01 9.013630e-01 1.455045e-02 -6.519033e+01 -3.715952e-02 -3.396565e-02 9.987319e-01 -5.944934e+00
9.007949e-01 4.316182e-01 4.768859e-02 1.531362e+02 -4.327389e-01 9.013795e-01 1.587788e-02 -6.568598e+01 -3.613233e-02 -3.493942e-02 9.987360e-01 -5.992132e+00
9.010656e-01 4.309056e-01 4.900117e-02 1.541499e+02 -4.321392e-01 9.016333e-01 1.769254e-02 -6.619621e+01 -3.655727e-02 -3.711747e-02 9.986420e-01 -6.048302e+00
9.012626e-01 4.304105e-01 4.972526e-02 1.551597e+02 -4.316385e-01 9.018897e-01 1.682872e-02 -6.670743e+01 -3.760345e-02 -3.663043e-02 9.986211e-01 -6.091320e+00
9.011564e-01 4.305041e-01 5.082746e-02 1.561739e+02 -4.317990e-01 9.017999e-01 1.750827e-02 -6.717104e+01 -3.829882e-02 -3.772494e-02 9.985540e-01 -6.142113e+00
9.014095e-01 4.294917e-01 5.475238e-02 1.571744e+02 -4.310764e-01 9.020739e-01 2.087682e-02 -6.767522e+01 -4.042427e-02 -4.242102e-02 9.982817e-01 -6.190304e+00
9.016976e-01 4.289094e-01 5.457344e-02 1.581708e+02 -4.302543e-01 9.025780e-01 1.530207e-02 -6.817759e+01 -4.269359e-02 -3.727830e-02 9.983925e-01 -6.243112e+00
9.017861e-01 4.286314e-01 5.529001e-02 1.591754e+02 -4.299122e-01 9.027737e-01 1.323499e-02 -6.866266e+01 -4.424143e-02 -3.570498e-02 9.983826e-01 -6.294113e+00
9.019993e-01 4.274920e-01 6.039743e-02 1.601915e+02 -4.293564e-01 9.028759e-01 2.163880e-02 -6.915702e+01 -4.528097e-02 -4.545020e-02 9.979398e-01 -6.349608e+00
9.020814e-01 4.277310e-01 5.740511e-02 1.612054e+02 -4.292068e-01 9.030672e-01 1.584650e-02 -6.964033e+01 -4.506263e-02 -3.893349e-02 9.982252e-01 -6.396970e+00
9.025330e-01 4.264919e-01 5.948805e-02 1.622153e+02 -4.283665e-01 9.033168e-01 2.282216e-02 -7.014097e+01 -4.400309e-02 -4.608045e-02 9.979681e-01 -6.457782e+00
9.026044e-01 4.267443e-01 5.652030e-02 1.632252e+02 -4.283071e-01 9.034409e-01 1.864231e-02 -7.060774e+01 -4.310725e-02 -4.103468e-02 9.982274e-01 -6.505174e+00
9.029173e-01 4.261799e-01 5.577630e-02 1.642324e+02 -4.277247e-01 9.037104e-01 1.894858e-02 -7.110538e+01 -4.233012e-02 -4.096590e-02 9.982635e-01 -6.558408e+00
9.031589e-01 4.257873e-01 5.485667e-02 1.652397e+02 -4.272757e-01 9.039320e-01 1.850429e-02 -7.159780e+01 -4.170781e-02 -4.015124e-02 9.983228e-01 -6.619730e+00
9.033674e-01 4.247981e-01 5.894011e-02 1.662489e+02 -4.266197e-01 9.041581e-01 2.221937e-02 -7.210004e+01 -4.385243e-02 -4.521726e-02 9.980142e-01 -6.671663e+00
9.032115e-01 4.249746e-01 6.004579e-02 1.672481e+02 -4.266746e-01 9.042169e-01 1.845558e-02 -7.257873e+01 -4.645127e-02 -4.228931e-02 9.980250e-01 -6.724755e+00
9.030680e-01 4.251240e-01 6.113662e-02 1.682307e+02 -4.269647e-01 9.040370e-01 2.045148e-02 -7.303161e+01 -4.657535e-02 -4.457225e-02 9.979199e-01 -6.772541e+00
9.031737e-01 4.251436e-01 5.941570e-02 1.691944e+02 -4.269035e-01 9.040681e-01 2.035266e-02 -7.351516e+01 -4.506304e-02 -4.374676e-02 9.980258e-01 -6.839700e+00
9.029721e-01 4.254747e-01 6.010456e-02 1.701708e+02 -4.272344e-01 9.039267e-01 1.967864e-02 -7.398540e+01 -4.595736e-02 -4.344800e-02 9.979981e-01 -6.874914e+00
9.028254e-01 4.257042e-01 6.068081e-02 1.711461e+02 -4.274245e-01 9.038660e-01 1.829401e-02 -7.446377e+01 -4.705948e-02 -4.245276e-02 9.979896e-01 -6.927031e+00
9.026323e-01 4.261359e-01 6.052385e-02 1.721354e+02 -4.278477e-01 9.036666e-01 1.824691e-02 -7.494040e+01 -4.691772e-02 -4.236524e-02 9.980000e-01 -6.999966e+00
9.023836e-01 4.262523e-01 6.334756e-02 1.731192e+02 -4.281680e-01 9.034797e-01 1.991480e-02 -7.543375e+01 -4.874451e-02 -4.509419e-02 9.977928e-01 -7.041841e+00
9.017857e-01 4.276737e-01 6.227077e-02 1.741089e+02 -4.292231e-01 9.030988e-01 1.341906e-02 -7.591581e+01 -5.049768e-02 -3.882917e-02 9.979691e-01 -7.108427e+00
9.009799e-01 4.294127e-01 6.196697e-02 1.750792e+02 -4.307831e-01 9.023991e-01 1.009103e-02 -7.638562e+01 -5.158572e-02 -3.578614e-02 9.980272e-01 -7.166739e+00
9.004490e-01 4.307272e-01 6.054515e-02 1.760825e+02 -4.319668e-01 9.018497e-01 8.470134e-03 -7.686621e+01 -5.095431e-02 -3.378042e-02 9.981295e-01 -7.221448e+00
9.002365e-01 4.313800e-01 5.903792e-02 1.770938e+02 -4.327437e-01 9.014368e-01 1.202383e-02 -7.737041e+01 -4.803212e-02 -3.637258e-02 9.981833e-01 -7.291096e+00
9.004568e-01 4.315925e-01 5.390226e-02 1.780938e+02 -4.326257e-01 9.015322e-01 8.649881e-03 -7.788165e+01 -4.486140e-02 -3.110835e-02 9.985088e-01 -7.344682e+00
9.006014e-01 4.312542e-01 5.419268e-02 1.791148e+02 -4.323865e-01 9.016252e-01 1.066915e-02 -7.839084e+01 -4.426037e-02 -3.304084e-02 9.984735e-01 -7.396397e+00
9.003826e-01 4.315314e-01 5.560360e-02 1.801329e+02 -4.325820e-01 9.015602e-01 7.872379e-03 -7.888690e+01 -4.673282e-02 -3.114127e-02 9.984219e-01 -7.452102e+00
9.001010e-01 4.315388e-01 5.993740e-02 1.811395e+02 -4.328174e-01 9.014302e-01 9.631225e-03 -7.937423e+01 -4.987313e-02 -3.461102e-02 9.981557e-01 -7.512908e+00
9.000833e-01 4.311474e-01 6.294422e-02 1.821612e+02 -4.324746e-01 9.016056e-01 8.550898e-03 -7.988444e+01 -5.306416e-02 -3.491830e-02 9.979804e-01 -7.577097e+00
9.000072e-01 4.309397e-01 6.540649e-02 1.831878e+02 -4.321794e-01 9.017713e-01 5.435713e-03 -8.039593e+01 -5.663923e-02 -3.315952e-02 9.978439e-01 -7.641953e+00
8.997719e-01 4.309544e-01 6.847476e-02 1.842259e+02 -4.321845e-01 9.017783e-01 3.536548e-03 -8.089663e+01 -6.022496e-02 -3.277582e-02 9.976466e-01 -7.710021e+00
8.997661e-01 4.309178e-01 6.878167e-02 1.852816e+02 -4.321808e-01 9.017785e-01 3.914074e-03 -8.141107e+01 -6.033918e-02 -3.324786e-02 9.976241e-01 -7.786674e+00
9.003888e-01 4.306184e-01 6.219192e-02 1.863411e+02 -4.315290e-01 9.020981e-01 1.347771e-03 -8.193598e+01 -5.552283e-02 -2.805113e-02 9.980633e-01 -7.856350e+00
9.009968e-01 4.300221e-01 5.732136e-02 1.873895e+02 -4.310643e-01 9.022968e-01 6.630255e-03 -8.245694e+01 -4.886972e-02 -3.068303e-02 9.983338e-01 -7.928203e+00
9.013783e-01 4.297202e-01 5.345805e-02 1.884476e+02 -4.304614e-01 9.026051e-01 2.634645e-03 -8.297960e+01 -4.711935e-02 -2.538644e-02 9.985666e-01 -7.980766e+00
9.013586e-01 4.290662e-01 5.877881e-02 1.894849e+02 -4.301780e-01 9.027158e-01 7.142186e-03 -8.348720e+01 -4.999609e-02 -3.172302e-02 9.982455e-01 -8.032100e+00
9.010502e-01 4.296112e-01 5.952137e-02 1.905358e+02 -4.305392e-01 9.025666e-01 3.102391e-03 -8.398605e+01 -5.238918e-02 -2.842169e-02 9.982222e-01 -8.098483e+00
9.012351e-01 4.292174e-01 5.956254e-02 1.915908e+02 -4.302445e-01 9.026986e-01 4.995522e-03 -8.449618e+01 -5.162286e-02 -3.012860e-02 9.982121e-01 -8.169833e+00
9.015121e-01 4.287169e-01 5.897331e-02 1.926340e+02 -4.298821e-01 9.028488e-01 8.094645e-03 -8.501218e+01 -4.977367e-02 -3.264899e-02 9.982267e-01 -8.229317e+00
9.017125e-01 4.287261e-01 5.575276e-02 1.936783e+02 -4.295962e-01 9.030119e-01 4.080863e-03 -8.553983e+01 -4.859583e-02 -2.763094e-02 9.984363e-01 -8.294333e+00
9.017929e-01 4.285523e-01 5.579016e-02 1.947126e+02 -4.293848e-01 9.031156e-01 3.295223e-03 -8.604261e+01 -4.897279e-02 -2.692705e-02 9.984371e-01 -8.353754e+00
9.019262e-01 4.281948e-01 5.637579e-02 1.957554e+02 -4.291365e-01 9.032246e-01 5.203756e-03 -8.654341e+01 -4.869178e-02 -2.888631e-02 9.983961e-01 -8.420742e+00
