1.000000e+00 0.000000e+00 0.000000e+00 0.000000e+00 0.000000e+00 1.000000e+00 0.000000e+00 0.000000e+00 0.000000e+00 0.000000e+00 1.000000e+00 0.000000e+00
9.998400e-01 -1.788301e-02 -3.082430e-04 2.970316e-01 1.788389e-02 9.998351e-01 3.146953e-03 -1.156383e-02 2.519152e-04 -3.151962e-03 9.999950e-01 -6.538633e-04
9.980522e-01 -6.236680e-02 -1.490578e-03 9.842112e-01 6.237936e-02 9.979933e-01 1.087507e-02 -2.097544e-02 8.093435e-04 -1.094687e-02 9.999398e-01 -3.839215e-03
9.965625e-01 -8.279729e-02 -2.807800e-03 1.630513e+00 8.282678e-02 9.964808e-01 1.287366e-02 -2.272130e-02 1.732014e-03 -1.306197e-02 9.999132e-01 -4.649270e-03
9.953836e-01 -9.586444e-02 -4.634281e-03 2.255227e+00 9.591765e-02 9.953032e-01 1.309268e-02 9.192773e-03 3.357392e-03 -1.347675e-02 9.999035e-01 -7.170141e-03
9.947094e-01 -1.025090e-01 -6.708870e-03 2.890993e+00 1.025929e-01 9.946296e-01 1.365873e-02 4.782303e-02 5.272698e-03 -1.427475e-02 9.998842e-01 -2.171185e-02
9.947253e-01 -1.022955e-01 -7.564773e-03 3.567080e+00 1.024026e-01 9.946227e-01 1.547054e-02 1.012742e-01 5.941528e-03 -1.616359e-02 9.998517e-01 -9.200672e-03
9.949346e-01 -1.001567e-01 -8.594868e-03 4.245993e+00 1.002941e-01 9.948055e-01 1.741240e-02 1.645518e-01 6.806252e-03 -1.818621e-02 9.998115e-01 -3.234198e-03
9.952073e-01 -9.740100e-02 -8.689284e-03 4.928540e+00 9.753134e-02 9.951021e-01 1.610643e-02 2.214481e-01 7.077943e-03 -1.687672e-02 9.998325e-01 -3.132651e-03
9.954696e-01 -9.466810e-02 -8.847667e-03 5.644364e+00 9.480246e-02 9.953634e-01 1.625244e-02 3.036768e-01 7.268056e-03 -1.701759e-02 9.998288e-01 -2.747776e-03
9.957329e-01 -9.177568e-02 -9.658200e-03 6.401523e+00 9.193626e-02 9.956066e-01 1.775511e-02 3.917144e-01 7.986280e-03 -1.856728e-02 9.997957e-01 -1.614365e-02
9.959863e-01 -8.883343e-02 -1.095321e-02 7.182860e+00 8.902748e-02 9.958531e-01 1.872532e-02 4.782109e-01 9.244359e-03 -1.962530e-02 9.997647e-01 -3.732728e-02
9.963292e-01 -8.481874e-02 -1.156998e-02 7.991403e+00 8.503919e-02 9.961745e-01 2.011815e-02 5.495931e-01 9.819327e-03 -2.102821e-02 9.997307e-01 -2.642484e-02
9.966743e-01 -8.043189e-02 -1.307995e-02 8.835429e+00 8.070300e-02 9.965015e-01 2.172042e-02 6.190117e-01 1.128718e-02 -2.270377e-02 9.996785e-01 -3.865063e-02
9.970578e-01 -7.515816e-02 -1.506426e-02 9.713431e+00 7.550758e-02 9.968527e-01 2.415037e-02 6.954220e-01 1.320175e-02 -2.521678e-02 9.995948e-01 -4.567191e-02
9.976281e-01 -6.677400e-02 -1.671472e-02 1.058632e+01 6.717953e-02 9.974275e-01 2.500535e-02 7.539284e-01 1.500201e-02 -2.606892e-02 9.995476e-01 -4.701526e-02
9.982322e-01 -5.669535e-02 -1.783754e-02 1.151273e+01 5.718978e-02 9.979550e-01 2.855049e-02 8.183569e-01 1.618238e-02 -2.952014e-02 9.994332e-01 -5.034583e-02
9.988265e-01 -4.425167e-02 -1.968212e-02 1.247203e+01 4.482132e-02 9.985591e-01 2.950965e-02 8.616796e-01 1.834791e-02 -3.035720e-02 9.993707e-01 -5.379248e-02
9.993050e-01 -3.131808e-02 -2.021562e-02 1.346383e+01 3.191741e-02 9.990390e-01 3.003850e-02 9.199281e-01 1.925544e-02 -3.066285e-02 9.993443e-01 -4.727770e-02
9.996455e-01 -1.790612e-02 -1.970150e-02 1.444812e+01 1.849840e-02 9.993696e-01 3.030285e-02 9.576498e-01 1.914647e-02 -3.065655e-02 9.993466e-01 -5.719133e-02
9.998633e-01 -1.567496e-03 -1.645708e-02 1.545003e+01 2.075757e-03 9.995199e-01 3.091249e-02 9.801465e-01 1.640072e-02 -3.094242e-02 9.993866e-01 -4.450347e-02
9.997782e-01 1.577169e-02 -1.395631e-02 1.649587e+01 -1.528602e-02 9.992965e-01 3.424755e-02 1.002159e+00 1.448663e-02 -3.402662e-02 9.993159e-01 -3.010936e-02
9.993443e-01 3.311598e-02 -1.464198e-02 1.753283e+01 -3.260578e-02 9.988963e-01 3.380902e-02 1.000146e+00 1.574544e-02 -3.330944e-02 9.993211e-01 -4.626574e-02
9.985643e-01 5.139618e-02 -1.509192e-02 1.857273e+01 -5.084775e-02 9.981029e-01 3.471589e-02 9.576895e-01 1.684755e-02 -3.389866e-02 9.992833e-01 -5.241501e-02
9.974489e-01 6.995753e-02 -1.420259e-02 1.967594e+01 -6.942211e-02 9.969654e-01 3.522170e-02 8.948416e-01 1.662351e-02 -3.414587e-02 9.992786e-01 -4.751525e-02
9.959302e-01 8.940061e-02 -1.142561e-02 2.079331e+01 -8.891143e-02 9.953196e-01 3.786241e-02 8.083871e-01 1.475705e-02 -3.669245e-02 9.992176e-01 -3.043394e-02
9.940077e-01 1.088767e-01 -9.727897e-03 2.188219e+01 -1.084259e-01 9.933506e-01 3.870920e-02 7.167003e-01 1.387774e-02 -3.742249e-02 9.992032e-01 -2.934803e-02
9.915426e-01 1.295239e-01 -8.172367e-03 2.293932e+01 -1.290668e-01 9.907249e-01 4.249614e-02 5.849723e-01 1.360083e-02 -4.108196e-02 9.990632e-01 -1.410014e-02
9.884241e-01 1.514677e-01 -8.678847e-03 2.404344e+01 -1.509441e-01 9.875475e-01 4.433823e-02 4.479906e-01 1.528658e-02 -4.251496e-02 9.989789e-01 -1.377503e-02
9.846351e-01 1.742394e-01 -1.159073e-02 2.514263e+01 -1.735871e-01 9.838514e-01 4.363459e-02 2.793162e-01 1.900642e-02 -4.095215e-02 9.989803e-01 6.209537e-03
9.803302e-01 1.969165e-01 -1.328916e-02 2.624402e+01 -1.961079e-01 9.794642e-01 4.681430e-02 6.861811e-02 2.223476e-02 -4.328736e-02 9.988152e-01 1.202359e-02
9.755125e-01 2.193974e-01 -1.549636e-02 2.735631e+01 -2.185061e-01 9.747699e-01 4.559333e-02 -1.428509e-01 2.510844e-02 -4.109082e-02 9.988399e-01 1.329810e-02
9.702084e-01 2.419121e-01 -1.320090e-02 2.846110e+01 -2.410691e-01 9.693800e-01 4.677814e-02 -3.834122e-01 2.411289e-02 -4.220221e-02 9.988181e-01 5.930783e-02
9.642948e-01 2.645004e-01 -1.323454e-02 2.952384e+01 -2.636664e-01 9.635356e-01 4.559884e-02 -6.684334e-01 2.481287e-02 -4.048122e-02 9.988722e-01 6.307766e-02
9.580390e-01 2.863966e-01 -1.175714e-02 3.058164e+01 -2.855564e-01 9.571810e-01 4.756150e-02 -9.959509e-01 2.487516e-02 -4.220844e-02 9.987991e-01 9.977604e-02
9.512228e-01 3.082427e-01 -1.270928e-02 3.163776e+01 -3.073701e-01 9.504500e-01 4.656601e-02 -1.347376e+00 2.643317e-02 -4.038820e-02 9.988344e-01 1.286491e-01
9.442066e-01 3.290696e-01 -1.368000e-02 3.265692e+01 -3.281448e-01 9.434842e-01 4.645959e-02 -1.722908e+00 2.819530e-02 -3.937843e-02 9.988265e-01 1.495596e-01
9.370441e-01 3.489090e-01 -1.452336e-02 3.364523e+01 -3.479467e-01 9.363794e-01 4.611636e-02 -2.146530e+00 2.968979e-02 -3.815971e-02 9.988305e-01 2.046082e-01
9.298212e-01 3.676800e-01 -1.561781e-02 3.464254e+01 -3.666253e-01 9.291642e-01 4.732677e-02 -2.593569e+00 3.191262e-02 -3.827955e-02 9.987574e-01 2.445140e-01
9.220173e-01 3.867785e-01 -1.692514e-02 3.563830e+01 -3.856505e-01 9.214136e-01 4.765153e-02 -3.042800e+00 3.402564e-02 -3.740834e-02 9.987206e-01 2.750071e-01
9.139652e-01 4.054140e-01 -1.752281e-02 3.660922e+01 -4.042199e-01 9.133720e-01 4.855785e-02 -3.512163e+00 3.569088e-02 -3.729712e-02 9.986667e-01 3.004462e-01
9.055183e-01 4.239736e-01 -1.682376e-02 3.760452e+01 -4.227536e-01 9.048831e-01 4.965841e-02 -3.967597e+00 3.627739e-02 -3.785430e-02 9.986246e-01 3.422297e-01
8.967368e-01 4.422227e-01 -1.738318e-02 3.856976e+01 -4.409997e-01 8.961770e-01 4.884713e-02 -4.442484e+00 3.717971e-02 -3.613704e-02 9.986550e-01 3.773257e-01
8.879008e-01 4.596973e-01 -1.762569e-02 3.952667e+01 -4.584343e-01 8.873550e-01 4.938778e-02 -4.938491e+00 3.834367e-02 -3.577122e-02 9.986241e-01 4.178964e-01
8.791226e-01 4.762405e-01 -1.839772e-02 4.046452e+01 -4.749405e-01 8.786308e-01 4.938985e-02 -5.443501e+00 3.968626e-02 -3.468191e-02 9.986101e-01 4.708513e-01
8.701419e-01 4.923659e-01 -2.070965e-02 4.138267e+01 -4.910096e-01 8.697927e-01 4.868449e-02 -5.969364e+00 4.198369e-02 -3.219378e-02 9.985995e-01 4.906049e-01
8.616705e-01 5.070165e-01 -2.140689e-02 4.229500e+01 -5.056409e-01 8.613801e-01 4.849421e-02 -6.517709e+00 4.302683e-02 -3.096183e-02 9.985940e-01 5.446312e-01
8.536259e-01 5.203164e-01 -2.436538e-02 4.318505e+01 -5.189134e-01 8.535291e-01 4.708372e-02 -7.103306e+00 4.529500e-02 -2.754836e-02 9.985937e-01 5.855913e-01
8.459470e-01 5.326530e-01 -2.558151e-02 4.404638e+01 -5.311914e-01 8.459127e-01 4.761660e-02 -7.684818e+00 4.700285e-02 -2.669245e-02 9.985381e-01 6.357936e-01
8.391208e-01 5.432875e-01 -2.673752e-02 4.491321e+01 -5.417609e-01 8.391417e-01 4.833610e-02 -8.275652e+00 4.869697e-02 -2.607449e-02 9.984732e-01 6.829184e-01
8.331137e-01 5.524162e-01 -2.752915e-02 4.577345e+01 -5.508411e-01 8.331757e-01 4.891037e-02 -8.884472e+00 4.995551e-02 -2.558372e-02 9.984237e-01 7.387936e-01
8.270995e-01 5.613472e-01 -2.820847e-02 4.663084e+01 -5.597132e-01 8.271918e-01 4.974824e-02 -9.503811e+00 5.125985e-02 -2.535809e-02 9.983634e-01 7.928252e-01
8.210668e-01 5.701780e-01 -2.731931e-02 4.748994e+01 -5.684914e-01 8.210927e-01 5.122732e-02 -1.011900e+01 5.164037e-02 -2.653026e-02 9.983133e-01 8.464534e-01
8.151904e-01 5.785681e-01 -2.689908e-02 4.835527e+01 -5.769270e-01 8.152290e-01 5.056617e-02 -1.073971e+01 5.118488e-02 -2.570225e-02 9.983584e-01 8.892632e-01
8.098251e-01 5.860662e-01 -2.664173e-02 4.919458e+01 -5.844582e-01 8.098785e-01 5.005356e-02 -1.135960e+01 5.091127e-02 -2.496365e-02 9.983911e-01 9.422690e-01
8.049784e-01 5.926134e-01 -2.862114e-02 5.005517e+01 -5.909751e-01 8.051550e-01 4.973755e-02 -1.203947e+01 5.251960e-02 -2.312327e-02 9.983521e-01 1.005578e+00
8.001959e-01 5.989171e-01 -3.138160e-02 5.091600e+01 -5.971661e-01 8.005133e-01 5.070717e-02 -1.269604e+01 5.549078e-02 -2.183564e-02 9.982204e-01 1.058076e+00
7.953831e-01 6.052624e-01 -3.198745e-02 5.177410e+01 -6.033996e-01 7.957094e-01 5.249248e-02 -1.336015e+01 5.722444e-02 -2.245042e-02 9.981089e-01 1.110646e+00
7.909236e-01 6.110201e-01 -3.307994e-02 5.261707e+01 -6.091962e-01 7.913484e-01 5.145596e-02 -1.399696e+01 5.761838e-02 -2.054556e-02 9.981272e-01 1.161317e+00
7.868964e-01 6.162451e-01 -3.218724e-02 5.342533e+01 -6.143368e-01 7.872428e-01 5.328322e-02 -1.466575e+01 5.817469e-02 -2.215457e-02 9.980606e-01 1.212825e+00
7.829980e-01 6.211927e-01 -3.215179e-02 5.425162e+01 -6.192890e-01 7.833548e-01 5.325731e-02 -1.534247e+01 5.826932e-02 -2.178912e-02 9.980631e-01 1.280378e+00
7.794218e-01 6.257037e-01 -3.156915e-02 5.507899e+01 -6.237308e-01 7.797236e-01 5.468936e-02 -1.603226e+01 5.883454e-02 -2.293542e-02 9.980042e-01 1.342177e+00
7.761036e-01 6.297997e-01 -3.186653e-02 5.590478e+01 -6.278700e-01 7.764515e-01 5.387369e-02 -1.672817e+01 5.867246e-02 -2.180353e-02 9.980392e-01 1.411019e+00
7.726830e-01 6.339978e-01 -3.174530e-02 5.675581e+01 -6.320158e-01 7.730131e-01 5.483332e-02 -1.741605e+01 5.930374e-02 -2.230524e-02 9.979908e-01 1.458472e+00
7.700716e-01 6.371457e-01 -3.217267e-02 5.758290e+01 -6.351508e-01 7.704335e-01 5.491638e-02 -1.811100e+01 5.977664e-02 -2.185505e-02 9.979725e-01 1.538903e+00
7.671884e-01 6.405277e-01 -3.385611e-02 5.843356e+01 -6.384441e-01 7.676424e-01 5.580653e-02 -1.880477e+01 6.173501e-02 -2.119889e-02 9.978674e-01 1.590363e+00
7.655155e-01 6.424598e-01 -3.509093e-02 5.923917e+01 -6.403684e-01 7.660571e-01 5.554094e-02 -1.951137e+01 6.256448e-02 -2.004633e-02 9.978396e-01 1.654656e+00
7.646152e-01 6.435933e-01 -3.393016e-02 6.005102e+01 -6.414396e-01 7.650580e-01 5.693320e-02 -2.021803e+01 6.260036e-02 -2.176784e-02 9.978013e-01 1.708753e+00
7.639357e-01 6.444534e-01 -3.289319e-02 6.088091e+01 -6.423009e-01 7.643083e-01 5.729150e-02 -2.093079e+01 6.206225e-02 -2.263969e-02 9.978155e-01 1.772026e+00
7.631745e-01 6.455076e-01 -2.974073e-02 6.174080e+01 -6.432740e-01 7.632920e-01 5.986562e-02 -2.165952e+01 6.134457e-02 -2.655648e-02 9.977633e-01 1.828157e+00
7.626797e-01 6.461614e-01 -2.819896e-02 6.258838e+01 -6.440080e-01 7.627227e-01 5.922607e-02 -2.240255e+01 5.977758e-02 -2.701016e-02 9.978462e-01 1.882823e+00
7.621981e-01 6.467682e-01 -2.729459e-02 6.343048e+01 -6.447603e-01 7.622442e-01 5.716505e-02 -2.311945e+01 5.777768e-02 -2.597262e-02 9.979916e-01 1.929040e+00
7.622537e-01 6.468123e-01 -2.455967e-02 6.428718e+01 -6.448482e-01 7.621298e-01 5.769817e-02 -2.388308e+01 5.603754e-02 -2.814338e-02 9.980319e-01 2.001280e+00
7.622510e-01 6.468604e-01 -2.334368e-02 6.514887e+01 -6.448979e-01 7.620422e-01 5.829493e-02 -2.463967e+01 5.549756e-02 -2.938108e-02 9.980264e-01 2.033346e+00
7.623971e-01 6.467532e-01 -2.147074e-02 6.604492e+01 -6.449211e-01 7.621268e-01 5.691704e-02 -2.539978e+01 5.317471e-02 -2.954645e-02 9.981480e-01 2.076490e+00
7.632925e-01 6.457693e-01 -1.914398e-02 6.693957e+01 -6.440697e-01 7.629352e-01 5.571357e-02 -2.616290e+01 5.058373e-02 -3.019569e-02 9.982632e-01 2.131107e+00
7.646170e-01 6.442418e-01 -1.770204e-02 6.786441e+01 -6.425418e-01 7.641554e-01 5.662642e-02 -2.695546e+01 5.000822e-02 -3.192322e-02 9.982385e-01 2.192932e+00
7.656566e-01 6.430126e-01 -1.745718e-02 6.880923e+01 -6.409746e-01 7.649482e-01 6.329119e-02 -2.772844e+01 5.405087e-02 -3.726971e-02 9.978424e-01 2.256366e+00
7.665268e-01 6.417791e-01 -2.358365e-02 6.967081e+01 -6.394827e-01 7.661362e-01 6.400862e-02 -2.848813e+01 5.914769e-02 -3.398299e-02 9.976706e-01 2.296913e+00
7.667222e-01 6.417495e-01 -1.716858e-02 7.056759e+01 -6.392747e-01 7.656714e-01 7.124081e-02 -2.922399e+01 5.886424e-02 -4.364647e-02 9.973114e-01 2.359940e+00
7.670140e-01 6.414845e-01 -1.368436e-02 7.147991e+01 -6.392987e-01 7.658693e-01 6.885732e-02 -3.000361e+01 5.465133e-02 -4.406613e-02 9.975327e-01 2.424895e+00
7.674022e-01 6.411100e-01 -8.473063e-03 7.238320e+01 -6.391870e-01 7.660042e-01 6.839200e-02 -3.077686e+01 5.033720e-02 -4.706830e-02 9.976225e-01 2.488438e+00
7.675878e-01 6.409065e-01 -6.915090e-03 7.330302e+01 -6.389282e-01 7.659844e-01 7.098345e-02 -3.157825e+01 5.079060e-02 -5.006778e-02 9.974535e-01 2.536779e+00
7.667831e-01 6.418523e-01 -8.325242e-03 7.424649e+01 -6.397305e-01 7.651868e-01 7.234650e-02 -3.233787e+01 5.280613e-02 -5.014816e-02 9.973448e-01 2.588433e+00
7.658641e-01 6.429887e-01 -4.216675e-03 7.516311e+01 -6.408424e-01 7.638119e-01 7.689227e-02 -3.310670e+01 5.266160e-02 -5.618680e-02 9.970305e-01 2.641691e+00
7.644250e-01 6.447098e-01 -1.943536e-03 7.606489e+01 -6.425531e-01 7.621075e-01 7.948384e-02 -3.386510e+01 5.272519e-02 -5.951061e-02 9.968343e-01 2.706929e+00
7.626753e-01 6.467812e-01 -6.616119e-04 7.698023e+01 -6.442993e-01 7.598375e-01 8.674889e-02 -3.464711e+01 5.661027e-02 -6.573496e-02 9.962300e-01 2.774320e+00
7.604794e-01 6.493173e-01 -7.621108e-03 7.788638e+01 -6.464882e-01 7.581647e-01 8.508446e-02 -3.543072e+01 6.102487e-02 -5.977803e-02 9.963446e-01 2.826306e+00
7.581791e-01 6.520272e-01 -4.999080e-03 7.877310e+01 -6.491830e-01 7.555451e-01 8.782430e-02 -3.621932e+01 6.104087e-02 -6.334123e-02 9.961234e-01 2.900058e+00
7.560213e-01 6.545141e-01 -6.562001e-03 7.966214e+01 -6.518195e-01 7.537474e-01 8.364355e-02 -3.701852e+01 5.969197e-02 -5.895906e-02 9.964741e-01 2.965592e+00
7.537483e-01 6.571357e-01 -6.018486e-03 8.055674e+01 -6.544682e-01 7.514542e-01 8.359395e-02 -3.779727e+01 5.945519e-02 -5.906989e-02 9.964817e-01 3.029312e+00
7.520422e-01 6.591027e-01 -4.031692e-03 8.146423e+01 -6.566862e-01 7.497816e-01 8.118422e-02 -3.860023e+01 5.653162e-02 -5.840640e-02 9.966910e-01 3.111422e+00
7.505915e-01 6.607598e-01 -2.976653e-03 8.234497e+01 -6.586922e-01 7.485844e-01 7.580218e-02 -3.941495e+01 5.231531e-02 -5.493577e-02 9.971184e-01 3.169214e+00
7.493018e-01 6.621795e-01 8.069855e-03 8.326086e+01 -6.603592e-01 7.462160e-01 8.418667e-02 -4.022463e+01 4.972483e-02 -6.841022e-02 9.964173e-01 3.232996e+00
7.480886e-01 6.635330e-01 9.353484e-03 8.418112e+01 -6.617148e-01 7.448292e-01 8.580744e-02 -4.106040e+01 4.996932e-02 -7.038091e-02 9.962678e-01 3.288053e+00
7.465676e-01 6.652817e-01 6.090263e-03 8.512924e+01 -6.633067e-01 7.435793e-01 8.434471e-02 -4.189690e+01 5.158439e-02 -6.700874e-02 9.964180e-01 3.342317e+00
7.451076e-01 6.669442e-01 -4.014358e-04 8.609280e+01 -6.645604e-01 7.424951e-01 8.402685e-02 -4.275032e+01 5.633928e-02 -6.234227e-02 9.964634e-01 3.402074e+00
7.447623e-01 6.672859e-01 -7.661641e-03 8.701524e+01 -6.645297e-01 7.426390e-01 8.299154e-02 -4.361027e+01 6.106892e-02 -5.671758e-02 9.965208e-01 3.469585e+00
7.446550e-01 6.674077e-01 -7.475134e-03 8.793509e+01 -6.644921e-01 7.423621e-01 8.572457e-02 -4.445396e+01 6.276250e-02 -5.886807e-02 9.962908e-01 3.559588e+00
7.439418e-01 6.681584e-01 -1.072726e-02 8.885954e+01 -6.653610e-01 7.421259e-01 8.089363e-02 -4.530940e+01 6.201073e-02 -5.304264e-02 9.966650e-01 3.634534e+00
7.429762e-01 6.691728e-01 -1.393645e-02 8.978215e+01 -6.665192e-01 7.416112e-01 7.592758e-02 -4.616057e+01 6.114410e-02 -4.712347e-02 9.970159e-01 3.696759e+00
7.419789e-01 6.702306e-01 -1.607125e-02 9.070501e+01 -6.675349e-01 7.407927e-01 7.498920e-02 -4.699017e+01 6.216552e-02 -4.491228e-02 9.970548e-01 3.782752e+00
7.407031e-01 6.715835e-01 -1.829149e-02 9.163973e+01 -6.687016e-01 7.396033e-01 7.632265e-02 -4.783897e+01 6.478548e-02 -4.430087e-02 9.969154e-01 3.835400e+00
7.400429e-01 6.723512e-01 -1.674773e-02 9.256630e+01 -6.694021e-01 7.387501e-01 7.841609e-02 -4.870635e+01 6.509554e-02 -4.682031e-02 9.967800e-01 3.901790e+00
7.393333e-01 6.731810e-01 -1.461439e-02 9.349446e+01 -6.703761e-01 7.379400e-01 7.771989e-02 -4.956249e+01 6.310410e-02 -4.766376e-02 9.968681e-01 3.993163e+00
7.396012e-01 6.729644e-01 -1.043748e-02 9.438748e+01 -6.702838e-01 7.378813e-01 7.906250e-02 -5.041456e+01 6.090787e-02 -5.147865e-02 9.968150e-01 4.068375e+00
7.391363e-01 6.734998e-01 -8.692632e-03 9.529582e+01 -6.708813e-01 7.372890e-01 7.951841e-02 -5.123688e+01 5.996461e-02 -5.294322e-02 9.967955e-01 4.139016e+00
7.388672e-01 6.736813e-01 -1.512382e-02 9.620002e+01 -6.711002e-01 7.376915e-01 7.372777e-02 -5.205881e+01 6.082573e-02 -4.432544e-02 9.971637e-01 4.214201e+00
7.389458e-01 6.736044e-01 -1.470793e-02 9.708331e+01 -6.709675e-01 7.376895e-01 7.494484e-02 -5.288510e+01 6.133305e-02 -4.551163e-02 9.970792e-01 4.256794e+00
7.395414e-01 6.730508e-01 -9.003323e-03 9.795020e+01 -6.704402e-01 7.377315e-01 7.913432e-02 -5.369269e+01 5.990345e-02 -5.248692e-02 9.968233e-01 4.339941e+00
7.400220e-01 6.724422e-01 -1.374340e-02 9.882852e+01 -6.698013e-01 7.386643e-01 7.577150e-02 -5.452475e+01 6.110371e-02 -4.686723e-02 9.970305e-01 4.412401e+00
7.404559e-01 6.718745e-01 -1.760223e-02 9.971096e+01 -6.688663e-01 7.392030e-01 7.871913e-02 -5.535392e+01 6.590099e-02 -4.651450e-02 9.967414e-01 4.475030e+00
7.396069e-01 6.724573e-01 -2.797726e-02 1.006094e+02 -6.692972e-01 7.392365e-01 7.463692e-02 -5.613858e+01 7.087195e-02 -3.647688e-02 9.968182e-01 4.552604e+00
7.398305e-01 6.720937e-01 -3.067406e-02 1.014908e+02 -6.689096e-01 7.396867e-01 7.364505e-02 -5.694030e+01 7.218556e-02 -3.396668e-02 9.968127e-01 4.630802e+00
7.403712e-01 6.717853e-01 -2.355881e-02 1.023473e+02 -6.687201e-01 7.396486e-01 7.571935e-02 -5.774660e+01 6.829239e-02 -4.030618e-02 9.968508e-01 4.707571e+00
7.409476e-01 6.712974e-01 -1.888216e-02 1.032141e+02 -6.685962e-01 7.400227e-01 7.311306e-02 -5.855451e+01 6.305383e-02 -4.154840e-02 9.971449e-01 4.783697e+00
7.423996e-01 6.699534e-01 2.298342e-03 1.040839e+02 -6.673121e-01 7.391594e-01 9.131211e-02 -5.934711e+01 5.947601e-02 -6.932378e-02 9.958197e-01 4.887477e+00
7.406530e-01 6.713218e-01 -2.757033e-02 1.049334e+02 -6.690695e-01 7.406795e-01 6.115409e-02 -6.011158e+01 6.147486e-02 -2.684750e-02 9.977475e-01 4.966157e+00
7.425944e-01 6.697180e-01 -5.602387e-03 1.057912e+02 -6.667322e-01 7.400240e-01 8.850298e-02 -6.091790e+01 6.341794e-02 -6.198652e-02 9.960602e-01 5.017430e+00
7.447374e-01 6.669533e-01 2.322651e-02 1.066561e+02 -6.645104e-01 7.378993e-01 1.180279e-01 -6.172846e+01 6.158029e-02 -1.033341e-01 9.927386e-01 5.084082e+00
7.429188e-01 6.693203e-01 9.050882e-03 1.075428e+02 -6.670145e-01 7.390881e-01 9.402355e-02 -6.251821e+01 5.624247e-02 -7.588894e-02 9.955288e-01 5.172173e+00
7.419658e-01 6.702671e-01 1.512331e-02 1.084558e+02 -6.687974e-01 7.383852e-01 8.658731e-02 -6.331657e+01 4.686980e-02 -7.435925e-02 9.961295e-01 5.249405e+00
7.415958e-01 6.704578e-01 2.284734e-02 1.093481e+02 -6.698827e-01 7.382748e-01 7.878821e-02 -6.415839e+01 3.595655e-02 -7.373405e-02 9.966295e-01 5.276996e+00
7.405005e-01 6.715482e-01 2.611544e-02 1.102684e+02 -6.715845e-01 7.379672e-01 6.617165e-02 -6.499399e+01 2.516511e-02 -6.653886e-02 9.974664e-01 5.302515e+00
7.399388e-01 6.721775e-01 2.584580e-02 1.111377e+02 -6.724301e-01 7.380892e-01 5.533547e-02 -6.581776e+01 1.811875e-02 -5.832436e-02 9.981332e-01 5.313022e+00
7.394185e-01 6.725618e-01 3.034561e-02 1.120475e+02 -6.731060e-01 7.375940e-01 5.369704e-02 -6.665263e+01 1.373184e-02 -6.013040e-02 9.980961e-01 5.341639e+00
7.389166e-01 6.733563e-01 2.436093e-02 1.129530e+02 -6.737235e-01 7.378196e-01 4.146055e-02 -6.751263e+01 9.943752e-03 -4.704842e-02 9.988431e-01 5.345561e+00
7.386822e-01 6.734897e-01 2.757140e-02 1.138565e+02 -6.740476e-01 7.378812e-01 3.451179e-02 -6.836409e+01 2.898916e-03 -4.407769e-02 9.990239e-01 5.325505e+00
7.384987e-01 6.728888e-01 4.289840e-02 1.147762e+02 -6.742173e-01 7.376331e-01 3.644778e-02 -6.922393e+01 -7.117971e-03 -5.583948e-02 9.984144e-01 5.342272e+00
7.377458e-01 6.733658e-01 4.805765e-02 1.157001e+02 -6.749265e-01 7.372193e-01 3.133573e-02 -7.008868e+01 -1.432861e-02 -5.555319e-02 9.983529e-01 5.317601e+00
7.373499e-01 6.735366e-01 5.160983e-02 1.166422e+02 -6.753283e-01 7.367726e-01 3.313332e-02 -7.096422e+01 -1.570821e-02 -5.928443e-02 9.981175e-01 5.284284e+00
7.371625e-01 6.741573e-01 4.586313e-02 1.175698e+02 -6.755942e-01 7.366166e-01 3.111987e-02 -7.182841e+01 -1.280386e-02 -5.392527e-02 9.984629e-01 5.262191e+00
7.370148e-01 6.745062e-01 4.301787e-02 1.185180e+02 -6.758172e-01 7.363000e-01 3.366781e-02 -7.270996e+01 -8.964910e-03 -5.388588e-02 9.985069e-01 5.232069e+00
7.372350e-01 6.744485e-01 4.004833e-02 1.194329e+02 -6.755745e-01 7.366742e-01 3.017195e-02 -7.360272e+01 -9.153140e-03 -4.929944e-02 9.987421e-01 5.221304e+00
7.369991e-01 6.743977e-01 4.494623e-02 1.203736e+02 -6.757562e-01 7.365596e-01 2.887091e-02 -7.449403e+01 -1.363510e-02 -5.165053e-02 9.985721e-01 5.207557e+00
7.362635e-01 6.750260e-01 4.749790e-02 1.213282e+02 -6.764049e-01 7.361878e-01 2.245038e-02 -7.537540e+01 -1.981279e-02 -4.865720e-02 9.986190e-01 5.187195e+00
7.361810e-01 6.748004e-01 5.178780e-02 1.222660e+02 -6.763838e-01 7.362211e-01 2.198610e-02 -7.626514e+01 -2.329104e-02 -5.121418e-02 9.984161e-01 5.148688e+00
7.358054e-01 6.751863e-01 5.209498e-02 1.232320e+02 -6.767676e-01 7.358904e-01 2.123201e-02 -7.715690e+01 -2.400064e-02 -5.087882e-02 9.984164e-01 5.122875e+00
7.357461e-01 6.751875e-01 5.291032e-02 1.241824e+02 -6.768380e-01 7.357923e-01 2.236111e-02 -7.803265e+01 -2.383306e-02 -5.226382e-02 9.983489e-01 5.085882e+00
7.360870e-01 6.748313e-01 5.271217e-02 1.250951e+02 -6.764302e-01 7.362166e-01 2.066892e-02 -7.892482e+01 -2.485954e-02 -5.087023e-02 9.983958e-01 5.046414e+00
7.361068e-01 6.746943e-01 5.417015e-02 1.260371e+02 -6.764039e-01 7.362002e-01 2.206865e-02 -7.978926e+01 -2.499048e-02 -5.288578e-02 9.982878e-01 5.010790e+00
7.362369e-01 6.747423e-01 5.174937e-02 1.269836e+02 -6.763015e-01 7.363242e-01 2.104594e-02 -8.069094e+01 -2.390373e-02 -5.049298e-02 9.984383e-01 4.974107e+00
7.358960e-01 6.750071e-01 5.312720e-02 1.279315e+02 -6.766563e-01 7.359749e-01 2.184234e-02 -8.154617e+01 -2.435655e-02 -5.202254e-02 9.983488e-01 4.940004e+00
7.362180e-01 6.745825e-01 5.405011e-02 1.288525e+02 -6.762845e-01 7.363114e-01 2.201753e-02 -8.242395e+01 -2.494507e-02 -5.276296e-02 9.982955e-01 4.894261e+00
7.363712e-01 6.745075e-01 5.288661e-02 1.297745e+02 -6.761163e-01 7.365039e-01 2.070793e-02 -8.328697e+01 -2.498354e-02 -5.100623e-02 9.983858e-01 4.864955e+00
7.366890e-01 6.739759e-01 5.518920e-02 1.306735e+02 -6.757818e-01 7.367196e-01 2.373149e-02 -8.414142e+01 -2.466452e-02 -5.477858e-02 9.981939e-01 4.832988e+00
7.368281e-01 6.737518e-01 5.606213e-02 1.315892e+02 -6.755775e-01 7.369416e-01 2.263086e-02 -8.498537e+01 -2.606693e-02 -5.454936e-02 9.981708e-01 4.799576e+00
7.369090e-01 6.737726e-01 5.473149e-02 1.324998e+02 -6.754413e-01 7.371587e-01 1.939309e-02 -8.584773e+01 -2.727926e-02 -5.125885e-02 9.983128e-01 4.751629e+00
7.370656e-01 6.736360e-01 5.430274e-02 1.334248e+02 -6.753369e-01 7.371972e-01 2.145462e-02 -8.667889e+01 -2.557922e-02 -5.248611e-02 9.982940e-01 4.721721e+00
7.379341e-01 6.731602e-01 4.804843e-02 1.343198e+02 -6.745266e-01 7.379640e-01 2.056772e-02 -8.754414e+01 -2.161264e-02 -4.758757e-02 9.986332e-01 4.697514e+00
7.386217e-01 6.724550e-01 4.735343e-02 1.352160e+02 -6.738189e-01 7.385678e-01 2.203975e-02 -8.839790e+01 -2.015298e-02 -4.818667e-02 9.986350e-01 4.667365e+00
7.383970e-01 6.725325e-01 4.969785e-02 1.361447e+02 -6.739734e-01 7.384754e-01 2.034825e-02 -8.924592e+01 -2.301578e-02 -4.852011e-02 9.985570e-01 4.642906e+00
7.381038e-01 6.727889e-01 5.057550e-02 1.370578e+02 -6.741278e-01 7.384687e-01 1.468613e-02 -9.009206e+01 -2.746776e-02 -4.493424e-02 9.986123e-01 4.611408e+00
7.377267e-01 6.726905e-01 5.697989e-02 1.379559e+02 -6.743631e-01 7.382336e-01 1.567118e-02 -9.093251e+01 -3.152262e-02 -4.998619e-02 9.982523e-01 4.571088e+00
7.373573e-01 6.728559e-01 5.974235e-02 1.388801e+02 -6.746604e-01 7.379677e-01 1.539587e-02 -9.176402e+01 -3.372872e-02 -5.165806e-02 9.980951e-01 4.542827e+00
7.377388e-01 6.727605e-01 5.598872e-02 1.397766e+02 -6.743172e-01 7.383173e-01 1.356219e-02 -9.263237e+01 -3.221333e-02 -4.775951e-02 9.983393e-01 4.503788e+00
7.371721e-01 6.736272e-01 5.294965e-02 1.407073e+02 -6.750681e-01 7.376141e-01 1.443727e-02 -9.347121e+01 -2.933107e-02 -4.638737e-02 9.984928e-01 4.451926e+00
7.373618e-01 6.735866e-01 5.078152e-02 1.416058e+02 -6.750049e-01 7.376106e-01 1.729327e-02 -9.433624e+01 -2.580847e-02 -4.702917e-02 9.985601e-01 4.420404e+00
7.376904e-01 6.734705e-01 4.743834e-02 1.425058e+02 -6.747705e-01 7.377870e-01 1.884387e-02 -9.518970e+01 -2.230860e-02 -4.591094e-02 9.986964e-01 4.405099e+00
7.375712e-01 6.734327e-01 4.977031e-02 1.434388e+02 -6.749664e-01 7.374426e-01 2.446840e-02 -9.606783e+01 -2.022493e-02 -5.164047e-02 9.984609e-01 4.377057e+00
7.369803e-01 6.744264e-01 4.482318e-02 1.443855e+02 -6.756067e-01 7.370237e-01 1.875370e-02 -9.692699e+01 -2.038775e-02 -4.410395e-02 9.988189e-01 4.341062e+00
7.373179e-01 6.738821e-01 4.738422e-02 1.452852e+02 -6.751753e-01 7.374215e-01 1.865077e-02 -9.781353e+01 -2.237372e-02 -4.574420e-02 9.987026e-01 4.325044e+00
7.370030e-01 6.742245e-01 4.741139e-02 1.462246e+02 -6.754937e-01 7.371572e-01 1.753601e-02 -9.867853e+01 -2.312645e-02 -4.495019e-02 9.987215e-01 4.288733e+00
7.368670e-01 6.744741e-01 4.595389e-02 1.471474e+02 -6.756717e-01 7.370012e-01 1.723389e-02 -9.955236e+01 -2.224426e-02 -4.374883e-02 9.987949e-01 4.267639e+00
7.370134e-01 6.743496e-01 4.542859e-02 1.480715e+02 -6.755333e-01 7.371182e-01 1.764933e-02 -1.004138e+02 -2.158442e-02 -4.369632e-02 9.988117e-01 4.255781e+00
7.370519e-01 6.746447e-01 4.011268e-02 1.490090e+02 -6.754966e-01 7.372640e-01 1.208845e-02 -1.012906e+02 -2.141823e-02 -3.600580e-02 9.991220e-01 4.215957e+00
7.370364e-01 6.745676e-01 4.166426e-02 1.499309e+02 -6.755406e-01 7.371688e-01 1.506847e-02 -1.021577e+02 -2.054889e-02 -3.925191e-02 9.990180e-01 4.188709e+00
7.369701e-01 6.746789e-01 4.103026e-02 1.508643e+02 -6.756425e-01 7.370591e-01 1.584527e-02 -1.030234e+02 -1.955126e-02 -3.939928e-02 9.990323e-01 4.176486e+00
7.368423e-01 6.746790e-01 4.326241e-02 1.518008e+02 -6.757539e-01 7.369340e-01 1.687816e-02 -1.038910e+02 -2.049420e-02 -4.167129e-02 9.989212e-01 4.164357e+00
7.370424e-01 6.743808e-01 4.448500e-02 1.527277e+02 -6.754264e-01 7.373073e-01 1.330862e-02 -1.047675e+02 -2.382404e-02 -3.985536e-02 9.989214e-01 4.132840e+00
7.370279e-01 6.741249e-01 4.843063e-02 1.536624e+02 -6.753282e-01 7.374005e-01 1.312471e-02 -1.056538e+02 -2.686507e-02 -4.237985e-02 9.987403e-01 4.083686e+00
7.367039e-01 6.744800e-01 4.841583e-02 1.546248e+02 -6.756714e-01 7.370935e-01 1.270265e-02 -1.065505e+02 -2.711931e-02 -4.207128e-02 9.987465e-01 4.044477e+00
7.370472e-01 6.742099e-01 4.693119e-02 1.555759e+02 -6.753693e-01 7.373493e-01 1.386794e-02 -1.074501e+02 -2.525478e-02 -4.191721e-02 9.988019e-01 4.020238e+00
7.370420e-01 6.740632e-01 4.907124e-02 1.565665e+02 -6.753866e-01 7.372754e-01 1.667030e-02 -1.083677e+02 -2.494218e-02 -4.542877e-02 9.986562e-01 3.994385e+00
7.362883e-01 6.748275e-01 4.987436e-02 1.575651e+02 -6.761671e-01 7.365775e-01 1.586413e-02 -1.092615e+02 -2.603078e-02 -4.540397e-02 9.986295e-01 3.951945e+00
7.358626e-01 6.755349e-01 4.646267e-02 1.585265e+02 -6.765814e-01 7.362963e-01 1.026867e-02 -1.101818e+02 -2.727345e-02 -3.899210e-02 9.988672e-01 3.920870e+00
7.356689e-01 6.754024e-01 5.121341e-02 1.594902e+02 -6.767840e-01 7.360261e-01 1.513587e-02 -1.111017e+02 -2.747160e-02 -4.579540e-02 9.985730e-01 3.883791e+00
7.356776e-01 6.756668e-01 4.746272e-02 1.604416e+02 -6.768198e-01 7.360386e-01 1.273216e-02 -1.120141e+02 -2.633169e-02 -4.149048e-02 9.987919e-01 3.844509e+00
7.351527e-01 6.759490e-01 5.141509e-02 1.614406e+02 -6.774228e-01 7.353674e-01 1.825117e-02 -1.129240e+02 -2.547212e-02 -4.824715e-02 9.985106e-01 3.811114e+00
7.346992e-01 6.766812e-01 4.816328e-02 1.624394e+02 -6.779418e-01 7.349467e-01 1.575300e-02 -1.138434e+02 -2.473769e-02 -4.422562e-02 9.987152e-01 3.767845e+00
7.344965e-01 6.767594e-01 5.011612e-02 1.634166e+02 -6.781270e-01 7.347597e-01 1.648937e-02 -1.147691e+02 -2.566397e-02 -4.609648e-02 9.986073e-01 3.737487e+00
7.341507e-01 6.766583e-01 5.618149e-02 1.643846e+02 -6.784151e-01 7.344115e-01 1.981543e-02 -1.156688e+02 -2.785206e-02 -5.266188e-02 9.982239e-01 3.704647e+00
7.337308e-01 6.773711e-01 5.298625e-02 1.653342e+02 -6.788633e-01 7.340884e-01 1.609236e-02 -1.165610e+02 -2.799609e-02 -4.777788e-02 9.984656e-01 3.653205e+00
7.338089e-01 6.773450e-01 5.223278e-02 1.662702e+02 -6.788540e-01 7.340512e-01 1.805838e-02 -1.174643e+02 -2.610978e-02 -4.870983e-02 9.984716e-01 3.627232e+00
7.334471e-01 6.775077e-01 5.512493e-02 1.672493e+02 -6.793227e-01 7.334388e-01 2.425097e-02 -1.183512e+02 -2.400055e-02 -5.523442e-02 9.981849e-01 3.586507e+00
7.335199e-01 6.775506e-01 5.360762e-02 1.682256e+02 -6.792560e-01 7.335372e-01 2.311750e-02 -1.192808e+02 -2.365991e-02 -5.337045e-02 9.982944e-01 3.563503e+00
7.337813e-01 6.773285e-01 5.283197e-02 1.692029e+02 -6.789363e-01 7.339034e-01 2.076587e-02 -1.202345e+02 -2.470825e-02 -5.110715e-02 9.983875e-01 3.527916e+00
7.338830e-01 6.773753e-01 5.077865e-02 1.701880e+02 -6.787980e-01 7.341184e-01 1.742258e-02 -1.211833e+02 -2.547591e-02 -4.725459e-02 9.985580e-01 3.487213e+00
7.335896e-01 6.778525e-01 4.860344e-02 1.711875e+02 -6.790653e-01 7.339603e-01 1.313473e-02 -1.221050e+02 -2.676959e-02 -4.264041e-02 9.987318e-01 3.456616e+00
7.331876e-01 6.782806e-01 4.869603e-02 1.721879e+02 -6.794219e-01 7.336741e-01 1.040754e-02 -1.230252e+02 -2.866779e-02 -4.071583e-02 9.987594e-01 3.402199e+00
7.334398e-01 6.777491e-01 5.217469e-02 1.731923e+02 -6.790875e-01 7.339579e-01 1.208300e-02 -1.239825e+02 -3.010478e-02 -4.429333e-02 9.985649e-01 3.351002e+00
7.338568e-01 6.774791e-01 4.976253e-02 1.741881e+02 -6.787025e-01 7.343194e-01 1.174424e-02 -1.249192e+02 -2.858511e-02 -4.239255e-02 9.986920e-01 3.333233e+00
7.342736e-01 6.769169e-01 5.124250e-02 1.751834e+02 -6.783961e-01 7.344562e-01 1.878257e-02 -1.258693e+02 -2.492113e-02 -4.855426e-02 9.985096e-01 3.294729e+00
7.346782e-01 6.770632e-01 4.281842e-02 1.761685e+02 -6.780642e-01 7.348651e-01 1.422063e-02 -1.268057e+02 -2.183749e-02 -3.948122e-02 9.989817e-01 3.262026e+00
7.350135e-01 6.766529e-01 4.354327e-02 1.771593e+02 -6.777258e-01 7.351361e-01 1.620352e-02 -1.277297e+02 -2.104607e-02 -4.142020e-02 9.989201e-01 3.251874e+00
7.360047e-01 6.758354e-01 3.928924e-02 1.781447e+02 -6.766553e-01 7.362030e-01 1.194983e-02 -1.286799e+02 -2.084873e-02 -3.538040e-02 9.991564e-01 3.203046e+00
7.366656e-01 6.753952e-01 3.413386e-02 1.791350e+02 -6.759335e-01 7.369360e-01 6.266089e-03 -1.296037e+02 -2.092238e-02 -2.768823e-02 9.993976e-01 3.167261e+00
7.377732e-01 6.742221e-01 3.339557e-02 1.801284e+02 -6.747299e-01 7.380420e-01 5.792114e-03 -1.305626e+02 -2.074216e-02 -2.680626e-02 9.994254e-01 3.152577e+00
7.383019e-01 6.737281e-01 3.163377e-02 1.811524e+02 -6.741700e-01 7.385606e-01 4.803258e-03 -1.314743e+02 -2.012737e-02 -2.487280e-02 9.994880e-01 3.132006e+00
7.392641e-01 6.727567e-01 2.978433e-02 1.821490e+02 -6.731472e-01 7.394950e-01 4.476982e-03 -1.324316e+02 -1.901344e-02 -2.335891e-02 9.995463e-01 3.103387e+00
7.396915e-01 6.721558e-01 3.260629e-02 1.831625e+02 -6.726614e-01 7.399194e-01 6.773481e-03 -1.333641e+02 -1.957319e-02 -2.694328e-02 9.994453e-01 3.060047e+00
7.398223e-01 6.718645e-01 3.551030e-02 1.841660e+02 -6.725188e-01 7.400119e-01 1.004539e-02 -1.342918e+02 -1.952890e-02 -3.131315e-02 9.993188e-01 3.026297e+00
7.398096e-01 6.717473e-01 3.791227e-02 1.851662e+02 -6.725959e-01 7.398344e-01 1.612001e-02 -1.352173e+02 -1.722022e-02 -3.742538e-02 9.991510e-01 3.022232e+00
7.396895e-01 6.720632e-01 3.450430e-02 1.861840e+02 -6.728307e-01 7.395461e-01 1.924721e-02 -1.361420e+02 -1.258218e-02 -3.745251e-02 9.992192e-01 2.982971e+00
7.396177e-01 6.720781e-01 3.573055e-02 1.872020e+02 -6.729539e-01 7.392781e-01 2.451589e-02 -1.370761e+02 -9.938216e-03 -4.217740e-02 9.990607e-01 2.964402e+00
7.396857e-01 6.721381e-01 3.309915e-02 1.882103e+02 -6.728783e-01 7.394394e-01 2.154482e-02 -1.379991e+02 -9.993719e-03 -3.820809e-02 9.992198e-01 2.950723e+00
7.400510e-01 6.715787e-01 3.614528e-02 1.892019e+02 -6.724520e-01 7.397938e-01 2.265998e-02 -1.389367e+02 -1.152210e-02 -4.107551e-02 9.990896e-01 2.947630e+00
7.397342e-01 6.717067e-01 4.004343e-02 1.902104e+02 -6.727730e-01 7.394371e-01 2.468213e-02 -1.398435e+02 -1.303044e-02 -4.519836e-02 9.988930e-01 2.919188e+00
7.398671e-01 6.715090e-01 4.089325e-02 1.912106e+02 -6.725493e-01 7.397713e-01 2.039442e-02 -1.407720e+02 -1.655662e-02 -4.259188e-02 9.989554e-01 2.893240e+00
7.399908e-01 6.711857e-01 4.385677e-02 1.921942e+02 -6.723036e-01 7.400622e-01 1.777136e-02 -1.417099e+02 -2.052885e-02 -4.263571e-02 9.988798e-01 2.867111e+00
7.398980e-01 6.710088e-01 4.793874e-02 1.932010e+02 -6.723184e-01 7.400366e-01 1.827343e-02 -1.426230e+02 -2.321479e-02 -4.575058e-02 9.986831e-01 2.823966e+00
7.398661e-01 6.709504e-01 4.923220e-02 1.942095e+02 -6.722942e-01 7.400834e-01 1.723414e-02 -1.435412e+02 -2.487268e-02 -4.584948e-02 9.986387e-01 2.794479e+00
7.401552e-01 6.709806e-01 4.421870e-02 1.952207e+02 -6.720143e-01 7.404187e-01 1.330393e-02 -1.444862e+02 -2.381368e-02 -3.956257e-02 9.989333e-01 2.751578e+00
7.404934e-01 6.705367e-01 4.527728e-02 1.962478e+02 -6.717150e-01 7.405975e-01 1.773023e-02 -1.454368e+02 -2.164347e-02 -4.354255e-02 9.988171e-01 2.713087e+00
7.407680e-01 6.705277e-01 4.068613e-02 1.972641e+02 -6.714718e-01 7.408666e-01 1.556456e-02 -1.463787e+02 -1.970653e-02 -3.884932e-02 9.990507e-01 2.687034e+00
7.409865e-01 6.698386e-01 4.748946e-02 1.982640e+02 -6.711729e-01 7.410225e-01 2.031145e-02 -1.473264e+02 -2.158537e-02 -4.692415e-02 9.986652e-01 2.681297e+00
7.403031e-01 6.703751e-01 5.048261e-02 1.993037e+02 -6.717414e-01 7.406154e-01 1.588861e-02 -1.482775e+02 -2.673687e-02 -4.567364e-02 9.985985e-01 2.641293e+00
7.400774e-01 6.703619e-01 5.385566e-02 2.003443e+02 -6.717628e-01 7.406714e-01 1.185785e-02 -1.492516e+02 -3.194030e-02 -4.495396e-02 9.984783e-01 2.585551e+00
7.392768e-01 6.715121e-01 5.041101e-02 2.013859e+02 -6.724911e-01 7.400972e-01 3.429275e-03 -1.502078e+02 -3.500625e-02 -3.643614e-02 9.987227e-01 2.557644e+00
7.388466e-01 6.718673e-01 5.196240e-02 2.024179e+02 -6.730036e-01 7.396128e-01 6.249304e-03 -1.511692e+02 -3.423335e-02 -3.958816e-02 9.986295e-01 2.508577e+00
7.378164e-01 6.730851e-01 5.082676e-02 2.034953e+02 -6.742303e-01 7.384795e-01 7.842409e-03 -1.521468e+02 -3.225591e-02 -4.005520e-02 9.986767e-01 2.460777e+00
7.368892e-01 6.739940e-01 5.221558e-02 2.045727e+02 -6.752918e-01 7.374716e-01 1.079745e-02 -1.531673e+02 -3.123009e-02 -4.321728e-02 9.985775e-01 2.414424e+00
7.367881e-01 6.745577e-01 4.599185e-02 2.056077e+02 -6.754636e-01 7.373690e-01 5.991466e-03 -1.541912e+02 -2.987138e-02 -3.548026e-02 9.989238e-01 2.353834e+00
7.354515e-01 6.756910e-01 5.052529e-02 2.066895e+02 -6.769862e-01 7.358783e-01 1.314629e-02 -1.551444e+02 -2.829764e-02 -4.387338e-02 9.986363e-01 2.322480e+00
7.345210e-01 6.764987e-01 5.318220e-02 2.077396e+02 -6.780020e-01 7.348822e-01 1.616912e-02 -1.561283e+02 -2.814426e-02 -4.793420e-02 9.984539e-01 2.278816e+00
7.340458e-01 6.772094e-01 5.063803e-02 2.087833e+02 -6.784580e-01 7.345517e-01 1.133375e-02 -1.571209e+02 -2.952093e-02 -4.267527e-02 9.986528e-01 2.235470e+00
7.339190e-01 6.775513e-01 4.782291e-02 2.098259e+02 -6.785867e-01 7.344769e-01 7.985679e-03 -1.581222e+02 -2.971412e-02 -3.831283e-02 9.988239e-01 2.210685e+00
7.332484e-01 6.783901e-01 4.619125e-02 2.108980e+02 -6.793679e-01 7.337531e-01 8.109401e-03 -1.591576e+02 -2.839163e-02 -3.732705e-02 9.988997e-01 2.174806e+00
7.323792e-01 6.794536e-01 4.431050e-02 2.119840e+02 -6.803931e-01 7.327891e-01 9.243037e-03 -1.601507e+02 -2.619003e-02 -3.691797e-02 9.989750e-01 2.119516e+00
7.320427e-01 6.800478e-01 4.060149e-02 2.130601e+02 -6.807926e-01 7.324459e-01 6.674134e-03 -1.612010e+02 -2.519966e-02 -3.252694e-02 9.991531e-01 2.096097e+00
7.314475e-01 6.808939e-01 3.698790e-02 2.141404e+02 -6.814385e-01 7.318692e-01 3.005827e-03 -1.622107e+02 -2.502366e-02 -2.740359e-02 9.993112e-01 2.046875e+00
7.311711e-01 6.811705e-01 3.735621e-02 2.152063e+02 -6.817057e-01 7.316230e-01 2.235593e-03 -1.632373e+02 -2.580784e-02 -2.710054e-02 9.992995e-01 2.023472e+00
7.316227e-01 6.806036e-01 3.882000e-02 2.162695e+02 -6.811705e-01 7.321223e-01 1.924683e-03 -1.642789e+02 -2.711104e-02 -2.785118e-02 9.992444e-01 1.986802e+00
7.309671e-01 6.814404e-01 3.641445e-02 2.173706e+02 -6.818983e-01 7.314470e-01 2.095293e-04 -1.652653e+02 -2.649246e-02 -2.498411e-02 9.993368e-01 1.941212e+00
7.310254e-01 6.812687e-01 3.840286e-02 2.184627e+02 -6.818730e-01 7.314608e-01 3.779607e-03 -1.662970e+02 -2.551526e-02 -2.894886e-02 9.992552e-01 1.916882e+00
7.312956e-01 6.807659e-01 4.200698e-02 2.195729e+02 -6.816058e-01 7.316695e-01 8.562586e-03 -1.673332e+02 -2.490611e-02 -3.489398e-02 9.990806e-01 1.861617e+00
7.321135e-01 6.803122e-01 3.442573e-02 2.206618e+02 -6.807416e-01 7.325229e-01 1.042017e-03 -1.684078e+02 -2.450874e-02 -2.419790e-02 9.994067e-01 1.834255e+00
7.325557e-01 6.793756e-01 4.255482e-02 2.217453e+02 -6.802717e-01 7.328908e-01 1.007574e-02 -1.694527e+02 -2.434282e-02 -3.632988e-02 9.990433e-01 1.807031e+00
7.326867e-01 6.797678e-01 3.295311e-02 2.228498e+02 -6.800948e-01 7.331222e-01 -1.715115e-03 -1.704587e+02 -2.532454e-02 -2.115460e-02 9.994554e-01 1.777337e+00
7.330078e-01 6.792253e-01 3.677688e-02 2.239249e+02 -6.797399e-01 7.334503e-01 2.083250e-03 -1.714894e+02 -2.555902e-02 -2.652575e-02 9.993213e-01 1.760198e+00
7.332353e-01 6.793123e-01 3.001346e-02 2.250138e+02 -6.795054e-01 7.336550e-01 -4.781331e-03 -1.725134e+02 -2.526754e-02 -1.688846e-02 9.995381e-01 1.708646e+00
7.333164e-01 6.789965e-01 3.479633e-02 2.260800e+02 -6.793841e-01 7.337822e-01 -9.199331e-04 -1.735244e+02 -2.615756e-02 -2.296547e-02 9.993940e-01 1.669408e+00
7.334654e-01 6.785474e-01 4.002384e-02 2.271324e+02 -6.791643e-01 7.339819e-01 2.549568e-03 -1.745449e+02 -2.764677e-02 -2.905278e-02 9.991955e-01 1.631698e+00
7.332135e-01 6.792250e-01 3.242374e-02 2.281957e+02 -6.793960e-01 7.337374e-01 -7.105776e-03 -1.755453e+02 -2.861693e-02 -1.681851e-02 9.994490e-01 1.576504e+00
7.326291e-01 6.795391e-01 3.848642e-02 2.292704e+02 -6.800000e-01 7.332106e-01 -1.493416e-03 -1.765460e+02 -2.923348e-02 -2.507664e-02 9.992580e-01 1.532050e+00
7.327998e-01 6.795175e-01 3.550181e-02 2.303471e+02 -6.798528e-01 7.333406e-01 -3.429179e-03 -1.775528e+02 -2.836511e-02 -2.162311e-02 9.993637e-01 1.503967e+00
7.339328e-01 6.784648e-01 3.206463e-02 2.313895e+02 -6.786916e-01 7.344074e-01 -4.848003e-03 -1.785663e+02 -2.683770e-02 -1.820389e-02 9.994740e-01 1.470550e+00
7.344180e-01 6.778335e-01 3.423417e-02 2.324678e+02 -6.781532e-01 7.349146e-01 -2.973981e-03 -1.795438e+02 -2.717506e-02 -2.103187e-02 9.994094e-01 1.440367e+00
7.349252e-01 6.774802e-01 3.009148e-02 2.335190e+02 -6.775432e-01 7.354202e-01 -9.604437e-03 -1.805546e+02 -2.863670e-02 -1.332974e-02 9.995010e-01 1.390505e+00
7.355063e-01 6.766907e-01 3.346957e-02 2.345747e+02 -6.768600e-01 7.360714e-01 -7.704977e-03 -1.815579e+02 -2.984988e-02 -1.698715e-02 9.994100e-01 1.336699e+00
