1 0 0 0 0 1 0 0 0 0 1 0
0.9998400387003897327 -0.01788300863534889734 -0.0003082430066810537507 0.3019729575557086321 0.01788389080522295033 0.9998351179767309693 0.003146952513663564977 -0.04123070445903775916 0.0002519152039735752429 -0.003151961707322625383 0.9999950008255669154 -0.0002482632090512471024
0.9980521833474412796 -0.06236679799567894367 -0.001490578133378987324 1.003987201397494866 0.06237935779198591768 0.9979932607578601012 0.01087507256772413979 -0.1239713575593059947 0.0008093434777256590731 -0.0109468712269779004 0.9999397536719274449 -0.002278696426330828473
0.9965624543269173685 -0.08279728792523730063 -0.002807799518496099933 1.659112823466874831 0.08282677558508579063 0.9964808046464137536 0.01287366371371071079 -0.1571276294609317281 0.00173201388232002121 -0.01306197088732131278 0.9999131887541289343 -0.003854925760722549555
0.9953836104574105281 -0.09586444323463783057 -0.004634280535617883549 2.291138381330347862 0.09591765193912762943 0.9953031627673319948 0.01309267855827436419 -0.1438200176003558428 0.003357391733812511991 -0.01347674696129713169 0.9999035479545449467 -0.008571078669967313601
0.9947094498178368216 -0.102509031308323062 -0.006708870495511495141 2.932298441679892953 0.1025929290758700735 0.9946296446334109698 0.01365873054306535744 -0.1152824998706900028 0.005272698239971139456 -0.0142747510186278341 0.9998842083644617906 -0.02561451146166326964
0.9947252909876868054 -0.1022955017744859585 -0.007564772710928638864 3.609484281942550332 0.1024026060053795095 0.9946227267442037112 0.01547054385702145707 -0.06404158186880665182 0.005941527814365783408 -0.01616359367935090927 0.9998517072479298218 -0.01355521777432278085
0.9949345501916017076 -0.100156722605502721 -0.008594867768593736357 4.28899822195197622 0.1002941462100323949 0.9948054546176698931 0.01741240072281106249 -0.0004741515110244787223 0.006806252348824207848 -0.01818621400554517806 0.999811450499097143 -0.008276072307431991959
0.9952072853727856883 -0.09740100347032319694 -0.008689284429961146791 4.97062579677095151 0.09753133787850022662 0.9951021158547402878 0.01610643203968327788 0.06206326827704278237 0.007077942678526273623 -0.01687671604291538646 0.9998325255676804302 -0.008903477481085886325
0.9954695725261833994 -0.09466809901756408074 -0.008847666525047844302 5.685638852198065862 0.09480245530645774188 0.9953634274668913262 0.01625243763961730162 0.1479042665409570634 0.007268056301711626338 -0.01701758765992557668 0.9998287738747229092 -0.008749615086597550828
0.9957328675330122669 -0.09177568137616815003 -0.009658199750717638352 6.442839776296914067 0.09193625967040024161 0.9956065891344343388 0.01775510715018349325 0.2378948848733177246 0.0079862802543760672 -0.01856728251623867079 0.9997957168080191526 -0.02274815352860382056
0.9959862698292576422 -0.08883342502700863896 -0.01095321457709746982 7.224885186232960166 0.08902747969389271376 0.9958531369066074834 0.01872531902593784978 0.3271334467484824926 0.009244358872016227718 -0.01962529773635206254 0.9997646670681080705 -0.04542179460730233487
0.9963292214865832053 -0.08481873540666594324 -0.01156998426761917005 8.032823204109480031 0.08503918645763790252 0.9961744810480552825 0.02011815287895041965 0.4021937147712635885 0.009819326787619141531 -0.02102820564507873816 0.9997306614227585708 -0.03495252244586488644
0.99667428254923085 -0.08043189305116633936 -0.0130799497392606618 8.877374841755717227 0.08070299981172868176 0.9965015049093656208 0.02172041746278559338 0.475496155943311738 0.01128717530491865802 -0.02270377267273658919 0.9996785175145361801 -0.04878908664468806222
0.9970578314452203106 -0.07515815821475888003 -0.01506426259462524675 9.756285298995553745 0.07550757873232512296 0.9968527299375925521 0.02415036997544374106 0.5558706090399688771 0.01320175396438957698 -0.0252167815102237805 0.9995948317306013742 -0.05781129544365182227
0.9976281123310426491 -0.06677400414042647392 -0.01671471979588319556 10.6286085636886849 0.0671795285351235727 0.9974275129512105709 0.02500534650352158675 0.6248935542140385824 0.01500201428472519236 -0.02606892362597600446 0.9995475730491190092 -0.06144175778511584696
0.9982321669350460169 -0.05669535409467344605 -0.0178375368322568166 11.55328255144487848 0.05718978491398376413 0.9979550080956147706 0.02855048718277527695 0.6985239902664904799 0.01618237923343779708 -0.02952013958234505145 0.9994331853412633526 -0.06546343350700123409
0.9988265133997451528 -0.04425166990401392664 -0.01968211981507193495 12.51127675785624582 0.04482131627187862372 0.9985590770525927251 0.02950964661819014886 0.7579509494062157682 0.01834790825584452917 -0.03035719596043779875 0.9993706994484352624 -0.07169864513724699684
0.9993050120352274801 -0.03131807515407396963 -0.02021561500221245866 13.50002416722972498 0.03191740811451335147 0.9990390220891663953 0.03003849867043348679 0.8336832467481249953 0.0192554402838652286 -0.03066285230968919182 0.9993442937785299574 -0.06636302045110942238
0.9996455480786115011 -0.01790612004972314333 -0.0197014992164919675 14.47991621722139044 0.01849839986527166899 0.9993695746492062826 0.03030284587112110073 0.8900185090789147768 0.01914647249592069805 -0.03065655117963054718 0.9993465807520099942 -0.07612656589219057857
0.9998633444401044956 -0.001567496273774791719 -0.01645707751943261549 15.47314914464331004 0.002075756628320536874 0.9995199394824531014 0.03091248633502673496 0.9349640454646420684 0.01640072191913806085 -0.03094242285964260777 0.9993866032662765964 -0.05952595569478646986
0.9997782129786930705 0.01577169089072657376 -0.01395631110209481426 16.51151791847472339 -0.01528601580630531594 0.9992964738843586048 0.03424755470185796014 0.9771148146795209932 0.01448663431927742912 -0.03402662264660925168 0.9993159292122610893 -0.0415768183528433255
0.9993442570139752235 0.03311598226319782678 -0.01464198387956185989 17.54587471061447701 -0.0326057818986388373 0.9988962973703953141 0.03380902374356781204 1.00039291686597398 0.01574544251407938508 -0.03330944038044324207 0.9993210506246615887 -0.05969984127272631724
0.9985643024946967428 0.05139618461638281038 -0.0150919180410718657 18.5831108354981005 -0.0508477512661512851 0.9981028568829396486 0.03471589366975370156 0.9827878222344184067 0.01684755099281038185 -0.0338986620531361027 0.9992832635126798202 -0.06722091966349208469
0.9974488609208166379 0.06995753231304546738 -0.01420258851176900081 19.68222892141465152 -0.06942210508079603437 0.9969653970938520127 0.03522170245245082043 0.94589555375616996 0.01662351268283416422 -0.03414587339880566924 0.9992785988681617271 -0.06193730667548669189
0.995930211456312553 0.08940061183317432603 -0.01142560774920462104 20.79328236504075633 -0.0889114348669034632 0.9953196444351763983 0.03786241079675602139 0.8838930781661422653 0.01475705453310311409 -0.03669245161185080706 0.9992176406250137255 -0.04151093507025249707
0.9940076611925032779 0.1088767078421748885 -0.009727897000858078472 21.87789551698449131 -0.1084259089886412952 0.9933506026680331003 0.03870920354440615663 0.8192293597939314109 0.0138777429936025147 -0.03742248880693380825 0.9992031653176937089 -0.03898136530828577584
0.9915426272954643849 0.1295238614221551621 -0.008172366750348183245 22.93144017251605504 -0.1290667874561307882 0.9907249073669562867 0.04249614451323585618 0.7122534749171922641 0.01360083202461573847 -0.04108195765820087803 0.9990632062703580507 -0.02227024459132853629
0.9884241054670031001 0.1514677039853509766 -0.00867884676445267525 24.03541394299366729 -0.1509440561517296497 0.9875474737250126145 0.04433823464921755192 0.604576421397525765 0.01528658379816245395 -0.04251495958779313855 0.9989788779383826922 -0.02387945453896356263
0.9846350950628851573 0.1742394461958441665 -0.01159072732267682135 25.13850880410821986 -0.17358711226827514 0.983851379339614196 0.0436345943707499781 0.4699062146159274089 0.019006420622104718 -0.04095215209124137418 0.9989803187321717459 -0.009554100307834767491
0.9803302018051940347 0.1969164635471601366 -0.01328916147344903417 26.24290198755399572 -0.19610790577187176 0.9794641957792531439 0.04681429781884633573 0.2878843327897676607 0.02223476382510314667 -0.04328736040209575642 0.9988152079874740297 -0.007537639435692966572
0.9755124971166955206 0.2193974268207496414 -0.01549635678418778521 27.35965228559803819 -0.2185061421023097028 0.974769877440857524 0.04559333172187295807 0.1110201494586719878 0.0251084414632663129 -0.04109081574232031214 0.9988398825782420776 -0.01090472910363571302
0.9702083640170778844 0.2419121050567937525 -0.01320090217735493329 28.4634332504866272 -0.2410690751444752589 0.9693799598183187038 0.04677814138699961516 -0.0978314092646925676 0.02411288867582328174 -0.04220221474787281407 0.9988180723585661225 0.03681530493900120327
0.9642947503953123167 0.2645004371000559962 -0.01323454320789151789 29.52919378646458881 -0.2636663725194279273 0.9635355673581625924 0.04559884250976192765 -0.347746125239328796 0.02481286687363051802 -0.04048122045668964969 0.9988721602026199298 0.03910402570058102434
0.9580390089572199397 0.2863966253266414519 -0.01175713901334909765 30.58859946519979189 -0.2855564455577649374 0.9571809756771371136 0.04756149915823879026 -0.6453434477027542027 0.02487516264636470756 -0.04220844469149824529 0.9987991156784439273 0.07622854994502037407
0.9512228495408612261 0.3082427042213031765 -0.01270928029836493681 31.6504594660973062 -0.3073700995029203797 0.9504500136121597498 0.04656601288719239978 -0.9628138570806672458 0.02643316936973394427 -0.04038820272039268106 0.9988343609618600683 0.1024041300457112502
0.9442065637744785356 0.3290696317892824463 -0.01367999851088159274 32.67591253672566154 -0.3281447696702198269 0.9434842430777821143 0.04645958676121705877 -1.307027806744542664 0.02819530214894022321 -0.03937842680974882464 0.9988264936607955669 0.1205808321591179677
0.9370440826469894624 0.3489089554315715214 -0.01452336035191438557 33.67078526178649867 -0.3479466966610584855 0.9363793982355856915 0.0461163619837878791 -1.700356305383476263 0.02968978711475182136 -0.03815970885124821133 0.9988304927070802419 0.1732092198268948557
0.9298212186511254362 0.3676800039886960469 -0.01561781076234428078 34.67534697151808842 -0.3666252667521485709 0.9291641893299673605 0.04732676880688686805 -2.120798235983530233 0.03191261701979072191 -0.03827954981001057549 0.998757358391561989 0.2100875869972462784
0.9220173199092457361 0.3867784914836009391 -0.01692513849401602877 35.67939529191746573 -0.3856505124633362036 0.9214135957233590135 0.04765152518982419122 -2.541598082980830231 0.0340256377477001562 -0.03740834321137938984 0.9987206175072396164 0.2374214062795649838
0.9139652109497320431 0.4054140407682905733 -0.01752280575531963216 36.65809900112780184 -0.4042199334105643915 0.9133719834985908337 0.04855785408570665457 -2.983904591494134007 0.03569087568512020053 -0.03729712197712763133 0.9986666541369310091 0.260543115399460623
0.9055182860314493487 0.4239735780784418262 -0.0168237556458048533 37.65997765564619471 -0.4227535745826861979 0.9048831179820753245 0.04965841286830192242 -3.412491046164253028 0.03627738745041494267 -0.03785429807037717781 0.9986245557151954833 0.3016851895147616425
0.8967368156536672519 0.4422226911836374952 -0.01738317731664518889 38.63407513244193581 -0.4409997192876503602 0.8961769945224976608 0.04884712966835177278 -3.858267478179379761 0.03717971274141736171 -0.03613704319565156503 0.9986549870047920496 0.3350460733911035938
0.8879007635001628929 0.4596972580922060736 -0.01762569369799483684 39.59966714735325155 -0.4584342884968061749 0.8873549742948745322 0.04938777910141026878 -4.328140334200064387 0.03834367361449540074 -0.03577122442201666197 0.9986241446095196483 0.3739183914339263559
0.8791225752044430353 0.4762405080242500532 -0.01839772493306189929 40.54707725907914551 -0.4749405213133797155 0.8786308347040453492 0.04938985241775576546 -4.807620806686864867 0.03968625682126634274 -0.03468190917577625154 0.9986101172106357504 0.4247246084221782958
0.8701418894039627538 0.4923659233859506434 -0.02070965457949661831 41.47726804804265299 -0.4910096352820021992 0.8697927099351542291 0.04868449243748781269 -5.307578392113655674 0.04198369165208135773 -0.03219377629233369925 0.9985994844797898562 0.4406333207380814798
0.8616704776517490894 0.5070165018945420599 -0.0214068855751691281 42.39907383637527971 -0.5056408607953483125 0.8613800740431388769 0.0484942051752153061 -5.832867149993098188 0.04302682695186604844 -0.03096182888749365869 0.9985940402958530804 0.4928900818888262148
0.8536259120004658918 0.5203163754371844529 -0.02436538145164115349 43.30140959774005438 -0.5189134472788842212 0.8535291191021351365 0.04708372412923519934 -6.395800892537328863 0.04529499524801473137 -0.02754836286686064561 0.9985937367662778286 0.5298106329665579484
0.8459470364714378743 0.5326529807307349706 -0.025581509022243102 44.17234773225096234 -0.5311914378031938888 0.8459127114612396969 0.04761660417195927308 -6.958779739910272433 0.04700284980474549179 -0.02669244662740176063 0.9985380540586702436 0.5774586026954271478
0.8391208206961883187 0.5432875419347109602 -0.02673752143889120136 45.04789993278317439 -0.5417608821018058407 0.8391416852934833193 0.04833610066074668643 -7.533965673942836005 0.04869697011548762555 -0.0260744852557496902 0.998473197597321116 0.6221183496672906266
0.8331137385162946662 0.5524161877021760425 -0.0275291529110005713 45.91556421060192861 -0.5508411261103091094 0.8331757492205268401 0.04891037411777164612 -8.129247068759720918 0.04995550501125594484 -0.02558371504312891009 0.9984237181896583602 0.6761563375820855981
0.8270994889915219694 0.5613472341489554873 -0.02820847431678826303 46.78027980254356066 -0.5597131967216426585 0.8271917855476201842 0.04974823954854825508 -8.735699110290266134 0.05125985491203551708 -0.02535808817434217349 0.998363358020785574 0.7283643158559838238
0.8210668410013906016 0.5701779529561266102 -0.02731930765517808293 47.64460847657622367 -0.5684914374433795992 0.821092715328353262 0.05122732072119258462 -9.338987436272169873 0.05164037336771739456 -0.02653026191866456052 0.9983132860184571467 0.7818021579357179451
0.8151904077198699472 0.5785680933922054958 -0.02689907935265534178 48.5156957163303133 -0.5769269513710002517 0.8152290203965586457 0.05056616541750862115 -9.945402355555405194 0.05118488002599734521 -0.02570224915791517739 0.9983584038034380992 0.8249982277543062015
0.8098250556426924707 0.5860662056592580438 -0.02664173112750830782 49.36047301415128175 -0.5844582297598927001 0.8098785210802055268 0.05005355890315600631 -10.55261319357253491 0.05091126515067771058 -0.02496364711134056377 0.9983911354793059134 0.8781704420798888133
0.8049783516126356453 0.5926134351287574153 -0.02862114497880816066 50.22908733592998232 -0.5909750797397764766 0.8051550352912986153 0.04973755393696513427 -11.22166672119348441 0.05251960168897641668 -0.02312327074532789795 0.998352145181483297 0.9388068950757753051
0.8001958908853017416 0.5989171324764323012 -0.03138159709902951094 51.09897314769612109 -0.5971660656410209267 0.800513256059555478 0.05070716832709580568 -11.8696603490387762 0.0554907763245572061 -0.02183564286061225393 0.9982204057440229317 0.9869576545098530662
0.7953830968151582859 0.6052623662907783419 -0.03198745461608824142 51.96321660266298181 -0.6033996124850541376 0.795709398411291069 0.05249248453662375136 -12.52620550831720969 0.05722444367239503532 -0.02245041719053069915 0.9981088827449418055 1.037366096712117436
0.7909235957951603613 0.6110201169653114439 -0.03307993769871492989 52.81263355358448308 -0.6091961815814870285 0.7913484040572795752 0.05145595925189340447 -13.15232214112536013 0.05761838214484650555 -0.02054556058358616294 0.9981272473884863494 1.086995493554589132
0.7868964432171752232 0.6162450563454745511 -0.03218723632003701873 53.6241389403612132 -0.6143367914489198389 0.7872427869319380545 0.05328321589282706411 -13.81532937954197315 0.05817468800436614157 -0.02215456958277879987 0.9980605596466561868 1.138191261341854554
0.7829979800512111288 0.6211927442806448596 -0.03215179137784660718 54.45472201750062169 -0.6192889875476177419 0.7833548422705718384 0.05325730929641660227 -14.48404432331249936 0.05826931557835348524 -0.02178911527182793642 0.9980630848386795595 1.205518863666060536
0.7794217916476793295 0.6257036513814813183 -0.03156915191454107844 55.28529148121277359 -0.6237308450421282791 0.7797236093368691279 0.05468935898068309071 -15.16861582452423995 0.05883454468043591845 -0.02293542435986709385 0.9980042398014542515 1.266870221104096972
0.7761036079018092115 0.6297997410913395155 -0.03186653296291550724 56.11521584920951966 -0.6278699967447134433 0.7764514745102379933 0.05387369412496951365 -15.85674729406045635 0.05867245511812466119 -0.02180352843369628285 0.9980391521169160729 1.335623798739876911
0.7726830284157577555 0.6339977707141749574 -0.03174530402610564045 56.96993013650514115 -0.6320158260327564115 0.7730131325361844219 0.05483331624777135899 -16.53922860608808065 0.0593037371704858568 -0.02230523830968680898 0.9979907530140557093 1.382366125542261459
0.7700716045017853562 0.637145700224036049 -0.03217266892983436377 57.80056213568811074 -0.6351507517216826715 0.7704334580831997403 0.05491638419764918039 -17.22922133257113586 0.05977663864276158007 -0.02185505323684308263 0.9979724996815230176 1.462043415379859601
0.7671883519271103236 0.6405277484781733977 -0.03385610870797321759 58.65680399500137554 -0.638444062389658118 0.7676423715731570674 0.05580652797773297952 -17.91886679000689853 0.06173501329678867527 -0.02119888664578684426 0.9978674237283349235 1.510708648205657534
0.7655155270365221476 0.6424598078457568473 -0.0350909271577273113 59.46601773578041872 -0.6403683813116920476 0.7660571387091165141 0.05554094389767609552 -18.62199072727842619 0.0625644793971715657 -0.0200463347172150988 0.9978395814870074654 1.573585829966941185
0.764615187029450083 0.6435933190159203177 -0.03393015593820464942 60.27728781167743222 -0.6414396389205806459 0.7650580376150666329 0.05693319508000928286 -19.32880123557926311 0.06260036250178009631 -0.02176783863076447653 0.9978012606806981877 1.628096571544777049
0.7639357267614160785 0.6444534452958335935 -0.0328931941872038433 61.10651645727932646 -0.6423009286687406671 0.7643083154637068111 0.05729149975610877549 -20.04064170852564786 0.06206224624343206764 -0.02263969433011220334 0.9978154748408438746 1.692324200023898939
0.7631745350486579538 0.6455076437911559939 -0.02974072730204982765 61.9629191161468853 -0.6432740258684029877 0.7632919724635955916 0.0598656196467636792 -20.77127247853574943 0.06134457348716346875 -0.02655647905547476456 0.9977632969416414532 1.750485274923009094
0.7626796757530868165 0.6461613815355740087 -0.02819895751982307366 62.80893079237866061 -0.6440080379343414707 0.7627227020287682402 0.05922606593295387523 -21.51225142444424421 0.0597775816600683782 -0.02701016145774109978 0.9978462265844876278 1.807371830214786979
0.762198051781166952 0.6467682237308896021 -0.0272945898115990529 63.65033120025047708 -0.644760319033324536 0.7622442440138759157 0.0571650546029693965 -22.22514171331010502 0.05777768480165298981 -0.02597262481353697361 0.9979915640421296308 1.855981099966517389
0.7622536624757559887 0.6468123196390153096 -0.02455966623332745888 64.50319471000574367 -0.644848159095260387 0.7621297613002220306 0.05769816853176720772 -22.98934891218425847 0.05603753879097416596 -0.02814338472292773202 0.9980319354322222392 1.931157099102887242
0.7622510455786701833 0.6468604301711012861 -0.02334367993872693905 65.36320887844988192 -0.6448979491630431049 0.7620422139467036837 0.05829493398664543913 -23.74667314419608033 0.05549755561756815336 -0.02938108306485657031 0.9980264391680266911 1.964295193649544968
0.7623970572590988981 0.6467532253223983174 -0.02147073863986454639 66.2565087360031697 -0.6449210631737692934 0.7621268087449530881 0.05691704197381383667 -24.50487871165870146 0.05317470599337134618 -0.02954645371798070991 0.9981480139314057309 2.010610397701952934
0.7632925196952476954 0.6457693375611015529 -0.01914398190492263424 67.14694073084363879 -0.6440697285996695998 0.7629352415984236302 0.05571356952038648835 -25.2677514099112166 0.05058373334213236289 -0.03019569163061164643 0.9982632449049304579 2.06890395387952486
0.7646170291339360325 0.6442417530964668071 -0.01770204297771381732 68.06829163053917853 -0.6425418094682455727 0.7641553973470153194 0.05662642307878825582 -26.06402721919144838 0.05000821776134962288 -0.0319232246587995358 0.998238491485735735 2.131995296289465713
0.7656566087066808413 0.643012600574542792 -0.01745717749660900819 69.01159551236109735 -0.6409746181106353857 0.7649482101421724023 0.06329119005210796789 -26.84855069443613118 0.05405086938902884525 -0.03726971025712847579 0.9978424085072952199 2.191513919653854447
0.7665268191958465316 0.6417791261482268528 -0.02358365310795670911 69.8806274918630379 -0.6394827490705905504 0.7661362214767256651 0.06400862271980133078 -27.61162426698000516 0.05914768883581341535 -0.03398298665191298168 0.9976706408046683849 2.224269953078791495
0.7667221662941348104 0.6417494524376866627 -0.01716857621232575556 70.76834499142844948 -0.639274683573104574 0.7656713561527659362 0.07124081210718437307 -28.35757895212573132 0.05886423919270526023 -0.04364647366183854738 0.9973113789991320255 2.290511632558421606
0.767013950183049964 0.6414844804045273241 -0.01368435693510079709 71.67554113331348731 -0.6392987033044869039 0.7658693342534674819 0.06885732207508522829 -29.13395022291599901 0.05465133280895570489 -0.04406613495967194594 0.9975326599023817131 2.361246362459510362
0.7674021968611545175 0.6411100338150232947 -0.008473062868490538121 72.57123039964552902 -0.6391870107272981105 0.7660042427025687273 0.06839199864870916523 -29.90675600435948311 0.05033719867230031925 -0.04706829828412959632 0.9976225447164180915 2.431512962150464752
0.7675878190333041973 0.6409064842928142713 -0.006915089523651829495 73.48870440900280698 -0.6389282078899531925 0.7659843963698005354 0.07098344652470130189 -30.71206022472029673 0.05079060182975086296 -0.05006778314861719259 0.9974535236572954489 2.480161488676240644
0.7667831190704350597 0.6418522716802063099 -0.008325241592516380296 74.43502046743505218 -0.6397305376978649205 0.7651867895897784821 0.07234650077293873494 -31.47220750877307793 0.0528061307559614182 -0.0501481642360604718 0.9973448120777174131 2.529121804686980113
0.7658640564168759379 0.6429886987633532947 -0.004216675384479067965 75.34704290866757503 -0.6408424162572087246 0.7638118727566376442 0.07689226594151382654 -32.24535776456432501 0.0526616047449254554 -0.05618679825909111275 0.9970304905503549753 2.584464167483015551
0.7644249777260843093 0.6447097611303487241 -0.001943535881899787496 76.24733998074101748 -0.6425531166064116784 0.7621074802468668086 0.07948384044042348939 -33.00447330607469354 0.05272519101779219591 -0.0595106079201032645 0.9968342599334740761 2.650679279561661605
0.7626753167398109268 0.6467812021894175922 -0.000661611850538694154 77.16290749191195175 -0.6442993391759482824 0.7598374767439640687 0.08674889320793817415 -33.79341342423668948 0.05661027091672887757 -0.0657349635260992271 0.9962299894085486773 2.714875156138200296
0.7604794381584043528 0.6493172898158756645 -0.007621107822601190518 78.08110044344665823 -0.6464881975777883039 0.7581646551927445632 0.0850844639701593547 -34.57123154528939324 0.06102486813504955782 -0.05977802909625636041 0.996344595361698615 2.759005355347004418
0.7581790550659606165 0.652027246100370661 -0.004999080120765839533 78.96684363887000302 -0.64918297354236143 0.7555450743776078726 0.08782429872440013219 -35.35912862015481295 0.06104086599963055859 -0.0633412261209210653 0.996123437005431267 2.833892359704412556
0.7560213116877076978 0.6545141071203419703 -0.006562000796970887846 79.86049832487867661 -0.651819487932266961 0.7537473797636871087 0.08364354518487022994 -36.14842435741788051 0.05969197119977934923 -0.05895906274558294913 0.9964741328777416696 2.899809637179767918
0.7537482514793467647 0.6571357175073454515 -0.006018485518279588151 80.75694881630938937 -0.654468222186191495 0.7514541881830268943 0.08359395439045844145 -36.92279349033923808 0.05945518934688029389 -0.05906988943865053993 0.996481725181868172 2.963882771043595987
0.7520421793692729784 0.6591026520262479593 -0.004031692136173151662 81.66366746115359376 -0.6566861778851967868 0.7497815592614702762 0.08118421746848289433 -37.71890373772683347 0.0565316214524748395 -0.05840639933607352091 0.9966909592710014865 3.049698069819735569
0.750591536903367107 0.6607597780320113579 -0.002976653175662502451 82.54462474746151202 -0.658692229745345692 0.748584381656045128 0.07580217684038678683 -38.52312098991688316 0.05231530562030507064 -0.05493577409779103887 0.9971184330470129753 3.112058186553051442
0.7493018230788482947 0.6621794736889532462 0.008069854753042893236 83.44687491091895026 -0.6603591595029374428 0.7462160450057980787 0.08418666543152024395 -39.34134569520350766 0.04972482670948515787 -0.06841022438879737488 0.9964173236188670346 3.183712977493452279
0.748088582732057028 0.6635329567710762655 0.009353484087507546799 84.36676920088432041 -0.661714847666053374 0.7448292039870880732 0.08580744295369993613 -40.17707724788307644 0.04996931822862983597 -0.07038090768520713358 0.9962678329993256421 3.239101443903056765
0.7465676285158422409 0.6652816582125641309 0.00609026257006178677 85.32110301978183031 -0.6633067363783214931 0.7435792790148423315 0.08434470519782050202 -41.00901373834913244 0.05158439228459827525 -0.06700873872643942075 0.9964180244289644328 3.290056479124932043
0.7451076016094109189 0.6669441512399385541 -0.0004014358097789624802 86.29522602917455742 -0.6645604167191552225 0.7424950780247004944 0.08402685070355012109 -41.85996368162456349 0.05633928073674800141 -0.06234226684948157571 0.9964634098701938836 3.341879515610058249
0.7447622886830205235 0.667285870232853906 -0.007661641026046847255 87.22802728074793777 -0.6645296990345198607 0.7426389993362920716 0.08299154032719985308 -42.71856741749808606 0.06106891563405786316 -0.05671758151026512484 0.9965207993267911624 3.401245833907411864
0.7446550245683274394 0.6674076840688537571 -0.007475134178900844258 88.14774294174785041 -0.6644921094047847587 0.7423621312377103321 0.08572457432372621033 -43.56599514904030457 0.0627624961575231205 -0.05886806732052213276 0.9962908308952880265 3.489675079445550221
0.7439417614244574484 0.668158350602694795 -0.010727260999994645 89.07748431507022246 -0.6653610485939958075 0.7421259302683602677 0.08089362544242485742 -44.41352062645790966 0.062010729898735302 -0.05304264457214994538 0.9966650125464516785 3.563777633777201359
0.7429761738184417208 0.6691727582452473566 -0.01393645437535387561 90.005610859457164 -0.6665191702807621299 0.741611217792789823 0.07592757925905212202 -45.2561183742800992 0.06114409854068438704 -0.04712346831827046723 0.9970159366566334613 3.625332332911176181
0.7419788892717584794 0.6702305893555261518 -0.01607124659731815064 90.93256350615868655 -0.6675348503498127473 0.7407927131137501675 0.07498919766221091854 -46.08279612055247298 0.06216551651438910475 -0.04491228439651189647 0.9970548306220606838 3.709290837177193545
0.7407030578138366073 0.6715835030581122078 -0.01829148887944404347 91.87180829161172824 -0.6687015941676683894 0.7396032931025171564 0.07632264925650147913 -46.93147938341996195 0.06478547756134177271 -0.04430087191135917424 0.9969153798818846113 3.758262840370127478
0.7400428559234100145 0.6723511620297960567 -0.01674772563382952162 92.79702151837426527 -0.669402078495174746 0.7387501430399867619 0.07841609187366496703 -47.8005303343553507 0.06509553520067988541 -0.04682030623118712404 0.9967800310105309203 3.825002320817391332
0.7393333081346291635 0.6731810150406707383 -0.0146143926154329671 93.72306933946077834 -0.6703761123333409344 0.7379400290987496724 0.07771989106124917168 -48.6541402262886109 0.06310410046535522288 -0.04766376446052930649 0.9968681146781200875 3.91928551172502182
0.7396011865287996923 0.6729644448172169557 -0.01043747560699605052 94.61003722515881975 -0.6702837578470307589 0.737881294311237057 0.07906250357809788132 -49.50816024463447462 0.06090787183652606601 -0.05147865108400465073 0.9968150177595221928 3.998604070217571138
0.7391363155667910467 0.6734997736946249924 -0.008692631571512716634 95.51651538471669767 -0.6708813250853425947 0.7372890005739132224 0.07951840846279011055 -50.33012022033007327 0.05996461174796374055 -0.05294321926374668391 0.9967954960130521735 4.070962611699735945
0.7388672447986600611 0.6736812783327461585 -0.01512381524596338213 96.42986740624907327 -0.671100160285367453 0.7376915280239656481 0.07372777188157027262 -51.14389898835006676 0.06082572998814822496 -0.04432544083958764314 0.9971637206927381758 4.142352496884159407
0.7389457707322911739 0.67360435334975588 -0.01470792524856368542 97.3124915503947534 -0.6709675137777806331 0.7376895461421532074 0.07494483949844542303 -51.97204122592830799 0.06133305284855723738 -0.04551163214872839397 0.9970792084721428195 4.184625593483429107
0.7395414449914470278 0.6730508088720573712 -0.009003322532922951663 98.17085445474239691 -0.6704401745942424329 0.7377314769395668659 0.07913431760372334478 -52.78613516937464567 0.05990345090230082825 -0.05248691845816852442 0.996823304282539957 4.271827317524776291
0.7400220180019254634 0.6724422144575138427 -0.01374340161069546873 99.05513551972805431 -0.6698012756982896221 0.738664288420460946 0.07577149916187468637 -53.61472328426729206 0.06110371466041764066 -0.04686722978552396862 0.9970304904198914464 4.340950090487263324
0.7404558589901097942 0.6718744542687363763 -0.01760223248074864466 99.94237300773809807 -0.6688663393630966958 0.7392030297748004575 0.07871912625764027061 -54.44938025258415593 0.06590099357543360847 -0.04651449744803539538 0.9967414211182995532 4.397077908441083594
0.7396069277280932219 0.6724573336360313291 -0.02797725675848762583 100.8561163454322838 -0.6692972127254945836 0.7392364787833947126 0.07463691763337831908 -55.22784987625730224 0.0708719513947169838 -0.03647688137775641909 0.9968182400169340873 4.465079318107726181
0.7398305097868852487 0.6720936831920023558 -0.03067405747347336578 101.7409318797711251 -0.6689096061156415418 0.7396866535513384466 0.07364505010005589769 -56.02886820609081298 0.07218556389400103412 -0.03396668325625545187 0.9968126748762148326 4.540816820401450293
0.7403712266723014856 0.6717852551244780646 -0.02355881391521290683 102.5870137747012478 -0.6687201181017116136 0.739648553670672726 0.075719354850097495 -56.8382715631652502 0.06829238875441735745 -0.04030617880948456078 0.9968508221333788333 4.624584059085318444
0.7409475563918290764 0.6712973877866255101 -0.01888215633423052583 103.4466966713486613 -0.6685962409344224922 0.7400226667954752369 0.07311305791220200356 -57.6428722293737863 0.06305382847485981046 -0.04154840285457775395 0.9971448966599070207 4.708044051289871135
0.7423996062688982267 0.6699533881064597685 0.002298342111271277875 104.28580159149233 -0.6673120920944681789 0.7391594352043350247 0.09131210813968040907 -58.46202328186777208 0.05947601496644869951 -0.06932378461310305384 0.9958196706887381122 4.825385746156342748
0.7406529955739667992 0.6713218432278221792 -0.02757032739212334285 105.1782936324629674 -0.6690694897862450308 0.740679549244701585 0.06115409363108471191 -59.18304113755217344 0.0614748565226733712 -0.02684749775798603993 0.9977474900392642176 4.888392063492558393
0.7425943708162162649 0.6697180105740836442 -0.005602387416047399128 106.0036212133284153 -0.66673215411807496 0.7400239573081186517 0.08850297890525130051 -60.02999174896735468 0.06341793986830160379 -0.06198652210540067653 0.9960601568078792933 4.947651192293641031
0.7447374244920844655 0.6669532952226582267 0.02322650538790742639 106.8266686047213909 -0.6645103730136855402 0.7378992965752556588 0.1180279300460506525 -60.88365098193872882 0.06158029488488459685 -0.1033340703997504134 0.9927386046570920719 5.031386083806957288
0.7429188416082517232 0.6693203092084982764 0.009050881973235740466 107.7347856817073364 -0.6670145267819642676 0.7390880818914506989 0.09402355166578529877 -61.63724289444656534 0.05624247367679992282 -0.07588893784377608032 0.9955288309575257566 5.116647670969264539
0.7419657903542915545 0.6702671492571007361 0.01512331216007278128 108.640633955712957 -0.6687974191157296522 0.7383851637360995257 0.08658730945440262783 -62.42270975759534224 0.04686979974429737045 -0.07435925363512566055 0.9961294711385445533 5.205998898197858438
0.7415958130995266018 0.6704577904988981985 0.02284734454127144987 109.5227789323253234 -0.6698826585919610554 0.7382747735137518141 0.07878821302063312992 -63.25227852679585538 0.03595655310257236947 -0.07373404880076858681 0.9966295281278935159 5.248251016125470514
0.7405004614132253415 0.6715482486983198607 0.0261154421180234339 110.4399110407035494 -0.6715845320487064951 0.7379671602816162412 0.06617164542919581893 -64.06810621032839492 0.02516511394212596342 -0.06653886094686969899 0.9974664390465339814 5.286220613498835874
0.7399388095906940244 0.6721774709753326471 0.0258458038124683917 111.3102365703329326 -0.6724301220484070196 0.7380892334552227041 0.05533547162034749972 -64.87585533388393344 0.01811874784501359831 -0.05832436001095686606 0.9981332476206977722 5.303848308669673273
0.7394185248833782254 0.6725618107167306015 0.03034560634954546268 112.2145567955273577 -0.673105995756568376 0.7375940250831876099 0.05369704496655800657 -65.70740795917501487 0.0137318438618947887 -0.06013039935851639123 0.9980960733001297269 5.339179634722327705
0.7389166422696159531 0.6733563252613500305 0.02436093199217258948 113.128791283911923 -0.673723472623530939 0.7378195613447278145 0.04146055152990061471 -66.54982196325079258 0.009943752465069198576 -0.0470484232212327394 0.9988431146377839687 5.344317705040056765
0.7386821994928578494 0.6734897370057788546 0.02757140366903217468 114.0281580643896859 -0.674047627722414 0.7378812450363134712 0.03451179197674196508 -67.39131226509078942 0.002898916035309836731 -0.0440776856419079141 0.9990239005720901178 5.333304277354439904
0.7384986991468320827 0.672888845714221806 0.04289839940859001277 114.9272290632726765 -0.6742173283466262879 0.7376330749339250481 0.03644778348075534274 -68.25350584361480344 -0.007117971310294570267 -0.05583948492692927118 0.9984143861180692081 5.36795348986919052
0.7377458362350529653 0.6733658317126426374 0.04805765079343345819 115.845015258567912 -0.6749264937106860263 0.7372193024023176999 0.03133573443912665568 -69.11014724322721747 -0.01432861491010019306 -0.05555318935381764467 0.9983529105218138522 5.35353699063329902
0.7373499032520982599 0.6735365955936364335 0.05160983017076717361 116.7828358196581746 -0.6753283441665551834 0.736772563918929313 0.03313331588576346604 -69.98747374956123224 -0.01570820611591096025 -0.05928442841473022251 0.9981175325622523298 5.323396783989184478
0.7371625096963039248 0.6741572572081944159 0.04586313172659681192 117.7184080785521303 -0.6755941795678894746 0.7366166291196500904 0.03111986886852665529 -70.84848984141268602 -0.01280386005223162031 -0.05392526548778719953 0.998462882089181436 5.295420811304429876
0.7370147914543532242 0.6745062344497055884 0.04301786682269306827 118.6705829277053397 -0.6758171554276657389 0.7362999737396920263 0.03366780510498278145 -71.73313334800710095 -0.008964909768337964505 -0.05388588274685328361 0.9985068562776311385 5.259777764966274916
0.7372349554561224982 0.6744484798745130627 0.04004832641406679689 119.5892482182762393 -0.6755744522058660939 0.7366741565223566823 0.03017195119342291204 -72.6215399299834985 -0.00915314046396259462 -0.04929944327305233603 0.99874210130173946 5.24785662961251731
0.7369990566268425081 0.6743976773921427359 0.04494622630686285342 120.5236499811248194 -0.6757562242828312193 0.7365595670388382921 0.02887091177242330844 -73.51078384243180608 -0.01363509714509680143 -0.05165052692512007299 0.9985721341967245257 5.241270882738422898
0.736263472141075237 0.675025961665584151 0.0474979017244090071 121.4756691996316817 -0.6764048735985122018 0.7361877665456028064 0.0224503755152955474 -74.38235132370201086 -0.01981278786412934978 -0.04865720363985590741 0.9986190114207723623 5.228899324748491395
0.7361809662472329485 0.6748004213254183981 0.05178780082537098178 122.4076967329856416 -0.6763838499409429161 0.7362210936461845989 0.02198610491842495004 -75.27149018563666516 -0.02329103849892739594 -0.05121418406509827687 0.9984160630098996014 5.196222273518751322
0.735805354024827718 0.6751863400861758402 0.05209498199858350609 123.3737361881098877 -0.6767676487605693847 0.7358904479452434977 0.0212320091851777408 -76.16159280032468359 -0.02400063706422078669 -0.05087882451456365168 0.9984164034292143386 5.171336428396384299
0.7357460816059686604 0.6751875304666130617 0.0529103213358217625 124.3230692327872049 -0.6768380075471225332 0.7357922888387338212 0.02236110965714417295 -77.0387654967373976 -0.02383306403097688528 -0.05226381528222081435 0.9983488762306698128 5.134529818401227352
0.7360870426259535915 0.6748313072213678598 0.05271216626242402475 125.2356512948232705 -0.6764302396291780317 0.7362166301765498133 0.02066892272708546405 -77.92929410910956278 -0.02485953727225131971 -0.05087022946070925145 0.9983958248917231826 5.096121243168196813
0.7361067886845694686 0.674694294508631498 0.05417014500618120426 126.1757215852182128 -0.6764039262892402871 0.7362001788827386983 0.02206864548456991676 -78.79569207294078126 -0.02499048124768150914 -0.05288577852810342345 0.9982878193569656444 5.061314289516198883
0.7362369409147867527 0.6747422985616784441 0.05174937066418976161 127.1252780561482894 -0.6763015441444846232 0.736324174456209124 0.02104593783056053422 -79.69614223313189427 -0.02390372816575929427 -0.0504929761757514986 0.9984383161401071405 5.022308117047749931
0.7358960306752293512 0.6750070615056567025 0.05312719599169907214 128.0717116044319539 -0.6766563311161258865 0.7359749464074765157 0.02184234009843247573 -80.55187946179559333 -0.02435655141652014535 -0.05202254490132530301 0.998348843453571555 4.989338282726769158
0.7362180292985399666 0.6745825370022366929 0.0540501073763979753 128.9911494848374502 -0.6762845237250496577 0.7363113955032263291 0.02201753442313687456 -81.43050067666834479 -0.02494506575972108009 -0.05276295692734969678 0.9982954542972365397 4.944681178749634753
0.7363712289652792897 0.6745075385097816234 0.0528866112134225505 129.9145076097118476 -0.6761162888790342995 0.7365038665007753726 0.02070793427288987118 -82.29201908917738706 -0.02498353587077968563 -0.05100622631486771696 0.9983857910710217665 4.914884324288022022
0.7366889674972647573 0.6739759025744611609 0.05518920108820841303 130.8100614274492841 -0.6757817893792180675 0.7367196139474279093 0.02373148896666524982 -83.15113132365119952 -0.02466451522402780469 -0.05477858316982431308 0.9981938531741568754 4.883633214147982571
0.7368280705503689187 0.673751758730657957 0.05606212675564476583 131.7244262506460757 -0.6755774636745214279 0.7369416088425212452 0.02263085795318164894 -83.993922838975692 -0.02606693353889837778 -0.05454936080232031942 0.9981707680612255107 4.852189269863702137
0.7369090445241708309 0.673772605728179208 0.05473148882255269437 132.6367212089509451 -0.6754412645456190356 0.7371587388746039249 0.01939308768140221226 -84.85209273056076995 -0.02727926405694900552 -0.05125884773444498027 0.998312762755965255 4.804979568884327534
0.7370656081214861377 0.6736360307160539351 0.05430273884090408565 133.5621328613874255 -0.675336947509761365 0.7371971966106055651 0.02145461809639057082 -85.68623440181193018 -0.02557922306681097158 -0.05248610702446628029 0.9982940007416225559 4.772976898896283515
