1.000000e+00 0.000000e+00 0.000000e+00 0.000000e+00 0.000000e+00 1.000000e+00 0.000000e+00 0.000000e+00 0.000000e+00 0.000000e+00 1.000000e+00 0.000000e+00
9.999975e-01 -1.897278e-03 -1.180811e-03 1.207365e+00 1.900765e-03 9.999938e-01 2.959259e-03 -3.245505e-02 1.175189e-03 -2.961496e-03 9.999949e-01 -1.088711e-02
9.999931e-01 -2.114671e-03 -3.051724e-03 3.685847e+00 2.146994e-03 9.999412e-01 1.062742e-02 -3.092114e-02 3.029071e-03 -1.063390e-02 9.999389e-01 -1.445480e-02
9.999808e-01 -5.769517e-03 -2.239007e-03 6.147650e+00 5.805124e-03 9.998513e-01 1.623675e-02 -6.444475e-02 2.144996e-03 -1.624944e-02 9.998657e-01 -3.373926e-02
9.999657e-01 -8.141255e-03 -1.525346e-03 8.608279e+00 8.174109e-03 9.997035e-01 2.293761e-02 -5.964505e-02 1.338152e-03 -2.294929e-02 9.997357e-01 -4.173313e-02
9.999373e-01 -1.119291e-02 -4.627065e-04 1.106574e+01 1.120122e-02 9.995889e-01 2.639094e-02 -3.342730e-02 1.671250e-04 -2.639447e-02 9.996516e-01 -7.142605e-02
9.998813e-01 -1.534082e-02 1.415698e-03 1.352192e+01 1.529675e-02 9.995143e-01 2.714942e-02 -2.426409e-02 -1.831505e-03 -2.712454e-02 9.996304e-01 -9.743274e-02
9.998181e-01 -1.890495e-02 2.516075e-03 1.596775e+01 1.882895e-02 9.994469e-01 2.741137e-02 -6.481833e-03 -3.032893e-03 -2.735900e-02 9.996211e-01 -1.278636e-01
9.997418e-01 -2.256750e-02 2.671337e-03 1.838686e+01 2.248761e-02 9.993855e-01 2.688775e-02 6.126066e-03 -3.276485e-03 -2.682073e-02 9.996349e-01 -1.549954e-01
9.996666e-01 -2.562164e-02 3.193525e-03 2.080988e+01 2.552632e-02 9.993100e-01 2.697856e-02 4.179573e-02 -3.882557e-03 -2.688805e-02 9.996309e-01 -1.870131e-01
9.995742e-01 -2.897513e-02 3.429980e-03 2.325504e+01 2.886917e-02 9.991991e-01 2.770959e-02 7.547130e-02 -4.230122e-03 -2.759878e-02 9.996101e-01 -2.209031e-01
9.994606e-01 -3.268214e-02 3.211363e-03 2.567930e+01 3.257750e-02 9.990624e-01 2.851239e-02 1.153741e-01 -4.140198e-03 -2.839239e-02 9.995883e-01 -2.466468e-01
9.993383e-01 -3.628321e-02 2.551910e-03 2.806927e+01 3.618819e-02 9.988755e-01 3.062848e-02 1.671856e-01 -3.660340e-03 -3.051587e-02 9.995276e-01 -2.647167e-01
9.991642e-01 -4.081430e-02 2.258396e-03 3.045413e+01 4.072003e-02 9.986467e-01 3.235310e-02 2.515388e-01 -3.575808e-03 -3.223410e-02 9.994739e-01 -2.891027e-01
9.989384e-01 -4.601321e-02 2.214083e-03 3.284456e+01 4.590789e-02 9.983339e-01 3.495498e-02 3.561240e-01 -3.818785e-03 -3.481623e-02 9.993864e-01 -3.075429e-01
9.986452e-01 -5.198726e-02 2.264263e-03 3.521078e+01 5.186514e-02 9.979418e-01 3.771171e-02 4.645028e-01 -4.220131e-03 -3.754318e-02 9.992861e-01 -3.183880e-01
9.982907e-01 -5.843695e-02 8.803679e-04 3.753976e+01 5.835088e-02 9.974422e-01 4.128163e-02 5.645181e-01 -3.290489e-03 -4.115970e-02 9.991472e-01 -3.366246e-01
9.979259e-01 -6.437269e-02 -3.639667e-04 3.984756e+01 6.433010e-02 9.970256e-01 4.244472e-02 6.851702e-01 -2.369397e-03 -4.238010e-02 9.990988e-01 -3.484927e-01
9.974356e-01 -7.156009e-02 -1.134568e-03 4.214683e+01 7.154563e-02 9.965776e-01 4.140442e-02 8.446177e-01 -1.832219e-03 -4.137942e-02 9.991418e-01 -3.618363e-01
9.967595e-01 -8.041106e-02 -2.130355e-03 4.444346e+01 8.043177e-02 9.959549e-01 4.005701e-02 9.841969e-01 -1.099289e-03 -4.009855e-02 9.991951e-01 -3.778696e-01
9.960343e-01 -8.895611e-02 -1.555692e-03 4.673089e+01 8.894943e-02 9.952816e-01 3.876175e-02 1.147464e+00 -1.899743e-03 -3.874641e-02 9.992473e-01 -3.859479e-01
9.951269e-01 -9.860116e-02 5.502921e-04 4.901184e+01 9.851723e-02 9.944812e-01 3.607522e-02 1.332639e+00 -4.104314e-03 -3.584521e-02 9.993489e-01 -4.076847e-01
9.941833e-01 -1.076872e-01 1.759706e-03 5.128788e+01 1.075692e-01 9.936383e-01 3.334513e-02 1.558401e+00 -5.339356e-03 -3.296188e-02 9.994423e-01 -4.255485e-01
9.931582e-01 -1.167752e-01 -5.999523e-04 5.355264e+01 1.167350e-01 9.926521e-01 3.185418e-02 1.795837e+00 -3.124235e-03 -3.170627e-02 9.994923e-01 -4.429281e-01
9.921580e-01 -1.249354e-01 -3.681016e-03 5.580415e+01 1.249893e-01 9.916539e-01 3.162778e-02 2.046802e+00 -3.011351e-04 -3.183984e-02 9.994929e-01 -4.668203e-01
9.911213e-01 -1.328526e-01 -5.359305e-03 5.804899e+01 1.329572e-01 9.905830e-01 3.267712e-02 2.344441e+00 9.675949e-04 -3.309955e-02 9.994516e-01 -4.797877e-01
9.899495e-01 -1.413606e-01 -4.154129e-03 6.033103e+01 1.414213e-01 9.894533e-01 3.134022e-02 2.646900e+00 -3.199561e-04 -3.161272e-02 9.995001e-01 -4.822203e-01
9.884234e-01 -1.517069e-01 -2.030559e-03 6.257624e+01 1.517064e-01 9.880614e-01 2.682845e-02 2.946135e+00 -2.063742e-03 -2.682591e-02 9.996380e-01 -4.973247e-01
9.865462e-01 -1.634828e-01 -1.055709e-04 6.480699e+01 1.634514e-01 9.863439e-01 2.023035e-02 3.257249e+00 -3.203185e-03 -1.997543e-02 9.997953e-01 -5.102298e-01
9.847838e-01 -1.737835e-01 -3.033792e-04 6.700166e+01 1.737624e-01 9.846342e-01 1.738085e-02 3.589861e+00 -2.721788e-03 -1.716910e-02 9.998489e-01 -5.223389e-01
9.827614e-01 -1.848515e-01 -3.141013e-03 6.921269e+01 1.848782e-01 9.826259e-01 1.632302e-02 3.952467e+00 6.910429e-05 -1.662234e-02 9.998618e-01 -5.483220e-01
9.809737e-01 -1.940387e-01 -6.296422e-03 7.142408e+01 1.941246e-01 9.807945e-01 1.891293e-02 4.357182e+00 2.505656e-03 -1.977538e-02 9.998013e-01 -5.601968e-01
9.792049e-01 -2.026904e-01 -8.621176e-03 7.361660e+01 2.028366e-01 9.789540e-01 2.250284e-02 4.785085e+00 3.878625e-03 -2.378358e-02 9.997096e-01 -5.662260e-01
9.776454e-01 -2.099787e-01 -1.088122e-02 7.582750e+01 2.101943e-01 9.773261e-01 2.553683e-02 5.255727e+00 5.272308e-03 -2.725314e-02 9.996147e-01 -5.683538e-01
9.760850e-01 -2.170973e-01 -1.126694e-02 7.803940e+01 2.173246e-01 9.757481e-01 2.618472e-02 5.731136e+00 5.309061e-03 -2.800710e-02 9.995936e-01 -5.615159e-01
9.743207e-01 -2.248973e-01 -1.097189e-02 8.025444e+01 2.251005e-01 9.740496e-01 2.360246e-02 6.226533e+00 5.379038e-03 -2.546614e-02 9.996612e-01 -5.649310e-01
9.724260e-01 -2.329071e-01 -1.191454e-02 8.248137e+01 2.331224e-01 9.721976e-01 2.203913e-02 6.733715e+00 6.450219e-03 -2.420897e-02 9.996861e-01 -5.671851e-01
9.704149e-01 -2.411472e-01 -1.195760e-02 8.472190e+01 2.413644e-01 9.701739e-01 2.249154e-02 7.267929e+00 6.177180e-03 -2.471226e-02 9.996755e-01 -5.685899e-01
9.683426e-01 -2.493449e-01 -1.182159e-02 8.695388e+01 2.495695e-01 9.680394e-01 2.479364e-02 7.811288e+00 5.261600e-03 -2.695904e-02 9.996227e-01 -5.733478e-01
9.662985e-01 -2.571673e-01 -1.149386e-02 8.914911e+01 2.573932e-01 9.659099e-01 2.769161e-02 8.366027e+00 3.980654e-03 -2.971681e-02 9.995504e-01 -5.670084e-01
9.640765e-01 -2.653826e-01 -1.134160e-02 9.138102e+01 2.656000e-01 9.636909e-01 2.750501e-02 8.949055e+00 3.630448e-03 -2.952926e-02 9.995573e-01 -5.785744e-01
9.615666e-01 -2.742635e-01 -1.300819e-02 9.355174e+01 2.745305e-01 9.611643e-01 2.821699e-02 9.535593e+00 4.764111e-03 -3.070366e-02 9.995172e-01 -5.782993e-01
9.591426e-01 -2.825256e-01 -1.499054e-02 9.575096e+01 2.828535e-01 9.587343e-01 2.867803e-02 1.014535e+01 6.269670e-03 -3.174645e-02 9.994763e-01 -5.842472e-01
9.569148e-01 -2.899638e-01 -1.533300e-02 9.794990e+01 2.903007e-01 9.564996e-01 2.887877e-02 1.077985e+01 6.292214e-03 -3.208571e-02 9.994653e-01 -5.837056e-01
9.546974e-01 -2.972008e-01 -1.498585e-02 1.001151e+02 2.975163e-01 9.543160e-01 2.765875e-02 1.145724e+01 6.081027e-03 -3.086427e-02 9.995051e-01 -5.773756e-01
9.524347e-01 -3.043322e-01 -1.581283e-02 1.023188e+02 3.046499e-01 9.521427e-01 2.475303e-02 1.214556e+01 7.522931e-03 -2.839302e-02 9.995685e-01 -5.686361e-01
9.495694e-01 -3.131091e-01 -1.675247e-02 1.045120e+02 3.134167e-01 9.493866e-01 2.085727e-02 1.284663e+01 9.373968e-03 -2.505593e-02 9.996421e-01 -5.617001e-01
9.462285e-01 -3.229666e-01 -1.855042e-02 1.066936e+02 3.232794e-01 9.461426e-01 1.745471e-02 1.354732e+01 1.191405e-02 -2.251311e-02 9.996756e-01 -5.559785e-01
9.432795e-01 -3.313641e-01 -2.053488e-02 1.088239e+02 3.317040e-01 9.432450e-01 1.616726e-02 1.427127e+01 1.401217e-02 -2.206174e-02 9.996584e-01 -5.346330e-01
9.403509e-01 -3.395749e-01 -2.071439e-02 1.109801e+02 3.399318e-01 9.402940e-01 1.713460e-02 1.500241e+01 1.365913e-02 -2.315402e-02 9.996386e-01 -5.140233e-01
9.374467e-01 -3.473494e-01 -2.327989e-02 1.131484e+02 3.478307e-01 9.373140e-01 2.136072e-02 1.574994e+01 1.440093e-02 -2.812199e-02 9.995008e-01 -4.974110e-01
9.341962e-01 -3.556643e-01 -2.793342e-02 1.152879e+02 3.563542e-01 9.340014e-01 2.555358e-02 1.651330e+01 1.700136e-02 -3.382625e-02 9.992831e-01 -4.797160e-01
9.312173e-01 -3.633120e-01 -2.896198e-02 1.174138e+02 3.640947e-01 9.309095e-01 2.902735e-02 1.731588e+01 1.641500e-02 -3.757568e-02 9.991590e-01 -4.520822e-01
9.282460e-01 -3.710179e-01 -2.655460e-02 1.195459e+02 3.717153e-01 9.278767e-01 2.953997e-02 1.813749e+01 1.367954e-02 -3.729111e-02 9.992108e-01 -4.325667e-01
9.248510e-01 -3.795254e-01 -2.472072e-02 1.216623e+02 3.801313e-01 9.245129e-01 2.785932e-02 1.898544e+01 1.228130e-02 -3.516284e-02 9.993061e-01 -4.059192e-01
9.213702e-01 -3.879917e-01 -2.322609e-02 1.237646e+02 3.885215e-01 9.210737e-01 2.596715e-02 1.984307e+01 1.131791e-02 -3.294919e-02 9.993929e-01 -3.957530e-01
9.181096e-01 -3.958057e-01 -2.031404e-02 1.258583e+02 3.962234e-01 9.178338e-01 2.425144e-02 2.071861e+01 9.046054e-03 -3.031437e-02 9.994995e-01 -3.819321e-01
9.146910e-01 -4.037971e-01 -1.697715e-02 1.279422e+02 4.040991e-01 9.144515e-01 2.196542e-02 2.158613e+01 6.655203e-03 -2.695202e-02 9.996146e-01 -3.710489e-01
9.114634e-01 -4.110688e-01 -1.602872e-02 1.300264e+02 4.113305e-01 9.112705e-01 1.983100e-02 2.247243e+01 6.454594e-03 -2.466833e-02 9.996749e-01 -3.661554e-01
9.088568e-01 -4.167892e-01 -1.631337e-02 1.320931e+02 4.170457e-01 9.087027e-01 1.823002e-02 2.337735e+01 7.225929e-03 -2.337190e-02 9.997007e-01 -3.590419e-01
9.064960e-01 -4.218988e-01 -1.631920e-02 1.341432e+02 4.221399e-01 9.063848e-01 1.626583e-02 2.430647e+01 7.928943e-03 -2.163390e-02 9.997345e-01 -3.487271e-01
9.041379e-01 -4.269519e-01 -1.570897e-02 1.361796e+02 4.271546e-01 9.040828e-01 1.316369e-02 2.524769e+01 8.581950e-03 -1.861195e-02 9.997900e-01 -3.471348e-01
9.012411e-01 -4.331249e-01 -1.293673e-02 1.382213e+02 4.332723e-01 9.011779e-01 1.238673e-02 2.618042e+01 6.293300e-03 -1.676856e-02 9.998396e-01 -3.332754e-01
8.980664e-01 -4.397351e-01 -1.047226e-02 1.402528e+02 4.398390e-01 8.980010e-01 1.165622e-02 2.714067e+01 4.278453e-03 -1.507417e-02 9.998772e-01 -3.335051e-01
8.946576e-01 -4.466407e-01 -9.995167e-03 1.422688e+02 4.467270e-01 8.946217e-01 9.329390e-03 2.810714e+01 4.775009e-03 -1.281172e-02 9.999065e-01 -3.257749e-01
8.910463e-01 -4.537751e-01 -1.116130e-02 1.442413e+02 4.538525e-01 8.910587e-01 5.673935e-03 2.910547e+01 7.370683e-03 -1.012132e-02 9.999216e-01 -3.217322e-01
8.873936e-01 -4.608877e-01 -1.072857e-02 1.462145e+02 4.609585e-01 8.874056e-01 5.343136e-03 3.010720e+01 7.058005e-03 -9.686890e-03 9.999282e-01 -3.059093e-01
8.835740e-01 -4.681935e-01 -9.583527e-03 1.482147e+02 4.682639e-01 8.835592e-01 7.215711e-03 3.112886e+01 5.089264e-03 -1.086323e-02 9.999280e-01 -3.136393e-01
8.795803e-01 -4.756382e-01 -1.033760e-02 1.501728e+02 4.757183e-01 8.795659e-01 7.474808e-03 3.216305e+01 5.537295e-03 -1.149248e-02 9.999186e-01 -3.152730e-01
8.751393e-01 -4.837551e-01 -1.058838e-02 1.521166e+02 4.838176e-01 8.751583e-01 4.295923e-03 3.320046e+01 7.188337e-03 -8.882378e-03 9.999347e-01 -3.126698e-01
8.701029e-01 -4.927993e-01 -8.353555e-03 1.540637e+02 4.928187e-01 8.701319e-01 3.128928e-04 3.424123e+01 7.114502e-03 -4.389037e-03 9.999651e-01 -2.997456e-01
8.648403e-01 -5.019922e-01 -7.422309e-03 1.559829e+02 5.019828e-01 8.648717e-01 -3.215708e-03 3.530050e+01 8.033605e-03 -9.447969e-04 9.999673e-01 -2.846089e-01
8.594302e-01 -5.111894e-01 -8.069205e-03 1.578990e+02 5.111571e-01 8.594677e-01 -5.807064e-03 3.636730e+01 9.903730e-03 8.661351e-04 9.999506e-01 -2.792417e-01
8.538548e-01 -5.204243e-01 -9.519308e-03 1.597868e+02 5.203937e-01 8.539078e-01 -5.639992e-03 3.749407e+01 1.106380e-02 -1.380538e-04 9.999388e-01 -2.589220e-01
8.482237e-01 -5.294796e-01 -1.295529e-02 1.616465e+02 5.294792e-01 8.483147e-01 -3.742546e-03 3.863224e+01 1.297177e-02 -3.685042e-03 9.999091e-01 -2.533092e-01
8.429169e-01 -5.378879e-01 -1.295386e-02 1.634800e+02 5.379206e-01 8.429948e-01 -1.103804e-03 3.980508e+01 1.151376e-02 -6.037735e-03 9.999155e-01 -2.222018e-01
8.373053e-01 -5.466787e-01 -7.885181e-03 1.653402e+02 5.466822e-01 8.373380e-01 -1.896926e-03 4.099215e+01 7.639571e-03 -2.722382e-03 9.999671e-01 -2.189349e-01
8.313759e-01 -5.557080e-01 -1.651282e-03 1.671630e+02 5.556957e-01 8.313717e-01 -4.837393e-03 4.217883e+01 4.061008e-03 3.104081e-03 9.999869e-01 -2.071342e-01
8.252022e-01 -5.648302e-01 -2.846997e-03 1.689891e+02 5.647986e-01 8.251942e-01 -7.558729e-03 4.335564e+01 6.618723e-03 4.629500e-03 9.999674e-01 -2.029425e-01
8.206514e-01 -5.712852e-01 -1.282958e-02 1.707691e+02 5.712931e-01 8.207391e-01 -3.402038e-03 4.457297e+01 1.247327e-02 -4.537560e-03 9.999119e-01 -1.975203e-01
8.171968e-01 -5.759503e-01 -2.169385e-02 1.725433e+02 5.761509e-01 8.173340e-01 3.917174e-03 4.581839e+01 1.547502e-02 -1.570003e-02 9.997570e-01 -1.936511e-01
8.139450e-01 -5.805008e-01 -2.263475e-02 1.743245e+02 5.808223e-01 8.139502e-01 1.142498e-02 4.707459e+01 1.179135e-02 -2.244607e-02 9.996785e-01 -1.731116e-01
8.100305e-01 -5.860982e-01 -1.842394e-02 1.760663e+02 5.863492e-01 8.099375e-01 1.399487e-02 4.836120e+01 6.719870e-03 -2.213913e-02 9.997323e-01 -1.531877e-01
8.042664e-01 -5.940816e-01 -1.491859e-02 1.778651e+02 5.942433e-01 8.042114e-01 1.090433e-02 4.961065e+01 5.519644e-03 -1.763526e-02 9.998293e-01 -1.470535e-01
7.992607e-01 -6.007240e-01 -1.769397e-02 1.796013e+02 6.008996e-01 7.992962e-01 6.726604e-03 5.090094e+01 1.010189e-02 -1.600861e-02 9.998208e-01 -1.393044e-01
7.946791e-01 -6.066004e-01 -2.282670e-02 1.813202e+02 6.068798e-01 7.947566e-01 7.667791e-03 5.220971e+01 1.349039e-02 -1.994650e-02 9.997100e-01 -1.231357e-01
7.906780e-01 -6.118518e-01 -2.157862e-02 1.830409e+02 6.121530e-01 7.906514e-01 1.178987e-02 5.352053e+01 9.847516e-03 -2.253141e-02 9.996976e-01 -1.102770e-01
7.862647e-01 -6.176701e-01 -1.647819e-02 1.848146e+02 6.178652e-01 7.861919e-01 1.203838e-02 5.485143e+01 5.519275e-03 -1.964666e-02 9.997918e-01 -1.082071e-01
7.816200e-01 -6.236388e-01 -1.203507e-02 1.865531e+02 6.237403e-01 7.815885e-01 8.218586e-03 5.618016e+01 4.281042e-03 -1.393057e-02 9.998938e-01 -1.063537e-01
7.778206e-01 -6.283619e-01 -1.250936e-02 1.882927e+02 6.284447e-01 7.778442e-01 3.965425e-03 5.759024e+01 7.238610e-03 -1.094583e-02 9.999139e-01 -1.029800e-01
7.742491e-01 -6.326818e-01 -1.587779e-02 1.899780e+02 6.327711e-01 7.743385e-01 7.872980e-04 5.892570e+01 1.179667e-02 -1.065657e-02 9.998736e-01 -1.053899e-01
7.711921e-01 -6.362674e-01 -2.065422e-02 1.916495e+02 6.364395e-01 7.713229e-01 2.393488e-03 6.029142e+01 1.440818e-02 -1.499100e-02 9.997838e-01 -7.941806e-02
7.680627e-01 -6.399580e-01 -2.309742e-02 1.933047e+02 6.402069e-01 7.681874e-01 4.820311e-03 6.168128e+01 1.465835e-02 -1.848943e-02 9.997216e-01 -6.718568e-02
7.645624e-01 -6.441642e-01 -2.229068e-02 1.949995e+02 6.444453e-01 7.646038e-01 8.443393e-03 6.307999e+01 1.160461e-02 -2.082063e-02 9.997159e-01 -5.242849e-02
7.611015e-01 -6.484033e-01 -1.725128e-02 1.967212e+02 6.485962e-01 7.610718e-01 9.630060e-03 6.449036e+01 6.885298e-03 -1.851857e-02 9.998048e-01 -3.556733e-02
7.575194e-01 -6.527040e-01 -1.190929e-02 1.983975e+02 6.527898e-01 7.575195e-01 5.448498e-03 6.589922e+01 5.465265e-03 -1.190161e-02 9.999142e-01 -3.542400e-02
7.539874e-01 -6.568320e-01 -8.644714e-03 2.000743e+02 6.568621e-01 7.540102e-01 8.977686e-04 6.730174e+01 5.928519e-03 -6.355292e-03 9.999622e-01 -3.789264e-02
7.508590e-01 -6.604511e-01 -3.891919e-03 2.017494e+02 6.604418e-01 7.508691e-01 -3.492022e-03 6.871964e+01 5.228631e-03 5.163010e-05 9.999863e-01 -3.542203e-02
7.487451e-01 -6.628469e-01 -3.855066e-03 2.033995e+02 6.628160e-01 7.487504e-01 -6.911676e-03 7.018038e+01 7.467865e-03 2.619884e-03 9.999687e-01 -4.601823e-02
7.474789e-01 -6.642664e-01 -5.036187e-03 2.050556e+02 6.642188e-01 7.474898e-01 -8.504391e-03 7.165914e+01 9.413680e-03 3.011723e-03 9.999512e-01 -5.310970e-02
7.466956e-01 -6.651617e-01 -2.356962e-03 2.067387e+02 6.651458e-01 7.466959e-01 -5.120594e-03 7.310468e+01 5.165957e-03 2.255802e-03 9.999841e-01 -5.421009e-02
7.475295e-01 -6.642188e-01 3.611363e-03 2.083826e+02 6.642213e-01 7.475357e-01 6.089214e-04 7.456323e+01 -3.104080e-03 1.943558e-03 9.999933e-01 -3.116955e-02
7.491279e-01 -6.624079e-01 4.819320e-03 2.100344e+02 6.623927e-01 7.491434e-01 4.477519e-03 7.598035e+01 -6.576306e-03 -1.619514e-04 9.999784e-01 -8.438055e-02
7.514642e-01 -6.597676e-01 2.880041e-03 2.116751e+02 6.597236e-01 7.514536e-01 9.069260e-03 7.744286e+01 -8.147821e-03 -4.915193e-03 9.999547e-01 -1.019075e-01
7.536242e-01 -6.573039e-01 -1.481731e-03 2.133189e+02 6.573045e-01 7.536170e-01 3.493733e-03 7.890247e+01 -1.179786e-03 -3.606910e-03 9.999928e-01 -1.385270e-01
7.533349e-01 -6.576162e-01 -5.245457e-03 2.149925e+02 6.575581e-01 7.533440e-01 -9.494760e-03 8.029782e+01 1.019554e-02 3.703541e-03 9.999412e-01 -1.507387e-01
7.532411e-01 -6.577397e-01 -2.502996e-03 2.166494e+02 6.576320e-01 7.531772e-01 -1.562934e-02 8.174702e+01 1.216524e-02 1.012661e-02 9.998747e-01 -1.195189e-01
7.530807e-01 -6.579243e-01 2.270349e-03 2.183307e+02 6.578798e-01 7.529789e-01 -1.473019e-02 8.316988e+01 7.981825e-03 1.258664e-02 9.998889e-01 -9.571156e-02
7.535397e-01 -6.573944e-01 3.238265e-03 2.200062e+02 6.573891e-01 7.534840e-01 -1.006951e-02 8.457678e+01 4.179659e-03 9.716576e-03 9.999441e-01 -6.759844e-02
7.544833e-01 -6.563150e-01 2.347070e-03 2.216631e+02 6.562991e-01 7.544273e-01 -1.053588e-02 8.604773e+01 5.144165e-03 9.489528e-03 9.999417e-01 -6.603928e-02
7.544056e-01 -6.564069e-01 1.491410e-03 2.233423e+02 6.563587e-01 7.543184e-01 -1.403511e-02 8.747801e+01 8.087747e-03 1.156707e-02 9.999004e-01 -5.596343e-02
7.539704e-01 -6.569073e-01 1.146103e-03 2.250317e+02 6.568103e-01 7.538266e-01 -1.859446e-02 8.889122e+01 1.135087e-02 1.477244e-02 9.998265e-01 -6.017404e-02
7.544002e-01 -6.564126e-01 1.673674e-03 2.266844e+02 6.563035e-01 7.542229e-01 -2.033396e-02 9.034882e+01 1.208515e-02 1.643838e-02 9.997918e-01 -6.345825e-02
7.539538e-01 -6.569220e-01 2.679378e-03 2.283763e+02 6.568324e-01 7.537692e-01 -2.007970e-02 9.176221e+01 1.117117e-02 1.689907e-02 9.997948e-01 -4.896060e-02
7.545131e-01 -6.562771e-01 3.215142e-03 2.300341e+02 6.562088e-01 7.543419e-01 -1.892784e-02 9.320818e+01 9.996588e-03 1.639111e-02 9.998157e-01 -4.679858e-02
7.552928e-01 -6.553745e-01 4.130659e-03 2.316994e+02 6.553086e-01 7.550890e-01 -2.028044e-02 9.463283e+01 1.017227e-02 1.802453e-02 9.997858e-01 -5.586404e-02
7.564205e-01 -6.540703e-01 4.474433e-03 2.333566e+02 6.539964e-01 7.561868e-01 -2.168379e-02 9.608496e+01 1.079921e-02 1.932833e-02 9.997549e-01 -5.516086e-02
7.568060e-01 -6.536233e-01 4.607066e-03 2.350265e+02 6.535485e-01 7.565643e-01 -2.201948e-02 9.748745e+01 1.090690e-02 1.967541e-02 9.997469e-01 -4.130948e-02
7.567388e-01 -6.536884e-01 6.153125e-03 2.366942e+02 6.536374e-01 7.564654e-01 -2.276513e-02 9.888315e+01 1.022668e-02 2.124917e-02 9.997219e-01 -3.423004e-02
7.568851e-01 -6.534842e-01 9.127310e-03 2.383532e+02 6.534793e-01 7.565295e-01 -2.505873e-02 1.003018e+02 9.470404e-03 2.493109e-02 9.996443e-01 -2.451212e-02
7.568783e-01 -6.534785e-01 1.005117e-02 2.399953e+02 6.534875e-01 7.564872e-01 -2.610116e-02 1.017092e+02 9.452967e-03 2.632371e-02 9.996088e-01 -2.618595e-02
7.566143e-01 -6.537824e-01 1.016710e-02 2.416458e+02 6.537848e-01 7.561961e-01 -2.707061e-02 1.031051e+02 1.000997e-02 2.712910e-02 9.995818e-01 -2.424371e-02
7.565646e-01 -6.538096e-01 1.195883e-02 2.433100e+02 6.538479e-01 7.560862e-01 -2.857597e-02 1.045090e+02 9.641342e-03 2.943882e-02 9.995201e-01 -2.736595e-02
7.563361e-01 -6.540601e-01 1.269419e-02 2.449671e+02 6.541201e-01 7.558511e-01 -2.856571e-02 1.058858e+02 9.088774e-03 2.990880e-02 9.995113e-01 -1.703025e-02
7.565637e-01 -6.537723e-01 1.389403e-02 2.465938e+02 6.538579e-01 7.560283e-01 -2.985093e-02 1.072928e+02 9.011431e-03 3.166885e-02 9.994578e-01 -1.203891e-02
7.563974e-01 -6.539784e-01 1.323730e-02 2.482625e+02 6.540369e-01 7.558479e-01 -3.049034e-02 1.087001e+02 9.934644e-03 3.172050e-02 9.994474e-01 -2.183718e-02
7.566393e-01 -6.537243e-01 1.189723e-02 2.499030e+02 6.537542e-01 7.561416e-01 -2.924754e-02 1.101351e+02 1.012384e-02 2.990770e-02 9.995014e-01 -3.796062e-03
7.569947e-01 -6.533112e-01 1.198326e-02 2.515469e+02 6.533355e-01 7.564714e-01 -3.006441e-02 1.115512e+02 1.057643e-02 3.058769e-02 9.994761e-01 4.439717e-03
7.564602e-01 -6.539388e-01 1.148569e-02 2.532041e+02 6.539574e-01 7.559699e-01 -2.914005e-02 1.129541e+02 1.037297e-02 2.955444e-02 9.995093e-01 5.030322e-03
7.559684e-01 -6.544470e-01 1.452118e-02 2.548689e+02 6.545368e-01 7.553726e-01 -3.152516e-02 1.143445e+02 9.662645e-03 3.333667e-02 9.993975e-01 4.614898e-03
7.559544e-01 -6.544397e-01 1.554378e-02 2.565430e+02 6.545776e-01 7.554039e-01 -2.988621e-02 1.157913e+02 7.816889e-03 3.276723e-02 9.994324e-01 1.708486e-02
7.554747e-01 -6.549352e-01 1.783088e-02 2.582498e+02 6.551414e-01 7.548657e-01 -3.110444e-02 1.172171e+02 6.911474e-03 3.518036e-02 9.993571e-01 1.673024e-02
7.554591e-01 -6.549339e-01 1.852236e-02 2.599371e+02 6.551540e-01 7.547897e-01 -3.264504e-02 1.186712e+02 7.399854e-03 3.679700e-02 9.992954e-01 2.494059e-02
7.554675e-01 -6.549121e-01 1.894474e-02 2.616113e+02 6.551297e-01 7.547073e-01 -3.495758e-02 1.201201e+02 8.596412e-03 3.882057e-02 9.992092e-01 1.626305e-02
7.550243e-01 -6.554696e-01 1.726137e-02 2.633145e+02 6.556280e-01 7.543019e-01 -3.435948e-02 1.215490e+02 9.501308e-03 3.725928e-02 9.992605e-01 1.589371e-02
7.551488e-01 -6.553338e-01 1.696904e-02 2.650069e+02 6.554724e-01 7.543955e-01 -3.525985e-02 1.229998e+02 1.030561e-02 3.774917e-02 9.992341e-01 2.661742e-02
7.553094e-01 -6.551391e-01 1.733668e-02 2.666959e+02 6.552916e-01 7.545518e-01 -3.527675e-02 1.244842e+02 1.002975e-02 3.800544e-02 9.992272e-01 2.192268e-02
7.548635e-01 -6.556553e-01 1.724262e-02 2.683867e+02 6.558111e-01 7.541347e-01 -3.453411e-02 1.259197e+02 9.639216e-03 3.737644e-02 9.992548e-01 4.815923e-02
7.544754e-01 -6.560971e-01 1.742137e-02 2.700805e+02 6.562537e-01 7.537236e-01 -3.509817e-02 1.273518e+02 9.896908e-03 3.791355e-02 9.992320e-01 4.880623e-02
7.541298e-01 -6.564654e-01 1.847838e-02 2.717642e+02 6.566541e-01 7.533347e-01 -3.594850e-02 1.287681e+02 9.678540e-03 3.924374e-02 9.991828e-01 5.307714e-02
7.544758e-01 -6.560658e-01 1.854235e-02 2.733945e+02 6.562512e-01 7.536549e-01 -3.658737e-02 1.302020e+02 1.002919e-02 3.977273e-02 9.991584e-01 4.703674e-02
7.542367e-01 -6.563119e-01 1.953778e-02 2.750387e+02 6.565343e-01 7.533953e-01 -3.685383e-02 1.315971e+02 9.467931e-03 4.062373e-02 9.991297e-01 7.376678e-02
7.549420e-01 -6.555052e-01 1.937686e-02 2.766298e+02 6.557180e-01 7.540854e-01 -3.727030e-02 1.330261e+02 9.819066e-03 4.084267e-02 9.991173e-01 7.625111e-02
7.539183e-01 -6.567141e-01 1.826861e-02 2.782973e+02 6.568885e-01 7.531026e-01 -3.652371e-02 1.343755e+02 1.022749e-02 3.953633e-02 9.991658e-01 7.574400e-02
7.536412e-01 -6.570236e-01 1.857522e-02 2.799265e+02 6.572073e-01 7.528125e-01 -3.676707e-02 1.357687e+02 1.017317e-02 3.991695e-02 9.991512e-01 7.660991e-02
7.539081e-01 -6.567286e-01 1.816723e-02 2.815318e+02 6.569166e-01 7.531633e-01 -3.472215e-02 1.371705e+02 9.120140e-03 3.811167e-02 9.992319e-01 1.108319e-01
7.537702e-01 -6.568523e-01 1.938230e-02 2.831405e+02 6.570757e-01 7.529640e-01 -3.601097e-02 1.385729e+02 9.059716e-03 3.987964e-02 9.991634e-01 1.046816e-01
7.535560e-01 -6.571056e-01 1.911927e-02 2.847616e+02 6.573223e-01 7.527694e-01 -3.557669e-02 1.399516e+02 8.985242e-03 3.937655e-02 9.991840e-01 1.148638e-01
7.531009e-01 -6.576281e-01 1.908877e-02 2.863812e+02 6.578390e-01 7.522972e-01 -3.601078e-02 1.413186e+02 9.321272e-03 3.967709e-02 9.991691e-01 1.327190e-01
7.530521e-01 -6.576777e-01 1.930126e-02 2.879551e+02 6.578948e-01 7.522363e-01 -3.626333e-02 1.426846e+02 9.330474e-03 4.000638e-02 9.991559e-01 1.297204e-01
7.528667e-01 -6.579341e-01 1.773560e-02 2.895542e+02 6.580971e-01 7.520973e-01 -3.546622e-02 1.440494e+02 9.995540e-03 3.837308e-02 9.992135e-01 1.309314e-01
7.531546e-01 -6.575956e-01 1.805815e-02 2.911278e+02 6.577696e-01 7.523746e-01 -3.565937e-02 1.454380e+02 9.862956e-03 3.873512e-02 9.992008e-01 1.327990e-01
7.526910e-01 -6.581126e-01 1.854853e-02 2.927195e+02 6.583022e-01 7.518941e-01 -3.596469e-02 1.467852e+02 9.722286e-03 3.928083e-02 9.991809e-01 1.506549e-01
7.527743e-01 -6.580396e-01 1.774033e-02 2.943201e+02 6.582006e-01 7.519965e-01 -3.568255e-02 1.481640e+02 1.013987e-02 3.853760e-02 9.992057e-01 1.599064e-01
7.530260e-01 -6.578061e-01 1.558746e-02 2.959330e+02 6.579071e-01 7.523414e-01 -3.377409e-02 1.495408e+02 1.048971e-02 3.568788e-02 9.993079e-01 1.616404e-01
7.537724e-01 -6.569441e-01 1.586126e-02 2.975234e+02 6.570731e-01 7.531483e-01 -3.197790e-02 1.509273e+02 9.061816e-03 3.452607e-02 9.993627e-01 1.810602e-01
7.534941e-01 -6.572531e-01 1.628062e-02 2.991320e+02 6.573866e-01 7.528286e-01 -3.304384e-02 1.522584e+02 9.461649e-03 3.560100e-02 9.993213e-01 1.759990e-01
7.540223e-01 -6.565929e-01 1.833520e-02 3.007060e+02 6.567781e-01 7.532378e-01 -3.571117e-02 1.536481e+02 9.636934e-03 3.896918e-02 9.991939e-01 1.943827e-01
7.542439e-01 -6.562797e-01 2.032490e-02 3.022959e+02 6.565368e-01 7.534066e-01 -3.657766e-02 1.550010e+02 8.692263e-03 4.093252e-02 9.991241e-01 1.877343e-01
7.544048e-01 -6.560998e-01 2.016065e-02 3.038894e+02 6.563534e-01 7.535833e-01 -3.622747e-02 1.563579e+02 8.576102e-03 4.056269e-02 9.991402e-01 1.821870e-01
7.546486e-01 -6.557872e-01 2.118246e-02 3.054927e+02 6.560660e-01 7.537346e-01 -3.822982e-02 1.577191e+02 9.104673e-03 4.274717e-02 9.990444e-01 1.823408e-01
7.550908e-01 -6.553261e-01 1.963623e-02 3.070840e+02 6.555461e-01 7.542167e-01 -3.763505e-02 1.590839e+02 9.853254e-03 4.129034e-02 9.990986e-01 1.873326e-01
7.552594e-01 -6.551439e-01 1.922596e-02 3.086663e+02 6.553650e-01 7.544644e-01 -3.577954e-02 1.604355e+02 8.935446e-03 3.962286e-02 9.991748e-01 1.920719e-01
7.556881e-01 -6.546515e-01 1.915318e-02 3.102675e+02 6.548765e-01 7.549218e-01 -3.506914e-02 1.618099e+02 8.498917e-03 3.904430e-02 9.992013e-01 2.118473e-01
7.556270e-01 -6.546780e-01 2.060167e-02 3.118734e+02 6.549502e-01 7.547972e-01 -3.635206e-02 1.631653e+02 8.248813e-03 4.096166e-02 9.991267e-01 2.136339e-01
7.560882e-01 -6.541068e-01 2.179446e-02 3.134696e+02 6.544218e-01 7.552100e-01 -3.728316e-02 1.645644e+02 7.927778e-03 4.245213e-02 9.990670e-01 2.200228e-01
7.564699e-01 -6.536801e-01 2.134352e-02 3.150830e+02 6.539833e-01 7.556311e-01 -3.643488e-02 1.659291e+02 7.688931e-03 4.152019e-02 9.991081e-01 2.274677e-01
7.565055e-01 -6.535709e-01 2.333217e-02 3.167069e+02 6.539396e-01 7.555380e-01 -3.905574e-02 1.672903e+02 7.897355e-03 4.480371e-02 9.989646e-01 2.303643e-01
7.570591e-01 -6.529323e-01 2.325965e-02 3.183117e+02 6.532908e-01 7.560500e-01 -3.999401e-02 1.686803e+02 8.527923e-03 4.547314e-02 9.989292e-01 2.369489e-01
7.572063e-01 -6.527865e-01 2.254714e-02 3.199335e+02 6.531040e-01 7.561599e-01 -4.095648e-02 1.700366e+02 9.686592e-03 4.573813e-02 9.989065e-01 2.119058e-01
7.576909e-01 -6.522616e-01 2.143298e-02 3.215357e+02 6.525428e-01 7.567162e-01 -3.960336e-02 1.713977e+02 9.613068e-03 4.399304e-02 9.989856e-01 2.335783e-01
7.582960e-01 -6.515755e-01 2.089115e-02 3.231015e+02 6.518458e-01 7.573807e-01 -3.835967e-02 1.727687e+02 9.171670e-03 4.270579e-02 9.990456e-01 2.407765e-01
7.588174e-01 -6.509227e-01 2.226698e-02 3.246817e+02 6.512519e-01 7.578837e-01 -3.851267e-02 1.741225e+02 8.192988e-03 4.372550e-02 9.990100e-01 2.430439e-01
7.584037e-01 -6.513752e-01 2.311025e-02 3.262849e+02 6.517389e-01 7.574512e-01 -3.878176e-02 1.754247e+02 7.756588e-03 4.447408e-02 9.989804e-01 2.565322e-01
7.578805e-01 -6.519251e-01 2.471352e-02 3.278890e+02 6.523421e-01 7.568021e-01 -4.123499e-02 1.767563e+02 8.178882e-03 4.737286e-02 9.988438e-01 2.446366e-01
7.583207e-01 -6.514735e-01 2.306637e-02 3.294695e+02 6.518293e-01 7.573359e-01 -3.950934e-02 1.781097e+02 8.270299e-03 4.499608e-02 9.989529e-01 2.668583e-01
7.583586e-01 -6.514757e-01 2.171692e-02 3.310635e+02 6.517781e-01 7.574184e-01 -3.876428e-02 1.794521e+02 8.805196e-03 4.355184e-02 9.990124e-01 2.698244e-01
7.588587e-01 -6.509412e-01 2.022473e-02 3.326400e+02 6.512050e-01 7.580477e-01 -3.599714e-02 1.808080e+02 8.100711e-03 4.048718e-02 9.991472e-01 2.807087e-01
7.586429e-01 -6.511342e-01 2.202854e-02 3.342497e+02 6.514631e-01 7.577671e-01 -3.721428e-02 1.821345e+02 7.538986e-03 4.258312e-02 9.990645e-01 2.938809e-01
7.584137e-01 -6.514110e-01 2.173491e-02 3.358533e+02 6.517273e-01 7.575412e-01 -3.718768e-02 1.834700e+02 7.759376e-03 4.236888e-02 9.990719e-01 2.975263e-01
7.589092e-01 -6.508326e-01 2.176564e-02 3.374030e+02 6.511433e-01 7.579959e-01 -3.813994e-02 1.848238e+02 8.324454e-03 4.311730e-02 9.990353e-01 2.961392e-01
7.592335e-01 -6.503983e-01 2.337847e-02 3.389466e+02 6.507733e-01 7.582686e-01 -3.902317e-02 1.861274e+02 7.653441e-03 4.484178e-02 9.989648e-01 2.866393e-01
7.588432e-01 -6.507764e-01 2.543782e-02 3.405002e+02 6.512359e-01 7.578017e-01 -4.035341e-02 1.874091e+02 6.984225e-03 4.718793e-02 9.988616e-01 2.944096e-01
7.583184e-01 -6.513150e-01 2.723924e-02 3.420476e+02 6.518470e-01 7.571656e-01 -4.237625e-02 1.887089e+02 6.975676e-03 4.989051e-02 9.987303e-01 3.064835e-01
7.580863e-01 -6.515620e-01 2.778590e-02 3.435828e+02 6.521056e-01 7.568210e-01 -4.450147e-02 1.900090e+02 7.966515e-03 5.185529e-02 9.986228e-01 2.942687e-01
7.574335e-01 -6.524311e-01 2.506188e-02 3.451150e+02 6.528527e-01 7.562873e-01 -4.257806e-02 1.913007e+02 8.825270e-03 4.861177e-02 9.987788e-01 3.070265e-01
7.568638e-01 -6.530701e-01 2.562455e-02 3.466216e+02 6.535157e-01 7.556986e-01 -4.285908e-02 1.925953e+02 8.625550e-03 4.918454e-02 9.987525e-01 3.156840e-01
7.566476e-01 -6.533116e-01 2.585182e-02 3.481214e+02 6.537784e-01 7.555431e-01 -4.157516e-02 1.938859e+02 7.629373e-03 4.835911e-02 9.988009e-01 3.202234e-01
7.561368e-01 -6.538415e-01 2.735534e-02 3.496241e+02 6.543716e-01 7.549543e-01 -4.291544e-02 1.951702e+02 7.407862e-03 5.035051e-02 9.987041e-01 3.244744e-01
7.553630e-01 -6.547832e-01 2.618630e-02 3.511109e+02 6.552520e-01 7.541810e-01 -4.307881e-02 1.964322e+02 8.458069e-03 4.969876e-02 9.987284e-01 3.234848e-01
7.553726e-01 -6.548529e-01 2.408126e-02 3.525961e+02 6.552391e-01 7.543150e-01 -4.087294e-02 1.977275e+02 8.600903e-03 4.665328e-02 9.988741e-01 3.151865e-01
7.548818e-01 -6.554628e-01 2.284853e-02 3.540971e+02 6.558073e-01 7.539169e-01 -3.906575e-02 1.989945e+02 8.380247e-03 4.447426e-02 9.989754e-01 3.294984e-01
7.545022e-01 -6.559339e-01 2.184460e-02 3.555967e+02 6.562529e-01 7.536449e-01 -3.676160e-02 2.002839e+02 7.650111e-03 4.207229e-02 9.990853e-01 3.495658e-01
7.541664e-01 -6.563634e-01 2.049714e-02 3.570773e+02 6.566361e-01 7.533704e-01 -3.552474e-02 2.015695e+02 7.875194e-03 4.025073e-02 9.991586e-01 3.444950e-01
7.537490e-01 -6.568164e-01 2.132213e-02 3.585758e+02 6.571190e-01 7.529293e-01 -3.594440e-02 2.028469e+02 7.554820e-03 4.110423e-02 9.991263e-01 3.475484e-01
7.532302e-01 -6.573971e-01 2.175834e-02 3.600675e+02 6.577216e-01 7.524338e-01 -3.529401e-02 2.041146e+02 6.830468e-03 4.089544e-02 9.991401e-01 3.532992e-01
7.528808e-01 -6.577136e-01 2.415209e-02 3.615386e+02 6.581262e-01 7.519842e-01 -3.727817e-02 2.053902e+02 6.356368e-03 4.396114e-02 9.990130e-01 3.610796e-01
7.525323e-01 -6.580762e-01 2.511606e-02 3.629869e+02 6.585229e-01 7.515697e-01 -3.860881e-02 2.066588e+02 6.531068e-03 4.559388e-02 9.989387e-01 3.636299e-01
7.519693e-01 -6.587344e-01 2.472252e-02 3.644613e+02 6.591534e-01 7.509525e-01 -3.983803e-02 2.079183e+02 7.677241e-03 4.625291e-02 9.989003e-01 3.513274e-01
7.516640e-01 -6.591318e-01 2.337796e-02 3.659300e+02 6.594834e-01 7.506310e-01 -4.043185e-02 2.091828e+02 9.101694e-03 4.580854e-02 9.989088e-01 3.465694e-01
7.511738e-01 -6.596945e-01 2.326230e-02 3.674018e+02 6.600400e-01 7.501410e-01 -4.044283e-02 2.104255e+02 9.229908e-03 4.573364e-02 9.989110e-01 3.581883e-01
7.508891e-01 -6.599665e-01 2.469303e-02 3.688488e+02 6.603840e-01 7.498809e-01 -3.964305e-02 2.117036e+02 7.646253e-03 4.607442e-02 9.989087e-01 3.782514e-01
7.505583e-01 -6.603193e-01 2.531004e-02 3.703193e+02 6.607597e-01 7.495128e-01 -4.033855e-02 2.129783e+02 7.666128e-03 4.700029e-02 9.988655e-01 3.855419e-01
7.498269e-01 -6.611159e-01 2.617972e-02 3.717622e+02 6.615887e-01 7.487250e-01 -4.136651e-02 2.142164e+02 7.746644e-03 4.833793e-02 9.988010e-01 3.781401e-01
7.495458e-01 -6.614599e-01 2.553271e-02 3.731873e+02 6.619147e-01 7.485325e-01 -3.959957e-02 2.154507e+02 7.081465e-03 4.658217e-02 9.988894e-01 3.823735e-01
7.491731e-01 -6.618094e-01 2.735061e-02 3.745969e+02 6.623481e-01 7.481371e-01 -3.982321e-02 2.166880e+02 5.893371e-03 4.795010e-02 9.988323e-01 3.819171e-01
7.486862e-01 -6.623508e-01 2.757619e-02 3.760005e+02 6.628989e-01 7.476429e-01 -3.993839e-02 2.179074e+02 5.836077e-03 4.818155e-02 9.988215e-01 4.005188e-01
7.483480e-01 -6.627001e-01 2.835052e-02 3.773928e+02 6.632793e-01 7.472481e-01 -4.099873e-02 2.191501e+02 5.984997e-03 4.948563e-02 9.987569e-01 4.120544e-01
7.485822e-01 -6.624881e-01 2.709650e-02 3.787868e+02 6.630141e-01 7.475504e-01 -3.975811e-02 2.204061e+02 6.083273e-03 4.772758e-02 9.988419e-01 4.090881e-01
7.488334e-01 -6.622301e-01 2.645522e-02 3.801991e+02 6.627243e-01 7.477941e-01 -4.000515e-02 2.216470e+02 6.709551e-03 4.748971e-02 9.988492e-01 4.171483e-01
7.496204e-01 -6.614338e-01 2.396896e-02 3.816248e+02 6.618210e-01 7.486442e-01 -3.904917e-02 2.229419e+02 7.884217e-03 4.513522e-02 9.989498e-01 4.291554e-01
7.505363e-01 -6.604227e-01 2.317537e-02 3.830611e+02 6.607813e-01 7.495978e-01 -3.835683e-02 2.242313e+02 7.959514e-03 4.410205e-02 9.989953e-01 4.421464e-01
7.507893e-01 -6.601431e-01 2.294645e-02 3.845279e+02 6.605049e-01 7.499271e-01 -3.664320e-02 2.255229e+02 6.981586e-03 4.266756e-02 9.990649e-01 4.650399e-01
7.518841e-01 -6.589431e-01 2.154634e-02 3.859948e+02 6.592629e-01 7.511215e-01 -3.448198e-02 2.268726e+02 6.537745e-03 4.013116e-02 9.991730e-01 4.656915e-01
7.531924e-01 -6.574692e-01 2.086824e-02 3.874981e+02 6.577813e-01 7.525504e-01 -3.149210e-02 2.282245e+02 5.000685e-03 3.744635e-02 9.992861e-01 4.770584e-01
7.543435e-01 -6.561640e-01 2.036222e-02 3.890345e+02 6.564695e-01 7.537944e-01 -2.901371e-02 2.295985e+02 3.688821e-03 3.525348e-02 9.993716e-01 4.967255e-01
7.562461e-01 -6.539866e-01 1.983206e-02 3.905910e+02 6.542833e-01 7.557882e-01 -2.641278e-02 2.309955e+02 2.284765e-03 3.295035e-02 9.994544e-01 5.220872e-01
7.575513e-01 -6.525787e-01 1.603238e-02 3.921885e+02 6.527643e-01 7.571650e-01 -2.449577e-02 2.323726e+02 3.846262e-03 2.902216e-02 9.995714e-01 5.289802e-01
7.594196e-01 -6.504684e-01 1.314332e-02 3.937879e+02 6.505892e-01 7.591280e-01 -2.141021e-02 2.338092e+02 3.949204e-03 2.481024e-02 9.996844e-01 5.596053e-01
7.602646e-01 -6.494753e-01 1.340176e-02 3.954194e+02 6.495987e-01 7.599459e-01 -2.244610e-02 2.352289e+02 4.393571e-03 2.577074e-02 9.996582e-01 5.605395e-01
7.603322e-01 -6.494064e-01 1.289322e-02 3.970991e+02 6.495205e-01 7.600361e-01 -2.163868e-02 2.366195e+02 4.252982e-03 2.482700e-02 9.996827e-01 5.850943e-01
7.605566e-01 -6.492020e-01 9.508756e-03 3.987832e+02 6.492494e-01 7.603278e-01 -1.941450e-02 2.380434e+02 5.374163e-03 2.093938e-02 9.997663e-01 5.731719e-01
7.608724e-01 -6.488344e-01 9.332759e-03 4.004794e+02 6.488862e-01 7.606770e-01 -1.780869e-02 2.395146e+02 4.455675e-03 1.960604e-02 9.997979e-01 5.815203e-01
7.612566e-01 -6.483970e-01 8.348691e-03 4.021840e+02 6.484328e-01 7.610765e-01 -1.724666e-02 2.410089e+02 4.828688e-03 1.854269e-02 9.998164e-01 5.916845e-01
7.605846e-01 -6.492042e-01 6.713659e-03 4.039097e+02 6.492130e-01 7.604212e-01 -1.679615e-02 2.424698e+02 5.798925e-03 1.713349e-02 9.998364e-01 5.956900e-01
7.601901e-01 -6.496770e-01 5.547688e-03 4.056425e+02 6.496729e-01 7.600511e-01 -1.573011e-02 2.439190e+02 6.002962e-03 1.556205e-02 9.998609e-01 5.975796e-01
7.600189e-01 -6.498863e-01 4.360454e-03 4.073605e+02 6.498822e-01 7.599291e-01 -1.268374e-02 2.454016e+02 4.929353e-03 1.247366e-02 9.999101e-01 6.113069e-01
7.589820e-01 -6.510987e-01 4.094623e-03 4.091230e+02 6.510953e-01 7.589033e-01 -1.186129e-02 2.468794e+02 4.615448e-03 1.166849e-02 9.999213e-01 6.177634e-01
7.584395e-01 -6.517323e-01 3.810033e-03 4.108661e+02 6.517367e-01 7.583920e-01 -8.992380e-03 2.483520e+02 2.971125e-03 9.303315e-03 9.999523e-01 6.296181e-01
7.580894e-01 -6.521456e-01 2.566280e-03 4.125879e+02 6.521434e-01 7.580565e-01 -7.708038e-03 2.498262e+02 3.081378e-03 7.516964e-03 9.999670e-01 6.293167e-01
7.566998e-01 -6.537613e-01 1.264918e-03 4.142986e+02 6.537553e-01 7.566810e-01 -6.147177e-03 2.512862e+02 3.061646e-03 5.478515e-03 9.999803e-01 6.338924e-01
7.554647e-01 -6.551893e-01 -2.007570e-04 4.160018e+02 6.551768e-01 7.554520e-01 -5.963610e-03 2.527525e+02 4.058956e-03 4.373765e-03 9.999822e-01 6.339531e-01
7.534263e-01 -6.575268e-01 -2.711679e-03 4.177186e+02 6.575132e-01 7.534294e-01 -4.523898e-03 2.541959e+02 5.017643e-03 1.625459e-03 9.999861e-01 6.411223e-01
7.514899e-01 -6.597169e-01 -6.044350e-03 4.193932e+02 6.597045e-01 7.515137e-01 -4.147236e-03 2.556439e+02 7.278413e-03 -8.708784e-04 9.999731e-01 6.367006e-01
7.488431e-01 -6.627234e-01 -5.633833e-03 4.210335e+02 6.627166e-01 7.488631e-01 -3.269069e-03 2.570638e+02 6.385459e-03 -1.285615e-03 9.999788e-01 6.516453e-01
7.461729e-01 -6.657505e-01 -1.493982e-03 4.226622e+02 6.657471e-01 7.461741e-01 -2.256597e-03 2.585155e+02 2.617101e-03 6.891977e-04 9.999963e-01 6.588517e-01
7.421907e-01 -6.701883e-01 -7.589888e-04 4.243235e+02 6.701821e-01 7.421879e-01 -3.606565e-03 2.599905e+02 2.980390e-03 2.168098e-03 9.999932e-01 6.666199e-01
7.387341e-01 -6.739881e-01 -3.459033e-03 4.259501e+02 6.739591e-01 7.387373e-01 -6.797466e-03 2.614880e+02 7.136728e-03 2.690273e-03 9.999709e-01 6.751588e-01
7.341486e-01 -6.789840e-01 -2.555313e-03 4.275495e+02 6.789540e-01 7.341439e-01 -7.363723e-03 2.629584e+02 6.875818e-03 3.671127e-03 9.999696e-01 7.038690e-01
7.295107e-01 -6.839175e-01 -8.423639e-03 4.291579e+02 6.838894e-01 7.295584e-01 -6.310635e-03 2.644543e+02 1.046149e-02 -1.157161e-03 9.999446e-01 7.138760e-01
7.244939e-01 -6.890679e-01 -1.714486e-02 4.307475e+02 6.891066e-01 7.246461e-01 -4.481719e-03 2.659090e+02 1.551217e-02 -8.567662e-03 9.998430e-01 7.160973e-01
7.200739e-01 -6.936110e-01 -1.993352e-02 4.322860e+02 6.937614e-01 7.202044e-01 8.917966e-04 2.673898e+02 1.373765e-02 -1.447127e-02 9.998009e-01 7.455344e-01
7.151952e-01 -6.986205e-01 -2.062357e-02 4.338159e+02 6.987919e-01 7.153233e-01 1.604234e-03 2.688563e+02 1.363177e-02 -1.555892e-02 9.997860e-01 7.629909e-01
7.094413e-01 -7.044788e-01 -2.006573e-02 4.353811e+02 7.046186e-01 7.095862e-01 -1.452649e-04 2.703543e+02 1.434070e-02 -1.403563e-02 9.997987e-01 7.918488e-01
7.037397e-01 -7.102440e-01 -1.743229e-02 4.369346e+02 7.103586e-01 7.038397e-01 5.503774e-04 2.718712e+02 1.187863e-02 -1.277050e-02 9.998479e-01 8.005746e-01
6.977694e-01 -7.161543e-01 -1.552058e-02 4.384845e+02 7.162412e-01 6.978528e-01 5.218034e-05 2.734284e+02 1.079371e-02 -1.115289e-02 9.998795e-01 8.223170e-01
6.912516e-01 -7.223957e-01 -1.776715e-02 4.400086e+02 7.224581e-01 6.914044e-01 -3.780775e-03 2.749782e+02 1.501550e-02 -1.022255e-02 9.998350e-01 8.267990e-01
6.852070e-01 -7.280521e-01 -2.077124e-02 4.415198e+02 7.280884e-01 6.854457e-01 -7.169730e-03 2.765697e+02 1.945750e-02 -1.021055e-02 9.997585e-01 8.650747e-01
6.794398e-01 -7.333763e-01 -2.281908e-02 4.430133e+02 7.334907e-01 6.796848e-01 -4.466412e-03 2.781712e+02 1.878534e-02 -1.370292e-02 9.997296e-01 8.951321e-01
6.735247e-01 -7.388152e-01 -2.272795e-02 4.444646e+02 7.390015e-01 6.737037e-01 -2.999840e-04 2.797454e+02 1.553354e-02 -1.659394e-02 9.997416e-01 9.117633e-01
6.671683e-01 -7.445405e-01 -2.336448e-02 4.459329e+02 7.447400e-01 6.673547e-01 -2.417884e-04 2.813319e+02 1.577242e-02 -1.723915e-02 9.997270e-01 9.532161e-01
