1 0 0 0 0 1 0 0 0 0 1 0
0.999998560344654952 0.0002650160588089475917 0.001676029566017653858 0.6618009994538294194 -0.000264463734640776047 0.9999999106598695953 -0.0003297562521791732736 0.01255545861969392663 -0.001676116806983273888 0.0003293125284054248376 0.999998541091789761 0.01071149652432890065
0.9999887880932561979 0.001204892765024205385 0.004579511022547012519 2.101205965333522219 -0.001205110982942997301 0.9999992728458584335 4.489179490716988056e-05 0.04680320834170539901 -0.004579453602737712861 -5.041011061433174059e-05 0.9999895129767717439 0.03689044171111244275
0.9999826775818675406 0.003302199637864558501 0.004872372497097821921 3.722631873716635287 -0.003311076130930284012 0.9999928715024954951 0.001814860614138678668 0.1146699583345152651 -0.004866344732339851833 -0.00183096197264041036 0.9999864830422463546 0.06943321099192800716
0.9999931531513568395 0.002154507487796896142 0.003008612286760137689 5.438253763830632082 -0.002168344460558981578 0.9999870531442041077 0.004603458077487300806 0.09044348555355735675 -0.002998655149793009404 -0.004609950266092574869 0.999984878098582386 0.05376723122523996423
0.9999953396871671396 0.002325586877563982132 0.00197794075291311865 7.247916031760502698 -0.002335767906750720393 0.999983955821760806 0.005160647958200478141 0.1165806380548089216 -0.00196590748330781372 -0.005165243918498682411 0.9999847276148918773 0.0158080278787591233
0.9999909890678826407 0.003320932469272206995 0.002644464137073942924 9.108017673895023592 -0.00333561233043193307 0.999978945101201222 0.005566241520972972645 0.1179911880251999778 -0.00262592334595034959 -0.005575012271131486903 0.9999810117021011857 0.02632355771090000296
0.9999761545013877706 0.005928614320938130691 0.003541463094581461055 11.12696892215508271 -0.005944450249959152763 0.9999723055109083214 0.004477914963942301353 0.1634751971255414826 -0.003514817184787248378 -0.004498860237005048758 0.99998370302556705 0.04877677043287098613
0.9999728189725928251 0.005992916827490792943 0.004294911396618906335 13.22628007729220734 -0.006012747581371837534 0.9999712539357743513 0.004619325560914632096 0.169328809299167965 -0.004267104700934392855 -0.00464502422101218445 0.9999801075858746335 0.04701406165891874878
0.9999618464034745191 0.007347963568857789757 0.004723681693849664763 15.39892203466373211 -0.007372853450934147186 0.9999589146149040486 0.005273529574585855348 0.198104994696139125 -0.004684737916374851451 -0.005308155383343816057 0.9999749380444897806 0.03742963003445343162
0.9999491969913508749 0.00851371038473719248 0.005396310947059957015 17.66447218395301633 -0.00854875175917624297 0.9999423059586082241 0.006504121581048963145 0.2202952087373329371 -0.00534062540462464444 -0.006549922874805766577 0.9999642874776186741 0.0302142459218999182
0.9999405918024139028 0.009309109961330722799 0.005670391306256503117 20.03217051980314878 -0.009350398479547718592 0.9999296451280683673 0.007298961729515211772 0.2353122116385417961 -0.00560204552925874788 -0.007351548529603072618 0.9999572849977668154 0.0160865405388381788
0.9999474882878440773 0.009069285796213867254 0.004771658200102454374 22.5958734565881656 -0.009108498617818386323 0.999924389973291472 0.008261330974494286369 0.2127809444526428118 -0.004696373043233698086 -0.008304359799980464557 0.9999544898086868416 -0.002468901106719156857
0.9999507066957251666 0.00931067534190587083 0.003448985850570915248 25.18876300079339359 -0.009340057726306411415 0.9999193699184284467 0.008603312362236936739 0.1752324310174492583 -0.003368605110290651388 -0.008635102003484440569 0.9999570428338411254 -0.0228091731231763184
0.9999559062508904805 0.009005638866320161279 0.002661582718949980723 27.81442331179195548 -0.009026286333669529191 0.9999284480549417431 0.007850154486275259455 0.1196126698970395585 -0.002590696621181288236 -0.007873832551254860215 0.9999656449358507171 -0.02646040411060157638
0.999958260233480889 0.008884842260971591993 0.002130110050634449054 30.47904290195036126 -0.008899529626339370766 0.9999359827877895013 0.006987753476441089032 0.07607826248614429909 -0.002067888599530570953 -0.007006418786745473824 0.9999733166102606763 -0.03420604856223929957
0.9999604790832762324 0.008644256807769000461 0.002077762206316684148 33.1637314769375422 -0.008655850606978859191 0.9999466472953906226 0.005637269993298740442 0.05501409800615877921 -0.002028921342566637753 -0.00565503200247549024 0.9999819518827510745 -0.05653589584615570374
0.9999604390210073968 0.008688697669482872352 0.001904448928791997297 35.85714319138877926 -0.008698490816999540631 0.9999486689398084938 0.005195742777688463696 -0.005538493178312758891 -0.00185920693324566756 -0.005212103060536126507 0.9999846885484126036 -0.08229626245941523699
0.9999567013707950647 0.008916931500259208526 0.002661525175215373549 38.54812399632594122 -0.008932343087458702313 0.999943076093316785 0.005835907813114582163 -0.04609821300868394145 -0.002609335280593294212 -0.005859428782307040187 0.999979429020286692 -0.07984369493906817716
0.9999575473824897642 0.008747273940370125372 0.002896313416705114177 41.21097727520501053 -0.008765166768221619581 0.9999422162006235126 0.006223834132646903147 -0.09388473271440986312 -0.002841704474594023821 -0.006248956584707481172 0.9999764373510415805 -0.1101820095809706856
0.9999605288934007019 0.008506079087680947295 0.002566568484278684836 43.88948507315076597 -0.008520957225208082228 0.9999466263828908907 0.005842745368514860871 -0.1326321630708232613 -0.002516732643041351761 -0.005864384369159693529 0.9999796373190676935 -0.1415281518607454103
0.9999608125279109139 0.00856905582616216896 0.002223666064938221477 46.53937223647057664 -0.008583628091223401493 0.999941189614126813 0.006628622924593620229 -0.1992705210743572763 -0.002166734250387468159 -0.00664745028811827756 0.9999755580349727335 -0.1503491786745811964
0.9999647542502932973 0.008222661621682074776 0.001696494328274149397 49.19804496916560765 -0.008235108329593216966 0.9999382261645478609 0.007465041573719227892 -0.2498710154721849597 -0.001635007018460186675 -0.007478749277306248958 0.9999706971013184731 -0.1363750391199554102
0.9999594807933035456 0.008991723482275991788 -0.0004309064922049504059 51.85264335532947655 -0.008987562237092544537 0.9999205067748671016 0.008843294415964961935 -0.2784426443578609245 0.0005103886961188666173 -0.008839063293773584754 0.9999608044635887039 -0.1452567632354551108
0.9999597863617074589 0.008788372500720370573 -0.001786104206633424944 54.51789614954208218 -0.008770384488770379197 0.9999131134427513556 0.009841032524207237939 -0.334489121129056044 0.001872435677802461061 -0.009824971959855698447 0.9999499807043452648 -0.1505671620759676532
0.9999575366493399509 0.008969335207944103064 -0.002115637991598373797 57.15458810142636992 -0.008943972584132780027 0.9998914635483053814 0.01170753935044144961 -0.3754996867330235855 0.002220417212652000746 -0.01168812000089784059 0.9999292262946645193 -0.1650829142928191828
0.999956449495866373 0.008935911057536723157 -0.002692323381889821787 59.78245830578023146 -0.008899451399551450148 0.9998724425632038448 0.013262668188556875 -0.3936904189594845338 0.002810493979338767479 -0.01323813039158210254 0.9999084223204280919 -0.1631126416930339662
0.9999551238789275986 0.008999985928960218054 -0.002958121288442202602 62.42004186721464976 -0.008955176263189626798 0.9998499653486838668 0.01482739391568385287 -0.4089598988750782205 0.003091123804350445498 -0.01480023802221341195 0.9998856924209447161 -0.1520873338509272088
0.9999578727847383552 0.008469897688724900564 -0.003537441019107573272 65.11355816323384715 -0.008410322300605971996 0.9998280027077820487 0.01652971506612811378 -0.4680899528998158643 0.003676837584264785498 -0.01649926769617322819 0.9998571173077025476 -0.1365585051118718418
0.9999686976679363903 0.007091128030818475737 -0.0035099269995055183 67.81339813761623248 -0.007028645014206309771 0.9998220705484345272 0.01750501052572034019 -0.5259075626437298423 0.003633432750938169094 -0.01747979254716278477 0.9998406148076565136 -0.153827007169471397
0.9999711184937563058 0.006876306647118011518 -0.003237064293589224546 70.4769116766382524 -0.006807423001839594395 0.999759850649799775 0.02083026693933864859 -0.5721161490971546915 0.003379522217718779458 -0.0208076292639233669 0.9997777860074682499 -0.1326087624647400709
0.9999783253810607953 0.005455806736516121205 -0.003685504164038168069 73.05299619938645606 -0.005352467430199261272 0.9996077431054956053 0.0274901985432306796 -0.6182681020566849206 0.003834039710020422688 -0.02746987616265081367 0.9996152790164377633 -0.1165153874227522479
0.9999855918846766167 0.00536011298641323429 0.0002919106469028317466 75.68851355907777645 -0.005366371068861289922 0.9995548871528027179 0.02934671413462194497 -0.6010473467817476489 -0.0001344790101821177471 -0.02934785780463056507 0.999569249805972726 -0.08059177898428782072
0.9999925407445580117 0.003830694979592468279 0.0004941975482650128558 78.33932250307060485 -0.003842526401030452957 0.9996359937916745597 0.02670421140922597456 -0.6485740245086530908 -0.0003917219687100073774 -0.02670591118281823162 0.9996432567980412243 -0.1148263120521406666
0.9999963736782756518 0.002679182361167481777 -0.0002731522909589860471 80.95425903294854209 -0.002670734440288689317 0.9996243153794371894 0.02727810990045011555 -0.6922008852933532186 0.0003461327027354751972 -0.02727728146401667622 0.9996278458046699011 -0.1242885024162354579
0.9999975059264827326 0.001765791059844602426 -0.00136752431313408849 83.59738815303443005 -0.001721597006534779936 0.9994968864187370183 0.03167033537867095655 -0.7569679730751579516 0.001422759488153380785 -0.03166790206476235298 0.9994974335806248167 -0.1369730000508719847
0.9999984389252257744 0.001703642422573064218 -0.0004687745806697261506 86.2307362095840233 -0.00168581712211137119 0.9993608416661771132 0.03570806862462522907 -0.8233474609997193383 0.0005293087400268684873 -0.03570722261344556198 0.999362153618742699 -0.138690910981798643
0.9999980031855311147 0.001783507082473691436 0.0009015139695132677903 88.83811678066095396 -0.001815407624959911514 0.9993239851051769485 0.03671889280279781731 -0.8690620441699313803 -0.0008354161272676036403 -0.03672045609731564714 0.9993252274329410545 -0.1421471970737810953
0.9999936423842508137 0.002203288461656176256 0.002803695959597089869 91.44363276813277253 -0.002304606499835700015 0.9993250471732952889 0.03666249965526111043 -0.8896708919203284438 -0.002721025534618028846 -0.03666872798510795173 0.9993237715615466144 -0.1437539370096538871
0.9999847062957911703 0.002777852146482526121 0.004782333318854336754 94.05999645631629846 -0.002949554449786850625 0.9993373501204784182 0.03627893028643602163 -0.8941969906388858025 -0.004678386801888498835 -0.03629248119972819375 0.9993302599768003613 -0.1414676801213941015
0.9999811443337928152 0.002877834405662308553 0.005424854469180752196 96.66858599782348449 -0.003067955530819687065 0.9993695738104110271 0.03537008044744059665 -0.9120501506763216693 -0.005319645264405983669 -0.03538605673328257262 0.9993595590992911948 -0.1686298258222351798
0.9999839454504685365 0.002354750214717495592 0.005154026847094181178 99.30921262611032319 -0.002525055486521444233 0.9994425456191792234 0.03328996997662870411 -0.949757644962892611 -0.005072764148298995052 -0.03330244972492474309 0.9994324458942758227 -0.1930287297441022343
0.9999889358911645543 0.001834310176008556925 0.004331674206882069403 101.9244466662158999 -0.001968786174274911056 0.9995097421667197279 0.03124738700783535883 -0.9924399272763992919 -0.004272233169708777693 -0.03125556942363465207 0.9995022948466641965 -0.2395709134928580841
0.9999951669179441005 0.001446574911758142894 0.002752010497415431373 104.5717586682283695 -0.00153588210777206636 0.9994630110836766335 0.03273118607233149041 -1.019343557279970947 -0.002703184585676391468 -0.03273525464350679481 0.9994604023654566349 -0.2596129560902349365
0.9999974686229905485 0.001737999141878624788 0.001429022950766871978 107.1915549399202519 -0.001788498194025388982 0.9993454596420997538 0.03613106097155541208 -1.049794748841398562 -0.001365291844609501726 -0.03613352531518500971 0.9993460383303052197 -0.2804667167832990415
0.9999986263423852328 0.001145511298329466915 -0.001197963775717998973 109.8128185668028181 -0.001096803682126783371 0.9992031567881474174 0.03989797596725529194 -1.087731879177631811 0.001242712768666241318 -0.03989660723001652726 0.9992030406261324105 -0.278080408801168355
0.9999999302421156422 0.0002946753071386243143 -0.0002295260925089653836 112.422278441720195 -0.0002844905112668995664 0.9990674420857927895 0.0431759797723226188 -1.144869016121459637 0.0002420349412352992759 -0.04317591146246221173 0.9990674562252905844 -0.3148858256599997851
0.9999941837586548976 -0.001473161639498991697 0.003076076014243612437 115.0497073773762366 0.001341271690383761877 0.9990978400087667799 0.04244652023510573496 -1.159286620695185288 -0.003135831486874145115 -0.04244214750222441435 0.9990940049246043175 -0.3279710915052216347
0.9999914405546872498 -0.003281911370005412797 0.002519498982085280076 117.6651725320232629 0.003178441753931265674 0.9991935112233299998 0.04002779830580253939 -1.157184464227506204 -0.002648834720809493774 -0.04001944760928830697 0.9991953900452449355 -0.3527712662831199442
0.9999915650576788329 -0.004006256421647380779 0.0009053855411805753753 120.3241744842967904 0.003966307531439724338 0.9991718288462880793 0.04049598553597640038 -1.158193817531985914 -0.001066873029096826594 -0.04049205291718332295 0.9991792909345608154 -0.3597227573065296946
0.9999864561122590034 -0.004831930469041352538 -0.001933918299055813065 122.9940974255210762 0.004910048202640075049 0.9990774011812826316 0.04266424586819854425 -1.183497633622300205 0.001725983398768388263 -0.04267316366051027848 0.9990875948006313623 -0.4059595266095786803
0.9999828227673368541 -0.004944762029251066962 -0.003146982482171421271 125.5550418906893668 0.005079763796400818716 0.9989989636982613552 0.04444397067739006696 -1.204263501888661825 0.002924067379831125565 -0.0444591931806461102 0.9990069218837696052 -0.4141188282560884781
0.9999783581244023889 -0.005754478173834280674 -0.003188928310789503669 128.2400009126183136 0.005892984442164404466 0.9989571660450849988 0.04527530388121962096 -1.181249982336708637 0.00292506704006903007 -0.0452931163436480419 0.9989694577887213711 -0.4201457678353577307
0.9999793934978147281 -0.006160416165040887362 -0.00180605991484709353 130.8962235844155373 0.006237059886418039323 0.9989196207161216146 0.04605095473856156418 -1.159175215102909773 0.00152041563914264875 -0.04606127029330947531 0.9989374593613210562 -0.4298768307178282289
0.9999745166729404611 -0.007134145111951571867 0.0002645340069774287516 133.5331555942536568 0.007114940204991186505 0.9989559222431100283 0.04512696578872572167 -1.150208623889197312 -0.0005862001353036460456 -0.04512393365985548771 0.9989812245385106815 -0.4379042473469866303
0.9999636303739992682 -0.007944614556551316334 0.003101778328558130703 136.1900812230926761 0.007802327838492243046 0.9990244629267392984 0.04346545932393638262 -1.161185016983151908 -0.003444068749657719797 -0.0434396774100350852 0.999050115267977823 -0.4354573490587695384
0.9999490676960759439 -0.009297879749346897246 0.003925741447833685886 138.8592011930842602 0.009120378816434992694 0.999031733805789246 0.04303967401413891225 -1.164098564040532358 -0.004322117998537091006 -0.04300167765524160607 0.9990656510033969484 -0.4631171401630547191
0.9999375775025080015 -0.01042558703128616295 0.004018486464935109442 141.50050488715965 0.01024128572188182443 0.999003652574463441 0.04343752075848205524 -1.173473189823575069 -0.004467344309382071874 -0.0433936548118945345 0.9990480636870718856 -0.5067659420757002486
0.9999368303769882171 -0.01075085357613044315 0.003279390645666800056 144.1905707179080309 0.01059195764201544682 0.998924865454154709 0.04513229011150083486 -1.157541355746616762 -0.003761075502038507129 -0.04509470395493830885 0.9989756363326807165 -0.5303038072194671271
0.9999225298780684001 -0.01222818947825868481 0.002324999855308734764 146.8538878350639436 0.01210567855424967559 0.9988253705362910573 0.04691835163112666185 -1.166288152535916112 -0.002895995335728554498 -0.04688657115981792467 0.9988960219441714861 -0.5527932404655979681
0.9999182155198582667 -0.01259461394471002131 0.002222154622423518164 149.5499165534637598 0.01247655769108882949 0.9988213854515528567 0.04690602810749846391 -1.151356865313879929 -0.002810298874350290656 -0.04687446708202899076 0.9988968347912674517 -0.5645195921562371488
0.9999043653490661265 -0.01371797066237768516 0.001754262462534026843 152.2350128165675187 0.01362672766730968661 0.9989236416557281117 0.04433813747034860697 -1.131581039875291905 -0.002360603516537146136 -0.0443099923512146332 0.9990150409923130859 -0.5847159794726781712
0.9998909526925002789 -0.01473887678481006387 0.0009209966375969664241 154.9111062802739411 0.0146880325886475753 0.9990322770702119159 0.04145806399944469006 -1.091943448159819807 -0.001531150665057091215 -0.04144001548056434198 0.9991398203928274491 -0.6225288337148782158
0.999869214943457707 -0.01615337574962162626 0.0007883274986172266255 157.5681980268163613 0.01610708351255058998 0.999018049989621848 0.04127344976680807909 -1.079884566210537189 -0.001454258942988161671 -0.04125535415949116436 0.9991475771296759456 -0.6144611889985691633
0.9998566004244382466 -0.0169258997583745692 -0.0005408373643296900731 160.2096123140105419 0.01693364859563295521 0.9989666840703493866 0.0421760081412449403 -1.065266705199890307 -0.0001735883775413235813 -0.04217911846945354704 0.9991100499105266541 -0.633864604660802744
0.9998484880096666361 -0.01732890265942893873 0.00164625557055593833 162.9057447613793101 0.01724047896353504694 0.9988966176393516694 0.04368424377016015547 -1.023619012718337329 -0.002401439129242138263 -0.04364924284890756012 0.9990440314064368277 -0.627751363374747906
0.9998162546508844173 -0.01849183582524811797 0.005050637948800601636 165.5858450036861882 0.01825279980873845131 0.9988710028424613308 0.04385835131007270737 -0.9982924733708421483 -0.005855957224904568235 -0.04375810425861372671 0.9990249927187369039 -0.6475858264143599108
0.9997658915567259053 -0.02048531972045775085 0.006965181672837176576 168.2255659754601425 0.02015888658859005256 0.9988243222125777754 0.04408619566364136572 -1.014567745692268153 -0.007860112676887413136 -0.04393546440559302491 0.9990034502423760232 -0.6671804363939387583
0.9997568306390063331 -0.0210315839726232176 0.006629635453914198805 170.9387268103124597 0.02070552549812143886 0.9987307463575045841 0.04591489403263891711 -0.9709199359124592865 -0.00758688371440744292 -0.04576645885126263968 0.9989233556383191326 -0.7059361590976584999
0.9997202386976317134 -0.02261172334566955225 0.006939330348763998214 173.6353307280102172 0.02226707990430240938 0.9986809948411283777 0.04626497266474385167 -0.9466806839703794108 -0.007976308098725015672 -0.04609751089237885263 0.9989050995958731471 -0.7296536469206011954
0.99967353279499227 -0.02453136798828271445 0.007144215408492467917 176.3369542108423786 0.02417842170579702007 0.9986540232065639344 0.04588622731452469961 -0.9318059413253254597 -0.00826025138819192449 -0.04569851111324139264 0.9989211251790788282 -0.7740376584816904826
0.9996199355315097401 -0.0268342933407616363 0.006317055396486638032 179.0318513699853611 0.02653539032782769452 0.9987048183584279482 0.04341150593804825319 -0.8897374266109137064 -0.007473790747014117351 -0.04322738123644926517 0.9990373045904284988 -0.8083818249823853108
0.9996065143801374786 -0.02773622374491801351 0.004185486968547600176 181.725375555186389 0.02753728259391197489 0.9987460174934879031 0.04181017350168104996 -0.8296129703608109418 -0.005339894768164274788 -0.04167846486219815155 0.9991168055290610139 -0.8412914758106456725
0.9995845357696436784 -0.02875190422192945919 0.002020854719898260241 184.3791106019472181 0.02863856415272372086 0.9986652623531213635 0.04298286184564271278 -0.772726488416700108 -0.003253996535995085006 -0.04290712962648836337 0.999073765912086964 -0.8823942573337180129
0.9995448708283217742 -0.03014036878758971985 0.001268609530827370093 187.0904921135497432 0.03005221610062604881 0.9985248452250996554 0.04522165162432770918 -0.7047688252410807541 -0.002629735392561628401 -0.0451629454037142733 0.99897617231554936 -0.8992572510743821468
0.9995197077994526502 -0.03097919648660359473 0.0008019386144025583219 189.8054366065118757 0.03090779366811624226 0.99842692143484435 0.04678023989579597336 -0.6464558872182679661 -0.00224989134537998672 -0.04673298555820583344 0.9989048833846746467 -0.9167811120101532207
0.9994668039249963165 -0.03259575594371873219 0.00190382415429176657 192.5141158562495036 0.03247243819325628528 0.9983952963307739514 0.04639367437885465184 -0.5851453117487774858 -0.003413005968071316457 -0.04630711564158977722 0.9989214195477131852 -0.9222746621097829278
0.9994067206873817888 -0.03424335087984060194 0.003687758860570359079 195.2193573794099279 0.03404815031741562775 0.9984502985339244185 0.04401959583503630563 -0.531977973876922805 -0.005189422401025518307 -0.04386791855145848879 0.9990238613852555627 -0.9356072104406537582
0.9993444307534719018 -0.03597494842355433015 0.004063472399532530588 197.9111791443733921 0.03576695001354553149 0.9984315435643278391 0.04307177849221276861 -0.4746615794793965781 -0.005606604029864418505 -0.04289820394464450432 0.9990637167316086531 -0.9660688224902613808
0.9992993752002237162 -0.03734623590633456836 0.002453036500130530758 200.625628414845977 0.03720704704161508641 0.9983888875892430459 0.04283999053170874094 -0.4147107452831435004 -0.004048996775203464807 -0.04271870552746488692 0.9990789347309712021 -0.9829424547157379344
0.9992586682406081611 -0.03849822051115259214 -3.103998897113161031e-05 203.3335108506026359 0.03846630509205821447 0.9983967935329087773 0.04152331918056308135 -0.3431200442069983203 -0.001567583672708214868 -0.04149373061898498083 0.999137534577071218 -1.008529019118570513
0.9992276760284628523 -0.03927110251604248176 -0.001353501360073865265 206.0319288746828192 0.03929387801784445244 0.9984400001649226253 0.03966808819426567018 -0.2453057595807413838 -0.0002064196599170482836 -0.03969063589618791743 0.9992119949305453552 -1.033953995393775527
0.9991590665095452239 -0.04087550009154929109 -0.003217655052962154448 208.7619241890160424 0.04096945705768984675 0.9984119039298999798 0.03866747573181263109 -0.1701254531354326749 0.001631992699801920917 -0.03876678453699719529 0.9992469529683289942 -1.039588219588328588
0.9990691166644418697 -0.04292339787115033445 -0.004299074612844908452 211.4873633725225943 0.04304800497317938512 0.9984574916850423865 0.03506432041039280606 -0.06663502461535730781 0.002787363478451185088 -0.0352167462041639151 0.9993758108897925485 -1.055653133611780481
0.9989048500987988133 -0.04677836163534839636 -0.0009409207239799581611 214.2195048884981077 0.04678596734202710578 0.9984840698867760711 0.02899371383956087303 0.0297373057476120195 -0.0004167840772184634615 -0.0290059832629775867 0.9995791510560736448 -1.047174470838311944
0.9987499092050581284 -0.04984750515763215067 0.003720899413863511772 216.9706300305450668 0.04970990916445760383 0.9982896806203874762 0.03076749092314993647 0.1148327228181049153 -0.005248218149965508568 -0.03054406319409020895 0.9995196428334192085 -1.067525117395632162
0.9987322366138998708 -0.05018924216731007748 0.003867753723825755659 219.7212798472023678 0.05001715932518345509 0.9980938601659690157 0.03615148782601064481 0.2119190176297582329 -0.00567479702159276022 -0.0359122022391566223 0.9993388366360519415 -1.083827143261506309
0.9987957105910144628 -0.04900957888163514492 0.002278087539001559352 222.4693083184204738 0.04891233561017630654 0.9982948307326690029 0.03185928997308691557 0.3331794899150739009 -0.003835613399190654794 -0.03170949558533751877 0.999489767811344576 -1.129080520002484267
0.9988027010619535684 -0.04890145169020571059 0.001346244382046609105 225.2093035402702697 0.04883813124480722995 0.9983451906163811618 0.03035979758919056873 0.4553700458379084104 -0.002828654779342780739 -0.0302576997759597538 0.9995381284955603407 -1.127359027543328507
0.998718120229783235 -0.05061629575820322108 0.0003269990922418761019 227.9122058354073772 0.05056388094457163473 0.997939141234412741 0.03950651004766125851 0.5702242705959363889 -0.002325998390243139147 -0.03943933310847019813 0.9992192595899298535 -1.178842989498483096
0.9986571447132239765 -0.05166684566355669167 0.00380057527342107836 230.6780887648496048 0.05145666773454313919 0.9977522616670386757 0.04292593253461097352 0.6827722535619800137 -0.006009880105921697191 -0.04267272428012253843 0.9990710284777679639 -1.176729950255866353
0.9986535500212083694 -0.05138931397278215935 0.007086990859646158554 233.4069620812236394 0.05104076361816600044 0.9977798783281979222 0.04278030916953483309 0.8194824219682201871 -0.009269707617416711801 -0.04236098219792951147 0.999059367459168679 -1.190566630247496427
0.998637921266620876 -0.05182001401429801174 0.006081805310956984144 236.1760648015749098 0.05150415411823743711 0.9977062688999898121 0.0439263372730541099 0.9493760148056356041 -0.008344118698057480937 -0.04355326790516660107 0.9990162603971636246 -1.219923310688499907
0.9986364137388030748 -0.05208042136546371659 0.003597619393147673088 238.9332640543807145 0.05186379202331360683 0.9976204945275997105 0.04542571931703377058 1.067875846411201701 -0.005954849440974467785 -0.04517719124628282595 0.9989612410695583034 -1.255169114844861378
0.9986376237110559106 -0.05212826646155631349 0.00235379362912158021 241.6562998246334075 0.05197269581176620912 0.9976615679152440741 0.0443873269633848419 1.21967693161220514 -0.004662123850041896903 -0.04420452172131031365 0.9990116239867267156 -1.287574291090914702
0.9985963325550897274 -0.05292228238066198215 0.002143976479847322595 244.3809232785101528 0.05278833810013548039 0.9977466383408377659 0.04141300568883175826 1.337277148043092723 -0.004330816106745805256 -0.04124169864565354476 0.999139813201671334 -1.314649909400173788
0.9985725734878181381 -0.05328564876182704385 0.003668121310331169498 247.1015463535859737 0.05310691697020918089 0.9978560796932408605 0.03824787038719843629 1.476305762496880281 -0.005698319737906435908 -0.0379984717491088364 0.9992615499942428814 -1.342635866252804844
0.9985212327610645255 -0.05417814780210834791 0.004480627864138342527 249.8539211326059331 0.05398667556458911637 0.9979157681386429113 0.03534909562840433256 1.604188727805254233 -0.006386437724411572411 -0.03505492834103615674 0.9993649810815851131 -1.365810337118387618
0.9985194655224134408 -0.05422710453503250261 0.004277628616468021061 252.5935466530506233 0.05404920679903676278 0.9979491240686791942 0.03429619534220725713 1.731260990388016952 -0.006128639100871144732 -0.03401421620885211605 0.9994025579707451756 -1.388188498617324074
0.9985112381279477312 -0.05434420229857521434 0.004692015422436562194 255.352324066003348 0.05415550240092431578 0.9979608709279601531 0.0337828603941520561 1.86217149965076012 -0.006518350396866536174 -0.03347846730719344216 0.9994181824115793145 -1.412067556456271911
0.9984672811273203052 -0.05515167439831482332 0.004623994947993787831 258.1244977403671896 0.05497413406855945067 0.9979640807543884717 0.03233478169804707147 1.995106582586166022 -0.006397898219638837453 -0.03203102144969113829 0.9994663979160383072 -1.444518331347667051
0.9983867048859045301 -0.05666011864048756119 0.00369032013672945889 260.898974615918064 0.05651665977902749216 0.9979065307622339009 0.03143919575155185164 2.117667425954017357 -0.005463943126290147362 -0.03117991048301154908 0.9994988536800750722 -1.478532607976464908
0.9982725062332132859 -0.05868346833351111014 0.002872950262177963784 263.6766014647544125 0.0585649045807968352 0.9977909008527143797 0.0313603272778010464 2.225349303224152919 -0.004706936402938974827 -0.03113789844993443065 0.99950401501435715 -1.499062568379640803
0.9981337568656044601 -0.06103572991322780972 0.001908685231733238744 266.448535747745666 0.06094600923853333435 0.9976477534758487753 0.03137744321146433701 2.335785955644417822 -0.00381934068275377632 -0.03120255852572939234 0.9995057843645516193 -1.523188174362095415
0.9980178455999457743 -0.06291407609678140167 0.001482866457653406276 269.2461606846709969 0.06283594708060358247 0.997523359350376837 0.03160365967451556762 2.474500375053271917 -0.003467508980005672321 -0.03144783902317319774 0.9994993795907259893 -1.54485749178680809
0.9979401903503992699 -0.06413264262508504288 0.001542930112490417021 272.0082970439161159 0.0640528888324337492 0.9974536477253808098 0.03135997563059964716 2.624093494529677439 -0.00355019937873752179 -0.03119655091921292797 0.9995069641053613285 -1.564578443680659792
0.9978433387524762166 -0.06563503019055923204 0.0008450557350261147811 274.7419470367450458 0.0655834866183456211 0.9974307924278194015 0.02882048923584623612 2.793386068679449163 -0.002734518292534226028 -0.02870291150208676909 0.9995842462149007179 -1.579428059049551525
0.9977813057873641256 -0.06657362734964923645 -0.0006465004042012095515 277.4942039413712678 0.06656709288334254626 0.9974237626658003508 0.0267331220521945731 2.960458420447568795 -0.001134886039672160403 -0.0267168450814672595 0.9996423971713933598 -1.595219098707118865
0.997722520586401207 -0.06741509934953185401 -0.002230760948867045734 280.2475847549189893 0.06745048748312139353 0.9973756892244721728 0.02630905323835098716 3.12034500991126329 0.000451279301015752594 -0.02639960082466875912 0.9996513679394884999 -1.600674603474144586
0.9976607449077969925 -0.06815846803846038748 -0.005240353487111706551 282.9947211737402881 0.06828235300649801442 0.9972444813896504945 0.02899938974846045028 3.277169010324839871 0.003249359616247862476 -0.02928937644500637788 0.9995656927333725905 -1.626360013204966037
0.9976181960547458871 -0.06869788510322098751 -0.006207695451560233703 285.7581584657409053 0.06884446981610219118 0.9972423004879307218 0.02771701811666344578 3.455026507189228546 0.004286475966859951137 -0.02807836711570499064 0.9995965343196729913 -1.634942503389171575
0.9974942175017500468 -0.07042193137607288822 -0.006785103671651387947 288.5243078954006251 0.07056460787086629716 0.9972236351218098926 0.02378355882693248755 3.607283744836562445 0.005091381600533503859 -0.0242027505814311171 0.999694105563142088 -1.631003276036564698
0.9974281693721851472 -0.07135644348947986493 -0.006730892614227130567 291.3038778337956956 0.07148603555442549495 0.9972093462450927204 0.02152362613841512715 3.779757982139944517 0.005176259611244848902 -0.0219494358462243716 0.9997456819624026547 -1.619849334985047129
0.9973749339980902961 -0.07220044452398384494 -0.00550788914596619418 294.0718370729657636 0.07229932025391157258 0.997170559216233654 0.02058358868628480665 3.955254958989306679 0.004006160646735526173 -0.0209277720487144013 0.9997729637442440698 -1.613980618422631075
0.9973593552830407605 -0.07249477978868551498 -0.004338586496464002899 296.814314708249583 0.07256943877345148342 0.9971489890880156359 0.02067776866237628144 4.118245468462031766 0.002827186853319645608 -0.0209380148089179409 0.9997767783612289128 -1.594893605149207749
0.9973227515804594656 -0.07296789104001964732 -0.004797505305142957428 299.569045120482258 0.07304765997398944555 0.9971406859487169649 0.01935179056435683623 4.308035038627583191 0.003371728385483587376 -0.01965042754990662527 0.9998012263169117064 -1.588375736375518876
0.9972890936566146669 -0.07335058102574094907 -0.005844308064622561957 302.3278071932502939 0.07344647578139817945 0.9971301763461619672 0.01835828464656883915 4.50139690574356699 0.004480945085636628064 -0.01873776088699411271 0.9998143914987828174 -1.611099703655222148
0.9972146352790929313 -0.07440008140160292438 -0.005253481952053699715 305.0728759683659064 0.07448785475897699848 0.9970377102363852106 0.01916673837645381864 4.68749437450596762 0.003811912720832406117 -0.01950467262018867193 0.999802499030377545 -1.605474963313930914
0.9971029065486015641 -0.0759556882513170023 -0.004065362788177164476 307.8484821027875569 0.07602439137010845449 0.9968873587194748698 0.02087788164813896355 4.89380037813170965 0.002466914902328438269 -0.02112646320560692542 0.9997737678511507964 -1.606942953695995824
0.9970097747134440969 -0.0771541195659282697 -0.004330237851894166989 310.6019740346707749 0.07723125852771070554 0.9967695439721870887 0.02204107337912856665 5.107110508772542801 0.002615689598068967649 -0.02230959532319357758 0.999747688231606757 -1.60184855312816854
0.9968356060878904579 -0.07908031031250212228 -0.008067152921963752915 313.355631351970942 0.07923845212502850233 0.996620585369161649 0.0216489381554637525 5.292940387653626289 0.006327885920079817997 -0.02221966109795327562 0.9997330866388660642 -1.602561064668871493
0.9966361508350005671 -0.08110436264481549196 -0.01176712406547566862 316.1464453033476047 0.08134941385257897506 0.9964405216819990363 0.02210338471699436688 5.482447195815129959 0.009932558312734398459 -0.02298628091022746761 0.9996864384272101667 -1.610118228664196405
0.9965741903134250901 -0.08160819137466689133 -0.0134158973496724971 318.925319536669349 0.08189714501741536534 0.9963840347422699972 0.02262107311139869431 5.704336448069573962 0.01152132106737945375 -0.0236423013107978329 0.9996540905481214878 -1.586239420599124594
0.9965026848953854044 -0.08251996446037052069 -0.01314741273967381593 321.7325763329925508 0.08279644970523630798 0.9963215599877689455 0.02209291786402962574 5.92259956423707834 0.0112759439736292745 -0.02310421106633313293 0.9996694696340915343 -1.553779132523499751
0.9964189177821112242 -0.08377693232904415144 -0.01143529166488610298 324.5372478591344247 0.08401524885514648211 0.9962159694329436599 0.02225264493465859555 6.140733380101929484 0.009527761842849829035 -0.02313369525853868625 0.9996869779575759951 -1.52620017391107976
0.9963186908537178255 -0.08509223755972294967 -0.01041044488067696325 327.2984279036446083 0.08530968738672013718 0.9960977595928263151 0.02261659948206102416 6.35275721497832091 0.008445323766086287529 -0.02342145258585714637 0.9996900079851025467 -1.497098384855590769
0.9962481913163957481 -0.08572944524113479403 -0.01183230820496804746 330.0717109963069333 0.08597786257341799576 0.9960455582068573621 0.02238421595000282885 6.564137548186343984 0.009866531615341475256 -0.02331755122299900701 0.9996794202937491214 -1.504804391455001111
0.9961164373771229652 -0.08721900364950400941 -0.01203696762046065072 332.850796872036085 0.08747777001693159138 0.9959015898048764193 0.02297092024679448993 6.778051568113341752 0.009984134412808947159 -0.0239346783247148566 0.9996636675570036434 -1.487928637734528658
0.9960053512677410348 -0.08852035415186816636 -0.01172549132666223307 335.6262753159043086 0.08877482296734948153 0.9957785062234874029 0.02332803786081792674 6.993195193653607866 0.00961098606489238505 -0.02427577896068075156 0.9996590996448302402 -1.467364996747134276
0.9959026251534324192 -0.08950976872323650191 -0.0128826439683209764 338.4081671617531697 0.08976715222214112777 0.9957409234465709469 0.0210207458406468442 7.231910402632779622 0.01094621370286309216 -0.02209105422751120665 0.9996960366674904064 -1.451813730965082261
0.9957851503866409493 -0.0906759742567056215 -0.01377686328784729144 341.2667916566589383 0.09095229639490592932 0.9956345780242457089 0.02096346400229088386 7.447278025297849879 0.0118158389438904575 -0.02212814350729454607 0.9996853160945061711 -1.428671268907670822
0.9956911809111052003 -0.09159661588476332439 -0.01446140429929928216 344.0933537300929288 0.09189630884165528313 0.9955335750021101493 0.02163260189614177667 7.674707815045075598 0.01241534039516339893 -0.02286834060392167051 0.9996613918327021953 -1.422806869196705737
0.9955194827947556613 -0.09344407662374100421 -0.01446250047532105995 346.8504265621659783 0.09373362990341266299 0.9953792273961794557 0.02083747329488085456 7.901545571193087092 0.01244853409812995103 -0.022099733304300994 0.9996782661370039458 -1.379310865659155505
0.9954355382143665887 -0.09395592532343854941 -0.01674435297319202404 349.6062645696645177 0.09428527808972900215 0.9953422242822926869 0.02010330560680483741 8.1340675283730004 0.01477753685215755022 -0.02159029081310765916 0.9996576832832270165 -1.346084356872230936
0.9953311230155030831 -0.0947578264046404356 -0.01835510533245737416 352.3830445674989278 0.09510536209864528523 0.9952841919056412134 0.01908788733255301073 8.400224357858716573 0.01645981946386837133 -0.02074443727370551757 0.9996493098409132694 -1.298067843106515795
0.9953055237921694109 -0.09486791047438343505 -0.01915708409491620468 355.153796313533519 0.09522227594541911311 0.9952837647266489229 0.01851879681088665353 8.683392950884949002 0.01730989522122471785 -0.02025604190785600806 0.9996449671226567135 -1.270544461329910835
0.9952337510611820592 -0.09577251110912325671 -0.01836863806987511574 357.9587033020171134 0.09614015975633703748 0.9951607789152460137 0.02030009336990416802 8.937828250728269808 0.01633555725144377607 -0.02196930186996608192 0.9996251794270846203 -1.228418328309217156
0.9951338543700563033 -0.09678358879267022485 -0.0184810396624989319 360.7304968944130223 0.09721295153455186688 0.9949754134075600165 0.02394929578079142002 9.175293953851255679 0.01607028128367424258 -0.02562935143280613282 0.9995423364743473149 -1.190341199397860539
0.9950072006272099312 -0.09766790069993669388 -0.02053416355419749456 363.5466105116162225 0.0981957693092335715 0.9948143352278359108 0.02649583580426620455 9.432570952345406212 0.01783988760533573859 -0.02837991539920716594 0.9994380014849159055 -1.157292061858048671
0.9948292350823800811 -0.09917565459422766905 -0.02188567022535399878 366.3484873232924883 0.0997677858545930607 0.9946206026262223165 0.02786118692953402573 9.685909255578962984 0.01900478705691168932 -0.02990060814192290264 0.9993721887773666657 -1.119195651703490668
0.9945707662910066027 -0.1015759713519350516 -0.02261222862149786864 369.0959504887341609 0.1022305941904957244 0.9943092316600027347 0.02996760663038026615 9.918825779078206395 0.01943955891418830406 -0.03211656705823181385 0.9992950663690959301 -1.064963072343857453
0.9941825512935291709 -0.104734978200332618 -0.02513243014244708265 371.8706179408452499 0.1054990798419614684 0.9939269589778491065 0.03129128264460395714 10.1601531286849287 0.02170250805756262016 -0.03376069546707984037 0.9991942837034200053 -1.013566772454302267
0.9937811097748443512 -0.1076308448240742704 -0.02854307441630814235 374.6473039500089044 0.1085229748410583839 0.9935851876654129278 0.0317999808731583844 10.40794419090873824 0.02493731714370793148 -0.03469979962971362492 0.9990866099189458227 -0.9647898491265741727
0.9934805877728443146 -0.1096790110333191876 -0.03109399069397377618 377.4454326429971616 0.1106643521243052264 0.9933436488233018391 0.03196555194762905339 10.68421405529116264 0.02738106804767955968 -0.03519815167252168808 0.9990051887910325057 -0.8969975815967000665
0.9930722702403669278 -0.1125844584638830553 -0.03364826581025927993 380.2075996357016265 0.1137287470820806251 0.9929202514721648942 0.03428040699281297704 10.94388494133655598 0.02955060349271753858 -0.03786969670920213582 0.9988456576991108227 -0.8192747169386165318
0.9927662729075692472 -0.1148660587406335754 -0.03494160738442155661 382.9494145781075645 0.1160873031803310307 0.9926152728124362223 0.03519457656814071328 11.21546938390738646 0.03064091084696486667 -0.03899626557615656214 0.998769455807286044 -0.7539890812299014922
