1.000000e+00 0.000000e+00 0.000000e+00 0.000000e+00 0.000000e+00 1.000000e+00 0.000000e+00 0.000000e+00 0.000000e+00 0.000000e+00 1.000000e+00 0.000000e+00
9.999986e-01 2.650161e-04 1.676030e-03 6.641587e-01 -2.644637e-04 9.999999e-01 -3.297563e-04 1.172813e-02 -1.676117e-03 3.293125e-04 9.999985e-01 8.408447e-03
9.999888e-01 1.204893e-03 4.579511e-03 2.107753e+00 -1.205111e-03 9.999993e-01 4.489179e-05 4.515328e-02 -4.579454e-03 -5.041011e-05 9.999895e-01 3.036115e-02
9.999827e-01 3.302200e-03 4.872372e-03 3.730075e+00 -3.311076e-03 9.999929e-01 1.814861e-03 1.124529e-01 -4.866345e-03 -1.830962e-03 9.999865e-01 6.206505e-02
9.999932e-01 2.154507e-03 3.008612e-03 5.442883e+00 -2.168344e-03 9.999871e-01 4.603458e-03 9.366807e-02 -2.998655e-03 -4.609950e-03 9.999849e-01 4.838204e-02
9.999953e-01 2.325587e-03 1.977941e-03 7.251177e+00 -2.335768e-03 9.999840e-01 5.160648e-03 1.203301e-01 -1.965907e-03 -5.165244e-03 9.999847e-01 1.175586e-02
9.999910e-01 3.320932e-03 2.644464e-03 9.112425e+00 -3.335612e-03 9.999789e-01 5.566242e-03 1.208753e-01 -2.625923e-03 -5.575012e-03 9.999810e-01 2.123073e-02
9.999762e-01 5.928614e-03 3.541463e-03 1.113321e+01 -5.944450e-03 9.999723e-01 4.477915e-03 1.611622e-01 -3.514817e-03 -4.498860e-03 9.999837e-01 4.268368e-02
9.999728e-01 5.992917e-03 4.294911e-03 1.323356e+01 -6.012748e-03 9.999713e-01 4.619326e-03 1.671123e-01 -4.267105e-03 -4.645024e-03 9.999801e-01 3.981271e-02
9.999618e-01 7.347964e-03 4.723682e-03 1.540710e+01 -7.372853e-03 9.999589e-01 5.273530e-03 1.948504e-01 -4.684738e-03 -5.308155e-03 9.999749e-01 2.946901e-02
9.999492e-01 8.513710e-03 5.396311e-03 1.767384e+01 -8.548752e-03 9.999423e-01 6.504122e-03 2.170528e-01 -5.340625e-03 -6.549923e-03 9.999643e-01 2.100965e-02
9.999406e-01 9.309110e-03 5.670391e-03 2.004209e+01 -9.350398e-03 9.999296e-01 7.298962e-03 2.320173e-01 -5.602046e-03 -7.351549e-03 9.999573e-01 6.308745e-03
9.999475e-01 9.069286e-03 4.771658e-03 2.260451e+01 -9.108499e-03 9.999244e-01 8.261331e-03 2.111468e-01 -4.696373e-03 -8.304360e-03 9.999545e-01 -1.119315e-02
9.999507e-01 9.310675e-03 3.448986e-03 2.519565e+01 -9.340058e-03 9.999194e-01 8.603312e-03 1.737367e-01 -3.368605e-03 -8.635102e-03 9.999570e-01 -2.972387e-02
9.999559e-01 9.005639e-03 2.661583e-03 2.782017e+01 -9.026286e-03 9.999284e-01 7.850154e-03 1.175329e-01 -2.590697e-03 -7.873833e-03 9.999656e-01 -3.207598e-02
9.999583e-01 8.884842e-03 2.130110e-03 3.048403e+01 -8.899530e-03 9.999360e-01 6.987753e-03 7.299879e-02 -2.067889e-03 -7.006419e-03 9.999733e-01 -3.886055e-02
9.999605e-01 8.644257e-03 2.077762e-03 3.316860e+01 -8.655851e-03 9.999466e-01 5.637270e-03 5.043305e-02 -2.028921e-03 -5.655032e-03 9.999820e-01 -6.079890e-02
9.999604e-01 8.688698e-03 1.904449e-03 3.586178e+01 -8.698491e-03 9.999487e-01 5.195743e-03 -1.078450e-02 -1.859207e-03 -5.212103e-03 9.999847e-01 -8.620822e-02
9.999567e-01 8.916932e-03 2.661525e-03 3.855385e+01 -8.932343e-03 9.999431e-01 5.835908e-03 -5.080061e-02 -2.609335e-03 -5.859429e-03 9.999794e-01 -8.498340e-02
9.999575e-01 8.747274e-03 2.896313e-03 4.121698e+01 -8.765167e-03 9.999422e-01 6.223834e-03 -9.781848e-02 -2.841704e-03 -6.248957e-03 9.999764e-01 -1.157493e-01
9.999605e-01 8.506079e-03 2.566568e-03 4.389499e+01 -8.520957e-03 9.999466e-01 5.842745e-03 -1.367402e-01 -2.516733e-03 -5.864384e-03 9.999796e-01 -1.465373e-01
9.999608e-01 8.569056e-03 2.223666e-03 4.654442e+01 -8.583628e-03 9.999412e-01 6.628623e-03 -2.023922e-01 -2.166734e-03 -6.647450e-03 9.999756e-01 -1.550548e-01
9.999648e-01 8.222662e-03 1.696494e-03 4.920229e+01 -8.235108e-03 9.999382e-01 7.465042e-03 -2.513526e-01 -1.635007e-03 -7.478749e-03 9.999707e-01 -1.405318e-01
9.999595e-01 8.991723e-03 -4.309065e-04 5.185415e+01 -8.987562e-03 9.999205e-01 8.843294e-03 -2.791087e-01 5.103887e-04 -8.839063e-03 9.999608e-01 -1.467071e-01
9.999598e-01 8.788373e-03 -1.786104e-03 5.451750e+01 -8.770384e-03 9.999131e-01 9.841033e-03 -3.334817e-01 1.872436e-03 -9.824972e-03 9.999500e-01 -1.503348e-01
9.999575e-01 8.969335e-03 -2.115638e-03 5.715378e+01 -8.943973e-03 9.998915e-01 1.170754e-02 -3.721868e-01 2.220417e-03 -1.168812e-02 9.999292e-01 -1.648320e-01
9.999564e-01 8.935911e-03 -2.692323e-03 5.978085e+01 -8.899451e-03 9.998724e-01 1.326267e-02 -3.881884e-01 2.810494e-03 -1.323813e-02 9.999084e-01 -1.624244e-01
9.999551e-01 8.999986e-03 -2.958121e-03 6.241809e+01 -8.955176e-03 9.998500e-01 1.482739e-02 -4.013987e-01 3.091124e-03 -1.480024e-02 9.998857e-01 -1.514066e-01
9.999579e-01 8.469898e-03 -3.537441e-03 6.511068e+01 -8.410322e-03 9.998280e-01 1.652972e-02 -4.574282e-01 3.676838e-03 -1.649927e-02 9.998571e-01 -1.354930e-01
9.999687e-01 7.091128e-03 -3.509927e-03 6.781025e+01 -7.028645e-03 9.998221e-01 1.750501e-02 -5.119491e-01 3.633433e-03 -1.747979e-02 9.998406e-01 -1.530810e-01
9.999711e-01 6.876307e-03 -3.237064e-03 7.047409e+01 -6.807423e-03 9.997599e-01 2.083027e-02 -5.533029e-01 3.379522e-03 -2.080763e-02 9.997778e-01 -1.331081e-01
9.999783e-01 5.455807e-03 -3.685504e-03 7.304923e+01 -5.352467e-03 9.996077e-01 2.749020e-02 -5.883012e-01 3.834040e-03 -2.746988e-02 9.996153e-01 -1.181909e-01
9.999856e-01 5.360113e-03 2.919106e-04 7.569018e+01 -5.366371e-03 9.995549e-01 2.934671e-02 -5.685694e-01 -1.344790e-04 -2.934786e-02 9.995692e-01 -8.841635e-02
9.999925e-01 3.830695e-03 4.941975e-04 7.834091e+01 -3.842526e-03 9.996360e-01 2.670421e-02 -6.175330e-01 -3.917220e-04 -2.670591e-02 9.996433e-01 -1.222807e-01
9.999964e-01 2.679182e-03 -2.731523e-04 8.095452e+01 -2.670734e-03 9.996243e-01 2.727811e-02 -6.587125e-01 3.461327e-04 -2.727728e-02 9.996278e-01 -1.308534e-01
9.999975e-01 1.765791e-03 -1.367524e-03 8.359593e+01 -1.721597e-03 9.994969e-01 3.167034e-02 -7.161450e-01 1.422759e-03 -3.166790e-02 9.994974e-01 -1.432415e-01
9.999984e-01 1.703642e-03 -4.687746e-04 8.623050e+01 -1.685817e-03 9.993608e-01 3.570807e-02 -7.769747e-01 5.293087e-04 -3.570722e-02 9.993622e-01 -1.473829e-01
9.999980e-01 1.783507e-03 9.015140e-04 8.883978e+01 -1.815408e-03 9.993240e-01 3.671889e-02 -8.214973e-01 -8.354161e-04 -3.672046e-02 9.993252e-01 -1.530708e-01
9.999936e-01 2.203288e-03 2.803696e-03 9.144799e+01 -2.304606e-03 9.993250e-01 3.666250e-02 -8.428778e-01 -2.721026e-03 -3.666873e-02 9.993238e-01 -1.573447e-01
9.999847e-01 2.777852e-03 4.782333e-03 9.406719e+01 -2.949554e-03 9.993374e-01 3.627893e-02 -8.488423e-01 -4.678387e-03 -3.629248e-02 9.993303e-01 -1.577387e-01
9.999811e-01 2.877834e-03 5.424854e-03 9.667668e+01 -3.067956e-03 9.993696e-01 3.537008e-02 -8.681009e-01 -5.319645e-03 -3.538606e-02 9.993596e-01 -1.855538e-01
9.999839e-01 2.354750e-03 5.154027e-03 9.931682e+01 -2.525055e-03 9.994425e-01 3.328997e-02 -9.078698e-01 -5.072764e-03 -3.330245e-02 9.994324e-01 -2.090022e-01
9.999889e-01 1.834310e-03 4.331674e-03 1.019308e+02 -1.968786e-03 9.995097e-01 3.124739e-02 -9.525443e-01 -4.272233e-03 -3.125557e-02 9.995023e-01 -2.538207e-01
9.999952e-01 1.446575e-03 2.752010e-03 1.045759e+02 -1.535882e-03 9.994630e-01 3.273119e-02 -9.768117e-01 -2.703185e-03 -3.273525e-02 9.994604e-01 -2.720472e-01
9.999975e-01 1.737999e-03 1.429023e-03 1.071939e+02 -1.788498e-03 9.993455e-01 3.613106e-02 -1.002992e+00 -1.365292e-03 -3.613353e-02 9.993460e-01 -2.919734e-01
9.999986e-01 1.145511e-03 -1.197964e-03 1.098115e+02 -1.096804e-03 9.992032e-01 3.989798e-02 -1.034820e+00 1.242713e-03 -3.989661e-02 9.992030e-01 -2.869828e-01
9.999999e-01 2.946753e-04 -2.295261e-04 1.124220e+02 -2.844905e-04 9.990674e-01 4.317598e-02 -1.086346e+00 2.420349e-04 -4.317591e-02 9.990675e-01 -3.261819e-01
9.999942e-01 -1.473162e-03 3.076076e-03 1.150536e+02 1.341272e-03 9.990978e-01 4.244652e-02 -1.099447e+00 -3.135831e-03 -4.244215e-02 9.990940e-01 -3.438513e-01
9.999914e-01 -3.281911e-03 2.519499e-03 1.176678e+02 3.178442e-03 9.991935e-01 4.002780e-02 -1.098027e+00 -2.648835e-03 -4.001945e-02 9.991954e-01 -3.672396e-01
9.999916e-01 -4.006256e-03 9.053855e-04 1.203244e+02 3.966308e-03 9.991718e-01 4.049599e-02 -1.097281e+00 -1.066873e-03 -4.049205e-02 9.991793e-01 -3.720802e-01
9.999865e-01 -4.831930e-03 -1.933918e-03 1.229903e+02 4.910048e-03 9.990774e-01 4.266425e-02 -1.118297e+00 1.725983e-03 -4.267316e-02 9.990876e-01 -4.150002e-01
9.999828e-01 -4.944762e-03 -3.146982e-03 1.255495e+02 5.079764e-03 9.989990e-01 4.444397e-02 -1.136402e+00 2.924067e-03 -4.445919e-02 9.990069e-01 -4.219974e-01
9.999784e-01 -5.754478e-03 -3.188928e-03 1.282342e+02 5.892984e-03 9.989572e-01 4.527530e-02 -1.111105e+00 2.925067e-03 -4.529312e-02 9.989695e-01 -4.282744e-01
9.999794e-01 -6.160416e-03 -1.806060e-03 1.308922e+02 6.237060e-03 9.989196e-01 4.605095e-02 -1.087488e+00 1.520416e-03 -4.606127e-02 9.989375e-01 -4.402282e-01
9.999745e-01 -7.134145e-03 2.645340e-04 1.335318e+02 7.114940e-03 9.989559e-01 4.512697e-02 -1.078532e+00 -5.862001e-04 -4.512393e-02 9.989812e-01 -4.509621e-01
9.999636e-01 -7.944615e-03 3.101778e-03 1.361924e+02 7.802328e-03 9.990245e-01 4.346546e-02 -1.090792e+00 -3.444069e-03 -4.343968e-02 9.990501e-01 -4.520748e-01
9.999491e-01 -9.297880e-03 3.925741e-03 1.388623e+02 9.120379e-03 9.990317e-01 4.303967e-02 -1.092416e+00 -4.322118e-03 -4.300168e-02 9.990657e-01 -4.808550e-01
9.999376e-01 -1.042559e-02 4.018486e-03 1.415034e+02 1.024129e-02 9.990037e-01 4.343752e-02 -1.099660e+00 -4.467344e-03 -4.339365e-02 9.990481e-01 -5.248282e-01
9.999368e-01 -1.075085e-02 3.279391e-03 1.441924e+02 1.059196e-02 9.989249e-01 4.513229e-02 -1.080928e+00 -3.761076e-03 -4.509470e-02 9.989756e-01 -5.478706e-01
9.999225e-01 -1.222819e-02 2.325000e-03 1.468540e+02 1.210568e-02 9.988254e-01 4.691835e-02 -1.085102e+00 -2.895995e-03 -4.688657e-02 9.988960e-01 -5.696708e-01
9.999182e-01 -1.259461e-02 2.222155e-03 1.495498e+02 1.247656e-02 9.988214e-01 4.690603e-02 -1.069662e+00 -2.810299e-03 -4.687447e-02 9.988968e-01 -5.812714e-01
9.999044e-01 -1.371797e-02 1.754262e-03 1.522340e+02 1.362673e-02 9.989236e-01 4.433814e-02 -1.051746e+00 -2.360604e-03 -4.430999e-02 9.990150e-01 -6.000518e-01
9.998910e-01 -1.473888e-02 9.209966e-04 1.549087e+02 1.468803e-02 9.990323e-01 4.145806e-02 -1.014521e+00 -1.531151e-03 -4.144002e-02 9.991398e-01 -6.358271e-01
9.998692e-01 -1.615338e-02 7.883275e-04 1.575652e+02 1.610708e-02 9.990180e-01 4.127345e-02 -1.000704e+00 -1.454259e-03 -4.125535e-02 9.991476e-01 -6.275953e-01
9.998566e-01 -1.692590e-02 -5.408374e-04 1.602046e+02 1.693365e-02 9.989667e-01 4.217601e-02 -9.836878e-01 -1.735884e-04 -4.217912e-02 9.991100e-01 -6.454533e-01
9.998485e-01 -1.732890e-02 1.646256e-03 1.629036e+02 1.724048e-02 9.988966e-01 4.368424e-02 -9.395549e-01 -2.401439e-03 -4.364924e-02 9.990440e-01 -6.429469e-01
9.998163e-01 -1.849184e-02 5.050638e-03 1.655881e+02 1.825280e-02 9.988710e-01 4.385835e-02 -9.125585e-01 -5.855957e-03 -4.375810e-02 9.990250e-01 -6.677390e-01
9.997659e-01 -2.048532e-02 6.965182e-03 1.682299e+02 2.015889e-02 9.988243e-01 4.408620e-02 -9.258262e-01 -7.860113e-03 -4.393546e-02 9.990035e-01 -6.902516e-01
9.997568e-01 -2.103158e-02 6.629635e-03 1.709424e+02 2.070553e-02 9.987307e-01 4.591489e-02 -8.789193e-01 -7.586884e-03 -4.576646e-02 9.989234e-01 -7.291685e-01
9.997202e-01 -2.261172e-02 6.939330e-03 1.736390e+02 2.226708e-02 9.986810e-01 4.626497e-02 -8.519950e-01 -7.976308e-03 -4.609751e-02 9.989051e-01 -7.535434e-01
9.996735e-01 -2.453137e-02 7.144215e-03 1.763404e+02 2.417842e-02 9.986540e-01 4.588623e-02 -8.349315e-01 -8.260251e-03 -4.569851e-02 9.989211e-01 -7.982129e-01
9.996199e-01 -2.683429e-02 6.317055e-03 1.790335e+02 2.653539e-02 9.987048e-01 4.341151e-02 -7.928943e-01 -7.473791e-03 -4.322738e-02 9.990373e-01 -8.306881e-01
9.996065e-01 -2.773622e-02 4.185487e-03 1.817239e+02 2.753728e-02 9.987460e-01 4.181017e-02 -7.335310e-01 -5.339895e-03 -4.167846e-02 9.991168e-01 -8.600869e-01
9.995845e-01 -2.875190e-02 2.020855e-03 1.843744e+02 2.863856e-02 9.986653e-01 4.298286e-02 -6.734935e-01 -3.253997e-03 -4.290713e-02 9.990738e-01 -8.985816e-01
9.995449e-01 -3.014037e-02 1.268610e-03 1.870844e+02 3.005222e-02 9.985248e-01 4.522165e-02 -6.004951e-01 -2.629735e-03 -4.516295e-02 9.989762e-01 -9.152332e-01
9.995197e-01 -3.097920e-02 8.019386e-04 1.897984e+02 3.090779e-02 9.984269e-01 4.678024e-02 -5.388554e-01 -2.249891e-03 -4.673299e-02 9.989049e-01 -9.326922e-01
9.994668e-01 -3.259576e-02 1.903824e-03 1.925081e+02 3.247244e-02 9.983953e-01 4.639367e-02 -4.758602e-01 -3.413006e-03 -4.630712e-02 9.989214e-01 -9.397125e-01
9.994067e-01 -3.424335e-02 3.687759e-03 1.952153e+02 3.404815e-02 9.984503e-01 4.401960e-02 -4.236947e-01 -5.189422e-03 -4.386792e-02 9.990239e-01 -9.548418e-01
9.993444e-01 -3.597495e-02 4.063472e-03 1.979072e+02 3.576695e-02 9.984315e-01 4.307178e-02 -3.652406e-01 -5.606604e-03 -4.289820e-02 9.990637e-01 -9.856085e-01
9.992994e-01 -3.734624e-02 2.453037e-03 2.006190e+02 3.720705e-02 9.983889e-01 4.283999e-02 -3.035726e-01 -4.048997e-03 -4.271871e-02 9.990789e-01 -1.000206e+00
9.992587e-01 -3.849822e-02 -3.103999e-05 2.033232e+02 3.846631e-02 9.983968e-01 4.152332e-02 -2.319957e-01 -1.567584e-03 -4.149373e-02 9.991375e-01 -1.021895e+00
9.992277e-01 -3.927110e-02 -1.353501e-03 2.060196e+02 3.929388e-02 9.984400e-01 3.966809e-02 -1.355376e-01 -2.064197e-04 -3.969064e-02 9.992120e-01 -1.044852e+00
9.991591e-01 -4.087550e-02 -3.217655e-03 2.087465e+02 4.096946e-02 9.984119e-01 3.866748e-02 -5.935553e-02 1.631993e-03 -3.876678e-02 9.992470e-01 -1.047606e+00
9.990691e-01 -4.292340e-02 -4.299075e-03 2.114699e+02 4.304800e-02 9.984575e-01 3.506432e-02 4.216106e-02 2.787363e-03 -3.521675e-02 9.993758e-01 -1.061002e+00
9.989049e-01 -4.677836e-02 -9.409207e-04 2.142054e+02 4.678597e-02 9.984841e-01 2.899371e-02 1.355309e-01 -4.167841e-04 -2.900598e-02 9.995792e-01 -1.055304e+00
9.987499e-01 -4.984751e-02 3.720899e-03 2.169620e+02 4.970991e-02 9.982897e-01 3.076749e-02 2.271618e-01 -5.248218e-03 -3.054406e-02 9.995196e-01 -1.082966e+00
9.987322e-01 -5.018924e-02 3.867754e-03 2.197127e+02 5.001716e-02 9.980939e-01 3.615149e-02 3.320134e-01 -5.674797e-03 -3.591220e-02 9.993388e-01 -1.101410e+00
9.987957e-01 -4.900958e-02 2.278088e-03 2.224590e+02 4.891234e-02 9.982948e-01 3.185929e-02 4.458730e-01 -3.835613e-03 -3.170950e-02 9.994898e-01 -1.142836e+00
9.988027e-01 -4.890145e-02 1.346244e-03 2.251977e+02 4.883813e-02 9.983452e-01 3.035980e-02 5.659160e-01 -2.828655e-03 -3.025770e-02 9.995381e-01 -1.139270e+00
9.987181e-01 -5.061630e-02 3.269991e-04 2.278987e+02 5.056388e-02 9.979391e-01 3.950651e-02 6.956543e-01 -2.325998e-03 -3.943933e-02 9.992193e-01 -1.192681e+00
9.986571e-01 -5.166685e-02 3.800575e-03 2.306690e+02 5.145667e-02 9.977523e-01 4.292593e-02 8.141098e-01 -6.009880e-03 -4.267272e-02 9.990710e-01 -1.196778e+00
9.986536e-01 -5.138931e-02 7.086991e-03 2.334024e+02 5.104076e-02 9.977799e-01 4.278031e-02 9.500365e-01 -9.269708e-03 -4.236098e-02 9.990594e-01 -1.215185e+00
9.986379e-01 -5.182001e-02 6.081805e-03 2.361700e+02 5.150415e-02 9.977063e-01 4.392634e-02 1.082140e+00 -8.344119e-03 -4.355327e-02 9.990163e-01 -1.243572e+00
9.986364e-01 -5.208042e-02 3.597619e-03 2.389238e+02 5.186379e-02 9.976205e-01 4.542572e-02 1.203185e+00 -5.954849e-03 -4.517719e-02 9.989612e-01 -1.275891e+00
9.986376e-01 -5.212827e-02 2.353794e-03 2.416451e+02 5.197270e-02 9.976616e-01 4.438733e-02 1.353728e+00 -4.662124e-03 -4.420452e-02 9.990116e-01 -1.306158e+00
9.985963e-01 -5.292228e-02 2.143976e-03 2.443692e+02 5.278834e-02 9.977466e-01 4.141301e-02 1.468432e+00 -4.330816e-03 -4.124170e-02 9.991398e-01 -1.331876e+00
9.985726e-01 -5.328565e-02 3.668121e-03 2.470918e+02 5.310692e-02 9.978561e-01 3.824787e-02 1.603603e+00 -5.698320e-03 -3.799847e-02 9.992615e-01 -1.360859e+00
9.985212e-01 -5.417815e-02 4.480628e-03 2.498450e+02 5.398668e-02 9.979158e-01 3.534910e-02 1.728778e+00 -6.386438e-03 -3.505493e-02 9.993650e-01 -1.384162e+00
9.985195e-01 -5.422710e-02 4.277629e-03 2.525843e+02 5.404921e-02 9.979491e-01 3.429620e-02 1.854504e+00 -6.128639e-03 -3.401422e-02 9.994026e-01 -1.405873e+00
9.985112e-01 -5.434420e-02 4.692015e-03 2.553436e+02 5.415550e-02 9.979609e-01 3.378286e-02 1.984865e+00 -6.518350e-03 -3.347847e-02 9.994182e-01 -1.430156e+00
9.984673e-01 -5.515167e-02 4.623995e-03 2.581154e+02 5.497413e-02 9.979641e-01 3.233478e-02 2.116980e+00 -6.397898e-03 -3.203102e-02 9.994664e-01 -1.462022e+00
9.983867e-01 -5.666012e-02 3.690320e-03 2.608881e+02 5.651666e-02 9.979065e-01 3.143920e-02 2.240490e+00 -5.463943e-03 -3.117991e-02 9.994989e-01 -1.494461e+00
9.982725e-01 -5.868347e-02 2.872950e-03 2.636640e+02 5.856490e-02 9.977909e-01 3.136033e-02 2.350945e+00 -4.706936e-03 -3.113790e-02 9.995040e-01 -1.513899e+00
9.981338e-01 -6.103573e-02 1.908685e-03 2.664339e+02 6.094601e-02 9.976478e-01 3.137744e-02 2.464752e+00 -3.819341e-03 -3.120256e-02 9.995058e-01 -1.536777e+00
9.980178e-01 -6.291408e-02 1.482866e-03 2.692303e+02 6.283595e-02 9.975234e-01 3.160366e-02 2.606430e+00 -3.467509e-03 -3.144784e-02 9.994994e-01 -1.558015e+00
9.979402e-01 -6.413264e-02 1.542930e-03 2.719921e+02 6.405289e-02 9.974536e-01 3.135998e-02 2.757401e+00 -3.550199e-03 -3.119655e-02 9.995070e-01 -1.577782e+00
9.978433e-01 -6.563503e-02 8.450557e-04 2.747243e+02 6.558349e-02 9.974308e-01 2.882049e-02 2.925382e+00 -2.734518e-03 -2.870291e-02 9.995842e-01 -1.590769e+00
9.977813e-01 -6.657363e-02 -6.465004e-04 2.774742e+02 6.656709e-02 9.974238e-01 2.673312e-02 3.090990e+00 -1.134886e-03 -2.671685e-02 9.996424e-01 -1.603733e+00
9.977225e-01 -6.741510e-02 -2.230761e-03 2.802251e+02 6.745049e-02 9.973757e-01 2.630905e-02 3.251538e+00 4.512793e-04 -2.639960e-02 9.996514e-01 -1.606847e+00
9.976607e-01 -6.815847e-02 -5.240353e-03 2.829679e+02 6.828235e-02 9.972445e-01 2.899939e-02 3.413198e+00 3.249360e-03 -2.928938e-02 9.995657e-01 -1.629370e+00
9.976182e-01 -6.869789e-02 -6.207695e-03 2.857298e+02 6.884447e-02 9.972423e-01 2.771702e-02 3.590096e+00 4.286476e-03 -2.807837e-02 9.995965e-01 -1.636147e+00
9.974942e-01 -7.042193e-02 -6.785104e-03 2.884946e+02 7.056461e-02 9.972236e-01 2.378356e-02 3.739403e+00 5.091382e-03 -2.420275e-02 9.996941e-01 -1.630001e+00
9.974282e-01 -7.135644e-02 -6.730893e-03 2.912739e+02 7.148604e-02 9.972093e-01 2.152363e-02 3.910086e+00 5.176260e-03 -2.194944e-02 9.997457e-01 -1.618115e+00
9.973749e-01 -7.220044e-02 -5.507889e-03 2.940432e+02 7.229932e-02 9.971706e-01 2.058359e-02 4.085440e+00 4.006161e-03 -2.092777e-02 9.997730e-01 -1.613626e+00
9.973594e-01 -7.249478e-02 -4.338586e-03 2.967872e+02 7.256944e-02 9.971490e-01 2.067777e-02 4.248938e+00 2.827187e-03 -2.093801e-02 9.997768e-01 -1.596210e+00
9.973228e-01 -7.296789e-02 -4.797505e-03 2.995412e+02 7.304766e-02 9.971407e-01 1.935179e-02 4.437588e+00 3.371728e-03 -1.965043e-02 9.998012e-01 -1.588576e+00
9.972891e-01 -7.335058e-02 -5.844308e-03 3.022983e+02 7.344648e-02 9.971302e-01 1.835828e-02 4.630153e+00 4.480945e-03 -1.873776e-02 9.998144e-01 -1.609488e+00
9.972146e-01 -7.440008e-02 -5.253482e-03 3.050439e+02 7.448785e-02 9.970377e-01 1.916674e-02 4.818815e+00 3.811913e-03 -1.950467e-02 9.998025e-01 -1.605014e+00
9.971029e-01 -7.595569e-02 -4.065363e-03 3.078206e+02 7.602439e-02 9.968874e-01 2.087788e-02 5.029611e+00 2.466915e-03 -2.112646e-02 9.997738e-01 -1.608820e+00
9.970098e-01 -7.715412e-02 -4.330238e-03 3.105733e+02 7.723126e-02 9.967695e-01 2.204107e-02 5.246200e+00 2.615690e-03 -2.230960e-02 9.997477e-01 -1.603834e+00
9.968356e-01 -7.908031e-02 -8.067153e-03 3.133211e+02 7.923845e-02 9.966206e-01 2.164894e-02 5.434307e+00 6.327886e-03 -2.221966e-02 9.997331e-01 -1.599274e+00
9.966362e-01 -8.110436e-02 -1.176712e-02 3.161061e+02 8.134941e-02 9.964405e-01 2.210338e-02 5.627391e+00 9.932558e-03 -2.298628e-02 9.996864e-01 -1.601960e+00
9.965742e-01 -8.160819e-02 -1.341590e-02 3.188825e+02 8.189715e-02 9.963840e-01 2.262107e-02 5.850753e+00 1.152132e-02 -2.364230e-02 9.996541e-01 -1.576027e+00
9.965027e-01 -8.251996e-02 -1.314741e-02 3.216898e+02 8.279645e-02 9.963216e-01 2.209292e-02 6.069555e+00 1.127594e-02 -2.310421e-02 9.996695e-01 -1.543765e+00
9.964189e-01 -8.377693e-02 -1.143529e-02 3.244964e+02 8.401525e-02 9.962160e-01 2.225264e-02 6.289613e+00 9.527762e-03 -2.313370e-02 9.996870e-01 -1.518652e+00
9.963187e-01 -8.509224e-02 -1.041044e-02 3.272585e+02 8.530969e-02 9.960978e-01 2.261660e-02 6.503945e+00 8.445324e-03 -2.342145e-02 9.996900e-01 -1.491152e+00
9.962482e-01 -8.572945e-02 -1.183231e-02 3.300296e+02 8.597786e-02 9.960456e-01 2.238422e-02 6.715943e+00 9.866532e-03 -2.331755e-02 9.996794e-01 -1.496829e+00
9.961164e-01 -8.721900e-02 -1.203697e-02 3.328079e+02 8.747777e-02 9.959016e-01 2.297092e-02 6.932757e+00 9.984134e-03 -2.393468e-02 9.996637e-01 -1.479956e+00
9.960054e-01 -8.852035e-02 -1.172549e-02 3.355833e+02 8.877482e-02 9.957785e-01 2.332804e-02 7.150202e+00 9.610986e-03 -2.427578e-02 9.996591e-01 -1.460011e+00
9.959026e-01 -8.950977e-02 -1.288264e-02 3.383632e+02 8.976715e-02 9.957409e-01 2.102075e-02 7.387156e+00 1.094621e-02 -2.209105e-02 9.996960e-01 -1.441988e+00
9.957852e-01 -9.067597e-02 -1.377686e-02 3.412202e+02 9.095230e-02 9.956346e-01 2.096346e-02 7.604103e+00 1.181584e-02 -2.212814e-02 9.996853e-01 -1.417635e+00
9.956912e-01 -9.159662e-02 -1.446140e-02 3.440454e+02 9.189631e-02 9.955336e-01 2.163260e-02 7.833765e+00 1.241534e-02 -2.286834e-02 9.996614e-01 -1.411129e+00
9.955195e-01 -9.344408e-02 -1.446250e-02 3.468018e+02 9.373363e-02 9.953792e-01 2.083747e-02 8.062086e+00 1.244853e-02 -2.209973e-02 9.996783e-01 -1.367379e+00
9.954355e-01 -9.395593e-02 -1.674435e-02 3.495543e+02 9.428528e-02 9.953422e-01 2.010331e-02 8.294376e+00 1.477754e-02 -2.159029e-02 9.996577e-01 -1.330751e+00
9.953311e-01 -9.475783e-02 -1.835511e-02 3.523285e+02 9.510536e-02 9.952842e-01 1.908789e-02 8.560293e+00 1.645982e-02 -2.074444e-02 9.996493e-01 -1.280154e+00
9.953055e-01 -9.486791e-02 -1.915708e-02 3.550981e+02 9.522228e-02 9.952838e-01 1.851880e-02 8.842847e+00 1.730990e-02 -2.025604e-02 9.996450e-01 -1.251312e+00
9.952338e-01 -9.577251e-02 -1.836864e-02 3.579038e+02 9.614016e-02 9.951608e-01 2.030009e-02 9.100997e+00 1.633556e-02 -2.196930e-02 9.996252e-01 -1.211008e+00
9.951339e-01 -9.678359e-02 -1.848104e-02 3.606750e+02 9.721295e-02 9.949754e-01 2.394930e-02 9.344941e+00 1.607028e-02 -2.562935e-02 9.995423e-01 -1.174299e+00
9.950072e-01 -9.766790e-02 -2.053416e-02 3.634879e+02 9.819577e-02 9.948143e-01 2.649584e-02 9.607064e+00 1.783989e-02 -2.837992e-02 9.994380e-01 -1.139541e+00
9.948292e-01 -9.917565e-02 -2.188567e-02 3.662874e+02 9.976779e-02 9.946206e-01 2.786119e-02 9.864458e+00 1.900479e-02 -2.990061e-02 9.993722e-01 -1.100245e+00
9.945708e-01 -1.015760e-01 -2.261223e-02 3.690329e+02 1.022306e-01 9.943092e-01 2.996761e-02 1.010368e+01 1.943956e-02 -3.211657e-02 9.992951e-01 -1.046033e+00
9.941826e-01 -1.047350e-01 -2.513243e-02 3.718028e+02 1.054991e-01 9.939270e-01 3.129128e-02 1.035137e+01 2.170251e-02 -3.376070e-02 9.991943e-01 -9.919556e-01
9.937811e-01 -1.076308e-01 -2.854307e-02 3.745735e+02 1.085230e-01 9.935852e-01 3.179998e-02 1.060407e+01 2.493732e-02 -3.469980e-02 9.990866e-01 -9.389582e-01
9.934806e-01 -1.096790e-01 -3.109399e-02 3.773673e+02 1.106644e-01 9.933436e-01 3.196555e-02 1.088355e+01 2.738107e-02 -3.519815e-02 9.990052e-01 -8.679269e-01
9.930723e-01 -1.125845e-01 -3.364827e-02 3.801246e+02 1.137287e-01 9.929203e-01 3.428041e-02 1.115064e+01 2.955060e-02 -3.786970e-02 9.988457e-01 -7.879830e-01
9.927663e-01 -1.148661e-01 -3.494161e-02 3.828637e+02 1.160873e-01 9.926153e-01 3.519458e-02 1.142676e+01 3.064091e-02 -3.899627e-02 9.987695e-01 -7.215239e-01
9.925228e-01 -1.167401e-01 -3.564022e-02 3.855751e+02 1.180265e-01 9.923425e-01 3.641459e-02 1.172577e+01 3.111627e-02 -4.034880e-02 9.987010e-01 -6.439695e-01
9.923435e-01 -1.178582e-01 -3.693077e-02 3.882944e+02 1.192284e-01 9.921623e-01 3.739703e-02 1.204747e+01 3.223378e-02 -4.151390e-02 9.986178e-01 -5.523141e-01
9.920703e-01 -1.192798e-01 -3.960813e-02 3.910127e+02 1.207408e-01 9.920018e-01 3.679926e-02 1.238260e+01 3.490193e-02 -4.128977e-02 9.985374e-01 -4.759193e-01
9.918671e-01 -1.204232e-01 -4.120540e-02 3.937244e+02 1.219005e-01 9.919095e-01 3.543777e-02 1.271723e+01 3.660450e-02 -4.017252e-02 9.985220e-01 -4.045570e-01
9.917013e-01 -1.214074e-01 -4.229298e-02 3.964429e+02 1.228801e-01 9.918337e-01 3.415202e-02 1.305752e+01 3.780129e-02 -3.906557e-02 9.985214e-01 -3.265949e-01
9.915727e-01 -1.221985e-01 -4.302459e-02 3.991696e+02 1.236215e-01 9.918094e-01 3.212262e-02 1.337333e+01 3.874685e-02 -3.717068e-02 9.985575e-01 -2.157216e-01
9.913532e-01 -1.233009e-01 -4.489722e-02 4.019278e+02 1.247897e-01 9.916666e-01 3.201410e-02 1.367449e+01 4.057571e-02 -3.733999e-02 9.984785e-01 -1.116613e-01
9.911168e-01 -1.250435e-01 -4.529548e-02 4.046728e+02 1.266100e-01 9.913856e-01 3.353413e-02 1.399796e+01 4.071206e-02 -3.897110e-02 9.984106e-01 2.374823e-03
9.907387e-01 -1.285439e-01 -4.374171e-02 4.074225e+02 1.298577e-01 9.911189e-01 2.864079e-02 1.431576e+01 3.967163e-02 -3.405574e-02 9.986322e-01 8.368737e-02
9.905002e-01 -1.317079e-01 -3.952796e-02 4.101641e+02 1.327872e-01 9.908025e-01 2.603777e-02 1.464357e+01 3.573502e-02 -3.103922e-02 9.988792e-01 1.884417e-01
9.905736e-01 -1.325313e-01 -3.463191e-02 4.129160e+02 1.335987e-01 9.905639e-01 3.057030e-02 1.497948e+01 3.025360e-02 -3.490891e-02 9.989325e-01 2.776452e-01
9.905642e-01 -1.324501e-01 -3.520567e-02 4.156504e+02 1.336721e-01 9.904085e-01 3.496891e-02 1.532389e+01 3.023636e-02 -3.934497e-02 9.987681e-01 3.494951e-01
9.904475e-01 -1.325258e-01 -3.808705e-02 4.184117e+02 1.338246e-01 9.904269e-01 3.384519e-02 1.565973e+01 3.323707e-02 -3.861886e-02 9.987011e-01 4.108254e-01
9.903130e-01 -1.332227e-01 -3.913956e-02 4.211186e+02 1.344025e-01 9.904957e-01 2.922823e-02 1.599651e+01 3.487370e-02 -3.420555e-02 9.988062e-01 4.657102e-01
9.902862e-01 -1.338327e-01 -3.770910e-02 4.238162e+02 1.348612e-01 9.905185e-01 2.618454e-02 1.634524e+01 3.384721e-02 -3.101568e-02 9.989456e-01 5.558934e-01
9.903665e-01 -1.336023e-01 -3.639433e-02 4.265130e+02 1.345354e-01 9.906055e-01 2.451481e-02 1.671197e+01 3.277719e-02 -2.917497e-02 9.990368e-01 6.385757e-01
9.905364e-01 -1.325417e-01 -3.564126e-02 4.292328e+02 1.335189e-01 9.906895e-01 2.658870e-02 1.708138e+01 3.178532e-02 -3.109586e-02 9.990109e-01 7.260366e-01
9.906116e-01 -1.318250e-01 -3.620667e-02 4.319524e+02 1.328524e-01 9.907515e-01 2.760075e-02 1.743988e+01 3.223334e-02 -3.215176e-02 9.989631e-01 7.895312e-01
9.906246e-01 -1.311429e-01 -3.826846e-02 4.347035e+02 1.322746e-01 9.907975e-01 2.870185e-02 1.782084e+01 3.415224e-02 -3.349471e-02 9.988552e-01 8.593583e-01
9.905043e-01 -1.311654e-01 -4.119324e-02 4.374022e+02 1.324416e-01 9.907385e-01 2.994106e-02 1.820509e+01 3.688450e-02 -3.511245e-02 9.987025e-01 9.323178e-01
9.904090e-01 -1.310226e-01 -4.385206e-02 4.401313e+02 1.324710e-01 9.906727e-01 3.192389e-02 1.858751e+01 3.926029e-02 -3.742683e-02 9.985278e-01 1.007566e+00
9.902983e-01 -1.316160e-01 -4.457024e-02 4.428449e+02 1.331900e-01 9.904934e-01 3.439816e-02 1.891861e+01 3.961919e-02 -4.000075e-02 9.984139e-01 1.116414e+00
9.901059e-01 -1.329169e-01 -4.498270e-02 4.455168e+02 1.345784e-01 9.902427e-01 3.616576e-02 1.924745e+01 3.973675e-02 -4.186163e-02 9.983329e-01 1.209821e+00
9.899461e-01 -1.341560e-01 -4.481964e-02 4.482162e+02 1.358812e-01 9.899981e-01 3.794854e-02 1.957733e+01 3.928033e-02 -4.365716e-02 9.982741e-01 1.308904e+00
9.897781e-01 -1.351811e-01 -4.544627e-02 4.509194e+02 1.369551e-01 9.898295e-01 3.848228e-02 1.992929e+01 3.978198e-02 -4.431301e-02 9.982253e-01 1.422295e+00
9.896140e-01 -1.360283e-01 -4.648096e-02 4.536237e+02 1.378971e-01 9.896514e-01 3.967899e-02 2.028256e+01 4.060248e-02 -4.567647e-02 9.981308e-01 1.524241e+00
9.893804e-01 -1.372573e-01 -4.782100e-02 4.563311e+02 1.392597e-01 9.893901e-01 4.140119e-02 2.063177e+01 4.163100e-02 -4.762106e-02 9.979975e-01 1.603249e+00
9.892756e-01 -1.381720e-01 -4.735205e-02 4.590586e+02 1.402378e-01 9.891624e-01 4.348744e-02 2.097333e+01 4.083012e-02 -4.966161e-02 9.979312e-01 1.704833e+00
9.891337e-01 -1.393922e-01 -4.673720e-02 4.616948e+02 1.414758e-01 9.889321e-01 4.469870e-02 2.130735e+01 3.998926e-02 -5.082518e-02 9.979066e-01 1.810248e+00
9.888878e-01 -1.406036e-01 -4.828687e-02 4.643630e+02 1.428365e-01 9.886582e-01 4.639702e-02 2.165861e+01 4.121563e-02 -5.277857e-02 9.977553e-01 1.911333e+00
9.888480e-01 -1.402378e-01 -5.012985e-02 4.670344e+02 1.426621e-01 9.885789e-01 4.857339e-02 2.202018e+01 4.274548e-02 -5.518333e-02 9.975608e-01 2.028208e+00
9.887628e-01 -1.407130e-01 -5.047709e-02 4.696991e+02 1.432698e-01 9.883577e-01 5.121378e-02 2.239430e+01 4.268297e-02 -5.787012e-02 9.974113e-01 2.123276e+00
9.888875e-01 -1.405224e-01 -4.852899e-02 4.723161e+02 1.430615e-01 9.882643e-01 5.354472e-02 2.278290e+01 4.043524e-02 -5.989233e-02 9.973855e-01 2.223398e+00
9.890042e-01 -1.405669e-01 -4.595213e-02 4.749244e+02 1.429449e-01 9.882911e-01 5.336087e-02 2.318784e+01 3.791331e-02 -5.934275e-02 9.975174e-01 2.334765e+00
9.890152e-01 -1.415535e-01 -4.256181e-02 4.775270e+02 1.436398e-01 9.883269e-01 5.077017e-02 2.357919e+01 3.487829e-02 -5.632604e-02 9.978030e-01 2.446481e+00
9.887434e-01 -1.432575e-01 -4.317150e-02 4.801569e+02 1.451992e-01 9.883417e-01 4.580288e-02 2.396838e+01 3.610658e-02 -5.155576e-02 9.980172e-01 2.525639e+00
9.884870e-01 -1.443584e-01 -4.532243e-02 4.828124e+02 1.463294e-01 9.882712e-01 4.367690e-02 2.433344e+01 3.848573e-02 -4.980606e-02 9.980171e-01 2.597354e+00
9.882125e-01 -1.461260e-01 -4.564321e-02 4.854521e+02 1.480661e-01 9.880648e-01 4.247721e-02 2.469111e+01 3.889143e-02 -4.873472e-02 9.980543e-01 2.669834e+00
9.881034e-01 -1.474361e-01 -4.375309e-02 4.880913e+02 1.492530e-01 9.879217e-01 4.164339e-02 2.508385e+01 3.708489e-02 -4.767825e-02 9.981741e-01 2.770508e+00
9.877796e-01 -1.502459e-01 -4.144431e-02 4.907177e+02 1.519003e-01 9.875798e-01 4.015565e-02 2.544308e+01 3.489634e-02 -4.596033e-02 9.983336e-01 2.862164e+00
9.875290e-01 -1.519790e-01 -4.109463e-02 4.933253e+02 1.535159e-01 9.874439e-01 3.724725e-02 2.583729e+01 3.491784e-02 -4.309142e-02 9.984608e-01 2.937392e+00
9.870752e-01 -1.546948e-01 -4.185687e-02 4.959502e+02 1.561850e-01 9.871066e-01 3.502575e-02 2.622130e+01 3.589890e-02 -4.111046e-02 9.985095e-01 3.022007e+00
9.868341e-01 -1.565777e-01 -4.052037e-02 4.985783e+02 1.580378e-01 9.867858e-01 3.574603e-02 2.661124e+01 3.438790e-02 -4.167915e-02 9.985391e-01 3.122147e+00
9.866255e-01 -1.581090e-01 -3.964557e-02 5.011948e+02 1.595795e-01 9.864857e-01 3.715273e-02 2.701619e+01 3.323561e-02 -4.298244e-02 9.985229e-01 3.210508e+00
9.863123e-01 -1.600440e-01 -3.967234e-02 5.037969e+02 1.614664e-01 9.862328e-01 3.568422e-02 2.742228e+01 3.341512e-02 -4.160154e-02 9.985754e-01 3.282407e+00
9.860917e-01 -1.607382e-01 -4.226639e-02 5.063716e+02 1.622923e-01 9.860739e-01 3.632448e-02 2.784146e+01 3.583905e-02 -4.267877e-02 9.984458e-01 3.368560e+00
9.859384e-01 -1.622243e-01 -4.010921e-02 5.089569e+02 1.636651e-01 9.858700e-01 3.569368e-02 2.823811e+01 3.375208e-02 -4.175625e-02 9.985576e-01 3.447363e+00
9.859287e-01 -1.628250e-01 -3.784878e-02 5.115430e+02 1.642144e-01 9.857286e-01 3.705164e-02 2.862493e+01 3.127569e-02 -4.274559e-02 9.985963e-01 3.545139e+00
9.858516e-01 -1.636776e-01 -3.614283e-02 5.141035e+02 1.650321e-01 9.855424e-01 3.834761e-02 2.902618e+01 2.934365e-02 -4.376978e-02 9.986106e-01 3.595751e+00
9.858121e-01 -1.644254e-01 -3.374587e-02 5.167091e+02 1.657359e-01 9.853334e-01 4.061569e-02 2.944553e+01 2.657268e-02 -4.563234e-02 9.986048e-01 3.687428e+00
9.855608e-01 -1.652046e-01 -3.711297e-02 5.192936e+02 1.666642e-01 9.851842e-01 4.043780e-02 2.986331e+01 2.988260e-02 -4.603931e-02 9.984926e-01 3.741129e+00
9.855084e-01 -1.649378e-01 -3.960804e-02 5.218720e+02 1.664668e-01 9.852749e-01 3.901609e-02 3.031166e+01 3.258958e-02 -4.504411e-02 9.984533e-01 3.811258e+00
9.852597e-01 -1.663256e-01 -3.998993e-02 5.244671e+02 1.677841e-01 9.851522e-01 3.638040e-02 3.073997e+01 3.334518e-02 -4.255382e-02 9.985376e-01 3.873273e+00
9.852135e-01 -1.670552e-01 -3.803843e-02 5.270330e+02 1.684127e-01 9.850660e-01 3.580703e-02 3.115363e+01 3.148862e-02 -4.168373e-02 9.986345e-01 3.955655e+00
9.852042e-01 -1.674837e-01 -3.635762e-02 5.296244e+02 1.687717e-01 9.850038e-01 3.582636e-02 3.157847e+01 2.981206e-02 -4.143241e-02 9.986964e-01 4.019520e+00
9.852820e-01 -1.671861e-01 -3.561080e-02 5.321904e+02 1.684840e-01 9.850010e-01 3.723070e-02 3.202501e+01 2.885222e-02 -4.268259e-02 9.986720e-01 4.090586e+00
9.850402e-01 -1.682692e-01 -3.716605e-02 5.347633e+02 1.697017e-01 9.847040e-01 3.948768e-02 3.242662e+01 2.995300e-02 -4.520410e-02 9.985286e-01 4.139710e+00
9.850566e-01 -1.681860e-01 -3.710624e-02 5.373373e+02 1.697041e-01 9.845798e-01 4.246247e-02 3.285302e+01 2.939246e-02 -4.812502e-02 9.984088e-01 4.198555e+00
9.849084e-01 -1.692100e-01 -3.637973e-02 5.399400e+02 1.707140e-01 9.843728e-01 4.320795e-02 3.327600e+01 2.850000e-02 -4.876640e-02 9.984035e-01 4.259858e+00
9.848514e-01 -1.702763e-01 -3.276707e-02 5.425393e+02 1.715675e-01 9.842878e-01 4.173759e-02 3.369350e+01 2.514531e-02 -4.672709e-02 9.985912e-01 4.318065e+00
9.847660e-01 -1.714276e-01 -2.912841e-02 5.451272e+02 1.724503e-01 9.843142e-01 3.723443e-02 3.412716e+01 2.228850e-02 -4.169041e-02 9.988819e-01 4.350587e+00
9.847033e-01 -1.721022e-01 -2.720677e-02 5.477364e+02 1.729911e-01 9.843142e-01 3.463591e-02 3.456922e+01 2.081909e-02 -3.881262e-02 9.990296e-01 4.400760e+00
9.846246e-01 -1.732633e-01 -2.223011e-02 5.503691e+02 1.739378e-01 9.841965e-01 3.321061e-02 3.500492e+01 1.612462e-02 -3.656664e-02 9.992011e-01 4.446954e+00
9.845600e-01 -1.737866e-01 -2.097307e-02 5.529759e+02 1.743837e-01 9.841855e-01 3.113392e-02 3.541991e+01 1.523073e-02 -3.431057e-02 9.992952e-01 4.473157e+00
9.845415e-01 -1.737685e-01 -2.196571e-02 5.555498e+02 1.743365e-01 9.843074e-01 2.730929e-02 3.585885e+01 1.687551e-02 -3.071655e-02 9.993857e-01 4.490864e+00
9.844767e-01 -1.742999e-01 -2.061862e-02 5.581272e+02 1.748021e-01 9.842667e-01 2.575599e-02 3.626890e+01 1.580495e-02 -2.896035e-02 9.994556e-01 4.523760e+00
9.844677e-01 -1.743590e-01 -2.054951e-02 5.607098e+02 1.748228e-01 9.843201e-01 2.347143e-02 3.669115e+01 1.613485e-02 -2.669939e-02 9.995133e-01 4.558443e+00
9.843463e-01 -1.751702e-01 -1.943663e-02 5.633037e+02 1.755768e-01 9.842272e-01 2.166831e-02 3.709796e+01 1.533442e-02 -2.474175e-02 9.995763e-01 4.591094e+00
9.843084e-01 -1.752949e-01 -2.021579e-02 5.658938e+02 1.758704e-01 9.839101e-01 3.147219e-02 3.757121e+01 1.437360e-02 -3.453370e-02 9.993002e-01 4.612732e+00
9.842172e-01 -1.751240e-01 -2.545557e-02 5.684806e+02 1.761118e-01 9.833924e-01 4.386364e-02 3.804674e+01 1.735124e-02 -4.765437e-02 9.987132e-01 4.646944e+00
9.841342e-01 -1.748789e-01 -2.995296e-02 5.710845e+02 1.761194e-01 9.833146e-01 4.554433e-02 3.853519e+01 2.148844e-02 -5.009703e-02 9.985132e-01 4.668002e+00
9.836352e-01 -1.776082e-01 -3.028398e-02 5.736844e+02 1.787793e-01 9.830032e-01 4.174476e-02 3.895824e+01 2.235504e-02 -4.647577e-02 9.986692e-01 4.699923e+00
9.834530e-01 -1.791471e-01 -2.695435e-02 5.762730e+02 1.801039e-01 9.828872e-01 3.866892e-02 3.940761e+01 1.956566e-02 -4.288365e-02 9.988885e-01 4.766687e+00
9.830813e-01 -1.808613e-01 -2.898858e-02 5.788727e+02 1.819614e-01 9.824368e-01 4.132758e-02 3.984383e+01 2.100489e-02 -4.590317e-02 9.987250e-01 4.802005e+00
9.830033e-01 -1.812703e-01 -2.907877e-02 5.814926e+02 1.824722e-01 9.821312e-01 4.606666e-02 4.034033e+01 2.020865e-02 -5.058975e-02 9.985150e-01 4.852890e+00
9.831105e-01 -1.814474e-01 -2.388605e-02 5.840948e+02 1.824281e-01 9.820118e-01 4.871197e-02 4.083187e+01 1.461772e-02 -5.224674e-02 9.985272e-01 4.872103e+00
9.829616e-01 -1.825925e-01 -2.112871e-02 5.866908e+02 1.834000e-01 9.819449e-01 4.635272e-02 4.127782e+01 1.228357e-02 -4.943795e-02 9.987017e-01 4.904379e+00
9.826242e-01 -1.839812e-01 -2.450760e-02 5.892831e+02 1.849309e-01 9.817302e-01 4.479280e-02 4.172972e+01 1.581882e-02 -4.854670e-02 9.986956e-01 4.905428e+00
9.823969e-01 -1.851571e-01 -2.476083e-02 5.919314e+02 1.861377e-01 9.814450e-01 4.602728e-02 4.220622e+01 1.577911e-02 -4.982598e-02 9.986333e-01 4.934023e+00
9.823294e-01 -1.856274e-01 -2.390670e-02 5.945015e+02 1.865991e-01 9.812462e-01 4.833858e-02 4.268473e+01 1.448539e-02 -5.194538e-02 9.985449e-01 4.967225e+00
9.821517e-01 -1.865781e-01 -2.380356e-02 5.971291e+02 1.875578e-01 9.810134e-01 4.934456e-02 4.314778e+01 1.414499e-02 -5.292838e-02 9.984981e-01 4.987358e+00
9.821717e-01 -1.864857e-01 -2.370314e-02 5.997109e+02 1.874364e-01 9.811193e-01 4.767085e-02 4.364882e+01 1.436568e-02 -5.126379e-02 9.985818e-01 5.034375e+00
9.821446e-01 -1.867976e-01 -2.232947e-02 6.022804e+02 1.876641e-01 9.811256e-01 4.663346e-02 4.414682e+01 1.319699e-02 -4.999124e-02 9.986625e-01 5.064075e+00
9.821425e-01 -1.868733e-01 -2.178125e-02 6.048500e+02 1.877271e-01 9.810566e-01 4.781779e-02 4.462255e+01 1.243277e-02 -5.105282e-02 9.986186e-01 5.078165e+00
9.822193e-01 -1.864976e-01 -2.153719e-02 6.074310e+02 1.873602e-01 9.810414e-01 4.953650e-02 4.511271e+01 1.189044e-02 -5.269092e-02 9.985401e-01 5.119818e+00
9.821770e-01 -1.865165e-01 -2.323802e-02 6.100470e+02 1.874679e-01 9.810245e-01 4.946341e-02 4.561626e+01 1.357133e-02 -5.293820e-02 9.985056e-01 5.107687e+00
9.822680e-01 -1.858885e-01 -2.439167e-02 6.126436e+02 1.868689e-01 9.812476e-01 4.725642e-02 4.615131e+01 1.514984e-02 -5.097652e-02 9.985849e-01 5.097147e+00
9.823367e-01 -1.858241e-01 -2.200086e-02 6.152790e+02 1.866754e-01 9.813133e-01 4.665330e-02 4.667385e+01 1.292043e-02 -4.993626e-02 9.986688e-01 5.114206e+00
9.821729e-01 -1.869444e-01 -1.970114e-02 6.179010e+02 1.876852e-01 9.810976e-01 4.713551e-02 4.714916e+01 1.051702e-02 -4.999283e-02 9.986942e-01 5.115337e+00
9.821953e-01 -1.868658e-01 -1.932972e-02 6.204933e+02 1.875876e-01 9.811190e-01 4.707942e-02 4.763506e+01 1.016722e-02 -4.986720e-02 9.987041e-01 5.094155e+00
9.823008e-01 -1.862753e-01 -1.966161e-02 6.231369e+02 1.870405e-01 9.810981e-01 4.962279e-02 4.815122e+01 1.004646e-02 -5.242202e-02 9.985745e-01 5.124240e+00
9.820872e-01 -1.871300e-01 -2.207237e-02 6.257449e+02 1.880014e-01 9.809928e-01 4.804871e-02 4.862943e+01 1.266148e-02 -5.133766e-02 9.986011e-01 5.124328e+00
9.818984e-01 -1.880501e-01 -2.264169e-02 6.283426e+02 1.889556e-01 9.807876e-01 4.849268e-02 4.908975e+01 1.308764e-02 -5.189316e-02 9.985669e-01 5.159592e+00
9.816350e-01 -1.896920e-01 -2.024055e-02 6.309504e+02 1.904751e-01 9.804764e-01 4.883991e-02 4.959214e+01 1.058084e-02 -5.179828e-02 9.986015e-01 5.175598e+00
9.816933e-01 -1.898272e-01 -1.562027e-02 6.335907e+02 1.903737e-01 9.804891e-01 4.897908e-02 5.011440e+01 6.017948e-03 -5.105612e-02 9.986777e-01 5.222577e+00
9.814191e-01 -1.912052e-01 -1.603833e-02 6.362014e+02 1.917669e-01 9.802514e-01 4.829768e-02 5.061833e+01 6.486834e-03 -5.047588e-02 9.987042e-01 5.246715e+00
9.812276e-01 -1.918189e-01 -1.994908e-02 6.388105e+02 1.925778e-01 9.800976e-01 4.819119e-02 5.109312e+01 1.030806e-02 -5.112827e-02 9.986389e-01 5.256738e+00
9.811196e-01 -1.925682e-01 -1.793811e-02 6.414252e+02 1.932280e-01 9.799444e-01 4.870320e-02 5.160656e+01 8.199665e-03 -5.124981e-02 9.986522e-01 5.234509e+00
9.810145e-01 -1.935773e-01 -1.176039e-02 6.440266e+02 1.939237e-01 9.797871e-01 4.910092e-02 5.210919e+01 2.017857e-03 -5.044934e-02 9.987246e-01 5.262140e+00
9.808268e-01 -1.945951e-01 -1.055893e-02 6.466491e+02 1.948782e-01 9.796803e-01 4.742296e-02 5.261540e+01 1.116098e-03 -4.857141e-02 9.988191e-01 5.287315e+00
9.806103e-01 -1.955879e-01 -1.219547e-02 6.492650e+02 1.959446e-01 9.795509e-01 4.566928e-02 5.310725e+01 3.013726e-03 -4.717341e-02 9.988822e-01 5.298553e+00
9.803286e-01 -1.969402e-01 -1.305738e-02 6.518980e+02 1.973323e-01 9.793178e-01 4.468255e-02 5.357681e+01 3.987534e-03 -4.638022e-02 9.989159e-01 5.309721e+00
9.800418e-01 -1.983298e-01 -1.354064e-02 6.545374e+02 1.987404e-01 9.790591e-01 4.410824e-02 5.406140e+01 4.509104e-03 -4.591899e-02 9.989350e-01 5.271213e+00
9.799357e-01 -1.989583e-01 -1.189968e-02 6.571573e+02 1.992959e-01 9.789003e-01 4.511427e-02 5.458263e+01 2.672740e-03 -4.658065e-02 9.989110e-01 5.268986e+00
