1 0 0 0 0 1 0 0 0 0 1 0
0.9999999559721244324 0.0002732636640668415439 -0.0001156837028092013358 0.8362166177035044168 -0.0002732816273448226843 0.9999999506007837269 -0.0001552919257099346522 0.3892957180747121937 0.0001156412614538975941 0.0001553235331033220562 0.9999999812508492125 -0.1028923182457961716
0.9999998635711103701 0.0004853009287487862976 -0.0001932375977371185026 0.8437187276228808042 -0.0004853425116304753342 0.9999998590654239905 -0.0002152017160050469615 0.3841026584325603066 0.0001931331329106140016 0.0002152954730663429663 0.999999958173725223 -0.1036884028336375607
0.999999963156184668 0.0002054176615589777129 -0.000177457638742687247 0.8470940024370223753 -0.0002054424926677969826 0.9999999691078775843 -0.000139920070488300935 0.3744803129856845714 0.0001774288912069592599 0.0001399565226727579386 0.9999999744655798661 -0.1065708034892094702
0.9999999803665615694 0.0001796853531589840563 -8.354669516505915951e-05 0.8574830575297931468 -0.0001796821169574707995 0.99999998310673055 3.874113526020845689e-05 0.3636835053557359032 8.355365496825333004e-05 -3.872612265253470279e-05 0.9999999957595370192 -0.1075175845147917225
0.9999999735421557512 5.436238811604592644e-05 -0.0002235182734602486642 0.8422707306580420328 -5.435910199875551699e-05 0.9999999984143838061 1.470783245723800644e-05 0.3587603690148136182 0.0002235190726587308512 -1.469568181547485468e-05 0.999999974911630285 -0.1067302033269011685
0.9999999677367347184 0.0001982359639895876736 -0.000158836494603017839 0.8365903772478637812 -0.0001982407887388311916 0.9999999798894175784 -3.036040301145282033e-05 0.3801584466260898854 0.0001588304728849653392 3.03918899038976972e-05 0.9999999869246068984 -0.1088626758615837964
0.9999998878922088386 0.0004376417074537434343 -0.0001807907785224435694 0.8319304902826223369 -0.0004376757584663970558 0.999999886482428102 -0.0001883482448241247521 0.3741384703719303761 0.0001807083289520526278 0.0001884273514499325958 0.9999999659198159918 -0.105890882661739863
0.9999999968945757489 6.965110070650844113e-05 -3.687238235379769349e-05 0.8378659959050906991 -6.964701297007415794e-05 0.9999999914306283433 0.0001108514175301058397 0.3833753840509823152 3.688010296107040067e-05 -0.0001108488491345731275 0.9999999931761952565 -0.1052970826457884923
0.9999999665083588729 0.0002020890723328010402 -0.0001616888616344790987 0.8549932616102524641 -0.0002020808990127618751 0.9999999783032746947 5.056441925782624992e-05 0.3774178537902975195 0.0001616990766429411371 -5.053174333382142434e-05 0.999999985649975609 -0.1057028699380671288
0.9999999255941264265 0.0003642722820201583231 -0.0001269545046683934512 0.8533891056697371358 -0.0003642651199468270031 0.9999999320631145494 5.643304497320856779e-05 0.3712471900201620434 0.0001269750530375735563 -5.638679567638773128e-05 0.9999999903489324993 -0.1057641049369883318
0.9999999102430585651 0.0004100101435755276465 -0.0001067968019623324915 0.847429255828989092 -0.0004100009591515008361 0.9999999122510218053 8.600675599815828362e-05 0.3667984755836257715 0.0001068320562333975327 -8.596296148721605847e-05 0.9999999905986404203 -0.1064036699208395914
0.9999999413931395242 0.000331818078618966914 -8.432366293861720877e-05 0.829757468660472175 -0.0003318135623615268959 0.9999999435151692984 5.356694841953715521e-05 0.381581007227950908 8.434143265751143216e-05 -5.353896554515544752e-05 0.9999999950100509905 -0.1053043670323262626
0.9999999920691007294 3.611483004487156762e-05 -0.0001206545382500766306 0.8344721639125479706 -3.612707342119906049e-05 0.9999999941989303753 -0.0001014740057815790572 0.389253292913217086 0.0001206508728336784807 0.0001014783638721608974 0.999999987572754212 -0.104675070379614682
0.9999999103818482116 0.0004232954272509536564 -7.568146095334677579e-06 0.8407992794253509317 -0.0004232946409509965994 0.9999999050446028992 0.0001035974524293372577 0.4056271189886426765 7.611997704586546028e-06 -0.0001035942395894409496 0.9999999946051455479 -0.1060258794281286471
0.9999999869774971462 -2.556619119001637285e-05 -0.0001593467145218864706 0.8470033403338599332 2.554231153933977694e-05 0.999999988444795429 -0.0001498599324780654826 0.3764353891677222896 0.0001593505440282880464 0.0001498558604430889928 0.9999999760753123246 -0.1039869656359916905
0.9999998470381493698 0.000553103600317629584 2.918840003320000115e-07 0.8543061893993851852 -0.0005531036077880566388 0.9999998466937500829 2.624643480941136868e-05 0.3669778008922897072 -2.773669579957711132e-07 -2.624659223680176728e-05 0.9999999996555197779 -0.1057715278563052114
0.9999998608272202549 0.0005274540578619999224 -1.173698731683483966e-05 0.8525013949864357343 -0.0005274546851976271615 0.9999998594640695515 -5.351071126304298423e-05 0.3471580265157110379 1.170876122557163191e-05 5.351689454475892598e-05 0.9999999984994234481 -0.1035041259025298727
0.9999996871516031449 0.0007892704274538999776 -5.242984055137740496e-05 0.8575295950577530579 -0.0007892706706352913427 0.9999996885151941628 -4.617696157561746526e-06 0.3542063166501516758 5.242617960925857339e-05 4.659076048336193661e-06 0.9999999986148943032 -0.1042138311423986552
0.9999999984514071905 -4.174478021450278532e-05 -3.680433240058667867e-05 0.8456655206708991734 4.174776765117803529e-05 0.999999995833972477 8.117375700075730267e-05 0.3436627588976524095 3.680094366661363481e-05 -8.117529337376982481e-05 0.9999999960281311662 -0.105065534930674026
0.9999999797846306215 -0.0001755837723939950251 -9.798508698145127528e-05 0.8311907408520764484 0.0001755855896147775954 0.9999999844130289528 1.853759720117095379e-05 0.3444495793480366608 9.798183055291285841e-05 -1.855480159569767199e-05 0.9999999950276401428 -0.1059302838311474704
0.9999999992922791181 -3.701141849289961758e-05 6.752533517544127687e-06 0.8320811689167569858 3.701049576677098554e-05 0.9999999899856228947 0.0001365978670142459813 0.3410244744812012674 -6.757589130743012706e-06 -0.0001365976170029596496 0.9999999906477129441 -0.1046764856482644973
0.9999998474624148814 0.0005523340024623222579 -1.515513167585651441e-06 0.8348731998849636682 -0.0005523340533024684784 0.9999998468938793295 -3.375368886262171002e-05 0.3607324067646112686 1.496869625483949785e-06 3.375452078344620915e-05 0.9999999994291958183 -0.1025071332372793353
0.9999996189929009072 0.0008676866605079936769 -9.557150269644636956e-05 0.8333989677500628357 -0.0008676954220216076888 0.9999996193504064879 -9.167167854220260653e-05 0.337926234785077495 9.54919240245752772e-05 9.175457057000772031e-05 0.9999999912311955397 -0.1040894427097878161
0.9999998900741587926 -0.000345940142412692951 -0.0003165076430382805523 0.8528398783236226244 0.0003458843084979290497 0.9999999246157864619 -0.0001764439475324012325 0.3336209938183437029 0.0003165686582229379964 0.000176334453109405271 0.9999999343452204981 -0.1077541046881117515
0.999999968895946556 3.364283794279080499e-05 -0.0002471361272978934314 0.8567772027802773582 -3.363964948479522429e-05 0.9999999993509075535 1.290577190228960575e-05 0.3732447178515778119 0.000247136561324271854 -1.289745792817045567e-05 0.9999999693785873722 -0.111938534039600246
0.9999999170872696519 0.0002301735547899379686 -0.0003359249743919637938 0.843594104273651002 -0.0002302160925094985623 0.9999999654870699306 -0.0001265954570855525301 0.3998341358072553531 0.0003358958238718310089 0.0001266727819241584066 0.9999999355639987986 -0.1085631015646771197
0.9999999287719143481 -0.0002711938237375599104 -0.0002625072878403923488 0.8406110292667851036 0.0002711678942945192441 0.9999999583526095748 -9.880664079456210865e-05 0.3866589376932524358 0.0002625340726583765797 9.873545020827358403e-05 0.9999999606635849858 -0.1085866707347203086
0.999999993425208844 3.628784378023020246e-05 -0.000108778558232039852 0.8553586547479121727 -3.628473132379430205e-05 0.9999999989323111738 2.861461217073315308e-05 0.3896374624799106012 0.0001087795964784744787 -2.861066498183881531e-05 0.999999993674214549 -0.1060958699750774725
0.9999999639735556167 0.0001072966989529850596 -0.0002460493973638083363 0.856806964355838252 -0.0001073177957083952132 0.9999999905665987177 -8.573035142686182106e-05 0.3729023074986729247 0.0002460401964590175068 8.575675381726254119e-05 0.9999999660549998559 -0.109189909611267677
0.9999999800669412409 0.0001673974748742779314 -0.0001088310729232096278 0.8632349803477041839 -0.000167398656180667635 0.9999999859300326976 -1.084547701083656193e-05 0.3781850019635769611 0.000108829255886494554 1.086369497001107668e-05 0.9999999940190865688 -0.1080647851813714144
0.9999998069594210337 -0.000490701295208716701 -0.0003811736607261667631 0.8357282554028686583 0.0004905737008191994467 0.9999998236358281778 -0.0003347622387596660139 0.3811784474845218984 0.0003813378617649361424 0.0003345751803635723721 0.9999998713204336642 -0.1047494610151968319
0.9999999730316199154 5.303894626335611329e-05 -0.0002261053509029701647 0.855527343855430944 -5.302850480876138969e-05 0.9999999975274458386 4.618534459369067158e-05 0.3684301310052917611 0.0002261077999659224928 -4.617335331945909832e-05 0.9999999733716418149 -0.1127029318866352298
0.9999999274937010352 0.0002226049491997146763 0.0003089654177625702721 0.8553756135524336335 -0.0002227463226350369168 0.99999987048790695 0.0004576114565427972397 0.378974473788214028 -0.0003088635111727754275 -0.0004576802442737121202 0.9999998475660510922 -0.1090988026207352635
0.9999993821718264897 -0.001106454392707321727 -0.0001068393291621511879 0.8740217957489604395 0.001106465431862897709 0.9999993825293121974 0.0001033210644496914831 0.3507111556023549959 0.0001067249431463775691 -0.000103439214639508285 0.9999999889550575949 -0.1112681922537111512
0.9999994336990728483 -0.001063892720053213111 -2.70889987579706843e-05 0.8830048943299755315 0.001063899077492822583 0.9999994062667785233 0.0002357643811266665911 0.347970385564627338 2.68381546656036746e-05 -0.0002357930675738677902 0.9999999718406710203 -0.1111608327369559834
0.9999999878402363596 9.348819558646433874e-05 -0.0001248178051327971782 0.8992221347501081485 -9.347258591025657992e-05 0.9999999878114774754 0.0001250596684721199531 0.3258361868263264238 0.0001248294952141986347 -0.0001250479999084105301 0.9999999843902972474 -0.1158411591449334255
0.9999999861331043682 0.0001606205285827849542 -4.398678110952326261e-05 0.8812985277961078445 -0.000160620860602293141 0.9999999870720079898 -7.544737032966933453e-06 0.3653846305092398605 4.398556870121225477e-05 7.551802122981788398e-06 0.9999999990041200659 -0.1097127243612363023
0.9999994351792849123 -0.001062669656019210986 -1.934718001981537897e-05 0.8778042808507965367 0.001062672332516901566 0.9999994257225699457 0.0001388597997248434425 0.3320398373807694758 1.919960681355806426e-05 -0.0001388802810068713622 0.9999999901718212847 -0.1100792266727421975
0.9999999786917720401 7.385014268406124116e-05 -0.000192776066660700423 0.8693259140276559105 -7.387987499722926932e-05 0.9999999853774627079 -0.0001542298238069397419 0.3549184177431070619 0.0001927646739473309119 0.0001542440627922828436 0.9999999695252743681 -0.1036559117166345745
0.9999999999345491331 3.370161574969762611e-06 1.093360996939804352e-05 0.8568452407199464993 -3.371244646569757952e-06 0.9999999950878345478 9.90604143706517678e-05 0.3852154762906777052 -1.093327606608822801e-05 -9.906045122404225143e-05 0.9999999950337452592 -0.1049810727143543065
0.9999999619346221502 -0.0002615562953561033181 8.785817373567557007e-05 0.8473067866463170894 0.0002615414714064802121 0.9999999515690204399 0.0001686950370158146859 0.4014102013839520033 -8.790229272954496289e-05 -0.0001686720520383404342 0.9999999819114627764 -0.1052620006761483956
0.9999998371754194038 0.0005644739616844102886 -8.377518251723405009e-05 0.8398948146956920491 -0.000564467966779937276 0.9999998381271099079 7.156583275870620074e-05 0.4120579941556289372 8.381556600544168994e-05 -7.151853269908738488e-05 0.9999999939300251439 -0.1078555907768401489
0.9999999859208565933 -0.0001014088827188625795 -0.0001336956435262844252 0.825175824090335519 0.0001014034509756395408 0.9999999940331160131 -4.063382813720080479e-05 0.399797391546351466 0.0001336997633596500223 4.062027036547733491e-05 0.9999999902371834448 -0.1036915301998218158
0.9999995934530404584 0.0008328705927450043246 -0.0003455724663270448951 0.8085856022930116849 -0.0008329449484217820408 0.999999629971892845 -0.0002150785676310740106 0.418101353015614019 0.0003453932058414096637 0.0002153663230316770481 0.9999999171604366799 -0.1050324419205356796
0.9999990551446847897 0.001255170478400101982 -0.0005605861288239919089 0.8128078379191008285 -0.001255336837931058649 0.9999991681062304627 -0.0002965067796490459357 0.4167586231325143276 0.0005602134959194229836 0.0002972102239113851019 0.9999997989134407073 -0.1101391201520904722
0.9999999249471653862 7.866775922908247334e-05 -0.0003793640037783229594 0.8106425557267332715 -7.864720034190981763e-05 0.9999999954380742739 5.420764961009706933e-05 0.3853876533325700238 0.0003793682664420204554 -5.417780962485164428e-05 0.9999999265722390174 -0.1136737472660683534
0.9999999268275369113 0.0001848084655749522717 -0.0003349488796552571156 0.8176398264539601612 -0.000184866519255513182 0.9999999678960262983 -0.0001732983450137710315 0.3865679423241792367 0.0003349168419008384761 0.0001733602531666146595 0.9999999288884633408 -0.1041550188061441673
0.9999997823018511589 0.0005737404910754617541 -0.0003259111829352630382 0.8213829387626161438 -0.0005737687520399686013 0.9999998316425924294 -8.662682059302172222e-05 0.3679095243391834469 0.0003258614267511138196 8.681379938723187534e-05 0.9999999431388457705 -0.1053012640890368112
0.9999994646687344613 0.0009331668038210406838 -0.0004470592363784121545 0.8285430031215981206 -0.0009332323238794216396 0.9999995538262766992 -0.0001463717089872162785 0.4051161178223562365 0.0004469224476924826828 0.0001467888407599412593 0.9999998893566748315 -0.1055201867819612477
0.9999993781231117929 0.001085806419328031857 -0.0002545148510908063475 0.8242226419360224599 -0.001085823868177770209 0.9999994081518146505 -6.842914452462016818e-05 0.3908959397762590271 0.0002544403996522596198 6.870546027023681415e-05 0.999999965269820823 -0.10353489563319139
0.9999994283221642632 0.001010567741938950791 -0.0003494398141047146307 0.831741133209934258 -0.001010586555459083193 0.999999487917218044 -5.36667082032037606e-05 0.3765762890624133608 0.0003493854013184762974 5.401981670121250301e-05 0.9999999375058483686 -0.1045121211418012785
0.999999922381005879 7.184489371508861392e-05 -0.0003873968164448541901 0.8433864846902843215 -7.193149037923010137e-05 0.999999972431108608 -0.0002235254857546481466 0.3635282765333270882 0.0003873807465999867436 0.0002235533344351998356 0.9999998999800269184 -0.1052860292154377542
0.9999999200570609537 0.0002611934936187542745 -0.0003027603518679535108 0.8600202175330704524 -0.0002612581046307132712 0.9999999431051900256 -0.0002133865493743068763 0.3956814704864233811 0.0003027045994641385331 0.0002134656309112452886 0.9999999314011726037 -0.1032492812651929215
0.9999998033711688938 0.0003907718782187856606 -0.0004904640280790628637 0.8490511545052439324 -0.000390900059505578702 0.9999998894653847614 -0.0002612783222703400133 0.3992141875115003957 0.0004903618736450788369 0.0002614699933132503509 0.9999998455893258642 -0.1040385825254859786
0.9999993624185109509 0.0009966764250577868703 -0.0005308471299832255531 0.8695014181052880264 -0.0009967550219599679087 0.9999994923148861625 -0.0001478154123514973826 0.3963322960880104606 0.0005306995363432889367 0.0001483444426498304876 0.9999998481759526658 -0.1039863933848484689
0.9999998247454361389 0.0004359003296664950276 -0.0004006245120636830461 0.8641258340399384785 -0.0004359079684098837227 0.9999999048119974088 -1.897996947398847991e-05 0.3917663053296437936 0.0004006162005540851267 1.91546015648110905e-05 0.9999999195698773269 -0.1055484723146532244
0.9999998420420057599 -0.000179382310188739018 -0.0005326705832461133602 0.8585798990646169582 0.0001791926527217922531 0.9999999205497278609 -0.0003560765806317322938 0.3879359265077333419 0.0005327344147649283341 0.0003559810737317511248 0.99999979473573819 -0.1060606941802380992
0.9999998641565687185 -9.702598688163351548e-06 -0.0005211455685929476667 0.8488935429032151703 9.598782640073546206e-06 0.9999999801117148701 -0.0001992095209283355932 0.3638238227716985573 0.0005211474910782924134 0.0001992044915039939434 0.999999844361419421 -0.1050813752632918097
0.9999997505933689856 -0.0006145838030314382553 -0.0003479941793585646917 0.8469009340884461334 0.0006145670148012218796 0.9999998099849227717 -4.834772566394352953e-05 0.3338830659158898984 0.0003480238269635302991 4.813384786172356658e-05 0.9999999382812724269 -0.1018632464065300225
0.9999999014491057769 0.0003703264208909159017 -0.000244867557584549562 0.8682343942719357166 -0.000370291952591962853 0.9999999215305432898 0.0001407933847305327293 0.3280763327579034883 0.0002449196778801776813 -0.0001407026983691943517 0.9999999601085501899 -0.1018452891973307961
0.9999998837177848099 0.0002432228503707835787 -0.0004164217356676697839 0.8666915679999347422 -0.0002432425526403359049 0.9999999692996216494 -4.726326730151902467e-05 0.3533635009835246477 0.0004164102273767739636 4.736455329160033008e-05 0.9999999121795569712 -0.1035556670181634609
0.9999999608395258033 0.0001835039695685194191 -0.0002112989353355406363 0.8694492719274964365 -0.0001834968827077315136 0.9999999826013638016 3.355839859192262395e-05 0.3852134757047495084 0.000211305089758581329 -3.351962458180628661e-05 0.9999999771132966897 -0.1026996549030739919
0.9999999406044355332 -0.000233429035949687865 -0.0002535784110317454952 0.8595608700855545958 0.0002334075014949328305 0.9999999691523409062 -8.494854628341913581e-05 0.4035183330917219702 0.0002535982326667093651 8.488935413450030909e-05 0.9999999642408663458 -0.1030138509992966633
0.9999999518946526278 -0.0001807483742442078331 -0.0002520728420734068211 0.8512296820177542855 0.0001807158815424952719 0.9999999753608495023 -0.0001289188528169615008 0.4159250642853710156 0.0002520961377356022138 0.0001288732930494070853 0.9999999599196049971 -0.09965700799572679847
0.9999999089696315346 0.0001524878107133095058 -0.0003985074605788232745 0.8400160972663467396 -0.0001524091675481416177 0.9999999689088183707 0.0001973671907926388182 0.403462153838708204 0.000398537544279586051 -0.0001973064366359021963 0.999999901118993062 -0.09523185628201186192
0.9999993169030242379 0.0001548004263602354423 -0.001158546638239622492 0.8457304555457199058 -0.000153274824669841919 0.999999121276281655 0.001316796678530377136 0.4015801742854495648 0.001158749460884478952 -0.001316618202997700115 0.9999984619069143266 -0.09198209622101073679
0.9999980297413999519 -0.0005169342572170376347 -0.001916583494603450776 0.8567431747627477501 0.0005192941796265518111 0.9999991074560957705 0.001231024194278107541 0.3688167809845335765 0.001915945425391050354 -0.001232017039495617895 0.9999974056402053391 -0.08570776306928520882
0.9999974038674837029 -0.0002789476001971472833 -0.00226151421157169295 0.87033662874151696 0.0002797271280723119926 0.9999999015762210952 0.000344383916565127316 0.3481508939874191078 0.002261417923917845817 -0.0003450156293743411118 0.9999973834731713529 -0.09248159918332241047
0.9999976241593875326 0.001365410604266132635 -0.001699214366104430081 0.8698813861239986789 -0.001363814933157366351 0.9999986283268749165 0.0009398687125645487691 0.3600995677384756233 0.001700495342044503833 -0.0009375490656591623298 0.9999981146568933665 -0.09470023639249035285
0.9999971584082611997 0.002069365941648543521 -0.001183596215950959889 0.887096812982666405 -0.002068267159042916359 0.9999974297841990323 0.0009288142735192825555 0.3774501289681962968 0.001185515230477001683 -0.0009263636410252972225 0.9999988682013809527 -0.09567725566717136254
0.9999931484361884726 0.003600620962606832908 -0.0008594238550868966899 0.9072686042352204883 -0.003599915159069945556 0.9999931829406777384 0.0008213909055910189163 0.4133875993164394247 0.0008623755136566592762 -0.00081829142481482152 0.9999992933535590822 -0.09515277401500793486
0.9999884989802008128 0.004776209152232134894 -0.0004355840437344883436 0.9363464968674970468 -0.004776161943303506609 0.9999885880939913818 0.0001093566499164539074 0.4062223759969716408 0.0004361013831225108123 -0.0001072749722706631259 0.9999998991538269211 -0.1023356934340317603
0.999980403715006072 0.006260267690622342215 3.513424418115510602e-05 0.9980683705037635134 -0.006260257476770865817 0.9999803641648729036 -0.0002836565047657580775 0.3697106846345803999 -3.690931994294898745e-05 0.0002834309967372245919 0.9999999591522852338 -0.112250837843707596
0.9999623513787794238 0.008674866834642164237 0.0002061805607871132603 1.051381497207022786 -0.008674690157311319011 0.9999620189257133474 -0.0008428859270123959142 0.3112851852466758662 -0.0002134846530015439825 0.0008410656410381087697 0.9999996235163742808 -0.1199346497088085717
0.9999372388560492375 0.01119035183285798513 0.0005425631734529747776 1.071534148441002143 -0.01118967293944121526 0.999936626581214516 -0.001238564043235912187 0.3164017345612289978 -0.0005563887567811029531 0.001232415205079778406 0.9999990857917389064 -0.1108241079868114154
0.999887952701935645 0.01496934641340576938 2.663619923553531372e-05 1.153686001151846607 -0.01496932016556626333 0.9998876301673124134 -0.0008040473721855606994 0.3208935845259558439 -3.866926977731803718e-05 0.0008035585550556411044 0.999999676399115689 -0.1160756343020891979
0.9998251587318928157 0.01868090417653366087 -0.0008220619760516401347 1.205353998896458112 -0.01868143480619616909 0.9998252802583844634 -0.0006426117217307156281 0.3151503516129314786 0.000809913777599223614 0.0006578566638946491737 0.9999994556319931061 -0.1098297123304454448
0.9996937669536279936 0.024677663839764611 -0.001839897137596126393 1.288261210371500098 -0.02467789139094072118 0.9996954493548340093 -0.0001010729117497975114 0.350642924918984189 0.00183684255239636475 0.0001464467416162266002 0.9999983022799536769 -0.09920342615751466531
0.9994882081915644756 0.03190041029826577029 -0.002384430501873350053 1.401391238908189951 -0.03189802920294677185 0.99949059761200576 0.001030057359375231851 0.3524746635830178221 0.002416075119676507586 -0.0009534715506753316206 0.9999966267308195711 -0.09475665206203096047
0.9992155766941416273 0.03958558925413856872 -0.00110109726931578787 1.489157955145501422 -0.03958375775205675434 0.999214913063965704 0.001638179720901568499 0.3510836496490823411 0.001165081121790413794 -0.001593309126979261525 0.9999980519741054064 -0.09996171660071608012
0.9988598771063961212 0.04770819550177726742 0.001695284329980253652 1.625338921886128496 -0.04771214800001108425 0.9988583082722934936 0.002372957782374534707 0.3318543805697961036 -0.001580139304085616649 -0.002451137975735411239 0.9999957475321600286 -0.1029360250844717217
0.9984092289534295395 0.05625155062255653149 0.003843773299269784283 1.772977305415096794 -0.05626352126522300712 0.9984112012786414692 0.003080476615375985373 0.3234163339415279115 -0.003664384730895288433 -0.003291840503128769854 0.9999878679617297816 -0.109316112960150702
0.9977639632450135965 0.06663397907640961071 0.005194851494300234754 1.96674703321367339 -0.06664819550080174071 0.9977731152984186114 0.002613125365463421241 0.3223026299114643001 -0.005009160218054265097 -0.002953509799090611818 0.9999830924039548874 -0.1152921254568277654
0.9968855682513479977 0.07851243958382904398 0.007413544549180300404 2.157604501424282617 -0.07853441160679162925 0.9969076920680981502 0.002720236944276971294 0.2851414733323358597 -0.007177047147826116566 -0.00329398331106447095 0.9999688193479756571 -0.105476041627004094
0.9958421344801769992 0.09039278128449387828 0.01129549846703093059 2.353892523541097237 -0.0904590635794458725 0.9958849832119172074 0.005500729890591894711 0.2286246214614587047 -0.01075179102730398212 -0.00649963880943662739 0.9999210737278477756 -0.1129018931402216708
0.9944706694388057988 0.1039208851371698633 0.01511744880065894227 2.559622757213832145 -0.1040557438907229182 0.9945357926264739579 0.008423737186039743224 0.2146484447703991827 -0.01415944170091733637 -0.009950216939259988805 0.9998502404828335521 -0.1143295743292792599
0.9928647416508061818 0.1176088006483658605 0.01969199829196575241 2.801614363762885418 -0.1178206580007903903 0.9929848982022908555 0.009964160298129430549 0.1678151909427206268 -0.01838198397721623259 -0.0122131876362793438 0.9997564406958439065 -0.1253369368049910837
0.9907441224832650439 0.1332087376903291209 0.02610586079435218976 3.050110742574021927 -0.133485335171134506 0.9910085687535351573 0.009147783956760640808 0.1022058252613960994 -0.024652566988346062 -0.01254786276697239349 0.9996173278214350866 -0.1239129133658060655
0.9882535053865998398 0.1497846360702729529 0.03032444374417443342 3.3042984433750755 -0.1500653354165134012 0.9886499400527545278 0.007189655069208301073 0.01556095808869255304 -0.02890335962179902199 -0.01165584964645436684 0.9995142505095123697 -0.1440826772176304615
0.9853649760484414211 0.1669996536820880784 0.03416108381063334698 3.558606992065344699 -0.1673251537721217042 0.9858777449232378753 0.006882222039940785394 -0.05013672638938043713 -0.03252932357412758463 -0.01249750915718286781 0.9993926432452241437 -0.1569364726601206184
0.9822254692029187551 0.1837622714678956437 0.03826950788899118744 3.794453547238955338 -0.184258003520549607 0.9828287893319773705 0.009826443856285210082 -0.1105893893581452181 -0.03580664446338505114 -0.01670324654667531758 0.9992191380108137455 -0.1713151294498717614
0.9788114096956254118 0.2004025393328840443 0.0420362519570241927 4.041212381180285362 -0.2010313837495188161 0.97952003439722235 0.01126432253702283615 -0.1648787090589011739 -0.03891795212259063774 -0.01947625332029351633 0.9990525854824596763 -0.1832158143097029346
0.9749660405752539338 0.2176842461276250751 0.04532977733079876503 4.305184716179557114 -0.2183207896956498584 0.9758304266544874928 0.009539979139844287706 -0.2205045013790466191 -0.04215747278573599849 -0.01919758847273245542 0.9989265238670718139 -0.1886790500570313944
0.9702473144931882398 0.2372182856717450772 0.04845238551108404373 4.562195935246537104 -0.2377035288337132068 0.971327662941635861 0.004427593515654678312 -0.2966683367710911123 -0.04601283623899350694 -0.01581316373462756178 0.9988156800701245563 -0.1933792584117000612
0.9652912799838595515 0.256009686882360088 0.05168931233357734745 4.815421065401180201 -0.2564155041548075165 0.9665658211187344584 0.001265967654590477963 -0.393646829999319825 -0.04963702263591201341 -0.01447596861914735196 0.9986624115868081297 -0.2033999898906125314
0.9602131643780961179 0.2740420791469923012 0.05377376508853558973 5.053245974610918623 -0.2745973256984708399 0.961554379284065508 0.003079675126296236524 -0.4725694734268499064 -0.05086243873676649097 -0.01772327668432709113 0.9985483953165812387 -0.2167499578604093202
0.9551450564577713687 0.2908902241958407076 0.05550494204640121082 5.324069630114180995 -0.2917417791164655938 0.9564658672110067927 0.007731699570993360963 -0.6132212032575872218 -0.05083950670728666632 -0.02357800516562438484 0.9984284762716704176 -0.2295676531632434569
0.9488514164997482458 0.3102403222037034003 0.05858269271178654508 5.582330179275979631 -0.3114840335130101279 0.9501594642433113247 0.01321701083186650576 -0.7104290936263053524 -0.05156245022191353888 -0.0307885528696295388 0.9981950604662931381 -0.2457285479407876894
0.9424571877217359228 0.328794761987534212 0.06056776206198576096 5.831136085693363391 -0.3303119098498635275 0.9437234994781855679 0.01673316299994475134 -0.8062503010021369043 -0.05165744402283384273 -0.03577654290464395842 0.9980238210858596304 -0.2589916877969897779
0.9352790689361023535 0.3481630761745951319 0.06352586558765242752 6.094695944552222855 -0.3499269747732846048 0.9365884501957449926 0.01879327767978493033 -0.9147821576981133296 -0.05295446662968531643 -0.03980637321554839764 0.9978032256489202112 -0.2873491619413892639
0.9272891495061604816 0.3690072198820169569 0.06299607037813076404 6.35136314417991521 -0.3704641948152127551 0.9287579593506489761 0.0128426361287088571 -1.029657841392010553 -0.05376907631769138607 -0.03524662562236421243 0.9979311408179319942 -0.3011758545833749801
0.919211689954303024 0.3893041471515931717 0.05909441650380417577 6.609048151693973416 -0.3902871292597948072 0.92067589205675604 0.005644335181824162821 -1.144508714141510453 -0.05220944153601560916 -0.02825212905370548186 0.99823644063840411 -0.310929318453483261
0.9103497256358524803 0.4105191777127328856 0.05231999392956564882 6.842275727608382319 -0.4109949549992577 0.9116358160159038215 -0.00181271127743231719 -1.284533266699201537 -0.04844093310296882643 -0.01985305233657574248 0.9986287259602714128 -0.3184522007198742344
0.90062431348809735 0.4322015179025691101 0.04558172744432312934 7.08040348488325666 -0.4322708676054526356 0.9017005328877354398 -0.008834365263176185978 -1.437319495512595413 -0.0449192940029401605 -0.01174720871906167682 0.9989215485280054097 -0.3297856449666038969
0.8898800010283737238 0.4542698020729722952 0.04186323798184006517 7.324727099195850855 -0.4541840246676790982 0.8908258893394455091 -0.01208745710457920057 -1.620048845271177651 -0.04278382295226426657 -0.008257227571559602394 0.9990502303119802585 -0.3355185179774118343
0.8783073390166237226 0.4764375332849824507 0.03979315401999295593 7.557478054079805219 -0.4764201708326071816 0.8791546920222700345 -0.01052845283301145733 -1.787743330007628195 -0.04000048816410892855 -0.009711043844448962944 0.999152469132756571 -0.3518328837335454318
0.8663146571206982172 0.498065126311375117 0.03781593328586620867 7.809774678220417599 -0.4982367756689619065 0.8670241210430988943 -0.005411922065071936988 -1.971600221152017607 -0.03548281596552999018 -0.01415286126109581086 0.9992700667433607187 -0.3622403001111386134
0.8533191199590990372 0.5201032529515345892 0.03659352103119808269 8.030363875137258134 -0.520504995862105746 0.8538568812675908504 0.001724991180446519643 -2.1155219931766025 -0.03034845621803584914 -0.02051907846895947157 0.9993287440196877425 -0.3673904426795963074
0.8392680156542612346 0.5427043843546998092 0.03318356674537908252 8.257075776288125724 -0.5431973456330245753 0.8395715162840931001 0.007504181611956019238 -2.274220919886766445 -0.02378742518632987607 -0.02432324498530174378 0.9994211015164677914 -0.3770678149164155002
0.8245202102071536032 0.5651524121168342019 0.02773398706416536907 8.491134299144697195 -0.5655273757309406957 0.8246945531171774313 0.007594824404455527249 -2.462882899781782875 -0.01857983473625759649 -0.02194641513740138924 0.999586486805314034 -0.3945680952420882459
0.8111470253651333895 0.5844161943006694893 0.0223207320762085909 8.725525234566086752 -0.5846012869333098161 0.8113175856742906866 0.002260639634690395777 -2.675390346606560943 -0.01678804804656123389 -0.01488243981214678636 0.9997483055389612128 -0.402092058792602014
0.7970723556952858946 0.6036236624937980633 0.01772382193380125925 8.958479195370209425 -0.6036558302116433739 0.7972345964847340483 -0.004078825727447765552 -2.883043621608065266 -0.01659211975183727539 -0.007447969212924805855 0.9998346009799541356 -0.4025004330086480731
0.7826535094561284378 0.6222943388669219811 0.01425622496267924845 9.167625162431948027 -0.6222727364432183439 0.782773982411489988 -0.006444683012012565951 -3.067075019998455332 -0.0151698917423577738 -0.003827306342192606219 0.9998776055651452666 -0.4035446128768741536
0.7689263791546911975 0.6392399950095506433 0.01115581553477344029 9.382004608641317134 -0.639222532952237299 0.769001917973586413 -0.005532044745978786406 -3.266478943826910175 -0.01211514779861239642 -0.002877313527438591333 0.9999224691248229657 -0.4124172704802457901
0.7550356448385158181 0.6556505159027574692 0.006601213504699954444 9.585981565149609196 -0.6556384050015351406 0.7550635662757103628 -0.004158457652636384123 -3.493292785231627562 -0.007710830715916943898 -0.001188225338004099104 0.9999695651419679976 -0.4188936030182601744
0.7399665743825220021 0.6726380027866385447 0.00275427010252356436 9.787375068877365081 -0.6726250821015997694 0.7399703716263061892 -0.004398641044983551615 -3.70650119293224467 -0.004996771398796655099 0.001402256192154942077 0.9999865328858983382 -0.4260981445572689097
0.7226852863913832969 0.6911768735160813693 0.0007115827001555109256 9.992800369341006572 -0.6911590022886976437 0.7226733133839167156 -0.006520404742293078176 -3.93505382865915676 -0.005020994791505616235 0.004220383779486427088 0.9999784887546618872 -0.4351547232970998103
0.7072968948870614891 0.7069148973887828813 0.00155895250975702517 10.19776903798188172 -0.7068899214137520648 0.7072876306292019688 -0.007130677568714035262 -4.193794089157228733 -0.006143410028689472863 0.003941498285682342242 0.9999733611974287451 -0.4389243542736152026
0.6922128815860610906 0.721689137350836063 0.002472973135286391736 10.36347807984204827 -0.7216609600198554686 0.6922102041068070033 -0.007105780297276359687 -4.428406440041619874 -0.006839981691673187661 0.003134064488581036513 0.9999716957445540233 -0.4389652657859678397
0.6753701350014810201 0.7374750738946744821 0.002386657102666344538 10.56714336713776525 -0.7374485772331097477 0.6753681607501764717 -0.006887915634357341492 -4.642139916871503402 -0.006691538309197078011 0.002891855627150137845 0.9999734298900587737 -0.4360237771418775665
0.6586724628945852533 0.7524288340698626065 0.00119845093709594684 10.75744439810126352 -0.752408612490207851 0.6586650397163575921 -0.006453317442159938952 -4.882871231054236816 -0.005645039852967517931 0.003348897686750121599 0.9999784589726631312 -0.4421061225387853399
0.6433466903991273966 0.7655741374222359008 -0.001129629447564196474 10.92725319968268138 -0.765561438966782859 0.6433258456842158024 -0.006894885191024863365 -5.120239430957917115 -0.004551825963080177034 0.005300602313704299261 0.9999755919498803935 -0.4488918458822199753
0.628139558365060191 0.7780966375775243415 -0.002513524914901718241 11.11070985838355618 -0.7780894738957809809 0.6281098704098786456 -0.007400088261110275741 -5.333015063769453334 -0.004179213985175895055 0.006604035450856090596 0.9999694599767684489 -0.4517642915134469916
0.6133668620135905858 0.7897934112379298988 -0.002731327288189535577 11.29960923527699634 -0.7897900549125630443 0.6133412777125741844 -0.006644261818872980972 -5.590477922570237013 -0.003572358438296234246 0.006232545151162226758 0.9999741964851528442 -0.4576187401987491521
0.5982732731855608943 0.801287833848099651 -0.002626388938330107958 11.45390829000557886 -0.8012883088408373489 0.5982570672598959138 -0.005052483407122952512 -5.866053842143881702 -0.00247723774111781531 0.005127260536447997806 0.999983787114853806 -0.4605062522255697344
0.5832394568517555999 0.8122972488099299282 -0.00221710331022294347 11.6227341057314586 -0.8122977372794039086 0.5832286407117788229 -0.004091291269434096933 -6.155665244674769276 -0.002030266492302488894 0.004187150500015845295 0.9999891728357165332 -0.4667498755584716941
0.5690146429347038293 0.8223258215711981567 -0.001606020904414822434 11.81652220311543289 -0.8223235972964259011 0.5690050019420151983 -0.004148384557002557545 -6.434235604603837366 -0.002497489811194926208 0.003681160444910305807 0.9999901057522628811 -0.4750637332215280617
0.5541311881981798582 0.8324292315589749691 -0.0004480091604359096469 11.98741055392121879 -0.8324217502811949165 0.5541237474997432466 -0.004571883160437282927 -6.708441490709411426 -0.003557516671125265321 0.002906355617468429475 0.9999894485304129388 -0.4732606141272540645
0.538201091505985052 0.8428163396014617392 0.0004503360522675655124 12.16643371390792083 -0.8428067649780014436 0.5381973865910713029 -0.004508877227981379979 -6.984827658089845848 -0.00404252508741779603 0.002047136374201468604 0.9999897335590915981 -0.4758880813710688606
0.5222031260449527812 0.8528202937972788611 0.001200681640697650633 12.33809726437571186 -0.8528112193968614418 0.5222033249873145877 -0.004087963188611121526 -7.291957880967395056 -0.004113297912567334333 0.001110792382138633006 0.9999909234190910157 -0.4795051586347329198
0.50664059413949869 0.8621562856155710053 0.001359243737392811738 12.497116771271358 -0.8621483324199047393 0.506641874742619791 -0.00377672647418704488 -7.60914835051683891 -0.003944778264115953413 0.0007415732232390865415 0.9999919443643541239 -0.484094223198674567
0.4900882118509458651 0.8716713373007881627 0.001619979320254661672 12.6531786306302898 -0.8716647828506940421 0.4900908259620764262 -0.003389490472349617964 -7.943529782804056083 -0.003748458695906361701 0.0002490704022672474518 0.9999929434857727228 -0.4955355705400634747
0.4731873387315836954 0.8809597226256913327 0.001926025801152606324 12.8029207776123819 -0.8809525485402130984 0.473191258270685644 -0.003555322307327987794 -8.284000455050204437 -0.004043474326017803926 -1.440383714202941439e-05 0.9999918250205369619 -0.4977525681987773343
0.455695560178419834 0.8901312493876007981 0.002813413824001673169 12.95643969612721946 -0.8901246361306507371 0.4557033776862965402 -0.003544533619150551894 -8.632970976730058865 -0.004437182321337717304 -0.000889060723224379258 0.9999897604396145168 -0.5008345975430690267
0.437379548205070634 0.8992693028540905686 0.003721794761435910041 13.11850577012666008 -0.8992630034144312168 0.4373920871326733018 -0.00376998723878383844 -8.975834343481430722 -0.005018117374573863136 -0.001697957020022795426 0.9999859676215328008 -0.5081552703827374451
0.4188320876102161749 0.9080528431131792422 0.004440326805571786876 13.25898074773026281 -0.9080434506982164589 0.4188503960990747066 -0.004630046622220745055 -9.318077773134248787 -0.006064159640377202176 -0.002092797582241849325 0.9999794228713587696 -0.5105539424774319102
0.4003684081744884882 0.9163397253198944936 0.005161931468623144441 13.37898890591244339 -0.9163306715690069382 0.4003921701020906054 -0.00492041287205715553 -9.678408793803669141 -0.006575566722281619633 -0.002760058260089848226 0.9999745716770410686 -0.5179957077329777615
0.381084579459300965 0.9245244934003202797 0.005385573433615844889 13.51385522089671198 -0.9245154681073930458 0.3811105178974508734 -0.00509140237113284589 -10.04543500434031955 -0.006759624878328871107 -0.003038791012544843958 0.9999725362332139156 -0.5223447342839798724
0.3612336137473215469 0.932458803456752916 0.005554831685248754966 13.64109189114873288 -0.932449302937114699 0.3612616386440804517 -0.005322207839106285129 -10.43041756688491617 -0.006969487150406221236 -0.003257038562008514673 0.9999704085365056505 -0.5284481653409506263
0.3413393622422646878 0.9399222181419846223 0.005802036461043026672 13.76002441444891922 -0.9399116997605515555 0.3413705428341385906 -0.005670021019029795016 -10.83641662342980005 -0.007310023069367883528 -0.003518000593635781884 0.9999670930758414178 -0.5369309772988577478
0.320433741478676648 0.9472493261987133817 0.006397760394115998249 13.89665355920190493 -0.9472376402641586868 0.3204717948187217891 -0.006219452745683238561 -11.2365557953014914 -0.007941674178995671712 -0.004067276945448820673 0.9999601927424329739 -0.5424310826144644881
0.2992870617438897485 0.9541401029186274974 0.006627116653588862455 13.9831287536102522 -0.9541249580000934483 0.2993299897690883116 -0.00686452810888397557 -11.63311958855804562 -0.008533416316415675176 -0.00426863295080096624 0.9999544787532590462 -0.5473782153678612428
0.2800854401368588764 0.9599585652368155531 0.005630208860817700368 14.08780323409622071 -0.9599358071917589719 0.2801222138866806821 -0.007402118502876038619 -12.07372020662868195 -0.00868287362847042915 -0.003331413468644012135 0.9999567537598078593 -0.5550583562590640785
