1 0 0 0 0 1 0 0 0 0 1 0
0.999999995317899848 9.238936772207502479e-05 2.878202750920487825e-05 0.8354382988133262078 -9.23903639576767287e-05 0.9999999951329558989 3.46137075842815748e-05 0.3902658460986352384 -2.877882943056325477e-05 -3.461636660421374439e-05 0.9999999989867430772 -0.1032793239823504572
0.9999999703983775134 -3.645510821043871318e-05 0.0002405707153365773082 0.8363825559634365803 3.643620788398120987e-05 0.9999999962497007067 7.856845038000264444e-05 0.385407657557523875 -0.000240573578655725633 -7.855968256965424482e-05 0.9999999679763642568 -0.102051713261726254
0.9999999520499426309 -0.0001180900546255064185 0.0002862775775439019548 0.8482497637491607234 0.0001180575890997848478 0.9999999865991540116 0.0001134200043247656517 0.3701467286624486874 -0.0002862909674820465419 -0.0001133862016456517837 0.9999999525905244324 -0.1014533563765137869
0.9999999898167764023 0.0001191681264911083674 7.852009132431197753e-05 0.8435655545053848403 -0.0001191911489757514308 0.999999949894376905 0.0002932656024438520933 0.3756678170300345454 -7.848513947760634942e-05 -0.0002932749583573655231 0.9999999539149397876 -0.1052450597137467581
0.999999985334064645 0.00015318922013073539 7.65828531944398144e-05 0.8397323290286076158 -0.0001532042378732634508 0.999999969030627045 0.0001961305852704176413 0.3838221989607540352 -7.6552805731315511e-05 -0.0001961423152116369638 0.9999999778339297984 -0.1043608777009090577
0.999999987242999766 0.0001467432104993103255 6.309065233623411021e-05 0.8398685030496413351 -0.0001467422271805899042 0.9999999891118328543 -1.559015337457166751e-05 0.3852832333716591506 -6.30929393984508988e-05 1.558089511284998425e-05 0.9999999978882583296 -0.1046032604524981813
0.9999999974309456974 2.815200743256307685e-05 6.592096147928821408e-05 0.8433778309553943142 -2.814471635856958086e-05 0.9999999934875819507 -0.0001106015870756480986 0.3798035699472854798 -6.592407470668475492e-05 0.0001105997314647436905 0.9999999917108578495 -0.1083513983974932898
0.999999995678025666 -6.404750464279865057e-05 6.739336597612966071e-05 0.8399458646873255718 6.404596398688689786e-05 0.9999999976877089747 2.286255624685671386e-05 0.3830933886161189683 -6.739483010997396296e-05 -2.285823987495507069e-05 0.9999999974677188375 -0.103870639964905781
0.9999999906321757059 -0.0001368397723250191057 -3.24426386125534792e-06 0.8365691211426138363 0.0001368398148319126999 0.9999999905515545295 1.310556945395785406e-05 0.386233298294713423 3.242470467461828617e-06 -1.310601327565322201e-05 0.9999999999088593494 -0.106616709295690143
0.9999999820721214849 0.0001846546507622689667 4.193347944886191878e-05 0.8348066833469208747 -0.0001846555061388015923 0.9999999827431844679 2.039545999121845238e-05 0.4015005812073600966 -4.192971260868178467e-05 -2.040320287344291639e-05 0.9999999989128042222 -0.105965982163502323
0.999999951339299753 0.0003119518983757270901 2.722341938592524163e-06 0.8394466137490239621 -0.0003119520448180918893 0.9999999498871627868 5.39591858511986644e-05 0.384154657149298695 -2.705509131707155576e-06 -5.396003246564133225e-05 0.9999999985404975922 -0.1073294280288100144
0.9999999623131577975 0.0002745048156559159775 -4.559524326351387036e-06 0.835490245855940783 -0.0002745044627285993743 0.9999999593417586707 7.722552062493997593e-05 0.3931328105997215494 4.580722918272228292e-06 -7.722426610477846234e-05 0.9999999970077148026 -0.1072893975181568593
0.9999999608635155024 0.0002612671812443711594 0.0001000621183268273861 0.8307241434811984959 -0.0002612713877088507957 0.9999999649854637296 4.202776690641503026e-05 0.3925251361888888457 -0.0001000511343470050866 -4.205390863010832026e-05 0.9999999941106195722 -0.1022668284341279044
0.9999999691318326445 0.0002476875670850131324 1.967747385598969933e-05 0.8311424802057786332 -0.000247684387493361097 0.9999999562973993505 -0.0001614238010219718454 0.3937066541033345524 -1.971745566457766525e-05 0.000161418922236055486 0.9999999867775766216 -0.1041546906341326295
0.999999971497220197 0.0002386592103339300755 6.880407967736526498e-06 0.8280925640210712313 -0.0002386591125084175466 0.9999999714198762879 -1.421529818503175586e-05 0.4001504269098239419 -6.883800382933116868e-06 1.42136557077969677e-05 0.9999999998752926444 -0.1042893111758011471
0.9999999975123123885 -2.673109763108812208e-05 6.527498396003062657e-05 0.837880531747264623 2.673216139011391361e-05 0.9999999995099198014 -1.629576233308406501e-05 0.3875260163119034207 -6.52745483244267558e-05 1.629750723395125581e-05 0.9999999977368122517 -0.1026269924969611808
0.9999999828477210695 -0.0001846896714031886946 1.393854014248836846e-05 0.8450403095497955874 0.0001846906315665281016 0.9999999805699995026 -6.891568160923304456e-05 0.3715141370722641612 -1.392581185707159023e-05 6.891825474495407399e-05 0.9999999975281729236 -0.1038453554716530086
0.9999999962164721756 6.705750823805058146e-05 5.541070403718935307e-05 0.8389461501947526045 -6.706157453070773144e-05 0.999999995058619584 7.338600646095983762e-05 0.3677646184684674191 -5.54057826806511749e-05 -7.338972211236043824e-05 0.9999999957720739907 -0.1046227930619474666
0.9999999994478544485 -9.307566331219625891e-06 3.190079005867397621e-05 0.834835958379370302 9.304837070824740149e-06 0.9999999962969909895 8.555371392022336613e-05 0.3977428264066028563 -3.190158623741226406e-05 -8.555341704133133146e-05 0.9999999958314508275 -0.1045500309641299863
0.9999999744989680472 0.0002124650752864509079 7.655491574021466806e-05 0.8385599862521057046 -0.0002124565249098763885 0.999999971194869719 -0.0001116802790299487383 0.3950769902722808813 -7.657864169393245807e-05 0.0001116640115906234333 0.9999999908334300525 -0.1014461023014476548
0.9999999862331695466 0.0001259930813824953588 0.0001079787212362322654 0.8342476845276116659 -0.0001260042960918498047 0.9999999866680238103 0.0001038598557477964324 0.3839834896471348014 -0.0001079656341734049117 -0.0001038734601007376739 0.9999999887768630247 -0.1026802576040085069
0.9999999922686869658 -0.0001216472765507599628 2.577917815071028388e-05 0.8352093478244836389 0.0001216472307877283337 0.9999999925993972028 1.776754130764135869e-06 0.3754613200547974872 -2.577939409722993229e-05 -1.773618151393476171e-06 0.999999999666138506 -0.1047957321507822226
0.9999999932044060236 -9.990283975704663524e-05 6.008835590801911186e-05 0.8453821813473096913 9.989569307625588315e-05 0.9999999879385564894 0.0001189274454406457081 0.3720968149757333809 -6.01002363727913731e-05 -0.0001189214420645038402 0.9999999911228261151 -0.1053240798189997302
0.9999999888051742669 0.0001262585829105113057 8.030206395840671784e-05 0.8369626517506957297 -0.0001262624828348139923 0.9999999908497362311 4.856246431688204866e-05 0.3849453187526852838 -8.029593179569435781e-05 -4.85726029112058729e-05 0.9999999955966327736 -0.1031780681761182983
0.9999999698872245046 -0.0002452665376994500211 8.359158108310326213e-06 0.840829292498181502 0.0002452665918171112198 0.9999999699011949961 -6.473646316227081095e-06 0.3749413632648794792 -8.357570087891383432e-06 6.475696343507308857e-06 0.9999999999441081533 -0.1029358011077302626
0.9999999867368375428 -0.0001613813129353574422 -2.19635283031239342e-05 0.8478808195216900323 0.0001613821375077645684 0.9999999862730437616 3.754620990136767921e-05 0.3726761091354199862 2.195746874498191316e-05 -3.754975392453096194e-05 0.9999999990539427674 -0.1044549573414760568
0.9999999060000070994 0.0004275026617288183481 7.239786676346664229e-05 0.8340420571420397167 -0.0004275058978889387717 0.9999999076207474191 4.46900867392977926e-05 0.3811358501578611113 -7.237875494437188625e-05 -4.472103305346591685e-05 0.9999999963806724956 -0.1029882172541292107
0.9999999027821272479 0.0004153838042127378167 0.0001479595592525094797 0.832095962502236608 -0.0004153918585332422547 0.9999999122446072697 5.44093886271835553e-05 0.3894552795856185412 -0.0001479369454894274068 -5.447084453392419677e-05 0.9999999875737936028 -0.09969612432204000285
0.9999999598603852569 0.0002743420137874575684 7.082151769514436726e-05 0.8272688358423534449 -0.0002743441034129333149 0.999999961932604875 2.949748837580400614e-05 0.3957821786349076665 -7.081342259879097752e-05 -2.951691665756060368e-05 0.9999999970571054053 -0.1009251153852906147
0.9999999679522009188 0.0002466370300144276467 5.714693922870115226e-05 0.8256221435251438479 -0.0002466346248880045382 0.9999999686998992665 -4.208993147504384234e-05 0.3967495004834422634 -5.71573183756887159e-05 4.207583571223400676e-05 0.9999999974813325032 -0.1016567310121836432
0.9999999481097249232 0.000308635739235974709 9.232837049727622442e-05 0.8320394778225421728 -0.0003086448819865413723 0.9999999474660502541 9.902642821511653374e-05 0.39601473896688133 -9.229780255202617919e-05 -9.905491975562407e-05 0.9999999908346192123 -0.102047268964193999
0.9999999874653672238 0.0001250159002344942039 9.716115547594018735e-05 0.838004118990789193 -0.0001250249426004768126 0.9999999878538209375 9.306514791908109506e-05 0.3917504320017344832 -9.714951967255582965e-05 -9.30772943204300103e-05 0.9999999909492940375 -0.1017841861754861382
0.9999999968462675026 4.735325039694251168e-05 6.375840882595694252e-05 0.8473300038111739596 -4.735555920414927098e-05 0.9999999982231150275 3.621078448762834849e-05 0.387986565777234893 -6.375669401432068021e-05 -3.6213803688533144e-05 0.9999999973118222085 -0.1027522230019989602
0.9999999926502719516 0.0001211015646327732672 5.819545565592031079e-06 0.8494781271078628571 -0.000121101331377441334 0.9999999918646309549 -4.006501628746757363e-05 0.3805104816807747259 -5.824397454407330479e-06 4.006431123828459011e-05 0.9999999991804636723 -0.1042935809803754721
0.9999999990266718042 -7.380664188717276415e-06 4.349921978597924322e-05 0.8481520996380236266 7.377803316001454852e-06 0.9999999978100584386 6.5768161996880792e-05 0.3805917519769689283 -4.349970510343649895e-05 -6.576784100417879593e-05 0.9999999968911833514 -0.10459703310976802
0.9999999771865719644 -0.0002071114964801591522 5.226551105824619998e-05 0.8387625906643625395 0.0002071110297237330536 0.9999999785125867069 8.935740585217820451e-06 0.3829269810173370758 -5.22673606298003273e-05 -8.924915617548634348e-06 0.999999998594234496 -0.1020097021323858044
0.9999999943428703464 -6.142396637750220201e-05 8.68409787002487484e-05 0.8428842406166954238 6.142148776813254561e-05 0.9999999977063115386 2.85443115523474004e-05 0.3818171517511840252 -8.684273180589565982e-05 -2.853897748875751885e-05 0.9999999958219333296 -0.101500681732114767
0.999999961774597157 0.000274069917112435685 3.655796473261812147e-05 0.8473971529476047593 -0.0002740717783821214251 0.9999999611460310689 5.091754694942726451e-05 0.379997810476146114 -3.654400834432410027e-05 -5.092756450949182035e-05 0.9999999980354593587 -0.1021960879520932425
0.9999999999296499409 -9.026671071318420964e-06 7.695411014666932121e-06 0.8508023426802908684 9.026859054834483138e-06 0.999999999660886596 -2.442831730865386715e-05 0.3748756870658973561 -7.695190505672143725e-06 2.442838677232593198e-05 0.9999999996720190243 -0.1040908555820589665
0.9999999966861765621 5.974082156334062013e-05 5.530534350757507954e-05 0.8356209898884146003 -5.974167503493842438e-05 0.999999998096416487 1.543046823262008219e-05 0.3809852360917665992 -5.530442157344741345e-05 -1.543377221534576144e-05 0.9999999983516097979 -0.1033922126589083279
0.9999999937489724156 -0.0001009282789447112761 4.812003346971618862e-05 0.836860438077984603 0.0001009307539335133958 0.9999999935837635689 -5.143399292224748139e-05 0.3891388312925171955 -4.811484201658177827e-05 5.143884939198957554e-05 0.9999999975195034141 -0.1018909329796113539
0.9999999677125589459 0.0002529945109307798188 2.384656139404686212e-05 0.8360405258041631038 -0.0002529931179373536444 0.9999999662919732968 -5.839978174695859052e-05 0.3887253477818610747 -2.38613354144478717e-05 5.839374684545991438e-05 0.9999999980104035124 -0.1030138365601193096
0.9999999547876622374 0.0003001753833523871252 1.787212056263222561e-05 0.8340756180110004969 -0.000300174953516034904 0.9999999546583326904 -2.404848992069183203e-05 0.382595851136981302 -1.787933851696146755e-05 2.404312407044426338e-05 0.9999999995511287265 -0.1032564218101287429
0.9999999951287423805 9.598732219237708131e-05 2.299889408269728479e-05 0.838685616847133053 -9.598757031196036447e-05 0.9999999953350084958 1.078746579083853408e-05 0.3827320892951207032 -2.299785851545313556e-05 -1.078967334625286971e-05 0.9999999996773407673 -0.1043255550797151654
0.9999999911751172865 0.00013182896841561388 1.64586887390767814e-05 0.8274791117246976802 -0.0001318289240633643594 0.9999999913069336221 -2.695817817907925541e-06 0.3896049097762208091 -1.645904398288227711e-05 2.693648062889683168e-06 0.9999999998609220286 -0.1047950880274259866
0.9999999581346461497 0.000289225566950668104 8.903782762051644584e-06 0.8292914828463022747 -0.0002892255985792560906 0.9999999581679702709 3.551181487111797609e-06 0.3914397100492541526 -8.902755297109383784e-06 -3.553756540339302415e-06 0.9999999999540558626 -0.1061359056265377687
0.9999998636219473713 0.0005216707343335484073 2.481393852493335504e-05 0.8328542360766301167 -0.0005216695262279702656 0.9999998627461487155 -4.866815212386420763e-05 0.3892771193801649598 -2.483932386978184403e-05 4.865520081104224759e-05 0.9999999985078397158 -0.1049187650884179368
0.9999999955667155938 9.373861274023739018e-05 8.924198271144470165e-06 0.8499093091828637814 -9.373910641512900582e-05 0.9999999940755450734 5.533434541410475125e-05 0.3746556692646189068 -8.919011253497452838e-06 -5.533518171516326633e-05 0.9999999984292344823 -0.1065918770299560392
0.9999999963882155729 7.91860768004839789e-05 -3.087286948558142608e-05 0.8431799378274844603 -7.918463274789488461e-05 0.999999995771059913 4.677257857154145092e-05 0.3900844025182477193 3.087657309202083397e-05 -4.677013374577689226e-05 0.9999999984295958599 -0.1052615123214201975
0.999999996275906966 -8.601167929179863317e-05 7.083584013154593423e-06 0.8481937186104717696 8.60113916696180847e-05 0.9999999954770697475 4.059434738372792137e-05 0.3827861975046378262 -7.087075569104265604e-06 -4.059373796363181498e-05 0.9999999991509609387 -0.1052101852851057839
0.9999999313374333676 0.0003705080741185791914 -6.992542758525800637e-06 0.8444841221695753575 -0.0003705084128416890818 0.9999999301855504452 -4.850165101149166494e-05 0.3861181929813931601 6.97457201703743772e-06 4.850423847716300667e-05 0.9999999987993470896 -0.1055391527581152067
0.9999999987690211256 -4.830115439228259969e-05 1.135588854340354643e-05 0.8449384569849719417 4.830053901257151677e-05 0.9999999973655547825 5.418439243457291049e-05 0.3735260809276751415 -1.135850568219171472e-05 -5.418384387233546003e-05 0.9999999984675477238 -0.1054064749928151357
0.9999999968400545836 1.533717656201445863e-05 7.800424268097460711e-05 0.8346922101948585082 -1.53392887956416706e-05 0.9999999995157462518 2.707791923087434982e-05 0.3894967600866918733 -7.800382734437259563e-05 -2.707911567491536856e-05 0.9999999965910622013 -0.1027130742507754296
0.9999999521586201423 0.0003015716299522193389 6.882811549006787966e-05 0.8395890505304719476 -0.0003015796427301590328 0.9999999477461232189 0.0001164365489765412223 0.3751059812817534311 -6.879299793367115183e-05 -0.0001164573005645353371 0.9999999908526102654 -0.1048424574645346885
0.9999999940535043708 0.0001075403946442797293 -1.811227864054322406e-05 0.8512862501437780116 -0.0001075380654633261655 0.9999999859553966308 0.0001285487106402296079 0.3640478145454690839 1.812610256523671846e-05 -0.0001285467621164091236 0.9999999915735870992 -0.1074583687591572911
0.9999999930796946712 -0.0001071671375384374524 -4.853674000708415844e-05 0.8493411574681435372 0.0001071714810162268305 0.9999999902524865369 8.949469499793566061e-05 0.3687636405070000567 4.852714864368382611e-05 -8.949989613291530128e-05 0.9999999948174421727 -0.1069437758882978984
0.9999999984755476579 -5.311478388502435555e-05 1.509054084065333907e-05 0.8478947349991758919 5.311377499125023558e-05 0.9999999963550975091 6.684857461246695022e-05 0.3859469348700202973 -1.509409143324335149e-05 -6.684777299496878018e-05 0.9999999976517718325 -0.1047446898907392066
0.9999995166239502575 -0.0009694195446153745094 -0.0001642486298825314992 0.8276476570190272053 0.0009694441560391278776 0.9999995188645047772 0.000149829193930066482 0.4128765749233285209 0.0001641033035077358411 -0.0001499883513805996263 0.999999975286799847 -0.09489203075343677352
0.9999991121692652918 -0.001073806112769203546 -0.0007890507672313248205 0.7941380116616277851 0.001073734544399639751 0.9999994193954797606 -9.111987516658154459e-05 0.4484733104335981713 0.0007891481541838312169 9.027256320149452083e-05 0.9999996845479778296 -0.09466861252760458423
0.9999993767362002073 -0.0007578588542816261592 -0.0008198641156506307915 0.8092410985078650754 0.0007579721892308000693 0.9999997032260901086 0.0001379343761040605586 0.4939479341218370179 0.0008197593375481112979 -0.0001385557243331686712 0.9999996543984102093 -0.09310765861274014621
0.9999973285935768175 -0.002238344812064359951 -0.0005767306237450445629 0.8087851247434507673 0.002238583653161637342 0.9999974087459199135 0.0004138171978873961656 0.4705496452900358451 0.0005758028637114284828 -0.0004151071521600690583 0.9999997480685254292 -0.09595079620389224129
0.9999897219639877211 -0.004521149357756242514 -0.0003393742350416985407 0.8307089769123459089 0.004521300949530699526 0.999989678849294239 0.000447250052268206421 0.4430050819295756614 0.0003373486480225041566 -0.0004487798684672029991 0.9999998423962472849 -0.09444399385932986113
0.9999812215970742546 -0.006101253604536813029 -0.0005754630103756896899 0.8473784800466301892 0.006101970092792896594 0.9999805994955734967 0.001251636313047114254 0.4433897924921949008 0.000567815295536461674 -0.001255124267394932408 0.9999990511239815749 -0.09712194172228681699
0.9999590214253982756 -0.008967366513497790348 -0.001241695523256139497 0.9137383178610211099 0.008969545515937539862 0.9999582229771991626 0.001760554889693837811 0.4159758377763443371 0.001225856107950937246 -0.001771620189176731797 0.9999976793166611699 -0.1001884286610282976
0.9999319873361022237 -0.01160326090304365093 -0.001176876581868286937 0.965603739987924814 0.01160639213442984236 0.9999290262244650007 0.002689642246657014159 0.4244488393733677478 0.001145584433770123175 -0.002703118608025877924 0.9999956903837616817 -0.1045545964965081814
0.9998863253237465498 -0.0150773924207084891 -9.310406487262327295e-05 1.016668860509794436 0.01507765682139365453 0.9998765325556301375 0.004425371092482937967 0.4105914884925673247 2.636951298304832735e-05 -0.004426271830995524847 0.9999902036631793667 -0.09801385179625086985
0.9998521940356297488 -0.01717270830175626067 0.00082956116124425171 1.061978357096621917 0.01716730392445378964 0.9998338187691727663 0.006133393955919485066 0.4128381247794887798 -0.0009347502890541897974 -0.006118246075131963946 0.9999808464700017385 -0.1019057293278367304
0.9998089353554705516 -0.01939408702743948207 0.002441755870790405809 1.120166660139148007 0.01937555812486694423 0.999784919229904534 0.007396149525471825206 0.4074036158020809539 -0.002584672263622287292 -0.007347425999990620134 0.9999696669401848537 -0.1042935002762100244
0.9997439743489813235 -0.02173046345760746428 0.006306560934534965156 1.173072924549363627 0.02167733982990621353 0.9997299556987020441 0.008373088830887713552 0.4076060680740597464 -0.006486808984560712629 -0.008234235640832823777 0.9999450578269833967 -0.08524861326563545894
0.9996927017682258887 -0.02336430693990613691 0.008283187343211845244 1.213846590344747511 0.02330076853119013303 0.9996989541211026564 0.007686046775126831841 0.4230222882078956137 -0.008460272879806576135 -0.007490680235558839356 0.9999361547080932722 -0.08304234324857154292
0.9996301479090922149 -0.02481657695476659556 0.0111222704289455649 1.244992002908355211 0.02473415976579725409 0.9996660242224403303 0.007487413170066867761 0.4449509678331343698 -0.01130436782515792729 -0.007209543920902485893 0.9999101128324116017 -0.08085436897999148664
0.9995767023892609959 -0.02619159752378309378 0.01266555406458356667 1.296527336191647617 0.02609068487419737015 0.9996270208343251973 0.008068170838980464471 0.4513900698211896767 -0.01287214836016344933 -0.007734302621685130649 0.9998872378221206336 -0.08363100034509413083
0.9995268846030778143 -0.02774208616165833516 0.01328094917784873076 1.357021041264964367 0.02763584474225901783 0.9995850982787702899 0.008117350824191302619 0.4342248141370363967 -0.01350063113514439993 -0.00774648013102529915 0.9998788551642305844 -0.09076934812654115226
0.9994741142636396347 -0.02939721437611520979 0.01368571166720369305 1.405932613975769518 0.02929110331824062025 0.9995397805706965899 0.007890394355406638374 0.4220323569994764989 -0.01391136885116858041 -0.00748537531513315639 0.9998752137007289598 -0.09613618566391407549
0.9994308946162144824 -0.03048180306879106488 0.0144480645177310664 1.449287587593354409 0.03037653363963187941 0.9995107591549527992 0.007450405192349587868 0.3988754780907601827 -0.01466809771829301334 -0.00700728300879280893 0.9998678637170820283 -0.09295810877640600656
0.999413879949459294 -0.03083856575477912296 0.0148620128702658099 1.459136401994070464 0.03073213329821571776 0.9995007247768695757 0.007337380558007224746 0.4208637385439901735 -0.0150808669282797847 -0.006876338611534923463 0.9998626322750495676 -0.09939411671911752011
0.9993867316026889824 -0.03149421308685571019 0.01530605234979027889 1.481390568572184652 0.03137972291383359785 0.9994781550482497723 0.007663587358266689235 0.4410437689047126408 -0.01553942361691129995 -0.007178587840688781772 0.9998534863620107682 -0.09957062956652205921
0.999375709284995084 -0.03159333411971647354 0.01581306201571986911 1.480453345107229701 0.03147581802376554772 0.9994754197013993036 0.007626158433082686969 0.453028269527096461 -0.0160457025663521477 -0.00712366843077643936 0.9998458825125202676 -0.1007596325234847573
0.9993712445366829122 -0.03182200398279243919 0.01563571730752149128 1.489023481247102154 0.03170718027602894423 0.9994687788129694717 0.007537565724746457703 0.4459666365325100079 -0.01586727172972675695 -0.007037061931702301085 0.9998493433749028325 -0.09979211906480761618
0.9993703914247435982 -0.03223214655752913715 0.01482934495683452432 1.488855907725825656 0.03212210858983443468 0.9994550593095317126 0.007599642118103549712 0.4315121211794072931 -0.0150662166218900398 -0.007118507489237559799 0.9998611583454114493 -0.1036325878365252084
0.9993793122631596804 -0.03244506283362891957 0.01372254051318013909 1.481244943800184011 0.03234567518749407317 0.9994493197548935948 0.007403684092770147253 0.4350970254016606198 -0.0139551967767971262 -0.006955223878659771639 0.9998784312823827403 -0.1069753335265248573
0.999367964197906633 -0.03321099847458915122 0.01267681802552735916 1.492794328168542739 0.03311635948046077332 0.9994225772062682589 0.00760387435073163042 0.4296141618557047237 -0.01292203040131054484 -0.007179258367105600253 0.9998907337202430634 -0.09918521816216005482
0.9993451301949011212 -0.03398677679947142982 0.0124181221816800566 1.524449897601598103 0.03389401285469587771 0.9993964923050352445 0.007605725540495434679 0.4117416488561821408 -0.01266912184572925766 -0.007179844787636046992 0.999893965968633891 -0.1011820030881464827
0.9993166295848019409 -0.03461179916592080352 0.01297294082965016505 1.565607554887876063 0.03451502324529148735 0.9993751978029257188 0.007610991179870979333 0.4020264219016064788 -0.01322826540588857396 -0.007158028699373156049 0.9998868814118376802 -0.1057520711595140855
0.9992816278428150456 -0.03519657420439794432 0.0140509579775904489 1.597082244824003183 0.03509264685238513981 0.9993553488154587328 0.007575812222240882292 0.4175809654954795724 -0.01430854264792494161 -0.007077284663427077689 0.9998725807067044835 -0.1035249693773910573
0.9992464784189339921 -0.03580436279136047645 0.01498409064519911835 1.630497114168533157 0.03569478897671280598 0.9993344638454412232 0.00751740717617221943 0.4285351292398711931 -0.01524327416491759978 -0.006976888694042994617 0.9998594729345139376 -0.1057346604580235438
0.9991954269468978911 -0.0367152452455089956 0.01613968819304114136 1.650265013663104519 0.03658993369648737976 0.999298404646302485 0.007992197660305793913 0.4485599455076808573 -0.01642180015994348583 -0.00739521723256789023 0.9998378044670995779 -0.1074219081426458361
0.9991546811369994563 -0.03725872575737835396 0.01736981626147527172 1.708930732603709535 0.03711972636876552378 0.999276709534599572 0.008257341945901589333 0.4505548633084188737 -0.01766491087803483129 -0.007605599032294776442 0.999815035787635642 -0.1040040139761845561
0.9990848051995473433 -0.03842586195807216887 0.01878843133850252242 1.766457600648848825 0.03826586033406273457 0.9992288207556833113 0.008802710042963691681 0.4568827489376667828 -0.01911219381118885868 -0.008075698359007215527 0.9997847304013689484 -0.1050609682615661206
0.9990429470124776445 -0.03880379223887187035 0.02018553275259682769 1.845896772436129929 0.038633370361288423 0.9992150066556082511 0.008765453140608576305 0.4495778110870645161 -0.020509820066280781 -0.007977228974722380336 0.9997578262252982961 -0.1109448578436626753
0.9989500839112617214 -0.0393025859282611148 0.02353798192357848748 1.909634091792915322 0.03908351300217291491 0.9991889023691487015 0.00969620512080636085 0.4452801969967737361 -0.02389997625714378876 -0.008766077896495229338 0.9996759209930088375 -0.1104209921329340205
0.9988550363489075989 -0.03999143120809394575 0.02625455751580571886 1.970080055960085286 0.03974912964131144255 0.9991627333068106021 0.009687056499342807867 0.4503479417452659339 -0.02661997470285569489 -0.00863236936139395207 0.999608352879280293 -0.1099761204192462871
0.9988208507317392071 -0.03975525357042093005 0.02786445687746728211 2.032334060774265261 0.03949150659245163203 0.9991703369803176527 0.009952818982418305122 0.4620648620136268425 -0.02823701561041905284 -0.00884067374072647176 0.9995621608670602898 -0.1104428893168798165
0.9988006629477732545 -0.04000809350970513378 0.02822389322555103955 2.095795501197244892 0.03975338343852219403 0.9991640843240062742 0.009528961231942271667 0.4561853270897987533 -0.02858153600278412823 -0.008395537546144332675 0.9995562068983578907 -0.1141555143239833536
0.9987867935005271258 -0.0401087807009851624 0.02856968392572103999 2.150457577359256689 0.0398507564176251855 0.9991600574288060921 0.009544467078258929774 0.4531573628786229602 -0.02892850396889593348 -0.008394364153713130411 0.9995462352030427544 -0.1150621530077548804
0.9987533773800146841 -0.04063197520894150372 0.02899540933723818506 2.19905298961592699 0.04037597110181120885 0.9991407081108899524 0.00936089489606001246 0.4529075456992532889 -0.02935084546652349038 -0.008178507583253762786 0.9995357121604564465 -0.119713117115907805
0.9987146405895086509 -0.04131500965338878728 0.02936216356995802537 2.241974095933083611 0.04105809437207672691 0.999113480071712301 0.009299829327778461399 0.4526775366966916958 -0.02972035596526765092 -0.008082321221812347953 0.9995255757232854865 -0.1219448823075539312
0.9986974786692582873 -0.04151620862190685129 0.02966058868816915522 2.27798580492322289 0.04125834003356462082 0.9991056566236119485 0.009253987269061797125 0.4450979595112893872 -0.03001825240318296145 -0.008018187099557249134 0.9995171900464220327 -0.1256039523659231716
0.9987132109437150129 -0.04078184880630934817 0.03014569777653035645 2.294329581156266507 0.04051839353701961605 0.9991355162671565759 0.009299457981076697868 0.4550195079166812206 -0.03049888640055222616 -0.008066036294359752237 0.999502254618179542 -0.1211500201297471824
0.998690346720280786 -0.04117250432335758936 0.03037130644981426639 2.306420933272899987 0.04091636868860985127 0.9991219718782616832 0.009007557017961222157 0.4626176783176678686 -0.03071550326892229579 -0.007753076669115037053 0.9994980978776796254 -0.1211975223417395831
0.9986860499890655163 -0.04144685195626633678 0.03013854708098961249 2.317798422867336061 0.04119657206998389443 0.9991116115111275953 0.008878636906657782352 0.4729884113922778188 -0.03047976389213520945 -0.007625365994690605324 0.9995062970219480425 -0.1223760641292831464
0.9987260542941539532 -0.04116004081754588012 0.02919108620672739712 2.358844566680430077 0.04092808448674006144 0.9991259401488895575 0.008499860107306965104 0.4650635266592568762 -0.02951542603922397909 -0.007294296504494318309 0.9995377095758957164 -0.1243863158620284737
0.998735363154139244 -0.0415993376820218419 0.02823419008554593074 2.374015031695849487 0.04137237851792875676 0.999106991973499281 0.008575831471948297188 0.4514980899878868192 -0.02856572563648347718 -0.007396870560118622324 0.9995645480031681851 -0.1276138508402545613
0.9987451358305581284 -0.04173864117240051741 0.02767741837458016774 2.386720076138603375 0.04150541521887774615 0.9990982062679854003 0.008948449005422290034 0.4527876780166572024 -0.02802595515425846881 -0.00778845717556976222 0.9995768533597183536 -0.1223512934660047347
0.9987506277497898433 -0.04163491526075360771 0.02763543740617593197 2.417421348957165872 0.0413869267407638991 0.9990981628999082709 0.009485946709900721849 0.4525410426156102339 -0.02800546133088051975 -0.008330349407936029488 0.9995730585676998459 -0.1262386114241793589
0.9987315555591790295 -0.0416269965467442396 0.02832795595943726763 2.453282031954292286 0.04135402460068011293 0.999092949286172205 0.01015496607500084893 0.4628745469885526265 -0.02872498180449934227 -0.008970610077102736044 0.9995470992280333089 -0.125594287508212471
0.9986760543269884716 -0.04214723148328824304 0.0294915139009871291 2.501764987256749784 0.04182844616260684989 0.9990604018334960923 0.01134436335433642445 0.479268344493116949 -0.02994193723692408632 -0.01009575983209916837 0.9995006533404131588 -0.1229275849856804326
0.9986348119269781165 -0.04232994065435531639 0.03060536769535200999 2.561082823642561124 0.04196266556444698537 0.9990404189820399905 0.01254495671241786375 0.4705898814544416942 -0.03110702663861196829 -0.01124354767806051009 0.9994528180606205847 -0.1298146024284062561
0.9986136102536415926 -0.04181296676933277112 0.03197707344543485736 2.603256093402440463 0.04139071746194944446 0.9990483526597753183 0.01375491024232082179 0.4795397018776260678 -0.03252177615341965422 -0.01241228656355878625 0.9993939509613268823 -0.1300496401385478062
0.9986081102592043734 -0.04092836526833128902 0.03326726680992463103 2.648252643338404599 0.04044711137037496074 0.9990688863959931165 0.01501304157266876438 0.4891010603709685656 -0.0338507504545046134 -0.01364658022847663014 0.9993337268108860583 -0.1259316017745256699
0.9985847774200194982 -0.0408298095789313073 0.03407886375392180089 2.694502673071574428 0.04031737268543166691 0.9990652751472690607 0.01559119798654386504 0.4907403693862468774 -0.0346835950379161817 -0.01419516272044144857 0.9992975260604751719 -0.1289607077932558021
0.9985580933828587247 -0.04107804208621625847 0.03455905956407290258 2.729851344454719442 0.04054848428227102869 0.9990512559742348309 0.01588736475046467755 0.4974948967883304207 -0.03517889370063408822 -0.0144631391705581664 0.9992763697012616575 -0.1319989174654606079
0.9985169929579013059 -0.0417398010914362752 0.03495144888495825553 2.765100825435885312 0.04120184996545092626 0.9990231578167292348 0.0159730305613861312 0.4816748432599370355 -0.03558401795378068888 -0.01450927809154676194 0.999261356460624417 -0.1355310298559839199
0.9984923976724492389 -0.04193471634110493285 0.0354176701056759316 2.785432843847460482 0.04138028086854996651 0.9990113958472410793 0.0162451014951235026 0.47773564780652783 -0.03606388977305888255 -0.01475501720561564131 0.9992405542819500219 -0.1365239199864972108
0.9985056963345019243 -0.04127409893370510841 0.03581652055633255394 2.795239307572510157 0.04071451528720112373 0.9990392376600235602 0.01621511210591274413 0.4824553523341670314 -0.0364513735335135966 -0.01473262953073125985 0.9992268245972134588 -0.1348573845229230628
0.9985137005119346654 -0.04107961086607844065 0.03581697169016372778 2.793772002371510244 0.04052069333961749731 0.9990474631498991176 0.01619381934651985613 0.4906176411539101001 -0.03644809050196043398 -0.01471842195490441485 0.9992271537312815699 -0.1365056335357164863
0.9984991339472940597 -0.04155111845545771815 0.03567890219168966953 2.79310337649298468 0.04099111749194354198 0.9990267656359843595 0.0162864922455915502 0.4955135333423894561 -0.0363209002265268352 -0.01479953033053937016 0.9992305870562260273 -0.1325335964031250091
0.9985376925083611077 -0.04095312242801397301 0.03528906917834025159 2.799170866807710656 0.0404034425751717205 0.9990528951905439659 0.01615160795297917312 0.4865318074512487434 -0.03591710550910786476 -0.01470218945558918536 0.9992466197876576084 -0.1367297750159047476
0.9985505820132275501 -0.04091470526037838118 0.03496744277897588515 2.802656815889219111 0.04037469887657011564 0.9990562970775682672 0.01601246265518970965 0.4816584750553793981 -0.03558958909106530594 -0.01457745393111990924 0.9992601658152971966 -0.1354776313276691568
0.9985386551611680206 -0.041275387777351083 0.03488404381311531466 2.804858565588797426 0.04073894795248579614 0.9990424859753763709 0.0159514681413540152 0.4665449307493675923 -0.035509044885081123 -0.01450701830043911456 0.9992640562691025297 -0.1317080126903877324
0.998544193615738207 -0.04122468937200829409 0.03478531849037153068 2.799771063833412121 0.04068787078631864312 0.9990437608047650908 0.01600191138418247463 0.4834317236056621114 -0.03541172923158363017 -0.01456327515543181378 0.9992666913540029228 -0.1337051239347307741
0.9985450592391610369 -0.04140765071653190049 0.03454230929162174779 2.802566183162981783 0.04087308230266305936 0.9990355697884063524 0.01604124186695187262 0.4781428544323572671 -0.03517322578524884752 -0.01460605215970467094 0.9992744905320899429 -0.1366736758528722673
0.9985293572444084997 -0.04151145567582255336 0.03487006981270163175 2.80058139764589642 0.04096760145199639103 0.9990296352452795459 0.0161692155948931493 0.482462094055995494 -0.03550744080244096906 -0.01471689333242487061 0.9992610443214041682 -0.1334254351845914621
0.9985360688737443535 -0.0412509856160606439 0.03498678813313015751 2.783839874059517161 0.04070543416386264435 0.9990404214637559344 0.01616489749588071595 0.4943984898548238749 -0.0356200335162731585 -0.01471708079832562306 0.9992570343735764915 -0.1340882283587940815
0.9985322232678669474 -0.04141098222625638064 0.03490744400249580492 2.788367424898949842 0.04086945507698380026 0.9990349842145462844 0.01608688773975838066 0.4927123540377508215 -0.03553993159027047516 -0.01463662756572919714 0.9992610681879190437 -0.1303558072666085033
0.9985277985450301541 -0.04156554728229976819 0.03485026272409726816 2.786267342050465778 0.04102563415705356292 0.9990288993933191808 0.0160672187694367169 0.495154424482316724 -0.03548426235427898368 -0.01461381045779101828 0.9992633805304167449 -0.1309855964472624867
0.9985422254895850447 -0.04116056083137747262 0.03491750487009490089 2.784139531481301333 0.04061794813469606774 0.9990448735917123457 0.01610971258113295251 0.501308740219250204 -0.03554723904375368948 -0.01466795085095555506 0.9992603489652734927 -0.1314067196618097788
0.9985533400241630719 -0.04095913597546860935 0.0348364221287318504 2.777796375313569044 0.04041596351981775748 0.9990523144797086585 0.01615620083751538594 0.5140463122155843889 -0.03546515218285246213 -0.01472488074248637022 0.9992624284279714164 -0.1326223846507794957
0.9985527604604895746 -0.04097062353415469732 0.03483952617299460042 2.775634116862772061 0.04043171796043059513 0.9990536320352750854 0.01603485266203981061 0.511409774085374913 -0.03546351307336035458 -0.01460302449315552253 0.99926427481229807 -0.1346662621147631245
0.9985303441220775289 -0.04154769293637550903 0.03479857869382114305 2.794881929611463534 0.04101093440653148792 0.9990305925188406322 0.01599932719077095528 0.490874132772636973 -0.03542957982461239497 -0.01454869145726941058 0.9992662710460773479 -0.1343553276804991536
0.9985163319056900022 -0.04183419121273442703 0.03485735737519922439 2.793315284872434301 0.04129045406632417953 0.9990162380075664483 0.01617574110221893513 0.4902368951745437187 -0.0354997650781347443 -0.01471246555766964406 0.999261382240208329 -0.130968133098239653
0.9985255876869035818 -0.04162251865111109977 0.03484561200010421328 2.79388676083952614 0.04107875937320387694 0.9990249244068807322 0.01617825522683509834 0.4928212621242353819 -0.03548501462423699071 -0.0147229872975599297 0.9992617511854207102 -0.1353732258182173964
0.9985372521062804152 -0.04135776660767814805 0.03482658894097195867 2.79740275313691189 0.04081876568757865364 0.9990376765448535368 0.01604833983946851728 0.4875910020290528668 -0.03545679799109276165 -0.01460328679049148481 0.9992645092722614031 -0.1366418568234801789
0.9985394408754869611 -0.04127557599980342246 0.03486132300923600047 2.795894121740965854 0.04073670862763333067 0.9990413344484361247 0.01602911830623288819 0.497125991453138294 -0.03548951375064385988 -0.01458557127343176364 0.999263606624583578 -0.1359077626498646496
0.9985413763208781379 -0.04119880777813526157 0.03489667624383106792 2.789883821763377458 0.0406538637931227187 0.9990422051741181253 0.01618442583242943669 0.488712892989013048 -0.03553003143675399766 -0.01474213412282785254 0.9992598692770603419 -0.1323453968558345739
0.9985436658254999154 -0.04122028332278009077 0.0348056846299872602 2.790383802522558021 0.04067968025733162407 0.9990425152005145693 0.01610019987425010193 0.4975948394590577473 -0.03543601351638834412 -0.01466086848107154422 0.999264403389536815 -0.1329655364312657129
0.9985425005100569962 -0.04121723881884205298 0.03484270223839236458 2.790124135470049005 0.04067868472310705308 0.9990437306505979276 0.01602712878008974787 0.4941550056182404393 -0.03546997722470074388 -0.0145864139488108592 0.9992642879858126825 -0.1348213123470531349
0.9985403525413824033 -0.04121362098973219146 0.03490847735789187611 2.786424730967386409 0.04067188474115877861 0.999043004208110097 0.01608954736578739261 0.4866770741038032311 -0.03553817859898899395 -0.01464626873127508437 0.9992609892686282747 -0.1331038387616839125
0.9985450320532615054 -0.04111626280463501204 0.03488942382343264426 2.784915121089965417 0.04057554007355169273 0.9990472763831568237 0.01606751689390544316 0.4999615293102976921 -0.03551682009260574008 -0.01462848195735031234 0.9992620091878470223 -0.1341003007810495085
0.9985394909934871555 -0.04125716951993213533 0.03488166982343410272 2.789131954114773215 0.04071601810921048059 0.9990412834736107639 0.01608476871860532037 0.4879499064203366987 -0.03551184021981872857 -0.0146410340688136794 0.9992620023425277109 -0.1340361609690776667
0.9985398200252565415 -0.04120525370202957754 0.03493357827763393653 2.792390641993754752 0.04066284812883073224 0.999043237610889423 0.01609789321630364367 0.4765664210835031112 -0.03556347291786681603 -0.01465388860689359127 0.999259977654822773 -0.1329015661766591028
0.9985351951688554717 -0.04129953153442108421 0.03495443754565324967 2.79140405327976282 0.04075324719839539672 0.9990379109483265019 0.01619954724027962423 0.4797456616811648367 -0.0355898419760764459 -0.01475131123124083163 0.9992576054076731662 -0.1315093705410550207
0.9985283413742117586 -0.04150347006463910721 0.03490864427415269616 2.801675504406725636 0.04095932602559485686 0.9990301030984126696 0.01616127206329828411 0.4640570957219746773 -0.03554553535951817528 -0.01470765364592608454 0.9992598259913367809 -0.1355488090011589541
