1 0 0 0 0 1 0 0 0 0 1 0
0.9999997466887721176 0.0007096558024656022222 5.487288696016338202e-05 0.834842095259944128 -0.0007096608160966398973 0.9999997440135064419 9.140266829968883957e-05 0.3896771751426953423 -5.480800847952574422e-05 -9.144158628410842726e-05 0.9999999943172592776 -0.1040329335811938094
0.999999953874968206 -0.0003025455944455976019 -2.676237552291706534e-05 0.8348384227823104631 0.0003025484879366501 0.9999999483807511247 0.0001081799770604600003 0.3895621408833178645 2.672964476599647447e-05 -0.00010818806898690316 0.9999999937904339165 -0.1037991757120553943
0.9999997019691023725 0.0006960582588030856744 -0.000334012884288985908 0.8347974089585304958 -0.0006959952010496740131 0.9999997399598400394 0.0001888674998856698379 0.388800670025147066 0.0003341442602153369399 -0.0001886349722327654017 0.9999999263822275664 -0.11067983064457311
0.9999998033871236869 0.0004482789655028685525 -0.0004384879508902111262 0.8348643698920579226 -0.0004482148806280301348 0.9999998888590690971 0.0001462370342983376238 0.3888540304939746006 0.0004385534571427055807 -0.0001460404687216886098 0.9999998931715176065 -0.1104973809726155637
0.9999998850150284557 -0.000299814570740479752 -0.0003742741683080724096 0.8354272724387538096 0.0002999107897995865915 0.9999999219888637825 0.0002570521048338083735 0.3894965897323084958 0.000374197071144050607 -0.0002571643241380982452 0.9999998969215259104 -0.1102209943642161183
0.9999992177328218546 -0.001224222824830284873 -0.0002565389240944509195 0.8359468034851373908 0.001224281161564468642 0.9999992247199527284 0.000227365632523645971 0.3899773601784196631 0.0002562603790080243086 -0.0002276795304349510352 0.9999999412463230763 -0.1116990826094106104
0.9999990630508169831 -0.001368585573076463958 -2.951300163314946029e-05 0.8358108000023524164 0.001368594308134319813 0.9999990190686067759 0.0002980124895251379333 0.3897267589231267482 2.910511708915894559e-05 -0.0002980526016286304714 0.9999999551587683833 -0.1067229387406404412
0.9999999530683265636 -0.000220022063564694417 -0.0002131985838705124589 0.8358220556607562912 0.0002200446659306626871 0.9999999701723949475 0.0001059978974758568371 0.3889105990115504508 0.0002131752556351731499 -0.0001060448057123628115 0.9999999716554043294 -0.1088682423885847239
0.9999999004899503552 0.0004278206023151288504 -0.0001264500753224058482 0.835749005865237149 -0.0004278343412915012827 0.9999999025770895944 -0.0001086443171273407301 0.3892141917270490747 0.0001264035827260799572 0.0001086984060008211602 0.9999999861033953552 -0.1065439775291792956
0.99999984520173546 -0.0005543365598604297175 4.803627316866882272e-05 0.8365988925983107727 0.0005543307132436464495 0.999999838960511922 0.0001216404969499402448 0.3892586430171667833 -4.810369520755092715e-05 -0.0001216138501386352592 0.9999999914480529606 -0.1055765743381247151
0.9999997449937660932 0.0007121471404014032827 5.346824451452836588e-05 0.8372072505815050247 -0.0007121479264652909834 0.999999746314824578 1.468391016656551981e-05 0.3886060868564751303 -5.34577738457923501e-05 -1.472198372153965015e-05 0.999999998462764772 -0.1025846070511774455
0.9999996565230285794 0.0008000255706183961738 0.0002165938855944866373 0.8377856680769502074 -0.000800032968258811779 0.9999996793931930084 3.406994217808852004e-05 0.388069471214671613 -0.0002165665593280806096 -3.424321272504683044e-05 0.9999999759631635898 -0.1015423093800329468
0.9999996294035892186 0.0008503228062223691739 0.000134698958951111786 0.8382547238329661754 -0.0008503243150132659732 0.999999638412116143 1.114433395239597826e-05 0.387508312108735431 -0.0001346894339642803746 -1.125886762234891783e-05 0.9999999908659971126 -0.09948382676440378769
0.9999998862031441726 0.0004761115996694277575 3.019011978940462309e-05 0.8385353576153571353 -0.0004761100098681258141 0.9999998852738749555 -5.264499433035441502e-05 0.3866972474940825188 -3.021518121827437964e-05 5.263061452128873677e-05 0.9999999981585305786 -0.1009067883461154669
0.9999992873534992999 0.001193826909537490941 8.354849404550554576e-06 0.8390911508346794445 -0.001193825949594586261 0.9999992808945639133 -0.0001139734929702178573 0.3860879250821704911 -8.49090801941475801e-06 0.0001139634375113828148 0.9999999934701196969 -0.1025402882843931412
0.9999999321879434744 0.0003676483935273458428 2.141885131472876452e-05 0.8393164925112193142 -0.000367645929634172967 0.9999999258144174341 -0.0001149244538400640264 0.385551125667043304 -2.146110151659011029e-05 0.0001149165714932971663 0.9999999931668013264 -0.1035093669649881087
0.9999997827457925981 0.0006591393754716460629 6.606910518561457952e-06 0.8393182437916408833 -0.000659138380763281558 0.9999997716015306404 -0.0001494439078198063064 0.3846503259275532161 -6.705413373621597155e-06 0.0001494395204841875049 0.9999999888114334823 -0.1030958979032896572
0.9999999907039751612 6.464231550039552558e-05 0.0001200559067244889503 0.8396693793809643092 -6.464138967527800035e-05 0.9999999978809810397 -7.715480832825073618e-06 0.3843804422249375019 -0.0001200564052166344344 7.70772018045237558e-06 0.9999999927635252472 -0.09931819090887376855
0.9999999104122622162 0.0004232255358967599657 -7.457428303232743293e-06 0.8397755772070439884 -0.0004232259175257841919 0.9999999091267645079 -5.124729732042385464e-05 0.3834265984520053294 7.435738460680407997e-06 5.125044890623043779e-05 0.9999999986590506484 -0.1005290792303924208
0.9999990013264086208 0.001410111351607882266 9.4510113092277203e-05 0.8401521456565415047 -0.001410120079948821385 0.9999990015158655154 9.235059382993813907e-05 0.3826081840933978073 -9.437979410474139474e-05 -9.248377221006858276e-05 0.9999999912696031501 -0.1012905457979114132
0.9999988239947670277 0.001533513935412491409 1.85497411792930785e-05 0.8403091045208574972 -0.001533513963643666185 0.9999988241656336818 1.50779005293925589e-06 0.3814942653838744313 -1.854740715081205172e-05 -1.536234566890685246e-06 0.9999999998268168655 -0.1036055737528384091
0.9999954631280121298 0.003010620564453522861 9.943444802081318097e-05 0.8407424116484563115 -0.003010616289765689988 0.9999954671551931629 -4.311174687121830111e-05 0.3805782212954609278 -9.956379041159185879e-05 4.281219230976625204e-05 0.9999999941270838466 -0.1007134440372507156
0.9999950089295411848 0.003159443345967110055 5.809512143975729999e-06 0.8405255940119112923 -0.003159443098968334456 0.9999950080633031035 -4.204496118461728332e-05 0.3803646002170112395 -5.942321816105051771e-06 4.202639651220191797e-05 0.999999999099235426 -0.1006845508459464633
0.9999995333090252458 0.0009660305358269860717 -1.291260988992909141e-05 0.84040346481001027 -0.0009660316537302393288 0.9999995296198066486 -8.685050031706931933e-05 0.3791904260258152082 1.282870358073501576e-05 8.686293377461060876e-05 0.9999999961451275787 -0.1012848330971351241
0.9999987844043883856 0.001555183895814463103 -0.0001122176263250553366 0.8406047016368087821 -0.001555217125024301256 0.9999987466523575508 -0.0002966368286820915585 0.3784689478775640215 0.000111756160858486069 0.0002968109908658546434 0.9999999497068968735 -0.1031319350333806395
0.9999999326905416597 -0.0003401954573860643035 -0.0001374262088378774198 0.8405197987462622589 0.0003401648294580303139 0.9999999173173138578 -0.0002228301015443484839 0.3780235289433574453 0.0001375020032634236152 0.0002227833389828826418 0.9999999657303908496 -0.1033178279403364486
0.9999998299615107111 -0.0005737458305843741359 -0.0001043679619260793571 0.8404748670361985585 0.0005737247239415996583 0.9999998149875174436 -0.0002021506172009955875 0.3769379913783688085 0.0001044839256904727569 0.0002020907043474656447 0.9999999741212278748 -0.1035648089907984654
0.9999999840880586799 0.0001494550814924465508 -9.740154479544866056e-05 0.8402642680192193847 -0.0001494422567489652517 0.9999999801659633647 0.0001316627690771593256 0.3758761951411477842 9.742122053346480911e-05 -0.0001316482110754840199 0.9999999865889270811 -0.1071233101693742917
0.9999995740605467365 0.0009204092383685091383 -6.874270228492460446e-05 0.8403227713592186232 -0.0009203940473131413036 0.9999995520852743569 0.0002206899372502471265 0.3758510847604693561 6.89457965511160669e-05 -0.0002206265728757166435 0.9999999732851958534 -0.106379388149287657
0.9999998558115936742 0.0004048673630018342104 -0.0003527877694222273969 0.8398171850169957597 -0.0004049085768093363988 0.9999999112081113806 -0.0001167596410302566384 0.3748956991400608785 0.0003527404659295660752 0.0001169024709885025661 0.9999999309539856496 -0.1077604279155252587
0.9999996609414144588 0.0007700335782813180589 -0.0002918310203761113799 0.8397051353229734172 -0.0007700324271322678445 0.9999997035167573767 4.056913148126291673e-06 0.3740839839361864705 0.0002918340578124524009 -3.832192423662354844e-06 0.9999999574090976395 -0.1096251471759764895
0.9999994299760972538 -0.001041840963494074278 -0.0002336982825762097028 0.839188892849657142 0.001041877375948480977 0.9999994451178139121 0.0001557420875699760379 0.373203249539211801 0.0002335358944146252822 -0.0001559854837466776486 0.9999999605647567069 -0.1110285603110116037
0.9999997206849293718 -0.0007158002780455154828 -0.0002150814383872954282 0.8388719189280432476 0.0007157738716730078143 0.999999736290766883 -0.0001228257351861042324 0.3731929851461946446 0.0002151693003637316075 0.0001226717512051458633 0.9999999693269063794 -0.1086377179114510899
0.9999981479337729517 -0.001896529884024483921 -0.0003275720117237891356 0.8384969759661844435 0.001896424571859912792 0.9999981501024359787 -0.0003215051307528793683 0.3719245881887960348 0.0003281811498374626219 0.0003208833196919982944 0.9999998946655084264 -0.1080636556072614163
0.9999999179913425795 -0.0003050550976341749815 -0.0002663807342289307273 0.8381122553391966434 0.0003050854972544622939 0.9999999469534091023 0.0001140877656044655335 0.3715121353207502253 0.0002663459170438655667 -0.0001141690251470422964 0.9999999580126421872 -0.1087883140508199009
0.9999996905536937541 0.000778196937117030447 -0.0001153344863238927546 0.8385551053186890424 -0.0007781968306178077034 0.9999996972043317944 9.682680296940487099e-07 0.3716635101100451699 0.0001153352049043249183 -8.78514798348897249e-07 0.9999999933485093084 -0.103546160387578523
0.9999988162404599423 0.001538662503031503273 -5.948159773065871791e-06 0.8377692354137753483 -0.001538663469235534553 0.9999988024791385266 -0.0001659970401744623929 0.3706261429652092376 5.692739228689796672e-06 0.0001660059958900344677 0.9999999862048009058 -0.102019983431191022
0.9999976224817245241 -0.002172258946357334339 -0.0001905832320012243041 0.837193643642084373 0.002172239009213141388 0.9999976351991456403 -0.0001047559227228298749 0.3689736630012970253 0.0001908103383001530254 0.000104341681332654164 0.9999999763521139062 -0.1029792689069374823
0.9999976785133729562 -0.002146753876949731524 -0.0001855145724320544074 0.8373881459514971315 0.002146732721800514044 0.9999976892505070269 -0.0001141589569637544555 0.3675083271178810618 0.0001857592149378007066 0.0001137604417422517815 0.9999999762760376498 -0.1042917749423142026
0.9999988523772687099 -0.001500944398517598628 -0.0002059370246028291093 0.8373358886506570009 0.001500961537861473551 0.9999988701040496419 8.309684635827356385e-05 0.3660958905108077088 0.0002058120681693430688 -8.340585454759425886e-05 0.9999999753424276827 -0.1079138504466645165
0.9999999944894134574 -1.457839659860258325e-06 -0.0001049716520770190443 0.837535787628376216 1.451588071147245912e-06 0.9999999982255431963 -5.955507035988891006e-05 0.3639780210003758509 0.0001049717387124948965 5.955491765610757503e-05 0.9999999927170728498 -0.1052917978727386794
0.9999999593771160544 0.0002611090015984591953 -0.0001143147209628832695 0.8370522147361523224 -0.0002611310622543360762 0.9999999472789715682 -0.0001930093843497479188 0.3608317358457897583 0.0001142643184484469086 0.0001930392276336664664 0.9999999748397607746 -0.1045706642618003113
0.9999999503745226059 0.0002535895164441501139 -0.0001869312961520151728 0.8375671940764957135 -0.0002536213145059708438 0.9999999533708472388 -0.0001701015349528689252 0.3599512944808295201 0.000186888151469572091 0.0001701489362725514161 0.9999999680610786035 -0.1010631127417749436
0.9999998300621320002 0.0005825072015690156138 -2.368685841325077679e-05 0.8372872939034115003 -0.0005825100153897427076 0.9999998232653309893 -0.0001189596098080724978 0.3601894719955366364 2.361755939755265409e-05 0.000118973387424588871 0.9999999926437719289 -0.1013540299874531037
0.9999979188300205379 0.002021698397670016866 0.0002739912706858408341 0.8379569551162566743 -0.00202170572648575908 0.9999979560004516044 2.647402988539718392e-05 0.3605022115481655298 -0.0002739371881440081616 -2.702790450939362741e-05 0.9999999621139539219 -0.09961939649080461812
0.9999972920162292223 0.002296862325840378326 0.000374678081111718287 0.8378732434155217179 -0.002296939181701111634 0.9999973410552527309 0.0002048238757278373874 0.3597974342653090796 -0.0003742066326198107318 -0.0002056839338331361601 0.9999999088317536033 -0.1006407546661816921
0.9999993043576633767 0.001164550711183948194 0.0001873654997538031115 0.8381121792099515133 -0.001164511451313318983 0.9999993000092609607 -0.0002095091115224428674 0.3606013866438188553 -0.0001876093525845114586 0.0002092907765089906222 0.9999999605000500225 -0.09586834697062372734
0.9999999534976277138 -6.594439818500386725e-05 0.0002977517066320597939 0.8383245710248919957 6.596388547443230788e-05 0.9999999956832663628 -6.543877392367432517e-05 0.3606010864035816832 -0.0002977473900261806304 6.545841174009218489e-05 0.9999999535308429222 -0.09662804395327863338
0.99999894823531843 -0.001434455259848530775 0.0002141643396378758524 0.8392395473619391755 0.001434440042870731638 0.9999989686563764968 7.118951228963311733e-05 0.3603664154349539017 -0.0002142662369311997147 -7.088223151048685057e-05 0.9999999745328441714 -0.09943238569511804459
0.9999999088644637713 -0.0004257811181746679898 3.132895825902002864e-05 0.8396761786962347873 0.0004257763150569634255 0.9999998976283162033 0.0001531596769907426418 0.3603533834537776537 -3.139416755035020606e-05 -0.0001531463239040512317 0.9999999877803047443 -0.1035564290219956607
0.9999999981631710888 5.953352198947628172e-05 1.137618658687460373e-05 0.8396701855089490074 -5.953463966835470555e-05 0.999999993399103948 9.827216611875328508e-05 0.3603384747905237218 -1.137033602361899402e-05 -9.827284321541338355e-05 0.9999999951065818848 -0.1005453475958054677
0.999998658095514692 -0.001595147625186258767 0.0003732441878616809703 0.8400260569249915488 0.001595086670418643243 0.999998714473896877 0.0001635514219585601948 0.360949694209054317 -0.0003735045967088676273 -0.0001629558456593041126 0.9999999169698507995 -0.09885788912687609731
0.999999261527575567 -0.001175417485786460969 0.0003087685826706334851 0.8401019848773743082 0.00117543112583520684 0.9999993082126880095 -4.399788365122951232e-05 0.3601532989692171616 -0.0003087166531866643738 4.436078736275678945e-05 0.9999999513630730696 -0.09822380440825993764
0.9999993306064506315 -0.001157059484427837249 -1.07084564609578979e-08 0.840134739008979059 0.001157059482302482669 0.9999993281164889503 7.056858499097926128e-05 0.3604047841259567786 -7.094360130034189375e-08 -7.056855014314477724e-05 0.9999999975100373195 -0.100838692064415536
0.9999995922848398111 -0.0008909516231183243692 -0.0001470896305025826123 0.8396608975289705512 0.0008909558087121340671 0.9999996026957131967 2.839300434997431012e-05 0.3583039890829445295 0.0001470642752699310627 -2.852404313441358921e-05 0.9999999887792389019 -0.1076361509104473702
0.9999973976972854617 -0.002270427042764739875 -0.0002230688248562441936 0.8401523599099640638 0.002270402168769813152 0.9999974163954161721 -0.0001116981853244703154 0.3574886607274110339 0.0002233218511151942309 0.0001111914387082408911 0.9999999688819068977 -0.1075070825921411177
0.9999957499203230293 -0.00285767716080548035 -0.0005777737752136501755 0.8407388742481762822 0.00285764372808582209 0.9999959152060313716 -5.868198283637194224e-05 0.3573509059277716338 0.0005779391092889202232 5.703066182827753306e-05 0.9999998313669306027 -0.1107220682762330988
0.9999913158920455958 -0.003395844464763713051 -0.002415860274583796815 0.840393287266994693 0.003394449293879523485 0.999994069843375466 -0.0005813708572183654087 0.3589674855338852444 0.002417820193161445384 0.0005731652933279072571 0.9999969128087646819 -0.108984510285265207
0.9999918141483554734 -0.001666414052724311205 -0.003687099196641584632 0.841745095670280552 0.001663436658070417511 0.9999982880843867328 -0.0008104361667523575724 0.3613125620902496449 0.003688443406856014174 0.000804296276676493482 0.9999928742209784893 -0.116739356162243485
0.999993341206261932 0.001904182586220630339 -0.003113138579456992908 0.8499269968934484165 -0.001902063296970415334 0.9999979574377835245 0.0006835755080179261884 0.3660903432773090493 0.003114433873256490341 -0.0006776495695992462449 0.9999949205334545121 -0.1217691449627576195
0.999991439933226367 -0.001904878177593961495 -0.003673077647022896484 0.8607599835846808656 0.001907149963897065157 0.999997992217591114 0.0006150933277418537716 0.3716860363982592563 0.003671898594425011212 -0.0006220931724038070458 0.9999930650563518819 -0.1287406672778376171
0.9999808518376497313 -0.00538683161955415702 -0.00304598147581170136 0.8761035600501676512 0.00539009183013941344 0.9999849082104680376 0.0010631375097229054 0.3769511849281322879 0.003040208563747040776 -0.001079535272460797153 0.999994795854200702 -0.1306308777495082674
0.9999769325884676485 -0.006152419766244346735 -0.002877850235689818296 0.8966391913434244021 0.006157958208788944302 0.999979197085976268 0.001919621312923261783 0.3854086168016177538 0.002865980051909459113 -0.001937298713710981649 0.9999940164981168111 -0.135286387756849702
0.9999348528647867829 -0.01064552720374165387 -0.004118589179755254709 0.9238318798460471992 0.01065740997687221296 0.9999390778756058751 0.00287404764536965205 0.3958217477702615783 0.004087742514159284704 -0.002917753902814051309 0.9999873884571247595 -0.1359959790429281778
0.9997826616264187116 -0.0203735064964761653 -0.004421509270825202224 0.9590515874540919139 0.02038957039173576805 0.9997855612297644745 0.003618974402408621244 0.3985405711368147363 0.004346829929316529083 -0.003708340534913172424 0.9999836765067930955 -0.1375665171701780376
0.9997657578622332064 -0.02143840164293358067 -0.002970579261811022182 0.9989761743618614798 0.02145250976075509242 0.9997583374463501205 0.004801721719822969574 0.4011036424866700756 0.002866920145233630909 -0.004864323334871454609 0.9999840594366365965 -0.1360828806722541029
0.9997570704862572821 -0.02197391655143380793 -0.001716684049990028398 1.044534940134574263 0.02198423958104213372 0.9997388084100129468 0.006245652005256741197 0.4060761014017000292 0.001578994230580699079 -0.00628187474549203248 0.9999790221934167223 -0.1367132188064087428
0.9998077012440900191 -0.01960848658891710047 0.0002603587923851958456 1.096568125790418735 0.01960611548281638097 0.9997820482137317333 0.007173305042300687738 0.4112426874011108069 -0.0004009597024414893011 -0.007166821000114819047 0.9999742376221846252 -0.1335078710966637883
0.9996961857048725086 -0.02445670622779413592 0.003066888914924916897 1.153068617420100139 0.02443185460555406807 0.9996703261332768875 0.007894525262541588623 0.4147065380830445291 -0.003258951926951402737 -0.007817197008852753287 0.9999641346884710069 -0.1269412436999006188
0.9996595182540443103 -0.02533765303590494733 0.006233049231654792625 1.209160514112578966 0.02529016047297868303 0.999651385943989057 0.007583822486897084762 0.4166972736883094441 -0.006423032565939722563 -0.007423605518471201523 0.9999518162060424542 -0.114553782180528238
0.9996373926716746183 -0.02544941439590694965 0.008798322537942895871 1.260028893898150759 0.02537951206225064898 0.9996461380281553843 0.00796737678763911536 0.4172696907342934303 -0.008997974219697653028 -0.007741190625449093782 0.9999295527324123523 -0.1141540034894978628
0.9995394723369768197 -0.02847593751878632617 0.01048638272924356206 1.306966713744625475 0.02839284877615471173 0.9995649168754630054 0.007988935481217032328 0.4166972815637370875 -0.01070931270868538329 -0.007687518076389531808 0.9999131025679844909 -0.1104397409356158155
0.9994710263467118105 -0.03048859404687225341 0.01131870692683376034 1.349016212447329721 0.03039961535626733297 0.9995061943826892836 0.007951778217779611677 0.4171886773376498603 -0.01155555622380523978 -0.007603487599699551222 0.999904323471340728 -0.1138555015665499021
0.9994104057279707964 -0.03211505722978880151 0.01214347651129133419 1.38702970714116991 0.03201645208407099402 0.999453465019412346 0.008229098166797954583 0.4198663935504204359 -0.01240111763516823541 -0.007835455303797042928 0.9998924031722518091 -0.1138196510916550108
0.999414892251404674 -0.03164922337257491947 0.01296918679123461489 1.421712465363201838 0.03154214019484429671 0.9994672944016426142 0.008379785999005429434 0.4189765369562211683 -0.0132274917517216789 -0.007965807013303596168 0.9998807825838963437 -0.112878576433440736
0.9994195773146227202 -0.03104897664715591463 0.01401675887733436383 1.447975146872654717 0.03093411855217054543 0.9994866460127667107 0.008338150367476083319 0.4183050234097210884 -0.01426845435431683615 -0.007899714635020061229 0.9998669940142158596 -0.104209108409918455
0.9994508774690045172 -0.02955903758454346553 0.01497353744151341294 1.469357068441453418 0.02943728902047401674 0.9995322753074168398 0.008287136652873049528 0.4204552152172881252 -0.01521149373210721988 -0.007841805650094799476 0.9998535475471316269 -0.09995709085783793801
0.9995114208924988919 -0.02731589314712321373 0.01519083562655332981 1.480290465778699271 0.02718959105432994239 0.9995944977082749094 0.008459686143111724843 0.4266665657071279094 -0.0154157595906369814 -0.008042520308746652427 0.9998488246846755079 -0.1034634464509452123
0.9994389889818839912 -0.03002245258402452474 0.01484451561047022555 1.483521451905099209 0.02990457619830466998 0.9995199379500308012 0.008099997701628884605 0.4283570141865300496 -0.01508057111880332403 -0.007651534565471326647 0.9998570049729731402 -0.1053340976012462765
0.9993932367828372021 -0.0317606957849434976 0.01429742899895555634 1.484304136454737355 0.03164571191327521238 0.9994655281387552215 0.008197986327202474305 0.4269046875176105704 -0.0145501611752548738 -0.007740559771442870676 0.9998641790484339431 -0.1077153141203767012
0.9994194228991964968 -0.03159838453764367977 0.01274202599465014581 1.485806475458580689 0.03149987783058663671 0.9994728589394269447 0.00785887651681627282 0.4244920724210258789 -0.01298363695176569382 -0.007452941570926927516 0.999887933137231677 -0.1098278129372784462
0.9993355062640102426 -0.03473954113753474626 0.01103223466066360903 1.495455596294593903 0.03465684660926231231 0.999370369332300168 0.007600518648357650238 0.4213382991741191352 -0.01128932695763921502 -0.007213125686933537749 0.9999102569304247901 -0.1171737397210776965
0.9991815189786813489 -0.03893310184681261776 0.01097750937329722461 1.51450435847023801 0.03884876235244581755 0.9992147026415616473 0.007794336958255641302 0.4193347383179504839 -0.01127234647880828375 -0.007361494788516576362 0.9999093671925173288 -0.1173485541544408983
0.9992515468338101225 -0.03680746749911611992 0.01189775132279944497 1.543038539312883595 0.03671144428668721843 0.9992923394431444395 0.008190860066730356812 0.420947884844863951 -0.01219081656916901069 -0.007747945956755783112 0.9998956712201668706 -0.1165320726471817253
0.9992566130412413594 -0.03621797075954714257 0.01320908351882624232 1.577535750307348605 0.03611049532995824068 0.9993134492562832927 0.008286269518595007835 0.4222714670783656032 -0.01350012667984277701 -0.007803123065178520917 0.9998784215343672344 -0.1088608795736984436
0.9992234739367690244 -0.03676927236308361741 0.01415873382843691949 1.619697135601037674 0.03665061714075846383 0.9992915583073244123 0.008550658391073256287 0.4210203933295201817 -0.01446310467834241616 -0.008025092249230855734 0.9998631988914556956 -0.1084958550191901516
0.999160106382388169 -0.03804771750685246451 0.01521357967256404924 1.666677545709500663 0.03792102516025493142 0.9992443216870597889 0.008531203136904134954 0.4231513642162462174 -0.01552667590728980772 -0.007947123296298055917 0.9998478712117075951 -0.1077891643167551289
0.999109148104633471 -0.03889554851712353351 0.01637212506627457737 1.71950893319597431 0.03874948789500491653 0.9992070990844601486 0.009146055274960670708 0.4290744793116176847 -0.01671488443000772317 -0.008503496032212730024 0.9998241361328109589 -0.1107014333741935252
0.9990245999635823937 -0.04036813280662684966 0.01789588000939534157 1.781607835880834934 0.04021392283222378905 0.9991515004910769271 0.00889491297728703563 0.4324136368560859145 -0.01823976639236613712 -0.008166573341132498873 0.9998002890586779046 -0.1082759652237434977
0.9989812828124451372 -0.04057626102129769513 0.01974749685233350913 1.846977299221889801 0.04039827368843321859 0.9991400928378351143 0.009330292974857067045 0.4340358329192431919 -0.02010910424150834028 -0.008523023262536615074 0.9997614625504778196 -0.1131143818005410778
0.9990118209501377411 -0.03814336662786234344 0.02281370605978651211 1.917927968855392962 0.03793413114159094324 0.9992347485728345635 0.009535142322834850789 0.4342744276207584631 -0.02315995026813406563 -0.008660301777456320266 0.9996942612002436279 -0.1098789904577361226
0.998702833234342946 -0.04421372327427761789 0.02525465430216268167 1.986654432981251217 0.0439663542427273929 0.9989802444941128234 0.01026795038386541306 0.4329704035439562171 -0.02568288504625501276 -0.009144276062549545198 0.9996283167412739479 -0.1145900467988789084
0.9986247936793890556 -0.04498253798098690581 0.02692754585153957908 2.046847467263509301 0.04471662732624991782 0.9989456030403857101 0.01039737499782415059 0.4339205558578208 -0.0273668538448060307 -0.00917896742935557855 0.9995833141202227212 -0.1186595387966865034
0.9987842534136633921 -0.04079271191533043878 0.02767615918988693829 2.100931992877076659 0.04051992501999598234 0.9991251563075680409 0.01034686956289984291 0.4359049085394346434 -0.02807402374589379815 -0.009212854496333786058 0.9995633909376354653 -0.1180964017419615653
0.9987550098784192532 -0.04115776594337949845 0.02818631840642984651 2.150880808921915133 0.04088080866476583725 0.9991105993268694085 0.01033294709260410005 0.4361828058483468995 -0.02858653049380881911 -0.009167803185809564326 0.9995492792549414141 -0.1140854868302549757
0.9986653047604053812 -0.04295656140205754425 0.02867652176115507295 2.197086625268450888 0.04267923852594624617 0.999036614020895164 0.01021403174609773236 0.4385961992809979115 -0.02908765488402469124 -0.008976507014210320309 0.9995365579383135302 -0.1138339174833124107
0.9985948608140420291 -0.04443077658577718886 0.02888269460713144623 2.23610298195349122 0.04415301460812714324 0.9989728623229350291 0.01018487326071582273 0.4380673724491328525 -0.0293055499316866204 -0.008895304059282425901 0.9995309191360186585 -0.1220125715778019038
0.9985902611352975855 -0.04427364843683815471 0.02928027356138450735 2.270801516310299029 0.04399090366082786252 0.9989795378139006976 0.01023149178903134601 0.4366727255756119863 -0.0297033796198684398 -0.008929002364010913545 0.9995188753375002788 -0.1239339648323689869
0.9985390772083799771 -0.04530477755719829885 0.0294480630658400834 2.299616896693798651 0.04502786109119079339 0.998935679721700942 0.009999975224759927173 0.4366021425969341396 -0.02986976754829772165 -0.00865938273990516684 0.9995162890504458719 -0.1257947632517518455
0.9985384794673387576 -0.04522969983754589196 0.02958342907204270997 2.322563536596614409 0.04495743841303218025 0.9989407863071912974 0.009804804093341959459 0.4341829957089217706 -0.02999556224499716484 -0.008460478980288153178 0.9995142252819769757 -0.128542117894301422
0.9986516174404870272 -0.04288660056728159364 0.02925211915881814964 2.340582022066356238 0.04263178599455572787 0.9990477527553899284 0.009280007398681152167 0.4311698828652690274 -0.02962225187951881764 -0.00802042431468663955 0.9995289865668722795 -0.1290767674121569009
0.9986094042221836942 -0.04425361638567404388 0.02865092033085499951 2.358796440742375822 0.04399895088747532435 0.998986795460771293 0.009459112845324047295 0.429883722100841581 -0.02904049103952847238 -0.008185348606421193052 0.9995447213348557236 -0.1270891941043778561
0.9986000151052125684 -0.04524537355946643691 0.02740193429912681639 2.378576917373955268 0.0450079527689325673 0.9989440771147817255 0.009220357088880715493 0.4322210462905951012 -0.02779017847043920367 -0.007974143763519242131 0.9995819721322608542 -0.1279606735727145117
0.9987511036107559192 -0.04243726403435239131 0.0263687629132606377 2.40269078339224107 0.04220105346752892062 0.9990644367067503806 0.00945105253684664845 0.434126697926001337 -0.0267451700784992856 -0.00832645957788371964 0.9996076059876545239 -0.1329852984253589443
0.9987718538180927474 -0.04175118845556834851 0.02667624942374734187 2.434923775570069004 0.04149727078794618329 0.9990885482567918308 0.0100024626611707624 0.4332767585921457609 -0.02706955001329413441 -0.00888318662889973909 0.9995940818439222886 -0.1338941297596408508
0.9987128970679129969 -0.04277694363788569348 0.02725219850245734488 2.474562347518979966 0.04249216570517096864 0.9990368500750154146 0.01094477253649036967 0.4369180900329930894 -0.02769413446743696286 -0.009772680553070999324 0.9995686717934426646 -0.1350849991829098096
0.9985685613751342782 -0.04543362067664081377 0.02822435730722347783 2.523129037473884395 0.04510891501250005597 0.9989095550149569291 0.01203688856041003168 0.4387922659129084302 -0.02874045962732242263 -0.01074648835814747717 0.9995291386289738567 -0.1335398364616181555
0.9986240125256018452 -0.04347037885725099637 0.02933270818171657829 2.571325668467232095 0.04311153834713082889 0.9989888126417814096 0.01275725197319743306 0.4428342562846535602 -0.02985760989447321448 -0.01147511998067330015 0.9994882914535910823 -0.1388707459182031978
0.9985893279004955936 -0.04332544785748984606 0.03069625011600502287 2.62215795657635109 0.0429104457785824539 0.9989800959298258398 0.01405210230247823031 0.4444044495449270826 -0.03127375651116676147 -0.01271508961761210442 0.9994299768616590196 -0.1422052488942697757
0.9986022868324787582 -0.04221823038784274645 0.03179770048074159056 2.668621915851952409 0.04175320775663802358 0.9990130955765744725 0.01514940621084292539 0.4473698840683537625 -0.03240590031113076835 -0.01380057569194614864 0.9993795083628620457 -0.1422898063220409126
0.9985513733965749594 -0.04263723279585741183 0.03282104610346539553 2.707364742880086439 0.0421316569102292357 0.9989848282327958851 0.01594479371738826562 0.4507820797545031288 -0.03346756898570125982 -0.01453889061115711152 0.9993340494979564559 -0.1422783652456648396
0.9985344360794510266 -0.04246606645739252339 0.03355015891361739361 2.742969958402754926 0.04192173388600261424 0.9989802327217000011 0.01676492944480315744 0.4490350846181662137 -0.03422788616733202921 -0.01533387853526853653 0.9992964144724936215 -0.1390077807778595798
0.9984498309753550016 -0.04386919020897475652 0.03425535251159928657 2.772432872004093163 0.04331443974128491858 0.9989206894140449933 0.01677246465095531824 0.4486719621042992157 -0.03495417478905396558 -0.01526271309360631261 0.9992723628990438645 -0.1392742326793225127
0.9984578727150765776 -0.04334999727265943098 0.03467930434343133306 2.793113369156243309 0.04278208507254122051 0.9989405623875109441 0.01695423291597571158 0.4494337205255752865 -0.03537752973470252582 -0.0154444343821238117 0.9992546721614498084 -0.1420706537302875994
0.9984600207528465665 -0.04334842335412325554 0.03461937536895928064 2.806388009830981467 0.04278730948044393717 0.9989431449812319341 0.01678806845441694479 0.4494266485664127897 -0.03531052400701404498 -0.01528094524946603354 0.9992595556744168217 -0.1479206459251314887
0.9984869732416504773 -0.04258621196560442856 0.03478762448268420127 2.811784887265925903 0.04202523199013818295 0.9989769504317544957 0.01670126888134451648 0.4509633236150544233 -0.03546327879515239617 -0.01521404142535803632 0.9992551670122125085 -0.1488107313740809623
0.9984895873318435644 -0.04253660443707143329 0.03477328389509614509 2.812643632610750899 0.04196817423018731064 0.9989757237378249499 0.01691672942012045766 0.4503999315965032668 -0.03545724667355715926 -0.01543180694063537098 0.9992520417756860507 -0.1428713119856751812
0.998482156276616406 -0.04298175256740767447 0.03443766170100373558 2.810713068371979428 0.04242111522865218282 0.9989577429272006315 0.01684864470959805335 0.4500047740172783417 -0.03512595308252929732 -0.01536218708475444936 0.9992648150655645267 -0.140378950149431081
0.9984653743791332969 -0.04364880773780376727 0.03408339403588447197 2.813228518997786587 0.04309961389215209021 0.9989314398466757616 0.01668537587813457082 0.4477846163768792742 -0.03477527064286536213 -0.01519078894973749545 0.999279700825949968 -0.1384040228215310808
0.9984537801309362193 -0.04404346191451404685 0.03391492893739746911 2.812942100373656551 0.0435054166533877934 0.9989178724010671084 0.01644271630663665315 0.4481974551637140647 -0.03460242280620097477 -0.01494180913779043739 0.9992894549006462457 -0.1393447917814054915
0.9984415382511281356 -0.04440812344716215526 0.0337996045335239928 2.814672019811358616 0.04385786248850141733 0.9988956498194971889 0.0168513699628278675 0.4460667460116842786 -0.03451061565171953394 -0.01534272933952768661 0.9992865545296570895 -0.1386313935130335795
0.9984894565612301154 -0.04324812713508442708 0.03388811938374482191 2.816655011206373516 0.0426908901044992517 0.9989437146336087592 0.0169983203903450418 0.4444116288538421666 -0.03458746938046979025 -0.01552592970854969716 0.9992810678025177973 -0.1394966780913407534
0.9984821910365081488 -0.0433657627199865725 0.0339518012283269513 2.817412145336565921 0.04281410486430890783 0.9989416210007471264 0.01681042108537641674 0.442865720110110217 -0.03464486408693157049 -0.01533129009945119643 0.9992820847670014217 -0.1397656082094150543
0.998482612886210763 -0.043371575475432321 0.03393196435080421403 2.820229008448412955 0.04282593046714144869 0.9989438718431978836 0.01664573778912065496 0.4401282349006702121 -0.0346180797207028268 -0.01516731181519886604 0.9992855153602255847 -0.1428698326089763437
0.9984571932934399596 -0.04403462378537487121 0.03382580477485716552 2.821635565679811553 0.04348789472313296239 0.9989138219721749312 0.01673258155490862584 0.4372265967842776657 -0.03452587686266572059 -0.01523575337889341262 0.9992876641117118819 -0.1413740995252059651
0.9984638364064527538 -0.04387225346390795366 0.03384069686792727516 2.822798012538007661 0.04332611343694499351 0.9989212832838907374 0.01670681588196341882 0.4359360088687530554 -0.03453715800347939568 -0.01521496560835636398 0.9992875910060022848 -0.1415755485545915349
0.9983572218184006974 -0.04620798133887963483 0.03387742764187518657 2.824173201109734244 0.04566635526727943345 0.9988189581480426682 0.01659134836778487776 0.4337660220298121816 -0.03460406969775892821 -0.01501703381644754233 0.9992882702482344115 -0.1396660008203595149
0.9984508602654323939 -0.04415183338398726703 0.033859935677002094 2.822908766344727205 0.04360083888184214385 0.9989070528916513814 0.01684240280112198063 0.4370307770437776851 -0.0345665515204761839 -0.01533998996571466454 0.9992846632585902222 -0.1411601398065732704
0.9984405466458400324 -0.04431194688358472411 0.0339547666306588003 2.822982111549497297 0.04375882542670761488 0.9988997824272728421 0.01686386266612670271 0.4358506127432273392 -0.03466467958644737363 -0.0153517435535323217 0.9992810835590932861 -0.1364119183115463652
0.998458976656213526 -0.04393913128969006987 0.03389726649944238557 2.825496064534336327 0.04339394373353978873 0.9989191992265222808 0.01665530137505551872 0.4328714265903710334 -0.03459244978137892418 -0.01515869909164115417 0.9992865336128431419 -0.1395840950044668349
0.9984514710736953624 -0.04417468837721406916 0.0338120809408368056 2.826259613112728886 0.0436181382020307401 0.9989032057918107999 0.01702479012005443659 0.43248641564285073 -0.03452706084453494723 -0.01552360672071359873 0.9992831929457326456 -0.1425403445713849249
0.9984461773140520524 -0.04425157454413752162 0.03386781890410423684 2.826879583436963106 0.04370596759964765626 0.9989051085475085801 0.01668449920940626857 0.4348283761382830126 -0.03456905267916825231 -0.01517834866033749598 0.99928704501199761 -0.1429668492606768759
0.9984888593188354644 -0.04326237323029062665 0.03388753279089325859 2.82844293980513406 0.04271722982531592216 0.9989484668635757458 0.01664928908279836306 0.4342806327058960081 -0.03457218668557099361 -0.01517654813831136214 0.9992869639369781343 -0.1416525164998166386
0.9984548069779644042 -0.04417138890297708093 0.03371775237138208148 2.828725126376554933 0.04362761248449668894 0.9989083329925638743 0.01669651780820716885 0.4327253266953338118 -0.0344184521949851413 -0.01519969343109075881 0.9992919190447315803 -0.1443747544624029711
0.9984302382372313156 -0.04463849097695291035 0.03382993492228426879 2.830040363900065081 0.0440894604704969717 0.9988862298303456955 0.0168053363768257899 0.4318195648814346921 -0.03454242100614807881 -0.01528741242389544674 0.9992863034047928528 -0.1424678967026033471
0.998473377147833574 -0.04358917145346223598 0.03392490617526865149 2.832939322753389888 0.04303741274632708752 0.9989317256383190013 0.01682820897636981908 0.4312461673726935008 -0.03462219275410485797 -0.01534247845854000251 0.9992826988013185918 -0.1401949480769100753
0.9985147997264303132 -0.04270418912263269917 0.03383115367032661636 2.83367510947612411 0.04216173357192622151 0.9989730717994941278 0.01658885293480704543 0.4316128822738680704 -0.03450482501762244802 -0.01513783507841085646 0.9992898793641623589 -0.1421458742084608651
0.9984724110323582869 -0.04370056467013276602 0.03380983665652633613 2.835156378108570685 0.04315660232411706182 0.9989294848706770091 0.01665508726611657914 0.43058683677904519 -0.03450147943302522141 -0.01517052746332468727 0.999289499100944778 -0.1413128273382828204
0.9984470690962077288 -0.04429505621212315863 0.03378458536607310131 2.835260484021079108 0.04375393664953266398 0.9989045543225680834 0.01659169615501209297 0.4304305309072551933 -0.03448250630191073557 -0.01508772178946875091 0.9992914076536144607 -0.1411686112085998313
0.9984218021063507864 -0.04474477140995352514 0.03393833393344224125 2.835843246922610028 0.0441959507528932663 0.9988824053309052209 0.01675285818578215596 0.4284612632758889594 -0.03465000744234645463 -0.01522648192512309102 0.9992835089364925372 -0.1416777428834616326
0.9984836164901647049 -0.04323710317383278046 0.03407375103884122819 2.837304100866083978 0.04268596999424258825 0.9989482900846037294 0.01673982385501548292 0.4275778276713781967 -0.03476169682815002243 -0.01525996874772892267 0.9992791190590575301 -0.140385640531383693
0.998392874733807445 -0.04540764876407565875 0.03390889432703877993 2.837617203772514252 0.0448581919742137708 0.9988522106445351101 0.0167929718432963497 0.426228777676886772 -0.03463250342624003136 -0.01524489174259689543 0.9992838350449725349 -0.1423515625266624784
0.9984448670436991691 -0.04422659032547757857 0.03393900679560717115 2.837072934009556846 0.04367042490106189806 0.99890206578810814 0.01695750433320883724 0.4286527445384079593 -0.03465171659601598564 -0.0154490023118794579 0.9992800342569229111 -0.1433951424505885419
