1 0 0 0 0 1 0 0 0 0 1 0
0.9999998204372113619 0.0005875086639552299208 -0.0001181486982795131447 0.8340363736474923906 -0.0005875188500496608505 0.999999823695739698 -8.619797201829170407e-05 0.388848999506088977 0.0001180980353940181673 8.626737112769151863e-05 0.9999999893053973521 -0.1038870304647452891
0.9999995267589419923 -0.0009093686526919407759 -0.0003457318982388525477 0.8319233724738408498 0.0009093339608053885 0.9999995815069401273 -0.0001004872747491226926 0.3866139943084905273 0.0003458231335301038432 0.0001001728414380161764 0.9999999351858789298 -0.1097016574921354237
0.9999983568538380885 -0.001793160442342358512 -0.000266205281492365377 0.8300906711860992493 0.001793214299560493821 0.9999983717446665477 0.0002022139744699241021 0.3860986997210387184 0.0002658422459422877149 -0.0002026910053201986964 0.9999999441221267826 -0.1148747625661015043
0.9999998230138316124 -0.0005310349954254660115 -0.0002682799640177906272 0.8282504415817575349 0.0005310699949279513391 0.9999998504796540066 0.0001304044866196102013 0.3850395819402143149 0.0002682106745585220589 -0.0001305469389789499796 0.9999999555102644377 -0.1167232817034820763
0.9999998073836476875 0.0006175879553890104793 -6.178822568025350924e-05 0.8266107869948737807 -0.000617573281084482029 0.9999997811622272081 0.000237231406260547575 0.3837084587520346868 6.193472341780232638e-05 -0.0002371932018086337051 0.9999999699517371221 -0.1154170969518769629
0.9999990389697932525 0.001225288500353581859 -0.0006486351677024731642 0.8255122055996912955 -0.001225370107431027764 0.999999241367285352 -0.0001254310708865207598 0.3822869752956167266 0.0006484809863778707648 0.0001262257684886039077 0.9999997817697090507 -0.1190188442122032814
0.9999971064885273542 0.002394832347711857521 -0.0002275798743037639059 0.8234519054798943305 -0.002394836337585530724 0.9999971322263774276 -1.726085975127311179e-05 0.3803381726571032351 0.0002275378847909216681 1.780582635946319431e-05 0.9999999739547313915 -0.119610989012000013
0.9999979722275963434 0.001889981412069765459 -0.0006953495217646306868 0.8210456714548077795 -0.001890121373927901045 0.9999981935825958956 -0.0002006806837747672045 0.3786260835593086016 0.000694968982911056926 0.0002019945718334525693 0.9999997381081185965 -0.1248969601745321123
0.9999962095990929667 0.002713599236956219535 -0.0004660114035129270726 0.8193715777909478248 -0.002713700082723245234 0.9999962946013351006 -0.0002159061387808699638 0.3765287914798640667 0.000465423794021444751 0.0002171699355943086716 0.99999986810894681 -0.12197952938917557
0.9999979471135435061 0.001819156263799337784 -0.0008924344157514813112 0.8175280147895365168 -0.001819346972560713718 0.9999983223173553037 -0.0002129297258759252787 0.3750500752464495102 0.0008920455660851742347 0.0002145529366078813012 0.9999995791107841869 -0.1249727547721840304
0.9999990481125354824 0.001186454159291015472 -0.0007043440571833834395 0.8167215564946292972 -0.001186554527057269827 0.9999992859480805185 -0.0001420974433208860147 0.3727795376022768892 0.0007041749621425047847 0.0001429330506897677944 0.9999997418538495442 -0.1222273043771447826
0.9999988737863463317 0.001244020069589817394 -0.0008395475599839865395 0.8144404222866856724 -0.001244109846370046284 0.9999992204323324696 -0.0001064209448226902739 0.371042705436263498 0.0008394145157086692604 0.0001074653143558412051 0.9999996419171743867 -0.1267166528249151214
0.9999876246620816866 0.004771576044121413583 -0.001408042876791668757 0.8122162140536692831 -0.00477271202860606817 0.9999882869083830395 -0.0008045283894032589792 0.3689314743674546593 0.001404187515866760216 0.0008112386162674318753 0.9999986850737994093 -0.1334184073275181959
0.9999950598558188242 0.003086267400555873369 -0.000596001249742531534 0.8114047123245777815 -0.003086387895041646599 0.9999952168209751413 -0.0002013577221857873717 0.3668822793431784079 0.0005953769551880228614 0.0002031962184922427961 0.9999998021187694874 -0.1269256568810592789
0.9999981117290486221 -0.001768996847485430901 -0.000804480261280910206 0.8093470909007143277 0.001768791359550081575 0.9999984029015658304 -0.0002560692169991983318 0.3643362420427605497 0.00080493196208435429 0.0002546457757360520669 0.9999996436199691807 -0.1204560276735758828
0.9999893852730293853 0.00458933633847986161 0.0004090638593624088535 0.808142504064795042 -0.004589542514412086119 0.9999893407260758149 0.0005045133661955921323 0.3623229504590498307 -0.0004067441175139491541 -0.0005063854268976102904 0.9999997890664888978 -0.1258641531205420272
0.9999775378417918859 0.00670195133203104268 -8.752263005042324449e-05 0.8077366362615949757 -0.006701977984700722459 0.9999774941016454921 -0.0003078656950744385924 0.3607411620661832297 8.54573593698168012e-05 0.0003084453544862500517 0.9999999487792502473 -0.1176916585750198696
0.999985142126812665 0.005448905867402962372 0.0001579571667153297117 0.8079113577289444015 -0.005448886578496457342 0.9999851472299233768 -0.0001222890147073419872 0.3593160230261452925 -0.0001586211619436083016 0.0001214265070669767581 0.9999999800474649314 -0.1120705749704258014
0.9999989562998324866 0.00142087741369601177 0.000261737694930236841 0.8064455200696085679 -0.001420932184027352352 0.999998968595187665 0.0002091896010576056568 0.3562975849170062492 -0.0002614401921933959001 -0.0002095612942408835112 0.9999999438665433393 -0.1113527775774385276
0.9999958210215004195 -0.002888026853387718699 -0.0001313028158568934072 0.8048408143815896088 0.002888098298396818073 0.9999956797044485812 0.0005472299851600154023 0.3552987439470084441 0.0001297218336978011026 -0.0005476069137367240488 0.9999998416494444431 -0.11270364488223375
0.9999912686681970975 -0.004158128930105850496 -0.0004153927903651025719 0.8029074423289543905 0.004158383357358126468 0.9999911656793124548 0.0006135235799912704385 0.3534371656164085884 0.000412838010504717383 -0.0006152455855795455151 0.999999725518785576 -0.1087537682419581764
0.9999993699055850227 0.001070043043511059678 -0.0003394058306899088752 0.801510978162236265 -0.00107002807797626563 0.9999994265397931237 4.427185701038409654e-05 0.352234648155525687 0.0003394530088467882963 -4.390865534626718961e-05 0.9999999414218406768 -0.102634058114443219
0.9999993164900856657 0.001169132273433523246 1.221018989313864328e-05 0.8005115638016394586 -0.001169132978097635681 0.9999993148896634265 5.786435283163881784e-05 0.3520434520868446215 -1.214253044543452155e-05 -5.787858861645287835e-05 0.9999999982513139152 -0.1068675016166813763
0.9999907652154004234 0.004277749975669683895 -0.000412721532745626105 0.8000745241501898697 -0.004278008357209438055 0.9999906525855853934 -0.0006272048713396266659 0.3508887608669323255 0.0004100346492433087301 0.0006289647054040260754 0.9999997181374531419 -0.1106289489177451069
0.9999991607810259087 0.001272569836001121932 -0.0002429058589710627279 0.8006835381338002211 -0.001272631395381472116 0.9999991580876691488 -0.0002534428623246028816 0.3516205932421789804 0.0002425831307238807404 0.0002537517792527926408 0.9999999383817277376 -0.109887384842985894
0.9999995971963759889 0.0008927190957831232293 -9.305751841342092909e-05 0.8002237930177176217 -0.0008927007379955694552 0.9999995821127317663 0.0001971287759939382425 0.350651257907270919 9.323346014852691385e-05 -0.0001970456240743891931 0.9999999762402717041 -0.1116728768394476268
0.9999999785411642916 0.0001175551969717989197 -0.0001705826681681776749 0.8000615546035236836 -0.0001175524215385827015 0.9999999929581908642 1.628024689068199117e-05 0.350509382234731437 0.0001705845807945970594 -1.626019413561116496e-05 0.9999999853182532927 -0.1170498910628774286
0.9999911464289079621 -0.004172797099259531808 -0.000542980816136536047 0.80051215971103451 0.004173034222793851021 0.9999911976710187389 0.0004363093592955609272 0.352217151537574491 0.0005411554062119135851 -0.0004385713739276885762 0.9999997574029587666 -0.1120972068401769467
0.9999954375378253824 -0.002947196718266561696 -0.0006625217256801107374 0.8003194222544787184 0.002947196842936125431 0.9999956570056430794 -7.88118814973252799e-07 0.3534028357912410989 0.0006625211710931798881 -1.164466719090045433e-06 0.9999997805321468869 -0.1141236591516778115
0.9999997616485599705 0.0003373966786394877655 -0.0006023838514917582423 0.8001859992647342157 -0.000337869943512452385 0.9999996342403930649 -0.0007857244945751289122 0.3536693354331267303 0.0006021185303292821275 0.000785927834694440477 0.9999995098852368924 -0.1175017388649986505
0.9999951352943763361 0.003084347246037809354 -0.0004649619853147633828 0.8010331154057470648 -0.003084579332283571371 0.9999951180414669016 -0.0004992630323037808597 0.3544816748604027179 0.0004634198148308969452 0.0005006948156662994641 0.9999997672733612619 -0.117322216593572809
0.9999996225399568894 0.0006709002208052336795 -0.0005520985758281627114 0.8011982083528468301 -0.0006709609453145387375 0.9999997688764876713 -0.0001098106603196084748 0.3542361243177017949 0.0005520247762289455127 0.0001101810554528163781 0.9999998415643781557 -0.1120063351688951325
0.9999997376864858678 0.0006700041265202408758 -0.0002751752713652448981 0.8014038124448354949 -0.0006700476347638465238 0.9999997630282683181 -0.0001580492784768442903 0.35494452000776755 0.00027506931248771129 0.0001582336175581064333 0.9999999496494965667 -0.1140962943515143602
0.9999940709092705049 -0.00340294267340075134 -0.0005273779160802191581 0.8014173897790901613 0.003403014282893280194 0.9999942006248384585 0.0001349462143524395713 0.3555503213518347305 0.0005269156433863981734 -0.0001367400888249945554 0.9999998518310154738 -0.1165556243762855548
0.9999996400990083245 0.0008169211031975024849 -0.0002290016700521198528 0.8025911762238462366 -0.0008169445514279394466 0.9999996610662109653 -0.0001023184391721570065 0.3569723856269418349 0.0002289180063435101553 0.0001025054840142662567 0.9999999685445856157 -0.113221364529106111
0.9999981721315751582 0.001908621560723116912 -0.0001135660447363765667 0.803000636988778993 -0.00190867406048686114 0.999998070838533204 -0.0004639854983724226866 0.3576713817636166803 0.0001126802529230826633 0.0004642014108317210424 0.9999998859100989179 -0.1128876902352234646
0.999994124930357553 0.003407155491105036665 -0.0003760268979274669263 0.8022275225664130538 -0.003407364548395620547 0.9999940399412451386 -0.0005567304749539493973 0.3577533219516550456 0.0003741277894902570009 0.0005580084648448782212 0.9999997743274496864 -0.1176674789339179628
0.9999987966592500666 0.001215860193583388933 -0.0009635164978140674024 0.8010791370652126098 -0.001216431645419445776 0.9999990844846047278 -0.0005927259100489872326 0.3574868010268089646 0.0009627949438601459634 0.0005938972487565709205 0.9999993601557722878 -0.1293275027314026993
0.9999993793073383985 -0.0001519013201436195083 -0.001103771229435140293 0.8011014754423499973 0.0001517422341142970251 0.9999999780886187351 -0.0001442118457167894515 0.3565350992565918253 0.001103793111219732691 0.0001440442674932495475 0.9999993804458163771 -0.127580654290137846
0.9999976753579205013 0.002069389847654750248 -0.0006057263518752165803 0.8017044324133609789 -0.002069258382841726238 0.9999978354113618906 0.0002175829398437660633 0.3558725275986018843 0.0006061753046535731234 -0.0002163290297099824077 0.9999997928766040101 -0.1184992227054532665
0.9999964075307390399 0.002459380063385490593 -0.001066009061837286951 0.8021732218933464997 -0.002460273736476060926 0.9999966225360247263 -0.0008378363114704532764 0.355471593542947828 0.001063944903509272651 0.0008404559756669423547 0.9999990808270752263 -0.116226728803580287
0.9999989033833648344 0.001299987826835794121 -0.0007094108244101375409 0.8025610898193984433 -0.001300351083847893843 0.9999990235561674323 -0.0005118337331087884686 0.3546038182087951629 0.000708744754087907978 0.0005127556549578174113 0.9999996173811827038 -0.1149428558209917572
0.9999999075068400911 0.0003201739845255768802 -0.0002871844893406017918 0.8032588617488496396 -0.0003202124469332787464 0.9999999397682866054 -0.0001338932856602140708 0.3536656656566583568 0.0002871416028962169259 0.0001339852333240540189 0.9999999497988273367 -0.107658758001962146
0.9999995049689025528 -0.000765025235474791265 -0.0006362376434089836441 0.8020010860713018275 0.0007651443906435990028 0.9999996897815225383 0.0001870586010386212272 0.3517985403402090205 0.0006360943414860034542 -0.0001875453221027673719 0.999999780105346292 -0.1124770526779823587
0.9999967067920512154 0.002531061781841799016 -0.0004244187894954327619 0.8040001102966642943 -0.002531117479872648391 0.9999967881694836747 -0.0001307479251353583084 0.3509630834162763557 0.0004240864952578477041 0.0001318217483721302271 0.999999901386830703 -0.1101982902945598808
0.9999997130470902329 -0.0003825594381030585859 -0.0006538761453885169389 0.8025084296771625159 0.0003827050476915517196 0.9999999019983381032 0.0002225761906948944368 0.3493245738297915404 0.0006537909326851206642 -0.0002228263685274141489 0.9999997614528844947 -0.1112421821087384854
0.9999982521056397511 0.001619153401370737122 -0.0009349480885607727634 0.8014815144923574941 -0.001619420506188533468 0.9999986481243049452 -0.0002850031346304942887 0.3482115219957153673 0.0009344853608323374066 0.000286516710581959707 0.9999995223225284224 -0.1125220739223322663
0.9999965176349706608 0.002549216513085285612 -0.0006827979944418929425 0.8015031965862944308 -0.002549443218401620335 0.9999966952645656937 -0.0003313596589457484809 0.3476383784907896013 0.0006819510304608113671 0.0003330992597469281799 0.9999997119937961143 -0.1167222573352611481
0.9999994126272139239 0.0009176979573862967384 -0.000576693754182312497 0.8013290793230118947 -0.0009174521027266122888 0.9999994882161881149 0.0004264375699230149195 0.3475901948465320301 0.000577084799926655791 -0.0004259082305477875281 0.9999997427876233802 -0.1117652674544119124
0.9999986597313325065 0.001565148486538925181 -0.0004804641024382894587 0.801953743695193122 -0.001565238742252417778 0.9999987574288301539 -0.0001875325981228338876 0.3480039044386975533 0.0004801699890653189748 0.0001882843878061664269 0.9999998669928765738 -0.1123644562881130765
0.9999884642418178649 0.00479943529489780963 -0.0001918440528510293678 0.8031974871637155289 -0.004799414332776168711 0.9999884767409801256 0.0001095779016092765886 0.347203431356529868 0.0001923677542308413393 -0.0001086558984481904202 0.9999999755942711177 -0.1028056306782686724
0.9999889419997056716 0.004698882168579417498 -0.0001907476737382757899 0.8032502893146449274 -0.004698966270111196164 0.9999888617258503309 -0.0004428772184514862789 0.3463796591099325695 0.0001886645212737405165 0.000443768638000072678 0.9999998837375404515 -0.1043423057190105696
0.99999015059540175 0.004437409672935498789 9.0042102591413842e-05 0.804418580907653169 -0.004437403846583024523 0.9999901525752916687 -6.480391397561236595e-05 0.347196652341408285 -9.032877742330745838e-05 6.440372252325051187e-05 0.9999999938464362303 -0.1016214888614010714
0.9999997042132937608 0.0007690999070988877332 -7.658836653077615454e-06 0.8048678928346082451 -0.0007691014730307722206 0.9999996828994085485 -0.0002066010805668777367 0.3476936002086729038 7.499937352585466572e-06 0.0002066069098795762175 0.9999999786286676295 -0.09533388305740124469
0.9999843998638510145 0.005580795280361970125 -0.0002339935307985106891 0.8025343971001842602 -0.005580966860870850872 0.9999841531119938454 -0.0007391439550076636016 0.3472388928292893251 0.0002298648116336191255 0.0007404383344023763962 0.9999996994565755193 -0.1011566056885642717
0.9999912922329022846 0.004157783652545604322 -0.0003581807766854921689 0.801272304964745663 -0.004158021791361883601 0.9999911331453661401 -0.0006666974045605213173 0.3466905071828489948 0.0003554056171787363296 0.0006681809225895030471 0.9999997136105099882 -0.1043425547689323107
0.9999998720447524914 -0.0004221212021895072355 -0.0002787905471934341785 0.8019057986183331099 0.0004221089467632122396 0.9999999099432822502 -4.401663766346961416e-05 0.3467896546594442797 0.0002788091024424793922 4.389895204706648654e-05 0.9999999601691823559 -0.1050130242299524286
0.9999999626696195465 4.347753383553287104e-06 -0.0002732066188422354984 0.8049101930234203728 -4.38590766029448038e-06 0.9999999902388855277 -0.0001396531153388407996 0.3477740740526307217 0.0002732060089981297284 0.0001396543083845392741 0.9999999529275742649 -0.1023169372188120207
0.999995062597686335 0.00310376456423819367 -0.0004913509735588795536 0.8073624294594701212 -0.003103671113272856493 0.9999951653911199889 0.0001908402661139807683 0.3478454471497840483 0.000491940921324493974 -0.0001893143320356961354 0.9999998610770971519 -0.1066431587064839009
0.9999868272510494815 0.005111756594558963113 -0.0004639707940707831044 0.8039540655051993223 -0.005111896722102461481 0.9999868887682198393 -0.0003013362880123347689 0.3467586163686418033 0.0004624243530847358362 0.0003037040893664248145 0.9999998469637602083 -0.1091237606224775836
0.9999952562811708079 0.002978757793219931858 -0.000783847666901290002 0.8038596556738131227 -0.002979094473672390213 0.9999954705932337928 -0.0004287063492084688889 0.3468510083859434046 0.0007825671041576562044 0.0004310394717987545555 0.9999996008967709793 -0.113716077426798734
0.9999998004447735456 0.0005198247511576125669 -0.0003590162129047513168 0.8040917785245151883 -0.0005198870737055995847 0.999999849803923091 -0.000173521070089181469 0.3472833694171032493 0.0003589259584348448995 0.0001737076833504849446 0.9999999204988954116 -0.1079199999385118125
0.999993823648684721 0.003512720385268590893 -0.0001160171455253775801 0.8030327121883480412 -0.003512758651684680985 0.99999377536610079 -0.0003312939892313794023 0.3447413333505461308 0.0001148526802116306373 0.0003316994832750013128 0.9999999383921553964 -0.1009989393105320543
0.9999965932357726128 0.002599075153857259568 -0.0002415060936735068597 0.8021781010712252247 -0.002599055650230922779 0.9999966191656426417 8.103710045599499354e-05 0.3447807664722088994 0.0002417158986957436764 -8.040913660437274703e-05 0.9999999675538969734 -0.1048865807448910309
0.9999996384891720602 0.0005617130770743785978 -0.0006383572230866537377 0.802397572894104183 -0.0005617895392328531778 0.9999998350433763061 -0.0001196065792074678695 0.3453452829842045269 0.0006382899332057564859 0.0001199651583786182112 0.9999997890971387138 -0.1049804525364529673
0.9999915889662903679 0.003830232856322994105 -0.001466735470360078838 0.8048136509165416674 -0.003830957462921860419 0.9999925410506490531 -0.0004915363499092992262 0.3456065784524280371 0.001464841831376994521 0.0004971512167767988067 0.9999988035388226448 -0.1024845235419896416
0.9999748689639206267 0.006429128919863443328 -0.002987932717023022121 0.8100131193840064414 -0.006429328014331707475 0.9999793300306762944 -5.703230549695264428e-05 0.3444136314386591069 0.002987504288500782926 7.624127173851988706e-05 0.9999955344927269341 -0.1100915749451672199
0.9999837333433188036 0.005232116273034445077 -0.00227112484546965589 0.826117143051996683 -0.00523151429464644227 0.9999862788368771849 0.0002709172572892526963 0.3461070883890980387 0.002272511153585687633 -0.000259031428277238171 0.999997384294467051 -0.1019219489689532493
0.9999926993942512832 0.003646051785504418434 -0.001143444172655427252 0.8455616444622965355 -0.00364450980636850299 0.9999924505498253291 0.001347735740601287624 0.3482773395541797212 0.001148349454584025701 -0.001343558607813714412 0.9999984380706788967 -0.09315631228060169966
0.9999756217324905494 0.006966437375162394009 -0.0004740158404755607244 0.8674641251280728049 -0.006965758562585522284 0.999974732094073171 0.001418936585750473931 0.3479272635826472504 0.0004838887959518531736 -0.001415600114635213796 0.9999988809633482134 -0.09073017958334772537
0.9999870955242216031 0.005065427198495053678 -0.0003875981527366232195 0.8931473255985333815 -0.005065105165885066402 0.9999868300052233705 0.000827360721164620283 0.345529585262240424 0.0003917839835709299831 -0.0008253868191025201875 0.999999582620867411 -0.09358984609879686389
0.9999620478386928024 0.008710727667226820375 -0.0001615727551914984922 0.9242418732130270875 -0.008710750990928906382 0.9999620502892855312 -0.0001442165817441910032 0.3438328736918921935 0.0001603103921835076354 0.0001456185284506089292 0.9999999765479108405 -0.09735400239707867054
0.9999116291520480093 0.01328819322649151674 0.0003972496352811950176 0.9612658572382306588 -0.01328790598085126395 0.9999114546793910208 -0.000717185881193604588 0.3387146177785942402 -0.0004067445652534894219 0.0007118438870646003579 0.9999996639185130265 -0.1009657250454069066
0.9998800201278914557 0.01547862162921896136 0.0005980146377197483303 1.002991053194193238 -0.01547787506564188113 0.9998794496784819685 -0.001233488592727272678 0.3322355721960535968 -0.0006170352500736819672 0.001224084603073618454 0.9999990604417509088 -0.1052597210462028476
0.9999001206853989077 0.01410136988153500373 0.0009486942546834161013 1.053023939074050563 -0.01410031710081031259 0.9998999723587456145 -0.001107399944172399783 0.3277409440060581325 -0.000964215215254414699 0.001093912448002233454 0.9999989368217222507 -0.1044494574861186131
0.999827946960102909 0.01854630540839533048 0.0003332165123611161559 1.108645670106950476 -0.01854599024151495912 0.9998275802088112396 -0.0009252565885806480388 0.3217826886343215786 -0.000350319150512580892 0.0009189175651853370057 0.999999516433383695 -0.1116848568191484703
0.9997027716451044599 0.02436651759988291838 -0.0008007403765747731893 1.174491000577454036 -0.0243674980014474199 0.9997023015008088542 -0.001238311404817173242 0.3158623372352045156 0.0007703286607268117247 0.001257455383081335087 0.999998912699265885 -0.1085727231509818758
0.9995751082750210514 0.02904709704424054614 -0.002422616412582301055 1.256024333792544301 -0.02904800215536212579 0.9995779601792896818 -0.0003392559395841193335 0.3067319823566381776 0.002411739571785950168 0.0004094839593170464102 0.9999970079130862111 -0.1081231664095723688
0.9992697738469837887 0.03813284799066007924 -0.002409352593339032442 1.355869232512903588 -0.03813220099280791725 0.9992726538341545339 0.0003139214710609655084 0.296178718700299104 0.002419570879705069434 -0.0002218183200410564916 0.9999970482323390364 -0.09109777570316665574
0.9990605569779539286 0.0433310080988841273 -0.0006536268314793210838 1.47219198096659154 -0.04333008527831438278 0.9990598776639120215 0.001365485973273566607 0.2862728981938296169 0.000712180226062410519 -0.001335881470656079565 0.999998854109354407 -0.09274052399324189677
0.9986755818836736687 0.05139641989490625895 0.002343111455376986705 1.607282797880035918 -0.05140086196721618816 0.9986763386729398118 0.001876689595751709861 0.2748695683864802453 -0.002243554842882855994 -0.001994642022544010958 0.9999954939222820416 -0.09090117787176277275
0.9981074198850373724 0.06132858793558779165 0.004514717295747624863 1.757807814491632037 -0.06134146592869520881 0.9981129916576680916 0.002771361019168530875 0.2598361793825407773 -0.004336234328581941612 -0.003043055373587063867 0.9999859683444767278 -0.09771719862308406168
0.9973722485627577461 0.07223031137315225059 0.005601777914730686654 1.920541644679327087 -0.07224246316588947558 0.9973850986353197667 0.00199788286405342113 0.237668746264273395 -0.005442822116659158833 -0.002397319159154387772 0.9999823141177325292 -0.1042392332274182376
0.996307419750567691 0.08553680205159400196 0.007414906928107456961 2.100967201637824466 -0.08555371216535423429 0.9963315652441233627 0.001993597984270793072 0.2101764192405803089 -0.0072171798296697693 -0.002620609276788962716 0.9999705219266838974 -0.1040152595544758807
0.9951173072554774235 0.09807265630866032757 0.01110400311468888977 2.299637899726080015 -0.09812500676718224901 0.9951649322714034573 0.00427090437651168886 0.18304247801025475 -0.01063145557052603933 -0.005339631243471605788 0.9999292277409614904 -0.1116762842693380109
0.9939918447771866061 0.1083971141553044942 0.01517491875586757764 2.51321504361675796 -0.1085214526899400123 0.9940648812072369056 0.007622745995188577595 0.1539218290860729643 -0.01425857014256362749 -0.009223751581863972454 0.9998557973949271371 -0.1161716940156475308
0.9922830112986362749 0.1222987486857333161 0.02043138659059201903 2.739965535122470985 -0.1225259620024131829 0.9924122600995223253 0.01026131763182933435 0.1186746857967637403 -0.01902141223709691645 -0.01268550645665889563 0.999738597735650325 -0.1176036665739610687
0.9897684167235527575 0.1402816187491669198 0.02606815485731549947 2.977336549387855857 -0.140545536798239834 0.9900370827045490429 0.008574786059165763474 0.06901193381137234184 -0.02460555511761949518 -0.01215081523928474017 0.9996233912561143242 -0.1313788511470308507
0.9871486227276891068 0.156816188856199662 0.03076165729350897882 3.219319692013419498 -0.1570904556198032542 0.9875615152184346046 0.006696447762216630427 0.008241666379446982438 -0.02932891747046250178 -0.01144275194549763085 0.9995043161627290562 -0.1404432391715912665
0.9842813045609872802 0.1731688014867976411 0.03468255589409557221 3.467185265354718826 -0.1734870498712683951 0.9848155873993887921 0.006364145045547787635 -0.05255259128643496869 -0.03305385028533021352 -0.01228108329190913048 0.9993781156171532842 -0.1501886665637603979
0.9813368911454869448 0.1882492351212456116 0.03924450984757822669 3.718578400640085491 -0.1887440592848913801 0.9819824975015698509 0.009276566457518084161 -0.1167125054881584106 -0.03679111525317063647 -0.01651060498120310652 0.9991865760515312722 -0.1537281772269671332
0.9774525575909478459 0.2065970284511484401 0.04363674476940569008 3.971830009543173112 -0.2072393446421644247 0.9782317693855751006 0.01069856986018586677 -0.1870158113011566314 -0.04047655730421104853 -0.01950059486073313364 0.998990177683883207 -0.1594486200317285496
0.9731896837055470373 0.2251983354843589968 0.04677124356024023322 4.224930034067105211 -0.2258296925783014331 0.9741286979229957232 0.008615673672959180476 -0.2720383749754077263 -0.043620975219349295 -0.01894702029141126856 0.9988684702917545177 -0.1592982427330340844
0.9679944881703752557 0.2459827472800096559 0.04979115295263032703 4.47835978956553582 -0.2464448709032474316 0.9691512977061670364 0.003269213962740887425 -0.360472797720960858 -0.0474509902663267577 -0.01543535535811763754 0.9987543007805841366 -0.1663718691232532743
0.9626892456899225348 0.2653359567294292232 0.05316245196984784732 4.733414917951229484 -0.2657161454827970393 0.9640513070078348123 8.652312142525411343e-05 -0.4540031790631776643 -0.05122837361007047396 -0.01420941670034191369 0.9985858732298905638 -0.174843023657852592
0.9576909935983564104 0.2824615446511929973 0.05516735061478815483 4.988358655804892905 -0.282989380331566398 0.9591212776981533628 0.001839914731152848771 -0.54518484912702736 -0.05239247465188970332 -0.01737384413202718372 0.9984754269084077372 -0.1815879863060717858
0.9520154485207296124 0.3006683009588678179 0.05714156610018484433 5.245540119650232036 -0.3015119058767800064 0.9534398437744466825 0.006560100449719521304 -0.6353253546709969335 -0.052508631599250781 -0.02347417947163150595 0.9983445329673057422 -0.1967425952631884079
0.9456128324188534107 0.3196748137783060884 0.06020286206318367639 5.503123469613339758 -0.3209300731609136537 0.9470240134444287694 0.012223178822915284 -0.730242750211100633 -0.05310611363792317602 -0.03087930367433299947 0.998111321095429882 -0.2146388815053132393
0.9395059736226154534 0.3369269450505768537 0.06171514584206173881 5.761577380174591312 -0.3384355014306880127 0.9408607907586288288 0.01556867959739783626 -0.8328628012331650288 -0.05281985326352381382 -0.03551346381209800201 0.9979723728587313047 -0.2368558905712057072
0.9318838819061238121 0.3568452520236481407 0.06522190392615381804 6.018599964782576528 -0.3586451825669552673 0.9333011063873137836 0.01796323572554131207 -0.9522174154493412424 -0.05446157971532545466 -0.04013117148047205124 0.9977090885676627163 -0.2601868589228936712
0.9238132968786961774 0.3774179644381366883 0.06422361426677401786 6.272788693496618606 -0.3788877208850856548 0.9253645126502594298 0.01202554323319180406 -1.087410416374820166 -0.05489159746827752817 -0.03544289557755309072 0.9978630736130379431 -0.285559713640994306
0.915621945669519044 0.3974890582830120089 0.06032330522815124857 6.521988377589941877 -0.3984624951588919273 0.9171733268495134705 0.004552852682175098122 -1.233669907427737966 -0.05351721741752307054 -0.02820526654864042443 0.9981685080079443217 -0.2902125646667741421
0.9062576993216976406 0.4192640370221142332 0.05398749558983749475 6.766516206502521058 -0.4197345914962097302 0.9076423988177199087 -0.002854570007031519748 -1.390047427655055845 -0.05019815854843145964 -0.02007344336017876166 0.9985375314679024727 -0.2927293422386781918
0.8968851833206747948 0.4397951408870183765 0.04666049712559133811 7.007111657633489976 -0.4398284573566668687 0.8980249796404795593 -0.01010267494137322836 -1.548608960184708394 -0.0463453993304007994 -0.0114616750034213094 0.9988597168606919707 -0.3004356307505430812
0.886175224587939514 0.4613758585840703197 0.04272924574956606103 7.250399887045730907 -0.461236769851860462 0.8871721120081647038 -0.01364865603619291878 -1.708428896275967723 -0.04420535559337557957 -0.007613198459539390756 0.9989934563079374552 -0.3078600283730881237
0.874641722943718003 0.4830600377307379678 0.04067992666687515052 7.49290395536705045 -0.483006017567934709 0.8755375336372261952 -0.0117989061190826184 -1.869150801769800196 -0.04131638269752458542 -0.009328833797477393067 0.9991025619928970425 -0.3234496205287446524
0.8616521136457795382 0.5060068416924137225 0.03889358829201994272 7.738631145050721472 -0.5061557994957697204 0.8624164660504215485 -0.006644224702717286928 -2.027422577201564824 -0.03690449412414058272 -0.01396120501857281253 0.9992212683224225289 -0.339401707307383671
0.848839023775418422 0.5273145190010695149 0.03757272636721113029 7.977247260344051405 -0.527707708645144602 0.8494257791177752814 0.0006480792016815749507 -2.187423418930003027 -0.03157350079553798011 -0.02037753225567653231 0.9992936856733775075 -0.3456993237909717354
0.834385065553196914 0.5501177806762611588 0.03423433606209263375 8.210202335634885884 -0.5506213318260765321 0.8347277155038640428 0.00676682405401639233 -2.359799050147994848 -0.02485379890207989328 -0.02449629264858834213 0.9993909246769302479 -0.3570347759092669104
0.8194687130133743169 0.5723941936210524828 0.02891220332504923149 8.437114385082210788 -0.5727804302518866297 0.8196811088007023294 0.006742298993288262272 -2.54678035800612701 -0.01983953408393243634 -0.02208544733883302871 0.9995592158062353016 -0.3696889653848615676
0.805851793292315266 0.591663480131597419 0.02317786716086106535 8.656403528902211875 -0.5918495987500054234 0.8060470470501073237 0.00148674182684597209 -2.752357147522930703 -0.01780280053860281916 -0.0149159049463630667 0.9997302516542219131 -0.3864181216183284473
0.7913344891511586709 0.6111172474464503512 0.01803984903896702421 8.871402217215534236 -0.6111427535864055738 0.7915064096747571609 -0.00470512301660965665 -2.960600817830283837 -0.01715403797071483882 -0.007301596897215219262 0.9998261977284100821 -0.3999944796946537373
0.7769211636274877542 0.6294278799540006242 0.01463042871287480867 9.087160529891313843 -0.6293970713151577634 0.7770505011171372489 -0.007200370372982200888 -3.170291650642404591 -0.01590069582164770762 -0.003614228855242377064 0.9998670437724054283 -0.3979287323013432909
0.7631039384478908172 0.6461670528999676755 0.01185406562694635811 9.299435949047410332 -0.646143508313085535 0.7631904830338406276 -0.006233239240604127561 -3.379725591409810104 -0.01307462390186564169 -0.002902818138175724486 0.9999103099061842359 -0.3985561253570074625
0.748640016197250624 0.6629375221531155216 0.00720887436898750341 9.507528478124466886 -0.6629216628345917517 0.7486737205501448056 -0.004746483142661664725 -3.594932864824264662 -0.008543716568346107834 -0.001225511767052659112 0.9999627508203036141 -0.4064329655281330722
0.7335905012061973984 0.6795835173289301867 0.00334955443004922044 9.707764713286710645 -0.6795676796182804624 0.733597085979008412 -0.004804608343398295185 -3.817413742049721836 -0.005722356006606723472 0.001248366110949352889 0.9999828479647971946 -0.4161506512941321456
0.7169146930439789234 0.6971592495480021245 0.001517783688163749705 9.90463699805875919 -0.6971339457694404329 0.7169044190696807206 -0.007232950593969127498 -4.049765251661142429 -0.006130624241345763135 0.004127310023523553251 0.9999726900062726465 -0.4219452197701677454
0.7005355886615060035 0.7136130816988875969 0.002501728781116427554 10.10271579127330099 -0.713579673927653646 0.7005302631559553461 -0.007835774368346959048 -4.279794925458539012 -0.007344247815873544867 0.003704056001864191802 0.9999661704243569815 -0.4185524068072581372
0.6853320450118407514 0.7282237813388131586 0.003179995674340494599 10.29293602560078114 -0.728191484995735383 0.6853339141117970046 -0.007388325108565275967 -4.511330620597458818 -0.00755971293067425696 0.002747810183487351017 0.9999676496165269546 -0.4307673238975071039
0.6686278581611524441 0.7435905213431455163 0.003150215779714329173 10.4797175949236383 -0.743560531709403949 0.668630960352308179 -0.0070975025451590016 -4.750268686246648997 -0.007383967419896471721 0.002403211804899250265 0.9999698503445805242 -0.43577624452487429
0.6509405706837363415 0.7591269475975417347 0.001628149001490812858 10.66047798487569231 -0.7591019824920469672 0.6509341611798982186 -0.006992709465319424215 -4.991083384451552085 -0.006368171996405682517 0.003315907155156467851 0.999974225240412129 -0.4363356635188165855
0.635405379792856273 0.7721787339252947913 -7.876436271574075029e-05 10.83366345782473417 -0.7721590008942850192 0.6353884060943877365 -0.007214619794068664362 -5.239087175281330389 -0.005520930015453317727 0.004645026841931920031 0.9999739711899515715 -0.4366260715456615205
0.6223371834453664819 0.7827478682811098709 -0.001484857793402759958 11.00386797864045008 -0.7827299830047695917 0.6223074050429889814 -0.008201666538842695975 -5.487405472853242649 -0.005495798999361297364 0.006266444768736112447 0.9999652633283413472 -0.4355857468913298947
0.6060859970508840622 0.7953961698915404943 -0.002167279562824666467 11.17576661056213894 -0.7953849978879822258 0.6060567460578822896 -0.007610893013704333326 -5.742475931190497818 -0.004740180752911443349 0.006336677331158563006 0.9999686881131981675 -0.4427510618979590418
0.589662234992585077 0.8076478694670077285 -0.001835093717665299464 11.3489938736011613 -0.8076427218667074914 0.5896458169059279886 -0.005571752065272123772 -6.003780362351548661 -0.003417958350463738779 0.004767551860648609752 0.9999827938569595398 -0.4466414903955051585
0.5758419705584194581 0.8175598495293551204 -0.001384695249723188332 11.52025469446910577 -0.8175561091618592791 0.5758318125492645212 -0.004442074779965764567 -6.276351306018111309 -0.002834310413230493701 0.003689999155401942413 0.9999891752367695563 -0.4558013409826421336
0.5618973629973809114 0.827206631486460231 -0.000736397591695730244 11.69023530333175032 -0.8271994090845398162 0.5618882082303812142 -0.004772741543384553982 -6.561108229504822198 -0.003534270331715543868 0.00329093854019781723 0.9999883392603871046 -0.4583638732084019951
0.5480559729821826709 0.8364416584806778632 4.936239507987309262e-05 11.85758986140035631 -0.8364308850230024461 0.5480492115999600067 -0.005043435763360223749 -6.850079642232326904 -0.004245592796051999782 0.002722796862658010981 0.9999872805786356178 -0.4673118438001470643
0.5319032578872241457 0.8468044485617342021 0.00107244814067753878 12.02477444946533325 -0.8467915288845010435 0.5319014668822705794 -0.004993609710243150299 -7.145211364089943729 -0.004799047656196518859 0.00174797727280193594 0.9999869567734608333 -0.4739533052134580204
0.5151123323251780572 0.8571200468410681284 0.002123767802851193008 12.19133339250035064 -0.8571085589905518276 0.5151164877905159978 -0.00446341926137126116 -7.452555890979817299 -0.004919673937865148665 0.0004788627447377570155 0.9999877836747891324 -0.4756557938664908725
0.4996402218484240487 0.8662296768144838177 0.002407429569592149481 12.3535333431607004 -0.8662202509902789949 0.4996460173404638772 -0.004041550463727523052 -7.765577904824048083 -0.004703773548498504063 -6.604307570511047925e-05 0.9999889350151413003 -0.4791631675369614207
0.4841956417636139598 0.8749564001792683454 0.002424516953572436549 12.51074151248931443 -0.8749469227123446435 0.4842016892076267398 -0.004075120204297027864 -8.091345997722244832 -0.004739507708681835012 -0.0001481682050086415275 0.9999887574932342371 -0.4846703164509578721
0.4665172454517729772 0.8845073531507110509 0.002898606288133641698 12.66547329018924373 -0.8844991915485292955 0.466525637117797598 -0.00387428210527360076 -8.423001371429105433 -0.004779105155619918499 -0.0007563955026163533607 0.9999882939413616834 -0.492447657554985152
0.4485882371036792327 0.8937320200349953003 0.003416123004235452343 12.81684862601005648 -0.8937234873197633656 0.4485995909037922003 -0.004090874472690964048 -8.765504701096066498 -0.005188616888364749012 -0.001217951196541691228 0.9999857973239762998 -0.4978979803338412502
0.4314679179898051053 0.9021177606568032692 0.004356793901186152042 12.96208907650281361 -0.902110435990621351 0.4314847279154037096 -0.004206049521950886057 -9.114154474472503153 -0.005674242006990748606 -0.002115533815522155619 0.9999816635790486075 -0.5020254009769569148
0.4128514993600989058 0.9107847479121674583 0.004978197132275720069 13.10170464600617102 -0.9107724902581143533 0.4128747990036856219 -0.005279331084448574823 -9.471903655666363164 -0.006863706371283426547 -0.002354425245325589972 0.9999736727617447585 -0.5078003374861510544
0.3939601698341600455 0.9191092391860687938 0.005795776655957114894 13.23730727629253323 -0.9190976961145072011 0.3939903487083485922 -0.005570468712681399433 -9.837840963910682746 -0.007403349326138650849 -0.003132342171580586743 0.9999676889036341887 -0.5126392773329513375
0.3755095529152702172 0.9267996938083860048 0.005907895230627570674 13.36662760967129771 -0.926788090336329029 0.3755412504308197619 -0.005710064412667439221 -10.2115608243906042 -0.00751074431161049931 -0.003331183203982285203 0.9999662453994870859 -0.5197251731018132093
0.3553886362729257176 0.9346979798519299276 0.006213185076226179424 13.49026114349065786 -0.9346866329660675765 0.3554236191381765497 -0.005911777505642436779 -10.59513726911409393 -0.007734039218025683289 -0.003706402493213641937 0.9999632229326897992 -0.5255674828052422365
0.334243992951655855 0.9424632717203582644 0.006628320593611779568 13.60887351877052254 -0.9424518594581341446 0.3342837802149701831 -0.006232727259797803468 -10.98555947272741307 -0.008089856589518983412 -0.004163621422240613296 0.9999586083818735593 -0.531265781414064886
0.3130410862142908313 0.9497124065411757243 0.007184928917247115215 13.72072572896666642 -0.9497004864988800588 0.3130878856816086131 -0.006705354816181523583 -11.38729281558186202 -0.008617672862661766506 -0.004724478933059763838 0.9999517063404828043 -0.537422251670495954
0.2932642049799676354 0.9560049790002272951 0.007112397924951722322 13.8255849715792607 -0.9559875331388770769 0.2933139181374846416 -0.007401480249363970657 -11.79745576482418556 -0.0091620172730843049 -0.004628774525972005963 0.9999473145550596964 -0.5490159399707197352
0.2733878457479589352 0.9618832357651941889 0.006302900218984264918 13.92120426605769268 -0.9618605232220651668 0.2734318698817714832 -0.007703661462790950196 -12.21519792060811227 -0.009133436607624081244 -0.003956423490764684678 0.9999504622974560997 -0.5596037396597302038
