1 0 0 0 0 1 0 0 0 0 1 0
0.9999999670736333668 -0.0001613651278201230679 0.0001995345273408803178 0.9159904883511026386 0.0001614643019026242899 0.9999998634049588331 -0.0004971109966108311221 0.3844791840784287928 -0.0001994542837059444301 0.0004971431979459348376 0.9999998565333044764 -0.1038919800370493862
0.9999904213963223265 -0.004357323812433995698 0.0004133337627203878734 1.111737292406650202 0.004357660178318917971 0.999990172089614604 -0.0008164079576759656611 0.3785799978451714898 -0.0004097723466785664756 0.000818201305705861079 0.9999995813165359904 -0.1127520169546420981
0.9999888172095346972 -0.004694257273171682614 0.0005739377398008780598 1.336274334971166322 0.004694446821744449085 0.9999889267842363427 -0.0003293599081147189364 0.3770146322605785194 -0.0005723852843202916103 0.000332050545150366222 0.9999997810587368807 -0.1161825978739733922
0.9999885423916614613 -0.004784455895930022837 0.0001551360052354375718 1.563494723064705827 0.004784442953393607846 0.9999885509851724752 8.3691103035829972e-05 0.3757966316681765617 -0.0001555346454723700303 -8.294790476888365134e-05 0.9999999844643094882 -0.1184452776784825911
0.9999881933724978911 -0.004848879375927683463 -0.0003185661713224303081 1.792430905612299341 0.00484883215241247497 0.9999882332670050333 -0.0001488431779016045377 0.3733365098484602851 0.0003192841454549257474 0.0001472967466714676774 0.9999999381806495835 -0.1119775233005714798
0.9999908253308741335 -0.004274879167958609352 -0.0002732438043564517781 2.022776184146870548 0.004274646083203629751 0.9999905041074451661 -0.0008479951657251809079 0.3701369019628991675 0.0002768662865311324948 0.0008468193650920629841 0.9999996031209323899 -0.1099871250807353679
0.9999886025222058938 -0.004759513402734892248 0.0003766402195675467332 2.25486297012068615 0.004759899994512555368 0.9999881388150211325 -0.001032269980350429463 0.3665916761093128695 -0.0003717226493615131857 0.001034050984855303763 0.999999396280234043 -0.1059578252877103888
0.9999953120421639641 -0.003002758186263306331 0.0005994472203751959787 2.488571363995607744 0.003002987168225696325 0.9999954182697230465 -0.0003814546226718729225 0.3646553294435481152 -0.0005982990578788010888 0.0003832529667395007849 0.9999997475776685185 -0.1079667363175993711
0.9999918131980699565 -0.003972168359324099 0.0007716316229331376345 2.724387601028806394 0.003972571693056490064 0.9999919731281609048 -0.0005218748806593717865 0.3638804806178591589 -0.0007695524542565121331 0.0005249359701158229884 0.9999995661155295368 -0.1091577454811679393
0.9999921048083073583 -0.003878981221839946682 0.0008624533215830288736 2.960001233984311142 0.003879665096802746831 0.9999921598919648824 -0.0007926874161126828662 0.3628419147150327984 -0.0008593717402539224458 0.0007960271877429475314 0.999999313910228893 -0.1128467869482441266
0.9999905553706803785 -0.004212008160870447764 0.001071520737587782152 3.19689875959847658 0.004212801624430762698 0.9999908528078527148 -0.0007393261098536988395 0.360401924401552276 -0.001068396888573457321 0.000743833231496566008 0.9999991526197470337 -0.1146073845380289336
0.9999895026449625579 -0.004531424927672296661 0.0006788136748646285976 3.434229919028806144 0.004531472978793819363 0.9999897304247260532 -6.92656202371028833e-05 0.3571434450395319926 -0.0006784928317783245431 7.234091895658015855e-05 0.9999997672071072596 -0.1182742025738224567
0.9999946328380072691 -0.003261060772796399877 0.0003158762657514656833 3.674489214210239219 0.00326096019474101436 0.9999946323646418112 0.0003184030672711749932 0.355718463277894803 -0.0003169129019954689073 -0.0003173712984212549867 0.9999998994208306735 -0.1241625785349424749
0.999997338644608158 -0.002181186045447976434 0.0007517520442730582638 3.917334071065194046 0.002180310750927539742 0.9999969466021326747 0.001163198796799990191 0.3541882635841013816 -0.0007542869018586315652 -0.001161556648050440137 0.9999990409182516471 -0.125237817104665472
0.9999986743289741575 -1.178580879260292187e-05 0.001628251021500233498 4.162880641076942112 8.770850525924775488e-06 0.9999982856577006585 0.001851649192427412246 0.3495784677862385781 -0.001628270053303966297 -0.001851632456603399595 0.9999969600923190871 -0.1213885622922525331
0.9999928988366345584 0.003085965156759876756 0.002163121669186680515 4.410924471689914306 -0.003089876576192002178 0.9999935932788518445 0.00180722549623429582 0.3434040334371208369 -0.002157530775757549295 -0.0018138964418078819 0.9999960274124343185 -0.1255121346546250738
0.999986203327173695 0.005082501775156385813 0.001327151464564239013 4.662463403243592097 -0.005083640325275842232 0.9999867119036252028 0.0008559306159588823959 0.3334931261933070101 -0.001322783560372652262 -0.0008626655676672197442 0.9999987530251078782 -0.1334252375030319793
0.9999735023081324226 0.007274093428561870592 -0.0002867863315405948113 4.921597555583026917 -0.007274111960766277939 0.9999735412731564077 -6.363022262622149313e-05 0.3252873359144390353 0.0002863158913551227809 6.571465245663260046e-05 0.9999999568523965099 -0.1332677604466764865
0.9999411823292975177 0.01068919596287402386 -0.00183656515099674361 5.191704778312851154 -0.01068868789277331761 0.99994283337641654 0.0002862346501133739528 0.3177731000026802755 0.001839519779034496597 -0.0002665873427642316443 0.9999982725475935474 -0.1347277253290506127
0.9999194160943782883 0.01247313798831251042 -0.002362656598446405149 5.474816106784928138 -0.01247073061900131827 0.9999217059640288507 0.001030931527543886951 0.3102019665905587642 0.002375330567725255845 -0.001001384397070537819 0.9999966775114722539 -0.136100145162369901
0.999893181606041459 0.01442503094129317202 -0.002354540314040980305 5.772938942504675097 -0.01442068353821736489 0.9998942994730485312 0.001853042792828408234 0.301791524306025738 0.002381021637511147697 -0.001818890773026582072 0.9999955111760839843 -0.13164672327959831
0.9998680994036498459 0.0160815206328537158 -0.002273431122346307367 6.085678629820964858 -0.01607653793023400973 0.9998683586158569891 0.002193254889364560246 0.2913040751651534421 0.002308402718483031513 -0.002156416696066530345 0.9999950105595138972 -0.1316328459598798684
0.9998260349367641409 0.01848055106275997908 -0.002523706608378559462 6.41364631255379436 -0.01847501320041573108 0.999826901303537019 0.002200299300490074408 0.2792961753389437973 0.002563932501630456027 -0.00215329101237935654 0.9999943947782622411 -0.1349935234421648644
0.9997893105020996263 0.02015920758716667482 -0.003865353178386314592 6.757307847631460973 -0.02015144524023344819 0.9997948644556777786 0.002036728450942351838 0.267041105996632222 0.003905619088699303909 -0.001958406880739249102 0.9999904553454614931 -0.1436000970229320828
0.9997763364588170276 0.02057651606400989069 -0.004887130410960254488 7.117132851213234801 -0.02056807487914729532 0.9997868857630539674 0.001771257174962605641 0.2530640775610145665 0.004922535195605978048 -0.001670342145073719321 0.9999864892109124881 -0.1493540544244864599
0.9997540454844057178 0.02141084341710842304 -0.005781377148481377237 7.492066666162734201 -0.02139633691783636785 0.9997677959456022778 0.00255948365322133161 0.2395516419179697931 0.005834835392995267427 -0.002435153843341244292 0.9999800121610911141 -0.1521804363746064037
0.9997085163664507501 0.02324277594256154988 -0.006531130903131219557 7.881080464177811606 -0.02322233375077197709 0.9997252403827130429 0.003188566589301411371 0.2257827575047362811 0.006603447550916894705 -0.003035969072723654263 0.9999735883373279677 -0.1526747395367824001
0.9996714623084359541 0.02463942317044954741 -0.007061605478984462649 8.283140456943058894 -0.02461709633144971987 0.9996917307800169405 0.003231404998182730269 0.2099791978283010452 0.007139048558556957899 -0.003056507137513265072 0.9999698454202491371 -0.159851104108331088
0.9996231661570145199 0.02636589139779878591 -0.007639728596299860328 8.697971191821473269 -0.02634059456430223184 0.9996472675903624872 0.003393151502831156553 0.1914677587941208681 0.007726497280443035687 -0.003190637854974072516 0.999965059924522448 -0.1636306473585988908
0.9995649424719807996 0.02833834933929791147 -0.008177024991372240995 9.124437493150882261 -0.02831659611159918072 0.9995951835920252604 0.002763932755658976993 0.1726329055090301545 0.008252040089467506737 -0.002531184771831548452 0.9999627477751421578 -0.1627683585613172723
0.9994976952670912018 0.0304944933441305098 -0.00862803752065199013 9.561291334406680775 -0.03047349483426999017 0.9995323100069138933 0.002554870804630204363 0.1522352561137463312 0.008701911764590519044 -0.002290661024117591864 0.9999595139822980983 -0.1595600481771778101
0.9994775790999009812 0.03111990146215855291 -0.008724712579028057191 10.0085359971188943 -0.0310952647029458934 0.9995120855500885249 0.002945395112058281448 0.1312071132753284963 0.00881211607134380244 -0.002672559128990693693 0.999957601120191053 -0.1580796296821794511
0.9993994745143366387 0.03362901307491357461 -0.008353431634669401806 10.46658858298460615 -0.03360321948090336241 0.9994300998786803669 0.003209220623332616033 0.1089519398553707163 0.008456593935269703793 -0.002926591207920670786 0.9999599597398466377 -0.1592976206489345459
0.9993500650703383004 0.03525012300264381004 -0.007541635910674780036 10.92999481851002663 -0.03522360850800938803 0.9993728991804341488 0.003620191620376572196 0.0864483131708845276 0.007664518744525743513 -0.003352195100562867583 0.9999650083580038373 -0.1610613343560575728
0.9992908530172680548 0.03677675929309393715 -0.00807843127832813708 11.40014586792821838 -0.03675408512604572825 0.9993200228061503987 0.002937557703694162331 0.06129597542531228793 0.008180971981875126767 -0.002638559192623403729 0.9999630541689121799 -0.1624832962082812249
0.9992137472556203992 0.03849765925694594026 -0.009477210935571666814 11.88210542138075887 -0.03848201802236120295 0.999257622010578217 0.001827332123891606697 0.03374837205370426196 0.009540523272226840434 -0.001461193176969916106 0.9999534205802746989 -0.1666244827623608593
0.9991738523695303797 0.03939988089074488581 -0.00996303803199311 12.37324413763321118 -0.03938956799632491179 0.9992231736397967357 0.001229306420514481848 0.006635211673330615456 0.01000373300796864734 -0.0008358510679168891034 0.9999496120699770119 -0.1717991429765710343
0.99911839849004902 0.0410627072571319654 -0.008733834861888362111 12.87635172392561778 -0.04105492245844672566 0.9991563195624868499 0.001068840622587620935 -0.02049714049745343658 0.008770355785860764128 -0.0007093314180611451662 0.9999612881048589585 -0.1711227688728400032
0.9990890003874171033 0.04212233596872624192 -0.006846759628429440435 13.38939461554176624 -0.04211852763818670076 0.9991123762065546865 0.0006995287579931097274 -0.04874637187161087737 0.006870148067039216593 -0.000410516052923561134 0.9999763159905874499 -0.1731710230528173411
0.9991150932459166301 0.04171272124122964164 -0.005392525832553477991 13.91267614527338026 -0.04170915595060036007 0.9991294962894952114 0.0007719806915361061752 -0.0766396323345938657 0.005420033034196904305 -0.0005463798596905298588 0.9999851622453991284 -0.1761051095639371011
0.9991668573246437202 0.04058944343573059332 -0.004253034866149041533 14.44775947944768291 -0.04058753708808906374 0.9991758439227903521 0.0005336237464604756762 -0.1051907043984672829 0.004271189192490440142 -0.0003605589513779558801 0.9999908134278656657 -0.1824656006883845771
0.9991921024127872197 0.04007139378330303037 -0.003070158982452975225 14.99704673185117976 -0.04006975954214676838 0.9991967093167372083 0.000591997329603779739 -0.1328977111214096618 0.003091414910459452416 -0.000468498524206503752 0.999995111819544924 -0.1868442218353854045
0.9992444634427990469 0.03879091979698520709 -0.002401420458106059194 15.5577608525475064 -0.03878999289286656077 0.9992472918970575213 0.000431378914714158478 -0.1603051729722199947 0.002416346474351458492 -0.000337901909671367844 0.9999970235415780451 -0.1926582971333703487
0.9992241857820279849 0.03931477709824295758 -0.002318372264917065249 16.13222913815789994 -0.03931431036181264049 0.9992268632321321675 0.0002465685482197384464 -0.188554102928389089 0.002326273633590148892 -0.0001552320500771568247 0.9999972821733028594 -0.191066480730588184
0.9991990623489553913 0.03993776619397410022 -0.002491712745030075053 16.71784366150720302 -0.03993912188836645782 0.9992019915090190052 -0.0004966962818559229626 -0.2182358440275483369 0.002469887397128277783 0.0005958152781372031293 0.9999967723249909568 -0.1956337430907199582
0.9992010270620904633 0.03983035355755606272 -0.003294002662976281814 17.3158233469277576 -0.03983241675769499945 0.9992062156942852491 -0.0005631102439325419385 -0.2492733980358225188 0.003268959055251713462 0.0006938684209592086176 0.99999441621106544 -0.203976760234454324
0.9992904911737306994 0.03736771944867569445 -0.004708268574450508691 17.92730882588513452 -0.0373720245263726436 0.9993010774461168477 -0.0008296974329350829741 -0.2777733611938920655 0.004673973958452880967 0.001005066283924396569 0.9999885718392989009 -0.2067710757150683643
0.9993392311454327714 0.03582791580447889507 -0.006120583531197791236 18.54971903987968318 -0.03583528422119229562 0.9993571062563001428 -0.001098444272790475608 -0.3055601748706303633 0.006077293677416341876 0.001317051305466559455 0.9999806657518020003 -0.2077412837391526823
0.9993748925609156064 0.03469503923024283565 -0.00678810516051717508 19.18462780511863741 -0.03470627412494958069 0.9993963626260252697 -0.001544314162986663418 -0.3331193562689231946 0.006730427566075174346 0.001778938639204991111 0.9999757680674545846 -0.2103566588739840815
0.9994228711467392223 0.03340763773519433294 -0.006152590491999332216 19.82937129857458558 -0.03341661242965028589 0.9994405814469372595 -0.001361679380178772332 -0.3607342925956449897 0.006103658127284214072 0.001566492247629073988 0.9999801455326516875 -0.2199132114191471588
0.9994445611432354326 0.03304057817316605195 -0.004346193183524133322 20.48295049377261279 -0.03304616829865051481 0.9994530807291603924 -0.001220730014236688166 -0.3882929961600922741 0.004303482541253554963 0.001363677004754348596 0.99998981015960553 -0.2267329149026640622
0.9993645526611353302 0.03556232010632985607 -0.002410865625405858494 21.13910636705946189 -0.03556597448398102906 0.9993662194760168926 -0.001490244684061122144 -0.4193994911496644051 0.002356341107235197796 0.001575042497359869891 0.9999959834407925463 -0.2317803317705608712
0.9994196342067881433 0.03402638788249322255 -0.001612355308216398362 21.79718100322001106 -0.0340305585449697523 0.9994173218410680182 -0.002633987309109364367 -0.4501076512801447382 0.001521790750136542587 0.002687327984686953709 0.9999952311992370557 -0.234976541662308247
0.9994183216625005528 0.03406197855247796585 -0.001673302842025335083 22.45503878660852237 -0.03406658597650422116 0.9994156240427686244 -0.002806802292449840988 -0.4797841154470360303 0.001576719764588816169 0.00286217335149126402 0.9999946609449922308 -0.2328238083763443378
0.9993723207013043286 0.03534731496663211237 -0.002352007810137076924 23.11103827838805813 -0.03535062788648177939 0.9993740153916681468 -0.00138219678964710338 -0.5085278028309327958 0.002301678544179730935 0.00146447416621777295 0.9999962787887242133 -0.2352295010013608911
0.9993759523655162402 0.03508347293268682804 -0.004105576755927009026 23.76473479407647815 -0.03508072055993381039 0.9993842077338197516 0.0007405249767517264837 -0.5340244090131879284 0.004129028761490347206 -0.0005960362629796735028 0.999991297893266684 -0.2306821723931734014
0.9993587648380093391 0.03524761082457764788 -0.006298021324782661703 24.41740909182513874 -0.03523222634647166923 0.9993759315461592241 0.002537256967166859941 -0.5603984569960026585 0.006383523174492894414 -0.002313736675934858697 0.999976948361548601 -0.230458540183866134
0.99933095295772012 0.03560566984711566879 -0.008359589424913688172 25.06864580089926164 -0.03557715902043644823 0.9993606807890395016 0.003534890224885777702 -0.5899360395306418869 0.008480107113091677265 -0.003235114774720320753 0.9999588100595668827 -0.2344873282210488408
0.9992540590290994729 0.0374763006768277368 -0.009319463581606537289 25.7192135123069221 -0.037419922391990941 0.9992806917979578651 0.006152105978612365349 -0.6201130403301544636 0.009543318188463842042 -0.005798783266746893733 0.9999376476513818224 -0.2375411714656838758
0.999095153203456543 0.04179685750996467442 -0.007867499453663197306 26.37163477727904848 -0.04172237473235839572 0.9990849804318501226 0.00940453731888035889 -0.6499039231253233018 0.008253380643975075787 -0.009067776893002036515 0.9999248257394974804 -0.2358763569226506318
0.9989849863736763869 0.04475839150995693239 -0.005067878197725252457 27.02592375149361814 -0.04469622132873188325 0.9989311712998988346 0.01177976249103204406 -0.6826529772561292786 0.00558970472552682441 -0.01154129086599620796 0.9999177735225170949 -0.2337616742722170016
0.9988410015809724429 0.04810518760107101999 -0.001595144691078203723 27.67908517108964972 -0.04808336294750877038 0.9987750625270619409 0.01167752892189328172 -0.7220270638246262251 0.002154940458075952758 -0.01158729476319975311 0.9999305430037093156 -0.2338874725064416515
0.9984163035512355622 0.05615194977591572711 0.003441415326575436584 28.33350080077772759 -0.05618959438139611157 0.9983474629249642351 0.01204461516783826742 -0.7700346143134126908 -0.002759399634182987428 -0.01221891188486842229 0.9999215388749302935 -0.2424321857910555489
0.9971890550347710658 0.07459456029246518127 0.007045572626416914813 28.98601959165127084 -0.07466911586165725367 0.9971478177194267323 0.01098875579050592396 -0.8329154088792465327 -0.006205775962661286803 -0.01148395368149611635 0.9999147999467467018 -0.2428040310168227689
0.9971978073177805157 0.07451365418837450905 0.006651948594667702643 29.63384743431370794 -0.07459175410274493379 0.9971372226470743838 0.01238666345528402664 -0.8885768957679568425 -0.005709929989623252142 -0.01284813415147006629 0.9999011561891202327 -0.2450149859443704059
0.9969782123950934327 0.07755212544242631734 0.004484623601395138631 30.27901862335527738 -0.07760653453732557772 0.9968913248872545152 0.01359824112307185182 -0.948189416121913764 -0.003416109862242622426 -0.01390518622300620025 0.9998974827398620091 -0.2460541817969238987
0.9965500625013969938 0.08296959268953044142 0.00200489835030662417 30.92248338742642133 -0.08299089486379307434 0.9964267787346271499 0.01569031517342051735 -1.009286958910247112 -0.0006959153457773384777 -0.01580257287494172408 0.9998748893698469198 -0.251037304443583853
0.9954038704229973833 0.09575857300414714057 0.001196011340280866281 31.56531507438929296 -0.09576543504170091647 0.9952754801568162168 0.01599062381186894602 -1.083606240704360513 0.0003408785566996696235 -0.0160316653791292979 0.9998714264879166036 -0.2597320750622188479
0.9940042216123550212 0.1093269085004227592 0.001798470059936153409 32.20638500066014132 -0.1093415454486249827 0.9938960241544504415 0.01466695636055189052 -1.170702627508867444 -0.0001839992461216092428 -0.01477566403638926051 0.9998908169878155672 -0.26742582563297701
0.991196861625533665 0.1323889642625446783 0.001394146758168529664 32.84366559251724027 -0.1323949484641065988 0.9910840906546943829 0.01496338438803508988 -1.267385775245943647 0.0005992702889356484649 -0.01501623763291601125 0.9998870703646850489 -0.2629121641655960406
0.988254290671273905 0.1528159884739631047 -0.0008547728019326307144 33.47460416342442358 -0.1527767758506276552 0.9881003014194730261 0.01780592865968049637 -1.375048746600709748 0.003565631852060744105 -0.01746619596455178253 0.9998410965088520008 -0.261029220953298724
0.9847318679947741904 0.1740513061519766425 -0.003048111269876600284 34.10133644307281031 -0.1739549018725753682 0.9845430564302152243 0.02036325488601228167 -1.493654772681446197 0.006545247896399750132 -0.01952211212550851102 0.9997880009622708286 -0.2599905255360080991
0.9804567398765275943 0.1967095362406176273 -0.003152710372415365014 34.72478372477053199 -0.1965981969509061345 0.9802472256471196355 0.02155285518852985763 -1.632337550777979374 0.007330087744625957136 -0.02051182495845160769 0.9997627392789401046 -0.265349227672686927
0.9753577644824427129 0.2206284083690482067 -0.0005802450795871435824 35.34486273007360779 -0.2205579766018453403 0.9751064613370051815 0.02283786365059951515 -1.784424753967858379 0.005604482234045539933 -0.02214710995511666447 0.9997390135928096999 -0.2642939840363468518
0.9687191569097496346 0.2481545207514677664 0.001590241073911870598 35.95737731076658861 -0.2481262996057740922 0.9684642134001676395 0.0225921846473549244 -1.959704559722197814 0.004066261183130331046 -0.02228006269748591603 0.9997434992667803 -0.2646183102221839611
0.9595894857278527423 0.2813960463338990858 0.002069779747992513304 36.55978773394272707 -0.2813673664851167877 0.9593216539663227405 0.02311642940743276545 -2.152360404978629127 0.004519287309418080871 -0.02276465108383950164 0.9997306370734299064 -0.2583617104871054337
0.9486376941481958758 0.3163632808706693389 0.0008942918651359486317 37.14905408966231448 -0.316289055462784352 0.9483457965833165249 0.02452516049314531696 -2.3764185336089092 0.006910762306270843737 -0.02354834642816370366 0.9996988130156229113 -0.2511493652671785703
0.9380162457808112197 0.3465893263384977052 -0.001166841676988571381 37.7284534116611141 -0.3464400752369439229 0.9377011202639377041 0.02637960055756767216 -2.614572079581202857 0.01023703673400887249 -0.02434025316184149773 0.9996513167874706562 -0.2545557785246622129
0.9256109919873289904 0.378465035584307774 -0.002916908020749771433 38.29632126403389236 -0.3782714933017813919 0.9253361892241641629 0.02576071170100550228 -2.873709911193194522 0.01244864922283613062 -0.02274101475903433575 0.9996638822025412097 -0.2530964818149273876
0.911221899285592829 0.4118912856738946027 -0.004496559602974988315 38.85180325711013438 -0.4116757706809474615 0.9110092204830826379 0.02419214808680901496 -3.156477551806698312 0.0140609422374509789 -0.02019329048749288896 0.9996972146218487953 -0.2471210797044206542
0.8962068137510964538 0.4436021679155893738 -0.005519384630253661335 39.39396702090712665 -0.4433657993976526379 0.8960251909846342899 0.02378287294314999911 -3.45421766564610877 0.01549564166428304621 -0.01886726640345209177 0.9997019112454839096 -0.2372924652834740022
0.8804520129635637904 0.4740923278175465105 -0.006381032279230569246 39.92535912755090521 -0.4738241503936717058 0.8802820564012324711 0.02437571910185616988 -3.765768515980302045 0.01717344962794935259 -0.01843816375232263868 0.99968250297047756 -0.2260770544384052561
0.8636761412933620097 0.504032759561905741 -0.003807919250543172901 40.44673673227440247 -0.503746793161512274 0.8633976265510232562 0.02799476460970026434 -4.093424742013857198 0.01739802690253012749 -0.02226018316344278644 0.9996008167790925159 -0.218030764979337488
0.8437755581424254414 0.5366949720729456974 0.001146487269213050143 40.95842261802573603 -0.5364397964137715968 0.8433045065824927855 0.03270862273483256255 -4.434056451895188822 0.01658771548434865781 -0.0282137578014409994 0.999464272280771393 -0.2177003456508385115
0.8197477786545526168 0.5726785919927611657 0.007267025809448592229 41.45398186375379623 -0.5725589588231675409 0.8191393474314946355 0.03445240428236441554 -4.80341687077213475 0.01377744759587027842 -0.03240308261097579745 0.9993799188372004538 -0.2160720364496712398
0.7936373293428152786 0.6082670727935892696 0.01228648154363858047 41.93041847362802343 -0.6083129117235342997 0.7930495750831657586 0.03205889721817981736 -5.201244954043751534 0.009756582600443042264 -0.03291716293256029269 0.9994104609620774182 -0.2105970949493644606
0.7648740628055048507 0.6439939729977522953 0.01547355130443256455 42.38405502607670883 -0.6441413541641610729 0.7643451142779703611 0.02929952448346664559 -5.619566915711185828 0.007041583838980053529 -0.03237760062090430657 0.999450902783659445 -0.205977987432182208
0.7351872697466761419 0.6776602767328435695 0.01662010050492934363 42.81798957634184433 -0.6778407374403959684 0.7347376075395428696 0.02631696664375901551 -6.054963113047444168 0.005622550016520212746 -0.0306136800374343411 0.9995154773818548666 -0.197559702042165275
0.7064783142756029255 0.7075381632760792128 0.01667749879972256141 43.23344044592504076 -0.7077141779369424679 0.7060822583699901678 0.02425874609645248606 -6.515135486687949395 0.005388302639993841972 -0.02894118040175161152 0.9995665932150858968 -0.1951097178036650948
0.6753365134041907636 0.7373207563551219534 0.01669418794018541832 43.63193502663801837 -0.73747859813707628 0.6749270166945160465 0.02447119583537459009 -6.990683312030204988 0.006775762159645788187 -0.0288378983934578538 0.9995611360309105686 -0.1929600150471805775
0.6439232789289246472 0.7649067423461570758 0.01674772721332841441 44.0137449357770123 -0.7650373654906823528 0.6434677172417941904 0.02582878763532129446 -7.482187945518829153 0.008979992009935596625 -0.02944439473013633207 0.9995260813818104273 -0.1928042303303268146
0.6105781377231622731 0.791759027503860735 0.0176629584344142436 44.37813554333630606 -0.7918880986595151494 0.6100818159037272315 0.02670986905675220777 -7.997519044967173585 0.01037193019323008961 -0.03029554867883162139 0.9994871698998017973 -0.1892944236692608029
0.576825100072203889 0.8166368541355720767 0.01941783701261316081 44.72580272755593001 -0.8167921269699700559 0.5762854749533495857 0.02730700784898833222 -8.532081848923549927 0.01110969156027269769 -0.03161170392985366423 0.9994384798115824031 -0.1866062381975422402
0.5415390205495556053 0.8404541330805090915 0.01929609831333794698 45.05192486839180788 -0.840610299700131347 0.5410681708728817263 0.0248909322109359156 -9.09109054025276464 0.01047918223352680041 -0.02969991003629382856 0.9995039279980607594 -0.187797829605809069
0.5060923707281674844 0.8623173688823284611 0.01671130200197823087 45.35525607606367515 -0.8624315637497761422 0.5057655499356413786 0.02032255757561416201 -9.668282184394609402 0.00907249353039213044 -0.02469744566056309917 0.999653803093343174 -0.1861906004554164107
0.471922000947011977 0.8814574178697456297 0.01795676765371133354 45.64246508215474307 -0.8815658263107233328 0.4715195150827421466 0.02260621103209651747 -10.25739484771626131 0.01145944602763891013 -0.02649844105861110313 0.9995831699854709207 -0.1799738132610236296
0.4392845160602260046 0.8981338211205801558 0.01961512959627741137 45.91569934377120887 -0.898196291504314015 0.4387043773155049342 0.02796231843235715692 -10.8611797952721254 0.01650866068554555227 -0.02990165018123283266 0.9994165074876483201 -0.1670276908703424434
0.4067920114372932661 0.9132952310109975214 0.02029976461365543688 46.17018438910565692 -0.9132499642399117823 0.406029919247819171 0.03337974672476248794 -11.48242883398864222 0.02224325170924829065 -0.03211737361893298587 0.9992365646158175574 -0.1619337162625818227
0.3775911161291398699 0.9257984169169058974 0.01795105162661695536 46.40517619983029363 -0.9256126269805462492 0.3768330801553625431 0.0351865666809710459 -12.12082442497264978 0.02581111765349813902 -0.02990185503899659217 0.9992195280671331004 -0.159164265455654208
0.350053137948669435 0.9365764182802172044 0.01695326911511984419 46.62403558692950867 -0.9364073375827576262 0.3494004289431084098 0.03256744349106048542 -12.77631155471189217 0.02457842007658996714 -0.02727550138442506183 0.9993257468367193752 -0.1561436237860744924
0.3266754273695190447 0.9449768326571554855 0.01737673427870153192 46.83361444544978269 -0.9448886093543226172 0.3261133836392586804 0.02890634746570411306 -13.44305706277382839 0.02164904305960060893 -0.02586207169977258399 0.9994310742527467983 -0.1435021447778861148
0.3046781864658213435 0.952291437087738335 0.01766979177207255239 47.03179867466428732 -0.9522427875777564887 0.3041658402580668108 0.02677340333704344988 -14.12182735660576682 0.02012153567802522566 -0.02498320374720524456 0.9994853492335360468 -0.1259050300325327276
0.2847142658819337147 0.9584340952125197655 0.01848977927046155725 47.2217782986887471 -0.9584071713703508077 0.2842012251956943514 0.02617933274836366925 -14.81011575051691054 0.01983634717368229147 -0.02517436655459443645 0.9994862533318705777 -0.1183095957981339097
0.2662686335996719 0.9637174054510840859 0.01870233118075351891 47.40058759584059089 -0.963691662167842078 0.2657589965742758187 0.02589471003923397852 -15.5071020807161446 0.01998487000572185535 -0.02491822968160035609 0.9994897132038875753 -0.113385560963556481
0.2505330528241661581 0.967971715212077588 0.01624647629462695059 47.56790033502210235 -0.9679221196836892416 0.2501207829588943943 0.02379840664967492955 -16.21681310101758555 0.01897260313286514705 -0.02168761124278012486 0.9995847577113933236 -0.1075172642667112377
0.2390205247890621054 0.9709287778871994457 0.01290337165359698585 47.72800851026961766 -0.9708438257434737206 0.2387082559333034704 0.02192337941687367078 -16.93764675199611602 0.01820589864129317295 -0.01776729635453885847 0.9996763818531039236 -0.09766974814928838788
0.2288805021564824793 0.9733898164822983867 0.01122412139786571963 47.88356529884002555 -0.9732923674823255045 0.2286167137467177701 0.0208893656270666972 -17.66710589631225048 0.01776747402548780469 -0.01570552018269114752 0.9997187872109559725 -0.08740471819181293289
0.2229408871004987525 0.9747927205904460823 0.008747156264723792221 48.0368658145679035 -0.9746745517267140224 0.2227346666138534381 0.01996963957473562798 -18.40623771363723193 0.01751796435582464104 -0.01297767977307196993 0.9997623221308831187 -0.08041050187117840253
0.2177646209966521695 0.9759713295834649971 0.007650730244095791006 48.19072094629098046 -0.9758236972307033907 0.2175687577690887942 0.02078334828212516708 -19.15314523583105455 0.01861939218086760411 -0.01199164183500672776 0.9997547293016002534 -0.07311454568942118981
0.2150712737631675919 0.9765691254985945369 0.007555813973298170991 48.34668265322105185 -0.9763844867566928709 0.2148558296632659959 0.02258996415621814663 -19.90636653026122715 0.02043725086106826933 -0.01223583191368992143 0.9997162613434982248 -0.06445730688115244855
0.2108546394326079598 0.9774988535727534567 0.006025968278858923402 48.50061079745712789 -0.9772570689327868543 0.2106522040012768215 0.02437765719471385664 -20.67041200130274348 0.02255974846143896095 -0.01102906221568273649 0.9996846590480416017 -0.05529517880199009972
0.2090575422833431674 0.9778968362817158644 0.003566735854976550626 48.65277679965950597 -0.9775998027431755943 0.2089003925334679268 0.02567589678798648176 -21.44848314516422505 0.02436328571750005431 -0.008854580146679323985 0.9996639568972532919 -0.04627171611954378205
0.2079777314507177399 0.9781289177419880687 0.003013884121906827175 48.80982236028960841 -0.9778306878078775188 0.2078356726365405693 0.02552408981511006258 -22.23650950422181083 0.02433945771347780992 -0.008255510680988356609 0.9996696641099047653 -0.03810655181410788073
0.2088769544236487308 0.9779389396594192485 0.002418306951568720796 48.97060563994695315 -0.9776709298705728024 0.2087602217291574247 0.02405665624318553686 -23.03661748869798842 0.02302109460279335579 -0.007389189495745913071 0.9997076718130581963 -0.02310106140232223368
0.2092487599586978497 0.9778603045154109497 0.002044824876427763904 49.13532176215197467 -0.9776154613733657461 0.2091484563127247176 0.02291141431133804363 -23.85037664752064046 0.02197649060902903684 -0.006793237448544113023 0.9997354078882466633 -0.009304362851876454843
0.2089134048765043383 0.9779303128612969465 0.002737233989318499025 49.30361695983013703 -0.977689431637355888 0.2087976967961633346 0.02295423876415666337 -24.67413912575061374 0.02187611774356275005 -0.007471612919843472964 0.9997327695303609429 -0.003796460534916216989
0.2087275421479001247 0.9779716455228785188 0.002067293440779654091 49.47466292719429504 -0.9777207186057711441 0.2086249646607903907 0.02319095792111460289 -25.50843548378703929 0.02224881025833813641 -0.00686182727541771037 0.9997289161410360947 0.007011858358156687621
0.2093085856278825707 0.9778482944894083539 0.001621402667588741318 49.64603701242108258 -0.9775933431381268468 0.2092154767320563158 0.02324090677660523366 -26.35466419990112286 0.02238685852181655431 -0.006449593780501862786 0.9997285788180663157 0.01571439302800264892
0.2112919473887150401 0.9774229888717128611 0.0001174468911488645403 49.8191571098200825 -0.9771919760066681837 0.2112393933634439946 0.02176604510763799696 -27.21248325082549968 0.02124982345498534556 -0.004713758217381046507 0.9997630846788653214 0.02387377897467120313
0.2128476013761094743 0.9770850624840400345 -0.0008241717033232303377 49.99477600680970824 -0.9768983763477526727 0.2128232857611266349 0.01938585378471551282 -28.07649742379464186 0.0191170310864778141 -0.003321100479896445939 0.9998117369855392678 0.03650651152351960804
0.2145924503168898934 0.9767029843124300781 0.001166491400060115429 50.1768571578512308 -0.9765630146654584731 0.2145411224235188596 0.01722745415807312719 -28.94259440350326429 0.01657584551402932482 -0.004836033958726846174 0.9998509159474952002 0.04586466945408394086
0.2154335432676577344 0.9765086759097924007 0.004381130909547404848 50.36376867498756837 -0.9763940432411896131 0.2153322896290772448 0.01693154943356807787 -29.80716191951795579 0.0155904059685571892 -0.007925333810227015371 0.99984705246639205 0.05797980866756351215
0.2152028472991013297 0.9765421381892878117 0.007292931855827021123 50.5517043717433836 -0.9764301896264893088 0.215040099449757216 0.01848892681084653503 -30.67283229872677452 0.01648694332913197558 -0.01109990852811710942 0.9998024668554931216 0.0683413496042068469
0.2171283226613899275 0.9760977456596848789 0.009406509253299697587 50.73987490169579218 -0.9759715627188720877 0.2168994619792004031 0.02083583828926139497 -31.54360469701772729 0.01829754798693471879 -0.01370453615466372954 0.9997386585635524847 0.0800567135607056779
0.218268665341876611 0.9758302956013704677 0.01067819818217848743 50.92775596468125343 -0.9757376093361463942 0.2180292548386930651 0.01998403766674842 -32.41787882705498447 0.01717286979097176758 -0.01478100879595939214 0.9997432742069916056 0.08222977439563565472
0.2180354675460267622 0.975866945500330818 0.01200997801162832605 51.11809219597096643 -0.9758253328275978689 0.2178038201192676881 0.01806697964136358414 -33.29525328908157178 0.01501514914655308931 -0.01565888314369860007 0.9997646446413269716 0.0898783764347959313
0.2171675125722978272 0.9760543565136564625 0.01249658408817516664 51.30634344998981078 -0.9760322751899365157 0.2169418713006028288 0.01724013527060243994 -34.17572696861343218 0.01411627680080219938 -0.01594106669281063898 0.9997732808602051158 0.09912994017844248273
0.2174798635741047592 0.9759942113505317707 0.01173918012649806213 51.494999302767134 -0.9759271538546779867 0.2172314824357256535 0.01940807584189418317 -35.0584718175560397 0.0163920501736816368 -0.01567745033577167685 0.9997427260260876025 0.1064619527145175132
0.2176566198784157802 0.9759444481325725285 0.01257099766573297611 51.68473863028630433 -0.9758411870602224925 0.2173472563297159654 0.02222943550432672499 -35.9463063192871175 0.01896242231359442088 -0.01710568107833715726 0.9996738579230963762 0.1148536208829569749
0.2177979856931806513 0.9759046293510331704 0.01319817560180600209 51.87573578552512288 -0.975772112084025145 0.2174403349899726168 0.02425873035691599941 -36.84053510367854756 0.02080439153337957162 -0.01816191428984041331 0.9996185883437014308 0.1257126837810917386
0.2179499254555230525 0.975866276044473735 0.01352188126789087216 52.06775877727155688 -0.9757027289410381554 0.2175534919142154688 0.02597427367497144937 -37.74322521740489833 0.02240568523707531581 -0.01885442746471921102 0.9995711559634135046 0.1359378371035148969
0.2176945206201694738 0.9759208512963229998 0.01369626580550128633 52.26260051462149647 -0.9757688051597636081 0.2173013253527733557 0.02560025150297592228 -38.65775080161953525 0.02200760252826493638 -0.01893742339888063175 0.9995784308527116968 0.1462448675303867074
0.2176190369911688016 0.975948583471819342 0.01289640098576629902 52.4595066208463976 -0.9758163950804997766 0.2172727145677317839 0.02397771040919081595 -39.58323022701350169 0.02059897645841585884 -0.0178025257679443015 0.9996293074160778058 0.1601215158084089429
0.2181302102697781908 0.9758115428742171193 0.01452735905464958531 52.66094443356372068 -0.9757329277054226369 0.2177731090696409799 0.02280628767570722082 -40.51806124752926053 0.01909097061616305685 -0.01914956290839619005 0.9996343476898691405 0.1695097344495886393
0.2175424771240228594 0.9759281476491035168 0.01547647482257825599 52.86307061601311119 -0.9758422848350739587 0.2171408692091075787 0.0241180025494637032 -41.46080220874810607 0.0201768623578269489 -0.02034928856995109336 0.9995893160093749508 0.1821378102376834118
0.2176776662507171611 0.9758797078323020457 0.01659004089151950787 53.0686506387442023 -0.9757417376178524338 0.2171776340503046576 0.02760320160427216785 -42.41187969074756836 0.02333441848719523468 -0.0221961958329084906 0.999481282368215096 0.1948838515160982721
0.2182258504275135236 0.9757347912637294174 0.0178632394238844687 53.27656371725522888 -0.9755617733009908088 0.2176333925968444438 0.03024785778553814447 -43.37342803432897398 0.02562624980395735233 -0.0240275580181244508 0.999382795417587122 0.2066222938172251611
0.2181631923126540196 0.9757043095252934117 0.02014750341165257724 53.48765836643114824 -0.9756022571053917236 0.217527047943172791 0.029702177428494278 -44.35050294369496982 0.02459791557870497775 -0.02613587164988400227 0.9993557218339642612 0.2214627153777758706
0.2184894817841346315 0.975554156729733446 0.02358884560632776295 53.70208851983895215 -0.9756010344377668009 0.217838157074243477 0.02737076773597646451 -45.339277232268131 0.02156311558332460465 -0.02899352703339354992 0.9993469905075533788 0.2349317866914465425
0.2186018824040761865 0.9755052310469821686 0.02455119568103165603 53.91749198227014972 -0.9756311226689884375 0.2180044489907837502 0.02485905669718425914 -46.33896996273550428 0.01889786996048854403 -0.02938714719394507069 0.9993894466576870306 0.2447685411505118869
0.2172132583285992791 0.9758061133478085347 0.02491645157958019205 54.13093387863860784 -0.975986069617862384 0.2166823921124767516 0.02235917843509654945 -47.35101614607121689 0.01641926667518355323 -0.02917481964741611838 0.9994394616885956539 0.2541734787805684515
0.2159479644020160238 0.9761159452289173144 0.02375159237784008059 54.34377631548808552 -0.9762957981541844354 0.2154963551316515513 0.02019493578740395867 -48.36838567276961953 0.01459421724896184554 -0.02754963511247552829 0.9995138950650258591 0.2615388845927320016
0.2148860174687361457 0.9763601264240232558 0.02334315800596923479 54.55437512419019441 -0.9765415737981303357 0.2144653367452949988 0.0192658760142984109 -49.39041859448843752 0.01380413489854112781 -0.0269355316263266524 0.9995418565501447139 0.2708593993359380558
0.2141710698704312188 0.9765448062209629576 0.02215839058723321695 54.76624706174273882 -0.9767003064708948967 0.213777141005551119 0.01886386289052382689 -50.41004605583647447 0.01368444994198238056 -0.02568220057460508798 0.9995764905215763774 0.2803196651933340666
0.2129799792474178499 0.9768180054197549422 0.02158964398829005607 54.97695714964143576 -0.9769521003466216102 0.2125821021026607083 0.01932468612781619577 -51.42946622534005741 0.01428712945605745306 -0.02520781929056093926 0.9995801337454243152 0.2880351587753279263
0.2121208168312122 0.9770218081739611149 0.02081214595718679575 55.185640194248613 -0.9771287002025712543 0.2117214511277599742 0.01983759997553741217 -52.44825937670802318 0.01497539005479294957 -0.02454411303835396171 0.999586576644498237 0.2969505017904489064
