1 0 0 0 0 1 0 0 0 0 1 0
0.9999999908494453527 -0.0001325388804392015226 2.71026650104798726e-05 0.834623317928899211 0.0001325395053932381501 0.9999999909507978346 -2.305827111510722706e-05 0.3893233235278215076 -2.709960864778391569e-05 2.30618630779265829e-05 0.9999999993668808873 -0.1030260322891894953
0.9999998946961820012 -0.0003798729879979326099 -0.0002574958986384744521 0.8341805784626232789 0.000379885440840853079 0.9999999266763951455 4.83141411409062526e-05 0.388743998625640963 0.0002574775265207891414 -4.841195499621171652e-05 0.9999999656808024051 -0.1077527192897672625
0.9999991982524598644 -0.0005884900118818646312 -0.00112123768371600349 0.8341019186426205101 0.0005886451895716890209 0.9999998172162456456 0.0001380735892610834273 0.3877557722787234873 0.00112115622384378541 -0.0001387334897298088041 0.9999993618806667373 -0.115570976404281392
0.9999975387483051037 3.472240124924022488e-05 -0.002218398450901457996 0.8369939915239950068 -3.479949085794762113e-05 0.9999999987920525912 -3.471152818064966896e-05 0.386727731476954939 0.00221839724295413987 3.478864188345352738e-05 0.9999975387486825795 -0.1163361034443502334
0.9999951083655510553 -0.0005639955441475954416 -0.003076549040060953723 0.8436417543785221795 0.0005640093919206610453 0.9999998409400892019 3.633471864074944234e-06 0.3854191783936796734 0.00307654650144339667 -5.368656643757676375e-06 0.9999952674052022816 -0.1174224405941540622
0.9999922754250426538 -0.0004048608769023746574 -0.003909626314115489942 0.8550348363077618918 0.0004058453762339466137 0.9999998861382081161 0.000251024105087421269 0.3839512855726752161 0.003909524239119122231 -0.0002526088697952917584 0.9999923258750452737 -0.1195040280185033638
0.999987889505958516 0.0001148998082345769478 -0.004920125959054710667 0.8723766855042338619 -0.000114589892674869757 0.9999999914329552597 6.327120853378885394e-05 0.3834302459034351074 0.004920133186753499095 -6.270664558259999818e-05 0.9999878941053742532 -0.1185985812036075837
0.9999783456483234412 -0.0007698331841671545491 -0.006535716587389661658 0.899361440961633507 0.0007707695296457860298 0.99999969305207137 0.0001407483403810884425 0.3826290516575450162 0.006535606228521950722 -0.0001457828237669884413 0.9999786320710027931 -0.1219682677079443889
0.999967846952139805 -0.0006853177643000698052 -0.007989705968541474176 0.9381855909985501452 0.0006885413111090703427 0.9999996826675930928 0.000400718824123500936 0.3819241055682590646 0.007989428813420186917 -0.0004062071824149259469 0.9999680014995281363 -0.1185679961809505967
0.9999671683000087574 -0.002161107714301383452 -0.007809733382719429191 0.9905869308975621124 0.002161658397081878558 0.9999976616872912061 6.207192773376037467e-05 0.3810237080220582051 0.007809580976998741451 -7.895186555257725379e-05 0.9999695016407083026 -0.1124919706772068567
0.9999649866579454205 -0.002942342462256044341 -0.007833778080197291091 1.054767183049949208 0.002937410256972586113 0.9999954803349279109 -0.0006410387656726330681 0.3796052188103800629 0.007835628829724310823 0.0006180053006794417698 0.9999691100180501113 -0.1056932938102378011
0.9999643639698455599 -0.003150896097996886032 -0.00783215450319214683 1.131849545806362656 0.003138085240513060949 0.9999937191843175643 -0.001647426156008367911 0.3780530277940312156 0.007837296179520020917 0.001622789479832310085 0.9999679711585259811 -0.1009277054325266182
0.9999526835169556538 -0.00581944521650276745 -0.007795177009616062642 1.222093724670518355 0.005801973091613017719 0.9999806097183144837 -0.002262144034370036118 0.3779716041606113741 0.007808190282217912677 0.002216809590416036948 0.9999670584173043775 -0.1019700663877863567
0.9999346555115233848 -0.008137416499403889517 -0.008029144398145761363 1.326349419548344288 0.008121735231461209292 0.9999650505237283049 -0.001983720723186993811 0.3801174334361687723 0.008045006145497208411 0.001918380513034146761 0.9999657982612836227 -0.1008153209686467461
0.9998963833691929537 -0.0119145590062139442 -0.008078725697494230917 1.44385180839313243 0.01190170977909893457 0.9999278326243935533 -0.001636718490426909917 0.3838818539848959377 0.008097643456093150949 0.001540398250534827373 0.9999660270947646756 -0.1021784367685741879
0.9998359992235975602 -0.01585995035108329204 -0.008742804550682735376 1.576581587202605661 0.0158477943050303674 0.9998733528943418714 -0.001457939467990780353 0.3890388638715002179 0.008764820147368275124 0.001319146196617778689 0.9999607181190149907 -0.1045044811653410011
0.9996757112699808934 -0.02354848086259608494 -0.009692334389703164202 1.725353476240288897 0.02353890729131912635 0.9997223156453185489 -0.001100656300898314498 0.3951675698039669449 0.009715561763920802646 0.0008721524098286217302 0.9999524224730822475 -0.1067252186431051075
0.9995221049638797206 -0.02868180369039532995 -0.01152891259575726697 1.893498863843781743 0.02867212295926023502 0.9995883658175261921 -0.001004135078849092153 0.4032624979233437879 0.01155296730645628996 0.0006730968081471995317 0.9999330357014427628 -0.1069258926559626399
0.9993161444530154203 -0.0346953235068480359 -0.01278585008183164527 2.079982817138490425 0.03470273880245740294 0.9993976142678769881 0.0003584902846764999752 0.4145708125385746401 0.01276571013176837355 -0.0008019491448639660264 0.9999181934150417339 -0.1095251528379690698
0.9990883744935109556 -0.04009490282055169774 -0.01465669538895277881 2.287531567564797363 0.04011830723975515905 0.9991940828691495691 0.001306209590999087792 0.4268012292164417021 0.01459251096044278384 -0.001893020625752622494 0.9998917316873761063 -0.1108738941284729829
0.9988783940053150845 -0.04445026896908628455 -0.01631341711409333914 2.517922871072849844 0.0444857672680373864 0.9990083613879248148 0.001819447055414814308 0.438715294441472059 0.01621636518879991662 -0.00254312122977442363 0.9998652719414121703 -0.1135813438256061958
0.9986357013094644408 -0.04936757478876872135 -0.01701701000850472378 2.772821425316013055 0.04940280288390998253 0.9987775635335538471 0.001655792617250165808 0.4511293389694709943 0.01691446532905365938 -0.002494221612674335335 0.9998538291776348785 -0.1157874928774759726
0.9985356119818847853 -0.05121909028875666625 -0.01741368410058712415 3.051392052173639513 0.05122836585527461989 0.9986869614712002852 8.67134330881379786e-05 0.4611737304180034691 0.01738637787927611866 -0.0009786610309687696768 0.9998483665470606629 -0.1099305617621572084
0.9986740085619560947 -0.04848825690252779597 -0.01729489998087571645 3.353885819573214633 0.04849951888685529594 0.9988231789462086452 0.0002320938035643464129 0.4719760245664070819 0.01726329315448229401 -0.001070580377436752221 0.999850405094241057 -0.1049053785449060028
0.9986808141678463757 -0.04824304048623387353 -0.01758523408121323919 3.680706509718354891 0.04824609792898307964 0.9988354475299745516 -0.0002505837633591523881 0.4840086166343491314 0.01757684407606891278 -0.0005981657287775434158 0.9998453364146309141 -0.1008363942062775465
0.9986549197173063552 -0.04864855526786739798 -0.01793514412458720175 4.028922055475019803 0.04867214415508475112 0.9988144204681862481 0.0008808224269664349359 0.4986123596172205019 0.01787102984629350758 -0.001752579570361497167 0.9998387643800786817 -0.103062203410185127
0.9986601123229563726 -0.04805109977995443427 -0.01921124319342918524 4.400101461209243503 0.04811838139927825803 0.9988369673670186577 0.003055158354481183215 0.5166744661333997346 0.01904209617174034905 -0.00397547871258631131 0.9998107791689345714 -0.1068749755738673535
0.9986557673444995675 -0.04707690235768886844 -0.02168925111601092623 4.791559166736341524 0.04721020252879346707 0.998868855053145599 0.005675137179687970469 0.5363549625794915565 0.02139754955033533468 -0.006691462412851324759 0.9997486530143555594 -0.1109510440194802772
0.9983953434192626153 -0.05171781913004367542 -0.02306524275104923291 5.205658717830184301 0.05190961309441452509 0.9986213635653782283 0.007795145875022094564 0.5568161660721806516 0.02263029622256254245 -0.008979945170031648077 0.9997035712037954935 -0.1068069503102805767
0.9982884725883353072 -0.05379708716201350022 -0.02293466612207768762 5.640200674666150604 0.0539607163928827599 0.9985214056228943758 0.006575986560668183566 0.5758328104738950071 0.02254698613152829323 -0.007802302593589751679 0.9997153382291494861 -0.1013252171912594479
0.9982637828515014133 -0.05454140900285399385 -0.02224083071725952571 6.095315164440674671 0.05469563221622084082 0.9984826557265988889 0.00638545453558870494 0.5948527615406297153 0.02185881203264033318 -0.007590844297017511517 0.999732249864622613 -0.1047386083370207832
0.9981690733297948759 -0.05660320733835576268 -0.02132083410539382246 6.567349344670217803 0.05675045342230470441 0.9983681037835223648 0.006365169601570295696 0.6186629640114041928 0.02092575170218360231 -0.007563482445609239456 0.9997524226772314115 -0.1040484941074843878
0.9981081923429402369 -0.05855388271133485367 -0.01874777846400490361 7.056692942478425934 0.0587509035627685125 0.9982212128318609379 0.01013615228017178405 0.649475794988605637 0.01812091908448461297 -0.0112184255542299334 0.9997728638143854596 -0.1019009179248150099
0.9981295540261337917 -0.05948644283160132995 -0.01409810266787427969 7.558196724608887251 0.0596834503802550348 0.9981192977207857808 0.01399118537054843542 0.6842945254177408287 0.01323930248536274619 -0.01480643902523629332 0.9998027256579634647 -0.1019856332564979817
0.9981213267486407359 -0.06052985376639103549 -0.009484402593336027296 8.070061800351432169 0.06067102411313083504 0.998039321002669233 0.01537987534392971749 0.7152209141575622819 0.008534865118855655339 -0.01592641000195076789 0.9998367394439218181 -0.1020322176410035503
0.9982224437865939715 -0.05937264290775474268 -0.005180926062823700863 8.590400665066415087 0.0594556260733951486 0.9980742468506553777 0.01768689632800450953 0.7454375305709837196 0.004120831098312606466 -0.01796349207824594896 0.9998301514274381407 -0.09475178896380503923
0.9982566591762421782 -0.05885971288519514788 -0.004379110567259260692 9.115773103071173722 0.05893212368856003136 0.9980845791410345447 0.01881960888063735279 0.7720892021153209495 0.003263005952209033222 -0.01904487017378418343 0.9998133054286783006 -0.1009107217421411073
0.9981834020744607683 -0.05988686280066354145 -0.006592380977305097207 9.64580492435149317 0.05998656178313840903 0.9980687302372471814 0.0161375998229891203 0.7953559232785609723 0.005613219084727719653 -0.01650373856142059448 0.9998480476477429324 -0.09941950963104902173
0.9982882478844583574 -0.0577226969265316539 -0.009416177319163400103 10.18535877313706095 0.05784950039046098808 0.9982299160587629894 0.0138010865474048703 0.8178289616538192419 0.008602873958870225005 -0.01432218366181216979 0.9998604230665423254 -0.1018817083752785041
0.998491104329796042 -0.05375979490960535595 -0.01119817063370777584 10.73668675496747227 0.05388081674622770961 0.9984889530444085448 0.01080130709869789145 0.8368054514756810836 0.01060057361768185387 -0.01138837563299192022 0.9998789590442525022 -0.1031213402757317071
0.9985178010729536258 -0.05292174004473179649 -0.01270788617635650042 11.30138698926811358 0.05307119215228990605 0.9985218804531991177 0.01172615963314097183 0.8600158765755842039 0.01206853362957259305 -0.01238320180102920123 0.9998504922283065754 -0.1039752813355515615
0.9986546281461681218 -0.05041534218006163415 -0.01213371151404557535 11.87875470615017548 0.05057901117600632768 0.9986276976349011125 0.01358253087145156086 0.8847634368033316932 0.01143229245148194052 -0.01417796844698865529 0.9998341301936136682 -0.1104674488692582168
0.9987421916325754934 -0.04907295045865150279 -0.01028980982538223003 12.46959497238882264 0.04919475080169077863 0.9987178565379318806 0.01193815420567701478 0.9052281712102422384 0.009690776363085761014 -0.01242934292558197859 0.9998757924301993061 -0.1053326212581686544
0.998744940491528288 -0.0493539107753843756 -0.008528501260418364788 13.07138191325426391 0.04942185527952790147 0.9987463648535532812 0.007948516373665358292 0.9214742019087558411 0.008125519263589226285 -0.008360034867656015306 0.9999320405676120904 -0.1064280348404794824
0.9987296154767583145 -0.04990969192040165675 -0.006941024568257228231 13.68508784082635188 0.04993966524023796955 0.9987433461442671856 0.004214067897586793246 0.9377269092238158521 0.006721979272470580274 -0.004555346854312841871 0.9999670313613830963 -0.1050656259856957153
0.9987609837528970136 -0.04960122472014755896 -0.004026889520061126618 14.3097704388410385 0.0496081045628908382 0.9987674349775115257 0.001626895853953741001 0.9601488444802253053 0.003941230090041037554 -0.001824646459932749518 0.9999905686408615546 -0.1057562819881683047
0.9985529537023531965 -0.05377697609440957455 0.0001883997013078217485 14.94007703174159474 0.05377696887885589916 0.9985529709310788649 4.316153983096003295e-05 0.9876268640260170706 -0.0001904481785591407162 -3.296751821053043371e-05 0.9999999813213168443 -0.1174766674427069335
0.9981263972723559696 -0.06107132756717874311 0.003740055786920104541 15.57504969618295654 0.06107217837577479796 0.9981333458633765421 -0.0001135958564805128267 1.025070514061599436 -0.003726136946552852276 0.0003417963771280953049 0.999992999514842662 -0.1239041577421640949
0.9974831838077689028 -0.07062233165795546441 0.006307479045588064957 16.21255028565908418 0.07061447726670989911 0.9975026140154357179 0.001459668702818726731 1.070949902631308515 -0.006394812043062882839 -0.001010595649317252293 0.9999790423180715537 -0.123686324144501078
0.996464235215944405 -0.08375962733398981119 0.006584281614135437805 16.84693721264733313 0.0837565387771477543 0.9964859701980310902 0.0007439156947219309653 1.122889516875128724 -0.006623454353676625286 -0.0001898087454722310332 0.9999780466715580962 -0.1265942187380715844
0.9953260115951061415 -0.09644214311880108803 0.005004365377472423312 17.48124444116783138 0.09645076110913494705 0.9953366120633843073 -0.001509757481373878501 1.181235756232083656 -0.004835423833247361018 0.001985375741937153802 0.9999863383864382449 -0.1232129841595225317
0.9935658724281287713 -0.1132006743084120748 0.003530507364679703539 18.11350063405554778 0.1132134739289684527 0.9935639291903186621 -0.003664414391180736627 1.250330897672410124 -0.003092970589259414708 0.004040538084998875762 0.9999870537086555933 -0.1353638500732960992
0.991055820565799328 -0.1334293130191347154 0.002231356065679902367 18.74452684169071048 0.1334410404819263152 0.9910362073823394402 -0.006381565037644097542 1.336096197433945809 -0.001359866813691208102 0.00662224164996637072 0.9999771480777840393 -0.1372614313844225387
0.987320492683466 -0.1587258904744582866 0.002082407349252781304 19.37002336001057046 0.158734442779701751 0.9873090015083791915 -0.004930741926407943183 1.443353160531840373 -0.001273343117755627646 0.005198772318300109302 0.9999856755792490004 -0.1488287904148768437
0.9819903583273597025 -0.1889216814075191375 0.001880012303034717461 19.97990541490132443 0.1889243581772614144 0.9819906952510305542 -0.0013643048440806862 1.570997745836481663 -0.001588407823441406871 0.001694914320422734625 0.9999973021093770953 -0.160206298465504493
0.9764569260611486445 -0.2157124735882576805 1.690111752909784269e-05 20.5967694887816819 0.2157124642769274458 0.9764568540923151962 -0.0003805938968164105556 1.716262558039419739 6.559563886175464741e-05 0.0003752793282742218888 0.9999999274313163822 -0.1563360753874187548
0.9704834076965880296 -0.2411601288932990195 -0.001935876490278564928 21.20787959729306493 0.2411585754056124464 0.9704852063737812173 -0.001002854912176276859 1.874742328884910325 0.002120588115063853051 0.0005064008360372998854 0.9999976233292954264 -0.1547787348110162275
0.9636042593988713989 -0.2672588816794048694 -0.006286607338336183334 21.81264627030239822 0.267275174623828049 0.9636183799463717836 0.001897065979923799736 2.053322589875604454 0.005550882646460006224 -0.00350827493276050905 0.9999784396219957294 -0.151963871305045739
0.956132590687964079 -0.2927748986901021477 -0.009660627377282023087 22.4123349271811918 0.2928031370710953429 0.9561713761286082525 0.001619380637472575069 2.246716971528376128 0.008763101371524712607 -0.004377004606359664179 0.9999520237916558196 -0.1577234599198082954
0.9471594884942132753 -0.3205784313126437968 -0.01087992336851622936 23.01149205093864936 0.320605208669471009 0.9472126019127258267 0.0007661277497027917278 2.45300075703741971 0.01005999649031852003 -0.004213805269400718034 0.9999405183888521176 -0.1605093544389301075
0.9383251219726624903 -0.3455377849406000568 -0.01223129810493539874 23.60873864379503928 0.3455670659994423133 0.9383940071919260051 0.000300271238479167524 2.677021866591469124 0.01137402178322387616 -0.004508485845957911804 0.9999251497906488373 -0.1557003663314345254
0.9283549118589554672 -0.3714665904996728996 -0.01302803783765514069 24.20191675068969062 0.371540093011481054 0.9284096265321981623 0.003677587166109763488 2.925625873531252807 0.01072925497744460846 -0.008254544499406940225 0.9999083685932107501 -0.1582698450931119272
0.9180694942331198982 -0.396254033152397156 -0.01145185439142286377 24.79518410409547613 0.3963633773422500783 0.9180424594197732491 0.009701330029391228363 3.196223876952447362 0.006669097419330238634 -0.01344559083688782672 0.9998873632698127567 -0.1614114735966015735
0.9072120011292232888 -0.4205626520693328541 -0.009666472547902002152 25.38676089795423252 0.4206635733725300752 0.9071102223768037209 0.01389973010384275981 3.481027142630630067 0.002922848707006599125 -0.01667633484657122037 0.9998566681337485162 -0.1566487494700096739
0.8964436284609067496 -0.4430766996008050906 -0.008476984292877891985 25.97979217522908968 0.443154485213856586 0.8963467371172787468 0.01329018788617027449 3.781130591457797951 0.001709744625836595242 -0.01567051786208191813 0.9998757481023572424 -0.1507184417640423935
0.8850256031536055668 -0.4654597329494087887 -0.008770334387108860014 26.56932048298465432 0.4655415394858402611 0.8849021968076857814 0.01480463096756043546 4.096871358705625354 0.0008699285893153904962 -0.01718543242391198239 0.999851941107608555 -0.1560539860439764115
0.8735819498549174389 -0.4866149663353581678 -0.007775051518720516031 27.1567031379660051 0.4866763459777392331 0.8734414687080984674 0.01568869041047493001 4.4313151824172472 -0.0008432991381467337894 -0.01748929042237240897 0.9998466950323362523 -0.1662607323815024074
0.8609423672401110839 -0.5086543612358283006 -0.006998648924268944908 27.74394349563287676 0.5086861281211904062 0.8607227680505191714 0.01986805517719234318 4.78743525936687675 -0.004082076440442409561 -0.02066536608007502399 0.9997781150318858501 -0.1803986234499418972
0.848102951814924344 -0.5297966172176556965 -0.006076800765277376448 28.32919309273285791 0.52978184824200103 0.8478107867404354181 0.02341074881017855824 5.163136362535468038 -0.007250958288490164105 -0.02307410391093722007 0.9997074618770261933 -0.1918963028229150325
0.8361162977332047275 -0.5485161693681067652 -0.006288768294152115995 28.91379854706440611 0.5484937334613917415 0.8358048079080870885 0.02418568649655351843 5.554262065994079123 -0.008010057334555198763 -0.02367139665216741115 0.9996877032163759003 -0.1967563259670328246
0.8229623689648007945 -0.5680519906743832781 -0.007062234682700227646 29.49847344895720624 0.568062260750587078 0.8227148041456153749 0.02110968854753179913 5.958072736093342314 -0.006181195578133577041 -0.02138426829499179282 0.9997522222484492849 -0.2059314969722302324
0.8098669316729942835 -0.5865308734068028773 -0.009853300118371845912 30.07811183126074184 0.5866023087454623752 0.8096326837346469185 0.01981536785241519438 6.382865906901646014 -0.003644771194873855109 -0.02182777976080604518 0.9997551018492732977 -0.2148890313679981956
0.7963778159475362051 -0.6046816724593011561 -0.01193521086762585476 30.65965314237669759 0.6047953949149338371 0.7961451316897714126 0.01937677930838391585 6.828387086960836072 -0.002214623291117186112 -0.02264959775578698209 0.9997410120452093762 -0.2320563581140170639
0.7821368506742634175 -0.622988662062825771 -0.01212739702141828885 31.24162134502504529 0.6231036117174365563 0.7819236617040707937 0.01836508458961956525 7.291110398005235638 -0.001958540791231285286 -0.02192063430806851301 0.9997577956232704954 -0.2484242281636672156
0.7669808415331292872 -0.6415714182143877897 -0.01124740198943851785 31.82398749364569568 0.6416680299409451838 0.7668172203824350497 0.01592136541451065479 7.776523768867753539 -0.001589991458831988697 -0.01942848052049472168 0.9998099849830595076 -0.2570132611024203984
0.7526403157429567559 -0.6583310037310678986 -0.01152582512391820552 32.40487885440013827 0.6584317658811471574 0.7525140578983852135 0.01379138658511407274 8.282562158505339056 -0.0004059519387944835475 -0.01796892294353218816 0.9998384634586092723 -0.2713015907490864409
0.7371743418215548349 -0.6755848696685148314 -0.0126124396899739543 32.98149432938573966 0.6757025310550666131 0.7370536265530061026 0.01334320466899157481 8.808540936776946495 0.0002815772259153821364 -0.01835852554094894243 0.9998314284189251389 -0.2795961872045673591
0.720577459447563573 -0.6932650837502732921 -0.01231456815407006543 33.55221129136967306 0.693373678467124277 0.7204894630904725705 0.01130820872514668764 9.355590268662506759 0.001032930328612584022 -0.01668703773379063768 0.9998602281452179108 -0.2878078564288638619
0.7053171111197327203 -0.7087834281128668756 -0.01240261239767972978 34.12244550959829326 0.7088885002111073863 0.7052601867239264299 0.009228395883318283449 9.923724384790020281 0.002206134665291091534 -0.01530101482598215587 0.999880498817300456 -0.2925283885370246195
0.6878703098310430253 -0.7257010711720469631 -0.01387054983367587598 34.68591509910758219 0.7258240588654090164 0.687833704399839041 0.008014403517297971624 10.51632465540108541 0.003724570456851688822 -0.01558044900952830665 0.9998716803588215685 -0.295687802209046946
0.6692139110669652613 -0.7429636400683843345 -0.012560683532043369 35.24029799606784508 0.7430637714239423097 0.6691810002607380126 0.007281516824484093008 11.12888361308565521 0.002995468524793475432 -0.01420628122959566135 0.9998945988162665222 -0.3067209619336245252
0.6498190519541573451 -0.7600501937644870143 -0.0076748078781022867 35.78826297529822398 0.7600881904933204369 0.6497710840949854072 0.00796749311999466435 11.75904721537493458 -0.001068826454493905335 -0.01101095965813685303 0.9999388063163751061 -0.3195304418266324276
0.6306845894869597124 -0.7760386752138048738 -0.0009608101101611886408 36.32665778096409781 0.7760058964115329472 0.6306455013530249953 0.01005486736486494413 12.40692311593094388 -0.007197035375652655748 -0.007087044207172572309 0.9999489869419375676 -0.3284009944739468279
0.6089723910381290573 -0.7931541941381908822 0.007684482695724093211 36.84768741603555497 0.7930955092232102599 0.6090208346269405659 0.009650711905419200737 13.06851732461572979 -0.01233451268922878055 0.0002175116124189792289 0.9999239033473585891 -0.3311580387996684305
0.5821787538333363932 -0.8129727143943469292 0.01196930387914055781 37.34444617482123618 0.8128886306174142318 0.5822953427204498045 0.01200866599665516288 13.75032451236138442 -0.01673238769598520137 0.002738520834624808432 0.9998562535212897062 -0.3341743753802487449
0.555962620898788451 -0.8310874891844927115 0.01411203331790924706 37.81549477509993551 0.8309771645412206142 0.5561280673511057593 0.01408987989150468564 14.44368355964092387 -0.01955802071742498635 0.003893330879797378581 0.9998011431281108585 -0.3524166958309901676
0.5295310229531580148 -0.848118659177215739 0.0170773442204532333 38.26380443164093492 0.848038926748846178 0.5297569766805656499 0.01369395402839898232 15.15207621961900131 -0.02066094017336081098 0.007230879179502134463 0.9997603912625485645 -0.3773185928480771167
0.5014893925282999376 -0.8649641065723956412 0.01858718706567762807 38.68786622541233555 0.8648683321999409701 0.5017638494458531717 0.01535601989357902528 15.87393190908813878 -0.02260878456020209287 0.008374588389697484869 0.9997093123153417693 -0.3988732853941829859
0.4736246037691238531 -0.8804995069238823469 0.02000882333723392678 39.08804502074242748 0.8804036175729179625 0.4739440208956080536 0.01632590646251533967 16.60916611534433684 -0.02385801477616870947 0.009883489469997567417 0.9996665002723841287 -0.4194989686148575814
0.444249097124066461 -0.8955966553153530407 0.02343865807601243009 39.4640050415128627 0.8955303170318540396 0.444666996259731051 0.01722537994284065177 17.35292020381253764 -0.02584939034636359392 0.01333766941038667768 0.9995768682764825108 -0.4395720922099957129
0.4173949272410409916 -0.9083307590317065694 0.026771382301443096 39.82019626719758776 0.9082722104062581625 0.4179358697467477901 0.01926656644966908208 18.11159537471007397 -0.02868913587363904061 0.01627393547711838626 0.9994558982300871808 -0.4575578072895969961
0.3883879605464969353 -0.9209850554212556384 0.03068093533840698592 40.15213198947421347 0.920950423908841187 0.3890883117494848831 0.02146164863335192283 18.88146382360744013 -0.03170345098973502418 0.01992017446315258802 0.9992987930767749383 -0.48329002819074518
0.3590782770975748939 -0.9327495741100499949 0.03226488670610645759 40.45662141169522386 0.9327590380923350688 0.3598377156370600183 0.02184937669967567525 19.65681970918856436 -0.03199011993880642585 0.02224972814717058461 0.9992405024936077407 -0.513241654328417507
0.3293227293636385999 -0.9437507557194824148 0.02968250332080442366 40.73214857750738815 0.9437688146470514239 0.3299725015769519043 0.0204590494096856361 20.4396724917097572 -0.02910265321552506571 0.02127579098304954383 0.9993499768819041895 -0.5409217441738927157
0.2991414499281510597 -0.9538249299341726717 0.02706281528138377093 40.97929727543456835 0.9538790176289183576 0.2996633411343460063 0.01779611495497082641 21.22811960313028123 -0.02508411174774663119 0.02049109602416119419 0.9994753135128227051 -0.556366905386274091
0.2686259340331587087 -0.9628988275727357049 0.02580611214159468994 41.2012323258412394 0.9629846991942869749 0.2690793456737139433 0.0160241957518927787 22.02269157462102811 -0.02237357107173635132 0.02054637658706521749 0.9995385283852946667 -0.5801048947413816048
0.2405495844163677566 -0.9703013346089636171 0.02551896340325560814 41.39920329011965805 0.9703808095976498294 0.2410068393870948844 0.01663693881856339804 22.8225992270241278 -0.02229308865371331522 0.02076110364857801718 0.9995358896875943255 -0.6131042197540843564
0.2114780788323306071 -0.9770202917958271671 0.02661525112756406991 41.57568821978502172 0.9771067793929570922 0.2119870233378158275 0.01799565505046661629 23.63327242323702393 -0.0232242080103846997 0.0222002557545868881 0.9994837591510535857 -0.6360884089783889195
0.180813094150970799 -0.9832363900845320082 0.02351225631644716235 41.72307204775682976 0.9833210834399479516 0.1812030469420478074 0.01565575425858568848 24.44489747071280661 -0.01965379978628496727 0.02028933198644446156 0.9996009559626803931 -0.6550315072736826449
0.1528511820388173126 -0.9879675078003227195 0.02359490792853302654 41.85178976202463019 0.9881932178234391628 0.1530531193001127832 0.006993348286950425152 25.25380636594075767 -0.01052047513629901163 0.02224738643807531654 0.9996971408379546897 -0.6711811472184596727
0.1216934220035220671 -0.9920716281144488224 0.0313782684579601151 41.96209753332701808 0.9925537403384840918 0.1214630002568802825 -0.009154895339790768138 26.0578789687190806 0.005271013295193935008 0.03225870826527661717 0.99946565331675985 -0.6579446208607732105
0.09187603500807151047 -0.9952515524969182126 0.03214251769339361575 42.04100387339784106 0.9956505344090836873 0.09131615972754447697 -0.01847626324558058336 26.87810677470851317 0.01545339839977045993 0.03370024072745008564 0.9993125068029569125 -0.6660707425018868033
0.06411148771138686087 -0.9975492979925547621 0.0280199075300757855 42.09225316400266337 0.9979160921904599579 0.06387930306182476592 -0.009105360380401198231 27.71416105665923624 0.007293153690560418879 0.02854527482608711086 0.9995658943733269908 -0.6931196673472321823
0.03331166486250614067 -0.9991574129271034721 0.0239749280896951085 42.11710410100116775 0.9993620082060877818 0.03360846759339997103 0.01208500973599048282 28.56824864247619544 -0.01288058765676772591 0.02355706048812880246 0.9996395127058428365 -0.7192344548155686912
0.002502716319938924627 -0.9997268889550846582 0.02323540210991754604 42.12285255013505036 0.9996304599852166017 0.003130065066800247209 0.02700270657585744985 29.41963123930727164 -0.02706806015890628886 0.0231592355846484306 0.9993652835306860993 -0.7158494210411984193
-0.02428755025369300213 -0.9994349664411080747 0.02323494690192916615 42.10539085987950614 0.999320760319648782 -0.02362731518145255727 0.02828016922642628828 30.26693511105338175 -0.02771521056808601974 0.02390602083529229371 0.9993299601588002679 -0.720506272795654823
-0.04936603414438955895 -0.9984934168216181849 0.02395602714862319835 42.06884354433583439 0.9985947403734095618 -0.04887975190233384559 0.02047716661380232298 31.10776615912512 -0.01927535139545076895 0.02493323921709504273 0.999503273836921946 -0.7363497943565082693
-0.07322294775842319581 -0.997038458189930199 0.02350984499765907884 42.01075836550642606 0.9972537732550839085 -0.0729355881972153508 0.0128573598698887015 31.95217513182477376 -0.01110457788773728562 0.02438673542262178445 0.9996409232746337192 -0.7632796478099069803
-0.09575896137575967693 -0.9951820764379276651 0.02104414533618967006 41.92881069119463433 0.9953629947086068963 -0.09554038139528842066 0.0111599411986286097 32.80624408763792843 -0.009095607783418955053 0.02201522790110813435 0.9997162595754419678 -0.7975314409301965668
-0.1138388184180219032 -0.9933300260647277558 0.01833528672903643811 41.83207807624189911 0.9934260939724842698 -0.1135871202588480955 0.01423242515789051137 33.66854511951505913 -0.01205484283438014274 0.01983495474028938374 0.9997305913768413932 -0.823963274177485383
-0.1318564373404211842 -0.9911265173370014114 0.01679602820068585786 41.72031642713566413 0.9911574370651032861 -0.1315686914650564532 0.01722249623918464465 34.53785632538892969 -0.01485984126521826092 0.01891840526047268087 0.9997105976531273086 -0.8401134747192682273
-0.1462201913511615992 -0.9891339951578910217 0.01528382361254138067 41.5961867940159209 0.9891303882053172902 -0.1459424387012360214 0.01794100651398145702 35.40812541219193577 -0.01551550095963440644 0.01774103178864144814 0.9997222239307507197 -0.8514169884555027323
-0.1567688752362506044 -0.9875387126224645096 0.01381342930364353079 41.46107635004894121 0.9875335250956694955 -0.1565365832935181611 0.01654795766590527045 36.28122996475671869 -0.01417944178316021299 0.01623542924462797327 0.9997676501407517513 -0.8663837302527571671
-0.1631047606723259324 -0.9865455796497383245 0.0111649594529036663 41.32030758148858496 0.9865198823436907016 -0.1629277343529302868 0.01526679793576517924 37.15681284741326351 -0.01324231047113096083 0.01350454190939634133 0.9998211182812670739 -0.8852875944840077338
-0.1659273817156659003 -0.986088783363907817 0.009849635570538070595 41.17812425527942111 0.9860419179862036643 -0.1657635375856609805 0.01561363446403178298 38.03540198025365271 -0.01376371937642392913 0.01230288303512076797 0.999829585028344292 -0.9087039305622546248
-0.1690062089984081251 -0.9855649578331285854 0.009930519189372804395 41.03334573825672749 0.9855009874569293782 -0.1688248466988155894 0.01691079118608346948 38.92296396979141804 -0.01499016482245168688 0.01264456517661053866 0.9998076864727987179 -0.9325070735277272149
-0.1729593423826001342 -0.9848601097693958639 0.01164603226821810111 40.88725745594329908 0.9848075554088541184 -0.1727402807503157778 0.01774469543100591629 39.81494464758318941 -0.01546430380636575237 0.01453821142080280633 0.9997747224832544966 -0.9533827501893127332
-0.1764205757975971789 -0.9842334111139079411 0.01266384153112628912 40.74006428123643531 0.9842016335654782955 -0.1761905251050948085 0.01743683888309318156 40.71046475816571331 -0.01493067052373357566 0.0155399906779940724 0.9997677649171529124 -0.9703632115478288966
-0.177197606755811865 -0.9840911094918918245 0.01287231055523868628 40.58896570942215476 0.9840818940046972552 -0.1769854474221386198 0.01609277144912087468 41.61031397175545976 -0.01355854166718916537 0.01551900833826841235 0.9997876406157738538 -0.9848675097547159307
-0.178071995258541893 -0.9839493780469031892 0.0115752298359311067 40.43365035482440817 0.9839322535207140064 -0.177889456008000213 0.01525325941651382855 42.51749301084463184 -0.01294932377738549321 0.0141054203159826537 0.9998166592587952595 -1.004958216432710882
-0.1797547826526531001 -0.9836571954650079608 0.01033150150814199711 40.27421043145597679 0.9836229888517094011 -0.1795878585664658633 0.01529760954990417796 43.43427671273278179 -0.01319219147555403433 0.0129121208725127487 0.9998296070924515 -1.024765166485475998
-0.1808740586453330135 -0.9834512610177482683 0.01040154372031593458 40.11480124903727074 0.9834095009151581079 -0.180697795404878736 0.01593926741153327276 44.35851503729799106 -0.01379595661650294403 0.01311197690730040409 0.9998188574149909913 -1.053472192657167961
-0.1798688331364386439 -0.9836421256373322208 0.009765835233458823941 39.95570119584208157 0.9835860003657458384 -0.1796960670780749503 0.0163677537001102498 45.29015606371743274 -0.01434512985829971242 0.01254958757661209581 0.9998183460514241672 -1.082743792281998019
-0.1804678759473417049 -0.9835269518745889394 0.01029954791896248167 39.79691701513207391 0.9834848517800427459 -0.1802940427830690417 0.01586204451274366919 46.22764307694510677 -0.01374380115697013821 0.01299203883987929894 0.9998211414330768765 -1.104354146530169611
-0.180351013189073095 -0.9835426533588710329 0.01083333122667203517 39.63405264536606154 0.9835258230604477792 -0.1801886947137987249 0.01445647504083742881 47.1677300044992478 -0.01226651600674526915 0.01326210093195663749 0.9998368113166902216 -1.123125147107213451
-0.180611079310190048 -0.9835047668661514031 0.009900079896927652806 39.46953052462754385 0.9834817690024157955 -0.1804660715959240935 0.0139859587663457522 48.12096771975180332 -0.01196862858841017153 0.01226256719827318285 0.9998531799096408434 -1.143519878117468913
-0.1800540134891679411 -0.9836107852704197851 0.009506593824854938507 39.30189498001960402 0.9835835251550016922 -0.1799143042742645804 0.0139388723061669665 49.08214714704195814 -0.01200005292083620133 0.01186027896870596628 0.9998576561254515216 -1.170452698186358109
-0.1829589134298224007 -0.9830803340571411253 0.008893412544065998696 39.13199019859531802 0.9830383411941426841 -0.1828191365121458745 0.01458708563154764888 50.05130838224521028 -0.01271439101362955258 0.01141140285212954679 0.9998540514225557896 -1.200637617922537093
-0.1829242666112111948 -0.9830810667894281929 0.00950414672184493256 38.9603687801213141 0.9830388522572213184 -0.1827698593517803616 0.01515894011253513494 51.0298575979030602 -0.01316539545761781331 0.01211588348781543652 0.9998399260530428379 -1.21792107357070023
-0.1822223553517041683 -0.9832042234851592344 0.01022096526861687379 38.78960455977990307 0.9831733501871969816 -0.1820610712157428868 0.01496428513025306953 52.01472375386619973 -0.01285210845583769149 0.01277580794788223117 0.9998357875368926173 -1.234257115474128641
-0.1839357395723326682 -0.9828783470669143485 0.01085350519368611343 38.61535422115061067 0.9828634301907358539 -0.183774266377078721 0.01436998995362000035 53.0066128894751003 -0.0121293570183927113 0.01331066807402538597 0.9998378392588187502 -1.253570612371010418
-0.1857534654817558639 -0.9825380876616662817 0.0107031002832744318 38.43695048104990519 0.9825280763189103705 -0.1856010984401008646 0.01381345369157685292 54.00743829281385189 -0.01158573720483461675 0.01308199342545616518 0.9998473044127472731 -1.275740189031411509
-0.1866283723464421396 -0.9823859018378703345 0.009369658772448420658 38.25520885330059428 0.9823615377859676867 -0.1864936992582730824 0.01363485297881204816 55.01597252160387086 -0.01164730501475541059 0.01174904281885094312 0.9998631407741431776 -1.297096869925948415
-0.1887959606354123743 -0.9819852594592561879 0.007812518959307528446 38.06993577287451558 0.9819518514620851901 -0.1886864191764521248 0.01296135133971497953 56.03020868003785182 -0.01125373973109271286 0.01011856823398924431 0.999885477401766698 -1.324564067891494945
-0.1878284556840876807 -0.9821809591021666286 0.006405842058543510451 37.88389960467251427 0.9821421540812684814 -0.1877411421445955853 0.01224960092610206941 57.05063764012024308 -0.01082868468174887251 0.008592271142778429988 0.9999044516675942296 -1.344711909291728347
-0.1887239748090143721 -0.9820157628458413557 0.005320042724206300484 37.69608904108356029 0.9819734956855288299 -0.1886521108232255273 0.01176583414317876851 58.08313490835185178 -0.01055059730204008228 0.007444635937529530366 0.9999166276706912271 -1.368233227518218076
-0.1884657726092886509 -0.9820643307383460918 0.005504802106201783091 37.5087583283572954 0.9820342522405334229 -0.1884001195705502507 0.01068280731731928619 59.12268402748646423 -0.009454098643469239019 0.007419247754790721586 0.9999277847832774846 -1.394693230735822187
-0.1887498613159799277 -0.9820077702241369888 0.005850561735197363708 37.31914083599932042 0.9819963450816158179 -0.1886952969663993063 0.008789945910573032303 60.1744321786020322 -0.007527821699989273654 0.007404331312233789278 0.9999442523352348733 -1.411896951230895425
-0.1886292770304514033 -0.982031613763221678 0.005736324308442499083 37.12552112090220646 0.9820230337298385681 -0.18857923698429091 0.008284479613515825791 61.23829913438426331 -0.007053869222868931581 0.00719589799990592513 0.9999492297016692177 -1.433370006326048607
-0.1887613395320462129 -0.9820113832539782983 0.004774919651245776789 36.93128024511305796 0.9819695027930153142 -0.1886980779872136083 0.01135477645618403371 62.31149831649114645 -0.01024950157354353325 0.006832168289766649485 0.9999241317189790923 -1.462634232665512179
-0.1901455055879646139 -0.9817459554653896747 0.004423305556579962446 36.73396445907873442 0.98165910734321149 -0.1900615531228673216 0.01489976491939241227 63.40036498610326987 -0.01378708362297799937 0.007175301517918238059 0.999879208391343588 -1.490383065639085736
-0.18814140932409118 -0.9821307746057155175 0.004685260923552070876 36.53619990341181278 0.9820164159366584489 -0.1880389510648357021 0.01688525135601669919 64.49788039574264076 -0.01570251344416709327 0.007777818126787191567 0.9998464565205611443 -1.51032611778447956
-0.1883776076964003288 -0.9820793021240907805 0.005841340431772932933 36.33733679216799572 0.9819720624224055339 -0.188255627947796933 0.01704955037142433238 65.59786258605817011 -0.01564434531925767285 0.008947786622367641038 0.9998375825973399023 -1.538901533437918134
-0.1887498008753005774 -0.9819987391210585059 0.007210342168416626792 36.13964286769572709 0.9819138462133591982 -0.1886127368070535937 0.01644488153319002138 66.70321483698207032 -0.01478889056088741362 0.01018390292591186963 0.9998387754219045798 -1.562201178629271325
-0.1903113170640946539 -0.9816873481380370414 0.008458906728318449364 35.94170075731599212 0.9816155699140667323 -0.1901553387746013346 0.01648696569411227039 67.81056715749238606 -0.01457653935650971705 0.01144105070460529547 0.9998282986889113211 -1.585779173711530543
-0.1909101341550616393 -0.9815706872359203361 0.008503330882651616643 35.73991943913986802 0.9814832028055896496 -0.1907409312822909708 0.01756757649895004936 68.93095572926094405 -0.01562188488558556923 0.01169970481541444604 0.9998095186683579882 -1.612239638042902712
