1.000000e+00 0.000000e+00 0.000000e+00 0.000000e+00 0.000000e+00 1.000000e+00 0.000000e+00 0.000000e+00 0.000000e+00 0.000000e+00 1.000000e+00 0.000000e+00
9.999987e-01 9.124463e-04 -1.321910e-03 1.685583e-01 -9.142846e-04 9.999986e-01 -1.390721e-03 -1.035486e-03 1.320640e-03 1.391928e-03 9.999982e-01 -1.887023e-02
9.999918e-01 2.161384e-03 -3.423647e-03 3.556178e-01 -2.167492e-03 9.999961e-01 -1.781338e-03 -2.479987e-03 3.419783e-03 1.788744e-03 9.999926e-01 -4.479703e-02
9.999865e-01 3.150560e-03 -4.139594e-03 5.641174e-01 -3.156796e-03 9.999939e-01 -1.500824e-03 6.147098e-07 4.134841e-03 1.513872e-03 9.999903e-01 -5.977251e-02
9.999839e-01 4.146822e-03 -3.884744e-03 7.961106e-01 -4.152075e-03 9.999905e-01 -1.344970e-03 1.547701e-03 3.879130e-03 1.361078e-03 9.999915e-01 -7.533330e-02
9.999753e-01 5.634880e-03 -4.190200e-03 1.048653e+00 -5.643173e-03 9.999821e-01 -1.969990e-03 1.288897e-03 4.179025e-03 1.993588e-03 9.999893e-01 -9.774106e-02
9.999636e-01 6.970016e-03 -4.929729e-03 1.318906e+00 -6.983259e-03 9.999720e-01 -2.674212e-03 -3.566616e-03 4.910952e-03 2.708540e-03 9.999843e-01 -1.221705e-01
9.999533e-01 8.226122e-03 -5.076141e-03 1.607371e+00 -8.240785e-03 9.999619e-01 -2.874559e-03 -5.636444e-03 5.052302e-03 2.916256e-03 9.999830e-01 -1.456269e-01
9.999450e-01 9.241019e-03 -4.953173e-03 1.911632e+00 -9.255746e-03 9.999528e-01 -2.958611e-03 -7.970788e-03 4.925599e-03 3.004294e-03 9.999834e-01 -1.659732e-01
9.999396e-01 1.034146e-02 -3.715685e-03 2.231211e+00 -1.035956e-02 9.999344e-01 -4.884980e-03 -1.251048e-02 3.664923e-03 4.923178e-03 9.999812e-01 -1.834769e-01
9.999283e-01 1.158483e-02 -3.024991e-03 2.563406e+00 -1.159670e-02 9.999250e-01 -3.939118e-03 -1.482294e-02 2.979130e-03 3.973916e-03 9.999877e-01 -2.115736e-01
9.999094e-01 1.284633e-02 -4.015201e-03 2.906210e+00 -1.286130e-02 9.999103e-01 -3.726094e-03 -1.619604e-02 3.966975e-03 3.777397e-03 9.999850e-01 -2.453882e-01
9.998883e-01 1.393311e-02 -5.411396e-03 3.256858e+00 -1.395669e-02 9.998932e-01 -4.345914e-03 -1.842208e-02 5.350266e-03 4.420953e-03 9.999759e-01 -2.716413e-01
9.998547e-01 1.561325e-02 -6.841215e-03 3.617243e+00 -1.565147e-02 9.998620e-01 -5.568494e-03 -2.643945e-02 6.753328e-03 5.674760e-03 9.999611e-01 -3.004604e-01
9.998269e-01 1.699679e-02 -7.570765e-03 3.989229e+00 -1.705486e-02 9.998251e-01 -7.673012e-03 -3.685728e-02 7.439024e-03 7.800802e-03 9.999419e-01 -3.190456e-01
9.997968e-01 1.821140e-02 -8.641326e-03 4.371318e+00 -1.828545e-02 9.997961e-01 -8.569041e-03 -4.781451e-02 8.483510e-03 8.725310e-03 9.999259e-01 -3.465563e-01
9.997535e-01 1.977229e-02 -1.009651e-02 4.762272e+00 -1.987112e-02 9.997547e-01 -9.783945e-03 -5.638713e-02 9.900584e-03 9.982162e-03 9.999012e-01 -3.769819e-01
9.997000e-01 2.126467e-02 -1.215170e-02 5.163222e+00 -2.139166e-02 9.997169e-01 -1.041743e-02 -6.699791e-02 1.192674e-02 1.067425e-02 9.998719e-01 -4.080641e-01
9.996492e-01 2.291840e-02 -1.327441e-02 5.574468e+00 -2.306128e-02 9.996767e-01 -1.071213e-02 -7.773651e-02 1.302461e-02 1.101450e-02 9.998545e-01 -4.252012e-01
9.996263e-01 2.383776e-02 -1.337829e-02 5.996095e+00 -2.399531e-02 9.996431e-01 -1.174230e-02 -8.764884e-02 1.309361e-02 1.205893e-02 9.998416e-01 -4.426176e-01
9.995975e-01 2.467478e-02 -1.399924e-02 6.426956e+00 -2.486196e-02 9.996016e-01 -1.335803e-02 -1.026288e-01 1.366406e-02 1.370071e-02 9.998128e-01 -4.671580e-01
9.995507e-01 2.601222e-02 -1.489220e-02 6.865568e+00 -2.623096e-02 9.995480e-01 -1.468622e-02 -1.164709e-01 1.450344e-02 1.507025e-02 9.997812e-01 -4.865662e-01
9.995041e-01 2.737558e-02 -1.556088e-02 7.311965e+00 -2.761661e-02 9.994985e-01 -1.549148e-02 -1.320805e-01 1.512899e-02 1.591354e-02 9.997589e-01 -5.069304e-01
9.994347e-01 2.936186e-02 -1.637378e-02 7.765740e+00 -2.962703e-02 9.994298e-01 -1.619449e-02 -1.485775e-01 1.588895e-02 1.667044e-02 9.997348e-01 -5.228045e-01
9.993382e-01 3.183934e-02 -1.759084e-02 8.226223e+00 -3.212386e-02 9.993536e-01 -1.613607e-02 -1.639451e-01 1.706571e-02 1.669048e-02 9.997151e-01 -5.457615e-01
9.991999e-01 3.476548e-02 -1.977214e-02 8.691535e+00 -3.509430e-02 9.992472e-01 -1.653386e-02 -1.817720e-01 1.918245e-02 1.721452e-02 9.996678e-01 -5.721791e-01
9.990534e-01 3.844801e-02 -2.035074e-02 9.163904e+00 -3.880689e-02 9.990927e-01 -1.754330e-02 -2.055424e-01 1.965777e-02 1.831644e-02 9.996390e-01 -5.858854e-01
9.988635e-01 4.269460e-02 -2.118467e-02 9.642172e+00 -4.306554e-02 9.989212e-01 -1.737372e-02 -2.321061e-01 2.042005e-02 1.826630e-02 9.996246e-01 -6.036753e-01
9.986010e-01 4.761895e-02 -2.298665e-02 1.012479e+01 -4.800192e-02 9.987125e-01 -1.640657e-02 -2.582778e-01 2.217579e-02 1.748702e-02 9.996011e-01 -6.230680e-01
9.982549e-01 5.351533e-02 -2.496574e-02 1.061238e+01 -5.388852e-02 9.984413e-01 -1.452234e-02 -2.860568e-01 2.414966e-02 1.584237e-02 9.995828e-01 -6.428612e-01
9.978622e-01 6.013936e-02 -2.558018e-02 1.110415e+01 -6.048064e-02 9.980875e-01 -1.278337e-02 -3.187578e-01 2.476247e-02 1.430315e-02 9.995910e-01 -6.462425e-01
9.973634e-01 6.742206e-02 -2.684299e-02 1.160124e+01 -6.779433e-02 9.976119e-01 -1.320798e-02 -3.587929e-01 2.588838e-02 1.499295e-02 9.995524e-01 -6.539996e-01
9.967690e-01 7.534665e-02 -2.782946e-02 1.210206e+01 -7.576995e-02 9.970202e-01 -1.448143e-02 -4.093709e-01 2.665541e-02 1.654328e-02 9.995078e-01 -6.584749e-01
9.960787e-01 8.394449e-02 -2.793754e-02 1.260816e+01 -8.438216e-02 9.963225e-01 -1.487217e-02 -4.663751e-01 2.658636e-02 1.717128e-02 9.994990e-01 -6.651316e-01
9.952232e-01 9.366407e-02 -2.752931e-02 1.312033e+01 -9.406009e-02 9.954756e-01 -1.345775e-02 -5.236226e-01 2.614425e-02 1.598288e-02 9.995304e-01 -6.725068e-01
9.942423e-01 1.037516e-01 -2.679214e-02 1.363836e+01 -1.041006e-01 9.944947e-01 -1.197284e-02 -5.870175e-01 2.540244e-02 1.469298e-02 9.995693e-01 -6.796230e-01
9.930684e-01 1.146042e-01 -2.609655e-02 1.416159e+01 -1.149327e-01 9.933073e-01 -1.145041e-02 -6.573324e-01 2.460963e-02 1.437039e-02 9.995938e-01 -6.848600e-01
9.917443e-01 1.259576e-01 -2.403937e-02 1.468875e+01 -1.262631e-01 9.919285e-01 -1.163986e-02 -7.395481e-01 2.237921e-02 1.457905e-02 9.996432e-01 -6.802013e-01
9.902019e-01 1.376904e-01 -2.326984e-02 1.521837e+01 -1.379915e-01 9.903624e-01 -1.186349e-02 -8.335935e-01 2.141208e-02 1.495829e-02 9.996588e-01 -6.774243e-01
9.884481e-01 1.498108e-01 -2.295627e-02 1.575065e+01 -1.501096e-01 9.885979e-01 -1.188821e-02 -9.358711e-01 2.091354e-02 1.519683e-02 9.996658e-01 -6.784477e-01
9.864946e-01 1.619707e-01 -2.436988e-02 1.628827e+01 -1.622902e-01 9.866732e-01 -1.174608e-02 -1.041673e+00 2.214258e-02 1.554244e-02 9.996340e-01 -6.924963e-01
9.844524e-01 1.739190e-01 -2.461071e-02 1.683184e+01 -1.742373e-01 9.846374e-01 -1.142440e-02 -1.155798e+00 2.224570e-02 1.553488e-02 9.996318e-01 -6.986187e-01
9.821523e-01 1.865032e-01 -2.436063e-02 1.738248e+01 -1.868200e-01 9.823277e-01 -1.142771e-02 -1.278761e+00 2.179881e-02 1.577481e-02 9.996379e-01 -6.989492e-01
9.797474e-01 1.989466e-01 -2.270005e-02 1.793986e+01 -1.992566e-01 9.798701e-01 -1.230214e-02 -1.414354e+00 1.979563e-02 1.657612e-02 9.996666e-01 -6.779598e-01
9.771658e-01 2.116264e-01 -1.900556e-02 1.850635e+01 -2.118625e-01 9.772331e-01 -1.138892e-02 -1.559368e+00 1.616267e-02 1.515543e-02 9.997545e-01 -6.532801e-01
9.744298e-01 2.241711e-01 -1.529228e-02 1.907765e+01 -2.243637e-01 9.744279e-01 -1.229897e-02 -1.715601e+00 1.214415e-02 1.541551e-02 9.998074e-01 -6.118778e-01
9.714327e-01 2.369594e-01 -1.298658e-02 1.965497e+01 -2.371212e-01 9.713962e-01 -1.276476e-02 -1.880872e+00 9.590384e-03 1.547950e-02 9.998342e-01 -5.903527e-01
9.682861e-01 2.495592e-01 -1.192899e-02 2.023302e+01 -2.497156e-01 9.682154e-01 -1.417619e-02 -2.064283e+00 8.012036e-03 1.670546e-02 9.998284e-01 -5.843135e-01
9.648969e-01 2.623835e-01 -1.135264e-02 2.082070e+01 -2.625204e-01 9.648394e-01 -1.296101e-02 -2.255511e+00 7.552723e-03 1.548634e-02 9.998516e-01 -6.009868e-01
9.612492e-01 2.754219e-01 -1.195151e-02 2.141404e+01 -2.755581e-01 9.612117e-01 -1.182153e-02 -2.452733e+00 8.232020e-03 1.465677e-02 9.998587e-01 -6.210234e-01
9.574402e-01 2.883689e-01 -1.231549e-02 2.201620e+01 -2.884856e-01 9.574415e-01 -9.049172e-03 -2.654281e+00 9.181858e-03 1.221688e-02 9.998832e-01 -6.346245e-01
9.537020e-01 3.005250e-01 -1.171026e-02 2.262411e+01 -3.006127e-01 9.537236e-01 -6.583466e-03 -2.865606e+00 9.189857e-03 9.798918e-03 9.999098e-01 -6.477419e-01
9.498108e-01 3.127596e-01 -6.387218e-03 2.324064e+01 -3.127876e-01 9.498148e-01 -3.963319e-03 -3.089900e+00 4.827109e-03 5.762245e-03 9.999717e-01 -6.297115e-01
9.459626e-01 3.242659e-01 -2.537219e-03 2.386599e+01 -3.242745e-01 9.459518e-01 -4.599803e-03 -3.329401e+00 9.085279e-04 5.173998e-03 9.999862e-01 -6.090196e-01
9.421895e-01 3.350764e-01 -1.673693e-03 2.449393e+01 -3.350806e-01 9.421783e-01 -4.584099e-03 -3.576899e+00 4.089369e-05 4.879912e-03 9.999881e-01 -6.076536e-01
9.383533e-01 3.456775e-01 -3.325667e-04 2.512737e+01 -3.456741e-01 9.383386e-01 -5.488867e-03 -3.830554e+00 -1.585318e-03 5.265456e-03 9.999849e-01 -5.994768e-01
9.342046e-01 3.567327e-01 1.865803e-03 2.576505e+01 -3.567313e-01 9.342064e-01 -1.049953e-03 -4.091316e+00 -2.117598e-03 3.152807e-04 9.999977e-01 -6.391044e-01
9.299547e-01 3.676688e-01 -1.994995e-03 2.640920e+01 -3.676727e-01 9.299528e-01 -2.162161e-03 -4.356016e+00 1.060292e-03 2.744217e-03 9.999957e-01 -6.488711e-01
9.260773e-01 3.772599e-01 -7.476158e-03 2.704617e+01 -3.772942e-01 9.260855e-01 -3.839902e-03 -4.637562e+00 5.474920e-03 6.376757e-03 9.999647e-01 -6.555315e-01
9.223682e-01 3.860079e-01 -1.531994e-02 2.768859e+01 -3.861835e-01 9.223585e-01 -1.081899e-02 -4.929109e+00 9.954258e-03 1.589540e-02 9.998241e-01 -6.593509e-01
9.191258e-01 3.934399e-01 -2.031762e-02 2.833579e+01 -3.937113e-01 9.191610e-01 -1.159864e-02 -5.224541e+00 1.411179e-02 1.865988e-02 9.997263e-01 -6.697433e-01
9.165291e-01 3.995185e-01 -1.895660e-02 2.898907e+01 -3.997801e-01 9.165217e-01 -1.280060e-02 -5.524804e+00 1.226006e-02 1.931059e-02 9.997384e-01 -6.560918e-01
9.142351e-01 4.049762e-01 -1.298375e-02 2.965412e+01 -4.051417e-01 9.141339e-01 -1.481463e-02 -5.831153e+00 5.869310e-03 1.880431e-02 9.998060e-01 -6.474930e-01
9.125525e-01 4.088855e-01 -7.784774e-03 3.032263e+01 -4.089580e-01 9.124371e-01 -1.455821e-02 -6.144306e+00 1.150477e-03 1.646877e-02 9.998637e-01 -6.717314e-01
9.112537e-01 4.118117e-01 -5.275391e-03 3.099230e+01 -4.118454e-01 9.111708e-01 -1.229547e-02 -6.457081e+00 -2.566373e-04 1.337694e-02 9.999105e-01 -7.012915e-01
9.098043e-01 4.149914e-01 -6.186971e-03 3.166192e+01 -4.150371e-01 9.097235e-01 -1.213865e-02 -6.769073e+00 5.909956e-04 1.361162e-02 9.999072e-01 -6.981944e-01
9.087188e-01 4.173489e-01 -7.079950e-03 3.233179e+01 -4.174041e-01 9.086589e-01 -1.061788e-02 -7.086606e+00 2.001898e-03 1.260387e-02 9.999186e-01 -7.071414e-01
9.074464e-01 4.201187e-01 -6.425873e-03 3.300578e+01 -4.201647e-01 9.073928e-01 -9.996348e-03 -7.403072e+00 1.631138e-03 1.177108e-02 9.999294e-01 -7.139180e-01
9.063803e-01 4.224343e-01 -4.898368e-03 3.368424e+01 -4.224626e-01 9.063281e-01 -9.731074e-03 -7.726158e+00 3.287890e-04 1.088943e-02 9.999407e-01 -7.262459e-01
9.054423e-01 4.243994e-01 -7.711766e-03 3.436252e+01 -4.244678e-01 9.053395e-01 -1.369021e-02 -8.056742e+00 1.171649e-03 1.566909e-02 9.998765e-01 -7.422701e-01
9.044813e-01 4.263600e-01 -1.143582e-02 3.503907e+01 -4.264945e-01 9.043681e-01 -1.485863e-02 -8.391071e+00 4.007068e-03 1.831667e-02 9.998242e-01 -7.591096e-01
9.037937e-01 4.276979e-01 -1.521472e-02 3.571764e+01 -4.279214e-01 9.036499e-01 -1.732470e-02 -8.724849e+00 6.339048e-03 2.216866e-02 9.997341e-01 -7.661737e-01
9.031965e-01 4.289490e-01 -1.545452e-02 3.640223e+01 -4.291809e-01 9.030428e-01 -1.781569e-02 -9.056159e+00 6.314071e-03 2.272386e-02 9.997218e-01 -7.684678e-01
9.027625e-01 4.299062e-01 -1.416028e-02 3.709169e+01 -4.301241e-01 9.025180e-01 -2.131792e-02 -9.390963e+00 3.615201e-03 2.533569e-02 9.996725e-01 -7.678040e-01
9.025889e-01 4.303436e-01 -1.173437e-02 3.778162e+01 -4.305022e-01 9.023181e-01 -2.213481e-02 -9.732917e+00 1.062562e-03 2.503030e-02 9.996861e-01 -7.762983e-01
9.024521e-01 4.305943e-01 -1.299110e-02 3.847442e+01 -4.307886e-01 9.021195e-01 -2.452761e-02 -1.007327e+01 1.158074e-03 2.773141e-02 9.996147e-01 -8.025053e-01
9.023799e-01 4.306760e-01 -1.512092e-02 3.916746e+01 -4.309368e-01 9.019752e-01 -2.709451e-02 -1.041501e+01 1.969735e-03 3.096571e-02 9.995185e-01 -8.086833e-01
9.022079e-01 4.310017e-01 -1.607650e-02 3.986396e+01 -4.312953e-01 9.017675e-01 -2.827889e-02 -1.075595e+01 2.309015e-03 3.244716e-02 9.994708e-01 -8.133253e-01
9.020748e-01 4.313071e-01 -1.533969e-02 4.056696e+01 -4.315764e-01 9.016389e-01 -2.809265e-02 -1.109668e+01 1.714300e-03 3.196191e-02 9.994876e-01 -8.277016e-01
9.020526e-01 4.314290e-01 -1.304599e-02 4.127608e+01 -4.316261e-01 9.016617e-01 -2.655490e-02 -1.144063e+01 3.065135e-04 2.958491e-02 9.995622e-01 -8.448064e-01
9.020226e-01 4.314821e-01 -1.335646e-02 4.198905e+01 -4.316886e-01 9.015681e-01 -2.863533e-02 -1.179059e+01 -3.138725e-04 3.159554e-02 9.995007e-01 -8.608291e-01
9.020748e-01 4.313482e-01 -1.413246e-02 4.270586e+01 -4.315795e-01 9.016186e-01 -2.868897e-02 -1.214439e+01 3.671520e-04 3.197888e-02 9.994885e-01 -8.700990e-01
9.021313e-01 4.311668e-01 -1.594503e-02 4.342955e+01 -4.314570e-01 9.016761e-01 -2.872455e-02 -1.249580e+01 1.992183e-03 3.279291e-02 9.994602e-01 -8.818403e-01
9.022431e-01 4.309143e-01 -1.644006e-02 4.415837e+01 -4.312172e-01 9.018314e-01 -2.741970e-02 -1.285206e+01 3.010623e-03 3.182847e-02 9.994888e-01 -8.832686e-01
9.024214e-01 4.304977e-01 -1.753136e-02 4.489367e+01 -4.308373e-01 9.020021e-01 -2.777377e-02 -1.321126e+01 3.856776e-03 3.261680e-02 9.994605e-01 -8.934406e-01
9.026184e-01 4.300848e-01 -1.752334e-02 4.563609e+01 -4.304250e-01 9.021932e-01 -2.795923e-02 -1.357375e+01 3.784603e-03 3.277900e-02 9.994555e-01 -8.951880e-01
9.028688e-01 4.294982e-01 -1.895425e-02 4.638380e+01 -4.298923e-01 9.024059e-01 -2.925908e-02 -1.394146e+01 4.537705e-03 3.456540e-02 9.993921e-01 -9.070690e-01
9.031190e-01 4.288622e-01 -2.128970e-02 4.713620e+01 -4.293562e-01 9.025617e-01 -3.218069e-02 -1.430855e+01 5.414189e-03 3.820386e-02 9.992553e-01 -9.083276e-01
9.033009e-01 4.282832e-01 -2.491893e-02 4.789415e+01 -4.289478e-01 9.026197e-01 -3.579836e-02 -1.467444e+01 7.160484e-03 4.302561e-02 9.990483e-01 -9.256183e-01
9.036006e-01 4.275689e-01 -2.628361e-02 4.865426e+01 -4.282896e-01 9.029483e-01 -3.538989e-02 -1.504112e+01 8.601123e-03 4.323532e-02 9.990279e-01 -9.345249e-01
9.039177e-01 4.267973e-01 -2.787176e-02 4.941658e+01 -4.276101e-01 9.031764e-01 -3.770917e-02 -1.540991e+01 9.078947e-03 4.600423e-02 9.989000e-01 -9.395091e-01
9.042790e-01 4.259672e-01 -2.883438e-02 5.018212e+01 -4.268544e-01 9.033971e-01 -4.085317e-02 -1.578084e+01 8.646785e-03 4.925075e-02 9.987490e-01 -9.498931e-01
9.045763e-01 4.253409e-01 -2.875423e-02 5.095240e+01 -4.262508e-01 9.035279e-01 -4.413243e-02 -1.614905e+01 7.208918e-03 5.217766e-02 9.986118e-01 -9.613894e-01
9.049550e-01 4.246621e-01 -2.680613e-02 5.172423e+01 -4.254756e-01 9.038596e-01 -4.481416e-02 -1.652031e+01 5.198105e-03 5.196015e-02 9.986356e-01 -9.676228e-01
9.054426e-01 4.237133e-01 -2.531125e-02 5.249711e+01 -4.244560e-01 9.042654e-01 -4.627245e-02 -1.689194e+01 3.281831e-03 5.264056e-02 9.986081e-01 -9.772969e-01
9.057760e-01 4.230460e-01 -2.453374e-02 5.327240e+01 -4.237527e-01 9.045028e-01 -4.804521e-02 -1.726280e+01 1.865500e-03 5.391444e-02 9.985438e-01 -9.993763e-01
9.059806e-01 4.226349e-01 -2.405837e-02 5.404888e+01 -4.233173e-01 9.046789e-01 -4.856501e-02 -1.763169e+01 1.239832e-03 5.418328e-02 9.985302e-01 -1.019613e+00
9.061953e-01 4.221793e-01 -2.397448e-02 5.482643e+01 -4.228592e-01 9.048030e-01 -5.021551e-02 -1.800098e+01 4.922338e-04 5.564288e-02 9.984506e-01 -1.032676e+00
9.063899e-01 4.216997e-01 -2.503192e-02 5.560402e+01 -4.224416e-01 9.048775e-01 -5.234358e-02 -1.837150e+01 5.775470e-04 5.801822e-02 9.983154e-01 -1.049768e+00
9.066916e-01 4.210803e-01 -2.452979e-02 5.638285e+01 -4.217940e-01 9.052108e-01 -5.179931e-02 -1.874031e+01 3.929629e-04 5.731252e-02 9.983562e-01 -1.072752e+00
9.070337e-01 4.203006e-01 -2.524414e-02 5.716293e+01 -4.210573e-01 9.055126e-01 -5.251338e-02 -1.911072e+01 7.874803e-04 5.826064e-02 9.983011e-01 -1.093507e+00
9.073367e-01 4.195880e-01 -2.619268e-02 5.794262e+01 -4.204022e-01 9.057828e-01 -5.309966e-02 -1.948066e+01 1.444898e-03 5.919073e-02 9.982456e-01 -1.097172e+00
9.075584e-01 4.189842e-01 -2.810752e-02 5.872347e+01 -4.199195e-01 9.058802e-01 -5.521451e-02 -1.985019e+01 2.328040e-03 6.191329e-02 9.980788e-01 -1.106134e+00
9.077738e-01 4.184230e-01 -2.947748e-02 5.950577e+01 -4.194485e-01 9.060264e-01 -5.638351e-02 -2.021837e+01 3.115215e-03 6.354776e-02 9.979739e-01 -1.122253e+00
9.080015e-01 4.178427e-01 -3.067024e-02 6.028863e+01 -4.189539e-01 9.061128e-01 -5.862786e-02 -2.058966e+01 3.293473e-03 6.608360e-02 9.978087e-01 -1.135480e+00
9.081746e-01 4.173318e-01 -3.244978e-02 6.107293e+01 -4.185761e-01 9.060728e-01 -6.185552e-02 -2.096105e+01 3.587586e-03 6.975832e-02 9.975575e-01 -1.148709e+00
9.083922e-01 4.168946e-01 -3.197648e-02 6.185857e+01 -4.181068e-01 9.062920e-01 -6.181811e-02 -2.133489e+01 3.208390e-03 6.952468e-02 9.975751e-01 -1.158432e+00
9.084269e-01 4.168138e-01 -3.204329e-02 6.264634e+01 -4.180436e-01 9.058130e-01 -6.886490e-02 -2.171006e+01 3.213831e-04 7.595422e-02 9.971113e-01 -1.145867e+00
9.084031e-01 4.170287e-01 -2.984876e-02 6.343826e+01 -4.180837e-01 9.055232e-01 -7.234487e-02 -2.208811e+01 -3.141140e-03 7.819758e-02 9.969329e-01 -1.158401e+00
9.081133e-01 4.178348e-01 -2.728199e-02 6.423384e+01 -4.186890e-01 9.052578e-01 -7.216505e-02 -2.246538e+01 -5.455835e-03 7.695671e-02 9.970195e-01 -1.185481e+00
9.078146e-01 4.184801e-01 -2.733266e-02 6.503123e+01 -4.193443e-01 9.050791e-01 -7.058440e-02 -2.284110e+01 -4.799950e-03 7.553934e-02 9.971313e-01 -1.214417e+00
9.075216e-01 4.189381e-01 -2.992411e-02 6.582741e+01 -4.200000e-01 9.048423e-01 -6.971627e-02 -2.321603e+01 -2.130200e-03 7.583714e-02 9.971179e-01 -1.232593e+00
9.072140e-01 4.194610e-01 -3.186264e-02 6.662558e+01 -4.206692e-01 9.046948e-01 -6.756269e-02 -2.359216e+01 4.860529e-04 7.469745e-02 9.972061e-01 -1.248575e+00
9.070333e-01 4.197734e-01 -3.287648e-02 6.742632e+01 -4.210556e-01 9.045635e-01 -6.691027e-02 -2.397189e+01 1.651711e-03 7.453267e-02 9.972172e-01 -1.257183e+00
9.069072e-01 4.200812e-01 -3.242046e-02 6.823114e+01 -4.213263e-01 9.045507e-01 -6.536199e-02 -2.435505e+01 1.868601e-03 7.293685e-02 9.973348e-01 -1.269908e+00
9.066853e-01 4.205925e-01 -3.199497e-02 6.904150e+01 -4.217997e-01 9.045242e-01 -6.261799e-02 -2.473557e+01 2.603568e-03 7.027028e-02 9.975246e-01 -1.276855e+00
9.064976e-01 4.209301e-01 -3.286262e-02 6.985224e+01 -4.221951e-01 9.043886e-01 -6.190764e-02 -2.512094e+01 3.661791e-03 6.999357e-02 9.975407e-01 -1.283915e+00
9.063356e-01 4.211377e-01 -3.462506e-02 7.066588e+01 -4.225390e-01 9.040372e-01 -6.463380e-02 -2.550866e+01 4.082619e-03 7.321035e-02 9.973082e-01 -1.279185e+00
9.062765e-01 4.213489e-01 -3.358564e-02 7.148171e+01 -4.226792e-01 9.038260e-01 -6.664036e-02 -2.590197e+01 2.276730e-03 7.459054e-02 9.972116e-01 -1.283891e+00
9.062575e-01 4.214787e-01 -3.244974e-02 7.230457e+01 -4.227260e-01 9.035429e-01 -7.009311e-02 -2.629532e+01 -2.230220e-04 7.723976e-02 9.970125e-01 -1.300981e+00
9.064186e-01 4.213385e-01 -2.965004e-02 7.313065e+01 -4.223710e-01 9.036920e-01 -7.031059e-02 -2.668964e+01 -2.830062e-03 7.625414e-02 9.970844e-01 -1.307421e+00
9.066058e-01 4.210076e-01 -2.860922e-02 7.395917e+01 -4.219568e-01 9.037838e-01 -7.160512e-02 -2.708602e+01 -4.289756e-03 7.698947e-02 9.970227e-01 -1.331194e+00
9.068261e-01 4.205374e-01 -2.854376e-02 7.478933e+01 -4.214764e-01 9.038943e-01 -7.302533e-02 -2.748559e+01 -4.909342e-03 7.825179e-02 9.969215e-01 -1.352734e+00
9.067950e-01 4.206125e-01 -2.842546e-02 7.562495e+01 -4.215428e-01 9.038776e-01 -7.284870e-02 -2.788074e+01 -4.947932e-03 7.804139e-02 9.969378e-01 -1.375342e+00
9.068551e-01 4.204494e-01 -2.891606e-02 7.646280e+01 -4.214258e-01 9.040698e-01 -7.112028e-02 -2.827909e+01 -3.760341e-03 7.668176e-02 9.970485e-01 -1.400548e+00
9.068267e-01 4.203119e-01 -3.167276e-02 7.730320e+01 -4.215014e-01 9.040161e-01 -7.135479e-02 -2.867462e+01 -1.358588e-03 7.805654e-02 9.969480e-01 -1.416594e+00
9.067353e-01 4.204130e-01 -3.292430e-02 7.814586e+01 -4.216992e-01 9.041317e-01 -6.867063e-02 -2.907077e+01 8.978810e-04 7.615024e-02 9.970960e-01 -1.433948e+00
9.066947e-01 4.204402e-01 -3.368652e-02 7.899085e+01 -4.217843e-01 9.041064e-01 -6.848090e-02 -2.947221e+01 1.664076e-03 7.629971e-02 9.970835e-01 -1.436804e+00
9.066514e-01 4.206367e-01 -3.237167e-02 7.984172e+01 -4.218805e-01 9.039369e-01 -7.010703e-02 -2.987676e+01 -2.276474e-04 7.721962e-02 9.970141e-01 -1.434031e+00
9.065934e-01 4.206995e-01 -3.317206e-02 8.069565e+01 -4.220043e-01 9.036216e-01 -7.335072e-02 -3.028583e+01 -8.836152e-04 8.049803e-02 9.967544e-01 -1.453152e+00
9.064238e-01 4.208531e-01 -3.575662e-02 8.155074e+01 -4.223693e-01 9.032091e-01 -7.627246e-02 -3.069556e+01 1.962062e-04 8.423767e-02 9.964457e-01 -1.471411e+00
9.060888e-01 4.213970e-01 -3.778502e-02 8.240883e+01 -4.230855e-01 9.027479e-01 -7.774861e-02 -3.110287e+01 1.347319e-03 8.643344e-02 9.962567e-01 -1.478116e+00
9.058767e-01 4.216846e-01 -3.961731e-02 8.326760e+01 -4.235398e-01 9.021739e-01 -8.183057e-02 -3.151741e+01 1.235013e-03 9.090791e-02 9.958585e-01 -1.489615e+00
9.057361e-01 4.222252e-01 -3.698584e-02 8.413098e+01 -4.238410e-01 9.020844e-01 -8.125641e-02 -3.193487e+01 -9.441520e-04 8.927298e-02 9.960067e-01 -1.487646e+00
9.055117e-01 4.227565e-01 -3.640719e-02 8.499803e+01 -4.243131e-01 9.016211e-01 -8.389204e-02 -3.235434e+01 -2.640422e-03 9.141327e-02 9.958095e-01 -1.506852e+00
9.054149e-01 4.230713e-01 -3.513736e-02 8.586844e+01 -4.245064e-01 9.014302e-01 -8.495836e-02 -3.277501e+01 -4.269569e-03 9.183860e-02 9.957648e-01 -1.530779e+00
9.051541e-01 4.237576e-01 -3.354850e-02 8.674414e+01 -4.250339e-01 9.010192e-01 -8.666395e-02 -3.319365e+01 -6.496665e-03 9.270349e-02 9.956726e-01 -1.541617e+00
9.049587e-01 4.241711e-01 -3.359606e-02 8.762226e+01 -4.254298e-01 9.005575e-01 -8.947460e-02 -3.361528e+01 -7.697359e-03 9.526358e-02 9.954223e-01 -1.571314e+00
9.048929e-01 4.242875e-01 -3.389507e-02 8.850056e+01 -4.255706e-01 9.004433e-01 -8.995314e-02 -3.404207e+01 -7.645409e-03 9.582271e-02 9.953691e-01 -1.593453e+00
9.046487e-01 4.248179e-01 -3.376918e-02 8.938367e+01 -4.260961e-01 9.003222e-01 -8.866870e-02 -3.446515e+01 -7.264914e-03 9.460294e-02 9.954886e-01 -1.605252e+00
9.043981e-01 4.253444e-01 -3.385629e-02 9.026862e+01 -4.266396e-01 9.002237e-01 -8.704010e-02 -3.488984e+01 -6.543789e-03 9.316333e-02 9.956293e-01 -1.628331e+00
9.042773e-01 4.255479e-01 -3.451981e-02 9.115694e+01 -4.268852e-01 8.998274e-01 -8.988683e-02 -3.531883e+01 -7.189282e-03 9.601861e-02 9.953536e-01 -1.640296e+00
9.040269e-01 4.260804e-01 -3.450985e-02 9.204814e+01 -4.274138e-01 8.995723e-01 -8.992825e-02 -3.575097e+01 -7.272558e-03 9.604754e-02 9.953502e-01 -1.655245e+00
9.037681e-01 4.264075e-01 -3.714584e-02 9.294220e+01 -4.279982e-01 8.993843e-01 -8.902499e-02 -3.618098e+01 -4.552534e-03 9.635630e-02 9.953365e-01 -1.695820e+00
9.036084e-01 4.265711e-01 -3.910234e-02 9.383604e+01 -4.283540e-01 8.993561e-01 -8.758684e-02 -3.661348e+01 -2.195089e-03 9.589384e-02 9.953891e-01 -1.704223e+00
9.034681e-01 4.267570e-01 -4.029626e-02 9.473244e+01 -4.286538e-01 8.992170e-01 -8.754809e-02 -3.705032e+01 -1.126678e-03 9.637006e-02 9.953449e-01 -1.713385e+00
9.034040e-01 4.270101e-01 -3.903310e-02 9.563577e+01 -4.287785e-01 8.989508e-01 -8.964593e-02 -3.748727e+01 -3.190879e-03 9.772305e-02 9.952085e-01 -1.718885e+00
9.034152e-01 4.272530e-01 -3.599646e-02 9.654311e+01 -4.287282e-01 8.990202e-01 -8.919012e-02 -3.792953e+01 -5.745203e-03 9.600842e-02 9.953639e-01 -1.738945e+00
9.034121e-01 4.272488e-01 -3.612521e-02 9.745329e+01 -4.287214e-01 8.987795e-01 -9.161519e-02 -3.836945e+01 -6.673884e-03 9.825392e-02 9.951390e-01 -1.763967e+00
9.034070e-01 4.271373e-01 -3.754261e-02 9.836389e+01 -4.287498e-01 8.987599e-01 -9.167435e-02 -3.881285e+01 -5.415746e-03 9.891564e-02 9.950811e-01 -1.787846e+00
9.033683e-01 4.269319e-01 -4.068050e-02 9.927702e+01 -4.288565e-01 8.986571e-01 -9.218241e-02 -3.925311e+01 -2.797788e-03 1.007208e-01 9.949108e-01 -1.822841e+00
9.033507e-01 4.266890e-01 -4.351949e-02 1.001915e+02 -4.289026e-01 8.986503e-01 -9.203405e-02 -3.969515e+01 -1.611142e-04 1.018046e-01 9.948044e-01 -1.834883e+00
9.034169e-01 4.263086e-01 -4.581471e-02 1.011069e+02 -4.287594e-01 8.986961e-01 -9.225391e-02 -4.014117e+01 1.844869e-03 1.029872e-01 9.946810e-01 -1.847203e+00
9.035966e-01 4.257485e-01 -4.744815e-02 1.020260e+02 -4.283789e-01 8.985818e-01 -9.509036e-02 -4.059052e+01 2.151463e-03 1.062491e-01 9.943372e-01 -1.858860e+00
9.037550e-01 4.255133e-01 -4.653183e-02 1.029493e+02 -4.280497e-01 8.985308e-01 -9.703568e-02 -4.104315e+01 5.203048e-04 1.076144e-01 9.941926e-01 -1.872364e+00
9.039929e-01 4.250691e-01 -4.596720e-02 1.038772e+02 -4.275474e-01 8.987700e-01 -9.703441e-02 -4.149380e+01 6.760384e-05 1.073716e-01 9.942190e-01 -1.890067e+00
9.041196e-01 4.246094e-01 -4.769240e-02 1.048072e+02 -4.272766e-01 8.988681e-01 -9.731846e-02 -4.194193e+01 1.546843e-03 1.083654e-01 9.941099e-01 -1.906298e+00
9.043651e-01 4.238527e-01 -4.972540e-02 1.057369e+02 -4.267488e-01 8.990103e-01 -9.831520e-02 -4.239249e+01 3.032481e-03 1.101331e-01 9.939122e-01 -1.916494e+00
9.046602e-01 4.231047e-01 -5.071750e-02 1.066708e+02 -4.261237e-01 8.990205e-01 -1.008995e-01 -4.284336e+01 2.905008e-03 1.128917e-01 9.936030e-01 -1.920949e+00
9.050148e-01 4.222656e-01 -5.138100e-02 1.076083e+02 -4.253704e-01 8.991841e-01 -1.026055e-01 -4.329541e+01 2.874201e-03 1.147155e-01 9.933942e-01 -1.941532e+00
9.054552e-01 4.213054e-01 -5.150346e-02 1.085476e+02 -4.244326e-01 8.995432e-01 -1.033393e-01 -4.374891e+01 2.792207e-03 1.154288e-01 9.933118e-01 -1.950475e+00
9.058292e-01 4.206876e-01 -4.995479e-02 1.094914e+02 -4.236386e-01 9.000473e-01 -1.022018e-01 -4.419888e+01 1.966649e-03 1.137401e-01 9.935086e-01 -1.960643e+00
9.062641e-01 4.199692e-01 -4.807541e-02 1.104383e+02 -4.227119e-01 9.003771e-01 -1.031300e-01 -4.465177e+01 -2.544156e-05 1.137851e-01 9.935054e-01 -1.960339e+00
9.066456e-01 4.192369e-01 -4.726728e-02 1.113884e+02 -4.218897e-01 9.004847e-01 -1.055290e-01 -4.510671e+01 -1.678202e-03 1.156190e-01 9.932922e-01 -1.970699e+00
9.070471e-01 4.185117e-01 -4.597290e-02 1.123409e+02 -4.210199e-01 9.008811e-01 -1.056197e-01 -4.556149e+01 -2.786960e-03 1.151576e-01 9.933433e-01 -1.992257e+00
9.072533e-01 4.180367e-01 -4.622477e-02 1.132970e+02 -4.205751e-01 9.009996e-01 -1.063780e-01 -4.601343e+01 -2.821420e-03 1.159528e-01 9.932507e-01 -2.019159e+00
9.073503e-01 4.179656e-01 -4.494574e-02 1.142550e+02 -4.203579e-01 9.011389e-01 -1.060559e-01 -4.646748e+01 -3.825345e-03 1.151231e-01 9.933439e-01 -2.023011e+00
9.074131e-01 4.179785e-01 -4.353798e-02 1.152163e+02 -4.202062e-01 9.011471e-01 -1.065866e-01 -4.692444e+01 -5.316779e-03 1.150130e-01 9.933498e-01 -2.032613e+00
9.074452e-01 4.179443e-01 -4.319362e-02 1.161795e+02 -4.201277e-01 9.010806e-01 -1.074543e-01 -4.738436e+01 -5.988963e-03 1.156557e-01 9.932713e-01 -2.050683e+00
9.073594e-01 4.180709e-01 -4.376861e-02 1.171457e+02 -4.203254e-01 9.011117e-01 -1.064153e-01 -4.784211e+01 -5.048745e-03 1.149540e-01 9.933580e-01 -2.071194e+00
9.072933e-01 4.181186e-01 -4.467379e-02 1.181122e+02 -4.204792e-01 9.011025e-01 -1.058842e-01 -4.830383e+01 -4.016479e-03 1.148524e-01 9.933744e-01 -2.085729e+00
9.072071e-01 4.181675e-01 -4.594852e-02 1.190821e+02 -4.206704e-01 9.008590e-01 -1.071893e-01 -4.876454e+01 -3.429941e-03 1.165720e-01 9.931763e-01 -2.099702e+00
9.072031e-01 4.181705e-01 -4.599944e-02 1.200538e+02 -4.206778e-01 9.008050e-01 -1.076129e-01 -4.923062e+01 -3.564005e-03 1.169777e-01 9.931281e-01 -2.111971e+00
9.071357e-01 4.182650e-01 -4.646636e-02 1.210303e+02 -4.208269e-01 9.007560e-01 -1.074404e-01 -4.969513e+01 -3.083718e-03 1.170173e-01 9.931251e-01 -2.129284e+00
9.069688e-01 4.185047e-01 -4.755399e-02 1.220088e+02 -4.211906e-01 9.004928e-01 -1.082186e-01 -5.016007e+01 -2.467962e-03 1.181802e-01 9.929891e-01 -2.145788e+00
9.069380e-01 4.185681e-01 -4.758340e-02 1.229880e+02 -4.212547e-01 9.003595e-01 -1.090749e-01 -5.062951e+01 -2.813093e-03 1.189689e-01 9.928940e-01 -2.156580e+00
9.067829e-01 4.190452e-01 -4.632421e-02 1.239725e+02 -4.215762e-01 9.001312e-01 -1.097147e-01 -5.109671e+01 -4.277533e-03 1.190166e-01 9.928831e-01 -2.163435e+00
9.066594e-01 4.193882e-01 -4.563235e-02 1.249605e+02 -4.218353e-01 9.000286e-01 -1.095608e-01 -5.156392e+01 -4.878113e-03 1.185837e-01 9.929321e-01 -2.181239e+00
9.066519e-01 4.193848e-01 -4.581231e-02 1.259457e+02 -4.218609e-01 9.002298e-01 -1.077948e-01 -5.203718e+01 -3.965888e-03 1.170588e-01 9.931171e-01 -2.206182e+00
9.065735e-01 4.193677e-01 -4.748918e-02 1.269349e+02 -4.220386e-01 9.000446e-01 -1.086428e-01 -5.250499e+01 -2.818883e-03 1.185349e-01 9.929459e-01 -2.229946e+00
9.066232e-01 4.192728e-01 -4.737725e-02 1.279230e+02 -4.219295e-01 9.000336e-01 -1.091557e-01 -5.297974e+01 -3.124907e-03 1.189530e-01 9.928950e-01 -2.240868e+00
9.067479e-01 4.190693e-01 -4.678900e-02 1.289157e+02 -4.216456e-01 8.998209e-01 -1.119699e-01 -5.345563e+01 -4.821414e-03 1.212568e-01 9.926095e-01 -2.243322e+00
9.069081e-01 4.188485e-01 -4.564617e-02 1.299121e+02 -4.212856e-01 8.999329e-01 -1.124242e-01 -5.392935e+01 -6.010236e-03 1.211885e-01 9.926113e-01 -2.255001e+00
9.069738e-01 4.185475e-01 -4.707981e-02 1.309078e+02 -4.211577e-01 8.999096e-01 -1.130883e-01 -5.440572e+01 -4.965254e-03 1.223962e-01 9.924689e-01 -2.278064e+00
9.067671e-01 4.187430e-01 -4.927137e-02 1.319065e+02 -4.216220e-01 8.997364e-01 -1.127353e-01 -5.487527e+01 -2.875851e-03 1.229985e-01 9.924027e-01 -2.301786e+00
9.065385e-01 4.190331e-01 -5.098175e-02 1.329053e+02 -4.221213e-01 8.995511e-01 -1.123449e-01 -5.534815e+01 -1.215538e-03 1.233654e-01 9.923606e-01 -2.323951e+00
9.065539e-01 4.190313e-01 -5.072265e-02 1.339031e+02 -4.220893e-01 8.997616e-01 -1.107689e-01 -5.582867e+01 -7.773411e-04 1.218275e-01 9.925510e-01 -2.332766e+00
9.064284e-01 4.193473e-01 -5.035278e-02 1.349055e+02 -4.223579e-01 8.996295e-01 -1.108177e-01 -5.630564e+01 -1.172246e-03 1.217152e-01 9.925644e-01 -2.338643e+00
9.062992e-01 4.195021e-01 -5.137740e-02 1.359089e+02 -4.226357e-01 8.993265e-01 -1.122091e-01 -5.678661e+01 -8.669195e-04 1.234090e-01 9.923555e-01 -2.354106e+00
9.060892e-01 4.197092e-01 -5.335234e-02 1.369138e+02 -4.230860e-01 8.990773e-01 -1.125087e-01 -5.726492e+01 7.469141e-04 1.245156e-01 9.922174e-01 -2.377753e+00
9.058731e-01 4.199227e-01 -5.530732e-02 1.379180e+02 -4.235406e-01 8.989316e-01 -1.119615e-01 -5.774385e+01 2.702322e-03 1.248478e-01 9.921722e-01 -2.390554e+00
9.058395e-01 4.201336e-01 -5.424510e-02 1.389241e+02 -4.236142e-01 8.990989e-01 -1.103276e-01 -5.822318e+01 2.419393e-03 1.229181e-01 9.924139e-01 -2.393895e+00
9.059225e-01 4.203482e-01 -5.110644e-02 1.399338e+02 -4.234435e-01 8.992348e-01 -1.098740e-01 -5.870666e+01 -2.286503e-04 1.211780e-01 9.926308e-01 -2.398323e+00
9.059399e-01 4.203916e-01 -5.043617e-02 1.409455e+02 -4.234054e-01 8.992350e-01 -1.100193e-01 -5.919092e+01 -8.972269e-04 1.210258e-01 9.926490e-01 -2.419693e+00
9.056318e-01 4.206830e-01 -5.344969e-02 1.419577e+02 -4.240591e-01 8.990537e-01 -1.089785e-01 -5.966927e+01 2.208726e-03 1.213603e-01 9.926061e-01 -2.449096e+00
9.053003e-01 4.207981e-01 -5.796859e-02 1.429653e+02 -4.247318e-01 8.986275e-01 -1.098706e-01 -6.015001e+01 5.858821e-03 1.240870e-01 9.922540e-01 -2.457028e+00
9.051170e-01 4.209706e-01 -5.955624e-02 1.439735e+02 -4.251056e-01 8.983657e-01 -1.105636e-01 -6.063525e+01 6.959244e-03 1.253907e-01 9.920830e-01 -2.450449e+00
9.050413e-01 4.211213e-01 -5.964188e-02 1.449846e+02 -4.252867e-01 8.978710e-01 -1.138367e-01 -6.112323e+01 5.611680e-03 1.283918e-01 9.917076e-01 -2.443670e+00
9.048974e-01 4.213046e-01 -6.052303e-02 1.459997e+02 -4.255976e-01 8.973809e-01 -1.165081e-01 -6.161064e+01 5.226814e-03 1.311863e-01 9.913439e-01 -2.453571e+00
9.048234e-01 4.213420e-01 -6.136365e-02 1.470103e+02 -4.257469e-01 8.972703e-01 -1.168139e-01 -6.210350e+01 5.841172e-03 1.318214e-01 9.912563e-01 -2.460048e+00
9.046704e-01 4.215477e-01 -6.220146e-02 1.480241e+02 -4.260698e-01 8.969478e-01 -1.181065e-01 -6.259175e+01 6.003950e-03 1.333496e-01 9.910509e-01 -2.469137e+00
9.047213e-01 4.217813e-01 -5.983263e-02 1.490401e+02 -4.259861e-01 8.970021e-01 -1.179962e-01 -6.308263e+01 3.901394e-03 1.322416e-01 9.912098e-01 -2.466099e+00
9.046764e-01 4.219801e-01 -5.910416e-02 1.500585e+02 -4.260892e-01 8.968625e-01 -1.186828e-01 -6.357236e+01 2.926515e-03 1.325532e-01 9.911716e-01 -2.476650e+00
9.045661e-01 4.218046e-01 -6.197527e-02 1.510756e+02 -4.263067e-01 8.965253e-01 -1.204369e-01 -6.406172e+01 4.761548e-03 1.353636e-01 9.907845e-01 -2.498270e+00
9.043862e-01 4.217144e-01 -6.513519e-02 1.520916e+02 -4.266489e-01 8.963356e-01 -1.206367e-01 -6.454903e+01 7.508763e-03 1.368920e-01 9.905575e-01 -2.509608e+00
9.044330e-01 4.215733e-01 -6.539817e-02 1.531084e+02 -4.265314e-01 8.966132e-01 -1.189780e-01 -6.503555e+01 8.478902e-03 1.355020e-01 9.907408e-01 -2.510167e+00
9.046557e-01 4.211780e-01 -6.486252e-02 1.541270e+02 -4.260727e-01 8.967370e-01 -1.196865e-01 -6.552692e+01 7.755304e-03 1.359112e-01 9.906907e-01 -2.508566e+00
9.048885e-01 4.206149e-01 -6.526739e-02 1.551474e+02 -4.255897e-01 8.966160e-01 -1.222836e-01 -6.601829e+01 7.085477e-03 1.384301e-01 9.903469e-01 -2.510749e+00
9.050896e-01 4.201050e-01 -6.576148e-02 1.561706e+02 -4.251660e-01 8.965690e-01 -1.240882e-01 -6.650621e+01 6.829652e-03 1.402705e-01 9.900897e-01 -2.522213e+00
9.054327e-01 4.197291e-01 -6.339699e-02 1.571948e+02 -4.244655e-01 8.968278e-01 -1.246153e-01 -6.699469e+01 4.551503e-03 1.397406e-01 9.901777e-01 -2.521631e+00
9.058357e-01 4.191417e-01 -6.149745e-02 1.582226e+02 -4.236202e-01 8.971691e-01 -1.250343e-01 -6.748169e+01 2.766496e-03 1.393121e-01 9.902447e-01 -2.541323e+00
9.062145e-01 4.185094e-01 -6.020909e-02 1.592484e+02 -4.228149e-01 8.975330e-01 -1.251482e-01 -6.797285e+01 1.663957e-03 1.388684e-01 9.903094e-01 -2.554041e+00
9.064739e-01 4.179649e-01 -6.008736e-02 1.602779e+02 -4.222585e-01 8.978121e-01 -1.250247e-01 -6.845777e+01 1.691210e-03 1.387040e-01 9.903324e-01 -2.574780e+00
9.067276e-01 4.174319e-01 -5.996362e-02 1.613060e+02 -4.217115e-01 8.982149e-01 -1.239733e-01 -6.894500e+01 2.109801e-03 1.376974e-01 9.904721e-01 -2.581311e+00
9.068938e-01 4.168582e-01 -6.142441e-02 1.623358e+02 -4.213443e-01 8.984063e-01 -1.238350e-01 -6.943015e+01 3.562429e-03 1.381860e-01 9.903999e-01 -2.597617e+00
9.069666e-01 4.165155e-01 -6.266063e-02 1.633663e+02 -4.211748e-01 8.985217e-01 -1.235743e-01 -6.991556e+01 4.831308e-03 1.384689e-01 9.903550e-01 -2.612479e+00
9.071357e-01 4.158534e-01 -6.458083e-02 1.643960e+02 -4.207965e-01 8.984601e-01 -1.252982e-01 -7.040496e+01 5.917600e-03 1.408379e-01 9.900150e-01 -2.622620e+00
9.072993e-01 4.154694e-01 -6.475505e-02 1.654280e+02 -4.204354e-01 8.987461e-01 -1.244567e-01 -7.089236e+01 6.490419e-03 1.401447e-01 9.901098e-01 -2.631514e+00
9.075895e-01 4.151148e-01 -6.293691e-02 1.664633e+02 -4.198377e-01 8.987903e-01 -1.261437e-01 -7.138001e+01 4.202979e-03 1.409099e-01 9.900135e-01 -2.630337e+00
9.078116e-01 4.150304e-01 -6.023135e-02 1.675029e+02 -4.193735e-01 8.990691e-01 -1.257008e-01 -7.186703e+01 1.982479e-03 1.393721e-01 9.902381e-01 -2.646675e+00
9.077022e-01 4.149857e-01 -6.215820e-02 1.685406e+02 -4.196083e-01 8.985159e-01 -1.288335e-01 -7.235502e+01 2.386077e-03 1.430245e-01 9.897163e-01 -2.654692e+00
9.075285e-01 4.149179e-01 -6.507798e-02 1.695757e+02 -4.199735e-01 8.979254e-01 -1.317276e-01 -7.284463e+01 3.779018e-03 1.468776e-01 9.891475e-01 -2.668828e+00
9.074570e-01 4.150716e-01 -6.509511e-02 1.706129e+02 -4.201314e-01 8.977151e-01 -1.326548e-01 -7.333564e+01 3.375623e-03 1.477270e-01 9.890224e-01 -2.679502e+00
9.074975e-01 4.151017e-01 -6.433338e-02 1.716513e+02 -4.200507e-01 8.976449e-01 -1.333832e-01 -7.382962e+01 2.380949e-03 1.480682e-01 9.889743e-01 -2.684220e+00
9.074261e-01 4.150919e-01 -6.539599e-02 1.726911e+02 -4.202053e-01 8.972236e-01 -1.357103e-01 -7.432287e+01 2.342599e-03 1.506268e-01 9.885879e-01 -2.698266e+00
9.071603e-01 4.157091e-01 -6.516221e-02 1.737334e+02 -4.207841e-01 8.965552e-01 -1.383096e-01 -7.481538e+01 9.249574e-04 1.528882e-01 9.882431e-01 -2.707128e+00
9.066882e-01 4.169627e-01 -6.370682e-02 1.747782e+02 -4.217994e-01 8.958040e-01 -1.400732e-01 -7.530907e+01 -1.336474e-03 1.538742e-01 9.880895e-01 -2.717536e+00
9.062563e-01 4.178869e-01 -6.379651e-02 1.758199e+02 -4.227226e-01 8.950590e-01 -1.420387e-01 -7.581036e+01 -2.254461e-03 1.556917e-01 9.878031e-01 -2.738185e+00
9.057424e-01 4.186441e-01 -6.609007e-02 1.768603e+02 -4.238275e-01 8.942926e-01 -1.435651e-01 -7.631451e+01 -9.988062e-04 1.580437e-01 9.874316e-01 -2.764953e+00
9.052436e-01 4.192766e-01 -6.885675e-02 1.779012e+02 -4.248904e-01 8.938473e-01 -1.431965e-01 -7.681552e+01 1.508468e-03 1.588843e-01 9.872961e-01 -2.776125e+00
9.048827e-01 4.194052e-01 -7.270867e-02 1.789420e+02 -4.256312e-01 8.935405e-01 -1.429104e-01 -7.731589e+01 5.030797e-03 1.602642e-01 9.870613e-01 -2.801041e+00
9.048595e-01 4.191790e-01 -7.428536e-02 1.799837e+02 -4.256678e-01 8.933562e-01 -1.439500e-01 -7.781897e+01 6.022493e-03 1.618754e-01 9.867928e-01 -2.819401e+00
9.051356e-01 4.188081e-01 -7.300212e-02 1.810293e+02 -4.251101e-01 8.929992e-01 -1.477625e-01 -7.832540e+01 3.306718e-03 1.647790e-01 9.863250e-01 -2.823613e+00
9.054462e-01 4.187233e-01 -6.955563e-02 1.820812e+02 -4.244610e-01 8.932704e-01 -1.479893e-01 -7.882826e+01 1.654438e-04 1.635200e-01 9.865400e-01 -2.833408e+00
9.057883e-01 4.185967e-01 -6.576038e-02 1.831357e+02 -4.237198e-01 8.936857e-01 -1.476055e-01 -7.932890e+01 -3.018053e-03 1.615633e-01 9.868577e-01 -2.843014e+00
9.061948e-01 4.182387e-01 -6.234941e-02 1.841896e+02 -4.228037e-01 8.937509e-01 -1.498210e-01 -7.983496e+01 -6.936112e-03 1.621286e-01 9.867453e-01 -2.851344e+00
9.065573e-01 4.180627e-01 -5.811618e-02 1.852469e+02 -4.219437e-01 8.940919e-01 -1.502103e-01 -8.034044e+01 -1.083609e-02 1.606960e-01 9.869445e-01 -2.867359e+00
9.066595e-01 4.176299e-01 -5.961406e-02 1.863051e+02 -4.217461e-01 8.939837e-01 -1.514044e-01 -8.084363e+01 -9.936994e-03 1.624142e-01 9.866726e-01 -2.904420e+00
9.064486e-01 4.170638e-01 -6.639880e-02 1.873611e+02 -4.222958e-01 8.935856e-01 -1.522205e-01 -8.134093e+01 -4.152658e-03 1.660200e-01 9.861136e-01 -2.947312e+00
9.061532e-01 4.168435e-01 -7.160874e-02 1.884130e+02 -4.229451e-01 8.938411e-01 -1.488807e-01 -8.183996e+01 1.946886e-03 1.651953e-01 9.862590e-01 -2.962529e+00
9.062201e-01 4.161755e-01 -7.458611e-02 1.894672e+02 -4.227901e-01 8.935143e-01 -1.512636e-01 -8.234451e+01 3.691536e-03 1.686124e-01 9.856755e-01 -2.975716e+00
9.065736e-01 4.158200e-01 -7.223636e-02 1.905276e+02 -4.220474e-01 8.934265e-01 -1.538347e-01 -8.285398e+01 5.703389e-04 1.699496e-01 9.854526e-01 -2.969476e+00
9.068862e-01 4.155256e-01 -6.997024e-02 1.915929e+02 -4.213720e-01 8.935987e-01 -1.546835e-01 -8.336289e+01 -1.749648e-03 1.697638e-01 9.854832e-01 -2.982173e+00
9.069908e-01 4.149978e-01 -7.172510e-02 1.926575e+02 -4.211503e-01 8.936032e-01 -1.552602e-01 -8.386965e+01 -3.388491e-04 1.710266e-01 9.852664e-01 -3.008163e+00
9.069142e-01 4.147876e-01 -7.387749e-02 1.937216e+02 -4.213113e-01 8.936302e-01 -1.546672e-01 -8.437268e+01 1.865117e-03 1.713953e-01 9.852006e-01 -3.025080e+00
9.069620e-01 4.143089e-01 -7.594790e-02 1.947864e+02 -4.212001e-01 8.934517e-01 -1.559954e-01 -8.487842e+01 3.225504e-03 1.734712e-01 9.848337e-01 -3.040221e+00
9.071280e-01 4.139509e-01 -7.591699e-02 1.958537e+02 -4.208451e-01 8.934480e-01 -1.569714e-01 -8.538505e+01 2.849459e-03 1.743424e-01 9.846810e-01 -3.040258e+00
9.071783e-01 4.138179e-01 -7.604087e-02 1.969256e+02 -4.207339e-01 8.936033e-01 -1.563846e-01 -8.588783e+01 3.235606e-03 1.738617e-01 9.847648e-01 -3.052894e+00
