1.0 0.0 0.0 0.0 0.0 1.0 0.0 0.0 0.0 0.0 1.0 0.0
0.9994164040304429 -0.03415282935481714 -0.0006600014547158002 0.5502245777053174 0.034155382154758704 0.9994070750570342 0.004348355528866978 0.023014351567335913 0.0005111014790394353 -0.0043683604480146436 0.999990328054364 -0.01800820054065541
0.9982568015438096 -0.0589995589261737 -0.0015524876943831935 1.121302598248976 0.05901032677430744 0.9982239074261756 0.008173859358121548 0.06586752957036786 0.0010674762356644972 -0.008251223505265996 0.9999653883035913 -0.03610691437282448
0.9970782964228412 -0.07634716177439088 -0.002445749684831671 1.7111237363679441 0.07636576758198924 0.9970416636494019 0.00872871633434346 0.1202951148345599 0.0017721016165736818 -0.00888998516460098 0.9999589130657488 -0.04796946322774148
0.9960831786309381 -0.0883042849930477 -0.004544722252672403 2.3232149860199116 0.08833902108003207 0.9960574205212034 0.0081137155032627 0.17670637039791176 0.0038103284778295663 -0.008483411843878753 0.999956755625151 -0.07104942729706673
0.9955453289786168 -0.09414142477444834 -0.005185565571361984 2.955570354954481 0.09418460602819297 0.9955155906476004 0.00882999234840137 0.24087501722451476 0.004331043312190303 -0.009279058087740006 0.9999475691979214 -0.06649114451929791
0.9954881311487049 -0.0946785720842263 -0.006272856618044691 3.612515437867871 0.0947416324079052 0.9954448028322918 0.010661500966763784 0.3067247258457425 0.005234866831536937 -0.011207698348498083 0.9999234889065186 -0.07940446716487785
0.9957163415461827 -0.0921927893793803 -0.007032550343471779 4.294157138180129 0.09226682423976132 0.9956729974848332 0.011050575744069861 0.37320421498080003 0.005983337078353613 -0.011652109938362626 0.9999142103257612 -0.08894198836841598
0.9959252376855756 -0.0898701314609061 -0.007502027201222719 5.000317415431144 0.08994666291939547 0.9958904182674072 0.010576985999456745 0.43201741930111426 0.0065206418850478134 -0.011208669607386496 0.9999159199427914 -0.10443748991379793
0.996099772522808 -0.0878766427748939 -0.007933399940902057 5.729347069423335 0.08795694083716045 0.9960698441684153 0.010413553518182907 0.48908399147416376 0.006987112320325423 -0.011070735879855548 0.9999143058625081 -0.1177734747163432
0.9963053735359383 -0.08547240561928346 -0.00837081483883714 6.479697178468151 0.08556837407388675 0.996261599179887 0.011869261050495628 0.5485350537102559 0.0073250270828694895 -0.012541685579942483 0.9998945194874549 -0.12417890083529683
0.996546925798008 -0.08255591091970099 -0.00887390865160756 7.251797985768003 0.08266645740191939 0.9964936453331511 0.012910136763969522 0.6130892324814742 0.007776985479946379 -0.013599131695302333 0.9998772835273222 -0.134803241908828
0.9967966375190624 -0.07938267455742685 -0.009739322912813913 8.048438595848822 0.07952227221533244 0.9967217582946818 0.014897810700494155 0.6737232522917559 0.008524766999804088 -0.015624580700513908 0.9998415878655634 -0.140025006685994
0.9971112973855477 -0.07523820130962532 -0.010405464420291109 8.868456679503147 0.07540197528314684 0.9970189824451616 0.016361258124420353 0.7358070461134893 0.009143453915744094 -0.017098587886329078 0.9998120000994102 -0.14123358034547942
0.9974878677454907 -0.06986198101467787 -0.011715686461284515 9.713025595885687 0.0700666674698778 0.9973784573677307 0.018079681646295986 0.7938539857855912 0.010421890913835007 -0.018855142202345257 0.9997679069675661 -0.14610907557351302
0.9979998208180441 -0.061992595256728435 -0.012380459623469888 10.580919110101084 0.06223037863188413 0.997864486068683 0.01984558938947495 0.8489447343008882 0.011123741388814926 -0.020576335344729777 0.9997264009724329 -0.1327124449279424
0.9985815706745294 -0.05164367618418763 -0.012952892316947058 11.473791162980952 0.0519159593545926 0.9984167910630037 0.021648198256376577 0.8987960756669998 0.011814392641347518 -0.022289953648177176 0.9996817384012154 -0.1331722824096038
0.9991155232370555 -0.039664319045290386 -0.013961125363667958 12.393007832138007 0.03998531988171505 0.998923464433158 0.023517788986539792 0.9358264439164427 0.013013278630058907 -0.024055228112240368 0.9996259303258205 -0.1294546038549585
0.9995261211033949 -0.027335223236061478 -0.01415340251102476 13.33833267805165 0.027671631395161572 0.9993254206068923 0.0241450728884644 0.9627857162612278 0.013483843959891323 -0.02452527878523799 0.9996082716007153 -0.12183465021309045
0.99981872530999 -0.013986398903770366 -0.012918868573310744 14.307290445716596 0.014304314696887536 0.9995887695143952 0.024853137462918125 0.9779731949255552 0.01256595004614729 -0.025033427779729125 0.9996076352214561 -0.1085249032273411
0.9999546245534374 0.000678202616341208 -0.00950204585382181 15.300014839108742 -0.0004346802342462057 0.9996719904566513 0.025607080066502103 0.9759833551268877 0.009516295880798411 -0.02560178778229136 0.999626924694937 -0.0894734240122277
0.9998220613799675 0.017445747189196382 -0.007175756609899507 16.310954392650885 -0.017237129705191662 0.9994544173855343 0.028173550150263838 0.9654549907801455 0.00766335027519119 -0.028044847540210957 0.9995772904528214 -0.07973608835338411
0.9993715872216785 0.03459391733094935 -0.007726029881167055 17.339604901458895 -0.034358440836533645 0.9989952674306443 0.028774175825881175 0.9351918055831019 0.00871367874710041 -0.02849063942553315 0.9995560791010245 -0.10121795405565893
0.9985996785399927 0.05222138561291705 -0.00846220447000222 18.38290525838407 -0.05195681018187045 0.9982299186933712 0.028939925728147936 0.8814911324525143 0.009958508701115844 -0.02845973137773172 0.9995453325359251 -0.1188392903419534
0.9975038256661996 0.07012375437430472 -0.008293181159801061 19.43736974738131 -0.0698494284782118 0.9971150636447814 0.0297087056926204 0.8084775801334761 0.010352541840740602 -0.029055273619701682 0.9995241947808549 -0.1294160675816235
0.9960480532929722 0.08862990876367001 -0.005745851009616162 20.502162036941336 -0.08841072468193528 0.9955993007040675 0.031073721997641957 0.7166066046196479 0.008474626392722315 -0.030442925452643693 0.9995005797884186 -0.11976671364215263
0.9941380433707564 0.10807499982623905 -0.0030569814395818608 21.571528324669515 -0.10791448011939692 0.9936029082826238 0.03328251241829036 0.6058505095399777 0.0066344331727581085 -0.03275751921119499 0.9994413085477314 -0.1025024694546379
0.9917116837249913 0.12845807687445707 -0.0025414265795530057 22.644141199027597 -0.12828366715461112 0.9910797208692232 0.0361149224441914 0.47252830723651507 0.007158009828724054 -0.035489567023297294 0.9993444118659933 -0.11139881747128191
0.9887180345399829 0.14975234302460194 -0.0032990807866989428 23.715186899450103 -0.14952851732977993 0.9880588950285428 0.03715968864421095 0.31648533595213457 0.008824436557250993 -0.0362471476618357 0.999303894521494 -0.11643775117751745
0.985238456436792 0.17107250304492388 -0.0062755605322268185 24.782805519669715 -0.17071313490321036 0.9845749108678828 0.03833106391715415 0.1339506691879668 0.012736150500345796 -0.03669391763558566 0.9992453887203994 -0.13633416640013837
0.9812487426903724 0.19259839291212083 -0.007534189819386402 25.844368458804354 -0.19215493700567665 0.9805516744587217 0.03993612275299734 -0.07112153010258757 0.01507929550445772 -0.03773953846917394 0.9991738297629797 -0.12662026454050934
0.9768247752641682 0.21386418869077006 -0.00868718744754345 26.906006371835378 -0.21336068020723145 0.9761520423640101 0.04005509118801513 -0.30036969354133736 0.01704636534917826 -0.037273301225022974 0.9991597081769101 -0.12674387680808452
0.9717410317820425 0.23593581728543403 -0.00732511249256284 27.963924759044744 -0.23546039142924102 0.9710400656952994 0.04049191132138486 -0.5578204344163094 0.016666469907063997 -0.03762287783150737 0.9991530152306547 -0.10570662158251767
0.9661124161014998 0.25804856462393877 -0.006143105896008304 29.019948179816172 -0.25759219748740586 0.9653811601274817 0.041054542556559596 -0.8356580473370123 0.01652450447468715 -0.03808088715410899 0.9991380218895772 -0.08898432778390583
0.960073579153632 0.2796760874648662 -0.0063252439859055294 30.068086197810146 -0.279180838376368 0.9593220795578452 0.04194290352707119 -1.1393864871627475 0.017798373369637327 -0.038502386590410546 0.9990999870544645 -0.08547656999741428
0.953600183304677 0.30099061629300883 -0.0071651451376694136 31.107490406874994 -0.3004414185698398 0.9528653058721724 0.04222159249572274 -1.4634761036147843 0.019535721359383813 -0.038109811973916365 0.9990825780796475 -0.07826157124117313
0.9468420225784121 0.3215889476559994 -0.008410292808906714 32.13746445961551 -0.3209855170034346 0.9461595314752608 0.04183824652820104 -1.8107680381156637 0.021412196376421444 -0.0369146277784789 0.9990889990898246 -0.06639275267767264
0.939868664256827 0.34138871012418986 -0.010032075948295294 33.156551177409305 -0.3407177571614279 0.9392442956768022 0.041612053463817474 -2.1790627494339203 0.023628455365864335 -0.035691758689245526 0.9990834772223418 -0.05198766984459581
0.9326955767344165 0.3604849533235884 -0.01138242361484633 34.16563363895296 -0.3597295859648596 0.9320852002154963 0.04256529714205886 -2.5681131486824293 0.025953537747441444 -0.03560586983253912 0.9990288463862558 -0.035349575946356404
0.9252628228441353 0.3791219632733433 -0.012459760281520914 35.16477875660491 -0.37829976609382765 0.9246753918297925 0.043182250031436546 -2.9755173966517554 0.02789257313089933 -0.03524140616076368 0.998989513286272 -0.01708793870808309
0.9175815734642527 0.3973389112423917 -0.012878107453440774 36.15275162801417 -0.3964616451027069 0.9169876077079543 0.04418021358597066 -3.401567801134335 0.02936358291024259 -0.03543327423140114 0.9989405703423545 0.0016910618426445277
0.9094869668095422 0.415530252303679 -0.012964051219645098 37.130006030236274 -0.41460598432032264 0.9088755667629876 0.04524468926889221 -3.8468946054198194 0.03058324654710374 -0.03577448199070497 0.9988918116938031 0.016399754160086214
0.901208690832619 0.4331706051098862 -0.013642669698348394 38.09646759080525 -0.4321964279938261 0.9006210564419376 0.04569420447704305 -4.308817400046574 0.03208026179975061 -0.035283701083468164 0.9988623114527369 0.0288057305008445
0.8927213359351167 0.4503754841355369 -0.014509984696994327 39.0482874101297 -0.44935147788248997 0.8921721940017813 0.045956779422339895 -4.783149109278227 0.03364321166369617 -0.03450651445354003 0.9988380423117711 0.05648199855312854
0.884244451690052 0.46676137588609984 -0.015670597827808157 39.9853392683282 -0.46565922725295855 0.8837269722445935 0.04677737275205465 -5.275003446437841 0.03568240083771767 -0.034065473845552675 0.9987824136227702 0.08071962770562768
0.8758759174407584 0.4822471196677761 -0.016706071334993907 40.910316257519916 -0.48109906916998496 0.8754136551862586 0.046846749697422946 -5.779541166061954 0.03721643307854891 -0.03299466450159495 0.9987623787584958 0.1103529401478874
0.8677571198514367 0.49665362127664076 -0.018241749366352762 41.82261553670221 -0.4954561286755821 0.8673787259130532 0.04666230160695089 -6.301325893735527 0.038997506394007314 -0.03145355792676338 0.9987441455091435 0.14159638708481476
0.8599010829782177 0.5100666130980571 -0.0200543684909662 42.722759244864775 -0.5088188585629113 0.8596220229690471 0.04640416788762454 -6.838489274948927 0.0409083935596454 -0.029698953336497927 0.9987214203706046 0.17881878499141066
0.8524954529841359 0.5222958781253972 -0.021413041227235582 43.613691830930506 -0.5209951048496883 0.8522844644716446 0.04664002940552568 -7.388049239419368 0.042609897489217154 -0.028604323335922745 0.9986822263975883 0.21837468121505932
0.8458766358977017 0.5329013373679822 -0.022558401401887657 44.49919577522665 -0.5315419831312013 0.845716478601255 0.04718853665082153 -7.946405440819558 0.04422484608613892 -0.027924943217703283 0.9986312435203181 0.25423387269924264
0.8397703108464218 0.5424456259632918 -0.02320706560946384 45.378075461731754 -0.5410089578344801 0.8396194547964091 0.048461104715366604 -8.5183585648624 0.045772618056642206 -0.02814096659101198 0.9985554333313479 0.29178126470411936
0.8338428494007061 0.5514994532742531 -0.023546879655627857 46.25312362607353 -0.5499906418909566 0.8336865608646474 0.049769589771807975 -9.097530459965414 0.04707861866803003 -0.02854945309250074 0.9984831157272622 0.3348124279791208
0.8279651136607872 0.560294773942617 -0.023313876839276198 47.123874159446665 -0.5587415307990259 0.827783999888674 0.050808968585017884 -9.689691839026741 0.04776685379052803 -0.029041622215444575 0.9984362332457901 0.375965582121971
0.8223168004347277 0.568575811876003 -0.022729405455078996 47.9911544653222 -0.5670238818246003 0.8221149485769791 0.05109724813369762 -10.294929873400502 0.04773884333913424 -0.029130009883617462 0.9984349980648785 0.41167945000248884
0.8170698571542546 0.5760624381265921 -0.023428954513099037 48.85629024776525 -0.574494501266741 0.816919317247772 0.0509793793775074 -10.909259267156171 0.04850687110305735 -0.028193908687588542 0.9984248529402199 0.44583652594303097
0.8121211175649516 0.5829291543886463 -0.025551739056208323 49.71563924274318 -0.5812833093543942 0.8120791565516929 0.05135326435873639 -11.528365076408736 0.05068534966892933 -0.02685227100327273 0.9983536201521471 0.48513879278854
0.8076553800312037 0.5890316259558483 -0.027102227407844823 50.568801827648 -0.5872672648579307 0.8076670134170257 0.05283138332762945 -12.157597545557014 0.05300893069041322 -0.026753300017688112 0.9982356005498981 0.5354492909475767
0.8032900284988421 0.5949406363303584 -0.02776273324372514 51.419728715083814 -0.5930954879953206 0.8033188471154189 0.05400529593243808 -12.794673214574214 0.05443227198937606 -0.02691596388738554 0.998154626625595 0.5871914518238381
0.7990876770315791 0.6005616193232924 -0.028011172986221605 52.26926025113939 -0.5986694877544319 0.7991233423778534 0.054742379366425994 -13.439544328549928 0.05526055417858424 -0.026974526180036745 0.9981075323276706 0.6360179921964337
0.7950865341095926 0.6058523180784642 -0.027935138384329865 53.11513497300472 -0.6039149509745719 0.7951074752635681 0.05559527650240298 -14.090166869714887 0.05589396449509672 -0.02733260797931963 0.9980625197221181 0.6863729606687036
0.7912090009969326 0.6109061730610307 -0.02796362740000641 53.95685102229583 -0.6089212908915342 0.791221161886092 0.05642636336513124 -14.745439685509274 0.05659662746512609 -0.02761739849359365 0.9980150805774496 0.7382097728320919
0.7876166982272778 0.6155167253516378 -0.02826831240032232 54.793275630806555 -0.6134782467618429 0.7876360536753384 0.05721789668240825 -15.407023456666522 0.057483714420515544 -0.027723776134242126 0.9979614295218392 0.7911271197829459
0.7842070191062056 0.6198575903831913 -0.028212033406109418 55.62492069607852 -0.6177963959858351 0.7842227185778994 0.0576397499405224 -16.073261747448615 0.0578529540427713 -0.0277722039211578 0.9979387458145319 0.8473664738077406
0.7810842409089565 0.6238166630635902 -0.027571352667054926 56.45497593560605 -0.6216995619044005 0.7810371758505454 0.05891166834579412 -16.74310261731474 0.05828433178443793 -0.028873877876335035 0.9978823757561903 0.9056841725725437
0.7783782947737773 0.6271849317773605 -0.027681972048590582 57.28266239329537 -0.6249899306123651 0.7783100790044772 0.06017480829383219 -17.418126590002174 0.059285890886620875 -0.029537810878229993 0.9978039390933953 0.9651448941047336
0.7760602210774978 0.6300322133082331 -0.028105932738101327 58.11234011231405 -0.627760550139029 0.7759939033425527 0.06123849822077861 -18.096170904957507 0.06039225902623166 -0.029880966669830363 0.9977273690144915 1.0316865055052304
0.7742270952058495 0.6322985404962249 -0.02776617970591111 58.94520546024437 -0.6299555121265303 0.7741060744043778 0.06257665947978326 -18.780985254669808 0.06106109883154525 -0.03095708734028367 0.9976538482624545 1.1000011577940068
0.7730671215328685 0.6337597418547247 -0.026754723118028338 59.78512073518492 -0.6313742643200622 0.7728502142359895 0.06378937771830986 -19.478163646997988 0.06110453304942208 -0.03242122699133458 0.9976046812646693 1.169450966012811
0.7721952307974971 0.6348683467627452 -0.025626310939021124 60.63335150690268 -0.6324614246922574 0.7718811348621378 0.06474611895844967 -20.181174609278454 0.06088572747239638 -0.03378899114626213 0.997572670168679 1.2381055458798016
0.7713705043177499 0.6359455858619235 -0.02368030598026693 61.48490006868748 -0.6335393558023373 0.7709036585018203 0.06584401231753306 -20.890862307056516 0.060128443503403364 -0.035787723191739035 0.9975489006312432 1.3222609962991794
0.7707193580538898 0.6368340477983664 -0.02083426710380147 62.343338440828234 -0.6344783084338689 0.7700523696415956 0.06675795185791389 -21.610442579107367 0.05855721345743182 -0.03823275525144446 0.9975516573982406 1.4034786584317924
0.7702144480692547 0.6375510786421753 -0.01727211937130703 63.208475968796854 -0.6353364205099088 0.7693468095767831 0.06673169687401406 -22.333403303033624 0.055833115254594584 -0.04042411058055742 0.9976214485087669 1.5011888034742091
0.7698304179611449 0.6380754169522769 -0.014862363975885381 64.07893849178085 -0.6359342955507922 0.7688123220958634 0.06719512732250917 -23.064461498548727 0.05430192744360556 -0.04227736598641531 0.9976291520405531 1.585021641799566
0.7695561011306951 0.6384373580484675 -0.013459088402305216 64.95696933505585 -0.6363435985514138 0.768453685189056 0.06742223892752525 -23.797118834921694 0.05338756217663835 -0.04332059057142387 0.9976337477438156 1.654240514876229
0.7701488089956495 0.6378057533474409 -0.008639039268948283 65.82770615573449 -0.6359408158670383 0.7688070385685694 0.06719386997186473 -24.54485119744225 0.049498391054172766 -0.04625536124963765 0.9977025362495107 1.7737976591983065
0.7712094922760968 0.6365619983473219 -0.0049740610484813 66.71175681408361 -0.6349088487626492 0.7697257487271779 0.06643060672067622 -25.294669744702773 0.046115862630295545 -0.0480738391066792 0.9977786494044665 1.8662389117003926
0.7725528224371564 0.6349319265312989 -0.004856461226178596 67.6073663862685 -0.633230218819128 0.7709998372523268 0.06766639440053725 -26.0478499767109 0.04670788497316563 -0.04920060597334097 0.9976961831405303 1.906367226599771
0.7737529462029961 0.6334620418412622 -0.005676247747143191 68.50659610292513 -0.6314622516129786 0.7719642516890649 0.0729836892874933 -26.797780432806114 0.050614257181688736 -0.05288700842783763 0.9973169813602358 1.943618007941015
0.7744103327062194 0.6326325884571241 -0.00804018780166484 69.41301385858755 -0.6302797563981739 0.7725123622486529 0.07727922649502021 -27.54621330027934 0.055100501563095726 -0.054778263892258754 0.9969770692109418 1.9762867564922826
0.7746368974383242 0.6323950164084158 -0.003770987792509191 70.31535694039441 -0.6301214107459497 0.7723308765192525 0.08032449747456438 -28.294372021000513 0.053709262205556746 -0.05984613936426709 0.996761633870667 2.0831520509711
0.7748551101049479 0.6321203571674278 0.004838636045111675 71.22394124184932 -0.6303919654551361 0.7721225057036569 0.08020477588972308 -29.044333181202642 0.04696305179460544 -0.06519731773957375 0.9967666635304853 2.248971776052842
0.7751202269481693 0.6317352556850986 0.009959944794299975 72.13887447069843 -0.6304113328753761 0.7722538401223964 0.07877536289035669 -29.802624330592874 0.04207356840242058 -0.06733923923463715 0.9968426363780697 2.36080710650086
0.7751651103269546 0.631684847693987 0.009659447480529904 73.0596721442368 -0.6303194293513338 0.7722772409587951 0.07927975832003824 -30.56469143007294 0.04262005061015933 -0.06754344002862317 0.9968056054191713 2.4095785988191154
0.7748132306300065 0.6321382066741933 0.008108347762140042 73.98194415804599 -0.6306172503487657 0.7719176414795795 0.0804054620978525 -31.325361441162364 0.044568387936498824 -0.06741247981896759 0.9967292593083601 2.442836141626671
0.7737692515177745 0.633406757854227 0.00877636087592532 74.90756405464082 -0.6319543755645521 0.7708898033050201 0.07976577188975377 -32.08194769033735 0.04375857185105271 -0.0672665612689465 0.9967749982441375 2.5212205037338884
0.772268213251467 0.6352721947478185 0.0055718382676630636 75.84026217091785 -0.633704607611804 0.7696828071118267 0.07750384976265215 -32.8411128196406 0.04494749262149709 -0.06338465915939905 0.996976483117972 2.548296586179581
0.7705725986697562 0.637295093298352 0.008534297697409803 76.75816406723536 -0.6354380067751705 0.7671523674800359 0.08772562120257633 -33.62416575243007 0.04936000126560426 -0.07302197701805553 0.9961081171978404 2.577082258515295
0.7684702844245743 0.6398463048540586 0.007080121540296948 77.6790461611636 -0.6376714794829366 0.7648448734493 0.09158277028115387 -34.400901711254306 0.05318370248920012 -0.07489342910386851 0.9957722972982311 2.6227466410342024
0.7659568559620842 0.6428583543018821 0.0065750368029185435 78.59933177362353 -0.6406895859498124 0.7624471253976675 0.09050544419147012 -35.175974041083585 0.05316906299852003 -0.07353582308721658 0.9958742558489688 2.6833537790401825
0.7637178489438655 0.6454923552891516 0.008640976092036571 79.51512789310195 -0.6434415608898707 0.7600740340502823 0.09094185220315733 -35.965113155679575 0.05213448881656747 -0.07501387888783792 0.9958187149526909 2.73384264384094
0.7617495743369567 0.6478128443108867 0.008723803259408835 80.43063703742175 -0.645790045763163 0.758154797287157 0.09031345494269269 -36.75694279999557 0.051892222834258525 -0.07442998116561814 0.9958751804884979 2.7863874158565016
0.7598683871825339 0.6500145156751919 0.009009082759378919 81.34627483369208 -0.6482536142609817 0.7566271132385536 0.08533852066840243 -37.543183710996445 0.048654760899552715 -0.07068621452478557 0.9963112833436929 2.8558178893220747
0.7581321977428394 0.651981417816696 0.012482049805555513 82.2612511040815 -0.6505612235801916 0.7548890363906582 0.08314227030236758 -38.34016970402767 0.0447846527223405 -0.0711531697039538 0.9964595131371935 2.897760116215993
0.7567693816831711 0.6533409501969623 0.021111744186742915 83.17267875247114 -0.6522618014096822 0.7526035785774514 0.09023522557302306 -39.14535784184692 0.04306559379216161 -0.08205764015708293 0.9956966899227758 2.9387425032764884
0.7554959420909896 0.654695642539827 0.024484630350827992 84.08642855906035 -0.6537066191771719 0.7508187963746809 0.09454517996403577 -39.95282398758606 0.04351479665591026 -0.08743426473553328 0.9952194289814407 2.975999658218432
0.7544856579289634 0.6558934658910271 0.02356169308350037 84.99771473383852 -0.654776772850651 0.7497727113061972 0.09543719985333703 -40.762458815934906 0.0449307212805592 -0.08743364788235425 0.9951565643169855 3.026158798342168
0.7533508742930158 0.6572577278452404 0.021788515086308673 85.91207974356323 -0.655744602988117 0.7482917949401559 0.10029160122962129 -41.57281234258142 0.04961326288312706 -0.08984246664555318 0.9947194857511971 3.0695942142926955
0.7532724714515606 0.6573711386594271 0.0210658446512765 86.81657613882315 -0.6554867478730904 0.7477121664877834 0.1061302946802182 -42.39108516225711 0.054015804317094386 -0.09375341137131472 0.9941290614101428 3.115058312773081
0.753099241113783 0.6576456659854607 0.018539445633299227 87.72091794144319 -0.6555608467631239 0.7477380375155801 0.10548840430857871 -43.20674114650278 0.0555113432107887 -0.09159697190897846 0.9942476982684108 3.178787101930963
0.7524312129722757 0.6584462186688715 0.017200199584338872 88.63184686432488 -0.6563642155038543 0.747357057591827 0.10316707359279984 -44.01860045583603 0.055075278946968446 -0.08891572182891408 0.9945153131352729 3.2300281143265597
0.7514596908334478 0.659545450448507 0.01755368466110342 89.54550605572702 -0.6575330314316973 0.7464431256674546 0.10233754306239964 -44.83066263836388 0.05439343369146885 -0.08844466595833625 0.9945948398391995 3.28913964597365
0.7505003342592641 0.6606745995506179 0.016072392023645722 90.45999794386489 -0.6584923197787529 0.7455177538783091 0.10291328118679471 -45.64381846462226 0.056009937235605885 -0.08781999863844908 0.9945604731588767 3.339421194867449
0.7498086095389243 0.6614173777851952 0.017722906789222632 91.36312316087604 -0.6590657112872529 0.744239333398461 0.10835221653494763 -46.46750683592576 0.058475954603064824 -0.09292398498964423 0.9939545742874305 3.394312389255014
0.7490269220727445 0.6622820236886553 0.018471359156490834 92.27159888690363 -0.6599531420893955 0.7433517996727785 0.10904105726546134 -47.280665624719866 0.058485213999540785 -0.09386491901709222 0.9938656130087936 3.46115465428391
0.7483953079263227 0.6629192096137302 0.02103769471614524 93.17680763175889 -0.660845999497089 0.7426043731355872 0.10872584765633747 -48.097169242775635 0.0564537688960214 -0.09527259062811876 0.9938491361632529 3.5354380954255644
0.747996555770064 0.6632499864996677 0.02450730430525138 94.08106366531774 -0.6614226949192918 0.7418607344033936 0.1102844929994837 -48.91950068516651 0.05496518172288923 -0.09870210817724612 0.9935978676705878 3.590210379525775
0.7478538489482848 0.663318288820206 0.026897366597268064 94.98716458246726 -0.6616340918776297 0.7414128422247822 0.11201484655807449 -49.74035793469521 0.054359443324117705 -0.10156694886028872 0.9933424413668759 3.650464352153452
0.7479336522362041 0.6632183531763702 0.02714162601308916 95.893034552183 -0.6614929536843743 0.7413539612471278 0.11323151667759561 -50.558487374336934 0.054975668059086165 -0.10264365617611176 0.9931978432156702 3.7235772507030607
0.7480813733934305 0.6630990019006618 0.025960979568235183 96.79585633275404 -0.6613298586327502 0.7417055328794095 0.11187368134128647 -51.3790606336693 0.05492792425163068 -0.10085938813219529 0.9933832628764226 3.785367000639224
0.7483171041429768 0.6627931265612198 0.026958913744236746 97.70157269493201 -0.6611607729090743 0.7419486902603076 0.11125903732858389 -52.19699855763573 0.053739594465826754 -0.10108121687138794 0.9934257111543114 3.851123294378234
0.7491116869486384 0.661691693882684 0.03155602515569755 98.59697168472853 -0.6602984658865347 0.7420075601425226 0.11589096875608292 -53.02217789294779 0.05326928218834276 -0.10765167410676328 0.9927605454676124 3.974701283662579
0.7499826000901925 0.6606851116802611 0.03195751501591654 99.49383419213356 -0.6590061444550822 0.7421748644919497 0.1220138192451863 -53.849109970912934 0.05689464941810408 -0.11256844016144223 0.9920137827405485 4.062818835996476
0.7508377404126062 0.6595895783479463 0.034413307119006954 100.38907753094765 -0.6576768299308504 0.7418270378653857 0.13097264318920954 -54.676478797100444 0.06085946881304231 -0.12097203820151606 0.9907885198311324 4.135511939135385
0.7509895544188789 0.6595011047666229 0.03275640342489901 101.29906960437592 -0.6574219189240733 0.7421417698030163 0.13046844075035746 -55.48339321806961 0.061734185601903635 -0.11951521378148318 0.9909111988482302 4.196795735857287
0.7508502837270987 0.6597204493072233 0.03150841463495137 102.21319724730793 -0.6578705847781479 0.7428105370277908 0.12425296682227072 -56.28608664455658 0.05856744070386172 -0.11402383455376164 0.9917501802586463 4.245545448607142
0.7509173977366492 0.6594481208760936 0.035372837734697134 103.1207723185912 -0.6582500680208725 0.7430880333783406 0.12052809880032228 -57.09432269354988 0.05319689583935371 -0.11379081915023752 0.9920795027366385 4.321962537583907
0.7510455649465395 0.6591869832378 0.037457716214135246 104.027371076687 -0.6583549894884091 0.7433877129538143 0.11808224271670656 -57.90039379822708 0.04999267136148073 -0.11334561905573819 0.9922970842701371 4.427667185008101
0.7517429546925676 0.6580586708392943 0.04291055584942553 104.92149566224955 -0.6575606306599024 0.743063328557979 0.12438209983145342 -58.720535345572074 0.04996545883153968 -0.1217196594044761 0.9913060967421785 4.526811243539234
0.7526440358024861 0.6567667477439046 0.0467375055906665 105.81227324799501 -0.6564172796495535 0.7429105252355734 0.1311499388931519 -59.54588866704336 0.05141313400710482 -0.12938852558122058 0.9902602178717911 4.5864837313866405
0.752730105940757 0.6566762529971415 0.04662280943967519 106.7132037857541 -0.6563483942736773 0.7430912087185915 0.13046931002922307 -60.35970100896567 0.05103109782072799 -0.12880898367257124 0.9903555284747253 4.613719939864191
0.7520681062574538 0.6573746271478357 0.04745696084420012 107.62202310102326 -0.6574177481193243 0.7430990591149397 0.12492274732890289 -61.16227496037441 0.0468558214958414 -0.12514946234290558 0.9910308492005852 4.637082359930052
0.750204689031468 0.6596706028550016 0.045029104855794484 108.55004935128922 -0.6601577681566825 0.7434442679705208 0.10715568843583485 -61.93563340658423 0.0372108276929261 -0.11011501328465102 0.9932220487643888 4.697801152020546
0.7490591278091625 0.6603655083203426 0.05317723635719856 109.45513248913957 -0.662028052439405 0.7430674790221824 0.09782422707540359 -62.73712857474302 0.025085470477383316 -0.10848095243137149 0.9937819691111889 4.753939325442749
0.7477688707967437 0.6612556524661704 0.05985547551310098 110.36645067433446 -0.6638224223726621 0.7427415910488049 0.08760548202923443 -63.53875366081646 0.013472469063271394 -0.10524205911997739 0.9943553698600557 4.796148063502785
0.7468685640648447 0.661990860184727 0.06289236077298979 111.27435979192803 -0.6649357860197449 0.7424976615599886 0.08097915193583292 -64.35464119237885 0.006910027643099647 -0.10230016427072784 0.9947295752656372 4.792570906550012
0.7462920690597796 0.6626176373952684 0.06313488949212795 112.17825235523601 -0.665609975503042 0.742434299430575 0.07585955140827541 -65.17811144996004 0.0033923692783015304 -0.09863659382666916 0.9951177388575452 4.789057827450287
0.7458689037098294 0.6629595471535218 0.06453074706441747 113.08226640617448 -0.6660921769857966 0.7424890551906055 0.0709310558252003 -66.00395103463968 -0.0008889527696073592 -0.09588869464197852 0.9953916656285766 4.7847683610843115
0.7452051243334473 0.6633444002766868 0.06814344641073011 113.98993558800444 -0.6667847187327935 0.7425063968793703 0.0638935791581498 -66.8313545852673 -0.008213496917179876 -0.09305083134911789 0.9956274811663398 4.766439438685974
0.7443175889999811 0.663881490806718 0.0724754639136776 114.90204654098255 -0.6675651510721868 0.7426645648918399 0.05297275835725783 -67.66384287071895 -0.01865732508242541 -0.08781064979971176 0.9959624460804343 4.76252048955853
0.743300618358804 0.6646139914534981 0.07610803578904907 115.82403958359211 -0.6684704670923184 0.7422774297614444 0.046598840029719556 -68.50227411091232 -0.0255230361204326 -0.08551292084227606 0.9960100978384799 4.716129953555685
0.7429838153461148 0.6650096809623268 0.07574413746365262 116.74899501957998 -0.6688007003452189 0.7420610533089422 0.04528814833664137 -69.35288493773518 -0.02608971735153115 -0.084306093423852 0.9960982929711941 4.658288331092365
0.7431509890334742 0.6649329627870818 0.07477140160355521 117.67510237832671 -0.6687371043583276 0.7418681194276432 0.04921766584596407 -70.21063539697401 -0.02274407072217726 -0.08657856764852039 0.9959853708116985 4.60188032815289
0.7432718143476013 0.6649931109241191 0.07301487807210982 118.60445113854071 -0.6687179142054752 0.7416415117020964 0.05276570231600712 -71.07129643867616 -0.01906203601692634 -0.08804561626609045 0.9959340380965072 4.552835329242441
0.7430659591198993 0.6653877815642874 0.07149881497044808 119.53961026061673 -0.6689681897733455 0.7414569149398444 0.052184330591232723 -71.93159771414453 -0.01829047480532561 -0.08660683248352231 0.9960746533762255 4.493073805559522
0.7425371280566787 0.665372294317881 0.07693064026443673 120.47532757356305 -0.6693916340841662 0.7412021424597861 0.05034107896286975 -72.79639825477888 -0.023525596176841492 -0.08887684719411429 0.9957647575393292 4.484742183747297
0.7419058648466613 0.6658239142729616 0.0790835184368862 121.42034835943196 -0.6698530003821912 0.7412083747465065 0.043670391395226736 -73.66299728608368 -0.029540575233237866 -0.08537365160199449 0.995910986999858 4.4450239102117335
0.7415558817411892 0.6661226891419069 0.07984633532855359 122.36919353999247 -0.6701011956762455 0.7411919844799925 0.039985368522379716 -74.53739514633267 -0.032546302529168035 -0.08315650998538794 0.9960048860516352 4.381669570215829
0.7414307526231176 0.6663744850234138 0.07890174126402423 123.3225830986521 -0.6702644356425634 0.7410609732426613 0.03967644451547072 -75.41742534016748 -0.0320316308901018 -0.08230236719805963 0.9960925132617535 4.31178171302881
0.7415347069228476 0.6661707442791779 0.07964180997045689 124.27594014039816 -0.6701625657075341 0.7410849740162335 0.040929168225697234 -76.30347445011337 -0.03175553421292165 -0.08372335847222964 0.99598292419749 4.254341163911998
0.7415355019066155 0.6660316481194853 0.08078949879373877 125.23860732031604 -0.6701170371227748 0.7411318270258063 0.04082611329991991 -77.19173426821591 -0.03268418531804449 -0.08441243197904469 0.9958947160003813 4.206169022513287
0.7415995557465253 0.66593765198875 0.08097618526619027 126.20742963095516 -0.670054807917946 0.7411612498707866 0.041310483851097805 -78.08704772265223 -0.0325062040633389 -0.0848943187361113 0.9958595791293696 4.14995600634204
0.7416267069850496 0.6659101459823108 0.08095372112711048 127.1813628187567 -0.6700870064467508 0.7410222527094426 0.043236845174560626 -78.98658178282302 -0.031196654912817333 -0.08631163575802044 0.9957796293633578 4.091130866554063
0.7415985419095692 0.6658946047687596 0.08133866225513811 128.16369471011723 -0.6701107103454742 0.7409899881918693 0.043422036798047424 -79.8878939975206 -0.031356634352087076 -0.08670762791851493 0.9957402014294967 4.037569962161625
0.7417418442137961 0.6655385385062765 0.08293063550487616 129.14717409794687 -0.6699091105542738 0.7411454521882969 0.04387712726444093 -80.79967066773452 -0.032261744198094515 -0.08810148956470021 0.995588924907152 3.990879513209333
0.7419612880682975 0.665215622506895 0.08355610438976419 130.13718269882344 -0.6697021226316915 0.7412196747682915 0.04574342224831969 -81.71524820582175 -0.03150418941417485 -0.0898975489606737 0.9954526190332817 3.926956650203281
0.7420992501911234 0.665037914826914 0.08374529663473115 131.13141635585148 -0.6695683446310627 0.7412878312692056 0.0465895168488483 -82.63123779984996 -0.031095574183404865 -0.09064724515864939 0.995397479508238 3.873858056161824
0.7422890990271805 0.664708728994032 0.08467112296734307 132.12689055483085 -0.6692793805610879 0.7416339337946546 0.045213040154636196 -83.55011660737019 -0.032741475549937366 -0.09022978357165783 0.9953826309190982 3.8324414558687954
0.7424477582070009 0.6646525541140927 0.08371564156719535 133.1283831958908 -0.6690416964728358 0.7420179924818943 0.04233801145402746 -84.47036892794775 -0.033978444845993216 -0.08744301654641137 0.9955898674369443 3.7823639485289977
0.7429733276297765 0.6643081515411117 0.08176377086927937 134.12990056968394 -0.6685703916829028 0.7423656838881889 0.0436671816148436 -85.39739576245977 -0.03169015297708314 -0.0871083875481375 0.9956946635505549 3.72378924058768
0.7436802716304687 0.6640345358544811 0.07744539224609803 135.13393507590663 -0.6679863096109205 0.7427610617018149 0.04582897982683145 -86.32286220592479 -0.027091396420630996 -0.08581456992900462 0.9959427271825829 3.6528771366142134
0.7439814417309758 0.6637476601227847 0.0770107657501341 136.14134323571471 -0.667698539933506 0.7429343669969258 0.047193072643477135 -87.24231847014696 -0.025889652963411978 -0.08653074607553275 0.9959127250181342 3.6094553708458195
0.7439454886511861 0.6633782151164659 0.0804639896129641 137.14845617870935 -0.6676009858981456 0.7430919070800883 0.04607972721156984 -88.1636659140618 -0.02922385230210521 -0.08799864397223583 0.9956918223605495 3.583589550893924
0.7434021360838874 0.6635710596438277 0.0838254905686588 138.15994232831977 -0.6679730433164451 0.7429758649964999 0.042413175255579014 -89.08281745028692 -0.03413616071680147 -0.08752321312573687 0.9955774252641847 3.549286927589529
0.7428678953743226 0.6635173417546043 0.08883708242070583 139.16670212060032 -0.6683061780104929 0.7427664516509653 0.04080258245298399 -90.00629035010762 -0.038911983438725255 -0.08968129957086866 0.9952100894043149 3.5147895123450823
0.7425985025209758 0.6634856741257419 0.09129197272219038 140.17549771797317 -0.6685470339031857 0.7424818592889438 0.04201847315260939 -90.9304359879681 -0.03990397865953427 -0.0922358328239346 0.9949372963309872 3.4454448811036937
0.7426004588902207 0.6636252872290558 0.09025539654880349 141.1841063019284 -0.6686810691261874 0.7422250055438965 0.044358414507427106 -91.85511055618036 -0.03755244663528564 -0.09329265402751809 0.9949302962801994 3.366872580325424
0.7426023120587321 0.6640320851470788 0.08719630737733722 142.19122492858511 -0.6688517792099153 0.7419884349548288 0.04572154679147668 -92.77982748570074 -0.03433807759265684 -0.09227433168811693 0.9951413689213968 3.296528455187656
0.7427600315605426 0.6643305236565239 0.08350144222961392 143.19695752438037 -0.6688648377733939 0.7418708135248706 0.047408067143780375 -93.70751899852257 -0.030452656806212567 -0.0910639960586919 0.99537931680102 3.2362612730523392
0.7429676334726256 0.6646356655437203 0.07911085702567676 144.20404423523584 -0.6688071641175339 0.7418453344792266 0.04860531798535123 -94.63271644462361 -0.02638319232299352 -0.08902208601600951 0.995680167204412 3.1854324839837176
0.7430224841597061 0.664955727787705 0.07583843428933644 145.20866022332785 -0.6688151352017347 0.7418996467181563 0.0476574141613958 -95.55761325389533 -0.024574437088745932 -0.08613242294153674 0.995980573485242 3.137715132729049
0.7427742287862189 0.6650532020966187 0.0773995053735282 146.21262388536616 -0.6690784704632317 0.7415844063220532 0.04885251951067722 -96.48417392688278 -0.024908741710985192 -0.08807273517373594 0.9958025647212366 3.099295212018844
0.7423929783575708 0.6652313161787264 0.07949818652327834 147.2183976806772 -0.6694367697411059 0.7412766942022543 0.04861351613658848 -97.40826555476808 -0.026590919577431586 -0.08930934221949317 0.9956489162291838 3.063581421272583
0.7421999547298694 0.6655749916466975 0.07841656517262807 148.22443098708123 -0.6696475103615686 0.7411745898207448 0.047248695967132937 -98.33515782202721 -0.026672815103332585 -0.08757943764680556 0.9958003831270266 3.0054521307601507
0.7423434303066423 0.6655252948558448 0.07747459833779909 149.22673711456082 -0.6695574703725843 0.7411492401766545 0.04889373839076723 -99.26620298747086 -0.02488022003193152 -0.08816964155870458 0.995794702214554 2.9461796413021646
0.7425480548843988 0.6653535717813133 0.07698708141785782 150.2275614060078 -0.6693640610193805 0.7412664075407588 0.04975808343628245 -100.19547791592427 -0.023961218730340364 -0.08848015353427223 0.9957896978918332 2.908743203507827
0.7425816734662185 0.6654158746784472 0.0761194584716855 151.23312343701414 -0.6693351579377895 0.7413331639510904 0.04914861518548912 -101.11941147329372 -0.02372561022417171 -0.08744629067127037 0.9958866610550252 2.8653665673457898
0.7425957653634169 0.6654840899062299 0.07538206249495535 152.23755554288033 -0.669364550387916 0.7412311923415773 0.05027343417609266 -102.04683892062482 -0.02241936547516539 -0.08779091969869048 0.9958866032185338 2.8191709319062612
0.7427678312714802 0.6652439662136832 0.07580510698195275 153.23592128857456 -0.6692141789230519 0.7412032451566446 0.05263204439878578 -102.97840379949254 -0.021173841328687198 -0.08982324190057006 0.9957326215695953 2.7843680032895635
0.7429008161679818 0.664831020501041 0.07809027798955755 154.237396151085 -0.6690447036019366 0.7412435849762451 0.05419531634516273 -103.90388788537547 -0.021853190136640038 -0.09250763163701783 0.9954721373146318 2.753574273830136
