1.000000e+00 0.000000e+00 0.000000e+00 0.000000e+00 0.000000e+00 1.000000e+00 0.000000e+00 0.000000e+00 0.000000e+00 0.000000e+00 1.000000e+00 0.000000e+00
9.994164e-01 -3.415283e-02 -6.600015e-04 5.402950e-01 3.415538e-02 9.994071e-01 4.348356e-03 7.732994e-02 5.111015e-04 -4.368360e-03 9.999903e-01 -1.834409e-02
9.982568e-01 -5.899956e-02 -1.552488e-03 1.102540e+00 5.901033e-02 9.982239e-01 8.173859e-03 1.604341e-01 1.067476e-03 -8.251224e-03 9.999654e-01 -3.661881e-02
9.970783e-01 -7.634716e-02 -2.445750e-03 1.685301e+00 7.636577e-02 9.970417e-01 8.728716e-03 2.399828e-01 1.772102e-03 -8.889985e-03 9.999589e-01 -4.764296e-02
9.960832e-01 -8.830428e-02 -4.544722e-03 2.290234e+00 8.833902e-02 9.960574e-01 8.113716e-03 3.123173e-01 3.810328e-03 -8.483412e-03 9.999568e-01 -6.773402e-02
9.955453e-01 -9.414142e-02 -5.185566e-03 2.919547e+00 9.418461e-02 9.955156e-01 8.829992e-03 3.856380e-01 4.331043e-03 -9.279058e-03 9.999476e-01 -6.263987e-02
9.954881e-01 -9.467857e-02 -6.272857e-03 3.574792e+00 9.474163e-02 9.954448e-01 1.066150e-02 4.547708e-01 5.234867e-03 -1.120770e-02 9.999235e-01 -7.476562e-02
9.957163e-01 -9.219279e-02 -7.032550e-03 4.256313e+00 9.226682e-02 9.956730e-01 1.105058e-02 5.183239e-01 5.983337e-03 -1.165211e-02 9.999142e-01 -8.335969e-02
9.959252e-01 -8.987013e-02 -7.502027e-03 4.962685e+00 8.994666e-02 9.958904e-01 1.057699e-02 5.732458e-01 6.520642e-03 -1.120867e-02 9.999159e-01 -9.798345e-02
9.960998e-01 -8.787664e-02 -7.933400e-03 5.691850e+00 8.795694e-02 9.960698e-01 1.041355e-02 6.273062e-01 6.987112e-03 -1.107074e-02 9.999143e-01 -1.106262e-01
9.963054e-01 -8.547241e-02 -8.370815e-03 6.442469e+00 8.556837e-02 9.962616e-01 1.186926e-02 6.854058e-01 7.325027e-03 -1.254169e-02 9.998945e-01 -1.169319e-01
9.965469e-01 -8.255591e-02 -8.873909e-03 7.214924e+00 8.266646e-02 9.964936e-01 1.291014e-02 7.473210e-01 7.776985e-03 -1.359913e-02 9.998773e-01 -1.271918e-01
9.967966e-01 -7.938267e-02 -9.739323e-03 8.011495e+00 7.952227e-02 9.967218e-01 1.489781e-02 8.062681e-01 8.524767e-03 -1.562458e-02 9.998416e-01 -1.318868e-01
9.971113e-01 -7.523820e-02 -1.040546e-02 8.832042e+00 7.540198e-02 9.970190e-01 1.636126e-02 8.645773e-01 9.143454e-03 -1.709859e-02 9.998120e-01 -1.326111e-01
9.974879e-01 -6.986198e-02 -1.171569e-02 9.676641e+00 7.006667e-02 9.973785e-01 1.807968e-02 9.174886e-01 1.042189e-02 -1.885514e-02 9.997679e-01 -1.361532e-01
9.979998e-01 -6.199260e-02 -1.238046e-02 1.054624e+01 6.223038e-02 9.978645e-01 1.984559e-02 9.639878e-01 1.112374e-02 -2.057634e-02 9.997264e-01 -1.222299e-01
9.985816e-01 -5.164368e-02 -1.295289e-02 1.144164e+01 5.191596e-02 9.984168e-01 2.164820e-02 1.001795e+00 1.181439e-02 -2.228995e-02 9.996817e-01 -1.221815e-01
9.991155e-01 -3.966432e-02 -1.396113e-02 1.236311e+01 3.998532e-02 9.989235e-01 2.351779e-02 1.024567e+00 1.301328e-02 -2.405523e-02 9.996259e-01 -1.172615e-01
9.995261e-01 -2.733522e-02 -1.415340e-02 1.331171e+01 2.767163e-02 9.993254e-01 2.414507e-02 1.034996e+00 1.348384e-02 -2.452528e-02 9.996083e-01 -1.091103e-01
9.998187e-01 -1.398640e-02 -1.291887e-02 1.428598e+01 1.430431e-02 9.995888e-01 2.485314e-02 1.032235e+00 1.256595e-02 -2.503343e-02 9.996076e-01 -9.722682e-02
9.999546e-01 6.782026e-04 -9.502046e-03 1.528710e+01 -4.346802e-04 9.996720e-01 2.560708e-02 1.010369e+00 9.516296e-03 -2.560179e-02 9.996269e-01 -8.261583e-02
9.998221e-01 1.744575e-02 -7.175757e-03 1.630506e+01 -1.723713e-02 9.994544e-01 2.817355e-02 9.794451e-01 7.663350e-03 -2.804485e-02 9.995773e-01 -7.616401e-02
9.993716e-01 3.459392e-02 -7.726030e-03 1.733643e+01 -3.435844e-02 9.989953e-01 2.877418e-02 9.255823e-01 8.713679e-03 -2.849064e-02 9.995561e-01 -9.629046e-02
9.985997e-01 5.222139e-02 -8.462204e-03 1.838186e+01 -5.195681e-02 9.982299e-01 2.893993e-02 8.469353e-01 9.958509e-03 -2.845973e-02 9.995453e-01 -1.121514e-01
9.975038e-01 7.012375e-02 -8.293181e-03 1.943929e+01 -6.984943e-02 9.971151e-01 2.970871e-02 7.492999e-01 1.035254e-02 -2.905527e-02 9.995242e-01 -1.223406e-01
9.960481e-01 8.862991e-02 -5.745851e-03 2.050995e+01 -8.841072e-02 9.955993e-01 3.107372e-02 6.325782e-01 8.474626e-03 -3.044293e-02 9.995006e-01 -1.157233e-01
9.941380e-01 1.080750e-01 -3.056981e-03 2.158495e+01 -1.079145e-01 9.936029e-01 3.328251e-02 4.966737e-01 6.634433e-03 -3.275752e-02 9.994413e-01 -1.017088e-01
9.917117e-01 1.284581e-01 -2.541427e-03 2.265972e+01 -1.282837e-01 9.910797e-01 3.611492e-02 3.377021e-01 7.158010e-03 -3.548957e-02 9.993444e-01 -1.106501e-01
9.887180e-01 1.497523e-01 -3.299081e-03 2.373059e+01 -1.495285e-01 9.880589e-01 3.715969e-02 1.521978e-01 8.824437e-03 -3.624715e-02 9.993039e-01 -1.135600e-01
9.852385e-01 1.710725e-01 -6.275561e-03 2.479430e+01 -1.707131e-01 9.845749e-01 3.833106e-02 -5.965044e-02 1.273615e-02 -3.669392e-02 9.992454e-01 -1.280892e-01
9.812487e-01 1.925984e-01 -7.534190e-03 2.585364e+01 -1.921549e-01 9.805517e-01 3.993612e-02 -2.939366e-01 1.507930e-02 -3.773954e-02 9.991738e-01 -1.153970e-01
9.768248e-01 2.138642e-01 -8.687187e-03 2.691252e+01 -2.133607e-01 9.761520e-01 4.005509e-02 -5.541899e-01 1.704637e-02 -3.727330e-02 9.991597e-01 -1.126348e-01
9.717410e-01 2.359358e-01 -7.325112e-03 2.797039e+01 -2.354604e-01 9.710401e-01 4.049191e-02 -8.436506e-01 1.666647e-02 -3.762288e-02 9.991530e-01 -9.223009e-02
9.661124e-01 2.580486e-01 -6.143106e-03 2.902534e+01 -2.575922e-01 9.653812e-01 4.105454e-02 -1.153503e+00 1.652450e-02 -3.808089e-02 9.991380e-01 -7.583985e-02
9.600736e-01 2.796761e-01 -6.325244e-03 3.006985e+01 -2.791808e-01 9.593221e-01 4.194290e-02 -1.488124e+00 1.779837e-02 -3.850239e-02 9.991000e-01 -7.067647e-02
9.536002e-01 3.009906e-01 -7.165145e-03 3.110402e+01 -3.004414e-01 9.528653e-01 4.222159e-02 -1.843572e+00 1.953572e-02 -3.810981e-02 9.990826e-01 -6.092407e-02
9.468420e-01 3.215889e-01 -8.410293e-03 3.212764e+01 -3.209855e-01 9.461595e-01 4.183825e-02 -2.222171e+00 2.141220e-02 -3.691463e-02 9.990890e-01 -4.609502e-02
9.398687e-01 3.413887e-01 -1.003208e-02 3.313935e+01 -3.407178e-01 9.392443e-01 4.161205e-02 -2.620455e+00 2.362846e-02 -3.569176e-02 9.990835e-01 -2.825692e-02
9.326956e-01 3.604850e-01 -1.138242e-02 3.414098e+01 -3.597296e-01 9.320852e-01 4.256530e-02 -3.036914e+00 2.595354e-02 -3.560587e-02 9.990288e-01 -8.371442e-03
9.252628e-01 3.791220e-01 -1.245976e-02 3.513257e+01 -3.782998e-01 9.246754e-01 4.318225e-02 -3.471621e+00 2.789257e-02 -3.524141e-02 9.989895e-01 1.267721e-02
9.175816e-01 3.973389e-01 -1.287811e-02 3.611344e+01 -3.964616e-01 9.169876e-01 4.418021e-02 -3.923939e+00 2.936358e-02 -3.543327e-02 9.989406e-01 3.343194e-02
9.094870e-01 4.155303e-01 -1.296405e-02 3.708344e+01 -4.146060e-01 9.088756e-01 4.524469e-02 -4.395520e+00 3.058325e-02 -3.577448e-02 9.988918e-01 4.972387e-02
9.012087e-01 4.331706e-01 -1.364267e-02 3.804145e+01 -4.321964e-01 9.006211e-01 4.569420e-02 -4.883786e+00 3.208026e-02 -3.528370e-02 9.988623e-01 6.433298e-02
8.927213e-01 4.503755e-01 -1.450998e-02 3.898416e+01 -4.493515e-01 8.921722e-01 4.595678e-02 -5.384146e+00 3.364321e-02 -3.450651e-02 9.988380e-01 9.438191e-02
8.842445e-01 4.667614e-01 -1.567060e-02 3.991152e+01 -4.656592e-01 8.837270e-01 4.677737e-02 -5.900060e+00 3.568240e-02 -3.406547e-02 9.987824e-01 1.215448e-01
8.758759e-01 4.822471e-01 -1.670607e-02 4.082691e+01 -4.810991e-01 8.754137e-01 4.684675e-02 -6.428422e+00 3.721643e-02 -3.299466e-02 9.987624e-01 1.535860e-01
8.677571e-01 4.966536e-01 -1.824175e-02 4.172904e+01 -4.954561e-01 8.673787e-01 4.666230e-02 -6.972775e+00 3.899751e-02 -3.145356e-02 9.987441e-01 1.877035e-01
8.599011e-01 5.100666e-01 -2.005437e-02 4.261876e+01 -5.088189e-01 8.596220e-01 4.640417e-02 -7.531129e+00 4.090839e-02 -2.969895e-02 9.987214e-01 2.280293e-01
8.524955e-01 5.222959e-01 -2.141304e-02 4.350025e+01 -5.209951e-01 8.522845e-01 4.664003e-02 -8.099417e+00 4.260990e-02 -2.860432e-02 9.986822e-01 2.702103e-01
8.458766e-01 5.329013e-01 -2.255840e-02 4.437733e+01 -5.315420e-01 8.457165e-01 4.718854e-02 -8.673575e+00 4.422485e-02 -2.792494e-02 9.986312e-01 3.084560e-01
8.397703e-01 5.424456e-01 -2.320707e-02 4.524894e+01 -5.410090e-01 8.396195e-01 4.846110e-02 -9.258691e+00 4.577262e-02 -2.814097e-02 9.985554e-01 3.480455e-01
8.338428e-01 5.514995e-01 -2.354688e-02 4.611728e+01 -5.499906e-01 8.336866e-01 4.976959e-02 -9.850248e+00 4.707862e-02 -2.854945e-02 9.984831e-01 3.927341e-01
8.279651e-01 5.602948e-01 -2.331388e-02 4.698212e+01 -5.587415e-01 8.277840e-01 5.080897e-02 -1.045483e+01 4.776685e-02 -2.904162e-02 9.984362e-01 4.346822e-01
8.223168e-01 5.685758e-01 -2.272941e-02 4.784416e+01 -5.670239e-01 8.221149e-01 5.109725e-02 -1.107279e+01 4.773884e-02 -2.913001e-02 9.984350e-01 4.703334e-01
8.170699e-01 5.760624e-01 -2.342895e-02 4.870269e+01 -5.744945e-01 8.169193e-01 5.097938e-02 -1.169914e+01 4.850687e-02 -2.819391e-02 9.984249e-01 5.057918e-01
8.121211e-01 5.829292e-01 -2.555174e-02 4.955375e+01 -5.812833e-01 8.120792e-01 5.135326e-02 -1.232853e+01 5.068535e-02 -2.685227e-02 9.983536e-01 5.484119e-01
8.076554e-01 5.890316e-01 -2.710223e-02 5.039991e+01 -5.872673e-01 8.076670e-01 5.283138e-02 -1.296530e+01 5.300893e-02 -2.675330e-02 9.982356e-01 6.018840e-01
8.032900e-01 5.949406e-01 -2.776273e-02 5.124515e+01 -5.930955e-01 8.033188e-01 5.400530e-02 -1.361009e+01 5.443227e-02 -2.691596e-02 9.981546e-01 6.554973e-01
7.990877e-01 6.005616e-01 -2.801117e-02 5.208972e+01 -5.986695e-01 7.991233e-01 5.474238e-02 -1.426287e+01 5.526055e-02 -2.697453e-02 9.981075e-01 7.054214e-01
7.950865e-01 6.058523e-01 -2.793514e-02 5.293129e+01 -6.039150e-01 7.951075e-01 5.559528e-02 -1.492073e+01 5.589396e-02 -2.733261e-02 9.980625e-01 7.565282e-01
7.912090e-01 6.109062e-01 -2.796363e-02 5.376868e+01 -6.089213e-01 7.912212e-01 5.642636e-02 -1.558291e+01 5.659663e-02 -2.761740e-02 9.980151e-01 8.092295e-01
7.876167e-01 6.155167e-01 -2.826831e-02 5.460069e+01 -6.134782e-01 7.876361e-01 5.721790e-02 -1.625074e+01 5.748371e-02 -2.772378e-02 9.979614e-01 8.633074e-01
7.842070e-01 6.198576e-01 -2.821203e-02 5.542861e+01 -6.177964e-01 7.842227e-01 5.763975e-02 -1.692335e+01 5.785295e-02 -2.777220e-02 9.979387e-01 9.200284e-01
7.810842e-01 6.238167e-01 -2.757135e-02 5.625606e+01 -6.216996e-01 7.810372e-01 5.891167e-02 -1.759776e+01 5.828433e-02 -2.887388e-02 9.978824e-01 9.786170e-01
7.783783e-01 6.271849e-01 -2.768197e-02 5.708056e+01 -6.249899e-01 7.783101e-01 6.017481e-02 -1.827638e+01 5.928589e-02 -2.953781e-02 9.978039e-01 1.039233e+00
7.760602e-01 6.300322e-01 -2.810593e-02 5.790705e+01 -6.277606e-01 7.759939e-01 6.123850e-02 -1.895746e+01 6.039226e-02 -2.988097e-02 9.977274e-01 1.107159e+00
7.742271e-01 6.322985e-01 -2.776618e-02 5.873832e+01 -6.299555e-01 7.741061e-01 6.257666e-02 -1.964401e+01 6.106110e-02 -3.095709e-02 9.976538e-01 1.176064e+00
7.730671e-01 6.337597e-01 -2.675472e-02 5.957832e+01 -6.313743e-01 7.728502e-01 6.378938e-02 -2.034184e+01 6.110453e-02 -3.242123e-02 9.976047e-01 1.245157e+00
7.721952e-01 6.348683e-01 -2.562631e-02 6.042713e+01 -6.324614e-01 7.718811e-01 6.474612e-02 -2.104532e+01 6.088573e-02 -3.378899e-02 9.975727e-01 1.313128e+00
7.713705e-01 6.359456e-01 -2.368031e-02 6.128043e+01 -6.335394e-01 7.709037e-01 6.584401e-02 -2.175526e+01 6.012844e-02 -3.578772e-02 9.975489e-01 1.395696e+00
7.707194e-01 6.368340e-01 -2.083427e-02 6.214206e+01 -6.344783e-01 7.700524e-01 6.675795e-02 -2.247513e+01 5.855721e-02 -3.823276e-02 9.975517e-01 1.474100e+00
7.702144e-01 6.375511e-01 -1.727212e-02 6.301153e+01 -6.353364e-01 7.693468e-01 6.673170e-02 -2.319952e+01 5.583312e-02 -4.042411e-02 9.976214e-01 1.567511e+00
7.698304e-01 6.380754e-01 -1.486236e-02 6.388487e+01 -6.359343e-01 7.688123e-01 6.719513e-02 -2.393092e+01 5.430193e-02 -4.227737e-02 9.976292e-01 1.648736e+00
7.695561e-01 6.384374e-01 -1.345909e-02 6.476453e+01 -6.363436e-01 7.684537e-01 6.742224e-02 -2.466393e+01 5.338756e-02 -4.332059e-02 9.976337e-01 1.716412e+00
7.701488e-01 6.378058e-01 -8.639039e-03 6.564256e+01 -6.359408e-01 7.688070e-01 6.719387e-02 -2.541132e+01 4.949839e-02 -4.625536e-02 9.977025e-01 1.829837e+00
7.712095e-01 6.365620e-01 -4.974061e-03 6.653283e+01 -6.349088e-01 7.697257e-01 6.643061e-02 -2.616050e+01 4.611586e-02 -4.807384e-02 9.977786e-01 1.917142e+00
7.725528e-01 6.349319e-01 -4.856461e-03 6.743012e+01 -6.332302e-01 7.709998e-01 6.766639e-02 -2.690929e+01 4.670788e-02 -4.920061e-02 9.976962e-01 1.957728e+00
7.737529e-01 6.334620e-01 -5.676248e-03 6.832958e+01 -6.314623e-01 7.719643e-01 7.298369e-02 -2.764920e+01 5.061426e-02 -5.288701e-02 9.973170e-01 1.999122e+00
7.744103e-01 6.326326e-01 -8.040188e-03 6.923349e+01 -6.302798e-01 7.725124e-01 7.727923e-02 -2.838994e+01 5.510050e-02 -5.477826e-02 9.969771e-01 2.037241e+00
7.746369e-01 6.323950e-01 -3.770988e-03 7.014195e+01 -6.301214e-01 7.723309e-01 8.032450e-02 -2.913374e+01 5.370926e-02 -5.984614e-02 9.967616e-01 2.140620e+00
7.748551e-01 6.321204e-01 4.838636e-03 7.106257e+01 -6.303920e-01 7.721225e-01 8.020478e-02 -2.988430e+01 4.696305e-02 -6.519732e-02 9.967667e-01 2.295582e+00
7.751202e-01 6.317353e-01 9.959945e-03 7.198481e+01 -6.304113e-01 7.722538e-01 7.877536e-02 -3.064455e+01 4.207357e-02 -6.733924e-02 9.968426e-01 2.400065e+00
7.751651e-01 6.316848e-01 9.659447e-03 7.290524e+01 -6.303194e-01 7.722772e-01 7.927976e-02 -3.140579e+01 4.262005e-02 -6.754344e-02 9.968056e-01 2.449512e+00
7.748132e-01 6.321382e-01 8.108348e-03 7.382500e+01 -6.306173e-01 7.719176e-01 8.040546e-02 -3.216542e+01 4.456839e-02 -6.741248e-02 9.967293e-01 2.485463e+00
7.737693e-01 6.334068e-01 8.776361e-03 7.475036e+01 -6.319544e-01 7.708898e-01 7.976577e-02 -3.292503e+01 4.375857e-02 -6.726656e-02 9.967750e-01 2.562795e+00
7.722682e-01 6.352722e-01 5.571838e-03 7.567698e+01 -6.337046e-01 7.696828e-01 7.750385e-02 -3.369007e+01 4.494749e-02 -6.338466e-02 9.969765e-01 2.592767e+00
7.705726e-01 6.372951e-01 8.534298e-03 7.659702e+01 -6.354380e-01 7.671524e-01 8.772562e-02 -3.446219e+01 4.936000e-02 -7.302198e-02 9.961081e-01 2.624316e+00
7.684703e-01 6.398463e-01 7.080122e-03 7.751354e+01 -6.376715e-01 7.648449e-01 9.158277e-02 -3.523736e+01 5.318370e-02 -7.489343e-02 9.957723e-01 2.674501e+00
7.659569e-01 6.428584e-01 6.575037e-03 7.843028e+01 -6.406896e-01 7.624471e-01 9.050544e-02 -3.601877e+01 5.316906e-02 -7.353582e-02 9.958743e-01 2.735553e+00
7.637178e-01 6.454924e-01 8.640976e-03 7.934636e+01 -6.434416e-01 7.600740e-01 9.094185e-02 -3.681179e+01 5.213449e-02 -7.501388e-02 9.958187e-01 2.784142e+00
7.617496e-01 6.478128e-01 8.723803e-03 8.025975e+01 -6.457900e-01 7.581548e-01 9.031345e-02 -3.760828e+01 5.189222e-02 -7.442998e-02 9.958752e-01 2.836560e+00
7.598684e-01 6.500145e-01 9.009083e-03 8.117363e+01 -6.482536e-01 7.566271e-01 8.533852e-02 -3.840520e+01 4.865476e-02 -7.068621e-02 9.963113e-01 2.902889e+00
7.581322e-01 6.519814e-01 1.248205e-02 8.209137e+01 -6.505612e-01 7.548890e-01 8.314227e-02 -3.920889e+01 4.478465e-02 -7.115317e-02 9.964595e-01 2.939427e+00
7.567694e-01 6.533410e-01 2.111174e-02 8.301302e+01 -6.522618e-01 7.526036e-01 9.023523e-02 -4.000732e+01 4.306559e-02 -8.205764e-02 9.956967e-01 2.974306e+00
7.554959e-01 6.546956e-01 2.448463e-02 8.392990e+01 -6.537066e-01 7.508188e-01 9.454518e-02 -4.081136e+01 4.351480e-02 -8.743426e-02 9.952194e-01 3.010257e+00
7.544857e-01 6.558935e-01 2.356169e-02 8.483878e+01 -6.547768e-01 7.497727e-01 9.543720e-02 -4.162155e+01 4.493072e-02 -8.743365e-02 9.951566e-01 3.062341e+00
7.533509e-01 6.572577e-01 2.178852e-02 8.574943e+01 -6.557446e-01 7.482918e-01 1.002916e-01 -4.242698e+01 4.961326e-02 -8.984247e-02 9.947195e-01 3.111249e+00
7.532725e-01 6.573711e-01 2.106584e-02 8.665285e+01 -6.554867e-01 7.477122e-01 1.061303e-01 -4.323703e+01 5.401580e-02 -9.375341e-02 9.941291e-01 3.161217e+00
7.530992e-01 6.576457e-01 1.853945e-02 8.755355e+01 -6.555608e-01 7.477380e-01 1.054884e-01 -4.405366e+01 5.551134e-02 -9.159697e-02 9.942477e-01 3.227749e+00
7.524312e-01 6.584462e-01 1.720020e-02 8.846189e+01 -6.563642e-01 7.473571e-01 1.031671e-01 -4.486993e+01 5.507528e-02 -8.891572e-02 9.945153e-01 3.279381e+00
7.514597e-01 6.595455e-01 1.755368e-02 8.937492e+01 -6.575330e-01 7.464431e-01 1.023375e-01 -4.568501e+01 5.439343e-02 -8.844467e-02 9.945948e-01 3.337747e+00
7.505003e-01 6.606746e-01 1.607239e-02 9.028629e+01 -6.584923e-01 7.455178e-01 1.029133e-01 -4.649896e+01 5.600994e-02 -8.782000e-02 9.945605e-01 3.390426e+00
7.498086e-01 6.614174e-01 1.772291e-02 9.119087e+01 -6.590657e-01 7.442393e-01 1.083522e-01 -4.731632e+01 5.847595e-02 -9.292398e-02 9.939546e-01 3.446764e+00
7.490269e-01 6.622820e-01 1.847136e-02 9.209947e+01 -6.599531e-01 7.433518e-01 1.090411e-01 -4.813001e+01 5.848521e-02 -9.386492e-02 9.938656e-01 3.513272e+00
7.483953e-01 6.629192e-01 2.103769e-02 9.300745e+01 -6.608460e-01 7.426044e-01 1.087258e-01 -4.894839e+01 5.645377e-02 -9.527259e-02 9.938491e-01 3.584310e+00
7.479966e-01 6.632500e-01 2.450730e-02 9.391597e+01 -6.614227e-01 7.418607e-01 1.102845e-01 -4.976958e+01 5.496518e-02 -9.870211e-02 9.935979e-01 3.635802e+00
7.478538e-01 6.633183e-01 2.689737e-02 9.482516e+01 -6.616341e-01 7.414128e-01 1.120148e-01 -5.058848e+01 5.435944e-02 -1.015669e-01 9.933424e-01 3.694158e+00
7.479337e-01 6.632184e-01 2.714163e-02 9.573146e+01 -6.614930e-01 7.413540e-01 1.132315e-01 -5.140476e+01 5.497567e-02 -1.026437e-01 9.931978e-01 3.767689e+00
7.480814e-01 6.630990e-01 2.596098e-02 9.663284e+01 -6.613299e-01 7.417055e-01 1.118737e-01 -5.222687e+01 5.492792e-02 -1.008594e-01 9.933833e-01 3.830093e+00
7.483171e-01 6.627931e-01 2.695891e-02 9.754019e+01 -6.611608e-01 7.419487e-01 1.112590e-01 -5.304535e+01 5.373959e-02 -1.010812e-01 9.934257e-01 3.894167e+00
7.491117e-01 6.616917e-01 3.155603e-02 9.844275e+01 -6.602985e-01 7.420076e-01 1.158910e-01 -5.386295e+01 5.326928e-02 -1.076517e-01 9.927605e-01 4.014589e+00
7.499826e-01 6.606851e-01 3.195752e-02 9.934116e+01 -6.590061e-01 7.421749e-01 1.220138e-01 -5.467962e+01 5.689465e-02 -1.125684e-01 9.920138e-01 4.105652e+00
7.508377e-01 6.595896e-01 3.441331e-02 1.002407e+02 -6.576768e-01 7.418270e-01 1.309726e-01 -5.549291e+01 6.085947e-02 -1.209720e-01 9.907885e-01 4.180279e+00
7.509896e-01 6.595011e-01 3.275640e-02 1.011486e+02 -6.574219e-01 7.421418e-01 1.304684e-01 -5.630008e+01 6.173419e-02 -1.195152e-01 9.909112e-01 4.243323e+00
7.508503e-01 6.597204e-01 3.150841e-02 1.020609e+02 -6.578706e-01 7.428105e-01 1.242530e-01 -5.711176e+01 5.856744e-02 -1.140238e-01 9.917502e-01 4.290043e+00
7.509174e-01 6.594481e-01 3.537284e-02 1.029738e+02 -6.582501e-01 7.430880e-01 1.205281e-01 -5.792557e+01 5.319690e-02 -1.137908e-01 9.920795e-01 4.359341e+00
7.510456e-01 6.591870e-01 3.745772e-02 1.038834e+02 -6.583550e-01 7.433877e-01 1.180822e-01 -5.873507e+01 4.999267e-02 -1.133456e-01 9.922971e-01 4.460901e+00
7.517430e-01 6.580587e-01 4.291056e-02 1.047857e+02 -6.575606e-01 7.430633e-01 1.243821e-01 -5.954553e+01 4.996546e-02 -1.217197e-01 9.913061e-01 4.556639e+00
7.526440e-01 6.567667e-01 4.673751e-02 1.056827e+02 -6.564173e-01 7.429105e-01 1.311499e-01 -6.036003e+01 5.141313e-02 -1.293885e-01 9.902602e-01 4.615094e+00
7.527301e-01 6.566763e-01 4.662281e-02 1.065836e+02 -6.563484e-01 7.430912e-01 1.304693e-01 -6.117463e+01 5.103110e-02 -1.288090e-01 9.903555e-01 4.642057e+00
7.520681e-01 6.573746e-01 4.745696e-02 1.074927e+02 -6.574177e-01 7.430991e-01 1.249227e-01 -6.198632e+01 4.685582e-02 -1.251495e-01 9.910308e-01 4.661294e+00
7.502047e-01 6.596706e-01 4.502910e-02 1.084154e+02 -6.601578e-01 7.434443e-01 1.071557e-01 -6.278783e+01 3.721083e-02 -1.101150e-01 9.932220e-01 4.714927e+00
7.490591e-01 6.603655e-01 5.317724e-02 1.093301e+02 -6.620281e-01 7.430675e-01 9.782423e-02 -6.360485e+01 2.508547e-02 -1.084810e-01 9.937820e-01 4.755007e+00
7.477689e-01 6.612557e-01 5.985548e-02 1.102490e+02 -6.638224e-01 7.427416e-01 8.760548e-02 -6.442310e+01 1.347247e-02 -1.052421e-01 9.943554e-01 4.782288e+00
7.468686e-01 6.619909e-01 6.289236e-02 1.111600e+02 -6.649358e-01 7.424977e-01 8.097915e-02 -6.524971e+01 6.910028e-03 -1.023002e-01 9.947296e-01 4.770611e+00
7.462921e-01 6.626176e-01 6.313489e-02 1.120635e+02 -6.656100e-01 7.424343e-01 7.585955e-02 -6.608117e+01 3.392369e-03 -9.863659e-02 9.951177e-01 4.763514e+00
7.458689e-01 6.629595e-01 6.453075e-02 1.129689e+02 -6.660922e-01 7.424891e-01 7.093106e-02 -6.691443e+01 -8.889528e-04 -9.588869e-02 9.953917e-01 4.754179e+00
7.452051e-01 6.633444e-01 6.814345e-02 1.138807e+02 -6.667847e-01 7.425064e-01 6.389358e-02 -6.775245e+01 -8.213497e-03 -9.305083e-02 9.956275e-01 4.726454e+00
7.443176e-01 6.638815e-01 7.247546e-02 1.147976e+02 -6.675652e-01 7.426646e-01 5.297276e-02 -6.860097e+01 -1.865733e-02 -8.781065e-02 9.959624e-01 4.709421e+00
7.433006e-01 6.646140e-01 7.610804e-02 1.157233e+02 -6.684705e-01 7.422774e-01 4.659884e-02 -6.944952e+01 -2.552304e-02 -8.551292e-02 9.960101e-01 4.653898e+00
7.429838e-01 6.650097e-01 7.574414e-02 1.166474e+02 -6.688007e-01 7.420611e-01 4.528815e-02 -7.030244e+01 -2.608972e-02 -8.430609e-02 9.960983e-01 4.595662e+00
7.431510e-01 6.649330e-01 7.477140e-02 1.175724e+02 -6.687371e-01 7.418681e-01 4.921767e-02 -7.115477e+01 -2.274407e-02 -8.657857e-02 9.959854e-01 4.543305e+00
7.432718e-01 6.649931e-01 7.301488e-02 1.184995e+02 -6.687179e-01 7.416415e-01 5.276570e-02 -7.201059e+01 -1.906204e-02 -8.804562e-02 9.959340e-01 4.499066e+00
7.430660e-01 6.653878e-01 7.149881e-02 1.194324e+02 -6.689682e-01 7.414569e-01 5.218433e-02 -7.287209e+01 -1.829047e-02 -8.660683e-02 9.960747e-01 4.440938e+00
7.425371e-01 6.653723e-01 7.693064e-02 1.203748e+02 -6.693916e-01 7.412021e-01 5.034108e-02 -7.374008e+01 -2.352560e-02 -8.887685e-02 9.957648e-01 4.424203e+00
7.419059e-01 6.658239e-01 7.908352e-02 1.213220e+02 -6.698530e-01 7.412084e-01 4.367039e-02 -7.461647e+01 -2.954058e-02 -8.537365e-02 9.959110e-01 4.376985e+00
7.415559e-01 6.661227e-01 7.984634e-02 1.222715e+02 -6.701012e-01 7.411920e-01 3.998537e-02 -7.549627e+01 -3.254630e-02 -8.315651e-02 9.960049e-01 4.310023e+00
7.414308e-01 6.663745e-01 7.890174e-02 1.232234e+02 -6.702644e-01 7.410610e-01 3.967644e-02 -7.637699e+01 -3.203163e-02 -8.230237e-02 9.960925e-01 4.241191e+00
7.415347e-01 6.661707e-01 7.964181e-02 1.241779e+02 -6.701626e-01 7.410850e-01 4.092917e-02 -7.726117e+01 -3.175553e-02 -8.372336e-02 9.959829e-01 4.183651e+00
7.415355e-01 6.660316e-01 8.078950e-02 1.251421e+02 -6.701170e-01 7.411318e-01 4.082611e-02 -7.814950e+01 -3.268419e-02 -8.441243e-02 9.958947e-01 4.133874e+00
7.415996e-01 6.659377e-01 8.097619e-02 1.261113e+02 -6.700548e-01 7.411612e-01 4.131048e-02 -7.904405e+01 -3.250620e-02 -8.489432e-02 9.958596e-01 4.077750e+00
7.416267e-01 6.659101e-01 8.095372e-02 1.270852e+02 -6.700870e-01 7.410223e-01 4.323685e-02 -7.994103e+01 -3.119665e-02 -8.631164e-02 9.957796e-01 4.020335e+00
7.415985e-01 6.658946e-01 8.133866e-02 1.280680e+02 -6.701107e-01 7.409900e-01 4.342204e-02 -8.084213e+01 -3.135663e-02 -8.670763e-02 9.957402e-01 3.966398e+00
7.417418e-01 6.655385e-01 8.293064e-02 1.290538e+02 -6.699091e-01 7.411455e-01 4.387713e-02 -8.175296e+01 -3.226174e-02 -8.810149e-02 9.955889e-01 3.917880e+00
7.419613e-01 6.652156e-01 8.355610e-02 1.300449e+02 -6.697021e-01 7.412197e-01 4.574342e-02 -8.266566e+01 -3.150419e-02 -8.989755e-02 9.954526e-01 3.854415e+00
7.420993e-01 6.650379e-01 8.374530e-02 1.310395e+02 -6.695683e-01 7.412878e-01 4.658952e-02 -8.358029e+01 -3.109557e-02 -9.064725e-02 9.953975e-01 3.801642e+00
7.422891e-01 6.647087e-01 8.467112e-02 1.320365e+02 -6.692794e-01 7.416339e-01 4.521304e-02 -8.450056e+01 -3.274148e-02 -9.022978e-02 9.953826e-01 3.757968e+00
7.424478e-01 6.646526e-01 8.371564e-02 1.330369e+02 -6.690417e-01 7.420180e-01 4.233801e-02 -8.542432e+01 -3.397844e-02 -8.744302e-02 9.955899e-01 3.707086e+00
7.429733e-01 6.643082e-01 8.176377e-02 1.340364e+02 -6.685704e-01 7.423657e-01 4.366718e-02 -8.634877e+01 -3.169015e-02 -8.710839e-02 9.956947e-01 3.651985e+00
7.436803e-01 6.640345e-01 7.744539e-02 1.350354e+02 -6.679863e-01 7.427611e-01 4.582898e-02 -8.727035e+01 -2.709140e-02 -8.581457e-02 9.959427e-01 3.588253e+00
7.439814e-01 6.637477e-01 7.701077e-02 1.360426e+02 -6.676985e-01 7.429344e-01 4.719307e-02 -8.818749e+01 -2.588965e-02 -8.653075e-02 9.959127e-01 3.546325e+00
7.439455e-01 6.633782e-01 8.046399e-02 1.370543e+02 -6.676010e-01 7.430919e-01 4.607973e-02 -8.911019e+01 -2.922385e-02 -8.799864e-02 9.956918e-01 3.515070e+00
7.434021e-01 6.635711e-01 8.382549e-02 1.380697e+02 -6.679730e-01 7.429759e-01 4.241318e-02 -9.003492e+01 -3.413616e-02 -8.752321e-02 9.955774e-01 3.473749e+00
7.428679e-01 6.635173e-01 8.883708e-02 1.390825e+02 -6.683062e-01 7.427665e-01 4.080258e-02 -9.096112e+01 -3.891198e-02 -8.968130e-02 9.952101e-01 3.431449e+00
7.425985e-01 6.634857e-01 9.129197e-02 1.400943e+02 -6.685470e-01 7.424819e-01 4.201847e-02 -9.188401e+01 -3.990398e-02 -9.223583e-02 9.949373e-01 3.359709e+00
7.426005e-01 6.636253e-01 9.025540e-02 1.411015e+02 -6.686811e-01 7.422250e-01 4.435841e-02 -9.280573e+01 -3.755245e-02 -9.329265e-02 9.949303e-01 3.284212e+00
7.426023e-01 6.640321e-01 8.719631e-02 1.421045e+02 -6.688518e-01 7.419884e-01 4.572155e-02 -9.372888e+01 -3.433808e-02 -9.227433e-02 9.951414e-01 3.218966e+00
7.427600e-01 6.643305e-01 8.350144e-02 1.431055e+02 -6.688648e-01 7.418708e-01 4.740807e-02 -9.465431e+01 -3.045266e-02 -9.106400e-02 9.953793e-01 3.164833e+00
7.429676e-01 6.646357e-01 7.911086e-02 1.441070e+02 -6.688072e-01 7.418453e-01 4.860532e-02 -9.557779e+01 -2.638319e-02 -8.902209e-02 9.956802e-01 3.120685e+00
7.430225e-01 6.649557e-01 7.583843e-02 1.451072e+02 -6.688151e-01 7.418996e-01 4.765741e-02 -9.650398e+01 -2.457444e-02 -8.613242e-02 9.959806e-01 3.076641e+00
7.427742e-01 6.650532e-01 7.739951e-02 1.461130e+02 -6.690785e-01 7.415844e-01 4.885252e-02 -9.742936e+01 -2.490874e-02 -8.807274e-02 9.958026e-01 3.037037e+00
7.423930e-01 6.652313e-01 7.949819e-02 1.471212e+02 -6.694368e-01 7.412767e-01 4.861352e-02 -9.835436e+01 -2.659092e-02 -8.930934e-02 9.956489e-01 2.998427e+00
7.422000e-01 6.655750e-01 7.841657e-02 1.481255e+02 -6.696475e-01 7.411746e-01 4.724870e-02 -9.928344e+01 -2.667282e-02 -8.757944e-02 9.958004e-01 2.940804e+00
7.423434e-01 6.655253e-01 7.747460e-02 1.491267e+02 -6.695575e-01 7.411492e-01 4.889374e-02 -1.002121e+02 -2.488022e-02 -8.816964e-02 9.957947e-01 2.883928e+00
7.425481e-01 6.653536e-01 7.698708e-02 1.501271e+02 -6.693641e-01 7.412664e-01 4.975808e-02 -1.011399e+02 -2.396122e-02 -8.848015e-02 9.957897e-01 2.847715e+00
7.425817e-01 6.654159e-01 7.611946e-02 1.511316e+02 -6.693352e-01 7.413332e-01 4.914862e-02 -1.020646e+02 -2.372561e-02 -8.744629e-02 9.958867e-01 2.805054e+00
7.425958e-01 6.654841e-01 7.538206e-02 1.521350e+02 -6.693646e-01 7.412312e-01 5.027343e-02 -1.029906e+02 -2.241937e-02 -8.779092e-02 9.958866e-01 2.760630e+00
7.427678e-01 6.652440e-01 7.580511e-02 1.531342e+02 -6.692142e-01 7.412032e-01 5.263204e-02 -1.039187e+02 -2.117384e-02 -8.982324e-02 9.957326e-01 2.726897e+00
7.429008e-01 6.648310e-01 7.809028e-02 1.541389e+02 -6.690447e-01 7.412436e-01 5.419532e-02 -1.048418e+02 -2.185319e-02 -9.250763e-02 9.954721e-01 2.694138e+00
7.427669e-01 6.646045e-01 8.122909e-02 1.551455e+02 -6.690688e-01 7.413499e-01 5.241459e-02 -1.057665e+02 -2.538421e-02 -9.327966e-02 9.953163e-01 2.659892e+00
7.424567e-01 6.646511e-01 8.364834e-02 1.561535e+02 -6.692859e-01 7.412965e-01 5.035767e-02 -1.066941e+02 -2.853794e-02 -9.337304e-02 9.952221e-01 2.614286e+00
7.424214e-01 6.648200e-01 8.261272e-02 1.571594e+02 -6.693491e-01 7.412607e-01 5.004272e-02 -1.076189e+02 -2.796816e-02 -9.244954e-02 9.953245e-01 2.558337e+00
7.425641e-01 6.648026e-01 8.146225e-02 1.581622e+02 -6.692685e-01 7.412232e-01 5.165119e-02 -1.085415e+02 -2.604387e-02 -9.287443e-02 9.953372e-01 2.517607e+00
7.427496e-01 6.646931e-01 8.066042e-02 1.591606e+02 -6.690974e-01 7.413430e-01 5.214711e-02 -1.094692e+02 -2.513521e-02 -9.270192e-02 9.953766e-01 2.465397e+00
7.425348e-01 6.649417e-01 8.058907e-02 1.601615e+02 -6.692884e-01 7.413052e-01 5.019629e-02 -1.103983e+02 -2.636349e-02 -9.120982e-02 9.954827e-01 2.426802e+00
7.420407e-01 6.653296e-01 8.192776e-02 1.611684e+02 -6.698086e-01 7.408106e-01 5.055702e-02 -1.113234e+02 -2.705588e-02 -9.239128e-02 9.953551e-01 2.375179e+00
7.416917e-01 6.656531e-01 8.245839e-02 1.621720e+02 -6.701939e-01 7.404294e-01 5.103347e-02 -1.122520e+02 -2.708403e-02 -9.311421e-02 9.952870e-01 2.332517e+00
7.414043e-01 6.659617e-01 8.255117e-02 1.631791e+02 -6.705598e-01 7.399685e-01 5.287893e-02 -1.131763e+02 -2.586993e-02 -9.456016e-02 9.951830e-01 2.288248e+00
7.413002e-01 6.660866e-01 8.247902e-02 1.641827e+02 -6.707212e-01 7.396972e-01 5.459964e-02 -1.141058e+02 -2.464142e-02 -9.579515e-02 9.950960e-01 2.242845e+00
7.411687e-01 6.662566e-01 8.228720e-02 1.651888e+02 -6.708920e-01 7.394825e-01 5.540390e-02 -1.150350e+02 -2.393673e-02 -9.626945e-02 9.950674e-01 2.201393e+00
7.408793e-01 6.662205e-01 8.513587e-02 1.661973e+02 -6.711632e-01 7.391499e-01 5.654561e-02 -1.159660e+02 -2.525632e-02 -9.903354e-02 9.947635e-01 2.177597e+00
7.404875e-01 6.662623e-01 8.816376e-02 1.672098e+02 -6.715063e-01 7.388449e-01 5.645831e-02 -1.168999e+02 -2.752330e-02 -1.010092e-01 9.945047e-01 2.141669e+00
7.402307e-01 6.663616e-01 8.955865e-02 1.682209e+02 -6.717938e-01 7.384558e-01 5.810474e-02 -1.178365e+02 -2.741634e-02 -1.031759e-01 9.942852e-01 2.089434e+00
7.402142e-01 6.666136e-01 8.780205e-02 1.692312e+02 -6.719053e-01 7.382275e-01 5.969444e-02 -1.187732e+02 -2.502476e-02 -1.031813e-01 9.943477e-01 2.044214e+00
7.402895e-01 6.667165e-01 8.637474e-02 1.702433e+02 -6.719013e-01 7.380900e-01 6.141434e-02 -1.197117e+02 -2.280638e-02 -1.034997e-01 9.943680e-01 1.999002e+00
7.404763e-01 6.664455e-01 8.686350e-02 1.712558e+02 -6.717177e-01 7.381246e-01 6.298717e-02 -1.206542e+02 -2.213857e-02 -1.049883e-01 9.942270e-01 1.960231e+00
7.404166e-01 6.662925e-01 8.853043e-02 1.722730e+02 -6.717388e-01 7.381156e-01 6.286698e-02 -1.215985e+02 -2.345789e-02 -1.060171e-01 9.940876e-01 1.930537e+00
7.404447e-01 6.662800e-01 8.838884e-02 1.732897e+02 -6.716799e-01 7.382796e-01 6.155744e-02 -1.225488e+02 -2.424118e-02 -1.049489e-01 9.941821e-01 1.888508e+00
7.402939e-01 6.662400e-01 8.994009e-02 1.743123e+02 -6.717882e-01 7.382325e-01 6.093743e-02 -1.234964e+02 -2.579775e-02 -1.055323e-01 9.940812e-01 1.863867e+00
7.402726e-01 6.661018e-01 9.113092e-02 1.753366e+02 -6.716995e-01 7.385379e-01 5.815066e-02 -1.244485e+02 -2.856938e-02 -1.042599e-01 9.941397e-01 1.835667e+00
7.404290e-01 6.658925e-01 9.138943e-02 1.763647e+02 -6.714757e-01 7.388526e-01 5.672057e-02 -1.254006e+02 -2.975352e-02 -1.033633e-01 9.941985e-01 1.787846e+00
7.408490e-01 6.657419e-01 8.905323e-02 1.773932e+02 -6.711117e-01 7.391088e-01 5.768156e-02 -1.263510e+02 -2.741900e-02 -1.024980e-01 9.943552e-01 1.737058e+00
7.413111e-01 6.655259e-01 8.679374e-02 1.784216e+02 -6.707337e-01 7.392346e-01 6.040219e-02 -1.273010e+02 -2.396171e-02 -1.029923e-01 9.943935e-01 1.701482e+00
7.417978e-01 6.651824e-01 8.525535e-02 1.794509e+02 -6.702975e-01 7.393854e-01 6.332859e-02 -1.282549e+02 -2.091150e-02 -1.041235e-01 9.943445e-01 1.665968e+00
7.423091e-01 6.646768e-01 8.474580e-02 1.804858e+02 -6.697628e-01 7.397752e-01 6.442327e-02 -1.292091e+02 -1.987219e-02 -1.045816e-01 9.943178e-01 1.632265e+00
7.430412e-01 6.639864e-01 8.373662e-02 1.815220e+02 -6.689464e-01 7.406139e-01 6.325948e-02 -1.301679e+02 -2.001308e-02 -1.030197e-01 9.944780e-01 1.592231e+00
7.439827e-01 6.632685e-01 8.102228e-02 1.825596e+02 -6.679075e-01 7.417516e-01 6.086172e-02 -1.311299e+02 -1.973075e-02 -9.939545e-02 9.948524e-01 1.551500e+00
7.449260e-01 6.624561e-01 7.897561e-02 1.836015e+02 -6.668703e-01 7.427908e-01 5.954721e-02 -1.320888e+02 -1.921494e-02 -9.702476e-02 9.950965e-01 1.517843e+00
7.458466e-01 6.617284e-01 7.634428e-02 1.846457e+02 -6.658714e-01 7.437746e-01 5.843440e-02 -1.330475e+02 -1.811524e-02 -9.441857e-02 9.953678e-01 1.481787e+00
7.467074e-01 6.608895e-01 7.518694e-02 1.856913e+02 -6.649252e-01 7.446238e-01 5.839510e-02 -1.340066e+02 -1.739327e-02 -9.359775e-02 9.954582e-01 1.454026e+00
7.471083e-01 6.601474e-01 7.768234e-02 1.867456e+02 -6.644533e-01 7.449095e-01 6.009701e-02 -1.349614e+02 -1.819343e-02 -9.651526e-02 9.951652e-01 1.421191e+00
7.474210e-01 6.595734e-01 7.952852e-02 1.878006e+02 -6.641176e-01 7.449568e-01 6.314387e-02 -1.359202e+02 -1.759730e-02 -1.000113e-01 9.948307e-01 1.376477e+00
7.475345e-01 6.595208e-01 7.889552e-02 1.888604e+02 -6.640685e-01 7.446314e-01 6.735734e-02 -1.368734e+02 -1.432451e-02 -1.027440e-01 9.946047e-01 1.337363e+00
7.476765e-01 6.595125e-01 7.760826e-02 1.899185e+02 -6.639848e-01 7.442602e-01 7.211808e-02 -1.378287e+02 -1.019796e-02 -1.054517e-01 9.943721e-01 1.315254e+00
7.480097e-01 6.592465e-01 7.665165e-02 1.909764e+02 -6.636377e-01 7.443676e-01 7.417496e-02 -1.387894e+02 -8.157420e-03 -1.063525e-01 9.942950e-01 1.303322e+00
7.481765e-01 6.589592e-01 7.748988e-02 1.920414e+02 -6.634466e-01 7.444745e-01 7.480854e-02 -1.397534e+02 -8.393466e-03 -1.073804e-01 9.941826e-01 1.284986e+00
7.482264e-01 6.586471e-01 7.963244e-02 1.931097e+02 -6.633807e-01 7.443986e-01 7.613683e-02 -1.407221e+02 -9.130974e-03 -1.097942e-01 9.939124e-01 1.254501e+00
7.481169e-01 6.583405e-01 8.311957e-02 1.941841e+02 -6.634719e-01 7.442388e-01 7.690038e-02 -1.416897e+02 -1.123417e-02 -1.126780e-01 9.935680e-01 1.246372e+00
7.479712e-01 6.577518e-01 8.889156e-02 1.952606e+02 -6.635575e-01 7.441021e-01 7.748157e-02 -1.426606e+02 -1.518076e-02 -1.169386e-01 9.930231e-01 1.229735e+00
7.477454e-01 6.572695e-01 9.419995e-02 1.963439e+02 -6.637118e-01 7.439504e-01 7.761696e-02 -1.436306e+02 -1.906483e-02 -1.205593e-01 9.925230e-01 1.195129e+00
7.476220e-01 6.570289e-01 9.682115e-02 1.974248e+02 -6.637586e-01 7.440656e-01 7.609842e-02 -1.446055e+02 -2.204242e-02 -1.211587e-01 9.923884e-01 1.158063e+00
7.477267e-01 6.566727e-01 9.841639e-02 1.985040e+02 -6.635948e-01 7.442289e-01 7.592942e-02 -1.455831e+02 -2.338355e-02 -1.220831e-01 9.922444e-01 1.117679e+00
7.481075e-01 6.564547e-01 9.696582e-02 1.995811e+02 -6.632198e-01 7.444759e-01 7.678001e-02 -1.465616e+02 -2.178611e-02 -1.217494e-01 9.923218e-01 1.061803e+00
7.484834e-01 6.558675e-01 9.803315e-02 2.006606e+02 -6.628685e-01 7.442754e-01 8.160585e-02 -1.475356e+02 -1.944104e-02 -1.260637e-01 9.918316e-01 1.021416e+00
7.487433e-01 6.555961e-01 9.786313e-02 2.017391e+02 -6.626245e-01 7.442107e-01 8.413795e-02 -1.485108e+02 -1.767028e-02 -1.278442e-01 9.916368e-01 9.897933e-01
7.486104e-01 6.553618e-01 1.004157e-01 2.028204e+02 -6.627225e-01 7.441142e-01 8.421942e-02 -1.494882e+02 -1.952656e-02 -1.295953e-01 9.913747e-01 9.720438e-01
7.478600e-01 6.557385e-01 1.035010e-01 2.039072e+02 -6.633533e-01 7.442240e-01 7.805811e-02 -1.504693e+02 -2.584224e-02 -1.270343e-01 9.915616e-01 9.594131e-01
7.471837e-01 6.563623e-01 1.044272e-01 2.049886e+02 -6.638594e-01 7.445642e-01 7.010661e-02 -1.514605e+02 -3.173741e-02 -1.217075e-01 9.920585e-01 9.200397e-01
7.464644e-01 6.570280e-01 1.053806e-01 2.060754e+02 -6.645594e-01 7.441620e-01 6.770321e-02 -1.524436e+02 -3.393731e-02 -1.205697e-01 9.921246e-01 8.626587e-01
7.462126e-01 6.574966e-01 1.042355e-01 2.071542e+02 -6.649209e-01 7.437479e-01 6.869666e-02 -1.534299e+02 -3.235711e-02 -1.205707e-01 9.921773e-01 7.931874e-01
7.455698e-01 6.584525e-01 1.027908e-01 2.082337e+02 -6.657567e-01 7.428249e-01 7.056267e-02 -1.544126e+02 -2.989337e-02 -1.210430e-01 9.921970e-01 7.371253e-01
7.445185e-01 6.598144e-01 1.016721e-01 2.093152e+02 -6.669923e-01 7.416686e-01 7.105634e-02 -1.553954e+02 -2.852302e-02 -1.207173e-01 9.922771e-01 6.888270e-01
7.437156e-01 6.605874e-01 1.025253e-01 2.103964e+02 -6.679310e-01 7.406007e-01 7.333987e-02 -1.563821e+02 -2.748292e-02 -1.230238e-01 9.920231e-01 6.433341e-01
7.433480e-01 6.611766e-01 1.013863e-01 2.114724e+02 -6.684311e-01 7.399429e-01 7.539474e-02 -1.573730e+02 -2.517082e-02 -1.238143e-01 9.919861e-01 5.981590e-01
7.427365e-01 6.617666e-01 1.020171e-01 2.125492e+02 -6.691060e-01 7.392961e-01 7.575232e-02 -1.583640e+02 -2.529049e-02 -1.245243e-01 9.918942e-01 5.626979e-01
7.421207e-01 6.625668e-01 1.013023e-01 2.136249e+02 -6.697465e-01 7.389779e-01 7.315261e-02 -1.593604e+02 -2.639167e-02 -1.221349e-01 9.921626e-01 5.205677e-01
7.417719e-01 6.635354e-01 9.744382e-02 2.146968e+02 -6.701667e-01 7.388967e-01 7.005820e-02 -1.603604e+02 -2.551483e-02 -1.172708e-01 9.927722e-01 4.695079e-01
7.411905e-01 6.643393e-01 9.638397e-02 2.157738e+02 -6.708594e-01 7.382053e-01 7.071535e-02 -1.613526e+02 -2.417216e-02 -1.170736e-01 9.928290e-01 4.327612e-01
7.408032e-01 6.652311e-01 9.315717e-02 2.168435e+02 -6.713655e-01 7.377737e-01 7.041542e-02 -1.623519e+02 -2.188639e-02 -1.147065e-01 9.931583e-01 3.895440e-01
7.404972e-01 6.658017e-01 9.149897e-02 2.179122e+02 -6.717549e-01 7.373679e-01 7.094965e-02 -1.633511e+02 -2.023001e-02 -1.140029e-01 9.932744e-01 3.492243e-01
7.402541e-01 6.665246e-01 8.814122e-02 2.189817e+02 -6.720336e-01 7.374190e-01 6.770586e-02 -1.643527e+02 -1.986939e-02 -1.093534e-01 9.938043e-01 3.076587e-01
7.400833e-01 6.668288e-01 8.727033e-02 2.200527e+02 -6.722044e-01 7.374313e-01 6.585079e-02 -1.653530e+02 -2.044467e-02 -1.073986e-01 9.940058e-01 2.753425e-01
7.399673e-01 6.667806e-01 8.861188e-02 2.211275e+02 -6.723049e-01 7.373252e-01 6.601306e-02 -1.663507e+02 -2.131954e-02 -1.084217e-01 9.938764e-01 2.342712e-01
7.401406e-01 6.664531e-01 8.962246e-02 2.222039e+02 -6.721604e-01 7.371451e-01 6.940912e-02 -1.673452e+02 -1.980683e-02 -1.116132e-01 9.935543e-01 1.758216e-01
7.403836e-01 6.661862e-01 8.959966e-02 2.232794e+02 -6.719302e-01 7.371656e-01 7.139056e-02 -1.683360e+02 -1.849039e-02 -1.130611e-01 9.934160e-01 1.426726e-01
7.406531e-01 6.658552e-01 8.983246e-02 2.243542e+02 -6.716554e-01 7.372647e-01 7.293729e-02 -1.693291e+02 -1.766462e-02 -1.143577e-01 9.932826e-01 9.634778e-02
7.411338e-01 6.653817e-01 8.937506e-02 2.254277e+02 -6.711480e-01 7.376321e-01 7.388682e-02 -1.703235e+02 -1.676297e-02 -1.147439e-01 9.932537e-01 6.471790e-02
7.415113e-01 6.651840e-01 8.769979e-02 2.265021e+02 -6.707434e-01 7.381007e-01 7.287375e-02 -1.713154e+02 -1.625682e-02 -1.128608e-01 9.934778e-01 2.592485e-02
7.419252e-01 6.649108e-01 8.625962e-02 2.275752e+02 -6.702734e-01 7.387440e-01 7.064594e-02 -1.723115e+02 -1.675053e-02 -1.102315e-01 9.937648e-01 -6.239405e-03
7.422867e-01 6.647564e-01 8.431734e-02 2.286485e+02 -6.698945e-01 7.391602e-01 6.988281e-02 -1.733059e+02 -1.586897e-02 -1.083568e-01 9.939854e-01 -5.160169e-02
7.426239e-01 6.645031e-01 8.333884e-02 2.297214e+02 -6.695299e-01 7.395305e-01 6.945827e-02 -1.742990e+02 -1.547637e-02 -1.073792e-01 9.940977e-01 -8.341466e-02
7.428636e-01 6.639260e-01 8.576627e-02 2.307937e+02 -6.692303e-01 7.397354e-01 7.015933e-02 -1.752943e+02 -1.686374e-02 -1.095162e-01 9.938419e-01 -1.005174e-01
7.425838e-01 6.641465e-01 8.647940e-02 2.318722e+02 -6.695132e-01 7.395600e-01 6.930416e-02 -1.762845e+02 -1.792859e-02 -1.093632e-01 9.938402e-01 -1.326111e-01
7.422835e-01 6.643847e-01 8.722499e-02 2.329492e+02 -6.698170e-01 7.393605e-01 6.849277e-02 -1.772762e+02 -1.898516e-02 -1.092658e-01 9.938312e-01 -1.640490e-01
7.421253e-01 6.645180e-01 8.755502e-02 2.340256e+02 -6.699854e-01 7.392107e-01 6.846273e-02 -1.782693e+02 -1.922689e-02 -1.094685e-01 9.938043e-01 -2.042034e-01
7.426195e-01 6.640618e-01 8.682318e-02 2.350993e+02 -6.694798e-01 7.395210e-01 7.003994e-02 -1.792621e+02 -1.769671e-02 -1.101394e-01 9.937586e-01 -2.370735e-01
7.434924e-01 6.633059e-01 8.511294e-02 2.361742e+02 -6.685515e-01 7.402898e-01 7.078050e-02 -1.802500e+02 -1.605912e-02 -1.095271e-01 9.938541e-01 -2.698018e-01
7.443206e-01 6.625593e-01 8.367803e-02 2.372484e+02 -6.676356e-01 7.412115e-01 6.977250e-02 -1.812410e+02 -1.579471e-02 -1.077995e-01 9.940472e-01 -3.125517e-01
7.447012e-01 6.619447e-01 8.514236e-02 2.383287e+02 -6.671572e-01 7.417764e-01 6.833039e-02 -1.822290e+02 -1.792566e-02 -1.076891e-01 9.940230e-01 -3.298835e-01
7.448757e-01 6.615116e-01 8.696313e-02 2.394111e+02 -6.669296e-01 7.419509e-01 6.865622e-02 -1.832154e+02 -1.910549e-02 -1.091386e-01 9.938429e-01 -3.611843e-01
