1.000000e+00 0.000000e+00 0.000000e+00 0.000000e+00 0.000000e+00 1.000000e+00 0.000000e+00 0.000000e+00 0.000000e+00 0.000000e+00 1.000000e+00 0.000000e+00
9.999958e-01 -2.630755e-03 -1.237224e-03 2.364098e+00 2.636842e-03 9.999843e-01 4.944281e-03 -6.783632e-03 1.224197e-03 -4.947523e-03 9.999870e-01 9.873391e-03
9.999878e-01 -4.661465e-03 -1.606293e-03 4.718423e+00 4.675705e-03 9.999488e-01 8.978137e-03 1.038410e-02 1.564360e-03 -8.985538e-03 9.999584e-01 4.974235e-03
9.999717e-01 -7.509130e-03 -3.375282e-04 7.083592e+00 7.513553e-03 9.998450e-01 1.592340e-02 1.759380e-02 2.179050e-04 -1.592549e-02 9.998732e-01 1.872327e-02
9.999537e-01 -9.604660e-03 5.221085e-04 9.445289e+00 9.590278e-03 9.996946e-01 2.277769e-02 3.395757e-02 -7.407210e-04 -2.277163e-02 9.997404e-01 1.915193e-02
9.999210e-01 -1.246638e-02 1.598993e-03 1.180282e+01 1.242144e-02 9.995959e-01 2.556812e-02 5.894211e-02 -1.917089e-03 -2.554623e-02 9.996718e-01 -1.589952e-02
9.998813e-01 -1.483873e-02 4.156946e-03 1.416122e+01 1.472013e-02 9.995205e-01 2.723985e-02 8.545237e-02 -4.559158e-03 -2.717542e-02 9.996203e-01 -1.890282e-02
9.998257e-01 -1.797909e-02 5.038037e-03 1.651848e+01 1.783986e-02 9.994913e-01 2.643703e-02 1.117669e-01 -5.510788e-03 -2.634254e-02 9.996378e-01 -6.979811e-02
9.997737e-01 -2.062519e-02 5.206317e-03 1.886810e+01 2.048954e-02 9.994803e-01 2.488642e-02 1.531001e-01 -5.716898e-03 -2.477412e-02 9.996767e-01 -1.130769e-01
9.997099e-01 -2.343848e-02 5.552080e-03 2.121884e+01 2.330005e-02 9.994450e-01 2.380720e-02 1.923272e-01 -6.107003e-03 -2.367093e-02 9.997012e-01 -1.652882e-01
9.996383e-01 -2.622077e-02 5.985490e-03 2.356960e+01 2.607346e-02 9.993840e-01 2.348889e-02 2.381256e-01 -6.597700e-03 -2.332433e-02 9.997062e-01 -2.016419e-01
9.995509e-01 -2.936814e-02 5.964323e-03 2.591509e+01 2.922028e-02 9.992961e-01 2.352529e-02 2.929127e-01 -6.651019e-03 -2.334044e-02 9.997055e-01 -2.343729e-01
9.994353e-01 -3.308841e-02 5.854442e-03 2.825424e+01 3.294246e-02 9.991814e-01 2.348157e-02 3.594428e-01 -6.626618e-03 -2.327545e-02 9.997071e-01 -2.707149e-01
9.992803e-01 -3.750547e-02 5.681525e-03 3.059424e+01 3.735085e-02 9.989835e-01 2.523575e-02 4.286557e-01 -6.622228e-03 -2.500538e-02 9.996654e-01 -2.951223e-01
9.990768e-01 -4.256718e-02 5.795453e-03 3.292452e+01 4.239076e-02 9.987154e-01 2.775865e-02 5.139481e-01 -6.969615e-03 -2.748735e-02 9.995979e-01 -3.125104e-01
9.988061e-01 -4.852828e-02 5.606539e-03 3.524988e+01 4.833540e-02 9.983642e-01 3.053819e-02 6.090037e-01 -7.079334e-03 -3.023074e-02 9.995179e-01 -3.350172e-01
9.985129e-01 -5.426798e-02 5.195750e-03 3.755895e+01 5.406703e-02 9.979875e-01 3.313130e-02 7.297996e-01 -6.983262e-03 -3.280111e-02 9.994375e-01 -3.445024e-01
9.981758e-01 -6.016299e-02 5.048804e-03 3.985319e+01 5.997090e-02 9.976835e-01 3.211093e-02 8.730464e-01 -6.968998e-03 -3.174957e-02 9.994716e-01 -3.677990e-01
9.977407e-01 -6.699231e-02 5.060523e-03 4.213990e+01 6.680823e-02 9.973006e-01 3.046677e-02 1.024023e+00 -7.087901e-03 -3.005985e-02 9.995230e-01 -3.838288e-01
9.971722e-01 -7.497516e-02 5.131815e-03 4.441748e+01 7.480188e-02 9.967991e-01 2.821867e-02 1.195710e+00 -7.231088e-03 -2.775500e-02 9.995886e-01 -3.970382e-01
9.965050e-01 -8.334393e-02 5.612147e-03 4.669077e+01 8.316878e-02 9.961865e-01 2.636968e-02 1.383028e+00 -7.788498e-03 -2.581077e-02 9.996365e-01 -4.296171e-01
9.957379e-01 -9.201693e-02 6.232854e-03 4.896285e+01 9.184173e-02 9.954800e-01 2.418022e-02 1.583483e+00 -8.429671e-03 -2.350473e-02 9.996882e-01 -4.879729e-01
9.948649e-01 -1.010058e-01 6.456037e-03 5.122795e+01 1.008466e-01 9.946700e-01 2.148227e-02 1.804218e+00 -8.591460e-03 -2.072088e-02 9.997484e-01 -5.369431e-01
9.939907e-01 -1.094301e-01 2.753579e-03 5.348114e+01 1.093546e-01 9.938042e-01 1.986969e-02 2.049424e+00 -4.910861e-03 -1.944917e-02 9.997988e-01 -5.843752e-01
9.931255e-01 -1.170496e-01 -1.085221e-03 5.573145e+01 1.170471e-01 9.929138e-01 2.054658e-02 2.310827e+00 -1.327437e-03 -2.053235e-02 9.997883e-01 -6.138337e-01
9.921703e-01 -1.248049e-01 -4.678778e-03 5.798113e+01 1.248799e-01 9.919073e-01 2.291244e-02 2.588218e+00 1.781328e-03 -2.331733e-02 9.997265e-01 -6.517989e-01
9.910583e-01 -1.333611e-01 -4.274544e-03 6.022859e+01 1.334221e-01 9.908326e-01 2.119767e-02 2.888520e+00 1.408413e-03 -2.157845e-02 9.997662e-01 -6.768698e-01
9.896759e-01 -1.432831e-01 -3.386348e-03 6.247752e+01 1.433211e-01 9.895105e-01 1.811393e-02 3.200925e+00 7.554059e-04 -1.841226e-02 9.998302e-01 -6.791184e-01
9.881782e-01 -1.532893e-01 -2.516380e-03 6.471903e+01 1.533096e-01 9.880766e-01 1.416775e-02 3.533440e+00 3.146119e-04 -1.438605e-02 9.998965e-01 -6.599025e-01
9.864947e-01 -1.637759e-01 -2.384118e-03 6.695424e+01 1.637923e-01 9.864335e-01 1.099853e-02 3.889423e+00 5.504798e-04 -1.124049e-02 9.999367e-01 -6.536390e-01
9.847982e-01 -1.735886e-01 -6.280097e-03 6.918180e+01 1.736493e-01 9.847468e-01 1.093976e-02 4.273283e+00 4.285287e-03 -1.186400e-02 9.999204e-01 -6.744157e-01
9.831624e-01 -1.824594e-01 -1.000917e-02 7.140268e+01 1.825795e-01 9.831080e-01 1.278546e-02 4.685636e+00 7.507270e-03 -1.439766e-02 9.998682e-01 -7.037062e-01
9.817435e-01 -1.898069e-01 -1.237390e-02 7.361770e+01 1.900051e-01 9.816268e-01 1.751599e-02 5.125814e+00 8.821900e-03 -1.954731e-02 9.997700e-01 -6.817875e-01
9.804604e-01 -1.961773e-01 -1.455462e-02 7.583233e+01 1.964617e-01 9.802712e-01 2.170680e-02 5.579432e+00 1.000909e-02 -2.414208e-02 9.996584e-01 -6.474755e-01
9.790295e-01 -2.031929e-01 -1.462482e-02 7.804992e+01 2.034719e-01 9.788528e-01 2.112743e-02 6.039866e+00 1.002260e-02 -2.366012e-02 9.996698e-01 -6.512248e-01
9.774633e-01 -2.106101e-01 -1.445075e-02 8.026528e+01 2.108603e-01 9.773357e-01 1.878303e-02 6.513922e+00 1.016734e-02 -2.140681e-02 9.997191e-01 -6.396330e-01
9.757397e-01 -2.184373e-01 -1.473680e-02 8.247626e+01 2.186784e-01 9.756416e-01 1.741593e-02 7.001583e+00 1.057355e-02 -2.021603e-02 9.997397e-01 -6.212004e-01
9.739219e-01 -2.263970e-01 -1.484912e-02 8.468664e+01 2.266365e-01 9.738289e-01 1.712402e-02 7.511575e+00 1.058367e-02 -2.004281e-02 9.997431e-01 -6.314887e-01
9.719295e-01 -2.347779e-01 -1.524673e-02 8.689675e+01 2.350299e-01 9.718283e-01 1.762514e-02 8.041871e+00 1.067921e-02 -2.071383e-02 9.997284e-01 -6.759722e-01
9.698740e-01 -2.431142e-01 -1.549159e-02 8.910340e+01 2.433741e-01 9.697660e-01 1.796788e-02 8.592151e+00 1.065498e-02 -2.119683e-02 9.997185e-01 -7.188473e-01
9.678182e-01 -2.511595e-01 -1.571133e-02 9.130253e+01 2.514151e-01 9.677262e-01 1.721862e-02 9.161897e+00 1.087964e-02 -2.061456e-02 9.997283e-01 -7.345388e-01
9.655401e-01 -2.595090e-01 -1.968265e-02 9.349480e+01 2.598611e-01 9.654761e-01 1.811324e-02 9.746469e+00 1.430258e-02 -2.260382e-02 9.996422e-01 -7.590730e-01
9.634676e-01 -2.670565e-01 -2.027464e-02 9.567890e+01 2.674119e-01 9.634240e-01 1.746427e-02 1.035170e+01 1.486913e-02 -2.224794e-02 9.996419e-01 -7.451412e-01
9.614470e-01 -2.742223e-01 -2.053900e-02 9.786351e+01 2.745784e-01 9.614120e-01 1.713633e-02 1.097166e+01 1.504728e-02 -2.211524e-02 9.996422e-01 -7.375489e-01
9.594137e-01 -2.812456e-01 -2.064754e-02 1.000456e+02 2.815854e-01 9.594042e-01 1.591580e-02 1.160561e+01 1.533309e-02 -2.108388e-02 9.996601e-01 -7.290097e-01
9.572015e-01 -2.886928e-01 -2.053541e-02 1.022197e+02 2.889961e-01 9.572322e-01 1.370447e-02 1.225362e+01 1.570077e-02 -1.905259e-02 9.996952e-01 -6.577108e-01
9.544619e-01 -2.975518e-01 -2.157144e-02 1.043882e+02 2.978020e-01 9.545811e-01 9.426729e-03 1.291655e+01 1.778675e-02 -1.542147e-02 9.997229e-01 -6.342232e-01
9.513642e-01 -3.071811e-01 -2.336495e-02 1.065496e+02 3.073726e-01 9.515760e-01 5.014082e-03 1.359572e+01 2.069330e-02 -1.195196e-02 9.997144e-01 -6.253954e-01
9.485667e-01 -3.154209e-01 -2.703397e-02 1.087030e+02 3.156500e-01 9.488647e-01 4.563149e-03 1.429731e+01 2.421227e-02 -1.286172e-02 9.996241e-01 -5.986651e-01
9.460282e-01 -3.229225e-01 -2.741629e-02 1.108554e+02 3.231618e-01 9.463322e-01 4.674728e-03 1.502551e+01 2.443535e-02 -1.328232e-02 9.996132e-01 -5.819935e-01
9.435909e-01 -3.297395e-01 -3.013526e-02 1.129956e+02 3.301339e-01 9.438905e-01 9.070813e-03 1.578142e+01 2.545338e-02 -1.850781e-02 9.995047e-01 -5.389649e-01
9.408514e-01 -3.370362e-01 -3.471720e-02 1.151203e+02 3.376508e-01 9.411744e-01 1.351948e-02 1.655427e+01 2.811839e-02 -2.444211e-02 9.993057e-01 -4.904590e-01
9.380590e-01 -3.446501e-01 -3.552064e-02 1.172485e+02 3.453033e-01 9.383855e-01 1.408282e-02 1.734381e+01 2.847841e-02 -2.547591e-02 9.992697e-01 -5.085009e-01
9.351234e-01 -3.528758e-01 -3.198265e-02 1.193823e+02 3.534365e-01 9.353563e-01 1.382476e-02 1.814509e+01 2.503675e-02 -2.423169e-02 9.993928e-01 -4.448324e-01
9.319037e-01 -3.614752e-01 -2.985230e-02 1.215041e+02 3.619144e-01 9.321495e-01 1.073500e-02 1.895464e+01 2.394637e-02 -2.080796e-02 9.994967e-01 -4.245504e-01
9.285596e-01 -3.701371e-01 -2.785114e-02 1.236150e+02 3.704703e-01 9.288119e-01 7.758326e-03 1.978091e+01 2.299683e-02 -1.752209e-02 9.995820e-01 -4.043238e-01
9.252912e-01 -3.784585e-01 -2.460329e-02 1.257245e+02 3.786823e-01 9.255132e-01 5.002414e-03 2.062506e+01 2.087747e-02 -1.394552e-02 9.996848e-01 -3.820740e-01
9.220391e-01 -3.865113e-01 -2.128307e-02 1.278261e+02 3.866329e-01 9.222320e-01 1.765694e-03 2.148373e+01 1.894547e-02 -9.856775e-03 9.997719e-01 -3.696743e-01
9.190881e-01 -3.935234e-01 -2.040709e-02 1.299064e+02 3.935803e-01 9.192893e-01 -1.316999e-03 2.235325e+01 1.927828e-02 -6.821389e-03 9.997909e-01 -3.679557e-01
9.167280e-01 -3.989637e-01 -2.092058e-02 1.319713e+02 3.989926e-01 9.169494e-01 -2.957501e-03 2.323708e+01 2.036305e-02 -5.635933e-03 9.997768e-01 -3.522970e-01
9.145483e-01 -4.039190e-01 -2.123145e-02 1.340300e+02 4.039091e-01 9.147858e-01 -4.942827e-03 2.412982e+01 2.141873e-02 -4.055120e-03 9.997624e-01 -3.374069e-01
9.120067e-01 -4.096882e-01 -1.998186e-02 1.360798e+02 4.096083e-01 9.122253e-01 -8.125948e-03 2.503103e+01 2.155706e-02 -7.738153e-04 9.997673e-01 -2.886287e-01
9.092176e-01 -4.159754e-01 -1.696546e-02 1.381346e+02 4.158518e-01 9.093726e-01 -1.042840e-02 2.595346e+01 1.976588e-02 2.426564e-03 9.998017e-01 -2.797062e-01
9.061891e-01 -4.226250e-01 -1.447197e-02 1.401777e+02 4.224690e-01 9.062887e-01 -1.267750e-02 2.689091e+01 1.847361e-02 5.374250e-03 9.998149e-01 -2.806655e-01
9.028400e-01 -4.297430e-01 -1.417366e-02 1.421973e+02 4.295354e-01 9.029163e-01 -1.553852e-02 2.783187e+01 1.947519e-02 7.940706e-03 9.997788e-01 -2.624377e-01
8.993212e-01 -4.370163e-01 -1.543210e-02 1.441949e+02 4.367233e-01 8.993929e-01 -1.910965e-02 2.878084e+01 2.223075e-02 1.044616e-02 9.996983e-01 -2.294643e-01
8.957720e-01 -4.442523e-01 -1.524338e-02 1.461931e+02 4.439356e-01 8.958292e-01 -2.027830e-02 2.975846e+01 2.266414e-02 1.139766e-02 9.996782e-01 -2.074089e-01
8.923103e-01 -4.511993e-01 -1.419825e-02 1.481894e+02 4.509179e-01 8.923585e-01 -1.922013e-02 3.076320e+01 2.134204e-02 1.074807e-02 9.997145e-01 -1.962212e-01
8.885110e-01 -4.585984e-01 -1.535208e-02 1.501600e+02 4.582913e-01 8.885805e-01 -1.984538e-02 3.177381e+01 2.274262e-02 1.059711e-02 9.996852e-01 -1.916082e-01
8.840555e-01 -4.671488e-01 -1.476033e-02 1.521157e+02 4.667737e-01 8.840753e-01 -2.308858e-02 3.278621e+01 2.383505e-02 1.352185e-02 9.996245e-01 -1.323609e-01
8.790795e-01 -4.765294e-01 -1.178607e-02 1.540695e+02 4.760877e-01 8.789549e-01 -2.790587e-02 3.381163e+01 2.365739e-02 1.892028e-02 9.995411e-01 -8.051147e-02
8.739556e-01 -4.858956e-01 -1.034661e-02 1.560043e+02 4.853780e-01 8.737106e-01 -3.221679e-02 3.485371e+01 2.469394e-02 2.313403e-02 9.994273e-01 -3.365215e-02
8.687560e-01 -4.951329e-01 -1.031552e-02 1.579157e+02 4.945552e-01 8.684612e-01 -3.450071e-02 3.591797e+01 2.604106e-02 2.487111e-02 9.993514e-01 3.367044e-02
8.636959e-01 -5.038726e-01 -1.190947e-02 1.598075e+02 5.032495e-01 8.634465e-01 -3.464146e-02 3.701258e+01 2.773807e-02 2.392625e-02 9.993288e-01 7.719648e-02
8.586974e-01 -5.122477e-01 -1.552612e-02 1.616792e+02 5.115933e-01 8.585976e-01 -3.289984e-02 3.813033e+01 3.018356e-02 2.030795e-02 9.993381e-01 1.208268e-01
8.537883e-01 -5.203590e-01 -1.649111e-02 1.635468e+02 5.196991e-01 8.537335e-01 -3.243491e-02 3.927292e+01 3.095681e-02 1.912213e-02 9.993378e-01 1.331959e-01
8.486636e-01 -5.287859e-01 -1.246970e-02 1.654223e+02 5.280784e-01 8.483966e-01 -3.682952e-02 4.042540e+01 3.005418e-02 2.467090e-02 9.992438e-01 9.607510e-02
8.429177e-01 -5.379885e-01 -7.619567e-03 1.672895e+02 5.372438e-01 8.423534e-01 -4.254185e-02 4.158050e+01 2.930540e-02 3.176572e-02 9.990656e-01 8.283331e-02
8.373443e-01 -5.465905e-01 -9.663920e-03 1.691160e+02 5.456930e-01 8.367678e-01 -4.515419e-02 4.274253e+01 3.276731e-02 3.253607e-02 9.989333e-01 1.251779e-01
8.332735e-01 -5.525774e-01 -1.770553e-02 1.709037e+02 5.516422e-01 8.331353e-01 -3.970388e-02 4.393415e+01 3.669057e-02 2.331707e-02 9.990546e-01 2.435504e-01
8.306781e-01 -5.561610e-01 -2.566908e-02 1.726830e+02 5.553317e-01 8.309687e-01 -3.313360e-02 4.515818e+01 3.975781e-02 1.326850e-02 9.991212e-01 3.107559e-01
8.282077e-01 -5.596415e-01 -2.955420e-02 1.744804e+02 5.588737e-01 8.286877e-01 -3.060740e-02 4.640002e+01 4.162038e-02 8.832218e-03 9.990945e-01 2.832645e-01
8.243638e-01 -5.653154e-01 -2.902980e-02 1.762885e+02 5.644712e-01 8.248079e-01 -3.262135e-02 4.764081e+01 4.238536e-02 1.050538e-02 9.990461e-01 2.651617e-01
8.193087e-01 -5.727576e-01 -2.611485e-02 1.780915e+02 5.717250e-01 8.195645e-01 -3.800739e-02 4.886647e+01 4.317183e-02 1.620928e-02 9.989362e-01 3.111675e-01
8.140877e-01 -5.800709e-01 -2.790932e-02 1.798568e+02 5.789381e-01 8.144062e-01 -3.966454e-02 5.009690e+01 4.573777e-02 1.613265e-02 9.988232e-01 4.437898e-01
8.099605e-01 -5.857190e-01 -2.995277e-02 1.816015e+02 5.846257e-01 8.104028e-01 -3.821116e-02 5.135652e+01 4.665481e-02 1.343838e-02 9.988207e-01 6.051787e-01
8.065846e-01 -5.902906e-01 -3.127905e-02 1.833705e+02 5.891197e-01 8.070788e-01 -3.952029e-02 5.264323e+01 4.857311e-02 1.344935e-02 9.987291e-01 6.306590e-01
8.028053e-01 -5.954335e-01 -3.102433e-02 1.851495e+02 5.940265e-01 8.032205e-01 -4.437851e-02 5.393666e+01 5.134383e-02 1.719803e-02 9.985329e-01 6.229691e-01
7.985239e-01 -6.013009e-01 -2.822746e-02 1.869196e+02 5.998057e-01 7.987533e-01 -4.718487e-02 5.521563e+01 5.091908e-02 2.074725e-02 9.984873e-01 7.604394e-01
7.943423e-01 -6.067866e-01 -2.881486e-02 1.886703e+02 6.050936e-01 7.945356e-01 -5.074292e-02 5.650709e+01 5.368456e-02 2.287156e-02 9.982960e-01 8.720612e-01
7.910431e-01 -6.109737e-01 -3.101515e-02 1.903924e+02 6.091728e-01 7.913423e-01 -5.182581e-02 5.781860e+01 5.620780e-02 2.210286e-02 9.981744e-01 1.023108e+00
7.881455e-01 -6.146365e-01 -3.238407e-02 1.921112e+02 6.128041e-01 7.885296e-01 -5.188622e-02 5.914443e+01 5.742697e-02 2.104880e-02 9.981278e-01 1.193563e+00
7.850476e-01 -6.186070e-01 -3.202519e-02 1.938263e+02 6.170757e-01 7.855196e-01 -4.665451e-02 6.047850e+01 5.401722e-02 1.686405e-02 9.983976e-01 1.451805e+00
7.820278e-01 -6.227842e-01 -2.392444e-02 1.955475e+02 6.215073e-01 7.821378e-01 -4.460048e-02 6.182322e+01 4.648868e-02 2.000960e-02 9.987184e-01 1.705760e+00
7.786731e-01 -6.273249e-01 -1.147377e-02 1.972835e+02 6.261346e-01 7.781102e-01 -4.999970e-02 6.317534e+01 4.029391e-02 3.174930e-02 9.986833e-01 1.823322e+00
7.750330e-01 -6.318752e-01 -7.585394e-03 1.990085e+02 6.306804e-01 7.742077e-01 -5.333474e-02 6.453769e+01 3.957357e-02 3.655223e-02 9.985479e-01 1.907576e+00
7.718045e-01 -6.358528e-01 -3.001254e-03 2.007217e+02 6.346190e-01 7.705845e-01 -5.880726e-02 6.590853e+01 3.970548e-02 4.348306e-02 9.982648e-01 1.990210e+00
7.691063e-01 -6.391169e-01 2.257345e-03 2.024333e+02 6.378948e-01 7.674074e-01 -6.462292e-02 6.729159e+01 3.956930e-02 5.114184e-02 9.979072e-01 2.055140e+00
7.667100e-01 -6.419929e-01 9.630267e-04 2.041394e+02 6.405995e-01 7.649454e-01 -6.701355e-02 6.868529e+01 4.228556e-02 5.199687e-02 9.977516e-01 2.120271e+00
7.653537e-01 -6.436098e-01 2.343862e-04 2.058352e+02 6.421352e-01 7.635753e-01 -6.793461e-02 7.009010e+01 4.354441e-02 5.214451e-02 9.976897e-01 2.211012e+00
7.650706e-01 -6.439157e-01 6.293340e-03 2.075369e+02 6.427984e-01 7.630868e-01 -6.714659e-02 7.150309e+01 3.843438e-02 5.541723e-02 9.977233e-01 2.289477e+00
7.655426e-01 -6.432138e-01 1.485042e-02 2.092549e+02 6.427388e-01 7.635354e-01 -6.245409e-02 7.291517e+01 2.883251e-02 5.735621e-02 9.979373e-01 2.403368e+00
7.670863e-01 -6.413058e-01 1.747818e-02 2.109743e+02 6.410910e-01 7.652368e-01 -5.843797e-02 7.433303e+01 2.410166e-02 5.603207e-02 9.981380e-01 2.453158e+00
7.690322e-01 -6.389653e-01 1.768490e-02 2.127029e+02 6.388532e-01 7.673843e-01 -5.466265e-02 7.574220e+01 2.135642e-02 5.333539e-02 9.983483e-01 2.543004e+00
7.705247e-01 -6.373786e-01 6.337106e-03 2.144331e+02 6.366849e-01 7.691359e-01 -5.533845e-02 7.715417e+01 3.039745e-02 4.667438e-02 9.984475e-01 2.547055e+00
7.704446e-01 -6.374140e-01 1.088605e-02 2.161729e+02 6.363208e-01 7.678580e-01 -7.409395e-02 7.854000e+01 3.886958e-02 6.401231e-02 9.971918e-01 2.632272e+00
7.700792e-01 -6.378130e-01 1.313684e-02 2.179049e+02 6.367651e-01 7.672345e-01 -7.669062e-02 7.993786e+01 3.883524e-02 6.742293e-02 9.969684e-01 2.759569e+00
7.701657e-01 -6.375431e-01 1.958705e-02 2.196488e+02 6.369496e-01 7.670975e-01 -7.652813e-02 8.134850e+01 3.376480e-02 7.141530e-02 9.968750e-01 2.852133e+00
7.705391e-01 -6.369141e-01 2.469637e-02 2.213994e+02 6.367516e-01 7.674484e-01 -7.463528e-02 8.276240e+01 2.858307e-02 7.323485e-02 9.969050e-01 2.964041e+00
7.709525e-01 -6.364772e-01 2.300103e-02 2.231479e+02 6.361625e-01 7.678376e-01 -7.564853e-02 8.418407e+01 3.048751e-02 7.295382e-02 9.968692e-01 3.002172e+00
7.710325e-01 -6.364558e-01 2.080638e-02 2.249002e+02 6.359184e-01 7.678444e-01 -7.760589e-02 8.559884e+01 3.341665e-02 7.306782e-02 9.967670e-01 3.073048e+00
7.711934e-01 -6.363117e-01 1.918554e-02 2.266500e+02 6.355384e-01 7.678160e-01 -8.092900e-02 8.702351e+01 3.676511e-02 7.460506e-02 9.965352e-01 3.128704e+00
7.710705e-01 -6.364291e-01 2.020567e-02 2.284078e+02 6.356889e-01 7.675671e-01 -8.210023e-02 8.845100e+01 3.674177e-02 7.614959e-02 9.964192e-01 3.193115e+00
7.709986e-01 -6.364631e-01 2.181386e-02 2.301711e+02 6.357988e-01 7.673353e-01 -8.340489e-02 8.988792e+01 3.634559e-02 7.817428e-02 9.962770e-01 3.244580e+00
7.712977e-01 -6.359972e-01 2.464600e-02 2.319447e+02 6.355215e-01 7.674469e-01 -8.448428e-02 9.132661e+01 3.481727e-02 8.082559e-02 9.961200e-01 3.305812e+00
7.720925e-01 -6.349816e-01 2.591424e-02 2.337275e+02 6.345656e-01 7.680815e-01 -8.589127e-02 9.276808e+01 3.463513e-02 8.276029e-02 9.959674e-01 3.379782e+00
7.729011e-01 -6.339384e-01 2.731284e-02 2.355141e+02 6.335635e-01 7.686420e-01 -8.824255e-02 9.421330e+01 3.494654e-02 8.550718e-02 9.957245e-01 3.434150e+00
7.732836e-01 -6.335024e-01 2.659295e-02 2.373122e+02 6.330782e-01 7.690732e-01 -8.796818e-02 9.565719e+01 3.527613e-02 8.485977e-02 9.957683e-01 3.505886e+00
7.734351e-01 -6.332251e-01 2.870936e-02 2.391128e+02 6.329278e-01 7.690103e-01 -8.958588e-02 9.710804e+01 3.465023e-02 8.745982e-02 9.955652e-01 3.557886e+00
7.733158e-01 -6.331984e-01 3.228894e-02 2.409250e+02 6.331188e-01 7.684973e-01 -9.258743e-02 9.855779e+01 3.381224e-02 9.204206e-02 9.951809e-01 3.630875e+00
7.731715e-01 -6.332544e-01 3.456453e-02 2.427343e+02 6.332931e-01 7.680130e-01 -9.537257e-02 1.000175e+02 3.384909e-02 9.562883e-02 9.948414e-01 3.678050e+00
7.731279e-01 -6.334000e-01 3.282813e-02 2.445478e+02 6.332752e-01 7.680362e-01 -9.530414e-02 1.014807e+02 3.515244e-02 9.447154e-02 9.949067e-01 3.723301e+00
7.731910e-01 -6.332604e-01 3.401499e-02 2.463591e+02 6.332256e-01 7.679932e-01 -9.597810e-02 1.029495e+02 3.465585e-02 9.574857e-02 9.948021e-01 3.786490e+00
7.732418e-01 -6.330464e-01 3.673338e-02 2.481808e+02 6.331976e-01 7.677224e-01 -9.830155e-02 1.044188e+02 3.402841e-02 9.927035e-02 9.944785e-01 3.854796e+00
7.732166e-01 -6.329995e-01 3.804825e-02 2.500070e+02 6.332300e-01 7.674968e-01 -9.984206e-02 1.058895e+02 3.399807e-02 1.012928e-01 9.942756e-01 3.914672e+00
7.733200e-01 -6.329256e-01 3.716687e-02 2.518318e+02 6.330359e-01 7.675390e-01 -1.007443e-01 1.073678e+02 3.523660e-02 1.014355e-01 9.942179e-01 3.963773e+00
7.734656e-01 -6.327455e-01 3.720375e-02 2.536575e+02 6.328422e-01 7.676294e-01 -1.012713e-01 1.088492e+02 3.552029e-02 1.018740e-01 9.941630e-01 4.027160e+00
7.734254e-01 -6.327981e-01 3.714536e-02 2.554910e+02 6.328381e-01 7.674479e-01 -1.026628e-01 1.103311e+02 3.645769e-02 1.029090e-01 9.940224e-01 4.086312e+00
7.732912e-01 -6.328098e-01 3.965333e-02 2.573257e+02 6.330345e-01 7.670003e-01 -1.047755e-01 1.118169e+02 3.588884e-02 1.061239e-01 9.937050e-01 4.148561e+00
7.729961e-01 -6.329443e-01 4.311089e-02 2.591676e+02 6.334263e-01 7.662281e-01 -1.080075e-01 1.133038e+02 3.532997e-02 1.107970e-01 9.932149e-01 4.205224e+00
7.726332e-01 -6.331146e-01 4.694580e-02 2.610141e+02 6.339442e-01 7.654605e-01 -1.103860e-01 1.147936e+02 3.395185e-02 1.150489e-01 9.927794e-01 4.252843e+00
7.723156e-01 -6.332479e-01 5.025618e-02 2.628674e+02 6.343976e-01 7.648045e-01 -1.123111e-01 1.162809e+02 3.268462e-02 1.186220e-01 9.924014e-01 4.333111e+00
7.720733e-01 -6.334086e-01 5.192560e-02 2.647204e+02 6.346565e-01 7.641395e-01 -1.153344e-01 1.177726e+02 3.337543e-02 1.220016e-01 9.919686e-01 4.397184e+00
7.720001e-01 -6.334437e-01 5.258265e-02 2.665687e+02 6.346755e-01 7.636941e-01 -1.181454e-01 1.192727e+02 3.468140e-02 1.245812e-01 9.916031e-01 4.446292e+00
7.719602e-01 -6.333952e-01 5.373973e-02 2.684246e+02 6.347025e-01 7.633604e-01 -1.201396e-01 1.207709e+02 3.507309e-02 1.268518e-01 9.913014e-01 4.523205e+00
7.719698e-01 -6.333411e-01 5.423652e-02 2.702774e+02 6.346417e-01 7.630978e-01 -1.221133e-01 1.222765e+02 3.595161e-02 1.286886e-01 9.910332e-01 4.588010e+00
7.718080e-01 -6.331478e-01 5.861976e-02 2.721336e+02 6.348698e-01 7.621977e-01 -1.264716e-01 1.237871e+02 3.539536e-02 1.348277e-01 9.902367e-01 4.644649e+00
7.716236e-01 -6.331686e-01 6.078285e-02 2.739961e+02 6.350798e-01 7.615302e-01 -1.294038e-01 1.252956e+02 3.564648e-02 1.384530e-01 9.897273e-01 4.709548e+00
7.714179e-01 -6.331503e-01 6.352251e-02 2.758609e+02 6.353442e-01 7.608256e-01 -1.322202e-01 1.268049e+02 3.538569e-02 1.423557e-01 9.891829e-01 4.787621e+00
7.712667e-01 -6.329443e-01 6.729990e-02 2.777318e+02 6.355486e-01 7.599669e-01 -1.361183e-01 1.283132e+02 3.500959e-02 1.477559e-01 9.884040e-01 4.859015e+00
7.711891e-01 -6.327472e-01 6.998812e-02 2.796048e+02 6.356573e-01 7.593716e-01 -1.389051e-01 1.298249e+02 3.474480e-02 1.516105e-01 9.878295e-01 4.937630e+00
7.712739e-01 -6.325631e-01 7.071420e-02 2.814709e+02 6.355519e-01 7.592807e-01 -1.398811e-01 1.313458e+02 3.479169e-02 1.528292e-01 9.876400e-01 4.997495e+00
7.712991e-01 -6.324069e-01 7.182783e-02 2.833427e+02 6.354708e-01 7.588349e-01 -1.426413e-01 1.328677e+02 3.570187e-02 1.556636e-01 9.871647e-01 5.050712e+00
7.712527e-01 -6.323764e-01 7.259098e-02 2.852127e+02 6.355259e-01 7.586133e-01 -1.435711e-01 1.343906e+02 3.572249e-02 1.568630e-01 9.869741e-01 5.116916e+00
7.713003e-01 -6.321761e-01 7.381828e-02 2.870831e+02 6.354688e-01 7.583814e-01 -1.450416e-01 1.359181e+02 3.570943e-02 1.587798e-01 9.866680e-01 5.183854e+00
7.710450e-01 -6.322724e-01 7.563888e-02 2.889614e+02 6.358024e-01 7.578285e-01 -1.464625e-01 1.374443e+02 3.528292e-02 1.610206e-01 9.863202e-01 5.238599e+00
7.707967e-01 -6.324554e-01 7.663346e-02 2.908391e+02 6.361025e-01 7.573593e-01 -1.475820e-01 1.389712e+02 3.529998e-02 1.625025e-01 9.860765e-01 5.312944e+00
7.706449e-01 -6.324484e-01 7.820144e-02 2.927157e+02 6.362950e-01 7.568891e-01 -1.491564e-01 1.405004e+02 3.514390e-02 1.647058e-01 9.857164e-01 5.384708e+00
7.705230e-01 -6.322428e-01 8.101469e-02 2.945966e+02 6.364151e-01 7.559720e-01 -1.532389e-01 1.420287e+02 3.563936e-02 1.696331e-01 9.848627e-01 5.451678e+00
7.704342e-01 -6.323270e-01 8.120190e-02 2.964789e+02 6.365131e-01 7.557984e-01 -1.536878e-01 1.435602e+02 3.580866e-02 1.700924e-01 9.847773e-01 5.506467e+00
7.703493e-01 -6.322651e-01 8.247891e-02 2.983637e+02 6.366041e-01 7.553515e-01 -1.554970e-01 1.450891e+02 3.601475e-02 1.722934e-01 9.843871e-01 5.583422e+00
7.703207e-01 -6.321185e-01 8.385807e-02 3.002403e+02 6.366529e-01 7.550522e-01 -1.567457e-01 1.466293e+02 3.576465e-02 1.741330e-01 9.840725e-01 5.646021e+00
7.701509e-01 -6.322491e-01 8.443163e-02 3.021252e+02 6.368511e-01 7.547165e-01 -1.575554e-01 1.481624e+02 3.589233e-02 1.751118e-01 9.838941e-01 5.722700e+00
7.703239e-01 -6.320888e-01 8.405279e-02 3.040093e+02 6.366400e-01 7.549625e-01 -1.572296e-01 1.496948e+02 3.592637e-02 1.746291e-01 9.839786e-01 5.814975e+00
7.708200e-01 -6.314984e-01 8.394205e-02 3.058879e+02 6.360462e-01 7.554865e-01 -1.571159e-01 1.512357e+02 3.580138e-02 1.744991e-01 9.840063e-01 5.876045e+00
7.713463e-01 -6.307921e-01 8.441738e-02 3.077720e+02 6.354290e-01 7.559615e-01 -1.573283e-01 1.527805e+02 3.542516e-02 1.749959e-01 9.839317e-01 5.912288e+00
7.716414e-01 -6.301405e-01 8.655941e-02 3.096633e+02 6.350417e-01 7.555520e-01 -1.608204e-01 1.543158e+02 3.593929e-02 1.790645e-01 9.831807e-01 5.968917e+00
7.716681e-01 -6.298093e-01 8.870477e-02 3.115608e+02 6.350100e-01 7.550285e-01 -1.633841e-01 1.558417e+02 3.592618e-02 1.824067e-01 9.825666e-01 6.050707e+00
7.720322e-01 -6.290098e-01 9.117546e-02 3.134461e+02 6.345830e-01 7.547988e-01 -1.660821e-01 1.573865e+02 3.564814e-02 1.860791e-01 9.818879e-01 6.076884e+00
7.722116e-01 -6.284047e-01 9.379096e-02 3.153485e+02 6.344167e-01 7.545469e-01 -1.678524e-01 1.589135e+02 3.470954e-02 1.891201e-01 9.813403e-01 6.169137e+00
7.724967e-01 -6.279048e-01 9.478641e-02 3.172459e+02 6.340538e-01 7.544560e-01 -1.696228e-01 1.604458e+02 3.499479e-02 1.911327e-01 9.809402e-01 6.233649e+00
7.728491e-01 -6.273083e-01 9.585684e-02 3.191418e+02 6.336162e-01 7.544444e-01 -1.713016e-01 1.619804e+02 3.514028e-02 1.931268e-01 9.805443e-01 6.305080e+00
7.732488e-01 -6.267433e-01 9.632845e-02 3.210356e+02 6.331480e-01 7.547906e-01 -1.715070e-01 1.635217e+02 3.478306e-02 1.936078e-01 9.804622e-01 6.350573e+00
7.733998e-01 -6.262409e-01 9.836199e-02 3.229419e+02 6.329951e-01 7.545476e-01 -1.731333e-01 1.650505e+02 3.420438e-02 1.961639e-01 9.799744e-01 6.428151e+00
7.735626e-01 -6.259645e-01 9.883981e-02 3.248408e+02 6.327946e-01 7.545549e-01 -1.738329e-01 1.665878e+02 3.423317e-02 1.970159e-01 9.798024e-01 6.481637e+00
7.736743e-01 -6.258051e-01 9.897509e-02 3.267476e+02 6.326675e-01 7.546743e-01 -1.737770e-01 1.681180e+02 3.405658e-02 1.970652e-01 9.797987e-01 6.553237e+00
7.739520e-01 -6.250409e-01 1.015980e-01 3.286545e+02 6.323557e-01 7.543575e-01 -1.762695e-01 1.696515e+02 3.353446e-02 2.006702e-01 9.790847e-01 6.620988e+00
7.743429e-01 -6.243167e-01 1.030613e-01 3.305585e+02 6.318592e-01 7.541906e-01 -1.787472e-01 1.711858e+02 3.386697e-02 2.035318e-01 9.784824e-01 6.683318e+00
7.745945e-01 -6.238310e-01 1.041068e-01 3.324690e+02 6.315353e-01 7.540248e-01 -1.805817e-01 1.727146e+02 3.415337e-02 2.056248e-01 9.780348e-01 6.762263e+00
7.748802e-01 -6.234873e-01 1.040397e-01 3.343766e+02 6.311791e-01 7.542684e-01 -1.808098e-01 1.742481e+02 3.425873e-02 2.057737e-01 9.779998e-01 6.827715e+00
7.752098e-01 -6.230831e-01 1.040063e-01 3.362880e+02 6.307761e-01 7.545873e-01 -1.808856e-01 1.757796e+02 3.422499e-02 2.058290e-01 9.779893e-01 6.906185e+00
7.756354e-01 -6.224663e-01 1.045254e-01 3.381906e+02 6.302738e-01 7.549490e-01 -1.811270e-01 1.773209e+02 3.383409e-02 2.063681e-01 9.778893e-01 6.959986e+00
7.757839e-01 -6.218358e-01 1.071429e-01 3.401065e+02 6.301577e-01 7.547360e-01 -1.824140e-01 1.788537e+02 3.256697e-02 2.090307e-01 9.773666e-01 7.024464e+00
7.758569e-01 -6.212855e-01 1.097743e-01 3.420194e+02 6.300664e-01 7.540134e-01 -1.856883e-01 1.803883e+02 3.259421e-02 2.132327e-01 9.764576e-01 7.073568e+00
7.758011e-01 -6.209740e-01 1.119105e-01 3.439383e+02 6.301329e-01 7.533056e-01 -1.883165e-01 1.819163e+02 3.263689e-02 2.166147e-01 9.757115e-01 7.141747e+00
7.758556e-01 -6.207206e-01 1.129336e-01 3.458545e+02 6.300703e-01 7.530732e-01 -1.894523e-01 1.834482e+02 3.254968e-02 2.181437e-01 9.753737e-01 7.207957e+00
7.760150e-01 -6.206349e-01 1.123075e-01 3.477685e+02 6.298557e-01 7.532849e-01 -1.893243e-01 1.849821e+02 3.290174e-02 2.176560e-01 9.754708e-01 7.271788e+00
7.763453e-01 -6.203095e-01 1.118215e-01 3.496760e+02 6.294463e-01 7.537134e-01 -1.889800e-01 1.865269e+02 3.294473e-02 2.170994e-01 9.755934e-01 7.307695e+00
7.765616e-01 -6.198810e-01 1.126926e-01 3.515921e+02 6.291775e-01 7.536273e-01 -1.902145e-01 1.880631e+02 3.298208e-02 2.186169e-01 9.752532e-01 7.369761e+00
7.765563e-01 -6.197574e-01 1.134064e-01 3.535145e+02 6.291555e-01 7.532149e-01 -1.919132e-01 1.895942e+02 3.352023e-02 2.203817e-01 9.748376e-01 7.420548e+00
7.766214e-01 -6.195864e-01 1.138947e-01 3.554303e+02 6.290649e-01 7.530532e-01 -1.928427e-01 1.911292e+02 3.371399e-02 2.214129e-01 9.745972e-01 7.481883e+00
7.768545e-01 -6.190500e-01 1.152135e-01 3.573464e+02 6.287958e-01 7.529732e-01 -1.940291e-01 1.926675e+02 3.336109e-02 2.231781e-01 9.742066e-01 7.537902e+00
7.769565e-01 -6.186947e-01 1.164279e-01 3.592641e+02 6.286790e-01 7.527448e-01 -1.952895e-01 1.942057e+02 3.318405e-02 2.249272e-01 9.738103e-01 7.588503e+00
7.766707e-01 -6.189640e-01 1.169027e-01 3.611861e+02 6.289725e-01 7.519419e-01 -1.974258e-01 1.957399e+02 3.429545e-02 2.268634e-01 9.733226e-01 7.643970e+00
7.761079e-01 -6.196598e-01 1.169542e-01 3.631114e+02 6.296313e-01 7.511945e-01 -1.981699e-01 1.972690e+02 3.494255e-02 2.274392e-01 9.731652e-01 7.712424e+00
7.754710e-01 -6.204939e-01 1.167563e-01 3.650347e+02 6.303864e-01 7.505066e-01 -1.983755e-01 1.987993e+02 3.546441e-02 2.274361e-01 9.731470e-01 7.800651e+00
7.749840e-01 -6.209949e-01 1.173252e-01 3.669488e+02 6.309776e-01 7.498462e-01 -1.989925e-01 2.003430e+02 3.559748e-02 2.282456e-01 9.729526e-01 7.855631e+00
7.745027e-01 -6.214018e-01 1.183446e-01 3.688672e+02 6.315939e-01 7.492607e-01 -1.992424e-01 2.018871e+02 3.513864e-02 2.290595e-01 9.727780e-01 7.915409e+00
7.738019e-01 -6.219917e-01 1.198209e-01 3.707916e+02 6.324630e-01 7.482384e-01 -2.003243e-01 2.034225e+02 3.494549e-02 2.307936e-01 9.723750e-01 8.002185e+00
7.732458e-01 -6.228209e-01 1.191010e-01 3.727073e+02 6.330867e-01 7.476149e-01 -2.006820e-01 2.049667e+02 3.594727e-02 2.305778e-01 9.723897e-01 8.063719e+00
7.730859e-01 -6.230997e-01 1.186805e-01 3.746149e+02 6.332698e-01 7.475313e-01 -2.004154e-01 2.065200e+02 3.616141e-02 2.300951e-01 9.724961e-01 8.120023e+00
7.729469e-01 -6.232951e-01 1.185588e-01 3.765240e+02 6.334347e-01 7.474184e-01 -2.003153e-01 2.080703e+02 3.624254e-02 2.299324e-01 9.725315e-01 8.194698e+00
7.724726e-01 -6.240282e-01 1.177919e-01 3.784354e+02 6.340267e-01 7.473309e-01 -1.987630e-01 2.096185e+02 3.600421e-02 2.282222e-01 9.729431e-01 8.270248e+00
7.720761e-01 -6.248979e-01 1.157633e-01 3.803450e+02 6.344999e-01 7.475617e-01 -1.963705e-01 2.111671e+02 3.617133e-02 2.250648e-01 9.736722e-01 8.341673e+00
7.718403e-01 -6.250791e-01 1.163558e-01 3.822545e+02 6.347979e-01 7.472359e-01 -1.966470e-01 2.127155e+02 3.597472e-02 2.256425e-01 9.735457e-01 8.417579e+00
7.714302e-01 -6.254808e-01 1.169154e-01 3.841610e+02 6.353064e-01 7.467604e-01 -1.968114e-01 2.142671e+02 3.579393e-02 2.261033e-01 9.734455e-01 8.474840e+00
7.708107e-01 -6.259482e-01 1.184892e-01 3.860725e+02 6.360629e-01 7.457465e-01 -1.982074e-01 2.158102e+02 3.570469e-02 2.281469e-01 9.729718e-01 8.556133e+00
7.703075e-01 -6.264936e-01 1.188787e-01 3.879735e+02 6.366290e-01 7.449034e-01 -1.995554e-01 2.173615e+02 3.646698e-02 2.294007e-01 9.726487e-01 8.608554e+00
7.699123e-01 -6.267630e-01 1.200129e-01 3.898804e+02 6.370808e-01 7.440276e-01 -2.013728e-01 2.189023e+02 3.692009e-02 2.314973e-01 9.721347e-01 8.703172e+00
7.697374e-01 -6.269028e-01 1.204042e-01 3.917785e+02 6.372599e-01 7.435469e-01 -2.025779e-01 2.204467e+02 3.747048e-02 2.326605e-01 9.718359e-01 8.797750e+00
7.695896e-01 -6.271559e-01 1.200303e-01 3.936737e+02 6.374171e-01 7.434057e-01 -2.026015e-01 2.219960e+02 3.783152e-02 2.324293e-01 9.718772e-01 8.870313e+00
7.692287e-01 -6.276805e-01 1.196012e-01 3.955636e+02 6.378729e-01 7.433499e-01 -2.013682e-01 2.235517e+02 3.748934e-02 2.311885e-01 9.721864e-01 8.926041e+00
7.687871e-01 -6.281085e-01 1.201917e-01 3.974596e+02 6.384021e-01 7.427530e-01 -2.018929e-01 2.250950e+02 3.753792e-02 2.319433e-01 9.720047e-01 9.020228e+00
7.683635e-01 -6.285836e-01 1.204167e-01 3.993510e+02 6.389112e-01 7.423031e-01 -2.019368e-01 2.266394e+02 3.754851e-02 2.320965e-01 9.719678e-01 9.100282e+00
7.679731e-01 -6.288167e-01 1.216838e-01 4.012330e+02 6.394089e-01 7.417280e-01 -2.024745e-01 2.281902e+02 3.706311e-02 2.333006e-01 9.716981e-01 9.165874e+00
7.674337e-01 -6.292574e-01 1.228035e-01 4.031201e+02 6.400886e-01 7.410980e-01 -2.026335e-01 2.297352e+02 3.649919e-02 2.341129e-01 9.715240e-01 9.225545e+00
7.670043e-01 -6.298353e-01 1.225232e-01 4.049997e+02 6.405768e-01 7.406424e-01 -2.027564e-01 2.312757e+02 3.695724e-02 2.340006e-01 9.715338e-01 9.304943e+00
7.664464e-01 -6.305219e-01 1.224829e-01 4.068724e+02 6.412413e-01 7.401456e-01 -2.024698e-01 2.328124e+02 3.700645e-02 2.337234e-01 9.715986e-01 9.400224e+00
7.661978e-01 -6.308367e-01 1.224177e-01 4.087412e+02 6.415412e-01 7.399650e-01 -2.021800e-01 2.343486e+02 3.695771e-02 2.334459e-01 9.716672e-01 9.471519e+00
7.665023e-01 -6.305336e-01 1.220723e-01 4.106057e+02 6.411897e-01 7.404223e-01 -2.016201e-01 2.358745e+02 3.674320e-02 2.328138e-01 9.718270e-01 9.592800e+00
7.666798e-01 -6.305706e-01 1.207595e-01 4.124627e+02 6.409607e-01 7.408930e-01 -2.006162e-01 2.373991e+02 3.703279e-02 2.312105e-01 9.721987e-01 9.683547e+00
7.668634e-01 -6.304886e-01 1.200198e-01 4.143148e+02 6.407504e-01 7.413480e-01 -1.996048e-01 2.389207e+02 3.687207e-02 2.299723e-01 9.724984e-01 9.777050e+00
7.668810e-01 -6.305042e-01 1.198250e-01 4.161602e+02 6.407428e-01 7.415096e-01 -1.990279e-01 2.404414e+02 3.663653e-02 2.294077e-01 9.726407e-01 9.838683e+00
7.669753e-01 -6.304766e-01 1.193654e-01 4.179975e+02 6.406735e-01 7.420131e-01 -1.973676e-01 2.419579e+02 3.586499e-02 2.278503e-01 9.730354e-01 9.915490e+00
7.670481e-01 -6.307920e-01 1.172123e-01 4.198307e+02 6.405956e-01 7.428045e-01 -1.946246e-01 2.434653e+02 3.570182e-02 2.243721e-01 9.738493e-01 9.961503e+00
7.676610e-01 -6.305883e-01 1.142583e-01 4.216556e+02 6.399000e-01 7.444992e-01 -1.903915e-01 2.449641e+02 3.499342e-02 2.192700e-01 9.750365e-01 1.003048e+01
7.684973e-01 -6.300971e-01 1.113081e-01 4.234747e+02 6.389183e-01 7.462747e-01 -1.867015e-01 2.464520e+02 3.457370e-02 2.145964e-01 9.760907e-01 1.010227e+01
7.695511e-01 -6.290063e-01 1.101916e-01 4.252840e+02 6.376609e-01 7.476295e-01 -1.855766e-01 2.479279e+02 3.434630e-02 2.130755e-01 9.764318e-01 1.021576e+01
7.700578e-01 -6.285723e-01 1.091229e-01 4.270950e+02 6.370536e-01 7.484297e-01 -1.844335e-01 2.493928e+02 3.425892e-02 2.115416e-01 9.767684e-01 1.030178e+01
7.705834e-01 -6.279184e-01 1.091776e-01 4.288952e+02 6.364303e-01 7.489655e-01 -1.844103e-01 2.508542e+02 3.402437e-02 2.115874e-01 9.767667e-01 1.039125e+01
7.704075e-01 -6.281585e-01 1.090375e-01 4.306970e+02 6.366428e-01 7.488457e-01 -1.841631e-01 2.523044e+02 3.403136e-02 2.112985e-01 9.768289e-01 1.047341e+01
7.702650e-01 -6.285689e-01 1.076711e-01 4.324877e+02 6.367966e-01 7.490009e-01 -1.829968e-01 2.537536e+02 3.438035e-02 2.095205e-01 9.771996e-01 1.054862e+01
7.698333e-01 -6.293690e-01 1.060726e-01 4.342773e+02 6.373153e-01 7.490545e-01 -1.809599e-01 2.551970e+02 3.443635e-02 2.069106e-01 9.777536e-01 1.060602e+01
7.696572e-01 -6.295652e-01 1.061858e-01 4.360466e+02 6.375372e-01 7.489180e-01 -1.807436e-01 2.566410e+02 3.426541e-02 2.068080e-01 9.777813e-01 1.070788e+01
7.694321e-01 -6.300156e-01 1.051405e-01 4.377978e+02 6.377968e-01 7.489409e-01 -1.797296e-01 2.580854e+02 3.448843e-02 2.053479e-01 9.780812e-01 1.079812e+01
7.688147e-01 -6.308147e-01 1.048655e-01 4.395498e+02 6.385446e-01 7.484804e-01 -1.789914e-01 2.595231e+02 3.442061e-02 2.045726e-01 9.782460e-01 1.088387e+01
7.680359e-01 -6.317054e-01 1.052103e-01 4.412863e+02 6.394855e-01 7.477010e-01 -1.788898e-01 2.609682e+02 3.433976e-02 2.046743e-01 9.782276e-01 1.093039e+01
7.672722e-01 -6.326155e-01 1.053138e-01 4.430166e+02 6.403987e-01 7.469612e-01 -1.787134e-01 2.624081e+02 3.439152e-02 2.045647e-01 9.782487e-01 1.099027e+01
7.662235e-01 -6.337567e-01 1.060847e-01 4.447373e+02 6.416523e-01 7.457853e-01 -1.791276e-01 2.638500e+02 3.440689e-02 2.053213e-01 9.780896e-01 1.102335e+01
7.655674e-01 -6.345503e-01 1.060781e-01 4.464478e+02 6.424242e-01 7.451264e-01 -1.791024e-01 2.652865e+02 3.460793e-02 2.052621e-01 9.780950e-01 1.109195e+01
7.643545e-01 -6.360365e-01 1.059231e-01 4.481544e+02 6.438515e-01 7.439768e-01 -1.787563e-01 2.667155e+02 3.489121e-02 2.048320e-01 9.781751e-01 1.115963e+01
7.632739e-01 -6.374043e-01 1.054925e-01 4.498461e+02 6.451064e-01 7.429639e-01 -1.784440e-01 2.681408e+02 3.536384e-02 2.042556e-01 9.782786e-01 1.125510e+01
7.617364e-01 -6.394426e-01 1.042633e-01 4.515290e+02 6.468747e-01 7.416407e-01 -1.775448e-01 2.695633e+02 3.620376e-02 2.026876e-01 9.785740e-01 1.134666e+01
7.602261e-01 -6.413311e-01 1.036858e-01 4.531948e+02 6.486145e-01 7.402298e-01 -1.770852e-01 2.709862e+02 3.681892e-02 2.018769e-01 9.787186e-01 1.146515e+01
7.577012e-01 -6.442661e-01 1.039711e-01 4.548577e+02 6.515259e-01 7.376468e-01 -1.771754e-01 2.724142e+02 3.745417e-02 2.019859e-01 9.786720e-01 1.151984e+01
7.541803e-01 -6.476890e-01 1.082172e-01 4.565289e+02 6.557673e-01 7.342232e-01 -1.757428e-01 2.738330e+02 3.437113e-02 2.035071e-01 9.784700e-01 1.162164e+01
7.506426e-01 -6.514477e-01 1.102339e-01 4.581791e+02 6.597822e-01 7.302525e-01 -1.772530e-01 2.752577e+02 3.497251e-02 2.057840e-01 9.779723e-01 1.172036e+01
7.474566e-01 -6.554028e-01 1.084242e-01 4.597949e+02 6.631095e-01 7.262898e-01 -1.810773e-01 2.766903e+02 3.993117e-02 2.072445e-01 9.774739e-01 1.178609e+01
7.433687e-01 -6.600333e-01 1.084391e-01 4.614025e+02 6.675973e-01 7.220829e-01 -1.814114e-01 2.781300e+02 4.143558e-02 2.072492e-01 9.774103e-01 1.186507e+01
7.393701e-01 -6.648927e-01 1.060634e-01 4.629740e+02 6.716528e-01 7.173439e-01 -1.852034e-01 2.796005e+02 4.705650e-02 2.081716e-01 9.769597e-01 1.189773e+01
7.356132e-01 -6.699289e-01 1.003414e-01 4.645307e+02 6.753213e-01 7.136636e-01 -1.860791e-01 2.810714e+02 5.304976e-02 2.046449e-01 9.773977e-01 1.195693e+01
7.312628e-01 -6.750139e-01 9.803535e-02 4.660949e+02 6.798900e-01 7.097804e-01 -1.842862e-01 2.825569e+02 5.481219e-02 2.014149e-01 9.779712e-01 1.198911e+01
7.266108e-01 -6.798039e-01 9.951611e-02 4.676568e+02 6.847492e-01 7.046989e-01 -1.857900e-01 2.840419e+02 5.617190e-02 2.031406e-01 9.775370e-01 1.208578e+01
7.214735e-01 -6.848353e-01 1.023552e-01 4.692121e+02 6.900346e-01 6.987514e-01 -1.886763e-01 2.855278e+02 5.769133e-02 2.067536e-01 9.766907e-01 1.220044e+01
7.153510e-01 -6.903122e-01 1.083604e-01 4.707742e+02 6.965598e-01 6.921556e-01 -1.890105e-01 2.870224e+02 5.547403e-02 2.106883e-01 9.759780e-01 1.233201e+01
7.096280e-01 -6.957393e-01 1.112428e-01 4.723123e+02 7.022395e-01 6.855538e-01 -1.920303e-01 2.885446e+02 5.734010e-02 2.143892e-01 9.750638e-01 1.240356e+01
7.045027e-01 -7.010230e-01 1.106464e-01 4.738304e+02 7.068983e-01 6.792969e-01 -1.971052e-01 2.900704e+02 6.301359e-02 2.170769e-01 9.741185e-01 1.249281e+01
6.994172e-01 -7.063233e-01 1.091930e-01 4.753291e+02 7.113831e-01 6.732531e-01 -2.016540e-01 2.916045e+02 6.891840e-02 2.187183e-01 9.733512e-01 1.260964e+01
6.937071e-01 -7.119320e-01 1.091942e-01 4.768240e+02 7.167678e-01 6.674616e-01 -2.018390e-01 2.931646e+02 7.081268e-02 2.182841e-01 9.733127e-01 1.269535e+01
6.872494e-01 -7.178827e-01 1.110528e-01 4.783196e+02 7.231458e-01 6.616065e-01 -1.983354e-01 2.947330e+02 6.890832e-02 2.166132e-01 9.738226e-01 1.284523e+01
6.813851e-01 -7.232127e-01 1.125954e-01 4.797930e+02 7.284686e-01 6.551622e-01 -2.002398e-01 2.963130e+02 7.104772e-02 2.184626e-01 9.732555e-01 1.298381e+01
6.751968e-01 -7.286952e-01 1.145104e-01 4.812602e+02 7.340063e-01 6.483428e-01 -2.022038e-01 2.978958e+02 7.310295e-02 2.205787e-01 9.726258e-01 1.314041e+01
