1.000000e+00 0.000000e+00 0.000000e+00 0.000000e+00 0.000000e+00 1.000000e+00 0.000000e+00 0.000000e+00 0.000000e+00 0.000000e+00 1.000000e+00 0.000000e+00
9.999918e-01 2.803968e-04 4.048355e-03 2.661326e+00 -2.779469e-04 9.999998e-01 -6.057189e-04 -2.447464e-02 -4.048524e-03 6.045887e-04 9.999916e-01 7.342563e-02
9.999920e-01 2.696578e-04 3.986904e-03 5.310838e+00 -2.698140e-04 1.000000e+00 3.865082e-05 -4.928386e-02 -3.986893e-03 -3.972624e-05 9.999921e-01 5.609548e-02
9.999937e-01 2.069276e-04 3.533230e-03 7.952282e+00 -2.112771e-04 9.999992e-01 1.230710e-03 -6.961065e-02 -3.532973e-03 -1.231448e-03 9.999930e-01 6.647826e-02
9.999951e-01 5.099737e-04 3.101165e-03 1.058998e+01 -5.187580e-04 9.999959e-01 2.832443e-03 -8.482205e-02 -3.099708e-03 -2.834037e-03 9.999912e-01 7.611313e-02
9.999961e-01 6.766857e-04 2.708069e-03 1.322906e+01 -6.863063e-04 9.999935e-01 3.553212e-03 -1.045439e-01 -2.705646e-03 -3.555056e-03 9.999900e-01 7.147641e-02
9.999968e-01 5.747516e-04 2.481485e-03 1.587002e+01 -5.824908e-04 9.999950e-01 3.119185e-03 -1.308397e-01 -2.479680e-03 -3.120620e-03 9.999921e-01 5.395768e-02
9.999977e-01 4.602375e-04 2.106168e-03 1.851034e+01 -4.664948e-04 9.999955e-01 2.971404e-03 -1.581194e-01 -2.104791e-03 -2.972380e-03 9.999934e-01 3.637296e-02
9.999976e-01 4.375918e-04 2.124145e-03 2.115412e+01 -4.438522e-04 9.999956e-01 2.947684e-03 -1.825793e-01 -2.122845e-03 -2.948620e-03 9.999934e-01 1.936838e-02
9.999975e-01 3.052994e-04 2.212462e-03 2.379657e+01 -3.122378e-04 9.999950e-01 3.136378e-03 -2.013155e-01 -2.211494e-03 -3.137061e-03 9.999926e-01 1.549776e-02
9.999978e-01 -3.357029e-05 2.097768e-03 2.643992e+01 2.639801e-05 9.999942e-01 3.418940e-03 -2.200339e-01 -2.097870e-03 -3.418877e-03 9.999920e-01 1.316074e-03
9.999980e-01 -2.353038e-04 1.970533e-03 2.908388e+01 2.276612e-04 9.999925e-01 3.877757e-03 -2.349804e-01 -1.971430e-03 -3.877301e-03 9.999905e-01 -3.710118e-03
9.999984e-01 -3.407437e-04 1.746892e-03 3.172464e+01 3.332107e-04 9.999907e-01 4.310714e-03 -2.504265e-01 -1.748344e-03 -4.310125e-03 9.999892e-01 1.581895e-02
9.999990e-01 -2.805766e-04 1.412886e-03 3.436638e+01 2.742414e-04 9.999899e-01 4.482119e-03 -2.683469e-01 -1.414129e-03 -4.481727e-03 9.999890e-01 3.668023e-02
9.999995e-01 -3.859476e-04 8.841397e-04 3.700964e+01 3.821291e-04 9.999906e-01 4.315031e-03 -2.873523e-01 -8.857967e-04 -4.314691e-03 9.999903e-01 4.357991e-02
9.999997e-01 -5.598197e-04 5.907190e-04 3.965719e+01 5.578683e-04 9.999944e-01 3.298365e-03 -3.079637e-01 -5.925622e-04 -3.298034e-03 9.999944e-01 4.522925e-02
9.999995e-01 -8.268406e-04 4.860973e-04 4.230884e+01 8.255917e-04 9.999964e-01 2.563998e-03 -3.315026e-01 -4.882156e-04 -2.563595e-03 9.999966e-01 3.837538e-02
9.999994e-01 -9.985994e-04 5.145303e-04 4.496304e+01 9.974269e-04 9.999969e-01 2.273973e-03 -3.524554e-01 -5.167995e-04 -2.273459e-03 9.999973e-01 4.776009e-02
9.999992e-01 -1.051028e-03 7.142825e-04 4.762183e+01 1.049127e-03 9.999959e-01 2.655578e-03 -3.713655e-01 -7.170707e-04 -2.654827e-03 9.999962e-01 4.565321e-02
9.999987e-01 -1.393741e-03 8.438228e-04 5.028299e+01 1.391270e-03 9.999948e-01 2.922033e-03 -3.916944e-01 -8.478909e-04 -2.920855e-03 9.999954e-01 3.981629e-02
9.999984e-01 -1.595365e-03 8.452170e-04 5.293979e+01 1.592681e-03 9.999937e-01 3.166512e-03 -4.086752e-01 -8.502634e-04 -3.165160e-03 9.999946e-01 6.226256e-02
9.999986e-01 -1.587856e-03 5.207953e-04 5.559756e+01 1.585820e-03 9.999912e-01 3.887947e-03 -4.250644e-01 -5.269642e-04 -3.887115e-03 9.999923e-01 7.234931e-02
9.999989e-01 -1.484593e-03 2.045794e-04 5.825449e+01 1.483590e-03 9.999873e-01 4.822569e-03 -4.392620e-01 -2.117364e-04 -4.822260e-03 9.999884e-01 1.037348e-01
9.999987e-01 -1.295449e-03 -9.949069e-04 6.090815e+01 1.301657e-03 9.999795e-01 6.263993e-03 -4.520599e-01 9.867718e-04 -6.265280e-03 9.999799e-01 1.291329e-01
9.999984e-01 -1.026779e-03 -1.496145e-03 6.356373e+01 1.037850e-03 9.999720e-01 7.417499e-03 -4.616822e-01 1.488487e-03 -7.419039e-03 9.999714e-01 1.675736e-01
9.999972e-01 -1.207456e-03 -2.010533e-03 6.622356e+01 1.225233e-03 9.999600e-01 8.864237e-03 -4.758841e-01 1.999750e-03 -8.866676e-03 9.999587e-01 1.682798e-01
9.999959e-01 -1.391929e-03 -2.495573e-03 6.888032e+01 1.418099e-03 9.999437e-01 1.051547e-02 -4.851914e-01 2.480796e-03 -1.051896e-02 9.999416e-01 1.963033e-01
9.999936e-01 -1.813965e-03 -3.071027e-03 7.153498e+01 1.851017e-03 9.999250e-01 1.210542e-02 -4.938081e-01 3.048838e-03 -1.211103e-02 9.999220e-01 2.203591e-01
9.999919e-01 -2.124702e-03 -3.422435e-03 7.418560e+01 2.171097e-03 9.999050e-01 1.360979e-02 -5.005061e-01 3.393193e-03 -1.361711e-02 9.999015e-01 2.561124e-01
9.999892e-01 -2.504808e-03 -3.903714e-03 7.683678e+01 2.563998e-03 9.998807e-01 1.523211e-02 -5.097837e-01 3.865095e-03 -1.524196e-02 9.998764e-01 2.537905e-01
9.999863e-01 -2.696058e-03 -4.492559e-03 7.948213e+01 2.777952e-03 9.998283e-01 1.832357e-02 -5.111662e-01 4.442386e-03 -1.833580e-02 9.998220e-01 2.572564e-01
9.999728e-01 -3.820090e-03 -6.313265e-03 8.211732e+01 3.972604e-03 9.996962e-01 2.432437e-02 -5.008903e-01 6.218426e-03 -2.434878e-02 9.996842e-01 2.228626e-01
9.999832e-01 -4.516480e-03 -3.634676e-03 8.476238e+01 4.614129e-03 9.996160e-01 2.732176e-02 -5.000515e-01 3.509882e-03 -2.733807e-02 9.996201e-01 2.637571e-01
9.999822e-01 -4.902525e-03 -3.401672e-03 8.739834e+01 4.992041e-03 9.996277e-01 2.682585e-02 -5.105129e-01 3.268891e-03 -2.684236e-02 9.996343e-01 2.883909e-01
9.999794e-01 -5.347315e-03 -3.553818e-03 9.002267e+01 5.444505e-03 9.995952e-01 2.792559e-02 -5.140421e-01 3.403052e-03 -2.794436e-02 9.996037e-01 3.352788e-01
9.999802e-01 -4.950149e-03 -3.898020e-03 9.264029e+01 5.072156e-03 9.994770e-01 3.193823e-02 -5.058578e-01 3.737882e-03 -3.195736e-02 9.994822e-01 3.623442e-01
9.999913e-01 -3.571765e-03 -2.164153e-03 9.526102e+01 3.650015e-03 9.992974e-01 3.730223e-02 -5.004604e-01 2.029397e-03 -3.730980e-02 9.993017e-01 4.193630e-01
9.999980e-01 -1.840790e-03 -7.607432e-04 9.788125e+01 1.870145e-03 9.991746e-01 4.057976e-02 -5.069683e-01 6.854164e-04 -4.058111e-02 9.991760e-01 4.710189e-01
9.999989e-01 -1.756066e-04 1.466230e-03 1.004989e+02 1.124678e-04 9.990771e-01 4.295155e-02 -5.200051e-01 -1.472420e-03 -4.295134e-02 9.990761e-01 5.519645e-01
9.999951e-01 8.931389e-04 2.991680e-03 1.031165e+02 -1.026329e-03 9.989946e-01 4.481862e-02 -5.384650e-01 -2.948642e-03 -4.482147e-02 9.989907e-01 6.081166e-01
9.999928e-01 1.765231e-03 3.349099e-03 1.057343e+02 -1.918607e-03 9.989230e-01 4.635980e-02 -5.654774e-01 -3.263656e-03 -4.636589e-02 9.989192e-01 6.330230e-01
9.999908e-01 2.520223e-03 3.469642e-03 1.083487e+02 -2.679905e-03 9.989000e-01 4.681430e-02 -5.940728e-01 -3.347843e-03 -4.682317e-02 9.988976e-01 6.914399e-01
9.999869e-01 3.397240e-03 3.828662e-03 1.109633e+02 -3.575353e-03 9.988640e-01 4.751676e-02 -6.243498e-01 -3.662887e-03 -4.752983e-02 9.988631e-01 7.656522e-01
9.999855e-01 4.264221e-03 3.274349e-03 1.135789e+02 -4.423289e-03 9.987286e-01 5.021636e-02 -6.511240e-01 -3.056052e-03 -5.023012e-02 9.987330e-01 8.046801e-01
9.999846e-01 5.229357e-03 1.871474e-03 1.161987e+02 -5.323832e-03 9.984912e-01 5.465371e-02 -6.744859e-01 -1.582846e-03 -5.466283e-02 9.985036e-01 8.189483e-01
9.999823e-01 5.939652e-03 1.513186e-04 1.188141e+02 -5.938369e-03 9.982807e-01 5.831329e-02 -6.929118e-01 1.953023e-04 -5.831316e-02 9.982983e-01 8.463590e-01
9.999779e-01 6.481115e-03 1.485757e-03 1.214446e+02 -6.561944e-03 9.979864e-01 6.308866e-02 -7.183301e-01 -1.073880e-03 -6.309702e-02 9.980068e-01 8.679349e-01
9.999688e-01 5.534667e-03 5.641531e-03 1.240883e+02 -5.885358e-03 9.979217e-01 6.416870e-02 -7.430955e-01 -5.274654e-03 -6.419990e-02 9.979231e-01 9.400947e-01
9.999750e-01 3.836430e-03 5.938109e-03 1.267210e+02 -4.199686e-03 9.980410e-01 6.242172e-02 -7.736469e-01 -5.687000e-03 -6.244510e-02 9.980322e-01 9.702844e-01
9.999795e-01 3.204814e-03 5.547730e-03 1.293509e+02 -3.544982e-03 9.980428e-01 6.243414e-02 -7.979155e-01 -5.336782e-03 -6.245252e-02 9.980337e-01 9.889858e-01
9.999840e-01 3.002538e-03 4.802546e-03 1.319844e+02 -3.299748e-03 9.980002e-01 6.312510e-02 -8.174281e-01 -4.603406e-03 -6.313993e-02 9.979941e-01 9.781853e-01
9.999869e-01 2.917730e-03 4.206753e-03 1.346196e+02 -3.181120e-03 9.979430e-01 6.402816e-02 -8.302835e-01 -4.011283e-03 -6.404070e-02 9.979392e-01 9.778632e-01
9.999888e-01 2.326354e-03 4.130103e-03 1.372629e+02 -2.588227e-03 9.979094e-01 6.457649e-02 -8.449095e-01 -3.971241e-03 -6.458645e-02 9.979042e-01 9.517680e-01
9.999882e-01 1.362428e-03 4.654218e-03 1.399137e+02 -1.663807e-03 9.978593e-01 6.537629e-02 -8.557958e-01 -4.555184e-03 -6.538326e-02 9.978498e-01 9.127704e-01
9.999845e-01 3.461179e-04 5.565112e-03 1.425727e+02 -7.067790e-04 9.978891e-01 6.493683e-02 -8.732616e-01 -5.530889e-03 -6.493975e-02 9.978739e-01 8.804574e-01
9.999611e-01 -7.182766e-04 8.795875e-03 1.452338e+02 1.590427e-04 9.979872e-01 6.341544e-02 -8.839498e-01 -8.823720e-03 -6.341158e-02 9.979485e-01 9.136548e-01
9.999534e-01 -1.840012e-03 9.480128e-03 1.478955e+02 1.234352e-03 9.979810e-01 6.350149e-02 -8.944137e-01 -9.577831e-03 -6.348683e-02 9.979367e-01 8.927345e-01
9.999482e-01 -2.639402e-03 9.828341e-03 1.505585e+02 2.006297e-03 9.979557e-01 6.387785e-02 -9.027838e-01 -9.976848e-03 -6.385482e-02 9.979093e-01 8.615285e-01
9.999500e-01 -3.101194e-03 9.511307e-03 1.532181e+02 2.479587e-03 9.979027e-01 6.468371e-02 -9.017399e-01 -9.691956e-03 -6.465689e-02 9.978605e-01 8.219130e-01
9.999514e-01 -3.616810e-03 9.175637e-03 1.558798e+02 3.005304e-03 9.978280e-01 6.580441e-02 -8.978995e-01 -9.393710e-03 -6.577363e-02 9.977904e-01 7.888960e-01
9.999515e-01 -4.171793e-03 8.924339e-03 1.585459e+02 3.581740e-03 9.978697e-01 6.514086e-02 -8.981542e-01 -9.177081e-03 -6.510574e-02 9.978362e-01 7.459182e-01
9.999455e-01 -4.983387e-03 9.169096e-03 1.612146e+02 4.397641e-03 9.980146e-01 6.282962e-02 -9.024804e-01 -9.463996e-03 -6.278588e-02 9.979821e-01 7.410578e-01
9.999377e-01 -6.135519e-03 9.323610e-03 1.638860e+02 5.563284e-03 9.981703e-01 6.020801e-02 -9.106240e-01 -9.675959e-03 -6.015239e-02 9.981423e-01 7.216028e-01
9.999314e-01 -7.361012e-03 9.114423e-03 1.665568e+02 6.806586e-03 9.982090e-01 5.943434e-02 -9.111440e-01 -9.535596e-03 -5.936822e-02 9.981906e-01 6.970151e-01
9.999243e-01 -8.178535e-03 9.194870e-03 1.692275e+02 7.622109e-03 9.982288e-01 5.900208e-02 -9.044251e-01 -9.661134e-03 -5.892753e-02 9.982155e-01 6.920389e-01
9.999106e-01 -8.631303e-03 1.020918e-02 1.719067e+02 8.002659e-03 9.981608e-01 6.009136e-02 -8.868091e-01 -1.070907e-02 -6.000429e-02 9.981407e-01 6.449411e-01
9.998501e-01 -9.539692e-03 1.445102e-02 1.745988e+02 8.662375e-03 9.981847e-01 5.960125e-02 -8.698853e-01 -1.499336e-02 -5.946714e-02 9.981177e-01 6.419257e-01
9.998328e-01 -1.081412e-02 1.474583e-02 1.772851e+02 9.912583e-03 9.981553e-01 5.989774e-02 -8.490638e-01 -1.536637e-02 -5.974156e-02 9.980956e-01 5.798523e-01
9.998240e-01 -1.165321e-02 1.470184e-02 1.799679e+02 1.074533e-02 9.981171e-01 6.038876e-02 -8.258559e-01 -1.537789e-02 -6.022016e-02 9.980667e-01 5.331461e-01
9.998121e-01 -1.264765e-02 1.469270e-02 1.826504e+02 1.173664e-02 9.980981e-01 6.051753e-02 -8.052576e-01 -1.543016e-02 -6.033371e-02 9.980590e-01 4.774368e-01
9.997911e-01 -1.434216e-02 1.456166e-02 1.853358e+02 1.344720e-02 9.981197e-01 5.980084e-02 -7.827170e-01 -1.539196e-02 -5.959254e-02 9.981041e-01 4.166566e-01
9.997714e-01 -1.588464e-02 1.430956e-02 1.880222e+02 1.503373e-02 9.982192e-01 5.772744e-02 -7.613297e-01 -1.520106e-02 -5.749912e-02 9.982298e-01 3.901670e-01
9.997715e-01 -1.710610e-02 1.282148e-02 1.907044e+02 1.637097e-02 9.983300e-01 5.539977e-02 -7.359333e-01 -1.374774e-02 -5.517721e-02 9.983819e-01 3.490985e-01
9.997631e-01 -1.816251e-02 1.199505e-02 1.933902e+02 1.747446e-02 9.983242e-01 5.516818e-02 -7.014907e-01 -1.297695e-02 -5.494551e-02 9.984050e-01 3.084601e-01
9.997492e-01 -1.890227e-02 1.200835e-02 1.960829e+02 1.819676e-02 9.982442e-01 5.636810e-02 -6.577877e-01 -1.305275e-02 -5.613545e-02 9.983378e-01 2.665025e-01
9.997304e-01 -1.998134e-02 1.182438e-02 1.987787e+02 1.928081e-02 9.982076e-01 5.665535e-02 -6.128223e-01 -1.293524e-02 -5.641210e-02 9.983238e-01 2.256343e-01
9.996952e-01 -2.158401e-02 1.198418e-02 2.014813e+02 2.088292e-02 9.982219e-01 5.582957e-02 -5.707847e-01 -1.316790e-02 -5.556229e-02 9.983684e-01 1.643313e-01
9.996478e-01 -2.335933e-02 1.259727e-02 2.041902e+02 2.264783e-02 9.982874e-01 5.393785e-02 -5.307168e-01 -1.383565e-02 -5.363355e-02 9.984648e-01 1.010889e-01
9.996118e-01 -2.481439e-02 1.266767e-02 2.069005e+02 2.410737e-02 9.982925e-01 5.320696e-02 -4.839092e-01 -1.396634e-02 -5.288092e-02 9.985032e-01 4.920740e-02
9.995954e-01 -2.588766e-02 1.178327e-02 2.096063e+02 2.523732e-02 9.983101e-01 5.234549e-02 -4.298175e-01 -1.311846e-02 -5.202693e-02 9.985595e-01 2.128607e-02
9.996035e-01 -2.669519e-02 8.960803e-03 2.123107e+02 2.620963e-02 9.983792e-01 5.051835e-02 -3.771311e-01 -1.029488e-02 -5.026345e-02 9.986829e-01 -4.549606e-02
9.995828e-01 -2.755483e-02 8.657089e-03 2.150240e+02 2.710345e-02 9.984542e-01 4.852482e-02 -3.249613e-01 -9.980799e-03 -4.826994e-02 9.987845e-01 -5.709208e-02
9.995604e-01 -2.859468e-02 7.838337e-03 2.177375e+02 2.819247e-02 9.984804e-01 4.735091e-02 -2.650426e-01 -9.180409e-03 -4.710911e-02 9.988476e-01 -5.978308e-02
9.995044e-01 -3.068277e-02 7.039947e-03 2.204550e+02 3.034452e-02 9.985723e-01 4.396091e-02 -2.052497e-01 -8.378738e-03 -4.372549e-02 9.990084e-01 -7.913955e-02
9.993647e-01 -3.432649e-02 9.585712e-03 2.231870e+02 3.392424e-02 9.986486e-01 3.937248e-02 -1.480602e-01 -1.092428e-02 -3.902227e-02 9.991786e-01 -8.729010e-02
9.991915e-01 -3.760164e-02 1.422879e-02 2.259262e+02 3.698880e-02 9.984690e-01 4.112674e-02 -7.164019e-02 -1.575344e-02 -4.056718e-02 9.990526e-01 -1.099062e-01
9.991761e-01 -3.765411e-02 1.514219e-02 2.286571e+02 3.691326e-02 9.982340e-01 4.654342e-02 2.524908e-02 -1.686800e-02 -4.594612e-02 9.988015e-01 -1.233726e-01
9.992376e-01 -3.669833e-02 1.331776e-02 2.313858e+02 3.611359e-02 9.984744e-01 4.176996e-02 9.769526e-02 -1.483033e-02 -4.125716e-02 9.990385e-01 -2.019921e-01
9.992377e-01 -3.676475e-02 1.312804e-02 2.341141e+02 3.619886e-02 9.985026e-01 4.101406e-02 1.760582e-01 -1.461626e-02 -4.050757e-02 9.990723e-01 -1.735758e-01
9.991720e-01 -3.832280e-02 1.366409e-02 2.368418e+02 3.761452e-02 9.981006e-01 4.878796e-02 2.729203e-01 -1.550783e-02 -4.823359e-02 9.987157e-01 -2.262369e-01
9.990776e-01 -3.935586e-02 1.717726e-02 2.395860e+02 3.841238e-02 9.978989e-01 5.217508e-02 3.689144e-01 -1.919457e-02 -5.146714e-02 9.984902e-01 -2.456135e-01
9.989831e-01 -3.997273e-02 2.085593e-02 2.423355e+02 3.882961e-02 9.978603e-01 5.260258e-02 4.594063e-01 -2.291398e-02 -5.173926e-02 9.983977e-01 -2.290321e-01
9.989812e-01 -4.016272e-02 2.057793e-02 2.450754e+02 3.901454e-02 9.978081e-01 5.345024e-02 5.541332e-01 -2.267953e-02 -5.259295e-02 9.983585e-01 -2.701935e-01
9.989982e-01 -4.062932e-02 1.875662e-02 2.478115e+02 3.954908e-02 9.977161e-01 5.475731e-02 6.509619e-01 -2.093854e-02 -5.396064e-02 9.983235e-01 -3.156905e-01
9.989858e-01 -4.109020e-02 1.841226e-02 2.505542e+02 4.004426e-02 9.977394e-01 5.396762e-02 7.432689e-01 -2.058818e-02 -5.317558e-02 9.983729e-01 -3.412628e-01
9.989471e-01 -4.193446e-02 1.860377e-02 2.533010e+02 4.092082e-02 9.978148e-01 5.187597e-02 8.317983e-01 -2.073851e-02 -5.106007e-02 9.984802e-01 -3.676499e-01
9.988792e-01 -4.308039e-02 1.960562e-02 2.560533e+02 4.207096e-02 9.978988e-01 4.927513e-02 9.183536e-01 -2.168722e-02 -4.839507e-02 9.985928e-01 -4.273138e-01
9.988338e-01 -4.396328e-02 1.995771e-02 2.588061e+02 4.298105e-02 9.979588e-01 4.723102e-02 1.008634e+00 -2.199341e-02 -4.631813e-02 9.986846e-01 -4.812499e-01
9.988235e-01 -4.424842e-02 1.984404e-02 2.615558e+02 4.328301e-02 9.979711e-01 4.669236e-02 1.103192e+00 -2.186984e-02 -4.577851e-02 9.987122e-01 -5.253599e-01
9.987972e-01 -4.488828e-02 1.973016e-02 2.643085e+02 4.392758e-02 9.979431e-01 4.669023e-02 1.200372e+00 -2.178542e-02 -4.576737e-02 9.987145e-01 -5.913948e-01
9.987414e-01 -4.615570e-02 1.962710e-02 2.670620e+02 4.522717e-02 9.979456e-01 4.537753e-02 1.301494e+00 -2.168121e-02 -4.443274e-02 9.987771e-01 -6.428215e-01
9.986842e-01 -4.748532e-02 1.936557e-02 2.698129e+02 4.657623e-02 9.979022e-01 4.496426e-02 1.408308e+00 -2.146009e-02 -4.400312e-02 9.988009e-01 -6.778952e-01
9.986066e-01 -4.921607e-02 1.904429e-02 2.725624e+02 4.832050e-02 9.978209e-01 4.492959e-02 1.521791e+00 -2.121404e-02 -4.394676e-02 9.988086e-01 -7.111735e-01
9.985337e-01 -5.085020e-02 1.856830e-02 2.753112e+02 4.996545e-02 9.977207e-01 4.535266e-02 1.637623e+00 -2.083217e-02 -4.435839e-02 9.987985e-01 -7.485391e-01
9.984470e-01 -5.260305e-02 1.834263e-02 2.780612e+02 5.171519e-02 9.976057e-01 4.591666e-02 1.759297e+00 -2.071407e-02 -4.489676e-02 9.987769e-01 -7.946095e-01
9.983616e-01 -5.417571e-02 1.841565e-02 2.808136e+02 5.328689e-02 9.975310e-01 4.574190e-02 1.885030e+00 -2.084828e-02 -4.468564e-02 9.987835e-01 -8.316286e-01
9.982755e-01 -5.565924e-02 1.865421e-02 2.835660e+02 5.479465e-02 9.975263e-01 4.403250e-02 2.013255e+00 -2.105888e-02 -4.293441e-02 9.988559e-01 -8.274863e-01
9.982189e-01 -5.691360e-02 1.788539e-02 2.863179e+02 5.611565e-02 9.975265e-01 4.233196e-02 2.143476e+00 -2.025041e-02 -4.125291e-02 9.989435e-01 -8.412023e-01
9.982019e-01 -5.753969e-02 1.679639e-02 2.890689e+02 5.678898e-02 9.974943e-01 4.219072e-02 2.277683e+00 -1.918194e-02 -4.116101e-02 9.989684e-01 -8.767162e-01
9.982059e-01 -5.801467e-02 1.480880e-02 2.918191e+02 5.730319e-02 9.973584e-01 4.463771e-02 2.418250e+00 -1.735932e-02 -4.370904e-02 9.988935e-01 -9.283793e-01
9.981800e-01 -5.853710e-02 1.449742e-02 2.945727e+02 5.785046e-02 9.973572e-01 4.395417e-02 2.562471e+00 -1.703206e-02 -4.303549e-02 9.989284e-01 -9.563368e-01
9.980990e-01 -5.982993e-02 1.479137e-02 2.973329e+02 5.919276e-02 9.974328e-01 4.030005e-02 2.703083e+00 -1.716454e-02 -3.934790e-02 9.990781e-01 -9.568953e-01
9.980430e-01 -6.066511e-02 1.516496e-02 3.000920e+02 6.004244e-02 9.974491e-01 3.860400e-02 2.842378e+00 -1.746819e-02 -3.761791e-02 9.991395e-01 -9.804187e-01
9.979854e-01 -6.151450e-02 1.552461e-02 3.028585e+02 6.088601e-02 9.974156e-01 3.814410e-02 2.985742e+00 -1.783091e-02 -3.712203e-02 9.991516e-01 -1.047425e+00
9.979532e-01 -6.203230e-02 1.553688e-02 3.056241e+02 6.140272e-02 9.973832e-01 3.816291e-02 3.136482e+00 -1.786356e-02 -3.713079e-02 9.991507e-01 -1.118744e+00
9.979576e-01 -6.208152e-02 1.504858e-02 3.083878e+02 6.148886e-02 9.974188e-01 3.708004e-02 3.288031e+00 -1.731172e-02 -3.607899e-02 9.991990e-01 -1.167836e+00
9.979396e-01 -6.239799e-02 1.493225e-02 3.111525e+02 6.181640e-02 9.974137e-01 3.667017e-02 3.438235e+00 -1.718178e-02 -3.567155e-02 9.992159e-01 -1.198598e+00
9.978467e-01 -6.382491e-02 1.511062e-02 3.139206e+02 6.321275e-02 9.972759e-01 3.801317e-02 3.599988e+00 -1.749565e-02 -3.697613e-02 9.991630e-01 -1.229673e+00
9.977407e-01 -6.538950e-02 1.541490e-02 3.166909e+02 6.471218e-02 9.970628e-01 4.096431e-02 3.771291e+00 -1.804826e-02 -3.987423e-02 9.990417e-01 -1.270098e+00
9.976282e-01 -6.711018e-02 1.530311e-02 3.194622e+02 6.641525e-02 9.969026e-01 4.212168e-02 3.946759e+00 -1.808250e-02 -4.100541e-02 9.989953e-01 -1.298619e+00
9.975619e-01 -6.884394e-02 1.143348e-02 3.222214e+02 6.831399e-02 9.967953e-01 4.162116e-02 4.117833e+00 -1.426221e-02 -4.073862e-02 9.990680e-01 -1.360827e+00
9.974972e-01 -7.029285e-02 7.634887e-03 3.249844e+02 6.990543e-02 9.966387e-01 4.271346e-02 4.293340e+00 -1.061167e-02 -4.207284e-02 9.990582e-01 -1.414474e+00
9.974321e-01 -7.125466e-02 7.212450e-03 3.277519e+02 7.087932e-02 9.965495e-01 4.318769e-02 4.477579e+00 -1.026489e-02 -4.256558e-02 9.990409e-01 -1.397747e+00
9.973534e-01 -7.234882e-02 7.197374e-03 3.305271e+02 7.197413e-02 9.964751e-01 4.309328e-02 4.660542e+00 -1.028975e-02 -4.246120e-02 9.990451e-01 -1.408678e+00
9.972537e-01 -7.364033e-02 7.879593e-03 3.333088e+02 7.322980e-02 9.963610e-01 4.361429e-02 4.851243e+00 -1.106269e-02 -4.291749e-02 9.990174e-01 -1.435362e+00
9.971478e-01 -7.501922e-02 8.274639e-03 3.360884e+02 7.459009e-02 9.962584e-01 4.365121e-02 5.045572e+00 -1.151836e-02 -4.290950e-02 9.990126e-01 -1.469561e+00
9.970906e-01 -7.577735e-02 8.258004e-03 3.388631e+02 7.534770e-02 9.961994e-01 4.369858e-02 5.240484e+00 -1.153798e-02 -4.294922e-02 9.990106e-01 -1.450807e+00
9.970036e-01 -7.693191e-02 8.075448e-03 3.416407e+02 7.650365e-02 9.960904e-01 4.417233e-02 5.438461e+00 -1.144214e-02 -4.342217e-02 9.989913e-01 -1.471001e+00
9.969242e-01 -7.794505e-02 8.165036e-03 3.444207e+02 7.751199e-02 9.960124e-01 4.417122e-02 5.639607e+00 -1.157541e-02 -4.340247e-02 9.989906e-01 -1.503530e+00
9.968670e-01 -7.867175e-02 8.183952e-03 3.471945e+02 7.824829e-02 9.959968e-01 4.321570e-02 5.844370e+00 -1.155104e-02 -4.243993e-02 9.990322e-01 -1.478724e+00
9.967904e-01 -7.964090e-02 8.136347e-03 3.499710e+02 7.922393e-02 9.959396e-01 4.275426e-02 6.049376e+00 -1.150830e-02 -4.197244e-02 9.990525e-01 -1.476537e+00
9.967162e-01 -8.056926e-02 8.085338e-03 3.527498e+02 8.015073e-02 9.958545e-01 4.300701e-02 6.260024e+00 -1.151686e-02 -4.221774e-02 9.990421e-01 -1.484625e+00
9.966547e-01 -8.136401e-02 7.701362e-03 3.555282e+02 8.096111e-02 9.957894e-01 4.299782e-02 6.472948e+00 -1.116741e-02 -4.223047e-02 9.990455e-01 -1.505060e+00
9.966020e-01 -8.213657e-02 6.167145e-03 3.583035e+02 8.180819e-02 9.957658e-01 4.192764e-02 6.684214e+00 -9.584824e-03 -4.128065e-02 9.991016e-01 -1.508548e+00
9.965329e-01 -8.301811e-02 5.486136e-03 3.610773e+02 8.272375e-02 9.957211e-01 4.118505e-02 6.897221e+00 -8.881767e-03 -4.058843e-02 9.991365e-01 -1.479267e+00
9.964529e-01 -8.398456e-02 5.311569e-03 3.638559e+02 8.369719e-02 9.956431e-01 4.110577e-02 7.113219e+00 -8.740676e-03 -4.051540e-02 9.991407e-01 -1.488541e+00
9.963669e-01 -8.498327e-02 5.546610e-03 3.666403e+02 8.466872e-02 9.954828e-01 4.295649e-02 7.334854e+00 -9.172138e-03 -4.233080e-02 9.990615e-01 -1.513711e+00
9.962762e-01 -8.607249e-02 5.026936e-03 3.694235e+02 8.575893e-02 9.952886e-01 4.523340e-02 7.561622e+00 -8.896603e-03 -4.463385e-02 9.989638e-01 -1.541305e+00
9.961948e-01 -8.706957e-02 3.853896e-03 3.722000e+02 8.679397e-02 9.951195e-01 4.694686e-02 7.793174e+00 -7.922730e-03 -4.643372e-02 9.988900e-01 -1.551949e+00
9.960671e-01 -8.855209e-02 2.974087e-03 3.749721e+02 8.830581e-02 9.949202e-01 4.833179e-02 8.025908e+00 -7.238860e-03 -4.787907e-02 9.988269e-01 -1.552130e+00
9.958758e-01 -9.068343e-02 2.818792e-03 3.777418e+02 9.043450e-02 9.946771e-01 4.938623e-02 8.265901e+00 -7.282301e-03 -4.892764e-02 9.987758e-01 -1.534100e+00
9.956570e-01 -9.306818e-02 2.319681e-03 3.805032e+02 9.283346e-02 9.944032e-01 5.044101e-02 8.510171e+00 -7.001151e-03 -5.000660e-02 9.987243e-01 -1.485565e+00
9.954368e-01 -9.540975e-02 -1.583255e-03 3.832590e+02 9.536782e-02 9.941619e-01 5.046789e-02 8.753763e+00 -3.241116e-03 -5.038859e-02 9.987244e-01 -1.536329e+00
9.952134e-01 -9.770796e-02 -1.860532e-03 3.860089e+02 9.767629e-02 9.939249e-01 5.072025e-02 9.009124e+00 -3.106543e-03 -5.065920e-02 9.987112e-01 -1.466458e+00
9.950080e-01 -9.974374e-02 -3.212864e-03 3.887542e+02 9.977484e-02 9.936320e-01 5.234992e-02 9.270468e+00 -2.029173e-03 -5.240915e-02 9.986236e-01 -1.430603e+00
9.948384e-01 -1.014323e-01 -2.835838e-03 3.914979e+02 1.014380e-01 9.933949e-01 5.363660e-02 9.539377e+00 -2.623374e-03 -5.364741e-02 9.985565e-01 -1.366412e+00
9.946957e-01 -1.028322e-01 -2.461365e-03 3.942418e+02 1.028123e-01 9.931933e-01 5.474167e-02 9.812750e+00 -3.184595e-03 -5.470436e-02 9.984975e-01 -1.320813e+00
9.945264e-01 -1.044529e-01 -2.628815e-03 3.969806e+02 1.044377e-01 9.929881e-01 5.538345e-02 1.008903e+01 -3.174579e-03 -5.535485e-02 9.984617e-01 -1.283682e+00
9.943156e-01 -1.064125e-01 -3.578559e-03 3.997117e+02 1.064474e-01 9.927849e-01 5.520114e-02 1.036485e+01 -2.321354e-03 -5.526829e-02 9.984688e-01 -1.246891e+00
9.941610e-01 -1.078516e-01 -3.451704e-03 4.024424e+02 1.078786e-01 9.926616e-01 5.463745e-02 1.064436e+01 -2.466360e-03 -5.469078e-02 9.985003e-01 -1.208970e+00
9.940325e-01 -1.090298e-01 -3.451490e-03 4.051730e+02 1.090568e-01 9.925713e-01 5.393421e-02 1.092612e+01 -2.454589e-03 -5.398877e-02 9.985385e-01 -1.189357e+00
9.939208e-01 -1.100547e-01 -3.072147e-03 4.079048e+02 1.100633e-01 9.925287e-01 5.265722e-02 1.120489e+01 -2.745979e-03 -5.267524e-02 9.986079e-01 -1.139164e+00
9.938157e-01 -1.109894e-01 -3.421699e-03 4.106327e+02 1.110143e-01 9.924056e-01 5.298018e-02 1.148981e+01 -2.484525e-03 -5.303239e-02 9.985897e-01 -1.089884e+00
9.936366e-01 -1.125751e-01 -3.628985e-03 4.133584e+02 1.126076e-01 9.922007e-01 5.345418e-02 1.178679e+01 -2.416929e-03 -5.352268e-02 9.985637e-01 -1.087413e+00
9.933342e-01 -1.152432e-01 -2.500092e-03 4.160925e+02 1.152208e-01 9.920387e-01 5.082705e-02 1.208085e+01 -3.377285e-03 -5.077631e-02 9.987043e-01 -1.093315e+00
9.929679e-01 -1.183821e-01 -6.989687e-04 4.188310e+02 1.182736e-01 9.917682e-01 4.906269e-02 1.237592e+01 -5.114930e-03 -4.880035e-02 9.987955e-01 -1.130423e+00
9.928964e-01 -1.189382e-01 3.216769e-03 4.215728e+02 1.186082e-01 9.915580e-01 5.239145e-02 1.268941e+01 -9.420959e-03 -5.163775e-02 9.986214e-01 -1.136525e+00
9.929919e-01 -1.181468e-01 2.894954e-03 4.243034e+02 1.178182e-01 9.915571e-01 5.415985e-02 1.300626e+01 -9.269328e-03 -5.343922e-02 9.985281e-01 -1.153873e+00
9.930295e-01 -1.178662e-01 1.021336e-05 4.270211e+02 1.176966e-01 9.916048e-01 5.354893e-02 1.331506e+01 -6.321739e-03 -5.317446e-02 9.985652e-01 -1.206938e+00
9.929377e-01 -1.186352e-01 6.921268e-04 4.297438e+02 1.184462e-01 9.916529e-01 5.094168e-02 1.361229e+01 -6.729824e-03 -5.049993e-02 9.987014e-01 -1.172819e+00
9.928719e-01 -1.191750e-01 1.666054e-03 4.324708e+02 1.189492e-01 9.916791e-01 4.923099e-02 1.391362e+01 -7.519294e-03 -4.868189e-02 9.987860e-01 -1.162080e+00
9.928711e-01 -1.191781e-01 1.880732e-03 4.351990e+02 1.189418e-01 9.916799e-01 4.923183e-02 1.421833e+01 -7.732438e-03 -4.865716e-02 9.987856e-01 -1.164692e+00
9.929401e-01 -1.185953e-01 2.275875e-03 4.379252e+02 1.183276e-01 9.916738e-01 5.080924e-02 1.453493e+01 -8.282660e-03 -5.018123e-02 9.987058e-01 -1.161553e+00
9.929811e-01 -1.182577e-01 1.929297e-03 4.406483e+02 1.180018e-01 9.916738e-01 5.156145e-02 1.484890e+01 -8.010770e-03 -5.097188e-02 9.986680e-01 -1.178344e+00
9.929969e-01 -1.181374e-01 7.989960e-04 4.433632e+02 1.179317e-01 9.916237e-01 5.267339e-02 1.516038e+01 -7.015002e-03 -5.221029e-02 9.986115e-01 -1.172614e+00
9.930003e-01 -1.181049e-01 -1.257048e-03 4.460733e+02 1.180001e-01 9.915440e-01 5.400463e-02 1.547366e+01 -5.131794e-03 -5.377495e-02 9.985399e-01 -1.179763e+00
9.929703e-01 -1.183364e-01 -2.562861e-03 4.487825e+02 1.182928e-01 9.913880e-01 5.618381e-02 1.578999e+01 -4.107800e-03 -5.609202e-02 9.984172e-01 -1.165455e+00
9.929218e-01 -1.187334e-01 -2.940613e-03 4.514950e+02 1.187033e-01 9.912330e-01 5.802292e-02 1.610974e+01 -3.974424e-03 -5.796129e-02 9.983109e-01 -1.158224e+00
9.928333e-01 -1.194698e-01 -3.009164e-03 4.542088e+02 1.194376e-01 9.910730e-01 5.923739e-02 1.643037e+01 -4.094780e-03 -5.917226e-02 9.982394e-01 -1.151991e+00
9.926960e-01 -1.206066e-01 -2.952363e-03 4.569220e+02 1.205654e-01 9.908869e-01 6.005975e-02 1.675153e+01 -4.318143e-03 -5.997703e-02 9.981904e-01 -1.156057e+00
9.925819e-01 -1.215341e-01 -3.276160e-03 4.596277e+02 1.215092e-01 9.907503e-01 6.040973e-02 1.707089e+01 -4.095983e-03 -6.035968e-02 9.981683e-01 -1.142332e+00
9.925185e-01 -1.220440e-01 -3.505504e-03 4.623224e+02 1.220260e-01 9.905928e-01 6.193192e-02 1.739449e+01 -4.085892e-03 -6.189634e-02 9.980742e-01 -1.107440e+00
9.924390e-01 -1.226730e-01 -4.013808e-03 4.650139e+02 1.226780e-01 9.903896e-01 6.386407e-02 1.772578e+01 -3.859165e-03 -6.387360e-02 9.979505e-01 -1.103516e+00
9.923757e-01 -1.231986e-01 -3.537705e-03 4.677060e+02 1.231643e-01 9.902161e-01 6.559388e-02 1.805066e+01 -4.577980e-03 -6.552950e-02 9.978401e-01 -1.102379e+00
9.922773e-01 -1.239952e-01 -3.309036e-03 4.703893e+02 1.239374e-01 9.900265e-01 6.698523e-02 1.837935e+01 -5.029817e-03 -6.687804e-02 9.977485e-01 -1.101033e+00
9.921962e-01 -1.246181e-01 -4.139105e-03 4.730610e+02 1.246068e-01 9.898251e-01 6.869742e-02 1.870832e+01 -4.463950e-03 -6.867708e-02 9.976290e-01 -1.094219e+00
9.921687e-01 -1.247795e-01 -5.600830e-03 4.757224e+02 1.248629e-01 9.896703e-01 7.044074e-02 1.903446e+01 -3.246585e-03 -7.058843e-02 9.975002e-01 -1.075390e+00
9.921650e-01 -1.248764e-01 -3.814309e-03 4.783836e+02 1.248184e-01 9.894632e-01 7.336832e-02 1.936539e+01 -5.387856e-03 -7.326958e-02 9.972976e-01 -1.025106e+00
9.920605e-01 -1.257508e-01 -1.625260e-03 4.810450e+02 1.255033e-01 9.891153e-01 7.681022e-02 1.970022e+01 -8.051375e-03 -7.640436e-02 9.970444e-01 -1.004742e+00
9.918987e-01 -1.270293e-01 -6.752693e-04 4.837022e+02 1.267090e-01 9.889910e-01 7.643033e-02 2.002520e+01 -9.041058e-03 -7.589671e-02 9.970747e-01 -1.041459e+00
9.916316e-01 -1.290989e-01 4.367791e-04 4.863560e+02 1.287104e-01 9.888983e-01 7.425533e-02 2.034569e+01 -1.001821e-02 -7.357771e-02 9.972392e-01 -1.084601e+00
9.913676e-01 -1.310895e-01 -2.419354e-03 4.889947e+02 1.309340e-01 9.888940e-01 7.032034e-02 2.066334e+01 -6.825772e-03 -7.003008e-02 9.975215e-01 -1.160164e+00
9.911906e-01 -1.324267e-01 -2.108190e-03 4.916257e+02 1.322600e-01 9.888547e-01 6.836441e-02 2.099087e+01 -6.968576e-03 -6.804098e-02 9.976582e-01 -1.113717e+00
9.910766e-01 -1.332801e-01 -1.889186e-03 4.942579e+02 1.330974e-01 9.887514e-01 6.823272e-02 2.132771e+01 -7.226125e-03 -6.787530e-02 9.976676e-01 -1.111720e+00
9.908234e-01 -1.351570e-01 -1.264821e-03 4.968871e+02 1.349278e-01 9.885040e-01 6.822315e-02 2.167122e+01 -7.970559e-03 -6.776775e-02 9.976693e-01 -1.129717e+00
9.905192e-01 -1.373740e-01 -1.310528e-04 4.995145e+02 1.370679e-01 9.882477e-01 6.766761e-02 2.201823e+01 -9.166256e-03 -6.704403e-02 9.977079e-01 -1.144227e+00
9.901638e-01 -1.399090e-01 1.035964e-03 5.021316e+02 1.395424e-01 9.880531e-01 6.541396e-02 2.236893e+01 -1.017559e-02 -6.462597e-02 9.978577e-01 -1.099128e+00
9.898489e-01 -1.421131e-01 1.740276e-03 5.047423e+02 1.417166e-01 9.878656e-01 6.354445e-02 2.272013e+01 -1.074966e-02 -6.265278e-02 9.979775e-01 -1.087249e+00
9.895315e-01 -1.442944e-01 2.560916e-03 5.073521e+02 1.438301e-01 9.874929e-01 6.458040e-02 2.308491e+01 -1.184748e-02 -6.353600e-02 9.979092e-01 -1.112948e+00
9.892620e-01 -1.461147e-01 3.347260e-03 5.099546e+02 1.455860e-01 9.871808e-01 6.541185e-02 2.345698e+01 -1.286198e-02 -6.422214e-02 9.978527e-01 -1.148232e+00
9.890771e-01 -1.473531e-01 3.694390e-03 5.125497e+02 1.468081e-01 9.870425e-01 6.476473e-02 2.383068e+01 -1.318980e-02 -6.351494e-02 9.978937e-01 -1.172623e+00
9.889541e-01 -1.482075e-01 2.079806e-03 5.151296e+02 1.477632e-01 9.868986e-01 6.478620e-02 2.420973e+01 -1.165436e-02 -6.376326e-02 9.978970e-01 -1.201810e+00
9.888642e-01 -1.487070e-01 5.824499e-03 5.177203e+02 1.480160e-01 9.868268e-01 6.530060e-02 2.458976e+01 -1.545843e-02 -6.371130e-02 9.978486e-01 -1.170618e+00
9.887013e-01 -1.495686e-01 9.950535e-03 5.203098e+02 1.486100e-01 9.867231e-01 6.551771e-02 2.497112e+01 -1.961782e-02 -6.329869e-02 9.978018e-01 -1.156737e+00
9.886146e-01 -1.499212e-01 1.283687e-02 5.228970e+02 1.487278e-01 9.865509e-01 6.780314e-02 2.535307e+01 -2.282935e-02 -6.512197e-02 9.976161e-01 -1.177492e+00
9.885053e-01 -1.503207e-01 1.615275e-02 5.254845e+02 1.488547e-01 9.863818e-01 6.995119e-02 2.573911e+01 -2.644789e-02 -6.674271e-02 9.974196e-01 -1.205871e+00
9.884795e-01 -1.508766e-01 1.202412e-02 5.280484e+02 1.496974e-01 9.862890e-01 6.946026e-02 2.612467e+01 -2.233919e-02 -6.686007e-02 9.975123e-01 -1.324716e+00
9.884113e-01 -1.515237e-01 9.149274e-03 5.306182e+02 1.505765e-01 9.863000e-01 6.737192e-02 2.650058e+01 -1.923237e-02 -6.521350e-02 9.976860e-01 -1.410234e+00
9.883362e-01 -1.519667e-01 9.887042e-03 5.331889e+02 1.510054e-01 9.863530e-01 6.561369e-02 2.687929e+01 -1.972321e-02 -6.335538e-02 9.977961e-01 -1.438968e+00
9.882624e-01 -1.524220e-01 1.024235e-02 5.357648e+02 1.514419e-01 9.863013e-01 6.538478e-02 2.725820e+01 -2.006812e-02 -6.306620e-02 9.978076e-01 -1.538021e+00
9.881428e-01 -1.531478e-01 1.093096e-02 5.383434e+02 1.521201e-01 9.861882e-01 6.551577e-02 2.763646e+01 -2.081358e-02 -6.307612e-02 9.977917e-01 -1.629191e+00
9.880575e-01 -1.536762e-01 1.122398e-02 5.409158e+02 1.526178e-01 9.860762e-01 6.604137e-02 2.802473e+01 -2.121668e-02 -6.353969e-02 9.977538e-01 -1.715194e+00
9.880278e-01 -1.539512e-01 1.000493e-02 5.434855e+02 1.529230e-01 9.858712e-01 6.835575e-02 2.841611e+01 -2.038702e-02 -6.600739e-02 9.976108e-01 -1.786463e+00
9.879951e-01 -1.540772e-01 1.122051e-02 5.460594e+02 1.529074e-01 9.856757e-01 7.115327e-02 2.881278e+01 -2.202288e-02 -6.858338e-02 9.974023e-01 -1.833635e+00
9.879110e-01 -1.546057e-01 1.135723e-02 5.486343e+02 1.534128e-01 9.855567e-01 7.171131e-02 2.920513e+01 -2.228017e-02 -6.910205e-02 9.973608e-01 -1.919665e+00
9.877213e-01 -1.553975e-01 1.607087e-02 5.512221e+02 1.539057e-01 9.855522e-01 7.070961e-02 2.959391e+01 -2.682677e-02 -6.736798e-02 9.973675e-01 -1.930835e+00
9.875278e-01 -1.563307e-01 1.869612e-02 5.538032e+02 1.547847e-01 9.857104e-01 6.645806e-02 2.997977e+01 -2.881839e-02 -6.273531e-02 9.976140e-01 -2.043737e+00
9.873770e-01 -1.570919e-01 2.021894e-02 5.563821e+02 1.555323e-01 9.857741e-01 6.371176e-02 3.036408e+01 -2.993992e-02 -5.976283e-02 9.977635e-01 -2.143922e+00
9.872065e-01 -1.574274e-01 2.529484e-02 5.589696e+02 1.555978e-01 9.858227e-01 6.279277e-02 3.075788e+01 -3.482153e-02 -5.805362e-02 9.977060e-01 -2.215084e+00
9.871453e-01 -1.576052e-01 2.654731e-02 5.615546e+02 1.558157e-01 9.859838e-01 5.964423e-02 3.114872e+01 -3.557546e-02 -5.474103e-02 9.978666e-01 -2.351796e+00
9.871147e-01 -1.581838e-01 2.413353e-02 5.641320e+02 1.566173e-01 9.860194e-01 5.689323e-02 3.153649e+01 -3.279571e-02 -5.238041e-02 9.980885e-01 -2.460892e+00
9.871438e-01 -1.579169e-01 2.468537e-02 5.667157e+02 1.563634e-01 9.861311e-01 5.564172e-02 3.193056e+01 -3.312977e-02 -5.106649e-02 9.981456e-01 -2.569278e+00
9.871514e-01 -1.576493e-01 2.605289e-02 5.693013e+02 1.561483e-01 9.863596e-01 5.208082e-02 3.232946e+01 -3.390802e-02 -4.734354e-02 9.983030e-01 -2.647115e+00
9.871451e-01 -1.577395e-01 2.574351e-02 5.718852e+02 1.563035e-01 9.864132e-01 5.057907e-02 3.272017e+01 -3.337205e-02 -4.590508e-02 9.983882e-01 -2.793463e+00
9.871348e-01 -1.578658e-01 2.536295e-02 5.744675e+02 1.560999e-01 9.858662e-01 6.083377e-02 3.314526e+01 -3.460804e-02 -5.609197e-02 9.978256e-01 -2.899229e+00
9.873459e-01 -1.572703e-01 2.035084e-02 5.770435e+02 1.554589e-01 9.852423e-01 7.162488e-02 3.358486e+01 -3.131498e-02 -6.755481e-02 9.972240e-01 -3.047073e+00
9.874300e-01 -1.572910e-01 1.554395e-02 5.796162e+02 1.557927e-01 9.851526e-01 7.213191e-02 3.400698e+01 -2.665886e-02 -6.880358e-02 9.972740e-01 -3.213245e+00
9.871010e-01 -1.592354e-01 1.660340e-02 5.822158e+02 1.577327e-01 9.850327e-01 6.950464e-02 3.440587e+01 -2.742249e-02 -6.598920e-02 9.974434e-01 -3.216802e+00
9.867194e-01 -1.612588e-01 1.950626e-02 5.848264e+02 1.596481e-01 9.849229e-01 6.662879e-02 3.479782e+01 -2.995664e-02 -6.262978e-02 9.975871e-01 -3.272669e+00
9.865272e-01 -1.623785e-01 1.993400e-02 5.874232e+02 1.606971e-01 9.846589e-01 6.799551e-02 3.521350e+01 -3.066920e-02 -6.387608e-02 9.974865e-01 -3.331525e+00
9.865933e-01 -1.619721e-01 1.996930e-02 5.900176e+02 1.601703e-01 9.844730e-01 7.182127e-02 3.564188e+01 -3.129228e-02 -6.765989e-02 9.972176e-01 -3.434780e+00
9.865438e-01 -1.615596e-01 2.509691e-02 5.926305e+02 1.593028e-01 9.843887e-01 7.484264e-02 3.606795e+01 -3.679666e-02 -6.983753e-02 9.968795e-01 -3.513242e+00
9.864596e-01 -1.621558e-01 2.455426e-02 5.952340e+02 1.600032e-01 9.844153e-01 7.297616e-02 3.647413e+01 -3.600510e-02 -6.805927e-02 9.970314e-01 -3.691399e+00
9.862114e-01 -1.636764e-01 2.443598e-02 5.978343e+02 1.616086e-01 9.843153e-01 7.075364e-02 3.688228e+01 -3.563341e-02 -6.582898e-02 9.971945e-01 -3.742009e+00
9.861374e-01 -1.641043e-01 2.455341e-02 6.004340e+02 1.620240e-01 9.842392e-01 7.086250e-02 3.730245e+01 -3.579527e-02 -6.590191e-02 9.971839e-01 -3.862709e+00
9.860860e-01 -1.643153e-01 2.519756e-02 6.030377e+02 1.621356e-01 9.841086e-01 7.240369e-02 3.773471e+01 -3.669416e-02 -6.731085e-02 9.970571e-01 -3.962207e+00
9.860096e-01 -1.647506e-01 2.534251e-02 6.056417e+02 1.625494e-01 9.840186e-01 7.269869e-02 3.815501e+01 -3.691465e-02 -6.756220e-02 9.970319e-01 -4.087690e+00
9.859613e-01 -1.650742e-01 2.511704e-02 6.082443e+02 1.629450e-01 9.840675e-01 7.113436e-02 3.857287e+01 -3.645931e-02 -6.604303e-02 9.971505e-01 -4.195091e+00
9.859529e-01 -1.650604e-01 2.553126e-02 6.108468e+02 1.628924e-01 9.840538e-01 7.144341e-02 3.899430e+01 -3.691661e-02 -6.628099e-02 9.971178e-01 -4.299981e+00
9.859388e-01 -1.651058e-01 2.578391e-02 6.134559e+02 1.628868e-01 9.839879e-01 7.235842e-02 3.941959e+01 -3.731784e-02 -6.714111e-02 9.970454e-01 -4.431905e+00
9.859676e-01 -1.649361e-01 2.576789e-02 6.160632e+02 1.627008e-01 9.839839e-01 7.283007e-02 3.984589e+01 -3.736750e-02 -6.761563e-02 9.970114e-01 -4.555566e+00
9.860354e-01 -1.649839e-01 2.268330e-02 6.186658e+02 1.628872e-01 9.837994e-01 7.487666e-02 4.027403e+01 -3.466925e-02 -7.013622e-02 9.969348e-01 -4.661983e+00
9.859899e-01 -1.652442e-01 2.276484e-02 6.212760e+02 1.631705e-01 9.838161e-01 7.403617e-02 4.069368e+01 -3.463047e-02 -6.928436e-02 9.969957e-01 -4.739572e+00
9.859263e-01 -1.656917e-01 2.225976e-02 6.238861e+02 1.636790e-01 9.837905e-01 7.324891e-02 4.111215e+01 -3.403568e-02 -6.857457e-02 9.970652e-01 -4.940147e+00
9.859225e-01 -1.658225e-01 2.144083e-02 6.264995e+02 1.638753e-01 9.837790e-01 7.296434e-02 4.153286e+01 -3.319217e-02 -6.842356e-02 9.971041e-01 -5.151534e+00
9.859431e-01 -1.657566e-01 2.100026e-02 6.291129e+02 1.638395e-01 9.837846e-01 7.296936e-02 4.195976e+01 -3.275489e-02 -6.850296e-02 9.971131e-01 -5.310347e+00
9.858749e-01 -1.661803e-01 2.085155e-02 6.317308e+02 1.642743e-01 9.837162e-01 7.291300e-02 4.238456e+01 -3.262872e-02 -6.845772e-02 9.971203e-01 -5.425720e+00
9.858617e-01 -1.666562e-01 1.738733e-02 6.343403e+02 1.649355e-01 9.834735e-01 7.467320e-02 4.281270e+01 -2.954473e-02 -7.074967e-02 9.970565e-01 -5.505863e+00
9.857416e-01 -1.673468e-01 1.756776e-02 6.369558e+02 1.656193e-01 9.833780e-01 7.441769e-02 4.323700e+01 -2.972932e-02 -7.044705e-02 9.970724e-01 -5.574510e+00
9.856394e-01 -1.680297e-01 1.676494e-02 6.395706e+02 1.663780e-01 9.833040e-01 7.369891e-02 4.366069e+01 -2.886864e-02 -6.985123e-02 9.971396e-01 -5.784558e+00
9.854779e-01 -1.690568e-01 1.590677e-02 6.421920e+02 1.674851e-01 9.831753e-01 7.290418e-02 4.408200e+01 -2.796409e-02 -6.918132e-02 9.972121e-01 -5.997690e+00
9.852637e-01 -1.702832e-01 1.609786e-02 6.448131e+02 1.687005e-01 9.829810e-01 7.272223e-02 4.451019e+01 -2.820727e-02 -6.893486e-02 9.972223e-01 -6.062126e+00
9.851659e-01 -1.708142e-01 1.645327e-02 6.474315e+02 1.692174e-01 9.829222e-01 7.231480e-02 4.494822e+01 -2.852468e-02 -6.845789e-02 9.972461e-01 -6.019097e+00
9.850698e-01 -1.714768e-01 1.526954e-02 6.500453e+02 1.699665e-01 9.828109e-01 7.207012e-02 4.536548e+01 -2.736543e-02 -6.839879e-02 9.972827e-01 -6.253682e+00
9.847661e-01 -1.727392e-01 1.992292e-02 6.526828e+02 1.708869e-01 9.825994e-01 7.277404e-02 4.579777e+01 -3.214718e-02 -6.826084e-02 9.971494e-01 -6.360502e+00
9.845902e-01 -1.737524e-01 1.980251e-02 6.553070e+02 1.719145e-01 9.824395e-01 7.251274e-02 4.623309e+01 -3.205403e-02 -6.799099e-02 9.971709e-01 -6.465047e+00
9.844747e-01 -1.746169e-01 1.784389e-02 6.579249e+02 1.730012e-01 9.824668e-01 6.949490e-02 4.666307e+01 -2.966602e-02 -6.532896e-02 9.974227e-01 -6.572564e+00
9.843467e-01 -1.753214e-01 1.800190e-02 6.605441e+02 1.736979e-01 9.823534e-01 6.936045e-02 4.710441e+01 -2.984460e-02 -6.514783e-02 9.974292e-01 -6.617732e+00
9.842398e-01 -1.759492e-01 1.771561e-02 6.631641e+02 1.743445e-01 9.822420e-01 6.931539e-02 4.754649e+01 -2.959701e-02 -6.513434e-02 9.974375e-01 -6.736628e+00
