1.0 0.0 0.0 0.0 0.0 1.0 0.0 0.0 0.0 0.0 1.0 0.0
0.9999917660669422 0.0002803968383407673 0.00404835471904993 2.6557244426665623 -0.0002779468997421827 0.9999997779250502 -0.0006057188897251768 -0.023250067047170416 -0.004048523661673359 0.0006045886746331708 0.9999916219292516 0.07904091331279793
0.9999920159085179 0.0002696578059328004 0.003986904047893905 5.305322972903074 -0.0002698140472629144 0.9999999628532473 3.8650824082948654e-05 -0.04895366450150375 -0.003986893477296945 -3.9726238208443265e-05 0.9999920515195241 0.06177729182351203
0.9999937367126007 0.0002069275580429942 0.003533230328807272 7.94740115447168 -0.00021127710018574713 0.9999992203577357 0.001230709514624683 -0.0709965198427017 -0.0035329729064370583 -0.0012314482969954432 0.9999930007942724 0.07180021954969745
0.9999950613384405 0.0005099737116485877 0.003101165191114913 10.58562090582221 -0.0005187580320032684 0.9999958540706412 0.0028324426974992343 -0.08796486086880399 -0.003099707862587628 -0.002834037463374821 0.9999911799825149 0.08120696654550545
0.9999961042230038 0.0006766857218444736 0.0027080685460960977 13.225189163429317 -0.0006863063054740689 0.999993451813493 0.0035532117573103825 -0.10843564493830343 -0.0027056464054953247 -0.0035550564793085933 0.9999900204756831 0.07618531470441658
0.9999967559408293 0.0005747516264039327 0.002481485117120967 15.866485107684102 -0.0005824908339123894 0.9999949656817583 0.0031191850811105905 -0.134284660068897 -0.0024796798678367537 -0.003120620404624834 0.9999920564264715 0.058238660881071
0.9999976761170168 0.00046023749509420685 0.002106167613313913 18.507349538521186 -0.0004664947729273831 0.9999954765591743 0.002971404351403874 -0.16152670986514625 -0.0021047905344937453 -0.002972379962390383 0.9999933673850869 0.04008422486968819
0.9999976482588188 0.0004375918379776204 0.002124144584631391 21.15111251491299 -0.00044385224485767 0.999995557066909 0.0029476841129397803 -0.18598626315311031 -0.0021228452646903703 -0.002948619987091953 0.9999933995622943 0.02309952664675731
0.9999975058980588 0.0003052993693624753 0.0022124624196450428 23.79347354512211 -0.0003122377511964994 0.9999950328064143 0.0031363784987707955 -0.20516772967911906 -0.0022114938955381494 -0.003137061490613608 0.9999926340428488 0.019401071158615696
0.9999977991189156 -3.35702900850672e-05 0.00209776794755893 26.437059165349844 2.6398010095719556e-05 0.9999941550605561 0.003418939583028368 -0.22475396103180095 -0.002097870461025895 -0.0034188766814494506 0.9999919550785229 0.005126601659137859
0.9999980308147381 -0.0002353037942399159 0.0019705326113085156 29.081240711580286 0.00022766122032974464 0.9999924555563546 0.0038777571795695098 -0.24061442601200753 -0.0019714301957137717 -0.0038773009296882276 0.9999905399554965 3.282553197624452e-05
0.9999984161302893 -0.000340743672519533 0.0017468917151807195 31.722328672818133 0.00033321066574485645 0.9999906533161733 0.004310713507968002 -0.25680307506086475 -0.0017483442358880632 -0.004310124597408039 0.9999891830006907 0.01935084456507384
0.9999989625142095 -0.0002805766259472307 0.0014128861468197347 34.364517767601356 0.0002742413581197215 0.9999899176508095 0.004482118740962184 -0.2748744363620385 -0.0014141294793616702 -0.004481726619011901 0.9999889571211923 0.0397790360298832
0.999999534670637 -0.0003859476369736566 0.0008841396569925131 37.008525157199394 0.0003821291035974888 0.9999906171989097 0.0043150308799977475 -0.29380431166786664 -0.0008857967372575818 -0.004314691016592588 0.9999902993557358 0.04588655746892049
0.999999668826438 -0.0005598196563896393 0.0005907190268346968 39.6565131228067 0.0005578683018335163 0.999994404769853 0.0032983650416348207 -0.3132732991401955 -0.0005925622112100463 -0.003298034405883154 0.9999943859037838 0.04686990387436839
0.9999995400218776 -0.0008268406229286128 0.0004860973351230477 42.308376367539374 0.0008255916506452935 0.9999963721508734 0.002563997566601252 -0.33618676421347066 -0.00048821558898041057 -0.0025635950693171836 0.9999965948071329 0.03968857607316216
0.9999993690287144 -0.0009985993937366034 0.0005145302959667574 44.96257339633054 0.0009974269163007293 0.9999969170875876 0.0022739733662421554 -0.3569863494216273 -0.0005167994981398243 -0.0022734587250638045 0.9999972821481594 0.04904329807317627
0.999999192570529 -0.001051027507839696 0.0007142824862504439 47.62110086794416 0.0010491272373582662 0.9999959236092567 0.002655578451650481 -0.3764924464785087 -0.0007170706605578414 -0.0026548269342466773 0.999996218844661 0.04731378778910862
0.9999986727239585 -0.0013937408104924072 0.0008438227759753655 50.28216623809175 0.0013912696802961184 0.9999947630328144 0.002922032789961198 -0.3976719598023358 -0.0008478909132521441 -0.0029208549265733186 0.9999953748330538 0.04172763189309551
0.9999983702082873 -0.001595364857617559 0.0008452169801044078 52.939021547668375 0.0015926810422230838 0.9999937182655803 0.0031665117212557672 -0.41527344548314016 -0.0008502634121971382 -0.0031651603994404197 0.9999946293914678 0.06423692679446072
0.9999986037413545 -0.001587856285434082 0.0005207953158068847 55.59722828130003 0.0015858196773991498 0.999991184483996 0.0038879467910294986 -0.43264060067884386 -0.0005269642254770145 -0.003887115474990467 0.9999923062913993 0.07404104346264959
0.9999988770642476 -0.0014845933822356975 0.0002045794125633056 58.25456648750486 0.0014835895522327246 0.9999872708145698 0.004822568908144103 -0.4479725468219493 -0.00021173636232043637 -0.004822259980829967 0.9999883504203401 0.10520873439392418
0.9999986659848388 -0.0012954492943727277 -0.000994906865709215 60.90982423289816 0.0013016566079600313 0.9999795338289243 0.006263993404135372 -0.462484985655515 0.000986771817939749 -0.00626528007496924 0.9999798860711977 0.12926291496936834
0.9999983536362518 -0.0010267792459037496 -0.001496144768794659 63.566032529868224 0.0010378498067196709 0.99997195139713 0.007417498688890889 -0.47331120329253545 0.001488486670313925 -0.007419039250549043 0.9999713707221999 0.16727975974561857
0.9999972498983576 -0.0012074564515806203 -0.0020105334222580416 66.22660389676287 0.0012252333205616025 0.9999599612523792 0.008864236879446733 -0.48975829209920163 0.00199974974300933 -0.008866675874435362 0.9999586906767236 0.1676247846039912
0.9999959173150562 -0.0013919294510001134 -0.002495573205869554 68.88407381379393 0.0014180989977812296 0.9999437054002929 0.010515466017678528 -0.5015977494349744 0.002480795931733884 -0.010518962056205844 0.9999415968389403 0.19538511714968226
0.9999936391422478 -0.0018139651410615364 -0.0030710267851013456 71.53963442420931 0.0018510169758624276 0.9999250134017327 0.01210542480478054 -0.513003026397938 0.0030488376806359217 -0.01211103232660784 0.9999220107012277 0.21904323422527391
0.9999918862555651 -0.0021247023642275787 -0.0034224352300153177 74.19081222952249 0.002171096811078061 0.9999050254714454 0.01360978969672549 -0.5222116774088339 0.0033931934334975565 -0.013617109708584048 0.9999015254321358 0.25469710922430205
0.9999892434181745 -0.0025048076926035105 -0.003903714432968115 76.84274471929479 0.0025639982571461807 0.9998806972229172 0.015232111933502233 -0.5342639654299474 0.00386509519784968 -0.015241957205046324 0.9998763642469385 0.2521294831907585
0.9999862739992726 -0.0026960575950422242 -0.0044925590146997355 79.48894966055332 0.002777952401098204 0.9998282501166555 0.01832357086181432 -0.5401729266373834 0.004442386015822745 -0.01833579946756924 0.9998220159930353 0.2555926487917317
0.9999727744248353 -0.0038200904119922484 -0.006313265268145535 82.12692128342259 0.003972604297930306 0.9996962256781018 0.024324365974367258 -0.5397829047434489 0.00621842618303325 -0.02434878383425123 0.9996841840809555 0.2203087674473927
0.9999831951269652 -0.004516480134462487 -0.0036346761707386267 84.768466408601 0.004614129279215132 0.9996160419557631 0.02732175828335693 -0.5439422127482343 0.003509882429059294 -0.027338070010417683 0.9996200831583197 0.2658547268289253
0.9999821967783331 -0.004902525056228442 -0.003401672303083101 87.40419748682538 0.004992041273086753 0.9996276572399669 0.02682585329245507 -0.5542636925915359 0.0032688912971080603 -0.026842356994376922 0.9996343342546216 0.29069217395637686
0.9999793880878864 -0.0053473148839270155 -0.003553818075512978 90.02885621002433 0.0054445048576130415 0.9995951774613949 0.027925589748174773 -0.5599341660718496 0.003403052488155039 -0.027944362928148274 0.9996036873753065 0.3376961106472304
0.9999801505371891 -0.004950149022882123 -0.0038980195328461166 92.64684996550297 0.005072156474685287 0.9994769747254504 0.031938225097269575 -0.556690077982449 0.0037378817963518982 -0.03195736250567012 0.9994822435748243 0.3654154869997063
0.9999912794315007 -0.003571764856758595 -0.0021641526667859575 95.26485644812574 0.0036500147573516853 0.9992973636358999 0.03730223079946909 -0.5565788497343056 0.002029397257376559 -0.037309804691981 0.9993016861892233 0.42639229939205986
0.9999980163796325 -0.0018407896642913626 -0.000760743202469738 97.88273616022641 0.0018701446774070454 0.9991745519721642 0.04057976404708474 -0.5650200370032519 0.0006854164382563096 -0.040581106252089084 0.999176012532161 0.4809139484554701
0.9999989096652415 -0.00017560661108753336 0.0014662300824096492 100.49693131477297 0.00011246781412730543 0.9990771498409579 0.04295155429858706 -0.5787869318442982 -0.0014724195486362172 -0.04295134256332193 0.9990760802625025 0.5656294357483278
0.9999951260664205 0.0008931389148920638 0.0029916795099440173 103.11218005616912 -0.0010263289144375218 0.9989946135755676 0.04481861996948651 -0.598167821351232 -0.0029486424623719446 -0.044821471973693336 0.9989906611964622 0.6244436561501102
0.9999928337220889 0.0017652313431602462 0.0033490988010612703 105.72930222741421 -0.0019186074124943576 0.9989229641222596 0.04635979610398588 -0.6260073847947887 -0.0032636559363491387 -0.04636588948258789 0.9989191923486213 0.6502659083089815
0.9999908049855519 0.0025202233747162505 0.003469642416332415 108.34339981334202 -0.0026799047045944695 0.9989000145093078 0.04681430469510565 -0.6541388957055119 -0.003347843355052847 -0.04682317254793226 0.9988975835677157 0.7089416675558909
0.9999868999667543 0.003397239995890816 0.003828662338072391 110.95729283794665 -0.003575353351672106 0.9988640418394348 0.0475167630274381 -0.6840981646036786 -0.0036628872900133116 -0.04752982937698541 0.9988631030206794 0.7838182288980257
0.9999855474256221 0.0042642205759676755 0.0032743492126799047 113.57339060497826 -0.004423288738917 0.9987285675086278 0.05021636146620219 -0.7133342471439909 -0.0030560524568883796 -0.0502301191025027 0.9987329951885707 0.8228106711384836
0.9999845755846102 0.005229357413606429 0.001871473728391585 116.19494961293883 -0.005323832325925302 0.9984911763899115 0.05465370509730309 -0.7414395063687608 -0.0015828462467128814 -0.05466282550818523 0.9985036154692805 0.8363651127727467
0.9999823486598287 0.005939652471035227 0.00015131855172606124 118.8125365837571 -0.005938368951265748 0.998280670089383 0.058313287508922694 -0.7639558333826078 0.00019530227703250808 -0.05831315678663752 0.9982983209454982 0.8624081567574362
0.9999778935920549 0.006481115186297434 0.001485756758864272 121.44105439051488 -0.006561943978648841 0.9979863533771881 0.06308866272263212 -0.7949603641524841 -0.0010738800797296148 -0.06309701751153463 0.998006820198503 0.8873337904486667
0.9999687698066486 0.005534666699404241 0.005641531344626956 124.07923724280433 -0.005885357590586225 0.9979217106461258 0.06416869943475473 -0.8221506242779114 -0.005274654246188226 -0.06419989786318567 0.997923118850818 0.9658379734659688
0.9999750100221292 0.0038364299922165417 0.005938108803755345 126.7120270633555 -0.004199686457247802 0.9980410268249326 0.06242172224395852 -0.8527309433658664 -0.0056869996405155936 -0.062445100521625545 0.9980321976048354 0.9960426396788628
0.9999794757193495 0.0032048138638428245 0.005547730000620581 129.3425910153241 -0.00354498186355146 0.9980427904998991 0.062434136774430236 -0.8779466615231416 -0.005336782143647589 -0.06245252196092079 0.9980336673965844 1.0142465566280365
0.9999839600314467 0.0030025382911332914 0.00480254553788738 131.97711512316334 -0.0032997478127127448 0.9980001670216557 0.06312510030983047 -0.8987438887934042 -0.004603405718128791 -0.06313993497434044 0.9979940667495147 1.0026238876964075
0.999986894954982 0.00291772980710762 0.00420675303207723 134.61311194926822 -0.003181120434448987 0.997943022206506 0.0640281571039888 -0.9129912001803437 -0.004011282972031031 -0.06404070020014031 0.9979392257681826 1.0017522741340232
0.9999887651005126 0.0023263539944681872 0.004130102886164742 137.2566604497727 -0.0025882271555428896 0.9979094036824633 0.06457649047686838 -0.9292022605587564 -0.003971240731710251 -0.06458645461093358 0.9979042134031931 0.975779094020636
0.9999882409524824 0.0013624282776204069 0.0046542180819937025 139.90705389709544 -0.0016638067903627426 0.9978592950027254 0.06537628869578835 -0.9424849446312376 -0.004555184269682128 -0.0653832636525515 0.997849827945275 0.9378765008231561
0.9999844547432183 0.0003461178653456545 0.00556511224849164 142.56496519546988 -0.0007067789867619251 0.9978891264232129 0.06493682953291981 -0.9607148428233562 -0.0055308892032741655 -0.0649397533776261 0.9978738586093332 0.9068096435504198
0.999961057576734 -0.0007182765899135237 0.00879587453103461 145.2219949181455 0.00015904274287216192 0.9979872023607338 0.06341544472452408 -0.9705716835741699 -0.008823720044927793 -0.06341157625342245 0.9979484525573606 0.9442138958637438
0.9999533696749403 -0.001840012211071036 0.009480128205910446 147.88299943472236 0.0012343524535404532 0.9979809801617002 0.06350149297079784 -0.9826790056013569 -0.009577831161480537 -0.0634868300560278 0.9979367152077758 0.9243985618426891
0.9999482172959807 -0.0026394017421548202 0.009828340909744118 150.54570408312088 0.0020062966583060974 0.9979557080834527 0.0638778480960436 -0.9926547518714376 -0.00997684821541899 -0.06385482176081818 0.9979093266612891 0.8938850204638515
0.9999499575634778 -0.0031011938875384047 0.009511307232739007 153.2058661708469 0.0024795872758654625 0.9979027351719839 0.06468371343099305 -0.9933742768269781 -0.009691956239326744 -0.06465689238397834 0.9978604873686043 0.85412441052379
0.9999513620006704 -0.0036168104181988 0.009175637057367438 155.86816643211503 0.0030053035426553546 0.9978280150790652 0.06580441074880354 -0.9917977741082611 -0.00939370979039851 -0.06577363457936283 0.9977903523338962 0.8210479528013386
0.9999514749807192 -0.004171793185791627 0.008924338939372495 158.53477107296658 0.003581740460675646 0.9978696502799844 0.06514086417435798 -0.9919719835296417 -0.009177081189690784 -0.06510573854680383 0.9978361709164081 0.7775394354962981
0.999945545287498 -0.0049833865881048454 0.009169095800993319 161.20334924679867 0.004397641122885296 0.9980145787769158 0.06282962120925101 -0.9943251624726278 -0.009463995575263366 -0.06278587744753716 0.9979821473257424 0.7723296959012417
0.9999377109076295 -0.00613551919121375 0.009323610302348509 163.87473846732283 0.005563283849343269 0.9981703489407798 0.06020800917039632 -1.0005696887334914 -0.009675958744612734 -0.060152388977538905 0.9981423074505325 0.7523242959832082
0.9999313690444028 -0.007361012364552865 0.009114422524798955 166.54615290876478 0.006806586346220097 0.9982090111010892 0.05943433804549918 -1.0018045317273878 -0.00953559559246892 -0.05936822090617275 0.9981906064290221 0.7272829335513308
0.9999242801031856 -0.008178534861179991 0.009194869637774801 169.21694785583122 0.007622109445860918 0.9982287604694889 0.05900207809181462 -0.9956562011633647 -0.00966113387375038 -0.058927526157830055 0.9982155123785631 0.7223450538267375
0.999910632604916 -0.0086313025347199 0.01020918313069639 171.89495077786924 0.008002659286005947 0.9981608013479716 0.060091364577093305 -0.9800566473120882 -0.010709073162233067 -0.06000429375419051 0.9981406716906557 0.6770963161111793
0.9998500699539616 -0.009539692457118902 0.014451016603906906 174.58147583281624 0.008662374915851447 0.9981846792831054 0.05960125254816556 -0.9634038754771048 -0.014993360993454136 -0.05946713640588874 0.9981176578008274 0.6800671710029831
0.999832793671264 -0.010814116114189523 0.014745833044940497 177.2677389153451 0.009912582627693903 0.9981552990639866 0.059897743330963926 -0.9447568191186548 -0.015366372544279076 -0.05974155876072976 0.998095597000445 0.6186195752508892
0.9998240137495115 -0.011653209303197213 0.014701844875979869 179.95076285863857 0.010745332259048845 0.9981170950531475 0.060388760521460035 -0.9233949837977744 -0.015377885565452163 -0.06022015672191073 0.9980666577738839 0.5720842093992978
0.9998120630287781 -0.012647652018958008 0.014692702969519132 182.63355038388 0.01173663755803775 0.9980981316181546 0.06051752638030113 -0.9043761683600727 -0.015430163997003619 -0.060333709970186174 0.9980589929860187 0.5164868892416545
0.9997911084535392 -0.014342155981907422 0.014561662646759751 185.31957458063238 0.013447198416579608 0.9981197483149471 0.05980084345945874 -0.8832879505506618 -0.01539195608077609 -0.05959253800190255 0.9981041113543746 0.45541277963407256
0.9997714312560817 -0.01588463819477769 0.014309560216551817 188.00670883303184 0.015033732462858043 0.9982191791217866 0.05772743993693507 -0.8613368115321245 -0.015201056950269 -0.057499119148542256 0.9982298228187451 0.4279773988387632
0.999771469362254 -0.017106104148767762 0.012821476127791444 190.69125415682345 0.016370972027016595 0.998330034190361 0.05539976632057315 -0.8346769324671989 -0.01374773887352596 -0.0551772057496118 0.9983819287434725 0.3840795766662774
0.9997630929680413 -0.018162505198665458 0.011995054976489004 193.3784881520516 0.017474462051805886 0.9983241531292857 0.055168183355131566 -0.8014826837063623 -0.012976945518131035 -0.054945506491558375 0.9984050231250899 0.3422594046045675
0.9997492203919043 -0.018902273245864125 0.012008346760643907 196.07129380758377 0.018196760613718055 0.9982442161594706 0.05636810097335515 -0.7604300401969093 -0.013052747946398833 -0.056135451991713985 0.998337837007463 0.30078705035449976
0.9997304286895995 -0.019981340090975602 0.011824381602633882 198.767711349385 0.019280808656710693 0.9982076043275704 0.05665535349962506 -0.7173887004533755 -0.01293523751847054 -0.05641209720257661 0.9983237725906132 0.2598376259398781
0.9996952085682667 -0.02158400708520873 0.011984181398913144 201.470502686646 0.020882921788750026 0.9982219004158269 0.0558295719828784 -0.676498174130193 -0.013167898208193618 -0.05556229088484493 0.9983683880654544 0.1985999834729587
0.9996477631905722 -0.023359329127803096 0.012597273148998049 204.17906831051795 0.022647832074937365 0.9982874254334313 0.053937852421174735 -0.6363605195070304 -0.013835651426547952 -0.053633552597249855 0.9984648300192696 0.13571075320645484
0.9996118126641196 -0.024814392987605013 0.012667670780992095 206.88962116196544 0.024107371550457037 0.9982924691136957 0.05320696146014062 -0.5906254136834376 -0.013966338793224203 -0.05288092294532484 0.9985031544112273 0.08378170051902593
0.9995954100832602 -0.025887656277235816 0.011783267499139168 209.59695330828174 0.02523731821832441 0.9983100858384423 0.05234548960894925 -0.5369622327125962 -0.013118456831182951 -0.0520269330801392 0.9985595146633232 0.054374207849256645
0.9996034567084114 -0.026695193421356792 0.00896080268707786 212.3053460843288 0.026209633163489048 0.9983791623300549 0.05051834671270197 -0.4831698884218634 -0.010294875717352353 -0.05026345464993214 0.9986829329975693 -0.017009726382082827
0.9995828061699287 -0.02755482583445129 0.008657088580367176 215.01938114727616 0.0271034546472786 0.9984541772844656 0.04852482467146047 -0.4295562550608479 -0.009980799348658538 -0.04826994340628679 0.9987844593344073 -0.02966926376910093
0.9995603557925323 -0.0285946779348212 0.00783833666758174 217.7342209938731 0.028192467251423298 0.9984803833457514 0.047350911965998256 -0.36958190450080514 -0.009180409478227772 -0.04710911236202769 0.9988475617501815 -0.03386187108246073
0.9995043806458165 -0.030682767409560992 0.007039947011060568 220.45345900932878 0.030344518664351665 0.9985723052934014 0.04396090636080908 -0.3082226830571084 -0.008378738380960251 -0.04372549468131606 0.9990084473406751 -0.05538919124789994
0.9993647011462433 -0.03432649463262172 0.009585711717016814 223.18301009534323 0.03392424339377836 0.9986485637410558 0.0393724757679686 -0.24984860970872008 -0.01092427631675676 -0.03902227446185304 0.9991786238119724 -0.06128699645035103
0.9991915021933169 -0.037601642097799697 0.014228789696133275 225.91689436266975 0.03698879706443775 0.9984690382022635 0.041126738786183226 -0.1801404793500992 -0.015753438875168096 -0.040567182093535825 0.9990526176836753 -0.07650224253276033
0.9991761016851848 -0.037654108611741025 0.015142190259614701 228.64659915967292 0.03691325503891588 0.9982340016755906 0.04654341522904929 -0.09050838262053043 -0.016867999989184188 -0.04594612065677545 0.9988014940782604 -0.08675100520831648
0.9992376444524917 -0.036698326036684444 0.013317761641744743 231.37746141685548 0.03611358720652402 0.9984743758637116 0.04176996005101943 -0.010444724359101154 -0.014830331355634234 -0.04125716434381059 0.9990384915818796 -0.16971403118478762
0.9992377133862389 -0.036764747605445666 0.013128041748625377 234.10602925041886 0.03619885661511083 0.9985026239237808 0.04101405609177109 0.0688258949388864 -0.014616255553472813 -0.04050757152494074 0.9990723205668119 -0.14182795112947227
0.9991719848322899 -0.03832280415478515 0.013664091920876595 236.83343861467324 0.03761451751613598 0.9981006378176246 0.048787958146403174 0.1531240166996251 -0.015507830226581917 -0.0482335927521565 0.998715689138751 -0.19088020424146115
0.9990776034471567 -0.03935586194697518 0.017177264645558615 239.5731921018158 0.03841237827120958 0.9978989176628141 0.05217508335354356 0.24339325211431184 -0.01919456917574451 -0.051467137649284095 0.9984902113973647 -0.20393672507522942
0.9989830884409787 -0.03997272993984781 0.02085593129271595 242.31797217912722 0.03882961185039617 0.997860325904909 0.05260257815460672 0.33271619292117216 -0.022913975047513597 -0.0517392582679723 0.9983977157933651 -0.1818817120904549
0.99898123329274 -0.0401627231755227 0.02057792982904483 245.05830843512547 0.03901454049103225 0.9978080662362625 0.053450244004485566 0.42603177591453906 -0.022679531723480858 -0.052592952198861995 0.9983584627876997 -0.22311730661252327
0.9989982220676324 -0.04062931690567151 0.018756623190124205 247.79697360592658 0.039549082716582334 0.9977161457688565 0.054757305708275604 0.5203328527241456 -0.0209385377234116 -0.05396064380575109 0.9983235079662711 -0.27071043462467625
0.9989857776282488 -0.04109020300537638 0.01841225986860185 250.54032287636215 0.040044263344636497 0.9977394214533469 0.053967618542428056 0.613012993864959 -0.020588177910572436 -0.05317557799340395 0.9983729187209545 -0.29703635403562473
0.9989471460045095 -0.04193446212332567 0.01860377316250611 253.2870853192141 0.04092082176999811 0.9978147976524249 0.051875966800956595 0.7031451120985059 -0.020738510918643132 -0.05106006729620785 0.9984802370065174 -0.32386473380207054
0.998879221501224 -0.04308039441959879 0.019605623422142643 256.03837698738175 0.042070956158864366 0.997898790770196 0.04927512584737193 0.791610251266462 -0.021687219761832004 -0.0483950720223375 0.9985928006464707 -0.38297530734166263
0.998833779867219 -0.043963278965763734 0.01995771276356013 258.7909307093917 0.04298104547092006 0.9979588471951968 0.04723101772221523 0.8833846794772398 -0.021993406430133877 -0.04631813259866968 0.9986845951881799 -0.4371008034146737
0.9988234533666132 -0.04424842378346885 0.019844041863542678 261.5408877283258 0.04328300946029069 0.9979711442122405 0.04669235924418706 0.9782482078965473 -0.021869844463641906 -0.0457785136544033 0.9987121895675136 -0.48155354715934856
0.9987971582195937 -0.04488827798279711 0.01973016047104729 264.293989195628 0.04392757864009804 0.9979430798231868 0.04669022668447449 1.074522740512906 -0.021785420980374993 -0.04576736755340809 0.9987145455534061 -0.5477142827074305
0.9987414219383886 -0.046155704734027005 0.019627099250820516 267.0480104370017 0.04522717420640096 0.9979455808992665 0.04537753052939279 1.1755975456842902 -0.021681208863901444 -0.04443274112799521 0.9987770805830802 -0.5996949531524507
0.9986841938620558 -0.04748531811877982 0.019365574953134325 269.79960506932537 0.046576231677994885 0.9979022348171942 0.04496425679963024 1.2810722176876985 -0.021460092562357445 -0.044003117048950394 0.9988008761095477 -0.6352183362819399
0.9986065758267871 -0.049216073624263966 0.019044285560799352 272.55005909267965 0.048320503693186086 0.9978208560134184 0.044929591891107214 1.3921454248797474 -0.021214043422861536 -0.04394675644089885 0.9988086137794295 -0.6688700907673669
0.9985336624489926 -0.050850203754506024 0.0185682991773026 275.30009440057864 0.04996544515918555 0.9977206975299064 0.045352662661601935 1.5050854652018626 -0.020832168544274055 -0.04435838701506017 0.9987984552727209 -0.7066652759366293
0.9984470275563838 -0.0526030516604457 0.01834263121368875 278.0509199856972 0.05171518585379564 0.9976057337104441 0.04591665950578795 1.6235298153968505 -0.020714070482169986 -0.044896759616609 0.9987768560894855 -0.7527445435747427
0.9983615862668324 -0.05417570527276113 0.018415646200565693 280.8036589347558 0.05328688732332849 0.9975310454510145 0.04574189546590238 1.747289132706482 -0.02084827825448434 -0.044685638852114094 0.9987835315894085 -0.7896329014683772
0.9982755478594985 -0.05565923852766685 0.018654214332158428 283.5562375206366 0.05479465246049246 0.9975262830355055 0.044032496126371626 1.8757157560171898 -0.021058884290571806 -0.042934413002920724 0.9988559253328478 -0.785711012978817
0.9982188913468855 -0.05691359999455667 0.01788538771918049 286.30959498946277 0.056115646449608356 0.9975264603836337 0.04233196260578578 2.0063903998932577 -0.020250411890833125 -0.04125291468702164 0.9989435008287932 -0.8010986258279282
0.9982019159125973 -0.05753969450734522 0.016796387243476485 289.0622673328577 0.05678897914042745 0.9974943382207371 0.0421907225083666 2.1398426797943566 -0.019181942462106277 -0.04116101035678397 0.9989683800350231 -0.8381859271689777
0.9982058894545296 -0.05801466765222251 0.014808801285219178 291.8152878627564 0.05730319453344504 0.9973584202851049 0.04463771256100376 2.2763597611707422 -0.0173593247151242 -0.04370903594931834 0.9988934748119166 -0.8917229154627655
0.9981799603722165 -0.05853709530596596 0.014497419924680562 294.5695190318814 0.05785046068680457 0.997357185344094 0.04395416977771253 2.4207399154506066 -0.017032055356203262 -0.04303548902549794 0.9989283536744207 -0.9203546192372815
0.9980989907880458 -0.05982992600055212 0.014791367166878235 297.32965757715306 0.05919276167039118 0.9974327659678424 0.04030005384101217 2.5644343055424312 -0.01716454350483122 -0.039347901195929916 0.99907813564193 -0.9218152486555492
0.9980429690069218 -0.060665113330372965 0.015164960945352308 300.088517572407 0.06004243739065196 0.9974490649763904 0.03860399577674412 2.704842793955322 -0.017468191894146466 -0.03761790534245943 0.9991395075111401 -0.9454067027039031
0.997985447356175 -0.06151449662105957 0.015524611775032428 302.85489399564835 0.060886005563912125 0.9974156214050148 0.038144101821074534 2.8476468388429095 -0.017830905523251325 -0.03712202692099243 0.9991516471114413 -1.0120333242024244
0.9979532049920206 -0.06203229740155752 0.015536882739197051 305.62065160773915 0.06140271895722235 0.9973832253880032 0.03816291156739884 2.9976350561677587 -0.017863559298953672 -0.03713079306620654 0.9991507381048448 -1.083303134878175
0.9979576266696072 -0.0620815231936827 0.015048582987464957 308.3850102328607 0.06148885721567403 0.997418764002143 0.03708004388838075 3.1505371593910447 -0.017311724648020176 -0.03607899242503892 0.9991989844346889 -1.1334971148810857
0.9979396370160326 -0.06239798619630797 0.01493225337876176 311.14997637959965 0.061816400505653346 0.9974136712353113 0.03667016582235371 3.300837931919933 -0.017181778163126122 -0.03567155381476401 0.9992158559328419 -1.1645646142026371
0.9978467067097643 -0.06382490895015959 0.015110622290118239 313.91832319587695 0.06321275414496351 0.9972758629679561 0.038013166862859424 3.458801523290006 -0.01749564579828964 -0.036976129313910415 0.9991629838214935 -1.194808613037668
0.9977407449940019 -0.06538949941789718 0.01541490008738103 316.6886921192337 0.06471217901121734 0.9970628160982615 0.04096430936610321 3.623983282386424 -0.018048259374446738 -0.039874228771205986 0.9990416939314706 -1.2335871617433043
0.9976282064196464 -0.06711018221632291 0.015303110756458025 319.4607098043067 0.06641524522934973 0.9969025928234919 0.042121676402312125 3.7954862117911943 -0.01808250416999414 -0.04100541262696533 0.998995284862868 -1.2617236246549943
0.9975619218618123 -0.06884393610380064 0.011433482108136418 322.22576882420964 0.06831399226298655 0.9967953037197385 0.041621159803442 3.9645754251380154 -0.014262205736628232 -0.04073861735536497 0.9990680429998289 -1.3295209284885428
0.9974971797751696 -0.07029285057670663 0.007634886927594486 324.9943782130669 0.06990542679457387 0.9966387468388582 0.042713459285752105 4.136363959548361 -0.010611674950961764 -0.04207283514677743 0.9990581909465814 -1.3880175975498301
0.997432079868031 -0.07125466033769777 0.007212449674492198 327.76277040767184 0.07087932090513553 0.9965495196242876 0.04318769274511926 4.318590958112316 -0.010264887635751875 -0.04256557666447529 0.9990409419863909 -1.371641004820227
0.997353420617035 -0.07234882299383473 0.00719737416838958 330.5383652789403 0.07197412994537819 0.996475134696754 0.0430932773145723 4.500147414812919 -0.01028975228656517 -0.04246120279162601 0.9990451277371697 -1.38256731714015
0.9972537356099337 -0.07364033426642497 0.00787959270361497 333.3195495159894 0.0732298006863326 0.9963609736535951 0.0436142920556842 4.68837806593385 -0.011062689703941633 -0.04291749467533853 0.9990173699927923 -1.4080063730887629
0.9971477555713917 -0.07501922359555599 0.008274638969150474 336.0991396553517 0.07459008620464065 0.9962584456222046 0.04365121494795598 4.880750104902169 -0.011518359211889142 -0.04290950497929749 0.9990125633762105 -1.4415538616146386
0.9970905672571845 -0.07577734528794403 0.008258003867234043 338.87415094257784 0.07534769869616827 0.996199356927076 0.043698576170060906 5.074535218407135 -0.011537980237070073 -0.04294921651451717 0.9990106304804006 -1.422759712934592
0.997003645269171 -0.07693190789357639 0.00807544846142594 341.65238287290236 0.07650365217485447 0.9960903554977887 0.0441723317045433 5.2702476941940635 -0.011442138082884261 -0.04342217442921975 0.9989912873713861 -1.442949820937059
0.9969242208432961 -0.07794504524371752 0.008165036310706178 344.4325819273368 0.0775119854585104 0.9960124476057468 0.04417121602025165 5.469982424059557 -0.011575405231784786 -0.043402466938906634 0.9989906084930658 -1.4752936021202279
0.9968669815102116 -0.07867174908831288 0.008183951986582581 347.2065867899449 0.07824828775446362 0.9959967913799392 0.04321570344652958 5.675012762592104 -0.01155104489766404 -0.04243992761856756 0.9990322446775738 -1.4508096366622585
0.9967904129137597 -0.07964089761814269 0.008136347448763952 349.98349502627354 0.0792239345124976 0.995939577236401 0.04275425937326766 5.879278689202096 -0.011508298031856367 -0.04197244239704966 0.9990524876880318 -1.4488239848940556
0.9967162191728279 -0.08056926056734329 0.008085337931651964 352.76267920178515 0.08015073478571882 0.9958545357920672 0.0430070140290434 6.088284801661025 -0.011516863772176644 -0.04221774264472817 0.9990420531963834 -1.4568266747968743
0.9966546979343773 -0.08136400994752262 0.007701361607492592 355.54194091671485 0.0809611144528273 0.9957893779225225 0.04299782277336312 6.300086910055145 -0.01116740936413519 -0.042230471249475265 0.9990454825813238 -1.4777589331843008
0.9966020021222954 -0.08213656728883562 0.006167145194827542 358.31962858354774 0.08180819338690357 0.9957657819921062 0.0419276389561552 6.511621874793425 -0.009584824495970585 -0.0412806459212214 0.9991016161590962 -1.483799547480604
0.9965329372481648 -0.08301811420763393 0.005486136433599327 361.094660994293 0.08272375228188471 0.9957211318758948 0.041185050008580526 6.724356820407745 -0.008881767164548597 -0.040588425064445564 0.9991364741429634 -1.4557307329484146
0.996452899216869 -0.08398456335252895 0.005311568581502071 363.87380995809565 0.08369719361097727 0.9956430563064415 0.041105768578531626 6.939099683885969 -0.00874067640160611 -0.04051539889067148 0.9991406823009376 -1.4652285480434621
0.9963669399006472 -0.08498327003869774 0.005546610367098589 366.658234638649 0.08466872482154865 0.9954827709948271 0.0429564860011916 7.156858527128092 -0.009172137707620773 -0.042330798079027954 0.9990615473652641 -1.489241257694759
0.996276194687524 -0.086072491621268 0.005026935952215108 369.44255126159635 0.0857589316268238 0.9952885739986792 0.045233396002494326 7.379004966941261 -0.008896603013889087 -0.04463385098554037 0.9989637980432647 -1.5165396040563157
0.9961947785912152 -0.08706957329402612 0.0038538959521787447 372.2209950153303 0.08679397129304511 0.9951194896319144 0.04694686253539588 7.606780939680148 -0.007922730261476872 -0.046433724394361005 0.9988899536906372 -1.5280339741896305
0.9960671076944329 -0.08855208508767602 0.0029740874042117234 374.9948319778743 0.08830580884895244 0.9949201589160372 0.04833178566986255 7.835518130826163 -0.007238859909905549 -0.04787907276807068 0.9988269085772997 -1.5287528633961318
0.9958757800260085 -0.09068343381115594 0.0028187922630999863 377.7655894276156 0.09043450028998418 0.994677134077751 0.04938623391382356 8.071102258613756 -0.007282301484127365 -0.04892763815174109 0.9987757777949947 -1.5103391372394346
0.9956570357131945 -0.0930681810072524 0.0023196807607533086 380.5285233876979 0.09283345908292955 0.994403164600069 0.05044100621601532 8.310586744120737 -0.007001150586055099 -0.05000659873843962 0.9987243483429717 -1.46187385360114
0.9954368254821855 -0.09540974675935178 -0.0015832552798135048 383.2905787377582 0.09536782287446854 0.9941619439124111 0.05046788718084415 8.550601020671463 -0.003241116188714996 -0.050388585013182774 0.9987244292928003 -1.5178853311567642
0.9952133903672419 -0.09770796310277068 -0.0018605321988935802 386.0416684564403 0.09767628691218487 0.9939249464943398 0.0507202495191956 8.802394914100798 -0.0031065429023486944 -0.050659201361139466 0.9987111668088304 -1.4481231213853292
0.9950079713256031 -0.09974374419610212 -0.0032128635617639434 388.7895810650124 0.09977484380631521 0.9936319574334107 0.05234991605047519 9.058596620625188 -0.002029172725384153 -0.052409146728494796 0.998623634707916 -1.4132579724074714
0.9948384066457543 -0.1014322566259981 -0.002835838202666972 391.5334520140187 0.10143797401808906 0.993394912915139 0.05363659591591223 9.323438350610926 -0.002623373717108107 -0.053647407300809746 0.9985564949467052 -1.3478340734272123
0.9946956719571398 -0.10283220250910818 -0.002461364840458484 394.2774176885167 0.102812346265127 0.9931933202752491 0.05474166617946939 9.593393779478655 -0.003184594983949585 -0.054704357118702536 0.9984975171060898 -1.3011029633310356
0.9945263624767524 -0.10445287775118449 -0.0026288149940866573 397.01704183812575 0.10443771535483301 0.9929881353539057 0.055383451119035754 9.866533902561635 -0.0031745787500069567 -0.055354849614896354 0.9984616981506504 -1.2637811903002163
0.994315627923323 -0.10641252736514495 -0.0035785593786920827 399.7502260661584 0.10644737377905585 0.9927848660543597 0.05520114445360285 10.139801874996966 -0.0023213537013140623 -0.05526828885724413 0.9984688415588114 -1.2282321665557456
0.9941610169285942 -0.10785155613265938 -0.0034517038233865993 402.4813185810973 0.10787858679236119 0.9926615535976179 0.054637446141496536 10.418078203772646 -0.00246635990959311 -0.05469078394890397 0.9985002930494614 -1.1902871224167282
0.9940324845418821 -0.10902984403126914 -0.0034514904063915057 405.2123726582949 0.10905684146101487 0.9925712598474032 0.053934214145597785 10.699152771860652 -0.0024545887752204757 -0.05398876953101633 0.9985385259260058 -1.1709115929483926
0.9939207871875051 -0.11005467146122366 -0.0030721468302850265 407.9440547024551 0.11006329267970644 0.9925287344724174 0.052657220313081746 10.978248052257829 -0.002745979076041357 -0.052675236460420605 0.9986079205888376 -1.1207151416678611
0.9938156988404506 -0.11098940810384651 -0.0034216994372950485 410.6727838818058 0.11101434085744061 0.9924056212737362 0.052980175427168305 11.26141159072629 -0.0024845245560187034 -0.05303238777448429 0.9985897020221454 -1.071696336784249
0.993636592301218 -0.11257509897443307 -0.003628984835292729 413.399417918377 0.11260764137513393 0.9922006700013142 0.0534541818091644 11.555531237265289 -0.0024169286227620963 -0.05352268247999599 0.998563708992165 -1.0691678264936486
0.9933341593581124 -0.11524320975548734 -0.0025000915144436776 416.1330630068354 0.1152208392509838 0.9920386932908275 0.050827052011121324 11.849518971576723 -0.0033772850970746446 -0.05077630962461637 0.9987043407967597 -1.0745576054560992
0.992967868627454 -0.11838210724668995 -0.0006989687404620035 418.87033869916803 0.11827362074155122 0.9917682202470506 0.04906269402200131 12.142732957250777 -0.0051149301217878725 -0.04880034827586683 0.9987954562862288 -1.1097971458746727
0.9928964456228743 -0.1189382220545476 0.0032167691839093833 421.60699349240406 0.11860815230252403 0.9915579871407152 0.05239145297516695 12.451241022940929 -0.009420959444814322 -0.051637752390773624 0.9986214438170158 -1.1088657456474942
0.9929919152288466 -0.118146838854718 0.002894954024006184 424.3376984117991 0.11781823226509537 0.9915571463785298 0.05415985239648961 12.766790228416207 -0.00926932770442404 -0.053439217194104285 0.998528081542829 -1.1258690375855214
0.9930294803416274 -0.11786624227548251 1.0213355426367097e-05 427.0592751423859 0.11769658785790965 0.9916047728033365 0.05354892865653851 13.076586558846682 -0.006321738610611307 -0.05317446271956856 0.9985652267806234 -1.1832340540359323
0.9929376700420529 -0.11863517341827114 0.0006921267903370559 429.7813926915828 0.11844616024011355 0.9916528891450337 0.050941678169204765 13.376311513837384 -0.006729824355113873 -0.05049993146864709 0.9987013899989448 -1.1493634143738092
0.992871868571139 -0.11917498421731604 0.001666054283192263 432.507290796367 0.1189492026809031 0.9916790794084118 0.04923099273097811 13.679261812113786 -0.0075192939595177385 -0.048681891915809176 0.9987860299472862 -1.1380555867497533
0.992871115824604 -0.1191780609324277 0.0018807322003885473 435.2351928595477 0.11894182092641134 0.9916799234429218 0.04923182583416206 13.983985118503357 -0.007732437903576461 -0.04865716013745748 0.9987856077114042 -1.1403709185690358
0.9929400713592105 -0.11859525741980885 0.002275874933360428 437.9605532719092 0.1183275632651322 0.9916738421187314 0.050809237636723945 14.299292801231386 -0.008282660256178829 -0.05018122930955461 0.9987057833837134 -1.1359746047116963
0.992981066308413 -0.11825768375816054 0.0019292965502974288 440.68398229558136 0.11800181994005608 0.9916738311642445 0.05156144950328922 14.612698337559598 -0.00801077049095782 -0.05097188260404395 0.9986679602049695 -1.152910680139545
0.9929969329403103 -0.1181374317330971 0.0007989960333886727 443.40037536029325 0.11793167900851988 0.991623735695955 0.05267338882818477 14.922761812472368 -0.007015002308275762 -0.05221028661022077 0.998611473854926 -1.148219516008406
