1.000000000000000222 -3.288104128200433695e-19 2.199307547639937647e-18 0 -5.681318425110126656e-19 1.000000000000000222 -1.273613892030353574e-19 0 -2.923285529664562976e-19 -6.024150353257425012e-22 1 -1.11022302462515654e-16
0.9999976801424446116 0.00207138378506213118 -0.0005908290887251568509 -0.0009738600305039257776 -0.002071647332538256291 0.9999977547668418287 -0.0004458009304616845285 0.000906841949859904517 0.0005899043373709207325 0.0004470238856489843859 0.9999997260912555364 -0.0006922046305948281741
0.9999854400815613165 0.005251750498166686196 -0.00124046031407976879 -0.006324847303051051028 -0.005252677354115804255 0.9999859269932801498 -0.0007451145294622220664 0.005375632160079690802 0.001236529701495722505 0.0007516194181550763485 0.9999989530307968888 -0.004789137999169912341
0.9999474063151937431 0.01010256344443900486 -0.001767149065578971483 -0.03173428135469713585 -0.01010347880114907324 0.9999488285869424509 -0.0005098265024815093168 0.001227700802613196363 0.001761908083496977091 0.0005276540414019608664 0.9999983086292294487 -0.004389541466203628062
0.9998622776248791144 0.01646537820828074955 -0.002077764199933855669 -0.07214249681704298922 -0.01646642484899906583 0.9998643003245211158 -0.0004876353029743102341 -0.004283899297723436916 0.002069453148342957453 0.0005217814918343402063 0.9999977225513957402 -0.004127828801434141326
0.9997040402053344321 0.02422296194212407786 -0.00225391064017601379 -0.1137471049311420401 -0.02422382735008139776 0.9997064961359289903 -0.0003574501199885533149 -0.002181147890741530482 0.002244590608079788645 0.0004119426700042993768 0.9999973960548573793 -0.003058655457449543924
0.9994831856357673239 0.03211184078861818031 -0.001480308892448149944 -0.1443497219791821662 -0.03210886140667062322 0.9994823878692270513 0.001994331053436343253 -0.005070568812756137689 0.00154358430785968585 -0.001945769323105812042 0.9999969156599425313 -0.0001520775199087553986
0.999189613421955225 0.04024836064432626287 -0.0004311584625179859412 -0.1810230460549974163 -0.04024680735707181212 0.9991848020363925942 0.003150535590710883301 -0.008485919640847439105 0.0005576108756679170253 -0.003130629689474657713 0.9999949441011772855 -0.002794472895277233526
0.9988631167230429542 0.04765859586371929552 0.00106409291806560855 -0.2151490743420076956 -0.04766244538455274848 0.9988557080087593354 0.003945361235755300358 -0.01280188273233962004 -0.0008748449084144980853 -0.00399159309365869179 0.9999916508805731796 -0.0007204822259181398181
0.9984672713623173879 0.05533874997226722464 0.0008548528183620168449 -0.2543738856372669277 -0.05534090990487731954 0.99846372378779924 0.002752447500161223515 -0.008362816516163468217 -0.0007012225242462023734 -0.002795537080877705857 0.9999958466210329133 -0.0002773607674003697454
0.9979527162634321824 0.06395601094369712802 -6.906919978297518269e-05 -0.2883207329566759292 -0.06395578413932652417 0.9979511169014262384 0.001796091967278424769 0.004602217894541377197 0.0001837985626898105084 -0.001787997486111192252 0.9999983846402431542 -8.000876782887633709e-05
0.9973871737392737691 0.07224126655278494125 -0.0001583402961820001549 -0.3283751031739086668 -0.07224076974183295252 0.9973849652685935485 0.002121847974315492491 0.009734070702216435222 0.0003112112160406549149 -0.00210486533331842628 0.999997736342207677 0.0004629963202025244584
0.996688878893203789 0.08130927271646132271 0.000284369320784012879 -0.3702287054132251676 -0.08130976990082813827 0.9966829483043044835 0.003438295091825688179 0.01034522892025996343 -3.860779605486423892e-06 -0.00345003248885624933 0.9999940486127473216 0.003009339512674791273
0.9959363348036057717 0.09005457372200953436 0.0009953769424506570852 -0.4133801794249749584 -0.09005805914084848152 0.9959271580477752073 0.004317619852597891564 0.01652291105909611812 -0.0006025015140001515473 -0.004389716211528196972 0.9999901836435353131 0.004860140430368531383
0.9951688709324177928 0.09816042878209957356 0.001857028406824169772 -0.4579130902493481203 -0.09816825513441206075 0.9951585431933323012 0.004739998656491221235 0.01026769929225312961 -0.001382757383257380993 -0.00489940035499899975 0.9999870418450501619 0.00682488320279017735
0.9945343823034570319 0.1043634893398867891 0.00310234035088787375 -0.4914051238257771681 -0.1043783270273230535 0.9945246733035804088 0.005083210709443185954 0.01012050011512055647 -0.002554852417026603172 -0.0053792449244585731 0.9999822680692240784 0.008091461026053292649
0.9939499814735014427 0.1097602367384865746 0.004015565576127455225 -0.5206929595511915476 -0.1097808056704401569 0.9939415786552686649 0.005320988635672650388 0.008628881709593944072 -0.003407204615336449811 -0.005729628586061944265 0.999977780909444447 0.009838042957214798712
0.9935873310324686569 0.1130063424063492139 0.003712437852627226056 -0.5448593302234506774 -0.1130233212610775723 0.9935810512952786278 0.004735330121277782356 0.006771217074799273927 -0.003153485567088333465 -0.005124556079092078102 0.999981897062843017 0.009798578183868533742
0.9932217715529606528 0.1162089427731097385 0.002448293257303820001 -0.5663893548882625861 -0.1162173411595487788 0.9932171936531489775 0.003624339758518085874 0.01083141182861321883 -0.002010506266311201835 -0.003884307294876557671 0.999990434964833308 0.008096731854912886384
0.992789061512529547 0.1198672677620184202 0.001310521849924875309 -0.5809401899472897979 -0.1198707310693230416 0.9927849866869238316 0.002996336910945656198 0.02445768859975361309 -0.0009419036981136746272 -0.003131823728709773672 0.9999946522344221878 0.006004705964292589293
0.9923788667584746426 0.123222778428985727 0.0005759294014973985682 -0.5985213914858328321 -0.1232237085067926091 0.9923768209895800219 0.002040298316357622675 0.03222695805686748294 -0.0003201277607424246412 -0.002095717094638945531 0.9999977527414929401 0.003688722002045285997
0.9918626270943544654 0.127312033320203466 0.0004185126287577565878 -0.6159255332732949118 -0.1273125353734336496 0.9918614368523649416 0.001551906736478707912 0.029991542970586621 -0.0002175301346430513598 -0.001592560203671604781 0.9999987082154710993 0.004840815511622964529
0.9913893685562045199 0.1309462307456469021 0.0004522995517049272678 -0.6393715960858533665 -0.1309466954219644097 0.9913886525311623732 0.001225798883286937898 0.03948451585309403766 -0.0002878908991329341325 -0.001274471119911559308 0.9999991464207157454 0.004612260250405841866
0.990933102459603754 0.1343554619462178079 0.0004430607391701098892 -0.6702699737040419548 -0.134355885042867218 0.9909325015782024515 0.001128477971858189753 0.04328780801460491157 -0.0002874261068263183217 -0.001177774003045271205 0.99999926511702808 0.003825034558292195186
0.9904498011904638854 0.1378735454321613763 0.0002771276012480727098 -0.6885708335148520431 -0.1378736809289247689 0.9904496681468440977 0.000550424352830202108 0.04640766713922034326 -0.0001985919830387995017 -0.0005833763011280130749 0.999999810116627974 0.002505309656565368748
0.989888988394208913 0.1418432413226986266 -0.0005343734972509447262 -0.7173401762044292473 -0.1418435257876788091 0.9898889454830551715 -0.0005383255881167424602 0.04966574736091872166 0.0004526125720880724672 0.0006086799846884180347 0.9999997123252528652 0.001671788537216056802
0.9893497451653612274 0.1455523330637181201 -0.001264946289443539531 -0.7407338784573418433 -0.1455537464253183477 0.9893497258361304558 -0.001107646707960418262 0.06136578376308432503 0.001090253702862562001 0.00127996765138492616 0.9999985865139014996 0.00116038935867002202
0.9886844012929638659 0.149996704137965009 -0.00203553335021750513 -0.7666705736178547337 -0.1500011414696163781 0.9886832928923805497 -0.002236940946575506108 0.06304088830610404814 0.001676964046984688681 0.002516960937898088564 0.9999954263392494269 -0.001112991430586518504
0.9878965455814419094 0.1550957750206443109 -0.002390775501801215962 -0.7968820956656943455 -0.1551024292535991278 0.9878941160597631832 -0.002907212652861883209 0.07221101523566711422 0.001910936652412131278 0.00324284041621277809 0.9999929161285935342 -0.00263390457944612244
0.9870260158551338314 0.1605440110548234101 -0.002294460358288563651 -0.8324071584459460382 -0.1605507835835816299 0.9870225317297270928 -0.00315717271730547519 0.07486992191026511922 0.001757818901133205349 0.003484589007675429045 0.9999923838271790322 -0.002999898522783817079
0.9859859909310701997 0.1668217629314585615 -0.001457775450659505286 -0.8753677074844659067 -0.166824978948738184 0.9859834370273752313 -0.002467447500527106957 0.0791937763296701458 0.001025718508288951626 0.002676062018132089031 0.9999958932884362994 -0.0009354661147240594943
0.9848450173686621456 0.1734367078952791519 1.13216306520851183e-05 -0.9273461208416596824 -0.1734363924200411078 0.9848433462937213889 -0.001844189721919446299 0.07783325935182147659 -0.0003310002256599294587 0.001814277465951951275 0.9999982994166000116 0.002649754777041102294
0.9836446419688745779 0.1801152235992105055 0.001313226478630660733 -0.9780050377618617619 -0.180111874425837093 0.9836433642244756248 -0.002333387688923678656 0.08148626845183443157 -0.001712025155614012827 0.00205869660480941484 0.9999964153625569008 0.003429942777445682545
0.9823560960671210429 0.18701228477817744 0.001704661903763785274 -1.022987753430214752 -0.1870055063698367881 0.9823525636212716572 -0.003518710551304661625 0.08481698492238373688 -0.002332621089676629404 0.003137845586970057412 0.9999923563726186293 0.003522725652434388621
0.9813250273964143622 0.1923556976442934163 0.0006900722507261397359 -1.068890872606703457 -0.1923490729106077102 0.9813110372448244911 -0.005521079749606663985 0.09899994197543193764 -0.001739186661723731786 0.005285238967571182292 0.999984520619503936 0.0005245557515930476811
0.9804438810123230486 0.1967951397805698388 -0.001212086926917254346 -1.102061341843910025 -0.1967986831752545629 0.9804157998694217335 -0.007425473481983814114 0.1157564702956918878 -0.0002729479163445713494 0.007518797138511989879 0.9999716961939485449 -0.005979850184996249318
0.9797956947420318752 0.1999886070627898693 -0.002225673057990653139 -1.123786360716509947 -0.1999996163583393771 0.9797695542054205564 -0.007195422019483909207 0.1249404325750805844 0.0007416442744774129825 0.007495177262502874908 0.9999716357385680654 -0.008940621743756649309
0.9794139911907228102 0.2018466402867791776 -0.002483480489519084271 -1.123395804920393815 -0.2018585020346023995 0.9793948654599302639 -0.006232387695413032537 0.1281507434984208715 0.001174321524162027673 0.006605399347040168817 0.9999774945810362414 -0.01030448544802264887
0.9793585481100505197 0.2021117069335574556 -0.002773477005455343529 -1.115047542612334741 -0.2021255831569746808 0.9793393592234412859 -0.006298261552004383486 0.1252613568561700697 0.001443222801900946334 0.006728846934456583426 0.9999763195831439244 -0.01005445804784454999
0.9792479390978240383 0.2026368663458500974 -0.003431352600408951216 -1.118948528063784753 -0.2026564882368767084 0.9792253369164127808 -0.006934501116347229627 0.1235006977090248315 0.001954881831901673743 0.00748598178286878288 0.9999700688090630285 -0.01093631292551877632
0.9792471608748906098 0.2026283456573222952 -0.004092855364903910317 -1.115165522412114196 -0.2026538069000147213 0.9792235142065861542 -0.007262490147413004464 0.1270303493419166763 0.002536233851225061942 0.007941205566631959895 0.9999652517824306752 -0.01098954082048209102
0.9791916259001759437 0.2028894254390901097 -0.004431796738756645267 -1.116000393585856232 -0.2029174881522323726 0.9791691543130630615 -0.007229123952738778121 0.1201954473385972444 0.002872765861167000338 0.007977986687447017125 0.9999640488262864224 -0.009871708335150386482
0.9791713324066276813 0.2029869670810369731 -0.004448932303521333127 -1.119322160442697722 -0.2030146690811250598 0.9791502533283781284 -0.00705872043227953605 0.1142128451184763749 0.00292334494159848671 0.007814895198230994641 0.9999651901280047772 -0.01010933504677291594
0.9790419590612432499 0.2036089128196061915 -0.004500336468599053404 -1.127063956832917935 -0.2036366958155322038 0.9790218168755385753 -0.006955443070832898096 0.1136116546465420207 0.002989737385798963646 0.007726104246808833051 0.9999656838031405481 -0.01166786933696473127
0.9788732122964428628 0.2044145811492573683 -0.004681161439082940669 -1.123140632257491944 -0.204443681987618836 0.9788537656569229473 -0.006934431760015472013 0.1245979542405680207 0.003164673540163476673 0.007744963360998252666 0.9999649995796312529 -0.01203061111040271136
0.9786810410870834254 0.2053295495211386046 -0.004816214340339325384 -1.129856359906155738 -0.2053598882372012213 0.9786615084678927934 -0.006997723611689416964 0.1263800347435277138 0.003276604156174490676 0.007837596656169704135 0.9999639173211416487 -0.01319264604545666852
0.9784927179032182343 0.206218718470560447 -0.005083421403173303196 -1.140254428121883823 -0.2062508708104372201 0.978474668181975149 -0.006921127456282989698 0.1225285630192698705 0.003546733037917562583 0.007820732894696393739 0.9999631277312991395 -0.01288779853539046005
0.978300117759507426 0.2071192038158213289 -0.005524039540981297639 -1.136713006092437972 -0.2071550885623457128 0.9782831283512309906 -0.006992142388267799658 0.1306081278837485093 0.003955867720501650593 0.007984746610063110303 0.9999602966781295788 -0.01435556536634852165
0.9780251111914108897 0.2083815233953736912 -0.006634952659514371451 -1.14241026567545978 -0.2084267312426834329 0.97801250320757116 -0.007059834433266532101 0.1345348656546732358 0.005017927606732771814 0.008287596839202630503 0.9999530669695193552 -0.01501785162330671053
0.9772503606776270502 0.2119093417808183277 -0.00872716630506388362 -1.155747651594961622 -0.2119722275253059229 0.9772503111422572442 -0.007043019186299057967 0.1456930732991755795 0.007036144428807220019 0.008732709909420599548 0.9999371142477061492 -0.01894612574903853375
0.9763217837241686681 0.2160201731922163082 -0.01144811817580800549 -1.18899578591551025 -0.2161049057850475685 0.9763467866586842403 -0.006754396025571965737 0.1464170278196983144 0.009718247596750807793 0.009068458462982313673 0.9999116554605593787 -0.02644052324206458415
0.9750660431382033311 0.2214859209305898302 -0.01379124209017099957 -1.240546843552514655 -0.2215801893040006687 0.9751254286841025687 -0.005711219676257674009 0.1635072304983127833 0.01218323610744453597 0.008624682391610818261 0.999888585599915003 -0.03127893813291260372
0.9733069096035955603 0.2290303663051509453 -0.01479023455705148066 -1.276355995578907221 -0.2291328997480618634 0.9733788460066377102 -0.00563350584406038541 0.1579530365355200916 0.01310625754018518094 0.008872059482226860722 0.9998747484436960598 -0.03569036144151105372
0.9709594947607377291 0.2387495514282478026 -0.01537241806930738502 -1.320810563449651642 -0.2388794598039211403 0.9710223146335323907 -0.007229671879601698783 0.1803267692319121263 0.01320088005906644262 0.01069187346602935504 0.9998556998932277562 -0.0395443668123701686
0.9685568343925030632 0.2482513640852838932 -0.0163987436134962368 -1.364322326736436608 -0.2484317971582690188 0.9685973149799029791 -0.01004408095123244214 0.1869732479671700753 0.01339032223831409726 0.01380223258308900178 0.9998150817264286339 -0.04205972676663471965
0.9656824833483135251 0.259143107034240372 -0.01738365444494207809 -1.418102020470904945 -0.2593826508652249951 0.9656830743824033059 -0.01329813028011635201 0.1993331925849422814 0.01334098207250711786 0.01735078982917151111 0.9997604554548005229 -0.0440447486092419016
0.9621526025532529669 0.2718964787198425159 -0.01829410481663088645 -1.47449630593048342 -0.272189904972733876 0.9621092413430891721 -0.01607679508910146368 0.2166994755870343403 0.01322970333531171133 0.0204478008711195397 0.9997033872057892179 -0.04826455555644082462
0.9579931897916138528 0.2861006753615722431 -0.01988597199221756387 -1.541976904610783183 -0.286445367235320214 0.9579387797020290085 -0.01738809705647599915 0.2417370005745710648 0.01407479743556593922 0.02235392309662203106 0.9996510402140184048 -0.05369098806599847951
0.9540651101655622801 0.2987144702336533841 -0.02300936438364497086 -1.587345885191535633 -0.2991068471233747084 0.9540853634471551104 -0.01600666255964837761 0.2657139941890340751 0.01717147605741662503 0.02215365669579528324 0.9996071007685981558 -0.06121512673648776826
0.9504572699724217477 0.3097367594563587567 -0.02634611564351630603 -1.642485373267345006 -0.3101343162525873054 0.9506099478092839838 -0.01254723055770484361 0.285061654863523195 0.02115854108736456296 0.02009644104455943908 0.9995741339184617269 -0.06876572676654824079
0.946053621539686751 0.3226480228771396175 -0.02967824988973386674 -1.705411936270185835 -0.3230821915910405129 0.9463058334278829919 -0.0110980666270293956 0.290761662286630862 0.02450393174545605068 0.02008788012288380276 0.9994978911453558101 -0.07967971016340058554
0.9413776852042275989 0.3357394549207347034 -0.03297077827998049632 -1.75960479978829154 -0.3362583959077578566 0.9416990011627970336 -0.01154479865842471427 0.3178372625601601498 0.02717250456922784552 0.02195471683404597724 0.9993896364318131109 -0.08767346804172415631
0.9367546094638898868 0.3481627581202621502 -0.03568606895594517853 -1.816356171134976272 -0.3487514992565803884 0.9371425833411942685 -0.01166920049553428311 0.3432503047069881408 0.02938015382554615834 0.02337674738377058803 0.9992949185532451484 -0.09287419854667688934
0.9314442791835055857 0.3618869842813464133 -0.03807053184995247419 -1.876252474088482725 -0.3625186814778477706 0.9319114112112163451 -0.01101486354787731964 0.3591337127584209865 0.03149222731502346329 0.02406101062617593822 0.9992143450681759687 -0.09795364439769616016
0.9259816446027921977 0.3753950387809504852 -0.0404544030801851015 -1.934352938175985859 -0.3760465447890009028 0.9265507110902720944 -0.009632025500241312571 0.3695237276398569137 0.0338672413595689642 0.02413181729179577142 0.9991349585320290494 -0.1052872954777636094
0.9201994373442861086 0.3890591002893458161 -0.04319736108149695164 -2.002433382588289401 -0.3897254153615897221 0.9208971332729202208 -0.007910153956482620166 0.3988888598094105786 0.03670280860886031282 0.02411402868781304873 0.9990352433547587951 -0.1133343247931615227
0.9142839161893613342 0.4024781386910151748 -0.04578502467216061245 -2.061615240325049392 -0.4031477050237857185 0.9151148154640666998 -0.006066501190899790952 0.4266520853897075582 0.03945692030194109662 0.02400463206449776274 0.9989328951858018613 -0.120948324274852026
0.907497490604986301 0.4172377324281548172 -0.04858990836230376448 -2.115228983406736152 -0.4179191478116290326 0.9084738449345134415 -0.004342688870579099192 0.4516065860680609223 0.04233072722404143673 0.02424763232386737549 0.9988093721347705012 -0.1290046607564382386
0.9005107413939252847 0.431755165521310047 -0.0516515410261904756 -2.174078072091047531 -0.4324268110577283442 0.9016667140135407044 -0.002046925168922313423 0.4797997962368684699 0.04568870476221130461 0.02417878924922762379 0.9986630705162089505 -0.1355135087474750311
0.8931102919400074613 0.4465255584908428554 -0.05448790742514827978 -2.238274409901324979 -0.4471364490142570869 0.8944650965950229349 0.00108945867633188781 0.5090894194898933911 0.04922400252908860213 0.02339052265875625133 0.9985138361737607715 -0.1418464460244865943
0.8847976059724994569 0.4624097920552091567 -0.05753590780347880851 -2.306374180495563309 -0.4629587995563291813 0.8863698803453670116 0.004193460841196450586 0.537169257088421781 0.05293719307823520348 0.02292639066923301064 0.9983346303749947026 -0.1498330584654328224
0.8761508634569592502 0.4782427112448570661 -0.06036202129178749182 -2.369938212221418539 -0.47872604543442554 0.8779354361276228147 0.007123440038802777811 0.5913317299543675576 0.05640069077370153672 0.02265566358007792963 0.9981511323414351544 -0.1564331434079978544
0.8665325935231390497 0.4950311340083753953 -0.06376080875920135671 -2.438363516316508495 -0.4955233470878503965 0.8685483934132897099 0.00896106991252376868 0.6228375778760633086 0.05981535661963611333 0.0238299101898555056 0.9979249763883538682 -0.1671901678599337915
0.8567663652447002898 0.5112613281276330301 -0.0675518301395007098 -2.510940159343155287 -0.5117862107517323622 0.8590473662441995284 0.01060646111283545037 0.6541541392757063145 0.06345289517056193485 0.02548483601230428289 0.9976593873838942583 -0.1750127229807818541
0.845826540540670635 0.5286057989640848831 -0.07178699482867974269 -2.59400374481613305 -0.5292086290537751925 0.8484081833839212106 0.01190719473622632411 0.6924692309591394812 0.06719888606980231605 0.02791887575651378142 0.997348908905610898 -0.1849992580405405151
0.8335638617044907051 0.5471984258260574885 -0.07579690785948180187 -2.666878373885530618 -0.5479170512943732918 0.8364344221010489022 0.01282039039845426706 0.7412866791001520017 0.07041444027742550793 0.03084380409201959578 0.9970408549089990746 -0.1970244143070823961
0.8200518439975429397 0.566735475936757549 -0.07953535991911675485 -2.74845306784175758 -0.5675330229081597677 0.8232249291520217227 0.01438693561487659062 0.7988677974375180124 0.07362907784872185779 0.03334091013090954153 0.9967282190322903634 -0.2079949206547059282
0.8050831528180817376 0.5872938802990234075 -0.08322869227269999448 -2.821139224207945606 -0.5879806448389767182 0.8086610308694736071 0.01860372095125286881 0.8685919992082693497 0.07822965156872581372 0.03395931780135754557 0.9963568067509360748 -0.2182468689145086183
0.7888878702865992354 0.6082747292452592713 -0.08750875316697544204 -2.912083973564568939 -0.6089831825487226347 0.7928929686141586997 0.02145282454575705294 0.9295167402312047855 0.08243428613348197098 0.03636748590311342233 0.995932725864682622 -0.2259158581390163789
0.771475542667015457 0.6293841067038904447 -0.09327986545039054778 -3.010117358431867451 -0.6306753234677525688 0.7758226245781824071 0.01865185107403485171 0.9991609252320147183 0.08410780867494424551 0.04443986235143616154 0.9954652054008719109 -0.2397612399678815676
0.7519386063173567614 0.6515040911770358933 -0.100651634416795463 -3.10661516147999972 -0.6539003431644687669 0.7564921735918979095 0.01157292064441135457 1.076812067955167818 0.08368197885806943903 0.05711401242743062434 0.9948544195049419114 -0.255770276382174977
0.7304908412102332216 0.6740829463499526941 -0.1095231133046985633 -3.209628061150860745 -0.6778167125577023722 0.7352189407456326542 0.004196824619689272159 1.158865954926572073 0.08335247527347941499 0.07117085462296721121 0.9939753891961561338 -0.2706922400821135666
0.706390233106430232 0.6978729284116826914 -0.1182633263515619343 -3.301858563559068482 -0.7028340464154015921 0.7113537696002223409 -0.0003430268989521034219 1.254345187011278284 0.08388767383836204239 0.08336180301186799091 0.9929822092999767147 -0.2820469178019906487
0.6796076783374920272 0.7231461580463083294 -0.1232600407407907217 -3.405566612760752676 -0.728820034700394026 0.6847039062981411517 -0.001384815500200657114 1.362675272925693903 0.08339520739808373162 0.0907755183735858423 0.9923734401205108746 -0.2942749929711057089
0.6508785963930757701 0.7483048327582759729 -0.1280504979361471452 -3.510578413807453391 -0.7546732428501374823 0.6560981680694241147 -0.001868255560564457789 1.501803540438310547 0.08261567247431304828 0.09785229203787347563 0.9917658895193001145 -0.305846354415613475
0.6173745153315478573 0.7757176660932475487 -0.1308082960722336541 -3.640128167620387156 -0.7825238068877530262 0.6226198334908533694 -0.00101715150431271658 1.637044115856139292 0.08065481715364299087 0.1029885691849150992 0.9914071590907315157 -0.3222217211440657758
0.5828353868428650664 0.8022945626203703551 -0.1289431914550711322 -3.753990676962793316 -0.8090370413196142918 0.5877576399115843619 0.0001500021242493670796 1.787149280009431962 0.07590769180794888771 0.1042323915182705313 0.9916519706486751629 -0.335853540568207265
0.5472686522420948663 0.8277496332154528069 -0.1238045514982501483 -3.890099751026236952 -0.8340520131159041561 0.5516833272780928832 0.001657053379049195588 1.949903372511419875 0.06967253225848743514 0.1023525819903260276 0.9923052389343238744 -0.3459639945601870048
0.5081864966049632892 0.8530575625348401081 -0.1184874662349999636 -4.001654263551098545 -0.8589606197485084582 0.5120360412334425959 0.002397124914648258217 2.131179086254428423 0.06271473871482498297 0.1005578808655527429 0.992952654536382151 -0.3550731710999873725
0.4668712670163494005 0.8768840604250799364 -0.1144795378588278761 -4.097339096933759528 -0.8826165413295508078 0.4700918790620676746 0.001290822913528448697 2.326018878928661771 0.05494780313764451724 0.1004388855754659859 0.9934247677609363558 -0.3601697791481754951
0.4258236130269398845 0.8978868107209789784 -0.111684939452000781 -4.203795320322826434 -0.903591850895023474 0.4283930059673522472 -0.001095194394328666797 2.496934682564854846 0.04686168636745101368 0.1013839607356462058 0.9937430627992063226 -0.366054204645350767
0.3838586993548375736 0.9169473620684240878 -0.1089037836839914092 -4.289029534049096704 -0.9225630451906052798 0.385833376684065199 -0.003167507793446412701 2.707219159758610161 0.03911427671557433233 0.1016864816739027899 0.9940472487794882461 -0.3676316319053021253
0.3417359009634196587 0.9337111856274145083 -0.1067707628481087828 -4.369499521670374698 -0.9392355037041755228 0.3432440614680009605 -0.004492535235633535011 2.895353053687340417 0.03245369992578894802 0.1018181517435672728 0.994273514351118104 -0.3698170665573832228
0.3006183406350544374 0.9481747650114752402 -0.1029234095747240257 -4.446900128957652854 -0.9533659519682426975 0.3017843995463848072 -0.004420163579033213261 3.092610759980244595 0.02686959183834362885 0.09945245653133200081 0.9946794629060902171 -0.3720351558489961574
0.2627920114798655837 0.9599364558985493678 -0.09727465911459005909 -4.514122859445214075 -0.9646110508970543451 0.2636429757982574618 -0.004231055510277294436 3.27519321023901977 0.02158423621299242201 0.09494409868368787475 0.9952485814481084603 -0.3742479689079600824
0.2283648099204565463 0.9692046558503358833 -0.09215122697054384249 -4.544597075461362046 -0.973437692081268624 0.2289006135159015742 -0.004854771029262111744 3.440106729529945451 0.01638820575254564677 0.09081213650880945454 0.9957331884478680673 -0.3731001259234779655
0.1982830024349074571 0.9760393359196211094 -0.08961621307006453763 -4.583521068155281597 -0.9800731588355863222 0.1985435694040767196 -0.006087233786932568641 3.584854875322798229 0.01185134324551131643 0.08903743995868375338 0.9959577701639732439 -0.3748058201461228478
0.173275119999204974 0.9808370534180594902 -0.0890752905789590349 -4.614633846188295863 -0.9848331664424450071 0.1733760282388579765 -0.006662367898685777473 3.714243718560618746 0.008908822846798161374 0.08887872300986641994 0.9960026131855191922 -0.3758508699531752928
0.1543166767651835136 0.9840133010535011548 -0.08890549241146404602 -4.63518324741941079 -0.987992802014974747 0.1543712981568179377 -0.006302817814062995454 3.824501798952840037 0.007522399765292523723 0.0888106164013241911 0.9960201242529119758 -0.3752985311583594275
0.1411793263050497294 0.9859757782529258163 -0.08899529471091045807 -4.646418394342830105 -0.9899616236361608035 0.1412094736091686897 -0.005989017623202820204 3.898657036462659153 0.006661952460189828583 0.08894745186100536105 0.9960140406627543408 -0.3777349590257113032
0.1321752853643368419 0.9871870757786488371 -0.08939447025372404543 -4.653381022711863046 -0.9912103410515256119 0.1321472384704347192 -0.006258370339120768004 3.936783987539978824 0.005635050117250729046 0.08943592517342162374 0.9959766370246434519 -0.378106181384651352
0.1274747894191379238 0.9877578826568800263 -0.08991408826716718039 -4.65315509667332261 -0.9918297298279304952 0.1273958011955257097 -0.006640550410777938846 3.967206136198743405 0.004895421353333179182 0.09002596857852282475 0.9959273868267440877 -0.3797211293484356043
0.1254185535943965757 0.9878488277729029488 -0.09178714419250051659 -4.655493827732416712 -0.9920898224305715329 0.1253720599035058336 -0.006295305226776248993 3.980809671698399388 0.005288733504694281481 0.09185063959876492434 0.9957587505533259664 -0.3794876727389870918
0.1235160428522670689 0.9878739827923856964 -0.09406796073537342096 -4.649675100947288087 -0.9923162758327807031 0.1236467214545236143 -0.004460609095435142356 3.971975379431540443 0.007224675319572898373 0.0938961251956784565 0.9955557853482069897 -0.3804594778945542544
0.1227767044880404834 0.9878170156236253385 -0.09562125514925642888 -4.65467725224843587 -0.9923931569746475834 0.1230779618615033821 -0.002763573114104405683 3.96910356332190517 0.00903896470196473116 0.09523318161038824003 0.9954139532065069407 -0.3814178794478655377
0.1224790255101855518 0.9877803817709949197 -0.09637845015991569619 -4.654731064624358261 -0.9924284638984495199 0.1227950604794165318 -0.002667809677758977566 3.968813687535149182 0.009199587607934179082 0.09597546791404114319 0.995341186301091474 -0.3829845405466295594
0.1213916222535484091 0.9879487619173645818 -0.09602769303349144303 -4.649209591383002049 -0.9925692764909228583 0.1216351284983374081 -0.003335704438271482573 3.977998098312009567 0.00838483576529849492 0.09571906430978834035 0.9953730734038829242 -0.3828283400636973699
0.1202517110094852848 0.988151008563421418 -0.09537877243417264284 -4.650696011946880759 -0.9927119137367825807 0.1204572299560862231 -0.003621066017611951869 3.98564952425023078 0.007910902740389051321 0.09511908303661924247 0.9954344667835736127 -0.3809879245363922973
0.120156599462009267 0.9881987994946750398 -0.09500275911609425139 -4.644342886333383547 -0.9927242420446137361 0.1203541382129638543 -0.003668884669400351416 3.979045709287698074 0.007808387829216161848 0.09475238268071008163 0.9954702482025368226 -0.3787309061475817584
0.120093842894475708 0.9881768730321397465 -0.09530968712526222131 -4.649759158718418384 -0.9927332301485000121 0.1202733522151438195 -0.003880019154996705317 3.982539395720756215 0.007629070426986576253 0.09508305991445419048 0.9954401081945029039 -0.3793301777518073292
0.1204977891923030842 0.9881085626626319174 -0.09550785909670421459 -4.657607431049101798 -0.9926867029709641743 0.1206437313555837193 -0.004266130804341388555 3.97899862510510971 0.007307024171730483637 0.09532344102415277187 0.9954195341611432601 -0.3797404232346182074
0.1220226583576785873 0.9879662663068421447 -0.09504276639400573157 -4.65712470603293216 -0.9925082916730632032 0.1220524606590377287 -0.005521580401256212176 3.970944996412467898 0.006145068386727866802 0.0950044915677821511 0.9954578769173771935 -0.3782539758113819817
0.1244398227313302102 0.9877470978753679631 -0.09418280689344928069 -4.652775033046316899 -0.9922209210193652096 0.1242137005301895691 -0.008282543997015346868 3.94268717663477819 0.003517736227979015914 0.09448082964600310052 0.9955204660685313955 -0.375655173339644155
0.127811617627197921 0.98737756464403581 -0.09354001921264454289 -4.646823257106534655 -0.9917984547026320596 0.127253819839133725 -0.01192856357582911149 3.898611199638910563 0.0001253287527504881257 0.09429745545371207016 0.9955440593903049917 -0.3706497895917103547
0.1326175044821815974 0.9867524244694895197 -0.0934465101862559655 -4.630830848405685707 -0.9911634134113465056 0.1317625853085591381 -0.015287546263793899 3.836116142198978896 -0.002772269516716687615 0.09464815818182703566 0.9955069264820979313 -0.368366597653847494
0.1381195899678712979 0.9859126767840662442 -0.09433542590898327806 -4.623071291389515558 -0.9904115596505702612 0.1372204088587789805 -0.01598442823518880437 3.753281828218107741 -0.00281450466233946258 0.09563865891759831817 0.9954121385050783699 -0.3643122118335205828
0.1435839996951167874 0.9850489536781044109 -0.09519555581762265128 -4.605967708334502753 -0.9896376173078550442 0.1428198542758827849 -0.01482820542521581797 3.645924120208121177 -0.001010692776969134964 0.09633819602003326765 0.9953481453678557633 -0.3633760202867721834
0.1494644849747770732 0.9841004758717700751 -0.09595113901756845143 -4.590137022436095116 -0.9887669982779135891 0.1488019345205359723 -0.01406440333472033441 3.518942017442773462 0.0004369291428659977496 0.09697544844784151963 0.9952866780435403182 -0.3646715403597016181
0.1545141406656588834 0.9832511073328469298 -0.09665733403112476696 -4.5642781901554077 -0.9879896535908430089 0.1539065431413377538 -0.01375574123866486059 3.379769906025974269 0.001350848396765062841 0.09762190244236708392 0.9952226581885718071 -0.363452442044801316
0.1586486526275873998 0.9824771791685532607 -0.09782227451680793051 -4.546275260369498916 -0.9873335158955204305 0.1580454417692387648 -0.01393437355409620979 3.228498895947097047 0.001770160619643131299 0.09879387976036316243 0.9951063439919876075 -0.3629007765193147383
0.1616974705894854147 0.9818612486461885114 -0.09900715313194442813 -4.515202515829893848 -0.9868389298324135028 0.1610531563526885201 -0.01451920923705674916 3.071823944619409552 0.001689565654073662496 0.1000518323902531287 0.9949807918764341785 -0.3596217214843937526
0.1638602148991628038 0.9813891150576689038 -0.1001260943962271194 -4.481356828578990203 -0.9864829800829830742 0.1631247180952944964 -0.01554530133816033922 2.883729268052618977 0.001077051450250689473 0.1013199443411177819 0.9948533102114117677 -0.3583823056716941569
0.1653374170695869338 0.9810056986546886737 -0.1014463290779236276 -4.440926234047844368 -0.9862368223101434239 0.1645317860980888003 -0.01631630239068678975 2.677724653138069399 0.0006847601414493410333 0.1027478004572858622 0.9947072034545616503 -0.355345542424584937
0.1659503395026991623 0.9807657924268881056 -0.1027567281681755484 -4.400256671473399273 -0.9861338511387648387 0.1651225423607435849 -0.01657026503337027251 2.457866935070872394 0.0007159031350254293612 0.1040817291258224614 0.9945684899213964592 -0.3532099423768105817
0.1651204884441261067 0.9808311162148953821 -0.1034676071057205188 -4.362755623599332111 -0.9862731038941424666 0.1642909246368824128 -0.0165486149801046846 2.211302351275698186 0.0007673923900850332727 0.1047798333401898097 0.9944951471142369215 -0.3520124413913932049
0.1629133591874186437 0.9811499204986675604 -0.1039426325582738508 -4.310541706731423339 -0.986639654801626631 0.1621343025485653122 -0.01595805598779422366 1.948042647880612099 0.001195420922761066766 0.1051537035524592878 0.9944552627432329261 -0.3497343987203568316
0.1588341268744249135 0.9817268806841864537 -0.1048048273757981041 -4.252672852528836422 -0.9873040350092898709 0.1581052193747708723 -0.01528012113713424214 1.666304245251314597 0.001569284615202496801 0.105901233594789812 0.9943754150564207972 -0.3506013967676838705
0.1531328414066159549 0.982549326243163379 -0.105580084962039758 -4.212192883031568691 -0.9882043105333337962 0.1524295826795320774 -0.01474662703824928221 1.362737241679293998 0.001604239881438350836 0.1065928879042743332 0.9943014546214632432 -0.3518908884753967348
0.1482497124198927652 0.9831674509135799322 -0.1067885115072334523 -4.169582217737145768 -0.9889486605959129095 0.147557711088698057 -0.01439682762555500109 1.059073803808953551 0.001602976063222836568 0.1077426809160419441 0.9941775219629948035 -0.3516920560781578997
0.1435569205106797253 0.9838758145919043185 -0.1066761078813768665 -4.121461741853799765 -0.9896413029124708771 0.142853860513450337 -0.01424310880136408011 0.7446844225359008362 0.001225643613912812948 0.1076157791700223937 0.9941918033614202121 -0.3486891690373117303
0.1407254032982015179 0.9843915795536033464 -0.1056862286603820617 -4.0750545545925414 -0.9900482495222591162 0.1400191534080351408 -0.0141102919611947597 0.3999115562059846751 0.0009080437251806160572 0.1066201421493757906 0.9942994120204859954 -0.3446191879440370087
0.139490578602285531 0.9846185857593177104 -0.1052075045630181116 -4.027017657421999353 -0.9902227533789763614 0.1388222099612220484 -0.01368549430998028046 0.04466980241309592703 0.001130146287997801013 0.1060878623029661849 0.9943561174152000248 -0.3413472810390568712
0.137878848249563507 0.9847713317248948384 -0.1059001764677389157 -3.979054897419027181 -0.9904480286388918087 0.1372457033345248212 -0.01327853621783334909 -0.3143034233751802464 0.001458022461043623208 0.1067194502337915213 0.9942881036761979097 -0.3400084313978610773
0.1362248984794597051 0.9847480945217778059 -0.1082310830012108843 -3.927024834607042436 -0.9906763679311364479 0.1356038017308728028 -0.01311270458593300631 -0.6877139972715672345 0.001763835518614313008 0.109008252994441765 0.9940392797385249057 -0.3432282460630526888
0.1334608768885343633 0.9848981291375397129 -0.1102899338967686244 -3.874318743555231759 -0.9910523438935093798 0.1328400994915973909 -0.0129907533690488599 -1.062043822207867638 0.001856357155940750433 0.1110368547707513698 0.9938145555486903593 -0.3433462268997012901
0.1315734860417906438 0.9851179959757880855 -0.1105936333283764894 -3.811969459040420283 -0.9913057011630703741 0.1308863475935728438 -0.01348224381420892563 -1.456739657140248001 0.001193595779499942444 0.1114060049874281422 0.9937742587637720115 -0.339081790120470683
0.12958502898872859 0.9853911003059164786 -0.1105083691720823158 -3.754958643572155808 -0.9915679778451872428 0.1286860047176359156 -0.01525967054847262791 -1.846905851037444091 -0.0008158629817650409977 0.1115539849435952247 0.9937580403751123947 -0.3394120214975018257
0.1268101461644020878 0.9858775072227482505 -0.1093833969989956717 -3.704555308878744402 -0.9919230282908522156 0.1257239329110915182 -0.01679877029736397132 -2.25730741523077949 -0.002809418865456935876 0.1106301648510181063 0.9938576728032183505 -0.3337838698656343528
0.123874083922190445 0.9863883948156398906 -0.1081348503596264027 -3.644697420843460378 -0.9922901894218942864 0.122704555343123467 -0.01742905962010071752 -2.691456126123554782 -0.003923183357375402934 0.1094601598787720426 0.9939834415274183543 -0.3303775734815705967
0.1207268632599354935 0.9868922288839354628 -0.1070922640182475488 -3.598004448611552331 -0.9926744733977600488 0.1195063942747328772 -0.01776546189512878335 -3.13439830997671276 -0.004734385905172371761 0.1084525252164989795 0.9940903557339297869 -0.328445022941624587
0.1172593374458402449 0.9874671788339953737 -0.1056353087931225232 -3.552389622319066298 -0.9930838742480985193 0.1159614084639628145 -0.0183676481944326786 -3.605752704335417391 -0.00588783049890397904 0.1070584999096441947 0.9942352895808590496 -0.328539989012892053
0.113767671915395191 0.9879404858866285277 -0.1050262497152494312 -3.502343996876764454 -0.9934852317782260078 0.112421788319877744 -0.01866643497245454308 -4.102961159232530797 -0.006634087968460949773 0.1064656648291715801 0.9942942477395951828 -0.3282562995622468893
0.1111212743937200487 0.988218675070860586 -0.1052421615815065659 -3.442906341861917241 -0.9937865936275311896 0.1098179946677313862 -0.01811668895070198473 -4.631293793757269128 -0.006345767157523186756 0.1066013987663111812 0.9942815863823587508 -0.3258167194497612051
0.1082582117937597593 0.9886260674976741214 -0.1043966388307765031 -3.376991110468473334 -0.9941045311534595363 0.107020846165441344 -0.01739884109684110627 -5.155524267741471434 -0.006028331173320029823 0.1056647390615663012 0.9943835387520930658 -0.3259243167459879853
0.1055029754773124384 0.9891083916812999366 -0.1026338717322842209 -3.305017883311736071 -0.9944022706850009774 0.1043393393426253202 -0.01665612102185965934 -5.69496631178763657 -0.005765958649982241488 0.1038166253658514143 0.9945797414070746134 -0.3273414251990462986
0.1039865069272751102 0.9895520897301376406 -0.09986725210692129484 -3.252411672199690074 -0.9945657725882764977 0.1029474956705709182 -0.01551570741068065279 -6.258640173031551512 -0.005072517133088626402 0.1009379749026478035 0.9948797891159865125 -0.3271734239462379401
