1.000000000000000222 -3.288104128200433695e-19 2.199307547639937647e-18 0 -5.681318425110126656e-19 1.000000000000000222 -1.273613892030353574e-19 0 -2.923285529664562976e-19 -6.024150353257425012e-22 1 -1.11022302462515654e-16
0.9999997902183088705 0.000538070878282212884 -0.0003606148395965306326 0.0005404721267004974905 -0.0005380580131883820312 0.9999998546069562844 3.577157952990546935e-05 -0.0002372978758262145327 0.0003606340348084282514 -3.55775403384962858e-05 0.999999934338684171 -0.0006870169846137086367
0.9999976592837377387 0.002140261793418430855 -0.000317343039210452526 0.04357160064433074353 -0.002140345370949555889 0.9999976748049413944 -0.0002632608292444259712 -0.007670681228694076204 0.0003167788542403795322 0.0002639394366041565099 0.9999999149935803189 -0.003622822978523565496
0.9999776890946114882 0.006679909721116527102 -1.093392591450953375e-05 0.153883662222323192 -0.006679910092739512091 0.9999776885639002355 -3.428001326120201582e-05 -0.005607832318219430068 1.070469457669667782e-05 3.435228570281365366e-05 0.9999999993526655917 -0.004921519472076751889
0.9999125233196796136 0.01316125310847237641 0.001314201691270800885 0.2669311971161751895 -0.01316128257649858656 0.9999133864742041355 1.377609954516980772e-05 -0.004648298181784304983 -0.001313906552875275828 -3.107147507033986619e-05 0.999999136341618966 -0.003586246947366533711
0.9997857463768663466 0.02037159131976926454 0.003668734179305794922 0.3729256152729004681 -0.02037566129019048947 0.9997918162744664494 0.00107542376900719933 -0.01339654650298932603 -0.003646062315031050119 -0.001149946241785653345 0.9999926918997050773 -0.002985540392677177302
0.9994974746065969917 0.03125865196253761052 0.005262597752850555269 0.4894017599088995585 -0.03127201887583366813 0.9995078412155595782 0.002477131818860364102 -0.005513699688435513835 -0.005182575917755809745 -0.002640459055285376052 0.999983084298049274 0.0005948338756267546046
0.9990735202059256581 0.04259030818947605324 0.006177934529667827336 0.6258568415787374439 -0.04261756459411834841 0.999081991551470816 0.004349407191263920947 -0.01162371518979854468 -0.005987020540895020629 -0.004608666079627551058 0.9999714574833223901 0.00416567949274859739
0.9985145046360945909 0.05421955316426821381 0.005387401042931417097 0.7976365262098986664 -0.05424181679294147462 0.9985195097400143549 0.004076024553623773701 -0.02839609128837272678 -0.005158424818168526847 -0.004362192061422317732 0.9999771807062499684 0.003385025189553747538
0.9976788100828061223 0.06792565557863779191 0.004805957833877489219 0.975989764906437518 -0.06792832152499367337 0.9976901263908509732 0.0003934880141676053459 -0.04662552718966245235 -0.004768128747201519357 -0.0007190353067175292261 0.9999883739003835315 -0.001187031910157010373
0.9965330498077629162 0.08307323711141054168 0.004551694435755481404 1.194759654557402406 -0.0830585975577542851 0.9965391466408084487 -0.00331641057891024927 -0.06410911436959415566 -0.004811446650777862627 0.00292685538721847464 0.9999841416233177238 -0.003668475090582212772
0.9951789440690826938 0.09796239195350613105 0.004715829799731337951 1.428665009555696086 -0.09793751525056094975 0.9951787415866121256 -0.005245511873618604985 -0.07567096215934454584 -0.005206956455263274559 0.00475836630854457529 0.9999751224675329508 -0.008707977571207781153
0.9937449807347814579 0.111535212322367655 0.005550647156859308227 1.6691790924418477 -0.1115161789561738281 0.9937559927690152728 -0.003628864854149643684 -0.1012300384716855461 -0.005920735087303598265 0.002987179266196971546 0.9999780105859256141 -0.006422672380961613747
0.9921063335449058496 0.1252260855581118215 0.006591695072551431722 1.921499185221605011 -0.1252286315141567241 0.9921279096611239634 -2.670646073840193376e-05 -0.1280503315137152542 -0.006543148998439294282 -0.0007989733117502706948 0.9999782741850365975 -0.003145713461865651261
0.9903376280568814138 0.138536758213244654 0.006240920373910241806 2.188912980781056561 -0.1385589652938020722 0.9903487650159038536 0.003276699584286068851 -0.1757550412551433239 -0.00572674444626754351 -0.004109774371494729142 0.9999751567674087793 0.00224639221616185214
0.9883382842526448053 0.1522202017331480695 0.004055375932005236828 2.481497376214631956 -0.1522410765286734968 0.9883282940756074053 0.00546239309011444657 -0.2176828384458298349 -0.003176556197989020662 -0.006016087020651337235 0.9999768578258740881 0.005660074966528205742
0.9859468591214208821 0.1670570632733363869 -0.0008535855673410892765 2.781524980707087202 -0.1670561112097652123 0.9859467913354859059 0.001086440697200910434 -0.2561447257639837827 0.001023087544442612736 -0.0009285761169890196761 0.9999990455187377503 0.0008787744768534722084
0.9837706924484703741 0.1792387793683623831 -0.008287620824564793931 3.093382307017827682 -0.1792905544741487389 0.9837779352918279985 -0.005989248662935941353 -0.3068060089743122609 0.007079672884864119005 0.007377939426906454656 0.9999477207546777491 -0.005778242442274761359
0.981735736677943005 0.189695537289639532 -0.01451021951938525137 3.420329932584452504 -0.1898485846793940279 0.9817623870870646474 -0.01000650719398345732 -0.358823139540232372 0.01234739799548728416 0.01257849033970539175 0.9998446496055988231 -0.01612834150889974616
0.979939858237151018 0.1985855008023334756 -0.01678312003313139206 3.77206002360498216 -0.1987768539932832645 0.9799873299153680772 -0.01061110321388411722 -0.4241636926562565302 0.01434003374479207032 0.0137343387679305217 0.999802846251431454 -0.02242178851729637046
0.9786405857578721612 0.2049445825301910995 -0.01613449745593182119 4.129918563001671927 -0.2050855413249632608 0.9787144551586426378 -0.007611569626941750571 -0.4925968124153083938 0.01423111592890133684 0.01075794309120319328 0.9998408583377187409 -0.02179300127434957712
0.9781274655445589827 0.2076168301924690152 -0.01272450304882802828 4.490269595507661471 -0.2076655722484320177 0.9781963669121714888 -0.002622565835775055813 -0.5679539361302556877 0.01190257384885084167 0.005207644869662985711 0.9999156010244319992 -0.01597273952396272012
0.9777258456922379715 0.209691660179536693 -0.009032072114091804077 4.878835629001111229 -0.2097217294491642015 0.9777578896258434238 -0.002511067539558932329 -0.6729177852761052403 0.00830462984956467469 0.004349357406075757097 0.9999560571415978538 -0.006156599116380223613
0.9771234184788131216 0.2125506631083967923 -0.00721392285110283079 5.27027693764674332 -0.2125982218984310002 0.9771172526439946271 -0.006623490015136894449 -0.7629711542294685955 0.005641021283949213504 0.008005634364548458448 0.9999520431990476244 0.0005782632593238634655
0.9766150926618188954 0.2147932395148274831 -0.009317996252833039492 5.717826711267436579 -0.2149287313616234374 0.9764736102791650163 -0.01746221213752868415 -0.8486980828897375817 0.005348012329543908733 0.01905656502511608036 0.9998041038594471797 0.004535379184747001524
0.9763994803746979256 0.2156917285886626456 -0.01100604164068093999 6.171602440846645443 -0.2159095812081241739 0.9760759380552479492 -0.02566740893341465726 -0.9490771680101256491 0.005206484619825704589 0.02743795457291737377 0.9996099495139901814 0.01442370328141950875
0.9765274240904836534 0.2150785483542595466 -0.0116364963402353274 6.642780317011308 -0.2153164810565545706 0.9761953345651216418 -0.02610520538131084339 -1.0372636096832899 0.005744823762489827818 0.02799797839656056192 0.9995914716554504809 0.01869424404054720323
0.9772443230238593292 0.211817372689822786 -0.01126648811209111922 7.132376744391566881 -0.2120006962322451005 0.9770878304809227366 -0.01884346869207021227 -1.133757829759313607 0.007016974397960541732 0.02080317611627493721 0.9997589659185814881 0.01722839183067204072
0.9786412918897877677 0.2052911035893164593 -0.01080669260778809211 7.640982628923190134 -0.2054169764356447991 0.978598308173415532 -0.01221544192722792688 -1.265654278989055914 0.008067689550655539679 0.01417441397721779656 0.9998669903415426941 0.01513071870020410437
0.9797233391250561585 0.2000856302122599184 -0.01038842460623006815 8.164157786797817451 -0.2001982229164817328 0.9796908999626521286 -0.0112433118316707676 -1.388616494307861382 0.007927819919855248407 0.01309507914375868283 0.9998828274225226576 0.02371457181340208553
0.980455641985627846 0.19646981919968734 -0.0103123349265641269 8.72133261044276864 -0.1966201648984143291 0.9803413722665083041 -0.01647132562040329318 -1.503083751575283067 0.006873490208378320136 0.01817701711728505684 0.9998111577602416533 0.03323526761268169594
0.9816286778219498466 0.1904033724423711271 -0.01231643816480227846 9.295316920315482179 -0.1906402516565158245 0.9814062289478724388 -0.02231833821727632894 -1.603163785170248046 0.007837942271442186956 0.02425632969472578393 0.9996750457681741198 0.03875441920695765763
0.9829032036367216785 0.1835064194792212222 -0.01505610503902773609 9.875522907455884791 -0.1837761625817855293 0.9827830372048330654 -0.01907416680972755241 -1.703455064008364994 0.01129665258467888421 0.021515012860208408 0.9997047013310065289 0.04696042277052880909
0.9840275867377742403 0.1771118188709561447 -0.01791960275821186457 10.4726683926701174 -0.1773608394326937066 0.9840545491044977444 -0.0134080950530223765 -1.8109508687122986 0.01525913451142615548 0.01637217119477699101 0.999749524043945903 0.05132945651463360903
0.9852166404673893263 0.1702386236979747669 -0.01915678352126443801 11.09538506952720205 -0.1703973408116344901 0.9853507782648487368 -0.006970653329057240923 -1.937807903184025404 0.01768947712392665225 0.010131868615564971 0.9997921922277028806 0.06341659000233978993
0.986406980201533834 0.1630248198949263705 -0.02059557026971484822 11.734590304117825 -0.1631547699010834074 0.986588888518894036 -0.004783941943222946684 -2.072030652797658856 0.01953945950819084912 0.008079179244916362065 0.9997764432047300254 0.0745420773753185939
0.9877195398977562935 0.1545744287017070395 -0.02273447826287417275 12.38956198321851154 -0.1547078529434643412 0.9879512439536820567 -0.004221350413476298788 -2.169940380989798356 0.02180804325288602033 0.007686712599466971781 0.9997326261062987607 0.08345492153579481265
0.9894976898980099023 0.142391491887200683 -0.02487940373055952739 13.06979817861004989 -0.142484482105718735 0.9897950220365129281 -0.00199667289956943772 -2.270767089661795524 0.02434120073152228753 0.00552063216963162226 0.9996884657582993938 0.09537412991326510436
0.9914572950839171117 0.1275435058174499148 -0.02729626628331599525 13.77816425577583992 -0.1275453173498311554 0.9918313180198344847 0.001681847116675417361 -2.3737932742233947 0.02728780044280787812 0.001814031346052060508 0.9996259726719695093 0.1113646953983183918
0.993618411750190389 0.1087117563391296893 -0.03007001609124511365 14.45776703866957469 -0.1086173708062061344 0.9940722375871816618 0.004759538955468164446 -2.471500453064967129 0.03040918601955171913 -0.001463039454783754021 0.9995364630290570762 0.1312842339741522313
0.9954630200844926113 0.08930108279650060543 -0.03284345075200402475 15.1643974006170783 -0.08918728538494062608 0.9960027384657579308 0.004916613564849329869 -2.545270022966447332 0.03315122580477118663 -0.001965088776505516388 0.9994484152058605853 0.1473492952211222784
0.9970155129259015148 0.0692436829551547478 -0.03413765305770122965 15.89764310755772136 -0.06916912409144838902 0.997599284073171777 0.00336164912492514659 -2.613636656653495649 0.03428847121651085184 -0.0009903447687976767687 0.9994114868074965852 0.1630619217237131435
0.9982268001020440096 0.04856843289642504002 -0.03441457370284116413 16.63792193046280232 -0.04844598773225073512 0.9988161852370267546 0.00438342082708401224 -2.651892587707335824 0.03458672910258075994 -0.002708400131791889598 0.9993980301874899608 0.1870737994000472026
0.9989768075893192822 0.02864458742503815311 -0.03499750716472079665 17.38827237972327566 -0.02850341756483838404 0.9995834480228970031 0.004526104722359644734 -2.691123044991663882 0.03511257728609688128 -0.003523925086205362527 0.9993771504653762294 0.2049214616282236667
0.9993587892317782329 0.009220086151487102977 -0.03459769346666536488 18.14050314974551981 -0.009047374977734850068 0.9999458343479270539 0.005145228436009376995 -2.70830219359396196 0.03464325890917552969 -0.004828910953101408186 0.9993880758919833074 0.2281428223663422017
0.9994349426937058078 -0.009710088236149803237 -0.03217933350733705178 18.89809359188036453 0.009907033498002941821 0.9999331238062483251 0.005966456487490057192 -2.726135093278743593 0.03211924665668145634 -0.006281886830709902322 0.9994643024619155325 0.2451818170474948655
0.9991491264119946036 -0.02854641907758230165 -0.02976785418380221634 19.65998161925347532 0.0288343627691465855 0.9995410425279857014 0.009288908856092634517 -2.727618316405252763 0.0294890269192475997 -0.01013934227212785755 0.999513677261576805 0.2755831271955239137
0.9984890031036606217 -0.0466283668121672823 -0.02907758729738051454 20.4227004202193072 0.04704448955315589098 0.9987975425928068418 0.01379437988954364258 -2.70761403350297547 0.02839941333110730659 -0.0151414768717598406 0.9994819703245069187 0.2986777086456939845
0.9975342227405753492 -0.06279737211128738616 -0.03133631295207530559 21.18883280495990107 0.06342479411213486351 0.9977971493344156562 0.01944593213173432741 -2.68483651621777808 0.03004613029731724796 -0.02138548198596486663 0.9993197142144762957 0.3235169849517343654
0.9962629530640286779 -0.07926557717439280948 -0.03430884168831909581 21.95163661053718229 0.08021241672242715448 0.9964076992885881889 0.02715998909872252912 -2.642981340237568588 0.03203274179892602602 -0.02981048604422511031 0.9990421604607763184 0.3487173556303389543
0.9949711849038321843 -0.09389255783622804663 -0.03487877267834219031 22.71013096083459004 0.09493091466655204091 0.9950493201729357917 0.02941040412817219618 -2.573107658451780466 0.03194468097039917381 -0.03257357842850205215 0.9989587075297541308 0.3572516383107975368
0.9937530473237757844 -0.1059424049018862918 -0.03508686031711908543 23.49741236400642919 0.1070817583919318472 0.9937235083906200694 0.03235870670402413857 -2.511428339409961019 0.03143847872388747661 -0.03591372608472469946 0.9988602636693546533 0.3833020979230615244
0.9925686244515417034 -0.1166087044965023606 -0.03478413112120494477 24.24064619904243045 0.1177567105784199653 0.992493686524878016 0.03300968541036896492 -2.435766177948395672 0.03067381387642783425 -0.03686044289280813319 0.9988495506808328095 0.3998906212992949794
0.9916891141917409946 -0.1239843460207654263 -0.0343596088849882908 24.97913400782584503 0.1252027928649392663 0.991480765147008003 0.03591870003017438862 -2.339769335286545182 0.02961353477314608573 -0.03992210279973178177 0.9987638681237056559 0.4210984146946590845
0.9912588641409680879 -0.1276939430085900218 -0.0331680745304147595 25.7115273118495189 0.1289175179992368137 0.9909339122263235433 0.03781871444961781847 -2.239932409128646995 0.02803814908668097322 -0.04176408176335343753 0.9987340104718607225 0.438270776003248097
0.9911778346547143181 -0.1287098143107558712 -0.03162726318473293302 26.4302754727142819 0.1298743156566987411 0.9908009347579457282 0.0380285396174942919 -2.159406113105170277 0.02644167565343506429 -0.04180061470483137365 0.9987760241424047392 0.4532911503436072298
0.9916605093425786555 -0.1249032921837986698 -0.03175849177171648219 27.12907212439039739 0.1260588934146441575 0.9913160547738113504 0.03743841540977463356 -2.077038662955654758 0.02680652142871873395 -0.04112963841321046893 0.9987941545962856216 0.4663715410658346716
0.9925866002363682439 -0.1168474772131653655 -0.03344410393618943433 27.80442550089541953 0.1181427324260067302 0.9921988323707713331 0.03979663083776169286 -1.988358095829383165 0.02853306495889866568 -0.04345278031666469781 0.9986479460199142455 0.4771064251212868146
0.9938076288611527032 -0.1054791189947271446 -0.03493640310793082182 28.46387656937427835 0.1069863119977438742 0.9932633894578033473 0.0445170553401009611 -1.916902509565663326 0.03000543038740539903 -0.04797910612474815678 0.9983975558492973468 0.4844957958731681558
0.995283299963322321 -0.08986195875859549764 -0.03655107620587297323 29.11969283697910171 0.09172611657664020424 0.9943728692527835644 0.05299921168211872008 -1.863041610008279836 0.03158278554479430206 -0.05610191856622154943 0.9979253992126017048 0.5065488709915650922
0.9966937316835381422 -0.07249949438673346236 -0.0366800835232616515 29.74928964060518766 0.07458180808301063947 0.9954676991412554354 0.05900520210453816944 -1.815463485042485781 0.03223599102827718471 -0.06154578201550735955 0.9975835592078236003 0.5206440049104744672
0.9980491721351757439 -0.05298903136486434601 -0.03301533807130953985 30.36661265339535376 0.05500248075258128838 0.9964714525441088488 0.0633985124442617981 -1.789007976698839375 0.02953941611741796661 -0.06509075834880138911 0.9974420364491923818 0.5308278883983533758
0.999246621014540537 -0.02931987804896189417 -0.02542705522411811692 30.97099071198149289 0.03095042217814652358 0.997319592708896141 0.06630008573599864563 -1.763373587773652496 0.02341498992906694554 -0.06703711473244301777 0.9974756956924684115 0.5461494088022639248
0.9998540120590792002 -0.002121648986623755201 -0.01695444404486650541 31.57161521928586012 0.003266451707360076839 0.9976947658518936501 0.06778262672380733211 -1.7504308020231234 0.01677154913776818593 -0.06782811214596128069 0.9975560447131298636 0.5686414901242016207
0.9994533032911749881 0.03102017281957383799 -0.01143868083620812846 32.15848759178197014 -0.03020301055935844387 0.997377580019281007 0.06577036586664909701 -1.736208444897872294 0.01344889192435211496 -0.06538892682370504861 0.9977692195873666403 0.5821652518875056748
0.9974241128002789836 0.07086702224016919183 -0.01109073336081878303 32.76382702872492558 -0.07003227924583969866 0.9955480633662984191 0.06308354291543852299 -1.769903581259818726 0.01551190095543726437 -0.06214433748904110016 0.9979466229454286852 0.5958379618760719643
0.9930021946000516797 0.1172307316377408232 -0.0142687450197117472 33.38154898388584257 -0.1161208761392936856 0.991246766099635801 0.06281553004091490477 -1.806496943385837328 0.02150775790028876255 -0.06071906001509763673 0.9979231493973095279 0.6077832124976459971
0.985841432275384455 0.1669255519293157131 -0.01589120920001966739 33.99851699204848643 -0.1656146208324658364 0.9841442014729000487 0.06349793747575523117 -1.889704793947796668 0.02623866964684153438 -0.05996708104671625433 0.9978554411378861566 0.6095963556368214631
0.9755200197721853872 0.2195823023602294366 -0.01201264017755322537 34.6239783960255707 -0.2184397487162718643 0.9738557399126042124 0.06236244067832482502 -2.001549659658897085 0.02539226689279885929 -0.05821177127019163539 0.9979812736069457735 0.6155645823698061569
0.9618837086052010044 0.2734429377418793883 -0.002948038673873057229 35.24032587046523446 -0.2727136643847786757 0.9600021856943967702 0.06342760207403567996 -2.1409208680908276 0.02017395341569071937 -0.06020600669296128499 0.9979820881977726765 0.6334384947146390887
0.9453504326196882079 0.3259731008037968225 0.007355074004850854601 35.82740830157310796 -0.3257705538325375572 0.9433384808954051737 0.06313522551568398478 -2.318468942478785433 0.01364206089385257455 -0.06208097930147598448 0.997977878604892843 0.6492058652974694866
0.9263697213023673882 0.3761221872197230698 0.01926758295176977942 36.40884285592087366 -0.3765583135336248444 0.9241259310312655018 0.06476959229740590629 -2.523977525383799492 0.006555607688342577136 -0.06725595772503374647 0.9977142176789327577 0.6726113229226750034
0.9051725318930179398 0.4240610340952332136 0.02889510144225756333 36.9767732092376491 -0.4250317206600167652 0.9025279316820921105 0.0692197150211603246 -2.765452916627880953 0.003274747794345716535 -0.07493711940709169017 0.9971828840096369495 0.6937090605961024892
0.8828998048861285142 0.467917412623772011 0.0392584960907398986 37.56790641040061729 -0.4695597520934167157 0.8795821127474146017 0.07647840302580841132 -3.062028201662616134 0.001254505534679672225 -0.08595697682317947341 0.99629805999553811 0.7040382280480464994
0.8592369386195543024 0.5091858492299768946 0.049413098221852296 38.13090829589292241 -0.5115747117003377475 0.8555518015568229773 0.07951370436709642719 -3.386694081986393545 -0.001788212115496493624 -0.09359960341951960305 0.9956083148187910847 0.7172682029969241757
0.8344442137560429407 0.548431328934753104 0.0540918810143871942 38.69892617481161778 -0.5510831145554656585 0.8309712306073082644 0.07611973946384352485 -3.740281747399564427 -0.003202347053473171556 -0.09332679843584380797 0.9956303800437640295 0.7201051706116470275
0.8078931061332097485 0.5865237180601809985 0.05743393799889622009 39.24273059881324599 -0.589312789347441246 0.804749133586407206 0.07133910768842172123 -4.108294128512050669 -0.004377833150346193206 -0.09148092753284958745 0.9957972054959572938 0.7176021877827658546
0.781159508046577411 0.6212813530152786479 0.0616384896109594474 39.79245256108601581 -0.6243181029548851013 0.7779732881698623315 0.07060077337021820887 -4.506027188971394537 -0.004090154427406952203 -0.09363249032667908534 0.9955984267720148218 0.7232664689862181584
0.7532977840404979641 0.6543120796852450738 0.0664691729586910085 40.32234442873666325 -0.6576752340158132926 0.7498037220292301797 0.07250975781326894631 -4.93668769369367233 -0.002394822841249364884 -0.09833656879421057151 0.9951503323922434863 0.7312120584950181357
0.7252699961687063546 0.6851734736371128953 0.06723647593145472279 40.83665584486390543 -0.6884644859554456264 0.7217617323433836996 0.07125063711472366668 -5.393351101352673815 0.0002903311985335614532 -0.0979658751802055805 0.9951897321653372375 0.7280746503406760883
0.6972248457386852616 0.7138670441907333242 0.06535562496741154082 41.3500650015514708 -0.7168419882308142421 0.6938170831672355598 0.06895954613400233357 -5.865699866543288898 0.003883098298404906879 -0.09492996509424866947 0.9954763800686465824 0.7267287337422844162
0.6684319403706411311 0.7412499295472667615 0.06121505572677189699 41.82614351400172126 -0.7437240406471947729 0.665172692686702316 0.06648187916930073382 -6.375088111860912399 0.008561104815948936825 -0.08996572012289404119 0.9959080663833533853 0.7238030396435956026
0.6393788787424852238 0.7667233165492024494 0.05770619797002135565 42.3232828693304981 -0.7687917341532756188 0.6362816446149464067 0.0640697917628587077 -6.907788706837554749 0.01240640870030308707 -0.08532891966564133679 0.9962755926412413254 0.7244101424050213289
0.6088830600407897364 0.7915488024460394234 0.05207602658479498076 42.78069016892698784 -0.7930554553024926623 0.605922240025879022 0.06262015531955751613 -7.46725057889329058 0.01801288629232910762 -0.07942752880456245557 0.9966778835696600281 0.7318666132618323328
0.5783156232086169579 0.8145201739835294941 0.0459121566335129877 43.21297708258321535 -0.8154514609014735793 0.5754675711395348392 0.06225744516217141672 -8.056257323153543481 0.02428898782359506861 -0.07344358843949751192 0.9970035528471609121 0.740507633845262081
0.5487591383872536532 0.8349632544237534093 0.04122828877888588123 43.63510013032197321 -0.8354635636810516797 0.5460183804856040268 0.06216560088454258642 -8.653823020031836677 0.02939458898237235288 -0.06855867468887864857 0.9972139521017038266 0.7495641865439229834
0.5207901076907143212 0.8528511030979207819 0.03771816101587479458 44.04990844418636442 -0.8530437867457044687 0.5181790821455183327 0.06169875787911525272 -9.276837347807283862 0.03307509168713770181 -0.06430734570589939636 0.9973818745101775685 0.7645076893226619985
0.4945042611604115179 0.8684581679811468335 0.0352979624442199269 44.44958546793237986 -0.868465925432058472 0.4920528123606585646 0.06042322580074839522 -9.91269143297066968 0.03510658231836889104 -0.06053462029611129946 0.9975485389829803484 0.7834826253377014105
0.4700933626891542483 0.8819528162140748417 0.03422660247565307429 44.81473467471423078 -0.8818599463904971403 0.4677315466276442124 0.05958385056682931336 -10.58136784451341583 0.03654128312524267813 -0.05819304254466856063 0.997636358815518931 0.8110009123627993644
0.4482315344557621928 0.893269387730227904 0.03403369581478138395 45.17607757623147791 -0.893107959452217548 0.4458809927882733115 0.05956771811994076432 -11.27738327234826343 0.0380350410453174706 -0.05709589436475781543 0.9976439216991582759 0.8377307678958563208
0.4283624631049167131 0.902891554942091723 0.03595052437044495008 45.53186165405660546 -0.9027810406610154992 0.4259313559972205399 0.05974004194719793881 -11.97265355172831924 0.03862632380317863184 -0.05804584336448461585 0.9975663823433099653 0.8659839056122969891
0.410268370297846352 0.9111306966103709382 0.03899638459508341509 45.86417867273052451 -0.9111653398792720626 0.4077436356586803257 0.05935360978577793045 -12.68766033043166352 0.0381783682301695404 -0.05988306282864768598 0.9974750277522912434 0.8981661617997411806
0.3933671320385271342 0.9184266671820224825 0.04188981288223680294 46.19969118959579646 -0.9186541446081039064 0.3908357246425728238 0.05763678470529302877 -13.41245112971794029 0.0365631247439908158 -0.06115466696785284983 0.9974583924258235701 0.9251460912099406242
0.377125404421206567 0.9250621197331932999 0.04512764071066279609 46.51863514171838432 -0.9255384802883154238 0.3746358564135885971 0.05501360386494875965 -14.14969081297014775 0.03398456871379886696 -0.06251439565623968797 0.99746528733007922 0.9542043650673229793
0.3637325214401023743 0.9302025896533685501 0.04921173670139829259 46.82461066214998624 -0.9309865179632256238 0.361263225526383569 0.05246889811831911832 -14.90472660267952065 0.03102831420600868015 -0.06490010805222315438 0.9974092538649315109 0.9845679380038361295
0.3510190101094072257 0.9348252455781040915 0.05373466991467946291 47.13010608789531375 -0.9359402889809151915 0.3485453731532421329 0.05031797227504777176 -15.68509719424024418 0.02830954024756206916 -0.06795500735501674994 0.9972866623539479169 1.012840738344857883
0.3409960158973497912 0.9382244985018639571 0.05879207031170872316 47.43116139023973687 -0.9397034749858513836 0.3384640245089800548 0.04898452032824170826 -16.47605080911211317 0.02605947632807176575 -0.0719506390942133145 0.9970677054392429461 1.041727055677019731
0.333386178971026681 0.9405822183920728996 0.0644883407583089624 47.71028300127289157 -0.9425170451172116826 0.3308620111913891382 0.04681825748439841922 -17.29589295367899027 0.02269967840019862168 -0.07638992039294485725 0.9968195948439753096 1.065521465949218261
0.3273551956088737169 0.9423329101550989018 0.06962228324445290939 47.98360213351141113 -0.9447185528740936755 0.3249529193886129819 0.04373163679870218506 -18.11290356110237099 0.01858579641177517811 -0.08008924124115539278 0.9966144096944850039 1.090439794252310746
0.3239337827966897732 0.9433783336177398171 0.07144385208729676917 48.27626772059134908 -0.9459512111513973531 0.3217201366584362954 0.04089571873748845676 -18.92563542540400334 0.01559520917412109652 -0.08082990333036738084 0.996605898126043388 1.103109932129629378
0.3205829499377827463 0.9446378149474173869 0.0698997192955618657 48.54147005077778232 -0.947104899696761704 0.3185172723647141102 0.03923080674105774296 -19.71428449075835232 0.0147946356660679703 -0.07877909443419514601 0.996782309753123652 1.116906375285910524
0.3160248536515423701 0.9461286925721669183 0.07048963713083304661 48.82535305935691383 -0.9486423166353373793 0.3139912336309914065 0.03856501411786745354 -20.55659849067998479 0.01435433830235936271 -0.07905695565777970391 0.9967667484096317532 1.132196608259912196
0.3117805577809787954 0.9476148805115142126 0.06941845575287833303 49.09763874942404271 -0.950070416367542081 0.3099500843156500762 0.03601595755809414851 -21.38353109889351344 0.01261300114148193249 -0.0771814965459832053 0.9969372742525201003 1.136985695491082415
0.3075272382005933003 0.9492440656781003794 0.06605074954353928884 49.36330238457475872 -0.9514654727025296799 0.3058971080490394123 0.03377000985596315119 -22.21363186972510562 0.01185124822144509316 -0.07323020555092076 0.9972446464691805401 1.149056932033539535
0.3029366950307392781 0.9508953425833368556 0.06346184863576447011 49.63494064913459169 -0.9529003513034260964 0.3012160445952858367 0.03535272249621337903 -23.05337370541339936 0.01450101217846546352 -0.0711824548219539277 0.997357899037505824 1.157487560714473673
0.2982111206045338081 0.9524629176055143809 0.06232590239047772207 49.89586499592286373 -0.9543348914904541402 0.2963090166973595951 0.03802474893533161482 -23.89627886749336838 0.01774943649827528599 -0.07081918633479962477 0.9973312390336599442 1.168738287406626108
0.2944871979627124992 0.9537219266588656819 0.06075999358433174097 50.16656526533147797 -0.9555115461138489197 0.2927439199339914033 0.03603723920011522169 -24.73671744387123894 0.01658238654286759567 -0.06866938105543986259 0.9975016494038725368 1.167591237623220923
0.2896080989211182732 0.9551619530127957169 0.06158565198041883459 50.41797143976072704 -0.9570506582110132054 0.2880745319246556524 0.03266652260922639495 -25.57656561357277525 0.01346056170484674804 -0.06840107832508462993 0.9975670933644804617 1.179589573425480875
0.2854726594303438336 0.956283951120575737 0.0634536485984269899 50.66419089032331868 -0.9582918876250847706 0.2838860101801332636 0.03294527828694684968 -26.4141795330663669 0.013491437798014436 -0.07021209294994058825 0.9974408469231739183 1.198406205417643644
0.2808961797842173813 0.9576107889803001649 0.06386636817775230568 50.92158202991779348 -0.9595646146519870578 0.2789574091952196633 0.03766316752784609062 -27.26192789133945027 0.01825065900942427627 -0.07186334689628438854 0.9972474982772201457 1.210261805704517357
0.2773099246670603368 0.958766648620729911 0.06217490769097066411 51.17171705529827364 -0.9605402872548060023 0.2752124241373529734 0.04025516347363285174 -28.11512227000788045 0.02148400114652877779 -0.07088466009330385287 0.9972531286790448091 1.206462828387806274
0.2732964150078799892 0.9597281051147829034 0.06504639704876712114 51.41286032990517185 -0.9617203394375618553 0.2712001699331100801 0.03929957463110221594 -28.95073756038643964 0.02007631239889433317 -0.07329687595635368813 0.9971080732083517084 1.229349309714686811
0.2684484775378940258 0.9608443902442580509 0.06865473483900189078 51.66661738349215938 -0.9631359505133728627 0.2664306906460572333 0.03719983786291487793 -29.82184849440608687 0.01745152714902116486 -0.07611008318475896706 0.9969466883636406429 1.242207076991854287
0.2638327698428894474 0.9620638369804463963 0.06946540940049968083 51.89646646455891954 -0.9644371323747491509 0.2619236256150339615 0.03545464805174029788 -30.6856975244181136 0.01591500289842174079 -0.07634911829025139984 0.9969541237290354685 1.252656042360596356
0.2591586995632665924 0.9631529622465377916 0.0719245419015256543 52.10473197924182642 -0.9657014274546182886 0.2571661209276761006 0.0358655724407799803 -31.51966746425932442 0.0160474769388519109 -0.07875250794558817657 0.9967650279666963042 1.269065155467120398
0.2561185143112261198 0.9638823197791993591 0.07303547230755723374 52.34511363540870832 -0.9664993937402888147 0.2540347444816990485 0.03667792964884176304 -32.34042192395283166 0.01679966040915968281 -0.07998263660582971557 0.9966546790403663092 1.274967594645392444
0.2511327302084996327 0.9650136470466209593 0.07537249367334164507 52.55384786951146481 -0.9678162448451969047 0.2490276641175407368 0.03628965067227683805 -33.17899285141330523 0.01625017214761263068 -0.08206024289252353277 0.9964948812928483557 1.280502834151580061
0.2471278436792717914 0.9658007736039015967 0.07846460702135053811 52.74634042999967676 -0.9688848753024454918 0.2451396801883369836 0.03418531316061527991 -33.98044465485245524 0.01378141326574654039 -0.08447131376573858985 0.9963306026616106648 1.287697330293479769
0.2425340350589809679 0.9668996340606513806 0.0792612103204751034 52.93935399526232999 -0.9700776408852184174 0.240759359496923564 0.03137357962419359131 -34.78655485661423796 0.01125222446902254467 -0.08449868883135215614 0.9963600549153740493 1.294832171021925049
0.2379017260002313783 0.9680253487771547372 0.07955936689440956666 53.13190899124181499 -0.9712163865104470606 0.2360813456177096037 0.03169114788879087707 -35.55200461482383645 0.0118953521364453859 -0.08480873965940025072 0.9963262408848249096 1.304295189803243105
0.2340947959739996254 0.9689045888244837146 0.08014689153098432384 53.32210666715417346 -0.9720945192839370863 0.2319781927681530409 0.03490506679162682507 -36.29552569278240526 0.01522734837561653606 -0.08608144853330730595 0.996171728208018914 1.308322240952091819
0.2276241840666909655 0.9703380170081615796 0.08143318454671948092 53.49706749062353595 -0.9736030693730189922 0.2253447335436608578 0.03628793741096004305 -37.05466807258343209 0.01686102599700801258 -0.08754361061742911565 0.996017982791297829 1.305234093950948582
0.2208715873727674361 0.9717973794589047642 0.08261716006034865167 53.68110683753771184 -0.9751838253421222236 0.2187272088081103905 0.03427703238102910305 -37.79805003838768585 0.01523970946586512311 -0.08813774078836728032 0.9959917117653089846 1.311160097710903916
0.2135378047403678481 0.9734505616772526349 0.08243548922899918141 53.84228446924328892 -0.9768647592213128839 0.2117505450321057192 0.02994910519313646532 -38.51183258504523366 0.0116982135402514207 -0.08692359056351819935 0.996146295081308808 1.308599909528092464
0.2055473166938259211 0.9751911222154616699 0.08217405745669997819 53.97351497528668318 -0.9785922517225422723 0.2039203318352973415 0.02781552022586977063 -39.19222498470588079 0.01036848736223390868 -0.08613230151444038751 0.9962297531725380351 1.313001626804670918
0.1970230252163338303 0.9767850105519123582 0.08410095517752959327 54.09364811095739611 -0.9803033198766649692 0.195080088209962893 0.03080844455363949616 -39.86692296728819684 0.01368680512720403704 -0.08851441856318245649 0.9959808577842907962 1.325803497313774892
0.1884671211399265855 0.9783122022782980709 0.08593822832690271862 54.2306500526335924 -0.9818956501906661583 0.1860158675386556215 0.03576351763600467415 -40.5483233012352855 0.01900201164645894114 -0.09112261983941857824 0.995658370982952512 1.33322100147210465
0.1795864535235660864 0.9800734358803220303 0.08488089276797333715 54.35943697672713881 -0.9834939525604667887 0.1769332906327767407 0.03787157214253452503 -41.20760095255401723 0.02209866620688332589 -0.09028106610515967967 0.9956711194247697128 1.324260471449130172
0.1693295167938584089 0.9819739604118121745 0.08399199830386250287 54.4884860175730168 -0.9853019922978042411 0.1667214004836326535 0.03720159444612115146 -41.81829475521107753 0.02252773349012798104 -0.08905681132703134606 0.9957717537578092415 1.324885121121004428
0.1586185195829830363 0.9840817111262748496 0.08014581108584131752 54.57482417374414041 -0.9871406308655900075 0.1564322071779574164 0.03289892836526103759 -42.40222994818071811 0.01983784764136163614 -0.08433356587977708374 0.9962400862586158201 1.32830430154747603
0.1480529654899646885 0.9857336354716573767 0.08005947333734260429 54.64357921872402102 -0.9888320450644242365 0.1461475355547527388 0.02919048718433674486 -42.96498703791843354 0.01707355037367284251 -0.08348711098900730987 0.9963625826864803692 1.345565475529992838
0.1374294254692811357 0.9868444157206373024 0.08515428431372730478 54.71556497776415995 -0.9903833822435297307 0.1355198912061559569 0.02784089261117013783 -43.50013724207303056 0.01593453010284648363 -0.08816154603741820084 0.9959787309736287675 1.351088858755222333
0.1277164949196742949 0.9875958488323324236 0.09133967514010427058 54.7722676440794416 -0.9916675091893959459 0.1255904387195983241 0.02868088142004070543 -43.97857854183980919 0.01685372960502241543 -0.09424160983235446709 0.9954066861216943618 1.35349647543773699
0.1186880903971875983 0.9883095763465513661 0.09569387890047674483 54.8474054224499028 -0.9927538017028338935 0.1162907730662002814 0.03027119659796138548 -44.45755491803740966 0.01878899837762217084 -0.09859329264594175746 0.9949504189589104541 1.358879086554859672
0.1091410864623766908 0.9893898489214326686 0.09589551634810505876 54.89227422032303849 -0.9938417637990805131 0.1067531952288450076 0.02970360040769389962 -44.873465624761252 0.01915128798948302971 -0.09854685237776214524 0.9949481122431123037 1.361704317109787787
0.1000325632148892918 0.9907461586556709499 0.09173622710495338284 54.91890370256044918 -0.9948233628509965953 0.09793287110543850982 0.02712249110682734762 -45.23929199347647057 0.01788751182116709443 -0.0939744742999646665 0.9954139014009064645 1.359055039738992665
0.09244312926326209157 0.9917269998669347997 0.08906079689744338113 54.96188355304819595 -0.9955652541886883533 0.09049203325381641183 0.02571024331797661447 -45.5745653495879921 0.01743824992635189045 -0.09104257029807467927 0.9956943094315128251 1.361795848754567828
0.08666494182247720668 0.9920706121712629111 0.09102246031427654871 55.00698335498968561 -0.9960783565248435556 0.08465554655340502832 0.02571665107674556139 -45.87516876898529716 0.01780717769963946484 -0.09289423479621836122 0.995516732940880833 1.35988640827424323
0.08074628567204408802 0.9921685602973094875 0.09529735182023937878 55.03705451100010748 -0.9965888366247338537 0.07872906335386427312 0.02474722895628948122 -46.15842051268111845 0.0170507513256639362 -0.09697052385273650932 0.9951411906780398553 1.361316689761211673
0.07554077130820176234 0.9923135026152818394 0.09801787772336877091 55.03428603520435303 -0.997035050195045458 0.07372234087075173192 0.02204824669670122153 -46.40201599391222942 0.01465266556306294918 -0.09939280124723132159 0.9949403853764238193 1.365737481124903674
0.07098273151790603086 0.992690460267095065 0.09760687412479912561 55.0474768069137923 -0.9974086040558448607 0.06948673239244787525 0.01864592772643611229 -46.60832849140420819 0.01172725188507648016 -0.09867747499876979023 0.9950503642990385922 1.369417075084517155
0.066249973245254834 0.9931810187702645454 0.09592916633899108148 55.05490214235439339 -0.9977704941244129877 0.06516422849733061184 0.01441056639588449671 -46.78364043147392692 0.008061150949801683049 -0.09666999138742141118 0.9952838442427933696 1.375307612903664323
0.06235053615413672923 0.9935953294085181353 0.0942376356534336268 55.06416994008797872 -0.9980408349743045138 0.06158044082435858851 0.01106079007499943812 -46.93055348819066097 0.005186754263167406287 -0.09474265481549022649 0.9954882856862934393 1.380319788632300426
0.05993464568385260122 0.9937893552937735464 0.09375796236059319444 55.05778697586013948 -0.9981959174156554981 0.05933332566320868862 0.009190591180418965916 -47.06792886036024726 0.003570540020729653322 -0.09413965013014230498 0.9955525990710274442 1.381754895014235762
0.05708698800484954955 0.993971826919716861 0.0936006572875075632 55.07188337695478708 -0.9983647014601267911 0.05655358782717338079 0.008343538121386906772 -47.17146920801580734 0.002999788888104894507 -0.0939238997805704745 0.9955748602271556891 1.381416956003564733
0.05568377264363809365 0.994087917309844693 0.09321228501042713721 55.07824793359557702 -0.9984460037412553612 0.05523357484147445318 0.007404719415673184819 -47.2442644462406065 0.002212494433228678805 -0.09347975623134283096 0.9956187222239831769 1.382254185169797589
0.05386374012062859762 0.9942357918418948115 0.09270322364783301072 55.07169654652234669 -0.9985482946699137941 0.05362854116757442835 0.005028203526561149037 -47.30554484603091225 2.768132045325381847e-05 -0.09283948378274820001 0.9956810882426538889 1.384542967491914744
0.05104823875488639223 0.9943946352709966963 0.09259258403359825473 55.08244059038875662 -0.9986902741363847813 0.05114714659390960649 0.001306058172944911562 -47.35745148493190015 -0.003437109176913853183 -0.092537985151860222 0.995703222643951058 1.384891071738448165
