1.000000000000000222 -3.288104128200433695e-19 2.199307547639937647e-18 0 -5.681318425110126656e-19 1.000000000000000222 -1.273613892030353574e-19 0 -2.923285529664562976e-19 -6.024150353257425012e-22 1 -1.11022302462515654e-16
0.9999999933189085422 0.0001122235599098671813 2.771400396429683644e-05 -9.545303669566962412e-05 -0.000112223058787796882 0.9999999935394907613 -1.808304361171865011e-05 0.0003151687020325755206 -2.771603312796560808e-05 1.807993333230174839e-05 0.9999999994524672031 0.0001395768591477830611
0.9999999868345383902 0.0001617734881148326896 -1.265981467901553109e-05 0.001085390585578882572 -0.000161773839591181556 0.9999999865291241408 -2.776627744218660362e-05 0.001978491392583991981 1.265532266189858477e-05 2.776832509310647292e-05 0.9999999995343821224 0.0006520115339774257279
0.9999999541832702565 0.0002994184559920578322 4.452044539065702774e-05 -0.001419126040163254387 -0.0002994169955787475833 0.9999999546365829772 -3.280663602126627029e-05 0.00149769734991717085 -4.453026628184062125e-05 3.279330431982921987e-05 0.9999999984708247691 0.0003212226339761592442
0.9999999397890863007 0.0003379778392287289841 7.869456938979784593e-05 -0.008207160976566374444 -0.0003379718082328355918 0.9999999399507487619 -7.663898189543653385e-05 -0.003971620651063545449 -7.872046693860874195e-05 7.66123807089274275e-05 0.9999999939668111626 -0.000304981460374942337
0.9999999944511520633 -0.0001036041631153823998 -1.907523152053059744e-05 -0.005335853223280118129 0.0001036031328828039804 0.9999999931750854776 -5.400209901920664807e-05 -0.01050208365425664425 1.908082623421222284e-05 5.400012246933703778e-05 0.9999999983599555664 -0.0005636825614937501783
0.9999999963633156019 -8.323367425136243239e-05 -1.858808897682886726e-05 -0.005233498486890697521 8.323395643126797294e-05 0.9999999964208385883 1.518015292902289676e-05 -0.01220050839766317896 1.858682540974972646e-05 -1.518170002781180744e-05 0.9999999997120239126 5.143595694823144271e-05
0.9999999981398338678 1.458306446454770085e-05 5.922562522951289372e-05 -0.001115190846368685484 -1.458133042662830245e-05 0.999999999465065792 -2.927887378702368986e-05 -0.006783396941687613868 -5.922605217228797941e-05 2.927801013975839722e-05 0.9999999978175330151 -0.0001031697876016091087
0.999999977091290293 0.0002065773603873907716 5.606454239721463004e-05 0.0008581246669735476118 -0.0002065724161790716469 0.9999999747760959234 -8.817953779240403117e-05 -0.006777068018019860585 -5.608275687590210431e-05 8.816795436583359192e-05 0.9999999945405649848 -0.0006811203591639003463
0.9999999627049392936 0.0002729556834351477401 9.237631584234298296e-06 -7.869357811940425051e-05 -0.0002729550991161005993 0.999999960750731498 -6.319835289677640374e-05 9.998168586727862461e-05 -9.254881568948013836e-06 6.319582906177084833e-05 0.9999999979603166889 -0.000396432157276249697
0.999999963710552553 0.0002664607117211665872 3.971907472299398401e-05 -0.003992352934216736315 -0.0002664602210702473879 0.9999999644231037932 -1.235816808747381971e-05 0.0008027150767316859614 -3.972236627537328906e-05 1.23475840684003395e-05 0.9999999991348331729 0.0003200502165991991887
0.999999999948930518 -8.214803949272745805e-06 5.886971836026873426e-06 0.002374018524248677764 8.2148711619767084e-06 0.9999999999010809049 -1.141730024338913379e-05 0.001238845427490642415 -5.886878044166236034e-06 1.14173486031627423e-05 0.999999999917494109 0.0003265646065320204627
0.999999999613903845 -2.778661554922749318e-05 3.080301902444606838e-07 0.002004478528182418451 2.77866259661720286e-05 0.9999999990403184436 -3.387135331739931905e-05 -0.001078641247949763127 -3.07089018589859944e-07 3.387136186313304692e-05 0.9999999994263183423 6.568115159966136929e-05
0.9999999995377870654 2.515679801234194831e-05 1.707528426587245644e-05 -0.001422746787825723835 -2.515669383722656568e-05 0.9999999996649572287 -6.101211966979253648e-06 0.001471617905963840123 -1.707543774680753362e-05 6.100782404130351818e-06 0.9999999998356039477 -0.0001270415268611602144
0.999999999150643748 -4.094279247871247628e-05 4.732686796193978572e-06 -0.005377068311502197773 4.094272350493746124e-05 0.9999999990556516227 1.457370943474704836e-05 0.0002893823294209951769 -4.733283480570328738e-06 -1.457351565029296002e-05 0.9999999998826039072 -0.0001692712525127593182
0.9999999969657727972 7.27510264703824539e-05 2.785230795735644087e-05 -0.003492171925938647448 -7.275057937064503984e-05 0.9999999972248190261 -1.605336180689823021e-05 -0.001125001432656258515 -2.785347577789704931e-05 1.605133548070048345e-05 0.9999999994832677874 0.0001875880473040103524
0.9999999777936244838 0.0002021895915057851331 5.943180539210226736e-05 -0.003419712438707867008 -0.0002021872323828956079 0.9999999787721829403 -3.969815795678090003e-05 -0.001406103681581505338 -5.943983068310055055e-05 3.968614070731034502e-05 0.9999999974459550245 8.457733531441746777e-05
0.9999999749236903046 0.0001706567374011975721 0.0001450135317970164053 -0.005921245961379328904 -0.0001706420831156496272 0.9999999803339640891 -0.0001010610708683911253 -0.008720290715942380366 -0.0001450307756936923423 0.0001010363229029316335 0.9999999843788595077 0.0005112993496297901785
0.9999999519690941918 -0.0002679880853553699986 0.0001557054787931045161 -0.0009836833480338924574 0.0002679909923281738565 0.999999963916528789 -1.864904322826309202e-05 -0.00756565312596463313 -0.0001557004754521811149 1.869077000746468311e-05 0.9999999877039995599 0.001958077412687830865
0.9999999281614957436 -0.0002759947039951178441 0.0002598152011826958198 0.003884829863910477243 0.0002760078661523130555 0.9999999606283841436 -5.062515258820338848e-05 -0.007905033916847437059 -0.0002598012186766841705 5.069685999508286158e-05 0.9999999649665622936 0.002020029741976681059
0.9999998820117328435 -0.0003096464688218145502 0.0003742934774340469844 0.009211047109610293049 0.000309673330602894942 0.9999999494800055899 -7.17107731206249226e-05 -0.01078018214615156234 -0.0003742712535331997191 7.182667336882809031e-05 0.9999999273809550004 0.002606960388052970146
0.9999997474207569237 -0.0004235520098897612644 0.0005707557750565323473 0.01340432453363804566 0.0004236145894887318624 0.9999999042772744762 -0.0001095269347347391632 -0.003167092411998084778 -0.0005707093300629473244 0.0001097686875432883716 0.9999998311208012636 0.00311502225160364965
0.9999996495646574779 -0.0002804456963212614905 0.0007888097651014529125 0.01369632373749651855 0.0002806022387981312472 0.9999999409597671862 -0.0001983503562639487585 0.001099779449327986658 -0.0007887540920161860295 0.0001985716285202719677 0.9999996692180458391 0.001935401902481426184
0.9999996188440382072 -0.0005777977067216304467 0.0006545698020041345721 0.02374563336720258988 0.000577926075569285512 0.9999998138045673723 -0.0001959395802495842841 -0.004262113110454379683 -0.0006544564666770536464 0.0001963177985235844112 0.999999766572963078 0.002134438587960918454
0.9999997346758890959 -0.000531408751397800241 0.0004982498495455307992 0.01228354367920148071 0.0005314895283684869902 0.9999998456369617594 -0.0001620029899925830134 -0.008729085054073382199 -0.0004981636828203066247 0.0001622677615918546412 0.9999998627510217064 0.001766073315184524262
0.9999998579928335296 -0.0003580001545708390667 0.0003947787021604106869 0.005259678054234995237 0.0003580690913799597277 0.9999999206568844778 -0.0001745645260125976736 0.0009474644464224635243 -0.0003947161767028603313 0.0001747058592721869208 0.999999906838474617 0.0001489825908045361302
0.9999997752836636833 -0.0004879491399440121619 0.0004597154334746598385 -0.0005418539499042474006 0.000488018012934646249 0.9999998697117354896 -0.0001497162753478404088 0.003688528755284192773 -0.0004596423196446592263 0.0001499405911209968415 0.9999998831233455343 -0.000531990599050957691
0.9999993054070794862 -0.001076824182891264513 0.0004792024855587378811 0.01006428779654966466 0.001076896063820316149 0.9999994089320184409 -0.0001497683266690699884 -0.005342527693081133844 -0.0004790409281551568656 0.0001502842739489292556 0.9999998739671779324 0.0009323472554940703816
0.9999993326040010899 -0.001080084562433504536 0.0004101327427479952792 0.01601631681400850216 0.001080141201745797109 0.9999994071386697492 -0.0001379034578315936925 -0.01128070422864418942 -0.0004099835521946104525 0.0001383463671095137067 0.9999999063868572069 0.001468128735664819828
0.9999996329511451343 -0.0007194001288263298429 0.0004653611886002455202 0.01191996927091076852 0.0007194831253290761468 0.9999997252933668923 -0.0001782056959723993055 -0.007858835444223721822 -0.0004652328595543342243 0.0001785404501004955117 0.9999998758408129573 -0.0003936150229125745525
0.9999998304920723058 -0.0003951484443805298834 0.0004276371788279902022 0.01332897556092726976 0.0003952231007641580788 0.9999999066727769392 -0.0001745083484225936504 -0.006276230472847421638 -0.0004275681822079808233 0.0001746773309327346473 0.9999998933366098797 3.746149310346336136e-05
0.999999869925036422 -0.0003398492579648233628 0.0003803319778086279319 0.007729208329573689085 0.0003399159711868501659 0.9999999268535432195 -0.0001753569579794992685 4.925502447455931687e-05 -0.0003802723550493892156 0.0001754862160807757563 0.9999999122987365263 -0.0004937143250223208213
0.9999999231749150397 -0.0002184804952096843303 0.0003254480914682647574 0.008323950929962853351 0.0002185405606735244856 0.9999999590928408955 -0.0001845382184920085441 0.001802287189964058012 -0.000325407760146358561 0.0001846093279148032149 0.9999999300145719916 0.0002465608761875737187
0.9999999473488294655 -0.00021772959434369072 0.000240616241190745627 0.004591673228003023688 0.0002177639964516420602 0.9999999660709265603 -0.0001429580418235377657 -0.00249375761781883698 -0.0002405851068247730955 0.0001430104318475379282 0.9999999608333969281 0.0008317573022044166819
0.9999998152302420618 -0.0005610772010719965045 0.0002339483842145819608 0.01253979238756186554 0.0005611069610014152902 0.999999834494542772 -0.0001271609282390119902 -0.007221207192244283313 -0.0002338769983923242126 0.0001272921748276970922 0.9999999645491121081 0.0002339676663108969379
0.9999997666393592999 -0.0006480701118095998211 0.0002161627618003838646 0.01852602012449300339 0.0006481009197925001724 0.9999997798319707476 -0.0001424824549921942121 -0.007645398043733653282 -0.00021607037558254145 0.0001426225170491132049 0.999999966486192382 -0.0001002270056046361546
0.9999999483434430791 -0.0001904740467346824416 0.0002589068674969627099 0.004365465124748446613 0.000190510946419067699 0.9999999716991181398 -0.0001425038756911159075 -0.009545209084078021267 -0.0002588797168740655883 0.0001425531929167089633 0.9999999563299241112 -0.0007780172396096851628
0.9999999148579405972 -0.0002961867551891767501 0.0002873282635751983399 0.004382578304813478098 0.0002962256464445744693 0.999999946969217568 -0.0001353216460249567158 -0.003085573429443599913 -0.0002872881678531719724 0.0001354067485040002605 0.9999999495652429626 -0.001270461877403872286
0.9999998648534283996 -0.0004501172834841680927 0.0002601683232627763766 0.003424777988001226348 0.0004501494764122056951 0.999999891032695376 -0.000123693474667100462 -0.0068470797163943109 -0.000260112618337213523 0.0001238105725951411376 0.9999999585061684071 -6.355609065655798418e-05
0.9999998695759533263 -0.0004494070993760094037 0.0002426547626500791548 0.007907526239032458548 0.0004494390576434245839 0.9999998903345590495 -0.0001316640905615943887 -0.007585506819227705311 -0.0002425955652571089869 0.0001317731319276700013 0.9999999618916022293 -0.000481824018115251107
0.9999998991609621024 -0.0003876576311490368071 0.0002267148595178118079 0.01535117096045524043 0.0003876774089970025611 0.9999999210512762193 -8.719915908580396803e-05 -0.006630138840814148171 -0.0002266810381958954824 8.728704253189638687e-05 0.9999999704983262294 -0.0002913644669092496642
0.9999999101942665947 -0.0003533570736688284144 0.000233987693802306738 0.01966834538152306688 0.0003533755775145711693 0.9999999344389032263 -7.904374421853417902e-05 -0.00482565774015686344 -0.0002339597477922564759 7.912642266449545863e-05 0.9999999695009089695 -0.0003648191137226586278
0.9999999832466491823 -0.000159368788944497903 9.004604636383243556e-05 0.01469776624592888936 0.0001593843722698248745 0.9999999723201677959 -0.0001730788715959043764 -0.001320993743776532892 -9.001846049526807494e-05 0.0001730932206253556086 0.9999999809677017071 -0.0006006503443583000035
0.9999999188468071676 0.0003256641914429515296 -0.000237169153741516363 0.001836070733956085554 -0.0003256724980949086837 0.9999999463566791036 -3.498631006247949625e-05 0.006916615126899672283 0.000237157747230879785 3.506354668121960011e-05 0.9999999712633884652 -0.0004259292588644214561
0.9999995060006687808 0.0009224750310609394852 -0.000370186782162729329 -0.00296923516928360165 -0.0009225021649246177569 0.9999995718204964801 -7.313357203878148886e-05 0.009359480514663287565 0.000370119159763601191 7.347503397421883454e-05 0.9999999288066321323 -0.0008774302835069525131
0.9999987197720648924 0.001588400421030117032 -0.0001934900907148581436 -0.01497223602741704074 -0.001588424775518680479 0.9999987305421537132 -0.0001257804046079071881 0.0006177039734711065044 0.0001932900554442320922 0.0001260875879429783071 0.9999999733704479921 -0.001251271089526051483
0.9999972941459366327 0.002326028967159707306 3.591941523025908443e-05 -0.03081527937634209735 -0.002326022884957503183 0.9999972806162719108 -0.000168456072459663989 -0.01404608488395975296 -3.631115124817527136e-05 0.00016837206711714178 0.9999999851661716121 0.0003451804409745351521
0.9999960867044521695 0.002762058669047894304 0.0004445311248045624264 -0.05555563198950197457 -0.002761957380608972504 0.9999961597260433876 -0.0002283077169464317417 -0.01917276991507299577 -0.0004451600169801708503 0.0002270790473052090787 0.9999998751337998426 -0.0001322612523453337019
0.9999926638840361814 0.003184169736132223035 0.002129141059346601611 -0.07669569582340174385 -0.003182609569873204487 0.9999946648160672469 -0.0007357550676051687966 -0.01879760383337808483 -0.002131472468970302403 0.0007289734450180438471 0.9999974627080753242 -0.0006821668513661283129
0.9999786850811769323 0.004005941547529064464 0.005155755665937442923 -0.09204687627455265808 -0.004000172608252280763 0.9999913622248000067 -0.001128758004161658102 -0.01238999048924160906 -0.005160232870200946731 0.001108110031728462997 0.9999860719471526105 0.004320707721996552841
0.9999612183703121548 0.003163498187186444561 0.008219126214141163345 -0.08171165007363179189 -0.003156404135901921901 0.9999946349035337967 -0.0008759434188035921873 -0.003244473760046162614 -0.008221853163084371849 0.0008499665638187481592 0.9999658387597388787 0.009713578322459448522
0.9999542856540735158 0.001831642465723905483 0.009384651784658443185 -0.06369257850708209823 -0.001823306706581459156 0.9999979357279619174 -0.0008967119654862145371 -0.01090417136116567098 -0.009386274867825217944 0.0008795598738878856928 0.9999555611213249984 0.008299487854680154264
0.9999540200059878758 -0.0002074069822928420502 0.009587223648592940392 -0.03153983877346666631 0.0002089582795362283126 0.9999999652387142612 -0.0001608074038588680943 -0.008463431028404022616 -0.009587189962699990339 0.0001628033393846205245 0.9999540285846137966 0.008092144647852794748
0.9999460503258397193 -0.004128973984879638105 0.009531422370370199251 0.05222673978396774608 0.004126140199936038575 0.9999914372167105769 0.0003169551690563745345 -0.01129167422045013192 -0.009532649454480261395 -0.0002776100844834348625 0.9999545247289656213 0.006349914234901721244
0.9999080506511091038 -0.008640712030500404331 0.01045123625841751745 0.1447117746021864271 0.008618309770241104617 0.9999604708780265305 0.002186645529510582164 -0.00735278587791621252 -0.01046971730458173995 -0.002096372477053238051 0.9999429934955309518 0.01059261637417785451
0.9998441116870491197 -0.01381170006749294667 0.01099951209486327644 0.2371885869468129959 0.0137842985550011999 0.9999017070131404061 0.00256308924376328056 -0.005249645656897339308 -0.01103383153987873462 -0.002411069128868648017 0.9999362186189399981 0.007641267821328012744
0.999717609080596481 -0.02079921618872278277 0.01149324584451486345 0.362686013282914943 0.02076245005244525127 0.9997789609704044178 0.003309058800916129129 -0.008237879246414669954 -0.01155953121803783741 -0.003069496408992364832 0.9999284751563448648 0.01187122074379576286
0.9995094703050159124 -0.02875205188036941348 0.01241524396672896713 0.5100559085067079002 0.02870526297731008578 0.9995801910239787702 0.003930596876224682831 -0.02061230784879947153 -0.01252304466123515918 -0.003572285957316050781 0.9999152024666991823 0.01590585729275273419
0.9991674747461677386 -0.03854398375046088482 0.01336857228524278469 0.6663753784502919331 0.03848562924130687762 0.9992485875600937151 0.004595280586707383395 -0.02107236881587537525 -0.01353564739404436272 -0.004076956981132165599 0.9999000773426565125 0.01685765304275954612
0.9985919189780787519 -0.0510986843167760274 0.01425144943274957859 0.8569955193616276556 0.05102777831599487196 0.9986831941585355699 0.005295616010972991131 -0.006526425595464901974 -0.01450328205174157732 -0.004560939549538281165 0.9998844196398375406 0.01727287970383906135
0.9976940887985054074 -0.06610697229359326077 0.01537443943428207921 1.060931512122243348 0.06601879823113303292 0.9977992773492871947 0.006174172489823560525 0.00400370248769388315 -0.01574876040691950557 -0.005144933377848298628 0.9998627436825427983 0.020951991765012834
0.9961315748892811683 -0.08649756745133815872 0.01549375130043671375 1.315813441222060565 0.08637497228389888482 0.9962271542350066289 0.008415541210655300836 0.01991109765107162977 -0.01616321960997698856 -0.00704471397576884005 0.9998445490850010886 0.017073688429545264
0.9939662794365599074 -0.1089357540693918908 0.01280768605797162965 1.546423779609927385 0.1087294434191276721 0.9939452884511149611 0.0158326153077241287 0.0361683026910319394 -0.01445487710087250792 -0.01434451314805836215 0.9997926242320828161 0.01832230137376511525
0.9911508249973491891 -0.1324394546390316452 0.008934928849419777538 1.79142290591664155 0.1321918704433384661 0.9909291946854386079 0.02417934074013356957 0.06124332654410075127 -0.01205618055078653064 -0.02278424855716268058 0.9996677080544268401 0.01953561794633340565
0.9872322322463056299 -0.1592011174563156273 0.005246313342331181476 2.085082458027571306 0.1589822968377440637 0.9868438493121673982 0.02939126365240370825 0.09647986874252723055 -0.009856414070655015666 -0.02818193186867769609 0.9995542155464219869 0.01071482420114611145
0.9822233124747149491 -0.1876959234596182469 0.002757668277870541258 2.382140196296944179 0.1875165816690932963 0.9817503108428226044 0.03168373042647831123 0.1422338866923926748 -0.00865424873016450158 -0.0306033901100755748 0.9994941402987901347 0.01513142494425445683
0.9758428123717077796 -0.2184549685846568223 0.002869185797252691173 2.680068074920470167 0.2182663602376773426 0.9754043081259790027 0.0307608792958173824 0.2044606137743726348 -0.009518483107393862358 -0.02939153620844994069 0.9995226541091905004 0.01338491558675625193
0.9678850827847663707 -0.2513663850691662538 0.003661551761962547613 2.984651600218950485 0.2511727400333710891 0.9675439246316759334 0.02776704147731463151 0.2729158296210896228 -0.01052241300141559636 -0.02595562323467881516 0.9996077152792823828 0.00554555309200177593
0.958029240077447497 -0.286657317626091479 0.002749070069955916219 3.298167411676201421 0.2865051411563765416 0.9577582694453949941 0.02477703418250667977 0.3624628151202508031 -0.009735462748825602503 -0.02294950050346652656 0.9996892223038852388 0.001491675110183332542
0.9463352929044746009 -0.323186411492766279 0.0002383371449652998335 3.615683380588873064 0.3230909908197889813 0.9460733005512006466 0.02361189660802046758 0.4558267740872847806 -0.007856528540565769006 -0.02226776648881852172 0.9997211718944156722 -0.001908755945718487723
0.9320525924592715228 -0.3622980719629761981 -0.004251107233406591426 3.944368698017591601 0.3622926320908350095 0.931758357677183402 0.02388329251089350153 0.5752057676753885573 -0.004691866131898599079 -0.0238006295082567737 0.9997057149114505492 0.0001569596923893801232
0.9149042354032854707 -0.4035655158016081545 -0.009225750028510230211 4.268965233206736265 0.4036684842103652193 0.9145796966230669289 0.0244076507211538965 0.6983221602667778471 -0.001412402486922085653 -0.02605480752626618962 0.9996595180979105377 0.00109261089286460944
0.895160958801701101 -0.4454848650754480444 -0.01516880971887001571 4.587895732391851666 0.4457143169243544811 0.894971152156668226 0.01911503421824243751 0.8400186273260983327 0.00506018867612226253 -0.02387198799376207686 0.9997022170027868304 -0.009092357513774018685
0.8732692830969459585 -0.4867823849896308896 -0.02106344751681546792 4.924252350617450702 0.4870680046507003258 0.8732901827074021073 0.01135850663260060817 1.011310978852539844 0.01286538098797555991 -0.02017836626779387701 0.9997136167464116818 -0.01591329685486519985
0.8481524933440011127 -0.5290997122660185958 -0.02628388229207113264 5.284928101811612322 0.5293750207411106468 0.848376673934938319 0.004371107669652650116 1.199885607815335931 0.01998588083429795811 -0.01762139657030193512 0.9996449624503678244 -0.02698046495583095172
0.8206020599816183925 -0.5706508544521495807 -0.03114259810881030502 5.596994359421072929 0.5709475512771300387 0.8209861667170599286 0.0007796134200291947661 1.411371601673680143 0.02512275518771039245 -0.0184205424745852199 0.9995146476112805045 -0.02394727190413004081
0.7908836955356490783 -0.6110510919944484032 -0.03345957343979221593 5.913016332667171859 0.6113689840501954631 0.7913451406912974662 -0.0009130696619681570158 1.641134787936030737 0.02703600307583223228 -0.01973401347512508328 0.999439654632953145 -0.01787110326317353781
0.7585908166061525737 -0.6506878359622507713 -0.03384247383029366507 6.21781665947208495 0.6508709573194909614 0.7591579333884570513 -0.006799201765310618206 1.882833054579485577 0.03011594038922238425 -0.01686927128136540138 0.9994040513347243193 -0.01122563618473371161
0.7232847504491655144 -0.68975048813819273 -0.03321797437193242664 6.545442397921110711 0.6897562617158951026 0.7239227329263094868 -0.01312159410859975624 2.167842187255685449 0.03309787274576433264 -0.01342165686286400476 0.9993619914477768207 -0.01078031636027476647
0.6863285769101462597 -0.7265919089656440732 -0.03189486291423994369 6.833329509193257323 0.7264561712757202638 0.6869820435614375498 -0.01780738884546607601 2.477909428234473133 0.0348499027756066504 -0.01094850010783885406 0.9993325845912537364 0.000897723498093805361
0.6479874341187288334 -0.7610082060081937438 -0.0312857083749662479 7.101382041104021603 0.7608836966343481834 0.6486316296355522093 -0.01824854220029170637 2.815140000115350816 0.03418019038854395314 -0.01197995935795708247 0.9993438823361154855 0.02191552413086805817
0.6082037324449842686 -0.7931029147741925911 -0.03280223088421407862 7.371542996486192934 0.7930483732541139252 0.608898361801783583 -0.01780625552968494868 3.152147435917714624 0.03409541783166330359 -0.01518392472033515926 0.9993032327160660255 0.04183962488283898828
0.5680953810079366617 -0.8222450492041462056 -0.03436156384222484317 7.663717656776485754 0.8222153683999390283 0.568863541475739587 -0.01887218084280777031 3.517551624549953626 0.03506459818680918161 -0.01753140705765945245 0.9992312663865560163 0.05419310031795321336
0.5288036282402240884 -0.8479805258209447416 -0.03599653483970120804 7.930220134715122882 0.8479294590777786134 0.5296785379769083368 -0.02136068581582984197 3.919272045595735943 0.03718003756147174321 -0.01922691410320303065 0.9991236012551834023 0.0664193182474390742
0.4898932600437352347 -0.8710193427398661425 -0.03646777026810023997 8.202058186048567734 0.8709501821928601339 0.4908245845799365514 -0.02317341956505092684 4.333870582298197327 0.03808377489847707131 -0.02040910904965726261 0.9990661111065204381 0.07617885609163499439
0.4515677273193833829 -0.8914957319894419863 -0.03635859485341130792 8.426589645233299564 0.8914821577560873012 0.4524866983352159311 -0.02270132808209734607 4.79182289459790578 0.03668991766662292597 -0.02216185141005676956 0.9990809287979390829 0.09649010579406447352
0.4133438856232351521 -0.9099145550348676226 -0.03467469805718812609 8.649982988946048224 0.9099468402301277292 0.4141733581840912337 -0.02138170690601832666 5.252388282093324534 0.03381686249541882711 -0.02271413406458682935 0.9991698994307195436 0.1150751447079239043
0.3760393932861543775 -0.9260496115491679836 -0.03203890726845003839 8.885188055903602944 0.926120827957957804 0.3767347982757069946 -0.01926405603690506049 5.728317069117351501 0.02990964291051817145 -0.02242785532647645352 0.9993009579549677612 0.1414922949058151636
0.3399378761327792042 -0.9399390938442733212 -0.03093121670107821727 9.080230490568423463 0.9400778216511151975 0.3405428614198285908 -0.01685968089040535897 6.244772634064733374 0.02638047825717851 -0.02334650664695068004 0.9993793128723456043 0.1635172198854331072
0.3048864694291169575 -0.951925980438487751 -0.02968448179204856777 9.269757987306128655 0.9520905151254795973 0.3054228180832301853 -0.01550977967603212916 6.787652811762059812 0.02383048034472289023 -0.02353359153668059187 0.9994389817685384036 0.1826890841882573557
0.274200227608391911 -0.9612668782159410341 -0.02793248931729078871 9.439577787020906996 0.9614102192364802901 0.2746882349088253794 -0.0153871379048398909 7.329200347734905918 0.02246387224538374736 -0.02263542390525121253 0.9994913766665687316 0.2002634087250568795
0.2458972294699044714 -0.9689616649852590413 -0.02545278499588081444 9.587485986829930695 0.9690432253545010477 0.2463479045567100456 -0.016368792765646345 7.893193712042663179 0.02213097298228786439 -0.02063980801812720714 0.9995420043011028488 0.2137368944135900062
0.2236603188007249277 -0.974395237006194237 -0.02302137768550054781 9.722312240288218277 0.9743961834410637124 0.2240926779380061906 -0.0182906930044618235 8.475375736681074912 0.02298128636321280019 -0.01834104026791933545 0.9995676398931309103 0.2258378617147956957
0.2026623739155469506 -0.9789886413487923766 -0.02256551011567693721 9.86448085783180062 0.9789498548707622483 0.2031159663910467872 -0.02002712922627889261 9.09171513394803732 0.02418974746955721705 -0.0180317572428914559 0.9995447523001514956 0.2403379256119371199
0.1854994817387906614 -0.9823982983760676246 -0.02198921465256800656 10.00072244166992164 0.982313443969782929 0.1859712799741490286 -0.02179405606082593372 9.708663503332482847 0.02549980602836910554 -0.01755751501283725827 0.9995206318840638149 0.2562089651270275104
0.173246519568343138 -0.9846414656806593557 -0.02160619029032111865 10.10073808456795064 0.9845116551605630484 0.1737390198516990947 -0.02348518451772325932 10.3539061026885495 0.02687832487471825127 -0.01720281962671124307 0.9994906796222792211 0.2756690088713316111
0.1630051951584254588 -0.9863858504641305203 -0.02173155068484027355 10.21458277641369072 0.9862166858343246467 0.1635319559374512344 -0.02517832453574897142 10.99918950141720053 0.02838934609570797213 -0.01732782013095723189 0.9994467427936929438 0.2912679087232278308
0.1553479750630670508 -0.9876212106210290331 -0.0217106175702974323 10.31596891729143373 0.9874158266178638677 0.1558994897162623294 -0.0265581344874124374 11.67322687433983397 0.02961405118156249308 -0.01731165492159733935 0.9994114841144183803 0.3052025460448137828
0.1455627596082788855 -0.9891085641420093166 -0.02181126536151657691 10.44304957147252289 0.9888733692951615639 0.1461409551930251682 -0.02778994008952925115 12.35166794980992222 0.03067478694062385561 -0.01752339903882423403 0.9993757991544944819 0.3281988465104404007
0.1361648901937381195 -0.9904260665979099931 -0.02270086392427037372 10.54413384108466367 0.9901428430772114542 0.1368132845935916553 -0.02998792285331367338 13.03023515397416432 0.03280660028130868294 -0.01839379566459704504 0.9992924473159381371 0.3497401758686582984
0.1267294642087947454 -0.9916363275055205539 -0.02443433678626166089 10.63307281384443392 0.9913085211139730513 0.1274876509404647973 -0.03247021526145969783 13.72083370909785316 0.03531372126248683713 -0.02010703322167837342 0.9991739830027271951 0.370359349180130637
0.1169273239464616032 -0.9928146967656995558 -0.02543577682598063827 10.72536256075011885 0.9924356011863086913 0.1177707743622784242 -0.03466442351958047563 14.45248467981856244 0.03741094030708949636 -0.0211901521279558025 0.9990752719401466697 0.3936457834653780408
0.1054927764172667037 -0.9940980233795740917 -0.02530600678153977975 10.81673737230624255 0.9936506971884477846 0.1063778678355137702 -0.03663388137669250366 15.15685729429098139 0.03910966815941673003 -0.02128072136433623723 0.9990082906357724557 0.4135509959033136784
0.09514889791282461762 -0.9951490938608211767 -0.02499936313546680458 10.90988149729424173 0.994655579380590571 0.09605303770843393041 -0.03786941254341817664 15.84611930602086716 0.04008697639741833768 -0.02126252309561405332 0.998969939207064006 0.4350614864996508735
0.08248261117114198682 -0.9962438805054742996 -0.02635809844684355516 10.99721473176260744 0.99579142383191388 0.08344771755904745181 -0.03789351802923060508 16.56976787481757185 0.03995070865254601866 -0.02312161200827409641 0.9989340978967101714 0.4587268712199866205
0.06691254897091857001 -0.9973482947356721029 -0.02861974358616409253 11.06279551160910479 0.9969933591791290128 0.06795708365916187932 -0.03723004947731624326 17.27819804365851653 0.03907624071962353951 -0.02604253672766716418 0.9988968083322260494 0.4859437438512108631
0.04819422651397376606 -0.9984053124057967743 -0.02939640516534751738 11.08514905278906326 0.9981313715053253821 0.04924609885358506578 -0.03617439722291579396 18.04680937397651164 0.03756436868748160018 -0.02759807705082745893 0.9989130414367035637 0.5099178860505759747
0.02857874955963645575 -0.9992256406284719672 -0.02704392966140174367 11.08522517674144403 0.9989385715203610294 0.02952737559208631554 -0.03535342229873533748 18.78511514962461249 0.03612458236697486252 -0.02600486780195989181 0.9990088895517310608 0.5346764528568407338
0.008189101755114351969 -0.9996444701135648314 -0.02537463167153198099 11.11871306445241281 0.9993857242334128754 0.009046411704970669376 -0.03385759414555451069 19.51805670200310061 0.03407510617863676594 -0.0250817813063005865 0.9991044947297371692 0.5586610450909763603
-0.01270766268722002199 -0.9996102417411162344 -0.02485718941013581595 11.1024701696215633 0.9993755674039149772 -0.01187716557343074762 -0.03327774421964935225 20.26066287723607928 0.03296954104560182591 -0.02526455005909912857 0.9991369835398820065 0.5903031028395886448
-0.03295700352528992128 -0.9991394466591493329 -0.02518336752273677218 11.10409545748229831 0.9989335787270167133 -0.03211410766622237872 -0.03317211819272129769 21.0139249683856093 0.0323348304966028996 -0.02624976499982406564 0.9991323278614067105 0.6090393572872515593
-0.05423144918052063418 -0.9981645681209807552 -0.02695264032884918393 11.0785357445409165 0.9980293905510634334 -0.05333135540168090077 -0.03306209568059701592 21.7500887528895035 0.03156399167397978822 -0.0286925325024954686 0.9990898122849811713 0.6344349567398362977
-0.07793650750395143822 -0.9965780214444064367 -0.02753448613781724411 11.06591646012916286 0.9964986138259802617 -0.07703222693109024188 -0.03250459504155113477 22.4960051116497759 0.03027232228925206409 -0.02997137182380543025 0.9990922396743466827 0.6520011978909520112
-0.1021198341087704159 -0.9943764935782443137 -0.02805224513886391685 10.9885294231873214 0.9943714500901008613 -0.1012378352613743093 -0.03124611971992679108 23.27727740169351378 0.02823045845379250698 -0.03108520017915901434 0.9991179868005390929 0.6666640597572305316
-0.1254031733120538339 -0.99165512687520041 -0.02990239829783012879 10.90373973114415307 0.9917736811722605017 -0.124524336164233751 -0.02964211658376822087 24.04043398757658068 0.02567118064608248443 -0.03337362705890380143 0.9991132025470988998 0.689495578287384947
-0.1509866943943008188 -0.9880213527650207883 -0.03188768660367832797 10.79355809816960132 0.9882786668739107494 -0.1501331748513964337 -0.02766417264089572614 24.82423618431986156 0.02254539371081844615 -0.03569084232663381762 0.9991085371464032416 0.7114537988153327719
-0.1775343349697109663 -0.9835947230067049185 -0.03198407014597658138 10.69193367487568302 0.9839477100313019919 -0.1768119250780389451 -0.02417534094042186887 25.58402576790549432 0.01812357282659811039 -0.03576260559456490712 0.9991959628376106961 0.7259789597453999432
-0.2056894029390708145 -0.9781748331487263304 -0.02942558883384853441 10.55636866818498376 0.9785393875384451601 -0.2052005465319445832 -0.01879900987867115861 26.34253116740339351 0.01235057150750143613 -0.03266085473429588409 0.9993901800361721932 0.7387301782631850999
-0.2323313380034912889 -0.9723076552872240708 -0.02529768405846971949 10.38497831377127945 0.9726147921314700628 -0.2320729411334945536 -0.01275210385415536003 27.06692075993952784 0.006528060323627815111 -0.02756761501459173078 0.9995986249647729194 0.7500169225398867212
-0.2583522246797602673 -0.9658036512501134707 -0.02185029071822355146 10.18290215847956937 0.9660503219542205811 -0.2582637521582928919 -0.006827137300682744811 27.81379786437559787 0.0009505361361529559693 -0.02287228643561188199 0.9997379431602579913 0.7559318295104068275
-0.2841854211133502672 -0.9585848392916940242 -0.01880830344311785335 9.973995595254118385 0.9587604027598511935 -0.28421278560566271 -0.001258024995421839088 28.53756670110807292 -0.004139636554164751771 -0.01839016889090755447 0.9998223167627579011 0.7658202215033851346
-0.3111179290028270317 -0.9502122929618980196 -0.01738483623965800945 9.74879322042459151 0.9502999514094703226 -0.3112666809097214271 0.006561686822872227556 29.25196491327226767 -0.0116463156825725514 -0.014479350563088942 0.9998273409628991581 0.7590930253998027233
-0.3365507580816335942 -0.9414893222322490152 -0.0182055852320351097 9.498827454930548697 0.9413924781325215818 -0.33685573255795076 0.01756182179184060527 30.00020312640055309 -0.02266692337077643241 -0.01122815650549470815 0.999680018347769983 0.7594381270299532805
-0.3612305106503485574 -0.9322542182309421221 -0.02036150152929529916 9.231487279523008738 0.9317678347456992416 -0.3617210788921834674 0.03108960025325626167 30.71266028927519898 -0.03634859520351142737 -0.007741679963265761868 0.9993091843938656238 0.7561907932527995868
-0.3866688806881069529 -0.9218602893114972163 -0.02570571296660783059 8.916028210545155375 0.9207748796064370023 -0.3874726222141632315 0.04515072695889754684 31.47707658086118343 -0.05158292214772492584 -0.006210793654271383642 0.9986494020320692 0.7389565537469338086
-0.4096629779857889897 -0.9115900689728594353 -0.03434808002809586203 8.590862963907031968 0.9098191999999876156 -0.411027014904717436 0.05732204073225207613 32.23797677455745969 -0.06637219178686244725 -0.007767824730760682431 0.9977646982374188678 0.7172873884105201991
-0.4349922394898757538 -0.8995473968911797957 -0.03995287619544515834 8.251106624444393134 0.8970212065850257099 -0.4367762541423081957 0.06767169849106355328 33.01214194149815029 -0.07832436774662010492 -0.006401913484461624858 0.9969073722828611928 0.6713848698014098781
-0.4586528538640434194 -0.8876269561165690547 -0.0419040142031109758 7.871297978059709877 0.8844901738762639409 -0.4605543439552591822 0.07461118281654977036 33.77148461640405941 -0.08552597278356190158 -0.002843056830527226474 0.9963318849648170605 0.6141226133499343431
-0.4825051452904157712 -0.8749407317115794891 -0.04083504317598315309 7.459149915415217436 0.8715800580055161895 -0.4842280546224973503 0.07662501956026984695 34.53939596777068743 -0.08681582411494642715 0.001380956943959719659 0.9962234215432097528 0.5480501447059982212
-0.5040051104370257828 -0.8629381503299435874 -0.0362849466187349437 7.05314078537105793 0.8597610185156339124 -0.5052712461979540493 0.07424256746180275812 35.25835012766111021 -0.08240048395205415432 0.0062222507983447084 0.9965798732816401051 0.4833612167919751901
-0.5233394037478249494 -0.8516700018892033874 -0.02782222781859313571 6.616334106477508747 0.8486767880039997047 -0.5238782184409884746 0.07279644058077108792 36.01160658146940818 -0.07657400374278762467 0.01448516691474831079 0.9969586761152434695 0.407198365706359644
-0.5404288139377033673 -0.8411053064111361222 -0.0218760277005473 6.168778495010159624 0.8381419955528117693 -0.5404430103930485396 0.07375193435787612273 36.73909355817729505 -0.07385588952438848498 0.02152245294448413421 0.9970366550901211822 0.3341872759064622445
-0.553736137809172968 -0.8324558313525473041 -0.01983881365944192496 5.66655177800008758 0.8293863254142618269 -0.5535020718690841779 0.075853672718839249 37.52104746366607912 -0.07412565655930726527 0.0255488790532238802 0.9969215825781909679 0.2676843425533906862
-0.5658809019328409073 -0.8242549249400800138 -0.01956076524189230212 5.17591793154867208 0.8209485748125076032 -0.565489387074603389 0.07915295718413714599 38.26940178934589909 -0.07630361984022157595 0.02873276449856687967 0.9966705502997001975 0.202570409139017471
-0.5756483970375134707 -0.8174696574737814192 -0.01929461312988164229 4.662282580385261888 0.8140715813692070979 -0.5751559714387560751 0.08051750701750592931 39.0225935373609687 -0.07691803075015131441 0.03064257766915807341 0.9965664297829740503 0.1395063792734996255
-0.5838401334322698144 -0.8115734883973368952 -0.02188998682624938158 4.127618892157311592 0.8081795791689595498 -0.5835433330001119634 0.07951695627647503706 39.76654844031901348 -0.07730760937319866577 0.02873415006472064895 0.9965931377167421834 0.07481728506965967807
-0.5899303827021349367 -0.8071264237948976294 -0.02300172985816538451 3.580180317594916062 0.8038246500474156564 -0.5897382765080390055 0.07794034389734456891 40.51793644251889503 -0.0764727114713975864 0.02749001949280710858 0.9966926423023521053 0.01162890725862297803
-0.5945990584835191273 -0.8037113639737888393 -0.02236074841683729705 3.014016629223669419 0.8005635758834759308 -0.5943890521624829448 0.07615520761455568666 41.28534974453393858 -0.07449778975139620396 0.02738061407733290153 0.9968452143067551008 -0.06306403189147813393
-0.5987309317713880308 -0.8006193093666511551 -0.02302157270243158221 2.427313801262750204 0.7977080279352228853 -0.5986445107332694082 0.07270936627893385962 42.04052002859051385 -0.07199426064998372399 0.02516885330341623456 0.9970874361100590111 -0.1274408042868300228
-0.6018131677484023223 -0.7982463812542293091 -0.02497250367560228945 1.861271904510072073 0.795564227142037339 -0.6019448698415525989 0.06884717983138367858 42.82255667330334603 -0.06998908254302517451 0.02156590884166696698 0.9973146142980895412 -0.1988997937634480184
-0.6031252592432841952 -0.7972324871667304524 -0.02569597379945585611 1.270845764461477678 0.7945957639245959658 -0.6033214864636720076 0.06797614237035011497 43.62168920534729466 -0.0696957220671247657 0.02058021660179870996 0.9973559850936538629 -0.2710238560535402907
-0.6045318294785305691 -0.7960762288191098879 -0.02835321952846953444 0.6981235921734296745 0.7935245202013495591 -0.6049457096633852338 0.06602669313206968593 44.40182314116677276 -0.06971443928727663608 0.01741626271445389715 0.9974149441129818161 -0.3379009220640247779
-0.6048884291406115832 -0.7958255075803575274 -0.02778038475982961761 0.1009245454282923227 0.7932669876988179825 -0.6052570131479322324 0.06626789772851859883 45.18214328243140443 -0.06955195595828621291 0.01804742246726489044 0.9974150670391245255 -0.4073091640412452863
