1.000000000000000222 -3.288104128200433695e-19 2.199307547639937647e-18 0 -5.681318425110126656e-19 1.000000000000000222 -1.273613892030353574e-19 0 -2.923285529664562976e-19 -6.024150353257425012e-22 1 -1.11022302462515654e-16
0.9999999875504798075 0.0001491804151539703966 5.142236695983203802e-05 0.0001000979944038027369 -0.0001491785747682750486 0.9999999882323464817 -3.579175935803093306e-05 9.864467302611590327e-05 -5.142770578269999796e-05 3.578408778485638492e-05 0.999999998037342186 0.0002692012521555708915
0.9999999606376629435 -0.000280446072896265526 -8.640233675202945026e-06 0.002245306145688963362 0.0002804453046957339647 0.9999999567339205031 -8.878404591086902845e-05 0.001817009490647225611 8.665132441024240068e-06 8.878161931448969523e-05 0.999999996021370352 0.001047271935768034901
0.9999999894719838744 -0.0001207078482997571889 8.053352761255643758e-05 -0.0002797846275289783691 0.0001207123585630944776 0.9999999911461415758 -5.60022431380757571e-05 0.001651821661517949291 -8.052676698713728896e-05 5.601196394168535259e-05 0.9999999951890452543 -0.0001066142235116585013
0.9999999974404835124 5.754747549235693084e-05 4.251270476471175449e-05 -0.001805622850131083368 -5.754518272891783143e-05 0.9999999968900167291 -5.393064818167960856e-05 -0.001031437019091585583 -4.251580820314451378e-05 5.392820163461432208e-05 0.9999999976420751446 7.672296215555096666e-05
0.9999999890068750341 0.0001437649264688734896 3.630302141449054338e-05 0.002991283685308432361 -0.0001437608775825935555 0.9999999834493107365 -0.0001115086496514104567 -0.0008734678823097974387 -3.631905184254491462e-05 0.000111503429455785935 0.9999999931239538231 0.0003402221344169786832
0.9999999991940390354 3.993268154918140693e-05 4.160103026414353225e-06 0.004331138191709271723 -3.993240560211573317e-05 0.9999999970040489572 -6.631216107260359013e-05 0.00042005089573232679 -4.162751034142323791e-06 6.631199489013809645e-05 0.9999999977926951056 0.001195522856209274565
0.9999999995082377025 2.069784705499819367e-05 2.356115085584128071e-05 0.001550296968554354393 -2.069611590230721146e-05 0.9999999970866959575 -7.347297271592000871e-05 -0.000551176656747809357 -2.356267151703041659e-05 7.347248504944795791e-05 0.9999999970232960056 -0.0001361487407101069635
0.9999999979118795457 6.154721838550846044e-05 1.970246545420519636e-05 0.004373404932992652761 -6.15461854270798423e-05 0.9999999967318674576 -5.242450020471553659e-05 0.001777339187172599644 -1.970569197012192738e-05 5.242328747658937728e-05 0.9999999984317412549 0.0009670619250260470423
0.9999999994979696938 -1.56746967520932559e-05 2.753846075089209e-05 0.003812145810117240075 1.567612694061602888e-05 0.9999999985285156212 -5.193485116294709828e-05 0.005486233283178210129 -2.753764664551394412e-05 5.193528283038948307e-05 0.999999998272200763 0.0009641048482406100462
0.9999999992860401088 9.760092204924237502e-06 3.650569145877708018e-05 0.0004749587888730477658 -9.757163227381084419e-06 0.9999999967337390716 -8.023290495596175677e-05 0.004126249346380006511 -3.650647441729106853e-05 8.02325487004815083e-05 0.9999999961150056738 -0.0002734485866228153483
0.9999999905728567118 -0.0001315511282751541855 3.935204106821633794e-05 0.0002119003007883257794 0.0001315544342867245101 0.9999999878170104939 -8.402034690622429915e-05 0.001658239527344729236 -3.934098761453308876e-05 8.402552305119779521e-05 0.9999999956959968461 -0.0003869860751044562619
0.9999999983297146455 -5.77839411333476037e-05 1.258308295163861282e-06 0.0001888557658467071576 5.778400872079794958e-05 0.9999999968843930054 -5.377942213960612279e-05 0.004832504722254882257 -1.255200702563623209e-06 5.377949476013988187e-05 0.9999999985530951818 0.0009726648345566024645
0.9999999817120585055 0.0001877537642322638469 3.639262414718843428e-05 -0.002033950329136335888 -0.0001877517266627217471 0.9999999808075223928 -5.598421221585879573e-05 0.001757488618737479413 -3.640313469315747616e-05 5.59773783989999353e-05 0.9999999977706703902 0.0002987589205625251765
0.999999997425592424 6.857235426360066654e-05 2.113420244940695096e-05 0.0004437058281355765743 -6.857122884914965035e-05 0.9999999962313540491 -5.324729274012624815e-05 -0.006167239265347956856 -2.113785366008736607e-05 5.324584339725572344e-05 0.9999999983590345254 0.0002484942236699039242
0.9999999988225565239 -3.68283238184795452e-05 3.160004677017254219e-05 0.006251564439318624267 3.682940413336139484e-05 0.9999999987374154076 -3.41872300007330416e-05 -0.006106428501831906441 -3.159878767066141343e-05 3.418839377054100034e-05 0.9999999989163332881 -5.049251758471040574e-05
0.9999999988671077755 2.933035161623066426e-05 3.749027909548823835e-05 0.002701193641287846781 -2.932948589839170914e-05 0.9999999993032647749 -2.309221038680045793e-05 -0.003638225581493736982 -3.749095637106356229e-05 2.309111078584913902e-05 0.9999999990306122077 -0.0001818498040102589641
0.9999999988760399638 -3.952451858338123695e-05 2.6186511046710927e-05 -0.002754296489171470519 3.952497994561676172e-05 0.999999999063692635 -1.76179939325714848e-05 -0.0008472521333982574454 -2.618581467879369545e-05 1.761902893451312952e-05 0.9999999995019349663 0.0008953702465680501987
0.9999999971068703752 -7.008941678528071218e-05 2.95589523752397035e-05 -0.003802642987923876561 7.009079625636320077e-05 0.9999999964545988052 -4.666998516940772552e-05 -0.002172348636315990511 -2.955568119679377381e-05 4.667205684533085443e-05 0.9999999984740888248 0.0004510192535746027076
0.9999999991820539558 3.097482496772483481e-05 2.600879705941122892e-05 0.00378124033888704858 -3.097395408551513116e-05 0.9999999989597169181 -3.348400869942576898e-05 0.001131617798697637234 -2.600983419242184266e-05 3.348320307227578292e-05 0.9999999991011804257 0.0006145990914654397841
0.9999999996157736826 1.640904300313096164e-05 2.234277562758046022e-05 0.003237852139586938627 -1.640769568063040601e-05 0.9999999980472629169 -6.030141646920207193e-05 0.001954561524041720233 -2.23437650704033918e-05 6.030104984755376227e-05 0.9999999979322685695 -0.0002164750324642472634
0.9999999959549873418 -8.632688270298072297e-05 2.525256524163834761e-05 0.003033052469691210895 8.63281320029192739e-05 0.9999999950498305035 -4.947523043600621055e-05 0.001311225019154815818 -2.524829407255492161e-05 4.94774102440108618e-05 0.9999999984572534029 0.0008713317587546454135
0.9999999991021003565 5.504588492830232858e-06 4.20179037255609259e-05 0.001231439536914069599 -5.503650235327775841e-06 0.9999999997355389914 -2.233006471122945898e-05 0.0007278242731022510625 -4.201802663133441583e-05 2.23298334364081096e-05 0.9999999988679296736 0.0009882430649845730386
0.9999999943342687825 -6.585534342816307661e-05 8.36333780270186953e-05 -0.001133084501786396636 6.585699337228990372e-05 0.9999999976368794119 -1.972566899720211642e-05 0.006899014742115017196 -8.363207878768948178e-05 1.973117672819387858e-05 0.9999999963081733778 0.001216469356672744695
0.9999992160000882313 0.0007364507248583632582 0.001012738713755604106 -0.02293995836052131754 -0.0007365947741619226392 0.9999997186502133095 0.000141871721649255094 -0.01041516318462354374 -0.001012633947288816378 -0.0001426175885330584897 0.9999994771161616613 0.0002800690157086505039
0.9999914041082487159 0.0001358681081671512148 0.004144062011130354023 0.04059317746449553344 -0.0001382563904230822227 0.9999998245353883819 0.0005760332932940752165 -0.01577618817949388852 -0.004143983019439480796 -0.0005766012849404337061 0.9999912474293060072 0.002422894710754408543
0.9999835365303131329 0.001094902202098382545 0.005632748725949458454 0.06852770221166537556 -0.001098697356861346505 0.9999991715018461402 0.0006707157884412973895 -0.01287256485295873443 -0.005632009691028413631 -0.0006768934324777813689 0.9999839110113112328 0.003344476121892370202
0.9999847721319436999 0.001667285991794914546 0.005260766327733838385 0.1045691270867009637 -0.001669027979220456467 0.9999985537872145835 0.0003267552230501616448 -0.006464280939140198967 -0.005260213925124917339 -0.0003355306137058140402 0.9999861086875501126 0.003080561782514590341
0.999986048053253751 0.002310845224406829664 0.004750125669556116287 0.1523412107148300887 -0.002311620715991481289 0.9999973157549566505 0.0001577732456647491723 -0.01101609279693627208 -0.004749748329484677206 -0.0001687515335993894708 0.9999887056428111709 0.001804143200712982065
0.9999898237187038186 0.002410460825479987003 0.00381341556041527854 0.2164420292635688137 -0.002410728496731011795 0.9999970920382714734 6.559694493217296785e-05 -0.009559453037714327195 -0.003813246352265136935 -7.478938721818938901e-05 0.9999927267527347619 -0.0002499380973070008949
0.9999899815087430754 0.002453183490396562173 0.003744165259829329746 0.3068417876142052192 -0.002451963028376282373 0.9999969393124017447 -0.0003305192527890171879 -0.007436280830754593563 -0.003744964624453108945 0.0003213353864157025082 0.9999929359666018813 -0.006140261213037900845
0.9999909771814524673 0.002228153808366342692 0.003616750868888537682 0.4138454292380318034 -0.00222448043761675103 0.9999970062913214885 -0.001019360108794013699 -0.001732104902432918259 -0.003619011332446666219 0.001011305519435885467 0.9999929399839333488 -0.006082662801581539824
0.9999930884385395125 0.00174148074359613248 0.003284862319676273238 0.530811176995196643 -0.001735343576370941294 0.9999967453799853967 -0.001870243832593427311 0.001231699457116541829 -0.003288108622240243362 0.001864530541252369623 0.9999928559080693002 -0.003565433469996936999
0.9999922601804498434 0.002409433252918262609 0.003110339387726567158 0.6527214470552598069 -0.002401345401614076672 0.9999937330251165157 -0.002601432412182238304 0.002539933510650849158 -0.003116587872965716731 0.002593943277995442668 0.99999177913518289 -0.006106870868674341146
0.9999939508075075256 0.00225092870604663188 0.002651729398227141606 0.7731861861702147287 -0.002244574987763269663 0.999994609056688688 -0.002396610217720506093 0.00639548857410604521 -0.00265710970154830594 0.002390643714334537723 0.9999936122747810074 -0.003023557765972406663
0.999995839954404997 0.00213627107246927659 0.001938148639575925205 0.9193596443852133371 -0.002133236508925991353 0.999996497807631668 -0.001566420865396661024 0.007578533021740052611 -0.001941488151326764599 0.001562279819304838134 0.9999968949478319491 -0.001669745289183177661
0.9999971267816789577 0.002228437160277452114 0.0008834571043443304123 1.053885579634760816 -0.002227573314501192069 0.9999970411199359255 -0.0009775829149443564497 0.007405241130467254962 -0.0008856329723577717949 0.000975612140454930072 0.9999991319171683823 -0.007282694720167959268
0.9999963897748165298 0.002686924698190496126 2.954958354913883494e-05 1.203841556599495322 -0.002686907774954702937 0.9999962342565300588 -0.0005585688789482484489 9.943847806770378384e-05 -3.10503047688006259e-05 0.0005584874651978096165 0.9999998435638012273 -0.01130920700357462838
0.9999965915729701615 0.00255651027150639084 -0.0005301865520107129463 1.372085796668299107 -0.002556849284640255737 0.9999965266255769203 -0.0006397330306852138868 -0.0009007376879533457448 0.0005285492264309369454 0.0006410864571439675585 0.9999996548219060033 -0.01223444982533294922
0.9999954523506082715 0.002890871122329110535 -0.000859152109228666222 1.554852207980385037 -0.002891897205642252836 0.999995103885577663 -0.001195464443393916016 -0.005975840065582105343 0.0008556919691219579257 0.001197943586221194559 0.9999989163606716192 -0.01299828477632503088
0.9999944967027921683 0.003153543511311005226 -0.001030401639707966086 1.728567178956853967 -0.003155676168515654609 0.9999928686280930012 -0.002074704959676458224 -0.01300743368862022908 0.001023851619232765209 0.002077945155594994667 0.9999973169323567168 -0.01473244667990936119
0.9999933937190338407 0.003303247001521389392 -0.001516930314343149918 1.920926766231353833 -0.00330800175940833361 0.999989590157187469 -0.003142721973367118473 -0.008372799518115148221 0.001506533336500063495 0.003147719219497374047 0.9999939110920614826 -0.01572905089556064784
0.9999907265020336888 0.00379370778349795738 -0.002038305963996101932 2.127369091531735812 -0.003801425684597553763 0.9999855697006617694 -0.003795991696084111654 -0.006831567185127507269 0.002023875667504863949 0.003803704962245755064 0.9999907178349602965 -0.01809142639774119488
0.9999872775021294569 0.004377815247112803489 -0.002505906530648360341 2.359298792906667774 -0.004387936898977236669 0.9999821798074176593 -0.004047971972191565133 -0.01100832780813498779 0.002488140601615811218 0.004058916231213961258 0.999988667113614893 -0.01996369128673003424
0.9999814324340040583 0.005368090210313590169 -0.002884162747034846753 2.587308441177042173 -0.005381364870840983985 0.9999748722790445798 -0.004614728841749713567 -0.007285976596076382261 0.002859317994021466375 0.004630163889085949468 0.9999851928320249161 -0.02220879964893396341
0.9999766813734843884 0.006125558476900545661 -0.003018980402808057843 2.816797984310846825 -0.006143082411552871006 0.9999641367310250217 -0.005829904789869966644 -0.0110348326051375456 0.002983160709778322379 0.005848314689333890606 0.9999784487516831799 -0.02286961360885386707
0.9999683861651531558 0.007249291508943357665 -0.003267176606060506576 3.070344126599373169 -0.007274579632233000095 0.9999431513759373669 -0.00779580060415422868 -0.01655769605851636905 0.003210476840686124315 0.00781932148465161285 0.9999642748870339881 -0.02229336113253865825
0.9999525516000503655 0.009031348048388843086 -0.00365093154502534609 3.350551616208218064 -0.009065344645367118606 0.9999146790806897611 -0.009405003181001195256 -0.01413946545979766212 0.003565680187363663104 0.009437653880457913882 0.9999491070121782066 -0.02407486309784667711
0.9999343352580695177 0.0105890401956861592 -0.004381483758065814367 3.641829416236460393 -0.01062827080883006238 0.9999027494893261148 -0.009029475212560094874 -0.01135965686167972333 0.004285444180846077929 0.009075449889357406486 0.9999496343206387694 -0.02597642676187017496
0.9999122902787477285 0.0124320297259764255 -0.004566879315679884394 3.941029118378462481 -0.01246722948853738223 0.9998921558802925658 -0.007761752195102904553 -0.0209854620807841119 0.004469892470831468914 0.007818007745459050473 0.9999594485861473814 -0.02274195901008724263
0.9998784206876000225 0.01537348923244844998 -0.002607618220537128405 4.252101694812615129 -0.01539808312196555562 0.9998344937629640716 -0.009689381659403350014 -0.02359107147825051376 0.002458227039169743732 0.009728355951816938796 0.999949656838078349 -0.0277369628386772149
0.9998457084281499041 0.01756342060030200922 0.0002925675843258477779 4.594624704103093649 -0.0175578994984389343 0.9997554114110986934 -0.01344758410697089769 -0.03243461218678189706 -0.0005286816009036378588 0.01344037238407393836 0.9999095343509294409 -0.02946364631470876905
0.9997863359351606416 0.02064397178322972468 0.001053046914414049445 4.921179985021637115 -0.02062712034663604158 0.9996881652657115813 -0.01407459173759143152 -0.03548873955311826478 -0.001343274012013353407 0.0140498631756741342 0.9999003935190396986 -0.0315534770980744339
0.9997045123471969275 0.02430702543949339947 -0.0002377150917001577177 5.261647748775186706 -0.02430816527503145558 0.9996424684266072003 -0.01113770251833729255 -0.04386752481441230644 -3.309431700544072209e-05 0.01114018988049425563 0.9999379456117262199 -0.02673477529406276254
0.9995945145402808096 0.02846075202718639438 -0.0008899981689298179684 5.620844715676772907 -0.02846717652609655549 0.9995601463752658011 -0.008314663979522204582 -0.05627503890372231865 0.0006529651106109649744 0.008336628237094715829 0.9999650365219200365 -0.02572714585853996816
0.999436678161338854 0.03355370420869128317 0.0006894069283127729443 5.999074547408214997 -0.03354782561227762083 0.9994107441678932169 -0.007260016277947289529 -0.06928520384452141467 -0.0009326011297028290138 0.00723279844647723661 0.9999734080872687558 -0.02399842966096132901
0.9993170133912659958 0.03680678111001300934 0.003281404239666788503 6.390302124714250631 -0.0367797504798560923 0.9992917818644001526 -0.007948877317452364769 -0.07988926538384466536 -0.00357165287683011267 0.007822759108882663612 0.999963023183983335 -0.02356285684751280307
0.9992352181782131471 0.0387924933766976357 0.004911335151397514497 6.781993490994291385 -0.03873977826932199081 0.9991951229307280968 -0.01040845275141441713 -0.1068937492288033753 -0.005311151964347229741 0.01021022851823423332 0.9999337692556533597 -0.02393840944224068235
0.9992053683114473506 0.03962704965048303996 0.004281223723862193076 7.194717360847795895 -0.03955772172396038178 0.9991013925328384726 -0.01521821568096152696 -0.1173809999738212595 -0.004880429572053866447 0.01503676734457834972 0.9998750307085716438 -0.03098869282770666533
0.9992445834154900508 0.03855122734313839311 0.00490564859500311045 7.601760227448482787 -0.03845766086079984575 0.9990995521808965218 -0.01791907226072698631 -0.1331536850239348757 -0.005592033542258222426 0.01771687612302911413 0.9998274058359621907 -0.03714814944467803581
0.9992549779883506123 0.03765716390769670296 0.008451448117099458895 8.049677395599001528 -0.03752076633684611057 0.999171633831323236 -0.0157555779971072854 -0.1487528105561829739 -0.009037757605891890908 0.01542673493138516788 0.9998401546176194366 -0.03420950101127628873
0.9992249729304258921 0.03784515050208006604 0.01082580524916540443 8.496414667736527093 -0.03771810984996991356 0.9992198301689416695 -0.01170791117794871099 -0.1712987973476262638 -0.01126044694261962333 0.01129050831510359024 0.9998728552947905301 -0.02908837391128882288
0.9992254826571951298 0.03806704957863594335 0.009966671882674884436 8.95745236639673692 -0.03796782689361404006 0.9992293011393889035 -0.00996232217392429252 -0.1924072924474573287 -0.01033822679169451621 0.009576193306840221839 0.9999007038638276779 -0.03225947028694498009
0.9992315000116264168 0.03835832877037213817 0.008065234144388614898 9.432263247880333878 -0.03826749954127982301 0.9992055481068079503 -0.01112973984649292744 -0.2072393353685565709 -0.008485744923552879931 0.01081255029456578906 0.9999055359824030598 -0.04312426852429840363
0.9992614653078453202 0.03802667076954557857 0.005522342260048024309 9.931702819546169181 -0.03793668250169112549 0.9991587451545335119 -0.01557594618767589416 -0.2116432851156708761 -0.006109997939872604047 0.01535494346284813419 0.9998634374932087177 -0.05494255496649658177
0.9992817629092630716 0.03773865040862885156 0.00342820435052275602 10.41311447700836723 -0.03766548910290019869 0.999102910054458393 -0.01935680885486034883 -0.2261165809348469335 -0.004155628784563100003 0.0192137810798210934 0.9998067620123161081 -0.06394270924637590614
0.999291865097542864 0.0375105483589657368 0.002954168985336633104 10.92330928084455977 -0.03744725631767010371 0.9991148675749091934 -0.01916205580708460823 -0.2376600046483024475 -0.00367033337489006779 0.01903786096004951231 0.9998120265842823651 -0.06967202749695811104
0.9993151639305656309 0.03688113329733503504 0.002997523612489305135 11.44957002603008256 -0.03682702409917901903 0.9991862140118561442 -0.01645235613457389154 -0.2611545038673109276 -0.003601865808819170161 0.01633069909022367636 0.9998601576368149058 -0.07258236818886099062
0.9993456508588370868 0.03610758997008440413 0.002124160683405824923 11.99392912986441573 -0.03607283988786580409 0.9992425612805713175 -0.01459636754923529511 -0.2879786932222901386 -0.002649591415833173202 0.01451019191748600425 0.9998912110802621322 -0.07391312166716990095
0.999360325728543275 0.03576226010292252178 -1.069279045141024401e-05 12.54103420727389206 -0.03575825854214934041 0.9992439408884542518 -0.01526084996093359826 -0.2912195007817734438 -0.0005350777790669521312 0.01525147034051520419 0.9998835463913645638 -0.07701086712198645934
0.9993429724696478722 0.03616553265707225101 -0.0023827767788936801 13.09501172467498975 -0.03619836601494687972 0.9992229902320214352 -0.01559147483038905713 -0.3170677113298386307 0.001817051346472433075 0.01566748342528829357 0.9998756064069882488 -0.08112154254647430118
0.9993605516397304767 0.03558429932565267823 -0.003499352753362290364 13.67425572258030719 -0.03562799130968207634 0.999276134378250247 -0.013336172430052598 -0.3325585177696745443 0.003022261341079769941 0.0134523195432690694 0.9999049460001936396 -0.08477352496138890192
0.9993724993844893545 0.03528464351447081759 -0.003098613873826972214 14.26337788460279654 -0.03531797352101977844 0.9993104613450624063 -0.01145611585503140614 -0.3713208351281260811 0.002692252296202772826 0.01155836389546312758 0.9999295755211731196 -0.08720149825344969408
0.9993274462867086649 0.03662738515690124735 -0.001757770398065481698 14.8559024544867242 -0.03664546246247257083 0.9992600507442307434 -0.01168165507397083726 -0.406537999826603047 0.001328601257942956491 0.01173821283991686136 0.9999302221546189084 -0.08581022549130457033
0.99929844522318656 0.03745152091479649753 -3.095249441862658879e-05 15.4794438133857355 -0.03744903739734335019 0.9992219540927279597 -0.01237158255016473571 -0.4124990295414792674 -0.0004324061701992491509 0.01236406234561523293 0.9999234685650593146 -0.08709987045794020943
0.999254444218874549 0.03857884344199560833 0.001492832916020259354 16.09117915987938119 -0.0385582629452962955 0.9991846349789605952 -0.01197186611214876018 -0.4335297654790841171 -0.001953476460261238841 0.01190537937112463168 0.999927220287324281 -0.08416860783226154386
0.9992257446344200433 0.03930915221349495781 0.001643719780148089442 16.73558590640573485 -0.03929318505642149378 0.999188776153732805 -0.008822426767925689584 -0.460255764628970554 -0.001989188471811131637 0.008751008968369443017 0.9999597306747110004 -0.08547259556445785389
0.9991919588511621875 0.04018897223926364698 0.0005252429210070448098 17.37857340586635502 -0.0401858428327291628 0.9991796539672935795 -0.005011699422608513824 -0.4887833880634100403 -0.0007262270887843345641 0.004986542431185681835 0.9999873034137588546 -0.08571567824083159426
0.9991436792757304453 0.04137199503562125763 -0.0005159386390319055903 18.03917082483274115 -0.04137376669011930824 0.9991353228332033876 -0.004100986986939174524 -0.5206205623078485889 0.0003458265056200461899 0.004118821549094653367 0.99999145782007548 -0.08560857062618676405
0.9990990829478194613 0.04242611478729232943 0.00102334728787119647 18.71356166195510795 -0.04242002206098605122 0.9990853791701694853 -0.005380228070505811179 -0.5481301735885586446 -0.001250673486562985538 0.005331970514010001341 0.9999850028406083169 -0.09191013643590995041
0.9990387921717858166 0.04341458162172753127 0.006055232610983805885 19.40704407012815125 -0.04334056228309904335 0.9989899344154150596 -0.01186198107353323913 -0.5828367555334028616 -0.006564099373936380447 0.01158814205501993745 0.9999113098482180773 -0.09964359774629227839
0.9989506355770889634 0.04398135815151445194 0.01277762965116932894 20.1206064389573136 -0.04377346724686282525 0.998911454740467053 -0.01611797601396565069 -0.6395146560683920844 -0.01347261109807963535 0.01554174122652954813 0.9997884491372704963 -0.09567082795730197375
0.9988273111635103119 0.04578772766845297382 0.01573170281635287091 20.83913898897073125 -0.04553486007285399706 0.9988334411648834843 -0.01607275104251914416 -0.6554032999166161666 -0.01644928560639270787 0.01533756181635117719 0.9997470581095437847 -0.09847283519693550424
0.9987574627029718322 0.04820256285363452159 0.01265083530552765616 21.53977683244117713 -0.048003976287582871 0.9987259716591578851 -0.01555801372659344588 -0.6774504937731335996 -0.01338465391669970556 0.01493139191223242547 0.9997989320726268225 -0.1042073151189001345
0.9987327147594460275 0.05004573359875277155 0.005328134901637548472 22.26642442163888091 -0.04993095274379499848 0.9985554020837779099 -0.01984965804189598587 -0.6899935447869613991 -0.006313828586685252091 0.01955846400709827793 0.9997887787195566256 -0.1195925101272442559
0.9986653206590326848 0.05164155941810139039 0.0008524418945188070142 22.99945100075910531 -0.05160453585268847537 0.9983590763862262296 -0.02482189504422629631 -0.7200625649431002806 -0.002132884469364871877 0.02474477590101130733 0.9996915258564550433 -0.1394741953792056899
0.9986146729207535655 0.05260794363447891114 0.001067378721618762695 23.76307528401737201 -0.052563960231709006 0.9982948359450961595 -0.02538603172965726851 -0.7609749744449072484 -0.002401065591188431946 0.02529475811531008839 0.9996771529327063144 -0.1525893772526609737
0.9985180788974468147 0.05437204803806124781 0.002307923471982802587 24.51523887334433738 -0.05431340410813738362 0.9983127591139370205 -0.02053507051939255576 -0.8024015331999330147 -0.003420563289088575289 0.02037928798052035528 0.9997864693862420493 -0.1524051051609147667
0.9983972505422981092 0.05658215305268633755 0.001179011941470584426 25.28021360290837904 -0.05655644198648794585 0.9982736964661080847 -0.01584284729124238109 -0.8553903916929244122 -0.002073399018560823526 0.01575077445170142837 0.9998737990968931122 -0.1510742001117523214
0.9982899457552560918 0.0584338292233063869 -0.001634567133586296069 26.07322562691874879 -0.05845089582887075252 0.9981943195032291216 -0.0138417226072944221 -0.8818538091164425108 0.000822790773189298612 0.01391359441996960385 0.999902862735058906 -0.1564268360421728898
0.9981482649158535114 0.06075181785013045177 -0.003042675927012343951 26.8653200177971776 -0.06078508097431305213 0.9980738895786768206 -0.01239697013562967784 -0.938695955815633587 0.002283676926174876484 0.01255896352960917013 0.9999185253084533764 -0.1601913440249296272
0.9980959823230711736 0.06165645729024516603 -0.001700396596956195265 27.6710261066878509 -0.06167348361890968161 0.9980104798694849899 -0.01309440663980946176 -1.008675425132777637 0.0008896589005457179516 0.01317434403554991994 0.9999128187829111614 -0.1620837539820719764
0.9979930103484377923 0.06331177937773357911 0.00125295321070192445 28.48262495805525063 -0.06328685234043836261 0.9978887653357872978 -0.01458719759366640216 -1.060913512299733075 -0.002173849367599945109 0.01447862576973228503 0.9998928161430644668 -0.1661020035613304247
0.9978463639595834822 0.06549193511712934901 0.003666111252285125192 29.31368412643640653 -0.06541824031002273221 0.997704153552188111 -0.01751787131854056281 -1.107627662878446273 -0.004804973714823351262 0.01724031364776565378 0.9998398290788299558 -0.168002513354609917
0.997713838067001757 0.06742207485511188259 0.004621813121152533108 30.14448176399443469 -0.0673079911295439981 0.9975003029142835986 -0.02151232232991634116 -1.155043559824993515 -0.006060665393909901028 0.02115205671573937296 0.9997579001093145346 -0.173832827541753665
0.9975679327853111955 0.06953440887420465899 0.004815128843820914301 30.98809670912831038 -0.06940368239310305831 0.9973138506324614738 -0.0234139318107684305 -1.196378570883129377 -0.006430268595447082534 0.02302279987643476508 0.9997142603418758267 -0.1851437518405326665
0.9974241427325228893 0.07159529030465489052 0.004381084954661141305 31.81916034350424738 -0.07146221497216416474 0.9971212145674921423 -0.02534630715777634255 -1.253299055936957451 -0.006183148969199413723 0.02496793664777022248 0.9996691306665757004 -0.1952841873244047788
0.9973095356920007593 0.07326165387166332088 0.002533790554834272884 32.67593479392986211 -0.07316572169176868701 0.9969468385597610727 -0.02727229823028066297 -1.319848272207765572 -0.004524068155354355261 0.02701353646491150284 0.9996248304511362592 -0.2031045069681030046
0.9971703980099653197 0.07516923833738708982 0.00088484186552164148 33.53166391230460164 -0.07511810526296702761 0.9968096470881643301 -0.02697772654068295028 -1.383079211512047602 -0.002909914062748407589 0.02683492266171219609 0.9996356432848684248 -0.2094868948335054659
0.9970816507415392049 0.07630318818091724742 0.002450557671205622675 34.40332784432187196 -0.07621347491721806866 0.9967488318041780593 -0.02613948227517239736 -1.441943636964492015 -0.004437116329965718441 0.02587643261492007796 0.9996553017081889481 -0.2203059903977432343
0.9970404105943890816 0.07661120462471970871 0.006414278847624244918 35.27978850114278941 -0.07641375539074851675 0.9967156220943126366 -0.02681243472330057526 -1.512196234406631978 -0.008447344853867068057 0.02624294178458533994 0.999619902948333805 -0.2308909271122959739
0.9970079176721147185 0.07639298208931194489 0.01180357541724708081 36.17111906878535876 -0.07606549964201937686 0.9967619671611156473 -0.02606953357629230444 -1.591537304590528112 -0.01375688446290989665 0.02509368651771131178 0.999590443644414961 -0.2368817913566634292
0.9969848605102148431 0.07599744981476740102 0.01567085005708390016 37.04955916268936278 -0.07560975910793329979 0.9968485241304237965 -0.02400383848913439921 -1.657178672246186091 -0.01744569426118099467 0.02274659436380338171 0.9995890356514448571 -0.2449696793532861738
0.99702214798904365 0.07523924096259278216 0.01690837204513707601 37.94385853877326298 -0.07483028650745572607 0.9969159846679427339 -0.0236420754244157684 -1.708947803950795041 -0.01863503817520326122 0.02230641449192321754 0.9995774903540886047 -0.261555174844090299
0.9971528981880740661 0.07368674815760942187 0.0160112706373048766 38.83015553866358971 -0.0733023715338565196 0.9970352773373275523 -0.02339696707026115916 -1.761884963282091654 -0.01768784807954343341 0.02215668940793011701 0.9995980297813518156 -0.2832248264275121219
0.9972725859976570018 0.07243392414145262415 0.01416742238639094077 39.68829028422685923 -0.07209143897630496123 0.9971246267147428899 -0.02335172843863689979 -1.848248065698980813 -0.0158181430838444867 0.02226668873521375422 0.9996269208661443528 -0.3065464697840195596
0.9974277282730239502 0.07077129840187713905 0.01137322295007713903 40.54654353239575215 -0.07051364538418845862 0.9972758230693966608 -0.02165083212541176264 -1.903826736840093847 -0.0128744977785625013 0.02079317288648497089 0.9997009009032579163 -0.3276470476990678282
0.9976051943293704483 0.06858195224693404424 0.008966162964316716499 41.41320226343748345 -0.06841206806131540363 0.9974938491239234706 -0.01805020496923877629 -1.976555505790247302 -0.01018161070160232724 0.01739358447985220671 0.9997968783814547011 -0.3431739896069172513
0.9977665052198528839 0.06619209460203591411 0.008978177914494804915 42.24209960764750349 -0.06604437294180469376 0.9976906724382481606 -0.01585758268062537751 -2.020089689851972459 -0.01000709097302444027 0.01522920671701525827 0.9998339509097938782 -0.3684654149113888444
0.9979054984062708522 0.06367942588990695152 0.01138187041304206289 43.0506585636353023 -0.06350894471668913632 0.9978721120455398275 -0.01476014698144694978 -2.067343531172942228 -0.01229756875324586329 0.01400638124642816264 0.9998262804536276471 -0.3880612136869192597
0.9980250187517410998 0.06073552470941900178 0.01603926399348189549 43.86745241663764006 -0.06053952542606026027 0.998088333781863124 -0.01243558708111615341 -2.114903422825803236 -0.01676388418018241039 0.01144001759482772378 0.9997940278790974356 -0.4032886865819418354
0.9980529385034400125 0.05983264516748691003 0.017617789947408629 44.63000907303749898 -0.05965964962853214509 0.9981667960602368384 -0.01018692521807038585 -2.180826999645416375 -0.01819500362685841366 0.009116019468208945084 0.9997928985694972681 -0.4142915863882870031
0.998150005966313425 0.05903673033909197926 0.01453375607475245433 45.39532888423571677 -0.05891340457017032323 0.9982245502290864048 -0.008772575350502118119 -2.22696113968789966 -0.01502585628573387469 0.007900113082594348302 0.999855895544177975 -0.4354590086051868258
0.9981839422708953524 0.05924497441340592641 0.01090185324657704999 46.13521857123912184 -0.0591510647200873263 0.9982107452514650259 -0.008744118215770282226 -2.292439587907568299 -0.01140039211338700342 0.008083382161146165923 0.9999023402268847338 -0.4564129558465791492
0.9981894318826294299 0.05926506916324560809 0.01027178951108676137 46.87219040569160455 -0.05917844026617958414 0.9982108718421007776 -0.008542103972024856981 -2.327809866561922014 -0.01075966034548846845 0.007918769424741142413 0.9999107574172926283 -0.4795464196201452145
0.9981210296666596093 0.05982503924242219689 0.01324291591877334133 47.59082572265472777 -0.05969288988181217087 0.9981650916096018733 -0.01015917250110889326 -2.366864374090540846 -0.01382638927427376659 0.009349575791335034552 0.9998606984928364305 -0.504240388128048056
0.9979343180177028261 0.0615575019492387715 0.01837854407237346152 48.25352550898501391 -0.06138887385632323807 0.9980677259386785405 -0.009603155861484318281 -2.394600501375582891 -0.01893417797352088885 0.008455080667131102332 0.9997849811400540965 -0.5160702880715553054
0.9975032232127052367 0.06720428627588750925 0.02170031320114140794 48.89587904723266831 -0.06707845375038924696 0.9977266858286205631 -0.006476219869609984789 -2.459539900374164478 -0.02208621130527288132 0.005004426733910619964 0.9997435446056770481 -0.5218892432027364414
0.9970555901080875305 0.07331421502311948057 0.02247612326028622376 49.52720738176307691 -0.07320879577661069948 0.9973015863532181946 -0.005478875235182081513 -2.510176303955880428 -0.02281715281918860611 0.003817293257997239706 0.9997323670897150238 -0.5408025175817052776
0.996516087706365461 0.07995269131518357997 0.02373297498064519048 50.15693168266766122 -0.07979078775561129766 0.9967819403840673109 -0.007693731780501471273 -2.568839194672464465 -0.02427173541385589661 0.005773254718609761339 0.9996887277483841316 -0.5645938416100981794
0.9956532540437583734 0.089021645771576563 0.02738145914097723371 50.74304112742445483 -0.08878085947033102776 0.9960020851906967732 -0.009889655313366853967 -2.618950764586473579 -0.02815238379141861771 0.007415718011635043586 0.9995761353743973787 -0.5856810300624425425
0.994098693046894466 0.103448249092304656 0.03265345696963167788 51.32217655690944014 -0.1031881116428251116 0.9946159326623886798 -0.009558247939082347225 -2.677599896965642934 -0.03346643257144715777 0.006132393213427923644 0.9994210282161329895 -0.6074127418291879188
0.9921416796553691464 0.1194857820776560886 0.03712189896990723825 51.87019732878454192 -0.1192369943490749623 0.9928263509239971807 -0.008853026750887256838 -2.723690141134532894 -0.03791341031792529181 0.004357153164672711125 0.9992715289299666237 -0.6258472196270982169
0.9893827386817348746 0.1400906844210639268 0.0386832851434411526 52.40465564859325553 -0.1397575228074723619 0.9901224159651170753 -0.01119983099223901928 -2.784020934467924313 -0.03987017973175242119 0.005674639344577307211 0.9991887545563700179 -0.6438902697084950555
0.9857435574281746549 0.1641044921497773756 0.0371396642214501041 52.89732979719398998 -0.1636956575796971458 0.9864141620821870182 -0.01381421457506848416 -2.862096281421482757 -0.03890206542897914344 0.007537671250252513284 0.9992145979783488841 -0.6656659960202232496
0.9809304552410957889 0.1912583878602500398 0.03457847694526088728 53.36877492547783675 -0.1908345297986976385 0.9815045385527304544 -0.01519944166269653583 -2.93455480593515361 -0.03684595276515644641 0.008310827828043329882 0.9992863983370460224 -0.695407114588498354
0.9740583548222043753 0.2238621150443255159 0.03310702137475336759 53.8262010524500667 -0.2234917128857605573 0.9745973405182567495 -0.01454228712494074968 -3.034323978448354886 -0.03552148213568128571 0.006765891342406713665 0.9993460096568989037 -0.7239849739726342825
0.9651115671866725698 0.2595996914057610572 0.03417108604084340834 54.26370082786299065 -0.2592980625580110776 0.9657090639337870819 -0.0130582761976582272 -3.130801077624288276 -0.03638925198285875018 0.003742196983818057987 0.9993306851576742034 -0.7505070833463612923
0.9540383995603105571 0.2973325528296291709 0.03747112502076155316 54.70149994953329298 -0.2971043710519916115 0.9547739798170288283 -0.01164646523738937893 -3.260926176130765963 -0.03923932840177424275 -2.165999448278075625e-05 0.9992298407438325869 -0.764505081008334586
0.9403552910391863584 0.337883652352938546 0.03957984469946006917 55.13000858849824937 -0.3377129485670798403 0.9411834027823925419 -0.01112504753135163359 -3.390694899132915552 -0.04101086460461341593 -0.002905128768503879768 0.9991544771488258814 -0.7849526307714322915
0.9241778385676733265 0.3798943684924011022 0.03969372126564407049 55.56078313520124112 -0.3798325217318359037 0.9250076918275528248 -0.009382189484243725827 -3.541950784781588535 -0.04028123843261783438 -0.006406154669224162906 0.9991678452632954954 -0.8007592459090900894
0.9059057123410612089 0.4216459261807698478 0.0393643659032407861 55.98379549991725668 -0.4217306239526009692 0.9066976320770293585 -0.006533359845606768503 -3.725334606969867846 -0.03844634191037216153 -0.01068255061358004687 0.9992035637955442029 -0.8194349067393861263
0.8843175881506458724 0.4651757894645194291 0.0399235294453150133 56.4048853934189367 -0.4654259218233968709 0.8850805032693112029 -0.003348732851278705177 -3.914386050214143431 -0.03689328697496652848 -0.01562010216288762382 0.9991971265873386132 -0.8420744447568480062
0.8598029866902676677 0.5090392786609198028 0.04022234302242981563 56.81710906845197684 -0.5094220354604479528 0.860516398877847144 -0.0008467787749233094026 -4.150008030574294793 -0.03504302942099589424 -0.01976208496268202011 0.9991903953115850445 -0.8623930365553386101
0.8323785590810325319 0.5527498550667494515 0.0401687954038032341 57.21618324067773642 -0.5532338984918702129 0.8330251926427715281 0.001132239992851360099 -4.393845958388263639 -0.03283577302818816573 -0.0231651916039132752 0.9991922667354031784 -0.8804313685031407433
0.8015025004738368652 0.5966402629598330787 0.04017634087627721534 57.60478282191076005 -0.5971550619104953883 0.8021251681053809257 0.001023090131518305948 -4.660390306382927506 -0.0316160374030633462 -0.0248115146554401915 0.9991920810914198814 -0.9036024015567077905
0.7688534581658014178 0.6380495793103921898 0.04191770775378673292 57.97715464549791164 -0.6386269107480360141 0.7695163544217845653 0.0004991337347324817982 -4.96766821936999925 -0.03193788957405230972 -0.02715353694219897751 0.9991209419471771547 -0.9174026838277108409
0.7337894096113131148 0.6779825146318941842 0.04350646168622434445 58.3356957391911024 -0.6786109048273961664 0.7344978185333548293 -0.0004409195346070181169 -5.253312478803930041 -0.03225433692060507979 -0.02920041728361003064 0.9990530483295492203 -0.9336718373910264379
0.6962851106459907458 0.7163509496494636641 0.045037336056607917 58.68019606949799538 -0.7170035920587225498 0.6970655972825140489 -0.002324231873605846904 -5.576313674684792332 -0.03305894325120110888 -0.03067360372203347535 0.9989826006002371361 -0.957132024686578653
0.656098245341043218 0.7530086807285837347 0.05013002308998910916 59.01234630855304886 -0.7538502369820516691 0.65703889861740572 -0.003115429761568001658 -5.905442781015894482 -0.03528332079424684881 -0.03574650182807524029 0.9987378409155814873 -0.9642805210058931209
0.6144401241661486823 0.787138231613081274 0.05363523237185998521 59.31508392872655833 -0.7880605377761888963 0.615568559266256865 -0.005994801352497238986 -6.266290428776863486 -0.03773490003109804258 -0.03858436362299353523 0.9985426000923048884 -0.9823474259884047433
0.5699647061300358031 0.8196977293199874115 0.05688467556237179756 59.61794660160170167 -0.8207520872075525498 0.5712325621847671453 -0.007705274081987937076 -6.628734988877760692 -0.03881037461546733847 -0.04229648196545398448 0.9983510216507367474 -0.9878159280511039642
0.5249705502880390728 0.8492483947397909683 0.05641883868016938502 59.90034918996818902 -0.8502638222969253201 0.5262619377136935617 -0.009990266032926135159 -7.027833623973649857 -0.03817530473242763955 -0.04272630201583434845 0.9983572052227718263 -1.018083314704986808
