1.000000000000000222 -3.288104128200433695e-19 2.199307547639937647e-18 0 -5.681318425110126656e-19 1.000000000000000222 -1.273613892030353574e-19 0 -2.923285529664562976e-19 -6.024150353257425012e-22 1 -1.11022302462515654e-16
0.9999999933220428128 -0.0001126715693347966798 2.571046195724031988e-05 0.0006487715722462983337 0.0001126709499484974855 0.9999999933624375004 2.409128131352450094e-05 0.0001800780782001965008 -2.571317618980674177e-05 -2.408838432354888035e-05 0.999999999379289628 -3.711121798277705608e-05
0.9999999998110570276 -1.396239019977800067e-05 -1.352535303206143277e-05 0.000891000393730467799 1.396245747413053735e-05 0.9999999998901561993 4.97379007106286489e-06 0.001341664740772186004 1.352528358434188164e-05 -4.973978915776365838e-06 0.9999999998961638381 -0.0004572350611121711594
0.9999999964862689161 7.882014094838679945e-05 2.854568257223368116e-05 -0.004230945340306324631 -7.882155902897958449e-05 0.9999999956595357897 4.967982781434605979e-05 0.0001740349249621520045 -2.854176667872441951e-05 -4.968207765765072592e-05 0.9999999983585277086 1.999647908690338483e-05
0.9999999950955889005 9.903583898218047124e-05 -8.551265112846617317e-07 -0.002682522295869294027 -9.903581725611434821e-05 0.999999994774035339 2.53738045383828337e-05 -0.001672889776615504864 8.576394220846415836e-07 -2.537371972999254616e-05 0.9999999996777194644 1.72874985610027565e-05
0.9999999993697528122 3.24875958551370164e-05 -1.43196174806400206e-05 -0.0008413460538702066671 -3.248744281424585184e-05 0.9999999994151689275 1.068767530482061606e-05 6.282401155027761419e-05 1.431996468875373134e-05 -1.068721009112190097e-05 0.9999999998403618084 8.470075635025331451e-05
0.9999999987810704871 -3.660493313490158706e-05 3.313517072967871988e-05 -4.625125082913239538e-05 3.660430834258805889e-05 0.9999999991522823262 1.885636475445099194e-05 0.002950951559870296226 -3.313586093804532241e-05 -1.88551518394050679e-05 0.9999999992732471199 -4.458675209317863875e-05
0.9999999999050581678 -7.744721728179470807e-06 -1.139743803927416249e-05 0.0008011549305296794543 7.744597144470309274e-06 0.9999999999102694437 -1.093083458670257859e-05 0.00288238541444135743 1.139752269482563021e-05 1.093074631730346946e-05 0.9999999998753081876 -0.0002954280182135837762
0.9999999998893740472 -6.226360128444400287e-07 -1.486145474912352705e-05 0.001786019116456483147 6.23243660815694637e-07 0.9999999991639166863 4.088738836429093866e-05 0.003534262477185523554 1.486142927733591456e-05 -4.088739761928275146e-05 0.9999999990536800887 0.0001103885386920522294
0.9999999974659949942 -6.877956577274272883e-05 1.836788656633041878e-05 0.0003843430955769999713 6.877897738553101384e-05 0.999999997121688855 3.203247499598559268e-05 0.0003781945747941550806 -1.837008969419264725e-05 -3.203121158525795969e-05 0.9999999993182696612 -2.074419209896483096e-05
0.9999999933878047642 -0.0001148434664487433165 5.946599772232017966e-06 -0.00109875718571783576 0.0001148432898946321148 0.9999999929649722175 2.968302807007982671e-05 1.444130195143999984e-05 -5.950008633263092746e-06 -2.968234493872584173e-05 0.99999999954177754 5.580021647422217512e-05
0.9999999959029411967 -9.051754465365129587e-05 8.2839567566420847e-07 -0.001847405009440916679 9.051754871592615861e-05 0.9999999958912856313 -4.89983932581252515e-06 -0.0004044491788882664807 -8.279521507416259598e-07 4.899914294943756334e-06 0.9999999999876526546 -0.0006097577982682178543
0.9999999993739056015 -7.753142520667715665e-06 3.452652598011084645e-05 -0.003163652931897464882 7.752501105409435379e-06 0.9999999997973860744 1.857760089284124779e-05 -0.0003976471902459866037 -3.452667000834963124e-05 -1.857733321393089946e-05 0.9999999992313939323 -0.000410782728334835312
0.9999999877297053308 0.0001563652971094307517 -9.512740121051269795e-06 -0.002096122390972010585 -0.0001563648129114851516 0.9999999864806332628 5.087994475493912833e-05 0.001014510698714332637 9.520695848541390783e-06 -5.087845667857236872e-05 0.9999999986603700375 -5.970083939044190657e-05
0.9999999480948448261 2.006785865468604238e-05 -0.0003215704485811150424 0.003011752233214148866 -2.000002753388680684e-05 0.9999999775524015533 0.0002109388408707080296 0.0004686702853380908529 0.0003215746744450949141 -0.0002109323984830006578 0.9999999260486414077 -0.0005806240879067114946
0.9999999167314570503 -3.88340137614620029e-06 -0.0004080710129491536072 0.002948081214665942973 4.072251830241735501e-06 0.9999998929051816532 0.0004627883350054580003 -0.001789835460043853743 0.0004080691720369825862 -0.000462789958198422534 0.9999998096525073432 -0.001541538806905995429
0.9999998400846735747 6.930779342065424248e-05 -0.0005612726590357132927 0.005451118945465571741 -6.903760649473943644e-05 0.9999998817498432224 0.0004813876867392361198 -0.002724514927452292845 0.0005613059565651870933 -0.0004813488607958852413 0.9999997266194429191 -0.001534338720399763822
0.999999826130553382 1.090929904063408103e-05 -0.0005895928966738988707 0.002523450830844931048 -1.063744346727511569e-05 0.999999893640759141 0.0004610914392950531408 -0.003708058508488210059 0.0005895978641318283487 -0.0004610850873199964697 0.9999997198874445159 -0.001229100192074228382
0.9999998968967962476 3.330284319311113174e-05 -0.0004528766589401392209 0.0002583407133628368157 -3.309631508920092238e-05 0.9999998954679435448 0.0004560358919289190485 -0.002653213945820687147 0.000452891798874824282 -0.0004560208563233363651 0.9999997934670026289 -0.00142763477247276338
0.9999998550201337766 -8.292031689383782969e-05 -0.0005320562625878670756 0.0005976040554236394797 8.315516277879930935e-05 0.9999998991318247432 0.0004413859599510773718 -0.001487614536176962154 0.0005320196090396775261 -0.0004414301391375085692 0.9999997610472852738 -0.0008752294826563922214
0.9999997672031432083 0.0001260587702150135856 -0.0006705988201634314246 -0.002993675340077439628 -0.0001257235507083868812 0.9999998671470337053 0.000499899486500708797 -0.002042358126568610821 0.000670661747767519259 -0.0004998150600184398957 0.9999996501988396291 -0.0007930965140880985587
0.9999997435129394097 0.0001444866914891517579 -0.0007014966721019129901 -0.002737908844064218528 -0.0001441837849618599825 0.9999998963661890228 0.00043183172522721138 0.004057663872550854034 0.0007015589933231211519 -0.0004317304699839985115 0.9999996607118720737 -0.001541876927121266228
0.9999997039884191974 0.0002113912155011640152 -0.0007398221122655838792 0.002125480760145737058 -0.0002109025948134772349 0.9999997596479416329 0.0006604726657699032388 -0.00205804415033744581 0.000739961552542569667 -0.0006603164398103817832 0.9999995082194708118 -0.00118540730456728749
0.999999569422295731 0.0002356359475843479727 -0.0008975694048588922589 0.0001816725077364855778 -0.0002348675516064764645 0.9999996059696433237 0.0008560944910096899988 -0.0003962897006417054335 0.0008977707777939295149 -0.00085588331240255141 0.9999992307354476084 -0.00266785904613098257
0.9999992810481647121 0.000285897949859639745 -0.001164545148115822895 0.0006415337250500474653 -0.0002848747384370091417 0.9999995733599074121 0.0008787072148902775031 -0.006794130659650676751 0.001164795871831503411 -0.0008783748335771310572 0.9999989358536137685 -0.001847518774871659275
0.999999188197382094 0.0003890251378200876818 -0.001213368825285428146 -0.003244935409544624783 -0.000388104535104682037 0.9999996367534960129 0.0007588594877188853177 -0.00278681285218645991 0.001213663599920080001 -0.0007583879576713597635 0.9999989759337301054 -0.001848835692732753166
0.9999987843525908193 0.0004550202416350791236 -0.001491391893554235492 0.003175691341399056178 -0.0004545639863717916497 0.9999998497910812523 0.0003062504989965460049 -0.003862613534578673846 0.001491531019693287732 -0.0003055721936198545186 0.9999988409798390432 -0.003361859728676419579
0.9999963670382974179 0.001401262896932908928 -0.002302688066061132043 0.000371190693495226931 -0.001401223774628542569 0.9999990181124018829 1.860307816467103286e-05 -0.007967863341068470717 0.002302711872873279986 -1.537642932061048155e-05 0.9999973486374142961 -0.004382655864337392515
0.9999887584480483538 0.003101881589800359502 -0.003586266572146817183 -0.01035666411657787389 -0.003102896406478056028 0.9999951475175763438 -0.0002774436690049040936 -0.006099566978332804368 0.003585388572437430473 0.0002885683636909377233 0.9999935308378217202 -0.004678776986987265296
0.9999771834524995295 0.005333408558841897656 -0.004145760174503147245 -0.03298654887143848136 -0.005332371504363643544 0.9999857487026756475 0.000261161526437081958 0.005882367737357285797 0.004147093973140253409 -0.0002390488343697505156 0.9999913721966330327 -0.006036833682928399725
0.9999457890338085964 0.009448282356889306857 -0.004375951801793612726 -0.05760607244640947311 -0.009443547902720830431 0.9999548022183993856 0.001101327726053142123 -0.0008031820915674892092 0.004386159673757689115 -0.001059943511889384869 0.9999898190099566486 -0.004097726163998616222
0.9998907621899852938 0.01409405077406958133 -0.004452125369959064605 -0.09269043794598075259 -0.0140836667047961224 0.9998980465084263969 0.002355189986597752867 0.003795283542245675434 0.004484865627407041457 -0.002292230461492645449 0.9999873157497159992 -0.002024735846654746041
0.9997862276763155309 0.02017839629150451272 -0.004509021251564867237 -0.1361681750845196159 -0.02016017657014856218 0.9997885588409920476 0.004050295053068047116 0.00135891188727538248 0.004589796317440030145 -0.003958526548273216296 0.999981631750226696 -0.0008964161519576796522
0.9996409109338941779 0.02643441986705454688 -0.004389833110085391427 -0.1737532956501873782 -0.02640613754685962669 0.9996309356965878967 0.006380305363184759354 0.001031055223731369708 0.004556872650050795316 -0.006262095729387649745 0.9999700100849189255 0.0003724210729756372018
0.999477886589169251 0.03212167667585472119 -0.003485987438845872689 -0.219014270092121377 -0.03209665797166083578 0.9994601859276153188 0.007010084916406736713 -0.001101874705677519106 0.003709281334736260448 -0.006894536311869126598 0.9999693528310913404 -0.002249705096585952191
0.9992405031512388014 0.03890596762608888176 -0.002177739044860533407 -0.2665005769740321773 -0.03889050183517382686 0.9992207264067916039 0.006743054472401140836 0.007228193122991832809 0.002438387049178154364 -0.006653239781225497515 0.9999748940194828073 0.0006074048134192544524
0.9989787154644240719 0.04515771215074376038 -0.00151890915651484615 -0.2975610297692810047 -0.04514671152073491955 0.9989583658792758891 0.006630058507388607997 0.01733430506280020378 0.001816725282400476638 -0.006554713579799433497 0.9999768673521045592 0.002006302041162588701
0.9987281542893579056 0.050404702008033056 -0.001199936778094874311 -0.3449492578995221881 -0.0503941144346319661 0.9987002019499986449 0.007638052906265652142 0.01332359611379491104 0.001583370883128671931 -0.007567868732529482549 0.9999701097031141739 0.0038261112015772758
0.9984996185303850469 0.05475107624653763327 -0.0009118376122451620977 -0.3737835523388512993 -0.05474103034322851113 0.9984622079173122167 0.008754367732685282982 0.009245689845870125323 0.001389746450643232446 -0.008691317913752360722 0.9999612640486954529 0.004289843882293031818
0.9982320392405279463 0.05943134652133567203 -0.0008431417152346126894 -0.4004391964032256723 -0.05942110563251348787 0.998190585054877455 0.009202614274172529751 0.006617172340120602847 0.001388539879685349787 -0.009136244003160395519 0.9999572995896652827 0.002655771982845833712
0.9979456536800195288 0.06405472453473105843 -0.001210194100607685317 -0.4284721333799952347 -0.06404099560531537061 0.9979050961509408069 0.00917441844774571913 0.008633087184731574881 0.001795323706625452306 -0.009078068982977628015 0.9999571818215584607 0.00241823544665786816
0.997698143482494193 0.06778820189049754308 -0.001781622859214416913 -0.4453423578684141404 -0.06777022197425108807 0.997662810699153968 0.008724285483593453502 0.01259072847459172251 0.002368862494933072181 -0.008583462456857109471 0.9999603555456501036 0.001844023251860393842
0.997375611902030168 0.07237062150839607133 -0.002093305936222580963 -0.4714816964214045836 -0.07235159283055547785 0.9973465954111424558 0.008063227157538420745 0.01088235415611044088 0.002671292309334578809 -0.00789061210498521147 0.9999653006171234093 0.002418324726145004711
0.9970373290001538491 0.07689718631351014078 -0.001840467819617995363 -0.5164445504087384897 -0.07688544105942203555 0.9970232188203390633 0.005773221067136825001 0.01072087214847741721 0.002278933605713967612 -0.005614611736433215879 0.9999816411299350394 0.0006179442643852173234
0.9967925306289426857 0.08002718869931356449 -0.0005476824332372539792 -0.5424961651637220106 -0.08002523968965566392 0.9967884635338570831 0.002952960129577848151 0.01839644599216092025 0.0007822406287896146873 -0.002899660186787299688 0.9999954900250720424 0.001678333327835401789
0.9964946453909637736 0.08365251420980639174 0.0008237588787666449107 -0.5747385345842322968 -0.08365206319112318545 0.9964948620763952603 -0.0005676038565396008227 0.0181042917124092928 -0.0008683529796695898867 0.0004967050691424387994 0.9999994996234141675 0.001348811813279948701
0.9961839579483456886 0.08724774232702590948 0.002313739559804165249 -0.6045047614527785385 -0.08723867659257539264 0.9961803199753722637 -0.003766084822789931511 0.03238819424987887663 -0.0026334842128120854 0.003549865702305184199 0.9999902315593389712 0.0005215529717551570243
0.9959472039499405183 0.08985740878273137944 0.003848770844426467174 -0.6154944687016264959 -0.08983521353735704484 0.9959409175919660129 -0.005596701653258039609 0.02952259960233921676 -0.00433605347419975095 0.005228264206687863701 0.9999769316805087183 0.002953477714857766223
0.9957341655856607465 0.09214191073762358075 0.004831125867709317942 -0.6249186636534529438 -0.09210333797868203165 0.9957198575318334521 -0.007677268035699271777 0.009840686344994215018 -0.00551784610619397882 0.007199555257064024424 0.9999588590426236046 0.00107821115264095102
0.9955551973853297154 0.0940244072341722692 0.005409233734130417318 -0.6287688272803830802 -0.09397191452920868049 0.9955318301268061276 -0.00925497047665875365 0.00709805429301485491 -0.006255257471322674644 0.008705517903508984065 0.9999425412048893458 -0.0001772580584087357636
0.9954955687859848856 0.09467212551140517796 0.005075547742781477516 -0.626748757798407552 -0.09461569825131074807 0.9954595863469787309 -0.01039622954408360618 0.01927151144916172676 -0.006036735804078724281 0.009869173943387401365 0.9999330763735264638 -0.0007206072383281192373
0.9954987639472673289 0.09463554411347516182 0.005130767591863579467 -0.6322472432860353209 -0.09458027483910301514 0.9954658366713441398 -0.0101163049575255775 0.02901824831636837243 -0.006064865877005427494 0.009585499665834603528 0.9999356657292333139 -0.001074532387223214869
0.9955346488881557931 0.09427044292567680894 0.004883283726911332757 -0.6292226932959164021 -0.09421821489116991022 0.9955013064088545915 -0.01000384503161395704 0.02955107220264580059 -0.005804382231133106002 0.009499080069435020257 0.9999380363923026094 -0.00123179527552930157
0.9955389107945192828 0.09424029283567740556 0.00458740738293123701 -0.633581694683916341 -0.09419326721671350544 0.9955079412726828281 -0.009569078769324583164 0.02657499378816538527 -0.005468593264302217156 0.00909428735981554319 0.9999436926269946735 -0.001019233346671977181
0.9955606057425423483 0.09402604473384879036 0.004264177692247319434 -0.6320982596847748436 -0.09398382504150885886 0.9955311461992311095 -0.009207473716936696514 0.02808928119023734737 -0.005110864040520538866 0.008765834374807634707 0.9999485182827646534 -0.001779764310123610471
0.9956115480626204217 0.09349751626747634936 0.003982439233088322025 -0.6271591781701253421 -0.09345972516872884384 0.9955841332934435295 -0.008804163798379885039 0.03323340314044037624 -0.004788020759611249372 0.008393329466527280069 0.9999533123486978869 -0.00162665371706660622
0.9956093009648361303 0.09352771280791084829 0.003832332879009843138 -0.6316686932329622639 -0.09349123909422521472 0.9955812835517980908 -0.008791817129519111096 0.03106373911624471518 -0.004637677433614834782 0.008394925351105123404 0.9999540075302708608 -0.001826795247995005589
0.9956055839971894583 0.09356737144466750755 0.003829898251517046322 -0.6229844925214078621 -0.09352950149287755921 0.9955749549069474735 -0.009096235868906600575 0.03386057234481093525 -0.004664061658719600295 0.008698054744240233879 0.999951293999855273 -0.002369567216285672906
0.995532249758827481 0.09434675317659636795 0.003772248833802886725 -0.6231329358942307994 -0.09430517125419203561 0.9954931515780869322 -0.009995990709879836941 0.03011507773846236469 -0.004698337147699061661 0.009595588541628554888 0.9999429235251666714 -0.00316379271225952774
0.9953543024595524757 0.09621888690368610164 0.003426132577471382046 -0.6305531416721129601 -0.09617526093732253756 0.9953014996958469141 -0.01119124127053760381 0.03194379058735899446 -0.004486843669925505602 0.01080974094761992174 0.9999315065213331133 -0.003661207913237762845
0.9949894833414247852 0.09995375045781727807 0.00227504189371440001 -0.6411900061096400538 -0.09991476291275010191 0.9949059926333894133 -0.01338304780029560964 0.02779067052926414982 -0.003601138632941442569 0.0130886815383838475 0.9999078548625019991 -0.006228135287485891958
0.9942555308203829822 0.1070319040509455505 0.0003330986398962379816 -0.6644811339162954855 -0.1070110886884793333 0.994114675538823156 -0.01687124091127627581 0.0353122985913832399 -0.00213689928379947984 0.01673867933264674285 0.9998576150009632624 -0.01150771975286757343
0.9929359338679916158 0.1186477846202720343 -0.000966667088077294962 -0.7076825504495154462 -0.1186434154814700881 0.9927370616696775674 -0.01992150455263704337 0.05452926156687967763 -0.001403996135702264116 0.0198954664040815743 0.9998010798210124062 -0.01571041863171440678
0.9907262861971076751 0.1358668934363076453 -0.001270084151056526545 -0.7889639544381201741 -0.1358632320942885774 0.9905019210862663348 -0.02114536549200804472 0.06492526639173706871 -0.001614934327092535293 0.0211218271530074532 0.9997756050257776694 -0.01665580362317231611
0.9874927070545174157 0.1576525651433081099 0.001955051658288697175 -0.8741838644547110793 -0.1576027716901868825 0.9873765024820502223 -0.0157800092925147184 0.0789155566200395453 -0.004418131010134276719 0.01527452252349686783 0.9998735765483351967 -0.01109892433653547617
0.9832886693823206237 0.1817563044643738523 0.01039415522995459397 -0.9913955755449744833 -0.1817282297008827319 0.9833422316482486325 -0.00359248895885701941 0.09184948181510477205 -0.0108739693157157459 0.001643542248155621709 0.9999395259509249456 0.01058198911342078663
0.9780222601357927426 0.207577474814273466 0.01959721005267305721 -1.116517333955354685 -0.207755922901460971 0.9781516765602534802 0.007534861014308859122 0.09466166748367657591 -0.01760497644538520923 -0.01144069827156420603 0.9997795633165323936 0.03165576193678365513
0.9711873918310528486 0.2371262026684485824 0.02379525102295541178 -1.254521853611592297 -0.2373964178643580558 0.9713691244428900307 0.009217638082511097133 0.1110012578201952926 -0.02092822863455584895 -0.01460096125659510712 0.9996743575656029668 0.04237944449253727708
0.9628452611604867428 0.2693548324036528774 0.0194159042272169409 -1.394573501447585073 -0.2694073411953593067 0.9630263111600968484 9.225069964082347233e-05 0.1364866374044927944 -0.01867317845179980104 -0.005319610299384787584 0.9998114893071774478 0.03086005797887436675
0.9535123801926160825 0.3010851048484920467 0.01272401168217701314 -1.535679337538032874 -0.3010149850366395374 0.9535925859901785984 -0.007152532004836465937 0.1847099396914987091 -0.01428704404973916639 0.002989909612460195203 0.9998934647307192725 0.0182972783322684629
0.9432607571341102837 0.3319061077336111776 0.009873181644878412794 -1.668007846957798357 -0.3318669848381473608 0.9433106500834518293 -0.005414960660553342839 0.2367437500754656365 -0.0111107359085931591 0.001831136849940283653 0.9999365972321148099 0.009989362679494240282
0.9315875191428751867 0.3633764114269086853 0.01011324933777867606 -1.797753809718349638 -0.3633982414637728642 0.9316338324724807718 0.0003468116166471773144 0.2949850719592297388 -0.009295822074509864016 -0.003998222419136767888 0.9999487996434524018 0.01381258529815942993
0.9180881170323417217 0.3961976611702743845 0.01190053209764074631 -1.946555945263452658 -0.3962795168640879662 0.9181136538094301081 0.005464722013445717612 0.347950471625499802 -0.008760930921068322413 -0.009733033475773375867 0.9999142533976309588 0.01999853840291643259
0.9031720054855985058 0.4290853253666541134 0.01288844751559045654 -2.095305978417757231 -0.4292040387034293247 0.9031680122884783168 0.008451906485195078908 0.4221974616995024521 -0.008013844474512784102 -0.0131652990806319873 0.9998812195435607952 0.02089110235372981794
0.8868421038103244669 0.4618878537657979955 0.0130649711097327384 -2.24472951441949542 -0.4620256690793096421 0.8868004601225015771 0.01082705047197063224 0.4935402309584456804 -0.00658513928015886426 -0.01563823626268508876 0.9998560303896111279 0.02543785523934016801
0.8690329987871614481 0.4946245177026612483 0.01132402415774723045 -2.388257847143695933 -0.4947309439292232325 0.8689862021545184945 0.01021144298423241371 0.5675297729014603387 -0.004789590677423849474 -0.01447642610661530223 0.999883739695643925 0.01920272317285964814
0.848528212277020466 0.529055627012291918 0.01000082559653193634 -2.533820862746559488 -0.529150103738048827 0.8483837971421180901 0.01565568410473090061 0.6438000960804906025 -0.0002018106153709291748 -0.01857622757624518423 0.9998274266299358448 0.02207134719019387958
0.8271145488308163651 0.5619407427147860012 0.01020415624994661097 -2.681248784094704796 -0.5620018833226470001 0.8267396498881178779 0.02560145364743984103 0.7399953480650005577 0.005950319321106037514 -0.02691008984341075605 0.9996201482389104331 0.02322699223831603543
0.8063519493271068539 0.591246548665851579 0.01496838407435834191 -2.826829891652692162 -0.5913895717502973826 0.8057133081352798598 0.03293082907092131223 0.8301947307891033301 0.007410012793173717353 -0.03540598449316520457 0.9993455398275294943 0.03363927976469227588
0.7853882257486636265 0.6188257870626658885 0.0148317273168517335 -2.963258660541981726 -0.6189871112205271864 0.7849675882673420313 0.02609293963216474319 0.918446888471726508 0.004504558694611114807 -0.02967373564185181445 0.9995494877015510538 0.028600056103924687
0.7631546506798280172 0.6461402857533637967 0.009884851243478024255 -3.083541861169932563 -0.6462155251119290345 0.7630486272393006697 0.01273921350400171112 1.02615401874420753 0.0006886968954217210712 -0.01610973440426791484 0.9998699926260654625 0.02556579451780027767
0.7410996252753586644 0.6713915857592193115 0.002164254641137901888 -3.196247182766452255 -0.6713944315890579828 0.7410995251076674117 0.001005538063652888997 1.133660279406572213 -0.0009288182764430586401 -0.002198272434750412133 0.9999971524433469705 0.02515467459977249742
0.7198259592763274206 0.6941542880429973916 0.0006424574434085214125 -3.294974263997799913 -0.6941493076751757973 0.7198237871267415544 -0.003233285135007723989 1.239156443172860556 -0.002706854874322365233 0.001881441144826062357 0.9999945665430396424 0.03532575620032052388
0.6985302978435780075 0.7155748544632860586 0.002837368709315560549 -3.378163232674848082 -0.7155632630005118733 0.6985355054195028224 -0.004167050055111657693 1.328147921680676191 -0.004963839004351590541 0.0008804938633885985586 0.9999872924354241688 0.04612008107690113157
0.6773175908816067015 0.7356717196947784032 0.005291684896809020766 -3.466392667814048423 -0.7356546552188609756 0.6773380893276252923 -0.005033984134809692083 1.416834189162627933 -0.007287619483710060242 -0.0004832466634565300042 0.9999733281813527608 0.0516272079558787178
0.6585687830168618362 0.7524927959492880847 0.006461430501346257689 -3.553414487348887096 -0.752462351559768039 0.65860036039292702 -0.0067804699326664674 1.513386703881351991 -0.009357755214239083658 -0.0003965774005540655643 0.9999561366093255854 0.05035102951486347678
0.6427447780673758437 0.7660525432098704846 0.006530797161025807783 -3.613441561521460343 -0.7660013095112950809 0.6427775639237156557 -0.008888033628499571875 1.583197765275702551 -0.01100655063385176484 0.0007101379807214692119 0.9999391739230631959 0.04764686574193788271
0.628081550369038899 0.7781179487690382812 0.006784091026733721913 -3.665782217527250975 -0.7780567695697412356 0.628117578867378068 -0.009796450595318244303 1.651918861536424865 -0.01188400085108061097 0.000874561884794220791 0.9999290003114853498 0.04696151048370378334
0.6150308955883005968 0.7884723481395798927 0.006953681874428048817 -3.714289369387922424 -0.7884199190433122117 0.6150701943759987467 -0.009093252818086724684 1.712761869175601026 -0.01144678084121805543 0.0001102100790065317756 0.9999344773837964828 0.04871589807130927152
0.6038703177868366412 0.797067958198059201 0.004827971563264890804 -3.759818820472330181 -0.7970230830393704169 0.6038881716566204538 -0.008560446094511838661 1.75886535685403067 -0.009738812186672943932 0.0013213944777946845 0.9999517035600855586 0.04907365850462142021
0.594778720486154322 0.8038888644714309306 0.000983480587497511478 -3.785922284231541646 -0.8038560863744039775 0.5947647271460230201 -0.008385209848050568376 1.794051990874785396 -0.0073257163624793082 0.004196767482362227103 0.9999643598757125273 0.04921378252339714265
0.5873717099344117898 0.8093046738608846713 -0.004518764546915970612 -3.799149781716621987 -0.8093027618244075239 0.5873185571858580145 -0.009271035091982068183 1.843586639165716523 -0.004849137733037157776 0.009102592316219704563 0.9999468129234798663 0.04536167102046928523
0.5825055228082232084 0.8127807399843653968 -0.008647809264542073368 -3.815119162891869031 -0.812821468427182614 0.5824304415694705472 -0.009800061260329288176 1.865287622669135725 -0.002928553649644023878 0.01273771478627719854 0.9999145834496161456 0.04334339118391494772
0.5790628753843349852 0.8152166712311408325 -0.01039063495307138846 -3.817792253242864753 -0.8152796986544303959 0.5789779348607141385 -0.01017663551138345453 1.882358867785845602 -0.00228021453379208261 0.014364185507316031 0.9998942298044030119 0.04412310494351068257
0.5769527602327468863 0.8167092758407564768 -0.01055799278162508799 -3.822129793342938786 -0.8167742207005100896 0.5768655026311341194 -0.01029875125267526274 1.895207810740431986 -0.00232054383965068188 0.01456538924144673217 0.9998912263402842671 0.04395983202111475308
0.5768172300800028518 0.8168015480908904502 -0.01082192751889307809 -3.828514255452577952 -0.8168688476324169612 0.5767200879765524979 -0.01091906114261035655 1.888369412421926352 -0.002677483028945926852 0.01513839801771762333 0.9998818230119946859 0.04401160125347514107
0.5764353779917547049 0.8170479180495573424 -0.01244807641016036984 -3.823969286076903895 -0.8171404687186450966 0.5763309825032508771 -0.01113790794519645133 1.883330404089186505 -0.001925992364977080094 0.01659211112164377805 0.9998604864688505067 0.04380560674825451084
0.5750086101585293319 0.81800821519731437 -0.01508834347742843938 -3.819181740957735549 -0.8181472518318538834 0.5749013788417430826 -0.01111210737231115714 1.872242558752383212 -0.0004154856236209071357 0.0187340441194878346 0.9998244160664350177 0.04330150021705037044
0.5736535354801050035 0.8189207695610002391 -0.01704096265431547311 -3.829931613168870541 -0.819097526538868248 0.5735526057297231084 -0.01080048531533313663 1.888326180757070594 0.0009291468140498373562 0.02015394689859648092 0.9997964568404524854 0.04259308146594431577
0.5711279669022062411 0.8206556188040670108 -0.01836302650870256029 -3.833522834680892277 -0.8208593087708275782 0.5710297708189147059 -0.01072362100607523495 1.911236107819763719 0.0016854350120088556 0.02119802106233684494 0.999773876040009335 0.0432532905449005689
0.5674485872533570063 0.8231740599041570405 -0.01966133056985903613 -3.845898594450600338 -0.8234066127154514581 0.5673406793589493846 -0.01122958975493241508 1.941788784472035623 0.001910765678996023936 0.02256148440010177086 0.9997436313357598303 0.04283398204629440542
0.5641154602092302017 0.8254581019916551465 -0.01981588765799043375 -3.867124601673230355 -0.8256947196821787793 0.5639930395746293179 -0.01183559063836358768 1.967882132844830601 0.001406238554031929901 0.02303851341688015544 0.9997335892090644105 0.04249335189594827256
0.5616935155639540822 0.8271375095988138249 -0.01854547875812113944 -3.891328078496126608 -0.82734536935771541 0.56154734102463566 -0.01281497546748314523 1.981901759877082725 -0.0001855825827344220497 0.02254160454718541484 0.999745888525443771 0.04370726135543767654
0.5595404508227926899 0.8286291678560314677 -0.0169760438693918117 -3.895656784909590886 -0.828798822222226339 0.5593548474564887796 -0.01465151582835007814 2.005378426233387579 -0.00264504091321248868 0.02226784088856435112 0.9997485418946261415 0.04656014159346588688
0.5578094607892453149 0.82981726989267246 -0.01587148499719082465 -3.900718544956430112 -0.8299510952302403544 0.5575696560588188078 -0.01724117673088241404 2.025709219650169146 -0.005457567746918585115 0.0227898478035746567 0.9997253811876311014 0.04888866970450578275
0.5574426557241216607 0.830073226585921975 -0.01536632937982490392 -3.910586554238729473 -0.8301790595953537633 0.5571494526266795866 -0.01967781628951964859 2.024442463544762205 -0.007772686430082513011 0.02372605899671508325 0.9996882811503052801 0.05007392403019561566
0.5573599281798031768 0.8301551510035197756 -0.01386851527564976136 -3.895127817433392536 -0.830215727984288665 0.5570523675826083432 -0.02084477836307758666 2.020449624812135525 -0.009578910833812142103 0.02313190362843153824 0.9996865306188048583 0.05277064045033463824
0.558849691736995613 0.8291495142360402193 -0.01407498070830872153 -3.899179582881857176 -0.8292155574369817206 0.5585405699103455079 -0.02083245245877904384 1.999060978184927784 -0.009411770063659749205 0.02331340256014868481 0.9996839019631436063 0.05434991057173543805
0.5595661721989682036 0.8286767149780270847 -0.01343878633872050768 -3.876444568171430127 -0.8287296070572649498 0.5592661403999448222 -0.0207032025428394717 1.974165072827818834 -0.009640403678881581673 0.02272193187250224483 0.999695341805583837 0.05687836586819328133
0.5610079444336844023 0.8277091976255819272 -0.01294490026608948081 -3.833432355870056707 -0.8277472437147643802 0.5607033547520988703 -0.0211245946454637866 1.907729092127887105 -0.0102267722515925457 0.02256617088603932522 0.9996930434186696024 0.05788551798443419827
0.5622795002246938623 0.8268575792208476827 -0.01217814874506851185 -3.794754270042679067 -0.8268732796634791216 0.5619712538703520721 -0.02165384973781139463 1.839347577162789849 -0.01106088022857047021 0.02224530155319465533 0.9996913541119113455 0.05874454718457344793
0.562348656530066715 0.8268162475749042395 -0.01178478849041905696 -3.738455382094518331 -0.8268169420707348616 0.5620326371289892098 -0.02220493443361456695 1.755542169503545358 -0.01173596478640964898 0.02223077778127410462 0.9996839798898570217 0.05882003621728359999
0.5618530127867459312 0.8271534712754723406 -0.01176124883390505978 -3.676273368102390471 -0.827148836600079651 0.561528629606924734 -0.02259203951733470064 1.668702392458689676 -0.01208280594339064366 0.02242170870929363624 0.9996755837659043742 0.05851709287831219353
0.5607375822339708549 0.8279191970353503294 -0.01109806494075263154 -3.592156849488032933 -0.8279013307656741816 0.5604246729532179616 -0.02244042041576716634 1.543440227072854221 -0.01235922541048122512 0.02177128977316176647 0.9996865811280287728 0.05802619612732717869
0.5593267728021790175 0.8288890595655515892 -0.009822838382301345497 -3.502094896890396214 -0.8288572938700879966 0.5590522226646621462 -0.02135880939578952906 1.399128746048880156 -0.01221260377654528363 0.0200882851215031695 0.9997236183608322335 0.05897512404856841695
0.5571453641437362769 0.8303610061424733235 -0.009467982133968780301 -3.405151126301499076 -0.8303331344266589031 0.556894164765278088 -0.0203905647403881847 1.25020945456303334 -0.011658865824567613 0.01922208785093974803 0.9997472591535329078 0.05800140499655825899
0.5550471970826724721 0.831743080009358926 -0.01122754921649041053 -3.292523907123068305 -0.8317453411498453297 0.5547681381072500084 -0.02078461988143932501 1.079739338276883176 -0.01105877715593667383 0.02087490671238459092 0.9997209319186515231 0.05656477397927928141
0.5526222671739744463 0.8333306746247938213 -0.01298524342315655541 -3.172314386624220717 -0.8333559327481867562 0.5522945883478455054 -0.02210377891901083025 0.884442240325318596 -0.01124807730040419153 0.02303637001540445248 0.9996713492004584145 0.05275874661988089187
0.5506024142714465164 0.8346604423214140089 -0.01337637529209674027 -3.039721060425903509 -0.8346799656505171638 0.5502416998863064457 -0.02331151336986611936 0.699646117724513017 -0.01209695855434016372 0.02400036796215113816 0.999638757717018156 0.05027922530038086979
0.5491949325837264251 0.8356106925280342157 -0.01181932954241799588 -2.912445239993028068 -0.83559371490258183 0.5488545189505811273 -0.02327790047797309234 0.4928429014901076211 -0.01296417008153968875 0.02266026241473717562 0.999659163315127941 0.05102969360900300178
0.5489386098366687561 0.835800176229592906 -0.01022096076223124456 -2.763493952126602426 -0.835760938168753853 0.5486399888177576623 -0.02231181097748701631 0.2701093862430791748 -0.01304058772159550836 0.02079009420767868183 0.9996988121695530305 0.05370538132707569634
0.549341745754900912 0.8355601545943828201 -0.007929339132912698734 -2.609565549727580258 -0.8354893976817574508 0.5490929298067234177 -0.02131714815044919581 0.02547577246690385655 -0.01345781552118519367 0.01833527810692147167 0.9997413189303515635 0.05636349189151479422
0.5517988302892282704 0.8339514541519363888 -0.00655919229209628047 -2.440378845672082075 -0.8338608155015607704 0.5515733097346584568 -0.02104814402285845251 -0.2331615049752882585 -0.01393525488651023957 0.01708379463670145135 0.9997569467777980279 0.05528238575758748219
0.5557662893139069249 0.8313164091938416433 -0.006071199378567691297 -2.275520685646313268 -0.8312113163799669247 0.5555386162639552872 -0.02155442804833697379 -0.486688001057955788 -0.0145457639989517943 0.01702567407371271754 0.999749242145428263 0.0519802625288309228
0.561783435312688928 0.8272686074056276873 -0.0051012748007109995 -2.092679261974411009 -0.8271285132052672573 0.5615472669031873476 -0.02287115395160414094 -0.7408058718765215822 -0.01605598073099433545 0.01706804522957592468 0.9997254059555397143 0.04880974506766788679
0.570073374082497919 0.8215886026591385782 -0.002918242419346345987 -1.900081861773551761 -0.8213993931204257581 0.5698576354686536449 -0.02377629671543295131 -1.013433770471925843 -0.017871351644286642 0.01595127619601773711 0.9997130446163432493 0.04774266636332835656
0.5816628334578844983 0.8134287669856820058 0.001410393985765331579 -1.692305398777195657 -0.8131953827680352687 0.5815358382428507111 -0.02300735293055046482 -1.301334269536674304 -0.01953503734970406247 0.01223559617148452239 0.9997343009519283896 0.04608587204961556161
0.5954548338582905664 0.8033752051297524677 0.004671254244425287853 -1.497558511711181595 -0.8031409544796460631 0.5954054964583241905 -0.02137526674280086983 -1.591473645842517604 -0.01995364973262011427 0.008976330267899183118 0.9997606100237153015 0.04285052776734643576
0.6106714791228093908 0.7918471015050662087 0.007649341420728759597 -1.288503509895139842 -0.7916394566626214768 0.6106944446168556251 -0.01895431273034976424 -1.872821449090497303 -0.01968032788408764777 0.005519337658885476589 0.9997910889800613043 0.03866625955909452905
0.629115873434822892 0.7772363212319779446 0.01081289748740223676 -1.055130871329675868 -0.7770552785929397688 0.629204783944933288 -0.01692435735808190192 -2.164499655263520506 -0.01995775205768145558 0.002245162747392883025 0.9997983033466126823 0.03485971850654545623
0.6502667740763127258 0.7595693550989437437 0.01440546184309172105 -0.8366336227173590823 -0.7594069485834943345 0.6504259239780648683 -0.01572271792234936419 -2.451770203221570021 -0.02131218052170729196 -0.0007156468017991591971 0.9997726135520185187 0.03214642264810907424
0.6743326812052602426 0.7382428462696706273 0.01652074442076432656 -0.5886870072037571067 -0.7380622443576538849 0.6745340362403994261 -0.01636940449719737067 -2.748934044424732104 -0.02322840016438322899 -0.001154913323840194928 0.9997295172187162793 0.02665353454548202716
0.7001172036478228167 0.7138177313388434087 0.01732476812830456916 -0.3255349301384733995 -0.7136097262207587999 0.7003314628503021222 -0.01723371056383801725 -3.031563842976008338 -0.0244348083663224365 -0.0002975058336825637303 0.9997013812272104172 0.02333646585451787381
0.7265383736575510287 0.6869074788884366178 0.01732359836108718701 -0.0361504381358989102 -0.6866847145202928937 0.7267444054971045064 -0.01751205058381093138 -3.307719707328113934 -0.02461898669243677354 0.0008273265157328385695 0.9996965644745735569 0.01658228239484105249
0.7533379821342166549 0.6573582876237387129 0.01902541401142686731 0.2643641828231454438 -0.6571812269754644387 0.7535775403663143024 -0.0152880854683804298 -3.588380315228266504 -0.02438687436507811987 -0.0009860495043194261906 0.9997021096618204927 0.01451856399097317674
0.7800127872450376421 0.6253664291932850006 0.02229082740043550337 0.58480774355295706 -0.6252920777114920892 0.7803129573154859999 -0.01102298442576803324 -3.868258166472230641 -0.02428722584628373662 -0.005340209009395587882 0.9996907585977051758 0.009959825024147495043
0.8070591320999406237 0.5900397451374920221 0.02255341365784619551 0.9293571945327319117 -0.5900075733386713761 0.8073501386804454727 -0.008764528675307673225 -4.147971163070456768 -0.02337992189885543595 -0.006233191990709473565 0.9997072204235301074 0.001400942427854490191
0.8348049524680806188 0.5501143573003403064 0.02179186186293653391 1.293130032871087298 -0.5501174704428563045 0.8350628293697465176 -0.006390594993709464849 -4.417266196909304554 -0.02171313187250937041 -0.006653183605879826358 0.9997421042697526294 -0.004076222969998877232
0.8619864679674187347 0.5065102631034418268 0.02065629273154778733 1.683261605041271647 -0.5065458683216321756 0.8622043849021447937 -0.003857710018000440853 -4.666110965957328105 -0.01976391587704327477 -0.007138065934161575213 0.999779193443064873 -0.01511764919539260177
0.8884125114588464767 0.4585688389235250684 0.0209243750140056424 2.106591230752793642 -0.4586810269871491319 0.8886007589024341735 0.0006377649396767469782 -4.900153951871399904 -0.0183009563826466784 -0.01016421219835157361 0.9997808578802508395 -0.0188900405666881932
0.9129068453955763163 0.4076703626219511101 0.02014862495346980698 2.553524530074253729 -0.4078341012076687755 0.9130442661238516999 0.004638315907320750275 -5.122257967433809789 -0.01650568255120781966 -0.01245164671438579035 0.9997862366204693929 -0.02416655725447147685
0.9349043139266898228 0.3545824624665301905 0.01500670281148050456 3.020547224940135056 -0.3547041106917424025 0.9349571822812768884 0.006329387297430967563 -5.325952537924934838 -0.01178633483845562685 -0.01124031068396356796 0.9998673600660457073 -0.03076797352048843415
0.9539686088881736969 0.2997915753330659405 0.008300881294798452548 3.513244557837598592 -0.2998520168122271179 0.9539574073554080158 0.007350710922618397362 -5.507943373610982185 -0.005715005988867698228 -0.009501383487464943808 0.9999385293195293123 -0.03823530327980440013
