1.000000000000000222 -3.288104128200433695e-19 2.199307547639937647e-18 0 -5.681318425110126656e-19 1.000000000000000222 -1.273613892030353574e-19 0 -2.923285529664562976e-19 -6.024150353257425012e-22 1 -1.11022302462515654e-16
0.9999999123495343367 -0.0003511575379998407485 0.0002280116455907012826 0.001302910588176553475 0.0003514238927606873298 0.9999992547643106189 -0.00116917581753611644 -0.001415434789413083649 -0.0002276009107278144817 0.001169255843744999553 0.9999992905190349113 -0.001619105648993812707
0.9999975946676953331 -0.001865811445583608844 -0.001152998794480061514 0.1272303698321343157 0.001859587971044913751 0.9999838236733662455 -0.005375344108590454119 -0.03991998853493389232 0.001163009521924273119 0.005373187076258384778 0.9999848880206316792 0.01007518221006964421
0.9999984604891626327 -0.0004450683967187497717 -0.001697331200643999519 0.7838282792231092699 0.0004316301661010061175 0.9999686267715357513 -0.007909435382355754079 -0.1087581894790516923 0.001700798189856818311 0.007908690585987419516 0.9999672794141497567 0.02904232447864696365
0.9999939205892175442 -0.002951223264345258571 -0.001857165971330372936 2.379899983502424377 0.002936960494976705201 0.9999665301536520001 -0.007636284155081771337 -0.1091323167559966056 0.001879640191958564192 0.007630783307688489628 0.9999691185727106468 0.04028715979250785395
0.9999657288182227655 -0.008218923418467600356 -0.0009952317465937695132 5.367336086837219078 0.00821222559503104188 0.9999447829574210633 -0.006556705539935570558 -0.02220048908426947021 0.001049065853753060936 0.00654830776640453506 0.9999780093213844756 0.03160515077334002942
0.9999620144025035406 -0.008712344859983222126 -0.0002545555479771225587 6.812082177768242097 0.008710596440456932349 0.999942779503102952 -0.006209929936727034798 0.04824057491940286768 0.0003086440335424774518 0.006207476718339546666 0.999980685799328195 0.03161820291793637772
0.9999616417055297024 -0.008757939164780502786 -0.0001166986694518962751 8.351865168868972233 0.008756718775113246298 0.9999293727415656807 -0.008035509038695144018 0.09473835355453336105 0.000187064926918331908 0.008034178912902171718 0.9999677079665818535 0.0446863305840301539
0.9999726059120582766 -0.0073923331172228747 -0.000375281232942920311 9.690449782746355822 0.00738773511422077464 0.999911644561723878 -0.01105099272534866214 0.1018909271422835383 0.0004569406946572950371 0.01104791751496197322 0.9999388654932096498 0.05932484102919954871
0.9999942875723093483 -0.003377961297653119671 -0.0001191636972507433592 10.88164813712889867 0.00337641855697862767 0.9999318437381805591 -0.01117621028332880725 0.1038796859938429518 0.0001569083816479464367 0.01117574409309344749 0.9999375371110709176 0.06384515298742154954
0.9999998014874766916 -0.0004917487876165991872 0.0003939646560470382117 12.0555098794637594 0.0004953074446675906784 0.9999586138174794137 -0.0090843449286427784 0.09859697835724617887 -0.0003894811354535555512 0.009084538258423969365 0.9999586588799767028 0.07221161936070685794
0.9999943198666583211 0.003286846016156585136 0.0007462425774593432976 13.06969161367635834 -0.003280795333700579301 0.9999628603328727383 -0.007969588236469479087 0.07613641748362642847 -0.0007724096713393233766 0.007967094698324265686 0.9999679638794874981 0.07245241696873494508
0.9999793154575299381 0.006341395085774713392 0.0010748795235003758 14.13953282633931963 -0.006335485228455496783 0.9999652681721286074 -0.005415170906714049728 0.05831189573716560881 -0.001109181928959347479 0.005408249012339673076 0.9999847601628480964 0.07526227850227606986
0.999962208834416999 0.008533918928257291925 0.001659256297858015825 15.30334269663048907 -0.008529459177375599971 0.9999600413984219838 -0.002676552270017055167 0.04786665249806093536 -0.001682031476272922207 0.002662298560440359927 0.9999950414558561596 0.08297306034264184671
0.999958825741802726 0.008783873343616882545 0.002278242960569284905 16.55628308568259754 -0.008784489215554445313 0.9999613817085122314 0.0002604616212911953829 0.02130136020430284383 -0.002275867116815561125 -0.0002804640982540012521 0.9999973708807919914 0.09392086394629584056
0.9999583113920056388 0.008831069202624552972 0.002321141017689237751 17.81673487493338826 -0.00884360763704177856 0.9999460520908107775 0.00544825764769549855 0.01821813635502356199 -0.002272901856823154008 -0.005468557778122381391 0.999982464242602509 0.09764136665265277237
0.9999704048290118941 0.00746369787857768547 0.00186619419571100063 19.17402149090207431 -0.007481119142651919407 0.9999268003619823375 0.009509299330064856226 0.02078832152464749061 -0.001795083054032039528 -0.009522979121801274788 0.9999530441702007 0.09571861714553708822
0.9999896854217854569 0.004327833716442705189 0.001378007910082104616 20.48932008843479124 -0.004341692201193836191 0.9999383696110597519 0.01021795909858704866 -0.001169268685073110436 -0.001333701355344698181 -0.01022383659056699812 0.9999468457902604968 0.1023146316261741573
0.9999974531004584 0.001322575135699163374 0.001828821451652779852 21.82392173092100762 -0.001340931718299295545 0.9999483684073333656 0.01007285568105508074 -0.009202403889951027427 -0.001815404918541077897 -0.01007528235076973061 0.9999475951220176961 0.1014705491605119025
0.9999935344364748735 -0.00190420602349959992 0.003050423723130010756 23.17565583205071178 0.001869922720633043246 0.9999355008684043256 0.01120256632302291805 -0.004061684669840803785 -0.003071558968075427387 -0.01119678983486050404 0.9999325964396434951 0.1060431226298860219
0.9999710502959348046 -0.006399099814188138023 0.004117048902180980852 24.5216404074195502 0.006353940949013908018 0.9999205157760768792 0.01088988360675955357 -0.007564792359930905263 -0.004186407114250427323 -0.01086340886141105681 0.9999322278749123161 0.1075529926331642017
0.9999325585078223666 -0.01077854727536145876 0.004324506262857965959 25.85142502408496767 0.01073082330010299498 0.999882891063687107 0.01091116813947873299 0.02394066097745406463 -0.004441606366492106481 -0.01086402676037758093 0.9999311201552374406 0.1105313255121465055
0.9998754264071706421 -0.01515620772666138524 0.004406930215860220199 27.20022363368798324 0.01510036194481348057 0.9998085844124952049 0.01244080404411309314 0.02246275427250882251 -0.004594642071494698526 -0.01237270800572863941 0.9999128988868438705 0.1114171404455139847
0.9998022471785138476 -0.01949064172404460851 0.003947330887896714248 28.57443606190350138 0.01943412944759876151 0.9997147646058228698 0.01388178818049568344 0.06332599772280972372 -0.004216769929770263804 -0.01380233007652693043 0.9998958518442352394 0.1103432350760074065
0.999711942031386136 -0.02379359542162094374 0.003146073032404857108 29.97521923350002382 0.02373892127013300588 0.9995836157838968727 0.01640300810775423279 0.1036518192687894691 -0.003535049596390809311 -0.01632359870838456795 0.9998605120461148132 0.1065069929447579611
0.9995784483098058004 -0.02895739011784812661 0.002096480486972099756 31.30303640861904313 0.02891369712968413011 0.9994104743536200708 0.01851220874454901494 0.1416633551664026047 -0.002631309809114527627 -0.01844378788723448001 0.9998264363861931736 0.1100119683457794206
0.9993768363424624379 -0.03527758774040110762 0.001196153469516189746 32.70316029528598278 0.03524780519029210163 0.9991905189272167753 0.01938811795188959478 0.194108052556250521 -0.001879151238716124687 -0.01933387419389785353 0.9998113172489165867 0.1138863612342396747
0.9991792110793626946 -0.04049185384656409092 0.00114626188083524305 34.09908935847045086 0.04046215999014151493 0.9989939179785558565 0.01933818641049407649 0.247811625926605994 -0.001928147665771683724 -0.01927593360641271722 0.9998123427073262182 0.1116990999870134393
0.9989166052474393043 -0.04648412406712144895 0.002200447171818187622 35.4920903253482507 0.04643422998345260455 0.9987415509198266372 0.01895195914379524393 0.2933350544106282931 -0.00307864324183872726 -0.01882925061706858597 0.9998179740715770203 0.1156940055034698656
0.9986013735194211316 -0.05280905505236836717 0.002549609050490959494 36.89633207211121402 0.05275687919574512108 0.9984555262295746747 0.01741475934014805396 0.355875610933256481 -0.003465328231422276899 -0.01725589317605127557 0.9998451008283784081 0.1208893705054104872
0.9982091544004577655 -0.05979703123513910312 0.001673057889698960268 38.39744280944867683 0.05975824324371680624 0.9980563064335784551 0.01767941053387477035 0.4524522755872267821 -0.002726982242268782049 -0.01754777043468765813 0.9998423072266292566 0.1203605249772852215
0.997713916785707422 -0.06757757856398290131 0.0004594812006528014225 39.9091186480386142 0.06755767090972071565 0.9975452642892441713 0.01842299650364511224 0.5490910312353847189 -0.0017033347898731076 -0.01834983851601980701 0.9998301766184044537 0.1234078354310774728
0.9974039047318540296 -0.07200993911890693489 -0.0001396022120910385617 41.35283209692468631 0.07200016116875748717 0.9972325559396962857 0.01852582442971913504 0.6598173916233234237 -0.001194827619048985769 -0.01848778100125310353 0.9998283724422045715 0.1262640973655285714
0.9969393860146416042 -0.07817690333014659654 0.0004820716948268516399 42.83109185377001893 0.0781558923040562431 0.996781470594758523 0.01784254417688973735 0.7714709842715874455 -0.001875394984648327346 -0.01775025828779953213 0.9998406929226829609 0.1283572939599586515
0.9965908959590894511 -0.08246418766801984213 0.002498767354198260394 44.24250568003792949 0.0823975643297667204 0.9963960142671642872 0.02014011298316849621 0.8893542788567698754 -0.00415059988951370102 -0.01986556089312814175 0.9997940447964458466 0.131823413709456827
0.9961286076932143185 -0.0877994379922747703 0.00436527408275869111 45.6781004122795693 0.08771012485237859868 0.9959904981026879156 0.01760288879275953566 0.99109706452700852 -0.005893295251475642177 -0.01715186236392725327 0.9998355278183602701 0.1344103548393104086
0.9957551051005221199 -0.09191404381764733955 0.00485584281946323075 47.2102255283282517 0.09183096630379604386 0.9956584825769451141 0.01520722548247548274 1.163369197514067199 -0.00623251868288744737 -0.01469675566440257868 0.9998725724226406042 0.1380937757593559967
0.9954049269325564442 -0.09564916300385788162 0.004502116045657035895 48.73059004181998688 0.09555914017667231641 0.9952758191203525673 0.01716084525612680475 1.335041016956432625 -0.006122267720639834945 -0.01665177157379528483 0.9998426057838692982 0.1334303510338133991
0.9950215100463871698 -0.0995747724365910053 0.004130282400739109308 50.25675884037386254 0.09949342797575730368 0.9948990163953471688 0.01664346635751440609 1.460323847606340042 -0.005766483273338252405 -0.01614967106651304246 0.9998529570863959881 0.128248270649383378
0.9945614975732788299 -0.1040812812239754054 0.003809781713120110637 51.77955795542458617 0.1040003114434213116 0.9944249315263617994 0.01740663051852514923 1.617014799257247004 -0.005600246325666403263 -0.01691574602481820191 0.999841234785223687 0.1239889111308547509
0.9941487891548038691 -0.1079364016618580557 0.004232990812088919391 53.31468900166955649 0.1078513981687262424 0.9940249623767731801 0.01680625159690995671 1.779848980291292238 -0.006021704855783698365 -0.01625138069091548385 0.9998498045684404145 0.1191964169705942433
0.9936619042787380174 -0.1123246574407131687 0.004380788576559221416 54.85283712059291616 0.1122193419323828517 0.9934916599935444959 0.0195228283747152058 1.94692501426336273 -0.006545171924794446552 -0.01890748160127464494 0.9997998138943537949 0.1193872600752230451
0.9931980240014597339 -0.1163843690531657094 0.003516212715680055913 56.37851535914042245 0.1162954044097056494 0.9930250866352566819 0.01940505693764186385 2.105187580916549894 -0.005750132745047306648 -0.01886414481884036987 0.9998055210954629457 0.1228600087221994874
0.992627355720445359 -0.1211839185458314094 0.002321756443570687899 57.91706318573113066 0.1211232785401339385 0.9924748659488737967 0.01796640933340540314 2.288005040895169095 -0.004481524800554892961 -0.01755273062824906291 0.9998358953260296778 0.1210891712588714197
0.9922591070621645803 -0.1241652680296055633 0.002202421113447405529 59.48174088568610784 0.1241058180459719273 0.9921044902009772404 0.01806727592404700281 2.465860991818634496 -0.00442836003385941538 -0.01765408579355359775 0.9998343477204908458 0.1216974998579883893
0.9918785708463732087 -0.1271551274422578759 0.002911056883557350088 61.0472797711767754 0.1270887179996363359 0.9917474027955327509 0.01689813051357695953 2.680817604828265033 -0.005035717042804056624 -0.01639093104842526821 0.9998529786586730639 0.1149385203618328299
0.9914024280430716596 -0.1307965721352285227 0.003671835925312899682 62.62865447304072575 0.1307141400077831139 0.9912668915858172669 0.01742880539341932697 2.903880425070177296 -0.005919397386111005868 -0.01679899910149571657 0.9998413645989360221 0.1147899712491958768
0.9907962364799295374 -0.1352770761006122924 0.004788574917857089247 64.23012945322535927 0.1351926987951395376 0.990706804298102206 0.01493191614831383164 3.109061709256588202 -0.006764019711153844601 -0.0141471059483710658 0.9998770461560932965 0.1179021402309068378
0.9901565568615985358 -0.1398630628366449025 0.005321329580919697405 65.81996106777715738 0.139783309969163938 0.9900941391502630085 0.01319931379375556199 3.330405426462766272 -0.00711471368501518861 -0.01232555402826945347 0.9998987256548750313 0.1095939121643081382
0.9895006044463368067 -0.1444658567194146148 0.004262632139220933099 67.42761330444130863 0.144406530418505652 0.9894464506845522811 0.01193629803726175588 3.560475437596056114 -0.005942033762594109599 -0.01119542219637491808 0.9999196741518348031 0.1070318645153653936
0.98894623302385265 -0.1482585621301955869 0.002178745644361317936 69.0564209105392024 0.1482278264170544813 0.9888966650751682685 0.01057815152879827171 3.77918661067837558 -0.003722855837213827519 -0.01013827236667909359 0.9999416761878617832 0.1022334198384867721
0.9881765107360778178 -0.1533106009604525699 0.001744491826951061805 70.68638446596858671 0.1532863173565196802 0.9881324189010757264 0.009880669979999000263 4.022157227558973425 -0.003238600380987770311 -0.009496439247587376564 0.9999496632875086721 0.09621914823825639118
0.9875848256988020157 -0.1570740993568097987 0.001984779474983445688 72.30216130554703113 0.1570380264659800018 0.9875147075950642117 0.01240002172274124945 4.261420443764905031 -0.003907721166774532837 -0.01193438743049362108 0.9999211469468342051 0.09261216512097159015
0.9868139500879209436 -0.1618401943864882786 0.002445277355105989793 73.95133638045136593 0.1618037613513448603 0.9867600925656067057 0.01113833670022734874 4.54908637389214654 -0.004215532685684944721 -0.01059581095326977973 0.9999349769229586293 0.08551435174527488581
0.9860651496049002152 -0.1663467670542910504 0.002067320337246204582 75.55154787251279913 0.1663145925132832326 0.9860112665548718125 0.01101083813041357773 4.79538578214733846 -0.003870018469319897857 -0.01051357819890648589 0.9999372418457277423 0.08784917852636875413
0.9850182704348154905 -0.1724430149057792072 0.001553546713989850583 77.11859407465694005 0.1724109469174744669 0.9849469105959224313 0.01241163580790614201 5.065198184732160769 -0.003670460934697365903 -0.011957839566344294 0.9999217658342026693 0.08950759657436602179
0.9841397193433014667 -0.1773902689710626923 0.001305860796945187193 78.7681337653114042 0.1773498344773392077 0.9840283172118196031 0.01533972455635306854 5.345590627611169765 -0.004006121867232417463 -0.01486483801268411592 0.9998814867662830785 0.08749259192258962425
0.9830920599320078779 -0.1830939248525135232 0.002572230080290495175 80.35519528427406044 0.1830339863894705488 0.9829862874465309375 0.01537915902325900051 5.625959792888724387 -0.005344297483222112087 -0.01464832358760080264 0.9998784251597013784 0.08039141584684905695
0.9818554597343579493 -0.1895590168095969141 0.005218747227704381535 82.04911270213908381 0.1894705734512611983 0.9817852867365426395 0.01409086789348312774 5.96285224604694708 -0.007794740306743246777 -0.01284639653240190332 0.9998870996861450866 0.06933602739680599925
0.9806578937161826159 -0.1956410138688834399 0.005889751326851055263 83.66897814385892218 0.195543037984257484 0.9805929482992723489 0.01415591948367398399 6.253617711996883877 -0.008544927057811523702 -0.01273041430545486172 0.9998824534775033746 0.06223072699101672711
0.9794321122464574314 -0.2017197887863803052 0.004675927500033501445 85.27068405938287299 0.2016696750979330988 0.979407957364833992 0.009454904099287727431 6.577904075986870325 -0.006486881858727713834 -0.00831744390157404187 0.9999443686975501011 0.04442849144291283192
0.9782544839590506802 -0.2074081915735576653 8.165038269641847917e-05 86.90629569520979203 0.207386547140960803 0.9781579342086058615 0.0140668342382807704 6.907492266233332678 -0.002997443619555802304 -0.01374401046526027917 0.9999010538586842189 0.04055107824199144506
0.9767084793598960202 -0.2145535661487838752 -0.002704363697654409929 88.54485776386357543 0.2145620897185773202 0.9764798115514763399 0.02121997418883145303 7.275441654182213114 -0.001912064581486669574 -0.02130598263498689401 0.9997711733755477725 0.04228200301025741847
0.9753389544134709599 -0.2207077244093646751 -0.001422804625087398028 90.15177868093871894 0.2206749308782746666 0.9750348727982235397 0.02468950640303076496 7.617652873408959913 -0.004061880647926226044 -0.02439461465858699593 0.9996941551798396164 0.03742601230474140728
0.9738690041100075412 -0.2271075083152216678 0.001158655994049696695 91.76155538861569028 0.2270076633651608999 0.97356900222719156 0.02511809494369747833 7.978886130826063905 -0.00683253951580382532 -0.02419871030401712919 0.9996838194261966626 0.0335531578794822094
0.9721643236294519319 -0.2342804243900983574 0.003034895776344621963 93.41231996356778211 0.2341746774850943791 0.9719862188503239908 0.02012488032332693591 8.3570438711416557 -0.007664742372391030768 -0.01885399491384955398 0.9997928678477554509 0.02463982711902412692
0.9707450223928717481 -0.2400983623922804955 0.002622567094074962791 95.00008892335941368 0.2400162533831996237 0.9706067980160945075 0.01773814464625380477 8.743166306438990176 -0.006804380930244702946 -0.01658975687925987735 0.9998392272590795882 0.01426375952865011065
0.9691102626992862401 -0.246623174442041404 0.001519388210775228423 96.65246588524411209 0.2465562235761209198 0.9689588771722869032 0.01813071934958338655 9.156790907587947004 -0.005943680254588926126 -0.01719605155756213227 0.9998344705375716845 0.001683081486254178749
0.9674610649270084517 -0.2530198347162509465 0.0002259895177917524889 98.2861738509092504 0.2529567023020028449 0.9672388637903293063 0.02149156006390933946 9.592191389867288365 -0.005656376818589016302 -0.02073508200778020547 0.9997690042078335448 -0.005964161146353119669
0.9659236855339571326 -0.258826939136593881 -0.0002219953619375577831 99.91769260140546294 0.2587572579033120546 0.9656430152062416283 0.02404680199607979116 10.00645832980396754 -0.006009591885014493005 -0.02328481850460160582 0.999710809200261008 -0.01213555917165187736
0.9639903437833843292 -0.2659366307605169899 0.0005705189576431480506 101.5911489822264855 0.2658354694621775094 0.9636785565051643188 0.02559575998289730439 10.43350212962708312 -0.007356647056107137178 -0.02452240127405705059 0.9996722120670090694 -0.02199619138359898418
0.9626899114697889948 -0.2705994684689799201 0.002015439927164804513 103.2336456882484441 0.2704781159811711078 0.9624346245835083691 0.02368928448847390858 10.88762883125376923 -0.008350036959451637847 -0.02226030277619917008 0.9997173379521260284 -0.03296078005115044007
0.9613157482693551747 -0.2754397917558091824 0.002225584408514893423 104.8916033577483233 0.2753441127764696961 0.9611418058519269891 0.01980021779745900351 11.37140333837781192 -0.007592870082915426956 -0.01842145960698087642 0.9998014793692535651 -0.04371113134488957552
0.9601765766297151172 -0.2793921726575452902 0.000977511112771903062 106.5554003200702908 0.2793336091836162161 0.9600362321709162705 0.01741171219563911535 11.84204247502121632 -0.005803142184105525812 -0.0164452664854402783 0.9998479268120314956 -0.05580725954083642915
0.9594450834026477803 -0.2818941935898925388 -0.0008919265722787679106 108.1849034619245771 0.2818704494562985774 0.9593123959922064126 0.01639440884087005681 12.32075990590729653 -0.003765852440899284184 -0.01598094268460939146 0.9998652048280506355 -0.06361164501794247528
0.9586885893808008152 -0.2844495767216497772 -0.002151016454621151441 109.7798157134531891 0.2844444633517999033 0.958543562747552258 0.01689927827527141699 12.80365897143259879 -0.002745149574773677117 -0.01681298995527685455 0.9998548832316737078 -0.06781614022446535994
0.9579501793415011734 -0.286926214753893738 -0.00219115591282758107 111.3704373256067015 0.2869145265006662893 0.9577650107589030792 0.01913736323747921783 13.29252115508646703 -0.003392398726118170393 -0.01896131498935234305 0.9998144628701494119 -0.07442117655426927492
0.957110610971772191 -0.2897195305980668767 -0.001368185942210043771 112.9724317757226686 0.2896901586040975807 0.9569213924186033005 0.0195207777155417192 13.77372286466962947 -0.004346304158144468494 -0.01907989347109724856 0.9998085153191865748 -0.07816635136251282034
0.9562012225716631786 -0.292704429841313396 -0.001827205767466642036 114.5704159353915799 0.2926715796087484001 0.9559553393084765371 0.02219765213582198388 14.25737820627557895 -0.00475062400124155737 -0.02176019329095372351 0.9997519320106081908 -0.07878136767931798179
0.9551419968632155477 -0.2961277552782083378 -0.003481143311083335218 116.2304014281698983 0.2961180288933675242 0.9548108225893692236 0.02550305970577800008 14.76376573846799012 -0.004228330513494065607 -0.02538987265088273396 0.9996686829081372627 -0.08048121249134565502
0.9540987732697481238 -0.2994541599388190201 -0.004768324316261553404 117.8726523502410544 0.2994721804978211499 0.9537305947759346925 0.02672762092678538856 15.27269762398676178 -0.00345600048406301914 -0.02692877080048604668 0.999631380741600406 -0.08225528309052010378
0.9523848967617455363 -0.3048554131012768953 -0.005117176834089548487 119.5667333796812102 0.3048744932178360512 0.9519662425074328915 0.02849239435680791729 15.81527895133637074 -0.003814681047362214732 -0.02869582273311641063 0.9995809111651031698 -0.08756418398830179139
0.9514730124607265749 -0.3077031047688402743 -0.004231530474577176876 121.2805030814312772 0.307700103994102192 0.9510852366574088501 0.02752305650345832425 16.33928464369223477 -0.004444383774379573153 -0.02748948783159229498 0.9996122125659724356 -0.09475180132504945618
0.9508153542804615999 -0.3097338990274491333 -0.003882503479286741194 122.9414350680269052 0.3097255042651386181 0.9504580194829509443 0.02645118585896465147 16.84839823137710013 -0.004502672360736831997 -0.02635270398255026847 0.9996425665875950939 -0.09699763986044229735
0.94957849441216724 -0.3135165967633016804 -0.002833104155511235317 124.581219444780217 0.3134812525247855919 0.9492355673657116855 0.02610252839869518435 17.37217799832441045 -0.005494292638216938945 -0.02567452463722729936 0.999655256342087073 -0.1089574341260577395
0.9482245422737051177 -0.3176003175391545197 -0.0005056718525385494852 126.2557418027347751 0.317526146361058248 0.947966193504652832 0.02317848949047211782 17.90175517030921881 -0.006882135799041766075 -0.022138976603207218 0.9997312148377529573 -0.1121559414831244661
0.9472976504908355855 -0.3203547429795606249 1.685348598659567334e-07 127.935505472512574 0.3202665140017843526 0.9470367673289842303 0.0234674532520131908 18.50627436916895974 -0.00751806956159537746 -0.02223060933327005578 0.9997246013967195921 -0.1187508806778596604
0.9463975822312862274 -0.3230032801098063899 -0.0007052373789095354182 129.5841214964407584 0.3229256620615904572 0.946117552240591575 0.02409552137935567009 19.07641343809207868 -0.007115694976738026062 -0.02303168240401657837 0.9997094120242001614 -0.1273989677571368828
0.9453552027111389311 -0.3260322852166669949 -0.002547484562363809633 131.2421155826051518 0.3259955494212643523 0.9450587564307265653 0.02430737907734785083 19.66400307225408994 -0.005517467753590511031 -0.02380957588482096599 0.9997012862075769224 -0.1360423041899495589
0.9443689385437830097 -0.3288546398274570515 -0.004683348308997141614 132.9188327686579498 0.3288664728705458784 0.9440485425740429148 0.02488357515045963239 20.22172265548772785 -0.003761770996153187066 -0.02503947167155915615 0.9996793855716366028 -0.1391225399242088656
0.9431652296022243753 -0.3322414056425722628 -0.007416064939319581308 134.6233756450672843 0.3323117673728170907 0.9427024372155690113 0.02968171424714673504 20.81927899523390124 -0.002870351968535835453 -0.03045920645925131662 0.9995318893467223242 -0.1416450585835425935
0.941466660063068006 -0.3370162280315224801 -0.007783958234262045202 136.3998049967145789 0.3370980235904151301 0.9410331597060808129 0.02866208039704478891 21.41827278825697789 -0.002334623408648821893 -0.02960835001751795093 0.9995588502646670648 -0.1476020417791396033
0.9403838286679812031 -0.3400093228828662273 -0.008480277403730434108 138.1151384217576776 0.3401103670026718873 0.9399475023663087514 0.02869897351095814994 22.0678069541535784 -0.001786902983744866318 -0.02987228082811200364 0.9995521266124925974 -0.1523233519231650401
0.9391062214157922527 -0.3435082708322431677 -0.009031762839577543375 139.810909279732698 0.3436218593957077183 0.938624221884457155 0.03014279127010921835 22.67036900091787643 -0.001876866737551944253 -0.03141079393183983381 0.9995047970847897867 -0.1496710498986485449
0.9377229108305721317 -0.3472985360028301161 -0.007711638317006135578 141.4843601225693419 0.3473726032099920258 0.9372797451670742408 0.0289647003655961327 23.3014824323882479 -0.002831435633856683055 -0.02983967499394174147 0.9995506874431598909 -0.1542283319036963363
0.9359944352515060517 -0.3519438072489157743 -0.007069207085310199104 143.2074281539911738 0.3519971374766691086 0.9355575780145835019 0.02881030122619822331 23.93451978828004201 -0.003525956839917374162 -0.02945462226226530297 0.9995598995834419354 -0.1588976368192112076
0.934337417057088504 -0.3563372002362210078 -0.006114800575420051981 144.9302905249462299 0.3563739438554631156 0.9339975385035392819 0.02542066559926930286 24.58843741355191526 -0.003347120119289203385 -0.0259306346111488166 0.9996581410537885848 -0.1580733576048501954
0.9327523709299028187 -0.3604592095313317035 -0.006494055702481442253 146.5981326752960001 0.3604954335253121034 0.9323432096263858382 0.0279138299187227136 25.23118661222800796 -0.004007108327730969644 -0.02837776844217896471 0.9995892383076926402 -0.1583488413661088279
0.9310949028690921336 -0.3647305386153196216 -0.005823746478242592534 148.2874239831641034 0.3647387452555915788 0.9306472204064328846 0.0293495977719601675 25.89528747291921817 -0.005284841128501979214 -0.02945140684758098745 0.9995522423006504287 -0.1665417030731092263
0.9288622618590021141 -0.3703745590981665226 -0.006130614728969655848 150.0124913449061523 0.370372013245708176 0.9283207577544397848 0.03232866464019326647 26.55846989741132802 -0.006282537998937290889 -0.03229948465741400848 0.9994584898865714884 -0.1763627716525977274
0.9268898502643855286 -0.3752787812484725261 -0.006406386735220918893 151.7403541405281828 0.3752752829984261629 0.9263106686938029632 0.03342165564224810342 27.23680419170825218 -0.006608133813333617011 -0.03338235196579856373 0.9994208078401627393 -0.1738735027545563749
0.9249324958028469768 -0.3800643081935805578 -0.00714141542177705764 153.4520248555926969 0.3800807541956168767 0.9243394122049171102 0.0336937882493988719 27.92812694465352052 -0.00620471458528155332 -0.03387879419469725512 0.9994066884006820306 -0.1832184430829976174
0.92287089536042477 -0.3850475565751684814 -0.006905768653729961286 155.1771205615559097 0.3850587485507591667 0.9223099064385441581 0.03277493984891563517 28.61691004995524423 -0.006250651661797116537 -0.03290616469570392666 0.999438899422076199 -0.1925698163566844645
0.9208183383816371803 -0.3899377683830826946 -0.006490335636219679225 156.9522762769169049 0.3899355500355670689 0.9202754734415368176 0.03230046180933524719 29.34330292937577056 -0.006622273292103988268 -0.03227367014458804029 0.999457130501850699 -0.2029194557705753521
0.9187031990045702035 -0.394889649252723629 -0.006826200958429545079 158.69570642846125 0.3948862083004747725 0.9181134367530418006 0.0336541198191081109 30.08465878133496219 -0.007022436746139247565 -0.03361372012685532457 0.9994102276845475696 -0.2099319665898164988
0.9168080596799117465 -0.3992898383885361002 -0.005532326188008173003 160.3763963558769774 0.3992429498489911133 0.9162382593517029994 0.03335444692440872605 30.81698687510296608 -0.008249162801954547028 -0.03278836796891082539 0.9994282736834936287 -0.2169701073887589926
0.9143276715851187397 -0.4049524969549943565 -0.004287674278048634463 162.0871039412727157 0.4048600001923742253 0.9137638469941367081 0.03352629124780650421 31.57890392923224709 -0.009658633607950287137 -0.03238992359789030079 0.9994286385955529761 -0.2351064497934346464
0.9121073584120171773 -0.4099205010635080249 -0.00503482919668773489 163.828266653895497 0.4098535130572596996 0.9115523488494764459 0.03305167433264208365 32.34266978180185959 -0.008959048519480193942 -0.03221021777561162286 0.999440962398161048 -0.2470069712721660871
0.9102583907934495011 -0.4139799511922566677 -0.007089567472650168747 165.5687535673487218 0.4139827953649691805 0.9097115190792530726 0.03229856391907379165 33.11507099481804772 -0.006921496715901837883 -0.03233499775293096484 0.999453120862927924 -0.2602607390514606323
0.9084133513725037856 -0.4179721920274271363 -0.009188563835904604502 167.3481393254488694 0.4180404579664733777 0.9078478674152564709 0.03247191352613697235 33.91454308679532659 -0.005230538789012752557 -0.03333911120019118768 0.9994304103476434609 -0.2693539682615754272
0.9068445498635713253 -0.4213360170981590436 -0.01043662031374561691 169.0683794001525939 0.4214470705261514349 0.9062973194128475241 0.03174170136566844408 34.70293038145744191 -0.0039152410113695163 -0.0331832719184673372 0.999441614779000953 -0.279068081760994402
0.9049983056441578411 -0.4252690703005639894 -0.01114829993553409157 170.8115351902141583 0.425398612493888606 0.9044210885429685431 0.03253482938343842806 35.52168576068115868 -0.003753299077233220558 -0.03418643676458076736 0.9994084251630261928 -0.2876048423520241037
0.903212630876128908 -0.4290782018530696629 -0.009941835077014796879 172.554825331517776 0.4291612068236193012 0.9026190749290482485 0.03315816895260871588 36.33748241436135373 -0.005253757526558992981 -0.03421552692814804064 0.999400668274829318 -0.2908272969793285201
0.9014940177586758807 -0.4327217067262042471 -0.007775631004543715093 174.2701267260762847 0.4327158207712333837 0.9008546623489690486 0.03489836407616105779 37.18199957923786769 -0.008096566217699677215 -0.03482530496995270286 0.9993606174690924382 -0.3017156354581491673
0.8988849315146868468 -0.4381351883020400129 -0.006590647255739967222 176.0506301083952962 0.4380819484566857991 0.8982465838907626177 0.03517500536280650236 38.00727718568849411 -0.009491381210758806364 -0.03450552585129681993 0.9993594360225236395 -0.3100834428437143631
0.897581202743496287 -0.4407978138615219477 -0.006728427755991915268 177.7983491488986658 0.4407550910474699046 0.8969698611250794817 0.03435138987727996696 38.86018737197750994 -0.009106820646730365287 -0.03379875060336866993 0.9993871673551871782 -0.3163072565345234066
0.8955831077894056413 -0.4448563806319655867 -0.005804964828188564734 179.5717393721736528 0.4447879146826740349 0.8950075574539463341 0.03354374890198366654 39.74343235431133792 -0.009726663332829661376 -0.03262319306234529731 0.9994203916739083926 -0.3358054350159810353
0.8930764772933649231 -0.4498765551819267627 -0.005048838074784105928 181.3386179468258774 0.449787966212905288 0.8925323449269163545 0.03281461179997834099 40.63561793792831622 -0.01025627322543476959 -0.03157686449231971587 0.9994487032795158488 -0.3521490297744329645
0.8905450674868261585 -0.4548484244673340338 -0.006511028864001720297 183.1071945613142589 0.4548229332169319017 0.8900579110111160874 0.03054528613518571814 41.50316936375993038 -0.008098282519358459067 -0.03016331912142187349 0.9995121770137724848 -0.3639906590539523368
0.8882300670187579517 -0.4592961980318771009 -0.009713417472736515096 184.8603533666323813 0.4593598846340628539 0.8876805328078770652 0.03180830240677704618 42.40231755829552895 -0.00598702075875710317 -0.03271504488031029556 0.9994467876881354407 -0.3736515679378927812
0.8858436516982830522 -0.4638607539600697605 -0.01068763971270936079 186.597043037583262 0.4639331553728507362 0.8851712882852703634 0.03518263464975230487 43.31615421463030913 -0.006859451616749970455 -0.03612466394159249972 0.9993237496315844348 -0.385305831476327687
0.8835549033481342462 -0.4682468957080104244 -0.008693525767697636922 188.3398085337443035 0.4682574268142443152 0.8829489978105470316 0.03370533397970654904 44.23282079917191822 -0.008106478135601379378 -0.0338513210842807527 0.9993940029198008501 -0.3976135654513679452
0.8812149366295060071 -0.4726568100830128016 -0.007468286545833952017 190.0918870621645453 0.4726505616113866326 0.8807208578004545041 0.030532233523402421 45.17494698038660772 -0.007853792363518886932 -0.03043535003117307097 0.9995058816300240734 -0.4070185288138835622
0.8786134557388119992 -0.4774730157153561083 -0.007610165482418025998 191.85817570361462 0.4774845671287358817 0.8781830608118805781 0.0283372528226569359 46.11497295691808063 -0.006847155140066590873 -0.02853122817113340481 0.9995694500557110729 -0.4182274232463296659
0.8762497736573870988 -0.4817953559481477632 -0.00771810288000325008 193.6080306290755573 0.4818139757970087977 0.8758443537069939833 0.02742190451403819784 47.07259885739110672 -0.006451889411559049575 -0.02774712742901157964 0.9995941526647947883 -0.4323094743704722909
0.8738602081231267027 -0.4861197220358225435 -0.007480138123899645643 195.3487532927884445 0.4861211406052983186 0.8734221181036383452 0.02863634587975428733 48.05327888770972322 -0.007387374409420434558 -0.02866041641788096353 0.9995619076521321533 -0.4516806255389395064
0.8711978969089735347 -0.4908696014637989324 -0.007826796230371264179 197.1024103567677912 0.4908595857459348566 0.8706848820036072745 0.03105967439721487103 49.03104945510671797 -0.00843157683469034254 -0.03090098093936338372 0.9994868873016894417 -0.4632267880398449611
0.8682371205238392786 -0.4960570027371744017 -0.009578754529359459133 198.8419496128578885 0.4960781355038059171 0.8676230937235190899 0.03371425151631432526 49.9964181710787301 -0.008413441911913326771 -0.03402377531451671738 0.9993856096159700053 -0.4727051309630635467
0.8652846910530296309 -0.5011348364635156427 -0.01209458844722073774 200.6020626526304795 0.501226856576351798 0.8645859478369170015 0.03553557503015729313 50.99246530179968317 -0.007351303358958121911 -0.03681052157986740292 0.9992952235645827797 -0.4872622720261102769
0.862497153114550219 -0.5058505860374429286 -0.01462345485761902021 202.3855761456953246 0.5060287528306173233 0.861749684501525004 0.03636457911074257587 52.01055357921475775 -0.005793286038139195716 -0.03876423454999058243 0.9992315907515353368 -0.5018902333553975081
0.8600514699314724121 -0.5099051753380703378 -0.01755509010599552375 204.1566012849479819 0.5101858642160876922 0.8591908770333205325 0.03874817184099069861 53.04777767548489464 -0.004674720085873019029 -0.04228178093474539018 0.9990947892929976648 -0.5086036321792677395
0.8574613598707951923 -0.5141704070840734664 -0.01971823428734864603 205.9134907647124351 0.5145279704632266249 0.8564564074770294466 0.04175391894596209436 54.08833050445269208 -0.004580821396084945769 -0.04594795515650094281 0.9989333318553225149 -0.5115112074784150531
0.8549881183089077519 -0.5182628426409451317 -0.01997356863023030255 207.6738128591802308 0.5186142456728107808 0.8538623023201890039 0.04425418519234003423 55.14115240325944001 -0.005880622514135246809 -0.04819537972130939762 0.9988206163528609016 -0.521362276960879889
0.8525268188727288532 -0.5223408439442972506 -0.01892262681444100911 209.4304161417638852 0.5226286773681417808 0.8513543735763314801 0.04533206625194936834 56.20423177932881487 -0.007568928639375555913 -0.0485363096267217714 0.9987927402449546799 -0.5330477856297005657
0.8501389222031537907 -0.5262351750936938855 -0.01844866944610536533 211.1580941844726453 0.5264985046920381828 0.8489915218120172025 0.04486335358044277882 57.26619566829987207 -0.007945910771700545952 -0.04785327990371252005 0.9988227701165920402 -0.5421598256512250025
0.8478844553217097513 -0.5298561246052344575 -0.01855903006001992026 212.888297858453484 0.5301304247096368938 0.8468001413113035447 0.04348854468368371778 58.33626892756808502 -0.00732688246669111181 -0.04671196747709508573 0.9988815289546257858 -0.5530881038170544217
0.8456902282858507203 -0.5333557196695026814 -0.01843133288729298033 214.6393945678633486 0.5336340399371751753 0.8446991580127815036 0.04144929335207728216 59.4287896833982785 -0.00653828630775518671 -0.04488884895447171203 0.9989705911841409991 -0.5644821807408736403
0.8433771693126783653 -0.5370221262053589406 -0.01794954601345184059 216.3864379011864116 0.5372887792951351882 0.8424827627305548905 0.03928819405608704324 60.53226476727549255 -0.005976446384511216112 -0.04277885552398063423 0.9990666902703935204 -0.5783622328063903195
0.8411258328626547431 -0.5405534386410205672 -0.0175873027575065774 218.1599263298374183 0.5408113973358962268 0.8403060261173633805 0.03753418481067534451 61.66830211037493115 -0.00551051616844665075 -0.04108238620631408933 0.9991405665642751899 -0.5879381783278807561
0.8386448062340026155 -0.5444094333210515169 -0.01712477273737518513 219.9202789819436248 0.5446495736250952513 0.8378602321795244334 0.03670249758984536759 62.8033340001710485 -0.005633019845155034025 -0.04010735911617169941 0.9991794978037584762 -0.5979064957347741682
0.8357816478765587309 -0.5487962622860608208 -0.01707921329406561495 221.6717790851234042 0.5490301209656528458 0.8349937682941194206 0.03676048462801781436 63.9566466692782285 -0.005912979888167114138 -0.04010074092653568428 0.9991781459005066868 -0.6048497299713221365
0.8330899945982913612 -0.5528748023089969932 -0.0170444661052413203 223.3987625797669523 0.5531013481604964976 0.8322878580594250675 0.03709204817676507726 65.0951981973677789 -0.006321356608720550725 -0.04032833136302269722 0.9991664856965740693 -0.6158941023918196311
0.8304648229660204217 -0.5568144407598921708 -0.0169072862916550791 225.1377510521546981 0.557028145776927941 0.829641521195293774 0.03761105116211373861 66.24903998314741216 -0.006915389693046710383 -0.04065248924416278026 0.9991494145035172414 -0.6300225324444571617
0.8278304626060356552 -0.5607328515058046525 -0.01659501057019040562 226.8796440531934593 0.5609131463775341997 0.826920892398336993 0.0397275720996262266 67.40685033689966588 -0.008553793828779767544 -0.04219605394837611795 0.9990727329084724273 -0.6437468888808546286
0.8250383037437234446 -0.5648501724420733616 -0.0160024997960842609 228.6032140763376788 0.5649702838544146122 0.8240020941956492928 0.04276829634390857948 68.56924359650592748 -0.01097158621249586311 -0.04432641948731862874 0.9989568523364853458 -0.6621706835653742296
0.8217974484116096212 -0.5695497677538846615 -0.01618690171506182926 230.3456828450468095 0.5696365417332063252 0.8206224146651571738 0.04575000460658773527 69.76346668349502522 -0.01277357011888326233 -0.04681788773006362314 0.9988217665295952008 -0.6842253026240182612
