1.000000000000000222 -3.288104128200433695e-19 2.199307547639937647e-18 0 -5.681318425110126656e-19 1.000000000000000222 -1.273613892030353574e-19 0 -2.923285529664562976e-19 -6.024150353257425012e-22 1 -1.11022302462515654e-16
0.9999999996676680603 -1.716126151242039564e-05 -1.923933090050937558e-05 0.0002543114371705845755 1.7161061405977224e-05 0.999999999798658834 -1.040103506251757223e-05 0.0001638053862135224747 1.923950939175560681e-05 1.040070489274990851e-05 0.9999999997608344238 0.0008108590222243305945
0.9999999997021189468 -2.426964943739756781e-05 2.597152084776238491e-06 -0.0002551491528063332126 2.426983957788428039e-05 0.999999997023636622 -7.323730961599113354e-05 0.001105608778526223634 -2.595374630831085692e-06 7.323737262386693296e-05 0.9999999973147755128 0.0007307855142749675181
0.9999999919860778075 0.0001251227204435847529 1.929144248613033616e-05 -0.0003612336117542191971 -0.0001251226730842662461 0.999999992169137264 -2.456462966518872293e-06 0.005090206360466031921 -1.929174969411540352e-05 2.454049142083392398e-06 0.9999999998109019295 0.001178374576035867705
0.9999999974310196382 7.099293854844627766e-05 -9.897809927885670812e-06 -0.0004892007590333591338 -7.099310440005456285e-05 0.9999999973395956587 -1.675658794725011719e-05 0.0008224548711169843429 9.896620302691583334e-06 1.675729057580019273e-05 0.999999999810625595 0.0009905460259989062877
0.9999999998597431938 7.094236426366467516e-06 -1.517183226330396962e-05 0.002695575051610776818 -7.093478677417228505e-06 0.9999999987276513291 4.994376630350946377e-05 -0.001819719303544853339 1.517218655519571947e-05 -4.994365867256982117e-05 0.9999999986377186012 0.0001737016609528740929
0.999999996916126066 7.807126619435989488e-05 -8.52229568210800848e-06 0.003914568266355722415 -7.806973328916230227e-05 0.9999999808026227566 0.0001797216362964832587 0.00293960410558585794 8.536326608371708416e-06 -0.0001797209704030754889 0.9999999838137522135 0.0005473975734350267075
0.9999999988252218364 4.805483436682227394e-05 6.347689889593634861e-06 0.003868843706549496275 -4.805622320693436929e-05 0.9999999748697230295 0.0002189775105834895514 -0.001306934621837396726 -6.337166809148088735e-06 -0.0002189778153630146012 0.9999999760042775909 0.001475677704363076437
0.9999999968595519872 7.906604276446191207e-05 5.42798849411224662e-06 0.003598963941961685897 -7.906622170989949499e-05 0.999999996330605545 3.297448388419622065e-05 -0.002199919085894619375 -5.425381313225571702e-06 -3.297491295403446004e-05 0.9999999994416098881 0.001263119866705131322
0.9999999999333256673 -1.476862605311267645e-06 1.145290584329216558e-05 0.002900916059966784921 1.476420377213700986e-06 0.9999999992534341908 3.861285369947186843e-05 0.002325552946788045361 -1.145296286182737684e-05 -3.861283678573710563e-05 0.9999999991889385598 0.001149313125235029709
0.9999999910300536587 -0.0001328040099762000802 1.740634751421926707e-05 0.003947104502301290729 0.0001328025252576119618 0.9999999875461240695 8.527162424635396692e-05 -0.004576489740549083418 -1.741767171387824135e-05 -8.526931186282439633e-05 0.9999999962128834907 0.0001392712923239391998
0.9999999995760302518 -4.246939550494380573e-06 -2.88079773759591309e-05 0.005079570340753458701 4.249043893221724615e-06 0.9999999973230114803 7.304740320433096015e-05 -0.001077756555133035921 2.880766706841434468e-05 -7.304752557447983196e-05 0.9999999969170902947 0.001646409437588647329
0.9999999972036029972 7.308761409728081206e-05 -1.584289970273164964e-05 0.005018869115060109465 -7.30857907175626705e-05 0.9999999907096972507 0.0001150611501682125156 0.001095528053447425432 1.585130909671906335e-05 -0.0001150599919528571863 0.9999999932549679116 0.001533343666682229767
0.9999999999299475917 -1.164313344148929709e-05 -2.131036988601907471e-06 -0.000191681792281350738 1.164329378916240946e-05 0.9999999971003992183 7.525713446798005992e-05 -0.002154587894904802514 2.130160751091244065e-06 -7.525715927008121511e-05 0.9999999971659112585 0.001144717953739382565
0.9999999999552653396 9.146022538603726536e-06 -2.41250196240210677e-06 -0.001593136407950890288 -9.146067358395645647e-06 0.9999999997856007239 -1.857814742895458045e-05 0.002080502435686082396 2.412332046333092913e-06 1.857816949155341896e-05 0.9999999998245162613 0.0007345392409668916045
0.9999999999273165852 -8.335937303734558402e-06 -8.71077912413728347e-06 0.0008718252814948757035 8.335969930072009953e-06 0.9999999999582422916 3.745411033245048181e-06 -0.001627881813430931413 8.7107479020952334e-06 -3.745483644798716e-06 0.9999999999550476248 0.0005316829922731303171
0.9999999995750361581 -2.796342920737778217e-05 -8.244513455856123098e-06 0.002016820884059633556 2.796372309724246303e-05 0.9999999989736141348 3.564834198219823084e-05 -0.003120603479856043361 8.243516596283844547e-06 -3.564857251049611137e-05 0.9999999993306122326 0.0005330194031222257323
0.9999999995949014897 -2.819443815894061604e-05 3.907566843852120835e-06 -9.589649076657824622e-05 2.819427638027986632e-05 0.9999999987457188766 4.13962239722458008e-05 0.0001842234799904751696 -3.908733983580650063e-06 -4.139611378067628166e-05 0.9999999991355414952 0.0002054216525123608861
0.9999999998977670002 1.302046465820305711e-05 -5.91049139557984044e-06 0.002006428169311846865 -1.302005530957167996e-05 0.9999999975173072819 6.92521704070584663e-05 -0.0005563712641705187423 5.911393074070290106e-06 -6.925209344175431415e-05 0.9999999975846016742 0.001075296150724658339
0.9999999994366257638 3.216945602960571634e-05 -9.585190426722569861e-06 0.003281599117348710237 -3.216901308607731638e-05 0.9999999984150003129 4.620770747991997804e-05 -0.002465791502526126777 9.586676886819721488e-06 -4.620739910672478734e-05 0.9999999988864863854 0.0009448043598571098656
0.9999999975615160297 -6.922029013162466242e-05 9.2474986234235645e-06 0.00398125458035958335 6.921958658776150737e-05 0.9999999947118495269 7.60588888536960049e-05 -0.003851983773645872855 -9.252763395366559482e-06 -7.605824855232353485e-05 0.9999999970647640568 0.0002239382523634425581
0.9999999994951861426 -3.149865641076716761e-05 -4.178521343629502094e-06 0.005089310437712768476 3.149892582394457668e-05 0.9999999974244255796 6.44900686951316017e-05 -0.003323298705008248533 4.176489980210858078e-06 -6.449020027599367965e-05 0.9999999979117856208 0.0007492326607124732973
0.9999999993391546216 3.565629241009901526e-05 -7.093750984665410263e-06 0.001425368074527977313 -3.565641761879371883e-05 0.999999999208533108 -1.765082054072980954e-05 0.001764697094081890683 7.093121616805455027e-06 1.76510734640306022e-05 0.9999999998190640671 5.497608222548855395e-05
0.9999999999691531194 7.176689382348388104e-06 3.192137579785659429e-06 0.002902603730721931008 -7.176973791596276854e-06 0.9999999960041997538 8.910719254744849777e-05 -0.0007149507696067591844 -3.191498075269296936e-06 -8.910721545014818623e-05 0.9999999960248590058 0.0001698318721831126865
0.9999999986132419583 -5.231316244375550111e-05 6.070124268537625429e-06 0.0008998422391295335387 5.231262676556802448e-05 0.999999994740647602 8.82161990641033058e-05 0.0003035084123617082241 -6.07473910785428199e-06 -8.821588138993616908e-05 0.9999999960905274765 0.0004519269366685119138
0.999999998566213133 -4.744226667354430792e-05 -2.483544728697685436e-05 0.0005316682282539009208 4.74436556706021013e-05 0.9999999973104588546 5.593018045189600816e-05 0.001639131150386829994 2.483279376366838269e-05 -5.593135864948912571e-05 0.9999999981275091709 0.002778424048724859041
0.9999999811626393287 -0.0001938375006277406594 1.008629073732099929e-05 -0.0006106250228857801332 0.0001938368161270797815 0.9999999789136981843 6.78225989503502836e-05 0.001918333116063763999 -1.009943709001823651e-05 -6.782064256377829314e-05 0.9999999976491803499 0.001028166490414039735
0.9999999926713777354 -0.0001209504055344735006 5.313819849573631207e-06 -0.0005758422126260764884 0.0001209501086057766198 0.9999999911261984176 5.584516472587977847e-05 -0.00244894695989567035 -5.320574299629090927e-06 -5.584452159969848081e-05 0.9999999984265400821 2.361386880767035734e-05
0.9999999994201380638 2.728721817536864885e-05 2.037488324191992186e-05 -0.00314244407916552948 -2.728942761226612143e-05 0.9999999937472587863 0.0001084470755023696155 -0.004446892879431230128 -2.037192389892814208e-05 -0.0001084476314545788385 0.9999999939120466363 -0.0002826035139980032085
0.9999999992572687901 -3.817116122174117539e-05 5.331346261216670274e-06 -1.322498335809552117e-05 3.817093058362390116e-05 0.999999998335994178 4.325499625106834551e-05 -0.004355185990117138584 -5.332997347194096145e-06 -4.325479271208716421e-05 0.9999999990502906888 -0.00101313421385995639
0.9999999808544577373 -0.0001953653852820962902 1.111029800141763045e-05 0.0005127023926390084085 0.0001953649625924516655 0.9999999801929675414 3.803430981313392367e-05 -0.004230931892620637402 -1.111772837028769017e-05 -3.803213850910424889e-05 0.9999999992149757322 -0.001243669837850958082
0.9999999712604542568 -0.000239747615966780437 -3.947373330407796732e-07 0.003638099917602777289 0.0002397476480191850314 0.9999999677942913445 8.326162256432760621e-05 -0.005265310684568924593 3.747755419154509711e-07 -8.326171479046706487e-05 0.9999999965336731078 0.0009991919815095506863
0.999999992223741474 -0.0001247065953881646685 -8.798947704273903968e-07 -0.001406738212561764456 0.0001247066503293549377 0.9999999902579850275 6.270797037561552168e-05 -0.001992583631433342273 8.720746622224007527e-07 -6.270807960608899704e-05 0.9999999980334680627 0.0001113247751938217789
0.9999999999248353477 1.169867226654867521e-05 -3.670255476346616991e-06 -0.0003459706224170355782 -1.169837375255551487e-05 0.9999999966249657479 8.132168319530275614e-05 -0.001869242566073681111 3.671206817018264311e-06 -8.132164024919661218e-05 0.9999999966866566226 0.001274199818151688923
0.9999999996367191502 2.498338784594188053e-05 1.011904270395601689e-05 0.003934370071766002397 -2.498433197230875638e-05 0.9999999953342357806 9.331296845540368453e-05 0.001959872144964902585 -1.011671138563545021e-05 -9.331322123559428986e-05 0.9999999955951468511 0.0002426208000796403752
0.9999999987243561872 -4.91054381655927285e-05 1.182969930298462902e-05 0.004323195462978768333 4.910485041709034768e-05 0.9999999975603190983 4.967976481650107526e-05 -0.002197315390659315693 -1.183213882234398196e-05 -4.967918385233818953e-05 0.9999999986959888787 -0.0006318167379071315537
0.9999999997874440272 -2.055699170513961618e-05 1.587838721179724961e-06 0.002203686645022684409 2.055681836572348544e-05 0.9999999938379110498 0.0001090944406480927716 -0.004614010379992594668 -1.590081368469877122e-06 -0.000109094407976807986 0.9999999940479405991 0.0005408146793467460967
0.9999999967674053636 -8.005000380670747979e-05 7.561874224444351008e-06 0.002904830284393367101 8.004988749362595838e-05 0.9999999966777195493 1.538122031774628612e-05 0.0003491034954432592485 -7.563105466596126313e-06 -1.53806149356725478e-05 0.9999999998531177159 0.0003390715456008663864
0.9999999993128388942 3.063826935262438611e-05 2.087158981325186227e-05 0.003782156706469530505 -3.063869697637326993e-05 0.9999999993207493443 2.04882874312154706e-05 -0.0007304909271083070976 -2.087096207394782956e-05 -2.048892689674053442e-05 0.9999999995723021229 0.0005475027792016806671
0.9999999979081641843 1.431201625006157317e-06 6.466553204892500962e-05 -0.001538681790793972048 -1.440306766706189559e-06 0.9999999900860898627 0.0001408039273956954217 -0.000118832353931841439 -6.466532989331458866e-05 -0.0001408040202337232686 0.9999999879963077376 0.0001268798818711003307
0.9999999701208017733 0.0002283892882391268329 8.715935579998056648e-05 -0.00200249346055725308 -0.0002284035085873551882 0.9999999606023244336 0.0001631783454336420197 0.005235108760433149211 -8.712208418466620662e-05 -0.0001631982480674634131 0.9999999828880319352 5.451513516285810823e-05
0.9999999962781657148 4.025721263498636439e-05 7.630882473498426034e-05 -0.001548534380376609398 -4.02596789547235472e-05 0.9999999986673197006 3.231898023496024329e-05 0.001212255465927181142 -7.630752356189366824e-05 -3.23220522864464533e-05 0.9999999965662189627 0.0002863922729696710689
0.9999999926829300501 8.59749148806656109e-05 8.510269752563725198e-05 -0.001803820578469506053 -8.598470963163243645e-05 0.9999999896797253651 0.0001150963674821974604 -0.005458645543801654565 -8.509280125024084327e-05 -0.0001151036841720424103 0.9999999897551735684 0.0006706490887606886275
0.9999999874673228817 -0.0001265754626306941162 9.509999599079254511e-05 -0.002727984192830157362 0.0001265627068848956013 0.9999999829963183151 0.0001341240212106551452 -0.005753509582390514687 -9.511697118780183932e-05 -0.0001341119834052361673 0.9999999864833633012 0.0002344335409427689143
0.9999999935409966678 7.772453043659887685e-05 8.292719087759132146e-05 -0.0005297143091634870515 -7.773219513164522426e-05 0.9999999927074200157 9.242759925030720068e-05 -0.003400303877437060862 -8.292000638364691945e-05 -9.243404476789637001e-05 0.9999999922901051663 -0.0006458872416928995719
0.9999999879739418507 -0.0001162179865679057546 0.0001026912847394344876 0.001841459757967567334 0.000116209579813857176 0.9999999898965992173 8.186661676227228155e-05 -0.005353384524876880768 -0.0001027007980775460278 -8.185468205886414631e-05 0.9999999913761725701 -0.001524049595133636359
0.9999999904778915649 -8.47066767488847673e-05 0.000108944953743389758 0.005096978071400304344 8.469775534541850207e-05 0.999999993060065151 8.189118324355197057e-05 0.0005721247565581566441 -0.000108951889719528718 -8.188195506491018451e-05 0.9999999907124093035 -0.001556236261180510283
0.9999999906179219966 -0.000101105657873435092 9.242188999088089363e-05 -2.387781284118872804e-05 0.0001011011130769235502 0.9999999936800533229 4.917789589939868759e-05 0.007247302524551080261 -9.242686157154412867e-05 -4.916855147657495773e-05 0.9999999945198591034 -0.0008387128515539021834
0.9999999948387462423 6.690578893564413303e-05 7.646002951827379442e-05 -0.002985516521079922825 -6.690701344002313034e-05 0.9999999976335239849 1.601248340285434129e-05 0.006075318558392495127 -7.645895800960707419e-05 -1.601759903785015634e-05 0.9999999969487277651 -0.0005688642978438629427
0.9999999974228799271 -3.534007809783226863e-05 6.249259190510108837e-05 -0.00277794580833445881 3.5337353506540105e-05 0.9999999984251890517 4.3599264429747332e-05 -0.00194470947577246589 -6.249413260925170625e-05 -4.35970559921744754e-05 0.9999999970968864726 0.001032422646757180651
0.9999999909306653834 -0.0001049018575390337106 8.446462221385739235e-05 -0.002331345386367034145 0.0001048930800632481727 0.9999999890993717111 0.000103916819791292209 -0.005790758420281927332 -8.447552236363531819e-05 -0.0001039079590854550498 0.9999999910335061193 -4.98062833642620717e-07
0.9999999971267206078 2.284822375475040727e-05 7.228089260792533715e-05 0.001218301185238690465 -2.285252561672194472e-05 0.9999999979678235729 5.951565996796312751e-05 -0.001150224987989278969 -7.227953263550363188e-05 -5.951731159825919136e-05 0.9999999956166751858 0.000446647130140642723
0.9999999948134785654 -5.217383811890845269e-05 8.746965339397175286e-05 0.001109711151334624724 5.216423941159128422e-05 0.9999999926184131027 0.000109736363975435926 -0.001775519466745201225 -8.747537811880070008e-05 -0.0001097318006121239433 0.9999999901534899482 0.0005338949481801247288
0.9999999939677705063 6.234269458598866746e-05 9.043153064230058293e-05 0.001633808782093293388 -6.235018809192199949e-05 0.9999999946230513359 8.286342830403024536e-05 0.002285033961267557423 -9.04263642288769627e-05 -8.286906622902050006e-05 0.9999999924778900651 0.0001911406494475853535
0.9999999962910977036 -2.21958026326423402e-06 8.609812980007500009e-05 -0.001594947970278703941 2.209717132746865043e-06 0.9999999934359223852 0.0001145568536349437567 0.001467246458128346198 -8.609838350637814494e-05 -0.0001145566629538647302 0.999999989731914618 0.0003189915485375394155
0.9999999954874184693 -4.610902719335273505e-05 8.306098381208571965e-05 0.0006076250785770342944 4.609481910019790903e-05 0.9999999843085666251 0.0001710501026287463864 -0.004056579801921866846 -8.306886946779672219e-05 -0.0001710462731664181982 0.9999999819213627461 0.0009766145168921269715
0.9999999919995073983 9.115315588666006593e-05 8.77046354338526028e-05 -3.334124132337024093e-05 -9.116285742556614084e-05 0.9999999897264469917 0.0001106184150005131653 -0.003152543835365506641 -8.769455131830854232e-05 -0.0001106264095225935649 0.9999999900357264826 -0.0001757446752834734838
0.9999999959660789139 -7.322316324976430462e-06 8.952226353665048396e-05 0.004173380872229182081 7.30811904939330993e-06 0.9999999873981031406 0.0001585887321135970752 -0.0032316407267773406 -8.952342365011234956e-05 -0.0001585880772281903482 0.9999999834176838132 0.0004029158825610279493
0.9999999953606915071 4.859685674378510129e-05 8.316835562935147514e-05 0.004566372175247579435 -4.860177158893402589e-05 0.9999999970728735699 5.909414516570850833e-05 0.003681818309747730833 -8.316548359769240274e-05 -5.909818702317419856e-05 0.9999999947954484325 2.017790535069341473e-05
0.999999995311677492 -2.031701413801678891e-05 9.467773426234683527e-05 0.004596531958729110912 2.03102995222955907e-05 0.9999999972788367053 7.092122405376170315e-05 -0.0008768270309270631557 -9.467917491410471787e-05 -7.091930078610674535e-05 0.9999999930031477913 -0.001005374539109205045
0.9999999937181958121 7.148255348937278763e-05 8.633578226761154709e-05 0.002555393899370206334 -7.148960749085378355e-05 0.9999999941068479226 8.170395352167035389e-05 -0.002697184835130705949 -8.632994135379261141e-05 -8.171012512195765089e-05 0.9999999929352932915 -0.0008593809113061068317
0.9999999902835379206 0.0001102894450823581498 8.525948201278801884e-05 0.003779515602558958243 -0.0001102929904977646122 0.9999999930532679215 4.158020481117144561e-05 -0.003234015777081988841 -8.5254895563667042e-05 -4.158960793715365281e-05 0.9999999955009487573 -0.001035228302868396177
0.9999999933659107221 -6.288806052015492583e-05 9.65053250286443783e-05 -7.110327350734468865e-05 6.287308539420824439e-05 0.9999999859847177319 0.0001551694041232413047 -0.007157896259326446131 -9.651508198362544809e-05 -0.0001551633354972298154 0.9999999833045833952 0.0001365530639712009275
0.9999999934983379024 -6.895202032547417305e-05 9.082372601393451221e-05 0.001242242448713071212 6.894502801563177755e-05 0.9999999946596662692 7.698866965899962779e-05 -0.003217252787050428608 -9.082903405535172636e-05 -7.698240730886299094e-05 0.9999999929118924547 -0.0003631103131953583585
0.9999999956702019244 -2.150104594694382008e-05 9.053899805284306812e-05 0.001193461481289070925 2.149151705661946231e-05 0.9999999942306989631 0.0001052459901367053182 -0.001838282301103166816 -9.054126043238869368e-05 -0.0001052440438564672832 0.9999999903629804843 0.0001018297328395645351
0.9999999898657407904 0.0001049013877296496605 9.625089681221670086e-05 0.001326148189153109058 -0.0001049087806052142899 0.9999999915474483414 7.680653828748516549e-05 0.001236191018238352868 -9.624283888816468095e-05 -7.681663507817275351e-05 0.9999999924182546573 -0.001463490299141168016
0.9999999958714023141 -1.253288006165766633e-05 9.000073185965659628e-05 0.008001098086379276886 1.253240042141731302e-05 0.9999999999072661794 5.329865892566277036e-06 -0.002970094120227750878 -9.000079864963708427e-05 -5.328737947275652493e-06 0.9999999959357251944 -0.001686410911026614556
0.9999999934639911547 -6.011432884725160169e-05 9.72537524205681239e-05 0.01017558013854935606 6.010313255251046872e-05 0.9999999915671011763 0.0001151234790985313438 -0.004476958362948202375 -9.726067217445764218e-05 -0.0001151176330842572072 0.999999988644140414 -0.0009954908689091546137
0.9999999963710801687 -3.760060801813875216e-05 7.644632223868929742e-05 0.003742866283052759258 3.759374354244865083e-05 0.9999999952618519039 8.979426147255400461e-05 -0.005846562982533998198 -7.644969819789909941e-05 -8.97913872386237841e-05 0.9999999930464708031 0.0002238899695787832655
0.9999999864070778788 0.0001185403701450581045 0.0001146038632185774291 0.001365451911625625847 -0.0001185419567036054452 0.9999999928781657665 1.383711020862714978e-05 0.002070525651871268913 -0.0001146022221460396529 -1.385069539645733261e-05 0.9999999933372378802 -0.001561079408070598085
0.9999999385600698565 0.0002952638424910333532 0.0001889422156378411824 0.005806388590496536217 -0.0002952920610032958438 0.9999999452501510122 0.000149339461935326783 -0.001158061456893622054 -0.0001888981107536596407 -0.0001493952459108741581 0.9999999709992707375 -0.002586689425850385859
0.9999998886035607049 0.0003884904709160447276 0.0002680822195654967511 0.00926781089171779815 -0.0003885053387383708844 0.9999999229966498593 5.541002643070499578e-05 0.003201895754749828349 -0.0002680606726552391041 -5.551417165954952802e-05 0.9999999625308102491 -0.003644261986992081148
0.9999996174374615743 0.0008263493637782886193 0.0002868305174999204827 0.02012591002520758288 -0.0008263438445629961437 0.9999996583904313674 -1.936020499396897134e-05 0.002669423227622758077 -0.0002868464178063012183 1.912317689738799326e-05 0.9999999586767011062 -0.002823232630337457749
0.9999992635889842774 0.001178317513188157457 0.0002904986013353735678 0.03156383436182275126 -0.001178339009534883335 0.9999993030322925636 7.383787198915608431e-05 -0.002371702500543859671 -0.0002904113944096087816 -7.418012352081893729e-05 0.999999955079247993 -0.003656249477309025941
0.9999987146937310278 0.001581911429169385007 0.0002610885845717795238 0.04992058038526603347 -0.001581952724386634628 0.9999987362244698863 0.0001580346114006703922 -0.005376311340362982527 -0.0002608382578590544743 -0.0001584474381653366783 0.9999999534288901426 -0.002696473456351933251
0.9999978948397653111 0.002035203339293311514 0.0002612729762660508039 0.07303463548569966157 -0.002035233676021497469 0.9999979221935967333 0.0001158975456413128722 0.0028149802641214694 -0.0002610365583203279305 -0.0001164290533363943623 0.9999999591520795095 -0.00386503244232994092
0.9999960657452326984 0.002788731698293549308 0.0003024397250647679327 0.0935761821671838856 -0.002788715490223138329 0.9999961100672993819 -5.400003010395163742e-05 0.002293231817997121169 -0.0003025891401846752008 5.315639913613992823e-05 0.999999952807086423 -0.004810936555849965046
0.9999921884485211132 0.003933771884690581179 0.0003853323196859369053 0.1263334526551955772 -0.003933754354260798891 0.9999922616891018246 -4.624218424854057352e-05 0.006200329525068437597 -0.0003855112440621209389 4.472602009564236584e-05 0.9999999246903071848 -0.005547305338017172183
0.9999831510819786606 0.00534072652636977032 0.002274685238398077569 0.1663036393615581199 -0.005340149675037631459 0.9999857076037842463 -0.0002595944150885406152 0.003011710037398973583 -0.002276039150450327644 0.0002474428811744628851 0.9999973792053391541 0.0001126279715623068611
0.999964242408028503 0.006997333670974135306 0.004748813307572363578 0.219014302591416854 -0.006994817107331692541 0.9999753867213825309 -0.0005463374439147226187 -0.005874291393795527672 -0.004752519329053298686 0.0005131008270576165693 0.999988575078249009 0.008271666235163399605
0.9999387793019814952 0.009303994711926454747 0.005989435010843856613 0.2754000333215723684 -0.009302018521531472961 0.9999566713051440958 -0.0003577193856409617589 -0.001500827798558035386 -0.005992503715666373104 0.0003019836496635411966 0.9999819991901904848 0.01049233459064624618
0.9998975590488471399 0.01264270339724389222 0.006710697471083781201 0.3440652199944498335 -0.01264728236826907597 0.9999198148915240392 0.00064033989528553166 0.0048654120378141541 -0.006702063745687132992 -0.0007251463849613227737 0.9999772779936071387 0.004552074309632558879
0.9998350836690904631 0.0164794666185604996 0.007631031799323569932 0.4511354073917849261 -0.016499851772774108 0.9998604456157209608 0.002616139053269759662 -0.009053425491765521027 -0.007586854279214627628 -0.002741618503812446109 0.9999674610552370391 0.003448589559273074201
0.9997615860315598457 0.02019790524013549346 0.008295524203633468027 0.5725274281307722868 -0.02023812876500652447 0.9997836952504866037 0.00479383500678786257 -0.01543226344961062813 -0.008196904417240788443 -0.004960577977709010843 0.999954100658205447 0.00833384248790236537
0.9996816994777972809 0.02391027848649353998 0.008049740016261880404 0.701787917561166652 -0.02396259835887940698 0.9996919378432419512 0.00646709282264302035 -0.01794703226830013376 -0.007892630205749671946 -0.006657927031773604697 0.9999466877764859873 0.01016569195855177021
0.9995653651085347757 0.02859554236368659977 0.007167693841703388566 0.8503993709634765086 -0.02865153047802123515 0.9995587607702005606 0.007834128347949206872 -0.0225733317143900214 -0.006940510025122127898 -0.008036088762397060672 0.9999436237094518898 0.01240991877134134391
0.9994469310246421045 0.03269376914419941382 0.00607861228738752063 1.014095426712241732 -0.03275587132936393781 0.9994091240902759354 0.0104142007117490696 -0.0254706094836268937 -0.005734541108196797125 -0.01060755118383964989 0.9999272948047210896 0.01842417384180183859
0.999366523105125415 0.03528862897796135323 0.004611416744504101724 1.204002367980516297 -0.03534142208364796783 0.9993042333322309512 0.01191776519009840607 -0.02926729429227159507 -0.004187646680716953888 -0.01207318958825962137 0.9999183475204074245 0.01039288138621741187
0.9993404924564541769 0.03617099885704536111 0.003199840813471706465 1.412734458465580545 -0.03621136042612074085 0.9992514470467531718 0.01361186793726996448 -0.04050784024771442171 -0.002705090703953740624 -0.01371876139807343131 0.9999022342557535303 0.01002056343393431526
0.9993906031507481247 0.0348610917124310693 0.001768225385515568042 1.629902611984930694 -0.0348843343326187133 0.9992713379882395275 0.01548794018350622102 -0.05007843059496255855 -0.00122701044412080627 -0.01554018524824365803 0.9998784911616230842 0.009707283340102512703
0.9995094192657394405 0.03130657790507532234 -0.0009049755940195802978 1.874701699913789543 -0.03128687141653293396 0.9993680129541154811 0.01687324388199078207 -0.05874184647231678325 0.001432647184758811332 -0.01683665233937420638 0.9998572271380381515 0.01379509870821038486
0.9996340026286486546 0.02685056504518835985 -0.003302718080413514883 2.134063442473580707 -0.02678978387974296008 0.9994923319099141557 0.01724488130547708817 -0.06055700954116444157 0.003764076202478911556 -0.01715009062111425009 0.9998458411787343181 0.006475792262883417472
0.9998075658141097888 0.01912415332782115701 -0.004370137422216860065 2.414092108903979739 -0.01903758444405817193 0.9996370897679106582 0.01905935826998922736 -0.0724058081229477235 0.00473304554388984805 -0.01897249373757039712 0.9998088031027437816 0.006637374430817244431
0.9999575399145125276 0.007758275652092175637 -0.004972678046920882451 2.716403212685233992 -0.007647844716560391748 0.9997319082171386428 0.02185456847564063582 -0.09001533101875286436 0.005140898678547651743 -0.02181561025832849665 0.9997487936028487399 0.00960267046968943383
0.9999820098391384304 -0.003342575480756023072 -0.00498068132350614097 3.040123343658071242 0.003463809886768724842 0.9996929840808891354 0.02453445741857707141 -0.07509098763314364655 0.00489714389840748953 -0.02455126817123770219 0.9996865774898152646 0.01215031628475704562
0.9998479596515638113 -0.01696955330978599033 -0.004011463510107126512 3.359412494999198806 0.0170714565302524969 0.9994922434848586557 0.02690391396810021957 -0.0686925256990916222 0.003552879260128939762 -0.02696830500999930491 0.9996299753279542788 0.01218618644573765675
0.9994556469443210966 -0.0329470028858194694 -0.001704344317722411312 3.698511918177793234 0.03298238670761286656 0.9990430316669874911 0.02872599949710454015 -0.07021749759444684269 0.0007562777248924202559 -0.02876657575136865388 0.9995858703300768422 0.01572965004076776196
0.9986512010803700878 -0.0519086069965311106 0.00112920194132214006 4.06474588703666484 0.05185294636286946757 0.9982207522068939909 0.02943810151442681142 -0.07006859864970271801 -0.002655283654429397427 -0.02933984298270760419 0.9995659673488653807 0.02048167479024798343
0.9971851003135731029 -0.07479708832596507206 0.005222191686540930168 4.437249630990302229 0.07460950338081195898 0.9967666732380056072 0.02982651727559686508 -0.0659601045817589382 -0.007436243282369880449 -0.02935293348752332152 0.9995414486556296607 0.02764329728845416057
0.9947191635652470332 -0.1021221812143595087 0.0102394205930321433 4.835250422414270943 0.101745701833828639 0.9942870955602156613 0.03226428006913837493 -0.03123507284965398867 -0.0134758224183975945 -0.03105208064168634916 0.9994269210384312263 0.03584477132142571687
0.9907706123439020685 -0.1346877623883678543 0.01525779704278008853 5.25617352963430573 0.1340812389141583516 0.9903333724510565705 0.03552510086130059724 0.004698788948042653679 -0.01989510194578912941 -0.03315144159445421873 0.9992523038934849611 0.03944229408370925061
0.985081482568206046 -0.1709830331787642876 0.01947498538961555184 5.693289569827814312 0.1701777879382396497 0.9847030655517342579 0.03740846426584652773 0.06684535477293523931 -0.02557329050177079358 -0.03353617549507731388 0.9991102700618686994 0.04202471177165179039
0.9775454790406769012 -0.2095129787174863367 0.02256431126753075112 6.140261461404669774 0.2086336215278491169 0.9773281755098748302 0.03607837772424642153 0.1497835214775835588 -0.02961162554682698553 -0.03056058104573908252 0.9990941910126408532 0.03463848527488244677
0.9680097631026631788 -0.2496796914026876979 0.02484250838350207657 6.585774770178906223 0.2487949135348724028 0.9679600617053638612 0.03397660904887275096 0.2576138057219561905 -0.03252982520918330095 -0.02670899953648731354 0.9991138272548751864 0.02885114734812388448
0.9562086555728002146 -0.2915616911888961882 0.0256278602112081158 7.064922308574406173 0.2906482282217381918 0.9562186951134867829 0.03419670409117397253 0.3759163779222453039 -0.03447628792606653725 -0.0252504922636071702 0.9990864818459579411 0.01643528506163671743
0.9416927333464080174 -0.3356413244847367694 0.02365792122918906892 7.538394618067251862 0.3347408993435219138 0.9416508049310601258 0.03524616159389160064 0.5199120556200689247 -0.03410756892649264432 -0.02527178040299346562 0.999098599164906287 0.006631516235151124761
0.9244215807443920685 -0.3809261118631185328 0.01844012815766261568 8.011722296123306108 0.3801265086928188874 0.9242292700997679633 0.03611223770155868457 0.690061697954298614 -0.03079900048278669256 -0.02637335030163681301 0.9991775958054647244 -0.0005292237720375680965
0.9043804081827200303 -0.4265359838438876894 0.01277230396119833147 8.490644844047277928 0.4259211294272188808 0.9041065010222781861 0.03438933487035119446 0.8944769481952948853 -0.02621581182265016879 -0.02566104655367849527 0.9993268944130474507 -0.02490632431183403828
0.8813379768693871963 -0.4724222841265866002 0.00778177040657547156 8.972143818640740065 0.4719626026127934915 0.8810168527780070091 0.03256696019591955038 1.13042544641910192 -0.02224122858980856487 -0.02502979417014590535 0.999439261362110698 -0.03977697464063945088
0.8552760410707124228 -0.5181626854752253708 0.003213239682798358331 9.449269988744232407 0.5177998666338776701 0.8548794865557224343 0.03262455554797849544 1.382956314078489291 -0.019651759998338552 -0.02623918560108215448 0.9994625122863152189 -0.05265180091467591694
0.826059333562837117 -0.5635830758028608223 -0.0003066851103114130077 9.924828604484947192 0.5632412232215030512 0.825539073318107719 0.03527836359401313737 1.682630956275682044 -0.01962910811326541369 -0.02931475918308093856 0.9993774777362260942 -0.06772478382993696311
0.7939130430579846021 -0.6080273481914039158 -0.002196329495367485216 10.39133115889400116 0.6076421110778246204 0.7932704552755761584 0.03864000109724873011 1.994440125370541272 -0.02175189409226212234 -0.03201138311017610871 0.9992507825627310325 -0.07965523084656989106
0.7588776900665800129 -0.6512258056076775103 -0.003098640955458921778 10.84804568264585534 0.6507349273399815059 0.7581024090353415401 0.04271758199711798293 2.347252766371972221 -0.02546970456443840847 -0.03443381380981033746 0.999082382295346294 -0.08385644831588212611
0.7210836091134618098 -0.6928451433934161852 -0.002008951689965921775 11.27596895281217648 0.6921986635288636114 0.720279213426772813 0.04537471735234049897 2.729118706031635533 -0.02999064639303208532 -0.03410955858518518319 0.9989680170749113408 -0.09146168049398772926
0.6808954306681953561 -0.7323804453732336572 -0.0005437556653815183707 11.70765386337240699 0.7316176822249046419 0.6801520327298939961 0.04613869843150614214 3.126772749870752044 -0.03342124396841614914 -0.03181345015591556524 0.9989348951943426425 -0.1016308464209674245
0.6387569482918570296 -0.7694074071106827839 -0.001342694985378412075 12.10098562167302205 0.7686121168698475392 0.6380153774696821767 0.04660248898245321347 3.572527323582835646 -0.03499964014588444194 -0.03079967523554505773 0.9989126113885142821 -0.1192328710216078447
0.5942801324706002974 -0.8042450974602304292 -0.004576821771579406284 12.47849766779487624 0.8034659689736429744 0.5934326724025746902 0.04775039366191560775 4.035715448003355021 -0.03568698440782022696 -0.03205443076366611133 0.9988488136891340297 -0.1329544967453514248
0.5476699633199589856 -0.8366329462983921328 -0.01014516530544718083 12.85140613898271056 0.8359365302464640823 0.5466176414398881134 0.04918609088362471682 4.5429168309376875 -0.03560517777751828067 -0.03541845882544446267 0.9987381058544619883 -0.1513265122540859986
0.4998442028262329861 -0.8659625226547558174 -0.01626905624603175796 13.19112341679256062 0.8654128291493091707 0.4985942634754982894 0.04964267966609436922 5.062400902000479874 -0.03487704197191313082 -0.03889305558654329587 0.9986345288274375287 -0.1721904720496307828
0.4501459330670444792 -0.8926316586607279113 -0.02402833393850185503 13.5085382241756875 0.8922517654086215 0.4485608256176835118 0.05176845485849200512 5.621490768761530532 -0.03543199238771004705 -0.04474268273952348302 0.9983700046839300013 -0.1922027382432270892
0.399071312435013259 -0.9163972505784797606 -0.03095426716410672185 13.81052657689473762 0.9161947233269208679 0.3971860389149054482 0.05320225099728894541 6.196672624161569942 -0.03645979374409544227 -0.04959162831591273218 0.9981038792815418725 -0.2102568670404885154
0.3475928801799655909 -0.9369381961537676107 -0.03641436761827416407 14.09867745075168344 0.9369170404232424199 0.3455301815083052785 0.05287109893875870104 6.798281506631131066 -0.03695468898089815379 -0.05249485904056505614 0.9979371927793432295 -0.2313104727942898453
0.2969619492660480753 -0.9539359424116133912 -0.04265932954508275948 14.33854025253783071 0.9541253360418324725 0.2946414019333286061 0.05320984364231678976 7.431994127682719942 -0.03818957764027906127 -0.05650364596885867896 0.9976717366686334021 -0.2610434575865010487
0.2481012883847875383 -0.9673899846277187464 -0.05101341273798763037 14.54033981657909891 0.967848468215054103 0.2452793209836113264 0.0557440341298760314 8.090803197023884508 -0.04141368504248662402 -0.06320342000637212132 0.9971410303391557983 -0.2758333028863175773
0.2007498735002329615 -0.977964373185294833 -0.05731642877280118675 14.71974751559062078 0.9786543422895753741 0.1975765686833367563 0.05656127555949997526 8.801029864017902327 -0.04399052903038099677 -0.06744764075792321345 0.996752551592743119 -0.2931223110614077365
0.1558667698163012649 -0.9859821803283811414 -0.05953729991776092467 14.87369946047761182 0.9867755542369331945 0.1527105742941022581 0.05434598536058801721 9.5210466532944249 -0.04449219783039067705 -0.06722068525560329078 0.9967456163940535685 -0.3185095243795799114
0.113631927588242837 -0.9917038994913814909 -0.0600929339283818309 14.99198905577575758 0.9925727004972859646 0.1106706873428747739 0.05051171402486721862 10.25115678269111186 -0.0434421374185081921 -0.06538634908108442723 0.9969139411429939202 -0.3452478422827831572
0.07388683116950452157 -0.9954241612053268407 -0.06059270098617154654 15.07585098702960025 0.9963610613690234707 0.07109465861034250378 0.0470126043233261362 11.02151060745950772 -0.04248966478377583234 -0.06384582016463907772 0.9970548328096499047 -0.3771005210623344928
0.03799636055774836818 -0.9973869251083421483 -0.06144589615315296932 15.13562687763129766 0.9983892454832091756 0.03529809008654765518 0.04441800758570924046 11.79630446169382019 -0.04213301717545542974 -0.06303464447012778471 0.9971215785726796899 -0.4074256143643064654
0.005115645683671544118 -0.9981274535098247913 -0.06095421780563074765 15.16158140467387128 0.9991047775141650433 0.00254186665768951596 0.0422277458328062863 12.60517277214778176 -0.04199373486769909097 -0.06111567234523782033 0.9972469106599087807 -0.4408199872512341688
-0.02445361571631381528 -0.9979390248224916382 -0.0593272565178913705 15.17145741278369364 0.9988097051592780273 -0.02689411123061343639 0.04069250194413993188 13.41973188288668162 -0.04220418948775823964 -0.05826156072591193169 0.9974088414118530421 -0.4691499535831029633
-0.05087820491688165719 -0.9971411526837872241 -0.05586528297645868002 15.15772403649523348 0.9977804371773431047 -0.05315775342697454803 0.04010551693497459852 14.26691324707202746 -0.04296053426567490036 -0.0537007897031199985 0.997632506324788948 -0.499161440274910273
-0.07353405032181976886 -0.995950285033929017 -0.05172787584029598512 15.11487424215130204 0.9963473562396076844 -0.07562332975343721841 0.03966179221266810662 15.10291832144521429 -0.04341300741236919086 -0.04862244005404493113 0.9978733231756355959 -0.5263600741378841041
-0.09393239766572759886 -0.9944951079616066725 -0.0464347377031648148 15.04364879671851796 0.9945975503749568958 -0.09580775163233194724 0.03995732178229263049 15.9905871307938181 -0.04418616879642150996 -0.04243058927409115028 0.9981218500643425084 -0.5620267252260777724
-0.1106804854601630694 -0.993019726720079543 -0.04076337131142776515 14.95098384323004126 0.9928491059618131942 -0.1123211320122416007 0.04043038636779414108 16.89327243156529335 -0.04472675917099403625 -0.03599702191398877066 0.9983505052947385661 -0.5946363144901397613
-0.123109414890122254 -0.9917753321602849059 -0.035010890337824431 14.85113753940765768 0.9913991595780583532 -0.1244881265668509179 0.04037837017998591876 17.79907083964697634 -0.04440471158253989081 -0.02973880967230014757 0.9985708912157773565 -0.6261546199543328584
-0.1332645872278501731 -0.9906459901429521819 -0.02934402773759284613 14.72016437433929958 0.9900887917636522761 -0.1343970723513446541 0.04076286806951151531 18.73042703359578454 -0.04432532315552851349 -0.02362094612345584307 0.9987378618167706001 -0.6620378625281099216
-0.1402681901387720642 -0.9898233165137108047 -0.02397158485855835006 14.59794646866502177 0.9891060000612823533 -0.141176336324849272 0.04169607595582482118 19.67086398097780631 -0.04465596865064987847 -0.01786180524750853246 0.9988427305497517006 -0.7012596119862464228
-0.1447920968456366531 -0.9892902267946418471 -0.01844168700366681166 14.45200119995058508 0.9884525468806377724 -0.1454609653981288331 0.04245786329792202579 20.61109238460932502 -0.04468569474210502823 -0.0120811693765503405 0.9989280424669336744 -0.7415250169935746483
-0.1467660935860702898 -0.9890555424640857796 -0.01512771147731488929 14.30819992780251759 0.9881908352592009281 -0.1472842099398025684 0.04226386940597379183 21.56549233831235313 -0.04402938725063260117 -0.008746162771449121631 0.9989919507634146267 -0.7747632482233030027
-0.1471677714806957082 -0.9890532025984793973 -0.01074287796755933611 14.16692509650551202 0.9881927613979855085 -0.1474904248136695017 0.04149266144559054376 22.53190158302485457 -0.04262292125763532391 -0.004509651670230746708 0.9990810525780274842 -0.8203961643388473224
