1.000000000000000222 -3.288104128200433695e-19 2.199307547639937647e-18 0 -5.681318425110126656e-19 1.000000000000000222 -1.273613892030353574e-19 0 -2.923285529664562976e-19 -6.024150353257425012e-22 1 -1.11022302462515654e-16
0.9999999698054208297 -4.790621240143724866e-06 0.0002456954117682737596 0.0005984920036020691114 4.779528298159577292e-06 0.999999998969328785 4.514974167609247385e-05 -0.0003751416537836060883 -0.0002456956278106709477 -4.514856600987194235e-05 0.9999999687976182106 0.0001337625184010260426
0.9999999914029351622 5.874124487903889996e-05 0.0001172331576118601889 0.01085129659233241561 -5.873850971478128668e-05 0.9999999980026467172 -2.333432105705699513e-05 -0.0009907711941228303232 -0.000117234528063408277 2.332743474701408996e-05 0.9999999928559414331 -0.0002921862421944032562
0.9999999730603406078 0.0002239041867145891596 6.120665658552970308e-05 0.03861946199748522712 -0.0002239033742314368422 0.999999974845437567 -1.328115226382573446e-05 0.0002978272230436673773 -6.120962875060328859e-05 1.326744751360400575e-05 0.9999999980386746756 -0.0005476914309252567392
0.9999998905903011437 0.0004271245835750859588 0.0001907459719819145825 0.06367133732882990227 -0.0004271303790976790416 0.999999908319433084 3.034365278658976802e-05 -0.0005229252805198369991 -0.0001907329939739042042 -3.042512289490094206e-05 0.9999999813476072585 -0.0007118911053455301285
0.9999993359413243965 0.0007569303795358681792 0.0008690071685658620976 0.08422945863275654865 -0.0007569761251056620743 0.9999997121251588128 5.231344591677687038e-05 -0.002163892439464909501 -0.0008689673207611038792 -5.297122892527249483e-05 0.9999996210448007794 6.589539707557712234e-05
0.9999973835320148385 0.001090350240944658886 0.002010986269772322733 0.1114684299267330037 -0.00109040728798544392 0.9999994051338938483 2.727148646060652485e-05 -0.00297568989571689313 -0.002010955338023501151 -2.946420931633339155e-05 0.9999979775930846193 0.001601662199674613873
0.9999938699323468461 0.001400196603531991997 0.00320929083405778557 0.1483411165797250408 -0.001399984167473157038 0.9999990176796457186 -6.843963336017483965e-05 -0.001860848987076280103 -0.003209383510429871227 6.39462572760547362e-05 0.999994847870724457 0.002815194368853135565
0.9999866061340406675 0.001931658340021351079 0.004801692332291123202 0.2000705873933105172 -0.001932053283729083179 0.9999981305713020463 7.761368816647821946e-05 -0.003022443881333047866 -0.004801533432720192333 -8.688977431907941016e-05 0.9999884687966726915 0.004707423033352919894
0.9999767814241640185 0.002684648891685285053 0.006263327692795162341 0.277415802172490622 -0.002684306480237352507 0.9999963952535430023 -6.307507759685312553e-05 -0.006990061308892070446 -0.006263474449490645003 4.626092160987537751e-05 0.9999803831811069355 0.006291312816494087912
0.9999661846845261381 0.003705951693736669536 0.00734134937147946226 0.3685325621885351399 -0.00370701283690923547 0.9999931204313400324 0.0001309411234776155077 -0.006799755660679585034 -0.0073408136046512985 -0.0001581511724644049644 0.9999730433581652811 0.008780457075256875576
0.9999528558481429741 0.004840350542782824103 0.00841766529629067381 0.4894069581221615062 -0.004842885618465285827 0.999988233734604437 0.0002808040572696329415 -0.009552659115995620898 -0.008416207061702084616 -0.0003215566097375083363 0.9999645314005298768 0.01036138937596209342
0.9999336921139255763 0.006389191551146743489 0.009580689340695315581 0.6161217481331759949 -0.006392644094935277799 0.9999795124618653386 0.0003297841584311433255 -0.009751154403529527226 -0.009578386001759725543 -0.0003910082289348070189 0.9999540497608243594 0.01116197270579188938
0.9998993175287644863 0.008420039179854539937 0.01142181017041553164 0.7612918835722718436 -0.008427773918355713906 0.99996428771231749 0.0006292266947742433279 -0.009456331645338100778 -0.01141610415798303274 -0.0007254237773422623874 0.9999345710219716965 0.01428013554600482404
0.9998443346080012617 0.01092426608412033068 0.01385521436477226212 0.924778500102523382 -0.01093041308491936488 0.9999401935305209932 0.000368009824317401047 -0.009893926044487411087 -0.01385036549601442908 -0.0005193957553564808923 0.9999039441876883538 0.01581135380378484445
0.9997372607498224983 0.01378122735298615946 0.01831631087487811324 1.127433556329968445 -0.01376872842510863323 0.9999048798349294831 -0.0008083309737010679159 -0.01945290194195864464 -0.01832570841716845561 0.0005559262818268983965 0.9998319155512528367 0.02234037400584809596
0.9996037730870626081 0.01747574986594098434 0.02206569736883759805 1.346919371600925563 -0.01744763810001914023 0.999846703785939761 -0.001465896313009743511 -0.02072335754590670653 -0.02208793241810413574 0.00108032118154628709 0.9997554481697602524 0.02822115799747315634
0.9995142890563014637 0.02176907562943111371 0.02230007449440388548 1.587010069173591775 -0.02176515332446690015 0.9997630233520025111 -0.0004186137017187931781 -0.02535053066331310889 -0.02230390273069869297 -6.69541660196352643e-05 0.9997512347767191221 0.02956298753101305188
0.999458995012282303 0.02575824365820962233 0.02045067667979881543 1.849521760587248043 -0.0257873897464328157 0.9996667737916237195 0.00116271469562859945 -0.03426950473828926924 -0.02041391248983474155 -0.001689455233339280486 0.9997901869470127156 0.02499526215321534739
0.9993754735375446341 0.02982667572030136757 0.01894814796081149139 2.141355101153294527 -0.02987535153746581282 0.9995510065895517604 0.002290981104361084538 -0.04258241510858623569 -0.01887130801671117394 -0.002855632909506310851 0.9998178429555407698 0.01748831398649353108
0.9992629218593004348 0.03345683363434986957 0.0188216174822417627 2.462055621471563871 -0.03351604121204197068 0.999434147328754463 0.002839037263752011101 -0.04940847782702839641 -0.01871598202226396057 -0.00346777078098084706 0.9998188268784580224 0.01165722726228957118
0.9991332285952713166 0.03688848178620358215 0.01928811636301388382 2.790941719566954138 -0.03695283235578745301 0.9993125363514560044 0.002990463067590074658 -0.06249442219939205234 -0.01916454284172698641 -0.003700621552659250253 0.9998094947016673562 0.0100783189656060701
0.9989899729622424562 0.03975304410075712613 0.02094586857879801242 3.14325121488680459 -0.03984833103277918287 0.9991971155939050053 0.004151469642811495518 -0.07893259666759705473 -0.02076401791173894396 -0.004981934453788712698 0.9997719919496084184 0.0078748912924050396
0.9989098296542046063 0.04145605717014143321 0.02146037159918372586 3.506095933185789715 -0.041564511765722921 0.9991250834266164338 0.004632388886930335035 -0.09473971810228579149 -0.02124955498586838382 -0.005519328664515517693 0.9997589676624905053 0.003242788357672998778
0.9988836939780754154 0.04198144381646724821 0.0216546596582560362 3.893064605714354975 -0.04211737376274391625 0.9990954871063877363 0.005859562125973952207 -0.1056286664111411588 -0.0213890798612449938 -0.006765058458732754049 0.9997483389555070765 0.001085094694021071504
0.9988856740890493802 0.04147815303945109888 0.0225160592751976231 4.313024178001262143 -0.04165194809007967403 0.9991054744976498592 0.007305206806186573948 -0.1209272017380943476 -0.02219291160015525455 -0.008234904159711214228 0.9997197912543552833 -0.0009866520769132858248
0.9988975128213698484 0.04036338036459462264 0.02396990634326914837 4.75889243973286824 -0.04056027465998571918 0.9991467613699348549 0.007785458297187302854 -0.137139135336381085 -0.02363520687875316287 -0.008749100916676934986 0.999682364667021317 -0.00722869750327048699
0.9989048937781050963 0.0391661637734520493 0.02559345242081943056 5.226021390138307687 -0.03938584479877395989 0.9991909504210770843 0.008136327402697381139 -0.1588931236183453999 -0.02525407731745267156 -0.009135437007394567321 0.999639322639242156 -0.01329236731831739959
0.998940603230515034 0.03746669704403517848 0.02671924092265501316 5.699141024690661084 -0.03773911880109196565 0.9992399108930105633 0.009765213169049788075 -0.1862957819917022972 -0.02633306163546726697 -0.01076322854361619515 0.9995952794872590141 -0.0186688303805826461
0.9989774198315736209 0.03539642133284957165 0.02812842030635026233 6.188701309694597086 -0.03569338179861145099 0.9993114849485288387 0.0101261317127329005 -0.206605172778058982 -0.02775062464119026559 -0.01111977537895139992 0.9995530268196756163 -0.02918839519150839834
0.9989946611765433415 0.03258659632047931909 0.03078604694648778145 6.706574140479671264 -0.03294660742310535212 0.9993936845779851641 0.01125985270048768423 -0.2251315847573203133 -0.03040046061706633621 -0.01226282853844398377 0.9994625730996808954 -0.03460575502426121997
0.9990345299960949887 0.0292475516686476894 0.03278091826770864609 7.224152823613327001 -0.02965301246819146766 0.999488798877698037 0.0119515592152729111 -0.2382125315327691673 -0.03241460678005504692 -0.01291207332346846863 0.9993911004337007187 -0.03907841812173973306
0.9991064020289137648 0.02568632371135588094 0.03356501459115682207 7.75398001056753472 -0.02613471803586561726 0.999574038225026662 0.01298917310767160917 -0.2597399390053519719 -0.03321707307303867207 -0.01385477820292363091 0.9993521257162641946 -0.05049549788364449121
0.9992094750779735302 0.02226516670238906995 0.03293459080206709993 8.291420036824515449 -0.02276125008568800206 0.9996318893057276611 0.01476520829984948914 -0.2762786405757136077 -0.03259371740311575033 -0.01550316849389579525 0.9993484384081321448 -0.06167031903617758992
0.9993201295476825674 0.0192819234901212555 0.03142429175252477169 8.849822663254869326 -0.01982538620007336452 0.9996576320536885163 0.01707550109257097853 -0.2860080232426790436 -0.0310842845770830413 -0.01768689068510715182 0.9993602659435028013 -0.07667311289585654333
0.9994247212606954811 0.01689015070276030442 0.02941002119451214397 9.43531436838258486 -0.01740859065070513023 0.9996959619918359685 0.01746208886886260747 -0.3010715988278336308 -0.0291061421181034452 -0.01796403032130999833 0.9994148918753829047 -0.09362157578942509328
0.9995074811877777687 0.01500071544101876271 0.02756399082196905534 10.0443756114991114 -0.01547035142504575925 0.9997374185959672088 0.01690449895364685637 -0.3113200300107637486 -0.02730317345250732677 -0.01732259779537639877 0.9994770954463709778 -0.1093323008510173056
0.9995546312075713757 0.01277006014968122549 0.0269715553717479635 10.66361435902127219 -0.01326409345065007739 0.9997460512068712113 0.01821803832372048682 -0.3149881345875305549 -0.02673206053308321839 -0.01856767780951991062 0.999470178783415264 -0.1215796800448104564
0.9995922866130949602 0.0107028409611073811 0.02647092258833861483 11.29479554830220422 -0.0112345408526518184 0.9997364635660340726 0.02001970298511174251 -0.3188922102303782258 -0.02624967883919546857 -0.02030892934576639802 0.9994490991274409541 -0.1361518721633506734
0.9996434836641077126 0.009087743160772945861 0.02510614457824653784 11.94190627473963673 -0.009528526670685653552 0.9998015758916652951 0.01749331367802409165 -0.3203119914966788273 -0.02494218817261748336 -0.01772630159448721279 0.9995317230974118949 -0.1477421947216311926
0.9996709399911622995 0.008280207360513850909 0.02427858946808209017 12.60454280473150845 -0.008685501892547513314 0.9998238899488297582 0.01663583914107565759 -0.3282741701980861349 -0.02413656556717875407 -0.01684123668679748248 0.9995668056446809224 -0.1597917256920817763
0.9997063531276959569 0.007517200483843358531 0.02303690986491564383 13.28320432183110178 -0.007917668115709413507 0.9998182642467101644 0.01734211664764758951 -0.3361531484247230472 -0.02290235906755736309 -0.01751942279625852764 0.9995841894364854152 -0.1706402266615004715
0.9997519532615418703 0.006473543415280927707 0.02131021323764146699 13.99981710271705992 -0.006873532812538610086 0.9998005682419583984 0.01875042104383126823 -0.3370073997525189213 -0.02118458164018881956 -0.01889224651298764338 0.9995970670825233828 -0.1802761473692631178
0.9997745395427943826 0.005656972462244662381 0.02046628318130072621 14.72253238348713644 -0.005967631050211442793 0.9998674244585868953 0.01514994672728708046 -0.3458358942617225096 -0.02037786702168927974 -0.01526866624050490437 0.999675752614087032 -0.1948751103415097274
0.9997611862205239008 0.005089685855477601995 0.02125242639274463677 15.45740039227890605 -0.005410076070570666272 0.9998721770817065035 0.01504528412742727958 -0.3485634540693718364 -0.0211731340761631727 -0.01515666834986875537 0.9996609294133155244 -0.2022558431166292525
0.9997515379425476745 0.004001624368198509508 0.02192827824268272011 16.20373084189658996 -0.004344588055374653569 0.9998686396704293822 0.01561499144996007261 -0.3495763257062021179 -0.02186291240694265142 -0.01570638105285362268 0.9996375956579458544 -0.2148342650293463274
0.9997505142809978151 0.003480653659416929266 0.02206341423550355757 16.96930506280782325 -0.003857024566139358179 0.9998473852559731645 0.01703905977672566865 -0.3555660752967328975 -0.0220007399678822102 -0.01711990790532984252 0.9996113625763016763 -0.2217642801685651976
0.9997785789408544233 0.002911778777104820012 0.02084021683971212097 17.74087771357638132 -0.003267537512594440464 0.9998491772941829892 0.01705713523935604992 -0.3577387118986237735 -0.02078740705789618171 -0.01712145462059206161 0.9996373039743431388 -0.2317659078286135044
0.9998291590837584675 0.002246354392106717206 0.0183468400562283307 18.54276626444731946 -0.002553131013353655138 0.9998570402597458662 0.01671468111931587869 -0.3549340250449901091 -0.01830667009986037402 -0.01675866745401700247 0.9996919590018269464 -0.2474818773550795381
0.9998875702814268296 0.001471789805701749282 0.01492248750277751224 19.34506967730832727 -0.001724409950795934487 0.9998551883526178852 0.01693011324828924691 -0.3548798132625035073 -0.01489540898518038579 -0.0169539422859890862 0.999745312882437287 -0.2578541878732387715
0.9999337917741003556 0.0007343331609870033415 0.01148358935336927025 20.174656558594112 -0.0009409040107358504707 0.9998376646019556668 0.01799330828205857047 -0.3494033601949181334 -0.01146851207791472517 -0.0180029219317345765 0.9997721580596741209 -0.2719276403071314574
0.999968451179047646 3.621333715695839903e-05 0.007943257271366735081 21.00998656897355588 -0.0001752985057913412654 0.9998466755716599597 0.01750984348207433247 -0.3503228010648364865 -0.007941405286663065152 -0.0175106835075759075 0.9998151379351231105 -0.280479088493777784
0.9999882288597430335 -0.0007150345241038291548 0.004799048664509631551 21.84166375872143107 0.0006393816747710096395 0.9998758007596335595 0.01574719805035423512 -0.3456003695407802723 -0.004809712417073235165 -0.01574394426334585831 0.9998644882607422568 -0.289162737576174278
0.9999926431797077075 -0.001075537666870719994 0.003681956754066018078 22.69542532874615048 0.001011040722949093111 0.9998468016047961093 0.01747429876786703654 -0.3482580346456727871 -0.003700186951288837907 -0.01747044760346100345 0.999840533323488545 -0.2948054205662791194
0.9999856739809754869 -0.00214563294399151101 0.004903885449608428801 23.56507720989397114 0.002040697226365534127 0.9997709564085602851 0.0213042314327588668 -0.3566804554296858498 -0.004948473307567095164 -0.02129391888135404379 0.9997610122574207558 -0.278522825766231108
0.999956132292765143 -0.003706624301063746792 0.008602001344043593706 24.42860205551847841 0.003557019100692970694 0.9998432801123853242 0.01734251508597942776 -0.3537832726401060057 -0.00866493542775361239 -0.01731115682562901423 0.9998126038125191295 -0.2919052855856675288
0.9999024840483853316 -0.005889564165955054297 0.01266236268877935292 25.30244626443615275 0.005690090621779870725 0.999860053844042862 0.01573199275760229707 -0.3437651613070709655 -0.0127532452210610079 -0.0156584086453825759 0.9997960636917641031 -0.2955315119094854559
0.9998708186232554418 -0.008991675668094441937 0.01332275629403055148 26.18083537588509913 0.008728365042091590711 0.999767993001822064 0.01969202410738985984 -0.3378867465823078842 -0.01349672961594754021 -0.01957319438314327614 0.9997173242220721567 -0.291177162957457436
0.9998774450300379479 -0.01262692320540448852 0.009255038130236694846 27.09147547846538018 0.0124301941299608306 0.9997018997965163578 0.0210143241155519786 -0.3374612299049632447 -0.009517625458961792226 -0.02089670678348118371 0.9997363364658198304 -0.2964394130501792901
0.9998448261801329284 -0.01698987985414898358 0.004654840788846376608 28.00032516551796391 0.01689115920499910384 0.9996474737538140198 0.02048455416991819614 -0.3179669625996994209 -0.005001229950168014846 -0.02040274984462142616 0.9997793334016984446 -0.3080602530594578337
0.9997308481697849691 -0.02307336254397874403 0.002418916571665400903 28.90764199187269412 0.02301679470492197163 0.9995089433223002251 0.02126262876251024461 -0.3093962118279453555 -0.002908329089299032007 -0.02120123017852613631 0.9997709985093784502 -0.3113744039568764332
0.9995277026354989491 -0.03068605618972123153 0.001654574828521111979 29.81933764598127112 0.0306398882931279877 0.9992652926397744828 0.02302329631311756872 -0.2921223590381730184 -0.002359853365303548993 -0.022961726480079242 0.9997335596091677656 -0.313131290446225341
0.9992217024395582126 -0.03943131841701808665 0.001077264666086477076 30.73719233485140734 0.03939148865266704075 0.9989035434252173662 0.02529864733748008604 -0.2625553088910771438 -0.002073642511662727918 -0.02523652239952123288 0.9996793575660168907 -0.3137089223969377061
0.9987974756131846599 -0.0490227226888981793 0.0006126709158508211262 31.67356124723161415 0.04898784186132765922 0.9984274351122590652 0.02725524111935652069 -0.2278495689166084581 -0.001947833579162877755 -0.02719245259705977205 0.9996283191595775053 -0.3117249837343155638
0.998214140630283242 -0.05973714539603100504 5.386663072624193473e-05 32.62677990816479223 0.05971071367818122505 0.9977984861843918196 0.02885847612979362126 -0.187432532450440309 -0.001777671027967752011 -0.02880372252988758208 0.9995835059932945965 -0.3123540005979029699
0.9974550117458985676 -0.07128981168308462513 -0.00112351597935901994 33.57492462014833023 0.07129144121777049314 0.9970058295019027517 0.02994839484097648261 -0.142680942336863209 -0.00101486344837303788 -0.02995227359557903896 0.9995508147955391998 -0.309866831140777399
0.9965009489095757456 -0.083534273014228555 -0.002807854732079659299 34.53616983200333834 0.08358119033788846686 0.9960191530684683325 0.03098437265227786674 -0.06907240238255957232 0.0002084200469658374015 -0.03111064058366521876 0.9995159251375029807 -0.3091041229386259914
0.9952765498846942727 -0.09697590615608950304 -0.004501429499754558416 35.50918135783375362 0.09706858662477792221 0.994806851352534216 0.03061074974484391184 0.01490627760716850547 0.001509547711763381279 -0.0309031087874655358 0.9995212449633290586 -0.3119089297421162588
0.9938720024293864475 -0.1103754418158403167 -0.00597533451026443195 36.4767504200085213 0.1105094330058879748 0.9933793488492699275 0.03138685241942417575 0.1124494990786475412 0.002471436201143296062 -0.03185484468465062113 0.9994894501060981318 -0.3064588088641961861
0.9921091992679201832 -0.1251985235345934311 -0.006683294327724878699 37.45730478955104559 0.1253476343362462941 0.991617667706036432 0.03134280888825364403 0.2264414785255948193 0.002703199336882987965 -0.03193322415347970428 0.9994863490356954427 -0.303354719543646123
0.9899869557340070791 -0.1409799805202792966 -0.00710440413412334517 38.42708357604555403 0.1411276154170293951 0.989572485290163173 0.02879743971309722816 0.348756873763272579 0.002970460365182002981 -0.02951171727912882056 0.9995600206634384088 -0.2920444430915521972
0.9876173104011349846 -0.156583305532869671 -0.009680734063452486188 39.42014774673506849 0.1568077299500884314 0.9871688703479597482 0.03014891798749830265 0.4981706923275025511 0.004835702072346074326 -0.0312936072162251569 0.9994985373342482049 -0.2894669491895243141
0.9848509674643760592 -0.1729520147181549394 -0.012496898630594876 40.40986299691128636 0.1732531023879208543 0.9844365075902227202 0.02946396188318092801 0.6538565386992494233 0.007206551673983912359 -0.03118273781212298895 0.9994877200227192393 -0.2988247316044216895
0.9816179506853974779 -0.1904105068906621623 -0.01303985208320555637 41.41284942889588194 0.1906966232883641754 0.9812997128584882711 0.02618532842963037718 0.8325877119834939055 0.007810041445499610498 -0.02819064417887462426 0.9995720538481388528 -0.2810439452657297332
0.9779694809688772583 -0.2084802402410812217 -0.01056805118279117994 42.41554706430557076 0.2086963145254066843 0.9775995979446004958 0.02729238755264344271 1.033688726118705548 0.004641399073729750649 -0.02889663540916540332 0.9995716291877717596 -0.2773559162053919058
0.9738291380431398636 -0.2271501455526991342 -0.007721480145405554968 43.41306236537083407 0.2272780820142348279 0.9734350650226921697 0.02772810195559478885 1.246583044538367879 0.001217917132646664053 -0.0287573568101406607 0.9995856797229527579 -0.2661309772593896117
0.9692098001684571473 -0.2461450863537158473 -0.006705199621283331433 44.42265768303979456 0.2462363912110223652 0.9688563128201449492 0.0261741240805413479 1.471800498920864619 5.374295042108420174e-05 -0.02701928171122106037 0.9996349111187683434 -0.2614446522670725859
0.9641312299701058075 -0.2653098243333787409 -0.007852928587372279626 45.42773742523790759 0.2654227763121287942 0.9638436323495360725 0.02358393976977671627 1.730278192252732605 0.001311944297828486266 -0.02482235894904244802 0.9996910169139454627 -0.2602276548571151871
0.9584011130867539086 -0.2852355663728898261 -0.01039125049783615196 46.45076342140323788 0.2853980747830147102 0.958174169694870459 0.02121790428910886109 2.015089028920554082 0.003904526872058361898 -0.0233009059570058151 0.9997208722697852323 -0.2584577840406740989
0.9523099195931850058 -0.304890336219991509 -0.01215318473087573237 47.47002866347256855 0.3050792712014076535 0.952132029218737852 0.01926751783253161446 2.314381128440862856 0.005696956450911171664 -0.02205633307950082694 0.9997404977587242003 -0.2571177740701710013
0.9457421670160773841 -0.3246771925124668501 -0.01250896331534706758 48.48829232244649745 0.3248649914007582518 0.9455825152793276844 0.01834241495375310907 2.643474272036507866 0.005872893206276777467 -0.02141091950661098628 0.9997535104473856959 -0.2509356761898972055
0.9388050804297962681 -0.3442437048907120989 -0.01188665528850620101 49.50725324625876311 0.3444136196688332152 0.9386435658773240043 0.01809737140000495029 2.991225291442866752 0.004927426329330276099 -0.02108383016541560614 0.9997655688089192028 -0.2449199364183533012
0.9314977922165985635 -0.363579953307339776 -0.01102182465192340366 50.52271593430896246 0.3637273415680905009 0.9313346460085960565 0.01783811003052682143 3.365125013166817336 0.003779427951493502177 -0.02062509906857713793 0.9997801364365769272 -0.2376975783702820477
0.9236646796390338698 -0.3830317771171118379 -0.01141127837251158794 51.52885645853572782 0.3831834716652482986 0.9235017037075703428 0.01774909358676621945 3.753112859225987918 0.003739868163081154842 -0.02076682408145052658 0.9997773514158326824 -0.2313411096941015987
0.91544112726825555 -0.4022066951528476264 -0.0140469514966492879 52.54273151195890534 0.4024058191524035877 0.9153068012623771788 0.01682308854495934147 4.173707010689320818 0.006090911399728569757 -0.02105312214097174867 0.9997598045766121766 -0.2234732050462749919
0.9069727994895819823 -0.4207993955483901871 -0.01811655752012289802 53.55692814210183172 0.4210731521228814334 0.9068933805706523854 0.01554981907109010721 4.620697749259524478 0.009886431631925408914 -0.02173165888948603436 0.9997149561112658178 -0.2190684446314209444
0.8979699128400189245 -0.4395325380097566126 -0.02147518630975158577 54.57051004171133712 0.4398727522084208141 0.8979362514349682467 0.01491476650481922406 5.091112346933275745 0.012727823122805456 -0.02283936085780099295 0.9996581246183754432 -0.2094798354229917559
0.888600482562072802 -0.4581136544024706492 -0.02282678253595494047 55.58149800850899425 0.4584904795833866231 0.8885668451401247392 0.01534411571986111535 5.577290365269957917 0.01325377322179262934 -0.02410065107743893445 0.9996216764928856913 -0.1973390474932070759
0.8787739997094231592 -0.4766891485127112693 -0.02288477842965144088 56.58198505591966665 0.4770737371322931186 0.8787192912128390931 0.01590775373382169108 6.093268484507242455 0.01252624270478266098 -0.02489704711488054806 0.9996115396942919507 -0.1829892941528585837
0.8685124774879398046 -0.4951618281480608674 -0.02237946268597630975 57.58234641965862011 0.4955321645946477171 0.8684444703965426005 0.01587689299909889051 6.635133026688742497 0.01157368926355494682 -0.02487902323061549209 0.9996234710735573126 -0.1649757939672331641
0.8579806763900859057 -0.513206306403456769 -0.02210081366539943387 58.57640489871219813 0.5135654176105690638 0.8579081687516061372 0.01562484773850264866 7.195755344458196312 0.01094169819042170068 -0.02475603099967758555 0.9996336419764035863 -0.1502544035953600199
0.8469540471202609 -0.5312346064663800993 -0.02141576319842746975 59.56185534526748881 0.5315753391894317836 0.8468664569995097979 0.01564809315724715114 7.780056885493433327 0.009823482900889437403 -0.02463730738335739162 0.9996481892494103461 -0.1387188402409003096
0.8353077540556932412 -0.549391763143506795 -0.02072791734020560175 60.53837186906961421 0.5497115459471776377 0.8352122433395460233 0.01541832917034557764 8.39299678026445406 0.008841507301949939196 -0.0242734253628379415 0.9996662585936901824 -0.1279157958899462821
0.8234066526262365793 -0.5670699569072381596 -0.02081221601207116842 61.50629145517682872 0.5673917843078927215 0.8232988743519661368 0.01566928966431074821 9.033909046069934945 0.008249090609556397266 -0.02471087769590472882 0.9996606049197233057 -0.1162599436017152099
0.8110067184940223939 -0.5846542029975964061 -0.02115574211776220098 62.46708591667513133 0.584980464504905151 0.8109001861059891292 0.01545135496675856777 9.703270897443340814 0.008121495606623469615 -0.02490684850374621714 0.999656786205926462 -0.1019410254576439412
0.798195424863316072 -0.6020186244900229688 -0.02139250903256996114 63.43092503329648935 0.602332354135532877 0.7981308589944438037 0.01352283746504753803 10.38958302225819175 0.008933021610498519116 -0.02367926728614108342 0.999679695415803371 -0.09385824107354656665
0.7851029902757657997 -0.6189523121315744225 -0.02261260519811675307 64.38155260941186953 0.6192814721047871229 0.7850738879458467601 0.01222492639760367622 11.09301077140599467 0.01018591943096103236 -0.02360139366877819084 0.9996695560350499221 -0.08369976185206717822
0.7711947004099023451 -0.6361738466296258387 -0.02327167526281784943 65.3087397174133315 0.6365129564766343062 0.7711768847080502365 0.01172470822068033894 11.84525669776665602 0.01048762531345228191 -0.02385475562922919485 0.9996604225186989101 -0.07291448291794500047
0.7566169489225507139 -0.6534712226722684258 -0.02249785959717368403 66.22287245640957565 0.653783327636965117 0.7566034765242033444 0.01088760167642155614 12.6116526011580774 0.009907224418661727747 -0.02294646943460722927 0.9996876044274297657 -0.06575202565031856849
0.7421381126713515464 -0.6698446361102433633 -0.02322036041394171316 67.13413385662271082 0.6701657046112200478 0.7421421885241087368 0.01014398499964424064 13.38253454421724165 0.01043791516847814536 -0.02308972704072787679 0.9996789056658281769 -0.04979122470589858462
0.7271441364847416322 -0.6860843444876402186 -0.02344519068859198668 68.04068743548766918 0.6864030535517700038 0.7271604849227303324 0.009406237240268853009 14.19043835661918962 0.01059494413333511055 -0.02293254069445475538 0.9996808719472602967 -0.03871632375110356517
0.7118533245556379896 -0.7019920999072030154 -0.0217240863458580992 68.93339334263067997 0.7022619372276435179 0.7118703743139691564 0.008291064692705385139 15.01730414299890803 0.00964447157967832959 -0.02115802088561763786 0.9997296246091639249 -0.02787663590474342978
0.6961096876607173467 -0.7176714774203503122 -0.01946671985425587476 69.79977999083214968 0.7178786496282018037 0.696139753604679945 0.006299834802726741664 15.86565796440030063 0.009030345828560817564 -0.01836011855603981308 0.9997906575387645045 -0.01549764292521282893
0.6800620838726916251 -0.7329402120016620392 -0.01772590331972797098 70.65005595508013414 0.7331007802859924594 0.6801062006488496348 0.004336109233354356988 16.74572281931506623 0.008877387956181528525 -0.01594369699289338235 0.999833481390895118 -0.003207201744787613329
0.6639324638098389464 -0.7476220612268783539 -0.01596674682812800408 71.49327647509191763 0.7477455744896595036 0.6639787142596358382 0.002970337073963735287 17.65919318094104185 0.008380890522142303567 -0.01391116744766366341 0.9998681113502988493 0.003152598834865405486
0.6482164370773192408 -0.7612845170776810777 -0.01616584973780911538 72.32050938561444298 0.7614241473368099644 0.6482377169427915309 0.004596764873335359471 18.58497023987702335 0.006979867618675254098 -0.0152887668561115294 0.9998587575536839189 0.01255358790449689899
0.6330426551687099446 -0.7739725697285553263 -0.01494851100401281899 73.1170034535691542 0.7741074227233571969 0.6330124797865100961 0.007273141153018092449 19.5297387278392236 0.003833382291321642786 -0.016175961868359158 0.9998618121711793094 0.02254548408639733825
0.6179572225929209628 -0.7861336326882878422 -0.01108072821024790044 73.91179091146472047 0.7862103970218039528 0.6178689343163952241 0.01054474682626426775 20.49494090564650861 -0.001443142376931048345 -0.01522798614126075895 0.9998830060451880941 0.02500444875144136603
0.6038939067600659349 -0.7970259920861096914 -0.007856032903307091225 74.69344570780583581 0.7970540495005359327 0.6038055261186493494 0.01112334788247907984 21.47028076194788326 -0.004122081279421676431 -0.01297900480125962867 0.9999072726407176592 0.03256375894480800781
0.5907466281711017952 -0.8068496810477717718 -0.003466039980814754253 75.45164930466603437 0.8068496889226157709 0.5907172891578584828 0.006831093639443075634 22.47890380616844297 -0.003464215960126362185 -0.00683201876795335155 0.9999706609330741847 0.02634244509009397994
0.5785154015897746582 -0.8156666129655893993 0.002811859211503447888 76.19469034934229512 0.8156678031153168362 0.5785196929218315853 0.0009999636892967455302 23.49376245192910417 -0.002442352899663922852 0.001715048677080757179 0.9999955467501204787 0.01443049872592339078
0.5669085681091249329 -0.8237653660474619777 0.005029616336427934764 76.90635582367909251 0.8237686551888100395 0.5669227432108938647 0.001950903334514480494 24.50933173738170012 -0.004458490466066545449 0.0030372565166703956 0.9999854483616803513 0.005408885101200744394
0.5551274698034887045 -0.8317520210367492783 0.00469762768243706802 77.619062636607282 0.8317195245624322553 0.5551473179977248762 0.007354444070581126792 25.54427208037497721 -0.008724949103426037772 -0.0001755452186167152397 0.9999619214980256521 0.002407127487946136846
0.5425789212085211366 -0.8399941929987662093 0.004227283191936458996 78.32400967539069825 0.8399192027454724929 0.5425885963327307104 0.0115476428686674109 26.57333938653258087 -0.01199362858054030083 -0.002714931233829609176 0.9999243881516727273 -0.008044703053958546235
0.5297383182443402561 -0.8481570681209735785 0.002627149471928466422 79.01157999149207001 0.8480641641178259249 0.5297220483985309869 0.01348054326838117947 27.61962068814359839 -0.01282527702887276133 -0.004913168950515587989 0.999905682071328461 -0.02147610461622462275
0.5167583686027418244 -0.8561184296095620816 0.004692855849062278935 79.67134517012677009 0.8560287227844936009 0.5167735428660695796 0.01264639193538699517 28.67766921190305851 -0.01325195292038184799 -0.00251790941766685426 0.9999090187984338574 -0.04557130548524257474
0.5036239481323353528 -0.8638776614335933468 0.008849004338384005436 80.31507289488011736 0.8638309455259820524 0.503693387017664973 0.009437663569026135887 29.73504661700035001 -0.01261017167257723857 0.00289101044587506675 0.999916309311711049 -0.0677269621152096768
0.4900939015235299956 -0.8715926678405929717 0.01158399715504673452 80.93410331395850221 0.871630498340316251 0.4901545596631779467 0.002963455958838829771 30.80916407889217723 -0.008260875481166203224 0.00864459356950112584 0.999928511913409479 -0.08822327829345866235
0.4762042435835596166 -0.879224597340140801 0.01391494732942977208 81.53577709386968309 0.8793284982669102856 0.4762006994344504252 -0.003779690472180073299 31.89145127705030447 -0.003303110787761137299 0.01403571443057855667 0.9998960386856118321 -0.1062658091500824353
0.4617324184271515142 -0.8868108999057443542 0.01922502317427645865 82.1243707521981321 0.886991608458108316 0.4617807095325978661 -0.002112556506225840569 32.98309689578317005 -0.007004306675214349784 0.01802787010242408797 0.9998129502995913853 -0.1236711878785797802
0.447238242662343799 -0.8941065563599233101 0.02348233610431922636 82.70015668852710178 0.8941377144830392476 0.4475990808410439947 0.01314573837534349122 34.08319458212782394 -0.0222643628944971389 0.0151171654553865567 0.9996378191379846623 -0.1249765024057630791
0.4319509098101521061 -0.9016093788337938841 0.02278024248027392396 83.25947165443373876 0.9011819051284311044 0.4324763715902026906 0.02890262886026368286 35.18804207589975164 -0.0359107978331147798 0.008044625535787833931 0.9993226198755189582 -0.1471958717033812203
0.4159167846266402235 -0.9093204995994902395 0.012225269232330414 83.80519655133373647 0.9084994483580933755 0.4160651496828019491 0.03896849526548053916 36.29405813015412008 -0.04052136002395177738 -0.005101000847700033064 0.9991656515150735274 -0.1738370358222450784
0.3999973734120472191 -0.9165133612991620549 0.002315114907501812473 84.32293380118723292 0.915808921813907495 0.3997866055518967121 0.03827125315413513335 37.38302218945464972 -0.03600166676658052983 -0.01318819779925145021 0.9992647053832777182 -0.2227159638764220073
0.3854460554760125168 -0.9227113658893109083 -0.005922289245333224074 84.80767994932429588 0.9223053918044975541 0.3850658242775812368 0.03281882526458597404 38.49128633501526764 -0.02800183186308821681 -0.01811204599321257838 0.9994437709041179563 -0.2711002722416449018
0.3717237655036784716 -0.9282920218678518687 -0.00976546105003866724 85.28015163144793576 0.9280682702712639287 0.3713369670966889524 0.02825141859235551223 39.60862966793004603 -0.02259928976258340771 -0.01956473819132065195 0.9995531467206387743 -0.3047952310979340496
0.3584184625766180798 -0.9335220828977851548 -0.008527975135032747275 85.72405277215040087 0.933260983546926437 0.3580567306931064508 0.0286236661453032927 40.72772400259094638 -0.02366732550852194278 -0.01821807682133033679 0.9995538801772954063 -0.3576927920799899407
0.3456122970785568405 -0.938337678444655432 -0.008633727636909649047 86.15842865649908333 0.9379846912534717251 0.3451868818714615705 0.03210507167676314444 41.85312208166568837 -0.0271451488655256451 -0.01919421186776564328 0.9994472087712940045 -0.3839097180963353395
0.333698317203416972 -0.9425909624917870877 -0.01295030726388032155 86.5722148582472073 0.942244019841161462 0.3330948105667739245 0.0349864876278610723 42.97732299293516434 -0.02866426686595152304 -0.02387728156612411307 0.9993038753185916612 -0.4122341334204420171
0.3220233698396670619 -0.9465600514852037239 -0.01802825957601936202 86.9766176296528073 0.9462914045239845251 0.3212345249979150497 0.03661908986870460875 44.10005955718158788 -0.02887086815297008544 -0.02885218974014285356 0.999166664834231999 -0.4525607866838315951
0.3113918041066990328 -0.9500539101722317303 -0.02080173155561068285 87.37493119746036996 0.949856483701487786 0.3105232064102893541 0.03671510207152209326 45.2307258327336541 -0.02842190586631572133 -0.03119144140682193062 0.99910924790365363 -0.4864902232616949984
0.3040841966365859239 -0.9524291466949286189 -0.02028600049653768098 87.75497153639857117 0.9522260715842926215 0.3032499348439152698 0.03612458555165287688 46.36350217352474345 -0.02825437982483315277 -0.03030177408167633937 0.9991413776362942922 -0.5266049885561540078
0.2988219847371273441 -0.9541217604564099508 -0.01889676151634193252 88.12494296865665433 0.9538631157952479622 0.2980186885676475717 0.03646940716113074299 47.50418860155747325 -0.02916466683973820487 -0.02892278439289613923 0.999156091282901504 -0.5641227414590505029
0.2950750085563708658 -0.9553011467609032747 -0.01817851086773145455 88.46578488827906028 0.95500132958094619 0.2942771955846567589 0.03705931362436380022 48.62905256269725385 -0.03005328356686297678 -0.02829577927768425413 0.9991477113112240405 -0.6011223118049296987
0.2907494941766868846 -0.9566234519498416633 -0.01833855911180284209 88.82524311975835474 0.9563125963273417796 0.2899370359062046765 0.03745308244148964211 49.7780623397508748 -0.03051146950082805204 -0.02842685979665701343 0.9991301035738481273 -0.6372489877142035741
0.2865558855891165435 -0.9578541477152641148 -0.02002888098983392207 89.16473145624684093 0.9575404469656627615 0.2856461154724618257 0.039020369156844599 50.91725375263361997 -0.03165465035123795484 -0.03035998003916340685 0.9990376643147724778 -0.6749140640337286667
0.2824518343693370181 -0.9590428833568618305 -0.0213941365528469013 89.50960045046053892 0.958741144827091718 0.2814740751170129451 0.03984673539302707734 52.03944357961712086 -0.03219283316534064104 -0.03176622242070394758 0.9989767407713736613 -0.7175671117901580853
0.2781516353417013421 -0.9602965152161366813 -0.02150047802960848575 89.84246219158416125 0.9601219155834558316 0.2773036033209756446 0.03561767636726421993 53.17839399583378679 -0.02824137042536572009 -0.0305501950242878656 0.9991341804668735227 -0.7601715633729378974
0.2741586886662911726 -0.9613281623609031268 -0.0261758976085159252 90.17537055299946758 0.9613898892974017674 0.2732995156625407374 0.03220024166224187689 54.31031307613844206 -0.02380113896672633733 -0.03399321927648515235 0.9991386124178810446 -0.7903137912951326838
0.27021149692091051 -0.9625241555850883035 -0.02308672307208946284 90.50688557144965785 0.9624531699832346021 0.2693917327616734969 0.03334651371065117803 55.44641381687234372 -0.02587745257897175466 -0.03123050113577230738 0.9991771680957436397 -0.82726683863996886
0.2666441113432890253 -0.96348939925589272 -0.02427128638512193737 90.82518203198434037 0.9631934006173991092 0.2655034551531118558 0.04202842344718459022 56.57567261500375366 -0.0340498300225276912 -0.03458457443556664512 0.9988215637853544715 -0.8598372784096730559
0.2633781914351909781 -0.9643539073514618698 -0.02556305122037457953 91.14238164062631142 0.9639176724281004471 0.2620122442612742297 0.04703514331872711562 57.7089474343669977 -0.03866069178170929155 -0.03702870775733608372 0.9985660847977624321 -0.8905538772923066171
0.2603272313228160439 -0.9651804185316388285 -0.02562210472212761089 91.45903393083429478 0.9647812177169100556 0.2589980775893749865 0.04601301788114571523 58.8487326739676746 -0.03777478794929584743 -0.03669816688768127999 0.9986121919634869393 -0.9308989760141229697
0.2572905119545906283 -0.965995471797764238 -0.02558008717677033583 91.76538398306367128 0.9656497050830129547 0.2560220928228555959 0.04442223686707542224 59.99230869764334528 -0.03636261216663883022 -0.03613082364747151332 0.9986852977864366654 -0.9846977156094899319
0.2543962683797069135 -0.9667026423737122842 -0.02772255034850436631 92.0730250432308992 0.9664573277363684989 0.2530777949741882527 0.04372486048108786133 61.13099461140007662 -0.03525297621063386982 -0.03791610321301402964 0.9986588991148882544 -1.02729451922810644
0.2514730391633270279 -0.9674085595972474749 -0.02969830513111204259 92.37927396601331509 0.9672748240166952893 0.25013077569863712 0.04259119556974314685 62.28242510155143918 -0.03377462701756577673 -0.03943696020398766711 0.9986510905895917833 -1.060198574385720072
