0.000000000000 0 1.000000000000 0.000000000000 0.000000000000 0.000000000000 0.000000000000 1.000000000000 0.000000000000 0.000000000000 0.000000000000 0.000000000000 1.000000000000 0.000000000000 0.000000000000 0.000000000000 0.000000000000 1.000000000000 0.000000000000 0.000000000000 0.000000000000 0.000000000000 0.000000000000 0.000000000000
0.000000000000 10000000 0.999999999969 -0.000002463398 -0.000007429755 -0.000004501694 0.000002463409 0.999999999996 0.000001468210 -0.000000781883 0.000007429751 -0.000001468228 0.999999999971 -0.000001127332 0.000000000000 0.000000000000 0.000000000000 1.000000000000 -0.000868259027 -0.000150797018 -0.000217417458 -0.000283155149 -0.001432890329 0.000475057084
0.000000000000 20000000 0.999999999577 -0.000009148594 -0.000027596627 -0.000016723493 0.000009148744 0.999999999943 0.000005453204 -0.000002904464 0.000027596577 -0.000005453456 0.999999999604 -0.000004187657 0.000000000000 0.000000000000 0.000000000000 1.000000000000 -0.001544033247 -0.000268124740 -0.000386560429 -0.000503378331 -0.002547419278 0.000844372386
0.000000000000 30000000 0.999999998177 -0.000018998054 -0.000057317041 -0.000034740441 0.000018998703 0.999999999755 0.000011325468 -0.000006033186 0.000057316826 -0.000011326557 0.999999998293 -0.000008698571 0.000000000000 0.000000000000 0.000000000000 1.000000000000 -0.002027322661 -0.000351983172 -0.000507428922 -0.000660669544 -0.003343586849 0.001107945907
0.000000000000 40000000 0.999999995158 -0.000030954253 -0.000093407420 -0.000056627587 0.000030955977 0.999999999351 0.000018455502 -0.000009833482 0.000093406849 -0.000018458393 0.999999995467 -0.000014177651 0.000000000000 0.000000000000 0.000000000000 1.000000000000 -0.002318127265 -0.000402372324 -0.000580022953 -0.000755028780 -0.003821393042 0.001265777648
0.000000000000 50000000 0.999999990231 -0.000043959720 -0.000132684166 -0.000080460034 0.000043963198 0.999999998690 0.000026213899 -0.000013970721 0.000132683013 -0.000026219732 0.999999990854 -0.000020142307 0.000000000000 0.000000000000 0.000000000000 1.000000000000 -0.002416447057 -0.000419292208 -0.000604342542 -0.000786456030 -0.003980837860 0.001317867609
0.000000000000 60000000 0.999999983592 -0.000056957072 -0.000171963653 -0.000104312967 0.000056962915 0.999999997801 0.000033971399 -0.000018110167 0.000171961718 -0.000033981194 0.999999984637 -0.000026109691 0.000000000000 0.000000000000 0.000000000000 1.000000000000 -0.002322282032 -0.000402742842 -0.000580387716 -0.000754951280 -0.003821921304 0.001264215792
0.000000000000 70000000 0.999999975982 -0.000068889025 -0.000208062225 -0.000126261662 0.000068897578 0.999999996782 0.000041098904 -0.000021916975 0.000208059393 -0.000041113238 0.999999977510 -0.000031596670 0.000000000000 0.000000000000 0.000000000000 1.000000000000 -0.002035632185 -0.000352724248 -0.000508158508 -0.000660514516 -0.003344643376 0.001104822199
0.000000000000 80000000 0.999999968630 -0.000078698379 -0.000237796195 -0.000144381477 0.000078709549 0.999999995799 0.000046967461 -0.000025056196 0.000237792498 -0.000046986176 0.999999970624 -0.000036119852 0.000000000000 0.000000000000 0.000000000000 1.000000000000 -0.001556497511 -0.000269236449 -0.000387654956 -0.000503145720 -0.002549004080 0.000839686831
0.000000000000 90000000 0.999999963082 -0.000085327991 -0.000257981857 -0.000156747825 0.000085341137 0.999999995061 0.000050948214 -0.000027192814 0.000257977509 -0.000050970228 0.999999965425 -0.000039195675 0.000000000000 0.000000000000 0.000000000000 1.000000000000 -0.000884878002 -0.000152279475 -0.000218877106 -0.000282844871 -0.001435003418 0.000468809690
0.000000000000 99999999 0.999999960925 -0.000087720726 -0.000265435506 -0.000161436125 0.000087734641 0.999999994778 0.000052412315 -0.000027991808 0.000265430907 -0.000052435601 0.999999963398 -0.000040340560 0.000000000000 0.000000000000 0.000000000000 1.000000000000 -0.000020773747 -0.000001853376 -0.000001825033 0.000000388023 -0.000002641555 -0.000007809167
0.000000000000 109999999 0.999999961536 -0.000072274585 -0.000267778452 -0.000653297118 0.000072288721 0.999999995994 0.000052778549 -0.000060342753 0.000267774636 -0.000052797904 0.999999962755 -0.000076767072 0.000000000000 0.000000000000 0.000000000000 1.000000000000 -0.097357098464 -0.006370012799 -0.007150356692 -0.000073925319 -0.000455328304 -0.003043086559
0.000000000000 119999999 0.999999961992 -0.000027624682 -0.000274323236 -0.002088698016 0.000027639477 0.999999998164 0.000053929323 -0.000153333207 0.000274321746 -0.000053936903 0.999999960919 -0.000180698798 0.000000000000 0.000000000000 0.000000000000 1.000000000000 -0.188728066594 -0.012140699479 -0.013501295949 -0.000154922802 -0.000843322901 -0.005848516263
0.000000000000 129999999 0.999999958587 0.000043930484 -0.000284422955 -0.004407991415 -0.000043914578 0.999999997472 0.000055931377 -0.000300872134 0.000284425411 -0.000055918884 0.999999957988 -0.000344175619 0.000000000000 0.000000000000 0.000000000000 1.000000000000 -0.274133661215 -0.017313847560 -0.019054697131 -0.000242603005 -0.001166624576 -0.008424098135
0.000000000000 140000000 0.999999945955 0.000140092433 -0.000297430636 -0.007551533090 -0.000140074935 0.999999988458 0.000058851625 -0.000496812744 0.000297438877 -0.000058809959 0.999999954036 -0.000559243353 0.000000000000 0.000000000000 0.000000000000 1.000000000000 -0.353573878652 -0.021889348568 -0.023810652618 -0.000336963630 -0.001425232419 -0.010769832594
0.000000000000 150000000 0.999999917682 0.000258562657 -0.000312699235 -0.011459679582 -0.000258543045 0.999999964609 0.000062757036 -0.000734969888 0.000312715451 -0.000062676184 0.999999949140 -0.000817949946 0.000000000000 0.000000000000 0.000000000000 1.000000000000 -0.427048687157 -0.025867048960 -0.027769290243 -0.000438001429 -0.001619145073 -0.012885719444
0.000000000000 160000000 0.999999866867 0.000397042681 -0.000329581650 -0.016072789107 -0.000397020384 0.999999918895 0.000067714528 -0.001009136284 0.000329608509 -0.000067583668 0.999999943395 -0.001112342274 0.000000000000 0.000000000000 0.000000000000 1.000000000000 -0.494558074553 -0.029246752877 -0.030930776153 -0.000545712256 -0.001748360885 -0.014771759285
0.000000000000 170000000 0.999999786612 0.000553234020 -0.000347430715 -0.021331219477 -0.000553208415 0.999999844258 0.000073790877 -0.001313097167 0.000347471484 -0.000073598660 0.999999936923 -0.001434463125 0.000000000000 0.000000000000 0.000000000000 1.000000000000 -0.556102015839 -0.032028220256 -0.033295312830 -0.000660091034 -0.001812877805 -0.016427952546
0.000000000000 180000000 0.999999670473 0.000724838185 -0.000365599212 -0.027175327573 -0.000724808599 0.999999734041 0.000081052642 -0.001640643660 0.000365657864 -0.000080787626 0.999999929884 -0.001776348672 0.000000000000 0.000000000000 0.000000000000 1.000000000000 -0.611680481419 -0.034211167325 -0.034863139614 -0.000781131763 -0.001812693409 -0.017854299736
0.000000000000 190000000 0.999999512840 0.000909556682 -0.000383439876 -0.033545468630 -0.000909522402 0.999999582373 0.000089566104 -0.001985584747 0.000383521182 -0.000089217313 0.999999922476 -0.002130026311 0.000000000000 0.000000000000 0.000000000000 1.000000000000 -0.661293437073 -0.035795266603 -0.035634532715 -0.000908827517 -0.001747804901 -0.019050801442
0.000000000000 200000000 0.999999309264 0.001105091003 -0.000400305409 -0.040381995623 -0.001105051297 0.999999384491 0.000099397215 -0.002341757875 0.000400415006 -0.000098954789 0.999999914938 -0.002487512898 0.000000000000 0.000000000000 0.000000000000 1.000000000000 -0.704940843944 -0.036780146912 -0.035609805214 -0.001043170447 -0.001618209115 -0.020017458330
0.000000000000 210000000 0.999999031981 0.001328881413 -0.000412445853 -0.047612902828 -0.001328837894 0.999999111501 0.000105769553 -0.002717599717 0.000412586042 -0.000105221377 0.999999909351 -0.002842977181 0.000000000000 0.000000000000 0.000000000000 1.000000000000 -0.740731760477 -0.040280863614 -0.035357196727 -0.000231164194 -0.000823453076 -0.024663723867
0.000000000000 220000000 0.999998638158 0.001596833063 -0.000416901889 -0.055189898150 -0.001596789591 0.999998719662 0.000104584850 -0.003122172201 0.000417068359 -0.000103919003 0.999999907627 -0.003194940814 0.000000000000 0.000000000000 0.000000000000 1.000000000000 -0.774111464033 -0.043314839348 -0.034966548698 0.000472266335 -0.000082363135 -0.028849885517
0.000000000000 230000000 0.999998100947 0.001904344892 -0.000414212461 -0.063088900797 -0.001904304899 0.999998182113 0.000096925452 -0.003550305843 0.000414396288 -0.000096136481 0.999999909517 -0.003541941011 0.000000000000 0.000000000000 0.000000000000 1.000000000000 -0.805080041401 -0.045879196324 -0.034437488824 0.001067104698 0.000605089203 -0.032575943838
0.000000000000 240000000 0.999997393927 0.002246815958 -0.000404916625 -0.071285825729 -0.002246782173 0.999997472464 0.000083873160 -0.003996878773 0.000405104049 -0.000082963182 0.999999914504 -0.003882515851 0.000000000000 0.000000000000 0.000000000000 1.000000000000 -0.833637571403 -0.047971005473 -0.033769645050 0.001553335630 0.001238933746 -0.035841898962
0.000000000000 250000000 0.999996492847 0.002619645384 -0.000389553205 -0.079756582233 -0.002619619668 0.999996566579 0.000066509480 -0.004456828372 0.000389726099 -0.000065488766 0.999999921912 -0.004215205669 0.000000000000 0.000000000000 0.000000000000 1.000000000000 -0.859784124394 -0.049587286445 -0.032962645536 0.001930945046 0.001819201621 -0.038647750591
0.000000000000 260000000 0.999995377171 0.003018232314 -0.000368660511 -0.088477072745 -0.003018215589 0.999995444123 0.000045915864 -0.004925161782 0.000368797416 -0.000044802955 0.999999930991 -0.004538554373 0.000000000000 0.000000000000 0.000000000000 1.000000000000 -0.883519761841 -0.050725007607 -0.032016118645 0.002199920047 0.002345925271 -0.040993497998
0.000000000000 270000000 0.999994031395 0.003437975877 -0.000342776095 -0.097423191915 -0.003437968135 0.999994089902 0.000023173914 -0.005396965293 0.000342853741 -0.000021995323 0.999999940984 -0.004851110695 0.000000000000 0.000000000000 0.000000000000 1.000000000000 -0.904844535994 -0.051381086041 -0.030929692941 0.002360248920 0.002819138460 -0.042879140026
0.000000000000 280000000 0.999992446159 0.003874275158 -0.000312436568 -0.106570825927 -0.003874275545 0.999992494966 -0.000000634434 -0.005867412607 0.000312431765 0.000001844895 0.999999951191 -0.005151429358 0.000000000000 0.000000000000 0.000000000000 1.000000000000 -0.923758489642 -0.051552387545 -0.029702997215 0.002411921143 0.003238876271 -0.044304675087
0.000000000000 290000000 0.999990619135 0.004322529176 -0.000278177452 -0.115895852060 -0.004322536137 0.999990657499 -0.000024426752 -0.006331771980 0.000278069268 0.000025628955 0.999999961010 -0.005438072168 0.000000000000 0.000000000000 0.000000000000 1.000000000000 -0.940261655963 -0.051235726629 -0.028335660519 0.002354927390 0.003605175108 -0.045270101163
0.000000000000 300000000 0.999988555710 0.004778136869 -0.000240533100 -0.125374138482 -0.004778148336 0.999988583474 -0.000047119983 -0.006785412239 0.000240305208 0.000048268747 0.999999969962 -0.005709609040 0.000000000000 0.000000000000 0.000000000000 1.000000000000 -0.954354058464 -0.050427866512 -0.026827312225 0.002189259524 0.003918072697 -0.045775415805
0.000000000000 310000000 0.999986307934 0.005229002010 -0.000203674725 -0.134940058892 -0.005229014860 0.999986326648 -0.000062608438 -0.007230759897 0.000203344560 0.000063672599 0.999999977298 -0.005968347025 0.000000000000 0.000000000000 0.000000000000 1.000000000000 -0.958342742402 -0.050435335640 -0.025848924329 0.000966375411 0.003511887262 -0.044496377784
0.000000000000 320000000 0.999983910991 0.005670017724 -0.000169284663 -0.144551616761 -0.005670029139 0.999983923009 -0.000067024211 -0.007674536357 0.000168901913 0.000067982982 0.999999983425 -0.006216946739 0.000000000000 0.000000000000 0.000000000000 1.000000000000 -0.963457185319 -0.050692024742 -0.024817626158 -0.000028816009 0.003425147734 -0.043805672924
0.000000000000 330000000 0.999981342692 0.006107067091 -0.000134164840 -0.154220124397 -0.006107075538 0.999981349678 -0.000062642867 -0.008118538825 0.000133779774 0.000063461053 0.999999989038 -0.006454470253 0.000000000000 0.000000000000 0.000000000000 1.000000000000 -0.969697119430 -0.051203148199 -0.023736333359 -0.000796194148 0.003657756288 -0.043703307631
0.000000000000 340000000 0.999978569971 0.006546033276 -0.000095119298 -0.163956902314 -0.006546038218 0.999978573124 -0.000051743192 -0.008564440353 0.000094778547 0.000052364738 0.999999994137 -0.006679919134 0.000000000000 0.000000000000 0.000000000000 1.000000000000 -0.977062280207 -0.051973955738 -0.022607974364 -0.001335640168 0.004209610748 -0.044189291298
0.000000000000 350000000 0.999975548881 0.006992799429 -0.000048953963 -0.173773279005 -0.006992801225 0.999975549397 -0.000036607250 -0.009013788138 0.000048696779 0.000036948680 0.999999998132 -0.006892233281 0.000000000000 0.000000000000 0.000000000000 1.000000000000 -0.985552406557 -0.053009732512 -0.021435490203 -0.001647036983 0.005080604585 -0.045263636305
0.000000000000 360000000 0.999972224128 0.007453248644 0.000007523455 -0.183680590774 -0.007453248496 0.999972223967 -0.000019520616 -0.009468001188 -0.000007668738 0.000019464000 0.999999999781 -0.007090289435 0.000000000000 0.000000000000 0.000000000000 1.000000000000 -0.995167241249 -0.054315799158 -0.020221834390 -0.001730269271 0.006270626907 -0.046926358019
0.000000000000 370000000 0.999968528163 0.007933263987 0.000077503430 -0.193690181626 -0.007933263796 0.999968531164 -0.000002772809 -0.009928367333 -0.000077522988 0.000002157867 0.999999996993 -0.007272899371 0.000000000000 0.000000000000 0.000000000000 1.000000000000 -1.005906531629 -0.055897511809 -0.018969972884 -0.001585223475 0.007779562448 -0.049177474808
0.000000000000 380000000 0.999964379819 0.008438728597 0.000164174447 -0.203813403186 -0.008438730572 0.999964393215 0.000011342101 -0.010396039595 -0.000164072889 -0.000012727121 0.999999986459 -0.007438807760 0.000000000000 0.000000000000 0.000000000000 1.000000000000 -1.017770030603 -0.057760262088 -0.017682884116 -0.001211787833 0.009607291553 -0.052017008048
0.000000000000 390000000 0.999959682510 0.008975525843 0.000270722700 -0.214061614646 -0.008975531726 0.999959718893 0.000020524689 -0.010872031924 -0.000270527575 -0.000022953742 0.999999963144 -0.007586689705 0.000000000000 0.000000000000 0.000000000000 1.000000000000 -1.030757497893 -0.059909477054 -0.016363559103 -0.000609852387 0.011753690161 -0.055444982139
0.000000000000 400000000 0.999954321971 0.009549539556 0.000400331644 -0.224446182724 -0.009549549313 0.999954401762 0.000022469186 -0.011357214278 -0.000400098820 -0.000026291147 0.999999919615 -0.007715147936 0.000000000000 0.000000000000 0.000000000000 1.000000000000 -1.044868701579 -0.062350619125 -0.015015001620 0.000220690979 0.014218629778 -0.059461424530
0.000000000000 410000000 0.999948244373 0.010159292369 0.000545300875 -0.234854419691 -0.010159305540 0.999948392695 0.000021389175 -0.011837025000 -0.000545055435 -0.000026927947 0.999999851095 -0.007831513913 0.000000000000 0.000000000000 0.000000000000 1.000000000000 -1.035824783024 -0.061659912301 -0.014879499730 -0.000013724864 0.014774649862 -0.062448395504
0.000000000000 420000000 0.999941463299 0.010797486218 0.000695892767 -0.245193496588 -0.010797503503 0.999941705038 0.000021086226 -0.012297783826 -0.000695624522 -0.000028598896 0.999999757644 -0.007942583915 0.000000000000 0.000000000000 0.000000000000 1.000000000000 -1.030898593836 -0.061167761810 -0.014528298874 0.000043741629 0.015343067190 -0.065150796942
0.000000000000 430000000 0.999933954259 0.011461275028 0.000852229816 -0.255504572416 -0.011461295066 0.999934317027 0.000018631269 -0.012741580275 -0.000851960301 -0.000028397696 0.999999636679 -0.008046093493 0.000000000000 0.000000000000 0.000000000000 1.000000000000 -1.030090398097 -0.060868643187 -0.013960725962 0.000393141095 0.015923695467 -0.067568672803
0.000000000000 440000000 0.999925698017 0.012147813647 0.001014430559 -0.265828804550 -0.012147831151 0.999926212315 0.000011095515 -0.013170510736 -0.001014220921 -0.000023417822 0.999999485404 -0.008139766058 0.000000000000 0.000000000000 0.000000000000 1.000000000000 -1.033400457559 -0.060756934175 -0.013176082853 0.001034525934 0.016516340302 -0.069702068712
0.000000000000 450000000 0.999916681273 0.012854257941 0.001182609278 -0.276207349127 -0.012854261668 0.999917380556 -0.000004449479 -0.013586673552 -0.001182568767 -0.000010752461 0.999999300708 -0.008221311535 0.000000000000 0.000000000000 0.000000000000 1.000000000000 -1.040829031002 -0.060826914720 -0.012173646154 0.001967950287 0.017120799198 -0.071551031969
0.000000000000 460000000 0.999906897260 0.013577764904 0.001356875775 -0.286681361368 -0.013577735430 0.999907817823 -0.000030931727 -0.013992165323 -0.001357170679 0.000012505547 0.999999078965 -0.008288425026 0.000000000000 0.000000000000 0.000000000000 1.000000000000 -1.052376373686 -0.061072767011 -0.010952666858 0.003193470016 0.017736861554 -0.073115611556
0.000000000000 470000000 0.999896346262 0.014315492770 0.001537335237 -0.297291995819 -0.014315400082 0.999897526870 -0.000071278739 -0.014389078466 -0.001538198091 0.000049263782 0.999998815759 -0.008338785488 0.000000000000 0.000000000000 0.000000000000 1.000000000000 -1.068042736890 -0.061488575542 -0.009512369800 0.004711142688 0.018364308663 -0.074395858154
0.000000000000 480000000 0.999885036048 0.015064601121 0.001724088186 -0.308080406533 -0.015064402009 0.999886517211 -0.000128417428 -0.014779500002 -0.001725827089 0.000102430307 0.999998505513 -0.008370054424 0.000000000000 0.000000000000 0.000000000000 1.000000000000 -1.087828367561 -0.062068327213 -0.007851952934 0.006521027562 0.019002913712 -0.075391824166
0.000000000000 490000000 0.999872982233 0.015822251011 0.001917230508 -0.319087747182 -0.015821886248 0.999874805052 -0.000205274027 -0.015165511581 -0.001920238378 0.000174913750 0.999998141043 -0.008379874586 0.000000000000 0.000000000000 0.000000000000 1.000000000000 -1.111733508050 -0.062805911477 -0.005970586419 0.008623185577 0.019652441790 -0.076103563741
0.000000000000 500000000 0.999860208547 0.016585605082 0.002116853567 -0.330355171109 -0.016584996398 0.999862413039 -0.000304773995 -0.015549190756 -0.002121617177 0.000269623381 0.999997713019 -0.008365868691 0.000000000000 0.000000000000 0.000000000000 1.000000000000 -1.139758395956 -0.063695120507 -0.003867411506 0.011017679345 0.020312649887 -0.076531132804
0.000000000000 510000000 0.999846341941 0.017372796933 0.002340605442 -0.341776853740 -0.017371834774 0.999849005493 -0.000430779106 -0.015924576661 -0.002347735862 0.000390052303 0.999997167994 -0.008319508443 0.000000000000 0.000000000000 0.000000000000 1.000000000000 -1.142193639128 -0.064530123430 -0.001543899992 0.013753765974 0.024331423040 -0.080870229701
0.000000000000 520000000 0.999830949547 0.018202059314 0.002599493140 -0.353238162189 -0.018200604901 0.999834185844 -0.000582065178 -0.016285104398 -0.002609656892 0.000534654433 0.999996451911 -0.008235790661 0.000000000000 0.000000000000 0.000000000000 1.000000000000 -1.147434821055 -0.065484876195 0.000733843518 0.016014894957 0.027366067441 -0.084939598902
0.000000000000 530000000 0.999813979135 0.019070702796 0.002883647233 -0.364767035818 -0.019068603020 0.999817893412 -0.000753918126 -0.016631952454 -0.002897499850 0.000698790758 0.999995558083 -0.008117762228 0.000000000000 0.000000000000 0.000000000000 1.000000000000 -1.155482226230 -0.066553957359 0.002977480060 0.017800320377 0.029416937289 -0.088739263907
0.000000000000 540000000 0.999795391707 0.019976033845 0.003183204792 -0.376391414458 -0.019973129446 0.999800073751 -0.000941608686 -0.016966306030 -0.003201377993 0.000877837464 0.999994490275 -0.007968672472 0.000000000000 0.000000000000 0.000000000000 1.000000000000 -1.166336114324 -0.067731830150 0.005198795448 0.019109264870 0.030484400943 -0.092269255634
0.000000000000 550000000 0.999775164562 0.020915353534 0.003488310570 -0.388139240798 -0.020911489998 0.999780680498 -0.001140390287 -0.017289351730 -0.003511397181 0.001067188115 0.999993265577 -0.007791974664 0.000000000000 0.000000000000 0.000000000000 1.000000000000 -1.179996718508 -0.069012843349 0.007409700417 0.019940919693 0.030568841060 -0.095529612349
0.000000000000 560000000 0.999753293310 0.021885956707 0.003789118062 -0.400038462411 -0.021880996947 0.999759676927 -0.001345497193 -0.017602273131 -0.003817654943 0.001262255569 0.999991916078 -0.007591330181 0.000000000000 0.000000000000 0.000000000000 1.000000000000 -1.196464244626 -0.070391231828 0.009622230498 0.020294444789 0.029670654729 -0.098520379646
0.000000000000 570000000 0.999729792836 0.022885131605 0.004075790448 -0.412117033396 -0.022878969519 0.999737037228 -0.001552142911 -0.017906247270 -0.004110239661 0.001458473626 0.999990489347 -0.007370615361 0.000000000000 0.000000000000 0.000000000000 1.000000000000 -1.215738871236 -0.071861116739 0.011848545618 0.020168968844 0.027790253593 -0.101241610504
0.000000000000 580000000 0.999704697227 0.023910159946 0.004338501397 -0.424402915619 -0.023902733914 0.999712747475 -0.001755518874 -0.018202442043 -0.004379229889 0.001651298420 0.999989047720 -0.007133931029 0.000000000000 0.000000000000 0.000000000000 1.000000000000 -1.237820750528 -0.073416505343 0.014100929400 0.019563589346 0.024928063955 -0.103693365401
0.000000000000 590000000 0.999678058637 0.024958317455 0.004567435756 -0.436924079520 -0.024949622860 0.999686806317 -0.001950793377 -0.018492014523 -0.004614693784 0.001836209536 0.999987666392 -0.006885614704 0.000000000000 0.000000000000 0.000000000000 1.000000000000 -1.262710010144 -0.075051290480 0.016391788171 0.018477372649 0.021084526876 -0.105875712509
0.000000000000 600000000 0.999649945117 0.026026874844 0.004752790088 -0.449708504479 -0.026016974687 0.999659225370 -0.002133110785 -0.018776110231 -0.004806688665 0.002008710859 0.999986430320 -0.006630255496 0.000000000000 0.000000000000 0.000000000000 1.000000000000 -1.290406755920 -0.076759249681 0.018733649671 0.016909354022 0.016260098259 -0.107788727968
0.000000000000 610000000 0.999620594068 0.027103261500 0.004907253006 -0.462629856394 -0.027092199422 0.999630277225 -0.002306856123 -0.019080030891 -0.004967962007 0.002173032612 0.999985298533 -0.006369260409 0.000000000000 0.000000000000 0.000000000000 1.000000000000 -1.290344494592 -0.082394177959 0.019722214807 0.016811479050 0.015138512241 -0.107533433577
0.000000000000 620000000 0.999590156756 0.028178084373 0.005051146120 -0.475573570136 -0.028165834572 0.999600187470 -0.002480115597 -0.019425431867 -0.005119011515 0.002336829392 0.999984167349 -0.006103457837 0.000000000000 0.000000000000 0.000000000000 1.000000000000 -1.294836208598 -0.087685066422 0.020271963588 0.016781678594 0.014182746745 -0.107481740099
0.000000000000 630000000 0.999558574576 0.029253377948 0.005186122898 -0.488585279315 -0.029239912320 0.999568900123 -0.002653570184 -0.019807866792 -0.005261513053 0.002500757052 0.999983031203 -0.005836725395 0.000000000000 0.000000000000 0.000000000000 1.000000000000 -1.303881450154 -0.092629563607 0.020381536849 0.016820101037 0.013392762623 -0.107633629697
0.000000000000 640000000 0.999525778983 0.030331177182 0.005313834617 -0.501710609633 -0.030316463817 0.999536350002 -0.002827904972 -0.020222737296 -0.005397144545 0.002665467245 0.999981882893 -0.005572885402 0.000000000000 0.000000000000 0.000000000000 1.000000000000 -1.317479754463 -0.097225329296 0.020049529268 0.016926896567 0.012768520486 -0.107989083967
0.000000000000 650000000 0.999491691603 0.031413517451 0.005435930341 -0.514995178828 -0.031397519180 0.999502462688 -0.003003809079 -0.020665291757 -0.005527585972 0.002831607490 0.999980713710 -0.005315706015 0.000000000000 0.000000000000 0.000000000000 1.000000000000 -1.335630639640 -0.101470034516 0.019274489448 0.017102217178 0.012309980703 -0.108548083934
0.000000000000 660000000 0.999456224255 0.032502434514 0.005554056892 -0.528484596579 -0.032485107476 0.999467154450 -0.003181975616 -0.021130623093 -0.005654519391 0.002999821200 0.999979513532 -0.005068901570 0.000000000000 0.000000000000 0.000000000000 1.000000000000 -1.358333606616 -0.105361361532 0.018054920029 0.017346216667 0.012017103396 -0.109310610050
0.000000000000 670000000 0.999419278925 0.033599964482 0.005669858802 -0.542224464370 -0.033581256693 0.999430332112 -0.003363101684 -0.021613665607 -0.005779628963 0.003170747676 0.999978270888 -0.004836132145 0.000000000000 0.000000000000 0.000000000000 1.000000000000 -1.385588139027 -0.108897003839 0.016389277803 0.017659050633 0.011889848432 -0.110276642193
0.000000000000 680000000 0.999380747654 0.034708143799 0.005784978258 -0.556260375310 -0.034687993694 0.999391892894 -0.003547888392 -0.022109190870 -0.005904600993 0.003345022064 0.999976972992 -0.004621002316 0.000000000000 0.000000000000 0.000000000000 1.000000000000 -1.417393703085 -0.112074666152 0.014275973849 0.018040876473 0.011928175416 -0.111446159666
0.000000000000 690000000 0.999340512362 0.035829009224 0.005901055021 -0.570637913886 -0.035807344161 0.999351724184 -0.003737040925 -0.022611802666 -0.006031123984 0.003523275285 0.999975605740 -0.004427059130 0.000000000000 0.000000000000 0.000000000000 1.000000000000 -1.453749747445 -0.114892064399 0.011713373682 0.018491853381 0.012132043677 -0.112819141203
0.000000000000 700000000 0.999298444611 0.036964597831 0.006019726338 -0.585402655657 -0.036941332520 0.999309703285 -0.003931268632 -0.023115930976 -0.006160888705 0.003706133917 0.999974153677 -0.004257789279 0.000000000000 0.000000000000 0.000000000000 1.000000000000 -1.494655703050 -0.117346925705 0.008699797417 0.019012142342 0.012501412258 -0.114395564970
0.000000000000 710000000 0.999254998410 0.038103686910 0.006128392590 -0.600431503371 -0.038078815441 0.999266224166 -0.004125173476 -0.023652921635 -0.006281080042 0.003888738285 0.999972712502 -0.004130618925 0.000000000000 0.000000000000 0.000000000000 1.000000000000 -1.506129707035 -0.125125802983 0.004242509505 0.018334001822 0.010138506459 -0.113535246402
0.000000000000 720000000 0.999210689851 0.039235154516 0.006212884802 -0.615588606045 -0.039208784633 0.999221741148 -0.004310826378 -0.024249115547 -0.006377185509 0.004063824137 0.999971408010 -0.004059046331 0.000000000000 0.000000000000 0.000000000000 1.000000000000 -1.520234848854 -0.131704536999 0.000137336037 0.017348973069 0.007703552649 -0.112895180543
0.000000000000 730000000 0.999165466944 0.040361188684 0.006272488709 -0.630900376802 -0.040333466070 0.999176208188 -0.004485142797 -0.024891209582 -0.006448347178 0.004228408587 0.999970269248 -0.004040631365 0.000000000000 0.000000000000 0.000000000000 1.000000000000 -1.536969455045 -0.137083552773 -0.003614584878 0.016056955307 0.005196937670 -0.112475352855
0.000000000000 740000000 0.999119266026 0.041483977204 0.006306496003 -0.646393196288 -0.041455085338 0.999129570941 -0.004645037289 -0.025565778853 -0.006493701266 0.004379509917 0.999969325398 -0.004072953261 0.000000000000 0.000000000000 0.000000000000 1.000000000000 -1.556331857923 -0.141263309228 -0.007012209901 0.014457854165 0.002619044373 -0.112275755532
0.000000000000 750000000 0.999072011652 0.042605708015 0.006314204417 -0.662093413348 -0.042575867165 0.999081766480 -0.004787423258 -0.026259276101 -0.006512378061 0.004514147856 0.999968605208 -0.004153614674 0.000000000000 0.000000000000 0.000000000000 1.000000000000 -1.578320395642 -0.144244299065 -0.010054590598 0.012551581668 -0.000029748384 -0.112296387543
0.000000000000 760000000 0.999023616441 0.043728569622 0.006294917868 -0.678027345442 -0.043698034929 0.999032722875 -0.004909212681 -0.026958030432 -0.006503501786 0.004629343866 0.999968136312 -0.004280246338 0.000000000000 0.000000000000 0.000000000000 1.000000000000 -1.602933412275 -0.146027048652 -0.012740873612 0.010338056244 -0.002749065736 -0.112537254681
0.000000000000 770000000 0.998973980856 0.044854751534 0.006247946662 -0.694221278760 -0.044823810128 0.998982358620 -0.005007315823 -0.027648245379 -0.006466190400 0.004722121446 0.999967944462 -0.004450512342 0.000000000000 0.000000000000 0.000000000000 1.000000000000 -1.630169257890 -0.146612117941 -0.015070300868 0.007817202727 -0.005538536807 -0.112998369621
0.000000000000 780000000 0.998922992936 0.045986444716 0.006172607784 -0.710701468055 -0.045955411826 0.998930581938 -0.005078640928 -0.028315996327 -0.006399555326 0.004789506463 0.999968052649 -0.004662116005 0.000000000000 0.000000000000 0.000000000000 1.000000000000 -1.660026288642 -0.146000100416 -0.017042209806 0.004988952375 -0.008397794715 -0.113679751979
0.000000000000 790000000 0.998870527973 0.047125842058 0.006068225240 -0.727494136178 -0.047095056066 0.998877289927 -0.005120093908 -0.028947227275 -0.006302701119 0.004828527497 0.999968480144 -0.004912806380 0.000000000000 0.000000000000 0.000000000000 1.000000000000 -1.692502866873 -0.144191623073 -0.018656033651 0.001853242884 -0.011326476568 -0.114581428381
0.000000000000 800000000 0.998816448134 0.048275138866 0.005934130475 -0.744625473305 -0.048244955253 0.998822367581 -0.005128578004 -0.029527746952 -0.006174725066 0.004836216207 0.999969241419 -0.005200385374 0.000000000000 0.000000000000 0.000000000000 1.000000000000 -1.727597361218 -0.141187346446 -0.019911301705 -0.001589981578 -0.014324223466 -0.115703432541
0.000000000000 810000000 0.998760037600 0.049445429969 0.005791092122 -0.762010430129 -0.049416107453 0.998765248707 -0.005101597699 -0.030049413716 -0.006036192255 0.004809098679 0.999970218033 -0.005520114202 0.000000000000 0.000000000000 0.000000000000 1.000000000000 -1.742819420462 -0.139725883523 -0.023512054064 -0.005166708132 -0.013082304826 -0.118747100596
0.000000000000 820000000 0.998700655577 0.050645434745 0.005660431934 -0.779557050990 -0.050617114690 0.998705418720 -0.005039277707 -0.030512592358 -0.005908320455 0.004746215217 0.999971282183 -0.005865106995 0.000000000000 0.000000000000 0.000000000000 1.000000000000 -1.759629422769 -0.138127851965 -0.026626352196 -0.008660104604 -0.011828816287 -0.121654242440
0.000000000000 830000000 0.998638269354 0.051873786227 0.005542317658 -0.797281136576 -0.051846593171 0.998642830524 -0.004942450767 -0.030915744790 -0.005791179428 0.004648370192 0.999972427068 -0.006229989968 0.000000000000 0.000000000000 0.000000000000 1.000000000000 -1.778027446974 -0.136388940180 -0.029254488806 -0.012070174124 -0.010563848620 -0.124424848607
0.000000000000 840000000 0.998572850108 0.053129115873 0.005436917748 -0.815198481012 -0.053103160392 0.998577437899 -0.004811951372 -0.031257328105 -0.005684838117 0.004516366481 0.999973642177 -0.006609389416 0.000000000000 0.000000000000 0.000000000000 1.000000000000 -1.798013552440 -0.134504753411 -0.031396743586 -0.015396917883 -0.009287490272 -0.127058911136
0.000000000000 850000000 0.998504373272 0.054410053615 0.005344401019 -0.833324871716 -0.054385435142 0.998509196160 -0.004648615708 -0.031535792690 -0.005589364995 0.004351005539 0.999974913560 -0.006997930611 0.000000000000 0.000000000000 0.000000000000 1.000000000000 -1.819587778495 -0.132470813781 -0.033053383857 -0.018640335147 -0.007999827366 -0.129556423558
0.000000000000 860000000 0.998432818884 0.055715227916 0.005264936301 -0.851676089270 -0.055692037494 0.998438062798 -0.004453281587 -0.031749580611 -0.005504828400 0.004153087459 0.999976224082 -0.007390236677 0.000000000000 0.000000000000 0.000000000000 1.000000000000 -1.842750143902 -0.130282560329 -0.034224665198 -0.021800423261 -0.006700943698 -0.131917380878
0.000000000000 870000000 0.998358171912 0.057043265827 0.005198692116 -0.870267907295 -0.057021588810 0.998363998084 -0.004226788386 -0.031897124250 -0.005431296859 0.003923411042 0.999977553678 -0.007780927443 0.000000000000 0.000000000000 0.000000000000 1.000000000000 -1.867500646352 -0.127935349060 -0.034910832055 -0.024877177666 -0.005390920737 -0.134141779567
0.000000000000 880000000 0.998280422571 0.058392793047 0.005145836356 -0.889116092333 -0.058372711733 0.998286965661 -0.003969976968 -0.031976845203 -0.005368839406 0.003662773863 0.999978879602 -0.008164618274 0.000000000000 0.000000000000 0.000000000000 1.000000000000 -1.893839261991 -0.125424452988 -0.035112118335 -0.027870591899 -0.004069837626 -0.136229617547
0.000000000000 890000000 0.998199566607 0.059762433980 0.005106535981 -0.908236403739 -0.059744030191 0.998206933099 -0.003683689617 -0.031987153447 -0.005317525878 0.003371972339 0.999980176664 -0.008535918871 0.000000000000 0.000000000000 0.000000000000 1.000000000000 -1.921765944970 -0.122745062182 -0.034828747985 -0.030780657608 -0.002737771180 -0.138180894183
0.000000000000 900000000 0.998115605576 0.061150811807 0.005080956717 -0.927644593578 -0.061134169397 0.998123872433 -0.003368769958 -0.031926446751 -0.005277427212 0.003051801798 0.999981417461 -0.008889432064 0.000000000000 0.000000000000 0.000000000000 1.000000000000 -1.951280627030 -0.119892283812 -0.034060935548 -0.033607364551 -0.001394795887 -0.139995610266
0.000000000000 910000000 0.998028864781 0.062551815783 0.005065116679 -0.947273469050 -0.062536992221 0.998038034841 -0.003034075606 -0.031797568523 -0.005244966035 0.002711337871 0.999982569337 -0.009233750200 0.000000000000 0.000000000000 0.000000000000 1.000000000000 -1.965818570222 -0.116900532127 -0.034855636868 -0.034721997563 -0.000884271278 -0.140769520057
0.000000000000 920000000 0.997939597979 0.063961007432 0.005054533945 -0.967055307850 -0.063948027677 0.997949606645 -0.002689303404 -0.031603398224 -0.005216180717 0.002360534881 0.999983609533 -0.009581368808 0.000000000000 0.000000000000 0.000000000000 1.000000000000 -1.981857648620 -0.113914395449 -0.035648544760 -0.035627622315 -0.000434050202 -0.141657711891
0.000000000000 930000000 0.997847698885 0.065379517225 0.005048619425 -0.987005057625 -0.065368400689 0.997858463260 -0.002336555601 -0.031342309054 -0.005190570498 0.002001506453 0.999984525855 -0.009932757553 0.000000000000 0.000000000000 0.000000000000 1.000000000000 -1.999397759963 -0.110934082041 -0.036438229232 -0.036324323675 -0.000044467884 -0.142660163066
0.000000000000 940000000 0.997753054438 0.066808475368 0.005046779101 -1.007137659340 -0.066799235486 0.997764476177 -0.001977932868 -0.031012580575 -0.005167639586 0.001636367575 0.999985308793 -0.010288409810 0.000000000000 0.000000000000 0.000000000000 1.000000000000 -2.018438806496 -0.107959805690 -0.037223241132 -0.036812188203 0.000284137733 -0.143776851111
0.000000000000 950000000 0.997655544714 0.068249011838 0.005048413969 -1.027468046643 -0.068241655529 0.997667513002 -0.001615534274 -0.030612396960 -0.005146897227 0.001267234599 0.999985951684 -0.010648842402 0.000000000000 0.000000000000 0.000000000000 1.000000000000 -2.038980694959 -0.104991785640 -0.038002111823 -0.037091304164 0.000551425991 -0.145007753775
0.000000000000 960000000 0.997555042818 0.069702256402 0.005052919951 -1.048011145201 -0.069696783440 0.997567437436 -0.001251457262 -0.030139845069 -0.005127857802 0.000896225235 0.999986450836 -0.011014595408 0.000000000000 0.000000000000 0.000000000000 1.000000000000 -2.061023336593 -0.102030246543 -0.038773352816 -0.037161761553 0.000757053528 -0.146352849019
0.000000000000 970000000 0.997451414756 0.071169338628 0.005059687785 -1.068781872001 -0.071165740935 0.997464109195 -0.000887797609 -0.029592912341 -0.005110040938 0.000525458551 0.999986805600 -0.011386232033 0.000000000000 0.000000000000 0.000000000000 1.000000000000 -2.084566647148 -0.099075418427 -0.039535455373 -0.037023652114 0.000900674280 -0.147812115016
0.000000000000 980000000 0.997344519297 0.072651387877 0.005068102895 -1.089795134615 -0.072649648775 0.997357383877 -0.000526649387 -0.028969484507 -0.005092971653 0.000157054985 0.999987018402 -0.011764338532 0.000000000000 0.000000000000 0.000000000000 1.000000000000 -2.109610546903 -0.096127536690 -0.040286890079 -0.036677069369 0.000981939496 -0.149385530160
0.000000000000 990000000 0.997234207821 0.074149533278 0.005077545232 -1.111065830432 -0.074149626717 0.997247112767 -0.000170104908 -0.028267343122 -0.005076180522 -0.000206863650 0.999987094716 -0.012149524200 0.000000000000 0.000000000000 0.000000000000 1.000000000000 -2.136154960691 -0.093186842099 -0.041026106372 -0.036122108647 0.001000497742 -0.151073073073
0.000000000000 1000000000 0.997120324144 0.075664903694 0.005087389098 -1.132608845843 -0.075666793477 0.997133142593 0.000179745333 -0.027484162920 -0.005059203865 -0.000564174145 0.999987042998 -0.012542421405 0.000000000000 0.000000000000 0.000000000000 1.000000000000 -2.164199817935 -0.090253580828 -0.041751532043 -0.035358867116 0.000955994909 -0.152874722618
0.000000000000 1010000000 0.997002804042 0.077197886471 0.005088718678 -1.154336488993 -0.077201580070 0.997015361856 0.000533158226 -0.026607267061 -0.005032372006 -0.000924417369 0.999986910257 -0.012953690610 0.000000000000 0.000000000000 0.000000000000 1.000000000000 -2.173254484751 -0.085223724282 -0.042565891730 -0.036777000535 -0.000730089803 -0.154544897202
0.000000000000 1020000000 0.996881864106 0.078745063201 0.005075828753 -1.176160832289 -0.078750586413 0.996893946203 0.000897308585 -0.025634898055 -0.004989404334 -0.001294235145 0.999986715312 -0.013388456108 0.000000000000 0.000000000000 0.000000000000 1.000000000000 -2.183788326078 -0.081149156018 -0.043001682928 -0.037519052025 -0.002000621338 -0.155755888013
0.000000000000 1030000000 0.996757784366 0.080301853247 0.005052887344 -1.198096438880 -0.080309187819 0.996769197420 0.001265474881 -0.024581132695 -0.004934942485 -0.001667165217 0.999986433359 -0.013838915310 0.000000000000 0.000000000000 0.000000000000 1.000000000000 -2.195803014883 -0.078017730163 -0.043067046296 -0.037584384485 -0.002856479094 -0.156507839863
0.000000000000 1040000000 0.996630873380 0.081863674877 0.005024038286 -1.220157927053 -0.081872765595 0.996641455261 0.001630922819 -0.023460187950 -0.004873651493 -0.002036759943 0.999986049468 -0.014297064695 0.000000000000 0.000000000000 0.000000000000 1.000000000000 -2.209300194335 -0.075817240053 -0.042770185207 -0.036972363464 -0.003298548666 -0.156800891576
0.000000000000 1050000000 0.996501468952 0.083425945148 0.004993400915 -1.242359973172 -0.083436707510 0.996511097805 0.001986905060 -0.022286422462 -0.004810219995 -0.002396586743 0.999985558974 -0.014754695703 0.000000000000 0.000000000000 0.000000000000 1.000000000000 -2.224281477384 -0.074535418109 -0.042119364941 -0.035682357173 -0.003327721847 -0.156635175989
0.000000000000 1060000000 0.996369938435 0.084984080056 0.004965070084 -1.264717313631 -0.084996407937 0.996378541161 0.002326661142 -0.021074339260 -0.004749360131 -0.002740228342 0.999984967251 -0.015203390998 0.000000000000 0.000000000000 0.000000000000 1.000000000000 -2.240748446912 -0.074159935388 -0.041122911134 -0.033713736478 -0.002944896606 -0.156010820016
0.000000000000 1070000000 0.996236678634 0.086533494923 0.004943116471 -1.287244745819 -0.086547267660 0.996244238530 0.002643417588 -0.019838589725 -0.004695807142 -0.003061282782 0.999984288848 -0.015634521107 0.000000000000 0.000000000000 0.000000000000 1.000000000000 -2.258702656453 -0.074678400802 -0.039789207505 -0.031065874874 -0.002150977045 -0.154927944772
0.000000000000 1080000000 0.996102115306 0.088069605030 0.004931587208 -1.309957128075 -0.088084693336 0.996108678621 0.002930388193 -0.018593978807 -0.004654318686 -0.003353363224 0.999983546001 -0.016039241441 0.000000000000 0.000000000000 0.000000000000 1.000000000000 -2.278145631487 -0.076078359987 -0.038126692839 -0.027738148421 -0.000946873326 -0.153386665748
