1 0 0 0 0 1 0 0 0 0 1 0
0.9999966667846487134 0.0009729549125735921554 0.002391605805792408699 1.418311694825943992 -0.0009760937546419075914 0.9999986634400841456 0.001311624575658276639 0.24030308198058975 -0.002390326457693615122 -0.001313954635221705304 0.9999962799244016542 1.370221424837215762
0.9999858337087305094 0.002905201142070777502 0.004460065938888082768 1.413785254592025531 -0.00291430204129689268 0.9999936819975239199 0.00203538906530688693 0.266218120003392289 -0.004454124545543348621 -0.002048358210662561303 0.9999879824293758102 1.405883054296711121
0.9999726956473505846 0.00482669193687079983 0.005595623711234383978 1.4051754420153586 -0.00484406242185616339 0.9999834781508391002 0.003094912697238623618 0.3626101555232089657 -0.005580593071022385034 -0.003121933743197356434 0.9999795550463412841 1.461989432226853625
0.9999697779119453012 0.004577954680848858593 0.006283756334783675325 1.407909455291572076 -0.004607196197781211582 0.9999785895759416565 0.004646948773709808599 0.4472672057153607716 -0.006262348276005598631 -0.004675758831508182965 0.9999694596703538885 1.523882632056033248
0.9999339198494962 0.008515121614262891048 0.007723253091517709445 1.473634654988220216 -0.008561220772550177938 0.9999456167579897636 0.005955587743220804378 0.6984237975523792663 -0.007672120522057788647 -0.006021314671885157586 0.999952440037183532 1.576605989662431595
0.9999644604782920165 0.006297811892273663323 0.005604939404471822109 1.655447168715578732 -0.006324737970662849124 0.999968481698541245 0.004799301940547283027 0.5278543508011621643 -0.005574537645466223074 -0.004834581148726511263 0.9999727753069859171 1.530296462871672647
0.9999515311607747314 0.007984656463411631683 0.005760259576049964018 2.004033344539049022 -0.008009745528053464209 0.9999584785599808789 0.004345702772162521321 0.5328722531244609595 -0.005725321458049669604 -0.004391630354373230079 0.9999739667996525583 1.530879881148783372
0.9999096779191954942 0.01099638998734301341 0.007727574702136115817 2.013721807829622623 -0.01103871747629820224 0.9999241847543114403 0.005456322928879462492 0.6427235148550133337 -0.007666988979338655759 -0.005541132616352854 0.9999552555636270768 1.561872761172697022
0.9999414602773016858 0.007229748911526437047 0.008050263919506592605 2.357511780911190513 -0.007254727308066162735 0.9999689471332950941 0.003077937753578390001 0.5519261255849929881 -0.008027761218610481725 -0.00313616004144979697 0.9999628590852819299 1.558936180399109306
0.9999449139457827762 0.006116622485448365912 0.008529712968886504071 2.467092610621352211 -0.006152395395109936695 0.9999723624833998237 0.004174002907321343499 0.5109403259051764623 -0.008503946428765483262 -0.004226251144762274529 0.999954909831637373 1.551649897413455825
0.9999196491695562239 0.008946601175630661262 0.008980731152627754663 2.550390537850959927 -0.009016356875762843864 0.9999292641597701259 0.007757060370370047649 0.5386443391330153485 -0.008910696567634802945 -0.007837410561204858142 0.999929584762034418 1.550252953331188843
0.9999059261998366477 0.01092064575227513767 0.00829929194570940866 2.715458300076485365 -0.01097275884306392855 0.9999202032740589496 0.006259844066480869072 0.6743008740112639288 -0.008230268149869993805 -0.00635032130824955774 0.9999459665929271157 1.52835184647969391
0.9999100903112498884 0.01138093540037885855 0.00709123424803188504 2.741041233414728939 -0.01142886303504014531 0.9999118699492659523 0.006755251608077893037 0.7097433847686968056 -0.007013728215032999543 -0.006835688990478524206 0.9999520393361629456 1.498661766964767939
0.9998935414009947342 0.01227624696847607298 0.007886673883591715714 2.729297454455928751 -0.01230983329420514381 0.9999153081355851569 0.00422428223330913958 0.7329209902490901873 -0.007834147614515833691 -0.004320916162893553847 0.9999599771064175968 1.539720146761459629
0.9998298724292302708 0.01684839198427731319 0.007507188934171577475 2.858639869120384702 -0.01687812133549486046 0.9998498915299267598 0.003914515011840054466 0.9146697977374271815 -0.007440108758178299621 -0.004040556290629780493 0.9999641587009650001 1.533126877938878696
0.9997665499524974742 0.01961958928369686439 0.009050818328712574926 2.911399050668403987 -0.01962535438583866421 0.9998072536829208934 0.0005485875005866505932 0.9907978378250719143 -0.009038310755365484492 -0.0007260849499914078008 0.9999588900246524359 1.564990958414369748
0.999735786167947782 0.02094000380233677905 0.009480194930141327622 3.094609228005425372 -0.02091332494327028529 0.9997770731642124931 -0.002904619599553407133 1.144918282811920429 -0.00953890428574189278 0.002705589761778766367 0.9999508433363454296 1.555395634384133752
0.9997215159157086806 0.02171023502961133209 0.009249665407809621806 3.421180806680571784 -0.02168102706315666248 0.999759668092532916 -0.00324640123752697931 1.211562504641990001 -0.009317922551945861595 0.00304495492041924028 0.9999519511300772878 1.516756489819173881
0.9997538003029354803 0.02030133726975856534 0.008955137346671969076 3.810475968718789908 -0.02026440868890652322 0.999785853332168517 -0.004195380478174639063 1.106315375562817671 -0.009038391467911589469 0.00401287701371359079 0.999951100953314409 1.464076368267894113
0.9997058310964369587 0.02212254504559359874 0.009942045689291648114 4.111672816578238354 -0.02206204673388761917 0.9997376619456528335 -0.006154135304917791351 1.196532791406275997 -0.01007558264786900977 0.005932983073055166263 0.9999316388364560826 1.471166472333634845
0.9996855943876286066 0.0238435216627220746 0.00775879169542778753 4.535361375453297761 -0.02379268626642617665 0.9996952618910989186 -0.00657962253587733234 1.283707566776127962 -0.007913308668385890879 0.006392951369008900708 0.999948253520507091 1.417192865927874523
0.9996884587275715051 0.02379514801897361295 0.007535012783513513404 4.784624972630562745 -0.02373959600212196402 0.9996909499420966183 -0.00737808820253703368 1.232391838588949629 -0.007708246788252877228 0.007196911464198890544 0.9999443921522975787 1.418049481909943177
0.9997521714482814348 0.02172242318839426312 0.00487155162862478678 5.414564154737606216 -0.02169500901413045496 0.9997488880517394483 -0.005611365536782333095 1.104247937614269537 -0.004992220780659028211 0.005504286523692372181 0.9999723898996123461 1.383584502752271073
0.9998085797453031276 0.01937616150851247457 0.002714448908322520879 5.779361020088827239 -0.01934646333259654877 0.999756962753353573 -0.01057023096767848933 1.022137813897670888 -0.002918599698545698302 0.01051569262510138394 0.9999404492190592242 1.362755679427620548
0.9998119192866810057 0.01939004238657082713 0.0003902672549611134424 6.070079858026636188 -0.01938766600302660112 0.9997975882894055699 -0.005375951789529452574 0.9149553723479388889 -0.000494428193365585144 0.005367374305491005165 0.9999854733114008631 1.306409909267257863
0.9997121863519594642 0.02398826758098207557 0.0003278381435140295458 6.399444238688898778 -0.02398914974128180805 0.9997076517757013114 0.003021866278234736254 0.8617418226257840264 -0.0002552529637386745593 -0.003028861102192968377 0.9999953804125037982 1.321732086042741061
0.9992957820446851658 0.03742958638715835479 -0.002639327677128318599 6.722254252893931081 -0.03740985423718262703 0.9992743092826823492 0.007166422648074271748 0.9306423282527986895 0.0029056485771260512 -0.007062639060884590668 0.9999708377427023454 1.254585244347192763
0.9989836868236526835 0.04484886198457785356 -0.00449144062752196687 7.02270647930311398 -0.04481267794385916658 0.998964512946240224 0.007856574926834660952 1.052314034199327564 0.004839148243464539909 -0.007647316703870452731 0.9999590497572929948 1.243621662408001205
0.9990308221008109557 0.04365092896366247477 -0.005657993742236465916 7.494012761042772475 -0.04362218186477438697 0.9990350391557515364 0.005108403705905254465 1.004741859159202111 0.005875520567102385412 -0.004856638721919760877 0.9999709452371055018 1.215010640602049774
0.9990820670349443988 0.04259894752349036029 -0.004511429825873079953 7.963256831605381336 -0.04256852773145568258 0.9990715049144257565 0.006636905513935961731 1.03459724827002475 0.00478996617515736571 -0.00643876835392756617 0.9999677987246016198 1.287316944041655642
0.9992658036785556641 0.03799066776968537673 -0.004956083238170411361 8.366462043958208028 -0.03792384602686944134 0.9991967961258718667 0.01294389872964227771 0.8341014047524639707 0.005443849849195303223 -0.01274644162918910258 0.9999039417487127768 1.27859185791612151
0.9996086013686967808 0.02791665170194472176 -0.001817863435535285429 9.043673901392907055 -0.02787946887342630103 0.9994492374579002636 0.01799880440910689092 0.4905850566256736434 0.002319328578188803967 -0.01794107863462892499 0.999836355816476785 1.323792015721119597
0.9998530710505281194 0.01687073476964478028 0.003035559118177224257 13.25194073658221683 -0.01691624093350697564 0.9997344541403945239 0.01564806688657859046 0.2921047803777101493 -0.002770758651920676198 -0.01569711798196066904 0.9998729536213853963 1.419558563075679292
0.999952834015324088 0.009610303335532763627 0.001404213132261530146 15.73044902151302971 -0.009627563710307712394 0.9998710749076417104 0.0128508202088839403 0.1873310494539598414 -0.001280531813635993549 -0.01286373323868859365 0.9999164388114829549 1.398722291972315901
0.9999364680981471798 0.01127200249634289358 4.155870074175177894e-05 18.33999018963547201 -0.0112711835435913843 0.9998037537885422488 0.01629154172774180398 0.1290707526470525612 0.0001420877540202019316 -0.01629097511085561903 0.9998672831636244984 1.38582859726094032
0.9998834853403824052 0.01525609463857810488 0.0005170299295264479044 21.0666069378347558 -0.01526396906642003143 0.9996164397514775146 0.02310810738507177581 -0.01302751093208662225 -0.0001642921442131046658 -0.02311330688065610026 0.9997328383388893736 1.375767936555392756
0.9997734252633895258 0.02127012959150852839 0.0008244539223190696991 23.8801632785959761 -0.02128430648293803962 0.9994420202425959854 0.02574153202392272244 -0.07459893057476002509 -0.0002764681716867001585 -0.02575324757304815401 0.9996682918872595858 1.352572524134472598
0.9998711712534107399 0.01556742215890783571 0.003911043806836265666 26.49914676424205595 -0.01567054013372313689 0.9994882549441228559 0.02788659894410554924 -0.16803151375207806 -0.003474919891165753963 -0.02794429451745671783 0.9996034420387275299 1.367256149896073358
0.999956868164179391 0.008347885006621763235 0.004071194812617751936 29.11991353092739487 -0.008451594560275861936 0.9996220565185186535 0.02615940884416495527 -0.2555962362567802959 -0.003851280394204188717 -0.02619268862876966697 0.9996494939236060251 1.331359894781990683
0.9999594614524895952 0.007899330739923923761 0.004321576738668674554 31.75042503256696591 -0.00801070916315277208 0.9996195490315038512 0.02639291065336010073 -0.3067468457082674349 -0.004111446260172864527 -0.02642645961747736374 0.9996423051480641808 1.302204429836827826
0.9999115690418366453 0.01282268170999317086 0.003526036025979740248 34.35368011285385137 -0.01291096146361767581 0.999571476357025146 0.02627110061497523255 -0.3410814523845629442 -0.003187659074819593468 -0.02631430195162659524 0.9996486364430361427 1.252819461536513357
0.9998025940032828629 0.01975159199556614925 0.002155838107871614184 36.96758196073312774 -0.01979839252416478249 0.9995055837820384648 0.02442563493515635328 -0.3742053673626887234 -0.001672327051075928137 -0.02446349529742472551 0.999699325157353047 1.219977258970049716
0.9998931439550776679 0.01459649312884063639 0.0008019102007948494685 39.58157103361917706 -0.01461299014570291606 0.9995175576314955235 0.02740643182487686319 -0.4374356879837471013 -0.0004014855315203954959 -0.02741522158782857752 0.9996240515487101463 1.177493325138438962
0.9999724378614934794 0.007372141238214679343 -0.0008803697549700352596 42.21339314837835133 -0.007346444206645054084 0.9996271806281459282 0.02629694862417998255 -0.4783319347464799476 0.00107390635546251805 -0.02628975623675359682 0.9996537877896285451 1.136588652304941327
0.9999652133686501854 0.007122539397483041053 -0.004340677956399243906 44.83005868946240469 -0.006978435383658114673 0.9994520667207583697 0.03235533599270495192 -0.5077298181667986299 0.004568751709819304264 -0.03232391931891957088 0.9994670033311144897 1.096632420790987217
0.9999384557594178657 0.01064015104122986374 -0.00314195469263158075 47.47002647307391499 -0.0105112520343750241 0.9992021880154130509 0.03852922327118651902 -0.5365103168440128467 0.003549404758629462996 -0.03849382614174523543 0.9992525341848418341 1.124975714279734973
0.9999221881925712818 0.01245639336676927084 -0.0006751477411602456631 50.09102400668137278 -0.01242157358363655054 0.9991948246822559554 0.03814979472948709649 -0.5727564145164585341 0.001149812978875225074 -0.03813843982765951351 0.9992718035337661009 1.134859171337916584
0.99993084294756307 0.01170578387752178352 -0.001133113405085372193 52.72309380912974319 -0.01165599709562408978 0.9992506727701075953 0.03690840961344782345 -0.6109947449041546186 0.001564306198554453161 -0.03689264957007012957 0.9993180101218116507 1.111446731387985887
0.999980551515869287 0.005410846676552511468 -0.003101504193259489728 55.35744042126863462 -0.005297098991624856097 0.9993528224866911058 0.03557916427007510457 -0.6612232214162374611 0.003292010372233430439 -0.03556204333452877425 0.9993620483796561427 1.083535661038155462
0.9999908417229466107 0.002165341208194576476 -0.003691580648563677017 57.99949677352724109 -0.002034539828370141284 0.9993826029321091209 0.03507525629741193446 -0.68808940311994371 0.003765251375344143628 -0.03506742440063790461 0.999377855782279223 1.084315684982836814
0.9999809442196437859 0.003012271656343598787 -0.005388637773880437971 60.57379973584536259 -0.002809826926585715784 0.9993042685607388398 0.03718983340819521921 -0.7061734484066999329 0.005496914610246005951 -0.03717398358738364245 0.999293690000098267 1.076384697507605681
0.999974451507251727 0.004369177037470607476 -0.00565743977310007029 63.26824189345900606 -0.004136733805279635585 0.9991723608032291315 0.04046579840218235413 -0.7328736710808677612 0.005829559691372211867 -0.04044136123966460272 0.9991649075777669919 1.085688883340057531
0.9999753441449628077 0.005864753328265695335 -0.00386209406432889979 65.91368983196673526 -0.00570049426158751333 0.9991325834783947313 0.04125027268954974125 -0.7544343996356179805 0.00410066669417741194 -0.04122723978375465032 0.9991413810029470266 1.095503053940722671
0.9999868446488275886 0.004958884072269636664 -0.001311486957373588121 68.57077507710975794 -0.004901238307037577256 0.9991549651368426543 0.04080849795633826466 -0.7848431213715145738 0.001512743315700964923 -0.04080153319610217016 0.9991661255749757498 1.119386827704732079
0.9999979735428683458 0.001648949097017929528 0.001154935942932075682 71.22699533516903614 -0.00169235699019179564 0.9992513541084349082 0.03865057878320950907 -0.8087802681952849237 -0.00109033846789958512 -0.03865245502338473388 0.9992521197789328014 1.123707491713151319
0.999996553081071049 -0.0003976714916771431131 0.002595319510462364664 73.88410773903116535 0.0003000683320054298359 0.9992965828217490465 0.03749999359695090767 -0.8256092674466624093 -0.002608406596527238375 -0.03749908556431662265 0.9992932576560632496 1.131068693384149393
0.9999923198708683403 -0.001341480667594357112 0.00368247591947377332 76.48544557374061981 0.001204111801124780994 0.9993124852882886433 0.03705545657139011628 -0.8415727455400181523 -0.003729653341723014777 -0.03705073786798662033 0.9993064257320616317 1.120660964885008104
0.9999959129124885715 -0.0008996000240308260143 0.002713830892927878748 79.21736549903751268 0.0007916078200187278867 0.9992178650299818887 0.03953519396669388786 -0.8560609514089615457 -0.002747274172326305639 -0.03953288409313931301 0.999214493269538484 1.098804072620734873
0.9999993234062478642 5.005953073387091703e-05 0.001162188061299375495 81.8812237398410474 -9.883780648425756607e-05 0.9991172259166732905 0.04200903602392384861 -0.8700276600378908931 -0.001159059159168968631 -0.04200912246899124458 0.9991165548679747932 1.064908660478693037
0.9999980966163926066 -0.001875000783494037157 0.0005395698785660397404 84.55261257194926827 0.001851009160463192461 0.9991378333699424408 0.04147485616497157551 -0.8815254612051843797 -0.0006168700672267800724 -0.04147377847362229697 0.9991394022709949585 1.04868277966739698
0.9999951240770740268 -0.003122784341685283342 6.32713254187303362e-06 87.22870586125426939 0.003120167011679972173 0.9992359246046434995 0.03895935750653930357 -0.8892333150882585358 -0.0001279839697191145482 -0.03895914780200462196 0.9992407960159778169 1.028262500555342518
0.9999892316145814197 -0.004636455596341385391 -0.0001998358883976777023 89.88595171041336584 0.004640659215523639837 0.9993239729042678876 0.03647000768954591216 -0.8957589756252497537 3.060922267161266625e-05 -0.03647054233670397189 0.9993347280089600604 1.021417943544101092
0.9999830720249605065 -0.005708698845380773962 -0.001125353728967912669 92.56455745100333843 0.005745161650536984889 0.9993489918014835105 0.03561721076905979833 -0.9006725822343677468 0.0009212931844711082056 -0.03562307318089188296 0.999364872244375535 1.007080223665164143
0.9999816546144448814 -0.005810595556666058731 -0.001710968682934023129 95.23792077559284053 0.005869985749485238068 0.9992966492935416722 0.03703714322138192822 -0.9058341525799267213 0.001494557412068387315 -0.03704650712249631106 0.9993124249243401369 1.014270215999109936
0.9999757292934969843 -0.006965551547713667337 0.0001480390993817550329 97.93598772150029674 0.006954734603429914286 0.9992387078428131009 0.03838797227284882624 -0.9086719041064815761 -0.0004153197980551701649 -0.03838601099699341657 0.9992628991757894763 1.017453034167755233
0.9999619285323700923 -0.007945588982800464231 0.003606813211077567263 100.6163162576752086 0.007798665170173540821 0.9992061019704896463 0.0390684861045696788 -0.9064488069098242118 -0.003914371901943642859 -0.03903887038140104598 0.9992300257157795684 1.008819408660916794
0.9999392831357569733 -0.009703169208007015462 0.005222887062647682023 103.236528241046102 0.009492539648738688995 0.9991962537010257162 0.03894532424890825156 -0.9026983728015991471 -0.005596582257548973587 -0.03889338114841986438 0.9992276933561630159 0.9876414243304045826
0.99993344859357014 -0.0102565426204610944 0.005282207610907709537 105.9810923521315971 0.01003499087282989574 0.9991337049876395371 0.04038735589085792194 -0.8972826937311229045 -0.005691866297822441474 -0.04033166115035755062 0.999170135545944138 0.9637538189982532977
0.9999273012519456216 -0.01074151890846255022 0.005478319317077142911 108.6698768063522351 0.01050513183382811334 0.9990836017383303291 0.04149215519492022858 -0.8879367450426558506 -0.005918987764357199616 -0.04143158830052977304 0.9991238106835111932 0.9376045464561377774
0.9999005012169429607 -0.01280386363591612744 0.005920197809113988789 111.3558501372639284 0.01255685717475788291 0.9991195902847658239 0.04002960962955170315 -0.8773887584662359851 -0.006427519272542472559 -0.03995128765377195523 0.9991809553883653772 0.9162020932039924848
0.9998860980702505286 -0.01408844164350368799 0.005413566098877174541 114.0584833948320096 0.01387070022832214387 0.9991681538346016689 0.03834845548297594053 -0.8623103082028378275 -0.005949332821867098567 -0.03826899756736978214 0.9992497632044569089 0.8958657323345107226
0.9998708309859135612 -0.01580982972787885188 0.002893203676563834044 116.7366770015993325 0.01569228455337682085 0.99919470837935076 0.03692813225983845871 -0.8431932093926928218 -0.003474701287082901466 -0.03687796131403889288 0.9993137357308192747 0.8577125437790855678
0.9998523813734715437 -0.01715344838965068147 0.0009872538384691307168 119.4324720660079464 0.0171036658249815593 0.9991338708775764355 0.03793379338449768406 -0.8216945500888928056 -0.001637094116213061489 -0.03791130799028163967 0.9992797669568420638 0.8366280485702468628
0.9998286969129193125 -0.0185088183078733759 -2.177751065580273363e-05 122.1264967335452809 0.01849476842558215456 0.9990224954902097165 0.04014968300494995562 -0.7918132351420344994 -0.0007213669648164055658 -0.04014320801032235375 0.9991936761611044382 0.8161746227769874906
0.9998080650446434792 -0.01958219674439510075 -0.0006088040322395471939 124.8256147529620534 0.01959059960387715335 0.9989481924408749602 0.04145741461149279189 -0.7599592709981585203 -0.000203663561879800179 -0.04146138432050296835 0.9991400863399392263 0.7987996979609566228
0.9997791996256227831 -0.02101098205550843562 0.0003010465283323571022 127.5301434225144988 0.02098109789649959395 0.9989431454512841535 0.04089481246994658425 -0.7253042635991829856 -0.001159968536908944107 -0.04087946659336078731 0.9991634119021951532 0.7904818642416884256
0.9997451211227511569 -0.0224875752041155362 0.002000438125707776002 130.2425328383874898 0.02239271854571050005 0.9989910407985558294 0.0389289938265909366 -0.6877281448674372744 -0.002873838441549936458 -0.03887427640043490673 0.9992399770260167458 0.7831209992308778567
0.9997047445696610746 -0.02418528347799178344 0.002344301174739628606 132.9670585668385172 0.02407891361670737307 0.9989886338982634229 0.0379725593174947279 -0.6434203236941102855 -0.003260307339477703809 -0.03790489948767426787 0.9992760324309202247 0.7605435683483376952
0.9996972805843397092 -0.02458741137424718878 0.0008979945375650983871 135.6720145010727094 0.0245360125854052237 0.9989860691721043073 0.03774675729750089082 -0.5960996384564803963 -0.001825179082937700668 -0.0377132974159133938 0.999286933727912885 0.7473741054286846541
0.9996668322385675598 -0.02576624378894305442 -0.001524861671260172415 138.3739614894989245 0.02580466430174483197 0.999005369897957185 0.03636468362738830284 -0.5447732181096109905 0.0005863636942894125386 -0.03639191663068243321 0.9993374227864998405 0.730965979822612244
0.999634916410704899 -0.02685939045628699465 -0.002933775192416814264 141.0915888528738549 0.02694428365450209431 0.9990484799685008799 0.03429490123872032392 -0.4899903900201348916 0.002009843503522725124 -0.03436142920404459261 0.9994074507987954492 0.7170523233148944353
0.9995826452083315106 -0.02846455994539241405 -0.004929931584714148003 143.7910383234496976 0.02861312764488828375 0.999036516683893927 0.03327652713984969451 -0.4352800057522383526 0.00397797997633600204 -0.0334036997835117852 0.9994340240936772091 0.7143799589724142418
0.9995139270152126887 -0.03064552002043000045 -0.005723792912518400368 146.5146067939105308 0.03080119575889095004 0.9990917172908285737 0.02944531848504290672 -0.3706610906921110615 0.004816226993243761384 -0.02960730557718070297 0.9995500044590109878 0.7127641085804392596
0.9994198248602915724 -0.03398813373900202994 -0.002195550310021944854 149.2371007154296194 0.03403175127157612168 0.9991208064655953125 0.02448374956839676972 -0.3051973487261783746 0.001361463041622010999 -0.02454426312762523696 0.9996978171257093759 0.7306088264929002651
0.9993110170105937717 -0.03703353858498913825 0.002451183617529436882 151.9613838368131553 0.03695818740243348582 0.9989841842106078618 0.02578162293170870034 -0.2380316985542055563 -0.003403478394133126021 -0.02567326852857504046 0.9996645935602002098 0.7267300209799358868
0.999290944693783878 -0.03758235895073470945 0.0022746755159997749 154.6937932650955076 0.03749648551678428504 0.9988387037570384264 0.03025322215647294546 -0.1628867548980026669 -0.003409021398369974087 -0.03014647861123169459 0.9995396782521682733 0.7015770002187275978
0.9993230694557587723 -0.03677026278077660804 0.001162165458664207686 157.4285230109132385 0.03672648615072983402 0.9989725441885993762 0.02655223479063618941 -0.07960040492230013864 -0.002137304035678465417 -0.02649157851826605681 0.9996467517073567288 0.6756394231427778063
0.999322957833664538 -0.03678785363229831323 -0.0005289344993397953167 160.1616132320419297 0.03678942457952424916 0.9990007469503160431 0.02537805807815177866 -0.001134307876483720001 -0.0004051983261227663845 -0.02538033525860413156 0.999677785287078069 0.656051192963807539
0.9992597829888204553 -0.03845731456130014464 -0.0009597175983474641459 162.8974789788682358 0.03846795331559835218 0.9987063258473839467 0.03325494369455418014 0.07374301671352057053 -0.0003204197938831236919 -0.03326724619129504262 0.999446440617006493 0.6284740395506471788
0.9992312597242527517 -0.03913849946842842126 0.002251099563028827882 165.633591348012402 0.03902706800573153834 0.9985377801482053783 0.03740574260150842517 0.1557939703936117581 -0.003711812597484708941 -0.03728913348489241303 0.9992976248201468348 0.6221556166667590038
0.9992219335884167108 -0.03911711795815408371 0.005037709645629774927 168.3698950413026409 0.03890205898434317272 0.9985433431053403197 0.03738745440370838669 0.2445989008084136218 -0.006492860895206142326 -0.03716238720344197666 0.9992881464996654639 0.6088714059332493989
0.9992111594262104157 -0.03947312190427670203 0.004351037262368731215 171.1441493351289012 0.03927648026393062985 0.9984840212664106707 0.03856186424091866821 0.335267451878417444 -0.005866598350447876226 -0.03836055164864141109 0.9992467418515841304 0.5864894000930098716
0.9991984525375591231 -0.03996825308291082623 0.002234097591337233079 173.8748233278171824 0.03984760648431753816 0.9984103888497234403 0.03986055311225591286 0.4228479806998234891 -0.003823702919710690422 -0.03973957954539012599 0.9992027547567797763 0.5667647151225949642
0.9991941203532545002 -0.04011649370266213294 0.001332960798477635577 176.6199749998131665 0.04003398617305321122 0.9984358503461699952 0.03902733266079371627 0.5147946469376449841 -0.002896515593224558999 -0.03894251759356014142 0.999237254369998662 0.5593134346312225169
0.999161689828057642 -0.04091796362333363635 0.001279778441700549479 179.3449477735062487 0.04084480958185118804 0.9985084797062729889 0.03622868317907486369 0.6052254798155181081 -0.002760273566625942501 -0.03614603999869155093 0.9993427063236366426 0.5362098876502787714
0.9991261469139334217 -0.0417256197612845478 0.002432120156134045218 182.0917080978733509 0.0416231567779861561 0.9985911206820868857 0.03291331819687991211 0.6953797466885915934 -0.003802022192512567039 -0.03278332427363921109 0.9994552507625427129 0.5130341255932364675
0.9991175022386895588 -0.04189550557484258975 0.002997220871161562251 184.8394240495548217 0.04178613430592920119 0.9986699653630298767 0.03020296776099415034 0.7906603107268754815 -0.004258603067795788642 -0.03005107143569325096 0.9995392925770741899 0.4886497988700295725
0.999082041826580225 -0.04274714163565367098 0.002784884488224115273 187.5898742408500368 0.04264895866474558567 0.9986714451242207913 0.0289207713990019058 0.8858597134772242532 -0.004017464927564299779 -0.02877545091709022423 0.9995778275852630346 0.464743791800279471
0.9990689778839249025 -0.04302101207610849187 0.003220240661337699095 190.3411496562046352 0.04291342036099017598 0.9986808696647985206 0.02819501584469800634 0.9836594622842946833 -0.00442897086133550201 -0.02803057412021996847 0.9995972544638166424 0.4481635631114164742
0.9990340501649992433 -0.04383237123623105053 0.003112851221454742377 193.0895170994988348 0.04373309825270132317 0.9986812350643170522 0.02689250541749201723 1.080691166601876585 -0.004287508383345755084 -0.02673039397800731215 0.9996334844880113701 0.4281586325267787707
0.9989587944149939114 -0.04554945404998719111 0.00256403913581365302 195.8416039548051231 0.04546797625133764537 0.9986299368450590741 0.02590197622655613513 1.179803035449465742 -0.003740347116201227663 -0.02575842527371167284 0.9996611992724679929 0.4118993889650433005
0.9988984342651883175 -0.04689969691938442042 0.00152854552600507421 198.5938786722171017 0.04684494229396089782 0.9985707757800927897 0.02572852773516495772 1.282045809799175817 -0.002733021044679289323 -0.0256285814436453506 0.9996677980255019857 0.3911576423037079753
0.9988213159611181169 -0.04853091203633146111 0.0008540249540607170332 201.3461955298022019 0.04849279316660585343 0.9984905849446543691 0.0257876091909041219 1.387181588980482605 -0.002104232069208478075 -0.02571579969209349462 0.9996670795087707617 0.3811560255488422033
0.9987208032418602999 -0.05055929959320897005 0.0007172144570612214252 204.1003077322785373 0.05052402302523307381 0.9983898114595936013 0.02578967760602661127 1.500251895684697523 -0.002019967643056819282 -0.02572045097429692326 0.999667133666201857 0.3714890144126019589
0.9986586758570772382 -0.05176785578737540944 0.0009686292203901161356 206.8511575391512736 0.05172715896722009793 0.9983443196638633887 0.02515790969213555633 1.618212675922121146 -0.002269396520891196409 -0.02507406034281661061 0.9996830204306541567 0.3691726532375532166
0.9986003631927189428 -0.05288853101808747847 0.0003433920771564338923 209.6091238343564669 0.05286623535802240786 0.9983304714496241683 0.02326866851027875605 1.738586542671153978 -0.001573464470535121612 -0.02321794697900431484 0.9997291889044953583 0.3621245811997555464
0.9985091150443392571 -0.05457445623510357585 -0.001084389235102515853 212.3617428937239708 0.05458518680739454093 0.998286736415708531 0.02107247678075898148 1.861485731412126476 -6.748757132195015707e-05 -0.02110025173111803459 0.9997773626274557568 0.3585906095328927901
0.9984549699927550703 -0.05547562821849902348 -0.003182384409450108274 215.1184479845600492 0.05552990905040845054 0.9982412728424361337 0.02075549071369757817 1.989288037633130113 0.002025363577237804507 -0.02090014037455002055 0.9997795167109116976 0.3394006592267073685
0.9984279106606400722 -0.05574671118077946519 -0.005831929899755179669 217.8767652408680249 0.05586837978609487942 0.9981653027555523749 0.02333993391149805779 2.119497423823629489 0.00452010551929552494 -0.02362906192473983313 0.9997105761562449233 0.3333262475776230804
0.9983862545198919358 -0.05641234941334347108 -0.006521780386402021949 220.6357639442932452 0.05654395704032392361 0.998154297634854526 0.0221535332462390426 2.255395043490473483 0.005260010262690922693 -0.02248655035208964315 0.9997333081103676466 0.3350459611437832663
0.9983039546743545101 -0.05776569277117814954 -0.00723455736104441742 223.395665635424109 0.0578893246117599819 0.9981563959124193364 0.01823829474276332518 2.393215849125643224 0.006167671970741099054 -0.01862616540771301621 0.9998074943631227729 0.3426943813942544548
0.9982381831941062877 -0.05888393695073448203 -0.007294626961800200482 226.1558372364819718 0.0589944531157182081 0.9981301470187328162 0.01599575299697399491 2.532973688729121875 0.006339094170875107445 -0.01639791393881557743 0.9998454502089549889 0.3573803430081319288
0.9982100537172557964 -0.05949397480196438881 -0.006095540997857330605 228.916901429755768 0.05958049047498732709 0.9981083767246933247 0.01516025945548449272 2.67640280920196183 0.005182066436594361288 -0.01549629872778944366 0.9998664965450066999 0.3653881604790636395
0.9981958301927745802 -0.05980381802500404215 -0.005346768686758529392 231.6784838860268962 0.05987714840951759154 0.998095916992248644 0.01480768657647145957 2.823030169203385675 0.004451031801965100489 -0.01510112025760373608 0.999876064561435185 0.3727510922091206158
0.998166906320722247 -0.06023632497750196907 -0.005866198029664464013 234.446378873355826 0.06031156236238633533 0.9980865812599015729 0.01362687617651067197 2.972592573248713954 0.005034140594624899115 -0.0139556964042194271 0.9998899419267837096 0.3810678547534187555
0.9981117354534458919 -0.06107625270234102316 -0.006531072343058605574 237.2066575013019474 0.06115741403023578632 0.99804284904727536 0.01304768848232810453 3.123178533431654191 0.005721386129671979064 -0.01342247449009829896 0.9998935457934098325 0.3842787144292139079
0.9981025916643410101 -0.06127277497062789957 -0.006071536899702363599 239.965815879204257 0.06135332177028163941 0.9980163510545744243 0.01411144696566540499 3.27886176019838782 0.005194845587496989443 -0.01445718074561212069 0.9998819947894905802 0.400984696760827708
0.9979833117051905012 -0.06330986978592767489 -0.004601080919677450962 242.7268336420611092 0.0633745101147176193 0.9978677056451435989 0.01561132595959085698 3.436187719225016313 0.003602919047118816227 -0.01587143403054442833 0.9998675495065103558 0.4104997285747313818
0.9978576361568644026 -0.06524895691042249812 -0.004765667375789170088 245.4978510630037647 0.06531908392703091037 0.997728890240775379 0.01644624132877195791 3.598776154418504625 0.003681743930303346419 -0.0167222965232812007 0.9998533940336549186 0.4291287390685438741
0.9977583665886471387 -0.06645383434943145928 -0.007882246038610230335 248.2766540440232461 0.06657638481240138462 0.9976454802264691502 0.01646453063433253247 3.764572844625849957 0.0067695559430374138 -0.01695239463781290923 0.9998333808332156014 0.4499697818561156915
0.997599272572745166 -0.06825752450212022038 -0.01168767347132267966 251.0496363259764223 0.06845112743134203204 0.9975087006193879002 0.01705389521483183929 3.934501294166603991 0.01049449930715980195 -0.01781298788700948557 0.9997862586307281196 0.4544332211374972896
0.9975108136326356068 -0.06921561963625609548 -0.01346754188136519044 253.8296084081401034 0.06944560772298147278 0.997433414162519294 0.01743249494725655768 4.110933064892392075 0.01222637533952653302 -0.01832436384897081008 0.9997573372751947796 0.4756227103034778025
0.9974652333860618558 -0.06995948050280610675 -0.01299150775955549425 256.6029956221917132 0.07018170521191531563 0.9973803754839699609 0.01751898550152974909 4.290179210714805791 0.01173185576270515534 -0.01838634512980983834 0.9997621246442228715 0.5124978107816737793
0.9974480242688376075 -0.07047784807924201145 -0.01141541993584629239 259.366022773699342 0.07066929525257298339 0.9973490925558707865 0.01733892402906565128 4.472856970121185327 0.01016314866058248834 -0.0181013951976174356 0.9997845017308493176 0.5384385323025118186
0.997265230263016389 -0.07317759012144094133 -0.01034895224026152576 262.1405746192576203 0.0733468401891738675 0.9971607685907415419 0.01704824383288352369 4.656843377676437967 0.009072019770514926779 -0.01776068375767249352 0.9998011085059584913 0.5727891758075818185
0.9972401171673901388 -0.07341800546425790441 -0.01104287940802646702 264.9226701281163514 0.07359919234923867348 0.9971428446599592821 0.01700900435016643175 4.846479270220395819 0.009762561011834293423 -0.01777480849670140528 0.9997943531473838519 0.5932809259862708018
0.9972094837385153676 -0.07376776393922064579 -0.0114700717247559307 267.6971022619934502 0.0739614389943833439 0.9971076684925473943 0.01749294072579739637 5.035794339486212579 0.01014648135285027737 -0.01829246940037260877 0.9997811933015107178 0.6124875794482795843
0.9971037951974607294 -0.07520190551305541704 -0.01134438231133781845 270.4833432024400395 0.07539372921005808859 0.9969993445356636341 0.0175525665148300869 5.229941704896020838 0.009990355280005908459 -0.01835702597542932316 0.9997815823462226081 0.6324664313290222495
0.997079771117194702 -0.07526198970161103452 -0.01294461026981198054 273.2622801262510848 0.07547146227719135625 0.9970108469248567529 0.01653570367182568765 5.425141447003317019 0.01166140688875960327 -0.01746436429803677193 0.9997794794698680043 0.6391046731644871581
0.996887459390831121 -0.07759579362925615731 -0.01393865561450923635 276.1120596447123035 0.07781055826335132874 0.996846274555746592 0.01558916056350660023 5.627058390433344215 0.0126850436356998747 -0.01662521324299539097 0.999781322066273348 0.6590461925914221641
0.9969062599986754369 -0.07729837797530692001 -0.01424322778866874729 278.8954380280262058 0.07753422936279494304 0.9968477063265888116 0.01682538761920397002 5.827586029919106458 0.01289775378005129404 -0.01787767193472182548 0.9997569888696070661 0.6811727104202909278
0.9967580147134147417 -0.07906364291450661275 -0.0149130973865106934 281.5943658895497492 0.07929709476024518477 0.9967262519480497573 0.0157717925480119793 6.023730011854043553 0.01361730028885536382 -0.01690322592525515463 0.9997643972887626518 0.6993596070956025201
0.9966554828601736915 -0.0798705559956962019 -0.01727839025176925586 284.3775747687753324 0.08012696903574059726 0.9966763544865705482 0.01469398654230830333 6.228462960885851274 0.01604734613260223874 -0.01602930729315613437 0.999742738903265038 0.7264661518101336313
0.9965606423926993696 -0.08060965780410997428 -0.01920856846708604918 287.168770189302677 0.08088031459378042243 0.9966288980312907331 0.01375551962472478136 6.434746790560372354 0.01803498669424378337 -0.01526180453417520094 0.9997208693316845807 0.7715850179187933033
0.9965028913319732284 -0.08125685502906163094 -0.01947591019191427519 289.9333199401207821 0.08153702627653854063 0.9965712788248715093 0.01404989563446450845 6.63865027611848646 0.01826748239349123074 -0.01558876942373397037 0.9997116030910400131 0.8245179563506788156
0.9964848316427764585 -0.08171836434367159285 -0.01844150847578181901 292.7165992667527803 0.0820066253101357362 0.9965119282063443773 0.01545607801858657829 6.849181726701025319 0.01711413775538790996 -0.01691407317793599749 0.9997104682944062404 0.8780372422212674444
0.996287049300498273 -0.08409618982614201765 -0.01843763143226557696 295.5148755406214036 0.08443669199453075758 0.9962563647359558017 0.01853916848509942761 7.060396678743755317 0.01680953423290854759 -0.02002714607285938433 0.9996581180478899542 0.926582807765049532
0.9961610704867949195 -0.0851860525276285363 -0.02016080606927367347 298.3603737831394938 0.08561627410560278262 0.996095426978302223 0.02153494743871410197 7.275444734037003869 0.01824760956610588583 -0.02317836939204313829 0.9995647992688863059 0.9669318404886011464
0.996032827799889886 -0.08637481127161059091 -0.02140088602718517516 301.1344449240148151 0.08687825782061855961 0.995933867574037901 0.02383064701330647739 7.491130078909696621 0.01925549955231100133 -0.02559537842682411621 0.9994869195443123466 1.024697916438070067
0.9958423180308907385 -0.08849923080665174357 -0.02158619386305316024 303.8500910197643634 0.08903745411002232657 0.9957044844165306996 0.02539510737162583784 7.70655446422825996 0.01924602256228541072 -0.02721150233709487484 0.9994444080368303229 1.095090655651634881
0.9956608391781947009 -0.09001078994797570565 -0.02361251828828525925 306.6347468811439398 0.09063940168396125707 0.9955161265961344208 0.02705809581997320121 7.932900130549248807 0.02107112216629031948 -0.02908091092058028709 0.9993549461681182633 1.162850085447536985
0.9953365865602561424 -0.09264125263667834231 -0.02688266661781958319 309.3927157587987722 0.09337641587335836213 0.9952505796761391688 0.02751597014379978182 8.160568739438774699 0.02420587559299028357 -0.02989785885671396304 0.9992598228801959914 1.21932099881726197
0.9950044145976237875 -0.09542909016244928433 -0.02931729322442824109 312.185879319846606 0.09624816852730558314 0.9949655609031176073 0.02792530522454333627 8.399460274611287858 0.02650481062711755251 -0.03060753775643591107 0.9991800006235658227 1.294882924722999595
0.9946638726662553331 -0.09807530244610314363 -0.03201586267263157454 314.9025056292010731 0.09903303734243107392 0.9946366924505186669 0.02983802181487641911 8.639037280814390485 0.02891777874076886801 -0.03284943045469405215 0.9990418794983031425 1.368264729311900574
0.9945445933333256772 -0.09904872391724291181 -0.03271700111281033996 317.6473336244508801 0.1000909524269718992 0.9944661606483907734 0.03191953269568254675 8.888727292416751524 0.02937436150304355634 -0.03502007446615287845 0.9989548244393605669 1.459931850629437644
0.9943554464028305784 -0.1008800831446761553 -0.03287027583928559676 320.3100982185774797 0.1019740377902259298 0.994222831138107499 0.03350011433538212235 9.137760247460981589 0.02930088438571555598 -0.03666293589511521178 0.9988980364910953202 1.556126997333459938
