1 0 0 0 0 1 0 0 0 0 1 0
0.9999999160085919492 -0.0001584968308729068482 -0.0003779703210323426786 1.493700046285679761 0.0001582772011108991091 0.9999998186728034089 -0.0005810358748456620958 0.2383390842839880064 0.0003780623448408305053 0.0005809760019591248947 0.9999997597678453864 1.368223909080146017
0.9999972353213488763 0.001217369357335887923 -0.00201180553398200854 1.675096117146302133 -0.001220381700515807454 0.9999981351505292659 -0.001496784543249306569 0.2408858108543837917 0.002009979642630037571 0.0014992355757797028 0.9999968561323203664 1.35057578026370062
0.9999936530403581436 0.002327804522122868969 -0.002697258813429367821 1.893940795904687224 -0.002330335957406366211 0.9999968469396579573 -0.0009357590865139586321 0.2439652423861184971 0.002695072044576365781 0.0009420386664881676836 0.9999959245666081298 1.340491108307352741
0.9999926777354012364 0.0032096523604434519 -0.002083892345339153056 2.133830677235061479 -0.003210769275211673799 0.9999947035010909868 -0.0005328512236884070828 0.2453404541100277225 0.002082171040817742697 0.0005395382195260192129 0.9999976867284575688 1.336117168100153574
0.9999876901518194305 0.00466772415061120563 -0.001682823841787024375 2.394652363836859976 -0.004670147139012764334 0.9999880597303525409 -0.001438792001974519008 0.2473978224746767041 0.001676087864241261388 0.001446633325613595452 0.9999975489877425128 1.33772263635704558
0.9999807889733851596 0.006012722277042393225 -0.001506271882917442498 2.673149479435937614 -0.006016224842606926644 0.9999791839292128115 -0.002331683277989383875 0.2477700548340284747 0.001492220764266728944 0.002340700554281601332 0.9999961471916308797 1.338141040283522765
0.9999739993089464818 0.007181816477194773 -0.0006497831629995663412 2.967610426264957635 -0.007183363924888066208 0.9999712919372111264 -0.00241134488356116233 0.2470953649421900045 0.0006324466725667649177 0.002415949815859912315 0.9999968815939845879 1.335254419491643141
0.9999649642287188334 0.008359559235601742022 0.0004336870339921843759 3.27725493141763291 -0.008358262199622899791 0.9999608321008782719 -0.002910964981158530116 0.2471211767875379217 -0.0004580044315749436166 0.002907238123312559305 0.9999956690898391676 1.335111394615420499
0.9999543192501177957 0.009290721459154188677 0.002245419293120871559 3.599912080470432763 -0.009282499554937930289 0.9999502743340511479 -0.003644730616718615517 0.2455791158054119183 -0.002279169815104770732 0.003623721019101881421 0.9999908369734843427 1.33153428160711873
0.999937249101522263 0.01046661499860108806 0.003993473394343502285 3.935292637138864791 -0.01045242839077699555 0.9999390456230817792 -0.003556933951613065227 0.2435363339407568828 -0.004030459032907996765 0.003514969256126927125 0.9999857000933125573 1.328156763008546681
0.9999214466521696432 0.0116727611290109879 0.004565870416185472888 4.281504515805069744 -0.01166300589006774927 0.999929657529143423 -0.002157379720461598 0.240484042037844209 -0.00459073181972030793 0.002103958477504757046 0.9999872491887505932 1.320721425913605751
0.9999114958885511051 0.01267581718607831837 0.004040303031341806184 4.637973255695173158 -0.01266621604794079294 0.9999169164816276156 -0.002393137041751207134 0.234949775015516199 -0.004070302316393142189 0.002341749888189626188 0.9999889743624748029 1.31589799827326237
0.9998917053528627585 0.01434613473235655211 0.003281156013497222353 5.005551722306649687 -0.01433296579790156559 0.9998892672723620478 -0.004002409895934395424 0.2298777613455852409 -0.003338211793763234177 0.003954947759447982256 0.9999866072754374224 1.310976066263278561
0.9998712736439718807 0.01566603382716033957 0.003465764808480694802 5.382472608896573973 -0.01564616404839213118 0.9998614133549585947 -0.005687849716324374846 0.2244060957439374671 -0.003554390545823126867 0.005632891615410123148 0.9999778181739317207 1.306814964134904056
0.9998507019777820304 0.01691118694352958945 0.003547606333510223368 5.768519700144922879 -0.0168866243231777409 0.999833993615162675 -0.006843035183504386082 0.2168420586698564245 -0.003662741255457364637 0.006782106436485007411 0.9999702932381440146 1.303792857490694512
0.9998268283717599569 0.01830411044837488427 0.003357500373926335449 6.16488183951424773 -0.01827697907219239665 0.9998014269930730613 -0.007940945699938537286 0.2102415360402153655 -0.00350218561213754909 0.007878205589372784187 0.999962833595644085 1.296817288498943954
0.9997992133332245235 0.01985890380721127071 0.002675249117630262505 6.57165764629327942 -0.01983584315296854292 0.9997680710728785725 -0.008387096614822559318 0.2023433641493294077 -0.002841187194868176509 0.008332346775756914459 0.9999612490754490324 1.289391697323746699
0.9997707214771566209 0.021283457309682563 0.002349238598483423864 6.98794778941793826 -0.02126276113673584295 0.999737714276467293 -0.008508680397503104453 0.192792146617634802 -0.002529716562739859915 0.008456778240657464307 0.9999610409590468096 1.280702359657159839
0.9997466186770609387 0.02230071351671547575 0.003062126781924919428 7.412413559963160203 -0.02227277933334698493 0.9997125628521538188 -0.00887214609587186169 0.1815778127309498058 -0.003259101801298863559 0.008801695985652235182 0.9999559532315535071 1.272307030041743614
0.9997288245648310312 0.02306014994977661353 0.003241422298177858152 7.845671958965922954 -0.0230243540441885039 0.9996778795149386942 -0.01067784291715930499 0.1718063623159198083 -0.003486610828464734545 0.01060031569385960423 0.9999377364876882446 1.264064863666289451
0.9996925182383955555 0.02457826719070812377 0.003282949904786096156 8.287685027614209332 -0.02453648465420906963 0.9996243342708172053 -0.01221274966742868194 0.1611279499581950991 -0.003581884837475538159 0.01212844241968758646 0.9999200322953247788 1.260862564736983327
0.9996592862250546219 0.02586804822840653439 0.003486480297829173351 8.737020752069602381 -0.0258182933640622031 0.9995737144383766148 -0.0136310356038698479 0.1491401592733183623 -0.003837602348021356378 0.01353637635113546199 0.9999010147627108713 1.257234082415445764
0.9996148304981384847 0.02748331219241540238 0.003854633460154991906 9.193213366892837968 -0.02742989558884353224 0.9995354295751565088 -0.01328630317253109983 0.1344914775377369365 -0.004217994329424543283 0.01317545350041124039 0.999904303395527716 1.246536708200643107
0.9995533705115983159 0.02962957760586919578 0.003891995606532722141 9.65546624004565146 -0.0295786601011776111 0.9994837112563312864 -0.01254646563337621402 0.1179386108172382486 -0.004261732690174152918 0.01242574199668822037 0.9999137155626525164 1.239103404859936974
0.9994611517263960465 0.03271509982930801558 0.002669912527491139723 10.12625682267940341 -0.03267515873460687809 0.9993702297804659684 -0.01383755145272718041 0.1039033293153521775 -0.003120927973261720684 0.01374285529637268508 0.9999006919373987223 1.231562585458061188
0.9993303801869003467 0.03647692796724966158 0.002867919381245480088 10.60266643756344251 -0.03643324516682619474 0.999237464281175547 -0.01403953786775973857 0.08808298879077872123 -0.003377851701774317334 0.01392564910510111359 0.9998973279366648592 1.225905568932863288
0.9991667717821246519 0.04072614813513781434 0.002672643740280958649 11.08555901429525292 -0.0406841295978939213 0.9990705469534842953 -0.01424232456193283251 0.07069121124300162262 -0.003250194663312291898 0.01412172327092110075 0.999895001070867484 1.219854805621449101
0.9989572450085334454 0.04561511911390699059 0.001919258498733940723 11.57215607889063591 -0.04558635888146159859 0.9988754720223799177 -0.01302594626114841198 0.0482149825256590614 -0.002511280329129465284 0.012924871383956444 0.9999133168284222162 1.210172703393047389
0.998698498445587779 0.05099177311833501258 0.0010715767711659838 12.0644317971290711 -0.05097649542064994904 0.9986362100162402555 -0.01127461569314283825 0.02482173657866951211 -0.00164502801091979717 0.01120531653492459583 0.9999358653254695195 1.206768526049039725
0.9983553345645582722 0.05732367996522652609 0.0007884552829812646949 12.55932454377525076 -0.057314144394999475 0.9983146029649496711 -0.009112758045948786759 -0.005389128247118124548 -0.001309503248611569538 0.009052580967831283174 0.9999581671145362227 1.202832906656447598
0.9978786815595618309 0.06510090739808178928 -9.35141533547447282e-05 13.06012334852318091 -0.06509911242626983952 0.9978382443541689018 -0.008996869761294913614 -0.0337615130885417225 -0.0004923923865968974235 0.008983872223946746949 0.9999595229756059744 1.190668813457673725
0.9973618911159993772 0.07258936954957648235 -0.0002039066269088497113 13.5622095247811032 -0.0725878494670148533 0.9973133184130886786 -0.009856420528119910068 -0.07553512506001386351 -0.0005121125574228433492 0.009845219361099616026 0.9999514035174210669 1.182994133115508051
0.9967132450252621512 0.08101045387211334992 0.0001164244213250176214 14.06890941634100223 -0.08100468063643330441 0.9966574366228863058 -0.01059224901929917834 -0.1206054265119512886 -0.0009741181658979687023 0.0105480039690736202 0.9999438937790796622 1.181859312459347722
0.9958654473811433538 0.09083584277236364524 0.0009275668114377651815 14.58129883527915638 -0.0908228155166304757 0.9958207271180250508 -0.009607061140637527738 -0.164838928173667576 -0.001796355751891938165 0.00948309601144442689 0.9999534209132194817 1.17858246457433169
0.9948890278336708359 0.1009309461995258894 0.002960809930040140831 15.09645508174491013 -0.1009121357192346718 0.9948776516671484771 -0.00593288107438799759 -0.2211240003600750126 -0.003544454930758350001 0.005603776630851591001 0.9999780170217320574 1.169678318332860734
0.9937214070974911273 0.1117615753439671344 0.005207240422438467152 15.61719879987230364 -0.1117458537125311929 0.9937316044181063734 -0.003219092833972648539 -0.2790649357412468556 -0.005534370265883855125 0.002616993934060962874 0.9999812608686771132 1.163060384993908292
0.992391101495272876 0.1228962651569346087 0.007510638020536803197 16.14072940415553958 -0.1228841852068238288 0.9924188986945053914 -0.002050985138922719209 -0.3459904602268042972 -0.007705757526300192374 0.001112440767628895258 0.999969691428937435 1.157504011136507138
0.9908754232565439857 0.134516846192387074 0.008432892541624780608 16.67079047980859485 -0.1344981966736373546 0.9909100403709193428 -0.0027435348808874673 -0.4195369402091836952 -0.008725289548460824288 0.001584292446727361648 0.9999606788967948523 1.147572954073622808
0.9891370052385314304 0.1467576513181131082 0.008377150311447728592 17.20736793138495457 -0.1467290034705216462 0.9891688775178559823 -0.003940975845194294967 -0.4984573063089232647 -0.008864784729315237227 0.002668994128111380065 0.9999571451127527988 1.133946356833751334
0.9872176886534416163 0.1591398542954116091 0.008702987107394874813 17.74939103921536443 -0.1591228090361439806 0.9872553160502156588 -0.002621559657079180431 -0.5871381412106031483 -0.009009264909146389583 0.001203206309794799906 0.999958691867005478 1.131089400794913713
0.9851857209579018004 0.1712987104362710122 0.008114617891789032561 18.2977594054731405 -0.1712823168518890216 0.9852183466745045859 -0.002679050168407641659 -0.6837223696642072968 -0.00845358826228604851 0.001249471418771654335 0.9999634871667392177 1.121678883088435219
0.9829189455328218861 0.1838317156785307382 0.008731942700995179787 18.84935023408158372 -0.1838200847494555201 0.9829576125469769998 -0.002123294291929491394 -0.7926557697208052033 -0.008973458382843052528 0.0004819197391548723781 0.999959621583799918 1.106664801756042982
0.9804887701798344901 0.1962996029134183029 0.01040372276014940589 19.40901062769562913 -0.1962891756291942069 0.9805439625969116779 -0.002024091291815495377 -0.9077089899933626915 -0.01059863585784046741 -5.753938262052387981e-05 0.9999438312261206274 1.096116213183301547
0.9778237783794696547 0.2089485521207382901 0.0141831238570644929 19.97694066576400829 -0.2089894513919323404 0.9779168214440073781 0.001448980244338617584 -1.035310263803850273 -0.01356715307634107082 -0.004380970611228129398 0.9998983645620722616 1.084438730804317963
0.9749353219107331769 0.221805674633018729 0.01741725556471530184 20.5530653055330319 -0.2218959119546570491 0.9750644056987689545 0.003407197839512233432 -1.165344149220187919 -0.01622721013071152726 -0.007186615329758241043 0.9998425027030386492 1.072300646440589755
0.9718783516758450203 0.2345930166930279559 0.02045937591196658398 21.1335153142995793 -0.2347535147589549231 0.9720376404297353945 0.005797662986898724502 -1.310759467652476529 -0.01852719223626688241 -0.01043753355238804213 0.9997738749543234604 1.063897561218834387
0.9686751747259212397 0.2474232212349651294 0.02121686742710699944 21.72095636631999227 -0.2475834831599489638 0.9688523347888110537 0.005250927599657325383 -1.464952945565992648 -0.01925681012247849183 -0.01033938914941723644 0.9997611076131756036 1.040498363224924949
0.9652777184032194091 0.2603084806495429282 0.02187284289253484462 22.315086816100834 -0.2604848176816968452 0.9654617502667984796 0.005591826991538624905 -1.63205098849372976 -0.01966179319411487034 -0.01109520949314028032 0.9997451226261097057 1.022202261027031156
0.9615275987671483282 0.273816479481193753 0.02211814579947328149 22.92061372556912602 -0.2740345386464967392 0.9616909367693595723 0.007457463675636715091 -1.799918579560912724 -0.0192288439039750049 -0.01323169302080281357 0.999727549816408656 1.002444700973413649
0.9576988182709863517 0.2868779747639256805 0.02267159186525303724 23.5293383918774559 -0.2871784579946090599 0.9578107104615116718 0.01127724208540284781 -1.983828945800654164 -0.01847990114136856266 -0.0173109942106926297 0.9996793599616041748 0.9797583976117525406
0.9538078317700857678 0.2994985558811280035 0.02347839600923902828 24.14846989514741438 -0.2998507809806931212 0.9538947918085547428 0.01319982218752982495 -2.172643554905741237 -0.01844259199017901293 -0.01963010915998280453 0.9996371989952409498 0.961060410789176478
0.9498771844929659869 0.311362173294859268 0.02805229795966510814 24.77011300508802094 -0.3119015401156077227 0.9499551158622279168 0.01739848041333450987 -2.381146429149613386 -0.02123119528495153244 -0.02527597452687566776 0.9994550322343116466 0.9400687357811421396
0.945931855755534845 0.3228620280034428802 0.03119351119053634727 25.39653656428378525 -0.3234959495451563694 0.9460603552115522952 0.01789343245074133393 -2.599389653848418025 -0.02373383438822538466 -0.02701694228619607244 0.9993531857830526555 0.9228568737754219153
0.9420432854369211739 0.3338559032589853426 0.03308601248773318515 26.02850539370104599 -0.334597123814812436 0.9421479972468955744 0.02004784323858141426 -2.829068707856892573 -0.02447882958939245901 -0.0299564207272940905 0.9992514196933336423 0.8984809009114962386
0.9380626027854799265 0.3444856943896327794 0.036988641719092899 26.66384095397096132 -0.3454947142327842169 0.9380748330495586318 0.02547567538357938671 -3.071709311096271655 -0.02592210818081078921 -0.03667715855863529911 0.9989909060384518646 0.8794577419924234363
0.9338354899200747017 0.3554773616930330671 0.03983871345179983148 27.30895461659206802 -0.3567167886597575333 0.933731338339375827 0.02998200278880532726 -3.31756970678665386 -0.02654073197943027443 -0.04220939618993138631 0.9987562046962599194 0.8600696165994021758
0.9297763754592229812 0.3661359205241488946 0.03821490991542631638 27.9591525682757549 -0.3673651040435808035 0.9295103973024899657 0.0324546088809618688 -3.574894015494843647 -0.02363835800048458974 -0.04421435296938408532 0.9987423686930176903 0.8384913327837391073
0.9260229565734664492 0.3758791724371269294 0.03458802721920482132 28.60782673327109293 -0.3769788671738864005 0.9255936585865581767 0.03410737293670369763 -3.848640827313034585 -0.01919420754366260237 -0.04462316564667557356 0.9988194809295822818 0.8122129451717474691
0.9223590905181460187 0.3851444557512472833 0.03028954180264261872 29.26066597609300501 -0.3860598657140764112 0.9218194532877468372 0.03473723686634888619 -4.123081978761545585 -0.01454263467765627357 -0.04373378264402808663 0.9989373694242683621 0.7943232188146316375
0.9190178852923241992 0.3932750783824122687 0.0272183621133229442 29.92180300968606232 -0.3940764845471634303 0.9183363173025437254 0.03690708130089568467 -4.399977244299632773 -0.01048097513468026175 -0.04464438426621104156 0.998947960663475798 0.7715275891643680328
0.9162537135332444738 0.3996310085969201342 0.02782425927760670201 30.5811310054692953 -0.4004506466518847341 0.9155903474983582147 0.03651842225402258252 -4.691518436014564308 -0.0108817293031250855 -0.04460238262295057599 0.9989455517853460531 0.7477361217805174043
0.9138854335284551933 0.404682256714616051 0.03233706054781699396 31.23775047789021642 -0.4056750403538031402 0.9133619148857871073 0.03460887270785287934 -4.988706937614360015 -0.01552984283396898098 -0.0447468829812062846 0.9988776403769474843 0.7330381290227734326
0.9119466446292411321 0.4087084382523458181 0.03620400324269339165 31.9011221907414253 -0.409813695024176361 0.911626922668540951 0.0314497891331152607 -5.290394718162875876 -0.02015074986445732075 -0.04351742601779707426 0.9988494285490109315 0.7203701638142681052
0.9105208197554162108 0.4118841647129946049 0.03610085387637834708 32.57029796179156733 -0.4128858257848796454 0.9103895514375616171 0.02676115653803986735 -5.590369297520280334 -0.02184334355960479424 -0.03927212105290681793 0.9989897741469343506 0.7066193170618453312
0.9092479567276813279 0.4146799703364096867 0.03617561870004459834 33.23442572038734966 -0.4157187584987190321 0.9090505824524220957 0.02837168262891474196 -5.909419808172951427 -0.02112029873889988141 -0.04083577775317255576 0.9989426270995112045 0.6912983882130161462
0.9081358105129889724 0.417217180240915031 0.03491667475199174142 33.89887714736862989 -0.4182095715874591391 0.907898900573527845 0.02864158811960976214 -6.22645470788606481 -0.01975104798613148277 -0.04061293943067012524 0.9989797221436730323 0.6692186806690902934
0.9068800480257874774 0.4197232273013818959 0.03742981373795423866 34.57475940949241533 -0.420918040113950509 0.9064838753977436658 0.03339142330777113143 -6.547182965876263694 -0.01991436665767217992 -0.04603689941341079783 0.9987412186813074966 0.6479076209425906896
0.9057081256540163716 0.4219612414886745877 0.04051545144293612621 35.25218533725737302 -0.4233692184449043272 0.9052187878396198428 0.03657117738766687415 -6.869465442499088859 -0.02124372843074716355 -0.05027580753708264794 0.9985094126641245182 0.6321379698677367376
0.904908967684068144 0.4238439929031438957 0.0386785455372076134 35.92923899373161589 -0.4250977053002502615 0.9045264930783433188 0.03352259339393760806 -7.198499306685627985 -0.02077741931558634708 -0.04677705633441903155 0.9986892438828360863 0.6119061045364690976
0.9039750104347645809 0.4260643973555026109 0.03603206649027693859 36.6134946876825893 -0.4271875365718963979 0.9035556410332297173 0.0331362664563155801 -7.5207299848928022 -0.01843879353705268204 -0.0453468065371931961 0.9988011203586909525 0.5839728153709879965
0.9033059043547955191 0.4277002904486238988 0.0333302371417854848 37.29504145857266906 -0.4286871450385376647 0.9028774523397750107 0.03224341382585062948 -7.852706076354174058 -0.016302602138084335 -0.04341391028921537387 0.9989241500519082662 0.5687472005548255272
0.9027715615242076774 0.4287512612387737732 0.03429086889106889441 37.97667601849984464 -0.4298279100977938638 0.9022255176726006187 0.03517219017022833044 -8.18808774007411877 -0.01585797604067251329 -0.04649162555308901379 0.9987927980063356914 0.5364236360236196433
0.9022855245187531015 0.42965550384369533 0.03573486058093613277 38.6627769211951744 -0.4307722254232554948 0.9018340538499172165 0.03362482892923720351 -8.5192836446899598 -0.01777982136621776565 -0.04573278182490975868 0.9987954698629447625 0.514741129731130842
0.9019217586319498992 0.4300701831244259088 0.03970867529361089832 39.3485857588343606 -0.4314243749976682807 0.9014249795616288141 0.0361388278751307232 -8.862364659521350774 -0.02025215949280298466 -0.04972568561256666964 0.9985575628005819437 0.5027616331702968733
0.9018369828356344042 0.430413552879388317 0.0378712277020651425 40.03845566557539115 -0.4315655283635209671 0.9015650600813811533 0.03052273200043734147 -9.203049278613939066 -0.02100597815467439983 -0.04387044492819203167 0.9988163659770337155 0.4848379818286496779
0.9017355837352372117 0.4307173127400647505 0.03681757096344476926 40.73488927374188506 -0.4317921170126751695 0.9015068217409039075 0.02900031103844184083 -9.539370278713228402 -0.02070035534437158001 -0.04204814931232301461 0.9989011204458754234 0.4710863809287515469
0.9016275696768656367 0.4309128946229666135 0.03717260881677401929 41.43096659704704621 -0.4320294198386763207 0.9013506540804370193 0.03029156289505441357 -9.884479215424974541 -0.0204525302211139362 -0.04337136885578277146 0.9988496475301625876 0.4517613133349926979
0.9014887038329707503 0.43113166622657495 0.03799477909196859182 42.12759069022831682 -0.4322846058995614693 0.9012272778326713141 0.03032182699927440592 -10.23175836497218327 -0.02116923153567742966 -0.04375934262543600128 0.9988177929778676578 0.4311186014956085444
0.9013658754151647745 0.4313420128548530741 0.03851787355731677714 42.84224019892772617 -0.4324697496934377106 0.9012089904467319723 0.02814731138275075248 -10.57290786799248927 -0.02257153599445630224 -0.04202884110115263222 0.998861402937637255 0.4089398275016455919
0.9013106225437735874 0.4313084072545609327 0.04015245349028106342 43.54961893236411186 -0.432540819346105998 0.9011272047697537202 0.02963444656560333679 -10.92341313241418099 -0.02340088223026375036 -0.0440774166142267193 0.9987540137869089785 0.3837372176001299096
0.9013018382030060227 0.4312852850920820824 0.04059555782254702094 44.26996335891186618 -0.4325822551341964584 0.901042121398241691 0.03155452438509102203 -11.2809511766964885 -0.02296930549440371824 -0.0460010687832121748 0.998677281545899076 0.3584847157608062052
0.9014701457306500965 0.4310668138141057204 0.03915326786509115004 44.99383870488971837 -0.4322977488816041602 0.9011788872271967454 0.03154789260551027485 -11.63757581535980457 -0.02168484881796430355 -0.04536535290402160525 0.9987350760274896766 0.3348111562816411535
0.9015916295642946166 0.4309187521513854202 0.03796791466347131799 45.727643633863849 -0.4321075583752710392 0.9012505978714170363 0.03210012198380306214 -11.99303265226616055 -0.02038606128121679684 -0.04534742419042288308 0.9987632450309393839 0.3007884407116947489
0.9017697071843300272 0.4305406758159032177 0.03802790649868952738 46.46001149914827266 -0.4317659877917567335 0.9013532031056536997 0.03377180832272499988 -12.35659454722275719 -0.01973643815120493944 -0.04687355031532829119 0.9987058342124272015 0.2725335032165936422
0.9019921834717127274 0.429935802179713944 0.03956396036822040774 47.20527427279884591 -0.4312976712436306093 0.9014556361972437815 0.03687892010408672094 -12.72587886620345898 -0.01980958696574456473 -0.05032834164075277589 0.9985362478608066361 0.2545855353754831185
0.9022247417021238558 0.429507710414281596 0.03890555429777957375 47.95531266957137007 -0.43083139836996176 0.901689896321355655 0.03660105258822769075 -13.09274149720135583 -0.01936031092516734414 -0.04978410957991043218 0.9985723412924154552 0.2303412598435856662
0.9024603176374139668 0.429129711510686962 0.03759076733098890011 48.70970923500615868 -0.4303762238534181161 0.9019341154706397301 0.03593267721541711091 -13.45913408711316528 -0.01848461607527951411 -0.0486059877890514247 0.9986469731189295818 0.2076908208584553606
0.9028568832624429552 0.4283948599838074411 0.03643202279700399199 49.46265112264052277 -0.429583461184902704 0.9023171449669116218 0.03580251073822272867 -13.83829012458925689 -0.01753562722079239633 -0.04797513770918617609 0.9986945919247575132 0.189355562478757955
0.9032212510304867825 0.4277848875478016955 0.03451755600614080793 50.22592889546503869 -0.4288585304274764032 0.9027200524554975791 0.0343055064724163139 -14.20522674250855744 -0.01648431273992601725 -0.04578861081599198274 0.9988151333219946748 0.1718578753965038786
0.9035797572765503771 0.427048031629516267 0.0342578592647882485 50.99045459537131109 -0.428114734911348549 0.9030623935849854123 0.03458449138476331342 -14.57448700839086619 -0.01616774541598611087 -0.04591614066875248507 0.998814453256585133 0.1518736066842170107
0.9039283575844739849 0.4262617573409094862 0.03484879600897171359 51.74991012259035728 -0.427350085749638231 0.9034381587348411236 0.03422568555305791765 -14.95456700354168689 -0.01689463123042764595 -0.04583020369188401527 0.9988063695557554134 0.1278158269110334366
0.9041935376937645374 0.425634042411845992 0.03563296694054237518 52.51330381676438464 -0.4267235470506853257 0.9038060193090490246 0.03227528238780368042 -15.32773677852571481 -0.01846783109399781353 -0.04438852780710150076 0.9988436303114726078 0.1073524017453206802
0.9044740043078234315 0.4250142156566529827 0.03591228231582524466 53.28200882347169198 -0.4260439887064783049 0.9042511190548213618 0.02857329829014439854 -15.69860631422204023 -0.02032966351038834746 -0.04114401752215609415 0.9989463822466603249 0.08415966507554406562
0.9049475286586871059 0.4238245996082885547 0.03798261630547103418 54.04658176571238215 -0.4249289344991158401 0.9047921921333146322 0.02804442333222952055 -16.07916973478706524 -0.02248045817995819942 -0.04151864426333167629 0.9988847937467834059 0.05854029149851602831
0.9051552003915862565 0.4231528001616948198 0.04044466490631482697 54.8153264262920672 -0.4243776127356824746 0.9050295255604952072 0.02872628887461944891 -16.44911219465985042 -0.02444800631606636188 -0.04316556010364928225 0.9987687567240516318 0.04100030060927850606
0.9052798092056582036 0.4228649327507246758 0.04066590333795794959 55.58567614862971595 -0.424044727345987027 0.905251857933320303 0.02655452726634861121 -16.82205468399956416 -0.02558390616451146002 -0.04128343927044916123 0.9988198743454039796 0.01377865517443122023
0.9055070355577244934 0.4222601974550965753 0.04187283368300695474 56.35669038401016451 -0.4234972478262780671 0.9055003082810056947 0.0268192614844574885 -17.19735361347387226 -0.02659115715853518566 -0.04201805978607948272 0.9987629313369532635 -0.002070154397366241739
0.9056556303593322754 0.4219076808615694341 0.04221123107008994957 57.13173948848795902 -0.4231468275342445962 0.9056773229267173209 0.02636947257718491242 -17.56975966119582111 -0.02710427173241729618 -0.04174320982275702557 0.998760663466252363 -0.0388047229132437721
0.9059535150107337342 0.4212123801628325226 0.04275931988768905817 57.9082621887398048 -0.4224692885708175583 0.9059989953565030785 0.0261824488441119059 -17.93914001823187832 -0.02771152926425364885 -0.04178458101463590479 0.9987422690240299605 -0.06570904107005715034
0.9061897915868595277 0.4207368770983790918 0.04243279242835124726 58.68942342069927065 -0.42195052934913857 0.9062709560485706639 0.02511384090081458798 -18.30292487414310187 -0.02788928836929816316 -0.04066244547875964843 0.9987836367912427127 -0.09628491775810688047
0.9065069375428823628 0.42002087915767089 0.04275082757376862802 59.46599449378857116 -0.4212862904041432266 0.9065403427128717606 0.02650412329327315325 -18.67691879889578033 -0.0276230647130392068 -0.04203650919910416339 0.9987341479043424508 -0.1182583259521399199
0.9067852700292606816 0.4195448322098864757 0.04150431090789188232 60.25082526514295012 -0.4207243522918353573 0.9068371939672953408 0.02524525749794504295 -19.03875151829232593 -0.02704613552018815537 -0.04035390196127407875 0.9988193375931022633 -0.1448437362659380501
0.9070614073719525106 0.4190763816025497301 0.04018195663885617414 61.02868324191319971 -0.4201609774820378451 0.9071413603854231456 0.02364963592578910728 -19.4127723863799595 -0.02653971095832270699 -0.0383345622252032267 0.9989124611702723255 -0.1766390055185733665
0.9072033021963299415 0.4187717538470935308 0.04015453478629613104 61.80947890006974177 -0.4198358750741395529 0.9073105054476866549 0.02292345316471371477 -19.78546434088798378 -0.02683293656695219173 -0.03765454665897079861 0.9989304923922891488 -0.2042578641059995537
0.9073417801980505626 0.4185972675377341856 0.03882295090504028767 62.59826256049758086 -0.4195226005645610323 0.907534345181486013 0.01954993431086823538 -20.14925079161195853 -0.02704961224454708116 -0.03402557752565090604 0.9990548426144910676 -0.2345850575042780495
0.907390471863624315 0.4183446150332832403 0.0403771549736129734 63.38501214350488766 -0.4193655630312466687 0.9075734117231371023 0.02104820364568921881 -20.51745243380080197 -0.02783982964377776023 -0.03603172776705270558 0.9989627913388599012 -0.259487244378779458
0.907393365369398186 0.418148912734395195 0.04229382062005190845 64.16496008443731114 -0.419217242904172005 0.907659132146592329 0.02029293184139244546 -20.90134361403460872 -0.02990290513348852278 -0.03614397058899469078 0.9988991088466540047 -0.2910877210936104742
0.9070544545615034648 0.4187589472290888515 0.04351046512873201627 64.95715585570162887 -0.4197352942331633585 0.9075052632480697934 0.01601499147834242395 -21.27118438804069811 -0.03277955513934240755 -0.03278934724322513788 0.9989246014951428387 -0.3283552927664784571
0.9066556318400933456 0.4193646362502557734 0.04592240319638984242 65.74685250729798724 -0.4203821119663664341 0.907225002861241081 0.01488872466393416881 -21.6463477196884142 -0.03541814776831887779 -0.03280390290974179168 0.9988340496611786135 -0.3596099134998311797
0.9064172061669373281 0.4198643728082606108 0.04606253152888809682 66.538832312491067 -0.4208942832457945316 0.9069840071329766662 0.01510010384128011515 -22.02470030600373008 -0.03543798379610132304 -0.0330744501289819276 0.9988244240371441096 -0.3974884554378542711
0.9062840909589866545 0.4203891829895285426 0.04384154764649458164 67.33518445071293002 -0.4213861072927495566 0.9067351346770239351 0.01628324669415372183 -22.40645531117463207 -0.03290737083552120606 -0.03323146652851798749 0.9989057886392778141 -0.4383110414843288671
0.9061414073003477565 0.4206928151134228244 0.04387830087513260729 68.13408333798065541 -0.4218640264859566114 0.9063989694288117072 0.02171753612738177783 -22.78638973578409477 -0.03063483528275182458 -0.03818983543210758419 0.9988008026312690246 -0.4684682185112515329
0.9060119404129128862 0.4210173149520707314 0.04343713088795393001 68.93474359409012209 -0.4222134352279521274 0.9062018820822328458 0.02310766157859334841 -23.16771460408494931 -0.02963408413027564248 -0.03927555755387548975 0.9987888924275198921 -0.4966673280913929123
0.9058821260993029645 0.4213169093638822749 0.04323928188433244502 69.7349372791880171 -0.4225164771435174216 0.9060508670671630904 0.02348729079893028052 -23.56004126115164965 -0.02928139607392483273 -0.03954602598123121288 0.9987886221183407409 -0.5287337798465391314
0.9057413862446661579 0.4215644112561195422 0.0437720048189670155 70.54535383812471139 -0.4228579233853815844 0.9058237064125640448 0.02597286143665705413 -23.94255992458962723 -0.0287004856020442109 -0.04203403458254170028 0.9987038710563409527 -0.5583861957546376598
0.9055392514534807979 0.4219394678925326159 0.04433677380725997014 71.35409493974941597 -0.4233458454455663045 0.9055010954690969616 0.02908713200444417932 -24.33023865060577506 -0.0278739882515644348 -0.04510932873399627757 0.9985931049432095197 -0.5936054823170667794
0.9053863574846354734 0.4222493573815365164 0.04450869433698636385 72.16754840185508613 -0.4237050772474927895 0.90528364814009743 0.03058633559046451678 -24.71866162690601243 -0.02737793263560985013 -0.04655101074129119193 0.9985406612670133519 -0.6235640321687853094
0.9052849586587600195 0.4224603001396293189 0.04456947870619049762 72.98556502601906004 -0.4238393451157828062 0.9053120610696628878 0.02775394771241369157 -25.11022191819197857 -0.02862434554765590569 -0.04401553007443341492 0.9986206887273240129 -0.6529521834776745859
0.9050116976504529731 0.4228111936001888171 0.04673886693351421429 73.80668403268226996 -0.4242447576801786635 0.905162938554009866 0.02639015439811284378 -25.50162414950172973 -0.03114823745786520631 -0.04371211770954852582 0.9985584800444163855 -0.6838985377506814345
0.9049614412906104022 0.4226260306043903014 0.04931559624295402816 74.62919869520810323 -0.424160587238809228 0.9052137447893044975 0.02599754753341960989 -25.89985284079216044 -0.03365391523210368302 -0.04444451034830795844 0.9984448404841649305 -0.7126225100286074365
0.9049149088051615664 0.4226053931734979341 0.05033576743051910996 75.45645430357213002 -0.4241049233178295075 0.9053028732746588592 0.0237006678856322428 -26.29654979844495699 -0.03555308481305183288 -0.04279473450461272754 0.9984510948759361959 -0.7446290548356950811
0.9050430293777453894 0.4223302058485988164 0.05034195270978030629 76.28637929562799513 -0.4237488133829663273 0.905525603621189723 0.02145517054250345099 -26.69516088171603485 -0.03652476052326092404 -0.04075019526775430084 0.9985015590645606176 -0.7841358106118221372
0.9050767921896601953 0.4222135202096241047 0.05071236133204605478 77.11484747796970396 -0.4236258534072382398 0.9055966142939309016 0.02087842197960462429 -27.10285175722231088 -0.03710979068472050613 -0.04037964253886688892 0.9984950415018442049 -0.8166031880495565609
0.905116847897361132 0.4221293989748875486 0.05069775314000990463 77.94770137476002958 -0.4235931841444254276 0.9055782081843426479 0.02229177444758934784 -27.50776657378414214 -0.03650076709785765594 -0.04165188330358584462 0.9984652295490977769 -0.861262974022565353
0.9051998677888750677 0.422000383587641803 0.05028792704900764826 78.78925378266795576 -0.4235780141326166426 0.9054866825693652643 0.02599102985636430815 -27.90878966238874526 -0.03456682366767259429 -0.04482793706394223171 0.998396509789632236 -0.8937584185637561518
0.9052880099355281596 0.4219115991121182296 0.04943906958698077864 79.63506277226933605 -0.4235543169096135929 0.9054033109654227029 0.0290961358273007821 -28.30624721367244945 -0.03248630010022245801 -0.04728051424747144182 0.9983532407311016543 -0.933929348648228852
0.9053725265261093336 0.4216655124711915503 0.04998783656187641422 80.47952517810182371 -0.4234472206499148017 0.9053342886325014272 0.0325925934860205116 -28.71478763275476709 -0.03151252981897606498 -0.05067564916890555937 0.9982178815497737556 -0.9775250867104987584
0.9052568245048531193 0.4218589366354750791 0.05044917509906134828 81.32558284254041325 -0.423627132719990751 0.9052907036489559189 0.0314450999396966302 -29.12378369083432972 -0.03240577280098197455 -0.04983753071295163317 0.9982314793782085527 -1.019284968006155756
0.9051358774943910612 0.4219127984030481282 0.05214051990695491023 82.17507878611641559 -0.423807989790707329 0.9051620135892269881 0.03268817744469452308 -29.53485504337987422 -0.03340405756818201621 -0.05168481110350486157 0.9981046284028426419 -1.053869951044740461
0.9048667216577905847 0.4224701577687497434 0.05229896587056164642 83.03318062331942429 -0.4244132997883826031 0.9048345106568765894 0.03388007212311070632 -29.93856516861589512 -0.03300858977628313984 -0.05285332647221376023 0.9980565910216727676 -1.090525151344272636
0.9046609851017010095 0.4231283474676099665 0.05050647091363046071 83.8892474305152831 -0.4249435901603353938 0.9046247490217987908 0.03281780978207467919 -30.35479455896749812 -0.03180325795362411168 -0.05115139320269860429 0.9981843956689355757 -1.13660879648045654
0.9044604237725190066 0.4237575951164077592 0.0487938767715168642 84.74751140186245379 -0.4253604287408943585 0.9045658278941732799 0.0287952889808621923 -30.76866972449514392 -0.03193505112878126939 -0.04679918361774554336 0.9983937043682290513 -1.173416185595068884
0.9041363461451074057 0.4243119602140874025 0.04996826991855241734 85.6120002673559668 -0.4259254815444252773 0.9043416875025843682 0.02745171062297525541 -31.17989310784863832 -0.03354030039406380448 -0.04610284876509092994 0.9983734649845312781 -1.206306516608878221
0.9037365254165359296 0.4249217553629157096 0.05197878843668109206 86.47393100445229663 -0.4266174015873730463 0.9040255250662229125 0.02711904665688166099 -31.60415600619035104 -0.03546667859956577351 -0.04668352865881583713 0.9982799020620802821 -1.234970166286498472
0.9033746720607588321 0.4255878732734781345 0.05281253640637182528 87.34090618264626471 -0.4272297487686291806 0.9038087324555020841 0.02458692547417585389 -32.02282136445148808 -0.03726853426431497168 -0.04477429239794424726 0.9983017174652425441 -1.272846231969193775
0.9030079398045738337 0.4262572951414103084 0.05367847789037744066 88.21069223224525047 -0.4278240980363577917 0.9036031400100903443 0.02163114660118609089 -32.44937042713563358 -0.0392836071316783747 -0.04249804351536306396 0.9983239526867470071 -1.313144102586574435
0.9027032820678013714 0.4266709977128043119 0.0554855319410339845 89.08309549199728394 -0.4283127918628811814 0.9033733483441304113 0.02155796437835835744 -32.87599806277782477 -0.04092599260425581337 -0.0432256082927061705 0.9982267327201179707 -1.356848160529760872
0.9024900820149496239 0.4269868666931480039 0.0565143126669454543 89.96309251535686258 -0.4287321511690217468 0.9031397940979268846 0.02296203106733648441 -33.29482233797051549 -0.04123583900725824591 -0.04495250814272854639 0.9981377047246764445 -1.400024678875402051
0.9023945516366277397 0.4270180871557903712 0.05778950093519909237 90.83640407589247445 -0.4289824245062402452 0.9029141841368912846 0.02683385080751241741 -33.72930908652772075 -0.04072042044573559449 -0.04900540099031667346 0.9979680946966695831 -1.443419956618757327
0.9021505016340075622 0.4272944405736718299 0.0595309453674417316 91.71917481351404433 -0.4295181470624746534 0.9025258247626619657 0.03100478963797841103 -34.16121037748058598 -0.04048004132318695769 -0.05354060787206008087 0.9977448419125820589 -1.488918709576657395
0.9018659698797837354 0.427828159050678225 0.06000698872718589899 92.60454214176375842 -0.4300759351796390462 0.9022616404702619164 0.03096162326608111956 -34.59057625531345792 -0.04089574980552313638 -0.05373079619007525842 0.9977176650679412395 -1.534660633059002466
0.9017151865369249508 0.428040947438678987 0.06075088217035719274 93.49016789414156392 -0.4303807978556908886 0.9020724500762590248 0.03221278706529494967 -35.03394465129780855 -0.04101330522863896183 -0.05519277243637207148 0.9976330320638994165 -1.574105524353609731
0.9016566566352892664 0.4283412677789115719 0.05948976267246957467 94.3857272014663522 -0.4306701098058217658 0.9018805881204812191 0.03368473380177369053 -35.47013933238114447 -0.03922410056474780887 -0.05599252708183172916 0.997660416597690225 -1.620905932828973883
0.9016974983603033289 0.4285320669507786673 0.05746206614510242228 95.28021202930126776 -0.4308182587615939085 0.9017370336968538735 0.0355801907980746665 -35.90906355085046187 -0.03656842037057505407 -0.05683827631528277219 0.9977134663705349293 -1.665970179813752949
0.9016236101645986878 0.4289416324359492938 0.05553324731130575287 96.18018857950548295 -0.4310819304723977341 0.9016517763111862038 0.03453177515091594707 -36.3430619508613475 -0.03525953507842220086 -0.05507404323331979712 0.9978595166394856886 -1.717454116958356813
0.9011964223284159026 0.4294593541650932877 0.05839239250591159863 97.08259205756812094 -0.4318373875468270451 0.9012078979088872233 0.03661687402518472301 -36.77892637470964843 -0.03689822623372284588 -0.05821501410070855503 0.9976219389298028872 -1.756603990201929033
0.9009818333406508506 0.4298367555262715412 0.05892452451032619692 97.98591931717439252 -0.4320821955244585344 0.9012538388302775427 0.03234956420806402166 -37.21662781909351736 -0.03920092219429723718 -0.05460660758860912817 0.9977381450595042001 -1.800828202170448034
