0.000000000000 387072 1.000000000000 0.000000000000 0.000000000000 0.000000000000 0.000000000000 1.000000000000 0.000000000000 0.000000000000 0.000000000000 0.000000000000 1.000000000000 0.000000000000 0.000000000000 0.000000000000 0.000000000000 1.000000000000 0.000000000000 0.000000000000 0.000000000000 0.000000000000 0.000000000000 0.000000000000
0.000000000000 10387072 0.999999995924 0.000090227037 -0.000003266742 -0.000009760403 -0.000090227085 0.999999995819 -0.000014900249 -0.000003070320 0.000003265397 0.000014900543 0.999999999884 -0.000006838178 0.000000000000 0.000000000000 0.000000000000 1.000000000000 -0.001881975572 -0.000591968500 -0.001318231508 0.002872495194 -0.000629600939 -0.017393939887
0.000000000000 20387072 0.999999943865 0.000334849010 -0.000012129018 -0.000036239673 -0.000334849680 0.999999942409 -0.000055296194 -0.000011388725 0.000012110502 0.000055300252 0.999999998398 -0.000025377239 0.000000000000 0.000000000000 0.000000000000 1.000000000000 -0.003343473609 -0.001050773988 -0.002340085366 0.005099486504 -0.001117524269 -0.030879045845
0.000000000000 30387072 0.999999758325 0.000694777032 -0.000025184153 -0.000075235701 -0.000694779917 0.999999752059 -0.000114729701 -0.000023613265 0.000025104435 0.000114747171 0.999999993101 -0.000052654222 0.000000000000 0.000000000000 0.000000000000 1.000000000000 -0.004384494074 -0.001376415831 -0.003065561597 0.006680973982 -0.001463769993 -0.040455317865
0.000000000000 40387072 0.999999359666 0.001130922193 -0.000041028501 -0.000122546187 -0.001130929836 0.999999343062 -0.000186742841 -0.000038402669 0.000040817283 0.000186789121 0.999999981722 -0.000085706106 0.000000000000 0.000000000000 0.000000000000 1.000000000000 -0.005005036903 -0.001568892977 -0.003494660237 0.007616957709 -0.001668338118 -0.046122755934
0.000000000000 50387072 0.999998711580 0.001604195809 -0.000058251271 -0.000173967473 -0.001604211185 0.999998678172 -0.000264879243 -0.000054420863 0.000057826276 0.000264972349 0.999999963223 -0.000121569460 0.000000000000 0.000000000000 0.000000000000 1.000000000000 -0.005205102007 -0.001628203949 -0.003627381339 0.007907437802 -0.001731228653 -0.047881360031
0.000000000000 60387072 0.999997843283 0.002075509620 -0.000075430865 -0.000225293855 -0.002075535353 0.999997787358 -0.000342684918 -0.000070339654 0.000074719452 0.000342840738 0.999999938439 -0.000157280229 0.000000000000 0.000000000000 0.000000000000 1.000000000000 -0.004984689274 -0.001554346851 -0.003463724971 0.007552414411 -0.001652441609 -0.045731130132
0.000000000000 70387072 0.999996856386 0.002505775921 -0.000091133750 -0.000272317381 -0.002505813419 0.999996774867 -0.000413708509 -0.000084839581 0.000090096795 0.000413935572 0.999999910270 -0.000189873671 0.000000000000 0.000000000000 0.000000000000 1.000000000000 -0.004343798560 -0.001347319366 -0.003003691215 0.006551887719 -0.001431977000 -0.039672066206
0.000000000000 80387072 0.999995916488 0.002855907568 -0.000103915845 -0.000310828123 -0.002855956262 0.999995810592 -0.000471501003 -0.000096608923 0.000102568847 0.000471795856 0.999999883444 -0.000216384437 0.000000000000 0.000000000000 0.000000000000 1.000000000000 -0.003282429703 -0.001007118753 -0.002247280169 0.004905857942 -0.001069834843 -0.029704168217
0.000000000000 90387072 0.999995229458 0.003086817831 -0.000112326436 -0.000336614917 -0.003086874693 0.999995105737 -0.000509614866 -0.000104340883 0.000110752798 0.000509959172 0.999999863838 -0.000233846796 0.000000000000 0.000000000000 0.000000000000 1.000000000000 -0.001800582511 -0.000533741852 -0.001194491945 0.002614325330 -0.000566015158 -0.015827436122
0.000000000000 100387072 0.999994978322 0.003167048153 -0.000114614787 -0.000387914898 -0.003167107673 0.999994847987 -0.000522903740 -0.000107319842 0.000112958135 0.000523264112 0.999999856718 -0.000243078359 0.000000000000 0.000000000000 0.000000000000 1.000000000000 -0.075897207698 -0.000984550875 -0.006600449587 0.002006531654 0.000619584271 -0.011690182258
0.000000000000 110387071 0.999992873935 0.003774243776 -0.000084634737 -0.004498784991 -0.003774296098 0.999992680865 -0.000626821557 -0.000153062213 0.000082268340 0.000627136527 0.999999799966 -0.000582497286 0.000000000000 0.000000000000 0.000000000000 1.000000000000 -0.742708031898 -0.007899626882 -0.059439674683 0.018421937886 0.005138056851 -0.107744753493
0.000000000000 120387071 0.999986050153 0.005281961574 -0.000019505145 -0.015171518868 -0.005281976752 0.999985659654 -0.000883859740 -0.000237331315 0.000014836352 0.000883950436 0.999999609206 -0.001394097052 0.000000000000 0.000000000000 0.000000000000 1.000000000000 -1.388215103879 -0.011379249370 -0.101140378577 0.032633749546 0.007807500223 -0.191790609257
0.000000000000 130387072 0.999971344456 0.007570102605 0.000061746670 -0.032193221997 -0.007570017947 0.999970537836 -0.001272119289 -0.000299078132 -0.000071374925 0.001271615413 0.999999188950 -0.002565681788 0.000000000000 0.000000000000 0.000000000000 1.000000000000 -2.012415019026 -0.011328463782 -0.131683545903 0.044639974429 0.008628152245 -0.263828075130
0.000000000000 140387072 0.999944668866 0.010518537070 0.000139944519 -0.055350702957 -0.010518273063 0.999943115513 -0.001769652231 -0.000266470047 -0.000158550711 0.001768082339 0.999998424372 -0.003985218891 0.000000000000 0.000000000000 0.000000000000 1.000000000000 -2.615301723341 -0.007593415255 -0.151038302056 0.054437386418 0.007600407990 -0.323857669335
0.000000000000 150387072 0.999901876731 0.014007088437 0.000195915125 -0.084430238679 -0.014006588669 0.999899131075 -0.002354389488 -0.000061508554 -0.000228873505 0.002351414365 0.999997209230 -0.005541390621 0.000000000000 0.000000000000 0.000000000000 1.000000000000 -3.196866323666 0.000038602644 -0.159161855806 0.062021532260 0.004724830383 -0.371880135591
0.000000000000 160387072 0.999839481901 0.017915526071 0.000210614051 -0.119217418510 -0.017914813026 0.999835003842 -0.003004091775 0.000395632353 -0.000264399185 0.002999836453 0.999995465527 -0.007124118832 0.000000000000 0.000000000000 0.000000000000 1.000000000000 -3.757096296795 0.011839085470 -0.155999413761 0.067386728131 0.000002161380 -0.407896413389
0.000000000000 170387072 0.999755230189 0.022123571365 0.000165225740 -0.159497112855 -0.022122809953 0.999748427589 -0.003696324323 0.001182547952 -0.000246960069 0.003691764316 0.999993154920 -0.008625068112 0.000000000000 0.000000000000 0.000000000000 1.000000000000 -4.295975056897 0.028138246284 -0.141484123381 0.070526062674 -0.006566666944 -0.431907646841
0.000000000000 180387072 0.999648523059 0.026510915590 0.000041237258 -0.205053568214 -0.026510476270 0.999638814858 -0.004408455112 0.002370826214 -0.000158094545 0.004405812422 0.999990281864 -0.009938128287 0.000000000000 0.000000000000 0.000000000000 1.000000000000 -4.813481587939 0.049324941643 -0.115537037612 0.071431398652 -0.014980524038 -0.443915186795
0.000000000000 190387072 0.999520693438 0.030957247346 -0.000179514710 -0.255670630767 -0.030957760705 0.999507591988 -0.005117676208 0.004022554529 0.000020997148 0.005120780646 0.999986888496 -0.010959876259 0.000000000000 0.000000000000 0.000000000000 1.000000000000 -5.309590289956 0.075846602788 -0.078067118013 0.070093374312 -0.025238076844 -0.443920594327
0.000000000000 200387072 0.999375141556 0.035342090274 -0.000512928519 -0.311108026624 -0.035344473853 0.999358353295 -0.005800850521 0.006187418440 0.000307585217 0.005815354999 0.999983043375 -0.011593584607 0.000000000000 0.000000000000 0.000000000000 1.000000000000 -5.741385041042 0.108851674783 -0.036385817565 0.066156549828 -0.033965098177 -0.431583398676
0.000000000000 210387072 0.999217173554 0.039552533762 -0.000798214903 -0.368881821420 -0.039556853509 0.999196676348 -0.006423185819 0.008904151106 0.000543520405 0.006449732449 0.999979052549 -0.012090377103 0.000000000000 0.000000000000 0.000000000000 1.000000000000 -5.818482077775 0.145336590229 -0.045667203725 0.059040071956 -0.018407033049 -0.411522614491
0.000000000000 220387072 0.999050131275 0.043565417961 -0.000943163816 -0.427363242788 -0.043570952172 0.999025961602 -0.006978550844 0.012112261226 0.000638221654 0.007013016682 0.999975204828 -0.012615049858 0.000000000000 0.000000000000 0.000000000000 1.000000000000 -5.884682148905 0.173949765556 -0.050389494476 0.052905783755 -0.005667158914 -0.392017748233
0.000000000000 230387072 0.998876161835 0.047386302090 -0.000975547030 -0.486442683968 -0.047392286185 0.998848367667 -0.007477273493 0.015714728309 0.000620103218 0.007515103652 0.999971568940 -0.013117670085 0.000000000000 0.000000000000 0.000000000000 1.000000000000 -5.940020291938 0.194611838970 -0.050392339223 0.047742413273 0.004250944769 -0.373070266662
0.000000000000 240387072 0.998697169109 0.051020701876 -0.000923252254 -0.546011387451 -0.051026430923 0.998665824005 -0.007929395434 0.019613954502 0.000517457152 0.007966175040 0.999968135639 -0.013551496100 0.000000000000 0.000000000000 0.000000000000 1.000000000000 -5.984530184432 0.207245414086 -0.045514452020 0.043539149960 0.011343912406 -0.354681588682
0.000000000000 250387072 0.998514851864 0.054474100000 -0.000814270711 -0.605961335867 -0.054479006157 0.998480046800 -0.008344700726 0.023711899619 0.000358462996 0.008376668268 0.999964850849 -0.013873071578 0.000000000000 0.000000000000 0.000000000000 1.000000000000 -6.018244012632 0.211775059838 -0.035593571685 0.040285647499 0.015608582073 -0.336853080601
0.000000000000 260387072 0.998330733723 0.057751954089 -0.000676685728 -0.666185160435 -0.057755664624 0.998292553514 -0.008732743089 0.027910203915 0.000171197346 0.008757248249 0.999961639912 -0.014042297629 0.000000000000 0.000000000000 0.000000000000 1.000000000000 -6.041192373027 0.208127300395 -0.020466442652 0.037972026571 0.017041986232 -0.319586053833
0.000000000000 270387072 0.998146184936 0.060859702112 -0.000538662237 -0.726576066161 -0.060862083686 0.998104676121 -0.009102871762 0.032110299225 -0.000016356766 0.009118780827 0.999958422920 -0.014022483058 0.000000000000 0.000000000000 0.000000000000 1.000000000000 -6.053404207221 0.196230595192 0.000031184829 0.036588877566 0.015641343335 -0.302881764885
0.000000000000 280387072 0.997962435973 0.063802765053 -0.000428437121 -0.787027772954 -0.063803959947 0.997917573026 -0.009464255919 0.036213509076 -0.000176300765 0.009472307877 0.999955121144 -0.013780373066 0.000000000000 0.000000000000 0.000000000000 1.000000000000 -6.054906770499 0.176015309097 0.026064536526 0.036127263234 0.011404050276 -0.286741417429
0.000000000000 290387072 0.997780582933 0.066586546786 -0.000374310360 -0.847434471716 -0.066587006735 0.997732239668 -0.009825907608 0.040121138343 -0.000280811743 0.009829024027 0.999951654547 -0.013286156614 0.000000000000 0.000000000000 0.000000000000 1.000000000000 -6.045725634449 0.147413672758 0.057799779514 0.036578721300 0.004327675662 -0.271166166308
0.000000000000 300387072 0.997601641090 0.069215626480 -0.000403417954 -0.907694693184 -0.069216137512 0.997549577717 -0.010196386859 0.043736127801 -0.000303319895 0.010199855297 0.999947934119 -0.012516248083 0.000000000000 0.000000000000 0.000000000000 1.000000000000 -6.033031666599 0.114674657037 0.088216724272 0.037346691256 -0.003342932136 -0.254643656417
0.000000000000 310387072 0.997432059909 0.071617822927 -0.000416299733 -0.968117148005 -0.071618223832 0.997376314064 -0.010550742112 0.047137873985 -0.000340413687 0.010553463086 0.999944252714 -0.011724642128 0.000000000000 0.000000000000 0.000000000000 1.000000000000 -6.072710751583 0.113170948999 0.065661212284 0.033763337184 0.005531924717 -0.227478972917
0.000000000000 320387072 0.997275653262 0.073764165384 -0.000345422707 -1.028923996168 -0.073763556091 0.997216511604 -0.010870454294 0.050406983978 -0.000457388761 0.010866319014 0.999940855204 -0.011042283803 0.000000000000 0.000000000000 0.000000000000 1.000000000000 -6.108827991313 0.110351805486 0.050010347553 0.030383289513 0.013021689694 -0.203238246811
0.000000000000 330387072 0.997131845724 0.075683818167 -0.000204720106 -1.090079850882 -0.075681386183 0.997069623621 -0.011157662728 0.053529976051 -0.000640334318 0.011141154331 0.999937730387 -0.010404566676 0.000000000000 0.000000000000 0.000000000000 1.000000000000 -6.141388733455 0.106029312656 0.041347383607 0.027203295391 0.019126873261 -0.181921941545
0.000000000000 340387072 0.996999661757 0.077405906686 -0.000008173284 -1.151549051762 -0.077400956980 0.996934703559 -0.011414407476 0.056496503599 -0.000875394329 0.011380793013 0.999934853496 -0.009748483569 0.000000000000 0.000000000000 0.000000000000 1.000000000000 -6.170398086812 0.100015509621 0.039755745605 0.024220219632 0.023847944239 -0.163530487850
0.000000000000 350387072 0.996877796282 0.078959523107 0.000230195258 -1.213295656555 -0.078951501765 0.996810467938 -0.011642653374 0.059299452123 -0.001148759401 0.011588128377 0.999932195518 -0.009012660164 0.000000000000 0.000000000000 0.000000000000 1.000000000000 -6.195860724391 0.092122397117 0.045319057715 0.021431044190 0.027185326808 -0.148064283049
0.000000000000 360387072 0.996764674787 0.080373731748 0.000496328132 -1.275283445772 -0.080362244079 0.996695350670 -0.011844310031 0.061935024546 -0.001446659339 0.011766103794 0.999929730520 -0.008137384194 0.000000000000 0.000000000000 0.000000000000 1.000000000000 -6.217780730910 0.082161944881 0.058121167428 0.018832867815 0.029139398230 -0.135523690662
0.000000000000 370387072 0.996658502957 0.081677573981 0.000776138654 -1.337475939011 -0.081662397750 0.996587548786 -0.012021247754 0.064402814796 -0.001755356471 0.011917697447 0.999927440973 -0.007064630131 0.000000000000 0.000000000000 0.000000000000 1.000000000000 -6.236161494755 0.069946097882 0.078246166805 0.016422905857 0.029710487269 -0.125909040303
0.000000000000 380387072 0.996557305864 0.082900072471 0.001055515833 -1.399836421681 -0.082881166933 0.996485059602 -0.012175309389 0.066705869627 -0.002061139789 0.012045911139 0.999925321075 -0.005738079242 0.000000000000 0.000000000000 0.000000000000 1.000000000000 -6.251005644416 0.055286781415 0.105778410734 0.014198490219 0.028898873246 -0.119220627838
0.000000000000 390387072 0.996458956700 0.084070234596 0.001320328790 -1.462327980782 -0.084047746010 0.996385709300 -0.012308318054 0.068850738611 -0.002350319924 0.012153763108 0.999923378084 -0.004103134922 0.000000000000 0.000000000000 0.000000000000 1.000000000000 -6.262315029413 0.037995905011 0.140802532254 0.012157069414 0.026704785710 -0.115458715795
0.000000000000 400387072 0.996361258978 0.085216300015 0.001556861817 -1.524915105685 -0.085190559920 0.996287241864 -0.012421763105 0.070847900711 -0.002609618257 0.012243933596 0.999921634921 -0.002111252671 0.000000000000 0.000000000000 0.000000000000 1.000000000000 -6.272758047013 0.020635301482 0.174644115710 0.009736881271 0.023877412301 -0.113266407222
0.000000000000 410387072 0.996268305957 0.086291643904 0.001792968868 -1.587711564563 -0.086262743113 0.996194136990 -0.012489218476 0.072738575913 -0.002863860267 0.012287946121 0.999920399174 -0.000117653258 0.000000000000 0.000000000000 0.000000000000 1.000000000000 -6.301642867432 0.022148955609 0.146496185438 0.003565660210 0.025903074592 -0.102127224862
0.000000000000 420387072 0.996183471842 0.087259961957 0.002046819134 -1.650793638168 -0.087227839153 0.996109959240 -0.012500127152 0.074524793415 -0.003129617544 0.012273880455 0.999919775458 0.001664385683 0.000000000000 0.000000000000 0.000000000000 1.000000000000 -6.328789946640 0.021024930790 0.124691019292 -0.001585113673 0.027165701426 -0.091756520043
0.000000000000 430387072 0.996106404971 0.088128828881 0.002310734789 -1.714143876745 -0.088093527109 0.996034217601 -0.012464664057 0.076179743497 -0.003400067164 0.012212570926 0.999919643099 0.003288396423 0.000000000000 0.000000000000 0.000000000000 1.000000000000 -6.354199375322 0.017214309555 0.109276139586 -0.005716385417 0.027664312469 -0.082154570997
0.000000000000 440387072 0.996036703289 0.088905819520 0.002577005468 -1.777744805333 -0.088867476606 0.995966357555 -0.012392990757 0.077677419438 -0.003668419749 0.012114861685 0.999919883202 0.004806996782 0.000000000000 0.000000000000 0.000000000000 1.000000000000 -6.377871099044 0.010668233114 0.100299485128 -0.008829031798 0.027397994585 -0.073321629045
0.000000000000 450387072 0.995973921914 0.089598511263 0.002837894733 -1.841578911366 -0.089557346817 0.995905772765 -0.012295259418 0.078992653770 -0.003927912686 0.011991603421 0.999920383305 0.006271876352 0.000000000000 0.000000000000 0.000000000000 1.000000000000 -6.399804897164 0.001337909381 0.097809419881 -0.010923860919 0.026365901412 -0.065257918461
0.000000000000 460387072 0.995917579609 0.090214485622 0.003085645766 -1.905628638390 -0.090170786154 0.995851815057 -0.012181616171 0.080101147677 -0.004171804174 0.011853650589 0.999921040392 0.007733781565 0.000000000000 0.000000000000 0.000000000000 1.000000000000 -6.420000366280 -0.010825382483 0.101854738005 -0.012001611861 0.024567253022 -0.057963636446
0.000000000000 470387072 0.995867164134 0.090761328955 0.003312486278 -1.969876385794 -0.090715432622 0.995803802725 -0.012062203891 0.080979493671 -0.004393368087 0.011711859157 0.999921762275 0.009242499719 0.000000000000 0.000000000000 0.000000000000 1.000000000000 -6.438456908298 -0.025870291001 0.112484665320 -0.012062954399 0.022001335681 -0.051438953210
0.000000000000 480387072 0.995822136502 0.091246632322 0.003510632637 -2.034304514381 -0.091198914838 0.995761027153 -0.011947164371 0.081605191642 -0.004585889675 0.011577084862 0.999922467355 0.010846842053 0.000000000000 0.000000000000 0.000000000000 1.000000000000 -6.455173723230 -0.043845394839 0.129748857259 -0.011108488773 0.018667501676 -0.045684012138
0.000000000000 490387072 0.995781934123 0.091677990476 0.003672293221 -2.098895357660 -0.091628853707 0.995722757745 -0.011846639901 0.081956658414 -0.004742662074 0.011460181975 0.999923082735 0.012594626004 0.000000000000 0.000000000000 0.000000000000 1.000000000000 -6.470149806795 -0.064799208788 0.153697393365 -0.009138745511 0.014565169216 -0.040698930030
0.000000000000 500387072 0.995746066509 0.092061973304 0.003790000383 -2.163632226059 -0.092011835115 0.995688342077 -0.011770626575 0.082012857446 -0.004857286307 0.011371830222 0.999923541201 0.014528658623 0.000000000000 0.000000000000 0.000000000000 1.000000000000 -6.484997184700 -0.085470987685 0.176085720046 -0.006411150698 0.010259087561 -0.034648721659
0.000000000000 510387072 0.995722563861 0.092311713843 0.003888869492 -2.228592676493 -0.092260719415 0.995665982263 -0.011713727744 0.081724487257 -0.004953329346 0.011304833124 0.999923829737 0.016324374554 0.000000000000 0.000000000000 0.000000000000 1.000000000000 -6.511375229841 -0.082016116903 0.140652314986 -0.005119172858 0.010118302998 -0.015629106606
0.000000000000 520387072 0.995715616141 0.092382359496 0.003988912945 -2.293827829589 -0.092330449877 0.995660028202 -0.011670315560 0.081074482384 -0.005049732463 0.011252017321 0.999923943262 0.017812288953 0.000000000000 0.000000000000 0.000000000000 1.000000000000 -6.537015835367 -0.079725915181 0.113387448562 -0.003576948794 0.010070812354 0.001322201290
0.000000000000 530387072 0.995723348633 0.092294519324 0.004090805416 -2.359328438770 -0.092241609495 0.995668583139 -0.011642938935 0.080075100119 -0.005147665885 0.011215803668 0.999923850743 0.019076330119 0.000000000000 0.000000000000 0.000000000000 1.000000000000 -6.561916843555 -0.078734707562 0.094285242291 -0.001784680699 0.010116508008 0.016205172746
0.000000000000 540387072 0.995743810855 0.092068795924 0.004195230692 -2.425085107056 -0.092014773786 0.995689674526 -0.011634150066 0.078741185053 -0.005248290071 0.011198609720 0.999923520371 0.020200523383 0.000000000000 0.000000000000 0.000000000000 1.000000000000 -6.586075911531 -0.079177421025 0.083339789354 0.000257414420 0.010255356642 0.029019780066
0.000000000000 550387072 0.995775007195 0.091725788377 0.004302881791 -2.491088337012 -0.091670513530 0.995721284241 -0.011646504146 0.077090197775 -0.005352755757 0.011202850366 0.999922919104 0.021268989700 0.000000000000 0.000000000000 0.000000000000 1.000000000000 -6.609490423011 -0.081189582166 0.080545141064 0.002549104761 0.010487399097 0.039765997142
0.000000000000 560387072 0.995814923281 0.091286094834 0.004414460538 -2.557328577589 -0.091229397092 0.995761374485 -0.011682559209 0.075142239599 -0.005462204500 0.011230938229 0.999922012133 0.022365944914 0.000000000000 0.000000000000 0.000000000000 1.000000000000 -6.632157418244 -0.084907315054 0.085895290892 0.005090143689 0.010812750254 0.048443799457
0.000000000000 570387072 0.995861548076 0.090770314715 0.004530676628 -2.623796267245 -0.090711992311 0.995807909356 -0.011744876114 0.072920073233 -0.005577769722 0.011285283805 0.999920762288 0.023575699774 0.000000000000 0.000000000000 0.000000000000 1.000000000000 -6.654073542416 -0.090467339230 0.099384156044 0.007880269672 0.011231598943 0.055053164102
0.000000000000 580387072 0.995912891720 0.090199050499 0.004652246148 -2.690481872710 -0.090138867936 0.995858872104 -0.011836018669 0.070449139378 -0.005700578247 0.011368295378 0.999919129364 0.024982660781 0.000000000000 0.000000000000 0.000000000000 1.000000000000 -6.675235012672 -0.098006968024 0.121005556558 0.010919206197 0.011744207871 0.059594069809
0.000000000000 590387072 0.995966999098 0.089592909109 0.004779889575 -2.757375922772 -0.089530594612 0.995912278073 -0.011958553899 0.067757569215 -0.005831752348 0.011482378684 0.999917069383 0.026671331939 0.000000000000 0.000000000000 0.000000000000 1.000000000000 -6.695637604017 -0.107664107189 0.150753191913 0.014206661692 0.012350913592 0.062066496994
0.000000000000 600387072 0.996021957103 0.088972513399 0.004914552764 -2.824470209955 -0.088907754678 0.995966185255 -0.012114825111 0.064878362614 -0.005972614808 0.011629689965 0.999914535440 0.028722556887 0.000000000000 0.000000000000 0.000000000000 1.000000000000 -6.717386233178 -0.115740323936 0.180776397831 0.017334325315 0.013450191299 0.062457709921
0.000000000000 610387072 0.996075852895 0.088357962267 0.005076000673 -2.891864004633 -0.088290318045 0.996019027325 -0.012284825850 0.062051994996 -0.006141255432 0.011788456672 0.999911654733 0.030848561551 0.000000000000 0.000000000000 0.000000000000 1.000000000000 -6.753950214542 -0.094967380766 0.155152690880 0.017269621425 0.017149740585 0.061086346157
0.000000000000 620387072 0.996127353227 0.087764091064 0.005268820737 -2.959604564859 -0.087693139067 0.996069686121 -0.012453664190 0.059445037763 -0.006341097136 0.011943396118 0.999908568708 0.032848873335 0.000000000000 0.000000000000 0.000000000000 1.000000000000 -6.787586113342 -0.075395248887 0.135244935974 0.017102900345 0.019754820895 0.058378765369
0.000000000000 630387072 0.996175383756 0.087204091830 0.005481894509 -3.027662318122 -0.087129535787 0.996117046257 -0.012620386311 0.057087660549 -0.006561157893 0.012094483253 0.999905332860 0.034752574494 0.000000000000 0.000000000000 0.000000000000 1.000000000000 -6.818289369354 -0.057113802950 0.121126375934 0.016834569146 0.021265601295 0.054334798253
0.000000000000 640387072 0.996218905090 0.086691155277 0.005704098275 -3.096007804284 -0.086612832771 0.996160019798 -0.012784058671 0.055011908018 -0.006790459466 0.012241672822 0.999902010752 0.036587282627 0.000000000000 0.000000000000 0.000000000000 1.000000000000 -6.846055710512 -0.040213444326 0.112870531405 0.016464970307 0.021682251749 0.048954279888
0.000000000000 650387072 0.996256909052 0.086238470500 0.005924303441 -3.164611646263 -0.086156360532 0.996197540873 -0.012943766754 0.053251714376 -0.007018027167 0.012384900635 0.999898675632 0.038379130619 0.000000000000 0.000000000000 0.000000000000 1.000000000000 -6.870881174418 -0.024785101247 0.110551201765 0.015994381747 0.021004943019 0.042237049729
0.000000000000 660387072 0.996288411945 0.085859224552 0.006131377036 -3.233444519171 -0.085773454711 0.996228558526 -0.013098612314 0.051842914249 -0.007232889602 0.012524086271 0.999895410816 0.040152749462 0.000000000000 0.000000000000 0.000000000000 1.000000000000 -6.892762143461 -0.010920228565 0.114242467114 0.015423016901 0.019233846562 0.034182951618
0.000000000000 670387072 0.996312444839 0.085566601902 0.006314182314 -3.302477117396 -0.085477455037 0.996252027794 -0.013247709137 0.050823249885 -0.007424078388 0.012659137244 0.999892308853 0.041931253942 0.000000000000 0.000000000000 0.000000000000 1.000000000000 -6.911695393674 0.001289192880 0.124018691282 0.014751024805 0.016369134417 0.024791833813
0.000000000000 680387072 0.996328040877 0.085373783758 0.006461579464 -3.371680119139 -0.085281704040 0.996266899032 -0.013390177310 0.050232374671 -0.007580627838 0.012789954618 0.999889469463 0.043736231142 0.000000000000 0.000000000000 0.000000000000 1.000000000000 -6.927678157437 0.011750657307 0.139954525826 0.013978490224 0.012410979097 0.014063549033
0.000000000000 690387072 0.996334219586 0.085293947271 0.006562426417 -3.441024147907 -0.085199545547 0.996272105469 -0.013525135999 0.050111852909 -0.007691574620 0.012916440072 0.999886996243 0.045587731766 0.000000000000 0.000000000000 0.000000000000 1.000000000000 -6.940708200144 0.020371135503 0.162124914938 0.013105433794 0.007359553507 0.001997954489
0.000000000000 700387072 0.996330016961 0.085339641895 0.006606271553 -3.510481949190 -0.085243692218 0.996266604698 -0.013651567681 0.050504432674 -0.007746627627 0.013038323680 0.999884989324 0.047503161309 0.000000000000 0.000000000000 0.000000000000 1.000000000000 -6.954702899207 0.029694844693 0.184427480119 0.011915500192 0.002422817983 -0.010281063902
0.000000000000 710387072 0.996319248470 0.085462086602 0.006647321426 -3.580229641935 -0.085364768723 0.996254781142 -0.013757445729 0.051368308096 -0.007798165771 0.013139360933 0.999883266089 0.049396470293 0.000000000000 0.000000000000 0.000000000000 1.000000000000 -6.995814033896 0.056665335157 0.163544681537 0.009149335671 0.005977654765 -0.014119705965
0.000000000000 720387072 0.996305109518 0.085621162439 0.006719024536 -3.650364290288 -0.085522262816 0.996240166542 -0.013837381654 0.052623851973 -0.007878534825 0.013211627862 0.999881683790 0.051217053463 0.000000000000 0.000000000000 0.000000000000 1.000000000000 -7.032827016501 0.079815279686 0.147017165309 0.006676489128 0.008656779735 -0.017552053730
0.000000000000 730387072 0.996287993831 0.085812707435 0.006812678678 -3.720845321436 -0.085712104457 0.996223059292 -0.013894289613 0.054223130640 -0.007979254204 0.013258784898 0.999880260894 0.052981008864 0.000000000000 0.000000000000 0.000000000000 1.000000000000 -7.065740494729 0.099172624041 0.134905566165 0.004496851615 0.010460114321 -0.020578197966
0.000000000000 740387072 0.996268296404 0.086032557471 0.006919583467 -3.791632191354 -0.085930225642 0.996203754897 -0.013931082192 0.056117642324 -0.008091841661 0.013284494153 0.999879014838 0.054703197350 0.000000000000 0.000000000000 0.000000000000 1.000000000000 -7.094553163490 0.114765371773 0.127270769256 0.002610294979 0.011387579970 -0.023198215632
0.000000000000 750387072 0.996246416203 0.086276547719 0.007031039458 -3.862684395451 -0.086172559356 0.996182547958 -0.013950668733 0.058258306863 -0.008207814339 0.013292421064 0.999877964217 0.056397234587 0.000000000000 0.000000000000 0.000000000000 1.000000000000 -7.119263758071 0.126621589861 0.124173907611 0.001016671841 0.011439098161 -0.025412169860
0.000000000000 760387072 0.996222757959 0.086540513754 0.007138347378 -3.933961478605 -0.086435038766 0.996159733889 -0.013955954018 0.060595456541 -0.008318689655 0.013286235669 0.999877130124 0.058075485213 0.000000000000 0.000000000000 0.000000000000 1.000000000000 -7.139871051563 0.134769413220 0.125676360167 -0.000284184404 0.010614590412 -0.027220109950
0.000000000000 770387072 0.996197733051 0.086820292331 0.007232807478 -4.005423044427 -0.086713596647 0.996135610344 -0.013949837298 0.063078828083 -0.008415986043 0.013269613543 0.999876536646 0.059749059124 0.000000000000 0.000000000000 0.000000000000 1.000000000000 -7.156373856547 0.139237048066 0.131839750374 -0.001292459592 0.008913978296 -0.028622071375
0.000000000000 780387072 0.996171759482 0.087111721832 0.007305719003 -4.077028763605 -0.087004165036 0.996110478382 -0.013935211685 0.065657555842 -0.008491223535 0.013246236361 0.999876210511 0.061427809865 0.000000000000 0.000000000000 0.000000000000 1.000000000000 -7.168771031112 0.140052774107 0.142725945354 -0.002008358786 0.006337183449 -0.029618075795
0.000000000000 790387072 0.996145260951 0.087410642371 0.007348379778 -4.148738381165 -0.087302675122 0.996084643339 -0.013914963889 0.068280166223 -0.008535924182 0.013219792122 0.999876179882 0.063120335092 0.000000000000 0.000000000000 0.000000000000 1.000000000000 -7.177061489197 0.137244945543 0.158397055616 -0.002432106270 0.002884127583 -0.030208131087
0.000000000000 800387072 0.996118694008 0.087712534834 0.007352460809 -4.220513723841 -0.087604691984 0.996058448041 -0.013891941152 0.070893989422 -0.008541978075 0.013193912213 0.999876470016 0.064832133674 0.000000000000 0.000000000000 0.000000000000 1.000000000000 -7.184670970315 0.132491582461 0.173090693962 -0.002616172927 -0.000810721158 -0.029765915544
0.000000000000 810387072 0.996094888286 0.087983200659 0.007343700183 -4.292495480709 -0.087875678091 0.996034938145 -0.013866044674 0.073403224236 -0.008534560948 0.013166563587 0.999876893859 0.066414019038 0.000000000000 0.000000000000 0.000000000000 1.000000000000 -7.215181844657 0.137250810691 0.148786272980 -0.002919450232 -0.000225597035 -0.024673974985
0.000000000000 820387072 0.996075248003 0.088205556102 0.007340312528 -4.364774384453 -0.088098303481 0.996015660877 -0.013838071063 0.075757231268 -0.008531660987 0.013137090985 0.999877306274 0.067798355138 0.000000000000 0.000000000000 0.000000000000 1.000000000000 -7.243570070692 0.139521462912 0.129634137013 -0.002960023075 0.000127968910 -0.020054023983
0.000000000000 830387072 0.996059408726 0.088384274302 0.007339914434 -4.437329260126 -0.088277249937 0.996000196881 -0.013810682734 0.077944591560 -0.008531203392 0.013108313017 0.999877687869 0.069027431242 0.000000000000 0.000000000000 0.000000000000 1.000000000000 -7.269836557099 0.139269461110 0.115650744305 -0.002737943033 0.000249904064 -0.015906055599
0.000000000000 840387072 0.996046996449 0.088524027688 0.007340121739 -4.510138900060 -0.088417198308 0.995988117569 -0.013786540721 0.079954520679 -0.008531114146 0.013083049477 0.999878019514 0.070143215084 0.000000000000 0.000000000000 0.000000000000 1.000000000000 -7.293982143684 0.136460644575 0.106852615801 -0.002253252664 0.000140147768 -0.012230063726
0.000000000000 850387072 0.996037629567 0.088629488154 0.007338550044 -4.583182064033 -0.088522828674 0.995978987015 -0.013768305217 0.081776880663 -0.008529319483 0.013064120883 0.999878282320 0.071187347236 0.000000000000 0.000000000000 0.000000000000 1.000000000000 -7.316007595097 0.131060769399 0.103256334437 -0.001505985497 -0.000201348691 -0.009026043093
0.000000000000 860387072 0.996030920585 0.088705327136 0.007332815089 -4.656437480963 -0.088598820547 0.995972363539 -0.013758635994 0.083402189876 -0.008523745483 0.013054348107 0.999878457493 0.072201135722 0.000000000000 0.000000000000 0.000000000000 1.000000000000 -7.335913595826 0.123035507703 0.104878543792 -0.000496166025 -0.000774622088 -0.006293989262
0.000000000000 870387072 0.996026477553 0.088756215607 0.007320533014 -4.729883852086 -0.088649853120 0.995967801005 -0.013760192715 0.084821630787 -0.008512317800 0.013056552104 0.999878526068 0.073225550933 0.000000000000 0.000000000000 0.000000000000 1.000000000000 -7.353700746506 0.112350446598 0.111735946105 0.000776190301 -0.001579697261 -0.004033898636
0.000000000000 880387072 0.996023905238 0.088786823993 0.007299320486 -4.803499855581 -0.088680605540 0.995964849820 -0.013775635130 0.086027055664 -0.008492961524 0.013073553739 0.999878468514 0.074301220834 0.000000000000 0.000000000000 0.000000000000 1.000000000000 -7.369369561541 0.098971086867 0.123845299660 0.002311077068 -0.002616587112 -0.002245768463
0.000000000000 890387072 0.996022806016 0.088801821998 0.007266794710 -4.877264152596 -0.088695757230 0.995963057644 -0.013807623161 0.087010990209 -0.008463601173 0.013108173706 0.999878264209 0.075468426500 0.000000000000 0.000000000000 0.000000000000 1.000000000000 -7.382920468053 0.082862841382 0.141223415547 0.004108496905 -0.003885292603 -0.000929596837
0.000000000000 900387072 0.996022833910 0.088805224013 0.007221254581 -4.951157146837 -0.088699327260 0.995962032423 -0.013858546679 0.087765842058 -0.008422806731 0.013162908513 0.999877889628 0.076766919750 0.000000000000 0.000000000000 0.000000000000 1.000000000000 -7.397121695420 0.067923677178 0.158362530719 0.005747868630 -0.004322969418 0.000969404546
0.000000000000 910387072 0.996027628589 0.088752330394 0.007210196785 -5.025292181980 -0.088646144703 0.995966042140 -0.013910569089 0.088224767692 -0.008415706579 0.013216154994 0.999877247031 0.078209251905 0.000000000000 0.000000000000 0.000000000000 1.000000000000 -7.428432909090 0.077009421439 0.141440080856 0.004795812817 0.001737759293 0.009474069980
0.000000000000 920387072 0.996039107316 0.088619834351 0.007254078628 -5.099733081286 -0.088512706619 0.995977297584 -0.013954334930 0.088344974706 -0.008461528479 0.013256985173 0.999876319792 0.079770369355 0.000000000000 0.000000000000 0.000000000000 1.000000000000 -7.457713770042 0.082486441123 0.127967602858 0.004213223558 0.006441102547 0.017097120341
0.000000000000 930387072 0.996056568225 0.088416338262 0.007339211395 -5.174459651141 -0.088307759165 0.995994939294 -0.013993590410 0.088123019262 -0.008547079431 0.013290298328 0.999875149908 0.081423879342 0.000000000000 0.000000000000 0.000000000000 1.000000000000 -7.484962557275 0.084289718534 0.118045577260 0.004000245148 0.009787149149 0.023838479383
0.000000000000 940387072 0.996079298361 0.088150442286 0.007451905906 -5.249451662277 -0.088040048855 0.996018097511 -0.014032078505 0.087556709659 -0.008659167070 0.013320996752 0.999873776969 0.083141400580 0.000000000000 0.000000000000 0.000000000000 1.000000000000 -7.510177307308 0.082354092353 0.111774776095 0.004157083846 0.011776010995 0.029698061365
0.000000000000 950387072 0.996106584043 0.087830746089 0.007578473927 -5.324688875244 -0.087718322296 0.996045898170 -0.014073545088 0.086645123737 -0.008784597834 0.013353979905 0.999872242870 0.084892535058 0.000000000000 0.000000000000 0.000000000000 1.000000000000 -7.533355783798 0.076614257535 0.109256262144 0.004684007826 0.012407823142 0.034675771021
0.000000000000 960387072 0.996137718671 0.087465849814 0.007705229231 -5.400151062459 -0.087351326338 0.996077467940 -0.014121743849 0.085388625593 -0.008910175549 0.013394139708 0.999870594524 0.086644842599 0.000000000000 0.000000000000 0.000000000000 1.000000000000 -7.554495460027 0.067004762672 0.110591386795 0.005581347145 0.011682743875 0.038771503557
0.000000000000 970387072 0.996172007962 0.087064354316 0.007818488344 -5.475818026408 -0.086947808652 0.996111938334 -0.014180440005 0.083788881699 -0.009022700432 0.013446356965 0.999868884585 0.088363818241 0.000000000000 0.000000000000 0.000000000000 1.000000000000 -7.573593514337 0.053460004888 0.115881786552 0.006849493712 0.009600954780 0.041985144670
0.000000000000 980387072 0.996208772637 0.086634860645 0.007904570942 -5.551669613518 -0.086516518731 0.996148448882 -0.014253412817 0.081848876515 -0.009108968516 0.013515498928 0.999867170169 0.090012872474 0.000000000000 0.000000000000 0.000000000000 1.000000000000 -7.590646838571 0.035914222202 0.125229378289 0.008488901281 0.006162660816 0.044316570599
0.000000000000 990387072 0.996247348535 0.086185968800 0.007949799922 -5.627685723274 -0.086066209312 0.996186149357 -0.014344456883 0.079572927668 -0.009155771486 0.013606417992 0.999865509575 0.091553314400 0.000000000000 0.000000000000 0.000000000000 1.000000000000 -7.605652059582 0.014301483378 0.138736353300 0.010500085453 0.001368090372 0.045765648234
0.000000000000 1000387072 0.996287087514 0.085726175561 0.007941163375 -5.703847862891 -0.085605530828 0.996224213252 -0.014457178900 0.076968360215 -0.009150537892 0.013723693154 0.999863954697 0.092945622352 0.000000000000 0.000000000000 0.000000000000 1.000000000000 -7.621370653092 -0.007529260222 0.152249090662 0.012533881378 -0.003640812795 0.046522545578
0.000000000000 1010387072 0.996327718133 0.085254053467 0.007926187442 -5.780273891029 -0.085132552124 0.996263001369 -0.014576716765 0.074190666507 -0.009139291481 0.013848410386 0.999862337965 0.094274549200 0.000000000000 0.000000000000 0.000000000000 1.000000000000 -7.655843694544 -0.001983402806 0.137378331595 0.012154912104 -0.000809152288 0.048136640755
0.000000000000 1020387072 0.996369099361 0.084768008329 0.007937417872 -5.857029203437 -0.084645317631 0.996302806143 -0.014693150608 0.071343302633 -0.009153580813 0.013967935981 0.999860544637 0.095622860366 0.000000000000 0.000000000000 0.000000000000 1.000000000000 -7.687771983886 0.002418332753 0.126393247503 0.011935646121 0.001548133973 0.049385690309
0.000000000000 1030387072 0.996410945815 0.084271615600 0.007970060479 -5.934088364401 -0.084147446057 0.996343278007 -0.014808095516 0.068433714557 -0.009188818316 0.014084288225 0.999858589223 0.097005734724 0.000000000000 0.000000000000 0.000000000000 1.000000000000 -7.717154313421 0.005648916162 0.119330070944 0.011876313333 0.003431167947 0.050269636541
0.000000000000 1040387072 0.996452977943 0.083768450065 0.008019321783 -6.011425976099 -0.083642557778 0.996384073288 -0.014923170761 0.065469917549 -0.009240415388 0.014199481360 0.999856484428 0.098437633428 0.000000000000 0.000000000000 0.000000000000 1.000000000000 -7.743989416916 0.007681213101 0.116225104557 0.011977140877 0.004840072957 0.050788419031
0.000000000000 1050387072 0.996494923221 0.083262086106 0.008080409112 -6.089016679947 -0.083134274697 0.996424854547 -0.015040000354 0.062460502462 -0.009303782278 0.014315525048 0.999854242066 0.099932290340 0.000000000000 0.000000000000 0.000000000000 1.000000000000 -7.768275966153 0.008487985005 0.117114720655 0.012238353115 0.005774973690 0.050941974620
0.000000000000 1060387072 0.996536517001 0.082756097850 0.008148530628 -6.166835158365 -0.082626220151 0.996465290751 -0.015160213433 0.059414640864 -0.009374328048 0.014434424005 0.999851873718 0.101502703797 0.000000000000 0.000000000000 0.000000000000 1.000000000000 -7.790012569295 0.008041888492 0.122035360585 0.012660171627 0.006235996204 0.050730237410
0.000000000000 1070387072 0.996577503008 0.082254059221 0.008218895305 -6.244856136906 -0.082122018891 0.996505057288 -0.015285444463 0.056342089037 -0.009447460591 0.014558177799 0.999849391132 0.103161129737 0.000000000000 0.000000000000 0.000000000000 1.000000000000 -7.809197771092 0.006315474448 0.131023533891 0.013242815218 0.006223267924 0.050153138753
0.000000000000 1080387072 0.996617633487 0.081759543871 0.008286712841 -6.323054386667 -0.081625297121 0.996543835817 -0.015417333275 0.053253190859 -0.009518586738 0.014688780805 0.999846806378 0.104919076184 0.000000000000 0.000000000000 0.000000000000 1.000000000000 -7.825830054938 0.003281186742 0.144115817247 0.013986499918 0.005736917629 0.049210607274
0.000000000000 1090387072 0.996656669000 0.081276125016 0.008347193509 -6.401404726934 -0.081139682607 0.996581313955 -0.015557524919 0.050158879592 -0.009583112416 0.014828222332 0.999844131742 0.106787299093 0.000000000000 0.000000000000 0.000000000000 1.000000000000 -7.839907846779 -0.001088639420 0.161348853190 0.014891439001 0.004777075449 0.047902568877
