0.000000000000 1810432 1.000000000000 0.000000000000 0.000000000000 0.000000000000 0.000000000000 1.000000000000 0.000000000000 0.000000000000 0.000000000000 0.000000000000 1.000000000000 0.000000000000 0.000000000000 0.000000000000 0.000000000000 1.000000000000 0.000000000000 0.000000000000 0.000000000000 0.000000000000 0.000000000000 0.000000000000
0.000000000000 11810432 0.999999998604 -0.000028800833 0.000044294761 -0.000003290665 0.000028802294 0.999999999041 -0.000032982382 0.000002174033 -0.000044293811 0.000032983658 0.999999998475 -0.000005881247 0.000000000000 0.000000000000 0.000000000000 1.000000000000 -0.000634284224 0.000418445156 -0.001132218268 0.006349429480 0.008526742862 0.005544431681
0.000000000000 21810432 0.999999980891 -0.000106561012 0.000163899073 -0.000012211569 0.000106581014 0.999999986874 -0.000122036364 0.000008042549 -0.000163886066 0.000122053831 0.999999979122 -0.000021761817 0.000000000000 0.000000000000 0.000000000000 1.000000000000 -0.001125670202 0.000738780718 -0.002000119131 0.011215811700 0.015060799840 0.009793577367
0.000000000000 31810432 0.999999918306 -0.000220312726 0.000338895787 -0.000025337035 0.000220398241 0.999999943880 -0.000252318417 0.000016625457 -0.000338840179 0.000252393089 0.999999910743 -0.000044996297 0.000000000000 0.000000000000 0.000000000000 1.000000000000 -0.001474157941 0.000961006260 -0.002603701943 0.014599146717 0.019602170957 0.012747436954
0.000000000000 41810432 0.999999785342 -0.000357089748 0.000549366711 -0.000041241034 0.000357314456 0.999999852528 -0.000408986394 0.000026942541 -0.000549220585 0.000409182603 0.999999765463 -0.000072939485 0.000000000000 0.000000000000 0.000000000000 1.000000000000 -0.001679747452 0.001085121072 -0.002942965626 0.016499434623 0.022150856257 0.014406010272
0.000000000000 51810432 0.999999572412 -0.000503934179 0.000775388228 -0.000058495690 0.000504381805 0.999999706216 -0.000577205419 0.000038013004 -0.000775097127 0.000577596264 0.999999532803 -0.000102947393 0.000000000000 0.000000000000 0.000000000000 1.000000000000 -0.001742438748 0.001111124157 -0.003017908671 0.016916675550 0.022706855798 0.014769297080
0.000000000000 61810432 0.999999293079 -0.000647900238 0.000997028859 -0.000075670452 0.000648640328 0.999999514239 -0.000742151203 0.000048855217 -0.000996547535 0.000742797391 0.999999227572 -0.000132377826 0.000000000000 0.000000000000 0.000000000000 1.000000000000 -0.001662231846 0.001039014237 -0.002828529141 0.015850869666 0.021270169655 0.013837297069
0.000000000000 71810432 0.999998985634 -0.000776055105 0.001194348736 -0.000091331905 0.000777117141 0.999999302874 -0.000889010777 0.000058486676 -0.001193657982 0.000889938024 0.999998891595 -0.000158590517 0.000000000000 0.000000000000 0.000000000000 1.000000000000 -0.001439126770 0.000868789746 -0.002374824663 0.013302017176 0.017840797920 0.011610009864
0.000000000000 81810432 0.999998709025 -0.000875476800 0.001347400997 -0.000104044247 0.000876828572 0.999999112600 -0.001002980645 0.000065924170 -0.001346521715 0.001004160790 0.999998589269 -0.000178946848 0.000000000000 0.000000000000 0.000000000000 1.000000000000 -0.001073123543 0.000600448836 -0.001656792438 0.009270118322 0.012418740704 0.008087435017
0.000000000000 91810432 0.999998533136 -0.000933249096 0.001436235083 -0.000112370407 0.000934785238 0.999998991427 -0.001069262337 0.000070184143 -0.001435235746 0.001070603340 0.999998396952 -0.000190809124 0.000000000000 0.000000000000 0.000000000000 1.000000000000 -0.000564222197 0.000233989374 -0.000674429233 0.003755173386 0.005003998130 0.003269572014
0.000000000000 101810431 0.999998478129 -0.000961606804 0.001455696288 -0.001259858492 0.000963233294 0.999998912202 -0.001117039437 0.000010166545 -0.001454620552 0.001118439912 0.999998316584 -0.000278266570 0.000000000000 0.000000000000 0.000000000000 1.000000000000 -0.511390111186 -0.027160120338 -0.037950965702 0.016288850476 0.002238771025 0.008375365742
0.000000000000 111810431 0.999998232936 -0.001132216726 0.001500736631 -0.012065359204 0.001134385232 0.999998312718 -0.001444898105 -0.000571318016 -0.001499098161 0.001446597965 0.999997830027 -0.001060680629 0.000000000000 0.000000000000 0.000000000000 1.000000000000 -1.648541338359 -0.089293197694 -0.117333687077 0.048378334961 0.006606558445 0.025394443099
0.000000000000 121810431 0.999997673170 -0.001462013600 0.001586244429 -0.034206989926 0.001465287505 0.999996794886 -0.002064739578 -0.001789881969 -0.001583220667 0.002067059078 0.999996610334 -0.002598718435 0.000000000000 0.000000000000 0.000000000000 1.000000000000 -2.778658625933 -0.153470117938 -0.189279233380 0.074737035067 0.010260082699 0.040231222907
0.000000000000 131810431 0.999996685217 -0.001929120650 0.001705300067 -0.067614010031 0.001934093434 0.999993868606 -0.002919252180 -0.003674681672 -0.001699658022 0.002922540713 0.999994284943 -0.004816572385 0.000000000000 0.000000000000 0.000000000000 1.000000000000 -3.901739105220 -0.219732675965 -0.253780616677 0.095365001351 0.013198806717 0.052885748370
0.000000000000 141810432 0.999995132665 -0.002511659068 0.001851004008 -0.112215482442 0.002518957294 0.999989021693 -0.003951119712 -0.006258095045 -0.001841059821 0.003955763081 0.999990481173 -0.007638060375 0.000000000000 0.000000000000 0.000000000000 1.000000000000 -5.017778513370 -0.288144136533 -0.310827289190 0.110262312403 0.015421918553 0.063358083715
0.000000000000 151810432 0.999992886086 -0.003187763585 0.002016418010 -0.167940274737 0.003198018367 0.999981865723 -0.005103028933 -0.009574712497 -0.002000114194 0.005109441172 0.999984946464 -0.010986874518 0.000000000000 0.000000000000 0.000000000000 1.000000000000 -6.126770713490 -0.358789209815 -0.360405129450 0.119429069927 0.016928330555 0.071648309525
0.000000000000 161810432 0.999989847538 -0.003935594787 0.002194519074 -0.234717117524 0.003949389910 0.999972244253 -0.006317677008 -0.013660302282 -0.002169594347 0.006326279880 0.999977635272 -0.014786811219 0.000000000000 0.000000000000 0.000000000000 1.000000000000 -7.228708329024 -0.431774092869 -0.402496460447 0.122865408160 0.017716680709 0.077756528451
0.000000000000 171810432 0.999985969778 -0.004733346998 0.002378165785 -0.312474632089 0.004751151843 0.999960303451 -0.007537776740 -0.018550744979 -0.002342392467 0.007548970010 0.999968762637 -0.018961974666 0.000000000000 0.000000000000 0.000000000000 1.000000000000 -8.323582265825 -0.507226438293 -0.437079971417 0.120571487773 0.017785331700 0.081682860529
0.000000000000 181810432 0.999981270183 -0.005559252488 0.002560077262 -0.401141392290 0.005581347933 0.999946525100 -0.008706060888 -0.024280940955 -0.002511541171 0.008720186507 0.999958824406 -0.023436956617 0.000000000000 0.000000000000 0.000000000000 1.000000000000 -9.411381803269 -0.585295350207 -0.464130616438 0.112547497956 0.017132371228 0.083427444565
0.000000000000 191810432 0.999975839386 -0.006391581543 0.002732824577 -0.500645996508 0.006417987011 0.999931721998 -0.009765284670 -0.030883689715 -0.002670222372 0.009782587968 0.999948584121 -0.028136990862 0.000000000000 0.000000000000 0.000000000000 1.000000000000 -10.492094588905 -0.666151364948 -0.483619439843 0.098793656529 0.015755612081 0.082990439030
0.000000000000 201810432 0.999969985162 -0.007190749847 0.002884768834 -0.613880826161 0.007221171859 0.999916917248 -0.010677700067 -0.038631450219 -0.002807748489 0.010698210989 0.999938830544 -0.032910883148 0.000000000000 0.000000000000 0.000000000000 1.000000000000 -12.884493704413 -0.862218683570 -0.459819801769 0.088235471965 0.011930182341 0.072451322969
0.000000000000 211810432 0.999965000587 -0.007817551735 0.002980517582 -0.761294947637 0.007851491207 0.999902462508 -0.011550738347 -0.049145898398 -0.002889928375 0.011573735586 0.999928845948 -0.037156418477 0.000000000000 0.000000000000 0.000000000000 1.000000000000 -16.503879706107 -1.149536260691 -0.395058943349 0.086585622638 0.005855116705 0.053650533716
0.000000000000 221810432 0.999961233445 -0.008272996115 0.003014820322 -0.941924782420 0.008309788305 0.999888553470 -0.012402743942 -0.062133450284 -0.002911876478 0.012427315649 0.999918538083 -0.040841932990 0.000000000000 0.000000000000 0.000000000000 1.000000000000 -19.527620248397 -1.365780009083 -0.338706937102 0.083935459758 -0.000057139840 0.038049588295
0.000000000000 231810432 0.999958644017 -0.008589165742 0.002989395786 -1.149815079585 0.008627982573 0.999875338613 -0.013223658713 -0.076865712365 -0.002875442927 0.013248904290 0.999908094958 -0.044071016209 0.000000000000 0.000000000000 0.000000000000 1.000000000000 -21.955788797294 -1.510089613542 -0.290760930037 0.080285004743 -0.005809774740 0.025648651021
0.000000000000 241810432 0.999957073019 -0.008798133922 0.002906021181 -1.379011103733 0.008838001152 0.999862887888 -0.014003398164 -0.092610358217 -0.002782418958 0.014028480459 0.999897724710 -0.046949778842 0.000000000000 0.000000000000 0.000000000000 1.000000000000 -23.788454396288 -1.581601670560 -0.251189783889 0.075634115639 -0.011405734940 0.016447819343
0.000000000000 251810432 0.999956282220 -0.008931962033 0.002766532594 -1.623557932870 0.008971781615 0.999851228623 -0.014731861949 -0.108638703830 -0.002634536582 0.014756038631 0.999887652960 -0.049585013892 0.000000000000 0.000000000000 0.000000000000 1.000000000000 -25.025681269523 -1.579449647301 -0.219934030365 0.069982485771 -0.016847726770 0.010447124500
0.000000000000 261810432 0.999955984792 -0.009022697248 0.002572822181 -1.877499988287 0.009061274535 0.999840370176 -0.015398943792 -0.124231388519 -0.002433471474 0.015421579052 0.999878119131 -0.052082532409 0.000000000000 0.000000000000 0.000000000000 1.000000000000 -25.667528616970 -1.502763857875 -0.196906020388 0.063329643138 -0.022138215790 0.007646532267
0.000000000000 271810432 0.999955865379 -0.009102370417 0.002326832126 -2.134880799475 0.009138445836 0.999830317340 -0.015994540798 -0.138682160846 -0.002180849068 0.016015098515 0.999869371727 -0.054545667791 0.000000000000 0.000000000000 0.000000000000 1.000000000000 -25.714050602482 -1.350671447012 -0.181990249629 0.055674950475 -0.027279426679 0.008045943773
0.000000000000 281810432 0.999955589907 -0.009202994080 0.002030545370 -2.389743002855 0.009235278935 0.999821072492 -0.016508562145 -0.151299768398 -0.001878253850 0.016526581651 0.999861662562 -0.057073942699 0.000000000000 0.000000000000 0.000000000000 1.000000000000 -25.165296535577 -1.122296371286 -0.175043842633 0.047017605881 -0.032273343230 0.011645196357
0.000000000000 291810432 0.999954805113 -0.009356560625 0.001685973105 -2.636128570450 0.009383776657 0.999812626498 -0.016930937114 -0.161407949959 -0.001527241859 0.016945992717 0.999855239954 -0.059761893298 0.000000000000 0.000000000000 0.000000000000 1.000000000000 -24.021311247736 -0.816759368223 -0.175897177886 0.037356643930 -0.037121708517 0.018444064452
0.000000000000 301810432 0.999953486214 -0.009556243865 0.001305224421 -2.872102003644 0.009577358676 0.999805118044 -0.017262680394 -0.168801192527 -0.001140003672 0.017274378044 0.999850136898 -0.062632411332 0.000000000000 0.000000000000 0.000000000000 1.000000000000 -23.939383020513 -0.667968472092 -0.168876016335 0.031260077748 -0.037433143278 0.012636065813
0.000000000000 311810432 0.999953544247 -0.009591767521 0.000952546119 -3.118101819007 0.009607025688 0.999799503036 -0.017568687647 -0.175861301767 -0.000783840369 0.017577022615 0.999845204954 -0.065331652166 0.000000000000 0.000000000000 0.000000000000 1.000000000000 -25.214706955755 -0.726954442910 -0.149506318027 0.030032728404 -0.033248310861 -0.006132445273
0.000000000000 321810432 0.999955069879 -0.009457882321 0.000637718209 -3.375345281158 0.009467767074 0.999795584371 -0.017864793856 -0.182843745497 -0.000468624731 0.017870028956 0.999840208461 -0.067806684978 0.000000000000 0.000000000000 0.000000000000 1.000000000000 -26.181745414632 -0.760296237183 -0.132650513368 0.029250626665 -0.029266083441 -0.021128768885
0.000000000000 331810432 0.999957685240 -0.009192314223 0.000359288865 -3.640745082819 0.009197322456 0.999792875274 -0.018155324571 -0.189531617647 -0.000192325000 0.018157860829 0.999835113957 -0.070071677121 0.000000000000 0.000000000000 0.000000000000 1.000000000000 -26.840522787637 -0.767066406724 -0.118148634491 0.028912566112 -0.025487640191 -0.032352826959
0.000000000000 341810432 0.999960983414 -0.008832793022 0.000115828993 -3.911213178773 0.008833426816 0.999790861017 -0.018444641442 -0.195725632121 0.000047112931 0.018444944962 0.999829876422 -0.072139053909 0.000000000000 0.000000000000 0.000000000000 1.000000000000 -27.191060357807 -0.746347209258 -0.105850324806 0.029017459328 -0.021914196746 -0.039804558372
0.000000000000 351810432 0.999964571566 -0.008417051930 -0.000094070875 -4.183660761292 0.008413811752 0.999789041526 -0.018737134688 -0.201247109080 0.000251762465 0.018735679366 0.999824440057 -0.074020154084 0.000000000000 0.000000000000 0.000000000000 1.000000000000 -27.233375932523 -0.697230602684 -0.095614807168 0.029564337455 -0.018547004820 -0.043483918760
0.000000000000 361810432 0.999968099789 -0.007982827053 -0.000271802035 -4.454998313836 0.007976206476 0.999786959574 -0.019037216104 -0.205939795590 0.000423714934 0.019034440864 0.999818738836 -0.075725815185 0.000000000000 0.000000000000 0.000000000000 1.000000000000 -26.967483713201 -0.618818251474 -0.087310848523 0.030552350030 -0.015387352138 -0.043390880400
0.000000000000 371810432 0.999971275689 -0.007567856765 -0.000418737419 -4.722135733927 0.007558338558 0.999784214528 -0.019349312598 -0.209670520303 0.000565079888 0.019345591844 0.999812696839 -0.077266889141 0.000000000000 0.000000000000 0.000000000000 1.000000000000 -26.393394398440 -0.510221542613 -0.080816723124 0.031980765129 -0.012436562628 -0.039525432165
0.000000000000 381810432 0.999973864695 -0.007209881016 -0.000536229732 -4.981982514579 0.007197934437 0.999780461679 -0.019677860252 -0.212328681872 0.000677987040 0.019673486219 0.999806228363 -0.078654688464 0.000000000000 0.000000000000 0.000000000000 1.000000000000 -25.511115516170 -0.370561608404 -0.076020176396 0.033848969841 -0.009695996832 -0.031887579549
0.000000000000 391810432 0.999975676104 -0.006946640594 -0.000625607926 -5.231447973369 0.006932719752 0.999775397125 -0.020027298893 -0.213824570823 0.000764589860 0.020022474587 0.999799237804 -0.079901363303 0.000000000000 0.000000000000 0.000000000000 1.000000000000 -24.320651980365 -0.198969353531 -0.072818391509 0.036156471069 -0.007167052460 -0.020477344766
0.000000000000 401810432 0.999976678508 -0.006793842918 -0.000697236886 -5.469298033182 0.006778209782 0.999768978148 -0.020397210723 -0.214050282903 0.000835651254 0.020392009012 0.999791712136 -0.081004169269 0.000000000000 0.000000000000 0.000000000000 1.000000000000 -23.594661714529 -0.031369472279 -0.045924955602 0.036912837603 -0.008336833336 -0.014563261812
0.000000000000 411810432 0.999977656838 -0.006636070668 -0.000805227222 -5.705307279878 0.006617925450 0.999762561198 -0.020761124477 -0.212823007474 0.000942808319 0.020755331674 0.999784140362 -0.081879382846 0.000000000000 0.000000000000 0.000000000000 1.000000000000 -23.601769227209 0.087980990047 0.002583958370 0.035973680575 -0.012426828705 -0.017427018081
0.000000000000 421810432 0.999978744438 -0.006450534468 -0.000949356610 -5.941381544906 0.006429051244 0.999756328905 -0.021117530963 -0.210319846339 0.001085344640 0.021110978636 0.999776549339 -0.082529790033 0.000000000000 0.000000000000 0.000000000000 1.000000000000 -23.607117460997 0.183071070349 0.044777091256 0.035420713491 -0.015435289711 -0.020273603791
0.000000000000 431810432 0.999979922561 -0.006237202799 -0.001118827644 -6.177503737669 0.006211747855 0.999750189461 -0.021470278564 -0.206770701997 0.001252462631 0.021462897620 0.999768860969 -0.082971529858 0.000000000000 0.000000000000 0.000000000000 1.000000000000 -23.610710329153 0.253907066700 0.080390237753 0.035254137792 -0.017362295501 -0.023102579067
0.000000000000 441810432 0.999981174889 -0.005996037401 -0.001302844185 -6.413656800480 0.005966182736 0.999744043157 -0.021823217822 -0.202405549023 0.001433363544 0.021815033991 0.999760996319 -0.083215789911 0.000000000000 0.000000000000 0.000000000000 1.000000000000 -23.612552612014 0.300495616043 0.109158977865 0.035474185046 -0.018207936395 -0.025913498372
0.000000000000 451810432 0.999982489656 -0.005726993763 -0.001490611901 -6.649823730908 0.005692529648 0.999737782472 -0.022180202993 -0.197454443721 0.001617246921 0.022171329257 0.999752877801 -0.083268783092 0.000000000000 0.000000000000 0.000000000000 1.000000000000 -23.612649943550 0.322843698095 0.130818676369 0.036081116915 -0.017972313922 -0.028705910494
0.000000000000 461810432 0.999983860618 -0.005430021184 -0.001671338818 -6.885987605008 0.005390968611 0.999731292005 -0.022545093562 -0.192147533407 0.001793310052 0.022535719563 0.999744430033 -0.083131735226 0.000000000000 0.000000000000 0.000000000000 1.000000000000 -23.611008817640 0.320958646076 0.145104483080 0.037075225151 -0.016655540875 -0.031479358554
0.000000000000 471810432 0.999985286850 -0.005105062421 -0.001834235872 -7.122131600814 0.005061686279 0.999724448258 -0.022921755745 -0.186715065545 0.001950747439 0.022912134167 0.999735579387 -0.082800883523 0.000000000000 0.000000000000 0.000000000000 1.000000000000 -23.607636614145 0.294848164223 0.151751334127 0.038456831629 -0.014257741377 -0.034233380036
0.000000000000 481810432 0.999986771379 -0.004752052897 -0.001968517460 -7.358239021460 0.004704876730 0.999717119267 -0.023314063964 -0.181387396926 0.002078750270 0.023304493919 0.999726252211 -0.082267485886 0.000000000000 0.000000000000 0.000000000000 1.000000000000 -23.602541644802 0.244520352095 0.150493954469 0.040226288406 -0.010779050966 -0.036967506845
0.000000000000 491810432 0.999988318649 -0.004370919495 -0.002063401997 -7.594293317301 0.004320742673 0.999709164079 -0.023725902297 -0.176395003123 0.002166505894 0.023716709718 0.999716371744 -0.081517841061 0.000000000000 0.000000000000 0.000000000000 1.000000000000 -23.595733218989 0.169983735640 0.141066861837 0.042383977817 -0.006219616698 -0.039681265395
0.000000000000 501810432 0.999989904750 -0.003962776525 -0.002118206780 -7.830289761378 0.003910460370 0.999700535815 -0.024156717310 -0.171777431788 0.002213300126 0.024148190278 0.999705939869 -0.080557419139 0.000000000000 0.000000000000 0.000000000000 1.000000000000 -23.592464045519 0.153491310926 0.145603759066 0.043075909908 -0.004761731309 -0.041973272100
0.000000000000 511810432 0.999991354519 -0.003535994318 -0.002188065549 -8.066289412958 0.003481152109 0.999691806409 -0.024579946686 -0.166517045349 0.002274305754 0.024572117192 0.999695472927 -0.079526132055 0.000000000000 0.000000000000 0.000000000000 1.000000000000 -23.593814966057 0.208806604156 0.168999304739 0.041742068577 -0.007034282126 -0.043659151404
0.000000000000 521810432 0.999992617612 -0.003094076115 -0.002278467488 -8.302298003579 0.003036182288 0.999683124521 -0.024988640324 -0.160534938525 0.002355062253 0.024981538005 0.999685138652 -0.078451473677 0.000000000000 0.000000000000 0.000000000000 1.000000000000 -23.594526016505 0.252312823381 0.188799093050 0.040182684547 -0.008758443835 -0.045106104466
0.000000000000 531810432 0.999993675626 -0.002639288732 -0.002383875694 -8.538308781026 0.002577941996 0.999674538242 -0.025380539894 -0.153961808823 0.002450086406 0.025374233885 0.999675019860 -0.077332875765 0.000000000000 0.000000000000 0.000000000000 1.000000000000 -23.594602550519 0.284067258449 0.204869502336 0.038397982345 -0.009934214430 -0.046313924472
0.000000000000 541810432 0.999994515206 -0.002173893397 -0.002498748793 -8.774315110967 0.002108827848 0.999666102078 -0.025753392016 -0.146929484277 0.002553899595 0.025747981333 0.999665203483 -0.076167345863 0.000000000000 0.000000000000 0.000000000000 1.000000000000 -23.594049975727 0.304127227188 0.217077228653 0.036388190283 -0.010561585159 -0.047282417024
0.000000000000 551810432 0.999995128979 -0.001700146098 -0.002617541021 -9.010310490794 0.001631241610 0.999657876827 -0.026104948733 -0.139570924394 0.002661027726 0.026100551733 0.999655780822 -0.074949461306 0.000000000000 0.000000000000 0.000000000000 1.000000000000 -23.592873746499 0.312550062375 0.225289279761 0.034153540455 -0.010640540528 -0.048011400135
0.000000000000 561810432 0.999995516128 -0.001220298060 -0.002734702350 -9.246288560196 0.001147589716 0.999649929349 -0.026432967851 -0.132020220598 0.002766001110 0.026429711013 0.999646847448 -0.073671360483 0.000000000000 0.000000000000 0.000000000000 1.000000000000 -23.591079362686 0.309393096587 0.229372968596 0.031694268738 -0.010171058277 -0.048500704230
0.000000000000 571810432 0.999995682605 -0.000736596343 -0.002844678669 -9.482243108288 0.000660282647 0.999642332239 -0.026735213148 -0.124412596130 0.002863354280 0.026733219430 0.999638502750 -0.072322731300 0.000000000000 0.000000000000 0.000000000000 1.000000000000 -23.588672374278 0.294713644950 0.229195906260 0.029010614798 -0.009153109367 -0.048750172158
0.000000000000 581810432 0.999995640995 -0.000251284565 -0.002941912014 -9.718168077087 0.000171734198 0.999635163386 -0.027009454440 -0.116884405332 0.002947625755 0.027008831479 0.999630849126 -0.070890796832 0.000000000000 0.000000000000 0.000000000000 1.000000000000 -23.585658391957 0.268568985778 0.224625994512 0.026102822110 -0.007586657956 -0.048759659216
0.000000000000 591810432 0.999995410013 0.000233396251 -0.003020840838 -9.954057561171 -0.000315639382 0.999628505436 -0.027253467516 -0.109573132269 0.003013357755 0.027254295919 0.999623990823 -0.069360298086 0.000000000000 0.000000000000 0.000000000000 1.000000000000 -23.582043103496 0.231016339120 0.215531417793 0.022971137972 -0.005471661369 -0.048529033182
0.000000000000 601810432 0.999994985380 0.000711601702 -0.003085909641 -10.189899945796 -0.000796092107 0.999622443619 -0.027465186145 -0.102534581912 0.003065200263 0.027467505085 0.999617997393 -0.067782210792 0.000000000000 0.000000000000 0.000000000000 1.000000000000 -23.575919375148 0.230100576621 0.215788825460 0.019697338131 -0.006935711893 -0.046716270680
0.000000000000 611810432 0.999994230375 0.001160849186 -0.003192435793 -10.425659437506 -0.001248668187 0.999617011064 -0.027645470143 -0.095358679112 0.003159120904 0.027649296932 0.999612693164 -0.066551878319 0.000000000000 0.000000000000 0.000000000000 1.000000000000 -23.568485679756 0.269137355920 0.227597004657 0.016716020642 -0.011673133799 -0.043762387027
0.000000000000 621810432 0.999993173753 0.001581690392 -0.003339266700 -10.661342033869 -0.001673912516 0.999612166099 -0.027797758965 -0.088028384115 0.003294004171 0.027803158851 0.999607990111 -0.065668521700 0.000000000000 0.000000000000 0.000000000000 1.000000000000 -23.562221061622 0.297530277843 0.236411720372 0.014090148947 -0.015136094294 -0.041263817129
0.000000000000 631810432 0.999991868413 0.001979021924 -0.003513770191 -10.896961065945 -0.002076386826 0.999607848217 -0.027925586859 -0.080614147261 0.003457126911 0.027932655725 0.999603829033 -0.065046229228 0.000000000000 0.000000000000 0.000000000000 1.000000000000 -23.557133920784 0.315173975105 0.241929826284 0.011820325816 -0.017324674753 -0.039220317001
0.000000000000 641810432 0.999990363183 0.002357744904 -0.003703320127 -11.132529843143 -0.002460648229 0.999603983693 -0.028032498901 -0.073184309662 0.003635760071 0.028041341325 0.999600152274 -0.064593053618 0.000000000000 0.000000000000 0.000000000000 1.000000000000 -23.553232487022 0.321963150148 0.243848399926 0.009907137824 -0.018238959944 -0.037631663642
0.000000000000 651810432 0.999988706553 0.002722763149 -0.003895295492 -11.368061668991 -0.002831251037 0.999600487377 -0.028122049233 -0.065805093043 0.003817169593 0.028132760197 0.999596907268 -0.064211008651 0.000000000000 0.000000000000 0.000000000000 1.000000000000 -23.550524797425 0.317792545547 0.241864752304 0.008351155352 -0.017879037965 -0.036497655003
0.000000000000 661810432 0.999986948561 0.003078981812 -0.004077079645 -11.603569848441 -0.003192748142 0.999597264123 -0.028197799870 -0.058540591740 0.003988617146 0.028210448937 0.999594048354 -0.063796066693 0.000000000000 0.000000000000 0.000000000000 1.000000000000 -23.549018703094 0.302556921759 0.235676436147 0.007152932601 -0.016245000199 -0.035818110005
0.000000000000 671810432 0.999985140856 0.003431306469 -0.004236059749 -11.839067685687 -0.003549691937 0.999594209880 -0.028263320089 -0.051452767099 0.004137360684 0.028277936827 0.999591536847 -0.063238157002 0.000000000000 0.000000000000 0.000000000000 1.000000000000 -23.548721904909 0.276151042236 0.224981252732 0.006313007618 -0.013336941297 -0.035592868602
0.000000000000 681810432 0.999983334930 0.003784642647 -0.004359626359 -12.074568471508 -0.003906634787 0.999591212428 -0.028322186378 -0.044601444543 0.004250654844 0.028338745855 0.999589339387 -0.062421164726 0.000000000000 0.000000000000 0.000000000000 1.000000000000 -23.549642018304 0.238469665853 0.209477257245 0.005831902342 -0.009154959189 -0.035821791905
0.000000000000 691810432 0.999981578514 0.004143895805 -0.004435173185 -12.310085459101 -0.004268129043 0.999588151769 -0.028377982968 -0.038044313568 0.004315751163 0.028396390095 0.999587424551 -0.061222930507 0.000000000000 0.000000000000 0.000000000000 1.000000000000 -23.551786666966 0.189407546671 0.188862762653 0.005710122647 -0.003699155107 -0.036504762334
0.000000000000 701810432 0.999979863725 0.004511120829 -0.004463399234 -12.545618064309 -0.004636249804 0.999584947837 -0.028433030871 -0.031770114481 0.004333281853 0.028453151770 0.999585734603 -0.059648942137 0.000000000000 0.000000000000 0.000000000000 1.000000000000 -23.549855517805 0.169415339023 0.176879209809 0.005412462402 -0.002486803955 -0.036594101745
0.000000000000 711810432 0.999977938128 0.004870258088 -0.004517061335 -12.781091282051 -0.004996987204 0.999581811561 -0.028482136771 -0.025419719444 0.004376456995 0.028504080099 0.999584095533 -0.058425695161 0.000000000000 0.000000000000 0.000000000000 1.000000000000 -23.543412998680 0.186343158910 0.178107032698 0.004764279781 -0.006027019537 -0.035458459160
0.000000000000 721810432 0.999975815413 0.005215608592 -0.004600653946 -13.016501086082 -0.005344777453 0.999578772129 -0.028525631692 -0.019002493874 0.004449937492 0.028549531283 0.999582473996 -0.057592788737 0.000000000000 0.000000000000 0.000000000000 1.000000000000 -23.538033940843 0.199248555124 0.178839057396 0.004283091032 -0.008545812290 -0.034009130841
0.000000000000 731810432 0.999973566655 0.005544326003 -0.004703875036 -13.251858844593 -0.005676491330 0.999575813583 -0.028565194667 -0.012605477848 0.004543504965 0.028591141100 0.999580863769 -0.057036592266 0.000000000000 0.000000000000 0.000000000000 1.000000000000 -23.533720885760 0.208206093574 0.178834274450 0.003969228042 -0.010043254566 -0.032246058401
0.000000000000 741810432 0.999971268508 0.005853564851 -0.004816423679 -13.487176009764 -0.005988998822 0.999572922868 -0.028602513216 -0.006317194302 0.004646940029 0.028630536979 0.999579260640 -0.056638651168 0.000000000000 0.000000000000 0.000000000000 1.000000000000 -23.530476200582 0.213290337288 0.177851724976 0.003822999955 -0.010519414927 -0.030169184099
0.000000000000 751810432 0.999969004179 0.006140480252 -0.004927999953 -13.722464129838 -0.006279169406 0.999570089348 -0.028639282666 -0.000227645999 0.004750022403 0.028669338715 0.999577663969 -0.056275689576 0.000000000000 0.000000000000 0.000000000000 1.000000000000 -23.528302080073 0.214575844348 0.175650500030 0.003844693175 -0.009974358116 -0.027778450841
0.000000000000 761810432 0.999966863266 0.006402227804 -0.005028304790 -13.957734846266 -0.006543872158 0.999567304208 -0.028677205149 0.005571685169 0.004842531064 0.028709159464 0.999576077173 -0.055819613301 0.000000000000 0.000000000000 0.000000000000 1.000000000000 -23.527200566517 0.212137168480 0.171989741056 0.004034571375 -0.008408145019 -0.025073802184
0.000000000000 771810432 0.999964940451 0.006635963645 -0.005107039775 -14.192999875273 -0.006779975691 0.999564559735 -0.028717988273 0.010987836444 0.004914244438 0.028751607039 0.999574507125 -0.055137513091 0.000000000000 0.000000000000 0.000000000000 1.000000000000 -23.527173587607 0.206048862315 0.166628641376 0.004392875518 -0.005820832627 -0.022055182382
0.000000000000 781810432 0.999963333052 0.006838844670 -0.005153906876 -14.428270973227 -0.006984347908 0.999561848490 -0.028763343472 0.015926359909 0.004954940646 0.028798285487 0.999572962478 -0.054091668182 0.000000000000 0.000000000000 0.000000000000 1.000000000000 -23.528223012313 0.196385483284 0.159326448701 0.004919823873 -0.002212473995 -0.018722536430
0.000000000000 791810432 0.999962137430 0.007008028919 -0.005158608137 -14.663559885195 -0.007153855590 0.999559162354 -0.028814984033 0.020291315562 0.004954397787 0.028850796962 0.999571450901 -0.052539550183 0.000000000000 0.000000000000 0.000000000000 1.000000000000 -23.530350724701 0.183221602201 0.149842468632 0.005615612039 0.002416881802 -0.015075810131
0.000000000000 801810432 0.999961344691 0.007146177498 -0.005122623365 -14.898867585801 -0.007291200401 0.999556466904 -0.028873999862 0.024109366982 0.004914012584 0.028910233803 0.999569932952 -0.050484056865 0.000000000000 0.000000000000 0.000000000000 1.000000000000 -23.529437647793 0.181952679515 0.147201334219 0.006220157494 0.003277463208 -0.013531907392
0.000000000000 811810432 0.999960387685 0.007286677471 -0.005111496059 -15.134135582991 -0.007431628653 0.999553621878 -0.028936618437 0.028093551470 0.004898362593 0.028973458931 0.999568179126 -0.048754101249 0.000000000000 0.000000000000 0.000000000000 1.000000000000 -23.524827281224 0.192627160667 0.152772012875 0.006411662829 -0.000118589725 -0.014501530049
0.000000000000 821810432 0.999959186881 0.007436255727 -0.005130952376 -15.369357687062 -0.007582020761 0.999550659012 -0.028999879815 0.032346521255 0.004912996307 0.029037599227 0.999566246078 -0.047433377042 0.000000000000 0.000000000000 0.000000000000 1.000000000000 -23.520731341625 0.198740903513 0.156950463599 0.006359156484 -0.002782391223 -0.015524098287
0.000000000000 831810432 0.999957768627 0.007595650203 -0.005173689200 -15.604539330538 -0.007742895566 0.999547640776 -0.029061338350 0.036835388670 0.004950609073 0.029100170385 0.999564240834 -0.046437576408 0.000000000000 0.000000000000 0.000000000000 1.000000000000 -23.517151743527 0.200281269844 0.159564608232 0.006062749168 -0.004713901289 -0.016599568892
0.000000000000 841810432 0.999956157748 0.007765600001 -0.005232402687 -15.839685909881 -0.007914770756 0.999544629546 -0.029118549922 0.041527508155 0.005003896994 0.029158686567 0.999562270203 -0.045678971249 0.000000000000 0.000000000000 0.000000000000 1.000000000000 -23.514090429878 0.197235647643 0.160442389254 0.005522560493 -0.005913077492 -0.017727905515
0.000000000000 851810432 0.999954378905 0.007946845529 -0.005299788148 -16.074802805606 -0.008098162741 0.999541687466 -0.029169072287 0.046390474057 0.005065557077 0.029210660109 0.999560442128 -0.045066417078 0.000000000000 0.000000000000 0.000000000000 1.000000000000 -23.511549362397 0.189591446601 0.159411770037 0.004738718976 -0.006379874964 -0.018909078675
0.000000000000 861810432 0.999952457414 0.008140128461 -0.005368539894 -16.309895396210 -0.008293586702 0.999538876247 -0.029210465442 0.051392120739 0.005128287391 0.029253601152 0.999558866445 -0.044505355687 0.000000000000 0.000000000000 0.000000000000 1.000000000000 -23.509530520392 0.177336090787 0.156300735433 0.003711362041 -0.006114246414 -0.020143065748
0.000000000000 871810432 0.999950419527 0.008346191511 -0.005431351068 -16.544969065640 -0.008501556825 0.999536256897 -0.029240292046 0.056500525086 0.005184787239 0.029285017238 0.999557655039 -0.043897816585 0.000000000000 0.000000000000 0.000000000000 1.000000000000 -23.508035908033 0.160457008509 0.150937292710 0.002440636025 -0.005116142131 -0.021429850984
0.000000000000 881810432 0.999948292180 0.008565778033 -0.005480913459 -16.780029203991 -0.008722586709 0.999533889395 -0.029256117862 0.061684011510 0.005227757336 0.029302412835 0.999556921418 -0.043142417251 0.000000000000 0.000000000000 0.000000000000 1.000000000000 -23.507067570049 0.138941619402 0.143149472830 0.000926696180 -0.003385509992 -0.022769425514
0.000000000000 891810432 0.999946102197 0.008799631426 -0.005509917291 -17.015081201137 -0.008957189948 0.999531832285 -0.029255512246 0.066911159541 0.005249900000 0.029303288814 0.999556779685 -0.042134362166 0.000000000000 0.000000000000 0.000000000000 1.000000000000 -23.506627615871 0.112777318682 0.132765332083 -0.000830293316 -0.000922295471 -0.024161787376
0.000000000000 901810432 0.999943834071 0.009046480335 -0.005521765656 -17.250122987049 -0.009204180295 0.999530164524 -0.029235821713 0.072181964791 0.005254690048 0.029285002982 0.999557290421 -0.040931624624 0.000000000000 0.000000000000 0.000000000000 1.000000000000 -23.503794414386 0.106874197204 0.127616744843 -0.002888715662 -0.002150230597 -0.024908178838
0.000000000000 911810432 0.999941259436 0.009294454869 -0.005575911184 -17.485113849851 -0.009453431037 0.999528978882 -0.029196798041 0.077666210740 0.005301916491 0.029247794496 0.999558130475 -0.040462234127 0.000000000000 0.000000000000 0.000000000000 1.000000000000 -23.498641207292 0.123043853209 0.129719364965 -0.004518500285 -0.007034311538 -0.025001386844
0.000000000000 921810432 0.999938374937 0.009542607217 -0.005673180479 -17.720054283187 -0.009704047791 0.999528083575 -0.029145181456 0.083374084044 0.005392382193 0.029198438197 0.999559089510 -0.040747038193 0.000000000000 0.000000000000 0.000000000000 1.000000000000 -23.494360954731 0.134912895622 0.130912412109 -0.005402910191 -0.010772724548 -0.025195497179
0.000000000000 931810432 0.999935221007 0.009792284987 -0.005802149954 -17.954953264122 -0.009957075990 0.999527248820 -0.029088408422 0.089281394760 0.005514564996 0.029144296552 0.999560002977 -0.041611904975 0.000000000000 0.000000000000 0.000000000000 1.000000000000 -23.490956276143 0.142458747575 0.130925921777 -0.005541648910 -0.013365661793 -0.025490500291
0.000000000000 941810432 0.999931838759 0.010044833466 -0.005951399582 -18.189819764047 -0.010213563310 0.999526245064 -0.029033920741 0.095364448921 0.005656939179 0.029092726749 0.999560709657 -0.042877232282 0.000000000000 0.000000000000 0.000000000000 1.000000000000 -23.488429730070 0.145658814566 0.129489955796 -0.004934414041 -0.014813317879 -0.025886368802
0.000000000000 951810432 0.999928272927 0.010301594604 -0.006109512984 -18.424662799857 -0.010474560723 0.999524843041 -0.028989165588 0.101600068016 0.005807975375 0.029051080745 0.999561054728 -0.044357944482 0.000000000000 0.000000000000 0.000000000000 1.000000000000 -23.486783795008 0.144490492600 0.126334601429 -0.003580897269 -0.015115889857 -0.026383057492
0.000000000000 961810432 0.999924573493 0.010563906830 -0.006265077618 -18.659491464935 -0.010741122684 0.999522813277 -0.028961595644 0.107965594851 0.005956140408 0.029026705140 0.999560890982 -0.045863490153 0.000000000000 0.000000000000 0.000000000000 1.000000000000 -23.486020871048 0.138931189806 0.121189969645 -0.001480784359 -0.014273577234 -0.026980503315
0.000000000000 971810432 0.999920795967 0.010833105713 -0.006406685055 -18.894314939213 -0.011014306461 0.999519925026 -0.028958669337 0.114438885317 0.006089897040 0.029026940886 0.999560078163 -0.047197840436 0.000000000000 0.000000000000 0.000000000000 1.000000000000 -23.486143302295 0.128958361406 0.113786192557 0.001366244827 -0.012286581989 -0.027678625448
0.000000000000 981810432 0.999917000351 0.011110525459 -0.006522931356 -19.129142477574 -0.011295170609 0.999515944648 -0.028987851184 0.120998285563 0.006197703637 0.029059122825 0.999558480455 -0.048159488026 0.000000000000 0.000000000000 0.000000000000 1.000000000000 -23.487153420078 0.114549558104 0.103853420028 0.004960516335 -0.009155108597 -0.028477325376
0.000000000000 991810432 0.999913248761 0.011397501251 -0.006602417526 -19.363983375883 -0.011584772575 0.999510633425 -0.029056612242 0.127622594098 0.006268013750 0.029130579050 0.999555962099 -0.048541446745 0.000000000000 0.000000000000 0.000000000000 1.000000000000 -23.489053606947 0.095682487857 0.091121815452 0.009302362127 -0.004879364061 -0.029376487012
0.000000000000 1001810432 0.999909614310 0.011690820273 -0.006639874364 -19.598844006598 -0.011879756822 0.999503970826 -0.029166482154 0.134264731050 0.006295600691 0.029242726015 0.999552514072 -0.048233891267 0.000000000000 0.000000000000 0.000000000000 1.000000000000 -23.490466664040 0.096916932974 0.083916508123 0.011892911428 -0.002087416667 -0.028588928698
0.000000000000 1011810432 0.999906196807 0.011964268457 -0.006667373362 -19.833708837647 -0.012154641036 0.999497227996 -0.029284055883 0.140763447733 0.006313658888 0.029362348475 0.999548893353 -0.047757023186 0.000000000000 0.000000000000 0.000000000000 1.000000000000 -23.490104430838 0.119980442072 0.085039647668 0.011991758193 -0.001816012740 -0.026334051188
0.000000000000 1021810432 0.999902965828 0.012218001180 -0.006691739415 -20.068567646902 -0.012409736025 0.999490613835 -0.029402573159 0.147140506690 0.006329090062 0.029482762825 0.999545251259 -0.047220959766 0.000000000000 0.000000000000 0.000000000000 1.000000000000 -23.489019439366 0.138664834025 0.086179091036 0.012056757242 -0.001570294035 -0.024629453536
0.000000000000 1031810432 0.999899865408 0.012457511760 -0.006713386530 -20.303412651813 -0.012650541812 0.999484084592 -0.029521660497 0.153453223886 0.006342156557 0.029603632335 0.999541595934 -0.046629524530 0.000000000000 0.000000000000 0.000000000000 1.000000000000 -23.487213537917 0.152840634246 0.087340362539 0.012087911370 -0.001350185760 -0.023475139394
0.000000000000 1041810432 0.999896833459 0.012688293367 -0.006732729807 -20.538235966360 -0.012882558399 0.999477590613 -0.029640943839 0.159761497976 0.006353119575 0.029724620670 0.999537935647 -0.045986650889 0.000000000000 0.000000000000 0.000000000000 1.000000000000 -23.484688638790 0.162378384539 0.088528943365 0.012085222482 -0.001155613344 -0.022871112332
0.000000000000 1051810432 0.999893802410 0.012915839022 -0.006750185477 -20.773029605036 -0.013111285773 0.999471076965 -0.029760048645 0.166127810361 0.006362239150 0.029845391810 0.999534278802 -0.045296381497 0.000000000000 0.000000000000 0.000000000000 1.000000000000 -23.481446714317 0.167148643045 0.089750271617 0.012048691583 -0.000986502432 -0.022817375847
0.000000000000 1061810432 0.999890699546 0.013145641590 -0.006766170903 -21.007785483550 -0.013342223910 0.999464483774 -0.029878599967 0.172617224805 0.006369774142 0.029965609990 0.999530633945 -0.044562867803 0.000000000000 0.000000000000 0.000000000000 1.000000000000 -23.477489797646 0.167021984290 0.091009742650 0.011978318787 -0.000842778891 -0.023313933352
0.000000000000 1071810432 0.999887447038 0.013383193777 -0.006781104580 -21.242495416090 -0.013580872779 0.999457746246 -0.029996222494 0.179297386591 0.006375982243 0.030084939649 0.999527009769 -0.043790369799 0.000000000000 0.000000000000 0.000000000000 1.000000000000 -23.472819988282 0.161868999318 0.092312709702 0.011874103313 -0.000724368808 -0.024360788185
0.000000000000 1081810432 0.999883961679 0.013633988126 -0.006795406102 -21.477151108970 -0.013832732332 0.999450794395 -0.030112540573 0.186238521220 0.006381120006 0.030203045398 0.999523415111 -0.042983255970 0.000000000000 0.000000000000 0.000000000000 1.000000000000 -23.467439462382 0.151560295911 0.093664484820 0.011736043495 -0.000631198488 -0.025957943606
