0.000000000000 497664 1.000000000000 0.000000000000 0.000000000000 0.000000000000 0.000000000000 1.000000000000 0.000000000000 0.000000000000 0.000000000000 0.000000000000 1.000000000000 0.000000000000 0.000000000000 0.000000000000 0.000000000000 1.000000000000 0.000000000000 0.000000000000 0.000000000000 0.000000000000 0.000000000000 0.000000000000
0.000000000000 10497664 0.999999999608 0.000022118569 0.000017175984 -0.000011257870 -0.000022118935 0.999999999528 0.000021338361 0.000002144675 -0.000017175512 -0.000021338741 0.999999999625 -0.000002332383 0.000000000000 0.000000000000 0.000000000000 1.000000000000 -0.002170775993 0.000413517765 -0.000449595263 -0.004113505450 0.003310387943 -0.004263464179
0.000000000000 20497664 0.999999994603 0.000082061037 0.000063715776 -0.000041799493 -0.000082066082 0.999999993498 0.000079183400 0.000007963780 -0.000063709278 -0.000079188628 0.999999994835 -0.000008652969 0.000000000000 0.000000000000 0.000000000000 1.000000000000 -0.003856759355 0.000734651318 -0.000797814465 -0.007301782478 0.005872206472 -0.007565211163
0.000000000000 30497664 0.999999976785 0.000170206398 0.000132138625 -0.000086776864 -0.000170228105 0.999999972017 0.000164278858 0.000016535563 -0.000132110660 -0.000164301348 0.999999977776 -0.000017946454 0.000000000000 0.000000000000 0.000000000000 1.000000000000 -0.005057950044 0.000963400986 -0.001044657340 -0.009564831203 0.007685455760 -0.009905240706
0.000000000000 40497664 0.999999938549 0.000276933917 0.000214963426 -0.000141341980 -0.000276991388 0.999999925895 0.000267368766 0.000026938134 -0.000214889366 -0.000267428293 0.999999941152 -0.000029197636 0.000000000000 0.000000000000 0.000000000000 1.000000000000 -0.005774347988 0.001099767314 -0.001190123452 -0.010902651821 0.008750136089 -0.011283552399
0.000000000000 50497664 0.999999876500 0.000392624820 0.000304706554 -0.000200646875 -0.000392740355 0.999999850981 0.000379199193 0.000038248548 -0.000304557626 -0.000379318817 0.999999881681 -0.000041392104 0.000000000000 0.000000000000 0.000000000000 1.000000000000 -0.006005953088 0.001143751066 -0.001234212187 -0.011315244605 0.009066247857 -0.011700145669
0.000000000000 60497664 0.999999793568 0.000507663289 0.000393880585 -0.000259843639 -0.000507856473 0.999999750736 0.000490519274 0.000049542262 -0.000393631468 -0.000490719208 0.999999802124 -0.000053516631 0.000000000000 0.000000000000 0.000000000000 1.000000000000 -0.005752765214 0.001095353224 -0.001176922754 -0.010802609909 0.008633791575 -0.011155019778
0.000000000000 70497664 0.999999699651 0.000612436766 0.000474993904 -0.000314084431 -0.000612717963 0.999999637008 0.000592081524 0.000059892963 -0.000474631119 -0.000592372384 0.999999711910 -0.000064559301 0.000000000000 0.000000000000 0.000000000000 1.000000000000 -0.005014784208 0.000954574987 -0.001018254189 -0.009364748162 0.007452767868 -0.009648173826
0.000000000000 80497664 0.999999610764 0.000697335563 0.000540551210 -0.000358521471 -0.000697700184 0.999999529037 0.000674641427 0.000068372767 -0.000540080504 -0.000675018307 0.999999626332 -0.000073509355 0.000000000000 0.000000000000 0.000000000000 1.000000000000 -0.003792009885 0.000721417774 -0.000758205352 -0.007001659875 0.005523177474 -0.007179606749
0.000000000000 90497663 0.999999546706 0.000752751773 0.000583054897 -0.000388307021 -0.000753176723 0.999999450674 0.000728956298 0.000074052795 -0.000582505853 -0.000729395111 0.999999564335 -0.000079356760 0.000000000000 0.000000000000 0.000000000000 1.000000000000 -0.002084442226 0.000395883259 -0.000396774969 -0.003713346009 0.002845021551 -0.003749317709
0.000000000000 100497663 0.999999527327 0.000769029036 0.000594928205 -0.000436029902 -0.000769473056 0.999999425345 0.000746472898 0.000077380125 -0.000594353804 -0.000746930326 0.999999544419 -0.000080770677 0.000000000000 0.000000000000 0.000000000000 1.000000000000 -0.061586061673 0.002239653487 0.000598456406 -0.000639051071 -0.000706561746 0.000717790697
0.000000000000 110497663 0.999999567675 0.000736900654 0.000567122246 -0.003463784788 -0.000737340212 0.999999427659 0.000775249209 0.000181240307 -0.000566550640 -0.000775667036 0.999999538680 -0.000048303445 0.000000000000 0.000000000000 0.000000000000 1.000000000000 -0.533461077219 0.017733556471 0.006076572157 -0.004978414206 -0.004577268973 0.005525657831
0.000000000000 120497663 0.999999651258 0.000662313513 0.000508747425 -0.010895208541 -0.000662742450 0.999999424709 0.000843418664 0.000415217910 -0.000508188525 -0.000843755538 0.999999514910 0.000043668274 0.000000000000 0.000000000000 0.000000000000 1.000000000000 -0.942315907176 0.028356631833 0.012573661597 -0.008513402904 -0.006813152409 0.009214746162
0.000000000000 130497663 0.999999750068 0.000556447141 0.000436153642 -0.022100127517 -0.000556858207 0.999999400399 0.000942926173 0.000729863111 -0.000435628692 -0.000943168813 0.999999460330 0.000204868280 0.000000000000 0.000000000000 0.000000000000 1.000000000000 -1.288150660114 0.034105411430 0.020081394323 -0.011244073932 -0.007414228251 0.011784991216
0.000000000000 140497664 0.999999840479 0.000430478732 0.000365691088 -0.036448362734 -0.000430868240 0.999999339297 0.001065719559 0.001075693151 -0.000365232077 -0.001065876954 0.999999365256 0.000445241283 0.000000000000 0.000000000000 0.000000000000 1.000000000000 -1.570965536129 0.034974262208 0.028586253827 -0.013170519496 -0.006380522414 0.013236288798
0.000000000000 150497664 0.999999907108 0.000295580723 0.000313712834 -0.053309708620 -0.000295958156 0.999999231695 0.001203751943 0.001403465092 -0.000313356787 -0.001203844677 0.999999226282 0.000775263388 0.000000000000 0.000000000000 0.000000000000 1.000000000000 -1.790760719769 0.030955383183 0.038069535044 -0.014292866545 -0.003712071129 0.013568494530
0.000000000000 160497664 0.999999942750 0.000162919553 0.000296576442 -0.072053930428 -0.000163319488 0.999999076786 0.001348982432 0.001664377716 -0.000296356393 -0.001349030791 0.999999046144 0.001206145780 0.000000000000 0.000000000000 0.000000000000 1.000000000000 -1.947536551539 0.022038802944 0.048507350409 -0.014611277947 0.000591079667 0.012781424738
0.000000000000 170497664 0.999999944384 0.000043655864 0.000330644753 -0.092050751185 -0.000044149595 0.999998883941 0.001493374859 0.001810201788 -0.000330579189 -0.001493389374 0.999998830252 0.001749931150 0.000000000000 0.000000000000 0.000000000000 1.000000000000 -2.041293413578 0.008212376730 0.059870627143 -0.014125951675 0.006528874078 0.010874855793
0.000000000000 180497664 0.999999905261 -0.000051054047 0.000432285738 -0.112669848876 0.000050349836 0.999998672083 0.001628894742 0.001793339112 -0.000432368326 -0.001628872822 0.999998579914 0.002419483243 0.000000000000 0.000000000000 0.000000000000 1.000000000000 -2.072031770761 -0.010538213619 0.072125107981 -0.012837121112 0.014101246299 0.007848524371
0.000000000000 190497664 0.999999803061 -0.000110055447 0.000617871462 -0.133280855565 0.000108975567 0.999998467175 0.001747504403 0.001566810055 -0.000618062837 -0.001747436726 0.999998282230 0.003228369478 0.000000000000 0.000000000000 0.000000000000 1.000000000000 -2.039752186159 -0.034229457540 0.085231350165 -0.010745055165 0.023308120670 0.003702127538
0.000000000000 200497664 0.999999584965 -0.000123355869 0.000902692247 -0.153264462722 0.000121693662 0.999998297563 0.001841211935 0.001086505362 -0.000902917834 -0.001841101319 0.999997897540 0.004188517416 0.000000000000 0.000000000000 0.000000000000 1.000000000000 -1.962895719976 -0.058727152859 0.095926776130 -0.007942490915 0.032362946873 0.000356183678
0.000000000000 210497664 0.999999252084 -0.000174050037 0.001210593912 -0.173034999364 0.000171739324 0.999998163902 0.001908585397 0.000506818116 -0.001210923879 -0.001908376063 0.999997445879 0.005140442181 0.000000000000 0.000000000000 0.000000000000 1.000000000000 -1.991336482603 -0.055722043753 0.084754258197 -0.005548546247 0.029250938700 0.009346703936
0.000000000000 220497664 0.999998846933 -0.000304995415 0.001487652374 -0.193085161825 0.000302089835 0.999998047333 0.001952964692 -0.000062030584 -0.001488245115 -0.001952513035 0.999996986405 0.005990899422 0.000000000000 0.000000000000 0.000000000000 1.000000000000 -2.018843882870 -0.053419315244 0.075520815430 -0.003319244088 0.026225842292 0.016414887503
0.000000000000 230497664 0.999998371800 -0.000496961653 0.001734769653 -0.213405596922 0.000493533506 0.999997925905 0.001976008661 -0.000626637441 -0.001735748056 -0.001975149276 0.999996542976 0.006758265910 0.000000000000 0.000000000000 0.000000000000 1.000000000000 -2.045416315214 -0.051857438630 0.068224392834 -0.001255128841 0.023287551230 0.021560776424
0.000000000000 240497664 0.999997826204 -0.000730721252 0.001952852483 -0.233986953809 0.000726855808 0.999997776903 0.001979360856 -0.001192860494 -0.001954294503 -0.001977937111 0.999996134241 0.007460926908 0.000000000000 0.000000000000 0.000000000000 1.000000000000 -2.071052205931 -0.051075375293 0.062862929948 0.000643307155 0.020435990112 0.024784409863
0.000000000000 250497664 0.999997217046 -0.000987049233 0.002142809914 -0.254819885568 0.000982839710 0.999997587080 0.001964652607 -0.001765793721 -0.002144743953 -0.001962541101 0.999995774244 0.008117278079 0.000000000000 0.000000000000 0.000000000000 1.000000000000 -2.095750006113 -0.051112576041 0.059434357447 0.002375623629 0.017671114463 0.026085824033
0.000000000000 260497664 0.999996565052 -0.001246722829 0.002305551236 -0.275895051799 0.001242266007 0.999997359162 0.001933505912 -0.002349743142 -0.002307955694 -0.001930635163 0.999995472984 0.008745727472 0.000000000000 0.000000000000 0.000000000000 1.000000000000 -2.119508189508 -0.052008980751 0.057936594050 0.003941432376 0.014992910728 0.025465052128
0.000000000000 270497664 0.999995907521 -0.001490521187 0.002441984213 -0.297203122055 0.001485913634 0.999997114630 0.001887536156 -0.002948204399 -0.002444790579 -0.001883899854 0.999995236949 0.009364697579 0.000000000000 0.000000000000 0.000000000000 1.000000000000 -2.142325255405 -0.053805018319 0.058367543735 0.005340397238 0.012401396309 0.022922124275
0.000000000000 280497664 0.999995297367 -0.001699225089 0.002553013629 -0.318734779941 0.001694559963 0.999996892788 0.001828354655 -0.003563841846 -0.002556112482 -0.001824019823 0.999995069608 0.009992627453 0.000000000000 0.000000000000 0.000000000000 1.000000000000 -2.164199736677 -0.056541606879 0.060725093299 0.006572234088 0.009896619664 0.018457067491
0.000000000000 290497664 0.999994798453 -0.001853616665 0.002639540151 -0.340480727693 0.001848981072 0.999996746101 0.001757571026 -0.004198469113 -0.002642789425 -0.001752681425 0.999994971873 0.010647974860 0.000000000000 0.000000000000 0.000000000000 1.000000000000 -2.185130213083 -0.060260154282 0.065007110265 0.007636710829 0.007478660435 0.012069905662
0.000000000000 300497664 0.999994475649 -0.001935253937 0.002702492096 -0.362431299213 0.001930726339 0.999996730067 0.001676947110 -0.004851599329 -0.002705728578 -0.001671720073 0.999994942180 0.011347833239 0.000000000000 0.000000000000 0.000000000000 1.000000000000 -2.204482079925 -0.062188790844 0.068907328089 0.008287818598 0.005203416029 0.005041295355
0.000000000000 310497664 0.999994247323 -0.001992047760 0.002745372009 -0.384549770982 0.001987660246 0.999996744675 0.001599952028 -0.005411505199 -0.002748550253 -0.001594485957 0.999994951530 0.011996676621 0.000000000000 0.000000000000 0.000000000000 1.000000000000 -2.219598201181 -0.045863136925 0.058061850339 0.007166173161 0.003400010716 0.006245777601
0.000000000000 320497664 0.999994042229 -0.002059125211 0.002770471069 -0.406826327676 0.002054882210 0.999996712937 0.001533484655 -0.005828188804 -0.002773619599 -0.001527782527 0.999994986445 0.012540742407 0.000000000000 0.000000000000 0.000000000000 1.000000000000 -2.236077597656 -0.032495409372 0.049162523901 0.006188335724 0.001649656867 0.007104193921
0.000000000000 330497664 0.999993865527 -0.002133029061 0.002778325883 -0.429274635917 0.002128933885 0.999996644384 0.001476096733 -0.006130292995 -0.002781465118 -0.001470172806 0.999995051010 0.012998928819 0.000000000000 0.000000000000 0.000000000000 1.000000000000 -2.253919915753 -0.022093461483 0.042208058691 0.005354294008 -0.000047612812 0.007616544234
0.000000000000 340497664 0.999993722275 -0.002210301497 0.002769472642 -0.451908357643 0.002206357512 0.999996548765 0.001426339611 -0.006346317448 -0.002772615725 -0.001420220210 0.999995147777 0.013390141672 0.000000000000 0.000000000000 0.000000000000 1.000000000000 -2.273124851460 -0.014665208851 0.037197140293 0.004664041333 -0.001691767765 0.007782830456
0.000000000000 350497664 0.999993617692 -0.002287484269 0.002744447300 -0.474741149476 0.002283695768 0.999996436342 0.001382764548 -0.006504614579 -0.002747600572 -0.001376488240 0.999995277974 0.013733295611 0.000000000000 0.000000000000 0.000000000000 1.000000000000 -2.293692150148 -0.010218629407 0.034128430231 0.004117576617 -0.003282779589 0.007603056504
0.000000000000 360497664 0.999993557310 -0.002361118823 0.002703785705 -0.497786662972 0.002357491639 0.999996318045 0.001343923007 -0.006633385263 -0.002706948911 -0.001337540196 0.999995441697 0.014047315017 0.000000000000 0.000000000000 0.000000000000 1.000000000000 -2.315621606562 -0.008761763450 0.033000566169 0.003714904375 -0.004820622031 0.007077228295
0.000000000000 370497664 0.999993546988 -0.002427746434 0.002648023683 -0.521058545744 0.002424288279 0.999996205494 0.001308366921 -0.006760674353 -0.002651190018 -0.001301938905 0.999995638064 0.014351134569 0.000000000000 0.000000000000 0.000000000000 1.000000000000 -2.338913064997 -0.010302713682 0.033812162020 0.003456034724 -0.006305270990 0.006205353743
0.000000000000 380497664 0.999993592818 -0.002483908323 0.002577697070 -0.544570443476 0.002480628898 0.999996110868 0.001274648949 -0.006914366003 -0.002580853156 -0.001268246472 0.999995865365 0.014663699471 0.000000000000 0.000000000000 0.000000000000 1.000000000000 -2.363566419676 -0.014849645219 0.036561807986 0.003340983380 -0.007736704514 0.004987442763
0.000000000000 390497664 0.999993700898 -0.002526145776 0.002493341689 -0.568336002785 0.002523056640 0.999996046644 0.001241322705 -0.007122178789 -0.002496467594 -0.001235024043 0.999996121175 0.015003965346 0.000000000000 0.000000000000 0.000000000000 1.000000000000 -2.389581615321 -0.022410785589 0.041248070510 0.003369771659 -0.009114902802 0.003423507268
0.000000000000 400497664 0.999993875521 -0.002551494935 0.002395577855 -0.592367906436 0.002548608812 0.999996023802 0.001207051636 -0.007410623827 -0.002398648116 -0.001200938852 0.999996402110 0.015389072906 0.000000000000 0.000000000000 0.000000000000 1.000000000000 -2.415370265704 -0.030802094372 0.044781141565 0.003365060929 -0.010299288351 0.002327559087
0.000000000000 410497664 0.999994002599 -0.002596360088 0.002292091008 -0.616599545814 0.002593661451 0.999995940774 0.001179557620 -0.007717977377 -0.002295144261 -0.001173605637 0.999996677476 0.015690642139 0.000000000000 0.000000000000 0.000000000000 1.000000000000 -2.430892802868 -0.025328754324 0.028617592036 0.002161231130 -0.010364071108 0.006542107724
0.000000000000 420497664 0.999994015014 -0.002679534653 0.002188613596 -0.640991778520 0.002676991735 0.999995739413 0.001163989372 -0.008001666148 -0.002191723221 -0.001158123505 0.999996927545 0.015844328592 0.000000000000 0.000000000000 0.000000000000 1.000000000000 -2.447547299395 -0.021075256207 0.015682636945 0.000996154997 -0.010288605969 0.009989021400
0.000000000000 430497664 0.999993921739 -0.002793342736 0.002086557327 -0.665555930928 0.002790926672 0.999995432629 0.001159934766 -0.008270851012 -0.002089787893 -0.001154104287 0.999997150411 0.015883306074 0.000000000000 0.000000000000 0.000000000000 1.000000000000 -2.465333840473 -0.018060460073 0.005972726763 -0.000130099794 -0.010072877614 0.012668306339
0.000000000000 440497664 0.999993732467 -0.002930108547 0.001987332784 -0.690303340432 0.002927793159 0.999995033076 0.001166983650 -0.008534339683 -0.001990742302 -0.001161157836 0.999997344325 0.015840814604 0.000000000000 0.000000000000 0.000000000000 1.000000000000 -2.484252476990 -0.016303360181 -0.000515698368 -0.001217470983 -0.009716878319 0.014579967115
0.000000000000 450497664 0.999993459640 -0.003082156475 0.001892349905 -0.715245354278 0.003079917917 0.999994555248 0.001184727953 -0.008800579364 -0.001895991118 -0.001178891922 0.999997507713 0.015750162283 0.000000000000 0.000000000000 0.000000000000 1.000000000000 -2.504303223672 -0.015823085210 -0.003786207617 -0.002265901728 -0.009220607947 0.015724006644
0.000000000000 460497664 0.999993119869 -0.003241811164 0.001803018442 -0.740393328597 0.003239627425 0.999994016994 0.001212761688 -0.009077648644 -0.001806939199 -0.001206912236 0.999997639164 0.015644727273 0.000000000000 0.000000000000 0.000000000000 1.000000000000 -2.525486058233 -0.016638898447 -0.003842378465 -0.003275340603 -0.008584073949 0.016100426188
0.000000000000 470497664 0.999992734733 -0.003401397584 0.001720748390 -0.765758627647 0.003399247862 0.999993440434 0.001250680836 -0.009373248663 -0.001724991165 -0.001244822499 0.999997737409 0.015557959884 0.000000000000 0.000000000000 0.000000000000 1.000000000000 -2.547800921525 -0.018770197949 -0.000687795745 -0.004245741600 -0.007807291361 0.015709225350
0.000000000000 480497664 0.999992330987 -0.003553241091 0.001646950376 -0.791352623200 0.003551105048 0.999992852291 0.001298083136 -0.009694693515 -0.001651551006 -0.001292224687 0.999997801265 0.015523384775 0.000000000000 0.000000000000 0.000000000000 1.000000000000 -2.571247718706 -0.022236516688 0.005673949292 -0.005177064124 -0.006890282807 0.014550402075
0.000000000000 490497664 0.999991940143 -0.003689667480 0.001583036026 -0.817186694061 0.003687524400 0.999992283625 0.001354567754 -0.010048899923 -0.001588021716 -0.001348719352 0.999997829569 0.015574603254 0.000000000000 0.000000000000 0.000000000000 1.000000000000 -2.595826321435 -0.027057522685 0.015239259881 -0.006069272998 -0.005833078512 0.012623952647
0.000000000000 500497664 0.999991595610 -0.003803496393 0.001530400139 -0.843271222481 0.003801324179 0.999991767031 0.001419790199 -0.010441737706 -0.001535787706 -0.001413960719 0.999997821033 0.015743667852 0.000000000000 0.000000000000 0.000000000000 1.000000000000 -2.619893241944 -0.031518516513 0.025343706486 -0.007011388054 -0.004664935908 0.010741884884
0.000000000000 510497664 0.999991180168 -0.003927312005 0.001488558607 -0.869535458983 0.003925083317 0.999991176036 0.001497187892 -0.010826837766 -0.001494425396 -0.001491331970 0.999997771308 0.015926852899 0.000000000000 0.000000000000 0.000000000000 1.000000000000 -2.633303359219 -0.024715440117 0.018536208455 -0.008367580164 -0.003675984028 0.013880377386
0.000000000000 520497664 0.999990624810 -0.004077928958 0.001456292672 -0.895939833876 0.004075618073 0.999990436473 0.001586284837 -0.011176654684 -0.001462747502 -0.001580334672 0.999997681453 0.016057801400 0.000000000000 0.000000000000 0.000000000000 1.000000000000 -2.648018337795 -0.019127464589 0.013385326897 -0.009344259913 -0.002739497473 0.016099960698
0.000000000000 530497664 0.999989958149 -0.004246158810 0.001433086384 -0.922497488754 0.004243744899 0.999989578558 0.001683272109 -0.011496604570 -0.001440218890 -0.001677173552 0.999997556426 0.016153076086 0.000000000000 0.000000000000 0.000000000000 1.000000000000 -2.664037835778 -0.014778842982 0.009892598903 -0.009941389958 -0.001855500728 0.017400651645
0.000000000000 540497664 0.999989213336 -0.004422813466 0.001418426264 -0.949221573476 0.004420279940 0.999988638561 0.001784341611 -0.011791627770 -0.001426301959 -0.001778052523 0.999997402093 0.016229212965 0.000000000000 0.000000000000 0.000000000000 1.000000000000 -2.681361516387 -0.011693994971 0.008059576670 -0.010158940391 -0.001024018813 0.017782464015
0.000000000000 550497664 0.999988429297 -0.004598705006 0.001411801828 -0.976125243840 0.004596039224 0.999987660230 0.001885685642 -0.012066181372 -0.001420456119 -0.001879175127 0.999997225499 0.016302722107 0.000000000000 0.000000000000 0.000000000000 1.000000000000 -2.699989047289 -0.009897506813 0.007887827826 -0.009996888739 -0.000245077288 0.017245408558
0.000000000000 560497664 0.999987651131 -0.004764645522 0.001412705760 -1.003221659810 0.004761838836 0.999986695228 0.001983496506 -0.012324231131 -0.001422137622 -0.001976744935 0.999997034998 0.016390088170 0.000000000000 0.000000000000 0.000000000000 1.000000000000 -2.719920101411 -0.009414131365 0.009378935153 -0.009455219960 0.000481297748 0.015789492984
0.000000000000 570497664 0.999986929659 -0.004911446979 0.001420633736 -1.030523984224 0.004908495058 0.999985802570 0.002073966166 -0.012569242802 -0.001430799741 -0.002066965885 0.999996840227 0.016507770678 0.000000000000 0.000000000000 0.000000000000 1.000000000000 -2.741154359277 -0.010268788163 0.012534495682 -0.008533926450 0.001155079654 0.013414721963
0.000000000000 580497664 0.999986320120 -0.005029921084 0.001435083895 -1.058045381948 0.005026824492 0.999985047086 0.002153285954 -0.012804172889 -0.001445893294 -0.002146042583 0.999996651941 0.016672204103 0.000000000000 0.000000000000 0.000000000000 1.000000000000 -2.763691512880 -0.012486563560 0.017356119180 -0.007233008047 0.001776241243 0.010121097125
0.000000000000 590497664 0.999985880036 -0.005110879172 0.001455555966 -1.085799019401 0.005107644149 0.999984496888 0.002217646313 -0.013031458803 -0.001466867522 -0.002210180538 0.999996481695 0.016899797736 0.000000000000 0.000000000000 0.000000000000 1.000000000000 -2.787531271094 -0.016092710931 0.023845425981 -0.005552472033 0.002344754779 0.005908617053
0.000000000000 600497664 0.999985661855 -0.005146032954 0.001481360725 -1.113796795337 0.005142672448 0.999984214694 0.002263466905 -0.013252990910 -0.001492985216 -0.002255816298 0.999996341137 0.017205327815 0.000000000000 0.000000000000 0.000000000000 1.000000000000 -2.810591376954 -0.019434703325 0.029687769060 -0.003871068755 0.002551568124 0.002265308992
0.000000000000 610497664 0.999985360438 -0.005199898445 0.001496651732 -1.141947072702 0.005196438643 0.999983838701 0.002306374265 -0.013470267764 -0.001508620456 -0.002298563242 0.999996220329 0.017472500931 0.000000000000 0.000000000000 0.000000000000 1.000000000000 -2.819896046075 -0.012328361902 0.020468416814 -0.004661239860 0.000548092144 0.008280436077
0.000000000000 620497664 0.999984802955 -0.005307253986 0.001492285053 -1.170197031740 0.005303728982 0.999983159084 0.002356269701 -0.013689695947 -0.001504765243 -0.002348319218 0.999996110532 0.017634547770 0.000000000000 0.000000000000 0.000000000000 1.000000000000 -2.830607451229 -0.007221675377 0.013069763510 -0.005252635048 -0.001354537389 0.012972432323
0.000000000000 630497664 0.999984042663 -0.005454868816 0.001469294537 -1.198560884844 0.005451316217 0.999982234612 0.002411143434 -0.013918861984 -0.001482420906 -0.002403095369 0.999996013773 0.017709727713 0.000000000000 0.000000000000 0.000000000000 1.000000000000 -2.842725274602 -0.004152051527 0.007489075705 -0.005645259699 -0.003156364937 0.016341293537
0.000000000000 640497664 0.999983133541 -0.005629512063 0.001428715302 -1.227052843154 0.005625973227 0.999981126093 0.002468984045 -0.014164620359 -0.001442587512 -0.002460904488 0.999995931437 0.017716350404 0.000000000000 0.000000000000 0.000000000000 1.000000000000 -2.856249188866 -0.003157110083 0.003723588948 -0.005839098741 -0.004857433457 0.018387018717
0.000000000000 650497664 0.999982134930 -0.005817952961 0.001371584335 -1.255687118440 0.005814472838 0.999979900915 0.002527779852 -0.014433086765 -0.001386263272 -0.002519759654 0.999995864534 0.017672775027 0.000000000000 0.000000000000 0.000000000000 1.000000000000 -2.871178852782 -0.004274682719 0.001770508234 -0.005834116642 -0.006457784407 0.019109610052
0.000000000000 660497664 0.999981114407 -0.006006961059 0.001298940831 -1.284477925731 0.006003587668 0.999978635782 0.002585520143 -0.014729629850 -0.001314444199 -0.002577673008 0.999995813910 0.017597409592 0.000000000000 0.000000000000 0.000000000000 1.000000000000 -2.887513910108 -0.007542813044 0.001627007980 -0.005630257407 -0.007957457736 0.018509072928
0.000000000000 670497664 0.999980148903 -0.006183306380 0.001211826259 -1.313439486593 0.006180089969 0.999977417671 0.002640196270 -0.015058861441 -0.001228124036 -0.002632654664 0.999995780411 0.017508710247 0.000000000000 0.000000000000 0.000000000000 1.000000000000 -2.905253991852 -0.012999756572 0.003290231510 -0.005227444589 -0.009356491884 0.016585415927
0.000000000000 680497664 0.999979324055 -0.006333759567 0.001111284166 -1.342586032913 0.006330751489 0.999976342994 0.002689802619 -0.015424625267 -0.001128294439 -0.002682711741 0.999995764996 0.017425180621 0.000000000000 0.000000000000 0.000000000000 1.000000000000 -2.924398721903 -0.020683980689 0.006757290039 -0.004625581289 -0.010654923794 0.013338650837
0.000000000000 690497664 0.999978731807 -0.006445091989 0.000998359711 -1.371931811100 0.006442343342 0.999975514972 0.002732337425 -0.015829984168 -0.001015945433 -0.002725847537 0.999995768796 0.017365371235 0.000000000000 0.000000000000 0.000000000000 1.000000000000 -2.944947726076 -0.030634164590 0.012025261162 -0.003824550168 -0.011852788917 0.008768792652
0.000000000000 700497664 0.999978461163 -0.006504846689 0.000874174128 -1.401490039367 0.006502406444 0.999975033880 0.002765922547 -0.016276121529 -0.000892144206 -0.002760178737 0.999995792737 0.017346743009 0.000000000000 0.000000000000 0.000000000000 1.000000000000 -2.965196880851 -0.039330548938 0.017038332057 -0.003018995373 -0.012822525548 0.004147445096
0.000000000000 710497664 0.999978174434 -0.006564599164 0.000746118982 -1.431187931212 0.006562487646 0.999974551958 0.002798069213 -0.016681103097 -0.000764468198 -0.002793111747 0.999995807049 0.017295373640 0.000000000000 0.000000000000 0.000000000000 1.000000000000 -2.974309666831 -0.025344889724 0.009158632761 -0.003343461281 -0.012725883535 0.007757413194
0.000000000000 720497664 0.999977650222 -0.006656942773 0.000619814531 -1.460981525313 0.006655162235 0.999973844640 0.002831757821 -0.017013518125 -0.000638649169 -0.002827569566 0.999995798480 0.017174624827 0.000000000000 0.000000000000 0.000000000000 1.000000000000 -2.984460075761 -0.015045396666 0.003380605081 -0.003324437059 -0.012453639834 0.010665684693
0.000000000000 730497664 0.999976926807 -0.006774866001 0.000497034670 -1.490881263768 0.006773415815 0.999972960119 0.002863541234 -0.017301988880 -0.000516421338 -0.002860108540 0.999995776535 0.017008116652 0.000000000000 0.000000000000 0.000000000000 1.000000000000 -2.995647900736 -0.008452978946 -0.000300920356 -0.002961850546 -0.012005786194 0.012872296994
0.000000000000 740497664 0.999976044245 -0.006911358294 0.000379554598 -1.520897597585 0.006910233053 0.999971947969 0.002889974694 -0.017574726345 -0.000399517602 -0.002887282652 0.999995751983 0.016819572428 0.000000000000 0.000000000000 0.000000000000 1.000000000000 -3.007872878985 -0.005588665976 -0.001891163215 -0.002255636609 -0.011382304230 0.014377286610
0.000000000000 750497664 0.999975045833 -0.007059409951 0.000269151074 -1.551040982353 0.007058597798 0.999970860559 0.002907615868 -0.017859527326 -0.000289669283 -0.002905643482 0.999995736655 0.016632819917 0.000000000000 0.000000000000 0.000000000000 1.000000000000 -3.021134690349 -0.006473607188 -0.001395394182 -0.001205737140 -0.010583165411 0.015180689160
0.000000000000 760497664 0.999973979058 -0.007212011974 0.000167602422 -1.581321875490 0.007211493258 0.999969753868 0.002913024760 -0.018183771648 -0.000188606122 -0.002911740297 0.999995743089 0.016471791797 0.000000000000 0.000000000000 0.000000000000 1.000000000000 -3.035432956795 -0.011129071694 0.001181063832 0.000187898942 -0.009608331066 0.015282539376
0.000000000000 770497664 0.999972896023 -0.007362155830 0.000076688307 -1.611750735024 0.007361902233 0.999968687690 0.002902763504 -0.018574419424 -0.000098056503 -0.002902120255 0.999995784033 0.016360525373 0.000000000000 0.000000000000 0.000000000000 1.000000000000 -3.050767242999 -0.019576447830 0.005832833994 0.001925315694 -0.008457752385 0.014682871093
0.000000000000 780497664 0.999971853349 -0.007502833173 -0.000001810739 -1.642338019884 0.007502807402 0.999967725217 0.002873396030 -0.019058008431 -0.000019747931 -0.002873328739 0.999995871787 0.016323161566 0.000000000000 0.000000000000 0.000000000000 1.000000000000 -3.067137058003 -0.031837242586 0.012554483342 0.004006550152 -0.007131370427 0.013381717258
0.000000000000 790497664 0.999970911556 -0.007627035479 -0.000066114031 -1.673094191639 0.007627191671 0.999966932031 0.002821487604 -0.019660651568 0.000044592259 -0.002821909796 0.999996017410 0.016383943187 0.000000000000 0.000000000000 0.000000000000 1.000000000000 -3.084541857961 -0.047933080915 0.021340520082 0.006431632336 -0.005629116134 0.011379109927
0.000000000000 800497664 0.999970131541 -0.007728057104 -0.000114712627 -1.704029387387 0.007728342842 0.999966370435 0.002744214954 -0.020405434278 0.000093501320 -0.002745019527 0.999996228056 0.016565539390 0.000000000000 0.000000000000 0.000000000000 1.000000000000 -3.102435673602 -0.062760887728 0.030163727219 0.008194708531 -0.004396625212 0.009177557635
0.000000000000 810497664 0.999969371212 -0.007824844637 -0.000168651991 -1.735123532382 0.007825269792 0.999965769499 0.002687933010 -0.021103155764 0.000147613559 -0.002689170430 0.999996373280 0.016751676363 0.000000000000 0.000000000000 0.000000000000 1.000000000000 -3.116524800819 -0.043704809087 0.025984391529 0.003157332327 -0.006349304067 0.010169113697
0.000000000000 820497664 0.999968525459 -0.007930277870 -0.000242455709 -1.766355894615 0.007930899179 0.999964961106 0.002679066616 -0.021641329796 0.000221201471 -0.002680905186 0.999996381902 0.016867106090 0.000000000000 0.000000000000 0.000000000000 1.000000000000 -3.130059839228 -0.027361977560 0.023110218248 -0.001290025051 -0.008365450790 0.010917095841
0.000000000000 830497664 0.999967606561 -0.008041916701 -0.000336756070 -1.797721001607 0.008042800746 0.999963979336 0.002711712779 -0.022043431177 0.000314936571 -0.002714333400 0.999996266598 0.016922435281 0.000000000000 0.000000000000 0.000000000000 1.000000000000 -3.143040497195 -0.013739806450 0.021543412000 -0.005147338994 -0.010445000905 0.011421546902
0.000000000000 840497664 0.999966626277 -0.008157319447 -0.000452184805 -1.829213379042 0.008158545778 0.999962854263 0.002779968383 -0.022332791844 0.000429490919 -0.002783564776 0.999996033644 0.016928201616 0.000000000000 0.000000000000 0.000000000000 1.000000000000 -3.155466530620 -0.002845693732 0.021286219652 -0.008414579522 -0.012587896355 0.011682524438
0.000000000000 850497664 0.999965595832 -0.008274043341 -0.000589372479 -1.860827549631 0.008275706629 0.999961614361 0.002877930427 -0.022532595471 0.000565537734 -0.002882708888 0.999995685069 0.016894882089 0.000000000000 0.000000000000 0.000000000000 1.000000000000 -3.167337743035 0.005312978365 0.022340931529 -0.011091711290 -0.014794085481 0.011700100722
0.000000000000 860497664 0.999964525837 -0.008389645060 -0.000748948006 -1.892558032605 0.008391856205 0.999960288497 0.002999696284 -0.022665872853 0.000723751877 -0.003005874937 0.999995220438 0.016832900003 0.000000000000 0.000000000000 0.000000000000 1.000000000000 -3.178653985838 0.010728843690 0.024709882329 -0.013178693598 -0.017063523019 0.011474362738
0.000000000000 870497664 0.999963426157 -0.008501681289 -0.000931538327 -1.924399343844 0.008504567417 0.999958907519 0.003139363974 -0.022755498077 0.000904810176 -0.003147171486 0.999994638301 0.016752630592 0.000000000000 0.000000000000 0.000000000000 1.000000000000 -3.189415158685 0.013394552434 0.028395451756 -0.014675480400 -0.019396170090 0.011005412184
0.000000000000 880497664 0.999962305701 -0.008607709329 -0.001137768217 -1.956345996616 0.008611412581 0.999957505436 0.003291032448 -0.022824185462 0.001109391617 -0.003300706187 0.999993937276 0.016664405321 0.000000000000 0.000000000000 0.000000000000 1.000000000000 -3.199621210022 0.013302771308 0.033400064865 -0.015582020309 -0.021791994190 0.010293365476
0.000000000000 890497664 0.999961172161 -0.008705287730 -0.001368260245 -1.988392502951 0.008709962792 0.999956120194 0.003448801894 -0.022894487269 0.001338177393 -0.003460585481 0.999993116791 0.016578514836 0.000000000000 0.000000000000 0.000000000000 1.000000000000 -3.209272137776 0.010446183643 0.039726192128 -0.015898256618 -0.024250969195 0.009338353755
0.000000000000 900497664 0.999960030752 -0.008792140049 -0.001623321234 -2.020533986509 0.008797948989 0.999954793048 0.003606654045 -0.022988142678 0.001591537641 -0.003620791787 0.999992178407 0.016504263337 0.000000000000 0.000000000000 0.000000000000 1.000000000000 -3.219394569449 0.006439410918 0.044764773721 -0.015427118028 -0.026253063328 0.008408595734
0.000000000000 910497664 0.999958815320 -0.008879261313 -0.001877866306 -2.052815770509 0.008886255999 0.999953485445 0.003749853449 -0.023072303281 0.001844483029 -0.003766386213 0.999991206070 0.016376124102 0.000000000000 0.000000000000 0.000000000000 1.000000000000 -3.236440043921 0.011755417469 0.032966565582 -0.013236249977 -0.024631772059 0.009153625416
0.000000000000 920497664 0.999957505924 -0.008972334998 -0.002117439627 -2.085264832774 0.008980483938 0.999952182450 0.003870881384 -0.023130123618 0.002082607532 -0.003889732527 0.999990266316 0.016166579891 0.000000000000 0.000000000000 0.000000000000 1.000000000000 -3.252936440351 0.014804965096 0.024022829878 -0.010999498898 -0.023251900382 0.009594521756
0.000000000000 930497664 0.999956133621 -0.009068319677 -0.002344442988 -2.117875784407 0.009077578564 0.999950919972 0.003969283820 -0.023178331245 0.002308333188 -0.003990391567 0.999989374130 0.015900061552 0.000000000000 0.000000000000 0.000000000000 1.000000000000 -3.268884202824 0.015578599431 0.017941802288 -0.008716769350 -0.022113480843 0.009731325028
0.000000000000 940497664 0.999954727874 -0.009164172744 -0.002561277227 -2.150643246057 0.009174486805 0.999949733706 0.004044607800 -0.023233446894 0.002524082996 -0.004067923097 0.999988540438 0.015600855723 0.000000000000 0.000000000000 0.000000000000 1.000000000000 -3.284283757987 0.014066753250 0.014731700646 -0.006387969026 -0.021216538970 0.009564069506
0.000000000000 950497664 0.999953316869 -0.009256850668 -0.002770342573 -2.183561845854 0.009268156514 0.999948659068 0.004096401254 -0.023311784708 0.002732280567 -0.004121885990 0.999987772275 0.015293100690 0.000000000000 0.000000000000 0.000000000000 1.000000000000 -3.299135514733 0.010259745536 0.014400723869 -0.004013008757 -0.020561093283 0.009092783454
0.000000000000 960497664 0.999951927677 -0.009343309250 -0.002974039006 -2.216626218435 0.009355536197 0.999947731039 0.004124212878 -0.023429452714 0.002935349759 -0.004151838347 0.999987072897 0.015000782314 0.000000000000 0.000000000000 0.000000000000 1.000000000000 -3.313439864217 0.004147780532 0.016957050853 -0.001591802509 -0.020147155292 0.008317489123
0.000000000000 970497664 0.999950586261 -0.009420503898 -0.003174766623 -2.249831005050 0.009433574750 0.999946983920 0.004127592090 -0.023602353568 0.003135714312 -0.004157337528 0.999986441828 0.014747730042 0.000000000000 0.000000000000 0.000000000000 1.000000000000 -3.327197180198 -0.004279053201 0.022408839314 0.000875732616 -0.019974729510 0.007238202748
0.000000000000 980497664 0.999949317342 -0.009485389903 -0.003374926032 -2.283170854734 0.009499221162 0.999946450981 0.004106089061 -0.023846185551 0.003335797452 -0.004137940123 0.999985874854 0.014557613000 0.000000000000 0.000000000000 0.000000000000 1.000000000000 -3.340407819722 -0.015030783739 0.030764224594 0.003389676380 -0.020043813458 0.005854934547
0.000000000000 990497664 0.999948144106 -0.009534922730 -0.003576918743 -2.316640426530 0.009549424227 0.999946164024 0.004059254821 -0.024176443809 0.003538021495 -0.004093201839 0.999985363944 0.014453936157 0.000000000000 0.000000000000 0.000000000000 1.000000000000 -3.353072124143 -0.028117556748 0.042031318420 0.005950105404 -0.020354397675 0.004167688724
0.000000000000 1000497664 0.999947083355 -0.009566617273 -0.003782898874 -2.350234493637 0.009581690993 0.999946146627 0.003986858736 -0.024608166908 0.003744554401 -0.004022894332 0.999984897203 0.014458726310 0.000000000000 0.000000000000 0.000000000000 1.000000000000 -3.365385490510 -0.040959912506 0.053064356782 0.008194327241 -0.020491486465 0.003098246439
0.000000000000 1010497664 0.999945802334 -0.009622526570 -0.003974842936 -2.383955630215 0.009638055205 0.999945923186 0.003906225121 -0.025129499816 0.003937040234 -0.003944323169 0.999984470894 0.014485094577 0.000000000000 0.000000000000 0.000000000000 1.000000000000 -3.378438367785 -0.036306811188 0.043748339074 0.007917302844 -0.017911187722 0.008083436416
0.000000000000 1020497664 0.999944140640 -0.009723787260 -0.004142892879 -2.417801846911 0.009739654982 0.999945243936 0.003827303370 -0.025717616734 0.004105450147 -0.003867439926 0.999984093967 0.014481270712 0.000000000000 0.000000000000 0.000000000000 1.000000000000 -3.390707097901 -0.032223956457 0.036769194327 0.007813250584 -0.015678487729 0.012147244498
0.000000000000 1030497664 0.999942172884 -0.009861168777 -0.004290482231 -2.451765529188 0.009877272024 0.999944192983 0.003748388649 -0.026359040716 0.004253279299 -0.003790550150 0.999983770541 0.014463781780 0.000000000000 0.000000000000 0.000000000000 1.000000000000 -3.402191563125 -0.028742568731 0.032138827973 0.007882360366 -0.013793296521 0.015289672449
0.000000000000 1040497664 0.999939970636 -0.010025441626 -0.004421045574 -2.485839077373 0.010041686936 0.999942854322 0.003667780456 -0.027039683445 0.004384021812 -0.003711955037 0.999983500735 0.014448929105 0.000000000000 0.000000000000 0.000000000000 1.000000000000 -3.412891626680 -0.025893960188 0.029869157056 0.008124815629 -0.012255518016 0.017510718573
0.000000000000 1050497664 0.999937605973 -0.010207377268 -0.004538018320 -2.520014909466 0.010223679406 0.999941314724 0.003583781213 -0.027744838801 0.004501170999 -0.003629952851 0.999983281311 0.014452785335 0.000000000000 0.000000000000 0.000000000000 1.000000000000 -3.422807128119 -0.023709534904 0.029972109804 0.008540793328 -0.011065049997 0.018810377703
0.000000000000 1060497664 0.999935154062 -0.010397748053 -0.004644836640 -2.554285463253 0.010414028308 0.999939665740 0.003494695181 -0.028459177399 0.004608219437 -0.003542840024 0.999983106156 0.014491192015 0.000000000000 0.000000000000 0.000000000000 1.000000000000 -3.431937880918 -0.022220789100 0.032459624838 0.009130463937 -0.010221784097 0.019188641191
0.000000000000 1070497664 0.999932694770 -0.010587327213 -0.004744937549 -2.588643197646 0.010603511747 0.999938004833 0.003398827689 -0.029166742096 0.004708658885 -0.003448911931 0.999982966624 0.014579757702 0.000000000000 0.000000000000 0.000000000000 1.000000000000 -3.440283672272 -0.021459311514 0.037343650034 0.009893991440 -0.009725605804 0.018645496907
0.000000000000 1080497664 0.999930313308 -0.010766888893 -0.004841759149 -2.623080593172 0.010782907029 0.999936435623 0.003294484681 -0.029850944465 0.004805980035 -0.003346463338 0.999982851722 0.014733856636 0.000000000000 0.000000000000 0.000000000000 1.000000000000 -3.447844265125 -0.021456783900 0.044636141034 0.010831533340 -0.009576394475 0.017180929243
0.000000000000 1090497664 0.999928099894 -0.010927208244 -0.004938741027 -2.657590151547 0.010942990574 0.999935067258 0.003179972580 -0.030494562223 0.004903672118 -0.003233788536 0.999982748157 0.014968627963 0.000000000000 0.000000000000 0.000000000000 1.000000000000 -3.454619402439 -0.022244981650 0.054349059392 0.011943240674 -0.009774023354 0.014794919123
