1 0 0 0 0 1 0 0 0 0 1 0
0.9999999735005966617 0.0001962668527644165163 0.000120325094606657751 0.09756990311081316369 -0.000196222430250432415 0.9999999126353426027 -0.0003690881533918186704 0.008704113559570805791 -0.0001203975238647559293 0.0003690645331287190165 0.99999992464790044 0.0007038737460235808437
0.9999990389313915262 -0.001297727958760430461 0.0004878918306248949911 0.4065385948004506256 0.001298278790391591301 0.9999985183473875106 -0.001130387195629940691 -0.00762677382407611279 -0.000486424172670695779 0.001131019528865997038 0.9999992420928875969 0.003743137332252302173
0.9999980800993530927 -0.001811959893582043568 0.0007460555957369425497 0.6311856288644633883 0.001812561515958878563 0.9999980320717386517 -0.0008065193121384605941 -0.01885944900080503001 -0.0007445927469060568352 0.0008078700353631100388 0.9999993964636414434 0.006441011612710711119
0.9999956464570147752 -0.0029410641451242058 0.0002391834261733289844 0.8399343737019366873 0.002941115971765916222 0.9999956514470104141 -0.000216619274221666405 -0.0281821153844427838 -0.0002385452948909698521 0.0002173217973552447392 0.9999999479336879604 -0.009571125034050619734
0.9999961581969386559 -0.002726914729337422908 -0.0004975212780621362596 1.067712347612061796 0.002726986756134945275 0.9999962713749949161 0.0001441504053463929058 -0.03827588907871343205 0.0004971263371282793643 -0.000145506585485095138 0.9999998658466102697 -0.01660107208243642024
0.9999939814884611922 -0.003464853300515796219 -0.0001782651423637274029 1.28762044792277508 0.003464727121840867601 0.9999937504836393654 -0.0007033204362837114235 -0.0431228883299968474 0.0001807009304277814796 0.0007026985632679237041 0.9999997367809168036 0.00309258776401193005
0.9999899349518192038 -0.004480036789065116806 0.0002434449115968409505 1.511457065491857321 0.004480416604754458403 0.9999887104159452811 -0.001582690020982217794 -0.05669289218328336932 -0.0002363516536853622289 0.001583764825755162907 0.9999987179126144099 0.008802433729803519832
0.9999897698265912682 -0.004397275107832239634 0.001060289482701919734 1.748286830434725214 0.004398725195679823938 0.9999893881940902229 -0.001369202637313479253 -0.07399870741075204039 -0.001054257470441084376 0.001373852552195343113 0.99999850053405126 0.01961812689331647597
0.9999771749827404133 -0.006736813529054145461 0.000514642606528084752 1.965855715796345216 0.006737265197577198619 0.9999769162803467948 -0.0008810017626706669264 -0.1036740279027090761 -0.0005086955820685537099 0.0008844489375123803631 0.9999994794893053429 -0.009327183042552715866
0.9999769291372915259 -0.006709103184230917095 0.001062604166891263158 2.237811600128840617 0.006710097459705089903 0.9999770500022429065 -0.0009349122381631288494 -0.1083415621264796902 -0.001056307357453979429 0.000942020846452166832 0.9999989984052440883 -0.002315063575041839683
0.9999826209184340398 -0.00559304166405013431 0.001864335281994511243 2.473227257489440944 0.005595452642370767581 0.9999835126068705726 -0.001290513135004963449 -0.08405805040048394683 -0.001857086650233705401 0.001300922506851829316 0.9999974294115984152 0.01491913948074385758
0.9999886096146399783 -0.004683179644646959065 0.0009211239846906453576 2.705739469822045606 0.004683966108314423747 0.9999886659245709186 -0.0008535126789498628666 -0.08789646694522992854 -0.0009171163913974171274 0.0008578174706373864608 0.9999992115230450507 -0.004110553914003348998
0.9999956503955561571 -0.002929153531457080045 0.0003453252925763016239 2.942232493400181781 0.002929095357406905336 0.9999956959362504838 0.0001688471539143787648 -0.06310899541198812523 -0.0003458183855113927891 -0.0001678349287847673364 0.9999999261205377854 -0.01286573458722698599
0.9999988924203078167 -0.001422835742226404802 0.0004366882278179385767 3.198874730255193199 0.001422524770188874363 0.9999987350229079253 0.0007116009149379941322 -0.07091667198417452023 -0.0004377001666333088362 -0.0007109789269623509756 0.9999996514637040645 -0.02172276774799580118
0.9999993896654557624 -0.0001539520162307072952 0.001094060095576510029 3.432081265709769013 0.0001519283581148449204 0.9999982780957552553 0.001849519748082107534 -0.08503195943797672851 -0.001094342949004063368 -0.001849352400502314977 0.9999976911519389278 -0.02886151242650001128
0.9999919743835183894 0.00347058675923590668 0.002001548425401612936 3.692296048124029451 -0.003474077451791511215 0.9999924460536767645 0.001743164204352783998 -0.09237542667632345217 -0.001995483503205443179 -0.0017501037486387721 0.9999964775850249676 -0.02243407029780730699
0.9999912812035011145 0.004065353516618313082 0.0009541581448079103269 3.930472317351445533 -0.004066461612884789308 0.9999910564559322257 0.001162281420081313086 -0.106799552846991358 -0.0009494245263940670433 -0.001166151333854619767 0.9999988693414284535 -0.04051872313146041849
0.9999839352249531021 0.00566687032373443169 -0.0001259871053869335397 4.163648435008470372 -0.005666883969678226766 0.9999839372282054439 -0.0001082203798800214728 -0.1294036796056879934 0.0001253718108256452759 0.000108932595651866596 0.9999999862077992852 -0.02615650084351182209
0.9999634679529162407 0.008434309013941333408 -0.001387512534898574469 4.446748109813078997 -0.008434137800163089838 0.9999644236804585695 0.0001292013011568897483 -0.1335185743910973222 0.00138855289600822566 -0.0001174941092500844127 0.9999990290575232477 -0.01697534401927459219
0.9999399203069421205 0.01071588465427019549 -0.002307724555169981748 4.7173258481744611 -0.01071395331389451457 0.9999422446829995259 0.0008476453928114145329 -0.1301441726903676821 0.002316674542063839031 -0.000822869613390973375 0.999996977947766319 -0.02347492409287130904
0.999903037599225164 0.01364392078036277996 -0.002785466851677144938 5.034266831285270527 -0.01363939418801135388 0.9999056380539812494 0.001637655044468465599 -0.1483829462817008449 0.002807548045296739438 -0.001599504173116049347 0.9999947796165605807 -0.03401783836537383005
0.9998819379197662061 0.01516820478027375123 -0.002456783579491078964 5.305299577721892312 -0.01516309152340067357 0.9998828562968921085 0.00208670530299902594 -0.1674196300251214464 0.002488147356116815305 -0.002049206507961107669 0.9999948049242165515 -0.030603202494003761
0.9998435024021213868 0.01747202482316147221 -0.002774716713080139629 5.644114670747836904 -0.01746638423848909105 0.9998453613002648011 0.002044237749460783328 -0.170595529782064631 0.002810004607198518089 -0.001995453562899885021 0.9999940610019570908 -0.03806947981696935657
0.9998007551240510882 0.01946762947362571869 -0.00441151403202995774 6.022103357426559 -0.01945980454374266963 0.9998090020911878373 0.001809791298043780458 -0.1547234336787617348 0.004445903788490052945 -0.001723583505595827244 0.9999886315350803301 -0.05343390302148661591
0.9997657321003895481 0.02113248092266033912 -0.004679654669477250652 6.378333879642313242 -0.02112433945046336692 0.9997752673940131229 0.001782411291238649755 -0.1795356245026837327 0.00471626977109669554 -0.001683139115740225943 0.9999874618424789974 -0.03829058631131149193
0.9997722717964199202 0.02054315780812324826 -0.005777820895117126605 6.737462944309774215 -0.02052948260229188818 0.9997863281313096318 0.002416283467517630051 -0.1822307583200144243 0.005826224429911882642 -0.002297117538078766435 0.9999803889876583973 -0.04476737189611383616
0.99973815800351018 0.02192366483233749649 -0.006555024947925590026 7.133692842833143644 -0.02190381775761836985 0.9997553247284383104 0.003084387261020378121 -0.2188728371825644781 0.006621042167940105125 -0.00293999956704600043 0.9999737587572766762 -0.0486861261210908558
0.999698846771560512 0.0234350850467168817 -0.007280971945086104659 7.540251774744493929 -0.02341370065167182671 0.9997213348808239308 0.003008522211565323005 -0.23380025930809617 0.007349447966064279192 -0.002837141687813011463 0.9999689676393149762 -0.05357836065487852489
0.999628709618080924 0.02617584143001437658 -0.007567577731431744843 7.940804693020574234 -0.02615160174540498775 0.9996525924905933502 0.003284517161702938184 -0.2399675661026462736 0.00765092369849872285 -0.003085393373061751272 0.999965971278169663 -0.05262257245320417498
0.9995925617499069604 0.02731847220121372613 -0.008271128753079547494 8.362173907784397286 -0.02729837356788000421 0.9996241201608169202 0.002533217965575461535 -0.2551658549449893343 0.008337223447106165836 -0.00230639747315086437 0.9999625849180002746 -0.05888250129816612055
0.9995495318677982688 0.02872849164732570876 -0.008683726765331550856 8.776263578022943435 -0.02870768351118935247 0.9995846944701175518 0.002511471382107127552 -0.2888085315605979919 0.008752271150209283215 -0.002261050364607769449 0.999959141865787382 -0.05758366028100023876
0.9993938676769519303 0.03361319485728627571 -0.009058166546781369621 9.261708401761172382 -0.03358728123068522448 0.999431291725961235 0.002997942378936761711 -0.2633479542088078551 0.009153785513872711097 -0.002691886041917121788 0.9999544799441139054 -0.05743139395917830348
0.9993448530152865272 0.03522467720075022485 -0.008311851054867900462 9.74378035555390376 -0.03519990227345091288 0.9993754572767414857 0.003108419669765425265 -0.2793638131215919751 0.008416153028246723539 -0.002813806853148724703 0.9999606246543902843 -0.05030554594308332683
0.9992854297488448223 0.03700165863215505724 -0.007714087770820225905 10.2226147652559014 -0.03697665444465070284 0.9993104836012409731 0.003359224722281122563 -0.2850336226033977072 0.007833065667243321525 -0.003071583162370310031 0.9999646036031122343 -0.05829485994026390588
0.9991404552956747454 0.0406450705787721675 -0.008144251297595871478 10.72750134230624397 -0.04062410924930100892 0.9991707898925794584 0.002722934655777574375 -0.2993000200635356767 0.008248171873367996301 -0.002389741217246681062 0.9999631277190483836 -0.05217803455497004028
0.9991154895180980322 0.04088709429707811788 -0.009822633300353503238 11.20103379347620098 -0.04087110632044579223 0.9991627641695167705 0.00182300994878704806 -0.3380122482974343701 0.0098889470194853165 -0.001419935587413235015 0.9999500950096327223 -0.06542546580756669616
0.9991169288747322463 0.04087752694810065091 -0.009715463268966282109 11.67769785041705255 -0.04086766785238879485 0.9991638337257097158 0.001211238559929050072 -0.4082463332517377586 0.009756851963115745555 -0.0008131206242227682771 0.9999520701886767116 -0.05584364322529751512
0.9991802903180939666 0.03964044195066239451 -0.008208702808941028758 12.13682935127837581 -0.03963598033459672654 0.9992139366776847664 0.0007055579346447431047 -0.4525404715326317162 0.008230218877090250337 -0.0003796195988668336582 0.9999660591171058988 -0.0484125793199619292
0.9991108183075591009 0.04161088461268095534 -0.006790215206436135166 12.65445662203512356 -0.0416091742726902511 0.9991338859993204036 0.0003930193913918933815 -0.4639956993247731365 0.006800687990523966373 -0.0001101346778706209902 0.9999768689890823348 -0.06225950573534770605
0.9991244469648642434 0.04154623852822877939 -0.004924382327723015977 13.15071473460344542 -0.04154486605267967286 0.9991365668202434325 0.0003807194794629167552 -0.488302694435776008 0.004935947914937562769 -0.0001758033351697021161 0.9999878026812969445 -0.05581886028070023875
0.9991868205142521164 0.04017281021489340492 -0.003441370374981439148 13.73442716033785871 -0.04017238113724436177 0.9991927452984872282 0.0001937437392352854982 -0.5323285857937096743 0.003446375543033211499 -5.533814846287138205e-05 0.9999940596990092301 -0.05025854562434018541
0.9991239140993632972 0.04177913567263590033 -0.002430657774246901097 14.26400051451137685 -0.04177856501826804347 0.9991268539198093768 0.0002850987869272630579 -0.5546589789466013221 0.002440446635838170505 -0.0001832996220412146202 0.9999970053062490205 -0.05799840148661372652
0.9991529544541321028 0.04111703893102409968 -0.001662141727934775184 14.82102147675960069 -0.04111708979056886981 0.9991543348824402093 3.575302856331518191e-06 -0.5867837830955899836 0.001660883118521754194 6.477015626017347961e-05 0.9999986186350926509 -0.06361746420476938058
0.9992912559870873457 0.03760057639886892067 -0.001783917661308343471 15.39102294276239746 -0.03760092280273968218 0.9992928222866718224 -0.0001610301854942172305 -0.6394090526065464575 0.001776601286703654138 0.0002279930065836488929 0.999998395852241817 -0.07084514977749001297
0.9992252453716085059 0.03927789818872527011 -0.002481073542829012948 16.00152720416704 -0.03928000042521540697 0.9992279192617148365 -0.000804322384997011486 -0.6569047110954320257 0.002447565860987500549 0.0009011558023238304752 0.9999965986640034776 -0.08453692684009841973
0.9992975783448533322 0.03738442377685653739 -0.002598994610264602177 16.60057063343187522 -0.03738696067881980278 0.9993004262779022762 -0.0009344581334676121693 -0.7054175463251679545 0.002562242243068103571 0.001030970259137263924 0.9999961860002329894 -0.07603508637196274011
0.9993097973065284689 0.03692987694992036496 -0.004014124518349417199 17.21965061327880875 -0.03693417851909042149 0.9993171973263038632 -0.001002788622349095118 -0.7453030164443493755 0.00397435080296560609 0.00115035488649954231 0.9999914405730331302 -0.07905690076904631214
0.9993363934854085917 0.03596491648800677343 -0.005770393191750496087 17.82607459497226898 -0.03597355537204737636 0.9993517610875648494 -0.001400330345643456108 -0.7483532356378921335 0.005716289834406864181 0.001606982636305428558 0.999982370663271114 -0.08797631678710654546
0.9993749118816913635 0.0347607089330248184 -0.00644038942417629514 18.4334890959794464 -0.0347733596383748636 0.9993934878102093133 -0.001862788770976629314 -0.7560942965009362915 0.006371731391211907757 0.002085578341507041654 0.999977525448477067 -0.09478977345966832502
0.9993523317350990753 0.03554352459548868609 -0.005619156071011512793 19.08532390747954821 -0.03555423767357792503 0.9993660941752068316 -0.001818239929797861457 -0.7714079683203953763 0.005550967399582407494 0.002016847123971027451 0.9999825593922162525 -0.09690377244244832711
0.9993705392454288461 0.03525087175631289038 -0.003987647015574243697 19.74546858163439822 -0.03525716618231185262 0.9993771179407147098 -0.001519331860948289073 -0.797969723816333687 0.00393160540920391155 0.001658968634673153473 0.9999908951095382026 -0.1067360126777282398
0.999452184254764453 0.03304915678366785597 -0.001756309844193952759 20.41576653216730719 -0.03305261794550956589 0.9994516524146248582 -0.001979629415849731063 -0.8364702140403903474 0.001689921692993739911 0.002036595581960077336 0.999996498215422247 -0.1054020998999227188
0.9994232453551625817 0.03394298322140605617 -0.001024955504375017366 21.09089295091172289 -0.03394586451610694111 0.9994193534499465903 -0.002938406361417329402 -0.8633944955957906231 0.00092462208967418252 0.002971504622586514707 0.9999951576054102453 -0.1120723892715526082
0.9993597765493686946 0.03575086610321635827 -0.001382963508453291263 21.7673033343388056 -0.03575501082036562639 0.9993557823038153876 -0.003098318441462165947 -0.8863044671352782178 0.001271305011142128153 0.003145782700547336466 0.9999942439008184802 -0.1147361655240133477
0.9994690379323586393 0.03250487750556502187 -0.002252810003915985647 22.43777463236079583 -0.03250869960564876232 0.9994700384863901554 -0.001681254877577453063 -0.9265935989303966114 0.002196967117465146307 0.001753598118697327667 0.999996049106756657 -0.1231887937957729107
0.9994186851963969831 0.03385065654681682773 -0.004052743719345764523 23.0903791479447591 -0.03384933903142487571 0.9994268695562950056 0.0003932633216120580357 -0.9462945186593960667 0.00406373319017202389 -0.000255852015657878195 0.9999917102717927886 -0.1192873782510396607
0.9994138206665509339 0.03364349157364952131 -0.006334866645874478661 23.75070174613583163 -0.03362937914555527708 0.9994316768000620632 0.002321264073877737661 -0.9743354006950948332 0.006409361822500837108 -0.002106865764579508079 0.999977240339838036 -0.1180734976417732174
0.9992165633258595081 0.03878289079249397364 -0.007883334131956741195 24.40562635889460097 -0.03875925875875594478 0.9992436793123213867 0.003128772098826164416 -0.9950217173183328878 0.007998714629888235839 -0.002820768716516672357 0.9999640312671839171 -0.1113446879847468651
0.9992481489330889977 0.0377765828149704691 -0.008721619380532844718 25.05478346964500602 -0.03772642996852199754 0.9992710099228632181 0.005845101331134483665 -1.02302646633737071 0.008936069361045368559 -0.005511671122690691045 0.999944882553938541 -0.1093211631226797265
0.9990489317301793903 0.04300857243919105344 -0.007175981154537766811 25.70158250085851392 -0.04294358795988348354 0.9990371698075843909 0.008976725237159850421 -1.049020463961948257 0.00755514804085107624 -0.008660025380711530024 0.9999339596685804521 -0.1075669853093621509
0.9987867017729223917 0.04904703077309521819 -0.004417367305346077584 26.35410989685626504 -0.0489939523099644017 0.998733849874229529 0.01141445366405638949 -1.077031468792422952 0.004971619315295882323 -0.0111841802445690093 0.9999250957514971283 -0.1078362874374441671
0.9984475114683483143 0.05569246655929668138 -0.0009570847423464089263 27.00449974832513789 -0.05567817227364237759 0.9983850658750069718 0.01127835848093850131 -1.113632835663210141 0.001583658716078911169 -0.01120756022957614985 0.9999359392574963534 -0.1060880714438668243
0.998667132420778203 0.05145360747900252357 0.004060160077709646168 27.64186910648492557 -0.05149911119464501558 0.9986004983178212724 0.01203687274837931739 -1.158669701854267098 -0.003435137351181164877 -0.01222992382624781167 0.9999193111419454327 -0.1170076692948466279
0.9979860354716026949 0.06290447714963991188 0.00817922723754164159 28.26772739945741364 -0.06298957792342595174 0.9979578914877206275 0.01059999483072971392 -1.211313670778096263 -0.007495737235360051473 -0.01109385288857196554 0.9999103661585798664 -0.1156880235704278448
0.9977543263159636133 0.06654888585322030203 0.00758617884528990389 28.9170365397800353 -0.0666378181069437886 0.997703324739307118 0.01214401095514444466 -1.272200148925732854 -0.006760585457158570059 -0.01262226587534300004 0.9998974811891709891 -0.1183920927039582016
0.9973351201355196149 0.07280188352584691935 0.004748041633952491784 29.56326902790852529 -0.07285954571040055561 0.9972524644798149707 0.01337941283500650516 -1.33791887345726801 -0.003760949766053525278 -0.01368969846360777211 0.9998992186279739292 -0.1296634446068245516
0.9965459575012969307 0.08301187478466280634 0.002276671376990744254 30.21127538570278404 -0.0830372850099904275 0.9964258787980938559 0.01550088254312916025 -1.409299623545949176 -0.000981776956830465947 -0.01563639044606305456 0.999877262171625425 -0.1368811871466970864
0.9954140966440060412 0.09564994965970680108 0.001365039374125554721 30.85959566824159594 -0.09565957846591870151 0.9952898444817516177 0.01572801701465918744 -1.484828281150404328 0.0001457742093142723667 -0.01578646893976676235 0.999875375308490022 -0.1413337959998036686
0.9939466366644923445 0.1098413861057370572 0.002225614906949844544 31.5057084985928455 -0.1098619002085182705 0.9938474819303678709 0.01405508958494188464 -1.565553488791889603 -0.0006680912491684676486 -0.0142145193037810369 0.9998987454212777681 -0.1498967923940694447
0.9919766101370527389 0.126404500228902622 0.002075394633091120263 32.14772990410069298 -0.1264213427176391902 0.9918701685086882547 0.01453316648276099278 -1.643917943573730778 -0.0002214643784492753011 -0.01467893539831104446 0.9998922340978058099 -0.142723215332264397
0.989267364566679297 0.1461144096580246632 -0.0008128305996754464071 32.79340761118268688 -0.1460777820458375731 0.9891171070034201485 0.0175678748217741737 -1.723798810914560997 0.003370904309764441182 -0.0172605887347942813 0.9998453425808726536 -0.1514529340158798365
0.9851617752909179737 0.1716074880818392046 -0.002673301308910998667 33.44755467360643308 -0.1715208660769285409 0.9849766647838178457 0.02003902022472318911 -1.820944180773668819 0.006071985331599289056 -0.01928314978388990727 0.9997956246796366742 -0.143103497467194668
0.9807634811739661673 0.1951834131852875076 -0.002535589253940416857 34.07561458715989744 -0.1950876701342740549 0.9805573674555551067 0.0211671937254824527 -1.903465164180884628 0.006617775842686276014 -0.02026534840491916317 0.9997727345236632202 -0.1437401605277737193
0.9748706343688643416 0.2227717348571263134 1.984928601581602777e-05 34.72686186579679202 -0.2227165465267101907 0.9746271339496604957 0.02234479071922972765 -2.022548615963485119 0.004958442140801680616 -0.02178770106772746212 0.9997503237977568569 -0.1448255294966477313
0.9678954619932720327 0.25134301638441503 0.002250059469027921536 35.37693333524506301 -0.2513302173679860529 0.9676478606050854525 0.02215264553415583967 -2.1797125396036936 0.003390647518010386861 -0.02200695301909664364 0.999752068028980867 -0.1455037698071964536
0.9591168974578682116 0.2829982535138646504 0.002601061109519662868 36.00875898008573017 -0.2829828023487202526 0.9588556233341409829 0.02272943411880634645 -2.341788096172016331 0.003938348087481973424 -0.0225362398948547038 0.9997382694014185223 -0.1458047917717020803
0.9491473389112486947 0.3148301471578673905 0.001143450152316431451 36.64399619362042415 -0.3147640844860707388 0.9488600968145037839 0.0242505214545216119 -2.564208481672112683 0.006549821015952530905 -0.02337723494611866973 0.9997052589293170533 -0.1427413269241555316
0.936521762373111466 0.3506089792609284883 -0.0005764227363820046812 37.27298503595922341 -0.350476730487353505 0.936211211107619512 0.02597363246254038097 -2.816484418223051733 0.009646242193527967274 -0.02412284929302404082 0.9996624621108516351 -0.1391688069418901552
0.9232621363027389005 0.3841651832797493005 -0.002034606925012736982 37.88489108128888461 -0.3839944578370438899 0.9229862930149452804 0.02538817159553494879 -3.058704700436344126 0.01163116589759645436 -0.02265865976103235285 0.9996755979405000936 -0.1347732514196719467
0.9090282464985596222 0.4167216957709449221 -0.003267314117418186614 38.49232516714462804 -0.4165365223790547522 0.9088101049606255311 0.02369638465715944581 -3.289166014756406575 0.01284416568396224215 -0.02017972733326366466 0.9997138620688612587 -0.1184195019520407066
0.8920412710381793175 0.4519343115512268749 -0.004212933337740038496 39.08954613186146076 -0.4517278892569726589 0.8918511436398345316 0.02331204958298396454 -3.534613635844465751 0.0142928244944757598 -0.01889221085627243099 0.9997193603891705305 -0.1099414143221598278
0.8739113099940937213 0.486053781285136266 -0.005544723873018918975 39.68591347662099622 -0.4858051104086903438 0.8737378756020746096 0.02398998622704413136 -3.794759094301037194 0.01650505877624479714 -0.01827146509709874633 0.9996968223406524912 -0.1118003467950262897
0.8553741291865604168 0.5180049792937296838 -0.002437323375400562986 40.28453057665132064 -0.5177538596455319997 0.8550886839329115974 0.02746422094354892748 -4.039729283439227103 0.01631073083857166595 -0.02223025048855753819 0.9996198157413285212 -0.09338883597478722653
0.833016638810122001 0.5532403081759769137 0.002905318371022230783 40.89798066378513397 -0.5530336593403525347 0.8325363810612460558 0.03220164353045747163 -4.286650574079901688 0.01539646394812163588 -0.02843124370817856975 0.9994771699639268814 -0.09351763412754110494
0.8054785947357536724 0.5925569083690411798 0.008974617910487840342 41.50715454936963056 -0.592485714716372458 0.8048689594561631022 0.03386201353998947311 -4.570764002333437048 0.01284177867527578308 -0.03259245998811552414 0.9993862217743340048 -0.09724925916316351504
0.7754017091234082226 0.6313151441034177136 0.01390605314884014142 42.11436067995111188 -0.6314036085086076611 0.7748191076971024938 0.03138205713102488331 -4.87880137431992722 0.009037292227561858834 -0.03311403287349529156 0.9994107204628368546 -0.09793930812037285327
0.7430142525526707287 0.6690562376975101033 0.01713392254122916847 42.71844013788405192 -0.6692470941777823867 0.7425028449772406169 0.02824627648555121801 -5.192780676073811108 0.006176361241904217148 -0.03245421388289274761 0.9994541392995743845 -0.09578286536696983822
0.7091975167638993049 0.7047813381863990978 0.01794846957563600576 43.30715571757561122 -0.7049910914186149347 0.7087631003332367507 0.02534617577482583053 -5.515174460147371782 0.005142298737824886265 -0.03062895607438920892 0.9995175955497151987 -0.09699458280421963119
0.6738958871057114663 0.7386072448695655268 0.01799086346443383791 43.8715583565003584 -0.7388096276164670684 0.6735171485272959391 0.02312973802008486471 -5.861843341778466332 0.004966637013460333851 -0.02887885845822485767 0.9995705798246196094 -0.09707077969872260348
0.6367636233624840436 0.7708566945484581767 0.01766477942420343478 44.39348142906979433 -0.7710286013990422793 0.6363676814023950801 0.02347487787351874508 -6.243478948711317145 0.006854472037844320902 -0.02856799846619974964 0.9995683496773583032 -0.1076761748203918789
0.5983382281748613751 0.8010431237265621673 0.0179242471239170649 44.91822966328535927 -0.8011894918178553704 0.597888006983840814 0.02500658524343884331 -6.63928424480927859 0.009314660767534184427 -0.02932311435169160027 0.9995265839683822318 -0.1135513644564203201
0.5593112293999225049 0.8287462750820628887 0.01872325304943086091 45.41743598619049749 -0.8288850054820112723 0.5588202614230333154 0.02587591757172953005 -7.046567691131430777 0.01098163713812878167 -0.02999211497541368412 0.9994898081946949064 -0.1163039726163867249
0.5203216442736836589 0.8537264787402055743 0.02040798858730537638 45.86835987760628086 -0.8538892636737881459 0.5197942924886909122 0.02621104497758980356 -7.489916887777481769 0.01176910714396321549 -0.03106433636874826598 0.9994480952620816705 -0.1189001163302111364
0.475993470944284236 0.8792014213450862758 0.02085848324286960001 46.31474381401474716 -0.8793806138858877297 0.4755273014710338364 0.02373860731710741856 -7.961135414016465184 0.01095223904469314231 -0.02964196789109651425 0.9995005763877533589 -0.1143277204405313552
0.4369129568150426079 0.8993432724196950279 0.01699254308721953252 46.73666547649690273 -0.899444043311891761 0.4365882437008428152 0.01977671390725282627 -8.453264015579243562 0.01036731006059677697 -0.02392454420982327926 0.9996600097365402338 -0.137395880217255878
0.3960269061611804142 0.9180531444436732524 0.01846926023119963012 47.105450122190895 -0.9181507809075759585 0.3956301306704015364 0.02181612304075685946 -9.028519080188734947 0.01272136451848174254 -0.02559733741632375797 0.9995913881191568207 -0.1332558232085634398
0.3598832862859077109 0.9327888882577018981 0.01972080614518159636 47.44785487656642431 -0.9328128111064567518 0.3593113669731117232 0.02748819745970348949 -9.628553029216906367 0.01855477533480806573 -0.02828836345344636072 0.9994275805706986926 -0.1404762312658801859
0.3236701288086740735 0.9459220143914058854 0.02166080346342980426 47.74953010596672698 -0.9458683709143819174 0.322904146282236959 0.03264869396335850354 -10.219216311350376 0.02388875511092248757 -0.03105567586520617887 0.9992321413844761357 -0.1262764972532878227
0.2894051312637224704 0.9570101290966017693 0.01939801032923079913 48.00764560010615867 -0.9568090101182220586 0.2886413779393767198 0.03467957753268684218 -10.82272015237129992 0.02758963854086081066 -0.02859663874939204209 0.9992102101647187817 -0.1297362683245310011
0.2587125377366394918 0.9657831320414904663 0.01818693712523802158 48.22678499577909861 -0.9655851877137805461 0.2580473307333207567 0.0325087737257482301 -11.47830542639236739 0.02670333472829881927 -0.02597146444730619522 0.9993059666332683166 -0.1289050075991330646
0.2306029682669948899 0.9728764810943895114 0.01826536503467116393 48.45545606336889932 -0.9727582438316842994 0.2300356892610019299 0.02872247767365799023 -12.13491176238585467 0.02374173717210615112 -0.02439127302159939739 0.9994205299654577157 -0.1149332610054747128
0.2103507293928206234 0.9774588001105087853 0.01807940072106885288 48.62243525314795534 -0.977376864952397284 0.2098437000641570904 0.02645912695475392817 -12.85697359429298814 0.02206885814291371234 -0.02323608465100611767 0.9994863930391244544 -0.1006190941497122349
0.1890681271655824114 0.9817821095767358397 0.01889795240637556425 48.78366936684730604 -0.9817118706790051164 0.1885485199522666244 0.02629179704277258278 -13.58890624384103774 0.02224963500886615805 -0.02352328503556037204 0.9994756669389746051 -0.1018280841100632217
0.1698121278391770961 0.9852903791065925621 0.01914967568179882715 48.90468702387194355 -0.9852223427569898329 0.1692950292684377578 0.02600246906405818959 -14.32781429849890031 0.02237803769680211594 -0.02328222293909849167 0.9994784447519889925 -0.09395075139462738534
0.1536034534847089406 0.9879892292347710603 0.01683038899294710469 48.96870398835706339 -0.9879048850186451514 0.153180162746016757 0.02407853603110872778 -15.02723150549615383 0.02121125252945836939 -0.02032536979213077702 0.9995683879099742652 -0.07961476776224041263
0.1434319378167195902 0.9895744417549861005 0.01302702726828219339 49.02220079550085075 -0.9894415205767468358 0.1431111320287262734 0.02290592168483655475 -15.72473417985156807 0.02080280204482260961 -0.01617492240365800416 0.9996527473639631456 -0.08252838208343374338
0.1345048839745381919 0.9908493305968443243 0.01122676457317763228 49.07657112258287668 -0.9907039637002149624 0.1342352223243132858 0.02205813673512179926 -16.47304036667460991 0.02034926277974587194 -0.01408932728442828866 0.999693652256026466 -0.07547128351094113674
0.1273752208754186377 0.9918149488685265025 0.008869064655342581704 49.15392901081791877 -0.9916520576058720504 0.1271634177923197662 0.02134623670383839836 -17.22434199502312424 0.02004369609075851502 -0.01151400782952036878 0.9997328032383068219 -0.05900263964188399296
0.1234753954242175933 0.9923162448881833742 0.007892835729224364008 49.24332217590257699 -0.9921276551952282752 0.1232766562694420642 0.0220359210346363632 -17.95079862485849276 0.02089360001656011614 -0.01055159466816505028 0.9997260231324913704 -0.05467235722202917758
0.1215961779994958469 0.9925439611662622008 0.008417520317807378888 49.2819512232329231 -0.9923270675022088927 0.1213695574215768458 0.02358859117788769319 -18.72067089350495905 0.02239108301047278149 -0.01122121578423382858 0.9996863126590970205 -0.03458871736117119511
0.1171837559244389704 0.9930888212508017787 0.006523837378021413863 49.35964569802904123 -0.9927951062799725834 0.1169785640204450416 0.02595943963672497912 -19.49732404854815826 0.02501688018078269612 -0.009518858461391220202 0.9996417093337054416 -0.02660277051815849308
0.1157077995086799316 0.9932717245918698534 0.004794398726817302586 49.41955767234479424 -0.9929278859328726226 0.1155359387806125238 0.02730677913923190703 -20.3046210436493979 0.02656912625088276095 -0.007920099518008014844 0.9996156028963780749 -0.01851159077814495957
0.1162137665479747728 0.993216498253823743 0.003917660162027730535 49.52294047489451145 -0.9928750490924337369 0.1160674255603687532 0.02697201537678812697 -21.06615189879555317 0.02633433793415481186 -0.007024266524027195265 0.9996285121610773983 0.0009735138091450552811
0.1155249175327736078 0.9932995370476802588 0.003165932707774931753 49.62352776692894452 -0.9929788981647050816 0.1154048403434679848 0.02597365251379239043 -21.8579251333309017 0.02543425305870836498 -0.006144308436510742717 0.99965761450867896 0.003131428510879007837
0.1160566499505825133 0.9932372604500362412 0.003255526985670075847 49.68542796662018191 -0.9929408591986128574 0.1159399842962116622 0.02502738850368490739 -22.70820117333167332 0.02448068904602425377 -0.006137140629044904837 0.9996814649520772145 0.02036353349848047528
0.1152139912611545025 0.993334397869116037 0.003536980021902861367 49.78928411409992094 -0.9930516925438770404 0.1150938553485441052 0.02453039740300884744 -23.56025426353431129 0.0239598028667963453 -0.006338648989267425468 0.9996928275103184047 0.03513340160414052393
0.1153182795430336416 0.9933229145516028202 0.003358843542700331967 49.88188579964911185 -0.9930232727194656661 0.1151983429037619633 0.02518177177542105238 -24.40635531594286789 0.02462669772334244098 -0.006239328404311811176 0.9996772461851406444 0.04732374809491735057
0.1168869995772913173 0.993142019279595889 0.00252168020682553163 49.95932547929145073 -0.9928453287311386211 0.1167889345535603196 0.02486961967143672819 -25.25801824882064395 0.02440455995456627253 -0.005410573637923127635 0.9996875227521511142 0.06922304535784634671
0.1183525434139005572 0.9929714479390003845 0.0006156666191493642215 50.05535446466710425 -0.9926909280642719491 0.1183043207628565741 0.02384971756087941527 -26.14524841898583674 0.02360925255816780435 -0.003433841400574823288 0.9997153654550280377 0.07283611532559723656
0.1190853831040069588 0.9928839278341713426 -0.0004211645289903753427 50.16494810688141115 -0.992654680440822168 0.1190669825612028498 0.0214415265944401176 -27.03247529546096217 0.02133909393347723296 -0.00213530146789570963 0.999770015332396067 0.08482335047600210454
0.1217371658276663604 0.9925606033238763004 0.001873815783385720472 50.25535981583871603 -0.9923772067989623524 0.1216777744921896387 0.01954478499542644521 -27.89676406195462377 0.01917138185256520022 -0.00423885880522644528 0.9998072265161381811 0.08481404895546662548
0.1223663511590854513 0.9924730232986496148 0.004875872070719133519 50.33259488458013209 -0.9923126040423460026 0.1222520550765634484 0.0192387860390345819 -28.76636731677445624 0.01849789076382066591 -0.007192569359799667709 0.9998030280926809565 0.09447003102227743976
0.1235548696137964697 0.9923053162325491394 0.008022067772006414438 50.44400440883539005 -0.9921468633278220928 0.1233685156780212067 0.02061094195241633398 -29.64953775410072723 0.01946267667824227651 -0.01050565162294770337 0.9997553878326915777 0.1054552961224034247
0.1236824044110531595 0.9922741238491417093 0.009732727188145665759 50.57723275641455984 -0.9920979332164243658 0.1234401970573708596 0.02245459102581433275 -30.53550583737707314 0.02107969987452038355 -0.01243305633605818958 0.9997004878279016626 0.1245255771295018521
0.1239999514706019434 0.9922149769693843213 0.01155212157712644412 50.66373625686556181 -0.9920879684086821859 0.1237369239623363759 0.02122820263406393834 -31.42347199231120669 0.01963351659846660976 -0.01409301692269351002 0.9997079132926749434 0.1359503878462464399
0.1239998885908581983 0.9922004549259687556 0.01273910805966300963 50.78617538751345961 -0.9921328852988715585 0.1237482760289547734 0.0189394321033704606 -32.32419525654201919 0.01721527048847380087 -0.014987375506159634 0.9997394725814551242 0.1498201970795833282
0.1248019137611953155 0.9920950423039441857 0.01311142087946916279 50.86827789092197349 -0.9920498601901768243 0.1245590344548439532 0.01794775284896885439 -33.22938789128049564 0.01617273069688072648 -0.01524709715363620557 0.999752953889206486 0.169626807139950736
0.1243911265511058462 0.9921469365715113176 0.01308831108709539864 50.96597821376782633 -0.9920429946468882765 0.1240981441341882929 0.02122139002243842582 -34.1027961433578497 0.01943050198479205626 -0.01562391993758370165 0.9996891260378912847 0.1482067558001788354
0.1243839229763809007 0.992138657958176573 0.01376673853731096193 51.07902370009950488 -0.9919946661499075002 0.1240371049087758415 0.0236934365591685743 -34.99675653955812038 0.02179958795802657001 -0.01660361378731424822 0.9996244784788245186 0.169176275924194236
0.1243497169480761722 0.99213748532946755 0.0141547906750463838 51.21364705032382858 -0.9919536831263114918 0.123959627557548413 0.02572744192374343958 -35.91762517908523478 0.02377053695394891822 -0.01724009686500979632 0.9995687773400118159 0.180218940185337656
0.124337867583278916 0.992130504801173041 0.01473621823307679456 51.31908201003130898 -0.9919168253105558053 0.1239046883766896645 0.02736128403610032372 -36.84142150973493557 0.02532007801472421424 -0.0180191465182261909 0.9995169853524665804 0.194588627757749516
0.1241217474639016993 0.9921536153558272453 0.01499984476149586465 51.42028044827178235 -0.9919509678887878934 0.1236865438807966955 0.02710933727188885936 -37.76944376267482539 0.02504134802690710648 -0.01824396884412251424 0.9995199290108276458 0.21645379746508292
0.1239766795811362288 0.9921792940298372887 0.01449246074654934879 51.53247465746720479 -0.9920105959631840831 0.1235856233762245848 0.02532925564399147317 -38.72912568104284503 0.02334010318753895752 -0.01751691163316129035 0.9995741080030189352 0.2322371012442260296
0.1253192761767379926 0.9919892297570260808 0.01588858283801445129 51.59078581136105157 -0.9918665997123907729 0.1249122442020863533 0.02444544177097291576 -39.66859565886510097 0.02226493641397052012 -0.01882283970234896117 0.9995748962994326359 0.2295955094556943465
0.1261604333075390105 0.9918700924822998477 0.0166512674234906774 51.69169427891718271 -0.9917258178986546602 0.1257048973484370391 0.02604190653281820977 -40.59632902929187992 0.02373704237893051877 -0.01979895001694529852 0.9995221630345809682 0.2371717569455041863
0.1264675329199117515 0.9917917585557816107 0.01884332184042147168 51.81320439519642207 -0.9916078558778536056 0.1258846817102453608 0.02944328568683316633 -41.54864188330414265 0.02682952251675935901 -0.02240880566966660728 0.999388824307127166 0.2553387006918774738
0.1268897503515449277 0.991707485009761136 0.02037781713867183042 51.9141280724491665 -0.9914875992856183595 0.1262037682366234925 0.03201483009040993755 -42.52378168983963747 0.02917758932063802685 -0.02426670679122230889 0.9992796381508757264 0.2672044701447880422
0.1269610477499654166 0.9916339893416583617 0.02330071965795985425 52.03274012771566959 -0.9915020365597103646 0.1262023376782979156 0.03157026231249355358 -43.51974344467274847 0.02836553987107938088 -0.02711090457510949986 0.9992299009742160454 0.2862908538933482405
0.1281483914985920292 0.9913896152307666298 0.02691877725522060644 52.14639039379486007 -0.9914482184871897807 0.1273864826467140388 0.02833926776534810912 -44.56812258670665017 0.02466616741411720853 -0.03032020533391921457 0.9992358406970837104 0.3163986637824154347
0.1267236610590846135 0.9915906960024475358 0.02624891100909938768 52.28980536480483465 -0.9916865728068784414 0.1260513274573404896 0.02586124824500588698 -45.57541140590318918 0.02233506306975089478 -0.02930792465569148283 0.9993208646426064989 0.3192746887721267246
0.1253501082477069817 0.9917941865494952491 0.02513248672362788927 52.44137639373812476 -0.991919789127745033 0.1247861660135639594 0.02288109937055685453 -46.58031059930538476 0.01955715467695127302 -0.02779755921408266772 0.9994222397979151129 0.3434857116012787759
0.1253960580892879983 0.9917954566469852073 0.0248515752029045342 52.54858308551303026 -0.9919431361844838202 0.124881110616094082 0.02129607446881048513 -47.60617221624902129 0.01801785759068400689 -0.02732179323705843932 0.999464294721003621 0.3512700142490512434
0.1230443043234717981 0.9921125387826564834 0.02393344028310752034 52.6650001049047205 -0.992251232589014931 0.1225707127823680853 0.02034482227995675074 -48.66488561198600848 0.01725081444841511033 -0.02625130012503096993 0.9995065175588461193 0.3567287477680883834
0.1219110865451781267 0.992270531947668788 0.0231706367125401845 52.78002825999954695 -0.9923983084558860579 0.1214644680813273814 0.01979849407445689879 -49.71161114367855305 0.01683105318362974542 -0.02540815660394604714 0.9995354627159154237 0.3782272585366772133
0.1204576465743819602 0.9924465117642254919 0.0232352462604254531 52.90416132250648218 -0.9925750056430674428 0.1200093427737397578 0.01981453556559192516 -50.75299608702628262 0.01687642007140022909 -0.02544953701025544704 0.9995336450122813687 0.406050368642552173
