1 0 0 0 0 1 0 0 0 0 1 0
0.9999998541720285239 0.0005078692579665113104 -0.0001836429649587691137 0.01358260071928224684 -0.0005078870052537583094 0.9999998663589827474 -9.660645200030127213e-05 -0.03052093877801817859 0.0001835938769694442905 9.669970778788716846e-05 0.9999999784712272355 -0.003010046335589631767
0.9999991193533555034 -0.001214540640836313549 -0.0005349612558917907516 0.04364715394349695521 0.001214331984754744029 0.9999991865737318797 -0.0003901918828650079532 -0.1040865230311457251 0.0005354347246397168263 0.000389541918680201603 0.9999997807833506114 -0.004871827230002925141
0.9999994521097624878 0.001029736136129740789 -0.0001882117553322365132 0.07751238380819627793 -0.001029766752060039129 0.999999456563695488 -0.0001626430139517439158 -0.1732820624186713898 0.0001880441736623805684 0.0001628367390492123693 0.9999999690617921155 -0.002777248736100596232
0.9999988394694577787 0.001482684602432544777 -0.0003502943152723556573 0.08002957714510183784 -0.001482778671404314874 0.9999988646541820847 -0.0002684357624364164924 -0.2509723700937469548 0.0003498959119954630592 0.0002689548598479155387 0.9999999026180623751 -0.00241424845510080071
0.9999928262249923039 -0.003774407724203214347 0.0003183471120315423748 0.1037735860998459242 0.003774363485801597064 0.9999928673416503822 0.0001394492791504685142 -0.3035039970657082975 -0.0003188711798067157713 -0.0001382467210572526609 0.9999999396045056166 0.005367307060531459166
0.9999997775654175802 0.0003213703738449328966 0.0005844571825779565832 0.1445053635800442882 -0.0003212722944491957079 0.9999999342970268268 -0.0001678989423724931479 -0.349883497570552926 -0.0005845111019232604281 0.0001677111351259078799 0.9999998151098563604 0.0128363073156751873
0.9999995243963518687 -0.0005497188223307497568 0.0008056154706059429722 0.1500462664703486604 0.0005497259072220286608 0.9999998488639540994 -8.57297583408847865e-06 -0.4049064349548585073 -0.0008056106361222268404 9.015839452200848984e-06 0.9999996754550561917 0.01657398005255810575
0.9999988010508428227 0.001372230238581313017 0.0007175521229536381464 0.1420815568153672714 -0.001371867685729603881 0.9999989312178858558 -0.0005055117594608151375 -0.452244884214527465 -0.0007182450345690537339 0.0005045267668076103967 0.9999996147883317699 0.02167551599429470149
0.9999973078980419761 -0.00211918757215914539 0.0009451141214837780521 0.1555867735017819053 0.002119275653991027891 0.9999977500819121623 -9.220529268786103766e-05 -0.4886835966639543893 -0.0009449165947440696031 9.42080018097157378e-05 0.999999549128639087 0.02031709527272263296
0.9999947461163680718 -0.003222063280859608411 0.0003550322164641790722 0.1464774765561123737 0.003222205097389530155 0.9999947288425428127 -0.0003996016012439496719 -0.5170917959927134877 -0.0003537428033871228752 0.0004007434884012659989 0.9999998571353325705 0.01235216446790488205
0.9999929876130697615 -0.003546556962390467419 0.001202771133450674388 0.1665074861346476087 0.003546407183671064587 0.9999937034596365626 0.0001266379409066648108 -0.499920937294912715 -0.00120321268882470989 -0.0001223715366844414603 0.9999992686519487695 0.02271405462001372874
0.9999928077676933924 -0.003721500552518240777 0.0007313320194502905642 0.1457251992341306313 0.003721620494660600378 0.9999930615086697339 -0.0001627126658747590554 -0.4953252547172773967 -0.0007307214098334594184 0.0001654332358394545598 0.9999997193389934536 0.01695910739136284248
0.9999958968451678754 -0.002803697738526387574 0.0005878535696908211532 0.1283387505242102322 0.002803767187968277206 0.9999960625515248447 -0.0001173499149210361671 -0.4903595621586669395 -0.0005875222413565991389 0.0001189976379661948451 0.9999998203285729304 0.01323924142555732431
0.9999817539791420185 -0.006040437511647804916 6.945118068128789356e-05 0.09974420043821591308 0.006040456778246598712 0.9999817168965851044 -0.0002806322647416207758 -0.4642028756451730409 -6.775476923924524781e-05 0.000281046661174568402 0.9999999582110318253 0.004823959294839226877
0.9999978367167311477 0.001958930960524104051 0.0006993935586370933748 0.113760206532450725 -0.001958936332078091251 0.9999980812579152278 6.995350485653740698e-06 -0.4438821564686301624 -0.0006993785132725924628 -8.365402805164666059e-06 0.9999997553998276612 0.008231393573175659756
0.9999699139356144073 0.007721767537214557602 0.0007385998248116300681 0.1330677323633248366 -0.007721713301026192529 0.9999701842199765212 -7.625459380299320477e-05 -0.4251195263398014346 -0.0007391666231287194987 7.054904351099076812e-05 0.9999997243277298775 0.003816472272668809847
0.9999997734962667861 -0.0006009164213423344534 0.000303161458064911014 0.1480111109572287142 0.0006008135707861237242 0.999999761970601031 0.0003392370771974733941 -0.3889402728345881521 -0.0003033652390339875294 -0.0003390548568408642484 0.9999998965056625666 -0.00398918211428377599
0.9999976223955614474 -0.002155536041790526765 -0.0003299509003663664481 0.1513080735823549017 0.002155462520300467123 0.9999976521191239476 -0.0002230191988664369902 -0.32727267957516748 0.0003304308516021253446 0.0002223074718157207815 0.9999999206974169441 -0.006678696770083055942
0.9999985739922756522 -0.001676726605381974496 0.0002014976574019311766 0.1469666621424898789 0.001676673815193591285 0.9999985600926734053 0.0002618730557537648639 -0.2715127905355365079 -0.0002019364567837929998 -0.0002615348364747758993 0.999999945410596891 -0.00222979948456803953
0.9999990816475499145 -0.001345718401782647605 0.0001604557258712009226 0.1305588345112184689 0.001345749751336581959 0.9999990753818183142 -0.0001954305892449639836 -0.22143465563259776 -0.0001601925829707012542 0.0001956463430239951983 0.9999999680304219041 0.00535442937460611345
0.9999945630850382017 0.003292233290448298971 0.0001870837371492611986 0.1028375991052814242 -0.003292173933314401692 0.9999945306300763725 -0.0003167028987905770978 -0.1885037574387333215 -0.0001881253737456758523 0.0003160852647010584018 0.9999999323494722647 0.007797985842431348971
0.999993794093793742 0.003521949268887494214 8.744853763948937282e-05 0.08628914593034300862 -0.003521916442160846501 0.9999937285643701879 -0.0003727418719922154147 -0.1570074889586645095 -8.876076717516139436e-05 0.0003724315723485632367 0.999999926708122433 0.005650057253389581015
0.9999994998461567697 0.0009992506660752595391 4.249167665338138083e-05 0.07379616090249421778 -0.0009992461333399114531 0.9999994950758047674 -0.00010656125293341553 -0.1254606240566130404 -4.259813660127726749e-05 0.0001065187399928003249 0.999999993419578348 -0.001363486045081306868
0.9999998333526831651 -0.0005773035924718818157 -3.894609362585138645e-06 0.08358344983662337191 0.0005773027759987653775 0.9999998120431062842 -0.0002064830667700016725 -0.08949186453734916946 4.013812046797394571e-06 0.0002064807839913561708 0.9999999786747874042 0.004473426568818198237
0.9999995374142242044 -0.0009431192275209287134 -0.0001889377156335273963 0.06313632905451629918 0.000943090132593794395 0.9999995434289908891 -0.0001540221136899932075 -0.06442275239559390465 0.0001890828905869283445 0.0001538438571462654478 0.9999999702898636489 0.0003032386915086822919
0.9999984806739943277 0.001718039898746868575 -0.0002949383145869286784 0.03474298650773804259 -0.00171811305506355599 0.9999984932991952125 -0.0002479654603122814576 -0.05102017351601996487 0.0002945118556488050777 0.0002484718209406393068 0.9999999257622578241 -0.003353637577305032362
0.9999994848671827086 0.0009990633061734905448 -0.0001792704089978387804 0.03963947757006056755 -0.0009990915352373294124 0.9999994885133017819 -0.0001574459876074488999 -0.05241352852296207732 0.0001791130187944863438 0.0001576250140500020161 0.9999999715364402686 -0.002733949099670101007
0.9999998741360986987 -0.0003500543863858852889 -0.0003594297056344999725 0.001309259626816000046 0.0003498652847060297871 0.9999998004359516024 -0.0005260440470853696001 -0.0395767308515540539 0.0003596137779313672198 0.0005259182288991200377 0.9999997970439530315 0.00283619589103703898
0.9999854578794390436 0.005377149209383433673 -0.0004126693938763668543 0.01794616779286372157 -0.005377372079990284416 0.99998539555531607 -0.000540874838939471277 -0.02906853973150867396 0.000409755002356452418 0.0005430860503492523526 0.999999768579163173 -0.0002134470023042848736
0.9999980967977014634 -0.001937329855805673511 -0.0002305515230671643251 0.03000830008625073389 0.001937287337508292575 0.9999981064368603789 -0.0001845005841838017683 -0.01125057622420989716 0.0002309085249934513461 0.0001840535884955845876 0.9999999564027638455 -0.0007844363635005606071
0.9999997888137499569 -0.0006358737681169430046 0.0001343019226576577145 0.0115319428161180064 0.0006358843326931189026 0.9999997947338180593 -7.863483500314500329e-05 -0.008418561671655191286 -0.0001342518932611761265 7.872021888501764663e-05 0.9999999878897780636 0.003501432037627613333
0.9999996142716036651 -0.0008324783615734777497 -0.0002800650306886926042 -0.02162718331964026686 0.0008324426503360424744 0.999999645378299884 -0.0001276029328759893905 -0.03131112962005748457 0.0002801711580520478608 0.0001273697455795017898 0.9999999526405339845 -0.003987954221710437487
0.9999978284065742518 -0.002031555709728199814 -0.0004647187685512485533 -0.009543574935855340252 0.002031538066181400471 0.9999979356857886525 -3.843497055406141344e-05 -0.03547174934729650092 0.0004647958920095727033 3.749079322055123614e-05 0.9999998912796036477 -0.009276696031420159083
0.9999865245173656936 -0.005158057342445970632 -0.0005875611729566160507 0.01162862000337913995 0.005157801170577880866 0.9999866031108818332 -0.0004366759032457183214 -0.03468738200916682279 0.0005898057008137375492 0.0004336394951215055758 0.9999997320429758751 -0.004494614024683141022
0.9999960279841543231 -0.002777208786378750072 -0.0004807569773002132933 0.00895998351514737737 0.002777083288989435749 0.9999961097023071233 -0.000261512250772980221 -0.04629366481801702737 0.0004814813811330460967 0.0002601761098744508299 0.999999850242024535 -0.009281337341531838148
0.9999998189336363197 0.0004933175233065073464 -0.0003446309849683277236 0.00118000394888524273 -0.0004934667628093138917 0.9999997844614677556 -0.0004330907202752863161 -0.04096425196356125176 0.0003444172594455778341 0.0004332607057936405277 0.9999998468309443389 -0.004266384115125797585
0.9999993339488774113 0.001020859214023242317 -0.0005384684453986911907 0.006699539156764888412 -0.001021020958976306438 0.9999994337008274448 -0.0003001903157327134495 -0.05031965501343797081 0.0005381616884146798617 0.0003007399033591160896 0.99999980996873572 -0.009926215262585632443
0.9999959282881891731 0.00272344999014203018 -0.0008521896467024097721 0.02606489621331332246 -0.002723729826082336471 0.9999962370504470455 -0.0003273847592568678347 -0.04521362430585528641 0.0008512948239363888952 0.000329704560598678806 0.9999995832959258646 -0.01512086379003567578
0.9999990183425203627 -0.001066293121096924213 -0.0009090285889243709515 0.02041145386794112823 0.001065785178345254229 0.999999275767311957 -0.0005590767435929223017 -0.04611419531722989879 0.0009096240702620108807 0.0005581073655742874911 0.9999994305499475544 -0.008934036313731050921
0.9999997804928749678 -0.0005315908663837199451 -0.0003955064508992452458 0.03066415406728609933 0.000531483067390434074 0.9999998216035049792 -0.0002726145766106411947 -0.04362364013357634962 0.000395651299761249904 0.0002724043117881025681 0.999999884627963298 -0.0009948590714466687412
0.9999997501000003064 -0.0001617918224111007241 -0.0006882029810640706482 0.04576641979826610862 0.0001615644569005797351 0.9999999323602946077 -0.0003304184204141872618 -0.05556912535106421636 0.000688256393512620755 0.0003303071487017511152 0.9999997086001196633 -0.008690898372361196417
0.9999999520052641477 0.0002883513281575790228 -0.0001133268761693527471 0.06722877744646441056 -0.0002883670376012437185 0.9999999488132591541 -0.0001386287512778446918 -0.08028396161908685214 0.0001132868965839675229 0.0001386614243599559675 0.9999999839695441484 -0.001001842181049346272
0.9999962564918920549 -0.002687830098788377212 -0.0005124173709909418889 0.05390272278626283275 0.002687584068325417179 0.9999962731322457055 -0.0004802223388925776671 -0.1197185836109771195 0.0005137062173357512338 0.0004788433764137499512 0.9999997534074411831 0.0009781188491185862505
0.9999980783850492827 -0.001954999648724194822 -0.0001456110650394753234 0.01499667085841785777 0.001955027012147971671 0.9999980712576999053 0.0001880166534940546567 -0.1455573326136544998 0.0001452432117017196363 -0.0001883009657638621344 0.9999999717235774632 -0.004704235121588150326
0.9999998315602198762 -5.729754845168865512e-06 -0.0005803849600436199923 0.04756804222614651606 5.690550516074933462e-06 0.9999999977022761 -6.755046588503763581e-05 -0.1572826714173568285 0.000580385345757664789 6.754715179691811618e-05 0.9999998292951017831 -0.009114072788476723988
0.9999665858252346773 -0.008060023750200571296 -0.001365009219685870984 0.04513782411362869673 0.008060156007683208848 0.9999675122362294832 9.14178211710255285e-05 -0.1478482935617671801 0.001364228043778967312 -0.0001024169537825662897 0.9999990641958682591 -0.023085744603775743
0.9999755327699888507 -0.006930218492501002796 -0.0009518051392776573447 0.08081152002133483447 0.006930100001653025608 0.9999759784106846405 -0.00012773238051337152 -0.1491212073460352339 0.0009526674887110183005 0.0001211331504585561709 0.9999995388756015569 -0.01087069534745184821
0.9999758037124459875 -0.006835166831489936957 -0.00129324554261884021 0.09574650018145001995 0.006834967315000096272 0.9999766287556347555 -0.0001586326520067894827 -0.1294310843515044385 0.001294299598502627506 0.0001497895226714567052 0.9999991511754638962 -0.01677331175092969945
0.9999993472589875365 -0.0006065018074387979645 -0.0009683166612541095099 0.09558841515005456202 0.0006062732004994516232 0.9999997882826369144 -0.0002363630420953871127 -0.1278175799022573944 0.0009684598108569019868 0.0002357758233702202284 0.9999995032475545997 -0.01043191393249176882
0.9999742437754386426 -0.007130343586281816422 -0.0008185267748911124065 0.06277794262190490582 0.00713008977645476251 0.9999745317319034266 -0.0003125817337329198889 -0.134880585073634679 0.0008207347435920765233 0.0003067375134181864519 0.9999996161532156425 -0.002633263563120753423
0.9999852293905193701 -0.005369311838483014666 -0.0008434993607506164953 0.07066022840275702765 0.005369117344582760402 0.9999855591163135937 -0.0002326752540710320125 -0.1343999677270996673 0.0008447364858706639173 0.0002281429702677677132 0.9999996171854540483 -0.003846185322554562282
0.9999934925416938958 0.003564061616136334973 -0.0005588730281622692701 0.04033897237404252684 -0.003564289545570482887 0.99999356492278757 -0.0004073733545121441865 -0.1210537967011341559 0.0005574175280349276786 0.0004093626888386047292 0.9999997608539156202 -0.001998747788411297122
0.9999993202372076118 0.0009637488830225171424 -0.0006562874470859302077 0.0442863599929910895 -0.0009639155922956344977 0.9999995032387678506 -0.0002537497753229664183 -0.1059749558272601311 0.0006560425700052346541 0.0002543822085365845848 0.9999997524488885015 -0.00455743036894827331
0.9999987214657211076 -0.001552910570112429932 -0.0003814913947785391474 0.04829173504178781162 0.001552779059540083592 0.9999987350004313491 -0.0003447821476458011502 -0.09943717606556488897 0.0003820263280335545208 0.0003441893349807997795 0.9999998677947844472 0.004025729296889374656
0.9999971499092031868 -0.002280571964760425962 -0.0007065160891624443782 0.03270352601641305507 0.002280343638997454989 0.9999973475869469164 -0.0003238085219170382611 -0.09920163472875775934 0.0007072526838269818129 0.0003221964995635790514 0.9999996979914828055 -0.00191545744447214482
0.9999912438681580751 -0.004119849460633936457 -0.0007341848784356851164 0.03123612978882337257 0.004119746442849981163 0.9999915037587386868 -0.0001417729989317012432 -0.09223966017170417975 0.0007347627240370087571 0.0001387471020073013331 0.9999997204364514669 -0.003719581567091654467
0.999996451389802421 -0.002440574225744471335 -0.001068084852060349754 0.0290717674000614372 0.002440558673041707226 0.9999970217064066969 -1.586442083330943275e-05 -0.08746222171092467301 0.001068120389286669834 1.325764078742352977e-05 0.9999994294713717702 -0.01571056158248416643
0.9999968231697300425 -0.002269389633290791464 -0.001097051110897505951 0.06212811011094068747 0.002269097449264211204 0.9999973898149335794 -0.0002675071691706863556 -0.08077525596313539502 0.00109765532538762603 0.0002650170034683638751 0.9999993624591840824 -0.01601405570356075406
0.9999870805171736654 -0.005072334026621676609 -0.0003320034065648232971 0.1188782335289761682 0.005072358912143411919 0.9999871327551522748 7.415656364910564672e-05 -0.08184390728836538065 0.0003316229877346060784 -7.583964602280617636e-05 0.9999999421372693931 0.002946738933989565771
0.9999939264792951921 -0.003415933022321997019 -0.0006916690747863459606 0.08348473772293157902 0.003415664018018528189 0.999994090657853496 -0.0003897289938949226817 -0.1063036673758268047 0.0006929962756171328259 0.0003873641176966851479 0.9999996848525515292 -0.004035188869818308842
0.9999848414886960413 -0.005452016849712543016 -0.000769613603050090596 0.08334737443166742588 0.005451795398289893853 0.9999850969331413042 -0.0002895488753212304149 -0.1263523787301019941 0.0007711807587941756038 0.0002853487102917610018 0.9999996619281182886 -0.006672849967323396525
0.9999999864612514333 0.0001478422044082837276 -7.225081033945294985e-05 0.04009923540604142661 -0.0001478442086772474952 0.9999999886864053833 -2.773588220746669081e-05 -0.1453266928712185213 7.22467089880698038e-05 2.774656369583847933e-05 0.9999999970052706466 0.004702214089734130416
0.9999992965220871888 -0.0009475830261799929582 -0.0007134716107302732386 0.01900932473381621371 0.0009474252013027123498 0.9999995266587505816 -0.0002215124434853348436 -0.1610273144898787812 0.0007136811744462639388 0.0002208363266718035378 0.9999997209452100577 -0.005082343687002535172
0.9999996524987545543 -0.0005049408228418805159 -0.0006633529494351513489 0.02645799626949996153 0.0005049882312065693494 0.9999998699514304201 7.130223438603018637e-05 -0.1682746192531409113 0.0006633168597581477624 -7.163719504101585486e-05 0.9999997774394031591 -0.006897101235976434673
0.9999879256593667831 -0.004897825398865126439 -0.0003998022497107512545 0.03990879317414881833 0.004898130070119511431 0.9999877117280037142 0.0007646664679001241366 -0.1878531951327511162 0.0003960521339838203852 -0.0007666155184781295751 0.9999996277216076646 0.001764787216493532603
0.9999950009385492056 -0.002582189032035311829 -0.001824937728730081921 0.05623013078683312266 0.002582459397787886454 0.9999966548158876201 0.0001458097845679243534 -0.1859198087220423345 0.001824555115550910911 -0.0001505218832437878456 0.9999983241694923031 0.002656533873680442647
0.9999916276396711989 -0.002153594992361522378 -0.003479465356912176191 0.01579974042985521354 0.002152849477237660496 0.9999976588564380986 -0.000217992594425680874 -0.1868088317368896134 0.003479926678743984134 0.0002105000041384364135 0.999993922881563746 -0.02218263441244076178
0.9999889094548275459 -0.0005533264016391567551 -0.004677050057239459137 0.02383977229818835114 0.000551042544511143274 0.9999997283288009076 -0.0004895859867597465677 -0.1446914413787011577 0.004677319687472009102 0.0004870033034198974014 0.9999889426930298475 -0.05811952504446996071
0.9999929726376722838 0.0003191889123872120406 -0.003735343854294098046 0.02484537412319541907 -0.0003176653979835888084 0.9999998661283282519 0.0004084507565124387198 -0.1167293180651473861 0.003735473727190106747 -0.0004072612966888998097 0.9999929401622141834 -0.04601544099010827088
0.9999933850387411338 -0.001213256808676895209 -0.003428977497202093452 0.02912395017696132668 0.001214516931214264673 0.9999991957030470724 0.0003654338282178900719 -0.08257519687365590111 0.003428531374205734828 -0.0003695959621143784157 0.9999940542680445521 -0.04324096685653572303
0.9999931305099606371 0.002484799204127686317 -0.002750401026043962534 0.09254926735720417352 -0.002485037281514570606 0.9999969088333718892 -8.314692084653615544e-05 -0.04601135733423684926 0.002750185920693351462 8.99811987584267682e-05 0.9999962141832265949 -0.02793914531885428876
0.9999989552402968052 0.000289913183709561656 -0.001416145706037095922 0.140081239150557757 -0.0002899924497255962114 0.9999999563971508909 -5.576805007634610392e-05 0.002934178385685808771 0.001416129476396161364 5.61786633745967398e-05 0.999998995710127625 -0.01702802346534651109
0.9999942699587381911 0.003372951023311770383 -0.0002885326404769557947 0.2148420957007984855 -0.003372995066854394576 0.9999942998387841842 -0.0001522964828105483298 0.005419902869781277263 0.0002880173072168464216 0.0001532688293183730318 0.9999999467773469375 -0.007495525386203505218
0.999975719579986988 0.006965434568843607149 0.0002072962959181972155 0.2447756694115616749 -0.006965234598495244518 0.9999752909754952013 -0.000950234424511454197 -0.009277888909219050503 -0.0002139099695379389208 0.0009487674850880468708 0.9999995270412802562 -0.008525603084347943214
0.9999647148260174534 0.008384891004294811254 0.0005125483076242006754 0.3042147736786313117 -0.008384144031434330457 0.9999638119363309929 -0.001442548655037102778 -0.02166916915095086493 -0.0005246253727342892062 0.001438200475622642338 0.9999988281731184703 -0.001734261784921799611
0.9999498404821967057 0.01000940302013850029 0.0003582887241163606323 0.3617376170003007152 -0.01000902795991728128 0.9999493741010085923 -0.001033728348610724957 -0.06290616157957040766 -0.0003686175890821906994 0.001030090375437815384 0.9999994015172666284 0.001096891289413915805
0.9998388272659354259 0.01788811279201658541 -0.001528041955927973445 0.4365047443589286091 -0.01789037856752717995 0.999838855698390927 -0.001482224828711678575 -0.07678121751114291849 0.001501281515755034093 0.001509323183542152962 0.999997734046101816 -0.005251400347049023885
0.9996824485221778023 0.0250560255609841992 -0.002682852920034264378 0.4821091284292365886 -0.02505799989602142466 0.9996857505470522209 -0.0007048364263435143379 -0.07825475742335331886 0.002664349435457028393 0.0007718395326859654 0.9999961527455101251 -0.007505869425992128807
0.9993186884935072456 0.03675712169851408362 -0.003327586521384866703 0.5156460137919084419 -0.03675610802717992759 0.999324199189154827 0.0003652911835526943211 0.02189552574687935252 0.003338764788204797579 -0.0002427331768163094731 0.9999943968494493518 -0.01024574007142568972
0.9991882542420859048 0.04020416193008356093 -0.002541249329053293059 0.6111961693569893939 -0.04020109777729089645 0.9991908327566212389 0.001245581242017600567 0.0253565558139757577 0.002589270583290114846 -0.00114240913397450905 0.9999959952815896669 -0.03222772011026794892
0.9987043835209183928 0.05088761516840148436 7.041715070521789078e-05 0.7454030942981395569 -0.05088765145180083882 0.9987022157746637818 0.002081138269542781496 0.03774848897493618405 3.557839893488652617e-05 -0.002082025275926830364 0.9999978319501137136 -0.03860058925749632747
0.9981699074977097297 0.06041954927717987228 0.002512733801277813265 0.902627324216999094 -0.06042568581877198752 0.9981697104983823232 0.002442444862566538373 0.07848064257524595133 -0.002360563353250340855 -0.002589808625758519521 0.9999938602971206736 -0.03469200725425303222
0.9975444289064843151 0.06988730784473411173 0.004569087419992084835 1.078267168958195743 -0.06989521296985375109 0.9975530657965558934 0.001593776581243864978 0.1088633113411873743 -0.004446522409136462184 -0.001909220287839666482 0.9999882915896353142 -0.008743305032947150043
0.9967366224184137646 0.080455900137167774 0.006553904412678223344 1.192157359068346523 -0.08046893055618008217 0.9967555830881250634 0.001748941907670685525 0.1271037818969313338 -0.006391928118893657786 -0.002270620128913342344 0.9999769935049270808 -0.008356223215173236296
0.9955391737475884906 0.09376928549846093308 0.01044388007767531497 1.381627559004675376 -0.09381772188728797202 0.9955803298491170406 0.004247573119188230613 0.1438019879604473805 -0.009999429676147862309 -0.005208446470060648648 0.9999364397258059256 -0.01068525680646461445
0.9945661491393295028 0.1030981569918576896 0.01445493033699152795 1.598483753544068131 -0.1032164182933796026 0.9946292170880098871 0.007687100206099797481 0.1993345633835136854 -0.01358477018028298594 -0.009137315786093402198 0.9998659727580362366 -0.02044908304572875396
0.992795702652086498 0.1184027165201161635 0.01837088773595009841 1.803842235777977976 -0.1185951185362389693 0.9928947327105663856 0.009759488459357052587 0.2290884987297782116 -0.01708480772280739773 -0.01186787581119325315 0.9997836080216582211 -0.03225909665912935625
0.9906104874747536648 0.1345071726514672772 0.02446799154690243797 2.015342644620970347 -0.1347436778953055858 0.9908458833102254948 0.008281110699966341346 0.1606267834241871251 -0.02313013991045139231 -0.0115002622790669369 0.9996663146246529408 -0.04429145702622495906
0.9882163585061187749 0.1502441606413066344 0.02924245157464526804 2.261744826146168119 -0.1505062078577472928 0.9885845360244243096 0.006963944977835226542 0.0858131076619649269 -0.0278623433541902929 -0.01128305484179696963 0.9995480891364108 -0.05747625477407011796
0.9852254084353776475 0.16804454908649058 0.03304427477886860698 2.471727456556354063 -0.1683500940024550696 0.9857046831089399941 0.006672596681108631557 0.006940612665776356438 -0.03145060289895650063 -0.01213701855573528186 0.9994316146479806928 -0.07280922058474192937
0.9819175656639196337 0.1856553082420006051 0.03701352134301353486 2.739449675062296752 -0.1861190678196680826 0.9824815175775872822 0.009474186634153908965 -0.07635015575111843422 -0.03460616758006827137 -0.0161917923655391198 0.9992698529553523112 -0.09102714626151994781
0.9787822249812880848 0.2006854287994516983 0.0413607873263951431 3.030588785089150416 -0.2012856675284879215 0.9794724292846721525 0.01085542807971702321 -0.100118483732237723 -0.03833322460073131099 -0.01895043373548704543 0.9990853041422173009 -0.08510952255537271305
0.9748056830881202117 0.218657344243591012 0.04407772711294193763 3.272557492489526876 -0.2192431316302602684 0.9756299727762806073 0.008865971661938813059 -0.1683092841216368707 -0.04106494188550138813 -0.01830633848954160009 0.9989887629593471319 -0.0946722672246871344
0.969665385925725154 0.2397141159465835114 0.04781403510960481607 3.573177070412402845 -0.2401701619333714566 0.9707227778812338448 0.003947381339436432761 -0.2500440120695777146 -0.04546792995521938691 -0.01531114360486233311 0.998848455085704412 -0.09899156509651835245
0.9641219953596151804 0.2604666313126923205 0.05124365362083593139 3.847995973283918847 -0.2608211621457647844 0.9653871056928808869 0.000239872580996351774 -0.3322270859457177594 -0.04940748365103091178 -0.01359669572140371867 0.9986861521142328391 -0.1062673315851217215
0.9583370728690474571 0.2806767542314715924 0.05301522799038189265 4.130548486804222819 -0.2811716534644826404 0.9596554775690478989 0.001966128116778809425 -0.4294323119955620882 -0.05032450747732117313 -0.01679059277717152854 0.9985917684125762417 -0.113349760942496991
0.9526757485337381537 0.2990506469068266449 0.05456765287503477502 4.383516432437788879 -0.2998285774386645341 0.9539710676138299927 0.006482769997159341414 -0.5655350373927756635 -0.05011728550897914108 -0.02253691949530435903 0.9984890309627210137 -0.1319295981791909766
0.9470928083668557207 0.3156962048969786383 0.05788884653736951075 4.610174729468479171 -0.3168979180537228046 0.948375047846533592 0.01266799728848445709 -0.7017329493283337438 -0.05090109893703869542 -0.03034262407455831645 0.9982426575193387164 -0.1476541830175843173
0.9410709390294054177 0.3329391119690504608 0.05947298071875251751 4.880059420809493176 -0.3343761216639656864 0.9423069358940275864 0.0158192233366193577 -0.8344553334904776243 -0.05077496405983813327 -0.03477335599664053978 0.9981045620261702611 -0.1650636415335982043
0.9342369658192489768 0.3510025635226435847 0.0632336310627180237 5.137229836636097779 -0.3527624828349841257 0.9355227182154299825 0.01886463376031111139 -0.9764062636881286616 -0.05253496360464061238 -0.03993049089788020672 0.9978204415102516212 -0.1874298865826474758
0.9270667492055082448 0.3696750194404063716 0.06235080207396297841 5.352428102835906643 -0.3710938787289524421 0.9285107467832515171 0.01253500211049664477 -1.138305943251328722 -0.05325951264734668511 -0.03475878464135043894 0.9979755764560690467 -0.2085374434627194629
0.9171705595718913084 0.3941294083176410945 0.05882324501223948343 5.676522818178055374 -0.3950554162344627751 0.9186460110032745874 0.004552424803002426933 -1.309808015229249945 -0.05224349489074416736 -0.02741379154655074896 0.9982580334135273681 -0.2096129682797005511
0.9066520580293357945 0.4186433052468489513 0.05215197640707024823 5.967398181014921477 -0.4190682071230282246 0.9079497001369807307 -0.003029818452902283479 -1.490405726909795447 -0.0486197845517712321 -0.01910824411505427159 0.9986345635701674439 -0.211607657345193878
0.896799403289883057 0.440158276223060807 0.04484999588911361273 6.244564534317794013 -0.440180289107787559 0.8978546563660824154 -0.009916104211267038823 -1.681346247656483328 -0.04463343298351984956 -0.01084932781732853534 0.9989445173511979359 -0.2270592150132553777
0.8851938303694040222 0.4634118258318648542 0.04100441872676974936 6.522679728388306231 -0.463260893160559184 0.8861163033017713797 -0.01368363587955171573 -1.863351267272201461 -0.0426758426281646161 -0.00688307358529231892 0.9990652610085066776 -0.235141015308265533
0.8733400793673872231 0.4855103255028304643 0.03945668005168873754 6.774095153529165358 -0.4854484647788726015 0.8741859506742897246 -0.01177759260307739003 -2.049914199765772604 -0.0402106181797966325 -0.008868341097635106668 0.9991518696933787691 -0.2448254520735888562
0.8598975645184780969 0.5090524464001656701 0.03797084867626889654 7.047303814851313852 -0.5091743694067317749 0.8606340006120649644 -0.007111858387867394868 -2.220742551233791939 -0.03629931231368806882 -0.01321831322365017193 0.9992535394588676345 -0.2466260627888764989
0.8463482642381472409 0.5313869621204991844 0.03636635958440970207 7.299440673050725081 -0.5317557269248986973 0.846897596219848392 0.0005553373885824719036 -2.392199477498522686 -0.03050348346743245176 -0.0198080288113133586 0.9993383708689276279 -0.2661991820770476247
0.8312374048449797659 0.55495488877978294 0.03270241896254733049 7.542506704020571107 -0.5554219314491789516 0.8315416219323471525 0.006708879145208193617 -2.574160257046989919 -0.02347029722536173035 -0.02374031199331975636 0.999442616028860864 -0.2845800104434869637
0.8175780308774270866 0.5751816610282792785 0.02705956842483848643 7.741674594071161764 -0.575533492321967155 0.8177481230423904179 0.007014732805151194933 -2.713907164536485617 -0.01809316562321237887 -0.02130877935023933051 0.9996092102818650016 -0.300713977818431788
0.8029223335748245649 0.5956790027155831613 0.0219602361218273201 7.979790022256302073 -0.5958468513461493421 0.8030968568057430534 0.001402971708792229806 -2.892169855955256885 -0.01680047581581992772 -0.01421141486637169694 0.9997578605341684854 -0.3010556890761321158
0.7884387935499772571 0.6148882238854925797 0.0166355328258722783 8.213580495065546216 -0.6149023019873395279 0.7885883224193874774 -0.004859707238817623232 -3.107247774488731906 -0.01610676367638731038 -0.006397645717035356852 0.9998498098680382862 -0.3173769589435774252
0.7726846846229235011 0.6346438009262324043 0.01362439338385299827 8.413667934885047828 -0.6346011709078559493 0.7728003703795907064 -0.007806498801996672454 -3.337827830861413325 -0.01548328232486408974 -0.002614093929472330758 0.9998767096404318488 -0.3054042405357027534
0.7594474895194602837 0.6504827212344398424 0.01057071606029029096 8.629752552265873788 -0.650454013895054528 0.7595184354896886703 -0.006428215857287233534 -3.590385828479336183 -0.01221009706764798405 -0.001993872296254762741 0.999923466072711431 -0.3164307256202083529
0.7433511055099135678 0.6688784549234566557 0.005544950531683829655 8.893144117977639596 -0.6688643740851496489 0.7433716412818788255 -0.004364861689304886869 -3.832372678701740476 -0.007041520920261477162 -0.000464195104565164995 0.9999751004430232904 -0.3372548401723388656
0.7273014395154535627 0.6863154330870913089 0.001934524548178060202 9.101862739432773353 -0.6863016915485219416 0.7273006252339344613 -0.004877367319091058771 -4.073168209160499487 -0.004754393377347103204 0.00221964880246381226 0.9999862343566571221 -0.336035205693307526
0.7104791176902043315 0.7037182766717249294 -0.0001020016007298629366 9.275495435244280884 -0.7037003963119186079 0.7104600171494112049 -0.007232998168599287341 -4.340796639064146589 -0.005017524947372627164 0.005210672723939339425 0.9999738363243142469 -0.3384184073174014151
0.6940361739489204762 0.7199393487655589841 0.001059881770204953782 9.466035181253737107 -0.7199124648921919611 0.6940216589072037978 -0.007744666586853014845 -4.585051763801036628 -0.006311271123348488783 0.004612056668766964344 0.999969447928331312 -0.340517825284082698
0.6781716171338372234 0.7349010603384027451 0.001920736204571162672 9.682008752253798534 -0.7348707795621701733 0.6781637308045043167 -0.007674084115015757622 -4.84619362807137577 -0.006942266183634434804 0.003792853122314835887 0.9999687091131542749 -0.3448841678061345672
0.6646985270184029293 0.7471103409508015325 0.001416553543869357619 9.864484945639347302 -0.7470842451510809612 0.6646891700792987301 -0.007310118079259496533 -5.082419583940050778 -0.006403032610033592559 0.003800739884576657176 0.9999722773905908024 -0.3533977224982218224
0.6455072860889035091 0.7637539383845550756 0.0005149837081393859959 10.04440466571604418 -0.7637326469557945696 0.6454940528203574335 -0.007061993163774477403 -5.327621996028377716 -0.00572604401258090985 0.00416525817097004869 0.99997493120794545 -0.3492501733706991351
0.6335563489445178442 0.7736938751408148907 -0.00203476821326625942 10.17122257283479492 -0.7736858574000592403 0.6335315743980014513 -0.00692374897906026382 -5.537924933249196435 -0.004067772268425813575 0.005960856513873046165 0.9999739603701655044 -0.3685833124316675313
0.6202824307194108044 0.7843718988920406199 -0.00322960822915669115 10.32430845788372409 -0.7843663671929543835 0.6202445945839619723 -0.008126801702031644092 -5.76452050414148065 -0.004371287836183307234 0.007574108387870938028 0.9999617616313045687 -0.3585779375937029334
0.6047427150305868526 0.796413514524835997 -0.003429650074469682824 10.47241971158921103 -0.7964102300269798596 0.6047067162218853209 -0.007780286917408750502 -6.004964854713116473 -0.004122393213582398533 0.007436480238871172495 0.9999638516645736885 -0.3576253514129507094
0.5886374949321334649 0.8083908857000234871 -0.003174189212105144216 10.63904944183623336 -0.8083924691085757619 0.5886162569243960085 -0.005702453231190110147 -6.255835778202389008 -0.002741431845425605293 0.005922668439566878412 0.9999787030482159 -0.3636224304031376864
0.5746124434380057711 0.8184213019021067126 -0.002666915646428098287 10.77241980987682979 -0.8184220580737159301 0.5745972224932291983 -0.004833917815759068877 -6.508990414477720421 -0.002423778989000005719 0.004960291919550505538 0.999984760283618157 -0.3591532924443744945
0.5617128216879827551 0.8273298724899533774 -0.001997007031063096402 10.89054881674482189 -0.827325922903550004 0.5616974029598035267 -0.005276817222679442212 -6.787936878153798759 -0.003243954856951562511 0.004616231576702168812 0.9999840834547899515 -0.3599404337316369218
0.5511207823425889885 0.834424699703602113 -0.00114183827496978983 11.03109764040161878 -0.8344159669402808621 0.5511074479360952294 -0.005529461500030159911 -7.107551708796828294 -0.003984643674010940329 0.004000169236128187783 0.9999840605034029384 -0.3718206213916163128
0.5314338161624918566 0.8470997460571773052 -0.0003453532058331501239 11.22724327501244623 -0.8470877841841624178 0.531424050525482472 -0.005546567321817031 -7.389153120794362373 -0.004514966770294430269 0.003240177920325497136 0.9999845580418268431 -0.3732982547491399128
0.5167154420135930959 0.8561567853069118605 0.0008431830356118139068 11.39565438090920679 -0.8561448774749709223 0.5167130381380233839 -0.004856438153692162543 -7.67368800855712152 -0.00459355614574433798 0.00178750975048387324 0.9999878519516263164 -0.3750515675145167371
0.4996547521254995905 0.8662240290529300557 0.001029645431168104081 11.55951388627059728 -0.8662127468692513155 0.4996537674358769721 -0.004646487744599228989 -7.965822001952016507 -0.004539365553878087559 0.001429747685048401344 0.9999886749268340758 -0.3789385288875410929
0.4838734632535747204 0.8751372522621299055 0.001123059250814505052 11.68766573973039513 -0.8751256233400294127 0.4838730541575870792 -0.004691570518920873227 -8.302607857504643363 -0.00464918624241397304 0.001287308548171784252 0.9999883638842930189 -0.3821788379646217093
0.4666941982826654511 0.8844171177268619344 0.001699164797881479822 11.83896183645060063 -0.8844043285380518427 0.4666966985223741649 -0.004814068079484279741 -8.62746665767744858 -0.005050638816815100456 0.000743948940687222263 0.9999869687088506209 -0.3803421986860270332
0.4497846196966468479 0.8931336033627862436 0.002482423925905200262 11.96400408513913938 -0.8931201733513238761 0.449791469845252867 -0.004897918675095033932 -8.937609838760494085 -0.005491068861677435124 -1.409439845320262669e-05 0.999984923868407205 -0.3837750029326724155
0.4313752857567270116 0.90216762934497019 0.002988544859775567678 12.1214973196768554 -0.902152982778694934 0.4313853825780331608 -0.005162108242576480058 -9.271292766403607999 -0.005946301523313250563 -0.0004693187411658781096 0.9999822104608226958 -0.3958295027598912053
0.4148367239341949064 0.9098882166628237123 0.003731709218478071726 12.24250498323192105 -0.9098687246959898944 0.4148525386520633962 -0.006022872573067784494 -9.588158028764262042 -0.007028249827493013649 -0.0008968567806683558265 0.9999748993611176084 -0.3993165210876945537
0.397219361564817186 0.9177135588049194492 0.004313094440021374328 12.37282409591850474 -0.9176940084434217493 0.397239927173804519 -0.006176335968456736492 -9.977622067057250632 -0.007381440583235092563 -0.001504740695258050204 0.9999716246425977006 -0.4116306654543238075
0.3780084831227462638 0.9257913140374113281 0.004475437422632989014 12.47371842088082872 -0.925770653479441985 0.3780310771678504489 -0.006418866844067479607 -10.38331783683252141 -0.007634385599875660039 -0.001716842508264452552 0.9999693838354823949 -0.4153593041583105161
0.3573002703623671117 0.9339753917105229064 0.005146307234776451023 12.6175648835331593 -0.9339546387762688306 0.3573291377153079429 -0.006679823944062942935 -10.75719640947482958 -0.00807771671133423845 -0.002419714613300634996 0.9999644471049565775 -0.4140606853965123069
0.336924901047329528 0.9415151498753809856 0.005552801940120852264 12.75040405730282167 -0.9414922903825310163 0.3369588414986236513 -0.007141868534314903955 -11.11955896644855812 -0.008595243132290196833 -0.002821646867427856243 0.9999590792149708474 -0.4165851591631017925
0.3135588281431404001 0.9495498273445718285 0.005998890180225701328 12.87839741244043879 -0.9495223983624155872 0.3135996944087461324 -0.007902320850687516093 -11.49818579495386217 -0.009384897526702148593 -0.003218238125887968887 0.9999507821096887961 -0.4202975481883948206
0.2934865673277973208 0.9559443760728441042 0.005998720934262122446 13.01826008082718111 -0.9559148833983952542 0.293529044103628789 -0.008211940394460702855 -11.92149433036003181 -0.009610957058408508766 -0.003324172424943941818 0.9999482883540081746 -0.4384935422488043799
