1 0 0 0 0 1 0 0 0 0 1 0
0.9999998632284059497 -0.0005210859742712278374 4.486175235824323382e-05 -0.002359541483232348823 0.0005210857281190299289 0.9999998642197064358 5.498419121631238557e-06 -0.006203616109394176348 -4.486461141598627699e-05 -5.475041550711399514e-06 0.9999999989785952614 0.0006550402632451138209
0.9999993570822199862 -0.001124492552481697483 -0.0001461220248289917217 0.003088864290946164055 0.001124489676761670359 0.9999993675660362458 -1.976093032559369617e-05 -0.004512279193060507801 0.0001461441534354416139 1.959660491247252638e-05 0.9999999891289297338 -0.002289692369043433255
0.9999997219029466144 -0.0001134087239797053781 -0.0007371109080211923296 0.005422900020527330299 0.0001133801212576461244 0.9999999928179877928 -3.884549519273994733e-05 -0.009215218999934226413 0.0007371153081452949717 3.87619106657904273e-05 0.999999727579231279 -0.002985250137727912898
0.9999946867273361573 -0.002420726624069755289 -0.002183254384692919804 0.02517332218711291342 0.002420947344082915054 0.999997064655516299 9.845967921355536744e-05 -0.01546940440903496645 0.002183009632122335456 -0.0001037446999745130188 0.9999976118501400224 -0.01693438255214883142
0.9999941551322673039 -0.001538264263015443967 -0.003053431571202024596 -0.003361349570637093588 0.001538609122542130983 0.9999988102245592758 0.0001105958136084615078 -0.02014958753206349401 0.003053257812716417795 -0.0001152932048610687645 0.9999953321512086157 -0.01887383560697541637
0.9999922231401336958 -0.001675262530242690312 -0.003570315771450480874 0.004771162947230428442 0.001675502216609578736 0.9999985942880037504 6.414311008876479047e-05 -0.0005560920266866713202 0.003570203296065865492 -7.012468324584765695e-05 0.9999936243451522655 -0.01795238831420643486
0.999988652241937781 -3.993866599166220541e-05 -0.004763800190589232222 0.008699517394025697847 3.93117648919004249e-05 0.9999999905561098856 -0.0001316904147704821011 0.0006379423408445052471 0.004763805405139916703 0.0001315016469864317282 0.999988644368214219 -0.01672480382860722786
0.9999846279910874491 -0.0002743254292458065019 -0.005537917215454090172 0.04816478867470278674 0.0002726031578107098721 0.9999999142501364569 -0.0003117486778390458901 0.001952072959500362852 0.005538002261168309404 0.0003102342319149646067 0.9999846170245203503 0.003128746525621044043
0.999972918665649968 -0.001158423381945561772 -0.007267736275450821341 0.08459161327699046828 0.001160228595990954415 0.999999297123563724 0.0002441761324437076138 -0.01289318308808918428 0.007267448307789112043 -0.0002526017552831234542 0.999973559844182458 -0.003373735242230888227
0.9999709910867413676 -0.00162177231967328985 -0.007442233505028841151 0.1630538160459394925 0.001622422273882600727 0.9999986805675321611 8.129673987572827248e-05 -0.02114819301403176449 0.007442091840701911369 -9.336882695164716497e-05 0.9999723028920834977 -0.00121593506964910638
0.9999662849413637478 -0.002790869348916916702 -0.007722695698051887901 0.213510180708545716 0.002787734162721449641 0.9999960274395914839 -0.0004167052600501148672 -0.03802051730522148371 0.007723827989114517671 0.0003951623881820769861 0.9999700927167179954 -0.008824409180031448155
0.9999670521773830201 -0.002277717168505682781 -0.007791441726362202669 0.2710550985233705634 0.002266245197445690938 0.99999633553745082 -0.001480893100498065218 -0.04321747183683903593 0.007794786230555518849 0.001463186990901328872 0.9999685497011641111 0.002241185829093146273
0.9999624426705279179 -0.004448162537945261549 -0.007438218767094382719 0.3501238659754525306 0.004430252568190984688 0.9999872519118232495 -0.002422576319088997482 -0.03583820688411121225 0.00744889995725354654 0.002389532145796324 0.9999694015446427553 0.005027111351649670226
0.9999297016671540028 -0.008837514673680517061 -0.007905065352597724637 0.4544022697224929241 0.008820516516699300133 0.9999587165797022559 -0.002182572943416734735 -0.005064737234507139113 0.007924027524876114947 0.002112692752669322483 0.9999663725931576819 0.0001520446670918415609
0.99991026619538248 -0.01068010359338064479 -0.008086714061600549369 0.5560431436374848602 0.01066731617319402643 0.9999417857914687513 -0.001622773499126342568 0.01844235940247800076 0.008103574689021095928 0.001536364345788926488 0.9999659852524267478 -0.004910588894145019763
0.999860344348591723 -0.01432955057036673467 -0.008599754622481413022 0.6847160756333177112 0.01431640101244207111 0.9998962529938918431 -0.001588682103511547105 0.02632289280542330495 0.008621627524228571773 0.001465342699293454209 0.9999617594236327456 -0.003024538539328263265
0.9997015226816722278 -0.02254164540608175754 -0.009420178890685918655 0.8491549439455161608 0.02252970461277461686 0.9997452328449113468 -0.00137179223468182664 0.02527735124634739733 0.009448701392634527643 0.001159148938007667235 0.9999546881812857446 -0.00219338577732278335
0.9995976934418666637 -0.02602360647793080725 -0.01127932496126061827 1.015561444812894898 0.02601232264487751342 0.9996609654302445191 -0.001145978049597337275 0.02731810050784459765 0.0113053233619703139 0.0008521155750037755737 0.9999357297160293978 -0.003563777120242623761
0.9993411073580521498 -0.03401525506807413779 -0.01266149939920150312 1.184135520349438586 0.034022723926854119 0.9994209892283544283 0.0003748952047921280065 0.0361431192137605245 0.0126414160986493794 -0.0008054268876592509362 0.9999197697248262129 -0.0101701132952864582
0.9990252041271560079 -0.04174894666887787875 -0.01434109377744811203 1.376854767026024051 0.04177186176707745058 0.9991263266276593225 0.001301923205135358539 0.03339158163474256064 0.01427421042322634358 -0.001899708282628489574 0.9998963136371862293 -0.0078626282258754919
0.9988107202756231207 -0.04610738560701178185 -0.01585099539389702578 1.611536490260452092 0.04614286339819197863 0.9989330824423567901 0.001879616883154722282 0.02845458800155779844 0.01574741946818009053 -0.002608791808091950187 0.9998725983771108439 -0.002602741180322252785
0.9987367650279911357 -0.04745910849904628331 -0.01650779215700981517 1.874008668224120377 0.04749175676347153902 0.9988703625782819895 0.001591163803830637942 0.04042114874543720204 0.01641362912163355989 -0.002373137839890097564 0.999862471040817824 0.003080281895109055271
0.9984854644816946179 -0.05245455384850711278 -0.01659207640196384836 2.157580659809925194 0.05246324580303440149 0.9986228517147561767 8.872935508758095853e-05 0.04899656094126030731 0.01656457239366386502 -0.0009590691539867404617 0.9998623380884855694 0.01608068209046852742
0.9985067229863763272 -0.05191602434466448951 -0.01700148720706756711 2.508297622645432323 0.05192811867378402391 0.998650788505444198 0.0002703857541826790297 0.05553871393254793815 0.01696451125170664667 -0.001152837238670571893 0.999855427711572653 0.003661736787011002012
0.9983592254245736708 -0.05458164743414688214 -0.01731186798181593919 2.838974603105625327 0.05458319358800249599 0.9985091526274944007 -0.0003835320816856229061 0.06948991433656005745 0.01730699244178433502 -0.0005620342494242686667 0.9998500648247828915 0.003597706470754364304
0.998598615534994738 -0.05012378400213921698 -0.01698267731833488434 3.171107452618493916 0.05014478162527588601 0.9987416285424978168 0.0008125835542620086539 0.08884451661259334942 0.01692057703936800453 -0.001663037457832975546 0.9998554537427241096 0.0259115642686816687
0.9983155734848980778 -0.05511267438049547579 -0.018127571821635758 3.521317337663493419 0.05517885079963323613 0.9984714528519053056 0.003170530592386944149 0.07226592919387823943 0.01792512655327429053 -0.004165448647495860295 0.9998306550989592978 0.02101705353730698445
0.9985144543461444977 -0.05045599273907951793 -0.02056884193471663833 3.942572312753750197 0.05057759343693271625 0.998705346707719821 0.005434841261857038808 0.09967191096248839699 0.02026799210454115555 -0.006467090081883722884 0.9997736670076498022 0.01794665174107533054
0.998261315356586465 -0.05453717719316831386 -0.02236163156701199278 4.371498784270826832 0.05471456705474285476 0.9984746239165421811 0.00739875305249509084 0.14195775092070545 0.02192401456280015579 -0.00860939594400903993 0.9997225694596123535 0.01457662329638280407
0.997996224449484548 -0.05920399264853954541 -0.02232539448801824228 4.805382777949532169 0.05935932321332307304 0.998216421924589703 0.006359697141048070018 0.1726016986148491694 0.02190905594109897672 -0.007672174042687371354 0.999730529199358009 0.01972148466449194504
0.9982068800320195168 -0.05584957512412918462 -0.02153716822601356787 5.262236623127142465 0.05599360343745059948 0.9984122298755996328 0.006142931622797609403 0.2073047863620227915 0.02115989203259029464 -0.007337860266255897407 0.9997491759315844106 0.01750153073205780105
0.9980991852578566803 -0.05818366872293927183 -0.02031445499002774643 5.753585082399357731 0.05832208928490682093 0.9982780100640870069 0.006288761716733490617 0.2461598460193141213 0.01991357047457743834 -0.007461589403455115913 0.9997738616279825408 0.02446413453702705326
0.9980073605718484675 -0.06045973992616031356 -0.01805347868067534375 6.228298519273637979 0.06064798229252301581 0.9981084434995739496 0.01006763421582197379 0.2676742990400899913 0.01741064295936129921 -0.01114248010627935832 0.9997863344979379674 0.0134584648140267122
0.99813674169883293 -0.05953498307308882631 -0.01336527819853847512 6.723690903060862922 0.05972002632322784277 0.998118368406933909 0.01390111882666537034 0.2803990431510479109 0.01251252679478746972 -0.0146733922174500566 0.9998140468277301185 0.01899296045674380568
0.9979925208029924999 -0.0627004514659734169 -0.008920863593382283643 7.19366548744723211 0.06283194985781347108 0.997906610746036149 0.01531477412253720236 0.308408995093374827 0.007941945501817329611 -0.01584454528606712986 0.9998429256069795157 0.01711743434017082635
0.9979741541331875743 -0.06345180080016422919 -0.004632133133346436407 7.723963689725163562 0.06352424189573466218 0.9978239468460184947 0.01766470470192631897 0.3341245619894093744 0.003501196041491602511 -0.01792317147857340476 0.9998332368702436135 0.01995688606763750678
0.9979398555116695269 -0.06406039628723979307 -0.003508619225564260126 8.250299681016176834 0.0641160268005798728 0.9977592741894826256 0.01911977709556803365 0.3642775761084309782 0.002275936874240482195 -0.01930534631646579902 0.9998110440052889736 0.01349863790140102063
0.9981213607983354663 -0.06096706946551365414 -0.006063460964363285091 8.759927896130491831 0.06105740694306736882 0.9980054243343670084 0.01603639786762571171 0.39811575910230107 0.005073674749902098123 -0.01637649046552263482 0.9998530233912206189 0.01506403823695018698
0.9983888527379917166 -0.05607409429402498285 -0.008683010861531382379 9.333209014926778124 0.05618851928930797962 0.9983282514909955774 0.01354815762407027974 0.4394030854746441284 0.007908794382947517687 -0.01401421507029142893 0.9998705179908905505 0.01966983292695644731
0.9983375709653066199 -0.05677117196933405274 -0.009956326246143233985 9.886086017789166291 0.05687829693525309899 0.9983223984654880923 0.01082811432615757644 0.4567618546316096761 0.009324898757440702041 -0.01137641223512318202 0.9998918059009285209 0.02046100349857465917
0.9985043949885779035 -0.05349238328146358606 -0.01129327761825521699 10.42534526109622561 0.05362531364550755103 0.9984912210817463718 0.01181554734678507898 0.4880919704326689423 0.01064419677171229983 -0.01240348150932525824 0.9998664184387496823 0.03084933383033562279
0.9987109448203937978 -0.04965842468862273484 -0.01051140111501307206 10.98369407694424815 0.0498019339008214032 0.9986629117013080537 0.01386204068684366089 0.5113046798299181184 0.0098089793401010799 -0.01436765985503127459 0.9998486656862605182 0.03058165169341770309
0.9986995421450309829 -0.05019047260276791184 -0.008952149418788857282 11.53559704007999187 0.0502966508280989627 0.9986615257228814713 0.01205835628610920675 0.5697931575613477406 0.008334952596254508947 -0.0124929380354367129 0.9998872211726985704 0.02472228304982971442
0.9988915523541163077 -0.04652220023305216751 -0.007165997562068200481 12.09600148135858433 0.046577710664326262 0.9988843358619268198 0.007784628375696029008 0.6048554402996124679 0.006795844675540650866 -0.008109775283766188989 0.9999440224532535337 0.02339332818855141202
0.9988451422375488331 -0.04772077841178342522 -0.005577556474330146348 12.70617523605899279 0.04774394712468658236 0.9988512041363544203 0.00409725619287477482 0.6459456946897462748 0.005375624745646702222 -0.00435881900615105438 0.999976051390964904 0.02586427724434670061
0.9989217149200989576 -0.04633137897377047343 -0.002968296393123281366 13.3246601992245477 0.04633578931747654034 0.9989248902718153023 0.001434651096288300362 0.7010438952252238121 0.002898635785157630419 -0.001570642489719894976 0.9999945654816102536 0.01956269056054266153
0.9986838642614418449 -0.05125158632816938231 0.001952988141325714922 13.94479134143911736 0.0512523284795198264 0.9986856806356263494 -0.0003318415030258941418 0.7424816220162301361 -0.001933413887753577393 0.0004314999443000573751 0.9999980378573433137 0.02161566671967504738
0.9982627866889312029 -0.05860093334794987813 0.006110591035133398213 14.592613757091069 0.0586057880296698766 0.9982810121938753278 -0.0006183062293161308617 0.7739087017820529546 -0.006063853681523011761 0.000975348102445274933 0.9999811390094356378 0.02249325877724525288
0.9974869032360628163 -0.07035131624863981414 0.008400605609916162939 15.23841008986712708 0.07034347156631501341 0.9975220763692205228 0.001226035904020225317 0.7994818298847172766 -0.008466042790378406832 -0.0006320269952963973245 0.999963962681330143 0.01451749082610986202
0.9966830366717306378 -0.08094781882429495645 0.008388983156896926904 15.909894807372714 0.08094660145417398311 0.9967183214848029937 0.000485107757238452961 0.8269852589283354094 -0.008400721625949786678 0.0001955610036096797684 0.9999646941927785582 0.007465957816906074532
0.9955715272525607062 -0.09379134975751828029 0.006365283549581229709 16.57640072551557608 0.09380346304229035537 0.9955893979265397764 -0.001631274821636575232 0.8673970651735640747 -0.006184209349412534903 0.002221136405742215724 0.9999784108208484845 0.0005973861868704757883
0.9937043797414727431 -0.111924442817834438 0.004952250249348824629 17.2534438070987548 0.111944031953912046 0.9937069688264972278 -0.003872184855647191424 0.9180133378990172899 -0.004487693451694716416 0.004402181910382090696 0.9999802405057369725 -0.006038375430007824826
0.991039742010741298 -0.1335080453069779072 0.00397889351368911539 17.91395649001291446 0.1335322859913973814 0.991022342690462521 -0.006621547116726370086 0.9674047783215296015 -0.00305914255878988019 0.007093527092871721243 0.9999701613149203361 -0.007508358191727952657
0.9872044647017776953 -0.1594181935360174385 0.003631038775541026858 18.55077655031680806 0.1594351043862554662 0.9871958768739732548 -0.004974753498509283493 1.039106802866771151 -0.00279148029196428938 0.005490013910728077338 0.9999810335126559924 -0.02084355510162476735
0.981730157965104433 -0.1902327287562874947 0.004172032088544348934 19.18334049173870426 0.1902401407413129575 0.9817365090304461805 -0.001454540284115796037 1.118230027646446745 -0.003819135050837236308 0.002221654034593559344 0.9999902391827701909 -0.01520849276745753556
0.9762983631516440886 -0.2164242542818060888 0.001431176433782640166 19.83983226299524105 0.2164247228448595295 0.9762992918303288192 -0.0001792013508897561964 1.227081547055784316 -0.00135847302005363932 0.0004846959485717347712 0.9999989598099046084 -0.03000015320561384355
0.9706753696819750976 -0.2403925168376151722 -0.0008743804880123544994 20.46081459496237187 0.2403915508967643666 0.9706754008984435078 -0.001080901519210167045 1.331593782736950171 0.001108580267395702654 0.0008390108001619778601 0.9999990335548669673 -0.03574283685501295632
0.9627878010423063238 -0.2702127349139565315 -0.004972731084638525555 21.10879224934236476 0.2702249222228332304 0.9627952362895528804 0.001955604205272183475 1.45024679606472251 0.004259292638923123202 -0.003226587743084603777 0.9999857236769693625 -0.03285965857717666749
0.9533248080532410462 -0.3018422124509795301 -0.007942866796626564876 21.75813052454525831 0.3018608619900730594 0.9533511907144140984 0.001235783969328951371 1.584551895090652973 0.007199329750836215222 -0.003575744133257820201 0.9999676913305910464 -0.03122492723332295078
0.9438227495891629015 -0.3303318351736211911 -0.008916054552315203635 22.4211982977656632 0.3303484716257955034 0.9438589464970015275 0.0004200143705531107319 1.729337950987113626 0.008276753738833920668 -0.003341824112371942664 0.9999601629860804808 -0.02642047192102852174
0.9357123392384862903 -0.3526127551782901604 -0.01032778206659505649 23.09895815251717721 0.3526306524744468041 0.9357625842640124869 -9.395202432865762995e-05 1.920598314906253989 0.009697480718505619227 -0.003553980460296546524 0.9999466626228631361 -0.02675578648271638438
0.9228698389544696123 -0.3849403425154342417 -0.011497523744337379 23.72754241591939461 0.3849995900492035328 0.9229105022190228214 0.003394194422290164326 2.094820380746850397 0.009304623049681198105 -0.007558941588029956769 0.9999281406141004025 -0.03577690372336759378
0.91210885791222851 -0.4098163427422821248 -0.01039213834542400405 24.36758135052689767 0.4099084741488434047 0.9120800259945063271 0.009223285901870581158 2.322345717070397164 0.00569860851586177948 -0.01267246634246957382 0.9999034625691531897 -0.05300358201902997946
0.8998639564593577944 -0.4360893125786532987 -0.008424447755704748617 25.00251924422821048 0.4361673442179104798 0.8997647268884009231 0.01347160292378279597 2.548443509870782275 0.001705198875732269036 -0.01579707891095291639 0.9998737643296153887 -0.04022894551987392375
0.8877592018192207446 -0.460245815846931694 -0.007575525110011105748 25.62319798554088379 0.4603074510361457872 0.8876664348745810784 0.0128588847750231508 2.789762174445529652 0.00080629145254420935 -0.01490266393780941001 0.9998886240485238552 -0.04559045860177775994
0.8758837442427515052 -0.4824539831933505885 -0.008112994032323489479 26.22735576050358475 0.4825221447965640786 0.8757673436850670345 0.01428073932698567007 3.094546243433139665 0.0002152956617705804778 -0.01642296671347337478 0.9998651108085060413 -0.05950190230146112924
0.8627840402818574006 -0.5055223755687120457 -0.007129350200422469863 26.85833938594595338 0.5055702105241276501 0.8626503318080546157 0.01526981538992802298 3.406261440655854678 -0.001569097034441829797 -0.01677894009820800683 0.9998579924687691634 -0.06740809090297444905
0.8507152835616539344 -0.5255892130024532038 -0.006283748091431536412 27.44948099862272528 0.5256045945343958969 0.8505087715468820919 0.01935561226483860364 3.714382295773100751 -0.004828718147503654329 -0.01976888204414475533 0.9997929159499864271 -0.07688242241172543734
0.8355257147547332508 -0.5494224473407653964 -0.005635099083060607188 28.00944942094579204 0.5493949237206421365 0.8352490092996360804 0.02289782203543257177 4.084611022394232016 -0.007873866495049010664 -0.02222761395337782137 0.9997219290404496528 -0.09724217726143247198
0.8230224905563389148 -0.5679849562761283277 -0.005202834078240253617 28.60788322114707327 0.5679325287764294128 0.8227273875083559451 0.02392255423832618036 4.482925336307835629 -0.009307136834238952799 -0.02264365888455548148 0.9997002760409084976 -0.0866393072947013454
0.8105411993346987032 -0.5856491016545470885 -0.006172026595067722256 29.18368427121797737 0.5856387787724240956 0.8103094353864506161 0.02063588431919890706 4.879130012558235308 -0.007084135727946509579 -0.02034081254310196943 0.9997680062724924044 -0.1022076616906651969
0.7959883237528051492 -0.605241763182603032 -0.009219357288512858642 29.75902152406811751 0.6052964131058645725 0.7957663130969119258 0.01929319106115079743 5.311288176286243612 -0.004340591016666725706 -0.02093759871048627222 0.9997713619772595761 -0.1149943418260712252
0.7826698139705970947 -0.6223399537347353849 -0.01099746719377811544 30.3235845074741448 0.6224296753863142184 0.7824519012281400121 0.01871687642093395124 5.790071767305940753 -0.003043270891397011155 -0.02149428412197798219 0.9997643393582136273 -0.1305144730612833037
0.7682513976082798735 -0.6400483531251099922 -0.01130909964406346183 30.88292420879457723 0.6401427029266654189 0.7680512517212292334 0.01773681536229117228 6.31443460298646464 -0.002666451324855560225 -0.02086577080501797465 0.9997787303428917749 -0.1422355041780657414
0.7547383122298061409 -0.6559444016707673963 -0.01034514230364525118 31.41216468938531392 0.6560227226698784886 0.7545910665354033098 0.01505023739886807675 6.827827704206711701 -0.002065767001235337824 -0.01814563919352429541 0.9998332202847408645 -0.1602979464505462359
0.739281807304247307 -0.6733163701283513269 -0.01036702011894975566 31.95925299347353388 0.6733950869035827402 0.7391653144884258175 0.0131793319763548987 7.361620572359345971 -0.001210918280504455664 -0.01672434077647366735 0.9998594051678016958 -0.165585958015560808
0.7243468120229172857 -0.689344231277206454 -0.01123506640273521859 32.52537865796800531 0.6894355449618172482 0.7242368985283400562 0.01263107886337384161 7.905567804446208768 -0.0005703117029973029436 -0.01689513583514685655 0.9998571043552539894 -0.1712765600483951989
0.7078527830040339808 -0.7062745665328840072 -0.01098518375953607892 33.08519155076047724 0.7063598150340387738 0.7077779936524009052 0.01030162154519896449 8.472557866590065601 0.0004992980298061682918 -0.01505152384872423393 0.9998865947352773009 -0.1847053755118183704
0.6908013965237562726 -0.722963610641674137 -0.01081888389722519307 33.66541360438159813 0.723042783971476255 0.6907554982928795217 0.008122445748219441972 9.07353599680858558 0.001600970832026754305 -0.0134335127985723158 0.9999084846256108827 -0.1824615175902709052
0.6746862708723594393 -0.7379914201307179455 -0.01292670529545095724 34.21307394476886543 0.7380957447055932485 0.6746605823524755019 0.006911603816367802022 9.710637726283909643 0.003620434206705607123 -0.01420431037624796805 0.9998925592396865625 -0.2050680719584858924
0.6567944842559572116 -0.7539864894994006139 -0.01119728106824582903 34.75342706817987448 0.7540645890589476874 0.6567719709568378139 0.006097023276216501954 10.31862321631840373 0.002756987180118884891 -0.01244796440550351158 0.9999187202987290801 -0.2045640765875898492
0.6369551520273908363 -0.7708741643622475381 -0.006415374078746893284 35.28902815116238401 0.7708992114121154815 0.636914529483844305 0.007368037496640114474 10.9198020980663788 -0.001593784785384224885 -0.009638716262035626134 0.9999522763606660813 -0.2132417217183582847
0.6162056466848695457 -0.7875852897219737248 -0.0001113877762543588699 35.84234090299814568 0.7875554707567794521 0.6161810731909909133 0.008790080902146533287 11.56447949574718237 -0.006854303374483896108 -0.005504221539284079312 0.9999613602887348351 -0.2300612975634116486
0.5926131080801539941 -0.8054410021891192928 0.008631113726914467141 36.38919922501891335 0.8053903405848871211 0.5926740032654800316 0.009161066849953698396 12.20364661268423845 -0.0124941355899182583 0.001522447324865410954 0.999920786227590952 -0.2331457074247568761
0.5633807300621814784 -0.8260993406155913155 0.01272919593253198436 36.93589754025008176 0.8260279628967402976 0.5635103491719963831 0.01157112305336997597 12.83583230751775517 -0.01673193076919065811 0.003995724032015948897 0.9998520273931512659 -0.2392479513377457345
0.5330983563281201931 -0.8459197192914172936 0.01503233162840889557 37.44671043750717843 0.8458295439765468604 0.5332818344175933589 0.01352285534320508617 13.47051107831451944 -0.01945571938231399275 0.005505778249835749545 0.9997955597966917685 -0.2571600279175129122
0.5066970871724952863 -0.8619343974581592516 0.01808746331989898037 37.96386063959677415 0.8618755289817224829 0.5069432926598560485 0.013381725212380121 14.13842485404596516 -0.02070348746913747498 0.008808660830319687413 0.9997468545091761083 -0.2788117135089124843
0.47492652800054036 -0.8798047332926474118 0.01970848236687503321 38.45338175506611123 0.8797353716236206989 0.4752258773027048244 0.01503467512533441554 14.82614395595117607 -0.02259355916188952526 0.0101978830022692226 0.9996927199228121674 -0.2936598988425364043
0.4479781725378612078 -0.8938010190904355223 0.02086372935352497418 38.88929064242425682 0.8937319934431532387 0.4483165911106731238 0.01597992587695782826 15.50771420577390458 -0.02363643005544253245 0.01148792443413425637 0.999654613737379738 -0.3202814553619569571
0.4156045285899719888 -0.9092259740937116419 0.02410402142482404725 39.32411182868433741 0.9091982988119826636 0.416032100128031046 0.01660557437900509262 16.23540160596735404 -0.02512626619503708844 0.01501398336222547862 0.9995715337336767981 -0.3470763504902830698
0.3859265697044845789 -0.9221213885809933508 0.02743770248381099258 39.70717695092662325 0.9221071545997147068 0.3864791023422897709 0.01876962676015742765 16.94359526297930785 -0.0279119729175014257 0.01805680409591942787 0.9994472840493860977 -0.3644681714906310432
0.3522807295482311973 -0.9353745339514327739 0.03118924212138036306 40.12496406525060877 0.9353807806671985414 0.3529957427089017719 0.02137289844202826944 17.70234885242072664 -0.03100133460656791587 0.0216445573881970596 0.9992849595526196449 -0.3908536739527456172
0.3224896587754816357 -0.9459993284966914384 0.03294981739983599694 40.45888088608209898 0.9460468943268911524 0.3232754909902214591 0.02209594214953179703 18.52213783535173874 -0.03155461483392894145 0.02404635957562770848 0.9992127295395319964 -0.4112756994188216941
0.2889651391364883581 -0.9568723491373387624 0.02990745425844077224 40.75939273781702354 0.9569246610327453162 0.289618616493771408 0.0204022079099119534 19.34461092097942014 -0.02818406413552621004 0.02272365368123150167 0.9993444321614946002 -0.4451043748506150477
0.2557250089211358102 -0.9663711766635464384 0.02704567851243308563 41.03963675818361878 0.9664667695642886747 0.2562267633746544426 0.01702436661133447174 20.1516491864472016 -0.02338168386265905563 0.02178519323902530433 0.9994892206598753326 -0.4767572406585313671
0.2258206831914677526 -0.9738268509256211569 0.02581246712785797981 41.27520455987169612 0.9739567149986742001 0.2262452149167646365 0.01488018938919676189 20.97186589643840904 -0.02033067514693247604 0.02177997115597297625 0.9995560497063258332 -0.5032686353738129448
0.1957735141330457784 -0.9803166234452604932 0.02553524937965469255 41.44177013598323356 0.9804261044748239229 0.1962179433305393239 0.01622258855591829016 21.78756331999351659 -0.02091374735238781674 0.02185947190616136307 0.9995422845781284371 -0.5143896446263273026
0.1685621890440959225 -0.9853149285032504201 0.02722645943373488628 41.56746777113938407 0.9854437461103744411 0.1690742715555214604 0.01773454115339405737 22.60049770067380592 -0.02207740194438909814 0.02384077109919314694 0.9994719635671536206 -0.5384918838943991704
0.1384220405904154072 -0.990083771283526648 0.02394711923748964535 41.6282384032088828 0.9901985871574354725 0.13881135991474014 0.01543257431665368169 23.42110826682132085 -0.01860367356744214648 0.02157619520697845114 0.9995941031889825634 -0.5592486358297295013
0.1101607367993704401 -0.9936214312173716756 0.02410525862466190647 41.6725386109693261 0.9938772067955869982 0.1103323514822016627 0.00590508497906994112 24.23194921051875994 -0.008527008855509249363 0.02330715859880696725 0.9996919858026411809 -0.5812615963649231388
0.08276689116343438624 -0.9960290130968103561 0.0328001036055399417 41.69454630382750793 0.9965421566890063643 0.08247854991302805416 -0.01005080821964664771 25.03824250067161827 0.007305591609457943482 0.03351856013670766882 0.9994113940002874452 -0.5729961026599327267
0.05179685631286390368 -0.9981266284085983376 0.03256254501399723222 41.76367080945927768 0.9985182505657467233 0.05121732124907785177 -0.01838720455071078674 25.84357554591709771 0.01668499215539073419 0.03346669487345329402 0.9993005510711088224 -0.5773199885252917607
0.02188852223006154674 -0.9993525648132377537 0.02855422553296376245 41.81313089469952615 0.9997202237042293049 0.02162260869553178644 -0.009588384116504689719 26.67303524850270335 0.008964759413940235483 0.02875611229640002986 0.9995462566055894893 -0.593478310930899644
-0.01096309052188626509 -0.999621837615057407 0.02521888993007111168 41.84877966553085571 0.9998716089285828446 -0.01066409663424505716 0.01196004605103001724 27.50100609133635388 -0.01168658653226866545 0.02534677111727640791 0.9996104065530491134 -0.5953315385179819286
-0.04138773824817509883 -0.9988604651946173529 0.02376607232786868279 41.87248127559104205 0.9987843697284690681 -0.0407237694453441712 0.02777332152025581424 28.38259351798222951 -0.02677382880362089851 0.02488665653227428026 0.9993316848863739166 -0.5926041278287625946
-0.07079379675398866922 -0.997222335377208835 0.02314848085686323914 41.84740488423227589 0.9971586023978020741 -0.07015211913190011472 0.02744816652102083365 29.24447174229696955 -0.02574800973312173225 0.02502586674082080825 0.9993551650882952497 -0.6261000018185788329
-0.09627574722279375052 -0.9950667479081988231 0.02394050342188691269 41.78479411991401804 0.9952133324985897866 -0.09582886388567191105 0.01916381129713955883 30.12702802277430081 -0.01677508014120059759 0.02567091844445870685 0.9995296897203576059 -0.6485692747017572923
-0.1226906565534724436 -0.9921569454336200966 0.02390812460872712708 41.74884184075122562 0.9924115148734957703 -0.1224531392281262843 0.01116305691422876667 30.9934186827563849 -0.008147879538327008203 0.02509630094268169853 0.9996518332589718892 -0.6705174016779360535
-0.145819338978010471 -0.989068443574430578 0.02191653041130251292 41.68842497739133535 0.9892896077859738568 -0.1456338822037896996 0.00984094918830915634 31.85398797069615284 -0.006541582888740592183 0.02311679648018225702 0.9997113690529899621 -0.6834817648776247978
-0.1661267771894334722 -0.9859079702891451191 0.01968166712934242904 41.56790198116208046 0.9860540563945499049 -0.1658835198907608888 0.01341848339064817888 32.71634355242740355 -0.009964525503298942571 0.02163635710995370429 0.9997162478836205679 -0.6953886843474467172
-0.183650654047867512 -0.9828424021904357266 0.01712453574040540688 41.42167679242622569 0.9829025914999769409 -0.1833717635219742625 0.01665208591950904579 33.57439968745106285 -0.01322621980839858505 0.01988991702785756696 0.9997146884537632117 -0.7195250148247275268
-0.1994787688151102856 -0.9797857761248142117 0.01510144680164891146 41.31378571386098031 0.9798071488256182571 -0.1992211516934536686 0.01699658283734012745 34.45291934166104397 -0.01364448248269107405 0.01818696295232201735 0.9997414978264883567 -0.7359410859884112366
-0.2106759587310866877 -0.9774578106223097418 0.01385167376812360997 41.1356674530002806 0.9774840054630263841 -0.2104673929579288227 0.01511606977527792973 35.3408647157778546 -0.01185999480167652768 0.01672438204938527656 0.9997897956912594752 -0.7545041751319819801
-0.2181606445781529846 -0.9758412127046218743 0.01182627347971775163 40.97301134383020838 0.9758546324259339544 -0.2179992196296460794 0.01356748369116379804 36.21952893179977195 -0.01066159134883021102 0.01450061474688641924 0.9998380182018850038 -0.7720859671524717971
-0.2211502104683078507 -0.975183415967726952 0.01048282554173013761 40.77898651216430892 0.9751745521836097108 -0.2209983519400018359 0.01393991439354101518 37.06703830010422962 -0.01127728616819409502 0.01330539970531738163 0.9998478830078915136 -0.7881115711703123861
-0.2247028052407942234 -0.9743646189040777728 0.01105616320561335006 40.57911418837935713 0.9743521765679987734 -0.2245300785018873313 0.01496929741637294774 37.93778796579049839 -0.01210311257987997831 0.01413623980582316177 0.9998268257003464221 -0.8185279883102503096
-0.2252099595454493119 -0.9742362542784420709 0.01200812104568035367 40.33154401751717444 0.9742219209635576416 -0.2250064788624688283 0.01623986403849715654 38.81390765038391777 -0.01311955927661379896 0.0153559538754191819 0.9997960151175655508 -0.8309927372473955298
-0.2280763432243972932 -0.9735505881247928928 0.01343257321799148397 40.12531450227974972 0.973557856481573336 -0.2278519165704846472 0.01638914879305818084 39.67695763157333033 -0.0128950278941538099 0.0168153643144208359 0.9997754556792151082 -0.8293523878993283027
-0.2286748302012584499 -0.9734150673199428727 0.01307397211779968982 39.91218961501039075 0.9734428932265515311 -0.2284910583011801055 0.01416932966401593212 40.56491462696472183 -0.0108053532633803611 0.0159669342992986886 0.9998141334017714987 -0.8696260179495094444
-0.2260660715220252914 -0.9740392309338149479 0.01190411309005588898 39.69089870901407835 0.9740620939552647739 -0.2259139527227793653 0.01288111348660880319 41.44602083307336216 -0.009857404632234128064 0.01450732804592714566 0.9998461726720186959 -0.8900003993095315646
-0.2304704718999726065 -0.9730167087982827256 0.0110383867282356548 39.50628702789036595 0.9730243408768149971 -0.2303220386619371229 0.01324351040507076166 42.34290232633556172 -0.01034377317249165866 0.01379285706325373423 0.9998513706799569967 -0.9024796629577354068
-0.2303876260705233214 -0.9730443372149077952 0.01030822814987315469 39.32950205692486634 0.9730265747331121595 -0.2302283826952198353 0.01463477586746234592 43.2547164036594296 -0.01186703908884499149 0.01340185119841735308 0.9998397690468804333 -0.9147989895513755076
-0.2326978370543406616 -0.9724953615563334264 0.01022195586216162119 39.14072637484356676 0.9724730803627810172 -0.2325354034012292459 0.01494637530479353202 44.20660286975250131 -0.01215831402603452516 0.01341856610983656328 0.9998360453012284932 -0.9454278540122623697
-0.2341778274606085564 -0.9721313607810108115 0.01101646548987558066 38.93906699176977781 0.9721237763922304653 -0.2340099499796366445 0.01465287287315426498 45.16039973187062628 -0.01166655470729243901 0.01414074597000428493 0.9998319512821509658 -0.953727571277521724
-0.231446492240156676 -0.9727873758761828027 0.01082786062237653391 38.70201017200805182 0.9727955838159487723 -0.2313046404162690806 0.0129195754608282358 46.10049903941137472 -0.01006346550223713963 0.01352348541726320144 0.9998579109074721138 -0.9845771659099464834
-0.2330140429463778418 -0.9724142898580173666 0.0107193595756127965 38.50093267949191755 0.9724224969670941521 -0.232874950385254742 0.0127962836537333334 47.04795734110276584 -0.009947018752634317895 0.01340546019325057972 0.9998606655204224092 -0.9880863689837686703
-0.2327014376179841193 -0.9724899916271640965 0.01064223263804704896 38.27524764695469628 0.972498039874989173 -0.232564340732970054 0.01270393083826745761 47.98811123781499077 -0.009879441777144483405 0.01330577334985866278 0.9998626670827019947 -1.007242063229120577
-0.2326793247925726948 -0.9725017337209235224 0.01003542345248922309 38.03415619044285734 0.9724876603879663017 -0.2325311085035544068 0.01403687897105644795 48.91739853102319557 -0.01131734099567328206 0.01302541699549424579 0.9998511170693770156 -1.014213811502192808
-0.2327097212336883825 -0.9724931067044157995 0.01016577865846129969 37.80586725693652284 0.9724756176751619963 -0.2325541463665450337 0.01448247337437875634 49.85336395664985787 -0.01172001154654386985 0.01325618422176212674 0.999843445199911085 -1.034038586030787243
-0.232587598935526163 -0.9725100498196397325 0.01127882180055082145 37.57562626100366288 0.9725106441952220404 -0.2324225863369044909 0.0142403752569404303 50.79969193347713485 -0.01122745511686041621 0.01428090894396944616 0.9998349863309109464 -1.055433930138362397
-0.2341195331985683747 -0.9721358763540235426 0.01182717549878869318 37.31855111843299255 0.972149011632304938 -0.2339542440816757551 0.01384596903450214557 51.75257081985417074 -0.01069314533788599114 0.01473938877858871517 0.9998341897840943293 -1.069179414278029761
-0.2357909257968275885 -0.971737955728589009 0.01131303267465344486 37.12430892294014484 0.9717522485414726852 -0.2356425251232814322 0.01304483837062216101 52.72859431915387773 -0.01001033298482070788 0.01406931945569661266 0.9998509126282710824 -1.099890594696686597
-0.2363779961253933415 -0.9716074702954389242 0.01021599793664072602 36.90472113713117608 0.9716121253082167231 -0.2362473544454108954 0.01253257641487425314 53.73115785402917766 -0.009763242381189104688 0.01288841276660019144 0.9998692754128231108 -1.118980829017230283
-0.2399426346350650441 -0.9707456471703309608 0.00896775246309667283 36.67592052883109943 0.9707414824155748967 -0.2398316095739569942 0.01190686217177687814 54.78264454108025205 -0.009407784117224185852 0.01156233319969511911 0.9998888968525367904 -1.140361477231849996
-0.244236318772038663 -0.9696816522642756064 0.008131042658112890356 36.49167634528443216 0.9696753501049405477 -0.2441410287091281273 0.011174681190534521 55.7899849392120899 -0.008850762201334551327 0.01061373463365111389 0.9999045017628342968 -1.155092666161644299
-0.2422134060785863241 -0.9702004098348837591 0.006620473701581709378 36.26511076085205332 0.9701837723738870878 -0.24213661576708434 0.01064458206022453335 56.79476735216621819 -0.008724318780474915602 0.009001336627792656808 0.9999214280135864108 -1.175262458145426958
-0.2414988387788259416 -0.9703757691259025098 0.007012671516014590267 36.02773737545855681 0.9703731450198659347 -0.241430713094077376 0.009336498226803711595 57.81503886471313081 -0.007366837362971349369 0.009059661594019973938 0.9999318237955372446 -1.20563138242870127
-0.2416166386695519641 -0.9703425189181575927 0.007536305301152689679 35.7749734471082661 0.9703538198064691755 -0.2415576211055856515 0.007961160267486182621 58.85165889285821095 -0.005904600326991837553 0.009236431419940857937 0.9999399102094100877 -1.210546293340565516
-0.2420772460524986958 -0.9702295869337135281 0.007290787479640397674 35.50904623135529903 0.970239190054419498 -0.2420204698958232647 0.007874403720190119652 59.90707226933180607 -0.005875459657056201525 0.008980021705994380501 0.9999424174341131621 -1.220114114268187056
-0.2400883516533116602 -0.9707303360311160256 0.006340197892184071086 35.22562414851741153 0.9707127692771135852 -0.240015770711277332 0.0104474576921135473 60.97451172281019893 -0.008619916632581678048 0.008662823949954174402 0.9999253234709377658 -1.249017448273378239
-0.2406314831643638907 -0.970602308666689062 0.00525811002275287237 34.96776722473826737 0.9705338909287181126 -0.240536760930224025 0.01435385662318682844 62.04738027860160798 -0.01266711762324806111 0.008557163787679710962 0.9998831527128705376 -1.269775402156432254
-0.2398152544675875575 -0.9708029842823239219 0.005496310869989801465 34.69872768288479392 0.9707125763493048565 -0.2397015877957846541 0.01613204653707131508 63.12705147445451104 -0.01434356447821437917 0.009204048930395215128 0.9998547632738198354 -1.296351081549674156
-0.2399848816530496531 -0.9707498960327785031 0.007203883003045872917 34.4378422528642858 0.9706754363691874055 -0.2398461180703337359 0.01621841163860833837 64.22921910080025043 -0.01401619803868243974 0.01088480587522598804 0.9998425211970128901 -1.324359146732760673
-0.2405860555056649197 -0.9705894091409829061 0.008634162355602385125 34.18026441691198869 0.9705448449630723617 -0.2404396671764414961 0.0152141501138867985 65.3346077268586356 -0.01269069784649120951 0.01204015412857519993 0.9998469787306101253 -1.353516690735840911
-0.240779302803280526 -0.9705227752810916542 0.01052948252545945693 33.93948968560093249 0.9705088109129752505 -0.2406162065995058885 0.01471356727469451918 66.41108008257306494 -0.01174628800298973229 0.01376167803546271724 0.9998363070702118716 -1.3826016679464459
-0.2427749539216355057 -0.9700246389753790499 0.01060761655760004626 33.70095498869905271 0.9699940275564493675 -0.2425904739240538621 0.01616936814228909364 67.52783651273544763 -0.01311137876677113956 0.0142148423131671451 0.9998129975174587791 -1.399699341638042771
