1 0 0 0 0 1 0 0 0 0 1 0
0.9999971266331924014 -0.002367683472507064926 0.0003752337045288919762 0.8381033593070696952 0.002367866495191884614 0.9999970774960570408 -0.0004880651655244287279 0.3920645578560590927 -0.0003740770240809923575 0.0004889522664510028262 0.9999998104960126089 -0.1030678034001088206
0.9999551575648203405 -0.0093660154423867506 0.001400219357200221297 0.9245020416510602024 0.009366558168480712543 0.9999560600397120469 -0.0003815467628578291751 0.376001182731559469 -0.001396584258744352309 0.0003946448894296962192 0.9999989469033552236 -0.1050681917773070295
0.999963494694719901 -0.00842542722634783206 0.001421778455452147845 1.254634760172491204 0.00842557224745872288 0.9999644996240875106 -9.604088251117655849e-05 0.3219143649587903333 -0.001420918796316162714 0.0001080166736057334656 0.9999989846605707999 -0.1026505452762319082
0.9999786438555607893 -0.006531340764783542113 0.0002311289850835635895 1.607262909199164813 0.006531355769513282929 0.9999786684060170128 -6.422414694732945422e-05 0.2866137674834601801 -0.0002307045849448555522 6.573236099739804457e-05 0.9999999712273252017 -0.1129579800591177657
0.9999880964590019961 -0.00482855911742352973 -0.0007013965721131475107 1.905566029757721491 0.004828398003253716979 0.9999883164875039698 -0.0002312168023939184156 0.2856037022829143179 0.0007025048213368332434 0.0002278274282869515571 0.9999997272907822365 -0.1124814431323074709
0.9999833202417085509 -0.00565700058816155562 -0.001165153515212047873 2.151928106959027254 0.005655945070983152412 0.9999835934881093902 -0.0009072154989716072577 0.295117390440595373 0.001170266517718317753 0.0009006103225550639692 0.9999989096880678163 -0.1223692995730283062
0.9999978548026969838 -0.001880807804448205714 -0.0008677280719417087857 2.375042220339303345 0.001880154629636815325 0.9999979490448335229 -0.0007529440186088112892 0.3517330940690513996 0.0008691424352568486236 0.0007513109404436062785 0.9999993400614312078 -0.132069244934238883
0.9999984285600872491 -0.001768523899606577309 0.0001232906026362997427 2.550180269745221828 0.00176853208360281712 0.9999984339479085493 -6.63023354040072105e-05 0.3783059640888439268 -0.0001231731522920319257 6.65202746002400687e-05 0.9999999902017138176 -0.1225123562574326752
0.9999936888464441287 -0.003544564119611677815 0.0002415211853757281892 2.768052612787950562 0.00354467339960604132 0.9999936147711792067 -0.0004535497332727268576 0.3691880282507726818 -0.0002399120070966765479 0.0004544029845719576178 0.9999998679800695678 -0.1214448489584447344
0.9999903511112498977 -0.004390652925299744908 0.0001408946015764764282 3.011123438976227806 0.004390764971382697494 0.999990036493787593 -0.0008050441723368420479 0.3492919368186002682 -0.0001373585282219720713 0.0008056550396364430639 0.9999996660262401305 -0.1283036417516183469
0.9999885155728052144 -0.004756701107857577368 0.0005852495775421653846 3.26154875916709841 0.00475715161717839112 0.9999883876173164543 -0.0007708041326264860075 0.3413236760304764195 -0.0005815762965284999864 0.0007735794013568011345 0.9999995316718508498 -0.1220622585422895534
0.9999929628409798266 -0.003747843660095960799 0.0001671419106705707906 3.508736347590376781 0.003747887644413458452 0.999992941895562315 -0.0002636233362799719065 0.3259753682211489756 -0.0001661527119159791075 0.0002642479102224989419 0.9999999512831579951 -0.1271379339758105242
0.9999966064823200274 -0.002602404496445746493 -0.0001204768897758258978 3.73443185723531057 0.002602429546742658379 0.9999965919927960023 0.0002082384393570397576 0.3225560642453532134 0.000119934558538802022 -0.0002085512653138664062 0.999999971061035331 -0.1301184763132266498
0.9999985646938078787 -0.001683967350838377853 0.0001867198047462816969 4.007095574364699431 0.001683748432501119439 0.9999979021716085548 0.001166466286673468501 0.3358759312387895601 -0.0001886837041827858492 -0.001166150223258625909 0.9999993022458149028 -0.1362815339000955639
0.9999993577282978441 0.0004096932020034295364 0.001056737655212191445 4.252759342841608614 -0.000411644275988443597 0.9999982100079515268 0.00184676199952985595 0.3179100690483318559 -0.0010559791578232656 -0.00184719581341387276 0.9999977363852605716 -0.1358523102645155245
0.9999915271017739693 0.003932414883182780777 0.001217307622783150075 4.504614723877171656 -0.00393460236347740154 0.9999906397075211117 0.001799833765667629591 0.3190498999066149199 -0.001210218535340397764 -0.00180460813730899108 0.9999976393774974159 -0.1469092037624876723
0.9999836925431401236 0.00565976030708620001 0.0007627326222387803729 4.738989637953014977 -0.005660551681461230104 0.9999834387454578088 0.001039417851891440798 0.3075494570103942671 -0.0007568371345290637832 -0.001043718389056980762 0.9999991689243927784 -0.1471473603881598979
0.9999623394484796757 0.008635969683668988026 -0.0008600653151315376449 5.000414589881479799 -0.008635937174605905903 0.9999627087379064916 4.150500018817094747e-05 0.3273036316547811575 0.0008603916781337992868 -3.407596705943941907e-05 0.9999996292824255839 -0.1454320103642432471
0.9999420254836116628 0.01051115722757333878 -0.002336930779759055152 5.249261489134688041 -0.01051071021705403397 0.999944740256375697 0.0002034805701409521329 0.3092847808720646796 0.002338940457828805972 -0.0001789059712299422098 0.9999972486713092357 -0.1445830443730314885
0.9999186370555444014 0.01238054103004303415 -0.003072697965288041008 5.525073676103737341 -0.01237766227858193638 0.9999229385810555204 0.0009541362293349495366 0.2986049961637959882 0.003084273901558379823 -0.0009160257803034979216 0.9999948240622398288 -0.1534145092657354381
0.9998890707816227019 0.01456375227587704789 -0.003121418124825019614 5.819979423103159633 -0.01455858850116804014 0.9998926223805276736 0.001670691427295613145 0.2947592764158959433 0.003145414490453962621 -0.001625062656782018562 0.9999937327498831241 -0.149796874643846778
0.9998536099590747961 0.01680112351460593539 -0.003237421883732860637 6.126858464067941767 -0.01679398896800358282 0.9998565097998447504 0.002218500713429291758 0.2764029366941615495 0.003274230649922343743 -0.002163806719618877397 0.9999922986474102382 -0.1547214186706327155
0.999803384261693906 0.01955144712220725431 -0.00330661976814686405 6.452946021950388911 -0.01954404442431944763 0.9998064506682823316 0.002256441807746026405 0.2674718616208032751 0.003350096476788978848 -0.002191373432131056564 0.9999919873359371936 -0.15315915997933785
0.999780745548313643 0.02046850670515125772 -0.004416000919296562272 6.786879928846227372 -0.02046017226427201269 0.9997888168628150662 0.001924325068375446314 0.2648423328463901383 0.004454456394933547538 -0.001833551012009722097 0.9999883978871514367 -0.1570955713240387852
0.9997635018097689175 0.02110637873861995889 -0.005240345943737129662 7.144645536279973896 -0.02109861475919347709 0.9997762249549604352 0.00153247187624206728 0.2572491116431520064 0.005271518216913796163 -0.00142154540914494424 0.9999850950410903438 -0.1576397729365053846
0.999740219618766357 0.02193299018665346989 -0.006199775648594745871 7.523123890854030549 -0.02191899563556031286 0.9997570667278461443 0.002316281084253862029 0.2321054814426229407 0.0062490724871002842 -0.002179786504487748848 0.9999780985720866378 -0.1598713592019020413
0.9996884684655040765 0.02396408270002148636 -0.006977732972923462659 7.917121236347215429 -0.02394236403523267859 0.9997082839613359306 0.003179651472303679158 0.2158735026196601237 0.007051894887141275763 -0.00301159748762297062 0.9999706000973594966 -0.1617067637387919199
0.9996035042631402634 0.02705783689925863114 -0.007791516359682091469 8.325078391508517583 -0.02703242934119842386 0.9996289504880344623 0.003348000911558861228 0.2164566716107213518 0.007879214983942889675 -0.003136049828016528301 0.999964040934829268 -0.1750634196589897495
0.9995941408286502794 0.02727247679164325478 -0.008231988258113869666 8.741914000833553189 -0.02724451554525111202 0.9996227072429796356 0.00348991932870546754 0.1846442499262460901 0.008324061132465034388 -0.003264226380872134025 0.9999600266172630203 -0.1759938760374945566
0.9995460161706793967 0.02880925547159719768 -0.008819770773448342913 9.173409070548574462 -0.02878596180330777674 0.9995817969171734152 0.002756750785473792431 0.1620415280278387771 0.008895502255771303018 -0.002501613680597306131 0.9999573050728769452 -0.175187061177396991
0.9994842390000253651 0.03071550735414340857 -0.009370891020486639411 9.609705105716930262 -0.03069293939943296481 0.9995256265075499469 0.002542720140401670808 0.1413043743468053171 0.009444546657357919678 -0.002253788514308914526 0.9999528593767657014 -0.1758827805164537295
0.9994578039888865062 0.03156493359531678533 -0.009367657809494805976 10.075468362515549 -0.03153797794911605834 0.9994980175211819473 0.003011464445767997756 0.1122329964800375807 0.009458012084662200877 -0.002714394656327179852 0.9999515878626604737 -0.1697422431056605507
0.9993774619405939585 0.0341510626032237169 -0.00885400972709110036 10.53938025375196652 -0.03412451830105874689 0.9994126815109717343 0.003131977932505869595 0.07285192257770894964 0.008955769977921267111 -0.002827889340071792004 0.9999558976404824273 -0.1660777975877326118
0.9993419061263051351 0.03538499843749185608 -0.007978505212250516093 10.97143280243563268 -0.03535795636737999736 0.9993685643129776031 0.003505365107990453255 0.06870175703048270188 0.008097504638199488208 -0.003220954609516153092 0.9999620272140526955 -0.1648538722508872678
0.9993141100108282604 0.03611848781449127077 -0.008170946778720697412 11.43617347035546139 -0.03609708699897092032 0.9993444994676884408 0.002751671103900693843 0.04614874617084524511 0.008264976917993481845 -0.002454836383501593066 0.9999628312766806193 -0.158072944381070335
0.9992134068555519333 0.03843063156909470174 -0.009780292292245612584 11.94822770466931772 -0.03841567792827103173 0.9992603782992869332 0.001712323122903350878 0.002081248156506121383 0.009838864234890491722 -0.001335259662530536174 0.999950705701136533 -0.16725943441056082
0.9991876424807669688 0.03894328200739521212 -0.01036705841690047786 12.41705414013505049 -0.03893264534252168646 0.9992410851389543769 0.001225926979164958328 -0.02022416414379166194 0.01040693232227265889 -0.0008213140795750126667 0.9999455091167830378 -0.1764867924345540073
0.999192496569545785 0.03911840182153756423 -0.009170901703047950118 12.89554675137616968 -0.03911139126834618784 0.9992344122192750033 0.000942608006743113065 -0.05360331833124207246 0.009200753891533840559 -0.0005831601227526436552 0.9999575021230145966 -0.1762743484447092668
0.9991719365705271638 0.04004340889893987648 -0.007208784478306219483 13.39887013075590261 -0.0400397981139084605 0.9991978778477433876 0.0006445708367747857636 -0.09046561633982502793 0.007228812966166630466 -0.0003553988160790900346 0.9999738086343969989 -0.1744596266340762702
0.999154275683221238 0.04072474364993207419 -0.0056770272665307717 13.91968927718725624 -0.04072217645766981059 0.9991703472004572761 0.0005671153922103263712 -0.1078289503053493081 0.005695412933933710273 -0.0003354548628300455882 0.9999837247383314143 -0.1769962930819838909
0.9991115604003261152 0.04191380247564006206 -0.004395797590703124334 14.49591262971432215 -0.04191224600021012381 0.9991211963692073761 0.0004456467003911958953 -0.1092665167785571434 0.004410613295594302367 -0.0002610130202264240949 0.999990239133642711 -0.1775245876643053444
0.9991116947012285143 0.04202645695304906004 -0.00309813285910284569 15.06523072534435492 -0.04202516323131961357 0.999116436548127429 0.0004815337501662877301 -0.1337914768128694865 0.003115632619562300892 -0.0003509064620683656705 0.9999950848369379974 -0.1775243190820869899
0.9991588252357196387 0.04093685668627987384 -0.002411580026382945281 15.62981155648845899 -0.04093603022167438543 0.9991616928571268597 0.0003910966256900758791 -0.1419822950231826586 0.00242556864813758084 -0.0002920471322361515849 0.9999970156581496905 -0.1838872658839386109
0.9991262474848303654 0.04172719651998613166 -0.002362764792349726032 16.2035574740415953 -0.0417269138551338431 0.999129038792585189 0.0001688239649114903554 -0.1726095763449813358 0.002367751466634488832 -7.008557159720785646e-05 0.9999971944165667592 -0.1827759687112360254
0.9991446003843392765 0.04125842322278819307 -0.002794644161298043272 16.77305175617993882 -0.04126008878459611756 0.9991482935210719285 -0.0005409504757697757927 -0.2007963037364173531 0.002769945181087688901 0.0006557950131572213301 0.9999959486600905612 -0.1934375057359321304
0.9992103686729975065 0.03957228452285376646 -0.003559976687392323903 17.35766094025325401 -0.03957495280992439496 0.9992163718189492894 -0.0006822016325344513674 -0.2477392312519637874 0.00353019071223159087 0.0008225488541620520552 0.99999343056188017 -0.201318688532427903
0.9992480860775990736 0.03845771387269485836 -0.004926125652180292358 17.98471946398279897 -0.03846211831056654123 0.9992597367536945052 -0.0008024699378258058277 -0.2647687057873193139 0.004891617863152956242 0.0009913357771541215276 0.9999875445864602197 -0.2046823514119021636
0.9993685594332939459 0.03495807766988212606 -0.006357296740706118963 18.55389034217743927 -0.03496550057341654694 0.9993879575599569076 -0.00106021402938592693 -0.3058338362088541817 0.006316342760910888081 0.001281830630070920646 0.9999792301464878186 -0.2049568252907530974
0.9993942880349171443 0.0340640696267543383 -0.007120126659318986619 19.1846272041185486 -0.03407621429969465848 0.9994179702347539829 -0.00159134875046417195 -0.3300272252894558278 0.007061774719034681451 0.001833011813369318788 0.9999733853485850421 -0.210205513424165269
0.9993919154516870407 0.03423739208739168954 -0.006603053298456985042 19.85558645631214603 -0.03424720239208991351 0.9994124419762245859 -0.001378387258643353061 -0.3502838785160866664 0.006551981236487622144 0.00160368518536779369 0.9999772496090613139 -0.2208417951455943773
0.999350337572849079 0.03571844402423841186 -0.004805782924770279213 20.54227032762814176 -0.03572485962066885429 0.9993608744540680711 -0.001255792771116878617 -0.3720331527762888446 0.004757856462333673493 0.001426662850092021715 0.9999876636414051223 -0.2293631605172149757
0.9993993112236103649 0.03456209769637628992 -0.002545216807933380673 21.18652738118711909 -0.03456607478539749922 0.999401235080788708 -0.001535510639619022157 -0.4377962225859425294 0.00249062235265666565 0.001622566430139852104 0.9999955820294789133 -0.2250302253560584331
0.9994115410504612607 0.03425948127739512211 -0.001691022692357711235 21.86022193518535772 -0.03426391571742811587 0.9994092611381076852 -0.002666989143341398465 -0.456819628977069514 0.001598654074913672838 0.002723360788718879461 0.9999950137931504779 -0.227251253261128161
0.9992985561594439625 0.03739927107911363013 -0.001920984227342477672 22.53313030929857419 -0.03740475495839937908 0.9992959810463112325 -0.002902855696129144538 -0.4817057798179525951 0.001811067130953608389 0.00297267345018376733 0.9999939416058507557 -0.2276140927936275982
0.9991884691797754403 0.04020242913205366447 -0.002483495532347025029 23.25913874346396426 -0.0402061092426573008 0.9991903552424417079 -0.001450093117895806137 -0.5145009539657388054 0.002423187517401756245 0.001548768015315634024 0.9999958647313949012 -0.2266444214993504624
0.9990597424134425308 0.04312390896844262717 -0.004467612792910020773 23.96174775098356236 -0.04312127033363807871 0.9990696103851524068 0.0006853099101914908019 -0.5387004473161512985 0.004493009414546607176 -0.0004920164033601973075 0.9999897853409601689 -0.2256488559287881113
0.9988822363736273857 0.04679876072950153038 -0.006644836446725036622 24.65416500418301382 -0.04678312722153954439 0.9989019689219119646 0.002489074386374073335 -0.5547924185895654059 0.00675402580644357195 -0.002175425960708188711 0.9999748250117577175 -0.222940443190929205
0.9989684834612012621 0.04460266084821867816 -0.008518902305251747561 25.28386650762590904 -0.04457449616413610566 0.9990000437783198572 0.003467970967059917729 -0.5637089157788199856 0.008665064508764967754 -0.00308466791952322723 0.9999576998457910815 -0.2219098445646295326
0.998982166932530502 0.04410883780822387468 -0.009436131516335185057 25.96138090333464277 -0.04405223860372304429 0.9990104571793559929 0.006124273042150180438 -0.5984564830759417919 0.00969692862644802242 -0.005702356837479959084 0.9999367243489517554 -0.2259701078025740384
0.9985440896851937032 0.05332927013461735699 -0.008104930701547781446 26.6279936533757855 -0.0532527101458458163 0.9985369609331131713 0.009385441523175207593 -0.590174160490100852 0.008593591617619071588 -0.008940167636650914879 0.9999231088367436238 -0.2288375950270707948
0.9979664015350478978 0.06351247009132808541 -0.005406251019479960986 27.38479042630359572 -0.06344643947614633794 0.9979176400440837869 0.01161606674594380453 -0.5841855885200220033 0.006132758350625991221 -0.01124943695234018395 0.9999179163527714964 -0.227207561796673202
0.9974224543054007741 0.07172544581483578097 -0.001976883925223406162 28.05102796393539677 -0.0716982522263320543 0.9973604205802563127 0.01146961584638359413 -0.6053825003226555035 0.002794329093005932727 -0.0112983132651471932 0.9999322676273041388 -0.2291574675403489914
0.9962248897268756176 0.08674960842957410434 0.003236437237175007926 28.85412739802771398 -0.08678168913474795798 0.9961594904720274535 0.01162789634588830105 -0.5954518385586935469 -0.00221529221426346656 -0.01186486324515875594 0.9999271560971724204 -0.2325459672000272926
0.9952538420143848263 0.09707717120254170939 0.006768514380450597022 29.60081387500317263 -0.09714521167515394184 0.9952140270529074018 0.01057583120726054982 -0.6019265338331148962 -0.005709448677017336937 -0.01118316540373688779 0.9999211663963100127 -0.2353212490130244805
0.9950669121587211174 0.09898222218838728659 0.006660331640145497611 30.2924631702502225 -0.099056322410180489 0.9950105754790573576 0.01190796688798915169 -0.6290528449064730632 -0.005448423393823644684 -0.01250897179962463975 0.999906915821186737 -0.2318406461548034592
0.9947849642950699067 0.1019011339969041474 0.00436276318420352003 30.89945105437409723 -0.1019504156037568665 0.9947023400245205149 0.0131669095829030549 -0.6816378061592393012 -0.002997927730567544451 -0.01354302919911494832 0.9999037947669936477 -0.2348826995719003052
0.9941951485794119359 0.1075759312583593474 0.001850825507123791697 31.51688592983753523 -0.1075917047849407338 0.9940751033168409023 0.01545037304023123489 -0.7291134432942001364 -0.0001777712891236038451 -0.01555981939191093504 0.9998789228790952999 -0.2437237846525588947
0.9929803445136935469 0.1182756558736693386 0.0009511241347861989354 32.08544295934316182 -0.1182759207922447348 0.9928559763662972992 0.01574219662160298433 -0.8258404132166085043 0.0009175893488236530268 -0.01574418690755119768 0.9998756315704503406 -0.2543586474750723081
0.9909946611946277573 0.1338931863069115769 0.00148193938053682822 32.7366713393595461 -0.1339006247488415402 0.990890977478126822 0.01434201674494353825 -0.9411908399214438115 0.0004518579587041029826 -0.01441129463389679254 0.9998960498028582888 -0.2614418075295606991
0.988193094303793429 0.1532095582553600344 0.001113386496854689616 33.47222377910779301 -0.1532092302733447098 0.9880838881335687329 0.01473640966784143906 -1.002160601272477081 0.001157639556672407843 -0.01473299935677241206 0.9998907933372574997 -0.2569943741119977698
0.9845873519534158458 0.1748913567414933645 -0.0008716137218860770973 34.1394438691504547 -0.1748492514316312696 0.9844379979591051377 0.01759452892427452314 -1.143853673989038811 0.003935180702161032371 -0.01717094963560991672 0.9998448243809899827 -0.2505319756466015679
0.9801800791021177961 0.1980876960553757393 -0.00287701283264926071 34.76256367365419919 -0.1979910178154772882 0.979995323466648971 0.02021689511001634187 -1.230234052730747152 0.006824177295286140872 -0.01924657514913061945 0.9997914782339721862 -0.248321019574172519
0.9749844099567509526 0.2222525238562913785 -0.003035783390642015495 35.35876353517070214 -0.2221392135083936903 0.9747798114168962913 0.0214123580184976646 -1.368360019785920034 0.007718170972358173038 -0.02020234871366858795 0.9997661201217477034 -0.2543793793894698618
0.9683858090479886549 0.2494568855190692769 -0.0004325524227725248351 35.98762159610539868 -0.2493837735832263869 0.9681411649757347693 0.02259243574334681565 -1.465555010062518981 0.006054610463321063139 -0.02177032261022202389 0.9997446647747535442 -0.2568700361844891145
0.9616713379022269192 0.2741997744282594907 0.001649715379227815332 36.54843484466911718 -0.2741672025620154884 0.9614227536015323983 0.02233011187983416704 -1.710403896232632892 0.004536837737852323672 -0.02192652641753296133 0.9997492908437602965 -0.2558327616645747482
0.9520812903048831988 0.3058382020598524598 0.002052026360868076937 37.15639615728719747 -0.3058031534234406656 0.9518182313933065686 0.02294527715233543944 -1.940720388187781698 0.005064386208461385021 -0.02247328520966016333 0.9997346165079095126 -0.2525664854124114456
0.9419179412073216406 0.3358419383204963027 0.0008857182918266585069 37.69792582252878788 -0.3357624088443800225 0.9416305284288136734 0.02440394922738010203 -2.284462436801630858 0.007361850228026507043 -0.02328390852080312531 0.9997017869170861104 -0.2423962623608026112
0.9303798945629966344 0.3665953681255797458 -0.001043006144752497717 38.2516045633155386 -0.3664442112590142742 0.9300708400804015286 0.02620825188552390259 -2.576749929230313541 0.01057789334916052829 -0.02400142706188205383 0.999655960654107667 -0.2422406602685208687
0.9178980193182547653 0.3968060706499920154 -0.002858046000053098955 38.73174610788824879 -0.3966126705427663879 0.9176337950347770445 0.02542848353732177213 -2.867772980125371518 0.01271281623244535121 -0.02220721741655936818 0.9996725582899901319 -0.2387475025506970994
0.9035393807231740793 0.4284828514708241554 -0.004362737422158951238 39.29804507733673802 -0.4282682155890498166 0.9033316305869698581 0.02404788342572610968 -3.174040200997712446 0.01424510437147473267 -0.01985978792731206768 0.9997012882981235471 -0.2307142551566218336
0.8888323908885780167 0.4582002432199734909 -0.005433048909327782561 39.81407849447703029 -0.4579665712464212057 0.8886580616117164544 0.02352592513172030442 -3.487450006102847055 0.01560770732973400937 -0.01842244950227369185 0.9997084639164788289 -0.218559922055232364
0.871494355517870023 0.4903640463266040195 -0.006378900429734777992 40.34493691248067648 -0.4900946185074769867 0.8713312546054855501 0.02427158127607503824 -3.832253659089799314 0.01746004611972546902 -0.0180262813089845722 0.9996850503892045214 -0.212179048528946701
0.8530407146598089074 0.5218306844095392805 -0.003778351671612188278 40.8601850850423105 -0.5215438221663835083 0.8527727785157439566 0.02776021942668551595 -4.14019015764476972 0.017708209755996622 -0.0217100214465515591 0.9996074700981519845 -0.2027397917793651028
0.832215805445610024 0.5544502306316182461 0.00133974589377761316 41.38304068290242554 -0.5541979571304201935 0.8317591757258560037 0.03226914793287229133 -4.476927466101777497 0.01677729057337628074 -0.02759737937540427538 0.9994783175100030448 -0.2041482012140762303
0.8090617307996896823 0.5876752188165487167 0.007546717454113681216 41.83444823763653631 -0.5875589253854947014 0.8084642423748253925 0.03405991780880233272 -4.863548450293842862 0.01391491844220468267 -0.03199071725081177597 0.9993912992689727437 -0.1979890210320302546
0.781349113299806497 0.6239705461611158022 0.01242258704960150575 42.31633901838134904 -0.6240133915925358821 0.7807728717368387361 0.03163874006642126979 -5.267845730091657686 0.01004242295397622317 -0.03247276217399667347 0.9994221677839673079 -0.1965132343610485055
0.7521703681133660169 0.6587877437704098282 0.0154416964772773127 42.742145446957025 -0.6589276958511132154 0.7516556613392200159 0.02877600418825666112 -5.684548508385584675 0.007350440296082086551 -0.031819419142917367 0.9994666055416063788 -0.1938835281894379925
0.7233801581822669746 0.6902526469821665955 0.01650545613762304659 43.168588374047701 -0.6904247927981570498 0.7229429699448994828 0.02582765372367805748 -6.114188337177393961 0.005895102867679114476 -0.03007898836996851163 0.9995301407265410054 -0.1858582582616092049
0.6929206441717830067 0.7208240681179342024 0.01654217949584777664 43.56271657108435846 -0.7209919024221610462 0.6925381205174094834 0.0236986976833557135 -6.604606661634329967 0.005626501775897485048 -0.02834809432970333831 0.9995822767664701569 -0.1818584919860875282
0.6617540124593048745 0.749535346792672863 0.01668505026656500953 43.95837131004648057 -0.749690003837535146 0.6613602568605572163 0.02382244301943787362 -7.091264101489228366 0.006820933959996311122 -0.02827321265306676282 0.9995769606719573375 -0.1756892127887802746
0.6282965648613962895 0.7777939212644326972 0.01673447422140643751 44.36257691310539286 -0.7779209830848347051 0.6278575087941840049 0.02517722635807145143 -7.55219006053647135 0.00907582831997388699 -0.02883686347123841365 0.9995429278652555594 -0.178301858353159759
0.5959011654773606059 0.8028649934444066494 0.01759554728435769669 44.69074401463113588 -0.8029882990622458916 0.5954183403112682793 0.02620670887570180491 -8.096790316018875444 0.01056373758876910304 -0.02974562694729230433 0.9995016784006258703 -0.1775800723766959299
0.5604190325087965441 0.8279852583921835096 0.01925928054558826916 45.06008364219627538 -0.8281310672540981299 0.5598951725060716811 0.02676436535740854203 -8.603029414826945498 0.01137732176274173709 -0.03094846829207494737 0.9994562265851774097 -0.1789482424500604685
0.5256821816802870195 0.8504673269566659366 0.01906750227579566762 45.36645429712601185 -0.8506129952298394636 0.5252245589559354499 0.02442734155949627395 -9.185092336677399771 0.01075993540756618738 -0.02906008342601187899 0.9995197523517472815 -0.1801672270093305772
0.4906573503125194469 0.871199519543235712 0.01633284212661568688 45.63533142747029814 -0.8713013168825707311 0.4903388983015226632 0.02004445088166000727 -9.78835132010837583 0.009454088163112750118 -0.02406578401142011811 0.9996656732412690927 -0.1800780965120202248
0.456575151674232016 0.8895045277357799263 0.01791161665509248893 45.90707296220170974 -0.8896116105280307274 0.4561867161747857891 0.02201959126298074637 -10.37392611317009283 0.01141548454404435475 -0.02598798036039755635 0.999597074620275361 -0.1649286218960170636
0.4259762676482021782 0.9045229623199332325 0.01955581848146279583 46.09244151046642912 -0.904584404024501687 0.4254126753221865176 0.02740641660008091493 -11.04247643271477486 0.01647044007136522908 -0.02936437145917955918 0.999433068440634953 -0.150455882109154615
0.3941675986774975105 0.9188186155660468257 0.02010611454529008871 46.29149997601049193 -0.9187717146759236675 0.393431658692177888 0.0327118671155416027 -11.69306065310319909 0.02214589046027402516 -0.03136688744543713464 0.9992625670501756874 -0.1476456088151500978
0.3640643192818260321 0.9311997592534269064 0.0180049935356979586 46.53457239333594941 -0.931022070745410657 0.3633275805169899897 0.03451047696856295727 -12.35144785283891977 0.0255944371062975691 -0.02932707967101425353 0.9992421364149841612 -0.1426256217313394692
0.3380123374141092985 0.9409923639830604092 0.01676396973935238843 46.73064446330708677 -0.9408178569273712988 0.3373752040918065465 0.03224487169458477992 -12.99995212094047758 0.02468643033001492043 -0.02667100653487746928 0.9993394005881974795 -0.1470809738898526953
0.3131716657608735188 0.9495395690776479158 0.01726599317717749868 46.94508325042114905 -0.9494447337387076358 0.3126182560507843045 0.02871451827213380992 -13.66768473059268629 0.02186790663036021834 -0.02538567981364481946 0.9994385233319781348 -0.1329579077547344279
0.2912206557039526134 0.9564950533325085047 0.0175425950703336983 47.128797682640581 -0.9564447744558364217 0.2907221862849262983 0.02634395220609003774 -14.34210032636250176 0.02009783837839455856 -0.02445042642070651209 0.9994990012703172111 -0.1150379583546058265
0.2707696256451447292 0.9624681787646717224 0.018406919715263384 47.33226564758015087 -0.9624425207515341363 0.2702720481611211589 0.02564009033185018702 -15.04903793381351917 0.01970289515327595942 -0.02465815987069197232 0.9995017614163420605 -0.1033216612570545673
0.253159549347564572 0.9672461424102093419 0.01857801299136290288 47.46067731759556807 -0.9672206928217736976 0.2526653289814846381 0.02538430436404287907 -15.73239397496770664 0.01985885070960210705 -0.02439531765006044961 0.9995051248118972387 -0.09796695195478827278
0.2362481917491822125 0.9715599196344911759 0.01606594083965279945 47.63930263712793334 -0.9715109784868676268 0.2358519204347334641 0.02324414564439160683 -16.45709807038133476 0.01879389727361457929 -0.02109962528268536502 0.9996007179060042436 -0.09281752909370073745
0.2241627210865652087 0.9744685925296471263 0.01272936166331583956 47.80879959315616645 -0.974384221138449691 0.2238629048822655676 0.0214660060116141603 -17.17545685703356284 0.01806831678612376077 -0.01721516746832364025 0.9996885384646329031 -0.08546253910998560799
0.2147243945540830978 0.9766139781073864823 0.01088908392142293874 47.95722030572441952 -0.9765113390773952906 0.2144712413424842978 0.0206806984960918594 -17.89115421591812805 0.01786166388259765106 -0.01507396438496370894 0.9997268309698734701 -0.07972929139252016295
0.2082260767526344925 0.9780424223750520119 0.008655691477073557821 48.11127695834922235 -0.977923163894458769 0.2080255412004209381 0.01979039481474107603 -18.65620217619284205 0.01755524078038593616 -0.01258547746461328824 0.9997666824205186931 -0.06694165298119389429
0.2036010223128981167 0.9790251062508367186 0.007514322569663126061 48.23684017458249684 -0.9788812609767206796 0.2034149710663679667 0.02034272485912866704 -19.41308789540045154 0.01838751265854859582 -0.01149742913032627926 0.9997648265975478399 -0.05664571066363759816
0.1993839212592247723 0.9798941785843771068 0.00731099991412265636 48.38257297913960997 -0.9797140734134789364 0.199182693751753459 0.02205875937952475607 -20.16561051088191192 0.02015902524587603883 -0.01156085144979405316 0.9997299437422547674 -0.04834021014332066241
0.1952617082327494646 0.980733106620926498 0.005953055996335857199 48.53804666256758082 -0.9805024530349931711 0.1950719004631289444 0.02370428741946635845 -20.92491712915717272 0.02208630549435991811 -0.01046552566142705705 0.9997012893270869061 -0.03401091029449682807
0.1938946682278854805 0.9810164410221169362 0.003405888591413788746 48.67217962105186757 -0.9807331873639806297 0.1937520591369011891 0.02495104773546662214 -21.69407776893368833 0.02381749012144311964 -0.008178143096670290393 0.9996828722849088189 -0.02279721482491857409
0.1936747340960321973 0.9810613478973101431 0.002954493991273949086 48.8153707460509807 -0.9807677240717374012 0.1935407829317727924 0.02523166188147439593 -22.47642542319657366 0.02418199313489006672 -0.007784407753300920906 0.9996772650230445478 -0.0223911516420535299
0.1939642849851087592 0.9810057943569887584 0.002342560186888064961 48.96209867895809253 -0.9807430970443142826 0.1938556874505271699 0.02372656829401421225 -23.26336941130929148 0.02282178236121133047 -0.006899556587000128458 0.9997157407827288456 -0.01450753116686738509
0.1949228641783997684 0.9808171571821353574 0.00166769231087597722 49.1011725168123121 -0.9805699445259276059 0.1948348886838171534 0.02284622603372806274 -24.07333013641124708 0.02208304582499327068 -0.006088540770923371072 0.9997375999522934986 -0.0001040876943044985459
0.194402224444275018 0.980918615199829369 0.00253879608616227638 49.25945895379715722 -0.9806789879458809311 0.1942958366711480256 0.02275632777276297494 -24.89484401129730884 0.02182882801619373536 -0.006913624715586746267 0.9997378176605762334 0.003777079283981368829
0.195164737150099743 0.9807686393149934734 0.001897764302821058511 49.41473377380479093 -0.980521448359681469 0.1950712161430342428 0.02291091310075471857 -25.74224877896730135 0.02210010587678711697 -0.006332200936024980249 0.9997357093509967596 0.02023826197228621726
0.1955833080955009518 0.98068670485145093 0.0008697827449035559809 49.57422416271015209 -0.9804341367782157812 0.1955126404272964358 0.02288473012952885882 -26.58583124002863585 0.02227269706108818068 -0.005328635918290141812 0.9997377319101621307 0.02659435873373684756
0.1964433770480450425 0.980515163980624882 -0.0001132166416650444847 49.7526129054398254 -0.98028781051785574 0.196400311247497017 0.02151107370623192225 -27.47190467570219141 0.0211141697461267111 -0.004114723069009594732 0.9997686036728684611 0.03841846211587569143
0.1980494601251527875 0.9801912319097888515 -0.001249092192756403544 49.90216457284617491 -0.98000490301803167 0.1980363897992053479 0.01928674093556233954 -28.36074787295962807 0.01915206006553365689 -0.002595612156638987551 0.9998132132517445481 0.04664142338736761845
0.1997587583618416485 0.9798442606098716201 0.001289731611435920031 50.06062741197098376 -0.9796988382317971533 0.1997060227061165927 0.01754111918240301021 -29.23005842890873396 0.01692999778507309205 -0.004767540749508502804 0.9998453109007409134 0.0494856380021710951
0.2004889374809124547 0.9796854403991899218 0.004541345353551785521 50.22993423001211966 -0.9795674527301211354 0.2003854045745024903 0.01712586305372574072 -30.0761302566061417 0.0158679393620215041 -0.007882100187031584188 0.9998430281784460583 0.05962165057026517362
0.2000783099437414281 0.9797538824254866663 0.007141411782127716178 50.43837571482050208 -0.9796366080747580529 0.1999190763834859386 0.01856014595193344538 -30.95895904176272495 0.01675667060723335169 -0.01070947104948072846 0.9998022410557004802 0.07354805530814109704
0.2009907605301258782 0.9795512529361402043 0.009058534802008796211 50.63297684466864723 -0.9794276651091826658 0.200778256535465438 0.02023710753426606265 -31.82563534737110444 0.01800452721668056172 -0.0129396512246838253 0.9997541709969942625 0.0900866624053168058
0.2034931177058547647 0.9790201865196473952 0.01048930090072944417 50.78035994144909182 -0.978929229456894312 0.20326512146892739 0.01951548383088244978 -32.71541346979948628 0.01697394359842080078 -0.01423954989657704936 0.9997545301009945762 0.09375573116175739408
0.2028271690581457953 0.9791422441150583467 0.01189980172884522527 50.95111201907932497 -0.9791000799483746686 0.202602669688326853 0.0177536385073329174 -33.60244252621968997 0.0149724058502516584 -0.01525201706300618847 0.9997715754303905245 0.09892553113616103788
0.2028209445653366139 0.9791420491126071601 0.01202131877913414221 51.12397931213502034 -0.9791124727811095774 0.2026058769786666103 0.01701835063002864537 -34.50568839234729523 0.01422779287471648627 -0.01522190110565451934 0.9997829082539088086 0.1108425664237691066
0.2027619110554377269 0.9791577497954138121 0.01173492397627064199 51.28769322277359777 -0.9790955208453011593 0.2025227385161356697 0.01888124584326081323 -35.36606000552251317 0.01611112925326827275 -0.01531800899291381815 0.999752864519365847 0.1215147796835159555
0.2021353076665398651 0.979276597153948325 0.01259617644911379362 51.46582457463844662 -0.9791840282495480885 0.2018406250541205926 0.02142430626065904009 -36.26714573694674471 0.01843790160354108476 -0.01666458353352582786 0.9996911200166340716 0.1328067174369621517
0.2034000701517353349 0.97900623023553901 0.01323679048213549127 51.6449342888134808 -0.9788819512165319869 0.2030545905645666505 0.02364231023337893742 -37.14528305939862207 0.02045817794390044492 -0.0177661028550155746 0.9996328468715705018 0.1439932731827744672
0.2036260578439246238 0.97896010607291295 0.01317343101298482956 51.82639034507492681 -0.9787983993961935081 0.2032513046204161844 0.02534956625957274917 -38.0187897841177147 0.02213869703465745631 -0.01805596543555588671 0.9995918468083848651 0.1475482703180152066
0.2023692283732153596 0.9792180205948028959 0.01337024868974456479 52.01672496555652003 -0.9790698085104313497 0.2019989651419328291 0.02487424662046347143 -38.95088380171969078 0.0216565341404585214 -0.01812418891935330817 0.9996011746216781901 0.1648564531339031802
0.2018164115814302662 0.97934683454177196 0.01224392459164895704 52.21371880804750276 -0.9792072674171802271 0.2014935213001828318 0.02352633229876287951 -39.88355192390477555 0.02057336758466601564 -0.01673733990405922023 0.9996482371310231319 0.1704980746266108182
0.2010899974496979103 0.979471868457959971 0.01405958125811028817 52.39788833652500699 -0.9793883010297437242 0.2007528878142978979 0.02228976985731815838 -40.83226374879343723 0.01900970099061991339 -0.01825203916533272436 0.9996526868540664967 0.1765515643152676395
0.2023459087964518677 0.9792065124965486644 0.01451685495156017532 52.58111103044401347 -0.9791056443610912652 0.2019747613004063691 0.02362907061008324983 -41.78681435471476391 0.02020570151196032088 -0.01899478038805665209 0.9996153900097872746 0.194035247651103443
0.2031179774595424092 0.9790217934637138741 0.01610637003915900423 52.76939857530425115 -0.9788816844987405785 0.2026458444719284602 0.02693157015785203195 -42.73260835294438209 0.02310270515877137915 -0.02123651669536468986 0.9995075164164571868 0.2083339287923184346
0.2034273971428927075 0.9789286350520063351 0.01777699544027588202 52.94904182917846924 -0.9787514784367155052 0.2028460947259385083 0.02998341728988412891 -43.69166046010050763 0.02574563166076021536 -0.02349870910606310578 0.9993923019118854389 0.2156641710087314756
0.2046887861057102853 0.978629763520555418 0.01965418007124588792 53.11284383041099488 -0.9785086965711708995 0.2040688326916376694 0.02960814513712394305 -44.65721269144474803 0.02496460648917548167 -0.02529224141064948667 0.9993683359739120586 0.2249335237580357139
0.2046321923659289999 0.9785683400988952618 0.02301455199664309906 53.3184906095484763 -0.9785956874181883647 0.2040006398161761103 0.0270964854015057835 -45.64560786149509397 0.02182077940946762148 -0.02806675454489811206 0.9993678556343904562 0.2339466248544642413
0.2037654917403481925 0.9787165477583769091 0.02436274860804982581 53.52575909190025527 -0.9788373573090367596 0.2031841490688288676 0.02436451319926364115 -46.64675010900365493 0.01889582790129231901 -0.02881181547735006329 0.9994062372112872961 0.2450178670166892059
0.2023216039861521764 0.9789934495897646416 0.02525458811391976741 53.73907755170672829 -0.9791791153918657509 0.2017893397004714151 0.02212063208073313664 -47.67350642668456118 0.01655984724790769344 -0.02920424701273535012 0.9994362828192425718 0.2601754415613882765
0.2016104906265755448 0.9791952580003115969 0.02301861809524810218 53.9474664602119276 -0.9793532214651108347 0.2011753725743906651 0.01989314141770691033 -48.69156185608149201 0.01484849067148905251 -0.02655402378658406129 0.9995370959326723703 0.2637678423367318947
0.2001670173427441135 0.9795041289398804807 0.02246834568533079973 54.14310990986727745 -0.9796646399499601143 0.1997715982895367226 0.01866820153520635725 -49.72165114178024936 0.01379704315513609336 -0.02574820200654632726 0.9995732447867966552 0.2779517983509442458
0.1987697929878138314 0.9798051358988317805 0.02173626145070681193 54.34596525102696774 -0.9799518130956453854 0.1983939419278154537 0.01828353950689418431 -50.74652470558218909 0.01360196331928477387 -0.02493470418141099584 0.9995965421715135024 0.2890856475677916482
0.197959440979339707 0.9799772651198698226 0.02136865871616083767 54.53523612916147556 -0.9801092292177062681 0.1975790920148303709 0.01866550832067059157 -51.78260991019821802 0.01406977360944908911 -0.02463863321646778126 0.9995974085719726565 0.3008893821713891636
0.1968747279821299045 0.9802066051090528864 0.02086510921485990738 54.69833463789574068 -0.9803163003429207212 0.1964854115737263429 0.01932444878055237722 -52.80698285816312421 0.0148422627631765152 -0.0242589022688382977 0.9995955246482347567 0.3052720692159889282
