1 0 0 0 0 1 0 0 0 0 1 0
0.9999999759324589288 -0.0002187919835541689631 -1.628340930213280195e-05 0.8350064397182206388 0.0002187891637216597056 0.9999999611058384419 -0.0001729728979614326924 0.390065845974824521 1.632125375224934433e-05 0.0001729693311648966157 0.9999999849076134373 -0.1029775663136859587
0.9999999390014977507 -0.0003436513819620817486 -6.245581182672560613e-05 0.8324824795923837506 0.0003436321886091497479 0.9999998938148352279 -0.000307062269168112043 0.3915572225967045572 6.256132756799298003e-05 0.0003070407886104641634 0.9999999509060160108 -0.1027849534780147234
0.9999999534332836282 -0.0002882790645088219045 -0.0001001429557860834346 0.829585073107845794 0.0002882561055051143287 0.9999999321876290592 -0.000229201123342425171 0.3874466040511557186 0.0001002090228805736994 0.0002291722458508528126 0.9999999687191162279 -0.105210419404851041
0.9999998850922131588 0.0004449566365066293452 -0.0001784072645916853414 0.8377491575796331968 -0.0004450392815495614893 0.9999997935694860951 -0.0004634663127068787262 0.4021425853364268277 0.0001782010053513458417 0.0004635456576918475379 0.9999998766849048648 -0.1023383274113418701
0.9999995792046816323 0.0009009003353712324641 -0.0001731156992814095229 0.8430593227122417099 -0.0009009247735473196192 0.9999995842068506446 -0.000141140632821907554 0.4109777020477101139 0.0001729884736576439545 0.0001412965376527626265 0.9999999750551379352 -0.1078437015226201001
0.9999985492226959316 0.001703319081198220036 -1.601908188531612107e-05 0.8485794683741725297 -0.001703322314378834983 0.9999985285307366745 -0.0002040329749768992511 0.4109753735352432713 1.567152505425770749e-05 0.0002040599646301210124 0.9999999790569668034 -0.1024681965827375918
0.9999998900284652326 0.0004683510719549866625 2.429672578381456095e-05 0.8442247630037071904 -0.000468340193053039353 0.9999997909413057551 -0.0004458416854176958967 0.4050323115366349369 -2.450553113566038946e-05 0.0004458302572545573702 0.9999999003174253609 -0.1014298424098889762
0.9999980079603615346 0.001992820237574711821 0.0001128840527930806832 0.8474071429403076117 -0.001992793820639009953 0.9999979870883519695 -0.0002336493797151760216 0.4192705705354881629 -0.0001133494467798491214 0.0002334239596334953799 0.9999999663325783716 -0.09804642547284848908
0.9999994045254100294 0.001090784779692049013 3.372520818514215308e-05 0.8402833838946093259 -0.001090787888626340444 0.9999994008307221405 9.230373115873132482e-05 0.4080356933306479306 -3.362450447297678804e-05 -9.234046324283462211e-05 0.9999999951713157698 -0.1022650401187194247
0.9999986523427594198 0.001641738924711730807 2.442972663069863902e-06 0.8412515137257320363 -0.001641738413665484037 0.9999986330892846054 -0.0001962512254966794771 0.4086672259480150782 -2.765162599664630937e-06 0.0001962469502952299489 0.9999999807397440543 -0.1020210306774597953
0.9999999965901494869 -3.252610836081974748e-05 -7.590621432837853266e-05 0.8355224125878442099 3.251905345086235957e-05 0.9999999951521628683 -9.294183913200187042e-05 0.3933638070251421759 7.590923699672842955e-05 9.293937041684309866e-05 0.9999999928000306015 -0.1057936941844066503
0.9999999957452075927 2.147001131284085787e-05 -8.971412024721711989e-05 0.8407923020687243509 -2.147465872910982808e-05 0.9999999984277029297 -5.180186400072904907e-05 0.3878736242661414702 8.971300791955375226e-05 5.18037903604383633e-05 0.9999999946339717116 -0.1063154983862790448
0.9999997115605596676 -0.0007554736501419910197 -7.834769594346647093e-05 0.8341284361912280065 0.0007554642074200527751 0.9999997073788046142 -0.0001204829305459202427 0.3757761918814560564 7.84386946965893539e-05 0.0001204237069138720665 0.9999999896727509441 -0.1047609474874730412
0.9999999397455703321 0.0003402625134351785715 -6.8777014814751228e-05 0.8343385044935809347 -0.0003402774504069808041 0.9999999184992819368 -0.0002172848044933556831 0.3929076839536405075 6.870307533566695414e-05 0.0002173081946682314726 0.9999999740285177019 -0.1031999563963130889
0.9999998206880165164 0.0005978844653821357383 -3.403088128284441414e-05 0.8335204514903535866 -0.0005978876100733776294 0.9999998169896555655 -9.247194759315375417e-05 0.3963021140562319466 3.397558751389152625e-05 9.249227765410430622e-05 0.9999999951454190406 -0.1044934398111903723
0.9999999962142565035 8.577220403042350183e-05 -1.464977700870635384e-05 0.8346057288984668476 -8.577431605804407126e-05 0.9999999859205007668 -0.0001442281701236670141 0.3920269544116913307 1.463740603441004728e-05 0.000144229426152259481 0.9999999894918094601 -0.1034483760811939629
0.9999999302857006667 0.0003593011035107613444 -0.0001016430560951451194 0.8396981215153147549 -0.0003593292647509661875 0.9999998970274972532 -0.0002771776945040088061 0.3907480439367893021 0.0001015434553772013877 0.0002772141985053737248 0.9999999564206064617 -0.1052029924964613394
0.99999987668701662 0.0004908838681560894531 -7.522618876534948966e-05 0.8371874252850248777 -0.0004908965906014733233 0.9999998651963596386 -0.0001691975175412335829 0.3843707837414441775 7.514312229269233903e-05 0.0001692344249565717895 0.9999999828566101812 -0.1048497274364417475
0.9999999755689059633 0.0002187542473226117582 -3.176108797996481499e-05 0.8294524893937857968 -0.0002187586533286081951 0.9999999664415125666 -0.0001387862578150240317 0.3800798889501323385 3.173072683074369265e-05 0.0001387932024371586813 0.9999999898648038732 -0.1033420588737611751
0.9999999432157219426 0.0003368538217155769517 -9.902305984411347725e-06 0.8242055739239235734 -0.0003368528982746020603 0.9999999389303839692 9.310936174307407284e-05 0.3860980775178567415 9.933669624021977326e-06 -9.310602083545572874e-05 0.9999999956162954895 -0.1041480940757811835
0.9999998533016375424 0.0005386275565122380579 -5.724560101679775667e-05 0.8237385389588725015 -0.0005386291028515064958 0.9999998545748237655 -2.700038502459762554e-05 0.4003883931016790632 5.72310495404354557e-05 2.703121521040322873e-05 0.9999999979969601549 -0.104737232282152759
0.9999997997602843025 0.0006283753197603599277 -7.499232554188631119e-05 0.8339724467944675812 -0.0006283756143412878295 0.9999998025644010191 -3.904650629883798855e-06 0.3970642329793696579 7.498985714964349555e-05 3.951773196650931031e-06 0.9999999971804524046 -0.1054464421943613478
0.9999999499064607944 0.0003164941941225439493 4.301273881979138983e-06 0.8285828714460542477 -0.000316493853894485712 0.9999999468054863172 -7.887119260291913889e-05 0.3897898209260685642 -4.326235927717311295e-06 7.886982732523439594e-05 0.9999999968804169637 -0.1043098231691210881
0.999999601302394403 -0.0008924578672021840154 -3.023255541075248613e-05 0.826843597013984466 0.0008924562889525644799 0.9999996003995880178 -5.217697452720976682e-05 0.3752497393454543584 3.027910908121450573e-05 5.214997249016752149e-05 0.9999999981817779826 -0.1045838040393489987
0.9999999496570068924 -0.0003091429034857229113 7.153075540701268702e-05 0.8558871596525639003 0.0003091457229974101865 0.9999999514379221965 -3.940907616539593878e-05 0.3798488796020653702 -7.151856889710111467e-05 3.943118760852194115e-05 0.9999999966651378358 -0.1030517294871322598
0.9999999829504184756 0.0001774389377044396812 5.113302457000555552e-05 0.8455218837303905 -0.0001774386238795702697 0.9999999842389057925 -6.141891556998147736e-06 0.3880791797921629982 -5.113411357480651009e-05 6.132818478766964907e-06 0.9999999986738454805 -0.1021550310048607579
0.9999999914754015284 7.487724288677177938e-05 0.0001069700677870817618 0.8203751322213791441 -7.488218481602202986e-05 0.9999999961292976858 4.619592040504355649e-05 0.3910091830896403886 -0.0001069666083498799306 -4.6203930163627699e-05 0.9999999932116707679 -0.1001681393201831749
0.9999989682231935628 -0.001436136096362266657 3.264446527289748137e-05 0.8073694503206592099 0.0014361349371180361 0.9999989681273171449 3.550694837011438205e-05 0.3772171408270125204 -3.269542439819151432e-05 -3.546002987778664204e-05 0.9999999988367977988 -0.1037797787808047156
0.9999997564921584425 -0.0006573192232573634016 -0.0002344078975934324493 0.8313745455907513016 0.0006573405280082795328 0.999999779827367985 9.082205533597318174e-05 0.3820707650475591577 0.0002343481469003605823 -9.097611903126390806e-05 0.9999999684021454449 -0.1129283912412881868
0.9999999748551230416 -0.0001357181287071846981 -0.0001785226674157627076 0.8095494141398498211 0.0001356883275168149577 0.9999999768608969219 -0.0001669337696533396728 0.3947776004536197036 0.0001785453192237436632 0.0001669095420136450908 0.9999999701313864175 -0.1080359569503177297
0.9999999967252707345 -7.753424512506761665e-05 -2.319265677353005256e-05 0.7878267549841195816 7.7536190053062356e-05 0.9999999934769387977 8.387050540775185868e-05 0.3958613417549331492 2.318615378591788343e-05 -8.387230340334209512e-05 0.9999999962139194398 -0.1041719876812887968
0.9999995848665377274 -0.0009080970448501179395 7.501006139464852214e-05 0.7850121622921566455 0.0009080855606706324159 0.9999995759865913936 0.0001529942870553566907 0.3806915932276343506 -7.514896324933063333e-05 -0.0001529261079886511218 0.9999999854831193025 -0.1027298846386616449
0.9999999989829679858 -2.843021941471151153e-05 -3.50112350481288087e-05 0.7982865224138353533 2.843393576483364932e-05 0.9999999939616919242 0.0001061514359384699952 0.397824352071244336 3.500821692810526765e-05 -0.0001061524313377189971 0.9999999937530430483 -0.1070193738917289972
0.9999998318527789642 0.000578752142023383374 3.661109059715761643e-05 0.8201906355310246699 -0.0005787560649006511914 0.9999998267715275446 0.0001072302771998549363 0.3855497749290896503 -3.654902450245513744e-05 -0.0001072514480601075509 0.9999999935806478391 -0.1050046789306101347
0.9999996206596502013 -0.0008693518828688612211 -5.392457187244061126e-05 0.8088619801731379289 0.0008693531671934669799 0.9999996218292869221 2.379819158674998248e-05 0.3782589204139139016 5.390386247708199704e-05 -2.384506205648252098e-05 0.9999999982628933193 -0.1060479519413250055
0.9999972206200796743 -0.002357587524020045636 -2.309073802369431314e-05 0.8111155237697805775 0.002357585725897368405 0.999997217880634337 -7.759211487041207673e-05 0.3638055821031461745 2.327360398448570169e-05 7.753746081808093231e-05 0.9999999967231407716 -0.1019629940269800306
0.9999989585387221158 -0.001442991261871993296 2.641380918857328389e-05 0.8162226710182078904 0.001442989667647974223 0.9999989570732926714 6.027558333317354836e-05 0.3772295547672802618 -2.65007587809602478e-05 -6.023740570474516858e-05 0.999999997834582377 -0.1023414347510653438
0.9999940171661713118 -0.003458146433124296461 -8.279559264322492308e-05 0.7892004272972165113 0.003458152776381710151 0.9999940176385280211 7.65932796911091571e-05 0.3507269095955326543 8.253022655309634893e-05 -7.687914125481571271e-05 0.9999999936391796851 -0.09812732244932859116
0.9999959836440982519 -0.002796429993292074475 -0.0004611669600337473191 0.7751042574844371202 0.002796489237176507259 0.9999960816408763886 0.0001278704037132233405 0.3539885920299811195 0.0004608075723837839056 -0.0001291595385804485238 0.9999998854870908449 -0.1001850948308385392
0.9999985964701731955 -0.0009464956360061492187 -0.00138246290901204087 0.803822505054086478 0.0009468297245020253737 0.9999995227095352934 0.0002410273312120705144 0.3676479003818488578 0.001382234117858526087 -0.0002423359498982962138 0.9999990153505806667 -0.1132258223911166012
0.9999972719189583747 -0.001874315304189103689 -0.001393950064158471207 0.7819357124072334742 0.001875970710099155933 0.9999975356338206556 0.001187206881881745909 0.3694810740951739447 0.001391721428927127817 -0.00118981865257686086 0.9999983237201142128 -0.1214802011649474683
0.9999988497749059402 -0.0007286188068800263313 -0.001330249412462256768 0.7874720661474866601 0.0007295134028949092683 0.9999995080181098839 0.0006721411557425537421 0.3826568795525635003 0.001329759023316684323 -0.0006731108174045139598 0.9999988893307668603 -0.1183648181571750058
0.9999985886573640181 0.0009727072969703545128 -0.001369862691817999275 0.8050534599450875906 -0.0009724491331493245868 0.9999995092893415594 0.0001891130867801738436 0.4110612478624835475 0.001370045971291239569 -0.000187780698089619444 0.999999043855765879 -0.1120063005563130265
0.9999963984170552322 0.001951295467885558882 -0.001842715093309613703 0.814285819705131253 -0.00195057196793280499 0.9999980198794444775 0.0003943427293011834631 0.4072410128484765801 0.001843480923692058376 -0.0003907469606372388393 0.9999982244458720526 -0.1097702003271875532
0.9999966775033010125 0.00129595865117591749 -0.002228334250833166521 0.8339637924715175288 -0.001294687864078652474 0.999998998508660919 0.0005716336324222820713 0.3975910269163944744 0.002229072832726954577 -0.0005687467358597607858 0.9999973538772274351 -0.114178033994503797
0.9999893612428598644 0.003760725939004521626 -0.002671018814759877017 0.8713940922928193888 -0.00376002386856507222 0.999992895221134992 0.0002678203875265056707 0.4179400305420168937 0.002672007036840218924 -0.0002577744437535621101 0.999996396958874656 -0.1187019770145239655
0.9999857962889676655 0.00464829243687242457 -0.002607795571089070123 0.883296286770877459 -0.004647674635247506583 0.999989169997546945 0.0002429158331806588662 0.4143010738924793324 0.00260889647248680823 -0.0002307921975446977311 0.9999965701911969207 -0.1150008177835389334
0.9999793012356914534 0.005904144027792433344 -0.002556987187572888794 0.8962413300199616462 -0.005905139869628435456 0.9999824915139755577 -0.0003820845742114329963 0.4207905627775916368 0.002554686536241508685 0.000397176032520351165 0.9999966579083655605 -0.1077148652783125049
0.9999766062146654422 0.006436505886097944502 -0.002314825129079078978 0.9124842060923437081 -0.006438078748455883932 0.9999790491124459502 -0.0006726649962586753921 0.4087113302265023007 0.00231044701923030114 0.0006875522865480664363 0.9999970945489914387 -0.1098674123748550058
0.9999692905472834514 0.007605270023041407236 -0.001891515328864651737 0.9534899877894602582 -0.007606723576333654542 0.9999707777814194065 -0.000762456330763880267 0.4067156869562498778 0.001885661368314026478 0.0007768211503943134527 0.999997920412889818 -0.1014871435785225928
0.9999499149133189713 0.009732370927286446149 -0.00233422813364843329 0.9518925942840095189 -0.009735020554682127097 0.9999519790827683385 -0.001126456059808740931 0.4103664406776919016 0.002323152953665079401 0.001149123400019727787 0.9999966412322420783 -0.1070232550433023455
0.9999317725427887549 0.01142395465759819297 -0.002437933431771557944 0.9604116147161791961 -0.01142754383718173894 0.9999336326408824194 -0.001463405431901392993 0.4160457436362106076 0.002421053755268262261 0.001491165178633605546 0.9999959574543909602 -0.108397215653154938
0.9999118373114229685 0.01309578103607818116 -0.002195022448508224949 0.9936595664134906247 -0.01309868965922864927 0.9999133424783414048 -0.001316002660477857879 0.4021745732696272446 0.002177598150618337454 0.001344638555993185082 0.9999967250013612752 -0.1098033067307143673
0.9998806019103595455 0.01529257613876174385 -0.002217890533200421455 1.005107234808740424 -0.01529502181753909784 0.9998824302286505317 -0.001089966810859587746 0.3937614267369444754 0.002200961375873761346 0.001123759354998813331 0.9999969464623049697 -0.1089721625186713394
0.9998212580374317149 0.01874381449046788606 -0.002474145265409037706 1.024083887265246684 -0.01874702847807443659 0.9998234367383117549 -0.001282291711537553777 0.3984656317584537866 0.002449673384287362216 0.00132844538394996485 0.9999961171590479037 -0.1122062142634548121
0.9998106881154255055 0.01932610573433947432 -0.002256006938021971366 1.029768581372432212 -0.01932817924716165661 0.999812787363542399 -0.000900950239219533368 0.3728447504247409672 0.002238172725430702566 0.000944384185112767823 0.9999970493563278273 -0.111825464944575112
0.9997502053878656314 0.02220258395439072413 -0.002563609305009264053 1.072668695354245916 -0.02220570749753816506 0.999752706958136117 -0.001196446577584866101 0.3577946086957237704 0.00253641113668030653 0.00125307447004108165 0.9999959982034519745 -0.1115428715311851671
0.9996238326215868275 0.02731495977029030353 -0.002467028106286270599 1.133110573695063739 -0.02731718735885055316 0.9996264340976452889 -0.0008738009083587105043 0.3648684496279801515 0.002442238672046550142 0.000940864481960730463 0.9999965751162827043 -0.1026810247840881235
0.999481466977604871 0.03208034864482049026 -0.002765573922651916577 1.15542295261553396 -0.0320819790932870344 0.9994850910251730225 -0.0005472073276668751535 0.3663345401563476988 0.002746595301966041694 0.0006356486673648418248 0.9999960260746133534 -0.1008534859123726146
0.9992999391907549933 0.03728442727009854962 -0.003082696302592129525 1.20964473035882869 -0.03728272359669665414 0.9993045724316150791 0.0006083078820356476336 0.36805122914644961 0.003103232921583934639 -0.0004929507153453785559 0.9999950634603286259 -0.09896403491899395666
0.9990955391520180973 0.04235365635522036348 -0.003777755932067423505 1.253719227204404429 -0.04234699138485385761 0.9991012930299153494 0.001827179958962239868 0.3546961628476797967 0.00385174858856102793 -0.001665550748317801621 0.9999911949479931561 -0.1177260258041538665
0.9988779317707552341 0.0472018570517822797 -0.003855141014476731309 1.31737720911162226 -0.04719306133611788495 0.9988830422168244461 0.002341566438745057432 0.3442382937942116694 0.003961361269034268003 -0.002157003135081891638 0.9999898274254450659 -0.1126968817240862897
0.9985532091854434356 0.05361833195985771239 -0.004069754697095875895 1.37680557737082454 -0.05360430531809921156 0.9985561888513577733 0.00348082720275017703 0.3190051976908331866 0.004250514888343931777 -0.003257634800573284018 0.9999856603665324695 -0.1069464393666327007
0.9981266133217825409 0.06103574464672387179 -0.004231034649895808013 1.426851070046402548 -0.06101102887829634724 0.9981205677930510278 0.005743387823329140947 0.283726678222612827 0.004573634659697897904 -0.00547448845988321442 0.9999745555973422739 -0.1072337001764663844
0.9976434529976054844 0.0684666770191448143 -0.004455875780421851041 1.456406937996368667 -0.06843427413165646678 0.9976306589239514189 0.007058222087455733908 0.2550084560039888038 0.004928571302896753333 -0.006736654430699308589 0.9999651627291791245 -0.1134124138097364898
0.9968095308100576313 0.07970531715895864955 -0.004221575869586448836 1.559641373964061772 -0.07966961657675947217 0.9967888983839053862 0.008040164992867835508 0.2545790976373349945 0.004848863861256040575 -0.007678181763296385368 0.9999587661719181453 -0.118421002802739983
0.9957232392107657759 0.09233372734622775913 -0.003116679318209157178 1.694159333207039486 -0.09230230805056552357 0.9956899002933357057 0.009050214493908534732 0.255400326135527711 0.00393888615709940635 -0.008723832196902658181 0.9999541889144930584 -0.119741595175223231
0.9944102405227759345 0.1055647217460817799 -0.002088795372251391232 1.793632555025992392 -0.1055394653408243677 0.9943666294855727505 0.009819746487293182224 0.2333323305036971163 0.00311364721953884694 -0.009544406119508097933 0.9999496034865047456 -0.1191591505958495001
0.9928031035472748567 0.1197528725866141841 -0.001116733698440873024 1.922884981727690512 -0.1197360495968101818 0.9927561692515305403 0.009923045902179088509 0.1956812042622562697 0.002296957520133030908 -0.009717917486822521059 0.9999501417900144018 -0.1171187267829434386
0.9907816983132763378 0.1354625890240777342 -0.001230147289424387246 2.058213152877273355 -0.1354461937904846702 0.9907436690226429921 0.009017254527962264773 0.1669154287842086193 0.002440261283209432894 -0.008767511987183318131 0.999958587071696825 -0.1158527278048983034
0.9881604462831388158 0.1534118619762599167 -0.001932098984266353249 2.214278725908948253 -0.1533915665976121612 0.9881320682354961527 0.008126685755656072249 0.1337596039090774847 0.003155898958829959737 -0.007734101733093659732 0.9999651113774639111 -0.1215807938357779394
0.9849776657152821135 0.1726582678814773675 -0.002849662127682501059 2.377301728377465118 -0.1726349564679201809 0.9849607624218559287 0.007033370079531581567 0.111945494649380195 0.004021174877228176139 -0.006435761145687976352 0.9999712051509694888 -0.1221848178503191079
0.9813512401464257184 0.1921869173628846239 -0.003732593953805799294 2.562075884556293204 -0.1921582937511487066 0.9813395279512366898 0.006922501216407834536 0.06775671829694801529 0.004993356157883663618 -0.006076156268207792872 0.9999690728813991347 -0.1244178523258963887
0.9774695088291852629 0.2110453172255420118 -0.003637772175621200362 2.720148954388569962 -0.2110135378713770549 0.9774535086578742815 0.007610863775935560425 0.02545296154120516019 0.00516199033671163772 -0.006671768100081684923 0.9999644200501247582 -0.1293972375872397829
0.9737255375002733526 0.2277175962461210346 -0.001809414184872969221 2.901732523962965438 -0.227692822988410204 0.9736912575224891953 0.009017393406191315242 -0.05392020593683831409 0.003815229923911498799 -0.008368475617586058901 0.9999577054238172336 -0.1379685025575184132
0.9688266341155472583 0.2477395236925784283 -0.0002853575193397699453 3.134832931580859849 -0.2477261273358598581 0.9687850117543120865 0.009347022808073797082 -0.09750996951680188096 0.002592077066143629992 -0.008984954132975179336 0.9999562749119140781 -0.1357393296442874209
0.9645824634291697564 0.263779803882871533 0.00094143955105127576 3.366309171788795851 -0.2637775683392819537 0.9645425556959486002 0.008891158110348146987 -0.1783193133889073856 0.001437249432034992669 -0.008824585828332587659 0.9999600297007018579 -0.1408511234367088583
0.9606458207813728389 0.277770563391863845 0.0017666715170353872 3.589632072204373969 -0.2777761213805115537 0.9606219985975162912 0.006767732361197707422 -0.2643074823044232469 0.0001827733072953962212 -0.006992132970706943507 0.9999755380360252355 -0.142140226834879646
0.9565470692422675114 0.2915732066851191573 0.001664171681462979675 3.832939968001113584 -0.2915777458381037524 0.9565376502064519837 0.004259327351766015006 -0.33716722454645498 -0.0003499371354506650416 -0.004559482522843792685 0.9999895442769014542 -0.138734495244048267
0.9535769143759433852 0.3011446470199876657 0.001723351520065263993 4.050888771080762396 -0.301148891891375059 0.9535713438281924192 0.003322219482831868624 -0.4481907414228017972 -0.0006428700113966632655 -0.003686977203925427028 0.9999929964340981137 -0.1435497530532022503
0.9511747766730250797 0.3086458696694610038 0.002066726155761697444 4.281172243515938725 -0.3086506220438487991 0.9511718665295201269 0.002621799895857732793 -0.5558683305409871656 -0.001156604066224921692 -0.003131686243993979813 0.9999944273886245405 -0.150660973953246291
0.9488313913876976757 0.3157775473023746726 0.001879185191007146745 4.59823752665910046 -0.3157809344416639408 0.9488302026258145228 0.001909981205489700608 -0.6559981647937713767 -0.001179898485091570399 -0.002405660980334318501 0.9999964103109633129 -0.152002144826441199
0.9477292091404987406 0.3190694633502728084 0.002005916073437902843 4.878605520819393249 -0.319073803517166632 0.9477267080486583284 0.002448419968415155214 -0.7768676884305103503 -0.001119844191522878984 -0.002960474391397951641 0.999994990757636093 -0.1534917477036474298
0.9471748707570741832 0.3207108479864728134 0.002077544251605721679 5.231954769381684578 -0.3207157047802262073 0.9471716028098629003 0.00271873829527841766 -0.9109388467059128525 -0.001095862054569769675 -0.003241421662318479981 0.9999941461188482927 -0.1499302151630405866
0.9468765655501234502 0.3215866385037914887 0.002608361139587979643 5.564836593037862045 -0.3215954038551172012 0.9468673153252911145 0.004322428477119327241 -1.03644497590757334 -0.001079736665510620764 -0.004931643185336588402 0.9999872564509137973 -0.1576434402434532811
0.9469971188523308436 0.3212215625862536172 0.003628307460779651734 5.905409505842848183 -0.3212387759641165408 0.946978072049085795 0.006178986589448939339 -1.147054594270690231 -0.001451103876548134669 -0.007017035545157662528 0.9999743274253082292 -0.1722962884005123096
0.9474435644437741999 0.3198862881665033853 0.00484301942310622676 6.261333684361579444 -0.3199145190481033629 0.9474199247817910452 0.007084252161394153334 -1.269022234588187859 -0.002322217969212150325 -0.008261281348693439233 0.9999631785891824887 -0.180308699697260072
0.9486095519714816682 0.3164018943658977179 0.005455194784445355043 6.632468884546035781 -0.3164343654028036745 0.9485902967997219548 0.006763224788541133403 -1.396144488674436079 -0.003034847704560502627 -0.008141870736305073172 0.9999622491075967901 -0.1854651668494594896
0.9495350570864260487 0.3136019247478045724 0.006083433105571150849 7.056907212749230496 -0.3136379652687920072 0.9495216213816690676 0.006318011615867718048 -1.542504319383902756 -0.003795010662653738875 -0.0079071691014258004 0.9999615365457172889 -0.1935167125932354681
0.9502885886629104384 0.3113043785763804916 0.00641733092706262432 7.501903138077628874 -0.3113476614395296882 0.9502667115339755721 0.007470653688942285008 -1.704442664725310141 -0.003772528752689556768 -0.009097297927278846438 0.9999515024226087734 -0.2074678008645312044
0.9502055896001113666 0.3115303274677906908 0.007628404847393113232 7.942956882735716206 -0.3116023016843685323 0.9501425259427696002 0.011540623037649635 -1.804278639880388724 -0.003652817776514840319 -0.01334299302647038755 0.9999043061510372032 -0.2161679393393657056
0.9515108769492012231 0.3074744644214301159 0.009300794380954513843 8.401350190056938061 -0.3075940107276099456 0.9513647018980518899 0.01706248947058774251 -1.982933216835215173 -0.003602167661986610796 -0.01909601296568607179 0.9998111655092422057 -0.2272834678523015794
0.9524606548392603456 0.3044532391726692544 0.01126615020478808314 8.859954864213735348 -0.3046341033256960151 0.9522202168467051031 0.0217881095867245439 -2.115423677323795992 -0.004094395451903483189 -0.02418437069024944805 0.9996991308089649975 -0.245645531911750481
0.9534417552241033489 0.3013305855031416791 0.01219416399409017915 9.338884741221589181 -0.3015401584514071365 0.9531788355994940121 0.02288318610449538784 -2.245897770788988446 -0.004727815169951202212 -0.02549481526755029148 0.9996637745553212939 -0.2440147151358608157
0.9550926659940295327 0.2961095190800734356 0.0108236811937907941 9.813334487319703925 -0.2962836659420392538 0.9548402894267686847 0.02227130403345845 -2.403963376585728007 -0.003740141757108794707 -0.02447803908756365776 0.9996933714605016341 -0.2430345810748215651
0.9572164815008793459 0.2892663100922879815 0.007849164838950881476 10.30962835741881989 -0.289371159499174635 0.9569497723561405378 0.0226155972203682526 -2.551874854461690489 -0.0009693261473505398193 -0.02391934432886933665 0.9997134216232654857 -0.2505393970253386171
0.9591023009620694983 0.2830284343567819327 0.004204953604099719022 10.78910070187317061 -0.2830453793449364541 0.9587987856574428092 0.02429407033195523161 -2.71041460748024754 0.002844208280850136529 -0.02449069144311287471 0.9996960120516102943 -0.2605236209723076346
0.9618158370519752642 0.2736973651160169996 0.0002189167830057850634 11.30666035354994925 -0.2735931604712643628 0.9614269517031694967 0.02837250574229086691 -2.837363544139224203 0.007555007568042156584 -0.02734901949432621757 0.9995973954514616455 -0.2633470331213172977
0.9637327957579490123 0.2668601246639931701 -0.00218454683751671732 11.84159925991972351 -0.266659334945966775 0.9632676093702308151 0.03175392612473353776 -2.972990491868434226 0.01057815989394964885 -0.03001977019363030394 0.9994933296079467899 -0.2761437756753405415
0.9660629033297366552 0.258302169552165839 -0.001567167752392917886 12.37688032970452667 -0.258073580063951924 0.965430264316242015 0.03663921417342298065 -3.082559365672878471 0.01097697968910220714 -0.03499134102767622462 0.9993273297423571622 -0.3088804438702146826
0.9678434003309522859 0.2515528884849714264 -0.0005447299216743723294 12.94864299254767381 -0.2513534025341856992 0.9671576981681824225 0.03778166100782970327 -3.216390508721702624 0.0100309256954494979 -0.03642981154069421801 0.9992858696893506254 -0.3114609282512766919
0.9694159628201020062 0.2454216806473530632 -0.0009432379356543169188 13.51450416236211893 -0.2452159508900613183 0.96874704694721403 0.03739380242948505545 -3.35460867926393691 0.01009100880277300112 -0.03601885199837687179 0.9993001620344417191 -0.3085991511170919077
0.9704504823704082073 0.2412443512227510356 -0.005198487294968905104 14.10033887228957283 -0.2408921768198710456 0.9698365920872928925 0.03725511770870881118 -3.507190913716401681 0.01402926990352641387 -0.03490197203052730623 0.9992922655231323281 -0.3021715401020510505
0.9712586189156854344 0.2377415832894115566 -0.01164623359885401041 14.70278764224586254 -0.2371722343724499971 0.9707550380929476086 0.03720197924760810376 -3.671840564316819489 0.02015009738872107145 -0.03337057974029813273 0.9992399001155936045 -0.2805948456877251918
0.9715204540887139029 0.2364314754863459378 -0.01575324368530512525 15.31499258555582088 -0.2356608950484065101 0.9710146460574162752 0.03993118689664101884 -3.849856921730932413 0.0247376197772366628 -0.03508154131933132608 0.9990782429952205224 -0.2835906620582473447
0.9711999536166446845 0.2376937492321175849 -0.01650247469340464582 15.95663664239991419 -0.236884341666353776 0.9706975566947967371 0.04039878834878704583 -3.982060129602949416 0.02562145133136358582 -0.03532612351689780328 0.9990473493428344565 -0.2839277904752717241
0.9714924455311805263 0.23668346235383253 -0.01354130437026769898 16.61414166383731583 -0.2360046587438727472 0.9709559844150568164 0.03932273362542528655 -4.174272589855626769 0.02245505125878031333 -0.03500592773788365614 0.9991348035656527626 -0.275619007271135863
0.9714666785322801923 0.2371229395214050906 -0.005020363949692908424 17.2694143733744454 -0.2368110652485299061 0.9709281692989997214 0.03491431565346127947 -4.361034730159096817 0.01315339793801697556 -0.03272921652623353439 0.9993776996252533573 -0.2940794407893441709
0.9715103967334179913 0.236995418720934159 0.0008488487296353552014 17.99383711474173708 -0.2368759416111325955 0.9708937337522606237 0.03542804039788054887 -4.56184049414945747 0.007572141356051338701 -0.03461978142455027913 0.9993718694306941153 -0.3064804271780836586
0.9715629671938541545 0.2367457754863222241 -0.00410348228383940368 18.70453485595680121 -0.2364420516066064182 0.9709525260668472324 0.03669261991827899028 -4.713612171831876196 0.0126711092463422572 -0.03467895491199710079 0.9993181740950571879 -0.2668129047919389762
0.9718604152907727167 0.2350887143927869738 -0.01485360414153825796 19.43087317896485189 -0.2343749973133179842 0.9713676877237580332 0.03889956144459685156 -4.886064004063115362 0.02357315899978354792 -0.03432363050940870353 0.9991327211954498244 -0.2474537609130366134
0.9723606068312838913 0.2318821116676322014 -0.0273045155836363386 20.15376306069455836 -0.2306988131551132581 0.9721782152000761901 0.040590337510500972 -5.073839843554592832 0.03595702840223911206 -0.03316932587427715712 0.9988027272337248741 -0.2289936330627252992
0.9737705027530637603 0.22631774690871162 -0.02347946767305153504 20.89659670197912078 -0.2252429266130761554 0.9734279749686333139 0.04127470846949857219 -5.251909948754177826 0.03219676969545087752 -0.03490350960333452046 0.9988719202372985384 -0.2351451644635738358
0.9754937477093299503 0.2199266680542604768 -0.006648974248505599982 21.65315110566257317 -0.2195024248933985789 0.9748086716862918166 0.03958205491286832106 -5.422116964604518863 0.01518662720699000615 -0.03715258111838967009 0.9991942013794502531 -0.2570404752609676269
0.9773620863017929983 0.2115197113075991675 0.004771162138989188881 22.42096843928197103 -0.2115499577481591564 0.9766682357496891953 0.036956361486780262 -5.575674622614990028 0.003157156403900750891 -0.03712908571375556771 0.9993054905070329896 -0.2512580830710107183
0.9791652743765527633 0.2029619370914735599 0.006466648835894987096 23.19413323972930385 -0.2030625953856856902 0.9785047302474844111 0.03597325726879629926 -5.752797037887672715 0.0009735555039921934368 -0.03653689881988390897 0.9993318303818338189 -0.2121847854006567446
0.981064748469908543 0.193672198516873395 0.001743224402045140918 23.92738326928403936 -0.1936178986462687712 0.9804822473495765633 0.03415657998288055414 -5.9000132978557005 0.004905979359750063488 -0.0338473359950898986 0.9994149734782630246 -0.1988987471753858316
0.9828627639999368837 0.184327762004116269 -0.002015762128412329317 24.68017179391677018 -0.1841547047973162987 0.9823111460823084062 0.03393901859917382996 -6.05142076358357528 0.008236008949591817896 -0.03298618554812987602 0.9994218727442213401 -0.1927400364469018801
0.9848416477483376008 0.1734466153086992035 -0.001788993654357497014 25.44553211992825936 -0.1732890037715414666 0.9842943057161335219 0.03369927160431319263 -6.19044082825487596 0.00760592086508306113 -0.03287843324659334848 0.9994304170851732172 -0.2020959518270831756
0.9861683686249332892 0.1657302242582599783 0.00233270035462001743 26.19531618543664209 -0.1657155221873448381 0.9856128629855611667 0.03325131611802993603 -6.308038576904782424 0.003211608602118926244 -0.03317796082812199399 0.999444299841404038 -0.2072241820694841197
0.9871148446099872187 0.1598560169995618119 0.007094884046732721945 26.93439483166931581 -0.160003725176091266 0.9865717197250064574 0.03278795157702363988 -6.433819220950748985 -0.00175826061055711462 -0.03350068160320313071 0.9994371480247000727 -0.2175550791431715703
0.9880907465900315989 0.1536063967408821951 0.009041647163914539806 27.68115881316813187 -0.1538190681471411636 0.9875874706627933985 0.03179122621434129353 -6.55025772093684111 -0.004046081746476535949 -0.03280339418640965121 0.9994536340182829104 -0.2172886756872901559
0.9889747674618003526 0.1478509423162208958 0.008307116231482034735 28.42252591605942413 -0.1480312972203469968 0.9885635022788012982 0.02879126613283604016 -6.665740213341662113 -0.00395529608741405133 -0.0297035489205588199 0.9995509265737213545 -0.2128268390338434457
0.9897720473810437403 0.1425502448310295156 0.005542735944503495403 29.19262388799416641 -0.1426439492293337663 0.9894721119263016895 0.02444674760297480681 -6.779936751638906856 -0.001999492784731256821 -0.02498734517146335501 0.9996857679340472869 -0.2208221108440359126
0.9906432768913645548 0.1364302774566458765 0.003560525669317033369 29.93920982445055046 -0.1364758674138439321 0.9903926057950137585 0.02228954912512584943 -6.895048102140842516 -0.000485348924110474045 -0.02256691781491501972 0.9997452168711570275 -0.2209434616556806286
0.9914671885878245661 0.1303110447278821027 0.00344174021143462891 30.65881386040942047 -0.1303564877065823135 0.9911232062664584452 0.02611467236820955509 -6.996841482838743964 -8.158354465545840728e-06 -0.02634049395936200258 0.9996530289612581832 -0.2221816019368850759
0.9920694550393966971 0.1255722364606810526 0.00545983590386818398 31.41301142216497766 -0.1256799690645546974 0.9916192812543441759 0.02992902304704320518 -7.088110141949455212 -0.001655824195659950232 -0.03037786159163739438 0.9995371147543008483 -0.2304372733645613236
0.992696349733450556 0.1204701267068290921 0.00639576399840317833 32.11536820322838537 -0.1205868579990025807 0.9924356281164462557 0.02302897572718240818 -7.193828901814885768 -0.003573080437257656044 -0.02363202522754478951 0.9997143394389387261 -0.2375563707693354454
0.9932815598403148538 0.1156183709183626757 0.004912757614110072925 32.8413201786585347 -0.11568755029642247 0.9931309107275787529 0.0175323946973261896 -7.290771077281624102 -0.002851944530282388666 -0.0179829492462727121 0.9998342262339303677 -0.2300467559358441161
0.993833201140091882 0.1108376800479673185 0.003252228962123752867 33.56089567853474875 -0.1108814993251727166 0.9936163416416040617 0.02078121098869914127 -7.380464910721956429 -0.0009281266289515368315 -0.02101366946393555535 0.9997787576642249707 -0.2266827516719402136
0.9943480723618201012 0.1061250135409789186 0.00306471715819379726 34.2927606150274471 -0.106162118064780972 0.9942016126028410117 0.01711017784565775982 -7.456844824398165983 -0.001231128885288882086 -0.01733882922338104288 0.9998489132478117769 -0.2364404667085080181
0.9950579476581943306 0.0988743496437307634 0.009140228924454672776 34.99696180899812248 -0.09899581070950534689 0.9949899433165264595 0.01395858735485885384 -7.538775280758402531 -0.007714289612786357289 -0.01479444765798033565 0.999860797338442131 -0.2534080001044680674
0.9955463726840119154 0.09207227557166892951 0.02025131864252354558 35.71937364361907896 -0.09241050927481865573 0.9955850779348280888 0.0164514549226147562 -7.618088415022556958 -0.01864718775780997012 -0.01824962094282588446 0.9996595589120168546 -0.2724325893376242091
0.9956212504356721782 0.09009163717046221598 0.02493637088379963701 36.43707926285112109 -0.09062489583279170757 0.9956605014852653035 0.02114932711472702898 -7.670397192105712136 -0.02292278203456710878 -0.02331657552162979055 0.9994652987321469562 -0.2848823889042492175
0.9961700100580416217 0.0850331164066546602 0.02036369748188111492 37.12257089956247569 -0.08548410152565422138 0.9960875670565256801 0.02240596219230876762 -7.7720500033980775 -0.01837877708970036411 -0.02406091996545116005 0.9995415412493385832 -0.2767480120714258529
0.9965562158116760827 0.08216498777767743122 0.01116349007282779054 37.80274157441828464 -0.08237510508902778916 0.9964030013099025584 0.01988469366598335716 -7.839258205096482968 -0.009489509401630531055 -0.02073580874025628823 0.9997399539116178513 -0.2804094083463959386
0.9967800733550329362 0.07981883906224362946 0.007644494299217290643 38.52230786587036704 -0.07995930961372993417 0.9965917563408158708 0.02028250476700565325 -7.879310437917663279 -0.005999514016217500495 -0.02082844507599121084 0.9997650632560060036 -0.2881131402629263372
0.996916921672492351 0.07724793570088769878 0.01376254747469424743 39.20027637584992419 -0.07756531653057582854 0.9966922858445211864 0.02425095894052161499 -7.940250112944026384 -0.01184368838467447088 -0.02524368768573255137 0.9996111660428128598 -0.3221753112296009136
0.9969683798374043837 0.07403881919863343486 0.02392285217220064403 39.88862080980349845 -0.07474708694611370552 0.9967448672774158469 0.03020831920509357144 -8.002436473853546062 -0.02160839182935684125 -0.03190490256682779191 0.9992573014968417766 -0.3494647877931921776
0.9967045131134762981 0.0749531748966034278 0.03101830285730140455 40.61499077127722757 -0.07584927793937615292 0.9967033749411121635 0.02879703833855353987 -8.03801774713994277 -0.02875761769172405224 -0.0310548539509693175 0.9991038962344109819 -0.3581327441502603071
0.9965850929258361912 0.07560785171878678379 0.03319044013676687721 41.3161945480792312 -0.07647810460301107671 0.9967378618896132192 0.0257824396063137222 -8.105431133045998493 -0.03113281346639347816 -0.02823273692351255595 0.9991164399065178836 -0.372092387918643186
0.9966289917247314056 0.07595197731742657499 0.03101531872024355582 41.99587520482760539 -0.07671552757020395907 0.9967588690476696378 0.02421744834692219836 -8.157010744472525943 -0.02907543092321159678 -0.0265151676665203416 0.9992254826615691865 -0.389397954661798662
0.9969031482600611005 0.07430523200764266312 0.02574578578076272203 42.67113841675111985 -0.07503389345361589913 0.9967708699854291865 0.02859628615191336931 -8.236486927741612618 -0.02353779561407448942 -0.03043953424054139656 0.9992594292439020975 -0.3942208702620133565
0.9970532714053573775 0.07444366754598101543 0.01851794648923350481 43.33065850964388233 -0.07501060082295545051 0.9966665993424772552 0.03207958103344091955 -8.300244548381332521 -0.01606809708876248688 -0.03337409350687026849 0.9993137576049579973 -0.4057566852783502931
