1.000000e+00 0.000000e+00 0.000000e+00 0.000000e+00 0.000000e+00 1.000000e+00 0.000000e+00 0.000000e+00 0.000000e+00 0.000000e+00 1.000000e+00 0.000000e+00
9.999999e-01 -1.584968e-04 -3.779703e-04 1.493144e+00 1.582772e-04 9.999998e-01 -5.810359e-04 2.377678e-01 3.780623e-04 5.809760e-04 9.999998e-01 1.368900e+00
9.999972e-01 1.217369e-03 -2.011806e-03 1.672628e+00 -1.220382e-03 9.999981e-01 -1.496785e-03 2.371018e-01 2.009980e-03 1.499236e-03 9.999969e-01 1.353785e+00
9.999937e-01 2.327805e-03 -2.697259e-03 1.890795e+00 -2.330336e-03 9.999968e-01 -9.357591e-04 2.393734e-01 2.695072e-03 9.420387e-04 9.999959e-01 1.344539e+00
9.999927e-01 3.209652e-03 -2.083892e-03 2.131736e+00 -3.210769e-03 9.999947e-01 -5.328512e-04 2.400499e-01 2.082171e-03 5.395382e-04 9.999977e-01 1.339200e+00
9.999877e-01 4.667724e-03 -1.682824e-03 2.393450e+00 -4.670147e-03 9.999881e-01 -1.438792e-03 2.387922e-01 1.676088e-03 1.446633e-03 9.999975e-01 1.340447e+00
9.999808e-01 6.012722e-03 -1.506272e-03 2.672502e+00 -6.016225e-03 9.999792e-01 -2.331683e-03 2.360276e-01 1.492221e-03 2.340701e-03 9.999961e-01 1.340816e+00
9.999740e-01 7.181816e-03 -6.497832e-04 2.968407e+00 -7.183364e-03 9.999713e-01 -2.411345e-03 2.335846e-01 6.324467e-04 2.415950e-03 9.999969e-01 1.336728e+00
9.999650e-01 8.359559e-03 4.336870e-04 3.279806e+00 -8.358262e-03 9.999608e-01 -2.910965e-03 2.312550e-01 -4.580044e-04 2.907238e-03 9.999957e-01 1.335153e+00
9.999543e-01 9.290721e-03 2.245419e-03 3.605153e+00 -9.282500e-03 9.999503e-01 -3.644731e-03 2.273928e-01 -2.279170e-03 3.623721e-03 9.999908e-01 1.329155e+00
9.999372e-01 1.046661e-02 3.993473e-03 3.943187e+00 -1.045243e-02 9.999390e-01 -3.556934e-03 2.238063e-01 -4.030459e-03 3.514969e-03 9.999857e-01 1.323258e+00
9.999214e-01 1.167276e-02 4.565870e-03 4.290450e+00 -1.166301e-02 9.999297e-01 -2.157380e-03 2.209501e-01 -4.590732e-03 2.103958e-03 9.999872e-01 1.314690e+00
9.999115e-01 1.267582e-02 4.040303e-03 4.646425e+00 -1.266622e-02 9.999169e-01 -2.393137e-03 2.136652e-01 -4.070302e-03 2.341750e-03 9.999890e-01 1.310665e+00
9.998917e-01 1.434613e-02 3.281156e-03 5.013336e+00 -1.433297e-02 9.998893e-01 -4.002410e-03 2.040151e-01 -3.338212e-03 3.954948e-03 9.999866e-01 1.307167e+00
9.998713e-01 1.566603e-02 3.465765e-03 5.390798e+00 -1.564616e-02 9.998614e-01 -5.687850e-03 1.943629e-01 -3.554391e-03 5.632892e-03 9.999778e-01 1.303089e+00
9.998507e-01 1.691119e-02 3.547606e-03 5.777227e+00 -1.688662e-02 9.998340e-01 -6.843035e-03 1.834483e-01 -3.662741e-03 6.782106e-03 9.999703e-01 1.300179e+00
9.998268e-01 1.830411e-02 3.357500e-03 6.173629e+00 -1.827698e-02 9.998014e-01 -7.940946e-03 1.733615e-01 -3.502186e-03 7.878206e-03 9.999628e-01 1.293684e+00
9.997992e-01 1.985890e-02 2.675249e-03 6.579804e+00 -1.983584e-02 9.997681e-01 -8.387097e-03 1.626305e-01 -2.841187e-03 8.332347e-03 9.999612e-01 1.287304e+00
9.997707e-01 2.128346e-02 2.349239e-03 6.995949e+00 -2.126276e-02 9.997377e-01 -8.508680e-03 1.508792e-01 -2.529717e-03 8.456778e-03 9.999610e-01 1.279086e+00
9.997466e-01 2.230071e-02 3.062127e-03 7.421601e+00 -2.227278e-02 9.997126e-01 -8.872146e-03 1.377266e-01 -3.259102e-03 8.801696e-03 9.999560e-01 1.269731e+00
9.997288e-01 2.306015e-02 3.241422e-03 7.855262e+00 -2.302435e-02 9.996779e-01 -1.067784e-02 1.244058e-01 -3.486611e-03 1.060032e-02 9.999377e-01 1.261573e+00
9.996925e-01 2.457827e-02 3.282950e-03 8.297645e+00 -2.453648e-02 9.996243e-01 -1.221275e-02 1.094645e-01 -3.581885e-03 1.212844e-02 9.999200e-01 1.258578e+00
9.996593e-01 2.586805e-02 3.486480e-03 8.747522e+00 -2.581829e-02 9.995737e-01 -1.363104e-02 9.370136e-02 -3.837602e-03 1.353638e-02 9.999010e-01 1.254898e+00
9.996148e-01 2.748331e-02 3.854633e-03 9.204543e+00 -2.742990e-02 9.995354e-01 -1.328630e-02 7.722729e-02 -4.217994e-03 1.317545e-02 9.999043e-01 1.243578e+00
9.995534e-01 2.962958e-02 3.891996e-03 9.667275e+00 -2.957866e-02 9.994837e-01 -1.254647e-02 5.862435e-02 -4.261733e-03 1.242574e-02 9.999137e-01 1.235916e+00
9.994612e-01 3.271510e-02 2.669913e-03 1.013700e+01 -3.267516e-02 9.993702e-01 -1.383755e-02 3.839601e-02 -3.120928e-03 1.374286e-02 9.999007e-01 1.230293e+00
9.993304e-01 3.647693e-02 2.867919e-03 1.061440e+01 -3.643325e-02 9.992375e-01 -1.403954e-02 1.693061e-02 -3.377852e-03 1.392565e-02 9.998973e-01 1.224311e+00
9.991668e-01 4.072615e-02 2.672644e-03 1.109781e+01 -4.068413e-02 9.990705e-01 -1.424232e-02 -6.815304e-03 -3.250195e-03 1.412172e-02 9.998950e-01 1.218485e+00
9.989572e-01 4.561512e-02 1.919258e-03 1.158425e+01 -4.558636e-02 9.988755e-01 -1.302595e-02 -3.463308e-02 -2.511280e-03 1.292487e-02 9.999133e-01 1.209590e+00
9.986985e-01 5.099177e-02 1.071577e-03 1.207629e+01 -5.097650e-02 9.986362e-01 -1.127462e-02 -6.333842e-02 -1.645028e-03 1.120532e-02 9.999359e-01 1.207034e+00
9.983553e-01 5.732368e-02 7.884553e-04 1.257183e+01 -5.731414e-02 9.983146e-01 -9.112758e-03 -9.966418e-02 -1.309503e-03 9.052581e-03 9.999582e-01 1.203089e+00
9.978787e-01 6.510091e-02 -9.351415e-05 1.307261e+01 -6.509911e-02 9.978382e-01 -8.996870e-03 -1.390468e-01 -4.923924e-04 8.983872e-03 9.999595e-01 1.192070e+00
9.973619e-01 7.258937e-02 -2.039066e-04 1.357561e+01 -7.258785e-02 9.973133e-01 -9.856421e-03 -1.927580e-01 -5.121126e-04 9.845219e-03 9.999514e-01 1.184563e+00
9.967132e-01 8.101045e-02 1.164244e-04 1.408384e+01 -8.100468e-02 9.966574e-01 -1.059225e-02 -2.509457e-01 -9.741182e-04 1.054800e-02 9.999439e-01 1.182931e+00
9.958654e-01 9.083584e-02 9.275668e-04 1.459850e+01 -9.082282e-02 9.958207e-01 -9.607061e-03 -3.079720e-01 -1.796356e-03 9.483096e-03 9.999534e-01 1.178244e+00
9.948890e-01 1.009309e-01 2.960810e-03 1.511748e+01 -1.009121e-01 9.948777e-01 -5.932881e-03 -3.737766e-01 -3.544455e-03 5.603777e-03 9.999780e-01 1.165960e+00
9.937214e-01 1.117616e-01 5.207240e-03 1.564224e+01 -1.117459e-01 9.937316e-01 -3.219093e-03 -4.436586e-01 -5.534370e-03 2.616994e-03 9.999813e-01 1.155804e+00
9.923911e-01 1.228963e-01 7.510638e-03 1.616971e+01 -1.228842e-01 9.924189e-01 -2.050985e-03 -5.251153e-01 -7.705758e-03 1.112441e-03 9.999697e-01 1.146787e+00
9.908754e-01 1.345168e-01 8.432893e-03 1.670167e+01 -1.344982e-01 9.909100e-01 -2.743535e-03 -6.164646e-01 -8.725290e-03 1.584292e-03 9.999607e-01 1.135509e+00
9.891370e-01 1.467577e-01 8.377150e-03 1.723864e+01 -1.467290e-01 9.891689e-01 -3.940976e-03 -7.148111e-01 -8.864785e-03 2.668994e-03 9.999571e-01 1.121940e+00
9.872177e-01 1.591399e-01 8.702987e-03 1.778136e+01 -1.591228e-01 9.872553e-01 -2.621560e-03 -8.197428e-01 -9.009265e-03 1.203206e-03 9.999587e-01 1.118528e+00
9.851857e-01 1.712987e-01 8.114618e-03 1.832895e+01 -1.712823e-01 9.852183e-01 -2.679050e-03 -9.341611e-01 -8.453588e-03 1.249471e-03 9.999635e-01 1.109925e+00
9.829189e-01 1.838317e-01 8.731943e-03 1.888118e+01 -1.838201e-01 9.829576e-01 -2.123294e-03 -1.060679e+00 -8.973458e-03 4.819197e-04 9.999596e-01 1.093983e+00
9.804888e-01 1.962996e-01 1.040372e-02 1.944267e+01 -1.962892e-01 9.805440e-01 -2.024091e-03 -1.193882e+00 -1.059864e-02 -5.753938e-05 9.999438e-01 1.080975e+00
9.778238e-01 2.089486e-01 1.418312e-02 2.001503e+01 -2.089895e-01 9.779168e-01 1.448980e-03 -1.335390e+00 -1.356715e-02 -4.380971e-03 9.998984e-01 1.063983e+00
9.749353e-01 2.218057e-01 1.741726e-02 2.059457e+01 -2.218959e-01 9.750644e-01 3.407198e-03 -1.481753e+00 -1.622721e-02 -7.186615e-03 9.998425e-01 1.047317e+00
9.718784e-01 2.345930e-01 2.045938e-02 2.117791e+01 -2.347535e-01 9.720376e-01 5.797663e-03 -1.642878e+00 -1.852719e-02 -1.043753e-02 9.997739e-01 1.034774e+00
9.686752e-01 2.474232e-01 2.121687e-02 2.176492e+01 -2.475835e-01 9.688523e-01 5.250928e-03 -1.816803e+00 -1.925681e-02 -1.033939e-02 9.997611e-01 1.010345e+00
9.652777e-01 2.603085e-01 2.187284e-02 2.235822e+01 -2.604848e-01 9.654618e-01 5.591827e-03 -2.002568e+00 -1.966179e-02 -1.109521e-02 9.997451e-01 9.912705e-01
9.615276e-01 2.738165e-01 2.211815e-02 2.296200e+01 -2.740345e-01 9.616909e-01 7.457464e-03 -2.188025e+00 -1.922884e-02 -1.323169e-02 9.997275e-01 9.715909e-01
9.576988e-01 2.868780e-01 2.267159e-02 2.356918e+01 -2.871785e-01 9.578107e-01 1.127724e-02 -2.386298e+00 -1.847990e-02 -1.731099e-02 9.996794e-01 9.489230e-01
9.538078e-01 2.994986e-01 2.347840e-02 2.418692e+01 -2.998508e-01 9.538948e-01 1.319982e-02 -2.591413e+00 -1.844259e-02 -1.963011e-02 9.996372e-01 9.296637e-01
9.498772e-01 3.113622e-01 2.805230e-02 2.481210e+01 -3.119015e-01 9.499551e-01 1.739848e-02 -2.812221e+00 -2.123120e-02 -2.527597e-02 9.994550e-01 9.031076e-01
9.459319e-01 3.228620e-01 3.119351e-02 2.543998e+01 -3.234959e-01 9.460604e-01 1.789343e-02 -3.047185e+00 -2.373383e-02 -2.701694e-02 9.993532e-01 8.817846e-01
9.420433e-01 3.338559e-01 3.308601e-02 2.607166e+01 -3.345971e-01 9.421480e-01 2.004784e-02 -3.290616e+00 -2.447883e-02 -2.995642e-02 9.992514e-01 8.555059e-01
9.380626e-01 3.444857e-01 3.698864e-02 2.670924e+01 -3.454947e-01 9.380748e-01 2.547568e-02 -3.542272e+00 -2.592211e-02 -3.667716e-02 9.989909e-01 8.324634e-01
9.338355e-01 3.554774e-01 3.983871e-02 2.735489e+01 -3.567168e-01 9.337313e-01 2.998200e-02 -3.798937e+00 -2.654073e-02 -4.220940e-02 9.987562e-01 8.105475e-01
9.297764e-01 3.661359e-01 3.821491e-02 2.799966e+01 -3.673651e-01 9.295104e-01 3.245461e-02 -4.069007e+00 -2.363836e-02 -4.421435e-02 9.987424e-01 7.925905e-01
9.260230e-01 3.758792e-01 3.458803e-02 2.864038e+01 -3.769789e-01 9.255937e-01 3.410737e-02 -4.355081e+00 -1.919421e-02 -4.462317e-02 9.988195e-01 7.726303e-01
9.223591e-01 3.851445e-01 3.028954e-02 2.928435e+01 -3.860599e-01 9.218195e-01 3.473724e-02 -4.642460e+00 -1.454263e-02 -4.373378e-02 9.989374e-01 7.617208e-01
9.190179e-01 3.932751e-01 2.721836e-02 2.993848e+01 -3.940765e-01 9.183363e-01 3.690708e-02 -4.928602e+00 -1.048098e-02 -4.464438e-02 9.989480e-01 7.444887e-01
9.162537e-01 3.996310e-01 2.782426e-02 3.059624e+01 -4.004506e-01 9.155903e-01 3.651842e-02 -5.230386e+00 -1.088173e-02 -4.460238e-02 9.989456e-01 7.201349e-01
9.138854e-01 4.046823e-01 3.233706e-02 3.125689e+01 -4.056750e-01 9.133619e-01 3.460887e-02 -5.538144e+00 -1.552984e-02 -4.474688e-02 9.988776e-01 6.987089e-01
9.119466e-01 4.087084e-01 3.620400e-02 3.192378e+01 -4.098137e-01 9.116269e-01 3.144979e-02 -5.850453e+00 -2.015075e-02 -4.351743e-02 9.988494e-01 6.797356e-01
9.105208e-01 4.118842e-01 3.610085e-02 3.259155e+01 -4.128858e-01 9.103896e-01 2.676116e-02 -6.161511e+00 -2.184334e-02 -3.927212e-02 9.989898e-01 6.647925e-01
9.092480e-01 4.146800e-01 3.617562e-02 3.325464e+01 -4.157188e-01 9.090506e-01 2.837168e-02 -6.482699e+00 -2.112030e-02 -4.083578e-02 9.989426e-01 6.500584e-01
9.081358e-01 4.172172e-01 3.491667e-02 3.391640e+01 -4.182096e-01 9.078989e-01 2.864159e-02 -6.803178e+00 -1.975105e-02 -4.061294e-02 9.989797e-01 6.300273e-01
9.068800e-01 4.197232e-01 3.742981e-02 3.459454e+01 -4.209180e-01 9.064839e-01 3.339142e-02 -7.121584e+00 -1.991437e-02 -4.603690e-02 9.987412e-01 6.068558e-01
9.057081e-01 4.219612e-01 4.051545e-02 3.527507e+01 -4.233692e-01 9.052188e-01 3.657118e-02 -7.443295e+00 -2.124373e-02 -5.027581e-02 9.985094e-01 5.878636e-01
9.049090e-01 4.238440e-01 3.867855e-02 3.594892e+01 -4.250977e-01 9.045265e-01 3.352259e-02 -7.779126e+00 -2.077742e-02 -4.677706e-02 9.986892e-01 5.693799e-01
9.039750e-01 4.260644e-01 3.603207e-02 3.662876e+01 -4.271875e-01 9.035556e-01 3.313627e-02 -8.105086e+00 -1.843879e-02 -4.534681e-02 9.988011e-01 5.452640e-01
9.033059e-01 4.277003e-01 3.333024e-02 3.730605e+01 -4.286871e-01 9.028775e-01 3.224341e-02 -8.440578e+00 -1.630260e-02 -4.341391e-02 9.989242e-01 5.337043e-01
9.027716e-01 4.287513e-01 3.429087e-02 3.798849e+01 -4.298279e-01 9.022255e-01 3.517219e-02 -8.773723e+00 -1.585798e-02 -4.649163e-02 9.987928e-01 5.010935e-01
9.022855e-01 4.296555e-01 3.573486e-02 3.867610e+01 -4.307722e-01 9.018341e-01 3.362483e-02 -9.108474e+00 -1.777982e-02 -4.573278e-02 9.987955e-01 4.768677e-01
9.019218e-01 4.300702e-01 3.970868e-02 3.936693e+01 -4.314244e-01 9.014250e-01 3.613883e-02 -9.449135e+00 -2.025216e-02 -4.972569e-02 9.985576e-01 4.600933e-01
9.018370e-01 4.304136e-01 3.787123e-02 4.005425e+01 -4.315655e-01 9.015651e-01 3.052273e-02 -9.797681e+00 -2.100598e-02 -4.387044e-02 9.988164e-01 4.428590e-01
9.017356e-01 4.307173e-01 3.681757e-02 4.074917e+01 -4.317921e-01 9.015068e-01 2.900031e-02 -1.013642e+01 -2.070036e-02 -4.204815e-02 9.989011e-01 4.300949e-01
9.016276e-01 4.309129e-01 3.717261e-02 4.144562e+01 -4.320294e-01 9.013507e-01 3.029156e-02 -1.048014e+01 -2.045253e-02 -4.337137e-02 9.988496e-01 4.107336e-01
9.014887e-01 4.311317e-01 3.799478e-02 4.214323e+01 -4.322846e-01 9.012273e-01 3.032183e-02 -1.082777e+01 -2.116923e-02 -4.375934e-02 9.988178e-01 3.889364e-01
9.013659e-01 4.313420e-01 3.851787e-02 4.285847e+01 -4.324697e-01 9.012090e-01 2.814731e-02 -1.117216e+01 -2.257154e-02 -4.202884e-02 9.988614e-01 3.652414e-01
9.013106e-01 4.313084e-01 4.015245e-02 4.356800e+01 -4.325408e-01 9.011272e-01 2.963445e-02 -1.152075e+01 -2.340088e-02 -4.407742e-02 9.987540e-01 3.382224e-01
9.013018e-01 4.312853e-01 4.059556e-02 4.428894e+01 -4.325823e-01 9.010421e-01 3.155452e-02 -1.187574e+01 -2.296931e-02 -4.600107e-02 9.986773e-01 3.130159e-01
9.014701e-01 4.310668e-01 3.915327e-02 4.501102e+01 -4.322977e-01 9.011789e-01 3.154789e-02 -1.223194e+01 -2.168485e-02 -4.536535e-02 9.987351e-01 2.913980e-01
9.015916e-01 4.309188e-01 3.796791e-02 4.574334e+01 -4.321076e-01 9.012506e-01 3.210012e-02 -1.258635e+01 -2.038606e-02 -4.534742e-02 9.987632e-01 2.592625e-01
9.017697e-01 4.305407e-01 3.802791e-02 4.647595e+01 -4.317660e-01 9.013532e-01 3.377181e-02 -1.294711e+01 -1.973644e-02 -4.687355e-02 9.987058e-01 2.314851e-01
9.019922e-01 4.299358e-01 3.956396e-02 4.722349e+01 -4.312977e-01 9.014556e-01 3.687892e-02 -1.331145e+01 -1.980959e-02 -5.032834e-02 9.985362e-01 2.123718e-01
9.022247e-01 4.295077e-01 3.890555e-02 4.797285e+01 -4.308314e-01 9.016899e-01 3.660105e-02 -1.367797e+01 -1.936031e-02 -4.978411e-02 9.985723e-01 1.889455e-01
9.024603e-01 4.291297e-01 3.759077e-02 4.872569e+01 -4.303762e-01 9.019341e-01 3.593268e-02 -1.404458e+01 -1.848462e-02 -4.860599e-02 9.986470e-01 1.679236e-01
9.028569e-01 4.283949e-01 3.643202e-02 4.947743e+01 -4.295835e-01 9.023171e-01 3.580251e-02 -1.442269e+01 -1.753563e-02 -4.797514e-02 9.986946e-01 1.511525e-01
9.032213e-01 4.277849e-01 3.451756e-02 5.023846e+01 -4.288585e-01 9.027201e-01 3.430551e-02 -1.479055e+01 -1.648431e-02 -4.578861e-02 9.988151e-01 1.358376e-01
9.035798e-01 4.270480e-01 3.425786e-02 5.100296e+01 -4.281147e-01 9.030624e-01 3.458449e-02 -1.515829e+01 -1.616775e-02 -4.591614e-02 9.988145e-01 1.162713e-01
9.039284e-01 4.262618e-01 3.484880e-02 5.176353e+01 -4.273501e-01 9.034382e-01 3.422569e-02 -1.553769e+01 -1.689463e-02 -4.583020e-02 9.988064e-01 9.119093e-02
9.041935e-01 4.256340e-01 3.563297e-02 5.252823e+01 -4.267235e-01 9.038060e-01 3.227528e-02 -1.591255e+01 -1.846783e-02 -4.438853e-02 9.988436e-01 6.889061e-02
9.044740e-01 4.250142e-01 3.591228e-02 5.329757e+01 -4.260440e-01 9.042511e-01 2.857330e-02 -1.628742e+01 -2.032966e-02 -4.114402e-02 9.989464e-01 4.397352e-02
9.049475e-01 4.238246e-01 3.798262e-02 5.406536e+01 -4.249289e-01 9.047922e-01 2.804442e-02 -1.666700e+01 -2.248046e-02 -4.151864e-02 9.988848e-01 1.512573e-02
9.051552e-01 4.231528e-01 4.044466e-02 5.483761e+01 -4.243776e-01 9.050295e-01 2.872629e-02 -1.703517e+01 -2.444801e-02 -4.316556e-02 9.987688e-01 -5.762405e-03
9.052798e-01 4.228649e-01 4.066590e-02 5.560837e+01 -4.240447e-01 9.052519e-01 2.655453e-02 -1.741056e+01 -2.558391e-02 -4.128344e-02 9.988199e-01 -3.407529e-02
9.055070e-01 4.222602e-01 4.187283e-02 5.638122e+01 -4.234972e-01 9.055003e-01 2.681926e-02 -1.778466e+01 -2.659116e-02 -4.201806e-02 9.987629e-01 -5.160871e-02
9.056556e-01 4.219077e-01 4.221123e-02 5.715686e+01 -4.231468e-01 9.056773e-01 2.636947e-02 -1.815714e+01 -2.710427e-02 -4.174321e-02 9.987607e-01 -8.900905e-02
9.059535e-01 4.212124e-01 4.275932e-02 5.793439e+01 -4.224693e-01 9.059990e-01 2.618245e-02 -1.852574e+01 -2.771153e-02 -4.178458e-02 9.987423e-01 -1.168108e-01
9.061898e-01 4.207369e-01 4.243279e-02 5.871532e+01 -4.219505e-01 9.062710e-01 2.511384e-02 -1.889018e+01 -2.788929e-02 -4.066245e-02 9.987836e-01 -1.473131e-01
9.065069e-01 4.200209e-01 4.275083e-02 5.949261e+01 -4.212863e-01 9.065403e-01 2.650412e-02 -1.926126e+01 -2.762306e-02 -4.203651e-02 9.987341e-01 -1.693061e-01
9.067853e-01 4.195448e-01 4.150431e-02 6.027601e+01 -4.207244e-01 9.068372e-01 2.524526e-02 -1.962395e+01 -2.704614e-02 -4.035390e-02 9.988193e-01 -1.945517e-01
9.070614e-01 4.190764e-01 4.018196e-02 6.105234e+01 -4.201610e-01 9.071414e-01 2.364964e-02 -1.999929e+01 -2.653971e-02 -3.833456e-02 9.989125e-01 -2.250156e-01
9.072033e-01 4.187718e-01 4.015453e-02 6.183322e+01 -4.198359e-01 9.073105e-01 2.292345e-02 -2.037247e+01 -2.683294e-02 -3.765455e-02 9.989305e-01 -2.528629e-01
9.073418e-01 4.185973e-01 3.882295e-02 6.262034e+01 -4.195226e-01 9.075343e-01 1.954993e-02 -2.074038e+01 -2.704961e-02 -3.402558e-02 9.990548e-01 -2.824565e-01
9.073905e-01 4.183446e-01 4.037715e-02 6.340923e+01 -4.193656e-01 9.075734e-01 2.104820e-02 -2.110630e+01 -2.783983e-02 -3.603173e-02 9.989628e-01 -3.090884e-01
9.073934e-01 4.181489e-01 4.229382e-02 6.419176e+01 -4.192172e-01 9.076591e-01 2.029293e-02 -2.149099e+01 -2.990291e-02 -3.614397e-02 9.988991e-01 -3.437326e-01
9.070545e-01 4.187589e-01 4.351047e-02 6.498528e+01 -4.197353e-01 9.075053e-01 1.601499e-02 -2.186747e+01 -3.277956e-02 -3.278935e-02 9.989246e-01 -3.842450e-01
9.066556e-01 4.193646e-01 4.592240e-02 6.577786e+01 -4.203821e-01 9.072250e-01 1.488872e-02 -2.224516e+01 -3.541815e-02 -3.280390e-02 9.988340e-01 -4.193740e-01
9.064172e-01 4.198644e-01 4.606253e-02 6.656982e+01 -4.208943e-01 9.069840e-01 1.510010e-02 -2.262401e+01 -3.543798e-02 -3.307445e-02 9.988244e-01 -4.573588e-01
9.062841e-01 4.203892e-01 4.384155e-02 6.736306e+01 -4.213861e-01 9.067351e-01 1.628325e-02 -2.300490e+01 -3.290737e-02 -3.323147e-02 9.989058e-01 -4.945141e-01
9.061414e-01 4.206928e-01 4.387830e-02 6.816188e+01 -4.218640e-01 9.063990e-01 2.171754e-02 -2.337815e+01 -3.063484e-02 -3.818984e-02 9.988008e-01 -5.227781e-01
9.060119e-01 4.210173e-01 4.343713e-02 6.896183e+01 -4.222134e-01 9.062019e-01 2.310766e-02 -2.375811e+01 -2.963408e-02 -3.927556e-02 9.987889e-01 -5.498331e-01
9.058821e-01 4.213169e-01 4.323928e-02 6.976164e+01 -4.225165e-01 9.060509e-01 2.348729e-02 -2.415038e+01 -2.928140e-02 -3.954603e-02 9.987886e-01 -5.814640e-01
9.057414e-01 4.215644e-01 4.377200e-02 7.057265e+01 -4.228579e-01 9.058237e-01 2.597286e-02 -2.453004e+01 -2.870049e-02 -4.203403e-02 9.987039e-01 -6.110047e-01
9.055393e-01 4.219395e-01 4.433677e-02 7.138197e+01 -4.233458e-01 9.055011e-01 2.908713e-02 -2.491422e+01 -2.787399e-02 -4.510933e-02 9.985931e-01 -6.459402e-01
9.053864e-01 4.222494e-01 4.450869e-02 7.219551e+01 -4.237051e-01 9.052836e-01 3.058634e-02 -2.530115e+01 -2.737793e-02 -4.655101e-02 9.985407e-01 -6.756122e-01
9.052850e-01 4.224603e-01 4.456948e-02 7.301352e+01 -4.238393e-01 9.053121e-01 2.775395e-02 -2.569678e+01 -2.862435e-02 -4.401553e-02 9.986207e-01 -7.060521e-01
9.050117e-01 4.228112e-01 4.673887e-02 7.383731e+01 -4.242448e-01 9.051629e-01 2.639015e-02 -2.609066e+01 -3.114824e-02 -4.371212e-02 9.985585e-01 -7.405948e-01
9.049614e-01 4.226260e-01 4.931560e-02 7.466324e+01 -4.241606e-01 9.052137e-01 2.599755e-02 -2.648929e+01 -3.365392e-02 -4.444451e-02 9.984448e-01 -7.732083e-01
9.049149e-01 4.226054e-01 5.033577e-02 7.549182e+01 -4.241049e-01 9.053029e-01 2.370067e-02 -2.688904e+01 -3.555308e-02 -4.279473e-02 9.984511e-01 -8.075072e-01
9.050430e-01 4.223302e-01 5.034195e-02 7.632187e+01 -4.237488e-01 9.055256e-01 2.145517e-02 -2.729016e+01 -3.652476e-02 -4.075020e-02 9.985016e-01 -8.478339e-01
9.050768e-01 4.222135e-01 5.071236e-02 7.715086e+01 -4.236259e-01 9.055966e-01 2.087842e-02 -2.769845e+01 -3.710979e-02 -4.037964e-02 9.984950e-01 -8.810520e-01
9.051168e-01 4.221294e-01 5.069775e-02 7.798373e+01 -4.235932e-01 9.055782e-01 2.229177e-02 -2.810139e+01 -3.650077e-02 -4.165188e-02 9.984652e-01 -9.251931e-01
9.051999e-01 4.220004e-01 5.028793e-02 7.882481e+01 -4.235780e-01 9.054867e-01 2.599103e-02 -2.849735e+01 -3.456682e-02 -4.482794e-02 9.983965e-01 -9.557988e-01
9.052880e-01 4.219116e-01 4.943907e-02 7.966956e+01 -4.235543e-01 9.054033e-01 2.909614e-02 -2.889054e+01 -3.248630e-02 -4.728051e-02 9.983532e-01 -9.936633e-01
9.053725e-01 4.216655e-01 4.998784e-02 8.051484e+01 -4.234472e-01 9.053343e-01 3.259259e-02 -2.929415e+01 -3.151253e-02 -5.067565e-02 9.982179e-01 -1.036877e+00
9.052568e-01 4.218589e-01 5.044918e-02 8.136141e+01 -4.236271e-01 9.052907e-01 3.144510e-02 -2.970498e+01 -3.240577e-02 -4.983753e-02 9.982315e-01 -1.079685e+00
9.051359e-01 4.219128e-01 5.214052e-02 8.221306e+01 -4.238080e-01 9.051620e-01 3.268818e-02 -3.011464e+01 -3.340406e-02 -5.168481e-02 9.981046e-01 -1.116305e+00
9.048667e-01 4.224702e-01 5.229897e-02 8.307113e+01 -4.244133e-01 9.048345e-01 3.388007e-02 -3.051766e+01 -3.300859e-02 -5.285333e-02 9.980566e-01 -1.152745e+00
9.046610e-01 4.231283e-01 5.050647e-02 8.392461e+01 -4.249436e-01 9.046247e-01 3.281781e-02 -3.093614e+01 -3.180326e-02 -5.115139e-02 9.981844e-01 -1.196533e+00
9.044604e-01 4.237576e-01 4.879388e-02 8.478039e+01 -4.253604e-01 9.045658e-01 2.879529e-02 -3.135614e+01 -3.193505e-02 -4.679918e-02 9.983937e-01 -1.232196e+00
9.041363e-01 4.243120e-01 4.996827e-02 8.564617e+01 -4.259255e-01 9.043417e-01 2.745171e-02 -3.177006e+01 -3.354030e-02 -4.610285e-02 9.983735e-01 -1.267227e+00
9.037365e-01 4.249218e-01 5.197879e-02 8.651043e+01 -4.266174e-01 9.040255e-01 2.711905e-02 -3.219583e+01 -3.546668e-02 -4.668353e-02 9.982799e-01 -1.298893e+00
9.033747e-01 4.255879e-01 5.281254e-02 8.737819e+01 -4.272297e-01 9.038087e-01 2.458693e-02 -3.261889e+01 -3.726853e-02 -4.477429e-02 9.983017e-01 -1.338840e+00
9.030079e-01 4.262573e-01 5.367848e-02 8.824880e+01 -4.278241e-01 9.036031e-01 2.163115e-02 -3.305038e+01 -3.928361e-02 -4.249804e-02 9.983240e-01 -1.381423e+00
9.027033e-01 4.266710e-01 5.548553e-02 8.912335e+01 -4.283128e-01 9.033733e-01 2.155796e-02 -3.347786e+01 -4.092599e-02 -4.322561e-02 9.982267e-01 -1.427767e+00
9.024901e-01 4.269869e-01 5.651431e-02 9.000453e+01 -4.287322e-01 9.031398e-01 2.296203e-02 -3.389541e+01 -4.123584e-02 -4.495251e-02 9.981377e-01 -1.471920e+00
9.023946e-01 4.270181e-01 5.778950e-02 9.087946e+01 -4.289824e-01 9.029142e-01 2.683385e-02 -3.432500e+01 -4.072042e-02 -4.900540e-02 9.979681e-01 -1.515788e+00
9.021505e-01 4.272944e-01 5.953095e-02 9.176434e+01 -4.295181e-01 9.025258e-01 3.100479e-02 -3.475204e+01 -4.048004e-02 -5.354061e-02 9.977448e-01 -1.562340e+00
9.018660e-01 4.278282e-01 6.000699e-02 9.265008e+01 -4.300759e-01 9.022616e-01 3.096162e-02 -3.518232e+01 -4.089575e-02 -5.373080e-02 9.977177e-01 -1.608755e+00
9.017152e-01 4.280409e-01 6.075088e-02 9.353656e+01 -4.303808e-01 9.020725e-01 3.221279e-02 -3.562446e+01 -4.101331e-02 -5.519277e-02 9.976330e-01 -1.648833e+00
9.016567e-01 4.283413e-01 5.948976e-02 9.443038e+01 -4.306701e-01 9.018806e-01 3.368473e-02 -3.605909e+01 -3.922410e-02 -5.599253e-02 9.976604e-01 -1.693248e+00
9.016975e-01 4.285321e-01 5.746207e-02 9.532219e+01 -4.308183e-01 9.017370e-01 3.558019e-02 -3.649566e+01 -3.656842e-02 -5.683828e-02 9.977135e-01 -1.734671e+00
9.016236e-01 4.289416e-01 5.553325e-02 9.621952e+01 -4.310819e-01 9.016518e-01 3.453178e-02 -3.693149e+01 -3.525954e-02 -5.507404e-02 9.978595e-01 -1.783673e+00
9.011964e-01 4.294594e-01 5.839239e-02 9.712536e+01 -4.318374e-01 9.012079e-01 3.661687e-02 -3.736568e+01 -3.689823e-02 -5.821501e-02 9.976219e-01 -1.826229e+00
9.009818e-01 4.298368e-01 5.892452e-02 9.802920e+01 -4.320822e-01 9.012538e-01 3.234956e-02 -3.780956e+01 -3.920092e-02 -5.460661e-02 9.977381e-01 -1.872698e+00
9.009294e-01 4.296441e-01 6.109091e-02 9.893504e+01 -4.320658e-01 9.012110e-01 3.373341e-02 -3.825241e+01 -4.056244e-02 -5.678672e-02 9.975620e-01 -1.916477e+00
9.009253e-01 4.296880e-01 6.084189e-02 9.984391e+01 -4.321235e-01 9.011571e-01 3.442579e-02 -3.869782e+01 -4.003575e-02 -5.730628e-02 9.975536e-01 -1.960035e+00
9.011229e-01 4.294394e-01 5.965979e-02 1.007491e+02 -4.318785e-01 9.012022e-01 3.627030e-02 -3.914823e+01 -3.818964e-02 -5.844978e-02 9.975596e-01 -2.000708e+00
9.013332e-01 4.294476e-01 5.633081e-02 1.016655e+02 -4.316480e-01 9.013638e-01 3.497465e-02 -3.959166e+01 -3.575477e-02 -5.583890e-02 9.977994e-01 -2.045259e+00
9.016843e-01 4.291340e-01 5.300384e-02 1.025752e+02 -4.310832e-01 9.017103e-01 3.294971e-02 -4.005715e+01 -3.365427e-02 -5.255931e-02 9.980506e-01 -2.090775e+00
9.018459e-01 4.287521e-01 5.334333e-02 1.034951e+02 -4.307447e-01 9.018445e-01 3.369782e-02 -4.050864e+01 -3.365938e-02 -5.336760e-02 9.980075e-01 -2.124405e+00
9.018488e-01 4.287652e-01 5.318957e-02 1.044171e+02 -4.306198e-01 9.020372e-01 2.992517e-02 -4.096429e+01 -3.514810e-02 -4.989246e-02 9.981359e-01 -2.165189e+00
9.019405e-01 4.285016e-01 5.375565e-02 1.053435e+02 -4.303666e-01 9.021743e-01 2.942856e-02 -4.141755e+01 -3.588678e-02 -4.967745e-02 9.981204e-01 -2.208931e+00
9.021897e-01 4.282089e-01 5.187334e-02 1.062687e+02 -4.299256e-01 9.024353e-01 2.782956e-02 -4.186429e+01 -3.489547e-02 -4.740922e-02 9.982658e-01 -2.249764e+00
9.025773e-01 4.276165e-01 4.998427e-02 1.071952e+02 -4.291961e-01 9.028254e-01 2.640100e-02 -4.232067e+01 -3.383756e-02 -4.528200e-02 9.984010e-01 -2.290045e+00
9.027195e-01 4.270696e-01 5.204771e-02 1.081307e+02 -4.288846e-01 9.028463e-01 3.043920e-02 -4.276883e+01 -3.399143e-02 -4.980052e-02 9.981806e-01 -2.330771e+00
9.029824e-01 4.264859e-01 5.227415e-02 1.090694e+02 -4.282702e-01 9.031780e-01 2.922643e-02 -4.322278e+01 -3.474820e-02 -4.877841e-02 9.982050e-01 -2.369998e+00
9.033695e-01 4.256361e-01 5.251191e-02 1.100084e+02 -4.274143e-01 9.035994e-01 2.872632e-02 -4.367930e+01 -3.522277e-02 -4.839482e-02 9.982070e-01 -2.409858e+00
9.036479e-01 4.249990e-01 5.287989e-02 1.109498e+02 -4.267508e-01 9.039511e-01 2.749909e-02 -4.413514e+01 -3.611375e-02 -4.741603e-02 9.982222e-01 -2.455851e+00
9.038670e-01 4.243811e-01 5.408469e-02 1.118944e+02 -4.261389e-01 9.042802e-01 2.613349e-02 -4.459252e+01 -3.781715e-02 -4.666879e-02 9.981943e-01 -2.499274e+00
9.041241e-01 4.236801e-01 5.527027e-02 1.128355e+02 -4.254278e-01 9.046615e-01 2.446844e-02 -4.505797e+01 -3.963410e-02 -4.563601e-02 9.981716e-01 -2.541734e+00
9.043541e-01 4.229972e-01 5.671921e-02 1.137847e+02 -4.248066e-01 9.049564e-01 2.435751e-02 -4.551471e+01 -4.102525e-02 -4.612251e-02 9.980930e-01 -2.595330e+00
9.043192e-01 4.229849e-01 5.736271e-02 1.147452e+02 -4.248045e-01 9.049698e-01 2.388918e-02 -4.596624e+01 -4.180676e-02 -4.597138e-02 9.980675e-01 -2.650688e+00
9.044205e-01 4.227290e-01 5.765208e-02 1.156995e+02 -4.245012e-01 9.051487e-01 2.246164e-02 -4.642946e+01 -4.268852e-02 -4.478814e-02 9.980840e-01 -2.699197e+00
9.044604e-01 4.225386e-01 5.841604e-02 1.166522e+02 -4.242955e-01 9.052726e-01 2.132785e-02 -4.689999e+01 -4.387060e-02 -4.407586e-02 9.980645e-01 -2.754876e+00
9.042503e-01 4.229267e-01 5.885986e-02 1.176137e+02 -4.246571e-01 9.051270e-01 2.028476e-02 -4.736396e+01 -4.469669e-02 -4.333776e-02 9.980601e-01 -2.803406e+00
9.043037e-01 4.229698e-01 5.771806e-02 1.185762e+02 -4.246233e-01 9.051568e-01 1.965411e-02 -4.782723e+01 -4.393080e-02 -4.228172e-02 9.981394e-01 -2.857799e+00
9.041809e-01 4.232681e-01 5.745421e-02 1.195410e+02 -4.249945e-01 9.049385e-01 2.158659e-02 -4.828656e+01 -4.285561e-02 -4.393591e-02 9.981147e-01 -2.914855e+00
9.042112e-01 4.233298e-01 5.651488e-02 1.205079e+02 -4.249840e-01 9.049606e-01 2.085283e-02 -4.875608e+01 -4.231612e-02 -4.287329e-02 9.981840e-01 -2.969013e+00
9.041107e-01 4.234281e-01 5.738072e-02 1.214781e+02 -4.251828e-01 9.048322e-01 2.232351e-02 -4.922060e+01 -4.246752e-02 -4.458021e-02 9.981028e-01 -3.016018e+00
9.038764e-01 4.239435e-01 5.726618e-02 1.224520e+02 -4.256823e-01 9.046037e-01 2.206103e-02 -4.968702e+01 -4.245057e-02 -4.431764e-02 9.981152e-01 -3.066891e+00
9.038579e-01 4.240786e-01 5.655266e-02 1.234263e+02 -4.257842e-01 9.045568e-01 2.201969e-02 -5.015934e+01 -4.181701e-02 -4.398190e-02 9.981568e-01 -3.111064e+00
9.036856e-01 4.242841e-01 5.775194e-02 1.244056e+02 -4.261043e-01 9.043700e-01 2.345370e-02 -5.063104e+01 -4.227809e-02 -4.580312e-02 9.980554e-01 -3.165707e+00
9.034367e-01 4.246576e-01 5.889011e-02 1.253834e+02 -4.265221e-01 9.041781e-01 2.325702e-02 -5.110406e+01 -4.337088e-02 -4.612918e-02 9.979935e-01 -3.211709e+00
9.032963e-01 4.248757e-01 5.946718e-02 1.263630e+02 -4.267429e-01 9.040879e-01 2.270659e-02 -5.158379e+01 -4.411608e-02 -4.588797e-02 9.979720e-01 -3.262083e+00
9.032074e-01 4.251986e-01 5.850273e-02 1.273457e+02 -4.269775e-01 9.040022e-01 2.168594e-02 -5.206265e+01 -4.366576e-02 -4.456625e-02 9.980517e-01 -3.313353e+00
9.032076e-01 4.253488e-01 5.739662e-02 1.283292e+02 -4.270571e-01 9.039765e-01 2.118378e-02 -5.253277e+01 -4.287470e-02 -4.364499e-02 9.981267e-01 -3.366246e+00
9.031335e-01 4.254880e-01 5.753133e-02 1.293222e+02 -4.271895e-01 9.039208e-01 2.088803e-02 -5.300544e+01 -4.311616e-02 -4.344146e-02 9.981252e-01 -3.420745e+00
9.030626e-01 4.254856e-01 5.865166e-02 1.303117e+02 -4.272186e-01 9.039162e-01 2.049051e-02 -5.348459e+01 -4.429777e-02 -4.356129e-02 9.980682e-01 -3.478483e+00
9.032255e-01 4.251197e-01 5.879638e-02 1.313012e+02 -4.267675e-01 9.041729e-01 1.846270e-02 -5.397259e+01 -4.531324e-02 -4.176837e-02 9.980993e-01 -3.529699e+00
9.032547e-01 4.251322e-01 5.825351e-02 1.322915e+02 -4.267542e-01 9.041806e-01 1.839373e-02 -5.444919e+01 -4.485192e-02 -4.147416e-02 9.981324e-01 -3.585156e+00
9.032634e-01 4.252064e-01 5.757464e-02 1.332829e+02 -4.268849e-01 9.040777e-01 2.031859e-02 -5.492968e+01 -4.341236e-02 -4.293079e-02 9.981344e-01 -3.634092e+00
9.032544e-01 4.254581e-01 5.582940e-02 1.342782e+02 -4.270545e-01 9.040017e-01 2.013386e-02 -5.541048e+01 -4.190376e-02 -4.202819e-02 9.982373e-01 -3.687635e+00
9.031443e-01 4.255940e-01 5.656872e-02 1.352749e+02 -4.273445e-01 9.037949e-01 2.305201e-02 -5.589110e+01 -4.131573e-02 -4.499363e-02 9.981325e-01 -3.745121e+00
9.030445e-01 4.257438e-01 5.703348e-02 1.362732e+02 -4.275414e-01 9.036856e-01 2.367721e-02 -5.637779e+01 -4.145992e-02 -4.576575e-02 9.980915e-01 -3.797278e+00
9.029584e-01 4.259810e-01 5.662438e-02 1.372716e+02 -4.277394e-01 9.036049e-01 2.317680e-02 -5.686612e+01 -4.129319e-02 -4.514817e-02 9.981265e-01 -3.850326e+00
9.028942e-01 4.262091e-01 5.592636e-02 1.382651e+02 -4.279757e-01 9.034675e-01 2.415052e-02 -5.735693e+01 -4.023448e-02 -4.574048e-02 9.981428e-01 -3.902920e+00
9.027907e-01 4.266971e-01 5.383791e-02 1.392674e+02 -4.283357e-01 9.033196e-01 2.328547e-02 -5.783683e+01 -3.869700e-02 -4.408260e-02 9.982782e-01 -3.945914e+00
9.027624e-01 4.267798e-01 5.365665e-02 1.402665e+02 -4.283936e-01 9.033034e-01 2.284781e-02 -5.832626e+01 -3.871724e-02 -4.361230e-02 9.982980e-01 -3.997550e+00
9.024232e-01 4.270942e-01 5.677032e-02 1.412739e+02 -4.288827e-01 9.030485e-01 2.372673e-02 -5.880820e+01 -4.113281e-02 -4.575937e-02 9.981053e-01 -4.041027e+00
9.023269e-01 4.271650e-01 5.776038e-02 1.422784e+02 -4.289920e-01 9.030011e-01 2.355588e-02 -5.929599e+01 -4.209544e-02 -4.603384e-02 9.980525e-01 -4.096651e+00
9.023815e-01 4.271425e-01 5.706887e-02 1.432768e+02 -4.290839e-01 9.028568e-01 2.713993e-02 -5.978965e+01 -3.993240e-02 -4.897790e-02 9.980013e-01 -4.144244e+00
9.023873e-01 4.273081e-01 5.572139e-02 1.442855e+02 -4.293813e-01 9.025425e-01 3.238467e-02 -6.027929e+01 -3.645269e-02 -5.314924e-02 9.979210e-01 -4.199647e+00
9.023839e-01 4.274704e-01 5.451900e-02 1.452880e+02 -4.295287e-01 9.024215e-01 3.377290e-02 -6.077206e+01 -3.476220e-02 -5.389359e-02 9.979414e-01 -4.253254e+00
9.022154e-01 4.279286e-01 5.370661e-02 1.462960e+02 -4.298179e-01 9.024111e-01 3.017952e-02 -6.126323e+01 -3.555076e-02 -5.031249e-02 9.981006e-01 -4.297467e+00
9.020692e-01 4.282840e-01 5.332853e-02 1.473052e+02 -4.300537e-01 9.023883e-01 2.737183e-02 -6.176076e+01 -3.640012e-02 -4.762541e-02 9.982018e-01 -4.339023e+00
9.020245e-01 4.285500e-01 5.192948e-02 1.483088e+02 -4.301816e-01 9.023862e-01 2.535602e-02 -6.226234e+01 -3.599412e-02 -4.521086e-02 9.983288e-01 -4.377684e+00
9.018121e-01 4.289517e-01 5.230030e-02 1.493178e+02 -4.306062e-01 9.021791e-01 2.551790e-02 -6.275534e+01 -3.623829e-02 -4.553319e-02 9.983053e-01 -4.425290e+00
9.015813e-01 4.291772e-01 5.438814e-02 1.503299e+02 -4.309367e-01 9.020148e-01 2.574568e-02 -6.324515e+01 -3.800944e-02 -4.664967e-02 9.981879e-01 -4.470049e+00
9.013588e-01 4.295810e-01 5.488634e-02 1.513457e+02 -4.312950e-01 9.018925e-01 2.397029e-02 -6.373688e+01 -3.920439e-02 -4.527803e-02 9.982048e-01 -4.516320e+00
9.014379e-01 4.295693e-01 5.366566e-02 1.523525e+02 -4.312169e-01 9.019376e-01 2.367554e-02 -6.423264e+01 -3.823279e-02 -4.448357e-02 9.982783e-01 -4.561963e+00
9.016060e-01 4.295041e-01 5.131139e-02 1.533633e+02 -4.310727e-01 9.019883e-01 2.436063e-02 -6.472793e+01 -3.581928e-02 -4.408263e-02 9.983855e-01 -4.604163e+00
9.017480e-01 4.292949e-01 5.056149e-02 1.543782e+02 -4.308815e-01 9.020388e-01 2.582711e-02 -6.522419e+01 -3.452098e-02 -4.507556e-02 9.983869e-01 -4.657673e+00
9.018342e-01 4.288536e-01 5.272273e-02 1.553896e+02 -4.306483e-01 9.020576e-01 2.888033e-02 -6.571606e+01 -3.517351e-02 -4.875022e-02 9.981915e-01 -4.704126e+00
9.019705e-01 4.283530e-01 5.443234e-02 1.564076e+02 -4.302868e-01 9.021805e-01 3.039224e-02 -6.621240e+01 -3.608919e-02 -5.083442e-02 9.980548e-01 -4.751217e+00
9.022549e-01 4.277143e-01 5.474150e-02 1.574227e+02 -4.296104e-01 9.025504e-01 2.894263e-02 -6.671178e+01 -3.702779e-02 -4.963115e-02 9.980810e-01 -4.794046e+00
9.023630e-01 4.272009e-01 5.692484e-02 1.584380e+02 -4.291977e-01 9.027538e-01 2.872114e-02 -6.721496e+01 -3.911942e-02 -5.034891e-02 9.979653e-01 -4.842278e+00
9.024955e-01 4.266479e-01 5.893637e-02 1.594554e+02 -4.287022e-01 9.030230e-01 2.763792e-02 -6.771415e+01 -4.142924e-02 -5.020925e-02 9.978791e-01 -4.888807e+00
9.025798e-01 4.263281e-01 5.995036e-02 1.604796e+02 -4.283818e-01 9.032112e-01 2.642890e-02 -6.820165e+01 -4.288045e-02 -4.953584e-02 9.978514e-01 -4.947854e+00
9.028492e-01 4.257385e-01 6.008363e-02 1.614998e+02 -4.277471e-01 9.035458e-01 2.524642e-02 -6.870051e+01 -4.353995e-02 -4.849431e-02 9.978740e-01 -5.001917e+00
9.030223e-01 4.253592e-01 6.016893e-02 1.625277e+02 -4.273895e-01 9.037034e-01 2.565646e-02 -6.919304e+01 -4.346166e-02 -4.888392e-02 9.978584e-01 -5.053751e+00
9.033897e-01 4.245138e-01 6.062325e-02 1.635480e+02 -4.267109e-01 9.039227e-01 2.900823e-02 -6.968707e+01 -4.248434e-02 -5.207434e-02 9.977391e-01 -5.109177e+00
9.036298e-01 4.239362e-01 6.108431e-02 1.645761e+02 -4.262781e-01 9.040309e-01 3.186150e-02 -7.017917e+01 -4.171486e-02 -5.482991e-02 9.976240e-01 -5.157672e+00
9.038306e-01 4.236620e-01 6.000600e-02 1.655982e+02 -4.259300e-01 9.042076e-01 3.149903e-02 -7.067622e+01 -4.091294e-02 -5.402815e-02 9.977009e-01 -5.211629e+00
9.040647e-01 4.232758e-01 5.919878e-02 1.666203e+02 -4.254475e-01 9.044789e-01 3.020351e-02 -7.117926e+01 -4.075963e-02 -5.249191e-02 9.977892e-01 -5.263501e+00
9.041789e-01 4.227400e-01 6.124897e-02 1.676455e+02 -4.250219e-01 9.046777e-01 3.024261e-02 -7.167719e+01 -4.262581e-02 -5.337688e-02 9.976642e-01 -5.316465e+00
9.040366e-01 4.227780e-01 6.306026e-02 1.686827e+02 -4.250893e-01 9.046958e-01 2.871472e-02 -7.216334e+01 -4.491040e-02 -5.276540e-02 9.975965e-01 -5.376617e+00
9.039459e-01 4.227207e-01 6.472233e-02 1.697154e+02 -4.252574e-01 9.045172e-01 3.169803e-02 -7.265593e+01 -4.514305e-02 -5.617695e-02 9.973997e-01 -5.422885e+00
9.039238e-01 4.228982e-01 6.386569e-02 1.707463e+02 -4.253880e-01 9.044549e-01 3.172254e-02 -7.315167e+01 -4.434824e-02 -5.584246e-02 9.974542e-01 -5.477339e+00
9.036810e-01 4.233119e-01 6.455747e-02 1.717818e+02 -4.258875e-01 9.041827e-01 3.276291e-02 -7.364913e+01 -4.450282e-02 -5.710144e-02 9.973760e-01 -5.540147e+00
9.035643e-01 4.235028e-01 6.493833e-02 1.728162e+02 -4.260330e-01 9.041669e-01 3.127528e-02 -7.414122e+01 -4.546992e-02 -5.592510e-02 9.973991e-01 -5.598239e+00
9.034765e-01 4.237506e-01 6.454127e-02 1.738487e+02 -4.261829e-01 9.041523e-01 2.961145e-02 -7.464457e+01 -4.580726e-02 -5.425964e-02 9.974756e-01 -5.654743e+00
9.031444e-01 4.243566e-01 6.520502e-02 1.748835e+02 -4.267490e-01 9.039373e-01 2.797576e-02 -7.515589e+01 -4.706955e-02 -5.309232e-02 9.974797e-01 -5.713484e+00
9.025200e-01 4.255014e-01 6.637863e-02 1.759203e+02 -4.278595e-01 9.034725e-01 2.595535e-02 -7.565806e+01 -4.892723e-02 -5.182595e-02 9.974569e-01 -5.770741e+00
9.019469e-01 4.268089e-01 6.577247e-02 1.769522e+02 -4.289323e-01 9.030733e-01 2.180932e-02 -7.616964e+01 -5.008895e-02 -4.788278e-02 9.975963e-01 -5.830660e+00
9.014805e-01 4.279278e-01 6.488985e-02 1.779904e+02 -4.299962e-01 9.025741e-01 2.152337e-02 -7.667378e+01 -4.935745e-02 -4.730529e-02 9.976603e-01 -5.893262e+00
9.012814e-01 4.287901e-01 6.189419e-02 1.790229e+02 -4.307274e-01 9.022211e-01 2.170082e-02 -7.718835e+01 -4.653715e-02 -4.621807e-02 9.978468e-01 -5.954022e+00
9.013593e-01 4.290692e-01 5.874631e-02 1.800567e+02 -4.308767e-01 9.021422e-01 2.201537e-02 -7.770053e+01 -4.355141e-02 -4.515618e-02 9.980302e-01 -6.017337e+00
9.013380e-01 4.292634e-01 5.764370e-02 1.810870e+02 -4.309867e-01 9.021092e-01 2.120137e-02 -7.820737e+01 -4.289993e-02 -4.395327e-02 9.981121e-01 -6.066446e+00
9.011630e-01 4.294800e-01 5.875524e-02 1.821411e+02 -4.311204e-01 9.021101e-01 1.823706e-02 -7.871525e+01 -4.517125e-02 -4.176515e-02 9.981058e-01 -6.124462e+00
9.010398e-01 4.292346e-01 6.232978e-02 1.831817e+02 -4.310357e-01 9.021470e-01 1.841164e-02 -7.923275e+01 -4.832772e-02 -4.345598e-02 9.978858e-01 -6.180397e+00
9.009401e-01 4.288685e-01 6.617213e-02 1.842295e+02 -4.308701e-01 9.022140e-01 1.899610e-02 -7.974846e+01 -5.155460e-02 -4.562594e-02 9.976274e-01 -6.238193e+00
9.009300e-01 4.284784e-01 6.878501e-02 1.852750e+02 -4.304246e-01 9.024886e-01 1.578080e-02 -8.026713e+01 -5.531596e-02 -4.382415e-02 9.975067e-01 -6.302507e+00
9.007177e-01 4.283992e-01 7.198488e-02 1.863260e+02 -4.304169e-01 9.025127e-01 1.456370e-02 -8.077459e+01 -5.872819e-02 -4.410129e-02 9.972994e-01 -6.372238e+00
9.006817e-01 4.283386e-01 7.279064e-02 1.873766e+02 -4.304652e-01 9.024689e-01 1.579790e-02 -8.128079e+01 -5.892444e-02 -4.556273e-02 9.972221e-01 -6.442109e+00
9.012961e-01 4.280605e-01 6.655545e-02 1.884184e+02 -4.298126e-01 9.028097e-01 1.399182e-02 -8.179334e+01 -5.409756e-02 -4.121714e-02 9.976846e-01 -6.509575e+00
9.019399e-01 4.273589e-01 6.219978e-02 1.894607e+02 -4.291713e-01 9.030272e-01 1.881100e-02 -8.231177e+01 -4.812904e-02 -4.366075e-02 9.978864e-01 -6.571667e+00
9.022538e-01 4.270245e-01 5.990136e-02 1.905098e+02 -4.287484e-01 9.032229e-01 1.905734e-02 -8.282665e+01 -4.596634e-02 -4.287717e-02 9.980224e-01 -6.638200e+00
9.023163e-01 4.266942e-01 6.129675e-02 1.915665e+02 -4.283744e-01 9.034435e-01 1.688706e-02 -8.334249e+01 -4.817254e-02 -4.149543e-02 9.979767e-01 -6.705060e+00
9.021679e-01 4.267595e-01 6.300312e-02 1.926282e+02 -4.284080e-01 9.034637e-01 1.482918e-02 -8.385614e+01 -5.059254e-02 -4.036946e-02 9.979032e-01 -6.762312e+00
9.023160e-01 4.266091e-01 6.189036e-02 1.936827e+02 -4.281375e-01 9.036154e-01 1.332602e-02 -8.437102e+01 -5.024008e-02 -3.852186e-02 9.979940e-01 -6.817986e+00
9.025415e-01 4.264520e-01 5.964565e-02 1.947364e+02 -4.278451e-01 9.037683e-01 1.230770e-02 -8.488641e+01 -4.865721e-02 -3.662731e-02 9.981437e-01 -6.874177e+00
9.026352e-01 4.262797e-01 5.945789e-02 1.957972e+02 -4.277723e-01 9.037698e-01 1.452482e-02 -8.539927e+01 -4.754461e-02 -3.854505e-02 9.981251e-01 -6.937300e+00
9.027380e-01 4.261018e-01 5.917206e-02 1.968598e+02 -4.275497e-01 9.038862e-01 1.382175e-02 -8.590715e+01 -4.759533e-02 -3.777642e-02 9.981521e-01 -7.001565e+00
9.027802e-01 4.258628e-01 6.024008e-02 1.979253e+02 -4.274600e-01 9.038912e-01 1.608203e-02 -8.641852e+01 -4.760174e-02 -4.026876e-02 9.980544e-01 -7.060083e+00
9.028938e-01 4.257277e-01 5.948738e-02 1.989876e+02 -4.273608e-01 9.039117e-01 1.750245e-02 -8.692515e+01 -4.632007e-02 -4.122543e-02 9.980756e-01 -7.117416e+00
