1.000000e+00 0.000000e+00 0.000000e+00 0.000000e+00 0.000000e+00 1.000000e+00 0.000000e+00 0.000000e+00 0.000000e+00 0.000000e+00 1.000000e+00 0.000000e+00
9.999117e-01 -1.327410e-02 5.907006e-04 1.419147e+00 1.327321e-02 9.999108e-01 1.491076e-03 2.636459e-01 -6.104406e-04 -1.483104e-03 9.999987e-01 1.371214e+00
9.986801e-01 -5.135332e-02 -9.083661e-04 1.994792e+00 5.135886e-02 9.986497e-01 7.808636e-03 3.309045e-01 5.061402e-04 -7.844982e-03 9.999691e-01 1.349519e+00
9.971205e-01 -7.579099e-02 -2.528797e-03 2.592897e+00 7.581434e-02 9.970615e-01 1.097647e-02 3.983363e-01 1.689449e-03 -1.113659e-02 9.999366e-01 1.338501e+00
9.960986e-01 -8.809338e-02 -5.217832e-03 3.214511e+00 8.814588e-02 9.960483e-01 1.087096e-02 4.620490e-01 4.239553e-03 -1.128848e-02 9.999273e-01 1.311335e+00
9.956619e-01 -9.280226e-02 -6.715792e-03 3.860846e+00 9.287039e-02 9.956211e-01 1.066360e-02 5.293365e-01 5.696778e-03 -1.124104e-02 9.999206e-01 1.305461e+00
9.963167e-01 -8.532733e-02 -8.497377e-03 4.531971e+00 8.542500e-02 9.962737e-01 1.188436e-02 5.930161e-01 7.451653e-03 -1.256648e-02 9.998933e-01 1.295404e+00
9.963050e-01 -8.534611e-02 -9.608050e-03 5.226929e+00 8.546704e-02 9.962566e-01 1.296953e-02 6.492313e-01 8.465184e-03 -1.374278e-02 9.998697e-01 1.291791e+00
9.960974e-01 -8.771980e-02 -9.752557e-03 5.943833e+00 8.783911e-02 9.960554e-01 1.256314e-02 7.033373e-01 8.612051e-03 -1.337076e-02 9.998735e-01 1.289172e+00
9.959919e-01 -8.886552e-02 -1.014859e-02 6.683197e+00 8.900094e-02 9.959362e-01 1.377769e-02 7.574307e-01 8.882983e-03 -1.462570e-02 9.998536e-01 1.284387e+00
9.964360e-01 -8.371453e-02 -1.035234e-02 7.445583e+00 8.385493e-02 9.963801e-01 1.396562e-02 8.162549e-01 9.145741e-03 -1.478394e-02 9.998489e-01 1.287853e+00
9.968866e-01 -7.801206e-02 -1.145709e-02 8.231523e+00 7.818227e-02 9.968225e-01 1.524645e-02 8.741062e-01 1.023128e-02 -1.609472e-02 9.998181e-01 1.276409e+00
9.970568e-01 -7.558328e-02 -1.284484e-02 9.039701e+00 7.579677e-02 9.969777e-01 1.703603e-02 9.310049e-01 1.151838e-02 -1.795948e-02 9.997724e-01 1.268745e+00
9.971490e-01 -7.411845e-02 -1.415610e-02 9.872440e+00 7.437862e-02 9.970522e-01 1.883228e-02 9.860948e-01 1.271855e-02 -1.983150e-02 9.997224e-01 1.265638e+00
9.974517e-01 -6.955665e-02 -1.587548e-02 1.073054e+01 6.989589e-02 9.973134e-01 2.192045e-02 1.035841e+00 1.430812e-02 -2.297422e-02 9.996337e-01 1.257607e+00
9.979365e-01 -6.178188e-02 -1.748540e-02 1.161383e+01 6.220034e-02 9.977630e-01 2.449554e-02 1.078270e+00 1.593290e-02 -2.553259e-02 9.995470e-01 1.245169e+00
9.985364e-01 -5.055757e-02 -1.921006e-02 1.252414e+01 5.105111e-02 9.983540e-01 2.613404e-02 1.112845e+00 1.785717e-02 -2.707649e-02 9.994739e-01 1.233919e+00
9.990505e-01 -3.840529e-02 -2.057124e-02 1.346017e+01 3.896787e-02 9.988569e-01 2.768309e-02 1.137190e+00 1.948455e-02 -2.845842e-02 9.994051e-01 1.233858e+00
9.994422e-01 -2.595619e-02 -2.101155e-02 1.442195e+01 2.654562e-02 9.992476e-01 2.827750e-02 1.146298e+00 2.026177e-02 -2.881949e-02 9.993793e-01 1.240564e+00
9.997049e-01 -1.370410e-02 -2.005868e-02 1.540680e+01 1.425753e-02 9.995142e-01 2.771302e-02 1.142377e+00 1.966916e-02 -2.799083e-02 9.994146e-01 1.245051e+00
9.998385e-01 7.008591e-04 -1.795598e-02 1.641377e+01 -1.915780e-04 9.995981e-01 2.834880e-02 1.124070e+00 1.796863e-02 -2.834078e-02 9.994368e-01 1.239497e+00
9.997394e-01 1.657722e-02 -1.569704e-02 1.743753e+01 -1.608221e-02 9.993852e-01 3.115313e-02 1.093508e+00 1.620382e-02 -3.089257e-02 9.993914e-01 1.245910e+00
9.992862e-01 3.459809e-02 -1.516591e-02 1.847505e+01 -3.410004e-02 9.989075e-01 3.195276e-02 1.042339e+00 1.625485e-02 -3.141279e-02 9.993743e-01 1.256301e+00
9.984217e-01 5.406338e-02 -1.520531e-02 1.952622e+01 -5.354099e-02 9.980240e-01 3.288701e-02 9.690211e-01 1.695325e-02 -3.202100e-02 9.993434e-01 1.268330e+00
9.973608e-01 7.109058e-02 -1.474928e-02 2.059139e+01 -7.056214e-02 9.969381e-01 3.369629e-02 8.772532e-01 1.709961e-02 -3.256662e-02 9.993233e-01 1.263999e+00
9.960258e-01 8.813041e-02 -1.286865e-02 2.165961e+01 -8.763314e-02 9.955336e-01 3.511801e-02 7.682482e-01 1.590613e-02 -3.385072e-02 9.993003e-01 1.260804e+00
9.941434e-01 1.075661e-01 -1.041322e-02 2.273539e+01 -1.070985e-01 9.935160e-01 3.815702e-02 6.402302e-01 1.445010e-02 -3.681831e-02 9.992175e-01 1.267940e+00
9.916652e-01 1.285366e-01 -8.860790e-03 2.381122e+01 -1.280701e-01 9.909079e-01 4.122545e-02 4.926137e-01 1.407921e-02 -3.974704e-02 9.991106e-01 1.283126e+00
9.885735e-01 1.504636e-01 -9.114093e-03 2.488511e+01 -1.499344e-01 9.877357e-01 4.356346e-02 3.192885e-01 1.555703e-02 -4.169916e-02 9.990091e-01 1.295841e+00
9.849801e-01 1.723007e-01 -1.125358e-02 2.595452e+01 -1.716618e-01 9.841847e-01 4.373495e-02 1.196256e-01 1.861117e-02 -4.114625e-02 9.989798e-01 1.317244e+00
9.808003e-01 1.945675e-01 -1.319951e-02 2.702239e+01 -1.937845e-01 9.799687e-01 4.592228e-02 -1.063111e-01 2.187009e-02 -4.248273e-02 9.988578e-01 1.331345e+00
9.763054e-01 2.159472e-01 -1.394636e-02 2.808778e+01 -2.151004e-01 9.754824e-01 4.654028e-02 -3.554883e-01 2.365467e-02 -4.243766e-02 9.988191e-01 1.350630e+00
9.712104e-01 2.378836e-01 -1.272018e-02 2.915217e+01 -2.370749e-01 9.703861e-01 4.632848e-02 -6.308877e-01 2.336427e-02 -4.197906e-02 9.988453e-01 1.378656e+00
9.655677e-01 2.598757e-01 -1.198063e-02 3.021011e+01 -2.591085e-01 9.647955e-01 4.508280e-02 -9.317907e-01 2.327478e-02 -4.042621e-02 9.989114e-01 1.404287e+00
9.593743e-01 2.819133e-01 -1.121646e-02 3.125776e+01 -2.811280e-01 9.585480e-01 4.639868e-02 -1.254275e+00 2.383192e-02 -4.136044e-02 9.988600e-01 1.432933e+00
9.527408e-01 3.035749e-01 -1.127716e-02 3.229483e+01 -3.027434e-01 9.518923e-01 4.740669e-02 -1.601526e+00 2.512613e-02 -4.175220e-02 9.988120e-01 1.455174e+00
9.457686e-01 3.246079e-01 -1.230507e-02 3.332183e+01 -3.237291e-01 9.449863e-01 4.690738e-02 -1.972431e+00 2.685463e-02 -4.038002e-02 9.988234e-01 1.483241e+00
9.384216e-01 3.452013e-01 -1.417522e-02 3.433893e+01 -3.442431e-01 9.377271e-01 4.652607e-02 -2.367659e+00 2.935335e-02 -3.878135e-02 9.988165e-01 1.511756e+00
9.310666e-01 3.645522e-01 -1.471822e-02 3.534190e+01 -3.635037e-01 9.303393e-01 4.831039e-02 -2.778967e+00 3.130460e-02 -3.963007e-02 9.987239e-01 1.547043e+00
9.235627e-01 3.831143e-01 -1.598007e-02 3.633562e+01 -3.820224e-01 9.229205e-01 4.771474e-02 -3.209026e+00 3.302853e-02 -3.796281e-02 9.987332e-01 1.585039e+00
9.154221e-01 4.021634e-01 -1.633824e-02 3.731805e+01 -4.010054e-01 9.147715e-01 4.886554e-02 -3.657368e+00 3.459768e-02 -3.818087e-02 9.986717e-01 1.617839e+00
9.071874e-01 4.204497e-01 -1.526427e-02 3.828987e+01 -4.192688e-01 9.064665e-01 5.032082e-02 -4.123002e+00 3.499392e-02 -3.925059e-02 9.986165e-01 1.658135e+00
8.987012e-01 4.382887e-01 -1.546830e-02 3.924937e+01 -4.370952e-01 8.980208e-01 5.006537e-02 -4.604556e+00 3.583394e-02 -3.823269e-02 9.986262e-01 1.695195e+00
8.899846e-01 4.556974e-01 -1.635143e-02 4.019228e+01 -4.544684e-01 8.893707e-01 4.978188e-02 -5.103385e+00 3.722795e-02 -3.687389e-02 9.986263e-01 1.738970e+00
8.812588e-01 4.723056e-01 -1.761534e-02 4.112242e+01 -4.710287e-01 8.807247e-01 4.955673e-02 -5.615540e+00 3.892019e-02 -3.537497e-02 9.986160e-01 1.781427e+00
8.726553e-01 4.879806e-01 -1.864593e-02 4.204055e+01 -4.866675e-01 8.721926e-01 4.934266e-02 -6.145929e+00 4.034110e-02 -3.398476e-02 9.986078e-01 1.820103e+00
8.642836e-01 5.026098e-01 -1.993056e-02 4.294524e+01 -5.012699e-01 8.639143e-01 4.879111e-02 -6.689248e+00 4.174118e-02 -3.217877e-02 9.986101e-01 1.866597e+00
8.562050e-01 5.161667e-01 -2.202201e-02 4.383861e+01 -5.147831e-01 8.559655e-01 4.818092e-02 -7.246516e+00 4.371947e-02 -2.991618e-02 9.985958e-01 1.907164e+00
8.484006e-01 5.288207e-01 -2.377082e-02 4.472607e+01 -5.273576e-01 8.482442e-01 4.874031e-02 -7.813829e+00 4.593835e-02 -2.881558e-02 9.985286e-01 1.944641e+00
8.413829e-01 5.398434e-01 -2.537505e-02 4.560731e+01 -5.383456e-01 8.413278e-01 4.849287e-02 -8.393536e+00 4.752730e-02 -2.714052e-02 9.985012e-01 1.989968e+00
8.352393e-01 5.492637e-01 -2.616785e-02 4.648000e+01 -5.477046e-01 8.352175e-01 4.930886e-02 -8.980513e+00 4.893942e-02 -2.685245e-02 9.984407e-01 2.035370e+00
8.290626e-01 5.585199e-01 -2.666141e-02 4.735072e+01 -5.568937e-01 8.290540e-01 5.038778e-02 -9.580516e+00 5.024633e-02 -2.692705e-02 9.983738e-01 2.087116e+00
8.229458e-01 5.675149e-01 -2.621094e-02 4.821599e+01 -5.658598e-01 8.229103e-01 5.119897e-02 -1.018905e+01 5.062544e-02 -2.730226e-02 9.983445e-01 2.135121e+00
8.172509e-01 5.757155e-01 -2.554628e-02 4.907771e+01 -5.740863e-01 8.172027e-01 5.103630e-02 -1.081020e+01 5.025888e-02 -2.704370e-02 9.983700e-01 2.176397e+00
8.119245e-01 5.831670e-01 -2.636042e-02 4.993361e+01 -5.815878e-01 8.119689e-01 4.961985e-02 -1.144174e+01 5.034050e-02 -2.495667e-02 9.984203e-01 2.226767e+00
8.068931e-01 5.900221e-01 -2.823903e-02 5.078096e+01 -5.883900e-01 8.070435e-01 4.978010e-02 -1.208186e+01 5.216148e-02 -2.355165e-02 9.983609e-01 2.277561e+00
8.022845e-01 5.961864e-01 -3.002437e-02 5.162660e+01 -5.944419e-01 8.025117e-01 5.112500e-02 -1.272772e+01 5.457494e-02 -2.316905e-02 9.982408e-01 2.332810e+00
7.976198e-01 6.023626e-01 -3.101626e-02 5.247257e+01 -6.005402e-01 7.978920e-01 5.215189e-02 -1.338011e+01 5.616197e-02 -2.297086e-02 9.981574e-01 2.388790e+00
7.932788e-01 6.080419e-01 -3.152329e-02 5.331422e+01 -6.062029e-01 7.935899e-01 5.227912e-02 -1.403588e+01 5.680446e-02 -2.236241e-02 9.981348e-01 2.442613e+00
7.890976e-01 6.134723e-01 -3.125210e-02 5.415299e+01 -6.116035e-01 7.893910e-01 5.294346e-02 -1.469988e+01 5.714947e-02 -2.266367e-02 9.981084e-01 2.495065e+00
7.851898e-01 6.184947e-01 -3.068042e-02 5.498393e+01 -6.165824e-01 7.854389e-01 5.396222e-02 -1.536962e+01 5.747294e-02 -2.345358e-02 9.980715e-01 2.554638e+00
7.814478e-01 6.231688e-01 -3.162390e-02 5.581227e+01 -6.212633e-01 7.817734e-01 5.350038e-02 -1.604536e+01 5.806248e-02 -2.216098e-02 9.980670e-01 2.613173e+00
7.779906e-01 6.274915e-01 -3.138561e-02 5.663609e+01 -6.255733e-01 7.783053e-01 5.384083e-02 -1.672419e+01 5.821225e-02 -2.225366e-02 9.980562e-01 2.672925e+00
7.749018e-01 6.313216e-01 -3.098939e-02 5.745987e+01 -6.293701e-01 7.751860e-01 5.458797e-02 -1.740855e+01 5.848511e-02 -2.279651e-02 9.980280e-01 2.729313e+00
7.722177e-01 6.345410e-01 -3.220969e-02 5.828094e+01 -6.325733e-01 7.725858e-01 5.442647e-02 -1.809689e+01 5.942058e-02 -2.165410e-02 9.979981e-01 2.789662e+00
7.699366e-01 6.371761e-01 -3.470280e-02 5.910580e+01 -6.352223e-01 7.704827e-01 5.337665e-02 -1.879239e+01 6.074823e-02 -1.905264e-02 9.979713e-01 2.851394e+00
7.680268e-01 6.394100e-01 -3.591326e-02 5.993471e+01 -6.374445e-01 7.686555e-01 5.322819e-02 -1.949456e+01 6.163957e-02 -1.798796e-02 9.979364e-01 2.913936e+00
7.667754e-01 6.409090e-01 -3.593253e-02 6.077344e+01 -6.389256e-01 7.674038e-01 5.353073e-02 -2.020066e+01 6.188308e-02 -1.808783e-02 9.979195e-01 2.969693e+00
7.660109e-01 6.418968e-01 -3.457983e-02 6.161918e+01 -6.398917e-01 7.665438e-01 5.430757e-02 -2.091305e+01 6.136681e-02 -1.947285e-02 9.979253e-01 3.031545e+00
7.653994e-01 6.427541e-01 -3.210793e-02 6.247190e+01 -6.407024e-01 7.657499e-01 5.592472e-02 -2.163705e+01 6.053248e-02 -2.223312e-02 9.979186e-01 3.087864e+00
7.647976e-01 6.435289e-01 -3.090395e-02 6.333406e+01 -6.415462e-01 7.650935e-01 5.523005e-02 -2.236444e+01 5.918654e-02 -2.241350e-02 9.979953e-01 3.133803e+00
7.643317e-01 6.442131e-01 -2.804413e-02 6.419926e+01 -6.422813e-01 7.644562e-01 5.551120e-02 -2.310030e+01 5.719956e-02 -2.441675e-02 9.980641e-01 3.182909e+00
7.640668e-01 6.445601e-01 -2.728078e-02 6.507062e+01 -6.427116e-01 7.641766e-01 5.436750e-02 -2.384205e+01 5.589046e-02 -2.400673e-02 9.981483e-01 3.239374e+00
7.639393e-01 6.447282e-01 -2.687576e-02 6.594456e+01 -6.429570e-01 7.640561e-01 5.314767e-02 -2.459070e+01 5.480038e-02 -2.332164e-02 9.982249e-01 3.286670e+00
7.643745e-01 6.443297e-01 -2.389352e-02 6.682261e+01 -6.426371e-01 7.643332e-01 5.303099e-02 -2.534749e+01 5.243205e-02 -2.518068e-02 9.983070e-01 3.333539e+00
7.653314e-01 6.433165e-01 -2.029438e-02 6.770495e+01 -6.417111e-01 7.650996e-01 5.319353e-02 -2.610335e+01 4.974749e-02 -2.768755e-02 9.983780e-01 3.381527e+00
7.666702e-01 6.417408e-01 -1.963485e-02 6.859482e+01 -6.400973e-01 7.663695e-01 5.434347e-02 -2.685958e+01 4.992197e-02 -2.909531e-02 9.983292e-01 3.433982e+00
7.677953e-01 6.404102e-01 -1.911038e-02 6.949219e+01 -6.384346e-01 7.672492e-01 6.107241e-02 -2.760900e+01 5.377382e-02 -3.469038e-02 9.979504e-01 3.485023e+00
7.685976e-01 6.394128e-01 -2.022633e-02 7.038799e+01 -6.370966e-01 7.679151e-01 6.644071e-02 -2.836647e+01 5.801514e-02 -3.818004e-02 9.975853e-01 3.540937e+00
7.690012e-01 6.390322e-01 -1.658019e-02 7.129365e+01 -6.366243e-01 7.679354e-01 7.060291e-02 -2.912641e+01 5.785005e-02 -4.373838e-02 9.973667e-01 3.603776e+00
7.693014e-01 6.387763e-01 -1.184411e-02 7.219884e+01 -6.366063e-01 7.679893e-01 7.017744e-02 -2.989927e+01 5.392383e-02 -4.644757e-02 9.974642e-01 3.653752e+00
7.694593e-01 6.386360e-01 -8.749857e-03 7.310798e+01 -6.367012e-01 7.680660e-01 6.845600e-02 -3.067210e+01 5.043893e-02 -4.710306e-02 9.976158e-01 3.702203e+00
7.696011e-01 6.384679e-01 -8.533244e-03 7.401808e+01 -6.365288e-01 7.681826e-01 6.875020e-02 -3.144149e+01 5.044989e-02 -4.747858e-02 9.975974e-01 3.759858e+00
7.693953e-01 6.387078e-01 -9.117537e-03 7.492918e+01 -6.366279e-01 7.679023e-01 7.092931e-02 -3.221503e+01 5.230449e-02 -4.876820e-02 9.974397e-01 3.808030e+00
7.684159e-01 6.399341e-01 -4.619335e-03 7.584999e+01 -6.378010e-01 7.664058e-01 7.636741e-02 -3.298591e+01 5.241040e-02 -5.573572e-02 9.970690e-01 3.857254e+00
7.671266e-01 6.414943e-01 -1.351957e-03 7.676523e+01 -6.393195e-01 7.646960e-01 8.068854e-02 -3.376216e+01 5.279507e-02 -6.103399e-02 9.967384e-01 3.919778e+00
7.652269e-01 6.437596e-01 -1.176326e-03 7.768561e+01 -6.412826e-01 7.624401e-01 8.626573e-02 -3.452722e+01 5.643127e-02 -6.525849e-02 9.962715e-01 3.980291e+00
7.631573e-01 6.461969e-01 -4.527312e-03 7.859367e+01 -6.434141e-01 7.604848e-01 8.764241e-02 -3.531324e+01 6.007721e-02 -6.397200e-02 9.961417e-01 4.047641e+00
7.606955e-01 6.490875e-01 -5.269061e-03 7.950350e+01 -6.462721e-01 7.581041e-01 8.723854e-02 -3.610519e+01 6.061994e-02 -6.295672e-02 9.961735e-01 4.108804e+00
7.585012e-01 6.516554e-01 -4.598296e-03 8.041423e+01 -6.489508e-01 7.559596e-01 8.595305e-02 -3.690419e+01 5.948790e-02 -6.221143e-02 9.962886e-01 4.174481e+00
7.564647e-01 6.540144e-01 -5.128089e-03 8.132046e+01 -6.513846e-01 7.540817e-01 8.401706e-02 -3.770456e+01 5.881537e-02 -6.021558e-02 9.964511e-01 4.237811e+00
7.547002e-01 6.560561e-01 -4.249568e-03 8.222698e+01 -6.536565e-01 7.524633e-01 8.082239e-02 -3.850960e+01 5.622167e-02 -5.821892e-02 9.967195e-01 4.307803e+00
7.531040e-01 6.579008e-01 -9.626558e-04 8.313908e+01 -6.558095e-01 7.508251e-01 7.858442e-02 -3.932100e+01 5.242353e-02 -5.855092e-02 9.969070e-01 4.362108e+00
7.518032e-01 6.593619e-01 5.816767e-03 8.404844e+01 -6.574761e-01 7.489236e-01 8.269586e-02 -4.012822e+01 5.017018e-02 -6.599540e-02 9.965579e-01 4.419224e+00
7.503339e-01 6.610014e-01 8.734588e-03 8.495725e+01 -6.591583e-01 7.471098e-01 8.565734e-02 -4.093660e+01 5.009392e-02 -7.002908e-02 9.962864e-01 4.473576e+00
7.492672e-01 6.621762e-01 1.101763e-02 8.586120e+01 -6.602497e-01 7.455829e-01 9.042337e-02 -4.174799e+01 5.166164e-02 -7.502565e-02 9.958425e-01 4.535756e+00
7.482440e-01 6.633904e-01 6.640415e-03 8.676555e+01 -6.610290e-01 7.446561e-01 9.234713e-02 -4.255787e+01 5.631737e-02 -7.348769e-02 9.957047e-01 4.592192e+00
7.478004e-01 6.639201e-01 2.172367e-03 8.766575e+01 -6.611152e-01 7.443325e-01 9.431754e-02 -4.337229e+01 6.100235e-02 -7.196688e-02 9.955398e-01 4.651694e+00
7.474408e-01 6.643264e-01 -1.642577e-03 8.856463e+01 -6.613412e-01 7.443117e-01 9.288639e-02 -4.419064e+01 6.292948e-02 -6.834077e-02 9.956754e-01 4.729750e+00
7.468160e-01 6.650097e-01 -5.298817e-03 8.946338e+01 -6.621101e-01 7.442585e-01 8.768953e-02 -4.501536e+01 6.225807e-02 -6.197954e-02 9.961338e-01 4.800659e+00
7.457372e-01 6.662048e-01 -6.864829e-03 9.036811e+01 -6.633938e-01 7.434632e-01 8.468245e-02 -4.583546e+01 6.151960e-02 -5.859677e-02 9.963843e-01 4.874878e+00
7.449375e-01 6.670884e-01 -7.816256e-03 9.126967e+01 -6.642020e-01 7.427097e-01 8.495905e-02 -4.665654e+01 6.248041e-02 -5.809761e-02 9.963538e-01 4.960694e+00
7.439111e-01 6.682038e-01 -9.999516e-03 9.217274e+01 -6.651633e-01 7.418035e-01 8.535437e-02 -4.747322e+01 6.445179e-02 -5.684475e-02 9.963005e-01 5.033987e+00
7.431582e-01 6.690442e-01 -9.783439e-03 9.307248e+01 -6.659613e-01 7.409937e-01 8.616174e-02 -4.829940e+01 6.489548e-02 -5.751642e-02 9.962331e-01 5.101515e+00
7.423962e-01 6.698943e-01 -9.461479e-03 9.397679e+01 -6.669587e-01 7.403311e-01 8.411842e-02 -4.912235e+01 6.335507e-02 -5.613878e-02 9.964108e-01 5.171038e+00
7.418637e-01 6.704989e-01 -8.332981e-03 9.488215e+01 -6.677364e-01 7.398304e-01 8.233546e-02 -4.994710e+01 6.137083e-02 -5.551746e-02 9.965698e-01 5.240580e+00
7.419055e-01 6.704932e-01 -3.888011e-03 9.578277e+01 -6.677638e-01 7.393844e-01 8.603640e-02 -5.077326e+01 6.056155e-02 -6.123461e-02 9.962844e-01 5.306195e+00
7.418203e-01 6.705716e-01 -6.023089e-03 9.668102e+01 -6.677832e-01 7.394982e-01 8.490004e-02 -5.159973e+01 6.138562e-02 -5.895846e-02 9.963713e-01 5.379544e+00
7.422100e-01 6.701416e-01 -5.879729e-03 9.757562e+01 -6.673531e-01 7.398678e-01 8.506135e-02 -5.243014e+01 6.135338e-02 -5.920953e-02 9.963584e-01 5.449805e+00
7.426401e-01 6.696677e-01 -5.558299e-03 9.847162e+01 -6.669794e-01 7.403540e-01 8.375239e-02 -5.326136e+01 6.020138e-02 -5.849061e-02 9.964711e-01 5.516820e+00
7.429198e-01 6.693402e-01 -7.337108e-03 9.937007e+01 -6.665439e-01 7.407353e-01 8.384738e-02 -5.408330e+01 6.155728e-02 -5.740138e-02 9.964516e-01 5.589742e+00
7.429435e-01 6.692152e-01 -1.363847e-02 1.002638e+02 -6.660980e-01 7.411831e-01 8.343310e-02 -5.490143e+01 6.594331e-02 -5.290151e-02 9.964200e-01 5.670600e+00
7.433360e-01 6.687419e-01 -1.535815e-02 1.011621e+02 -6.652019e-01 7.414282e-01 8.826510e-02 -5.571547e+01 7.041353e-02 -5.539435e-02 9.959786e-01 5.754241e+00
7.438509e-01 6.682057e-01 -1.367644e-02 1.020579e+02 -6.645294e-01 7.416323e-01 9.155437e-02 -5.653741e+01 7.132004e-02 -5.901440e-02 9.957062e-01 5.837618e+00
7.439937e-01 6.680926e-01 -1.121119e-02 1.029602e+02 -6.647568e-01 7.417683e-01 8.875880e-02 -5.735848e+01 6.761521e-02 -5.858327e-02 9.959901e-01 5.918264e+00
7.443309e-01 6.677835e-01 -6.054556e-03 1.038613e+02 -6.648928e-01 7.418946e-01 8.665968e-02 -5.818087e+01 6.236175e-02 -6.047785e-02 9.962196e-01 6.000922e+00
7.444706e-01 6.676372e-01 -4.909775e-03 1.047611e+02 -6.649664e-01 7.421116e-01 8.420291e-02 -5.900024e+01 5.986060e-02 -5.942175e-02 9.964365e-01 6.077527e+00
7.449507e-01 6.671103e-01 -3.505146e-03 1.056583e+02 -6.643064e-01 7.422812e-01 8.783833e-02 -5.981681e+01 6.119965e-02 -6.310674e-02 9.961286e-01 6.145336e+00
7.451982e-01 6.668369e-01 -2.858209e-03 1.065566e+02 -6.638496e-01 7.422519e-01 9.146513e-02 -6.063146e+01 6.311383e-02 -6.626223e-02 9.958042e-01 6.211174e+00
7.451357e-01 6.668969e-01 -4.619508e-03 1.074515e+02 -6.640300e-01 7.425403e-01 8.773876e-02 -6.145453e+01 6.194287e-02 -6.230979e-02 9.961328e-01 6.278268e+00
7.448518e-01 6.672300e-01 -1.300965e-04 1.083592e+02 -6.648378e-01 7.421978e-01 8.445752e-02 -6.226711e+01 5.644914e-02 -6.282184e-02 9.964271e-01 6.342640e+00
7.440932e-01 6.680575e-01 4.952195e-03 1.092666e+02 -6.663926e-01 7.416721e-01 7.644191e-02 -6.308480e+01 4.739468e-02 -6.018001e-02 9.970617e-01 6.401413e+00
7.435647e-01 6.684532e-01 1.679182e-02 1.101756e+02 -6.676750e-01 7.408654e-01 7.299680e-02 -6.391150e+01 3.635446e-02 -6.548932e-02 9.971908e-01 6.438347e+00
7.431816e-01 6.684646e-01 2.891863e-02 1.110863e+02 -6.686101e-01 7.403184e-01 6.992309e-02 -6.473766e+01 2.533212e-02 -7.130084e-02 9.971331e-01 6.474132e+00
7.427726e-01 6.686473e-01 3.463577e-02 1.119884e+02 -6.693034e-01 7.401258e-01 6.516721e-02 -6.556921e+01 1.793905e-02 -7.158626e-02 9.972731e-01 6.506649e+00
7.422944e-01 6.686599e-01 4.350908e-02 1.128955e+02 -6.699335e-01 7.392437e-01 6.861405e-02 -6.639888e+01 1.371565e-02 -8.008002e-02 9.966941e-01 6.517581e+00
7.418704e-01 6.691644e-01 4.298040e-02 1.138002e+02 -6.704807e-01 7.393993e-01 6.119139e-02 -6.723493e+01 9.167426e-03 -7.421361e-02 9.972002e-01 6.524766e+00
7.414854e-01 6.692965e-01 4.734519e-02 1.147041e+02 -6.709651e-01 7.393908e-01 5.574189e-02 -6.808766e+01 2.301253e-03 -7.309877e-02 9.973221e-01 6.514495e+00
7.409666e-01 6.695892e-01 5.117513e-02 1.156141e+02 -6.715125e-01 7.394930e-01 4.712813e-02 -6.894908e+01 -6.287166e-03 -6.928511e-02 9.975771e-01 6.494155e+00
7.404815e-01 6.697311e-01 5.610054e-02 1.165315e+02 -6.719461e-01 7.393993e-01 4.215584e-02 -6.980678e+01 -1.324762e-02 -6.891216e-02 9.975348e-01 6.462869e+00
7.401222e-01 6.701627e-01 5.568642e-02 1.174499e+02 -6.723049e-01 7.392445e-01 3.903494e-02 -7.066637e+01 -1.500612e-02 -6.632888e-02 9.976850e-01 6.441917e+00
7.397975e-01 6.706995e-01 5.349603e-02 1.183824e+02 -6.727165e-01 7.387888e-01 4.054157e-02 -7.151189e+01 -1.233106e-02 -6.598021e-02 9.977447e-01 6.418774e+00
7.399618e-01 6.707199e-01 5.090543e-02 1.193013e+02 -6.725857e-01 7.388081e-01 4.232115e-02 -7.237952e+01 -9.223703e-03 -6.555430e-02 9.978064e-01 6.402349e+00
7.395477e-01 6.712330e-01 5.015462e-02 1.202411e+02 -6.730411e-01 7.384422e-01 4.145724e-02 -7.324495e+01 -9.208827e-03 -6.441573e-02 9.978807e-01 6.383922e+00
7.391925e-01 6.715190e-01 5.154284e-02 1.211789e+02 -6.733616e-01 7.383980e-01 3.677566e-02 -7.412477e+01 -1.336358e-02 -6.189127e-02 9.979934e-01 6.363960e+00
7.388207e-01 6.716864e-01 5.460230e-02 1.221218e+02 -6.736357e-01 7.383783e-01 3.181804e-02 -7.500628e+01 -1.894540e-02 -6.028989e-02 9.980011e-01 6.339525e+00
7.385787e-01 6.715910e-01 5.888173e-02 1.230721e+02 -6.737802e-01 7.382931e-01 3.071747e-02 -7.588996e+01 -2.284240e-02 -6.236061e-02 9.977923e-01 6.313468e+00
7.383503e-01 6.716884e-01 6.060976e-02 1.240196e+02 -6.740063e-01 7.380516e-01 3.154868e-02 -7.677787e+01 -2.354225e-02 -6.414535e-02 9.976628e-01 6.285586e+00
7.383687e-01 6.716724e-01 6.056297e-02 1.249748e+02 -6.739819e-01 7.380837e-01 3.131830e-02 -7.767056e+01 -2.366490e-02 -6.394280e-02 9.976729e-01 6.247489e+00
7.384484e-01 6.715082e-01 6.140655e-02 1.259328e+02 -6.738658e-01 7.382004e-01 3.106333e-02 -7.856576e+01 -2.447106e-02 -6.431845e-02 9.976293e-01 6.205444e+00
7.385643e-01 6.715117e-01 5.995616e-02 1.269000e+02 -6.737487e-01 7.383558e-01 2.989188e-02 -7.946657e+01 -2.419623e-02 -6.247246e-02 9.977533e-01 6.161539e+00
7.385859e-01 6.717278e-01 5.720804e-02 1.278755e+02 -6.737509e-01 7.384295e-01 2.795609e-02 -8.037270e+01 -2.346522e-02 -5.919194e-02 9.979708e-01 6.119983e+00
7.386581e-01 6.713483e-01 6.062762e-02 1.288560e+02 -6.736557e-01 7.383927e-01 3.105123e-02 -8.128313e+01 -2.392080e-02 -6.377838e-02 9.976774e-01 6.091676e+00
7.386890e-01 6.710924e-01 6.303617e-02 1.298452e+02 -6.736011e-01 7.383645e-01 3.285289e-02 -8.219095e+01 -2.449635e-02 -6.672931e-02 9.974704e-01 6.050445e+00
7.388910e-01 6.709914e-01 6.172935e-02 1.308289e+02 -6.733794e-01 7.386283e-01 3.143974e-02 -8.311007e+01 -2.449924e-02 -6.479782e-02 9.975976e-01 6.009582e+00
7.392015e-01 6.708831e-01 5.913545e-02 1.318152e+02 -6.730393e-01 7.390515e-01 2.865372e-02 -8.403725e+01 -2.448085e-02 -6.098135e-02 9.978386e-01 5.971984e+00
7.393410e-01 6.704439e-01 6.228941e-02 1.328104e+02 -6.728395e-01 7.391677e-01 3.030060e-02 -8.495964e+01 -2.572747e-02 -6.431325e-02 9.975981e-01 5.935990e+00
7.394909e-01 6.702293e-01 6.281632e-02 1.338116e+02 -6.726296e-01 7.394033e-01 2.919268e-02 -8.588541e+01 -2.688080e-02 -6.383984e-02 9.975981e-01 5.900558e+00
7.400935e-01 6.700018e-01 5.795919e-02 1.347998e+02 -6.720379e-01 7.400368e-01 2.665527e-02 -8.681596e+01 -2.503286e-02 -5.867817e-02 9.979630e-01 5.867793e+00
7.403969e-01 6.699162e-01 5.499748e-02 1.358020e+02 -6.718261e-01 7.401537e-01 2.867386e-02 -8.773419e+01 -2.149750e-02 -5.817878e-02 9.980747e-01 5.840080e+00
7.405305e-01 6.699625e-01 5.258067e-02 1.368073e+02 -6.717145e-01 7.402912e-01 2.772342e-02 -8.864573e+01 -2.035136e-02 -5.584924e-02 9.982318e-01 5.811943e+00
7.407311e-01 6.695091e-01 5.545297e-02 1.378102e+02 -6.714048e-01 7.406041e-01 2.685590e-02 -8.957987e+01 -2.308843e-02 -5.712439e-02 9.981001e-01 5.787572e+00
7.404567e-01 6.696200e-01 5.773256e-02 1.388182e+02 -6.715527e-01 7.405934e-01 2.320367e-02 -9.051073e+01 -2.721871e-02 -5.595177e-02 9.980624e-01 5.745227e+00
7.401837e-01 6.694337e-01 6.313972e-02 1.398248e+02 -6.716943e-01 7.404500e-01 2.367674e-02 -9.144786e+01 -3.090181e-02 -5.993572e-02 9.977238e-01 5.697562e+00
7.398405e-01 6.694644e-01 6.673464e-02 1.408316e+02 -6.719774e-01 7.401617e-01 2.463805e-02 -9.237700e+01 -3.290013e-02 -6.307240e-02 9.974665e-01 5.661486e+00
7.399153e-01 6.693727e-01 6.682482e-02 1.418306e+02 -6.719367e-01 7.401510e-01 2.602903e-02 -9.330289e+01 -3.203734e-02 -6.416133e-02 9.974252e-01 5.628654e+00
7.398951e-01 6.694345e-01 6.642812e-02 1.428274e+02 -6.720777e-01 7.398952e-01 2.943956e-02 -9.423231e+01 -2.944199e-02 -6.642705e-02 9.973568e-01 5.589999e+00
7.399191e-01 6.698353e-01 6.197114e-02 1.438256e+02 -6.721959e-01 7.397763e-01 2.972797e-02 -9.516098e+01 -2.593194e-02 -6.365304e-02 9.976351e-01 5.553628e+00
7.400372e-01 6.700483e-01 5.814049e-02 1.448230e+02 -6.722024e-01 7.397105e-01 3.118298e-02 -9.608772e+01 -2.211302e-02 -6.215874e-02 9.978213e-01 5.518730e+00
7.399303e-01 6.706498e-01 5.226819e-02 1.458266e+02 -6.723839e-01 7.396835e-01 2.771518e-02 -9.701829e+01 -2.007473e-02 -5.565159e-02 9.982484e-01 5.486728e+00
7.398306e-01 6.707373e-01 5.255531e-02 1.468243e+02 -6.724909e-01 7.395799e-01 2.788536e-02 -9.795299e+01 -2.016510e-02 -5.597341e-02 9.982286e-01 5.451511e+00
7.395373e-01 6.711171e-01 5.183098e-02 1.478245e+02 -6.727617e-01 7.394505e-01 2.459033e-02 -9.888427e+01 -2.182345e-02 -5.305537e-02 9.983531e-01 5.428318e+00
7.392567e-01 6.713079e-01 5.334020e-02 1.488301e+02 -6.730303e-01 7.392108e-01 2.444844e-02 -9.980995e+01 -2.301722e-02 -5.397324e-02 9.982771e-01 5.406636e+00
7.391877e-01 6.714624e-01 5.234330e-02 1.498250e+02 -6.731307e-01 7.391199e-01 2.442880e-02 -1.007457e+02 -2.228495e-02 -5.329135e-02 9.983303e-01 5.380263e+00
7.392230e-01 6.715026e-01 5.131952e-02 1.508241e+02 -6.731263e-01 7.391087e-01 2.488361e-02 -1.016735e+02 -2.122130e-02 -5.293906e-02 9.983722e-01 5.346299e+00
7.392376e-01 6.714891e-01 5.128481e-02 1.518256e+02 -6.731104e-01 7.391242e-01 2.485588e-02 -1.026035e+02 -2.121539e-02 -5.289474e-02 9.983747e-01 5.320628e+00
7.393839e-01 6.715535e-01 4.824387e-02 1.528223e+02 -6.729727e-01 7.393213e-01 2.262250e-02 -1.035325e+02 -2.047550e-02 -4.919352e-02 9.985794e-01 5.299663e+00
7.393930e-01 6.716917e-01 4.613244e-02 1.538231e+02 -6.729941e-01 7.393243e-01 2.187434e-02 -1.044587e+02 -1.941402e-02 -4.722059e-02 9.986958e-01 5.266508e+00
7.395173e-01 6.714847e-01 4.714351e-02 1.548220e+02 -6.728334e-01 7.394733e-01 2.178388e-02 -1.053933e+02 -2.023382e-02 -4.782928e-02 9.986506e-01 5.240134e+00
7.394462e-01 6.712796e-01 5.102090e-02 1.558252e+02 -6.728054e-01 7.395158e-01 2.119644e-02 -1.063231e+02 -2.350203e-02 -5.000076e-02 9.984726e-01 5.218035e+00
7.392906e-01 6.712471e-01 5.363580e-02 1.568239e+02 -6.728668e-01 7.395017e-01 1.968329e-02 -1.072563e+02 -2.645142e-02 -5.064141e-02 9.983666e-01 5.179154e+00
7.391676e-01 6.712998e-01 5.466116e-02 1.578273e+02 -6.729873e-01 7.393768e-01 2.025100e-02 -1.081843e+02 -2.682070e-02 -5.175515e-02 9.982996e-01 5.147251e+00
7.392631e-01 6.711463e-01 5.525037e-02 1.588206e+02 -6.729354e-01 7.393456e-01 2.293697e-02 -1.091109e+02 -2.545505e-02 -5.413638e-02 9.982090e-01 5.118761e+00
7.391857e-01 6.713760e-01 5.346731e-02 1.598196e+02 -6.730395e-01 7.392876e-01 2.171737e-02 -1.100373e+02 -2.494719e-02 -5.203878e-02 9.983334e-01 5.082437e+00
7.389248e-01 6.716706e-01 5.337377e-02 1.608236e+02 -6.732882e-01 7.391067e-01 2.010508e-02 -1.109631e+02 -2.594492e-02 -5.079207e-02 9.983722e-01 5.041930e+00
7.386615e-01 6.719656e-01 5.330504e-02 1.618163e+02 -6.735284e-01 7.389380e-01 1.817112e-02 -1.118987e+02 -2.717876e-02 -4.932477e-02 9.984129e-01 5.008927e+00
7.382272e-01 6.724632e-01 5.304585e-02 1.628151e+02 -6.739986e-01 7.385223e-01 1.762592e-02 -1.128300e+02 -2.732276e-02 -4.876477e-02 9.984365e-01 4.966453e+00
7.378056e-01 6.728707e-01 5.373944e-02 1.638160e+02 -6.744911e-01 7.380255e-01 1.949393e-02 -1.137560e+02 -2.654419e-02 -5.062951e-02 9.983647e-01 4.935209e+00
7.375036e-01 6.730952e-01 5.505664e-02 1.648183e+02 -6.748585e-01 7.376093e-01 2.232690e-02 -1.146817e+02 -2.558216e-02 -5.362162e-02 9.982336e-01 4.906730e+00
7.374404e-01 6.731247e-01 5.554143e-02 1.658197e+02 -6.749413e-01 7.375006e-01 2.339073e-02 -1.156154e+02 -2.521695e-02 -5.473648e-02 9.981824e-01 4.876077e+00
7.371613e-01 6.734649e-01 5.512000e-02 1.668247e+02 -6.752234e-01 7.372848e-01 2.200905e-02 -1.165524e+02 -2.581682e-02 -5.344253e-02 9.982371e-01 4.830802e+00
7.369196e-01 6.734631e-01 5.828338e-02 1.678284e+02 -6.754148e-01 7.370873e-01 2.274026e-02 -1.174933e+02 -2.764522e-02 -5.612320e-02 9.980410e-01 4.786464e+00
7.364997e-01 6.735673e-01 6.225080e-02 1.688354e+02 -6.758541e-01 7.365639e-01 2.636006e-02 -1.184336e+02 -2.809641e-02 -6.148664e-02 9.977124e-01 4.749346e+00
7.362674e-01 6.738377e-01 6.207302e-02 1.698429e+02 -6.761765e-01 7.361815e-01 2.867395e-02 -1.193697e+02 -2.637542e-02 -6.308401e-02 9.976596e-01 4.716650e+00
7.361299e-01 6.739820e-01 6.213645e-02 1.708530e+02 -6.764015e-01 7.358511e-01 3.168754e-02 -1.203157e+02 -2.436635e-02 -6.535533e-02 9.975645e-01 4.679827e+00
7.363099e-01 6.740577e-01 5.910975e-02 1.718594e+02 -6.762293e-01 7.361047e-01 2.939064e-02 -1.212640e+02 -2.369998e-02 -6.161236e-02 9.978187e-01 4.638061e+00
7.365189e-01 6.739392e-01 5.784403e-02 1.728678e+02 -6.759710e-01 7.364418e-01 2.676866e-02 -1.222225e+02 -2.455831e-02 -5.881651e-02 9.979667e-01 4.601395e+00
7.362557e-01 6.743268e-01 5.666496e-02 1.738848e+02 -6.762258e-01 7.362978e-01 2.417308e-02 -1.231693e+02 -2.542173e-02 -5.611587e-02 9.981006e-01 4.562569e+00
7.361326e-01 6.744324e-01 5.700641e-02 1.749052e+02 -6.763095e-01 7.362706e-01 2.260627e-02 -1.241191e+02 -2.672575e-02 -5.519519e-02 9.981178e-01 4.519944e+00
7.363058e-01 6.742790e-01 5.658245e-02 1.759199e+02 -6.760445e-01 7.366052e-01 1.940659e-02 -1.250853e+02 -2.859347e-02 -5.254143e-02 9.982093e-01 4.472449e+00
7.363230e-01 6.740203e-01 5.937152e-02 1.769427e+02 -6.759563e-01 7.366676e-01 2.009853e-02 -1.260431e+02 -3.019026e-02 -5.493156e-02 9.980336e-01 4.442733e+00
7.367339e-01 6.738055e-01 5.665091e-02 1.779581e+02 -6.755841e-01 7.370184e-01 1.974806e-02 -1.270005e+02 -2.844641e-02 -5.282152e-02 9.981987e-01 4.404920e+00
7.371765e-01 6.736784e-01 5.223248e-02 1.789789e+02 -6.752296e-01 7.373435e-01 1.973866e-02 -1.279589e+02 -2.521577e-02 -4.981979e-02 9.984399e-01 4.370227e+00
7.373678e-01 6.736327e-01 5.007846e-02 1.800113e+02 -6.751209e-01 7.373906e-01 2.160644e-02 -1.289142e+02 -2.237259e-02 -4.974091e-02 9.985115e-01 4.340160e+00
7.377357e-01 6.733022e-01 4.909345e-02 1.810382e+02 -6.747594e-01 7.376967e-01 2.243378e-02 -1.298722e+02 -2.111136e-02 -4.967647e-02 9.985422e-01 4.313994e+00
7.382668e-01 6.727998e-01 4.798483e-02 1.820715e+02 -6.741753e-01 7.382690e-01 2.113112e-02 -1.308310e+02 -2.120870e-02 -4.795060e-02 9.986245e-01 4.276465e+00
7.391250e-01 6.719409e-01 4.679338e-02 1.831052e+02 -6.732274e-01 7.391760e-01 1.958943e-02 -1.317945e+02 -2.142560e-02 -4.598162e-02 9.987125e-01 4.248362e+00
7.401627e-01 6.712256e-01 4.019179e-02 1.841397e+02 -6.720993e-01 7.403466e-01 1.301722e-02 -1.327613e+02 -2.101836e-02 -3.664773e-02 9.991072e-01 4.214781e+00
7.410899e-01 6.703601e-01 3.745679e-02 1.851699e+02 -6.710971e-01 7.412871e-01 1.105173e-02 -1.337345e+02 -2.035760e-02 -3.332747e-02 9.992371e-01 4.193982e+00
7.418727e-01 6.696882e-01 3.380374e-02 1.862093e+02 -6.702545e-01 7.420860e-01 8.201467e-03 -1.346973e+02 -1.959286e-02 -2.874155e-02 9.993948e-01 4.165073e+00
7.423311e-01 6.691460e-01 3.447021e-02 1.872604e+02 -6.697359e-01 7.425517e-01 8.419954e-03 -1.356553e+02 -1.996173e-02 -2.933633e-02 9.993703e-01 4.127000e+00
7.424655e-01 6.686922e-01 3.994652e-02 1.883133e+02 -6.695869e-01 7.425920e-01 1.451146e-02 -1.366190e+02 -1.996026e-02 -3.752193e-02 9.990964e-01 4.101065e+00
7.424539e-01 6.685688e-01 4.216683e-02 1.893638e+02 -6.696684e-01 7.423736e-01 2.063491e-02 -1.375811e+02 -1.750768e-02 -4.355826e-02 9.988975e-01 4.074856e+00
7.424359e-01 6.685095e-01 4.340426e-02 1.904162e+02 -6.697784e-01 7.420410e-01 2.778586e-02 -1.385391e+02 -1.363263e-02 -4.970046e-02 9.986711e-01 4.050865e+00
7.424948e-01 6.685662e-01 4.148127e-02 1.914753e+02 -6.697632e-01 7.419791e-01 2.973650e-02 -1.395017e+02 -1.089742e-02 -4.986183e-02 9.986967e-01 4.028409e+00
7.426590e-01 6.684098e-01 4.105913e-02 1.925311e+02 -6.695835e-01 7.421503e-01 2.951015e-02 -1.404757e+02 -1.074717e-02 -4.940850e-02 9.987208e-01 4.001698e+00
7.427458e-01 6.682701e-01 4.175776e-02 1.935876e+02 -6.694674e-01 7.422928e-01 2.854583e-02 -1.414546e+02 -1.192016e-02 -4.915775e-02 9.987199e-01 3.985542e+00
7.426574e-01 6.680777e-01 4.617565e-02 1.946570e+02 -6.695279e-01 7.421592e-01 3.053095e-02 -1.424326e+02 -1.387263e-02 -5.358993e-02 9.984667e-01 3.969067e+00
7.426521e-01 6.678958e-01 4.881631e-02 1.957258e+02 -6.694592e-01 7.422959e-01 2.865711e-02 -1.434146e+02 -1.709618e-02 -5.396279e-02 9.983966e-01 3.938393e+00
7.426791e-01 6.675443e-01 5.303165e-02 1.967997e+02 -6.693190e-01 7.424635e-01 2.756750e-02 -1.443958e+02 -2.097154e-02 -5.596890e-02 9.982122e-01 3.906179e+00
7.426735e-01 6.673892e-01 5.502591e-02 1.978668e+02 -6.692214e-01 7.426362e-01 2.518171e-02 -1.453811e+02 -2.405823e-02 -5.552631e-02 9.981673e-01 3.874056e+00
7.428918e-01 6.669900e-01 5.688586e-02 1.989365e+02 -6.689202e-01 7.429165e-01 2.491729e-02 -1.463688e+02 -2.564186e-02 -5.656295e-02 9.980697e-01 3.835798e+00
7.431661e-01 6.669832e-01 5.326956e-02 2.000041e+02 -6.686407e-01 7.432625e-01 2.191716e-02 -1.473548e+02 -2.497490e-02 -5.190629e-02 9.983396e-01 3.804357e+00
7.434131e-01 6.668321e-01 5.169031e-02 2.010741e+02 -6.684459e-01 7.433886e-01 2.352621e-02 -1.483351e+02 -2.273795e-02 -5.204187e-02 9.983860e-01 3.760659e+00
7.435962e-01 6.665822e-01 5.227632e-02 2.021456e+02 -6.683044e-01 7.433958e-01 2.705315e-02 -1.493203e+02 -2.082885e-02 -5.505311e-02 9.982662e-01 3.720981e+00
7.435130e-01 6.664721e-01 5.480223e-02 2.032201e+02 -6.683527e-01 7.433246e-01 2.780493e-02 -1.503044e+02 -2.220464e-02 -5.730055e-02 9.981100e-01 3.693501e+00
7.430905e-01 6.670374e-01 5.364393e-02 2.042960e+02 -6.686422e-01 7.433374e-01 1.916106e-02 -1.512926e+02 -2.709440e-02 -5.010700e-02 9.983763e-01 3.652150e+00
7.427120e-01 6.672583e-01 5.608223e-02 2.053725e+02 -6.688257e-01 7.432896e-01 1.388489e-02 -1.522888e+02 -3.242053e-02 -4.782171e-02 9.983296e-01 3.606955e+00
7.424260e-01 6.676087e-01 5.569824e-02 2.064410e+02 -6.690067e-01 7.431970e-01 9.393843e-03 -1.532845e+02 -3.512336e-02 -4.423673e-02 9.984035e-01 3.557681e+00
7.417444e-01 6.682482e-01 5.709368e-02 2.075228e+02 -6.697896e-01 7.424595e-01 1.165449e-02 -1.542668e+02 -3.460166e-02 -4.688540e-02 9.983008e-01 3.509055e+00
7.408137e-01 6.692053e-01 5.796009e-02 2.085975e+02 -6.709196e-01 7.413678e-01 1.551410e-02 -1.552574e+02 -3.258763e-02 -5.037962e-02 9.981983e-01 3.456466e+00
7.397034e-01 6.703290e-01 5.914260e-02 2.096745e+02 -6.721954e-01 7.401473e-01 1.831169e-02 -1.562450e+02 -3.149938e-02 -5.330060e-02 9.980816e-01 3.409251e+00
7.389104e-01 6.709795e-01 6.162658e-02 2.107509e+02 -6.731152e-01 7.391951e-01 2.250687e-02 -1.572332e+02 -3.045242e-02 -5.811235e-02 9.978455e-01 3.363155e+00
7.382699e-01 6.719289e-01 5.889970e-02 2.118199e+02 -6.738921e-01 7.385042e-01 2.193394e-02 -1.582322e+02 -2.875963e-02 -5.588520e-02 9.980229e-01 3.316267e+00
7.375870e-01 6.728543e-01 5.685520e-02 2.128883e+02 -6.746378e-01 7.378899e-01 1.955435e-02 -1.592291e+02 -2.879565e-02 -5.277970e-02 9.981909e-01 3.276748e+00
7.369860e-01 6.735032e-01 5.696608e-02 2.139566e+02 -6.752433e-01 7.373785e-01 1.787174e-02 -1.602310e+02 -2.996889e-02 -5.163718e-02 9.982161e-01 3.237742e+00
7.364190e-01 6.742434e-01 5.552323e-02 2.150282e+02 -6.758634e-01 7.368468e-01 1.629211e-02 -1.612301e+02 -2.992726e-02 -4.952394e-02 9.983245e-01 3.199050e+00
7.358746e-01 6.751027e-01 5.220038e-02 2.160879e+02 -6.765076e-01 7.362956e-01 1.435977e-02 -1.622385e+02 -2.874059e-02 -4.588095e-02 9.985334e-01 3.164040e+00
7.354495e-01 6.756419e-01 5.120545e-02 2.171464e+02 -6.770449e-01 7.357692e-01 1.593249e-02 -1.632500e+02 -2.691074e-02 -4.638593e-02 9.985610e-01 3.120388e+00
7.348832e-01 6.763711e-01 4.968757e-02 2.182131e+02 -6.777044e-01 7.351620e-01 1.592500e-02 -1.642489e+02 -2.575720e-02 -4.537650e-02 9.986378e-01 3.087380e+00
7.344481e-01 6.770631e-01 4.660020e-02 2.192767e+02 -6.781820e-01 7.347831e-01 1.276742e-02 -1.652530e+02 -2.559668e-02 -4.098042e-02 9.988320e-01 3.046395e+00
7.340449e-01 6.775151e-01 4.638251e-02 2.203432e+02 -6.785888e-01 7.344306e-01 1.135877e-02 -1.662562e+02 -2.636899e-02 -3.981249e-02 9.988592e-01 3.013540e+00
7.339828e-01 6.776831e-01 4.488815e-02 2.214108e+02 -6.786137e-01 7.344500e-01 8.163214e-03 -1.672635e+02 -2.743603e-02 -3.645337e-02 9.989587e-01 2.969773e+00
7.339235e-01 6.775905e-01 4.719528e-02 2.224821e+02 -6.786888e-01 7.343426e-01 1.106367e-02 -1.682615e+02 -2.716087e-02 -4.015080e-02 9.988244e-01 2.937156e+00
7.342050e-01 6.774021e-01 4.548995e-02 2.235451e+02 -6.784317e-01 7.345807e-01 1.102284e-02 -1.692666e+02 -2.594915e-02 -3.895485e-02 9.989040e-01 2.897913e+00
7.344433e-01 6.770530e-01 4.682150e-02 2.246137e+02 -6.782037e-01 7.347471e-01 1.365569e-02 -1.702625e+02 -2.515634e-02 -4.178384e-02 9.988099e-01 2.846373e+00
7.349729e-01 6.765916e-01 4.515089e-02 2.256724e+02 -6.776507e-01 7.352736e-01 1.273421e-02 -1.712692e+02 -2.458240e-02 -3.995584e-02 9.988990e-01 2.800922e+00
7.351032e-01 6.763139e-01 4.714588e-02 2.267431e+02 -6.775042e-01 7.353718e-01 1.470654e-02 -1.722630e+02 -2.472351e-02 -4.275236e-02 9.987797e-01 2.775809e+00
7.355279e-01 6.758118e-01 4.771930e-02 2.278021e+02 -6.770188e-01 7.358248e-01 1.439944e-02 -1.732710e+02 -2.538174e-02 -4.289806e-02 9.987570e-01 2.748303e+00
7.358481e-01 6.756920e-01 4.436139e-02 2.288754e+02 -6.766773e-01 7.361972e-01 1.102624e-02 -1.742629e+02 -2.520839e-02 -3.813199e-02 9.989547e-01 2.711161e+00
7.361396e-01 6.756832e-01 3.937888e-02 2.299379e+02 -6.763577e-01 7.365526e-01 5.523001e-03 -1.752644e+02 -2.527282e-02 -3.069991e-02 9.992091e-01 2.673072e+00
7.362907e-01 6.756224e-01 3.755384e-02 2.310048e+02 -6.761630e-01 7.367483e-01 2.365395e-03 -1.762669e+02 -2.606961e-02 -2.713413e-02 9.992918e-01 2.626506e+00
7.362217e-01 6.754932e-01 4.106759e-02 2.320683e+02 -6.761753e-01 7.367307e-01 3.854714e-03 -1.772690e+02 -2.765192e-02 -3.060681e-02 9.991489e-01 2.599446e+00
7.356795e-01 6.759688e-01 4.291716e-02 2.331440e+02 -6.767164e-01 7.362323e-01 4.110279e-03 -1.782642e+02 -2.881858e-02 -3.206659e-02 9.990702e-01 2.558861e+00
7.354783e-01 6.761694e-01 4.320358e-02 2.342119e+02 -6.769082e-01 7.360592e-01 3.485364e-03 -1.792605e+02 -2.944369e-02 -3.180827e-02 9.990602e-01 2.518649e+00
7.358362e-01 6.757265e-01 4.403258e-02 2.352718e+02 -6.765639e-01 7.363598e-01 5.957815e-03 -1.802663e+02 -2.839797e-02 -3.417483e-02 9.990123e-01 2.475851e+00
7.368865e-01 6.748213e-01 4.017953e-02 2.363304e+02 -6.754757e-01 7.373722e-01 3.842917e-03 -1.812743e+02 -2.703399e-02 -2.997209e-02 9.991851e-01 2.433876e+00
7.375791e-01 6.740260e-01 4.081665e-02 2.373982e+02 -6.747043e-01 7.380771e-01 4.031831e-03 -1.822732e+02 -2.740828e-02 -3.051297e-02 9.991585e-01 2.400422e+00
7.380427e-01 6.735522e-01 4.025313e-02 2.384671e+02 -6.741325e-01 7.386095e-01 1.155398e-03 -1.832749e+02 -2.895313e-02 -2.798868e-02 9.991888e-01 2.356517e+00
7.382097e-01 6.733342e-01 4.083629e-02 2.395460e+02 -6.739063e-01 7.388168e-01 3.314200e-04 -1.842628e+02 -2.994738e-02 -2.776449e-02 9.991658e-01 2.304869e+00
