1 0 0 0 0 1 0 0 0 0 1 0
0.9999117207935567242 -0.01327409855562625488 0.00059070060420021199 1.421648676748969331 0.01327320541342441595 0.9999107953770021151 0.001491075646681814344 0.2427765463941072288 -0.0006104405960634582112 -0.001483103525249595059 0.9999987138822790111 1.372438957708062901
0.9986801345615572423 -0.05135332222062958391 -0.0009083661234171506007 2.010235944374326067 0.05135886149650793764 0.9986497346670277775 0.007808635940902812662 0.2476011105453932992 0.0005061401905542829401 -0.0078449822421237346 0.9999690995604455512 1.350725696790977981
0.9971205198337476094 -0.07579098964076477762 -0.002528797293262618779 2.618640052969869014 0.07581434356024958909 0.9970615338798198835 0.01097647337487260392 0.2763474142427572167 0.001689448728244463509 -0.01113658594427990346 0.9999365590958759764 1.338861479810641075
0.996098554544612047 -0.08809338150124146338 -0.005217831907147176852 3.248341481037811285 0.08814587810445352611 0.9960482550553759751 0.01087096013862292113 0.3229370105683931347 0.004239552727509711925 -0.01128847805585131078 0.9999272955849606292 1.308123832321464564
0.9956619094140067849 -0.09280226440697553203 -0.006715792059903648824 3.898478961167857193 0.09287038741841958933 0.9956211020392793376 0.0106635976501126932 0.3839023607443102226 0.005696778283092552436 -0.01124103620795871734 0.9999205897580890623 1.300177889903167294
0.9963167375695849426 -0.0853273286681505011 -0.008497377304574796342 4.569321634634045282 0.08542500400776559255 0.9962737227313196442 0.01188436306037704733 0.4563253166736127575 0.007451652767816940685 -0.01256647832270614724 0.9998932725514222408 1.287984344281325466
0.996305036782470177 -0.08534611327083609089 -0.009608050345534854125 5.265822341950880947 0.08546703657196318138 0.9962565818341253543 0.01296953398512951106 0.5109982404321061766 0.008465184078767918133 -0.01374278362437304432 0.9998697297932197525 1.283247200418360601
0.9960974470208215914 -0.0877198020840654763 -0.009752556635772921187 5.983788813734957301 0.0878391063718567261 0.9960554497760147896 0.01256313509019839347 0.5623409586904648538 0.008612051462643273425 -0.01337076264965153354 0.9998735196392448676 1.280325636540509571
0.9959919307704895308 -0.08886551665861962268 -0.01014858556986604314 6.724119683848698514 0.08900093516671468696 0.9959362473393146287 0.01377769121201771405 0.6131492110951899388 0.008882982580335430089 -0.01462570287815463319 0.9998535799984902273 1.275483583448911329
0.9964360019499033383 -0.08371453317533633642 -0.01035234047583984476 7.484918067759019245 0.0838549309256792913 0.9963801042239650574 0.01396561728281538878 0.6789167424308191201 0.009145740950942978301 -0.01478393864557170194 0.9998488838722491279 1.278621182426162184
0.9968865804201785252 -0.07801205632085216057 -0.01145708718458581486 8.270362976019255186 0.0781822664211357099 0.996822491225025531 0.01524644893699408747 0.742962304217438807 0.01023127535635536857 -0.01609472138702636862 0.9998181239345765858 1.265992108308879871
0.9970567572348959517 -0.07558328451436670259 -0.01284484154258194559 9.079617520068902436 0.07579676591780371009 0.9969777450007668573 0.01703602798740122201 0.8007594699499143154 0.01151838220564905917 -0.0179594842689355591 0.9997723659894578452 1.257011360202082928
0.9971489657100855997 -0.07411845301458575008 -0.01415609783913722788 9.913670359745996308 0.07437861714403662394 0.9970522385386509923 0.01883228442876133321 0.8553844291348509099 0.0127185492508934718 -0.01983150392152822211 0.9997224364578215505 1.252717800570021689
0.9974516738423949702 -0.06955664883357776107 -0.01587548273429326487 10.77259763738779164 0.06989589457928030436 0.9973134200671827099 0.02192044878330207461 0.9072022895025642075 0.0143081190226609558 -0.02297421939787248901 0.9996336643856547077 1.243304733587207611
0.997936501334081516 -0.0617818759529764408 -0.01748539701647341266 11.65553885563989489 0.0622003370103262343 0.9977630412944324956 0.02449554046528563608 0.9569232290034395128 0.01593290246296971691 -0.02553259153739856693 0.9995470120952240078 1.229292455370973869
0.9985363814890364509 -0.05055757386574628864 -0.01921006422662789939 12.56466782912224467 0.05105111429816019258 0.9983540431527675452 0.02613404387840051468 1.004943769349168736 0.01785717143608541932 -0.02707648879252233173 0.9994738541767717033 1.215780987357027998
0.9990504778666889907 -0.03840529343261123163 -0.02057124475318208162 13.49891345593888659 0.03896786969076939527 0.9988569225031431742 0.02768309049425470361 1.044203873695878304 0.01948455301266899947 -0.02845842237203087891 0.9994050582171333241 1.213835224205114027
0.9994422397890576626 -0.02595619414812258899 -0.02101155184123043931 14.45775502039583138 0.02654562430122947916 0.9992475732897628804 0.02827750174569653926 1.070043816233510636 0.02026176586306639021 -0.02881949444152104647 0.9993792561306470423 1.219559245793502278
0.9997048799148301468 -0.01370409614759200874 -0.02005868448459665471 15.43798650170704434 0.01425753360593146231 0.9995142376696792841 0.02771301916204057039 1.084280867559851647 0.01966915885214158555 -0.02799082786159506897 0.9994146475540929275 1.224640886650731231
0.9998385328325039012 0.0007008590573644489854 -0.0179559756050109362 16.43842666395957863 -0.0001915779966091720181 0.9995980737414975614 0.02834879662629002581 1.08560043478002477 0.01796862713779917228 -0.02834077925656328448 0.9994368057410700779 1.221554826117817072
0.9997393653975804595 0.01657722047904092166 -0.01569703907214208688 17.4554297785222694 -0.01608220901254741111 0.9993852334978109431 0.03115313178161533553 1.073812632234801168 0.01620382139249343725 -0.03089256913426299822 0.9993913574494053265 1.231148537805319076
0.9992862287467537685 0.03459809354653386321 -0.01516591441476176395 18.48853439040463087 -0.03410004224077480689 0.9989075074531675869 0.03195275689009077769 1.047247518812455702 0.0162548502382507537 -0.03141279160859731384 0.9993743124410827683 1.241615137988797413
0.9984217292437237434 0.05406338025315915452 -0.01520531122912975076 19.53631583129262594 -0.05354099332341943906 0.9980239509216550786 0.03288700990773479882 1.000468310622426582 0.01695324770992075875 -0.0320209978347367058 0.9993434059870279773 1.252841062583215814
0.9973608114528276225 0.07109058015125169216 -0.01474927767436699788 20.59828138990714308 -0.07056213760176473226 0.9969380846001467678 0.03369629372587183008 0.9320223745168270124 0.01709960570383835254 -0.03256662229260303548 0.9993232803238520923 1.248460379866772163
0.9960258170842570813 0.08813041262930598752 -0.01286864683742293056 21.66172942099395371 -0.08763313630880047167 0.9955336051967633715 0.03511800598863858147 0.8456474988309670149 0.01590613473856073573 -0.03385072072678987909 0.9993003170138372582 1.247299786740778682
0.9941434010399466947 0.1075660868453389984 -0.0104132189791989755 22.73215489177191984 -0.1070985188988540227 0.9935159529344538276 0.03815702444394653697 0.7415911369180523405 0.0144501009823312862 -0.0368183137246277381 0.999217497022582779 1.257328902846062579
0.9916651814284118682 0.1285365875330496122 -0.008860790479051999791 23.80435059450497448 -0.1280700741174867208 0.9909079261603730426 0.04122545315809219429 0.6201764279748976927 0.01407920658618374947 -0.03974704439209628126 0.9991105786668441624 1.273891252831450105
0.9885735386542292558 0.1504635902146052862 -0.00911409306439906787 24.87770865749190108 -0.1499344440396980505 0.9877357378469325822 0.04356345567654546641 0.4754569284146006325 0.01555702938101768094 -0.04169916305763247955 0.9990090883656319587 1.28511581842490652
0.984980118725074183 0.1723006748514251674 -0.01125358441040784363 25.94990933246396381 -0.1716618483401928796 0.984184669534685308 0.0437349525817831708 0.3072642573780667852 0.01861116709847425096 -0.04114624768609729394 0.9989797849609305391 1.302089120534038358
0.9808003155042166465 0.1945675053139541699 -0.01319950691251579183 27.02104376194727919 -0.1937845204675856248 0.9799687258891914832 0.04592228115264584964 0.1107569326453464315 0.02187008765361999132 -0.04248272772573793293 0.9988578062522232015 1.312049719028063111
0.9763054278458135338 0.2159472406208064466 -0.01394635533257495077 28.08870113044088512 -0.2151003677228303379 0.9754823596580163292 0.04654028149390206787 -0.1079217651967508684 0.02365466897477310967 -0.04243766327553852996 0.9988190533682294037 1.328843654062300983
0.9712103819993523901 0.2378835656487610362 -0.01272018438953188141 29.1533809248421214 -0.2370748924658355183 0.9703860920552943581 0.04632847621027870455 -0.3506040368792471829 0.02336427313195549998 -0.04197906073133881449 0.9988452678974506505 1.357135313871675075
0.96556774118785893 0.2598757427621868343 -0.0119806302496000619 30.21305201351569991 -0.259108513196013801 0.9647954807001146715 0.04508279949144367027 -0.6171710062304692768 0.0232747839243908905 -0.04042621358025336176 0.9989114103306842019 1.382430127168689626
0.9593743080363518194 0.2819133343830745875 -0.01121646008275209438 31.2631578706905735 -0.2811280431317311757 0.9585479571287008893 0.04639867723672400079 -0.9086906057218193666 0.0238319207093065609 -0.04136043739385484447 0.9988600271178611489 1.410580286010586937
0.9527408314658981636 0.3035749226766399911 -0.01127716185665368805 32.3045331619814462 -0.3027434324027693524 0.9518923363614500976 0.04740668848727750545 -1.225031565424956836 0.02512612573913713607 -0.04175220111816866503 0.9988120100935555801 1.431142658561092462
0.9457686131266387353 0.3246079416741157186 -0.01230506507939560165 33.33779107544853559 -0.3237291453262047813 0.9449863165547938149 0.04690737671803834469 -1.563794985336018684 0.02685462513011983507 -0.04038001642269184455 0.9988234495559382697 1.456410037788517631
0.938421600182151483 0.3452013375736440182 -0.0141752195375387819 34.36294562234307648 -0.3442430554194467196 0.9377270623408533456 0.04652607171336339831 -1.927629234581229367 0.02935334916247323706 -0.03878134978260022736 0.9988164935572427794 1.481002801846654782
0.9310666279844037607 0.3645522024581995812 -0.01471821784822247361 35.37245877466168764 -0.3635037228982516133 0.9303392658429683326 0.04831039091000902813 -2.31225876013944287 0.03130459539529254626 -0.03963006577893413845 0.9987239259142109971 1.513850275043384652
0.9235626859122272325 0.3831143467568023375 -0.01598006569765752713 36.37410838508195354 -0.3820223571590359857 0.9229204854549771797 0.04771473732719462568 -2.713424723834863883 0.0330285304130650964 -0.03796280859812488362 0.9987331682396932697 1.548985406974149992
0.9154221312692580881 0.4021633791244808021 -0.01633823961228426241 37.3640162336168089 -0.4010053887166899478 0.9147714673665188201 0.04886553706123038937 -3.134430859501276423 0.03459768493159201541 -0.03818087195553796637 0.9986717284543951134 1.579693195371410841
0.9071874466956744154 0.4204496861924373885 -0.0152642699944571629 38.34167190434529715 -0.4192688420615416356 0.9064664654131345811 0.05032082230839021036 -3.57413165448648984 0.03499392281749541533 -0.03925058550008445751 0.9986164513484362404 1.619759457931884583
0.8987011502036194033 0.4382886881820733938 -0.0154683041839992208 39.30921615854162354 -0.4370951510704843002 0.8980207612212200985 0.05006537053024714273 -4.027995012034826239 0.03583394387116781848 -0.03823268532679414966 0.9986261513896681485 1.655368611332151518
0.8899845601182162502 0.4556973923944506177 -0.01635143162182733576 40.26153219604631772 -0.4544684390867552715 0.8893706778953432979 0.04978187595928623699 -4.499690396317786778 0.03722795488921466084 -0.03687389137147927681 0.9986262541661374836 1.696838517192136964
0.8812588422139211453 0.4723055713248668352 -0.0176153431777647286 41.20181087739551629 -0.4710287379297870558 0.8807247348070517123 0.04955673055519608378 -4.985945915006589679 0.03892018838663641872 -0.03537497412775674616 0.9986159572835842102 1.736546068554995381
0.8726553137151011885 0.4879805657994694124 -0.01864593378804250967 42.12981360330273617 -0.4866675444478313906 0.8721926412671433537 0.04934265599420253195 -5.491787043138888436 0.04034110342958460715 -0.03398476013559362935 0.9986078466808728793 1.772882021082020865
0.8642836402060847245 0.5026097512406111356 -0.01993056020211834631 43.04463794260058762 -0.5012698503319270582 0.8639143272429483655 0.04879110915496093909 -6.011627685152984846 0.04174118374371657558 -0.0321787685005947427 0.9986101343554742993 1.816951333996798867
0.8562049528838293622 0.5161667458736907133 -0.02202201424402824848 43.94909080538876367 -0.5147831447931190407 0.8559654855046525679 0.04818092425110781507 -6.546963401014442852 0.04371947499806112802 -0.02991618423109940195 0.9985958288651844983 1.854185620124111589
0.8484006033089570575 0.5288207298779784571 -0.02377082153228358627 44.84698617983060842 -0.5273576439399106919 0.848244244298469896 0.04874030562751972134 -7.095334304694757677 0.045938346543426406 -0.02881558026206951922 0.9985285827912069312 1.888339969525080431
0.8413828996695199569 0.5398434243179422998 -0.02537505397804459828 45.73775034735190559 -0.5383455881816050503 0.8413278012752807289 0.04849287047291921116 -7.657439385162362555 0.04752729562169696886 -0.02714052361285281684 0.998501150799991799 1.931045894598253376
0.8352392749550004991 0.5492636863402815539 -0.02616785127842937222 46.61798956963758656 -0.5477045617798635968 0.8352175458213935144 0.04930886489888091501 -8.230778092497494924 0.04893941742780323623 -0.0268524490498225632 0.9984407240301519382 1.974457237632460727
0.8290625638227695493 0.5585198602329605189 -0.02666141393419502875 47.4959319134567437 -0.5568936808314116638 0.8290539787312358744 0.05038778224876840073 -8.817730752344818512 0.05024632839977578175 -0.02692705099452360681 0.9983737979369652349 2.024456263948057888
0.8229457947827396591 0.5675149384106054073 -0.02621094294778105252 48.36710788180902654 -0.5658597742858088031 0.8229103118615720414 0.05119896949259614138 -9.413169443476052223 0.05062543525362154379 -0.0273022583808921783 0.9983444555826833655 2.072053161730035509
0.8172508778961138365 0.5757155464002772227 -0.02554627587460417751 49.23404023134684593 -0.5740862720467159175 0.817202697082354601 0.05103630206852315804 -10.02105050812932951 0.05025887807676582969 -0.02704369638854333194 0.9983700134018995698 2.11375320377436493
0.8119245155474179576 0.5831669653070847836 -0.02636041781945145171 50.0968319503965418 -0.5815878399478240368 0.8119688756591412204 0.04961984870648351864 -10.63874071087597883 0.05034049540792185501 -0.02495667316281090925 0.9984202516910049008 2.163437358324135307
0.8068930717270416109 0.5900221420760181079 -0.02823902723052653871 50.95224956372753411 -0.5883899647359005503 0.807043487946391358 0.04978009603655522697 -11.2682357198795291 0.05216148192857546911 -0.02355165436545753055 0.9983609063758781543 2.211389813322935272
0.802284465214320397 0.5961863583888731277 -0.03002437254608421313 51.80540633012543594 -0.5944419341478144325 0.8025116954507739431 0.05112499967070649465 -11.90625939435984293 0.05457493749311455311 -0.02316904693202623267 0.9982408384061854933 2.263284269890335931
0.7976197856488191906 0.6023625726122857627 -0.03101626440176917868 52.65787400032312604 -0.6005401819792864915 0.7978920168415535308 0.05215188672333444242 -12.55028170536454724 0.05616197441167072868 -0.0229708636412913926 0.9981573884181572653 2.317077854367695089
0.7932788361120741705 0.6080419149253000199 -0.03152329092349537981 53.50502026542948641 -0.6062028879571138562 0.7935899144923423965 0.05227911866598010382 -13.19715667082954624 0.05680446117276346379 -0.02236240841257853759 0.9981348485454563102 2.369873158448412287
0.7890976252441709304 0.6134722848373436177 -0.03125209705698268198 54.34804866741077234 -0.6116035283673820766 0.7893909765895048558 0.05294346199141598819 -13.8533935633012657 0.05714947001135457089 -0.02266366730070089319 0.9981083589780742615 2.421944053084928328
0.7851897971301806667 0.6184947004183719566 -0.03068041781094397319 55.18255788781893756 -0.6165823900923204093 0.7854388806555887559 0.05396221810245949851 -14.51650629369856382 0.05747293894266514852 -0.02345357774166190873 0.9980715360035113948 2.481297224075493801
0.7814477668282373557 0.6231687708367916745 -0.0316238956000559554 56.01638336183137312 -0.6212633384152396188 0.7817733519500582595 0.05350037870820925634 -15.18408355543981614 0.05806248410387205433 -0.02216098451180933959 0.9980669510133851619 2.538691441564243867
0.7779905897820662553 0.6274915026306338017 -0.03138560716159560088 56.84374019164742009 -0.6255733181392675313 0.7783053313061221168 0.05384082923483218819 -15.85643545907232621 0.05821224821959367079 -0.02225366007686769773 0.998056165138216933 2.598268040164088966
0.7749017596305363131 0.6313215664935410976 -0.03098939498667231673 57.67045218179461585 -0.6293701258073154392 0.7751860413867678323 0.05458796552717647133 -16.53567353817627605 0.05848510633300193357 -0.02279651112020555925 0.9980279612405474898 2.654436886552266728
0.7722177421122559116 0.6345410111295288758 -0.03220968739004841791 58.49622354783602418 -0.6325732795517262641 0.77258579146062345 0.05442647177923296692 -17.21862257667832452 0.05942057525994707406 -0.02165409956283688431 0.9979981438900072943 2.713224213816621155
0.7699365515094854784 0.6371761313655859293 -0.03470279913302237729 59.32711039055510582 -0.6352222907810646246 0.7704826892323575205 0.05337665115133070209 -17.90841413717256714 0.06074823408575675404 -0.01905264315678674783 0.9979712665423801088 2.772483720867588985
0.7680267553236255207 0.6394099940663747761 -0.03591326489060112093 60.15985285110166103 -0.6374444814562252315 0.7686555097601203146 0.05322819155685992731 -18.60678594957408905 0.06163956657917090548 -0.01798796273757024763 0.9979363692282607889 2.833552138541678644
0.7667754173507138615 0.6409089738582804952 -0.03593252808479596716 61.00002386939571863 -0.6389256166295123052 0.767403751278875057 0.05353072891067379296 -19.31090425028564539 0.06188308138123167768 -0.01808783433793429568 0.9979194929891526122 2.889010467980568819
0.7660109387366749178 0.6418967807157522909 -0.03457982999540982344 61.84476063130599499 -0.6398916756512845749 0.766543756786137287 0.05430757188815003855 -20.02277804945607542 0.06136680835720019489 -0.0194728487630519316 0.9979253093258543261 2.951920211314261522
0.7653994050553193373 0.6427540989530398097 -0.03210792768194717373 62.69476370979943169 -0.6407024029672068188 0.7657498655873080651 0.05592471890914212096 -20.74764507182079853 0.06053248361838572261 -0.02223312016082249279 0.9979185872579507954 3.010095028941197626
0.7647976470092164858 0.6435289466951599202 -0.03090394626231294378 63.55594304086361035 -0.6415461885361212202 0.7650935430845205998 0.05523004893308079005 -21.4727364581635598 0.05918654495695425261 -0.02241350253291210515 0.9979952844579305093 3.057883452427391013
0.7643317093875412471 0.644213136033412459 -0.02804413283942356477 64.41772213920918944 -0.6422812846216824356 0.7644561842015390463 0.05551120482158575925 -22.20777612195547235 0.05719955812277364993 -0.0244167524052384885 0.9980641426043421749 3.110198012289265179
0.7640667716567883794 0.6445601038421939766 -0.02728078050411038291 65.28832418391145609 -0.6427116188859975932 0.7641766481269041122 0.054367503220858239 -22.9472824974207974 0.0558904589255940637 -0.02400672806673085496 0.9981482523195722711 3.168307730675643086
0.7639393073201243833 0.6447281817599397336 -0.0268757581431786699 66.1618479928581138 -0.6429569601222623332 0.7640560666180634675 0.05314766687704143566 -23.69388825449733105 0.05480038468467338109 -0.02332163606300846279 0.9982249341354665351 3.21688295254750134
0.7643745063922763316 0.6443296622219901737 -0.02389352126539952964 67.03529765261397699 -0.6426371399880945745 0.7643331864671960574 0.05303099445441885468 -24.45103969575131586 0.05243205398881645857 -0.02518067603934688939 0.998306973464933467 3.267448683169446255
0.7653313513830500847 0.6433164546239042991 -0.02029437853998694238 67.91158987189318452 -0.6417110796670953965 0.7650995615174440712 0.05319352590593597746 -25.20861433185584488 0.04974749061696458197 -0.02768754550235151893 0.9983779780230382928 3.319753163048634992
0.7666702068309348972 0.6417408095375526367 -0.01963484993317020019 68.79902593358895047 -0.6400973289102714903 0.7663694908655873661 0.05434347239877155428 -25.96902590763293617 0.04992197391677515722 -0.02909530622810112613 0.9983292341085409083 3.372365085481693558
0.7677952822488207651 0.6404101793821707078 -0.0191103819990513478 69.69440656680021107 -0.6384346332122003975 0.7672492292102353062 0.06107241105035041834 -26.73023508218435751 0.05377381957474187957 -0.03469037935791041694 0.9979503764758783646 3.419798083083494866
0.7685975631799888408 0.6394127628434777 -0.02022633398947058098 70.59083162982007309 -0.6370965616961118405 0.7679151016652837614 0.06644070822462108672 -27.49711593285710975 0.05801514413302262529 -0.03818003859698750058 0.9975853485812414823 3.471026788818504905
0.7690012254101815659 0.6390322468840885506 -0.01658019179359267181 71.49101272468109869 -0.6366242898734180145 0.7679353761827303337 0.07060291460169845768 -28.26343677735875559 0.05785005497668319757 -0.04373837501967551417 0.9973666956991460442 3.535733738884534461
0.7693013795722756232 0.6387762553945129929 -0.01184410960593327254 72.38935201722065926 -0.6366063206436495259 0.7679892699783734678 0.07017744448638599253 -29.03574527658856397 0.05392383429197449007 -0.04644756982070024492 0.9974642065522967282 3.591801372493162336
0.7694592529728964125 0.6386359667400366424 -0.008749857165182705829 73.29405780220447753 -0.6367011638914374938 0.7680660152489313663 0.06845600133602075532 -29.80610208549853368 0.05043893251924604082 -0.04710305940857046486 0.9976157656536266405 3.645150890687625989
0.7696011301127383408 0.6384679195370869254 -0.008533243883761412393 74.20370307242710339 -0.6365287968303149357 0.7681825956203029993 0.06875020430373754432 -30.57616976347962279 0.05044988934524591989 -0.04747857946524776385 0.9975974103600182552 3.702905372248474158
0.7693953340328851809 0.6387078287298764145 -0.009117537364439940242 75.1158396446001575 -0.6366278824400849468 0.7679023191387766012 0.07092931383526801525 -31.35249228854572223 0.05230448612001189351 -0.04876820460561762799 0.997439673840611829 3.748969572517269366
0.7684158865062182819 0.6399341271644340967 -0.004619334925775691464 76.03158378000024697 -0.6378010468754440332 0.7664057950542295661 0.07636741393999052496 -32.12878954927614217 0.05241039943990375566 -0.05573571743135711382 0.9970690446668984963 3.800223228889842098
0.7671266295674268321 0.641494276217348558 -0.001351957432783607981 76.94380750702852367 -0.639319493527877647 0.7646959823932164557 0.0806885351641216525 -32.90840130417815601 0.05279506988136256629 -0.06103399128398698248 0.9967384473893681207 3.86392598382144925
0.7652268527960980338 0.6437596446012632256 -0.001176325904752074892 77.86610084757887762 -0.6412826016917203553 0.762440062486948289 0.08626572831893744575 -33.6777671053891936 0.05643127260019249053 -0.06525849444902695473 0.9962714692165830499 3.920928605659797395
0.7631572659408085713 0.6461969443512610711 -0.004527311878281605438 78.78110212328114415 -0.6434141096011740668 0.7604847741336725475 0.08764240912358250979 -34.46217611864891239 0.06007720872242978266 -0.06397200498616761877 0.9961417125942328976 3.982970465707604379
0.7606954932814951054 0.6490875160545834799 -0.005269060951798621578 79.69474780018357762 -0.6462720703936029043 0.7581041144532087994 0.08723853895086791654 -35.24895021493905745 0.06061994333871315033 -0.06295671649003840853 0.9961735161699512009 4.04307533189272128
0.7585011759982401847 0.6516554470573410196 -0.004598296400146889562 80.60705710279198399 -0.6489508112579771559 0.7559596000494190893 0.08595305498198156646 -36.04186919374225084 0.05948790277779113927 -0.06221142510519445112 0.9962885766731850445 4.110023823463041737
0.7564647009262318589 0.6540144179998897966 -0.005128089395881660524 81.51634679165130137 -0.6513846088366453957 0.7540817094359200112 0.08401706293921090696 -36.83567823293391541 0.05881536893803478161 -0.06021558388379485982 0.9964511206447692615 4.173607118834478769
0.7547001844195533327 0.6560560744405177225 -0.004249567835666560357 82.42367250774917409 -0.6536564510146577467 0.7524632780671979271 0.08082239298170416919 -37.63272638995576358 0.05622166561046027661 -0.05821891745871391605 0.9967194600116529024 4.246435604790590901
0.7531040265964984437 0.6579007511912039474 -0.0009626558004155191068 83.33309867148363992 -0.6558094984214183354 0.7508251401034655714 0.07858441810472829858 -38.43761020187668009 0.05242353387924279795 -0.05855092288479068346 0.9969069979315779984 4.305956533713578338
0.7518032144178424803 0.6593618824413102208 0.00581676666640269617 84.2346680990925023 -0.6574761436485193622 0.7489235711554799169 0.08269585903051292208 -39.24763676719999239 0.05017018361607974986 -0.06599539795451409008 0.9965578558843205537 4.36853729517078726
0.7503338606583018766 0.661001364993877516 0.008734587903197914283 85.14117322732391813 -0.6591583242918771512 0.7471098470185890683 0.08565734063455918146 -40.05725704495416295 0.05009392244906053782 -0.07002907941770405986 0.9962863679532990568 4.424337690164236392
0.749267204190847913 0.6621761613116607936 0.01101762744802708797 86.04322687554324034 -0.6602497491326245749 0.7455829150274746464 0.09042336860259048148 -40.87325746023930151 0.05166164432474595891 -0.07502565034497807317 0.9958424706227267942 4.486098010204053743
0.7482439722289722095 0.6633904302251403262 0.006640414799717995684 86.95473670843152547 -0.6610289792689945099 0.7446560931276811068 0.09234712520923139822 -41.68443991969323292 0.05631737378110168724 -0.07348768640746186631 0.9957047320149072789 4.53574271290877018
0.7478003658570009371 0.6639200958287617693 0.002172367110657680636 87.86155682564121605 -0.6611152142655541963 0.7443325030900882489 0.09431753978054294163 -42.50136186006925243 0.06100234660032469863 -0.07196687570244815479 0.9955397945390642711 4.588453178273619315
0.747440766333056783 0.6643264278689695601 -0.001642576728046653972 88.76607807051692589 -0.6613411992782100013 0.7443117194856094798 0.09288639498674790274 -43.3174221504720407 0.06292947608801184589 -0.06834077458757700785 0.9956753585220728953 4.66271643676834735
0.7468159642329763592 0.6650096526396027663 -0.005298817125063294727 89.67056241036719655 -0.6621101479696493985 0.7442584891671971681 0.08768952764253032384 -44.13392058822694253 0.06225807194556280677 -0.06197953854875075386 0.9961337607364308955 4.732423954223695439
0.7457372320705395463 0.6662048144743067946 -0.006864828841628425708 90.57867479448115944 -0.6633937888156681284 0.7434632227367179436 0.08468245035853737279 -44.94788729969025809 0.06151960390447210741 -0.0585967713205075777 0.9963843418712725608 4.80653716206835302
0.7449375356460513631 0.6670884305153896854 -0.007816256015644028332 91.48247017390561098 -0.6642019775174856644 0.742709696777477113 0.08495904527811884432 -45.76801590652435436 0.06248040530798033149 -0.05809760911794945026 0.9963537859451975232 4.89091020588523584
0.7439110969736831835 0.6682037784095138377 -0.009999515921322050388 92.38971536766686654 -0.6651633232844754717 0.7418034676066842525 0.0853543719082468233 -46.583654379880997 0.06445178939768632376 -0.05684475319630102191 0.9963004772042859392 4.961177018305926723
0.7431582143728545642 0.6690442083595343759 -0.009783438593589084339 93.29003254222745056 -0.6659612936849214071 0.7409937307615589441 0.08616174490788994222 -47.40961228035494912 0.06489548307591555543 -0.05751641707052330965 0.99623312434575928 5.028328443061569786
0.7423962349169430652 0.6698942534441260088 -0.009461478937468474973 94.19477282542244723 -0.6669587433274041244 0.7403310925208000937 0.08411841740123537914 -48.22818671647609534 0.06335507146454052996 -0.05613878026369634178 0.9964108451187327908 5.099464104708038903
0.7418637107232490813 0.6704989158348143574 -0.008332981235432393788 95.099202954188641 -0.6677363669071774144 0.7398303965870902665 0.08233546377711141451 -49.04927372968700894 0.06137083200947256179 -0.05551745806615421969 0.9965698333926920061 5.171457016688287389
0.7419055298226007178 0.6704931529796042122 -0.00388801056009220429 95.9936723348006069 -0.6677637927690467379 0.739384375094086943 0.08603640469838481908 -49.88035652839619871 0.06056155451558224712 -0.06123461173385359724 0.9962844074060681621 5.239984158386868707
0.7418203443281179421 0.6705716211881986855 -0.006023088737800654999 96.89494700741201427 -0.6677831850931067459 0.7394982088549026944 0.08490004009007444397 -50.70526949354184154 0.06138562085552200231 -0.05895845959166310518 0.9963712689528739785 5.311497578415204757
0.7422099618416586608 0.6701416278110989833 -0.005879729389537065136 97.78890417804515778 -0.6673530816623252093 0.7398678465079061572 0.08506135491250618741 -51.53660536579619134 0.06135337756637054829 -0.05920952945636289572 0.9963583665944469869 5.381882052160717578
0.7426400632924913259 0.6696677099190551097 -0.005558298722871961653 98.6839674189895959 -0.6669794078889400568 0.7403539742604939855 0.08375238652606123435 -52.36667343997349633 0.06020137743476823566 -0.05849060683956032458 0.9964710949478146063 5.450206360656487448
0.7429198245031013448 0.6693401984131038818 -0.007337107644568977884 99.58453331398678188 -0.6665439488121573941 0.7407352971413688758 0.08384738440037414753 -53.18945740715138726 0.06155727952222422167 -0.05740137940149916962 0.996451595904501497 5.520968176239298586
0.7429434607913744104 0.6692152165690082866 -0.01363847424864171251 100.4868658801994314 -0.6660979616944212589 0.741183124283419037 0.083433097173766263 -54.0077548816819899 0.06594330514823232292 -0.0529015140611788573 0.9964200471267937731 5.594561169329865358
0.7433360032730456091 0.6687418885406323232 -0.01535814927533324381 101.3871089533137422 -0.6652018647222451841 0.7414281840306351512 0.08826509556491017594 -54.82974871790358407 0.07041353142757914019 -0.05539435382909949079 0.9959786143064286446 5.673058137842177828
0.7438508503762463198 0.6682057073527772895 -0.01367644163186156232 102.2800410797596982 -0.6645294302506273842 0.7416322763509699545 0.09155437185222278784 -55.65719674393238137 0.0713200443445723975 -0.05901439939246205801 0.9957061574274989058 5.756389878594994514
0.7439936723918081363 0.6680926018008800371 -0.01121119350833931459 103.1787801478196513 -0.6647567972324953667 0.7417683440175477649 0.08875879869995922933 -56.47414461071427638 0.06761520519931747686 -0.05858326751211052896 0.9959900525574835184 5.84180362906423678
0.7443309329597325164 0.667783501284971881 -0.00605455620818374108 104.0724114235643754 -0.6648928296663103588 0.7418946187772954559 0.08665967740315193291 -57.29350119507388683 0.0623617454664391474 -0.06047784752184452023 0.9962195755261505914 5.932062403834331477
0.7444705723360159899 0.6676372226264047915 -0.004909774881314361329 104.9704251342910197 -0.6649663718934772927 0.7421115779792915035 0.08420291016296167774 -58.10945535760736647 0.05986059786295568758 -0.05942175353173687752 0.9964365328663451482 6.011667700443694251
0.7449507347192436679 0.6671102733394638218 -0.003505145675284830533 105.8651914781405878 -0.6643064090636193741 0.7422812291075309155 0.08783832757750102693 -58.93198291268625866 0.06119965455995944603 -0.06310673592857564407 0.9961285771235471875 6.078882069295217683
0.7451982268820014355 0.666836886573894172 -0.00285820859222374931 106.7622806678563023 -0.663849566505453681 0.7422519003579632901 0.09146512704584948417 -59.75224293078083804 0.06311383130853748247 -0.06626222996117411834 0.9958041781284762139 6.14320335694682651
0.7451357249584878994 0.6668968522499478802 -0.004619507517023252463 107.6597214481186029 -0.6640299931541646661 0.7425402872054681636 0.08773876035425186293 -60.57001641426703031 0.06194287353900135989 -0.06230979325861994017 0.9961328074517972198 6.210561525069508981
0.7448517794182354379 0.6672299526942537806 -0.0001300965491514837087 108.5616031025178216 -0.6648378156585664778 0.742197821979452943 0.08445751546962716738 -61.37686983266193863 0.05644914142690082154 -0.06282183757723235062 0.9964270726729506089 6.282454805363396844
0.7440931891214306315 0.6680574838013810801 0.004952195479420070864 109.4629106795648283 -0.6663925793121456831 0.7416721409150972555 0.07644191015484685936 -62.18124853387085693 0.0473946847315666886 -0.06018001102844255934 0.9970617383752181651 6.352580745397116146
0.7435646593694691386 0.668453163619989188 0.01679182489169477391 110.3563113966153821 -0.6676750336503088912 0.7408653835939351673 0.07299680015089798912 -63.0012174873281765 0.03635446020537622114 -0.06548932308887607523 0.9971908051042872589 6.406289920242736358
0.7431815663408506412 0.6684645632443051433 0.02891862959685579174 111.2509806901065161 -0.6686100832167856112 0.7403183895576659346 0.06992309134747269617 -63.82170436891533427 0.02533211542692105286 -0.07130083989227828378 0.9971331276006493161 6.459199999548818738
0.7427726058438104406 0.6686473056842648921 0.03463577065937120669 112.1456894971351801 -0.6693034038020213572 0.7401257920117990663 0.06516721305944823961 -64.64571064401164335 0.01793905423994636081 -0.07158625985536849756 0.9972730808223472243 6.50209167941651156
0.7422943846792992018 0.6686598586803083055 0.04350907794024853892 113.041315026290107 -0.6699335245366505598 0.7392436568325476687 0.06861405493587657833 -65.47899598414350919 0.0137156543949444789 -0.08008001762282866698 0.9966940712184686468 6.521852995655253338
0.7418703603726102269 0.6691644442499622425 0.0429804019554563127 113.9472351907100887 -0.6704806683976822779 0.7393992742447601518 0.06119139278786864949 -66.3041325030212505 0.009167426335162813522 -0.07421360925033346212 0.9972002298918849483 6.533395499544687901
0.741485375241095257 0.6692965493218118178 0.04734519373165486933 114.8456468302510274 -0.6709650829484399281 0.7393907624119637756 0.05574188661902429454 -67.14871045913453429 0.002301253477010203104 -0.07309876555572357437 0.9973220516496483778 6.532439301199480575
0.7409665564037537511 0.6695891787697307862 0.05117513034316792386 115.7511629536918889 -0.671512497157840782 0.7394930057834796511 0.04712812916035611505 -67.99757605610402322 -0.006287165657393944777 -0.06928510714281908844 0.9975770874855760528 6.523030693841976202
0.7404815435179041838 0.6697311498679850983 0.05610054015647782805 116.6624301218646309 -0.6719461170250419224 0.7393992841392865722 0.04215583505612419124 -68.84782189351639659 -0.01324762334574383117 -0.06891215793179773785 0.9975347688000013591 6.501596422824390764
0.7401222307069266204 0.6701627461331923774 0.0556864194271933996 117.5817786105724991 -0.6723049159741084635 0.7392444614541000547 0.03903493520533081462 -69.70259179621125156 -0.01500611776742699632 -0.06632887685356800289 0.9976849685772029019 6.482315945210289421
0.7397975456100313041 0.6706994608417039538 0.0534960254226544904 118.517652991288557 -0.6727165350727110082 0.7387887687726407693 0.04054156601774862312 -70.54948160526767253 -0.0123310562864504536 -0.06598021189760727712 0.9977447352348230991 6.455209180468730601
0.7399617701973311146 0.6707199235548698679 0.05090542989683546904 119.4398708247977368 -0.672585683724991612 0.738808106306890866 0.04232115432513015862 -71.41973870642031841 -0.009223702869114053585 -0.06555429964369545448 0.9978063725511111537 6.434184578345671035
0.7395477207097977956 0.6712329569211143987 0.05015462427214789631 120.381128528169441 -0.6730411326935923366 0.7384422326541559833 0.04145723984144791818 -72.28325180311284726 -0.009208827040892295784 -0.06441573236161018956 0.9978806596626914605 6.415362191014375881
0.7391924945488259624 0.671519017846556987 0.0515428430830052256 121.3174341123104085 -0.6733616196268882303 0.7383980497350630667 0.03677566261686063959 -73.15619148254002369 -0.01336357796916083467 -0.06189126608699017235 0.9979934298210643151 6.400538821785110244
0.7388206545006094084 0.6716864070463614 0.05460229914976919702 122.2566947566884892 -0.6736357414412703637 0.7383782904960854987 0.03181804483227185926 -74.03051398979413023 -0.01894540409073371817 -0.06028988898006164276 0.9980011026800574836 6.383635075576041373
0.7385786958827155191 0.6715909855023702857 0.05888173044453089144 123.2014651520564996 -0.6737801827737391891 0.7382931006703470356 0.0307174674078383135 -74.91247017121411034 -0.02284240113416121168 -0.06236061011985109814 0.9977922524332938359 6.36389501075992392
0.7383503307450282049 0.6716883544464486988 0.06060976480509899095 124.1469135103425572 -0.6740063439117019994 0.7380515760155555993 0.03154868472274497543 -75.80113923342140936 -0.02354224830996508311 -0.06414534778124228453 0.997662837286492965 6.337612294358462073
0.7383686775211922848 0.6716724077295487261 0.06056296517176532057 125.1021100737096958 -0.6739819498110706242 0.7380836642652459645 0.03131829934168123275 -76.69355648203858777 -0.02366489772792325016 -0.06394279661993634845 0.9976729380793829538 6.299627100473154329
0.7384483727864448177 0.6715081799561491982 0.06140655487024043735 126.0588892789281203 -0.6738658381213250559 0.7382004480401496149 0.03106333411542583356 -77.58859855801591721 -0.02447106336259416426 -0.06431844809463556356 0.9976293421369489822 6.258877062902282518
0.7385643413426632442 0.6715117070287510703 0.05995615915325824136 127.0279014772957282 -0.6737486595928328104 0.7383557537730608411 0.02989188129034948613 -78.48800692470396712 -0.02419622685335822213 -0.06247245948054233611 0.9977533434734823237 6.213969071615359496
0.738585850340919059 0.6717277591343285836 0.0572080351397866102 128.0070707563281758 -0.6737509370023898603 0.73842950374720151 0.02795608849720427128 -79.39149886393852285 -0.02346522031823709831 -0.05919193867441046447 0.9979707900692190714 6.170290067880664253
0.7386580852943886999 0.6713482889726017921 0.06062761683249352773 128.9828979703057428 -0.6736557194423303807 0.7383927090684601069 0.03105122955982274335 -80.30629700746649746 -0.02392080040182700817 -0.06377838260806253934 0.9976773592800608492 6.144132349086000922
0.738688988810789704 0.6710924068785698582 0.06303617405602314483 129.9688299745514257 -0.6736011481011194846 0.7383645310649924465 0.03285289244537584891 -81.2166482528030258 -0.02449634843291671749 -0.06672930911602349691 0.9974703645815004016 6.104710586439108688
0.7388910498714906794 0.6709914335254411055 0.06172934922125730001 130.9540326165161161 -0.6733793903998768204 0.7386282821201402005 0.03143974295284153453 -82.13421333093404542 -0.02449924497809297108 -0.06479781622650623851 0.9975976293114270366 6.063213988533434851
0.7392014669436096641 0.6708831415807178233 0.05913545139087170166 131.9434808304740727 -0.6730392851795975462 0.7390514766332323404 0.02865371688237465519 -83.05815838647420435 -0.02448084707178451239 -0.06098135148572333269 0.9978386457226552375 6.024343233362941419
0.7393409507209164344 0.6704438738508622375 0.06228941003847009855 132.9343300782030894 -0.6728395470571000292 0.7391676518972670751 0.03030059908116025311 -83.98312444990844483 -0.02572746592822705569 -0.06431325216881653151 0.9975980669048943872 5.991248574430578344
0.7394909081394616113 0.6702292942005638743 0.06281631933254541722 133.9345970875450575 -0.6726296299915888177 0.7394032516387123444 0.02919267585332635181 -84.90772718990187684 -0.02688080423745901892 -0.06383983600788074864 0.9975980642032312717 5.957341204548626479
0.7400934781973502741 0.6700017725876098451 0.05795919477709436662 134.9286772123514027 -0.6720379448645673603 0.7400368216586130643 0.026655266864674107 -85.83578935709026325 -0.02503286224060596865 -0.05867816731015889492 0.9979630396408295523 5.920213010562541456
