1 0 0 0 0 1 0 0 0 0 1 0
0.9999880762538089218 0.004274168911885263544 -0.00236195476652766587 1.420678594581314957 -0.004256329695889763017 0.9999627648077833442 0.007506840580002145137 0.2389151413349536179 0.002393952323321451182 -0.007496697812127252683 0.9999690337776402371 1.372126237640547419
0.9998348128271339341 0.0181656996470548962 -0.0005953278617510334748 1.8142586889399126 -0.01815083056800427877 0.9996489512097563868 0.01930082109460005968 0.5189101110651374027 0.000945731791571413345 -0.0192868271513783919 0.9998135445620904838 1.469405574997905584
0.9998965105852229973 0.01427589964517623176 0.001779552982021442896 4.815260172002117756 -0.01430853053622334684 0.9996992401617407209 0.01991720798536169429 0.479186438721581176 -0.001494681701543270182 -0.01994060955334737983 0.9998000490184284494 1.489455890894624712
0.9999482348225799955 0.009734287599819362036 0.002961641458792422989 7.042474679992203335 -0.009799731713149680695 0.9996885947881074541 0.02294948167016689841 0.3933658915940405065 -0.002737322333362210598 -0.02297731697790325253 0.9997322391375303985 1.474027193557022164
0.9999744083241176584 0.005971048595916128576 0.003940720174805087059 9.459972366732907645 -0.00607263887977935353 0.9996358623071824878 0.02629193500698255234 0.3728025249004974229 -0.003782294788445232994 -0.02631519272285138406 0.9996465399720505518 1.445124697481013909
0.9999903244860991469 -0.002223264890880527738 0.003795790749120474695 12.49501349835624708 0.002116016270657562412 0.9996048823972963904 0.02802858474182185269 0.320037801061637428 -0.003856605933776879967 -0.02802028159587541256 0.9995999151710445174 1.386281935221360673
0.9999717869712497764 -0.005638334382324533198 0.004963310076806765232 15.09444163689664364 0.005497840598629528258 0.9995961863774617262 0.02787898721953178949 0.3648204934903073737 -0.005118496876769141821 -0.02785091318121998491 0.9995989834051927092 1.360097219299487126
0.9999579761006226475 -0.007526062756812679395 0.005234922361140380113 17.45087523278422736 0.007370454455482778472 0.9995483166627040506 0.0291348426780454646 0.3483695900217604335 -0.005451828488342649014 -0.0290950345615076135 0.9995617822475999503 1.335447358567009246
0.9999287227812128087 -0.01026983786816724163 0.006089317473570106214 19.85248202132239115 0.01009291576533892856 0.9995455091048740526 0.02840613102187381639 0.3514954870794963493 -0.006378276294277397153 -0.02834264734352892265 0.9995779168894609601 1.303086246882889876
0.9998983368991881671 -0.01272319489002324278 0.006437093911708157389 22.14947655889837108 0.01252686564382329837 0.9994811886998601347 0.02967205878020808679 0.3563297779501734541 -0.006811277661295514138 -0.02958840561613637968 0.9995389600959613263 1.28065153652686381
0.9998563888550910939 -0.01581306141294562886 0.006094977802042337613 24.49391347432433719 0.01561856953222952663 0.9994055080979528105 0.03073582062089243519 0.3732656415105014003 -0.006577381806151318643 -0.03063621177990475883 0.9995089597279021021 1.253526447099399643
0.9997923304167306569 -0.01958091812550378716 0.005646564021169464369 26.83308891410435137 0.01938748502292871739 0.999284096295289026 0.03248723311999923702 0.3967152787236478684 -0.006278651476914681034 -0.03237101383444419833 0.9994562001403370921 1.231033931244875035
0.9997058071616141683 -0.02364800930621384703 0.005391732856760088864 29.16464576568499467 0.02344438436541604678 0.9991076674938901281 0.03513160395776148553 0.4317546522886448468 -0.006217714135603103452 -0.03499486263398658009 0.9993681501929888578 1.216349116941880748
0.9995800529822450597 -0.02845016997829307934 0.005505043888877815365 31.48909783313722244 0.02822468473996890895 0.9989005451783956602 0.03743084307938213118 0.4780704261119151921 -0.00656390518987028191 -0.03725974598021562084 0.9992840569518499638 1.195212416042855219
0.9994061126340998413 -0.03405387649602786143 0.005268351278164412621 33.80461443491149964 0.03381492668869171686 0.9986179300301663009 0.0402340720696322332 0.5360777004294815518 -0.006631196169263866604 -0.04003202865030995594 0.9991763927953389857 1.170989861909059515
0.9991830402516671539 -0.04019389745318673046 0.004207455401789267357 36.1121684239417533 0.03997630818575282491 0.9982750202948692531 0.0429985888037756267 0.6044056766059066055 -0.005928478495621638394 -0.04279526215366808578 0.999066273417297257 1.141692870511823221
0.9989318282267182214 -0.04609509743880330079 0.00323180255174329318 38.41484862994865779 0.04590837380720809435 0.9979738722325723899 0.04405191886289440417 0.6892011666890744959 -0.005255831999205736252 -0.04385649704698964257 0.9990240156756811096 1.125417096546138307
0.9985562490298524052 -0.05365564977383168593 0.00254730657346239394 40.70655684779031702 0.05349763653933525126 0.99764897397949448 0.04283138571616769419 0.7888651030192112001 -0.004839463620740569634 -0.04263327298026586137 0.999079067755327177 1.108336039306563769
0.9980940040552368497 -0.06169280499982152804 0.00153521341803476534 42.99399290332276991 0.06157287322758276532 0.9972061439028313545 0.04229288172902920945 0.9023927626708982963 -0.004140090758055847177 -0.04211774416679538863 0.9991040762977676515 1.090994276398419505
0.9976038589214942798 -0.06915794709794544082 0.001928475600317899365 45.27470462411272223 0.06901940006162629593 0.9967582164005447387 0.04134465446872175043 1.033338692584022445 -0.004781535326275531718 -0.04111248461480519756 0.9991430831110832411 1.071087276265148214
0.996917492060004351 -0.07836163904902510025 0.003868791845209521192 47.54700302693319003 0.07815384232949387777 0.9961875380251854484 0.03876036651602025873 1.18149759948066202 -0.006891368073747485695 -0.03833852643060135096 0.9992410452124163012 1.053352814816594485
0.996169700316160589 -0.08729709852817553462 0.005014455162103526042 49.81746865982395889 0.08706253333926794458 0.995555538168864107 0.03590662487414122972 1.349815620236155533 -0.008126712776983759795 -0.03533252057050916689 0.9993425686568019328 1.031959040002831118
0.9953650490611892776 -0.09612057647194238719 0.003042020071866429788 52.08733848390655652 0.09596164945449535411 0.9947995819081572044 0.03413434735465481484 1.534469597220994519 -0.006307213440871888357 -0.03368421906556767764 0.9994126237168280413 1.001746375924827293
0.9945297736413959422 -0.1044533402208688289 0.0001704625976193190713 54.35232658362338043 0.1043873998075766363 0.9939573289206659057 0.03394258455551489584 1.741334445235829476 -0.003714848880763380826 -0.03373911678747024134 0.9994237699275491105 0.9739925257110362278
0.9936524216738774617 -0.1124791372567615216 -0.001818951239965551194 56.61464098918870036 0.1124730016302517011 0.9930272056011056891 0.03530995384223630656 1.970165576569896881 -0.002165365077803153935 -0.03529040405030893501 0.999374753821631101 0.9456360394157821148
0.9925804248703240518 -0.1215864854624982005 -0.0009092398609797786285 58.87303740790171958 0.1215475781928915949 0.9920100665574920207 0.03379665788274139465 2.217307699805955323 -0.003207241757333686646 -0.03365641694354697122 0.9994283161882256961 0.9310726027154538897
0.9912358109284258312 -0.1320982690946557736 0.001270604290040595321 61.12866562681907112 0.1320072431358715881 0.9908299116047856181 0.02881274073946641159 2.483837262706765969 -0.005065065915942169004 -0.02839249146251061201 0.9995840192479161779 0.9141132201835076021
0.989782191914902798 -0.142561201144749683 0.002741622931192664626 63.38059592112554697 0.1424589262953577795 0.9895229974169945653 0.02344550920027788435 2.771459548393044425 -0.006055318893702826659 -0.0228153788277276233 0.9997213569800551536 0.9006933182010727901
0.9882319152760310477 -0.1529345311346094471 0.002951409240445184486 65.63011692996501267 0.152848866763511837 0.9880559160499804428 0.01956350397409004765 3.079267184178406946 -0.005908092668333974305 -0.01888215944406784752 0.9998042600908195743 0.8812498481185679911
0.9865493338381821076 -0.1634629015556310072 0.000540109667756817494 67.87786431861802328 0.16342394369124294 0.9863763977012549589 0.01882064521468945067 3.406671691304526739 -0.003609228704387830531 -0.01847922814702606178 0.9998227300853134158 0.8539258377021294866
0.9848830162448195535 -0.1732011802652149435 -0.00260681170071965472 70.11766921334613301 0.1732177547396897554 0.9846650098714216925 0.02074675342924113194 3.76112615020691754 -0.001026525911593903148 -0.02088467116450637082 0.9997813644767056251 0.822045252171562435
0.9833560288419167517 -0.1816145305894088791 -0.005204115587108110001 72.35751898863995279 0.1816881082546665249 0.9830408383718939325 0.02490263865385498529 4.139993041186412093 0.0005931771201774561648 -0.02543368577050034857 0.9996763355051632161 0.8092221902991894034
0.9819287419566105068 -0.1891055243042613354 -0.007419325920777736227 74.59309081462536994 0.1892402065297978386 0.9815367887137701475 0.02781504330428393248 4.541978264328068171 0.002022362991098669051 -0.02871642524880402281 0.9995855526011078185 0.794345386251797736
0.9804261829935255745 -0.1967262434172242225 -0.007955177665707687668 76.82708481721584803 0.1968740465702532583 0.9800248754551474928 0.02813988763617123953 4.961025519308319254 0.002260417616211984893 -0.02915525064323124665 0.9995723394893091251 0.7849618066907575464
0.9788964813291084477 -0.2042093413097784138 -0.007760397110774158551 79.05603986144444661 0.2043438594771543326 0.9785551539281494016 0.02594990972309496949 5.397009221426923631 0.002294762617675735316 -0.02698806481543663052 0.9996331219112571942 0.776659736070499207
0.9772272068211521612 -0.2120411307963226133 -0.008095992783219237501 81.28661970502515999 0.2121780918010015837 0.9769255174631001903 0.0244333929109235258 5.850978885011754116 0.002728297677100901576 -0.02559476860748367485 0.9996686772184644187 0.7793443303809204359
0.9753431996575552265 -0.2205336815036352538 -0.008398702531676452074 83.51523460663547382 0.2206786844363097244 0.9750127164485382636 0.02551707269852810864 6.325603241390082232 0.002561467786650770129 -0.02674131795733911479 0.9996391052758402118 0.7794089044378995634
0.9736097414870523714 -0.2280825376129501647 -0.007901095971581307068 85.73290285756911544 0.2282150283080335296 0.9732207015062279698 0.02755661470661664725 6.819633259698488992 0.001404327553822925156 -0.02863253736158625704 0.9995890183812340402 0.7725298537140241617
0.9717060351653518113 -0.2360773008771092085 -0.007408726868429622511 87.94763432782168877 0.2361934014407711668 0.971259455186318621 0.02945755976000312068 7.329813344024255883 0.0002415348232875153185 -0.03037398099943906804 0.9995385750130781899 0.766149104770742273
0.9696539280559975937 -0.2443723519373552644 -0.007308448137568993898 90.16566223184057094 0.2444815321215828008 0.969195715541205538 0.02980680170790094355 7.859232136058530216 -0.0002006416149031590632 -0.03068906295695636791 0.999528959639372494 0.7563630788865416399
0.9674851300246655184 -0.2527717660988710313 -0.008885800156076444425 92.37863305193191366 0.2529263542942203902 0.9670048465956432304 0.03049403161228558118 8.405583948951610651 0.0008845815906940153548 -0.03174997517785180245 0.9994954510109664847 0.7420635792472383141
0.9653063592239861102 -0.2609016368902856153 -0.01067561284902189545 94.58819933505938593 0.2611106850092061449 0.9648095789270851874 0.03104330176646498407 8.971619050808627094 0.00220068529230358495 -0.0327538131903790386 0.9994610271069772622 0.7295506057522158638
0.9633450326530861307 -0.2680333556195955147 -0.01115653790043770986 96.79351340776378265 0.2682551149447635619 0.9628394744871323629 0.03129440325864053796 9.555863971226393971 0.002354011171626992169 -0.03314010628592144875 0.9994479436102521319 0.7217410340145855585
0.9612340314023711807 -0.2755025829983604457 -0.01128997941436434005 98.99501774358174089 0.2757222214937631311 0.9607630256547773362 0.03019379256108659093 10.15229680874491969 0.002528526940628796765 -0.03213619915156758211 0.9994803005840592336 0.713407500246366677
0.958804125274224317 -0.2838142233072016296 -0.01200566556503061995 101.19919826008109 0.2840426761360351771 0.9584266410873507613 0.02716858088855500855 10.76395159794822476 0.003795720038266248066 -0.0294594688096785351 0.9995587687609182037 0.7114449985188975312
0.9560965420728629871 -0.2927635418702921322 -0.01299656831151730328 103.3954268702899384 0.2929991586157104644 0.9558251851010165501 0.02344586481862534835 11.39718918951716375 0.005558352885521201416 -0.02622449385916165998 0.9996406257425869413 0.7101198494038489795
0.9532169719233579697 -0.301921453845203358 -0.01486069127809359382 105.5834893718564729 0.302180631361134544 0.9530333195306719407 0.02035578282783966075 12.04945408312326371 0.008016886393743465761 -0.02389409074116003937 0.99968235052950849 0.7092859667865043516
0.9505630363701678132 -0.3100880907370442974 -0.01659186155262979551 107.7610216804732772 0.3103741440213225178 0.9504253553013848332 0.01896140087830373855 12.72405945888466938 0.009889621315216640465 -0.0231736916198301314 0.999682537312196251 0.7148188613530124247
0.9477798123545206899 -0.3184806417144043222 -0.0168377001520620545 109.9357126703554286 0.3187776484615946204 0.9476264624667525283 0.01961882957886586232 13.41751124819022678 0.009707632797211729683 -0.023961813076848585 0.9996657408251743426 0.7238122585401582931
0.9450956228300188 -0.3262320516109085689 -0.01915495260438990557 112.1041199626599649 0.3266274887498539226 0.9448606464789633952 0.02351259935267479076 14.12975123940186428 0.01042819737552933348 -0.02847818879586322405 0.9995400169389938583 0.7365402257707678313
0.9422592370789262262 -0.3340676488358247376 -0.02337383453231548988 114.2668821271696373 0.334644029789094466 0.9419305070808786651 0.02793372794444966278 14.8605733995231688 0.01268477299582660735 -0.03414272736122497126 0.9993364652119832714 0.7417459190350417231
0.9395316691068180681 -0.3416007502363084813 -0.02427282808713753307 116.4031246562004185 0.3422467914024124314 0.9390922814705497945 0.0311900730552405886 15.60200237581886284 0.0121398731504969732 -0.03761135892823895543 0.9992186993643888959 0.7595280716847767621
0.9366769801369020376 -0.349491667850673926 -0.02217676677443959979 118.5517225959861491 0.3500593235408282489 0.9361957068240834845 0.03156055332677893538 16.37221027113097094 0.009731643425003226947 -0.03732522775695999023 0.9992557843160777553 0.7762441535772364176
0.9336550296943709748 -0.357595383967438063 -0.02034273559735113798 120.69644496029197 0.3580786078178352372 0.9332084455534025436 0.03002844936128332837 17.1560847111804442 0.008245977785813042929 -0.03532051122199071636 0.9993420161973443072 0.7928568008985312776
0.9302586164812396419 -0.3664381206840686134 -0.0184935170245635952 122.8212804003940022 0.3668379844728234529 0.9298674246721519987 0.02786513379649000616 17.95439245498334913 0.006985671787765623288 -0.03270590532469218326 0.9994406056122424609 0.7975684551353319218
0.92707950328891231 -0.3745341766930546101 -0.01573991964526469736 124.9368930420219499 0.3748335300801410863 0.9267267794148681403 0.02602500803086073983 18.7703325827121219 0.004839350084836407072 -0.03002710116215265637 0.9995373699299863191 0.7991277983364846182
0.9239107187704620472 -0.3823973957819978842 -0.01269706423525741694 127.0426445953653172 0.3825984229551203653 0.9236148309231023701 0.02353913446038154861 19.60379777808022084 0.002725893120254859522 -0.02660593539109501818 0.9996422828735596067 0.7954454700831343761
0.9210431291933568465 -0.3892844529209217308 -0.01171191187501432161 129.1348797418387733 0.3894529266486175256 0.920797142399360391 0.02142522984704232913 20.45074408750379646 0.002443786106835448349 -0.0242947990983817981 0.9997018508766667422 0.7931997148420324439
0.9186603696302038102 -0.3948694144558353991 -0.01188573927877986658 131.2163844075816712 0.3950363819663718079 0.918450160996444831 0.01988865728306938446 21.31323123151770815 0.00306303669847874608 -0.02296622069279775566 0.9997315492237270895 0.7907223723709841945
0.9163938643533442452 -0.4000985220034566914 -0.01197739813957892675 133.2908644676792562 0.4002590027453869492 0.9162302726985709356 0.01774311449466220436 22.18750152564047085 0.003875060878593297557 -0.0210537426922596492 0.9997708356527685858 0.7867625257627786084
0.9140404654164129283 -0.4054701537276246825 -0.01113472125577080404 135.3561549685607019 0.4056022637137208786 0.9139269221065314808 0.01497947659923846812 23.07474957080656353 0.004102590846348206505 -0.01820811590962411949 0.9998258014591187015 0.7837394951590657133
0.91140527459750309 -0.4114198278882145177 -0.008611077533155099897 137.4119452559699255 0.4115039289364496589 0.9113054570577171498 0.01367042086735827285 23.97152133300369314 0.002223039746703351933 -0.01600278592174781897 0.9998694759502498863 0.7800237631999391574
0.9084786824213888501 -0.4178852443886991175 -0.006197266179093650386 139.4675281541501306 0.4179311170059544778 0.9083876760308778886 0.01286123918509066329 24.8844174416939623 0.0002549981421685138731 -0.01427419200578933407 0.9998980860160345818 0.778147380000950406
0.9052138417731763198 -0.4249141587104636186 -0.005988187507571794341 141.5071381071927021 0.4249550462640881987 0.9051561103807118647 0.01027737783421087993 25.80766092671654377 0.001053241156410772905 -0.01184793517197872334 0.9999292560552606179 0.7698530874327857987
0.9017836748553056392 -0.4321320771607319311 -0.006933372427021147755 143.5268779334887199 0.4321762191386745999 0.9017605903033095727 0.007180068720220277034 26.73883698993875058 0.00314950400235769392 -0.009471307437624207695 0.9999501862392752294 0.7642544115764919876
0.8982503681152819164 -0.4394353523442254827 -0.006545784205648139814 145.5247668067634379 0.4394742265036210016 0.8982303960999390435 0.006675309819828104639 27.68099092588803956 0.002946255217141022665 -0.008872802953580987556 0.9999562955189303937 0.7653323262899027757
0.8947318917742265176 -0.4465721308017223667 -0.005307902911999846929 147.543875543891204 0.4466027993544609553 0.8946904695755000247 0.008654666921981095731 28.65226546272918995 0.0008839971000700243969 -0.01011413080698079364 0.9999484601253938454 0.7693031079411052353
0.8909301032098294604 -0.454105223254530399 -0.005656625095914033854 149.5223876561508405 0.4541392035563259211 0.8908877576070386439 0.008751407836936307694 29.62608648135481815 0.001065358037739145116 -0.01036578790326810051 0.9999457062527924434 0.7653531410477016905
0.8866740529363017487 -0.4623595743035979755 -0.005722578029875965283 151.4972224044723248 0.4623885568066671281 0.8866590846547777183 0.005700011701690076323 30.61686095417859121 0.002438520813916414311 -0.007700107073769773582 0.9999673804516288067 0.7585027317541768177
0.8819520501870490303 -0.4713208956958802598 -0.004146619260810641139 153.4592315967611853 0.4713304810921432053 0.8819550390890660285 0.001699005253932498035 31.62110797083272118 0.002856355074180251443 -0.003452869218088160715 0.9999899594145198467 0.7533581154640711652
0.8771438159900896148 -0.4802187008792684342 -0.00295387815786842629 155.3854872496778796 0.4802126134824900028 0.8771484050742360816 -0.002553689104128352254 32.63335807206114225 0.00381731877899197259 0.0008214630555486159783 0.9999923766088358867 0.74964529760392562
0.8721278196367170388 -0.4892671381208668624 -0.00327624338575047613 157.320462084844138 0.4892496375984052293 0.87212975612518151 -0.004947786460695438419 33.67304452531667636 0.005278098666678930975 0.00271220132883178951 0.9999823926641991934 0.7510581546245898021
0.8669574333458263116 -0.4983585495838530055 -0.004854361244846061574 159.2392443411820295 0.498339471584966609 0.866969526735775986 -0.004648738749459245014 34.73066361301249572 0.006525321971623446356 0.001611138796887346064 0.9999774119473618939 0.7589693665170642589
0.8615509200120241573 -0.5076133843133682211 -0.007659261868064331895 161.1447543244779013 0.5076078796830716389 0.8615836880535028275 -0.002790871509154942923 35.80774525191914393 0.008015778820000327501 -0.001483423760437750736 0.999966772819905203 0.7607527010107806298
0.856126838182056038 -0.5167091904316986062 -0.007645225164385936571 163.0329678014775254 0.5167201642754341018 0.8561541291458374392 -0.0006156116478557311505 36.90392753517517832 0.006863583288922542498 -0.003423400349237411613 0.9999705853446314574 0.7741340265086809058
0.8507077673242879889 -0.5256316722414017262 -0.002764009919080365196 164.922096439062102 0.52563156498963437 0.8507119250539979527 -0.0008236852971938680382 38.02886318526626042 0.002784331279293871149 -0.0007521353792594468943 0.9999958408872000604 0.784294902484280021
0.8448636367427204696 -0.5349743325597585697 0.002810482539577778723 166.783354805604688 0.5349816384151308002 0.8448546670958170246 -0.003903593866995636215 39.16142292774802769 -0.000286126766773232735 0.004801561064596950382 0.9999884315044931249 0.785998992100728433
0.8395544039943643178 -0.5432731467988543006 0.001640335617560708227 168.6300278272452431 0.5432718503421126721 0.8395334942409223844 -0.006261682959421691584 40.3086757616009379 0.002024687512883201462 0.006148171671133224533 0.9999790500933394277 0.7789367107139324453
0.8352381332045117901 -0.5498386364982813523 -0.007398287285118221486 170.4472667634801724 0.5498356449884613806 0.835268774360296784 -0.002614972040084627587 41.4643930841183348 0.007617371014007325199 -0.001883717696080631316 0.9999692131593234112 0.7699002753843922076
0.8318440061426130017 -0.5547852456921171793 -0.01577595027076498374 172.2807543232996466 0.5549151754516912227 0.8318906060249118273 0.005212260634669044559 42.65827602287518516 0.01023217953454933979 -0.01309010197982124132 0.9998619663394195944 0.7709608598574833049
0.8286332071885282868 -0.5595344067721600423 -0.01697809125256796378 174.0872826919204215 0.559746825036539164 0.8285702812889077506 0.01244109425791367629 43.85634856817978289 0.007106321549690725742 -0.01981253650967534918 0.9997784572549486271 0.7791676938818661302
0.8244023369985786776 -0.5658606805282558883 -0.01274664596594605147 175.8870857831711305 0.5659998635288491231 0.8242753439630559065 0.0146393927438966294 45.06379216088624418 0.002222889247373725698 -0.01928334946748443482 0.9998115878487849884 0.7962843616199457575
0.8195494516843150334 -0.5729294787363342634 -0.009513602832306632812 177.6837378541718806 0.5730072407011160829 0.8194690053796027662 0.01154345382707420119 46.28275139302772345 0.001182517666604322639 -0.01491179456258821465 0.9998881137581800971 0.7949503105505253409
0.8144939173348053618 -0.5800488123042712996 -0.01195968097432667694 179.4691363891303695 0.5801484984151301649 0.814473639010807271 0.0077724605604026515 47.51678357332290403 0.005232438367824817325 -0.01326901280795225388 0.9998982722696491132 0.7943972936430199194
0.8100255248046143164 -0.5861634196433868071 -0.01646495177581682248 181.2440733072635908 0.5863369948832957146 0.8100202096391440065 0.008728597102816992165 48.76772057406075334 0.008220559362668973524 -0.01672439679414819066 0.9998263433995109306 0.7943059740439148975
0.8062503386715593745 -0.5913715106316836945 -0.01549605773080384857 183.0109616941562933 0.5915518834527840886 0.8061719284718732448 0.01237703225352438513 50.0340858304875411 0.005173062483649831962 -0.01914570858290293859 0.9998033212924424262 0.7966661733016806579
0.8022266514999935039 -0.5969239514602221464 -0.01068624331663440424 184.7712901536012282 0.597018646105040518 0.8021288047026612356 0.0125744530371795192 51.31509149391086311 0.001065751383929566505 -0.01646744787130655779 0.9998638343967609643 0.796383060838655954
0.7979383847646255301 -0.6027050291933360171 -0.006401711043194029983 186.5262444357043421 0.6027390227136506518 0.7978921747769163186 0.008587661378753714062 52.60746623535371214 -6.795155543675561753e-05 -0.01071098570733824973 0.9999426334384204917 0.7878142090524393737
0.7940716423263404211 -0.6077903490937884845 -0.006412363183665509801 188.3140635663597493 0.6078180236980047502 0.7940668772779077011 0.003878721176375647065 53.94146385861228765 0.002734395911398269496 -0.00697753241217998095 0.9999719181659236789 0.774202997248431668
0.7907412756739115034 -0.6120477595902830137 -0.01121494209126439393 190.0206059166944499 0.6121085756927334698 0.7907688276501279034 0.002784381485304110102 55.22689816557256393 0.007164252159748173317 -0.009066487597612523514 0.9999332339179620721 0.7634132911127740062
0.787765262965487989 -0.615787234738671363 -0.01523062696726784453 191.742970036903472 0.6158956007442210057 0.7878205771803080681 0.00336855387389740522 56.54742704704687384 0.009924688853095395627 -0.01203410587400076392 0.9998783330220645249 0.7664163620139610167
0.7845740540621298775 -0.6197837058682217348 -0.0176553570558015821 193.4690220497869859 0.6199516128223293565 0.784617618183121257 0.005932199898735469705 57.88363531148548446 0.01017602336410624447 -0.01559971720575612647 0.9998265336405078862 0.7687351730892406643
0.7813858096696442157 -0.6238311313167078653 -0.01646013508544111673 195.1952059852893058 0.6240066871419298611 0.7813663400495770572 0.009071771584557330667 59.23039521758578729 0.007202141977791592931 -0.01735978794931215818 0.9998233678571863958 0.7740274928085872919
0.778174063805629701 -0.6279365614315707278 -0.01186596973394580916 196.9172268444739018 0.628040394797257262 0.778121878835233538 0.009571007304948125211 60.58807190731025827 0.003223185247074358741 -0.01490021796556448286 0.9998837905384013736 0.7695053789846950654
0.7745241480280167234 -0.6325124579400867031 -0.006350958357975976416 198.6749905607213975 0.6325422357992769307 0.7745084371073724938 0.005196227434108731044 61.98949133693265168 0.001632192245606154529 -0.008041853025585101594 0.999966331707417222 0.7621719790990351129
0.771230786350164399 -0.6365507806495565024 -0.002485526130865977831 200.39045699583329 0.6365533898894556453 0.7712325555303738422 0.000356525358841821335 63.36661891627097987 0.001689972174253166022 -0.0018571334171149131 0.9999968475197915652 0.7513480120492843639
0.7685712071385344402 -0.639760486899654035 0.002195212867514268092 202.1001635297674568 0.6397627388716364827 0.768557398066458175 -0.00481288154623094825 64.7541728241513681 0.001391944351748296282 0.005103457576328682306 0.9999860085079631533 0.7365135735175345477
0.7662124610032801098 -0.6425843516485068019 0.001953361145580543527 203.8080211122984906 0.6425778153189882769 0.7661810528442725143 -0.007768238044647194154 66.15301803379323076 0.003495119908264886135 0.007207307327304577141 0.9999679189143603208 0.7126609679325777158
0.7647743011793255441 -0.6442982252761085826 -0.0002552679597071461038 205.5123448269513347 0.6442774547401203256 0.7647527119028573184 -0.007736339626565860023 67.56160464314410774 0.005179726755977565218 0.005752090340236006537 0.999970041494969597 0.6976083901413590027
0.7642069629654012486 -0.6449671524398465916 0.002256109224679419233 207.216382172404991 0.6449705463138853956 0.7641970565857320041 -0.003981594312817592768 68.97661734476517381 0.000843885517272719831 0.004497886096743927524 0.9999895283841198079 0.7037558144500013491
0.7646868542879291519 -0.6443457540530187488 0.008518457200578897354 208.9234414495041108 0.6443704863918504611 0.7647134314428919444 -0.0002098522517837083669 70.39273108285020442 -0.006378961229038803381 0.005649513667926906596 0.9999636952654602506 0.6941161801753652494
0.7663467248454907121 -0.6423262373779786705 0.01138868273499914902 210.6328193587574162 0.6423384809129548678 0.7664150862800396258 0.003031742204904696973 71.81744630600654489 -0.01067582582413682118 0.004992023458294385894 0.9999305508107872997 0.6613095058620794831
0.7682026417417824327 -0.6401337443684019801 0.009669050720526872755 212.3640645531889675 0.6401026639623065284 0.7682624737816352578 0.006430471777462492058 73.23638931235586824 -0.01154473080263447755 0.001249279717103247934 0.9999325769725092572 0.6226516980250464961
0.77003610921847232 -0.6379879220604990353 0.003975148375040137363 214.0894898626995655 0.6379817232985177666 0.7700462884817581566 0.002834489816943888338 74.65676413470852424 -0.004869418520777625374 0.0003534125004165577979 0.9999880818604159893 0.5838490361789008265
0.7704375141148498418 -0.6375154197633734476 0.0003555396749444061769 215.8114808857209255 0.6374928810275929392 0.7704053366148831961 -0.008856859175119604494 76.07408136067422788 0.0053724746318559672 0.007050310577444370702 0.9999607140468527167 0.5546518091471526191
0.7700255452979665183 -0.6380087306864262731 0.002349288501744051412 217.5443142412206043 0.6379594000410185872 0.7699078138537029936 -0.01580386238599707643 77.49459696294503885 0.008274266606343547159 0.01366812843468732247 0.9998723512415071957 0.5443120755044152936
0.7700363319666813089 -0.6379653906659648044 0.00664889191685158823 219.285080669741518 0.637983193821775374 0.769898461214503893 -0.01529064486887321203 78.91223486878283211 0.004635930571739638184 0.01601623338872104618 0.999860984545237641 0.5540670966933205488
0.7705211676852842251 -0.6373425958992443574 0.009567946557057475584 221.0270084093368155 0.6374137128821373288 0.7704113134533147056 -0.01304479716004367483 80.33409834652965742 0.0009427506108875559386 0.01615003267956639788 0.9998691352700785906 0.5673677894284736567
0.7709860316215984 -0.6367950645351296846 0.008519673003103619968 222.7745794066363771 0.6368498968281890438 0.7708796053023829753 -0.0129167735432370364 81.75744105912288262 0.001657695480113397218 0.01538440484849162328 0.9998802789000055258 0.5639519714253018456
0.7712290798686953774 -0.6365190287120794377 0.007016584091755118449 224.5232257448564894 0.6365407812435791568 0.7710813620927552403 -0.01579135355171790156 83.18605574948701076 0.004641139806079629115 0.01664509298899972609 0.9998506892034869642 0.5546472049915762703
0.7713296480008635658 -0.636406213664151954 0.006140466148563498115 226.2796339206073242 0.6363918138611834863 0.7711269164690839339 -0.01920255054296851963 84.61396559890276592 0.007485543756920540019 0.0187192389412642185 0.9997967577103473724 0.5459385533928395873
0.7710818611083449792 -0.6366971262989752356 0.007037956544184483659 228.0447869982693589 0.6366831530105603321 0.7708282994785264908 -0.02140783491095157517 86.04583377950098111 0.008205250893328254122 0.02098814154873942378 0.9997460536416773458 0.5337143322911139798
0.7709039326056651431 -0.6368977599669269907 0.008268617915388843526 229.81376211236838 0.6369066639824170206 0.7706308857799322176 -0.02186182190087756702 87.4841682788373447 0.007551693049152909121 0.02211970232954673168 0.9997268080335465212 0.5303358552646058044
0.7712344000636841557 -0.6364690733123931077 0.01022833687716873281 231.5867670472384816 0.6365196593251347679 0.7709364594371740376 -0.02235394379273849055 88.93112176812003611 0.006342196072626442652 0.02375066793456814124 0.9996977954970382996 0.5240942369469117068
0.7718397074307902228 -0.6357422874987432859 0.009757557020971422551 233.3725726776864065 0.635784256615493093 0.7715527352201240197 -0.0220171708952382611 90.37513443106983857 0.006468776780592697118 0.02319742787919601076 0.9997099750761480053 0.5154777329478397174
0.772665444770297416 -0.6347352265902389545 0.009965068156141551614 235.1616099495732044 0.6347731660898590089 0.7723443886729637331 -0.02339172711968991181 91.82646790162390005 0.007151088740513848047 0.02439953710265584108 0.9996767100012891039 0.4985854000492433435
0.7732015987705720406 -0.6340717551224949178 0.01059702856985393453 236.9568915792694952 0.6341193928874478969 0.7728539666272280506 -0.02427636366126501716 93.27960566235299211 0.007203000950016585566 0.02549030451835264388 0.9996491190177060338 0.4972225435627177781
0.773298064372898053 -0.6339204362296509965 0.01244926373478521565 238.7551538300290304 0.6340084890535299111 0.7729034437029582705 -0.025563695354313902 94.73790062636740572 0.006583270098466727401 0.02766129502602946572 0.9995956749167603794 0.490196587811210005
0.7733995935263209276 -0.6337457513851992852 0.01481186465408296411 240.5580647657850193 0.6338887232132958127 0.7729240614731540671 -0.02781154038994587685 96.20221444657848053 0.00617699897518160599 0.03089850800690979032 0.9995034401574651728 0.4787711444585773801
0.7733603108995804609 -0.6337381224226273924 0.01702415089063626791 242.3617544805427428 0.6339397342519289547 0.7728006238537548089 -0.029993484423137734 97.6702512085271195 0.005851740074367467286 0.03398805612991421393 0.9994051076408464462 0.470965973410064187
0.773124053775174791 -0.6340365213484621121 0.01663992399567013405 244.1820292469535048 0.6342230147262984952 0.7725563626084809288 -0.03029577833030032072 99.13390808360600204 0.006353350747911240548 0.03397581771634626546 0.9994024608458694781 0.464636112983031202
0.7729925544603231113 -0.6341863116433514858 0.01703622238368679778 246.0034962241615801 0.6343861251590521277 0.7724218996513289026 -0.03030929139250720245 100.6016342459333828 0.006062586460247871081 0.03423639968271140199 0.9993953742049127564 0.4607568362156035935
0.7730707488026440366 -0.6340698713713184276 0.01780493091474918618 247.8295495929677941 0.634292415421288891 0.7724719199103342593 -0.03098813787676265447 102.074402410913109 0.005894835429968405677 0.03524955558871391975 0.9993611558120776284 0.4512784241311611488
0.7730630875096602406 -0.6340327997373951252 0.01938740795443575152 249.6540805891557682 0.6343019443241669775 0.7723857631683204161 -0.03288276572115985535 103.5533198867743749 0.005874194124553397227 0.03771792295516107618 0.9992711604621318244 0.4398501491480308889
0.7732136673687638462 -0.6338854333706002153 0.01816265274438242164 251.4780657155872632 0.6341125825856473996 0.7725640338815878971 -0.03234263686172272195 105.0311975229173953 0.006469714113250475511 0.03652493549857542543 0.9993117991328420713 0.4365723768430460616
0.773142275772062626 -0.6339810609878404613 0.01786157111588788232 253.3134684758879018 0.634196370010171151 0.7724903224960359971 -0.03246022051515376483 106.5184565729388027 0.006781274210498336973 0.03642411232552359573 0.9993134134801652246 0.430433925710245413
0.7731303085682658116 -0.6339971674336783991 0.01780779770804140349 255.1010035114402115 0.6342059663002735936 0.7724550544120636353 -0.03310560711408447321 107.9661853927856612 0.007233137788977640759 0.03688875979656010273 0.9992932007766276437 0.4245884840968601193
0.7727891363828145455 -0.6343831344510393322 0.0188411627236291894 256.9898289856506608 0.6346278443426254245 0.7720940473760309342 -0.0334407115882967565 109.4882837761104355 0.006667073851099625595 0.03779974511255205366 0.9992630931820158935 0.4298992771244083411
0.7723730052701853754 -0.6348844439658588579 0.01901797938962788981 258.8370139389342626 0.6351397881392517597 0.7717026888592979361 -0.03274766449315137662 110.9733984679216263 0.006114756931268358273 0.03737248744051998445 0.9992826962027210325 0.4278110390284324271
0.7720564038122145201 -0.6352126556939946544 0.02082765898351099723 260.6221645779546066 0.6355365521068226942 0.7713775711176023009 -0.03270984122371077552 112.4215791341150492 0.004711716112275801845 0.03849058096328393519 0.999247854592836382 0.4205850907781525372
0.7718477589377799042 -0.6353909796661191267 0.02300738971844393937 262.5257110059928323 0.635798847073986706 0.7711443050691654255 -0.03311022227022032 113.9621491618127465 0.003295919009353325858 0.04018412271436987843 0.9991868559981963438 0.4282774740345769438
0.7715943925412049875 -0.6356583064920003912 0.02409586658933143832 264.3760650210792846 0.6361048343818539452 0.7708160018245362455 -0.03483290121811291606 115.4598431914782566 0.003568343453622909063 0.04220436848193155621 0.9991026264633871001 0.4249018302124225599
0.7715272741334455731 -0.6357499657604523957 0.02382532903862629586 266.2261287365355429 0.636180092292920274 0.7706995994460592581 -0.03601413033595591423 116.9584641541503061 0.004533810581236586736 0.04294308383508917137 0.999067233029061974 0.4131639305818082253
0.7715066576030409351 -0.6358183187028187966 0.02263940980027844344 268.0768146515212607 0.6361944602245931391 0.7706590443166521087 -0.03662302817194328097 118.4693701158322625 0.005838326277515304592 0.04265797715392947304 0.9990726755003421777 0.3904562331772338801
0.771461573483849361 -0.6358842235716845037 0.02232251890937642438 269.92775749628413 0.6362426473150455397 0.7705875938371978817 -0.03728342744089436361 119.9826000194649822 0.00650648717558260925 0.0429652701240651122 0.9990553794398987497 0.3884724572588658109
0.7711157123225251819 -0.6363026438909263893 0.02234957688059453426 271.7922679258064136 0.6366629399413433754 0.7702492372056952696 -0.0371000470254423606 121.4910289225159374 0.006392113466618687748 0.04283757651246756365 0.9990616011657981188 0.3812363965316387659
0.7706402870149546835 -0.6368494500675541126 0.02315871279156469023 273.6627026390024753 0.6372387393379619347 0.7697308300928592528 -0.03796364433932522542 122.996769627338935 0.006351150799126281492 0.04401394271377787049 0.9990107285361429224 0.3748351367842426285
0.7705284090154392862 -0.6369918265038835292 0.02296483980745811504 275.5300757333742467 0.6373724529877883294 0.7696202984198456942 -0.03795987924740051866 124.5106332016434294 0.006505925949888653921 0.04388632164346889519 0.9990153470793832202 0.3725704081451173266
0.7705104966348649276 -0.6369965116060720689 0.02343114971974931751 277.3959958574889129 0.6373919572085696705 0.7695599160602200062 -0.0388462157644230352 126.0319078262355106 0.006713230319509534867 0.04486624338054875927 0.9989704463814705893 0.3539724380557687233
0.7702017050961138533 -0.6373262701707409494 0.02458777780301792115 279.2649604806853745 0.6377678563513197174 0.7692005559038662676 -0.03978273749034299395 127.5510934238286325 0.006441651347379871023 0.04632202659032656766 0.9989057888412119501 0.3515049375870893389
0.7703883311345237628 -0.6370997340446207247 0.02461195100021538323 281.130093808240531 0.6375429421041876044 0.7693886596568736413 -0.0397503127602299236 129.0763487213588974 0.006388757696136613748 0.04631435276103031129 0.9989064843634898327 0.3494303167625270046
0.7702694831004930354 -0.637222737911564141 0.0251417122048037088 283.0034645626614065 0.6376843861275944825 0.7692214723888335381 -0.04070565200347475016 130.5977854078461746 0.006599022137574110485 0.04738679884150195226 0.9988548163784278788 0.3479190692659759332
0.7700676554817581509 -0.6375113378973137346 0.02398124336237283591 284.8789066053751071 0.6379239333094098852 0.7690653289387671121 -0.03989455019620576776 132.1203470949937184 0.006990085255550787177 0.04601971182746654454 0.9989160749689820484 0.3399422804241358786
0.7698370175639306368 -0.6378343632197555069 0.02276601599580591051 286.7593694784824834 0.6382031894933632987 0.7689162980195306529 -0.03826768297713514788 133.6440765368974155 0.006903282463467977706 0.04398922295277998135 0.9990081545989702994 0.3436107452604049151
0.7695758583083514015 -0.6381682530743144621 0.02223238801933179187 288.640166264749837 0.6385224208229648424 0.7687157084996839584 -0.03694966322187019647 135.1684153482740101 0.006489716122064617503 0.0426314470069544954 0.999069789009130349 0.3377607816362990789
0.7691813748573411713 -0.6385720751999167666 0.02420159803488643874 290.5211310347985432 0.6390019352233433647 0.76823691776795755 -0.03858192529164938128 136.695841916246593 0.006044779019316483433 0.04514136632026399115 0.9989623204572569692 0.3390456791959133298
0.7690455211388063095 -0.6387211035930938641 0.02458329191060803012 292.395337560965686 0.6391625209228187776 0.7680569084985893191 -0.039495026967667754 138.2334197734984116 0.006344940025647765464 0.04608619242690702167 0.9989173161997247918 0.3257722739482049601
0.7690359607994814439 -0.638684719336704787 0.02579767979902568981 294.2674270839776796 0.6391739275640579976 0.7679701850552397291 -0.04096932008902733069 139.7760753405291609 0.006354629773222459678 0.04799608475714984418 0.9988273096629015635 0.3321296376905187309
