1.000000e+00 0.000000e+00 0.000000e+00 0.000000e+00 0.000000e+00 1.000000e+00 0.000000e+00 0.000000e+00 0.000000e+00 0.000000e+00 1.000000e+00 0.000000e+00
9.999881e-01 4.274169e-03 -2.361955e-03 1.418452e+00 -4.256330e-03 9.999628e-01 7.506841e-03 2.431466e-01 2.393952e-03 -7.496698e-03 9.999690e-01 1.373684e+00
9.998348e-01 1.816570e-02 -5.953279e-04 1.817568e+00 -1.815083e-02 9.996490e-01 1.930082e-02 5.194938e-01 9.457318e-04 -1.928683e-02 9.998135e-01 1.465864e+00
9.998965e-01 1.427590e-02 1.779553e-03 4.820977e+00 -1.430853e-02 9.996992e-01 1.991721e-02 4.860827e-01 -1.494682e-03 -1.994061e-02 9.998000e-01 1.482274e+00
9.999482e-01 9.734288e-03 2.961641e-03 7.048795e+00 -9.799732e-03 9.996886e-01 2.294948e-02 4.108163e-01 -2.737322e-03 -2.297732e-02 9.997322e-01 1.464259e+00
9.999744e-01 5.971049e-03 3.940720e-03 9.466768e+00 -6.072639e-03 9.996359e-01 2.629194e-02 4.001119e-01 -3.782295e-03 -2.631519e-02 9.996465e-01 1.432954e+00
9.999903e-01 -2.223265e-03 3.795791e-03 1.249967e+01 2.116016e-03 9.996049e-01 2.802858e-02 3.613469e-01 -3.856606e-03 -2.802028e-02 9.995999e-01 1.373533e+00
9.999718e-01 -5.638334e-03 4.963310e-03 1.509985e+01 5.497841e-03 9.995962e-01 2.787899e-02 4.107247e-01 -5.118497e-03 -2.785091e-02 9.995990e-01 1.345595e+00
9.999580e-01 -7.526063e-03 5.234922e-03 1.745618e+01 7.370454e-03 9.995483e-01 2.913484e-02 3.986420e-01 -5.451828e-03 -2.909503e-02 9.995618e-01 1.320123e+00
9.999287e-01 -1.026984e-02 6.089317e-03 1.985826e+01 1.009292e-02 9.995455e-01 2.840613e-02 4.046347e-01 -6.378276e-03 -2.834265e-02 9.995779e-01 1.286649e+00
9.998983e-01 -1.272319e-02 6.437094e-03 2.215510e+01 1.252687e-02 9.994812e-01 2.967206e-02 4.146441e-01 -6.811278e-03 -2.958841e-02 9.995390e-01 1.263247e+00
9.998564e-01 -1.581306e-02 6.094978e-03 2.449826e+01 1.561857e-02 9.994055e-01 3.073582e-02 4.374094e-01 -6.577382e-03 -3.063621e-02 9.995090e-01 1.236161e+00
9.997923e-01 -1.958092e-02 5.646564e-03 2.683583e+01 1.938749e-02 9.992841e-01 3.248723e-02 4.685812e-01 -6.278651e-03 -3.237101e-02 9.994562e-01 1.213604e+00
9.997058e-01 -2.364801e-02 5.391733e-03 2.916594e+01 2.344438e-02 9.991077e-01 3.513160e-02 5.129618e-01 -6.217714e-03 -3.499486e-02 9.993682e-01 1.198256e+00
9.995801e-01 -2.845017e-02 5.505044e-03 3.148922e+01 2.822468e-02 9.989005e-01 3.743084e-02 5.691659e-01 -6.563905e-03 -3.725975e-02 9.992841e-01 1.175968e+00
9.994061e-01 -3.405388e-02 5.268351e-03 3.380282e+01 3.381493e-02 9.986179e-01 4.023407e-02 6.388839e-01 -6.631196e-03 -4.003203e-02 9.991764e-01 1.150838e+00
9.991830e-01 -4.019390e-02 4.207455e-03 3.610713e+01 3.997631e-02 9.982750e-01 4.299859e-02 7.196661e-01 -5.928478e-03 -4.279526e-02 9.990663e-01 1.121724e+00
9.989318e-01 -4.609510e-02 3.231803e-03 3.840670e+01 4.590837e-02 9.979739e-01 4.405192e-02 8.142559e-01 -5.255832e-03 -4.385650e-02 9.990240e-01 1.106091e+00
9.985562e-01 -5.365565e-02 2.547307e-03 4.069512e+01 5.349764e-02 9.976490e-01 4.283139e-02 9.229465e-01 -4.839464e-03 -4.263327e-02 9.990791e-01 1.089970e+00
9.980940e-01 -6.169280e-02 1.535213e-03 4.297858e+01 6.157287e-02 9.972061e-01 4.229288e-02 1.047097e+00 -4.140091e-03 -4.211774e-02 9.991041e-01 1.073780e+00
9.976039e-01 -6.915795e-02 1.928476e-03 4.525735e+01 6.901940e-02 9.967582e-01 4.134465e-02 1.187210e+00 -4.781535e-03 -4.111248e-02 9.991431e-01 1.053257e+00
9.969175e-01 -7.836164e-02 3.868792e-03 4.752912e+01 7.815384e-02 9.961875e-01 3.876037e-02 1.344663e+00 -6.891368e-03 -3.833853e-02 9.992410e-01 1.033326e+00
9.961697e-01 -8.729710e-02 5.014455e-03 4.979795e+01 8.706253e-02 9.955555e-01 3.590662e-02 1.521570e+00 -8.126713e-03 -3.533252e-02 9.993426e-01 1.011039e+00
9.953650e-01 -9.612058e-02 3.042020e-03 5.206186e+01 9.596165e-02 9.947996e-01 3.413435e-02 1.716251e+00 -6.307213e-03 -3.368422e-02 9.994126e-01 9.839012e-01
9.945298e-01 -1.044533e-01 1.704626e-04 5.431972e+01 1.043874e-01 9.939573e-01 3.394258e-02 1.934616e+00 -3.714849e-03 -3.373912e-02 9.994238e-01 9.598306e-01
9.936524e-01 -1.124791e-01 -1.818951e-03 5.657614e+01 1.124730e-01 9.930272e-01 3.530995e-02 2.176578e+00 -2.165365e-03 -3.529040e-02 9.993748e-01 9.332349e-01
9.925804e-01 -1.215865e-01 -9.092399e-04 5.883208e+01 1.215476e-01 9.920101e-01 3.379666e-02 2.434289e+00 -3.207242e-03 -3.365642e-02 9.994283e-01 9.176576e-01
9.912358e-01 -1.320983e-01 1.270604e-03 6.108626e+01 1.320072e-01 9.908299e-01 2.881274e-02 2.708560e+00 -5.065066e-03 -2.839249e-02 9.995840e-01 8.995367e-01
9.897822e-01 -1.425612e-01 2.741623e-03 6.333563e+01 1.424589e-01 9.895230e-01 2.344551e-02 3.003357e+00 -6.055319e-03 -2.281538e-02 9.997214e-01 8.862373e-01
9.882319e-01 -1.529345e-01 2.951409e-03 6.558075e+01 1.528489e-01 9.880559e-01 1.956350e-02 3.320248e+00 -5.908093e-03 -1.888216e-02 9.998043e-01 8.680605e-01
9.865493e-01 -1.634629e-01 5.401097e-04 6.782027e+01 1.634239e-01 9.863764e-01 1.882065e-02 3.661248e+00 -3.609229e-03 -1.847923e-02 9.998227e-01 8.441229e-01
9.848830e-01 -1.732012e-01 -2.606812e-03 7.005106e+01 1.732178e-01 9.846650e-01 2.074675e-02 4.031838e+00 -1.026526e-03 -2.088467e-02 9.997814e-01 8.152757e-01
9.833560e-01 -1.816145e-01 -5.204116e-03 7.228317e+01 1.816881e-01 9.830408e-01 2.490264e-02 4.428037e+00 5.931771e-04 -2.543369e-02 9.996763e-01 8.035170e-01
9.819287e-01 -1.891055e-01 -7.419326e-03 7.451188e+01 1.892402e-01 9.815368e-01 2.781504e-02 4.844375e+00 2.022363e-03 -2.871643e-02 9.995856e-01 7.897574e-01
9.804262e-01 -1.967262e-01 -7.955178e-03 7.674118e+01 1.968740e-01 9.800249e-01 2.813989e-02 5.274344e+00 2.260418e-03 -2.915525e-02 9.995723e-01 7.805884e-01
9.788965e-01 -2.042093e-01 -7.760397e-03 7.896643e+01 2.043439e-01 9.785552e-01 2.594991e-02 5.717582e+00 2.294763e-03 -2.698806e-02 9.996331e-01 7.729385e-01
9.772272e-01 -2.120411e-01 -8.095993e-03 8.119230e+01 2.121781e-01 9.769255e-01 2.443339e-02 6.180208e+00 2.728298e-03 -2.559477e-02 9.996687e-01 7.766219e-01
9.753432e-01 -2.205337e-01 -8.398703e-03 8.341579e+01 2.206787e-01 9.750127e-01 2.551707e-02 6.667928e+00 2.561468e-03 -2.674132e-02 9.996391e-01 7.761338e-01
9.736097e-01 -2.280825e-01 -7.901096e-03 8.562986e+01 2.282150e-01 9.732207e-01 2.755661e-02 7.175024e+00 1.404328e-03 -2.863254e-02 9.995890e-01 7.670891e-01
9.717060e-01 -2.360773e-01 -7.408727e-03 8.784065e+01 2.361934e-01 9.712595e-01 2.945756e-02 7.698667e+00 2.415348e-04 -3.037398e-02 9.995386e-01 7.585702e-01
9.696539e-01 -2.443724e-01 -7.308448e-03 9.005391e+01 2.444815e-01 9.691957e-01 2.980680e-02 8.239838e+00 -2.006416e-04 -3.068906e-02 9.995290e-01 7.480675e-01
9.674851e-01 -2.527718e-01 -8.885800e-03 9.225962e+01 2.529264e-01 9.670048e-01 3.049403e-02 8.798597e+00 8.845816e-04 -3.174998e-02 9.994955e-01 7.350085e-01
9.653064e-01 -2.609016e-01 -1.067561e-02 9.446169e+01 2.611107e-01 9.648096e-01 3.104330e-02 9.376480e+00 2.200685e-03 -3.275381e-02 9.994610e-01 7.240763e-01
9.633450e-01 -2.680334e-01 -1.115654e-02 9.666185e+01 2.682551e-01 9.628395e-01 3.129440e-02 9.970741e+00 2.354011e-03 -3.314011e-02 9.994479e-01 7.163738e-01
9.612340e-01 -2.755026e-01 -1.128998e-02 9.885838e+01 2.757222e-01 9.607630e-01 3.019379e-02 1.057577e+01 2.528527e-03 -3.213620e-02 9.994803e-01 7.085733e-01
9.588041e-01 -2.838142e-01 -1.200567e-02 1.010561e+02 2.840427e-01 9.584266e-01 2.716858e-02 1.119454e+01 3.795720e-03 -2.945947e-02 9.995588e-01 7.091602e-01
9.560965e-01 -2.927635e-01 -1.299657e-02 1.032450e+02 2.929992e-01 9.558252e-01 2.344586e-02 1.183477e+01 5.558353e-03 -2.622449e-02 9.996406e-01 7.112265e-01
9.532170e-01 -3.019215e-01 -1.486069e-02 1.054242e+02 3.021806e-01 9.530333e-01 2.035578e-02 1.249517e+01 8.016886e-03 -2.389409e-02 9.996824e-01 7.145002e-01
9.505630e-01 -3.100881e-01 -1.659186e-02 1.075937e+02 3.103741e-01 9.504254e-01 1.896140e-02 1.317887e+01 9.889621e-03 -2.317369e-02 9.996825e-01 7.228655e-01
9.477798e-01 -3.184806e-01 -1.683770e-02 1.097621e+02 3.187776e-01 9.476265e-01 1.961883e-02 1.388448e+01 9.707633e-03 -2.396181e-02 9.996657e-01 7.313883e-01
9.450956e-01 -3.262321e-01 -1.915495e-02 1.119216e+02 3.266275e-01 9.448606e-01 2.351260e-02 1.461254e+01 1.042820e-02 -2.847819e-02 9.995400e-01 7.438833e-01
9.422592e-01 -3.340676e-01 -2.337383e-02 1.140727e+02 3.346440e-01 9.419305e-01 2.793373e-02 1.536010e+01 1.268477e-02 -3.414273e-02 9.993365e-01 7.506550e-01
9.395317e-01 -3.416008e-01 -2.427283e-02 1.162020e+02 3.422468e-01 9.390923e-01 3.119007e-02 1.611611e+01 1.213987e-02 -3.761136e-02 9.992187e-01 7.666696e-01
9.366770e-01 -3.494917e-01 -2.217677e-02 1.183475e+02 3.500593e-01 9.361957e-01 3.156055e-02 1.689722e+01 9.731643e-03 -3.732523e-02 9.992558e-01 7.800855e-01
9.336550e-01 -3.575954e-01 -2.034274e-02 1.204885e+02 3.580786e-01 9.332084e-01 3.002845e-02 1.768967e+01 8.245978e-03 -3.532051e-02 9.993420e-01 7.951877e-01
9.302586e-01 -3.664381e-01 -1.849352e-02 1.226090e+02 3.668380e-01 9.298674e-01 2.786513e-02 1.849665e+01 6.985672e-03 -3.270591e-02 9.994406e-01 7.988723e-01
9.270795e-01 -3.745342e-01 -1.573992e-02 1.247219e+02 3.748335e-01 9.267268e-01 2.602501e-02 1.932066e+01 4.839350e-03 -3.002710e-02 9.995374e-01 7.981594e-01
9.239107e-01 -3.823974e-01 -1.269706e-02 1.268254e+02 3.825984e-01 9.236148e-01 2.353913e-02 2.016100e+01 2.725893e-03 -2.660594e-02 9.996423e-01 7.924407e-01
9.210431e-01 -3.892845e-01 -1.171191e-02 1.289133e+02 3.894529e-01 9.207971e-01 2.142523e-02 2.101411e+01 2.443786e-03 -2.429480e-02 9.997019e-01 7.904307e-01
9.186604e-01 -3.948694e-01 -1.188574e-02 1.309898e+02 3.950364e-01 9.184502e-01 1.988866e-02 2.188186e+01 3.063037e-03 -2.296622e-02 9.997315e-01 7.891922e-01
9.163939e-01 -4.000985e-01 -1.197740e-02 1.330597e+02 4.002590e-01 9.162303e-01 1.774311e-02 2.276007e+01 3.875061e-03 -2.105374e-02 9.997708e-01 7.868983e-01
9.140405e-01 -4.054702e-01 -1.113472e-02 1.351215e+02 4.056023e-01 9.139269e-01 1.497948e-02 2.365057e+01 4.102591e-03 -1.820812e-02 9.998258e-01 7.849566e-01
9.114053e-01 -4.114198e-01 -8.611078e-03 1.371756e+02 4.115039e-01 9.113055e-01 1.367042e-02 2.455330e+01 2.223040e-03 -1.600279e-02 9.998695e-01 7.791610e-01
9.084787e-01 -4.178852e-01 -6.197266e-03 1.392288e+02 4.179311e-01 9.083877e-01 1.286124e-02 2.547351e+01 2.549981e-04 -1.427419e-02 9.998981e-01 7.749440e-01
9.052138e-01 -4.249142e-01 -5.988188e-03 1.412624e+02 4.249550e-01 9.051561e-01 1.027738e-02 2.640241e+01 1.053241e-03 -1.184794e-02 9.999293e-01 7.684083e-01
9.017837e-01 -4.321321e-01 -6.933372e-03 1.432742e+02 4.321762e-01 9.017606e-01 7.180069e-03 2.733879e+01 3.149504e-03 -9.471307e-03 9.999502e-01 7.663853e-01
8.982504e-01 -4.394354e-01 -6.545784e-03 1.452659e+02 4.394742e-01 8.982304e-01 6.675310e-03 2.828976e+01 2.946255e-03 -8.872803e-03 9.999563e-01 7.673267e-01
8.947319e-01 -4.465721e-01 -5.307903e-03 1.472799e+02 4.466028e-01 8.946905e-01 8.654667e-03 2.927302e+01 8.839971e-04 -1.011413e-02 9.999485e-01 7.680604e-01
8.909301e-01 -4.541052e-01 -5.656625e-03 1.492508e+02 4.541392e-01 8.908878e-01 8.751408e-03 3.025677e+01 1.065358e-03 -1.036579e-02 9.999457e-01 7.643038e-01
8.866741e-01 -4.623596e-01 -5.722578e-03 1.512175e+02 4.623886e-01 8.866591e-01 5.700012e-03 3.125406e+01 2.438521e-03 -7.700107e-03 9.999674e-01 7.600727e-01
8.819521e-01 -4.713209e-01 -4.146619e-03 1.531728e+02 4.713305e-01 8.819550e-01 1.699005e-03 3.226439e+01 2.856355e-03 -3.452869e-03 9.999900e-01 7.565717e-01
8.771438e-01 -4.802187e-01 -2.953878e-03 1.550917e+02 4.802126e-01 8.771484e-01 -2.553689e-03 3.328228e+01 3.817319e-03 8.214631e-04 9.999924e-01 7.552526e-01
8.721278e-01 -4.892671e-01 -3.276243e-03 1.570170e+02 4.892496e-01 8.721298e-01 -4.947786e-03 3.433031e+01 5.278099e-03 2.712201e-03 9.999824e-01 7.591799e-01
8.669574e-01 -4.983585e-01 -4.854361e-03 1.589241e+02 4.983395e-01 8.669695e-01 -4.648739e-03 3.540001e+01 6.525322e-03 1.611139e-03 9.999774e-01 7.685911e-01
8.615509e-01 -5.076134e-01 -7.659262e-03 1.608158e+02 5.076079e-01 8.615837e-01 -2.790872e-03 3.649151e+01 8.015779e-03 -1.483424e-03 9.999668e-01 7.717336e-01
8.561268e-01 -5.167092e-01 -7.645225e-03 1.626942e+02 5.167202e-01 8.561541e-01 -6.156116e-04 3.760230e+01 6.863583e-03 -3.423400e-03 9.999706e-01 7.830184e-01
8.507078e-01 -5.256317e-01 -2.764010e-03 1.645802e+02 5.256316e-01 8.507119e-01 -8.236853e-04 3.873830e+01 2.784331e-03 -7.521354e-04 9.999958e-01 7.880624e-01
8.448636e-01 -5.349743e-01 2.810483e-03 1.664385e+02 5.349816e-01 8.448547e-01 -3.903594e-03 3.987851e+01 -2.861268e-04 4.801561e-03 9.999884e-01 7.867292e-01
8.395544e-01 -5.432731e-01 1.640336e-03 1.682741e+02 5.432719e-01 8.395335e-01 -6.261683e-03 4.103303e+01 2.024688e-03 6.148172e-03 9.999791e-01 7.832586e-01
8.352381e-01 -5.498386e-01 -7.398287e-03 1.700712e+02 5.498356e-01 8.352688e-01 -2.614972e-03 4.220204e+01 7.617371e-03 -1.883718e-03 9.999692e-01 7.802227e-01
8.318440e-01 -5.547852e-01 -1.577595e-02 1.718872e+02 5.549152e-01 8.318906e-01 5.212261e-03 4.341305e+01 1.023218e-02 -1.309010e-02 9.998620e-01 7.821598e-01
8.286332e-01 -5.595344e-01 -1.697809e-02 1.736864e+02 5.597468e-01 8.285703e-01 1.244109e-02 4.462709e+01 7.106322e-03 -1.981254e-02 9.997785e-01 7.842001e-01
8.244023e-01 -5.658607e-01 -1.274665e-02 1.754845e+02 5.659999e-01 8.242753e-01 1.463939e-02 4.584539e+01 2.222889e-03 -1.928335e-02 9.998116e-01 7.945547e-01
8.195495e-01 -5.729295e-01 -9.513603e-03 1.772770e+02 5.730072e-01 8.194690e-01 1.154345e-02 4.706891e+01 1.182518e-03 -1.491179e-02 9.998881e-01 7.928974e-01
8.144939e-01 -5.800488e-01 -1.195968e-02 1.790501e+02 5.801485e-01 8.144736e-01 7.772461e-03 4.830672e+01 5.232438e-03 -1.326901e-02 9.998983e-01 7.985034e-01
8.100255e-01 -5.861634e-01 -1.646495e-02 1.808111e+02 5.863370e-01 8.100202e-01 8.728597e-03 4.956668e+01 8.220559e-03 -1.672440e-02 9.998263e-01 8.017274e-01
8.062503e-01 -5.913715e-01 -1.549606e-02 1.825727e+02 5.915519e-01 8.061719e-01 1.237703e-02 5.084453e+01 5.173062e-03 -1.914571e-02 9.998033e-01 7.991475e-01
8.022267e-01 -5.969240e-01 -1.068624e-02 1.843326e+02 5.970186e-01 8.021288e-01 1.257445e-02 5.213260e+01 1.065751e-03 -1.646745e-02 9.998638e-01 7.937577e-01
7.979384e-01 -6.027050e-01 -6.401711e-03 1.860859e+02 6.027390e-01 7.978922e-01 8.587661e-03 5.342661e+01 -6.795156e-05 -1.071099e-02 9.999426e-01 7.850685e-01
7.940716e-01 -6.077903e-01 -6.412363e-03 1.878670e+02 6.078180e-01 7.940669e-01 3.878721e-03 5.476046e+01 2.734396e-03 -6.977532e-03 9.999719e-01 7.763728e-01
7.907413e-01 -6.120478e-01 -1.121494e-02 1.895612e+02 6.121086e-01 7.907688e-01 2.784381e-03 5.604969e+01 7.164252e-03 -9.066488e-03 9.999332e-01 7.713191e-01
7.877653e-01 -6.157872e-01 -1.523063e-02 1.912729e+02 6.158956e-01 7.878206e-01 3.368554e-03 5.737569e+01 9.924689e-03 -1.203411e-02 9.998783e-01 7.774546e-01
7.845741e-01 -6.197837e-01 -1.765536e-02 1.929902e+02 6.199516e-01 7.846176e-01 5.932200e-03 5.872040e+01 1.017602e-02 -1.559972e-02 9.998265e-01 7.792035e-01
7.813858e-01 -6.238311e-01 -1.646014e-02 1.947125e+02 6.240067e-01 7.813663e-01 9.071772e-03 6.007644e+01 7.202142e-03 -1.735979e-02 9.998234e-01 7.798462e-01
7.781741e-01 -6.279366e-01 -1.186597e-02 1.964353e+02 6.280404e-01 7.781219e-01 9.571007e-03 6.143975e+01 3.223185e-03 -1.490022e-02 9.998838e-01 7.703470e-01
7.745241e-01 -6.325125e-01 -6.350958e-03 1.981943e+02 6.325422e-01 7.745084e-01 5.196227e-03 6.284070e+01 1.632192e-03 -8.041853e-03 9.999663e-01 7.625135e-01
7.712308e-01 -6.365508e-01 -2.485526e-03 1.999094e+02 6.365534e-01 7.712326e-01 3.565254e-04 6.421611e+01 1.689972e-03 -1.857133e-03 9.999968e-01 7.532977e-01
7.685712e-01 -6.397605e-01 2.195213e-03 2.016210e+02 6.397627e-01 7.685574e-01 -4.812882e-03 6.560050e+01 1.391944e-03 5.103458e-03 9.999860e-01 7.396958e-01
7.662125e-01 -6.425844e-01 1.953361e-03 2.033245e+02 6.425778e-01 7.661811e-01 -7.768238e-03 6.699872e+01 3.495120e-03 7.207307e-03 9.999679e-01 7.193098e-01
7.647743e-01 -6.442982e-01 -2.552680e-04 2.050233e+02 6.442775e-01 7.647527e-01 -7.736340e-03 6.840942e+01 5.179727e-03 5.752090e-03 9.999700e-01 7.063031e-01
7.642070e-01 -6.449672e-01 2.256109e-03 2.067299e+02 6.449705e-01 7.641971e-01 -3.981594e-03 6.983043e+01 8.438855e-04 4.497886e-03 9.999895e-01 7.060193e-01
7.646869e-01 -6.443458e-01 8.518457e-03 2.084463e+02 6.443705e-01 7.647134e-01 -2.098523e-04 7.125098e+01 -6.378961e-03 5.649514e-03 9.999637e-01 6.863642e-01
7.663467e-01 -6.423262e-01 1.138868e-02 2.101625e+02 6.423385e-01 7.664151e-01 3.031742e-03 7.267766e+01 -1.067583e-02 4.992023e-03 9.999306e-01 6.472528e-01
7.682026e-01 -6.401337e-01 9.669051e-03 2.118945e+02 6.401027e-01 7.682625e-01 6.430472e-03 7.409853e+01 -1.154473e-02 1.249280e-03 9.999326e-01 6.064656e-01
7.700361e-01 -6.379879e-01 3.975148e-03 2.136153e+02 6.379817e-01 7.700463e-01 2.834490e-03 7.551139e+01 -4.869419e-03 3.534125e-04 9.999881e-01 5.770030e-01
7.704375e-01 -6.375154e-01 3.555397e-04 2.153330e+02 6.374929e-01 7.704053e-01 -8.856859e-03 7.691208e+01 5.372475e-03 7.050311e-03 9.999607e-01 5.639190e-01
7.700255e-01 -6.380087e-01 2.349289e-03 2.170678e+02 6.379594e-01 7.699078e-01 -1.580386e-02 7.832363e+01 8.274267e-03 1.366813e-02 9.998724e-01 5.591670e-01
7.700363e-01 -6.379654e-01 6.648892e-03 2.188145e+02 6.379832e-01 7.698985e-01 -1.529064e-02 7.974200e+01 4.635931e-03 1.601623e-02 9.998610e-01 5.643036e-01
7.705212e-01 -6.373426e-01 9.567947e-03 2.205613e+02 6.374137e-01 7.704113e-01 -1.304480e-02 8.116625e+01 9.427506e-04 1.615003e-02 9.998691e-01 5.724032e-01
7.709860e-01 -6.367951e-01 8.519673e-03 2.223082e+02 6.368499e-01 7.708796e-01 -1.291677e-02 8.258908e+01 1.657695e-03 1.538440e-02 9.998803e-01 5.698341e-01
7.712291e-01 -6.365190e-01 7.016584e-03 2.240552e+02 6.365408e-01 7.710814e-01 -1.579135e-02 8.401337e+01 4.641140e-03 1.664509e-02 9.998507e-01 5.650279e-01
7.713296e-01 -6.364062e-01 6.140466e-03 2.258106e+02 6.363918e-01 7.711269e-01 -1.920255e-02 8.543640e+01 7.485544e-03 1.871924e-02 9.997968e-01 5.607822e-01
7.710819e-01 -6.366971e-01 7.037957e-03 2.275766e+02 6.366832e-01 7.708283e-01 -2.140783e-02 8.686559e+01 8.205251e-03 2.098814e-02 9.997461e-01 5.500550e-01
7.709039e-01 -6.368978e-01 8.268618e-03 2.293469e+02 6.369067e-01 7.706309e-01 -2.186182e-02 8.830358e+01 7.551693e-03 2.211970e-02 9.997268e-01 5.459937e-01
7.712344e-01 -6.364691e-01 1.022834e-02 2.311232e+02 6.365197e-01 7.709365e-01 -2.235394e-02 8.974938e+01 6.342196e-03 2.375067e-02 9.996978e-01 5.383863e-01
7.718397e-01 -6.357423e-01 9.757557e-03 2.329094e+02 6.357843e-01 7.715527e-01 -2.201717e-02 9.119296e+01 6.468777e-03 2.319743e-02 9.997100e-01 5.298334e-01
7.726654e-01 -6.347352e-01 9.965068e-03 2.347001e+02 6.347732e-01 7.723444e-01 -2.339173e-02 9.264116e+01 7.151089e-03 2.439954e-02 9.996767e-01 5.141529e-01
7.732016e-01 -6.340718e-01 1.059703e-02 2.364972e+02 6.341194e-01 7.728540e-01 -2.427636e-02 9.409228e+01 7.203001e-03 2.549030e-02 9.996491e-01 5.130878e-01
7.732981e-01 -6.339204e-01 1.244926e-02 2.382982e+02 6.340085e-01 7.729034e-01 -2.556370e-02 9.554867e+01 6.583270e-03 2.766130e-02 9.995957e-01 5.056296e-01
7.733996e-01 -6.337458e-01 1.481186e-02 2.401045e+02 6.338887e-01 7.729241e-01 -2.781154e-02 9.700974e+01 6.176999e-03 3.089851e-02 9.995034e-01 4.942778e-01
7.733603e-01 -6.337381e-01 1.702415e-02 2.419112e+02 6.339397e-01 7.728006e-01 -2.999348e-02 9.847483e+01 5.851740e-03 3.398806e-02 9.994051e-01 4.866176e-01
7.731241e-01 -6.340365e-01 1.663992e-02 2.437305e+02 6.342230e-01 7.725564e-01 -3.029578e-02 9.993841e+01 6.353351e-03 3.397582e-02 9.994025e-01 4.809934e-01
7.729926e-01 -6.341863e-01 1.703622e-02 2.455523e+02 6.343861e-01 7.724219e-01 -3.030929e-02 1.014063e+02 6.062586e-03 3.423640e-02 9.993954e-01 4.767541e-01
7.730707e-01 -6.340699e-01 1.780493e-02 2.473795e+02 6.342924e-01 7.724719e-01 -3.098814e-02 1.028780e+02 5.894835e-03 3.524956e-02 9.993612e-01 4.672338e-01
7.730631e-01 -6.340328e-01 1.938741e-02 2.492062e+02 6.343019e-01 7.723858e-01 -3.288277e-02 1.043544e+02 5.874194e-03 3.771792e-02 9.992712e-01 4.562453e-01
7.732137e-01 -6.338854e-01 1.816265e-02 2.510288e+02 6.341126e-01 7.725640e-01 -3.234264e-02 1.058327e+02 6.469714e-03 3.652494e-02 9.993118e-01 4.535825e-01
7.731423e-01 -6.339811e-01 1.786157e-02 2.528636e+02 6.341964e-01 7.724903e-01 -3.246022e-02 1.073199e+02 6.781274e-03 3.642411e-02 9.993134e-01 4.478645e-01
7.731303e-01 -6.339972e-01 1.780780e-02 2.546511e+02 6.342060e-01 7.724551e-01 -3.310561e-02 1.087668e+02 7.233138e-03 3.688876e-02 9.992932e-01 4.427445e-01
7.727891e-01 -6.343831e-01 1.884116e-02 2.565408e+02 6.346278e-01 7.720940e-01 -3.344071e-02 1.102889e+02 6.667074e-03 3.779975e-02 9.992631e-01 4.474289e-01
7.723730e-01 -6.348844e-01 1.901798e-02 2.583875e+02 6.351398e-01 7.717027e-01 -3.274766e-02 1.117756e+02 6.114757e-03 3.737249e-02 9.992827e-01 4.444807e-01
7.720564e-01 -6.352127e-01 2.082766e-02 2.601746e+02 6.355366e-01 7.713776e-01 -3.270984e-02 1.132244e+02 4.711716e-03 3.849058e-02 9.992479e-01 4.354830e-01
7.718478e-01 -6.353910e-01 2.300739e-02 2.620808e+02 6.357988e-01 7.711443e-01 -3.311022e-02 1.147647e+02 3.295919e-03 4.018412e-02 9.991869e-01 4.414879e-01
7.715944e-01 -6.356583e-01 2.409587e-02 2.639322e+02 6.361048e-01 7.708160e-01 -3.483290e-02 1.162604e+02 3.568343e-03 4.220437e-02 9.991026e-01 4.388685e-01
7.715273e-01 -6.357500e-01 2.382533e-02 2.657818e+02 6.361801e-01 7.706996e-01 -3.601413e-02 1.177575e+02 4.533811e-03 4.294308e-02 9.990672e-01 4.286304e-01
7.715067e-01 -6.358183e-01 2.263941e-02 2.676308e+02 6.361945e-01 7.706590e-01 -3.662303e-02 1.192676e+02 5.838326e-03 4.265798e-02 9.990727e-01 4.077141e-01
7.714616e-01 -6.358842e-01 2.232252e-02 2.694812e+02 6.362426e-01 7.705876e-01 -3.728343e-02 1.207799e+02 6.506487e-03 4.296527e-02 9.990554e-01 4.067292e-01
7.711157e-01 -6.363026e-01 2.234958e-02 2.713452e+02 6.366629e-01 7.702492e-01 -3.710005e-02 1.222891e+02 6.392113e-03 4.283758e-02 9.990616e-01 3.993086e-01
7.706403e-01 -6.368495e-01 2.315871e-02 2.732159e+02 6.372387e-01 7.697308e-01 -3.796364e-02 1.237944e+02 6.351151e-03 4.401394e-02 9.990107e-01 3.930618e-01
7.705284e-01 -6.369918e-01 2.296484e-02 2.750828e+02 6.373725e-01 7.696203e-01 -3.795988e-02 1.253084e+02 6.505926e-03 4.388632e-02 9.990153e-01 3.909926e-01
7.705105e-01 -6.369965e-01 2.343115e-02 2.769493e+02 6.373920e-01 7.695599e-01 -3.884622e-02 1.268285e+02 6.713230e-03 4.486624e-02 9.989704e-01 3.728626e-01
7.702017e-01 -6.373263e-01 2.458778e-02 2.788194e+02 6.377679e-01 7.692006e-01 -3.978274e-02 1.283468e+02 6.441651e-03 4.632203e-02 9.989058e-01 3.702703e-01
7.703883e-01 -6.370997e-01 2.461195e-02 2.806849e+02 6.375429e-01 7.693887e-01 -3.975031e-02 1.298719e+02 6.388758e-03 4.631435e-02 9.989065e-01 3.681197e-01
7.702695e-01 -6.372227e-01 2.514171e-02 2.825588e+02 6.376844e-01 7.692215e-01 -4.070565e-02 1.313921e+02 6.599022e-03 4.738680e-02 9.988548e-01 3.670936e-01
7.700677e-01 -6.375113e-01 2.398124e-02 2.844323e+02 6.379239e-01 7.690653e-01 -3.989455e-02 1.329161e+02 6.990085e-03 4.601971e-02 9.989161e-01 3.594280e-01
7.698370e-01 -6.378344e-01 2.276602e-02 2.863106e+02 6.382032e-01 7.689163e-01 -3.826768e-02 1.344424e+02 6.903282e-03 4.398922e-02 9.990082e-01 3.626120e-01
7.695759e-01 -6.381683e-01 2.223239e-02 2.881903e+02 6.385224e-01 7.687157e-01 -3.694966e-02 1.359690e+02 6.489716e-03 4.263145e-02 9.990698e-01 3.559333e-01
7.691814e-01 -6.385721e-01 2.420160e-02 2.900733e+02 6.390019e-01 7.682369e-01 -3.858193e-02 1.374947e+02 6.044779e-03 4.514137e-02 9.989623e-01 3.570416e-01
7.690455e-01 -6.387211e-01 2.458329e-02 2.919478e+02 6.391625e-01 7.680569e-01 -3.949503e-02 1.390313e+02 6.344940e-03 4.608619e-02 9.989173e-01 3.443595e-01
7.690360e-01 -6.386847e-01 2.579768e-02 2.938215e+02 6.391739e-01 7.679702e-01 -4.096932e-02 1.405719e+02 6.354630e-03 4.799608e-02 9.988273e-01 3.510657e-01
7.688399e-01 -6.389467e-01 2.514581e-02 2.956961e+02 6.394082e-01 7.678053e-01 -4.039984e-02 1.421085e+02 6.506258e-03 4.713944e-02 9.988671e-01 3.484163e-01
7.688615e-01 -6.389714e-01 2.382396e-02 2.975736e+02 6.393786e-01 7.678841e-01 -3.935593e-02 1.436483e+02 6.853269e-03 4.549179e-02 9.989412e-01 3.460385e-01
7.685379e-01 -6.393774e-01 2.336933e-02 2.994579e+02 6.397706e-01 7.676100e-01 -3.831933e-02 1.451836e+02 6.561981e-03 4.440086e-02 9.989922e-01 3.515243e-01
7.684635e-01 -6.394730e-01 2.319840e-02 3.013388e+02 6.398571e-01 7.675269e-01 -3.854126e-02 1.467225e+02 6.840694e-03 4.446121e-02 9.989877e-01 3.461602e-01
7.687814e-01 -6.391229e-01 2.229552e-02 3.032183e+02 6.394714e-01 7.678746e-01 -3.801207e-02 1.482666e+02 7.174217e-03 4.348032e-02 9.990285e-01 3.522116e-01
7.691328e-01 -6.387242e-01 2.159198e-02 3.051010e+02 6.390506e-01 7.682768e-01 -3.694726e-02 1.498103e+02 7.010487e-03 4.221572e-02 9.990839e-01 3.530341e-01
7.694758e-01 -6.383089e-01 2.165105e-02 3.069835e+02 6.386472e-01 7.686770e-01 -3.557240e-02 1.513555e+02 6.063516e-03 4.119949e-02 9.991325e-01 3.489343e-01
7.698788e-01 -6.377997e-01 2.232004e-02 3.088697e+02 6.381592e-01 7.690261e-01 -3.676601e-02 1.528960e+02 6.284654e-03 4.254911e-02 9.990746e-01 3.437386e-01
7.698901e-01 -6.377707e-01 2.275585e-02 3.107586e+02 6.381392e-01 7.689697e-01 -3.826262e-02 1.544323e+02 6.904218e-03 4.397941e-02 9.990086e-01 3.343277e-01
7.703672e-01 -6.371486e-01 2.400108e-02 3.126440e+02 6.375713e-01 7.694258e-01 -3.855963e-02 1.559790e+02 6.101160e-03 4.500747e-02 9.989680e-01 3.187335e-01
7.705400e-01 -6.368759e-01 2.563540e-02 3.145419e+02 6.373649e-01 7.695154e-01 -4.015039e-02 1.575158e+02 5.843980e-03 4.727658e-02 9.988647e-01 3.089528e-01
7.706006e-01 -6.367744e-01 2.632690e-02 3.164370e+02 6.372897e-01 7.695160e-01 -4.131490e-02 1.590498e+02 6.049299e-03 4.861514e-02 9.987993e-01 3.100974e-01
7.709712e-01 -6.363805e-01 2.496384e-02 3.183316e+02 6.368324e-01 7.699073e-01 -4.107564e-02 1.605902e+02 6.919894e-03 4.756592e-02 9.988441e-01 2.979625e-01
7.711480e-01 -6.361767e-01 2.469515e-02 3.202234e+02 6.366226e-01 7.701307e-01 -4.012903e-02 1.621301e+02 6.510664e-03 4.666692e-02 9.988893e-01 2.893611e-01
7.715853e-01 -6.356672e-01 2.415218e-02 3.221198e+02 6.360960e-01 7.706247e-01 -3.897903e-02 1.636749e+02 6.165425e-03 4.543875e-02 9.989481e-01 2.889604e-01
7.718828e-01 -6.352722e-01 2.502266e-02 3.240154e+02 6.357350e-01 7.708673e-01 -4.005715e-02 1.652204e+02 6.158048e-03 4.682720e-02 9.988840e-01 2.819841e-01
7.720259e-01 -6.350710e-01 2.570723e-02 3.259129e+02 6.355660e-01 7.710044e-01 -4.010084e-02 1.667612e+02 5.646498e-03 4.729753e-02 9.988649e-01 2.884809e-01
7.722763e-01 -6.346855e-01 2.763244e-02 3.278141e+02 6.352659e-01 7.711675e-01 -4.168962e-02 1.682999e+02 5.150561e-03 4.974986e-02 9.987484e-01 2.871294e-01
7.724711e-01 -6.343939e-01 2.885883e-02 3.297188e+02 6.350284e-01 7.712725e-01 -4.333201e-02 1.698391e+02 5.231541e-03 5.179890e-02 9.986438e-01 2.879341e-01
7.726255e-01 -6.342287e-01 2.835134e-02 3.316206e+02 6.348352e-01 7.714108e-01 -4.369983e-02 1.713801e+02 5.845156e-03 5.176203e-02 9.986423e-01 2.901961e-01
7.730206e-01 -6.337970e-01 2.721204e-02 3.335221e+02 6.343429e-01 7.717931e-01 -4.409617e-02 1.729218e+02 6.945952e-03 5.134901e-02 9.986566e-01 2.611285e-01
7.734485e-01 -6.333479e-01 2.545119e-02 3.354307e+02 6.338189e-01 7.723238e-01 -4.230272e-02 1.744627e+02 7.135778e-03 4.885042e-02 9.987806e-01 2.655108e-01
7.737114e-01 -6.330630e-01 2.453269e-02 3.373430e+02 6.335031e-01 7.726805e-01 -4.048149e-02 1.759990e+02 6.671405e-03 4.686253e-02 9.988791e-01 2.658244e-01
7.740557e-01 -6.325952e-01 2.571169e-02 3.392517e+02 6.330899e-01 7.730045e-01 -4.075761e-02 1.775422e+02 5.907811e-03 4.782648e-02 9.988382e-01 2.571037e-01
7.738832e-01 -6.327324e-01 2.746661e-02 3.411672e+02 6.333048e-01 7.727521e-01 -4.218080e-02 1.790770e+02 5.464281e-03 5.003775e-02 9.987324e-01 2.566300e-01
7.737656e-01 -6.328512e-01 2.803844e-02 3.430398e+02 6.334448e-01 7.725640e-01 -4.350334e-02 1.805803e+02 5.869649e-03 5.142219e-02 9.986598e-01 2.499208e-01
7.738885e-01 -6.326897e-01 2.829086e-02 3.449922e+02 6.332950e-01 7.726719e-01 -4.376728e-02 1.821550e+02 5.831553e-03 5.178746e-02 9.986411e-01 2.553966e-01
7.741147e-01 -6.324990e-01 2.629701e-02 3.468996e+02 6.330129e-01 7.729859e-01 -4.227888e-02 1.836991e+02 6.414133e-03 4.937505e-02 9.987597e-01 2.460142e-01
7.742576e-01 -6.323250e-01 2.627265e-02 3.488141e+02 6.328425e-01 7.731649e-01 -4.154928e-02 1.852385e+02 5.959556e-03 4.879629e-02 9.987910e-01 2.406268e-01
7.743294e-01 -6.322168e-01 2.675500e-02 3.507269e+02 6.327601e-01 7.732523e-01 -4.117611e-02 1.867813e+02 5.343863e-03 4.881337e-02 9.987936e-01 2.493782e-01
7.745526e-01 -6.319464e-01 2.668293e-02 3.526359e+02 6.324842e-01 7.734551e-01 -4.160409e-02 1.883242e+02 5.653507e-03 4.910109e-02 9.987778e-01 2.497394e-01
7.744048e-01 -6.321441e-01 2.628966e-02 3.545498e+02 6.326579e-01 7.732742e-01 -4.232008e-02 1.898635e+02 6.423267e-03 4.940523e-02 9.987582e-01 2.274531e-01
7.744748e-01 -6.319908e-01 2.786208e-02 3.564704e+02 6.325810e-01 7.733133e-01 -4.275291e-02 1.914005e+02 5.473328e-03 5.073608e-02 9.986971e-01 2.298650e-01
7.744382e-01 -6.319371e-01 3.001488e-02 3.583905e+02 6.326293e-01 7.731614e-01 -4.474020e-02 1.929382e+02 5.066645e-03 5.363681e-02 9.985477e-01 2.143350e-01
7.740507e-01 -6.323660e-01 3.096304e-02 3.603095e+02 6.331015e-01 7.726885e-01 -4.620596e-02 1.944783e+02 5.294292e-03 5.536850e-02 9.984520e-01 2.133175e-01
7.735183e-01 -6.330181e-01 3.094422e-02 3.622268e+02 6.337458e-01 7.721006e-01 -4.719050e-02 1.960208e+02 5.980391e-03 5.611348e-02 9.984065e-01 2.169245e-01
7.728557e-01 -6.338925e-01 2.956897e-02 3.641423e+02 6.345428e-01 7.714524e-01 -4.708124e-02 1.975664e+02 7.033390e-03 5.514979e-02 9.984533e-01 2.108318e-01
7.722173e-01 -6.347312e-01 2.822742e-02 3.660578e+02 6.353206e-01 7.709232e-01 -4.522334e-02 1.991139e+02 6.943493e-03 5.285570e-02 9.985780e-01 2.080539e-01
7.719168e-01 -6.350413e-01 2.944273e-02 3.679736e+02 6.356949e-01 7.706144e-01 -4.522689e-02 2.006604e+02 6.031954e-03 5.362799e-02 9.985428e-01 2.015006e-01
7.714679e-01 -6.355356e-01 3.052620e-02 3.698837e+02 6.362380e-01 7.700746e-01 -4.675832e-02 2.022111e+02 6.209122e-03 5.549446e-02 9.984397e-01 1.931661e-01
7.707033e-01 -6.365362e-01 2.894861e-02 3.717940e+02 6.371560e-01 7.693646e-01 -4.593885e-02 2.037633e+02 6.969706e-03 5.385001e-02 9.985247e-01 1.910768e-01
7.704353e-01 -6.369404e-01 2.713794e-02 3.736969e+02 6.374807e-01 7.692297e-01 -4.363508e-02 2.053191e+02 6.917635e-03 5.091792e-02 9.986789e-01 1.960094e-01
7.701260e-01 -6.373412e-01 2.649602e-02 3.756055e+02 6.378603e-01 7.690114e-01 -4.190125e-02 2.068756e+02 6.329659e-03 4.917000e-02 9.987704e-01 2.099417e-01
7.697878e-01 -6.377417e-01 2.668770e-02 3.775125e+02 6.382695e-01 7.686706e-01 -4.192320e-02 2.084331e+02 6.222130e-03 4.930591e-02 9.987643e-01 1.993902e-01
7.695002e-01 -6.381752e-01 2.453292e-02 3.794183e+02 6.386153e-01 7.685147e-01 -3.944182e-02 2.099889e+02 6.316878e-03 4.601759e-02 9.989207e-01 1.913989e-01
7.692867e-01 -6.385168e-01 2.223212e-02 3.813139e+02 6.388719e-01 7.684353e-01 -3.674110e-02 2.115501e+02 6.375862e-03 4.246792e-02 9.990775e-01 1.876002e-01
7.687784e-01 -6.390899e-01 2.332048e-02 3.832165e+02 6.394904e-01 7.679157e-01 -3.684554e-02 2.131079e+02 5.639453e-03 4.323928e-02 9.990488e-01 1.911579e-01
7.681815e-01 -6.397273e-01 2.542075e-02 3.851212e+02 6.402111e-01 7.672288e-01 -3.859692e-02 2.146577e+02 5.187973e-03 4.592408e-02 9.989315e-01 1.900509e-01
7.678736e-01 -6.400761e-01 2.593737e-02 3.870170e+02 6.405780e-01 7.668699e-01 -3.962789e-02 2.162173e+02 5.474274e-03 4.704412e-02 9.988778e-01 1.851480e-01
7.673752e-01 -6.406778e-01 2.583166e-02 3.889104e+02 6.411693e-01 7.663336e-01 -4.043249e-02 2.177745e+02 6.108531e-03 4.758936e-02 9.988483e-01 1.884868e-01
7.672076e-01 -6.409238e-01 2.468015e-02 3.908018e+02 6.413608e-01 7.661754e-01 -4.039190e-02 2.193319e+02 6.978807e-03 4.681786e-02 9.988791e-01 1.968643e-01
7.668470e-01 -6.413793e-01 2.404643e-02 3.926931e+02 6.417886e-01 7.658339e-01 -4.007376e-02 2.208847e+02 7.286911e-03 4.616317e-02 9.989073e-01 1.966743e-01
7.664759e-01 -6.418228e-01 2.404547e-02 3.945832e+02 6.422391e-01 7.655132e-01 -3.896755e-02 2.224414e+02 6.603136e-03 4.531063e-02 9.989511e-01 1.962360e-01
7.660316e-01 -6.423426e-01 2.432385e-02 3.964704e+02 6.427729e-01 7.650811e-01 -3.865161e-02 2.239970e+02 6.217857e-03 4.524306e-02 9.989567e-01 2.085616e-01
7.655718e-01 -6.428930e-01 2.425829e-02 3.983525e+02 6.433209e-01 7.646305e-01 -3.844922e-02 2.255534e+02 6.170102e-03 4.504150e-02 9.989661e-01 2.112287e-01
7.654048e-01 -6.431201e-01 2.349634e-02 4.002295e+02 6.435257e-01 7.645546e-01 -3.648082e-02 2.271122e+02 5.497316e-03 4.304309e-02 9.990581e-01 2.053575e-01
7.649776e-01 -6.435832e-01 2.469637e-02 4.021093e+02 6.440438e-01 7.641556e-01 -3.569071e-02 2.286639e+02 4.098072e-03 4.320814e-02 9.990577e-01 2.148871e-01
7.644127e-01 -6.442061e-01 2.591662e-02 4.039796e+02 6.447132e-01 7.635137e-01 -3.730559e-02 2.302138e+02 4.244793e-03 4.522566e-02 9.989678e-01 2.119776e-01
7.639307e-01 -6.447843e-01 2.575010e-02 4.058487e+02 6.452817e-01 7.630159e-01 -3.766136e-02 2.317592e+02 4.635714e-03 4.538673e-02 9.989587e-01 2.095379e-01
7.639801e-01 -6.447940e-01 2.398089e-02 4.077088e+02 6.452227e-01 7.631614e-01 -3.566985e-02 2.333066e+02 4.698410e-03 4.272407e-02 9.990759e-01 2.093814e-01
7.640447e-01 -6.447691e-01 2.254832e-02 4.095661e+02 6.451405e-01 7.632574e-01 -3.509843e-02 2.348465e+02 5.420214e-03 4.136360e-02 9.991295e-01 2.134220e-01
7.641223e-01 -6.447413e-01 2.063331e-02 4.114137e+02 6.450441e-01 7.634045e-01 -3.364215e-02 2.363816e+02 5.938925e-03 3.901612e-02 9.992209e-01 2.284987e-01
7.644598e-01 -6.444228e-01 1.789920e-02 4.132527e+02 6.446391e-01 7.638489e-01 -3.123046e-02 2.379159e+02 6.453338e-03 3.541295e-02 9.993519e-01 2.416234e-01
7.645828e-01 -6.443020e-01 1.697262e-02 4.150885e+02 6.444984e-01 7.640438e-01 -2.930667e-02 2.394430e+02 5.914522e-03 3.334621e-02 9.994264e-01 2.453357e-01
7.647487e-01 -6.440946e-01 1.736739e-02 4.169177e+02 6.443097e-01 7.642416e-01 -2.828026e-02 2.409613e+02 4.942278e-03 3.281727e-02 9.994491e-01 2.531832e-01
7.651623e-01 -6.436196e-01 1.674855e-02 4.187428e+02 6.438275e-01 7.647471e-01 -2.545490e-02 2.424752e+02 3.574865e-03 3.026031e-02 9.995357e-01 2.645855e-01
7.657940e-01 -6.429106e-01 1.501950e-02 4.205567e+02 6.430814e-01 7.654910e-01 -2.167716e-02 2.439804e+02 2.439182e-03 2.625900e-02 9.996522e-01 2.732806e-01
7.665088e-01 -6.420882e-01 1.367734e-02 4.223654e+02 6.422322e-01 7.662838e-01 -1.862936e-02 2.454758e+02 1.480972e-03 2.306359e-02 9.997329e-01 2.894976e-01
7.679264e-01 -6.404558e-01 1.027169e-02 4.241603e+02 6.405317e-01 7.677480e-01 -1.679573e-02 2.469682e+02 2.870848e-03 1.947723e-02 9.998062e-01 2.860308e-01
7.686645e-01 -6.395984e-01 8.289378e-03 4.259561e+02 6.396426e-01 7.685175e-01 -1.543605e-02 2.484450e+02 3.502342e-03 1.716738e-02 9.998465e-01 2.896015e-01
7.689106e-01 -6.393123e-01 7.494539e-03 4.277497e+02 6.393405e-01 7.687566e-01 -1.603025e-02 2.499108e+02 4.486858e-03 1.711739e-02 9.998434e-01 2.715960e-01
7.694920e-01 -6.386242e-01 6.413671e-03 4.295392e+02 6.386403e-01 7.693623e-01 -1.483891e-02 2.513718e+02 4.542053e-03 1.551446e-02 9.998693e-01 2.863566e-01
7.694987e-01 -6.386306e-01 4.761532e-03 4.313150e+02 6.386293e-01 7.693967e-01 -1.346336e-02 2.528304e+02 4.934605e-03 1.340089e-02 9.998980e-01 2.899990e-01
7.695751e-01 -6.385429e-01 4.142383e-03 4.330886e+02 6.385430e-01 7.695007e-01 -1.146927e-02 2.542822e+02 4.136053e-03 1.147155e-02 9.999256e-01 3.001296e-01
7.690206e-01 -6.392146e-01 3.457192e-03 4.348554e+02 6.392076e-01 7.689510e-01 -1.131319e-02 2.557247e+02 4.573147e-03 1.090994e-02 9.999300e-01 3.023144e-01
7.683190e-01 -6.400644e-01 1.871697e-03 4.366149e+02 6.400470e-01 7.682683e-01 -1.017937e-02 2.571675e+02 5.077490e-03 9.018981e-03 9.999464e-01 3.139971e-01
7.680060e-01 -6.404426e-01 1.155460e-04 4.383609e+02 6.404209e-01 7.679785e-01 -8.379422e-03 2.586117e+02 5.277802e-03 6.509445e-03 9.999649e-01 3.211264e-01
7.674848e-01 -6.410670e-01 3.783086e-04 4.400994e+02 6.410531e-01 7.674640e-01 -7.069985e-03 2.600465e+02 4.241996e-03 5.668622e-03 9.999749e-01 3.302749e-01
7.669693e-01 -6.416836e-01 -5.211850e-04 4.418419e+02 6.416730e-01 7.669608e-01 -5.194220e-03 2.614827e+02 3.732774e-03 3.649377e-03 9.999864e-01 3.369529e-01
7.666169e-01 -6.421036e-01 -1.210157e-03 4.435646e+02 6.421005e-01 7.666173e-01 -2.202914e-03 2.629148e+02 2.342226e-03 9.117484e-04 9.999968e-01 3.497290e-01
7.660968e-01 -6.427203e-01 -2.510127e-03 4.452784e+02 6.427211e-01 7.661000e-01 -5.692022e-04 2.643414e+02 2.288846e-03 -1.177247e-03 9.999967e-01 3.472289e-01
7.650533e-01 -6.439584e-01 -3.319739e-03 4.469482e+02 6.439632e-01 7.650563e-01 5.326504e-04 2.657360e+02 2.196783e-03 -2.545296e-03 9.999943e-01 3.534442e-01
7.640311e-01 -6.451568e-01 -5.407478e-03 4.486441e+02 6.451724e-01 7.640350e-01 1.740649e-03 2.671617e+02 3.008512e-03 -4.818666e-03 9.999839e-01 3.566076e-01
7.623780e-01 -6.470958e-01 -6.849700e-03 4.503320e+02 6.471212e-01 7.623836e-01 2.297497e-03 2.685815e+02 3.735399e-03 -6.184147e-03 9.999739e-01 3.658595e-01
7.603548e-01 -6.494404e-01 -9.364124e-03 4.520139e+02 6.494852e-01 7.603698e-01 2.601558e-03 2.700014e+02 5.430640e-03 -8.059968e-03 9.999528e-01 3.641584e-01
7.580145e-01 -6.521587e-01 -1.015132e-02 4.536882e+02 6.522183e-01 7.580201e-01 4.090432e-03 2.714221e+02 5.027292e-03 -9.721481e-03 9.999401e-01 3.654106e-01
7.552858e-01 -6.553587e-01 -6.946965e-03 4.553519e+02 6.553931e-01 7.552694e-01 5.285495e-03 2.728425e+02 1.782935e-03 -8.545053e-03 9.999619e-01 3.684364e-01
7.513756e-01 -6.598555e-01 -5.039416e-03 4.570046e+02 6.598722e-01 7.513721e-01 2.934816e-03 2.742607e+02 1.849922e-03 -5.530519e-03 9.999830e-01 3.753472e-01
7.478204e-01 -6.638520e-01 -8.075256e-03 4.586377e+02 6.638783e-01 7.478401e-01 8.201429e-04 2.756805e+02 5.494547e-03 -5.974307e-03 9.999671e-01 3.818100e-01
7.434409e-01 -6.687373e-01 -9.282340e-03 4.602472e+02 6.687738e-01 7.434650e-01 1.182519e-03 2.771064e+02 6.110301e-03 -7.086919e-03 9.999562e-01 3.983882e-01
7.382502e-01 -6.743864e-01 -1.377162e-02 4.618474e+02 6.744623e-01 7.383082e-01 1.233477e-03 2.785494e+02 9.335862e-03 -1.019906e-02 9.999044e-01 4.074821e-01
7.337123e-01 -6.791236e-01 -2.138729e-02 4.634356e+02 6.793288e-01 7.338260e-01 3.427946e-03 2.800035e+02 1.336655e-02 -1.704413e-02 9.997654e-01 4.135727e-01
7.290999e-01 -6.839473e-01 -2.508948e-02 4.650127e+02 6.842901e-01 7.291634e-01 8.230544e-03 2.814727e+02 1.266507e-02 -2.316937e-02 9.996513e-01 4.255272e-01
7.246842e-01 -6.885668e-01 -2.661722e-02 4.665837e+02 6.889687e-01 7.247229e-01 9.941815e-03 2.829422e+02 1.244451e-02 -2.554311e-02 9.995963e-01 4.508061e-01
7.196898e-01 -6.938201e-01 -2.569704e-02 4.681595e+02 6.941764e-01 7.197592e-01 8.105328e-03 2.844357e+02 1.287205e-02 -2.367160e-02 9.996369e-01 4.622089e-01
7.141667e-01 -6.996120e-01 -2.255971e-02 4.697230e+02 6.999000e-01 7.141924e-01 8.319012e-03 2.859342e+02 1.029189e-02 -2.173070e-02 9.997109e-01 4.803383e-01
7.078184e-01 -7.061083e-01 -2.010439e-02 4.712679e+02 7.063313e-01 7.078490e-01 6.776071e-03 2.874437e+02 9.446230e-03 -1.899658e-02 9.997749e-01 4.915203e-01
7.016217e-01 -7.121900e-01 -2.263565e-02 4.728024e+02 7.124305e-01 7.017313e-01 4.004545e-03 2.889685e+02 1.303215e-02 -1.893600e-02 9.997358e-01 5.104181e-01
6.953802e-01 -7.181989e-01 -2.523475e-02 4.743180e+02 7.184440e-01 6.955842e-01 9.459663e-04 2.905068e+02 1.687350e-02 -1.878756e-02 9.996811e-01 5.380138e-01
6.897430e-01 -7.235344e-01 -2.743228e-02 4.758229e+02 7.238711e-01 6.899256e-01 3.648820e-03 2.920632e+02 1.628619e-02 -2.237418e-02 9.996170e-01 5.621409e-01
6.841863e-01 -7.287308e-01 -2.899399e-02 4.773174e+02 7.291765e-01 6.842757e-01 8.270616e-03 2.936354e+02 1.381283e-02 -2.680038e-02 9.995454e-01 5.784985e-01
6.778985e-01 -7.346016e-01 -2.853208e-02 4.788027e+02 7.350281e-01 6.779929e-01 7.703775e-03 2.952199e+02 1.368534e-02 -2.619426e-02 9.995632e-01 6.045376e-01
6.715075e-01 -7.404684e-01 -2.800441e-02 4.802752e+02 7.408570e-01 6.716370e-01 5.891354e-03 2.968154e+02 1.444644e-02 -2.470335e-02 9.995904e-01 6.192162e-01
