1.000000e+00 0.000000e+00 0.000000e+00 0.000000e+00 0.000000e+00 1.000000e+00 0.000000e+00 0.000000e+00 0.000000e+00 0.000000e+00 1.000000e+00 0.000000e+00
9.999967e-01 9.729549e-04 2.391606e-03 1.421817e+00 -9.760938e-04 9.999987e-01 1.311625e-03 2.407136e-01 -2.390326e-03 -1.313955e-03 9.999963e-01 1.366507e+00
9.999858e-01 2.905201e-03 4.460066e-03 1.420573e+00 -2.914302e-03 9.999937e-01 2.035389e-03 2.648668e-01 -4.454125e-03 -2.048358e-03 9.999880e-01 1.399050e+00
9.999727e-01 4.826692e-03 5.595624e-03 1.413961e+00 -4.844062e-03 9.999835e-01 3.094913e-03 3.599677e-01 -5.580593e-03 -3.121934e-03 9.999796e-01 1.453288e+00
9.999698e-01 4.577955e-03 6.283756e-03 1.417574e+00 -4.607196e-03 9.999786e-01 4.646949e-03 4.470862e-01 -6.262348e-03 -4.675759e-03 9.999695e-01 1.513826e+00
9.999339e-01 8.515122e-03 7.723253e-03 1.486165e+00 -8.561221e-03 9.999456e-01 5.955588e-03 6.944130e-01 -7.672121e-03 -6.021315e-03 9.999524e-01 1.564201e+00
9.999645e-01 6.297812e-03 5.604939e-03 1.664587e+00 -6.324738e-03 9.999685e-01 4.799302e-03 5.254407e-01 -5.574538e-03 -4.834581e-03 9.999728e-01 1.521183e+00
9.999515e-01 7.984656e-03 5.760260e-03 2.013772e+00 -8.009746e-03 9.999585e-01 4.345703e-03 5.274421e-01 -5.725321e-03 -4.391630e-03 9.999740e-01 1.521660e+00
9.999097e-01 1.099639e-02 7.727575e-03 2.026819e+00 -1.103872e-02 9.999242e-01 5.456323e-03 6.345055e-01 -7.666989e-03 -5.541133e-03 9.999553e-01 1.549594e+00
9.999415e-01 7.229749e-03 8.050264e-03 2.370193e+00 -7.254727e-03 9.999689e-01 3.077938e-03 5.458337e-01 -8.027761e-03 -3.136160e-03 9.999629e-01 1.546733e+00
9.999449e-01 6.116622e-03 8.529713e-03 2.480168e+00 -6.152395e-03 9.999724e-01 4.174003e-03 5.079157e-01 -8.503946e-03 -4.226251e-03 9.999549e-01 1.538498e+00
9.999196e-01 8.946601e-03 8.980731e-03 2.564727e+00 -9.016357e-03 9.999293e-01 7.757060e-03 5.364513e-01 -8.910697e-03 -7.837411e-03 9.999296e-01 1.535622e+00
9.999059e-01 1.092065e-02 8.299292e-03 2.729316e+00 -1.097276e-02 9.999202e-01 6.259844e-03 6.672764e-01 -8.230268e-03 -6.350321e-03 9.999460e-01 1.515067e+00
9.999101e-01 1.138094e-02 7.091234e-03 2.753360e+00 -1.142886e-02 9.999119e-01 6.755252e-03 7.027479e-01 -7.013728e-03 -6.835689e-03 9.999520e-01 1.486996e+00
9.998935e-01 1.227625e-02 7.886674e-03 2.742897e+00 -1.230983e-02 9.999153e-01 4.224282e-03 7.212080e-01 -7.834148e-03 -4.320916e-03 9.999600e-01 1.527504e+00
9.998299e-01 1.684839e-02 7.507189e-03 2.872727e+00 -1.687812e-02 9.998499e-01 3.914515e-03 8.960297e-01 -7.440109e-03 -4.040556e-03 9.999642e-01 1.521543e+00
9.997665e-01 1.961959e-02 9.050818e-03 2.928176e+00 -1.962535e-02 9.998073e-01 5.485875e-04 9.636351e-01 -9.038311e-03 -7.260849e-04 9.999589e-01 1.551926e+00
9.997358e-01 2.094000e-02 9.480195e-03 3.112248e+00 -2.091332e-02 9.997771e-01 -2.904620e-03 1.111189e+00 -9.538904e-03 2.705590e-03 9.999508e-01 1.542432e+00
9.997215e-01 2.171024e-02 9.249665e-03 3.438668e+00 -2.168103e-02 9.997597e-01 -3.246401e-03 1.176270e+00 -9.317923e-03 3.044955e-03 9.999520e-01 1.504190e+00
9.997538e-01 2.030134e-02 8.955137e-03 3.827267e+00 -2.026441e-02 9.997859e-01 -4.195380e-03 1.071741e+00 -9.038391e-03 4.012877e-03 9.999511e-01 1.452138e+00
9.997058e-01 2.212255e-02 9.942046e-03 4.130185e+00 -2.206205e-02 9.997377e-01 -6.154135e-03 1.156711e+00 -1.007558e-02 5.932983e-03 9.999316e-01 1.458189e+00
9.996856e-01 2.384352e-02 7.758792e-03 4.551267e+00 -2.379269e-02 9.996953e-01 -6.579623e-03 1.240835e+00 -7.913309e-03 6.392951e-03 9.999483e-01 1.407419e+00
9.996885e-01 2.379515e-02 7.535013e-03 4.800216e+00 -2.373960e-02 9.996909e-01 -7.378088e-03 1.188499e+00 -7.708247e-03 7.196911e-03 9.999444e-01 1.408755e+00
9.997522e-01 2.172242e-02 4.871552e-03 5.426100e+00 -2.169501e-02 9.997489e-01 -5.611366e-03 1.065693e+00 -4.992221e-03 5.504287e-03 9.999724e-01 1.377779e+00
9.998086e-01 1.937616e-02 2.714449e-03 5.787458e+00 -1.934646e-02 9.997570e-01 -1.057023e-02 9.801263e-01 -2.918600e-03 1.051569e-02 9.999404e-01 1.361053e+00
9.998119e-01 1.939004e-02 3.902673e-04 6.075001e+00 -1.938767e-02 9.997976e-01 -5.375952e-03 8.800113e-01 -4.944282e-04 5.367374e-03 9.999855e-01 1.306976e+00
9.997122e-01 2.398827e-02 3.278381e-04 6.405242e+00 -2.398915e-02 9.997077e-01 3.021866e-03 8.317470e-01 -2.552530e-04 -3.028861e-03 9.999954e-01 1.320636e+00
9.992958e-01 3.742959e-02 -2.639328e-03 6.726621e+00 -3.740985e-02 9.992743e-01 7.166423e-03 8.871642e-01 2.905649e-03 -7.062639e-03 9.999708e-01 1.256976e+00
9.989837e-01 4.484886e-02 -4.491441e-03 7.025874e+00 -4.481268e-02 9.989645e-01 7.856575e-03 9.991950e-01 4.839148e-03 -7.647317e-03 9.999590e-01 1.248602e+00
9.990308e-01 4.365093e-02 -5.657994e-03 7.495361e+00 -4.362218e-02 9.990350e-01 5.108404e-03 9.495653e-01 5.875521e-03 -4.856639e-03 9.999709e-01 1.222148e+00
9.990821e-01 4.259895e-02 -4.511430e-03 7.965996e+00 -4.256853e-02 9.990715e-01 6.636906e-03 9.830197e-01 4.789966e-03 -6.438768e-03 9.999678e-01 1.292529e+00
9.992658e-01 3.799067e-02 -4.956083e-03 8.367747e+00 -3.792385e-02 9.991968e-01 1.294390e-02 7.977899e-01 5.443850e-03 -1.274644e-02 9.999039e-01 1.283131e+00
9.996086e-01 2.791665e-02 -1.817863e-03 9.047328e+00 -2.787947e-02 9.994492e-01 1.799880e-02 4.755224e-01 2.319329e-03 -1.794108e-02 9.998364e-01 1.322555e+00
9.998531e-01 1.687073e-02 3.035559e-03 1.325994e+01 -1.691624e-02 9.997345e-01 1.564807e-02 2.894578e-01 -2.770759e-03 -1.569712e-02 9.998730e-01 1.411683e+00
9.999528e-01 9.610303e-03 1.404213e-03 1.573461e+01 -9.627564e-03 9.998711e-01 1.285082e-02 1.912346e-01 -1.280532e-03 -1.286373e-02 9.999164e-01 1.393702e+00
9.999365e-01 1.127200e-02 4.155870e-05 1.834266e+01 -1.127118e-02 9.998038e-01 1.629154e-02 1.353380e-01 1.420878e-04 -1.629098e-02 9.998673e-01 1.381939e+00
9.998835e-01 1.525609e-02 5.170299e-04 2.107081e+01 -1.526397e-02 9.996164e-01 2.310811e-02 -3.136294e-03 -1.642921e-04 -2.311331e-02 9.997328e-01 1.369621e+00
9.997734e-01 2.127013e-02 8.244539e-04 2.388608e+01 -2.128431e-02 9.994420e-01 2.574153e-02 -6.969066e-02 -2.764682e-04 -2.575325e-02 9.996683e-01 1.345545e+00
9.998712e-01 1.556742e-02 3.911044e-03 2.650806e+01 -1.567054e-02 9.994883e-01 2.788660e-02 -1.522019e-01 -3.474920e-03 -2.794429e-02 9.996034e-01 1.355072e+00
9.999569e-01 8.347885e-03 4.071195e-03 2.912743e+01 -8.451595e-03 9.996221e-01 2.615941e-02 -2.318498e-01 -3.851280e-03 -2.619269e-02 9.996495e-01 1.319125e+00
9.999595e-01 7.899331e-03 4.321577e-03 3.175818e+01 -8.010709e-03 9.996195e-01 2.639291e-02 -2.820551e-01 -4.111446e-03 -2.642646e-02 9.996423e-01 1.289534e+00
9.999116e-01 1.282268e-02 3.526036e-03 3.436146e+01 -1.291096e-02 9.995715e-01 2.627110e-02 -3.235265e-01 -3.187659e-03 -2.631430e-02 9.996486e-01 1.241496e+00
9.998026e-01 1.975159e-02 2.155838e-03 3.697500e+01 -1.979839e-02 9.995056e-01 2.442563e-02 -3.689746e-01 -1.672327e-03 -2.446350e-02 9.996993e-01 1.211319e+00
9.998931e-01 1.459649e-02 8.019102e-04 3.958602e+01 -1.461299e-02 9.995176e-01 2.740643e-02 -4.207551e-01 -4.014855e-04 -2.741522e-02 9.996241e-01 1.169829e+00
9.999724e-01 7.372141e-03 -8.803698e-04 4.221392e+01 -7.346444e-03 9.996272e-01 2.629695e-02 -4.528265e-01 1.073906e-03 -2.628976e-02 9.996538e-01 1.131330e+00
9.999652e-01 7.122539e-03 -4.340678e-03 4.482577e+01 -6.978435e-03 9.994521e-01 3.235534e-02 -4.734439e-01 4.568752e-03 -3.232392e-02 9.994670e-01 1.094632e+00
9.999385e-01 1.064015e-02 -3.141955e-03 4.746819e+01 -1.051125e-02 9.992022e-01 3.852922e-02 -4.988427e-01 3.549405e-03 -3.849383e-02 9.992525e-01 1.119753e+00
9.999222e-01 1.245639e-02 -6.751477e-04 5.009298e+01 -1.242157e-02 9.991948e-01 3.814979e-02 -5.383231e-01 1.149813e-03 -3.813844e-02 9.992718e-01 1.126341e+00
9.999308e-01 1.170578e-02 -1.133113e-03 5.272425e+01 -1.165600e-02 9.992507e-01 3.690841e-02 -5.771616e-01 1.564306e-03 -3.689265e-02 9.993180e-01 1.103879e+00
9.999806e-01 5.410847e-03 -3.101504e-03 5.535446e+01 -5.297099e-03 9.993528e-01 3.557916e-02 -6.201570e-01 3.292010e-03 -3.556204e-02 9.993620e-01 1.078801e+00
9.999908e-01 2.165341e-03 -3.691581e-03 5.799495e+01 -2.034540e-03 9.993826e-01 3.507526e-02 -6.430735e-01 3.765251e-03 -3.506742e-02 9.993779e-01 1.080394e+00
9.999809e-01 3.012272e-03 -5.388638e-03 6.056711e+01 -2.809827e-03 9.993043e-01 3.718983e-02 -6.593803e-01 5.496915e-03 -3.717398e-02 9.992937e-01 1.074301e+00
9.999745e-01 4.369177e-03 -5.657440e-03 6.326150e+01 -4.136734e-03 9.991724e-01 4.046580e-02 -6.835083e-01 5.829560e-03 -4.044136e-02 9.991649e-01 1.083117e+00
9.999753e-01 5.864753e-03 -3.862094e-03 6.590977e+01 -5.700494e-03 9.991326e-01 4.125027e-02 -7.062244e-01 4.100667e-03 -4.122724e-02 9.991414e-01 1.090255e+00
9.999868e-01 4.958884e-03 -1.311487e-03 6.857015e+01 -4.901238e-03 9.991550e-01 4.080850e-02 -7.360980e-01 1.512743e-03 -4.080153e-02 9.991661e-01 1.110600e+00
9.999980e-01 1.648949e-03 1.154936e-03 7.122897e+01 -1.692357e-03 9.992514e-01 3.865058e-02 -7.584118e-01 -1.090338e-03 -3.865246e-02 9.992521e-01 1.111858e+00
9.999966e-01 -3.976715e-04 2.595320e-03 7.388756e+01 3.000683e-04 9.992966e-01 3.749999e-02 -7.739770e-01 -2.608407e-03 -3.749909e-02 9.992933e-01 1.117397e+00
9.999923e-01 -1.341481e-03 3.682476e-03 7.649016e+01 1.204112e-03 9.993125e-01 3.705546e-02 -7.892619e-01 -3.729653e-03 -3.705074e-02 9.993064e-01 1.105522e+00
9.999959e-01 -8.996000e-04 2.713831e-03 7.922086e+01 7.916078e-04 9.992179e-01 3.953519e-02 -8.009614e-01 -2.747274e-03 -3.953288e-02 9.992145e-01 1.084339e+00
9.999993e-01 5.005953e-05 1.162188e-03 8.188283e+01 -9.883781e-05 9.991172e-01 4.200904e-02 -8.128275e-01 -1.159059e-03 -4.200912e-02 9.991166e-01 1.051970e+00
9.999981e-01 -1.875001e-03 5.395699e-04 8.455290e+01 1.851009e-03 9.991378e-01 4.147486e-02 -8.222834e-01 -6.168701e-04 -4.147378e-02 9.991394e-01 1.036674e+00
9.999951e-01 -3.122784e-03 6.327133e-06 8.722796e+01 3.120167e-03 9.992359e-01 3.895936e-02 -8.316117e-01 -1.279840e-04 -3.895915e-02 9.992408e-01 1.017690e+00
9.999892e-01 -4.636456e-03 -1.998359e-04 8.988455e+01 4.640659e-03 9.993240e-01 3.647001e-02 -8.393676e-01 3.060922e-05 -3.647054e-02 9.993347e-01 1.011797e+00
9.999831e-01 -5.708699e-03 -1.125354e-03 9.256162e+01 5.745162e-03 9.993490e-01 3.561721e-02 -8.438751e-01 9.212932e-04 -3.562307e-02 9.993649e-01 9.989688e-01
9.999817e-01 -5.810596e-03 -1.710969e-03 9.523416e+01 5.869986e-03 9.992966e-01 3.703714e-02 -8.469267e-01 1.494557e-03 -3.704651e-02 9.993124e-01 1.006559e+00
9.999757e-01 -6.965552e-03 1.480391e-04 9.793448e+01 6.954735e-03 9.992387e-01 3.838797e-02 -8.463874e-01 -4.153198e-04 -3.838601e-02 9.992629e-01 1.006641e+00
9.999619e-01 -7.945589e-03 3.606813e-03 1.006193e+02 7.798665e-03 9.992061e-01 3.906849e-02 -8.420414e-01 -3.914372e-03 -3.903887e-02 9.992300e-01 9.928368e-01
9.999393e-01 -9.703169e-03 5.222887e-03 1.032413e+02 9.492540e-03 9.991963e-01 3.894532e-02 -8.360568e-01 -5.596582e-03 -3.889338e-02 9.992277e-01 9.693018e-01
9.999334e-01 -1.025654e-02 5.282208e-03 1.059858e+02 1.003499e-02 9.991337e-01 4.038736e-02 -8.279102e-01 -5.691866e-03 -4.033166e-02 9.991701e-01 9.448549e-01
9.999273e-01 -1.074152e-02 5.478319e-03 1.086747e+02 1.050513e-02 9.990836e-01 4.149216e-02 -8.163951e-01 -5.918988e-03 -4.143159e-02 9.991238e-01 9.180556e-01
9.999005e-01 -1.280386e-02 5.920198e-03 1.113607e+02 1.255686e-02 9.991196e-01 4.002961e-02 -8.049288e-01 -6.427519e-03 -3.995129e-02 9.991810e-01 8.963646e-01
9.998861e-01 -1.408844e-02 5.413566e-03 1.140624e+02 1.387070e-02 9.991682e-01 3.834846e-02 -7.902762e-01 -5.949333e-03 -3.826900e-02 9.992498e-01 8.772053e-01
9.998708e-01 -1.580983e-02 2.893204e-03 1.167367e+02 1.569228e-02 9.991947e-01 3.692813e-02 -7.705119e-01 -3.474701e-03 -3.687796e-02 9.993137e-01 8.429876e-01
9.998524e-01 -1.715345e-02 9.872538e-04 1.194295e+02 1.710367e-02 9.991339e-01 3.793379e-02 -7.456459e-01 -1.637094e-03 -3.791131e-02 9.992798e-01 8.242179e-01
9.998287e-01 -1.850882e-02 -2.177751e-05 1.221218e+02 1.849477e-02 9.990225e-01 4.014968e-02 -7.107802e-01 -7.213670e-04 -4.014321e-02 9.991937e-01 8.044112e-01
9.998081e-01 -1.958220e-02 -6.088040e-04 1.248198e+02 1.959060e-02 9.989482e-01 4.145741e-02 -6.755964e-01 -2.036636e-04 -4.146138e-02 9.991401e-01 7.873817e-01
9.997792e-01 -2.101098e-02 3.010465e-04 1.275252e+02 2.098110e-02 9.989431e-01 4.089481e-02 -6.397389e-01 -1.159969e-03 -4.087947e-02 9.991634e-01 7.778775e-01
9.997451e-01 -2.248758e-02 2.000438e-03 1.302395e+02 2.239272e-02 9.989910e-01 3.892899e-02 -6.028399e-01 -2.873838e-03 -3.887428e-02 9.992400e-01 7.686691e-01
9.997047e-01 -2.418528e-02 2.344301e-03 1.329640e+02 2.407891e-02 9.989886e-01 3.797256e-02 -5.574486e-01 -3.260307e-03 -3.790490e-02 9.992760e-01 7.458249e-01
9.996973e-01 -2.458741e-02 8.979945e-04 1.356669e+02 2.453601e-02 9.989861e-01 3.774676e-02 -5.097888e-01 -1.825179e-03 -3.771330e-02 9.992869e-01 7.347543e-01
9.996668e-01 -2.576624e-02 -1.524862e-03 1.383652e+02 2.580466e-02 9.990054e-01 3.636468e-02 -4.585497e-01 5.863637e-04 -3.639192e-02 9.993374e-01 7.221568e-01
9.996349e-01 -2.685939e-02 -2.933775e-03 1.410806e+02 2.694428e-02 9.990485e-01 3.429490e-02 -4.049739e-01 2.009844e-03 -3.436143e-02 9.994075e-01 7.108478e-01
9.995826e-01 -2.846456e-02 -4.929932e-03 1.437769e+02 2.861313e-02 9.990365e-01 3.327653e-02 -3.492918e-01 3.977980e-03 -3.340370e-02 9.994340e-01 7.112364e-01
9.995139e-01 -3.064552e-02 -5.723793e-03 1.464987e+02 3.080120e-02 9.990917e-01 2.944532e-02 -2.868013e-01 4.816227e-03 -2.960731e-02 9.995500e-01 7.118809e-01
9.994198e-01 -3.398813e-02 -2.195550e-03 1.492251e+02 3.403175e-02 9.991208e-01 2.448375e-02 -2.235405e-01 1.361463e-03 -2.454426e-02 9.996978e-01 7.262375e-01
9.993110e-01 -3.703354e-02 2.451184e-03 1.519549e+02 3.695819e-02 9.989842e-01 2.578162e-02 -1.504740e-01 -3.403478e-03 -2.567327e-02 9.996646e-01 7.152760e-01
9.992909e-01 -3.758236e-02 2.274676e-03 1.546869e+02 3.749649e-02 9.988387e-01 3.025322e-02 -6.847354e-02 -3.409021e-03 -3.014648e-02 9.995397e-01 6.888704e-01
9.993231e-01 -3.677026e-02 1.162165e-03 1.574203e+02 3.672649e-02 9.989725e-01 2.655223e-02 8.681176e-03 -2.137304e-03 -2.649158e-02 9.996468e-01 6.657625e-01
9.993230e-01 -3.678785e-02 -5.289345e-04 1.601511e+02 3.678942e-02 9.990007e-01 2.537806e-02 8.563479e-02 -4.051983e-04 -2.538034e-02 9.996778e-01 6.489431e-01
9.992598e-01 -3.845731e-02 -9.597176e-04 1.628859e+02 3.846795e-02 9.987063e-01 3.325494e-02 1.736163e-01 -3.204198e-04 -3.326725e-02 9.994464e-01 6.192765e-01
9.992313e-01 -3.913850e-02 2.251100e-03 1.656262e+02 3.902707e-02 9.985378e-01 3.740574e-02 2.621073e-01 -3.711813e-03 -3.728913e-02 9.992976e-01 6.069732e-01
9.992219e-01 -3.911712e-02 5.037710e-03 1.683663e+02 3.890206e-02 9.985433e-01 3.738745e-02 3.507110e-01 -6.492861e-03 -3.716239e-02 9.992881e-01 5.897573e-01
9.992112e-01 -3.947312e-02 4.351037e-03 1.711395e+02 3.927648e-02 9.984840e-01 3.856186e-02 4.435060e-01 -5.866598e-03 -3.836055e-02 9.992467e-01 5.679203e-01
9.991985e-01 -3.996825e-02 2.234098e-03 1.738672e+02 3.984761e-02 9.984104e-01 3.986055e-02 5.336590e-01 -3.823703e-03 -3.973958e-02 9.992028e-01 5.507053e-01
9.991941e-01 -4.011649e-02 1.332961e-03 1.766110e+02 4.003399e-02 9.984359e-01 3.902733e-02 6.247350e-01 -2.896516e-03 -3.894252e-02 9.992373e-01 5.448092e-01
9.991617e-01 -4.091796e-02 1.279778e-03 1.793357e+02 4.084481e-02 9.985085e-01 3.622868e-02 7.125004e-01 -2.760274e-03 -3.614604e-02 9.993427e-01 5.227148e-01
9.991261e-01 -4.172562e-02 2.432120e-03 1.820838e+02 4.162316e-02 9.985911e-01 3.291332e-02 7.992377e-01 -3.802022e-03 -3.278332e-02 9.994553e-01 4.990210e-01
9.991175e-01 -4.189551e-02 2.997221e-03 1.848322e+02 4.178613e-02 9.986700e-01 3.020297e-02 8.910555e-01 -4.258603e-03 -3.005107e-02 9.995393e-01 4.747592e-01
9.990820e-01 -4.274714e-02 2.784884e-03 1.875821e+02 4.264896e-02 9.986714e-01 2.892077e-02 9.857238e-01 -4.017465e-03 -2.877545e-02 9.995778e-01 4.515545e-01
9.990690e-01 -4.302101e-02 3.220241e-03 1.903339e+02 4.291342e-02 9.986809e-01 2.819502e-02 1.082907e+00 -4.428971e-03 -2.803057e-02 9.995973e-01 4.345953e-01
9.990341e-01 -4.383237e-02 3.112851e-03 1.930819e+02 4.373310e-02 9.986812e-01 2.689251e-02 1.179318e+00 -4.287508e-03 -2.673039e-02 9.996335e-01 4.151530e-01
9.989588e-01 -4.554945e-02 2.564039e-03 1.958327e+02 4.546798e-02 9.986299e-01 2.590198e-02 1.279524e+00 -3.740347e-03 -2.575843e-02 9.996612e-01 3.999419e-01
9.988984e-01 -4.689970e-02 1.528546e-03 1.985832e+02 4.684494e-02 9.985708e-01 2.572853e-02 1.383471e+00 -2.733021e-03 -2.562858e-02 9.996678e-01 3.806708e-01
9.988213e-01 -4.853091e-02 8.540250e-04 2.013340e+02 4.849279e-02 9.984906e-01 2.578761e-02 1.491008e+00 -2.104232e-03 -2.571580e-02 9.996671e-01 3.715401e-01
9.987208e-01 -5.055930e-02 7.172145e-04 2.040873e+02 5.052402e-02 9.983898e-01 2.578968e-02 1.606941e+00 -2.019968e-03 -2.572045e-02 9.996671e-01 3.619917e-01
9.986587e-01 -5.176786e-02 9.686292e-04 2.068382e+02 5.172716e-02 9.983443e-01 2.515791e-02 1.725734e+00 -2.269397e-03 -2.507406e-02 9.996830e-01 3.594981e-01
9.986004e-01 -5.288853e-02 3.433921e-04 2.095949e+02 5.286624e-02 9.983305e-01 2.326867e-02 1.845134e+00 -1.573464e-03 -2.321795e-02 9.997292e-01 3.539469e-01
9.985091e-01 -5.457446e-02 -1.084389e-03 2.123450e+02 5.458519e-02 9.982867e-01 2.107248e-02 1.967455e+00 -6.748757e-05 -2.110025e-02 9.997774e-01 3.531257e-01
9.984550e-01 -5.547563e-02 -3.182384e-03 2.150986e+02 5.552991e-02 9.982413e-01 2.075549e-02 2.096153e+00 2.025364e-03 -2.090014e-02 9.997795e-01 3.369586e-01
9.984279e-01 -5.574671e-02 -5.831930e-03 2.178532e+02 5.586838e-02 9.981653e-01 2.333993e-02 2.230366e+00 4.520106e-03 -2.362906e-02 9.997106e-01 3.336773e-01
9.983863e-01 -5.641235e-02 -6.521780e-03 2.206110e+02 5.654396e-02 9.981543e-01 2.215353e-02 2.365595e+00 5.260010e-03 -2.248655e-02 9.997333e-01 3.367530e-01
9.983040e-01 -5.776569e-02 -7.234557e-03 2.233695e+02 5.788932e-02 9.981564e-01 1.823829e-02 2.499963e+00 6.167672e-03 -1.862617e-02 9.998075e-01 3.467185e-01
9.982382e-01 -5.888394e-02 -7.294627e-03 2.261292e+02 5.899445e-02 9.981301e-01 1.599575e-02 2.638211e+00 6.339094e-03 -1.639791e-02 9.998455e-01 3.622346e-01
9.982101e-01 -5.949397e-02 -6.095541e-03 2.288917e+02 5.958049e-02 9.981084e-01 1.516026e-02 2.781323e+00 5.182066e-03 -1.549630e-02 9.998665e-01 3.688447e-01
9.981958e-01 -5.980382e-02 -5.346769e-03 2.316542e+02 5.987715e-02 9.980959e-01 1.480769e-02 2.927885e+00 4.451032e-03 -1.510112e-02 9.998761e-01 3.752775e-01
9.981669e-01 -6.023632e-02 -5.866198e-03 2.344213e+02 6.031156e-02 9.980866e-01 1.362688e-02 3.076445e+00 5.034141e-03 -1.395570e-02 9.998899e-01 3.847162e-01
9.981117e-01 -6.107625e-02 -6.531072e-03 2.371804e+02 6.115741e-02 9.980428e-01 1.304769e-02 3.227428e+00 5.721386e-03 -1.342247e-02 9.998935e-01 3.890358e-01
9.981026e-01 -6.127277e-02 -6.071537e-03 2.399401e+02 6.135332e-02 9.980164e-01 1.411145e-02 3.384840e+00 5.194846e-03 -1.445718e-02 9.998820e-01 4.047300e-01
9.979833e-01 -6.330987e-02 -4.601081e-03 2.427025e+02 6.337451e-02 9.978677e-01 1.561133e-02 3.547055e+00 3.602919e-03 -1.587143e-02 9.998675e-01 4.116253e-01
9.978576e-01 -6.524896e-02 -4.765667e-03 2.454726e+02 6.531908e-02 9.977289e-01 1.644624e-02 3.713516e+00 3.681744e-03 -1.672230e-02 9.998534e-01 4.301426e-01
9.977584e-01 -6.645383e-02 -7.882246e-03 2.482467e+02 6.657638e-02 9.976455e-01 1.646453e-02 3.881103e+00 6.769556e-03 -1.695239e-02 9.998334e-01 4.552857e-01
9.975993e-01 -6.825752e-02 -1.168767e-02 2.510138e+02 6.845113e-02 9.975087e-01 1.705390e-02 4.054468e+00 1.049450e-02 -1.781299e-02 9.997863e-01 4.647675e-01
9.975108e-01 -6.921562e-02 -1.346754e-02 2.537910e+02 6.944561e-02 9.974334e-01 1.743249e-02 4.232812e+00 1.222638e-02 -1.832436e-02 9.997573e-01 4.882539e-01
9.974652e-01 -6.995948e-02 -1.299151e-02 2.565648e+02 7.018171e-02 9.973804e-01 1.751899e-02 4.413210e+00 1.173186e-02 -1.838635e-02 9.997621e-01 5.244184e-01
9.974480e-01 -7.047785e-02 -1.141542e-02 2.593298e+02 7.066930e-02 9.973491e-01 1.733892e-02 4.596325e+00 1.016315e-02 -1.810140e-02 9.997845e-01 5.482306e-01
9.972652e-01 -7.317759e-02 -1.034895e-02 2.621050e+02 7.334684e-02 9.971608e-01 1.704824e-02 4.783671e+00 9.072020e-03 -1.776068e-02 9.998011e-01 5.811364e-01
9.972401e-01 -7.341801e-02 -1.104288e-02 2.648860e+02 7.359919e-02 9.971428e-01 1.700900e-02 4.973607e+00 9.762561e-03 -1.777481e-02 9.997944e-01 6.025961e-01
9.972095e-01 -7.376776e-02 -1.147007e-02 2.676597e+02 7.396144e-02 9.971077e-01 1.749294e-02 5.164091e+00 1.014648e-02 -1.829247e-02 9.997812e-01 6.222056e-01
9.971038e-01 -7.520191e-02 -1.134438e-02 2.704456e+02 7.539373e-02 9.969993e-01 1.755257e-02 5.360328e+00 9.990355e-03 -1.835703e-02 9.997816e-01 6.419478e-01
9.970798e-01 -7.526199e-02 -1.294461e-02 2.732223e+02 7.547146e-02 9.970108e-01 1.653570e-02 5.554247e+00 1.166141e-02 -1.746436e-02 9.997795e-01 6.511703e-01
9.968875e-01 -7.759579e-02 -1.393866e-02 2.760699e+02 7.781056e-02 9.968463e-01 1.558916e-02 5.758150e+00 1.268504e-02 -1.662521e-02 9.997813e-01 6.727693e-01
9.969063e-01 -7.729838e-02 -1.424323e-02 2.788530e+02 7.753423e-02 9.968477e-01 1.682539e-02 5.959979e+00 1.289775e-02 -1.787767e-02 9.997570e-01 6.948640e-01
9.967580e-01 -7.906364e-02 -1.491310e-02 2.815504e+02 7.929709e-02 9.967263e-01 1.577179e-02 6.157154e+00 1.361730e-02 -1.690323e-02 9.997644e-01 7.143166e-01
9.966555e-01 -7.987056e-02 -1.727839e-02 2.843300e+02 8.012697e-02 9.966764e-01 1.469399e-02 6.361576e+00 1.604735e-02 -1.602931e-02 9.997427e-01 7.450539e-01
9.965606e-01 -8.060966e-02 -1.920857e-02 2.871182e+02 8.088031e-02 9.966289e-01 1.375552e-02 6.567633e+00 1.803499e-02 -1.526180e-02 9.997209e-01 7.931495e-01
9.965029e-01 -8.125686e-02 -1.947591e-02 2.898822e+02 8.153703e-02 9.965713e-01 1.404990e-02 6.772858e+00 1.826748e-02 -1.558877e-02 9.997116e-01 8.463214e-01
9.964848e-01 -8.171836e-02 -1.844151e-02 2.926667e+02 8.200663e-02 9.965119e-01 1.545608e-02 6.985969e+00 1.711414e-02 -1.691407e-02 9.997105e-01 8.978833e-01
9.962870e-01 -8.409619e-02 -1.843763e-02 2.954642e+02 8.443669e-02 9.962564e-01 1.853917e-02 7.204797e+00 1.680953e-02 -2.002715e-02 9.996581e-01 9.451775e-01
9.961611e-01 -8.518605e-02 -2.016081e-02 2.983069e+02 8.561627e-02 9.960954e-01 2.153495e-02 7.425586e+00 1.824761e-02 -2.317837e-02 9.995648e-01 9.866844e-01
9.960328e-01 -8.637481e-02 -2.140089e-02 3.010788e+02 8.687826e-02 9.959339e-01 2.383065e-02 7.646169e+00 1.925550e-02 -2.559538e-02 9.994869e-01 1.045195e+00
9.958423e-01 -8.849923e-02 -2.158619e-02 3.037934e+02 8.903745e-02 9.957045e-01 2.539511e-02 7.866748e+00 1.924602e-02 -2.721150e-02 9.994444e-01 1.115128e+00
9.956608e-01 -9.001079e-02 -2.361252e-02 3.065746e+02 9.063940e-02 9.955161e-01 2.705810e-02 8.097602e+00 2.107112e-02 -2.908091e-02 9.993549e-01 1.184908e+00
9.953366e-01 -9.264125e-02 -2.688267e-02 3.093270e+02 9.337642e-02 9.952506e-01 2.751597e-02 8.329720e+00 2.420588e-02 -2.989786e-02 9.992598e-01 1.245504e+00
9.950044e-01 -9.542909e-02 -2.931729e-02 3.121157e+02 9.624817e-02 9.949656e-01 2.792531e-02 8.573182e+00 2.650481e-02 -3.060754e-02 9.991800e-01 1.324051e+00
9.946639e-01 -9.807530e-02 -3.201586e-02 3.148275e+02 9.903304e-02 9.946367e-01 2.983802e-02 8.819255e+00 2.891778e-02 -3.284943e-02 9.990419e-01 1.400131e+00
9.945446e-01 -9.904872e-02 -3.271700e-02 3.175710e+02 1.000910e-01 9.944662e-01 3.191953e-02 9.073258e+00 2.937436e-02 -3.502007e-02 9.989548e-01 1.491807e+00
9.943554e-01 -1.008801e-01 -3.287028e-02 3.202328e+02 1.019740e-01 9.942228e-01 3.350011e-02 9.327072e+00 2.930088e-02 -3.666294e-02 9.988980e-01 1.587425e+00
9.940503e-01 -1.033066e-01 -3.452113e-02 3.230468e+02 1.044703e-01 9.939535e-01 3.379964e-02 9.600360e+00 3.082067e-02 -3.720498e-02 9.988323e-01 1.680431e+00
9.937805e-01 -1.050011e-01 -3.708199e-02 3.257142e+02 1.062499e-01 9.937756e-01 3.348075e-02 9.860689e+00 3.333566e-02 -3.721248e-02 9.987512e-01 1.763346e+00
9.934835e-01 -1.072819e-01 -3.848652e-02 3.284344e+02 1.085513e-01 9.935574e-01 3.256280e-02 1.013249e+01 3.474517e-02 -3.652837e-02 9.987284e-01 1.854459e+00
9.933581e-01 -1.081407e-01 -3.931055e-02 3.311696e+02 1.094043e-01 9.934965e-01 3.154887e-02 1.041016e+01 3.564317e-02 -3.564007e-02 9.987289e-01 1.949453e+00
9.933286e-01 -1.081686e-01 -3.997330e-02 3.338983e+02 1.093883e-01 9.935553e-01 2.969789e-02 1.069117e+01 3.650331e-02 -3.387238e-02 9.987593e-01 2.050961e+00
9.930936e-01 -1.093415e-01 -4.253822e-02 3.366639e+02 1.106256e-01 9.934361e-01 2.909804e-02 1.097788e+01 3.907738e-02 -3.360290e-02 9.986710e-01 2.129726e+00
9.928165e-01 -1.116281e-01 -4.306401e-02 3.393912e+02 1.129291e-01 9.931782e-01 2.905458e-02 1.127013e+01 3.952692e-02 -3.370905e-02 9.986497e-01 2.218914e+00
9.925490e-01 -1.147467e-01 -4.098289e-02 3.421162e+02 1.158181e-01 9.929609e-01 2.479384e-02 1.156384e+01 3.784940e-02 -2.935566e-02 9.988522e-01 2.319085e+00
9.925093e-01 -1.164689e-01 -3.688331e-02 3.448004e+02 1.173691e-01 9.928160e-01 2.325576e-02 1.185567e+01 3.390977e-02 -2.741052e-02 9.990489e-01 2.420488e+00
9.926275e-01 -1.169368e-01 -3.188139e-02 3.475784e+02 1.178101e-01 9.926678e-01 2.704462e-02 1.216882e+01 2.848512e-02 -3.060118e-02 9.991257e-01 2.516468e+00
9.926284e-01 -1.167638e-01 -3.248218e-02 3.502819e+02 1.177555e-01 9.925741e-01 3.050102e-02 1.247839e+01 2.867956e-02 -3.410114e-02 9.990068e-01 2.577760e+00
9.925795e-01 -1.164516e-01 -3.499978e-02 3.530218e+02 1.175281e-01 9.926025e-01 3.045322e-02 1.278844e+01 3.119454e-02 -3.434070e-02 9.989232e-01 2.644459e+00
9.924434e-01 -1.174258e-01 -3.559898e-02 3.557064e+02 1.183802e-01 9.926280e-01 2.599687e-02 1.308823e+01 3.228384e-02 -3.001463e-02 9.990280e-01 2.711783e+00
9.925458e-01 -1.169232e-01 -3.437669e-02 3.584313e+02 1.177302e-01 9.927915e-01 2.246353e-02 1.338871e+01 3.150238e-02 -2.634326e-02 9.991565e-01 2.794486e+00
9.925473e-01 -1.172029e-01 -3.336550e-02 3.611958e+02 1.179365e-01 9.928005e-01 2.093235e-02 1.369734e+01 3.067196e-02 -2.471136e-02 9.992240e-01 2.873994e+00
9.925900e-01 -1.168803e-01 -3.322905e-02 3.639144e+02 1.176461e-01 9.928096e-01 2.210184e-02 1.400059e+01 3.040685e-02 -2.584734e-02 9.992034e-01 2.930178e+00
9.925891e-01 -1.168823e-01 -3.324611e-02 3.666323e+02 1.176960e-01 9.927676e-01 2.366587e-02 1.430724e+01 3.023954e-02 -2.740342e-02 9.991670e-01 3.009273e+00
9.926408e-01 -1.160304e-01 -3.465889e-02 3.693144e+02 1.169323e-01 9.928192e-01 2.523499e-02 1.461093e+01 3.148198e-02 -2.910202e-02 9.990806e-01 3.096230e+00
9.925982e-01 -1.156565e-01 -3.704572e-02 3.720312e+02 1.167065e-01 9.927842e-01 2.755136e-02 1.491693e+01 3.359191e-02 -3.167091e-02 9.989337e-01 3.183237e+00
9.923868e-01 -1.166983e-01 -3.936944e-02 3.747434e+02 1.178769e-01 9.926027e-01 2.906842e-02 1.522623e+01 3.568598e-02 -3.348787e-02 9.988018e-01 3.264632e+00
9.922297e-01 -1.176600e-01 -4.045105e-02 3.774510e+02 1.189354e-01 9.924270e-01 3.070992e-02 1.553722e+01 3.653138e-02 -3.528236e-02 9.987095e-01 3.349417e+00
9.921854e-01 -1.178807e-01 -4.089420e-02 3.801592e+02 1.192593e-01 9.923118e-01 3.308378e-02 1.584777e+01 3.667986e-02 -3.770226e-02 9.986156e-01 3.436815e+00
9.920485e-01 -1.189885e-01 -4.100729e-02 3.828661e+02 1.204087e-01 9.921387e-01 3.409712e-02 1.615825e+01 3.662775e-02 -3.876363e-02 9.985769e-01 3.522893e+00
9.919853e-01 -1.194785e-01 -4.111113e-02 3.855680e+02 1.209345e-01 9.920447e-01 3.496005e-02 1.646939e+01 3.660711e-02 -3.965161e-02 9.985428e-01 3.632465e+00
9.918600e-01 -1.203072e-01 -4.171217e-02 3.882639e+02 1.218319e-01 9.918917e-01 3.616411e-02 1.678480e+01 3.702316e-02 -4.095161e-02 9.984750e-01 3.740013e+00
9.916625e-01 -1.216830e-01 -4.241143e-02 3.909484e+02 1.233330e-01 9.916091e-01 3.873371e-02 1.710692e+01 3.734233e-02 -4.364150e-02 9.983491e-01 3.849553e+00
9.916089e-01 -1.224152e-01 -4.154756e-02 3.936732e+02 1.240744e-01 9.914655e-01 4.002088e-02 1.743579e+01 3.629381e-02 -4.484005e-02 9.983347e-01 3.957432e+00
9.915713e-01 -1.227772e-01 -4.137836e-02 3.963012e+02 1.244832e-01 9.913521e-01 4.153193e-02 1.775570e+01 3.592135e-02 -4.633278e-02 9.982800e-01 4.047074e+00
9.913849e-01 -1.239358e-01 -4.237785e-02 3.989741e+02 1.257503e-01 9.911199e-01 4.322215e-02 1.808250e+01 3.664476e-02 -4.817881e-02 9.981663e-01 4.150445e+00
9.914110e-01 -1.230984e-01 -4.416972e-02 4.016368e+02 1.250738e-01 9.911195e-01 4.515204e-02 1.841102e+01 3.821933e-02 -5.028870e-02 9.980032e-01 4.248733e+00
9.913987e-01 -1.231656e-01 -4.425872e-02 4.043262e+02 1.252855e-01 9.909188e-01 4.882154e-02 1.874136e+01 3.784366e-02 -5.394659e-02 9.978264e-01 4.352643e+00
9.913688e-01 -1.239835e-01 -4.261556e-02 4.069172e+02 1.260767e-01 9.907319e-01 5.054690e-02 1.906128e+01 3.595361e-02 -5.548344e-02 9.978121e-01 4.439534e+00
9.913248e-01 -1.250702e-01 -4.040621e-02 4.095773e+02 1.270154e-01 9.906491e-01 4.981413e-02 1.938699e+01 3.379811e-02 -5.451419e-02 9.979408e-01 4.523095e+00
9.912472e-01 -1.264272e-01 -3.801637e-02 4.122212e+02 1.281648e-01 9.906199e-01 4.739154e-02 1.970718e+01 3.166820e-02 -5.184908e-02 9.981527e-01 4.600078e+00
9.909205e-01 -1.287736e-01 -3.865149e-02 4.148612e+02 1.303943e-01 9.905367e-01 4.282992e-02 2.002797e+01 3.277036e-02 -4.748098e-02 9.983344e-01 4.673794e+00
9.907888e-01 -1.294272e-01 -3.982517e-02 4.174954e+02 1.310124e-01 9.905671e-01 4.015747e-02 2.035457e+01 3.425203e-02 -4.500517e-02 9.983994e-01 4.748613e+00
9.906052e-01 -1.307531e-01 -4.006113e-02 4.201221e+02 1.323258e-01 9.904191e-01 3.949672e-02 2.068379e+01 3.451299e-02 -4.442678e-02 9.984163e-01 4.824740e+00
9.904247e-01 -1.326379e-01 -3.829022e-02 4.227467e+02 1.340964e-01 9.902230e-01 3.842640e-02 2.101716e+01 3.281906e-02 -4.319304e-02 9.985276e-01 4.911219e+00
9.902669e-01 -1.343651e-01 -3.629654e-02 4.253816e+02 1.356808e-01 9.900763e-01 3.660003e-02 2.135585e+01 3.101858e-02 -4.116854e-02 9.986706e-01 4.978569e+00
9.899010e-01 -1.370278e-01 -3.632485e-02 4.279885e+02 1.382684e-01 9.898051e-01 3.417106e-02 2.169548e+01 3.127214e-02 -3.884855e-02 9.987556e-01 5.062327e+00
9.896284e-01 -1.389179e-01 -3.657191e-02 4.305981e+02 1.401280e-01 9.895865e-01 3.290511e-02 2.204053e+01 3.161996e-02 -3.768858e-02 9.987891e-01 5.150068e+00
9.893864e-01 -1.409149e-01 -3.546252e-02 4.332092e+02 1.420954e-01 9.892924e-01 3.330959e-02 2.239266e+01 3.038899e-02 -3.799512e-02 9.988157e-01 5.229218e+00
9.891777e-01 -1.427500e-01 -3.391119e-02 4.358143e+02 1.438788e-01 9.890259e-01 3.356591e-02 2.275026e+01 2.874751e-02 -3.808175e-02 9.988610e-01 5.307582e+00
9.889781e-01 -1.440489e-01 -3.423649e-02 4.384054e+02 1.451952e-01 9.888274e-01 3.374466e-02 2.311216e+01 2.899309e-02 -3.834370e-02 9.988439e-01 5.400812e+00
9.888093e-01 -1.448417e-01 -3.573659e-02 4.410047e+02 1.460481e-01 9.886989e-01 3.382816e-02 2.348105e+01 3.043300e-02 -3.866886e-02 9.987885e-01 5.482978e+00
9.887033e-01 -1.459833e-01 -3.398040e-02 4.435577e+02 1.471212e-01 9.885406e-01 3.380691e-02 2.384643e+01 2.865576e-02 -3.842424e-02 9.988506e-01 5.561465e+00
9.887152e-01 -1.462452e-01 -3.247620e-02 4.461874e+02 1.473521e-01 9.884719e-01 3.479477e-02 2.422470e+01 2.701325e-02 -3.918755e-02 9.988667e-01 5.620610e+00
9.886214e-01 -1.473771e-01 -3.012657e-02 4.487265e+02 1.484140e-01 9.882810e-01 3.569142e-02 2.459346e+01 2.451342e-02 -3.975651e-02 9.989087e-01 5.671806e+00
9.886218e-01 -1.476764e-01 -2.861305e-02 4.513509e+02 1.486951e-01 9.881708e-01 3.752642e-02 2.498069e+01 2.273282e-02 -4.135406e-02 9.988859e-01 5.719606e+00
9.885112e-01 -1.479239e-01 -3.105188e-02 4.539302e+02 1.490517e-01 9.881053e-01 3.783567e-02 2.535830e+01 2.508573e-02 -4.202932e-02 9.988014e-01 5.785217e+00
9.882833e-01 -1.489831e-01 -3.317002e-02 4.565056e+02 1.501396e-01 9.880225e-01 3.563077e-02 2.573409e+01 2.746435e-02 -4.019343e-02 9.988144e-01 5.849619e+00
9.881318e-01 -1.498140e-01 -3.393147e-02 4.590815e+02 1.509655e-01 9.879413e-01 3.437242e-02 2.611117e+01 2.837283e-02 -3.908696e-02 9.988329e-01 5.916304e+00
9.880437e-01 -1.507057e-01 -3.251818e-02 4.616577e+02 1.517937e-01 9.878248e-01 3.407226e-02 2.649135e+01 2.698738e-02 -3.860094e-02 9.988902e-01 5.988462e+00
9.880833e-01 -1.508792e-01 -3.044545e-02 4.642509e+02 1.518850e-01 9.878141e-01 3.397436e-02 2.687510e+01 2.494842e-02 -3.819370e-02 9.989589e-01 6.046067e+00
9.880595e-01 -1.511569e-01 -2.983194e-02 4.668029e+02 1.521660e-01 9.877321e-01 3.508344e-02 2.725543e+01 2.416286e-02 -3.920393e-02 9.989390e-01 6.104289e+00
9.880625e-01 -1.510684e-01 -3.017958e-02 4.693651e+02 1.521430e-01 9.876580e-01 3.720511e-02 2.764071e+01 2.418658e-02 -4.135259e-02 9.988518e-01 6.160346e+00
9.879590e-01 -1.517238e-01 -3.028109e-02 4.719314e+02 1.528663e-01 9.874425e-01 3.986410e-02 2.802689e+01 2.385250e-02 -4.401305e-02 9.987462e-01 6.207092e+00
9.879372e-01 -1.519418e-01 -2.989458e-02 4.745110e+02 1.530947e-01 9.873591e-01 4.103781e-02 2.841570e+01 2.328132e-02 -4.511948e-02 9.987103e-01 6.249453e+00
9.879058e-01 -1.528054e-01 -2.631917e-02 4.771034e+02 1.537587e-01 9.873346e-01 3.909910e-02 2.880196e+01 2.001127e-02 -4.267303e-02 9.988887e-01 6.284462e+00
9.878203e-01 -1.539175e-01 -2.281434e-02 4.796950e+02 1.546506e-01 9.873528e-01 3.489455e-02 2.918942e+01 1.715492e-02 -3.799779e-02 9.991306e-01 6.324110e+00
9.877306e-01 -1.547834e-01 -2.074398e-02 4.822693e+02 1.553967e-01 9.873268e-01 3.221203e-02 2.957516e+01 1.549520e-02 -3.504036e-02 9.992658e-01 6.347995e+00
9.877325e-01 -1.552876e-01 -1.643909e-02 4.848580e+02 1.557394e-01 9.873059e-01 3.118080e-02 2.996944e+01 1.138842e-02 -3.335851e-02 9.993786e-01 6.372278e+00
9.876900e-01 -1.557173e-01 -1.485255e-02 4.874639e+02 1.560870e-01 9.873387e-01 2.826872e-02 3.036513e+01 1.026257e-02 -3.023902e-02 9.994900e-01 6.381591e+00
9.876286e-01 -1.559904e-01 -1.602345e-02 4.900609e+02 1.563567e-01 9.873856e-01 2.494673e-02 3.076051e+01 1.192988e-02 -2.714348e-02 9.995604e-01 6.390560e+00
9.877448e-01 -1.553641e-01 -1.490410e-02 4.926407e+02 1.556825e-01 9.875319e-01 2.331801e-02 3.115266e+01 1.109549e-02 -2.535255e-02 9.996170e-01 6.410708e+00
9.877953e-01 -1.550880e-01 -1.442985e-02 4.952330e+02 1.553616e-01 9.876491e-01 2.029958e-02 3.154503e+01 1.110340e-02 -2.229367e-02 9.996898e-01 6.434915e+00
9.876515e-01 -1.561102e-01 -1.319391e-02 4.978317e+02 1.563434e-01 9.875195e-01 1.902436e-02 3.193802e+01 1.005935e-02 -2.085221e-02 9.997320e-01 6.456666e+00
9.875827e-01 -1.564968e-01 -1.375055e-02 5.004296e+02 1.568410e-01 9.871934e-01 2.915502e-02 3.234828e+01 9.011789e-03 -3.094964e-02 9.994803e-01 6.482046e+00
9.875580e-01 -1.561492e-01 -1.862042e-02 5.029908e+02 1.567941e-01 9.867971e-01 4.058517e-02 3.276154e+01 1.203723e-02 -4.299978e-02 9.990026e-01 6.499775e+00
9.874985e-01 -1.560143e-01 -2.250026e-02 5.055858e+02 1.568710e-01 9.866663e-01 4.337131e-02 3.317130e+01 1.543370e-02 -4.635874e-02 9.988056e-01 6.540104e+00
9.872933e-01 -1.572022e-01 -2.322615e-02 5.081874e+02 1.580469e-01 9.865955e-01 4.062746e-02 3.357509e+01 1.652809e-02 -4.378204e-02 9.989044e-01 6.575943e+00
9.870755e-01 -1.589716e-01 -2.024749e-02 5.107904e+02 1.596423e-01 9.864619e-01 3.751401e-02 3.397883e+01 1.400971e-02 -4.026152e-02 9.990910e-01 6.625222e+00
9.867532e-01 -1.608223e-01 -2.131277e-02 5.133920e+02 1.615616e-01 9.860791e-01 3.931665e-02 3.439050e+01 1.469309e-02 -4.223915e-02 9.989995e-01 6.658114e+00
9.866654e-01 -1.614546e-01 -2.058492e-02 5.160004e+02 1.622257e-01 9.857745e-01 4.394916e-02 3.481230e+01 1.319630e-02 -4.670252e-02 9.988217e-01 6.698089e+00
9.866459e-01 -1.621592e-01 -1.530371e-02 5.186120e+02 1.627040e-01 9.855849e-01 4.636662e-02 3.523671e+01 7.564328e-03 -4.823741e-02 9.988073e-01 6.727676e+00
9.866051e-01 -1.625887e-01 -1.323780e-02 5.211937e+02 1.630243e-01 9.856093e-01 4.469120e-02 3.565320e+01 5.781014e-03 -4.625065e-02 9.989131e-01 6.738778e+00
9.864106e-01 -1.635241e-01 -1.593494e-02 5.237926e+02 1.640676e-01 9.855216e-01 4.276798e-02 3.607440e+01 8.710631e-03 -4.480120e-02 9.989579e-01 6.730531e+00
9.862773e-01 -1.642730e-01 -1.647553e-02 5.263923e+02 1.648547e-01 9.853189e-01 4.437997e-02 3.650151e+01 8.943217e-03 -4.648703e-02 9.988789e-01 6.737082e+00
9.862530e-01 -1.645229e-01 -1.540168e-02 5.290002e+02 1.650743e-01 9.851632e-01 4.694644e-02 3.693030e+01 7.449402e-03 -4.884349e-02 9.987787e-01 6.769938e+00
9.861837e-01 -1.649874e-01 -1.486259e-02 5.316092e+02 1.655129e-01 9.850832e-01 4.708119e-02 3.735484e+01 6.873087e-03 -4.889065e-02 9.987805e-01 6.774854e+00
9.861207e-01 -1.653532e-01 -1.497806e-02 5.342153e+02 1.658743e-01 9.850863e-01 4.572489e-02 3.778106e+01 7.193924e-03 -4.757473e-02 9.988418e-01 6.792039e+00
9.859761e-01 -1.662909e-01 -1.408502e-02 5.368278e+02 1.667684e-01 9.849364e-01 4.570089e-02 3.821056e+01 6.273205e-03 -4.740893e-02 9.988559e-01 6.827257e+00
9.859797e-01 -1.663454e-01 -1.315899e-02 5.394574e+02 1.667870e-01 9.848619e-01 4.721419e-02 3.864805e+01 5.105919e-03 -4.874698e-02 9.987981e-01 6.848672e+00
9.859823e-01 -1.664006e-01 -1.223811e-02 5.420418e+02 1.667991e-01 9.848383e-01 4.766017e-02 3.907947e+01 4.121876e-03 -4.903339e-02 9.987886e-01 6.885065e+00
9.859305e-01 -1.666474e-01 -1.302564e-02 5.446523e+02 1.670874e-01 9.847586e-01 4.829483e-02 3.951555e+01 4.778896e-03 -4.979177e-02 9.987482e-01 6.904751e+00
9.858595e-01 -1.670660e-01 -1.303988e-02 5.472665e+02 1.675016e-01 9.847335e-01 4.736265e-02 3.995252e+01 4.928121e-03 -4.887712e-02 9.987926e-01 6.933793e+00
9.857663e-01 -1.678289e-01 -9.913310e-03 5.498846e+02 1.681125e-01 9.846067e-01 4.783170e-02 4.039378e+01 1.733167e-03 -4.881743e-02 9.988062e-01 6.970272e+00
9.857574e-01 -1.679940e-01 -7.771199e-03 5.524848e+02 1.681726e-01 9.845410e-01 4.895832e-02 4.083694e+01 -5.736374e-04 -4.956793e-02 9.987706e-01 6.970368e+00
9.858479e-01 -1.675152e-01 -6.525982e-03 5.551049e+02 1.676312e-01 9.845879e-01 4.986465e-02 4.128165e+01 -1.927686e-03 -5.025292e-02 9.987347e-01 6.977239e+00
9.859617e-01 -1.668178e-01 -7.169303e-03 5.577146e+02 1.669652e-01 9.846309e-01 5.123062e-02 4.172463e+01 -1.487063e-03 -5.170845e-02 9.986611e-01 6.969855e+00
9.857751e-01 -1.678317e-01 -8.938731e-03 5.603220e+02 1.680695e-01 9.844429e-01 5.123294e-02 4.216418e+01 2.011580e-04 -5.200648e-02 9.986467e-01 6.966942e+00
9.857290e-01 -1.680083e-01 -1.056692e-02 5.629230e+02 1.683288e-01 9.844499e-01 5.023850e-02 4.260128e+01 1.962120e-03 -5.130026e-02 9.986813e-01 6.942743e+00
9.854598e-01 -1.696456e-01 -9.453915e-03 5.655511e+02 1.699072e-01 9.841703e-01 5.040150e-02 4.304432e+01 7.538665e-04 -5.127494e-02 9.986843e-01 6.905396e+00
9.853506e-01 -1.704381e-01 -5.917599e-03 5.681737e+02 1.705172e-01 9.840445e-01 5.079740e-02 4.348456e+01 -2.834631e-03 -5.106231e-02 9.986914e-01 6.901051e+00
9.851264e-01 -1.717380e-01 -5.661493e-03 5.707987e+02 1.718070e-01 9.838976e-01 4.927410e-02 4.392375e+01 -2.891907e-03 -4.951390e-02 9.987692e-01 6.906923e+00
9.850110e-01 -1.722886e-01 -8.363933e-03 5.734271e+02 1.724914e-01 9.838006e-01 4.881707e-02 4.436953e+01 -1.821806e-04 -4.952805e-02 9.987727e-01 6.907882e+00
9.848640e-01 -1.732281e-01 -5.911028e-03 5.760472e+02 1.733049e-01 9.835868e-01 5.022379e-02 4.481565e+01 -2.886164e-03 -5.048801e-02 9.987205e-01 6.895736e+00
9.847171e-01 -1.741592e-01 -9.086976e-04 5.786753e+02 1.739877e-01 9.834877e-01 4.980108e-02 4.526300e+01 -7.779622e-03 -4.919807e-02 9.987587e-01 6.865519e+00
9.845384e-01 -1.751636e-01 -1.344248e-03 5.813040e+02 1.750298e-01 9.834230e-01 4.736739e-02 4.570645e+01 -6.975076e-03 -4.687030e-02 9.988766e-01 6.803104e+00
9.844215e-01 -1.758004e-01 -2.936747e-03 5.839422e+02 1.757527e-01 9.834013e-01 4.508634e-02 4.615523e+01 -5.038195e-03 -4.490010e-02 9.989788e-01 6.767614e+00
9.841091e-01 -1.775166e-01 -4.127144e-03 5.865739e+02 1.775251e-01 9.831339e-01 4.396105e-02 4.660627e+01 -3.746283e-03 -4.399515e-02 9.990247e-01 6.749182e+00
9.841185e-01 -1.774711e-01 -3.841848e-03 5.891952e+02 1.774678e-01 9.831527e-01 4.377177e-02 4.706159e+01 -3.991102e-03 -4.375841e-02 9.990342e-01 6.709422e+00
9.839308e-01 -1.785385e-01 -2.069438e-03 5.918254e+02 1.784512e-01 9.829309e-01 4.474338e-02 4.751673e+01 -5.954301e-03 -4.439368e-02 9.989964e-01 6.672883e+00
9.835294e-01 -1.807483e-01 3.793142e-06 5.944511e+02 1.805486e-01 9.824435e-01 4.697772e-02 4.797632e+01 -8.494872e-03 -4.620328e-02 9.988959e-01 6.637958e+00
