1.000000039978027555e+00 -3.858921975092322307e-10 7.909684333397999829e-10 6.893855816064720088e-10 -3.858921975092322307e-10 9.999999352479276293e-01 -2.439174455454972972e-10 -3.575088780571888947e-09 7.909684333397999829e-10 -2.439174455454972972e-10 9.999999059029299753e-01 -2.749857069828109957e-08
9.999953547700878298e-01 -1.493833938063062090e-03 -2.671862683918750300e-03 -1.003940452888272411e-02 1.491855804783314907e-03 9.999985472156321942e-01 -7.419084633073569964e-04 -1.891331839547643126e-02 2.672968844681478367e-03 7.379184635701693980e-04 9.999960612545463201e-01 6.961104852841265567e-01
9.999867795610328791e-01 -1.170402815882961960e-03 -5.015057917021047487e-03 -2.076095583195314287e-02 1.161764689885567319e-03 9.999977728412977607e-01 -1.724851038444709557e-03 -2.629309808767575640e-02 5.017067424037480530e-03 1.719001358536071224e-03 9.999858428423944456e-01 1.454569594853210024e+00
9.999595884079057750e-01 -8.185081033724393154e-04 -8.957205326723536448e-03 -4.039852458564228282e-02 7.943217322589691317e-04 9.999959657103523192e-01 -2.703352070903340069e-03 -2.753238227300219138e-02 8.959384067113785807e-03 2.696127321576954720e-03 9.999561351200796366e-01 2.180148698295075960e+00
9.999100932011970588e-01 4.631071264362552741e-04 -1.340413953041113410e-02 -7.074967874380172494e-02 -5.050795903117813023e-04 9.999949153896267040e-01 -3.128032451583616196e-03 -3.277942065371807628e-02 1.340262521001623665e-02 3.134520759573641412e-03 9.999051736374643395e-01 2.911754293813855199e+00
9.998384355713016980e-01 -6.167375023403155179e-04 -1.796669902834085314e-02 -9.390449240756280902e-02 5.571737358958443699e-04 9.999942687927259044e-01 -3.320005404328937090e-03 -3.984914594633091889e-02 1.796864637307650850e-02 3.309457809212990043e-03 9.998329796084786114e-01 3.652086135281579882e+00
9.997440951988777469e-01 1.039454390079114937e-04 -2.262328804348655992e-02 -9.401196511395643052e-02 -1.919898795156917972e-04 9.999923523346864185e-01 -3.889589887453174036e-03 -6.181080530997698497e-02 2.262271376796097175e-02 3.892937313023843351e-03 9.997364001423540980e-01 4.415628926107412866e+00
9.996237270801444641e-01 2.944644420533633258e-03 -2.727293782670119418e-02 -1.232468056998361622e-01 -3.073606028168448471e-03 9.999842237999191363e-01 -4.687813791391418419e-03 -7.035442794807386657e-02 2.725870696395493731e-02 4.769875473500724550e-03 9.996169381965567258e-01 5.188863288613804414e+00
9.994860654311126247e-01 4.836714621489700619e-03 -3.169055010405125855e-02 -1.676563245220533682e-01 -4.980114453200817914e-03 9.999776436133166468e-01 -4.447610315246332789e-03 -7.481711254401679501e-02 3.166833342717022964e-02 4.603146421035321859e-03 9.994877386389687812e-01 5.991463062666613659e+00
9.993412377545156655e-01 5.567055366045809556e-03 -3.586332579806290194e-02 -2.046203382802162241e-01 -5.654941804170427432e-03 9.999811855760595281e-01 -2.349602448914189790e-03 -1.045823305153757571e-01 3.584957458596002566e-02 2.550859040739226168e-03 9.993538478206270836e-01 6.811028843530666954e+00
9.992088788519696285e-01 2.296648275393542698e-03 -3.970417496621996695e-02 -2.189186262601389987e-01 -2.268212882199332602e-03 9.999970731124583345e-01 7.612322875947713811e-04 -8.888642843808780558e-02 3.970581119191801678e-02 -6.705730138372204777e-04 9.992110942987939559e-01 7.598232580579643347e+00
9.991090777381128607e-01 2.021139092315817239e-03 -4.215501663259359905e-02 -2.632986263851385123e-01 -1.989063035701320488e-03 9.999976347723563697e-01 8.028544878918294570e-04 -1.153849427428676466e-01 4.215654391798846767e-02 -7.182906951730703765e-04 9.991106655293647831e-01 8.414432107838754504e+00
9.990072252758807059e-01 2.840605106612128367e-03 -4.445868224572900596e-02 -3.113933266245395570e-01 -2.830138048010982614e-03 9.999958858813094986e-01 2.983920529949303556e-04 -1.118324145617544257e-01 4.445935141138422642e-02 -1.722721043340915033e-04 9.990110852916701534e-01 9.245003521635519306e+00
9.989270126728680976e-01 3.390863801482746527e-03 -4.618879721781423559e-02 -3.351511469363459006e-01 -3.404182700172134202e-03 9.999941190188673668e-01 -2.096845863437382044e-04 -1.375923768638097344e-01 4.618781914218537954e-02 3.666941844962166267e-04 9.989326118727718251e-01 1.007540135667819747e+01
9.988276212091371509e-01 1.870388818702283656e-03 -4.837317768651899080e-02 -3.923509780791292756e-01 -1.858001139787300625e-03 9.999981638428311337e-01 3.010651681061053621e-04 -1.405552250213333576e-01 4.837365668759861792e-02 -2.108352827194047549e-04 9.988291931473100016e-01 1.093305044458227293e+01
9.987664407905223474e-01 -4.613223388114804030e-04 -4.965343371511782983e-02 -4.449960916655459342e-01 4.807189238717085068e-04 9.999997479904186859e-01 3.787132678693395883e-04 -1.530732633726502034e-01 4.965325128826048040e-02 -4.021159388359425626e-04 9.987663416206855604e-01 1.180356696714013154e+01
9.986712921388969377e-01 -2.914632814297162260e-04 -5.153294893150622141e-02 -4.973032402244620398e-01 2.246676959572673025e-04 9.999990624788497318e-01 -1.301945515142387396e-03 -1.711107500380078805e-01 5.153328500375780469e-02 1.288637261854963306e-03 9.986703521149720153e-01 1.265886620082567227e+01
9.985991237890129435e-01 2.244687028001274461e-03 -5.286615972044803741e-02 -5.527011857217362101e-01 -2.463589630644077294e-03 9.999885941589133909e-01 -4.075877589526796622e-03 -1.806978063631526077e-01 5.285641266913676528e-02 4.200407638437565587e-03 9.985931946882409260e-01 1.352262151465597917e+01
9.984929495172784053e-01 6.546781865085524697e-03 -5.448897938161283844e-02 -6.130361095760514800e-01 -6.852608275534115105e-03 9.999617255933960225e-01 -5.427671324586118631e-03 -1.917698520583668576e-01 5.445136517289583117e-02 5.792882446050503023e-03 9.984995261045935822e-01 1.442514738488766568e+01
9.984086705738530743e-01 7.720894247221577258e-03 -5.586227485902275913e-02 -6.655602098159287827e-01 -8.041594120361768294e-03 9.999523742552638428e-01 -5.518378019906053367e-03 -1.950691048002020644e-01 5.581701275683218638e-02 5.958817462541881466e-03 9.984231397012890419e-01 1.530454560337023118e+01
9.983423232511522416e-01 8.058432789512548142e-03 -5.698900494212621320e-02 -7.165632228080650590e-01 -8.316197229863207460e-03 9.999561641412856305e-01 -4.287326743936652022e-03 -2.251492572013022164e-01 5.695196291302890429e-02 4.754150854020385182e-03 9.983655063646986738e-01 1.620761112059469511e+01
9.982648630164075998e-01 7.519826944826764857e-03 -5.840201079224188047e-02 -7.758125330084436611e-01 -7.725415139680331771e-03 9.999646643614248376e-01 -3.295223643974243190e-03 -2.481026334193010274e-01 5.837517296791348842e-02 3.740685104390096931e-03 9.982876132704818772e-01 1.711535625656509296e+01
9.981982711124730567e-01 7.453375757767488445e-03 -5.953770329228415953e-02 -8.324634813517206577e-01 -7.632400599878561877e-03 9.999669435831445297e-01 -2.780055949261194849e-03 -2.678566129470894008e-01 5.951501982096979448e-02 3.229462010900152960e-03 9.982220922040166977e-01 1.802287230069009993e+01
9.981045973691422546e-01 6.980269059664066973e-03 -6.114382963497655421e-02 -8.988370372256690999e-01 -7.199690346424375206e-03 9.999683418535566526e-01 -3.369014359955054948e-03 -2.729136711236304635e-01 6.111838284474919308e-02 3.802844703776552329e-03 9.981231858103486454e-01 1.893642969719667590e+01
9.980415557557165140e-01 7.228998613763941948e-03 -6.213593077468126946e-02 -9.463843412364060237e-01 -7.467588574063668827e-03 9.999655418667025009e-01 -3.608421954855197625e-03 -2.869312632386862849e-01 6.210771000989626783e-02 4.065359960210939566e-03 9.980610791054510544e-01 1.984359638147769189e+01
9.979877851363422314e-01 7.332844869527348382e-03 -6.298165938202265890e-02 -1.013418920857900529e+00 -7.512852225559009389e-03 9.999682765405620843e-01 -2.621730842832772825e-03 -3.084547712220400140e-01 6.296044229657721258e-02 3.089626627564777753e-03 9.980111469059319562e-01 2.079034584205268743e+01
9.980143588354587481e-01 8.196139567279058652e-03 -6.245191891267624223e-02 -1.095370767762642084e+00 -8.140090920350631642e-03 9.999661407470986640e-01 1.151862677391144721e-03 -3.085290746620851232e-01 6.245925079004636948e-02 -6.412116726791124285e-04 9.980472149483825550e-01 2.171661048021317342e+01
9.980547414649824089e-01 7.593879663419667719e-03 -6.188008859260653305e-02 -1.128153998906866295e+00 -7.304589139812277428e-03 9.999612514129880836e-01 4.899913673007134061e-03 -3.175702897006443814e-01 6.191490577288902980e-02 -4.438373778813316586e-03 9.980714692354860640e-01 2.263383601379202048e+01
9.981452540339607049e-01 6.645081386947590020e-03 -6.051424710610164154e-02 -1.182729670246213116e+00 -6.198201937208456212e-03 9.999520770980038220e-01 7.569431904163951771e-03 -3.347943223291383052e-01 6.056165208359688690e-02 -7.180313225661420773e-03 9.981385383790549737e-01 2.357941929646192847e+01
9.982587378171753345e-01 4.273215119006256585e-03 -5.883291084246845826e-02 -1.240980927089310626e+00 -3.789817195673345161e-03 9.999580952367522757e-01 8.325596089934109850e-03 -3.385867684833534508e-01 5.886602792125943812e-02 -8.088133250513012198e-03 9.982330315246766839e-01 2.453300526444824925e+01
9.983453091391760736e-01 2.591574235609790926e-03 -5.744568637451655246e-02 -1.304219463764517917e+00 -2.231335140202662503e-03 9.999773843898345227e-01 6.334220249602008114e-03 -3.464416795726834031e-01 5.746080811021669205e-02 -6.195558754443343183e-03 9.983284444143408765e-01 2.547732216167053565e+01
9.983951657571120686e-01 5.804704761859674246e-03 -5.633362964706961629e-02 -1.370823007187263576e+00 -5.735873246747032368e-03 9.999825279663941968e-01 1.383482210000427752e-03 -3.685214303950856696e-01 5.634068131916544070e-02 -1.058139853481445064e-03 9.984109476010278872e-01 2.644149203836853346e+01
9.984269546974138265e-01 9.761463980117728034e-03 -5.521240256962531984e-02 -1.425803447285821868e+00 -9.888466361328528131e-03 9.999489876803150379e-01 -2.027507032265771225e-03 -3.813321970088927593e-01 5.518979977458835645e-02 2.570283053609505753e-03 9.984724793133367138e-01 2.738800553048351460e+01
9.984522206725513493e-01 1.151799254141865937e-02 -5.441119675744739842e-02 -1.489837546166470572e+00 -1.161366552273757936e-02 9.999314539741354091e-01 -1.442444423289604514e-03 -3.960396995476481719e-01 5.439085812553215438e-02 2.072124695288386168e-03 9.985174776332522706e-01 2.835704552665963263e+01
9.984817704187755050e-01 9.203293507785025376e-03 -5.430960310195522694e-02 -1.533577425145570716e+00 -9.035202587181049433e-03 9.999535396419341193e-01 3.339787591045583880e-03 -4.047286143210637732e-01 5.433782200515473865e-02 -2.844019147727285413e-03 9.985184649990885841e-01 2.933255559909225951e+01
9.984864580914969423e-01 -2.343785450660398895e-03 -5.494887754327427293e-02 -1.593122076528930897e+00 2.766731376634681046e-03 9.999670576840448133e-01 7.622285309532093878e-03 -3.951004021103028951e-01 5.492920753720188787e-02 -7.762777645048731662e-03 9.984599810436121103e-01 3.030822310812135711e+01
9.983039232217165715e-01 -1.446258751638016850e-02 -5.639317221005126640e-02 -1.621119309082460935e+00 1.493881855310409852e-02 9.998560807695283659e-01 8.032431171101169290e-03 -4.114930764107201933e-01 5.626889163193548454e-02 -8.861255084700068313e-03 9.983762328496644800e-01 3.129787722813811257e+01
9.981922729885150947e-01 -1.746726203982995954e-02 -5.750791515700987011e-02 -1.692636605467944921e+00 1.774281095215761092e-02 9.998333398181555864e-01 4.284362288424439606e-03 -4.391515101287668532e-01 5.742350009384433740e-02 -5.296969709473507183e-03 9.983357632035289031e-01 3.227143673973354510e+01
9.981798058576181187e-01 -1.314002660347434771e-02 -5.885995471610264151e-02 -1.753740864038015879e+00 1.314057932398254684e-02 9.999135227807974813e-01 -3.776759202496641284e-04 -4.604158202580332926e-01 5.885983272990553267e-02 -3.964659318489523643e-04 9.982660844030054603e-01 3.328086362186248692e+01
9.981213464441119898e-01 -5.494597185015812936e-03 -6.102185293588678616e-02 -1.818503301656625659e+00 5.364961781386875031e-03 9.999829261366408595e-01 -2.288037578870969965e-03 -4.552857629422085717e-01 6.103338843089741589e-02 1.956358646621690709e-03 9.981337137669662463e-01 3.424977984610960391e+01
9.980530395046107728e-01 -4.183284205930188487e-03 -6.223110001190528678e-02 -1.865181023116557313e+00 4.121967896493181592e-03 9.999908198014305638e-01 -1.113637499494681514e-03 -4.858566060664174513e-01 6.223519298759831037e-02 8.549541460003853930e-04 9.980610513541749995e-01 3.524491048708831187e+01
9.979936402581447430e-01 -6.807562816181236820e-03 -6.294783886993389477e-02 -1.928989804751493509e+00 6.991423404910011852e-03 9.999718470279119753e-01 2.701045064535825910e-03 -4.890581608177012041e-01 6.292768482021800225e-02 -3.135721182072520423e-03 9.980130691398509946e-01 3.626078928246624145e+01
9.979115001199397872e-01 -8.000686780236875018e-03 -6.409919065492301893e-02 -2.015957671745803204e+00 8.274061649943155808e-03 9.999577020563608087e-01 4.000561991797605549e-03 -5.080761929574589830e-01 6.406447787421468143e-02 -4.522567811315832131e-03 9.979354195114061854e-01 3.727474014077024833e+01
9.978374512539700536e-01 -7.104217483335236762e-03 -6.534546846792176067e-02 -2.105237406245550336e+00 7.527327645875195664e-03 9.999521907166135648e-01 6.231060217692501249e-03 -5.104117291283755131e-01 6.529808334842311657e-02 -6.709462247446905218e-03 9.978431519597236177e-01 3.828586239423239590e+01
9.978408934006768316e-01 -5.710827061253830050e-03 -6.542948258402141171e-02 -2.151439013885261264e+00 6.344397525186572934e-03 9.999348761865491930e-01 9.479582999579806366e-03 -5.214106128534353735e-01 6.537109112115496723e-02 -9.874226339023461918e-03 9.978120727822501479e-01 3.928253875203267143e+01
9.978251849381516436e-01 -4.112202181580185481e-03 -6.578806403557828364e-02 -2.233901136697667766e+00 4.920591067426080545e-03 9.999142512700176511e-01 1.213047299673083654e-02 -5.194951539819472330e-01 6.573254567347726340e-02 -1.242780764063358863e-02 9.977597879934184677e-01 4.028303398880949970e+01
9.978247542643428059e-01 -2.777419604041873099e-03 -6.586444404490331139e-02 -2.295977820395098234e+00 3.574825174400185490e-03 9.999216382655504720e-01 1.199201558318249185e-02 -5.409008765483391823e-01 6.582598177830353836e-02 -1.220138390217274243e-02 9.977564226079654874e-01 4.127343143330248409e+01
9.978307396563111942e-01 -3.566436830264333065e-03 -6.573564329574531351e-02 -2.364300620904300043e+00 4.263189204043172677e-03 9.999361180999163379e-01 1.046209459470687220e-02 -5.395772319636231718e-01 6.569413741385909944e-02 -1.071964315950990100e-02 9.977821315584419759e-01 4.228891813754549389e+01
9.978436148272583628e-01 8.523286730648861219e-04 -6.563134280607596516e-02 -2.435575688372051850e+00 -3.258055937716159431e-04 9.999676192763219396e-01 8.032729291203900140e-03 -5.736946576707281364e-01 6.563606997293380818e-02 -7.994024766612917859e-03 9.978115124510200662e-01 4.327787842676789154e+01
9.977890443832163614e-01 2.572436885382547653e-03 -6.641148044278241680e-02 -2.516188866857384188e+00 -2.080898550858945560e-03 9.999698727822401434e-01 7.469530219808975975e-03 -5.578353837837870532e-01 6.642870042784922158e-02 -7.314820085050758626e-03 9.977642675875193490e-01 4.424702525847942525e+01
9.977049527411713248e-01 2.211110077225937522e-03 -6.767582656310144884e-02 -2.583513250909785786e+00 -1.649561603365076777e-03 9.999636928475917896e-01 8.352390340377581490e-03 -5.776131964798605356e-01 6.769184346604510683e-02 -8.221585947796117635e-03 9.976723071159921963e-01 4.526413604320416795e+01
9.976406809848260560e-01 5.774563124011402980e-05 -6.865236722302392458e-02 -2.658742118184478365e+00 6.039862422323038094e-04 9.999534979061491802e-01 9.618093049581350612e-03 -5.771745123824422175e-01 6.864973617400657591e-02 -9.636866113478756782e-03 9.975941845704345834e-01 4.627192627591347929e+01
9.976258977431042840e-01 -3.458827166512697874e-04 -6.886601287407607963e-02 -2.729826680161306474e+00 9.256607436192219960e-04 9.999643335787365972e-01 8.387205238484676459e-03 -6.077896237700473048e-01 6.886066172056860835e-02 -8.431039897314624929e-03 9.975905670116315127e-01 4.725082191459456027e+01
9.975854191488039424e-01 1.544882975458183221e-03 -6.943359444111520118e-02 -2.817266723939930717e+00 -1.328076020245075014e-03 9.999940334114576501e-01 3.168572358518399572e-03 -6.132313890463583217e-01 6.943808130880108065e-02 -3.068708882735522551e-03 9.975814495337171905e-01 4.822166352875168371e+01
9.975282348588705439e-01 3.161830440248204668e-03 -7.019617275087237929e-02 -2.898842359269695468e+00 -3.111180319855179951e-03 9.999947503320731901e-01 8.308815538261337189e-04 -6.159219090613846648e-01 7.019843747538380418e-02 -6.104353459892960165e-04 9.975327660394852636e-01 4.921837054865716254e+01
9.975300813701371005e-01 3.342553851495762632e-03 -7.016155127378768952e-02 -2.956071029534660610e+00 -3.141662915065366289e-03 9.999905795507232353e-01 2.973425891113524143e-03 -6.193184933514007673e-01 7.017083528018043526e-02 -2.745658229309199012e-03 9.975311162141533572e-01 5.017596915083782960e+01
9.975195530267434441e-01 1.506634906127824435e-03 -7.037436010530388752e-02 -3.022900064863846215e+00 -9.522595781458658218e-04 9.999681940219462550e-01 7.910413210795377500e-03 -6.479826802023563870e-01 7.038404602336924276e-02 -7.823777392227816707e-03 9.974891915002660481e-01 5.114323158905698108e+01
9.974910018325549022e-01 4.464375306472779040e-04 -7.079252170030535252e-02 -3.088584678613875756e+00 2.103328047319098033e-04 9.999569487044051019e-01 9.269681038114780530e-03 -6.760529180575487462e-01 7.079361848952997471e-02 -9.261313558939103519e-03 9.974478955060132046e-01 5.211864451959733913e+01
9.974864151177805782e-01 -2.133456914944891706e-03 -7.082640178554133747e-02 -3.158310836660766618e+00 2.709199005163601993e-03 9.999639932452509816e-01 8.033862241827977035e-03 -6.826803497016453726e-01 7.080671782303288309e-02 -8.205551452582974734e-03 9.974562096817577439e-01 5.307827343732661518e+01
9.974619204896884028e-01 -4.810006556272164967e-03 -7.103984922840242411e-02 -3.221806450551200740e+00 5.295115621148013645e-03 9.999638576668529177e-01 6.641957604135489447e-03 -6.875214660281321333e-01 7.100533999994887435e-02 -7.001264241518074735e-03 9.974512702832273314e-01 5.401794242010876701e+01
9.973922034083793076e-01 -5.238419047386248806e-03 -7.198215539158261955e-02 -3.297819515894562681e+00 5.776806769958683398e-03 9.999567979539489837e-01 7.273322424469872913e-03 -6.995767269516619535e-01 7.194095114214213438e-02 -7.670182294075188027e-03 9.973793062178031299e-01 5.497940217872281465e+01
9.972729311888616222e-01 -8.151810758338722332e-03 -7.335071790601867259e-02 -3.367449549030185896e+00 8.956571669167349981e-03 9.999031179059144625e-01 1.064918376887522000e-02 -6.961274428186606800e-01 7.325680772735188029e-02 -1.127711374488582670e-02 9.972492564439434659e-01 5.593292907236926936e+01
9.971865252950909975e-01 -1.177649709317021842e-02 -7.402990601586208197e-02 -3.424189119674465598e+00 1.300790439108915307e-02 9.997845128930333836e-01 1.617382734245506257e-02 -7.138731440953357543e-01 7.382348885598548349e-02 -1.709129646948864129e-02 9.971247628802506480e-01 5.688173625541223544e+01
9.971504021817585439e-01 -1.178107558614438673e-02 -7.451416492839312011e-02 -3.496659070119033430e+00 1.326784941277338835e-02 9.997219591791995930e-01 1.948945845012267988e-02 -7.151088220547174856e-01 7.426384655639708954e-02 -2.042256375979801045e-02 9.970293940852037462e-01 5.783775643106957176e+01
9.970903421933242639e-01 -1.101010113989482793e-02 -7.543014150384941274e-02 -3.581548672172998327e+00 1.227671574521855581e-02 9.997909122797913328e-01 1.634883665356974894e-02 -7.283211072166889677e-01 7.523437409496279427e-02 -1.722730137531880076e-02 9.970169616126770551e-01 5.879282984152268199e+01
9.969661456146851064e-01 -1.049256580526441995e-02 -7.712645197364158267e-02 -3.671693635094346320e+00 1.118351506782029603e-02 9.999009956052257175e-01 8.532202094815422022e-03 -7.361454218084482193e-01 7.702929798984547993e-02 -9.368861624399416749e-03 9.969847162387380779e-01 5.971382116366554271e+01
9.969380551710922411e-01 -5.979104849331192892e-03 -7.796693834942962364e-02 -3.739921850728933350e+00 6.189637441823643213e-03 9.999777560846504487e-01 2.458905851828093250e-03 -7.356058508635537896e-01 7.795050862773426903e-02 -2.933964303204233265e-03 9.969528187449420153e-01 6.061809275559266297e+01
9.968400232899617963e-01 -9.478742480250767393e-04 -7.943014847762334962e-02 -3.826309289319164364e+00 1.103811786515122026e-03 9.999974841330455666e-01 1.919328323487885443e-03 -7.275194401714530912e-01 7.942813608062229691e-02 -2.000939663250997282e-03 9.968384925440100242e-01 6.152057972198213776e+01
9.967823054232870517e-01 3.215890381799568851e-03 -8.009227559733891888e-02 -3.892390606345884407e+00 -2.815130734087188495e-03 9.999828851399601426e-01 5.116147152556978044e-03 -7.605676031035709661e-01 8.010736456419727258e-02 -4.874215047565067654e-03 9.967742296860345741e-01 6.243325706179372503e+01
9.967219052950093694e-01 1.408044557347033331e-03 -8.089214959166211860e-02 -3.999930215551458446e+00 -8.229803783138298729e-04 9.999732022098225537e-01 7.265539002231070041e-03 -7.701512430421907363e-01 8.090021888161584573e-02 -7.175149455704689719e-03 9.966962850495473258e-01 6.333617002097494719e+01
9.966434569859211612e-01 2.365450195604760098e-03 -8.183094292164569405e-02 -4.075131509319541934e+00 -1.766790672964329515e-03 9.999710868131144181e-01 7.387454286882077885e-03 -7.986095753658447594e-01 8.184605846301359899e-02 -7.218080060241080335e-03 9.966187510140739336e-01 6.418901709456500271e+01
9.965289400622104887e-01 2.817667156300032640e-03 -8.319982730871375298e-02 -4.154038511549042134e+00 -2.194610696121017650e-03 9.999688045555131799e-01 7.579188106840360067e-03 -7.968033640565855835e-01 8.321859445090161456e-02 -7.370289281924301099e-03 9.965039675007507647e-01 6.504116001685203230e+01
9.963746650858656961e-01 4.452999552186968045e-03 -8.495749772164401525e-02 -4.220095332806105048e+00 -3.803839333891811600e-03 9.999622693764481651e-01 7.801354016943457849e-03 -8.080154947258710862e-01 8.498903873142789334e-02 -7.449907042683938385e-03 9.963539406729771120e-01 6.588717202823043806e+01
9.962561957943203428e-01 6.803211265196650211e-03 -8.618229210529294859e-02 -4.296285688202463149e+00 -6.123731665545194790e-03 9.999480040300406936e-01 8.146142973146332927e-03 -8.234937245986393428e-01 8.623323806927335466e-02 -7.587888389102345060e-03 9.962459864644588325e-01 6.672244676723198609e+01
9.961283388212365253e-01 6.329610757035001797e-03 -8.768322190239766223e-02 -4.374023027691134935e+00 -5.588628729627799149e-03 9.999465281629372759e-01 8.693591934200552498e-03 -8.319966280330454156e-01 8.773356763371101263e-02 -8.169904507880498476e-03 9.961103788000570392e-01 6.752319703787232186e+01
9.960056178658294179e-01 1.036510140715863129e-02 -8.868738690204999719e-02 -4.459579477008754012e+00 -9.326443919513585298e-03 9.998830160478365814e-01 1.211784488535744969e-02 -8.311918125845056959e-01 8.880262192446529423e-02 -1.124230370538445434e-02 9.959857016844001487e-01 6.832924654043117130e+01
9.958801380001561787e-01 9.591166785370945289e-03 -9.017116481313389165e-02 -4.530963020389675577e+00 -8.205158015954222908e-03 9.998425594491494595e-01 1.572902381628995400e-02 -8.381951293765708133e-01 9.030783533680566966e-02 -1.492435367038929574e-02 9.958019740895820426e-01 6.911023958216543406e+01
9.957575691680867758e-01 1.100518862670987578e-02 -9.135550306514317320e-02 -4.605462625365584373e+00 -9.421992593937120533e-03 9.997981155529126474e-01 1.774329976849399124e-02 -8.505381440032213636e-01 9.153233568157191635e-02 -1.680727401462341064e-02 9.956601629852709356e-01 6.987040601636816461e+01
9.956145781345806522e-01 1.286833395949989016e-02 -9.266119154906415911e-02 -4.686106939546220929e+00 -1.148345769726845898e-02 9.998144259543458867e-01 1.546332294781132925e-02 -8.695892186417411018e-01 9.284299083576681710e-02 -1.433143881932903707e-02 9.955775218614802968e-01 7.063919270582486831e+01
9.954385725739062218e-01 1.225371616796373797e-02 -9.461486804066804313e-02 -4.773446795818327537e+00 -1.158928326484794796e-02 9.999041313317349466e-01 7.568829004113831679e-03 -8.703055874575575945e-01 9.469855143360746130e-02 -6.437786089312978050e-03 9.954850839810802654e-01 7.138988144542943814e+01
9.952721201995285982e-01 1.556924237204500815e-02 -9.587014124165726958e-02 -4.833692664818709517e+00 -1.548911227907304178e-02 9.998787234107715527e-01 1.580001046810973215e-03 -8.863327689027321599e-01 9.588312164416000483e-02 -8.758811774009581932e-05 9.953925017306602951e-01 7.206889877560922741e+01
9.951805496942549567e-01 1.887140858749096137e-02 -9.622692949657656036e-02 -4.904979693217389247e+00 -1.894129785502636151e-02 9.998205152638480753e-01 1.871925541377072978e-04 -8.775716631227457043e-01 9.621319862714564075e-02 1.636371970064463182e-03 9.953593099450910309e-01 7.276060599141594309e+01
9.951048757861813421e-01 2.076640786392549426e-02 -9.661842983208121516e-02 -4.982316860626353261e+00 -2.066168105241650288e-02 9.997842871145358190e-01 2.084401657005876835e-03 -8.939390444606211128e-01 9.664088136388446215e-02 -7.789957540132235402e-05 9.953192187389600099e-01 7.344839059040303653e+01
9.949770351995599338e-01 1.893542806015630076e-02 -9.829662987286670595e-02 -5.030051606534414077e+00 -1.843034418318469439e-02 9.998118142156028343e-01 6.043931638734876405e-03 -9.185501900555747001e-01 9.839258422857562192e-02 -4.201932803863108259e-03 9.951387121357350152e-01 7.410672697709694035e+01
9.949558980302256606e-01 1.553393825468080830e-02 -9.910366382715683764e-02 -5.101054626699813355e+00 -1.517601794848934260e-02 9.998752474615041352e-01 4.364461240708445398e-03 -9.550445068101038881e-01 9.915910566454846919e-02 -2.838447871268903831e-03 9.950674491006006317e-01 7.472967231464596694e+01
9.950337312207412355e-01 9.071585549387308281e-03 -9.912445982729913008e-02 -5.158957453806718441e+00 -9.239177493085479892e-03 9.999564944544870881e-01 -1.231791398181112090e-03 -9.529719772216118656e-01 9.910898105560470017e-02 2.141501865962494502e-03 9.950741867427044252e-01 7.532668646605624474e+01
9.951537503301294274e-01 5.611687790281593390e-03 -9.817128228779371801e-02 -5.217276364001032896e+00 -6.261068275772351845e-03 9.999604389415417405e-01 -6.307938066774459139e-03 -9.709884315820069833e-01 9.813200827631046730e-02 6.892024529523368796e-03 9.951494471678873355e-01 7.593643781778311563e+01
9.954472322757971225e-01 7.065158828793183590e-03 -9.505245851560500947e-02 -5.288040062008815489e+00 -7.762226152491322195e-03 9.999455469181373068e-01 -6.965741451164781869e-03 -9.810571466648927430e-01 9.499807627157765000e-02 7.671845903171931394e-03 9.954477994591283130e-01 7.651114474802571408e+01
9.958130195829769660e-01 1.217529777444622055e-02 -9.059950795452534344e-02 -5.366362468677618125e+00 -1.269187623980988673e-02 9.999062417759855270e-01 -5.127812330307689875e-03 -9.881462575195257836e-01 9.052858830146678915e-02 6.256219260624023594e-03 9.958741122580050398e-01 7.706694615017140393e+01
9.962072867008709975e-01 1.225671714511876974e-02 -8.614460870891683941e-02 -5.407793534391293733e+00 -1.244600536169778240e-02 9.999211018793471295e-01 -1.660568992218823450e-03 -9.939481383555127669e-01 8.611746609101125771e-02 2.726426572547296142e-03 9.962811659199649617e-01 7.762831460818730989e+01
9.966857760570829727e-01 9.082934140771239256e-03 -8.083961312392927423e-02 -5.431952660508847508e+00 -8.898407692999706770e-03 9.999568518018886465e-01 2.642609406105358733e-03 -1.003206108912833461e+00 8.086013450297671601e-02 -1.914507805924743579e-03 9.967235254167408076e-01 7.818135914803904996e+01
9.973586120615446360e-01 3.126035099852359118e-03 -7.256794046555840871e-02 -5.458715411186936706e+00 -2.723769296030571600e-03 9.999803117286402143e-01 5.641607124004156641e-03 -1.019754724865404194e+00 7.258415387062693014e-02 -5.429047418554637343e-03 9.973474212537875028e-01 7.869671896940404565e+01
9.980802390449886596e-01 3.232724436673762008e-03 -6.185034569530729193e-02 -5.502016274317049316e+00 -2.859634424727995183e-03 9.999771207342929014e-01 6.119721702925334100e-03 -1.048466063995822983e+00 6.186871956671188832e-02 -5.931104193974493129e-03 9.980665789230575013e-01 7.922153663793275769e+01
9.988436004063218077e-01 9.158405143121892480e-03 -4.719814731259244778e-02 -5.508283597441296031e+00 -8.895574206744218809e-03 9.999436885225657656e-01 5.775729439000338097e-03 -1.052894170757383119e+00 4.724839062917709359e-02 -5.349196050667622514e-03 9.988687540753513616e-01 7.970796211999173408e+01
9.994598834324540659e-01 1.613907207004160876e-02 -2.862781031293001877e-02 -5.529112848104351663e+00 -1.597652325858670355e-02 9.998549085470621600e-01 5.897719032632537349e-03 -1.043711924715956307e+00 2.871884382162513336e-02 -5.437160968210574992e-03 9.995726473126685940e-01 8.019586633045609858e+01
9.998436025920812709e-01 1.627351255024412843e-02 -6.929866043752159685e-03 -5.510366551264537449e+00 -1.623236400947742145e-02 9.998504578947110533e-01 5.953380408185909856e-03 -1.042030869793546755e+00 7.025714190706120778e-03 -5.839961450920075001e-03 9.999581721341368468e-01 8.067146399660424549e+01
9.997628534102742659e-01 1.029233554884699184e-02 1.919335009281565238e-02 -5.486962685782601490e+00 -1.042904357213992814e-02 9.999207956278024501e-01 7.036194392617011774e-03 -1.066265880219145590e+00 -1.911941067299740768e-02 -7.234694250542348867e-03 9.997909377285919552e-01 8.115434373509690147e+01
9.987602652037538276e-01 9.216519865082813817e-03 4.891899536969356033e-02 -5.454072752494020904e+00 -9.667595939217748027e-03 9.999127697530385550e-01 8.992273337408308170e-03 -1.096386079778302047e+00 -4.883185226378004146e-02 -9.454054467664715911e-03 9.987621754521482931e-01 8.160924764285668687e+01
9.966164960506804782e-01 8.542349294693033293e-03 8.174758248778549174e-02 -5.396568134568583197e+00 -9.381995582141250747e-03 9.999069883735984821e-01 9.892586366121228908e-03 -1.076111021857493855e+00 -8.165547678841465762e-02 -1.062607024274122430e-02 9.966038743254803656e-01 8.204897428317316610e+01
9.927844300213868323e-01 8.605524757400968144e-03 1.196039241072293230e-01 -5.347892145494244076e+00 -9.962988787614899394e-03 9.998924495990385575e-01 1.075632810878980952e-02 -1.090013349528450082e+00 -1.194985029696554873e-01 -1.187032758401402287e-02 9.927633235835338077e-01 8.247829610833312586e+01
9.869005820027656473e-01 8.470505367353877921e-03 1.611073198038393550e-01 -5.257540722381669696e+00 -1.029694372483133495e-02 9.998917359339237754e-01 1.050523047572172151e-02 -1.086036904985596241e+00 -1.610009019159835963e-01 -1.202653101122417266e-02 9.868808880369164260e-01 8.292802397096706102e+01
9.784240988682860740e-01 8.333894204102711839e-03 2.064386192273341136e-01 -5.142111592562499389e+00 -1.070485961108682930e-02 9.998888558700598228e-01 1.037074709465339063e-02 -1.092965623599568170e+00 -2.063292578825876022e-01 -1.235688522013608272e-02 9.784044981151809317e-01 8.333788261171490319e+01
9.668741468764667779e-01 8.200497555752261220e-03 2.551219464241751833e-01 -5.021588243950324326e+00 -1.081348974194235035e-02 9.999023812837263270e-01 8.841201978660876218e-03 -1.101103632124131648e+00 -2.550245544688943267e-01 -1.130708809387880563e-02 9.668683708340827243e-01 8.374090987475972270e+01
9.514650934128736637e-01 8.148621888090889012e-03 3.076488967852676892e-01 -4.854471236209151108e+00 -1.084195106046475371e-02 9.999163324153681476e-01 7.046330798644196737e-03 -1.110541887412752171e+00 -3.075657570636192162e-01 -1.003985202377398987e-02 9.514737676281195267e-01 8.411798913686033075e+01
9.316986418996909824e-01 7.858207141614408434e-03 3.631472870052773749e-01 -4.694224991494531984e+00 -1.052124948087731007e-02 9.999302417570612445e-01 5.355879111297881523e-03 -1.118471227235416476e+00 -3.630798889114324468e-01 -8.810828471658940786e-03 9.317162618087956316e-01 8.449151036261804393e+01
9.076496555705350078e-01 7.787035363419281091e-03 4.196564329972613527e-01 -4.461690532435476975e+00 -1.028479624476569265e-02 9.999402378912791711e-01 3.689732341369739588e-03 -1.122015420279978137e+00 -4.196026470964729915e-01 -7.665065185759628585e-03 9.076754376634033061e-01 8.485422750423813909e+01
8.788599067857187919e-01 7.805962186928054256e-03 4.770161226799950471e-01 -4.230076401743992243e+00 -9.619309615585576803e-03 9.999527446685554377e-01 1.359347114747921567e-03 -1.108954490436531826e+00 -4.769829996035689912e-01 -5.783241491084350865e-03 8.788934030102061312e-01 8.518638706411680062e+01
8.457396139154895742e-01 7.195676029262795120e-03 5.335473457819168708e-01 -3.966838839152556417e+00 -8.013310980522587654e-03 9.999675208694005502e-01 -7.839404172503945060e-04 -1.128727885216029847e+00 -5.335356908155237665e-01 -3.612471432974093122e-03 8.457697475876143622e-01 8.550084502932615749e+01
8.092213030825519127e-01 6.601708889847564959e-03 5.874668794944795103e-01 -3.682622194417815464e+00 -6.779159197346098543e-03 9.999751529998675004e-01 -1.899181458960638160e-03 -1.147013622869293981e+00 -5.874648573047812627e-01 -2.445673515858437768e-03 8.092458942979506853e-01 8.580662203466593496e+01
7.694780810938635085e-01 6.248161548243737207e-03 6.386426772715771971e-01 -3.394668427694429891e+00 -6.384436750156406021e-03 9.999773685513129173e-01 -2.090898979721698622e-03 -1.165986883687903486e+00 -6.386413282707597006e-01 -2.468472925846653451e-03 7.695005043393722266e-01 8.607406888258792321e+01
7.268240112555146570e-01 6.072305885594356592e-03 6.867969141297979307e-01 -3.088904211171867420e+00 -7.488062840079153133e-03 9.999714790772114004e-01 -9.167633180695815417e-04 -1.176510427122266833e+00 -6.867829362325859055e-01 -4.476452831579801235e-03 7.268487009860371550e-01 8.632053699282394632e+01
6.816558231271676593e-01 5.739839649616113558e-03 7.316504643626314808e-01 -2.783863112228453840e+00 -6.939796444163859150e-03 9.999749033569892420e-01 -1.379270961382570056e-03 -1.162169154620359857e+00 -7.316400654798372871e-01 -4.137317166366638946e-03 6.816785019184443684e-01 8.654143397741592025e+01
6.351065568326940136e-01 1.245187119789527286e-03 7.724235313050114016e-01 -2.461789416564772903e+00 -1.895695887284674312e-03 9.999981369920103447e-01 -5.336043763326203085e-05 -1.156095637540008436e+00 -7.724222077277558274e-01 -1.430390590310546021e-03 6.351076900929801816e-01 8.673214546779773571e+01
5.884049572954984653e-01 -3.615510582426329335e-04 8.085663043711011078e-01 -2.123815879120384942e+00 2.242346691127106162e-03 9.999967194988215180e-01 -1.184638383623301755e-03 -1.203967088096830951e+00 -8.085632749879702041e-01 2.510132898633369095e-03 5.884037969649072997e-01 8.693117809277862307e+01
5.417085876255335330e-01 1.236777430427112511e-04 8.405663428557162975e-01 -1.781812520866021377e+00 1.954034931625480212e-03 9.999970370980300061e-01 -1.406427396649418630e-03 -1.227904758459108514e+00 -8.405640798565325866e-01 2.404369647220071758e-03 5.417067033724706215e-01 8.710783551354985832e+01
4.940585983971905737e-01 1.688802432098803017e-03 8.694269541383311539e-01 -1.456349488534001813e+00 -7.593200870101480702e-04 9.999985054939268814e-01 -1.510940136445689712e-03 -1.207764118338026105e+00 -8.694282619694052583e-01 8.631958457285713270e-05 4.940591081158970943e-01 8.724169236584576481e+01
4.483678538549052406e-01 6.603286754184702415e-03 8.938247242598821307e-01 -1.094493602206696004e+00 -2.909099380618798258e-03 9.999781316400376818e-01 -5.928227675465096505e-03 -1.197452057990832985e+00 -8.938443807346455605e-01 5.780176284593179306e-05 4.483772273212370263e-01 8.739856404619855823e+01
4.058815505541357171e-01 3.769633076853144606e-03 9.139178985768149355e-01 -7.334913446987955110e-01 4.301284746366427700e-03 9.999724747396641078e-01 -6.034832961594131101e-03 -1.142969716991940610e+00 -9.139155503940561420e-01 6.380448234037879723e-03 4.058541361584176999e-01 8.753470325029566368e+01
3.661212646377554059e-01 -3.464351394726391392e-03 9.305606816561461381e-01 -3.568598437944299762e-01 1.783549487138671313e-02 9.998354408552642125e-01 -3.294973301808038282e-03 -1.194486375832426450e+00 -9.303961941180147743e-01 1.780336936876569104e-02 3.661227790729615350e-01 8.759649433719710032e+01
3.308539722927802407e-01 -9.707432447589592339e-03 9.436320129342588015e-01 7.995526494250004834e-03 2.502881050798641191e-02 9.996855273130741404e-01 1.508531321975636929e-03 -1.276889895837405975e+00 -9.433499709809772815e-01 2.311888236832771587e-02 3.309928702911706933e-01 8.766796097124426979e+01
2.978255975121208987e-01 -6.880859432295442085e-03 9.545954773983438280e-01 3.448247678710489317e-01 2.281197270978380098e-02 9.997397043683021733e-01 8.912567334280834766e-05 -1.317762676597451721e+00 -9.543476749655113167e-01 2.174966124918307001e-02 2.979050201308608425e-01 8.774419048044183000e+01
2.667307281793206974e-01 1.922987086776375499e-03 9.637691510890094015e-01 7.186533150541460913e-01 1.119808173128916499e-02 9.999242579983600443e-01 -5.094284439655646229e-03 -1.276960202969591229e+00 -9.637060115150447581e-01 1.215116750081068203e-02 2.666889732041448635e-01 8.784644775976687470e+01
2.379313342747490512e-01 8.576881172749075202e-03 9.712440842099357985e-01 1.098790895952635793e+00 4.370845022952659677e-03 9.999413659564444501e-01 -9.901053444821039315e-03 -1.211354147183548280e+00 -9.712721189200246297e-01 6.600928044165144462e-03 2.378798786903746632e-01 8.793383977970515275e+01
2.117813671870940884e-01 9.625795613648910690e-03 9.772696397563663817e-01 1.489919220173500980e+00 5.171639829210681466e-03 9.999263925682281284e-01 -1.096968930126809329e-02 -1.233620728903478181e+00 -9.773033603867475883e-01 7.377262184960900644e-03 2.117159826806313816e-01 8.800446040462506403e+01
1.885314855935320277e-01 1.002741972890526870e-02 9.820159269225630094e-01 1.884958994400301346e+00 1.387546158405745730e-02 9.998207966931842439e-01 -1.287309489147736054e-02 -1.257441330842975713e+00 -9.819690936428044914e-01 1.605290742830763756e-02 1.883585519923152429e-01 8.805809427660243216e+01
1.680680389127873764e-01 1.409328192553619546e-02 9.856746236096475267e-01 2.290201321720990446e+00 2.201337792522817943e-02 9.995947327729073351e-01 -1.804582869319314165e-02 -1.309217375395395067e+00 -9.855295505038945691e-01 2.473095415788696336e-02 1.676896740771887662e-01 8.809423759892054306e+01
1.490568862846960163e-01 2.157186008739161651e-02 9.885932675257246283e-01 2.715334654081887678e+00 2.470464895680105077e-02 9.993686378410253646e-01 -2.553187327124116154e-02 -1.299503111387242837e+00 -9.885199409342992904e-01 2.822855015614153182e-02 1.484298418861509927e-01 8.816194190144958043e+01
1.311486584742422856e-01 2.314553772689009747e-02 9.910924587840376221e-01 3.155755749318486902e+00 2.012148560101760172e-02 9.994592595239870647e-01 -2.600355521310126691e-02 -1.299525090235594149e+00 -9.911584652307595666e-01 2.335258321201263282e-02 1.306120094283052813e-01 8.821016147305583388e+01
1.153419726418887237e-01 2.046387797249245646e-02 9.931150018461222251e-01 3.599317778211053920e+00 1.705204931120290687e-02 9.995995869849637616e-01 -2.257794991527891509e-02 -1.308556285301519795e+00 -9.931794422258656274e-01 1.953883061107870509e-02 1.149468291908055106e-01 8.825759780874003013e+01
1.007269640944391531e-01 1.637985121535759023e-02 9.947792350953614804e-01 4.070978693603739984e+00 1.951356186847169605e-02 9.996395425399757784e-01 -1.843573738163151177e-02 -1.324379340741180355e+00 -9.947226983986118265e-01 2.126866128501914491e-02 1.003710201100491278e-01 8.828243144172692780e+01
8.709798823763251208e-02 1.382899486855360821e-02 9.961037327402946229e-01 4.562620928462895797e+00 2.108642899373949775e-02 9.996539651830934625e-01 -1.572205241237747617e-02 -1.352375599958983265e+00 -9.959765307174422988e-01 2.237362900273678554e-02 8.677623916575560870e-02 8.833385506760060935e+01
