1.000000039978027555e+00 -3.858921975092322307e-10 7.909684333397999829e-10 6.893855816064720088e-10 -3.858921975092322307e-10 9.999999352479276293e-01 -2.439174455454972972e-10 -3.575088780571888947e-09 7.909684333397999829e-10 -2.439174455454972972e-10 9.999999059029299753e-01 -2.749857069828109957e-08
9.989837462564670201e-01 -9.405475721247458188e-04 4.506295420099910159e-02 4.407753649106667393e-02 1.003843161349532182e-03 9.999984764177354268e-01 -1.382011910805797583e-03 -2.431737424779219919e-02 -4.506158703423151363e-02 1.425843046488757711e-03 9.989830991322526943e-01 9.260949878455519979e-01
9.953364415442963464e-01 -4.777371793852791537e-03 9.634637365970787071e-02 1.094969612861675448e-02 5.417104996304580346e-03 9.999649133501825604e-01 -6.379462252894395335e-03 -3.834241855900406837e-02 -9.631252079106336628e-02 6.871628951876583048e-03 9.953273290485362690e-01 2.451703728267945692e+00
9.894722796310695401e-01 -4.889384325424159065e-03 1.446401712585119181e-01 1.421669928723930387e-01 6.355538118908243481e-03 9.999329217871726350e-01 -9.676236791613572821e-03 -1.381928194238463414e-01 -1.445831660162274490e-01 1.049363334557613589e-02 9.894369136764497030e-01 3.533739737122678637e+00
9.819020541124868773e-01 -3.728406745538300881e-03 1.893529259280477828e-01 3.070521369511561849e-01 6.223318054133595428e-03 9.999013981430588949e-01 -1.258311568864296272e-02 -1.162416745680082547e-01 -1.892873511147606935e-01 1.353378967000734567e-02 9.818283717441328440e-01 4.514545553471309702e+00
9.719683339167787262e-01 -4.755506038311907088e-03 2.350638550187416909e-01 5.694158630607676352e-01 8.000942173301765770e-03 9.998852980303383209e-01 -1.285481251395186736e-02 -1.288916302346934661e-01 -2.349757752781762299e-01 1.437520204430671120e-02 9.718948283882523631e-01 5.404752681143223825e+00
9.600202279117575621e-01 -6.316536363024809198e-03 2.798594884046833320e-01 8.446956047393148204e-01 1.049481499443588595e-02 9.998546187050254552e-01 -1.343394256315884501e-02 -1.855264270375844848e-01 -2.797339626865397166e-01 1.583392914839372445e-02 9.599468832614459490e-01 6.379703238986962788e+00
9.460059913044162050e-01 -9.537785192457817057e-03 3.240088909801970285e-01 1.169159206172247112e+00 1.564248062261750991e-02 9.997456596439254772e-01 -1.624190051372584320e-02 -1.840133073475253567e-01 -3.237715901654091843e-01 2.043323682080427570e-02 9.459145128493008370e-01 7.356690465995402661e+00
9.302943138994843597e-01 -1.092689658283872364e-02 3.666512715458060123e-01 1.521607717449491082e+00 1.858126066410888816e-02 9.996766796953749923e-01 -1.735348213361615974e-02 -2.924535914935125214e-01 -3.663431283036507891e-01 2.295668734891224971e-02 9.301965018870166357e-01 8.262302568625006671e+00
9.125892698243772694e-01 -1.156904275969372793e-02 4.087138852506995157e-01 1.937347174425776863e+00 2.073443011724101712e-02 9.996228843976474598e-01 -1.800119217740382693e-02 -2.867165821082853228e-01 -4.083515213183457337e-01 2.490214300331579367e-02 9.124849324231949499e-01 9.143318341773897018e+00
8.925238783646799456e-01 -1.163247003051192351e-02 4.508501586181215548e-01 2.374824476001215157e+00 2.174081843838066019e-02 9.996147848039192985e-01 -1.724787936878094050e-02 -3.243859174937107070e-01 -4.504758766184472352e-01 2.519599432506677839e-02 8.924329021549975982e-01 1.002318037147572305e+01
8.700618235858331717e-01 -1.212031751435181659e-02 4.927936374511102668e-01 2.840106671909423230e+00 2.290708705640700366e-02 9.996117465403312474e-01 -1.585850163476677441e-02 -3.749425340949094076e-01 -4.924101290648611462e-01 2.508634232711674794e-02 8.700015999280591439e-01 1.089614096994799297e+01
8.455319250234081263e-01 -1.235271148717907892e-02 5.337819936540959542e-01 3.367859595135505923e+00 2.428061674129891601e-02 9.995875848104809336e-01 -1.532913834086830837e-02 -3.935950743249616024e-01 -5.333725306441120528e-01 2.592183057133112117e-02 8.454830876539327633e-01 1.173080099279573218e+01
8.192692006769234370e-01 -1.255963794838209878e-02 5.732715490483445420e-01 3.934724573838135786e+00 2.562990740216633187e-02 9.995629238313777920e-01 -1.472887277853298683e-02 -4.190251889442880850e-01 -5.728360322195148457e-01 2.675980724422461626e-02 8.192329631969427206e-01 1.254405888374048672e+01
7.917338653672002513e-01 -1.403505612223798771e-02 6.107049486771077840e-01 4.537535131732237659e+00 2.896813434067169873e-02 9.994738534304582478e-01 -1.458540583222793854e-02 -4.631972496040212550e-01 -6.101789596501741020e-01 2.923874135184099249e-02 7.917238118133240743e-01 1.329962126574223902e+01
7.624509722904430076e-01 -1.426879808354522203e-02 6.468886618860727467e-01 5.158175009519154308e+00 3.076940685514355928e-02 9.994252699642066640e-01 -1.422124925389821673e-02 -4.994328897035186787e-01 -6.463139960715641452e-01 3.074738432752038841e-02 7.624517584103723822e-01 1.405074495851945571e+01
7.314112713083923412e-01 -1.646145069616327880e-02 6.817379197768255183e-01 5.821360532885348604e+00 3.541562369101297625e-02 9.992763896772260956e-01 -1.386727199093836654e-02 -5.072931170832012393e-01 -6.810163747284817548e-01 3.428685111608122810e-02 7.314649563937677401e-01 1.476794493906337635e+01
6.989715301533196978e-01 -1.632030640255101306e-02 7.149632576795561523e-01 6.514571988579130668e+00 3.598722319430212174e-02 9.992755990441963831e-01 -1.237204616059316836e-02 -5.845712895966556077e-01 -7.142434671931570112e-01 3.437724883996247371e-02 6.990524685526724458e-01 1.542616581471448001e+01
6.643546564189860559e-01 -1.573249276808560623e-02 7.472518886087909928e-01 7.220181147201294003e+00 3.800488520059673581e-02 9.991961211879295535e-01 -1.275189093365104720e-02 -5.682614296344596916e-01 -7.464506169230707977e-01 3.687099875821542305e-02 6.644184613038113252e-01 1.605899824419746125e+01
6.282490793466266599e-01 -1.576757207795993071e-02 7.778524780219274737e-01 7.980759493229923507e+00 4.183649315453065454e-02 9.990326678688807860e-01 -1.353909223511403845e-02 -5.988577158190332428e-01 -7.768866070511504240e-01 4.104854035324657924e-02 6.283009701854592732e-01 1.668071722421047909e+01
5.910881007140197374e-01 -1.522604655853701007e-02 8.064632776507082434e-01 8.753282178647189937e+00 4.326272025621761413e-02 9.989810474934719409e-01 -1.284812997829968932e-02 -6.616719196118150403e-01 -8.054459548934164159e-01 4.248417013699423012e-02 5.911444892187377453e-01 1.724216168021948192e+01
5.530447049416480354e-01 -1.428749814307738938e-02 8.330290567371986254e-01 9.550001251808268421e+00 4.632299911164321909e-02 9.988335600457290964e-01 -1.362239937578152080e-02 -6.778709199040301447e-01 -8.318628013756085293e-01 4.612219818588621928e-02 5.530614129181983252e-01 1.777775624098524787e+01
5.141707009318812194e-01 -1.248701394672172352e-02 8.575969605967669329e-01 1.035848408530143239e+01 5.037985479915378650e-02 9.986072050746365170e-01 -1.566495852119053830e-02 -7.036776558671758997e-01 -8.562069500064387606e-01 5.126007095624861287e-02 5.140836248929467889e-01 1.824119617745757793e+01
4.747579581248854708e-01 -1.147871946395453979e-02 8.800415313900400438e-01 1.121979770251785524e+01 5.271480809456443456e-02 9.984905676446820255e-01 -1.541447623729969366e-02 -7.389034287332472140e-01 -8.785362859498048183e-01 5.370936352988024687e-02 4.746464086835837648e-01 1.869144368385977728e+01
4.358229652462895509e-01 -1.294257334441557480e-02 8.999393339231060995e-01 1.210006986920324401e+01 5.758130509743523279e-02 9.982490813451627698e-01 -1.352906853927204195e-02 -7.395172289684740496e-01 -8.981885698997255085e-01 5.771595780282062077e-02 4.358050947300016187e-01 1.911135935071166259e+01
3.981686839770576802e-01 -1.384438678903751781e-02 9.172077189956521215e-01 1.297550827990518840e+01 6.188543256139348442e-02 9.980134271759487641e-01 -1.180098567909413851e-02 -8.039836566062316114e-01 -9.152223003282748959e-01 6.146057692075677231e-02 3.982344311377079005e-01 1.950588623521251463e+01
3.625691847159467907e-01 -1.227156794496755271e-02 9.318760427055148288e-01 1.388716448887809918e+01 6.394887137955562739e-02 9.978840531730893693e-01 -1.174006590737451151e-02 -8.382216148608967465e-01 -9.297602332039807127e-01 6.384900478589343453e-02 3.625867353735020560e-01 1.986190674029783665e+01
3.286500572945285636e-01 -1.205967074574738722e-02 9.443747482054957176e-01 1.481160759168270324e+01 6.459740596829306736e-02 9.978638300824695939e-01 -9.737691687738001672e-03 -8.441186919687539980e-01 -9.422400304544886751e-01 6.420444939084483937e-02 3.287270055757996468e-01 2.017986230557404426e+01
2.956826715583977805e-01 -1.329846230818597375e-02 9.551936278600503538e-01 1.575209414921840967e+01 6.635053984420993811e-02 9.977741652533428374e-01 -6.647700538278495004e-03 -8.423245508443646390e-01 -9.529791817791771757e-01 6.534322014852619875e-02 2.959068704215787049e-01 2.042600763157097532e+01
2.622828227758416952e-01 -1.350119472833537400e-02 9.648965717302120382e-01 1.671936023129466875e+01 6.798547103430714611e-02 9.976760063933768352e-01 -4.520279183508144755e-03 -8.893215938721382718e-01 -9.625931910540750369e-01 6.678453689591493103e-02 2.625911460387361784e-01 2.068984045162883234e+01
2.296594009991839158e-01 -1.154988565149981175e-02 9.732025035888909326e-01 1.770764480093159676e+01 6.624498403778923683e-02 9.977961223505601440e-01 -3.790938866309000437e-03 -9.370632391535900219e-01 -9.710139619854624149e-01 6.534040651897317364e-02 2.299183658170403932e-01 2.092500802307041852e+01
1.980837236493452058e-01 -8.850321200099363697e-03 9.801451227734405691e-01 1.866773590776787017e+01 6.562119308139524598e-02 9.978354837345079220e-01 -4.251742736681147702e-03 -8.971167694274885251e-01 -9.779860164780711518e-01 6.516049085625090498e-02 1.982357230884313759e-01 2.114286252524861354e+01
1.673965921346578511e-01 -8.570520526878833839e-03 9.858523606636062642e-01 1.967026880131690092e+01 6.643028980725607102e-02 9.977876020684096625e-01 -2.605506163361651084e-03 -9.131436872436787811e-01 -9.836489958659513366e-01 6.592660833151385569e-02 1.675955747909282090e-01 2.131982903617015879e+01
1.367726076949786485e-01 -8.996249945114090721e-03 9.905615931794947704e-01 2.068224944375839769e+01 6.867845776833597649e-02 9.976386931297825944e-01 -4.223102889942278136e-04 -9.370173762834539399e-01 -9.882188378908776105e-01 6.808800039902725143e-02 1.370674846521148516e-01 2.145635565980562376e+01
1.058852615917550283e-01 -9.681780837952538160e-03 9.943311933437504191e-01 2.172296554009988157e+01 6.816905493516754733e-02 9.976706989868933118e-01 2.455048104571712440e-03 -9.799900636022679246e-01 -9.920389300368565033e-01 6.752266173848975317e-02 1.062986134102713726e-01 2.157338625683092204e+01
7.597809029033646133e-02 -9.230558857222513278e-03 9.970667346578732104e-01 2.278085800041860765e+01 6.881194769683979251e-02 9.976215965058174984e-01 3.992114246722584803e-03 -9.475114932172121751e-01 -9.947322214313131239e-01 6.830678816265665920e-02 7.643255115388003507e-02 2.163536358131401016e+01
4.860872322980321764e-02 -8.869581144765858668e-03 9.987784883735720820e-01 2.387199145638196640e+01 7.022976803235185528e-02 9.975159409899858609e-01 5.440414360821427611e-03 -9.444869815075045416e-01 -9.963457823494110688e-01 6.987952728678865910e-02 4.911088149827726179e-02 2.169870527430680340e+01
2.326637804522393646e-02 -8.525552476452499459e-03 9.996929211534905102e-01 2.495770230990466132e+01 7.473627205727778611e-02 9.971803241386177907e-01 6.764747538564123627e-03 -9.492460628979785264e-01 -9.969318489281946416e-01 7.455592810377090207e-02 2.383794073981691450e-02 2.172246205071771641e+01
4.505343302392927191e-04 -8.159534593153282972e-03 9.999665818924510230e-01 2.601553512221097719e+01 7.958253732427171545e-02 9.967953232554518372e-01 8.097801070585835745e-03 -9.643184361633906354e-01 -9.968281511256815719e-01 7.957622644260860245e-02 1.098446884606427273e-03 2.172509909422355179e+01
-1.986537010544766127e-02 -8.259410476322314940e-03 9.997685207674360530e-01 2.713844627882371086e+01 8.516943797815620942e-02 9.963170017277203083e-01 9.923209483777369402e-03 -9.742829192157212992e-01 -9.961683994816279419e-01 8.534684797856323391e-02 -1.908875533047197162e-02 2.169906271607673531e+01
-3.769540349911012361e-02 -8.647420526415604963e-03 9.992518324683308251e-01 2.826392183521894097e+01 8.971623805843499666e-02 9.958949748298712157e-01 1.200279129085857384e-02 -9.845149438431926026e-01 -9.952537362888242978e-01 9.010156188407014710e-02 -3.676484635350092678e-02 2.166115958595174718e+01
-5.336208371914342302e-02 -8.745512704655702269e-03 9.985369047828280831e-01 2.940544837100296860e+01 9.269238388912753868e-02 9.956008407407371807e-01 1.367330244050256674e-02 -9.771714405022855487e-01 -9.942638264754847244e-01 9.328639843240989216e-02 -5.231668938948751124e-02 2.158206776317395281e+01
-6.781510868128193259e-02 -9.166798297276261207e-03 9.976557659034971381e-01 3.054225259261720637e+01 9.459596992220729861e-02 9.953938206667254374e-01 1.557612278386971173e-02 -9.786878193304544560e-01 -9.932032321868968783e-01 9.543050761789989567e-02 -6.663559335735183553e-02 2.149163897794095135e+01
-8.135612291121235851e-02 -1.001048684692921499e-02 9.966347967361103288e-01 3.167168784199921205e+01 9.514875873768373349e-02 9.953044852948044197e-01 1.776419484334205295e-02 -9.776882503128219160e-01 -9.921329760618228244e-01 9.627378614616709240e-02 -8.002162311879357226e-02 2.141876147403030117e+01
-9.357280242003482296e-02 -9.632222443395179259e-03 9.955658179408811703e-01 3.282490267611122192e+01 9.555869622421245269e-02 9.952497422326761489e-01 1.861068306463410996e-02 -9.675377457820327765e-01 -9.910159502984029478e-01 9.687642161874171487e-02 -9.220785850253894467e-02 2.131109286313978401e+01
-1.049792747852137664e-01 -7.032831389729102094e-03 9.944495152323760134e-01 3.397176269529856540e+01 9.595869733930104117e-02 9.952371824091563735e-01 1.716830007205848857e-02 -9.574229287659686838e-01 -9.898339396675424062e-01 9.722839201422889266e-02 -1.038044091380437850e-01 2.121187724827949239e+01
-1.152504379329180872e-01 -3.799775592317162793e-03 9.933291729051206831e-01 3.513644705739355345e+01 9.598334839590776102e-02 9.952706951654315404e-01 1.494361238382046521e-02 -9.475943481642455923e-01 -9.886882630810618355e-01 9.706531422947371757e-02 -1.143406603923212000e-01 2.106167694527342249e+01
-1.247046030624136270e-01 -1.286984006224374663e-03 9.921930524943288754e-01 3.633197318548031518e+01 9.626906724348718858e-02 9.952652054928244896e-01 1.339062396581027631e-02 -9.392507090231183575e-01 -9.875125199993757263e-01 9.718736841768871315e-02 -1.239902470708680315e-01 2.091404818664185328e+01
-1.318155899020195809e-01 -1.787417501347569925e-04 9.912742134818648410e-01 3.758241270158845282e+01 9.615561859267174327e-02 9.952817969350370442e-01 1.296584296875834437e-02 -9.387861430793627004e-01 -9.865995621403402804e-01 9.702568172273062785e-02 -1.311764610877632908e-01 2.075815860971254168e+01
-1.380819232876511204e-01 8.642319713683538351e-04 9.904204075971717591e-01 3.881017297204780903e+01 9.654497700440946295e-02 9.952489086411390184e-01 1.259161041649754786e-02 -9.229152973678904637e-01 -9.857040117901845200e-01 9.735878553939478208e-02 -1.375093112014328656e-01 2.059725948346479285e+01
-1.432697673446713116e-01 2.307721467755820179e-03 9.896809569728183265e-01 4.006627253351256002e+01 9.711999872491818009e-02 9.952033846983133758e-01 1.173883869306083065e-02 -9.174275342154689650e-01 -9.849068122432200756e-01 9.779963023186974413e-02 -1.428066734155136741e-01 2.041435925113554717e+01
-1.475383209286205144e-01 3.875862491591730748e-03 9.890487197884253456e-01 4.136320159081775927e+01 9.657458336433170920e-02 9.952702375607207497e-01 1.050597285146137767e-02 -9.156542389008717198e-01 -9.843300986284079235e-01 9.706699793032740053e-02 -1.472147993423716383e-01 2.021860511785962800e+01
-1.517860379794622738e-01 4.718476038540167679e-03 9.884020858890782968e-01 4.265933829244725928e+01 9.640465177814570852e-02 9.952913881677144525e-01 1.005321558296277777e-02 -9.104606908980831248e-01 -9.837007122730108133e-01 9.681249297637381512e-02 -1.515262090025675523e-01 2.004342274092571330e+01
-1.550692402337544018e-01 4.060244180413479474e-03 9.878952343301293793e-01 4.398265649690474532e+01 9.617109249953847971e-02 9.953039121819460266e-01 1.100521449839593664e-02 -9.129940139866830062e-01 -9.832113716673519521e-01 9.671353052267048223e-02 -1.547314888784972475e-01 1.983968237987053840e+01
-1.571792259642432743e-01 2.113706804215459770e-03 9.875678063383597216e-01 4.533129907732561747e+01 9.660760300392295941e-02 9.952343405688637290e-01 1.324574587721374409e-02 -8.951333292204453063e-01 -9.828334608349135193e-01 9.748851093748295282e-02 -1.566343526163540001e-01 1.961147611712678440e+01
-1.591975365544824605e-01 1.557341951600969528e-03 9.872454953408743572e-01 4.672419299386260860e+01 9.784691238228060417e-02 9.950999807978903045e-01 1.420849626353694849e-02 -8.880935806357401763e-01 -9.823859098940911361e-01 9.886087730973804055e-02 -1.585698357011190440e-01 1.939455313697895278e+01
-1.614125202496733136e-01 1.774275554950033263e-03 9.868854033648053470e-01 4.809640591379234564e+01 9.942065879142403251e-02 9.949401783193149162e-01 1.447223601357001434e-02 -8.877118508430280608e-01 -9.818663253656556567e-01 1.004527932036928528e-01 -1.607721902035778028e-01 1.917279324678234786e+01
-1.624457328747129226e-01 2.023119959903864600e-03 9.867153794389091903e-01 4.952327703240237611e+01 1.002303146218592039e-01 9.948590975661633085e-01 1.446137893879388334e-02 -8.695602567161390128e-01 -9.816135787203795759e-01 1.012479783529887239e-01 -1.618133819681042140e-01 1.894770937927277998e+01
-1.627984160295455618e-01 2.920130630218147148e-03 9.866550044239753570e-01 5.094622171051512538e+01 1.009630207977622735e-01 9.947955803688997012e-01 1.371470691712929797e-02 -8.610293842369143302e-01 -9.814800528879711328e-01 1.018483984005758847e-01 -1.622459587435135797e-01 1.869746097483348279e+01
-1.630298983746355512e-01 3.430163779627326635e-03 9.866151404684490034e-01 5.239172894670376479e+01 1.010585408322030171e-01 9.947923061756187568e-01 1.324048250885443735e-02 -8.463821564340993087e-01 -9.814317977420711214e-01 1.018644770826453994e-01 -1.625275246831410225e-01 1.848725720936295858e+01
-1.622102127620518863e-01 4.629292077192894567e-03 9.867453398344921967e-01 5.388979972482506042e+01 1.006827756588687672e-01 9.948475382205239637e-01 1.188384846654480173e-02 -8.506475270498179420e-01 -9.816062222603568754e-01 1.012759374016392044e-01 -1.618405096204844906e-01 1.823346609050290823e+01
-1.609818923441821148e-01 4.577127900378821258e-03 9.869467206190229991e-01 5.537307269319901337e+01 1.001991187929408139e-01 9.948981983807539953e-01 1.172957434755046539e-02 -8.414064039381277116e-01 -9.818578903746935094e-01 1.007794369265226087e-01 -1.606192077361797144e-01 1.797891931733571980e+01
-1.594671180305036184e-01 4.007544647624960640e-03 9.871950804645412969e-01 5.688191929503806676e+01 1.003994300149312763e-01 9.948725993790391575e-01 1.217936466304339431e-02 -8.317796821064301627e-01 -9.820845903557278156e-01 1.010560277126988926e-01 -1.590518104264967703e-01 1.774207199266271928e+01
-1.587817884479685859e-01 4.528270077638916168e-03 9.873032905037639750e-01 5.840115488581252379e+01 1.014827997045275737e-01 9.947677389502415091e-01 1.175833307130382324e-02 -8.242063077484834688e-01 -9.820842809517726923e-01 1.020613073303914681e-01 -1.584105312482951278e-01 1.750742088943898267e+01
-1.573542695143278491e-01 5.119952951798064505e-03 9.875289205391355463e-01 5.994272101847776923e+01 1.011456453468022459e-01 9.948112035245681994e-01 1.095898042369107192e-02 -8.181931473486837580e-01 -9.823487884143754512e-01 1.016086884424258902e-01 -1.570556403165198622e-01 1.724441675654112416e+01
-1.566931093069506287e-01 5.868087356453482312e-03 9.876298820780188281e-01 6.154109844744267832e+01 1.018574955324026421e-01 9.947461292415423761e-01 1.024990051950509795e-02 -8.109377178152079590e-01 -9.823809189319316904e-01 1.022035911772831568e-01 -1.564675618200769835e-01 1.698781710812987811e+01
-1.557010317859528203e-01 5.510700666078576296e-03 9.877888285285809644e-01 6.314426503180179395e+01 1.010809969669016622e-01 9.948239524290347635e-01 1.038302496505985779e-02 -8.180481960923861040e-01 -9.826188327559854940e-01 1.014633234030587056e-01 -1.554521322026731767e-01 1.674878656599628712e+01
-1.547112829362921604e-01 4.299647200071587960e-03 9.879503432933609552e-01 6.475859273819523310e+01 1.020977542394505555e-01 9.947059773253971171e-01 1.165927758500914270e-02 -8.072663439861037515e-01 -9.826700449332489429e-01 1.026713292166597652e-01 -1.543312115445632515e-01 1.650201481679505378e+01
-1.539765577577456857e-01 2.828332738549294446e-03 9.880704271524569648e-01 6.639027302387989948e+01 1.050343040685788321e-01 9.943766038115104955e-01 1.352169819561459610e-02 -7.920559572142044091e-01 -9.824759357437168328e-01 1.058633101739351878e-01 -1.534077479206070183e-01 1.625090437351297368e+01
-1.533787413221910367e-01 3.816248201807363304e-03 9.881600815426795359e-01 6.805935113215758747e+01 1.083160359130679179e-01 9.940317882689729823e-01 1.297350790467684083e-02 -7.864850489347150475e-01 -9.822130867367341311e-01 1.090234390115222690e-01 -1.528766948233997447e-01 1.599624692873675968e+01
-1.527776432648155769e-01 4.885068965296590279e-03 9.882484892931190368e-01 6.970494194100635355e+01 1.081775676907559547e-01 9.940613729768886797e-01 1.180983634406294371e-02 -8.054849642420622846e-01 -9.823220221611529412e-01 1.087105926413858420e-01 -1.523987981626263588e-01 1.573906125595970096e+01
-1.518548788468352395e-01 4.921317603966283809e-03 9.883905225859084265e-01 7.138349501929916130e+01 1.080549697328407055e-01 9.940765721277743383e-01 1.165177629634850734e-02 -7.944291482424179485e-01 -9.824785844496856102e-01 1.085698829171707624e-01 -1.514871397727833024e-01 1.548859967551046779e+01
-1.520038083560576736e-01 4.381817535279269350e-03 9.883701688438513155e-01 7.306280421527833369e+01 1.078915383689798835e-01 9.940879214634898986e-01 1.218572824202131082e-02 -8.005734880892365624e-01 -9.824735150703132192e-01 1.084890509348642867e-01 -1.515779004548730435e-01 1.523165162925085525e+01
-1.514666434950277252e-01 4.021104997181936154e-03 9.884541645124661491e-01 7.476723379049282414e+01 1.082343502861065343e-01 9.940462298558917498e-01 1.254152935586975819e-02 -7.772274583687307503e-01 -9.825187687403932335e-01 1.088843134631441029e-01 -1.510000571591027518e-01 1.496678781589244878e+01
-1.515626965057301212e-01 3.995717751370950026e-03 9.884395439228486069e-01 7.650107856368248349e+01 1.088941494689866785e-01 9.939724205993626382e-01 1.267923281568005683e-02 -7.816946663963875164e-01 -9.824310473761572737e-01 1.095569779489660028e-01 -1.510842401558666337e-01 1.471393745347803517e+01
-1.511999132976471483e-01 4.064529183613884399e-03 9.884948227127757781e-01 7.824581323282785661e+01 1.102741606516506045e-01 9.938189599096620697e-01 1.278108339411261445e-02 -7.713951136989558588e-01 -9.823330114146530123e-01 1.109379313257550931e-01 -1.507135426934499978e-01 1.444887306841272334e+01
-1.516429480486873316e-01 4.664409024317738364e-03 9.884243058127762938e-01 7.999217636179497504e+01 1.104647806660703085e-01 9.938043849721124312e-01 1.225758228554860510e-02 -7.729993385102617021e-01 -9.822432988639628881e-01 1.110448457982052273e-01 -1.512186691829422447e-01 1.418782975225447096e+01
-1.519458153121078792e-01 5.521222825990985787e-03 9.883733778513901225e-01 8.175571634600332516e+01 1.100609150839298028e-01 9.938597647188639472e-01 1.136814481801006783e-02 -7.652091883547954554e-01 -9.822418306169088398e-01 1.105086162039305708e-01 -1.516204926068047132e-01 1.391465628354183792e+01
-1.529765604645468846e-01 6.060237342913763793e-03 9.882112093323298652e-01 8.353160464021330256e+01 1.092688957777795122e-01 9.939532774535949633e-01 1.081953374378217050e-02 -7.631951651680144444e-01 -9.821702652981346704e-01 1.096358784925077906e-01 -1.527137385279498938e-01 1.364196634718881107e+01
-1.545294115038655103e-01 6.511899004601399803e-03 9.879667023698572859e-01 8.533159379220893470e+01 1.086933243479665384e-01 9.940203465763551849e-01 1.044908980322686691e-02 -7.710339309675499075e-01 -9.819910243769086611e-01 1.090000727453876855e-01 -1.543131684568937456e-01 1.337221022318893482e+01
-1.559651415488017834e-01 6.135385193927045573e-03 9.877434791319634755e-01 8.713600522428221495e+01 1.078176216205835175e-01 9.941114224526719223e-01 1.084950878739942594e-02 -7.648152176222238197e-01 -9.818605730347299554e-01 1.081882937190999372e-01 -1.557082205876636205e-01 1.311995238648957418e+01
-1.565528337269730952e-01 5.669705134970208331e-03 9.876532861368951810e-01 8.896976424297218955e+01 1.070691997059051714e-01 9.941876952554645763e-01 1.126431018738052736e-02 -7.657258135115627695e-01 -9.818489428303888156e-01 1.075107024943176559e-01 -1.562499409327620381e-01 1.282339382244150983e+01
-1.571179917395013892e-01 4.865575678847859457e-03 9.875678264247369498e-01 9.080557403965215713e+01 1.057914641217373580e-01 9.943166805746751491e-01 1.193215943435442690e-02 -7.575857455742945890e-01 -9.818971700832238581e-01 1.063509991311881731e-01 -1.567397655385313615e-01 1.255020589191846447e+01
-1.585005907552934357e-01 5.576495680721016771e-03 9.873431087655079041e-01 9.266239581490404476e+01 1.055745623615003126e-01 9.943467539905113117e-01 1.133208654653915758e-02 -7.589520369287711121e-01 -9.816982858283653801e-01 1.060344549609179704e-01 -1.581932730718333679e-01 1.225730036768089448e+01
-1.611819103177558055e-01 6.294247039095804928e-03 9.869046171499946674e-01 9.453438252896708605e+01 1.046078356652511976e-01 9.944554676439562035e-01 1.074221323866331179e-02 -7.547831864027886306e-01 -9.813651422902494037e-01 1.049694024428553529e-01 -1.609466484272256692e-01 1.196546003961695526e+01
-1.652086537386068810e-01 7.043379425886405788e-03 9.862334616193770831e-01 9.642977968340865402e+01 1.044534237274135496e-01 9.944753856601875608e-01 1.039524600454663252e-02 -7.475017637547842764e-01 -9.807117482632978778e-01 1.047328422530672681e-01 -1.650316333199681740e-01 1.165335325751811624e+01
-1.698099497004965375e-01 6.583861573565026083e-03 9.854548103443450113e-01 9.832247103835562996e+01 1.027376115752264146e-01 9.946469591394251353e-01 1.105809015049667547e-02 -7.590544653198820768e-01 -9.801068893407528515e-01 1.031210433219335448e-01 -1.695773485822323901e-01 1.133974001636152629e+01
-1.744957430591272118e-01 6.019297674721319456e-03 9.846395042858593349e-01 1.002131936653949253e+02 1.012029520853469228e-01 9.947951177798239897e-01 1.185359074153958039e-02 -7.423005572927131590e-01 -9.794432851062552237e-01 1.017168218140696578e-01 -1.741966719104955374e-01 1.101427183817628830e+01
-1.794336340904885696e-01 6.661664911365461697e-03 9.837474996639996583e-01 1.021251528080860567e+02 1.000277019035513693e-01 9.949180401766335446e-01 1.150754718712704641e-02 -7.374217664391468086e-01 -9.786715386888942270e-01 1.004668388235026022e-01 -1.791880982044514459e-01 1.066837515587996599e+01
-1.839813548964183143e-01 7.987902300995153998e-03 9.828972502757833407e-01 1.040356164998409412e+02 9.993227802596578446e-02 9.949375007033851581e-01 1.061983808088456244e-02 -7.434435414458854252e-01 -9.778365670794932907e-01 1.001770096653581271e-01 -1.838481859683616104e-01 1.032320087201846270e+01
-1.891986157751335829e-01 9.724131905291533151e-03 9.818906636858507619e-01 1.059681458567791168e+02 1.001152040062974896e-01 9.949310261135742017e-01 9.437725698871591781e-03 -7.599395200743237488e-01 -9.768217754763088845e-01 1.000877849318781432e-01 -1.892130932877850447e-01 9.978104650327574987e+00
-1.939726570093834035e-01 1.027214447730902258e-02 9.809531293618724002e-01 1.079013798275175589e+02 9.869444736650120897e-02 9.950761507210370560e-01 9.095700082946191548e-03 -7.608211990226300125e-01 -9.760296952267518700e-01 9.857894035564626622e-02 -1.940313550760142391e-01 9.614987190596536948e+00
-1.992151402449258146e-01 1.008553941878402062e-02 9.799038527757083505e-01 1.098374074061752452e+02 9.733156690363169161e-02 9.952061793014195246e-01 9.544536226104485127e-03 -7.696809328514790938e-01 -9.751101711241614289e-01 9.727698982959442908e-02 -1.992417661470690105e-01 9.225578180934029149e+00
-2.046879194089182563e-01 9.458124053139074783e-03 9.787815643535749954e-01 1.117833123539892455e+02 9.554108377193637480e-02 9.953714932926851500e-01 1.036161299259331404e-02 -7.708489556651458852e-01 -9.741533293593179765e-01 9.563474480674473421e-02 -2.046441452591555576e-01 8.837369665431493715e+00
-2.101413529855013229e-01 8.993365970854642899e-03 9.776296244540233493e-01 1.137616507509080321e+02 9.492734630844097687e-02 9.954205955371151493e-01 1.124758918892164797e-02 -7.716325592052074578e-01 -9.730515727022132078e-01 9.516736591835632531e-02 -2.100327325640269915e-01 8.426830853058906001e+00
-2.155790575166587064e-01 8.737844060494178930e-03 9.764472703735413983e-01 1.157189072121240940e+02 9.464895316643291701e-02 9.954384550787767072e-01 1.198871002205417237e-02 -7.627288621802476021e-01 -9.718884701403163184e-01 9.500422316408613232e-02 -2.154226968437166490e-01 7.992173498111358576e+00
-2.208506660465419102e-01 1.027539375029826521e-02 9.752534807268206096e-01 1.177129347316897565e+02 9.550812603825190039e-02 9.953662383590538010e-01 1.114094996203335471e-02 -7.701473558181894941e-01 -9.706199741691998728e-01 9.560511494765742968e-02 -2.208086650184808986e-01 7.570879482471397637e+00
-2.269676725517916216e-01 1.098344990908539133e-02 9.738403318218287197e-01 1.196755032779607717e+02 9.432065039240727922e-02 9.954837070447869474e-01 1.075524365235610257e-02 -7.797536386962828914e-01 -9.693241170960000819e-01 9.429434252088378376e-02 -2.269785704773715496e-01 7.112450325719893662e+00
-2.327512073701549500e-01 1.133704887991326092e-02 9.724702049816328353e-01 1.216639767150544316e+02 9.531752091693403151e-02 9.953837435091639207e-01 1.120913603474823876e-02 -7.779980952503507963e-01 -9.678540176613961155e-01 9.530238543653114791e-02 -2.327573713790127008e-01 6.649955602197358928e+00
-2.385586471965045752e-01 1.114770478602979294e-02 9.710640831947852103e-01 1.236557380176456604e+02 9.492102946173976152e-02 9.954137108827755265e-01 1.189174969978027199e-02 -7.792209019265139425e-01 -9.664779998614854151e-01 9.501127857013987044e-02 -2.385226833708061212e-01 6.179790516631955555e+00
-2.439860223580409826e-01 1.195502949299690788e-02 9.697050333233142583e-01 1.256809974196193593e+02 9.459822676849106993e-02 9.954487038590748016e-01 1.152930310836724342e-02 -7.771650648442337550e-01 -9.651538483298767179e-01 9.454536186571120548e-02 -2.440064774140510706e-01 5.688460370831327495e+00
-2.493139436371454576e-01 1.237558999321123135e-02 9.683436146917318021e-01 1.276902458125936022e+02 9.308579435930851298e-02 9.955945532653527330e-01 1.124240726721368114e-02 -7.856735280983503378e-01 -9.639385599235273938e-01 9.294191996222057883e-02 -2.493675786984423659e-01 5.179315108077340746e+00
-2.535916260434814551e-01 1.197337085834667032e-02 9.672372406534708311e-01 1.296910280981788617e+02 9.361276647462069000e-02 9.955336237256384724e-01 1.221987388968167644e-02 -7.765697731923134617e-01 -9.627709449097550110e-01 9.364460808087464450e-02 -2.535798332349878947e-01 4.659545541184617612e+00
-2.571517226466523143e-01 1.154626210755631960e-02 9.663020385603111606e-01 1.317055781018688094e+02 9.602348975329648428e-02 9.952852527363531543e-01 1.366113021906610776e-02 -7.780507721240663699e-01 -9.615884964101049093e-01 9.630067341764092514e-02 -2.570480118508822187e-01 4.116958098899571539e+00
-2.602293087807590610e-01 1.235330837273358219e-02 9.654677918956442451e-01 1.337187163156514487e+02 9.779251373328344543e-02 9.951134738825408999e-01 1.362606940825324131e-02 -7.807271731522961167e-01 -9.605817439506026956e-01 9.796142120638712258e-02 -2.601657345334421056e-01 3.593286297521643746e+00
-2.639239543477391869e-01 1.250698142287817727e-02 9.644623769519415912e-01 1.357593771181822717e+02 9.753951119890197363e-02 9.951360906831527853e-01 1.378681189149130563e-02 -7.791815657565528408e-01 -9.595989506257079915e-01 9.771185502537052536e-02 -2.638601587535735482e-01 3.040962086109336937e+00
-2.673416946711904552e-01 1.239425423440598632e-02 9.635220577701225642e-01 1.377841751772857322e+02 9.660026784553214785e-02 9.952247150871063042e-01 1.400093284430468758e-02 -7.696803743507778517e-01 -9.587474968678877385e-01 9.681951830080656740e-02 -2.672623316846490793e-01 2.485654102995933368e+00
-2.710544859149772168e-01 1.286341735828481700e-02 9.624780275307907029e-01 1.398397097534421789e+02 9.567628534562030995e-02 9.953189495082043203e-01 1.364216051018168896e-02 -7.687977445191600534e-01 -9.577971969907778105e-01 9.578408757863471346e-02 -2.710163714053852035e-01 1.914731200646166087e+00
-2.754517288002886199e-01 1.346846583096244707e-02 9.612205268125703084e-01 1.418757872950510546e+02 9.438847119863374990e-02 9.954491798297204763e-01 1.310031404520156997e-02 -7.684860944444991127e-01 -9.566698063605129088e-01 9.433663659497758258e-02 -2.754694463423312256e-01 1.353743959736826596e+00
-2.798552602588559313e-01 1.350491300209759674e-02 9.599471894790849724e-01 1.439706087470831051e+02 9.362461365348945241e-02 9.955188094068693205e-01 1.328921245373469902e-02 -7.588114131393287609e-01 -9.554660758757186345e-01 9.359373721574300309e-02 -2.798655483827897639e-01 7.725993117912366426e-01
-2.847339922606358931e-01 1.375247065639096343e-02 9.585078922593431860e-01 1.460348987397582050e+02 9.374731730151608655e-02 9.955035386618943383e-01 1.356526242643192257e-02 -7.644826300763248872e-01 -9.540115049897570643e-01 9.372003129729963855e-02 -2.847429343864653073e-01 1.602994779461906494e-01
-2.892459992455119755e-01 1.449184875945582276e-02 9.571450751598638007e-01 1.481100576455398823e+02 9.395556242551665604e-02 9.954872090046376076e-01 1.332067325473146845e-02 -7.597390500336147490e-01 -9.526327005029072703e-01 9.378205176325001002e-02 -2.893022622726984516e-01 -4.313968819356553408e-01
-2.939089253939445312e-01 1.439839357375841990e-02 9.557249535599864343e-01 1.501977075537625410e+02 9.258103515586829646e-02 9.956139508605925670e-01 1.347160323501324364e-02 -7.618437097097683353e-01 -9.513391896288860838e-01 9.244142646674377573e-02 -2.939528242309611961e-01 -1.046771616829527130e+00
-2.978691831711284266e-01 1.409788986300328922e-02 9.545025702155127689e-01 1.522931558951713100e+02 9.255813088385522747e-02 9.956062518026731478e-01 1.417938961911500810e-02 -7.526750073555072973e-01 -9.501088888461350912e-01 9.257057353350504891e-02 -2.978652746932968776e-01 -1.705028392150796490e+00
-3.019040058944048588e-01 1.427464261569003599e-02 9.532314322618001823e-01 1.543643802757709977e+02 9.329679710958191374e-02 9.955306290485071985e-01 1.464054643499808871e-02 -7.468316372174679252e-01 -9.487621607910177168e-01 9.335347562754522932e-02 -3.018864424313729145e-01 -2.345319210136171950e+00
-3.060698617033615343e-01 1.471849931183466173e-02 9.518952481853990566e-01 1.564781772836948619e+02 9.412651665830656933e-02 9.954490729499458901e-01 1.487324325088331886e-02 -7.520394596820288990e-01 -9.473443924170421582e-01 9.415083188526079949e-02 -3.060623399670148737e-01 -2.998685179210069940e+00
-3.099243933738685675e-01 1.591786516181796854e-02 9.506279241941099079e-01 1.585925392802846545e+02 9.492911893592724526e-02 9.953815194997009952e-01 1.428160958896542050e-02 -7.409623810890995088e-01 -9.460101967335998729e-01 9.466848689371239189e-02 -3.100040610541585639e-01 -3.667694812477959587e+00
-3.133615898465892391e-01 1.747400885607321500e-02 9.494730810319272907e-01 1.606874655246425050e+02 9.496916369090883936e-02 9.953949462697365691e-01 1.302421769816050970e-02 -7.444488956540942226e-01 -9.448731829208570909e-01 9.425195046116272013e-02 -3.135780131800841031e-01 -4.354987575399504429e+00
-3.167422853649120018e-01 1.838002755342698150e-02 9.483335162862281953e-01 1.628055349184551517e+02 9.502172566052524694e-02 9.953973408688674418e-01 1.244495092189917482e-02 -7.403841354062631330e-01 -9.437399834971753609e-01 9.405412586864378421e-02 -3.170309085735768528e-01 -5.049889538492691621e+00
-3.199449493689738855e-01 1.919367473024538584e-02 9.472416752637130566e-01 1.649187125342691616e+02 9.514044851679298587e-02 9.953918760038062974e-01 1.196576801511089506e-02 -7.469589442107494870e-01 -9.426470627147783832e-01 9.394938133850683215e-02 -3.202966760111113365e-01 -5.765143254958186247e+00
-3.234176804720278464e-01 1.910842452270014244e-02 9.460633337668582499e-01 1.670363053578677750e+02 9.456424500851526305e-02 9.954436739507412923e-01 1.222157553987143590e-02 -7.445192841466171663e-01 -9.415192872375454103e-01 9.341643498071755536e-02 -3.237510353867640855e-01 -6.468328019878351931e+00
-3.272814113168215910e-01 1.956550641478470298e-02 9.447243135038901896e-01 1.691516369471823964e+02 9.486920914548559181e-02 9.954143032387138268e-01 1.225028248437448966e-02 -7.422237010234322696e-01 -9.401524727527297287e-01 9.363453469520825745e-02 -3.276367394384581688e-01 -7.183614599931942735e+00
-3.311039308643614620e-01 1.990318681990194127e-02 9.433843385458453579e-01 1.712928891037732910e+02 9.580709533745389306e-02 9.953197636937276549e-01 1.262694968497007388e-02 -7.373359357110519374e-01 -9.387178217431214611e-01 9.456374237403079863e-02 -3.314611297877191887e-01 -7.926235776073879968e+00
-3.346379386646618492e-01 2.045450554059241241e-02 9.421247388821728519e-01 1.734151510239017853e+02 9.843940602477638246e-02 9.950532770373021751e-01 1.336153525236718521e-02 -7.428326344648636947e-01 -9.371910664820163328e-01 9.721347264148719192e-02 -3.349960836653514407e-01 -8.666126575808256405e+00
-3.372590225690135224e-01 2.042958978584357224e-02 9.411901742975005147e-01 1.755560817446970816e+02 9.990996943363848748e-02 9.948950037000872104e-01 1.420567050024947389e-02 -7.467181537160467730e-01 -9.360952471296326571e-01 9.882526835937645304e-02 -3.375784128193139444e-01 -9.417890653766377795e+00
-3.397639756393384114e-01 1.990555197932040304e-02 9.403000429219350309e-01 1.777227435082741636e+02 9.977064461540061102e-02 9.948974868922967341e-01 1.498934617221765048e-02 -7.440755075231623161e-01 -9.352038395749595612e-01 9.890717752469893598e-02 -3.400162917053066725e-01 -1.020723679158753328e+01
-3.423414809918326474e-01 2.002427678306275063e-02 9.393621771313966917e-01 1.798784359300597657e+02 9.847305033705745780e-02 9.950314205494359410e-01 1.467657662149907984e-02 -7.364188295808327123e-01 -9.344010547968034652e-01 9.752625624825485284e-02 -3.426123580324405005e-01 -1.098535501409142334e+01
-3.455889238051953471e-01 2.197907859291833160e-02 9.381285504866855307e-01 1.820304792110231631e+02 9.788281163587615741e-02 9.951162837068939782e-01 1.274395946182146390e-02 -7.258756671292209139e-01 -9.332669573520955275e-01 9.623082780504217670e-02 -3.460525155904587424e-01 -1.176748052664371968e+01
-3.488694317500388165e-01 2.325520885215531450e-02 9.368827442883728152e-01 1.842136255983587887e+02 9.665117773343523400e-02 9.952542611004369100e-01 1.128614179522420720e-02 -7.372405553633130104e-01 -9.321741427924934431e-01 9.448820695149486026e-02 -3.494614076372646316e-01 -1.255309117723467338e+01
-3.521437986875163295e-01 2.442331011462874416e-02 9.356271741285231425e-01 1.863955926825997267e+02 9.609020532808398851e-02 9.953204646715756443e-01 1.018412630410733301e-02 -7.308636523265572560e-01 -9.310002045393134251e-01 9.349088067987783301e-02 -3.528427457860789374e-01 -1.335412200966198348e+01
-3.551801481701505336e-01 2.529387774818606799e-02 9.344555871620348064e-01 1.885637535780263647e+02 9.459594011319819029e-02 9.954749140843091038e-01 9.009711309285626732e-03 -7.401985932904010523e-01 -9.299992656496189891e-01 9.159577192050596950e-02 -3.559656009732317661e-01 -1.416663160872921523e+01
