1.000000039978027555e+00 -3.858921975092322307e-10 7.909684333397999829e-10 6.893855816064720088e-10 -3.858921975092322307e-10 9.999999352479276293e-01 -2.439174455454972972e-10 -3.575088780571888947e-09 7.909684333397999829e-10 -2.439174455454972972e-10 9.999999059029299753e-01 -2.749857069828109957e-08
9.999975233620846948e-01 -1.848077602766012503e-03 -1.271940944450873461e-03 3.464126266330368881e-02 1.850486791488999052e-03 9.999964254016479037e-01 1.896147759554280086e-03 -2.917090136606292905e-02 1.268433833914582587e-03 -1.898497187286599282e-03 9.999972992929350157e-01 1.551546544881654777e+00
9.999956515450169059e-01 -2.927092994871148199e-03 -4.571370943128503735e-04 3.126644893977665457e-02 2.928525813411470089e-03 9.999906306139149104e-01 3.167477484945579493e-03 -7.088799622233694919e-02 4.478629214991159888e-04 -3.168802812730259471e-03 9.999947849443933112e-01 3.036830403839210657e+00
9.999955257487094240e-01 -2.185694063899788851e-03 -2.061838361945427921e-03 7.996216553850628989e-03 2.192313149678106268e-03 9.999923675914760279e-01 3.213878444987530204e-03 -8.539852614570769829e-02 2.054799785800611161e-03 -3.218384622329515093e-03 9.999926157776504176e-01 4.546402830492967340e+00
9.999935407733541171e-01 -1.245654338921463279e-03 -3.383298213970735088e-03 3.530224562367014277e-03 1.255572930057860742e-03 9.999948506810958371e-01 2.931320741468371790e-03 -9.534993863058324748e-02 3.379631181477273441e-03 -2.935550157818273519e-03 9.999898861752490875e-01 6.052439998695192003e+00
9.999905294126797406e-01 -8.995320971589301860e-04 -4.267537278838564284e-03 1.591534639127847352e-03 9.129120418914727026e-04 9.999946058155076978e-01 3.134553384504917915e-03 -1.187009313020875728e-01 4.264696486630040195e-03 -3.138419949334018445e-03 9.999858871509051950e-01 7.561895123568701749e+00
9.999829829963844396e-01 -1.359236504073652388e-03 -5.680328984783646236e-03 -1.887890595402859362e-02 1.377766360974827390e-03 9.999936735913603769e-01 3.259605836688729205e-03 -1.366954950905442945e-01 5.675864423814249403e-03 -3.267376894629177818e-03 9.999784600841956639e-01 9.071977912178750714e+00
9.999698762606856750e-01 -2.424851075291602816e-03 -7.378794398992036610e-03 -2.583311286926851663e-02 2.447315162502596703e-03 9.999923288244780828e-01 3.037010627225766261e-03 -1.686912765783544765e-01 7.371375556261478175e-03 -3.054977746978821199e-03 9.999680703702346074e-01 1.059348325291218096e+01
9.999575509309228671e-01 -3.213102446396867620e-03 -8.640152930635769737e-03 -4.788467275301651338e-02 3.238535840454285011e-03 9.999903947709354313e-01 2.931338307004619555e-03 -1.900487185411190993e-01 8.630653390777188669e-03 -2.959195694746794784e-03 9.999582825368853456e-01 1.208758119350689952e+01
9.999462070434831373e-01 -3.417539984323708733e-03 -9.797110231867665192e-03 -6.504428842021563184e-02 3.446594636195900088e-03 9.999896433593274958e-01 2.950364767919967657e-03 -2.219973574979377806e-01 9.786927993042116372e-03 -2.983973101657810649e-03 9.999475605155101476e-01 1.358900257018355973e+01
9.999348813630942745e-01 -3.155554519244851194e-03 -1.097066237710171699e-02 -9.202070281244911776e-02 3.188373020327971499e-03 9.999904259959357944e-01 2.975346486930673107e-03 -2.373345599605099776e-01 1.096117076785891112e-02 -3.010131674564878006e-03 9.999352997488266670e-01 1.507679634707949035e+01
9.999322311523302087e-01 -2.095228815771892940e-03 -1.145526256445705479e-02 -1.226904152848657253e-01 2.134784694972437918e-03 9.999917328602982991e-01 3.442004944498920724e-03 -2.696803844318717003e-01 1.144795839817982705e-02 -3.466226558307148979e-03 9.999283681172280724e-01 1.656840731194261807e+01
9.999286843727237528e-01 -5.382427749206233035e-04 -1.193383349205374110e-02 -1.570905020196862178e-01 5.889062449407151062e-04 9.999907631571061106e-01 4.242320444141606250e-03 -2.830786736574345541e-01 1.193144221867921753e-02 -4.249046132442185937e-03 9.999196958456301187e-01 1.804926193164257597e+01
9.999211333987141348e-01 4.948198913212623149e-05 -1.256202408665850305e-02 -1.849603641856987779e-01 1.026105664113496416e-05 9.999886263267996345e-01 4.755796948886283418e-03 -2.975979624601643447e-01 1.256211893365359947e-02 -4.755551077486278033e-03 9.999096907980106197e-01 1.952647806496264238e+01
9.999148741855392597e-01 2.811832765214650220e-04 -1.304780559522891042e-02 -2.075949171116357739e-01 -2.144678401554450295e-04 9.999868339787570948e-01 5.114329423575443741e-03 -3.255219520506495989e-01 1.304907430021877250e-02 -5.111096015722416293e-03 9.999017002736201309e-01 2.099971045678939774e+01
9.999100691926132711e-01 4.374217921086246894e-04 -1.340679304663361035e-02 -2.441405179518691682e-01 -3.699875724623519972e-04 9.999872063140812228e-01 5.031978767236956578e-03 -3.468876789299238372e-01 1.340882507356807793e-02 -5.026566182192803052e-03 9.998973691819539322e-01 2.247760409391416303e+01
9.999084439174252825e-01 1.640035106502196575e-03 -1.343480467115044583e-02 -2.619346359288557413e-01 -1.562546733110041367e-03 9.999820317340601949e-01 5.776257459438384825e-03 -3.674305978490334801e-01 1.344403899093589601e-02 -5.754736359416760989e-03 9.998929706124799477e-01 2.395228523890983752e+01
9.999066383923077561e-01 2.103783040701317445e-03 -1.350438832689970781e-02 -2.963557372182699656e-01 -2.016361264680973254e-03 9.999768810395341934e-01 6.483993146164257308e-03 -3.801324954720884941e-01 1.351771949435447671e-02 -6.456158297864093669e-03 9.998876942616579111e-01 2.539831245684317551e+01
9.999078281106414945e-01 2.336329653078819592e-03 -1.337747193438783115e-02 -3.213008627327489930e-01 -2.260768093848731109e-03 9.999813571293759695e-01 5.660814052302605946e-03 -4.013705676135085887e-01 1.339045051920407202e-02 -5.630049188696163547e-03 9.998943995421966102e-01 2.682501896300133382e+01
9.999095790762998481e-01 2.640126076669114218e-03 -1.318875713929004712e-02 -3.462840701866294890e-01 -2.588758370303119796e-03 9.999889386489375642e-01 3.910422746766269685e-03 -4.255214311118762360e-01 1.319893770145786314e-02 -3.875926993153558115e-03 9.999052840574310652e-01 2.826288758318407446e+01
9.999129418309717909e-01 1.932760335097287322e-03 -1.305576911176881301e-02 -3.669438183571861467e-01 -1.882646696122355478e-03 9.999907529797431582e-01 3.849687231876356731e-03 -4.355316513478929563e-01 1.306309133718366010e-02 -3.824773022986392365e-03 9.999072650040020660e-01 2.970230201535136771e+01
9.999191913442238011e-01 7.582365566252468941e-04 -1.269313879913661763e-02 -3.931605268989188384e-01 -6.818533034594248575e-04 9.999815764757388203e-01 6.020986430439935304e-03 -4.644918060444435115e-01 1.269747268527317112e-02 -6.011845275763341018e-03 9.999012169986639664e-01 3.112120337884924837e+01
9.999242686704071792e-01 -1.259478222867640648e-03 -1.224543000215850240e-02 -4.126815508345956784e-01 1.347125129208782360e-03 9.999734521852728930e-01 7.151969560148034068e-03 -4.860678565874478885e-01 1.223609953938748808e-02 -7.167924265420380116e-03 9.998993502248898491e-01 3.254886680453257952e+01
9.999222364815665287e-01 -2.060179286205810010e-03 -1.230270573682908444e-02 -4.343424666295738756e-01 2.142735438525852562e-03 9.999751871706026307e-01 6.701060966843055272e-03 -5.064573717511474671e-01 1.228859746447398191e-02 -6.726901537585387204e-03 9.999017706846440312e-01 3.395059442809775163e+01
9.999259890598902745e-01 -1.929038363886488973e-03 -1.201562034900651929e-02 -4.620566652919690931e-01 1.998779987491235491e-03 9.999811464490876434e-01 5.795007840484319751e-03 -5.316525220190749801e-01 1.200421738031678606e-02 -5.818595789347771365e-03 9.999109233107665862e-01 3.531406394288902817e+01
9.999324115694593340e-01 -1.487572812358937220e-03 -1.153426811268324324e-02 -4.837244561742644611e-01 1.543664757996323191e-03 9.999869545154110861e-01 4.855758434794747030e-03 -5.439082156231858090e-01 1.152689667805114823e-02 -4.873235583512942025e-03 9.999215939627243976e-01 3.668504231918969793e+01
9.999469208108853202e-01 -6.979604913129054721e-04 -1.028340109483579477e-02 -5.109911216781298782e-01 7.405163970380483629e-04 9.999911112577595240e-01 4.135158251884760335e-03 -5.730023757511919502e-01 1.028042576019195381e-02 -4.142554114891764186e-03 9.999384800728754463e-01 3.806659978487621032e+01
9.999611291265940727e-01 -1.325406286633354748e-04 -8.820578247532750299e-03 -5.633101829770584823e-01 1.743944888732211452e-04 9.999886647833320374e-01 4.744510951136138993e-03 -5.907027795221324595e-01 8.819851578661847685e-03 -4.745865089684576758e-03 9.999497481453455405e-01 3.941271735335337212e+01
9.999727410142882356e-01 6.163196926405154104e-05 -7.388732426649421807e-03 -5.817501094779738979e-01 -1.533606632689550064e-05 9.999803051887300454e-01 6.265739471293267637e-03 -6.150225970554679122e-01 7.388975139572301516e-03 -6.265455599640696975e-03 9.999529783653017256e-01 4.072862591267563914e+01
9.999850459464647567e-01 -4.046501081946270281e-04 -5.461143236543797470e-03 -5.984689392353694792e-01 4.445692198672178213e-04 9.999731138593277446e-01 7.310568178758921655e-03 -6.407911696174409810e-01 5.458040123298937840e-03 -7.312886910208954427e-03 9.999582707826939476e-01 4.204184651063764022e+01
9.999941222975132771e-01 -2.935436474869085631e-05 -3.440124677664182281e-03 -6.133196118519039786e-01 5.665728441938623259e-05 9.999684351537241334e-01 7.937000457406865467e-03 -6.607432119191177788e-01 3.439784912735878181e-03 -7.937148886058984637e-03 9.999624899794756772e-01 4.331065825904912714e+01
9.999999222446752656e-01 -3.434707425334055471e-04 -3.427743336363696250e-04 -6.151012064118559497e-01 3.461241115460101216e-04 9.999696627067925503e-01 7.773310376355105356e-03 -6.731842490406247936e-01 3.400956369539008127e-04 -7.773428591857236593e-03 9.999696345164060807e-01 4.456067664335549239e+01
9.999925284294296501e-01 -1.098728945799584472e-03 3.716966616447514929e-03 -6.180683300715529294e-01 1.076695600064737609e-03 9.999818062694582066e-01 5.924385866606043764e-03 -6.973757798191539958e-01 -3.723406942361039747e-03 -5.920339811110677912e-03 9.999754485101121082e-01 4.584829471274562707e+01
9.999739709800825604e-01 -1.021268767038915545e-03 7.148030052175340099e-03 -6.181777272588241390e-01 9.868900818684480346e-04 9.999878738896186281e-01 4.811300641986522228e-03 -7.235244975177240745e-01 -7.152855885110718723e-03 -4.804121382394068406e-03 9.999627837448942236e-01 4.709668634004481191e+01
9.999337971451797147e-01 -9.687740522890998535e-04 1.146920925240270395e-02 -6.097635032588119008e-01 9.108705286743777520e-04 9.999867554956245463e-01 5.052686438981454295e-03 -7.342761404429861694e-01 -1.147395141934344845e-02 -5.041905254605139226e-03 9.999213666277770862e-01 4.829452206108289403e+01
9.998589977974153831e-01 -5.800845171510551858e-04 1.678475411648975776e-02 -5.992107022411529149e-01 4.959692985262720288e-04 9.999872366162556592e-01 5.015088370241303772e-03 -7.610967938987907022e-01 -1.678744856485506892e-02 -5.006056790652640628e-03 9.998464546050581658e-01 4.948281105574811534e+01
9.997345503395284050e-01 2.763038917612020869e-04 2.303980109895286885e-02 -5.928048681312921842e-01 -3.751716360018096923e-04 9.999906759604811901e-01 4.286925690306007258e-03 -7.843004207720102317e-01 -2.303840168921101120e-02 -4.294431914182352678e-03 9.997252631324751171e-01 5.069061482739034119e+01
9.995240218525593967e-01 1.749660136392984251e-03 3.080175814708415935e-02 -5.585221598162188883e-01 -1.884805476489127265e-03 9.999886581830172982e-01 4.359071992238814502e-03 -8.054439199878068445e-01 -3.079378231530434731e-02 -4.415052789610502890e-03 9.995159139135899595e-01 5.188872536187096784e+01
9.992317598174094151e-01 2.647566705305311185e-03 3.910192287839348718e-02 -5.431044112462060092e-01 -2.849987946824423992e-03 9.999827569276972250e-01 5.121905075589768333e-03 -8.205030218424482769e-01 -3.908768900334617241e-02 -5.229410492602047135e-03 9.992220062560674965e-01 5.306842062456974674e+01
9.987782464272674243e-01 4.338210859143812846e-03 4.922676196673270166e-02 -4.820316356171721606e-01 -4.623631850148869279e-03 9.999730824293826537e-01 5.685678771808757963e-03 -8.461353219241228851e-01 -4.920077283094812653e-02 -5.906338926952304537e-03 9.987713507954081305e-01 5.423433833544931559e+01
9.980382500198590190e-01 6.382123794736893445e-03 6.228161460737725169e-02 -4.401337322135138730e-01 -6.749195782152464691e-03 9.999609983085794296e-01 5.685131490105738497e-03 -8.654703327781960720e-01 -6.224290475362633662e-02 -6.094329708773216225e-03 9.980423298558155354e-01 5.537462093461363821e+01
9.969838086243755226e-01 8.881357441045322973e-03 7.710049348778294509e-02 -3.435661351643296002e-01 -9.388437213556002220e-03 9.999365370820239018e-01 6.216877284799585818e-03 -8.782187199776860798e-01 -7.704038956253789205e-02 -6.921979309001508388e-03 9.970038500743043652e-01 5.652730768522497584e+01
9.955878533014665965e-01 1.088375003184431818e-02 9.320112263683440201e-02 -2.604933990580518555e-01 -1.161814739620018605e-02 9.999054970653272756e-01 7.340715447835632554e-03 -8.891322565742706407e-01 -9.311242479340919864e-02 -8.391151621435482405e-03 9.956201473206202079e-01 5.764253618679345692e+01
9.937596029030218991e-01 1.134434905632972224e-02 1.109650207918057158e-01 -1.517013444069085226e-01 -1.233664775521117751e-02 9.998897196074202354e-01 8.259918927263666666e-03 -8.993493271873085337e-01 -1.108590857218240688e-01 -9.577310179485536146e-03 9.937898930500834727e-01 5.876009363977028244e+01
9.914378917222242960e-01 1.081608409501056550e-02 1.301306921934679839e-01 -9.535782074674183095e-03 -1.191165354328652289e-02 9.998997744369657603e-01 7.643566255010662835e-03 -9.211165952985916894e-01 -1.300349831613661633e-01 -9.128192995930966419e-03 9.914672930166693599e-01 5.986379648076627547e+01
9.885664340742367218e-01 9.909006020428890935e-03 1.504602743550154387e-01 1.508126848617020732e-01 -1.104850200380792097e-02 9.999161877931519449e-01 6.739325271428630443e-03 -9.396415833905658044e-01 -1.503808921003870480e-01 -8.324631480708730505e-03 9.885929912808422149e-01 6.094828316756223074e+01
9.852098759438515652e-01 6.904976504267746652e-03 1.712130191427942427e-01 3.210915072468857878e-01 -8.119406971172056856e-03 9.999465307568042860e-01 6.393853493565442546e-03 -9.416801686523370574e-01 -1.711597246235473657e-01 -7.689435893678031424e-03 9.852131935341554847e-01 6.202379270468811967e+01
9.811920674864308412e-01 2.239612332650792962e-03 1.930212063382423515e-01 5.518741014876807904e-01 -3.938755616591811844e-03 9.999567326801820366e-01 8.419588235275320479e-03 -9.695813485569841905e-01 -1.929940091544912750e-01 -9.021496594860909171e-03 9.811583672043968640e-01 6.305336406336150645e+01
9.762942618277716811e-01 -3.784407485267914008e-03 2.164145711239301717e-01 7.752742840878347197e-01 1.668340756170567712e-03 9.999489445462549364e-01 9.959690109260678839e-03 -9.747508787149260501e-01 -2.164412259730154331e-01 -9.362535081223083769e-03 9.762506626856711778e-01 6.409130920519902475e+01
9.707374376371996627e-01 -9.240254261011476150e-03 2.399656589469847390e-01 1.011804289070446838e+00 7.154159877438803251e-03 9.999286165255805159e-01 9.562967015783798222e-03 -9.966692842466520208e-01 -2.400369076172930161e-01 -7.566377500779964370e-03 9.707341819876663669e-01 6.511265454459400814e+01
9.640552655149644545e-01 -1.501451888307234021e-02 2.652773646027228871e-01 1.308409300863404345e+00 1.332633330182341966e-02 9.998778178770258984e-01 8.162637846665203589e-03 -1.016583241208969257e+00 -2.653675261907589844e-01 -4.334059633707351700e-03 9.641374968410248991e-01 6.609292622809866202e+01
9.563971844044525383e-01 -1.903487404401076749e-02 2.914483971830181819e-01 1.594772296716277404e+00 1.712434903423988922e-02 9.998118461084185560e-01 9.104919448279485961e-03 -1.048944503671378481e+00 -2.915668883969993463e-01 -3.717055476863275355e-03 9.565431280673868386e-01 6.706119743010785328e+01
9.476674609235590241e-01 -2.143070554561668506e-02 3.185391265869679800e-01 1.937237553800553735e+00 1.881275305289708405e-02 9.997591787481574510e-01 1.129315460248592369e-02 -1.042365632088076977e+00 -3.187044550069664806e-01 -4.709557402529568337e-03 9.478423473214289130e-01 6.803202131209285142e+01
9.377532630773849354e-01 -2.602749777507517778e-02 3.463256434170423614e-01 2.270320224689152511e+00 2.262760577892687294e-02 9.996478532400833172e-01 1.385754268743397653e-02 -1.032559007906678206e+00 -3.465643840859219948e-01 -5.158435896256752251e-03 9.380119112351196220e-01 6.896334732010024027e+01
9.265798716080522190e-01 -2.991796369456494950e-02 3.749062797193482566e-01 2.643811219903386078e+00 2.670039246990526735e-02 9.995484997177700448e-01 1.377520570190018945e-02 -1.056908204448119726e+00 -3.751491583633635996e-01 -2.753683761421842069e-03 9.269602776444829662e-01 6.987693378967219360e+01
9.142788521153377701e-01 -3.027046740048992823e-02 4.039528907825553072e-01 3.038337533952814695e+00 2.851634860921128251e-02 9.995395814748873065e-01 1.035922189633395503e-02 -1.061056857457348457e+00 -4.040805066031886161e-01 2.048043534255885017e-03 9.147210409813009147e-01 7.077221695627790155e+01
9.011113010719875582e-01 -3.039422277990211016e-02 4.325212939536220436e-01 3.459166145524250613e+00 3.109736526513676158e-02 9.995014411869667104e-01 5.449175041491130522e-03 -1.067194667061777125e+00 -4.324713066792754690e-01 8.539958789340416218e-03 9.016071618335383953e-01 7.163823967120499958e+01
8.866080895894171698e-01 -3.181507285774738680e-02 4.614259947091806646e-01 3.902547943851936818e+00 3.427882882552124588e-02 9.994076093907563463e-01 3.043481081723181832e-03 -1.088014626508831073e+00 -4.612495073326901007e-01 1.311876690890912030e-02 8.871733932142773504e-01 7.247746258353615190e+01
8.709086560725539661e-01 -3.265827390564392252e-02 4.903586424592969450e-01 4.371705643014069054e+00 3.383899843098439608e-02 9.994063478530572642e-01 6.461009352682027876e-03 -1.129766755808459422e+00 -4.902785757924278398e-01 1.096629562918947920e-02 8.714967021395584323e-01 7.332294879173997515e+01
8.529694077635621152e-01 -3.239062801384914175e-02 5.209549700577166265e-01 4.885739103086940816e+00 3.063456935438529233e-02 9.994587509179868601e-01 1.198327730501195544e-02 -1.122978117935869768e+00 -5.210611819356906205e-01 5.737861708918328904e-03 8.534999526233385536e-01 7.411281881841250652e+01
8.332440065807512619e-01 -3.259494607438070957e-02 5.519438691975988576e-01 5.393583601947402606e+00 2.941833809056050575e-02 9.994603230349177192e-01 1.461145489069546818e-02 -1.094602959383218277e+00 -5.521222918308690275e-01 4.062363713690082985e-03 8.337531553247761185e-01 7.493487708919889201e+01
8.116215939998445705e-01 -2.841489992897405781e-02 5.834920878761864493e-01 5.942139688253793572e+00 2.670869509364055469e-02 9.995767403920819971e-01 1.152632701547449436e-02 -1.124843934452607552e+00 -5.835726751847378768e-01 6.229295871175563257e-03 8.120369359632546580e-01 7.571220009186114908e+01
7.895189991012943054e-01 -2.096924904899520256e-02 6.133678104578031975e-01 6.523197528317253635e+00 2.303210902320179318e-02 9.997243931822008545e-01 4.531022116699733211e-03 -1.130417170845737118e+00 -6.132938127111893234e-01 1.054982559712971599e-02 7.897843135587303554e-01 7.645605902198572323e+01
7.670020456355235439e-01 -1.686866779279063908e-02 6.414228991827303217e-01 7.114205793518723731e+00 2.012755204217001048e-02 9.997948791495401277e-01 2.225263297488398826e-03 -1.124597116754053605e+00 -6.413289075225782065e-01 1.120349063833943164e-02 7.671841893257668188e-01 7.716278007129503180e+01
7.434289967817242495e-01 -1.936908093750246834e-02 6.685343568171349116e-01 7.738374874689131211e+00 2.133999391618790833e-02 9.997585069431031979e-01 5.234785426427936844e-03 -1.138375656458612273e+00 -6.684743455123470790e-01 1.037482723192601278e-02 7.436627483533597704e-01 7.782982648452804142e+01
7.186633272706225428e-01 -2.127060398167869917e-02 6.950328045442751845e-01 8.363723591551696757e+00 2.327988470130850848e-02 9.997076385470882176e-01 6.523413934810320773e-03 -1.156459272662157645e+00 -6.949684045717853254e-01 1.149214456257849522e-02 7.189483451803075909e-01 7.851148897054518727e+01
6.932572256397288024e-01 -2.040676647894452272e-02 7.204012729852288244e-01 9.014237586230150256e+00 2.496860989174441367e-02 9.996789657967960485e-01 4.290035308305384029e-03 -1.187079854763779752e+00 -7.202575908384312164e-01 1.501331962354304772e-02 6.935441468668692711e-01 7.912763525454658975e+01
6.668764253424218635e-01 -1.752266069735346210e-02 7.449622782411777777e-01 9.671665319361018476e+00 2.377953955851338369e-02 9.997146797050393552e-01 2.227827690994990326e-03 -1.206960260329928092e+00 -7.447888100364833397e-01 1.622917341635881153e-02 6.671027865173132509e-01 7.972600984776818223e+01
6.397767011224283484e-01 -1.520635093035468781e-02 7.684103989078846508e-01 1.037516343892352211e+01 2.220127543852841792e-02 9.997526116914938754e-01 1.299736377876697718e-03 -1.199421074630553141e+00 -7.682401161511283050e-01 1.622814909952382742e-02 6.399559838641079024e-01 8.031534873379422379e+01
6.115137255868000610e-01 -1.353474607048201113e-02 7.911180511581444863e-01 1.109604674526899792e+01 2.254359853358972599e-02 9.997457443159262214e-01 -3.215885316871271984e-04 -1.197951189554011586e+00 -7.909126025359412004e-01 1.803130271969779000e-02 6.116633242213359578e-01 8.086591900961848012e+01
5.826968278877930896e-01 -8.108509254268708374e-03 8.126491561610572623e-01 1.180202688692957125e+01 2.204232724775202421e-02 9.997399760042700034e-01 -5.829813021354090033e-03 -1.234974547548541191e+00 -8.123906284832768110e-01 2.130969126160513552e-02 5.827240027450163451e-01 8.140525816629309475e+01
5.525678811548048186e-01 9.222739626678139917e-04 8.334673800892941076e-01 1.257615778171374643e+01 2.069553854567819651e-02 9.996758128800730114e-01 -1.482681192679360417e-02 -1.251777402680891882e+00 -8.332109081754074387e-01 2.544187526844462338e-02 5.523696205141833682e-01 8.187963056148396390e+01
5.220805150242686654e-01 9.180724237116476977e-03 8.528467818191836081e-01 1.334754407740433990e+01 1.897828909222301283e-02 9.995693684255841927e-01 -2.237795260732504052e-02 -1.283391846649680090e+00 -8.526850192815952356e-01 2.786866465026970746e-02 5.216814200657161615e-01 8.235093681669374632e+01
4.895935047350281621e-01 1.403694010205850003e-02 8.718377963374778217e-01 1.415036885988257254e+01 1.614121823857231006e-02 9.995531147984960674e-01 -2.515754904885266971e-02 -1.318899431505435205e+00 -8.718013756282089188e-01 2.638949567809423941e-02 4.891481054199204870e-01 8.283253363295122540e+01
4.573857373741944676e-01 1.376573318394357613e-02 8.891618336412971946e-01 1.498744369735095638e+01 1.370745056838518564e-02 9.996521849536081916e-01 -2.252743698159450150e-02 -1.348623422208711897e+00 -8.891627333275584633e-01 2.249186935642658730e-02 4.570379269423287538e-01 8.324090172167464630e+01
4.233865980359631243e-01 1.243923924122788439e-02 9.058636897718554959e-01 1.582170638540244489e+01 1.046802865875165814e-02 9.997717416798479473e-01 -1.862136977506645766e-02 -1.379034087523937302e+00 -9.058886125192014971e-01 1.736664478334174963e-02 4.231597128750234083e-01 8.364940404404975993e+01
3.890384357686856309e-01 1.357709941342262298e-02 9.211214494308737066e-01 1.670693837634825130e+01 6.567742678317553713e-03 9.998250334173823806e-01 -1.751107657203187021e-02 -1.403080950864040055e+00 -9.211980926268867886e-01 1.286217000683814900e-02 3.888811691904597856e-01 8.401672900862000404e+01
3.536473077807421039e-01 1.590766215807415396e-02 9.352435464371776641e-01 1.758128436682263285e+01 -2.734040588094310527e-04 9.998570269267920141e-01 -1.690329705362008522e-02 -1.442877723981640825e+00 -9.353787837424771823e-01 5.722105928706889069e-03 3.536010704476401645e-01 8.435732898313803219e+01
3.182016766787362227e-01 1.850328097997911911e-02 9.478424349448862918e-01 1.845747363711883082e+01 -5.116135985565071348e-03 9.998284028150468128e-01 -1.780057805146623498e-02 -1.436627589497502688e+00 -9.480092178297844230e-01 8.148830181472456122e-04 3.182417174109749003e-01 8.468931653361350698e+01
2.818529183814899031e-01 1.776333005268551646e-02 9.592931530361846759e-01 1.936171211186028174e+01 -9.145369461304888800e-03 9.998328557654748705e-01 -1.582697891403381241e-02 -1.467695000684242634e+00 -9.594140142408082994e-01 -4.312209866112683317e-03 2.819682409653174737e-01 8.493489535262301615e+01
2.454248660880365140e-01 1.785840278580383758e-02 9.692510855739073783e-01 2.031118853766652776e+01 -8.824056102307019020e-03 9.998299717054326408e-01 -1.618747122538636077e-02 -1.492067640193889266e+00 -9.693754302228562159e-01 -4.579917731003483629e-03 2.455407034480325545e-01 8.518430099666502997e+01
2.093027643014913342e-01 1.656525782505511787e-02 9.777105385361309908e-01 2.121942456332012483e+01 -8.905630744840927968e-03 9.998472601170848018e-01 -1.503385144749311286e-02 -1.539998914180313649e+00 -9.778103057480118654e-01 -5.560502047715200867e-03 2.094183049785942052e-01 8.536238114496929086e+01
1.736234730449733310e-01 1.620125022122340455e-02 9.846788102167808310e-01 2.217484648385343604e+01 -6.002200711295187750e-03 9.998634443376046566e-01 -1.539275053162331500e-02 -1.548472528792833147e+00 -9.847937920425667846e-01 -3.237696812041401979e-03 1.736969948954575627e-01 8.553128226730528638e+01
1.395144433806519979e-01 1.468003597488812088e-02 9.901111883716722240e-01 2.309808294209792834e+01 5.277744935407210469e-04 9.998887941343623798e-01 -1.489937296790939426e-02 -1.575633265154521734e+00 -9.902198694303006032e-01 2.601233169153189823e-03 1.394911711406182919e-01 8.567596824572032688e+01
1.054241877978869674e-01 1.699525265093711560e-02 9.942820774560184871e-01 2.407192624442672724e+01 4.462159918308617780e-03 9.998357314573081966e-01 -1.756330618036622618e-02 -1.655419281834674905e+00 -9.944173052414467806e-01 6.288242798847147597e-03 1.053310270857897163e-01 8.577043688523984599e+01
7.262862816881437977e-02 2.279827601785984134e-02 9.970984242724303392e-01 2.504606271929188921e+01 6.000502302552171256e-03 9.997105600163543881e-01 -2.329507789469779933e-02 -1.649035209074751984e+00 -9.973409762060683192e-01 7.674980775839896317e-03 7.247080041184840449e-02 8.582504873590953309e+01
4.325472795431208051e-02 2.609302010116862705e-02 9.987232494631022028e-01 2.604346589949777879e+01 8.669677859419074734e-03 9.996113727933100268e-01 -2.649170732685042148e-02 -1.682191116325986169e+00 -9.990264317148966899e-01 9.804500196902203590e-03 4.301169693368392388e-02 8.585848234291275105e+01
1.746277798732518219e-02 2.440752834905017196e-02 9.995495334897414041e-01 2.703519614960307038e+01 1.157341679258631559e-02 9.996300272049956082e-01 -2.461168886159161018e-02 -1.729272203878857939e+00 -9.997805025666138823e-01 1.199799149183590832e-02 1.717383754843578025e-02 8.591495737354020434e+01
-5.400806263313149246e-03 2.154343566335238311e-02 9.997532983446718591e-01 2.802262205592499811e+01 1.407826752695030652e-02 9.996703962077545524e-01 -2.146559646257950593e-02 -1.761361169912085245e+00 -9.998862833249064774e-01 1.395886246962092965e-02 -5.702319990777954435e-03 8.589672219171873735e+01
-2.440723292358410249e-02 1.954163363802565237e-02 9.995110591984711634e-01 2.900002009017521942e+01 1.586190714087616985e-02 9.996905765134345145e-01 -1.915780885578239473e-02 -1.798507071926403134e+00 -9.995762266569288013e-01 1.538656205248254902e-02 -2.470964661680685390e-02 8.587727709069950777e+01
-4.115179324296978219e-02 2.196214923603757863e-02 9.989114775399012824e-01 2.996010724622168908e+01 1.825295721493118764e-02 9.996080122189018313e-01 -2.122550291214130372e-02 -1.837150882006271635e+00 -9.989861388718509483e-01 1.735962042889958867e-02 -4.153653353287935918e-02 8.585051644052593645e+01
-5.547211547872676896e-02 2.699231332439946951e-02 9.980952888582548255e-01 3.093819930147400044e+01 2.069988399726391259e-02 9.994506931262684413e-01 -2.587851094647590847e-02 -1.858698914618553522e+00 -9.982456138703931225e-01 1.922492035780792516e-02 -5.600037813540695991e-02 8.578269837321417413e+01
-6.753729326314107662e-02 3.152962820854531001e-02 9.972184028412043322e-01 3.194102573261764633e+01 2.346948142119421876e-02 9.992741093711352551e-01 -3.000513797476375005e-02 -1.896371637629748585e+00 -9.974406469000501874e-01 2.137773230365757129e-02 -6.822824786660273977e-02 8.570282208798005286e+01
-7.650854786662854290e-02 3.552802465772956358e-02 9.964357220284195682e-01 3.289896985144264363e+01 2.946565346734035182e-02 9.990089759149604065e-01 -3.335733582293297361e-02 -1.926874272101832375e+00 -9.966334151517400874e-01 2.680850747942265314e-02 -7.747957714336513313e-02 8.560982285951736515e+01
-8.294442828014085556e-02 4.014983928557212117e-02 9.957450270655140434e-01 3.391731182886185536e+01 3.288188379343214007e-02 9.987542189977047791e-01 -3.753215036773863839e-02 -2.001854082285769110e+00 -9.960115212784118599e-01 2.962888852200043152e-02 -8.416129420082360535e-02 8.552567451655741593e+01
-8.665677740373890769e-02 4.530500670314364237e-02 9.952075191085738570e-01 3.488686659587024508e+01 3.572390808866940382e-02 9.984642077896777046e-01 -4.234263479531561597e-02 -2.038543404307663565e+00 -9.955974851325815056e-01 3.188342458699017223e-02 -8.814215638292617616e-02 8.543748348936408377e+01
-8.919596892991493720e-02 4.901380465986449053e-02 9.948073546857090221e-01 3.590456125214659266e+01 3.573506011530714482e-02 9.983028273130545305e-01 -4.598196404170016433e-02 -2.093562365382475310e+00 -9.953728104336531102e-01 3.144809373112900097e-02 -9.079609292630379247e-02 8.534004733208443838e+01
-9.186208638329698695e-02 5.224136436207588857e-02 9.944003941376959865e-01 3.687796849364532648e+01 3.718713105950256781e-02 9.981061651106079013e-01 -4.900072463055209909e-02 -2.149115974572146648e+00 -9.950770932883092890e-01 3.247758788987010342e-02 -9.363081472808501560e-02 8.524291593142466184e+01
-9.436337007039694025e-02 5.550082850511644378e-02 9.939895167546606292e-01 3.787205910985071711e+01 3.822238791358713306e-02 9.979105323761962021e-01 -5.209116044828715486e-02 -2.213636360426336047e+00 -9.948037749921663231e-01 3.307715432616294832e-02 -9.628756838147009556e-02 8.514797526519232918e+01
-9.572444319947004399e-02 5.910110470013653361e-02 9.936517686969774665e-01 3.886416290601994916e+01 3.980430423209509877e-02 9.976646036189624756e-01 -5.550519448369717335e-02 -2.281683342589970742e+00 -9.946116808421360256e-01 3.423841230763980531e-02 -9.785336024526279652e-02 8.504123907402700411e+01
-9.825403313902210389e-02 6.072186590988533361e-02 9.933070759219533308e-01 3.988538472733075224e+01 4.074683078224686922e-02 9.975450945436764583e-01 -5.695042317920482461e-02 -2.345779390824671129e+00 -9.943268014865838111e-01 3.487850538961940333e-02 -1.004870454013321035e-01 8.493419085057321638e+01
-1.005704446783151074e-01 5.996361309809356693e-02 9.931212906395618933e-01 4.092469044711239690e+01 4.084346075203620224e-02 9.975894822481703450e-01 -5.609730111223214938e-02 -2.414796652503343299e+00 -9.940912155522421134e-01 3.492077875485510852e-02 -1.027771321850106251e-01 8.484989791652009217e+01
-1.030098618569844221e-01 5.945946315738420695e-02 9.929015499145652512e-01 4.195136770328559805e+01 4.223213532545683213e-02 9.975729714858551089e-01 -5.535778075559077971e-02 -2.496302013962401478e+00 -9.937833580050529081e-01 3.622995403697876898e-02 -1.052709467777919738e-01 8.475793071753859920e+01
-1.043205584611918701e-01 6.021460177520981255e-02 9.927191798659482647e-01 4.293682299766666688e+01 4.220524953024861609e-02 9.975342473273187682e-01 -5.607149812882679385e-02 -2.570773885070618547e+00 -9.936477673575313529e-01 3.604854947375679686e-02 -1.066046946643280785e-01 8.462233815869656439e+01
-1.065175865106342684e-01 6.217195674453304677e-02 9.923651540042602859e-01 4.396646547015117079e+01 4.046696334413632523e-02 9.974873229980676381e-01 -5.814925534700104981e-02 -2.630906299564537587e+00 -9.934869784160352824e-01 3.396408483209855528e-02 -1.087658449703323982e-01 8.451080572838027649e+01
-1.095510496868425249e-01 6.480318076944155403e-02 9.918664540603154833e-01 4.500047461021332396e+01 3.869746044368586879e-02 9.973939841874396306e-01 -6.089020776707913807e-02 -2.696759381578675896e+00 -9.932275780483861283e-01 3.171212564561402131e-02 -1.117732686890246657e-01 8.440938565447071085e+01
-1.120560808096140171e-01 6.806546006643281188e-02 9.913679818297523871e-01 4.603141387442740751e+01 3.678174896781914727e-02 9.972516987639526986e-01 -6.431191779671587005e-02 -2.773790428979384437e+00 -9.930208887519248462e-01 2.925770583673753880e-02 -1.142516756822458401e-01 8.430823831024335391e+01
-1.146444959699260135e-01 7.210499361584206401e-02 9.907862822158066685e-01 4.706243740477960102e+01 3.373633368762732343e-02 9.970695690617236151e-01 -6.865860995448000437e-02 -2.853774355581289335e+00 -9.928335445627600730e-01 2.555416410155597270e-02 -1.167410882154603091e-01 8.420561798247958052e+01
-1.171564324377155492e-01 7.466596476357348355e-02 9.903026364280530514e-01 4.810867270408547824e+01 2.997064884548902158e-02 9.969812691806460014e-01 -7.162387561770171274e-02 -2.930922697730744542e+00 -9.926611095912959426e-01 2.128881419930327146e-02 -1.190405478524055732e-01 8.408559141436994366e+01
-1.197348108456991883e-01 7.342362543791119966e-02 9.900871143714552458e-01 4.916744026515818433e+01 2.692201898126512713e-02 9.971348598066503977e-01 -7.069049927768027153e-02 -3.023867982098564777e+00 -9.924407931930251392e-01 1.819103002680795902e-02 -1.213684576397418557e-01 8.394137835565297223e+01
-1.228451300958651876e-01 6.968347257161403019e-02 9.899763812785755679e-01 5.020666199124622153e+01 2.515472518303494762e-02 9.974299400743169564e-01 -6.708669678093706623e-02 -3.088711118104811248e+00 -9.921069810977515280e-01 1.666130937390343514e-02 -1.242822707260411719e-01 8.381708385783912263e+01
-1.250910311552613507e-01 6.762841775326215721e-02 9.898376528137547981e-01 5.126736342177321859e+01 2.646031906711822021e-02 9.975466067069195253e-01 -6.481118280632285067e-02 -3.188653030800088661e+00 -9.917923339341123690e-01 1.808412193126808509e-02 -1.265735943858397605e-01 8.369210766265612733e+01
-1.267152709599587146e-01 6.785048293150715282e-02 9.896158345620142960e-01 5.232254088520949153e+01 2.708015953220414135e-02 9.975225639059560612e-01 -6.492511005094718513e-02 -3.276632757734276424e+00 -9.915693890671765098e-01 1.857195124512677278e-02 -1.282387349764796680e-01 8.357153427202810292e+01
-1.280229561500053626e-01 7.070112971377734423e-02 9.892479067217896382e-01 5.336973914201480795e+01 2.790903091393853730e-02 9.973175345930532787e-01 -6.766603016436173457e-02 -3.348663116731968259e+00 -9.913784126207194625e-01 1.894614466708984674e-02 -1.296527300155517481e-01 8.342887835049096168e+01
-1.290287007190219770e-01 7.299859594555259401e-02 9.889503260631419268e-01 5.444364190396768066e+01 2.654698788611503657e-02 9.971835964249705642e-01 -7.014273227620122786e-02 -3.438779652256326536e+00 -9.912854282074987644e-01 1.720322625663104135e-02 -1.306031876024308647e-01 8.327765098789339504e+01
-1.292165587421528206e-01 7.382419749111976404e-02 9.888645088487943990e-01 5.552487198271036561e+01 2.556741563244366300e-02 9.971413146748921985e-01 -7.110116914869139826e-02 -3.532229323060080084e+00 -9.912867075478400958e-01 1.609526108810567513e-02 -1.307346541284795383e-01 8.315857548843871427e+01
-1.291833689510996919e-01 7.263489341636494845e-02 9.889569138684444205e-01 5.658818717315018176e+01 2.232106976676614604e-02 9.972739475141393362e-01 -7.033003534390480649e-02 -3.619295256667582894e+00 -9.913694444452044729e-01 1.298910507590968905e-02 -1.304524877750472545e-01 8.301832540367981039e+01
-1.289312392554466669e-01 7.223901350017682133e-02 9.890188109970635688e-01 5.764255475729959954e+01 2.002159748193054964e-02 9.973293922519109733e-01 -7.023595513924740796e-02 -3.698619800738732533e+00 -9.914513702213050284e-01 1.074612759802208786e-02 -1.300332459128276108e-01 8.288130309055347311e+01
-1.287610737722605370e-01 7.276152275375069589e-02 9.890026767999383628e-01 5.872429218024555553e+01 1.597886189079437969e-02 9.973273102649462540e-01 -7.129363622647599819e-02 -3.796189608777397417e+00 -9.915468774477126379e-01 6.623291992299478598e-03 -1.295795726985505547e-01 8.274135790673871327e+01
-1.293513983341497975e-01 7.309068414293061478e-02 9.889013680298140985e-01 5.979000168601289289e+01 1.159768653751300400e-02 9.973229590827952240e-01 -7.219611717523805039e-02 -3.877043024902575574e+00 -9.915309666136778999e-01 2.130299515694583819e-03 -1.298527931748142406e-01 8.262450800438534770e+01
-1.296620277005429978e-01 7.238422516638925996e-02 9.889126506309517950e-01 6.088136991383674257e+01 7.328039340473191041e-03 9.973745576937735891e-01 -7.204277814138475289e-02 -3.975122571180100373e+00 -9.915311426053642352e-01 -2.094421574872344562e-03 -1.298520329594073097e-01 8.246636632154817903e+01
-1.301683687916945498e-01 6.770366421527407308e-02 9.891776168492608656e-01 6.200568858829763030e+01 7.209303583312052545e-03 9.977040716545653165e-01 -6.733856057594020394e-02 -4.054827109825942522e+00 -9.914656676206927699e-01 -1.634068559351192123e-03 -1.303575987613396492e-01 8.235816917994256414e+01
-1.304233698417702481e-01 5.968765982866751363e-02 9.896600809886433314e-01 6.308834875979766110e+01 1.014927682525362806e-02 9.982142316230788737e-01 -5.886603766122845000e-02 -4.129120596668995447e+00 -9.914064177491229701e-01 2.366827247434263783e-03 -1.307962414153566733e-01 8.221360071760530275e+01
-1.300379745611017768e-01 5.433850136916245493e-02 9.900188889366424716e-01 6.419057151123560345e+01 1.805803457482843197e-02 9.984612543556942166e-01 -5.242996659561629386e-02 -4.183772376831853101e+00 -9.913445319017668567e-01 1.105990843549670491e-02 -1.308191166528005767e-01 8.206076040346674461e+01
-1.295565547520960981e-01 5.614570597473132058e-02 9.899811648818701570e-01 6.528085844141307348e+01 2.669946893878904701e-02 9.982310996296666072e-01 -5.311949342099311216e-02 -4.270277483962312104e+00 -9.912124826949031409e-01 1.954999223771456546e-02 -1.308264335706357806e-01 8.190284862589788872e+01
-1.284930283943236384e-01 6.133255799367427763e-02 9.898120058699330093e-01 6.642613807082410915e+01 3.168869479596918282e-02 9.978299433840226440e-01 -5.771569294775295844e-02 -4.362598130833794663e+00 -9.912039732669516434e-01 2.394978564856908160e-02 -1.301577309292038520e-01 8.174587125362120332e+01
-1.277017591922857132e-01 6.703710697623031789e-02 9.895444583044699094e-01 6.751859302122539930e+01 3.457344276918941639e-02 9.974075999791311986e-01 -6.310805862781310172e-02 -4.433905978576365037e+00 -9.912098093124077636e-01 2.615294776910573674e-02 -1.296883997324559668e-01 8.161971137314554881e+01
-1.274673386553884791e-01 7.025504029476986600e-02 9.893514314271921739e-01 6.861626101423073010e+01 3.255401048105947825e-02 9.972470531987100983e-01 -6.662148128506110989e-02 -4.570753289056242785e+00 -9.913083588304115734e-01 2.371529322978032858e-02 -1.294035021917108452e-01 8.145473755223233070e+01
-1.266046298195881159e-01 6.924746541245575815e-02 9.895332254088657908e-01 6.977465652553836151e+01 3.164830484710060010e-02 9.973344258757137482e-01 -6.574418789308267286e-02 -4.621647591777617414e+00 -9.914482340419581430e-01 2.299352990927609058e-02 -1.284587117755288110e-01 8.130077011392681641e+01
-1.269849800860291533e-01 6.450208634487890336e-02 9.898051543769006422e-01 7.088957989384989844e+01 2.991514000043256002e-02 9.976784540691543413e-01 -6.117726022418981668e-02 -4.689818181460592150e+00 -9.914534015863136762e-01 2.184156594350009778e-02 -1.286197586409569271e-01 8.120303455008490801e+01
-1.264180673108136477e-01 6.236246354456444208e-02 9.900148197445490794e-01 7.203401171111454460e+01 2.909785562398853678e-02 9.978255252145897813e-01 -5.913887481066627122e-02 -4.764205860377177082e+00 -9.915501678277391928e-01 2.133108540104288603e-02 -1.279577794931734125e-01 8.103228309268472174e+01
