9.999999962582231117e-01 8.137513283089255393e-10 -7.656115743121981746e-10 -2.139041626117443862e-10 8.137513283089255393e-10 1.000000061056633971e+00 6.754229731482267424e-11 4.506439374440951440e-09 -7.656115743121981746e-10 6.754229731482267424e-11 1.000000080766252131e+00 2.697696344089450804e-08
9.999999041234176600e-01 -2.839198493260955002e-04 -3.219614353025585960e-04 9.186363346008263181e-03 2.841477953558836406e-04 9.999997735044959812e-01 7.031108164548831481e-04 -2.392879865576598430e-02 3.217601838410971671e-04 -7.032021007425159941e-04 9.999997817545231982e-01 1.346683554542514871e+00
9.999974386602807908e-01 -1.367506905821688160e-03 1.801418773580591454e-03 -1.073027988539857792e-02 1.365678558614547575e-03 9.999986116882344511e-01 1.016690320216507605e-03 -4.594432413887225564e-02 -1.802808025563035340e-03 -1.014227426263758806e-03 9.999979413782775772e-01 2.744932493429517173e+00
9.999963681246865077e-01 -2.156653273451470797e-03 1.614030693766038563e-03 -1.577369775165304508e-02 2.155518278157320892e-03 9.999974889742803130e-01 7.056221849276249044e-04 -7.879498238488281958e-02 -1.615549856293418312e-03 -7.021404167403446760e-04 9.999985292649978819e-01 4.082210363114150198e+00
9.999953755973812752e-01 -2.589839773436748271e-03 1.591861879130898908e-03 -1.173601676332690705e-02 2.588893754748750140e-03 9.999965316153315298e-01 5.970791989292567820e-04 -1.043594936718072463e-01 -1.593404131637205347e-03 -5.929551429656115076e-04 9.999986355001302396e-01 5.384562911371833849e+00
9.999953951276490116e-01 -2.638518410999317765e-03 1.496814815485760040e-03 -1.430753727590190760e-02 2.637225312756516418e-03 9.999962083329824170e-01 8.663022274374489748e-04 -1.193299623972722823e-01 -1.499096334651389825e-03 -8.623506676486662878e-04 9.999985852969957012e-01 6.718493584680377495e+00
9.999924984550178086e-01 -3.505861219173137845e-03 1.644530343205750445e-03 -1.265309655860734003e-02 3.503190026935151368e-03 9.999926039762790930e-01 1.625352520605485851e-03 -1.465893859103755692e-01 -1.650217872129826303e-03 -1.619579095288059892e-03 9.999974076361748399e-01 8.063381987820807950e+00
9.999913580188802831e-01 -3.910023801936748228e-03 1.410003725266106020e-03 -9.111357417299657119e-03 3.906969523990435830e-03 9.999900882600528673e-01 2.163582631358085869e-03 -1.763006272859684587e-01 -1.418450855362399753e-03 -2.158054963286476589e-03 9.999967461597465412e-01 9.391210942000583373e+00
9.999920748367450152e-01 -3.712954559620019676e-03 1.434134377964792380e-03 -2.113735238690786500e-02 3.710931573206002840e-03 9.999921789011193551e-01 1.411822259116780843e-03 -1.980054569220960348e-01 -1.439366637579007468e-03 -1.406488964158928269e-03 9.999980557715052454e-01 1.072506189920589748e+01
9.999981833817496168e-01 -1.426676401205196005e-03 1.261086875075203726e-03 -3.131835297256321121e-02 1.427436929365412995e-03 9.999988616158291821e-01 -6.010875545284724434e-04 -2.260735588580997379e-01 -1.260229335733496856e-03 6.028867219655533816e-04 9.999991049416000477e-01 1.205380444179679600e+01
9.999972816370867879e-01 1.911444740173551130e-03 1.332522174675844148e-03 -4.182537343808163943e-02 -1.908855503017881138e-03 9.999963564866131138e-01 -1.940462290918956896e-03 -2.521040647131525536e-01 -1.336227854238360765e-03 1.937913563536826454e-03 9.999973102567483174e-01 1.339665055528919524e+01
9.999865549749142879e-01 4.962638759712971470e-03 1.501535865172822729e-03 -5.188588453933851152e-02 -4.959239533851481953e-03 9.999852144678701427e-01 -2.258072691230368374e-03 -2.644211517699611713e-01 -1.512721100577804406e-03 2.250595993836467315e-03 9.999964040072230054e-01 1.473724528301106496e+01
9.999813319780318510e-01 5.870104744825658735e-03 1.694134471780488942e-03 -6.607547231216873151e-02 -5.867525473770494361e-03 9.999816879666706404e-01 -1.522490545354334866e-03 -2.910539837455211609e-01 -1.703042054098254619e-03 1.512521881160851060e-03 9.999974867270164935e-01 1.609282071996082308e+01
9.999898689601444124e-01 4.070106958901208855e-03 1.920606136646436186e-03 -5.442945726723254912e-02 -4.071281176946247096e-03 9.999915880857931372e-01 6.087141336855954711e-04 -3.121550981868009278e-01 -1.918113863917936474e-03 -6.165271662909098220e-04 9.999980511323541821e-01 1.745682889627857293e+01
9.999977733006453207e-01 -3.939213745586601142e-04 2.071408387494162468e-03 -5.704104400925674029e-02 3.884237805263253667e-04 9.999964622853394491e-01 2.654554230369235348e-03 -3.393064876425250787e-01 -2.072448151907354055e-03 -2.653743611428774005e-03 9.999944120535551040e-01 1.879937068600163386e+01
9.999933135938218198e-01 -3.282296453058455854e-03 1.609909065148221749e-03 -6.124503129832602200e-02 3.279748165848308042e-03 9.999934281707059114e-01 1.583977757366690931e-03 -3.946288730919171872e-01 -1.615099003342195926e-03 -1.578686939568868389e-03 9.999975303655811443e-01 2.015587981010851948e+01
9.999910934243697591e-01 -3.883145782059588703e-03 1.651290275301628202e-03 -6.168782485951819494e-02 3.884540344578605361e-03 9.999921624147940502e-01 -8.411740702903868806e-04 -4.099038762400561420e-01 -1.648012361271302718e-03 8.475812218922449499e-04 9.999983635967772955e-01 2.150664624087045951e+01
9.999970085439038314e-01 -1.191534633378695798e-03 2.134399254281828598e-03 -6.997757032841050995e-02 1.196115435507578116e-03 9.999970442821739525e-01 -2.145425298380083078e-03 -4.690621606562829227e-01 -2.131837996279451006e-03 2.147972010626858930e-03 9.999955014991729341e-01 2.286807430589740164e+01
9.999947856511637312e-01 1.159662166325319509e-03 3.012701232786918221e-03 -7.605568022637305969e-02 -1.155727400463540640e-03 9.999985391664110157e-01 -1.306931665568039592e-03 -4.537734646045925579e-01 -3.014213777133055352e-03 1.303443126026939802e-03 9.999946885298029997e-01 2.423474522080140403e+01
9.999901804517562498e-01 2.504789504616754953e-03 3.654797677641455095e-03 -8.478290951834341338e-02 -2.514529139376902537e-03 9.999933533428884136e-01 2.663179027333734128e-03 -4.714660134883310039e-01 -3.648103993389307208e-03 -2.672342851179953203e-03 9.999898556772590652e-01 2.561363987754065263e+01
9.999920770873045317e-01 -7.251707447158023965e-04 3.913106261166743143e-03 -7.194739521453429043e-02 7.089744165215668224e-04 9.999912431613813268e-01 4.139211412445685523e-03 -4.659274301533071205e-01 -3.916074925169739721e-03 -4.136404208632847752e-03 9.999838578965886127e-01 2.697622187860755716e+01
9.999842449193936389e-01 -4.223853542955463211e-03 3.696143998647631428e-03 -7.269711761130047412e-02 4.210477539569247585e-03 9.999846458593414367e-01 3.619674592454602113e-03 -5.366766224225560933e-01 -3.711377530129604790e-03 -3.604054911089534744e-03 9.999866989122081495e-01 2.835859102788271002e+01
9.999758342134384970e-01 -5.778339847103775538e-03 3.864489914154034620e-03 -7.206714920185577911e-02 5.774351848913518090e-03 9.999828456872120741e-01 1.042742869494220478e-03 -5.508340964096049008e-01 -3.870450239480651561e-03 -1.020402613772539201e-03 9.999920699337914165e-01 2.971713639365988513e+01
9.999799283401282768e-01 -4.638193805381455627e-03 4.315388783261864085e-03 -8.139941956533448819e-02 4.642377049690727710e-03 9.999888248551058734e-01 -9.594892176273570007e-04 -5.979927188643292535e-01 -4.310891528102647405e-03 9.795037597253614548e-04 9.999903091151760570e-01 3.110385562923883640e+01
9.999864594020151376e-01 -2.157243882582187983e-03 4.734957162739736325e-03 -8.526251978915694307e-02 2.168146465166907299e-03 9.999950695153201341e-01 -2.298304212317113689e-03 -6.070633925048254387e-01 -4.729977054784428522e-03 2.308539314062785838e-03 9.999862296558630348e-01 3.248606354259196394e+01
9.999852331676175599e-01 -5.395724999818198248e-04 5.406923154719582743e-03 -9.035705334248012033e-02 5.614192569399479010e-04 9.999917446015968991e-01 -4.039511234884442595e-03 -6.370836585161083754e-01 -5.404700107113300997e-03 4.042487281102587378e-03 9.999773042683721691e-01 3.387128078489465111e+01
9.999834710232734514e-01 4.759700459198795914e-04 5.729192264080620357e-03 -9.303501903083481739e-02 -4.524242841951603964e-04 9.999915122246434418e-01 -4.110097715961725726e-03 -6.613930799497499402e-01 -5.731101097340251041e-03 4.107437899966500001e-03 9.999752221794320217e-01 3.525729748686668330e+01
9.999861779151227870e-01 2.229276588043411470e-04 5.252313115650521051e-03 -7.907861361234061470e-02 -2.073687590409272635e-04 9.999956518077093293e-01 -2.962343088724111485e-03 -6.999912066363687124e-01 -5.252951873867966331e-03 2.961213119031612991e-03 9.999818994621344492e-01 3.664740232607753256e+01
9.999880496203291669e-01 7.307607122330978065e-04 4.833127099052880044e-03 -8.417872147558552731e-02 -7.239600429029911105e-04 9.999988072599169664e-01 -1.408358088826165136e-03 -7.328575480087279326e-01 -4.834151742101600729e-03 1.404842403357289739e-03 9.999874093871553571e-01 3.805531683494965733e+01
9.999850656601343424e-01 2.657034261833167519e-03 4.775054080668202083e-03 -9.556938057014723042e-02 -2.654405286890247542e-03 9.999963832807451380e-01 -5.564767969977623590e-04 -7.611875446882755414e-01 -4.776516627855413241e-03 5.437936887844053687e-04 9.999885252918095935e-01 3.944654370245498853e+01
9.999709809162232732e-01 5.725500438779024953e-03 5.024787806851996851e-03 -9.645794841200838743e-02 -5.721569268432504657e-03 9.999833758807475936e-01 -7.960584063832166699e-04 -7.905025713650590813e-01 -5.029263330818617254e-03 7.672857634790800161e-04 9.999871395778380245e-01 4.083871025841978764e+01
9.999513047942935051e-01 8.335200525193476456e-03 5.282518450843420692e-03 -1.130655954624478210e-01 -8.331038050599273714e-03 9.999650299528557440e-01 -8.091795182847418780e-04 -8.045140937864692088e-01 -5.289079602651641614e-03 7.651313801633724109e-04 9.999858007738201549e-01 4.223307928039841386e+01
9.999399294671689198e-01 9.612290091908681083e-03 5.266295542974384902e-03 -1.111644944860835094e-01 -9.607941401107067750e-03 9.999535423381269439e-01 -8.501288167888456683e-04 -8.330715922703590959e-01 -5.274223777137566731e-03 7.994796165408181486e-04 9.999858523670301924e-01 4.364447294403120736e+01
9.999525117667213969e-01 8.580902365777961366e-03 4.618966976727068539e-03 -1.080722246853293433e-01 -8.577330066058427155e-03 9.999629611954131692e-01 -7.923008763378790132e-04 -8.656820938732834314e-01 -4.625595800898035966e-03 7.526449746092821799e-04 9.999890994040381287e-01 4.507398156220332197e+01
9.999655276422275696e-01 7.405159404762897378e-03 3.754952581392373683e-03 -1.071811540021628262e-01 -7.400868612952044706e-03 9.999720073550950605e-01 -1.154879877056572916e-03 -9.020672553071050759e-01 -3.763400840914175177e-03 1.127050285488917980e-03 9.999923640253266521e-01 4.648701633166293590e+01
9.999680880169327102e-01 7.256728352618939740e-03 3.339965400486037857e-03 -1.126417923307110741e-01 -7.253801150065644632e-03 9.999733583063457054e-01 -8.872115567696896516e-04 -9.318761211436450420e-01 -3.346315998076960802e-03 8.629559292587621637e-04 9.999941094891963145e-01 4.789282858351671024e+01
9.999689806714585627e-01 7.431581270172973874e-03 2.608030562047868213e-03 -1.154991131573633312e-01 -7.431497335236881240e-03 9.999724462421424320e-01 -4.124868758383953740e-05 -9.623911589895762786e-01 -2.608266616408403196e-03 2.186596325730441387e-05 9.999966789960206270e-01 4.928455298367521920e+01
9.999702619245453006e-01 7.586149623189244497e-03 1.384966070093226640e-03 -1.222617783555085824e-01 -7.586343829146482975e-03 9.999712750543788831e-01 1.362007411630035327e-04 -9.899357755532980363e-01 -1.383894495152500261e-03 -1.467033920150499597e-04 9.999991124239008267e-01 5.071525899292553419e+01
9.999659420952333733e-01 8.242291845736281902e-03 4.144977256972709923e-04 -1.391742312154943817e-01 -8.242439894057118979e-03 9.999660265112333413e-01 3.606985431859313553e-04 -1.014485327120180358e+00 -4.115121680266822487e-04 -3.641026040649481725e-04 9.999999298100498146e-01 5.214576985116453045e+01
9.999625214424289199e-01 8.650421008929839659e-03 -3.441842208718807724e-04 -1.497077024993255512e-01 -8.650049688354819258e-03 9.999620852728854370e-01 1.061485570646049327e-03 -1.043326346791747072e+00 3.533519140879346431e-04 -1.058468452299376680e-03 9.999994581592301923e-01 5.358088691028977024e+01
9.999698096888375298e-01 7.627205454234283616e-03 -1.482559581222614139e-03 -1.556890236641137459e-01 -7.624104502426231299e-03 9.999688233546516480e-01 2.085053173955657077e-03 -1.068308139854142746e+00 1.498414864040897637e-03 -2.073686913670380605e-03 9.999968080474739285e-01 5.502362284373167256e+01
9.999865408425583357e-01 4.872617448286810544e-03 -1.779961191673367325e-03 -1.598079612789040649e-01 -4.868402700716329551e-03 9.999854167631208046e-01 2.363687900430415725e-03 -1.095179748563388289e+00 1.791450938148861968e-03 -2.354990395311382101e-03 9.999957031171867738e-01 5.642109595723380266e+01
9.999934829598595698e-01 2.820154315870771877e-03 -2.252397139038588101e-03 -1.769660982035734798e-01 -2.815453337141148645e-03 9.999939202143380834e-01 2.086831430392285976e-03 -1.125425887037561301e+00 2.258266960631694509e-03 -2.080476184408704392e-03 9.999953666779803907e-01 5.785310836373584920e+01
9.999949552881127746e-01 1.986435960561628439e-03 -2.477094012325454890e-03 -1.839355480648399987e-01 -1.981491828916437815e-03 9.999961055960950862e-01 1.996144514266845731e-03 -1.151806015130790062e+00 2.481047894312339575e-03 -1.991225974616624931e-03 9.999950204617524818e-01 5.929050441157903606e+01
9.999972885529789801e-01 1.000618705135195886e-03 -2.100992771686757341e-03 -1.968463321381116182e-01 -9.950984151046882858e-04 9.999961177416041291e-01 2.626098426710674061e-03 -1.182239831811982889e+00 2.103610676438500814e-03 -2.624000485395410528e-03 9.999944254704579150e-01 6.071314024880411608e+01
9.999979989478857689e-01 -1.311878832812063715e-03 -1.507843186860571101e-03 -2.146974190144083361e-01 1.316908756830557957e-03 9.999936207152616552e-01 3.338621882426062726e-03 -1.201743102709154520e+00 1.503452074879453723e-03 -3.340600768754640234e-03 9.999933707518768866e-01 6.213806859723272424e+01
9.999945644498281494e-01 -3.061594572584607279e-03 -1.220747123002259744e-03 -2.175306846067724398e-01 3.065757793128939812e-03 9.999895069210419374e-01 3.421884757619596869e-03 -1.230693011068332732e+00 1.210256282115641227e-03 -3.425608547204682733e-03 9.999934809865742569e-01 6.354795302211942953e+01
9.999918208259801489e-01 -3.974431292666377735e-03 -7.447746167821511993e-04 -2.176932304751407754e-01 3.976370809681693992e-03 9.999887261158166840e-01 2.618823331494170379e-03 -1.255153985014675344e+00 7.343563089643642119e-04 -2.621763282814396079e-03 9.999963742979012249e-01 6.496575382823580469e+01
9.999939351024776935e-01 -3.478445733646820092e-03 -1.506165381109407985e-04 -2.145673508428574128e-01 3.478780193342904080e-03 9.999914358573195328e-01 2.269012764990868333e-03 -1.291181170637752063e+00 1.427210688948928605e-04 -2.269522836119471781e-03 9.999974952112002935e-01 6.638318524762870254e+01
9.999963202920443273e-01 -2.697997593067117707e-03 2.696729110153424174e-04 -2.283348141064606707e-01 2.697442251560683291e-03 9.999943323420459329e-01 2.044799898669308596e-03 -1.315616728263411028e+00 -2.751897637042449826e-04 -2.044064818021266560e-03 9.999979537989976963e-01 6.781800521093308021e+01
9.999992567762356899e-01 6.153127542926135245e-04 1.048977192334599184e-03 -2.396589735308256031e-01 -6.181191073173737194e-04 9.999962824207998535e-01 2.678653784167967129e-03 -1.348436893505986722e+00 -1.047326552336382477e-03 -2.679300062439175702e-03 9.999959429876659200e-01 6.923299159012317716e+01
9.999882111351230396e-01 4.611020112371394704e-03 1.519410246699407982e-03 -2.524904605774486166e-01 -4.617254198792037842e-03 9.999808877347000635e-01 4.126406945862218408e-03 -1.372080500689034865e+00 -1.500355705184020210e-03 -4.133373688684246865e-03 9.999904127982629509e-01 7.064298525408266016e+01
9.999705028956091812e-01 7.416143771468065686e-03 1.996667129201489064e-03 -2.643621545984648491e-01 -7.426013916576777556e-03 9.999600724652575323e-01 4.982960106165591763e-03 -1.403723706920658509e+00 -1.959634474759857324e-03 -4.997640292051058926e-03 9.999856723764956046e-01 7.204204876815977343e+01
9.999363575595764386e-01 1.100640853815045006e-02 2.476356298383334403e-03 -2.635935917389822802e-01 -1.101838133898413313e-02 9.999274733904629509e-01 4.874968750284118177e-03 -1.422840375639943034e+00 -2.422522186965857163e-03 -4.901943827063905829e-03 9.999851318232576558e-01 7.344462814484084845e+01
9.998746990469212781e-01 1.533104531997783737e-02 3.941802523750433107e-03 -2.934028028059548210e-01 -1.534686101258501446e-02 9.998742328572675087e-01 4.014274422756480831e-03 -1.446200779112978285e+00 -3.879765049989501984e-03 -4.074265620881197675e-03 9.999842545356076862e-01 7.485956227964695131e+01
9.998258364722614200e-01 1.802934319511880629e-02 4.819965553685815786e-03 -3.136625905068602393e-01 -1.804730628197149037e-02 9.998303119604068367e-01 3.709997950726985454e-03 -1.461809329738363195e+00 -4.752260082100230598e-03 -3.796339095815708369e-03 9.999815825157446492e-01 7.625078973782413527e+01
9.998277354988839294e-01 1.786830941318568941e-02 5.021494454265326354e-03 -3.173054511927426713e-01 -1.788849921960183886e-02 9.998320266320519512e-01 4.005269143038738509e-03 -1.485742683203285175e+00 -4.949084822039971979e-03 -4.094406074930347604e-03 9.999794517566281682e-01 7.762822147594819455e+01
9.998467364211011121e-01 1.663873174659372817e-02 5.445073882006443503e-03 -3.415071442016335834e-01 -1.666169771921086756e-02 9.998524231129777284e-01 4.200225400192669073e-03 -1.522626725656142321e+00 -5.374385098806845271e-03 -4.290305731788974369e-03 9.999764351218143332e-01 7.902884317806898196e+01
9.998706096484948347e-01 1.521579343329985436e-02 5.218825717888102983e-03 -3.401609360598324971e-01 -1.523365012356307606e-02 9.998782436435399434e-01 3.399392068187609417e-03 -1.549993047592069351e+00 -5.166467064697109757e-03 -3.478453878489308915e-03 9.999806845705426772e-01 8.041491157911823962e+01
9.998727989030559149e-01 1.527379112112284450e-02 4.592370818671346125e-03 -3.138529819315239444e-01 -1.528848236223487485e-02 9.998781237720026915e-01 3.181506434023986200e-03 -1.575187327524037562e+00 -4.543218710513257513e-03 -3.251312015658961666e-03 9.999844747149952973e-01 8.181557516761267834e+01
9.998754377307685903e-01 1.524708915261892631e-02 4.077725661200283687e-03 -3.201498345616999308e-01 -1.526046922174864422e-02 9.998782631902447537e-01 3.270925384118291476e-03 -1.595887123236679805e+00 -4.027358449907236446e-03 -3.332745849523001663e-03 9.999864172705937859e-01 8.318916033460135395e+01
9.998846602245331505e-01 1.472301770913316162e-02 3.727136586306900850e-03 -3.244656916080173037e-01 -1.473485463177255997e-02 9.998864752418991086e-01 3.169031907951770730e-03 -1.630329325230831294e+00 -3.680057061178251734e-03 -3.223585099567636419e-03 9.999881135371122554e-01 8.457044045325238812e+01
9.998845944368647265e-01 1.485674672269506752e-02 3.172922244358579707e-03 -3.349718617619139582e-01 -1.486699214526947602e-02 9.998843217865064359e-01 3.230737618893160697e-03 -1.653912821741192030e+00 -3.124558299873697858e-03 -3.277536474988175692e-03 9.999898281612259465e-01 8.594762882104441815e+01
9.998942543127353755e-01 1.437947508733171224e-02 2.168741321090872278e-03 -3.311951142364824574e-01 -1.438759234858781079e-02 9.998894257812032116e-01 3.775642285175117522e-03 -1.679251479498111710e+00 -2.114211166152850114e-03 -3.806445885220121911e-03 9.999906012635576547e-01 8.732274784757129282e+01
9.999188345609307804e-01 1.271745407353173929e-02 7.636744734504606873e-04 -3.248585475101352094e-01 -1.272086676254473477e-02 9.999083531999437557e-01 4.646163257367928213e-03 -1.704920267009119916e+00 -7.045186100696758814e-04 -4.655500643366001882e-03 9.999889956893450726e-01 8.867488471036128317e+01
9.999466000400050181e-01 1.032101360865054704e-02 -5.160305045997826438e-04 -3.374373749766377828e-01 -1.031796849630666792e-02 9.999312126830256497e-01 5.588516744464845643e-03 -1.733512432183623053e+00 5.736725941808798511e-04 -5.582893824650787991e-03 9.999843317405170406e-01 9.004645854564525109e+01
9.999602109915162185e-01 8.832624574238038054e-03 -1.246480985575748081e-03 -3.506099812561030982e-01 -8.825344118463253687e-03 9.999447057701547070e-01 5.728943950659341408e-03 -1.761342128828220499e+00 1.297012057872964398e-03 -5.717715270046689821e-03 9.999828933640646511e-01 9.141169401856738830e+01
9.999755493413235996e-01 6.796929959946352608e-03 -1.641644260841702884e-03 -3.606819141986480348e-01 -6.788100166480250629e-03 9.999628453075224410e-01 5.324640944299851263e-03 -1.776914571665018538e+00 1.677772839200256279e-03 -5.313366996280146845e-03 9.999845572496999235e-01 9.278717011112043167e+01
9.999797967169392621e-01 6.210966425617433714e-03 -1.350031585918180744e-03 -3.697845807254143136e-01 -6.204184664206105655e-03 9.999684657486874739e-01 4.969678335056584850e-03 -1.807299426625289307e+00 1.380853899003880265e-03 -4.961201973090573550e-03 9.999868205364311757e-01 9.415749967958998923e+01
9.999768244605385936e-01 6.515080216764944018e-03 -1.974032607709561189e-03 -3.841765045580871063e-01 -6.506034319058616282e-03 9.999685272222867960e-01 4.553919557863470718e-03 -1.826057028709429986e+00 2.003637972974159961e-03 -4.540970779695575540e-03 9.999877631987903470e-01 9.551258242310045432e+01
9.999797177677043347e-01 6.070393688921588496e-03 -1.925332609524331266e-03 -3.890238451169113487e-01 -6.062877372193201976e-03 9.999741341858666699e-01 3.885174265983500769e-03 -1.847574210009031104e+00 1.948865692820293902e-03 -3.873422292937240066e-03 9.999906799818818470e-01 9.686298323771849539e+01
9.999728309540355520e-01 7.207753163907637366e-03 -1.542135598418693972e-03 -4.111369688319445603e-01 -7.202617820902582589e-03 9.999686469059857474e-01 3.309018045480065836e-03 -1.879167626706638838e+00 1.565936203004807386e-03 -3.297820610775014684e-03 9.999934168544637458e-01 9.821666521802758609e+01
9.999649985100922400e-01 8.241308612664277958e-03 -1.440528965797336367e-03 -4.125844446382764263e-01 -8.236633109039758274e-03 9.999609520495262860e-01 3.220923374282027348e-03 -1.896454569401102352e+00 1.467015715708497791e-03 -3.208945410632310213e-03 9.999938560129657539e-01 9.955614788899480061e+01
9.999594040550469076e-01 8.954448653287925761e-03 -1.000314460999104753e-03 -4.372530649851276152e-01 -8.949994691287347856e-03 9.999504596815270707e-01 4.370111242381131966e-03 -1.923363754696246763e+00 1.039395243031489714e-03 -4.360980911717209085e-03 9.999900314667509171e-01 1.009230210297290000e+02
9.999493318913273976e-01 9.996399360810193785e-03 -1.182451277633821910e-03 -4.501201218873252530e-01 -9.989444687158809122e-03 9.999336515210478504e-01 5.746794122757914458e-03 -1.955364078383946769e+00 1.239818460673821742e-03 -5.734690804959041016e-03 9.999828687035614561e-01 1.022580159155551200e+02
9.999685823728433620e-01 7.781653511873626305e-03 -1.507538192049794794e-03 -4.483990617168551740e-01 -7.773975334608221148e-03 9.999571784826736254e-01 5.032753362747783253e-03 -1.980930949779527328e+00 1.546635149624826615e-03 -5.020875569263460320e-03 9.999862800343736202e-01 1.036072707667690906e+02
9.999647608563674295e-01 8.325203168542620602e-03 -1.077299356367638185e-03 -4.667494575314494187e-01 -8.322131158670514200e-03 9.999614443206910064e-01 2.823845050628762642e-03 -2.011387630512040392e+00 1.100765302867682833e-03 -2.814779995135306082e-03 9.999955134196895079e-01 1.049285482097962330e+02
9.999635519200328337e-01 8.505008266678654519e-03 -7.431029634387413714e-04 -4.781076585472620599e-01 -8.503949877679493549e-03 9.999629022693207192e-01 1.413865831416187243e-03 -2.021079160379164463e+00 7.550987575714270851e-04 -1.407494864447863571e-03 9.999988051568603487e-01 1.062669925946955090e+02
9.999736242206925807e-01 7.218962936532178840e-03 -7.937064277614663647e-04 -4.949044719947220949e-01 -7.217411836580220862e-03 9.999721371553609295e-01 1.938034527151827769e-03 -2.039778293641111073e+00 8.076733296887665930e-04 -1.932254780831533549e-03 9.999978877908373143e-01 1.075754422201454190e+02
9.999909095271874993e-01 4.241760835714943230e-03 -4.252683653372406791e-04 -4.955134504923139893e-01 -4.239945255183904561e-03 9.999823391765767511e-01 4.179270907341470741e-03 -2.071176486147968010e+00 4.429867604617616266e-04 -4.177429684640387650e-03 9.999912571492135527e-01 1.089120640024887479e+02
9.999983726385162086e-01 1.714412074984634831e-03 5.550046482611603561e-04 -5.106325271621274808e-01 -1.717213627580468482e-03 9.999856310823667105e-01 5.090276775901384290e-03 -2.109326395966278689e+00 -5.462713435929100660e-04 -5.091221439450965142e-03 9.999869712071262073e-01 1.102448708243574202e+02
9.999985035946865608e-01 1.170952450299112295e-03 1.270509889313717680e-03 -5.103509044424097141e-01 -1.176119171440162406e-03 9.999910672362131159e-01 4.074837865083534745e-03 -2.136742392672209334e+00 -1.265728556096850461e-03 -4.076325920608640102e-03 9.999909714750704337e-01 1.115778311956842543e+02
9.999921562000586572e-01 3.234736672133844450e-03 2.283973807414710518e-03 -5.274922702431706911e-01 -3.239245584361753836e-03 9.999928664630460817e-01 1.973934836210063104e-03 -2.155899842072406702e+00 -2.277573749183912141e-03 -1.981317581790352673e-03 9.999955242768236996e-01 1.129079407692056947e+02
9.999752915392563501e-01 5.973599246387724902e-03 3.704719556680528911e-03 -5.417319664816991898e-01 -5.972798084546976707e-03 9.999821980051675219e-01 -2.268413601784840215e-04 -2.177891663617634865e+00 -3.706009969819731593e-03 2.047083416653880719e-04 9.999931925376535080e-01 1.142306888818975636e+02
9.999457456939702116e-01 9.117237013990458355e-03 5.037279907683267499e-03 -5.509324221544957823e-01 -9.114605043885863275e-03 9.999583737174011500e-01 -5.448856062780862725e-04 -2.202627091497758371e+00 -5.042039299195786965e-03 4.989433528982373895e-04 9.999872451353453151e-01 1.155536061763600060e+02
9.999275936588726266e-01 1.030577146165839557e-02 6.212169348514510678e-03 -5.634592475539476064e-01 -1.031157111610660204e-02 9.999464880632429331e-01 9.025524122337483723e-04 -2.227663913972356191e+00 -6.202536578338274653e-03 -9.665441692128949516e-04 9.999803777429741025e-01 1.168723309674931272e+02
9.999312788790594153e-01 9.378189293844726646e-03 7.034174840379223484e-03 -5.607501407202529764e-01 -9.402294686419910771e-03 9.999500716838006786e-01 3.401924039395784558e-03 -2.250510488734394965e+00 -7.001920855359399648e-03 -3.467827530862040240e-03 9.999695539440061065e-01 1.182239769481180218e+02
9.999314745025253970e-01 8.335603457401512956e-03 8.219278669940471155e-03 -5.671934331177302946e-01 -8.369056954544941071e-03 9.999568611178395461e-01 4.044364608008386638e-03 -2.280400112606060237e+00 -8.185212915126215127e-03 -4.112874970578841993e-03 9.999581231669444348e-01 1.195651127671100511e+02
9.999182290962507214e-01 9.020470163490753104e-03 9.064147423878838108e-03 -5.739368717238267914e-01 -9.053570397184329197e-03 9.999525328996022866e-01 3.617582722750259210e-03 -2.304960154572896158e+00 -9.031085861406846355e-03 -3.699349699553382449e-03 9.999524567891692195e-01 1.208883819383414533e+02
9.998842527655134038e-01 1.102387969692193541e-02 1.048559409343157757e-02 -5.597897141461688486e-01 -1.105706999842378559e-02 9.999340847398378029e-01 3.112790801206319000e-03 -2.328556899497550514e+00 -1.045058879783973375e-02 -3.228370346093607703e-03 9.999402603942811885e-01 1.222190132153281752e+02
9.998543964396336969e-01 1.245055067528043867e-02 1.166885806885615239e-02 -5.688588783138138760e-01 -1.248226298228985974e-02 9.999186458281945633e-01 2.648946839696292212e-03 -2.341014580666714640e+00 -1.163492873549253244e-02 -2.794214793104978119e-03 9.999284886107688841e-01 1.235646160652542420e+02
9.998312686218669976e-01 1.315460131567911146e-02 1.282120484057700655e-02 -5.639796907623491062e-01 -1.318184065454400429e-02 9.999110907417573246e-01 2.042491015151201485e-03 -2.364751232795049951e+00 -1.279319751437930398e-02 -2.211153355717690536e-03 9.999157996732094267e-01 1.249065169914858444e+02
9.997903514865089658e-01 1.506441185271084442e-02 1.386755640798133585e-02 -5.533200639033840629e-01 -1.508277146095262505e-02 9.998855647980819938e-01 1.220404722076741952e-03 -2.397786447619818517e+00 -1.384758547968674078e-02 -1.429309943144173355e-03 9.999031768060225867e-01 1.262240636281420336e+02
9.997915014528669930e-01 1.408162630569555207e-02 1.478695273834220933e-02 -5.458412864366208872e-01 -1.409373472934401933e-02 9.999004837410345736e-01 7.150758078849534004e-04 -2.410658956291698907e+00 -1.477541239636336219e-02 -9.233299961564560114e-04 9.998904920974095445e-01 1.275982382347154385e+02
9.997709683094807565e-01 1.455856486240260025e-02 1.568603408610985336e-02 -5.288163082119932135e-01 -1.458396257771427638e-02 9.998925751830631814e-01 1.506056224899463827e-03 -2.443374168560081827e+00 -1.566242357658750167e-02 -1.734475719713428257e-03 9.998759131098197139e-01 1.289065722373943004e+02
9.997873005749766673e-01 1.250330336402822630e-02 1.640163280170095148e-02 -5.180328004574762391e-01 -1.254367719790777484e-02 9.999185983936365041e-01 2.361108213748636629e-03 -2.469493581245751912e+00 -1.637077656451846677e-02 -2.566342692199583345e-03 9.998627771321320079e-01 1.302378008464469019e+02
9.997938052294130795e-01 1.108631076016101946e-02 1.701273874216563745e-02 -5.100082308799809283e-01 -1.113580709757365853e-02 9.999340866375381331e-01 2.817493271817964311e-03 -2.495906890646765852e+00 -1.698038226675953680e-02 -3.006362794757986255e-03 9.998513839238616363e-01 1.315767020622451469e+02
9.998062705153736296e-01 9.884984735779686615e-03 1.702060669374631449e-02 -4.899452738535011176e-01 -9.935341671693834545e-03 9.999465665028212102e-01 2.876667583757739049e-03 -2.516121639033226831e+00 -1.699126190473190107e-02 -3.045215729109505397e-03 9.998510815184754597e-01 1.329247788249673761e+02
9.998208458727951831e-01 9.141656673390303328e-03 1.657404012520011238e-02 -4.763586773149971476e-01 -9.201789045012356838e-03 9.999514023318695211e-01 3.555579627571111515e-03 -2.543055351620538307e+00 -1.654073130196152819e-02 -3.707453350921746400e-03 9.998563999553579107e-01 1.342371408631289285e+02
9.998493296562845911e-01 5.971138402995826780e-03 1.629895757505343476e-02 -4.631737768354346474e-01 -6.030984561229653547e-03 9.999753033273850455e-01 3.625198257762465067e-03 -2.557365929202232380e+00 -1.627690902512362453e-02 -3.722950706068087288e-03 9.998606719963496481e-01 1.355996498436612399e+02
9.998630203463465538e-01 6.468509876506802793e-03 1.523454790419329942e-02 -4.405644540326635883e-01 -6.525779335134387037e-03 9.999718761193789884e-01 3.712583340533123603e-03 -2.595241777340510758e+00 -1.521010517346992920e-02 -3.811491986563251416e-03 9.998771358346930649e-01 1.369655618284836009e+02
9.998916957248510373e-01 3.846851214394500073e-03 1.420531855301532080e-02 -4.381220369675851711e-01 -3.909154372442193159e-03 9.999829116164488108e-01 4.360859329443749106e-03 -2.606364570855076224e+00 -1.418830089869953757e-02 -4.415917708806842319e-03 9.998896705760790260e-01 1.382885991776026344e+02
9.999108407409426080e-01 2.640761865829689779e-03 1.308928803058159902e-02 -4.264232787734675290e-01 -2.704291069683044651e-03 9.999846996232694130e-01 4.838330156313891579e-03 -2.637048333556096580e+00 -1.307631161860567555e-02 -4.873295914932159259e-03 9.999027065662126068e-01 1.396505299717357502e+02
9.999259849727283322e-01 1.812001149694657644e-03 1.203053371943460688e-02 -4.099334541513950381e-01 -1.869864992804670450e-03 9.999867909493996843e-01 4.800379437955446665e-03 -2.657982046105989760e+00 -1.202167731559524062e-02 -4.822519505723862898e-03 9.999161885467328093e-01 1.409829813137469330e+02
9.999379060913944350e-01 1.917759111712951606e-03 1.097718883554487344e-02 -4.046946403416873395e-01 -1.966812409738059961e-03 9.999881820965337287e-01 4.459756388240038692e-03 -2.680625175663178261e+00 -1.096850723493846685e-02 -4.481069427842257133e-03 9.999298842439089396e-01 1.423171137293903712e+02
9.999505866845113111e-01 1.613505586773878939e-03 9.808837921887041469e-03 -4.012467749655204141e-01 -1.651368879319896907e-03 9.999912731108243635e-01 3.853413324217532573e-03 -2.686806292431677345e+00 -9.802535753212123990e-03 -3.869420812586133514e-03 9.999445481695600213e-01 1.436618658592471434e+02
9.999616707297065421e-01 3.789740395755467452e-04 8.746768561972413300e-03 -3.877141468629252130e-01 -3.942888907391800231e-04 9.999984530471616173e-01 1.749443474910954578e-03 -2.719803712176255051e+00 -8.746093036082695782e-03 -1.752825052577165667e-03 9.999602967118770280e-01 1.450080758852261908e+02
9.999646881064363502e-01 -1.947616568802472675e-03 8.174462462407858926e-03 -3.826627168595163608e-01 1.942610857640684812e-03 9.999979817059412301e-01 6.204541705881454899e-04 -2.760207286658127757e+00 -8.175655403114889114e-03 -6.045523339834108683e-04 9.999664767953498901e-01 1.463514780267819049e+02
9.999378382032585444e-01 -8.476260226124000818e-03 7.243289488572505347e-03 -3.664164356229518416e-01 8.455528827259788799e-03 9.999601413670127226e-01 2.888223057842905037e-03 -2.787033193812848086e+00 -7.267483200338045561e-03 -2.826797552555229687e-03 9.999696767613502901e-01 1.476792916660691901e+02
9.997315499771171066e-01 -2.251825371876911216e-02 5.454240242344618288e-03 -3.561334610770566789e-01 2.249113598180780063e-02 9.997346826637275585e-01 4.983492709190759026e-03 -2.786438184537778806e+00 -5.565013884734435617e-03 -4.859482701897490688e-03 9.999727884225997343e-01 1.490347713084840962e+02
9.995937812887707441e-01 -2.819462536902298325e-02 4.162694594070035989e-03 -3.466432487877159074e-01 2.818153510159391445e-02 9.995978533749730888e-01 3.170917155790102266e-03 -2.828569137953033774e+00 -4.250424673737237050e-03 -3.052317804326905130e-03 9.999863892988901659e-01 1.503890682988583478e+02
9.996585551558463401e-01 -2.578878611779038613e-02 4.207627231779575809e-03 -3.525968764127383470e-01 2.579165838873623273e-02 9.996672027794240023e-01 -6.294098802771557919e-04 -2.852829591577107138e+00 -4.189996501134201495e-03 7.377168098643293757e-04 9.999910305801527066e-01 1.517250851814554551e+02
9.998013428010464887e-01 -1.921963773666964317e-02 5.279484999821612741e-03 -3.608882453246533006e-01 1.923827515645733927e-02 9.998088550451036394e-01 -3.502036959882103527e-03 -2.886348056174185217e+00 -5.211169179838151186e-03 3.602909599165768709e-03 9.999800119485364736e-01 1.530566397713180322e+02
9.998443153739764444e-01 -1.660626329816138405e-02 5.964020017671055156e-03 -3.776545585344403544e-01 1.663021241445600956e-02 9.998538145984257053e-01 -3.988432062305917458e-03 -2.919607747879612081e+00 -5.896916378625734374e-03 4.086994202770739479e-03 9.999743418680275830e-01 1.544019503588399118e+02
9.997908745559147548e-01 -1.917180136553820954e-02 7.116297461053694082e-03 -3.666142553828710127e-01 1.918203879216261523e-02 9.998151262402957817e-01 -1.372898179485872346e-03 -2.950176409061394889e+00 -7.088662008904226229e-03 1.509116315125756886e-03 9.999738171462944081e-01 1.557506361700334594e+02
9.996191460760931458e-01 -2.662018643140794810e-02 7.274681080803158291e-03 -3.404025173477833177e-01 2.660231400175278385e-02 9.996429226912739718e-01 2.542855493648553140e-03 -2.977307635081468007e+00 -7.339775827451161180e-03 -2.348363546102345649e-03 9.999703867706567495e-01 1.570936924727868700e+02
9.994349955047673317e-01 -3.291399650287549911e-02 6.808165771299344408e-03 -3.195974409171483122e-01 3.288434900253604104e-02 9.994494422236107622e-01 4.422004866829348964e-03 -3.003349634531950141e+00 -6.949964443030643736e-03 -4.195624176021236010e-03 9.999671275948116556e-01 1.584168522926222806e+02
9.993839555240102701e-01 -3.437782508968004885e-02 7.061665085023777037e-03 -3.148232393749155755e-01 3.434610218343139842e-02 9.993996305259806867e-01 4.565726976326041700e-03 -3.037513197891388295e+00 -7.214386331704625288e-03 -4.320373475522879501e-03 9.999647236483630852e-01 1.597643795582584687e+02
9.994381172406288094e-01 -3.253801050974755582e-02 8.044886812185304478e-03 -3.201950313924959990e-01 3.250359363341097374e-02 9.994621143377577788e-01 4.372699720615291254e-03 -3.042151962520304842e+00 -8.182839564672484897e-03 -4.108754906336247424e-03 9.999581595288512537e-01 1.610973501772635075e+02
9.995087160899424061e-01 -2.996152266929346178e-02 9.199246625919553499e-03 -3.228961407185925725e-01 2.992714678523600985e-02 9.995447205936757173e-01 3.852210165871943360e-03 -3.058376929373621600e+00 -9.310477443819171681e-03 -3.575010295875743170e-03 9.999503466922310402e-01 1.624658804875153635e+02
9.995656806694953600e-01 -2.765076115469172757e-02 1.019205324957879640e-02 -3.165944709809143665e-01 2.762812181435314943e-02 9.996155561639942233e-01 2.355603753837526206e-03 -3.080068692248786988e+00 -1.025327011894272035e-02 -2.072993240750106887e-03 9.999453658524987132e-01 1.638287334067213976e+02
9.996666899161142927e-01 -2.344335124261270192e-02 1.081253263056494718e-02 -3.135329857403896803e-01 2.343004708333640967e-02 9.997246207050921596e-01 1.355642181392466370e-03 -3.106063328439029103e+00 -1.084133674707184886e-02 -1.101852043493572846e-03 9.999407046813502120e-01 1.651739980729959711e+02
9.997206621318340813e-01 -2.083816925478251814e-02 1.115172241773622341e-02 -3.125638050652886357e-01 2.081707484317331727e-02 9.997813528701544605e-01 2.004486828850378724e-03 -3.127254386947088793e+00 -1.119105480915317564e-02 -1.771780524289442516e-03 9.999358892573189106e-01 1.665513224151180793e+02
9.997360851598235953e-01 -2.017603619813656060e-02 1.098544928481527856e-02 -3.110840607720513074e-01 2.015240002114537798e-02 9.997944305637623819e-01 2.258208837229014245e-03 -3.160812343002532998e+00 -1.102875357333218086e-02 -2.036229560085364449e-03 9.999371889786856649e-01 1.679228278520431843e+02
9.997227004663639116e-01 -2.100833183770941734e-02 1.063788840651576882e-02 -3.092042900680943562e-01 2.100373629866333913e-02 9.997793104338255077e-01 5.436992584862775481e-04 -3.166566373642291765e+00 -1.064696382972210240e-02 -3.201129467820901741e-04 9.999433490093843080e-01 1.692615772517192738e+02
9.998299838702316977e-01 -1.530153935321978444e-02 1.028876801983975506e-02 -2.905088720117829371e-01 1.533023283085304528e-02 9.998788584817609459e-01 -2.715593009743034591e-03 -3.214118069546149314e+00 -1.024596977164718599e-02 2.872860673615822927e-03 9.999434625590054582e-01 1.706183420071336627e+02
9.999239787468396923e-01 -6.971622517228274335e-03 1.016984306550077627e-02 -2.894876224478655780e-01 7.018712882962709759e-03 9.999648404736539709e-01 -4.601913440464473065e-03 -3.254354943651693421e+00 -1.013740360315662850e-02 4.672942955430678391e-03 9.999377771600559406e-01 1.719808320099645300e+02
9.999437541329234680e-01 -2.063355528836441008e-03 1.040305921811477026e-02 -2.994291717042607548e-01 2.104898279882458367e-03 9.999899103866375372e-01 -3.983797730021793743e-03 -3.271540364044209337e+00 -1.039473515726097724e-02 4.005471182506236717e-03 9.999380316904988852e-01 1.733656317500253863e+02
9.999380034367213455e-01 2.439012805122734925e-03 1.086429996201395375e-02 -2.986337007584870529e-01 -2.420329338723663844e-03 9.999956314804787638e-01 -1.732378313763546307e-03 -3.310971278375252513e+00 -1.086847866031002974e-02 1.705975859071051041e-03 9.999395618522607387e-01 1.747203804542687635e+02
9.999434897659312815e-01 -8.924193383313098896e-04 1.059308126860140573e-02 -3.026330541042705491e-01 8.858671050161439275e-04 9.999994743827114174e-01 6.233686923992028724e-04 -3.320982952772755681e+00 -1.059363289173583834e-02 -6.139492786057109026e-04 9.999437781933572245e-01 1.761006390698803727e+02
9.999458904511162594e-01 -3.536695631689888621e-03 9.782661117432502745e-03 -2.904969168720723527e-01 3.519160699693153153e-03 9.999922320904933715e-01 1.809249882704918894e-03 -3.363261587758754612e+00 -9.788984827430964597e-03 -1.774725105285028743e-03 9.999505926124435673e-01 1.775068113149848443e+02
