9.999999962582231117e-01 8.137513283089255393e-10 -7.656115743121981746e-10 -2.139041626117443862e-10 8.137513283089255393e-10 1.000000061056633971e+00 6.754229731482267424e-11 4.506439374440951440e-09 -7.656115743121981746e-10 6.754229731482267424e-11 1.000000080766252131e+00 2.697696344089450804e-08
9.999986035828896114e-01 -8.887638612746736385e-04 -1.412603430800692984e-03 1.312502747661596289e-02 8.883479423824852499e-04 9.999996226129882482e-01 -2.961865001483749045e-04 -2.382182235229405795e-02 1.412864520373906078e-03 2.949313412155567986e-04 9.999990391793227573e-01 5.849519943245902187e-01
9.999964445783837697e-01 -1.373454589940140223e-03 -2.284069034124600831e-03 1.712336887676267974e-02 1.371368300864507549e-03 9.999987017189732041e-01 -9.154368507278600603e-04 -4.682369339031905442e-02 2.285321709788298763e-03 9.123014375026517473e-04 9.999970532653834621e-01 1.227663893627460423e+00
9.999929965374960705e-01 -1.234936987436531042e-03 -3.531901413494869905e-03 1.420210668503819537e-02 1.228908372128102765e-03 9.999978455628183438e-01 -1.709025727757043731e-03 -6.113432171663271686e-02 3.534002597802723186e-03 1.704673520726584547e-03 9.999923831910187966e-01 1.796856716686799249e+00
9.999827747382408205e-01 -1.785189348834133631e-03 -5.590693226096442661e-03 8.417996502152351457e-03 1.769772607483827316e-03 9.999946817845518643e-01 -2.761597954843366017e-03 -7.979623081777967308e-02 5.595591598355649336e-03 2.751656281166513143e-03 9.999806394445440727e-01 2.335329620561848785e+00
9.999584286481415507e-01 -5.497140235740509764e-03 -7.274266275135461007e-03 3.765221938932581877e-03 5.463300734635077524e-03 9.999742609495612111e-01 -4.663893601732136893e-03 -9.450037495102457663e-02 7.299715146875080697e-03 4.623958375616285532e-03 9.999627466484960481e-01 2.890768130343923659e+00
9.999419755519514119e-01 -6.604843547976413376e-03 -8.509647386828255583e-03 1.055609588238368493e-02 6.559586833562187219e-03 9.999643128011618254e-01 -5.335453656976090267e-03 -1.143797983732005724e-01 8.544581489907247460e-03 5.279324466108395973e-03 9.999496389188002876e-01 3.461620318667656626e+00
9.999348438932069705e-01 -6.389970474314357780e-03 -9.458793599076368436e-03 8.941902394327820233e-03 6.343021236016638427e-03 9.999675163057862859e-01 -4.985432347221168195e-03 -1.246403639227925964e-01 9.490341001876264129e-03 4.925110353314917158e-03 9.999429174839470358e-01 4.035917224442950868e+00
9.999215442339103310e-01 -6.127395505697849805e-03 -1.092487697499262313e-02 -8.008660164426115863e-03 6.069799369675094210e-03 9.999676072756216172e-01 -5.297551861874717598e-03 -1.377683748862477131e-01 1.095698108849699030e-02 5.230824595265875891e-03 9.999263695619438064e-01 4.629769768662135299e+00
9.999076739118069046e-01 -6.032526075195119089e-03 -1.217558300857502634e-02 -2.098993796925706021e-02 5.942270764204014670e-03 9.999547609680931037e-01 -7.435560248943464713e-03 -1.546118238757925312e-01 1.221988513728517606e-02 7.362523318989262246e-03 9.998983094089437529e-01 5.217947072247923757e+00
9.998953011226268117e-01 -5.194722357524782924e-03 -1.350533962407419152e-02 -3.852608349701031054e-02 5.042784928851777419e-03 9.999239482595331241e-01 -1.126011270472440998e-02 -1.757223036681225814e-01 1.356280332902898116e-02 1.119082945240631490e-02 9.998454766600270993e-01 5.826703857565220801e+00
9.998819451175722239e-01 -4.147955760230325785e-03 -1.479468968514304449e-02 -6.819538420365704734e-02 3.913510170328316808e-03 9.998669318371586900e-01 -1.584061798800238258e-02 -1.759764961348552204e-01 1.485842474054340119e-02 1.578084896653350611e-02 9.997651491769640186e-01 6.426063780147236670e+00
9.998655063836989765e-01 -2.771582301165353372e-03 -1.616415896002903682e-02 -7.824497812550854081e-02 2.514646658444194723e-03 9.998705779204090094e-01 -1.589421533570422804e-02 -1.945358686099427359e-01 1.620611657953146406e-02 1.585143072657077892e-02 9.997430947060572670e-01 7.060085249365507742e+00
9.998526847972982745e-01 -3.758426189800053645e-04 -1.715983720670856069e-02 -8.346131782774951491e-02 2.083465355038159193e-04 9.999523920732834581e-01 -9.761777133798775138e-03 -1.902261946753577848e-01 1.716268658341676273e-02 9.756764068819511956e-03 9.998051856362829559e-01 7.698041688487001544e+00
9.998377110349296881e-01 8.165945022398530271e-04 -1.799659241606992380e-02 -1.026930118869853331e-01 -8.220914831897421782e-04 9.999996786948972538e-01 -2.981401458865068832e-04 -1.840963742434951755e-01 1.799634054449705811e-02 3.128867566462077243e-04 9.998380845449540422e-01 8.354339970090075340e+00
9.998214276445133164e-01 1.357939912230949698e-03 -1.884837923357110187e-02 -1.276761123052905789e-01 -1.215865672407775728e-03 9.999708423214198616e-01 7.547071684425663528e-03 -2.151373268312842535e-01 1.885807543990526344e-02 -7.522806767541159907e-03 9.997939496917684910e-01 9.026192876203634086e+00
9.998023450521502653e-01 2.317876312386032804e-03 -1.974565423983753315e-02 -1.408119141696302923e-01 -2.165483430435386717e-03 9.999677961182641406e-01 7.735600790354885299e-03 -2.445425816351114445e-01 1.976294577499386473e-02 -7.691312802909027087e-03 9.997751903045305477e-01 9.711943078586958933e+00
9.997752997631619287e-01 5.468011139313627526e-03 -2.048031815487766361e-02 -1.595550943882340367e-01 -5.454224055022184429e-03 9.999849210058694426e-01 7.289056351240068418e-04 -2.479250753947275510e-01 2.048399221396823844e-02 -6.170374606772454501e-04 9.997900713616493240e-01 1.039959247134723341e+01
9.997413170018522033e-01 6.192138758533673182e-03 -2.188490575629101903e-02 -2.000600850332821812e-01 -6.329328180597830478e-03 9.999607787309340301e-01 -6.205054781529593423e-03 -2.350426315844898473e-01 2.184562198238839889e-02 6.341966561918875242e-03 9.997413214023708194e-01 1.110769199250656847e+01
9.997180520624189271e-01 5.763522424116586558e-03 -2.303455660194066862e-02 -2.128676453976796057e-01 -5.901776480442309271e-03 9.999650112855814621e-01 -5.938631176519717884e-03 -2.558115413188747356e-01 2.299952028794272074e-02 6.072901768188025684e-03 9.997171116788786671e-01 1.184035769523061532e+01
9.997125091785142859e-01 2.991012704442206314e-03 -2.378960783887018246e-02 -2.376713966924151600e-01 -2.910506280255081065e-03 9.999899843312056724e-01 3.417937852065169087e-03 -2.604906720141403342e-01 2.379958967875023951e-02 -3.347715283669459689e-03 9.997112251950119877e-01 1.259475474858311550e+01
9.997086917509259152e-01 1.821032843833467717e-03 -2.406674224818474914e-02 -2.688388899203149052e-01 -1.536996537743237200e-03 9.999290779805926066e-01 1.181519214897506186e-02 -2.771992847853350095e-01 2.408654822812934804e-02 -1.177475967732419769e-02 9.996406127558169485e-01 1.337703201015983367e+01
9.997033034228597348e-01 9.633741345038971922e-04 -2.433864501335659611e-02 -2.792022711580918193e-01 -6.053903064283066952e-04 9.998916581584738061e-01 1.471147736305070987e-02 -2.749182277668154595e-01 2.435017774708437069e-02 -1.469237803915795539e-02 9.995956003852518590e-01 1.417364636081161677e+01
9.996974003913697837e-01 -6.915031361772426555e-04 -2.458906420016504155e-02 -2.998986895887083004e-01 1.038010613148657299e-03 9.999003674172018963e-01 1.408189950221619934e-02 -2.780840538164753850e-01 2.457687360784940531e-02 -1.410316193173648085e-02 9.995985391869330883e-01 1.496857117203289533e+01
9.997027970884451165e-01 -1.004453892745921012e-03 -2.435777428711775883e-02 -3.289471694544708336e-01 1.298389619598877033e-03 9.999265593303574562e-01 1.205455307725737495e-02 -2.997277271684460898e-01 2.434387416628689890e-02 -1.208259619985305872e-02 9.996307058608328022e-01 1.577988691558041090e+01
9.997217017711297338e-01 6.903976240780325619e-04 -2.358039354297089898e-02 -3.543647023381884531e-01 -4.972287614382387994e-04 9.999663435990164828e-01 8.196740062764745760e-03 -2.797002269289594056e-01 2.358525594415479196e-02 -8.182733951539910427e-03 9.996884214663022128e-01 1.661848866987384810e+01
9.997420884877453728e-01 -6.939010522151750507e-05 -2.271000409198402695e-02 -3.617884271757859649e-01 1.251580409187572030e-04 9.999970417412494816e-01 2.454171578832943165e-03 -2.809284571185006185e-01 2.270976369529342440e-02 -2.456380814942358583e-03 9.997391631219700869e-01 1.747901402075557087e+01
9.997499771683363567e-01 -3.159448660150917035e-03 -2.213579958644824527e-02 -3.883567846258960121e-01 3.074937250860477599e-03 9.999879185249010982e-01 -3.850932691258945103e-03 -3.052131668322786151e-01 2.214769609765136760e-02 3.781903845096372310e-03 9.997476372657208010e-01 1.834918544966559395e+01
9.997751651195601053e-01 -3.982768115935897413e-03 -2.082664994266274217e-02 -4.116497970203893408e-01 3.804664926840864610e-03 9.999559762386717177e-01 -8.584417757056315643e-03 -3.370059415528325886e-01 2.085992002321624544e-02 8.503249442841604583e-03 9.997463277998850373e-01 1.920712098395627265e+01
9.997968611226999425e-01 -1.133855223440241670e-04 -2.015480623491265957e-02 -4.223121809235548807e-01 -9.034907988049780401e-05 9.999489761979515334e-01 -1.010737114599614267e-02 -3.420035569731101899e-01 2.015492113637979560e-02 1.010713910353812015e-02 9.997458608867252350e-01 2.012067897435230179e+01
9.997924439681976638e-01 5.825793680934602875e-04 -2.036472855249270297e-02 -4.466347049639004529e-01 -7.857513798198044117e-04 9.999500490064930913e-01 -9.970165456709942017e-03 -3.599974129178130089e-01 2.035790013559659814e-02 9.984097890833468561e-03 9.997429845502355805e-01 2.105014858805459355e+01
9.997835674829653740e-01 -5.075897282968714003e-04 -2.079791161954995179e-02 -4.858485230204090399e-01 2.940659210407072822e-04 9.999472958963222524e-01 -1.026845019013669473e-02 -3.808546675990598929e-01 2.080202485151757749e-02 1.026011199735007116e-02 9.997310474960927618e-01 2.199477503498552267e+01
9.997808818530908859e-01 1.199221404053302849e-03 -2.089839076265820328e-02 -5.137072235551174426e-01 -1.455926116459545097e-03 9.999236891355647305e-01 -1.227266461344939108e-02 -4.108311066760370611e-01 2.088207555039587118e-02 1.230040215998462645e-02 9.997063571320338182e-01 2.293060606210061536e+01
9.997623101447298266e-01 6.294056211843678146e-03 -2.087344409738121562e-02 -5.502763048984778971e-01 -6.575857584108398858e-03 9.998878546418186186e-01 -1.345950735356541555e-02 -4.277421424630309388e-01 2.078638555231518414e-02 1.359356915890119928e-02 9.996916037038745539e-01 2.388802820130974069e+01
9.997355660970549396e-01 9.066497178834270060e-03 -2.113265520696593763e-02 -5.722608993154710832e-01 -9.355538988325017360e-03 9.998635490476043275e-01 -1.361907743439226721e-02 -4.529151383368840156e-01 2.100629150615540910e-02 1.381318366519974049e-02 9.996839966388540999e-01 2.486444778849459780e+01
9.997394151394499717e-01 8.676565353327638647e-03 -2.111425195724616136e-02 -6.292765173025681724e-01 -8.965122658307499506e-03 9.998672428602325413e-01 -1.361048588033770927e-02 -4.765330861848019461e-01 2.099335381737222131e-02 1.379623124952490502e-02 9.996845025109283300e-01 2.584425031755863955e+01
9.997379346641983577e-01 8.849838988984580490e-03 -2.111243588776334779e-02 -6.494020857059201735e-01 -9.131520128385840762e-03 9.998701393045986707e-01 -1.328314577401914359e-02 -5.151728917723621404e-01 2.099213770864286760e-02 1.347245355100230337e-02 9.996889439278483502e-01 2.683370458508314371e+01
9.997240745682851593e-01 9.182962337396800845e-03 -2.162037327891333863e-02 -6.822914109390578741e-01 -9.457833196370770898e-03 9.998753692512967195e-01 -1.264584711112367969e-02 -5.438750005788031139e-01 2.150154954408970906e-02 1.284683987800670085e-02 9.996863525785532056e-01 2.783480146099294927e+01
9.997099692939481752e-01 1.057270165815298382e-02 -2.163764976816122745e-02 -7.033332360215822643e-01 -1.080965539817348164e-02 9.998826213377063343e-01 -1.086356229777794835e-02 -5.784893420799965824e-01 2.152024993022421881e-02 1.109430725474150857e-02 9.997069353812494397e-01 2.885005295307692919e+01
9.996956573403781299e-01 1.072352640555969232e-02 -2.221691457544162224e-02 -7.310042919903456671e-01 -1.094609755991780321e-02 9.998909344798635468e-01 -9.920896195520946884e-03 -6.002311648281813961e-01 2.210810161069754962e-02 1.016106554086822211e-02 9.997040292243057902e-01 2.987333405040301670e+01
9.996922055146809649e-01 1.047599555728371580e-02 -2.248867199304326742e-02 -7.377213036803903501e-01 -1.070608333302977208e-02 9.998913814021079816e-01 -1.013544603665953066e-02 -6.340211067288608060e-01 2.238004752788479851e-02 1.037309218273163580e-02 9.996958006747858061e-01 3.087967812161042147e+01
9.996707557455613014e-01 1.208152906721996281e-02 -2.263646142781231343e-02 -7.768926199146033440e-01 -1.233024605491244395e-02 9.998648433983851058e-01 -1.088035165614966576e-02 -6.620170005675067859e-01 2.250194777944024629e-02 1.115588268795627766e-02 9.996846353137187613e-01 3.189503426141641640e+01
9.996563106269121812e-01 1.275669247921491951e-02 -2.290240266587608570e-02 -8.130634113828801857e-01 -1.300484232971313436e-02 9.998580382048349868e-01 -1.071912286110797592e-02 -6.835615942879573748e-01 2.276240793326635842e-02 1.101328113315202563e-02 9.996803198408720226e-01 3.291594620536202598e+01
9.996537656703520236e-01 1.221772522874375357e-02 -2.330383227802991508e-02 -8.455065469463791672e-01 -1.242022533599802456e-02 9.998862458965521727e-01 -8.564773942880561305e-03 -7.176093842205962803e-01 2.319653637614105257e-02 8.851247549898961023e-03 9.996918212971819262e-01 3.395869730338797154e+01
9.996473075142143783e-01 1.205950594237398948e-02 -2.366054785894189730e-02 -8.709182337887058090e-01 -1.216840971230474626e-02 9.999160576222277941e-01 -4.464257819159393216e-03 -7.340464870731304714e-01 2.360472202368458713e-02 4.750594712147646753e-03 9.997101631961814450e-01 3.500258459572959424e+01
9.996507477066080005e-01 1.050639344296304054e-02 -2.424852436553518939e-02 -8.917711857189342117e-01 -1.055359221765073130e-02 9.999427151927264834e-01 -1.819371586762154889e-03 -7.617490559524666693e-01 2.422801725074556073e-02 2.074645359591946459e-03 9.997043865427539533e-01 3.606269741502085679e+01
9.996454625514354930e-01 1.012822796854426048e-02 -2.462439495735093548e-02 -9.261056632312100190e-01 -1.016231530406901118e-02 9.999476300398111306e-01 -1.259609188800091522e-03 -7.850781759492599932e-01 2.461034473694993785e-02 1.509403628881416217e-03 9.996960608487400757e-01 3.712386312585460502e+01
9.996261524318299507e-01 1.047502420803124792e-02 -2.525513562222695199e-02 -9.624507352444694464e-01 -1.053425234003237641e-02 9.999421246717636880e-01 -2.213351136804635449e-03 -8.068177213679754711e-01 2.523048599635019720e-02 2.478567809235677263e-03 9.996786687323142573e-01 3.820259332222198623e+01
9.995891077456330320e-01 1.250450987095889054e-02 -2.579235452125997613e-02 -1.001104684546079593e+00 -1.258598721513646580e-02 9.999163566622615296e-01 -2.999114424078301328e-03 -8.242904742709373789e-01 2.575269160555009040e-02 3.322504514315259214e-03 9.996629038212018203e-01 3.930051862734642754e+01
9.995753546893277885e-01 1.282162783571460726e-02 -2.616694103582508160e-02 -1.041626238783540215e+00 -1.288972868073812519e-02 9.999140187212323116e-01 -2.435598604278667225e-03 -8.381619851218999884e-01 2.613345970504234519e-02 2.771849265986187777e-03 9.996547006694989079e-01 4.035640683586442634e+01
9.995684733596106319e-01 1.134058098824857787e-02 -2.709706506427724329e-02 -1.072554756062365611e+00 -1.136215223395639282e-02 9.999353034290299203e-01 -6.422921701008791652e-04 -8.719161127408587841e-01 2.708802482620144281e-02 9.498961342424497170e-04 9.996326815573514102e-01 4.144830999851415498e+01
9.995582756498848642e-01 1.036168110185148143e-02 -2.785465478145551094e-02 -1.116526835260782002e+00 -1.029952117539069574e-02 9.999442013058176260e-01 2.374074247658771418e-03 -8.925371618787922845e-01 2.787769669326076866e-02 -2.086135812498739976e-03 9.996092453994971372e-01 4.250067537357448089e+01
9.995646918493432675e-01 9.390377427735430507e-03 -2.796855852928220240e-02 -1.156169703612858424e+00 -9.329113106909307784e-03 9.999538523791541289e-01 2.320097762936727381e-03 -9.147043798095892964e-01 2.798905119870020650e-02 -2.058165816572895060e-03 9.996061916522329671e-01 4.358222015280126982e+01
9.995389550220753483e-01 1.018916346820630467e-02 -2.860159075667829259e-02 -1.192063047051421965e+00 -1.020661170320425956e-02 9.999478644972357166e-01 -4.641710921886027107e-04 -9.339912556196399152e-01 2.859536680666072486e-02 7.558825727353715371e-04 9.995908638330465168e-01 4.463892407464604872e+01
9.994783598054393092e-01 1.482308496369136482e-02 -2.869280573614371374e-02 -1.230505249060197537e+00 -1.496091064515401789e-02 9.998775828724578707e-01 -4.594833610805099632e-03 -9.710846181019704426e-01 2.862118036133980484e-02 5.021707429463303715e-03 9.995777968267948177e-01 4.573637636335893575e+01
9.994145700694510026e-01 1.881619426060402583e-02 -2.857377554834563196e-02 -1.288916831937652940e+00 -1.898332904731136334e-02 9.998042382762297731e-01 -5.589311397545006048e-03 -9.829628619191566052e-01 2.846300906314933390e-02 6.128464797449988989e-03 9.995761403990949256e-01 4.680997710180756144e+01
9.994071168556081242e-01 1.867171373136082557e-02 -2.892705600317324252e-02 -1.313308628315924542e+00 -1.878147210253890143e-02 9.998174515875940527e-01 -3.527302945711652173e-03 -1.008515258050534769e+00 2.885591133393139787e-02 4.068504522035425001e-03 9.995753823851577513e-01 4.788426073845715081e+01
9.994786373860859996e-01 1.599153714138811314e-02 -2.804847263378060576e-02 -1.347011826080236396e+00 -1.602487532679935933e-02 9.998711895280681938e-01 -9.642576964609280397e-04 -1.037016822079477762e+00 2.802943649217897251e-02 1.413228396514247965e-03 9.996061799022958327e-01 4.898652828053476327e+01
9.994992365444148597e-01 1.374234879120172365e-02 -2.850292371136797440e-02 -1.382653658883383097e+00 -1.374991810033683939e-02 9.999055240283351020e-01 -6.963109002015075539e-05 -1.055293675757180250e+00 2.849927070407780663e-02 4.615092374140050430e-04 9.995937874951459357e-01 5.006059615979273048e+01
9.995065367577068427e-01 1.403711673944524341e-02 -2.810044472940774474e-02 -1.412459540119679113e+00 -1.405111783253205904e-02 9.999012939403064681e-01 -3.009015190078800331e-04 -1.082454814433630341e+00 2.809344400926627391e-02 6.955958449762770146e-04 9.996051400293257672e-01 5.112500373316898106e+01
9.995184363321441001e-01 1.387876055676800710e-02 -2.775370419559762200e-02 -1.447827037561290275e+00 -1.392496587012058938e-02 9.999020200602806163e-01 -1.472305248466318191e-03 -1.102607532047283456e+00 2.773054789420237656e-02 1.858065777388161763e-03 9.996137882854564394e-01 5.222211479500288789e+01
9.995324967716040510e-01 1.429186942980445636e-02 -2.702818939007118129e-02 -1.494699028936295582e+00 -1.440688298632099643e-02 9.998880117433138759e-01 -4.065436100268531722e-03 -1.122723715115264032e+00 2.696705669389326196e-02 4.452927620357810881e-03 9.996264856030274704e-01 5.329524562640437324e+01
9.995411374542442218e-01 1.368646442580296121e-02 -2.702198886203200853e-02 -1.532582682803343310e+00 -1.386699844982754171e-02 9.998827497785403029e-01 -6.505007867766221009e-03 -1.149067261366776282e+00 2.692978679892295973e-02 6.876737013174340912e-03 9.996137546579273447e-01 5.436327522887979313e+01
9.995653090001181962e-01 1.155870238648330772e-02 -2.712161665863190366e-02 -1.561279678650321801e+00 -1.182835380730763546e-02 9.998820488739097456e-01 -9.803084783425392371e-03 -1.186390419678195585e+00 2.700510352194778266e-02 1.011962773440330983e-02 9.995841530094532468e-01 5.542924423741197870e+01
9.995604053559975499e-01 1.238001838205840012e-02 -2.693926202492210112e-02 -1.611416050396669020e+00 -1.268525462006412328e-02 9.998569922232084517e-01 -1.118934763621910917e-02 -1.229551212702241658e+00 2.679688201336621889e-02 1.152616044749332769e-02 9.995745275715834932e-01 5.649919049410232930e+01
9.995722951847347826e-01 1.139416759130213765e-02 -2.693310769110314126e-02 -1.639223011586586454e+00 -1.166961051862824492e-02 9.998810395662365291e-01 -1.009202616954483003e-02 -1.257473980110081158e+00 2.681491031928725371e-02 1.040200882523554908e-02 9.995863745707010972e-01 5.758532068163308537e+01
9.996037583021192274e-01 1.025883935319355997e-02 -2.621212012614069706e-02 -1.673927703798162581e+00 -1.038273899142655790e-02 9.999356006510915496e-01 -4.595146427305060732e-03 -1.268862361898410285e+00 2.616328808883593149e-02 4.865479407062314222e-03 9.996459227654228563e-01 5.866806837018501852e+01
9.996309984229169165e-01 7.003880309801461916e-03 -2.624510015192989959e-02 -1.703368123906857656e+00 -6.955041191580269358e-03 9.999739699500154178e-01 1.951646383599206025e-03 -1.294848270442667149e+00 2.625808295252437738e-02 -1.768390325924111160e-03 9.996537136973924209e-01 5.977318930676110398e+01
9.996566424797107553e-01 2.123254747181385540e-03 -2.611669108584605339e-02 -1.726706673065000031e+00 -2.040344055154935232e-03 9.999928569631456599e-01 3.200801329008504115e-03 -1.323294067756479286e+00 2.612329752158159407e-02 -3.146415131484093207e-03 9.996538575089475298e-01 6.083268371863508861e+01
9.996606412885401527e-01 -5.461544362144321726e-04 -2.604412768135582618e-02 -1.773603234264297335e+00 5.655581916141578852e-04 9.999996290938200083e-01 7.376113036872999126e-04 -1.352081316822378199e+00 2.604371205032347814e-02 -7.520903047606273964e-04 9.996606028337791106e-01 6.190882457601653499e+01
9.996717369233198980e-01 -1.782590235239703497e-03 -2.555843064138086859e-02 -1.795203950807372051e+00 1.713177678374983113e-03 9.999948464892879363e-01 -2.737541371775238219e-03 -1.370855288642860437e+00 2.556317575103928680e-02 2.692856772457725371e-03 9.996696624417560351e-01 6.299178411111338960e+01
9.996675474974019426e-01 2.342646229308171287e-03 -2.567682037945703474e-02 -1.843937462538115080e+00 -2.515393464039181095e-03 9.999744683280235025e-01 -6.697581394006482149e-03 -1.402310216359317518e+00 2.566047165139343292e-02 6.759942251911449720e-03 9.996479404336613417e-01 6.408345335710868085e+01
9.996615349307647058e-01 1.875281860978837613e-03 -2.594786145610170763e-02 -1.874181212894489690e+00 -2.147504124966946246e-03 9.999429713245227003e-01 -1.046730313437336211e-02 -1.425171789327223992e+00 2.592674943498092521e-02 1.051948365148237460e-02 9.996085761752677712e-01 6.516589279772854582e+01
9.996639812113443657e-01 6.034327757289475840e-03 -2.520920820055101014e-02 -1.913868855326378959e+00 -6.331251524936010004e-03 9.999113907835679438e-01 -1.171528645740209373e-02 -1.467520147892523275e+00 2.513627749793675981e-02 1.187095593420578986e-02 9.996136300584878009e-01 6.623050313232715780e+01
9.996665681380536572e-01 9.765552700752850104e-03 -2.390353845967202809e-02 -1.956067569339586809e+00 -9.981614794542341407e-03 9.999103109079096052e-01 -8.936419693772460621e-03 -1.469092773019529785e+00 2.381412251759503981e-02 9.172036101124212901e-03 9.996744083803212888e-01 6.732619923586455002e+01
9.996582271929825847e-01 1.010778533631746454e-02 -2.410921206678479090e-02 -1.992047564384045399e+00 -1.026697821716277513e-02 9.999263029968923355e-01 -6.488437626997395520e-03 -1.515367916956538386e+00 2.404184856155528252e-02 6.733748982659291081e-03 9.996883552335313894e-01 6.841705921535509560e+01
9.996710340047009202e-01 9.198430540153727797e-03 -2.394170565192214883e-02 -2.026160111455678869e+00 -9.332324623170447017e-03 9.999414603777002641e-01 -5.486859489192307503e-03 -1.554921665682774901e+00 2.388983063226307255e-02 5.708486436993611031e-03 9.996983798241454444e-01 6.949652488815188178e+01
9.996763618774019422e-01 8.413396588693828129e-03 -2.400789206814333762e-02 -2.061316475319870722e+00 -8.532204364453486317e-03 9.999518963436474506e-01 -4.850626953340527424e-03 -1.577715967802842290e+00 2.396592396200318206e-02 5.053897514057609751e-03 9.997000820527260911e-01 7.059403800576562560e+01
9.996701317423143385e-01 8.231368777049065041e-03 -2.432827350674801950e-02 -2.074810447896726640e+00 -8.323447425246354933e-03 9.999586267447007071e-01 -3.686070641048555443e-03 -1.608251855551282805e+00 2.429692254846646526e-02 3.887349991905481809e-03 9.996973089443247362e-01 7.167480743768470575e+01
9.996843853184403939e-01 5.732666713088444173e-03 -2.445933152665881807e-02 -2.136884903178839945e+00 -5.767018278738092994e-03 9.999825416116361332e-01 -1.334194018450703557e-03 -1.632367493297697036e+00 2.445125299365908181e-02 1.474830495320264296e-03 9.997000162782946342e-01 7.277763119182237972e+01
9.996757312791928474e-01 4.980243657274121931e-03 -2.497242642579382624e-02 -2.148433883653017240e+00 -4.977183727461100514e-03 9.999876577540574019e-01 1.846220202701110650e-04 -1.660504396739127753e+00 2.497303461671968733e-02 -6.026964733599797849e-05 9.996882040672335767e-01 7.386246808780715867e+01
9.996610097481669621e-01 4.249305701257866975e-03 -2.568660370552543898e-02 -2.179554770832211830e+00 -4.263058307599540582e-03 9.999908586289625312e-01 -4.807259806271480494e-04 -1.674586209817527260e+00 2.568432304438296801e-02 5.900666634436823547e-04 9.996700099576003584e-01 7.493665301416118041e+01
9.996412024594226731e-01 4.712262690922087820e-03 -2.636766107300963363e-02 -2.201579931240578603e+00 -4.822608677232332643e-03 9.999799327769890445e-01 -4.122934942264999507e-03 -1.722363038998318885e+00 2.634770045852291576e-02 4.248616723226040018e-03 9.996438912784905151e-01 7.602389674138265718e+01
9.996246021257948478e-01 5.471828730192448802e-03 -2.684597818035007813e-02 -2.244933849010007254e+00 -5.637054901154317683e-03 9.999656717786233884e-01 -6.082842942360421230e-03 -1.740808577166160109e+00 2.681176916790313849e-02 6.231891884932407553e-03 9.996211552326664807e-01 7.708081946011296282e+01
9.996058927942618189e-01 7.157261550654834929e-03 -2.714452676472639894e-02 -2.286889149089180950e+00 -7.292389277663671385e-03 9.999615518173354811e-01 -4.882421878795906341e-03 -1.769090156657679325e+00 2.710853515446970050e-02 5.078446307717001534e-03 9.996196767442080411e-01 7.817876315343832516e+01
9.995828966241031566e-01 8.536098307309092012e-03 -2.758913633715129668e-02 -2.319042475138656023e+00 -8.569278570352896474e-03 9.999627557929593458e-01 -1.084705565354740714e-03 -1.791063321260160546e+00 2.757884643431748883e-02 1.320672281695046361e-03 9.996188395985249331e-01 7.925610389249816023e+01
9.995478028614555033e-01 9.340204847463244933e-03 -2.858221506962217717e-02 -2.352242283946214485e+00 -9.256711325257051259e-03 9.999525590961679811e-01 3.052039606400987464e-03 -1.807032012505662477e+00 2.860936249838766723e-02 -2.786082028129826648e-03 9.995868664319584873e-01 8.031469290384663395e+01
9.995566981722301403e-01 8.544895362170653111e-03 -2.851989743517101966e-02 -2.384808608975066413e+00 -8.435881469490098816e-03 9.999567144528865859e-01 3.940459394732013024e-03 -1.834602621593611094e+00 2.855233047155899748e-02 -3.698121969686408387e-03 9.995855389797885238e-01 8.137894940739440131e+01
9.995196583369251320e-01 9.679516070449178597e-03 -2.944065595752195022e-02 -2.422582538994810353e+00 -9.603549886093597221e-03 9.999502449765855783e-01 2.720568519878528279e-03 -1.857235935630993096e+00 2.946552159148664932e-02 -2.436526766802178667e-03 9.995629083695205530e-01 8.243747492786370401e+01
9.994985628338608485e-01 1.028291025402169531e-02 -2.994790996656048615e-02 -2.454844293931114585e+00 -1.023640274963322390e-02 9.999462127569214154e-01 1.705796580510232641e-03 -1.877810990683724146e+00 2.996383634238130103e-02 -1.398382216450897017e-03 9.995500860133545995e-01 8.346557767787901128e+01
9.994960274774904452e-01 9.628120520760091727e-03 -3.024868614744586140e-02 -2.507031104410156530e+00 -9.581884104845854802e-03 9.999527540901492761e-01 1.673073985448244021e-03 -1.897803911525476117e+00 3.026336219868196523e-02 -1.382391250009519772e-03 9.995410843538972134e-01 8.449888106822537281e+01
9.994940938315628465e-01 8.619164223445141201e-03 -3.061468708344665737e-02 -2.543928050105022987e+00 -8.565483274719554868e-03 9.999616016414255570e-01 1.884100292503361907e-03 -1.931852052366761496e+00 3.062974749702638763e-02 -1.620917377058222683e-03 9.995295656463204503e-01 8.552227497674672918e+01
9.994845842143356140e-01 8.199352407576182902e-03 -3.103754502225859746e-02 -2.572235724396867873e+00 -8.109879332291059645e-03 9.999626528239680123e-01 3.007475835520920585e-03 -1.953784398207172535e+00 3.106104178210578048e-02 -2.754214846357210932e-03 9.995137754862460922e-01 8.654587721019461810e+01
9.994595931701207858e-01 7.083179681124215400e-03 -3.209895408274334588e-02 -2.624790259537288062e+00 -6.909218497266089373e-03 9.999609168839332929e-01 5.527160640117456149e-03 -1.976881992064299931e+00 3.213684593018326791e-02 -5.302394901532136474e-03 9.994694938498476233e-01 8.754877705756173611e+01
9.994408713759517227e-01 6.074149653034972493e-03 -3.287920314781028752e-02 -2.657090127500801646e+00 -5.845975253084475035e-03 9.999582520357783721e-01 7.031419659021356273e-03 -2.001729549303093325e+00 3.292053685695930237e-02 -6.835277051472872685e-03 9.994346795208846057e-01 8.855155087501344724e+01
9.993871591841367863e-01 4.954026655341437629e-03 -3.465193152381385727e-02 -2.703108813992146864e+00 -4.705127659066616307e-03 9.999626327421297090e-01 7.260647312204634822e-03 -2.013414348743296500e+00 3.468660246226149685e-02 -7.093155796797223113e-03 9.993731475909647388e-01 8.949554751649542084e+01
9.992603389353407195e-01 4.581856558550236914e-03 -3.818081099391822109e-02 -2.737856497553610158e+00 -4.332768611308210512e-03 9.999688673536079042e-01 6.604055307347887760e-03 -2.040070628056430913e+00 3.820987728977699727e-02 -6.433741786795887756e-03 9.992491048746066085e-01 9.042897927584596118e+01
9.991223407718416993e-01 4.013929635584343250e-03 -4.169447534350095158e-02 -2.800475410012472022e+00 -3.771032234003861977e-03 9.999755299001749087e-01 5.902628608127315907e-03 -2.051293411546343037e+00 4.171714372951879080e-02 -5.740216756740093573e-03 9.991130522370533784e-01 9.132858890336746072e+01
9.989880422383922154e-01 4.537548903673786597e-03 -4.474700970388489907e-02 -2.846584660556242596e+00 -4.287678514823299938e-03 9.999747463452219876e-01 5.678432116756640564e-03 -2.071256609587003972e+00 4.477164157375086023e-02 -5.480824843727287281e-03 9.989822931177119170e-01 9.221824364505981464e+01
9.988388950798233745e-01 5.141143931520832620e-03 -4.790013683105741327e-02 -2.887257209183820006e+00 -4.825802318985301410e-03 9.999659940557095172e-01 6.696601369447847257e-03 -2.094273925426417993e+00 4.793293167152255785e-02 -6.457669175340829612e-03 9.988297621882500366e-01 9.309419344287870501e+01
9.986927336238714537e-01 4.841147922572522355e-03 -5.088595008556275751e-02 -2.940738059642316493e+00 -4.457124336522956878e-03 9.999608087374274312e-01 7.657489067037106731e-03 -2.106844812050109539e+00 5.092102219360683524e-02 -7.420673537584176853e-03 9.986751946132550461e-01 9.391748615306075010e+01
9.985343659760359536e-01 7.216503096152369033e-03 -5.363799869998332054e-02 -2.973633900898082771e+00 -6.712925786578760254e-03 9.999318048266424563e-01 9.562657901259144153e-03 -2.126397367713949382e+00 5.370334498187526173e-02 -9.188574501091735514e-03 9.985147380181049748e-01 9.473354811320577085e+01
9.983601843557593503e-01 8.006424013003903342e-03 -5.668185211658337969e-02 -3.031449759251676479e+00 -7.426731630799901680e-03 9.999180831745435594e-01 1.043037387219766451e-02 -2.138233897632556335e+00 5.676071391208577926e-02 -9.992308940303108039e-03 9.983378868336456602e-01 9.549625073836872957e+01
9.981919864896715566e-01 1.048982051034762566e-02 -5.918373679031366241e-02 -3.085569156317550021e+00 -9.866651770699397250e-03 9.998929324530507756e-01 1.081179486066762008e-02 -2.163940966825646406e+00 5.929080876275656664e-02 -1.020830153111520686e-02 9.981886353372798615e-01 9.627341852224068930e+01
9.980527027313923494e-01 1.058078940566531401e-02 -6.147228985650686484e-02 -3.137502011312041095e+00 -9.978465412016560357e-03 9.998992961315896766e-01 1.009702518969394884e-02 -2.171860164375056357e+00 6.157292856021772537e-02 -9.463964020451546763e-03 9.980577984102780853e-01 9.697816854200038961e+01
9.978618885038550435e-01 1.265225683396698116e-02 -6.412148517633459166e-02 -3.201283067125918258e+00 -1.224349346041310287e-02 9.999022305160953916e-01 6.763753573115018937e-03 -2.189071991008288975e+00 6.420078734563287870e-02 -5.964220774237399131e-03 9.979192592884046364e-01 9.768371053531163284e+01
9.976529869334971323e-01 1.567346084243569082e-02 -6.665473218642901931e-02 -3.258618127369953488e+00 -1.550439849782372578e-02 9.998751998501943516e-01 3.052937092001804104e-03 -2.204759233312917566e+00 6.669425815330103091e-02 -2.012330109502842666e-03 9.977715106731871453e-01 9.837186189717857587e+01
9.974732237948904512e-01 1.870458782555525085e-02 -6.853684613003616088e-02 -3.322586612047344623e+00 -1.872546296210662528e-02 9.998246670946112635e-01 3.378848059460974498e-04 -2.217366437934208179e+00 6.853114364944175307e-02 9.463533069910564201e-04 9.976486093794052490e-01 9.898705443067262877e+01
9.973614124905396672e-01 2.002801699730835661e-02 -6.977882560513569421e-02 -3.368375964429567659e+00 -2.013824645572075828e-02 9.997968817524555130e-01 -8.765397019395666572e-04 -2.230842663853073393e+00 6.974709111494928337e-02 2.279450247515975303e-03 9.975621827249196993e-01 9.957780434904830713e+01
9.973683224568815620e-01 2.235206298608561834e-02 -6.896961455615599479e-02 -3.420710607973390882e+00 -2.241100710073066354e-02 9.997488996024931351e-01 -8.092331576716839186e-05 -2.258437625555411721e+00 6.895048171801415604e-02 1.626389053234949872e-03 9.976188385126202318e-01 1.001544514260355214e+02
9.974605521699573263e-01 2.564097028062553227e-02 -6.644532024831155403e-02 -3.456834759517006361e+00 -2.561872806911799291e-02 9.996711429578819530e-01 1.186902986534446678e-03 -2.276112655954104280e+00 6.645389699468950973e-02 5.183558538846971819e-04 9.977894426878503031e-01 1.007394344952601131e+02
9.977576385729749475e-01 2.794869247407194557e-02 -6.081577324970159626e-02 -3.486900191990211173e+00 -2.786495329825334696e-02 9.996092821439206411e-01 2.224735382115206050e-03 -2.282188962633169282e+00 6.085418464024411334e-02 -5.251178788184427890e-04 9.981466092660965517e-01 1.012812939698950601e+02
9.981456732035712820e-01 2.892793602026570710e-02 -5.355728264493370139e-02 -3.516620197726691988e+00 -2.873678622820511480e-02 9.995776705667029916e-01 4.335854688092728726e-03 -2.292378269315379580e+00 5.366008634590360704e-02 -2.788750268186142127e-03 9.985554462380394902e-01 1.017974974211900161e+02
9.986499036678435637e-01 2.782431779876642225e-02 -4.386536315358183918e-02 -3.548097710544658945e+00 -2.756326575322730690e-02 9.995986956296243342e-01 6.544929165034803209e-03 -2.297646511818934645e+00 4.402986375675046332e-02 -5.327020088625619883e-03 9.990160935911920337e-01 1.022889281118818587e+02
9.991176300581080527e-01 2.749787488682372064e-02 -3.174619548154878484e-02 -3.567423267793711883e+00 -2.726139865036784904e-02 9.995975144013469205e-01 7.857949455494912111e-03 -2.317241909675636702e+00 3.194949151765724693e-02 -6.985570032606387182e-03 9.994651535687308908e-01 1.027697441926936932e+02
9.994840787855958641e-01 2.629125582644796510e-02 -1.844827314711329838e-02 -3.578747136272129925e+00 -2.614186216388840120e-02 9.996239057972219344e-01 8.292890363249412131e-03 -2.331218546544504111e+00 1.865936268254467928e-02 -7.806339570517702338e-03 9.997955044501951605e-01 1.032225224471186777e+02
9.996564839464361363e-01 2.597528647148617670e-02 -3.491590663657541393e-03 -3.540754802878003371e+00 -2.594874986837943445e-02 9.996356377999284781e-01 7.441508611453024821e-03 -2.341246615133876663e+00 3.683612014388409472e-03 -7.348349830335861380e-03 9.999662965725002461e-01 1.036471895276300330e+02
9.995589360891856678e-01 2.576749310521876668e-02 1.476354227787937679e-02 -3.545500222974036664e+00 -2.584046220830159279e-02 9.996547442587158105e-01 4.773345069048548148e-03 -2.351526037063204289e+00 -1.463544858713125042e-02 -5.152736390961686411e-03 9.998797000079855390e-01 1.040518677100270395e+02
9.990352074934778503e-01 2.522797796956875727e-02 3.594712741054965216e-02 -3.518121079844235943e+00 -2.525640598070740678e-02 9.996810103569194750e-01 3.369267172943893373e-04 -2.360294180083983395e+00 -3.592716000852279323e-02 -1.244496814831201094e-03 9.993537170990471896e-01 1.044614143161218891e+02
9.979181664088538906e-01 2.293484976491788965e-02 6.027701568887836731e-02 -3.487885366134593657e+00 -2.271076765052096325e-02 9.997324554487877490e-01 -4.400067907853986993e-03 -2.374096631768354282e+00 -6.036180164000575638e-02 3.021970480275081115e-03 9.981720702934839817e-01 1.048563934328560094e+02
9.959429634945539123e-01 2.204735958730047463e-02 8.724402842052142448e-02 -3.445526390702301267e+00 -2.150085406880042696e-02 9.997429721829507177e-01 -7.198950844162633859e-03 -2.393148055273854879e+00 -8.738031832343255700e-02 5.293923380974096746e-03 9.961610388711702457e-01 1.052346366747362794e+02
9.929390416077084058e-01 1.852655143852283484e-02 1.171700477678905006e-01 -3.369141015607898471e+00 -1.761198610211341109e-02 9.998059129845116022e-01 -8.836083485766890039e-03 -2.397582125945281639e+00 -1.173110030918565472e-01 6.710095065116161717e-03 9.930726376879177586e-01 1.056385593859214964e+02
9.886655030890338924e-01 1.546244877011636494e-02 1.493366327979955555e-01 -3.286400103295644470e+00 -1.405238096836643018e-02 9.998462647096989508e-01 -1.049283628570982577e-02 -2.407892755076520785e+00 -1.494759118125573438e-01 8.275370040434890453e-03 9.887308177187997815e-01 1.060441703318211637e+02
9.825524852321758651e-01 1.419265144390214652e-02 1.854431923495104551e-01 -3.187318733673178528e+00 -1.213090292280818820e-02 9.998514649171611479e-01 -1.224791338779640006e-02 -2.430292664691801274e+00 -1.855894680611170910e-01 9.784624382620260574e-03 9.825787344370576770e-01 1.063823717708050651e+02
9.747539393967495913e-01 1.061428392150886094e-02 2.230293501290278035e-01 -3.065236664164450620e+00 -7.891289159025049321e-03 9.998831545844869551e-01 -1.309682524246696955e-02 -2.442514623068436475e+00 -2.231422914533366109e-01 1.100619289071131518e-02 9.747238271098955797e-01 1.067446380048576628e+02
9.647674806693289362e-01 8.358081730162112907e-03 2.629711936747364809e-01 -2.933704498506022329e+00 -4.907937588838619594e-03 9.998931497234766486e-01 -1.377401140511567632e-02 -2.463713319096866528e+00 -2.630582048493972369e-01 1.199807203293065151e-02 9.647054385643663021e-01 1.071130759373323116e+02
9.524544706332173094e-01 8.197063262484776194e-03 3.045706641381643043e-01 -2.788093613477776511e+00 -3.932849505653763199e-03 9.998855714895933389e-01 -1.461159572773652882e-02 -2.484307600584481523e+00 -3.046555675923331985e-01 1.271904901333800048e-02 9.523777428376348775e-01 1.074341462491903769e+02
9.372763286473068112e-01 9.213325988034841083e-03 3.484654942453344617e-01 -2.646127452080306419e+00 -4.257485984879170494e-03 9.998787150404420121e-01 -1.498503018467810775e-02 -2.485944905907301106e+00 -3.485612727331994787e-01 1.256152700534193638e-02 9.372018987105604770e-01 1.077542647812569925e+02
9.196045135785881897e-01 9.309268383048891968e-03 3.927351284849918134e-01 -2.468000527989553383e+00 -4.105090785693051025e-03 9.998923808681176029e-01 -1.408889700964790354e-02 -2.501667228794565823e+00 -3.928239974094967502e-01 1.134399976955587259e-02 9.195437834954882650e-01 1.080903408422362588e+02
8.993864248623218982e-01 8.843208199867121089e-03 4.370650575353672851e-01 -2.275707162089143143e+00 -3.237291402320075038e-03 9.999027501266647411e-01 -1.356953730097087280e-02 -2.500373288690602269e+00 -4.371425259355148918e-01 1.078935049329628366e-02 8.993276087786560291e-01 1.083988414514741976e+02
8.764448980300215686e-01 8.236907123554780899e-03 4.814317247047470993e-01 -2.065959322915176699e+00 -1.574946475992399821e-03 9.998974232436481646e-01 -1.424024743103773777e-02 -2.516579436187774910e+00 -4.814996085293237194e-01 1.172256278182673070e-02 8.763679883950404870e-01 1.087009543689946014e+02
