9.999999962582231117e-01 8.137513283089255393e-10 -7.656115743121981746e-10 -2.139041626117443862e-10 8.137513283089255393e-10 1.000000061056633971e+00 6.754229731482267424e-11 4.506439374440951440e-09 -7.656115743121981746e-10 6.754229731482267424e-11 1.000000080766252131e+00 2.697696344089450804e-08
9.999981967218739554e-01 8.118592902021100983e-05 1.895382764863294371e-03 -5.539039229445400989e-03 -8.080949398560546414e-05 1.000000038224442278e+00 -1.978232877558088387e-04 -2.928347148455774304e-02 -1.895400313118956971e-03 1.976699003228304832e-04 9.999982649581941052e-01 1.178617359675031562e+00
9.999835192866068923e-01 7.768306885001792603e-05 5.740002707453568075e-03 -1.481512523028888015e-02 -7.612172282829504720e-05 1.000000021182057663e+00 -2.719457289147368369e-04 -4.401265052108727094e-02 -5.740025135132997836e-03 2.715044395289488758e-04 9.999835698326926536e-01 2.434411503668971744e+00
9.999735474733802976e-01 9.631250085407022220e-05 7.272385258162633766e-03 -2.135360158562045821e-02 -9.557157650905979387e-05 1.000000051287027292e+00 -1.020054822167047281e-04 -6.730955920293350825e-02 -7.272396542623453530e-03 1.013078800600865164e-04 9.999736314145636351e-01 3.658143432764151992e+00
9.999688216166988664e-01 -1.372632523209578459e-04 7.894901057837494518e-03 -1.676025949522436803e-02 1.377858072354540145e-04 1.000000049423157122e+00 -6.543882771329859627e-05 -9.370529082606529614e-02 -7.894893514758558745e-03 6.652472176376342282e-05 9.999689134019077441e-01 4.851159160538690784e+00
9.999639144867201734e-01 -1.473585789767205647e-04 8.493557508128064468e-03 -4.785907292088278746e-03 1.488436198273643046e-04 1.000000034838109064e+00 -1.740196744930411470e-04 -1.122346388295762110e-01 -8.493533173164357145e-03 1.752777356876890954e-04 9.999639947075055213e-01 6.040450990385830998e+00
9.999570407098287150e-01 -1.182102253159495272e-04 9.267970139532394694e-03 -9.455628458683374912e-03 1.242694677115260696e-04 9.999998401083382005e-01 -6.530342950945667658e-04 -1.409396325739625255e-01 -9.267892427080362192e-03 6.541580969989219769e-04 9.999569189653407797e-01 7.241057246870737707e+00
9.999535851200014314e-01 5.934989657526477135e-07 9.634319635748378116e-03 -1.445508903961671872e-04 8.781746107649966276e-06 9.999995877528026211e-01 -9.728978768706322226e-04 -1.629638868147761932e-01 -9.634317183561511358e-03 9.729374569629059902e-04 9.999531963370220655e-01 8.445358493113154452e+00
9.999488645199520187e-01 2.797874233106221065e-04 1.010853967301741756e-02 6.455376045507060442e-03 -2.782812688480374341e-04 1.000000011049625437e+00 -1.502433968930698600e-04 -1.895762658070821449e-01 -1.010858273477364434e-02 1.474228240711225374e-04 9.999489768788082378e-01 9.659551411820043398e+00
9.999589816211920112e-01 -2.659589948555356837e-04 9.053002264654332401e-03 1.427648963675747298e-02 2.606074120968611863e-04 9.999998515745693872e-01 5.924933701551044103e-04 -2.131102183755909651e-01 -9.053159478767247928e-03 -5.901096618353648439e-04 9.999589259631656013e-01 1.086542599094937955e+01
9.999756238183826751e-01 -1.787825690988738498e-03 6.748922550488569740e-03 1.123837899792298582e-02 1.784526672132083535e-03 9.999983462502081144e-01 4.950529721171215581e-04 -2.412098856116575707e-01 -6.749797577220897904e-03 -4.829971431646721040e-04 9.999771839823934361e-01 1.204349126147817195e+01
9.999878331034226520e-01 -1.940658531862846353e-03 4.534313388936765492e-03 7.035472318666684266e-03 1.939066226870014018e-03 9.999981177362528006e-01 3.558965474141942377e-04 -2.667153168321237389e-01 -4.534996782300111315e-03 -3.470997517227490084e-04 9.999897373791477584e-01 1.322120410818486924e+01
9.999930368714408102e-01 -1.616821196134405432e-03 3.362232538577048999e-03 8.451745724858651058e-04 1.616052879498993799e-03 9.999987284006895960e-01 2.317020906604022254e-04 -2.884281938199546591e-01 -3.362604209995085497e-03 -2.262667989744292923e-04 9.999944016007973335e-01 1.441949729022451798e+01
9.999957253756470710e-01 -7.587834501721020313e-04 2.822408494320036935e-03 -9.994069433633635466e-03 7.579953695909029355e-04 9.999997343379694037e-01 2.808585361564849728e-04 -3.118726894452608644e-01 -2.822622214375032374e-03 -2.787178306965350997e-04 9.999960583203952869e-01 1.561274362880367939e+01
9.999972216721624285e-01 -2.111961414942653895e-04 2.346179260859743848e-03 -1.530028306600304637e-02 2.107181242002274791e-04 1.000000017908420302e+00 2.046818780553083267e-04 -3.391296391602282023e-01 -2.346223919017372331e-03 -2.041867943162259120e-04 9.999973075347180496e-01 1.681684114926411766e+01
9.999980122458587140e-01 -3.772676115706070682e-04 1.955936259303606064e-03 -1.174485780387585915e-02 3.765164619993820270e-04 9.999999159767281043e-01 3.852217807626841500e-04 -3.677417287674970003e-01 -1.956082838736407196e-03 -3.844844404933716914e-04 9.999980937215690036e-01 1.801241644830838240e+01
9.999987389294041629e-01 -8.238257120883116366e-04 1.354977500601453567e-03 -2.225190220763572854e-02 8.227467241534378029e-04 9.999994042954442053e-01 7.978792330233053318e-04 -3.894774039365412333e-01 -1.355635455906081767e-03 -7.967632919106070431e-04 9.999988444768727058e-01 1.920710186303702471e+01
9.999989318703020880e-01 -1.332617690483501238e-03 5.940554337985510256e-04 -2.738016438285718890e-02 1.332437011279074797e-03 9.999991261848938384e-01 3.071749133195605073e-04 -4.136941378216332232e-01 -5.944657565130031423e-04 -3.063829092955492922e-04 9.999998571366526257e-01 2.041178155042442555e+01
9.999991814890495379e-01 -1.255222974280846386e-03 2.322728360558043415e-04 -2.125776942540113373e-02 1.255367734288944607e-03 9.999990826722989778e-01 -6.171074056561794228e-04 -4.416449468235030262e-01 -2.314995320929897867e-04 6.173986265382606312e-04 9.999998633799103143e-01 2.161748083857415281e+01
9.999993825194722907e-01 -9.599702429832560058e-04 -5.531126676887461154e-04 -4.424066329739002185e-02 9.597038238127030690e-04 9.999994830854262995e-01 -4.846773817653282613e-04 -4.653404729592108824e-01 5.535760930774265851e-04 4.841463962258463183e-04 9.999998103437194308e-01 2.282332618122854484e+01
9.999991396736769289e-01 -7.853457154451138613e-04 -1.047091647144078120e-03 -5.348276197166852014e-02 7.847418821592709115e-04 9.999995858063442933e-01 -5.785168589255201745e-04 -4.899395499516769892e-01 1.047543954523387152e-03 5.776948032420954659e-04 9.999993652254306475e-01 2.400961965468314219e+01
9.999981428873373490e-01 -3.457761209711110624e-04 -1.893985175547530878e-03 -6.609777114387409280e-02 3.436446772076210267e-04 9.999993675721521313e-01 -1.126444551697435448e-03 -5.178858976619133969e-01 1.894371829421530318e-03 1.125791742941831654e-03 9.999976527361255085e-01 2.519068325296462518e+01
9.999961175164236993e-01 1.937129215189235787e-04 -2.778479629941068424e-03 -6.904029161797664571e-02 -1.955889209030919136e-04 9.999998137657380992e-01 -6.755193050212152843e-04 -5.466358208547190678e-01 2.778346555358151074e-03 6.760602618877227998e-04 9.999959926222856677e-01 2.639762624410093750e+01
9.999933979278959884e-01 -6.081248629151236136e-04 -3.581453171628781566e-03 -7.320362426143688095e-02 6.108175214066858833e-04 9.999995930074739858e-01 7.503340556081293912e-04 -5.714092785615039194e-01 3.580993666781813120e-03 -7.525165805499330540e-04 9.999933858426169886e-01 2.760642339843930415e+01
9.999877536800521050e-01 -2.391344621979020479e-03 -4.332029774575140400e-03 -9.037381400898082673e-02 2.397732361462187513e-03 9.999961066744755822e-01 1.469568797479579208e-03 -5.965574711476238079e-01 4.328496866600905872e-03 -1.479937713752030098e-03 9.999896176577461882e-01 2.880427032449366109e+01
9.999832628476669205e-01 -2.834699368928265528e-03 -5.042918425653014104e-03 -1.101612413852319089e-01 2.839270958551278357e-03 9.999956259619100507e-01 8.992858140019317163e-04 -6.215881508163462188e-01 5.040345323307729442e-03 -9.135888364137412275e-04 9.999869608134691612e-01 3.000201073471619040e+01
9.999792977070467437e-01 -2.630670592523510608e-03 -5.871648326921207264e-03 -1.214409555903119969e-01 2.630292991409824248e-03 9.999965992179623564e-01 -7.230756509546058905e-05 -6.465470982751880813e-01 5.871816686626529259e-03 5.686205480897334435e-05 9.999828398808250363e-01 3.118531549919539358e+01
9.999745057786468827e-01 -2.050334925153442581e-03 -6.839330906943797209e-03 -1.189385419151271911e-01 2.048344584904840393e-03 9.999979187235126243e-01 -2.982438605269532536e-04 -6.675943956820833414e-01 6.839926223769626605e-03 2.842270938864879543e-04 9.999766477985055912e-01 3.239986401278618899e+01
9.999718946178635104e-01 -1.869634837996992337e-03 -7.259956551897262834e-03 -1.397486077236073654e-01 1.868865519993103417e-03 9.999983083458756639e-01 -1.129740108434145108e-04 -6.933845568726997310e-01 7.260153516453315969e-03 9.940309598319393741e-05 9.999737205581435973e-01 3.359815312643114282e+01
9.999646482633233191e-01 -2.192528547975486613e-03 -8.117116074267386253e-03 -1.497730353094671174e-01 2.194057136014949429e-03 9.999976380529145281e-01 1.792161564823604894e-04 -7.221668446640809869e-01 8.116701938767808752e-03 -1.970190946979894593e-04 9.999671203832648514e-01 3.479769641887855158e+01
9.999603066730264889e-01 -2.809537559372285442e-03 -8.454827524235377159e-03 -1.760228337792288378e-01 2.812955455609414575e-03 9.999960277824345711e-01 3.921968232948660213e-04 -7.482591029674002803e-01 8.453690000647473210e-03 -4.159641663529797351e-04 9.999642611676915482e-01 3.598085213155917472e+01
9.999561953693090199e-01 -2.581192959897174281e-03 -8.996517033574430444e-03 -1.940550577929555098e-01 2.583668554073594199e-03 9.999966886968654212e-01 2.633803084741387726e-04 -7.773122667437751820e-01 8.995805327510352986e-03 -2.866126460470964617e-04 9.999595766087517879e-01 3.717663920748055517e+01
9.999561577208685437e-01 -2.612575350402105995e-03 -8.991641640775172375e-03 -2.092875802303935107e-01 2.618638878219224728e-03 9.999964129883462949e-01 6.624636221396286223e-04 -8.032153367382215414e-01 8.989876571090568008e-03 -6.859802987735799749e-04 9.999594357083043672e-01 3.838575232446602570e+01
9.999548983321148166e-01 -2.781732571750992339e-03 -9.080517540603403812e-03 -2.127401604009936387e-01 2.797817460988698355e-03 9.999946001803304840e-01 1.758961410834279215e-03 -8.255793422085286881e-01 9.075573460654282054e-03 -1.784287571350900254e-03 9.999573049863413887e-01 3.960746096135200389e+01
9.999554706547751914e-01 -2.998021881511065984e-03 -8.947687131566029947e-03 -2.393010309971141669e-01 3.023020254225336923e-03 9.999916234973429408e-01 2.781438801345244294e-03 -8.447368404137575171e-01 8.939271287813993494e-03 -2.808363850981377297e-03 9.999561810563591946e-01 4.080217924292282561e+01
9.999566586135212320e-01 -2.790076418810797081e-03 -8.881942396721425118e-03 -2.580640627090823869e-01 2.813727935285679441e-03 9.999925877702079413e-01 2.651312424476939562e-03 -8.680325504818602322e-01 8.874477122458366771e-03 -2.676188747936506917e-03 9.999571206713386839e-01 4.198608319633627417e+01
9.999601918431823000e-01 -1.965357934093230324e-03 -8.703139109788780858e-03 -2.662904986732322898e-01 1.986761613614831338e-03 9.999950833509381187e-01 2.451156651930560659e-03 -8.871247798922672345e-01 8.698276855211052594e-03 -2.468350004175032947e-03 9.999592035379828436e-01 4.319609283230263941e+01
9.999677027303101040e-01 3.722928385399086582e-04 -8.027915614139036551e-03 -2.964427431866591967e-01 -3.423610628156871245e-04 9.999930485442560801e-01 3.729311672994622615e-03 -9.033149171072150097e-01 8.029246180004676395e-03 -3.726442653301171790e-03 9.999609024081266284e-01 4.440642394899742840e+01
9.999770925693227674e-01 7.384607517751436839e-04 -6.727670037320628189e-03 -3.097600533368648490e-01 -6.940438883986763292e-04 9.999780279495218416e-01 6.601820592433607811e-03 -9.148607539479899353e-01 6.732395454368446906e-03 -6.596999948104751051e-03 9.999556569966898678e-01 4.561083489023894089e+01
9.999872822640657466e-01 1.441769941049050830e-03 -4.832094562718678397e-03 -3.332565964106677936e-01 -1.394844350945208342e-03 9.999520397922302406e-01 9.700239103009333091e-03 -9.435297020617360308e-01 4.845846492597363081e-03 -9.693375616479465301e-03 9.999413571609072626e-01 4.680086344720507441e+01
9.999940762299979191e-01 1.730879839474121782e-03 -2.973900578733811983e-03 -3.410476796594857918e-01 -1.691835927964792721e-03 9.999130691967009765e-01 1.308104951188566838e-02 -9.512825842615537653e-01 2.996282055199308951e-03 -1.307594058365324149e-02 9.999100977556250047e-01 4.800415549073997568e+01
9.999976251496549562e-01 1.578428476221069732e-03 -1.500260063864209932e-03 -3.493094847760580546e-01 -1.556531103986932233e-03 9.998939300415166098e-01 1.448544075136511296e-02 -9.621080245435686962e-01 1.522963527496075256e-03 -1.448307106824897605e-02 9.998940357649818145e-01 4.919697503731701005e+01
9.999996846855313537e-01 6.273871549580636083e-04 -4.790954408456202284e-04 -3.498426303870160181e-01 -6.209071211921437464e-04 9.999100215279259629e-01 1.340467977873252906e-02 -9.747236838044777141e-01 4.874606846127734253e-04 -1.340437799343951325e-02 9.999101192402605198e-01 5.041501301538822588e+01
9.999992893514779713e-01 8.437662649183152834e-04 8.377778173743075053e-04 -3.873450285641096280e-01 -8.536067881947548243e-04 9.999298629605725131e-01 1.181789453758242368e-02 -9.888483124955955716e-01 -8.277490076897802557e-04 -1.181860118251207986e-02 9.999298960562466032e-01 5.162386062285619914e+01
9.999975066131360224e-01 9.842215429972048929e-04 2.002645961910741543e-03 -3.846448978128588214e-01 -1.005946514599751450e-03 9.999403985946614393e-01 1.087701454195960302e-02 -9.784001177867959198e-01 -1.991822627842596352e-03 -1.087900188408453053e-02 9.999389188805901663e-01 5.281906742338683358e+01
9.999977507407808996e-01 8.757535223937388917e-04 1.929788700394325859e-03 -3.934816862453621722e-01 -8.964429095642737324e-04 9.999419058560572449e-01 1.074725167516433003e-02 -9.957392238125831740e-01 -1.920266070199633333e-03 -1.074895735458351008e-02 9.999404652405327054e-01 5.402675346521808564e+01
9.999990977495127886e-01 4.102778840579999987e-04 1.276200425759640555e-03 -3.995157872402677612e-01 -4.228167457816175718e-04 9.999515407519691257e-01 9.841721880795043995e-03 -1.016058953782033036e+00 -1.272102202770209042e-03 -9.842252503106474135e-03 9.999508354678015021e-01 5.524469596698651941e+01
9.999997922101564463e-01 5.427574733057008872e-04 -3.369151869328836373e-04 -4.072322611270665638e-01 -5.394941981395711111e-04 9.999537701886038743e-01 9.606692828753397514e-03 -1.022233266602282642e+00 3.421121558042157680e-04 -9.606508969795790262e-03 9.999538786731821949e-01 5.643461317956629131e+01
9.999982399297981939e-01 5.308004573405897698e-04 -1.797472818636429740e-03 -4.117345886792271870e-01 -5.118596712872189878e-04 9.999445862569799059e-01 1.052067160721479114e-02 -1.032245286370278903e+00 1.802955941384483353e-03 -1.051973293947281764e-02 9.999431214297133108e-01 5.763306251902915278e+01
9.999955109935252384e-01 -2.222001517053942934e-04 -2.986827967312495787e-03 -4.217351482813962438e-01 2.560320938062967192e-04 9.999358315738855474e-01 1.133090022678112825e-02 -1.046050287648930377e+00 2.984116856942213136e-03 -1.133161399084126053e-02 9.999314231956208943e-01 5.882808269241343879e+01
9.999929483315112000e-01 1.217128404414674403e-04 -3.752465431858293017e-03 -4.369363133616324668e-01 -7.953959836022035212e-05 9.999369266634499098e-01 1.123648011861627660e-02 -1.063068183561237667e+00 3.753594605760279031e-03 -1.123610231709627413e-02 9.999299085704725920e-01 6.007412239224084516e+01
9.999905356346535656e-01 4.170455002676484897e-04 -4.329808254352391673e-03 -4.359068176221608248e-01 -3.686975239461641484e-04 9.999377101361121012e-01 1.116073593075016419e-02 -1.064573290946358775e+00 4.334191280987312669e-03 -1.115903381535664728e-02 9.999284235736547455e-01 6.125309273910215779e+01
9.999893652188072135e-01 3.386315326525949276e-04 -4.598619771776864609e-03 -4.551891773177741962e-01 -2.900701217613493952e-04 9.999443006490091879e-01 1.055621027212126466e-02 -1.074491181801126460e+00 4.601936476551929042e-03 -1.055476398786931065e-02 9.999337881368950409e-01 6.247074753520987400e+01
9.999902864512950629e-01 8.513657491594924485e-05 -4.405936880227639962e-03 -4.635005483598698128e-01 -4.144162081805281389e-05 9.999508948255740881e-01 9.916064572593186882e-03 -1.100686919909652950e+00 4.406562937410565123e-03 -9.915785561756153624e-03 9.999412087320665998e-01 6.368390037909104251e+01
9.999885962867435252e-01 -4.582865639153315681e-05 -4.774695991611344059e-03 -4.616017574314491556e-01 9.589343586396258275e-05 9.999450831606094825e-01 1.048539862759874028e-02 -1.114255072072050101e+00 4.773951417496193235e-03 -1.048573681736224283e-02 9.999337079181154220e-01 6.487822092036303445e+01
9.999869887300869564e-01 -8.487346360328652329e-04 -5.029368250734097753e-03 -4.798932752512581335e-01 9.093829960761072584e-04 9.999268201881508222e-01 1.206852974316707967e-02 -1.121416946208267262e+00 5.018755375973663405e-03 -1.207294624360393497e-02 9.999146051446449190e-01 6.607523179053136175e+01
9.999846409561418126e-01 -9.777294004757251626e-04 -5.454761481497756408e-03 -5.001820484030748970e-01 1.041596789115631447e-03 9.999308635755544961e-01 1.171773290108699996e-02 -1.143855364778826544e+00 5.442925713884708659e-03 -1.172323449357167216e-02 9.999165474428149958e-01 6.728169973098553669e+01
9.999854254914807283e-01 4.812845434721406174e-04 -5.376773914776294266e-03 -5.100029392545738505e-01 -4.261632837835334212e-04 9.999474593399861888e-01 1.024788077552371383e-02 -1.157428521393538023e+00 5.381421694048337846e-03 -1.024543993331933009e-02 9.999331141528442490e-01 6.847414576578982803e+01
9.999835449389857800e-01 2.549195121971066687e-03 -5.138480962639962492e-03 -5.356506526234519061e-01 -2.498706400173542584e-03 9.999488406532643925e-01 9.807887365633264493e-03 -1.163645722879153466e+00 5.163218445388192274e-03 -9.794886320303121743e-03 9.999387795741866425e-01 6.966185458205363545e+01
9.999810358098076835e-01 3.446310611366829729e-03 -5.103282938607955031e-03 -5.569207530170930953e-01 -3.395251785856643820e-03 9.999444967575141785e-01 9.979868738337302134e-03 -1.179092176636676204e+00 5.137391564221853966e-03 -9.962352448355688353e-03 9.999372581620509237e-01 7.086744991384951220e+01
9.999791114606525477e-01 4.204304141436187268e-03 -4.908462389909573967e-03 -5.711325043665276269e-01 -4.154042819973314225e-03 9.999393593452410300e-01 1.020508056644419542e-02 -1.186138439647399290e+00 4.951068158003659077e-03 -1.018447733649112744e-02 9.999359603818803732e-01 7.205980292461761394e+01
9.999727031091718565e-01 5.988479370650539452e-03 -4.327087713917002199e-03 -5.766173005499416471e-01 -5.940012946407909229e-03 9.999205032471200072e-01 1.112769237470587896e-02 -1.209594135823245598e+00 4.393379871895214221e-03 -1.110168557373639696e-02 9.999288036209716957e-01 7.325158321039752707e+01
9.999723708043213311e-01 7.074479259406378159e-03 -2.280768801383600830e-03 -6.054250809487636831e-01 -7.046637465401278839e-03 9.999033272978342657e-01 1.199179145588132739e-02 -1.206579068271877553e+00 2.365382307450049001e-03 -1.197538829467057787e-02 9.999255755133266144e-01 7.443654576505123543e+01
9.999815826110746153e-01 6.038692658512713994e-03 6.009637047616528307e-04 -6.169686061138651700e-01 -6.044847097513689725e-03 9.999231274786921642e-01 1.083148474314847912e-02 -1.209666040619721272e+00 -5.355110074600165620e-04 -1.083491789971324955e-02 9.999412379293126651e-01 7.560602517686315593e+01
9.999898227442081122e-01 3.624010826520136612e-03 2.685790987829834824e-03 -6.175081139809944775e-01 -3.640607152242745451e-03 9.999742074738928732e-01 6.201005937809027369e-03 -1.253740467385894730e+00 -2.663250575730460954e-03 -6.210720631564785148e-03 9.999772475311747844e-01 7.680151303656808182e+01
9.999722276302643875e-01 5.009103834789637583e-03 5.517732078577153483e-03 -6.094242622197407755e-01 -5.032812476387891164e-03 9.999781871556620017e-01 4.291633240227170180e-03 -1.268622419242566357e+00 -5.496115684088797096e-03 -4.319283651636310166e-03 9.999756487228002033e-01 7.797043876123014172e+01
9.999465839900903985e-01 5.495205053707067841e-03 8.753536907543164880e-03 -5.998164541823188811e-01 -5.556647568531162748e-03 9.999600480856897233e-01 7.010563776698130328e-03 -1.271584261136766258e+00 -8.714663706657285736e-03 -7.058829522560992713e-03 9.999371925775398795e-01 7.913515160631608580e+01
9.999219786896155204e-01 3.810024256586596551e-03 1.189591383403504864e-02 -5.941552673454940647e-01 -3.927128565210182692e-03 9.999439706911835701e-01 9.836424592180717519e-03 -1.301919207956659275e+00 -1.185777111329464235e-02 -9.882373838942607944e-03 9.998809396559403817e-01 8.030764787616303124e+01
9.998672606138051533e-01 3.937479838329692797e-03 1.580980474111408352e-02 -5.851350316021179943e-01 -4.074465002156490469e-03 9.999544187476416823e-01 8.641832575920367285e-03 -1.310095503239908865e+00 -1.577505764406494232e-02 -8.705101873830793993e-03 9.998377519832299942e-01 8.148578799383096793e+01
9.998080099901172080e-01 3.919696223918763163e-03 1.919822040451633210e-02 -5.743268862002646191e-01 -4.024366377958907802e-03 9.999772934459080220e-01 5.416564858668639244e-03 -1.325663323218633893e+00 -1.917655355507279571e-02 -5.492785509129541506e-03 9.998011055358594357e-01 8.265512333054415706e+01
9.997373193149148296e-01 3.527567360680562356e-03 2.264599675922592328e-02 -5.551672826513908143e-01 -3.566626646394788214e-03 9.999922815203420301e-01 1.684690191541646231e-03 -1.350781442812026389e+00 -2.263987925861512748e-02 -1.765017364105228408e-03 9.997422078238359378e-01 8.381901847942249617e+01
9.996582164323245534e-01 2.797560303947592072e-03 2.599262423289378648e-02 -5.288521669661906399e-01 -2.813469880818392048e-03 9.999959375862329525e-01 5.755923271851945064e-04 -1.379556190025700957e+00 -2.599090833035663101e-02 -6.485249552458900247e-04 9.996620497021404539e-01 8.498256940579175023e+01
9.995489136805022490e-01 2.671579476251356808e-03 2.991361519996517393e-02 -5.004260921527382555e-01 -2.725464599598236004e-03 9.999947967823129558e-01 1.760783824844631756e-03 -1.408169728497813855e+00 -2.990875518507369463e-02 -1.841517956843480948e-03 9.995510175460581292e-01 8.613620314152967694e+01
9.994323755167532353e-01 3.274143999094402454e-03 3.352908164842020172e-02 -4.678715101050538450e-01 -3.360429017369247380e-03 9.999912459757003269e-01 2.517458308341461934e-03 -1.432182960481085621e+00 -3.352054509908167917e-02 -2.628701340841500637e-03 9.994346524280749433e-01 8.730577578723803356e+01
9.993045126885968799e-01 3.324708130519337529e-03 3.714067606251725273e-02 -4.350411102323595847e-01 -3.363829328309407476e-03 9.999939123907709559e-01 9.909292967643513594e-04 -1.455617430730151485e+00 -3.713715467773233414e-02 -1.115174915325322508e-03 9.993096364991329583e-01 8.846925174381919987e+01
9.991730898339504785e-01 3.227371736979311491e-03 4.053039874646377494e-02 -4.080271715912930919e-01 -3.180900374358620018e-03 9.999942687419285381e-01 -1.210976218752878118e-03 -1.480345597319659978e+00 -4.053407378113289827e-02 1.081051793279357107e-03 9.991776526951833270e-01 8.962642717171765128e+01
9.990478013413534031e-01 3.027046063108877316e-03 4.352378938722271939e-02 -3.520634480638050734e-01 -2.950284690145947835e-03 9.999940386045447216e-01 -1.827753631144940450e-03 -1.492688627562919201e+00 -4.352906148998327007e-02 1.697605780735528562e-03 9.990507996991159212e-01 9.077369865775257551e+01
9.989144171774314573e-01 2.773516110277429725e-03 4.650040211153957243e-02 -2.927739541149990132e-01 -2.723085541440908690e-03 9.999956947300394638e-01 -1.147795602455850463e-03 -1.524105114933514526e+00 -4.650338403392721004e-02 1.019925101466782544e-03 9.989176925288226760e-01 9.192560949139222259e+01
9.987856671218102722e-01 2.092835581800138369e-03 4.922198534072086407e-02 -2.479039041670228483e-01 -2.111473036905953549e-03 9.999977785332146984e-01 3.266800325811294002e-04 -1.555575642683836524e+00 -4.922119083269720780e-02 -4.302141374101361103e-04 9.987878907414868834e-01 9.307570363304751027e+01
9.986553835537756996e-01 4.831125478411343876e-04 5.183805712405849253e-02 -1.920728806921615239e-01 -5.984357820992650427e-04 9.999974416723772519e-01 2.209216147404899442e-03 -1.579226547259857227e+00 -5.183685557132299004e-02 -2.237267263227475655e-03 9.986531411977627171e-01 9.422338797979823255e+01
9.985207772524866687e-01 -7.761473163996209478e-04 5.436586863376794559e-02 -1.285558330411409877e-01 5.982175240033000153e-04 9.999944731892393968e-01 3.289048744824226312e-03 -1.602056693313315794e+00 -5.436811916228258268e-02 -3.251660814609749848e-03 9.985157463386261645e-01 9.538407742143553492e+01
9.983808986650191120e-01 -1.820073359939451468e-03 5.685297893445240280e-02 -8.110211485958079836e-02 1.708273916471963810e-03 9.999965717746265303e-01 2.015032364535874077e-03 -1.631343814917817880e+00 -5.685644959507656776e-02 -1.914649279019725765e-03 9.983806085875627234e-01 9.653671936723385727e+01
9.982535642775822726e-01 -3.638369412947948210e-03 5.896249986350204225e-02 -2.079368864196860789e-02 3.756767609724897140e-03 9.999912045498439150e-01 -1.897271297248002758e-03 -1.653805358871249132e+00 -5.895507621489649158e-02 2.115466342247760388e-03 9.982584761070386614e-01 9.769173396987336844e+01
9.981342905286010314e-01 -3.106665246719838343e-03 6.097769620966718429e-02 4.118080171628352854e-02 3.403859037819467141e-03 9.999828888843071972e-01 -4.770513613373469734e-03 -1.673257996457012009e+00 -6.096183022636467164e-02 4.969172809611488960e-03 9.981278093953458441e-01 9.885778003199692421e+01
9.980230560455884969e-01 -2.855020718801963044e-03 6.278392475468144718e-02 1.091904400038830325e-01 3.237537864163328102e-03 9.999768698369910780e-01 -5.991682349792235018e-03 -1.684423429787201609e+00 -6.276536386571184012e-02 6.183102572442916202e-03 9.980092382520016070e-01 1.000311264863640588e+02
9.979892258786481340e-01 -2.455411485825395763e-03 6.333615665332152644e-02 1.834006677928068929e-01 2.820335449598288056e-03 9.999799927342415407e-01 -5.672914278972614362e-03 -1.714843559835922626e+00 -6.332095778815136078e-02 5.840136644749889874e-03 9.979762073309712544e-01 1.012201024415201687e+02
9.980332601888954880e-01 -2.646023178753014512e-03 6.263068630008941651e-02 2.387566942325418939e-01 2.901311863748856027e-03 9.999879101700465123e-01 -3.985476188946688973e-03 -1.742904718236219841e+00 -6.261938114466691907e-02 4.159349049040077240e-03 9.980288944801034567e-01 1.023971706778544188e+02
9.981213994907196518e-01 -3.105911536135999573e-03 6.118838065433519074e-02 3.077449952633079522e-01 3.242958213901218131e-03 9.999925116819650128e-01 -2.140541916851711884e-03 -1.778023713351947643e+00 -6.118127191315467228e-02 2.334952151640692572e-03 9.981240209889773451e-01 1.035887865911834922e+02
9.982327237715233892e-01 -3.070027850952603433e-03 5.934641387353942893e-02 3.760276876055228534e-01 3.145511071552655000e-03 9.999944194883670923e-01 -1.178503222720113852e-03 -1.807153054437848683e+00 -5.934246255641779932e-02 1.363095378011543223e-03 9.982368333388454973e-01 1.047807636975665702e+02
9.983766275760433961e-01 -2.984226801812058134e-03 5.687878865517984744e-02 4.418309401940166414e-01 3.041300889478723134e-03 9.999950159669509508e-01 -9.168684071275060151e-04 -1.825648635077048665e+00 -5.687576708114975427e-02 1.088365593817779663e-03 9.983807509789920376e-01 1.059693221421554341e+02
9.985456797080798363e-01 -2.485556923443620059e-03 5.385480682962648369e-02 4.973889761390207775e-01 2.533805226267383821e-03 9.999965085021943478e-01 -8.276058119397378034e-04 -1.847144950868021995e+00 -5.385255997431862701e-02 9.628598956877501428e-04 9.985485146225148156e-01 1.071622266220671094e+02
9.987345861394093527e-01 -1.671581185310057121e-03 5.026355454818402096e-02 5.553950262264182314e-01 1.727513106835126431e-03 9.999979971844288329e-01 -1.069318178745854797e-03 -1.866624410933250600e+00 -5.026166488682737299e-02 1.154796097678518086e-03 9.987354969583789321e-01 1.083633435993903333e+02
9.989169001466996489e-01 -1.144050873711347166e-03 4.651570030938871614e-02 6.000775816034034094e-01 1.194807310411259618e-03 9.999987819244673393e-01 -1.063343818743966735e-03 -1.888175158573169643e+00 -4.651442581888769884e-02 1.117769512206961751e-03 9.989170737368119335e-01 1.095624072656269732e+02
9.991063957341898005e-01 -8.793669211112685544e-04 4.225670737491777490e-02 6.377507636258953339e-01 8.932610693929168800e-04 9.999996140854059412e-01 -3.098843900759523499e-04 -1.904486339038323983e+00 -4.225641751483329850e-02 3.473538502928053559e-04 9.991068190991364562e-01 1.107876852285327942e+02
9.992754163356333263e-01 -4.856206697732224817e-04 3.805783834704462576e-02 6.795906044328062778e-01 4.539115478465163465e-04 9.999996036737985872e-01 8.418614354498434559e-04 -1.938416469016749133e+00 -3.805823129608617433e-02 -8.239764427399226586e-04 9.992752641598321439e-01 1.120009805782294592e+02
9.994300225425323259e-01 -3.863577986012417097e-04 3.375608580310691248e-02 7.048561362896601512e-01 3.340982951574724227e-04 9.999987980582559777e-01 1.553825742243696408e-03 -1.958917730282307534e+00 -3.375664503346591933e-02 -1.541662143776110225e-03 9.994289738053532268e-01 1.132127340397368300e+02
9.995832823016965740e-01 1.415185819638528500e-04 2.886579737976225149e-02 7.372700073348937844e-01 -1.952221401283613567e-04 9.999983164687140658e-01 1.857703239073327803e-03 -1.988799017315499906e+00 -2.886548565344447537e-02 -1.862564239507157309e-03 9.995816505411104780e-01 1.144385619681725785e+02
9.997153166793486534e-01 8.557285592236061602e-04 2.384419960446802073e-02 7.534656027678503509e-01 -9.004504561780332953e-04 9.999979165678466453e-01 1.864982846749619260e-03 -2.007091948369344792e+00 -2.384255408424714937e-02 -1.885922329699526957e-03 9.997140278261694712e-01 1.156679033570474928e+02
9.998208304221969378e-01 1.255039557379141217e-03 1.888715037802758331e-02 7.618986289194380479e-01 -1.285072382876596480e-03 9.999979900646536191e-01 1.578153022371436192e-03 -2.023272368944446953e+00 -1.888513215088226394e-02 -1.602141507953956092e-03 9.998204571108243455e-01 1.168878048928114310e+02
9.998948324201611948e-01 1.950635675154581373e-03 1.437051269931637412e-02 7.647143496771373616e-01 -1.967972270016091207e-03 9.999974135999600833e-01 1.192471611883089838e-03 -2.051629749518018908e+00 -1.436815010867245786e-02 -1.220626855703260032e-03 9.998961085379978186e-01 1.181113263198136565e+02
9.999385974168272240e-01 3.357330541965086040e-03 1.056040925347522842e-02 7.765872312858015380e-01 -3.367943432666518043e-03 9.999939019349182168e-01 9.875004933380269936e-04 -2.075354302649776717e+00 -1.055703037746220409e-02 -1.023006599157055265e-03 9.999438304756037565e-01 1.193433503436101546e+02
9.999454408992579646e-01 6.301162654237535583e-03 8.330852080279638541e-03 7.899504547901106122e-01 -6.308458092539504999e-03 9.999798013417176001e-01 8.499209590827481097e-04 -2.090332520484363243e+00 -8.325329342037328384e-03 -9.024292992779296436e-04 9.999650174141003767e-01 1.205709557624168866e+02
9.999424776215443122e-01 7.599652676134408154e-03 7.568305828000563076e-03 7.815299863411249159e-01 -7.606355192901816456e-03 9.999707647100039010e-01 8.574282787038177596e-04 -2.114426410252074007e+00 -7.561569480003362334e-03 -9.149460600406368821e-04 9.999710731215351034e-01 1.218073363426001805e+02
9.999350997985084755e-01 9.333331199164355413e-03 6.532813372939591696e-03 7.836605842282129419e-01 -9.340377140201859205e-03 9.999558884270364212e-01 1.049117520113935879e-03 -2.143514400352114713e+00 -6.522734573418537130e-03 -1.110068254392385491e-03 9.999781913726398797e-01 1.230473457501341841e+02
9.999281863225353284e-01 1.061124841675638308e-02 5.569213577895743353e-03 7.743963427048353720e-01 -1.062016627723612848e-02 9.999424259787711433e-01 1.574447490529240360e-03 -2.159640446178914708e+00 -5.552187276637971305e-03 -1.633480281570405968e-03 9.999833331094892808e-01 1.243087828066551594e+02
9.999293035079248604e-01 1.091864468727489317e-02 4.707836123042458999e-03 7.845806100201406785e-01 -1.092849777517934488e-02 9.999381951879651176e-01 2.072638115927145832e-03 -2.187090423544653106e+00 -4.684916004542956196e-03 -2.123941049319174029e-03 9.999868509005102046e-01 1.255477000070662967e+02
9.998903524142105370e-01 1.428328260392703469e-02 3.906857467026857850e-03 7.647218374181135037e-01 -1.429889515460686100e-02 9.998898325397451714e-01 3.998306978526980013e-03 -2.220669335249983334e+00 -3.849319410315942599e-03 -4.053732213284449992e-03 9.999844556449500876e-01 1.268060564243463091e+02
9.998677712937820150e-01 1.589613059618310426e-02 3.427172962452560822e-03 7.656943764823391785e-01 -1.591912709398382239e-02 9.998502812822974706e-01 6.791059211471806543e-03 -2.200318805402700306e+00 -3.318709621515044273e-03 -6.844718745870525568e-03 9.999711483470854478e-01 1.280480978591910457e+02
9.998869339919362886e-01 1.476156085551429999e-02 2.864978920524417338e-03 7.555737093579039110e-01 -1.478235057966221545e-02 9.998635835144825679e-01 7.376892991642354513e-03 -2.237020617884538431e+00 -2.755695005242672028e-03 -7.418409944835255114e-03 9.999687669487300479e-01 1.292942100050755698e+02
9.998969346941761760e-01 1.412025377218804369e-02 2.594411599045172868e-03 7.473709230225720201e-01 -1.413654325790173090e-02 9.998798310546633816e-01 6.372101217941903914e-03 -2.262906118775224851e+00 -2.504125529482310267e-03 -6.408120388931086778e-03 9.999764131631205810e-01 1.305433947314975001e+02
9.999139389671966027e-01 1.301596788252964119e-02 1.640666178957633043e-03 7.457360493143762037e-01 -1.302588347180449850e-02 9.998960838523976991e-01 6.186270218025045724e-03 -2.265754634371238918e+00 -1.559976834603932650e-03 -6.207108847068149374e-03 9.999795996944876864e-01 1.318253176573342955e+02
9.999527421453916487e-01 9.685233904644261968e-03 8.380078687974559489e-04 7.517443690059307793e-01 -9.691646868036082191e-03 9.999209109352868996e-01 8.022839224107418746e-03 -2.290527154504863994e+00 -7.602400090080073652e-04 -8.030581661280206118e-03 9.999675461356686279e-01 1.330654464134350690e+02
9.999817213056267917e-01 6.021064872734126737e-03 5.443897692072995759e-04 7.457190375897408963e-01 -6.026291090201507314e-03 9.999301442733166123e-01 1.017410899586805410e-02 -2.304711140873140884e+00 -4.830942805401257367e-04 -1.017720358566233906e-02 9.999481749955417831e-01 1.343304479819602761e+02
9.999928432770996967e-01 3.773221112686329232e-03 2.621452481788812865e-04 7.460419372364091029e-01 -3.775982113464169693e-03 9.999269434085475972e-01 1.148790299140487435e-02 -2.316027131022135865e+00 -2.187812260461689026e-04 -1.148881054241493276e-02 9.999340582737383798e-01 1.356023684399588660e+02
9.999999076190337899e-01 3.700377879614696539e-04 2.008748676946273321e-04 7.471599728158364595e-01 -3.720897577029948374e-04 9.999467256508098867e-01 1.032131414078224854e-02 -2.337050514975115068e+00 -1.970464175388332985e-04 -1.032138783475671298e-02 9.999467944121790408e-01 1.368645603975890026e+02
9.999985521000881450e-01 -1.649402828736775935e-03 4.096112315209000996e-04 7.410789910905446476e-01 1.645703035390113029e-03 9.999592960859094992e-01 8.878060114487378029e-03 -2.344058243638436512e+00 -4.242395686091305121e-04 -8.877373058718274201e-03 9.999605861226550374e-01 1.381254727607349366e+02
9.999947438046964399e-01 -3.128985995700516321e-03 8.451747584343213913e-04 7.211523156887277297e-01 3.121654316479058854e-03 9.999586970097156247e-01 8.542930950922249592e-03 -2.361744833452803505e+00 -8.718720461933880802e-04 -8.540247599366146067e-03 9.999632320947000608e-01 1.394040980368820044e+02
9.999936515786861380e-01 -3.368479883841886575e-03 1.158730182425287292e-03 7.213734915253738889e-01 3.358304554752671207e-03 9.999567893613073855e-01 8.675443582906497073e-03 -2.370870831909200227e+00 -1.187904635635672829e-03 -8.671497034441612989e-03 9.999617770461690647e-01 1.406770509007708370e+02
9.999952912763748758e-01 -2.725050526857394212e-03 1.408557846577878064e-03 7.329439381333106018e-01 2.710657244341894371e-03 9.999451539009952539e-01 1.012243289779741692e-02 -2.385650723545701624e+00 -1.436066185325194375e-03 -1.011856701839391678e-02 9.999478555637689725e-01 1.419686524132933130e+02
9.999954794935077551e-01 -1.668686677768809563e-03 2.499797578188207598e-03 7.095966937215718584e-01 1.638460792159468233e-03 9.999261676238667684e-01 1.204561611125529522e-02 -2.390310496679396657e+00 -2.519714758328164741e-03 -1.204146574940410247e-02 9.999244049784663524e-01 1.432205745875785681e+02
9.999940228712009826e-01 -1.699072457666257795e-03 3.009964232277530065e-03 7.044328154951724485e-01 1.665364579866483946e-03 9.999363255030165876e-01 1.116662975480891412e-02 -2.412597582769308246e+00 -3.028746842593076170e-03 -1.116155023045759323e-02 9.999332017797396555e-01 1.445055963452243475e+02
9.999932507795935566e-01 -1.022963832498963426e-03 3.527669309515341512e-03 7.038738581116400495e-01 9.900721590318801568e-04 9.999561989206883217e-01 9.313544705505882870e-03 -2.420436043911522894e+00 -3.537043535907503835e-03 -9.309989101022977595e-03 9.999504862541548356e-01 1.457791260165425626e+02
9.999922627845123646e-01 -9.476433301527615411e-04 3.816916763331880836e-03 6.809061625221792813e-01 9.215569358555741582e-04 9.999763061588928803e-01 6.830810360358552553e-03 -2.434052865350036843e+00 -3.823300801039539783e-03 -6.827239895640780862e-03 9.999694658846957074e-01 1.470664332141461728e+02
9.999885491215070310e-01 -1.875390641322291930e-03 4.401936428911901178e-03 6.907762169923052920e-01 1.862897855026388961e-03 9.999942908430207167e-01 2.840776224728436532e-03 -2.461928257884780535e+00 -4.407240127003647819e-03 -2.832543215079721260e-03 9.999863571421835351e-01 1.483073937300691227e+02
9.999885982781232530e-01 -1.254157014095913557e-03 4.606833314111132352e-03 6.846192277653971869e-01 1.257684231870648348e-03 9.999989794855432823e-01 -7.624784395617817487e-04 -2.483346820269580757e+00 -4.605873594364971214e-03 7.682638227833113584e-04 9.999891785599424043e-01 1.496027961186438233e+02
9.999882103489198260e-01 -9.173822790089507153e-04 4.767607633453529309e-03 6.912435478859921822e-01 9.267304674525192508e-04 9.999977136015928414e-01 -1.958590504753851200e-03 -2.509301691465088524e+00 -4.765801195142426588e-03 1.962985840158749419e-03 9.999867975946594711e-01 1.508610171573435821e+02
9.999873259285173566e-01 -1.750119911595848570e-03 4.719912189774354803e-03 6.804415707181263873e-01 1.758401727528464053e-03 9.999969825358189235e-01 -1.750730814037172994e-03 -2.541603069391454195e+00 -4.716835200410491973e-03 1.759008266064901070e-03 9.999874093675522602e-01 1.521480780477461394e+02
9.999888555222680164e-01 -1.454522330208060524e-03 4.490624132457497579e-03 6.858432719161589031e-01 1.459477515736186436e-03 9.999983910092378192e-01 -1.100008955927299316e-03 -2.574334298147137545e+00 -4.489018175618085180e-03 1.106550798539809345e-03 9.999893928432183055e-01 1.534009380191740775e+02
9.999885360397412493e-01 -1.082081286075971868e-03 4.663625053858139538e-03 6.653833449202789518e-01 1.082912199639959406e-03 9.999994593431267287e-01 -1.752984804256306213e-04 -2.601037654660851128e+00 -4.663434091484696710e-03 1.803469000684012507e-04 9.999891906392320839e-01 1.546602644204836281e+02
9.999907582312814736e-01 -7.499815754931614138e-04 4.232433101434294846e-03 6.794524928221046256e-01 7.482504519269943082e-04 9.999996966709114865e-01 4.109669789068669927e-04 -2.619488701901983241e+00 -4.232741308330153877e-03 -4.077961301763222330e-04 9.999910395302327171e-01 1.559376966320059523e+02
9.999917213830729068e-01 -4.477361231196028482e-04 4.043415462599194050e-03 6.712190098435655283e-01 4.465509456593650902e-04 9.999999180134740984e-01 2.944135266576788272e-04 -2.653040233493158873e+00 -4.043548235197744201e-03 -2.926053672808388070e-04 9.999918627854178510e-01 1.572009793921728829e+02
