9.999999962582231117e-01 8.137513283089255393e-10 -7.656115743121981746e-10 -2.139041626117443862e-10 8.137513283089255393e-10 1.000000061056633971e+00 6.754229731482267424e-11 4.506439374440951440e-09 -7.656115743121981746e-10 6.754229731482267424e-11 1.000000080766252131e+00 2.697696344089450804e-08
9.999832663463850135e-01 2.010643989245038479e-04 -5.780928020160013697e-03 -1.367752156472179341e-02 -1.992782736397903502e-04 9.999999933792199647e-01 3.092615688120589970e-04 -4.153559304661522816e-03 5.780988278947736363e-03 -3.081042418992447924e-04 9.999833232444845788e-01 8.109692012927284532e-02
9.999166358783315722e-01 4.459146996486949366e-04 -1.290406931375254022e-02 -1.612708078965463185e-02 -4.416696483472583160e-04 9.999999085104971375e-01 3.316918846003323899e-04 -1.078498640582541482e-02 1.290421372017417842e-02 -3.259647536229600827e-04 9.999167647928859370e-01 1.415300465213305825e-01
9.997820318292125474e-01 6.411924890727688925e-04 -2.086792490654426971e-02 -2.012506601048118932e-02 -6.364030240727725418e-04 9.999998306858888242e-01 2.360754701679184926e-04 -1.224849008820557555e-02 2.086806993788046377e-02 -2.227434519859382788e-04 9.997822940551339688e-01 1.718336726035038231e-01
9.995486876029040513e-01 7.909211043552036085e-04 -3.002978846177374941e-02 -5.473751116580385240e-02 -7.984789674940942061e-04 9.999997135334498521e-01 -2.397420612497720282e-04 -1.574356007127076032e-02 3.002958687831068507e-02 2.636121770420149285e-04 9.995490562403265278e-01 2.636182711454424510e-01
9.991564154928170849e-01 9.257461787024165488e-04 -4.105597516584866963e-02 -6.998680249853991842e-02 -9.549532259417525338e-04 9.999993657736782060e-01 -6.918295677776351623e-04 -1.455573371444954765e-02 4.105530463238939859e-02 7.304526574622811561e-04 9.991566892774381703e-01 4.682452166037445740e-01
9.985087075853857908e-01 8.822635176793070747e-04 -5.458548653651324606e-02 -9.143559067369144699e-02 -9.556051185473277663e-04 9.999987364903647480e-01 -1.317553810176418962e-03 -1.400242616718750006e-02 5.458425027694427389e-02 1.367751306350247636e-03 9.985083124719620340e-01 5.943583069023362642e-01
9.974886908129648733e-01 9.650984978864928388e-04 -7.081930058393731686e-02 -1.165448841051690554e-01 -1.045740138793129631e-03 9.999989074505395426e-01 -1.101651787745602188e-03 -1.424288858918775803e-02 7.081815415745107423e-02 1.172943980905260522e-03 9.974886336419751531e-01 7.317602248017567312e-01
9.960021858760662594e-01 5.408829169756908164e-04 -8.932718793097473020e-02 -1.324066430444585385e-01 -6.233849589801826376e-04 9.999994655977090252e-01 -8.957162581606903764e-04 -1.988165329613807847e-02 8.932664873834154917e-02 9.478207870735680385e-04 9.960020141461303211e-01 8.652267616527957728e-01
9.940090849424647601e-01 2.183394387048754172e-04 -1.092972326841426256e-01 -1.687331791867853203e-01 -3.111055007806664435e-04 9.999996667894224256e-01 -8.317133348146752087e-04 -2.858223139046025055e-02 1.092970064746484615e-01 8.607338078557242927e-04 9.940088449656185876e-01 1.037421636495738486e+00
9.913746559347568210e-01 5.721299906623965141e-04 -1.310570807142830418e-01 -2.152290922257215633e-01 -6.913215052422572691e-04 9.999994488630399303e-01 -8.639792852222718698e-04 -2.633744149798035103e-02 1.310565046562607860e-01 9.471299891893304951e-04 9.913745283264291386e-01 1.228912291264605106e+00
9.879098399952011000e-01 1.808009007596303322e-03 -1.550189469997531044e-01 -2.761590944321701269e-01 -1.997890426498159702e-03 9.999974937665875308e-01 -1.069113662526641629e-03 -3.555374688727289817e-02 1.550166145424291264e-01 1.365899041559541678e-03 9.879109994343503454e-01 1.392128709537052700e+00
9.835103837178547082e-01 5.715771507183785120e-03 -1.807613084603576226e-01 -3.568276044061002295e-01 -6.661440770746859807e-03 9.999671779744317979e-01 -4.624962703989775152e-03 -4.656457096436548287e-02 1.807289277415774498e-01 5.752829891820291329e-03 9.835162012531745157e-01 1.571232818289297839e+00
9.782288950642015202e-01 9.768483511394464650e-03 -2.072988231305803453e-01 -4.373751978477390390e-01 -1.118878848698209166e-02 9.999213315379154032e-01 -5.680126262532112121e-03 -3.461592992304009242e-02 2.072270148863923356e-01 7.875886647463506765e-03 9.782612597391007192e-01 1.753185453436619134e+00
9.715977729044164013e-01 1.058999776097266712e-02 -2.364013901169083887e-01 -5.077576275076128853e-01 -1.220541729282718403e-02 9.999111473962225549e-01 -5.370957547415155728e-03 -4.349689795814747073e-02 2.363234908983458116e-01 8.103788354100459682e-03 9.716407220408452838e-01 1.946619913912423838e+00
9.634458440273084845e-01 1.177323922778341844e-02 -2.676443450859791184e-01 -5.917844349350932509e-01 -1.357480681330172807e-02 9.998960020899081425e-01 -4.881772582678295738e-03 -5.800547372224133108e-02 2.675590185512884411e-01 8.336544158001600938e-03 9.635054897169718080e-01 2.135735070180881934e+00
9.540433389783877782e-01 1.250559107570063319e-02 -2.994076119630452726e-01 -6.932665512982573164e-01 -1.453974300002864976e-02 9.998839232883925954e-01 -4.567044833326225871e-03 -6.121998422183826116e-02 2.993157243868961870e-01 8.710468830809833113e-03 9.541144472208358263e-01 2.331804090114650840e+00
9.429365018416036026e-01 1.717019552620027353e-02 -3.325296081044753493e-01 -8.102753706619912899e-01 -1.938528725145332102e-02 9.998065540081042535e-01 -3.344735813962979639e-03 -6.853118573700556215e-02 3.324078300835297539e-01 9.600055885221397620e-03 9.430869658443683523e-01 2.543801520309187492e+00
9.303887592736224121e-01 1.770702006675924089e-02 -3.661464494862492480e-01 -8.919845003201640754e-01 -2.030249805468489072e-02 9.997886974998730913e-01 -3.238977839125579874e-03 -6.128246164360826032e-02 3.660117054153969041e-01 1.044719660523966802e-02 9.305516843664810578e-01 2.707197800982000579e+00
9.165049203388100363e-01 2.015536007185535564e-02 -3.995153302140948548e-01 -1.031491495846016182e+00 -2.311128862554762131e-02 9.997296242836086755e-01 -2.582384279983589766e-03 -7.510743192000028656e-02 3.993552363065235866e-01 1.160008248811066761e-02 9.167229575075324099e-01 2.902779455154982369e+00
9.007605866842456344e-01 2.060058073598007231e-02 -4.338271437171855038e-01 -1.183273487708933258e+00 -2.407847964614661176e-02 9.997069495445265463e-01 -2.522674478805622244e-03 -4.970664956683382846e-02 4.336480140680431528e-01 1.271822430655847151e-02 9.009926701783548264e-01 3.098322460640419163e+00
8.826779271638978130e-01 1.745156598487006272e-02 -4.696542681351957849e-01 -1.329976837405167256e+00 -2.153344614311359859e-02 9.997626740136158485e-01 -3.320902617242861132e-03 -4.168919565569043778e-02 4.694848220138903572e-01 1.304456287192197125e-02 8.828442578151369791e-01 3.302535368663202853e+00
8.615460324494007560e-01 1.392555716218316954e-02 -5.074884509129929944e-01 -1.483302647056132795e+00 -1.797453297534113217e-02 9.998337646244441768e-01 -3.079179111987511309e-03 -6.819451796366099439e-02 5.073611768063293059e-01 1.177472301466603484e-02 8.616531386152013194e-01 3.490846600688232826e+00
8.368468466339256118e-01 1.511724817054569715e-02 -5.472283277072049756e-01 -1.649575101115715148e+00 -1.838331666558194050e-02 9.998309524597607245e-01 -4.921718849757156624e-04 -9.961637470742683298e-02 5.471283451398899489e-01 1.047174472346025856e-02 8.369833045223518120e-01 3.681251137594245826e+00
8.081181157786145874e-01 2.071059067111570562e-02 -5.886562706419724567e-01 -1.837365752795722118e+00 -2.284937330144108658e-02 9.997317377868698562e-01 3.805344212077833160e-03 -9.500469592237535676e-02 5.885771301671318678e-01 1.037525990362387664e-02 8.083745712004712924e-01 3.841595994314729534e+00
7.761453149156716247e-01 2.281430167069114362e-02 -6.301412418307098529e-01 -2.052279623639372108e+00 -2.520306153577236280e-02 9.996691455464271625e-01 5.150452817456884977e-03 -8.987853540067863856e-02 6.300502211293157462e-01 1.188398932979263349e-02 7.764635322408862672e-01 4.004769850372300155e+00
7.404536378262520646e-01 2.239386438879097455e-02 -6.717342901292236990e-01 -2.237867305959023057e+00 -2.540116440331421921e-02 9.996632093796754548e-01 5.326414488581181390e-03 -6.437184063325974981e-02 6.716272931923074063e-01 1.311887085030913162e-02 7.407731075907016960e-01 4.179921306357631927e+00
7.012119951482286284e-01 2.004399780613040638e-02 -7.126710407070309117e-01 -2.490532428401027953e+00 -2.180965923570385434e-02 9.997400262805852256e-01 6.658878695110423233e-03 -6.864803839463645696e-02 7.126191909391546009e-01 1.087382764986610448e-02 7.014668676712240147e-01 4.321248453126122158e+00
6.592748602467619623e-01 1.716851990706007650e-02 -7.517060207515632309e-01 -2.721875150492253592e+00 -1.716705105412521387e-02 9.998224335467763568e-01 7.779190407450497884e-03 -9.128359071715855255e-02 7.517060532638566439e-01 7.775951706955012456e-03 6.594525434720283075e-01 4.463975526890835432e+00
6.146586955906637728e-01 1.737336495733252453e-02 -7.886018640439111937e-01 -2.972834027622349939e+00 -1.467779494014390465e-02 9.998362897865049614e-01 1.058669169075097082e-02 -1.076242720040313100e-01 7.886566392319354080e-01 5.067735101082852453e-03 6.148130867918851772e-01 4.620742486536337346e+00
5.674463403598415390e-01 1.765680484717173371e-02 -8.232210751624247091e-01 -3.263329747917428136e+00 -1.220187299408228426e-02 9.998406594633827416e-01 1.303426516475366705e-02 -9.048445749408798311e-02 8.233199950140949186e-01 2.648593710401075073e-03 5.675713825570171123e-01 4.749242848835924846e+00
5.167394953739685715e-01 1.874006901907401823e-02 -8.559375905268498119e-01 -3.545291891969037490e+00 -1.147379135243173538e-02 9.998222689507580974e-01 1.496344595760852950e-02 -9.262009849882972545e-02 8.560658267918977993e-01 2.088646603750664472e-03 5.168626864853298475e-01 4.878600285589604013e+00
4.644198797525498912e-01 1.943369577144940172e-02 -8.854019235302904578e-01 -3.866561917946459204e+00 -1.041908516023327957e-02 9.998099738211017051e-01 1.647971508845056873e-02 -7.960746800448161020e-02 8.855538809758199958e-01 1.571571553089567324e-03 4.645341200436920448e-01 4.968571736148842177e+00
4.102143632079708890e-01 2.123836346013319859e-02 -9.117418338074636530e-01 -4.202913183610029080e+00 -9.167650810999619301e-03 9.997743780252208445e-01 1.916427212014350234e-02 -7.487715464127944753e-02 9.119430862825699258e-01 4.970719009535962043e-04 4.103165253569288629e-01 5.067601649407110109e+00
3.552221363725120429e-01 2.350167215932985262e-02 -9.344864750790702335e-01 -4.542214308237251252e+00 -8.741752555655858334e-03 9.997237711122231030e-01 2.181937996666162560e-02 -7.790552511471067476e-02 9.347410772177126015e-01 4.183236014094840753e-04 3.553294678938074269e-01 5.134816118822975284e+00
3.001849644546418783e-01 2.654772503554711852e-02 -9.535115496175777805e-01 -4.902503879960383948e+00 -7.766567435229193225e-03 9.996475849203830810e-01 2.538717208118599841e-02 -6.156291358613724674e-02 9.538494307334829392e-01 -2.153347555541817418e-04 3.002853664867861649e-01 5.196217256717842403e+00
2.467216204456598450e-01 2.801135114093115941e-02 -9.686815154891408319e-01 -5.285087373176904357e+00 -4.201686526569697183e-03 9.996037516770756026e-01 2.783536577717070012e-02 -5.241093541183857590e-02 9.690773237191401268e-01 -2.797489637217799585e-03 2.467415581218303788e-01 5.238029548740048114e+00
1.961653482090446599e-01 2.909285626409171058e-02 -9.801391921212607716e-01 -5.670694659650161285e+00 -1.522348133516545233e-03 9.995676614588778763e-01 2.936485575418686447e-02 -6.934689255991381696e-02 9.805696875263123502e-01 -4.268253243961205902e-03 1.961248324247796548e-01 5.278569080059319241e+00
1.489399775173034235e-01 2.999307161107123143e-02 -9.883913061704104885e-01 -6.086672760739569199e+00 -2.842955151505843769e-03 9.995488159977578002e-01 2.990324687056861164e-02 -7.554920821978762524e-02 9.888421894449243021e-01 -1.643835907885586546e-03 1.489580506344368449e-01 5.272588604823801539e+00
1.062534975378041230e-01 2.997980293581433905e-02 -9.938870569096155405e-01 -6.503440330693210925e+00 -3.630665870106952568e-03 9.995504662152339126e-01 2.976249119953387409e-02 -4.417180164535771530e-02 9.943324838471125915e-01 4.461038934225723001e-04 1.063145821431474292e-01 5.302620285356931973e+00
6.794199683903930087e-02 2.912785995720075516e-02 -9.972640219924401306e-01 -6.973022641020812706e+00 -6.026595132408039436e-03 9.995675322368514637e-01 2.878455785030532843e-02 -3.726503904527362493e-02 9.976711090058806297e-01 4.054427039024951877e-03 6.808815753334654386e-02 5.287663487923572880e+00
3.340291383898229965e-02 2.706494095864215785e-02 -9.990754782711048776e-01 -7.433411475424788861e+00 -5.079054832230265118e-03 9.996250178887509108e-01 2.691001550312362850e-02 -1.506552601306176617e-02 9.994290997497887741e-01 4.175487084389880796e-03 3.352785345109280529e-02 5.278954288549179807e+00
1.506106567744858833e-03 2.419767685082051950e-02 -9.997060973555528252e-01 -7.896879080543447671e+00 -4.751961927614637739e-03 9.996961395844835563e-01 2.419027649226175927e-02 -3.432021639794238105e-02 9.999876136841514551e-01 4.714133059622928681e-03 1.620635400452068902e-03 5.277762956499268299e+00
-2.478652197609586619e-02 2.302553710145375729e-02 -9.994276011245911695e-01 -8.388714903689200142e+00 -4.258662378015368004e-03 9.997232719184004912e-01 2.313796660280878492e-02 -2.169450909564344526e-02 9.996837345544916653e-01 4.829735321935828621e-03 -2.468160543795757181e-02 5.220149059564771932e+00
-4.649342745389424547e-02 2.077751433708502002e-02 -9.987025247086228630e-01 -8.897893615719993932e+00 -5.162327791930256156e-03 9.997653689243889419e-01 2.103995214174316994e-02 -1.372949967517367656e-02 9.989052950542610665e-01 6.133850172008435860e-03 -4.637525939717668244e-02 5.186585256519322229e+00
-6.273958691810338495e-02 2.002154469436941489e-02 -9.978291229287326036e-01 -9.449715010494875500e+00 -5.449423595697858343e-03 9.997770414197776345e-01 2.040326802259386993e-02 4.379930729463542283e-03 9.980150924724359163e-01 6.717687059720653733e-03 -6.261649417755499325e-02 5.157375895829075851e+00
-7.551777567431160187e-02 1.978068120995138401e-02 -9.969482768040264231e-01 -9.993895304228594512e+00 -5.478021771779311051e-03 9.997799643917775203e-01 2.025181946507718239e-02 -1.390943000142013525e-03 9.971294467078236634e-01 6.990677609894551357e-03 -7.539280183864568996e-02 5.078675170147557871e+00
-8.521552507992410930e-02 2.068956704514070960e-02 -9.961477462543247841e-01 -1.058226256519004593e+01 -6.311040836040890563e-03 9.997531787704149187e-01 2.130432853828991349e-02 7.663327707744428327e-03 9.963425924796003308e-01 8.102189535238455212e-03 -8.506392136977274088e-02 5.034418422086559985e+00
-9.254140422488804640e-02 2.172802732400783837e-02 -9.954717763336584646e-01 -1.113711184250347408e+01 -7.635236529560985447e-03 9.997170613901590341e-01 2.253047800081061855e-02 -9.397979568255554472e-04 9.956796011308269856e-01 9.685665433990336276e-03 -9.234932422438779653e-02 4.974293069495312913e+00
-9.654192966091161565e-02 2.316050667062935844e-02 -9.950594569273319978e-01 -1.173643647530705358e+01 -6.498670410683305733e-03 9.996933196494005580e-01 2.389887122729549354e-02 2.073623825410083471e-02 9.953077410949442427e-01 8.773807480648753224e-03 -9.636181190648086814e-02 4.898008383773851726e+00
-9.881480978909980284e-02 2.380791368856523954e-02 -9.948210354846372949e-01 -1.232172858202431343e+01 -5.039136422284377220e-03 9.996890272373680775e-01 2.442494716463101262e-02 1.969757929636582749e-02 9.950931196727106354e-01 7.426586301923765281e-03 -9.866411206157210678e-02 4.847895317474408827e+00
-9.781630244643160776e-02 2.546448930843325104e-02 -9.948786894926439084e-01 -1.295759799000255263e+01 -5.038997302707471856e-03 9.996471683718086698e-01 2.608197448368148458e-02 4.174831315617665711e-02 9.951917683775697299e-01 7.564434216940339913e-03 -9.765347655631301249e-02 4.787793482496929265e+00
-9.614433173578200431e-02 2.753190317571894974e-02 -9.949866018477230289e-01 -1.360028447335639967e+01 -5.234178987176496718e-03 9.995896436865598922e-01 2.816504442658160703e-02 3.783436495982971104e-02 9.953536794701797197e-01 7.915848218159935931e-03 -9.596077364143136557e-02 4.722863921132657516e+00
-9.452595150354903275e-02 2.769112990894714160e-02 -9.951372377310404582e-01 -1.425123558482405883e+01 -4.423558843103018133e-03 9.995915786933293745e-01 2.823526265263709076e-02 4.853986740935583438e-02 9.955126081736405119e-01 7.071014072757694433e-03 -9.436485395922754316e-02 4.664593955107731560e+00
-9.276391966399330502e-02 2.625540495373169733e-02 -9.953419437831895200e-01 -1.490319023820280897e+01 -5.878040924573542034e-03 9.996204754870150477e-01 2.691608704156011125e-02 4.999623142585208485e-02 9.956708192377518030e-01 8.347503298119975795e-03 -9.257438530661937781e-02 4.593475866710111433e+00
-9.193306791403302314e-02 2.527315307430064509e-02 -9.954444509403520547e-01 -1.559347241324397082e+01 -8.654407508253834230e-03 9.996198843389573208e-01 2.617842960489279169e-02 6.796277360647715038e-02 9.957276177266842776e-01 1.102164617050730745e-02 -9.167940069714153317e-02 4.523294948228768320e+00
-8.999237508613593117e-02 2.736661497384135569e-02 -9.955664302253610654e-01 -1.630653896701451089e+01 -1.254051222833532306e-02 9.995120823340150062e-01 2.860865121946393891e-02 9.709241822317202231e-02 9.958635370640710471e-01 1.505947437085117940e-02 -8.960527694544644095e-02 4.442558437718465925e+00
-8.821251362762054515e-02 3.135595697718293606e-02 -9.956080717862050289e-01 -1.700040770548804403e+01 -8.138116860239073477e-03 9.994484402556611524e-01 3.219795716220215376e-02 1.015650378432257361e-01 9.960684715388076205e-01 1.094263845920368308e-02 -8.790868277303141853e-02 4.375417569039862897e+00
-8.636537831379489938e-02 3.305913888819236174e-02 -9.957149145194652551e-01 -1.776084235711908121e+01 -1.060832392242446430e-02 9.993621718358703943e-01 3.410036779641653637e-02 1.092672011446811087e-01 9.962070876158191091e-01 1.350795841058017796e-02 -8.595959200221164886e-02 4.316456921305071859e+00
-8.432424557445268587e-02 3.297479902293303650e-02 -9.958926450688796450e-01 -1.845752751256232216e+01 -6.841308806405263683e-03 9.994096331932624810e-01 3.367051678662193182e-02 1.181659780536154503e-01 9.964149209307542332e-01 9.652450932608741888e-03 -8.404887452445422569e-02 4.253289192015234477e+00
-8.313062468190597631e-02 3.085004588904011885e-02 -9.960610675030086014e-01 -1.922354759798806256e+01 -1.167263917464239110e-02 9.994220595467920853e-01 3.192833375509909061e-02 1.190153866458078108e-01 9.964703333764257653e-01 1.428088466959727756e-02 -8.272248061396751673e-02 4.163246195802612348e+00
-8.145276453412177153e-02 3.005908214722514613e-02 -9.962238578973746650e-01 -2.001187115179537912e+01 -1.343200081263679936e-02 9.994212849279978661e-01 3.125377882570968407e-02 1.440695848961884018e-01 9.965867273290537343e-01 1.592698726592531658e-02 -8.100187487249903284e-02 4.102129374028565145e+00
-8.004975808368716694e-02 3.151714673381909859e-02 -9.962925183024348152e-01 -2.079794453649118324e+01 -1.294498831512413614e-02 9.993829094900587018e-01 3.265500886751426801e-02 1.669124988179385427e-01 9.967068476287430645e-01 1.551102147504096647e-02 -7.959237290507148455e-02 4.045519340820612264e+00
-7.888106236227257484e-02 3.319674811989116459e-02 -9.963311850297168482e-01 -2.155580985166101016e+01 -1.279127494416912141e-02 9.993294620518216043e-01 3.430935252798251317e-02 1.809878358258490971e-01 9.968020053659817359e-01 1.545070520528160282e-02 -7.840354271978394740e-02 3.991892152816979067e+00
-7.734557179393625193e-02 3.465651785163858384e-02 -9.964018590219912985e-01 -2.239208693401337413e+01 -9.638328148802452824e-03 9.993230347315218420e-01 3.550629531813687817e-02 1.969064608166529173e-01 9.969577933841741180e-01 1.234990369224787075e-02 -7.695918243860572217e-02 3.901333026196933229e+00
-7.663859860923070977e-02 3.083153066318202948e-02 -9.965821683657681840e-01 -2.315932844912866884e+01 -7.769384715340559196e-03 9.994730344209374895e-01 3.151844297361021396e-02 2.143931552105424188e-01 9.970287049569901416e-01 1.015836045441242605e-02 -7.635867247089517251e-02 3.839524357925996778e+00
-7.616666341414442265e-02 2.515316138600824994e-02 -9.967778259249309158e-01 -2.399559977981455461e+01 -5.171712241929376890e-03 9.996584106540130632e-01 2.562103668675862547e-02 2.008247860488147629e-01 9.970817265534263063e-01 7.106517843556836925e-03 -7.601056256131531741e-02 3.769129588944621467e+00
-7.654164288518747195e-02 2.047173970621072106e-02 -9.968562389717040562e-01 -2.480091172892477758e+01 -3.939355028376892269e-03 9.997752454170667491e-01 2.083416066356095012e-02 1.972400910998710621e-01 9.970586417218815223e-01 5.521652401594068053e-03 -7.644379614050086924e-02 3.714609387758938119e+00
-7.688659986385554257e-02 2.055156618516656292e-02 -9.968280495063294167e-01 -2.564035655756410392e+01 -5.897246465584105209e-03 9.997607367253670274e-01 2.106689107772050096e-02 2.086312681067166164e-01 9.970224420177510316e-01 7.498303202407677857e-03 -7.674700787119266565e-02 3.644844402232817693e+00
-7.670493618341249487e-02 2.799505231645145129e-02 -9.966607778970670850e-01 -2.647771760884840830e+01 -6.186298660562448287e-03 9.995731988372595911e-01 2.855296825293266241e-02 2.186844061138444040e-01 9.970346830063283594e-01 8.355795726544977889e-03 -7.649901446461550292e-02 3.576633898047870908e+00
-7.706588236705455564e-02 3.321210780172318550e-02 -9.964727201709828730e-01 -2.735342106859628331e+01 -7.778573107175568331e-03 9.993946440900484118e-01 3.391107914661380812e-02 2.714739660117281850e-01 9.969956971894909925e-01 1.036452402658642920e-02 -7.676088906868856754e-02 3.507860898057542975e+00
-7.740622192160157011e-02 3.929797465781698779e-02 -9.962248854324948777e-01 -2.819272409614610098e+01 -8.275078616302821224e-03 9.991631967910490353e-01 4.005685191203500056e-02 2.845254524456650724e-01 9.969653336583922387e-01 1.134448970098222466e-02 -7.701625612018354883e-02 3.440188671119936092e+00
-7.756999291904377591e-02 3.977478398260449882e-02 -9.961932237843109661e-01 -2.901716348575261861e+01 -8.018625196176269385e-03 9.991467305779266894e-01 4.051708972509151380e-02 2.976640240589810138e-01 9.969547003156989939e-01 1.113101133231489924e-02 -7.718486753818742940e-02 3.357257054303306010e+00
-7.828136800522982053e-02 3.717761715221358509e-02 -9.962378875330571981e-01 -2.986937378041620761e+01 -8.267663819805615502e-03 9.992458960735837170e-01 3.793951824195848643e-02 2.923947552410408601e-01 9.968970607755305302e-01 1.120651821504030365e-02 -7.791496550241577834e-02 3.298667647318938911e+00
-7.824254468637990845e-02 3.529901650714405148e-02 -9.963092692475491452e-01 -3.071532221843444077e+01 -8.706025427127797589e-03 9.993107158644174426e-01 3.608906212457729801e-02 3.000591901200577172e-01 9.968963767349469096e-01 1.149759477678135612e-02 -7.788130102999647753e-02 3.224992154513174114e+00
-7.858829442636242057e-02 3.604532430576049690e-02 -9.962553342002423706e-01 -3.155321691352574831e+01 -1.162382369544034781e-02 9.992451112113306388e-01 3.707042704521164994e-02 3.259255334993658160e-01 9.968394270501195198e-01 1.449359889555578047e-02 -7.810998633795664114e-02 3.154912500856156488e+00
-7.872409260545323861e-02 3.739497347766263663e-02 -9.961948652474175159e-01 -3.238857231942349557e+01 -1.247623538020391221e-02 9.991810419610686056e-01 3.849300006965756388e-02 3.421486876959804468e-01 9.968184074403596551e-01 1.545908902810511944e-02 -7.819307421638262146e-02 3.072782893312340224e+00
-7.831733313944767849e-02 3.629699139858325735e-02 -9.962675343985269993e-01 -3.319922396702585132e+01 -1.164625444007331805e-02 9.992355359495467271e-01 3.732064538344832816e-02 3.597871519393621709e-01 9.968604900939579405e-01 1.452563951345682731e-02 -7.783474017878333484e-02 3.000061688121478554e+00
-7.814860896694016124e-02 3.138594539827797153e-02 -9.964475870358089349e-01 -3.403597436135321175e+01 -1.253385722269138337e-02 9.993944459665319302e-01 3.246176062461732237e-02 3.611728489128704922e-01 9.968629664924453238e-01 1.502617412888034368e-02 -7.770790062261838382e-02 2.938366479226007133e+00
-7.798672996612568409e-02 2.853232837741399158e-02 -9.965460614314558541e-01 -3.485418833078447420e+01 -1.454173826968437402e-02 9.994515439209077368e-01 2.975350904100353480e-02 3.624143175853061227e-01 9.968483758438633213e-01 1.681189178866356743e-02 -7.752904983374882264e-02 2.862341119623892816e+00
-7.724810011670182885e-02 2.854445633182791861e-02 -9.966032417265664467e-01 -3.569164733288533853e+01 -1.594533875547952603e-02 9.994269219976568142e-01 2.986127678881225767e-02 3.782369675861891878e-01 9.968844235082061633e-01 1.819790411290820448e-02 -7.674868170083277985e-02 2.780380919657278849e+00
-7.687172240882321483e-02 3.078425303880859276e-02 -9.965656749255721314e-01 -3.651423263897476090e+01 -1.456081099926356294e-02 9.993820399372327357e-01 3.199442349843375361e-02 3.703060142062671867e-01 9.969347008280273759e-01 1.697027179627578694e-02 -7.637597685226531208e-02 2.725192132325053862e+00
-7.621819959642650577e-02 3.501323458427569452e-02 -9.964762595457360428e-01 -3.738892092273519552e+01 -1.442578935908703751e-02 9.992400030653253440e-01 3.621374025474665553e-02 4.079143033455309153e-01 9.969868400823035381e-01 1.713510361539675314e-02 -7.565518222248084068e-02 2.653439261976792807e+00
-7.570845923076334472e-02 3.998553533520813469e-02 -9.963279894430512318e-01 -3.819759374129144192e+01 -1.326577217254805083e-02 9.990668869865118040e-01 4.110348812115981881e-02 4.358266121959327721e-01 9.970417870589112219e-01 1.632894277598367222e-02 -7.510737743830976643e-02 2.581251768453133977e+00
-7.548057995775371565e-02 4.361042176309542356e-02 -9.961931989037285939e-01 -3.902299226864718662e+01 -1.131338794093375046e-02 9.989414623685829442e-01 4.458793723389026242e-02 4.343935446941629697e-01 9.970831289105884787e-01 1.463584438001613690e-02 -7.490730105711539133e-02 2.512742955284358093e+00
-7.523899317473459192e-02 4.392434796010748904e-02 -9.961976821616927991e-01 -3.983685983363719885e+01 -8.490214716212949458e-03 9.989649928770981679e-01 4.468759784212984754e-02 4.449235000896686332e-01 9.971294233044979416e-01 1.182018297482162819e-02 -7.478819488621180067e-02 2.448213735824662951e+00
-7.505484199832987424e-02 4.056697571305010325e-02 -9.963539368944990260e-01 -4.067320594611202722e+01 -7.993160166687877932e-03 9.991156419204295647e-01 4.128154062383344175e-02 4.550898516880530487e-01 9.971474097368032696e-01 1.106239699348127853e-02 -7.466421005609714945e-02 2.371761168987588597e+00
-7.485447847045421932e-02 3.612422650347516667e-02 -9.965399759739674845e-01 -4.150592107170709255e+01 -1.083039618529438829e-02 9.992552959183059746e-01 3.703617445680019299e-02 4.703554138094990789e-01 9.971356909840232152e-01 1.356524717477419761e-02 -7.440749609188215818e-02 2.293443348008839866e+00
-7.523093660602743482e-02 3.298371618298741315e-02 -9.966205180737540692e-01 -4.237065546041011288e+01 -1.651698509323629854e-02 9.992745177886196428e-01 3.431835367841332141e-02 4.928754800911614442e-01 9.970293737078506080e-01 1.904296905042988236e-02 -7.463156809818333182e-02 2.232987554486876025e+00
-7.493190153823879596e-02 3.076776153734587377e-02 -9.967139165231473363e-01 -4.317628324690014097e+01 -1.982110397807545360e-02 9.992805194591999340e-01 3.233712027959038948e-02 5.143706606798733594e-01 9.969916803190139731e-01 2.217905302183425034e-02 -7.426814023081426686e-02 2.166678598106414277e+00
-7.574687077646037603e-02 2.937446239080383770e-02 -9.966943508048212719e-01 -4.400654631441793185e+01 -1.805741691329941154e-02 9.993617194216493083e-01 3.082540406124064172e-02 5.259971803718250793e-01 9.969635990900556077e-01 2.033265425296535561e-02 -7.516809786552572370e-02 2.097494212786691570e+00
-7.680385545854379048e-02 2.567304869518736640e-02 -9.967156759811195421e-01 -4.481408283643074242e+01 -1.581892928168369267e-02 9.995112933038543535e-01 2.696401536094085449e-02 5.275775213990232526e-01 9.969207620975788497e-01 1.783791605134180114e-02 -7.636020254622122305e-02 2.032960834477390843e+00
-7.724784154117880774e-02 2.425834708556283414e-02 -9.967168002789417169e-01 -4.563776896103607328e+01 -1.398438513621408710e-02 9.995793103022911907e-01 2.541183744852657661e-02 5.328664233789457416e-01 9.969138802242282216e-01 1.590148211381847698e-02 -7.687610790187206222e-02 1.951496865872739406e+00
-7.920676027554357512e-02 2.824687114470623289e-02 -9.964579668743985819e-01 -4.646993492881655641e+01 -1.508330588709763317e-02 9.994501275418510300e-01 2.953063724246087970e-02 5.348157929105351593e-01 9.967441294639174387e-01 1.736890733950295640e-02 -7.873715230528721687e-02 1.890800103122188602e+00
-8.057846733459252120e-02 3.321665146788722184e-02 -9.961946802656377331e-01 -4.727528459804059935e+01 -1.083412095884901151e-02 9.993563993724950967e-01 3.419840599458555397e-02 5.602268930968963279e-01 9.966894245558416410e-01 1.354854970329579314e-02 -8.016673563977708139e-02 1.825311646550513256e+00
-8.261841202982080079e-02 3.663817501535144433e-02 -9.959075852761408720e-01 -4.809430424159040030e+01 -9.046296370189712763e-03 9.992552986487747146e-01 3.751179509040771659e-02 5.750513978206783783e-01 9.965402345554089658e-01 1.210844100661616525e-02 -8.222544812252864654e-02 1.738459813319779723e+00
-8.421192320654773134e-02 3.644722752243548247e-02 -9.957811144305124262e-01 -4.889619226263000229e+01 -7.679406762461701147e-03 9.992774765731077258e-01 3.722463774428546451e-02 5.870189481792530417e-01 9.964183133875789133e-01 1.078176744430655969e-02 -8.387118699784028297e-02 1.688546497109905564e+00
-8.524638113999823130e-02 3.262199034076420506e-02 -9.958257560935174224e-01 -4.969831642005213013e+01 -8.194931299712444883e-03 9.994071623534095394e-01 3.344082924008670576e-02 5.710865697125946383e-01 9.963262388106863821e-01 1.101143422146294570e-02 -8.492851089539303622e-02 1.592433116617532729e+00
-8.660319717736801592e-02 2.955851684661403925e-02 -9.958043264385459947e-01 -5.049728654274014872e+01 -1.254318518628836678e-02 9.994482300742479897e-01 3.075753587169477443e-02 5.730468356313818123e-01 9.961639580228620616e-01 1.515425992599936378e-02 -8.618465620537699157e-02 1.509528986724528732e+00
-8.798987731884225227e-02 2.885400630779281703e-02 -9.957034217180460445e-01 -5.129754346759182937e+01 -1.376176430003334637e-02 9.994498398768811853e-01 3.017869305821986245e-02 5.791992631856680562e-01 9.960263409335841089e-01 1.635805621348338304e-02 -8.754438881332560207e-02 1.416071752674397999e+00
-8.908814010254755000e-02 2.920436789027415839e-02 -9.955955425684537285e-01 -5.208086178652371245e+01 -1.482845911962161166e-02 9.994204409948338474e-01 3.064344987226954448e-02 5.905567261045240324e-01 9.959133981319083784e-01 1.749311667314060528e-02 -8.860345456818892462e-02 1.334769485619127227e+00
-8.986977580915808672e-02 3.000982023215105488e-02 -9.955013361439644104e-01 -5.289681301239269118e+01 -1.501083771191348212e-02 9.993916485346552303e-01 3.148221226557861019e-02 6.086769123503970036e-01 9.958404363259765191e-01 1.777260927249101757e-02 -8.936463295074381641e-02 1.261998779519087011e+00
-9.085773271538580276e-02 2.990509826899773876e-02 -9.954148048254239933e-01 -5.369880921345731650e+01 -1.527513799396626980e-02 9.993896402719443239e-01 3.141877104723263259e-02 6.145154531570532486e-01 9.957467645069567608e-01 1.805973772336970373e-02 -9.034547442721127530e-02 1.181541202110117705e+00
-9.153507287396431269e-02 2.994312685021505854e-02 -9.953516040772387719e-01 -5.446435673910534803e+01 -1.536327986833746148e-02 9.993864457545826863e-01 3.147735330705471457e-02 6.249643015371565413e-01 9.956833716182974525e-01 1.817314800634498365e-02 -9.101888863488519221e-02 1.104563734049477830e+00
-9.225351433702935755e-02 3.094770031496298091e-02 -9.952545428555750195e-01 -5.526306353627597190e+01 -1.515729902990106334e-02 9.993574990059939100e-01 3.248026425795357691e-02 6.287473234474096895e-01 9.956202196722344633e-01 1.808179015677600573e-02 -9.172515996235328095e-02 1.045653625856542313e+00
-9.253207134370669551e-02 3.484017446773800958e-02 -9.951000221796577616e-01 -5.599835579543335484e+01 -1.541746272888278903e-02 9.992177714474500538e-01 3.641797868233987573e-02 6.394928073093859577e-01 9.955903746287300127e-01 1.871174941987810425e-02 -9.192254517651458900e-02 9.583541472734981026e-01
-9.257919614213018511e-02 3.836401182864678655e-02 -9.949660150765259337e-01 -5.677999204170530589e+01 -1.537784366132833799e-02 9.990832552745020356e-01 3.995363644489432348e-02 6.554127685055833874e-01 9.955866063798222143e-01 1.899930828635700356e-02 -9.190437102803256098e-02 8.885160329788615030e-01
-9.283737691990982810e-02 4.080214084697810634e-02 -9.948449541808863650e-01 -5.755835225882098882e+01 -1.568626826028037338e-02 9.989761260916202312e-01 4.243539325972764398e-02 6.647292794511848735e-01 9.955577526531296240e-01 1.954499634074886513e-02 -9.210229198132612038e-02 8.027180110191669549e-01
-9.351452298276990982e-02 4.076354439705436039e-02 -9.947831138183200750e-01 -5.829510519006768021e+01 -1.506217404251629539e-02 9.989892773775155277e-01 4.235182066911445664e-02 6.763682467589255953e-01 9.955040137177832982e-01 1.894410761318586836e-02 -9.280602031140455788e-02 7.308494000534758728e-01
-9.381245688778573621e-02 3.898688921819887937e-02 -9.948262770446153480e-01 -5.904293233384829165e+01 -1.472684058241835112e-02 9.990693644352861558e-01 4.054192061789017171e-02 6.868210422859143405e-01 9.954809990747531812e-01 1.845398607981431696e-02 -9.315100015770919062e-02 6.591083093358511835e-01
-9.405157998859026147e-02 3.589226507091456547e-02 -9.949201584587985536e-01 -5.977115488278703737e+01 -1.471964722592182181e-02 9.991906051133851996e-01 3.743779837955472922e-02 7.002904387168246148e-01 9.954585419310540972e-01 1.816595875108828126e-02 -9.344713582880842528e-02 5.712676876985711694e-01
-9.374223074865498107e-02 3.308397794384051321e-02 -9.950466927162926467e-01 -6.046217496095760424e+01 -1.405825675923573839e-02 9.993041522933466814e-01 3.454994548046826097e-02 6.969078816794438413e-01 9.954972807658802880e-01 1.722741176563593463e-02 -9.321189955861738929e-02 5.047301594507320743e-01
-9.245508500705537647e-02 3.137750073784685567e-02 -9.952223800923351016e-01 -6.119182022207128568e+01 -1.443042120457955525e-02 9.993562264847145604e-01 3.284840380939685334e-02 6.941278470941302237e-01 9.956123224626022283e-01 1.739848101604832276e-02 -9.194277647307141921e-02 4.269429342100395375e-01
-9.034752008891190622e-02 3.029113322191560181e-02 -9.954495713155216974e-01 -6.189547154330750089e+01 -1.577996703130217504e-02 9.993683829748656322e-01 3.184257915459147437e-02 7.140145442646825824e-01 9.957853155786080546e-01 1.858506039464003640e-02 -8.981246407654096264e-02 3.466404835498188008e-01
-8.621188007318950075e-02 3.125484301852535923e-02 -9.957864845232666795e-01 -6.256727251360410236e+01 -1.756236446109149182e-02 9.993048643172899315e-01 3.288576588282526858e-02 7.157272626131896409e-01 9.961220565827618723e-01 2.032350979545791483e-02 -8.560304417898537133e-02 2.678223542514057698e-01
-8.044495317340202845e-02 3.230945453514150884e-02 -9.962353060308056785e-01 -6.322390666434321105e+01 -1.723874103905211411e-02 9.992799876920823721e-01 3.380020857112538135e-02 7.331819995500665765e-01 9.966100099390677869e-01 1.989289957317406238e-02 -7.983005936594948782e-02 2.082704399303602627e-01
-7.315585040581337739e-02 3.361404182528004297e-02 -9.967539285968856078e-01 -6.386920108654644679e+01 -1.742162876437461719e-02 9.992363385304504630e-01 3.497640213763469202e-02 7.353965556750243771e-01 9.971683835141644803e-01 1.992380627881643052e-02 -7.251437444080835459e-02 1.772288585909963521e-01
-6.453511280794535510e-02 3.443252641199540109e-02 -9.973212606187111806e-01 -6.449687259124362981e+01 -1.845047415079223777e-02 9.991926000714369538e-01 3.569103610479975458e-02 7.445032046036592632e-01 9.977448952424319284e-01 2.070437610653752883e-02 -6.384771221779639294e-02 1.482860824384528153e-01
-5.298435939504456127e-02 3.641793417380126408e-02 -9.979310940150569742e-01 -6.512467608876504244e+01 -2.062408376898336795e-02 9.990817760755120736e-01 3.755494599539532102e-02 7.559749096422234693e-01 9.983823825003281804e-01 2.257124016728642366e-02 -5.218462258361712680e-02 1.007977043207701762e-01
-3.808116053374661220e-02 3.771446199818028616e-02 -9.985627278127439110e-01 -6.573177871286252127e+01 -2.286774704169285480e-02 9.989929991300880996e-01 3.860279669204061403e-02 7.570507224401752389e-01 9.990129970655243774e-01 2.430492010274594439e-02 -3.718036886320112699e-02 6.695577039881783765e-02
-1.964392050540430743e-02 3.901300133740053661e-02 -9.990456341124408501e-01 -6.631293197000952944e+01 -2.437503363662604783e-02 9.989227790627263071e-01 3.948748254184089590e-02 7.757779178489824234e-01 9.995099054687242024e-01 2.512746084773906721e-02 -1.867181687695221651e-02 6.579147745967633965e-02
2.602267103500470902e-03 4.004905471329855970e-02 -9.991943646826321190e-01 -6.686864362341680135e+01 -2.590213216529038687e-02 9.988652203018707487e-01 3.996840360509442552e-02 7.790937646991000776e-01 9.996611349643949040e-01 2.577725697791949724e-02 3.636670101269416297e-03 8.156493387471325240e-02
2.806130854834860272e-02 4.041724601607431244e-02 -9.987888095849256631e-01 -6.741014415748716715e+01 -2.641986087131731678e-02 9.988632392278278260e-01 3.967798298694282660e-02 7.969153013961840504e-01 9.992570394100601661e-01 2.527444621209462561e-02 2.909722825652066511e-02 1.047075675032137498e-01
5.785469124394712614e-02 3.993022188978871678e-02 -9.975261845574959763e-01 -6.794946185811303963e+01 -2.684639983923017489e-02 9.989007288942597373e-01 3.842820174018506119e-02 7.969412521799768001e-01 9.979640184643893130e-01 2.455673599884685560e-02 5.886307734039372686e-02 1.320508570482143429e-01
9.150361936680274921e-02 4.053427717740653441e-02 -9.949794653363411845e-01 -6.841459661387047220e+01 -2.694730712648694612e-02 9.989061517220249042e-01 3.821602737665746180e-02 8.022731123171973344e-01 9.954401069059256590e-01 2.331511335414411523e-02 9.249582007953870144e-02 2.062299971827943335e-01
1.291883084719332442e-01 4.048235130159141826e-02 -9.907934375883357125e-01 -6.892755314374589659e+01 -2.699689569181450838e-02 9.989396203689802078e-01 3.729510070002653443e-02 8.219987418556263803e-01 9.912525530718659939e-01 2.193025704693814595e-02 1.301442206922242550e-01 3.024643387737667166e-01
1.694170724084262947e-01 4.021628437208710910e-02 -9.847236063363612457e-01 -6.936714766928128029e+01 -2.677138280011041871e-02 9.989862313667543514e-01 3.619288131814137055e-02 8.149115226244956212e-01 9.851808072418992701e-01 2.023072154816956542e-02 1.703219722359540500e-01 3.894395255505896936e-01
2.138660679918910068e-01 4.101005286620489770e-02 -9.760018206848409816e-01 -6.978447713514142947e+01 -2.496603819300879934e-02 9.990215637839345852e-01 3.650663085696907034e-02 8.196437232974846943e-01 9.765439440771509494e-01 1.655937004185630348e-02 2.146806772694652976e-01 5.150315908172339308e-01
2.615209663316757083e-01 3.949816407364315635e-02 -9.643893149633921968e-01 -7.019477109270795268e+01 -2.087244582570695409e-02 9.991601704145185447e-01 3.526211768990730744e-02 8.359165316958069303e-01 9.649721218834703684e-01 1.090738151930843204e-02 2.621257627266552759e-01 6.725549542132029934e-01
3.112965801157042134e-01 3.517702249392898328e-02 -9.496615637022991496e-01 -7.063911493441808886e+01 -1.317783039161118247e-02 9.993784293535561414e-01 3.269895771614887703e-02 8.232470905636894987e-01 9.502214754281690379e-01 2.335406149110849042e-03 3.115666514438825696e-01 8.696826901028757995e-01
3.623083319766876587e-01 2.990461447294099490e-02 -9.315784739128999403e-01 -7.104596345146407543e+01 -7.550640970097232535e-03 9.995465946163507587e-01 2.914987358654770946e-02 8.049706891102530459e-01 9.320277494843975941e-01 -3.527226670153645743e-03 3.623698669351277935e-01 1.073871492967230834e+00
