9.999999962582231117e-01 8.137513283089255393e-10 -7.656115743121981746e-10 -2.139041626117443862e-10 8.137513283089255393e-10 1.000000061056633971e+00 6.754229731482267424e-11 4.506439374440951440e-09 -7.656115743121981746e-10 6.754229731482267424e-11 1.000000080766252131e+00 2.697696344089450804e-08
9.999983274651178533e-01 1.553869153514699257e-03 9.607681090077261048e-04 -4.008014838143154207e-02 -1.554652218395341642e-03 9.999985192241627185e-01 8.165272021081219564e-04 -2.028547936551417658e-02 -9.594993833013862328e-04 -8.180193666567892562e-04 9.999992858692594577e-01 8.414236433658165426e-01
9.999848711511947208e-01 4.711037771678598142e-03 2.838329390749918212e-03 -3.915664982575066400e-02 -4.713529020317792743e-03 9.999885719062153733e-01 8.722416192015316821e-04 -2.307987157477905255e-02 -2.834189150042624571e-03 -8.856068452858470051e-04 9.999956722948446508e-01 1.599216675849740588e+00
9.999767509700127066e-01 5.996663453080293069e-03 3.245007141300408279e-03 -4.449071092344508704e-02 -5.998573569083462745e-03 9.999819014056071653e-01 5.797220284449159820e-04 -3.384915675929252299e-02 -3.241473347512004773e-03 -5.991738389272258016e-04 9.999946476745510404e-01 2.359178613803885938e+00
9.999655654280684702e-01 7.408733860694393172e-03 3.737799917893591412e-03 -4.853286069947698733e-02 -7.410559780610294009e-03 9.999724895058774710e-01 4.753239764144109565e-04 -5.538290293038117956e-02 -3.734176844437083701e-03 -5.030066740870530644e-04 9.999929821976555333e-01 3.096818759260583143e+00
9.999630530497519709e-01 7.588144409507481536e-03 4.037960817740144856e-03 -6.614559452457235977e-02 -7.589596933224970927e-03 9.999712001586750221e-01 3.449186143082547031e-04 -6.562534374284507976e-02 -4.035228518483844479e-03 -3.755522410725592388e-04 9.999918686812310220e-01 3.815269491131187074e+00
9.999589726057880323e-01 7.850420591277539398e-03 4.518465419217005015e-03 -6.540092610497542924e-02 -7.854919039425440480e-03 9.999687314166446628e-01 9.790467421516859357e-04 -9.565718725931325606e-02 -4.510639461635272858e-03 -1.014498632860617389e-03 9.999893931746073328e-01 4.512152947789392243e+00
9.999516924448877964e-01 8.474379324145599884e-03 4.978975903033249807e-03 -6.799227615352063103e-02 -8.489383188786083639e-03 9.999595241986845018e-01 3.000405442928834061e-03 -1.126301099708406916e-01 -4.953349032931992323e-03 -3.042528821828746621e-03 9.999831843032057632e-01 5.201211054297631087e+00
9.999400683293381276e-01 8.885960999060273785e-03 6.394683443146268777e-03 -6.731531809821635071e-02 -8.931575390163397007e-03 9.999346784480523942e-01 7.140580765884194277e-03 -1.155839961742634314e-01 -6.330815961367181229e-03 -7.197267320026486462e-03 9.999541397730625780e-01 5.849597854798374463e+00
9.999401683528081897e-01 8.030606335947963054e-03 7.427085796376921810e-03 -6.037177878894140620e-02 -8.110797934415801130e-03 9.999085084364646159e-01 1.083105779464537191e-02 -1.280100976446048588e-01 -7.339427411734981976e-03 -1.089064926455125641e-02 9.999138403379472795e-01 6.500334320915027497e+00
9.999377118903071127e-01 6.975134908754309672e-03 8.712769744182485149e-03 -4.486444525792141619e-02 -7.088818785698888965e-03 9.998893057341909918e-01 1.308613886466371973e-02 -1.484988474837684591e-01 -8.620528722434491267e-03 -1.314708692612860143e-02 9.998764934352308842e-01 7.102278787859422238e+00
9.999291505186606033e-01 6.848596475786037502e-03 9.735666031919028643e-03 -6.160625820295233257e-02 -6.978883982533706266e-03 9.998857574172724805e-01 1.341228529016451690e-02 -1.650447092616291467e-01 -9.642699428269747158e-03 -1.347927904889657108e-02 9.998627350383073598e-01 7.666033588100524376e+00
9.999119768061702773e-01 7.959806739068202297e-03 1.061473706881292146e-02 -6.157818192030117821e-02 -8.083406865391960794e-03 9.998994920948645060e-01 1.165273968464798811e-02 -1.754496802782878062e-01 -1.052091754674241986e-02 -1.173751713528573860e-02 9.998758435529074839e-01 8.235516217047464949e+00
9.998926003356936043e-01 8.487375166479982705e-03 1.194758491991077670e-02 -4.861147082360970512e-02 -8.584755563801895265e-03 9.999302162495935509e-01 8.123219803787615559e-03 -1.682721403332704257e-01 -1.187780717170729659e-02 -8.224914380689380897e-03 9.998957095701086484e-01 8.763178905925954609e+00
9.998825048586394981e-01 7.221326467620124180e-03 1.352114817606307230e-02 -5.768853263523210373e-02 -7.309512893706442832e-03 9.999523229246602973e-01 6.484211480474128507e-03 -1.701154643827222646e-01 -1.347367963351693218e-02 -6.582282530108879599e-03 9.998876412127648550e-01 9.248878392571125318e+00
9.998775429178846652e-01 3.444210301432180932e-03 1.526529079452333161e-02 -4.516900235674504993e-02 -3.512266840256282087e-03 9.999840636460598509e-01 4.433795588655878306e-03 -1.890459945267778663e-01 -1.524977720082645177e-02 -4.486868310410202509e-03 9.998737289495133185e-01 9.734516243947654246e+00
9.998510330736807283e-01 1.978548019064521775e-03 1.714612281969213683e-02 -3.716283746100382951e-02 -2.043903543107955002e-03 9.999907708898869707e-01 3.795089437548556169e-03 -2.458977852556251675e-01 -1.713845629737682785e-02 -3.829569010638752147e-03 9.998458727474769381e-01 1.017277337783082380e+01
9.998029037695068677e-01 4.443280518506308174e-03 1.934950643506667955e-02 -2.299632155444372023e-02 -4.489605843500004898e-03 9.999872180616371509e-01 2.351437394259541305e-03 -2.568137985175651949e-01 -1.933881136735488004e-02 -2.437845485162396918e-03 9.998100963755220949e-01 1.057247273647525887e+01
9.997009361819306772e-01 9.691575693918567588e-03 2.245226278357100730e-02 -2.349141617511647101e-02 -9.713690454571021968e-03 9.999524981749010610e-01 8.761866369272085014e-04 -2.439925331527315056e-01 -2.244270479306872956e-02 -1.094018826602529250e-03 9.997476129746694085e-01 1.095846550499384797e+01
9.996142827082320492e-01 1.066570389476845411e-02 2.564217470611791436e-02 -2.537932676870342796e-02 -1.068736496899399570e-02 9.999426989521357223e-01 7.079060195072460872e-04 -2.007003042178682195e-01 -2.563315503377088314e-02 -9.816801452370964038e-04 9.996710154762004086e-01 1.130638836221578813e+01
9.995558805601076902e-01 7.032110277797311466e-03 2.895830831405118294e-02 7.450635905727976717e-03 -7.076694065168920300e-03 9.999739877914013420e-01 1.437442322371307530e-03 -2.171098476389640708e-01 -2.894744655650741127e-02 -1.641732914904044148e-03 9.995796674386189240e-01 1.163887420653819404e+01
9.994967220807654540e-01 1.291119183573300952e-03 3.169586907010443072e-02 2.191694298362015236e-02 -1.353436950383801350e-03 9.999972540480462913e-01 1.944792040239990468e-03 -2.519888402118085624e-01 -3.169327067353510524e-02 -1.986711528885065029e-03 9.994957483987624292e-01 1.193193908776170886e+01
9.994318885042429157e-01 -1.987025889370878495e-03 3.364438328442551085e-02 3.523689374464726576e-02 1.867083428307655685e-03 9.999918520654981213e-01 3.596097732421687457e-03 -2.918378664932042010e-01 -3.365125416995422281e-02 -3.531237781504250640e-03 9.994274785797626626e-01 1.218162159835016212e+01
9.993314427036117387e-01 -3.306710976720053825e-03 3.641051845983402091e-02 3.964055363263690318e-02 3.133140689218969193e-03 9.999835214469885436e-01 4.823109238144529173e-03 -2.907957956710459091e-01 -3.642586640520684149e-02 -4.705805346050136000e-03 9.993253589937578507e-01 1.240957570681227118e+01
9.992537004895672981e-01 -2.512753567522054907e-03 3.854504775907296316e-02 5.123333424805643493e-02 2.364783150191995201e-03 9.999897219829565476e-01 3.884050291589434458e-03 -2.836421872950036782e-01 -3.855441043264079548e-02 -3.790000855892376470e-03 9.992493956941042033e-01 1.261856584443641083e+01
9.991688065894464010e-01 -8.897044924624043566e-04 4.075410356750245461e-02 5.896479031274657473e-02 7.969474809326166460e-04 9.999971162942126179e-01 2.292246258453697200e-03 -2.863066180934237814e-01 -4.075602450975876478e-02 -2.257861984196927845e-03 9.991666577601846511e-01 1.279264593849000597e+01
9.990727604136430129e-01 1.078033456307939076e-03 4.304009586786785441e-02 6.237374249153045808e-02 -1.138065220255703169e-03 9.999984745333714287e-01 1.370346687658319977e-03 -2.941220628911013213e-01 -4.303855183530676254e-02 -1.418058390278436123e-03 9.990724866635080081e-01 1.297000160435924876e+01
9.989892749695917784e-01 3.647753148033010002e-03 4.480083723602047013e-02 7.137281437868880918e-02 -3.684027978420012853e-03 9.999930105961747362e-01 7.271885327624744676e-04 -2.974877159555701089e-01 -4.479787029606533549e-02 -8.915009905113265368e-04 9.989957544826166824e-01 1.314881179522503274e+01
9.989129189426393385e-01 4.874067863080289685e-03 4.635964267138639044e-02 6.950502003677103136e-02 -4.849790858211106871e-03 9.999880984365282499e-01 -6.360956685886885774e-04 -2.863791419559265639e-01 -4.636218999145457625e-02 4.105697049075497629e-04 9.989246919530592184e-01 1.329804563412592877e+01
9.988358990230628009e-01 4.461301308147300193e-03 4.803057630239140202e-02 7.424868053655009348e-02 -4.345691782068134695e-03 9.999874655945617530e-01 -2.511119559915914439e-03 -2.950534776763744094e-01 -4.804117572328794883e-02 2.299470383558202199e-03 9.988427900736194243e-01 1.344227534669385093e+01
9.987639189029968723e-01 3.167569338161436206e-03 4.960436932731442788e-02 8.519664648921600192e-02 -2.987349780959676088e-03 9.999887285909511148e-01 -3.706823427660492238e-03 -3.111831699108421057e-01 -4.961555033368884177e-02 3.554055996945892134e-03 9.987621474862546922e-01 1.359811337307001544e+01
9.986983815271927023e-01 2.202866119483318577e-03 5.095765671316164480e-02 1.000419714847689129e-01 -1.970447714677480127e-03 9.999874900601047889e-01 -4.610766605550515630e-03 -3.255468847694366064e-01 -5.096717455128661062e-02 4.504355857035583811e-03 9.986902519236554587e-01 1.373898597831033186e+01
9.986257022941541495e-01 2.621935036985547154e-03 5.234333622190150137e-02 9.740999980393214019e-02 -2.324143367831919306e-03 9.999808332463375748e-01 -5.749226605348886979e-03 -3.330785868596132238e-01 -5.235740539666828425e-02 5.619672150088294259e-03 9.986126790531052455e-01 1.385626840996179965e+01
9.985575984086524359e-01 3.535833031259484529e-03 5.357437100692567788e-02 1.104790686981627218e-01 -3.104336988616999537e-03 9.999621511645924166e-01 -8.135197471715500256e-03 -3.217747133934194537e-01 -5.360110622933712821e-02 7.957150466809311332e-03 9.985308040006771746e-01 1.399237244601865093e+01
9.985055806930929201e-01 4.005605081429543420e-03 5.450278107041846287e-02 1.136159504064707670e-01 -3.440048983866714032e-03 9.999393686472360931e-01 -1.046647982617464681e-02 -3.210073473123124521e-01 -5.454139926851456904e-02 1.026334640593752970e-02 9.984588428419507444e-01 1.411301641617871283e+01
9.984727068582955889e-01 3.038266630499163266e-03 5.516353224527077714e-02 1.153010976014632871e-01 -2.341788623352447380e-03 9.999168493197443386e-01 -1.268592066179169767e-02 -3.241518417759763904e-01 -5.519748671807274409e-02 1.253736434457237113e-02 9.983968215655462108e-01 1.423583315432172114e+01
9.985110890603754452e-01 2.317961044976297753e-03 5.449976851617244211e-02 1.254958699427477509e-01 -1.538511288717900717e-03 9.998960619417552875e-01 -1.433947032077383284e-02 -3.402644291373889129e-01 -5.452734043779875611e-02 1.423427175953551581e-02 9.984108953800179265e-01 1.437870245574366379e+01
9.986045744441275351e-01 1.771551119577285255e-03 5.278028211509028234e-02 1.336977761696593603e-01 -9.573800463413608417e-04 9.998802917964574322e-01 -1.544692897394469439e-02 -3.449679006475719900e-01 -5.280132719933196966e-02 1.537484329373750395e-02 9.984867527480812965e-01 1.450026281253203564e+01
9.987583966501136779e-01 1.877444660601628335e-03 4.978084948522811665e-02 1.352045648257252097e-01 -1.062193967876206386e-03 9.998650379623236217e-01 -1.639816206481698249e-02 -3.480047827838025354e-01 -4.980491607724374381e-02 1.632492528792702652e-02 9.986256198113246940e-01 1.462385203081695195e+01
9.989523289618785773e-01 2.403301619819019075e-03 4.569968523189094078e-02 1.394050129066968791e-01 -1.599523004240451787e-03 9.998435958659185330e-01 -1.761668090946782658e-02 -3.506516602359991963e-01 -4.573487453289177412e-02 1.752512688678746836e-02 9.987999562473772741e-01 1.475407395554891821e+01
9.991857293407221396e-01 2.720041673582121802e-03 4.025508976341435341e-02 1.386539903647589222e-01 -1.965648298178364773e-03 9.998219941911625774e-01 -1.876801194982303037e-02 -3.498700794030183414e-01 -4.029897295249675743e-02 1.867360252967537049e-02 9.990132385503583956e-01 1.488121429400791307e+01
9.994318818411780381e-01 2.749272058835623093e-03 3.359088608412744148e-02 1.422454217023614020e-01 -2.091660739917338731e-03 9.998058431207915708e-01 -1.959650814089278215e-02 -3.543643575477767871e-01 -3.363823977543027588e-02 1.951511444969079509e-02 9.992436092441330242e-01 1.500438753766772670e+01
9.996503018475703106e-01 2.617448793413398866e-03 2.631378948897025727e-02 1.282798885582384085e-01 -2.086430782893994220e-03 9.997940977571596610e-01 -2.018739734019691853e-02 -3.587136430272721555e-01 -2.636121080427846278e-02 2.012543613112330321e-02 9.994499561726254422e-01 1.512581472329011412e+01
9.998297469967083462e-01 2.434612021878622239e-03 1.829049495963852232e-02 1.229508962028822289e-01 -2.042898043081532722e-03 9.997688731761609215e-01 -2.140441336276998133e-02 -3.579411566667978217e-01 -1.833837937158947981e-02 2.136340377894367995e-02 9.996036566291730541e-01 1.525578482290251614e+01
9.999654157372539487e-01 1.471154540009981301e-03 8.185080686933141406e-03 1.091817753097026333e-01 -1.284908844545866805e-03 9.997412618320693500e-01 -2.271300327592949697e-02 -3.585982682315445591e-01 -8.216378242960939438e-03 2.270170089306819405e-02 9.997086002616553113e-01 1.540796224959668415e+01
9.999884927011432056e-01 -5.244983392410164006e-05 -4.796273549330743423e-03 1.154569511927198699e-01 -6.412718925806579380e-05 9.997047045285184508e-01 -2.430271081123502527e-02 -3.675007384736577176e-01 4.796130100574588599e-03 2.430273895414267887e-02 9.996932207084536781e-01 1.555396956178599055e+01
9.997885677038116370e-01 -6.409585893163693157e-04 -2.055241210756778361e-02 1.024504832484065958e-01 1.089311903557896479e-04 9.996651861024498098e-01 -2.587713183306682499e-02 -3.860080913538102010e-01 2.056211427924320434e-02 2.586942202199489851e-02 9.994539178556939296e-01 1.572641389457916006e+01
9.992119754873072246e-01 -2.145445946263582955e-04 -3.969099045540618736e-02 5.458848991374596477e-02 -8.617300869281894777e-04 9.996324905323885623e-01 -2.709729536079337475e-02 -3.877796167207046563e-01 3.968221328828867855e-02 2.711014521735434155e-02 9.988445941709377385e-01 1.589847840549758295e+01
9.981149401740380123e-01 8.742228486920182668e-04 -6.136607259491273780e-02 1.958503189363134528e-02 -2.535303381240661905e-03 9.996323937411573102e-01 -2.699577262151923313e-02 -3.897611248194779998e-01 6.131990847113948789e-02 2.710046587196447698e-02 9.977502666938063980e-01 1.608201331393323841e+01
9.963488204895012412e-01 1.430653961800373332e-03 -8.536377688074166248e-02 -1.802219238562959014e-02 -3.649841158211192434e-03 9.996593229629326949e-01 -2.584644634786619280e-02 -3.937098955463301797e-01 8.529771136889012506e-02 2.606364085945386821e-02 9.960146323431606774e-01 1.629868723513542861e+01
9.937098536404416205e-01 2.349491201665738355e-03 -1.119607092655148101e-01 -6.338654622425801688e-02 -5.084405517546067808e-03 9.996955212347142794e-01 -2.414820397367760385e-02 -4.100729054928134998e-01 1.118698752821047082e-01 2.456556220007450816e-02 9.934192591543455908e-01 1.651497619892615987e+01
9.899115282200784405e-01 3.371894864477747045e-03 -1.416467121214560754e-01 -1.257644616720758335e-01 -6.587253404716231393e-03 9.997310846362080783e-01 -2.223709987731875212e-02 -4.117815031831790762e-01 1.415336298425303729e-01 2.294582464224636728e-02 9.896675605364892991e-01 1.675739269125354980e+01
9.846165013581147374e-01 3.860281465925384774e-03 -1.746866876610386754e-01 -1.968312813230579106e-01 -7.288028433780127484e-03 9.997932663440239898e-01 -1.898502875938768569e-02 -4.156516001924369097e-01 1.745772743379193914e-01 1.996609448976342793e-02 9.844411049168063643e-01 1.700246447353340784e+01
9.773886497571876442e-01 4.797944033313265508e-03 -2.113963189774417661e-01 -2.950132950666379816e-01 -8.140882294704804290e-03 9.998552200518827648e-01 -1.494613891251961660e-02 -4.249212093210934515e-01 2.112939879066482451e-01 1.632913944402820255e-02 9.772862258957127901e-01 1.727105943384418296e+01
9.679839701736547841e-01 6.569048429508889467e-03 -2.509260435104809228e-01 -4.047016493989961661e-01 -9.224652118814818946e-03 9.999132501936803807e-01 -9.408505379916698094e-03 -4.485405602551496562e-01 2.508424540082099807e-01 1.142198822473401883e-02 9.679606176384608629e-01 1.752228492054990383e+01
9.562822881929968766e-01 9.988432427907678254e-03 -2.922745570368419643e-01 -5.237070073733414155e-01 -1.186998525752193910e-02 9.999187287108227684e-01 -4.664923135162557001e-03 -4.418346282461443342e-01 2.922041889376154056e-01 7.930278445050453762e-03 9.563231548716681907e-01 1.779074907355702351e+01
9.423826035621581942e-01 1.412441637954435503e-02 -3.342387347973134748e-01 -6.707843987679595887e-01 -1.514035355586850450e-02 9.998853449359468293e-01 -4.344539565890175340e-04 -4.381744590122779726e-01 3.341942543807589483e-01 5.469914880432515288e-03 9.424884253851819604e-01 1.806320837527103151e+01
9.259852202818240618e-01 1.747965398495658976e-02 -3.771549265667404893e-01 -8.376217949320245992e-01 -1.694553660775484361e-02 9.998452658337164678e-01 4.734474339814714362e-03 -4.333188505358449016e-01 3.771793003400621402e-01 2.007039781602583395e-03 9.261381625669329321e-01 1.835617009748285255e+01
9.070819156080162093e-01 2.060972575905490808e-02 -4.204493378248606028e-01 -1.007369250756108059e+00 -1.694763558241980592e-02 9.997789928573028728e-01 1.244448317699799536e-02 -4.506241586836622903e-01 4.206128658287535682e-01 -4.162543040893879748e-03 9.072307514235328219e-01 1.863890923298381708e+01
8.855949368638045271e-01 2.417041138771404765e-02 -4.638290745651644786e-01 -1.212431864311808383e+00 -1.726992764749472539e-02 9.996681012030337321e-01 1.911960021317943986e-02 -4.534355987372184482e-01 4.641372291528179095e-01 -8.921926131960387224e-03 8.857184509973206055e-01 1.893013485816527464e+01
8.611383035454887036e-01 2.933571623298866088e-02 -5.075236476934102958e-01 -1.435346216355043669e+00 -1.991839240777522682e-02 9.995141200040933427e-01 2.397714801210262467e-02 -4.581373151440167879e-01 5.079804065714893513e-01 -1.053858491485745383e-02 8.613042341769211463e-01 1.919367052878799385e+01
8.335916150896502952e-01 3.279002573548207150e-02 -5.514071567282473607e-01 -1.680089599702945469e+00 -2.147549754702561889e-02 9.994057279684461781e-01 2.696508810076480786e-02 -4.394373503241316148e-01 5.519636218220677071e-01 -1.063612779114376204e-02 8.338004365787731187e-01 1.947916794873065882e+01
8.033855586186884334e-01 3.701467732096393876e-02 -5.943076485254722430e-01 -1.942377769003071020e+00 -2.470274770074246812e-02 9.992787029674976562e-01 2.884389201488999147e-02 -4.397235095100235913e-01 5.949465859733753526e-01 -8.491733855169021974e-03 8.037204620836359004e-01 1.975734689357185658e+01
7.700959844621286798e-01 3.986115158723908813e-02 -6.366814674408215469e-01 -2.248217448016958997e+00 -2.565371302957086819e-02 9.991737004490085505e-01 3.152658232071201688e-02 -4.281061223385920766e-01 6.374120236011487917e-01 -7.945250214048172471e-03 7.704822591097105766e-01 2.004377259125197597e+01
7.336823015279169136e-01 4.381775301093463609e-02 -6.780784005206795806e-01 -2.552514439247617783e+00 -2.701114154929357830e-02 9.990106509981275806e-01 3.533043273737468404e-02 -4.183582411578180560e-01 6.789556019208501381e-01 -7.605640939195667735e-03 7.341400184219665226e-01 2.029438848103788473e+01
6.951412441771108730e-01 4.500028609965103787e-02 -7.174633522721253209e-01 -2.881380271768647194e+00 -2.530828648581491536e-02 9.989521272056286483e-01 3.813476435497416273e-02 -3.908853912535206754e-01 7.184275723126325452e-01 -8.351278844370887619e-03 6.955517210245762971e-01 2.054090679596249203e+01
6.548857023164630364e-01 4.541924713367052197e-02 -7.543618829394360681e-01 -3.233001492522556752e+00 -2.312904752945719664e-02 9.989293972953836587e-01 4.006530243153760829e-02 -3.958222519190417454e-01 7.553739498075748848e-01 -8.790521217735016574e-03 6.552350992055688828e-01 2.080784920190687615e+01
6.126853104433077624e-01 4.425033941832329232e-02 -7.890872346395082504e-01 -3.625342134324275101e+00 -1.829068984002854906e-02 9.989578847471671796e-01 4.181766695761721803e-02 -3.682343463481028145e-01 7.901153115626219359e-01 -1.118811972034450090e-02 6.128562053433385115e-01 2.106622584455881153e+01
5.685913686820364132e-01 4.467718016607347131e-02 -8.214060235037516922e-01 -4.035975591062954670e+00 -1.388387388027737673e-02 9.989031041924629761e-01 4.472078493666142157e-02 -3.836297157649045109e-01 8.225029741438180109e-01 -1.402355399233861342e-02 5.685879888636935497e-01 2.130172263958165146e+01
5.225594085754357021e-01 4.600028130869876497e-02 -8.513610827669807479e-01 -4.471616275142562991e+00 -1.144375610047086884e-02 9.988320177246327036e-01 4.694425365501654623e-02 -3.699898571171199024e-01 8.525261041210570045e-01 -1.478839213541892697e-02 5.224754967023012009e-01 2.151058378139309113e+01
4.735713922597850067e-01 4.599235459149995930e-02 -8.795538064554230262e-01 -4.945758469593435791e+00 -1.058371682293260570e-02 9.988607691573140324e-01 4.653247162130998843e-02 -3.387914851490229640e-01 8.806918750578772714e-01 -1.272749821965971431e-02 4.735186662866099350e-01 2.170045345817607796e+01
4.218912620100142563e-01 4.479774559512513660e-02 -9.055390591148491097e-01 -5.428400826495924925e+00 -6.844285833393717183e-03 9.989075281659531846e-01 4.622800096010971915e-02 -2.913296003777902099e-01 9.066206374121336120e-01 -1.330542076174265689e-02 4.217369761564979669e-01 2.188373486322046801e+01
3.683603295920020448e-01 4.396918995008090164e-02 -9.286427967642756354e-01 -5.926352092574421526e+00 -1.438729338874621859e-03 9.989067997974112600e-01 4.672534148212870858e-02 -2.950544603393679410e-01 9.296820223457774590e-01 -1.587569579582765594e-02 3.680209064005451891e-01 2.205325716346151665e+01
3.147253034200371835e-01 4.345079430278751820e-02 -9.481877878099000956e-01 -6.437719937258879810e+00 1.568470422563429103e-03 9.989265712540985609e-01 4.629651506438592357e-02 -3.152601050604829647e-01 9.491815376865562204e-01 -1.605788848339894867e-02 3.143193243190904318e-01 2.219436269778994841e+01
2.611482070071366457e-01 4.775826855563352485e-02 -9.641166077696932124e-01 -7.005836210460706148e+00 1.644799176056083948e-03 9.987519523182492032e-01 4.991948064283718844e-02 -2.451988538833285713e-01 9.652973528859659647e-01 -1.462216028738189295e-02 2.607437349483017197e-01 2.230993961368160328e+01
2.098452420858668843e-01 5.367234174178546480e-02 -9.762603790368654666e-01 -7.574075224734500900e+00 3.788208411225586943e-03 9.984400902525896182e-01 5.570599465302850106e-02 -2.001890943510244436e-01 9.777273121077607598e-01 -1.538791493448138890e-02 2.093145853411719215e-01 2.239639699721500321e+01
1.611888454873599552e-01 5.560801101563189741e-02 -9.853557632751630546e-01 -8.177056929392893636e+00 9.590540780962263437e-03 9.982760321003845139e-01 5.790602263478798056e-02 -1.946121858496441259e-01 9.868770197979007675e-01 -1.878389879824174380e-02 1.603776539571271920e-01 2.246572218613526317e+01
1.165013613126123088e-01 5.684015049429014949e-02 -9.915627595356480972e-01 -8.798280551050288167e+00 1.255860688829488897e-02 9.981969665216825494e-01 5.869599320294410782e-02 -2.019690989133380576e-01 9.931111669428627220e-01 -1.929080924614687970e-02 1.155774750642956789e-01 2.252002590833774320e+01
7.610178591609498278e-02 5.628149797912603697e-02 -9.955104156931910975e-01 -9.448291382565138008e+00 1.315217896402199813e-02 9.982622413506102577e-01 5.744249191329622167e-02 -1.842969273016360487e-01 9.970133473468335561e-01 -1.746460659442888169e-02 7.522931681138245175e-02 2.254580024781460779e+01
4.057696783947620234e-02 5.168080480421804318e-02 -9.978390055449218865e-01 -1.009784738336071186e+01 1.006719995809860282e-02 9.985896725985144995e-01 5.212906528462728922e-02 -1.403900971050614510e-01 9.991257368265715755e-01 -1.216068340224866692e-02 3.999946097366097880e-02 2.253322913088962665e+01
1.129669668157673446e-02 4.984715582348418772e-02 -9.986930072232299560e-01 -1.076910703809972425e+01 6.920256737831970498e-03 9.987289442672515616e-01 4.992722810509064857e-02 -7.267067774191990348e-02 9.999122819964157971e-01 -7.475223948576393239e-03 1.093738309297992775e-02 2.252903897112247833e+01
-1.055423612029786525e-02 5.350159060407409795e-02 -9.985120253843331461e-01 -1.146778652061544790e+01 5.248490491816520422e-03 9.985568744414110576e-01 5.344851762639175191e-02 -4.045670179538159855e-02 9.999305668289030224e-01 -4.676571773936559831e-03 -1.081980787351527126e-02 2.251854258216875238e+01
-2.372507179728942581e-02 6.010748051673172471e-02 -9.979099601733448788e-01 -1.219677316937959866e+01 6.785704189178203526e-03 9.981776404562660021e-01 5.996227573614486273e-02 4.573923325678920168e-03 9.996955297488541170e-01 -5.348911686939743400e-03 -2.408970833123284805e-02 2.248807527847290899e+01
-3.096382252762771778e-02 6.422772467755429038e-02 -9.974548199693988870e-01 -1.296341385512862487e+01 7.939577182468160119e-03 9.979176665981013272e-01 6.401106167105288791e-02 1.870987947605748380e-03 9.994890103442417573e-01 -5.937341568558410047e-03 -3.140928723728638600e-02 2.244027599318816968e+01
-3.493098271540825972e-02 6.187635004066000671e-02 -9.974724159258105960e-01 -1.374092595481334556e+01 8.794027947290221359e-03 9.980619301876837435e-01 6.160495748979873815e-02 4.348989133991972705e-02 9.993510736938118200e-01 -6.619877790943262848e-03 -3.540742721190474201e-02 2.238707559245511192e+01
-3.455666927616182771e-02 5.633735798598935030e-02 -9.978136176166060300e-01 -1.452082945045763118e+01 1.461402656095906784e-02 9.983316873873137043e-01 5.586049030430235290e-02 1.448276163624088175e-01 9.992959240433187951e-01 -1.265172143393591270e-02 -3.532233442151199582e-02 2.236770789285384353e+01
-3.013484107960581401e-02 5.400526560647886387e-02 -9.980858677860053874e-01 -1.532164025665402285e+01 2.598021280276992945e-02 9.982443480921561196e-01 5.322942999353862809e-02 1.389618986833896508e-01 9.992081849537652882e-01 -2.432642208087140712e-02 -3.148500381857246427e-02 2.237051950234122089e+01
-2.424051289543459678e-02 5.567478960020771223e-02 -9.981546935242608942e-01 -1.616675248338692228e+01 2.890754484597979693e-02 9.980696334477267007e-01 5.496801625588890877e-02 1.074298921040517801e-01 9.992881608343734401e-01 -2.752174792615478399e-02 -2.580314190142349307e-02 2.233568885857618014e+01
-1.849816404518320190e-02 5.462711055713428271e-02 -9.983355015317190162e-01 -1.702815710797110782e+01 2.731557690940390748e-02 9.981612759110873867e-01 5.411144704863511679e-02 2.072701730500831896e-01 9.994557289830754421e-01 -2.626914700998790944e-02 -1.995632253209527265e-02 2.230881331213733176e+01
-1.514843669564414248e-02 4.860970819308930296e-02 -9.987030079371190805e-01 -1.789625012263257631e+01 2.939117192359820899e-02 9.984076844416444052e-01 4.814952560416978222e-02 2.433725221333534194e-01 9.994532309683723525e-01 -2.862366103105087531e-02 -1.655301228231467400e-02 2.229475442661523488e+01
-1.322635616954504975e-02 3.823129529992313341e-02 -9.991814192211695422e-01 -1.877541079075676222e+01 2.839186429275575643e-02 9.988803031350884654e-01 3.784394521740432754e-02 2.138954293759213754e-01 9.995094009371428001e-01 -2.786808501375776653e-02 -1.429700474276138743e-02 2.229164815667075317e+01
-1.244378603004371586e-02 2.896118542861690279e-02 -9.995031160027085804e-01 -1.966738164543266976e+01 2.134146243368843440e-02 9.993605307270861937e-01 2.869135311723614717e-02 2.574282255605142566e-01 9.996948390355632208e-01 -2.097382836395502229e-02 -1.305390296785627693e-02 2.226816417539824400e+01
-1.399143237347532341e-02 2.481847686971994441e-02 -9.995940976198616212e-01 -2.059834565734163547e+01 1.434644533225831568e-02 9.995940536696811263e-01 2.461766667548553542e-02 3.063929257766819791e-01 9.997992280219928363e-01 -1.399618484870638474e-02 -1.434180986026365075e-02 2.223134014901463118e+01
-1.761802154181933006e-02 3.022616403326673293e-02 -9.993878432686258417e-01 -2.153046778891631519e+01 4.842558301056633027e-03 9.995338603518723053e-01 3.014521156952955708e-02 3.194182831060424221e-01 9.998331020581999740e-01 -4.308494068916791063e-03 -1.775618146000862430e-02 2.218813652140103443e+01
-2.217954945652837392e-02 3.914140031171804007e-02 -9.989875350972239332e-01 -2.250806041425664006e+01 -7.192563224870032062e-05 9.992333004887846704e-01 3.915262659963189562e-02 3.872603232127957984e-01 9.997540394664369279e-01 9.402412811859948158e-04 -2.215972965439196724e-02 2.215215812017036257e+01
-2.653771066466906886e-02 4.828531377381099082e-02 -9.984810239840712365e-01 -2.349724435201967054e+01 -1.690169031840750135e-03 9.988292276022300298e-01 4.834707415380724849e-02 4.001231053650662339e-01 9.996464226148623622e-01 2.970623224285187138e-03 -2.642503132061957416e-02 2.212146284737356439e+01
-2.882043210061810412e-02 5.873680927652991102e-02 -9.978574280733298885e-01 -2.448998233988429618e+01 -2.589558436756152562e-03 9.982643906226376096e-01 5.883555716521193107e-02 4.479252246564884854e-01 9.995812892800012284e-01 4.279677151875844326e-03 -2.861830935659063005e-02 2.208734249728071930e+01
-2.964911619259419373e-02 6.644840984974749454e-02 -9.973492946521600455e-01 -2.551158229259748111e+01 -6.525116154507695993e-04 9.977864771589018966e-01 6.649693553680696700e-02 4.951120908873548609e-01 9.995601938518214880e-01 2.622358205334015396e-03 -2.954012952720977067e-02 2.204837712310325060e+01
-3.091870479819039397e-02 6.892921450510289261e-02 -9.971423538649805129e-01 -2.654792366447488305e+01 1.219219962113056660e-03 9.976211943876671651e-01 6.892451109115690921e-02 5.134585779787727011e-01 9.995211974677525868e-01 9.153215781926987704e-04 -3.092919580642463501e-02 2.201282487115058117e+01
-3.245372121899526424e-02 6.617618151162082962e-02 -9.972800738843454749e-01 -2.755447241385410706e+01 3.890844148486256567e-04 9.978064622298803421e-01 6.619844979119665629e-02 5.668889812681221496e-01 9.994732020307111053e-01 1.760360735115125115e-03 -3.240828163368907056e-02 2.196338083293478860e+01
-3.544442427669993595e-02 6.114291052413109440e-02 -9.974995308565574037e-01 -2.859002400032862923e+01 -5.676703515607701240e-04 9.981253345618351647e-01 6.120144157333844842e-02 6.397766104730507886e-01 9.993715262656635012e-01 2.735501612526423671e-03 -3.534326964798368415e-02 2.191930249799516517e+01
-3.999509460625370189e-02 5.535629173241177203e-02 -9.976653497690546324e-01 -2.962197914772312046e+01 -6.851691181465516907e-04 9.984625133401850983e-01 5.542799092421499263e-02 6.604651041640730025e-01 9.991996796942778092e-01 2.900418075070335024e-03 -3.989567519309265148e-02 2.187271877229316175e+01
-4.560557852481966767e-02 5.125816976279345960e-02 -9.976436277331350855e-01 -3.064721367883917225e+01 -2.135390012985327634e-04 9.986822324038046039e-01 5.132129435061763556e-02 6.970332527801095246e-01 9.989595399849622304e-01 2.553573991013933196e-03 -4.553453641807141822e-02 2.182282813271336863e+01
-5.237047108898780501e-02 4.861911290549023740e-02 -9.974435283631989391e-01 -3.168495574730274456e+01 -1.836920036612840930e-03 9.988078185736183334e-01 4.878206068502769638e-02 7.234998774417995548e-01 9.986260743418015062e-01 4.386964357166437192e-03 -5.221872778532239689e-02 2.175055768208806128e+01
-5.917230651609677039e-02 5.036930115608866110e-02 -9.969762525853977930e-01 -3.274909436903317328e+01 -1.941931082378515723e-03 9.987185613895099845e-01 5.057258355069175343e-02 7.744686609823302481e-01 9.982459335575157855e-01 4.928556444134316733e-03 -5.899866850716702776e-02 2.167312859655353563e+01
-6.532997387918382248e-02 5.571133611724546353e-02 -9.963073411505660726e-01 -3.380462818816025106e+01 -2.802613890990074495e-03 9.984261342120793747e-01 5.601358813309181145e-02 7.929783852440407399e-01 9.978598181266263856e-01 6.451631900156224071e-03 -6.507101742685741930e-02 2.161140734335391755e+01
-7.139849318824119384e-02 5.984983730140803343e-02 -9.956507060935894105e-01 -3.487153854097793726e+01 -4.753112854070731114e-03 9.981665109411734793e-01 6.034191361025776495e-02 8.538560526269256545e-01 9.974365843455079705e-01 9.040762739461671513e-03 -7.098311346250651965e-02 2.151288105881155488e+01
-7.629145102098426612e-02 6.153773407872727835e-02 -9.951848060090984216e-01 -3.592281240938809361e+01 -7.836854541512259381e-03 9.980258751364748937e-01 6.231419141105459109e-02 8.971983740909379446e-01 9.970548003293484562e-01 1.255315952207565824e-02 -7.565858167053421401e-02 2.142558702786049096e+01
-7.892214783394402300e-02 6.289715917298788206e-02 -9.948946266980284170e-01 -3.697955201983676687e+01 -1.285562577251110790e-02 9.978604478648330778e-01 6.410445885875433458e-02 9.404737632594084573e-01 9.967979254003775935e-01 1.784925547468959456e-02 -7.794470926738596150e-02 2.133193317976424908e+01
-8.060274534285657988e-02 6.390467608876243544e-02 -9.946956650515782483e-01 -3.805166343348756897e+01 -1.633694970513306644e-02 9.977239348615259962e-01 6.542305436946031783e-02 1.017762576268170793e+00 9.966124513122718298e-01 2.152357174738732393e-02 -7.937528262198725870e-02 2.123464273792759016e+01
-8.188170906335691390e-02 6.349267615415359056e-02 -9.946175858250130286e-01 -3.913991635927127533e+01 -1.780000176631843858e-02 9.977163895995287968e-01 6.515587479013719430e-02 1.067640388575863186e+00 9.964831269191333218e-01 2.303927007826421861e-02 -8.056455527806163919e-02 2.112701104882474112e+01
-8.335427920554044912e-02 6.306053314916092167e-02 -9.945227546476994585e-01 -4.022223889369428207e+01 -1.808693813368739134e-02 9.977356926141159876e-01 6.478018608122251831e-02 1.106343508311420143e+00 9.963558618109961129e-01 2.338757816532469752e-02 -8.202496945279223739e-02 2.102925887932193305e+01
-8.443011777631739823e-02 6.273214112599434511e-02 -9.944527690548777832e-01 -4.129747076598125943e+01 -1.873551804549132560e-02 9.977399259814037080e-01 6.453016828519222980e-02 1.145308864495988566e+00 9.962532871312593796e-01 2.407987842301568399e-02 -8.306398224200543801e-02 2.093149749551011851e+01
-8.547064170396799498e-02 6.196462701100791115e-02 -9.944120024368469091e-01 -4.238324769533057435e+01 -2.079683290432038714e-02 9.977358507111350194e-01 6.395925335428669090e-02 1.194913904200676891e+00 9.961236558163467647e-01 2.614725960253720671e-02 -8.398845738227952995e-02 2.082555357831748566e+01
-8.630262216253459240e-02 6.012387376514342213e-02 -9.944531428816572038e-01 -4.346775505038471010e+01 -2.484443159285074088e-02 9.977370951403650157e-01 6.247851887138362870e-02 1.234625980164872905e+00 9.959591799573623838e-01 3.009868402677916971e-02 -8.461358604979524189e-02 2.072321657646408610e+01
-8.639781337153076834e-02 5.507162316476280767e-02 -9.947374580027412705e-01 -4.455514639991793047e+01 -3.081924065109167485e-02 9.978454354434691531e-01 5.792049247597757383e-02 1.282637591583673631e+00 9.957839468264036986e-01 3.566125796545031174e-02 -8.451440007417861111e-02 2.060524362030233547e+01
-8.605613485656267436e-02 5.242562655256694654e-02 -9.949100318788116626e-01 -4.564577749480375246e+01 -3.412044444015515515e-02 9.978737360267173617e-01 5.553309169204734969e-02 1.347573605374725814e+00 9.957058870127474259e-01 3.872573667006846965e-02 -8.408437308544863820e-02 2.050287524075172740e+01
-8.428190058671410079e-02 5.607024792904970190e-02 -9.948631889608045009e-01 -4.676075948789773662e+01 -3.504501030177592513e-02 9.976311453883277558e-01 5.919516079146880383e-02 1.387155665606707000e+00 9.958255294051359119e-01 3.985407234141744026e-02 -8.211726852134319798e-02 2.039662905415833549e+01
-8.197259673425816295e-02 6.112446392987617300e-02 -9.947584478332832658e-01 -4.786101163820569582e+01 -3.354075076500148689e-02 9.973829673105990556e-01 6.404964196253523645e-02 1.449723017376705503e+00 9.960700718233628237e-01 3.861526161195174417e-02 -7.970791322198490791e-02 2.029779454489696988e+01
-8.077881462930182332e-02 6.150646024343248836e-02 -9.948325561191112554e-01 -4.897878376239411580e+01 -3.137251658953369576e-02 9.974428753782145218e-01 6.421524469825651282e-02 1.487672634032959129e+00 9.962382370129623244e-01 3.639763318036055156e-02 -7.864264252770407360e-02 2.020961675237490951e+01
-7.850214562862881107e-02 6.018011912731770219e-02 -9.950958962283165121e-01 -5.008218875027281314e+01 -3.094623818636577095e-02 9.975482000679388728e-01 6.276974568525897635e-02 1.519838741383093828e+00 9.964335502572111425e-01 3.572203530046446501e-02 -7.644732755988016548e-02 2.012667337588340999e+01
-7.438286562564144777e-02 6.058772617713668873e-02 -9.953875592419800800e-01 -5.119859234450897389e+01 -3.445161885842325938e-02 9.974007460780646150e-01 6.328475134020934700e-02 1.571799398065301556e+00 9.966345127005750149e-01 3.900001493556393833e-02 -7.210218210562893693e-02 2.002777777876623944e+01
-6.873440352059220770e-02 6.131482312978236981e-02 -9.957490400037807277e-01 -5.232421768213623636e+01 -4.021026342314917151e-02 9.971282652827746507e-01 6.417537944275701622e-02 1.632539162223354712e+00 9.968243542297021698e-01 4.445038862203842117e-02 -6.607153290089791409e-02 1.992673158265831646e+01
-6.290704993391617317e-02 6.115155231012797676e-02 -9.961442000155289467e-01 -5.344740113413284632e+01 -4.430660930694549360e-02 9.969659214172554851e-01 6.399998368932023618e-02 1.690078586869818489e+00 9.970354578380359323e-01 4.816182306119744932e-02 -6.000676846463911390e-02 1.984270024525795861e+01
-5.687314445110921296e-02 6.023416687819087290e-02 -9.965627763266513561e-01 -5.457994390768774196e+01 -4.597528295683515204e-02 9.969615056589232749e-01 6.288204500387786777e-02 1.741205647208509122e+00 9.973223127914391251e-01 4.939355626872417304e-02 -5.393105411539760030e-02 1.977271095899597597e+01
-5.105747291043989666e-02 5.965038267411731931e-02 -9.969127559370208891e-01 -5.570471467164511381e+01 -4.548382552092047199e-02 9.970400672462340630e-01 6.198748192513240524e-02 1.788461968192103457e+00 9.976594774345745043e-01 4.850833104157060288e-02 -4.819321974954873800e-02 1.970423615488212477e+01
-4.577717016515297360e-02 5.952697519021722672e-02 -9.971765473633880106e-01 -5.684148311042230972e+01 -4.362353463721550112e-02 9.971516441669450170e-01 6.152810550545701612e-02 1.834402116119171700e+00 9.979987549063507046e-01 4.631694921328669695e-02 -4.305000443436129975e-02 1.965008809645467736e+01
-4.043048835027446969e-02 6.029612876670437105e-02 -9.973614335878195902e-01 -5.798170150528579825e+01 -4.266110213280818048e-02 9.971632142932796983e-01 6.201351819898769102e-02 1.875480774674963547e+00 9.982712471497376949e-01 4.505577580628886830e-02 -3.774349728987985014e-02 1.961033098956524512e+01
-3.481958882036847308e-02 6.187452031341111186e-02 -9.974764241584360702e-01 -5.912565430256318422e+01 -4.071006914198582044e-02 9.971654421688687098e-01 6.327632452833331644e-02 1.922912265493768924e+00 9.985641508907895370e-01 4.281059078770603488e-02 -3.220197543096336990e-02 1.956018705791283807e+01
-2.921264412173599917e-02 6.304539683769184999e-02 -9.975830673076284683e-01 -6.026332659258014957e+01 -4.148970131221510482e-02 9.970724544471903927e-01 6.422808806213933797e-02 1.986845554288878990e+00 9.987118218324638752e-01 4.326569676777494017e-02 -2.651138870677834797e-02 1.951628204308181935e+01
-2.375745524046549845e-02 6.275610732014479110e-02 -9.977461256083599572e-01 -6.141610403591558054e+01 -4.206274998555983857e-02 9.970813091589603161e-01 6.371585369886270667e-02 2.037848842789415471e+00 9.988325111640796727e-01 4.348167336626090895e-02 -2.104842060838066353e-02 1.948509763499677305e+01
