9.999999962582231117e-01 8.137513283089255393e-10 -7.656115743121981746e-10 -2.139041626117443862e-10 8.137513283089255393e-10 1.000000061056633971e+00 6.754229731482267424e-11 4.506439374440951440e-09 -7.656115743121981746e-10 6.754229731482267424e-11 1.000000080766252131e+00 2.697696344089450804e-08
9.999389663548077234e-01 -9.881868486410312017e-04 1.100361578369388367e-02 1.010927359554744387e-01 9.847887254102974820e-04 9.999995267352701500e-01 3.143807522746073081e-04 -9.451943850622767512e-03 -1.100392210244365530e-02 -3.035252019619327107e-04 9.999394897242053215e-01 2.867616066374933381e-01
9.999067798681362529e-01 -1.976392928927921556e-03 1.350992053802983588e-02 2.090954540848440346e-01 1.970521074176609985e-03 9.999980192047097649e-01 4.480509381630621234e-04 -1.132606440151871438e-02 -1.351078000871783202e-02 -4.213874636446010200e-04 9.999087172306686533e-01 5.158323900121819516e-01
9.998302534401868336e-01 -5.691539072239888350e-03 1.752321880001580026e-02 1.621190549767430600e-01 5.726286102072077923e-03 9.999817969247870586e-01 -1.933283953973340911e-03 -4.912621202176698822e-03 -1.751189692209969076e-02 2.033298882739308089e-03 9.998446682837208721e-01 9.263368878976567800e-01
9.999029095418422441e-01 -5.299236939217701579e-03 1.288728371524843624e-02 2.082602919551879983e-01 5.322562644415480479e-03 9.999843186080419333e-01 -1.776227699672552765e-03 -1.982848825440256327e-02 -1.287766971621903331e-02 1.844648755360180385e-03 9.999154586423826263e-01 1.107351947728637320e+00
9.999179178397642476e-01 -1.029367707348959049e-02 7.628256359435467426e-03 1.693198853328721776e-01 1.032605309566353609e-02 9.999378545496614423e-01 -4.216845871044359352e-03 -1.072696690455236281e-02 -7.584376512205595090e-03 4.295269676279676353e-03 9.999620939969451339e-01 1.528482268875335448e+00
9.999368028713098155e-01 -9.592573931471417431e-03 -5.862193067258808683e-03 2.004758418273117626e-01 9.563839871880953913e-03 9.999422698768478668e-01 -4.910397461988635220e-03 -3.962696629837855061e-02 5.908956105480617227e-03 4.854022228568988760e-03 9.999708416882457929e-01 1.792009914351132993e+00
9.997339646837474225e-01 -9.607905573964903301e-03 -2.096856180751031570e-02 1.109857833621140516e-01 9.501012994679444365e-03 9.999414487986043598e-01 -5.191517062721324322e-03 -3.433541855225608064e-02 2.101721086937121188e-02 4.990913535823285514e-03 9.997667373406217139e-01 2.135095334918590382e+00
9.991985787137933617e-01 -4.527206309395110859e-03 -3.977055951730029681e-02 1.233424752986016643e-01 4.318181884657558076e-03 9.999764789388606578e-01 -5.340130449394202630e-03 -5.458328443852001471e-02 3.979379598862753387e-02 5.164114435730539354e-03 9.991946492356833520e-01 2.477246635945428821e+00
9.982748590485042151e-01 -3.464920755510267434e-03 -5.861137267946774088e-02 1.038489116901404608e-02 3.077188383203346457e-03 9.999728523152969784e-01 -6.704301734070126050e-03 -4.747418444555115413e-02 5.863300628763606914e-02 6.512377843163095516e-03 9.982584438218032874e-01 2.809858306646268122e+00
9.968637916618313666e-01 -2.109466941699689960e-03 -7.910830667994143972e-02 -4.768199979439727981e-03 1.614308446015922825e-03 9.999787695723181269e-01 -6.322699467255449811e-03 -5.864609252987471738e-02 7.911995835019430823e-02 6.175165180818283778e-03 9.968460565249046557e-01 3.172410301484446915e+00
9.950659607285344821e-01 -3.142130047509734351e-03 -9.916579204714827400e-02 -7.650513761730565188e-02 2.518818253077549293e-03 9.999763435909100329e-01 -6.410142751176890405e-03 -6.087476918760332395e-02 9.918358006843688845e-02 6.128734488815090233e-03 9.950503588308978742e-01 3.549720997096073916e+00
9.929539939864100440e-01 -3.351909036362700749e-03 -1.184530472799339984e-01 -1.294710028568275550e-01 2.736537061338355659e-03 9.999819659696191909e-01 -5.357351729316831533e-03 -7.777874210508813058e-02 1.184688597002657301e-01 4.995452895174341823e-03 9.929452829331337771e-01 3.929456351921583046e+00
9.907447775411619695e-01 -3.425434474975321431e-03 -1.356946809835350987e-01 -2.165035854912566449e-01 2.767408253837274398e-03 9.999835426171101993e-01 -5.037664499630130528e-03 -9.069960557343341445e-02 1.357096941947839586e-01 4.615517478642040469e-03 9.907379752847970122e-01 4.359808528675444883e+00
9.884755636085675867e-01 -2.316516040196574169e-03 -1.513627714483026243e-01 -3.158920394380098084e-01 1.692172427389887837e-03 9.999895831266787383e-01 -4.253505171077656688e-03 -9.457873075425402010e-02 1.513710372819921934e-01 3.948354286945668888e-03 9.884692099093644879e-01 4.773793055010469466e+00
9.862499501729219409e-01 -2.342474354450869902e-03 -1.652438914695051886e-01 -3.895663391039390078e-01 1.627404235171190728e-03 9.999887792420965038e-01 -4.462629371377021224e-03 -9.317997158299506921e-02 1.652524793062090658e-01 4.132349672231973650e-03 9.862427189824209961e-01 5.156048006773432668e+00
9.841681618900828266e-01 -2.937085021295066274e-03 -1.772128609520892406e-01 -4.674826892577035875e-01 2.016858049106842136e-03 9.999835941333975464e-01 -5.372696139958465546e-03 -1.005061167862752181e-01 1.772257213632577877e-01 4.930223598367994113e-03 9.841579625219065708e-01 5.613782943113549528e+00
9.823720727249035667e-01 -6.688660803239212908e-03 -1.868164026150601897e-01 -5.648638440813928963e-01 5.393031310289608631e-03 9.999578209578638965e-01 -7.442690293066551131e-03 -1.106385685718231232e-01 1.868582916013054873e-01 6.303984695926567565e-03 9.823667324067502093e-01 6.052326440979681976e+00
9.806582901518937634e-01 -4.272071867617331827e-03 -1.956810246267720321e-01 -6.762704514814233958e-01 2.697584471903259357e-03 9.999618771273556250e-01 -8.312006220863374720e-03 -1.306624390013456649e-01 1.957090607473932209e-01 7.623372039632574787e-03 9.806324519126532469e-01 6.495225303270806272e+00
9.790413845086993749e-01 -5.676990945172424516e-03 -2.035822573566668237e-01 -7.638569779952627536e-01 3.522914228400341428e-03 9.999339928666823862e-01 -1.094171395047666660e-02 -1.145084039700729472e-01 2.036309215627420954e-01 9.995188284993751157e-03 9.789967833044215251e-01 6.968242166607246268e+00
9.774400670199475671e-01 -5.392312561014613037e-03 -2.111441094199136836e-01 -9.043423691774346018e-01 2.723933172792252291e-03 9.999127996555631226e-01 -1.292653827862157156e-02 -1.410532055691297859e-01 2.111953871340700173e-01 1.205977435216731841e-02 9.773695451290800307e-01 7.466450565539949125e+00
9.756607812009365777e-01 -9.999066106849072155e-03 -2.190571970814483849e-01 -9.999705231036812858e-01 6.846286326881137647e-03 9.998619016973230300e-01 -1.514688158510636533e-02 -1.370900867803563350e-01 2.191783854596940639e-01 1.327849039602343496e-02 9.755945234514652453e-01 7.979020480262896342e+00
9.738216161710349095e-01 -1.471801098499530419e-02 -2.268365870508495252e-01 -1.137152471535146869e+00 1.135066501494830932e-02 9.998053392592639588e-01 -1.614212250651426983e-02 -1.557603229522854238e-01 2.270299954678151044e-01 1.314480209347714153e-02 9.737991333828595053e-01 8.460010353542052997e+00
9.716474194401906184e-01 -1.511914512871605221e-02 -2.359506332042064503e-01 -1.248847904447188073e+00 1.109940045316054093e-02 9.997699761968336096e-01 -1.835538429958653156e-02 -1.900914226517931294e-01 2.361738607667004386e-01 1.521605161626350677e-02 9.715917536365247242e-01 8.986578896977640341e+00
9.696817549623805155e-01 -1.237833320389019817e-02 -2.440575113849963729e-01 -1.411501083424398395e+00 7.110441553348010972e-03 9.997226552457544324e-01 -2.245387133677893485e-02 -1.994311512056602120e-01 2.442677484335622207e-01 2.003775310942157439e-02 9.695008569649498087e-01 9.501717949045815459e+00
9.674353524546419614e-01 -8.535602959796155520e-03 -2.529742686401416085e-01 -1.564648350988559589e+00 2.229666040263053681e-03 9.996799181444046001e-01 -2.520341195006469207e-02 -1.987240781461756534e-01 2.531084055689041823e-01 2.381862402159314399e-02 9.671447481766080045e-01 1.005089067384974832e+01
9.651104979758584612e-01 -1.167693031668978580e-02 -2.615824433550199557e-01 -1.718312603091508795e+00 4.647683449173493214e-03 9.996117586887397488e-01 -2.747458936103813060e-02 -2.106109933494437203e-01 2.618016876682754956e-01 2.530026267666785414e-02 9.647900955117406641e-01 1.060038852084666949e+01
9.628023475859163183e-01 -1.278631377931855988e-02 -2.699039620394981798e-01 -1.884754888890580515e+00 5.094436082558589235e-03 9.995612549348391607e-01 -2.917989868106531798e-02 -2.581338418247232092e-01 2.701586284017897244e-01 2.671946693153730984e-02 9.624450844357851365e-01 1.116647310320030506e+01
9.605852310907783131e-01 -1.446260291912283662e-02 -2.776091611530602243e-01 -2.070901366056697057e+00 5.834451325893393915e-03 9.994746965266370076e-01 -3.188122201676878154e-02 -2.871499269356780348e-01 2.779243991353939625e-01 2.900493435818727109e-02 9.601650362019747975e-01 1.176467355657170799e+01
9.582612687297239473e-01 -1.320438884856455462e-02 -2.855888386945500401e-01 -2.247626387933535419e+00 3.222283186109948031e-03 9.993682864367506857e-01 -3.539445003766589909e-02 -3.085499771417479220e-01 2.858757715385880638e-01 3.299688298441140477e-02 9.576984928282828990e-01 1.235442704331538444e+01
9.560410243342370995e-01 -1.553181960433143265e-02 -2.928213150591923442e-01 -2.465364729543719768e+00 3.705365604393954116e-03 9.991564569137995067e-01 -4.089947456006205739e-02 -3.330294851057357675e-01 2.932095315896212639e-01 3.801656604882848456e-02 9.552921360106112481e-01 1.294646977382503650e+01
9.543005673069183681e-01 -1.612828175614719126e-02 -2.984129793352012228e-01 -2.650482959027847585e+00 1.936364241221894553e-03 9.988554620796979977e-01 -4.779266180039788703e-02 -3.794917515938899255e-01 2.988422282098740501e-01 4.503072860280139117e-02 9.532395867026163261e-01 1.355496613176948273e+01
9.529356740959233907e-01 -1.676369572849101611e-02 -3.027087382874845134e-01 -2.866554592335172735e+00 -1.098745518017426844e-04 9.984510020287767906e-01 -5.563907477580886524e-02 -4.027580585114943768e-01 3.031725396606068101e-01 5.305371980426275280e-02 9.514577590789685679e-01 1.415120619872576135e+01
9.515350890520516414e-01 -1.622077740743939345e-02 -3.071121319813551187e-01 -3.062563328249280126e+00 -3.767517684188990360e-03 9.979183925529065968e-01 -6.438019721931391437e-02 -4.550175824496878185e-01 3.075171217479993890e-01 6.241706771028193018e-02 9.494932767252741712e-01 1.478510683052237162e+01
9.503911957986250769e-01 -1.558637280315069637e-02 -3.106664466084355092e-01 -3.299216125328796601e+00 -7.550526306989387149e-03 9.972936340606814998e-01 -7.313357099559840424e-02 -4.995975817672516639e-01 3.109655362390568722e-01 7.185119783454863018e-02 9.477014263440103337e-01 1.545153223415259269e+01
9.487976755485109104e-01 -1.406481913577487149e-02 -3.155711538128587179e-01 -3.511763362753715700e+00 -1.197855971338626646e-02 9.966878106691676731e-01 -8.043658601938784292e-02 -5.559399483005807996e-01 3.156572277794602033e-01 8.009813445254550246e-02 9.454866239074549705e-01 1.609529450118885308e+01
9.470820825960831746e-01 -1.322938575457200706e-02 -3.207187457003946585e-01 -3.750685369587963169e+00 -1.539725167704164045e-02 9.961279232869069133e-01 -8.655753748712841089e-02 -6.257689190423463277e-01 3.206219802134570029e-01 8.691528084003236065e-02 9.432112340563953978e-01 1.675086540277020930e+01
9.456016053276665723e-01 -1.186356287569853389e-02 -3.251105377997350887e-01 -4.000625247747878532e+00 -1.936567067425675609e-02 9.955101656080610484e-01 -9.265313368652521031e-02 -6.917869974612977924e-01 3.247500204055273620e-01 9.390893631591712420e-02 9.411262869384032781e-01 1.742236335742950715e+01
9.439650001178068184e-01 -9.882500796568816775e-03 -3.298975854908320349e-01 -4.251979778040361424e+00 -2.390236209517489219e-02 9.948799830361425567e-01 -9.819683625802680393e-02 -7.700276162657232470e-01 3.291789131094600140e-01 1.005797088749966761e-01 9.388956902105939362e-01 1.809662871735748624e+01
9.421916314329490394e-01 -6.189553503122088678e-03 -3.350173451675208525e-01 -4.524576003866240370e+00 -2.942121843705217815e-02 9.944395894084891996e-01 -1.011158598623396326e-01 -8.378609267516820003e-01 3.337803514632437518e-01 1.051271362599718179e-01 9.367705768704466252e-01 1.878716180181104178e+01
9.403767247659946538e-01 -5.268372047023710779e-03 -3.400939025460660847e-01 -4.769619600798969294e+00 -3.159763708259720472e-02 9.942031970960627518e-01 -1.027702019147848922e-01 -9.176624645508858480e-01 3.386638548551635375e-01 1.073888703985535764e-01 9.347591000519284155e-01 1.946797129997658260e+01
9.383562326505667794e-01 -4.874058705864900941e-03 -3.456353964810446322e-01 -5.079295015357028653e+00 -3.239132834929823318e-02 9.942611592151344713e-01 -1.019591648796676631e-01 -1.012182891014720365e+00 3.441487825658726685e-01 1.068696082710647310e-01 9.328133002732051926e-01 2.018989469326871955e+01
9.358794626545219320e-01 -4.999117092526398839e-03 -3.522848899869879813e-01 -5.325666739833244456e+00 -3.250157010792199125e-02 9.944106746604163272e-01 -1.004548666544144986e-01 -1.098188889266596080e+00 3.508180180004981108e-01 1.054634594893774230e-01 9.304860705271068566e-01 2.091205227220123675e+01
9.332981466839661566e-01 -5.050540878146482678e-03 -3.590669371474674021e-01 -5.614217375033260460e+00 -3.255598745297239721e-02 9.945935086628596711e-01 -9.861025490307381847e-02 -1.186215096736359387e+00 3.576236568075286115e-01 1.037225476584748979e-01 9.280878747598947376e-01 2.165202199435072217e+01
9.302177799752411325e-01 -3.904457658137428736e-03 -3.669872497026052116e-01 -5.931007559112445371e+00 -3.346390590817587690e-02 9.948757620385565437e-01 -9.540706083823589922e-02 -1.268425120366716286e+00 3.654792088800449257e-01 1.010301719285801175e-01 9.253204860125773257e-01 2.238526477679465643e+01
9.269305091287527443e-01 -1.498229558701733109e-03 -3.752300514351329941e-01 -6.242312986646301631e+00 -3.473010703651677883e-02 9.953570401265179335e-01 -8.976805922288720596e-02 -1.346738761930863282e+00 3.736223423705949398e-01 9.624053348346557624e-02 9.225747959337551318e-01 2.311028399841790915e+01
9.233378080370703289e-01 1.113264743861937201e-03 -3.839870550061807442e-01 -6.568369556471727044e+00 -3.625792286128136366e-02 9.957806754305453811e-01 -8.429906026902163341e-02 -1.433349654326950828e+00 3.822730171399345012e-01 9.175908333145414708e-02 9.194823323698784190e-01 2.385743768615476057e+01
9.198812030141968465e-01 3.598401534241122031e-03 -3.921806088019233472e-01 -6.901916887804754985e+00 -3.809029319756359472e-02 9.960505049799213140e-01 -8.020376027464790059e-02 -1.506994646141731842e+00 3.903430629371844041e-01 8.871620663938338536e-02 9.163852224458023388e-01 2.460687527380278539e+01
9.158092977799562329e-01 3.660617308413019206e-03 -4.015967339208424414e-01 -7.236898887550977655e+00 -3.822913926169695803e-02 9.962125156679830784e-01 -7.809787832905254468e-02 -1.578834027638380988e+00 3.997897803967011554e-01 8.687546135524958080e-02 9.124806480632854377e-01 2.534707239896549069e+01
9.118739107945339484e-01 5.297998547353994538e-03 -4.104362427450073958e-01 -7.595002841818858208e+00 -4.068045963763442657e-02 9.961604173209439583e-01 -7.752190148534639225e-02 -1.657835102325195376e+00 4.084496016710883470e-01 8.738693527043565890e-02 9.085882418470776489e-01 2.612387977650082505e+01
9.079124949430513736e-01 5.917417969710386978e-03 -4.191179948956071932e-01 -7.957697360761572192e+00 -4.192880736150028653e-02 9.961673885273794049e-01 -7.676347555995066685e-02 -1.723355181975396055e+00 4.170574101066107930e-01 8.726763707562522343e-02 9.046809505952427832e-01 2.689990673068767890e+01
9.041147994730660553e-01 6.456401155512639725e-03 -4.272408604093193008e-01 -8.347127008430019757e+00 -4.256793497351486072e-02 9.962726855581343077e-01 -7.502552196194113565e-02 -1.793839693971132521e+00 4.251639772394818495e-01 8.601844669895893081e-02 9.010197361209374423e-01 2.765818832920586345e+01
9.002350312833781176e-01 6.424120302646946744e-03 -4.353568975841668465e-01 -8.730374362632538521e+00 -4.218528707670767680e-02 9.964739491396596982e-01 -7.252718289742900171e-02 -1.866340085896750933e+00 4.333558559024789369e-01 8.365716725863912850e-02 8.973317811819597756e-01 2.843473249642153533e+01
8.963558042714819818e-01 7.797274618115977544e-03 -4.432668320567657028e-01 -9.127639423931238838e+00 -4.250581140356162607e-02 9.967507497311071107e-01 -6.842017913777996563e-02 -1.939412204272839224e+00 4.412930280053121157e-01 8.017024184510544715e-02 8.937747703803770039e-01 2.921524611794421489e+01
8.925578096768250758e-01 9.230327936450871684e-03 -4.508385162769259491e-01 -9.543701567568650290e+00 -4.207945625266078238e-02 9.971328594138755275e-01 -6.289278205225533325e-02 -1.996854235075695927e+00 4.489653491468617585e-01 7.510648418253078329e-02 8.903871490189161353e-01 3.001885993919242424e+01
8.887999000114783499e-01 7.784841301524690442e-03 -4.582293583837420692e-01 -9.983149895489892955e+00 -3.876659275791990988e-02 9.975493409216584784e-01 -5.824590733448826302e-02 -2.071140669232909293e+00 4.566529301143529840e-01 6.953294829425660240e-02 8.869235670416703021e-01 3.082124257078189089e+01
8.851293302958858078e-01 6.142348231621928834e-03 -4.653045794561296855e-01 -1.041327135608994325e+01 -3.638202745950497308e-02 9.977656774943676199e-01 -5.603679962113124191e-02 -2.151597019275106160e+00 4.639207117974741834e-01 6.652853965618792109e-02 8.833751577129854704e-01 3.161944565767082338e+01
8.819069532667694888e-01 6.555329006935684162e-03 -4.713779432510043499e-01 -1.085058942293133555e+01 -3.683526675802316352e-02 9.978045665064317893e-01 -5.503936951395616006e-02 -2.209859502592411484e+00 4.699822331572721112e-01 6.590293571214551893e-02 8.802122731400209288e-01 3.245003930288748961e+01
8.787691401963386717e-01 7.978139922200649589e-03 -4.771804270274514481e-01 -1.131012580477029417e+01 -3.807598173959834964e-02 9.978450965916230153e-01 -5.343692380812616050e-02 -2.250745347679165675e+00 4.757257917035221939e-01 6.512783356694688830e-02 8.771792736639263399e-01 3.327909769031465714e+01
8.760559924918907004e-01 6.109555892393665061e-03 -4.821707002369349793e-01 -1.180081371005153201e+01 -3.579105116208888826e-02 9.979855241666454324e-01 -5.238335830033746116e-02 -2.310195322407103902e+00 4.808793093062327939e-01 6.314815189629838232e-02 8.745098868040639406e-01 3.410719422001496781e+01
8.732527432162127123e-01 4.719151174410823012e-03 -4.872446914191920775e-01 -1.226918889095819054e+01 -3.424415813723807878e-02 9.980750935689443049e-01 -5.170654944479406018e-02 -2.376100302040807577e+00 4.860627489903154297e-01 6.183817115899669509e-02 8.717334371989019504e-01 3.492279130078037497e+01
8.711422410848167486e-01 4.694099012838395465e-03 -4.910083245580774691e-01 -1.274184342301340855e+01 -3.467918619229898997e-02 9.980455534066838830e-01 -5.198604998164884500e-02 -2.446718299167108146e+00 4.898046161547661148e-01 6.231501394977861930e-02 8.696024480281145941e-01 3.579291131480875521e+01
8.693417992844352238e-01 4.202770955858553537e-03 -4.941934707717768882e-01 -1.323730853652411810e+01 -3.461163163940043225e-02 9.980263432765784648e-01 -5.239823570444527429e-02 -2.494904254598767412e+00 4.929978533402660235e-01 6.265681963401001364e-02 8.677715021095742109e-01 3.662925487343749609e+01
8.687488070788362826e-01 6.360866509149941568e-03 -4.952121398825690690e-01 -1.374842641194267756e+01 -3.690529827126443757e-02 9.979689369635944551e-01 -5.192419304661646806e-02 -2.555433642554520990e+00 4.938760185151119253e-01 6.338503325787063492e-02 8.672190935039341131e-01 3.752974840775556231e+01
8.689918138322111352e-01 4.951296001471506072e-03 -4.948017037496947323e-01 -1.428013148143065791e+01 -3.439676956352630960e-02 9.981356100804525955e-01 -5.042110822164971168e-02 -2.607147184361363834e+00 4.936295191878354860e-01 6.083511122402451843e-02 8.675420031886063033e-01 3.838757990368571171e+01
8.685196035538232939e-01 3.269828312398442849e-03 -4.956440460720889507e-01 -1.478232203760910224e+01 -3.202406795505161052e-02 9.982591499372812649e-01 -4.953030054563743040e-02 -2.680476841953585598e+00 4.946192170415072420e-01 5.889057635306853972e-02 8.671123746879919603e-01 3.929973402561261508e+01
8.680868945432914652e-01 2.111922234770389345e-03 -4.964077933620748007e-01 -1.530140061641127858e+01 -3.095626983606461491e-02 9.982750554168730028e-01 -4.988732435315919311e-02 -2.749572555687412212e+00 4.954461277456018720e-01 5.867346682190737600e-02 8.666548903170324669e-01 4.019359610952965767e+01
8.666397367442035815e-01 6.520806718772916271e-04 -4.989340193885329899e-01 -1.582311478731647370e+01 -2.984079892758063554e-02 9.982767870265015775e-01 -5.052826191048660071e-02 -2.803549968769770473e+00 4.980412696215478774e-01 5.867839010115424858e-02 8.651658108052884266e-01 4.111772603982196728e+01
8.652038906178620703e-01 3.181416953068516747e-04 -5.014201241214145677e-01 -1.636763435722823701e+01 -2.890294517595948243e-02 9.983688111702957446e-01 -4.923879256956287254e-02 -2.863332864065681882e+00 5.005865164596497996e-01 5.709411400463379471e-02 8.638017951865719635e-01 4.202499252307155331e+01
8.633150453765557897e-01 1.001161930141985547e-03 -5.046643882911365786e-01 -1.691232314036043505e+01 -2.793047978961864242e-02 9.985601978920841670e-01 -4.579892504173901924e-02 -2.925711378547128039e+00 5.038918872557102135e-01 5.363442028394974082e-02 8.621000257060504879e-01 4.295805226234038088e+01
8.603513493850936111e-01 6.042987651762025307e-04 -5.097010943462643162e-01 -1.745366337867866591e+01 -2.504655389957691214e-02 9.988414000135148463e-01 -4.109318453058302678e-02 -2.997010156631096045e+00 5.090856897423442495e-01 4.812083341300656819e-02 8.593697020792798735e-01 4.386840513775436534e+01
8.563140877460501121e-01 -9.698707494699167469e-04 -5.164545073975109757e-01 -1.801041086695462212e+01 -2.220900876857197920e-02 9.990040996689932840e-01 -3.870001088168888159e-02 -3.060974974740642285e+00 5.159776714116045548e-01 4.460930791006700175e-02 8.554397644566577030e-01 4.477283730132885609e+01
8.511152456234795105e-01 -5.468892949365520596e-03 -5.249504227645256371e-01 -1.857220836963965382e+01 -1.833625583691199379e-02 9.990259957538600855e-01 -4.013681124318765892e-02 -3.121169822625180057e+00 5.246585894457276300e-01 4.378667793316301515e-02 8.501859966785398903e-01 4.564836735374047549e+01
8.453769103106547611e-01 -7.281055831434532152e-03 -5.341206633807000781e-01 -1.915661561104161947e+01 -1.897429043304605517e-02 9.988668384048330351e-01 -4.364788113052368163e-02 -3.187872189427813918e+00 5.338331871665202844e-01 4.703347222546657574e-02 8.442808285944557456e-01 4.655520244343433944e+01
8.390485575526611672e-01 -6.619373182796352284e-03 -5.440162866933286878e-01 -1.973886634748414437e+01 -2.071050530317440283e-02 9.988126898336288084e-01 -4.409543831492791777e-02 -3.223577866602531650e+00 5.436622203471204173e-01 4.826506685549570436e-02 8.379152757576273647e-01 4.744157877415283053e+01
8.332875218542679097e-01 -2.651617027658714071e-03 -5.528335137233977292e-01 -2.034345923387156674e+01 -2.299977795845350309e-02 9.989565136826894509e-01 -3.945904269445634632e-02 -3.265437528037200110e+00 5.523612348205759748e-01 4.559577671105023017e-02 8.323570306446688161e-01 4.833384836667792683e+01
8.283335943443517202e-01 6.657065817875803095e-04 -5.602348017279553671e-01 -2.094328100240533885e+01 -2.369379891144576811e-02 9.991462512247069050e-01 -3.384515640243672407e-02 -3.345252192777703026e+00 5.597339355974356723e-01 4.130917152224277550e-02 8.276421980807794343e-01 4.918568690859876824e+01
8.240965641412454357e-01 -1.319893305963279820e-03 -5.664478186006547400e-01 -2.155677485482279110e+01 -2.159366439895629014e-02 9.991972736860329496e-01 -3.374379914795268970e-02 -3.421088376480950100e+00 5.660376184552127210e-01 4.003983376783085829e-02 8.234065581216384322e-01 5.006968208171900869e+01
8.204977105477108124e-01 -3.611934141755615297e-03 -5.716384187258425342e-01 -2.218288408546889912e+01 -2.231842737188539580e-02 9.990152751905545525e-01 -3.834696601806821675e-02 -3.467349237085204372e+00 5.712139828110743833e-01 4.422166911148110724e-02 8.196091526279249972e-01 5.093691411531936808e+01
8.175647694803567234e-01 -4.488374502841578975e-03 -5.758191760023001482e-01 -2.280833331796442565e+01 -2.650339284914800253e-02 9.986166612077156390e-01 -4.541427290180447690e-02 -3.534872696043848794e+00 5.752264229318885258e-01 5.239027217788840701e-02 8.163148624114726637e-01 5.179332360115137135e+01
8.144991080794670157e-01 -3.647886589446710983e-03 -5.801533569161104742e-01 -2.344328209956153941e+01 -3.027777583802757425e-02 9.983503140667464582e-01 -4.878553818368090017e-02 -3.545245139089457265e+00 5.793742136184534264e-01 5.730153144118482755e-02 8.130450095339930572e-01 5.266539506320896180e+01
8.112394780702044672e-01 -1.282346964971371002e-03 -5.847126533095393652e-01 -2.405865386645978887e+01 -3.126878472073327947e-02 9.984715946045179535e-01 -4.557257839653635484e-02 -3.609784583029044480e+00 5.838773783450618149e-01 5.525352959754910309e-02 8.099594968396812700e-01 5.352413607405968321e+01
8.079443385211093620e-01 -9.419706795601834977e-04 -5.892580768479696030e-01 -2.471616302880397598e+01 -2.701835255178656331e-02 9.988878355691784838e-01 -3.864223883230626794e-02 -3.691806937581588510e+00 5.886390876900773339e-01 4.714156133470399218e-02 8.070203399966082713e-01 5.439714856986346092e+01
8.049816815262094138e-01 -1.279403162344290709e-03 -5.932983048417833638e-01 -2.537155880314446676e+01 -2.388934273613152123e-02 9.991168693229696141e-01 -3.456736601146198629e-02 -3.774530075669395579e+00 5.928185331105569889e-01 4.199960372931222513e-02 8.042402322695865191e-01 5.524808505395520797e+01
8.018355058743119601e-01 -1.132098696760995039e-03 -5.975437752122778612e-01 -2.600404776792237982e+01 -2.464787928147296400e-02 9.990845200746465427e-01 -3.496749699402283001e-02 -3.829610946912231473e+00 5.970362848922318166e-01 4.276636824650344171e-02 8.010735565204426534e-01 5.609926047767000767e+01
7.983160924163881234e-01 -1.608133298644981663e-03 -6.022365435584838833e-01 -2.666222640475047001e+01 -2.589301319155954545e-02 9.989801514944326444e-01 -3.699095614150073319e-02 -3.861589100804273311e+00 6.016818019844183407e-01 4.512419510945885753e-02 7.974603102283809308e-01 5.693828906431629377e+01
7.945099283470988816e-01 -3.016471103573952969e-03 -6.072436900240376634e-01 -2.731948973616747978e+01 -2.658562236000222914e-02 9.988561331517510355e-01 -3.974609411340392084e-02 -3.919448944936928303e+00 6.066689388226444990e-01 4.772261860520666393e-02 7.935209386279891142e-01 5.780808631408743992e+01
7.901215147377144143e-01 -3.186719989480409684e-03 -6.129419725949684095e-01 -2.797739095587716918e+01 -2.730693213627848753e-02 9.988107115912042699e-01 -4.039326569566287217e-02 -3.974239518514557368e+00 6.123416912800879741e-01 4.865315392932972882e-02 7.890948313385975910e-01 5.865093117573593418e+01
7.856827794234589879e-01 -3.550142119998018087e-03 -6.186194243684755012e-01 -2.867075620093968169e+01 -2.653810540191001849e-02 9.988696372847567506e-01 -3.943727577457831202e-02 -4.037778763130969395e+00 6.180601290678759963e-01 4.740217673451971314e-02 7.847004772611035905e-01 5.950084694833321208e+01
7.809281871728829261e-01 -3.589251967636888051e-03 -6.246105266315326032e-01 -2.935671182367902432e+01 -2.614148771568042956e-02 9.989195888293226355e-01 -3.842394724562672031e-02 -4.098740931281227518e+00 6.240735644065433796e-01 4.633459267969070733e-02 7.799906535425570331e-01 6.033965859843439716e+01
7.755225600810131681e-01 -5.702268511375833092e-03 -6.312941231152815469e-01 -3.003362768665115468e+01 -2.422409450675191631e-02 9.989541017940721801e-01 -3.878166851699486189e-02 -4.161408447817544598e+00 6.308549575423365585e-01 4.536858815968677905e-02 7.745733283010504122e-01 6.116010339229811876e+01
7.699820561328521995e-01 -6.842834395794510777e-03 -6.380288680899898202e-01 -3.076290585049601134e+01 -2.412628716567302711e-02 9.989152485169717766e-01 -3.982926824117663522e-02 -4.213980667573269834e+00 6.376092703431229802e-01 4.606109036198898637e-02 7.689817428023325574e-01 6.199250802543643601e+01
7.642821840937801259e-01 -7.752856301700445686e-03 -6.448353779853637224e-01 -3.144874249777451425e+01 -2.429742820679480983e-02 9.988716106101348524e-01 -4.080762871039337464e-02 -4.273748011602765295e+00 6.444240877886809882e-01 4.685638572494751214e-02 7.632314196165614906e-01 6.283278508872420076e+01
7.587295643482913077e-01 -8.805310866979141476e-03 -6.513462549252710954e-01 -3.215866550808044622e+01 -2.415464508517837020e-02 9.988407277707899157e-01 -4.163983345718756668e-02 -4.332239100482240701e+00 6.509577781090176707e-01 4.732641114596800036e-02 7.576373188443374929e-01 6.365440016286806468e+01
7.527685397789064536e-01 -1.120778980918768659e-02 -6.581898972540506376e-01 -3.290697112887773557e+01 -2.248521632938439707e-02 9.988338937946533713e-01 -4.272457988479640839e-02 -4.400540803931799694e+00 6.579011847572735494e-01 4.696126267601632293e-02 7.516387397625295952e-01 6.447480658195765102e+01
7.467335680707227752e-01 -1.178744469276261572e-02 -6.650188456805091741e-01 -3.362998178061835119e+01 -2.256561020815247773e-02 9.988184347586789302e-01 -4.304241739226789126e-02 -4.454789845673685633e+00 6.647404009495783139e-01 4.714777481461487202e-02 7.455852802453797334e-01 6.528743567257465941e+01
7.403425361938928972e-01 -1.185544718939172265e-02 -6.721252925793843591e-01 -3.440709328306880366e+01 -2.182459432964645174e-02 9.988935600032643469e-01 -4.165891189733584438e-02 -4.508567119177492977e+00 6.718754691831249071e-01 4.551072718189794197e-02 7.392646686122963384e-01 6.609817591332758013e+01
7.341273804728294383e-01 -1.274601046726651400e-02 -6.788921568869555889e-01 -3.515406278010106433e+01 -2.008792497362404950e-02 9.989785491359918224e-01 -4.047784228998509148e-02 -4.580694963018665966e+00 6.787145903788066592e-01 4.335342788153828675e-02 7.331214817168242304e-01 6.690403672954387559e+01
7.276952739043931473e-01 -1.435817203970951930e-02 -6.857502929283484372e-01 -3.592492406147070483e+01 -1.877500084027984920e-02 9.989893411809720458e-01 -4.084014735952776198e-02 -4.645826911828002004e+00 6.856435802658739087e-01 4.259414538990952126e-02 7.266902646082458173e-01 6.769456335982229689e+01
7.208756108237381888e-01 -1.597367572740802585e-02 -6.928803859647730823e-01 -3.669520902241291083e+01 -1.837955172970451995e-02 9.989422106935130774e-01 -4.215179548510735591e-02 -4.716726095751251790e+00 6.928207402437652762e-01 4.312103306743305525e-02 7.198195041928378002e-01 6.849661441897873715e+01
7.150520871957688485e-01 -1.478377381787888793e-02 -6.989148640495262965e-01 -3.749965633072703497e+01 -2.126914597535176782e-02 9.988535060029444246e-01 -4.288844895257808154e-02 -4.755021413629970439e+00 6.987475717605603487e-01 4.553279807392612150e-02 7.139178627694932056e-01 6.930624829939894482e+01
7.094594507379767823e-01 -1.434176713640061829e-02 -7.046003382833281314e-01 -3.832562575450032938e+01 -2.185690674056551402e-02 9.988642586244843580e-01 -4.233899556294200284e-02 -4.817040780653446319e+00 7.044072664823689545e-01 4.543818528963270570e-02 7.083402382306506206e-01 7.010324658944637122e+01
7.046738407580644958e-01 -1.448210011734355450e-02 -7.093835935051465702e-01 -3.912500620626350667e+01 -2.146694212433748750e-02 9.988988863315586553e-01 -4.171699122916287111e-02 -4.886641400910717969e+00 7.092065868326609124e-01 4.462516985022692978e-02 7.035870448555836543e-01 7.089323121573981723e+01
6.997997045861968912e-01 -1.525921573265319464e-02 -7.141761450652837073e-01 -3.995806120729555744e+01 -2.129356902881981636e-02 9.988820031798839594e-01 -4.220722353663754894e-02 -4.963863232292044181e+00 7.140217029040287766e-01 4.474396248082532918e-02 6.986924239638230283e-01 7.171244255243543364e+01
6.946713627975041883e-01 -1.752859468766249443e-02 -7.191136788169593119e-01 -4.077442062325269490e+01 -2.084959419688430654e-02 9.987924426788872267e-01 -4.448677277756314663e-02 -5.030402930666753925e+00 7.190250535102880036e-01 4.589691634117770702e-02 6.934670594844435376e-01 7.248323467241549167e+01
6.894979014140988349e-01 -1.915077928200025967e-02 -7.240344806601092253e-01 -4.164731415844882179e+01 -2.185174337054492794e-02 9.986453562980132093e-01 -4.722367773585860878e-02 -5.094193875658843851e+00 7.239579969207824428e-01 4.838204325748905743e-02 6.881454156483045592e-01 7.327586511041110384e+01
6.847057213423001221e-01 -1.925141936978752924e-02 -7.285653684849554557e-01 -4.248212662447171795e+01 -2.376248278785930354e-02 9.985299856491822723e-01 -4.871687846835334734e-02 -5.143266689835034988e+00 7.284321905122482788e-01 5.066924835235868396e-02 6.832417486076285407e-01 7.405826493665946941e+01
6.796611037392616961e-01 -1.877097190679036243e-02 -7.332860788272178576e-01 -4.336148076693280018e+01 -2.373557283911070445e-02 9.985862990828290320e-01 -4.756204306681784816e-02 -5.214626392959827328e+00 7.331421716353043738e-01 4.973103673310383388e-02 6.782547423488611837e-01 7.484838360425366943e+01
6.745141184426152181e-01 -1.931118015095595677e-02 -7.380093642050152836e-01 -4.420100014634375896e+01 -2.173092364276065294e-02 9.987053828202638872e-01 -4.599399270309124238e-02 -5.297061052381170754e+00 7.379420768309877809e-01 4.706122348726775317e-02 6.732212468836928920e-01 7.560677023048226886e+01
6.695139943148856743e-01 -2.043887743895091147e-02 -7.425182176769509201e-01 -4.505874939324105810e+01 -2.003512274188170086e-02 9.987608427329002225e-01 -4.555760055404465408e-02 -5.381363745219450934e+00 7.425292207207109252e-01 4.537789564985317964e-02 6.682748814371664015e-01 7.638737882836670678e+01
6.644733684398406171e-01 -2.110515407645316768e-02 -7.470138924734143204e-01 -4.592788072670807509e+01 -1.979788606960043024e-02 9.987532115379524900e-01 -4.582781076284425659e-02 -5.439581607987079792e+00 7.470496805850613820e-01 4.524065662701352852e-02 6.632270888283774424e-01 7.715692474478383645e+01
6.601076290339596975e-01 -2.145459327039567904e-02 -7.508646079344427626e-01 -4.681891162286027708e+01 -1.978877780203036271e-02 9.987484983401242467e-01 -4.593433820331889461e-02 -5.501919187896453955e+00 7.509103553521234709e-01 4.518030087695345393e-02 6.588569585124940398e-01 7.793002142337975613e+01
6.563434653352969717e-01 -2.212238242158110282e-02 -7.541378501667150847e-01 -4.773230107102787656e+01 -1.891799351914415575e-02 9.987732167840804864e-01 -4.576344664791923145e-02 -5.571166625715903820e+00 7.542250359575765062e-01 4.430331502874713945e-02 6.551197784641719091e-01 7.870834951660862089e+01
6.522347719829750812e-01 -2.539058618688822336e-02 -7.575916856347221229e-01 -4.865267844433594746e+01 -1.488736418752073694e-02 9.988170592165146466e-01 -4.629223169460734699e-02 -5.643452245363595132e+00 7.578708391930435440e-01 4.147194741617179353e-02 6.510852332356070749e-01 7.947550109633142768e+01
6.483080839358535963e-01 -3.016178645677377451e-02 -7.607804789525020039e-01 -4.957301371734769191e+01 -1.117309799711042190e-02 9.987306057277113291e-01 -4.911681169425194393e-02 -5.729336512835689454e+00 7.612961519138884414e-01 4.034310182888278806e-02 6.471481399471159524e-01 8.025219845986923417e+01
6.434229383554962434e-01 -3.338992421400791000e-02 -7.647823730301910317e-01 -5.045967879116646060e+01 -9.067344677441198375e-03 9.986458431447532424e-01 -5.122875527978070637e-02 -5.795584318054266326e+00 7.654572143046374233e-01 3.989630253847569613e-02 6.422488998814467331e-01 8.101797027785677585e+01
6.368612634737654821e-01 -3.709326978734603375e-02 -7.700856211234026194e-01 -5.140967998246053128e+01 -4.399205552676833768e-03 9.986509148222739718e-01 -5.174088775276778490e-02 -5.860930714921130935e+00 7.709659007171126843e-01 3.633953299010980742e-02 6.358389173741241240e-01 8.178564580613129920e+01
6.287512591064245981e-01 -4.091800310925573086e-02 -7.765292109681007915e-01 -5.233893310368133456e+01 1.263959943758017094e-03 9.986671044748051118e-01 -5.159979656944528592e-02 -5.954086472124128449e+00 7.776054908796408149e-01 3.146193613654720000e-02 6.279649328080781912e-01 8.253073261529024762e+01
6.197050078382169147e-01 -4.159489772430572524e-02 -7.837318501796860515e-01 -5.327877976168453955e+01 2.941293747064351559e-03 9.987107373047484637e-01 -5.067873464089938523e-02 -6.038555305850310084e+00 7.848293418828075074e-01 2.910068094621629312e-02 6.190284026169177167e-01 8.327948090591543462e+01
6.104414672069395920e-01 -4.077500356755860145e-02 -7.910111632602058185e-01 -5.425665163617546938e+01 4.358589724626340221e-03 9.988319149532451924e-01 -4.812411583650502700e-02 -6.096665365200677478e+00 7.920494066707159941e-01 2.592926363245063107e-02 6.099061554696024734e-01 8.402574299787673340e+01
6.016145616807935248e-01 -4.068361728740528538e-02 -7.977498414681699623e-01 -5.523692642013558185e+01 5.310048411122123696e-03 9.988838210914534610e-01 -4.693652634308422000e-02 -6.191906656076328730e+00 7.987689079242608070e-01 2.400160832357899066e-02 6.011590982689957174e-01 8.475138591628142137e+01
5.921373704953745154e-01 -4.285809214508969761e-02 -8.046965679378660363e-01 -5.622304935790908331e+01 6.207213879345098960e-03 9.987977167807698953e-01 -4.862832107682332761e-02 -6.260307115341230855e+00 8.058131617364276966e-01 2.379972335389241370e-02 5.916914968892124094e-01 8.544727339080142769e+01
5.820281619224346725e-01 -4.424042417906286911e-02 -8.119643173455717289e-01 -5.719945284573339706e+01 4.675370465639086190e-03 9.986845702611817366e-01 -5.106263014739455264e-02 -6.334787828534195420e+00 8.131552172351987906e-01 2.592365567844775315e-02 5.814693987756645033e-01 8.614876157545910473e+01
5.721168084533588827e-01 -4.492399279636768300e-02 -8.189409272717218524e-01 -5.820217935815051646e+01 2.759736488483377926e-03 9.985986375486811673e-01 -5.285136806028015860e-02 -6.395857783244511374e+00 8.201675377551771451e-01 2.797709577067183928e-02 5.714390572207754815e-01 8.684977780443044537e+01
5.618673478483087180e-01 -4.631243328075665411e-02 -8.259299564263126170e-01 -5.924819006155713907e+01 5.686929639523301792e-03 9.986243212563439275e-01 -5.212720972753141779e-02 -6.470146704065554921e+00 8.272078287180421041e-01 2.459157243694940279e-02 5.613577875924062877e-01 8.756179538969965392e+01
5.520389332252693126e-01 -4.556315694081928408e-02 -8.325725594991956191e-01 -6.028125963601713977e+01 6.625905824784467796e-03 9.987141456442631959e-01 -5.026206150535418582e-02 -6.574441843482205172e+00 8.337920389086537210e-01 2.223006834485406411e-02 5.516310016791040605e-01 8.826255884113724903e+01
5.414802842886996537e-01 -4.706112787007638021e-02 -8.393952613834836374e-01 -6.132259333905490450e+01 9.995036520953445858e-03 9.987218798168194800e-01 -4.954622271783224591e-02 -6.661138404645368105e+00 8.406540623402611878e-01 1.843851736276038572e-02 5.412585977905381984e-01 8.892119375327452246e+01
5.308055245967033819e-01 -4.806029303015763726e-02 -8.461298701213657569e-01 -6.238313218780239566e+01 9.650073892902991460e-03 9.986688523819325924e-01 -5.067071662661858100e-02 -6.738449114653496608e+00 8.474387433108426793e-01 1.873108145079484949e-02 5.305627419053113858e-01 8.955893117063654074e+01
5.208936669669632646e-01 -4.845879282607514632e-02 -8.522450280315001514e-01 -6.346799708521216843e+01 7.405799865296735542e-03 9.986064012885251806e-01 -5.225448883159459351e-02 -6.809015305254082051e+00 8.535894770099875517e-01 2.090747710172507004e-02 5.205266385491750247e-01 9.019470065336292919e+01
5.107405823343412754e-01 -4.921967556308085023e-02 -8.583248433213392925e-01 -6.454028976760662317e+01 5.707198838317501487e-03 9.985320500337873106e-01 -5.386367150098803069e-02 -6.886389462205343648e+00 8.597159645782251891e-01 2.261173332417197937e-02 5.102717591523640017e-01 9.083741681002362611e+01
