9.999999962582231117e-01 8.137513283089255393e-10 -7.656115743121981746e-10 -2.139041626117443862e-10 8.137513283089255393e-10 1.000000061056633971e+00 6.754229731482267424e-11 4.506439374440951440e-09 -7.656115743121981746e-10 6.754229731482267424e-11 1.000000080766252131e+00 2.697696344089450804e-08
9.998983785734877339e-01 2.870029514898988208e-04 1.425281262349861050e-02 -9.956847398492441048e-02 -2.829580770917526156e-04 9.999999802125468795e-01 -2.856963444748027376e-04 -1.149653810029967888e-02 -1.425289499778962556e-02 2.816344874651291420e-04 9.998984634468606192e-01 -3.443236302963355051e-03
9.996401117221023203e-01 1.377931019742912591e-03 2.679068645613467969e-02 -7.730459279386645011e-02 -1.374159548289113344e-03 9.999991042374594130e-01 -1.591248130522927720e-04 -3.501411699522337384e-02 -2.679088161596241205e-02 1.222529809600912546e-04 9.996411332219788948e-01 -2.967596221456693037e-02
9.987631672930697979e-01 1.765971547860945923e-03 4.968913015336916261e-02 -1.552935260904671488e-01 -1.796634291376529753e-03 9.999982832470368788e-01 5.724669646147865837e-04 -3.373398325116806762e-02 -4.968803238524185928e-02 -6.610320231496818067e-04 9.987646488908993314e-01 -5.801300316002852564e-02
9.966549711789325361e-01 1.610860210209823272e-03 8.170842375454441531e-02 -5.776709679287872490e-02 -1.837246079621555504e-03 9.999947402667362928e-01 2.695566041333262702e-03 -2.384023858713126345e-02 -8.170364834993225356e-02 -2.836667719926781999e-03 9.966527119591159778e-01 9.970781568615538770e-02
9.925831768229830265e-01 -6.498076142888837246e-04 1.215656547614747257e-01 6.061146677530255406e-02 9.519191805865290657e-05 9.999896229842185624e-01 4.568038619885852678e-03 -8.149183501493724099e-03 -1.215673557200731836e-01 -4.522586198097933337e-03 9.925729619053494934e-01 4.234643033067296281e-01
9.868176352035289423e-01 -4.014558951049755978e-03 1.617863796684289313e-01 1.130137866487809922e-01 3.119273700542276630e-03 9.999784489980364510e-01 5.787381981035527416e-03 -3.870517518045001049e-02 -1.618061184316986756e-01 -5.206434615224807098e-03 9.868089139449884861e-01 6.485369313035584948e-01
9.787276804192251989e-01 -4.844996797909095418e-03 2.051064341874787589e-01 1.913118966627500583e-01 3.485604121337096406e-03 9.999695660667546893e-01 6.988535197142652609e-03 -5.736858282229914674e-02 -2.051340404012001739e-01 -6.124953063202949639e-03 9.787148045794460405e-01 8.434741364451826540e-01
9.675581491622791130e-01 -4.530043759591639678e-03 2.526078071278784476e-01 3.025948036153565668e-01 1.982837530048210499e-03 9.999446637665660997e-01 1.033730524911109436e-02 -3.382319285409690623e-02 -2.526406432721544082e-01 -9.501063798581727352e-03 9.675136131690793562e-01 1.044040515446578166e+00
9.538486222422162264e-01 -7.682558098311463926e-03 3.001895798201854038e-01 4.429074454072420841e-01 2.814566299652268826e-03 9.998575542760972379e-01 1.664546480402411682e-02 1.278184768882293168e-02 -3.002746819873589046e-01 -1.503235035779572175e-02 9.537343960204204274e-01 1.322320117762764147e+00
9.375234570714728877e-01 -1.706999181240571872e-02 3.475030719791564193e-01 5.592533766935533501e-01 9.043337809517881798e-03 9.996538933189468290e-01 2.470695754732865970e-02 6.523764717129126520e-03 -3.478045266226351129e-01 -2.002076479777769799e-02 9.373533656244914525e-01 1.512190986927002712e+00
9.171146184899373610e-01 -2.388986964486707401e-02 3.979070947071315922e-01 7.192213609699177335e-01 1.268182154012216858e-02 9.994459151967937105e-01 3.077590201069131323e-02 -5.630182792961545279e-02 -3.984218298159646343e-01 -2.317884312981548581e-02 9.169094477841981394e-01 1.735792537399227342e+00
8.927364538195473598e-01 -2.636354323899723143e-02 4.498072883074545891e-01 8.951471728975481934e-01 1.181580857506408892e-02 9.993133265769039708e-01 3.511956926524584244e-02 -7.159979821815881662e-02 -4.504242677656666305e-01 -2.603768322721928402e-02 8.924349629330821099e-01 1.965973592268404513e+00
8.649728710559188016e-01 -2.736149938479681687e-02 5.010721442739943798e-01 1.097429483601885414e+00 8.999176115942975063e-03 9.991976806256779309e-01 3.902732400393689460e-02 -9.474511811395257971e-03 -5.017379411993212468e-01 -2.924834039110229406e-02 8.645251377904571433e-01 2.232417361017370983e+00
8.336144007546938406e-01 -3.160181028062054864e-02 5.514420857817522448e-01 1.312484297978181225e+00 9.208970358305585205e-03 9.990184263213074400e-01 4.333013847691854353e-02 2.253337224462904909e-02 -5.522700831415389144e-01 -3.104241401639297460e-02 8.330871864733963017e-01 2.439588471297119199e+00
7.986179251367451215e-01 -3.798470491643934910e-02 6.006384887379025983e-01 1.536542926504766760e+00 1.188772023644350979e-02 9.988072521542258331e-01 4.735902580160757797e-02 3.550938872407354702e-03 -6.017209616021620411e-01 -3.068154505882581679e-02 7.981169455911619748e-01 2.656179053531850798e+00
7.612093231552009565e-01 -4.337505385446131789e-02 6.470540922157078656e-01 1.808962521980056026e+00 1.371919759352958207e-02 9.986145606896349447e-01 5.080221428307418047e-02 -4.360092368337818020e-03 -6.483611484226724508e-01 -2.979405669144268715e-02 7.607498026130073976e-01 2.885582097970838422e+00
7.218174873850785600e-01 -4.647629841550359603e-02 6.905211805006635783e-01 2.098763757709685152e+00 1.446645657941681221e-02 9.985378985171470267e-01 5.208559341658762498e-02 7.579878860622819500e-03 -6.919322729208933209e-01 -2.760689800864758042e-02 7.214344812408014507e-01 3.114979417305325349e+00
6.805276983877144303e-01 -4.825250230890235081e-02 7.311318518361600294e-01 2.394847163840877702e+00 1.335614639328917830e-02 9.984804608682448235e-01 5.346498670843141676e-02 2.030479962099361602e-02 -7.326006441037880013e-01 -2.661930084853601428e-02 6.801380933575750243e-01 3.328129669193163664e+00
6.384360016031508378e-01 -4.854606368844835429e-02 7.681424303366141126e-01 2.732270235894252775e+00 9.118314002834922161e-03 9.984159677383925846e-01 5.552057190739104892e-02 4.511108577780481577e-02 -7.696209271745051428e-01 -2.844216864158351232e-02 6.378673715937922539e-01 3.544734550936615936e+00
5.968232431755862155e-01 -4.892193956139570532e-02 8.008799575004531546e-01 3.115913494626620928e+00 5.852987278367373022e-03 9.983784516273913612e-01 5.662448284001041915e-02 8.646578149154660053e-02 -8.023514233836691600e-01 -2.910726790564046804e-02 5.961418188901072002e-01 3.793007080270664133e+00
5.572350094769952245e-01 -5.003168955769531773e-02 8.288462005881813699e-01 3.478629778944731576e+00 3.610815039218134240e-03 9.983197403822746674e-01 5.783407446754648684e-02 1.068412523150353843e-01 -8.303470104256698292e-01 -2.923436134949880180e-02 5.564793782233782293e-01 3.989824312327912459e+00
5.189563902845257815e-01 -5.249791412241601452e-02 8.531871350870788850e-01 3.868788602826942036e+00 2.523126387030651119e-03 9.982020831843795294e-01 5.988620170863655223e-02 1.154485423476809408e-01 -8.547970248908164370e-01 -2.892562875416589824e-02 5.181558208910459484e-01 4.211386918833325943e+00
4.813064292596312965e-01 -5.325257466450029897e-02 8.749333352569911293e-01 4.286763755798647324e+00 2.628536253065154554e-04 9.981616575763282428e-01 6.060823744913555744e-02 1.269491364800144351e-01 -8.765524001194624493e-01 -2.894115563223787976e-02 4.804356321345083503e-01 4.416424931413191146e+00
4.456720918803941389e-01 -5.245421616072590276e-02 8.936582127730043901e-01 4.720022898266015510e+00 -1.107562638922371260e-03 9.982488121049954977e-01 5.914562219119129383e-02 1.662889512433883277e-01 -8.951956326263821317e-01 -2.734933630912231642e-02 4.448335504131695206e-01 4.604323185407824148e+00
4.122285049056950146e-01 -5.087584253233911474e-02 9.096589308021324483e-01 5.220170228237233090e+00 -4.426724081359500779e-04 9.984284205369770016e-01 5.604119277114456149e-02 1.937440191532787681e-01 -9.110804174292315150e-01 -2.350445871381780238e-02 4.115581433764807229e-01 4.789782207559453830e+00
3.821835922144846687e-01 -4.910045073090687356e-02 9.227810745982635288e-01 5.766197927345557694e+00 1.522459428211511267e-03 9.986195508441615409e-01 5.250520894145717377e-02 2.067233098080570874e-01 -9.240851958459699311e-01 -1.866173330700061916e-02 3.817307695967844805e-01 4.976447322597591594e+00
3.563033347500925707e-01 -4.736176523123688392e-02 9.331692571818824833e-01 6.324747742890721725e+00 2.514059669332769677e-03 9.987595554626053085e-01 4.973079577414336871e-02 2.271726701950267657e-01 -9.343669942569335918e-01 -1.537320587006342672e-02 3.559804388801574571e-01 5.172559073023687226e+00
3.364475950691319661e-01 -4.652160100380305779e-02 9.405524032780256949e-01 6.898457555820312948e+00 3.088562651497459705e-03 9.988281974901414006e-01 4.829922203601636627e-02 2.578235601630028961e-01 -9.416971617763411073e-01 -1.334520276364098076e-02 3.361970376996685217e-01 5.351078946354794752e+00
3.214863581914114699e-01 -4.712042639776720804e-02 9.457411139752774920e-01 7.463711800183387979e+00 4.151847471693660002e-03 9.988217046484701989e-01 4.835376569512520040e-02 2.887318837442710562e-01 -9.469051443608824670e-01 -1.161850387401056062e-02 3.213031966715589882e-01 5.526967094918745715e+00
3.101398602101749780e-01 -4.857571603012871692e-02 9.494491746737974136e-01 8.084199897748224117e+00 4.866442653081236129e-03 9.987618819833176120e-01 4.950901945418468425e-02 3.052622019728515879e-01 -9.506785230526020314e-01 -1.073428110029313320e-02 3.099922686712610065e-01 5.741055742980254450e+00
2.996215720209925992e-01 -5.074417551380534103e-02 9.527077259841577606e-01 8.707740136859209557e+00 4.115008340636417371e-03 9.986440393171154284e-01 5.189673998790236137e-02 3.306420512491571873e-01 -9.540492912647662305e-01 -1.162898327267357194e-02 2.994241166807258825e-01 5.900097393031296100e+00
2.886477533798321171e-01 -5.239061422898364656e-02 9.560009244163667486e-01 9.363552298447018529e+00 2.534490177176515566e-03 9.985401264120822296e-01 5.395659816842050815e-02 3.663403596650571803e-01 -9.574320452312523599e-01 -1.315147659031850116e-02 2.883591544118764283e-01 6.105828196282033105e+00
2.785415414720632810e-01 -5.397272310580743943e-02 9.589064734398976553e-01 1.003903870527380349e+01 1.601488261638104715e-03 9.984444879006426632e-01 5.573295255484377042e-02 4.036048934470980454e-01 -9.604228838317517836e-01 -1.398826576052986798e-02 2.781947099446665517e-01 6.317582312688148072e+00
2.685174367357056613e-01 -5.613058004676419604e-02 9.616380891970240929e-01 1.073173999766212638e+01 7.064746692216496799e-04 9.983120942268791653e-01 5.807396665040730210e-02 4.303567177471941951e-01 -9.632746017569470132e-01 -1.491450042622768229e-02 2.681038657286047844e-01 6.497453690258503833e+00
2.586261750855803343e-01 -5.786081676440488902e-02 9.642430701520092740e-01 1.147835656813521332e+01 8.268276795816706989e-04 9.982174147250437723e-01 5.967773025488597866e-02 4.674955617731899049e-01 -9.659771682971098894e-01 -1.463696096503602426e-02 2.582129988588429126e-01 6.704904890575367205e+00
2.473519077181763892e-01 -5.895737923889375620e-02 9.671303596564607696e-01 1.223989808699471560e+01 -2.063472257191800632e-04 9.981438649555502973e-01 6.090077558360169202e-02 4.941945963584898904e-01 -9.689257264568575945e-01 -1.526348840509123006e-02 2.468806292764593457e-01 6.896336670150449599e+00
2.375652885713974427e-01 -6.174846121038850971e-02 9.694070006965410657e-01 1.300992289100486765e+01 -2.173768232664276268e-03 9.979412560854669101e-01 6.409872333752184015e-02 5.286435866526071337e-01 -9.713691785338024465e-01 -1.733489857400713832e-02 2.369419811971321954e-01 7.068408894041597001e+00
2.259433922945922879e-01 -6.523723321267743680e-02 9.719535786953863443e-01 1.376657645485436277e+01 -3.501877695804142630e-03 9.976942748550933215e-01 6.777900103135207910e-02 5.778594144842904567e-01 -9.741341762700215234e-01 -1.871788070815081154e-02 2.251939814078255664e-01 7.257104914548684782e+00
2.143633309048495195e-01 -6.914814485777451281e-02 9.743033250071713169e-01 1.456257485023459175e+01 -3.808822462987059183e-03 9.974242703179602154e-01 7.162709033226234701e-02 6.170126060727466610e-01 -9.767466041382020236e-01 -1.906517078813060873e-02 2.135478209167035457e-01 7.452468436744696056e+00
2.003532145796807773e-01 -7.162255447698520627e-02 9.771022834362370624e-01 1.535661627581934319e+01 -3.914945711952189447e-03 9.972578310976907279e-01 7.390273160290812549e-02 6.599039431694000424e-01 -9.797159468638687585e-01 -1.863195296883276772e-02 1.995234184974902791e-01 7.581771724716533711e+00
1.871010139280278595e-01 -7.244990413098043036e-02 9.796653998324446055e-01 1.614551038781631220e+01 -4.246464128664198361e-03 9.972076813060121170e-01 7.455823302623795779e-02 7.015574167707354647e-01 -9.823315389805902242e-01 -1.811003570610720745e-02 1.862709167243216946e-01 7.754695013212481669e+00
1.728500169635364403e-01 -7.168348239623623108e-02 9.823362072609960194e-01 1.691255432184084739e+01 -6.022296129049752554e-03 9.972525972689250118e-01 7.383164232854795561e-02 7.404823788162596676e-01 -9.849297834585635236e-01 -1.867772090487248432e-02 1.719434332343368343e-01 7.875523908252826999e+00
1.557391553468669421e-01 -7.044719105436436646e-02 9.852829965949605473e-01 1.773189370144189070e+01 -7.826118352210965218e-03 9.973344303882381023e-01 7.254590301787113005e-02 7.856639182533132759e-01 -9.877672512143481631e-01 -1.900917974482608727e-02 1.547726973673940465e-01 7.980914303319002201e+00
1.347197901137676679e-01 -6.908795393040594035e-02 9.884723101542896018e-01 1.853474822390779408e+01 -1.057145370502149753e-02 9.974094247781158940e-01 7.115339717641415429e-02 8.204544665877736564e-01 -9.908273806320940791e-01 -2.003536075094650495e-02 1.336404313963617252e-01 8.139379629352932355e+00
1.106942744506774767e-01 -6.784984141818374559e-02 9.915358048664885127e-01 1.937395997533756287e+01 -1.499606811317784165e-02 9.974393812426868289e-01 6.992796914763885208e-02 8.581685771574938393e-01 -9.937414008167710922e-01 -2.260976504159415215e-02 1.093933503421276182e-01 8.194878580671264956e+00
7.939849820061724295e-02 -6.729692652111517182e-02 9.945687901940759579e-01 2.020001450996383596e+01 -1.952230964195671853e-02 9.974223296348272427e-01 6.904851869735656456e-02 9.124470842702387952e-01 -9.966518120764243927e-01 -2.489862934998254493e-02 7.788004543824145198e-02 8.267760031226664807e+00
4.777445993416910841e-02 -6.707825912939655022e-02 9.966033236879797697e-01 2.104473972290328376e+01 -2.244122321316824667e-02 9.974186973489360675e-01 6.820891310444615607e-02 9.518887951994224883e-01 -9.986060631573880908e-01 -2.562364241478323756e-02 4.614582249480784354e-02 8.303878848600225737e+00
1.309085777613831075e-02 -6.630155141232134397e-02 9.977137919343442851e-01 2.188662080691609546e+01 -2.389456450536083659e-02 9.974936356852780461e-01 6.660044062004402687e-02 9.893044280618817909e-01 -9.996288092343471599e-01 -2.471179424225458665e-02 1.147380089370387234e-02 8.308750651522437636e+00
-2.052932247049356340e-02 -6.529856993732315040e-02 9.976546098788924288e-01 2.273081881163797746e+01 -2.520210383643418581e-02 9.975816506792605232e-01 6.477519830447575622e-02 1.016762909127363335e+00 -9.994715993114997588e-01 -2.381320492352949347e-02 -2.212533725208518445e-02 8.272133162311076759e+00
-5.378778582827343363e-02 -6.310591338038806786e-02 9.965563679856335177e-01 2.358379668060039691e+01 -2.741112527085777170e-02 9.977183271112173291e-01 6.170001672439959228e-02 1.048942602550633874e+00 -9.981761272421494358e-01 -2.399802494725345597e-02 -5.539486508790329722e-02 8.201480196311806026e+00
-8.601536045400016983e-02 -6.022306719912163403e-02 9.944720289692250415e-01 2.442823443004141382e+01 -2.913546405352317181e-02 9.978966025694262498e-01 5.791042567809553260e-02 1.090202974985399864e+00 -9.958677416001020521e-01 -2.399321870609538374e-02 -8.758906502613066081e-02 8.139500059134569199e+00
-1.186046958797457584e-01 -5.514541234909679096e-02 9.914090909262368578e-01 2.526560980290268787e+01 -2.624829673943965269e-02 9.982818706922000906e-01 5.238755247960804468e-02 1.130961395151840465e+00 -9.925945943253907666e-01 -1.980939105937795305e-02 -1.198483936303737785e-01 8.050689285433945130e+00
-1.503089770558154736e-01 -5.034562741336289643e-02 9.873563715877272662e-01 2.611153592969325388e+01 -2.246031135243504659e-02 9.986187168940822145e-01 4.750068188311022677e-02 1.144210135928011463e+00 -9.883839439795936155e-01 -1.503655338314946119e-02 -1.512321398157032981e-01 7.890197287816252292e+00
-1.808990484402061283e-01 -4.386204115996952813e-02 9.825231448261325662e-01 2.691481835505470244e+01 -1.540024089770005572e-02 9.990089304652469693e-01 4.176256152149924322e-02 1.164325110573867894e+00 -9.833811269503947017e-01 -7.576286217995191995e-03 -1.813952551555651493e-01 7.717172038611107787e+00
-2.099968772263741956e-01 -3.918796049400304071e-02 9.769164185831646918e-01 2.778346652338325384e+01 -1.121405153116498792e-02 9.992272810007324368e-01 3.767237811354234162e-02 1.161044417828721365e+00 -9.776377803612558148e-01 -3.044110021751614010e-03 -2.102740693862643617e-01 7.537010227974894505e+00
-2.381732302626538844e-01 -3.170977846777001119e-02 9.707049370991873705e-01 2.860731367998273456e+01 -8.722755118017081572e-04 9.994735101334589755e-01 3.243553319888065750e-02 1.212294550008173211e+00 -9.712223346888972930e-01 6.878552882560802668e-03 -2.380754997138321838e-01 7.328548171845320702e+00
-2.644657457703490921e-01 -2.212149327052535114e-02 9.641413694841897142e-01 2.942375554121245074e+01 4.735405242681256857e-03 9.996951063833993123e-01 2.423617842129814626e-02 1.189631278106993539e+00 -9.643834900969087132e-01 1.097523841945978983e-02 -2.642803638126241528e-01 7.089891718705556123e+00
-2.885783012532460168e-01 -6.255510691200772549e-03 9.574359002267841534e-01 3.017324935542197650e+01 1.081030563440723083e-02 9.998936900556506524e-01 9.791220829187390409e-03 1.212953314226650203e+00 -9.573953054475009550e-01 1.317570790394632582e-02 -2.884800052913661927e-01 6.824505272992828608e+00
-3.140282235352853113e-01 9.630426797194056518e-03 9.493648396927205635e-01 3.093804618131272477e+01 9.527501447562090539e-03 9.999302287572314762e-01 -6.991885060054803779e-03 1.150495091418977989e+00 -9.493658777130570270e-01 6.849424931895822452e-03 -3.140980746671623303e-01 6.561911530554505489e+00
-3.393825840121670323e-01 2.477289221388168095e-02 9.403221965036265839e-01 3.172639810530508342e+01 8.719980741248800626e-03 9.996931116274737628e-01 -2.318979583266017955e-02 1.141006814089880361e+00 -9.406080429167414936e-01 3.293778731139411736e-04 -3.394944585492492006e-01 6.278446058534457030e+00
-3.641712780522170512e-01 3.496895066549392944e-02 9.306753026843830323e-01 3.251051963683675439e+01 1.138289255784731384e-02 9.993873952171815622e-01 -3.309661884727402997e-02 1.091578180001780751e+00 -9.312624631572783418e-01 -1.459061755276561774e-03 -3.643462413401145072e-01 5.982487197612031515e+00
-3.877341990797820159e-01 3.940325968682113766e-02 9.209286828011897796e-01 3.327984134227695279e+01 1.516907331611581401e-02 9.992234425053163616e-01 -3.636665103618111350e-02 1.032219693564139895e+00 -9.216464364577282575e-01 -1.309603437696671717e-04 -3.880308212184038208e-01 5.633539139457326428e+00
-4.106156635240240660e-01 3.863653604195046304e-02 9.109896038098770354e-01 3.401549250811974900e+01 1.699500736489481870e-02 9.992526394648086896e-01 -3.471965422423574366e-02 9.817045322727471213e-01 -9.116501570103716645e-01 1.225840442366220003e-03 -4.109654234360302083e-01 5.274328640247855304e+00
-4.311755225504083633e-01 3.555010119045141914e-02 9.015674799602267919e-01 3.479833921812700481e+01 2.129963651058985538e-02 9.993461326757470120e-01 -2.921908148620143419e-02 9.695075219285307355e-01 -9.020166600064943863e-01 6.604506186486681571e-03 -4.316508053224626940e-01 4.912013460892927341e+00
-4.491931129215843144e-01 3.436819127049903222e-02 8.927734512603555661e-01 3.551038267053172603e+01 2.818215892115204929e-02 9.993077105293328710e-01 -2.428966266140815053e-02 9.602392798300516397e-01 -8.929901301478111453e-01 1.424953343875720070e-02 -4.498507216375687845e-01 4.516808586085739208e+00
-4.635249081035712759e-01 3.554598013605233392e-02 8.853706581495398575e-01 3.623460431855956188e+01 3.292434136847049303e-02 9.991960137903485029e-01 -2.287872102812025035e-02 9.069326457483795068e-01 -8.854720241215345844e-01 1.854538808220699414e-02 -4.643225793431287607e-01 4.139142336902796870e+00
-4.750606231155115045e-01 3.873478626968820948e-02 8.791001531309077244e-01 3.692411899238582862e+01 3.583748060978049488e-02 9.990535460284191149e-01 -2.465378773961959119e-02 8.535928882655077210e-01 -8.792230300693237854e-01 1.979269029040614178e-02 -4.759991684169642134e-01 3.770166112291572169e+00
-4.842481581906233901e-01 4.135960921217891190e-02 8.739526084457109878e-01 3.763711142562016221e+01 3.693214478593324912e-02 9.989580918420679634e-01 -2.681174223664540418e-02 8.068610914180431859e-01 -8.741508991413495799e-01 1.929340683906411585e-02 -4.852711265404948682e-01 3.375388720614195037e+00
-4.950976391489952944e-01 4.032199233349501727e-02 8.679012164706453314e-01 3.832586860621133695e+01 3.128249422592360024e-02 9.991021737354355281e-01 -2.857226113666919837e-02 7.293461987586195017e-01 -8.682740286726392531e-01 1.300405510421611885e-02 -4.959145116080461713e-01 2.984487675052425182e+00
-5.060123344832553327e-01 3.919603962943747633e-02 8.616352150557151646e-01 3.903217652070105004e+01 2.869592842919646905e-02 9.991789960407800875e-01 -2.860069374370581216e-02 7.419386846823041726e-01 -8.620487896387190041e-01 1.025311799434519035e-02 -5.067216749853966640e-01 2.561500624680428384e+00
-5.152004997554661125e-01 4.037441605081387719e-02 8.561182201003078029e-01 3.971823899166481908e+01 3.020685750624301641e-02 9.991246746749294916e-01 -2.894049641106398105e-02 7.142246865227288577e-01 -8.565372406861097021e-01 1.095048221460521477e-02 -5.159691280441751626e-01 2.154992304222314470e+00
-5.221327832453035445e-01 4.363552432070060688e-02 8.517472349675281329e-01 4.039209183849643381e+01 3.438826092108983323e-02 9.989553363205175840e-01 -3.009660538189541309e-02 6.592382882976426384e-01 -8.521706738788944469e-01 1.357568117667099818e-02 -5.230878921544808158e-01 1.693674958410614551e+00
-5.260692070316153046e-01 4.713228890782587138e-02 8.491347307687321377e-01 4.110359709764788505e+01 3.664705926225594879e-02 9.987920363760731668e-01 -3.273504579994564873e-02 6.210484540097450656e-01 -8.496518318411742099e-01 1.389739057036609889e-02 -5.271610067141606626e-01 1.271551048306126308e+00
-5.258732256371804192e-01 4.843931099935654822e-02 8.491825704546078768e-01 4.180665713100037806e+01 3.532029237667075328e-02 9.987595698315213655e-01 -3.509872829136478217e-02 5.684274719976756263e-01 -8.498293242855263774e-01 1.153589455368424221e-02 -5.269318196087082740e-01 8.541146917362063551e-01
-5.228006887123819446e-01 4.897494390676921522e-02 8.510469724262288427e-01 4.254550066010377662e+01 3.677312702923971749e-02 9.987146955628911638e-01 -3.488289124875814523e-02 5.369960001978191233e-01 -8.516614528045142185e-01 1.305885820614469117e-02 -5.239297047888751280e-01 3.954982150769384974e-01
-5.166890090391780266e-01 4.808518991958368044e-02 8.548218162330295522e-01 4.330422420598477373e+01 3.616440761705097540e-02 9.987563379749736514e-01 -3.432251570507246358e-02 4.853390009225316826e-01 -8.554090584546416576e-01 1.318005732371148146e-02 -5.177854070922502938e-01 -5.022878418896820074e-02
-5.098000003224972820e-01 4.676913596079138730e-02 8.590207583335304209e-01 4.405707214692404960e+01 3.410081698020349383e-02 9.988350571815474144e-01 -3.414359295570419672e-02 4.466591171748390821e-01 -8.596168613326710117e-01 1.188690530441786040e-02 -5.108009901990374635e-01 -4.752961659857412036e-01
-5.023253739854203204e-01 4.600162551552778450e-02 8.634541825661796732e-01 4.483438723917094393e+01 3.169125602028528138e-02 9.988924388823491318e-01 -3.478048240146803388e-02 4.115004478980569536e-01 -8.640977594744243540e-01 9.892828063895266894e-03 -5.032268790269063263e-01 -9.412153312003928018e-01
-4.960838870021943015e-01 4.469357100468757116e-02 8.671235889901848237e-01 4.564298509312704510e+01 2.885568353751158735e-02 9.989713753477205138e-01 -3.498089322245986899e-02 3.609840043918414176e-01 -8.677950115719789137e-01 7.667985713423608810e-03 -4.968632780809646987e-01 -1.373507570918318432e+00
-4.915554125304351651e-01 4.270287640680682506e-02 8.697987111701707130e-01 4.650307443139770669e+01 2.523050164614391855e-02 9.990761356575977858e-01 -3.479107758776479181e-02 3.102192600347905005e-01 -8.704807603347139988e-01 4.843714629273175934e-03 -4.921787085497373870e-01 -1.813597066761453380e+00
-4.896659603967780106e-01 3.976929182158402826e-02 8.710027026441098386e-01 4.730692320076804691e+01 1.997584104561696966e-02 9.992087940869898155e-01 -3.439293144481024578e-02 2.768347918289087994e-01 -8.716812887089302464e-01 5.579630282343117772e-04 -4.900729703400968917e-01 -2.308884638451456972e+00
-4.902914583449662356e-01 3.717630914247407881e-02 8.707653330396499802e-01 4.816021702794579085e+01 1.671206899653160383e-02 9.993072472618893531e-01 -3.325439008961168091e-02 2.339589280638631474e-01 -8.713983295019377406e-01 -1.752053797620533367e-03 -4.905731121446538223e-01 -2.768682434620436172e+00
-4.913367044391520055e-01 3.596957649111128669e-02 8.702266886655704026e-01 4.902232415115778252e+01 1.534638965146581900e-02 9.993493439164436998e-01 -3.264198644033300400e-02 1.943822463353325480e-01 -8.708345348830018873e-01 -2.683368906499430852e-03 -4.915690278896643339e-01 -3.261916056707277356e+00
-4.916208568161443693e-01 3.534843131024344165e-02 8.700916496284384349e-01 4.989513214362229832e+01 1.551757856173721813e-02 9.993728016550033066e-01 -3.183284792707681554e-02 1.472374959399007643e-01 -8.706711169116427840e-01 -2.147977153118394832e-03 -4.918610466249526691e-01 -3.736690420451549421e+00
-4.916924716933223638e-01 3.464314922035727218e-02 8.700795496353564973e-01 5.079093886156178428e+01 1.552329722819008849e-02 9.993982824642938523e-01 -3.101970968602217604e-02 9.749794106562451046e-02 -8.706305740338305954e-01 -1.745654972826688476e-03 -4.919343991515363057e-01 -4.237939062781586053e+00
-4.920347309948279180e-01 3.394888933863600411e-02 8.699134172906229923e-01 5.167068805562324485e+01 1.581048839504846718e-02 9.994230933736705236e-01 -3.006045617390955618e-02 5.460019617727583652e-02 -8.704320236764901964e-01 -1.037033182275180548e-03 -4.922876329655803684e-01 -4.730449426962254122e+00
-4.923916471606222256e-01 3.351969801440692065e-02 8.697280913007743308e-01 5.256714033606126435e+01 1.539673730973819057e-02 9.994372942638104496e-01 -2.980197060577611731e-02 -2.852883292976790899e-03 -8.702375894818960012e-01 -1.283267146943414079e-03 -4.926306810959280025e-01 -5.227856200426936439e+00
-4.927855578024921690e-01 3.211472287783994489e-02 8.695579887002016228e-01 5.347507326664429428e+01 1.408055123936390735e-02 9.994822208247990947e-01 -2.893355264168518196e-02 -4.651158684845095592e-02 -8.700368888314307103e-01 -2.014181768156747283e-03 -4.929826082666945442e-01 -5.723283989201593869e+00
-4.926436085723194247e-01 3.117972519515386023e-02 8.696724422446098224e-01 5.438419034770377891e+01 1.303916518994886406e-02 9.995102753621345482e-01 -2.844840510121444607e-02 -9.736967115128411510e-02 -8.701335017954660023e-01 -2.675123019345518847e-03 -4.928089180057164675e-01 -6.231236164731813076e+00
-4.924058082650812906e-01 3.044346632763615321e-02 8.698331865914797900e-01 5.528189385179568660e+01 1.225543734601221985e-02 9.995315897164662733e-01 -2.804509850310828167e-02 -1.436531906552663829e-01 -8.702794839051628539e-01 -3.149383985583245182e-03 -4.925482698677005056e-01 -6.733297300402340646e+00
-4.913033525025549131e-01 2.921188589561151197e-02 8.704985576015131787e-01 5.619107234143563545e+01 1.158960153228976928e-02 9.995682525310051192e-01 -2.700207034767881237e-02 -1.943393002328716590e-01 -8.709114495249363763e-01 -3.177476977928774243e-03 -4.914297991675759536e-01 -7.221972349766074828e+00
-4.890078793115713029e-01 2.709181880123216063e-02 8.718585807121552733e-01 5.709191426944430958e+01 1.181787021986342029e-02 9.996316572036227921e-01 -2.443378792088769097e-02 -2.433083221551612385e-01 -8.721993396375677943e-01 -1.644803959981835798e-03 -4.891479358531692356e-01 -7.739811547189762386e+00
-4.858776079090555422e-01 2.543139973031727230e-02 8.736568272122258172e-01 5.796829334329292749e+01 1.285071889541110346e-02 9.996764734842231714e-01 -2.195289312283909416e-02 -2.857040660954908162e-01 -8.739324147583644731e-01 5.606984065083179918e-04 -4.860472367882445743e-01 -8.252493243036711945e+00
-4.835906521274913050e-01 2.466408819413596146e-02 8.749467536994995909e-01 5.887522192689073108e+01 1.247623476228533999e-02 9.996956621573459545e-01 -2.128494209265816700e-02 -3.484255814244046068e-01 -8.752053938019688228e-01 6.228413826658994647e-04 -4.837512034920400938e-01 -8.740352914084301261e+00
-4.815917390262024478e-01 2.528611740350004619e-02 8.760308597357914229e-01 5.976639454699625276e+01 1.282696332136811293e-02 9.996800448918435889e-01 -2.180364619339710680e-02 -3.946025731297344574e-01 -8.763018445017254354e-01 7.363591241129473653e-04 -4.817620066889356512e-01 -9.215809834801698130e+00
-4.803242019749353608e-01 2.579579411354585711e-02 8.767116379661500369e-01 6.064554859662998609e+01 1.303987576794597182e-02 9.996670235087741219e-01 -2.226939334030159090e-02 -4.335952973146798839e-01 -8.769941160033566385e-01 7.356815631584871481e-04 -4.805006505277349960e-01 -9.705200843192860916e+00
-4.806586690111491755e-01 2.708723582944098582e-02 8.764893517165803782e-01 6.155747780752115261e+01 1.286344001708962168e-02 9.996331177240813659e-01 -2.383870785272625137e-02 -4.767417430797140643e-01 -8.768134537377555437e-01 -1.836140859053799173e-04 -4.808307701755690777e-01 -1.020028954970764623e+01
-4.839069936668372596e-01 2.879290746534922743e-02 8.746456698618344516e-01 6.244832839092684651e+01 1.160308041632156749e-02 9.995818980202371140e-01 -2.648621923297939454e-02 -5.244526781666704052e-01 -8.750425398683211453e-01 -2.668283388711883454e-03 -4.840387689685533013e-01 -1.066872464885455862e+01
-4.883706942721847133e-01 2.942666688125059396e-02 8.721400081044174968e-01 6.332246258774820546e+01 9.806815379217223572e-03 9.995532899474081079e-01 -2.823418252309360665e-02 -5.698024622687803964e-01 -8.725811982581703763e-01 -5.235831994364907073e-03 -4.884411275195402746e-01 -1.115241699431665623e+01
-4.935677267861369177e-01 2.794501436113133036e-02 8.692583231165897928e-01 6.420681193835670797e+01 8.889263959147465990e-03 9.995935973987727374e-01 -2.708769387434847853e-02 -6.036889387936461571e-01 -8.696619664168251385e-01 -5.642545522593522822e-03 -4.936155617649617966e-01 -1.163712123353776562e+01
-4.990648206461948400e-01 2.553346687682171365e-02 8.661884341587446912e-01 6.509117201783297446e+01 1.157738896141787509e-02 9.996731182034440666e-01 -2.279787133112791409e-02 -6.773248693206895821e-01 -8.664873479509606069e-01 -1.349415846746966456e-03 -4.991973080268651830e-01 -1.215602493060304035e+01
-5.048453480601077237e-01 2.390268060790474297e-02 8.628788400040624529e-01 6.596649697569802129e+01 1.173808194427411293e-02 9.997142770003054624e-01 -2.082555938211029870e-02 -7.332743727966480884e-01 -8.631300288944862009e-01 -3.851449315591612150e-04 -5.049816856003060961e-01 -1.264714376239574989e+01
-5.100377426603266429e-01 2.565234564861549812e-02 8.597694539267756175e-01 6.677878120364738379e+01 1.156471485595904521e-02 9.996694176345342076e-01 -2.296595192133551316e-02 -7.614430617752924180e-01 -8.600743065501148532e-01 -1.770514392565787328e-03 -5.101658072052303039e-01 -1.312956881578404555e+01
-5.146964784994023656e-01 2.772930162075241955e-02 8.569239616963487682e-01 6.762009754578036791e+01 1.097287396157426050e-02 9.996081025045749913e-01 -2.575576785065348401e-02 -8.111957662237093691e-01 -8.573022716674052468e-01 -3.853485087967053590e-03 -5.147990524447669802e-01 -1.365513489688784077e+01
-5.194701377985052604e-01 2.836457531393886053e-02 8.540177291284132277e-01 6.847173415105892502e+01 1.007309555196779678e-02 9.995827906230606574e-01 -2.707211795383611050e-02 -8.507067880299201690e-01 -8.544292610920689590e-01 -5.460555360409694026e-03 -5.195391412492028627e-01 -1.416564054965830266e+01
-5.240994351922499961e-01 2.890035864324684914e-02 8.511666145699851027e-01 6.934092732107855284e+01 9.109601545561517993e-03 9.995571870157405892e-01 -2.832961665752917885e-02 -9.040361341293849939e-01 -8.516083902291923247e-01 -7.093748091362624478e-03 -5.241306402027159361e-01 -1.464348293612488305e+01
-5.276829800480216104e-01 2.753431177255827311e-02 8.489950461496693634e-01 7.013426673229666619e+01 7.844857680945661188e-03 9.995899122064718645e-01 -2.754247186860177624e-02 -9.641980688749643980e-01 -8.494051939879498914e-01 -7.873449034512714981e-03 -5.276825988332202177e-01 -1.515777856267363433e+01
-5.299372707871550237e-01 2.287792594760359316e-02 8.477282250150985909e-01 7.097753066771821295e+01 9.709162475466473832e-03 9.997342629448228157e-01 -2.091070986988417466e-02 -9.891174620226479419e-01 -8.479812933001737996e-01 -2.850634133460316477e-03 -5.300185847485999746e-01 -1.569312859059411203e+01
-5.318045587757935788e-01 1.374619264977233225e-02 8.467555770425350126e-01 7.180505991429491530e+01 1.100643557796295545e-02 9.998960566351989820e-01 -9.319679457477315562e-03 -1.036065696187450591e+00 -8.467956200067806583e-01 4.363512035515430820e-03 -5.319005902784941231e-01 -1.621352010771107288e+01
-5.334356104442138369e-01 9.738105786886656901e-03 8.457846489885837427e-01 7.262775203544009628e+01 1.331319857147224631e-02 9.999065813565434224e-01 -3.115995338992489771e-03 -1.059985412259403903e+00 -8.457359283628929081e-01 9.597915476631227807e-03 -5.335154354604454419e-01 -1.672319410905715031e+01
-5.346718266622505489e-01 1.366569832747887778e-02 8.449493120930112733e-01 7.344584193676377026e+01 1.356988175145199850e-02 9.998792197452421870e-01 -7.584613014918323119e-03 -1.108929643713590485e+00 -8.449508555176351576e-01 7.410582716959471586e-03 -5.347927033148140996e-01 -1.724305033006686472e+01
-5.359303336968543885e-01 2.018546416173195093e-02 8.440208989600987977e-01 7.422728758646000813e+01 1.199137390265681176e-02 9.997953516830672127e-01 -1.629674297696643084e-02 -1.139633967015610372e+00 -8.441770764597053001e-01 1.387050613376741891e-03 -5.360627204765372467e-01 -1.773079986316075107e+01
-5.363185203749770702e-01 2.645507425790746825e-02 8.436009881007197064e-01 7.503119714628185477e+01 1.627233960642623239e-02 9.996470306135712969e-01 -2.100350633042796095e-02 -1.146533784236533959e+00 -8.438588197495167087e-01 2.462791666417708976e-03 -5.365597148926758431e-01 -1.825439456552771489e+01
-5.363762485171096328e-01 2.834387053432849135e-02 8.435029332473220620e-01 7.583682136441059640e+01 2.142082825962284692e-02 9.995712057339909418e-01 -1.996684522828147401e-02 -1.200135632683285491e+00 -8.437071293593602084e-01 7.358789281838161445e-03 -5.367534152285614590e-01 -1.876445546126815955e+01
-5.361335579543692331e-01 2.452736639772153115e-02 8.437767890435027285e-01 7.663960461247133082e+01 2.276291876211560331e-02 9.996344204308688086e-01 -1.459442149370041020e-02 -1.247531064590994720e+00 -8.438262318586533528e-01 1.138226274908085874e-02 -5.364958855097706758e-01 -1.927697685998839816e+01
-5.353519363237780881e-01 1.916354919546105207e-02 8.444116982440478258e-01 7.744279244380126670e+01 2.033511807515665792e-02 9.997452850625025977e-01 -9.796432442559902670e-03 -1.266195611198204451e+00 -8.443842959998816289e-01 1.192667188483209455e-02 -5.356052797849744085e-01 -1.978207727877554589e+01
-5.345391573631010917e-01 1.313067523791983104e-02 8.450417316141867197e-01 7.824259603879217195e+01 1.771639514746700672e-02 9.998337407733982607e-01 -4.329235003554857651e-03 -1.287498222607929454e+00 -8.449580289879043971e-01 1.265694698368774289e-02 -5.346829260658386707e-01 -2.028510594675200096e+01
-5.337744169656115645e-01 6.633708782329973686e-03 8.456009220270114257e-01 7.905611896610056988e+01 1.113938708694747065e-02 9.999376857582440437e-01 -8.128831715043015674e-04 -1.319907855205898706e+00 -8.455535690248829894e-01 8.985579122563539661e-03 -5.338150631856893868e-01 -2.077398271120494400e+01
-5.325500686886767143e-01 1.349389919797915668e-03 8.463974581914015527e-01 7.986902880398700688e+01 1.837864488745103667e-03 9.999982763080577097e-01 -4.378938502841603179e-04 -1.345626131820523819e+00 -8.463965376576924049e-01 1.322362778457908264e-03 -5.325516432212484830e-01 -2.125675224672799146e+01
-5.312493004682552478e-01 4.270430897581343533e-04 8.472154697886301600e-01 8.065398500149612460e+01 2.324850793601784639e-05 9.999999409928593819e-01 -4.894762839999749864e-04 -1.356691407190460108e+00 -8.472155762829340908e-01 -2.403380968864354675e-04 -5.312492915074531474e-01 -2.176115442322741700e+01
-5.282633101395904918e-01 4.160711102422059646e-03 8.490704433486848668e-01 8.145616517450842764e+01 7.329862289524708384e-03 9.999731395326041383e-01 -3.397849360190875268e-04 -1.376965508906042412e+00 -8.490489980122915004e-01 6.044072869189133154e-03 -5.282796305681038973e-01 -2.226923040566290979e+01
-5.227127524329866493e-01 9.021340578395915452e-03 8.524611712369218885e-01 8.229060161792050110e+01 1.320585897728930071e-02 9.999097740957786362e-01 -2.484165795385851350e-03 -1.415747071266536761e+00 -8.524066148081070882e-01 9.958976239500165820e-03 -5.227847370132820970e-01 -2.272381159486105417e+01
-5.154420318496814035e-01 1.062055095253931596e-02 8.568586645059124152e-01 8.308083641264549613e+01 1.474312751244656432e-02 9.998851630834297843e-01 -3.524621937437365064e-03 -1.435371413571462362e+00 -8.567976458135101447e-01 1.081603762585424226e-02 -5.155394323026909476e-01 -2.320050130382370668e+01
-5.061086949016202485e-01 1.212574679158345131e-02 8.623844915376490672e-01 8.386887852438024993e+01 2.007776135308892568e-02 9.997958946514727829e-01 -2.274787197626841877e-03 -1.459409605431038148e+00 -8.622360043091926718e-01 1.616345981881407712e-02 -5.062488651317808008e-01 -2.368578653982233106e+01
-4.963365538787540832e-01 1.299002463854973845e-02 8.680330301301836249e-01 8.465301697331042874e+01 2.422910062002251244e-02 9.997058810563851372e-01 -1.106426224489865263e-03 -1.477419901582988970e+00 -8.677920439133592900e-01 2.048249924365888944e-02 -4.965053201524913806e-01 -2.414674284498672208e+01
-4.851026898823847522e-01 1.053379743203989444e-02 8.743937769440212060e-01 8.549969645630952186e+01 1.986528836738820150e-02 9.998022028038174858e-01 -1.023575425987709826e-03 -1.504874450157870580e+00 -8.742315523071804151e-01 1.687354471162004488e-02 -4.852160062321016487e-01 -2.458581292592127809e+01
-4.740075661971103194e-01 6.869202904460967526e-03 8.804940090142311382e-01 8.631266927821779689e+01 1.764742798793709003e-02 9.998428877612903776e-01 1.700059005709652444e-03 -1.514508661919848675e+00 -8.803439400878675380e-01 1.634429482460605931e-02 -4.740543286869414175e-01 -2.503520540438013597e+01
-4.622169842391655736e-01 4.712004378133821669e-03 8.867543719032773275e-01 8.712492020091939082e+01 1.814190573051109590e-02 9.998268972118845577e-01 4.143548041110697681e-03 -1.539056336617128817e+00 -8.865812929773105866e-01 1.800263187940872797e-02 -4.622224687681071309e-01 -2.547258042135619505e+01
-4.500035264303897109e-01 4.014780317921864961e-03 8.930177872042129872e-01 8.798736437057220883e+01 1.806334985061849169e-02 9.998262896065288619e-01 4.607399076555346133e-03 -1.575314341285660946e+00 -8.928441078187505653e-01 1.820423792084293127e-02 -4.499978870738758907e-01 -2.585716980234482065e+01
-4.382111004657676112e-01 5.950235384653945747e-03 8.988524281120030546e-01 8.880365678690731102e+01 2.177556482142895683e-02 9.997549518389687861e-01 3.997895554835141814e-03 -1.580283870712065220e+00 -8.986083220020221196e-01 2.132494090580358895e-02 -4.382332976534343283e-01 -2.626275174555348357e+01
