1 0 0 0 0 1 0 0 0 0 1 0
0.999999688036303902 -0.0007208334797814028002 0.0003229959588096942042 0.8469114785521094646 0.0007210444048737740504 0.9999995265900003538 -0.0006533871298225576085 0.3880078766499545084 -0.0003225248225817430405 0.0006536198204183901565 0.9999997343793992632 -0.1020606747190516972
0.9999995938322805422 -0.0007864480385563957362 0.0004402666879132806767 1.111641956379370244 0.0007869498446392049354 0.999999039679881685 -0.001140766959770108746 0.3831045561225769891 -0.0004393691111783617109 0.001141112964229047417 0.9999992524077140343 -0.09969203464376848178
0.9999996238836654783 -0.0001607471059498208408 0.0008522868622119323355 1.340271351108130338 0.0001614307715492120025 0.999999665250710601 -0.0008021462290833690284 0.3836170817464421012 -0.0008521576342246371975 0.0008022835127088177734 0.9999993150840312817 -0.08796765000692773062
0.9999993182568727157 -0.0006982021352829176613 0.0009359484858163750077 1.571834757973850749 0.0006983538265252889387 0.9999997430685610977 -0.0001617552000170719144 0.3850324144907503188 -0.0009358353075157388803 0.0001624087129480763971 0.9999995489177418984 -0.08406861879344766642
0.9999990206471820464 -0.001296483170348618642 0.000527101570617174585 1.805303151003076145 0.001296549521747332977 0.9999991515969650635 -0.0001255575077603254483 0.3851934334870508736 -0.0005269383402268802133 0.0001262407980845223622 0.9999998531996124873 -0.08355067100121058021
0.9999998511838257276 -0.0005140083791935095344 -0.0001828324712444468262 2.036607941228340657 0.0005140559070181088645 0.9999998340730065216 0.0002600009304001418896 0.3830254047923469796 0.0001826987982507807882 -0.0002600948778196360387 0.9999999494859005411 -0.09198450863473128791
0.9999993912369942173 -0.001096323649009946005 0.0001249003510479353228 2.269998679316210577 0.001096351094475194561 0.9999993748327310472 -0.0002198827520655872623 0.3812098203802644636 -0.0001246592103032250843 0.0002200195528456738985 0.9999999680257383172 -0.09697900467771941591
0.9999998598525172699 -0.0001861731901243871619 0.0004956152632446207944 2.504904581046986323 0.0001862198912524828942 0.9999999782257522618 -9.418411233402671553e-05 0.3790582950127283635 -0.0004955977178963189619 9.42763925547849326e-05 0.9999998727474238569 -0.09908306094776182793
0.9999996696259921825 -0.0002158846771864143745 0.0007836719420142163051 2.743076529648481809 0.0002157635521791694954 0.9999999647659528756 0.0001546421109731102594 0.378286333764903282 -0.0007837052992644890498 -0.0001544729720414241394 0.9999996809720015367 -0.1002401100911922416
0.9999992759317397617 -0.0003297387541522069304 0.001157328108265264811 2.979853807148989731 0.0003293488653951958571 0.9999998889594680085 0.0003370613838188977161 0.3763390535878815557 -0.001157439121955709327 -0.0003366799750641007974 0.9999992734903727643 -0.09923642398330546899
0.9999990847780876324 -0.0002016094497325633379 0.001337832805996996312 3.218971330744189174 0.0002016768313776413977 0.9999999784016231352 -5.023155371762553047e-05 0.3744574684170796086 -0.001337822649946074837 5.050131762583340707e-05 0.9999991038396855991 -0.09809010684321581297
0.9999994449175853006 -0.0007228215527801565114 0.0007666117166888874318 3.459202152424438292 0.0007226567209223887494 0.9999997157132860526 0.0002152686942408835711 0.3715021010034610938 -0.0007667670996031977727 -0.0002147145776396138666 0.9999996829828823319 -0.1022045192479927173
0.999999746470069617 -0.0004793538334039460771 0.0005265735455858380244 3.701744127311720867 0.0004789506137466690064 0.9999995922300641826 0.0007656017338706598563 0.3705918953780947267 -0.000526940324990968754 -0.0007653493370448644778 0.9999995682870499447 -0.1075751765829761619
0.9999993029535785283 0.0009191073949923100807 0.0007411706642463353244 3.945918715245060326 -0.0009202475743168305432 0.9999983915741246232 0.001539478342034175011 0.3695244041084593811 -0.0007397545261996668663 -0.001540159329452233218 0.9999985403351751012 -0.1115196803219851013
0.9999940078260401988 0.003094028546538988081 0.001552835911055674284 4.192546686561583691 -0.003097579727024782435 0.9999925810425112083 0.002289729191704591334 0.3664500997449530173 -0.001545739903149085433 -0.00229452550428643591 0.9999961729131077171 -0.1136665638490172436
0.9999838910048843843 0.005213207779905261116 0.002245037945111227201 4.444243953199492836 -0.005218369124415565136 0.9999837407598385353 0.002299312862891051551 0.3619578038855287838 -0.00223301464679484616 -0.002310991259967283898 0.9999948364691607638 -0.1125039554347720128
0.9999698933330838369 0.007558284653185251729 0.001756348633464733817 4.69837838555590892 -0.00756069036403576606 0.9999704830036022507 0.001367144016397675577 0.3544209008369554326 -0.001745963527690613977 -0.001380382064437071657 0.9999975230752905508 -0.118976774897173232
0.9999563201123503609 0.009337712612247178051 0.0004061902729181727199 4.959352387003514551 -0.00933796384870272736 0.99995620738428459 0.0006210835676544186178 0.3461393846213095538 -0.0004003729849206973221 -0.0006248494288781669421 0.9999997246322941402 -0.1177774253564321666
0.999929571748849777 0.01181292501011815994 -0.001142954446690285734 5.23014906707713223 -0.01181234301842761653 0.9999300994177315882 0.0005146171980182072826 0.3371835407976315757 0.001148953687878061887 -0.0005010799844501961442 0.9999992144118275972 -0.1165147837225459226
0.9998853840384576142 0.01495941796079545451 -0.002331222970945743926 5.515403930163205182 -0.01495645951188154764 0.999887324865685212 0.001281363263555080527 0.3300447099018235519 0.002350128748703504081 -0.001246349556894425 0.9999964617475636253 -0.1225494675481003659
0.9998516418243282855 0.01701023755606407076 -0.002710379951468925522 5.813478778195703356 -0.01700506145001677571 0.9998535571926019383 0.001921471930960349725 0.320342389353673207 0.002742667729822661354 -0.001875096687262445445 0.9999944808778382654 -0.1259819685141808365
0.9998046064865964144 0.01957666162375635774 -0.002739191094272069079 6.127652013684697252 -0.01957100206925084171 0.999806310317509217 0.002077914169048382647 0.3107686502151202346 0.002779339163789406979 -0.002023899443524269405 0.9999940895349607173 -0.1306849178691439906
0.9997424708597777432 0.02249272577975157741 -0.003011518916310248952 6.457374736882735888 -0.02248573162243778026 0.9997444335941120253 0.002336529689894275338 0.2982568474077282872 0.003063304194835584065 -0.002268211759284086138 0.9999927356650272214 -0.13579427194577115
0.9997054130475213629 0.02396376429252476681 -0.003850340818292338676 6.803616266652915634 -0.02395519279577524793 0.9997104852582912038 0.002257078365753702968 0.2861583382576143308 0.003903314181811518707 -0.002164177803284793918 0.99999004018681803 -0.1381940140770226699
0.9996835141713084072 0.02467587285260907162 -0.00489620190200415039 7.165362435570543198 -0.0246646400577578348 0.9996930394246129614 0.002341464669908698525 0.272313737284185009 0.004952476645534643895 -0.002219960571959248615 0.9999852722666141558 -0.1407280261732713478
0.9996538125434856203 0.0256608617314925333 -0.005811647139238073842 7.541471502508828806 -0.02564415131855568228 0.999666835416129218 0.002931837692057357673 0.2581804363295736593 0.005884944385872387454 -0.00278178796797515877 0.9999788143182216649 -0.1427853846728445175
0.9996072625589936811 0.02722870507914675053 -0.006627085258835037178 7.932689949985241462 -0.02720561562477664258 0.9996235562644720796 0.003549681626117205235 0.2434032920343969231 0.006721243768226949945 -0.003367993598974487312 0.9999717403513588287 -0.149838247917006645
0.9995701760488314713 0.02842373966424029466 -0.007180123759901916626 8.33578468819995777 -0.02839710638541321358 0.9995895569697546001 0.003784434692959293828 0.2280516535679728007 0.007284744514637359752 -0.003578913314016259149 0.9999670613959478205 -0.1523151369455180149
0.9995166448123404823 0.03014057158577539142 -0.007617262471801286051 8.753066102295242956 -0.03011231383485846874 0.9995393073565556064 0.003797578792872219073 0.209982920266024442 0.007728214450476529086 -0.003566369815348768759 0.9999637771978281409 -0.1505968344507377932
0.9994584656786670296 0.03190105570756870956 -0.008068334895592959091 9.180055284224861722 -0.03187698094439558871 0.9994870076626306554 0.003095092804917608936 0.1898589895922242199 0.008162932629605962331 -0.002836222548216216135 0.9999626604891511672 -0.1509414496586629906
0.9994079227132727228 0.03331638957233191978 -0.008591984858332672725 9.618031871592954474 -0.03329268194220307703 0.9994414731822406361 0.002887734822987976253 0.1685663241697851478 0.00868339490271576725 -0.002599974841648498847 0.9999589185480503017 -0.1511778126886834384
0.9993268987104356738 0.03558862255877927316 -0.008899407741613343456 10.0670869346991303 -0.03556089575005270953 0.9993622114328616357 0.003254697140165956071 0.1458971589849794026 0.009009561989165944598 -0.002936035488387044815 0.999955102736305057 -0.1535111261895190371
0.9992613433587889116 0.03747445249221381669 -0.008510762550875379875 10.5257326226209198 -0.03744573798782740298 0.9992925028910920604 0.003508614000393515259 0.1236767289327347086 0.008636224599647296732 -0.003187330554803985243 0.9999576273765797829 -0.1543851111202268478
0.9992129204215808302 0.03888402180652972273 -0.007846815323745153989 10.9911048306298369 -0.03885670340124685457 0.9992382921685138975 0.00360445071255633331 0.0972053733556728361 0.00798099388316843468 -0.0032967123473299372 0.9999627170171574431 -0.1561748891357886415
0.9991393238507604302 0.04061077117957451188 -0.008448479108421867029 11.46233215765530389 -0.04058657962954834858 0.9991714749228164383 0.003015502369069957087 0.07022539306209857335 0.008563941208318243126 -0.00267001212802038361 0.9999597641636470691 -0.1576927843403020113
0.9990644427467881838 0.04215562483938699312 -0.009651037946792019248 11.94392827638764487 -0.04213607970872353808 0.9991094152245443283 0.002219728913428112033 0.04299814466970611204 0.009736016938648877489 -0.001810995325745046094 0.9999509639327822663 -0.1604150351940550334
0.9989912430389145115 0.04377425959650009524 -0.0100155143823335447 12.43587930159417176 -0.04376042354125196654 0.9990407780963344031 0.001596568871381604708 0.01394184045732263511 0.01007579590180108196 -0.00115667517006432961 0.9999485688971689878 -0.1641801185664377716
0.9989792854963733815 0.04426283248207086435 -0.009010483328853218649 12.93968436254714049 -0.04425279569665478696 0.9990195058550738194 0.001310341220581035014 -0.01696640564408630203 0.009059648016647253027 -0.0009102646584126327213 0.9999585462388258517 -0.1720236497413272225
0.998987812726612745 0.04442600180512695784 -0.007048431549569226032 13.45386185968730963 -0.04442041486153888719 0.9990124770759356565 0.0009473067781754910318 -0.04781656135857795253 0.007083556114472561172 -0.0006332536727556039007 0.9999747107915074595 -0.1707666835842737707
0.999003195135420019 0.04430501734591821283 -0.005448077385624445525 13.97929362108706286 -0.04430192202190259831 0.9990179512570939169 0.0006875836268742514757 -0.07737115132305796839 0.005473190512592071393 -0.0004455379406629525604 0.9999849227271160323 -0.1686614716222840371
0.9990197101148460268 0.04405934630726907747 -0.004288683367319375168 14.51614266954268828 -0.0440570846961803736 0.9990288225765446839 0.0006204429033390919173 -0.1056128617675674564 0.004311854603598791122 -0.0004308878030875433755 0.9999906110787133429 -0.1728068052677309563
0.9990118796680925728 0.04434177211365079863 -0.003011897714976267786 15.06665472190750776 -0.04433932666048727433 0.9990161461848223734 0.000873941256701041432 -0.1372712765271013879 0.003047686551963818807 -0.0007395321809240946011 0.9999950823373254805 -0.1733691525641122833
0.999042199498347383 0.04369769854379225438 -0.002279202378074976845 15.62847388292447981 -0.04369654507692766893 0.9990446965059508466 0.0005534723774853841536 -0.1682064765253598881 0.002301210517183229116 -0.000453348991911583859 0.9999972494486407681 -0.1770298984869760062
0.9990642878618642975 0.04319331524465727656 -0.002210483485923528477 16.20323603251291189 -0.04319263692585847275 0.999066699977647299 0.0003537105660685047601 -0.1984575812101192216 0.002223698373622269055 -0.000257902984160346654 0.9999974943226577206 -0.1800527504746633478
0.9990690453533914717 0.04305191958020786192 -0.002752242199087514933 16.79028595070867524 -0.04305302561182603599 0.9990727294566248418 -0.0003438629918115195319 -0.229406038121865552 0.002734886164097987977 0.0004620352248487590409 0.9999961534531622842 -0.1858733079286279399
0.9991205762980165384 0.04178234218550559015 -0.003508546623969456806 17.38916444351451673 -0.04178428983246377376 0.9991265381453829919 -0.0004836288031555787716 -0.2605058081992925878 0.003485274898184060992 0.0006298056175497738964 0.9999937280822156493 -0.1949593234905577233
0.9991286567274385577 0.04143624223787170657 -0.004996512306473179996 18.00022454462945021 -0.04143946546992992308 0.9991408687319468518 -0.000543259732616537894 -0.29386504076872344 0.004969709004640695919 0.0007498391660974441496 0.9999873697870559353 -0.2028865871204656168
0.9991650462172131375 0.0403509354432600581 -0.006404094518997564475 18.62339115960632441 -0.04035723274145419648 0.999184947409246571 -0.0008571092306528154195 -0.3271435060456527877 0.006364289685934530934 0.001114845117059876274 0.9999791262507224943 -0.2013571040002207768
0.9992105012826949517 0.03910804773726288264 -0.006995336201022855048 19.260561215567364 -0.03911813676609841167 0.9992337324347037031 -0.001311236271547921864 -0.3580416501822581976 0.006938696011081141486 0.001583845570429902273 0.9999746726446999689 -0.2031935350024781095
0.9992085520784081965 0.03926736376547804164 -0.006351660907249814629 19.90506171002867575 -0.03927607293216503481 0.9992276127020552901 -0.001252241501697914624 -0.3893809996788927252 0.006297582742474802479 0.001500718714797590102 0.9999790439278919418 -0.2126965299020161515
0.9992551550720036868 0.03832706866579061594 -0.004491199117570690569 20.55965610036753688 -0.03833210592866394956 0.9992645126262946764 -0.001040894234567439148 -0.4215874436518031732 0.004448001472524829199 0.001212276050097682708 0.9999893727783705222 -0.2152775500280169063
0.9993057785335693888 0.03716781997037062191 -0.002552282912788300141 21.2174880291076704 -0.03717204906553764343 0.9993075511572461211 -0.001630020974493137697 -0.4537951299327903643 0.002489931261311070353 0.001723762964605212323 0.9999954144312641624 -0.2190629512886784203
0.9993232912670595436 0.03674284899653673664 -0.001709555143722073711 21.87675984738033108 -0.03674725830766399637 0.9993211475933487797 -0.002623543325781285945 -0.4867398222055323576 0.001611998151843401471 0.002684589415559032743 0.9999950972087954248 -0.2222628636451410289
0.9993228704893132308 0.03674982301796157758 -0.001803059940184462704 22.53456328355192184 -0.03675450229112992018 0.9993208521963606872 -0.002634563886273361046 -0.5179180889996952697 0.00170501563943619718 0.002699050516020730199 0.9999949040110061027 -0.2240894083126421799
0.9993527483617573592 0.03587282157271251548 -0.00268793865524100074 23.19124014099624986 -0.03587683883890745162 0.9993551502669509867 -0.001461529967845098376 -0.5474943367015553397 0.002633776134957036864 0.001557018732122020851 0.9999953194470155848 -0.2238220829642711962
0.9993665055355192006 0.03529460113462694337 -0.004569326479114396884 23.84387652718808326 -0.03529133834919915419 0.999376752266810664 0.0007927585786896303556 -0.5749465361512388073 0.004594458754574991081 -0.0006309987237159797417 0.9999892463368609263 -0.2242513541879857519
0.9993611846028336299 0.03509434531716392608 -0.006753490651557836344 24.49623767487943837 -0.03507736488248239942 0.9993811744910701123 0.00261659048198286965 -0.6020562276341527852 0.006841138949196644108 -0.002378024307879772307 0.9999737715651690895 -0.2257660918483084811
0.9992830011173354787 0.03689372559650862943 -0.008505097856042406756 25.14889901410160888 -0.03686175361815421242 0.9993128197017006054 0.003885807513363798323 -0.6303928861587996257 0.008642615236479522789 -0.003569508572050740427 0.9999562809495364801 -0.2233265942860490072
0.9991450196019511232 0.04026480601485785821 -0.009379509646166834733 25.8008590131449651 -0.04020687295814751733 0.9991716073683994948 0.006285411345033512474 -0.6612523729697697972 0.009624820598019286078 -0.005902916688786685913 0.9999362571699363933 -0.2260792899457724769
0.9989783239236211809 0.04448022714276111261 -0.007988599632042106893 26.45504038993216511 -0.04440412330570967653 0.9989688223800468059 0.009463918114279249241 -0.6923666094280103156 0.008401319194270411364 -0.009099522292451936445 0.9999233053238859581 -0.2253556015843846128
0.9987607143084635819 0.04947708915861060569 -0.005390102266049524339 27.10902051019640169 -0.0494109731927530535 0.998709094084024529 0.01177714405159984053 -0.7303990892246674527 0.005965842957421373799 -0.01149621860691556023 0.9999161193197904085 -0.2256895813489538938
0.9985401247772665023 0.05398313067924120912 -0.001854942551388992457 27.76322664490191983 -0.0539571750687672172 0.9984714568375877564 0.01197385231342070616 -0.7721817096740073438 0.002498493225804723945 -0.01185628452311987199 0.9999265903299638936 -0.2251409211583794423
0.9982736830408324158 0.05864195931669337336 0.003282431353578912393 28.41757340899910034 -0.05867753472113385049 0.9982041106494340399 0.01206235472959265274 -0.8202120963069782222 -0.00256917635475076029 -0.01223413626177482713 0.9999218595684297162 -0.2290127444932031353
0.9979442424052153982 0.06370892532887170723 0.006961457011355915228 29.0712563502503798 -0.06378602627028295835 0.9978975686785163113 0.0114797769208525146 -0.8712342970707538381 -0.006215456775449380335 -0.011900220962066832 0.999909872357567342 -0.2299449689403412767
0.9975230219951494171 0.07003907481674688518 0.00650757931021990043 29.72038493203964649 -0.07011663382424113133 0.9974595801333216993 0.01257154172784226941 -0.9234708132139651804 -0.00561054817481803237 -0.01299669185107223991 0.9998997988549184202 -0.2340456911449267652
0.996952793103909829 0.07789857652181332581 0.004115835053549099162 30.36608389487432547 -0.07794894857313516834 0.996859514322339102 0.01396675056600481593 -0.9798326155447671937 -0.003014919344784807494 -0.01424501600228872053 0.9998939892710821953 -0.2372936845599576405
0.9961186020704831945 0.08800604585751493902 0.001632942641744453659 31.00974493520559605 -0.08802087062505041526 0.9959938068105433917 0.01576905607352847155 -1.045136383212155629 -0.0002386284861176528923 -0.01585158312494135829 0.9998743272876240429 -0.2465392044803532412
0.994909112456906719 0.1007729889518622635 0.000814031889977166398 31.65426268006255839 -0.1007730647080338077 0.9947804528796744261 0.01601998744881893283 -1.120626492377846173 0.0008045990060188195833 -0.01602046398259830348 0.9998713404004646588 -0.2536995143197647851
0.993201903645595463 0.1163949381036860492 0.001482220835205711471 32.29489509663886793 -0.1164041290271903423 0.9930930866023717218 0.01470374401284742574 -1.212549334278111068 0.000239458110007034796 -0.01477632316962566514 0.9998907955038891515 -0.2564661991371846028
0.9910917076819949489 0.1331783102593412371 0.0008744372211678695444 32.93139861876130681 -0.1331761291523559376 0.9909755643885403975 0.01521674764227680735 -1.311724118451956356 0.001159994819872063165 -0.0151976465704519708 0.9998838362283578585 -0.2586602342265453824
0.9884351788056042754 0.1516387812594623685 -0.001255913085380964012 33.56485436825909119 -0.1515920351568378899 0.9882794542494224288 0.01798819572586006846 -1.421385375456622135 0.003968901175531097843 -0.01758977903808769949 0.9998374105307572535 -0.2538240540018104063
0.9847988964512023324 0.1736652731127035776 -0.003392117802207099842 34.19197048989274634 -0.1735618995582924318 0.9846114001650011494 0.02041219456190855597 -1.544653716525496989 0.006884807202179249637 -0.0195131642694382143 0.9997858950045168669 -0.2534670862593469409
0.9803508944564076621 0.197230989231338194 -0.003472841106252474649 34.8154436081268841 -0.1971118534063013294 0.98014081703336009 0.02170013898366017491 -1.688186364705384523 0.007683813197514159817 -0.02058921251542059766 0.9997584925084360696 -0.2548724416531443215
0.9747505516306919082 0.2232941234990598045 -0.001047142038304124884 35.43586649397082056 -0.2232128946606177777 0.9745029079934497407 0.02280539343089836926 -1.85153764475751359 0.006112753298613225576 -0.02199583422143246147 0.9997393747992591173 -0.2530257228547622139
0.967660719324338614 0.2522527640670392812 0.001129290592399931001 36.04931774648990483 -0.2522125431611080271 0.9674046241195628504 0.02274041126042886801 -2.029425664614556091 0.004643850655401992808 -0.0222898239702749891 0.9997407655979946295 -0.253473306972309409
0.9593539141975067075 0.2822019594547102161 0.001456500547578076744 36.64930759639526059 -0.2821578637441110593 0.9590834161661998536 0.02336537528762602095 -2.229174881396265295 0.005196849168743603205 -0.0228266273219244753 0.9997259313651033485 -0.2488316887164213342
0.9493819042007551889 0.3141241690792524466 7.985247217646179621e-05 37.24010027923883115 -0.3140286635358247591 0.949086926734177827 0.02489987911973142246 -2.447309611495863013 0.007745866901249375165 -0.02366457061817684587 0.9996899467551954022 -0.2463319134496122498
0.9378330968394077427 0.347082919756293462 -0.001590372928721276152 37.81915891985398304 -0.3469240297497668823 0.9375242977573259306 0.02630415740554713569 -2.686784159389877136 0.01062073701721810183 -0.02411717081415858804 0.9996527207071123078 -0.2432101902613045541
0.9249225868730646116 0.3801408753606709823 -0.003335141985129945735 38.38657092256819681 -0.3799374437672951021 0.9246535740925849733 0.02575474211445399897 -2.946874565041730953 0.01287428116873352325 -0.02255399738031819978 0.9996627281671338627 -0.2397721882557234951
0.9110934447501719546 0.4121710730675130496 -0.004872520871194886173 38.94200095667956418 -0.4119462036156317231 0.9108837808721573781 0.02431178871889368501 -3.228072341307260729 0.01445891627798956414 -0.02014309485700855121 0.9996925504722177225 -0.2320231573009489123
0.8961682124763419299 0.4436721705961033102 -0.00612698828955751066 39.4837534977346678 -0.4434244023925849043 0.8959961858728341388 0.02378306675163229314 -3.525720948125504073 0.01604164298745976505 -0.01859677229725242506 0.9996983673840760254 -0.2215135840209389584
0.8796578797144054551 0.4755595843218147767 -0.00671538651302426657 40.01327147558686903 -0.4752777662861503716 0.8794866006522007451 0.02478637019177686029 -3.836522234673517939 0.01769348836165337072 -0.01861185194705645973 0.9996702153393872692 -0.2113505539091253271
0.8628059127938705331 0.5055164196046012526 -0.004371082026292544623 40.53319994148966288 -0.5052132104563448189 0.8625325437398659867 0.02823513715265375118 -4.163449013260947851 0.01804352593948809619 -0.02215311490018426546 0.9995917520027315373 -0.2061299583973888461
0.843038788531178529 0.5378521199772913208 0.0008355045279361493753 41.04524149564436897 -0.5375897096597872515 0.842576870394681321 0.03258099973619543732 -4.510546590197009209 0.01681978298874325928 -0.02791620518332948303 0.9994687490804171626 -0.1993303920888760128
0.8191285734746218683 0.573568050031242338 0.006933404703996931713 41.54124018798620455 -0.5734400486081473458 0.8185319433848103898 0.03423402271091317839 -4.880002723951328392 0.01396032842438774124 -0.03201795811796807889 0.9993897936182054575 -0.1951572831510948736
0.7928031327810631801 0.6093617956531085511 0.01189094827804191602 42.01617389349903675 -0.6093920861774722031 0.7922135526027191954 0.03223309443486593873 -5.275318526640720762 0.0102214459251233538 -0.03280074802497395803 0.999409642224949657 -0.1918445076611943467
0.7650984242670086921 0.6437388482555485014 0.01498987760991568434 42.47031051696647808 -0.6438710762231913964 0.7645741223482026561 0.02926514374926305131 -5.693843850236335768 0.007378237413475400783 -0.03204226399765899153 0.9994592812769186319 -0.1867563634568136233
0.7367741180294686831 0.6759507221834557544 0.01595368865069216047 42.90389650907408736 -0.6761116498415200571 0.7363271521213727855 0.02636971743130005208 -6.134947763821208433 0.006077495411465705724 -0.0302150000578098113 0.9995249460723980572 -0.1804388678507046762
0.7064073685672551672 0.7076167847297637481 0.01634367163759048794 43.32008426233365128 -0.7077814691796776581 0.7060047613507718367 0.02454931436714029303 -6.592581792721102119 0.005832796905703555891 -0.02890956448566590897 0.9995650131739836075 -0.1727068095931093561
0.6752219379892228091 0.7374382964433094934 0.01612741135048541621 43.71814425402487814 -0.7375797298710154992 0.6748159174343253408 0.02448713255302887443 -7.070392580915061842 0.007174715428368552347 -0.0284295008056649201 0.9995700510431785313 -0.1734885269356404303
0.6430181731387125676 0.765678802349088361 0.01623578290746474639 44.10056836964604798 -0.7657938612790785582 0.6425669948583614399 0.02583445656432337492 -7.563887064185730758 0.009348317529488297042 -0.02904528794761892727 0.9995343817035048373 -0.1725091973316291716
0.6103680101795996293 0.7919297383488487219 0.01726793757576043642 44.4664605803595947 -0.7920450256086402074 0.6098709030529567698 0.02687301654037797805 -8.078219811491274882 0.01075032827427470708 -0.03007941369267554815 0.9994896994536263124 -0.1723448713405377752
0.5767178729307220753 0.8167295584787633844 0.01869019393553202069 44.81277341343385245 -0.8168618276671756329 0.5761860942953306308 0.02731921010816096632 -8.613756168763618604 0.01154337656429040362 -0.0310227827213587215 0.9994520185630315634 -0.1731842447119387729
0.5412878030943577556 0.8406296088287105173 0.01869157515494019456 45.13906587356447631 -0.8407680120901261933 0.5408238396406734871 0.0248741697818511999 -9.175973454896730885 0.01080111416942953866 -0.02917936320086655586 0.9995158331391709172 -0.1691425695962158748
0.5061063152321145786 0.8623161676924546715 0.01634700640392244136 45.44405782848319575 -0.8624182236610842267 0.5057745030262749131 0.02066300040615647038 -9.757059131862316548 0.009550140283353278706 -0.02455563122224669464 0.9996528476405422969 -0.166773135907438752
0.4716565462011631515 0.8816104079223738843 0.01741238262087709682 45.73228090305008209 -0.8817018125375268855 0.4712546392822202224 0.02282495833565778565 -10.35067121292216541 0.01191705473806500652 -0.02611807033320607055 0.9995878301622322937 -0.1633773505386742764
0.4385356923118460815 0.898514401308662447 0.01892926859405331258 46.00797843914154583 -0.8985505064963867916 0.4379572933306540294 0.02829127946160023971 -10.95425479495757948 0.01712991078951524998 -0.02941563970787352406 0.9994204752239769229 -0.1548573081012769581
0.406390207599699349 0.9134963574137155984 0.01927184887203470254 46.26423819439401086 -0.9134184621499079615 0.4056515654040721008 0.0333694544295069298 -11.57185728670746272 0.02266521940706597849 -0.03116428207257540203 0.9992572618460826561 -0.1514677541137661732
0.3769150385680967164 0.92608634270234369 0.01729565151728998731 46.50002723420963946 -0.9258871990755165315 0.3761815759398252634 0.03493302894861022301 -12.20896121836086934 0.02584469557385335806 -0.02918060629299569844 0.9992399831507283725 -0.1462963022021204207
0.3503846805414417842 0.936457729327755839 0.01665823592628373068 46.72089946779033198 -0.9362811707372893366 0.3497395079373484261 0.03255527469631646492 -12.8648328901463529 0.02466059538379112431 -0.02700366215988662943 0.9993311049223233544 -0.1341015062905166477
0.3257373173180049264 0.9453085817695595638 0.0169376899042700084 46.93189170891596973 -0.9452043483049963335 0.3251800359194455536 0.02909783814573347824 -13.53299186402455945 0.02199863749864055737 -0.02548782988510238032 0.9994330545243895747 -0.1229059148553501707
0.3043169437646935371 0.9524154137106851659 0.01720690163919015234 47.13185652169364914 -0.9523518998706070882 0.3038100965568696354 0.02693109806433327882 -14.21137925825826898 0.02042196245617809366 -0.02458261492213456578 0.9994891887824642884 -0.1095916134541707193
0.2844894795908331497 0.9585082742798015643 0.01810039058400312456 47.32004379187144139 -0.958466015155608142 0.2839774129519124779 0.02645234819195485532 -14.90033773014976681 0.02021469252465471489 -0.02487402400689431997 0.9994861925688809379 -0.1015165895313305811
0.2652147347526890853 0.9640232992874037121 0.01789477301028752354 47.49812077844804037 -0.963977429542086206 0.2647216471963629303 0.02588367900968903054 -15.60233418805575667 0.02021533584912820619 -0.02411489035167449155 0.9995047835102309763 -0.09760125590068639834
0.2504736627499148938 0.9680006610774770648 0.01541636864536059456 47.66495212144112514 -0.9679302539820270335 0.2500738549953913648 0.0239601851836143305 -16.31389830387242768 0.01933824436010203249 -0.02092336496149056063 0.9995940401501788308 -0.0885205445109864264
0.2389829179450333463 0.9709454917469390045 0.01232951689128105113 47.82337334434765808 -0.970847488611253584 0.2386783332134345681 0.02208635578086055526 -17.03515441699194 0.01850185903360765036 -0.01724834226097244835 0.9996800367625378048 -0.08080371880006606555
0.2293731788085260348 0.9732848152784506768 0.01022805903699090108 47.98148413024973991 -0.9731740124065274555 0.229128528617338123 0.02079564738674389082 -17.76573011728672569 0.01789654770764582958 -0.01472364499863794245 0.9997314278635547335 -0.06904828302444679378
0.2220760175495017918 0.9749963531429749475 0.008022081229513644551 48.13663749218261501 -0.9748662603659570269 0.2218808760722258411 0.02011594475822444522 -18.50437149590300834 0.01783302636816732484 -0.01228772522972016758 0.9997654699874521933 -0.05758253365414480601
0.2167702878961538238 0.9761996837065334276 0.006694760390245500098 48.29137747196446639 -0.976042153746525476 0.2165932498945217777 0.0207142030977126336 -19.25185665235649424 0.01877115860203157696 -0.01102459211914271625 0.9997630229076007735 -0.05345770234290220246
0.2132703041469501404 0.976971288243588476 0.006548230045648010915 48.44718303461921494 -0.9767723554244225337 0.2130747864507616107 0.02269143136931250568 -20.00489558877288232 0.02077361421836129707 -0.01123553855521150502 0.9997210709121224781 -0.04566269095027464253
0.2107023983077700446 0.9775398914043277321 0.004501117702166993612 48.60099591218715886 -0.9772809934987494174 0.2105340640072695946 0.02443905969304242809 -20.76861565843892876 0.02294251715594830196 -0.009548225269539360044 0.9996911884680944604 -0.03598383064245921914
0.2095333811453952144 0.9777966321502001845 0.003083559875342465218 48.75777334521211515 -0.9774967986495239902 0.2093883252491336444 0.02562299512732691895 -21.54531712005575983 0.02440841690299786274 -0.008383042710692184193 0.9996669214189295438 -0.02631741898651350151
0.2078808129561893203 0.9781513858032652164 0.00233110613776943941 48.91312944041088429 -0.9778462058476240504 0.2077549778233468425 0.0255864592905434042 -22.33569886312417907 0.02454313170888770476 -0.007598397250234560293 0.9996698950379309112 -0.01645281684315239024
0.2073169721267256183 0.9782725455125028668 0.001581064418161915548 49.07206216016233213 -0.9779885208247820483 0.2072172101592426596 0.02448430004666445406 -23.13752158071491749 0.02362469477392876993 -0.006622273801963585518 0.999698964332028539 -0.007172971835438246568
0.207590928951515985 0.9782145915968112337 0.001489632213165720167 49.23490826289162925 -0.9779532726183229885 0.2074997194032984771 0.02347899109128323558 -23.95149345719993761 0.02265839341521879921 -0.006330816269346944448 0.9997232206832074031 0.005757018000734789864
0.2080199104193287685 0.978122953116124072 0.001790378878126273323 49.40279270075775031 -0.9778687851233860417 0.2079232993843114219 0.02324953019859407957 -24.775968830531923 0.02236863765292335104 -0.006587120807666929992 0.9997280899769783735 0.01744382883425651953
0.2083781860746138914 0.9780472691762541748 0.001439036179395639277 49.57276276450852492 -0.9777823568050163505 0.2082869830618868656 0.02362615939599983089 -25.61283871441152371 0.02280776817405730933 -0.006330240425865297019 0.9997198276352575741 0.02421945811622384231
0.2092502810213900943 0.977861927726821234 0.000608436401569887003 49.74527604660424629 -0.9775978253321758737 0.2091792201505833226 0.02337831822425811418 -26.46136859814053111 0.02273349507379249582 -0.005486725761261156999 0.9997265046212141515 0.03711670246143310148
0.2108461074248386691 0.9775189131338430926 -0.0008327361067745781562 49.91877389133267684 -0.9772763994171627111 0.210812634012145117 0.02211046094245066457 -27.31871228550911468 0.02178894504145883343 -0.003848091278991326233 0.9997551870670583485 0.04554854847584267202
0.2122193247020687235 0.9772202464246851905 -0.001883666816561795814 50.09512888528627883 -0.9770292431374106856 0.2122153466037732805 0.01945519776766673967 -28.18151635086561413 0.01941175616312296182 -0.002288371368091007742 0.9998089552905320421 0.0559755511916936524
0.2138461611856007361 0.9768670633872454934 0.0007482081003694040751 50.2772197445678799 -0.9767180180583339144 0.2138000162661234382 0.01764840629648156342 -29.04732124789050829 0.01708017992827949236 -0.004504832270434364419 0.9998439747979845915 0.06664386547761956547
0.2147917874374972724 0.9766529981334650667 0.003661869238358618755 50.46549858363233909 -0.9765239426444047854 0.2146978352273836155 0.01748796703171853761 -29.91307164463506041 0.01629348003442575993 -0.007332174683481068947 0.9998403681202208126 0.07662679583018994212
0.2154395452963354662 0.9764998241612274921 0.00582200443149741894 50.65309787335264957 -0.9763623498536202483 0.2152953941425774786 0.01909070583581133629 -30.78079229541964068 0.01738862015300441169 -0.009797278912248304217 0.9998008047681749 0.08782843037000447051
0.215740906400957444 0.9764166455572917958 0.0081483485406358587 50.84175336848149129 -0.9762683207518177975 0.2155318585310417312 0.02112306451680827021 -31.6508511510763455 0.0188686830944702344 -0.01251208363148921532 0.9997436774301096118 0.09685157419032525139
0.2160912129109175961 0.9763261971507805059 0.009578332829045946642 51.03026374165742141 -0.9762134784599010295 0.2158680443253835346 0.02020474974739335308 -32.52617072390405184 0.01765877050955197425 -0.01371656648836539621 0.9997499805590701616 0.1026620500755083543
0.2168931229942618888 0.9761368764371817219 0.01068511381586075525 51.21957759266797439 -0.9760719168170584048 0.2166786443344080881 0.01827507292670096928 -33.40466096221094716 0.01552373662715202975 -0.01439317716367569805 0.9997758999157090321 0.1122789443054433567
0.2167734789311811516 0.9761581037155810936 0.01116312601710500556 51.40824786816677516 -0.9761054619202447213 0.2165568126291828044 0.01792412099253267929 -34.28505726749810378 0.01507932496959716977 -0.01478186234173490578 0.9997770303943631642 0.1186864722886056545
0.2167535375460797331 0.9761684173387906727 0.01063602141503252121 51.5972485503788505 -0.976078412165373277 0.2165181529923583259 0.01976923694788853061 -35.16716391689651999 0.01699521303144587575 -0.01466664293758335527 0.9997479944060688739 0.1311748573246195315
0.2173012208537810075 0.9760389916054896808 0.01131663736254233041 51.78845178619511103 -0.975907102507242219 0.2170094469052098463 0.0226324375579417536 -36.0541022072913222 0.01963432431675553314 -0.01596204309084159334 0.999679801981109617 0.1405280211639637067
0.2167112367852573884 0.9761654597854866333 0.01171473315076897344 51.98121898199636348 -0.9759994736148568384 0.2163791896137453596 0.02459824801934496971 -36.95055886424566438 0.02147713562201664789 -0.01676429013971178841 0.9996287767074260033 0.1483400509265632161
0.2166401307108908325 0.9761719543817017897 0.01246471997990148371 52.17317438748732172 -0.9759787320732061788 0.2162601203755111223 0.02640217559116214002 -37.8546529084070329 0.02307744150345306458 -0.01788507237275306985 0.9995736870685802966 0.1573403851347815463
0.2168687297019713522 0.9761276866085460968 0.01194543903342135636 52.36475950168204463 -0.9759289133902322444 0.216503331059643811 0.02625002188644508933 -38.77016341290382684 0.0230371457957337343 -0.01735070823701846329 0.9995840349051499096 0.1693925371516369904
0.2160809210284810877 0.9763065441063305538 0.0116003233850295092 52.5611645067913571 -0.9761385877853873128 0.2157515606336639635 0.02459108619984929842 -39.69711032025800534 0.02150565050942043407 -0.01663718784207071644 0.9996302871446394178 0.1789852202992348318
0.2162864391141342546 0.9762437894854234521 0.01297072652044426247 52.76095201257683698 -0.9761203117229984016 0.2159456183242278726 0.02359294318993371969 -40.63390226906021496 0.02023149270628341392 -0.01776382328518264289 0.9996375009397998612 0.1889523230815509658
0.2171012168649211205 0.9760473865953355199 0.01409115879501088298 52.96317088382537008 -0.9759157078781365291 0.2167110459043362081 0.02499707382403995246 -41.57646449142696099 0.02134461881801397176 -0.01917867835551761296 0.9995882079856931446 0.2057470321408305658
0.217242781796651796 0.975994203926156545 0.01552055604030842285 53.16838079603076039 -0.9758116669252074882 0.216749177386710179 0.02848481691765617982 -42.52838204450599591 0.02443694845720897207 -0.02133326052745941614 0.9994737252901485514 0.213625753414367181
0.216840916238314585 0.9760602681595609287 0.01692246924104769817 53.37735148120206929 -0.9758433393391227062 0.2162544848004310793 0.03104472372513535083 -43.48971369677619236 0.02664196149682118014 -0.02324544523097126641 0.9993747321018356944 0.2235893259588880855
0.2171237355831134863 0.9759618181999375475 0.01886300247326593016 53.58983859436771979 -0.9758055258505818896 0.2164989945024449192 0.03052476206131183104 -44.46644750223207154 0.02570718121271915735 -0.02503427241408381215 0.9993560056550387927 0.238850490632976975
0.2169274371020724068 0.9759433623238432665 0.0218412583968540415 53.80154694501885615 -0.9759188934106809432 0.2162883487036804109 0.0283136662957532044 -45.45709872423908848 0.02290852497212670161 -0.02745730778985560824 0.9993604433499129192 0.252905877537897783
0.2169273743374864338 0.9759202854347170941 0.02284974266954551553 54.01374292547588141 -0.9759820403589158921 0.2163417379127359208 0.025599010405571717 -46.45909185792305607 0.02003924050186356443 -0.02785406458521787892 0.9994111165712491474 0.2636762132734910002
0.2168262025178537833 0.9759388937315491841 0.02301463890064425755 54.22801454214976502 -0.9760466326212092758 0.2162980304934384312 0.02341223939434667473 -47.47099046230749764 0.01787089394756985472 -0.02753974776028200039 0.999460951434729572 0.2702034064291498616
0.2157532662590833095 0.976183703657230839 0.02271353809050914024 54.44187605320003343 -0.976312667375331511 0.2152778664393173447 0.02165677131524738203 -48.48988261314704573 0.01625126521236289201 -0.02684803410656681419 0.9995074184034904441 0.2797765376437675866
0.2142901621159354342 0.9765352157144616685 0.0214172568233208932 54.65384769683635113 -0.9766501138036822738 0.2138687413675984805 0.02036459361475363716 -49.51266010063061884 0.01530626105817053939 -0.0252810983809897416 0.9995631968200259232 0.288323758534139718
0.2129549262467730353 0.9768420975301632669 0.02072958948225363598 54.86202597205036113 -0.9769465042423622902 0.2125555788962905091 0.01989104644534867017 -50.53362446315460943 0.01502422163906141049 -0.02448759630780729044 0.999587230006069194 0.3005228912657693652
0.2115969502090695453 0.977148935399111962 0.02016652450479400338 55.07184395020096446 -0.9772343611810723196 0.2111984724832027815 0.0202041715440945055 -51.55306680908095984 0.01548334554422541032 -0.02398256177191607219 0.9995924683297761071 0.3103657659604324159
0.2103736059244153411 0.9773963304182825551 0.02096089729077997219 55.27611542627941787 -0.9774861175222417931 0.2099399787019086139 0.02112097047809781761 -52.57131760206517868 0.01624302870936643675 -0.02493228083264755271 0.9995571746482683206 0.32368763290564595
