1 0 0 0 0 1 0 0 0 0 1 0
0.9999999651282907021 0.0002487554335584109331 -8.868005257332409652e-05 0.8356574955460083221 -0.000248772007490486878 0.9999999515841170306 -0.0001869338166109074423 0.3895807011038646128 8.863354747720327811e-05 0.0001869558712069087402 0.9999999785957980336 -0.1007226337146070877
0.999999856216062244 0.0005362526727421168711 -9.622425759705752861e-07 0.8371199313752081261 -0.0005362528990906139997 0.9999998241924861198 -0.0002530767177684088102 0.3891785649832668614 8.265293404889886975e-07 0.0002530771973854127458 0.9999999679756239601 -0.09525209518965373212
0.999999985166982519 0.0001646742960238291092 5.048178786552638648e-05 0.8377548359560931246 -0.0001646642314083034836 0.9999999665804902849 -0.0001993105847516481047 0.3888266340904158458 -5.051460750868385936e-05 0.0001993022692504717145 0.9999999788634397202 -0.09730510968573273523
0.9999999246860284963 0.0001829756651560480952 0.0003422686711702422236 0.8387676630579241621 -0.0001830234100878724997 0.9999999735253644051 0.0001394693579619118507 0.3887070026454161331 -0.0003422431426102619202 -0.0001395319906372844191 0.9999999317002251642 -0.09652598421832195297
0.9999999698195112252 0.0002373680391763315664 -6.338288907274035279e-05 0.8386877299933622743 -0.0002373756083095304975 0.9999999646936461595 -0.0001194383815220558003 0.3877917318534462865 6.335453598049736095e-05 0.0001194534234691971232 0.9999999908585411879 -0.09581630758794776326
0.9999999915084153423 0.0001274305461204682292 2.728782165884384669e-05 0.8386553031264467606 -0.0001274275187014187833 0.9999999857298258465 -0.0001109169758130691084 0.3883608355870007411 -2.730195548024377179e-05 0.0001109134976518034603 0.9999999934763995624 -0.09874742364471862655
0.9999998368715374841 0.0005422027068567477053 -0.0001796472184673080018 0.8392041903762734734 -0.0005422564763596973139 0.9999998081609519085 -0.0002993926741220229561 0.3882142631507414787 0.0001794848524856345652 0.0002994900401502302752 0.999999939045449926 -0.09811379496669628275
0.9999999949605800076 0.0001000704645717781375 -8.046245852780008954e-06 0.8405680528214156677 -0.0001000697869164723122 0.999999991450185588 8.417640077093579455e-05 0.3887280721343776557 8.054669355517227167e-06 -8.417559516062759497e-05 0.9999999964247957562 -0.09781833079589935531
0.9999999942849046031 6.783299815612037664e-05 8.263700876620443895e-05 0.8425078638633494155 -6.783430108900214762e-05 0.999999997574998134 1.576424070601548699e-05 0.3884018839289791192 -8.263593923009880345e-05 -1.576984623965508925e-05 0.9999999964613067727 -0.0945742082188112676
0.9999999753820199011 0.0001909649035838282942 0.0001129971910780995802 0.8434828500034676768 -0.0001909641798542974537 0.9999999817457608797 -6.415599868431957984e-06 0.3885866260995443633 -0.0001129984141698321426 6.394021294572779408e-06 0.9999999935952373908 -0.09459551590079248728
0.9999999290783243566 0.0003356282389200636708 0.0001708713887245792294 0.8450849378190358197 -0.0003356550786332406769 0.999999931332168468 0.0001570710873253296398 0.3887942781283288407 -0.0001708186594987872494 -0.0001571284300350034335 0.9999999730658206687 -0.09324825620880014543
0.9999998373094726167 0.0005701418587921140571 1.786866346757727355e-05 0.8454020376818516258 -0.0005701398256918116872 0.9999998310201220209 -0.0001135795160791814288 0.3890948542946937594 -1.793341688455079498e-05 0.0001135693099641952984 0.9999999933902021798 -0.09563361600455558276
0.9999999938115825548 0.0001107956967596179234 -1.005726081108502313e-05 0.8465187008164303251 -0.0001107972039195243496 0.9999999826148033844 -0.000149981240457026997 0.388585447546705931 1.004064336020025871e-05 0.0001499823538452574312 0.9999999887022394951 -0.09490175861545417646
0.9999998920249204559 0.0004357322492028721864 0.0001615164212858037174 0.8469983373897825851 -0.0004357188800876243915 0.999999901646733802 -8.279843146680435811e-05 0.3883104370731248478 -0.0001615524833469096438 8.272804677243873045e-05 0.9999999835284325567 -0.0915494022452685019
0.9999999953313490897 -4.59293101663452852e-05 8.501647049285484094e-05 0.8482772462337035968 4.594165446554206931e-05 0.9999999884027763741 -0.0001452026565223631766 0.3875902343789112692 -8.50098004490514275e-05 0.0001452065616417739331 0.9999999858441940281 -0.08977889680816059093
0.9999999009745172973 0.0004271520486604722775 0.000124868262080488914 0.8489139494413060483 -0.000427134735403901099 0.9999998991665999259 -0.0001386459802722880775 0.3880620786942524658 -0.000124927472404109339 0.0001385926309707188604 0.999999982592604475 -0.09237444401659905546
0.9999997746691019485 0.0006590547371846184254 0.0001277051243200680048 0.8500364398649261632 -0.0006590400903325311201 0.999999776254905326 -0.0001147009095849861436 0.3866099081217605482 -0.0001277806899244942165 0.0001146167209426593464 0.9999999852675511836 -0.09127445899732265777
0.9999996433986270139 0.0008354051809284084333 0.0001236964126156756113 0.8509236114459801659 -0.0008354058807505507266 0.9999996510327325838 5.606018046042068541e-06 0.3856418880610060218 -0.0001236916861531564744 -5.709352757455218763e-06 0.9999999923338850349 -0.09329529735839726945
0.9999999155605738821 0.000347952958097744213 0.0002186494546199180863 0.8513174528127831486 -0.000347956481377408814 0.9999999393339229492 1.607599418023736952e-05 0.3822424870942031094 -0.000218643847665584047 -1.615207331767428269e-05 0.9999999759669888633 -0.09173012337971467312
0.9999999506812499162 0.0002852196717331191827 0.0001314809358263831912 0.8510988510383191707 -0.000285211797387635471 0.9999999575328399892 -5.990449683172062906e-05 0.381102216705475394 -0.0001314980161836829409 5.986699396327647136e-05 0.9999999895621073387 -0.09160237322277482719
0.9999996608538098686 0.0008090416748371836737 0.0001540903423965858936 0.8513765818519319906 -0.0008090477720456751331 0.9999996719402446388 3.951082813632116861e-05 0.3800278908864428429 -0.000154058325939176251 -3.963548118458404929e-05 0.9999999873475303724 -0.09218915694410773076
0.9999998456099296051 0.0005016650799475587614 0.0002389817240381131639 0.8529967088302106148 -0.0005016585304075809075 0.999999873792183358 -2.746518398309939771e-05 0.3811855269320442163 -0.0002389954722004701971 2.734529252227248068e-05 0.9999999710666992447 -0.08713449818102608768
0.9999993217367882936 0.001163260419448650454 5.788920437057254264e-05 0.8540339823027121025 -0.001163254340283583713 0.9999993179135610033 -0.0001049368979999999214 0.3812960075756982592 -5.801123382511439233e-05 0.0001048694869569228119 0.9999999928185436815 -0.09217916025950914638
0.9999999827769776584 0.0001355150076416730264 -0.0001268137494179727811 0.8543838033224508965 -0.0001355387547323848134 0.9999999732796456264 -0.0001872697356778598842 0.3797244778182269909 0.0001267883681698030141 0.0001872869206301881002 0.9999999744241592214 -0.0973047196614961335
0.9999999997855423262 -4.665905772712487539e-06 -2.017782809996046731e-05 0.8551988914543620091 4.664302657981741011e-06 0.9999999968330791633 -7.944863770997246386e-05 0.382008292044097808 2.017819873591620458e-05 7.944854357743686237e-05 0.9999999966403846363 -0.09745813733917468857
0.9999999917641763103 7.470858044920845019e-05 -0.0001043564820495318442 0.8556080109895003449 -7.472457835874635028e-05 0.9999999854568921709 -0.0001533050971072985038 0.3822070037383836216 0.0001043450273256837533 0.000153312893838824908 0.9999999828036357785 -0.09833319337158245854
0.9999998885272790572 -0.0004704931805922763725 -3.976928969213194148e-05 0.8570772022138408719 0.0004704865470721726053 0.9999998754358907505 -0.0001666451678352238964 0.3824640252654524231 3.984769015335092474e-05 0.0001666264383430468511 0.9999999853238956682 -0.09710325373044675912
0.9999999939553820827 1.153595792486703691e-05 0.0001093442156094029464 0.8591927117050173202 -1.152823284103295893e-05 0.9999999974378677159 -7.064958962973065472e-05 0.382773747846984147 -0.0001093450303399419752 7.064832865710351769e-05 0.9999999915262389738 -0.09328726426535420557
0.999999990941431105 0.0001207947435532300505 5.937817387892393382e-05 0.8607684059103278829 -0.0001207852571427431233 0.9999999799469923012 -0.0001597402161592596933 0.3839096268893116282 -5.939746846665905415e-05 0.0001597330427042413037 0.9999999854786477682 -0.09175258754077514345
0.9999999925634786013 9.33443291476439746e-05 -7.848489694882428505e-05 0.8622739131803578427 -9.336623320742156796e-05 0.9999999566848805088 -0.0002791289729622411717 0.3836809136092459438 7.845883844251475751e-05 0.0002791362987256843582 0.999999957963567776 -0.09374150321512847439
0.9999998841811990058 -0.0004642790146304309859 -0.0001268171327777471735 0.8616192104447910616 0.0004642310138244148737 0.9999998207000420081 -0.0003782716612254447973 0.3832276084190079368 0.0001269927336335769633 0.0003782127449683548573 0.9999999204139794484 -0.09240525067465665821
0.9999999677225918093 -0.000188419508851601019 0.0001704491244128559201 0.8618712366459729823 0.0001884184565238786343 0.9999999822300851271 6.189889134360036003e-06 0.3824748338665788228 -0.0001704502876798600459 -6.157773173628740412e-06 0.9999999854543905053 -0.09508878938130438385
0.9999996973869407224 0.0003920266811676519775 0.0006719680857215612523 0.863314542237506144 -0.0003923281748586463901 0.9999998224185056017 0.0004485995547324572816 0.3829039923774352205 -0.0006717921033978492508 -0.0004488630509930080221 0.9999996736086124161 -0.09276746690129167305
0.9999999404701331862 0.0001159161027054430199 0.0003249972110559563952 0.8647334440737669548 -0.0001159744457963776752 0.999999977163825382 0.0001795056452396934319 0.3825741955278167961 -0.0003249763960394534972 -0.0001795433259251838401 0.9999999310772657024 -0.0942328760846619512
0.999999483462693628 -0.0009835649442551106566 0.0002562700653337496521 0.864802397552536517 0.0009835048834205175738 0.9999994888905187063 0.0002343861040096697481 0.3832915785509322104 -0.0002565004683070139365 -0.0002341339400797727099 0.9999999396944021512 -0.09804497804910183856
0.9999999665924677039 -0.0001828397592309292268 0.0001827147667924068587 0.8665956591991222924 0.0001828363322797361924 0.9999999831092385438 1.87722703598192549e-05 0.3828699509646670829 -0.0001827181960236081337 -1.873886283487035423e-05 0.9999999831314577703 -0.09914382283089226422
0.9999999841114696197 4.994793705191127934e-05 0.0001711206125843560183 0.8675091851269858267 -4.993563695714957692e-05 0.9999999961696189876 -7.188319782279390172e-05 0.3846855437554334012 -0.0001711242023463388051 7.187465166388963566e-05 0.9999999827752708015 -0.0973857096244151732
0.9999999797768391874 -0.0001852153116821635527 -7.836842150108012505e-05 0.8680357111450731633 0.0001852049322319962801 0.9999999740806041482 -0.000132430827731576129 0.3840472387802534859 7.839294768685262159e-05 0.0001324163108352129569 0.9999999881602331664 -0.09938914865592889114
0.9999999823903963359 0.0001646699439689142846 -9.001675718345611237e-05 0.8700295455812445677 -0.0001646840545905369358 0.9999999741510752216 -0.0001567705678838916903 0.384622560972245342 8.99909394559903202e-05 0.0001567853894477781956 0.9999999836599861025 -0.09775011490615882759
0.9999999848315894724 0.0001383703826909231588 0.0001057849614335658464 0.8710564987136037995 -0.0001383684315004102597 0.9999999902568509347 -1.845197230637842957e-05 0.3846186135933719052 -0.0001057875136093566325 1.843733472730144541e-05 0.9999999942345333404 -0.0946199249569567441
0.9999998540185760509 -0.000453361879505026369 0.0002939827084055643305 0.8719385576971727669 0.0004533347330577379452 0.9999998929748920018 9.240034824324779277e-05 0.3849318335204424679 -0.0002940245677375797023 -9.226706218187475078e-05 0.9999999525181703097 -0.09220525404081977849
0.9999999478567284106 0.0002831772486475480429 0.0001552326844918512682 0.8722803642061238705 -0.0002831803116158556331 0.9999999597102158244 1.970984087473513777e-05 0.3842561196783026434 -0.0001552270968590497213 -1.975379868696692048e-05 0.9999999877571678075 -0.09376625530472865178
0.99999999894026248 4.482833788554992088e-05 1.048308483179680409e-05 0.8717868403644006836 -4.482737894422595651e-05 0.9999999948130195992 -9.145745941149632829e-05 0.3829237165364355322 -1.04871846633139012e-05 9.145698938535916258e-05 0.9999999957628190606 -0.08748072469825415864
0.999999637084968529 0.0008393614693751189071 -0.0001459529207298075832 0.8704029299577236145 -0.000839398629368306266 0.9999996152617165457 -0.0002547280116928013136 0.3820840920318397393 0.0001457390556979459113 0.0002548504319297898281 0.9999999569056915449 -0.09000813929661143076
0.9999999196757597408 0.0003585994973315094979 -0.0001790387513255626531 0.8698626086102237975 -0.0003586456259660569757 0.9999999024870330766 -0.0002576804986041363174 0.3822211842677647464 0.0001789463297696912403 0.000257744689371187431 0.9999999507729419035 -0.09433661858979391912
0.9999999313563755488 -0.0003292116411829319874 -0.000170020409057014283 0.8682115299825106103 0.0003291882443889639878 0.999999936347731988 -0.0001376213344289911621 0.3809218430593233062 0.0001700657047801988067 0.000137565356262196205 0.9999999760767140922 -0.09575478409899347565
0.999999957105415116 7.56896896460290588e-05 -0.0002829491806792640892 0.8684715261733469971 -7.578883294827673143e-05 0.99999993573853585 -0.0003503983118431420497 0.3804336790184292827 0.0002829226409570595761 0.0003504197412011392362 0.9999998985803869589 -0.08982235082622144762
0.9999998700922280159 0.0004986202710748194582 -0.0001057986408973932672 0.8680680456072487061 -0.0004986313834146771 0.9999998701674451818 -0.0001050325487645817292 0.3809732126398879259 0.0001057462558033487454 0.0001050852896427113868 0.9999999888874055998 -0.09229320505653015871
0.9999997870795500621 0.0005741207587941196721 -0.0003102034957674941126 0.8678533346756454048 -0.0005741878643041808342 0.9999998117652549867 -0.0002162816477337619161 0.3828693220925045715 0.0003100792655927080339 0.0002164597167657105956 0.999999928498017443 -0.0938073412897997283
0.9999997105922927565 0.0007389052860778236352 -0.000181202397819527853 0.8668499195209908859 -0.0007389404361076185469 0.999999708167029544 -0.0001939919785004782821 0.3815820159857883365 0.0001810590032403231462 0.0001941258201365730636 0.9999999647664010727 -0.09107375321457519823
0.9999996010926592849 0.000892982521802333719 -1.991828568012977486e-05 0.8670149288609452221 -0.0008929844779405268773 0.9999995964463833653 -9.841642436191728408e-05 0.380226851483720929 1.98303934952200792e-05 9.843417182282270688e-05 0.9999999949587345949 -0.08820962307221069665
0.9999999906918023429 -2.588825364552255776e-05 -0.0001339634039486728965 0.8682262015705295433 2.584783648068842801e-05 0.9999999541557156313 -0.0003016959662948200832 0.3809430255636603868 0.0001339712081889157683 0.0003016925008224147328 0.999999945516673705 -0.08810789831007348472
0.9999999959590882836 -4.659631254564003146e-06 -8.977812218741806785e-05 0.8685695730075295717 4.639228311751368496e-06 0.9999999741660260399 -0.0002272584977881513413 0.3822818712076712089 8.977917880889155753e-05 0.0002272580803686135773 0.9999999701467315871 -0.09008180088906450611
0.9999999040031526398 -0.0003725419778883972614 -0.0002306646055291549204 0.8689102175751322044 0.000372479951655808677 0.9999998944792688471 -0.0002688868474011573556 0.3801316688639923003 0.0002307647528272161223 0.0002688009036477514904 0.9999999372468495462 -0.09050143361450940782
0.999999950062266052 0.0002776905400531569043 -0.0001508755424735642732 0.8722677718271207858 -0.0002776971731823038732 0.9999999604765544836 -4.394507391786757494e-05 0.3805055763110449241 0.0001508633333791340814 4.398696943499742182e-05 0.9999999876527004838 -0.08861775698064103257
0.9999999616172896566 0.0002618432255383349632 -9.057342083561386291e-05 0.8726434298315124405 -0.0002618486084110346781 0.9999999639520293915 -5.94242892412195228e-05 0.3819990680464270816 9.055785772305560602e-05 5.944800348455907415e-05 0.9999999941326046526 -0.08962483194105537454
0.9999999826335066455 -8.390950302499556245e-07 -0.0001863659904049071972 0.8740133667550356034 7.871312270320502829e-07 0.9999999611275697253 -0.0002788265399553461446 0.3801803192754561467 0.0001863662171223722029 0.000278826388418616203 0.9999999437617375087 -0.09065632564806180849
0.9999999733877427133 0.0001569950280898074139 -0.0001690475524602043161 0.8747808183712746377 -0.0001570399831225719703 0.9999999523042913951 -0.0002659508576783756813 0.3766857552074472926 0.0001690057914349897951 0.0002659773978256083169 0.9999999503465318851 -0.08941251745797536288
0.9999999221063718968 -0.0003453543736100658183 -0.0001910958049934522807 0.8757608174822379965 0.0003453765361961266107 0.9999999336346869772 0.000115955465276851847 0.3755369527739330637 0.0001910557465842419988 -0.0001160214562518702071 0.9999999750183613534 -0.09506321808657020034
0.9999995586028876948 0.0009254103200675068861 -0.0001625108285433262204 0.876855048194169262 -0.0009253978026290584887 0.9999995688484223377 7.708356642488070696e-05 0.3741098301434240825 0.0001625820924044033119 -7.693314523677965121e-05 0.9999999838241770966 -0.09363339766282988141
0.9999997996350203922 -0.0005423013264850117931 -0.0003265565654380808334 0.8776879409760137696 0.0005423463881487026062 0.9999998434195479513 0.0001379176382328909224 0.3771695415466631562 0.0003264817213875468053 -0.0001380947173728177342 0.9999999371697653183 -0.09878538423471991403
0.9999998568405776833 0.0004744175127677329319 -0.0002474810048252112731 0.878234355054085869 -0.0004744502440071324918 0.9999998787079873441 -0.0001322156440035641067 0.3769581561897882294 0.000247418249390764938 0.0001323330424987753271 0.999999960636087093 -0.09790502536023197588
0.9999996930782718563 -0.000780912790560453398 -6.339223569146633581e-05 0.879344590090527789 0.0007809178032293754863 0.9999996919562158526 7.908766044930102624e-05 0.378047547885460411 6.333045559826179971e-05 -7.913714030101758729e-05 0.9999999948632831703 -0.09477668150589174667
0.9999997342934556777 -0.0007112853037362773176 -0.0001596440873462043439 0.8795344086838532416 0.0007112692593045269029 0.9999997419942894261 -0.0001005355428058951741 0.3789619230265892647 0.0001597155556112191132 0.0001004219661611844292 0.9999999822031848673 -0.09322716530159486092
0.9999999320579995299 -0.0001449378416384948303 -0.0003389351240978300006 0.8799989832008705548 0.000145000562024333974 0.9999999723686181508 0.000185034051016939985 0.3797806704083036555 0.0003389082962966001719 -0.0001850831842288403839 0.9999999254426880091 -0.09100960182891695838
0.9999992170464145902 -0.0006826196460963131468 -0.001048778802511681017 0.8831921133547262492 0.00068354969819761711 0.9999993732675459546 0.0008866929149176972814 0.3781547266047166067 0.001048172871204191029 -0.0008874091131122332577 0.9999990569189043388 -0.08932939269425950457
0.9999977087894236227 -2.130681820186996396e-05 -0.002140551779957120676 0.8921903645128206328 2.440155185356878857e-05 0.999998954607041135 0.001445748729640566671 0.379235426148177901 0.002140518737934013482 -0.001445797649911040534 0.9999966639187792827 -0.08637538476047065816
0.9999982161707535733 -0.0004134890068699583897 -0.001843008993984049295 0.9058792154044245093 0.00041510043937281315 0.9999995318622977303 0.0008740519496121121812 0.3758119230389000975 0.001842646720329455673 -0.0008748154242958523915 0.9999979196733548292 -0.08415352101966146192
0.9999978369680737611 0.001478499577523945422 -0.001462907438313711117 0.924213664631991505 -0.001476508463326834872 0.9999979835108553372 0.001361211585610001872 0.377887037573283513 0.001464917039130987338 -0.001359048646052149782 0.9999980035004301104 -0.08459922212268625175
0.9999968516644403005 0.002342583391283104954 -0.0008994244060636220851 0.9463433701327381709 -0.002341721158941649939 0.9999967987967794958 0.0009585083239258793434 0.3772834793331374392 0.0009016669125033521456 -0.0009563991050574911649 0.9999991361483921981 -0.08300444406265843067
0.9999948276676901004 0.003141735005745486219 -0.0006885775341123668604 0.9722426157703610849 -0.003141270932866433233 0.9999948390522630515 0.0006740072439672000794 0.3773764216823058959 0.0006906915325521981999 -0.0006718407491848229487 0.9999995357874995605 -0.08363127820606297558
0.9999884812367932918 0.004795389821669326057 -0.0002040347759039119128 1.004758370889430985 -0.004795387840828374722 0.9999885020096422883 1.019645809882022007e-05 0.3757646181317257916 0.0002040813259054100807 -9.217914764758070834e-06 0.9999999791329210463 -0.08787413881351346934
0.9999789937842156196 0.006473393638507197664 0.0003273608231025878883 1.044767416623753054 -0.006473306644264492302 0.9999790125232594917 -0.0002661091808929211353 0.3710130959335868894 -0.0003290765821036678715 0.0002639844839547832427 0.9999999110103937605 -0.09517654067562958398
0.9999586061137170079 0.009074648488987291026 0.0006609189915986571654 1.086291361592786942 -0.009073826662098849818 0.9999580680805292277 -0.001236021990837776318 0.3622625729413602169 -0.000672107743088235822 0.001229973762716588979 0.9999990177173798678 -0.0956980669524960248
0.9999320521171108922 0.01163876631126531912 0.0006559478754339803392 1.131971259567811749 -0.01163802200460270671 0.9999316404572550221 -0.001127322617212151443 0.3577648160469940053 -0.0006690236796362873878 0.00111961208221880563 0.9999991494376889722 -0.09807095565874029974
0.9998867742073339615 0.0150462849174099033 0.0002192611137377039883 1.189381367177701598 -0.01504611720512160147 0.9998865213901445559 -0.00074746194930831668 0.3534898341350531936 -0.0002304827577455372217 0.000744078288920795505 0.9999996966125531683 -0.1033135341255471684
0.9998124555876930497 0.01935667340544625428 -0.0006106114821294782126 1.255565196955506391 -0.01935709304419132651 0.9998123965254552825 -0.0006889868679680770163 0.348315433681822384 0.0005971604355099344391 0.0007006773156042686579 0.9999995762252670284 -0.09688797735690110602
0.9996873908206638237 0.02493480332101586164 -0.00183744864296240336 1.338111345564840793 -0.02493547778370314508 0.9996890030772519475 -0.0003450711646067671987 0.3434166857073547297 0.001828272920467510949 0.0003907809520084714271 0.9999982523526608214 -0.08622929154845265787
0.9994894584172500096 0.03186312444564774055 -0.002358773696945279039 1.439811591211141995 -0.03186146915582829114 0.9994920234865992681 0.0007360501990098340316 0.3363728424006224849 0.002381028354396097849 -0.000660520419385447104 0.9999969472037157914 -0.08577032912958773569
0.9992103066615108942 0.03972282665191747414 -0.0009274180239440104603 1.557018515514678292 -0.03972150171069373931 0.9992098007542297156 0.001405837309165300841 0.3251741732145948527 0.0009825290106537474134 -0.001367888692182633306 0.9999985817576287905 -0.08951120875110493702
0.9988674444413913056 0.0475363093513398588 0.002031681170285870933 1.692072622293525619 -0.04754113312092809324 0.998866407788055799 0.002395841013842733066 0.312735199994494506 -0.001915488632743425276 -0.00248971601576080618 0.9999950660965576388 -0.09318922615571367807
0.9984141774239376765 0.05615030593326441472 0.004034037987275499067 1.843697530902305592 -0.05616199023439753107 0.9984176195104158547 0.002843924061195978251 0.2975285696035965266 -0.003867967398183066747 -0.003065973704261682007 0.9999878192425402101 -0.09663180152907346887
0.9977760011337634127 0.06642802169581310534 0.005510852483663905045 2.011400909834883066 -0.06644233849297279115 0.997787242112261441 0.002456650889424908182 0.2762893133310276306 -0.005335467842780758363 -0.002817341226736525071 0.9999817975199902786 -0.09955626143764578773
0.9969427792439465863 0.07777856230149630956 0.007455880878060513854 2.194778040775365646 -0.07780001661218774456 0.9969655120974034723 0.002631559139621642701 0.2510897939725533212 -0.007228577211241704603 -0.003203581538570810395 0.9999687418798783867 -0.09632866458805383614
0.9958859323877263803 0.08989614363308259803 0.01139706243420415821 2.395368237876785322 -0.08995724914982204667 0.9959332455118141691 0.004966267179822715649 0.2226236006961527236 -0.01090426511168011633 -0.005971084005834089922 0.9999227185928767359 -0.09765128341707704496
0.9944635349900521337 0.1039642800789931376 0.01528744722790468906 2.609640017385506994 -0.1040982204768276381 0.9945328751997510874 0.008241397968434191479 0.1967890251645461885 -0.01434705783939977698 -0.009787165809007189812 0.9998491752843425839 -0.1046306634936095825
0.9927882704031457672 0.1182291349737326497 0.01983234210306928855 2.837482509454886337 -0.1184397211980841441 0.9929128943493152892 0.00979880999843864807 0.1596037963813288774 -0.01853328336939695162 -0.01207708069975150893 0.9997553008258177609 -0.112755805577813395
0.9907968932572406295 0.1328502254036075247 0.02592940265433674521 3.076904135475704738 -0.1331136931113474364 0.9910625321340328364 0.008706440509023258625 0.1096212196240042014 -0.02454100686724304883 -0.01207787275515917122 0.9996258619962030689 -0.1183901423078751874
0.9882140928198253071 0.1500180064795084423 0.03045495828603031127 3.321728404555273961 -0.1502941485489214801 0.9886167045127042252 0.006977139126827283308 0.05373123769553750373 -0.02906158399407035575 -0.01147210923738717879 0.9995117883473916276 -0.134527420308856116
0.985292350040426923 0.167360403420785453 0.03448884339383850861 3.57071723236752181 -0.1676853318112170865 0.9858175706291429918 0.006734013232589998108 -0.00596527043270189683 -0.03287270063707567469 -0.01241824487142284376 0.9993823956560063948 -0.1443597716208054327
0.9821900225939760309 0.1838875478342685832 0.03857627857044254593 3.821614812407016171 -0.1843809042857718627 0.9828078179335532072 0.009616399713445907688 -0.06371755626033447084 -0.03614473200351379922 -0.01655786097862017858 0.9992093852582685232 -0.1597612863010560436
0.9786675175675951799 0.2010830891275037224 0.04213646075575478572 4.073592161245450427 -0.2017039022095475365 0.9793848191016669702 0.01099599684596141123 -0.1293647347503615874 -0.0390567009810371818 -0.01926051349615335792 0.9990513533989843209 -0.1770223348297922938
0.9748985989797940288 0.2179842764874660166 0.04533847054622338474 4.328229474743449323 -0.2186156518295318263 0.9757656990352310267 0.009407303621961024889 -0.2047634111709276672 -0.04218908013199280244 -0.01908286641264400271 0.9989273876148824227 -0.184023077979761196
0.9702081784373072226 0.2373667565932146561 0.04850889977910998602 4.581315546555080331 -0.2378507944555872944 0.9712918350403750845 0.004378442730784910635 -0.2903729005874320368 -0.04607700153230583073 -0.01578588129685467092 0.9988131536385939091 -0.1869329811100710059
0.9654661749024863182 0.2553341157552067031 0.05176441297521362089 4.835717515549481149 -0.2557375210048974945 0.9667454926478917798 0.001213587761374885143 -0.3784382485341895586 -0.04973314256540982414 -0.01440978058443796381 0.9986585866821938717 -0.1980327514257476385
0.9601321904630871762 0.2743180316839814448 0.05381258523412775496 5.089190820193644882 -0.2748637424601020895 0.9614789010015902804 0.002871586599927882736 -0.4631122999966350573 -0.0509519373270612419 -0.01754823130119878907 0.9985469241156466058 -0.2090354081454889879
0.9545317318217885205 0.2928793889498026437 0.05559529183022123705 5.346031958656766392 -0.293720627436379611 0.9558624051526007914 0.007433399912881239607 -0.5528269451227862952 -0.0509643597396918363 -0.02342490009104767137 0.9984257148591715314 -0.219717913284974864
0.9486744090935051998 0.3107837423217971184 0.05856902798875568417 5.602246737962516931 -0.3120198554304292049 0.9499857645305741505 0.01306357556087245526 -0.6460292154350706362 -0.05157979593079915076 -0.03066777947161133597 0.9981978821626590337 -0.2384534774174290883
0.9423429495472444017 0.3291512293877303375 0.06040888702124377202 5.859122595984286974 -0.3306539224076925354 0.9436068765884414455 0.01655433633261918502 -0.7485859746354237565 -0.05155336104472030279 -0.03557429756933487563 0.9980364323597816778 -0.2595712719676548375
0.935091324468596663 0.3487002350476237633 0.06334319996098712602 6.118233762791664532 -0.3504513756072917818 0.9363947067472173647 0.01867582690939675535 -0.8606832247153852755 -0.05280197191888350711 -0.03966231528194975875 0.9978170436046643887 -0.2882237276796269509
0.9271042105746905015 0.3694814613579845974 0.06293832256620868204 6.372435899885334543 -0.3709325687639710156 0.9285721684440593204 0.01275764168095133537 -0.9917928795399060249 -0.05372906257177663403 -0.03517353698259233913 0.9979358747591411394 -0.2977340068010811969
0.919127919165029561 0.3895058077748370096 0.05906855272507202659 6.620268758537275033 -0.3904811131470545815 0.9205944766983057415 0.005505428957831345199 -1.136794767114117644 -0.05223378683189688898 -0.02812534768219402889 0.9982387471596940731 -0.3068472157114143783
0.9105492747786750884 0.4100599970521605075 0.05244823178726783219 6.862472021224471419 -0.4105333527412313721 0.9118435995769647029 -0.001901630239505991502 -1.28813941976373636 -0.04860436695475540969 -0.01980022040549690374 0.9986218337212646734 -0.3146332078136875876
0.9005735368289153886 0.432304319670356596 0.04561008614120793531 7.105348884979520108 -0.4323632902870914174 0.9016538309253703254 -0.009074931940460804342 -1.444778352004002286 -0.04504764117663197232 -0.01154748336018785251 0.9989180975697995457 -0.3225557775747821543
0.8896316092380257556 0.454759632826789828 0.04182434931716241117 7.350299015460588947 -0.4546673247893301406 0.8905771687652309643 -0.01224460056593046874 -1.604435226517769042 -0.04281616065779976499 -0.00812298130914311349 0.9990499454787917788 -0.3321242192094959744
0.8782001353610657812 0.4766368160280072264 0.03977270242879510365 7.594249441884889151 -0.4766110069161957341 0.8790487014965036039 -0.01073911000227761869 -1.761348760961445103 -0.04008079762349930214 -0.009525019894708674356 0.9991510414636365356 -0.3465257455525595498
0.8663340080278540967 0.4980279174880168358 0.03786264566750727895 7.838649711169519918 -0.4981928239676589598 0.8670480587203606149 -0.005619076114755319588 -1.921450149121587181 -0.03562719019966730655 -0.01399490163607273671 0.9992671544920674886 -0.3568745959536564483
0.8527653774784348384 0.521015865798929112 0.03651956406989060461 8.077799476661311928 -0.5214112607442721314 0.8533041101365161918 0.001546865604036992432 -2.081031828240352155 -0.03035635259926957458 -0.02036082537424789216 0.9993317410384542354 -0.3671082752651333436
0.8390915922904602642 0.5429880971167142523 0.03300342614077490105 8.312483383165972128 -0.543473492965722782 0.8393940168104294663 0.007365255358014706662 -2.252345668137571089 -0.02370363244518428406 -0.02411661113054558436 0.9994280999033805513 -0.3788898299804586145
0.824340660735736197 0.5654182644705482153 0.02765250912454702767 8.538208671140324668 -0.5657887255095279677 0.824516635799296127 0.00744549370525101218 -2.440500980007155984 -0.01859013566583143581 -0.02178310109520843751 0.9995898675769987474 -0.3921464132023917415
0.8106729332951430056 0.5850714903349525375 0.02237736400665324074 8.757854070372696142 -0.5852562874135323057 0.8108454259678586906 0.00218477228347563248 -2.644032278022885318 -0.0168663352740769934 -0.01486762873626219957 0.999747208223250361 -0.3974477901670558921
0.7968659607470635065 0.603891850311286893 0.01786823243272213715 8.974088011105617824 -0.6039229398209132738 0.7970315860023909904 -0.004211136732395440174 -2.854130071916774369 -0.01678461678815199379 -0.00743532394207539922 0.9998314820994342877 -0.3951742821300340824
0.7825115475963744238 0.6224730214816264207 0.01424834747827905153 9.189582657683473599 -0.6224478638914964224 0.7826327768133586327 -0.00667782856359517684 -3.059694505265692754 -0.01530799187484455093 -0.003643375487956447729 0.9998761879351930615 -0.3979903200114824346
0.7689386359331283893 0.6392197832564179283 0.01146485337533558087 9.404310566046236275 -0.6392009859763975177 0.7690185008718334325 -0.005713566630329316304 -3.264729137025429218 -0.01246890917847615424 -0.002934963450550866215 0.9999179527808483847 -0.3999617775819489518
0.7549163478742078048 0.655786095634614763 0.006775284833564407944 9.610059677113694576 -0.6557722941482320156 0.7549459179630292338 -0.004399906649443114173 -3.477299328166483239 -0.008000371230931351343 -0.001121482620029215721 0.9999673676360145702 -0.4071896510250597734
0.7397361211654995827 0.6728910339841195354 0.002850864220513371714 9.810055140564543308 -0.6728767485221935907 0.7397400677130134827 -0.004638266717952895316 -3.697485046008108789 -0.005229946579260621314 0.001512813183692211837 0.999985179417699821 -0.4153562103730540356
0.7221931626519659808 0.6916908402491069863 0.0009040653934082339529 10.01163509541348517 -0.6916710069877031186 0.7221812652383073905 -0.006740788634454007722 -3.920338858085497868 -0.005315440844176848485 0.004242835641643359461 0.9999768719497216241 -0.4231739142872276704
0.7069635381356820236 0.7072480439977265609 0.001661327200775446601 10.20938373869809723 -0.7072211552496913134 0.7069539725643254613 -0.007370091099237780809 -4.152709687206535882 -0.006386964378338346945 0.004035459937719291894 0.9999714604673080043 -0.4280792587710893216
0.6918036929731434803 0.7220813773411473013 0.00247687016865274709 10.40256654558420379 -0.7220521855237094222 0.6918005970465541665 -0.007250883150748272006 -4.385363619148600733 -0.006949227953912799974 0.003227758222470200958 0.9999706444729774546 -0.4329995314609480506
0.6751964466612268012 0.7376340718759865078 0.002394665677158688746 10.59302772895760825 -0.737606086411279116 0.6751938929068475037 -0.007104102359437051463 -4.617664079661571108 -0.006857091591186541615 0.003030344691417099275 0.9999718982581267124 -0.4293704542621675779
0.6586282282421513923 0.752467407875149763 0.001287263864791931937 10.7738342921309318 -0.7524451339140758588 0.6586202887013500318 -0.006755424485468393241 -4.858007153034220593 -0.005931054849940795536 0.003480717828761580555 0.9999763533162989715 -0.4318433059069023416
0.6431045762719540537 0.7657776898050044911 -0.001016747255090636034 10.95051487361502396 -0.7657639776259032027 0.643083788243189125 -0.00698368594256548042 -5.101904397451336948 -0.004694097210931928547 0.005269828811208399771 0.9999750968677544316 -0.4438979637250830557
0.6283064003793454866 0.7779622231469293103 -0.002417974077011624326 11.12433368921666244 -0.7779537048772842134 0.6282759910611859233 -0.007570477117849451487 -5.349566016876759811 -0.004370390149290382178 0.006637651118578615297 0.999968420140141756 -0.4448599372767364502
0.6135527570255020491 0.7896488057894239798 -0.002788881808534763446 11.2987416939626204 -0.7896447610568113618 0.6135251276653046482 -0.006933185328768030724 -5.603371485248784367 -0.003763732447553692559 0.006456100882750508314 0.9999720761498568367 -0.4491033145124900261
0.5981829903230894141 0.8013551929536990581 -0.002639093455403516888 11.47357216399779922 -0.8013552512782525783 0.5981657735885456129 -0.005241045314193807855 -5.865560226878855588 -0.002621323500710947153 0.005249955557564944461 0.9999827831666644462 -0.4550573271126149844
0.5830241919575458454 0.8124518010071550833 -0.002205137746441356884 11.64761695403912078 -0.812451906932987078 0.5830127378564373686 -0.004248107589730708809 -6.137178800277033552 -0.002165759267245529265 0.00426831786199765445 0.9999885454091088643 -0.4606484317637042358
0.5688977815463417409 0.8224068334290612903 -0.001521341787759109519 11.82205094108019239 -0.8224039215701314243 0.5688878253507172467 -0.004293245136391818199 -6.41678817975116722 -0.002665321316501260106 0.00369357508602953348 0.9999896267288794771 -0.4677529553936356499
0.5544808228801554328 0.8321963196546445785 -0.0005501012729923122381 11.99399546769764413 -0.8321886579619464097 0.5544726057808866404 -0.004708184156158958834 -6.705217704867177275 -0.003613117440732363257 0.003068385865292960844 0.9999887651321593962 -0.4704500387830096719
0.5384175090358885862 0.8426780873580846931 0.0004764977534466091277 12.16436920441731395 -0.8426682551376806218 0.538413804913411953 -0.00455921724412861485 -6.998589181922602265 -0.004098505435598180473 0.002053232861263318797 0.9999894931888093641 -0.4722019590654629173
0.5223698374864003124 0.8527181289501442052 0.001243158958863660197 12.33298661465397927 -0.8527086031035778779 0.5223701031159280195 -0.00418492100278871574 -7.303044450930059384 -0.004217947080833254689 0.001126024164871835143 0.9999904704505955255 -0.4761715364063616729
0.5066720423173267651 0.8621375784027581757 0.001495807413121617684 12.49745544360323279 -0.8621291101615951025 0.5066737984905500536 -0.003880635918737375574 -7.615997081309383354 -0.004103528477459657264 0.0006766306123889843623 0.9999913515751268633 -0.4796545944089447011
0.4899679824150529051 0.8717389134346005264 0.001625734290914407788 12.6572762031699444 -0.8717314591156076764 0.4899705488676584508 -0.003622765587138242118 -7.939307330976123289 -0.003954667659392459289 0.0003578354199397153581 0.9999921162476812508 -0.4863836538704691126
0.4730712804930998772 0.881022048723434037 0.001926975812458765671 12.81601461091377558 -0.8810141997952352089 0.4730752010389838169 -0.003719397946751357587 -8.270940071922627368 -0.004188476068940805326 6.184729589493860276e-05 0.9999912263830778025 -0.4919930455634110578
0.4553552083955718643 0.8903056792640754447 0.002726106593393819166 12.9706550969098533 -0.8902981897333942518 0.455362781603691702 -0.003724310350891875659 -8.611800410833849284 -0.004557142138056992191 -0.0007311636491586317489 0.9999893488709025169 -0.4958467240771252116
0.4372719180195963062 0.899321574177066041 0.003738439667505995441 13.12125650319059034 -0.8993144596061436458 0.4372848192155420755 -0.003935686336659656621 -8.959057706943006849 -0.005174210545905502494 -0.001641067736198638469 0.9999852671124269676 -0.501663325841713803
0.4188253602800118269 0.9080558429666626408 0.004461349618907448598 13.26595131331100497 -0.908045777044078628 0.4188440410106646361 -0.004747220478591878713 -9.3136134565861326 -0.006179350996180936473 -0.002062853354091223699 0.9999787799035064761 -0.5065282691337932297
0.4002743407667643805 0.9163807160473714797 0.005180287659855654057 13.40267604202349538 -0.91637075390291578 0.4002986219339242924 -0.00506504385004562848 -9.676727208498116184 -0.006715170521577679824 -0.002719657020264128807 0.9999737546308694602 -0.5124208141558889151
0.3809221161214195739 0.9245918527771529449 0.005314812103131213994 13.53519229316760075 -0.9245816211815547359 0.3809480112960633713 -0.005238173618978437564 -10.04864884930754698 -0.006867839752639761861 -0.002918641411035743666 0.9999721567671001621 -0.519785033900045601
0.3612654891211862784 0.932446495129018782 0.005547980861462558505 13.66246451019129537 -0.9324364131516488241 0.3612937238496209957 -0.005401901124770180918 -10.42935327993944483 -0.007041434436109694425 -0.003221618922671755283 0.9999700192368764506 -0.5245102886802851527
0.3412362887196885852 0.9399598468910370652 0.005769011474387833807 13.78392475826203878 -0.9399477986679262154 0.3412678921279924671 -0.005861875283275953807 -10.82243042759456131 -0.007478705779288958438 -0.003422285069238091126 0.9999661778904183063 -0.5303995381280159904
0.320425799579212689 0.9472519126096672348 0.006412567453804082079 13.90202861331073336 -0.9472387405000259886 0.320464750171787438 -0.006411894669935721928 -11.22372890927565692 -0.008128681316591404582 -0.004019695841880991348 0.9999588824473694126 -0.5357025255238909711
0.2992660046769662907 0.9541475963200610755 0.006497913614026938796 14.00966709503965468 -0.9541305906568413597 0.2993084671940905439 -0.007018364392842937026 -11.63088995284625859 -0.008641436079303409928 -0.004099500283375468769 0.9999542587938279325 -0.5455376434406464803
