1 0 0 0 0 1 0 0 0 0 1 0
0.9999999657626000849 0.0002508534232455572458 -7.448059246475613395e-05 0.835559046840012587 -0.0002508682455946192511 0.999999948718735876 -0.0001990669458384206547 0.3889743422171695331 7.443065202047860116e-05 0.0001990856238384485053 0.9999999774124959107 -0.09926006023496047881
0.999999853948580153 0.0005374131009379193042 5.735832286452363844e-05 0.8366606032617385225 -0.0005373982605435357685 0.9999998222075028309 -0.0002584338837854845985 0.3877424951733392522 -5.749719842151676796e-05 0.0002584030217779138762 0.9999999649609746522 -0.09267115544250190129
0.9999999847504511541 0.0001466242569981729708 9.487056817279036932e-05 0.8372513894079105512 -0.0001466065270557951651 0.9999999717938929944 -0.0001868655654030607766 0.38681215452365314 -9.489796452154673398e-05 0.0001868516539089255736 0.9999999780404176253 -0.09573129725470096163
0.9999999098616589865 0.0001538441349361726002 0.0003957381155894709626 0.8381243064478498539 -0.0001538878478591662971 0.9999999820617465618 0.000110431140625351899 0.3860836288813119799 -0.0003957211193073208329 -0.0001104920299581959838 0.9999999155981499355 -0.09360753909501623449
0.9999999855435476315 0.0001698638136772208937 7.693466868024218151e-06 0.8381354751392928737 -0.0001698629886513122733 0.9999999798368767179 -0.000107111209286801551 0.3846652701195160118 -7.711661031396932335e-06 0.0001071099009030781519 0.9999999942339996561 -0.09279041400667670247
0.9999999928277180095 6.091235790614780234e-05 0.0001031224926350892361 0.8381531922613311147 -6.090009241736217755e-05 0.9999999910722361385 -0.0001189399272040162913 0.384519691949037401 -0.0001031297366258511722 0.0001189336461816138131 0.9999999876095225781 -0.09484190260614897006
0.9999998721164106152 0.0004909825678667275413 -0.0001212570845813987235 0.8388517661361658551 -0.0004910191129481476704 0.9999998339870741493 -0.0003015394746813309995 0.3838783078006497984 0.0001211090138255631126 0.0003015989756654904375 0.9999999471853309174 -0.09462594012931715981
0.9999999989403938194 4.525084871964315115e-05 8.460089686023180506e-06 0.8399484467431919121 -4.525159088571385692e-05 0.9999999951264704201 8.774595550921444258e-05 0.383526975842022777 -8.456119065834174394e-06 -8.774633824875560705e-05 0.9999999961145370486 -0.09620183127581513616
0.9999999924324931566 2.473732474465644235e-05 0.0001205117355500190851 0.8415512257333606083 -2.4742657438900935e-05 0.9999999987149079672 4.424912453268291528e-05 0.3833151002808264929 -0.0001205106407901871844 -4.425210597841744376e-05 0.9999999917594682985 -0.09316657839159722676
0.9999999411517553893 0.000265093389998448403 0.0002177658844009620236 0.8425264519229053173 -0.0002650919710764802545 0.9999999648417066123 -6.544652014880140067e-06 0.3826184378814364573 -0.0002177676116886741631 6.486923642209793641e-06 0.9999999762675932935 -0.09202580084704678476
0.9999997952952807134 0.0005572968132083486268 0.0003143718477280194848 0.8437719667141126978 -0.0005573681034702751341 0.9999998189674776938 0.0002267284917785536045 0.382351523465187193 -0.0003142454357505592225 -0.0002269036662067139601 0.9999999248822634135 -0.08980260724473401734
0.999999912782435052 0.0004074681566194643823 9.167782476261198961e-05 0.8444025254711896578 -0.000407470042384096016 0.9999999167728919058 2.055173634371295643e-05 0.3819422272375195271 -9.16694429544084562e-05 -2.058909051838226137e-05 0.9999999955864012913 -0.09210289588329446941
0.999999994317888774 0.0001065748534817439238 -2.454176771616128652e-06 0.8452878186804427818 -0.0001065752465273279997 0.9999999814062934256 -0.0001607144349908145339 0.3809309029703974447 2.437048608622338672e-06 0.0001607146956321117075 0.9999999870824236581 -0.09263407113060184717
0.9999999482943026097 0.0002415788688518844787 0.0002122523078075692687 0.8456191363318438237 -0.0002415664845958723249 0.9999999691192551499 -5.837056081156879962e-05 0.3799378157039198234 -0.0002122664023471150063 5.831928474963381318e-05 0.9999999757709174819 -0.0894193267578137635
0.9999999853419487827 -7.818847369087771873e-05 0.0001523242097332559231 0.8467982334341581652 7.821720807921287702e-05 0.9999999791479725619 -0.0001886428445080438323 0.3789756428762662832 -0.000152309456860902538 0.0001886547561173155553 0.999999970605605748 -0.08583652646728444358
0.9999998873954425438 0.0004177156137908847439 0.000225217158104979462 0.8473723235450383306 -0.0004177006758036072099 0.9999999105605804628 -6.636999667808701384e-05 0.3782148683610782047 -0.0002252448617455872829 6.627591584537989252e-05 0.9999999724361272602 -0.08997212199660084564
0.9999997702631611141 0.0006289911229214919641 0.0002526732916666771635 0.8481408854422166632 -0.0006289777929596341178 0.9999998007978527781 -5.283172098403728648e-05 0.376071280670165653 -0.0002527064720171225479 5.267278295731236016e-05 0.9999999666825079014 -0.08862104938870482562
0.9999996839608893406 0.0007718680467169496346 0.0001905199197009545503 0.848902654596060513 -0.0007718679958074822376 0.9999997021097960515 -3.407413387364610038e-07 0.3744759309257935653 -0.0001905201259542883797 1.936850024678931493e-07 0.9999999818510219018 -0.09040926728353196329
0.9999999512038548755 0.0001871895118176122581 0.0002501047270441603522 0.849253036534617145 -0.0001871994183292921402 0.999999981694637996 3.958663140308665851e-05 0.3712487670523546557 -0.0002500973122636959809 -3.963344893083572094e-05 0.9999999679402615804 -0.08960941856192070065
0.9999999837417981041 2.052810004043230545e-05 0.0001791507760765338384 0.8488995676611622576 -2.051444736443651495e-05 0.9999999968856541077 -7.620924615130307751e-05 0.3690256961819520232 -0.0001791523399496253567 7.620556973311164693e-05 0.9999999810485749041 -0.08852880699593926317
0.9999997569515777229 0.0006643631374136045381 0.000211467271954882645 0.8493602201009669006 -0.0006643694873266720122 0.9999997788577954516 2.995904653251698109e-05 0.3675528927593723627 -0.0002114473215043956669 -3.009953165407302464e-05 0.9999999771920239366 -0.08805311094841875019
0.9999997719743700664 0.000592080619139571029 0.0003247949326110027412 0.8507316899787205067 -0.0005920759442612130155 0.9999998246180530348 -1.448928577347345783e-05 0.3675383430990271094 -0.0003248034544731267484 1.42969792031280262e-05 0.9999999471491547443 -0.08369229183647815262
0.9999995184164197637 0.0009726824109585347758 0.0001305980701051008953 0.8515155710742821071 -0.0009726689698132081393 0.9999995216586857749 -0.0001029440369063648277 0.3675058084820286286 -0.0001306981394886602883 0.0001028169586398982568 0.9999999861733346318 -0.0907966848468967358
0.9999999936259852396 -3.316937041311478963e-06 -0.0001128584398162605962 0.8520837138391972321 3.306361276978271324e-06 0.999999995603912617 -9.370828485380874482e-05 0.3664286182550257065 0.0001128587501446061501 9.370791110573556447e-05 0.9999999892408648616 -0.09478649876483331849
0.9999999897151222727 -0.0001433072362438303948 5.726373924377047178e-06 0.8530167772427063033 0.0001433079052547708723 0.999999982886845884 -0.000117000650651715853 0.3681025463552352606 -5.709606786497100118e-06 0.0001170014700830302682 0.9999999931390282093 -0.09264897815692908767
0.9999999972918910407 -9.206532810025213712e-06 -7.301683133763689417e-05 0.8539036491241190907 9.196565984914720646e-06 0.99999999064164935 -0.0001364995395615777041 0.3684253366950401842 7.301808734180930641e-05 0.0001364988676878146716 0.9999999880182089962 -0.09387430314408211351
0.9999999072676415413 -0.0004224190167607044192 8.382650326127833351e-05 0.8555258235395279964 0.0004224272990667462071 0.9999999058958902731 -9.880985613520978602e-05 0.3689220448434853417 -8.378475621058496488e-05 9.884525757570165958e-05 0.9999999916048648574 -0.0930799029815812945
0.9999999707740853117 -9.687542520441113324e-05 0.0002215106779245228183 0.8574808116521912549 9.688329535741535146e-05 0.9999999946760139702 -3.551899772248588174e-05 0.3692969682993815783 -0.0002215072358271958437 3.554045736884487301e-05 0.9999999748357099039 -0.09019210775549590942
0.9999999626287170429 -0.0001794902646218409371 0.0002062178689271816124 0.8593995564619767435 0.0001795214369550037869 0.999999972462325637 -0.0001511535693925598835 0.3701583691969322354 -0.0002061907326542522924 0.0001511905842719126652 0.9999999673133939115 -0.08715807525187976856
0.9999999613164610723 0.0002187355919252116036 0.0001718191411791607042 0.8613203674681235711 -0.000218701116954625257 0.9999999559566997709 -0.0002006400255851228638 0.3701249798150957337 -0.0001718630207264389208 0.0002006024407855665497 0.9999999651108808507 -0.08575073242159586551
0.9999998037807383833 -0.0006234765967554844156 6.095422875407958876e-05 0.8618584803887330281 0.0006234939108881739451 0.9999997651728157466 -0.0002844462276485542436 0.3706179787034453166 -6.077686887439542836e-05 0.0002844841764251965503 0.9999999576874618601 -0.08599580092930902975
0.9999999489039717027 -0.0001283807179571732737 0.0002927634629885812051 0.8623511538278234578 0.0001283879875722157798 0.9999999914504357212 -2.481236029698418515e-05 0.369690801945552483 -0.0002927602750569520233 2.48499463410189e-05 0.9999999568369498659 -0.08882333596068348047
0.9999997080847295994 0.0002792832428107472191 0.0007112181984711386188 0.8635526360246790212 -0.0002795739561742460375 0.999999877406456239 0.0004086875034118323197 0.3698129310687072735 -0.0007111039717091301908 -0.0004088862221951589885 0.9999996635715427962 -0.08824915071882903639
0.999999837601186603 -0.0003135382056717274032 0.0004759111198849430417 0.8645799229150443743 0.0003134177128407349242 0.9999999188201909028 0.000253236942046236699 0.3688621291218480147 -0.0004759904807069881326 -0.0002530877419461479501 0.9999998546898180019 -0.08991558236772904944
0.9999993312018955471 -0.001078044925045614118 0.0004188256215189365794 0.8642594142515486189 0.001077933963403835977 0.9999993838977729865 0.0002650706413040263302 0.3682297790207180732 -0.0004191111215391748351 -0.0002646189976631048999 0.9999998771613194393 -0.09342714875254987117
0.9999998782296346533 -0.0002470405301535703152 0.0004272138718527020845 0.8646790566319941806 0.0002469722202651847601 0.999999956711703275 0.0001599415955828919025 0.3673366825578341377 -0.0004272533654159075991 -0.0001598360661482858022 0.99999989595349148 -0.09465819324601820739
0.9999999441930498278 -0.0002170094325368121079 0.0002540094553467274734 0.8650647248809754108 0.0002170227432346982701 0.9999999750789424491 -5.237598181200965548e-05 0.3675671263256777843 -0.0002539980829344516407 5.243110471787274657e-05 0.9999999663679759454 -0.09440212769248443325
0.9999998476102578415 -0.0005493591998817861678 5.462536583838341754e-05 0.864856321231909253 0.0005493609543458832832 0.9999998485857878316 -3.21083051169875007e-05 0.3660010902742092398 -5.460771857451805175e-05 3.213830926711962741e-05 0.9999999979925631166 -0.09732944764701849383
0.9999999994082886534 -2.794030399149293478e-05 -2.006893227993185411e-05 0.8673233920167201516 2.793711187765135937e-05 0.9999999869628732885 -0.0001590401555236868332 0.3668434761986509862 2.007337564858282614e-05 0.0001590395947615746053 0.9999999871517333272 -0.09503979009660105948
0.9999999121349285591 -0.0003893349471771256551 0.0001553976642226764435 0.8680463120109226383 0.0003893339993552828878 0.9999999241907300274 6.129535531188296869e-06 0.3660845592605159737 -0.0001554000388844852139 -6.069033398513935614e-06 0.9999999879069972897 -0.09193022494005220757
0.9999997618968545776 -0.0006082944246701774962 0.0003258590602425379124 0.869879580528912677 0.000608268457561901045 0.9999998118221932186 7.978133668996381937e-05 0.3659258965898844473 -0.0003259075294653958517 -7.958310790582030629e-05 0.9999999437254040169 -0.08984017423350473819
0.9999999761508674423 8.648551663945703577e-07 0.0002183976113547526866 0.8702292238943338809 -8.712216477148784244e-07 0.9999999995747365089 2.915078086581045553e-05 0.3645989552024656577 -0.0002183975860506727018 -2.91509704433164385e-05 0.9999999757263573485 -0.09182235811074969389
0.9999999276281950067 -0.0003087363916461917076 0.0002223183420035061849 0.8705168939737250033 0.0003087336928918342407 0.9999999522676569219 1.217336022001917799e-05 0.3627285908804623316 -0.0002223220897510393677 -1.210472217628679381e-05 0.9999999752131817354 -0.0839045161311244847
0.9999999895970084207 0.0001290544124184987403 -6.442780220285310719e-05 0.8703857295259851412 -0.0001290751356420682765 0.9999999399083188134 -0.0003217498531658685994 0.361511022964201012 6.438627509303211085e-05 0.000321758165846016016 0.9999999461630436626 -0.08445789197560532591
0.9999999293910034615 0.0003536476112801344857 -0.0001270879815041634647 0.870559551000714249 -0.0003536780697126314576 0.9999999087226744132 -0.0002397216423687034811 0.3609186601731364519 0.0001270031929177165681 0.0002397665736741809482 0.9999999631910888587 -0.09041213275859427689
0.9999999630347395918 -0.0002523546779237186705 -0.0001012306082264834655 0.8688660002751878997 0.0002523473233052032352 0.999999965520798062 -7.265831689600967197e-05 0.3581098909089944771 0.0001012489404022916592 7.263276893715355236e-05 0.9999999922365664373 -0.09119588296934813543
0.9999999646013588706 -0.000208560037452741831 -0.0001652270917278579436 0.8694090402321916766 0.0002085077934739719397 0.9999999282871075978 -0.0003161491416005078473 0.3564224286404485964 0.0001652930159557581494 0.0003161146792729395351 0.999999936374862175 -0.08698397382101004383
0.99999998299588444 0.0001799629325137122539 -4.02687702013799565e-05 0.8702178027620770528 -0.0001799666063146316034 0.999999979643003134 -9.124699445379514957e-05 0.355676186626976587 4.025234830492375538e-05 9.125423993613431949e-05 0.9999999950262060677 -0.08945576473451097299
0.9999999591223789341 0.0001730331807435312071 -0.0002276285546526654407 0.8703872478150322944 -0.0001730965970910728442 0.9999999462082552748 -0.0002786055537626321238 0.3557409183476520909 0.0002275803344029879796 0.0002786449441021109801 0.9999999352820911902 -0.08930932998813531642
0.9999999259008292007 0.0003684308740646387499 -0.0001116110527011788557 0.8704683606744159086 -0.0003684544637412659213 0.9999999097737000131 -0.0002114093187049950881 0.3548221017587381843 0.0001115331529108506389 0.0002114504266303104962 0.999999971424536005 -0.08823690526242693177
0.9999997935870454935 0.0006424340622961809046 -1.021479187701720333e-05 0.8710680836168707142 -0.0006424354437343540681 0.9999997844153618587 -0.0001358157960166395529 0.3533092465659047332 1.012753698130603408e-05 0.0001358223303268519871 0.9999999907248637854 -0.08549377442600888943
0.9999999695642692865 -0.000246718278573486373 -1.245609636716974212e-06 0.8723108394231049445 0.0002467180155292351702 0.9999999481537868995 -0.0002069363292051168196 0.3530131922249391541 1.296664547052634252e-06 0.0002069360155925207222 0.9999999785879017944 -0.08656652092954163213
0.9999999780137412975 -0.0001940018610779721509 7.959770629793851474e-05 0.8745429823848882567 0.0001940206117998913629 0.9999999534175899596 -0.0002356285636658398482 0.3542626180127956825 -7.955199021021122868e-05 0.0002356440020809230759 0.9999999690716920853 -0.08270184365671984228
0.9999997786705098202 -0.0006521058307386632356 -0.0001319731673535918864 0.8754405168953754979 0.0006520675644453128531 0.9999997454145841402 -0.000289790714770161138 0.3532998840672934016 0.0001321621079699437354 0.0002897045952091215765 0.9999999493022110331 -0.08594149263131771466
0.9999999976549188707 4.657503680245646851e-05 -5.02088466258670258e-05 0.8786349964324138284 -4.658250130997159798e-05 0.9999999878624238336 -0.0001486782526407890825 0.3532132896410535849 5.020192132136485112e-05 0.0001486805911457902431 0.9999999876869243298 -0.08255935913363537937
0.9999999989195170746 -1.529680659397943045e-05 4.389730800679013379e-05 0.8790898341922659398 1.52982034027960354e-05 0.9999999993767338946 -3.181976035800753545e-05 0.3535541260907060779 -4.389682123871036477e-05 3.182043187357354823e-05 0.9999999985302645555 -0.08280022460250277549
0.9999999538663046916 -0.000297001181755493439 -6.369997235933298578e-05 0.8803619420777417659 0.0002969869730897122754 0.9999999310460899737 -0.0002229496649517024611 0.3516059841446505518 6.376618428093346167e-05 0.000222930736604233672 0.9999999731178798035 -0.08567726576961542939
0.9999999978318283578 -2.266657014836549354e-05 -6.182693538294258408e-05 0.8817553558061321795 2.265555706798565221e-05 0.9999999838795623486 -0.0001781224322010587554 0.3484129851140272405 6.183097181086979588e-05 0.000178121031091195859 0.9999999822249144854 -0.08435804198502586115
0.9999998382788040097 -0.0005648941055974535542 -6.585601859972557476e-05 0.8826783016494821332 0.0005649018515301370159 0.9999998335209975275 0.0001176599990765068879 0.3467050585650549577 6.578954219613837237e-05 -0.0001176971822352325007 0.9999999909095547146 -0.09093210572355778232
0.9999999785873917579 0.0002057574746461384081 -2.211509894431555091e-05 0.8845308833362417467 -0.0002057570536382069559 0.9999999786507999255 1.903771582491424721e-05 0.3453790125454690996 2.211901562450704179e-05 -1.90331650796673995e-05 0.999999999574243903 -0.08680134900401981213
0.9999998123361590885 -0.0005972693749603808768 -0.0001363705991567261834 0.8859861313130488192 0.0005972780933393331392 0.9999998195878347929 6.389974207231346158e-05 0.3462601495331290025 0.0001363324091948034703 -6.398118125209430282e-05 0.9999999886599412191 -0.08912914408786354326
0.9999999903061692619 -0.0001357197617907968318 -3.110960670709990005e-05 0.8861825288941325152 0.0001357146887838431076 0.9999999775041470418 -0.0001630129710373957321 0.3453114683160812826 3.113173008886076367e-05 0.0001630087474265831313 0.9999999862294817188 -0.08872766452722966046
0.9999992338537413428 -0.001234595329889898391 8.981259272338374788e-05 0.8874777471586225985 0.00123458991705439349 0.9999992360756153609 6.029860968482037492e-05 0.3462743685088133239 -8.988696849526984849e-05 -6.018768176586535213e-05 0.9999999941488879607 -0.08747596746407292068
0.9999994642447093129 -0.00103492460370620265 2.100854581519765807e-05 0.8884222910437929999 0.001034925293055403202 0.9999994639258202866 -3.282849099637883376e-05 0.3462569159324702661 -2.097455954002399399e-05 3.285021568377555987e-05 0.9999999992404655647 -0.08375825703294831337
0.9999998965795913186 -0.0004197873740225705353 -0.0001749839060035784228 0.8892720933723750054 0.0004198143301805488253 0.9999999000136285954 0.0001540411014963958397 0.3458946880421231995 0.0001749192239980838857 -0.0001541145463166934443 0.999999972825985517 -0.08350652939821204268
0.9999995851599878804 -0.0003197907023857471929 -0.0008528855484672821742 0.8937767802205769385 0.0003209225835488278725 0.9999990676238250664 0.001327313141626670998 0.3444498912756537856 0.000852460290855270187 -0.001327586301237756918 0.9999987554122581335 -0.07816200108124282675
0.9999991706188309237 -0.0001857150372236946194 -0.001274469134650949107 0.9021710302464613918 0.0001863542311474646518 0.9999998569165239326 0.0005014369673284044043 0.3423241464547508439 0.00127437582791042241 -0.0005016740541617353399 0.9999990621442564898 -0.07305237875507752943
0.999998425696386195 -0.000163127551135037129 -0.001766916566020511814 0.9169294372578662422 0.0001645730756064411903 0.9999996519030051045 0.0008179911804675103022 0.3403307891309232946 0.001766782514064045399 -0.0008182806795946487907 0.9999981044463421842 -0.07088423683544120557
0.9999989662568297133 0.0008760793498943777796 -0.001140162376439501652 0.9349877572867002495 -0.0008748142499941553851 0.9999990017380793184 0.001109604827318476676 0.3399732073807247845 0.001141133340134574707 -0.001108606249977848362 0.9999987344026404212 -0.06950788077689040723
0.9999981289677288832 0.001811745614822151546 -0.0006779667163991149508 0.9568480025118458743 -0.001811048025615883761 0.9999978315077536761 0.001028146312185461257 0.3397258460981196215 0.0006798279858060447952 -0.001026916558207363909 0.9999992416378585824 -0.07182855468217380634
0.9999958861848976532 0.002841172163651722697 -0.0003941497402709226287 0.9836225962690600122 -0.00284088940891215249 0.9999957082694851396 0.0007160935533236083977 0.3380957640839425404 0.0003961825937567283774 -0.0007149708716244728953 0.999999665927946757 -0.07234806585469363838
0.9999899341068914094 0.004486682081449014717 3.699722822959160279e-05 1.015700955476997791 -0.004486685250829048309 0.9999899310762859761 8.603199880238344196e-05 0.3361335172496392465 -3.661085747986502989e-05 -8.619712773169884963e-05 0.9999999956148500901 -0.07937183354838453497
0.9999818630062131675 0.006007989690439840755 0.0004215667238673969134 1.055278035860556241 -0.006007875282271905697 0.9999819155259658254 -0.000272131609428092518 0.3322550978425882762 -0.0004231940639588122597 0.0002695939534786318697 0.9999998741129343394 -0.08940831891020245559
0.9999624870131333942 0.008625045479850641447 0.00079571161829491597 1.097364172314193587 -0.008624077161526336535 0.9999620769336027282 -0.001212430512522501237 0.3256401400946138391 -0.000806138710782047449 0.001205522752238110014 0.9999989484270834783 -0.09223127694354252282
0.9999361120116336821 0.0112759884849670533 0.0007899232523212124189 1.144046076075926788 -0.01127514179930175393 0.9999358629693101408 -0.001068234630902376286 0.3224355091528094408 -0.0008019179903866338957 0.001059259886860217537 0.99999911744762493 -0.09335180169409344753
0.999889758614834645 0.01484584427590178272 0.0002674414016056275408 1.20114034092402111 -0.01484559379068167879 0.9998893790520876346 -0.0009154254926950690808 0.3191486386950391219 -0.0002810020812950125824 0.0009113542485096909774 0.9999995452355285863 -0.09713031783479605941
0.9998170744805539023 0.01912058060659808933 -0.0004700791562683841207 1.267137625411330015 -0.01912089517388903745 0.9998169517597234046 -0.0006740486955586197154 0.3126547484476429606 0.0004571049066898376367 0.0006829137291212906318 0.9999996623419143971 -0.09174179158554468527
0.9996948940127644567 0.02464527825913807174 -0.001652012208548217119 1.349467543168914041 -0.02464601084482931706 0.9996961507842788697 -0.0004245662881028664068 0.3073325340092203928 0.001641046691624543398 0.0004651522611940576827 0.9999985452985068468 -0.08402585287426893312
0.9994889709284856538 0.03189781281992280781 -0.002080031158909328819 1.45086157133980409 -0.03189681499968281819 0.99949103644034476 0.0005111440907711468353 0.2994291936955534306 0.002095276877377924302 -0.0004445365122117232726 0.999997706098417205 -0.0810479949072518413
0.9992190021250652032 0.03950815076963461181 -0.0007012951965481930856 1.569152902735875044 -0.03950721773421859984 0.9992184422307013314 0.00129786476631585726 0.2892744786234002774 0.0007520233307049624307 -0.001269144914665420705 0.999998911865455864 -0.08276438697484621299
0.998880626193475285 0.04725473771267163503 0.002117635246499700516 1.704613883659836571 -0.04725949702149793985 0.998880096370676096 0.002256771096899802716 0.275763255522404549 -0.002008620572840022836 -0.002354323303071182479 0.9999952112911236757 -0.08604550372534658376
0.9984460515359379063 0.05557409125660880966 0.004123415246770356819 1.856429633383499977 -0.0555859785260274103 0.9984499036220217949 0.002826472798274631739 0.2604155305883977811 -0.003959944898505800975 -0.003051284676571910503 0.9999875041710387658 -0.09111470624490708436
0.9978035672888529994 0.0659971425628809033 0.005693705223685898223 2.024666101086221026 -0.06601133890492333345 0.9978161236806102341 0.002342319145716835558 0.2408810048287861327 -0.00552668450509066593 -0.002713023504470699326 0.9999810474513231018 -0.09390741596215551601
0.9969473616686085338 0.07770517860813110078 0.007606791667919323048 2.207964719985830548 -0.07772717051577120173 0.9969711744018556754 0.002639010306329700548 0.2153494511997556538 -0.007378687255393729695 -0.003222208755361973768 0.9999675856472168833 -0.0929176306157724341
0.9958968336705991131 0.08976603813996875125 0.01146974635852119132 2.40593937502227817 -0.08982776102296058385 0.9959448468214151529 0.004983516777313316479 0.1876112580383121342 -0.01097588422301439166 -0.005993370213957853639 0.999921801682012279 -0.09520987590068220874
0.994522162051306835 0.1033830426122893248 0.01541478799788268891 2.619851830945353566 -0.1035188573789577737 0.9945929631356467127 0.008287571900686590068 0.1598091195321831304 -0.0144746452719608544 -0.009837895165106174539 0.9998468385022634131 -0.1008485079833917053
0.9928679231042079056 0.1175176629493750874 0.02007202445329955495 2.848088143454328147 -0.1177320837740991472 0.9929965075905382577 0.009853545717280942987 0.1235133209311111424 -0.01877348451793866072 -0.01214639073598072251 0.9997499794804417528 -0.1067837238508040909
0.9908376270975999267 0.1325079969666099755 0.02612331272052417427 3.087012235365897528 -0.132775958840052194 0.9911070360009189839 0.008797041751515606925 0.07317392400064230695 -0.02472532065923884609 -0.01218498786909636734 0.9996200201021024911 -0.1146111080898618573
0.988249358312778825 0.1497447143457194818 0.03065495587828802673 3.331363908561311593 -0.1500230946362861306 0.9886578609179988986 0.006978905415511115623 0.01669923083893905258 -0.0292622089072723697 -0.01149585014540401712 0.9995056620946685122 -0.1307999130358175055
0.9853259051127689627 0.1671349081188914232 0.03462344872759551273 3.579943349310797274 -0.1674643548238999857 0.9858545155152997896 0.006823789380432375949 -0.03987662991981905103 -0.03299318985969126872 -0.01252184995051859248 0.9993771323663049877 -0.1415742935252057022
0.9822072645713273431 0.1837657993552316293 0.03871718495246429664 3.830835744193124892 -0.1842593299256534978 0.9828311787981267589 0.009558939147922879478 -0.09685697278597418802 -0.03629585043306951531 -0.01652286202863377171 0.9992044867151683718 -0.1554116493764849116
0.9787546565351303851 0.2006347482647852232 0.04224949821625279683 4.083826473823723546 -0.2012579270338966664 0.9794764143545020563 0.01100911119330025452 -0.1624082241017870687 -0.03917357676824539947 -0.01927826527398100037 0.999046435042540204 -0.1718924875031255239
0.9749338480921589944 0.2177960837090486268 0.04548469814361828095 4.336912669143224264 -0.2184286220946781432 0.9758079163122136412 0.009372700370557119146 -0.2380131216635729963 -0.04234299108512847021 -0.01907292278118496304 0.9989210653112425842 -0.1794153193058904694
0.9703595731966216942 0.2367240023336600052 0.04862145025401252985 4.589965798293196286 -0.2372033172126459533 0.9714507165219978813 0.004253430640519322362 -0.3223350193805663566 -0.04622645356272678946 -0.01566052642889718266 0.9988082212832365414 -0.1834010613103979337
0.9655913927869655966 0.2548306246712527812 0.05190968026666092916 4.844756847846590553 -0.2552336595529614005 0.9668786854849056311 0.001177533941761505073 -0.4112721909726225755 -0.04989029171022017067 -0.01438611429956343502 0.9986510894744115019 -0.192978995270914111
0.9602853985840570372 0.2737528732922426822 0.05395662730842363392 5.098737009284752375 -0.2742981629038581115 0.9616405319164148535 0.002829346759095915844 -0.4962938076086446104 -0.05111233798044565596 -0.01751718412747967427 0.9985392717196538426 -0.2036440446539625471
0.9546995956680033313 0.2922825728738439044 0.0558531970937844735 5.356040328426809438 -0.2931244825740568216 0.9560460735301720137 0.007344590065652223908 -0.5852477364880701582 -0.05125153409452695707 -0.02338381666424779737 0.9984119777782969329 -0.2146597048252927575
0.9487059067991733263 0.3106435223507898469 0.05880224847616500466 5.613049848940010023 -0.3118809332227693853 0.950032882673940926 0.01295396967483146422 -0.6775352021737912622 -0.05184000285930542851 -0.03062880767735348328 0.998185599096586329 -0.2339115776021994386
0.9424505545535502016 0.328816447269200729 0.06055325116760098408 5.870164411526136661 -0.3303269902418909387 0.9437203076360035636 0.01661506765380398737 -0.7791854412780787609 -0.05168202530318734972 -0.03566125293182722394 0.9980266746434650615 -0.2554917784778635292
0.9351978177424981054 0.3483786908999556009 0.06353998281792661018 6.129113168994870797 -0.3501392274436286312 0.9365107160131840303 0.01871363667629293362 -0.8923314693101012107 -0.05298644255701753097 -0.03974879267734538618 0.9978038235975272841 -0.2830350791598881255
0.9271294477405189749 0.3693885183382468185 0.0631118820210177095 6.383868002654276452 -0.3708425577761694791 0.9286088943407022622 0.01270112960987227098 -1.022467667354903353 -0.05391460353548534895 -0.03518016303562368496 0.9979256343307342236 -0.2927093372200321175
0.9191158896993411043 0.3895104082787404498 0.05922519011972428304 6.631924277234498177 -0.3904849822113276026 0.920593418667502883 0.005407048501624419322 -1.167246948240541204 -0.05241621857409910906 -0.02809625150458104972 0.9982300038977909296 -0.3011577172648193246
0.9105045942299231365 0.4101532997526150526 0.05249432910557657456 6.87416640675323265 -0.4106263528741933566 0.9118016647692308574 -0.001929364998520107129 -1.31713310145826723 -0.04865575208997883344 -0.01979885921210156052 0.9986193583956091135 -0.3113199672029817178
0.9008327568667727769 0.4317535526836724369 0.04570791945426082997 7.1175165538612708 -0.4318191788965268785 0.9019159101741310858 -0.008937992610087075115 -1.471859364463435682 -0.04508370984002103843 -0.01168591972400791386 0.9989148604296889111 -0.3218194941878582682
0.8900009436957583286 0.4540339723203126177 0.04185059377950759579 7.362652386538436566 -0.4539390047436483999 0.8909479489629218429 -0.01229358414413027345 -1.630683586055445611 -0.04286840553374618445 -0.008056315398521241705 0.9990482448756885514 -0.3299499025398713314
0.8783492162790147439 0.4763573792349042324 0.03982840080262002591 7.60655225267250934 -0.47632889708118481 0.8792007048905223776 -0.0108121378751207687 -1.787674435759486702 -0.04016759972244474813 -0.009474585397906394243 0.9991480351599932863 -0.3441056324393380605
0.8663447348689752303 0.497999532745183382 0.03799033759239436869 7.850850338619340008 -0.4981655389702322467 0.8670636139977510037 -0.005637824372662670301 -1.944919839367636127 -0.03574767331314149255 -0.01404117754100392759 0.9992622024203451359 -0.3557090988990402325
0.8528790906111424208 0.5208155943169682223 0.03672020580789250865 8.090505929600897872 -0.5212138583611897191 0.8534247661701954701 0.001510741403699322359 -2.106203640831203927 -0.03055111537329520399 -0.02042755990348429918 0.9993244438848862821 -0.3636661501664149032
0.8393823219310313499 0.5425323189689409409 0.03310589832422386469 8.326089902500449114 -0.5430197521436168628 0.8396877221899470278 0.007353773544466595154 -2.278264380105128328 -0.02380895654066761402 -0.02414978421522118515 0.999424795325192461 -0.3764337636053678993
0.8244512797481799993 0.5652498009708758486 0.02779837808170753863 8.552387660186747453 -0.565622768624334471 0.8246308008424356739 0.007411202041892463871 -2.466014737877924468 -0.01873421830050463546 -0.02183357058175199733 0.9995860764638134777 -0.3882994071080864695
0.8107914052722468012 0.5849015071935271814 0.02252829375242727805 8.772109989755630721 -0.5850855392443115033 0.8109690942395780811 0.002009964037422646947 -2.669309838235196963 -0.01709411898427580165 -0.01481064046484175008 0.9997441852920039285 -0.3916550077947151265
0.796997234751245287 0.6037141182890871649 0.01801863416850951055 8.988099847971419365 -0.6037438681302561561 0.7971664703023794152 -0.004354345043938430068 -2.879295597078501245 -0.01699263057870832247 -0.007408238932148210332 0.9998281694881074877 -0.3898418689934796122
0.7828024772106033646 0.6221009599247078192 0.01451472816486298195 9.203450477979242095 -0.6220766447186962811 0.7829278232543241955 -0.006683686839966634756 -3.085749446323839074 -0.01552191252622378559 -0.003797266780576129871 0.9998723173468326841 -0.3936985195450189989
0.7690868276918851887 0.639041267706579319 0.01147648198712339536 9.417421142780270316 -0.6390218758379004882 0.7691669759772329362 -0.005762401118436606337 -3.290592938715230176 -0.01250974306065242604 -0.002901936251364884128 0.9999175391473785757 -0.3989690341689516861
0.7548751521674884613 0.6558328549194116786 0.006838936201273655181 9.623543259077855794 -0.6558190026646877335 0.7549052519101668857 -0.004415470795029705596 -3.503345062789454012 -0.008058559673137665261 -0.001151975130517565683 0.9999668657357068113 -0.4056329699681475165
0.7402022063373863148 0.6723779997183627621 0.002918771659235527404 9.824227089097961496 -0.6723630974976788632 0.7402063543861263639 -0.004734770292968737936 -3.72268096471447496 -0.005344048707880521241 0.001542213063664134472 0.9999845312414957776 -0.4125807141331396255
0.7224222900162080574 0.6914512917011343962 0.001070557130992738767 10.0255891181556045 -0.6914305260961453037 0.7224110988433769531 -0.00678467761300811413 -3.947149230881897175 -0.005464656452665307175 0.004161186457912732783 0.9999764107503320565 -0.4188973534326682069
0.7071030394126880392 0.7071079905638574248 0.001892441302206165823 10.22425317848830773 -0.7070799170657356969 0.7070948018976190852 -0.007411613298011533908 -4.179102632650253391 -0.006578946393679641416 0.003902667050959744092 0.9999707428991302383 -0.422689957066386568
0.6919851463522271873 0.7219067365280871229 0.002687188726858662311 10.41856549572156254 -0.7218762178110474936 0.6919832298627881517 -0.007344096096921082749 -4.410709775804912525 -0.007161241980539491229 0.00314218777776354135 0.999969421167100192 -0.428067202377147904
0.6750302250503110724 0.7377858493214852764 0.002497160287432831013 10.60839346103006342 -0.7377569542221609211 0.6750281258121109129 -0.007190678648736089848 -4.645023350586289013 -0.006990834382733841605 0.003011628058659807181 0.9999710287458679625 -0.4261315017402016458
0.6586538807646697968 0.7524449469000271673 0.001291215805160393941 10.79037715079983961 -0.7524226388255952358 0.6586459518126026591 -0.00675890106442315116 -4.884359746422232362 -0.005936155015507758523 0.003480236412374667233 0.9999763247288137036 -0.4307640219880488619
0.643195844118765514 0.7657011404089540951 -0.0009325689121771165487 10.96814743327634289 -0.7656867580957514852 0.6431751980207678354 -0.007032291786066980147 -5.128900252879304844 -0.004784828645522478004 0.005237196518494589663 0.9999748382771737054 -0.4400108358545632425
0.6281974471694606876 0.7780504967453095722 -0.002322043098186532019 11.1427595651825726 -0.7780411610434907477 0.6281671950913554348 -0.007610961381846554664 -5.375999350959501655 -0.004463080983986003267 0.006587831618687430002 0.999968340190175331 -0.4417010598004656452
0.6137019202422886455 0.7895331352733820918 -0.002716872523873645369 11.31663714840576418 -0.7895283991802007906 0.613674171119853229 -0.006994182461921083678 -5.628767974113261019 -0.003854864313708192616 0.006437391221956537124 0.9999718496114670119 -0.4461800129514678082
0.5983015789288117503 0.8012667980184102756 -0.002595966990339055019 11.49141059106040075 -0.8012665268522867201 0.5982842669427846927 -0.005280991839453327667 -5.889329688546961705 -0.002678357213737453651 0.005239687210027254953 0.9999826858903991811 -0.4515780688417935229
0.5830175230681786669 0.8124566600874276734 -0.002177906110870040431 11.66587947711737883 -0.8124566323813225965 0.5830060939273418175 -0.004256165314421461211 -6.160879986651066176 -0.00218821732149598663 0.004250873223862872315 0.9999885708255812355 -0.4593238967984005772
0.5688410908615042505 0.8224461637611144571 -0.001456386665659312012 11.84048873129631829 -0.8224429573976808072 0.5688312343728463283 -0.004313771994512276449 -6.441515423911909011 -0.002719407003475613101 0.003651645723505562123 0.9999896351008141782 -0.4650137437133885498
0.5545670220363856373 0.8321389271955194067 -0.0004731971948369395132 12.0121823201811786 -0.8321307723822466418 0.5545588698717052178 -0.004778859816187410077 -6.729118395946311892 -0.003714259579064733367 0.003043960004221176428 0.9999884692251566065 -0.467854236772170029
0.5385391047610923465 0.8426003544209583751 0.0005247597512803857433 12.18362635741501521 -0.842589913511158195 0.5385353472046645606 -0.004681608741708982724 -7.02347510305056133 -0.004227326859879061184 0.00207907210715618275 0.9999889035218305633 -0.4693114526134435915
0.5226049613274930117 0.8525738917364514835 0.001346671916663475833 12.35246603939367205 -0.8525643447658676211 0.5226056857845268189 -0.004163558529843456799 -7.327936189214964813 -0.004253519699795814055 0.00102777188422880218 0.9999904255817240184 -0.4749304205992220806
0.5068312509165143753 0.8620438404278356614 0.001581225736439465304 12.51695654349942188 -0.8620353667943094766 0.5068333650817959946 -0.003868647782278551196 -7.641901955949880865 -0.004136361952451587075 0.000597679087151441169 0.9999912666066174127 -0.4771830697982935576
0.4901845478473880746 0.8716167893172047654 0.001811527537551249666 12.67806859065171565 -0.8716091844925011323 0.4901878507296489884 -0.0036469857916575474 -7.964825297694044792 -0.004066762836579836463 0.0002087520415987504686 0.9999917088969368928 -0.4836218365663809138
0.4731748070072645529 0.880966191841406232 0.002042264940937168257 12.83594629901514494 -0.8809581301989900526 0.4731792140215659304 -0.0037688531720849309 -8.29700728986810887 -0.004286589546197513804 -1.582353139895355831e-05 0.9999908124076332117 -0.4884789494491584838
0.4556272088093566985 0.8901660147258600997 0.002883196086786320514 12.98995416492008914 -0.89015843603494893 0.4556355405304133299 -0.003770008139531638453 -8.6360218894889762 -0.004669619728508989966 -0.0008487830335924389244 0.9999887370460494029 -0.4932998470435249194
0.4376436958057056126 0.8991404490822112461 0.00380109796802097959 13.13982690232653106 -0.8991332220731499403 0.4376569875106178786 -0.00397621019144128382 -8.98311241370598168 -0.005238748503094574349 -0.00167753013991973096 0.9999848705889259337 -0.4995264277963483712
0.4189235467729763851 0.9080100304474805206 0.004565803972528956894 13.28366799724770253 -0.9079996154286513743 0.4189430678525721818 -0.004837796987936206043 -9.338166251222009606 -0.006305580113779426718 -0.002119081178425042625 0.999977874332421357 -0.5029589780867909088
0.4003100911442915022 0.916364586787501767 0.005270200168916485892 13.42085483727712791 -0.9163542270646858334 0.4003352414290536343 -0.005159942889588562363 -9.700903169488674038 -0.006838235790867550935 -0.002763792993833104512 0.9999727996198475299 -0.5102792914257003876
0.3809053645244000474 0.9245980476940014459 0.005436310971172896196 13.55392883450988784 -0.9245888005306618362 0.3809318210001714222 -0.005147589995891241159 -10.07327913389548613 -0.006830315498302315207 -0.003065607596341315012 0.9999719740274018998 -0.5183168440364717133
0.3613386189826129913 0.9324175963311523985 0.005641673845082771817 13.68098545023493884 -0.9324081758715259127 0.3613673459193421644 -0.005351156056797479188 -10.45411325351861542 -0.007028228772012123579 -0.003326763479232078009 0.9999697678655498079 -0.5237435624728878913
0.3413238389306435527 0.9399278488163439471 0.00580310237099518518 13.80193265341311815 -0.939915600219519809 0.34135584076380876 -0.00590376493544809023 -10.84623860130067641 -0.00753003596458259785 -0.003439330736257994233 0.9999657341941566857 -0.5306551716748475478
0.3207945992659959611 0.94712692267404619 0.006435637323550250088 13.91963366643790678 -0.9471133206991773079 0.3208339827592172622 -0.006474045183307236898 -11.24798430375253488 -0.008196513645827008948 -0.004018439106114247983 0.9999583337875654898 -0.5346516730801729178
0.2995153982980475194 0.9540691669365944927 0.006523103806833368927 14.02817618839952374 -0.9540516699766824482 0.2995583505756760356 -0.007085592077150425737 -11.65568265784224877 -0.008714195147308357453 -0.004101134147175430032 0.9999536206752999146 -0.5436816927266827637
