1 0 0 0 0 1 0 0 0 0 1 0
0.999999996459192797 8.341601729551295164e-05 1.110776213688175754e-05 0.8359335976461449436 -8.341646403212506439e-05 0.9999999957118604899 4.022402933348616746e-05 0.3898277251883617289 -1.110440676092354702e-05 -4.022495576130140756e-05 0.9999999991293225809 -0.104178616726455342
0.999999975872972291 -3.351451715825335992e-05 0.0002170963654918462436 0.8376942228355783726 3.350023040134766673e-05 0.999999997273279484 6.581166731922475103e-05 0.3891068078563780785 -0.0002170985705461387228 -6.580439295312156178e-05 0.9999999742689958948 -0.1030890970420297453
0.9999999753932519164 -5.827351127386871027e-05 0.0002140506796346041275 0.8395263432439692419 5.824793839459766333e-05 0.9999999911663991492 0.0001194754337716484328 0.3884946022931883292 -0.000214057639996802706 -0.0001194629628209458442 0.9999999699539632303 -0.1029170344917996055
0.9999999797188465767 0.0001648868747133526056 0.0001156487141508358947 0.8411213322398032322 -0.0001649067998920667637 0.9999999715588553384 0.0001723021646356391785 0.3880215300179484794 -0.0001156203004962209723 -0.0001723212324005147589 0.9999999784686692816 -0.1046912175512524357
0.9999999771712065888 0.0002060572784708326519 5.655072333030011501e-05 0.8422316916213181681 -0.0002060647436570479127 0.9999999700520905144 0.000132034615135172322 0.3882106627011358002 -5.652351494326547182e-05 -0.0001320462652312880526 0.9999999896844380398 -0.1058448867904795976
0.9999999934552465941 0.0001028972060020943714 -5.001671422165559659e-05 0.843864134621046813 -0.0001028975115710958834 0.9999999946874045254 -6.106802868808968502e-06 0.3880168226344899995 5.001608558298421841e-05 6.111949424271820934e-06 0.9999999987305175919 -0.1085223254442085755
0.9999999989270448308 2.002991398810364697e-05 4.176976073001435459e-05 0.8456567518207349643 -2.002335000792466947e-05 0.9999999874528542332 -0.0001571412004801503763 0.3870064654383727487 -4.177290773065268057e-05 0.0001571403639410060785 0.9999999867809650222 -0.1093547742118945454
0.9999999929649089347 -0.0001178504794417853635 1.347021444557963904e-05 0.8466170709933336092 0.0001178488881870723117 0.9999999860854192901 0.0001180711678450609988 0.3866100277813286912 -1.348412900188604713e-05 -0.0001180695795646235173 0.9999999929388763142 -0.1069717059541771542
0.9999999758220358137 -0.0002198268813826618475 -5.663030946486711118e-06 0.8476694454814734936 0.0002198268691607732259 0.9999999758357435153 -2.158720613663413459e-06 0.385837539497416504 5.663505354464056116e-06 2.157475675107017161e-06 0.9999999999816350238 -0.1063255978008003089
0.9999999999621853597 8.652131878018921388e-06 8.774610167405900258e-07 0.849353043471345881 -8.652140673376956955e-06 0.9999999999123285743 1.002413695279177811e-05 0.3859300816700937942 -8.773742865087828969e-07 -1.002414454432887081e-05 0.999999999949373386 -0.1078330441139858098
0.9999999552449336804 0.0002972513154839229524 -3.393797544027872467e-05 0.8508902078104210176 -0.0002972504352663195575 0.9999999554846941141 2.593816577745199198e-05 0.3835813421021419534 3.394568408341795831e-05 -2.592807653861598036e-05 0.9999999990877126432 -0.107115028545919061
0.9999999918435122925 0.0001253874976942181377 -2.430947901237190975e-05 0.8521559118385230169 -0.0001253875776966478404 0.9999999921335672726 -3.289501175681064612e-06 0.3833371492817187476 2.430906635882194812e-05 3.292549255538717484e-06 0.9999999996991142392 -0.1051116939531903105
0.9999999934691672365 -7.738749654874086878e-05 8.410018345905443727e-05 0.8528985818023685495 7.738932793556707558e-05 0.9999999967684094493 -2.177321640495840589e-05 0.3816916379476366084 -8.409849821256768431e-05 2.177972471943832305e-05 0.9999999962265431197 -0.1004543380001515357
0.9999999989319080518 -4.183405471096157051e-05 1.964931964202887361e-05 0.8536928471291909126 4.183505779882777133e-05 0.9999999978217677388 -5.105185955930802464e-05 0.3805087211859445318 -1.96471838929421913e-05 5.105268153520287159e-05 0.9999999985038059425 -0.1032435948985310631
0.9999999865606127303 -0.0001639469287554598466 4.229005269433097401e-07 0.854336755851149654 0.0001639469121525509931 0.9999999858015559129 3.896534186009999233e-05 0.3796804719042985443 -4.292887690646502489e-07 -3.896527200319413535e-05 0.9999999992407616611 -0.1038691492976925868
0.9999999646488071381 -0.000262527264705007834 4.221160693000539852e-05 0.8553648776617981397 0.0002625308535963365945 0.9999999619230114378 -8.503838300948230583e-05 0.3788717233514928839 -4.21892804286281054e-05 8.504946185247303273e-05 0.9999999954933268542 -0.1022046605547301673
0.9999999785602008417 -0.0002070738806961231534 -7.637689059552645287e-08 0.8562043965636212395 0.0002070738726830929184 0.999999974221606136 -9.315148045049315444e-05 0.3768978165611719389 9.566612717612554787e-08 9.315146263768561035e-05 0.9999999956613979668 -0.1029533447918954819
0.9999999877431937634 -0.0001542475986365934913 2.685685537524574703e-05 0.8565218082960344148 0.0001542478655937468417 0.9999999880544139241 -9.938212847312361719e-06 0.3748927953447791506 -2.685532210895843252e-05 9.942355338119802932e-06 0.9999999995899706562 -0.1026306121390678783
0.9999999602084662653 -0.0002795125798275602497 3.815473199939406989e-05 0.8579297012852729054 0.0002795086225810488158 0.9999999555625157521 0.0001036817072228243152 0.3746194742352119134 -3.81837106453605476e-05 -0.0001036710385205840654 0.9999999938971599889 -0.1013886223453574487
0.9999999979475641121 4.97678260960434117e-05 4.034891908269023066e-05 0.8599671165128649486 -4.97655210322592504e-05 0.9999999971299347035 -5.712725743831552843e-05 0.3730782769187070969 -4.03517620662997335e-05 5.712524933608425614e-05 0.9999999975542206432 -0.0992742553283462309
0.9999999865401211219 -0.0001329428165848884008 9.61559414949553112e-05 0.8608422528812653685 0.0001329381943759577191 0.9999999900081288917 4.807471949517876201e-05 0.3720655500048655751 -9.616233172279375679e-05 -4.80619360508580061e-05 0.9999999942214281567 -0.0985507507394830784
0.999999925373298959 -0.0003856138499112333876 2.356597666899598861e-05 0.8618864888330133311 0.0003856152899547003461 0.9999999237818040232 -6.113292405799744815e-05 0.3703757706455872989 -2.354240117063742608e-05 6.114200689677528385e-05 0.9999999978537051915 -0.1011797180814063835
0.9999999555113113781 -0.0002926044762088808333 5.796547005584418817e-05 0.8634941027426852322 0.0002925993464840584532 0.999999953278017828 8.848493969810521955e-05 0.3694065921418960841 -5.799135843701527202e-05 -8.846797510286930435e-05 0.9999999944052098133 -0.1027851219714765729
0.9999999949014450884 -9.345942808919384154e-05 3.82419286301024025e-05 0.8648089063168905577 9.34584577037863559e-05 0.9999999953107899797 2.53759079222543633e-05 0.3677133566412599808 -3.824430006861962551e-05 -2.537233376120451623e-05 0.9999999989468091321 -0.1023771070473501743
0.999999850290560599 -0.0005470316816316341804 1.323615189557297638e-05 0.8662668192398941258 0.0005470323549635157509 0.9999998490813343244 -5.092063548273416385e-05 0.3656539378935997897 -1.320829469713272239e-05 5.092786846277646076e-05 0.9999999986159465726 -0.1004259437778558806
0.9999999431603967537 -0.0003368905131402558269 1.356412497314875691e-05 0.8677299166398757535 0.0003368916096312923034 0.9999999399782710796 -8.091660938525071167e-05 0.3643239649942107139 -1.353686412094915824e-05 8.092117442587818028e-05 0.9999999966342584257 -0.09984472003083377789
0.9999999837327514518 0.0001748721293567550867 4.420673235982237322e-05 0.8683397117302593671 -0.0001748721621244007257 0.9999999847095915051 7.373723700621423197e-07 0.3635385369570042213 -4.420660273800689481e-05 -7.451028849353395742e-07 0.9999999990226104973 -0.09998901218968432592
0.9999999906464932531 -8.223465432700510737e-05 0.0001092907816813977842 0.8683311721582798182 8.22327600351782748e-05 0.999999996468601382 1.733696620163601066e-05 0.3641858910304366925 -0.000109292206994871137 -1.732797875685051887e-05 0.999999993877477289 -0.09648306734222704406
0.9999999810113469056 -0.0001907940375140160802 3.968552754517775923e-05 0.8694273887478829455 0.0001907936938239275385 0.9999999817613510755 8.663943750045875153e-06 0.364310232200977302 -3.968717985017621637e-05 -8.656371837137555658e-06 0.9999999991749974892 -0.09845332432623385421
0.999999974130622693 -0.0002230961755133182276 -4.434918687249882397e-05 0.869710005358842464 0.0002230936522431915857 0.999999973496242256 -5.689232906909998908e-05 0.3639439710609833623 4.436187815811008312e-05 5.688243357525746556e-05 0.9999999973982062196 -0.1003221054739116547
0.999999956616986152 -0.0002945546707753848208 -1.889911341362593901e-06 0.8707571883411049374 0.0002945548409794680701 0.999999952505467915 9.070009742185633072e-05 0.364096177749771821 1.863195114266748746e-06 -9.070065016954735994e-05 0.9999999958849602466 -0.10132663241749576
0.9999999317168022372 -0.0003681066067795048312 3.261774009900202456e-05 0.8719043206607574037 0.000368103902822253476 0.9999999288163999855 8.286562469603632811e-05 0.3632394264976899767 -3.264824116107938387e-05 -8.285361232027479408e-05 0.9999999960346855898 -0.1021773945269129624
0.9999999373711540018 -0.000353607787710784056 1.480610026671565593e-05 0.8733955494979737111 0.0003536075248021488724 0.9999999373232260069 1.775563222417540177e-05 0.3622013637732853786 -1.481237786854725319e-05 -1.775039556369336044e-05 0.9999999997327584378 -0.104191006167250938
0.9999999322025475701 -0.0003675495795049544406 -2.240997468324339864e-05 0.8742611840017602276 0.0003675493147946642947 0.9999999323839495746 -1.181513813405878855e-05 0.362361864421631763 2.241431581702238448e-05 1.180690056218312991e-05 0.9999999996790978063 -0.1047272449470090516
0.9999999440869561385 -0.0003309855532878106985 -4.769327186184518883e-05 0.8750305956170878474 0.0003309875231900477437 0.9999999443707172642 4.130159515422316888e-05 0.3625429528738922658 4.767959897737889479e-05 -4.131737872285164744e-05 0.9999999980097650232 -0.1062364335576797547
0.9999998542252017675 -0.0005395594900782494686 -2.061872658141511159e-05 0.8749255569643237251 0.0005395588572000667741 0.9999998539672452225 -3.068758417620934514e-05 0.3618585659260427079 2.063528134767551875e-05 3.067645468618176085e-05 0.9999999993165701317 -0.1011037310620780671
0.9999998190382652918 -0.0006010483322206704301 2.577477559102152584e-05 0.8760295592496478712 0.0006010463607439971113 0.9999998164509799059 7.642825932746199135e-05 0.3614800076384800387 -2.582070793789002184e-05 -7.641275366180363265e-05 0.9999999967471910889 -0.1006325091187138532
0.9999999579700568075 -0.0002899302247851111357 -5.909910528581109516e-07 0.8773884993792095965 0.0002899302534242767732 0.9999999567672908096 4.904961331777409446e-05 0.3606321485008766592 5.767700618931216563e-07 -4.904978260240736211e-05 0.9999999987968930526 -0.1012674500220131363
0.9999999563517044665 -0.0002939250494459130238 -3.007747276987505388e-05 0.8784143079719655134 0.0002939258609203421256 0.9999999564398703855 2.697861238999343949e-05 0.3604911428126074124 3.006954176971573189e-05 -2.698745175950118726e-05 0.9999999991837500435 -0.1040138852728733909
0.9999999864704047781 -0.0001566450738519016333 -5.021465129949236939e-05 0.8773194426740635876 0.0001566491024779231443 0.9999999845117651942 8.023420802431475182e-05 0.3606191427982308184 5.020208222831463665e-05 -8.024207301883569681e-05 0.9999999955204803559 -0.1043565254878343895
0.9999998502790259369 -0.0005470845947260772864 1.184786238021845489e-05 0.8770143608410483349 0.0005470844093528386088 0.9999998502269502598 1.564372669841104381e-05 0.3612595342138555932 -1.185641904760877852e-05 -1.563724257542466837e-05 0.9999999998074510232 -0.1012729471942140358
0.9999999305199089861 -0.0003702711026694548938 -4.312177912071710981e-05 0.8767507844390565186 0.0003702690598207405938 0.9999999303283421126 -4.737229498281329501e-05 0.3604150887712125328 4.313931670825053508e-05 4.735632503076910298e-05 0.9999999979481889456 -0.101990667946390362
0.9999999611740165717 -0.0002782690487907754986 -1.47750388882369486e-05 0.8759701286445070734 0.0002782682788033898525 0.9999999599266677919 -5.209057404210796057e-05 0.3608329053362235861 1.478953349064156961e-05 5.208646059499951424e-05 0.9999999985341351261 -0.1008724442519675218
0.9999999360748235144 -0.0003566802405574727658 2.509093368710308528e-05 0.8765418853027768797 0.0003566794259846338975 0.9999999358630067281 3.246181453964075344e-05 0.3604906620672983508 -2.510251056566496989e-05 -3.2452863044688592e-05 0.9999999991583378156 -0.1015568128806029202
0.9999999112216505504 -0.0004212374747010645681 1.075550713245793462e-05 0.876061826280181366 0.0004212377985799244974 0.9999999108254957747 -3.012835214844063997e-05 0.3593373772054047621 -1.074281498236500535e-05 3.013288009984235464e-05 0.9999999994883007615 -0.1023364206960000189
0.9999998622471594212 -0.0005202749704985698944 -6.942346253011399764e-05 0.8767463370057132499 0.0005202712828825239305 0.9999998632477427041 -5.312521130412901026e-05 0.3570741417936409423 6.945109275404276461e-05 5.308908495206756284e-05 0.9999999961790473346 -0.1055918892835863432
0.999999961092468026 -0.0002700594925847211243 -6.987798529795716447e-05 0.877178256923033195 0.00027005680812435261 0.999999962796496833 -3.842298030931161752e-05 0.3545791771817908278 6.988835918881724498e-05 3.84041077887005525e-05 0.9999999968203708844 -0.1053994568672468879
0.999999965136603497 -0.0002640513358754688323 -1.919325366695190744e-06 0.8783694237914363434 0.0002640514692785765659 0.9999999626995637048 6.984048093842156997e-05 0.3529142493156516291 1.900883822813541747e-06 -6.984098530422829844e-05 0.9999999975593116819 -0.1053038742809324635
0.999999969023030566 -0.0002205812208127056525 -0.0001153163599536563913 0.8790599180795153345 0.0002205855574204822255 0.9999999749643205815 3.759481401397869271e-05 0.3535008052916163157 0.0001153080643566615484 -3.762024997294536737e-05 0.9999999926443835507 -0.1076557146557171885
0.9999999560214364314 -0.0002909929781096582172 -5.727313389093039841e-05 0.8801902208603944455 0.0002909999270344524138 0.9999999502955579933 0.000121358658184187571 0.353506183430119969 5.72378165268368341e-05 -0.0001213753193247914041 0.9999999909959320643 -0.1058115674042558602
0.9999999950616387245 8.542849069078791119e-05 -5.078085718812415682e-05 0.8807485594212787205 -8.543001716243015518e-05 0.9999999958990971605 -3.005857278525799812e-05 0.352712770973265588 5.077828912137143021e-05 3.006291084631901414e-05 0.9999999982588934078 -0.1037830611426806271
0.9999999672551734831 -0.0002547224225192326326 -2.461989749193869024e-05 0.8818846559734263568 0.0002547233174784524295 0.9999999668971810696 3.635475653339681907e-05 0.3512565883697207347 2.461063630529639651e-05 -3.636102660493175151e-05 0.9999999990360961544 -0.1028690012189857617
0.9999998473817633959 -0.0005523735961953702995 -1.094806176813693353e-05 0.8815085620077436346 0.0005523748241941072844 0.9999998411149108035 0.0001124820282883592834 0.352154809024658455 1.088592792618017419e-05 -0.0001124880585552449197 0.9999999936139666312 -0.1028827856386085315
0.9999999365390036532 -0.0003560545137255448139 -1.213144396920439006e-05 0.8816108991715246868 0.0003560540871429285236 0.9999999359950709765 -3.514741696055363648e-05 0.3514444916559756882 1.21439575891867804e-05 3.514309527985535439e-05 0.9999999993087436145 -0.1010010082255466818
0.9999999384595631424 -0.0003421043489013593313 -7.775271236768400345e-05 0.8817715165812884948 0.0003421055079747324732 0.9999999413709879104 1.489436516684425057e-05 0.3505326934006295359 7.774761238202159699e-05 -1.492096388139947313e-05 0.9999999968663367822 -0.1043579516673584784
0.9999999318010777127 -0.0003561433962764823402 -9.777382636737473012e-05 0.8817647652981204232 0.0003561524777708276624 0.9999999322642658672 9.288097952189976702e-05 0.3506448121850746502 9.774074079709640472e-05 -9.291579557803894118e-05 0.9999999909067012194 -0.1066069763409721871
0.9999998426272944663 -0.0005555474880863277417 -7.818167806998742243e-05 0.8819790405316499937 0.0005555545932272071448 0.9999998415492640236 9.088751781526973347e-05 0.3524636093399959869 7.813117334982231797e-05 -9.093093770241313881e-05 0.9999999928135421268 -0.1074802017897494161
0.9999985504336287301 -0.001682957378973301207 -0.0002584281366595060311 0.8828036744473538588 0.001683048918442243838 0.9999985208694330829 0.0003544083578331588412 0.3542131323201607729 0.0002578313002495646097 -0.0003548427912906214755 0.9999999038048024147 -0.09989457314336630533
0.9999976989735890331 -0.00181458061257641981 -0.001144266021392531963 0.886265553397437289 0.0018148411102723598 0.9999983274876363959 0.0002266576148151125934 0.3580692259352755702 0.001143852819079927688 -0.0002287337542866656323 0.9999993196405675411 -0.1008569201227352274
0.999996867453441407 -0.002275246715876731024 -0.001043233284639687435 0.8956019035194521249 0.002275904537644416435 0.9999972117965801877 0.0006298075905999002801 0.3637723212286351204 0.001041797408240928815 -0.0006321799170646329657 0.9999992575030807185 -0.09953631467484468087
0.9999933314537983176 -0.003583750305099453644 -0.0007026960115268633894 0.9079850270324207884 0.003584370842880400809 0.9999931855510516554 0.0008838196199889412517 0.3698327311644014626 0.0006995238342079783747 -0.0008863324492920966746 0.9999993625403941211 -0.09296841720311319057
0.9999849476832322059 -0.005459180203141273009 -0.0005493254709380451014 0.9228307546787990479 0.005459625631413307992 0.9999847659212834916 0.0008126581820018987518 0.3728408344528580387 0.000544880655011474287 -0.0008156450610346408165 0.9999995189139874174 -0.09104703152676381361
0.9999737174370831871 -0.007221473730895405785 -0.000644012588801635825 0.9420257322019478519 0.007222249989624775386 0.9999731855944598014 0.001211279140189048956 0.3739036028234596354 0.0006352480994952499705 -0.001215898524581628115 0.9999990590248722944 -0.09246424785699665361
0.9999514343437384545 -0.009783006562739877607 -0.001192365922639794561 0.969865723433330329 0.00978507662245093647 0.9999506062342844448 0.001742804400912893953 0.3737651788746294557 0.001175257160305061624 -0.001754387152388457802 0.999997770445677836 -0.09269079524766390965
0.9999220908823860388 -0.01246193908581426021 -0.0007157091719311445884 1.004478143280367775 0.0124637955772841872 0.9999188101241713866 0.002650841313408931754 0.3781876188445063569 0.0006826164406184842288 -0.002659555241513006287 0.9999962303932512508 -0.09522883377136445726
0.9998791976789055402 -0.0155431623526841433 -1.237199462206731335e-05 1.045747682401301448 0.0155430700815970789 0.9998698135312903412 0.004332315932757513366 0.3813969303963004043 -5.496750595019369857e-05 -0.004331984877716582236 0.9999906153987608848 -0.09248416162534631169
0.9998439178779879866 -0.01764586355625388098 0.0008737172021359686453 1.092468132760018529 0.01764032966841253686 0.9998265074707786138 0.005981114275348067312 0.3855109205699673858 -0.0009791075451459001038 -0.005964768070857333522 0.9999817312782648404 -0.09578035509895262145
0.9997974423433095836 -0.01997693586939110547 0.002448737847691296807 1.146898539325999611 0.01995848869310846985 0.9997738696149410798 0.007339507085209042402 0.3914512954713459392 -0.00259480497601305253 -0.007289147305207066378 0.9999700672113638333 -0.09743655909432705209
0.9997414363331598164 -0.0221405790340807665 0.005182204023984485555 1.203978404095250809 0.02209845881326422123 0.9997234000342883897 0.008048698153162918076 0.3921415941555465023 -0.005358973464110704243 -0.007932098330069192738 0.9999541805600360433 -0.09733877784611162653
0.9996847917304130249 -0.0238709398021468254 0.007777879909266463034 1.25811306707040238 0.02380969547855739735 0.999685500900078905 0.007873861274922452219 0.3959043212581187521 -0.007963390241539832284 -0.007686190416626591596 0.9999387515706851248 -0.09607521127295032271
0.9996257698074383358 -0.02542158050133675254 0.01010265221119180032 1.307034150954395235 0.02534495435209981745 0.9996495568891411443 0.007641773369692259586 0.3983438392934808281 -0.01029337776321358894 -0.007382862328244810257 0.9999197666403369933 -0.09582224598186826758
0.9995646286158462734 -0.0268733593885105114 0.01218095953696913397 1.354024373137598269 0.02677640255171564662 0.9996090011666772801 0.00805413266256564675 0.4003591001944299399 -0.01239263839760529687 -0.00772446384765214291 0.9998933719011304788 -0.09408309847158161099
0.9995205246027496493 -0.02819074305326117399 0.01280636185452997677 1.395382674766064479 0.02808747145781939625 0.9995720511697614441 0.00817364468165094997 0.4005664760218951015 -0.01303130250398379548 -0.007810027297052614045 0.9998845876543297484 -0.09919142549594017755
0.9994687600825372664 -0.02973700644341778151 0.01333821827905090282 1.433008605435299287 0.02963259344152731692 0.9995291738997224007 0.007958638656677957321 0.4003972855243808082 -0.01356860438676839135 -0.007559164710637404118 0.9998793687259842633 -0.1029252307833150026
0.9994287000648002239 -0.03074247716302554514 0.01404185118367253134 1.4644858488915109 0.03064084597035349883 0.9995030919411724835 0.007396469310222920403 0.3997060558247896855 -0.01426225946351505555 -0.006961989508527746846 0.9998740513970140187 -0.1018855401872408167
0.9994039638910531265 -0.03124630798777115054 0.01467600749467888599 1.487639701128735892 0.03114204732996309066 0.9994884577450684482 0.007279816102276593162 0.4023269383146145239 -0.01489596747273773565 -0.006818436148998960507 0.9998658005360184786 -0.1043406769642413329
0.9993763035563051345 -0.03182691823291467631 0.01529873086015023399 1.506827173567470313 0.0317108221143094296 0.9994668655957646974 0.007772280039487203772 0.4027530310973231886 -0.0155379423016876253 -0.007282297163186254516 0.9998527594086323855 -0.1005163100776883395
0.9993600133414365372 -0.03216300461594970989 0.01565582537837847954 1.517233147249751557 0.03204648025549079043 0.9994571965192489138 0.00763776335833055587 0.4039753649428801108 -0.01589298076001858032 -0.007131161192808340918 0.9998482683400535809 -0.1000238824153629608
0.9993575706279320681 -0.03228790236521873053 0.01555433667797812003 1.522359519859705301 0.03217289654542684896 0.9994535125127959052 0.007588218085417660665 0.4039324026881581098 -0.01579084407227979853 -0.007082915126464602203 0.9998502295628062253 -0.1031193279466336155
0.9993633022151185985 -0.03250901736029979117 0.01470217589206921326 1.523424448317276081 0.03240122698669400947 0.999446716849944683 0.007511369224259688455 0.4036182033781605671 -0.01493822865839006253 -0.007030218213835940679 0.9998637033898247761 -0.1062287231636328544
0.9993623976265486597 -0.03306527463663680444 0.01347166742907974189 1.524862830110879086 0.03297003885150019686 0.999430180790023992 0.007231200740580633404 0.4046677610199879149 -0.01370309265262819459 -0.006782428711294287427 0.9998831051240588685 -0.1077517451004471188
0.999348957558108042 -0.03387177428582580779 0.01242432832199983142 1.533394391790413813 0.03378113130256953783 0.9994016035384536423 0.007434380450722335304 0.4037627319406766335 -0.01266870930447667846 -0.007009832487128032918 0.9998951775326556657 -0.1027288399533511087
0.9993339208807469065 -0.03433453049428704384 0.01236343774400536569 1.551353593150533561 0.03424381427129996602 0.999385546953974635 0.007475942994538104826 0.4029546665673672812 -0.01261252398474373669 -0.007047592159152217539 0.9998956223944039934 -0.1035747156667264912
0.9993110671488608654 -0.03476902211280395033 0.01298099284046666177 1.579614332627177653 0.03467310008046489006 0.9993702426261696914 0.007542829980899752075 0.4018283820370387449 -0.01323507478690476302 -0.007087542213634054518 0.9998872934189907413 -0.1047312937714714731
0.9992660054224755672 -0.03569416391079745926 0.01390600840349673004 1.613483244723213028 0.03559076929584461396 0.9993374488869048999 0.007613172344207690644 0.4040174193867520636 -0.01416854078368558374 -0.007112658780074354939 0.9998743233712621414 -0.1058584428687565221
0.9992365207415933037 -0.03617998232168077172 0.01474396471232205207 1.654439256597683539 0.03607013755156388002 0.9993199856619890964 0.007649276667313810972 0.4071181793044136299 -0.0150106892995156057 -0.007111619768007642305 0.9998620425193811556 -0.1092953269640332681
0.9991717810639484387 -0.03741641808323083185 0.01599261027218060877 1.700286644656858304 0.03728994603212034548 0.9992713784583944214 0.00813462468598759661 0.4104494059751496171 -0.01628532623003087904 -0.007531523861822641067 0.9998390191915398351 -0.110456948024280549
0.9991332598682386434 -0.0378791375323281887 0.01725977881879510803 1.755010862776771319 0.03774067057077130222 0.9992532715648297925 0.008278952340307161803 0.4132058654263888742 -0.01756049002548845314 -0.007620381013540356192 0.9998167627036832483 -0.1088772953292303641
0.9990714153871375069 -0.03890173227099544967 0.01851923817703122685 1.817392260527914916 0.03874714252539082637 0.9992117411525868187 0.008634540458694679038 0.4147732977000910815 -0.01884053880489804794 -0.00790895499617850703 0.9997912194695498522 -0.1054967984031724981
0.9990246677231556793 -0.0392722472658814728 0.02018424819818274984 1.884703254083323287 0.03910229108739968207 0.9991969263106190713 0.008747187155164539221 0.4181332282511754928 -0.02051156045635341846 -0.0079494053927748453 0.9997580121417115606 -0.1089009870831731258
0.9989318905897133227 -0.03983304996522892688 0.02341807193875131143 1.954175516934393064 0.03961717997809445502 0.9991687077363496927 0.009611062951427769979 0.419157178339772396 -0.02378144262748220494 -0.008673039313909017278 0.9996795593467013852 -0.1112254180311529617
0.9988391031085573912 -0.04047099225683136597 0.02612556003304392777 2.019992761613752297 0.04022897365922045027 0.9991431701973092494 0.009723946030109715741 0.4188382194414259629 -0.02649671261908604844 -0.008661653064989099232 0.999611374478383663 -0.1101924374175103499
0.9987963809797331116 -0.04042455393782171807 0.02777849493251847643 2.080725062836270567 0.04015805743516972365 0.9991424370720960457 0.01008567621263857864 0.4213463498234183979 -0.0281623820871285957 -0.008958006505954145895 0.9995632217897064686 -0.1113151358443440764
0.9987767646045181413 -0.04070885140695088 0.02806713208109555546 2.135634772605040865 0.04045479635766835447 0.9991356237114732419 0.009561113028560995139 0.4237618034386251287 -0.02843209344720246112 -0.008413967423999756806 0.9995603139452853281 -0.1170804009992834904
0.9987721745239611648 -0.04057277138266776606 0.02842522856562132438 2.185983023585154505 0.04031546846320468308 0.9991411939425728361 0.009567526827894159286 0.4243362199971819071 -0.02878899788583110658 -0.008409803168915494856 0.9995501332156330188 -0.1170229361299223586
0.9987358014196713318 -0.04111111793984577323 0.02892533395386968562 2.230843018432642211 0.04085303065781198395 0.9991204023353901231 0.009457881540812044033 0.4256734718117901606 -0.02928871538116121706 -0.008264237345590345202 0.9995368295027537986 -0.1194740757675751691
0.9987015868567471477 -0.04169014194228852499 0.02927580015383000542 2.271674306057773318 0.04143203890765161795 0.9990974016100060418 0.00936847095790674031 0.4259911548143676674 -0.02963994874776271216 -0.008143350721056694108 0.9995274679953842778 -0.1238864381307917817
0.9986891784712080833 -0.04177557445732262703 0.02957577020576268589 2.307411494454836287 0.04151822134010318271 0.9990948071312396594 0.009263026511096079246 0.4260566592946555819 -0.02993596668319878362 -0.008022950962816679729 0.9995196196956769308 -0.1268122719278055865
0.998699857754571485 -0.04124237488361801734 0.02996098521340365833 2.335107901851461332 0.04098278158059726062 0.9991172413515685413 0.009227656687831941457 0.4255932261595369304 -0.03031510737100788846 -0.007987774908605353719 0.9995084740596718031 -0.1225192579489952915
0.9986701714330641355 -0.04171734191505905437 0.03029112202273572321 2.356716187756186187 0.04146205316517475453 0.9990994727146188525 0.009007872595616406991 0.4242664769821623549 -0.03063962854184806156 -0.00773996155757197303 0.9995005283429843068 -0.1208887427075879262
0.998659171360637532 -0.04210389373312801303 0.03011845928653012969 2.373333540564478206 0.04185246647746515558 0.9990838891267130872 0.008930483592414602961 0.4240283233524091422 -0.03046687557065155816 -0.00765797753660813537 0.999506440636082738 -0.1198776321853604193
0.9987013146747940606 -0.04175110922029953708 0.0291980983235635809 2.390179938913965074 0.04151762782758157411 0.9991011216005633022 0.008557768170904969315 0.424360119232261912 -0.02952914909726135628 -0.007334418543494054116 0.9995370106495409246 -0.1220574739684650578
0.9987210670426155401 -0.04198019685900370584 0.02817611252353349055 2.409743595219318024 0.04175232507514394648 0.9990907384128816515 0.008627848423702542263 0.4224452559033755605 -0.02851269184203819584 -0.007440395774565746433 0.999565739166083489 -0.1248259176459384501
0.9987303621737823045 -0.04220784352055333838 0.02749839299977379498 2.433499265409291734 0.04197599573353467256 0.999078487631318124 0.008954961445840044568 0.4219288627552277848 -0.02785102250194423229 -0.007789319460818520773 0.9995817360516014993 -0.1240112455115610912
0.9987288150980603296 -0.04224466513386886807 0.0274980392128539447 2.466138674692097688 0.04199883831917215066 0.9990729012073005233 0.00945704251166727683 0.4232344739389992672 -0.02787205540796025213 -0.008290135159014534738 0.9995771216801537795 -0.1255858661787758457
0.9987197128946649904 -0.04200748367570435182 0.02818344178473112735 2.506367291143460019 0.0417351951860660958 0.9990768320954711568 0.01018121077567050656 0.4261034665065488447 -0.02858511078129419292 -0.008991934458896833765 0.9995509174405814434 -0.127239941388373301
0.9986475799015854804 -0.042947947299629044 0.02929991432504071985 2.553982112368456292 0.04263231544109380433 0.9990267693627442602 0.01131369863348625701 0.4298195821270849315 -0.0297572988834254766 -0.0100492745701647665 0.9995066359178291782 -0.1233356350805484003
0.9986164093284523036 -0.04282860442154493713 0.03051192657391098295 2.604583188436430774 0.04246172748972111555 0.9990189858111968579 0.01257249726014441314 0.4331143511422131942 -0.03102045645275993899 -0.01125951295884943144 0.9994553289914421823 -0.1278394461609468069
0.9985948938314075374 -0.04241114056329036569 0.03177315171588787623 2.65460170430922382 0.04199463147345001979 0.9990244008229312023 0.01366372891242881304 0.4358186953417979015 -0.03232164818274468887 -0.01231022812558925719 0.9994017056930846188 -0.130423701019899918
0.9985856661254393085 -0.04169980053994511854 0.03298172287406188341 2.699527101587107403 0.04122673655372582208 0.9990387735729220342 0.0148958078344751093 0.4389651434452702672 -0.03357117218600373654 -0.0135150113888489222 0.9993449458846614952 -0.130950893844098748
0.9985696169879324513 -0.04142093969950038507 0.03380866431825297475 2.740161467706242249 0.04091671065553201952 0.9990427536441272016 0.01547252986072958358 0.4411663283403136626 -0.03441718782389740355 -0.0140670588813031211 0.9993085484657501238 -0.1330521511861652018
0.9985421244301786459 -0.04149906429260328405 0.03451743619251027018 2.774793162076208297 0.04096852689876685771 0.9990333087046503469 0.01593825280210871276 0.4433400027951770461 -0.03514549106515165583 -0.01450088829959355653 0.9992769979821971571 -0.1315365234060957567
0.9985071479659354265 -0.04201130008792095666 0.0349073935700747115 2.803577564000260036 0.04147249810730054692 0.9990112261132630955 0.01601880146623691631 0.4444386966053605614 -0.03554584872630547898 -0.01454719095211905178 0.9992621637356881026 -0.1319367110453134595
0.9984864302496397892 -0.04212755135093564085 0.03535700813849350366 2.82462629358029238 0.04157377338728468485 0.9990032095304786086 0.01625449827418222123 0.4453875112901539701 -0.03600652682047957021 -0.01475997171328502847 0.9992425497652455135 -0.1340033328084403175
0.9984896372073389648 -0.04174540495182147565 0.03571786044775040331 2.837372052708445391 0.04118814748675252851 0.9990200995217803914 0.01619806340590167551 0.4450421031687064044 -0.03635905521553131625 -0.01470244594958704937 0.9992306326303920239 -0.1341798480374367664
0.9984913737166541958 -0.04163750442509644295 0.03579517898654562685 2.842521129199439223 0.04107594093708460958 0.9990233327112927331 0.01628335882288403993 0.4441396998715587685 -0.03643821743117930945 -0.01478847266189896835 0.9992264795264216293 -0.1339475226698188526
0.9984788043377460509 -0.04207993774340804821 0.03562802447198046979 2.841929281861259593 0.04151671868669148252 0.9990031457361063794 0.01640356299265232146 0.4430689562145275762 -0.03628276943337235133 -0.01489945129441661367 0.9992304874218810307 -0.132255969548963459
0.9985188541358340775 -0.04142565609203843063 0.03527056779532990183 2.839674417369898229 0.04087329623831501696 0.9990323409877056582 0.01624054541077717476 0.444011802501964814 -0.03590921316146800102 -0.01477486642811811149 0.9992458314810002129 -0.1334481600342884433
0.998540648270843767 -0.04121915836389120069 0.03489347696368860774 2.840339460467292021 0.0406772574940941975 0.9990426099102304169 0.01610044429555535644 0.4435755360701486572 -0.03552371705779347466 -0.0146575771370162488 0.9992613376684150728 -0.1346430316240352643
0.9985256846800026898 -0.04168478158750514584 0.03476831917613686096 2.840974655256439441 0.04114795417769716995 0.9990246968312486153 0.01601564822983684439 0.4420508941592274921 -0.03540201832271527849 -0.01456139090999667741 0.9992670628983246761 -0.1325389878298016966
0.9985239641765212282 -0.04175111194651701801 0.03473812914413710456 2.840990584027323074 0.04121273548196562053 0.999021109046376532 0.01607277554877757642 0.4417588248584797816 -0.03537518055500036424 -0.01461739822872916428 0.9992671956337423333 -0.1323203558381088052
0.9985156520173036343 -0.04202257587868466621 0.03464961461516057745 2.841543168602676861 0.04148474263088682001 0.9990094465513897903 0.01609788277802407658 0.4411099815163588289 -0.03529176682043620034 -0.01463655757362748375 0.999269864639720784 -0.129332473537011744
0.9985198515094538818 -0.04174618554366173184 0.03486204431889261546 2.842772803190683373 0.04120220433196806337 0.9990198218785615314 0.01617942681042736433 0.4399283766937098772 -0.0355033026594008122 -0.0147190857827988672 0.9992611590640324559 -0.1292090924306494581
0.9985289226612147351 -0.04146644615148088048 0.03493600510361984796 2.843196165223054184 0.0409202334823358313 0.9990309555606859959 0.01620753908691297679 0.4395352590341238819 -0.0355742196089378418 -0.01475410705766454396 0.9992581204194169731 -0.129991669774579266
0.998527610679790123 -0.04162521296452619674 0.03478436941741625682 2.843131338043433765 0.04108514435980272633 0.9990259317057608168 0.01609964882755719751 0.4385589324037825754 -0.0354206383771328015 -0.01464682303758512057 0.9992651544769596272 -0.1287050382467423426
0.9985101341222787363 -0.04207574794990337486 0.03474397054979799782 2.843789614488887896 0.04153738170153829096 0.9990076335412608755 0.01607463989240272978 0.4373223577336885493 -0.03538584429527916186 -0.01460751726837641526 0.9992669625594375882 -0.1301352490651172811
0.9985143581989646133 -0.04190365798821248794 0.03483044527014693414 2.843259996950372237 0.04136004634236057492 0.9990132198033458977 0.01618435122917898789 0.437455387624322789 -0.03547425879518233127 -0.01471971824997195082 0.9992621812405260151 -0.1301009418678207852
0.9985222425791152601 -0.04173399297926468077 0.03480811550172029784 2.842091201760163166 0.04119199738644385017 0.9990207886280036975 0.01614568798152338919 0.4391178370830683408 -0.03544785502804954913 -0.01468801276851950527 0.9992635847737183497 -0.1292848384360965053
0.998526875662237523 -0.04164416869427967072 0.03478278013576222016 2.841477260205586219 0.0411036789351613141 0.9990249628385069469 0.01611245491894118184 0.4391917536222082474 -0.03541985542327317354 -0.01465901904228631217 0.9992650033912486851 -0.1318417454422665669
0.9985065594546265189 -0.04214755065857411775 0.03475967059060566106 2.842676843942000708 0.04160959402420157105 0.9990049023474588674 0.01605760788178933057 0.4385190669015691656 -0.03540187016565108508 -0.01458729101742687641 0.9992666903932839739 -0.1309849055012261565
0.9985015961582843769 -0.04229886763061024152 0.03471841394025026312 2.842700536173051518 0.04175729995841653136 0.9989967840391718035 0.01617879413229421359 0.4383155732909855828 -0.0353679285446755684 -0.01470480454002855673 0.999266169923658687 -0.1318804320458903945
0.9985160456134576368 -0.04192586311521827314 0.03475526801086847167 2.842116445439021977 0.04138258513463448363 0.9990119269926439616 0.01620652257638748039 0.4394944151368722629 -0.03540039971579482525 -0.014744209998782851 0.9992644394610836756 -0.1338589672463733615
0.9985180984146625471 -0.04187026508278931386 0.03476331457532928076 2.843043849900304565 0.04132998244384815389 0.9990155391138031415 0.01611785222504662218 0.4393848554750339197 -0.03540395019708323515 -0.01465719997319375918 0.9992655937234046215 -0.1333580030910562209
0.9985234658950928877 -0.04170423157480452475 0.0348086932476116967 2.843290871463004521 0.04116435240643899485 0.9990229011790968672 0.01608536635140860038 0.442059281111947977 -0.03544550955776699236 -0.01462873844374849852 0.9992645374793076574 -0.1327714493220139846
0.9985332741683078384 -0.0415079786938892803 0.03476187686916069886 2.842518933320843377 0.04096458601293040402 0.9990292415781908408 0.01620114701168176574 0.4414337686025683882 -0.03540060834940952222 -0.01475337847587905767 0.9992642967463809534 -0.1325763746704326507
0.9985236889746973432 -0.04179736374575414304 0.03469038685669268568 2.842441246201104388 0.0412567612752562235 0.9990179470361263414 0.01615614894707102442 0.442842895309485951 -0.03533160349373345999 -0.01470108443716117673 0.99926750968443534 -0.133260655300338593
0.9985276015424164875 -0.04162688217647854405 0.03478263414715377505 2.841794565820333851 0.04108686188912224341 0.9990258710895606464 0.01609902710876346191 0.4447064085971912384 -0.03541890368226222746 -0.01464621364073594861 0.9992652248967420769 -0.1336322252966491431
0.9985257424538989124 -0.041658731537935971 0.0347978698132539177 2.84206173950624974 0.04111912023390987964 0.9990248238899678279 0.01608164179454425052 0.4441827041134576715 -0.03543387656014019421 -0.0146270755200398183 0.9992649743955063224 -0.1327805936110487139
0.9985262215004595543 -0.04165430519048702457 0.03478942131040572289 2.84143814509775261 0.04111383085925731512 0.9990245941530279117 0.01610941306982397944 0.4455668468144721173 -0.03542651391389684684 -0.01465534497975399392 0.9992648212438146604 -0.1328197141815369853
0.9985232129038250637 -0.04163730077396596979 0.03489596647867247714 2.841386724580767797 0.04109395144390533272 0.9990248204016624056 0.0161460637974757161 0.443756174144725235 -0.03553421515874934794 -0.01468820634674287105 0.9992605146543954708 -0.1293002496460868289
0.9985178438937315493 -0.04167615312642636294 0.03500305252968970854 2.840633265625132964 0.04113082586693875276 0.9990231112021165094 0.01615792212962989874 0.4426722043489103031 -0.03564225847666105396 -0.01469426910827088123 0.9992565775945918549 -0.130185252650058203
0.9985161512306479636 -0.0418168187359871657 0.03488336856347667297 2.840437371810621059 0.04127078503988042962 0.9990161818791380988 0.01622931439774536605 0.4416304369492291548 -0.03552770797174708423 -0.01476556854409867559 0.9992596058841984874 -0.1322855298301265081
0.9985159555635259032 -0.04189450276298831155 0.03479564805116926174 2.841097643484300939 0.04135146145669619383 0.999013603525399918 0.01618260197218979179 0.4398804045842367172 -0.03543928780963641334 -0.01471973537251659685 0.9992634218613772878 -0.1307253446658829255
