1 0 0 0 0 1 0 0 0 0 1 0
0.999999649667613455 -0.0007715674312937822847 0.0003245741046347416802 0.8435732662471344678 0.0007717891908404478753 0.9999994684731026151 -0.0006836628972883209299 0.390865907920783795 -0.0003240464400893432574 0.0006839131605646503031 0.9999997136283057531 -0.1023698050773588358
0.9999990647419135792 -0.001204922855187943445 0.0006470519385767921827 1.033072902352694999 0.001205631604251325385 0.9999986725291486467 -0.001096080460253541587 0.3857274900602612466 -0.000645730387236519935 0.001096859541402168048 0.9999991899653786209 -0.09708768825649359557
0.999999697600312154 0.0002872630281808379298 0.0007226888935775455927 1.420266189951143065 -0.0002865377389229520257 0.9999994554401638869 -0.001003501619225278434 0.3974879134440407191 -0.000722976768944123176 0.001003294238125191501 0.9999992353523393662 -0.09522118841877896811
0.9999999046602127128 0.0004040640243066697811 0.0001655651825566295673 1.722291062273987317 -0.0004040206715683140859 0.9999998841148632911 -0.0002617967855109176625 0.3952585819470757489 -0.0001656709460327898437 0.0002617298687950229442 0.9999999520253055607 -0.105354897613398113
0.9999996138365773168 -0.0006794649093465645858 -0.0005573635557261224106 1.971076744565455341 0.0006795596373698887908 0.9999997546857509745 0.000169785562224861815 0.3912901181650377813 0.0005572480556652548373 -0.0001701642584357004309 0.999999830259350353 -0.1152407488864268664
0.9999997033433899452 5.580728730061771341e-05 -0.000768243892760012018 2.149620158419927485 -5.53392248149150564e-05 0.9999998128634027816 0.0006092706538571387607 0.3784456840833944069 0.0007682777507358877793 -0.0006092279590914778404 0.9999995192951802725 -0.1177558819028534931
0.9999999053801653659 -0.0002387023448278223351 -0.0003636768494874915861 2.317550821398906447 0.0002386526745443373024 0.9999999621905729663 -0.0001366153485787304476 0.3778353926810625318 0.0003637094461411235395 0.0001365285431994087031 0.9999999245376950396 -0.1175919513787151982
0.9999997144186660858 -0.0007526896131363439591 6.797744140686676326e-05 2.533444989105519518 0.000752699223185234194 0.9999997067169421605 -0.0001414563854466218133 0.3731521769981505088 -6.787094871819739853e-05 0.0001415075116166596267 0.9999999876845792057 -0.1191155400066768733
0.9999999809339716883 -0.0001198684135573344127 0.0001541545315629959194 2.80833079609561409 0.0001198100966803246277 0.9999999212843362351 0.0003782550224085702009 0.370535273251130115 -0.0001541998602580758665 -0.0003782365459274189957 0.9999999165797557321 -0.1203770078276017591
0.9999996724130220116 0.0004491494077979178083 0.0006733785399587081466 3.046601265642693512 -0.0004493185221193825426 0.9999998675527163039 0.0002510127798212165545 0.3737020281956430212 -0.0006732657085301432332 -0.0002513152590430996897 0.9999997417769298513 -0.1092027492968577623
0.999999582301108858 0.0004104320671497062225 0.0008166658595000702387 3.287259694146242417 -0.0004104650475694871892 0.9999999149505139906 4.021703079668406211e-05 0.3857536493764877061 -0.0008166492836839740104 -4.055222678894296583e-05 0.9999996657196763561 -0.111089991564514573
0.9999996188040859435 -0.0008552757078151799076 0.0001757701521420717335 3.550738298574589891 0.0008552183261856260727 0.9999995810731598933 0.0003262746071317614103 0.3594004295759006817 -0.0001760491332527940338 -0.0003261241609019059585 0.9999999313248648658 -0.1225837053489417516
0.9999996428145313532 -0.0008399152370963466766 -9.440976730945265373e-05 3.804247214476775607 0.0008399958313714009318 0.9999992800717910635 0.0008568914184140144063 0.3564620983073169547 9.368998318233493394e-05 -0.000856970416155832318 0.9999996284118773948 -0.1298611493946986162
0.9999998145526087789 0.0005947561683524700896 0.0001309956036532465454 4.040815483952628462 -0.0005949617100285537179 0.9999985832269402408 0.001574663353200750132 0.3507526174780454253 -0.0001300588773198096352 -0.001574740998551895071 0.999998751636958727 -0.1285985860096431344
0.9999942173422412539 0.003279781324251182604 0.0008990642599160483025 4.270180032228720002 -0.003281883036497336165 0.9999918621571023403 0.002346244511044887331 0.337500053513286824 -0.0008913617745428943596 -0.002349181567259201082 0.9999968434050934274 -0.1314428099017886098
0.9999849686658498493 0.00527927593948623701 0.001480435042128746236 4.524767910613215705 -0.005282758353201563728 0.9999832652320386206 0.002358329928556693929 0.342648273350482202 -0.001467959992942634599 -0.002366115260296679842 0.9999961232885026252 -0.1352953931694972356
0.9999702590282879555 0.007631436558602096992 0.001114555943312311006 4.766155003142639401 -0.007633233797484757603 0.9999695586372707723 0.001617263297962054629 0.3366184213535799996 -0.001102179972453605494 -0.001625722865075738058 0.9999980711103768627 -0.1392846794049477366
0.9999537873768813423 0.009611684475757465221 -0.0001965506787488564432 5.017647702156185829 -0.009611513968423891774 0.9999534463996556655 0.0008507835716543345759 0.3428012583121386458 0.0002047189918550100171 -0.0008488551051194842198 0.999999618767499765 -0.1353878453379921409
0.9999254945807382056 0.0121164438254429685 -0.001482253855099066641 5.29544519093616195 -0.0121155238386840957 0.9999264070906065394 0.0006280803967760420796 0.3215352926836885783 0.001489754872570809045 -0.0006100753194663159932 0.9999987042184226294 -0.1273438861186314552
0.9998731428759346507 0.01569664692336612127 -0.002704335549442607282 5.591623314030425895 -0.0156938174698949863 0.999876277993900775 0.001064329970138775446 0.3201465899316207619 0.002720707375374489898 -0.001021753603809406582 0.9999957768765579402 -0.139859782911959607
0.9998451716222479524 0.01733126323813763761 -0.003043040954035574827 5.880045369122578691 -0.01732612731568673042 0.9998484357999306571 0.001706089292080838942 0.3172119475479690531 0.003072148420596419044 -0.001653101026046976561 0.9999939145620234671 -0.1434773156874532551
0.999803858813453461 0.01955066206936385484 -0.003164729747949506823 6.187293779066939337 -0.0195440979874391095 0.9998068073386257026 0.002091944837142097492 0.3193799807321622275 0.003205017251965685404 -0.002029682732301861612 0.9999928041003198764 -0.1487123243543454487
0.9997426996115094111 0.02242778816374852574 -0.003395422149498708055 6.503434270918623028 -0.02242006976991699554 0.9997460057751289542 0.002294429817584306419 0.3045305150473715528 0.003446018717787105272 -0.0022177138584107952 0.9999916033148672501 -0.1525518136318222417
0.9996949737612446096 0.0243314875545730426 -0.004235345308946551236 6.852007722176500337 -0.02432253026880692309 0.9997018435782062395 0.002153710207658485545 0.299000079667097296 0.004286485486657974804 -0.002050038955058772205 0.9999887116275140153 -0.1560346902868423036
0.9996734566702060176 0.02500963465390925941 -0.00524387295037751465 7.216625076433938801 -0.0249977992086928176 0.9996848360571864989 0.002310539339219326582 0.2870550867088147995 0.005300006015430220804 -0.002178699564920445145 0.9999835814674370438 -0.15533950467518709
0.9996334550329625257 0.02638007204708592984 -0.006086655703467302482 7.598872814112894503 -0.02636259998001069804 0.999648143046377724 0.00293315976767537321 0.2723869079912329405 0.006161891037330623037 -0.002771624563198456064 0.999977174337556951 -0.1556839746718745865
0.9995978974937462791 0.02750367349931298264 -0.006898642629170452685 7.994359605214605757 -0.02747993799151538311 0.9996161853103728845 0.003512132332451764743 0.2450057409916336915 0.006992591369749023324 -0.003321145823563362645 0.9999700363792678459 -0.1619918815144010815
0.9995713107353637605 0.02827887450812003461 -0.007582876191842384539 8.381670876416363214 -0.02825103703603642699 0.9995938128028679648 0.003753440103890380488 0.2284431735817840092 0.00768593918628748124 -0.003537606928276969612 0.9999642051973889334 -0.1697980879673153531
0.9995054396982757661 0.03038981313145819665 -0.00808302365401723788 8.809061081716942354 -0.03036077637351553352 0.9995321900564602124 0.003691110799421051542 0.2072295783925390544 0.008191414502619934548 -0.003443878448968938459 0.999960519435480033 -0.168250747998746536
0.9994489247615440108 0.03207421017610148639 -0.008549376268059986558 9.23560576655979304 -0.03204962222070839584 0.9994817835302559628 0.002997683553740767767 0.1793692361023786486 0.008641094172815963134 -0.002722027324947562041 0.9999589601872362898 -0.1689900936880932569
0.9994043355373392057 0.03330202126548289371 -0.009052595694208102547 9.663780441855275072 -0.03327664552037722101 0.9994418563252809307 0.00293950471808408732 0.1586909221059823738 0.009145434493813213439 -0.00263651374163024468 0.9999547038857358183 -0.1664625113725137495
0.9993238443212304478 0.03557781501639005473 -0.009277567013862789841 10.11770737051271141 -0.03554737878549374397 0.9993621224958095794 0.003425198118516138701 0.1358890145196341437 0.009393510127626082326 -0.00309308896250781078 0.9999510961882847049 -0.1702593341524582526
0.9992606545221637271 0.03740521019752093834 -0.008887889176641574143 10.57940733912544218 -0.03737465724644267739 0.9992949134703933423 0.003579232866147874243 0.1068738505010473211 0.009015504403410623188 -0.003244404764892818566 0.9999540962054576099 -0.1686310352899960396
0.9992249384106182131 0.03847850976534288037 -0.008302213231094510842 11.03118089361707987 -0.03844927568170344173 0.9992538773794272799 0.003652634902756549291 0.07224447512402204508 0.00843656670977692251 -0.003330589800452748907 0.9999588649108185345 -0.1707795479679481976
0.9991454891392584914 0.0403661348081238297 -0.008880692164711368602 11.49622169785873993 -0.04033960355975447359 0.9991810719942443297 0.003146705114014930818 0.04886912575027524408 0.009000439840020930254 -0.00278577261905877966 0.999955614791777192 -0.1715371446406370182
0.9990807925764959574 0.0416597083924323125 -0.01010141581057549635 11.96275519695047684 -0.0416380258924952118 0.9991300036643803173 0.002347461904133393059 0.02790291210903173003 0.01019042219422426621 -0.001924701086653117857 0.9999462239646842443 -0.1768295372955472344
0.9990015796369653422 0.04345250639401082582 -0.01037899662426272629 12.46863422856186077 -0.0434370605283686817 0.9990547035708705614 0.001709106659846891269 0.008299460688147075604 0.010443450363880908 -0.001256567148363267735 0.9999446761613858259 -0.1787470998880358042
0.9989844720431552139 0.04410985974341954247 -0.009183947412435397931 12.97843314142971849 -0.04409993368818269921 0.9990263038850096811 0.001280622721264098067 -0.01867098546798665049 0.009231493127138829316 -0.0008743107412043254513 0.9999570066334708685 -0.1790256790585556812
0.9989868497866413177 0.0444179148236229504 -0.007233449805168302993 13.4837130640707521 -0.044412634687290585 0.9990128765358599061 0.0008890420012933223726 -0.05355749609579618653 0.007265798889027011258 -0.0005668847044742341855 0.9999734430514822803 -0.1769044316083350776
0.9990105400256903412 0.04409918943517180528 -0.00576215313397384233 14.00834935085263311 -0.04409630347767692221 0.9990270881675015202 0.0006269985389107346442 -0.07817023283020610447 0.005784197194352131213 -0.0003722884956719740845 0.9999832020909615871 -0.1789162911547159118
0.9990145133953395318 0.04414107556146712463 -0.004644079429761196857 14.54890207341397534 -0.04413881915084349322 0.9990252347811867661 0.0005872941032234524957 -0.09635044553585447868 0.004665476336046850067 -0.0003817311506793478592 0.999989043745923456 -0.1880201722077755599
0.9990333294308871848 0.04383360733793957575 -0.003319872584859063277 15.09004224461231125 -0.04383128860270008031 0.9990386520302799722 0.0007680422826500877187 -0.1358223912647783249 0.003350347095926498563 -0.000621785545388466184 0.9999941942616829005 -0.1862291301061098081
0.9990423268107663235 0.0436720879680126059 -0.002679173948088155698 15.64750005701691826 -0.04367090889513704915 0.9990458471249733519 0.0004970499141153335082 -0.1675272697655344756 0.002698324814136628547 -0.0003795719413376919199 0.9999962874772779786 -0.1906915461114111476
0.999053147835142874 0.04342961664273611855 -0.002583834158224408532 16.22278899975992061 -0.04342903385362689023 0.9990564748359754832 0.0002812594076585189329 -0.1787066266726122787 0.002593611233928230092 -0.0001687796754498056568 0.9999966223413898625 -0.193745634160153446
0.999066296112867791 0.0430884133414110998 -0.003150334432287621791 16.81952532439884607 -0.04308975633585118009 0.9990711403863745677 -0.0003596470298972074251 -0.2076629328203906111 0.003131911593982834516 0.0004950583691311125469 0.9999949730108540491 -0.2008548421402005513
0.9991206764188051981 0.04173749792560214888 -0.003981861290839236976 17.41717894703720404 -0.04173997518131258855 0.9991283609970450508 -0.0005410390205419868346 -0.2431610529329813197 0.003955808930236244698 0.0007067660636279367433 0.9999919259961246309 -0.2094430557956751537
0.9991442080771261169 0.04101944835634464132 -0.005315667641394543862 18.03542898482891488 -0.04102321413690980523 0.9991580127000458944 -0.0006012979063517609902 -0.3072125285495898028 0.005286527008333338426 0.0008188490923938347363 0.9999856909568026753 -0.2126572295258292999
0.9991705551559200149 0.04017381797803456361 -0.00665327426747860072 18.65947425621779843 -0.04018084871636117689 0.9991919941492187762 -0.0009264040913911906518 -0.3533758292424931113 0.006610681193601968854 0.001192969897104068002 0.9999774376039597401 -0.2084717050011999917
0.9992057670507457079 0.03916449895119337998 -0.007346911897723688162 19.29963429380534734 -0.03917555109075563508 0.9992314091556866451 -0.001366438244603790549 -0.3644617743036064894 0.007287749259307464873 0.00165317229673535987 0.9999720774762117514 -0.2152310284060427736
0.9991970113441863699 0.03949537894815080552 -0.006741480741481981932 19.94226613036831353 -0.03950482117835468765 0.9992185687194039545 -0.001273196768772879217 -0.3810201270455554901 0.006685927348694806031 0.001538495397380503686 0.9999764654267619957 -0.2249114651352896732
0.9992544035800452473 0.03830651651332216134 -0.004821588794425708292 20.59771501460588894 -0.0383113660650754792 0.9992654289556873737 -0.0009174553035094810743 -0.4124653514403893162 0.004782902478175620094 0.001101492905438225187 0.999987955206093182 -0.2254477470538040207
0.999312143985338408 0.03697426836822885476 -0.002853482444395023885 21.25791307954663978 -0.03697884386296054066 0.9993148189542218063 -0.001567713318697221483 -0.4294812957521303431 0.002793562239339705908 0.001672153439438673174 0.9999946999423996452 -0.2273350920415042609
0.9993238543257257911 0.03671629001354454608 -0.001936032855313423243 21.92688028256785771 -0.03672126258822299566 0.9993221681498053455 -0.002598676258975531842 -0.4703680060239342486 0.001839306799405209967 0.00266801274612357784 0.9999947493154572875 -0.2276405245361238228
0.9993211686376370917 0.03678507701377493194 -0.002014949576994958576 22.58068189861910469 -0.03679033293418437767 0.9993195282481218689 -0.002636638872327687691 -0.5163538354468035774 0.001916589496750267883 0.002708979704953165101 0.9999944940416717332 -0.2289641421104434693
0.9993614745512622299 0.03560780567048690143 -0.00295421022606558864 23.23788415167215149 -0.03561214358501364752 0.9993646647777734149 -0.0014289936630196337 -0.5550634419046871493 0.00290144998359794697 0.001533286972950674044 0.9999946152950280887 -0.2314850320624735613
0.9993700179243105719 0.03515094908912530514 -0.004896738924714830188 23.88478022728001093 -0.03514725130077434728 0.999381792145821457 0.0008391980733816267139 -0.5892004548874962833 0.00492321033100483977 -0.0006665624800962075729 0.9999876587710954112 -0.2352589455305788557
0.9993561175648029149 0.0351653544458332204 -0.007123772350569039513 24.52697002814606009 -0.03514766496472944424 0.999378765101665345 0.002593359095370643182 -0.586189662835625569 0.007210543206371108384 -0.002341305313138171765 0.9999712627651354824 -0.2367930198654161211
0.9992734507819105438 0.03704695240498536574 -0.008949518418066343753 25.18473375167046413 -0.03701374593767344651 0.9993073477102006885 0.00384804158831360656 -0.5966748341157683821 0.009085877727216128477 -0.003513990595715605139 0.9999525482221740535 -0.2351432339544240468
0.9991398186963265093 0.04032515637587718443 -0.009669770355740049672 25.82195000511424965 -0.0402649385485858019 0.999168902880235632 0.006343361946541514924 -0.637551631966785104 0.009917530899891687998 -0.005948552796039856608 0.9999331264142029552 -0.2344423334903156242
0.9989647544326170081 0.04472051258204260554 -0.008336375458230585456 26.48238980240203944 -0.04464094886727677097 0.9989579461978765895 0.009497758280220191043 -0.6656781947788895648 0.008752433125160195143 -0.00911578205749122468 0.999920145527566584 -0.234676040227443039
0.9987633204805757003 0.04939043220998575595 -0.005693405722910255436 27.14187033405688254 -0.04932094024961819478 0.9987137406138051343 0.01176049157453538246 -0.7298459608910340402 0.006266938288227944659 -0.01146514349199030149 0.9999146343409519577 -0.233005051011713038
0.9985290309871894809 0.05417900995072959941 -0.002099799167330959268 27.79296235454039277 -0.05415033397952548344 0.9984618473569505381 0.01190297032053107273 -0.7611636230608324061 0.002741460503131147673 -0.01177175659382826735 0.9999269524025269362 -0.2306432101971755688
0.9982852610060228837 0.05846325562166176243 0.002930085366154305902 28.4510941204443597 -0.05849449013092156147 0.9982151063672903835 0.01204143033292730779 -0.8132418547493962535 -0.002220874255836600888 -0.0121921762723254494 0.9999232063290082184 -0.2366131056306305935
0.9979528033931840403 0.06361338178049304182 0.006598473924645038152 29.11095234887123695 -0.06368591309887777774 0.9979044702067949579 0.01143559417162346055 -0.8744272199791778277 -0.005857189808019993421 -0.01183241309898854475 0.9999128398654593131 -0.2355387914965745011
0.9975401902214823258 0.06982107384857093313 0.00621180646198452209 29.76481057974504552 -0.06989479202500736843 0.9974751827190525555 0.01256892626176566927 -0.9110120835578663367 -0.005318546856963419014 -0.01297218201480151642 0.9999017129463800835 -0.2385006530077036224
0.9969696586447547304 0.07769576506713654629 0.003855882829348549184 30.41696821389972882 -0.07774240354280398391 0.9968759086701938221 0.01394781002033300063 -0.9578338746438727069 -0.002760150928691786944 -0.01420530899374626392 0.9998952898995189242 -0.2423927911487485376
0.9960854852087630551 0.08838310996907186579 0.00146014677964440248 31.04801408957905551 -0.08839514614727422837 0.9959615529240611886 0.01571251840713245099 -1.01417985900825558 -6.552881188305306932e-05 -0.01578008140940328347 0.9998754846163032672 -0.247963207087168791
0.9948551515869430428 0.1013059913098682818 0.0005687579849708684606 31.70365775063128666 -0.101302155212385156 0.994727983734218224 0.01594088220214389187 -1.088107512672453092 0.00104914739021921442 -0.0159164851893152659 0.9998727743012967295 -0.2577829707483379473
0.9932407384530131944 0.1160654421847680667 0.001283981217681118584 32.31854346428318081 -0.1160717530775099288 0.9931323627027951462 0.01467849753473802164 -1.180301465138815065 0.000428503006595734755 -0.01472831568163877024 0.9998914406586123516 -0.2605443568005657573
0.9911366309832463362 0.13284424062070882 0.0007658048624198487801 32.95791352679047748 -0.132840487984939859 0.9910210940519774692 0.01518538428702546385 -1.279881129352671287 0.001258362071557898778 -0.01515252051405343789 0.9998844021420516537 -0.2579961833597208543
0.9884147244718519687 0.1517711739382433811 -0.001357648201977754978 33.61314201707730831 -0.1517229825509697205 0.9882609860113266143 0.01789860591662435427 -1.416469947200704516 0.004058203182567107076 -0.01748525920105149442 0.9998388853698384482 -0.2533551938029284245
0.9847683610218592731 0.1738336054860646351 -0.00362666982731291122 34.23571756190477799 -0.1737256157021524472 0.9845824914203130662 0.02041391773955229111 -1.510203215052883241 0.007119380536896931233 -0.01947293486571561455 0.9997850365095921621 -0.2562841103062441506
0.9803155328922981138 0.197401883215082341 -0.003735300955547506564 34.85658045542450623 -0.1972773341346346909 0.980107579707888088 0.02169759516346349282 -1.662500614734094162 0.007944142925528384358 -0.0205335993504510983 0.9997576015669468186 -0.2610226394332544331
0.9747507036475293596 0.2232921521125370845 -0.001296357820171201939 35.46878530556287501 -0.2232053212610950743 0.9745041725749102879 0.02282547249939667275 -1.836953023452850164 0.006360054982282765078 -0.02195979141615359356 0.9997386244722074045 -0.2584708507801031785
0.9676215729035460011 0.2524040148916775195 0.0008395940861531071484 36.09433838589154675 -0.2523568590796183009 0.9673648499494369446 0.02283117950901674895 -1.99664567581317276 0.004950487565618491223 -0.02230381915424141381 0.9997389820968258789 -0.2592584950821447132
0.9594385028186989128 0.2819152557771621437 0.001244133879733184869 36.6610408237202563 -0.2818663192725737177 0.9591687775053372444 0.02338021211726934792 -2.204465785113696619 0.005397904106687643339 -0.02278255514673920706 0.9997258713328572854 -0.252611696012615794
0.9495985461707731057 0.3134686333823193394 -0.0001303678458278779192 37.25263609550883359 -0.3133684809299633889 0.9493055011378047636 0.02488494864669129475 -2.434918629503012077 0.007924409757283404701 -0.02358985788262320596 0.9996903132145856796 -0.2491646148131684557
0.9379457845661220983 0.3467770486884680925 -0.001839488395567388758 37.84295765529202527 -0.3466129975376083805 0.9376412377059252234 0.02623622097967680949 -2.689293577577986483 0.0108228994560362838 -0.02397056228410985798 0.9996540786647889476 -0.2458473063529948155
0.9250050626238075502 0.3799382999011568507 -0.003538698707793184149 38.41938162424925451 -0.379730391602745132 0.9247387271503937356 0.0257510427263731162 -2.932235336884889687 0.01305617913295366306 -0.02247609344366267511 0.9996621236247574815 -0.2413911328605235218
0.9111992304553399036 0.4119342055061620544 -0.005115931157021622044 38.98336920364673119 -0.4117037232388850443 0.9109919937744370699 0.02436455520044692249 -3.203153799974476801 0.01469716601375501905 -0.02009471604385426949 0.9996900498145817604 -0.236371011350901522
0.8963714189347280481 0.4432568907891343835 -0.006450432922820797943 39.51132856998621889 -0.4430005550233455103 0.8962015051699340207 0.02394515358381816075 -3.500611573476422933 0.01639474202146122897 -0.01860620592958659933 0.9996924634781216845 -0.2311341251794871154
0.8801011073186689737 0.4747360122640578717 -0.006910828899126328015 40.04159772653106586 -0.4744492290439155102 0.879931483687414473 0.02486992310602885795 -3.810251823795299142 0.01788770404738797976 -0.01860920942130125239 0.9996668081759177982 -0.2181535138171536992
0.8630545974254860697 0.5050904167807456213 -0.004520258729860686733 40.55431117596629065 -0.5047829298356886207 0.8627824254361737832 0.02829629136426718358 -4.141250114221108447 0.01819218538907536528 -0.02213949490674744711 0.9995893592651152737 -0.2086850470456776685
0.8434517528781635409 0.5372046503360315972 0.000551565132381420342 41.0451835869910937 -0.5369349030143706347 0.8429947903727930125 0.03256828717140790308 -4.514267213704435733 0.01703086878881083024 -0.02776593347382473251 0.9994693604341382542 -0.2040043682934783442
0.8195529547518849434 0.5729649896816395582 0.006638897240768132368 41.54782708379969591 -0.5728280943792223301 0.8189605369157413328 0.03422883673964922935 -4.854765250958490874 0.01417493024051973832 -0.031855291142908089 0.9993919710398302403 -0.2008716317437012622
0.7928462541592971036 0.609309018472646291 0.01171909866293818596 42.04247843989377742 -0.6093336609580801699 0.7922582549445710276 0.03223890655103724828 -5.227902120166593392 0.0103589038510212058 -0.03270133758859856965 0.9994114846402966101 -0.1941180714303760158
0.7650754245028837941 0.6437682784273347503 0.01489961450634915384 42.51091998985002363 -0.6438978560769058612 0.7645529010025785555 0.02923033540870745295 -5.652391090189949452 0.00742601920926780866 -0.03195724110818911473 0.9994616495791405208 -0.1863153194821445813
0.7366838218400222349 0.676052558147687277 0.01580775952330110146 42.94823768381669993 -0.6762091277970300185 0.73623824226905632 0.02635272480314213711 -6.098496068442282869 0.006177549931679105454 -0.03010297730355373028 0.999527712789547107 -0.1821193497503477143
0.7064195152326471216 0.7076128776003752785 0.01598386538319838956 43.37008491005925492 -0.7077670093877906909 0.7060181150998642297 0.02458213931084578946 -6.560236458989234798 0.006109739825465200849 -0.02867815553607243675 0.9995700247978197561 -0.1800550265726582611
0.6755875124333620141 0.7371087915642520194 0.015878993758729993 43.75461815974296087 -0.7372423810370474229 0.6751795175424875062 0.02462297085890877146 -7.059238499733796246 0.00742863694945255712 -0.0283416387984478553 0.999570691278656609 -0.1792451991688879809
0.643848225885044978 0.764984320208280888 0.01607643804312368363 44.12517782316958659 -0.7650943999452288757 0.6433960712271789006 0.0259240178575983575 -7.554929521313824559 0.009487950101589282328 -0.02899112562328728937 0.9995346384382907123 -0.1762229984799816296
0.6104615464093725574 0.7918602627514225167 0.01714714643098602664 44.50331797521968724 -0.7919720010426681833 0.6099658146524797875 0.02687107217453378258 -8.052107114613768601 0.0108189611307970019 -0.02998381614446340299 0.9994918313070223492 -0.1745854364866639419
0.577037068579749679 0.8165106819584020403 0.01839912315069963319 44.83670499384113839 -0.8166335409009459756 0.5765070984439617519 0.02737198055141887645 -8.588103482450705428 0.01174228940506817295 -0.03081998850664107933 0.9994559754926567452 -0.1764566714529527403
0.5417708616503271735 0.8403244454229313876 0.01841629417947901123 45.16272065744691133 -0.8404537144388518621 0.5413062849029943724 0.02500119618049153128 -9.158466537538457075 0.01104026053130702928 -0.02902296244633550612 0.9995177738781033661 -0.1755512845131038946
0.5062058953326793453 0.8622642216771059243 0.01600011081258868872 45.48782062980713192 -0.8623560045414431219 0.5058728696612392328 0.02085092736597838128 -9.747175624793065651 0.009884986684809157417 -0.02435265398837607731 0.9996545579758857603 -0.1743217302558172088
0.4722834067970181904 0.881279113170216899 0.01719035642790548921 45.77782263298175991 -0.8813630121397246775 0.4718798947263935784 0.02299142851150044395 -10.3376465401228419 0.0121500821476223219 -0.02600941450559578552 0.9995878579999269986 -0.1654266902750886059
0.4393781271603338645 0.8981060104336814343 0.01877379545999314017 46.03933363216800956 -0.8981358635414046221 0.4387986355118902448 0.02842055758845904792 -10.93670577999425042 0.01728675775884732854 -0.02934879036348019346 0.9994197399043044383 -0.1587168870694586897
0.407231437182977718 0.91312615459133184 0.01905734428334327976 46.29036618767781874 -0.9130412893820436526 0.4064962547262747083 0.03341255418382328701 -11.5447851208679424 0.02276313804074083999 -0.03100678465689373636 0.9992599355782153525 -0.1539619314693920771
0.3778860960981491601 0.9256941029134783117 0.01710339752537194669 46.51559184246401912 -0.9254909242114508494 0.3771582883458702851 0.03490236000971752572 -12.18985481265371007 0.02585822070319045152 -0.0290181557515966429 0.999244364036565913 -0.149816450635067433
0.3506995161963863961 0.9363433651944136349 0.01646061347645944029 46.75219666180129252 -0.9361597868735518357 0.350057087251706478 0.03263263865698057264 -12.84343271883960824 0.02479320028730491732 -0.02685401499314477372 0.9993318563411562883 -0.1390201056462064821
0.3260332683412902055 0.9452104519666459925 0.0167185354533612579 46.97355196537932898 -0.9450972964419823708 0.3254767453395817078 0.02925728116570339848 -13.5172064303746069 0.02221279344774530762 -0.02533948965867550973 0.9994320897745307963 -0.1278953101403578485
0.3044310402858262377 0.9523871834044926876 0.01674498723042483136 47.18250824732912463 -0.9523099936406026478 0.30393074566223377 0.02705139281874515897 -14.19926810060226785 0.02067408335876561379 -0.02418170233990896145 0.9994937856481244109 -0.1149900952420197658
0.2848992929492385473 0.9583920439082200815 0.0178068259509751789 47.34902450237994742 -0.9583418617564093411 0.2843920905665476839 0.02649556242935204725 -14.89143735592991469 0.02032901577261207043 -0.02461359373624470367 0.9994903211742992566 -0.1038633449326268887
0.2656310966616984848 0.9639107490534777334 0.01778168567564451102 47.53070562909232422 -0.963860068817012694 0.2651375513682082685 0.02599704972751292614 -15.59552942637960804 0.02034424307678794897 -0.02404468160809717855 0.9995038594522773767 -0.1002758150053985331
0.2510666308823705783 0.9678485444145753513 0.0153212901533667338 47.69389379343859758 -0.9677751215270898877 0.2506672479758603744 0.02402592236388523261 -16.2974958442140867 0.01941290834991981837 -0.02085967082186836186 0.9995939241124872643 -0.08926752435451970613
0.2399640021255318167 0.9707036966615426588 0.01231304070949499133 47.838716211829869 -0.9706038112985088118 0.2396578484991715996 0.02218912223493929928 -17.01800154204880045 0.01858814613421012202 -0.01727567481645819053 0.9996779640879003281 -0.0815326117114694715
0.229674258630659156 0.9732147868242585487 0.0101347732619070912 48.01076799329496225 -0.973100488415569953 0.229429449737738711 0.02091810312666772531 -17.74658838385708748 0.01803259182249168993 -0.01466650263871993251 0.9997298231684957903 -0.07234977589901647743
0.2224217364141690689 0.9749191086143902396 0.007829612316640291794 48.17334603549741701 -0.9747840282938189382 0.222228154800533706 0.02026685464558960689 -18.47471722660964133 0.01801858356756512805 -0.01213997003591913565 0.999763948026605731 -0.06315981780537900658
0.2169393452898421559 0.9761621814812018183 0.006686995668907180779 48.34283319790732492 -0.9760036742731599269 0.2167618847085723832 0.02076326426358144489 -19.22359749366714965 0.0188188275539779605 -0.01103090129812345048 0.9997620571646258503 -0.05413878678915740039
0.2136340276020664009 0.9768922539274202954 0.006482782359796661516 48.49682924278195628 -0.9766910954185449301 0.2134389548974281459 0.02276656896453140358 -19.96894291947716482 0.02085680657825264919 -0.01119538962692287302 0.9997197891761764321 -0.04906939090291874417
0.2109582990968478233 0.9774854820076798179 0.004327644437663141254 48.64697909047396251 -0.9772228830743056038 0.2107930218432502167 0.0245303635956163682 -20.71768051709549141 0.02306583703460655943 -0.009403956954652119282 0.9996897182403587934 -0.03884524639800759904
0.2092441137721688937 0.9778588679311400744 0.002989190547461052262 48.8122382387439302 -0.9775560125451300264 0.2091007081345401808 0.02571256880398532785 -21.50590747835090966 0.02451822156204345668 -0.008302304864509450072 0.9996649081294047834 -0.02868294477436003978
0.2083725973448236068 0.9780465731131071649 0.002400311954709646433 48.94268332008853406 -0.9777380491995547596 0.208243679850733443 0.02574639682896672985 -22.31081616139764634 0.02468132539434262848 -0.007711719907590508516 0.9996656248730599881 -0.02066844455546825929
0.2082594570539016976 0.9780729655542208523 0.001128095557025197634 49.09849568374026774 -0.9777850080621965922 0.2081698485103450347 0.0245314528715671748 -23.10714116794865092 0.02375871537823618859 -0.006211941979096765806 0.9996984221356080003 -0.008532865222573238206
0.2085684108069547626 0.9780071107407770636 0.001144270046292364873 49.26138096253437482 -0.9777413129791265867 0.2084841316813587087 0.0235858375073601835 -23.9070321289252874 0.02282855464796453016 -0.006038060743925765216 0.9997211605818582258 0.002700217147585462496
0.2084377947030744416 0.9780342087439058973 0.001665012312580005068 49.43372014630193689 -0.9777760263510305583 0.2083429457140612007 0.02339357314256513415 -24.72681909699098668 0.02253282122832827791 -0.006504113918881365697 0.9997249464075718128 0.01129947657394241717
0.2086110035899778614 0.9779979295929318583 0.001224292906590721637 49.61791927358098064 -0.9777298283305990712 0.2085241380254915233 0.02370794494137333855 -25.56804369913177055 0.02293102644452879244 -0.00614276588066314886 0.9997181775148112903 0.02223582727770335998
0.2092754768179766467 0.9778566076576615806 0.0004792315296931998311 49.80217362625766242 -0.9775874761209013553 0.2092063286048039261 0.02356774497624362572 -26.42627295194851911 0.02294561688373170441 -0.005400641809018197348 0.9997221272603080688 0.03265485700553991816
0.2105599045893552512 0.9775804102489431546 -0.001033478025911323001 49.98686419089820276 -0.9773324935228289156 0.2105301044695186974 0.02232201192776895812 -27.2793292168821111 0.02203913981469223654 -0.003690069045688522224 0.9997502986779581713 0.03728174687988061037
0.2122493694006085674 0.9772139125582811614 -0.001781654169634730445 50.14177563479871935 -0.9770201016717373621 0.2122430299046735858 0.01961165944615630638 -28.13914439621444785 0.01954293013834454418 -0.002421850412385766291 0.9998060854596694247 0.05074071408881430933
0.2141147300823590394 0.9768081522356215629 0.0008462197050825921892 50.31386978558621337 -0.9766549219977467278 0.214065619240395022 0.0179185377975300264 -29.01352801916605273 0.01732182725158752309 -0.004663087524049083429 0.9998390920120142633 0.05927956253539862219
0.2151331899202288955 0.9765783405426436969 0.003529217721116133244 50.51532934415666887 -0.9764450830879923826 0.2150399154526863033 0.01768712739212664406 -29.87882857708714823 0.0165139428372064398 -0.007251175427324523318 0.9998373418446080407 0.07027175754811421093
0.2161156985526813123 0.9763513167888241417 0.005666660728856378476 50.68967152625501882 -0.976209297727138714 0.2159724231519776216 0.01926965150047522946 -30.74048415239481713 0.0175901071677594667 -0.009696321085466768144 0.9997982643949899773 0.08199828780815678064
0.2167728358115502685 0.9761892121153261659 0.008009981515421489562 50.87249509075766696 -0.9760371798816903643 0.2165647987543296571 0.02123938391511076898 -31.6004234212608992 0.01899897741499375833 -0.01242216125138524696 0.9997423311869059193 0.09402170936173595561
0.216725814274853712 0.9761874823610650065 0.009376604314287304703 51.06872116820670726 -0.9760695551961541261 0.2165041519425625616 0.02035130489215386182 -32.47850103030841495 0.01783661532026836402 -0.01356287112660460766 0.9997489203198570706 0.0977342593926682629
0.21730330783464058 0.9760483401090556121 0.01043600376011401959 51.27207289505341237 -0.9759792138208879253 0.2170920391094529611 0.0183199548269531616 -33.35322614253186657 0.01561558816328343854 -0.01416630952850602559 0.9997777098338697099 0.109030473190772581
0.217290287082989253 0.9760487888897894093 0.01066268475421083307 51.45270217988954187 -0.9759897242446953225 0.2170818632749723642 0.01787520086124992982 -34.23931290058584409 0.01513239267782697829 -0.01429077827977744478 0.9997833687094430655 0.1171483480422937234
0.2167771256551999093 0.9761662592411559647 0.01034949814232127667 51.64388195450095509 -0.9760736875146427405 0.2165479618233178138 0.01967579151481126457 -35.12570353360365516 0.01696568107200830886 -0.01436713434527322857 0.9997528450154407054 0.1330850294334567363
0.2173769334865335301 0.9760269478738875515 0.01089338386247264145 51.84246274610929106 -0.975887873001544115 0.2170930548867866516 0.02265976276233325898 -36.00458763682789254 0.0197516611077078845 -0.01555643095014611933 0.9996838847053500787 0.1381481597522292992
0.2169720979020074436 0.9761124988855367501 0.01129151236259913829 52.04285760943218975 -0.9759395084482266336 0.2166490519387512803 0.02460211665434690331 -36.90601602140181114 0.02156813811703624587 -0.01635780588811563963 0.9996335516601526638 0.1461376424428187104
0.2168146764545842986 0.9761376566161876767 0.01211079723850367468 52.22500809602622951 -0.975937833694767165 0.2164425113318028115 0.02641938779661285805 -37.81156665013324414 0.02316766792448797518 -0.0175474962385126533 0.9995775830513107252 0.1535010908081056169
0.2175182801202547589 0.9759852205992878282 0.01177484544636625205 52.40103987035943334 -0.9757824334263544008 0.2171557058294375508 0.02630669196727520101 -38.72740025297244415 0.02311796768898040019 -0.01721187373524950964 0.9995845691948496148 0.1666790534580918359
0.2165597519365267676 0.97619990751116692 0.01164536029410109634 52.59420188166615162 -0.9760305013784726924 0.2162275094431733713 0.02470069915791676604 -39.65641542362017447 0.02159477298045759525 -0.01671540412888168625 0.9996270609806092722 0.1748121645562456528
0.2166473063768402652 0.9761653885355546789 0.01284830202358061557 52.79099798353807671 -0.9760373015476324632 0.2163066858001297943 0.02371926781711676882 -40.60111487664487839 0.02037475465559484417 -0.01767913751837383446 0.9996360925203384706 0.1835728636712699591
0.217798839176559067 0.9758962404437696581 0.0137910674372933445 52.99791403385106037 -0.9757589084746887131 0.217414795829063312 0.025007180706571569 -41.54231425686275259 0.02140603152449718077 -0.01890329183828390672 0.9995921405113431524 0.2035252526301503662
0.2182100378593171408 0.9757821364978520595 0.01528402660043108423 53.20616913428507644 -0.9755961581153920203 0.2177229805882384683 0.02844011241645512736 -42.47791513910788552 0.02442366982913189016 -0.02111695563903193476 0.9994786433619363697 0.2154284578656828208
0.2174231320392089328 0.9759346252889434803 0.01669697027577480425 53.43224733524588999 -0.975712633515774197 0.2168424175188059522 0.03105193653079358143 -43.43704355023222519 0.02668404864283743794 -0.02304285413591870141 0.999378300955797938 0.2229495850561810655
0.2174302183695683288 0.9759008410790115384 0.01848373666334864052 53.64897077691450988 -0.975734005229004997 0.2168139404063368358 0.03057558315456361531 -44.41763708373866137 0.02583120553760618471 -0.02468326612820103544 0.9993615387804947181 0.2330082228020317614
0.2174998698599711622 0.9758291474461990855 0.02124338968527224661 53.84359384978224483 -0.9757892287994313074 0.2168749988831258912 0.02829515538843545286 -45.41343518783834554 0.02300407724528745826 -0.02688326345272997256 0.9993738552594939595 0.2483344764845080987
0.2177850487811282543 0.9757303177332348199 0.02280393789682223088 54.03453187685130388 -0.9757876536012857205 0.2171953201160886637 0.02578076800576400984 -46.41388540555186637 0.02020216836626322759 -0.02786646687095986619 0.9994074906750654019 0.2585975701232060553
0.2178252170782271069 0.975716134491477427 0.02302606561773613489 54.255653038691392 -0.9758230811295344198 0.2172944104821267208 0.02350432956046584476 -47.42512414067189752 0.01793011822842276518 -0.02758920198617677288 0.9994585268004274603 0.2696719485984888642
0.2167829653944679524 0.9759619681317787121 0.02243619119027102926 54.4715992977521779 -0.9760824848593329106 0.2163097137316004615 0.02175064358090888009 -48.44391109000104478 0.01637463482376167595 -0.02661474226248639399 0.9995116441686359154 0.2764736875433869701
0.214853468504217493 0.9764165416878257675 0.02118311096354802067 54.68738469835004423 -0.9765255564267089072 0.2144353258116317162 0.02037961455882169454 -49.47618273326024507 0.01535658546728317295 -0.02506448009526933765 0.9995678801964076321 0.2873334024852870483
0.21343668963734308 0.9767427631587762837 0.02045370708725861159 54.90211973861117656 -0.9768398878760446991 0.2130403300385905752 0.01994119433145978212 -50.50045010656199196 0.01511995274361391944 -0.02423617944328888482 0.9995919140504406775 0.2999108237388181109
0.2115975549558530844 0.9771533863969769085 0.01994327429548419656 55.12722236146773724 -0.9772336550866067562 0.2112028059707143912 0.02019302147197412148 -51.52455545054002073 0.01551960382147649607 -0.02376203280481156005 0.9995971727121918393 0.3118014225327819799
0.210554469590322646 0.9773663876940592576 0.02053678507956794089 55.33262762674554125 -0.9774456245402929344 0.2101275559864627107 0.02112963043200871693 -52.5300154624634672 0.01633604611205394588 -0.02452252884639919209 0.9995657953213497038 0.3214859403379877745
