1 0 0 0 0 1 0 0 0 0 1 0
0.9999999896708905434 6.297144742641050071e-05 -0.0001292006792691188137 0.8347153524324300022 -6.297739747402801927e-05 0.9999999969566589764 -4.604920650825390302e-05 0.3903455313637987922 0.0001291977790907304093 4.605734275513885631e-05 0.999999990593327448 -0.1029689807137473545
0.9999999601405090699 0.0002574365424106961581 -0.0001159543306987926718 0.8337649572593999192 -0.0002574394571238079765 0.9999999665468921606 -2.512250936161535334e-05 0.3883961266693125025 0.0001159478593678132046 2.515235958019116969e-05 0.9999999929617263694 -0.1033047549051473724
0.9999999901721345896 0.0001326588817874738656 -4.535804047377938619e-05 0.8376420282070380363 -0.0001326576647137058451 0.9999999908409255012 2.683454718116897063e-05 0.3823248823805861507 4.536159989936403876e-05 -2.68285298257174123e-05 0.9999999986112776407 -0.1066833714375623188
0.9999999877290866035 0.0001540005293231372179 -2.873436262589896365e-05 0.832806025377636594 -0.0001539992463426199281 0.9999999871454580136 4.464656617431557304e-05 0.3894737339673811638 2.874123785135520028e-05 -4.464214055627290303e-05 0.9999999985905102529 -0.104704704584895919
0.9999999913916532979 0.0001265472345266959895 -3.467694865304221376e-05 0.8307253056438672623 -0.0001265507789424955064 0.9999999867670328335 -0.0001022293235023778127 0.3887344423036548369 3.466401135598653024e-05 0.0001022337110172157347 0.9999999941733372921 -0.1022965308078662705
0.9999999984674674547 -2.822061871460692322e-05 4.763047048565828892e-05 0.8376894357255780799 2.822229426803932683e-05 0.9999999989830095082 -3.517787802297152056e-05 0.3870785453304920187 -4.762947769573567727e-05 3.517922221021445192e-05 0.999999998246927535 -0.1026501603321080675
0.9999999341422157739 0.0002463363964485439637 -0.0002665219386794834581 0.8331854359703136925 -0.0002464635301873671419 0.9999998558238719637 -0.0004770827637643383786 0.3880723817876875481 0.0002664043774045488891 0.0004771484202826040133 0.9999998506790351849 -0.1027531958371561138
0.9999999298774966405 0.0003703015424391066165 -5.587279686391680129e-05 0.8378497774067970028 -0.0003703099748629173145 0.999999920036717449 -0.0001509870231779689533 0.3970406539732873052 5.581688166857347181e-05 0.0001510077028443831298 0.9999999870405745783 -0.100163746872250381
0.9999999693117798127 0.0002476398967267914733 7.13589377144175659e-06 0.8318599705125009347 -0.0002476391588658392309 0.9999999640105110554 -0.0001032173610672972746 0.3974750433956170115 -7.161454251259703818e-06 0.0001032155907730088619 0.9999999946476276769 -0.101395052629368862
0.9999999654565288054 0.0002578244969356276064 5.112210771122171278e-05 0.8333851080032743663 -0.0002578218759983235591 0.9999999654497283563 -5.126814166158577313e-05 0.3959854324290021932 -5.113532412777172556e-05 5.125495949289110548e-05 0.9999999973790538732 -0.1031423326937015161
0.9999999970611537226 7.560843449035779405e-05 1.269083485188554161e-05 0.8363277061157410319 -7.560727077327550176e-05 0.999999992939811122 -9.16728871021062089e-05 0.3876284609592994812 -1.2697766005764853e-05 9.167192731330670561e-05 0.9999999957175121912 -0.1035393134133458515
0.9999999618610760921 0.0002704365344790863527 -5.605289660080201686e-05 0.8378375748737830753 -0.0002704420975555373485 0.9999999585039538452 -9.926309726689820482e-05 0.3889579927145568883 5.602604990680191217e-05 9.927825254404128283e-05 0.9999999935024551645 -0.1044458779271670162
0.9999999080941007756 0.0004219811864603090364 -7.578699225640605098e-05 0.831010695371513175 -0.0004220016562328330213 0.9999998744306992648 -0.0002702835322389692744 0.4004398404179990711 7.567292817427154867e-05 0.0002703154896345713078 0.9999999606015712583 -0.1031471220603906308
0.9999999662876117856 0.0002493239349024881329 -7.254206199099405496e-05 0.8233655373966559665 -0.000249348921473746142 0.9999999095250132752 -0.0003446376075319331411 0.3961669931383416388 7.245612902332671651e-05 0.0003446556841982952686 0.9999999379812823941 -0.100883345887031628
0.9999999684184806004 0.0002512240248225385345 7.037552650533037987e-06 0.8281332669787937473 -0.0002512230851491675191 0.9999999595714373912 -0.0001332069254933959483 0.3910691360370853742 -7.071017145971587849e-06 0.0001332051532908300716 0.9999999911031939304 -0.1020756868026880121
0.9999999809330573086 0.0001948583494113861469 -1.281048758425801922e-05 0.8347052384308644157 -0.0001948616171092277898 0.9999999483550735535 -0.0002555754298929032494 0.3962248187536224764 1.276068591624229527e-05 0.0002555779212921878256 0.9999999672585450083 -0.1010414288579229714
0.9999999639848656807 0.0002648874604531836112 4.318449559877488096e-05 0.8430215019866644788 -0.0002648812206497898488 0.9999999544884510261 -0.0001444334963608104631 0.3937845527146404123 -4.32227522554369791e-05 0.0001444220523971113425 0.9999999886370322111 -0.1033598479880803583
0.9999999526559482099 0.0003055030544833568372 3.682370263707830443e-05 0.8414758824208686816 -0.0003055013028583256724 0.9999999522033035104 -4.75641105726698428e-05 0.3878674768335921841 -3.683823185809070546e-05 4.755285863166042946e-05 0.999999998190835182 -0.1043474993756765695
0.9999999692629470971 0.0002474471755494803658 -1.562050599823149044e-05 0.8395487932264718012 -0.000247446213271019567 0.9999999674894176627 6.15754429774339828e-05 0.3877249818944116244 1.563574215984771587e-05 -6.157157584972769459e-05 0.9999999979822322693 -0.1064955031385819706
0.9999999818307439003 0.0001906261409071001163 -4.31578602872294714e-07 0.8349268928438369208 -0.0001906260997122700442 0.999999977457847411 9.352002316015326476e-05 0.3880335561401839772 4.49405954256146667e-07 -9.351993919081823953e-05 0.9999999956269094437 -0.1058785486886346383
0.9999999962470308423 1.741335904052707692e-05 -8.486880054821918792e-05 0.8438652959993879765 -1.741670096716220454e-05 0.9999999990730558119 -3.93769841261967576e-05 0.3920649550745725076 8.486811478398802048e-05 3.937846211293674452e-05 0.9999999956233699416 -0.1060650321420377185
0.999999989309862114 -9.100624363003201068e-06 -0.0001459364735560688363 0.8443476561185521145 9.081574919166500182e-06 0.9999999914393864486 -0.0001305325704320416797 0.3878524961053010367 0.0001459376602346537145 0.000130531243703612467 0.9999999808318966732 -0.1063160914381142408
0.9999999853108737513 0.0001659160598532637317 4.301294332905358439e-05 0.8485450624660045849 -0.0001659195017933881946 0.9999999830329734385 8.002981771870850325e-05 0.4046959163160246953 -4.299966436722516694e-05 -8.003695322926824185e-05 0.9999999958725575011 -0.1040188924291249595
0.999999943000688063 0.00033759351553241105 5.407305711444217063e-06 0.8444136403516271372 -0.000337593480492624819 0.999999942994326152 -6.479684784800563715e-06 0.409391886012670847 -5.40949290276315416e-06 6.47785894430777492e-06 0.999999999964387376 -0.1065938760560910803
0.9999998527029505535 0.0005417228375076829031 -3.362208316860725938e-05 0.8581300106168447961 -0.0005417216441498185538 0.9999998526389697329 3.549223950970699436e-05 0.4139598325093868936 3.364130517071914453e-05 -3.547402047163099526e-05 0.9999999988049281807 -0.1070604092217615905
0.999999773772273115 0.0006703799375996733834 5.519186369946187245e-05 0.8500776452406753059 -0.0006703831389479049212 0.9999997736108535706 5.800593611386473315e-05 0.4203038509566666137 -5.515296518879053483e-05 -5.804292268614489334e-05 0.9999999967945847335 -0.1036716186182052302
0.9999999661820871966 0.0002546138910328846249 -5.298670570394814288e-05 0.8396919995096334688 -0.0002546161411500977843 0.9999999666837445789 -4.246328165206469089e-05 0.397052142902430738 5.297589219726206775e-05 4.247677148658372825e-05 0.9999999976946393199 -0.1066037395082275741
0.9999999877440147733 0.0001563657594878464178 7.856173609305189081e-06 0.8306774510510097631 -0.0001563655790589263492 0.9999999875112787207 -2.296188130373380323e-05 0.4011510929516556301 -7.859763963200953849e-06 2.296065258717771713e-05 0.9999999997055162293 -0.1045545113299887058
0.9999999983515819313 5.602962223834947065e-05 -1.255059658388353303e-05 0.8260264527739876739 -5.60293942827157313e-05 0.9999999982654144137 1.816254740637780166e-05 0.396829883435662889 1.255161420278351467e-05 -1.816184417411384954e-05 0.9999999997563021603 -0.1064042101792693762
0.999999960012434963 0.0002160443714835567322 0.0001824827606137004469 0.8344954516232703234 -0.0002160540341485626416 0.9999999752593725644 5.293305828995224077e-05 0.3963302610350534771 -0.0001824713202096534925 -5.297248230988129021e-05 0.9999999819490665853 -0.1040667007100678915
0.999999948477296563 0.0003207909355202515946 1.177199344187410956e-05 0.8303409993281576362 -0.0003207896154277366935 0.9999999422784281444 -0.0001119694733574789851 0.3991529965865092122 -1.180791155448420071e-05 0.0001119656912552599852 0.9999999936621285501 -0.101293408807035995
0.9999999805735847458 0.0001948122656432113033 -3.001685009818044994e-05 0.851821243419158991 -0.0001948112803443665384 0.9999999804855654872 3.282428619795434941e-05 0.3929506871641000876 3.002324408598094007e-05 -3.281843793929659916e-05 0.9999999990107775183 -0.105694060415733912
0.9999998965982170862 0.0004448754819701611677 -9.428340627578871906e-05 0.8490403130619589289 -0.0004448880339607634549 0.999999892172678484 -0.0001331513000419442519 0.3945476458346852677 9.422416036068043436e-05 0.000133193231833115595 0.9999999866906852386 -0.1039639431057622632
0.9999999688755888405 0.0002401665557791657086 -6.759324551862760607e-05 0.8370624222925097113 -0.0002401816921797570164 0.9999999460650902394 -0.0002240146677809847517 0.3946828416235319548 6.753944104178704027e-05 0.0002240308954687487205 0.9999999726242905229 -0.1031897940096052346
0.9999999960831941204 7.751314135809896078e-05 4.272381850545317752e-05 0.828014889651931929 -7.750141865002191887e-05 0.9999999593719028912 -0.0002743168291972876362 0.3978824678467711151 -4.274507992882420468e-05 0.000274313516966297557 0.9999999614624754951 -0.09841893660101679042
0.9999998859189557221 -0.0004672472216613652142 9.920740603708710513e-05 0.8215907844975467444 0.0004672457245086982913 0.9999998907264973091 1.511377896524972127e-05 0.3994970013282239663 -9.9214457067576674e-05 -1.506742300474360679e-05 0.9999999949647321307 -0.09955749243324987785
0.9999997154064085292 -0.0007378034944445029022 -0.000157585232819524066 0.8134795052370373813 0.0007378132201567250224 0.9999997259143210693 6.166793998263430906e-05 0.3881354106053428454 0.0001575396908060541486 -6.178419090040951085e-05 0.9999999856819796751 -0.1009914302731456381
0.9999998311561598685 -0.0001918264434003570966 -0.0005485346546225389457 0.8345947162946588671 0.0001918573762973362572 0.9999999800082862711 5.633980956698073783e-05 0.389853239745594049 0.0005485238361911000653 -5.64450404739949907e-05 0.9999998479677677521 -0.1044621136194416877
0.9999997614741594765 0.0001012738535666291793 -0.000683224143894035213 0.8236862850113984003 -0.0001013277893505711811 0.999999991753034112 -7.890887687402994084e-05 0.3991745996330658408 0.0006832161468534673739 7.897808764435546578e-05 0.9999997634890511744 -0.09929919916852453232
0.9999995548219277053 0.00041604223941390313 -0.0008469148725339394577 0.8187618610064930635 -0.0004161725106696994789 0.9999999015963348947 -0.0001536481755388344889 0.3992521704047449216 0.0008468508650633789058 0.0001540005698268618597 0.99999962956364985 -0.09917280840896723626
0.9999991391411197084 0.0006498439210749566404 -0.001139921005015446728 0.8240941555027985199 -0.0006503122607869355615 0.9999997042793942192 -0.0004105302517221039778 0.4047663553121062519 0.001139653887328817648 0.0004112712029193812762 0.999999266022237987 -0.09864355825600994165
0.9999992411490424837 0.000614783552662252048 -0.001067587243504122515 0.8144205704331259899 -0.0006151428564674467142 0.9999997542638338066 -0.0003362611160696280009 0.3990797220084959518 0.001067380253355766639 0.0003369175795640554387 0.9999993735927734662 -0.09778400717205484871
0.9999991348075062403 0.0007552494956798955043 -0.001077024808586429577 0.8278258154632902599 -0.0007553687956139877461 0.9999997086186689366 -0.0001103655731380624321 0.4043151370187778593 0.001076941141218054274 0.0001111790285831052978 0.9999994139183292496 -0.1011903650650563119
0.9999985335081829074 0.0008122143026159929328 -0.001507743151258666807 0.8332572285956654223 -0.0008123942236159907701 0.9999996629602129206 -0.0001187227273444167031 0.3969891239800890093 0.001507646214792041431 0.0001199474350652876651 0.9999988563070979497 -0.1006229647948382877
0.9999973749595649775 0.001182880820426006081 -0.001962362592372875192 0.8180595267199126663 -0.001184011459817304246 0.9999991336876612458 -0.0005751006781198429859 0.3885415261035848333 0.001961680616791986777 0.0005774226282549949725 0.9999979091939472653 -0.09947703119572054442
0.9999959407559778635 0.001584715183081185407 -0.002367942008424904921 0.832231676387478414 -0.001586860496402950913 0.9999983319855024755 -0.0009043782271956637107 0.3774705260451072242 0.002366504876755420612 0.0009081321497346937993 0.9999967874701732873 -0.1066230357220013109
0.999994531119543395 0.002454675086745815738 -0.002216371183483740754 0.8413631845905786832 -0.002456532906694408342 0.9999966333586989276 -0.0008358931428643004554 0.3857017660983691476 0.002214311875684004966 0.0008413331602103047563 0.9999971944867799278 -0.1026187359612953098
0.9999916255680245669 0.003690757809309623896 -0.001768360996190985026 0.8542575455651011396 -0.003691730063323080124 0.9999930360141349173 -0.0005468568117412037381 0.3865201348496420941 0.0017663303653014952 0.0005533805435784796634 0.9999982869220399584 -0.09273733030370784336
0.9999882941581608176 0.004606598020206873444 -0.001480135578863629817 0.8591031901713938046 -0.004607614486821814091 0.9999891509134987144 -0.0006840643542107519449 0.3733199981700063286 0.001476968311244899806 0.0006908762407972461736 0.9999986706264301084 -0.09209620624711316317
0.999980626098086911 0.006031588394170407305 -0.001538625984880845777 0.8808972947114825924 -0.006032750920644645506 0.9999815200033751461 -0.0007520425978588328279 0.3702546224788508256 0.00153406153967267111 0.0007613101751861252233 0.9999985335299295119 -0.09626461396724486641
0.9999685337871930813 0.007730745164582578273 -0.001779610825900469154 0.9105278770299699564 -0.007732942677284875346 0.99996934230784984 -0.001231276555438782757 0.3712273005749545107 0.001770037581862399321 0.001244999440333229186 0.9999976584689348469 -0.09587322149321238218
0.9999507207333618863 0.009771313318769951628 -0.001754292124064652392 0.937497782932565471 -0.009773664343521342932 0.9999513432794565615 -0.001336622201915266392 0.3799311802627906021 0.001741146211639281894 0.001353702196534474923 0.999997567947158994 -0.09625322164319824458
0.9999314444326301565 0.01158442005070971052 -0.00170518238397060224 0.9615006809913478891 -0.01158651472882145546 0.9999321253028787826 -0.001223708995912650092 0.3735387328249576422 0.001690890686204269419 0.00124338222465534198 0.9999977974422397109 -0.0999401832538050483
0.9998998225933489747 0.01403211756324238522 -0.001855924158096825026 0.9903746475537826832 -0.01403441423210279211 0.9999007558651584748 -0.001230299738470330478 0.3719350619220926357 0.00183847625794118113 0.001256223298651224732 0.9999975209509636143 -0.1037496046164192998
0.9998575483188019142 0.01678115534315644669 -0.001809943442112069232 1.013533645972381603 -0.01678338707906862695 0.9998583986428569714 -0.001224982243092649853 0.3665217340565875004 0.001789130534350368094 0.001255184723692872239 0.9999976117587683344 -0.1015007918541169785
0.9998100287376615602 0.0194128561891768539 -0.001745694754180927019 1.040811096203276387 -0.01941496129459541892 0.9998107951774449775 -0.001197131811693622405 0.3705635135084430765 0.001722124712614829783 0.001230796987136770259 0.9999977597101158411 -0.0974196699575351488
0.999741431411102055 0.02266498990388069942 -0.001835361745754502403 1.074095109922930114 -0.02266730074050417668 0.9997422845250775181 -0.00124820259513898791 0.3694968269604861355 0.001806598245413717965 0.001289482545813938098 0.9999975367157379891 -0.09253613603747574967
0.9996565297061963395 0.02613155023257034137 -0.001991154993289311666 1.101033321837824319 -0.02613423451797190072 0.9996575521824865307 -0.001334222874501130723 0.3508074115874690868 0.001955607814541058132 0.001385801920134679694 0.9999971275714315544 -0.09256826370535206627
0.9995290721120893007 0.0306016355474106258 -0.002274621851907517728 1.128279800292380841 -0.03060455499453599085 0.9995307767864349824 -0.001259948527637749349 0.3541342986543665194 0.002234998060881253357 0.001328968972297229524 0.9999966193068546838 -0.08590255819384735869
0.9993599433744307925 0.03567378137038456493 -0.002661747807831533336 1.167742023488472114 -0.03567453126249257173 0.9993634337429162517 -0.0002347696090896502863 0.3518943201880697647 0.00265167830928512635 0.0003295759486292272828 0.9999964299845465199 -0.09042248783043768667
0.9991365824161257958 0.04135776705383500951 -0.003952819518379909088 1.228120092374038297 -0.04135762735434950904 0.9991444004471217166 0.0001171101207880506585 0.3417659380147143877 0.003954280900862573028 4.647023078964291747e-05 0.9999921807209668501 -0.1092990644633681785
0.9988733018932950403 0.0472777519138756 -0.004115937166228905708 1.297973988898647235 -0.04726787804083807526 0.9988792098827764532 0.002464096076998980797 0.3384289569112197693 0.004227820987550194587 -0.002266768168617226253 0.9999884935796846674 -0.1196560338624850506
0.9984921756186905251 0.05470263524235713382 -0.004582240259491198071 1.345657376744165745 -0.05468930075557022069 0.9984989538309001489 0.002986566835812967408 0.3361672691346063724 0.004738735181550191543 -0.002731464101835921927 0.9999850416344934212 -0.1158310029761454307
0.9979997912386756598 0.06303474742201645165 -0.004799719262862922435 1.427703404547072896 -0.0630170428582585429 0.9980053877035192089 0.003754786831321306039 0.3167141970032713583 0.005026827723337412741 -0.003444812359308950436 0.9999814319630385695 -0.1076431828017106324
0.9973892538894622017 0.07211003231886270459 -0.003849605797284704704 1.513283783928796034 -0.07208298531518771146 0.9973757640788399881 0.006754883877653170346 0.3035417693406071704 0.004326598418196899061 -0.006459757512687518306 0.999969775582744802 -0.1000130246131998857
0.9966030693405023566 0.08228600913890700419 -0.00336673151312969236 1.612874129016991009 -0.08225589593124210674 0.9965768937258649984 0.008274205475731561538 0.2957825038905130821 0.004036058180757011275 -0.00796916505649563657 0.9999601005253478947 -0.1011466499836386479
0.9956071789751518297 0.09359370191243070181 -0.002562056882090571648 1.71299742896243079 -0.09356673936228968036 0.9955709317286831617 0.009153424604539918408 0.2740540504999610105 0.003407412251160013648 -0.008873491939969804093 0.9999548243208499221 -0.1094432749627738261
0.9943194757964305408 0.1064203710368999828 -0.001866729835840001293 1.828493242139161534 -0.1063978018303972095 0.9942771926075449906 0.009611036682809341938 0.2460355117312159057 0.002878856990369566254 -0.009357825005166655469 0.9999520704981822439 -0.1176009023398238429
0.9927641463932851407 0.1200711517825737845 -0.001506036393319912757 1.946998780873786972 -0.1200515108735136366 0.9927216459848832164 0.009558678258570695377 0.2037730273343350551 0.002642796435315310916 -0.009308711117569435853 0.9999531806661405842 -0.1242129528694254914
0.9908053354356086695 0.1352868410863740656 -0.001502631425611472863 2.072640726884769968 -0.1352688906258577295 0.9907706286340046686 0.008711410048259194544 0.1652096012566755812 0.002667302228995373312 -0.008428052269020568088 0.999960925953494395 -0.1241314385489842714
0.9882687925152823238 0.1527059486665849619 -0.002384739445761676572 2.205142252286700799 -0.1526847707177010904 0.988247256347004055 0.007397372067285448195 0.1246388675452596989 0.003486334933550972858 -0.006946478565224888449 0.9999697954959809731 -0.1306160982855780472
0.9853010802915402877 0.1708005463039367899 -0.00299241684939234023 2.348041162055340969 -0.1707779258424192703 0.9852871020758406928 0.006650302846718232283 0.08646102291579411958 0.004084265085046796112 -0.006041511836342248337 0.9999734091031853289 -0.12940710685870771
0.9818547947717919389 0.189598506109201842 -0.003683539710838455803 2.515322950618640085 -0.1895711140776490389 0.9818438671480367308 0.006738935460992934515 0.04391497425448774583 0.004894352970653575996 -0.005918363367300662377 0.9999705087071574239 -0.120662251927721495
0.9781474338170121907 0.2078839682699156199 -0.003442884480554600241 2.690095146257256431 -0.2078518345959488867 0.978127977025404105 0.007954584545330423834 0.001999873862882084463 0.005021212233318861351 -0.007065146604510224443 0.9999624348600124613 -0.1263626024509353352
0.9742415639796022653 0.2254980675996193507 -0.001999130665070795749 2.884601832143130817 -0.2254723786848854272 0.9742091978858894441 0.008868213163395871276 -0.05978396005287628379 0.003947336413094981039 -0.008189033115655880782 0.9999586782821940911 -0.1356960342274110831
0.9698081939946361363 0.2438689234510591219 -0.0001226200783495026009 3.074543408228249231 -0.2438583557034117999 0.9697706111333853629 0.008835391084080291071 -0.1166140141931657354 0.002273590660261967308 -0.008538732739805683994 0.9999609596522794908 -0.1292562329439512769
0.9657302734113554221 0.2595449086991007404 0.001216299800244008975 3.283379837207576202 -0.2595456884302658196 0.9656932494738090789 0.008519597289486688374 -0.2011864922466630179 0.001036645594220947071 -0.00854331838872254834 0.9999629678527204302 -0.1334802999607875573
0.9619594602412696593 0.2731845763673434457 0.002045504172611603468 3.489579328100227862 -0.2731921800894963059 0.9619370192978284884 0.006572947767732530318 -0.2954897543358628309 -0.00017201823535058992 -0.006881725031139968203 0.999976305854454961 -0.1323847190689081965
0.9581341745168118207 0.2863128414238081954 0.00196480503176326305 3.713006676814036844 -0.2863186325754527584 0.9581261156828565495 0.003998385499717189637 -0.4009938686806744368 -0.0007377418996256846937 -0.004393550080143346359 0.9999900761780502467 -0.1283911853267558356
0.9546513586884826097 0.2977182026986133767 0.002157576450883310747 3.967949725503837399 -0.2977238595514967723 0.9546469729451835251 0.003108134546423866034 -0.4941609693570684914 -0.001134375596826781756 -0.003609546855964554379 0.9999928421561325997 -0.1319103358768367595
0.9520423167986902246 0.3059584798165422281 0.002199011808263450808 4.247657953551487786 -0.3059632796771675212 0.9520404402495457052 0.002339149127926024811 -0.5742123812649004844 -0.001377865658808648079 -0.002899785819993432739 0.999994846350932165 -0.1484485231644753211
0.9502310848832632439 0.3115405847483226909 0.001830130118224335611 4.536405385468754048 -0.3115437675369258641 0.9502300412136716057 0.00183021418471063387 -0.6982059205165528359 -0.001168858620347266661 -0.002309292042420731973 0.9999966504642845422 -0.1595914210945425515
0.948806231727477134 0.3158545260668853549 0.001628802679317750864 4.841842208626614408 -0.3158574433158399808 0.9488044587944516328 0.002043152894091892872 -0.7912110976667505735 -0.0009000761555874515389 -0.002453025648241713083 0.999996586258214748 -0.1605758562853093485
0.9480205611029146606 0.3182053734590678529 0.001534935793479506134 5.147576609870307962 -0.3182085615720242067 0.9480166700944483438 0.002775709872648809019 -0.9275377193266494125 -0.0005718989231029854813 -0.003119859741875950863 0.9999949696907544094 -0.1641158541808025451
0.9476737510149293442 0.3192325431728887386 0.002246111453931208448 5.486413528973136167 -0.3192395332662399943 0.9476644025900006207 0.004277904123566689774 -1.055905942007659082 -0.0007629136563242942207 -0.004771105019479633495 0.999988327191695836 -0.1701562822266163844
0.947918515520537297 0.3184944268095371567 0.003433369278891637566 5.855293030090502171 -0.3185102949426710794 0.9478994589087251788 0.006148806069370307825 -1.172567212103098999 -0.001296128417068123434 -0.006922130583168054074 0.9999752017721820208 -0.1803337807782705582
0.9485533719792653695 0.316590046828011118 0.004152439789220934221 6.21037936586256123 -0.3166107898665779796 0.9485363141721325775 0.006038910233389787295 -1.310819093921135714 -0.002026881058910304928 -0.00704293590650062213 0.9999731440428737406 -0.1852083788756051785
0.9494318446852338944 0.3139371241311771921 0.004759662786347424249 6.567673967435489146 -0.3139607973918988604 0.9494199941868607384 0.005503847678158134762 -1.436317405936715641 -0.002791056903208367999 -0.006719875777658403972 0.9999735262850191209 -0.1850233095831166352
0.9503239201603206343 0.3112116610627593261 0.00563460643512381839 6.964041267150501646 -0.3112414694335208232 0.9503147494976607046 0.005533949047567076826 -1.609549846301981058 -0.003632420127582573332 -0.00701276733939892611 0.999968812822810138 -0.193294795232739236
0.9511769738015869446 0.3085781627489612711 0.006471629171295205894 7.364017459482842476 -0.3086182578967702761 0.9511635425751580053 0.00653346528561134926 -1.76752348139524651 -0.004139493014583814356 -0.00821174465940456913 0.9999577150296060646 -0.1949589110493519795
0.9517749066484612053 0.3066902329307171771 0.008101117158474897828 7.810037830228854006 -0.3067677534830567931 0.9517175820705245926 0.01127782784018628581 -1.871539953361270214 -0.004251175986874508594 -0.01321911505119910922 0.9999035866022242258 -0.2042635868798320931
0.9527677568264345531 0.3035380378997685202 0.009912673700004931074 8.246396036025608112 -0.3036669358755951231 0.9526374484419511957 0.01637937367349334705 -2.036402877281012991 -0.004471421233931039199 -0.01861589036193130736 0.9998167107116090468 -0.2084278752853733763
0.9534597231654940996 0.3012975562871715307 0.01159046489827488848 8.749812843716711086 -0.3014841395948379965 0.9532366248018980803 0.02114830274621750522 -2.136868987893750571 -0.00467652370245981875 -0.02365839621918917543 0.9997091629140928415 -0.2275748056786946194
0.9543327671991875816 0.298501174086327703 0.0120838122720098428 9.251950977412011667 -0.2987078967917900507 0.9540743440524128705 0.02270987483856848343 -2.258032955203787218 -0.004749930964404043901 -0.02528230784643714299 0.9996690667744958514 -0.2397368498632155842
0.9558585834367239187 0.2936385254325656891 0.01052543833424514005 9.758449475243409665 -0.2938054757952138774 0.9556094365978332617 0.02211214774551836793 -2.389189749764901727 -0.00356522973839218946 -0.02422851763852081064 0.999700089061690722 -0.2481676947882835715
0.9577987018074851644 0.2873378998631662129 0.007653634308046049911 10.28570211998736106 -0.2874386039330176223 0.9575323441418993609 0.02260218775156687052 -2.509572345856431852 -0.0008341372393399973514 -0.02384829604697839139 0.9997152409515029925 -0.2561104157442567475
0.9599150745168745225 0.2802666279136271088 0.003696889663982251637 10.7869448967543704 -0.2802729972867302188 0.9596203740126443282 0.02399551565907949088 -2.628043007265902453 0.003177531616784716548 -0.0240697955487187594 0.9997052306730555005 -0.2610654642513711154
0.9624926461595927352 0.2713077700117508817 4.467208847233195572e-06 11.28290264256192188 -0.2712052373606640976 0.96212844797686492 0.02750579614871961204 -2.794240311097953011 0.007458238186791945473 -0.02647533805034322715 0.9996216440025041949 -0.2612771307126587894
0.9651823375089823021 0.2615693462055256879 -0.002128963670633989957 11.79446994474472632 -0.2613769669555974229 0.9647276137965005161 0.03134824275143008321 -2.97164929313094639 0.01025360940301384485 -0.02970030814863532792 0.9995062557033280726 -0.2771686343481311599
0.9674604366472028261 0.2530190280265455782 -0.001294209761100564458 12.33562445704795607 -0.2528169343361661436 0.9668684677509891134 0.035340681681556671 -3.12541987119369491 0.01019319553752668847 -0.03386351318685923428 0.9993744849851716738 -0.2936930159687179409
0.9691636337833011705 0.2464179528172680544 -0.0002085216871275942215 12.88949810888229663 -0.2462447902004878952 0.9685136166790239143 0.03667257294538290441 -3.274492476949605546 0.009238736443099143311 -0.03549037667683149072 0.9993273132023718919 -0.2926436415168128802
0.970611983483227414 0.2406475172056079803 -0.001072371918590171724 13.44233873424426839 -0.2404523947206083645 0.9699862361461238924 0.03618490790648484778 -3.421806692103869008 0.009747994249071230063 -0.03486365083941503351 0.9993445364128766828 -0.2840674985613823034
0.9718174929293320607 0.2356722647874977816 -0.005417014535616711084 14.03631803816899293 -0.235327376603451377 0.971232862037822553 0.03643835230574169609 -3.560755505283545119 0.01384869154414639092 -0.03413665636455219532 0.999321220846812408 -0.2881953945573813014
0.9725701240033207684 0.2323392317610560864 -0.01121763258658256546 14.64426659795204522 -0.2317828782250598296 0.9720477135339132824 0.03741577174398905831 -3.689206016397758248 0.01959722576979654532 -0.03378940659694205234 0.9992368211509993214 -0.2788372340264130278
0.9726347374095337672 0.2318105602696202416 -0.01566945218480880406 15.28601705273374556 -0.2310711688568228561 0.9721599963630782604 0.03887230883908793927 -3.826061661832260263 0.02424422626995784147 -0.03418779926851873291 0.9991213198975120724 -0.2829041327078540835
0.9725114302865002225 0.2322757896582287318 -0.01641570896281859676 15.91887139304072107 -0.2315019203133576731 0.9720433972340402073 0.03922365083637390643 -3.976632455149576195 0.02506748597952086072 -0.03434518062774256919 0.9990956058928065486 -0.2835175762734004623
0.9724106240765892917 0.2329165386844996577 -0.0129407955787174539 16.55639175144969855 -0.2323011364336191875 0.9719224277242008991 0.03745632788120768775 -4.168446615174406844 0.0213016476974722882 -0.03341676965129130455 0.999214471127918169 -0.2752931519147877593
0.9722600105266048232 0.2338546136453115709 -0.0047425317719905144 17.23637188395803577 -0.2335562817479253372 0.9717235836699769091 0.03470936754913619277 -4.333917000361872773 0.01272537570722370899 -0.03263888197195744661 0.9993861957205185664 -0.2842045461529464356
0.9722653733932140607 0.2338802834922642238 0.000238105296281001101 17.94638873041895621 -0.2337505573775903456 0.9716911613932859293 0.03430690594957448714 -4.508784374969401654 0.007792344077351745328 -0.03341107396874915675 0.9994113164808746674 -0.2809239172347830493
0.9725184809634133121 0.2327821547598231677 -0.004502511520129573799 18.65097482489281333 -0.2324749234671067977 0.9719328446049213532 0.0360826209850190413 -4.690495064662478342 0.01277552909190071175 -0.03404429472847740612 0.9993386672459254605 -0.259616626943067863
0.9728346289664562274 0.2309477853311556472 -0.01599703517317884946 19.36253793515940913 -0.2302105853958624493 0.9723851675944065187 0.03834282480585346486 -4.863122922599522724 0.02441047020013748653 -0.03361854091171258968 0.9991365885861530627 -0.2487566886889433226
0.9732585425832585013 0.2283092888193851977 -0.02535109322096536569 20.08162488274246016 -0.2272280203610475557 0.9730388472548486822 0.03953262571287933375 -5.019594002233596086 0.03369326418604876722 -0.03271498695921805366 0.9988966380846154847 -0.2496649203271183171
0.974556189226044145 0.2231908701339405388 -0.02064145174316407358 20.8419829023248866 -0.222239976073071166 0.9741502381670749111 0.04050563558410073123 -5.190201877310151701 0.02914836318306121554 -0.03488766211550582697 0.9989660774800427356 -0.2584116557771105049
0.9764563748139428734 0.2156117635869006788 -0.006671992817677463786 21.60029258495367444 -0.2152050816979217407 0.9758075969407120631 0.03855264665601711854 -5.380247509374147974 0.0148229854146700174 -0.0362091308338011314 0.999234295822384766 -0.2533557091484067159
0.9782217703720365032 0.2075210708742329935 0.004144045536703775887 22.37366088111577511 -0.2075331571182121027 0.977553410645122911 0.03632241776968066216 -5.54819849349793337 0.003486641184031924641 -0.03639140666832350185 0.9993315310015763453 -0.2281821729889925154
0.9798957052106327392 0.1994306324797042729 0.005641785045689558763 23.13946974279206614 -0.1995052851676709371 0.9792757947766781434 0.03487920518979229639 -5.697400974761386294 0.001431118416812839989 -0.03530354930103288269 0.9993756107224283092 -0.2075411928637437842
0.9817047221898353992 0.1904071783650402305 0.0009720376751405199103 23.8992170610384278 -0.1903325772804991267 0.9811492747158434558 0.03346058502682342645 -5.843700145748130126 0.005417421521440366101 -0.03303342476399030031 0.9994395651526013502 -0.2036281846292398168
0.983604630998399343 0.1803169998627502102 -0.002776587653854549562 24.63408453025816414 -0.1801259598232842485 0.9830766816198461822 0.03338976868820847654 -5.977964470086606141 0.008750341492946914213 -0.03234219559350318129 0.999438549340552651 -0.2087861931284914485
0.9855288584988634026 0.1694914778524835852 -0.00234691314463195827 25.34467749058355679 -0.1693227697481524407 0.985005761374366684 0.03306735102965413509 -6.14364837326039126 0.007916357163590634696 -0.03219144287982882852 0.999450370100773533 -0.2186042422829760357
0.9869231472891806245 0.1611794272997391642 0.00197321061884740993 26.0969728182613423 -0.1611576902482652895 0.9863914456866117453 0.03255940340547271161 -6.287872870002292558 0.003301547919146198117 -0.03245162694849399593 0.9994678542553199208 -0.2181473425734136162
0.9878764563118245245 0.1550996534584550557 0.006648651130793853392 26.85795181142612975 -0.1552338362682017803 0.9873592435969342773 0.0320028148941135307 -6.396019660204348867 -0.001600981651668428657 -0.03264692299064220204 0.999465664881487581 -0.2184927084225047611
0.9888081196817133378 0.1489511318596162814 0.008488979282209508162 27.61245837457660457 -0.1491435022126932353 0.9883428691586256809 0.03057104399637025974 -6.511456055562167222 -0.003836430534617598937 -0.03149497263111752932 0.9994965475176581515 -0.2095474753801400969
0.9897302200007389583 0.1427434173740211032 0.007642539739829821814 28.35845149212159555 -0.1429024944555644661 0.9893479083042479028 0.0277415466833911932 -6.627374695212669309 -0.003601207528904525577 -0.02854878509491099933 0.999585913353093547 -0.214080148784105917
0.9905797711002805039 0.1368313030456228263 0.005376950227846974059 29.1140640124143637 -0.1369217424898559465 0.9902905953248356541 0.024020267374121166 -6.727202980395844634 -0.002038018757861329629 -0.02453021235170251696 0.9996970116798004069 -0.2159583492689408357
0.9911944879947285347 0.1323831278443220183 0.002862591661751721396 29.86194010562402212 -0.1324140516860928818 0.9909501482934104377 0.02200732862799430894 -6.807587937490281682 7.671336755542958283e-05 -0.02219259019181192213 0.9997537111987319092 -0.225281262886638689
0.9918876917664175563 0.1270802757882566469 0.00306764206986022761 30.59313760509762403 -0.1271170533518576062 0.991549789538663906 0.02588956571617797436 -6.917457136239699267 0.0002483333025002311314 -0.0260694911997135792 0.9996601022143271065 -0.2369445462851578754
0.9926052978489267042 0.1212895142277771593 0.004855555646192309845 31.32236912448306398 -0.1213769179388239638 0.9922381481778879131 0.02703888111937422997 -7.014061234397102496 -0.001538334786521030305 -0.02742828902621345655 0.9996225900244447571 -0.2415694575521972476
0.9931735606533342864 0.1165296469271807078 0.005207668019794031364 32.04761268180835998 -0.1166138321716001375 0.9929577154611767265 0.02088514908672422718 -7.10872683924931259 -0.002737255090717407181 -0.02134986400770330292 0.9997683185325593191 -0.2363457848099659309
0.9937536086851680439 0.1115196600347645589 0.00413891905411221863 32.75854772002268334 -0.1115768911612546738 0.9935901047152454479 0.01814665728824882071 -7.208791879189703877 -0.002088679964830393067 -0.01849511388659619629 0.9998267690846881495 -0.2340072078753362983
0.9942998964818144936 0.1065767907784738594 0.00301720460268075372 33.483556075209151 -0.1066153024023805407 0.9941134803752755822 0.01927603252242618762 -7.296072579806871516 -0.0009450660833935911262 -0.01948783732275310987 0.9998096474062350136 -0.2354315529499172999
0.9949058973496437419 0.1007604355520583805 0.003096779982449413514 34.20082713620797676 -0.1007969036754902542 0.994782802949810141 0.0157212965353754619 -7.389282109170428825 -0.001496538784712393971 -0.01595335647062270587 0.9998716171534158814 -0.2317832146643983016
0.995504091698903415 0.09427453194825143046 0.009160569670023875274 34.92425638927770848 -0.09439226799734976026 0.9954448343194671756 0.01340453538937792441 -7.45958845305751872 -0.007855135457631477053 -0.01420895677474976609 0.9998681925105505908 -0.2551105741997797827
0.9958875857745231874 0.08837086484813716503 0.01996263374868006632 35.63658570790803282 -0.08869707150807350227 0.9959286527323739646 0.01609186665896992358 -7.535219819945190523 -0.0184593067606386857 -0.01779631739070325694 0.999671218491983038 -0.2675387482638851289
0.9961134661324254624 0.08459970096306720921 0.02451230683972569629 36.35521265580624117 -0.08509722006782272086 0.9961715562117318123 0.02001733577239940207 -7.60383907113385149 -0.02272500223044672876 -0.02202546688849149614 0.9994991010911266072 -0.265804910032328312
0.9964926350142923051 0.08134679589680803014 0.01962465692936828099 37.06078222079042206 -0.08174424164589122466 0.9964449703631028665 0.02037891056492541209 -7.647310090382011261 -0.01789713161404614741 -0.02191163698581511873 0.9995997063047744602 -0.2709387655895293401
0.9968335537965992144 0.07876236067917241623 0.01092504304277460737 37.75764597065300165 -0.07896386114881910612 0.9966880150792958304 0.01943474285303120608 -7.688956261406929116 -0.00935813323866148232 -0.02023588736718468298 0.9997514362103963048 -0.2791333871045317272
0.9970386313419228319 0.07651594999917900319 0.007699156288083664965 38.44572777450343892 -0.07665915292302573347 0.9968477953520600288 0.0204413104976563266 -7.742672069845770721 -0.006110800679890787332 -0.02097098704068502475 0.9997614094460688383 -0.3062018780832650444
0.9971721856585618049 0.0739564717757102974 0.01334437827009060835 39.13338553254570229 -0.07425571010702806951 0.9969616528691525037 0.02352769059870505469 -7.813723484675178632 -0.01156380843094995982 -0.02445205494219148887 0.9996341207380210481 -0.3320700190899363302
0.9972189074217036042 0.07073799777738483396 0.02346457651674981049 39.83891396743533164 -0.07139397579908336733 0.9970436060841819659 0.02840682640230197606 -7.87270727017167804 -0.02138576396258985018 -0.03000305379619415402 0.9993210024124575819 -0.3437856192982208237
0.9970375651925713623 0.07058796856524124363 0.03055212412749018155 40.5537081522557088 -0.0714311289945087774 0.9970678655616441732 0.02744567862008355508 -7.910799699146011221 -0.02852520649248487319 -0.02954674530603291355 0.9991562952993798818 -0.3478984585455017209
0.9969019473627090955 0.07151167864274615704 0.0327503765189821397 41.25661002686052825 -0.07232024859846145071 0.9970876637157494171 0.02420686903598614353 -7.963617978046734436 -0.03092392256967455358 -0.02650039025307465365 0.9991703760267012235 -0.3592622309056611174
0.9969741629757949974 0.071539488175766483 0.03040756468812062449 41.92987042602629799 -0.07226061628940856629 0.9971132043939628931 0.0233165382653169953 -8.037848783729952373 -0.02865173105045721799 -0.02544325558478115895 0.9992655898473937759 -0.3849681604813617875
0.9971263193492296839 0.07160884545024959191 0.0247240068423420882 42.60068983199685988 -0.07226983170847876836 0.997020566936954955 0.02696405996027029933 -8.096847044813422656 -0.02271947811649880494 -0.02867337367655160146 0.999330607434856244 -0.395150664170600685
0.9972615873065860947 0.07192931882867384386 0.01719010109311281537 43.27909095744819012 -0.07242669171709821552 0.996912978909773928 0.03031314579777428034 -8.132437630026574382 -0.0149566309597070745 -0.03147515804700098258 0.9993926223543234677 -0.4094982361092580625
