1 0 0 0 0 1 0 0 0 0 1 0
0.9999999998983671867 3.885197093759907163e-06 1.371754064596769481e-05 0.8349555645898638634 -3.883275012893664798e-06 0.9999999901762524068 -0.0001401157206907983357 0.3901791471197387784 -1.371808488840085519e-05 0.0001401156674075751244 0.9999999900897068583 -0.103052165389680303
0.9999999116695702517 0.0004172017970143648445 5.102462473778007459e-05 0.8286405557498675023 -0.0004171900619390677073 0.9999998865760437727 -0.0002297832714401352127 0.3919338697728880216 -5.112048494413393368e-05 0.0002297619641769253231 0.9999999722980675854 -0.1037676916801936466
0.999999645271596016 8.940673410881144349e-06 -0.000842245063151669587 0.8186759514118615577 -8.977402232945577034e-06 0.9999999990090283619 -4.360446619585179765e-05 0.4019040123203980741 0.0008422446724637370607 4.361201190081972774e-05 0.9999996443608888397 -0.1125325231201370901
0.9999985757653042651 8.305614252428882439e-05 -0.001685695417389175381 0.8233768566718218107 -8.424318594564601955e-05 0.9999997485538167918 -0.0007041273952546305958 0.3948913695686208092 0.001685636511422201151 0.0007042684007644589182 0.999998331316393263 -0.1083120237327005742
0.9999953465795426988 0.0007667950273380072035 -0.002952768979501844797 0.8373195077213296811 -0.0007664380149776859035 0.999999698839786455 0.0001220373124368044529 0.3813682271344430164 0.002952861667849634303 -0.0001197736301505411159 0.9999956331215892336 -0.1104768066610106458
0.9999930219424526534 0.0003048120936136283592 -0.003723325931082382186 0.8394391771748197506 -0.0003060108770881574255 0.9999999015295853999 -0.0003214003152401906198 0.3966597275872527084 0.003723227597741957887 0.0003225374507241507297 0.9999930167485412413 -0.1142762448266769065
0.9999880028288163913 0.0002739598445535195641 -0.004890720237220201258 0.8706229661911574214 -0.0002772462704725539486 0.9999997362410475432 -0.0006713064432602265782 0.4046222883511513269 0.004890535036240112148 0.0006726543234276041033 0.999987815027373439 -0.114921313964291949
0.9999798635838683669 0.000220559531787059836 -0.006342222030246037236 0.8907593168929349714 -0.0002213906995054711719 0.9999999669973458349 -0.0001303513150857458103 0.3937969551180398042 0.006342193070710854148 0.0001317527992491171202 0.9999798794117078504 -0.1133118561057734619
0.999971415727929247 0.0001917723620558266099 -0.007558501864927576197 0.9233645503708438618 -0.0001915643498960136631 0.9999999812526806364 2.824426002754808356e-05 0.3941903822565063775 0.007558507139694387901 -2.67955131899923599e-05 0.999971433717893543 -0.1082549631857598893
0.9999686525936722914 -0.0006606225154725786078 -0.007890336360869984467 0.9721715797380989788 0.0006592808598111960265 0.9999997677724707934 -0.000172637632839084149 0.4009929689705348799 0.007890448576823938867 0.0001674302733568661832 0.9999688559092028139 -0.1091449800046545987
0.9999669363365805141 -0.0006260994492935065573 -0.008107665083904570802 1.046671808078521337 0.0006198170351442251411 0.9999995057667515619 -0.0007773629111123988265 0.3928908473297718085 0.008108147783317467758 0.0007723119397125029336 0.9999668301867775666 -0.1113873336175084106
0.9999621379935251797 -0.002561128984126352214 -0.008316441411136995046 1.122101648231214721 0.002547961350792126312 0.9999954842596888716 -0.001593534808318871005 0.3780632564492881764 0.008320485104432067888 0.00157228450260193638 0.9999641480818548533 -0.1141405061955053923
0.9999545806886280808 -0.004958523188918391618 -0.008139386193986856283 1.201578642750098069 0.004940162081885034022 0.9999852108608329182 -0.002274391835265676676 0.3689483169566200593 0.008150543444127550385 0.00223407864690937678 0.9999642881294135144 -0.110648272376235951
0.9999319133399154902 -0.008095797127485808431 -0.008403972468206398136 1.307995338505425043 0.00807870859198861653 0.9999652337982333217 -0.002065347992545843621 0.3781289081678485542 0.00842040093234923924 0.001997314125313383835 0.9999625530910761784 -0.1085142506971279175
0.9998849476136355552 -0.01250520868328163122 -0.008585528024813807516 1.422119845499047575 0.01248964931278798152 0.9999202648138115768 -0.001863511395340403413 0.3870297110296983534 0.008608147055020626964 0.001756066759712314462 0.9999614072722079472 -0.1126839379247571715
0.9998169859673488036 -0.01680157392341845302 -0.009148862490069785761 1.561922012947008387 0.01678617653421419706 0.9998575581435577009 -0.001757185409795133891 0.3956322719157574497 0.009177082789672190086 0.001603289399361609467 0.9999566043656961112 -0.1141457722051369
0.9996896427941979191 -0.02267287608747491079 -0.01032273122438477977 1.703840185483605163 0.02266125636392990125 0.9997424302237600813 -0.001241237406166970786 0.4126568509128238915 0.01034821482271829247 0.001006926120542128364 0.9999459488141200225 -0.1187665117804103387
0.9995245475569016769 -0.02845901292151584855 -0.01186437586660195158 1.873086179819394737 0.02844908217911705159 0.9995947377416480872 -0.001004988742078649459 0.3980999488214843618 0.01188816867044110992 0.0006669803136930499031 0.9999291107788212951 -0.119060210073372072
0.9993112021822240232 -0.03466478456200112329 -0.0132466563474809354 2.051693096663165683 0.03466926671280661648 0.9993988343533786178 0.000108805810176643722 0.4123785298518309883 0.01323492118278336502 -0.0005679827269357419321 0.9999122532787101392 -0.117551570871058525
0.9990611845078368747 -0.04066419074069402978 -0.01493898260265304548 2.256896049196790432 0.04068364920110483646 0.9991715763830940622 0.001000817567883451834 0.4582196568721964569 0.01488590936017541132 -0.001607650312473638292 0.9998879062989978195 -0.1183046513757732149
0.9988454452299406761 -0.04509908406605748349 -0.01654838843526246564 2.495975473668893052 0.0451312316992271978 0.9989798265739860961 0.001574173916474289146 0.4831565957480605245 0.01646051240734378723 -0.002319205599190762943 0.9998618268624301919 -0.1213744174104505746
0.9986933327153710849 -0.04803842876023454306 -0.01743377618626903991 2.765164764892284577 0.04806781460739570355 0.9988432668455873298 0.001270226792309461263 0.4903483467506752347 0.01735259026007607286 -0.002106570550144301526 0.9998472133140058338 -0.1209134394357526954
0.9985915496192893093 -0.04997935488280685207 -0.01780396344763883129 3.04198058226829815 0.04998667013144075105 0.9987498844260006559 -3.417924483759842325e-05 0.4881456414627957097 0.01778341469226138796 -0.0008558297428221562243 0.9998414962969552899 -0.1175876533871783036
0.9985682353575483505 -0.05036979497392243127 -0.01801008298695032719 3.334265085647109217 0.05037280741271431966 0.9987304431707362262 -0.0002866310282213687917 0.4876946162317806754 0.01800165570922331384 -0.000620997801738919805 0.9998377642165037216 -0.1146339267546512275
0.9986282426694148562 -0.04906294782854579012 -0.01828825014509654484 3.680346020157532205 0.04905651944629685346 0.9987956835811345746 -0.0008002246616500314092 0.4972281537667415652 0.01830548668600013792 -9.80309512773717566e-05 0.9998324357346691782 -0.1136789511169881972
0.9986068777049157408 -0.0492379597972027877 -0.01897174518721414516 4.014739490014900269 0.04925599602564332408 0.9987860693392851541 0.0004843029035455694042 0.5018460759674633342 0.01892486871714967045 -0.001418100415914003588 0.999819902950150885 -0.1206017736873199048
0.9985651857011417221 -0.0496136668753020052 -0.02015078074990821894 4.379755843758232459 0.04968097366191015496 0.9987610628787840783 0.002853091874792577226 0.528725649566812006 0.0199842628497750828 -0.003850108625477785106 0.9997928815019254678 -0.1275731285574024376
0.9984909742135631427 -0.05021481063125624034 -0.02223167126683586736 4.771941368218378443 0.05034204146274834368 0.9987184961585301446 0.005200412695830120696 0.5646451153727762851 0.02194204355597963174 -0.006311752855673241798 0.9997393202732782758 -0.128561059288466728
0.9983946734748012641 -0.05146116159827452546 -0.02366061757649858335 5.188651089393850668 0.0516426257502197103 0.998640225989871122 0.007123078023002396564 0.5800127812979574138 0.02326188261443562152 -0.008333539575433196803 0.999694671855050454 -0.1234359745400547548
0.998311126468498844 -0.05300147215926281907 -0.02378526262515856526 5.633825084924786175 0.05316427732263882128 0.9985661266599538122 0.006265006312739090748 0.608717633269163727 0.0234191030135321096 -0.007518951807798543614 0.9996974597235673832 -0.122366181593126469
0.9982568797540258831 -0.0543597277721103167 -0.0229830811750384896 6.07408249669903455 0.05451754509387617825 0.998492961213663266 0.006296323030715231077 0.6346115497009544582 0.02260617837436323246 -0.007538328946921575395 0.9997160268276159556 -0.1198061559533160902
0.9982305930385699799 -0.05529200154096414882 -0.0218741328390156288 6.554982839982336884 0.05544584751006657874 0.9984406034637556271 0.006489942127786444033 0.6821382938198872203 0.02148118050190278225 -0.007691288612813261191 0.9997396675953791334 -0.1134932895062391311
0.9981769968057195852 -0.05712889472671228014 -0.01946721436720379866 7.031201773959288914 0.05732988472550387682 0.9983059311533425406 0.009927343119791562018 0.6910490665502204699 0.01886709742580659419 -0.01102529869717193065 0.9997612092011588514 -0.1212604927625194895
0.9981969219554448491 -0.05810032032093002952 -0.01507507138559655707 7.536551231838231502 0.0583103911943216105 0.9982018546634818801 0.01389084681184641311 0.7249561592068438642 0.01424090156698962217 -0.01474483384071615354 0.9997898712217327954 -0.1195334183170693454
0.998210907681357118 -0.05888171619232457354 -0.01038880571614124622 8.063745397707961615 0.05903033806050796833 0.9981489560477824208 0.01463149784486508787 0.7467515641231278201 0.009508047876579665131 -0.0152185754579293557 0.9998389830300716818 -0.1196142743136851955
0.9981895443844218674 -0.05983007736127116116 -0.006164034763415179689 8.572497014817017202 0.0599307304724089468 0.998045669347794373 0.01769602896574910475 0.7644719076864163743 0.005093233419327712272 -0.01803340619676342335 0.9998244122016018975 -0.1089507361225358351
0.998217022457232428 -0.05948886467386524379 -0.004883754337767207132 9.111094424169781547 0.0595690452039507809 0.9980553733375658876 0.01835757624256579082 0.8019154725973143272 0.003782185890035046939 -0.01861576567929709713 0.9998195578893557256 -0.1058393737786822164
0.9983730913726220901 -0.05655888513545061919 -0.00722931084605864336 9.627399381871768469 0.05666755455383085116 0.9982675510906701133 0.01583302562130385269 0.8479223973785063873 0.006321288156906211542 -0.01621693410207868807 0.9998485147082862845 -0.1061475153783602993
0.9984825633402102385 -0.05417571411678762106 -0.00987738353508638145 10.16234947953843815 0.05430518149239998288 0.9984351713623530467 0.0133475035008883032 0.8617579139604335525 0.00913881658862870927 -0.01386364261530229069 0.9998621312184968746 -0.1045832032940823275
0.9985335427307671097 -0.05290686857647821512 -0.01147289409759357642 10.74014198145378352 0.05302942186164049526 0.9985361097174515477 0.01065448296998330185 0.8696734497240544703 0.01089240370916817052 -0.0112472595670572665 0.9998774198338853392 -0.1050668917497062649
0.9985955584245561623 -0.05135017216089222958 -0.01304110861068109688 11.29455116005883752 0.05150249476646687891 0.9986051936378826932 0.01162584501345197315 0.8694472685587693039 0.01242592964646524641 -0.01228116682133594331 0.9998473729594570258 -0.1107212986360165408
0.9987046635504488457 -0.04927416763434173258 -0.01269060307974404465 11.88224065267475993 0.04943924796456598825 0.9986919989375445672 0.01304039948888047543 0.8865869069672089875 0.01203144892699865853 -0.0136509216565851698 0.9998344345813674483 -0.1160015091214244703
0.9987490661639722989 -0.0488237401618775782 -0.01079561175657822031 12.45421417356554628 0.04895084706941297409 0.9987309983339875963 0.01184092639887112351 0.9119656365168653522 0.01020379379349909722 -0.01235456852350587907 0.9998716153731026512 -0.1106327980115775489
0.9988299765952076692 -0.04752128375195380228 -0.008966908351441734218 13.06903088251806722 0.04759128481049196974 0.9988367366929414848 0.007761639174947680339 0.9479617503391318811 0.00858763441836577629 -0.00817930456467648101 0.9999296732830438295 -0.1069243542869980634
0.9988577012179379322 -0.0471978297767156954 -0.007460400926546169494 13.69836514787435355 0.04722822092786134462 0.9988763099211271923 0.003951281607442677819 0.9694802698241127281 0.00726552583133264953 -0.004299109526444255987 0.9999643642608839755 -0.1118124520160880542
0.9988085283674907888 -0.04857772308657975352 -0.004661381779144055729 14.32142913779700422 0.04858487789445057464 0.9988180279926386351 0.001434083985623671063 0.9771926231859366929 0.004586207621628958508 -0.00165884797979529543 0.9999881073907985751 -0.113889075572205678
0.9985825459006577587 -0.05322447992303285663 -0.0002318609140253036249 14.95448684321844368 0.0532244191021001567 0.9985825419420719662 -0.0002610359249390675675 0.9939075224488613802 0.000245425762250509581 0.0002483252560357083463 0.9999999390503793162 -0.1180816326769566216
0.9981310341350678739 -0.06100726495986498465 0.003542925144114564186 15.58170697689804385 0.06100904685236942238 0.9981371341761504645 -0.0003969644653422491933 1.018821747214508022 -0.003512107433630350366 0.000612373038418656643 0.9999936450301254443 -0.1190082318017781915
0.9974944543384663964 -0.07048463368887838976 0.006060526194134722294 16.21186427802193464 0.07047832136660088509 0.9975125291657004345 0.001249149628246937292 1.044057280052300918 -0.006133496665955888091 -0.00081888411405434743 0.9999808546404558296 -0.1221934601238458262
0.9966631081452855812 -0.08139487992212310341 0.00612555178265308288 16.86717222027041529 0.08139478370967642706 0.9966819044907735403 0.0002654157107479043981 1.09133741203068646 -0.006126830096697298382 0.000234057915226874104 0.9999812034082733447 -0.1283346875632425665
0.9954169569177219179 -0.09553824108958755557 0.004186450784376784424 17.47515907482645758 0.0955459313803559418 0.9954236101715061569 -0.001676696092214612771 1.152289878204998841 -0.004007103358097703974 0.002069010061159407433 0.9999898311083189606 -0.1361561397031167409
0.993479958945933106 -0.1139704082820987008 0.002883957142337066105 18.10150268919282013 0.1139815260056487173 0.9934746574512511863 -0.004039397423224508517 1.212811638757333998 -0.002404766560548851715 0.004341778222209860885 0.9999876829539744438 -0.1403065835627210767
0.9909649314890268679 -0.1341112423396269848 0.001636837520987347592 18.74080447077935219 0.1341190677043233581 0.9909444623294952903 -0.006414690688608815604 1.319934685609277958 -0.0007617329396817858244 0.006576264641058812005 0.9999780860130382809 -0.1441216663681243459
0.9871365257574222785 -0.1598694098760669313 0.001803136557250065424 19.38155126070209278 0.1598767262694787417 0.9871234996216623481 -0.005160318985884586318 1.41703232460687234 -0.0009549413176428078395 0.005382218925316133856 0.9999850597916549733 -0.1473306529350236205
0.9821536359133953287 -0.1880739991765583707 0.001551223979171393284 19.99548120650963412 0.1880767312991430962 0.9821525807309826606 -0.001857769442234106106 1.541183215783562765 -0.00117414050588599537 0.002116364147894433598 0.9999970711941440493 -0.1536642830822499972
0.9767075014109279918 -0.21457438922513275 -0.0005368205317335703964 20.62226885095897444 0.2145739606022739887 0.9767074484414507429 -0.0007586767720935505641 1.702713368096819391 0.0006871092168117472502 0.0006258175868233088876 0.9999995681165427808 -0.1536433454657410991
0.9704290864110937109 -0.2413729185621499851 -0.002549986690103147983 21.20810594555101503 0.2413698316525688947 0.9704321054146793912 -0.001460530192453365992 1.859430296172095876 0.002827121387656815216 0.0008018511222318506354 0.9999956822003969181 -0.1528930191505048775
0.9634221793712199888 -0.2678958039325418095 -0.00703864553347319493 21.8112761529410939 0.2679106912060258416 0.9634429435629617844 0.001247411818578318329 2.043158636615791224 0.006447156979492715996 -0.003087512602855150504 0.9999744503900132031 -0.1604582080919388087
0.9559101824138166448 -0.293485569058403617 -0.01009672778917864236 22.42073939632316026 0.2935132812619749565 0.9559540442419262041 0.001348710619185836427 2.247754466213910618 0.009256180660108297154 -0.00425276991742017281 0.9999481171878953356 -0.1560496041642873144
0.947433524455764009 -0.3197532027671993737 -0.01129628511713195137 23.02573019455259384 0.319777531090935041 0.9474925828962158514 0.0003687357368261380531 2.457315159695219187 0.01058524192993855369 -0.003961650763989710625 0.9999361269483710846 -0.1550481570077317794
0.938323438177585345 -0.345524103562099838 -0.01273653108984299648 23.62522654615532502 0.3455545055218249839 0.9383986594537001569 0.0001991207307835962388 2.665729953915651151 0.01188314268879440971 -0.004588005351535344271 0.9999188672721062154 -0.1515260889441470971
0.9287282755532406675 -0.3705152732243793268 -0.01349898127146636519 24.22209682338470316 0.3705913518519133865 0.9287891905431848727 0.003562227211559059609 2.895279005098937208 0.011217848299704734 -0.008310946853336454929 0.9999025392716661687 -0.156566369524305915
0.9182781408647091581 -0.3957514883271934236 -0.01208368722139564234 24.81963706518275359 0.3958663699984850681 0.9182611783712819609 0.009285763318498539004 3.177017439566938606 0.007421126213438908152 -0.01331043887315152413 0.9998838728086019145 -0.1560880780913689314
0.9074240851355234172 -0.4200854998706905485 -0.01047389680827949358 25.41486025280536154 0.4201964027337943275 0.9073407849095372901 0.01294925362033192036 3.453629839699473347 0.004063600071036330141 -0.01615155838106157107 0.9998612975389765678 -0.1552045233502504229
0.8962556621509615296 -0.4434317328810142844 -0.009699811157045169427 26.01375647692594839 0.4435292777709988199 0.8961597191818223562 0.01339915952190932902 3.76436999855185217 0.00275096751666491007 -0.01631122282657452779 0.9998631787337826093 -0.1547732806114594517
0.8852484320273013019 -0.465019398932259076 -0.009600635910453821434 26.59894156784061536 0.4651149718255366272 0.8851334550376770416 0.01438157699262321461 4.091527192479810004 0.001810131745171132895 -0.01719666798379757347 0.9998504878397170836 -0.1616508829468550346
0.8737546961827088454 -0.4862886097506148864 -0.008724616064690072018 27.15588090560499523 0.4863668674669330283 0.8736128632657601534 0.01574278777735945226 4.424005372245360945 -3.36015606827589345e-05 -0.01799869893671056376 0.9998380097333371408 -0.1664944272133276615
0.8611842029216716377 -0.5082345129294331132 -0.007710285698149952661 27.71614461333403412 0.508281826684629956 0.8609656442426840695 0.01969121875140539268 4.769546286157833492 -0.003369465877704611555 -0.02087676462390136017 0.999776378696024759 -0.1814081153491585163
0.8488672696966242937 -0.5285618887688345868 -0.006832874865000352661 28.29779717901886471 0.5285657507563130686 0.8485720217899000994 0.02331889711835918172 5.172516497996506146 -0.006527293866055320325 -0.02340627216204088992 0.9997047268360106376 -0.1877920695283972208
0.8360039933526042244 -0.5486791734384387498 -0.006963313393109927044 28.91384951806350045 0.5486748603637405797 0.8356940820482928745 0.02390185838571753582 5.556727872657782896 -0.007295252108648528008 -0.02380264406264184437 0.9996900586843396885 -0.1946835313364381204
0.8223840708603259442 -0.5688723883929838188 -0.008285271224323237371 29.50990015525518118 0.568908455001679747 0.8221272928507932232 0.02121047329570367734 5.960098396218800332 -0.005254505000485112411 -0.02215671622529463008 0.9997407014337825748 -0.2061653318083589426
0.8101315392430528117 -0.5861476481702080354 -0.0108546611285684786 30.07691829654955029 0.5862419329421941772 0.8098988308700151295 0.01960305628167532954 6.405143792687857385 -0.002699107978934407563 -0.02224451168078631427 0.9997489167366981899 -0.2188896177206481886
0.7964818555152861634 -0.6045275661046751736 -0.01277010784936935539 30.65859597851450857 0.6046610195602053484 0.7962567412733915218 0.01898034249143862318 6.833869933766489879 -0.001305855788333935754 -0.02283908483799011735 0.9997383012290882442 -0.2341929029970564735
0.7815226897017333307 -0.6237432614322533375 -0.01290849717139783137 31.25577272443595689 0.6238759093717871629 0.7813189086428158348 0.01787771525460859698 7.290802127728820636 -0.001065451497691286432 -0.0220251405229323835 0.9997568494379276416 -0.2437598896457296993
0.7673341634306782844 -0.6411337709463175161 -0.01207349925646834972 31.82840817641172748 0.6412469137320351287 0.7671733464606768083 0.01573061058784179164 7.77054585163923317 -0.0008229588573957580602 -0.0198127290518316998 0.9998033699214249337 -0.2508526075591590576
0.7522110893523198394 -0.658805535155572275 -0.01239935094173817004 32.4218887357578609 0.6589222054255229333 0.752079756100430763 0.01405587638966362962 8.247123932659496504 6.521166509317033975e-05 -0.01874319375924558134 0.9998243287873835872 -0.259018121476068286
0.7374821539477165455 -0.6752392802804674243 -0.01311438046393840172 32.98684487584957026 0.6753660941368138104 0.7373667788044324656 0.01307181724014032896 8.78460116415648784 0.0008435040135198762111 -0.01849723984522379933 0.9998285556129548057 -0.2711914245070277119
0.7220883404765672253 -0.6916781875682185277 -0.01302740918760989484 33.54161520613383374 0.6917983978776104381 0.7220079607129377131 0.01093075299859459955 9.360575140900197155 0.001845329718095429193 -0.01690531009739902266 0.9998553921686587076 -0.2819321073125803379
0.7055955769573180048 -0.7084919234533808563 -0.01319379322250907594 34.1135114145279843 0.7086076710593350869 0.7055494998682338981 0.008664395625215990174 9.945963375375461268 0.003170219887435837651 -0.0154627823180013349 0.9998754182741225183 -0.2861625100840672342
0.6882632251578302274 -0.725316428892732179 -0.01448484979681430307 34.67837496300350608 0.7254468233429015589 0.6882375635789501622 0.007480814167168533917 10.54093122487044454 0.004543060316025688064 -0.01565675755719981091 0.999867104442265342 -0.2948102932217937511
0.6708438400767715581 -0.7414807501455015215 -0.01322268485275970851 35.21741425983022111 0.7415896371508838847 0.6708169097233724898 0.007034465125730400212 11.18233152236238226 0.00365408011287536626 -0.01452483365994967218 0.999887832162027812 -0.3040346460079375035
0.652123201149257703 -0.7580610665085988353 -0.00887411779787449298 35.75455906090309099 0.7581129868143454686 0.6520758429208697304 0.007860935215951075916 11.78105805243120585 -0.0001724710903307721821 -0.01185388218614192093 0.9999297253961600962 -0.3151147955302329162
0.63247602269067138 -0.7745788061094983634 -0.001324329027670604481 36.279157376893302 0.7745555257492249268 0.6324415903034952269 0.00902066437284819618 12.43388674369778002 -0.006149654683890163308 -0.006731120290858831103 0.9999584360196671629 -0.3151199614267586324
0.6112193132112034855 -0.7914332510688701916 0.006660349854419126032 36.82021276914075258 0.7913808639731469974 0.6112555278949856064 0.009110859176702961956 13.08846131588753003 -0.01128181256447692918 -0.0002978596665947417892 0.9999363139644839027 -0.3245178780847296496
0.5834799214559756031 -0.8120527599919384887 0.01102253361092271622 37.36171770463879938 0.8119763543671876249 0.583579446103295485 0.01137673214690549175 13.75135861979337726 -0.01567103079890085071 0.002311941877784728667 0.9998745289877393194 -0.3330696406684732214
0.5563709869656630058 -0.8308261589550225423 0.0133872498631215104 37.83811420782872403 0.830728523800136287 0.5565194825628192454 0.01327348005830852364 14.43431383389631684 -0.01847821981957411749 0.0037361911160243488 0.9998222823423390526 -0.3436317477039921853
0.5291728738715397728 -0.8483580825042512652 0.01626755692307622556 38.28618918764507129 0.8482773048712085595 0.529380845994001703 0.01347345297664219455 15.14299742303152385 -0.02004204577816904101 0.006669613510923269421 0.999776891439605464 -0.3661462365499985605
0.5030985417819862082 -0.8640438849612493977 0.01788916202370480213 38.69299018233272847 0.8639578105141086928 0.5033514515464931893 0.0146361838505066795 15.89388747561894988 -0.02165084082678110297 0.00809203850148917242 0.9997328443161122014 -0.3884340758840659213
0.476210622318850918 -0.8791150794905993049 0.01949667158593880456 39.07735402356037469 0.8790244447839159481 0.4765130934966655962 0.01585235624650968567 16.66892438496935469 -0.02322646471206790339 0.009588990482593704942 0.9996842414475202165 -0.4040229994671230562
0.4477236103704856918 -0.8938766418963410842 0.0229808134959968921 39.46902797714423627 0.8938191516650768609 0.4481210414645452333 0.01657879107334898558 17.4003897095649549 -0.02511758016887482778 0.01311797502862750361 0.9995984323205036048 -0.4253707841993330518
0.4179798242775547568 -0.9080854151467872004 0.02595660406508578169 39.83851980450403119 0.9080331958559991756 0.4184865177675934911 0.01856743574902837077 18.12138351780389911 -0.02772330644863763363 0.015808644611124998 0.9994906227849834623 -0.4510991136011973657
0.3890653947863448314 -0.9207216324837211863 0.02999656740790830611 40.17734324984219541 0.9206934938824319348 0.3897313876958733436 0.02080710857397796709 18.87799378426770147 -0.03084815881549593519 0.01952231853956989949 0.999333412919098496 -0.472760986056114052
0.3601674950213986648 -0.9323519493998736474 0.03161040936568562665 40.47268948621418616 0.9323647743254824816 0.3608932492631522493 0.02126006193020878524 19.66474291247407535 -0.03122984353151286516 0.02181524894517049631 0.9992741324513796375 -0.4989521762162891783
0.3308656685771429462 -0.9432240344500132379 0.02926312001206669844 40.72994321099250215 0.9432463156484407474 0.3314930185055573464 0.01996914364003769468 20.43500877629697854 -0.02853589621235855245 0.02099522607438598573 0.999372254522529202 -0.5226508332757053843
0.3021004044119705023 -0.9529255052006222471 0.02585202491610523109 40.99060328537181164 0.9529713471452671003 0.3025784399156254967 0.01708505833649096375 21.21532806641754831 -0.02410305321445775639 0.01947483597787777812 0.9995197714849746173 -0.5527321837635923441
0.2719904778884234542 -0.9619796398735070975 0.02482644571550248619 41.20680025230122112 0.962062553741417803 0.2724058875625183784 0.01518799229056574593 21.99572286431425283 -0.02137340933423417452 0.01975360448410233213 0.9995763965217050462 -0.573572552519739931
0.2424219086166380377 -0.9698555626032874244 0.02473471063358434821 41.37955989488185793 0.9699352932492817381 0.2428461212336813224 0.01585207592670676013 22.78454059485103755 -0.02138095255352966476 0.02014817831013364369 0.9995683597326832093 -0.6002242722095552097
0.2140024716894552981 -0.9764677254607270207 0.02671559927006075807 41.55591117627515274 0.9765692264614769247 0.2145003033125745251 0.01738291710980473248 23.59781610723893408 -0.02270436167868860808 0.02236964488694689196 0.9994919264048085505 -0.6131334835067629996
0.1833664467707599721 -0.9827590888171072736 0.02369218322643783931 41.74746647264399968 0.982855810239386618 0.1837503247004976803 0.01517479657657375136 24.42948808589881082 -0.01926661561730021871 0.02050345141264514615 0.9996041246427630478 -0.6252321808809192527
0.1534626723604736176 -0.9878682629275471472 0.02378031312856494772 41.86724701635627355 0.9881102502341070348 0.1536389691295519944 0.005761991591378473263 25.23891621040057842 -0.009345671419028854857 0.02261332052838021037 0.99970060326100052 -0.6435782687015223491
0.1244842763425106913 -0.9917701586622964527 0.02992686636527165656 41.98311336429060958 0.9922050543365698028 0.1242514886556382869 -0.009523534838621719109 26.05331988976561064 0.005726699961242413817 0.03087911841068613841 0.9995067208146890536 -0.6380761231731845173
0.09418700113670464003 -0.9951250261014322751 0.02924023330102495932 42.07256447526827969 0.9954597556902962108 0.09373216043100340844 -0.01655768407575705994 26.86135653711999893 0.01373621555925536898 0.0306669941070300961 0.9994352664652919049 -0.6496554366592812713
0.06463207642378310247 -0.997565230289758853 0.02619744289221178843 42.13566969610238289 0.9978893027769836221 0.06444289563047489455 -0.008003287201226219269 27.69927061114069033 0.006295561961878182872 0.02665941709228020207 0.9996247502837671828 -0.6782373435235499182
0.03390380595483266646 -0.9991191356373355648 0.02472821758801026573 42.17081493047068363 0.9993456165487570875 0.03420277382797887178 0.01176898242229190705 28.53939774693178322 -0.01260438917842304947 0.02431302255531072459 0.9996249328161357361 -0.6805189955782038336
0.004272154471202882497 -0.9997119495586590521 0.02361708292316286664 42.15446940336880743 0.9996246764882061875 0.004908493657564627632 0.02695204715532719536 29.37737516309069008 -0.02706020790798758374 0.02349307556789911183 0.999357704002094227 -0.6775047107261606971
-0.02225558740751809594 -0.9994850955114238378 0.02311347398524101274 42.13606715098997313 0.9993757278932485777 -0.02160675630339503606 0.02795179028050628553 30.2392403853567302 -0.02743799057850315401 0.0237211283999263188 0.9993420158986853208 -0.6901174013416926378
-0.04601930262219777745 -0.9986706304796463263 0.02322058577108682825 42.0692899926372661 0.9987626191935135012 -0.04555995484318930977 0.01993792909003882369 31.07839566988522506 -0.01885349537564443359 0.02410938265639272354 0.9995315319588713443 -0.7107665253073978118
-0.07001607554080102602 -0.9972869858379836971 0.02272481119954342446 42.02017950531593726 0.997491001149573675 -0.06975513928886800663 0.01207986624150109677 31.93337837982694793 -0.01046192102277526161 0.02351357950165531771 0.9996687750387788229 -0.7449658471403685089
-0.09193277633193841503 -0.9955511788839765952 0.02064497175164837703 41.9288506832661767 0.9957294428018769183 -0.09173397534300598011 0.01038048675316016918 32.76250778112742523 -0.008440460494875342418 0.02151111318582425019 0.9997329796681417857 -0.7750774692969657487
-0.1118057857196836924 -0.9935508086087883051 0.01887477132119414272 41.85775028482632365 0.9936636937811952341 -0.1115586070229337423 0.01367994372116026688 33.59787210142647496 -0.01148607594941265971 0.02028467184663851688 0.9997282641534941394 -0.790487061010598957
-0.1292303217094810108 -0.9914644401539640661 0.01725653096804107695 41.74058622575356026 0.9915045675527343061 -0.1289371679984534502 0.0171434894523876391 34.46455694186713004 -0.01477215193970006848 0.01932538793208308375 0.9997041126795191968 -0.8005230521804014288
-0.1439936168022564189 -0.9894608362636504451 0.01526734491136403325 41.62900407050243246 0.989460850319930918 -0.1437213315521512769 0.01764665806989476268 35.34830216397227787 -0.01526643391116956627 0.01764744619808280082 0.9997277147495320371 -0.8191948772367541043
-0.1546303954105296974 -0.9878811768285915562 0.01342465206033000708 41.48305140215612141 0.9878738170667162866 -0.1544087530741633518 0.01622524354574058844 36.23134134403649398 -0.01395572890320666976 0.01577077809874076128 0.999778235504724555 -0.8367299096597047292
-0.1598075734069928089 -0.9870853782096322693 0.01113533145064983 41.3095624315467802 0.9870654385078878601 -0.1596379577637041525 0.01474932351889233356 37.10953488895134456 -0.01278122001217838095 0.01334835442221522089 0.9998292163410805733 -0.8577731076414548683
-0.1641195997283870778 -0.9863864340061112568 0.01032278032807472379 41.18546090105874669 0.9863552638871005973 -0.1639589186190830716 0.01485821010314542813 37.99551419375141847 -0.01296342497962171825 0.01262045220935521968 0.9998363235044169794 -0.8850906795652606629
-0.1676029656749480345 -0.9858008939239445434 0.01028802389744244358 41.0343789622031494 0.9857521530678361454 -0.1674260038158201791 0.01616248645446091356 38.88452860843783299 -0.01421051086653076639 0.01285032237016606356 0.999816448452362172 -0.9033253073345675066
-0.1711934296980570647 -0.9851659479133556552 0.01186864357015937274 40.90296214794172158 0.9851240864601391589 -0.1709785847290972161 0.01722956296924011213 39.77412411766933076 -0.01494469485444433962 0.01464167463147711228 0.9997811147744757321 -0.9204439517148538252
-0.1744540616798306853 -0.9845728587966262602 0.01349318659354491017 40.75967348282507885 0.9845603686003011612 -0.1742190269698258298 0.0169885615437558278 40.674857228368694 -0.01437570676692840818 0.01624858032953920353 0.9997646336474529383 -0.9356425606125606809
-0.1756180977775290142 -0.9843728826021502787 0.01297350109013527091 40.61935583342303602 0.984372986058893451 -0.1754140541615278881 0.01548334331190930058 41.58768282999999855 -0.01296564886537325198 0.01548991930740870049 0.9997959563577709652 -0.9612546510277403256
-0.1765544373045935256 -0.9842146988016433617 0.01224570662923115186 40.46157496374549822 0.9842190672520070294 -0.1763776145845763477 0.01427461842026736538 42.49636760592942863 -0.01188942074484550943 0.01457270517939169077 0.9998231233263744633 -0.9825561198593051326
-0.1770475518664040848 -0.9841381097151519208 0.01124034627584286766 40.30198351174658455 0.9841261239171639197 -0.1768802124667108178 0.01446245696659173748 43.41286413972192548 -0.01224486022346783429 0.01362246101184025164 0.9998322319039772976 -1.005166016044804156
-0.1773864398333269143 -0.9840864933773850742 0.01038385840906790557 40.1479626246023571 0.9840499996954621409 -0.1772164145444770078 0.01549001340739294963 44.34610787746166238 -0.01340332282005747382 0.01296595419558892875 0.9998261023643957301 -1.028762493830434499
-0.1775464057772910831 -0.9840594674534210995 0.01020971649236187759 39.99273348352316049 0.9840111258025677765 -0.1773697204338007261 0.01618908799154981232 45.25985224495737214 -0.01412013074756249265 0.012920789005486032 0.9998168207822608622 -1.047774102732828894
-0.1774478385835636107 -0.9840758646018259448 0.01034201577017851079 39.83616652609596542 0.9840390337929143527 -0.1772785590871435168 0.01547554392886154109 46.19142362889664355 -0.01339569161818419951 0.01292304902703901234 0.9998267601189294584 -1.069451353688672279
-0.1784246273154070916 -0.9838929410733854297 0.01092395868365108984 39.66942230027873961 0.9838790989566831291 -0.1782635240625629613 0.01428406892246970698 47.13179665702908494 -0.01210665121096218301 0.01329648430074991013 0.9998383031779168872 -1.089675221242740522
-0.1782818037863682648 -0.9839257696009278131 0.01027999775781850145 39.5131020874110277 0.9839128481420086336 -0.1781384322377990159 0.01349837845593567995 48.04225419566719779 -0.01145013972663521881 0.01252113713210393012 0.9998560473513972147 -1.11087290161452179
-0.1793647235081936575 -0.983729484051159897 0.01022732463882284823 39.35373406209046721 0.9837147195068920436 -0.1792204830579260388 0.0136150313242503606 48.99270127979967526 -0.01156056167778512708 0.01250282611741510876 0.9998550058647363015 -1.132250622520321492
-0.1794394819000653118 -0.9837216996561171101 0.009648313900182118458 39.1804652086445202 0.9836930057380693926 -0.179295076223412897 0.01418964777728572157 49.97537241347683334 -0.01222876925283258691 0.0120371619462751045 0.9998527711292498621 -1.155458350662522449
-0.1795498826457828656 -0.9837022815565579226 0.00957397003902597972 39.02531192629311363 0.9836659832627878686 -0.1793999196335547275 0.01472760018221169406 50.95573670091299334 -0.01277000444551910051 0.01206192753653707872 0.9998457065420467416 -1.174356576293845489
-0.1803555987395948357 -0.9835490646034699136 0.01015359645258279327 38.84510083279540993 0.9835230293466387108 -0.1802012363420253394 0.01449017479592553878 51.95894991744434321 -0.01242210723239991522 0.01259968009296804844 0.9998434574039386513 -1.196053458088081056
-0.181223904987803941 -0.9833808050258354694 0.01095849294892055695 38.65884265167161971 0.9833721609312724432 -0.1810671455783943173 0.0139241479973663991 52.95916297198142075 -0.01170851682884703829 0.01329966536544096439 0.9998430024433015983 -1.214941034918072482
-0.1826447550683123477 -0.9831229220052923878 0.01049827003902424095 38.48743739598901925 0.9831147714772053847 -0.182500390978452609 0.01337734637491449184 53.96723938871734561 -0.01123563747006353988 0.01276430650243153865 0.9998554060113659103 -1.242331805636438524
-0.1839632692851276285 -0.9828822825191904089 0.009996712649366459522 38.28676531920611836 0.9828715618978153268 -0.1838284151712383796 0.01306164569186886622 54.98117076121731372 -0.01100038028782571349 0.01222834761924665621 0.9998647204237312014 -1.26662518122038481
-0.1854882779392657 -0.9826090568603920161 0.008575553804693809498 38.11191211118493527 0.9825899798079961167 -0.1853769689854487535 0.01234143227871969603 55.98071054079166231 -0.01053709296001338613 0.01071544426048025647 0.9998870680863177762 -1.285882037999922733
-0.1858351494796794956 -0.9825558079464989936 0.007027196344770110341 37.91343311556492068 0.9825287719174418122 -0.1857468379891675792 0.01163290726472262018 57.0082392355904517 -0.0101247010952861486 0.009066225655072687739 0.9999076427251181176 -1.308955289623464191
-0.1864964146220131624 -0.9824351649759694993 0.006343023866741757076 37.74073548609389661 0.9824061728142025052 -0.1864183483842389855 0.01123881676352734074 58.04880601039242549 -0.009858952768210867135 0.008327424831986538628 0.9999167240555494329 -1.330424116903728304
-0.1855831946258954535 -0.9826051819298652346 0.006777486040138714501 37.54161174596609385 0.9825892029891756252 -0.1855096203367256891 0.01022931726075922317 59.08081495522561966 -0.008794091285883036402 0.008557873982543666783 0.999924710541425954 -1.350167625587809228
-0.1857419837270484209 -0.9825783016134349568 0.00630846095327349584 37.38209803052956204 0.9825727296797432953 -0.1856867293612898262 0.008442122292750897997 60.1537218068671109 -0.007123648702707334815 0.007766578240457898928 0.9999444654037519253 -1.36814453218172738
-0.1858395399197487752 -0.9825613327443112333 0.006073944199557974703 37.17132330097290094 0.9825556142529144887 -0.1857877110100898399 0.00820922272262027998 61.21128308699880449 -0.006937600629493776046 0.007493586147805111029 0.9999478565726069856 -1.392423429694936265
-0.1856281390752025917 -0.9826053607626753505 0.005375777518625450731 36.96719060122607914 0.9825718679126280719 -0.1855620700737818929 0.01091982310395840476 62.27236146680910878 -0.009732336315917407971 0.007309114199776724045 0.9999259264962823135 -1.415142652752434227
-0.1853969038761975607 -0.9826478255491631897 0.005589183895870347696 36.75078964438555573 0.982574758800531689 -0.1853005880808145101 0.01450983890268040324 63.37682603304023132 -0.0132223825839909593 0.008181870226675967001 0.9998791054914570875 -1.437884486911618076
-0.1843498212152514526 -0.9828468627403692537 0.005214194023895164613 36.56073090724497376 0.9827441869790269902 -0.1842436926295154542 0.01637451328046867285 64.48368626814493609 -0.01513295664555994874 0.008142857462504912713 0.9998523328449601122 -1.46462644050366908
-0.1858347089566516619 -0.9825582376280951324 0.006691084827481420111 36.38303172442646627 0.9824627851011757951 -0.1857024013089016989 0.01677778410127207104 65.56600003988017988 -0.01524259945802570147 0.00969163646035304735 0.9998368543639920558 -1.488672259927539709
-0.1865910846409666313 -0.9824040518159979918 0.008126875661532405662 36.21268938475414956 0.982336027234721465 -0.1864464103675238515 0.01592688474780185395 66.68509271166738017 -0.01413140931445104262 0.01095513745122430466 0.9998401313381115596 -1.516720503914376295
-0.1857307945614909972 -0.9825556381221564051 0.009406909477590711527 36.00756667128362665 0.9825063265067750518 -0.1855717927118254451 0.01563419725735974014 67.79902095464660761 -0.01361581160709839436 0.01214609995354992006 0.9998335271084873854 -1.542636101365362444
-0.1871472931936770667 -0.9822795120279458336 0.01014154329579820824 35.8277698738518211 0.9822255462166785689 -0.1869651779799545999 0.01664327438551299262 68.91804793657315997 -0.01445223199465858581 0.0130760266543239051 0.9998100572195240954 -1.57111405101067847
