1.0 0.0 0.0 0.0 0.0 1.0 0.0 0.0 0.0 0.0 1.0 0.0
0.9999961534957483 0.0027453073599739285 -0.0003953241801500614 -0.007681804758992827 -0.002745421284440405 0.9999961898729984 -0.0002879261306187032 -0.0014421006711213824 0.000394532228189212 0.0002890103545280553 0.9999998804086611 -0.005224585927316047
0.999980762008724 0.0061767745685158085 -0.0005683910463753984 -0.015941726725771987 -0.006177101874054787 0.9999807556887409 -0.0005759033001512161 -0.003001079211521318 0.0005648228832228871 0.0005794032303263132 0.9999996726334506 -0.007341411577541035
0.999945587056616 0.0103970607986747 -0.0008509128910268982 -0.026411951945728762 -0.010397804377830253 0.9999455592790008 -0.0008741523469922617 -0.005748473390496667 0.0008417779516166208 0.0008829524075735679 0.9999992559021866 -0.011811610597597721
0.9999089106270529 0.01345822873316026 -0.0010229995045200743 -0.0360982340836542 -0.013459311909128654 0.9999088581250046 -0.001059417802595964 -0.009111033235347898 0.0010086483793157958 0.0010730901703068566 0.9999989155523789 -0.015532225660671209
0.9998509864719436 0.017218122158056317 -0.0012414187172389022 -0.0453411545256841 -0.017219824628827093 0.999850783751085 -0.0013739985779259026 -0.01250694425010418 0.0012175758020348604 0.0013951708461520595 0.9999982855022685 -0.019095338713464027
0.9997825308654671 0.020798778814019248 -0.0015171605342304687 -0.0560354401935651 -0.020801273741978796 0.9997822724151868 -0.001647657438707673 -0.01650779679466946 0.0014825609439026242 0.001678857995653527 0.9999974917212932 -0.023691947593258406
0.9996951419926163 0.024605994391361675 -0.002041596525796872 -0.06768834481640407 -0.024610075185921683 0.9996951288773481 -0.0019983738999245736 -0.021238683029719707 0.0019918021249986646 0.0020480085236386147 0.9999959191843644 -0.031578249584980705
0.9996030430552975 0.028071602218521563 -0.002396135111491617 -0.07836166152422297 -0.028077180759434363 0.999603049378202 -0.002327142969298055 -0.026700579466394092 0.0023298573324294367 0.0023934959123844564 0.9999944214555039 -0.037623722089215765
0.9994851613622825 0.031988681554343465 -0.00247718974361162 -0.08900281583212166 -0.031994807952143524 0.999484972448888 -0.0024742903929693516 -0.03037160490086066 0.002396764635190664 0.0025522737427819938 0.9999938706902284 -0.04036195625506196
0.999340286579662 0.03621037079483083 -0.0027929671997887137 -0.10046181047082525 -0.03621806750266278 0.9993401096877997 -0.002756221244200136 -0.035069944846524925 0.002691320354546208 0.0028555588026305903 0.9999923012597015 -0.04626196404505658
0.9991584470624583 0.04089391563312607 -0.003175740532121839 -0.11292502962972661 -0.04090340869465136 0.9991586491399075 -0.0029841256794759584 -0.041571150763184184 0.003051036036318581 0.003111512992637953 0.9999905047879211 -0.05382170273483569
0.9989654121523465 0.04534929830940054 -0.0033980091432635412 -0.12421036504033178 -0.045360127630044614 0.9989656361118635 -0.0031806743001108286 -0.04529623723817916 0.00325025301765343 0.0033315177415590845 0.9999891683637672 -0.05816905232014654
0.9987532947157893 0.04975935743560221 -0.003982793234919431 -0.13635327536958997 -0.04977299500206342 0.9987547640958336 -0.0034014944359525147 -0.04922179477861077 0.003808577540330675 0.003595489322640899 0.9999862835027535 -0.06866177785116262
0.9985174117825762 0.05425327003446237 -0.004422788440999511 -0.14712302957196088 -0.05426935978466642 0.9985198326540545 -0.00360283014853969 -0.055018164764411015 0.004220776657034102 0.0038375105321681543 0.9999837291462929 -0.07735784655312901
0.9982419669655795 0.059093101693735 -0.004580471690227894 -0.15756800254210512 -0.05911017266372221 0.9982446613514215 -0.0036855896473375876 -0.05985331521453502 0.004354638487409829 0.0039498627314769165 0.9999827177046839 -0.08209311135705159
0.9979864918119056 0.06323645629504038 -0.004910474133033427 -0.16800578239751196 -0.0632552564688041 0.9979902509634474 -0.0037724674920975787 -0.06366201299484014 0.004662047836687067 0.004075484898581384 0.9999808276826154 -0.0896174033539984
0.9976884835078044 0.06774865324928137 -0.005273505362307635 -0.18209702506756942 -0.06777013893271384 0.9976929108780087 -0.004007973653186401 -0.07174065998291196 0.004989804098189518 0.004356095347052781 0.999978062903576 -0.09709375495055142
0.9974259165864297 0.07147912630361235 -0.00568114641541185 -0.1936992232803828 -0.07150314255041032 0.9974317709258933 -0.004142819456572761 -0.07740795333198547 0.005370430814824114 0.004538375315715131 0.9999752805056513 -0.10468073995097021
0.9972123619956648 0.074374175211613 -0.005998928622722248 -0.20455245395133315 -0.07439915791489328 0.9972202997727345 -0.004054506471753254 -0.08074464479446652 0.005680702824739534 0.0044895192133458574 0.9999737865727529 -0.11316350182255931
0.9969690329369318 0.07756607978615514 -0.006020849724760867 -0.2125165435015085 -0.07759071499369655 0.9969773853959248 -0.003971643975693451 -0.07950170691515479 0.005694586162953034 0.004426768088630686 0.9999739873680327 -0.11652058188118801
0.9967437980452759 0.08039858979282918 -0.0061536832550666345 -0.2172944717308567 -0.08042312767904247 0.9967533813658915 -0.0038493207165850043 -0.07519817986812782 0.005824224635068588 0.004331685005061908 0.9999736571092347 -0.12140699554729875
0.9965845115559347 0.0823600080137354 -0.006011689180006841 -0.2162695156339396 -0.08238283462773967 0.9965940609779977 -0.003653242679797031 -0.06403180696559618 0.005690332636856314 0.0041360250671906885 0.9999752563994403 -0.12368220749851917
0.9965616858073695 0.08263715127373937 -0.005992295898554465 -0.2085066264405302 -0.0826587959861462 0.9965719043222775 -0.003458751449093894 -0.04398281856228903 0.005685932368167968 0.003942175139064921 0.9999760644276838 -0.12546694282511947
0.9965823915041528 0.08239479577568191 -0.005885114522803926 -0.19667299236802804 -0.08241470458332037 0.9965929065814647 -0.0032241308825869744 -0.02015231724815325 0.005599411782221136 0.00369813204032681 0.9999774849500901 -0.1250732236405929
0.9967047680704205 0.08092166052296018 -0.005593761158349677 -0.17591624526799132 -0.08094004023721335 0.9967140230591958 -0.0031410386097185114 0.012459914880654122 0.005321202128105826 0.0035834474122339 0.9999794216445448 -0.11806752294714591
0.996926946216477 0.07816991237243709 -0.005111624709936075 -0.15358155728820133 -0.07818464340731189 0.9969351076737517 -0.0027482035574540624 0.045850597088478995 0.004881131299320129 0.003139408735292284 0.9999831591932107 -0.11321242239187232
0.9971151795697728 0.07574995026889288 -0.0048232463964241 -0.13452281503901542 -0.07576265981517431 0.9971227228090729 -0.0025089909422109707 0.07582398545938329 0.004619312640483865 0.0028671749298186605 0.9999852205201104 -0.10841486005344408
0.9973583151907249 0.07245813577940947 -0.005119538972578703 -0.11824531243425229 -0.0724711550244441 0.997367609607 -0.0024047861110616836 0.10637953400472908 0.004931816028814951 0.0027694523266579623 0.9999840035342923 -0.10866826583773262
0.997583154092688 0.06930171457648297 -0.005012287626015817 -0.10439276623325267 -0.06931204892097706 0.9975931839193212 -0.0019181428741769453 0.13680705943238833 0.004867293381573411 0.0022609189435622563 0.9999855987466377 -0.11054941137060446
0.9977445191910105 0.06694460008539002 -0.004928990130702458 -0.09801658743856301 -0.06695387740570409 0.9977545513807062 -0.0017416944122783018 0.1579158577934695 0.004801325300718031 0.0020677810549012497 0.9999863356850779 -0.1082263374791262
0.997938191306836 0.06400418713840492 -0.00477811259748723 -0.0943679180276582 -0.06401144018047522 0.9979482097546186 -0.001380642449026121 0.17972298994479982 0.004679942014989675 0.0016836496971321848 0.999987631656731 -0.10771000583513143
0.9980674545361381 0.06194979990982244 -0.004855768413698372 -0.09413297376029328 -0.06195645673743563 0.9980780922851645 -0.0012325457183292093 0.19876189006596856 0.004770080114292422 0.0015310099733425481 0.9999874510933469 -0.10907483189994982
0.99819720435536 0.059812745182283536 -0.004977623017375606 -0.09000996620656199 -0.05981846301902294 0.9982087637109822 -0.0010077363911417114 0.21721224009603995 0.004908431438419546 0.0013036734067523236 0.9999871037850779 -0.11324950158261353
0.998244125151496 0.05900249093869516 -0.005231889099907832 -0.09292454771970104 -0.059008940448331874 0.9982568625110009 -0.001086920815355812 0.23058780747124036 0.00515863816232037 0.0013937405507625398 0.9999857228678781 -0.11495976248969127
0.9983162510445281 0.05774839734669764 -0.005457609759411038 -0.09980168095746778 -0.05775512238943022 0.9983301927395795 -0.0010826367519875637 0.2419500546876453 0.005385976065674298 0.0013960187830957711 0.9999845210768928 -0.11693946144610341
0.9982714396128155 0.05850121299208748 -0.005633909105524708 -0.1104457480504859 -0.0585087172577877 0.9982862045388128 -0.001176364034159303 0.24759920639264954 0.005555435014752313 0.0015039634128001579 0.999983437480769 -0.11821758037931478
0.9983909237302482 0.05643510017222029 -0.005535601287250807 -0.12468009356801213 -0.05644082115014183 0.9984055561946099 -0.0008826480785773207 0.25484389916881783 0.005476962749337887 0.0011936617127117468 0.9999842889019626 -0.11852615447628341
0.9983803205083284 0.05657563410663241 -0.005994434678859775 -0.14106874584022644 -0.05658166183110008 0.9983976206196427 -0.0008406458637727781 0.2612400376396761 0.005937269247531388 0.0011784593627753178 0.9999816798658957 -0.1270913453996192
0.9985014084285426 0.054335118454718036 -0.006529339072774489 -0.15911818138187095 -0.05434086550174613 0.9985221940674038 -0.0007058975420016747 0.27175069102886734 0.006481334950195236 0.0010596496262638409 0.999978434487434 -0.1368009878932513
0.9985806478537628 0.052853971890713884 -0.006568667089565889 -0.16800454269292608 -0.052858829560381286 0.9986018333186021 -0.0005680054887568593 0.2784659623300736 0.006529461651963511 0.0009144113430735555 0.9999782647550084 -0.1375344697398852
0.9986605642283877 0.05127999512738852 -0.00688763782237582 -0.17498656220680875 -0.05128507859977518 0.9986838956029733 -0.0005633615946645476 0.28625282905672944 0.006849683792123284 0.0009158400550796185 0.9999761212493767 -0.14223148200438412
0.9987173954197478 0.05016538026603212 -0.00685556042632567 -0.17977492343938717 -0.05016976117459723 0.9987405947584521 -0.00046844980486324703 0.293149004719562 0.00682342653499447 0.0008117907983046786 0.9999763906443131 -0.14147781321243516
0.9987991314301677 0.048483202714166895 -0.007047986160505305 -0.18607330004574751 -0.048486928077371795 0.9988237528395071 -0.0003585655101889103 0.30191962233693753 0.007022311582479999 0.0006998701181922199 0.9999750983508852 -0.14542189953512413
0.9988698219838935 0.046996643674510605 -0.007098888166104505 -0.19135098801755535 -0.04699950089244941 0.9988948849444803 -0.00023610933245468084 0.31163044914264554 0.007079946731749066 0.0005694866875759587 0.9999747747014395 -0.1461258116631094
0.9989292397688432 0.04571020980910646 -0.007137972684740701 -0.19655934413273957 -0.04571208353420226 0.9989546513836043 -9.948882894569306e-05 0.32137476748321 0.007125963359626042 0.0004256739038939228 0.9999745193993349 -0.14682170641005488
0.9989467426097457 0.04532271117776293 -0.007159419031947111 -0.20065545718385558 -0.04532396004936319 0.9989723412069829 -1.220188227010252e-05 0.3314366973634681 0.007151508569640059 0.00033668225272803597 0.9999743709566988 -0.1449089980113703
0.9990112796107161 0.04388735170580837 -0.007096729585524846 -0.20372969538066843 -0.043887557250443805 0.9990364689190054 0.00012684020318612835 0.3382101640443384 0.007095458346603422 0.00018474333228457083 0.9999748098531077 -0.14159799307162318
0.9990393156714624 0.04327028093821198 -0.006937472898966369 -0.20710327923553096 -0.04326988062431246 0.9990633985019949 0.00020785669189737747 0.3461949431518949 0.006939969268910092 9.252661694177574e-05 0.9999759138426175 -0.13851312306655328
0.9990989025931604 0.041873287213019715 -0.0069289721545922715 -0.21296434885318316 -0.04187083370881662 0.9991229075751398 0.0004988417884278806 0.35587486921053635 0.00694378295108409 -0.00020827044252796372 0.9999758699597491 -0.13689073106976152
0.9991228063508542 0.041287540574105205 -0.006996915244340095 -0.21745481012282597 -0.04128329093678705 0.9991471994859874 0.0007507654353704843 0.3665553386034792 0.007021945529797701 -0.00046125118100645893 0.9999752394576231 -0.13504179222155288
0.9991581534052888 0.040415530197055224 -0.0070405541419538056 -0.22211202114953488 -0.040409245966694214 0.9991826792690947 0.0010326127241714804 0.3760728038794329 0.00707653334183213 -0.0007472399386019551 0.9999746818336664 -0.13363574226163694
0.999168922160866 0.04016964609366661 -0.006918418938265452 -0.22577901389054844 -0.040162545157768625 0.9991924834367661 0.0011623295226280608 0.3834146022121754 0.006959522565949593 -0.000883502223291598 0.9999753919319625 -0.13062004010244171
0.9991866936836117 0.03976440366579382 -0.006689048266998314 -0.23034112961474473 -0.03975668597959427 0.9992085668980418 0.0012828707974644595 0.3944304191286891 0.0067347669250206405 -0.0010158930390883837 0.9999768051689026 -0.1272867496801329
0.999195755830286 0.03951022530924684 -0.006839855755634677 -0.23499971232229688 -0.03950114488602651 0.9992184619761383 0.001457668938861752 0.4052437463152301 0.006892102976484629 -0.001186314483913466 0.9999755454882447 -0.1280077523597586
0.9992213297705201 0.038846251577897666 -0.006906726430228138 -0.23852272547249487 -0.038834679852849455 0.9992440248830711 0.0018017702985229994 0.4149639109148355 0.0069714971392094505 -0.0015321468038820695 0.9999745250524211 -0.12744699362443915
0.9992237651921202 0.03882148883067736 -0.0066902227357493954 -0.241808110972055 -0.038808306754276566 0.9992444901361462 0.002089080999116288 0.4259939353948259 0.006766269441154722 -0.001827823165544911 0.9999754380285203 -0.1235650577092551
0.9992332036388716 0.03859478775411804 -0.006591441709813339 -0.24519467013177187 -0.038580448022122946 0.9992528756011969 0.0022890244980578525 0.43320926810627197 0.006674861497555161 -0.002032968508125916 0.9999756563352127 -0.12092111426352091
0.9992282183237134 0.03877198783917844 -0.006300846341413101 -0.2471016489411766 -0.038757730029296986 0.9992458276416516 0.002369452200054464 0.4410175666441076 0.006387962789154226 -0.0021234169988070665 0.9999773422591433 -0.11551289704020656
0.999230259230773 0.03875452414722608 -0.006080780848383993 -0.24948799267993726 -0.03873952801435075 0.9992460509115187 0.00256489901576576 0.44821778203642715 0.006175597690047784 -0.0023273581283992906 0.9999782224615286 -0.11177720889255005
0.999220187276216 0.039041171737850336 -0.00589951260883782 -0.2519247240156969 -0.03902645140907375 0.9992348210561688 0.0025900732155762127 0.4542357419809263 0.005996117919233584 -0.00235781640136116 0.9999792434204431 -0.10920718759254397
0.999219532425321 0.03908363588657715 -0.005726729049876696 -0.2536093073978478 -0.039068939090802286 0.9992329872152944 0.0026561737742391025 0.46144924802133913 0.00582614950412473 -0.002430363488296449 0.999980074459124 -0.10638137935625729
0.9992158316251549 0.03920690151194703 -0.005526364400266903 -0.2558785782457186 -0.03919317058918639 0.9992283438088349 0.0025714408839418636 0.46587084345604524 0.005622918176443305 -0.0023528286986452393 0.9999814233216036 -0.10361464947158221
0.9992026381456672 0.03956871713662553 -0.005329591626263228 -0.25732024642730744 -0.03955442823709927 0.9992136046805706 0.0027603311570465164 0.47292316138388946 0.005434623223110451 -0.002547321224762501 0.9999819878502839 -0.10024595183123249
0.9991991042716696 0.03966003395301904 -0.005313353888178336 -0.2602108041038491 -0.03964542593149462 0.9992098118668271 0.002827025251081775 0.4807231522473752 0.005421275256432495 -0.0026141109206127217 0.9999818879353233 -0.09965411971298958
0.9991912212186433 0.039841787098539944 -0.005434651818937614 -0.2633683890404066 -0.03982690799504785 0.9992026169872551 0.002819149760856457 0.48710848053797284 0.005542638284467952 -0.0026004243143704737 0.9999812583014933 -0.10079927788541625
0.9991822974567337 0.039878889345634605 -0.006664130374188086 -0.2683866204123003 -0.039860387329280975 0.9992010895681567 0.002886542528374894 0.49532535846885406 0.006773918440993514 -0.002618547377280245 0.9999736282715624 -0.11156271531452543
0.999171033055411 0.03997949520987792 -0.00767376477017411 -0.26970598255041356 -0.03995881284860027 0.9991973202576724 0.002829923252923133 0.5033918507335453 0.007780744097780266 -0.0025209428097951805 0.9999665518749313 -0.12079377492695258
0.9991389512655757 0.04076410638866231 -0.0077229330089399854 -0.26203023176985485 -0.040742364444101106 0.9991653243000664 0.002952025719320794 0.51048855805896 0.007836823554909665 -0.0026348333300835877 0.9999658203408242 -0.12080953840197335
0.9991262016400284 0.041133600292621246 -0.007406762000859695 -0.24752480345319194 -0.04111199111166737 0.9991499000136443 0.0030465537183646937 0.5146127049622637 0.007525781235505032 -0.002739384911176456 0.9999679286792699 -0.12033824607480216
0.9991078929328565 0.04166477637299708 -0.006889462174762652 -0.2276795733367698 -0.0416431089253001 0.9991272337744005 0.0032591731084145132 0.5192128344429825 0.007019242003586944 -0.0029693669532710907 0.9999709561290256 -0.12052642078410812
0.9990649218188593 0.04271362259630417 -0.006695404078890647 -0.20444537795335727 -0.0426927593572791 0.9990830315723549 0.003228671964645715 0.5227832673902444 0.006827172880525118 -0.002939807628797704 0.9999723732391665 -0.1217826834918163
0.9990051708545749 0.0441901478382432 -0.005991614128031369 -0.17483916041242542 -0.04417242276771477 0.9990192384687955 0.003059123413503062 0.5264060214630322 0.0061209208992829035 -0.002791415996047454 0.9999773709060058 -0.11823915888422341
0.9989288674189587 0.04598411908245061 -0.0051554465656737485 -0.14218912033506226 -0.045969348367784345 0.9989385009762659 0.002947927735321142 0.5274957955900256 0.005285531924204839 -0.0027077775947083405 0.9999823653909012 -0.11414389317038767
0.998844405762598 0.047812255316198995 -0.004882757248183623 -0.10582651167931045 -0.047799652290417584 0.9988533852821172 0.0026660741494164016 0.5294311373595513 0.005004629624782821 -0.002429599150811167 0.9999845252454115 -0.1165189772557914
0.9987352913982707 0.05004033601892718 -0.004876729101320195 -0.06530048443223768 -0.050028611746328784 0.9987446629449624 0.002497247622812148 0.5287187038540364 0.004995570272739913 -0.00225011334546097 0.999984990521152 -0.12060673065691743
0.9985461256450309 0.053604524791061876 -0.005673612713891622 -0.020855974654263587 -0.053591575012740957 0.9985600295234336 0.002410503228620003 0.530994609479233 0.005794656759165641 -0.00210294081844359 0.9999809996159742 -0.1333147980505411
0.9982819172100548 0.0581046484941679 -0.007554044929094936 0.0316231335981505 -0.05808672247794499 0.9983082293771257 0.002571347833374614 0.5317704674148449 0.00769067247981449 -0.0021281403335328764 0.9999681617809312 -0.15769574407854942
0.9979708666707415 0.06295757528627151 -0.009512780378357401 0.09519346687094221 -0.06293416432132605 0.9980139168881526 0.0027409229733925304 0.5312828780502012 0.009666449070352457 -0.0021366823917500694 0.9999509959746692 -0.1824951188124202
0.9975403357903576 0.06929213195018762 -0.010577283255313914 0.17741595192593174 -0.06926435882790392 0.9975939183551127 0.002970295785566696 0.5306303101674172 0.0107576515757251 -0.0022303611125104525 0.999939647389726 -0.20151431642405598
0.9970179578590624 0.07655328065535127 -0.009735857818037213 0.2813649955394032 -0.07652267898350312 0.9970617737733759 0.0034783445888040363 0.5246293165601914 0.009973530354780309 -0.0027229580962208374 0.9999465556675894 -0.20712704585169794
0.9964194237299281 0.0842366344681852 -0.007247166839312638 0.4058196177647069 -0.08420776883245462 0.9964393644981069 0.00420054125914051 0.5168640804969885 0.007575201778391188 -0.003575233150891511 0.9999649163975406 -0.20553203715558344
0.9956277943548432 0.09327397290585479 -0.005026040834812452 0.5457618599075944 -0.09325167081637624 0.9956323858865307 0.004503117125994776 0.5044642734985139 0.005424112652729373 -0.004014741866438112 0.9999772301656091 -0.20610839684679966
0.9946685901717279 0.10303188340890912 -0.004338977645066214 0.698855890850712 -0.10301248622391951 0.9946699761768896 0.004479528349525843 0.4872854823798818 0.0047773850334853095 -0.004008677273168889 0.9999805533602985 -0.21887749942936713
0.9934062328823331 0.11457382384785625 -0.004110396503507203 0.865862557226163 -0.11455726072847379 0.9934083428784959 0.004061811639035085 0.4628825590979837 0.004548679470356622 -0.0035641532350617865 0.9999833030240058 -0.23678968678567244
0.9919117850959794 0.1269248528375199 -0.0010451410837149084 1.0519181362538408 -0.12691686543210842 0.9918966997238781 0.005748595112594293 0.43451020261008394 0.0017663115803711583 -0.0055694532096480275 0.9999829305214936 -0.24050489513595363
0.9901430671558561 0.14003688984149582 0.002525083507128385 1.2565642623268656 -0.1400532396353492 0.9901093403252444 0.008281561951374163 0.4073395322677312 -0.0013403845868089508 -0.008553577276897989 0.9999625191400602 -0.2518452129513489
0.9879093971308255 0.15488527592564358 0.0067508786131430945 1.473424775769621 -0.15495172527308385 0.9878631778339408 0.01078446636249838 0.37455849980543415 -0.004998589351684367 -0.011700135950769151 0.9999190571857475 -0.2575528900046987
0.9853434582071224 0.17003958424289956 0.013594453241452632 1.7039448916226014 -0.1701663075605419 0.9853762926441163 0.008774375541802881 0.32377833521465593 -0.011903660766467195 -0.010959091451370502 0.9998690920190123 -0.24421883618875326
0.9821460794626528 0.18722973893860548 0.018278497014960593 1.9410182045570874 -0.18737987985333898 0.9822635403622993 0.006864248033813017 0.26029943284170687 -0.016669109823036318 -0.010166716869431623 0.9998093711532271 -0.25260770611201855
0.9785929221679299 0.20467053734076898 0.02158387887930272 2.178934236020095 -0.20483072813964934 0.9787821342298831 0.005468685598612599 0.1919190526558149 -0.020006636214427505 -0.009772658647289573 0.9997520840940287 -0.2659232738110319
0.9747633750705711 0.22194417471894157 0.024023861666284493 2.421432370072793 -0.22217659858935027 0.9749779943136456 0.007447794533165672 0.12538512643028007 -0.02176974185192288 -0.012597377205976916 0.9996836421724814 -0.29484287971804557
0.9709558046315598 0.23780305797594295 0.026353957379783487 2.665968510302002 -0.2381084267330024 0.9711961128646285 0.009082261578029396 0.05633478055592764 -0.023435071389253055 -0.015093573928258696 0.999611415228468 -0.32621804013215494
0.966161058299159 0.2563369951196724 0.028708088742919934 2.911197099982748 -0.2566529623057461 0.9664716609952693 0.007860371030216362 -0.024134280872968178 -0.025730650320958073 -0.014962400411184552 0.9995569319493532 -0.34237821170049865
0.960895231349263 0.27509656993066844 0.03165804135811726 3.156211676240491 -0.2753212669828106 0.9613479442730458 0.002886172027262469 -0.11842537426969413 -0.02964041695440739 -0.011489440994761227 0.9994945914953238 -0.34783777234249214
0.9552997222049612 0.29362492097064063 0.0344506391829487 3.401304455858991 -0.29376240413149357 0.9558778201684324 -0.0011148223771113186 -0.22290278383699438 -0.03325794151798185 -0.009055313083087347 0.9994057787660431 -0.35977554220703145
0.9494588382809173 0.3120344277386032 0.034094432332830125 3.644803981764041 -0.31221259388247136 0.9500122554678628 -0.00010335397922712496 -0.3221500319883397 -0.03242237855917105 -0.010546580806534618 0.9994186104940534 -0.40507663708525743
0.943353967908557 0.3299569330990268 0.034809675825410294 3.892129681047977 -0.33031196036560817 0.9438594606058441 0.004829851372011048 -0.42056846136372783 -0.031261798902403194 -0.01605431171777783 0.9993822887187174 -0.43291495968052485
0.9366726281158555 0.3481476165289355 0.03791602357529349 4.143433755856295 -0.34876048883261135 0.9371501697629141 0.01075549824882922 -0.5213192585636331 -0.03178850685040996 -0.023297991728134543 0.9992230453775899 -0.448474160766415
0.9292118816651134 0.36750080558484916 0.038838600217703335 4.395814051708284 -0.368229957852065 0.929637988357049 0.013413006513323179 -0.6265954826263501 -0.03117654747802831 -0.026765061142229568 0.999155470579735 -0.4781316152167133
0.9214636792306036 0.38621627816219267 0.04173337203423794 4.648628248141765 -0.38711295847691524 0.9218971324268033 0.015787165752224816 -0.7468366109787178 -0.03237661560531105 -0.030702828954060075 0.9990040495694561 -0.5039009257307818
0.9121617601790438 0.4078220477380657 0.04052284103816262 4.899673657362104 -0.4085196877756004 0.9126904501314265 0.010383012020628002 -0.8816423520553499 -0.03275038880378349 -0.026025364889386695 0.9991246631004478 -0.5300037706834164
0.9029780440487744 0.42815327911324136 0.0362687406788963 5.142277199269131 -0.42853715964440764 0.90351857363915 0.0031764591890114068 -1.03506091872235 -0.03140946942814004 -0.01841077601990808 0.9993370245100478 -0.5432438034253411
0.8932499064169503 0.44856266900146824 0.02993554182561484 5.379762440231625 -0.4486659176315248 0.8936924997264519 -0.003551096809144874 -1.1980455251730662 -0.028346058667392145 -0.010259040450540161 0.9995455232489753 -0.5407549809192255
0.8828440107661873 0.46909265946018547 0.023206238274381993 5.617888581565427 -0.4689774916198848 0.8831475075819074 -0.010516282888294416 -1.3638678964423334 -0.025427642600078012 -0.0015989660523993221 0.9996753864627134 -0.5322709344272455
0.8707721656884049 0.49130346494950367 0.019409811718356 5.857762152538667 -0.49109309383716837 0.8709821576443795 -0.014753109861330892 -1.5354486130801108 -0.02415385368357745 0.0033145729370257426 0.9997027583029301 -0.5301376799402828
0.858257192108567 0.5129739088234601 0.01588587612641727 6.100318793300701 -0.512840480275099 0.8584017594207254 -0.011876919407419752 -1.7042730852256636 -0.019729013790061617 0.002046531159249311 0.999803269511105 -0.5641262048433295
0.8449368250665468 0.5346625253335306 0.01475620718343213 6.345123950717666 -0.5345969542869321 0.8450653058538288 -0.008409834083503211 -1.8765266069146556 -0.016966381865431365 -0.0007828449072380824 0.9998557541166915 -0.5593612106549934
0.8304107743565644 0.5569790437765371 0.013866889568664236 6.591357568671867 -0.5570354392119257 0.8304886862941979 0.00024778885217349787 -2.04695451902351 -0.011378281702924585 -0.007930115453994437 0.999903819361835 -0.5635576401530967
0.8149683290558262 0.5793969001886614 0.011218497570041112 6.8331619194693305 -0.5794832061254073 0.8149540608901925 0.007006600973676265 -2.227718814418726 -0.005082957266784846 -0.012211088827675364 0.9999125226013905 -0.5682856041778251
0.7992557521553677 0.6009315953075913 0.008453425792813354 7.070947208000325 -0.6009866938640358 0.7992244467616496 0.007434883786038332 -2.4194428944187005 -0.002288327978031315 -0.01102277005164566 0.9999366290397922 -0.5384692004079559
0.7839564249921382 0.6208058182712773 0.0035298320185541687 7.300721067751243 -0.6208131182206745 0.7839571767069283 0.0014890718000243012 -2.624986549710738 -0.0018428127062366359 -0.0033587334271374084 0.9999926614486253 -0.5227799202520795
0.76810182406823 0.6403264936477022 -0.0012527553235020881 7.5254572562876 -0.6403242894329352 0.7680898367214695 -0.004775676642522171 -2.842492857194138 -0.0020957636474207477 0.004470375602636183 0.9999878116840797 -0.5250502267734583
0.7524092930374695 0.6586736970380425 -0.005405236451505122 7.750604195161126 -0.6586949809203377 0.752369418056544 -0.007821820990974768 -3.0616089190532647 -0.001085293146218152 0.009445612923379117 0.9999548002461398 -0.5265601851855657
0.7361456512589514 0.6767659598476896 -0.008798620572226672 7.981710013358626 -0.6768206989680615 0.7361157823311627 -0.006877241552157873 -3.2768412134659366 0.0018225204858091973 0.011017739986927672 0.9999376419680721 -0.5284465555528227
0.7197955456641921 0.6940800338023921 -0.01213586086201266 8.206526872529945 -0.6941697892422244 0.7197885335749216 -0.0057245643913985105 -3.4962109688555354 0.0047619476472515665 0.012544863926652855 0.999909971069234 -0.5145660632459578
0.7029459815025849 0.7110800878549842 -0.015233376038140716 8.423288213868158 -0.7112163081064469 0.7029445077242527 -0.006354694622502563 -3.7253694717217045 0.006189521209648576 0.015301232514407992 0.9998637717763079 -0.4933863587730003
0.6837913001969396 0.7294688130422049 -0.01745590369414962 8.643647583757769 -0.7296610852994663 0.6837412409635746 -0.00962372096422989 -3.9609320701857307 0.004915116945152382 0.019317510305219575 0.9998013179732422 -0.4797553037681088
0.6655944367504615 0.7461037057498765 -0.017700452907809597 8.857757349563862 -0.7462978777742147 0.6655472906746275 -0.00928878384760121 -4.192642220007976 0.004850092425901686 0.019392373293881743 0.9998001862679862 -0.5110226525885078
0.6478723721749954 0.7615407230017187 -0.01780776747286402 9.068421437848574 -0.7617326726781254 0.647834114597146 -0.008619474390773818 -4.426710755330727 0.004972398514290062 0.019149077631987654 0.9998042748852737 -0.5409281774153905
0.6289534634976383 0.7772273701737548 -0.01830726104904117 9.27581986388253 -0.7774238153380805 0.6289287962152382 -0.007796193714537203 -4.669826245886639 0.005454548515456709 0.01913594377199261 0.9998020121786395 -0.5709858213056719
0.6095283068795767 0.7925299969343508 -0.019272962194680988 9.481763729021768 -0.7927407660577551 0.6095174056135021 -0.007114076493104397 -4.920928849010067 0.006109086894118331 0.019614693814267385 0.9997889491507201 -0.5783242791076845
0.5912319883905149 0.8062040330607197 -0.02190417723702285 9.680452266222089 -0.8064674137198521 0.5912387326749706 -0.00686087406297295 -5.17597889571832 0.007419333650014883 0.021721373380351593 0.9997365330059067 -0.5923401971286556
0.5742104806907272 0.8183686128509535 -0.023561353215240038 9.876203970918462 -0.8186763073384818 0.5742027086735839 -0.0077687292749341885 -5.437156776435956 0.007171308635863429 0.02375000741746658 0.9996922073719138 -0.5903313441936526
0.5568176148957582 0.8302883632000643 -0.02398703142035619 10.066890831305336 -0.8305975098678857 0.5568339880331972 -0.006609566726634958 -5.696770597689936 0.007868948027955229 0.023603891747089933 0.9996904200557966 -0.6181727446659984
0.5385254253961833 0.8422781003398627 -0.02362134394431314 10.256948295203479 -0.8425628682100993 0.5385783066259454 -0.004606598039867023 -5.96955718273663 0.008841906775708699 0.02238323747374646 0.9997103637378046 -0.6234827737616204
0.5215259802744068 0.8529181086579486 -0.023266968478314443 10.439661927159703 -0.853186561591289 0.5215939650584985 -0.0035251573849074116 -6.2460169271203645 0.009129239774038322 0.021689525995451524 0.9997230723771713 -0.632054738994287
0.5058257480370625 0.8623269547581793 -0.02307673547613439 10.614243219981727 -0.8625907728291743 0.5058913539794825 -0.003331155771524752 -6.53049277697302 0.008801775543163928 0.021590763448692818 0.9997281468884428 -0.6521892181209861
0.4896835170038102 0.8716093636203118 -0.022520444582164324 10.787475300595728 -0.871858722361445 0.4897489294724259 -0.0028903845559989706 -6.822041421717776 0.008510077381885844 0.02105001971529273 0.9997422043971884 -0.6812752710285452
0.4725654947861974 0.8810195482947001 -0.022054674336367843 10.95602327133006 -0.8812561036758635 0.47263313292488157 -0.0023667267791099835 -7.12106111684484 0.00833863726936708 0.020554249784901578 0.9997539647054567 -0.7046032852199935
0.45516529033892394 0.8901436000014087 -0.02165478808992484 11.121570922726601 -0.890365622941944 0.4552438856487398 -0.0014359883847645998 -7.429817605918206 0.008579974002582879 0.019934290957436568 0.9997644763093699 -0.7298539717716572
0.43776094514637515 0.898840282740435 -0.02124855354257921 11.285015839622503 -0.8990514084719765 0.4378421252535601 -0.0009155752298197218 -7.748704382593306 0.008480555943205655 0.019504345068406675 0.9997738047650362 -0.743563754562749
0.419866030978965 0.907342122317389 -0.02104255446830971 11.443140290919183 -0.9075451057340036 0.4199545531386319 -0.00023314456782678886 -8.077949724204545 0.008625374671655611 0.01919495680419353 0.9997785537533144 -0.76343118127574
0.40144648287772583 0.9156521250993837 -0.020540379404746185 11.589017958008322 -0.9158460043111177 0.4015296875310861 -8.011585166268509e-05 -8.412683837746572 0.008174213874328621 0.018843986631744032 0.999789020941603 -0.7751678402219446
0.38291754046622034 0.923564475012412 -0.020070318840346386 11.726949019588345 -0.9237472782871398 0.3830023419857564 0.0004145968275803097 -8.754707869638157 0.008069886021659551 0.018381146005623045 0.9997984849013961 -0.798968518279093
0.3645253856112559 0.9309922325772331 -0.019357327445416423 11.860448876920483 -0.9311638881594982 0.3646006883275845 0.00038917700260456765 -9.105089448903922 0.00742001567730383 0.017882979391505176 0.9998125536396516 -0.8145924792125838
0.34542709542211053 0.9382548320121656 -0.018920675306987045 11.982717993765174 -0.9384204434831284 0.3454952177752168 0.0003546087798143064 -9.46321203604006 0.006869716236776377 0.017633057031760737 0.9998209251153685 -0.8388039249195565
0.326382790251724 0.9450545191607043 -0.018607257762340908 12.094856128026152 -0.9452120226696885 0.32645573191446847 0.000941966489429616 -9.825262324379738 0.0069646556394595905 0.017280362094734963 0.9998264262649335 -0.869503363451686
0.3069208492787578 0.9515582196602663 -0.018345213953391195 12.196110365421246 -0.9517082539204886 0.3069998127498395 0.0015856831903593939 -10.194637431036554 0.007140847122110443 0.01697261230790768 0.9998304549941626 -0.8932397661159892
0.28726675952348535 0.9576823783688795 -0.017951908940482673 12.288593407346807 -0.9578234710561812 0.2873492686302114 0.002143854373239603 -10.571382305866722 0.007211599459604483 0.01657890163476692 0.9998365530694651 -0.9141664331820643
0.2667750583686785 0.9636002942110207 -0.017479737664710896 12.371131102488205 -0.9637321056601138 0.26685883036114594 0.0026063726146203234 -10.956752243127521 0.007176123766496114 0.016150469179602476 0.9998438206004862 -0.9378348254370991
0.24590860153374985 0.9691396945287969 -0.017239842816867013 12.448181144408387 -0.9692706754855627 0.24598480345347834 0.0024153910068556417 -11.35298810720809 0.006581590649427572 0.016116108667716657 0.9998484653716003 -0.9540461450007985
0.22553521370217972 0.9740864978043791 -0.01701064888580997 12.517932780105543 -0.974213560364538 0.22561174669987547 0.00269787933064758 -11.758274091589167 0.006465770036315199 0.015963538023775814 0.9998516686347086 -0.9811852309997287
0.20625268281929243 0.9783486651826628 -0.017138266106877017 12.580675888171083 -0.9784758166371118 0.2063361590908182 0.0032350746492376724 -12.17011996857332 0.006701274966817301 0.016102136099144793 0.9998478954955465 -1.0065522156987279
0.18973593631753446 0.9816555371014666 -0.01877980158956879 12.63646318544494 -0.981810331270351 0.1898324455927674 0.0034808060952934076 -12.58966424833014 0.006981968240516092 0.01777776921621585 0.9998175848829589 -1.0106115265401987
0.17529627538780523 0.9842824886962784 -0.021428912268876017 12.689759180412906 -0.9844867272056053 0.17541664425398076 0.003858092102142999 -13.015930569171267 0.007556440376135953 0.02042017053155315 0.9997629303211407 -1.0098849355575399
0.16387511370954938 0.9862023595574714 -0.02344894688386559 12.73862755216508 -0.9864492311190115 0.16401456494042588 0.004139675363343623 -13.444981281664932 0.00792852643259978 0.02245280585325134 0.99971646479286 -1.006181070735751
0.1554758209209228 0.987550448510976 -0.023903572007947724 12.788648342488168 -0.9878099511085497 0.1556134028136943 0.003996167622556104 -13.878312077284798 0.007666133307539235 0.02299087885483616 0.999706281809614 -1.0078681606172741
0.1492590126031818 0.9885144101868154 -0.02368560764977954 12.841503528465696 -0.9887721992602204 0.1493857574074884 0.0036651676493899697 -14.318777336804558 0.007161363475591433 0.022872611062314276 0.9997127380084607 -1.0126331634719832
0.1463565252648904 0.988953788933169 -0.02345572141546863 12.894560652985213 -0.9892082859559568 0.146475743212065 0.0034385529735000437 -14.762563030189229 0.006836264218496192 0.022699339312115558 0.9997189632523427 -1.0175568900199752
0.14456741282143828 0.9892249290981349 -0.023114990826501675 12.950306181186207 -0.9894707554125963 0.1446877989257964 0.003614557405067892 -15.208227532904933 0.0069200674376259175 0.02234906022190873 0.9997262786252381 -1.0326344879566598
0.14321926014823863 0.9894376496852886 -0.02239153652267084 13.009141176330894 -0.9896701350804166 0.14332643817153243 0.00324897691159857 -15.658814066114415 0.006423959254276042 0.021694918905531994 0.9997439988523024 -1.0341237124177118
0.14185367594072806 0.9896643752559805 -0.021022820250754706 13.068935382878356 -0.9898691589568814 0.1419487994078107 0.0030962061748946563 -16.111691921569346 0.0060483690445016615 0.020370633173137188 0.9997742017755994 -1.0437714865412113
0.14020536458056934 0.989912913620565 -0.020368583408692298 13.13021043390227 -0.9901070258800534 0.14028831811067757 0.0026953858041556 -16.567467240516866 0.005525671523425664 0.019789169990813323 0.9997889055722211 -1.045318054413902
0.13886393240029288 0.9901094318441834 -0.02000303105827317 13.187922605007268 -0.9902934366539965 0.13895497093345302 0.0032288346041635563 -17.02183423823782 0.005976420194730517 0.019360501699989784 0.9997947056149029 -1.0548216212384747
0.1371235241466196 0.9903343853779832 -0.020855317394534657 13.244837928123944 -0.9905339078379213 0.13722430524412102 0.003473826939445753 -17.478402711274516 0.006302106707096134 0.020181555645796444 0.999776469148368 -1.0558521245250223
0.13565668555887603 0.9905010549166552 -0.02247051116856143 13.292039353470166 -0.9907342920297785 0.135768640170652 0.003526888496389873 -17.931162862646588 0.006544177521542614 0.0217838599703761 0.9997412851259901 -1.0508385868199603
0.13657229060147835 0.9903331658666793 -0.024253453864336208 13.343772436289035 -0.9906135277419147 0.13667071444807657 0.0024401776517417742 -18.387715422508776 0.005731325726598835 0.023692538841103096 0.9997028636093265 -1.0416925849146503
0.1400093346262335 0.9898478968958488 -0.024464816132314875 13.39899464288807 -0.9901371283102927 0.14009162664294308 0.0016743016402712785 -18.84215366023464 0.005084619844888299 0.02398910493127173 0.999699289529425 -1.0420130205442153
0.14290673315899552 0.989471998952165 -0.022865452268296112 13.459845424697523 -0.9897244286917319 0.14297937923856652 0.0015660023564211384 -19.294306946499695 0.0048188036533018735 0.022406704402142145 0.9997373248654838 -1.0528533895638934
0.144842040072907 0.989230457792975 -0.02106857380609789 13.525937120045274 -0.9894444705897286 0.14490494358940903 0.001482208744996292 -19.74624566873971 0.004519186534239347 0.020631497717216122 0.9997769342483459 -1.0643548623699897
0.14650721726230906 0.9890124321615841 -0.019749539738605628 13.591301522048724 -0.9891996412694654 0.14656613248932304 0.001561575961977529 -20.197123748403794 0.004439031698092081 0.01930745547593284 0.9998037393211913 -1.0713731145376244
0.14891647393711938 0.9886532180374094 -0.019715431885050344 13.653367866343766 -0.9888359181968069 0.14899034748915163 0.0023244868123490545 -20.646444954622755 0.0052355204147667605 0.01914917281089215 0.9998029298350017 -1.079347676443806
0.15037345091782556 0.9884079551118865 -0.020917445604282874 13.71798630190195 -0.9886119678599588 0.1504623194501425 0.002732659829540533 -21.09718813608465 0.005848270096725138 0.020268317572701366 0.9997774717604194 -1.0653684653281381
