1.0 0.0 0.0 0.0 0.0 1.0 0.0 0.0 0.0 0.0 1.0 0.0
0.9999999166686238 0.0004077440195941489 -2.018811512146836e-05 -0.006409965481189217 -0.0004077440916042989 0.999999916866027 -3.562970271246674e-06 0.000558364441006598 2.0186660663330012e-05 3.5712015590008433e-06 0.9999999997898725 -0.00046827084133305164
0.9999999240785162 0.00038463266841661555 6.245536436722075e-05 -0.013334336915384548 -0.00038463635126753464 0.9999999242889157 5.896642746495755e-05 0.002878569851136159 -6.243267922431462e-05 -5.899044559160613e-05 0.9999999963111438 0.00044270574045424116
0.9999996478705142 0.0008351536795860792 -8.232363136672276e-05 -0.020161840806771414 -0.0008351491835379371 0.999999649770446 5.463356292655792e-05 0.002213519665675401 8.236922995566097e-05 -5.456479117494765e-05 0.9999999951189965 -0.0017835123129896213
0.9999989282929677 0.0014247408563983813 -0.00033693680342030075 -0.027424231127579857 -0.0014247242175722604 0.9999989838489874 4.961749814976091e-05 0.0006497907294549243 0.00033700715311843287 -4.9137402950714896e-05 0.9999999420058452 -0.004951618157565063
0.9999988166044046 0.0013544757871557218 -0.0007295102012460523 -0.035421811623789656 -0.0013544260059987518 0.999999080402846 6.872886297418282e-05 -0.002988267425255542 0.0007296026219713241 -6.774071405254005e-05 0.9999997315455684 -0.011296841470923108
0.9999984671965501 0.0015950260340817654 -0.0007221471476380654 -0.040745114620622136 -0.0015949686563408853 0.999998724834816 8.002329284452699e-05 -0.0015720030546997887 0.0007222738660165849 -7.887136811879891e-05 0.9999997360498497 -0.01071453909537419
0.9999974417925396 0.0021696883684205804 -0.0006394222095443642 -0.04170846873751244 -0.0021696625058776646 0.9999976454333811 4.113762945076585e-05 0.00850490141485355 0.0006395099598182981 -3.9750193818701455e-05 0.999999794723445 -0.00822726986451558
0.9999979476205599 0.0019070092214851858 -0.0006841567793735398 -0.04323556141403595 -0.0019070502352114267 0.9999981798197696 -5.930049552397175e-05 0.01659768872161388 0.0006840424474930922 6.060509516387959e-05 0.9999997642064481 -0.008421779396303078
0.9999967411936779 0.00248616780252361 -0.0005801479844646573 -0.0482617065821328 -0.002486189202767989 0.9999969087727375 -3.6169297387627245e-05 0.016825448829507372 0.0005800562681527861 3.7611537173875724e-05 0.9999998310600344 -0.007345445203773518
0.9999968099253651 0.00246741765248226 -0.0005403602719567422 -0.05487313437298802 -0.00246749759974668 0.9999969448693123 -0.00014733512147167897 0.018243300748862712 0.0005399950838059429 0.00014866798913569659 0.9999998431515564 -0.0064838925856511576
0.9999961007595437 0.002726775996462571 -0.0006026262323353794 -0.05885829922889785 -0.00272689376526245 0.9999962630659662 -0.00019469077368375836 0.020443568440443927 0.0006020931022324883 0.00019633331225335566 0.9999997994685429 -0.0066096197261448775
0.999994655733639 0.003219336811902472 -0.0005695389844904815 -0.06223295091338921 -0.0032194415091575147 0.9999948008389105 -0.0001830068803202462 0.021796177511454573 0.0005689468625789076 0.00018483949973048357 0.9999998210668972 -0.0059909501055803865
0.9999918667202188 0.00398878171018511 -0.00059675278230133 -0.06377464133171484 -0.003988934229346135 0.9999920117567508 -0.0002546102942251213 0.025962674812468223 0.0005957324304101146 0.00025698863100814205 0.9999997895298351 -0.005131598267000145
0.9999921320798384 0.003928729518968057 -0.0005485096069294351 -0.06594525904599557 -0.003928925738405477 0.9999922179758058 -0.0003571139485722469 0.028516526632941297 0.0005471023343030119 0.0003592661923406379 0.9999997858033962 -0.004019673413379804
0.9999884740485777 0.004773153839230925 -0.0005184326645087837 -0.06685955431704738 -0.004773312459788608 0.9999885611183926 -0.00030515656639728406 0.03324791984981457 0.000516970174982447 0.00030762769027458395 0.9999998190535049 -0.0027406504716281227
0.9999838531407339 0.0056591675688114325 -0.0005169915305820482 -0.06909067884796039 -0.005659349100308602 0.9999839243838654 -0.00035034498338220427 0.036010369167422784 0.000515000558656805 0.00035326516196452904 0.9999998049890557 -0.002768189405853938
0.9999784683884863 0.006543957248052501 -0.0004892677755619295 -0.07070764249031858 -0.006544135227873004 0.9999785210115408 -0.00036305604859712085 0.0383671606624727 0.0004868814433243578 0.0003662500659012422 0.999999814403657 -0.0020372225032785074
0.9999725126277488 0.007385592268205912 -0.0006534644578880567 -0.07369623074699683 -0.0073859081539598475 0.9999726074907705 -0.00048231613467054115 0.042365670639451236 0.000649884367541808 0.0004871293055352419 0.9999996701776197 -0.003805519141202543
0.9999703028962806 0.00767872364221319 -0.0006561468971800693 -0.07770046369056993 -0.007679064154393474 0.9999703813740957 -0.0005180234183426094 0.045227289030734974 0.0006521497043409348 0.0005230466286655766 0.9999996505614323 -0.0026507278099318216
0.9999643772574849 0.00841176887741474 -0.0006973954454695795 -0.08212667025312437 -0.008412103015157544 0.9999645035893896 -0.00047758150313411345 0.04694733995679673 0.0006933533852099956 0.000483431052700788 0.9999996427776862 -0.002546355099745115
0.999961754241544 0.008716299526094077 -0.0007184544170765228 -0.08482854160407627 -0.008716652931788199 0.9999618890857974 -0.0004902424239990889 0.04826426595481159 0.0007141539363138993 0.0004964861921067208 0.9999996217427363 -0.0021085931169264466
0.9999585498768765 0.009077678115767518 -0.0007030563029764243 -0.08953024305478297 -0.009078015848781611 0.9999586793902018 -0.0004786861782237542 0.04897802395574885 0.0006986818932168794 0.00048504869288373386 0.9999996382856231 -0.0015063681409347024
0.9999542203056999 0.009537866211738282 -0.0007657682098871223 -0.09363081571155529 -0.009538210673076917 0.9999544101282373 -0.00044743965982807054 0.050933191317288296 0.0007614656789993663 0.0004547232346898731 0.9999996066983222 -0.0017211723750503033
0.9999530751456159 0.009660765618922157 -0.0007191067285196068 -0.09805083485895871 -0.009661072872388383 0.9999532404167214 -0.0004250306538187562 0.04965548187457952 0.000714966981861247 0.00043195805182446857 0.9999996511171672 -0.0010825333752727956
0.9999543788641146 0.009515217067280233 -0.0008371586763595022 -0.1029169058438103 -0.009515604836585836 0.9999546196003223 -0.00046043954240050183 0.04606608857620581 0.0008327395035718737 0.0004683846077753261 0.9999995435802848 -0.003065375357554398
0.9999531416265495 0.009649225721341791 -0.0007790983099488411 -0.10781347197989521 -0.009649504399229805 0.9999533795291375 -0.0003547296282456177 0.043378374373821305 0.0007756391217657922 0.00036223091876150655 0.9999996335862897 -0.0028332174433748913
0.999949239986365 0.010037216430234938 -0.0008784856447516964 -0.11249913632837127 -0.010037406985365087 0.9999496013241722 -0.00021277368948999822 0.040860713427853135 0.0008763057146663948 0.00022158060704179205 0.9999995914950808 -0.005754668274912861
0.9999485504924701 0.010110526877135198 -0.0008207400800253335 -0.11357982893599605 -0.010110406057075092 0.9999488771034741 0.00015122455491511474 0.046702461795827876 0.0008222270813420986 -0.00014291875900986385 0.9999996517583664 -0.008386890523890717
0.9999500063014016 0.009944994747734352 -0.0010401813777312636 -0.11210462062185056 -0.009944433393760159 0.9999504052200282 0.0005434563296118546 0.05696466155271562 0.001045534460508315 -0.0005330851457916291 0.9999993113387218 -0.015895913668286854
0.9999483241286437 0.01007738209200886 -0.0013399412277755724 -0.11158209257142127 -0.0100765214872289 0.9999490209440886 0.0006474779378111723 0.06545809234639882 0.0013463978014122693 -0.0006339425322512433 0.9999988926642993 -0.023027232007820184
0.9999472223602904 0.010152140875433615 -0.001576873359091147 -0.11279929348645712 -0.010151147166891169 0.9999482729424625 0.0006369070472771588 0.06990394304100611 0.0015832577621406807 -0.0006208663592948006 0.9999985539088652 -0.026726337325093996
0.9999538782735751 0.0094874391398158 -0.0014932595920859493 -0.11704182925178441 -0.00948651974180559 0.9999548087682423 0.0006215822234973805 0.07254137528492671 0.0014990893333614661 -0.0006073877184521498 0.9999986919048092 -0.024202571286624716
0.999955785952725 0.009285938546779672 -0.0014823916412955507 -0.11878218391292661 -0.009285071192180487 0.9999567181973378 0.000590918750291614 0.07364855134075265 0.0014878147159144068 -0.0005771285114579262 0.9999987266642151 -0.025252615541784706
0.9999573046795552 0.009127960217476975 -0.0014384576019652413 -0.12313422211393588 -0.009127210483505238 0.9999582073227054 0.0005269124730180992 0.0734101139967715 0.0014432071210626778 -0.0005137608710164784 0.9999988266007976 -0.024559190706661876
0.9999597500722235 0.008845766453217524 -0.001500217103054922 -0.12816436748123883 -0.008844879540603274 0.9999607051973234 0.0005967974420736866 0.07389550951674362 0.001505437283112342 -0.000583504181458468 0.9999986965898785 -0.025599408790610567
0.9999637388758967 0.008382913141880643 -0.0014992333367196877 -0.13164620303888652 -0.00838196590741546 0.9999646678253725 0.0006369838481970901 0.07710923767608935 0.0015045201458178392 -0.0006243942277310694 0.9999986732746091 -0.024658307119702516
0.9999677256475533 0.007887430868457754 -0.001528429769329296 -0.13663429455765452 -0.007886607775629313 0.999968752359949 0.0005438027990406339 0.07739421619174408 0.001532671216489522 -0.0005317311220541367 0.9999986840896118 -0.024593235605313152
0.9999747821947427 0.006919300906539657 -0.0015994528896805251 -0.14140597678563316 -0.006918485041735838 0.999975934348702 0.0005150613280002719 0.07857816424149228 0.0016029782621187643 -0.0005039825483917875 0.9999985882301441 -0.025932981352562973
0.9999777461445516 0.006471369699937116 -0.001621292655237349 -0.14396398327518622 -0.006470667192257544 0.9999789690143694 0.00043817239685829164 0.08355400626961607 0.0016240941334271857 -0.000427671800639815 0.9999985897065434 -0.02518216049450965
0.9999847080726809 0.005316890260732331 -0.001521281944495878 -0.14601517287498877 -0.005316226086975877 0.9999857718370992 0.0004402993942415685 0.08866334168637818 0.0015236013230095977 -0.00043220518245625563 0.9999987459180577 -0.02382677824729837
0.9999855736665975 0.005208574437310663 -0.0013127113245358032 -0.14828834403420943 -0.005208153136459426 0.9999863849399305 0.000324153789949679 0.09247476102257507 0.001314381831036351 -0.0003173123119968818 0.9999990858562312 -0.019749736875606258
0.9999876208711737 0.004810237535912683 -0.0012726819172276427 -0.14962187021704731 -0.004809956790861026 0.999988407100618 0.0002235621664879889 0.09934393145546544 0.0012737425502790775 -0.00021743785395275195 0.9999991651499985 -0.01898822593757639
0.9999872585371288 0.004893402800006851 -0.0012399082382380652 -0.15091405460942708 -0.004893272109256354 0.999988021995362 0.00010841527608136477 0.10694133921365268 0.001240423906226973 -0.0001023466863119408 0.9999992254365436 -0.017618412559694485
0.9999875113124954 0.004868222626795212 -0.0011303218578018245 -0.15231216877668363 -0.00486804473799156 0.9999881381875679 0.00016007683848402306 0.11287337688747728 0.0011310877398230897 -0.00015457238196229966 0.9999993483737386 -0.01681856695089605
0.9999878513140361 0.004766899254620993 -0.0012545500540291116 -0.15086440663064393 -0.004766786621260256 0.9999886345063524 9.275468195860711e-05 0.12004042239379537 0.00125497794767273 -8.677338269785553e-05 0.9999992087500513 -0.017642060267893403
0.999989037521249 0.004536920379562829 -0.0011580979233687472 -0.14880799189438776 -0.004536717774013528 0.9999896932872134 0.00017751390626637734 0.13162678295038527 0.0011588913536450653 -0.00017225799684095477 0.9999993136487699 -0.01626430962279503
0.9999895945082529 0.004464677997236312 -0.0009367633666643002 -0.14579264489233035 -0.004464347267923882 0.9999899717922531 0.00035484983127884704 0.14499272995728663 0.0009383382628406819 -0.00035066410191519453 0.999999498277869 -0.014874134464439998
0.9999909607943515 0.004138580194003594 -0.0009749274701092436 -0.1491277854833193 -0.004138067234178366 0.9999912989901927 0.0005275826713922201 0.15173357790790173 0.0009771024304502866 -0.0005235435870441938 0.9999993855862864 -0.01722532741675359
0.9999919405754406 0.0039056229320096917 -0.0009299966033614005 -0.14887090475947684 -0.003905050676628146 0.99999218531328 0.0006163534588737747 0.16582515363457306 0.0009323965799324943 -0.0006127168075543486 0.9999993776071706 -0.016147384883884133
0.9999941272984604 0.003347025467878456 -0.0007367422297699727 -0.1503351196161623 -0.0033466007684767873 0.9999942336875447 0.0005769358363679697 0.17565585935362518 0.0007386690004217322 -0.0005744668660836738 0.9999995621778663 -0.011569435026614103
0.9999957218605545 0.0029024929475554794 -0.00036303620077226737 -0.15426821008130975 -0.0029023001124547326 0.9999956475616327 0.0005305769046512543 0.1852257701868958 0.00036457461640346635 -0.0005295209947629399 0.9999997933464096 -0.003923551526839764
0.9999957656592703 0.0029089969328739544 -8.000237287586224e-05 -0.1552647035678878 -0.002908954570441993 0.9999956313641636 0.0005246292957480282 0.19457664381528167 8.152816838685942e-05 -0.0005243943510206062 0.9999998591818497 0.0023458536494759957
0.999997864465569 0.0020663262269641275 -3.68813081641731e-05 -0.15714569589253302 -0.002066304984188013 0.9999977044391534 0.0005670098220998515 0.20121970089642452 3.805285076724105e-05 -0.0005669324031999668 0.9999998385698007 0.002129393054980666
0.9999937468595099 0.0035363030581410018 2.832956345044063e-05 -0.1580917495467984 -0.003536320253143584 0.999993547591972 0.0006318334375083545 0.20807872844673722 -2.6095026139237398e-05 -0.0006319296689740921 0.9999997999919502 0.0031102894429589495
0.9999842433558355 0.005613154382624315 7.441732604054442e-05 -0.15470154585591256 -0.005613206545383179 0.9999839863975168 0.0007203199377606071 0.2198604842957201 -7.037286733553027e-05 -0.0007207263077572795 0.9999997378005887 0.0034124496049637437
0.9999736024766767 0.007254366363883567 0.00041051002400453875 -0.14806586891488482 -0.007254738216421171 0.9999732684218933 0.0009117099596034993 0.23775794460619024 -0.00040388517235919694 -0.0009146640354779406 0.9999995001331089 0.0069299859574571965
0.9999634944860994 0.008531584933436021 0.00047090728986140713 -0.14080781990767732 -0.008531996905798343 0.9999632147394947 0.0008798844568707399 0.2586371131394363 -0.0004633831584386657 -0.0008838701157764785 0.9999995020247084 0.01060683059033768
0.9999549181804576 0.00949534310945646 8.121118215645637e-06 -0.1320436588852003 -0.009495346094279317 0.9999547752753509 0.0005346088061750777 0.28677523759991225 -3.0444568963363476e-06 -0.0005346618178654784 0.9999998570637245 0.012384074921481025
0.9999535174308258 0.009628480256057033 -0.0005053174074315749 -0.12288719545959004 -0.009628031268337903 0.9999532590736825 0.0008835620064084254 0.3142171272633975 0.0005138011477615753 -0.0008786557243771506 0.9999994819861141 0.008794521192353563
0.9999574366088813 0.009224476592607873 -0.00018439683390316218 -0.10919264919539862 -0.009224271647734827 0.9999568690384663 0.0010829937025921936 0.33916938181855205 0.0001943789307499193 -0.0010812466802207392 0.9999993965610411 0.01330086720894813
0.999973404325015 0.0072931890194443474 -6.047458872793729e-06 -0.09411281991505505 -0.007293172725224599 0.9999723654877121 0.0014414896854192383 0.36225420607187014 1.656034849956351e-05 -0.001441407242865955 0.9999989610349169 0.011849860107866664
0.9999909911015159 0.0042393124775759305 0.00021434908468181746 -0.07630894622960216 -0.004239677165490849 0.9999895151121408 0.0017305500053834378 0.38466851734201135 -0.00020701049502480542 -0.0017314431859538776 0.9999984796244177 0.011055087774870895
0.9999998008136934 0.0006164894285781772 0.00013532687234271302 -0.05687949333114717 -0.0006167745815053267 0.9999975682867234 0.002117311917842506 0.40772166528327547 -0.00013402124285220328 -0.0021173949622780085 0.9999977493359066 0.009642971883088325
0.9999938501953591 -0.0035041467197829464 0.0001432732811370061 -0.037093063151389494 0.0035037295186097156 0.9999898990138208 0.0028152708201483845 0.42660663455811304 -0.00015313695594529157 -0.0028147515159584638 0.9999960268535949 0.005864696110962284
0.9999647994653452 -0.008390399761066297 3.1970097771487636e-05 -0.019799917825065738 0.00839024061078707 0.9999589104632274 0.003432382217876444 0.43693125379702963 -6.076784307573171e-05 -0.0034319931593745595 0.9999941088477585 0.004843231490486835
0.9998803965225412 -0.015465281564167472 0.00013310174191204314 -0.59836808106236 0.015464615845054907 0.9998722129304329 0.0040501193025240115 1.6491644414188875 -0.00019572096861248303 -0.0040475765268643 0.9999917893750736 -0.01014181262994615
0.9997611533108031 -0.02181757691048291 0.001276584668032837 -1.1776032116356259 0.02181150005514214 0.9997515420628145 0.0045948458482308495 2.875155816670899 -0.0013765158931251518 -0.004565904157955403 0.9999886287969565 -0.01072841428763513
0.9996138582968085 -0.02755838817466497 0.0035594300372338676 -1.7520321069938898 0.027539434882800327 0.9996068345877278 0.00526837468663672 4.093658691018873 -0.0037032185071197194 -0.005168315655731847 0.9999797871387057 -0.005221656397771349
0.9994463621532662 -0.03249507960673096 0.007144157050421256 -2.3216101188115816 0.032461909669217415 0.9994618710460184 0.0047109177258896 5.311559883928436 -0.007293394219184145 -0.004476396602710184 0.9999633834667244 0.010916887575811371
0.9992854468419134 -0.0363430894932136 0.01038150162803272 -2.8916412225445485 0.036301741050209106 0.9993322824647644 0.004144010194107379 6.540851288205944 -0.010525175850698792 -0.003764182494722835 0.9999375238500945 0.014707269362595657
0.9991619744279681 -0.03917568526700545 0.011858100230321926 -3.464452451900921 0.03913827506058564 0.9992281189986665 0.0033707013617382256 7.766360986463038 -0.0119809967237187 -0.0029037710392910442 0.9999240090283147 0.0042889598732251955
0.9991207388232596 -0.03997257301135996 0.01264684387992026 -4.03163344638025 0.039939758367226894 0.999198062569759 0.002836804259906043 9.017948475917702 -0.012750096267836514 -0.0023291980793822137 0.999916001412852 -0.008020340572081147
0.999078724839927 -0.04098412139096883 0.012728054291338038 -4.600790626447212 0.04095895696918771 0.9991583376743816 0.002231613712972451 10.267282676010817 -0.012808802294872752 -0.0017082299546713907 0.9999165047813698 -0.02651322981406709
0.999023092969374 -0.04218150590521221 0.013174986659632702 -4.5640547484542715 0.042156996047892005 0.9991087225140209 0.0021326698339327586 10.271848405043679 -0.013253203315838742 -0.0015751685532368002 0.9999109317563721 -0.024894190151419485
0.9989642663661755 -0.04346104917723405 0.013473371067062322 -4.532521745656059 0.043435947734335685 0.9990538998986216 0.0021502422598707305 10.276397238946842 -0.01355407569392902 -0.001562786540167062 0.9999069180330294 -0.025386858751271044
0.99893208141528 -0.04403232218826551 0.013994689065978207 -4.505912862343413 0.04400704254126166 0.9990289939625123 0.0021093669722633537 10.277812815150185 -0.014073980464538309 -0.0014912494629934275 0.9998998446089093 -0.02541987590915444
0.9989078521354758 -0.04450468393345215 0.014228002322264326 -4.4860180130474845 0.0444801861961982 0.999008196528778 0.0020337906162518934 10.278378879129994 -0.014304404148735616 -0.0013987052236791879 0.9998967084882541 -0.027307056299452306
0.9988927710645268 -0.04477110174552275 0.014449234011953686 -4.473072537418841 0.044746478628940496 0.9989963261938892 0.0020230920451564925 10.279199633939408 -0.01452530775405174 -0.0013742996781845043 0.9998935577025398 -0.02723605628895842
0.9989032361964748 -0.04452943495152091 0.014472530501507272 -4.468023375747812 0.044503606631112275 0.9990070123094936 0.002101987935897023 10.280440482977841 -0.014551759791929167 -0.0014556027472176101 0.9998930580355071 -0.027172851663463185
0.9989337168192217 -0.04406614587935457 0.013769683695821404 -4.472200735342479 0.04404228472313728 0.9990276023367999 0.0020314835837468544 10.281727615972097 -0.013845813739525445 -0.00142286911709055 0.9999031297507595 -0.03301044191099353
0.9989450771199295 -0.04422003172329532 0.01238231368754678 -4.480219425274028 0.04420078354136813 0.9990210026662124 0.0018239972928299692 10.283028493270576 -0.012450848653612663 -0.0012747651493079815 0.9999216726032178 -0.04094308915793167
0.9989390530655731 -0.0447129134684966 0.01102377565193765 -4.483024836449958 0.04469688014989855 0.9989991542773613 0.001696660832968038 10.28428746700008 -0.011088605202238944 -0.0012021323867444915 0.9999377969215844 -0.051457875443545575
0.9989259721986732 -0.04509089628737933 0.010663636290960303 -4.477034199072992 0.04507617343925724 0.9989822438424938 0.0016171195039851682 10.285083137332633 -0.010725700677302243 -0.0011347067537353162 0.999941834201151 -0.05450162188991963
0.9988798652477093 -0.045957137258950585 0.011267490301282363 -4.46063721883159 0.04594003754068996 0.9989426276302023 0.0017719068901057996 10.285888968828445 -0.011337008136519467 -0.0012522931881900762 0.9999349498883823 -0.05207166379827039
0.9988311007014546 -0.04687063404788364 0.011814225978855997 -4.43732897319436 0.04685206027661769 0.9989001368325958 0.001844202715923243 10.28618579631726 -0.011887670897458586 -0.0012885262009792598 0.9999285089349446 -0.05234674635311174
0.9987808480915538 -0.047812490416869226 0.012279382951209814 -4.407586985464896 0.04779145194419415 0.9988553309393403 0.002001243395111129 10.288445329985253 -0.012361011552112111 -0.0014119540351895912 0.9999226028944488 -0.054106883492944104
0.9987368737029977 -0.04854579479992836 0.012960050664047266 -4.3706807767529305 0.0485197735357018 0.9988195396176953 0.0023149198558843533 10.290642114572188 -0.013057131461987696 -0.0016831770965081145 0.9999133353610428 -0.05413338062745862
0.9986697477766115 -0.04972109772660872 0.0136582325602083 -4.326298482283272 0.04969042132945353 0.9987613448067293 0.002576460353902218 10.29265736548747 -0.013769419156561751 -0.0018943496812555318 0.9999034026021589 -0.05512776009160343
0.9986504309554187 -0.04984734169438695 0.014579412833477084 -4.272550935424888 0.04980925002510508 0.9987543494239233 0.002964476131232091 10.29416057761568 -0.014709023234140532 -0.002234285746970067 0.9998893201763372 -0.05502175923793052
0.9986494746206722 -0.049279972504208014 0.01645330209563159 -4.211089365665709 0.049233946022357415 0.9987821762266508 0.0031910830487180296 10.29443850286401 -0.016590521358088844 -0.002376712422807299 0.999859543055486 -0.04825605666762765
0.9986605410018475 -0.04808505458055402 0.019103700476400625 -4.145153136409825 0.04802323136882315 0.9988394321090426 0.0036821342971808083 10.298379313613959 -0.01925858496368204 -0.0027597808012851297 0.9998107273454934 -0.04267102646786072
0.9986385585320395 -0.04718716232632205 0.022235132665426375 -4.078590164794646 0.0471100093560315 0.9988817729550906 0.00398129081711378 10.301846289233492 -0.022398134554788087 -0.0029283732147984826 0.9997448415464716 -0.03530614511488289
0.9986429669875856 -0.046476245124659386 0.023498577092124703 -4.017231156698266 0.046394555913799436 0.9989151442826919 0.0040099506544383455 10.304125902025405 -0.023659451975971062 -0.002914302970226783 0.9997158282083934 -0.03703677316526896
0.9986454137071614 -0.04630343599027592 0.02373456334455607 -3.963407542022864 0.04622471232651064 0.998923627769716 0.0038551074851623673 10.307418689015602 -0.0238875208423488 -0.002752762046608068 0.9997108625243207 -0.04333705284422838
0.9987014917233755 -0.045069444531174924 0.023750275770313748 -3.915833264436722 0.04499318128963117 0.9989803081972817 0.0037359699549060306 10.309018065582297 -0.023894435899451102 -0.002662518303585874 0.9997109416873111 -0.04914653137151333
0.998714427562703 -0.0446979650155189 0.023907825111952788 -3.8724255145953137 0.04462543247404505 0.9989974493195134 0.003559077073047749 10.308268258340162 -0.024042939808116344 -0.002487604586525668 0.99970783175326 -0.052800928115764284
0.9987130808890281 -0.04464855623107403 0.024055944954126843 -3.8326866992958855 0.04457380739378101 0.9989994812230393 0.0036348604542589397 10.307606558799577 -0.024194167800886665 -0.002557917625813962 0.9997040058446509 -0.05731771951024149
0.998721569817646 -0.044395968719609054 0.024170724905021455 -3.79713089212776 0.044322708215089705 0.999010927931639 0.0035585684829427303 10.30825362823316 -0.02430480441120104 -0.002482707114275669 0.9997015117763489 -0.061048815382469646
0.9987373015922976 -0.044026893413453914 0.024195765425108852 -3.7676505141499654 0.043958508081892465 0.9990277367141672 0.003351244990259097 10.30872015442196 -0.02431978567670178 -0.002283403628558829 0.999701622531697 -0.06431380504361717
0.9987500450531777 -0.04382950036933855 0.02402753428175303 -3.745418968511342 0.043764870613195464 0.9990367040732844 0.0032093635819318996 10.310158894970199 -0.024145053458149907 -0.002153790093051447 0.9997061456156692 -0.06961464308411588
0.9987770423625498 -0.043416221459920905 0.023652724233625848 -3.730966215444282 0.04335775531716832 0.9990551679026626 0.0029793524197921873 10.31046666334727 -0.023759728605045185 -0.0019501797680897155 0.99971579566169 -0.07445021832129575
0.9988156464875748 -0.042925901172889684 0.02290570540530917 -3.7214169213047206 0.04287142891980034 0.9990764922550508 0.002864123901027714 10.310025619268801 -0.023007496908486164 -0.001878731444683889 0.9997335272232115 -0.080333224660193
0.9988628425828714 -0.04228540504849229 0.02202194875940316 -3.7103537605535837 0.04223455801287556 0.999103885481985 0.0027691378189316235 10.309716933867227 -0.02211930868571339 -0.0018359016008861662 0.9997536524807386 -0.08471576367267558
0.9988925220463913 -0.04196968309727104 0.021266760461454252 -3.6955257497927976 0.041916739394566076 0.9991168128277587 0.002929382773181982 10.307297730492882 -0.021370923198080514 -0.0020347052903135388 0.9997695452533262 -0.0902644615089023
0.9989176978334413 -0.04139463473995359 0.021211251021414863 -3.6729954036775787 0.04133785371374203 0.9991403896863094 0.003108624749498789 10.308277885058134 -0.021321697997319557 -0.002228432686388656 0.9997701832332628 -0.09285511919421145
0.998913709473766 -0.04127858777638034 0.021621267690817538 -3.6410087636442547 0.041210392886099866 0.9991440400171674 0.003590378301621831 10.312650561995518 -0.021750966496769882 -0.002695457171453029 0.999759786132195 -0.09537886442755127
0.9988856989859815 -0.04143193744040422 0.022599887637584914 -3.60100817300394 0.0413399802319172 0.9991349079326816 0.004521259202888109 10.316873073154792 -0.02276766118251313 -0.003581942250992347 0.9997343663663805 -0.0955943420138195
0.9988562160322029 -0.04157299064056628 0.023620883621042657 -3.5568069414592425 0.041454695436857474 0.9991253779246221 0.0054760764440877525 10.319901060349336 -0.023827881149544705 -0.004490616459184755 0.99970599000093 -0.09795462450038395
0.9988423993268235 -0.04095540081298195 0.025229277660937133 -3.5129587753213154 0.04080852131132371 0.9991470629065948 0.006309617540792066 10.320855554657777 -0.02546617158953991 -0.005272744008183655 0.9996617789408557 -0.09110969792297659
0.9988101197460902 -0.04111114075984653 0.026233924567919134 -3.4767726572892528 0.04093426415908407 0.9991355795275223 0.0072442901626088305 10.323913976846082 -0.0265090684590292 -0.00616180392659801 0.999629582126202 -0.09049570220460355
0.9987898419205509 -0.04085049995284634 0.027387740504360807 -3.441513406843474 0.04064629789308181 0.9991417953556968 0.00797190322228929 10.329296749956844 -0.027689892450469045 -0.006849045700037521 0.9995930974296894 -0.0838040823558012
0.9987650089303332 -0.04102786399426257 0.028020908487595565 -3.40993342216927 0.04080900169131239 0.9991321697959803 0.008338624571141567 10.33231652835312 -0.0283387070516698 -0.00718482114240045 0.9995725566599909 -0.08243421889765593
0.9987491419865995 -0.041090999035082544 0.02849001894244358 -3.3841514993144464 0.04086752996350497 0.9991294110887063 0.008382415655423053 10.337933395571717 -0.028809657681478223 -0.007207613740837619 0.9995589296927111 -0.08040132862818057
0.9987453031831321 -0.04095114152407638 0.028824006965016316 -3.3654091161500435 0.040721081170007584 0.9991341922856821 0.008524045634905617 10.343379254014069 -0.029148120316581004 -0.007339605814713311 0.9995481565529967 -0.080193953151259
0.9987680408821571 -0.04017755684926372 0.0291232628332145 -3.354354071889529 0.039948222539411486 0.9991663214910901 0.00841436354741582 10.347951652220742 -0.029437051964657634 -0.007240574810787654 0.9995404114131845 -0.08001903500432674
0.9987664122830864 -0.04032361317834219 0.028976885882117064 -3.351490461107052 0.040093751126642624 0.999160017687534 0.008470547517371044 10.352728246686373 -0.02929410889200482 -0.007298306303015299 0.9995441910737761 -0.08168281426701848
0.9987909465157125 -0.039861977242917276 0.02876921842077077 -3.355497266064582 0.039633771458432915 0.9991784619304043 0.008459632047269683 10.356483087559328 -0.029082801072757146 -0.007309171271740518 0.9995502822255026 -0.08223477887174749
0.9988266728279694 -0.039262362756083656 0.028350388325883068 -3.365768973203333 0.03903830293673328 0.999202288303501 0.008414151940047488 10.359657070534134 -0.028658132375270012 -0.007297528339106731 0.9995626331195561 -0.08440661281923081
0.9988370442041478 -0.0390944857421506 0.028216667239200497 -3.373936541141124 0.038873245146329435 0.9992092832493648 0.008347399600286649 10.361200720576646 -0.028520693142424638 -0.0072408185207393 0.9995669765502583 -0.08225220684093781
0.9988492819601664 -0.03894964197092305 0.027982803969690766 -3.3792390968802155 0.038729779079080755 0.9992147760457528 0.008356766379658011 10.36457189190149 -0.028286324260228927 -0.00726338228207086 0.9995734726060256 -0.08330997045934824
0.9988560450346665 -0.03878135693224094 0.027975125597715065 -3.384436014299491 0.03856232084321188 0.9992214984022818 0.008327337022504001 10.367846610769227 -0.028276292347105516 -0.007239025155040808 0.9995739331364663 -0.0832367005035036
0.998881349268694 -0.03813816106050278 0.02795587154940299 -3.3910321818110467 0.037916059504107785 0.9992453486972388 0.008432410012392746 10.371245929968044 -0.028256371225699097 -0.007363000601609294 0.9995735909413048 -0.08212762913740974
0.9988715497837825 -0.03835317577067221 0.028011800028897832 -3.396607440058606 0.0381285470758697 0.9992366067633124 0.00850985323184019 10.376305465319936 -0.02831679590699157 -0.007432201050039003 0.9995713688662319 -0.08120723433133288
0.9988555637149447 -0.03874120595219037 0.028047848350288014 -3.4011891680831643 0.038516325865638884 0.9992216969806957 0.008514277704751915 10.379607734576858 -0.02835587201132579 -0.007424233589515786 0.9995703203267315 -0.08170072021813182
0.9988775882595612 -0.03830459504955259 0.0278625496116705 -3.406933697011899 0.03808074023161095 0.9992383333037081 0.008521178313079204 10.38165898860262 -0.02816772792018489 -0.0074505875285457756 0.9995754438006634 -0.08237073448804787
0.9988796681903068 -0.03829234095613142 0.02780476757918615 -3.412289945803429 0.03806891426990461 0.9992387844112943 0.008521120498681478 10.38537442346086 -0.02810989580812818 -0.007453076703065858 0.9995770532606847 -0.08283070893612544
0.998887769592763 -0.03800428808652684 0.027908741373308052 -3.41715280516508 0.03777980287016233 0.9992497030232707 0.008527455833953894 10.388025648583001 -0.028211881417189923 -0.007463584590841018 0.9995741016312681 -0.08213792760863001
0.9988953996886138 -0.03793559846773468 0.02772852051282327 -3.422007804175201 0.03770987301353907 0.9992515605768423 0.008618826025135412 10.391148776762295 -0.028034727718278297 -0.007563666679832326 0.9995783335927791 -0.08356036629823707
0.9988914633214658 -0.03808333229935055 0.027667748453556726 -3.4270066999972633 0.03785815787283522 0.9992459654363791 0.008617449831446846 10.3937507481097 -0.02797506722042902 -0.007560447083292555 0.9995800294393201 -0.0833131217588243
0.998879552323472 -0.038365319838870815 0.027708160959067335 -3.431453959307926 0.03813894063912941 0.9992349798566911 0.008653105669439581 10.396021402408193 -0.028018942824407082 -0.007586650411260127 0.9995786020011329 -0.08283031112232399
0.9988860326356004 -0.038331556452046535 0.027520639263768045 -3.4368596897559307 0.03810340526060438 0.9992353386030531 0.008767473660721822 10.399242953320476 -0.027835666204871413 -0.007709076910297223 0.9995827858762482 -0.08448589764136746
0.9988930610943338 -0.038234252712801654 0.027400628042025973 -3.4419149050361475 0.038006286803972805 0.9992388131427423 0.008792978588688055 10.403456467399705 -0.027715964009537814 -0.00774184917061726 0.9995858587987531 -0.08594373941458344
0.9988941394518788 -0.038320634979535285 0.02724017443901258 -3.4469956608259116 0.038092357921300654 0.9992350283454645 0.0088504460586855 10.406999698832136 -0.027558491190522966 -0.007803016224986327 0.9995897370927204 -0.08742504039261517
0.9988993333791629 -0.038167121968591164 0.027265226485592722 -3.4574329977853453 0.03793821004624632 0.9992407685496667 0.008864462011991595 10.424968562886367 -0.0275828568709419 -0.007820311305174356 0.9995889298796414 -0.08763115017210002
0.9988972894430924 -0.03819737446128823 0.027297723852341093 -3.4625700692826458 0.037968519524178165 0.9992397138998707 0.008853569362140516 10.428932309472934 -0.027615152876575535 -0.007807352276685268 0.9995881394764697 -0.08734811793342477
0.9989071622031676 -0.038040190774880626 0.027155573737948812 -3.4731089231960732 0.037810750927110996 0.9992451648765452 0.008913337488113864 10.447519640729137 -0.027474140815582478 -0.007876824021122485 0.9995914801706669 -0.08908167574142965
0.998904438725264 -0.038128094155734385 0.027132466364653406 -3.4778725045953216 0.03789934155124396 0.9992419629980988 0.00889602684864968 10.450586526616302 -0.027451087500493306 -0.007857978096253581 0.9995922618624447 -0.08973940660855889
0.9989092184041951 -0.03808591655169384 0.027015483478005198 -3.4821828738568588 0.03785641507794469 0.9992430495790833 0.008956545391151038 10.453449036965901 -0.027336152336773986 -0.007924066400201588 0.9995948899164626 -0.09105045198451321
0.9989124609697237 -0.038024014098863246 0.02698276618941969 -3.486830186409426 0.03779567052071696 0.9992456500810571 0.008922896613698711 10.45723125453946 -0.027301696088573718 -0.007893360874735274 0.9995960745445072 -0.09135496930788074
0.9989161380660041 -0.037994863215460396 0.02688753392469742 -3.491939612340315 0.03776572204605321 0.9992462754502399 0.008979489805528772 10.459816625712834 -0.027208442617201446 -0.007954330145637836 0.999598133892956 -0.09271995013832983
0.9989145162528262 -0.03805976206005317 0.026855981295199158 -3.4969303200493007 0.037828326626184114 0.9992430546003473 0.009073893190602342 10.463712731456841 -0.027181002999497154 -0.008048126794718797 0.9995981296156154 -0.09222520126603993
0.9989182748204719 -0.037994050014508306 0.026809184866406495 -3.5017998010638127 0.03776248309213364 0.9992453820225488 0.009091830252003318 10.465634752905341 -0.027134389626863424 -0.008069614000060097 0.999599222803553 -0.09257779066349817
0.998922124839331 -0.03782832846168335 0.026899926994046176 -3.506660163500106 0.0375949294239178 0.99925135019636 0.009130192351017223 10.46661654665787 -0.02722516828415668 -0.00810905028662015 0.9995964353254507 -0.09020076146839646
0.9989077940556931 -0.038277614653232955 0.02679632794361764 -3.5118241853177583 0.03804345309939585 0.99923378314652 0.009194688410831958 10.469006543749456 -0.027127746885382133 -0.008165221072134477 0.9995986267066223 -0.09198094359843151
0.9988988787099606 -0.038584470453259946 0.02668836360362086 -3.51628804896672 0.03834778812994115 0.9992209494124292 0.009324237280821776 10.472463618910936 -0.02702734277613511 -0.008290530451631922 0.999600315049616 -0.09382244566031449
0.9989007517338468 -0.03862915721012256 0.026553274728469575 -3.5214278318161334 0.03838990466953594 0.9992180375327427 0.009461960086717777 10.476749774308386 -0.026898018607954762 -0.008432181358008016 0.9996026185002278 -0.09566425801284574
0.9989428618694588 -0.038290455465151536 0.02543618957982418 -3.5270004605440683 0.03806215749500122 0.9992311621555083 0.00939982681660443 10.484674869175748 -0.025776556924756777 -0.008421733647396054 0.9996322541392297 -0.10517689723453837
0.9989869573519164 -0.03837859752503462 0.023497708245388254 -3.5309067490980883 0.03816797791356889 0.9992276175136888 0.009347398563815189 10.491334678890547 -0.02383829907445773 -0.008441069241091864 0.9996801907846851 -0.10924252921796734
0.9989766237941837 -0.03838870553224906 0.02391678072704815 -3.5253413721728757 0.0381724895616245 0.9992266463579352 0.00943240419753358 10.498700311270536 -0.0242603823847666 -0.008509788236863196 0.9996694540450403 -0.09691271720606193
0.998949366106806 -0.03844786716714357 0.024938433493753197 -3.50824677387976 0.03821557461033488 0.9992221900455648 0.009725470567093887 10.507357886629434 -0.02529295973243523 -0.008762216092243353 0.9996416806821966 -0.0830836120587631
0.9989404048680798 -0.038166583048798906 0.025717298854870164 -3.4807444899476847 0.03791930455959827 0.9992304117613904 0.010035464756703642 10.516432979288682 -0.026080526523212577 -0.009049649139372765 0.9996188823680385 -0.0767496831122987
0.9988860935689589 -0.03872665887651684 0.02695956169564943 -3.445776059070285 0.038449332251249184 0.9992029356041365 0.010730439390531416 10.524844485828668 -0.027353627254765873 -0.00968190954010224 0.9995789312023663 -0.06719878301051953
0.9989117988738028 -0.03787693015266527 0.02721316286151972 -3.403360699042585 0.03757706833407211 0.9992281632661372 0.011447343412489076 10.534899279119605 -0.0276257489696469 -0.010412295520061985 0.9995641060461653 -0.06654707458350473
0.9989759401572185 -0.036131350741599524 0.02723226910492571 -3.3523443904948484 0.0358049747637639 0.9992821260357801 0.012378867782730724 10.545869923384533 -0.02765998498159026 -0.01139114037327333 0.9995524834403721 -0.06731665974047416
0.999039136628545 -0.03408786601525183 0.02754670352385925 -3.293483831465832 0.03371847971926039 0.9993365792946687 0.013764643440963634 10.558056824586005 -0.02799763579174106 -0.012822584535158232 0.9995257443987684 -0.06897988428073501
0.9991427736303334 -0.030974867398433133 0.027464076389865276 -3.2253013254605793 0.030564823903814077 0.9994168035161753 0.015226437181567453 10.571997648015106 -0.027919696309732726 -0.014373950019562078 0.9995068184453808 -0.07478141766843549
0.9992851798186512 -0.026718411332080975 0.026744268371182243 -3.1470868494749107 0.026275503971265587 0.9995139380278991 0.016777531970524735 10.585404562110151 -0.027179537999680856 -0.01606281992228324 0.9995015050165099 -0.08326986061332081
0.999454054258843 -0.021205365898516126 0.025336256287904663 -3.055259252500561 0.020745162303076835 0.9996174712451087 0.018290692238357813 10.598195872889248 -0.025714425262784675 -0.017755101763982366 0.9995116431011474 -0.09762242702227925
0.9995997142168914 -0.015259284790516886 0.02382363459266827 -2.949623199293053 0.014788468842333135 0.9996942824164188 0.01981521872768099 10.611650531596444 -0.02411871735442045 -0.019454971899450123 0.9995197804653841 -0.11108568625717866
0.9996790402389291 -0.008413200550556565 0.023896329498150605 -2.8251550219976256 0.00790457282541008 0.9997418793603081 0.02130005590538285 10.622856346016555 -0.024069363004364217 -0.02110432916775034 0.9994875052020128 -0.11971347394203333
