1.0 0.0 0.0 0.0 0.0 1.0 0.0 0.0 0.0 0.0 1.0 0.0
0.9999999902934597 0.00012379015629539864 6.394589717120029e-05 -0.002555498099408804 -0.00012379274661262444 0.9999999915173267 4.050558069463609e-05 0.005112923633654953 -6.394088243660309e-05 -4.051349633971247e-05 0.9999999971351101 0.0022368927385150866
0.9999999639061717 0.00023169350899719936 0.00013603592559110553 -0.004158369601536149 -0.0002316952381866044 0.999999973078068 1.2695648346583267e-05 0.010951776278317227 -0.00013603298042944118 -1.2727166764530474e-05 0.9999999906665237 0.004293081831975326
0.9999999594064202 0.00026372883052447674 0.00010786223588696204 -0.006455942601766629 -0.0002637197935218672 0.9999999617156806 -8.3788465787616e-05 0.01746531743267299 -0.00010788432919162337 8.376001697976534e-05 0.9999999906726155 0.005087711047135651
0.9999998805512871 0.00045735130713055026 0.00017241575732527493 -0.009372894871441662 -0.0004573294445857563 0.9999998873832998 -0.00012681942272375289 0.023015677865814488 -0.0001724737389371336 0.00012674055677280077 0.9999999770948198 0.007276854970659524
0.99999980896576 0.000593829309196532 0.00017156688090164842 -0.011689624366210682 -0.0005937987328330184 0.9999998078213385 -0.0001782143378756631 0.028046419221218977 -0.00017167267682730456 0.0001781124276341471 0.9999999694022268 0.007880627790171221
0.9999997257698099 0.0007216064554399058 0.00016656658696952444 -0.013667973820292278 -0.0007215720632601323 0.9999997183570918 -0.00020644489331356623 0.03417846781675926 -0.00016671551202493418 0.0002063246469043143 0.9999999648180381 0.008023281259070078
0.9999996542558767 0.0008071181674976472 0.00020012093879595339 -0.015195320023734138 -0.0008070661068976734 0.9999996404986503 -0.00026009011640472883 0.039918130227489135 -0.00020033079031034272 0.0002599285156531171 0.9999999461523685 0.009356441886583078
0.9999995175230741 0.0009464566568730786 0.00026300839366715515 -0.016911239144855372 -0.0009464070087301798 0.9999995343282864 -0.00018883056794278053 0.0464094548697811 -0.00026318699113963656 0.00018858156384926738 0.9999999475847986 0.01045739917862186
0.9999994367945954 0.0010235310513649729 0.0002807038988185079 -0.01921021800208511 -0.0010234628150037426 0.9999994467066088 -0.00024312618506644337 0.0520202314599007 -0.0002809525907067114 0.00024283875813399481 0.9999999310474865 0.011555314268453395
0.9999992736495368 0.0011810725752871257 0.00024034968465255435 -0.021581268865135117 -0.0011809893453213736 0.9999992427271555 -0.0003461347737638943 0.05810150383970214 -0.00024075831293091094 0.00034585067193201516 0.9999999112113691 0.012043759098594509
0.9999989622855423 0.001429925575204191 0.00017533022542600224 -0.02391543823740494 -0.0014298336281517924 0.9999988407973317 -0.0005234307870216127 0.06481311888713293 -0.00017607848925194877 0.000523179550797572 0.9999998476397493 0.013201611911180605
0.9999988924074807 0.0014600945706845904 0.00028863065819740127 -0.02622817105720543 -0.0014599462112212247 0.9999988024081349 -0.0005135556022114735 0.06956776993204455 -0.00028938015228220675 0.0005131336481652526 0.9999998264764776 0.015266215786356632
0.9999986653870849 0.0016067575678108147 0.0002958955363416821 -0.028297175484333192 -0.0016065660923307967 0.9999985006780588 -0.0006462097379471344 0.07605464837043385 -0.000296933395085852 0.0006457334997717133 0.9999997474293705 0.016970385570073604
0.9999985080779906 0.0016866670075231032 0.0003728219409055966 -0.03069825524068248 -0.0016864725866890208 0.9999984420869416 -0.0005211850960932996 0.08201639487616685 -0.00037370042578781964 0.0005205555645427301 0.9999997946849263 0.01820842043533616
0.9999983112746735 0.0017739446638253054 0.000480175105302298 -0.03282749971967147 -0.001773716586167739 0.9999983141516056 -0.000474998335826264 0.08764291696960796 -0.00048101691656303225 0.00047414583913600453 0.999999771904198 0.020605890675204963
0.9999979495484095 0.0019545719164467466 0.0005296674439039998 -0.03451292932753003 -0.001954292148281265 0.9999979508715456 -0.0005281996868313646 0.09288707719875322 -0.0005306987628215254 0.0005271634788566546 0.999999720228705 0.02220688003194063
0.9999977050994361 0.00207592705648924 0.0005294551150292725 -0.03730960730209287 -0.002075597194487574 0.9999976519979802 -0.0006228120204282824 0.09800653809666465 -0.0005307467841919068 0.0006217116555852631 0.9999996658911776 0.02283116504281958
0.9999974458101442 0.0021862177640399796 0.0005734327139501668 -0.03942644471315282 -0.0021858233657179524 0.9999973747481831 -0.0006875121494596114 0.10339456071546133 -0.0005749342598190344 0.0006862569707982335 0.9999995992509024 0.024306828710653025
0.9999972256057063 0.0022903938082343396 0.0005503427066732451 -0.04237106328586082 -0.0022900349320251205 0.9999971654159668 -0.0006518435712869144 0.1091962462270048 -0.0005518341251602087 0.0006505814587929621 0.999999636111365 0.02495936585317235
0.9999970205841152 0.0023530292367131417 0.000649673999457375 -0.044226442185808956 -0.0023526792845345143 0.999997087240355 -0.0005388979401209971 0.11510973522689061 -0.000650940149721876 0.0005373678599596893 0.999999643756288 0.027063773062698304
0.9999968232834965 0.0024264336883236676 0.0006825265370467143 -0.046564563211881516 -0.0024259986720321807 0.9999968540767994 -0.0006374691735172905 0.12051524942926878 -0.0006840711665485364 0.0006358113399859433 0.9999995638951937 0.027410677255720134
0.9999965688278345 0.0025071448113900088 0.0007593138055736231 -0.04868280064582242 -0.0025066645222564113 0.9999966580784195 -0.0006328230123847408 0.12627288569408096 -0.0007608978469384583 0.0006309174960823429 0.9999995114886698 0.02953283087893148
0.9999961557376549 0.0026728250244897308 0.0007379134792559935 -0.051100447637238755 -0.0026723335900578266 0.9999962074228006 -0.0006661630419754588 0.13338055907347623 -0.000739691217911139 0.0006641885300927874 0.9999995058551265 0.03000188381831065
0.9999957845182356 0.0028162121783028714 0.0007070323387996935 -0.05294866661490305 -0.0028157005761087397 0.9999957741463799 -0.0007235465763962217 0.13942056441608125 -0.0007090670116645416 0.0007215527349351362 0.99999948829268 0.030767935595331905
0.9999957238682056 0.00283742080088564 0.0007080173056507703 -0.056093372097030914 -0.0028368064494725008 0.9999956002304125 -0.0008672075791795181 0.14541213864304944 -0.0007104748233616113 0.0008651953628266062 0.9999993733310577 0.032435989865699455
0.9999954223226484 0.002944077007174813 0.0006983869466075445 -0.05802137643652794 -0.0029434040248095864 0.9999952047768889 -0.0009627024335605944 0.15193099538741422 -0.0007012178677857147 0.0009606423916699467 0.9999992927295979 0.03292592035199085
0.9999948227143574 0.003148553343196225 0.0006641960021228899 -0.0601666292476456 -0.003147900660737724 0.9999945637408495 -0.0009814327177409847 0.15900745197108118 -0.0006672824846458614 0.0009793368135495224 0.9999992978164983 0.033490822455270644
0.9999944017426574 0.0032731769792120015 0.0006948350959120789 -0.06261684807168111 -0.0032724613914603736 0.999994116556457 -0.0010285178237030327 0.16570718816635394 -0.0006981975287522745 0.0010262382447707686 0.9999992296773405 0.035029018838659304
0.9999938609586128 0.003435107707465763 0.000691433386531814 -0.06484702065758985 -0.003434258898971791 0.9999933525083039 -0.0012250734749421812 0.1716440040177503 -0.0006956370495701046 0.001222691392904671 0.9999990105569362 0.036691013476388534
0.9999936231150452 0.0035112396402406133 0.0006518630508631999 -0.06679351641943043 -0.003510369876675821 0.9999929533027799 -0.0013306570235691506 0.17742340695795195 -0.0006565307130703724 0.0013283602577049264 0.9999989022126208 0.03640713722708172
0.9999930955567271 0.003670700804648049 0.0005786142770723221 -0.06935819661759524 -0.0036699139761332757 0.9999923476938204 -0.001355096015193003 0.18388795924799647 -0.0005835840013720592 0.0013529631943872155 0.9999989144595639 0.03716924927916439
0.99999263756676 0.0037887329939217227 0.0006085347809381289 -0.07129867495710562 -0.00378782331687235 0.9999917174168317 -0.0014891246612934075 0.18965794967415847 -0.0006141716364345005 0.0014868086754801343 0.9999987060957437 0.03882473921487234
0.9999923114430711 0.003866430801487014 0.0006540394525854804 -0.07379577762810074 -0.003865382546729108 0.9999912549937546 -0.0015964816893554922 0.1943862212972066 -0.0006602064189841174 0.0015939413020302383 0.9999985117381965 0.040411037881790554
0.9999919817820492 0.0039473486938302665 0.0006743959549374719 -0.07661350688958624 -0.003946252007261292 0.9999909015647741 -0.0016198403523379299 0.19929484495192185 -0.0006807838936885743 0.0016171660277140747 0.9999984606524787 0.04096635365702708
0.9999921382879237 0.0039138233694649095 0.0006366702317129824 -0.07835681455334143 -0.003912773533135183 0.9999909971101583 -0.0016419201903099562 0.20494460654186844 -0.0006430906854526528 0.0016394161355741822 0.999998449373349 0.04150346209671843
0.999992326454492 0.0038761669125158666 0.0005677694997716056 -0.08087174708094735 -0.003875272225430894 0.9999912609876936 -0.0015685067492573707 0.21213234415533355 -0.0005738443319904902 0.0015662944518765349 0.9999986087112174 0.04216884673900052
0.9999924755348536 0.003844234395235224 0.0005203225876478444 -0.08453399373329518 -0.0038435544364254903 0.9999917664893176 -0.0013015540210233039 0.21699926846099088 -0.0005253217823011366 0.0012995443393353082 0.9999990176102836 0.04191204435085501
0.9999920848835943 0.003942782248517245 0.000533515049821745 -0.0869453382425941 -0.003942238031839537 0.9999917119015266 -0.0010172942324436697 0.22356298862340135 -0.0005375215976376742 0.001015182937121434 0.9999993402368492 0.04234468730748528
0.9999913214968235 0.004149842050095826 0.00036843181399227344 -0.0908404937613656 -0.00414952479682832 0.999991022840349 -0.000857719461337849 0.23003212573317897 -0.0003719879068089062 0.0008561832006686776 0.9999995642875658 0.04366520663406687
0.9999907673373345 0.004290702277426027 0.00023476384165129976 -0.09531772218884271 -0.0042905176528689574 0.9999904904234526 -0.0007813583905941322 0.23579017424514392 -0.00023811418537258807 0.000780343918168831 0.9999996671824452 0.04457218311101814
0.9999895909726348 0.004559251204188055 0.0001765639973770387 -0.09943515120736723 -0.004559093378941714 0.9999892163815249 -0.0008841878916041822 0.24142189416719229 -0.00018059332808778255 0.0008833737163168214 0.9999995935183794 0.04679035801505013
0.9999885030541901 0.004790278982479014 0.00021676419366880833 -0.10218494727822558 -0.0047900833756765095 0.9999881277808975 -0.0008940908855227455 0.24759116490272393 -0.00022104456497415605 0.0008930422876477506 0.9999995768072953 0.048569719639512635
0.9999877281494819 0.0049511455630467235 0.0001723602530575321 -0.10354698001243745 -0.004950993014902609 0.9999873613726715 -0.0008745073415940337 0.25386602955240034 -0.00017668788780471565 0.0008736432553617262 0.999999602764346 0.05105992280229349
0.999986261038288 0.005240620161151303 0.00011676899003182427 -0.10435476220628026 -0.005240547889768592 0.9999860816529249 -0.0006108667996328618 0.2593403176620195 -0.00011996868566643077 0.0006102464734729903 0.9999998066033579 0.05143971801706557
0.9999831247204929 0.005809034500959802 7.34330390753711e-05 -0.10234678561011523 -0.005808991098484087 0.999982960592389 -0.0005780547558814816 0.2651257445121357 -7.678972784024922e-05 0.000577618429175584 0.999999830230128 0.0530300954339773
0.9999792665814701 0.0064391073109952065 -6.560661668568286e-05 -0.0979265486350751 -0.006439164749200607 0.9999788483463381 -0.0009165245585702999 0.2700554176947155 5.97036290114477e-05 0.0009169280076965109 0.9999995778391619 0.05448527729379907
0.9999736807606034 0.00725180262895115 -0.00022168610113570188 -0.09124973513182566 -0.007252064164723158 0.9999729802444168 -0.0012026414481347046 0.2736842546738091 0.0002129587928161589 0.0012042174773563847 0.9999992522541287 0.054991418477230825
0.9999645731886809 0.00841599096592873 -0.00015317848033061975 -0.08039898501730769 -0.008416165116533895 0.9999638940755594 -0.0011741848141024603 0.27873826083206527 0.00014329102089216122 0.001175432391861358 0.9999992989129404 0.05612440264781732
0.9999521355197194 0.009783894579631499 4.5567682936535285e-05 -0.06717299807996802 -0.009783809506818272 0.999950866339452 -0.0015943583401560838 0.283297357211649 -6.116447795171679e-05 0.001593836201493229 0.9999987279717241 0.05969403337866609
0.9999353265616117 0.011371867984252203 0.0001526848994843614 -0.052048509482072514 -0.011371584857956843 0.9999338236067287 -0.001742258605800147 0.2884191125542696 -0.0001724875302079958 0.001740409658654528 0.9999984706099648 0.06009472517967206
0.9999149941629842 0.013038572870264279 -8.096484352481162e-06 -0.03731996377547531 -0.013038564317737155 0.9999131436786036 -0.001923782552407796 0.29076228457593156 -1.6987597874481858e-05 0.0019237245861936643 0.9999981494958549 0.05888366464367574
0.9998865904191715 0.01506008866661063 -5.411545691487076e-06 -0.019945045192952593 -0.015060062685122987 0.9998840564868219 -0.0022512430748830407 0.29366650649857334 -2.849300205996766e-05 0.002251069260566904 0.9999974659344539 0.05977622670698669
0.9998523332957069 0.017184452950100834 7.861261227524518e-05 0.0006522048656454338 -0.01718422592461676 0.9998496784540212 -0.002307135619460417 0.297009183262267 -0.00011824765860795697 0.0023054440354572645 0.9999973354690936 0.05942335908176308
0.9998075791881484 0.019616377650956095 4.822651098889982e-05 0.022461089186761596 -0.01961621681082649 0.9998049852582694 -0.002279361916520564 0.3013090643028107 -9.292993026599265e-05 0.0022779772981544877 0.9999974010883496 0.058350347238912983
0.9997526828164982 0.022238985274379924 2.711434254960265e-05 0.04705588008226791 -0.022238862918529275 0.9997500050994377 -0.002315227800820538 0.3051089752163547 -7.859588107151962e-05 0.002314052213054579 0.999997319488927 0.05643740640744013
0.9996850158727015 0.025097190190102783 9.174200120337931e-06 0.07430270301368913 -0.02509710183108842 0.9996823418841064 -0.0023131806659446286 0.3082692911554182 -6.722562097849747e-05 0.0023122218049166357 0.9999973245519392 0.055118644193084876
0.9995992063365926 0.028309420915836613 -5.8126344008197415e-05 0.10273682762775038 -0.028309479934282948 0.9995966342807027 -0.0022676156082652435 0.3079350274032016 -6.091986896069417e-06 0.0022683522888677535 0.9999974272670789 0.05274114512859311
0.9994819846747971 0.032182607760647186 -0.00020510548800033892 0.1352438721157807 -0.03218297833485814 0.9994796248931639 -0.0021760810931030932 0.30986970212057147 0.00013496679193540534 0.0021815547552246507 0.9999976112985525 0.04907114339561411
0.9993326240498978 0.03652613828754854 -0.00038435836519500733 0.17028987622319458 -0.03652672426270421 0.9993313183085274 -0.0016476232524838866 0.3116372617408762 0.0003239200370272228 0.0016605630203738887 0.9999985688021064 0.04406319892281159
0.9991348200765909 0.041585165861765055 -0.0005341261797601424 0.2099262713150286 -0.04158561798448524 0.9991345693669795 -0.0008652587552346024 0.3127393407064338 0.0004976820017524957 0.0008867221179980403 0.9999994830181198 0.03758978983838415
0.9988976453386659 0.04693582383847655 -0.0007228952068617354 0.2534244208797405 -0.04693591220047733 0.9988978971662893 -0.00010574818705531387 0.312472011801639 0.0007171351237268997 0.0001395613610078035 0.9999997331198832 0.03365841571799291
0.9985950533637142 0.05298028341517366 -0.001004473382532324 0.3015461603573417 -0.05297954888161811 0.998595320141702 0.0007443059831011912 0.3121844944821599 0.0010424959609359817 -0.0006900437262436945 0.9999992185206067 0.02398887311332029
0.9981749756115126 0.060372821900466486 -0.0013566277082026435 0.35704866173369 -0.0603700916157057 0.9981741172995301 0.0019706830340010385 0.3106035926610058 0.0014731263609732564 -0.0018851867503693843 0.9999971379807232 0.013816913563853034
0.9976382877454273 0.06867164062488652 -0.0014326891730674159 0.4206169014182249 -0.06866632600346628 0.9976336226027203 0.003477172092843399 0.3061686321386494 0.0016680820021415502 -0.0033705825110809506 0.9999929283129789 0.0027849132056944337
0.9969601101495582 0.07789935971815712 -0.001492824869302346 0.49410828777167015 -0.07789214824492412 0.9969520920197774 0.004397665196887241 0.3012574352468509 0.0018308501795624456 -0.004268017443066128 0.9999892159492131 -0.005955873156598138
0.9961094896414063 0.08811307612944827 -0.0014037312247838845 0.5781181282263429 -0.08810508564357068 0.9960986788794532 0.004991574736601328 0.29466473274005717 0.0018380778232810287 -0.004848479103602697 0.9999865567697866 -0.015095508319202935
0.9950106002341246 0.09976412706986923 -0.001012112504798152 0.6717845498211141 -0.09975775282165217 0.9949987112467542 0.005094641231419385 0.28297904411410757 0.0015153130730975867 -0.004968255960570713 0.9999865100385094 -0.019190104228833688
0.9935813949190314 0.11311797658843877 -0.0005788292467119614 0.7762650447445175 -0.11311351492654662 0.9935686407787035 0.005166120607025954 0.26904212439620545 0.001159487697777162 -0.005067487908410876 0.9999864879859998 -0.02415885912874277
0.9918348877769199 0.12752823829095744 -0.00032222190794354097 0.8896231160174348 -0.1275254891780668 0.9918249512578555 0.004529422949001374 0.24706296630941393 0.0008972170573010817 -0.004451348195882543 0.999989690197248 -0.02827929029460112
0.9897217754651093 0.1430058569116936 -0.00036339943918302484 1.0099626863010673 -0.14300308568172976 0.9897132922148809 0.004209120892672467 0.2189010900809873 0.0009615901954443989 -0.004113891361904851 0.9999910755812548 -0.03689695105701771
0.9870740625171148 0.16026295107054156 -0.0007626402358251427 1.139017811386026 -0.1602587875246056 0.9870671689313246 0.003940182615970951 0.184751421432775 0.0013842424322813756 -0.003767032262294898 0.9999919466379819 -0.052211108222441745
0.9839641451875608 0.17836188994890206 -0.0012638034571846256 1.2759093518593256 -0.17835626505786023 0.9839591275381889 0.003671246232622465 0.14322058090274534 0.00189834136362944 -0.003386967396664714 0.9999924623475508 -0.06722478422777291
0.9804149133519791 0.19693485988196083 -0.0018051704390010148 1.4228195834168358 -0.19692623976693766 0.9804096859259182 0.004111427234073391 0.09962409564103386 0.0025794899294008314 -0.003675419148756084 0.9999899187120748 -0.08292620948025455
0.976572790719715 0.21517793395644924 -0.002010264696954294 1.5812312678741098 -0.2151671660979502 0.9765665648674987 0.004564538999142464 0.051384371363876385 0.0029453453608781427 -0.004025061630791074 0.9999875618324311 -0.10182532213502342
0.9724400158863972 0.23315045438153317 -0.0011318677304671583 1.7561027306638521 -0.23314262993386514 0.9724306936901093 0.00480209088807873 -0.0015989630830817447 0.0022202725948405836 -0.004405858720072761 0.9999878293252074 -0.1156966492695855
0.9679211003778628 0.25125419549699396 -0.00026960800610059975 1.943428543090508 -0.25124997131833376 0.967910040730727 0.004858494127063796 -0.06089809775341393 0.0014816733293884325 -0.00463489997784695 0.9999881611030884 -0.13120268709635025
0.963495176509685 0.26772555859778946 0.0002647944193461619 2.143387679671397 -0.26772442523122325 0.9634871156275753 0.004026183586304251 -0.1288123198651921 0.0008227862383304384 -0.0039501003988704495 0.9999918598316891 -0.1483967087728857
0.9594789018150273 0.2817801396288625 0.00043575518262949016 2.35480069092314 -0.28178047332707595 0.9594775091701344 0.0016353128898368974 -0.20871192694808977 4.270139719780034e-05 -0.0016918355172807031 0.9999985679335591 -0.15979423310850432
0.9555223433207427 0.2949186839451363 0.0001458592364025461 2.5790677540784737 -0.2949186445888522 0.9555223357995194 -0.0002426151468360641 -0.29771878914910954 -0.0002109234980753395 0.00018880758532930413 0.9999999599314838 -0.17775007184977493
0.9519304428942044 0.3063142694505577 1.4907267918498455e-05 2.818530592355323 -0.30631420003560467 0.9519302577681878 -0.0006286508909954849 -0.3892276580239976 -0.00020675541780699645 0.0005938656132439984 0.9999998022878935 -0.2026000074767402
0.9493587623686146 0.31419410711661105 -5.802705682104807e-05 3.0728450230806676 -0.31419384592223754 0.9493577002016096 -0.0014779216850913483 -0.4848270660510338 -0.00040926585102244985 0.0014213096459862065 0.9999989061895761 -0.2250306382320057
0.947561024225463 0.3195746027814781 -0.0004226415308528206 3.3418789763103227 -0.3195748576266551 0.9475596033166888 -0.0016457628098904393 -0.5859754535546855 -0.00012546595492320708 0.0016945263008213537 0.9999985564184105 -0.24948414976239153
0.9459971978970175 0.32417288275232825 -0.0011151946235949113 3.628697886564505 -0.3241743654793516 0.9459959681624195 -0.0016152357444318294 -0.6895184772032337 0.0005313539900401202 0.0018895259976654674 0.9999980736753626 -0.27866335926466873
0.9449861196685355 0.3271071563184993 -0.0014635296519532152 3.9342783538156727 -0.3271090482603064 0.9449856746671538 -0.0013210677895901398 -0.7975787289752182 0.0009508838275895892 0.0017271245158550189 0.9999980564285353 -0.30419359068441776
0.9446545361120969 0.32806364133486515 -0.0014334004885738188 4.258291158579781 -0.32806469013052597 0.9446550908935374 -0.0005642149310322092 -0.9108713214108375 0.0011689706640506052 0.001003236281058663 0.9999988135115687 -0.32329890003982953
0.9447978280642583 0.32765260036816013 -0.0009151814330799279 4.601637084239507 -0.3276523638295801 0.9447982679537095 0.0004016821661085222 -1.0295542815908332 0.0009962740390842746 -7.964707822988641e-05 0.9999995005470633 -0.3445569850967696
0.945296126608065 0.3262133276915737 -0.00031281974345276613 4.963476483149709 -0.3262128021676397 0.9452956860067694 0.001128591569931599 -1.1498529248628702 0.0006638687656156849 -0.000964807434493746 0.9999993142122 -0.3723374719114808
0.9461571239094319 0.323707727389788 -6.40592201399089e-05 5.339009255879478 -0.3237075173140611 0.9461567016600001 0.0009690914511650122 -1.277807092023726 0.00037431245172798576 -0.0008961763291269209 0.9999995283789737 -0.39540562838480725
0.9470130664706963 0.32119502493464913 8.883136722992251e-05 5.727656166579016 -0.3211949749567397 0.9470126744779461 0.0008845567656681489 -1.4114587384674346 0.0001999908017469545 -0.0008662190038955633 0.999999604834077 -0.4219401897325197
0.94765232380106 0.3193040101475254 0.00014932572498116257 6.132541751955373 -0.31930384850517907 0.9476511179037285 0.0015527606384712353 -1.5476297401856547 0.00035429400845291383 -0.0015191575060213682 0.9999987833173705 -0.44925871947887025
0.9483038238445881 0.3173615353772552 0.001230262060221656 6.551837395260667 -0.31736319905185956 0.9482862820636644 0.005807506990690282 -1.683031790474148 0.0006764387002280287 -0.005897720989379765 0.9999823795036644 -0.46049333268712467
0.9491173794605827 0.3149103638374526 0.00276816792346902 6.985919350282363 -0.3149215941712308 0.9490564608424824 0.010780707666812328 -1.8184269030433806 0.0007678089213158877 -0.011103912864847918 0.999938054875673 -0.47109357825659487
0.9500044237771326 0.3122001499115807 0.0047603780393649766 7.4370025349380695 -0.3122364228261053 0.9498888164976573 0.014820679925120627 -1.956780582049065 0.00010518863252038075 -0.015566074902560616 0.999878835783353 -0.4761695279340947
0.9510150938122099 0.3091006618592973 0.005203093263731708 7.9025243141548085 -0.30914443258729823 0.9508860785375569 0.015664783552601015 -2.101932813141681 -0.0001055539858234083 -0.016505952914539743 0.9998637619079577 -0.4855502906543269
0.9526818654719629 0.3039440061453672 0.003912074792127176 8.378407530181558 -0.3039681300619134 0.952565820198334 0.014890738616469109 -2.253085916063896 0.000799442016513288 -0.015375282702618238 0.9998814737629009 -0.4780464780204694
0.9547830655146617 0.2973017802901738 0.000974290886922635 8.864229797014877 -0.2972839397023748 0.9546780450355625 0.014563293656219924 -2.40353896320387 0.003399559011659474 -0.014194427194356195 0.9998934749437781 -0.47987541371533493
0.9570082671261744 0.29004621218831333 -0.00289334536169508 9.357232588126184 -0.2899645467136165 0.9569003597315723 0.0161945421287683 -2.548438617691709 0.007465808820006914 -0.014659343123264347 0.9998646735222977 -0.48370123407815846
0.9594037503976582 0.28195223642254824 -0.006883320364841338 9.862396087877746 -0.28177417360771917 0.9592786283315788 0.019693357102764375 -2.6826734611425147 0.012155608195743963 -0.016954338754831943 0.9997823721124368 -0.4846542002376325
0.9619180753971988 0.2732126794424945 -0.008273331615188903 10.381646453697986 -0.2729673523004244 0.96174941793376 0.022953903419142545 -2.8168307478417645 0.014228169322088887 -0.01982142517409303 0.9997022908355283 -0.469650811987482
0.9641402959384725 0.26529219962677225 -0.007317005184981621 10.917923735559388 -0.26503002751944893 0.9638969759717881 0.02572361221694256 -2.9514284926959795 0.013877112838352301 -0.022861945009913585 0.9996423146354048 -0.4578902625746913
0.9659091086704291 0.25881233863080944 -0.005980565187519153 11.469834418886656 -0.2585713832136662 0.9656251198133216 0.02662644866452737 -3.087379992828525 0.01266623742404892 -0.02417232628367592 0.9996275631811818 -0.4522505089392859
0.9673671946498938 0.25329417962456263 -0.006539822897320693 12.03321466020261 -0.25304711809941 0.967099619026904 0.02618172835405896 -3.228353597629755 0.012956339637096609 -0.023672461771903745 0.9996358075903747 -0.4435054896421814
0.9685650406706906 0.24852623436877486 -0.010792257459588318 12.605214140997901 -0.2481719926701249 0.9683463923801566 0.026756801349946686 -3.3723717197449337 0.017100410659885563 -0.023237366348573332 0.9995837137330923 -0.4494922042909911
0.9692611704484875 0.24547933622080112 -0.01651299335180139 13.18997243875442 -0.244966926321792 0.9691253579633976 0.028057896585008645 -3.517513414334853 0.022890794422551243 -0.02315029245854481 0.9994698972404239 -0.4425719048129976
0.9694006082234173 0.24463410237858804 -0.020411191280867234 13.7931635223839 -0.24398761986857972 0.9693216784138378 0.029757773906165373 -3.668975341044292 0.0270647764991155 -0.02386712614471022 0.9993487169965454 -0.4303960990201856
0.9693012213490263 0.24503990323300065 -0.020262973988561868 14.420108715631363 -0.2443972989153078 0.9692188883847381 0.029744019250243236 -3.82729687793916 0.02692772872340255 -0.023878698076293715 0.9993521427424752 -0.3934492554077935
0.9691709470593847 0.24588594532579502 -0.01574094238821272 15.070407258236624 -0.2453799635346845 0.9690057936451877 0.02857350832119231 -3.995677148068488 0.022278888476443784 -0.02383010225123761 0.9994677470308615 -0.3410460627259748
0.9691459807734328 0.2464578511869357 -0.0038204108458587626 15.74607981626709 -0.2463075835185012 0.968914431665017 0.023181855243649532 -4.176789607128389 0.009415001433318387 -0.021525605672762817 0.9997239649265329 -0.28165248013521266
0.9691282975608012 0.24655656608972912 0.00045009438524882145 16.439021126052282 -0.24650923550796439 0.9689031057284286 0.021446876674438693 -4.356841893057638 0.004851770418460859 -0.020895727502309044 0.9997698879722035 -0.3209805730570616
0.9692906129066006 0.24586156248472996 -0.005272553814307452 17.12639470267942 -0.24566883168861853 0.9690506532447922 0.02424162912419719 -4.528372587634662 0.011069456531673207 -0.022201881416071014 0.9996922244339387 -0.344411282754602
0.9695810994943389 0.24425263044646653 -0.01591050041140203 17.815790727364913 -0.24376505551254035 0.9694421080621594 0.02757891997466811 -4.699076673413378 0.02216053280783841 -0.02286157553588708 0.9994930010508758 -0.35518467255880004
0.970155547653309 0.24117634141326882 -0.02514330328394847 18.517013155053338 -0.24043597160710772 0.9702247607191851 0.029231100642125623 -4.875740571977356 0.031444505320709325 -0.022313359897481736 0.99925640205866 -0.32984827166365965
0.9715993482873688 0.23581937213502682 -0.01959413517898477 19.255246153306956 -0.23522622191061635 0.9715229321085029 0.028492400968637928 -5.0588867615397595 0.025755211768260948 -0.023074143822512192 0.999401947643503 -0.2449334720178703
0.9736884204535284 0.2278809421436581 -0.0010658716818772943 20.031099807241343 -0.2277993887975973 0.9734456853812361 0.022603895153269257 -5.251696519592108 0.006188565113536784 -0.02176634605021528 0.9997439311350959 -0.1649200423890267
0.9755370054377976 0.21954812748095168 0.011232574997413614 20.806561498089003 -0.21972747363706324 0.9753849554621941 0.018547937542776335 -5.431724357630457 -0.006883919707427909 -0.020562304774147565 0.9997648739937974 -0.1576175845612181
0.977395376460183 0.21111979837892192 0.011256500642354672 21.558396059134047 -0.21130026919115244 0.9772469864602735 0.01845328409970311 -5.592359922242444 -0.00710452771227101 -0.02041465617543565 0.9997663564549578 -0.1957400872519965
0.9793176659602382 0.20223720588230187 0.006084545596975451 22.294123245272953 -0.2023150372599222 0.9791582376128642 0.017826144097636828 -5.740275485181287 -0.0023526233694483325 -0.018688452899930066 0.9998225877081826 -0.22575821986753408
0.9813713659858635 0.19210956357415612 0.002039020941257399 23.02936009791721 -0.1921153869692496 0.9812140194258866 0.017627426691239817 -5.881269301953172 0.0013856813151246585 -0.017690779107965467 0.9998425457149962 -0.23739167369096198
0.9832463370798902 0.18226198655221099 0.0026849352007846305 23.773488191607775 -0.18228141697017464 0.9831091662403065 0.01642718118358633 -6.018309666832423 0.00035446626932079955 -0.016641379520180785 0.9998614598239736 -0.2216457459101222
0.9847239622552701 0.17396439846732956 0.0074233568008787 24.526039224538955 -0.1740602013734428 0.9846177247423318 0.015198105838360313 -6.152908773553778 -0.004665239343218612 -0.0162580499795527 0.9998569454440625 -0.2002622071656426
0.9857947192367849 0.16751962981812113 0.012080776071082305 25.280295133069895 -0.16767802103043805 0.9857484677448549 0.013566119636460075 -6.284498339411978 -0.009636015161669986 -0.015399089722267474 0.9998349940102754 -0.20775790392520227
0.9867198670009862 0.16191338329622224 0.012959952744447738 26.028901641953787 -0.16207748439986028 0.9866949431812875 0.012805395389972435 -6.406960318896073 -0.01071415494477877 -0.014735854574849544 0.999834016961698 -0.23457436167269208
0.9877474743762676 0.15554120446453926 0.012722443831138125 26.771568034656514 -0.1556819507077676 0.987746684984147 0.01093693406112575 -6.528117426529163 -0.010865407822086965 -0.012783583869698084 0.9998592515430877 -0.23995709254104766
0.9887165007098574 0.1494051662003705 0.010852535957380787 27.508133570096174 -0.14949501448282174 0.9887301318466992 0.007997938684095962 -6.6483280967266625 -0.00953529594965445 -0.009530093968755133 0.9999091235907875 -0.2532374563104054
0.9895160652282309 0.14408153891241546 0.009923043881841315 28.241985489500262 -0.14416172389235965 0.9895225967723582 0.00790112911407417 -6.759159009534196 -0.008680669307944212 -0.009248817304084458 0.999919549443274 -0.25933918706951414
0.9902058302834039 0.13926244012411015 0.009918994074229278 28.974350165267182 -0.1393716899123236 0.9901752553437868 0.011335596846031984 -6.856584413457421 -0.008242919613161927 -0.012607001053038455 0.9998865524651778 -0.26541345267936106
0.9908663674810381 0.13442117780174687 0.010713951340894484 29.706863706331532 -0.13454505125476876 0.9908369075484268 0.011825896275903672 -6.95032065781018 -0.009026127508267963 -0.013159392017413712 0.9998726716057079 -0.27011783666923633
0.9915077532578092 0.12955555199114807 0.011301954606709418 30.439182672183108 -0.1296165924166889 0.9915523574110928 0.00484370548199927 -7.055889233544338 -0.010578950796232924 -0.006267492383669222 0.9999243993119034 -0.28122967148603617
0.9921751166265477 0.12441685621288846 0.0104395324229706 31.159385022283423 -0.12446400789713273 0.9922160886838463 0.003993005774899177 -7.155687413742329 -0.009861474803055234 -0.005261107016335882 0.9999375340828398 -0.3078623588529508
0.9927897844529256 0.11950202912732946 0.00936530407284733 31.87410572851115 -0.11956200403730628 0.9928078264450372 0.0061275557990290224 -7.237625337483009 -0.008565691828985533 -0.007203109324309477 0.9999373701085245 -0.3128295409632815
0.993436766986636 0.11398151372919564 0.00957102539721064 32.59015937881018 -0.11400539620151581 0.9934781451504093 0.001986138324570653 -7.32266455817036 -0.009282221506098167 -0.0030642513784133376 0.9999522242224381 -0.3110946281720254
0.9941401384864048 0.10671699929148865 0.017229832049793472 33.31340078468799 -0.10669893466152201 0.9942894288705035 -0.001966971903914288 -7.4102403495939235 -0.017341349207600183 0.00011704099684643353 0.9998496206475576 -0.29321444107898853
0.9944355455389463 0.10142325472159798 0.028482787264381564 34.04100622251439 -0.10144406430534347 0.9948409860219612 -0.0007171806407012399 -7.486787567746502 -0.02840858296155418 -0.0021762197811574847 0.9995940258332788 -0.3056911385700549
0.9946216110459705 0.09859300868762233 0.031737509011457755 34.758885647179845 -0.09879295231993242 0.9950964778902384 0.004790851945222459 -7.544167886592531 -0.03110953892685468 -0.007900527094562066 0.9994847563917056 -0.3604297327534522
0.9951272216004751 0.09487932821593892 0.02682770782274339 35.4524904232772 -0.09509450340376528 0.9954446187635599 0.0068590376197428995 -7.602736484666557 -0.02605471650434175 -0.009376782602252776 0.9996165403272942 -0.3977944372623713
0.9955899108319392 0.09209594810810595 0.01786241281944001 36.133645439947514 -0.09222173143768003 0.9957182544722353 0.006349012632514699 -7.669010092049136 -0.017201212175293426 -0.007968315558539342 0.9998202959766622 -0.4386516329271186
0.9958430290886502 0.08978515312894624 0.015339090363022296 36.81718303409158 -0.08989166070400197 0.9959309873622108 0.00639982402999321 -7.732354087863776 -0.01470206622995167 -0.007752076454083408 0.9998618677393494 -0.44464145801767874
0.9959232337425495 0.08747005570354179 0.02204318141770073 37.51687740426401 -0.08764158920360833 0.9961279129479191 0.0069377869595268786 -7.7931777110712375 -0.021350979688537348 -0.008841402674299446 0.9997329469738858 -0.42424596097512024
0.9958529559211903 0.08498864436598223 0.032462601742193266 38.22465383707795 -0.08534282587343951 0.9963045948248866 0.009682788997073328 -7.847104791056107 -0.031519712165174206 -0.012413084212179246 0.9994260468315626 -0.4127067768392627
0.9955897675572785 0.0845327177826954 0.04068457151705986 38.929232009726896 -0.0849333061717693 0.9963527520754 0.008217477381591612 -7.906144405010058 -0.03984153910164694 -0.011636711565371468 0.9991382480447616 -0.4183050616235614
0.9954690259224622 0.08530423172135745 0.042007219372678276 39.61935931884669 -0.08558682065969732 0.9963183101217972 0.004972026288985886 -7.9723367957344635 -0.041428426935621786 -0.008544762517619448 0.9991049356674989 -0.46622962082792585
0.9955540107863352 0.08582002511515154 0.03882183530550194 40.29826054336102 -0.08608289538948585 0.9962746777157926 0.005147976657246622 -8.036788321661351 -0.038235411971307115 -0.008466984795987493 0.9992328874891222 -0.5195932011438282
0.9957465553139115 0.08636738966597944 0.03208537957972496 40.96818430944988 -0.08673991698827656 0.9961766697900889 0.01040333440791009 -8.090073102662982 -0.03106419774204763 -0.013142167561737632 0.9994309876376767 -0.5693072854842584
0.9959479313945636 0.08661687215369784 0.024191639241904463 41.632317988144635 -0.08696017462898258 0.9961200814208837 0.013517078773021255 -8.141140119385442 -0.02292697056737611 -0.015566015815525 0.999615952840006 -0.6062313486030122
0.9959873359648858 0.0872840181401058 0.01976680993225599 42.2936921191599 -0.08753409313009639 0.9960873159415398 0.012159011484395334 -8.19947672971149 -0.018628181271177588 -0.013840491237804137 0.9997306795656642 -0.619528716753444
0.9957646039381013 0.08886827101092933 0.023564463743826883 42.96781116614667 -0.08909717872355177 0.995983647098013 0.008846889671080474 -8.266949666664548 -0.02268361275259204 -0.01090894682711573 0.9996831741064836 -0.6045529165238946
0.9954806072047195 0.08948752921678424 0.031785889857108014 43.647531658040116 -0.08983143526492626 0.9959111142553636 0.00955854282258908 -8.331457814512586 -0.030800550605084125 -0.01237071612005995 0.9994489939287052 -0.608006482923167
0.995173283648631 0.08944812975004683 0.04036294830944336 44.329097906659285 -0.0899519188371401 0.9958871231315561 0.010839293255422523 -8.391023314559794 -0.03922738596348908 -0.014417699711787779 0.9991262893776209 -0.6186281815599148
0.9951915710039966 0.08882443363138398 0.041279013949833306 45.00025074220651 -0.08931320448854058 0.9959518946922473 0.010147658001676343 -8.455082864605325 -0.040210552179679934 -0.013785624722686112 0.9990961255276749 -0.6715602176465312
0.995360238421074 0.08957387567200813 0.03513568794613667 45.654498912846805 -0.08987991302520669 0.9959263930072264 0.007226406174930522 -8.526918288457072 -0.0343452617537544 -0.010350869949885736 0.9993564241482353 -0.7302398803548249
0.9954173997556278 0.09057672056805566 0.03066036455900562 46.3049349416862 -0.09080054772491039 0.9958511105720841 0.005985491225600018 -8.594045069467668 -0.029991011930426706 -0.008742040007449856 0.9995119388681147 -0.7514519285534167
0.9953958887344863 0.0908295521873888 0.030610735697317083 46.96568203423027 -0.09105346946229494 0.9958279338070573 0.0059993290003792785 -8.657932411515562 -0.02993810931524365 -0.00875892111017697 0.9995133770548621 -0.762769928934339
0.9952798381225341 0.09072790338125278 0.03444548409929363 47.63184790035973 -0.09093101944061836 0.9958475899654746 0.0043734726996564515 -8.720506540385882 -0.03390565631694034 -0.007484992184821608 0.9993970088817112 -0.756008161531233
0.9951973336546681 0.089624569801241 0.03936627458361368 48.300489842710206 -0.08986126719372141 0.995945089932777 0.004281412984099175 -8.781987884643879 -0.03882292808365382 -0.007798354104829316 0.9992156753815804 -0.7851811270548849
0.9950175962470047 0.08979181737147587 0.04332912060001492 48.96949570743569 -0.09010286193577412 0.9959184899914142 0.005275942021418527 -8.84438322647789 -0.04267853593817262 -0.009153732919311893 0.9990469216927784 -0.8132729505041907
0.9950405331451979 0.08990644774488428 0.04255782010426647 49.62962011503532 -0.09027618190590629 0.9958932575875483 0.006843279342666924 -8.904418626846077 -0.04176779116283727 -0.010651297834840217 0.9990705688167435 -0.838477964367113
0.9952987498212026 0.08856441821451742 0.03920130649207278 50.28331048408431 -0.08896312762062157 0.995998286126693 0.008542596599160264 -8.960664615238317 -0.03828786398218539 -0.01198990654772023 0.999194816646213 -0.8751590390709727
0.995522239744766 0.08766962229116486 0.03534837338408592 50.93517894468841 -0.08807596431345062 0.9960625158854575 0.010103908065591721 -9.015418065667333 -0.034323383921635774 -0.013172007260348131 0.9993239732643774 -0.914073863842119
0.9956692128028368 0.08682381375026912 0.03323317683354364 51.59000997495154 -0.08725109022685412 0.996118491481295 0.011627475360710151 -9.06904587716462 -0.03209464021945618 -0.014476750149710933 0.9993799866788845 -0.9368058845708517
0.9957126738505379 0.08624894800937287 0.033427385490056576 52.24837654214613 -0.08664048615205301 0.9961848921300336 0.0104444650997037 -9.12689501681756 -0.032399032281230714 -0.013295851201014956 0.9993865733779302 -0.9574594603499772
0.9955630759775712 0.08622697681691646 0.037670548431144944 52.914161852784744 -0.08638343544228747 0.9962587200447567 0.0025426002400430418 -9.194194027606745 -0.03731037163144324 -0.00578543030443578 0.9992869782824741 -0.9745352440810224
0.9954393691666609 0.08569370514679853 0.041917194697465104 53.582496717316616 -0.08568001834030348 0.9963204371711896 -0.0021262483918814603 -9.265738242438697 -0.04194516384873064 -0.0014749146525466568 0.9991188256941579 -1.0091963980740388
