0.9999727208254474142 0.007386311999347235611 0 -0 -0.007386311999347235611 0.9999727208254474142 -0 0 -0 0 1 0.4949999999999998845
0.9999552445644624976 0.009460902583135134131 1.387699789533619327e-05 0.002091332910899845569 -0.009460902963652298783 0.9999552442758055104 2.761628383298375591e-05 0.005425316102439774885 -1.361510184919401006e-05 -2.774633678468730818e-05 0.9999999995223847193 0.4950218166300194844
0.999982139346584753 0.005976703943525467702 -1.770235312931595889e-07 -0.01439137268006607934 -0.005976703943467303291 0.9999821393465473385 3.271741571661336301e-07 0.004069948811832227627 1.789757926125715678e-07 -3.261102963843381971e-07 0.9999999999999306111 0.4949746439896766104
0.9999811071160598086 0.00614698370854628931 -2.111603512838694189e-06 -0.008442127796050583749 -0.006146983715114388673 0.9999811071133871687 -3.118210769219204561e-06 0.004124043241242113071 2.092396027754595987e-06 3.131131849631342986e-06 0.9999999999929086725 0.4949913410000075231
0.9999764028923324721 0.00686976398648728951 -1.874585916404689857e-06 0.002173362843965756085 -0.006869763977131399316 0.9999764028818898254 4.952511748980495127e-06 0.01678377816398447103 1.908564268436223036e-06 -4.939516921226586148e-06 0.9999999999859791044 0.4950145495188312816
0.9999843172592728369 0.005600467404758780778 1.608294922023628961e-06 0.01511850837799286543 -0.005600467398724462767 0.9999843172536350133 -3.732292160366979749e-06 0.008341787735253800365 -1.629172280131546793e-06 3.723226424518345961e-06 0.999999999991741495 0.4949901859491954714
0.9999339654844066061 0.0114919394633860323 4.816328887404756198e-07 -0.005497916873620318709 -0.01149193945959537527 0.9999339654583044856 -7.247057017958719188e-06 -0.002862843286602062727 -5.64883824871327296e-07 7.2410435660599196e-06 0.9999999999736238765 0.4949886246690505809
0.9998973064977731973 0.01433096158071816423 -9.502144109263440231e-07 -0.01026288046554764931 -0.01433096158417171591 0.999897306491206006 -3.733189104180881734e-06 -0.01031090159295595075 8.966166404487917569e-07 3.746423216137014963e-06 0.9999999999925799354 0.4949950578224754372
0.9999621481625802222 0.008700703648052384928 5.823798652882954368e-07 0.0178856758881590118 -0.008700703647947368238 0.9999621481627340991 -1.825770811260873231e-07 -0.01221295350175134048 -5.839463702162029351e-07 1.775030556297216806e-07 0.9999999999998134825 0.4950028475428052133
0.9999336408284599242 0.01152015370933716885 -5.348038093290770623e-07 -0.001034227721735097227 -0.0115201537067516277 0.9999336408180101721 4.609101130948361932e-06 -0.006967695486423996012 5.8786587367620016e-07 -4.6026342527293385e-06 0.9999999999892348335 0.4950120641567010704
0.9999548325325572362 0.00950436199770022215 1.856883058414529683e-07 0.0008922527514992206624 -0.009504361998061603214 0.9999548325304628005 2.053402041642842311e-06 -0.005638951500274635639 -1.661636424399017733e-07 -2.055074143550509091e-06 0.999999999997874256 0.494999997923054269
0.9999504921432069704 0.009950540928050002204 -1.724998679118326453e-07 -0.02027009295988531704 -0.00995054092919450163 0.9999504921032530413 -8.939296392817387373e-06 -0.0243716669391709842 8.35404931814908981e-08 8.940570294407681643e-06 0.9999999999600294176 0.4949721718803584136
0.9999805394887206766 0.006238641364884494646 1.425085556276194553e-09 0.02872729313269898471 -0.006238641364721561611 0.9999805394609041498 7.458824558866900098e-06 -0.004770328001669061485 4.510787360326043039e-08 -7.45868829692514225e-06 0.999999999972182696 0.4950258098606767354
0.9999835779482242337 0.005730954070769914144 1.240632242240776413e-06 0.02572352768314934909 -0.005730954078733769413 0.9999835779277332914 6.513758637735393993e-06 0.0009575102368123717539 -1.203281816907264701e-06 -6.520761674862713211e-06 0.9999999999780156967 0.49501558904986942
0.9999720932691359421 0.007470788791180899349 1.116142581849916439e-07 -0.005530030176725962004 -0.007470788791383932252 0.9999720932672480078 1.945571691263763482e-06 0.005235668713091089395 -9.707618821122501194e-08 -1.946351243267254106e-06 0.9999999999981009635 0.4950001956749985887
0.9999768796524217684 0.006800011973038009444 -7.132531091008687194e-08 0.00532142307393984864 -0.006800011972611735844 0.9999768796406482974 4.853572810640400788e-06 0.01952976620897529936 1.043280150675008705e-07 -4.852975581381888398e-06 0.9999999999882186463 0.4950127030077729473
0.9999882253465767201 0.004852748747420780259 -1.759777304644881877e-07 -0.03627099425145634964 -0.00485274874878247834 0.9999882253078019589 -8.807188294508461415e-06 0.004673707002515068917 1.332365864165729186e-07 8.807938568629985118e-06 0.999999999961201036 0.4949702137100897015
0.9999375395329571647 0.01117662888975528082 -1.291860250229925488e-06 -0.01377127961212136487 -0.01117662889441255192 0.9999375395270563294 -3.655933125998104875e-06 0.006921533993950574302 1.250918552232754406e-06 3.670143417307814388e-06 0.9999999999924824579 0.4949927646260325331
0.9998908439111890978 0.01477498779039225843 -7.72259305163421112e-07 -0.001863237179611897196 -0.01477498779294460045 0.9998908439056314323 -3.411031425806382565e-06 0.001027324498622304502 7.217770606849306648e-07 3.42206921276390126e-06 0.9999999999938840034 0.4949900624121202353
0.9999878374084937294 0.004932041806341382409 9.680567109125238186e-07 0.01494372902217173775 -0.004932041802923821903 0.9999878374028488004 -3.501506465639028661e-06 -0.005050406188745697363 -9.853145131025476709e-07 3.496689382080378067e-06 0.9999999999934009454 0.4949915354356891339
0.9999610222044850172 0.008829160429518690539 -3.221573659620255493e-07 -0.006883572177098044691 -0.008829160429589375317 0.9999610222045123287 -2.187149477021403149e-07 -0.00628949035605163697 3.202137396164968278e-07 2.215508017432961762e-07 0.9999999999999239497 0.4950001347821633702
0.9999248170259964485 0.01226214896036801477 -7.961700274387218866e-07 -1.464757073126446484e-05 -0.01226214895761582914 0.9999248170206540554 3.374213404131063258e-06 -0.002408051836885000997 8.374852763895358213e-07 -3.364196965260371804e-06 0.9999999999939901407 0.4950076500239144472
0.9999752274323234769 0.007038787041013853246 9.470787964300829454e-07 0.01705648819938372987 -0.007038787039965245865 0.9999752274321677126 -1.105994257593877778e-06 -0.0079957092598908798 -9.548401929044789871e-07 1.099300573317852572e-06 0.999999999998939737 0.4949942269466785505
0.9999613569473092545 0.008791166830952009889 -2.812752885575010401e-07 -0.01864185107021350957 -0.008791166832995297303 0.9999613569124330414 -8.354209684627020765e-06 -0.02416856356974220188 2.078211681338372863e-07 8.356359590449689262e-06 0.9999999999650638349 0.494973462849283008
0.9999770120579710708 0.006780513075410549498 -5.282781358929914469e-07 -0.01275599644712115989 -0.006780513078262054988 0.9999770120424268383 -5.597165577312080318e-06 -0.03284978632752766359 4.903143374758596263e-07 5.600618906803607237e-06 0.9999999999841960863 0.494986404549089265
0.9999834626584319652 0.005751035718071684406 -2.338155942551589778e-07 0.01319433030369673854 -0.005751035717121312681 0.9999834626509369606 3.880113992639234864e-06 -0.02762597201153297807 2.561264017269963337e-07 -3.878705144035029731e-06 0.9999999999924448213 0.4950124566296056905
0.9999776336686313494 0.006688210788796665127 -1.077867746554924721e-06 0.006987968501722533962 -0.006688210771940073483 0.9999776335575804032 1.494938596766921616e-05 -0.004058247015275428561 1.177828283003575086e-06 -1.494184259807562011e-05 0.9999999998876768492 0.4950403301371897324
0.9999759875822368249 0.00692995380757228073 1.178007312909429671e-06 0.006325561947948234176 -0.006929953809807036513 0.9999759875811030652 1.903707331101158072e-06 -0.006384453746814460103 -1.164786422236271086e-06 -1.911825154751764225e-06 0.9999999999974938936 0.4949974525259352998
0.9999598454166360728 0.00896144834764865672 -2.870076916964935558e-07 -0.02598737226320483804 -0.00896144835015011583 0.9999598453625196948 -1.040508891912939006e-05 -0.02260436322085380631 1.937515001052874257e-07 1.040724311172421176e-05 0.9999999999458256683 0.4949698673636043211
0.9999816912292198712 0.00605121476121851104 -2.914692793701897057e-06 -0.022413036948048113 -0.006051214775449197114 0.9999816912213832509 -4.898584317306954322e-06 -0.0215929698073734147 2.884997043506434944e-06 4.916132062348924931e-06 0.9999999999837539955 0.4949905732742903575
0.9999889596343584097 0.004699000201213599653 -2.955510898003481995e-06 0.03623806027853770234 -0.004699000178500508697 0.9999889596096052102 7.645549086902997553e-06 -0.005777327336092866715 2.99140470470734872e-06 -7.631576731008170793e-06 0.9999999999664050954 0.4950170696969293793
0.9999860360531049874 0.0052846663768511392 -1.521925704913662521e-06 0.09419983122013540766 -0.005284666374016523845 0.9999860360525473224 1.860542145942419347e-06 -0.002774827513842064927 1.531736797344491745e-06 -1.852473295834169963e-06 0.9999999999971108666 0.4949944353714355594
0.9998672785036554211 0.01629188078104288825 -7.36610421631935675e-07 0.2145496897789349044 -0.01629188078329869838 0.9998672784988715811 -3.167847086043427695e-06 -0.0002554628361355201164 6.849024705326043233e-07 3.179427413810947883e-06 0.9999999999947108975 0.4949870572371519728
0.9995308057097146426 0.03062953517199022355 3.829999251570572087e-06 0.4773972161276508475 -0.03062953510292851234 0.9995308055754567045 -1.694961841678127798e-05 -0.02397469766834988206 -4.347361170724422011e-06 1.682435465607742481e-05 0.9999999998490205488 0.4949615182128028201
0.9987227182368121348 0.05052654815508207664 3.381975673940238474e-06 0.7665681159047760262 -0.0505265480762252181 0.9987227180394403492 -2.033828612474438506e-05 -0.05670434849423586915 -4.405279330694636655e-06 2.014142884630078204e-05 0.999999999787457905 0.4949455966078630809
0.9969535443377349759 0.07799763094761776039 -1.104378660729654354e-06 1.120006478539778083 -0.07799763095163118887 0.996953544329023611 -4.238301449514770089e-06 -0.08482217035541075867 7.704367477917606205e-07 4.311528571275958801e-06 0.9999999999904083392 0.4949759803278586667
0.9934499469239358449 0.114268118734211499 7.669394324315004886e-08 1.57954482143556918 -0.1142681187273417859 0.993449946856389432 1.165262289401940073e-05 -0.1188796125478737836 1.255331702579687417e-06 -1.158506126820039269e-05 0.9999999999321049771 0.4950139517530567912
0.9895733091240037638 0.1440300866880898367 4.720144690528517469e-07 2.022217403240305966 -0.1440300866641674449 0.9895733090097024176 -1.527523888510900574e-05 -0.2245497034302370298 -2.667186900844626501e-06 1.50479844063125553e-05 0.9999999998832219683 0.4949360476446429402
0.984632906103774741 0.1746368810088888834 3.369665239110637655e-06 2.678255417903515845 -0.174636880917660664 0.9846329059491826241 -1.864541542440605518e-05 -0.3673530478954701306 -6.574060471294753649e-06 1.77704217477501446e-05 0.9999999998204966989 0.4949106791112569126
0.9793944117266470961 0.2019568920910501109 4.21562436430114033e-06 3.426121662054250283 -0.2019568918006638958 0.9793944110928626268 -3.710138097222299606e-05 -0.6021597658356152571 -1.162163853509960807e-05 3.548551079792316114e-05 0.9999999993028577672 0.4948357455636336333
0.9754063368215799557 0.220414332769555299 5.392966782289277914e-07 4.142338456426703175 -0.2204143327019124354 0.9754063365773104621 -2.250852627522934038e-05 -0.828066189835081512 -5.487235197820277129e-06 2.183609044391354725e-05 0.9999999997465375268 0.4948640272320626865
0.9733191409627298674 0.229455550852570328 -4.55515843196717833e-06 4.893568286723668948 -0.2294555508093781004 0.9733191398448481912 -4.708165448138489149e-05 -1.150176364878235713 -6.369524077217261147e-06 4.687068188195663037e-05 0.9999999988812839913 0.4947466059372170322
0.9698690303085311104 0.2436268951504017011 -3.161811782039103825e-06 5.770211436552452611 -0.2436268951522195525 0.9698690299916160606 -2.497686300845731579e-05 -1.497183613423157311 -3.018492259285059582e-06 2.499458829367541998e-05 0.9999999996830793991 0.4947736400751789332
0.9671680739977035479 0.2541375939165359532 3.451136196702482212e-07 6.811424903458760838 -0.2541375939134718487 0.9671680739773402813 6.408277663398799298e-06 -1.878899373183986254 1.294801391685428528e-06 -6.285587910281688417e-06 0.9999999999794072503 0.4948023988436355269
0.9666783296204176645 0.2559941543156843968 8.422896014274683478e-07 7.771843121249024655 -0.2559941542726867358 0.9666783293863169257 2.180192201460579799e-05 -2.223670796782186265 4.766941483818132892e-06 -2.129106676976385114e-05 0.9999999997619831715 0.494835738696543681
0.9673400339874832499 0.253482264928463763 3.750120815669189603e-06 8.652519034877604653 -0.2534822648072216911 0.9673400328058407993 4.859659336476038904e-05 -2.506905698928844739 8.690732561051736269e-06 -4.796001939479975978e-05 0.9999999988121536232 0.4948641841806519781
0.9696194535962845418 0.2446183050839448592 5.266247144751993726e-06 9.824220223272007502 -0.2446183051386242591 0.9696194534508509877 1.682297374557395933e-05 -2.892111797866575795 -9.910483541175198741e-07 -1.76001030620384203e-05 0.9999999998446268412 0.4948146622943870865
0.9702295853125093572 0.2421870181348120821 5.789391360279723312e-06 10.99406332830903921 -0.2421870182037150487 0.9702295850713484882 2.163573253749232687e-05 -3.225290677474743184 -3.771452288822540196e-07 -2.239374323854404411e-05 0.9999999997491887394 0.4947972351102073452
0.9719648110079819325 0.2351263620977225854 3.337839533209278319e-06 12.08499155146331105 -0.2351263620898695061 0.9719648105471063726 3.017853122073969709e-05 -3.532451994515867888 3.851505689852676815e-06 -3.011728446114799265e-05 0.9999999995390572716 0.4948086479881838584
0.9756614877885443349 0.2192821498529254898 2.087039038885772459e-06 13.25207762890114793 -0.2192821498392846791 0.9756614874999172127 2.394875569681136307e-05 -3.849819128340344676 3.21529102234960585e-06 -2.382352902108074509e-05 0.999999999711050469 0.4948065021821186349
0.9794388145203648532 0.2017414399656726476 3.708328367625184238e-06 14.56584668387342774 -0.2017414399962783045 0.9794388142301003741 2.387457482507098785e-05 -4.161073921496062589 1.18441036461536303e-06 -2.413180876870903727e-05 0.9999999997081262526 0.4948166445289440274
0.9829121832491199973 0.1840750933583435445 5.27238644583882136e-06 15.93971461609103812 -0.1840750934303636288 0.9829121826510001103 3.430863789729164041e-05 -4.438104858256477492 1.133072854682565828e-06 -3.469289320754919662e-05 0.9999999993975594581 0.4948410453191017244
0.9863944137685317637 0.1643960476497384748 2.368958335383438528e-06 17.3189840462079907 -0.164396047590712302 0.9863944127711014032 4.464010193941928733e-05 -4.663340079016485618 5.001929059412224656e-06 -4.442219457034510163e-05 0.9999999990008244799 0.4948932150771669369
0.9906349999858020672 0.1365367964636710063 4.098867274239062688e-06 18.72946677538541493 -0.1365367965251879645 0.9906349995294088107 3.007058728293561222e-05 -4.873130928868981471 4.52602751063036817e-08 -3.034862243961051597e-05 0.9999999995394792673 0.4948851016920263746
0.9928410320317397897 0.1194432295834729069 4.801281470634415821e-06 20.21310126607417246 -0.1194432296656528364 0.9928410317330182977 2.442511882017151339e-05 -5.050382796615757286 -1.849494174103938434e-06 -2.482374074230339175e-05 0.9999999996901803856 0.4948832287670008601
0.9946907175529136058 0.1029095544096441106 5.245079332792254446e-06 21.78663327369005742 -0.1029095545055150329 0.9946907172769682282 2.359532407750837991e-05 -5.216894915746729922 -2.789047436742168171e-06 -2.400981861503409344e-05 0.9999999997078746761 0.4948806824149948325
0.9973256449380734079 0.07308596263378575042 4.120841287372331917e-06 23.33975989936737605 -0.07308596269136521939 0.9973256448109608652 1.618981084044339625e-05 -5.354138528660753238 -2.92657278395952921e-06 -1.644768919045655928e-05 0.9999999998604540696 0.494863348430956751
0.9985627120564949388 0.05359580283881286433 3.266992948807440146e-06 24.95714415837992206 -0.05359580288189275121 0.9985627119475423141 1.495485267714525167e-05 -5.456000431682588747 -2.460780003306885755e-06 -1.510845535779631686e-05 0.9999999998828393855 0.4948666442689376166
0.9993345602873194844 0.03647515053152371872 3.359320594760220671e-06 26.61689786574570249 -0.03647515054774957965 0.9993345602803478389 4.902593401675914892e-06 -5.560116017410362765 -3.178262337084432443e-06 -5.021862745763353717e-06 0.9999999999823395713 0.4948461352193055385
0.9998152778195448231 0.01922004777212484028 2.120380602721050559e-06 28.31926752097039568 -0.01922004777016708688 0.9998152778213892367 -9.398409157792444381e-07 -5.65625597360898702 -2.138052708696114851e-06 8.989134898407473251e-07 0.9999999999973101517 0.4948326910038047255
0.9999987677160391275 0.001569893974300763705 1.243175485830201263e-06 30.06193775679390257 -0.001569893983028235575 0.9999987676919416257 7.050745140789816667e-06 -5.710937730463340856 -1.232105031544041811e-06 -7.052688105984745033e-06 0.9999999999743705015 0.4948735996349432065
0.9999216138109127128 -0.01252063212871961685 2.666450993585508778e-06 31.87529141151584255 0.01252063205702893048 0.9999216134929835853 2.539120851343452701e-05 -5.72358120006334925 -2.984155960906252479e-06 -2.535583254157406532e-05 0.9999999996740880359 0.4948873658779051055
0.9997702487034593188 -0.02143478030785856553 1.676108409085179371e-06 33.68763585586693665 0.02143478022966955471 0.9997702479985869362 3.762422521731803208e-05 -5.699253974050878746 -2.482190321610184821e-06 -3.757965398740317965e-05 0.9999999992908039648 0.4948986872425236161
0.999512976250785723 -0.03120593378656696254 2.244360898868604643e-06 35.5049289754002757 0.03120593372069883215 0.9995129759417727966 2.503743405350882789e-05 -5.682005647857609532 -3.024584350374863747e-06 -2.495520285104996713e-05 0.999999999684044627 0.4948771963491734316
0.9991186720933359355 -0.04197474329948343991 1.274433867747998023e-06 37.33829369699117251 0.04197474323606314311 0.9991186715694071463 3.246355360134500675e-05 -5.610613796515367291 -2.635960001952882741e-06 -3.238144853123660051e-05 0.9999999994722464924 0.4948848374808121342
0.9988334252903227073 -0.04828859622125012546 1.219643008443211671e-07 39.21684241656927838 0.04828859619058592512 0.9988334247399087706 3.320422042631182233e-05 -5.531072229357572034 -1.725207213315875556e-06 -3.31595957376348133e-05 0.9999999994487321908 0.4948773794795434111
0.9992503587051171365 -0.0387133133305870708 9.461253518828549097e-07 41.16539363527822104 0.03871331329399825549 0.9992503583827830882 2.545412922959833644e-05 -5.468947960793814289 -1.930829777366686622e-06 -2.539842011603971433e-05 0.9999999996755958298 0.4948629376747954445
0.9994970478371748568 -0.03171200649475236499 3.328886426407982e-06 43.11075825310651766 0.03171200650877818022 0.999497047833243113 -4.248693197675654749e-06 -5.474418869289436884 -3.192477569488029659e-06 4.352121976263940024e-06 0.9999999999854333188 0.4948154731009867247
0.9995760326435488841 -0.02911623187711961935 2.844896123707224742e-06 45.10697557980279981 0.02911623194821217481 0.9995760322138482756 -2.93766977487345785e-05 -5.501588439561497346 -1.988351235959631281e-06 2.944707564325521392e-05 0.9999999995644578421 0.4948055752525261641
0.9995230203824864157 -0.03088254716913790138 2.837285620612837083e-06 47.11451508834991841 0.03088254715722914961 0.9995230203782687894 4.149333256684541281e-06 -5.495723185569463709 -2.964074273210803929e-06 -4.059731502317731792e-06 0.9999999999873662171 0.494839919629280145
0.9994903178977574409 -0.03192341507344639839 9.594942329943062714e-07 49.18984492230817551 0.03192341503399866859 0.9994903175058209577 2.80519670439017971e-05 -5.46504741832428298 -1.85451978314956428e-06 -2.800703912574422776e-05 0.9999999996060829899 0.4948743409347847177
0.9995627396617591254 -0.02956906291158476266 8.010627137472534147e-07 51.22686466011172257 0.02956906288745106415 0.9995627394301631607 2.156521298630367751e-05 -5.455161436733830804 -1.438375580102276899e-06 -2.153209670021947e-05 0.9999999997671497054 0.4948543769341726128
0.9996618964194349255 -0.02600178544391641353 1.749307329834639304e-06 53.24364105090863575 0.02600178542018038302 0.9996618963441205041 1.244476533570657454e-05 -5.455864717793164509 -2.072302000790132341e-06 -1.239507260216296877e-05 0.999999999921033611 0.4948420155998253245
0.999651231859469469 -0.02640860925248806473 1.194679401936267973e-06 55.27874204717353024 0.02640860923127045026 0.9996512317448692508 1.522065443215641702e-05 -5.450815982234288093 -1.59621905115177415e-06 -1.518379613133007756e-05 0.9999999998834520065 0.4948385632542918744
0.9996927380211926284 -0.02478768945664728759 1.150864610608965884e-06 57.37523473506846727 0.02478768942016090771 0.9996927377102501344 2.499654609475402111e-05 -5.435816331624241826 -1.770117615399062052e-06 -2.496033833200517478e-05 0.9999999996869238794 0.4948553996405508082
0.9997050821366108009 -0.02428474306238225661 2.618946345659430726e-06 59.5110129068654885 0.02428474300966977639 0.9997050819689146106 1.85664350421709902e-05 -5.439857940555389959 -3.069055075743153418e-06 -1.849735902985715378e-05 0.9999999998242140586 0.4948414194386171472
0.9997990847843861717 -0.02004470169902741739 5.773869097186211855e-07 61.53787864683706488 0.02004470167863516353 0.9997990844793371856 2.47209687761916094e-05 -5.435042704841417383 -1.07279534855670053e-06 -2.47044284090613076e-05 0.9999999996942698921 0.4948499738171809881
0.9998585606365633094 -0.01681840432188688381 2.789081817199594961e-07 63.59053779822116326 0.01681840430014024459 0.9998585599557793246 3.690778652112779927e-05 -5.424958143184688275 -8.995988092727829931e-07 -3.689787551673361787e-05 0.9999999993188685155 0.4948770527376846751
0.9998219150626741492 -0.01887162318316959117 1.035381024625542149e-06 65.61380273418814113 0.01887162314488907353 0.9998219146372133714 2.921107227064136078e-05 -5.424378057159709776 -1.586456987087917899e-06 -2.918633089815872851e-05 0.999999999572820375 0.4948579760943584982
0.9996909493327649221 -0.02485972270452166052 3.382636570450648539e-06 67.64497874544476019 0.02485972271494904517 0.9996909493334952268 -3.076294517816231018e-06 -5.451074766111118741 -3.305115335693656625e-06 3.159435194129737664e-06 0.9999999999895469172 0.4947940177569893905
0.9997065947118216611 -0.02422239637966900824 2.356296388438878498e-06 69.65553620278369351 0.02422239636516045069 0.9997065946969300176 6.002476621756604899e-06 -5.442636722279478256 -2.500999406574802941e-06 -5.943640318299049295e-06 0.9999999999792088534 0.4948076656655294725
0.9997725826708588892 -0.02132564041725390838 1.633109222474088444e-06 71.63802433729891561 0.02132564038876465576 0.9997725825474815808 1.58297400272669406e-05 -5.446913907562640489 -1.970317168655172389e-06 -1.579131297007488295e-05 0.9999999998733759554 0.4948190021480008416
0.9997084458368645787 -0.024145875791323098 2.635019514044002121e-06 73.61991073733904045 0.02414587576166971061 0.9997084457831667548 1.075824099426224481e-05 -5.461052869901624973 -2.894018413773791633e-06 -1.069147953049668245e-05 0.9999999999386582905 0.4948044542020697545
0.9996895817833253428 -0.02491465572132438994 2.529904126432914781e-06 75.61462894239468824 0.02491465567910029419 0.9996895816668328605 1.553760097891419001e-05 -5.459076781709572224 -2.916232776935926957e-06 -1.546974613431569611e-05 0.9999999998760910058 0.4948072790137704735
0.9997193140573295 -0.02369162516525762791 6.545733563469113056e-08 77.57339372408601719 0.02369162515038872319 0.9997193135204547332 3.277433232435505474e-05 -5.441766840056899035 -8.419161591156852197e-07 -3.276358223933200183e-05 0.9999999994629191757 0.4948233631675847399
0.9998702704428081844 -0.0161072122242326074 -1.105403066772103291e-06 79.52764466695882106 0.01610721225522869157 0.9998702696715535687 3.927508635895691103e-05 -5.430970950349601978 4.726475113604978158e-07 -3.928779618121898149e-05 0.9999999992281226602 0.4948318493121782735
0.9999914955633821823 0.004124172948309958071 7.969195345709542797e-07 81.4527131225846972 -0.004124172965319111706 0.9999914953066108003 2.267230134136456325e-05 -5.470411007915241264 -7.034082651467173591e-07 -2.267539516021484144e-05 0.999999999742665624 0.49480480456612147
0.9994758804680368147 0.03237227765116994227 2.133209343582707291e-06 83.36488704776219549 -0.03237227768139182976 0.9994758803394895308 1.61106737197498459e-05 -5.561485135166907234 -1.610552083822588653e-06 -1.617128664620324526e-05 0.999999999867947631 0.4947924140962746686
0.9974406232569927866 0.07149967186390185359 1.512887603367355625e-06 85.30908062382719947 -0.07149967187751019027 0.9974406228269815378 2.929443632539938938e-05 -5.699589870107705458 5.855270313340608535e-07 -2.932763179359698102e-05 0.9999999995697733679 0.4948172942957672626
0.9930958507984829486 0.1173057165012417052 2.28042768907325583e-06 87.22316980656751184 -0.1173057164834822724 0.9930958497656314776 4.539612094923546696e-05 -5.911694012186668346 3.060541220617781984e-06 -4.535020656098734057e-05 0.9999999989669956513 0.4948403250532465991
0.9844026418338348572 0.1759302098854303165 1.570931358712491188e-06 89.01955635397851552 -0.175930209793186354 0.9844026409392565569 4.238130537328840982e-05 -6.220562783064855772 5.909722971290265418e-06 -4.199664325734059795e-05 0.9999999991006783828 0.4948390597910180544
0.9723342873076707971 0.2335937364835254104 1.944692503083021305e-06 90.84565398237228351 -0.2335937364246706005 0.972334286795978886 3.203668386871530129e-05 -6.651999089829491396 5.592677491411964242e-06 -3.160463416518065935e-05 0.9999999994849343432 0.494843605110797613
0.9549189963273745363 0.2968664858989506494 2.315245666475828525e-06 92.6031059032733026 -0.296866485841422334 0.9549189959190989008 2.862267013714471132e-05 -7.181595491172848789 6.286239433521839478e-06 -2.801965028443801606e-05 0.9999999995876909242 0.4948473818261956425
0.9343590871321153513 0.3563328448175260288 -3.485149368250551426e-07 94.28308030970691789 -0.3563328448027313633 0.9343590871013915944 8.251013327072077451e-06 -7.844755489601088705 3.265745149675969253e-06 -7.585221961302870357e-06 0.9999999999658993888 0.4948249903952490203
0.9103664861740591308 0.4138029251342884574 -1.906753177101495492e-06 95.9628209110633037 -0.4138029251324999436 0.9103664861759814819 1.27111426955041787e-06 -8.628708687716345693 2.261834992762675217e-06 -3.68159788906032929e-07 0.9999999999973741005 0.4948196019929342881
0.8779963839372366685 0.4786672641670454142 -3.194548622243530501e-06 97.57475078531008705 -0.4786672641346271795 0.8779963839282044491 7.556506588817339529e-06 -9.520015213959638345 6.421854474142095817e-06 -5.105459611025176145e-06 0.9999999999663468087 0.4948530375392696801
0.8429571363522702088 0.5379807303849412081 3.081882330410349076e-06 99.12754433449526914 -0.5379807302751715703 0.8429571360323231399 2.58265195576429036e-05 -10.50427380162872204 1.129627515209036849e-05 -2.34286422749928779e-05 0.9999999996617462417 0.4949137661204401351
0.8046096147622927575 0.5938041493674945936 5.315421215601236215e-06 100.5625745228270489 -0.5938041492008941935 0.8046096142453963429 3.252551676493893682e-05 -11.55668525684538395 1.503694780150604972e-05 -2.932666268675649307e-05 0.9999999994569183093 0.4949489123064039209
0.7617266327021352534 0.6478985545813891189 2.41776889020387064e-06 101.8942966327448261 -0.6478985543955715354 0.7617266323826115126 2.708148793980110958e-05 -12.69581186497263481 1.570437793749603081e-05 -2.21951595857738628e-05 0.9999999996303734484 0.494971029233306159
0.7164671252359801068 0.6976208557840035684 -5.789410577911086148e-06 103.1836082147589906 -0.6976208556321982224 0.7164671252170525806 1.650589516209576368e-05 -13.97948310456139076 1.566277906191944786e-05 -7.787117695264794226e-06 0.9999999998470188167 0.4949785757278729603
0.6699742497403998742 0.7423843375528841326 -6.571612730725604121e-06 104.4646694568839393 -0.7423843374576748477 0.6699742497639624705 1.236839609691497288e-05 -15.41888403567497967 1.358491485200709669e-05 -3.407844532394550041e-06 0.999999999901918124 0.4950093699758374433
0.6214293299925025549 0.7834702213049912212 -1.24743784672817802e-05 105.6264996038977984 -0.7834702213045379171 0.6214293300886917226 6.063883480203277615e-06 -16.94046897224401604 1.250281678639826354e-05 6.005029010142493058e-06 0.9999999999038092779 0.4950124066485193652
0.5741035275176670227 0.8187827178407031115 -2.567869854299493622e-05 106.6616898653755072 -0.8187827181646252228 0.5741035276150751043 -4.136064163339778591e-06 -18.50871707330533766 1.135569356127461e-05 2.339980361817617542e-05 0.9999999996617484621 0.4950249765601151264
0.5235901292779082672 0.8519702907736793618 -1.280578018280311065e-05 107.6447454061378011 -0.8519702907432857852 0.5235901294000926409 9.371631641197730617e-06 -20.15040520977199989 1.468933183735807247e-05 6.003250442977723554e-06 0.9999999998740919382 0.495087311646526973
0.4703473912050436523 0.8824813489602993943 1.805692119742897432e-05 108.5916253943661189 -0.8824813488014944252 0.4703473903525419719 3.752707003330727333e-05 -21.89292507919652664 2.462391362250841492e-05 -3.358565566324447313e-05 0.9999999991328328841 0.4951835558743348797
0.4251808349100844597 0.9051084229140672344 1.993505175164735503e-05 109.4497059169154909 -0.9051084227756246436 0.4251808340193390934 3.748964089213921056e-05 -23.72966290608504991 2.545618781351473859e-05 -3.398326006388298191e-05 0.9999999990985601883 0.495232826757143807
0.3914240578289061023 0.9202104144513411077 9.501413312495688129e-06 110.2511481603639822 -0.9202104142400061582 0.3914240574516513194 2.783082989197011584e-05 -25.66700067414511111 2.189113775911240021e-05 -1.963695584921813176e-05 0.999999999567583675 0.4952553703529157803
0.3667650325194009575 0.9303136088934912395 -5.55370158105217595e-06 110.9690636007321416 -0.9303136087160280843 0.3667650325582945126 1.823476684896630737e-05 -27.58694355116638164 1.900095529578689699e-05 -1.521190696744260813e-06 0.9999999998183246586 0.495274468150225522
0.3523630794211441986 0.9358633768714639256 -9.686124768623287877e-06 111.6397005207475814 -0.9358633767236456125 0.3523630795406146876 1.692047509507065272e-05 -29.51487673269760847 1.924828571302906102e-05 3.102738723562458599e-06 0.9999999998099379228 0.4953203907522997773
0.3473639837985859624 0.9377303784999988512 2.388264496185882786e-07 112.3586415148363358 -0.9377303782596430048 0.3473639837037614808 2.273130286965980529e-05 -31.53203351215901051 2.123287353681086481e-05 -8.119990738676504294e-06 0.9999999997416151309 0.4953813896467079703
0.3434058065188907438 0.9391871229980678359 6.778984091280558291e-06 113.0646563132209366 -0.9391871227817044643 0.3434058062584306459 2.512475081754817112e-05 -33.55215629357923035 2.126889993889715291e-05 -1.499471988215903181e-05 0.9999999996613957443 0.4954322378365835777
0.3519537970437875418 0.9360173741594274288 -4.514817522167453532e-06 113.7470301530650403 -0.9360173739272154014 0.3519537970582161113 2.109350593838690165e-05 -35.52801519465633362 2.133289521021700276e-05 -3.197991867121194276e-06 0.9999999997673399976 0.4954642616498679542
0.3580030957168708894 0.9337203989324212028 -8.766385901641031184e-06 114.4595223154463071 -0.9337203987524910209 0.3580030958206349423 1.840008165229743155e-05 -37.53483513620597734 2.031892487271814586e-05 1.598067146732799793e-06 0.9999999997922933703 0.4955090365512671569
0.3613056281001550407 0.9324474478971447322 -3.935295396851119102e-06 115.2291346892869797 -0.9324474476964441649 0.3613056281053100283 1.96480723525557659e-05 -39.64557232371124229 1.974263929637830515e-05 -3.429502973572058136e-06 0.9999999997992331524 0.4955668430663031643
0.3710263927757385116 0.9286223214027761186 -7.65345642940272255e-06 115.9984735630536647 -0.9286223212168607244 0.371026392854614695 1.858319939036471791e-05 -41.75485682038781476 2.009640808884239046e-05 2.123130387647407936e-07 0.9999999997980445476 0.4956146132982099939
0.3838114219790573212 0.9234114967120107265 -1.003646971903278559e-05 116.7627968792103701 -0.9234114965102354633 0.3838114221059396591 1.939010550491165704e-05 -43.77658974812371895 2.175715806147945119e-05 1.8256475567676366e-06 0.9999999997616463299 0.4956569173728034849
0.3996963815474496307 0.916647589082237646 -3.135181601386761733e-06 117.5763329188291664 -0.9166475888091272228 0.3996963815079936921 2.32822301055880957e-05 -45.79393527019125543 2.259472083618995015e-05 -6.431966472168745827e-06 0.9999999997240539562 0.4957210367381646998
0.4156302938102670597 0.9095336490987975253 -5.142879234363731385e-06 118.4145285298582735 -0.9095336488628463778 0.4156302938218612297 2.111923893619523681e-05 -47.80450516573499442 2.13461948630960048e-05 -4.100173768408250257e-06 0.9999999997637641913 0.4957574192108869515
0.4302053625843573759 0.9027310485403566842 -2.668801117873148559e-06 119.2844824780966348 -0.9027310482992491059 0.4302053625345798604 2.202866018891108018e-05 -49.79072710752232922 2.10340880627222269e-05 -7.067638112978252827e-06 0.9999999997538076002 0.4958046102283469869
0.450322725309609373 0.89286585947167596 -7.86538370131945611e-06 120.1523479966482171 -0.8928658592660853044 0.4503227253753221415 1.923044622726555734e-05 -51.72068634099662887 2.071216992323212931e-05 -1.637174377046061953e-06 0.999999999784162652 0.4958325256269064951
0.4712089015653345703 0.8820216386727527391 -9.248105759211710433e-07 121.0959722480466922 -0.882021638431138344 0.4712089014603036974 2.293592156536536708e-05 -53.65779068762195436 2.066575809909198199e-05 -9.991907467792047041e-06 0.9999999997365439652 0.4958936975126622682
0.4982337233898465056 0.8670427652754386649 7.927365178343450053e-06 122.110824045007675 -0.8670427651171344063 0.4982337230635465741 2.573914323678524815e-05 -55.55099544490473562 1.836725726095251974e-05 -1.969747379605229592e-05 0.9999999996373265532 0.4959473248314061888
0.5206379020638010058 0.8537775909811889941 8.671439290315373775e-06 123.1292045037710778 -0.8537775908332388974 0.5206379017044843183 2.649480486988515089e-05 -57.33948331834114498 1.810599071845960553e-05 -2.119768016938894132e-05 0.9999999996114153911 0.4959911449313842424
0.5426491841204807987 0.8399594412412326738 6.732413981954644155e-06 124.1986340681151688 -0.8399594410759569918 0.5426491838073542739 2.574510943487512768e-05 -59.10625260571049466 1.79715087832511944e-05 -1.962551731530206528e-05 0.9999999996459316698 0.4960209438644893609
0.5677720437534582443 0.8231858273160064243 6.349478609752354734e-06 125.3346912418736991 -0.8231858271847528608 0.5677720434791093673 2.383156143026334242e-05 -60.85198247595818799 1.601274716691757492e-05 -1.875769514065759799e-05 0.9999999996958702786 0.4960509982475079793
0.5901408004762968007 0.8073003379221196374 2.501951720407155317e-06 126.4773723195553856 -0.8073003377618142018 0.5901408002909410699 2.19968404241109335e-05 -62.51086167230452872 1.628155291703332428e-05 -1.500105948478264005e-05 0.9999999997549394726 0.4960828311126171952
0.6133210924493603944 0.7898336771437167725 -2.93095774564380974e-06 127.6556984472157268 -0.7898336769694825898 0.6133210923847705054 1.90539075857836356e-05 -64.13884828772010849 1.684703609872791904e-05 -9.371194282657940004e-06 0.9999999998141788637 0.4961162794830715761
0.6326290880467894118 0.774454928939516174 -7.804620594951369142e-07 128.8634370556829651 -0.7744549287562193518 0.6326290879183663618 2.114255571158561972e-05 -65.70610530807535099 1.686769948206910509e-05 -1.277096305011561471e-05 0.9999999997761914727 0.4961571816806559232
0.6480143553661270595 0.7616281213320802435 6.149921117345626318e-06 130.1344743450604255 -0.761628121197417407 0.6480143550440519151 2.569758769664202099e-05 -67.25073446199179728 1.558676827373132147e-05 -2.133635859182027666e-05 0.9999999996509060241 0.4962006072364665288
0.6549284247728492936 0.7556909146102640529 1.513057677269392544e-06 131.3879277414926037 -0.7556909144440425719 0.654928424583979929 2.238091531219412719e-05 -68.76656977699821027 1.592210988120810683e-05 -1.580130155013213092e-05 0.9999999997484023684 0.4962230846907915716
0.6670227640369627009 0.7450373361447113485 -3.01914711163634783e-06 132.617025795203233 -0.745037335988956495 0.6670227639710367695 1.814248317322129518e-05 -70.22792936010189635 1.553066718566589505e-05 -9.852071951683858488e-06 0.9999999998308672922 0.4962476374848468486
0.6757403087421403054 0.7371397663489076546 3.222919962439313087e-06 133.8240860796701952 -0.7371397661619172315 0.6757403084574892249 2.589910598527130712e-05 -71.5873814504440702 1.691340400507595064e-05 -1.98768123421037413e-05 0.9999999996594243212 0.4962927556865471823
0.6840161844398721103 0.7294668322686899131 6.814297475935643153e-06 135.0661555722198273 -0.7294668321377556497 0.6840161840600713639 2.751433488607456078e-05 -72.95579745119719917 1.5409704954785042e-05 -2.379105435918866566e-05 0.999999999598263134 0.496331874909628934
0.691734023007777199 0.7221523671391539834 7.143191082648816341e-06 136.3049572971111729 -0.722152367010699292 0.6917340226063842801 2.814013212291713805e-05 -74.27364344921971906 1.538027472232644262e-05 -2.462395914970042001e-05 0.9999999995785536777 0.4963683809712729489
0.6980690598407123248 0.716030437687627197 4.490191954629508053e-07 137.5024287455771628 -0.7160304375421581158 0.698069059685971105 2.060490725532567022e-05 -75.55971253454990233 1.44402943529860356e-05 -1.470515964682242811e-05 0.9999999997876178881 0.4963691573502526655
0.7066135624987326391 0.7075996560874530106 1.249903612364329671e-08 138.6968106081307042 -0.7075996559759343274 0.7066135623870556381 1.776643816549549999e-05 -76.81343207401916118 1.256269354736188594e-05 -1.256285047869534688e-05 0.999999999842176468 0.4963863947582363156
0.7152052132968153009 0.6989145175686967137 2.646761052796703489e-06 139.8237169246782514 -0.6989145174395905435 0.7152052130802546426 2.229898226717983486e-05 -77.95556157702837652 1.369210513080093438e-05 -1.77982080926935737e-05 0.9999999997478747904 0.4964194811914979799
0.7244486342129320411 0.6893287868451974942 3.972169134053728896e-06 140.9438387416770126 -0.6893287867039136207 0.7244486339190943092 2.522500781770923485e-05 -79.06415629395787903 1.451069153428131895e-05 -2.101235299130998783e-05 0.9999999996739602492 0.4964482311215416277
0.74824389664496882 0.6634237493002890229 3.64889552537676712e-07 142.0546393670412897 -0.6634237491812208232 0.7482438965000260955 1.93655231042692636e-05 -80.12665631626838092 1.257452156441274765e-05 -1.473221086308821115e-05 0.9999999998124214917 0.4964507651374333586
0.779182067628442776 0.6267976591242040429 2.21709343922517687e-06 143.1566550903969528 -0.626797658983261452 0.7791820673674378916 2.42557461198660766e-05 -81.05837897849707474 1.347592543872079557e-05 -2.028931139100132412e-05 0.9999999997033713894 0.4964814128078728905
0.8135291966374005312 0.5815240719022607419 4.353432064269037949e-06 144.2147127352947109 -0.581524071731749026 0.8135291961635137126 3.143735265225280852e-05 -81.84495634417818621 1.473993323636813828e-05 -2.810682978761517095e-05 0.9999999994963699734 0.4965053176673384638
0.8557216508601884764 0.5174364272352833805 4.618612229533448984e-06 145.343460430364388 -0.5174364271274891625 0.8557216504148896785 2.991635606498784737e-05 -82.56776064881937316 1.152756591848316347e-05 -2.798991180998973115e-05 0.9999999995418398235 0.4965198035095307327
0.9014290205201302975 0.432926923326498736 5.04014835611298901e-06 146.4633607214392441 -0.4329269232766083109 0.9014290200713429568 2.962601201008957535e-05 -83.13256668276750361 8.282562236296856173e-06 -2.888776290884231785e-05 0.999999999548447871 0.4965303720440592539
