0.9999727208254474142 0.007386311999347235611 0 -0 -0.007386311999347235611 0.9999727208254474142 -0 0 -0 0 1 0.4949999999999998845
0.9999757202664890654 0.00696841978187539169 -2.343584095247557982e-06 -0.009548416020877728908 -0.006968419747357875241 0.9999757201653961536 1.442755929526687804e-05 0.001184669430979094383 2.444064483011863165e-06 -1.441087792028286063e-05 0.999999999893176339 0.4950063321121496163
0.999987718275837878 0.004956137241517845002 -1.832834427903737462e-06 -0.02686154169871241004 -0.004956137232097077884 0.9999877182645116047 5.10929746148862826e-06 0.001197262100118031639 1.858134296942903256e-06 -5.10015093155816833e-06 0.9999999999852676735 0.4950025859505898795
0.9999913084884738401 0.004169286445906341711 -5.239618794160400064e-07 -0.03241341879531074027 -0.004169286445000484724 0.9999913084871387969 1.718179627859369791e-06 0.001295153825746777655 5.311209084287178041e-07 -1.715980147119776435e-06 0.9999999999983864019 0.495000232773929405
0.9999883103516647997 0.00483520021845361761 1.049988678992685467e-06 -0.02431579048618222327 -0.004835200215620416055 0.9999883103486271185 -2.684275627751314483e-06 -0.002820318014936847809 -1.062955415092880102e-06 2.67916734402608589e-06 0.9999999999958458785 0.4949949267833487765
0.9999876793463121638 0.004963985891998730707 1.368866588388381612e-06 0.0001323423334674391828 -0.004963985884086971785 0.9999876793309070422 -5.723837389990273146e-06 -0.009717795571263629709 -1.397262771088370417e-06 5.716971834150007591e-06 0.9999999999826817421 0.4949904189247312791
0.9999949103648222426 0.003190493153561719305 -3.476685747068541869e-07 -0.005666005986385474168 -0.003190493153379299254 0.9999949103647459703 5.239301226739129385e-07 -0.00727249171448533533 3.493384006699634588e-07 -5.22818221853477304e-07 0.9999999999998020472 0.494999599099720855
0.9999950385084169779 0.003150073074574004286 -6.380493082214579324e-07 -0.0201840814654880539 -0.003150073073070440953 0.9999950385058782309 2.34392070384747123e-06 -0.005698663430889374173 6.454296640417138599e-07 -2.341899172559502465e-06 0.9999999999970492492 0.4950018526568829014
0.9999963036188794785 0.002718961218113492753 -8.393255688515632524e-07 -0.02427617164879231418 -0.002718961213221011801 0.9999963036025630858 5.77615949556025638e-06 0.000581030181874016673 8.550276200286423096e-07 -5.773856051006393222e-06 0.9999999999829655151 0.4950070537407735283
0.9999989321673614651 0.001461391862316890672 -4.403571569265231915e-07 -0.02479681216897539064 -0.001461391860368764766 0.9999989321578154344 4.392233719070659575e-06 0.0001314702045544441432 4.467754613089997699e-07 -4.39158549453535417e-06 0.9999999999902570158 0.4950038306067713334
0.9999999639457306522 0.000268534440316828423 1.564984174442509999e-07 -0.01753390123034845663 -0.0002685344403403482918 0.9999999639457315403 1.504210883521431968e-07 -0.004304451518358958124 -1.564580185590419268e-07 -1.504631081437640005e-07 0.9999999999999762412 0.4949968479717642977
0.9999999910590360308 0.0001337305672400443326 5.437988200103143666e-07 -0.01772006313474263489 -0.0001337305653261440335 0.9999999910529960845 -3.517974533783842464e-06 -0.009745586186609917281 -5.442692758748880027e-07 3.517901779806135248e-06 0.9999999999936638462 0.4949918572790991678
0.9999999848767586741 0.0001739193935459035472 8.715318489899369904e-07 -0.01538607806932774588 -0.000173919387857395018 0.9999999848558658311 -6.522831030781584142e-06 -0.01856239841303502364 -8.726662826084946035e-07 6.522679355849553719e-06 0.9999999999783463212 0.4949879122279661758
0.9999999932993359764 -0.0001157737466105795716 1.357786232334817864e-08 -0.01084755937205539485 0.0001157737466182643966 0.9999999932991761042 -5.657258603780257632e-07 -0.01382314179825844605 -1.351236602995499232e-08 5.65727428547279116e-07 0.9999999999998396838 0.4949985015351532347
0.9999999964470979164 -8.430890260264497582e-05 -2.138259988170535043e-07 -0.0133110555670111104 8.430890269059015702e-05 0.999999996447036188 4.112155636381376263e-07 -0.01507744136479153424 2.137913289244356754e-07 -4.112335896124552256e-07 0.9999999999998924194 0.4950004733026613368
0.9999999696426400408 -0.0002464080763795404314 1.061544420033363312e-07 -0.008045993289969076076 0.0002464080763820022751 0.999999969642645592 -2.297751849880503112e-08 -0.01595358478617993694 -1.061487769346352266e-07 2.300367511312091693e-08 0.9999999999999938938 0.4949981385603526296
0.9999998388058978227 -0.0005677936013448665106 9.149515177501713625e-07 0.01508456538870814496 0.0005677936051462505228 0.9999998387976621883 -4.159826219103953703e-06 -0.02309943531787956097 -9.125894475479115208e-07 4.160345052185304715e-06 0.9999999999909291448 0.4949908984904922704
0.9999997342752516838 -0.0007290073073311682675 6.76361252387056382e-08 0.01873258074318997005 0.0007290073073776656871 0.9999997342750159834 -6.896732761352499656e-07 -0.02016547406429022166 -6.713333040811859486e-08 6.897224001015345628e-07 0.9999999999997596367 0.4949979227866818099
0.9999998760183541613 -0.0004979613518957887652 -3.043056740374924648e-08 0.008346139608186534803 0.0004979613518534217222 0.9999998760174059198 -1.377419029578954041e-06 -0.02296739425084828173 3.111646507300326651e-08 1.377403705557793568e-06 0.9999999999990506483 0.4949969982868039908
0.999999931953531096 -0.0003689106511919964474 3.117426493262547888e-07 0.009355630007725780281 0.0003689106519355979711 0.9999999319507267836 -2.388553373363923938e-06 -0.02690348315907589716 -3.108614653320165727e-07 2.388668216015300805e-06 0.9999999999970985431 0.4949953623732283869
0.9999994871681410213 -0.00101275126765753426 -7.467497042462211203e-07 0.001357324597689254239 0.001012751270695094481 0.9999994871600991209 4.078582498407747307e-06 -0.02121159731131894502 7.426187316876656746e-07 -4.079336678492570324e-06 0.9999999999914035431 0.4950070887007251286
0.9999991136441929163 -0.001331432616688256465 -4.983253015840500129e-07 0.002530724117272128895 0.001331432618972327401 0.9999991136336808806 4.611535305180973117e-06 -0.01691799570525262184 4.921849113669428563e-07 -4.612194704281266528e-06 0.999999999989242494 0.4950049414514930413
0.9999985640105927276 -0.001694691351453694612 -4.564390164477656573e-07 -0.01347427766109793659 0.001694691353488657305 0.999998564000588952 4.495434896862972982e-06 -0.01431460112255599111 4.488199863608905305e-07 -4.496201964720648185e-06 0.9999999999897911662 0.4950055098739258863
0.9999979847850428705 -0.002007592595253517367 -2.392797163061190684e-07 -0.007246785720912978131 0.00200759259614612497 0.9999979847778862618 3.790340101246539568e-06 -0.01031605054175669528 2.316697753835598519e-07 -3.790812839083341554e-06 0.9999999999927877692 0.4950040459156272998
0.999997267171826798 -0.002337873199808473881 -1.107828087974130013e-07 -0.01463155957948458416 0.002337873200054513181 0.9999972671692440862 2.275208974937321564e-06 -0.007642004609787069781 1.05463355960275085e-07 -2.275461753341849502e-06 0.9999999999974054088 0.495001081439087276
0.999996780913445793 -0.002537353738832871623 9.911828404091469212e-07 -0.002179411652201359781 0.002537353743081898969 0.9999967809046410583 -4.309329356189158288e-06 -0.01461658367184492588 -9.802453567432614005e-07 4.311830465575164836e-06 0.999999999990223376 0.4949887496978497281
0.999995898170984665 -0.002864200276556246125 4.626335332769142465e-07 0.005265503609160776012 0.002864200278109005782 0.9999958981653368495 -3.391254631370315075e-06 -0.01549399865579439116 -4.529184031775769491e-07 3.392565796118348655e-06 0.9999999999941424633 0.4949930900590665539
0.9999952572218726576 -0.003079859734013112773 -1.107393372996565412e-07 -0.003104461447826752877 0.003079859733910961413 0.9999952572214638735 -9.112822468971086212e-07 -0.01583228310846587078 1.135454335860384696e-07 9.109368632616917081e-07 0.9999999999995784483 0.4949974868112595461
0.9999945032446927451 -0.00331564202622565158 -7.66033799607170423e-07 -0.01983193431294671613 0.003315642028837342825 0.9999945032390825661 3.433603714698573232e-06 -0.01141340408809506275 7.546449881246924364e-07 -3.436124734880612464e-06 0.9999999999938115058 0.4950047885598660713
0.9999937170499568762 -0.003544836070869759707 2.720837443124675566e-07 0.002272491018904127576 0.003544836070618674097 0.9999937170495735161 9.179022477122330854e-07 -0.01354727174534027349 -2.753358478210100293e-07 -9.169319883071994252e-07 0.9999999999995414779 0.4949983836443543339
0.9999930895018972477 -0.00371765385394939819 7.109862706933771585e-07 0.03350203324893392259 0.003717653855318052078 0.9999930895002756559 -1.933440814839294052e-06 -0.01697212371728211433 -7.037934937262954376e-07 1.93607065465052685e-06 0.9999999999978779197 0.4949942141444861332
0.9999948643590120811 -0.003204880214962143366 8.008631078318664323e-07 0.1119206883533505337 0.003204880217013381018 0.9999948643560153672 -2.573236381537282666e-06 -0.01983366363476683075 -7.926120805164693692e-07 2.575789836649871575e-06 0.9999999999963683495 0.4949948773269597369
0.9999988314324043115 0.001528769178476059153 9.258219414685717058e-07 0.2400897754797786943 -0.00152876917708682082 0.9999988314317110882 -1.499376137307050435e-06 -0.02071328059802019991 -9.281130596080680085e-07 1.497959017137095018e-06 0.9999999999984471311 0.4949977525844821979
0.9999103645035806176 0.01338891173553316202 1.757079231735393182e-06 0.4488538803279207845 -0.01338891173063982976 0.9999103645013592834 -2.767735851962499543e-06 -0.02497791776158646282 -1.793978706091543237e-06 2.743962385847978803e-06 0.9999999999946259654 0.4949961322978191913
0.9994421223069218652 0.03339826575756422306 2.292460379143736436e-06 0.7143413555420167205 -0.03339826574202153092 0.9994421222888500989 -6.512843554083393728e-06 -0.03899724722863744802 -2.508699146451258375e-06 6.43264598300035711e-06 0.9999999999761635117 0.4949908580067820529
0.998169293492715326 0.06048191070225046595 2.87944111597733719e-06 1.094546991926781621 -0.06048191066501000523 0.9981692934314563281 -1.162280980827385584e-05 -0.06838847530854434698 -3.577139449145843272e-06 1.142737775438322189e-05 0.9999999999283093466 0.4949817636002970533
0.9958467668953534524 0.09104513638140382392 2.756036720047742762e-06 1.536462148001740191 -0.09104513633404168194 0.9958467668038223364 -1.40897829809416828e-05 -0.1170883617309476515 -4.027396469936362287e-06 1.378034108890958547e-05 0.9999999998969408832 0.4949776418853116255
0.9924803945052195209 0.1224037030434735468 2.498305677207950847e-06 2.033860919649820076 -0.122403702888177715 0.9924803939419128973 -3.409399975721196056e-05 -0.2150872353445019425 -6.652751224548666602e-06 3.353182446346178377e-05 0.9999999994156786309 0.4949463909412465945
0.9884679740179765917 0.1514300641726241126 2.775665715049225948e-06 2.605497144532362253 -0.1514300638048575731 0.9884679726061685878 -5.394571425853547463e-05 -0.3538314116201446979 -1.091265963399522574e-05 5.290329164375638427e-05 0.9999999985410775727 0.4949281100078540274
0.9841985405049836766 0.1770684411749675891 3.155863966144252336e-06 3.293438973548254545 -0.1770684405199943745 0.9841985381173494751 -7.029738144585680182e-05 -0.5364947153469671326 -1.555344445327634559e-05 6.862777630935599691e-05 0.9999999975241591343 0.4949225233139158409
0.980196169741300638 0.1980289595594326713 1.588888425563571876e-06 4.053987496531341606 -0.1980289588220919272 0.9801961667239119658 -7.880240947143047204e-05 -0.7609693106653528938 -1.716258150249317714e-05 7.692717400968291459e-05 0.9999999968938275696 0.4949108822484857839
0.9765790954427868709 0.2151587096687531397 2.406099259899698906e-07 4.889196449102872322 -0.2151587092751199026 0.9765790937225692359 -5.940793180125043935e-05 -0.9839213141283279507 -1.301710857391025965e-05 5.796477497947716013e-05 0.9999999982353195982 0.4949448221435897022
0.9739246779088109873 0.2268715975212411418 7.819550949972716443e-07 5.761487510770627374 -0.2268715972309315598 0.9739246768257552311 -4.734941051217991678e-05 -1.222939954869157742 -1.150380176777478446e-05 4.59373559808820103e-05 0.9999999988787107164 0.4949751294935525459
0.9724796463913957245 0.2329878480875575419 4.773103715115882063e-07 6.741618910160338984 -0.232987847572665302 0.9724796443744434526 -6.452166366495150048e-05 -1.534494979462907249 -1.549693819267004231e-05 6.263479714939401699e-05 0.9999999979183633592 0.494939737450948769
0.9725687286459935299 0.2326157089753162488 2.436530935265313348e-07 7.768806544879637954 -0.2326157083366945377 0.972568726052465915 -7.308853452280629536e-05 -1.854271721610213364 -1.723851065475928213e-05 7.102694556250544486e-05 0.9999999973290031319 0.4949335743926522313
0.973650587862641137 0.2280450235298953632 4.638492917510027409e-07 8.756099827007281178 -0.2280450232237448416 0.9736505866569650225 -4.987646816718576569e-05 -2.121197183380451268 -1.182570749180773939e-05 4.845647402898307698e-05 0.9999999987560611592 0.4949687207931152688
0.9753156977148411677 0.2208150578797690444 2.607563679376413702e-06 9.822518716265056682 -0.2208150576070226079 0.9753156969774129381 -3.956896787953963554e-05 -2.405534598107552213 -1.128062171992725179e-05 3.801644619121386258e-05 0.9999999992137484917 0.4949676615336661145
0.9769845551568900888 0.2133100536190750685 3.486174462879925435e-06 10.9473477537744639 -0.2133100533270035626 0.9769845544542016258 -3.885600089797950095e-05 -2.694703762687777893 -1.169431423933718823e-05 3.721807669190408373e-05 0.999999999239028714 0.4949504208350504753
0.9793410048576105531 0.2022157169772300367 3.75542378770247753e-06 12.09399817895314655 -0.2022157167160965607 0.9793410042600071419 -3.591975380565725056e-05 -2.970276098191809933 -1.094137927312702494e-05 3.441828207346742254e-05 0.9999999993478337901 0.4949349827622434583
0.982189023493614477 0.1878955084951889343 4.269312631009541522e-06 13.3092193586317844 -0.1878955083236924506 0.9821890231896018841 -2.607430493197215385e-05 -3.227031653586157844 -9.092516786593816142e-06 2.480771143241216925e-05 0.9999999996509515432 0.4949341473588416696
0.9857558790907049451 0.168182480690591718 5.394679266105322784e-06 14.65479094457752751 -0.1681824804707042209 0.9857558787239005804 -2.874411620291479125e-05 -3.491615347763609822 -1.015209356865810831e-05 2.742739099597218188e-05 0.9999999995723364288 0.4949183338198798188
0.989099378169317256 0.1472495164231116815 4.523507938285280455e-06 16.00038487207678273 -0.1472495162016544956 0.9890993776794435588 -3.247689631765177825e-05 -3.729287780187044099 -9.256406164383761752e-06 3.145679359721191711e-05 0.9999999994623943733 0.4948971730302987315
0.9920329901622662039 0.1259783569620860078 3.013089982095111931e-06 17.36317630703736725 -0.1259783568841617019 0.9920329899984624555 -1.880717597965074101e-05 -3.915787457333596233 -5.358381793085431467e-06 1.827775489851240858e-05 0.999999999818605434 0.4949180927980598166
0.9948215785398452082 0.1016367397252053717 3.428385391806639765e-06 18.80184064668831212 -0.1016367396609777485 0.9948215784323415356 -1.54500379129316098e-05 -4.080013048272620679 -4.980923249052660868e-06 1.502158119151852853e-05 0.9999999998747710617 0.4949214656017524305
0.9967132150923195821 0.08101090574709045311 3.549664245454131927e-06 20.26548196820316505 -0.08101090564790369708 0.9967132148544824988 -2.242277947011037784e-05 -4.225738662429464831 -5.354486935981506923e-06 2.20615191016895553e-05 0.9999999997423092424 0.4948991070574436102
0.9983009470774121263 0.05826850824312287264 3.700762435923417106e-06 21.82853774248225776 -0.05826850816484496071 0.9983009469160322169 -1.857496460170527929e-05 -4.329266443405598963 -4.776810122103808787e-06 1.832776684759803131e-05 0.9999999998206372531 0.4949067936907380894
0.9993646253733724505 0.03564190712964103447 3.276190581931497908e-06 23.40539532610863915 -0.035641907056394459 0.9993646251770574862 -2.020730429582284472e-05 -4.404273282680248869 -3.99433583597271707e-06 2.007769540718049682e-05 0.9999999997904654991 0.4949023001729154769
0.9998939166858872296 0.01456555406805442286 3.38808810005282504e-06 25.032699070300378 -0.01456555396787039512 0.9998939163032447563 -2.792134559596106151e-05 -4.456874657462503997 -3.794418548072838467e-06 2.786903422701656973e-05 0.9999999996044593997 0.494890015688195295
0.9999910415169802613 -0.004232832875800078033 3.723319048677616675e-06 26.73260574814962709 0.004232833031774019261 0.9999910406016970787 -4.293125639667103803e-05 -4.495173128018009834 -3.541564856504258297e-06 4.294663198559665261e-05 0.9999999990715218168 0.4948770518344639546
0.9997685962628325429 -0.02151171581266810712 3.416599759316241558e-06 28.46729970735207971 0.02151171596543204056 0.9997685948178282045 -5.380000421062796029e-05 -4.516497968430083887 -2.258478739127319338e-06 5.386105161218396651e-05 0.999999998546942992 0.4948691278714363317
0.9992025241330900753 -0.03992888379265385757 2.714174408276893495e-06 30.17740560180099507 0.03992888388298904134 0.9992025224421600127 -5.813188518007247289e-05 -4.502711379418108173 -3.90868627095302325e-07 5.819390035932967074e-05 0.9999999983066584219 0.494887466582919211
0.9985994702011335988 -0.05290650343974612202 3.166734739968984112e-06 31.94869251862008142 0.0529065035328572103 0.9985994688553646581 -5.184538449912827192e-05 -4.453446692880357105 -4.193416160008070972e-07 5.194031435591135178e-05 0.999999998651013744 0.494894278108467589
0.9977271338089006569 -0.06738372533725663083 4.835487483956228337e-06 33.81775086199639446 0.06738372549505602938 0.997727132556548435 -5.001127134573408258e-05 -4.372361576533758232 -1.454551289752814325e-06 5.022343557917216083e-05 0.9999999987377451438 0.4948968893622960885
0.9971180502078250685 -0.07586563078829279549 4.131831656145336917e-06 35.6181597546028712 0.07586563089953038408 0.9971180490282730569 -4.850256802276253109e-05 -4.274895458331041453 -4.402460019899612212e-07 4.867625007229351331e-05 0.999999998815214175 0.4948907605209270089
0.9966303390946303908 -0.08202418662964830465 2.469640451843277546e-06 37.44300563672968707 0.08202418666467235775 0.996630338398468596 -3.725567850049239137e-05 -4.14714041029728353 5.945481270954853577e-07 3.733270974656288687e-05 0.9999999993029574652 0.4949052728417901448
0.9965070264715846227 -0.08350895869386205927 3.58607208586517398e-06 39.31045712908483836 0.08350895877058304995 0.996507025659938539 -4.022024625977990654e-05 -4.026134787048877506 -2.147951445227510999e-07 4.037922715025501368e-05 0.9999999991847356995 0.4948952617072134297
0.9968246627166089668 -0.07962783297654275894 4.196569409571936204e-06 41.22695576553493879 0.07962783307975343505 0.9968246619571713429 -3.892591141949098974e-05 -3.90245996058996214 -1.083657910105451042e-06 3.91364722501237036e-05 0.9999999992335808496 0.4948937853332416315
0.9970864950274060945 -0.07627923318089244176 4.640053194392357613e-06 43.16294652304714674 0.07627923330883616682 0.9970864941412737048 -4.206081970112798574e-05 -3.789146407182080623 -1.418167298463869539e-06 4.22922149939578454e-05 0.9999999991046784054 0.4948873079257201657
0.997136280956712584 -0.07562563823841141064 6.563646649295140433e-06 45.17571703294905205 0.07562563848236325548 0.9971362795158895675 -5.366169238053234981e-05 -3.680774276086460794 -2.486650464704090352e-06 5.400440033879276965e-05 0.9999999985386703871 0.4948782435519100131
0.9972851675552022455 -0.07363623105577798977 7.247396741875636604e-06 47.16548787920540065 0.0736362313603024371 0.99728516572225967 -6.052775794345231612e-05 -3.581291212373879151 -2.770685291564135491e-06 6.0897106205621239e-05 0.9999999981419326334 0.4948712951435783047
0.997093993234506426 -0.07618115659420636454 6.153661260662171949e-06 49.21296129582598411 0.07618115681515598425 0.9970939917943182351 -5.363030072547276937e-05 -3.456346694963119415 -2.050160332782124358e-06 5.394324374221496439e-05 0.9999999985429613991 0.4948789863246890186
0.9969695482965241773 -0.07779279993477308808 7.0686245988989883e-06 51.2078333854178851 0.07779280022320202159 0.9969695463967847004 -6.158778167675230261e-05 -3.349726769075132005 -2.256117481607415879e-06 6.195103098013165816e-05 0.9999999980784896048 0.4948660611260344289
0.9969420178514348807 -0.07814482045056497794 9.016129013597685144e-06 53.2745220080194315 0.07814482087567230228 0.9969420156933593846 -6.570999327491627298e-05 -3.234379015074359209 -3.853662206291306026e-06 6.621361707525880852e-05 0.9999999978004529 0.4948590481244776185
0.996972433734186092 -0.07775581193334450691 9.324849739598988001e-06 55.35995762123021535 0.07775581238886705715 0.9969724314276076083 -6.793602978927051872e-05 -3.122945898465783188 -4.014196961792426348e-06 6.845541022415384833e-05 0.9999999976488712639 0.4948463192882145978
0.9969513941172920557 -0.07802510932450100467 9.204346140114054035e-06 57.42302085942244361 0.07802510977242597956 0.9969513917874834874 -6.826590049361692687e-05 -3.011047125499259458 -3.849831345730572335e-06 6.877595478574955888e-05 0.9999999976275232294 0.4948406081578630156
0.9970825646909367013 -0.07633059104118232463 7.929709194569259259e-06 59.51554505005201179 0.07633059138756581596 0.9970825627588292273 -6.215257278736102307e-05 -2.891433654115123542 -3.162432150064017843e-06 6.257652606931495996e-05 0.9999999980370885 0.4948450987196990059
0.9971361140039999293 -0.07562783950048272696 6.612409686824297082e-06 61.60796279403198383 0.07562783975237225009 0.9971361124441298074 -5.582499125216722126e-05 -2.770593781361799124 -2.371549010473080804e-06 5.616519710166550965e-05 0.9999999984199229308 0.4948468806913282614
0.9972439729933165742 -0.0741920364795744941 7.331530983287738228e-06 63.65436991836981662 0.07419203679923255801 0.997243970900014487 -6.466362753526785044e-05 -2.672488118483433706 -2.513798857552100264e-06 6.502935404793734717e-05 0.9999999978824317681 0.4948222243462889747
0.9971134450810983374 -0.07592613218277577403 9.617678719810928841e-06 65.6881043892453107 0.07592613271293141564 0.9971134418220990447 -8.069187229534987443e-05 -2.586103859449717657 -3.463294968677376384e-06 8.118918392533107235e-05 0.9999999966981607535 0.4947998765639233798
0.9968140799345298619 -0.07976020275876932741 1.011876382973640661e-05 67.71061232412237985 0.07976020332201928797 0.9968140765628423772 -8.206357515460456986e-05 -2.484222889093824271 -3.541118829455432968e-06 8.2609201824302572e-05 0.9999999965815898895 0.4947903015721126785
0.9966605618001602718 -0.08165613561611836935 8.406160928170859905e-06 69.68360839131958073 0.08165613601164441182 0.9966605591712367485 -7.243174759181250969e-05 -2.371738980575819777 -2.463592446884690264e-06 7.287628086710976007e-05 0.9999999973414889221 0.4948014637642080826
0.9964645256708948295 -0.08401457611806223413 9.02294382486102528e-06 71.67092685781011596 0.08401457655120507517 0.9964645230707477319 -7.204541249052591337e-05 -2.26144592766092245 -2.938178623491728617e-06 7.25487565888268917e-05 0.9999999973640223416 0.4947958354231197231
0.9962907852022245825 -0.08605039917077639267 1.122128759836554103e-05 73.66846913046185819 0.08605039979628874292 0.9962907819791548825 -8.025269756970343363e-05 -2.157533918778651305 -4.27388873578400964e-06 8.09206193603850051e-05 0.9999999967167934045 0.494774000012198234
0.9961015122286385193 -0.08821438231651124173 9.51676115808094248e-06 75.6556472135049205 0.08821438277810667028 0.9961015095429727184 -7.320875129809938369e-05 -2.037855172776427359 -3.021595379599460752e-06 7.376286308801386228e-05 0.9999999972749548105 0.4947800485808996895
0.9961862813955251195 -0.08725189213239549491 8.994726225861401366e-06 77.63550221393926165 0.08725189255112952846 0.9961862788965719639 -7.061642984316067483e-05 -1.920450324590021296 -2.799005729183992642e-06 7.113192553707191703e-05 0.9999999974662071578 0.4947735291485162445
0.9969069020770151557 -0.07859152993260595799 4.036519260209000515e-06 79.60042099844083907 0.07859153003619376299 0.9969069008305172508 -4.985274115184664447e-05 -1.796431239692200643 -1.060307073798213667e-07 5.001577796641516695e-05 0.9999999987492050879 0.4947910578124034009
0.9980918594534032851 -0.06174657957267950387 2.48098524073296416e-06 81.54230461746216463 0.06174657962248975701 0.9980918586886795563 -3.907087232056205393e-05 -1.700063780078526765 -6.375844358680130434e-08 3.914951195760543311e-05 0.9999999992336555676 0.494788537519876781
0.9994007187127191827 -0.03461507529318108567 1.086494657059960498e-06 83.48530980506464516 0.03461507531022433443 0.9994007182417408153 -3.068212408689166315e-05 -1.647725169050958227 -2.377950520909351704e-08 3.070134595845065153e-05 0.9999999995287132126 0.4947904994763093756
0.9999981175192680372 0.001940350143260762819 1.214141149315160661e-06 85.40284369912737361 -0.001940350111275874123 0.9999981171869255503 -2.581244056903415879e-05 -1.654312349346717337 -1.264224036070226923e-06 2.581003611869797987e-05 0.9999999996661216306 0.4947820250677804621
0.9986727712206248109 0.05150433013221737688 1.543311757658537294e-06 87.296662682426728 -0.05150433008663838491 0.9986727709878503445 -2.172573764788604737e-05 -1.744441052903885403 -2.660232993701660173e-06 2.161741538543358274e-05 0.9999999997628050696 0.4947663771248723141
0.9937268204014911843 0.1118347281097779033 2.363727600791778533e-06 89.13712599307204698 -0.1118347280311776937 0.9937268201688245206 -2.203592024650072117e-05 -1.943210386012319768 -4.813280661896261001e-06 2.163333812780167176e-05 0.9999999997544153363 0.4947516778092574952
0.9855354823082494997 0.1694692099060700896 2.736925895742270664e-06 90.96783853762504179 -0.1694692098356085919 0.9855354821752120298 -1.713474116206133244e-05 -2.243540526993256012 -5.601148629017738294e-06 1.642307072644907595e-05 0.9999999998494547571 0.4947468735213416124
0.9730577529639639067 0.2305615088888965103 4.222452654057275739e-06 92.76525428985080168 -0.2305615087940545427 0.9730577528605698356 -1.621048066226763658e-05 -2.650433498769234397 -7.846203172423832006e-06 1.480019883296103191e-05 0.9999999998596953432 0.4947276102062215797
0.9578364846126470322 0.2873138853771025625 4.078269854856672714e-06 94.48058589159481357 -0.2873138851692344509 0.9578364843029889553 -2.700522920152682036e-05 -3.166160530870028911 -1.166529298720462962e-05 2.469485024778181917e-05 0.9999999996270424463 0.4946861988754551187
0.9377914035250616287 0.3471991985301243755 4.094730944112477892e-06 96.1761417832821337 -0.3471991982090349982 0.9377914030532890077 -3.353474877216996693e-05 -3.790547902659139989 -1.548324137381145194e-05 3.002691181723603803e-05 0.9999999994293267136 0.4946546527671433213
0.9118876601446652685 0.4104398801914920791 5.149130644050315615e-06 97.87068063989148925 -0.4104398798303994789 0.9118876597481664348 -3.234272803946372694e-05 -4.537825318891472115 -1.797017411432411994e-05 2.737952603182680438e-05 0.999999999463716982 0.4946308210832672247
0.8819101909986467591 0.4714174529757440557 6.695158961656547488e-06 99.51016219204569779 -0.4714174526156902911 0.8819101907377739913 -2.905906082314820539e-05 -5.394941590161007383 -1.960347735601000434e-05 2.247126709822268854e-05 0.999999999555372665 0.4945969514389967903
0.8462662741595367022 0.5327601648207350715 1.597391900274998348e-06 100.9982890294221676 -0.5327601643406447707 0.8462662735169323991 -4.002157207011913554e-05 -6.337038659234107918 -2.267371822325345851e-05 3.30178799104801775e-05 0.9999999991978608671 0.4945387888483190331
0.8086378864487326901 0.5883066960225742381 -4.118412565946151026e-06 102.4462156876673049 -0.5883066954552835792 0.8086378853180451465 -5.013059756581284785e-05 -7.402419797333636531 -2.616186179538671012e-05 4.296039014922419533e-05 0.9999999987349807995 0.4944806477198096517
0.7704101101267760709 0.6375486351023006426 -9.791572845271096336e-06 103.850716035954818 -0.6375486344212095702 0.7704101083739661737 -6.054004512669529478e-05 -8.585374596958120108 -3.105369644267937389e-05 5.288326672947571378e-05 0.9999999981195137888 0.4944165791613409633
0.7279507827578364232 0.6856293879228209098 -1.735118610179579198e-05 105.1804229666647217 -0.6856293871734399081 0.7279507801505715747 -7.158617097886193006e-05 -9.868623347529618783 -3.645077313263550637e-05 6.400769229240542131e-05 0.9999999972871779219 0.4943444568168200437
0.68238114213347556 0.7309965640272462206 -1.559507069635194938e-05 106.4338037333728408 -0.7309965631302310918 0.6823811398348151869 -6.849643127547250417e-05 -11.23694086701325467 -3.942887379291764265e-05 5.814061608663031577e-05 0.9999999975325161161 0.4942850362512015705
0.636114912331072313 0.7715943351897082136 -1.467709329876014313e-05 107.634236038504568 -0.7715943341802848909 0.6361149102306344894 -6.667373673749978644e-05 -12.72057532016549608 -4.210875968639731648e-05 5.373692023111843367e-05 0.9999999976695976844 0.4942185925508342237
0.5890208155420129099 0.8081178619818829567 -2.506953322522708021e-06 108.7716299704556064 -0.8081178610122800032 0.5890208146773500131 -5.091169438126264777e-05 -14.27984556235480973 -3.966600192487061856e-05 3.20139615017317285e-05 0.9999999987008570956 0.4941672126191183345
0.5404408612915272414 0.8413820032122575343 1.091940285054262622e-05 109.8625357030275609 -0.8413820024961689015 0.5404408613018419905 -3.623662185083603243e-05 -15.95487226415782622 -3.639013296395053463e-05 1.039636208690927378e-05 0.9999999992838367602 0.4941062321682078706
0.4958485478499959354 0.8684090151134614688 8.182340007414693313e-06 110.864496909701856 -0.8684090142110001409 0.4958485477293180788 -4.18812320612234489e-05 -17.71496576045968396 -4.04272408957294686e-05 1.36611302799481151e-05 0.9999999990895056534 0.494000190688552332
0.4630051147724302818 0.8863556078864316401 -8.066936360827806546e-06 111.78390929024917 -0.8863556067799985838 0.4630051136938776457 -5.500193101289631802e-05 -19.53916305427229361 -4.501623721095694258e-05 3.261634965428852873e-05 0.9999999984548557652 0.4938857536609859156
0.4397336450669414032 0.898128231821720413 -2.455938909405369543e-05 112.6373719308905095 -0.8981282307989585378 0.4397336427333207176 -6.702722753361974679e-05 -21.3959712254515253 -4.939945571904882747e-05 5.153160775863556452e-05 0.9999999974520932255 0.4937691463350232235
0.4270203604762325966 0.9042420092341311166 -2.184496385992251919e-05 113.49785919643098 -0.9042420080990013487 0.4270203583471168796 -6.594253626823865064e-05 -23.2963021980225875 -5.029976719364276231e-05 4.791193959552676561e-05 0.9999999975871896041 0.4936800546937648027
0.4213381544777565768 0.9069036109022433623 -1.076953264107657612e-05 114.3808351657075519 -0.9069036097258665885 0.4213381532507428084 -5.730339457523633194e-05 -25.24051033997679738 -4.743104046287308345e-05 3.391103454289365912e-05 0.9999999983001688353 0.493594258558629706
0.4204482271819002803 0.9073165314204368892 -8.545018315930491928e-06 115.2497644533580257 -0.9073165303058725595 0.420448226152957405 -5.44130211018661132e-05 -27.19196217082819089 -4.577709577687470461e-05 3.063089462770112663e-05 0.9999999984831027255 0.4934960579662445723
0.4281880012892472775 0.9036896786951585936 -1.31906403611896394e-05 116.1168174875837309 -0.9036896776585946478 0.4281879999760118127 -5.632122710926002596e-05 -29.11875448535822031 -4.524883771542361817e-05 3.603631920218574588e-05 0.9999999983269629578 0.4933912975111793275
0.4344354394938983455 0.9007029746883612464 -1.736413249097129037e-05 117.0345714720644565 -0.9007029736742870885 0.4344354378558958341 -5.959433588280662014e-05 -31.12830795743417411 -4.613320110251838656e-05 4.152981727048623948e-05 0.9999999980735008176 0.4932879257748935542
0.4418910959715565689 0.8970687035682536337 -1.953617146682282038e-05 117.9838728611360921 -0.8970687025935112358 0.4418910941612877452 -6.107673072476073903e-05 -33.16650692642534892 -4.615716346425158701e-05 4.451455146971130086e-05 0.9999999979439853082 0.4931820776230420034
0.4505847071361515077 0.8927336786553692338 -2.63004412953988426e-05 118.9158749708484919 -0.8927336779037730041 0.4505847048775373787 -6.378916418314952005e-05 -35.14783481629688566 -4.509615862033809969e-05 5.222171155005800384e-05 0.9999999976196144447 0.4930738150354570526
0.4622647511035143375 0.8867419575837660606 -2.345099130917183518e-05 119.8840553573633656 -0.886741956811322285 0.4622647490707453843 -6.163781812710377578e-05 -37.11175352205584943 -4.381627289422560407e-05 4.928796857774965929e-05 0.9999999978254150435 0.4929801569456057631
0.4748470224765662939 0.8800683521180959756 -2.911204138347758596e-05 120.8597392899225582 -0.8800683515314805527 0.4748470200107006156 -6.497578271220682308e-05 -39.06519623090535731 -4.335936392174280063e-05 5.647414322404913165e-05 0.9999999974653179802 0.492875300234613567
0.4908574351515760936 0.8712399079634455257 -3.362284704157294076e-05 121.8801608133382501 -0.8712399075504584367 0.4908574322825665637 -6.831300674586564725e-05 -41.0314172720267365 -4.301299334511825214e-05 6.282551342685114648e-05 0.9999999971014185141 0.4927635790303758756
0.507195896208067154 0.8618307966292927391 -2.921038715063500288e-05 122.9236535235790768 -0.8618307961711183518 0.50719589376169949 -6.422273284022973967e-05 -42.93197759965418925 -4.05337405874138564e-05 5.774791775432997826e-05 0.9999999975110965833 0.4926795002237234766
0.5256159069147001706 0.8507219976619310176 -3.308418505412462921e-05 123.9617883255616704 -0.8507219974261719386 0.525615904206161888 -6.590141011432539854e-05 -44.77785658747473008 -3.867420541904939481e-05 6.278427343666076552e-05 0.9999999972812202431 0.4925761636426660428
0.5470026106773780983 0.837130899457234845 -3.298918295276720604e-05 125.057079957377411 -0.8371308992774818547 0.5470026079558764076 -6.608007745006471713e-05 -46.60682517480013587 -3.727250556247922817e-05 6.376223927062814897e-05 0.9999999972725683861 0.4924899639341945856
0.5681992589801685423 0.8228910021455689838 -2.61625921836892495e-05 126.2050702189405769 -0.8228910017805266541 0.5681992567686240392 -6.163162503290211018e-05 -48.3838797164747092 -3.585054425327190982e-05 5.654800536465000977e-05 0.9999999977585305455 0.4924246770520391281
0.5924787702208911266 0.8055860636946975406 -2.86470915203251271e-05 127.3612384568237132 -0.8055860635059195474 0.5924787678523727452 -6.270090339412306448e-05 -50.09306340881923347 -3.353818046885672646e-05 6.022665182344146337e-05 0.9999999976239701827 0.4923424096465006672
0.6160351266526873371 0.7877186820043519111 -2.745117174452213298e-05 128.5989655526298634 -0.7877186818218164799 0.6160351243343017424 -6.243039140543117486e-05 -51.78817024173177685 -3.226669963614309998e-05 6.008311489748091404e-05 0.9999999976744394781 0.4922711615316872069
0.6387776420385876675 0.769391397920286213 -2.898485954103085548e-05 129.8478183086832871 -0.7693913978786556251 0.6387776396251343414 -6.314667655307369069e-05 -53.40814336190136657 -3.006962958470379101e-05 6.26373867507360138e-05 0.9999999975861872947 0.4921995912014518471
0.6611034442759418095 0.7502947656133203136 -2.572881858041275164e-05 131.1401839382017158 -0.7502947655264676774 0.6611034421355372892 -6.0186044262971153e-05 -54.96798599307158639 -2.814786344788722843e-05 5.909339906365834407e-05 0.9999999978578337778 0.4921431077909441121
0.6805102315035532756 0.7327385784673290381 -2.11397920245970425e-05 132.5021281628452243 -0.7327385782543114345 0.6805102296545201268 -5.723316431847199541e-05 -56.51068460246138159 -2.755110273839691279e-05 5.443769505273935642e-05 0.9999999981387368564 0.4920831377126105299
0.6989595356900297762 0.7151612174443034986 -2.310394344997461342e-05 133.8362272491175702 -0.7151612173674157802 0.6989595337392467966 -5.805861624221703729e-05 -57.95637562659208442 -2.537254913358336937e-05 5.710366777513744445e-05 0.9999999980477021211 0.4920172656352407858
0.7113198989996861732 0.7028684090884864677 -2.81909360902699477e-05 135.209378988389858 -0.7028684092067570832 0.7113198965445353128 -6.41970944488716791e-05 -59.40223705914202412 -2.506933590015731524e-05 6.547918914326212952e-05 0.9999999975420018616 0.4919516065264479265
0.7204107063171585335 0.6935477008503388996 -2.951362794771271179e-05 136.557900869104202 -0.693547701063987776 0.7204107037635680832 -6.522247022708691649e-05 -60.78944556915242714 -2.397296078934797365e-05 6.745607465723955042e-05 0.9999999974374872425 0.4918997899517450478
0.7301990594653839928 0.6832344640561416327 -2.615373901160496464e-05 137.9190275770661174 -0.6832344641761839421 0.730199057246130212 -6.132681242728090139e-05 -62.13636099700183735 -2.280315625128952377e-05 6.264991661420823033e-05 0.9999999977775018145 0.491859926316277285
0.7390003856534006488 0.6737050018861250322 -2.09755556586937787e-05 139.27969027639503 -0.6737050018880942348 0.7390003839727614654 -5.404911295885676998e-05 -63.4306747008741425 -2.091221406207326226e-05 5.407365208546349565e-05 0.9999999983193594844 0.4918303189865212421
0.7466727840363237556 0.6651915162035979545 -1.877328954518139463e-05 140.6408023425272233 -0.6651915161617357741 0.7466727825374787075 -5.144339386367703318e-05 -64.69592987616935886 -2.020220482075584605e-05 5.089921505237135241e-05 0.9999999985005701975 0.4917987078702623638
0.7537256924711539519 0.6571891509614469218 -1.922718794712911992e-05 141.9601828666687311 -0.657189150973808478 0.7537256910032427148 -5.065808627160133518e-05 -65.89409218251263667 -1.879991918466629254e-05 5.081820047691381086e-05 0.9999999985320365825 0.4917589334420290337
0.7612865134037730686 0.6484156414744469688 -2.007587909617705182e-05 143.2643750018543756 -0.6484156415431442388 0.7612865119085948651 -5.089666197389054768e-05 -67.05273616890539756 -1.771869575208103153e-05 5.176445636168378858e-05 0.9999999985032441696 0.4917166288369569371
0.7675961380578119053 0.6409338252724814389 -2.150695923591721949e-05 144.5466056335717155 -0.6409338254002956425 0.7675961364417355215 -5.272282767567502087e-05 -68.17421459523113469 -1.728318480525228517e-05 5.425437656714032325e-05 0.9999999983788768754 0.4916741229446882633
0.7755582888061657298 0.6312759620623845658 -1.971027906685841375e-05 145.7903818524757469 -0.6312759621674035593 0.7755582873879077743 -4.955589631067097684e-05 -69.22318455217033772 -1.599697584235217315e-05 5.087611152547885993e-05 0.9999999985778588174 0.4916499829198782145
0.7871428377077537286 0.6167707454608465367 -2.431643575854339719e-05 146.9996833954506315 -0.616770745740419235 0.7871428358376014733 -5.648520495772004505e-05 -70.23710275024744476 -1.569791376883899212e-05 5.945959073546965674e-05 0.999999998109066035 0.4915980173258198693
0.8059468479833944432 0.5919879031953229065 -2.642477678259322427e-05 148.1610623252522885 -0.5919879036244872772 0.8059468459220674452 -5.926878202930662326e-05 -71.15843935501972339 -1.378943649634416716e-05 6.341063627160693956e-05 0.9999999978944711376 0.4915651153113083649
0.8333917546148895683 0.552682714335109293 -2.484601034930803196e-05 149.3504166655565655 -0.5526827147763510029 0.8333917526700127532 -5.80627228203157552e-05 -72.01263069286208918 -1.138380313815210458e-05 6.212095490015782831e-05 0.9999999980056978321 0.4915444156503773754
0.8671865721872172861 0.4979833817909272708 -2.19200403884992435e-05 150.5625897477739841 -0.4979833822192578641 0.8671865706040404742 -5.291223570182612343e-05 -72.76562640709909147 -7.340649420909299806e-06 5.680059615607629866e-05 0.9999999983599033859 0.4915364604837110241
0.9033052406024122405 0.4289984170388672635 -2.192251974306092443e-05 151.7016170469644578 -0.4289984175960536716 0.9033052392271925246 -4.987002150483186631e-05 -73.35761489862865403 -1.591433342298633486e-06 5.445257805376101941e-05 0.9999999985161918126 0.491527966985531084
0.9385183264070900977 0.345229417300686181 -2.074839584380248463e-05 152.8330795821188133 -0.3452294179009697817 0.9385183253459015162 -4.480976171084701621e-05 -73.80904522048135163 4.003101796121054563e-06 4.921773918709948287e-05 0.9999999987807944857 0.4915288192286368374
