0.9999727208254474142 0.007386311999347235611 0 -0 -0.007386311999347235611 0.9999727208254474142 -0 0 -0 0 1 0.4949999999999998845
0.9999873894721247325 0.005022036321194581036 7.081401061009535909e-06 0.006922643217405960447 -0.005022036374990309325 0.9999873894680509911 7.599559699592629643e-06 0.001199423217467297234 -7.043146495939012418e-06 -7.635026918847265227e-06 0.9999999999460500444 0.495025046129313584
0.9999797593161160458 0.006362464393075586803 2.676165831741037923e-06 0.02139103996441661312 -0.006362464430365755153 0.9999797592191418394 1.416445474693283361e-05 0.006393571239033565314 -2.585990825081377802e-06 -1.418119505859591513e-05 0.9999999998961029979 0.4950389677775687836
0.9999938624617198402 0.003503575264519221289 1.22031002300295067e-06 0.01076802729880478246 -0.003503575267092616345 0.9999938624602229265 2.11310740031710107e-06 0.006815243009159285652 -1.212899102482631525e-06 -2.117369879054314239e-06 0.9999999999970226039 0.4950117539550031309
0.9999986443420945115 0.001646606599864050254 1.706189156446109929e-06 0.02366743329466629644 -0.001646606594571253454 0.9999986443387571811 -3.098878311056020092e-06 0.004293584859532701553 -1.711289476910742926e-06 3.096064687720558864e-06 0.999999999993742672 0.4950063326459791524
0.9999963737239767614 0.002693054080303986832 9.21871617629721746e-07 0.03147610119927620603 -0.002693054082307884314 0.9999963737220212145 2.179455514352035616e-06 0.009024828438698102515 -9.15998883101246134e-07 -2.181930261167965996e-06 0.9999999999971997955 0.495017218016312821
0.9999997480521365389 0.0007098568565393649629 1.067308771875663172e-06 0.03353604927886185555 -0.0007098568611083653059 0.9999997480435153241 4.286613931471189599e-06 0.01370587672320880065 -1.064265620669763914e-06 -4.287370487922590836e-06 0.9999999999902426939 0.4950178323514979883
0.9999955996970093519 0.002966578457549983242 1.051903248878430095e-06 0.02152973179058594727 -0.002966578457526379293 0.999995599697562465 -2.39784027270069365e-08 0.01140736145562271098 -1.051969753998977231e-06 2.085774369722122231e-08 0.9999999999994462208 0.4950047519345512903
0.9999846464724512218 0.005541373522937253007 1.038510854138665303e-06 0.026593828955740903 -0.005541373521366454828 0.9999846464718601391 -1.509349798756089886e-06 0.01088764891760569953 -1.046858780344684454e-06 1.503571848363624087e-06 0.9999999999983214538 0.4949997266597930268
0.9999352114761378418 0.01138300717659506724 1.483055400102626018e-07 0.01329340451399612169 -0.01138300717596144214 0.9999352114691716364 -3.737334685804506093e-06 0.006662991618729537276 -1.908380390619711411e-07 3.735404386380866968e-06 0.9999999999930049288 0.4949931482998446985
0.9999213830523246971 0.0125390476531509823 -9.543408685131536624e-07 0.005774368045630718163 -0.01253904765358506389 0.9999213830526733071 -4.502564411337522895e-07 0.007472804298004816562 9.486200541758569746e-07 4.621875689747109388e-07 0.9999999999994430011 0.4950013492288259376
0.9999488218406406004 0.01011700062671865886 -2.570433766607111048e-07 0.01627534670011311635 -0.01011700062718677746 0.9999488218388822292 -1.890363081912291701e-06 0.002428467764400566407 2.3790541716891972e-07 1.89286684461213178e-06 0.9999999999981800114 0.4949951313507716111
0.9999832656568263811 0.005785188717875102381 -2.002465401199349208e-07 0.02154256592149758967 -0.005785188717244458406 0.9999832656522950058 3.018262827086477737e-06 0.007161796525752339888 2.177044091794229689e-07 -3.0170538544159821e-06 0.9999999999954247709 0.495009369229440499
0.9999506126931152483 0.009938419007935983887 -2.125715362036248632e-06 -0.0008234147680864835903 -0.009938418995439917206 0.999950612678617401 5.810440425657128043e-06 0.01591021112513690827 2.183356970219436277e-06 -5.789027213719691184e-06 0.9999999999808598661 0.4950085022467121676
0.9999872015232803557 0.005059327203796764802 3.402443238747545287e-07 0.02178349090051454745 -0.005059327203001505978 0.9999872015206998643 -2.29885302328307341e-06 0.01262804006387206399 -3.518706189031397268e-07 2.297102194102712605e-06 0.9999999999972994935 0.4949909207062299088
0.9999993808422206198 0.001112795657356344461 1.798059055443297666e-06 0.03294873262914930351 -0.001112795650178882278 0.9999993808358935699 -3.98785261874746871e-06 0.009978388882852958636 -1.80249560722602963e-06 3.985849277341816703e-06 0.9999999999904317649 0.4949927329283652644
0.9999659642026346162 0.008250481011888884456 -1.265081466578021497e-06 -0.006565489976217839946 -0.008250481004481939606 0.9999659641869502735 5.752410226540487287e-06 0.02129786734999002812 1.312498559847663875e-06 -5.741776908062699398e-06 0.9999999999826544306 0.4950157608119483132
0.9999763930768656994 0.006871192802753930962 -8.257599722326853057e-07 -0.01504488136941806338 -0.006871192803141077006 0.9999763930770949605 -4.669437186561994533e-07 0.0204714000395813181 8.225320182617149253e-07 4.726066515301328508e-07 0.9999999999995498046 0.4949917580152019547
0.9999758724162621792 0.006946552185747713153 -5.466930304269737578e-07 -0.003121614952650210873 -0.006946552186280063358 0.9999758724159295564 -9.780070045876303697e-07 0.02176850006642442117 5.398860633493195222e-07 9.817810393075815962e-07 0.9999999999993720579 0.494997402605934167
0.9999961404156365585 0.002778336916996572165 1.965181655516074987e-07 0.01160941507401362129 -0.002778336916954883724 0.9999961404156335609 -2.119854916446398604e-07 0.02311357957885144115 -1.971063741904737001e-07 2.11438679794545272e-07 0.9999999999999580336 0.4949995603667395327
0.9999949271925812067 0.003185214426044807087 6.299206943515672664e-07 0.01468207782051933821 -0.003185214425343680864 0.999994927192164873 -1.1108936711880727e-06 0.01980553875174367526 -6.334559334322265926e-07 1.108881603355932091e-06 0.9999999999991843191 0.4949984976576304874
0.9999731909861707679 0.007322384036361447197 -1.786525997844152964e-06 -0.02158537012029993277 -0.007322384037358613089 0.9999731909876068414 -5.522698035395040119e-07 0.01652723261785441627 1.782434171253715428e-06 5.653366271784425239e-07 0.9999999999982513987 0.4949976172108310202
0.9999970707632368505 0.002420427037579926319 3.661849949647436579e-07 0.02026295627758898169 -0.002420427037603221053 0.9999970707633017986 6.324437227078983551e-08 0.01543752944547616829 -3.660308439335988046e-07 -6.413051107562935498e-08 0.9999999999999307221 0.4950012625436697178
0.9999863234236630039 0.005230006482408669152 2.271269174043467246e-07 0.005485968458360596794 -0.005230006480514149889 0.9999863233943196983 -7.665345439963053894e-06 0.001147912350009880301 -2.672136174198965328e-07 7.664052729031075066e-06 0.9999999999705951881 0.4949806178626061093
0.9999876929959267136 0.004961235607788779846 4.009190512337508828e-07 0.01818342965528581961 -0.004961235602736298843 0.9999876929270092862 -1.174920872023971579e-05 -0.01776604852140193161 -4.592047097594996275e-07 1.17470750688093615e-05 0.9999999999308974985 0.4949741016434525132
0.999949344649151417 0.01006519432890738697 -1.042263340910574351e-06 0.0196677094943046131 -0.01006519432326927546 0.9999493446358096449 5.280351894163825138e-06 -0.0118130717686565842 1.095358312621207717e-06 -5.269593833023743485e-06 0.9999999999855155863 0.4950204583875357778
0.9999821570505744717 0.005973741096987974369 -1.36982796158370575e-07 0.01920791450389536595 -0.005973741094376480883 0.9999821569456461834 1.448802391233113435e-05 0.00415274580280841632 2.235280558259875162e-07 -1.44869471034945652e-05 0.9999999998950389601 0.4950319234505684562
0.9999860289533971658 0.005286009620799513725 1.592716786323989386e-06 0.02251302020229570267 -0.005286009633467472421 0.9999860289221379483 8.057327232256155069e-06 0.01088021457906675725 -1.550103425086133325e-06 -8.065633779237793639e-06 0.9999999999662710914 0.4950114305107542467
0.9999507854415824459 0.009921022910258875047 1.187092451490067079e-06 0.003099687068863771298 -0.009921022911232877176 0.9999507854419431574 8.174578578205618152e-07 0.01664874355312017523 -1.178924011124096907e-06 -8.291947984020332991e-07 0.9999999999989610533 0.4949979981934008455
0.9999419415901632524 0.01077559516301545769 9.906343390481425343e-08 -0.01867370368667309322 -0.01077559516225502778 0.9999419415731871652 -5.828937665801856388e-06 0.01195534850462311866 -1.618679549546588023e-07 5.827531779490808033e-06 0.9999999999830065933 0.4949841561602724149
0.9999799528431100315 0.006331975526456151346 2.374310558669285779e-07 0.005309248821613580041 -0.006331975527027744466 0.999979952840035935 2.489432537220135409e-06 0.02278765194602944133 -2.216632701480199251e-07 -2.49088603881061065e-06 0.9999999999968729458 0.4950096960378193578
0.9999830782108299898 0.005817498718950688853 1.697273253776440267e-06 0.03557622560994761624 -0.005817498729357994947 0.9999830781930348911 6.192682586013497635e-06 0.0321296444604629583 -1.661218609834655604e-06 -6.202451679741711241e-06 0.9999999999793847127 0.4950166742783875806
0.9999895705072177066 0.004567151766814220824 1.939454328938757876e-06 0.0284738405240028622 -0.004567151751693662373 0.9999895704792874929 -7.730430794168716502e-06 0.0148116705381101197 -1.974740152019196184e-06 7.721492387460880064e-06 0.9999999999682392948 0.4949795503706198585
0.9999858292519062664 0.005323654433853363538 1.038720537196477937e-06 0.01630218048482106122 -0.005323654427660139653 0.9999858292352107325 -5.876684853124098797e-06 0.008454580528903944681 -1.069991257106680698e-06 5.871071786916486614e-06 0.9999999999821925778 0.4949907126879248276
0.9999957477671475026 0.002916238858971594624 8.794457224377079248e-07 0.02136103991951119815 -0.002916238862155617548 0.9999957477608956147 3.641229225229478586e-06 0.01329702468649027886 -8.688232886632004698e-07 -3.643778415667868858e-06 0.9999999999929838346 0.4950131128886966492
0.9999568264500284798 0.009292213810818997569 -8.450734843633948377e-07 -0.01344516320604571304 -0.009292213809509907579 0.9999568264492117997 1.540010726081677081e-06 0.0105946884171535579 8.593471084781702887e-07 -1.532091634850148812e-06 0.999999999998456901 0.49500146858339239
0.9999858045322023159 0.005328295763757930417 7.555075855798376693e-07 0.01758667495652283322 -0.005328295765706621626 0.9999858045290940245 2.601226658750680944e-06 0.01380775514246867022 -7.416367558074197014e-07 -2.605215300990636877e-06 0.999999999996331157 0.4950072178415171331
0.999977374362378657 0.00672686869157961085 1.778252277986424057e-06 0.03935734679382887902 -0.006726868706251915887 0.9999773743287652117 8.377949554565822083e-06 0.02636843601284429711 -1.721854677275664545e-06 -8.389722067716025763e-06 0.9999999999633236714 0.4950206103051163486
0.9999856115122700562 0.005364397772292524985 2.684108323646618251e-06 0.0291751875708892508 -0.005364397764383353404 0.9999856115115776101 -2.945231560610362106e-06 0.01782208924871669237 -2.699869097007844162e-06 2.930790558491328886e-06 0.9999999999920603511 0.4949934817183260227
0.9999695314625316467 0.007806160589080399399 2.386430637211545417e-06 0.03942483664786225472 -0.007806160587531689454 0.9999695314651750877 -6.575830653693948175e-07 0.01907706772828960881 -2.391491125175377524e-06 6.389341689905171485e-07 0.9999999999969360065 0.4950035658720404186
0.999955234801384929 0.009461944406098500224 1.896251252539434142e-06 0.0261570686557128472 -0.009461944397261638426 0.9999552347926113915 -4.616176785577197808e-06 0.008579448578904908321 -1.939844374572728391e-06 4.598027917591774706e-06 0.9999999999875472945 0.4949943708737813974
0.9999528604222930328 0.009709631048911829265 6.32996461473177053e-07 0.0199635954616179008 -0.009709631048487155081 0.9999528604222727157 -6.705173601972064791e-07 0.005773829803780854662 -6.39477098466685416e-07 6.643395901960994299e-07 0.9999999999995746736 0.4950050411831246056
0.9999519877927984801 0.009799087253506724021 -6.794360124002372427e-07 0.01226886015138474798 -0.009799087248960261856 0.9999519877725944195 6.399779757529587295e-06 0.01008786566364866348 7.421153914111110282e-07 -6.392814637212237301e-06 0.9999999999792903438 0.4950196881818943462
0.9999871224253464863 0.00507493701483976295 5.559238674989554939e-08 0.005371648058149219515 -0.005074937015102282123 0.9999871224016219085 6.888325955298130185e-06 0.01731625948640713036 -2.063385049247375657e-08 -6.88851937822768074e-06 0.9999999999762737568 0.4950181248007608503
0.9999675281143225458 0.008058704450929963375 1.317797374301314724e-06 0.009094468827764479874 -0.008058704445211863771 0.9999675281060417253 -4.288337722228202878e-06 0.006660011607807178255 -1.352313029213869354e-06 4.277578732257790095e-06 0.9999999999899366054 0.4949920022354845628
0.9999518651816142745 0.009811591208507896428 -1.975215312150345465e-08 -0.01442471765955273023 -0.009811591208249864984 0.9999518651361147814 -9.539390744678859614e-06 -0.006277383565849494092 -7.384540001063271752e-08 9.539125367889766689e-06 0.9999999999544996188 0.494980742994945766
0.9999637570849165824 0.0085137840319642593 -5.547655728651739729e-07 -0.00725988307944248467 -0.008513784032033783547 0.9999637570850622437 -1.231204133903083841e-07 -0.003629877333718298325 5.536972459341776559e-07 1.27839105423390922e-07 0.9999999999998383515 0.495004380024045787
0.9999812554815801224 0.006122800642206200836 1.039091748246516138e-07 0.01006573729507469726 -0.006122800642930154719 0.9999812554336342529 9.792459325985491064e-06 0.01212497862817748379 -4.394995084301135766e-08 -9.792911986213702116e-06 0.9999999999520482463 0.4950260326616254258
0.9999755151264273501 0.006997795759181800121 2.093261355175538297e-06 0.04640473333310334014 -0.006997795772831682561 0.9999755151068330239 6.586223097888444357e-06 0.01854703850034116613 -2.047121057831581266e-06 -6.600710050511213182e-06 0.9999999999761197689 0.4950145906417688368
0.9999772095321669552 0.006751326892399954482 1.919731989196727969e-06 0.02293345070335066349 -0.006751326887024200821 0.999977209530145128 -2.793077735486186545e-06 0.0133325836741563248 -1.938545218431031425e-06 2.780053341743230236e-06 0.9999999999942564832 0.4949933213398374221
0.9999964749709711054 0.002655192261809115849 1.384696389171309219e-06 0.01917387017866637594 -0.002655192256386721978 0.9999964749643267536 -3.903174239224351501e-06 0.009319675291555924723 -1.395055186103662705e-06 3.899483845291865795e-06 0.9999999999914237492 0.4949966026216436887
0.9999781750674950898 0.00660676856827343683 1.193029402696048733e-08 -0.0005923825658395277067 -0.00660676856827926897 0.9999781750673236713 5.854995320667063244e-07 0.01031852872049192175 -8.06177374384054135e-09 -5.855655742705259191e-07 0.9999999999998282485 0.4950071431040086178
0.999984868962465856 0.005501076958428436151 8.063885105402885992e-07 0.006379660334549007959 -0.005501076961316822729 0.9999848689562061965 3.624554430262887333e-06 0.01512601903254661914 -7.864373561793184473e-07 -3.628935592251008936e-06 0.9999999999931059591 0.495012585457249521
0.9999759944649286858 0.006928960578746104493 1.186482860326033218e-06 0.01605226653702814671 -0.006928960580025411015 0.9999759944650431498 1.077558228648248661e-06 0.0149085016942474835 -1.17898801968253969e-06 -1.085753454254590973e-06 0.9999999999987153609 0.4950039982149468387
0.9999546746832265187 0.00952095483308904901 6.793383869215722854e-07 0.01359734243894593353 -0.009520954830856557041 0.9999546746783033457 -3.217095632069251203e-06 0.009174203645327080534 -7.099374178973829847e-07 3.210481866093872935e-06 0.9999999999945942131 0.4949953465557851429
0.9999366847951289827 0.0112528397591992995 -7.164095009106978298e-07 -0.003363471428919509974 -0.01125283976515001338 0.9999366847554523874 -8.929017124083081486e-06 -0.006305857767166405704 6.158873423632423877e-07 8.936513422854572064e-06 0.9999999999598795375 0.4949846911868739374
0.9999322404997403879 0.01164106570473221955 -8.122856913259897512e-07 0.003195855280318011908 -0.01164106570083788678 0.9999322404893282723 4.644720267922100937e-06 0.001827918722720258196 8.663001450640779017e-07 -4.634949672897311192e-06 0.9999999999888831148 0.4950170355187166193
0.9999265131028908238 0.01212305225798985739 2.774905728507678222e-07 0.004769602448755234751 -0.01212305225919059655 0.9999265130912158295 4.836955231725184228e-06 0.003865925427848526229 -2.188315198826608066e-07 -4.839963811609848843e-06 0.9999999999882631663 0.4950104140742196401
0.999930418552805178 0.01179652722539914662 6.817944024883392693e-07 0.01335219087977559428 -0.01179652722836047919 0.999930418542803845 4.51621303275935562e-06 0.008765149637305172034 -6.284713322436594861e-07 -4.523941594353794553e-06 0.9999999999895692326 0.495011252380781086
0.9999460602474564697 0.01038636592343189675 8.527252046415352961e-07 0.009558673293317020148 -0.01038636592351175475 0.9999460602478152937 8.930112539637011673e-08 0.00769530584643580897 -8.517516946895713664e-07 -9.81530245233998295e-08 0.9999999999996321831 0.4950007311729555104
0.9999834685245623245 0.005750015613231633689 5.156528472233251527e-07 0.009478168972430667596 -0.005750015607206076899 0.9999834684641083493 -1.101094525970162605e-05 -0.01011983740941716468 -5.78957429849171211e-07 1.10077982206111044e-05 0.9999999999392463756 0.4949719903855654968
0.9999725856557502013 0.007404589025625774555 -7.400272453012352522e-07 0.001962426239048710701 -0.007404589035298636025 0.9999725855571466315 -1.40572370648729467e-05 -0.02913542882858405347 6.359188946160472255e-07 1.40623312925609421e-05 0.9999999999009230311 0.494970434766132783
0.999951481406523679 0.009850626090738843002 -8.670069146290728493e-07 0.008625736838637590095 -0.009850626084867314045 0.9999514813856085205 6.534197314727200069e-06 -0.01874018861993930959 9.313307832056175097e-07 -6.525339723734957159e-06 0.999999999978276044 0.4950255679841119583
0.9999856697971279962 0.005353522433630096555 4.175352621732125571e-07 0.01462490614705140232 -0.005353522439440587533 0.9999856696779155785 1.544452912381810421e-05 -8.130712810575328601e-05 -3.348466456174235605e-07 -1.544654308497779731e-05 0.9999999998806459178 0.4950333021219982532
0.9999862858098530483 0.005237193111824493472 1.660380708096316245e-06 0.01280914592716585892 -0.005237193121869442719 0.9999862857925474469 6.104302511770132994e-06 0.00510605636568223567 -1.628388526223630924e-06 -6.11291453062891893e-06 0.9999999999799901174 0.4950093650726206107
0.9999724008745161097 0.007429501248397319887 1.639795228158430743e-06 0.01371502339689356989 -0.007429501245456222001 0.9999724008742758574 -1.7924255610385822e-06 0.006866505369874790696 -1.653066799183447485e-06 1.780193230974156418e-06 0.9999999999970489162 0.4949933997318151091
0.9999571782468367198 0.009254278724730254438 3.763412071900963002e-07 0.001044003941134456119 -0.009254278724434950726 0.9999571782466067926 -7.78924870805829956e-07 0.01183667857049823177 -3.835334794597824683e-07 7.754087494504570923e-07 0.9999999999996256328 0.4949994087011687638
0.9999858157477502507 0.005326190521415160792 2.617991633933949327e-07 0.007005675934796049865 -0.00532619052167833916 0.9999858157472678588 1.01515503770285914e-06 0.01886376176871180227 -2.563885408283654324e-07 -1.01653503071036878e-06 0.9999999999994502176 0.4950050145099314514
0.9999490235076242683 0.01009704848940123044 4.287739456959786079e-07 0.02053460610434970288 -0.01009704848722197713 0.9999490234961588842 -4.812217355513786278e-06 0.01311259249962864158 -4.773412802793141924e-07 4.807642694232716804e-06 0.9999999999883291135 0.494991273803312648
0.9999387293213571892 0.01106967049701257193 -7.139940681967949128e-07 -0.005527979208520192138 -0.01106967050622707435 0.9999387292157716489 -1.454179610332287561e-05 -0.009566854159785007777 5.529774299221080285e-07 1.45488087966852688e-05 0.999999999894013003 0.4949663255930885075
0.9999381435397316498 0.01112245902604694706 -1.327173098476401194e-06 0.007713190535518783808 -0.0111224590207175348 0.9999381435328399403 3.957590944256524133e-06 0.001949846486294908943 1.371109147356633829e-06 -3.942584713288297915e-06 0.9999999999912878579 0.4950143019203859795
0.9999403433513051054 0.01092289983001770888 9.98056379667842226e-08 0.01199524945050116018 -0.01092289983027233333 0.9999403433466093061 3.065192238992395135e-06 0.0009446047930900154654 -6.631889611020025011e-08 -3.066099546881819327e-06 0.9999999999952970953 0.4950044728648748116
0.9999637581940422626 0.008513653768353659709 4.383227560194835199e-07 0.01095101473125595533 -0.008513653769279070499 0.99996375819180916 2.154602461626726047e-06 0.003091366612476969221 -4.199633310434750475e-07 -2.15825610312634709e-06 0.9999999999975826004 0.4950029785967244855
0.9999934507779845161 0.003619171209274017406 1.768930637044314202e-06 0.02069278607355563154 -0.003619171216144481673 0.9999934507719334675 3.896332384007378526e-06 0.01109963686565775508 -1.754817557928187139e-06 -3.902708928906492239e-06 0.9999999999908445458 0.4950095364381509322
0.9999994280605938313 0.001069521921894319924 1.891104941039021554e-06 0.02246610017692751357 -0.001069521925794627518 0.9999994280602505503 2.062653772105191098e-06 0.01422123742287511108 -1.888897806014411963e-06 -2.06467517059061896e-06 0.9999999999960843544 0.4950070792930910124
0.9999748765903772041 0.00708845470557890097 4.23307246556276883e-07 0.01890912176590878874 -0.007088454709006748386 0.9999748765522875615 8.735450723173712609e-06 0.03030575944625824372 -3.613757648375255421e-07 -8.738231853112052156e-06 0.9999999999617561475 0.4950238176815495716
0.9999633071986073762 0.008566461248055580457 -5.84438279385866721e-07 0.008695397536626516335 -0.008566461243120280025 0.9999633071669750128 7.980516466091430735e-06 0.04408140739042998302 6.527816197361014322e-07 -7.975217070716362637e-06 0.9999999999679847207 0.495016537564387904
0.9999641183517594678 0.008471246072678365047 -1.094049584891584663e-06 -0.01621023272906632964 -0.008471246084609092286 0.9999641182872239797 -1.140443436548138287e-05 0.03026789505643472447 9.974005586877584436e-07 1.141329311884158258e-05 0.9999999999343707202 0.4949670238645052511
0.9999626039517295339 0.008648161458780898384 -1.921434161616829801e-06 -0.01835687333495501436 -0.008648161490671595064 0.9999626038043383236 -1.72601217412858729e-05 0.01444711975763709327 1.772093987673304841e-06 1.727609315386331769e-05 0.9999999998491979625 0.4949599997991417921
0.9999388017454889921 0.01106312631632523288 -1.461916315683162913e-06 0.004067448390426163171 -0.01106312632457854585 0.9999388017298562747 -5.763514681137202567e-06 0.01087253297049816173 1.398064357989985628e-06 5.779335328975271321e-06 0.9999999999823221408 0.4949946345992048968
0.9999504517521823344 0.009954599061012326874 -6.111034380589824413e-07 0.01367996678381895072 -0.0099545990598159384 0.9999504517505175549 1.930498862669976257e-06 0.008499348854053543484 6.302905011189505098e-07 -1.924319920123979144e-06 0.9999999999979496401 0.4950093321369771204
0.9999855939432104046 0.00536767247299685217 7.071059397612162503e-07 0.02540611517929058927 -0.005367672477480251066 0.9999855939223173396 6.499029649222648784e-06 0.01064138053146095574 -6.72211090588578835e-07 -6.50273153692398807e-06 0.9999999999786310934 0.4950160330443150736
0.9999882729588650543 0.004842926973267475295 2.304465799531793803e-06 0.04200058810641440349 -0.004842926984244550447 0.9999882729500337852 4.781905604440726818e-06 0.01117608195470779289 -2.281280355310902246e-06 -4.793009886441799011e-06 0.9999999999859111588 0.4950099510121172552
0.9999527936570619113 0.009716504054320857647 2.938057009412311593e-06 0.04840142563858378794 -0.009716504072590993052 0.9999527936415466556 6.269466161269349099e-06 0.01707916037481472735 -2.877001021065307026e-06 -6.297717845597282854e-06 0.999999999976030618 0.4950147112415288486
0.9999619258149703427 0.008726220165443943078 2.066974651675287193e-06 0.02111598289815348056 -0.008726220167494105201 0.9999619258166037028 9.849437951905415762e-07 0.01514721824241488379 -2.058301116895927156e-06 -1.002943170149339391e-06 0.9999999999973785414 0.4950030239453060976
0.9999745860662525576 0.007129321314782534336 1.204163988808692284e-06 0.02038447062812156346 -0.007129321315756924175 0.9999745860666450215 8.068572488504284737e-07 0.01777316873536416431 -1.19838104168312951e-06 -8.154216154268241511e-07 0.9999999999989492849 0.4950038398739411427
0.9999688293501163283 0.007895589260888801614 7.835846111075417152e-07 0.01555959080232852815 -0.007895589258304002919 0.99996882934516651 -3.248678999477754606e-06 0.01164827525530682736 -8.092104212824022899e-07 3.242390873803656286e-06 0.9999999999944158002 0.494993146720196231
0.9999564076074540786 0.009337177676121357142 2.690815134772871911e-07 0.009826864740497711151 -0.009337177675926882497 0.9999564076072363639 -7.150718549635976101e-07 0.01113769631938286292 -2.757465365312268757e-07 7.125282213699636035e-07 0.9999999999997079003 0.4950019590069638653
0.9999354408191188925 0.01136284278016012374 2.459362328107419602e-07 0.007377290287623406752 -0.01136284277962825752 0.9999354408170219033 -2.065504424102487089e-06 0.005583951706430410021 -2.693903574012686009e-07 2.062576542081520767e-06 0.9999999999978363974 0.4949982930457338393
0.9999405730892995114 0.01090184807181675611 -8.335989828851010031e-07 -0.00258817640641334501 -0.01090184807920459124 0.99994057304499262 -9.441524980561562225e-06 -0.01318648065394493855 7.306193737317112269e-07 9.450051669370045261e-06 0.9999999999550811536 0.4949812731059475279
0.9999732269737942048 0.007317467818654416201 -1.603821766580224952e-06 -0.003617054755851274121 -0.007317467822610243186 0.9999732269719893152 -2.474682653812190952e-06 -0.0165905323046619535 1.585670416733272357e-06 2.486352313239580039e-06 0.9999999999956515895 0.4949981998866596622
0.9999786748411894077 0.006530686375218404047 -7.482862857940231995e-07 0.009592593666679772105 -0.006530686364995905852 0.9999786747578913726 1.293390711241981782e-05 0.002429164293188988862 8.327376193642620418e-07 -1.292874447175292213e-05 0.9999999999160767983 0.4950336990952909355
0.9999897187244316532 0.004534583250703248108 1.551445400508958198e-06 0.02284637100198950305 -0.004534583267003823581 0.9999897186686397266 1.066967754098766577e-05 0.01423396886592064904 -1.503046908516600692e-06 -1.067660300144551113e-05 0.9999999999418752727 0.4950207928049825679
0.9999476579756775285 0.01023138852593591906 1.463457182485255168e-07 -0.003517913713385333995 -0.01023138852631038861 0.9999476579716503055 2.840363514105671112e-06 0.02037256557616051039 -1.172771955491696998e-07 -2.841712163632090301e-06 0.9999999999959552355 0.4950000346288206954
0.9999765501317785521 0.006848298116028285996 1.301242733114589831e-06 0.02296441170669029364 -0.006848298112865799231 0.9999765501297198655 -2.41945050208893221e-06 0.0222156561144038131 -1.317781337456866561e-06 2.410482468139761682e-06 0.9999999999962262409 0.4949957275505156296
0.9999744035232838169 0.007154879234153370578 1.905215496565781669e-06 0.03153354293435940009 -0.007154879236863633148 0.9999744035240717421 1.419565237282375935e-06 0.03181300287245618363 -1.895009911926012755e-06 -1.433160488211189798e-06 0.999999999997177258 0.4950069586041661585
0.9999791171419559754 0.006462606211330955419 1.784461931905044642e-06 0.02253287848075617023 -0.00646260619534377509 0.9999791171047186511 -8.824046123297434187e-06 0.01740735530914969478 -1.841451002458946377e-06 8.812329577258369115e-06 0.9999999999594757494 0.4949836462455987074
0.9999908477306740373 0.004278370799028877874 6.529574848637067614e-07 0.01391069963676196466 -0.004278370798149251641 0.9999908477299898069 -1.342611797639158128e-06 0.01972386289242188812 -6.586956999299968641e-07 1.339805915458689976e-06 0.9999999999988853361 0.4950054762985901524
0.9999977877734375076 0.002103437214668199551 1.532168422947475525e-06 0.0323206860486343478 -0.002103437214480380606 0.9999977877746040189 -1.241709887298843898e-07 0.01611227467226897941 -1.532426219324256137e-06 1.209478939558448786e-07 0.9999999999988182786 0.4950051352551596007
0.9999885694975112482 0.004781304680375665639 1.45156686606322072e-06 0.02972831011354796701 -0.00478130468005452669 0.9999885694985410911 -2.246105910549917056e-07 0.01319227413556938941 -1.452624205596319772e-06 2.176676401929130822e-07 0.9999999999989210853 0.4950027077476929493
0.9999518050482414377 0.009817717808813077388 1.512503311900865985e-07 0.005359306206302687052 -0.009817717808773661001 0.9999518050482196774 -2.590317258456857626e-07 0.007675988138695495969 -1.537861420755505052e-07 2.575343087540471665e-07 0.9999999999999548139 0.4950041635539408347
0.9999746145580683532 0.007125323969287408396 8.915120870062241774e-08 0.02161082658322092606 -0.007125323969831085479 0.9999746145026540134 1.052739970734038452e-05 0.02433552049243156018 -1.413781208252635576e-08 -1.05277676958907183e-05 0.9999999999445827736 0.4950257161177009091
0.9999761402620258588 0.006907887276692675424 1.505417439445523519e-06 0.01520005094305446405 -0.006907887276137902183 0.9999761402630931162 -3.733922855787721742e-07 0.01727282241419389811 -1.507960872400276164e-06 3.629841225613416602e-07 0.9999999999987969623 0.4949979826766295332
0.9999867211979114323 0.005153390008332527257 1.226756625502492073e-06 0.01496921408159793652 -0.005153390007801067832 0.9999867211985715709 -4.359728878740323303e-07 0.01802360009840339727 -1.228987073969114554e-06 4.29645143340529105e-07 0.9999999999991522337 0.4950028783891456396
0.9999861148760426088 0.00526973018763419402 1.048962017798069574e-06 0.01714810688349965168 -0.005269730187678147576 0.9999861148765917251 3.916350451656644413e-08 0.01783300146488026039 -1.04874107172899618e-06 -4.469070753740130627e-08 0.9999999999994488853 0.4950035722746634059
0.9999853748386197116 0.005408337126335780419 7.911037568865851535e-07 0.005787136536855936458 -0.005408337116804977189 0.9999853747718127073 -1.159054939024699739e-05 -0.001407025690897725431 -8.537777853960102149e-07 1.158610132078003226e-05 0.9999999999325164257 0.4949756896869873524
0.9999679727390585748 0.008003342949359787059 -7.107674352331675678e-08 0.01470915548952768902 -0.008003342949565612 0.9999679727324224388 -3.643262400505742513e-06 -0.007938999648932404743 4.191618868335902713e-08 3.643714568344322978e-06 0.9999999999933605332 0.4950024073234274291
0.999994675314377135 0.003263333362803456754 6.995136229025000576e-07 0.03984555509014248847 -0.003263333372492295027 0.9999946752119339699 1.432868947655193267e-05 0.01036259997971447633 -6.527506077267464305e-07 -1.433089592693521175e-05 0.9999999998970994231 0.4950434046797578813
0.9999444312389318412 0.01054203188679401181 -4.234327639882008258e-07 -8.990054124715775598e-06 -0.01054203187883710063 0.9999444311155586407 1.57187714913313849e-05 0.02343888650461426262 5.891170245851338819e-07 -1.57134341769775807e-05 0.9999999998763702269 0.4950336308940473384
0.9999642883539582305 0.008451154803199304594 -1.219306627637836692e-06 -0.005496170451813298455 -0.008451154787437655663 0.9999642882779584685 1.239948752481262191e-05 0.04057990281810668759 1.324053072651074814e-06 -1.238874016965951678e-05 0.999999999922382754 0.4950219713134108579
0.9999971556503685077 0.002385097777786933902 1.412626124959633417e-06 0.0179385096210699993 -0.002385097767457309594 0.9999971556249684923 -7.26943365651337939e-06 0.03238261978736919899 -1.429960416980978345e-06 7.266043728285565078e-06 0.9999999999725797117 0.494976819389628897
0.9999602771590608841 0.008913142330058458629 1.045351093735002776e-07 0.01912068175436366924 -0.008913142327857394645 0.9999602770692931353 -1.340068305367215168e-05 0.01916381371683631082 -2.239731523099706867e-07 1.339921900416263401e-05 0.9999999999102051618 0.4949706116738133432
0.9999524932444596725 0.009747371731330120928 -8.67545319251822918e-07 -0.01214050537182376037 -0.009747371740294746845 0.9999524931841278219 -1.101072120592035385e-05 0.004839513408317941238 7.601785123118587083e-07 1.101865440900800802e-05 0.9999999999390054573 0.4949800072987312616
0.9999949798201764883 0.003168649021972090325 2.304028186896423441e-07 0.0202853757898981274 -0.003168649021729616749 0.9999949798196576811 -1.045153644481295498e-06 0.001722734540123383373 -2.337133870993586297e-07 1.044418331956007559e-06 0.9999999999994270139 0.4950039803948130812
0.9999921795854521678 0.003954841265835553829 8.552250937208302824e-07 0.03070659619655537881 -0.00395484126789766386 0.9999921795828738968 2.423118851839098389e-06 -0.001345468031889645926 -8.456353550765539168e-07 -2.426482181539178006e-06 0.9999999999966983077 0.4950075421652523899
0.9999580302004071886 0.009161759622792487942 -7.538802100187657955e-07 -0.009598557506907665765 -0.009161759621806561324 0.9999580301998540754 1.300996518016683781e-06 -0.006590511728432666035 7.65767987185114244e-07 -1.294035046185759502e-06 0.9999999999988693489 0.4950029371060316041
0.9999603594742353385 0.008903902649152096657 -7.049469989176800333e-08 0.01274133258028786048 -0.00890390264833143194 0.9999603594438254417 7.799801612821329495e-06 0.002927461676915070997 1.399405796863905584e-07 -7.7988647466394724e-06 0.9999999999695788899 0.4950198482657333088
0.9999862555735902214 0.005242963363904246804 1.143419300953157552e-06 0.0240052631089166385 -0.005242963370211446358 0.9999862555586163104 5.584689226127963557e-06 0.008403057095287628717 -1.114123264282449444e-06 -5.590607373289519942e-06 0.999999999983751664 0.495010980478065743
0.9999971414057062802 0.002391062248870657811 1.992631010417271122e-06 0.02971012269503679401 -0.002391062250392381964 0.999997141407397816 7.616549045663846167e-07 0.009397182284579874006 -1.990804150008039274e-06 -7.664172320919685289e-07 0.9999999999977243759 0.4950004228485496705
0.9999715627424358155 0.007541465919572286174 -6.836099622624439863e-07 -0.009891593010204096856 -0.007541465917630565952 0.9999715627387646411 2.799780188570605427e-06 0.01695180228574850664 7.047049691408604438e-07 -2.794545149269132727e-06 0.9999999999958467667 0.4950076977578541926
0.9999891849718253178 0.004650800063349551372 -6.22957157463875077e-07 0.007670910893478209355 -0.004650800065699504937 0.9999891849646909137 -3.825512638559542708e-06 0.01232511808633064004 6.051587257384480162e-07 3.828368514721438692e-06 0.9999999999924884531 0.4949888991201748523
0.9999883506903199937 0.004826850330861095183 -1.330295817370008093e-06 0.006259888942046669749 -0.004826850333570890245 0.9999883506891080742 -2.041376369943192141e-06 0.01427831719231457096 1.320426902133799082e-06 2.047773728127494231e-06 0.9999999999970313747 0.4949960951719812319
0.9999970790620525962 0.002416995952494567067 4.01399670837230872e-07 0.02388816125409289406 -0.002416995950301120688 0.9999970790476776505 -5.377867893169469376e-06 0.006611487806724770412 -4.143967832987735959e-07 5.376882003372198317e-06 0.9999999999854585209 0.4949885532312985337
0.9999723386431567107 0.007437872728034413891 2.235908718776504243e-07 0.01830432572050976273 -0.007437872727848984962 0.9999723386428477356 -8.18925934426275322e-07 0.007304797826848377987 -2.296757539239549759e-07 8.172402413758320707e-07 0.9999999999996395106 0.4950008688410367785
0.9999645112937047831 0.00842473472031976707 -5.168532884677614929e-07 0.007346617859068882601 -0.008424734715466754981 0.9999645112554585991 8.765749148744991496e-06 0.01909619909825583869 5.906840571957270717e-07 -8.761083711805887217e-06 0.9999999999614470614 0.4950208786226448221
0.9999880342986118276 0.004891958762989535338 1.136728677311518608e-06 0.03106295844317864818 -0.004891958777523956747 0.9999880342126454824 1.315600918793371945e-05 0.03796933251908364559 -1.072356421024741927e-06 -1.316141259688697929e-05 0.9999999999128134087 0.4950265053114122904
0.9999598914874696653 0.008956306075059195654 -3.004573997264394569e-07 -0.01676654629177241895 -0.008956306076226773841 0.9999598914789326054 -4.140401021435753971e-06 0.03009388878837511092 2.633626500029073097e-07 4.14292594454433117e-06 0.999999999991383226 0.494977648286464289
0.9999684296494874003 0.007946049710890811663 -7.501470962746822808e-07 -0.009816043884638005201 -0.007946049717175456342 0.9999684296111396309 -8.78385200627801109e-06 0.02482018440460724562 6.803264891431562183e-07 8.789535403113594818e-06 0.9999999999611404178 0.4949762320300236662
0.9999805653654934012 0.006234492242822850701 -1.223228178903364487e-07 0.01639499487194506083 -0.006234492243289462693 0.9999805653563315078 -4.281659817742363654e-06 0.02102193275171099565 9.562646566945593568e-08 4.282339225908048063e-06 0.9999999999908260051 0.4949929139841886538
0.9999997205520543275 0.0007475944025221495891 8.094197586331809775e-07 0.02509756791510422969 -0.0007475944023507342983 0.9999997205523595278 -2.120301123963407543e-07 0.01833365345905777974 -8.095780449679345382e-07 2.114249354642495781e-07 0.9999999999996497246 0.4950022143462611268
0.9999682084114135394 0.007973842768152605842 4.571484500571177374e-07 0.08982579161596332407 -0.007973842766212149366 0.9999682084031282781 -4.099997992602702106e-06 0.005456501096183395336 -4.898266559209860988e-07 4.096222417291703067e-06 0.9999999999914902515 0.4949933804500479262
0.9998976661253669018 0.01430584773008890948 -1.764577383572403014e-08 0.2196748119666477872 -0.01430584772953358459 0.999897666074059277 -1.013020332772987803e-05 -0.01417716213948368512 -1.272771782069351974e-07 1.01294191025260964e-05 0.9999999999486891555 0.4949785167220276394
0.9998518403585469061 0.01721328941367438956 1.191913185147096426e-06 0.4772200539005377884 -0.0172132894166000909 0.9998518403561075241 2.489509795810686876e-06 -0.01239500243032597496 -1.148883939100551489e-06 -2.509657697547352318e-06 0.9999999999961906028 0.4950058132084146356
0.9995262677547922525 0.03077726533065015466 3.028965709240558359e-06 0.7484739293112010472 -0.03077726530546529352 0.9995262677278458074 -8.036927227428688307e-06 -0.03867981651121146086 -3.274885432154558385e-06 7.939896594614209133e-06 0.9999999999631163927 0.4949894334265997342
0.9989593869107433743 0.04560858804852688936 1.1679452134338728e-06 1.070117701853959824 -0.04560858802870387807 0.9989593868215115302 -1.347034305366809704e-05 -0.08320624782997475266 -1.781093161460089928e-06 1.340305730629007615e-05 0.9999999999085926738 0.4949633335017946667
0.998157981738436173 0.06066830713025320176 2.008349921214434052e-06 1.496080738747036731 -0.06066830706266859025 0.9981579814411756235 -2.461015747034716277e-05 -0.1505728571786054126 -3.497707095321876327e-06 2.444298192115730288e-05 0.9999999996951530745 0.4949437506959979416
0.9970826017085185899 0.07633010787597803437 2.011413831861298474e-06 1.996614129227305412 -0.07633010783042340486 0.997082601566082749 -1.717674988593380451e-05 -0.2187495266410551531 -3.316648908050275746e-06 1.697310703048580775e-05 0.9999999998504565113 0.4949668314422682736
0.9955979917979126403 0.09372640357201285355 -1.91101938654017601e-06 2.518045112648866102 -0.09372640354400305074 0.9955979917355656239 1.15346370003958109e-05 -0.2639566179541765201 2.983707105962905527e-06 -1.130474845950869419e-05 0.9999999999316498966 0.4950205252416328139
0.993197863794771818 0.1164388395463262921 -9.162228770676086762e-07 3.112909979984655795 -0.1164388395091650735 0.9931978636245174519 1.864633653754792144e-05 -0.3366433404057064815 3.081148392329801406e-06 -1.841281768815350092e-05 0.9999999998257370626 0.4950436963796421286
0.9906357944522231618 0.1365310321714201525 2.540045918354648195e-06 3.80011301563834758 -0.1365310321808995142 0.9906357944459611709 4.033626157685058785e-06 -0.4322069133090175597 -1.965545263556097502e-06 -4.342649544261448451e-06 0.9999999999886387547 0.4950216112177083239
0.9887687038363160985 0.1494538400219025676 4.334915285851839923e-06 4.536851505864953893 -0.149453839809097655 0.988768703358278267 -3.205835306628599578e-05 -0.5858535406829231684 -9.077472536894104496e-06 3.105042647376088361e-05 0.9999999994767350131 0.4949539174873573422
