0.9999806747146977592 0.006216928271891146787 0 -0 -0.006216928271891146787 0.9999806747146977592 -0 0 -0 0 1 0.4949999999999999956
0.9999817834679528561 0.00603595341433711078 9.300755977556813872e-07 -0.0002704077592271942579 -0.006035953414442084101 0.9999817834683787376 1.100514177768754593e-07 -0.0001412755099855949649 -9.293943897732459209e-07 -1.15663306001786465e-07 0.9999999999995614619 0.4949993228796537026
0.9999813404458850474 0.006108908427877205588 -3.220259016163220697e-07 0.001219167635635067751 -0.006108908428675158438 0.9999813404427112529 -2.537937662714694124e-06 -0.0009480051978147757642 3.065158639809387936e-07 2.5398575326738627e-06 0.9999999999967276176 0.4949955718753555889
0.9999811046544788695 0.006147384483101345914 -5.07903090941432573e-07 0.005096497814256582479 -0.006147384484416632336 0.9999811046511415391 -2.62989818246056737e-06 -0.002767794844948087696 4.917264986571464497e-07 2.632970765206415756e-06 0.9999999999964128694 0.4949956260319444135
0.9999806419278779446 0.006222199897430579808 -4.220617052242805069e-07 -0.001148147087555613337 -0.006222199897613030217 0.9999806419278726155 -4.322499471859057216e-07 -0.003364185025966987246 4.193639893417297603e-07 4.348677319636975516e-07 0.9999999999998174793 0.4949987392709723211
0.9999792492065724403 0.006442139278834022216 -6.970919088996530856e-08 -0.004659790625690599618 -0.006442139278911023989 0.999979249205893761 -1.166670357217290979e-06 -0.005202715154273926217 6.219189143529292519e-08 1.167095224198439757e-06 0.9999999999993169908 0.4949959530245880424
0.9999822698454439163 0.005954829717980016611 1.284694262522435469e-07 0.0006458055439295698431 -0.005954829718030451094 0.9999822698453736391 3.954909645635800478e-07 -0.004806075167589123065 -1.261120671203377221e-07 -3.962489660050018611e-07 0.9999999999999135136 0.4950003232597365299
0.9999814103283123368 0.00609745848659577587 -1.911740126512957354e-07 0.00315023158663381344 -0.006097458486420395327 0.9999814103279220934 9.051590413083707111e-07 -0.005791425263651811539 1.966896284678137791e-07 -9.039765390930182639e-07 0.99999999999957212 0.4950010437770832605
0.9999825505200105047 0.005907508588825247792 2.158886977076928389e-08 0.00345146921982559347 -0.005907508588837969386 0.9999825505198033371 6.438939542086554232e-07 -0.005966654713695620019 -1.778468399129109042e-08 -6.4401025502758419e-07 0.9999999999997924993 0.495000069046599378
0.9999815140540139202 0.006080423708472726396 -1.979433364303494378e-08 0.004667953692228333541 -0.006080423708441989698 0.9999815140531734814 1.296796991265327574e-06 -0.004835697644157851971 2.767904289688234767e-08 -1.296652660810614363e-06 0.9999999999991590061 0.4950021846985013796
0.9999800278281729682 0.006320122380650738426 3.045392629211592049e-07 0.001032124283794138512 -0.006320122380854967421 0.9999800278279907806 6.742355081078767316e-07 -0.003615612780509282458 -3.002719296853619235e-07 -6.761467675721749924e-07 0.99999999999972633 0.4950000760655821619
0.99998127183335761 0.006120129468997293452 2.372698229040992205e-07 -0.001508823054295334353 -0.006120129468761012839 0.9999812718329026406 -9.842643722371717443e-07 -0.004121241709236497103 -2.432892046650347112e-07 9.827938167347817588e-07 0.99999999999948741 0.4949965348410337307
0.9999811263810494122 0.006143849275304073647 -5.301018294118256648e-08 -0.00136617645450062223 -0.00614384927533950017 0.9999811263808089379 -6.953196913123446692e-07 -0.00325152443093756037 4.873724306659084805e-08 6.956322546874216187e-07 0.9999999999997568612 0.4949984391307256648
0.9999785379500890636 0.006551613650659516251 -8.67961635745700172e-08 -0.001387127310756215834 -0.006551613650529061576 0.999978537949075541 1.426972634625064256e-06 0.0007473880322459221671 9.614327414324676174e-08 -1.426373353937053935e-06 0.9999999999989781507 0.4950030564386548315
0.9999784437268177673 0.006565979280659359034 -1.018490554704342658e-07 0.0153457563316672721 -0.006565979280635765927 0.999978443726796562 2.307106750057899659e-07 0.001301282949610093427 1.033617014963078878e-07 -2.300369629554715394e-07 0.9999999999999682476 0.494999375851090051
0.9999793874286977413 0.006420647938887982797 6.379703564226289772e-08 0.05368122639192636492 -0.006420647938756474278 0.9999793874269263805 -1.883722684540132348e-06 9.324426899994958412e-05 -7.589044079375227986e-08 1.88327423786656327e-06 0.9999999999982237542 0.4949937177419330148
0.9999831145094540963 0.005811256160911687507 -1.92513267196814657e-07 0.07298009027656650327 -0.005811256162484190919 0.9999831144639393932 -9.541834857436931339e-06 -0.0105993037611324635 1.370599699073444504e-07 9.542792482784986062e-06 0.9999999999544582074 0.4949797329044727801
0.9999814837271656653 0.006085409147802403954 -7.437660277656430168e-07 0.07611156386808319574 -0.00608540915317713673 0.9999814836996477885 -7.451330032270255831e-06 -0.01783362622534934161 6.984078640322747073e-07 7.455718182003261637e-06 0.9999999999719622057 0.4949864676628502047
0.9999807892292823519 0.006198481624878795018 -4.00838386815909254e-07 0.0835410559561743371 -0.006198481625868880636 0.9999807892261869391 -2.517745298280196639e-06 -0.02181467764033286072 3.852244884181674927e-07 2.520181519830405277e-06 0.9999999999967501552 0.4949951135348678588
0.9999807871305118612 0.006198820193608173615 5.31169441498247115e-07 0.09319088701133343422 -0.006198820195019874232 0.9999807871270030013 2.698533350058240861e-06 -0.02103629513248487376 -5.144315131966634386e-07 -2.701774127347657018e-06 0.9999999999962179142 0.4950028403216675255
0.9999785411601914697 0.006551123650749322326 5.299563759695664751e-07 0.08225553742659691414 -0.006551123652509909662 0.9999785411545690783 3.391484399024653213e-06 -0.0197465234812132448 -5.077269700598853629e-07 -3.394883431453653087e-06 0.9999999999941084905 0.4950010867491119737
0.9999807989827603771 0.006196907903294419928 6.86453331435610538e-07 0.07857831135672377343 -0.006196907904000257226 0.9999807989824601728 1.030862909968928372e-06 -0.01920634945340653904 -6.80051988324437511e-07 -1.035097004424251469e-06 0.9999999999992330579 0.4949960328051531411
0.9999805795892954263 0.006232210391280685116 3.584418451006297323e-07 0.07866580152659857772 -0.00623221039195908863 0.9999805795875053027 1.923610304347946942e-06 -0.01590998190999231079 -3.464465398828671796e-07 -1.925806832038063603e-06 0.9999999999980856424 0.494998928926064119
0.9999777925441342141 0.006664414510296212853 1.68502701410125714e-07 0.08151439000687432657 -0.006664414509981492381 0.9999777925425227254 -1.804229404226809971e-06 -0.01736081881441002561 -1.805230920148544672e-07 1.803066365033707895e-06 0.9999999999983582022 0.494989766822722943
0.9999766504042550963 0.006833640937845017992 2.27457447052854621e-07 0.08878581754336452303 -0.006833640937380941298 0.9999766504023194225 -1.982268432399084554e-06 -0.01637396961089598868 -2.409982467221496297e-07 1.980667784710870252e-06 0.9999999999980094811 0.4949917705097922616
0.9999755976125891399 0.006985998965279607321 1.881677484373232499e-07 0.0954179750377072422 -0.00698599896515289618 0.9999755976123858581 -6.660694267763666994e-07 -0.0147367317584979219 -1.928163170212036527e-07 6.647386333963281186e-07 0.9999999999997605249 0.494995541806042938
0.9999748379535446929 0.007093903154102828082 2.343621083042524736e-07 0.1174530101801922882 -0.007093903153262489866 0.9999748379477616522 -3.410688986230648214e-06 -0.01734548064815874882 -2.585513086299974064e-07 3.408940624216807048e-06 0.9999999999941561191 0.4949930510530738403
0.9999682707588860575 0.007966020158098779599 7.461189379833810274e-07 0.1654073920071426895 -0.007966020155635545122 0.9999682707539084836 -3.248207317182526126e-06 -0.01675220992577649073 -7.719705491584487125e-07 3.242160655530869174e-06 0.9999999999944462203 0.4949913719233166032
0.9999682039460651151 0.007974402626034018254 1.367973522163001278e-06 0.2370216243397939848 -0.007974402614458118294 0.9999682039129076383 -8.26855556601428424e-06 -0.02227849791450237094 -1.433866817177375643e-06 8.257383886943813359e-06 0.999999999964879871 0.4949803410359452371
0.9999606298689274197 0.008873483777589764865 1.400679999158919385e-07 0.2914780509372863482 -0.008873483772892164917 0.9999606296612679746 -2.038149914020144081e-05 -0.04505010495135834681 -3.209173873756744532e-07 2.037945382678446715e-05 0.9999999997922874861 0.4949461689583764534
0.9999509629076742678 0.009903119811079025281 5.056115043221274658e-07 0.3786612025819585114 -0.009903119807551498052 0.999950962886329342 -6.558430616381860091e-06 -0.04722021685739900138 -5.705356347598953494e-07 6.553101878710842145e-06 0.999999999978365639 0.4949879391730107048
0.9998959666062939844 0.01442414526305752821 -3.577228302930642927e-07 0.4399944015439333223 -0.01442414525980814481 0.999895966575622297 7.845948451319727219e-06 -0.04568855934706415878 4.708567153503145271e-07 -7.839972364608599549e-06 0.9999999999691565611 0.495007337296905825
0.9996108992638025326 0.0278935489892841032 1.649871632915591722e-07 0.5109071321585978431 -0.02789354898966521501 0.9996108992588599307 3.144405393209567275e-06 -0.05241280512297778749 -7.721434078637756139e-08 -3.147783980278105558e-06 0.9999999999950427432 0.4949982437705068294
0.9993370375825800789 0.03640721517695420795 9.821475200841653166e-07 0.6385895129579703955 -0.03640721516510705275 0.9993370375317444099 -1.017011775501929496e-05 -0.07337647251048605435 -1.351762058622033815e-06 1.012761809307939887e-05 0.9999999999478020873 0.4949808544591835502
0.998933494842693781 0.04617220898609272067 9.692862550688288253e-07 0.7895288509171276559 -0.04617220897941073932 0.9989334948251482604 -6.050626592288900958e-06 -0.08749511743303696465 -1.247623301777846721e-06 5.999419480293385151e-06 0.9999999999812252405 0.4949901822949931418
0.9984063808574528132 0.0564331344631331458 1.47194000039019434e-07 0.9475969047422659886 -0.05643313446004621925 0.9984063808241633309 -8.175759660472514285e-06 -0.1107562079859995136 -6.083431731156875239e-07 8.154423994576807223e-06 0.999999999966567632 0.4949869536486690702
0.9973557358480177326 0.07267417816466785474 -1.175605585049754135e-06 1.120413789469152821 -0.07267417817342029795 0.9973557357809395008 -1.157201840088365458e-05 -0.1461313302835096639 3.315100462748271355e-07 1.162685509720969452e-05 0.9999999999323532229 0.4949716320372884448
0.9961765402734764629 0.08736303912277651462 -2.496364817959328868e-06 1.327734762262025692 -0.08736303915348435367 0.9961765401146869259 -1.78109830582525763e-05 -0.1940700760123010571 9.307984574855191378e-07 1.796097349917231717e-05 0.9999999998382684829 0.4949605058768482557
0.994915451902714576 0.1007136711708029042 -2.597949342279734102e-06 1.533856474431058325 -0.1007136712002429102 0.9949154517633592709 -1.667671270580046791e-05 -0.2464321009759843084 9.051669838706075809e-07 1.685356817379646629e-05 0.9999999998575689331 0.4949568319781232351
0.9929392961958372066 0.1186235814169130237 -2.042855920006445219e-06 1.755961331189942243 -0.118623581434377845 0.9929392960224866505 -1.855486093682873425e-05 -0.3037440846278890993 -1.726121379328508362e-07 1.866618144521194081e-05 0.9999999998257719236 0.4949628772298249602
0.9913480981035039941 0.1312590887185133282 -4.193275459354725715e-06 1.958286005257664941 -0.1312590887565238396 0.9913480980500232187 -1.066027593344767562e-05 -0.364134439827869083 2.757737546718898371e-06 1.111844978758190613e-05 0.9999999999343874846 0.494967892463440029
0.9899134735915607886 0.141673267754195642 -2.82333970511642136e-06 2.241255113632067086 -0.1416732677765455695 0.9899134735346420966 -1.069240281137203851e-05 -0.4359888839169905883 1.280034368028848854e-06 1.098454537011257541e-05 0.9999999999388505811 0.4949588029426765234
0.9853550296685723575 0.170515294057474398 -1.254047718895459373e-06 2.577486473409239309 -0.1705152940344474011 0.9853550296146265097 1.075812760608667852e-05 -0.4977905223724206629 3.07010751945009881e-06 -1.038674083095313748e-05 0.9999999999413450302 0.4950057478353120377
0.982054626778346873 0.1885966861441641107 -9.561607506854690105e-07 2.929603074681601083 -0.1885966861462496091 0.9820546267543602825 -6.873136205497306e-06 -0.6010992482916446278 -3.57248622642679926e-07 6.930123960088789836e-06 0.9999999999759229263 0.4949604495010690441
0.9790834635765562899 0.2034590163927027795 -1.296536610428820196e-06 3.2379357668918054 -0.203459016390793751 0.9790834634785078316 -1.394464310245091136e-05 -0.6986006569572494884 -1.567745814506616125e-06 1.391676153055907679e-05 0.999999999901933001 0.4949429381149417218
0.9758477629861569413 0.218451695976214666 -1.503921945630250532e-06 3.584381317450118232 -0.218451695940387991 0.9758477626464756582 -2.609346728295247397e-05 -0.8209593955608702753 -4.232563316022622822e-06 2.579178597620654059e-05 0.9999999996584345574 0.4949162577870696023
0.9739553108246199464 0.226740054923219525 -3.487990519888217718e-06 3.956990601904239124 -0.2267400548367514701 0.9739553097364173073 -4.659505680015604682e-05 -0.9956393844012013661 -7.167818850862508016e-06 4.617237019043632693e-05 0.9999999989083673269 0.494815308794225639
0.9705301266599637433 0.2409798191497951048 -3.187434945634530373e-06 4.376732793688269396 -0.2409798190413050822 0.9705301256194819315 -4.562987501540416142e-05 -1.219810254354576573 -7.902377390849231283e-06 4.505327587458345557e-05 0.999999998953877367 0.4946975950764780361
0.9670682853107026578 0.2545170555024500736 -2.610121954256551056e-06 4.819659230272988815 -0.254517055420145355 0.9670682846150605583 -3.733866251307519653e-05 -1.442279922770128842 -6.979160278288631701e-06 3.677335688639950375e-05 0.9999999992995057818 0.4947480378420044955
0.9657095571725820005 0.2596248277528162562 1.445279960226546263e-06 5.191262457748053727 -0.2596248277560108675 0.9657095571404774592 7.901738342399661956e-06 -1.61083930044212198 6.5576678575895183e-07 -8.00601479626542029e-06 0.9999999999677368079 0.4948623022217259471
0.9638442384619073655 0.2664662905202624388 -1.545881442794860283e-06 5.610311552894002851 -0.2664662904871236693 0.9638442382121114038 -2.239596552323732163e-05 -1.880651098910564478 -4.477780933999881639e-06 2.199814762795824032e-05 0.9999999997480154557 0.4947692327770296106
0.9639498801703633157 0.2660838749731110342 -1.033947771548906074e-06 6.074545972590809306 -0.2660838748453608904 0.9639498798143580904 2.748446788828055214e-05 -2.029535114478755897 8.309847547406612491e-06 -2.621853269801277794e-05 0.9999999996217674436 0.4949832880587452522
0.9657464977570600073 0.2594873832548231229 -1.941785734386264715e-06 6.551481921681487464 -0.2594873831975547662 0.9657464976567337045 1.507550639250994964e-05 -2.239172515065577684 5.787176477217104235e-06 -1.405524860153442033e-05 0.9999999998844792959 0.4949600271360998227
0.9666522933782231153 0.2560924514033149357 -6.564696562836244325e-06 6.99934040433050253 -0.2560924513715602813 0.9666522933943663132 5.305642630478131807e-06 -2.424551071983198636 7.704514015412847465e-06 -3.447542381309763682e-06 0.9999999999643774951 0.4949834385219367139
0.9637437056160069737 0.2668296645352398189 -3.430973086059893959e-06 7.488215770429075491 -0.2668296645566419767 0.9637437055054508539 -1.460978778384662014e-05 -2.681369900210410329 -5.91746057846001134e-07 1.499557641472403978e-05 0.9999999998873912999 0.4949343766701133629
0.9620537182736628168 0.2728601164663145284 -2.051747531311894819e-07 8.118945101115865981 -0.2728601164658676081 0.9620537182700691359 -2.683359328102202425e-06 -2.940762603705439293 -5.347926046419349397e-07 2.637519826100272899e-06 0.9999999999963787856 0.494979055013054059
0.9622333570521434121 0.2722259476460566763 2.569306419625801285e-06 8.700262088688671014 -0.2722259476581185833 0.9622333570026496696 9.761323542212168298e-06 -3.191729534992933548 1.850132102334808049e-07 -1.009210299620165797e-05 0.9999999999490576386 0.4949938062986428688
0.9651500289137261435 0.2616971946166805063 4.452616229653875391e-06 9.206051269081878985 -0.2616971945985172021 0.9651500282152184473 3.711686875714556978e-05 -3.375488418801162016 5.415937747018537233e-06 -3.698858413007026735e-05 0.9999999993012561594 0.4950412024917519305
0.9656366078965408217 0.259896020530616223 2.155141078704716225e-06 9.708451646307871385 -0.2598960202579248535 0.9656366064309270802 5.45608669900866358e-05 -3.512707369580371886 1.209906908980345894e-05 -5.324608311365133535e-05 0.9999999985092336008 0.4950206303201351021
0.9640328956254342607 0.2657829493221755546 1.969610876568457172e-06 10.2864587563072476 -0.2657829491203812511 0.9640328945466055677 4.681024544575294953e-05 -3.667288973352196724 1.054259541859839296e-05 -4.565010544940045767e-05 0.9999999989024607183 0.4950123822891474568
0.9637497688979498323 0.266807764013981763 3.638742391507100549e-06 10.89533477280986418 -0.2668077640017571528 0.9637497684472959847 2.980602206453463973e-05 -3.82668536440637963 4.445640963935572337e-06 -2.969639159771886658e-05 0.9999999995491802851 0.4950016704792633004
0.9652644811147467196 0.2612747241774764917 2.548562288742240189e-06 11.42768848573126483 -0.2612747241638140872 0.9652644811102836231 -4.717074281763064345e-06 -3.999711025025649569 -3.69248893711232907e-06 3.88734934996031281e-06 0.9999999999856270527 0.4949555546410109308
0.9648896085222098407 0.2626557506851819324 -3.050576877628135537e-07 11.95564741577632795 -0.2626557506849168666 0.9648896085178032545 -2.955717695563817585e-06 -4.158212870147853124 -4.819892572209823146e-07 2.932066446156287209e-06 0.9999999999955853092 0.4949728726413901714
0.9650724849799174887 0.2619830123021676949 1.41491858982595854e-06 12.52677739276060365 -0.2619830123042389269 0.9650724849791360027 1.557410148211594841e-06 -4.328452576525049444 -9.574839975080740937e-07 -1.873698316195375331e-06 0.9999999999977862153 0.4949847907923154433
0.9655192935747231031 0.2603315073429243731 4.66491551151482922e-06 13.05904330038863925 -0.2603315073640520838 0.9655192931172610349 2.990213654190047973e-05 -4.452839416071842749 3.280402351597351058e-06 -3.008551423714926929e-05 0.9999999995420504328 0.4950072452123793765
0.9678980314792011708 0.2513431929358215799 5.074109148626576514e-06 13.56677605092078487 -0.2513431929682274357 0.9678980309625240253 3.17748042039893357e-05 -4.578168450686876945 3.075160489696661666e-06 -3.20301132345634189e-05 0.9999999994823076666 0.4950045283118588713
0.9713251359950705321 0.2377550844249114448 4.061242865592893555e-06 14.15302223450393271 -0.2377550844581037826 0.9713251357867030977 2.013692177022123256e-05 -4.717665869852042171 8.428682576519881063e-07 -2.052507941749614657e-05 0.9999999997890053338 0.4949900686387181392
0.9734613599372010651 0.2288514380720051977 1.955337584533530074e-06 14.74294195821655151 -0.228851438080179298 0.9734613599116008764 7.065656522705026607e-06 -4.858547548186177956 -2.864599279823856743e-07 -7.325625425594311363e-06 0.9999999999731266076 0.4949754824686437571
0.9741848026059147791 0.2257520107589654212 3.49164644430148621e-06 15.39957329406523279 -0.2257520107794942221 0.974184802344328693 2.264043408197995906e-05 -4.991003669530081233 1.709614617264676077e-06 -2.284421301279800323e-05 0.9999999997376095573 0.494996740752401243
0.974850409014345276 0.2228602253158097901 4.356954565124275189e-06 16.09548472862478619 -0.2228602253495428898 0.974850408615012376 2.7973688458697279e-05 -5.128898838009082972 1.986843574691090863e-06 -2.824115351182222795e-05 0.9999999995992449042 0.4950023243182172239
0.976685848964139347 0.2146735950560089146 4.600014100847122639e-06 16.86207704675307539 -0.2146735950671998239 0.9766858489702767709 2.089651039051895629e-06 -5.314487501394620672 -4.044175776395322529e-06 -3.028434163503859276e-06 0.9999999999872366541 0.4949535363740637517
0.9783025869499779592 0.2071811969265220654 3.050790497582983363e-06 17.55785997078136518 -0.2071811969170259671 0.9783025869516471795 -3.158506294640157519e-06 -5.471942961937084959 -3.638979350656438321e-06 2.457908452111922236e-06 0.9999999999903582681 0.4949448283040724372
0.9786246035442531799 0.2056547721934967043 3.758615451326688046e-06 18.33477174092535122 -0.2056547722063345462 0.9786246035427877965 3.42273389585902322e-06 -5.647424680566285993 -2.974371996292529935e-06 -4.122548806326311962e-06 0.9999999999870788914 0.494951944258274934
0.9802669961723826653 0.1976780620034418734 4.468797195360004655e-06 19.17868912071687149 -0.1976780619763123525 0.9802669961704821855 -5.867023897712358604e-06 -5.857803192168325346 -5.540396317018288726e-06 4.867866723738130878e-06 0.9999999999728039768 0.4949208171753725072
0.9819288490832472904 0.1892504566309730074 2.291404382923934862e-06 19.93250002404161947 -0.1892504566281508205 0.9819288487638336838 2.517144093713455949e-05 -5.982260726191737099 2.513710623635388489e-06 -2.515021335495557105e-05 0.9999999996805739588 0.4949951029510690215
0.9830671487946804898 0.1832456846625140634 3.936622053347458829e-06 20.79835953092884537 -0.1832456846862020317 0.9830671481620057994 3.536578641525216406e-05 -6.131941640241632463 2.61066392991518243e-06 -3.548831181964004451e-05 0.9999999993668821086 0.4950108802180828715
0.9845305499817623707 0.1752130021782855041 4.744819021057675474e-06 21.69531753368552529 -0.1752130022145320931 0.9845305499475593969 8.784037176343989668e-06 -6.316970405043249137 -3.132341755290649207e-06 -9.479506937930329009e-06 0.9999999999501636427 0.4949561158997319299
0.9865374736204844952 0.1635353574757340556 1.695034988053334482e-07 22.52809933700696376 -0.1635353574752144712 0.9865374736191150351 -1.703172073375427951e-06 -6.474262784728748166 -4.457504073431521831e-07 1.652523259138327091e-06 0.9999999999985352828 0.4949510115736066584
0.9873509539547646874 0.1585499723331505184 -7.987892551457715036e-08 23.45557345006915284 -0.1585499723213974477 0.9873509538874625235 1.168909202150963875e-05 -6.621361928846916989 1.932173749912330575e-06 -1.152857135687316889e-05 0.9999999999316794286 0.4949823570680262907
0.9872219605323349079 0.1593511864863960126 3.209939462665344555e-06 24.48043144996298537 -0.1593511865186208742 0.9872219603082212913 2.103647484386276362e-05 -6.781767744261453679 1.832644970575518872e-07 -2.12791776000760072e-05 0.9999999997735815604 0.4949998676184712565
0.9878566534537001065 0.1553680540426524703 3.533919039404399242e-06 25.49402471043381979 -0.1553680540732116921 0.9878566533901875779 1.133469765623722264e-05 -6.960652606504292628 -1.729955517606497035e-06 -1.174611461900453656e-05 0.9999999999295180464 0.4949706737040904247
0.9889060980704564852 0.1485420115560435184 2.04492694371650105e-06 26.5232058261719601 -0.1485420115559519527 0.9889060980725649097 -1.974538929865242333e-07 -7.142746724257950319 -2.051570923207930554e-06 -1.084942028424888373e-07 0.9999999999978896881 0.4949565157447743391
0.9897079113635254277 0.1431022368225195462 1.752890230156446676e-06 27.52399022190893874 -0.1431022368323750238 0.9897079113261533223 8.61550158321102413e-06 -7.301671732100718515 -5.019517805667047627e-07 -8.777672590125934035e-06 0.9999999999613502499 0.4949813359617271646
0.9904765749970301236 0.1376813508835899869 1.804231287452746853e-06 28.57261303505173444 -0.137681350894633403 0.9904765749504490513 9.617125327250628447e-06 -7.470459359700642565 -4.629500193419789802e-07 -9.77394635643525439e-06 0.9999999999521278493 0.4949858383556566266
0.9916352052339425516 0.1290721493469508818 2.414109683063510078e-06 29.69635235622378033 -0.1290721493647437046 0.9916352051847687754 9.937790273551898434e-06 -7.641515494446218248 -1.111224200536654832e-06 -1.016625702308076378e-05 0.9999999999477061641 0.4949875418049151099
0.9930024822170107068 0.1180934811728247408 4.191887181497766987e-06 30.85208597074140613 -0.1180934812324430233 0.9930024820287403076 1.942670887556120334e-05 -7.786823969206937868 -1.868386696765715027e-06 -1.978580468493623229e-05 0.9999999998025155268 0.494998611108639075
0.994171004524242341 0.1078147195824359778 2.617694167258049922e-06 32.02815151004179484 -0.107814719606583162 0.9941710044497199528 1.224016336528178681e-05 -7.938958653452282022 -1.282765858734041135e-06 -1.245104147106174115e-05 0.9999999999216629964 0.4949834434966029484
0.9950820843679123451 0.09905374990841846194 1.150752221342023713e-06 33.18638911064593344 -0.09905374991497051251 0.995082084280438095 1.319525254994638253e-05 -8.072788839378402415 1.619463271574413836e-07 -1.324434573390856752e-05 0.9999999999122805017 0.4949878993527414006
0.9956040842000969393 0.09366166516189688984 2.328091174957357461e-06 34.41662951765106726 -0.09366166518808832775 0.9956040840535996805 1.709444706945031716e-05 -8.20196662391218112 -7.167627042900563567e-07 -1.723735421564331216e-05 0.9999999998511799326 0.4949933937742184153
0.9961068344422239207 0.08815426464073049251 2.318824629262813165e-06 35.6970692246606518 -0.08815426465406606127 0.9961068344227331783 6.469569571559547967e-06 -8.348567763894793714 -1.739476912913561804e-06 -6.648796746184318215e-06 0.9999999999763838909 0.4949756745168167327
0.9969936591682000415 0.07748318250596947232 3.063076296639059611e-06 36.962495135570542 -0.077483182539026349 0.9969936590884723726 1.277636959582075132e-05 -8.465704937871917579 -2.063913867896623611e-06 -1.297529637404612081e-05 0.999999999913690929 0.4949832188303373015
0.9976590324603682447 0.06838461046103738727 2.137029265116954286e-06 38.20733520769948655 -0.0683846104876349864 0.9976590323146073969 1.708123028971135702e-05 -8.570643674799155676 -9.639332691073754843e-07 -1.718738359796186994e-05 0.9999999998518322997 0.4949905112202436785
0.99821317219608241 0.05975335011763376059 2.487332494320273977e-06 39.51447424390131147 -0.05975335015582240034 0.9982131719918700963 2.023160577403404348e-05 -8.66292982286583424 -1.273981835696128803e-06 -2.034408182780617208e-05 0.9999999997922476291 0.4949998848670048024
0.9985705831541833444 0.05344895190254276424 1.36626812159292987e-06 40.83339475406075536 -0.05344895191283920849 0.9985705831126409082 9.15054071187016613e-06 -8.765107321989249911 -8.752283444762656731e-07 -9.210486373959353502e-06 0.9999999999572004583 0.4949767122192578195
0.9988752275355811117 0.04741602910710419894 1.299300270153858368e-06 42.10585395458998192 -0.04741602912164689237 0.9988752274131910136 1.564653066663871292e-05 -8.842051952424775152 -5.559424993133937728e-07 -1.569053953922856879e-05 0.999999999876748924 0.4949930936782626634
0.9986956620367635207 0.05105854119306164202 1.555683747344223395e-06 43.36357459453650165 -0.05105854121675516138 0.9986956615882105481 2.993219665302132823e-05 -8.908134786457779342 -2.536031346886146325e-08 -2.99725858953377393e-05 0.9999999995508217498 0.4950175169560288579
0.9983413769313684849 0.05757165191157242318 2.277024769652454159e-06 44.72681951277009205 -0.05757165192771256101 0.9983413769025175633 7.805942078601986789e-06 -9.017013230235074062 -1.823847063584792132e-06 -7.924087040467228107e-06 0.9999999999669412221 0.4949790745646793777
0.9980730945238456275 0.06204915784941641976 7.562302169904395481e-08 46.15163618973798521 -0.06204915784244020155 0.9980730944284846862 -1.382844649518752994e-05 -9.150429377881431847 -9.335207626693144983e-07 1.379710804109931996e-05 0.9999999999043841514 0.4949676726522432846
0.9982253389690695089 0.05954974930458838134 -2.827976584467249571e-07 47.55715490360672248 -0.05954974930182486276 0.998225338849224042 -1.548143477379708633e-05 -9.282364782551860927 -6.396197712261749717e-07 1.547080100446477884e-05 0.9999999998801225587 0.4949618144996393299
0.9982016621435675363 0.05994532255339638654 1.455338287288396601e-07 48.94586115660742109 -0.05994532255287041839 0.9982016621406800683 -2.418474215262387481e-06 -9.40592640728972107 -2.902483266557988059e-07 2.405400909220770768e-06 0.9999999999970649034 0.4949719832415749865
0.9979160526571162482 0.06452559066108756736 1.144595841920489199e-06 50.33000245480264567 -0.06452559066472202121 0.9979160526514395668 3.488670962332885708e-06 -9.540438103670691561 -9.171020099838276648e-07 -3.555256478523041961e-06 0.999999999993259503 0.4949783555688835324
0.9980519824946126883 0.06238782121187168295 2.289471824999989441e-06 51.76466369785632793 -0.06238782122892198856 0.9980519824613297564 8.339698043782896203e-06 -9.673288241281586153 -1.764716303214085008e-06 -8.466287324930713785e-06 0.9999999999626039138 0.4949837233461428232
0.9980105237716052624 0.06304755694515216946 2.570325170506533131e-06 53.192504510037665 -0.06304755698632211192 0.9980105235338282421 2.181795892907336886e-05 -9.788883602210145085 -1.189642561061672392e-06 -2.193660534109277463e-05 0.999999999758685032 0.4950027182959435557
0.9977485753524832912 0.06706549320057640651 2.4670355110288021e-06 54.63726825544889465 -0.06706549323563225362 0.9977485751692132254 1.915982619479714426e-05 -9.917928674257158406 -1.176517972629412453e-06 -1.928214224323701129e-05 0.9999999998134073698 0.4950023857980683784
0.9978369033880709615 0.06573822505999750432 2.258167375463238677e-06 56.10264369649497951 -0.06573822508428729672 0.9978369033007011835 1.327657903453083644e-05 -10.05210996719255512 -1.380504000468056918e-06 -1.33963084266094341e-05 0.9999999999093165393 0.4949929425786509518
0.9980600157797759886 0.06225917523173121748 1.83593488756688876e-06 57.49461783040116103 -0.06225917520456802218 0.9980600157072704315 -1.230784393490075056e-05 -10.20802401384617397 -2.598649414990324543e-06 1.216966312005285801e-05 0.9999999999225731573 0.494956863826284843
0.998055316029648254 0.06233446990698471302 2.933810305025544587e-06 58.99911886532515126 -0.0623344699397927679 0.998055315948825239 1.28782259156836749e-05 -10.32796554132268163 -2.125347585119666628e-06 -1.303605934644654319e-05 0.9999999999127719974 0.49499163618654618
0.9979489462875208439 0.06401484673534194036 1.819403724406181371e-06 60.43957776620281663 -0.06401484676054342016 0.9979489460027107794 2.384398324425179378e-05 -10.44890330876691031 -2.893030961836970782e-07 -2.391154680451180743e-05 0.999999999714077159 0.4949993489718783612
0.9980923467004094718 0.06173870300407183209 3.41721967536384722e-06 61.97493299167398106 -0.06173870301795159748 0.9980923466969090496 4.117194728627886553e-06 -10.60331201185583083 -3.156510542402068852e-06 -4.320315259203149349e-06 0.9999999999856856725 0.4949750073739922485
0.9980685247082705658 0.06212262054081303664 2.455850513461715985e-06 63.50576550901859463 -0.06212262052283446662 0.9980685246890989015 -6.821620162344114037e-06 -10.76338693884347819 -2.874884019646560941e-06 6.655880502042394722e-06 0.9999999999737171352 0.4949577947408890233
0.9979840403995289266 0.06346538513286888172 3.15508485550761622e-08 64.8974422701268594 -0.06346538511201495203 0.9979840400586100779 2.613639675490656586e-05 -10.86368225533324505 1.6272692427272935e-06 -2.608570922170095138e-05 0.9999999996584438833 0.4950097845484499604
0.9981997204688018988 0.05997764630330811031 1.467646075898409406e-06 66.43799517140728028 -0.05997764632120799327 0.9981997202026654525 2.305040927768354635e-05 -11.0002556642903393 -8.249460751494703867e-08 -2.309693805494013549e-05 0.999999999733262368 0.4950037429597807237
0.9979921536343131505 0.06333767662762183892 2.448093624648107329e-06 68.0381753471667281 -0.06333767667486216169 0.9979921528298871802 4.007031848566865872e-05 -11.10515787101509844 9.478264781944549353e-08 -4.014492000479305165e-05 0.9999999991941882493 0.4950207447640911917
0.9978035240334000022 0.06624294242300168833 2.811404241983107434e-06 69.57105371776300728 -0.06624294247482490072 0.9978035236695282917 2.696633067574913124e-05 -11.2304448928974665 -1.01889996879694703e-06 -2.709333546798762038e-05 0.9999999996324565599 0.4950131275220514548
0.9978770086723260935 0.06512661173015496519 3.154822566971902299e-06 71.11787981766036637 -0.06512661176789040496 0.9978770085783877919 1.3875002811338888e-05 -11.36172425235661798 -2.244492984876618777e-06 -1.405100920521472715e-05 0.9999999998987656458 0.4949917212472368933
0.998121986624410984 0.06125765100290529036 3.574687200393042766e-06 72.76381886794692377 -0.06125765103053777 0.9981219865953173676 8.214074763992947805e-06 -11.49475666325293943 -3.064798964708708571e-06 -8.417625562783085207e-06 0.9999999999598753186 0.4949781996780076576
0.9979734320672788428 0.06363197993815503106 4.38629296972501367e-06 74.4444796678388343 -0.06363197993659926166 0.9979734320768953726 -4.93486644273729453e-07 -11.64049593667421156 -4.408805381339402684e-06 2.133780538196351904e-07 0.9999999999902584591 0.4949629037730893244
0.9972342941930532056 0.07432201878733432632 3.300128892653838446e-06 76.08731430794578898 -0.07432201879592797988 0.9972342941945812056 2.562403946921775495e-06 -11.79101784640698369 -3.100558672732932969e-06 -2.800589333034837276e-06 0.9999999999912716486 0.494964043426145861
0.9962855772752035044 0.08611067593789635544 2.272885224050596301e-06 77.72469734377132511 -0.08611067594355860388 0.996285577274111267 2.523320838684206574e-06 -11.96865375448379432 -2.047157904493768793e-06 -2.709667841404169176e-06 0.9999999999942333906 0.4949605099903703342
0.9956083829536924723 0.09361595901975472422 3.37316159030100243e-06 79.44251808634275847 -0.0936159590489747534 0.995608382907325784 9.911274437464997157e-06 -12.15704047794490883 -2.4304944946334142e-06 -1.018352967299798613e-05 0.9999999999451941735 0.4949712809627023757
0.9939376656094306428 0.1099450629972140159 2.765317775921357353e-06 81.18568228895053096 -0.1099450630319027122 0.9939376653260230121 2.373601537481532375e-05 -12.35314742527983611 -1.388957883968892257e-07 -2.389615274969041531e-05 0.9999999997144772834 0.4950015108296751953
0.9915408857365342055 0.1297947298767945512 3.354401481065283998e-06 82.91165772078257135 -0.1297947298528323579 0.9915408857235161744 -6.579377646814964777e-06 -12.62655773304251561 -4.179994760033520745e-06 6.088338305465251634e-06 0.9999999999727299249 0.4949349647492723436
0.986925846367923465 0.1611749787168509085 2.968757090345998819e-06 84.63315064539143862 -0.1611749787170600468 0.9869258463723397101 -1.702483069541147484e-07 -12.92264082736168618 -2.957382871313519149e-06 -3.104669064192401747e-07 0.9999999999955787588 0.4949479050744834407
0.9818715815998768637 0.1895473482880509208 2.399506784299363577e-06 86.39132308521377013 -0.1895473482807613907 0.9818715815997222096 -2.97065987038236603e-06 -13.29338625204277413 -2.91908822245598153e-06 2.461986357181978099e-06 0.9999999999927087213 0.4949419767909295498
0.9771708992523122639 0.2124547802588120093 1.356456414728917723e-06 88.1309316337741393 -0.2124547802389231965 0.9771708992174064079 -8.860530822139399087e-06 -13.71307407287902791 -3.207951863323937597e-06 8.370067221827874032e-06 0.9999999999598254696 0.4949344052370708846
0.9707608716374943603 0.2400485994510168641 1.204324818143490645e-06 89.87550218102735755 -0.2400485994390918476 0.9707608716208200317 -6.28881267599677245e-06 -14.17646299371484098 -2.678732085258387082e-06 5.815836789050466874e-06 0.9999999999795001759 0.4949406646269283727
0.9628833844972162215 0.2699177427516040728 3.049227664780435767e-06 91.63693791829687996 -0.2699177427625704673 0.9628833844903745831 4.068567588117673259e-06 -14.68961124105542027 -1.837872074328405194e-06 -4.740596777749140966e-06 0.9999999999870744505 0.4949508219764897077
0.953621145651788571 0.3010094858438846499 -5.606971395462169874e-08 93.34812510402481678 -0.301009485832985979 0.9536211456156419297 -8.689357282131120723e-06 -15.27887188586067246 -2.56210970295235836e-06 8.30323236213187355e-06 0.9999999999622459779 0.494923831005499526
0.9453536447206483118 0.3260467549525311037 7.36887475481898195e-07 95.0411445397489274 -0.3260467549532836129 0.9453536447195872716 1.434880614382581911e-06 -15.89133320558253892 -2.287810926312927343e-07 -1.596729388692167354e-06 0.9999999999986990407 0.4949390920106844782
0.9356106734506555167 0.353033522087540852 3.14795455144707009e-06 96.75543233545272415 -0.3530335221015629688 0.9356106734110172241 8.612854855546552644e-06 -16.55809377321009634 9.536660713570762191e-08 -9.169612414443662073e-06 0.9999999999579545218 0.4949493870959806308
0.9146234437718855359 0.4043067598103480265 8.760533823622739259e-06 98.4505152331522595 -0.4043067599009864677 0.9146234434478843767 2.441584805764456521e-05 -17.28710992874903241 1.858902804004561812e-06 -2.587325007832588371e-05 0.99999999966355968 0.4949814263146149473
0.8867360781032521677 0.462276029821234502 6.709152761967371048e-06 100.1132867524790271 -0.4622760298694254533 0.8867360779876721777 1.433303505499896792e-05 -18.15749658562250701 6.765707337464015567e-07 -1.58110997945759858e-05 0.9999999998747757246 0.4949690551935218563
0.8546153158390986659 0.5192616507323229991 3.770071433925399317e-06 101.6416066715688657 -0.5192616507397388448 0.8546153157705732584 1.111924856860578884e-05 -19.08343864208713114 2.551838577655492049e-06 -1.146033364353932065e-05 0.9999999999310744681 0.4949680735609279236
0.8191719688622408624 0.5735479800432565778 4.570898490989248895e-06 103.1018842083155675 -0.5735479800481023682 0.8191719687627216917 1.335593555719388629e-05 -20.09469295766848163 3.91591794453824194e-06 -1.356243762289552923e-05 0.9999999999003629236 0.494981127276456434
0.7788536725813968165 0.6272056733114186322 8.641357449275718634e-06 104.5426661468944616 -0.6272056733576952814 0.7788536724014580859 1.723123384816739769e-05 -21.22992260697039413 4.077174643824252136e-06 -1.884051818345156413e-05 0.9999999998142057311 0.4949997077782346544
0.7384252909112555274 0.6743352947417926568 3.218747330260111691e-06 105.8536583143675927 -0.6743352947211488368 0.738425290828075509 1.269041555315106881e-05 -22.42875649311850594 6.180790678980541047e-06 -1.154143872620416144e-05 0.9999999999142965557 0.4949985672233216949
0.697657833799006144 0.7164311179200036905 1.473108287510054716e-05 107.0845977088088574 -0.7164311180144765645 0.6976578333367255969 2.695673527090662342e-05 -23.65564726175730925 9.03538862426283872e-06 -2.936038370916617963e-05 0.9999999995281647625 0.4950311993270531397
0.6508176588180979438 0.7592340710592052622 1.776593193693129519e-05 108.2547675289629865 -0.7592340712050852369 0.6508176582877954752 2.800669029543142091e-05 -24.98557087567692392 9.701251269400750686e-06 -3.171574944254501387e-05 0.9999999994499985112 0.4950435116952073278
0.6033606137132757619 0.7974684757366239385 -5.298818497979461954e-06 109.317763571044722 -0.7974684757432508597 0.6033606137265148384 1.237864291533608942e-06 -26.40765294673858676 4.184256130704400863e-06 3.47876215219035623e-06 0.9999999999851950649 0.4950247922677670775
0.5569429733768543889 0.8305507355787402624 6.164002419928117048e-06 110.2578450032500115 -0.8305507355538214176 0.5569429732498508701 1.48611932957900768e-05 -27.7771990928779644 8.909977188522250947e-06 -1.339635392591233052e-05 0.9999999998705750848 0.4950469506485593585
0.51082094854275506 0.8596871282778979495 -2.32674707174842377e-06 111.0990930389943827 -0.8596871282583611329 0.5108209485470666111 5.882181085580068576e-06 -29.20798584175669887 6.245386511692536935e-06 -1.004466813341311159e-06 0.9999999999799930039 0.4950503852395781168
0.4619241487868646634 0.886919433071806762 -3.057466554697627732e-06 111.8622555609379816 -0.8869194330614732502 0.4619241487964418358 4.339391609250181201e-06 -30.67105740814118775 5.261008381705018472e-06 7.072567279410820136e-07 0.9999999999859106037 0.4950606473400699925
0.4108313479656613976 0.91171135973617079 -7.679403931433889744e-06 112.5079026984594606 -0.9117113597583199613 0.4108313479863241469 1.268185908015733328e-06 -32.12924102688870676 4.311159367477735899e-06 6.480389274399818698e-06 0.9999999999697093411 0.4950688125164464659
