0.9999727208254474142 0.007386311999347235611 0 -0 -0.007386311999347235611 0.9999727208254474142 -0 0 -0 0 1 0.4949999999999998845
0.9999849143857436617 0.00547677233242923299 0.0004194853851308791054 0.2106926945612110635 -0.005476754436810185589 0.9999850015099377432 -4.379773190307959332e-05 -3.247724329731613253e-05 -0.0004197189636898093442 4.149965274319449433e-05 0.999999911056881019 0.494967938490232684
0.9999643482029453301 0.008441492368094790852 0.0002086429740388820887 2.465437579487195219 -0.008441475532461842346 0.9999643667953963533 -8.144046459426961047e-05 -0.0006618674189923066812 -0.0002093230184814296585 7.967630653497417598e-05 0.9999999749177794772 0.4945258034202063002
0.9999128926917558724 0.01319756457490852894 0.0001769755038513202094 4.629790995581465118 -0.01319754886259920552 0.9999129045410115602 -8.965829517465433271e-05 -0.01240097437949969246 -0.0001781433612288251369 8.731484242234136906e-05 0.9999999803205301685 0.4940945366047239662
0.9998182691021720858 0.0190630700344023192 0.0001677278527937402762 6.565703848967270773 -0.01906304963690462137 0.9998182760700982108 -0.0001223805142862791485 -0.05778858682818870107 -0.0001700303209438630623 0.0001191608695822414776 0.9999999784451880647 0.4937814240301055535
0.999674705217441173 0.02550399844086368578 0.0001726678397503336878 8.541533507845517903 -0.02550397707711605719 0.9996747128819614137 -0.0001248192716860191398 -0.1290607089710144317 -0.0001757950636368337514 0.0001203749520012286592 0.9999999773029827344 0.4934985272270911993
0.9994373202436876991 0.03354117320172336769 0.000180572979648534784 10.54318303918933708 -0.03354115088013454038 0.9994373294562072241 -0.0001252569883700768575 -0.2160295887782263113 -0.0001846726428935288958 0.0001191298832431171714 0.9999999758520424775 0.4932116852178443644
0.999156062061568595 0.04107471071615122205 0.0001782903137657816694 12.56476810864658056 -0.04107468703407794741 0.9991560698868874324 -0.000134519420892521347 -0.3331725023567760346 -0.0001836651954999825331 0.00012708267601063789 0.9999999750585442104 0.4929277106790048713
0.9988214485262074671 0.04853536040729541229 0.0001809872233634041009 14.57170765999523177 -0.0485353368579249031 0.9988214573038545208 -0.0001323167578651023783 -0.4631104600443437525 -0.0001871959637241213381 0.0001233765399021894359 0.9999999748679497813 0.4926280326103253393
0.9984514592454987181 0.05562958801632481021 0.0001801940640033517481 16.57534465654626032 -0.05562956568026607151 0.9984514687129314447 -0.000126686414082456027 -0.5999248133453461973 -0.0001869625408801711534 0.0001164661174885391943 0.9999999757403253975 0.4923560237052488353
0.9979687215858165095 0.06370555053934646994 0.0001832186729907049594 18.59463826573775336 -0.06370552797808694268 0.9979687318334683477 -0.0001264514321134284261 -0.7573576559671454378 -0.0001909021648320194896 0.0001145225317506166419 0.9999999752204760117 0.4920319037642290616
0.9974072421804979216 0.0719635967033826901 0.0001843844865249373913 20.61045113975917431 -0.07196357492399348132 0.9974072533141536967 -0.0001221585331125026345 -0.920676491314256884 -0.000192697391669363258 0.0001085728388096971196 0.9999999755398264467 0.4917244956459226879
0.9968341711026997842 0.0795085007782724007 0.0001833799809162912073 22.61659350374833721 -0.07950847878277969571 0.9968341819772930101 -0.0001242800943749368435 -1.110414691367880735 -0.0001926807572480362539 0.0001093063815389359839 0.9999999754631198057 0.4914064609105325276
0.9964747579040941217 0.08389292921703303541 0.0001824543654879273562 24.63030760656876694 -0.08389290670392852978 0.9964747683152219704 -0.0001277424099721665915 -1.311904906183285924 -0.0001925278565354913052 0.0001119854599894973312 0.9999999751961400341 0.4910635874780526211
0.9963872916057132656 0.08492545308966555073 0.0001804061502715019819 26.67545256635943218 -0.0849254317021379268 0.9963873021576608036 -0.0001230910897053653192 -1.502817944560423058 -0.0001902079639262002424 0.0001073253272987967957 0.9999999761511018104 0.4907390680957968709
0.9961854432296453066 0.08726127856697461771 0.0001787804362592552759 28.73441575848035967 -0.08726125580797272629 0.9961854526009453759 -0.0001313898683685628052 -1.709704432143396513 -0.0001895637177157081686 0.0001152880688747414116 0.9999999753871284813 0.4903823833457522374
0.9959867000452766739 0.08950117952875498439 0.000179438329497762732 30.75631080860873112 -0.08950115620092728708 0.9959867092793597276 -0.0001340887839983942345 -1.915795588577236863 -0.0001907192956444947538 0.0001174907075308321148 0.9999999749110414227 0.4900197991204016668
0.9959481934103535661 0.08992865627424420638 0.0001811783498927664181 32.76465156455967787 -0.0899286334174315416 0.995948203390997211 -0.0001305991977181161724 -2.112017565842722711 -0.0001921888624303308283 0.0001137769136175174986 0.9999999750591269665 0.4896275214501259465
0.9960402103112010463 0.08890369251856257427 0.0001813891281465255438 34.83358817992650103 -0.08890366827007441242 0.9960402194809331311 -0.0001376471265581095515 -2.32522672154319654 -0.000192908204826106451 0.0001209759140091350063 0.9999999740756257971 0.4892271889426845766
0.9961468046728247927 0.08770126486090383533 0.0001780004247526436104 36.84185656850606705 -0.08770123902804918825 0.9961468118411844763 -0.000148100713019959395 -2.539165577921976613 -0.0001903031754823749527 0.0001319191942462734802 0.9999999731910131917 0.488850147702884541
0.9965264009211493024 0.08327724985118635515 0.000178680151249590777 38.91278935064034528 -0.0832772232089543929 0.9965264076185569309 -0.0001517092356834123009 -2.745396787995215249 -0.0001906934171622353096 0.0001363022717834672158 0.9999999725288550856 0.4884289395793400268
0.9965884192251157625 0.08253175369583289067 0.0001797234206353766958 40.94250778205417163 -0.08253173037795703826 0.9965884284171824259 -0.0001335216206712010374 -2.925721590822220719 -0.0001901300548310742486 0.000118233215982604771 0.999999974935733893 0.4880504981616029525
0.9967649088007792813 0.08037215186613931583 0.0001838206001251900057 42.96784567840353475 -0.08037211797819780734 0.9967649113397325511 -0.0001848670499314929584 -3.161168422382066634 -0.0001980840867983407413 0.0001694949372051486798 0.9999999660170796334 0.4875763250551554684
0.9970250926529358182 0.0770774366731037941 0.0001826979495476193554 45.03845816418795778 -0.07707739995188844784 0.9970250921354529838 -0.0002001778725121993764 -3.378017607185253457 -0.0001975836372725895524 0.0001855004789608711094 0.9999999632751384038 0.4871906427223567926
0.9973772134816065726 0.07237859700334879631 0.0001809025293160185439 47.11368238286657117 -0.07237856669250758435 0.9973772177961320873 -0.0001688402132607217342 -3.55858089975726033 -0.0001926484791350512038 0.0001553039156426758844 0.9999999693836278958 0.4868715203703544714
0.9977709466780427805 0.06673158487251341919 0.0001831606876852732025 49.17978714771401627 -0.06673155265441631234 0.9977709499948598237 -0.0001767170570982658489 -3.755105330869669356 -0.0001945450226476209087 0.0001641005482806052475 0.9999999676116213543 0.4864438122988794522
0.9982242719264361464 0.05956734475492380526 0.0001854130984992370277 51.30592042114302131 -0.059567308817059135 0.9982242725037009379 -0.0001936671961031127939 -3.96004584724853359 -0.0001966200960000513307 0.0001822787365290324982 0.9999999640574991355 0.4860407818104667266
0.9987202085279640595 0.05057579290164187363 0.0001850742087492825323 53.42291349278105628 -0.05057575643601073395 0.9987202081567090328 -0.0001966788696834182609 -4.140776851276711135 -0.0001947845420677591797 0.0001870668936389768377 0.999999963532478886 0.4856499233533589921
0.999116030083198936 0.04203717891235692061 0.0001844508374141542529 55.50922322056396752 -0.04203713944897308902 0.9991160260964658812 -0.0002128529688876283318 -4.325663274632333355 -0.0001932355260225502138 0.0002049110276925717366 0.9999999603357501154 0.4852556258965528557
0.9994831043754238697 0.03214793674365223203 0.0001850227669425203608 57.6072787066487777 -0.0321478972984845443 0.9994831002103160555 -0.0002123569961769908299 -4.489237476200415244 -0.0001917539679933717841 0.0002062991368652685603 0.9999999603355399502 0.4848466507593361952
0.9997237396548362964 0.02350340930758465161 0.0001847260185789251479 59.69101698386837995 -0.023503373611251481 0.9997237389132841434 -0.0001930916009505483555 -4.595985467660299584 -0.0001892132968992842436 0.000188696572767843324 0.9999999642959649382 0.4844622892716721752
0.9998746161644880281 0.0158340906112396998 0.0001831028820180937171 61.72649537326593361 -0.01583405818712588925 0.9998746177422781489 -0.0001771956336405642804 -4.684074001445676316 -0.0001858856558843310046 0.0001742741544842782127 0.9999999675375202957 0.4840891751684082145
0.9999740208197530622 0.007205821062304728492 0.0001839310382675809965 63.71816185205430827 -0.007205791493160676811 0.9999740250003432696 -0.000160921727690132801 -4.737619303812710569 -0.0001850858338337163826 0.0001595921783646645224 0.999999970136784766 0.4837460640777986876
0.9999999702507884614 -0.0001611995305207352249 0.0001830720237561934082 65.73884895677191764 0.0001612240550202391107 0.999999978032670378 -0.0001339540789132640105 -4.752272550049435829 -0.0001830504263999562821 0.0001339835905422686311 0.9999999742704688277 0.4834130922404694108
0.9999653371719150474 -0.008324118482970141453 0.0001830529216992933127 67.76365569805622613 0.008324142686407331668 0.999965345031503916 -0.0001318589937672043745 -4.761180987404515896 -0.0001819489681188955158 0.0001333781818009604039 0.9999999745524162931 0.4830247789605610631
0.9999048348868891933 -0.01379448051088740662 0.0001829740144882760304 69.7826258935154442 0.01379450316423786425 0.9999048437347877183 -0.0001231275518702100414 -4.735227741373591925 -0.0001812581227497989372 0.0001256398700446420254 0.9999999756800574957 0.4826883936503411077
0.9998724633579689769 -0.01596945191986612334 0.0001833741498702315777 71.72192577508057809 0.01596947592290411111 0.9998724713143894993 -0.000130186926772713358 -4.720400097670084172 -0.0001812717505382323323 0.0001330987122404712778 0.9999999747126421257 0.4823043373019086366
0.9998434068799971763 -0.01769542242144233474 0.0001837012783060519593 73.62506337493951492 0.01769544903869602406 0.999843412872591597 -0.0001442942822431161377 -4.709968972504452012 -0.000181119164773290266 0.0001475223633598689147 0.9999999727164996521 0.4819368339977428972
0.999882818987374189 -0.0153073308370728408 0.000184170406951863992 75.55515209968999102 0.0153073579070590847 0.9998828248044717704 -0.0001464826534549457506 -4.694380440102509766 -0.0001819065683100917926 0.0001492846508043827044 0.9999999723120460704 0.4815832166413492876
0.9999505503015100327 -0.009942991894785454046 0.0001840274978141724714 77.42607492221546295 0.009943019960535032578 0.9999505553692167314 -0.0001522271067048445092 -4.699023249069039565 -0.0001825048057543560587 0.0001540493682043698413 0.9999999714803934348 0.4812288081687901564
0.9999943866852200047 -0.003345562431951683898 0.0001838812038183023202 79.32960489262903536 0.00334559081002797163 0.9999943916017755008 -0.0001542379957315259805 -4.715234670607370226 -0.0001833641596951878882 0.0001548523212107346064 0.9999999711991711671 0.4808770086487256235
0.9999952795854865073 0.003067115540126902438 0.0001833336866688495628 81.13062934058801545 -0.003067088317745931495 0.9999952854362326171 -0.0001485826083457294448 -4.739127246239536184 -0.0001837885423575445049 0.0001480196063655952608 0.9999999721559833521 0.4805402463220632692
0.9999411721334338088 0.01084521956995497007 0.0001829948808449438494 82.8914080148534822 -0.0108451882857952854 0.999941174580285419 -0.0001710914304238101249 -4.801038398488674197 -0.0001848396402237526849 0.0001690967515418745858 0.9999999686202972748 0.4801812857766787901
0.9996875553228048439 0.02499517088130816592 0.0001821196331535991121 84.57581305874340671 -0.02499513807457715009 0.9996875564834816208 -0.0001802413691196931827 -4.881260293631325631 -0.0001865678948760170967 0.0001756329482865359943 0.9999999671727433093 0.4798499667913198596
0.998987048147473633 0.04499827241842553616 0.0001819757872798623331 86.17856631303121162 -0.04499824256588826066 0.9989870524494174342 -0.0001649443509510888669 -4.968594930710869662 -0.0001892136661898491683 0.0001565886796480917519 0.9999999698390863445 0.4795577546506417654
0.9972619965871615255 0.07394915283137040718 0.000181550939005584546 87.68823761657303351 -0.07394912240678705451 0.9972620010586112915 -0.0001689439934033410719 -5.108488657098565255 -0.0001935471179149049947 0.0001550558915612329069 0.9999999692485911362 0.4792500865279007427
0.993809620548647521 0.111096377974911939 0.0001814057368918180885 89.11792837336533069 -0.1110963478596298376 0.9938096261969602274 -0.0001684421048620831935 -5.290433227012504958 -0.0001989960753190896461 0.0001472458694679364545 0.9999999693596072214 0.4789598798266369029
0.9874978133429055394 0.1576325972164624167 0.0001814938159326849067 90.44668969574325956 -0.1576325669817760233 0.9874978201437789593 -0.0001704120102480763887 -5.532266029832450194 -0.0002060872353753853681 0.0001396721513905571275 0.9999999690098700933 0.4786749788800202521
0.9777347383582840612 0.2098445823269008137 0.0001807698510298700321 91.67857972392050669 -0.2098445514716488214 0.9777347459124934304 -0.0001756568446165130142 -5.833068731947119723 -0.0002136056015567427177 0.0001338122307030083181 0.9999999682334662632 0.478394791621930493
0.9638901528746407488 0.2663000945813008835 0.0001811615971203928946 92.87380003102910564 -0.266300064558325944 0.9638901625068302392 -0.000173899454277219828 -6.195483596524689496 -0.0002209293224100327519 0.0001193766265594359434 0.9999999684697270519 0.4781223762288274171
0.9455679425779862646 0.3254246967843285043 0.0001808145306041114911 93.97021777398889242 -0.3254246667906782742 0.9455679536602410451 -0.0001767970381827284852 -6.616119357585024119 -0.0002285065482383485285 0.0001083321032755683736 0.9999999680244556766 0.4778486647661647768
0.9215997448591776164 0.3881415685464974508 0.0001817800749127271016 94.97621516492797866 -0.3881415409917810533 0.9215997588077990965 -0.000169482048023420406 -7.076287934908741306 -0.0002333115011559162345 8.563821381836779208e-05 0.9999999691159191517 0.4775970305387555181
0.8909400356403552879 0.4541209303335783654 0.0001831075104472273539 95.94079551400817252 -0.454120904917603152 0.8909400521874313306 -0.0001647036942887140974 -7.602182292950239173 -0.0002379332097935315464 6.358816691818076287e-05 0.999999969672165645 0.4773352062234438864
0.8512961704211957636 0.5246854252618339265 0.000186403453166843864 96.85714400122716938 -0.5246854029825220866 0.8512961900719696606 -0.000157061293299359903 -8.191510334860460318 -0.0002410923209641413479 3.590250656496614466e-05 0.9999999702927507839 0.477076172120072306
0.7952306411039221645 0.6063070101801105727 0.0001919847198570669915 97.66443112615246491 -0.6063069935221201412 0.7952306642713679041 -0.0001421651119932375784 -8.810114949904821913 -0.0002388678403064283917 -3.347625145731586999e-06 0.9999999714654734806 0.4768436715909924462
0.719864090093041975 0.6941150147293809747 0.0001952536311466552253 98.37866332638716926 -0.6941150021483861732 0.7198641156335026103 -0.000137178619370320067 -9.496129620768586577 -0.0002357738219144030136 -3.67785125896056143e-05 0.9999999715290223135 0.4766070207614786503
0.6286402597560752925 0.7776962051618875327 0.0001905068133765609913 99.01549313479911518 -0.7776961923380021346 0.6286402863653937079 -0.0001509425104575847225 -10.30480493079981663 -0.0002371476752960721517 -5.326788439510771525e-05 0.999999970461755594 0.4763357581197323887
0.5320870314627823561 0.8466896451541718882 0.0001890504146668007483 99.5070153691433319 -0.8466896344780555639 0.5320870594045928881 -0.0001551896341265352928 -11.12326320569347438 -0.0002319887354694788863 -7.749263475597491018e-05 0.9999999700880585207 0.4761165633009737941
0.4344948988047910854 0.9006742751056122653 0.0001818731064318417588 99.91214717612277241 -0.9006742651598906857 0.4344949269180057305 -0.0001629829451353686696 -12.02783336141217418 -0.0002258174880518297543 -9.299316823434683194e-05 0.9999999701793657048 0.4758854020882677949
0.3416694328399186853 0.9398201761151179223 0.0001877019701766865166 100.2560680166928364 -0.9398201704710328341 0.3416694626587398753 -0.0001595760614278720442 -12.99968167016193732 -0.0002141048334451549134 -0.0001218838352063132067 0.9999999696517248848 0.4756846478827977398
0.2545450705298599181 0.9670608929770027062 0.0001906454910822578139 100.5094462133243951 -0.9670608906826960727 0.2545451012013342784 -0.0001586462269234041112 -14.0138472598165027 -0.0002019484376970908095 -0.0001439831833891342891 0.9999999692428350739 0.4754820092094055872
0.182859558694145663 0.983139025728508642 0.0001946432996320570264 100.7004629272999239 -0.9831390265141313201 0.1828595900620293979 -0.0001577004299722578422 -15.10172103279544054 -0.0001906338410589311617 -0.0001625243930871548854 0.9999999686222796891 0.4752791331827924126
0.1285447275806801404 0.9917036919516589721 0.0002009549464163658098 100.8386440272403775 -0.9917036955681401977 0.1285447600077234409 -0.0001577126592470903322 -16.23194324654584619 -0.0001822359318023101355 -0.0001790146321848657535 0.9999999673719125459 0.4750831518639664908
0.0868364356799977144 0.9962225619191026338 0.0002014049800278147314 100.9378265350559332 -0.9962225665022511611 0.08683646850899882919 -0.0001604081851820818403 -17.4653931873740369 -0.0001772915504006282797 -0.0001867149110545352679 0.9999999668526232677 0.4748723980021147262
0.05729052340304230384 0.9983575292017813352 0.0001995408541788210217 101.0009667167503409 -0.998357533946424347 0.05729055625956975401 -0.000163027960543797167 -18.75741951778258709 -0.000174191998411725175 -0.0001898731579106462185 0.99999996680266523 0.474649815106729267
0.03530982326141234029 0.9993763942295491587 0.0001975859933742381053 101.0374256871038341 -0.9993763990538093722 0.03530985597155644057 -0.0001645835393423562506 -20.15682854930609125 -0.0001714576370655424855 -0.0001916513628758996968 0.9999999669360158938 0.4744192468158960896
0.01496985103218126043 0.9998879268962748146 0.0001928973216055854853 101.0400544966183247 -0.9998879314101999372 0.0149698829328146002 -0.0001650073993140586807 -21.59094360972098059 -0.000167876556745169054 -0.0001904055676878379177 0.9999999677815902821 0.4741879100600268626
-0.004170938912380513057 0.9999912845497775926 0.0001846491475000462755 101.0074581055646519 -0.9999912879992707282 -0.004170908332934879399 -0.000165684852494435539 -23.12840456733164984 -0.0001649132538083737437 -0.0001853386002349997311 0.9999999692266103857 0.4739444368662743545
-0.01814834547861620545 0.9998352887670299838 0.0001813691573870564763 100.9562744803362335 -0.9998352919735324917 -0.01814831541472270923 -0.0001660543325413777144 -24.77127608870883435 -0.0001627354368527620331 -0.0001843528958262631448 0.999999969765593022 0.4736954466157691224
-0.02881664890915936958 0.9995846978093835267 0.0001807019707184593261 100.8822198975257578 -0.9995847012093311834 -0.02881661898469785321 -0.0001660746079559718568 -26.47404883458575142 -0.0001607984169675041452 -0.0001854126390787420268 0.9999999698830104311 0.4734352184139072883
-0.03867177700463217405 0.999251952785909503 0.0001688759399518411047 100.7755127592751734 -0.9992519543876056121 -0.03867174905087504555 -0.0001657713162809889976 -28.28158176852132399 -0.0001591165835391206965 -0.0001751602844229039539 0.9999999720003932557 0.4731575090870405731
-0.04956329329104628562 0.9987709698636126898 0.0001723893165772759015 100.6618473426255349 -0.9987709724646098852 -0.04956326488151747978 -0.0001653439273845213958 -30.0899751874087471 -0.0001565965373546339369 -0.000180372434927247822 0.9999999714716536481 0.4728835283526729993
-0.06154213983685614259 0.9981044718260142501 0.0001683670003365925661 100.5158085914564481 -0.9981044741990038327 -0.06154211226285825898 -0.000164330120605229329 -31.92075461300386152 -0.0001536569673957123453 -0.0001781610836051127186 0.9999999723240817762 0.4726035625252772987
-0.07810989534227107123 0.996944740562990761 0.0001688657548037103963 100.3423550569083602 -0.9969447433620711729 -0.07810986759025009829 -0.0001651363077763115972 -33.76903956726738443 -0.0001514416917653397968 -0.0001812486063030443204 0.9999999721071776149 0.4723295249907180637
-0.09473245055776702284 0.9955027538897569528 0.0001726599627461629306 100.135585109372002 -0.9955027578411804745 -0.0947324222753984091 -0.0001652352024100972681 -35.69244525107077237 -0.0001481356025378592102 -0.000187536604725277884 0.9999999714429321784 0.4720597723332751183
-0.1148553725252635799 0.9933822086853985045 0.0001757032580278927074 99.89441007330714228 -0.9933822138421547487 -0.1148553439566818435 -0.0001648905224275282687 -37.61648334501322211 -0.0001436188532252440715 -0.0001934790538183265673 0.9999999709697399153 0.4717877456471296083
-0.1378361243257834878 0.9904550322603593582 0.0001786146975015189258 99.6170996300584477 -0.9904550388225122903 -0.1378360957226383021 -0.0001636742733818251447 -39.49375491201917754 -0.0001374924551802970908 -0.0001994700546429277823 0.9999999706537604505 0.4715294581095306747
-0.1643733061886195612 0.9863981883302053166 0.0001739935158380913978 99.27691752641639766 -0.9863981947037534503 -0.1643732783451731794 -0.0001638702806566530435 -41.38301522593916104 -0.0001330414633517750011 -0.0001985627897304433401 0.9999999714363929648 0.471267998743932548
-0.1895594252132005997 0.9818692346224747736 0.0001744045563617004633 98.87793210769878272 -0.9818692416642336163 -0.189559397291862497 -0.0001648462357940142376 -43.33612150101775029 -0.0001287974247805861875 -0.0002024906272033230451 0.9999999712043842193 0.4710190146935823718
-0.2119951884400479436 0.9772706939661630621 0.0001754861679279070468 98.43201869799740678 -0.9772707018093617082 -0.211995160455257986 -0.000165320354551706729 -45.27994977552082645 -0.0001243605192919235982 -0.0002065446102049058302 0.9999999709368919687 0.4707802023199960106
-0.2202134778408905702 0.9754516890336207835 0.0001629138075890327469 97.93900399410000546 -0.9754516946628264407 -0.2202134516124100716 -0.0001646529721064284165 -47.24030752980287673 -0.0001247352078611203288 -0.0001951733533210914153 0.9999999731742443831 0.4705242687125750778
-0.2198410229526972515 0.9755356970519402093 0.0001685429601860267848 97.45617202400825363 -0.9755357038087324462 -0.2198409960615667624 -0.0001644606088091031548 -49.19892112334623135 -0.0001233845424057138324 -0.0002005748637630994785 0.9999999722729889795 0.4702945910145840402
-0.2121715586084996219 0.9772324209542274653 0.0001586058396605381511 96.95320906020279494 -0.9772324254666214793 -0.2121715327715651134 -0.000165227786270723384 -51.20082490601468805 -0.0001278143054789492039 -0.0001900514063231292772 0.9999999737719829085 0.4700282086149095706
-0.1999683326993331733 0.9798023473941328554 0.0001611230221710553516 96.48404558974974066 -0.9798023521914628331 -0.1999683066731798575 -0.0001642211016510664826 -53.22889693634602537 -0.0001286847229797543279 -0.0001907077360066087429 0.9999999735354000441 0.4697786314337591973
-0.1874792442568940232 0.9822685496201201127 0.0001714709366334550773 96.05672982969223028 -0.9822685561073647431 -0.1874792168447952656 -0.0001641226599330329692 -55.23167332681180142 -0.0001290652902205328663 -0.0001992001015909976216 0.9999999718307343022 0.4695327061091049692
-0.1770489270314613839 0.9842020373632487384 0.0001645881857157513071 95.6286307224249299 -0.9842020422901630594 -0.1770489005589147569 -0.0001636000733894233284 -57.26112782048681282 -0.0001318753682166873048 -0.0001909532459741409031 0.9999999730728718061 0.4692611811010177214
-0.1664313553508243448 0.9860530311971728024 0.0001537048720731443066 95.20026621524188215 -0.9860530338409644324 -0.1664313303029415214 -0.0001635507732955390845 -59.36958407990128705 -0.0001356884294295310981 -0.0001787811322921133074 0.9999999748129779764 0.4689703816539677605
-0.159072727291725724 0.9872668553350847365 0.0001542432421758846049 94.79314909135688083 -0.9872668578717731513 -0.1590727021301643895 -0.0001636680682613794377 -61.50366203473488014 -0.0001370481697529447667 -0.000178314367039846542 0.9999999747108923032 0.4686885761856917632
-0.1506212409747267333 0.9885915287146849195 0.0001764171987041542066 94.44422153039167256 -0.9885915350282549197 -0.1506212124950144504 -0.0001649825539933377902 -63.59275417093449789 -0.0001365281828897332969 -0.0001992544262939808825 0.9999999708288638267 0.468438852956985341
-0.1444338923806242625 0.9895144331340416377 0.0001932703569761926629 94.12371488295512734 -0.9895144427008865096 -0.144433861477155534 -0.0001653704453638010926 -65.63278602348572122 -0.0001357216585341458582 -0.0002151289066825098645 0.9999999676495916479 0.4681838782187388026
-0.1388196449215087225 0.990317660616521267 0.0001930210337455886063 93.80542047660453875 -0.9903176697721609578 -0.138819613714590645 -0.0001666955362685157752 -67.69603571972726286 -0.0001382864281692994105 -0.0002142927555107408157 0.9999999674777387826 0.4678866904179498909
-0.131334851868433411 0.9913380468733685724 0.0001830525174025190039 93.49303516595496433 -0.9913380536946928556 -0.1313348219629027758 -0.0001668503026887446642 -69.73167746624378083 -0.0001413638834047695105 -0.0002033801861135566891 0.9999999693263755818 0.4675846590165195216
-0.1215353627669943093 0.992587085388661694 0.0001830818647996986805 93.20742851137747209 -0.9925870919671379022 -0.1215353328575998482 -0.0001665222070553516265 -71.76174233162841176 -0.0001430368767749372436 -0.0002019630326166863335 0.9999999693756920216 0.4673045260361830544
-0.1035719717114363114 0.9946219461140922702 0.0001760291280897358307 92.9435223641183228 -0.9946219509375194834 -0.1035719429448355849 -0.0001653786768814300714 -73.76478688790982119 -0.0001462575826344423256 -0.000192211030446081901 0.9999999708318191294 0.4670137312393428108
-0.07894109786445598076 0.9968792676555562338 0.0001696723568456705506 92.72405606588608862 -0.9968792708441267525 -0.07894107025867216909 -0.0001636762957091514434 -75.68262440082820319 -0.000149771388356404611 -0.0001820636418523843337 0.9999999722106800437 0.4667254669628085884
-0.04845836826249649842 0.9988251871306775831 0.000179167340389835934 92.58923096083441351 -0.9988251911515318993 -0.04845833903675607346 -0.0001640156607567305204 -77.57029976146343131 -0.0001551408213227785957 -0.0001869047843027558226 0.9999999704989628313 0.4664583207409067067
-0.01415883122699211627 0.9998997423237818705 0.0001811114374282723908 92.51416985545080252 -0.9998997457447328374 -0.01415880162411455034 -0.0001637022308434592558 -79.38570958161979263 -0.0001611214975237980568 -0.0001834111124939873474 0.9999999702001128865 0.4661739986377243516
0.02446136201502307692 0.9997007617493515186 0.0001694944510288973769 92.48777878369696737 -0.9997007619558855307 0.02446138985514642941 -0.0001641749347843159839 -81.1309526905335332 -0.000168271877208932719 -0.0001654277893273312528 0.9999999721591101842 0.465869622236432912
0.06629899211804830828 0.9977997895590632327 0.0001536302468789097083 92.52448088331561848 -0.9977997857006837279 0.06629901759081391344 -0.000167105940250711105 -82.87833021327054439 -0.0001769238064565348528 -0.0001422132719973583678 0.9999999742366756372 0.465560520922514598
0.1062799243918457898 0.9943362377172405564 0.0001550348982353740674 92.63476569877140321 -0.9943362328400771055 0.1062799500875127728 -0.0001681458672591376298 -84.58809793950952383 -0.0001836706302844316155 -0.0001362862866110040841 0.9999999738455733755 0.4652620711642797557
0.1456776056983508649 0.9893321024819808907 0.0001618604702591140373 92.81590729816973351 -0.9893320977307368258 0.1456776323013134755 -0.0001668802442023653348 -86.21725096419743295 -0.0001886794329299574277 -0.0001358230441673761676 0.9999999729760855605 0.4649772918090909757
0.1826944090078609362 0.9831697338554160615 0.0001653788730329911838 93.04267557428970292 -0.9831697288224261477 0.1826944359226073122 -0.0001655668746687825182 -87.7545285307019185 -0.0001929941400256587273 -0.0001323473594339126178 0.9999999726187187576 0.464689698467758705
0.2213121948844059272 0.9752029947678184651 0.0001771822718450252894 93.33998529670394362 -0.9752029908967354555 0.2213122234665295673 -0.0001621499157804070959 -89.26039248319075625 -0.0001973416860112762073 -0.00013690292767546368 0.9999999711569229621 0.4644056393514817693
0.2666123679907975719 0.9638038270216070513 0.0001680924639511643004 93.67048597157341305 -0.9638038199246768967 0.2666123949741457944 -0.0001659728398333838967 -90.72145973150392706 -0.0002047807926041848414 -0.0001177577470065473489 0.999999972098969403 0.4640866100830524088
0.322506125935920096 0.9465673611029237211 0.0001721356558083494298 94.09360877800465062 -0.9465673532519048861 0.3225061531200542064 -0.0001641938482736194564 -92.13943754862442859 -0.0002109353458392423746 -0.0001099844702095549635 0.9999999717048473347 0.463790860694527074
0.3865623863247972802 0.922263243708085878 0.0001754598258624048455 94.58203612132629701 -0.9222632348444391726 0.3865624134040209769 -0.0001618634063740216373 -93.44616878819111605 -0.0002171068439409657813 -9.924984195850127542e-05 0.9999999715070430062 0.4634952481525115853
0.4568626676226273386 0.8895372240733895319 0.000172982014910022969 95.11548098751637781 -0.8895372128965594039 0.4568626933942516732 -0.0001620463009520047449 -94.61001842933499972 -0.0002231752459607650916 -7.98410340929809443e-05 0.9999999719091087202 0.4632029380702461507
0.5300613029742082816 0.8479593070776063612 0.0001692098781110674738 95.78220538027699149 -0.8479592926009512643 0.5300613270881622263 -0.0001661910441829693712 -95.81325786405396627 -0.0002306148552158732146 -5.539164712188503442e-05 0.9999999718742764721 0.4628846938056487836
0.60664915506516226 0.7949696674207015201 0.0001747626300776546743 96.55939849838262035 -0.7949696518471360829 0.6066491788940743257 -0.0001624543671677777085 -96.92522199120949722 -0.0002351659002763868212 -4.037818260974497124e-05 0.9999999715333003358 0.462580398198696674
0.689684494553465588 0.724109979528909653 0.0001884712321090976266 97.43294384369382044 -0.7241099648806221811 0.6896845194960576908 -0.000149433291782318661 -97.87343476077852245 -0.0002381918290094253807 -3.341207295117730312e-05 0.9999999710741422909 0.4623069835867184563
0.7605583670202303859 0.6492695393056141517 0.0001889116956669099499 98.37723364578411633 -0.6492695229232142706 0.760558390396452233 -0.0001462971359803780659 -98.72113809213709601 -0.0002386646492632003901 -1.13870956792971653e-05 0.9999999714547589402 0.4619961520309187053
0.8188755721836636914 0.5739710463414362529 0.0001877360557815181642 99.36142296952840525 -0.5739710281297317751 0.8188755936302183347 -0.0001450058230067696936 -99.43980729310371203 -0.0002369616180806832296 1.098666933069296497e-05 0.9999999718642417212 0.461708134386699498
0.8639389722351501488 0.5035964828881668298 0.0001862207651277777477 100.3685169842529206 -0.5035964632447565981 0.8639389917638100602 -0.0001439435182509193119 -100.0378238094040171 -0.0002333728295956892377 3.057829651652948751e-05 0.9999999723010445374 0.461425080918205055
0.8976879413698047872 0.4406317361633523277 0.0001816786845970903114 101.4371745469107537 -0.4406317135591605871 0.8976879579838153989 -0.0001519835456271396729 -100.5856272376702663 -0.0002300595409630962998 5.638040608492065307e-05 0.9999999719469281345 0.4611353585558190527
0.9235585087195645748 0.3834574906919979709 0.0001838644141518541416 102.5506373335380488 -0.3834574681676835017 0.9235585247445882162 -0.0001465614629948494584 -101.0459134380149209 -0.0002260096379192675102 6.48539034624764731e-05 0.9999999723568068211 0.4608691266834387124
0.9422863919333923644 0.3348078868909560302 0.0001856205660554729499 103.7205371408690837 -0.3348078644219407707 0.9422864074835116677 -0.0001421100604194386373 -101.4534262274607386 -0.0002224873053784458916 7.176115077624455041e-05 0.99999997267486751 0.4605995383401371712
0.9539623780477228809 0.2999262377110033517 0.0001822204398612644368 104.9112090053228883 -0.2999262128066315092 0.953962391173953983 -0.0001519847876397689181 -101.8385558595123968 -0.0002194156720769232334 9.033508302036453075e-05 0.9999999718481671351 0.4603096252161142377
0.9599299857711566242 0.2802398803350356071 0.0001785761031967789548 106.2395988123688682 -0.2802398524105391142 0.9599299961202696352 -0.000166348101552577681 -102.2498721690165553 -0.0002180379301219116737 0.0001096383899525102336 0.9999999702194415363 0.4599917001384615234
0.9609541159457076764 0.2767077076044506811 0.000177768180162046302 107.5827786746813217 -0.2767076798760460532 0.9609541260901683923 -0.0001656808040891800319 -102.6358872769666561 -0.0002166722217078379897 0.0001100218299342651607 0.9999999704741719952 0.4596949366148367355
0.9557382242930357874 0.2942183120304969757 0.0001774636651176621639 108.9392341593470519 -0.2942182850249290271 0.9557382351170317092 -0.0001633848332133762849 -103.0500431847291338 -0.0002176796199363782475 0.0001039400751666091677 0.9999999709060212183 0.4593888580999787585
0.9491726859283721174 0.3147557483329144201 0.0001765818208575084395 110.2626093497883488 -0.314755721356407725 0.9491726970023619536 -0.0001647449615775407709 -103.4930642556920901 -0.0002194610668103253435 0.0001007912792712878082 0.9999999708389784026 0.4590796542055414209
0.9399068497004660072 0.3414309341459870195 0.000176342215101815171 111.6265208231048973 -0.3414309075799322746 0.9399068615059245069 -0.0001644550368955507253 -103.9869247342233649 -0.0002218952948196104317 9.436373309900258249e-05 0.9999999709289814076 0.4587636795526437994
0.9268633648141489934 0.3753988179242839229 0.0001745527896707197834 112.9856473695686248 -0.3753987912193999521 0.9268633768845362386 -0.0001677600667656175366 -104.5440788631882896 -0.0002247635188375313718 8.996375371746417968e-05 0.9999999706939411981 0.4584316408131230425
0.9079362233866467013 0.419108318682287595 0.0001774145759896124028 114.3269521015898391 -0.4191082940502300347 0.9079362379229186653 -0.0001603961208847326037 -105.1454317837476111 -0.0002283044712238597659 7.127352795930078295e-05 0.99999997139857566 0.4581118181057655114
0.8815978761633167515 0.4720012220016140958 0.0001765659780697534712 115.5779174882538882 -0.472001198282887835 0.881597891923001864 -0.0001605573714931144021 -105.8095034388872335 -0.000231443469597734816 5.820768448578059635e-05 0.999999971522892328 0.4577816623963638643
0.8466933434448230544 0.5320811504878414366 0.0001773809302666546825 116.7974009545973644 -0.5320811282055756264 0.8466933610608171623 -0.0001592019188450897863 -106.5571020614097506 -0.0002348955961745356486 4.041415945134432277e-05 0.9999999715953766799 0.4574463828085664763
0.8101438033043221187 0.5862311736611742763 0.0001702870596089060048 117.9253667774648875 -0.5862311504146899832 0.8101438203427002716 -0.0001692519901517043981 -107.3830841750243366 -0.0002371778018576074494 3.72908721630635823e-05 0.9999999711780399592 0.4571022863012537685
0.771272335249533314 0.6365052703026273795 0.0001604928141482757679 119.0174595557969042 -0.6365052455366356776 0.7712723510180212738 -0.0001815536110936588718 -108.305601430590329 -0.0002393435003932264905 3.78727595248779203e-05 0.9999999706401707655 0.4567452193586685749
0.7358942302852826689 0.6770964902436782396 0.0001572728721519986732 120.0534289256302998 -0.677096466174194167 0.7358942465603219851 -0.0001826911793024657137 -109.2816150410209985 -0.000239435758060851017 2.795247881351447484e-05 0.9999999709445875906 0.4564070990873166922
0.7038552471585122206 0.7103434149583538471 0.000154515261796710294 121.0561765144741884 -0.7103433908274152664 0.7038552637922945721 -0.0001863918507866443939 -110.3305484391314053 -0.0002411586041600519538 2.143398720450513388e-05 0.9999999706915553288 0.4560576802213046621
0.6763916047964970701 0.7365421720082675483 0.0001606748132709138023 122.0412953711695963 -0.7365421500435208602 0.6763916238721380259 -0.0001799086217036505826 -111.4242880957509101 -0.0002411893848562865126 3.344908926458021553e-06 0.9999999709082454391 0.4557210321982715362
0.6554000776896665714 0.7552818759364541279 0.0001613955465313917531 123.023115835138654 -0.7552818546724904269 0.6554000975471167001 -0.0001792761711274661702 -112.5911821937894359 -0.0002411826997802017983 -4.401511235262471275e-06 0.9999999709057654229 0.4553580076423753287
0.6428872046814745334 0.7659608431616583557 0.0001697119729509123166 124.0165274948468692 -0.7659608245072749844 0.6428872267547209862 -0.0001702879675770926167 -113.7953078010053218 -0.0002395395748631193311 -2.051676726371050411e-05 0.9999999710999264435 0.4549966714637613263
0.634875253450824073 0.7726146380305162209 0.000183463780782370942 124.9896915952611209 -0.7726146235918722738 0.6348752784992092169 -0.0001554502288793289933 -114.9810171992014602 -0.0002365797412360893528 -4.305529647316071889e-05 0.9999999710881330994 0.4546472670643985081
0.6300903228954097823 0.776521830541626934 0.0001780114369111267985 125.9703690676011405 -0.776521814558201906 0.630090346992587258 -0.000161691777729392925 -116.2238851215256688 -0.0002377204832779390372 -3.6349339563295024e-05 0.9999999710838479716 0.4542569611152947329
0.6282360819301975319 0.7780227491363584935 0.0001648924790160203235 126.984827360098862 -0.7780227293397620203 0.6282361033265505545 -0.0001763803039240840489 -117.5416405718188173 -0.0002408192974374019646 -1.748162550471954414e-05 0.9999999708502286255 0.4538327424326421555
0.6264532170413584788 0.7794590037842106245 0.0001681680439991136854 127.9963217383198497 -0.7794589850300644995 0.6264532391910256903 -0.0001725259567402677181 -118.8377941049492534 -0.0002398263262593506218 -2.30006522669614613e-05 0.999999970977150987 0.4534533134304608581
0.6261915844272889498 0.7796692054442529995 0.0001722689790195561775 129.0288732263040288 -0.7796691878899747463 0.6261916074463808046 -0.0001679908852153106627 -120.159158895497626 -0.0002388507088831007437 -2.911833638849424015e-05 0.9999999710512300632 0.4530654153834877684
0.6265547818994318119 0.7793773640985328655 0.0001720814075955349955 130.0872137581009724 -0.7793773464629913938 0.6265548048733934339 -0.0001682634918450073066 -121.5179884440652103 -0.0002389591895065361284 -2.869005539283917157e-05 0.9999999710376926698 0.4526546637901487369
0.6279146749968042007 0.7782821660062089197 0.0001760754792548551047 131.173469944643557 -0.7782821493864726659 0.6279146987722942219 -0.0001643602862713014283 -122.8947497555064672 -0.0002384790611221287526 -3.383216671229599036e-05 0.9999999709915603496 0.4522447785921037688
0.6277533471737134496 0.7784122977193482784 0.0001728401468876797863 132.2964229789831734 -0.7784122801507117329 0.6277533702922692971 -0.0001679270654601008883 -124.3293454347118114 -0.0002392174776046164834 -2.912411541678519995e-05 0.999999970963391549 0.4518074491792868352
0.6265943301253347197 0.7793455676542297983 0.0001778615240368800214 133.4190045580210437 -0.7793455517008935907 0.626594354269886189 -0.0001619980447763253372 -125.7518252709604951 -0.0002376994849684273302 -3.710853122864845021e-05 0.9999999710609551729 0.4513862525589251162
0.6252626237593282843 0.7804143879904476 0.0001853357181285721653 134.5738902998174353 -0.7804143743007810885 0.6252626493565208721 -0.0001539695340850950813 -127.2106094221213368 -0.000236043541849658312 -4.836726363784770415e-05 0.9999999709720264196 0.4509557712236356708
0.6237536063800717123 0.7816210106583126871 0.0001850069315085321037 135.7806618450543112 -0.7816209965565794615 0.6237536320165167902 -0.0001558535718036967448 -128.7475391500823036 -0.000237217171784591315 -4.739107469580244126e-05 0.9999999707410490712 0.4504892998465772069
