0.9999727208254474142 0.007386311999347235611 0 -0 -0.007386311999347235611 0.9999727208254474142 -0 0 -0 0 1 0.4949999999999998845
0.9999664589102658097 0.008190302475027328236 1.436607199601372959e-06 0.003178770005288595983 -0.008190302483527821947 0.9999664588931402864 6.014514244054565199e-06 0.001450605853871592349 -1.387298323306979345e-06 -6.026078758207263053e-06 0.9999999999808806272 0.494988098984494973
0.9999167864078609691 0.01290039765744560932 -1.512705978378774518e-06 0.02141007383139235942 -0.01290039764621652048 0.9999167863831431857 7.211753838209451528e-06 0.003991618616452682032 1.605614592963728171e-06 -7.191639213624027535e-06 0.9999999999728509392 0.4949856961134944666
0.9999109314727274711 0.01334650229740202629 2.116602660295284713e-08 0.002548727947115112229 -0.01334650229730675007 0.9999109314695744377 -2.511687435329386417e-06 0.0009995591114386091162 -5.46863835020621867e-08 2.511181230605871741e-06 0.9999999999968453013 0.4949785582981565679
0.9998977667730380992 0.01429881123703462611 -1.315759370926313499e-06 -0.0001448373181671295878 -0.01429881122170722184 0.9998977667135958702 1.100190708857226303e-05 0.01260513304716190559 1.472939049228550451e-06 -1.098196853324980372e-05 0.9999999999386132155 0.494999132473757264
0.9999568060057841823 0.00929441359798516796 -9.014177497966053386e-07 -0.01400094965298850046 -0.009294413596724645024 0.9999568060052325125 1.392606425551900757e-06 0.009007973667148177696 9.143222740613482549e-07 -1.384168123927959434e-06 0.9999999999986238786 0.4949831461349529782
0.9999355559921239145 0.01135270297408837864 -3.69865668081987467e-07 0.001750016567263938368 -0.01135270297206548637 0.9999355559793305925 5.076173601873244433e-06 0.01486524953529932969 4.27470123598204709e-07 -5.071647497832366249e-06 0.9999999999870475831 0.4949949018335642048
0.9999532235927205415 0.009672157389100329017 -4.465551834975216292e-07 -0.007676671446066877375 -0.009672157387166958886 0.9999532235842452099 4.145699804066662018e-06 0.01790652996145764009 4.866321562396744274e-07 -4.141186731107306038e-06 0.9999999999913066207 0.4949896531423226276
0.9999350229625169062 0.01139955502743835586 -5.996818991795342847e-07 -0.0173129694231592586 -0.0113995550259861373 0.9999350229599005546 2.371720313169708115e-06 0.01782276252630414157 6.266794898444486463e-07 -2.364730099002221782e-06 0.9999999999970073938 0.4949856511664561531
0.9999597160325979228 0.008975873773756701604 2.058232875108375723e-06 -0.004585492898533063966 -0.008975873749114479314 0.9999597159666706592 -1.168451497982327105e-05 -0.00349694318090108423 -2.163028692752845193e-06 1.166556984276951444e-05 0.9999999999296176334 0.4949639619750318964
0.9998972425214636139 0.01433542466076335835 -3.620665009786869688e-08 -0.01278474483047550153 -0.01433542466063274928 0.9998972425185032042 2.434198841384750585e-06 -0.003319916189747385785 7.109820369371094534e-08 -2.43342967154486159e-06 0.9999999999970364817 0.4949930730527154488
0.9999307540300534924 0.01176805621660313196 -6.361544263113058139e-08 -0.01149226089453515495 -0.01176805621602456699 0.9999307540127253535 5.888263446116266052e-06 -0.006038951275811966883 1.329044527689278889e-07 -5.887107077497553166e-06 0.9999999999826619801 0.494997162638798005
0.9999512416312373864 0.009874936069333201463 7.655296707417635277e-08 0.004187113082487437139 -0.009874936069628331703 0.9999512415966520518 8.316696443784539114e-06 0.000545426910626217341 5.577611216421770723e-09 -8.317046890888245124e-06 0.9999999999654131111 0.4950005320748596116
0.9999193312810000789 0.01270161141829148979 -4.110898949654485203e-07 -0.006767703267008136001 -0.01270161141694793779 0.9999193312762320041 3.12063055896118792e-06 -0.003438269176596840324 4.506937696082109306e-07 -3.115157317588243959e-06 0.9999999999950460738 0.4949870170700584882
0.9999362051061383427 0.01129538487865509519 -7.81412259603689536e-07 -0.01989974343755169378 -0.01129538487823180011 0.9999362051063004353 5.439881309712511054e-07 -0.00862756394512596142 7.875069648003811656e-07 -5.351270750853991642e-07 0.9999999999995464739 0.4949833275380643993
0.9999782327537255489 0.006598031577667644483 5.184461985062298358e-07 -0.00988286640779060914 -0.006598031577179654626 0.9999782327534237902 -9.373516015846426775e-07 -0.01514793987304933857 -5.246195888266736994e-07 9.339104736326441948e-07 0.9999999999994261257 0.4949854637414657921
0.9999518502456152813 0.009813113298129040596 -3.433421349561490563e-08 -0.008113159177952706386 -0.009813113297973071608 0.9999518502406983256 3.136521850530154763e-06 -0.016972070531857196 6.511160459276318608e-08 -3.136033902246401961e-06 0.9999999999950802687 0.4949935121294785079
0.9999503362103265847 0.009966198554401804743 -1.208900894371219435e-06 -0.02796786359237697639 -0.009966198550061184866 0.9999503362048171029 3.544933624737812426e-06 -0.01902183883582640386 1.244170368131231411e-06 -3.532709423559178175e-06 0.999999999992985833 0.4949904276294416761
0.9999723172495871282 0.007440748300846025676 -1.202853527816271712e-06 -0.001741393004037619348 -0.007440748287558042982 0.9999723171931861332 1.069783338623777916e-05 -0.005379643663928785138 1.28242011505771959e-06 -1.068858711045748299e-05 0.9999999999420545738 0.4949997847251216276
0.9999600249008374631 0.008941398152694681259 -1.274354875294866914e-06 -0.01068853762381239379 -0.008941398142564598722 0.9999600248717482875 7.744748481264623831e-06 0.002725800709872406094 1.343552812558808249e-06 -7.733044369861158729e-06 0.9999999999691971952 0.4949903580131055358
0.9999752150808068896 0.007040541611673479215 3.749571431258247621e-07 -0.006929464336157188653 -0.007040541612400005693 0.9999752150789257277 1.972958608726755314e-06 0.005659155435629373634 -3.61057152660350774e-07 -1.97554961047600641e-06 0.9999999999979831689 0.4949821446125651225
0.9999470684922759922 0.01028883921563296909 -1.879057024074388018e-06 -0.01942792086426196538 -0.01028883919930055971 0.9999470684580492597 8.503929889785782635e-06 0.02073744357662828802 1.966453130025423437e-06 -8.484146448388188151e-06 0.9999999999620758917 0.4949925767784805752
0.9999566146809144573 0.009314974820956207699 -1.484140478716484193e-06 -0.002930653488138432097 -0.009314974819286534619 0.9999566146813951839 1.127964218727829416e-06 0.0244555358051116653 1.494583047105327775e-06 -1.114090550452785779e-06 0.9999999999982622789 0.4949756332437946216
0.9999644944751239217 0.008426730569369614288 1.803819442328236916e-06 0.0702469184285562237 -0.00842673054235307771 0.999964494371925694 -1.449476102116974759e-05 0.004499248561552574369 -1.925898842377743119e-06 1.447904607668432432e-05 0.9999999998933238876 0.4949558434798013717
0.9999755280684587966 0.006995946408826955211 5.332909984097313301e-07 0.1530430007499125611 -0.006995946407512362679 0.9999755280656619227 -2.428264170120685624e-06 0.005949395682111330644 -5.502659537480610653e-07 2.424473870561670631e-06 0.9999999999969093611 0.4949805496137904548
0.9999984361014130352 0.001768557790853104387 5.487241901266197905e-07 0.2575438900120997077 -0.001768557790907359598 0.9999984361015585854 9.844534264660053579e-08 0.003750660072952018403 -5.485492257000033466e-07 -9.941563912957587993e-08 0.9999999999998443467 0.494982748746871648
0.9999920816118686995 -0.003979537107474916992 -4.524120298025268327e-07 0.4117149372752055836 0.003979537108965952585 0.9999920816063737616 3.344006681981377953e-06 0.006576860066230798968 4.391008487473945163e-07 -3.345780593299699759e-06 0.9999999999943062212 0.4949855839556110415
0.999906824195527677 -0.01365074826824081572 -1.078756817410990657e-06 0.6816986355541131415 0.01365074828056254616 0.999906824119219162 1.238669460484489063e-05 0.02596850495170399675 9.095686533680255937e-07 -1.240026630238075617e-05 0.9999999999227028313 0.494998909295087719
0.9996731626567340045 -0.02556497341635429951 5.802450381334019429e-07 1.034637609699228467 0.02556497341401529552 0.9996731626499930634 3.732786133604864597e-06 0.03681464125842539431 -6.754839706573158966e-07 -3.716732170728485544e-06 0.9999999999928645966 0.494983614258620197
0.9992725147615487691 -0.0381371373260521937 9.678979903540176248e-07 1.473755304267950317 0.03813713732464552031 0.9992725147610445058 1.432427871230324381e-06 0.06013864590915720537 -1.021822557287993199e-06 -1.394472942524481157e-06 0.9999999999985054178 0.4949835195522989117
0.9986587068452306148 -0.05177631927209465357 2.660523242262614106e-06 1.992536962042840809 0.05177631930346363043 0.9986587067556593755 -1.35178493006967694e-05 0.07527130177447750869 -1.957050219146402675e-06 1.363747000286822201e-05 0.9999999999050944721 0.4949590167859170831
0.9981880951319959117 -0.0601708130034025318 1.224628842100188443e-06 2.56981009010235395 0.0601708130058472776 0.9981880951304569205 -2.068297347386487128e-06 0.1195732543974672019 -1.097958798212776741e-06 2.138236702413856555e-06 0.9999999999971109776 0.4949830072471565479
0.9976885912309032545 -0.06795200460153182076 7.494947733637062854e-07 3.225594293100852106 0.0679520045977744791 0.9976885912224510156 4.235302557240500379e-06 0.1755268714457186019 -1.035559683424308084e-06 -4.174583369484300341e-06 0.9999999999907500658 0.4949875316546664128
0.9973468695937336426 -0.07279575337229923782 2.184491793230226719e-06 3.937960770649591158 0.07279575338970077636 0.9973468695507836657 -9.376054372650528056e-06 0.2180708326108435346 -1.496159109820805812e-06 9.510200203565457187e-06 0.9999999999536586248 0.494964206177617716
0.997166604750453156 -0.07522474572350862365 1.87607804013030764e-06 4.712269014947631618 0.07522474573748698379 0.9971666047101255259 -9.046727716473816134e-06 0.2737147122078401051 -1.190224577346399583e-06 9.16222225469050186e-06 0.999999999957318253 0.4949702106092545573
0.9973951650350538767 -0.07213102489620547286 3.788572740010136691e-06 5.499833072117146671 0.07213102496432491351 0.9973951647746214233 -2.289179665016367838e-05 0.3122749806323720234 -2.127495378191221845e-06 2.310544093272773485e-05 0.9999999997308059996 0.4949437834855183738
0.9981323273718141209 -0.06108892722337883052 5.315521400295849012e-06 6.377337600172749532 0.06108892735254407153 0.9981323269557237365 -2.90361924004356861e-05 0.3445497673821664719 -3.531803899865992155e-06 2.930668179932623206e-05 0.9999999995643221729 0.4949294603724731512
0.9985379185373614019 -0.05405576018895740659 5.974976221855210628e-06 7.267189907674891813 0.05405576040488264261 0.9985379175140228769 -4.534358748659553402e-05 0.350304170945560156 -3.515158222484681246e-06 4.560027335095533243e-05 0.9999999989541291656 0.4949089295801014088
0.9991664964324986631 -0.04082048940263385828 7.34627190639198633e-06 8.184081360319376941 0.04082048971481630484 0.9991664952414005541 -4.907842126731237498e-05 0.3508127643060393597 -5.336743578559762124e-06 4.933739264489586402e-05 0.9999999987686701841 0.4949224609010649534
0.9995360123348895343 -0.03045915324443601579 5.615343593284391629e-06 9.22758933211961363 0.03045915339824464829 0.9995360119043226188 -2.971357699028045956e-05 0.3628854278014474466 -4.707687745716705662e-06 2.987082886896235781e-05 0.9999999995427854005 0.4949383454399570725
0.9997660457967852965 -0.02162992498341012246 4.393735393491077435e-06 10.29157601771079733 0.02162992509540921995 0.9997660454317895962 -2.72815018887899697e-05 0.3591339787113034809 -3.802610619735014855e-06 2.737015543420333368e-05 0.9999999996182071804 0.4949286659952739087
0.9998795762770092965 -0.01551879274437545884 4.254160365938623439e-06 11.4191485678446778 0.0155187928671448299 0.9998795758180780702 -3.052932089575395775e-05 0.341642822773706667 -3.779869858548990156e-06 3.059166387481394671e-05 0.9999999995249311269 0.4949154014284708469
0.9999254004668427509 -0.01221447871670314038 3.624331952777136255e-06 12.58602730486273913 0.01221447885406421775 0.9999253996447522441 -4.066741695221457814e-05 0.3086102806646878194 -3.127330277499795746e-06 4.070865250789255013e-05 0.9999999991665124988 0.494894308764677604
0.9999554526959957279 -0.009438888406649319565 3.380184225717266762e-06 13.77477720128997163 0.009438888574752061361 0.9999554512553999741 -5.375235247917008148e-05 0.26858510876788666 -2.872671186107839915e-06 5.378186313905193014e-05 0.9999999985496292876 0.4948862603314174158
0.9999807677354938251 -0.006201946707221417561 4.290178262345681075e-06 15.04180453231226089 0.006201946935001618512 0.9999807662147159881 -5.52908448996614654e-05 0.2224686843479769527 -3.947184872513342891e-06 5.531638898943235026e-05 0.9999999984622581772 0.4948841673407260444
0.9999994370256702902 -0.001061088146047022961 6.520829196394646124e-06 16.42009323161668632 0.001061088438468812218 0.9999994360338669841 -4.500562500641640663e-05 0.1814229569964995736 -6.473070583667739396e-06 4.501251884587441522e-05 0.9999999989659860145 0.4948981977306750601
0.9999981680336631484 -0.001914133225079559962 5.054413649007697951e-06 17.81648826693583842 0.001914133431603266952 0.9999981671982937081 -4.117635177931445236e-05 0.1315012827883449975 -4.975587362241478036e-06 4.118595116776682278e-05 0.9999999991394802334 0.4948915271245735714
0.9999850053639846026 -0.005476224812506085005 3.350700437540535932e-06 19.25653705552479522 0.005476224867520983891 0.999985005230914048 -1.663615643017082006e-05 0.1117144270464181521 -3.259546861933533153e-06 1.665425616612013592e-05 0.999999999856005295 0.4949106773421813044
0.9999903318630485316 -0.00439729113936819082 3.646693670006083679e-06 20.74769589992723695 0.004397291163080352394 0.9999903318483377435 -6.520042390810313299e-06 0.09151759193352421162 -3.617987888585241773e-06 6.536014927997107934e-06 0.9999999999720950994 0.4949116351647546153
0.9999975470519812948 -0.002214920831020526261 4.238558544465306462e-06 22.31421836651733059 0.002214920844758972839 0.9999975470556867752 -3.239352297470651237e-06 0.07146824844320658066 -4.231373238634517844e-06 3.248732423179757652e-06 0.9999999999857703825 0.4949071150512800443
0.99999817740300323 0.001909236581684457899 2.92903629822453191e-06 23.86183666410061477 -0.001909236588831369433 0.9999981774043045224 2.439176254101039938e-06 0.0535715897183394324 -2.9243739952420851e-06 -2.444764031736302812e-06 0.9999999999927353667 0.4949116018850784338
0.9999765677433472 0.006845724739617862695 4.388277422036156901e-06 25.48423044463629239 -0.006845724645342035099 0.9999765675299515655 -2.115015524159799776e-05 0.004425250324211257164 -4.532962734842304993e-06 2.111961870683323232e-05 0.9999999997667067264 0.4948681122314833591
0.9999539676833651969 0.009594920503820367208 4.129562446475108152e-06 27.14612662798029064 -0.009594920448319192371 0.9999539676045570147 -1.325623240220619306e-05 -0.03062173878604453406 -4.256564848902331073e-06 1.321599936395876219e-05 0.9999999999036093268 0.494875820598738303
0.9999029086980326664 0.01393460277680160127 4.9898813142624422e-06 28.88082593664347542 -0.01393460267779710222 0.9999029085245438875 -1.935464175511290621e-05 -0.07956856714882930282 -5.25909608406804465e-06 1.928323057422219245e-05 0.9999999998002492285 0.4948597767121716839
0.9999076569136288173 0.0135896142937739009 5.574556382927860558e-06 30.71823426973580595 -0.01358961412192576969 0.9999076564878475182 -2.978641256544541536e-05 -0.1402817462498361922 -5.978827466772922371e-06 2.970790592603219095e-05 0.999999999540846729 0.4948425503771130551
0.999931831202816368 0.01167616944873129357 4.07671789266382096e-06 32.54956340477444598 -0.01167616939992768658 0.9999318311421118155 -1.179661255902817166e-05 -0.1769991336705561136 -4.214179234621121724e-06 1.174820794942882182e-05 0.9999999999221099722 0.4948473129820377681
0.9999156915857237982 0.01298497994938541122 4.311665257725041795e-06 34.3944879232662899 -0.01298497994305035375 0.9999156915939858559 -1.494036664464253913e-06 -0.209752691478100467 -4.330701784231586862e-06 1.437923817709571494e-06 0.9999999999895884395 0.4948439831421503898
0.9998956820428377412 0.0144438567565985717 6.026257719775688052e-06 36.29038032592055174 -0.01444385663436956527 0.9998956818656151713 -1.985584804212016529e-05 -0.2697766650666740817 -6.312424096714424926e-06 1.976673431806841842e-05 0.9999999997847145439 0.4948134544400478729
0.9998578578108768822 0.01686013445568540145 6.497155613641042211e-06 38.25273919240708409 -0.01686013431003274832 0.999857857595566335 -2.185598912204488658e-05 -0.3240467094200064624 -6.864727007580056557e-06 2.174333954762638281e-05 0.9999999997400511598 0.4948046855929672527
0.9997893492358995715 0.02052454937747717409 5.435113449348475111e-06 40.24364164330876292 -0.02052454924998220812 0.9997893489988181059 -2.255741330560743834e-05 -0.3892346460973885036 -5.896949280478072452e-06 2.24411083155880568e-05 0.9999999997308111066 0.4947907321125551428
0.9998068121791845453 0.01965548984627110696 6.421270361753195453e-06 42.26587490278255643 -0.01965548952280476991 0.999806811098756465 -4.705727446982355117e-05 -0.4715116344081221045 -7.344963624122108433e-06 4.692197036519669696e-05 0.9999999988721899324 0.4947567026676943924
0.9997711440925145521 0.02139297533655028574 6.958950212189719302e-06 44.34499774881123813 -0.02139297509610977449 0.9997711435784711886 -3.296309636695237094e-05 -0.5359708282900963461 -7.662536319341101059e-06 3.280667991903535026e-05 0.9999999994325033947 0.4947625013203061362
0.9997775329594923432 0.02109228638410434037 6.837731497094695738e-06 46.52357753064696766 -0.02109228620647955396 0.9997775326719396949 -2.508435835195137314e-05 -0.6021502462820511603 -7.365296795359304537e-06 2.493455451924603763e-05 0.9999999996620099196 0.4947548434707285669
0.9997530032916427389 0.02222458925250257733 6.64311064393081863e-06 48.70509887416221773 -0.02222458897336255373 0.9997530025398408959 -3.949393340148237014e-05 -0.6835628102449945454 -7.519206260287565345e-06 3.933653812636624586e-05 0.9999999991980489389 0.4947215693827545224
0.9995919283876081307 0.02856530551969216347 5.014209177300705945e-06 50.86699332903407367 -0.02856530536165135387 0.9995919279788720857 -2.917720866807994512e-05 -0.7625261500593726316 -5.845618898642837162e-06 2.902206986119689299e-05 0.9999999995617738779 0.4947242192576103981
0.9995519818805012058 0.0299305110814800171 5.234158765813974978e-06 53.00632588622762142 -0.02993051072041633814 0.9995519801578068853 -5.910037999632000721e-05 -0.8810298485970879945 -7.000718337229076328e-06 5.891724091015986155e-05 0.9999999982398740661 0.4946693871906822082
0.9995111156908074168 0.03126546950243813683 5.43524946519140344e-06 55.16841549323441285 -0.03126546917902112838 0.9995111143695720735 -5.187431202691028943e-05 -0.9847160668181608179 -7.054466970467566639e-06 5.16790158650759336e-05 0.9999999986397566376 0.4946746863715111298
0.9995094605648791042 0.03131833651009712643 6.463522182699030276e-06 57.41771463486567484 -0.03131833617920834478 0.9995094595304406804 -4.615587838179464897e-05 -1.083849675990404826 -7.905876894572599586e-06 4.593081034266622821e-05 0.999999998913928656 0.4946663232726704051
0.9992519677667309752 0.03867175821254011103 5.770551142377187451e-06 59.54005998646818654 -0.0386717579143481191 0.9992519667804744543 -4.502666026066828848e-05 -1.19611659414451843 -7.507494697146546275e-06 4.476982151062647725e-05 0.9999999989696500835 0.4946409355664898588
0.9992361380647480917 0.03907864311629929976 6.314187594127754734e-06 61.61324141804927024 -0.03907864262360162544 0.9992361359838626278 -6.509200361308314627e-05 -1.333142549866747073 -8.853071592354132049e-06 6.479553242878452468e-05 0.9999999978615807805 0.4945986175663034112
0.9993254573119826345 0.0367237024333051526 7.072430766985591703e-06 63.58128479590038751 -0.03672370191620005081 0.9993254553709604027 -6.298750115489980413e-05 -1.453089106933925567 -9.380794346227590622e-06 6.268528755724953744e-05 0.9999999979912774783 0.4945811992210031871
0.9992790508942327454 0.03796548948695105397 7.360033726387377382e-06 65.47908926743660629 -0.03796548893094881666 0.9992790488365693724 -6.487486176813097899e-05 -1.579904321608828877 -9.817733383934852169e-06 6.454866301558190929e-05 0.9999999978685408797 0.4945557205422403402
0.9995115376942096397 0.03125197543067236017 7.076005109996321972e-06 67.26519847935097118 -0.03125197493856730208 0.9995115358506304615 -6.136925703852313073e-05 -1.690198168574155391 -8.990459248346017323e-06 6.111814133536266382e-05 0.9999999980918720111 0.4945429374787623789
0.9996433292015964867 0.02670607319056847451 6.302472694513089843e-06 68.96503245246158542 -0.02670607282313111272 0.999643327849924046 -5.255213935484928921e-05 -1.782811025706944053 -7.703686057957857217e-06 5.236508124660233893e-05 0.9999999985992755747 0.4945253296995220649
0.9997097742795310049 0.02409081111437117589 5.661578036976844644e-06 70.54401400977643277 -0.02409081080700211167 0.9997097730913719893 -4.921880887408130355e-05 -1.868159268128751549 -6.845655922545366756e-06 4.906813230445727816e-05 0.9999999987727274942 0.494514337053578279
0.9996652883947977353 0.02587104858223412962 5.102361455073381952e-06 72.11555725906464431 -0.02587104848019473186 0.9996652882271916951 -1.914193731165989625e-05 -1.931202783188907812 -5.59587562477322732e-06 1.900352684252797173e-05 0.999999999803775852 0.4945404578928208617
0.9997003055070486921 0.02448058652157577078 7.409859214411146881e-06 73.74266971886761723 -0.02448058615332674576 0.9997003044729440013 -4.62658115969120023e-05 -2.029833943329577561 -8.540252716537303701e-06 4.607054829108213042e-05 0.9999999989022840818 0.4944950211607391233
0.9997464474422106395 0.02251756562894313349 8.188888419523271633e-06 75.40055002633712888 -0.0225175652724260815 0.9997464466309311515 -4.129481070693128249e-05 -2.108190746354981382 -9.11667070950360412e-06 4.109994647255790773e-05 0.9999999991138401878 0.4944907371547860864
0.9997964631687703552 0.0201750384856539712 7.717042470171308266e-06 76.96530103042863402 -0.02017503820557191643 0.9997964625986937026 -3.479619421991695397e-05 -2.177622404951121027 -8.417486320942261277e-06 3.463342028613685807e-05 0.9999999993648358565 0.4944812685895298432
0.9997644662773289559 0.02170280869721200045 8.129728233192382876e-06 78.51921092478512776 -0.02170280835961622967 0.9997644655359358978 -3.953710571544620099e-05 -2.249564005302808312 -8.985879643793553585e-06 3.935135545989271785e-05 0.9999999991853621983 0.4944649152789388213
0.9997151692808291523 0.02386588009452417572 8.907831335045050643e-06 80.14433336448173861 -0.0238658796094973584 0.9997151680273601571 -5.107567570956568785e-05 -2.336680788259062336 -1.012426005210550063e-05 5.084853455789726726e-05 0.9999999986559626741 0.4944318016473258637
0.999749551331941877 0.02237933271274446592 9.008091679860591596e-06 81.77381709668145504 -0.02237933250172196784 0.9997495511153896564 -2.288201958059839567e-05 -2.393529315665757551 -9.517919942680740566e-06 2.267469373036232327e-05 0.9999999996976335348 0.4944518369737504471
0.9996717621977024848 0.02561967586168671304 8.689930292795815188e-06 83.49887121349344454 -0.02561967585900024047 0.9996717622354528432 -4.203397390223286588e-07 -2.441550771996436442 -8.697846897367974135e-06 1.975685702914844874e-07 0.9999999999621539404 0.4944567591698810216
0.9996773236709680654 0.02540174047207406291 1.101238193336393555e-05 85.35765231269654407 -0.02540174000531965348 0.9996773229176862952 -4.06332715733037506e-05 -2.542599904214997153 -1.204098430912857382e-05 4.034042651568537648e-05 0.9999999991138320832 0.4943947710793942796
0.9997045570532584469 0.02430634713846313924 9.897740254237106361e-06 87.28672306902610956 -0.02430634671126840132 0.9997045562633324334 -4.120822339705254789e-05 -2.622713728454660664 -1.08964374117201481e-05 4.095547081182452769e-05 0.9999999991019583589 0.4943804848280897168
0.9996171878632230667 0.02766726673356660268 9.063563923581375914e-06 89.22717242832091245 -0.02766726636403486067 0.9996171871679903065 -3.863326529850860604e-05 -2.698750204415542253 -1.012897113080999984e-05 3.836771197838788127e-05 0.9999999992126611392 0.4943703407105782266
0.9994062983984494108 0.03445360104042915345 9.954351326878462715e-06 91.23761671591120148 -0.0344536005599081277 0.9994062974528031829 -4.497076607341097686e-05 -2.804425906746376818 -1.149784623591591743e-05 4.460110361312094026e-05 0.9999999989392702737 0.4943480485191388274
0.9993962368458678691 0.03474423206476252163 1.08986411817325822e-05 93.40730072591568955 -0.03474423183627677741 0.9993962367030537752 -2.049666518588456584e-05 -2.886357373450961106 -1.160420187397264128e-05 2.010562513874420459e-05 0.9999999997305529797 0.4943498246683201702
0.9992747528600701701 0.03807844728733026513 1.228268030159883594e-05 95.66820582235664006 -0.03807844712719681002 0.9992747528568641791 -1.301794242040190914e-05 -2.976936675213032846 -1.27694753570448044e-05 1.254079580244907493e-05 0.9999999998398342305 0.4943350188454699312
0.9991958235775043606 0.04009620971155244962 1.068981767817458163e-05 97.92545645092600637 -0.040096209314640259 0.9991958230352960824 -3.506631203954617887e-05 -3.100836368719487535 -1.208724737438940326e-05 3.460949137102064784e-05 0.9999999993280405119 0.4942798892601748539
0.9991589014647764833 0.04100596919145255148 1.079829348212577877e-05 100.2466302922451717 -0.04100596832871628711 0.9991588990579826079 -7.068873290518892891e-05 -3.242779716784884858 -1.368787103099892967e-05 7.01864822349533129e-05 0.999999997443249744 0.4942327086641891687
0.9989195001116500938 0.04647399444301593407 1.180823008559504451e-05 102.6275231355054274 -0.04647399337989763235 0.998919497160570935 -7.83200481582932938e-05 -3.394175737997057407 -1.543531674234429116e-05 7.768664774817644122e-05 0.9999999968632676817 0.4942131407666323639
0.9987052822549012943 0.05087002107711600246 1.24098464011691053e-05 105.0498055319259691 -0.05087001986609684251 0.9987052788893857613 -8.36631921593863052e-05 -3.566106443215240951 -1.664972745958067814e-05 8.292358280692329188e-05 0.9999999964232327843 0.4941932773405904311
0.9987630894172464524 0.04972213839667129209 1.316100335972565977e-05 107.5451228577560698 -0.04972213670729556945 0.9987630838416021728 -0.0001071387255355180611 -3.771143338472903395 -1.847189084072925803e-05 0.0001063518113038230311 0.9999999941740405074 0.4941240614298498257
0.9986686647869832401 0.05158389145336465809 1.083255140505211546e-05 110.0458161442865332 -0.05158389041189033464 0.9986686616200005639 -8.093406824339373221e-05 -3.939392276209031873 -1.499302380475976888e-05 8.0267532723849228e-05 0.9999999966661660133 0.4941173402873489939
0.9987582190537558358 0.04981987281203799356 1.215708657556327282e-05 112.6175417854270222 -0.04981987161202690306 0.9987582156139128697 -8.448968211384547946e-05 -4.129211076636588373 -1.635125531211484003e-05 8.377909994407140948e-05 0.9999999963568492189 0.4940591978174767585
0.9987367054245049891 0.05024930962516550859 1.105587656366978379e-05 115.2051549842123279 -0.05024930851945533239 0.9987367019869042295 -8.426073160715889777e-05 -4.309149805104886433 -1.52759532885447505e-05 8.359873532959152321e-05 0.9999999963889480981 0.4940036689860022312
0.9986677469904423621 0.05160165673143976561 1.207630135931245802e-05 117.8249008937696516 -0.05160165528046729844 0.9986677421857032 -9.945983071254519087e-05 -4.512984074233041376 -1.719250465545479209e-05 9.870416791394202361e-05 0.999999994980952267 0.4939326161062834175
0.9984801063828894208 0.05511331062875869657 1.230383145011756245e-05 120.4377809979559828 -0.05511330921477199107 0.9984801020044883346 -9.513535683211378686e-05 -4.715594485056506358 -1.752835535422556679e-05 9.431265634326637206e-05 0.9999999953989395785 0.4938942955059332784
0.9985234033726364533 0.05432322492389236174 1.237852221433512483e-05 123.0690536917425391 -0.05432322349341216217 0.9985233989247448427 -9.587122739915873856e-05 -4.930552884746954412 -1.756827832485739527e-05 9.50572230393524983e-05 0.9999999953277397546 0.4938446544663002147
0.9987026796193115841 0.05092109158118634377 1.24747592128272067e-05 125.7482054458112799 -0.05092109051771736422 0.9987026769820969152 -7.437413682688406814e-05 -5.114065533982934397 -1.624578765319105374e-05 7.364242140031935385e-05 0.9999999971564338397 0.4938242875063250104
0.9985768516072013323 0.05333171021434081338 1.104968258286633681e-05 128.4150449945942967 -0.05333170936420041086 0.9985768494916260618 -6.66175924588615411e-05 -5.299630967674456627 -1.458678735767420056e-05 6.593348727914553464e-05 0.9999999977200002554 0.493775781378630596
0.9985191063256428912 0.05440215241572223664 1.083551847592318211e-05 131.088851245436274 -0.05440215184214860361 0.998519105280664454 -4.760963984574902727e-05 -5.468658165601193666 -1.340953909717701798e-05 4.694965950984747086e-05 0.9999999988079566471 0.4937614698215665454
0.9987068076062194377 0.05084006590712417811 1.190737983554045819e-05 133.7944533824956181 -0.05084006521269679446 0.9987068063194836087 -5.274977461035242266e-05 -5.643752221104387345 -1.457378330496183864e-05 5.207618703570147549e-05 0.9999999985378376088 0.4936953286607367319
0.998563885349502578 0.05357393683956700875 1.301723012982457386e-05 136.4895378829763501 -0.05357393627714630846 0.9985638846523368084 -4.02745493937741952e-05 -5.79016933378589016 -1.515620205131514768e-05 3.951932626586744418e-05 0.9999999991042559655 0.4936682504714456909
0.9984728825365426497 0.05524402856631985964 1.221327287372088918e-05 139.1557573803425782 -0.05524402805711223219 0.9984728818893496838 -3.870186585275759621e-05 -5.941958366393207847 -1.433266874626470196e-05 3.796805316824047378e-05 0.9999999991765005092 0.4936461063631653601
0.998257720926430836 0.05900442711021610526 1.394259405076033779e-05 141.9321703563721826 -0.05900442630230172403 0.9982577196860014102 -5.259537302516941539e-05 -6.120160541438683488 -1.702166199761796656e-05 5.168106244425007661e-05 0.9999999985196651453 0.4935832595099682862
0.9982469592102847233 0.05918621670997940842 1.346149957734549568e-05 144.6096820377226209 -0.05918621534444147569 0.9982469556943814881 -8.580404084395887819e-05 -6.353245991819991723 -1.851631752814886532e-05 8.485688764759316658e-05 0.999999996228227106 0.4934696539033556206
0.998367306460323567 0.05712023506865542 1.179375621647133492e-05 147.2661452493389902 -0.05712023396056183783 0.9983673034500911703 -7.922320880383161665e-05 -6.537681144912506959 -1.629974890115410094e-05 7.842019946826652766e-05 0.9999999967922950095 0.4934720162349273131
0.9983310131354838912 0.0577510873478801201 1.114668245350469455e-05 149.9234133748408624 -0.0577510862338213582 0.9983310098374927888 -8.269158426150501962e-05 -6.736088875582026958 -1.590360765576604728e-05 8.190984007397315836e-05 0.9999999965189264595 0.4934190738504171669
0.9984662214011470471 0.05536428957454841981 1.276925203360585115e-05 152.5643622350486623 -0.05536428823602249777 0.99846621764551724 -8.837989358393240954e-05 -6.92976990980091756 -1.764275680110547528e-05 8.753737784443748607e-05 0.9999999960129700716 0.493362380295008951
0.9983437080345218817 0.05753121301512242186 1.26143736044649934e-05 155.2237733902940988 -0.05753121160476625667 0.9983437038900243587 -9.271821531986092896e-05 -7.130971275008664456 -1.792767186248309095e-05 9.183892668767312773e-05 0.9999999956221048425 0.4933057738089599575
0.998450552544177361 0.05564614980372738912 1.176778184536830127e-05 157.8562710881209341 -0.05564614851497560327 0.9984505485763476296 -9.058295736526312332e-05 -7.332965991882836931 -1.679014105424681824e-05 8.978777209617344005e-05 0.9999999958281233781 0.4932655309047815906
0.9985741413134738842 0.05338243329231187606 1.086658111015701592e-05 160.4558053147047474 -0.05338243194302295241 0.9985741364349942639 -0.0001000259301602845894 -7.534708248427965493 -1.619071439235858585e-05 9.930322279232145109e-05 0.999999994938365111 0.4932001939322216422
0.9984394433667238555 0.05584512345596504002 1.086127638268537901e-05 163.0740798314521101 -0.05584512184249784683 0.9984394368906233108 -0.0001150224511593137222 -7.763209942999720781 -1.726776966064119518e-05 0.0001142364028072253142 0.9999999933259339224 0.493122205099440214
0.9984482254920252764 0.05568788801609343697 1.193169593554662405e-05 165.8011286036673937 -0.05568788640945360885 0.9984482198166386713 -0.0001079558497897657694 -7.983578289264693595 -1.792501384001465677e-05 0.0001071238757261444298 0.9999999941015843552 0.4930877066392495567
0.9984160718061835249 0.05626142024798416741 1.237021252497027694e-05 168.4615351872430722 -0.05626141879617201774 0.9984160672884873078 -9.663055973053172798e-05 -8.194983422829814401 -1.778719147050112026e-05 9.578153815512526327e-05 0.9999999952547561355 0.4930502525104302203
0.9982678138468533691 0.05883342328217772144 1.202317996775298878e-05 171.1036520541918264 -0.05883342187176902882 0.9982678094335364349 -9.550842833721161424e-05 -8.41198458910191782 -1.762144132021247687e-05 9.463562514085415312e-05 0.9999999953667914054 0.4929911937834562385
0.9979797133779919616 0.06353338925875423593 1.17264305925232081e-05 173.706924028143959 -0.06353338735685477856 0.997979706074942019 -0.0001222937806541305752 -8.673443063594371338 -1.947247812625806381e-05 0.0001213016923079722443 0.9999999924533607976 0.4928869998328618829
0.9974444833528960386 0.07144580099142629204 1.232072695741120136e-05 176.2210012038321452 -0.07144579950472852714 0.9974444790002147121 -9.511757419834050416e-05 -8.904413096969850727 -1.908499235790085208e-05 9.399423546609281287e-05 0.9999999954004231695 0.4928750568204968152
0.997352912744303044 0.07271290990387667408 1.326641773579745209e-05 178.6000514278804872 -0.07271290831029592061 0.9973529083536404327 -9.573831922643051085e-05 -9.146380486481058725 -2.019271209249205758e-05 9.452025172529526765e-05 0.9999999953290880095 0.4928114954987384277
0.997038694694802774 0.07690150257652211829 1.360108638479210185e-05 180.9017107382880454 -0.07690150126955011545 0.9970386917472653376 -7.914305811968358332e-05 -9.369643635249520486 -1.964702946333931371e-05 7.786274739991690683e-05 0.9999999967756931785 0.4927745335821506201
0.9966670319119719235 0.08157712511784588616 1.263013188139196569e-05 183.0513190928944596 -0.08157712409291847933 0.9966670298054784993 -6.727322181944272843e-05 -9.593012720702075669 -1.807599206172367628e-05 6.601867248214146914e-05 0.9999999976573964444 0.4927212501846651715
0.9966515941382459998 0.08176551689843880588 1.225792034789225201e-05 185.1281266863758503 -0.08176551564852556353 0.9966515910321629423 -8.090748565513003325e-05 -9.829304862795016362 -1.883231820301717376e-05 7.963429937787865163e-05 0.9999999966518609007 0.4926574304664861903
0.9967858838244084696 0.08011180713041898827 1.299707535729876452e-05 187.2068984562719436 -0.08011180619105902345 0.9967858820947470555 -6.138107163826818065e-05 -10.02960553958431866 -1.787264979722030469e-05 6.01425665609659968e-05 0.9999999980317197945 0.4926311173261056497
0.9968327130258819446 0.07952698971730307043 1.225545999817090051e-05 189.0681706208540902 -0.07952698877831436419 0.9968327111207906377 -6.401297489121438305e-05 -10.2234742834266239 -1.730740261195659997e-05 6.283558759991931435e-05 0.9999999978760711894 0.4925874063389970581
0.9969946618065096411 0.07747027927867967956 1.265066448482023132e-05 190.8484252969234376 -0.07747027771176834277 0.9969946573610949381 -9.626487894331636178e-05 -10.43790795499257662 -2.007031195990061266e-05 9.499551993505885483e-05 0.9999999952865166186 0.4924966294291855395
0.9968163304895352184 0.07973207072671704976 1.30092324689027723e-05 192.5566656615792169 -0.07973206960547696287 0.9968163281114036378 -7.133833926535967538e-05 -10.60997211798718354 -1.865576885303144245e-05 7.007396854098900591e-05 0.9999999973708003642 0.4925069578634926337
0.9969584660213477445 0.07793469602855342127 1.362097712953652766e-05 194.2487125917606079 -0.07793469473194321318 0.9969584631343451075 -7.838415730750274472e-05 -10.7999785314235659 -1.968839389866525706e-05 7.708420253512275632e-05 0.9999999968351962476 0.4924528591197537275
0.9970952514429131108 0.07616468576362253606 1.395547040027396755e-05 195.9367473347986106 -0.0761646848076298344 0.9970952498362148919 -5.953522660185821367e-05 -10.96116510669799737 -1.844941507133967382e-05 5.82993777339115582e-05 0.9999999981304006358 0.4924453872283054978
0.9975514335049633363 0.06993666599265045691 1.625600604979284328e-05 197.6931645433138556 -0.06993666494229552888 0.9975514320208451746 -5.807015402295365701e-05 -11.12770703440478393 -2.027743507995544375e-05 5.679107454104716175e-05 0.9999999981817995209 0.4924075369718116657
0.9978864545566290545 0.06498171682147607653 1.713379207588741642e-05 199.3966548619428636 -0.06498171508812936037 0.9978864509877181099 -8.741609782485946438e-05 -11.30222715480013207 -2.277802708106230832e-05 8.611795673456989336e-05 0.9999999960324292836 0.4923326484359166755
0.9974880743548203421 0.07083460543549560673 1.396218992222948451e-05 200.9579909357337613 -0.07083460428342817916 0.997488072038941187 -7.055691919978289244e-05 -11.44396022947529268 -1.892498943922691122e-05 6.939067926692891683e-05 0.9999999974133889635 0.4923268849759446231
0.9975737014627874544 0.06961831599867475406 1.515171824247510927e-05 202.6124708829406131 -0.06961831428547402001 0.9975736972998999752 -9.366797376510299883e-05 -11.62990296932135514 -2.163596218412662981e-05 9.238587021480354098e-05 0.9999999954983678219 0.4922580578913320903
0.9977484743219088292 0.06706699456326974118 1.519164607019754163e-05 204.3161854495633349 -0.06706699378422832647 0.997748473382150447 -4.701666852625217054e-05 -11.74904979504934488 -1.831070832713481642e-05 4.58919512572048677e-05 0.9999999987793231071 0.4922744477351216896
0.997745767474624401 0.0671072520469912781 1.453984240165863511e-05 205.9658558539128137 -0.06710725122700682277 0.9977457663324378334 -5.099690695295818084e-05 -11.89040122364646734 -1.792932848790481596e-05 4.99062192097621176e-05 0.9999999985939540537 0.4922261179887799654
0.997589836540976771 0.06938672637038138802 1.536170014556184523e-05 207.6688842506365802 -0.06938672497496620184 0.9975898337174997632 -7.786508961272304522e-05 -12.05726835109913431 -2.072747956059223923e-05 7.661152395585692091e-05 0.9999999968505227654 0.492172875925952602
0.9973464507796097056 0.07280148947630836476 1.579807775521819852e-05 209.4774152336051714 -0.07280148784040144094 0.9973464472347517429 -8.694064073348043722e-05 -12.23173023462510933 -2.208556486372712532e-05 8.555981589844366755e-05 0.9999999960958726453 0.4921272233267708907
0.997026693480288273 0.07705694158238994562 1.561934962178536726e-05 211.3019199153210934 -0.07705693987958307789 0.9970266896779180765 -8.993619536841938693e-05 -12.41848779257201585 -2.250311660097744366e-05 8.846520820760830038e-05 0.999999995833758093 0.4920841257404436342
0.9969610160298707502 0.07790206851801320664 1.547692089462578602e-05 213.1816579686480395 -0.0779020666784678989 0.996961011635360328 -9.637663051042121736e-05 -12.61757018591760549 -2.293782558566459132e-05 9.487805935169452056e-05 0.9999999952360048017 0.4920349223145836781
0.9968744747247521021 0.07900178092757420556 1.596100912565682589e-05 215.1714943561791529 -0.07900177932940929959 0.9968744714663388962 -8.368827588186455611e-05 -12.8162191868455011 -2.252264537363400193e-05 8.216575793953406217e-05 0.9999999963707590922 0.4920030379074239457
0.9970107871766072938 0.07726247456581591955 1.672365953249857696e-05 217.2082769947029419 -0.07726247267093462601 0.9970107830442146435 -9.387527680096821906e-05 -13.03049361058921285 -2.392670507205505603e-05 9.230255233216756326e-05 0.9999999954538755231 0.491940546530834022
0.9967886229759338468 0.08007771750872297312 1.63268826447478916e-05 219.2911670901108607 -0.08007771597638882466 0.9967886200760547322 -7.932913714986005772e-05 -13.23325659271904975 -2.262694705649918845e-05 7.776696191027207062e-05 0.9999999967201602669 0.4919091757861805414
