0.9999806747146977592 0.006216928271891146787 0 -0 -0.006216928271891146787 0.9999806747146977592 -0 0 -0 0 1 0.4949999999999999956
0.9999789356589809941 0.006490627000695190114 1.304706253358740583e-06 0.002715675535435784112 -0.006490627002374288815 0.9999789356589932066 1.286833339951872788e-06 0.0001340973226010537945 -1.296326415359301616e-06 -1.295274595294100821e-06 0.9999999999983208987 0.4950094054774583086
0.9999808854759224541 0.00618293497598881598 3.255729430733266941e-07 0.0008990288717250937605 -0.006182934976411664368 0.9999808854751092158 1.314064657174353746e-06 0.0003680559965020750832 -3.174419435691150544e-07 -1.316052535791537115e-06 0.9999999999990836219 0.4950057102703031009
0.9999807890169222224 0.006198515896979937302 3.95751642384043131e-08 -0.001101931830886618193 -0.006198515896985497091 0.9999807890169130076 1.407991062415596647e-07 0.0004690641399394928214 -3.870165846146304168e-08 -1.410417086371925249e-07 0.9999999999999893419 0.4950031405226579806
0.9999791861368986234 0.006451921816742123804 2.988878878442077315e-07 -1.212233715936961021e-05 -0.00645192181685122837 0.9999791861368758639 3.653723043914444068e-07 0.001707406566046539573 -2.965243132907103228e-07 -3.672931008666732301e-07 0.9999999999998885336 0.4950033702359900589
0.9999793612817509114 0.006424718857638032909 6.120431019345884062e-07 -0.001033456011167494751 -0.006424718858873675574 0.999979361279852208 2.038700212130529034e-06 0.005882503664511311292 -5.989323944512430177e-07 -2.042590340830435169e-06 0.9999999999977345899 0.4950076106983599677
0.9999802454996262746 0.006285587648752584237 8.060585599451461699e-07 -0.004152328785267974179 -0.006285587648760957748 0.9999802454999511259 7.799360514731868328e-09 0.005406876468333174889 -8.059936130971756529e-07 -1.286575817015099557e-08 0.9999999999996751487 0.4950020059829221553
0.9999789610538416529 0.006486713476431174748 4.324544469744557852e-07 -0.001817969044822410115 -0.006486713476284007747 0.9999789610538779572 -3.40945202850272112e-07 0.00478005629425591258 -4.346569624306584901e-07 3.381328216334903696e-07 0.9999999999998483435 0.4950021672879216794
0.9999794864430471275 0.006405208451679326662 -1.518189517761316031e-07 0.001723432536881373128 -0.00640520845224326358 0.9999794864348053869 -4.06188562427258491e-06 -0.001776244370995125853 1.257986132980738317e-07 4.062774732583614716e-06 0.9999999999917390525 0.494991199775259183
0.9999768838102055524 0.006799400485656807019 -7.066508021949159286e-07 0.03207835743226417069 -0.006799400487771781881 0.9999768838058354925 -3.034873878528978272e-06 -0.006759798528682432923 6.85999144194742662e-07 3.039608525617403151e-06 0.9999999999951451057 0.4949963995332423705
0.9999727384693249954 0.007383922863889263305 -1.879327852690413774e-06 0.0577166425180881057 -0.007383922858552805467 0.9999727384671234232 2.83085257051132454e-06 -0.004983361848573545153 1.900179416352141148e-06 -2.816898585246893938e-06 0.9999999999942271733 0.49500575290332266
0.9999736280324826865 0.007262454004754385906 -1.901482526808180031e-06 0.0893199928215200889 -0.007262454015916705238 0.9999736280166222624 -5.9307231396655392e-06 -0.01626830530584529727 1.858360776925693597e-06 5.944376164240603663e-06 0.999999999980605403 0.4949846716304499572
0.9999582170395533431 0.009141344304130801304 -1.27424456114090603e-06 0.1659827108681619368 -0.009141344310557962191 0.9999582170271333892 -5.132753280528934111e-06 -0.02389583994129472824 1.227271054449343477e-06 5.144187127170916229e-06 0.9999999999860155198 0.4949868456264577277
0.9999423240101397159 0.01074004901823393324 -1.587312229416279454e-06 0.2450105647157151956 -0.01074004901335775738 0.9999423240068028296 3.049241459678412091e-06 -0.02025070058606638287 1.619969682352299298e-06 -3.032017780515475514e-06 0.999999999994091282 0.4950008573152939184
0.9998139348962573614 0.01928977939425230784 -6.454637277793540926e-07 0.365939012788039697 -0.01928977938544328141 0.9998139348289516448 1.163368336038626469e-05 -0.006680860757582623641 8.697548150248199835e-07 -1.16190678849747395e-05 0.9999999999321204092 0.4950122696368972619
0.9995369239374459758 0.03042922422510627514 -9.794838236512878462e-07 0.5008161944162076162 -0.03042922423521821768 0.9995369238543816426 -1.289944339570641328e-05 -0.03239195746754351679 5.865101925904691398e-07 1.292327490515424674e-05 0.9999999999163224906 0.4949584149929492916
0.9990306437885457802 0.04402014044408107674 -2.993301512758126862e-06 0.7035737759787684675 -0.04402014051608117012 0.9990306433040571088 -3.115540411822305237e-05 -0.07520481676342528898 1.618934671017448834e-06 3.125696898691930164e-05 0.9999999995101904737 0.4949447446540952145
0.9982363064455622714 0.05936561703528999562 -3.189654296198912503e-06 1.009663231770029812 -0.05936561706808441558 0.9982363063833756822 -1.14207587686626105e-05 -0.1036962754332416137 2.506028331964603432e-06 1.158997184556324836e-05 0.9999999999296962372 0.4949815239656903398
0.9964719860252653216 0.08392604520665622458 -2.250917830130155511e-06 1.386101893001394636 -0.08392604520332215545 0.9964719860269030116 1.537063657828652178e-06 -0.1383448109054742081 2.371976234605597944e-06 -1.34273024420331024e-06 0.9999999999962854158 0.4950016804613890375
0.9948051568196893957 0.1017973475295779195 -1.768723163344604301e-06 1.789982442172561194 -0.1017973475332309974 0.9948051568186396798 -2.115041366916354544e-06 -0.1878904661579656465 1.544229322812374086e-06 2.284105385244418793e-06 0.9999999999961991515 0.4949853120275456431
0.9930051704430907789 0.1180708747835102768 -1.837897780798105366e-06 2.285455632009417481 -0.1180708747955957344 0.993005170208691279 -2.158804532946662137e-05 -0.2770698259897760307 -7.238773982685842266e-07 2.165404283068388789e-05 0.9999999997652891937 0.494961185434304396
0.9906730282742477467 0.1362605997790853063 -9.057133277531449304e-08 2.890896202124745518 -0.1362605997384815359 0.9906730279623702229 -2.508009496497738344e-05 -0.3900235830367144718 -3.327702205957119891e-06 2.48585149324829397e-05 0.9999999996854903594 0.4949583472211965263
0.9883233693157920108 0.1523709869547922313 -9.673980526184886033e-07 3.469633505283869823 -0.1523709867610341939 0.9883233676964718883 -5.710346650567669764e-05 -0.5586859805481727559 -7.744809448743002393e-06 5.65840938123700552e-05 0.9999999983691291172 0.4948786580348349395
0.9841857627818394461 0.1771394488473606033 -1.347234801188633098e-06 4.148563205359842243 -0.1771394487374096938 0.9841857618398826002 -4.353032711790649106e-05 -0.7404525704887178206 -6.385008844626248899e-06 4.308057662868219526e-05 0.9999999990516478254 0.4948683194911178695
0.9813485991242438811 0.1922366432265439351 3.274857006136294142e-07 4.849819807446388076 -0.1922366429957592937 0.9813485980267889763 -4.735831003913272319e-05 -0.9915332119335934502 -9.425380183975838925e-06 4.641205646207943275e-05 0.9999999988785416294 0.4947716376935253346
0.9797272694606191656 0.2003359115794726975 -3.015579686556099345e-06 5.649312613503491676 -0.2003359111434600548 0.9797272660877157646 -8.241870247294143866e-05 -1.355380327399984708 -1.355698024913485421e-05 8.135197923043403149e-05 0.9999999965990318262 0.4946189314166146711
0.9777457982132168324 0.2097931220908011152 -1.423575707431979482e-06 6.485122638316085819 -0.2097931216457065706 0.9777457956494184366 -7.212675211533289788e-05 -1.732473933075241668 -1.373980134981475407e-05 7.082028521109412489e-05 0.9999999973978525025 0.4946876734159472155
0.977032888988913828 0.213088558662636568 -1.813718925706879523e-06 7.420697936544497608 -0.2130885586702822021 0.9770328889461303845 -9.145103034364355146e-06 -2.027205923278289745 -1.766537826943454827e-07 9.321549189478179801e-06 0.9999999999565387654 0.494849721014532562
0.9816464613497284386 0.1907097924108832332 -6.217304060155795694e-07 8.298183982069401665 -0.1907097923950002993 0.9816464612141441171 -1.651171501526409362e-05 -2.322522421064430187 -2.538626290014257686e-06 1.632723669220606516e-05 0.9999999998634883092 0.494772686865574407
0.9833019743730683215 0.1819813923717756576 -5.16607893659237525e-06 9.246933494237612905 -0.1819813923886427209 0.9833019743789289668 -3.003986854942770028e-06 -2.591473456450018809 4.533145907619684685e-06 3.893956443526687605e-06 0.999999999982143839 0.4948015693116752378
0.9801069774832426029 0.1984699288427482222 -6.004170352195768018e-06 10.281144184075794 -0.1984699286397689499 0.9801069772299529914 2.476130726515872295e-05 -2.849812084050854288 1.079910414563377861e-05 -2.307708276084725722e-05 0.9999999996754137532 0.4948113955073865644
0.9793289398464465334 0.2022741396742376574 7.175914656574630322e-07 11.32713695722686964 -0.2022741396440455031 0.9793289396253684886 2.111268426631558647e-05 -3.120145029079334886 3.567791957036258839e-06 -2.082141289617536929e-05 0.999999999776869819 0.4947436554298596523
0.9807423563824680945 0.1953059917126882539 8.48693202483422594e-07 12.40573126003405235 -0.1953059916042412247 0.9807423556733376735 3.786857996253551985e-05 -3.377103099679912734 6.563611193686688322e-06 -3.730507521279380703e-05 0.9999999992826251738 0.4947280163876909276
0.9817713034200588051 0.1900660615885793603 3.913798897921309514e-06 13.54230188785045108 -0.1900660615688594957 0.9817713023844293341 4.534662666144883653e-05 -3.624366985036224342 4.776399294586329654e-06 -4.526389710541385732e-05 0.9999999989641827902 0.4947001887817075727
0.9849553674696229777 0.1728089236052547384 4.172067556502024448e-06 14.75118181066004297 -0.1728089236297391529 0.9849553666172627953 4.108548660990148609e-05 -3.867993543950770441 2.99063838718875475e-06 -4.118834106527346226e-05 0.999999999147288321 0.4947001679513393091
0.9874408507039692529 0.1579891336832925375 1.121253937773555432e-06 15.99450994261082215 -0.1579891334151418414 0.9874408485617279796 6.570129441921681668e-05 -4.058965353754159899 9.272918647394718376e-06 -6.505328799163054526e-05 0.9999999978410413215 0.4947523335558642321
0.988439378998856033 0.1516166021144159382 3.141277204652441736e-06 17.25232128519142805 -0.1516166021070039782 0.9884393780505988936 4.343621178215035839e-05 -4.266643435768183501 3.480688752680610714e-06 -4.341033197605708327e-05 0.9999999990517139947 0.4947226261501693201
0.9888519820828736151 0.1489018384901173997 5.221894246031649829e-06 18.58882412881093771 -0.1489018385802258482 0.9888519813100481448 3.910055683300308244e-05 -4.469078833341333379 6.584643270415242096e-07 -3.944221277896476236e-05 0.999999999221939162 0.4947165362655148169
0.9898759254809045283 0.1419353799730657673 8.213218183618691481e-06 20.00751480984581221 -0.1419353801327586928 0.9898759251977227169 2.414030979842163955e-05 -4.710807915267189117 -4.703702904453809666e-06 -2.50616577481135733e-05 0.9999999996748942799 0.4946470673811894647
0.9907785416900803943 0.135491259076361753 6.527816477348087286e-06 21.43192937492498018 -0.1354912592036653096 0.9907785413341636538 2.670926695927193349e-05 -4.924494686281181366 -2.848748278205612949e-06 -2.734743064188482732e-05 0.9999999996220013676 0.4946700328153113002
0.9915736815211049215 0.1295439466004058016 4.013274876945029679e-06 22.83686532909266731 -0.1295439466601003009 0.9915736812177090576 2.454218858430685498e-05 -5.137522313303131583 -8.00165776048377891e-07 -2.485528375371767122e-05 0.9999999996907873445 0.4946636566057702744
0.9920952907386956232 0.12548678846077993 4.258574228801039357e-06 24.31631108274119413 -0.1254867885235300407 0.9920952905100294261 2.135659488252467304e-05 -5.364238595972654622 -1.544940932414959808e-06 -2.172217201282816175e-05 0.9999999997628802317 0.4946617319738778606
0.9927486395706816014 0.1202087292967619486 5.801009070596487481e-06 25.87824056429607111 -0.1202087294144436463 0.992748639159967694 2.865013313049078109e-05 -5.572753064731479355 -2.314947762789906816e-06 -2.913971261851170245e-05 0.9999999995727590907 0.4946800046451756971
0.9945440169300904243 0.1043177758196099925 6.232367292756976589e-06 27.44389379423659747 -0.104317775975555263 0.9945440163052201576 3.534443005730785923e-05 -5.759908446280750383 -2.511311267237702746e-06 -3.58017381403427854e-05 0.9999999993559643974 0.4946865778941121894
0.9962940516765761423 0.08601257197697852186 7.616422623129545269e-06 29.04244382667351587 -0.08601257222071014008 0.9962940508162235753 4.159820067491480639e-05 -5.903965770846417271 -4.010228318262176785e-06 -4.209914799380153093e-05 0.9999999991057898496 0.4946841868310922208
0.9976775387874410317 0.06811408485366433896 6.768656200061442528e-06 30.68453112221043 -0.0681140850177897883 0.997677538405219555 2.803789879158356425e-05 -6.044985664621798982 -4.843160438580146755e-06 -2.843382268302563609e-05 0.999999999584030741 0.494654043232390539
0.9986293560921833956 0.05233936487853398795 6.103746761080602182e-06 32.36261109992954488 -0.05233936503756050213 0.9986293556601786303 2.972262093454865602e-05 -6.147351373140521602 -4.539717592891089033e-06 -3.000134803506540374e-05 0.9999999995396550156 0.4946609547241996863
0.9991546959473392997 0.04110831455512670846 6.561225001596605454e-06 34.08412754037964731 -0.04110831473185212748 0.99915469552426317 2.956276325593031694e-05 -6.230665753255617112 -5.340403397692914539e-06 -2.980749463473436007e-05 0.9999999995414966536 0.4946622537709467471
0.9990268059259560518 0.04410715378341885373 5.361068620561378178e-06 35.82452945593168891 -0.04410715390317604401 0.9990268056280366959 2.476763116947185974e-05 -6.321921659149364991 -4.263421541909315089e-06 -2.497998893632219546e-05 0.9999999996789117329 0.4946561286689209469
0.9990710175344383881 0.04309410500264875682 6.241416913365569169e-06 37.62181631595268527 -0.04309410508624920977 0.9990710174530175181 1.394419114654324046e-05 -6.434496197564005371 -5.634706308538447023e-06 -1.420020551382334228e-05 0.9999999998833021264 0.4946345947106151608
0.9990059585106888518 0.04457684165356155803 7.110970792334240163e-06 39.44351629454197194 -0.04457684174561562379 0.9990059584425616812 1.335955504464761676e-05 -6.545135520058683376 -6.508375422065609703e-06 -1.366325971232209072e-05 0.9999999998854781635 0.4946307839571322251
0.9991119780960426855 0.04213377738668193373 5.511365473667822673e-06 41.24426890644371468 -0.04213377743494528538 0.9991119780690727037 8.955457093243434892e-06 -6.652636551306740031 -5.129144024695146574e-06 -9.179719097414846767e-06 0.9999999999447123367 0.4946219345181023797
0.999245014256054831 0.03885101625659966723 4.741198783382907123e-06 43.02928516297652806 -0.03885101630281920237 0.9992450142146610537 1.008031711276725695e-05 -6.761044781103516144 -4.345988681676217213e-06 -1.025690700828077449e-05 0.999999999937954076 0.4946420883688786851
0.9994089944497348554 0.0343753078717955185 4.891015406769528198e-06 44.81915298333444753 -0.03437530787566327184 0.9994089944613184784 7.088990099794911193e-07 -6.872531363489221334 -4.86375616785629509e-06 -8.766102071623322455e-07 0.9999999999877877688 0.4946293346044943751
0.9993636167720945096 0.03567017572645725387 6.170462505103456902e-06 46.69419326041204243 -0.03567017572716400103 0.9993636167911187362 4.482157214129771523e-09 -6.987528214184438369 -6.166375847038716289e-06 -2.245807867193864675e-07 0.9999999999809626727 0.4946204962762596469
0.9994286040054044529 0.03380037679224071751 5.171453988352231785e-06 48.56783153668543207 -0.03380037677000224949 0.9994286040101612034 -4.328876038327309488e-06 -7.113367976720218699 -5.314816681464008221e-06 4.151605442642883852e-06 0.9999999999772584136 0.494602821565644335
0.9994582002287245581 0.03291361375983171272 5.201939979852747438e-06 50.41143764557912021 -0.0329136137941700227 0.9994582002189457137 6.659345348427653056e-06 -7.220963904655708809 -4.97993844921910073e-06 -6.826951960118374799e-06 0.9999999999642964488 0.4946151615384352107
0.999535934663271064 0.03046170197546558406 5.640219243090544689e-06 52.24183033005565591 -0.03046170204094864747 0.9995359346061977179 1.191286795829591088e-05 -7.324351901545355759 -5.274715579107719248e-06 -1.207915028724406925e-05 0.9999999999131357065 0.4946092744371538008
0.9995437081918627786 0.03020555215532933629 5.940116055214046495e-06 54.02932240141488052 -0.03020555223450541865 0.9995437081128966117 1.37245000413601907e-05 -7.425808785714298921 -5.522849526644462649e-06 -1.389766215020533526e-05 0.9999999998881765606 0.4945996475447316798
0.9996982085558079323 0.02456606953064569346 6.352703869065213623e-06 55.76570386851420125 -0.02456606952615187148 0.9996982085757950554 -7.84471542997785295e-07 -7.541100945765342622 -6.370058059987109975e-06 6.281738312714087518e-07 0.9999999999795138317 0.4945649948907766547
0.9998152651662143287 0.01922070428765196293 8.338581732258722293e-06 57.60480490181585367 -0.01922070420351744413 0.9998152651520407774 -1.005525798777255107e-05 -7.656434998646965084 -8.530310445949271488e-06 9.893127018406887261e-06 0.9999999999146799157 0.4945367706943155084
0.9998506638120455703 0.01728149391376233857 6.704722892392856397e-06 59.47575428469196623 -0.0172814939008860205 0.9998506638328000795 -1.973699423873054193e-06 -7.757673549919226197 -6.737830109355232861e-06 1.857537051352890911e-06 0.9999999999755756486 0.4945499375012354371
0.9998387236059188554 0.01795902952774651451 6.224259252528880441e-06 61.26530016953724811 -0.01795902951712274528 0.999838723623937109 -1.758552618859582006e-06 -7.866635814099996793 -6.254837324961137707e-06 1.646487350196077001e-06 0.9999999999790830651 0.4945390333737446076
0.9999005564141514313 0.01410238415150908038 6.793135723763121109e-06 63.1826348409396914 -0.01410238419847727534 0.9999005564126431933 6.916503319153099984e-06 -7.958218262583375946 -6.694921003185490167e-06 -7.01161492715039278e-06 0.99999999995300759 0.4945454790537993084
0.999886876243557654 0.01504109952750195059 6.567885824070286447e-06 65.10865564780579007 -0.01504109965591476222 0.9998868760639596509 1.996069916698115543e-05 -8.028550005449185178 -6.266911976165391137e-06 -2.005722936291865678e-05 0.9999999997792167195 0.4945572793174989323
0.9996512124439150826 0.02640934349610407281 6.143955898919350783e-06 67.04159197176747398 -0.02640934366023029237 0.9996512120558259662 2.837229204509231819e-05 -8.114935066121223173 -5.39251935478171839e-06 -2.852465398545722593e-05 0.9999999995786323925 0.494554525151247093
0.9996734436357336273 0.02555398274368565065 7.592224935089689196e-06 69.02839604547163788 -0.02555398291057377896 0.9996734434011146364 2.27639513417786008e-05 -8.216899661187591519 -7.00803602417096586e-06 -2.295052921483662142e-05 0.9999999997120803119 0.4945289534785431429
0.9996918189132569799 0.02482472878164512439 6.407374819139421707e-06 70.94262438224943423 -0.02482472892483884516 0.9996918186579982768 2.333034654116127106e-05 -8.302787559402391437 -5.826230660502907235e-06 -2.348221791261507975e-05 0.9999999997073202307 0.4945212836426656766
0.9996568316921695674 0.02619577841788606198 6.81815783338620979e-06 72.88309498245712348 -0.02619577859376004403 0.9996568313427013353 2.712876101177854219e-05 -8.389491270154932678 -6.105159043100899609e-06 -2.729805823378930003e-05 0.999999999608771506 0.4945196977166933516
0.9995650270279837768 0.02949163776392563913 6.839626084159198874e-06 74.86620827250531818 -0.02949163794843393666 0.9995650266351012725 2.865869252895441867e-05 -8.480385407615804283 -5.991459250135184265e-06 -2.884793854846766641e-05 0.9999999995659494267 0.4945086096882487792
0.999478439089941384 0.03229318451613395063 5.511270587009567444e-06 76.79793614154546333 -0.03229318471996701911 0.9994784382112993359 4.211385662147174925e-05 -8.558948756080869913 -4.148405576301076022e-06 -4.22698681591941901e-05 0.9999999990980245057 0.4945162469843027986
0.9994286592060025454 0.03379874433027490327 6.45148583922391651e-06 78.68523924003271475 -0.03379874445748059369 0.9994286590071673748 2.074767828090202528e-05 -8.668686636735861484 -5.74655436723633185e-06 -2.095387640717038142e-05 0.9999999997639560378 0.494475006180815968
0.9990708968613641883 0.04309690215847004208 8.438338439349127873e-06 80.63778965307771784 -0.04309690224591616881 0.9990708968383579247 1.047082115540809492e-05 -8.792014169912805599 -7.979238397572662917e-06 -1.08247589294470933e-05 0.9999999999095782188 0.4944552064775551981
0.9981990864904615179 0.05998819604612018463 8.183729359874460275e-06 82.59447523087186482 -0.05998819611733358093 0.9981990864813530262 8.752917400890499391e-06 -8.940990182939900777 -7.643919446017212783e-06 -9.228081315506674658e-06 0.9999999999282065399 0.4944384123174628831
0.9965929717269815802 0.08247695824297897327 8.099544956364203988e-06 84.52247788459366973 -0.08247695833126644782 0.9965929716891035461 1.124886684371046762e-05 -9.125714727304043095 -7.144177256442946362e-06 -1.18785674682027994e-05 0.9999999999039301812 0.4944356334219114912
0.9932418198834724876 0.1160632895014166721 8.179906665310469083e-06 86.45625381190842518 -0.1160632896266151626 0.9932418197571315499 1.699479836150609942e-05 -9.365570898074121686 -6.15215317944678429e-06 -1.78293313295495797e-05 0.9999999998221329456 0.49443386769385822
0.9890977537189282742 0.1472604275742981916 7.81269364025316669e-06 88.33909774286287586 -0.1472604277280919194 0.9890977533973602798 2.553168115584577107e-05 -9.657742189928240961 -3.967711443855733926e-06 -2.640382908708716953e-05 0.9999999996435475769 0.4944360741148206007
0.9833401994900405896 0.1817747287428548852 7.718910707826989495e-06 90.22422191676830039 -0.181774728889884718 0.9833401990905983325 2.813724084392560856e-05 -10.00760268584576984 -2.475675870220183036e-06 -2.907158292580560397e-05 0.9999999995743570347 0.4944321654086323292
0.9741192062855178468 0.2260348908369735343 8.498418928430825385e-06 92.07931365524750333 -0.2260348909751276614 0.9741192060237553463 2.279788854954637156e-05 -10.43944064787773485 -3.125354849410093732e-06 -2.412880029481862825e-05 0.99999999970401654 0.4944129907883152431
0.9608522978147294724 0.2770611154912890339 8.313243149867515912e-06 93.88617568284050208 -0.277061115595419849 0.9608522976765931922 1.663928641284290655e-05 -10.96404886282456914 -3.377699527173097908e-06 -1.829117300509578556e-05 0.9999999998270120427 0.4943977422090036211
0.9430777271171946197 0.3325723989704607031 7.793061820411284439e-06 95.62567850277361003 -0.3325723990556528897 0.9430777269830278309 1.60351520648602441e-05 -11.57740584079125767 -2.016614037764986249e-06 -1.771415202891018243e-05 0.9999999998410710189 0.4943973792988637372
0.9243772487892343293 0.381479621813449743 8.009122513896963777e-06 97.31595042434423704 -0.3814796218948686701 0.9243772486574223235 1.567529496455044311e-05 -12.28116179234916672 -1.423645038665311683e-06 -1.754520306160197292e-05 0.9999999998450694871 0.4943951416353604134
0.9030585463212723596 0.4295174756307194031 6.79393483744524576e-06 98.98718608982764522 -0.4295174756814993389 0.9030585462607390035 1.057668812319067824e-05 -13.08629694676479538 -1.592448534487220629e-06 -1.246948234274612115e-05 0.9999999999209880919 0.4943851187488056964
0.8765241660440232785 0.4813578567843448952 7.419195946192287868e-06 100.5920501189659149 -0.4813578568414892955 0.8765241659342378755 1.387407022649150194e-05 -13.96417821413647609 1.752881704605676359e-07 -1.57322460950578633e-05 0.9999999998762328923 0.4943954273552412793
0.8507953151011721227 0.5254972233969287254 2.499687126560806183e-06 102.1198531204293687 -0.5254972234028563172 0.8507953150902854977 4.306177121854102148e-06 -14.93576887881836157 1.361620245202779768e-07 -4.977253965652887444e-06 0.9999999999876041379 0.494387121378788208
0.8208842118215968764 0.5710946600884122537 -1.664100101552303943e-06 103.6107197228199652 -0.5710946600895988601 0.8208842118102652741 -4.474140831965837428e-06 -16.00814989824558765 -1.189124437383071072e-06 4.623110252278180196e-06 0.9999999999886064472 0.4943746881411135163
0.7869282813761974138 0.6170444716243030925 -3.228263594429481218e-06 105.0329862073762968 -0.6170444716321823453 0.7869282813576227165 -5.471009595498351814e-06 -17.15890689544697878 -8.354443029719987456e-07 6.297274382292352861e-06 0.9999999999798232508 0.494366033104503777
0.7464652905227795454 0.6654243533613569683 7.713131451528554228e-07 106.4086944000572998 -0.665424353360922316 0.7464652905194019139 2.493268281429454541e-06 -18.39970653757555397 1.083322942948617258e-06 -2.374388782900587291e-06 0.9999999999965943909 0.494390747371628192
0.6951890077326987605 0.7188269912570265374 1.3047194060349586e-05 107.670246942359654 -0.7188269913652940435 0.6951890075119685486 1.79297658062979198e-05 -19.69364552923548572 3.818133718853771563e-06 -2.184325135192015049e-05 0.9999999997541471064 0.4944238529201117616
0.6348501121814100756 0.7726353182021775678 1.149364629561662163e-05 108.7586125495663225 -0.7726353182653749041 0.6348501119798486414 1.704023011346923698e-05 -21.02992411100028747 5.869140978129647338e-06 -1.969838906277638412e-05 0.9999999997887634162 0.4944261398359314774
0.5718546421857344519 0.8203549647076830986 9.608035009431467149e-06 109.7697926026142596 -0.820354964745333759 0.5718546420546390952 1.343412129072632375e-05 -22.49219415587569415 5.526348676165657514e-06 -1.556436384522214502e-05 0.9999999998636049936 0.4944349382806447757
0.5117891699916787829 0.8591110786075266681 9.760805744779644995e-06 110.6883157843844288 -0.8591110786320097503 0.5117891698437355696 1.430515491074020513e-05 -24.0403387133812636 7.294242395887035057e-06 -1.570683971008527373e-05 0.9999999998500445075 0.4944511469934361747
0.4572248751844041892 0.8893511193617826827 2.187090356698997369e-06 111.4724963009289382 -0.8893511193450854835 0.4572248751568172009 7.727200838744834369e-06 -25.6096178617862229 5.872202600172645202e-06 -5.478159695859026436e-06 0.9999999999677535722 0.4944617736422793342
0.4171916758049459273 0.908818521761375564 -1.203169484305452898e-05 112.1770595135983513 -0.9088185218409110533 0.4171916757619001381 -6.009328028871455268e-06 -27.24224890254996723 -4.418656821484291622e-07 1.344166875333224447e-05 0.9999999999095632308 0.4944747717845260349
0.3831363580767955246 0.9236917942364660794 -1.954739330622337222e-05 112.8052216057118216 -0.9236917944380725887 0.3831363579176426115 -1.147217064145974127e-05 -28.88421044276135063 -3.107432805466729114e-06 2.245117247841665274e-05 0.9999999997431443521 0.494493620171054804
0.3611162765167314492 0.9325207958021676236 -1.527797255783185874e-05 113.430035051336489 -0.9325207959192719498 0.3611162763970771072 -1.007126130910517838e-05 -30.61301231410492818 -3.874536049717369705e-06 1.788392351343324555e-05 0.9999999998325765915 0.4945127934122754976
0.3429108650750592457 0.9393679462251186552 -1.484958051183625468e-05 114.0020076961547772 -0.9393679463410181674 0.3429108650036920003 -7.191003225979900656e-06 -32.31613878642547633 -1.66291543343120623e-06 1.641509308640754088e-05 0.9999999998638897658 0.494517900276227218
0.3358194919392557543 0.9419263606226080388 -3.7592783623042281e-07 114.5750595162297714 -0.9419263606171267567 0.3358194919386189303 3.300767290555748427e-06 -34.03087292905379968 3.235323616223808422e-06 -7.543656558889522497e-07 0.9999999999944817475 0.4945350689481910478
0.3356603641399961147 0.9419830781295909228 2.156709332354655496e-05 115.1803496327011516 -0.9419830783462533885 0.3356603638578171678 1.569672974782957434e-05 -35.80198216748464546 7.54683541209168499e-06 -2.558460698285889388e-05 0.9999999996442368033 0.4945638560545999041
0.3335270872814129484 0.9427405165032790579 2.439139439279203249e-05 115.7394016263689593 -0.9427405167843928568 0.3335270869364997948 1.717501962784188048e-05 -37.47386922097623341 8.05639615675841095e-06 -2.872309002542790414e-05 0.9999999995550392651 0.4945648958294235897
0.3330840730423640372 0.9428971313355627437 -2.628341341925092363e-06 116.2863492415945927 -0.9428971313288033729 0.3330840730504947556 3.773406392793789779e-06 -39.20019906888545336 4.43339270266395247e-06 1.221393940898216507e-06 0.999999999989426458 0.4945467822670644442
0.3308660536915632444 0.9436777276669664483 -2.867255354562654781e-05 116.825905503242538 -0.9436777281015275021 0.330866053583371289 -8.575444115609490316e-06 -40.94567836764200308 1.394319021045927824e-06 2.989497354199050139e-05 0.9999999995521733354 0.4945615934508570954
0.3295343121219126425 0.9441435998391675133 -4.394178994605629439e-06 117.3801096703991789 -0.944143599835940206 0.3295343121384934904 3.804611317580538422e-06 -42.64539735881300686 5.040132177770110891e-06 2.894986000860285049e-06 0.9999999999831081787 0.4945852800017988549
0.3358395539169317101 0.9419192076531788249 -1.676653762873215413e-05 117.9186405029066265 -0.94191920779700955 0.3358395539220478954 -2.593556069238118563e-06 -44.35167040430874152 3.187946240309777341e-06 1.666374255410562268e-05 0.9999999998560782366 0.494582974267305131
0.3429119332978283197 0.9393675563194944234 -1.176945665194478067e-05 118.4844941270309704 -0.9393675563850494292 0.3429119333202021447 -1.242490357710647172e-07 -46.0510432647736252 3.919171621539379535e-06 1.109845221218377692e-05 0.9999999999307322973 0.4945956130621817493
0.3502219454092729833 0.9366667438080394925 1.471258939050879492e-07 119.0540301827869456 -0.9366667437943204666 0.3502219454032842738 5.469627181528869936e-06 -47.69120510537316449 5.071691165183953644e-06 -2.053391404150386733e-06 0.999999999985030863 0.4946060384703804824
0.3637127969160167673 0.9315111386138595906 2.690302980714110614e-07 119.584795462024843 -0.9315111385954005785 0.3637127969069590128 6.407072760543081425e-06 -49.20351016220838147 5.870409880191064372e-06 -2.580939073054708059e-06 0.9999999999794386696 0.4946080193422981996
0.3828502754379170536 0.9238104061360635777 1.068013400760468141e-05 120.1211344489337023 -0.9238104061742048456 0.3828502753199257147 1.157327403371185575e-05 -50.59985000592385518 6.602618740142151512e-06 -1.429725008708529981e-05 0.9999999998759969699 0.4946170087692939865
0.3967581516399523167 0.9179231824947784446 1.217123066432980402e-05 120.6260190839717552 -0.9179231825566114278 0.3967581515119252278 1.167111001028348969e-05 -51.84067167968916579 5.884147463881335274e-06 -1.580286282229885689e-05 0.9999999998578230631 0.4946235870294575787
0.40682148223859943 0.9135076796111628594 2.971280073949778916e-05 121.097701160507853 -0.9135076800682354614 0.4068214817656610749 2.079843695366393862e-05 -52.9212730080289262 6.911726256830287731e-06 -3.560412262160400561e-05 0.9999999993422872269 0.494669711572139903
0.419224997319106063 0.9078823720029721711 1.52080697143401127e-05 121.5018449614743332 -0.9078823721153499449 0.4192249971570755074 1.277060642363637529e-05 -53.87799084528182902 5.218605469048544024e-06 -1.916089585126302754e-05 0.9999999998028130666 0.4946393930793387961
0.4283941402449489844 0.9035919767068103514 1.53981415809942808e-05 121.8410260505961986 -0.9035919768207961722 0.428394140069396745 1.347295701383497568e-05 -54.64921721787246867 5.577582238960165121e-06 -1.968537302703611506e-05 0.9999999997906882099 0.4946406038321299325
0.4385943931844192289 0.8986851272788324296 1.66509039953704273e-05 122.1591091135373404 -0.8986851274167509951 0.4385943929894485782 1.41558458717949668e-05 -55.33686853817960838 5.41865501845851967e-06 -2.117259440883564246e-05 0.9999999997611797031 0.4946399493080057552
0.4461294725686414941 0.8949684315118939804 1.746422650926534486e-05 122.4862226058693579 -0.8949684316696098207 0.4461294723735017009 1.402900517838854142e-05 -56.02238382895998114 4.764210602184757556e-06 -2.188868409021725109e-05 0.9999999997490939263 0.4946376209331109775
0.4520331442981544989 0.8920011408392937158 3.463459641483138856e-05 122.8601040081470614 -0.8920011414878360467 0.452033143661365322 2.486471278436379041e-05 -56.7246725938028149 6.523366673454984385e-06 -4.213377383898659419e-05 0.9999999990910953818 0.4946805670550010192
0.4553040888996391922 0.8903359961365243658 2.484119816973359479e-05 123.2000651143754624 -0.8903359964707017182 0.4553040885690253781 1.797456363988842549e-05 -57.39785670717125043 4.6931019318063215e-06 -3.030090524740391099e-05 0.9999999995299150291 0.4946498465370618991
0.4508370148444889591 0.8926062882409842025 1.55240464165341455e-05 123.5197563801926037 -0.8926062883675943693 0.4508370146966834691 1.217547891215623045e-05 -58.05559995536759743 3.869094296893149231e-06 -1.93460180193673372e-05 0.9999999998053810124 0.4946364302865667861
0.4512423302323263496 0.8924014563527971067 1.039901829967975609e-05 123.8356893568685138 -0.8924014564077771272 0.4512423301575374524 8.803812671965780408e-06 -58.7203927966273227 3.164058001021107557e-06 -1.325275202087206065e-05 0.9999999999071764734 0.4946278972124829587
0.4483451783255339995 0.893860504248390364 4.392176827955273558e-06 124.1652357408482743 -0.8938605042556263536 0.4483451783044798411 5.02340875773639472e-06 -59.42884754180960982 2.521015382161623398e-06 -6.178214489505351639e-06 0.9999999999777371418 0.494619720476449809
0.4408685120770666765 0.897571699119205535 -1.20358243805610263e-06 124.5220437676205592 -0.897571699118464128 0.4408685120784006095 1.266309651070839502e-06 -60.21816339878279223 1.667225303752189281e-06 5.220254822587292237e-07 0.9999999999984741095 0.4946169035630186839
0.4362898363112525102 0.8998061895301736612 4.113676590981830716e-06 124.925761377214215 -0.8998061895364404261 0.4362898362931009744 4.635017984239623611e-06 -61.09819607705552613 2.375862584360256874e-06 -5.723722895960233477e-06 0.9999999999807969164 0.4946270354402086955
0.4332981861536859824 0.9012506209531564449 1.047417965991184074e-05 125.3766469804390056 -0.9012506210097084303 0.4332981860863975854 8.129292194621918366e-06 -62.067165291085864 2.788086590929813787e-06 -1.296226848570579899e-05 0.9999999999121031991 0.494643061492627989
0.4280696472835942568 0.9037457478965648106 1.534961546019564358e-05 125.8482643464905237 -0.9037457480199287962 0.4280696471517482227 1.120312432463287345e-05 -63.08922601214695902 3.554071497582563676e-06 -1.866786718401262671e-05 0.9999999998194395445 0.4946540586304832843
0.4272109805600250998 0.9041519662471230179 4.757719829715007646e-06 126.3290047738277622 -0.9041519662567096827 0.4272109805393264903 4.794362082737592572e-06 -64.18502850851869823 2.302281750423900644e-06 -6.349905865461493583e-06 0.9999999999771891357 0.4946483383751504315
0.4273605898665616687 0.9040812608351720403 6.150018213750507917e-06 126.8474810464625762 -0.9040812608527615257 0.4273605898366420464 5.620606051653730768e-06 -65.33344195794879283 2.453209194502393634e-06 -7.962141738597312352e-06 0.9999999999652928739 0.4946620378482347591
0.4245542961666646242 0.9054024793112188663 8.109167073673319721e-06 127.4001130162476585 -0.9054024793430094364 0.4245542961192013132 6.963750175393198971e-06 -66.55494753644161676 2.862214955028559866e-06 -1.029855002830506776e-05 0.9999999999428738073 0.4946707399853940146
0.4210056125971164409 0.9070580324060519839 3.408987582350794829e-06 127.9491951060142441 -0.9070580324102101022 0.4210056125847326802 3.808582918274124345e-06 -67.82670413003691579 2.019402822703682742e-06 -4.695584353592861949e-06 0.9999999999869366718 0.494672516274540397
0.4252284263331893022 0.9050860652089262048 2.248498442065388624e-06 128.5123704460318379 -0.9050860652109455895 0.4252284263282656851 2.363823507721648741e-06 -69.12515171229681243 1.183338263331127155e-06 -3.04024955787978031e-06 0.999999999994678368 0.4946869138112910402
0.4300582824985467734 0.9028011263044543044 2.039002764881108767e-07 129.0808729342863899 -0.9028011263035988776 0.4300582824978022023 1.492247584034317231e-06 -70.42268956298271121 1.259513796883978657e-06 -8.258348323194862518e-07 0.9999999999988657962 0.4946902871938557711
0.4415774771407197097 0.8972231225752895778 7.18783624106651717e-07 129.6787297494235816 -0.8972231225754064843 0.4415774771399987864 9.715979810126872034e-07 -71.76458869307091959 5.543415150694898047e-07 -1.073945072927636625e-06 0.9999999999992695843 0.4946996230442823883
0.4627246833920259927 0.8865020402180350256 8.440598578478477742e-06 130.3013499703037894 -0.886502040251583967 0.4627246833307558926 8.274282322089960569e-06 -73.03615205015206868 3.429494855524287158e-06 -1.131132252855110335e-05 0.9999999999301463216 0.4947198787723204316
0.4968340688282516515 0.8678455554006533346 5.01285304676171559e-06 130.9721766044710591 -0.867845555414932468 0.4968340688159429974 3.546145962133073419e-06 -74.33442044891768319 5.869508364401416261e-07 -6.11222836360580747e-06 0.99999999998114808 0.4947206741493623827
0.5411717089853794738 0.8409121127461860468 5.729098341022093729e-06 131.6734068029467721 -0.8409121127651655314 0.5411717089647785084 4.816597110698725601e-06 -75.53923744591675415 9.499089125666367036e-07 -7.424274280079163794e-06 0.9999999999719889621 0.4947258190589204907
0.6008458343819547132 0.7993649249509572341 8.138545318714740322e-06 132.4392568823458589 -0.7993649249914694943 0.6008458343346928521 7.632961634294613276e-06 -76.65149867695403429 1.211510751657582698e-06 -1.109190087019728036e-05 0.9999999999377509052 0.494731532481560321
0.6700933293911137678 0.7422768552269972675 1.010368175651693555e-05 133.2579504326714357 -0.7422768552956346966 0.6700933293209631048 9.705851542951242017e-06 -77.64343812627893726 4.340192139780396904e-07 -1.400355549612734419e-05 0.9999999999018560626 0.4947359695716287975
0.7419381526280530714 0.6704683270464091294 1.023202029303931785e-05 134.1085852574988166 -0.6704683271238210951 0.7419381525194510552 1.272955792135545673e-05 -78.47490425863549035 9.432391708124352789e-07 -1.630479021691332622e-05 0.9999999998666321277 0.4947397590579366011
0.8157977616560494472 0.5783372822052479378 9.52155577971508239e-06 135.0309421095914786 -0.5783372822836266858 0.8157977615444664821 1.349293639526196104e-05 -79.18769210045716989 3.58042722917369752e-08 -1.651417800217453181e-05 0.9999999998636402987 0.4947411447853278799
0.8836396533818072774 0.4681676653441202984 9.987405606680691437e-06 136.0335501426164626 -0.4681676654492565315 0.883639653230169464 1.641011397832003478e-05 -79.76333901475287291 -1.142582877695371392e-06 -1.917640779453317845e-05 0.9999999998154799341 0.49474441654779161
0.9398711320233797961 0.3415292887424526413 1.106335073245085301e-05 137.0707854982432821 -0.3415292889034400314 0.9398711318146146798 2.012110155762187293e-05 -80.17042072362498573 -3.526178470881372771e-06 -2.268970080706275399e-05 0.9999999997363717696 0.494743207497976234
0.9802597091707763166 0.1977141937745740818 1.259873549127875798e-05 138.1472739844497255 -0.1977141940375398144 0.9802597088788406188 2.504175936068982327e-05 -80.41102166118925254 -7.398921522226753623e-06 -2.703837658158469989e-05 0.9999999996070910724 0.4947316470687395662
0.9990956057426348957 0.04252023568862341174 1.204052455768861851e-05 139.1962268584060496 -0.042520235951187417 0.9990956055515167744 2.246188616668977624e-05 -80.47514265341146711 -1.107455048030320621e-05 -2.29535377109999888e-05 0.9999999996752446663 0.4947114494957634001
0.9925950005954427002 -0.1214708387082387153 1.177637487341543687e-05 140.2503303126806884 0.1214708384304442335 0.992595000456016785 2.197630077460027153e-05 -80.36353570124566659 -1.43586505096432311e-05 -2.038308015090499448e-05 0.9999999996891796306 0.4946926652182211948
0.9559617254115324592 -0.2934913617847001444 1.040197207874852581e-05 141.1659078373871239 0.2934913615166178102 0.9559617253054218944 2.164338067222741939e-05 -80.08487091742618702 -1.629603244209594688e-05 -1.763735458331139303e-05 0.9999999997116815198 0.4946742863051247774
0.8888740511001257394 -0.4581516355882819802 9.532367741944249641e-06 142.0058633094953109 0.4581516353157459309 0.8888740510246874171 2.178765760748983138e-05 -79.64831434023356849 -1.845512529914797168e-05 -1.499921361214913978e-05 0.9999999997172159816 0.494660371369292029
