0.9999806747146977592 0.006216928271891146787 0 -0 -0.006216928271891146787 0.9999806747146977592 -0 0 -0 0 1 0.4949999999999999956
0.9999825181662732598 0.005912982671174568834 4.941184979318494607e-08 0.001354849508298153118 -0.005912982671081086321 0.9999825181648015482 -1.716658624038439896e-06 -0.0003379254010949670687 -5.956155868022553694e-08 1.716336442286215013e-06 0.9999999999985252908 0.494994906573840765
0.9999806656048746412 0.006218393571293119593 -2.39267954960662934e-07 0.004958198726227307056 -0.006218393570832319792 0.9999806656031373642 1.880842911792628839e-06 0.0009287389846909442593 2.509591503637451228e-07 -1.879318684515312995e-06 0.9999999999982025489 0.4950055994534078851
0.9999812235823769546 0.006128008234619427078 -3.981665253997977167e-08 0.003557105123219850631 -0.006128008234657758395 0.9999812235818308359 -1.045629036236626354e-06 8.002213925446378213e-05 3.340828158174417769e-08 1.045853399843795223e-06 0.999999999999452549 0.4949970216508945975
0.9999804117060757669 0.006259089900273411174 -1.879291254501855558e-08 0.003951735251070422755 -0.006259089900292745534 0.9999804117052126795 -1.313922133106736697e-06 -0.0005747152620933405768 1.056858767011030119e-08 1.314014022142913387e-06 0.9999999999991365796 0.4949964934091755642
0.9999817313283574371 0.006044585322511536463 2.296495349647581378e-07 0.007482456303537312649 -0.006044585321973521518 0.999981731325797929 -2.275544863951080216e-06 -0.003344880000054124402 -2.434000646586230045e-07 2.274115156560794563e-06 0.9999999999973845366 0.4949948686493115257
0.9999807506420856917 0.006204703661097508115 -3.805002980847026941e-08 0.006861952133204007008 -0.006204703661113084197 0.999980750641997207 -4.226098065735563775e-07 -0.002620045008259904579 3.542712875772678744e-08 4.228377607652250432e-07 0.9999999999999099609 0.4949984803172554071
0.9999802503086043792 0.006284822587569042704 -1.287715737814474205e-07 0.006529758534080716374 -0.006284822587415863152 0.9999802503079436855 1.157617828605686812e-06 -3.433276273767122956e-05 1.360444532578431547e-07 -1.156785659515495411e-06 0.9999999999993216537 0.4950025309027490938
0.9999807388224102311 0.006206608285934176253 6.626446354634475009e-08 0.005988849390456784175 -0.006206608285903209704 0.9999807388223076465 -4.583523942873208022e-07 -0.0008911489615437861349 -6.91080009859111185e-08 4.579322883115086614e-07 0.9999999999998927525 0.494996845664118168
0.9999806453776614035 0.006221645465279169833 -1.136439540661942619e-07 0.006204233580749399062 -0.006221645465315978063 0.999980645377614441 -3.260612101892384279e-07 0.0001855564456084562725 1.116131172737799571e-07 3.267619517914619005e-07 0.999999999999940381 0.4949983733446791656
0.9999782575963475084 0.006594265437786636999 -3.765858089302992503e-07 0.002918771681521703781 -0.006594265437267806361 0.9999782575954931918 1.362851568686343784e-06 0.003467986206743974096 3.855646260454037901e-07 -1.360338630233460568e-06 0.9999999999990003552 0.495002396743801476
0.9999808923421439344 0.00618182438995991488 2.32416487304942556e-07 -0.001080050475916294805 -0.006181824389857552317 0.9999808923420753226 -4.387816723634560599e-07 0.004119717191711621575 -2.351245176137072442e-07 4.373365303638741669e-07 0.9999999999998767652 0.4949971850207244284
0.9999803053742016834 0.006276054940384917166 5.799886775493353425e-07 -0.001091424517488353294 -0.006276054938720543666 0.9999803053703805178 -2.828336902633495007e-06 0.001831210967713680022 -5.977280526811868812e-07 2.824641158791755192e-06 0.9999999999958321117 0.4949933056385439345
0.9999812366877575132 0.006125869287007252965 3.669941951879708549e-07 0.003483876990248064871 -0.006125869286164376849 0.9999812366852861567 -2.255528968152086767e-06 -0.0008078011228618715281 -3.808043847940444088e-07 2.253238488488995661e-06 0.9999999999973889775 0.4949979802883927027
0.9999787552265784196 0.006518366183909139917 -1.678332355309458975e-07 0.01149016286445349484 -0.006518366183802468301 0.9999787552263955659 6.287270508321673984e-07 4.258810489167908219e-05 1.719279430987746108e-07 -6.276196951814615721e-07 0.9999999999997882805 0.4950016685827868801
0.9999675417853328696 0.008057007984781797486 -6.039421617848113868e-07 0.0510663508482636988 -0.008057007981649638023 0.9999675417729362303 5.020715863089439588e-06 0.009688126680169986335 6.443745066912822024e-07 -5.015686932798209681e-06 0.9999999999872137835 0.4950118076721606863
0.9999539573012349303 0.009596003303884491006 6.518278650178553671e-07 0.1000806420185240825 -0.009596003302743703889 0.9999539572999595061 -1.731345218616529838e-06 0.01172249158981900942 -6.684118475409936081e-07 1.725010560464640538e-06 0.9999999999982888133 0.494990615351447838
0.9998574958312147487 0.01688158854907701595 6.519746623627917863e-07 0.1431051018801640928 -0.0168815885461100941 0.9998574958221633224 -4.315720180730783571e-06 0.01450112519588370869 -7.247379656335833905e-07 4.304098804621224456e-06 0.9999999999904747305 0.4949880533435918051
0.999590683721167772 0.02860882757927843759 2.149512082251733445e-06 0.2266142409115591838 -0.0286088275643646868 0.9995906837016176327 -6.675181092207126315e-06 0.01421406129772754753 -2.339601356850298108e-06 6.610953811413279394e-06 0.9999999999754107805 0.4949864181793496298
0.99909846868811647 0.0424529132326126532 5.035651235161287087e-06 0.3611279637439672729 -0.04245291311201390694 0.9990984684630518364 -2.20300034275659542e-05 -0.0107021136113008928 -5.966349260788312728e-06 2.179636462532640173e-05 0.9999999997446605837 0.4949699776062664869
0.9981633473794577771 0.06057996274946145232 7.983906888056765093e-06 0.5067768807821737553 -0.060579962464789118 0.9981633469138757597 -3.205756272272004619e-05 -0.06112314384481784546 -9.911289176412437277e-06 3.151501933653629771e-05 0.9999999994542849713 0.4949371418747851581
0.9959291513824002351 0.09013947751523419816 4.716533718680052462e-06 0.6579003031219391451 -0.09013947749084547101 0.9959291513824557462 -5.150921845922078834e-06 -0.07905326907487293664 -5.161634827824981369e-06 4.704807337876470812e-06 0.9999999999756111757 0.4950137122295876213
0.9913702234855048534 0.1310918756772141147 1.09527533218540692e-05 0.9928463206885934644 -0.1310918753984268714 0.9913702233123193874 -2.316113552728007977e-05 -0.1727732764456823 -1.389447020565653856e-05 2.152544313011951397e-05 0.9999999996717995332 0.4949652101129103365
0.9838626778838507336 0.1789252106716277824 7.454167110695719877e-06 1.371860942581015985 -0.1789252093967910462 0.9838626744335872143 -8.544551792434553416e-05 -0.3807576874681709023 -2.262223408476387589e-05 8.273291766705925094e-05 0.999999996321749407 0.4948244890233552962
0.9746662872284109769 0.2236640975429514955 -3.593675239149783871e-06 1.779066228264955196 -0.2236640973717320124 0.9746662855510369594 -5.795917312829381091e-05 -0.5669117364469520304 -9.460752055256686928e-06 5.729462821239439434e-05 0.9999999983139098436 0.4948856279693098492
0.9637857632934769825 0.2666777126857783342 -5.63240697867207508e-06 2.262192866875791797 -0.266677712738830841 0.9637857632019242171 -1.341278699385833943e-05 -0.7708299102476088294 1.851542302339606327e-06 1.44290905610550796e-05 0.9999999998941865309 0.4949598187143559036
0.9510414613673345841 0.3090633247943538331 -5.438514653405785748e-06 2.855543245807794062 -0.3090633247882443868 0.9510414613828684915 1.951147540826080232e-06 -1.031903602786245822 5.775281069859217771e-06 -1.747767878793381475e-07 0.9999999999833077968 0.4949985341185634824
0.9416938780033919931 0.3364708606974831095 -5.887321979708741e-06 3.600088056790522018 -0.3364708607202411828 0.9416938780075079229 -3.404973822792309242e-06 -1.38088224294988704 4.398380593343436612e-06 5.187355297535117753e-06 0.9999999999768728332 0.4949919959887028043
0.9370327361905008701 0.3492415371948290326 -2.714559010618826163e-06 4.362055484127213667 -0.3492415372047166788 0.9370327361755552698 -5.335892144385151287e-06 -1.732943438168511818 6.801154824192828976e-07 5.947942377772051191e-06 0.9999999999820796681 0.4949905105427757634
0.9356006073019258462 0.3530601982925308246 3.730349181316193894e-07 5.112016422576915353 -0.3530601982705185993 0.9356006072544006402 -1.022797959347299943e-05 -2.088315378016201596 -3.960104199334578103e-06 9.437600136967666249e-06 0.9999999999476246737 0.4949802610542242132
0.9425147953566201942 0.3341644214031869176 2.091507234915424919e-06 5.928191936338760293 -0.334164421354720631 0.9425147952965675646 -1.224610265177121072e-05 -2.463859136986918941 -6.063488320450763441e-06 1.084322562983558478e-05 0.9999999999228292857 0.4949705045855578023
0.9526134092403979459 0.3041836493207216718 4.852548365525853853e-06 6.905488974965743765 -0.3041836493176042766 0.9526134092527444031 -1.385939873193174808e-06 -2.835648258354475093 -5.044182890414415425e-06 -1.558009627110752665e-07 0.999999999987265964 0.4949951590305141647
0.9591304412278143232 0.2829643026587815302 1.154124747130898711e-05 7.884767742055350581 -0.2829643028866774546 0.9591304401083288189 4.6386345588890173e-05 -3.121060197931281088 2.056118165893841078e-06 -4.775631715677968836e-05 0.9999999988575533072 0.4949993261514663567
0.9641209131541464972 0.2654634904906851278 6.127770378470680036e-06 8.966918831204640838 -0.2654634904156266684 0.96412091313282966 -1.088596451913663253e-05 -3.498537171501214349 -8.797737711367220717e-06 8.868686739619337537e-06 0.9999999999219730817 0.4949409487895191084
0.971973932267492291 0.2350886534466248845 3.918395438894870201e-06 10.07560953471807785 -0.2350886534184673249 0.9719739322601649301 -6.544996278721708772e-06 -3.811543358732788711 -5.347232584870800541e-06 5.440395462414383223e-06 0.9999999999709046072 0.4949506119413745187
0.9791162484572263347 0.2033011854153242981 4.243056275108177091e-06 11.20912519876059044 -0.2033011854580781264 0.9791162481558227659 2.430716051074793526e-05 -4.057258858275321067 7.872292051176859276e-07 -2.466215418062598803e-05 0.9999999996955791781 0.4949758542940918549
0.98212912689232168 0.1882083369723442368 2.462397233052457963e-06 12.44480152053987965 -0.1882083369568213482 0.9821291268830709686 -5.484269245910616621e-06 -4.351782005574601264 -3.450577238818507695e-06 4.922816877968725144e-06 0.999999999981929677 0.494939797926850833
0.9850079165794219938 0.172509142565612783 3.062086311724085563e-06 13.73618403398561405 -0.1725091425919221544 0.985007916475576395 1.431351836384311125e-05 -4.589877281460649883 -5.46966477936002812e-07 -1.462716678666838514e-05 0.9999999998928733591 0.4949725489977647164
0.9900540013815496421 0.1406878612734577816 6.396532266019848972e-06 15.15410578366926408 -0.1406878613297863345 0.9900540013493255298 9.427263808146890272e-06 -4.832502658240290572 -5.006610781904163298e-06 -1.02334146997685996e-05 0.9999999999351055768 0.4949535030124809221
0.9917102127174280968 0.1284945678656518597 4.817223143547558525e-06 16.53549792736047053 -0.1284945678520028889 0.9917102127262232836 -3.044486999657695871e-06 -5.043688780572859187 -5.168489429830845539e-06 2.400261843969169476e-06 0.9999999999837627662 0.4949099745252215632
0.9918524867737286144 0.1273916970253516634 3.464728998641284404e-06 17.95474540394199536 -0.127391697037233298 0.9918524867722315896 3.456408082933075344e-06 -5.251453684950671885 -2.99618238199723194e-06 -3.869624659273016464e-06 0.9999999999880244683 0.4949302586253620517
0.9927292224613970539 0.1203689779663951881 4.092478399240011324e-06 19.48761959341333494 -0.1203689780203316823 0.9927292223066637167 1.763463871056672659e-05 -5.450060270377885097 -1.940059460186821768e-06 -1.799902861801536201e-05 0.9999999998361355225 0.4949596008244415146
0.9940734416081252744 0.1087105913084832204 5.382377917396235832e-06 21.13319728180170998 -0.1087105913865093754 0.9940734414628419335 1.734503141286886181e-05 -5.649723048558584537 -3.464890318442492858e-06 -1.782735655785742821e-05 0.9999999998350899144 0.494948199459830096
0.9938473419407019005 0.1107585703402794164 3.976402539504815282e-06 22.78032693052873014 -0.1107585703604949956 0.9938473419323505809 5.285215275289627941e-06 -5.856779737614861148 -3.366554206508218277e-06 -5.69311781338438937e-06 0.9999999999781273852 0.494923787847833252
0.9936394295392759757 0.1126085434247031947 3.855096663228134787e-06 24.49915464322242897 -0.1126085434187905632 0.993639429545938313 -1.718583743918462759e-06 -6.08004914449734013 -4.024103261450486015e-06 1.273535750937852504e-06 0.9999999999910923476 0.494920976327577089
0.9944690833743560221 0.1050297205571137649 3.807269117917897045e-06 26.21424719481739629 -0.1050297205330399802 0.9944690833657748863 -6.051422395401129623e-06 -6.301234774538965411 -4.421790632984678833e-06 5.618076071216619107e-06 0.9999999999744424439 0.4949297696843795169
0.9943711221117814691 0.1059531570949866358 3.740924628354054289e-06 27.92220528922637968 -0.1059531571390534971 0.9943711220048420119 1.474216876218873e-05 -6.488667049515201235 -2.157888097250985644e-06 -1.505554966941221088e-05 0.9999999998843369653 0.4949498150705980426
0.9943238004262523466 0.1063963340777581146 1.715021136504157298e-06 29.66676381555792474 -0.1063963340779890965 0.9943238004277056286 4.372965710623431804e-08 -6.715270683014828101 -1.700633659056075792e-06 -2.259534006355165981e-07 0.9999999999985283994 0.4949306682988439676
0.9944948056626797817 0.1047858841209067804 1.087004359669870887e-06 31.38258365109519232 -0.1047858841220510734 0.9944948056625935173 1.0551939348407866e-06 -6.923891218674985026 -9.704507600429712142e-07 -1.163287600038456631e-06 0.9999999999988524735 0.4949351655849094089
0.994825685773769619 0.1015965300583550057 2.661490475273587957e-06 33.10306146837632468 -0.1015965300437635388 0.9948256857655414231 -5.14000003788339178e-06 -7.14795673801417486 -3.169925255571275604e-06 4.843005865532220066e-06 0.9999999999832483999 0.4948971191212237497
0.9963091819861624732 0.08583713581865959341 2.597310103177455108e-06 34.82724295139224324 -0.08583713580143594035 0.9963091819720990561 -6.142117226310931866e-06 -7.358066316687799535 -3.114945654793573986e-06 5.896502129364078259e-06 0.9999999999777642312 0.4949003161591518096
0.99790731395503951 0.06466059645434872605 4.841384173050417104e-06 36.51906613580003125 -0.06466059653292645371 0.997907313792711359 1.836447550736473438e-05 -7.495410780350584723 -3.643794735289772317e-06 -1.86390912144219703e-05 0.9999999998196534845 0.4949367319071083515
0.9987467695977468862 0.050048878113579158 4.457606617300921233e-06 38.23518866126463678 -0.05004887815026815012 0.9987467695693516001 8.539137359289333544e-06 -7.624839446837327728 -4.024645964150082222e-06 -8.751534063172776494e-06 0.9999999999536064443 0.4949119609466258729
0.9993064148553474357 0.03723827623624916677 3.760038012634919201e-06 39.92190842397872075 -0.03723827623026960271 0.9993064148612852415 -1.648008290956345238e-06 -7.738618594914238535 -3.818799094126617098e-06 1.506847922736652593e-06 0.9999999999915730742 0.4948979910597701148
0.9997262500124411977 0.02339711567297129285 4.059593956191617224e-06 41.58779965719485716 -0.02339711569974954608 0.9997262499977451755 6.679171412779944966e-06 -7.810152418195931645 -3.902209296192537723e-06 -6.772325779175815203e-06 0.9999999999694542119 0.4949078619310449123
0.9997510828155780072 0.02231081329203732019 4.643273353528471777e-06 43.30402793362308955 -0.0223108133378689226 0.9997510827746771689 1.006459851006880369e-05 -7.874853015178032045 -4.41756818459140397e-06 -1.016568846361262516e-05 0.9999999999385719152 0.4949093887646080492
0.999588932000161523 0.02866996701453309107 4.049057988449504691e-06 45.06586042867630937 -0.02866996700120569633 0.9995889320032573799 -3.312060773790836888e-06 -7.974852996786132131 -4.142350223428225017e-06 3.194612932678377449e-06 0.9999999999863177225 0.4948935084350048474
0.9994546890411338813 0.03302006273869326908 3.557536198175524759e-06 46.86956241412644175 -0.03302006272611666959 0.9994546890416194929 -3.537791532148014371e-06 -8.07818498033765664 -3.672414333049763174e-06 3.418392267241171209e-06 0.9999999999874139567 0.4948862307051831722
0.9993330358750452946 0.03651689182423958208 4.742918138083807436e-06 48.75646160901951731 -0.0365168919153116972 0.9993330356666452197 2.079341140484887367e-05 -8.162992574353360453 -3.980444025921966533e-06 -2.09527395744179785e-05 0.9999999997725693701 0.4949138310221875003
0.9992600903803875445 0.03846130210883041273 3.912260151226927518e-06 50.70120339210038196 -0.03846130209600927274 0.9992600903830863857 -3.301288001855784112e-06 -8.297086630591312684 -4.036337267504799009e-06 3.148374727551582471e-06 0.999999999986897814 0.4948734432364288449
0.9991446536906192222 0.0413516746678355071 2.418880205209616852e-06 52.61083651288059571 -0.04135167456240688988 0.9991446531240673057 -3.386303322362858479e-05 -8.465046767579705644 -3.817104356712385599e-06 3.373404385608504288e-05 0.9999999994237219747 0.4947999129951818342
0.9988303359923819125 0.04835245497078544119 1.369787354553016663e-06 54.53197872073111796 -0.04835245493665665806 0.998830335818810755 -1.875934617409919699e-05 -8.612648306599236747 -2.27524560451305091e-06 1.867117146073908143e-05 0.9999999998231052789 0.4948325179361762749
0.9986652823659192268 0.05164933467385254134 5.194229649830086831e-06 56.60657098614822758 -0.05164933466428828224 0.9986652823780005628 -1.959006878047998361e-06 -8.781838796600201391 -5.288478221856425633e-06 1.688113651515343794e-06 0.9999999999845911036 0.4948543930806571511
0.9989112838009254203 0.0466502632700817807 5.852509199324525738e-06 58.76735313006137318 -0.04665026320885586747 0.9989112837689050339 -1.019486359646889889e-05 -8.97468100215264819 -6.321730548344450427e-06 9.910743188743320752e-06 0.9999999999309064913 0.4948348180792583317
0.998771512794145111 0.04955265094037900747 4.231849635248673235e-06 60.80019982617965013 -0.04955265097996342655 0.9987715127528072889 9.826470432670868051e-06 -9.122332351642249648 -3.739723202613628413e-06 -1.002409810744078694e-05 0.9999999999427660047 0.4948568398057910933
0.9985630758633883275 0.05358902408663696743 4.682287966811579339e-06 62.98213199985708144 -0.0535890241272893586 0.9985630758312916688 9.037024412923631066e-06 -9.300352465893078957 -4.191274555131530798e-06 -9.274958137245929455e-06 0.9999999999482042101 0.4948528025674562292
0.9986878304233427484 0.05121149626244773934 4.13654892093468023e-06 65.17357506086050023 -0.05121149629060772063 0.9986878304058240952 7.015543295227313184e-06 -9.471508728767252805 -3.771844597973240358e-06 -7.218176572471953119e-06 0.9999999999668355288 0.4948344117734250203
0.9985493644381620015 0.05384391121682417791 2.692637311045465541e-06 67.26788713551046328 -0.05384391124663140404 0.9985493643606389025 1.260403422554274558e-05 -9.627442127884936696 -2.010080775584246338e-06 -1.273073248966785196e-05 0.9999999999169439935 0.4948426727043279127
0.9984219008871821899 0.05615788297344753016 3.316516536817374283e-06 69.40239984023250486 -0.05615788300262207489 0.9984219008460496481 9.47933606488759522e-06 -9.801480070263796307 -2.778943299478614515e-06 -9.650625280704347485e-06 0.9999999999495714498 0.4948316249747709006
0.9984073000319894087 0.0564168701819238172 1.985443268199508783e-06 71.52989162742314022 -0.05641687021630801407 0.9984072995596429134 3.071238849561249752e-05 -9.944341381455553019 -2.495842170981898986e-07 -3.077548537062186408e-05 0.9999999995264036157 0.4948466571809236325
0.9982315696392435322 0.0594452131660774194 3.0731879210629394e-06 73.63272641052503786 -0.05944521319140654708 0.998231569602439639 8.939287522295919809e-06 -10.12184215160069378 -2.536355349810194742e-06 -9.106165325982798408e-06 0.999999999955322294 0.4948169762361090407
0.9978564727000025503 0.06544050634243467335 4.752645151129092927e-06 75.7748569046274838 -0.06544050624079035539 0.9978564725356182663 -1.907760284385473453e-05 -10.33672750014019392 -5.990905715620922772e-06 1.872569397666769435e-05 0.9999999998067287121 0.4947763772724266262
0.9968818204997305088 0.07890903590323186667 3.492610058830294819e-06 77.9067273401083753 -0.07890903590956013791 0.9968818205038769698 1.712566618930052502e-06 -10.53452855326125714 -3.346582492937072001e-06 -1.982825021356384367e-06 0.9999999999924343852 0.4948010580486479904
0.9949729376305265216 0.1001441629595639093 3.200246395988103881e-06 80.00131220826553147 -0.1001441629652256166 0.9949729376337179687 1.660372875170068107e-06 -10.78800366608431816 -3.017881905983332245e-06 -1.972512073778713203e-06 0.9999999999935007544 0.4947904076812044138
0.9917721211831614925 0.1280158569652011247 3.398611985466298961e-06 82.08569723665362972 -0.1280158569584656236 0.9917721211875638598 -2.131371328251540204e-06 -11.09781181767112734 -3.643497945016570074e-06 1.678758437460220767e-06 0.9999999999919533256 0.4947802880415579918
0.9868760022076584759 0.1614798942710655716 3.881770031193963839e-06 84.18833079766191929 -0.161479894300095711 0.9868760021699775065 8.947932636019965977e-06 -11.46341580381268699 -2.385914473718810987e-06 -9.457327802193298759e-06 0.9999999999524331606 0.4947950809947530559
0.9803013574200325486 0.1975075912978488113 4.73245201346885931e-06 86.25049752978249273 -0.1975075913545341344 0.9803013571467568132 2.314713692534207072e-05 -11.88988335707793631 -6.749387186960512193e-08 -2.362586494668134391e-05 0.999999999720907029 0.4948073152862210167
0.9703650934527047189 0.2416435089016965576 4.053659803822816086e-06 88.25199818912008709 -0.2416435089323677732 0.9703650932147325214 2.152786830597111636e-05 -12.39478353618299344 1.268539663231139407e-06 -2.186943251957501944e-05 0.9999999997600593771 0.4947945176352806507
0.9555136985731074173 0.2949467270907919492 4.450109555879174463e-06 90.23818218883755549 -0.2949467271237832255 0.9555136984325481864 1.639984424940046446e-05 -13.01048009248789761 5.84939745991277017e-07 -1.698282108361638226e-05 0.9999999998556208247 0.4947921393404211554
0.9354367408238319914 0.3534941355735000679 5.853534246590465691e-06 92.20348361282822225 -0.3534941356200275164 0.935436740745276607 1.217935876563686633e-05 -13.74606240169597626 -1.170279098773104366e-06 -1.346220969787224357e-05 0.9999999999086996993 0.4947887736204941711
0.9125100219466886209 0.4090543481982216178 8.31954692941891032e-06 94.0806633569101507 -0.4090543482824114951 0.9125100217281099102 1.998121495549436691e-05 -14.56985827390263744 5.817329104962229526e-07 -2.16362057447780541e-05 0.9999999997657681439 0.4948059345511974239
0.8846362088906870591 0.4662818652547045528 7.505944577996850017e-06 95.82431511050988604 -0.4662818653094805699 0.8846362086862195051 1.915765452309895788e-05 -15.47875804140696054 2.292836530847786007e-06 -2.044744070728973573e-05 0.9999999997883225467 0.4948068838589578244
0.8497800393737704461 0.527137443809973627 4.1991223150037836e-06 97.5930963973295178 -0.5271374438259406325 0.8497800393590954071 5.073505753641124968e-06 -16.57032526063341749 -8.938954719879927949e-07 -6.524878522535767613e-06 0.9999999999783134585 0.4947921250737509213
0.8085875430984601486 0.5883758876095688262 -5.28024557264724117e-06 99.27441326918702202 -0.5883758876180911201 0.8085875429806055337 -1.443757789823685215e-05 -17.81468950743233037 -4.225181916886344436e-06 1.47808148166757836e-05 0.9999999998818377422 0.4947543229431113354
0.7662684007607218906 0.6425206128963147911 -1.087413832362988292e-06 100.7998307789106462 -0.6425206128970253339 0.7662684007580068402 -2.104900655031068641e-06 -19.09203016180386214 -5.191912006694947267e-07 2.311604660733423372e-06 0.9999999999971934672 0.494767878688091689
0.7153513190455235149 0.6987649748589129794 1.588978595918348797e-05 102.2210080631825946 -0.6987649750370362733 0.7153513187966278331 1.896440215915306559e-05 -20.44661774567530799 1.884880656656857188e-06 -2.466943598857261732e-05 0.9999999996939330504 0.4948160358997991115
0.6550397035001565005 0.7555944590995125054 1.479105009764609838e-05 103.5304966567411071 -0.7555944592402997761 0.6550397033076403863 1.606954359857458567e-05 -21.9330281933507969 2.453333035770456044e-06 -2.170222457432021987e-05 0.9999999997614973379 0.4948113329773196623
0.5909402245056920577 0.8067153469766004115 -3.977234298196831313e-06 104.7109765311139427 -0.8067153469855800063 0.5909402244908570356 -4.343252346609291258e-06 -23.55476735490393381 -1.153460594772677474e-06 5.775098463702974686e-06 0.9999999999826588715 0.4947880085204672262
0.5187102594654766641 0.854950095794221876 -2.071090784469825443e-05 105.7151787507156655 -0.8549500960381797299 0.5187102592117674993 -1.658315786337946656e-05 -25.23550065834912814 -3.434812027232521375e-06 2.630864676893318913e-05 0.999999999648028659 0.4947869300843268925
0.4519061740694312324 0.8920654733955694082 -3.187005690884101391e-05 106.5206840944824052 -0.8920654739549622736 0.4519061736076670499 -2.085710082462457265e-05 -26.90383444280888625 -4.20362405044491218e-06 3.785563005719334438e-05 0.9999999992746405608 0.4947682168714694351
0.3922484908273908832 0.9198592939318623873 -2.851389991306822413e-05 107.2025172751964845 -0.9198592943019553436 0.3922484902208751012 -2.465736216177005701e-05 -28.61925128419663267 -1.149676955713787767e-05 3.590058894757024253e-05 0.999999999289485908 0.4947767655931321062
0.3488529849322726251 0.9371774614335111053 -2.62129038615158343e-05 107.8650715022159972 -0.9371774617363951565 0.3488529844459788976 -2.141714472085843731e-05 -30.53960980129128089 -1.092721557756291378e-05 3.203757757027349365e-05 0.9999999994270948322 0.4948008182630351803
0.3121518167088237483 0.9500322323626464449 -2.827826497896594003e-05 108.4547592880107487 -0.9500322327136131451 0.312151816186519826 -2.142141759867844978e-05 -32.50903984686386394 -1.152392540985709999e-05 3.355199763514003737e-05 0.9999999993707313628 0.4947952788704507165
0.2912636432720419055 0.9566428220669169757 -3.313569893696952638e-05 108.9547031411044742 -0.9566428226016241432 0.291263642771984077 -1.913698913346563622e-05 -34.42478037622447573 -8.656038912324988247e-06 3.727293773621084415e-05 0.9999999992679005079 0.4948042074509279575
0.284062769453751196 0.9588056851393066404 -3.40153296966905745e-05 109.4502225242223119 -0.9588056857137396971 0.2840627689907557207 -1.784777050087398698e-05 -36.38104007016583097 -7.450055081524178762e-06 3.768397863166757e-05 0.9999999992622071732 0.4948139632915815045
0.2830052562625328672 0.9591183579408488757 -1.977019312851443413e-05 109.9900200556788548 -0.9591183581296425231 0.2830052560828388297 -1.142009449830811023e-05 -38.43238526499329311 -5.358153713604191058e-06 2.219390194336273527e-05 0.99999999973936049 0.4948211146000894289
0.2829576418981177843 0.9591324059827155413 2.622016023589021636e-05 110.5499324260727434 -0.9591324063395628707 0.2829576417428172896 9.531842922995860452e-06 -40.44757059350528294 1.723104729716055997e-06 -2.784571317809247419e-05 0.9999999996108237532 0.4948253705863346341
0.295933927114213069 0.9552084109616576502 4.912328766428481863e-05 111.1429845576897577 -0.9552084121967513441 0.2959339263202080961 2.288011387310968689e-05 -42.49935451288037314 7.318029823106031945e-06 -5.369397956297550218e-05 0.9999999985317014062 0.4948429847389608227
0.3139557213325288032 0.9494376254222465228 2.184880292777747297e-05 111.7755380769260256 -0.9494376256704778472 0.3139557211889326127 9.806911827487679951e-06 -44.61710995610222596 2.4514943979100116e-06 -2.382301165233463385e-05 0.9999999997132271723 0.4948439011506608476
0.3290917841665245147 0.9442979389842719451 5.136396951089259611e-06 112.4571412590969715 -0.9442979389980813432 0.3290917841647684194 1.207619512240751897e-06 -46.78546319027064726 -5.499934203263062959e-07 -5.247706714667233438e-06 0.9999999999860795796 0.4948210351214079594
0.350141228502059032 0.9366969199496896215 -1.618846292328209963e-05 113.146259413704982 -0.936696920088738505 0.3501412284263124564 -7.390344494372725027e-06 -48.87996115709125888 -1.254264630954270729e-06 1.775134766152217355e-05 0.9999999998416582159 0.4948031561634609332
0.3684315075525386729 0.9296548951953877982 -9.167827635793969829e-06 113.8776911190456076 -0.9296548952405847555 0.3684315075358662317 -3.507018714957253917e-06 -50.91735035538717113 1.173994407826989413e-07 9.81501203250445012e-06 0.9999999999518258686 0.4948119418877496289
0.3878524934970089544 0.9217214560935517165 -2.582960374505038271e-05 114.6412590058196912 -0.9217214564554319089 0.3878524933370695593 -1.114131104947903113e-05 -53.01519552911765487 -2.511092288906874723e-07 2.812888525492073522e-05 0.999999999604351375 0.4947954640970792517
0.4089937878315925701 0.9125371669316002521 -2.20419559345735553e-05 115.4551606209228822 -0.9125371671977914323 0.4089937877077510775 -1.00662816292102766e-05 -55.09786393705633856 -1.708330732865779858e-07 2.423115068094458828e-05 0.9999999997064110691 0.4947973670879737829
0.4326053873655965054 0.9015833731782234572 -5.750754121828968251e-06 116.3125610860403469 -0.901583373196476856 0.4326053873595617771 -2.319229473163361147e-06 -57.10777043387798813 3.968284828944408913e-07 6.188095464209648013e-06 0.999999999980774823 0.4948117796829431536
0.4528974771970258328 0.8915626029127813323 1.543335369454068936e-05 117.2050282259253322 -0.8915626030461963891 0.4528974771185831916 8.446636884795715578e-06 -59.04559749467626517 5.409786151313352339e-07 -1.758526152956065418e-05 0.999999999845233023 0.494838920559856843
0.4734421530249444676 0.8808249129438762148 2.188037383883554627e-05 118.1516285995372328 -0.8808249132155854255 0.4734421528875116802 1.141172277166519536e-05 -60.94572931952117756 -3.073615793502418018e-07 -2.467556898645784043e-05 0.9999999996955108994 0.4948704304369567764
0.4970148309718354085 0.8677420454085715829 2.064991615128639719e-05 119.1583595840046854 -0.8677420456542547234 0.4970148308256039926 1.20581278132322342e-05 -62.8365676947699825 2.000299099576089288e-07 -2.39118688406364997e-05 0.9999999997140911479 0.4948918625304186691
0.5194022105758500096 0.8545298959912124293 2.254774665213370537e-05 120.242669199548402 -0.8545298962882199589 0.5194022104223264824 1.266010387761318887e-05 -64.71615907509024623 -8.929122013861125143e-07 -2.584340954833305176e-05 0.999999999665660444 0.4949173548427761027
0.5390013724158293495 0.842304885626578459 1.362651542658708844e-05 121.3117396441474511 -0.8423048857362551711 0.5390013723633647613 7.581335215384992671e-06 -66.48999291493713315 -9.589148239693903776e-07 -1.556403060521172301e-05 0.9999999998784208088 0.4948748041578682755
0.5532901796210307754 0.832988581628589797 3.681103837348155578e-06 122.3642968974655645 -0.8329885816365308893 0.5532901796124941596 3.12529550524626939e-06 -68.18175519096030257 5.666168667466948945e-07 -4.795512775795939437e-06 0.9999999999883409929 0.4948631014453136467
0.5630222180866087944 0.8264417595553494866 2.475111572036580677e-06 123.4804249968355379 -0.826441759559014999 0.5630222180849963065 1.372274051521744525e-06 -69.91849996874276485 -2.594382255640985508e-07 -2.81815634300926114e-06 0.9999999999959954256 0.494862201880266972
0.5733298954209318232 0.8193246188285369103 -5.734246025721704119e-07 124.6210859184577373 -0.8193246188254088569 0.5733298954164672834 -3.251754905618513771e-06 -71.67590325814551022 -2.335481381147782718e-06 2.334149193900319642e-06 0.9999999999945486939 0.4948639954694667997
0.5851568354509800729 0.8109201427557732877 4.285254475673102568e-07 125.7368171160464811 -0.8109201427525011274 0.5851568354499826485 -2.580318694427627482e-06 -73.3444509874438495 -2.343186998848917089e-06 1.162391204571912564e-06 0.9999999999965791808 0.4948590249268458585
0.5973642336255363672 0.8019700570368587522 1.872440889656606652e-06 126.8751916859173576 -0.8019700570357537472 0.5973642336281457244 -1.470028526860358088e-06 -74.99675893795968307 -2.297448078595732603e-06 -6.234990627183720606e-07 0.9999999999971664888 0.4948587922211253876
0.6130440839151699572 0.790048701747765314 6.74636525896338084e-06 128.0220415507215819 -0.7900487017760409181 0.6130440839022871513 4.078096318908711722e-06 -76.59194256292049374 -9.139246074952531267e-07 -7.830009936494220047e-06 0.9999999999689278551 0.494863480772897435
0.6369825074394119824 0.7708782557436675287 6.327168771897476796e-06 129.1898809350765589 -0.7708782557690609938 0.6369825074274858556 4.009486693352886009e-06 -78.12768514265108877 -9.39469720640823224e-07 -7.431449714313676031e-06 0.9999999999719454413 0.4948604388352247918
0.6602401554877739276 0.7510545499391222402 9.972731518826833349e-06 130.4156418927182699 -0.7510545500053220636 0.6602401554273155115 8.935903505987092995e-06 -79.60921325237626434 1.269531779634438273e-07 -1.338990770341304207e-05 0.9999999999103470483 0.4948682097621426856
0.6880643274386449848 0.7256496959391155466 9.597240403907201419e-06 131.6552244906618796 -0.7256496960023991472 0.6880643273876516641 8.392674884065316483e-06 -81.01417833103904798 -5.133767855541527697e-07 -1.273893478107281347e-05 0.9999999999187280109 0.4948691495368301441
0.7240019639739386781 0.6897979096393578313 4.613554155507657339e-06 132.9212169957996537 -0.6897979096471807958 0.7240019639811698937 1.46479736888687507e-07 -82.34406597124278449 -3.239180853210691977e-06 -3.288471629703041414e-06 0.9999999999893467439 0.4948446201105886622
0.769884198110422302 0.6381836110656734506 8.32358744620423977e-06 134.2131034351662038 -0.6381836111184054916 0.7698841980718053035 7.838251062654520696e-06 -83.50530649294810814 -1.405955078497282307e-06 -1.134652272783838864e-05 0.9999999999346398383 0.4948600655023016048
0.8197204930622237207 0.5727637498678017636 9.666003031417114553e-06 135.5395210070456642 -0.5727637499451708747 0.8197204930040694615 1.000719676998109297e-05 -84.51633638545460769 -2.191661222652740382e-06 -1.373944041371544899e-05 0.9999999999032122 0.4948567404894677058
0.8651383562737011701 0.5015332735157423949 7.928114827551925879e-06 136.8644295857392308 -0.5015332735689385091 0.8651383562464048937 7.531675368962778981e-06 -85.36385263217452746 -3.081530427187233668e-06 -1.049215463138413745e-05 0.9999999999402094941 0.4948488308125867374
0.9083771590978416688 0.4181518106716968775 7.971752889386411509e-06 138.1504579473477179 -0.4181518107399445072 0.9083771590319500433 1.123306830177934333e-05 -86.01318807746554285 -2.544230392377691414e-06 -1.353726557739064983e-05 0.9999999999051346622 0.4948473432621844359
0.9450292793363549437 0.3269857200716305701 8.275257564397230504e-06 139.4213251637550002 -0.3269857201543390768 0.9450292792637282613 1.231500775798903624e-05 -86.50173815322233395 -3.793529012370270684e-06 -1.434393396071106759e-05 0.9999999998899303799 0.4948363354392103508
0.9749759716505435048 0.2223102666354725143 7.401132633526071268e-06 140.6895824097482546 -0.2223102666466288402 0.9749759716758323869 7.100457897021536325e-07 -86.85234526286468792 -7.058076012041713873e-06 -2.337625352977478485e-06 0.9999999999723595545 0.4948103118626314689
0.995315267702499118 0.09668256217008175391 7.263859794907195662e-06 141.7857740376365143 -0.09668256216372397849 0.9953152677288723549 -1.222196281664574091e-06 -87.00719715216257555 -7.34799562449912433e-06 5.141820431002856985e-07 0.9999999999728712563 0.4947858780173204352
0.9990839081110010067 -0.04279421108419902836 7.318674355381730807e-06 142.8734958299670268 0.04279421102685784795 0.9990839081096598573 7.819886587778086186e-06 -86.98590356221117759 -7.646615654448585275e-06 -7.499525958301081544e-06 0.999999999942643214 0.4948043329294911086
0.9819530549587106583 -0.1891248206955909728 7.506580974256198734e-06 143.9535909966670886 0.1891248205781037028 0.981953054908680123 1.410827734204194873e-05 -86.81140704880412784 -1.00393355422276106e-05 -1.243398525631163503e-05 0.9999999998723039241 0.4948021171503788063
0.9359772270844467501 -0.3520605492429502714 6.949475511898411336e-06 144.9963088468331875 0.3520605490772630852 0.9359772269993777982 1.800566866845306743e-05 -86.45437752952634014 -1.284363641962892304e-05 -1.440625966758205558e-05 0.9999999998137503177 0.4947869004308699248
0.8572601446855477869 -0.51488352499599499 4.862629424695402875e-06 145.9394760348170337 0.5148835247596665887 0.8572601445153298361 2.364001607310019807e-05 -85.90294062441279266 -1.63403932100186864e-05 -1.776195582140731113e-05 0.9999999997087521963 0.4947769366694677595
0.7418295759051115601 -0.6705884581881941253 7.710771189029455919e-06 146.7959524156317741 0.6705884580593258759 0.7418295759258087818 1.419799511586980587e-05 -85.18542588032018159 -1.524108977533330951e-05 -5.361738533409003166e-06 0.9999999998694805159 0.4947408015090811739
0.5983749903862121133 -0.8012161823477360612 5.162639816809021429e-06 147.3367724812209474 0.8012161823059817944 0.598374990407974261 8.21689877294667223e-06 -84.46534208024290535 -9.672706816461052633e-06 -7.803961596218657718e-07 0.9999999999529148864 0.4947322052449057983
0.429770428682275718 -0.9029381920031036568 7.392725600530277431e-06 147.7526287563497647 0.9029381920031570585 0.4297704287204664464 4.661471744779026536e-06 -83.62121270156555397 -7.386195720056991173e-06 4.671811577674265185e-06 0.9999999999618092161 0.4947240376623632807
0.2428405280406996658 -0.9700662234242310999 1.070499219469536943e-05 148.0049997379049103 0.9700662234514474402 0.2428405281073643673 5.423632229237913728e-06 -82.70898565905682176 -7.860888391803802413e-06 9.067473635938666006e-06 0.9999999999279937102 0.494712955197967541
0.04418316206049071465 -0.9990234472117421882 1.066474441399723285e-05 148.0603415083693051 0.9990234472423978884 0.04418316213422498334 6.780081055983134297e-06 -81.79073391046409824 -7.244662080487010008e-06 1.035476430835085806e-05 0.9999999999201468759 0.4947122105464873409
-0.1647570245635232855 -0.9863341841133399512 1.042494970345365084e-05 147.9246554941581451 0.9863341841317645464 -0.1647570244570582543 1.036414991810602696e-05 -80.78058918247442932 -8.504931660247932212e-06 1.199005076300807222e-05 0.9999999998919526512 0.4947138431278399473
-0.3636462160785882136 -0.9315371326651191719 7.580704607090353311e-08 147.567496116948405 0.9315371326541702635 -0.3636462160739170058 4.878716905221755128e-06 -79.86075537166367155 -4.517139011519691639e-06 1.844744020234403568e-06 0.9999999999880962998 0.4947349258880167078
-0.5460118850267000612 -0.8377774295154750694 -2.503144873801895251e-06 147.038332478096919 0.8377774295166660057 -0.5460118850299716664 8.352122600089038697e-07 -79.05601105808511875 -2.066468831337752425e-06 -1.641042457596699349e-06 0.9999999999965180075 0.494738708855576359
-0.6971066211387997313 -0.7169674739676032971 -6.260420994061159959e-06 146.2919269755229834 0.7169674739939959629 -0.6971066211254486333 -4.467874807591063632e-06 -78.31600051217961322 -1.160860011190742576e-06 -7.603103337041980465e-06 0.9999999999704227704 0.4947622442654661667
-0.8047799135132335246 -0.5935733238547049595 -3.99283283550780463e-06 145.3952455543944495 0.5935733238680964696 -0.8047799134925693876 -5.771067055050967804e-06 -77.68813064698615278 2.121997901047250759e-07 -7.014477903265032717e-06 0.9999999999753758084 0.4947641030049272914
-0.872452724132901869 -0.4886985207209590953 6.764562288405236437e-07 144.3961634707895314 0.4886985207187894975 -0.8724527241319049997 -2.077941240721656119e-06 -77.15736255144436484 1.60566289009365791e-06 -1.482322337690336519e-06 0.9999999999976124654 0.4947534560650043711
-0.9180660937860894988 -0.3964273545374328855 4.127511824158496367e-06 143.298590837118013 0.3964273545568556267 -0.9180660937651502485 6.331217986746439596e-06 -76.69279917284796966 1.279460659888957377e-06 7.448735159353829058e-06 0.9999999999714397347 0.4947351238824048703
-0.9422487923751944328 -0.3349137400058558311 5.001056478041373488e-06 142.1458447840284123 0.3349137400368407125 -0.9422487923442502966 7.910141863626689825e-06 -76.31519695362329969 2.06302423135576771e-06 9.128244147715026529e-06 0.9999999999562092512 0.4947398569863485362
