0.9999806747146977592 0.006216928271891146787 0 -0 -0.006216928271891146787 0.9999806747146977592 -0 0 -0 0 1 0.4949999999999999956
0.9999825181662732598 0.005912982671174568834 4.941184979318017489e-08 0.001354849508298152901 -0.005912982671081086321 0.9999825181648015482 -1.716658624038436508e-06 -0.0003379254010949668519 -5.956155868022074591e-08 1.716336442286211625e-06 0.9999999999985252908 0.494994906573840765
0.9999806655385641285 0.006218404234694159365 -2.393128092415492481e-07 0.004958269533860228118 -0.006218404234233267623 0.9999806655368266295 1.880890554835980968e-06 0.000928435369461857291 2.510043200644594835e-07 -1.879366045041596438e-06 0.9999999999982024379 0.4950056010529629291
0.9999805875883851503 0.006230926786548320745 -3.837976253754656408e-08 0.000176236366932959953 -0.006230926786595888597 0.9999805875874107075 -1.396441904904220854e-06 -0.000192392884878348191 2.967789022927817776e-08 1.396653938089483837e-06 0.999999999999024225 0.4949959205852312305
0.9999800820291614434 0.006311540793109909377 3.380454376180623963e-08 0.0001327467400471856612 -0.006311540793046041195 0.9999800820278180735 -1.639762661938405917e-06 -0.001243606332861114504 -4.415329937588158173e-08 1.639516642436575129e-06 0.9999999999986549648 0.4949958811841290718
0.9999798367150244394 0.006350288624727914305 9.181183750085308922e-08 -0.001244150217207048428 -0.0063502886246358985 0.9999798367145583677 -9.704474664029042221e-07 -0.002545606963196396944 -9.797260777954284798e-08 9.698448673267785685e-07 0.9999999999995249356 0.4949973740948187539
0.9999811776701258426 0.006135495716600443405 -1.128688703840416757e-07 -0.003027981509140709963 -0.006135495716528467994 0.9999811776699355503 6.277278572247139021e-07 -0.002884368944285522606 1.167181675082706667e-07 -6.270235354531120407e-07 0.9999999999997966071 0.4950025900755715136
0.9999804329245385315 0.006255699024496115188 -1.366473145647881922e-08 0.001738696553330738512 -0.006255699024463025337 0.999980432923032958 1.735468703289174529e-06 -0.0007245455697411953529 2.452103395363317419e-08 -1.73534926279482915e-06 0.9999999999984939825 0.4950038781881377359
0.999981204977747784 0.006131043425403138146 -2.134330394148707871e-08 0.0001131915236563996765 -0.006131043425369239047 0.9999812049768576072 1.334595576875797914e-06 0.0006103266452865045797 2.952536623212370032e-08 -1.3344396363988967e-06 0.999999999999109157 0.4950025160665367796
0.9999814172277002866 0.006096326886834358555 4.06058995970623781e-08 0.0001855324747191031641 -0.006096326886832179742 0.9999814172276996205 -5.464778542035535494e-08 0.0009528959394435688795 -4.093829579040515888e-08 5.439922307555098252e-08 0.9999999999999976685 0.4949985584566366503
0.9999794570460841525 0.006409796256428692239 -5.341206475548953986e-08 0.0005071413965804503522 -0.006409796256442630742 0.9999794570460506238 -2.641385956809178421e-07 0.0008292063939422374217 5.171789293223951746e-08 2.64475529946616365e-07 0.9999999999999636957 0.4949998632129410936
0.999980373091356789 0.00626525612430365187 2.688054245171642444e-08 -0.004514182239300082618 -0.006265256124308982676 0.9999803730913366939 2.013525595519453609e-07 0.001620959077446862016 -2.561848951263327509e-08 -2.015170211069066626e-07 0.9999999999999793499 0.4950008691598916655
0.9999813129713428506 0.006113404141272948435 3.8421061797124375e-07 -0.002397978495474215304 -0.006113404140793920159 0.9999813129706558446 -1.235944372820964574e-06 -0.0005385720498780120595 -3.917592656621782663e-07 1.233572441910577162e-06 0.9999999999991624478 0.4949981325464093418
0.9999799930689083904 0.006325619659495904275 2.495120684229472671e-07 -0.0006135069835673672995 -0.006325619659232770142 0.999979993068398576 -1.041826455898137897e-06 -0.002630921975371073879 -2.560972743628536497e-07 1.040227293702896334e-06 0.9999999999994261257 0.4950000517403306821
0.999979887687016844 0.006342256973755767968 -4.156375640043559588e-07 0.007745869257255694022 -0.006342256972512231444 0.9999798876828246419 2.927954594046258585e-06 0.00162035150644782174 4.341990450123610035e-07 -2.925259625868778976e-06 0.9999999999956271646 0.4950077238882176767
0.9999689593361743567 0.007879109467827268704 -5.961648599120822286e-07 0.04955115139375784739 -0.007879109464735450236 0.9999689593237652829 5.022091050726729801e-06 0.01089700069726069406 6.357159596980523288e-07 -5.017237913496409376e-06 0.999999999987211563 0.4950117059121011409
0.9999597740974363047 0.008969402947394554751 6.609795113525909967e-08 0.08749625830334964438 -0.00896940294719102138 0.9999597740940183721 -2.616012721988572478e-06 0.0119577820909527472 -8.955936450433958819e-08 2.615314631357995512e-06 0.9999999999965760722 0.4949885947134238795
0.9999351972889608531 0.01138425325889464573 1.630079854230742835e-06 0.1597220205288629458 -0.01138425324011564307 0.9999351972288935686 -1.110007379212622701e-05 0.003893110973316123852 -1.756340271780973158e-06 1.108079723538960137e-05 0.9999999999370655646 0.494971299664471065
0.9998174949139784218 0.01910436764582350636 1.738642375349843291e-06 0.2461287726971327361 -0.01910436765026051614 0.9998174949120967048 2.57218232665549229e-06 0.01794369744255022714 -1.689185147449797866e-06 -2.604928553449697797e-06 0.9999999999951805219 0.4950077707506542191
0.9996090018486422091 0.02796146302725315003 3.28173291861039316e-06 0.3373032314500731821 -0.02796146299615146283 0.9996090018128513943 -9.168573577253609237e-06 0.002919103019112755798 -3.536816498081511765e-06 9.073226628367347431e-06 0.9999999999525837069 0.4949817440635616572
0.9989487846886039302 0.04584021755999009851 5.044486979602108323e-06 0.5016158561957448914 -0.04584021750566363851 0.9989487846496530876 -1.040420463228669876e-05 -0.01194295599070644559 -5.516115141337211632e-06 1.016202719272488723e-05 0.9999999999331528056 0.4949744096217794653
0.9966140445329783049 0.08222193269137520466 5.132895608147197141e-06 0.7053003307415522949 -0.0822219326875044676 0.9966140445460524022 -9.609884585093724174e-07 -0.02550582187526533734 -5.194530180620992662e-06 5.356979971994738761e-07 0.9999999999863649069 0.4950080163018860668
0.992602310204075744 0.1214110938959127306 7.665671695760109221e-06 1.006731238387940985 -0.1214110932226641765 0.9926023084955525322 -6.011664169292212469e-05 -0.1726602268020373809 -1.490779065066681439e-05 5.874121984523688971e-05 0.9999999981636134017 0.4948284821070285666
0.985947453220040626 0.1670557376076041711 4.850566073485403929e-06 1.415568210752670586 -0.1670557362845259963 0.9859474483304574433 -0.0001005352066564558356 -0.366343487161090664 -2.157738634663833302e-05 9.831211607508026922e-05 0.9999999949345721451 0.4948350531012076226
0.9761738935787697136 0.2169896990429232009 -2.599881126949061261e-06 1.81614617123940425 -0.2169896981158925264 0.9761738881513898347 -0.0001049056939385064019 -0.6139685352737621615 -2.022551888718024285e-05 0.0001029703471314084146 0.9999999944940179963 0.4947950667992846441
0.9636080024046131953 0.2673193178289339778 -4.415559865083965649e-06 2.2878127485079367 -0.2673193175438586255 0.9636080003039192432 -6.496460890907109712e-05 -0.8787428785983819601 -1.311142612478056781e-05 6.378078146757523693e-05 0.9999999978800512279 0.4948378424065137948
0.9506269068401139721 0.3103360823236535615 -1.355243710395260847e-06 2.915144026416137457 -0.3103360821067642217 0.9506269059932267451 -4.179236221178766537e-05 -1.197468125308703168 -1.168134682457745359e-05 4.014952504231727895e-05 0.9999999991257808585 0.4948678652490898777
0.9414193379034370146 0.3372382395609944683 -1.219950288862122046e-06 3.601441016366802916 -0.3372382392878500723 0.9414193369824371826 -4.381565930439010803e-05 -1.56559235538082997 -1.362783101692472287e-05 4.166032285957608057e-05 0.999999999039349885 0.4948416758964495066
0.9378261066564502757 0.3471054503680914283 -7.757663179367251054e-07 4.311776619397198473 -0.347105450059454923 0.9378261057234955622 -4.432560512082872302e-05 -1.953243354032528911 -1.465812522340136997e-05 4.183898239258640944e-05 0.9999999990173195075 0.4948223083158233004
0.9414534351439026727 0.3371430400525778359 1.443726680670775395e-06 5.105653267652595417 -0.3371430399201093553 0.9414534348781625761 -2.43263181843575752e-05 -2.314468536928572462 -9.560650308503368337e-06 2.241535341713190552e-05 0.9999999997030729615 0.4948750670445262734
0.9473854081926413873 0.320095123872785603 4.331432746759472329e-06 6.062260325267161853 -0.3200951236036351233 0.947385407806907387 -3.036357164143410614e-05 -2.741189602314177964 -1.382276740496196341e-05 2.73795342132517565e-05 0.999999999529646133 0.4948496086601926747
0.9551176655125150905 0.2962266784024652488 5.549676154949457117e-06 7.046200023363428322 -0.2962266782676927779 0.9551176654079914785 -1.76156107461810899e-05 -3.112792417467816986 -1.051880759225771782e-05 1.51810188796275578e-05 0.9999999998294456516 0.4948761333570464993
0.9609352033129573423 0.2767734360484244149 1.15787198742447024e-05 8.026860785203435711 -0.2767734361029524082 0.960935203361083734 3.374968445279353235e-06 -3.443903373792900346 -1.019229792386337645e-05 -6.447808074407583551e-06 0.9999999999272713991 0.4948526551411048247
0.9675757099836388431 0.2525811659169455159 8.713583462275155511e-06 9.052256853028225692 -0.2525811659031184653 0.9675757100227984076 -2.670517778994604298e-06 -3.766391442799239986 -9.10557419957418819e-06 3.830410659390404381e-07 0.9999999999584708865 0.4948214479647840003
0.9751970985239121203 0.2213382456479780214 6.800845940588641693e-06 10.16515155666475678 -0.2213382457442311935 0.9751970982922640863 2.134121584383044369e-05 -4.042936499804738126 -1.908537952326493559e-06 -2.231717907994265745e-05 0.9999999997491505477 0.494830549633076433
0.9802854390888382508 0.1975865831584733001 8.270186499476312329e-06 11.31226289858264877 -0.1975865833196254473 0.9802854386308584855 3.004355076010463389e-05 -4.288417485209992996 -2.170940859560902599e-06 -3.108533324250459321e-05 0.9999999995144945864 0.4947940223643235158
0.984598879464826271 0.1748286203394317784 8.309775881579360062e-06 12.52330020668168409 -0.1748286204877307071 0.9845988792030999637 2.307789639638509739e-05 -4.51851902071744771 -4.147119232115650445e-06 -2.417525758622485305e-05 0.9999999996991791873 0.4947774142413392529
0.9887248723773263137 0.1497435362801578795 9.326618186192755367e-06 13.8571715559701385 -0.1497435364186140427 0.9887248722622401509 1.652564821450120506e-05 -4.736331980440678713 -6.746850371820837828e-06 -1.773592021186195643e-05 0.9999999998199585738 0.4947644313377800862
0.9911545895784072968 0.1327123937664619613 1.003330863819919963e-05 15.23341780294801673 -0.132712393963917985 0.9911545893453512779 2.258864086454067641e-05 -4.91410694192143982 -6.946767302005356107e-06 -2.372037947398213418e-05 0.999999999694543007 0.4947843859110450104
0.9927963431968456209 0.119814109527970919 9.758244034435553107e-06 16.59729221510842834 -0.119814109589951881 0.9927963432189856885 6.034048394733451925e-06 -5.102890482963700514 -8.964984858362422162e-06 -7.159756501111529791e-06 0.9999999999341834256 0.49471972242008172
0.9939733809605276749 0.1096217034269563184 9.050024660455880597e-06 18.04712604769531126 -0.109621703472943921 0.9939733809853023017 4.750767525561302627e-06 -5.273715935092222473 -8.474696381016196797e-06 -5.714215579290972905e-06 0.9999999999477636736 0.4947139044149138076
0.9945536754020800618 0.1042256526362182467 8.888258701350833525e-06 19.57837836726737635 -0.104225652712758049 0.9945536753963160059 8.632023745354650742e-06 -5.43817946396812868 -7.940172050870831033e-06 -9.511395506728641147e-06 0.9999999999232435099 0.4947087710396589344
0.9946782571169293652 0.1030299216272384799 8.399161061412061281e-06 21.19075238787193527 -0.1030299217075074519 0.994678257096189733 9.760326492430772505e-06 -5.608011000839692173 -7.348857212064126602e-06 -1.057374945094926273e-05 0.9999999999170950948 0.4947012783163031169
0.99498720074619873 0.1000023513468608349 8.864277946737430513e-06 22.86918100064469073 -0.1000023512770564366 0.994987200760560353 -7.997346462473332862e-06 -5.818209685376385387 -9.619596551770676383e-06 7.070808733046754889e-06 0.9999999999287335628 0.494658030725854958
0.9953407324743979157 0.09642005084196728082 8.67148054688405618e-06 24.53816922936937672 -0.09642005078217275038 0.995340732492863034 -7.068731903906526824e-06 -5.99820831013667366 -9.312645288896095167e-06 6.199692196212280196e-06 0.9999999999374192816 0.4946663995788793677
0.9955560745390190647 0.09417060237074383056 9.991152919828670274e-06 26.29235772412585348 -0.09417060229157553364 0.9955560745635304576 -8.119660466974910258e-06 -6.187684040752134962 -1.071138629844953702e-05 7.142704413043690855e-06 0.9999999999171239606 0.4946576018256815255
0.9954948143411750383 0.09481600373475103372 7.604859494226127776e-06 28.02538142042210367 -0.09481600362003388127 0.995494814279236695 -1.424452791688223626e-05 -6.384161508973263288 -8.921207401991212651e-06 1.345929128865996719e-05 0.9999999998696297299 0.494632201671680205
0.9951401555876661087 0.09846862806210079921 5.172648116848717571e-06 29.73509738486025356 -0.09846862794809296826 0.9951401554316916531 -1.89642191221085737e-05 -6.591637223970232107 -7.014890490217354982e-06 1.836271240484934711e-05 0.9999999998068010987 0.494615423689409528
0.9953923416383640976 0.0958857976572622811 4.19017744794850766e-06 31.46098064344204204 -0.09588579755518336634 0.9953923414550136517 -2.005354275404626517e-05 -6.799896596540797589 -6.093720483851210163e-06 1.955936437360087556e-05 0.9999999997901488635 0.4946048534501700233
0.9960404115834073924 0.08890162223468232872 7.683172240379408579e-06 33.18675243292171473 -0.08890162211140800741 0.9960404115092365007 -1.512296480739759114e-05 -6.992326533974567049 -8.997206144379512547e-06 1.438003761599060857e-05 0.9999999998561324155 0.4945835653655779596
0.9971532797039871499 0.07540117188930141323 7.452167012034701848e-06 34.91864183448854675 -0.07540117168615576015 0.99715327944475185 -2.455940076305714612e-05 -7.188591316075477522 -9.282760373453947421e-06 2.392758489413869305e-05 0.9999999996706505634 0.4945572810177302214
0.998457683759775394 0.05551804831845846833 7.362504721144773916e-06 36.60407337723388821 -0.0555180481717173005 0.9984576836175635961 -1.882777221163574191e-05 -7.33574103055093385 -8.396430576872142965e-06 1.838998194101346161e-05 0.9999999997956542375 0.494551837230419955
0.9992444937928146587 0.03886439961128105441 8.356378401410821194e-06 38.31834739730022932 -0.03886439948953950008 0.9992444937306196318 -1.426843490903155446e-05 -7.451067324627315358 -8.904599261271364807e-06 1.39328893894127926e-05 0.9999999998632913556 0.4945423678642918985
0.9997247278116954128 0.02346206579122243549 8.536567180075686301e-06 39.99571791611168692 -0.0234620657577742503 0.9997247278409344684 -3.997513217586961046e-06 -7.521887961497828456 -8.628007218909339789e-06 3.796127312851156233e-06 0.9999999999555734265 0.4945409961843406088
0.9998972429890967684 0.0143353894775786958 8.576847453224999758e-06 41.69570424606763481 -0.0143353893662324771 0.9998972429441895793 -1.290579779464909363e-05 -7.593594325083245167 -8.760975759537814576e-06 1.27815191856675839e-05 0.9999999998799390388 0.4945061047538139021
0.9999155199652942638 0.01299818643575555328 9.173292534262872581e-06 43.44150173765250855 -0.01299818633118160829 0.9999155199441012165 -1.13688387202644303e-05 -7.651989058798950083 -9.320291859240873884e-06 1.124864211474396117e-05 0.9999999998933001288 0.4944933553718290908
0.9998278015938109053 0.0185571303221805893 8.747894550469121209e-06 45.16451046845920558 -0.01855713023924174601 0.9998278015887837045 -9.468714647716492417e-06 -7.71759391129129213 -8.922100348627206383e-06 9.30474833165333697e-06 0.9999999999169089104 0.4944793013679698035
0.9997609797746007665 0.02186282759924726427 9.577500098974150918e-06 46.97597734898840116 -0.02186282746730706938 0.9997609797298947498 -1.367071804338429774e-05 -7.800583819479473213 -9.874091434054059433e-06 1.345805923304416491e-05 0.9999999998606914353 0.4944582380942815214
0.9996582528170190329 0.02614148964357467311 9.811852762902880778e-06 48.82820570133762317 -0.02614148964918650356 0.9996582528649263777 4.441056417672648779e-07 -7.871779088591760676 -9.796890007296481039e-06 -7.004503173560279463e-07 0.9999999999517651394 0.4944604156710152854
0.9996875736183202799 0.02499510061868972718 1.002048037852714227e-05 50.75392497765446365 -0.02499510036078031114 0.9996875733602272884 -2.508640444711441361e-05 -7.988235051057761105 -1.06443869168302046e-05 2.482810387981919238e-05 0.9999999996351310871 0.4943984517701137116
0.9995789387159792483 0.02901629198311877697 8.787483723533748146e-06 52.67043148437338118 -0.02901629168646920401 0.9995789382449447036 -3.218862661117819168e-05 -8.103019962536318843 -9.717778238500225885e-06 3.19200930358142407e-05 0.9999999994433361739 0.4943778058453773272
0.9995161668157312995 0.03110357208238221163 8.940698003710058684e-06 54.68408376179404229 -0.03110357179518154561 0.999516166394920913 -3.064336186940315384e-05 -8.229374285420202995 -9.889490208314375414e-06 3.035044795179579673e-05 0.9999999994905240941 0.4943635617263051341
0.9994961118638470143 0.03174149086778738083 1.134791235847532054e-05 56.77114872906703624 -0.03174149042795375991 0.9994961112559425098 -3.703908062014046897e-05 -8.366264974218758255 -1.251786991242483038e-05 3.666021741533813838e-05 0.9999999992496656498 0.4943407269290764905
0.9993820591117013041 0.03514967666913480088 1.256756851330594426e-05 58.8951279277060209 -0.03514967601425170868 0.9993820580124049835 -4.900220289048354397e-05 -8.534028288453445299 -1.428221407271555442e-05 4.853017646417116094e-05 0.9999999987204201135 0.4943017591823939405
0.9993903161213320008 0.03491412196782679722 1.150445559916205022e-05 61.01814750446593649 -0.03491412158139255151 0.9993903156812222743 -3.223382719113511582e-05 -8.677308539783064489 -1.262285728702832695e-05 3.181250678483203535e-05 0.9999999994143139448 0.4942978921841785778
0.9993087720053120959 0.03717496598242289729 9.983666790009651767e-06 63.14302205682746205 -0.03717496579595080952 0.9993087718953743703 -1.825544747634342825e-05 -8.808883527411566661 -1.065541143786420692e-05 1.787168632855541886e-05 0.9999999997835324894 0.4942948222547641213
0.999133726751387119 0.0416148526568025437 1.0414893270788461e-05 65.33742845202608862 -0.04161485263440273946 0.9991337268038187336 -2.358389439945499747e-06 -8.932168432680139603 -1.050401515695757589e-05 1.922932181596990513e-06 0.9999999999429840525 0.4942893934244571574
0.9990290795596881157 0.04405562504871669144 9.8955622996983307e-06 67.44583207244944845 -0.04405562507560981805 0.9990290796043420629 2.516249710575242365e-06 -9.062283023260571113 -9.775099542657002e-06 -2.949761814886168709e-06 0.9999999999478731416 0.4942793572246891309
0.9991658441676375402 0.04083645112368681357 1.051797691634991825e-05 69.5701165331682887 -0.04083645104495777639 0.9991658441973543248 -7.59432467613603901e-06 -9.20317307053649003 -1.081932855332750321e-05 7.15847297647804799e-06 0.9999999999158492026 0.4942312875004169492
0.9990844635232456472 0.04278124186071598223 9.672451100481640085e-06 71.70431812093003998 -0.04278124183993659013 0.9990844635682039065 -2.345195085522530252e-06 -9.324826170594230135 -9.763925977278686035e-06 1.929248504161961455e-06 0.9999999999504718406 0.4942135676873915529
0.9987619002740396601 0.0497460193684945845 1.096409857182350299e-05 73.83038908502976483 -0.04974601917987618582 0.9987619002014341829 -1.68525552206748735e-05 -9.482237901793192592 -1.178887146200661187e-05 1.628626981883042499e-05 0.9999999997978900046 0.4941762904969902448
0.9985202269762362137 0.05438157928726109619 1.248126078041666977e-05 75.98198164987698533 -0.0543815788557590607 0.9985202265443052783 -3.26388875331978497e-05 -9.663568702376483799 -1.423774559225478525e-05 3.191183872055105235e-05 0.9999999993894606032 0.4941222173653552763
0.997650800974629548 0.06850459263341401872 1.024905255390330134e-05 78.07358394265556001 -0.0685045924915439336 0.9976508009442291991 -1.360655395163767332e-05 -9.829840304247728255 -1.115708692492262627e-05 1.28724822797262814e-05 0.9999999998549092828 0.4941353742373838509
0.9960653347896570864 0.08862194257137698261 1.129056367679705366e-05 80.17996843192898382 -0.08862194225986461116 0.9960653345519698831 -2.561629452103760381e-05 -10.06620655317706614 -1.351630486794402294e-05 2.451491129592135978e-05 0.999999999608164325 0.4940817160334267655
0.9929352890188497538 0.1186571181557038029 1.15874674679104006e-05 82.30114328453207406 -0.1186571179608383597 0.9929352889765357126 -1.626481001790554929e-05 -10.34042084499093406 -1.343554084283052689e-05 1.477496834175849961e-05 0.9999999998005932866 0.4940765677144005052
0.9884784630697770469 0.1513615800065199468 1.213976484720930128e-05 84.41800447675110775 -0.1513615797020518572 0.9884784629239797837 -2.297343253837970137e-05 -10.70164234614921561 -1.547719114361037064e-05 2.087124930248973124e-05 0.9999999996624236998 0.4940345930496358728
0.9821918917899122858 0.1878805141007201529 1.120871241689077635e-05 86.42286706643335492 -0.187880514066911003 0.9821918918521661546 -4.006113891428363359e-06 -11.09373571609170916 -1.176177719144041535e-05 1.82887393083425975e-06 0.99999999992915789 0.4940314975183756063
0.9728920376333071163 0.2312597737977007128 1.161813186245272932e-05 88.43897540304718063 -0.2312597737407556808 0.9728920376974341533 -6.044984745633242437e-06 -11.58203972688317229 -1.27011497867848169e-05 3.194310980840302929e-06 0.999999999914238602 0.4939894235331339645
0.9584747716925310357 0.2851773340681963975 1.284287424859159922e-05 90.4990831323670335 -0.2851773339095231563 0.9584747717392519961 -1.287936330512916328e-05 -12.20088041766517151 -1.598247345574724382e-05 8.682048165480214496e-06 0.9999999998345913133 0.4939487340072900023
0.9395697073421845902 0.3423576563970247011 1.238916164202256103e-05 92.45849902582384061 -0.3423576562422744884 0.9395697073896565055 -1.304778425097441577e-05 -12.91692450276958581 -1.610748981613590374e-05 8.017778487582460635e-06 0.9999999998381320365 0.4939189302294952899
0.9157648195828160809 0.4017148180318476092 1.379583055130950635e-05 94.29050055142428732 -0.401714818003220453 0.9157648196861336576 -4.90873204669328175e-06 -13.71203446808221216 -1.460564667814489313e-05 -1.046745442002105256e-06 0.9999999998927897593 0.4939050816419871537
0.8865988408308614899 0.4625391824482990022 1.181798663205112942e-05 96.11235663035901666 -0.4625391821679145643 0.8865988408180919267 -2.053497646301698785e-05 -14.67501244667995763 -1.997604447357918049e-05 1.274000445693960524e-05 0.9999999997193249612 0.493839923042032114
0.8527423017326853927 0.5223318550131114124 8.742800093637129484e-06 97.85967888252922364 -0.5223318546171504817 0.852742301556748461 -2.810943406975613656e-05 -15.75657429960558531 -2.213780831492316207e-05 1.94034605215905345e-05 0.9999999995667115948 0.4937994991354799357
0.8148266233953872506 0.5797047297839109659 8.629443682201299684e-06 99.52281626147609472 -0.5797047294289903174 0.8148266232820288169 -2.589788800768439675e-05 -16.95089472380320572 -2.204462862583919598e-05 1.609975932346015016e-05 0.9999999996274160363 0.4937647293958866701
0.7725796880008327649 0.6349178100229099231 1.436943848301748949e-05 101.078517904449086 -0.6349178098627039635 0.7725796881318639509 -1.440319501320012511e-05 -18.21838393518826393 -2.024638133695357686e-05 2.004203498918985005e-06 0.999999999793033556 0.4937442271049403697
0.7211902266591028177 0.6927370754345173465 3.594518963519025034e-05 102.5200297936798961 -0.6927370759850308701 0.7211902270138044191 4.209463600922488533e-06 -19.55994700332603387 -2.300726796900601234e-05 -2.793638957207166551e-05 0.9999999993451118563 0.4937369604036328519
0.6623523972390107373 0.7491924326559954439 2.692508661841494226e-05 103.8255926618485177 -0.7491924328553095647 0.6623523975501814931 -3.755255628154385989e-06 -21.01729952835358972 -2.064730477525554702e-05 -1.768476858093688241e-05 0.9999999996304689276 0.4936736245561963443
0.59428048696019109 0.8042578583883889243 6.411942359161982765e-06 104.9928279719280511 -0.8042578580753992901 0.5942804869224695974 -2.427748825370166147e-05 -22.60507641110643107 -2.333585293729296107e-05 9.270782513697605132e-06 0.9999999996847452888 0.4936079078231083717
0.5243468496129567447 0.8515047746743308332 3.165014164979049286e-06 106.0193640881031314 -0.8515047743524721824 0.5243468495106432536 -2.579614248925897322e-05 -24.26517986875771626 -2.362510370384671336e-05 1.083110137403701328e-05 0.999999999662270822 0.4935724344981828882
0.464001372766987441 0.8858344800651046791 6.080927306005132635e-07 106.8641332546925611 -0.8858344797910475688 0.4640013726402994476 -2.456572959547567847e-05 -25.92049335037172497 -2.204332616531938169e-05 1.085986274764710232e-05 0.999999999698077735 0.4935355551753848879
0.402072086240178761 0.9156080151698579028 -5.041449826112949124e-06 107.5807039736333621 -0.9156080147825605975 0.4020720858949197729 -3.18163396224655824e-05 -27.62302723520437908 -2.710426932417600831e-05 1.740845391544396223e-05 0.9999999994811521464 0.4934959865085579156
0.3550067785495258366 0.9348637263758474703 -1.711097244188947145e-05 108.2525338270576185 -0.93486372595252476 0.3550067776251552565 -4.172049002950798589e-05 -29.51444856339890066 -3.292846158658421568e-05 3.080748421657900858e-05 0.9999999989833077141 0.4934521814742620083
0.3240385360438891027 0.9460438816862173361 -3.293691311585172037e-05 108.8605705814767077 -0.9460438814915830275 0.3240385341816093279 -5.157524753663591009e-05 -31.46871313258313663 -3.811961833195894354e-05 4.787213283634410245e-05 0.9999999981275765615 0.4934038904350282473
0.3010539227603937773 0.9536071172142743801 -3.988850882924579533e-05 109.4169896867157092 -0.9536071171986865158 0.3010539204627847298 -5.481086420832774882e-05 -33.42707171559228385 -4.025943824526762602e-05 5.45389915938157709e-05 0.9999999977023381614 0.4933441284469395338
0.2897625925327645957 0.9570985521266638374 -3.85741837396504005e-05 109.9366294998267506 -0.9570985521213190017 0.2897625904305431432 -5.211994775236388714e-05 -35.36188321387585631 -3.870657112656000418e-05 5.202170658987831852e-05 0.9999999978977717197 0.4932763844080074733
0.2923092058743535504 0.9563238610792721417 -2.989599174953082048e-05 110.4955042634386899 -0.9563238608213134873 0.2923092042923502443 -4.808349829913660645e-05 -37.38128795355167 -3.724452318779291867e-05 4.26454994564749059e-05 0.9999999983971032957 0.4932147207544068657
0.2974329071318296824 0.9547427221643117745 1.521910543924143535e-05 111.0962893012315931 -0.9547427218456410181 0.2974329074409102769 -2.561750949398423913e-05 -39.39565867457994841 -2.898479352879996005e-05 -6.910839828844191178e-06 0.9999999995560611143 0.4931838960163086316
0.3099230120270637934 0.9507616552593253223 3.88182063429972542e-05 111.7582510309995882 -0.950761655737284217 0.3099230127163656867 -1.30668410079000413e-05 -41.52553304744161267 -2.445410684374871248e-05 -3.285714741257247197e-05 0.999999999161202302 0.4931419321237195397
0.3250874870887893175 0.9456839459793239255 7.583159584161830319e-06 112.4128190998325465 -0.9456839455673707873 0.3250874871715369596 -2.797961276820628079e-05 -43.63547910254858664 -2.892506090364671431e-05 1.924549729116406713e-06 0.9999999995798183328 0.4930258826847819242
0.3419451782447411325 0.9397199023641920057 -1.334310425095962835e-05 113.0880059988048885 -0.939719901966991733 0.341945177571830683 -3.721222452339578821e-05 -45.71954432090868181 -3.040645784342605062e-05 2.526332136618302923e-05 0.9999999992186060505 0.4929350287537937469
0.3626379541882122082 0.9319301006588820435 -4.08698788035645916e-05 113.7964094130974928 -0.9319301010332325941 0.3626379521688373742 -4.936814309900977284e-05 -47.79982515952136168 -3.118668941288903651e-05 5.599063269811774474e-05 0.999999997946219743 0.4928642670317976426
0.3813432376871670471 0.9244335203090601194 -4.001874793839091784e-05 114.562936554443084 -0.9244335206911487024 0.3813432357291298147 -4.88716484164048183e-05 -49.87989657427867485 -2.991771116022937368e-05 5.563154468855908448e-05 0.9999999980050309212 0.4928150751471526148
0.3996587183541172039 0.91666401011066867 -3.759794235174262475e-05 115.3591010746775112 -0.9166640104587281401 0.399658716587469931 -4.677189467570981579e-05 -51.91516788798426063 -2.784776714728285559e-05 5.315747610223240597e-05 0.999999998199392337 0.4927575005976914113
0.4216266859137048906 0.9067695057825365668 -3.33249649264651747e-05 116.2195442793267262 -0.9067695059789839807 0.421626684322447931 -4.578341659462828597e-05 -53.9883104503457858 -2.746431157143969939e-05 4.952157219173743445e-05 0.9999999983966627592 0.4926940063704733919
0.4443261829327938561 0.8958650805890054913 -2.332082713482877594e-05 117.1166817905517377 -0.8958650805222454494 0.4443261818501215155 -4.031868623109218305e-05 -55.98006287760325961 -2.575804901125504557e-05 3.880696263291492985e-05 0.9999999989152712487 0.492646676553424645
0.4648570204420988117 0.8853857634827279055 -1.923627079375307941e-05 118.0301993716232261 -0.8853857633627160162 0.464857019567386065 -3.736014794805039829e-05 -57.89052313954414331 -2.413602760603706214e-05 3.43986473593856795e-05 0.9999999991170926972 0.4925988226662427194
0.4864679751028418986 0.8736984085560663971 -9.389923556052824348e-06 119.0342799994871541 -0.8736984082858206824 0.4864679746049847542 -3.232306344469679102e-05 -59.80290267459436393 -2.367271199727969679e-05 2.392809648791122294e-05 0.9999999994335244669 0.4925805109381117264
0.5102193820047074002 0.8600442906362918416 -1.931023372421184224e-05 120.0490165370070343 -0.8600442905385947689 0.510219381082357204 -3.849850191575936441e-05 -61.68064204540500839 -2.325796127137615943e-05 3.625033811904000274e-05 0.9999999990724901533 0.4924905094438032926
0.5302651792266634967 0.8478318463054729248 -9.602080727391612986e-06 121.1466073839049784 -0.8478318460607282558 0.5302651787047348853 -3.256878737537562379e-05 -63.53397927872644146 -2.252120607954749348e-05 2.541104370392722762e-05 0.9999999994235369005 0.4924727449802776547
0.5471832508604362877 0.8370128373551340983 -9.096458975419677729e-06 122.2479035482974155 -0.837012837108914054 0.5471832503459937991 -3.252557416862383069e-05 -65.31751893003810494 -2.224689313267556092e-05 2.541130234435069128e-05 0.9999999994296707717 0.4924078348470814492
0.5627881492927021556 0.8266011727157112077 -1.682078588006642812e-05 123.3199590031539827 -0.8266011726096431644 0.5627881484604208007 -3.735086402891669852e-05 -67.0096118047447078 -2.140772906715584953e-05 3.492470497399602911e-05 0.9999999991609870298 0.4923490422064266681
0.5748014611943716989 0.8182929059048335008 -1.889103624664128741e-05 124.4442663485189655 -0.8182929058419627921 0.5748014602389318606 -3.947329649357261312e-05 -68.71877283123346558 -2.144212327337260821e-05 3.814770944729415074e-05 0.9999999990424937035 0.4923073256408838638
0.5833715436632862517 0.8122054183779158221 -2.00923368384682846e-05 125.5922182391473569 -0.8122054183320067677 0.5833715426072081378 -4.135757699009098403e-05 -70.42960709961158727 -2.186955058629283275e-05 4.044593837803830814e-05 0.9999999989429243508 0.492267914684075214
0.5936841772765389935 0.804698140385221139 -2.267771585594916751e-05 126.7290755302215359 -0.8046981403882262907 0.5936841760167874682 -4.477981024827385609e-05 -72.10621938428208466 -2.257082898170702936e-05 4.483378058338088071e-05 0.999999998740244922 0.4922218010372056418
0.6072575626054158571 0.7945050360852536908 -1.720267843569086831e-05 127.8943521086547435 -0.7945050359867807943 0.6072575616658095754 -3.991957475655153798e-05 -73.7303565196767039 -2.126984662148332343e-05 3.790907831652576927e-05 0.9999999990552477236 0.4921924596927184647
0.6233501854134542164 0.7819428023195087452 -1.574671168237159522e-05 129.0780326906976256 -0.7819428022337928663 0.6233501845889741766 -3.754847898423098137e-05 -75.31649112705477478 -1.95450472458890655e-05 3.571887919569480962e-05 0.9999999991710764036 0.4921517177521818054
0.6430595158601494221 0.7658162042975069639 -1.730034629179678238e-05 130.2816386293047515 -0.7658162042573827266 0.6430595149379864095 -3.932898382637872904e-05 -76.86147132365594814 -1.899362081813337768e-05 3.853976282818485406e-05 0.9999999990769644631 0.4921095788879228383
0.6660649881045465071 0.7458937132173779627 -1.436367116761498269e-05 131.5156697318009549 -0.7458937131677996213 0.6660649873810566834 -3.527120542194080502e-05 -78.33560916784713868 -1.674143192682122502e-05 3.420668704173162271e-05 0.9999999992748134225 0.4920823423989112433
0.6966593503577552804 0.7174020834029629645 -1.704205029109057753e-05 132.758825030840768 -0.7174020834122059043 0.696659349422321883 -3.975583789367792439e-05 -79.72873673994300248 -1.664841726374135137e-05 3.992227858438186279e-05 0.9999999990645209724 0.4920395241094630001
0.73213642602766138 0.6811580238733681014 -1.409267828352478845e-05 134.0293814324112134 -0.6811580238744482374 0.7321364252889757118 -3.575988825582377415e-05 -81.00076218266171679 -1.404037171702197295e-05 3.578045767347146105e-05 0.9999999992613134436 0.4920274709268266378
0.7734043206648522073 0.6339130513168053094 -1.222246602579644832e-05 135.331928310808479 -0.6339130513485062846 0.7734043200981732813 -3.139651391745743378e-05 -82.15026221269184248 -1.04497519115218655e-05 3.203018025099182276e-05 0.999999999432435116 0.4920188292227807292
0.8230149974274765245 0.5680196421053005373 -1.393736283251358363e-05 136.6446973051558871 -0.5680196422276949653 0.8230149967883633177 -3.327468396656365018e-05 -83.14412844676463976 -7.430015451015043568e-06 3.53022597888634173e-05 0.9999999993492727501 0.4919899895084556274
0.8698424332734748798 0.4933296474564867196 -1.481795596445893365e-05 137.9843616071781867 -0.4933296476526788377 0.8698424325241923549 -3.64624848963703005e-05 -83.98479263913017689 -5.098737958152504721e-06 3.902675358033550488e-05 0.9999999992254576808 0.4919778246142011979
0.910133375479676765 0.4143153854790752044 -1.398312633645292613e-05 139.2811371875320106 -0.4143153857144701302 0.910133374904087411 -3.237589812469104662e-05 -84.63675542904084637 -6.873227474565131733e-07 3.5259809825992861e-05 0.9999999993781366614 0.4919813772368525351
0.9479064227990550151 0.3185489183818645542 -1.470633427180180862e-05 140.5742337698999336 -0.3185489187100318254 0.9479064221441806382 -3.533724748024067054e-05 -85.13761226474680655 2.683586739017065054e-06 3.818109073103060475e-05 0.9999999992675013827 0.491976485233387939
0.9781461117424461449 0.2079186954294662271 -1.327688609710023678e-05 141.8207260052596439 -0.2079186957557696835 0.9781461112456252271 -3.1820019239288775e-05 -85.44796045638594251 6.37075761655625463e-06 3.388514093548714235e-05 0.9999999994056053554 0.4919851735531634018
0.9963489388387191115 0.08537442154054153409 -1.49602544971553587e-05 142.9235863095920251 -0.08537442202623700405 0.9963489382746140155 -3.556639030170139068e-05 -85.58984604148490405 1.186917368626588984e-05 3.671375831648393946e-05 0.9999999992556113382 0.4919848207493150993
0.9986731201644095668 -0.05149756125682626584 -1.574531871279971509e-05 143.9680356634811176 0.05149756071802878699 0.9986731197744356248 -3.289865501732886519e-05 -85.57177681625917387 1.741862706277663402e-05 3.204415694893117367e-05 0.9999999993348817062 0.4920107317198623709
0.9797627549088044896 -0.2001622938363766813 -1.489640819853395061e-05 145.0602404230906757 0.2001622934763195583 0.9797627548333782688 -2.266808462398338543e-05 -85.37969690876518314 1.913224174893175467e-05 1.922764581012186886e-05 0.9999999996321274898 0.4920516330362546542
0.931555464578313841 -0.3635992523108887431 -1.163948449071165884e-05 146.1364059121852961 0.3635992518354062009 0.931555464336889294 -3.051308335582089351e-05 -85.02708131754741316 2.19373596732632256e-05 2.419252168867596695e-05 0.9999999994667371217 0.4920543764180453916
0.8518056760748092815 -0.5238578908831847958 -1.919352200247270463e-05 147.0790209485943478 0.5238578908916090571 0.851805676271264911 -4.988082532495342639e-06 -84.43305749720056497 1.89621973843679267e-05 -5.80580094108790369e-06 0.9999999998033638482 0.492103026843626834
0.7352160326734856755 -0.6778328591923101776 -1.735715587216022098e-05 147.9138423666052233 0.6778328590189187652 0.735216032878210024 -1.533944065815714318e-05 -83.7115449137172476 2.315883620210779163e-05 -4.874478851427177904e-07 0.9999999997317153833 0.4920952935330214495
0.5892563647956940986 -0.8079461220949948341 -1.848395122011716504e-05 148.4650948633643566 0.8079461218410395329 0.5892563650785735963 -2.046078376029818546e-05 -82.95309466734376258 2.742299680241307161e-05 -2.877389645128533645e-06 0.9999999996198499774 0.4921194400315496709
0.4217635857908367258 -0.9067058383701512847 -1.919816530113499129e-05 148.8531293914403477 0.9067058381214861962 0.4217635861545838694 -2.264224300929955011e-05 -82.10598412932779411 2.862694097532283768e-05 -7.857414957810755673e-06 0.999999999559379793 0.4921508479551612303
0.2296883120485244956 -0.9732642391062423792 -1.369232299536432819e-05 149.08964150999401 0.9732642388173002868 0.2296883123307159047 -2.490545135820151568e-05 -81.18920324869989713 2.738455172642981241e-05 -7.6057572344519435e-06 0.9999999995961194044 0.4921681211480719575
0.02411149918112669155 -0.9997092753786180896 -1.820521820723385676e-05 149.1052538000532195 0.999709275198569336 0.0241114996477713589 -2.586347971131875331e-05 -80.25745142473336102 2.629491567336337545e-05 -1.757631822890500835e-05 0.9999999994998253205 0.4922069068450519724
-0.1784482326919087092 -0.9839493015035765122 -1.794410877369156452e-05 148.9393705989975842 0.9839493014021705175 -0.1784482321908933689 -2.646428659098604957e-05 -79.31206956341436864 2.283742181708483366e-05 -2.237859846377200992e-05 0.9999999994888252308 0.4922277785249024595
-0.3734058971495858303 -0.9276680633082536875 -1.714816375091730491e-05 148.5773691545647637 0.9276680632942312377 -0.3734058966598478579 -2.618812624338895631e-05 -78.37925634988988577 1.789066289239551625e-05 -2.568660463044506744e-05 0.9999999995100611327 0.4922467896981658209
-0.5548981428411393635 -0.8319182957604238648 -1.589839933054330219e-05 148.0376566622311998 0.8319182958219405455 -0.5548981423977920047 -2.534621856488449097e-05 -77.5435406353417136 1.226399069685314762e-05 -2.729073888706227768e-05 0.9999999995524047058 0.4922590625118834495
-0.7061145285818019035 -0.7080976430731389382 -2.005487731979897699e-05 147.2892490079357231 0.7080976433335856024 -0.7061145280441116778 -2.81548645627530254e-05 -76.78771871733189869 5.775353004276443597e-06 -3.408137028550667141e-05 0.9999999994025530192 0.4922790072544919182
-0.8111525333903908397 -0.5848346492624315607 -2.446778640678707296e-05 146.4018154220064503 0.5848346497741315764 -0.8111525326523514323 -3.460459225743157686e-05 -76.18120340162447235 3.908576634823376577e-07 -4.237921197051870172e-05 0.9999999991019252743 0.4922994470477198292
-0.8789756475281162995 -0.4768666591608121674 -2.087025134683829941e-05 145.3949687984621164 0.4768666595968667488 -0.878975647055489584 -2.916406011320514508e-05 -75.63982369590358701 -4.437074768048661405e-06 -3.558682566726719017e-05 0.9999999993569450574 0.4922789558240413532
-0.9206977010509497239 -0.3902764955123316781 -1.823023676037777914e-05 144.3467172782545163 0.3902764958598418654 -0.9206977007973515814 -2.297969161838565099e-05 -75.19734838624489726 -7.816103557493524271e-06 -2.827218216544296405e-05 0.9999999995697961275 0.4922482884816876125
