0.9999806747146977592 0.006216928271891146787 0 -0 -0.006216928271891146787 0.9999806747146977592 -0 0 -0 0 1 0.4949999999999999956
0.9999902394418520579 0.004418247380035227392 1.064655420453251029e-05 -0.0008608174809587968183 -0.004418247294877742162 0.9999902394668318539 -8.008888536786297734e-06 -0.000958457419584574674 -1.068183553928148875e-05 7.961771256250403764e-06 0.9999999999112543225 0.4950015235646884615
0.9999888186270639023 0.004728912930793360836 2.36118521548941965e-06 0.002286482924405420971 -0.004728912905682934945 0.9999888185745358093 -1.052936829254966266e-05 -0.00247394424080294318 -2.410951279945218737e-06 1.051808472051763431e-05 0.9999999999417785723 0.4949999826832442995
0.9999894683958719943 0.004589455257441602855 1.187550033908026629e-07 -0.002731865370846726145 -0.00458945525641666751 0.9999894683674994678 -7.534450780172681427e-06 -0.004799468890507187398 -1.533327774515157026e-07 7.533826409545209863e-06 0.9999999999716089327 0.4950010523008303576
0.9999911559625329627 0.004205710275046102738 1.794224396665473334e-07 -0.002805708969330286684 -0.0042057102740401444 0.9999911559486113211 -5.280515453882406454e-06 -0.008406576716687276171 -2.016291709469831193e-07 5.279714154007996759e-06 0.9999999999860419431 0.4950009563591326045
0.9999919511708156294 0.004012180835675024579 8.715874954464137894e-07 -0.0002434312377269238473 -0.004012180832378486189 0.9999919511641712777 -3.751657689442764609e-06 -0.01298732942585670465 -8.866328092654124977e-07 3.748130526347877849e-06 0.999999999992582711 0.495000800260410323
0.999992285865488939 0.003927876108823408902 1.010339441936217381e-06 0.0004191594180296593936 -0.003927876107119407378 0.9999922858645896584 -1.683099237453800987e-06 -0.01590831076799806634 -1.016942653324516733e-06 1.67911776564583182e-06 0.9999999999980732079 0.4950021755028012338
0.9999925178569832873 0.003868362914791477567 8.019819202373624169e-07 0.00162326584915260981 -0.003868362916192833161 0.9999925178557625971 1.75318589306143188e-06 -0.01446282204244383508 -7.951939604015716835e-07 -1.75627513259351834e-06 0.9999999999981415977 0.4950062247335424992
0.9999929573403008032 0.003753034988304174754 6.394523480474158647e-07 0.0007637102554988254568 -0.003753034990262042649 0.9999929573357282386 3.088534442754262884e-06 -0.01331048624180530479 -6.278564667730086241e-07 -3.09091257829403268e-06 0.9999999999950259788 0.4950073416796194059
0.9999933128058626775 0.003657095146654751241 9.366094783052449783e-07 0.001563414704416202835 -0.003657095148275044984 0.9999933128047917563 1.734079281769189097e-06 -0.01271548646183395803 -9.302615220896145857e-07 -1.737492955623290096e-06 0.9999999999980578869 0.4950051797459757985
0.9999934149955694851 0.003629044873304769318 1.019383598340229566e-06 -0.001503327438869231153 -0.003629044873974737739 0.9999934149958713547 6.561062240671657729e-07 -0.01189796476900813194 -1.016995846766254731e-06 -6.598012924269084637e-07 0.9999999999992651434 0.4950040008109010681
0.9999937728938312897 0.003529047220071952415 1.229620907941257928e-06 -0.006386742958326921231 -0.003529047218591028091 0.9999937728938670389 -1.204505897377340019e-06 -0.0120636841987264657 -1.23386400915010964e-06 1.200159006546094333e-06 0.9999999999985186294 0.4950014990642733759
0.9999942245676275432 0.003398651360657650375 1.597184351911966089e-06 -0.004099813121799754205 -0.003398651353761736847 0.9999942245596786794 -4.30063288567051099e-06 -0.01567360195903512096 -1.611791479277644986e-06 4.295179774896284186e-06 0.9999999999894767511 0.4949974754201906246
0.9999950679942894993 0.003140698612765075587 1.246127573284870719e-06 -0.00162922717996859083 -0.003140698609458572512 0.9999950679915741159 -2.646601586381057496e-06 -0.01530393887465714489 -1.254433605304007157e-06 2.642674822190325823e-06 0.9999999999957213115 0.4950009878217493942
0.9999912285618524077 0.004188412654411720858 1.013070339845874382e-06 0.002156972195185155854 -0.004188412653649209276 0.9999912285620847774 -7.53672610252380921e-07 -0.01588115580950820102 -1.016218145660362739e-06 7.494228428292314209e-07 0.9999999999992028599 0.4950037586790203559
0.9999799190884174349 0.006337303971553251772 7.259997823387905929e-07 0.03984429595074286817 -0.006337303973351210255 0.999979919085540736 2.501528149532969266e-06 -0.01249949460754506796 -7.101322593204028208e-07 -2.50607879787317586e-06 0.9999999999966076025 0.4950067481479615839
0.9999558383947657614 0.009397939245091985888 6.321269626652391636e-07 0.06844113108893790098 -0.00939793924746397738 0.9999558383874920242 3.860299354186520999e-06 -0.0117921973074577198 -5.958201881208146829e-07 -3.86606956796215612e-06 0.9999999999923492311 0.4950070127745034299
0.999897671853675285 0.01430544718253359653 2.177257019555713688e-06 0.1393179448035738177 -0.01430544716696420179 0.9998976718317241774 -7.005981766485377466e-06 -0.02120407247282412103 -2.277257926955258604e-06 6.974118222095882534e-06 0.9999999999730878608 0.4949917137969247483
0.9997736972958933821 0.02127332120763250969 1.52616349089601179e-06 0.2044129008012404991 -0.02127332119760453125 0.9997736972773537678 -6.310828530830314786e-06 -0.02545374454144508705 -1.660070398365427989e-06 6.276933807126755428e-06 0.9999999999789220828 0.4949932282390239191
0.999496591855450478 0.03172637499213176032 1.196059803298427764e-06 0.2976437012162270745 -0.03172637498671606465 0.9994965918470734012 -4.303496257847959433e-06 -0.02942555614413294371 -1.331992033095783036e-06 4.263383200955735821e-06 0.9999999999900246461 0.4949976902528026024
0.9987021248513712202 0.05093197241290483429 2.391752266149620297e-06 0.4270931370574470032 -0.0509319723555897233 0.9987021246598205559 -1.985352905308999385e-05 -0.05661240697874669187 -3.399827463894317959e-06 1.970594499081845788e-05 0.9999999998000584922 0.4949774626252231857
0.9967832345890864643 0.08014476424770138052 2.833983758353589295e-06 0.6303157844864092363 -0.08014476411571251624 0.9967832340848211681 -3.216324390444801333e-05 -0.09953308395689768051 -5.402583096158863824e-06 3.183265333413239599e-05 0.9999999994787471813 0.4949667557537261731
0.9927142979831783398 0.1204920021120565177 3.004365803540906476e-06 0.9246430768013776946 -0.1204920016782195236 0.9927142959970237657 -6.36941305016677713e-05 -0.1927375519071715115 -1.065711019051224901e-05 6.286807199716983128e-05 0.9999999979670157746 0.4949302667864964866
0.9855420384968264225 0.1694310784875414089 5.491981524870777607e-07 1.331791458125427319 -0.1694310777882729324 0.985542034713666748 -8.771649092021185608e-05 -0.3206311001755306478 -1.540315752241723746e-05 8.635523803639873382e-05 0.9999999961527578085 0.4949283840619827513
0.9751514378734893462 0.2215393265123006827 -4.896460240611967987e-06 1.818074755585790792 -0.2215393257814570194 0.9751514323196111 -0.0001057333502162405823 -0.4931158933953441181 -1.864930497986635701e-05 0.0001041907869949691153 0.9999999943982416095 0.4949261635146519622
0.9621575698139671617 0.272493689499346381 -5.911644835930079847e-06 2.328955246916439403 -0.2724936889691271791 0.9621575660560786059 -8.692106881198790377e-05 -0.6894540825250937699 -1.799750892907868316e-05 8.524265024299278626e-05 0.999999996204890107 0.4949495798450789241
0.9495020888478470367 0.3137607101974710377 -3.490939217755739487e-06 2.923787410273728682 -0.3137607096372850846 0.9495020863587947391 -7.13472927936574492e-05 -0.9326710214020674794 -1.907132318699403709e-05 6.883972310748035677e-05 0.9999999974486886156 0.4949808076364597964
0.939780167058344551 0.3417795160633765317 -2.346701640728710422e-06 3.578138889810031475 -0.3417795155589170575 0.939780165250926558 -6.12167134216881311e-05 -1.216043526030494037 -1.87172350325363448e-05 5.833230771612644776e-05 0.9999999981235034863 0.49501011225295527
0.936082626680921126 0.3517802098262437505 -1.727397118147216971e-06 4.304570496764744014 -0.3517802092696610261 0.9360826249000134824 -6.106330320981293773e-05 -1.543800346886098573 -1.986387518723157751e-05 5.776796138216885152e-05 0.9999999981341445299 0.4950223374952560929
0.9394632997595825374 0.342649541670252189 -4.853662530418011003e-07 5.14639694166497641 -0.3426495411882471975 0.9394632983609940702 -5.439116215546752861e-05 -1.895716844328040107 -1.818112300248754336e-05 5.126481120024708711e-05 0.9999999985206828867 0.4950497934979284365
0.9469578022144701235 0.3213579325724927327 3.265165431877206541e-07 6.052319053669680038 -0.3213579322437916108 0.9469578012908631548 -4.427868281168122509e-05 -2.239978499573684445 -1.45385033532171856e-05 4.182511547913908909e-05 0.9999999990196458688 0.4950710799665516415
0.9552261201038004801 0.2958767639898001178 2.144024764743707819e-06 6.990547465563294871 -0.2958767638597147309 0.9552261198548677168 -2.360401346342185788e-05 -2.545711286787307959 -9.031907577627807838e-06 2.191280309051487878e-05 0.9999999997191268974 0.4950984117250488148
0.9625065986279388586 0.2712582672247921822 7.881119246466194609e-06 7.983898298548735006 -0.2712582672317427335 0.9625065986582262978 -1.936035791225357823e-07 -2.832187470187693012 -7.638145850937356162e-06 -1.951474028219728913e-06 0.9999999999689251906 0.495092712415101055
0.9697654015028631669 0.244039066502369062 8.418774192120349146e-06 9.060625280208910226 -0.2440390665435905881 0.9697654015196710553 4.261118756761362781e-06 -3.113587324800608958 -7.124356491069258245e-06 -6.186795337288382661e-06 0.9999999999554836094 0.4950829332642355807
0.9760863583029025792 0.2173831204863389821 8.051852553588462676e-06 10.18926762180949552 -0.2173831205563981628 0.9760863582773035008 9.184046521216954949e-06 -3.374552589255927604 -5.862846744944119182e-06 -1.071475935773816226e-05 0.9999999999254104432 0.4950616026814640414
0.9818096567958380927 0.1898678429535954615 6.067979095285322462e-06 11.34937750839681492 -0.1898678429746746277 0.9818096568056028373 3.105094575213030526e-06 -3.614447415351016879 -5.368042863883046512e-06 -4.200725941245763482e-06 0.9999999999767690273 0.4950362163186840525
0.9864854953736142962 0.1638486112089240498 4.96129565891081322e-06 12.59346516831251961 -0.1638486112206690992 0.986485495381991262 2.058675261741652119e-06 -3.831168798359661842 -4.556935123250617545e-06 -2.843754688960291571e-06 0.999999999985573651 0.495026989752444524
0.9901799436477234373 0.1397987094973707767 4.784769114239013109e-06 13.91331221898669668 -0.1397987094921159801 0.9901799436590115189 -1.417268827848017482e-06 -4.029991600009757313 -4.935914765102568621e-06 7.344466207038784864e-07 0.9999999999875486267 0.4950167698851684617
0.9926624297054037482 0.1209185702342274044 5.10956708921337576e-06 15.27892878612930261 -0.1209185701753801162 0.9926624296693477012 -1.057931427534597303e-05 -4.216591139448854442 -6.351310837570468113e-06 9.883846266539138205e-06 0.9999999999309852061 0.4949938838259106966
0.9941522491913099557 0.1079875243568959031 3.655279951878424603e-06 16.64761497833500314 -0.1079875242697870968 0.9941522490282972413 -1.887573794205963637e-05 -4.387247532911583647 -5.672248995760544577e-06 1.837063269772799882e-05 0.9999999998151727354 0.4949700208288336789
0.9951880096893044314 0.09798380149259318384 4.234851590437234004e-06 18.08289987478188365 -0.09798380144608719033 0.9951880096519909458 -1.006555444723042966e-05 -4.533730971737441884 -5.200734814329109043e-06 9.602172239367532609e-06 0.9999999999403753614 0.4949867194865919529
0.9957027908713244058 0.09260643729174167227 5.04175544031834959e-06 19.65442814980312036 -0.09260643724734163307 0.9957027908525805104 -8.424342537345787225e-06 -4.687365040862399468 -5.80023831163001773e-06 7.921242366890936587e-06 0.9999999999518055516 0.4949840032470401163
0.996150202526893902 0.087662842658041501 4.997265307782834662e-06 21.2747143074376126 -0.08766284259173101612 0.9961502024702535429 -1.222468524156931643e-05 -4.843254094342471561 -6.049677507021222948e-06 1.173954819715151919e-05 0.9999999999127922035 0.4949700737628254799
0.9964754228117824741 0.08388522943543053056 4.10824694158354284e-06 22.90991765734515084 -0.08388522934268945186 0.9964754226451526531 -1.9092451882301356e-05 -5.000989536728758011 -5.695341814076873937e-06 1.868053782503872e-05 0.9999999998093003217 0.4949533197467768098
0.9968071246948934094 0.07984707979397319411 2.847305160808242984e-06 24.61092748925348062 -0.07984707966701960757 0.9968071242216615113 -3.117407258485183552e-05 -5.167124581555911256 -5.327372730312500936e-06 3.084718865632469776e-05 0.9999999995100350425 0.4949470011537789316
0.9970406953957299256 0.07687555998970513338 1.816991716202871959e-06 26.33985948477367245 -0.07687555983616785327 0.9970406944422776085 -4.391092740917720925e-05 -5.336482016045278165 -5.18729181676652187e-06 4.36412993441166985e-05 0.9999999990342645084 0.4949477788913409504
0.9967596267778261465 0.08043784201200759876 6.425141699437430759e-07 28.07206093239916811 -0.08043784190911776322 0.9967596258482698257 -4.324411992822531771e-05 -5.506426725019370139 -4.118895870370181473e-06 4.305231038676713112e-05 0.9999999990647666648 0.4949467447964633893
0.9965551151394436147 0.08293312058390396591 -1.363404396530393401e-06 29.79881589452235247 -0.0829331205471578875 0.996555113869495246 -5.03894916694613986e-05 -5.695327841616598441 -2.820250165150514666e-06 5.032897705365012075e-05 0.9999999987295201676 0.4949310416751060426
0.9967288081001967059 0.08081882883698204845 -3.288254089585490491e-06 31.50208632866590008 -0.08081882890280363274 0.9967288070523505628 -4.570569241598181396e-05 -5.875569615788699629 -4.163829562453739597e-07 4.582193316983091172e-05 0.9999999989500885089 0.4949310453837780788
0.9975074134694165151 0.0705617465356260104 -1.27651615201716355e-06 33.26398410976540987 -0.07056174653819864695 0.9975074128908013593 -3.399429568667180953e-05 -6.037596232891490722 -1.125362551588116207e-06 3.39996351722970873e-05 0.9999999994213791821 0.4949366971823181416
0.9984233752757207814 0.05613166401455983723 -4.762682533025414064e-07 35.001491278189377 -0.0561316640030113459 0.998423374811861386 -3.045947067242184172e-05 -6.178386319487657374 -1.234223417067602868e-06 3.043818124744092349e-05 0.9999999995359969418 0.4949272911318561841
0.9993051411971535236 0.03727243993435665204 -7.138823286290318774e-07 36.69202391144378339 -0.03727243994054039999 0.9993051408829988214 -2.505836727752407396e-05 -6.283288973086249563 -2.20600208220060844e-07 2.506756338665476778e-05 0.9999999996857843465 0.494928390765450088
0.999840282839170591 0.0178720120313218267 -5.221941130852136158e-07 38.38514633303979906 -0.01787201203799572771 0.9998402826610087724 -1.887592993145323063e-05 -6.351053193842713718 1.847598627938790329e-07 1.888224778099178953e-05 0.9999999998217132813 0.4949242669846476983
0.9999988227439537969 0.001534442099521446216 6.185692623876417522e-07 40.06582563451643608 -0.001534442092610117719 0.9999988226834028993 -1.102294160343430787e-05 -6.382447960957257749 -6.354825997925046468e-07 1.102197946789626488e-05 0.9999999999390560834 0.4949254459449440868
0.9999558042380410905 -0.009401572814390751417 1.225179785906975329e-06 41.76693427165433548 0.009401572818765446468 0.9999558042322151952 -3.615239958576183176e-06 -6.388439208236256661 -1.191136696433600867e-06 3.626598797264837887e-06 0.9999999999927144945 0.4949230901184304421
0.9999556196513950113 -0.009421185103052986606 1.039995279892520862e-06 43.51208213530328806 0.009421185109228336768 0.9999556196332600733 -6.101926324216539909e-06 -6.392577814594850416 -9.824617471349447978e-07 6.111453506643702226e-06 0.9999999999808424356 0.4949114867160317455
0.9999770899157730542 -0.006769020917104747771 1.280121911537756655e-06 45.2642214336578661 0.006769020940034125786 0.9999770897388253754 -1.88471577517748974e-05 -6.412948519727619257 -1.152515778560703661e-06 1.885539113382836079e-05 0.9999999998215729491 0.4948937979136871501
0.9999958330885826419 -0.002886833174379982783 1.388485291355442797e-06 47.05654543448797256 0.002886833207291912042 0.999995832793809547 -2.431628001318708485e-05 -6.440383187497654482 -1.31828246143146244e-06 2.432018701484918463e-05 0.9999999997033953703 0.4948901471048893219
0.9999998488682152464 0.0005497812049643977222 2.531050041708234462e-06 48.92841786775113633 -0.0005497811150523083381 0.9999998482453005266 -3.538833761640467564e-05 -6.481518241609456332 -2.550505500506080608e-06 3.538694074458785733e-05 0.9999999993706296664 0.4948792014577905185
0.9999931504237856705 0.003701229365789795913 2.987718280093583617e-06 50.85197347321309991 -0.003701229200389781916 0.9999931489930571349 -5.358720469555126745e-05 -6.545467906542353553 -3.186036346863524672e-06 5.357577941576784211e-05 0.9999999985597425312 0.494849999466915158
0.9999666937720200766 0.008161577126159768117 2.775195451297980511e-06 52.80642987923438625 -0.008161576955513305878 0.9999666921660805841 -5.676494768427358555e-05 -6.613544719232383073 -3.238394514133212017e-06 5.674040708674256607e-05 0.9999999983850195173 0.4948503430333957009
0.999940834003048451 0.01087788975238765908 3.171065296056117112e-06 54.81389254321581461 -0.01087788956618899322 0.9999408325639783657 -5.37780306475021811e-05 -6.69082031194047655 -3.755869160736835071e-06 5.374035431860717965e-05 0.9999999985489338439 0.4948524558641850812
0.9999242988562891954 0.0123043302328749958 4.063464520019396396e-06 56.84691772950633748 -0.01230432997768988145 0.9999242971985571327 -5.777546660090098488e-05 -6.775430177496818196 -4.774045324787871966e-06 5.772109472369389357e-05 0.9999999983227418898 0.4948479984139906307
0.999918445458797378 0.01277115500310088692 5.777702646734571785e-06 58.95277197802407443 -0.01277115454931566398 0.9999184428357780208 -7.273639671299589847e-05 -6.879506142994989304 -6.706159230479058936e-06 7.265667679609184317e-05 0.9999999973380173657 0.4948254739813482961
0.9999148890492024488 0.01304663296250173875 5.319395619064075227e-06 61.1225313339233125 -0.01304663259596426303 0.9999148870242194898 -6.393341260322139093e-05 -6.970776279686977439 -6.153058637747671953e-06 6.385857096941252164e-05 0.9999999979421113627 0.4948286864295394771
0.9999115638978711695 0.01329903634268227337 4.231142310313439867e-06 63.27775488869401244 -0.01329903607949683465 0.9999115622794307878 -5.710952052615220193e-05 -7.061626565868160732 -4.990269706722614298e-06 5.704819986852007011e-05 0.9999999983603000686 0.4948287569945762909
0.9999130970562128962 0.01318325954440039034 2.338890132626335075e-06 65.44131571026085226 -0.01318325944636200911 0.9999130963423744634 -3.788941900640970374e-05 -7.137519315403021203 -2.838192919266956442e-06 3.7855292108924725e-05 0.9999999992794607051 0.4948429956983605438
0.9999077827058140411 0.01358035662037784981 7.992440017555838394e-07 67.57672293750712811 -0.01358035659606393261 0.9999077823918425256 -2.508354852170521993e-05 -7.211825705319577118 -1.139813831614369051e-06 2.507038136618087551e-05 0.9999999996850883477 0.4948526720567703596
0.999890695689513942 0.01478501524303508022 -1.895260330009011502e-07 69.68474231268892538 -0.01478501524371644144 0.999890695462396617 -2.13119874212936759e-05 -7.292935415106994945 -1.255927419374967726e-07 2.131246007449050353e-05 0.9999999997728816759 0.4948440305124447991
0.9998904294306861784 0.01480301099679854314 7.612455100656081367e-07 71.8460430921466866 -0.01480301097340031014 0.9998904291243504439 -2.477653178613888521e-05 -7.377429723969171071 -1.127929372221351799e-06 2.476254828180649627e-05 0.9999999996927719792 0.4948313595598095582
0.9998573683063908257 0.01688913976116303284 1.943976570266597975e-06 73.99732553367527998 -0.0168891396845071845 0.9998573677201044729 -3.433327719768891368e-05 -7.468812629945899673 -2.523558813506916034e-06 3.429554809237640543e-05 0.9999999994087235278 0.4948142422919510897
0.9997198845865685746 0.02366753802100769744 2.911174708249894115e-06 76.14579035407764707 -0.02366753788514510889 0.9997198837874152755 -4.015924690022294275e-05 -7.571609132738036152 -3.860829743922564943e-06 4.007909733847660763e-05 0.9999999991893799844 0.4947975747710269823
0.9993213606791427894 0.03683501174669186196 1.496881764572088105e-06 78.24201967283482873 -0.03683501168575455814 0.9993213602376556093 -2.981786263077784027e-05 -7.686817341927234537 -2.59420724135314369e-06 2.974248939944246082e-05 0.999999999554327168 0.4948044498362235699
0.9983385472955121909 0.05762069927899112626 8.481381060946285438e-07 80.33939986426909741 -0.05762069924202474491 0.9983385470087622338 -2.403177957707928309e-05 -7.839701634487325599 -2.231456908651173206e-06 2.394298160118030853e-05 0.9999999997108771632 0.4948039294402581389
0.9962853767034869357 0.08611299651632661756 5.510797079562161075e-08 82.45091290146385177 -0.08611299650515176485 0.9962853765841086506 -1.548539459848068621e-05 -8.044868155980298141 -1.388396996549819277e-06 1.542312667845294259e-05 0.9999999998800997991 0.4948091816152673794
0.9930136348499394305 0.1179996652708606986 -5.558358727086254746e-07 84.56646189730770402 -0.1179996652717420214 0.99301363482263727 -7.370466847831785196e-06 -8.312556618614232562 -3.177600206109161879e-07 7.38456252203206082e-06 0.9999999999726836286 0.4948076007349467842
0.9880496142990262687 0.1541361725358537937 -1.332669893351095915e-06 86.58886195637649053 -0.1541361725252534676 0.9880496142831917128 6.027783197584652684e-06 -8.631196708020031139 2.245843405044000783e-06 -5.750336226850890905e-06 0.9999999999809449092 0.4948111737401950649
0.9801244815960620249 0.1983834684935400217 -2.599257488760966554e-06 88.63273402626050768 -0.1983834684775845347 0.980124481587898555 5.393443590205110556e-06 -9.047106300962502345 3.6175659452344472e-06 -4.770596386780651745e-06 0.9999999999820773366 0.494801335233609807
0.9678484885821102557 0.2515339006009393308 1.859773105808794833e-07 90.68979004174738634 -0.2515339005812289863 0.9678484884964676516 1.325626057594128512e-05 -9.56434611304119997 3.154401071108622655e-06 -1.287683136102540151e-05 0.9999999999121185201 0.4948128538114283104
0.9510630401045039317 0.3089969153925451462 5.225333809838852202e-06 92.69245242712324284 -0.3089969154303053855 0.9510630398397272867 2.253013432930033415e-05 -10.18374425244068071 1.992120153770850486e-06 -2.304219007852111671e-05 0.9999999997325444978 0.4948276507979924577
0.9298842328702690008 0.3678522983794398349 6.202251202056758527e-06 94.55635803229405667 -0.3678522984300434673 0.9298842326828267169 1.870395196687724875e-05 -10.90422781698150523 1.112916119863752629e-06 -1.967402238647908576e-05 0.999999999805847084 0.4948119053279289581
0.9030840575500336254 0.4294638342288476518 9.521403997785665417e-06 96.38476253763512602 -0.4294638343342747633 0.9030840573443956742 1.927484675643422496e-05 -11.746834648759652 -3.207785617437214626e-07 -2.149590548659045236e-05 0.9999999997689116293 0.4948097686063467893
0.8719436840409701128 0.4896061803430434844 5.760995468064175936e-06 98.14519929571139301 -0.4896061803559967895 0.8719436840521421761 1.011035674685298951e-06 -12.72936970178365179 -4.528254297358351724e-06 -3.702185157049055643e-06 0.9999999999828943498 0.4947796015242861833
0.837475016357880131 0.5464756142341409273 5.10094492810819583e-06 99.87474170749453606 -0.5464756142222225721 0.8374750163733798436 -3.617287899889802939e-06 -13.83903612780744474 -6.248673564141125238e-06 2.418462304297182315e-07 0.9999999999804478623 0.494767315434172017
0.7981376380896193501 0.602475153516866313 7.860350609076540476e-06 101.5050961930335518 -0.6024751535358449095 0.7981376381139969611 5.858779155268484015e-08 -15.04328190181922942 -6.238343981166348202e-06 -4.782427061619707895e-06 0.9999999999691058239 0.4947625519125092852
0.7511622016223522547 0.6601176761795992665 2.124474807165110455e-05 103.012844231511508 -0.6601176765029392879 0.7511622014533563263 1.668355931576179913e-05 -16.32424601312549939 -4.945139324898204132e-06 -2.655609288147336061e-05 0.9999999996351598419 0.4947697292508752009
0.6926720348880429645 0.7212526962294438793 1.637217565839244236e-05 104.3824918470134975 -0.721252696393901549 0.692672034863782371 8.026618251077909005e-06 -17.72516068234559228 -5.55132817325157485e-06 -1.736828983669378964e-05 0.9999999998337625318 0.4947370740324683602
0.628249489280465756 0.7780119402298241171 8.993961455321084178e-06 105.6301988771172091 -0.7780119402587446498 0.6282494893088773624 -4.375506966177384093e-07 -19.24564311968515895 -5.990871357593676779e-06 -6.722518400782310577e-06 0.9999999999594585409 0.4947136142447929319
0.5612248844086361599 0.8276633549348624275 -4.551225010732101193e-06 106.7307668799901847 -0.8276633549035867787 0.5612248843138936127 -1.337269550242478012e-05 -20.86119555024953698 -8.513829293924619446e-06 1.127197164888387919e-05 0.9999999999002285866 0.4946905279145204504
0.4987639594015439437 0.8667378570268691185 -8.935339503487923021e-07 107.6812838657570808 -0.8667378570114805392 0.4987639593859239939 -6.561674195391080078e-06 -22.4984551339298946 -5.24158889970006214e-06 4.047186303288509535e-06 0.9999999999780729842 0.4946817815966625953
0.4416433095677052556 0.8971907191737935605 -2.333940663667419379e-05 108.5135473822358563 -0.8971907193310153517 0.441643308876358498 -2.955113198490773286e-05 -24.23709982927219997 -1.620530858370743344e-05 3.399095876040351868e-05 0.9999999992910013624 0.4946353590533091316
0.3964746169684989496 0.9180456829109312489 -4.680295868411397703e-05 109.2482094533810653 -0.9180456838256357832 0.3964746150776988776 -4.483686478413942189e-05 -26.02792107843206182 -2.260610512155881698e-05 6.074393300158044477e-05 0.9999999978995692818 0.4946114711938486286
0.3647817357272090666 0.9310930572894594581 -6.284460735661359372e-05 109.9404928643938177 -0.9310930590235731996 0.3647817327993798098 -5.344379818820128766e-05 -27.91206836244841938 -2.683658467957106692e-05 7.800949917375145143e-05 0.9999999965971578808 0.4945970257243798018
0.3460965342011124157 0.9381989032922575245 -8.293018722264455366e-05 110.5842624959663709 -0.9381989064091341701 0.346096529624622673 -6.47821747628456922e-05 -29.81810617099436556 -3.207671531651170102e-05 0.0001002258971240215516 0.9999999944629267556 0.4945648601069445593
0.3377094102288087929 0.9412504179223640799 -7.075392337468677578e-05 111.2308355479552375 -0.9412504201070049925 0.3377094067171563796 -5.714337773015533254e-05 -31.7654174573576995 -2.989196268422761809e-05 8.589501649237558391e-05 0.9999999958642582509 0.4945377851515955214
0.3374520622335596132 0.9413427129056080034 -5.055749930720048862e-05 111.9006620953273625 -0.94134271389925539 0.3374520601227451455 -4.593400072296823915e-05 -33.75580534720584325 -2.617890455929802209e-05 6.309245687640328522e-05 0.9999999976670033153 0.4945132731034158624
0.3410365728689213616 0.940050028432339535 3.52300327623143736e-06 112.6198996071491081 -0.9400500282229777849 0.3410365728685106901 -2.015719415396341122e-05 -35.77074499187160939 -2.015024390107999518e-05 3.562541083670135874e-06 0.9999999997906380278 0.4945143427858941787
0.3504208943217029248 0.9365923318649734819 2.677203633572647459e-05 113.3734507371869711 -0.9365923321201251595 0.3504208946024681137 -6.482584509618537355e-06 -37.85280396117218515 -1.545301986547043666e-05 -2.280285088590624506e-05 0.9999999996206170305 0.4944867489161324792
0.3643078944369592675 0.9312785608336326959 -1.359338549190377414e-05 114.1232956268386118 -0.931278560734266514 0.3643078940190414006 -2.596837941810905203e-05 -39.94490946538020637 -1.923161737053387209e-05 2.211971410415758421e-05 0.9999999995704315081 0.4943961961023298213
0.3828764118284174178 0.9237995731670505251 -4.340511659719731259e-05 114.8976723990843141 -0.9237995739915226823 0.3828764103589051282 -3.854858410248148131e-05 -42.00183706792626026 -1.89923703061218907e-05 5.485697178376733893e-05 0.9999999983150009708 0.4943392871064986038
0.4019876487273252308 0.9156450874752924962 -6.36810299899193366e-05 115.7096542081386019 -0.9156450895222466579 0.4019876463514127085 -4.708376916619377308e-05 -44.02992117955025719 -1.751303457396457129e-05 7.723631606632693684e-05 0.9999999968639226022 0.4943046715711474359
0.4218844961063835663 0.9066495843464922322 -5.613936788079916654e-05 116.5839678880956711 -0.9066495859455590001 0.4218844941487058797 -4.3633358468330493e-05 -46.05519931592060345 -1.587583749873428267e-05 6.930697209521278731e-05 0.9999999974722507678 0.4942816882638403908
0.4423037011783019778 0.8968653371827380871 -5.372431204695076801e-05 117.4936272149310952 -0.8968653386765761404 0.4423036993675085182 -4.252763616054722217e-05 -48.04257201530202792 -1.437910078037325097e-05 6.69936041953287921e-05 0.9999999976525490997 0.494251041055591589
0.4632685502115680976 0.8862179455429405328 -5.817863886847852338e-05 118.4601310516149226 -0.8862179473553833953 0.4632685481900756241 -4.522503008343315551e-05 -50.05319773606472467 -1.312689968338305314e-05 7.251028803797980181e-05 0.9999999972849711316 0.4942114401668432633
0.4824566172503484407 0.8759198649915507229 -5.086027329881056842e-05 119.4424490754318526 -0.8759198664009790747 0.4824566156809348416 -4.039830157875273569e-05 -51.96617771930317531 -1.084779953639747841e-05 6.403995171535588468e-05 0.999999997890604897 0.4941923415481691007
0.5014964080324921802 0.8651597246841272737 -5.930620669418856366e-05 120.4425358315568673 -0.8651597266684042387 0.5014964061008598817 -4.495782972216030534e-05 -53.85266810283046368 -9.153854068209762171e-06 7.385553169188386984e-05 0.9999999972307836993 0.4941515916388579677
0.5241159806047016589 0.8516468963550211102 -5.297041422697006276e-05 121.5215074341127917 -0.8516468979707806364 0.5241159790360581106 -4.120745125713267445e-05 -55.74605498094427958 -7.331557457323904949e-06 6.670957268447890093e-05 0.9999999977480406033 0.4941444561456996842
0.5477861382755870867 0.8366183979549897121 -5.402387262970789435e-05 122.6139328098658581 -0.8366183996816441981 0.5477861367029118744 -4.186235312188893453e-05 -57.56511815790762654 -5.429286325902921131e-06 6.812898261983969849e-05 0.9999999976644823318 0.4941267282774934877
0.5677187766476430308 0.8232225632050693687 -4.554131984136121716e-05 123.7573500974983887 -0.8232225644507243922 0.5677187754461987534 -3.724613156911874083e-05 -59.33432732982538482 -4.807193567261934315e-06 5.863597035755329864e-05 0.9999999982693569267 0.4941322646889188541
0.5840436884589499389 0.8117222234378168588 -4.416633048705943489e-05 124.9096269969588349 -0.8117222246323752 0.5840436873633934045 -3.593148349677446939e-05 -61.0487330655906888 -3.371317160448543978e-06 5.683634819006262755e-05 0.9999999983791318936 0.4941210923371662234
0.5991682737479835374 0.8006231182907448396 -4.684547308330997648e-05 126.0791764336821359 -0.8006231196566838682 0.5991682725215580207 -3.843129147217206666e-05 -62.73163113884313447 -2.700659235608929731e-06 6.053237937103978666e-05 0.9999999981642687663 0.4941068447106000128
0.6089438521944096072 0.7932133271386120343 -5.026488955877774574e-05 127.2844095495911603 -0.7932133287247402631 0.6089438507106205156 -4.263063814907804472e-05 -64.42293830076437189 -3.206694920806263064e-06 6.5830445380905074e-05 0.9999999978280348367 0.4940987547296560867
0.6195640086642076882 0.7849461359952731865 -5.250010126200560523e-05 128.4930106343360023 -0.7849461377444142407 0.6195640069998091803 -4.552692243780785708e-05 -66.08366986996497872 -3.209008745529860574e-06 6.941659428451463904e-05 0.9999999975855193846 0.4940949202988222377
0.6304099088786797589 0.7762624196539892329 -5.121270468152610026e-05 129.7065632160145867 -0.7762624213376511095 0.630409907249819712 -4.54149029011571972e-05 -67.69636203940095243 -2.96888600610999392e-06 6.838450293898412104e-05 0.9999999976573726856 0.4940905945773466645
0.6430796317857138122 0.7657993112609643438 -4.535213520014804236e-05 130.9519424450309657 -0.7657993126033693088 0.6430796305888015763 -3.924551526390203561e-05 -69.27704975244888885 -8.891542082532569311e-07 5.996862546651917302e-05 0.9999999982014866617 0.4940977386105045444
0.6595239480179997393 0.7516835504649843624 -4.419659449475486497e-05 132.193083803278256 -0.7516835517615767515 0.6595239470336941023 -3.60892100189551276e-05 -70.79129607380392031 2.021046926103686125e-06 5.702355139813552434e-05 0.999999998372114951 0.4940985324493005759
0.6785321260338270655 0.734570726462381085 -4.203305077932042094e-05 133.4705316130329891 -0.734570727646420063 0.6785321253125263796 -3.171920099265006021e-05 -72.26447493636835873 5.220778762684399965e-06 5.239874558180144599e-05 0.9999999986135573726 0.4941074875487996287
0.7003806358197965931 0.7137695449549766868 -4.081244969418150475e-05 134.7543896761056033 -0.7137695460755185684 0.7003806352804807789 -2.866166981059351421e-05 -73.66151272675830342 8.126422425806373838e-06 4.920476221804642269e-05 0.9999999987564263115 0.4941166799810624566
0.7281652006340302297 0.6854016627345802526 -3.6173308576152634e-05 136.0973999645294725 -0.685401663578806275 0.7281652004496650399 -2.0487488000330428e-05 -75.00162273480549402 1.229798614960053141e-05 3.971152168549240547e-05 0.9999999991358773377 0.4941495451021103436
0.7636860024117219092 0.6455878627110588353 -3.525341415507484815e-05 137.450580193278455 -0.6455878635044972613 0.7636860023229103955 -1.881444190100333824e-05 -76.22319261530553547 1.47761635893528765e-05 3.712750224859880864e-05 0.9999999992016067596 0.4941716269919259052
0.8056760337945011452 0.5923564190069019464 -3.785121257583591543e-05 138.826528823058851 -0.5923564199453277279 0.80567603371374652 -2.123849301322002018e-05 -77.31850250451819306 1.791505715294124441e-05 3.953275358667505002e-05 0.9999999990581061038 0.494185853344139725
0.8511552199707941302 0.5249140786723625052 -3.911836773717500114e-05 140.1855770014423115 -0.5249140796697221445 0.8511552199817195019 -2.15544001459545221e-05 -78.23078670258672673 2.198159480271182631e-05 3.887992219650941478e-05 0.9999999990025805197 0.4942064402897354269
0.8934493951542309409 0.4491638639090376195 -4.073174938096408188e-05 141.5384878904079642 -0.4491638650198623295 0.8934493952079659573 -2.3773339042150089e-05 -78.97915870251172521 2.571363202799308853e-05 3.953550536897966933e-05 0.9999999988878764956 0.4942331804150743579
0.9318066439729655315 0.3629550609396238747 -4.459132088634144495e-05 142.8815083150931855 -0.3629550625500369554 0.9318066437320902118 -3.5612770524993911e-05 -79.58484190785593171 2.862465375855447952e-05 4.93688618469647383e-05 0.9999999983716723051 0.4942493675162689115
0.9639959093927824574 0.2659170636955510147 -4.372358041694232692e-05 144.1872331955875666 -0.2659170651786652573 0.9639959094278828244 -3.248549711047791545e-05 -80.0024002061669961 3.351090466316487848e-05 4.294273251266843169e-05 0.9999999985164704785 0.4942957633805583062
0.9874788013900918093 0.157751751268739776 -4.217897694907957857e-05 145.4606940668208495 -0.1577517524108960623 0.9874788017853234345 -2.526155561168954466e-05 -80.2528571415886347 3.766579098069118922e-05 3.159905818529642492e-05 0.9999999987913938959 0.4943436561353351522
0.9994149243179407671 0.03420244342468230919 -4.377875332322518393e-05 146.5488852837366665 -0.03420244467166812241 0.9994149248402292018 -2.805910520302733706e-05 -80.33418825818553444 4.279344950387630874e-05 2.954002889124487379e-05 0.9999999986480536673 0.4943760183316122658
0.9945647998291320402 -0.1041194360771958288 -4.443015027371346239e-05 147.628871025670378 0.1041194353316836491 0.9945648007222607223 -1.878121447362251516e-05 -80.25148148402213621 4.614415301287436128e-05 1.405309265530550732e-05 0.9999999988366138348 0.4944331250277672618
0.9665475945346950759 -0.2564873204610680357 -4.409227953045820558e-05 148.7201644498816506 0.2564873201973373873 0.9665475955404007058 -1.163149043011242896e-05 -79.99549129966985106 4.560061657544769141e-05 -6.672152208063124339e-08 0.9999999989602896822 0.4944898265351288513
0.9093243814816888149 -0.4160879320992774133 -4.479423817031667835e-05 149.7266593956424572 0.4160879321061041747 0.9093243825310973749 -9.609234492584106736e-06 -79.56900018788552131 4.473077947425049247e-05 -9.900430719073844598e-06 0.9999999989505694575 0.4945313282377283848
0.8189314080593945722 -0.5738914066607069264 -4.750879251280567216e-05 150.6343645529873072 0.5738914072067015093 0.8189314090508236221 -2.564586871796453535e-06 -78.95204006686462606 4.037823676217401961e-05 -2.516466705185435368e-05 0.9999999988681688157 0.4945744567401791358
0.6973713434456819682 -0.716709987935775561 -5.035968544134715138e-05 151.3891859692370474 0.7167099886678321985 0.6973713444951434859 -4.79836668300191179e-06 -78.2021589507259165 3.855843887207049302e-05 -3.274704616191348108e-05 0.9999999987204388763 0.4946029049732172389
0.5455561868498401967 -0.8380742474725432212 -5.210974279026460437e-05 151.9176990201161175 0.83807424833842592 0.5455561879421182425 -8.501718205370716811e-06 -77.39554389335160067 3.555386371849072102e-05 -3.903366855426581206e-05 0.9999999986061477442 0.4946343962524512583
0.3681085271078270438 -0.9297828293841242653 -4.954988661921082521e-05 152.2874081369731982 0.9297828301637138804 0.368108528188513251 -1.448701599600835297e-05 -76.48744436625338494 3.170951455740712426e-05 -4.073783969462282082e-05 0.9999999986674674712 0.4946606478943174068
0.1733439894926184222 -0.9848613402427478514 -4.24767491323896438e-05 152.4696248859236221 0.9848613407676822806 0.1733439904779943974 -2.070460991509102768e-05 -75.55691950904311227 2.775425906732094611e-05 -3.824468841840745256e-05 0.9999999988835223119 0.4946710877818478735
-0.03126312128389237277 -0.9995111882240689249 -4.318253664269704379e-05 152.4438547825013472 0.9995111889303593955 -0.03126312032780360906 -2.264115028315233244e-05 -74.61796093852578338 2.128006218315288639e-05 -4.386926156807994951e-05 0.9999999988113232874 0.4946967057164347592
-0.2349957057841695063 -0.9719964073924173276 -4.776469992635144096e-05 152.2182711294882438 0.9719964084965182494 -0.2349957048959943617 -2.350610487078285603e-05 -73.69552525756830619 1.16233501578517398e-05 -5.195095048567383944e-05 0.9999999985829980398 0.4947176939064280576
-0.4304142248768942358 -0.9026314821451418835 -4.966205071381461057e-05 151.7964805797545296 0.9026314835105844203 -0.4304142241546109471 -2.496194670557984248e-05 -72.80823363134605586 1.156185924172128123e-06 -5.557050745268884919e-05 0.9999999984552906396 0.4947262933711583099
-0.6058040437756705421 -0.7956138876171170438 -4.876531216677708574e-05 151.1959369452265776 0.7956138890580419787 -0.6058040433081122167 -2.552868072673166347e-05 -72.01616105731216066 -9.231250365084685798e-06 -5.426373768065102582e-05 0.9999999984851154489 0.4947153135225311194
-0.74564723430310198 -0.6663409033653650004 -4.98055949456097471e-05 150.4342211078235323 0.6663409049908779469 -0.7456472339449596864 -2.912733254484725412e-05 -71.34760004506846087 -1.772867102562005566e-05 -5.49062201643587755e-05 0.9999999983355007949 0.4947094094759704186
-0.8432682530859838543 -0.5374929312126897063 -4.728569212619269479e-05 149.4918604133026747 0.5374929326686451736 -0.8432682530829151979 -2.599962786826005853e-05 -70.73637325884344307 -2.589990680172083392e-05 -4.734038610752729542e-05 0.999999998544041202 0.4946785306359026135
-0.9057580523230116532 -0.42379517291618235 -4.546647689276889459e-05 148.4625939214707273 0.4237951741898305924 -0.9057580525757793488 -2.301685700146184895e-05 -70.25032536051008947 -3.142719467495445657e-05 -4.011617706281025536e-05 0.9999999987015119052 0.4946418055570224737
-0.942308810235034211 -0.334744834516084333 -4.382312926362255537e-05 147.367634605994823 0.3347448354781717983 -0.942308810765438154 -1.663581474640330113e-05 -69.85206938143240052 -3.572616776609922694e-05 -3.034564099646371379e-05 0.9999999989013916846 0.4945903458482409643
