0.9999727208254474142 0.007386311999347235611 0 -0 -0.007386311999347235611 0.9999727208254474142 -0 0 -0 0 1 0.4949999999999998845
0.9999882438423908226 0.004848933366477255376 4.944801840795894575e-06 -0.0007129397835035585808 -0.004848933404067293229 0.9999882438254131811 7.618493697532112337e-06 0.000471347582310417386 -4.907802140550208437e-06 -7.642381148141591399e-06 0.9999999999587535493 0.4950010336351117757
0.9999849416134088953 0.005487854637271369698 3.740813937826698742e-07 -0.006203800109619086144 -0.005487854642883627752 0.999984941466167121 1.716267037059500582e-05 0.003321408038781922638 -2.798895204849114394e-07 -1.716446483278330479e-05 0.9999999998526512002 0.495011798924537616
0.9999913367094749317 0.004162512247138652581 -1.498367621929293864e-07 -0.01133786900310324725 -0.004162512246713340018 0.9999913367057482461 2.734805832799074826e-06 0.003193006491951811288 1.612191268855035588e-07 -2.734158443023982609e-06 0.9999999999962490005 0.4950015279288089154
0.9999977111225107906 0.002139568173278675375 -6.249830978193718554e-08 -0.0006653761893124393893 -0.002139568173341548692 0.9999977111219880976 -1.024247143594327962e-06 0.003509849614660867125 6.030672014091016644e-08 1.02437851861259571e-06 0.9999999999994733102 0.4950000168738606376
0.9999991022879615166 0.001339934851612656786 3.115491001475725399e-07 -0.003635105645591837388 -0.001339934851735984783 0.9999991022879314295 3.96053543994151973e-07 0.006071953634184120742 -3.110181345194833436e-07 -3.964706439494321953e-07 0.9999999999998727684 0.495001716634464628
0.9999999880336569724 0.0001547061607614510321 9.603499725236621826e-07 0.01233210669395975491 -0.0001547061596270643937 0.999999988033420717 -1.181161337813384831e-06 0.005192661245266335344 -9.605326939673733141e-07 1.181012751623054552e-06 0.9999999999988410382 0.4949995978505164484
0.999999948818565576 0.0003199435579785218356 1.103878903572161809e-06 0.01635807741174424498 -0.0003199435549893127491 0.9999999488155117966 -2.707008695257423446e-06 0.004672216078374994731 -1.104744937064129123e-06 2.706655377768147581e-06 0.9999999999957265295 0.4949977126155465923
0.9999999981928389126 -6.013570185399067609e-05 5.022669040485028563e-07 0.02277896427636265375 6.013570075390431159e-05 0.9999999981905669522 2.190015104586751098e-06 0.01024880687405200878 -5.023986012350409023e-07 -2.189984896456807461e-06 0.9999999999974755749 0.4950046283806956438
0.9999999249629129006 -0.0003873962742144240919 7.265128767206281713e-07 0.01698698104636625281 0.0003873962731261703643 0.9999999249620560304 1.497487888740685591e-06 0.0128856254020464165 -7.270929434333616596e-07 -1.497206327992743805e-06 0.9999999999986146637 0.4950014598860980053
0.9999998227868872602 -0.0005953384760904844707 7.249972069266387676e-07 0.00449605194685721854 0.0005953384762971015293 0.9999998227871094159 -2.847803689450460391e-07 0.01369955760119300273 -7.248275377369232948e-07 2.852119372107132989e-07 0.999999999999696465 0.4949989600270087164
0.9999990519621146934 -0.001376980915414186815 8.141441007844964582e-07 0.001551825065362431562 0.001376980916424841916 0.9999990519616732687 -1.242088504525759862e-06 0.01181234901745940868 -8.124329967786860624e-07 1.243208387868809157e-06 0.9999999999988969934 0.494997855615472937
0.9999996918825847514 -0.0007850070059276712236 9.842662877334219428e-07 0.00305157971984135884 0.0007850070085404151207 0.9999996918795374112 -2.656916969465825307e-06 0.01115337982507341903 -9.821802860256237553e-07 2.657688806757583125e-06 0.9999999999959857666 0.4949954176176468157
0.9999992483047931424 -0.001226128802382382916 4.910241454301285849e-07 -0.005123747714654030942 0.001226128802564554685 0.9999992483048447678 -3.708288412532307405e-07 0.01091645411630456572 -4.905690924066411618e-07 3.714306213504370261e-07 0.9999999999998104849 0.4950003522441101533
0.9999995120972551277 -0.0009878293099573171553 8.593700269884914597e-07 0.004194271195079894363 0.0009878293121055596766 0.9999995120944898952 -2.502940999693914764e-06 0.007377248172084249073 -8.568971292165278444e-07 2.50378868940473607e-06 0.9999999999964981345 0.4949969081696352635
0.9999991875813520892 -0.001274691336903163025 9.295409676028297599e-07 0.002953791476139813656 0.001274691340471247004 0.9999991875743756697 -3.848085855031378006e-06 0.0005324710185467261851 -9.246350907168602123e-07 3.849267606596688285e-06 0.9999999999921638238 0.494994627645163221
0.9999985951800635098 -0.00167619807256478735 3.917767560725154599e-07 0.000625704798932233343 0.001676198072334501073 0.9999985951799681416 5.874433171770389783e-07 0.001294079664986535734 -3.927608770526753208e-07 -5.867857964816403761e-07 0.9999999999997505329 0.4950023075859696919
0.9999980252487096211 -0.001987335107664939694 2.887182071673092976e-07 0.01057866610098954704 0.001987335106641446771 0.9999980252426176053 3.50308335353650139e-06 0.001673739848402260814 -2.95679437552463721e-07 -3.50250265598909935e-06 0.999999999993822275 0.4950069938310530104
0.9999973023947880124 -0.002322757979074544041 8.660887012986153721e-07 0.01726480746548285372 0.002322757978918310075 0.9999973023951470585 1.81377239778761685e-07 -0.003412393834954249947 -8.66507660364448555e-07 -1.793650360531907739e-07 0.9999999999996083133 0.494999811330591899
0.9999976591162295092 -0.002163738461193225656 4.064790135503052263e-07 0.01113373135588490749 0.002163738459744945358 0.9999976591100837586 3.530321493417083086e-06 0.0009148663712080464709 -4.141167544233516556e-07 -3.529433715070099225e-06 0.9999999999936856065 0.4950055015716685047
0.9999975244944470099 -0.002225085696346567558 9.242768520398189967e-07 0.02009581110162653866 0.002225085694640002113 0.9999975244931789131 1.843346519047200353e-06 0.00105411433893848089 -9.283761679591181947e-07 -1.841285360631291851e-06 0.9999999999978737009 0.4950012212441101678
0.9999969272956360511 -0.002478991901408395242 8.196379752831360745e-07 0.01734209401639217468 0.002478991900542307659 0.999996927295416449 1.056028822107893021e-06 0.001315731045986902759 -8.22253343675424917e-07 -1.053993701341424908e-06 0.9999999999991062705 0.4950007908872454676
0.999996514877721121 -0.002640120097630134586 7.171341956635573925e-07 0.02006516511938224653 0.002640120095868398863 0.9999965148749899724 2.446600727408470834e-06 0.005349049320324514994 -7.235910161125343249e-07 -2.444698880304365865e-06 0.9999999999967497111 0.4950027493415086188
0.9999951123318081558 -0.003126549890249042622 7.147168053673500241e-07 0.02630985645829474195 0.003126549887731502192 0.9999951123259573915 3.496849665859227447e-06 0.0109509528280257503 -7.256463870035484452e-07 -3.49459797667077072e-06 0.9999999999936304285 0.4950040826653933634
0.9999955165916676325 -0.002994461282414497515 6.513540733444003908e-07 0.01621115212478688866 0.002994461281724514722 0.9999955165913224642 1.057744872892153954e-06 0.01056656808950450464 -6.545185291264551614e-07 -1.055789676036647458e-06 0.999999999999228284 0.4950013558710423256
0.9999940813046652721 -0.003440546094348792723 6.661468246685514448e-07 0.006583907298254279734 0.003440546093460821169 0.9999940813040062437 1.329620162355060352e-06 0.01208695924035564813 -6.707175014045764471e-07 -1.327320383883119426e-06 0.9999999999988939958 0.4950023712509636908
0.999992063939754483 -0.003983975336176157067 5.128341567664206181e-07 0.005795306609482391708 0.003983975333670996058 0.9999920639283920165 4.796664319739829932e-06 0.01992761636897328464 -5.319398792236309605e-07 -4.794583134491987046e-06 0.9999999999883643076 0.4950080611879275616
0.9999912972211757456 -0.004171987896298428103 1.065825233335106749e-06 -0.0006595179341539775687 0.004171987897865601577 0.9999912972206530526 -1.47239710216249517e-06 0.01549248210978245756 -1.05967313480451438e-06 1.476830898190885914e-06 0.9999999999983477661 0.4949974223759905922
0.9999905727842074432 -0.004342158833488573774 1.268834788345405231e-06 0.006613078761752982405 0.004342158838089183598 0.9999905727783462428 -3.6458612563118218e-06 0.01406814428222843971 -1.252991918098818273e-06 3.651336368181308128e-06 0.9999999999925486271 0.4949954680667185136
0.9999899978884916329 -0.004472597063967210032 8.428712171592704609e-07 0.001911002323552748582 0.004472597064812595426 0.9999899978883393104 -1.00375710347897443e-06 0.01598424248829858826 -8.383733855932870815e-07 1.00751688712037783e-06 0.9999999999991407984 0.4950000193382759206
0.9999876013761347382 -0.004979668171505436183 1.067182940733971706e-06 0.009990101968154186524 0.004979668175105106225 0.9999876013709152467 -3.397351229134183441e-06 0.01059080959018717308 -1.050252027345397661e-06 3.402623323581138554e-06 0.9999999999936592943 0.494996051689409744
0.9999860564400696594 -0.005280807376764678693 1.058198636302084574e-06 0.008366068912302987437 0.005280807382114917174 0.9999860564275010466 -5.118618707845630889e-06 0.003246064694317331387 -1.031153441801434577e-06 5.124135479249249022e-06 0.9999999999863397049 0.494994899169381275
0.9999853816890139635 -0.005407070377797186696 6.625933359541275384e-07 0.005326403722413284962 0.005407070378923434228 0.9999853816877655177 -1.709886626131573979e-06 0.001258641536184740501 -6.533381726323055808e-07 1.713444319277234432e-06 0.9999999999983184562 0.4949997704069887261
0.9999842686451269058 -0.005609141087415236288 8.745859726180765517e-07 0.01090609190641632364 0.00560914108931428318 0.9999842686431131833 -2.184221667574278722e-06 -0.004628886521904366537 -8.623206066944053225e-07 2.189092982923252454e-06 0.9999999999972318809 0.4949986889950736546
0.9999841498017431052 -0.005630288359190938931 7.138741076813379981e-07 0.01273454836660076021 0.005630288359332860995 0.9999841498019778063 -1.969215281478858941e-07 -0.00719637077354058196 -7.127540676477615734e-07 2.009377239811370796e-07 0.9999999999997255529 0.4950020232366639239
0.9999837139735400227 -0.005707170003195634854 6.875469250662011851e-07 0.01095830077023820202 0.005707170002735989511 0.9999837139735553437 6.686784519181824662e-07 -0.01001352511169874976 -6.913519892613652198e-07 -6.647436146170134106e-07 0.9999999999995398126 0.4950033129477336979
0.9999821411925402526 -0.005976395061474391347 5.330848649943126753e-07 0.01508902717525952876 0.005976395058246935718 0.9999821411755120959 5.863330020138344509e-06 -0.004360312667663669879 -5.681169213014212095e-07 -5.860039382303666113e-06 0.9999999999826684194 0.4950111914662907453
0.9999817281119764978 -0.006045117400215137965 1.873954003597912071e-07 0.006518884073989885362 0.006045117398483140607 0.9999817280786509333 8.167375547054842269e-06 0.001328063807142647193 -2.367647203194012811e-07 -8.166093486488289852e-06 0.9999999999666292494 0.4950142925757535783
0.9999795441799693707 -0.006396188181967283823 7.706695276741737288e-07 0.0113157511049236173 0.006396188177175299305 0.9999795441618877234 6.067779545025267389e-06 0.004778807668135507357 -8.094644227997994754e-07 -6.062726076297486156e-06 0.9999999999812938523 0.4950087418031761111
0.9999792985507935938 -0.006434475142199171972 1.318982116862008618e-06 0.009574643204337342922 0.00643447514392721763 0.999979298550794149 -1.310089262806683656e-06 0.0009521435687075205509 -1.31052507522511658e-06 1.31854909970659221e-06 0.9999999999982717158 0.4949974913955436095
0.999978375251460716 -0.006576399452162084817 1.38817701383964073e-06 0.01025708177557109295 0.006576399457748171098 0.9999783752441514517 -4.058569884624310724e-06 -0.002385605647562723773 -1.36145621808486551e-06 4.067611325632191644e-06 0.9999999999908002479 0.4949942236173563992
0.999977738714422193 -0.006672486524357360525 1.185660340421411656e-06 0.01518057027111271128 0.006672486530936902992 0.9999777386992055872 -5.634756109708593624e-06 -0.008544407871162682314 -1.148036111869870308e-06 5.642541975445401355e-06 0.9999999999834215947 0.4949924519260780476
0.9999773531875502108 -0.006730015903056284915 4.456096278268892876e-07 0.02143600669192610025 0.006730015901458998376 0.9999773531815563388 3.493937568768211903e-06 -0.001290669119542686878 -4.691137915886460602e-07 -3.490859482338263547e-06 0.9999999999937967399 0.4950083089325192365
0.9999742225931192996 -0.007180121963360546963 3.327231461309383841e-07 0.005500614156041935474 0.007180121961785800554 0.999974222582995842 4.514379364488268362e-06 -0.001209842004313079226 -3.651283638135430964e-07 -4.511874002725848241e-06 0.9999999999897546399 0.4950086969408798443
0.9999720726676969429 -0.007473545763104393752 7.935705938004356121e-07 -0.001599337337745785704 0.007473545760406754765 0.9999720726624218292 3.349622809733474336e-06 0.000176427601729634649 -8.185819908442500015e-07 -3.343598477557297212e-06 0.9999999999940749618 0.4950051571945974227
0.9999719802419430037 -0.007485902122231790669 1.629669826687572918e-06 0.0006468107073153463171 0.007485902129759318749 0.9999719802323425721 -4.663008347804065476e-06 -0.009926746778569011526 -1.594717339630833992e-06 4.675077240264757888e-06 0.9999999999878000922 0.4949919915526818093
0.9999705820097614106 -0.007670405228666168397 9.589138628199667856e-07 -0.006412243316351324239 0.00767040523092429264 0.9999705820073863105 -2.373783143632335914e-06 -0.01233345578830378174 -9.406777748623795978e-07 2.381068569612375356e-06 0.9999999999967226216 0.4949985738351525555
0.9999686584383599142 -0.007917205511045632971 3.39441588860694706e-07 -0.008968154959001351303 0.007917205509240597683 0.9999686584258071775 5.024778886035081149e-06 -0.006578771700978698449 -3.792131573152468523e-07 -5.021933972800504719e-06 0.9999999999873179224 0.4950106705772148175
0.9999679274347714752 -0.008009001390615524268 8.747208679384747683e-07 0.007310114911622313597 0.008009001386453145493 0.9999679274243168381 4.662671262100306906e-06 -0.004422996682997155579 -9.120361540094073376e-07 -4.655516077628031226e-06 0.9999999999887470015 0.4950074587707211093
0.9999667830114608025 -0.008150636487895237398 8.859652271790388717e-07 0.006180371612683527652 0.008150636484989726496 0.9999667830066437668 3.235089026155309374e-06 -0.003311995823552584504 -9.123038327361481426e-07 -3.227760385735126355e-06 0.9999999999943743889 0.4950056636688976996
0.9999663393723776661 -0.008204884098689937261 1.16881780321313999e-06 0.01689736039183793379 0.008204884098751160856 0.999966339373059232 -4.757721323674705362e-08 -0.005085929339487548634 -1.168388094552757942e-06 5.716562636581763851e-08 0.9999999999993155475 0.4950000782882882921
0.9999660552860376583 -0.00823943429635443092 6.24068152324333861e-07 0.002982156692727471869 0.008239434296520948761 0.9999660552861960872 -2.646958717139512981e-07 -0.00679625017788888959 -6.218660242660044758e-07 2.698288552259296312e-07 0.9999999999997699618 0.4950016658717275586
0.9999642004915421101 -0.008461544616334051166 4.993721102188917185e-07 0.005170655741737604193 0.008461544615422998683 0.9999642004900558545 1.799186203203279116e-06 -0.004702463232725288302 -5.145781272735700174e-07 -1.794896333831263838e-06 0.9999999999982565058 0.4950052163318739984
0.9999638029134565453 -0.008508399631502204519 8.950723106632803153e-07 0.007243985170544889503 0.008508399630635996372 0.9999638029133967043 9.671777629335120899e-07 -0.005204514888084497796 -9.032690465750725267e-07 -9.595271209988877419e-07 0.9999999999991314725 0.4950027114202117939
0.9999627036414594494 -0.00863662711099821151 6.639180292542885839e-07 0.008216303969024445208 0.00863662710862012073 0.9999627036355575038 3.505029690762529791e-06 -0.0006371562606249984127 -6.941649019776032951e-07 -3.499164953469129749e-06 0.9999999999936367567 0.4950068910833099745
0.9999624293169082634 -0.008668330613377382005 1.112263044752166434e-06 0.01094318952666902683 0.008668330613944846483 0.9999624293173937639 -5.063682705943457857e-07 -0.003162844077695974813 -1.107831888688704127e-06 5.159907097941032161e-07 0.9999999999992530419 0.4949995747779060151
0.9999608987419977835 -0.00884313231085373172 5.112585695825655812e-07 -0.006229082355521533589 0.008843132309841066074 0.9999608987402356375 1.950219271970421618e-06 -0.001004645049988753995 -5.284846257856408728e-07 -1.945621888768149028e-06 0.9999999999979674037 0.4950050610777806948
0.999960179465074317 -0.008924095809154153347 6.308398019654946563e-07 -0.002991555940427754242 0.008924095806451476723 0.9999601794566251867 4.164593430199606701e-06 0.003549855486693678612 -6.679799123590656059e-07 -4.158797919030206537e-06 0.9999999999911288739 0.4950072415630946687
0.9999605252674513833 -0.008885263543237287634 9.179899110162682981e-07 0.01205951674793745085 0.008885263538793715388 0.9999605252566955427 4.73627268759408392e-06 0.008054035671637402999 -9.60036704642054224e-07 -4.72792914221113749e-06 0.9999999999883623092 0.4950080884393164293
0.999960009087118129 -0.008943166533613816985 1.036918622145400591e-06 0.006947410739778607514 0.008943166533334214255 0.999960009087620838 2.739904084092579227e-07 0.004819854683732630561 -1.039327496674653854e-06 -2.647061153633482112e-07 0.9999999999994246824 0.4950006604504967322
0.9999574564659839959 -0.009224167163844818051 6.6752614314459004e-07 0.003523800878308394873 0.009224167162635242209 0.999957456464610428 1.793005997155973571e-06 0.00709517730458067257 -6.84036731266043602e-07 -1.786772343614546471e-06 0.9999999999981695753 0.4950039167947237195
0.9999564883183970077 -0.009328529984472481301 7.078381808443271333e-07 0.003977461834629496436 0.009328529982735641463 0.9999564883157386896 2.418614523546374658e-06 0.008834315398942542766 -7.30369499716666666e-07 -2.411906195868378036e-06 0.9999999999968244291 0.4950044584522720892
0.9999561696114175335 -0.009362630922775224546 7.06066040427023882e-07 0.0007073059547916734366 0.009362630920996102557 0.99995616960860223 2.482353917356247828e-06 0.01086840980000329526 -7.292764568240325995e-07 -2.475634479077083693e-06 0.9999999999966694419 0.4950043210439671326
0.9999557392537127276 -0.00940848209206087728 7.188404729819320116e-07 0.003891320985385342095 0.009408482088742332189 0.9999557392439294423 4.488306586021251042e-06 0.01829490010034302838 -7.610368086973574665e-07 -4.481344732507476747e-06 0.9999999999896689307 0.4950061974167396239
0.9999536861647909669 -0.009624215616309564347 1.204191813558632731e-06 0.006372593783561469362 0.009624215617396765857 0.999953686165100275 -9.00313784955765622e-07 0.0155921349053824293 -1.195471228829044566e-06 9.118614896298821435e-07 0.9999999999988694599 0.4949964803946960701
0.9999547885246936607 -0.009508990841089942636 1.397108675542646317e-06 0.004684171732349756354 0.009508990850918878912 0.9999547884996150549 -7.20555442901626712e-06 0.007128015456341247474 -1.328527959092750061e-06 7.218513748883603496e-06 0.999999999973063769 0.4949875917882529675
0.9999526629461197302 -0.009729946951434339034 1.23233627592572106e-06 0.006030583948220870696 0.009729946960013448679 0.9999526629211739071 -7.158276496968433105e-06 0.0002516969456401574714 -1.162628290147062939e-06 7.169928211849869353e-06 0.9999999999736199907 0.4949891806729762034
0.9999506494024734682 -0.009934725041357233763 3.960292235649643257e-07 -0.001434677340454315001 0.009934725041407237167 0.9999506494025435233 -1.244360961707430428e-07 0.001980727541254089126 -3.947734408854949849e-07 1.283643966195233695e-07 0.9999999999999136246 0.4950017226086412814
0.999949382805882192 -0.01006140287992844488 6.748989052420773974e-07 0.004456495239379346628 0.01006140287888831857 0.9999493828049541566 1.527275457349697962e-06 0.001444937871449144488 -6.902312774375797954e-07 -1.520407721163240016e-06 0.9999999999986057819 0.4950027871641693999
0.9999488564437796212 -0.0101135798763894065 1.045841495757238425e-06 0.01028574413148059148 0.01011357987531233231 0.9999488564438069327 1.030094652250095128e-06 0.001615438440139830905 -1.056205952249704399e-06 -1.019464768042078727e-06 0.9999999999989223065 0.495000249760101263
0.9999470492593358628 -0.01029070837954802059 9.093667972238686615e-07 0.001871840928136927172 0.01029070837947566527 0.9999470492597465343 8.423226237175804258e-08 -0.0004437486363907475477 -9.101854552270115565e-07 -7.486977369086559379e-08 0.9999999999995827782 0.4949998806649565375
0.9999456210792844191 -0.01042856107363796317 7.282249931107779323e-07 0.0002123572508927731503 0.01042856107285904978 0.999945621078990099 1.065363817964797349e-06 -0.001531959332404739206 -7.392956046626841648e-07 -1.057711545814773386e-06 0.9999999999991671107 0.4950022748838900366
0.9999435987644073043 -0.01062070108835395585 8.428331964740689189e-07 0.003298075795054688456 0.01062070108794852495 0.999943598764649666 4.840876204433186594e-07 -0.004686677254042747112 -8.479270095578933796e-07 -4.75108837856641888e-07 0.9999999999995273781 0.4950011989396416734
0.99994186025452092 -0.01078314019485771859 7.061522330146667533e-07 0.004386601868291169389 0.01078314019153640314 0.9999418602444566373 4.549476317722364712e-06 0.001892439497374943849 -7.551688184436391761e-07 -4.541597273802027987e-06 0.999999999989401589 0.4950068297305150744
0.9999415977792590615 -0.01080745260647642848 1.026481957984435795e-06 0.007944289746133363639 0.01080745260358148205 0.9999415977759384955 2.785154795033378662e-06 0.004152951546268462968 -1.056522437604153595e-06 -2.773898480698893895e-06 0.999999999995594413 0.4950033251616722252
0.9999408291715806696 -0.01087833425957672809 1.27327994353313136e-06 0.01553137288833829517 0.01087833425814312138 0.9999408291717712949 1.127493973899956895e-06 0.005889818008820045178 -1.285469858828043683e-06 -1.113576094317545361e-06 0.9999999999985534904 0.4950010494860850319
0.9999404757150207601 -0.01091077571388441268 1.540084343130955465e-06 0.01417090524911755051 0.01091077572085096502 0.9999404757055961879 -4.589974251287723514e-06 -0.001858074227484186143 -1.489912491108810503e-06 4.606504551211436318e-06 0.9999999999882799306 0.4949921551435855771
0.9999388397546685736 -0.01105969037473327095 1.065265209834670178e-06 0.01493324789638792241 0.01105969037842288206 0.9999388397489915592 -3.522266070594811191e-06 -0.005667979641079807368 -1.026244885788830238e-06 3.533832151329492217e-06 0.9999999999932291939 0.494996188089178113
0.9999378377992202971 -0.01114991208916684372 2.377883563285948439e-07 -0.008277465321977353976 0.01114991208813256168 0.999937837791339823 3.979905370421491642e-06 -9.305773107834917196e-05 -2.821491698825822567e-07 -3.977006651476126414e-06 0.9999999999920516913 0.4950083472925211892
0.9999354739111809831 -0.011359930276792711 6.009199201614474291e-07 -0.01040187521770635781 0.01135993027440329074 0.9999354739040132722 3.840547343952969888e-06 -0.0006426416836834328945 -6.44509495197024059e-07 -3.833473120060406707e-06 0.9999999999924443772 0.4950068813617244934
0.9999351226355090994 -0.0113908086311097171 9.335839419218891943e-07 0.005830809164382545068 0.01139080862731288273 0.9999351226280829286 3.976094165517708911e-06 0.002024865997548101239 -9.788143011879421577e-07 -3.965201930987322538e-06 0.9999999999916593385 0.4950065264155434908
0.9999328767142492413 -0.01158628790957074231 8.215598705890934262e-07 0.007619596956972309737 0.01158628790577129024 0.999932876704560214 4.487756450003130461e-06 0.006371911302113562534 -8.735011630809581022e-07 -4.477936387852083703e-06 0.9999999999895923253 0.4950069850310414021
0.999932210473699179 -0.01164364455288320437 9.697418258711926591e-07 0.002537907017496024865 0.01164364455172097607 0.9999322104734681416 1.195658281314131498e-06 0.006761717137756594748 -9.835979075662971359e-07 -1.184285899078238553e-06 0.9999999999988147259 0.4950016791403202276
0.9999318579139379048 -0.01167388237550919319 1.138345841727577294e-06 0.0002238512201984660507 0.01167388237649761087 0.9999318579141995844 -8.655275709413946096e-07 0.00665772098366777549 -1.128164205411629973e-06 8.787575075472693353e-07 0.9999999999989772625 0.4949989169709867465
0.9999316638447743877 -0.01169049364740467126 1.064659869062095304e-06 0.001073099219374307883 0.01169049364921300946 0.9999316638438605631 -1.70840784674252825e-06 0.004873804600998819965 -1.044614983219519552e-06 1.72073750015657253e-06 0.999999999997973732 0.4949988695012387807
0.9999292471369765067 -0.01189540757293415692 9.927241223246388056e-07 0.002911160033119075067 0.01189540757464704196 0.9999292471359390033 -1.737727920067624525e-06 0.00224641610451138023 -9.719829023896861805e-07 1.749413828886362284e-06 0.9999999999979971577 0.494999369022553648
0.9999278431133087341 -0.01201285012496120658 9.34999668219040293e-07 -0.008350310679223383811 0.01201285012755376469 0.9999278431097426978 -2.81838091765132398e-06 -0.00357567179654549221 -9.010754139918010453e-07 2.82940956294242212e-06 0.9999999999955910823 0.4949974201449035549
0.9999284066587925679 -0.01196584968098736955 6.730203955237506775e-07 -8.272775582114523637e-05 0.01196584967873188556 0.9999284066537285076 3.261043417716556459e-06 0.00139399370174378358 -7.119933670810959894e-07 -3.252756687838902825e-06 0.9999999999944561013 0.4950077882097742021
0.9999269385402028698 -0.01208791064307788814 3.672318203102038715e-07 -0.01329974354093376235 0.01208791064104583826 0.9999269385272538946 5.106856708681391684e-06 0.001670622484732881084 -4.289362173741343634e-07 -5.10204452884682138e-06 0.9999999999868923739 0.4950094942364183792
0.9999243662184670312 -0.01229885538068193652 1.074541436242489658e-06 -0.007403814333096035011 0.01229885537984219158 0.9999243662187469184 7.846537926137966742e-07 -0.002640858168998547195 -1.084110508129811956e-06 -7.713788165562765622e-07 0.9999999999991145971 0.4950015858415842684
0.999923587243181311 -0.01236202555109637558 1.111056326406664341e-06 -0.01189566851049618165 0.01236202555322117765 0.999923587241916878 -1.926321713085248334e-06 -0.00916339119348573948 -1.087158189291587278e-06 1.93990942423073912e-06 0.9999999999975272003 0.4949982365824735497
0.9999222766393186523 -0.01246758526013781558 6.750080661899624177e-07 -0.005287794788625825408 0.01246758525849161504 0.9999222766367097393 2.390437171193504959e-06 -0.007134314335433850941 -7.047585815336632683e-07 -2.381835657767671328e-06 0.9999999999969149123 0.4950058947059697845
0.999919677671933127 -0.01267431286356564615 3.557163061233874536e-07 -0.02046960914376977358 0.01267431286194493911 0.9999196776630326911 4.238745334665322446e-06 -0.007198204778034196678 -4.094109186788924134e-07 -4.233896409018058131e-06 0.9999999999909530146 0.4950090558510188421
0.9999205428748816349 -0.01260586920789300014 7.401978957825918566e-07 -0.01002332814033948631 0.01260586920440733526 0.9999205428648987315 4.538740024867258166e-06 -0.004408925690808101865 -7.973538449004741062e-07 -4.529048551773613619e-06 0.9999999999894257918 0.495008132255614075
0.9999209712148354745 -0.01257184656187359216 1.018529049143223842e-06 0.002811790728635052677 0.01257184655955178101 0.9999209712128411809 2.254794947454065969e-06 -0.005514742833124618333 -1.046795492135667185e-06 -2.24181196282629785e-06 0.9999999999969390041 0.4950048728408285026
0.999920338359301053 -0.01262208133624605384 6.281933088437674744e-07 -0.001170076870829832002 0.01262208133351784729 0.9999203383508278309 4.172381190016450034e-06 -0.001460044826219602035 -6.808074006749765853e-07 -4.164119704247838432e-06 0.9999999999910981208 0.4950075946531458659
0.9999182087701763422 -0.01278967440046906504 8.970579235759407904e-07 -0.00371350121138765317 0.01278967439968513829 0.9999182087702064292 8.742678942873545938e-07 -0.004836738003342992698 -9.081661538118926008e-07 -8.627233080808940496e-07 0.9999999999992152944 0.4950026400903414503
0.9999153375382471287 -0.01301221571330647177 4.860484083782407991e-07 -0.008601742426571997238 0.01301221571139700266 0.9999153375313791781 3.744404487397327872e-06 -0.0007505245388584379316 -5.347302572280226495e-07 -3.737762910159625848e-06 0.999999999992871369 0.4950076684442944464
0.999912723922004254 -0.01321153060231493315 5.042511788024971366e-07 -0.005954727775753390281 0.013211530599695296 0.9999127239102277853 4.886144891204141721e-06 0.003938795823696860862 -5.687606224888506116e-07 -4.879056517762836318e-06 0.9999999999879354284 0.4950097472001514509
0.9999109321539066952 -0.01334645119804422735 1.325155315695184968e-06 0.001883847900612977549 0.01334645119868222395 0.9999109321546640894 -4.737638031688103376e-07 0.001135706349335090367 -1.318714221488086635e-06 4.914077267989100814e-07 0.99999999999900957 0.4949991979221110561
0.9999098505170321838 -0.0134272424542492691 1.146171575923561575e-06 -0.007315486005544124572 0.01342724245738938053 0.9999098505137896664 -2.777375426875637128e-06 -0.001713256756747963362 -1.108775755901745889e-06 2.792514971564592924e-06 0.9999999999954860552 0.4949975062001011339
0.9999087511089918001 -0.01350886588711697547 5.76855030177997478e-07 -0.002247211025405671751 0.01350886588589186171 0.9999087511070168244 2.077372700268144241e-06 0.003398183853944366974 -6.048653420005548926e-07 -2.0693904850747597e-06 0.9999999999976756371 0.4950065195113623751
0.9999078298695426303 -0.01357688356153700579 7.555618193115110883e-07 0.003846614982265094285 0.01357688355859920822 0.9999078298627747108 3.766286076025403092e-06 0.007481323481962156609 -8.066266065885977827e-07 -3.755680762104316537e-06 0.9999999999926219019 0.4950080944309985798
0.9999075714524741088 -0.0135959020777271216 9.699353397683073709e-07 -0.001433764894771127549 0.01359590207884761419 0.9999075714522586145 -1.158118062305549832e-06 0.001506185128106198121 -9.541000302838953775e-07 1.171198165037492133e-06 0.9999999999988588018 0.4950009351430671445
0.9999062949533747968 -0.01368945997501512003 6.63075030008103673e-07 -0.005872291110591840342 0.01368945997487368629 0.9999062949535730827 2.174068091243803342e-07 0.001735862111156498844 -6.659890783434351603e-07 -2.08309297925563815e-07 0.999999999999756306 0.4950037291910532322
0.9999043126689743932 -0.013833492251944959 5.777155528419873565e-07 -0.006472696122574660496 0.01383349225085314833 0.9999043126674395099 1.852977743700060586e-06 0.002312851331014550288 -6.032934260422516821e-07 -1.844808613581881682e-06 0.9999999999981161736 0.4950062107827188917
0.9999031259691286699 -0.01391900424582495979 4.496711619043095852e-07 -0.01237032971661006057 0.01391900424388492138 0.9999031259610040578 4.062492355788261536e-06 0.005475573325481381502 -5.061734487914672148e-07 -4.055839830967476002e-06 0.999999999991646793 0.4950093577009139212
0.9998995547113188609 -0.01417323145472002867 6.853168215086349807e-07 -0.003096352810099812451 0.01417323145163695494 0.9998995547023006303 4.311829235559541722e-06 0.009411523484317535493 -7.46360538405296438e-07 -4.301682978698291122e-06 0.9999999999904689574 0.4950089537074744972
0.9998967623014199946 -0.01436888097396068868 9.625353822038271683e-07 -0.008798175120629896789 0.01436888097405613143 0.9998967623018775175 -9.229458118191916765e-08 0.00667971121220605011 -9.61109842415062361e-07 1.061156092419744231e-07 0.999999999999532263 0.4950018766918144464
0.9998939106501648633 -0.01456596877895412374 6.951594559610780133e-07 -0.01467456386534737346 0.01456596877903050188 0.9998939106503998975 -1.049027048324605739e-07 0.006589170301963342448 -6.935576974231097738e-07 1.150172467046833521e-07 0.9999999999997526423 0.4950035212195897927
0.9998931191463856782 -0.01462020126250364663 9.940938177250170626e-07 -0.01224940262596912327 0.01462020126529521916 0.9998931191427449239 -2.861386219741132147e-06 0.002096633418861948688 -9.521535257032258522e-07 2.875614244031169167e-06 0.9999999999954118923 0.4949983206858878382
0.9998927284357145284 -0.01464689806903381186 7.550872165698967699e-07 0.0004459523046403233862 0.01464689806904517257 0.9998927284359995227 -9.4909729603532631e-09 0.004084120345699497785 -7.548672038696924559e-07 2.054964034317494506e-08 0.9999999999997146727 0.4950034584343856459
0.9998915486446572354 -0.01472721801053899701 9.442819512709477004e-07 0.0005916875713532548844 0.01472721801270452519 0.9998915486423590737 -2.328875219517052047e-06 0.0003032110277287989198 -9.098816895341611362e-07 2.342529296004903037e-06 0.9999999999968420816 0.4949989291307225758
0.9998912225325218284 -0.01474934250937064151 4.389784355368393356e-07 -0.003274434071749031741 0.01474934250904229131 0.9998912225323477454 7.421005682963016577e-07 0.001002138165296695459 -4.498761800324703353e-07 -7.355452011760510874e-07 0.9999999999996280753 0.4950053252459593045
0.9998907623229232877 -0.0147805082196134259 5.345149358522472768e-07 0.0003995762487493489837 0.01478050821875068373 0.9998907623218249441 1.583566084681281908e-06 0.0006248811665410112159 -5.578624582126393263e-07 -1.575492697198284561e-06 0.9999999999986031174 0.4950059609424579676
0.9998916245754249088 -0.01472206186414892065 7.861775977499598294e-07 0.004189977200007903579 0.01472206186358103117 0.999891624575480753 7.233355097033091165e-07 -0.0004888606175065157884 -7.967413855414474093e-07 -7.116829626804950751e-07 0.9999999999994291233 0.4950040097063356792
0.9998910839768503367 -0.01475873251111461081 7.051656057012134718e-07 0.01456115144570077104 0.01475873250978813195 0.9998910839754058255 1.850684434390622574e-06 0.000375391765906026248 -7.324025583964164306e-07 -1.840075514652276438e-06 0.99999999999803868 0.4950063190635605737
0.9998914501746877237 -0.01473390205081616389 3.867386139694643389e-07 -0.001276774171818725314 0.01473390204996738971 0.9998914501725427728 2.112798293799695209e-06 -0.0009530522718875391978 -4.17826396673627177e-07 -2.106870781056816316e-06 0.9999999999976930676 0.4950069306243724543
0.9998892175326964393 -0.01488464523849013059 4.571486426976327313e-07 -0.009031631833278836591 0.0148846452376692976 0.9998892175312827924 1.749376797715979308e-06 -0.003062354201993487245 -4.831368516648769593e-07 -1.742378502070647611e-06 0.9999999999983650856 0.4950058941038627536
0.9998873738512855658 -0.01500798503746613929 3.566341748760437049e-07 -0.007183755288821177046 0.01500798503480026309 0.9998873738298025282 6.570270860106169836e-06 0.004593451967495758986 -4.552005352953535941e-07 -6.564178515443747716e-06 0.9999999999783519833 0.4950145704748580289
0.9998849449156450575 -0.01516894633788740294 5.178707331159969036e-07 -0.01244212866494136781 0.01516894633446055733 0.9998849448973435861 6.080388673795127765e-06 0.009172453781943267631 -6.100442389519322036e-07 -6.071833540804530685e-06 0.9999999999813801166 0.4950123425163671098
0.9998828729694462236 -0.01530491239487354223 1.088173975007552095e-06 -0.01076892086213845391 0.01530491239596498687 0.9998828729695197204 -1.001833012651858754e-06 0.004681789213086876705 -1.072713553928288658e-06 1.018370078285031826e-06 0.9999999999989058752 0.4950012409020785875
0.9998826360686883241 -0.01532038149562244857 1.179881314833455118e-06 -0.005243698799817559167 0.01532038150101602304 0.9998826360582244721 -4.706601700059360695e-06 -0.0009399859457120049704 -1.107635905718672627e-06 4.724125546649891462e-06 0.9999999999882276391 0.4949971631815335837
0.999881670561637792 -0.01538326613083574462 4.989379444329830191e-07 -0.003804948843031859002 0.01538326613055701446 0.9998816705616109246 5.578009918602139183e-07 0.002852036105330813583 -5.074597064920571734e-07 -5.50059692400283668e-07 0.9999999999997197797 0.4950063996073978956
0.9998815572546542185 -0.01539062909061509644 6.597849482247833254e-07 -0.007596192750879822604 0.01539062909178742604 0.9998815572532153695 -1.810157955809485986e-06 -0.002753575039103277333 -6.318473317899387869e-07 1.820098061150162643e-06 0.9999999999981438181 0.4950017050395579821
0.999881098133014512 -0.01542042795692596252 4.18117840555834972e-07 -0.002715975925008825859 0.01542042795583849213 0.9998810981300180201 2.49010434233598236e-06 0.001477155118405046146 -4.564666001789495922e-07 -2.483360708243347058e-06 0.9999999999968121056 0.495008657852352818
0.9998799152477217955 -0.01549693795300470175 7.224998403558289257e-07 0.00209767561480008911 0.01549693795230479114 0.9998799152475285057 9.64505818182096383e-07 -0.0003876013337756692174 -7.373599659610173887e-07 -9.531934605433064458e-07 0.9999999999992736921 0.4950050010213123963
0.9998799884299789387 -0.01549221541780080279 9.726684295934886224e-07 0.005114681988382944328 0.0154922154204153624 0.9998799884266555971 -2.740619567136294805e-06 -0.006652035529329249422 -9.300934294125833796e-07 2.755359449923116078e-06 0.9999999999957712715 0.4949987030203205629
0.9998771752512072286 -0.01567272834166311829 4.770217555985054134e-07 0.008903803408508166595 0.01567272834085474409 0.9998771752499661103 1.653697955911350526e-06 -0.003166575895982608885 -5.028811243427818606e-07 -1.646018608487162474e-06 0.9999999999985186294 0.4950063394640883407
0.9998847380773797644 -0.01518257428150372561 5.907344657240710738e-07 0.03073928451266984621 0.01518257428033316717 0.9998847380756938907 1.938009859388770539e-06 -0.003962375576677544878 -6.200903551812489107e-07 -1.928817610740513679e-06 0.9999999999979473086 0.4950066680260437613
0.9999056590885991858 -0.01373582624488718998 1.482199715746268528e-06 0.1101845469215629592 0.01373582624648302976 0.9999056590891012286 -1.071902439846377042e-06 -0.007388417489620332547 -1.467336418009755793e-06 1.092160553351340639e-06 0.9999999999983267829 0.4950018988113680796
0.9999480646707401554 -0.01019156306502196768 2.401145259137456651e-06 0.2523297225320794146 0.01019156308104689906 0.99994806465061703 -6.75892623417661894e-06 -0.01306664797585589503 -2.332136531852050916e-06 6.78304663049246502e-06 0.9999999999742754664 0.4949938174667610213
0.9999944502177260386 -0.003331595587540957422 2.611824354213435113e-06 0.4474074721170244184 0.003331595612361773831 0.9999944501753837978 -9.557198787652151521e-06 -0.02219021008661476238 -2.579969137736183896e-06 9.565847289838480327e-06 0.9999999999509189275 0.4949934290522922664
0.9999825056402957824 0.005915099426914836866 3.789216589965030573e-06 0.7534393339457510219 -0.00591509936649580511 0.9999825055236012394 -1.576254376623449939e-05 -0.04003175810485729014 -3.88238731320238446e-06 1.573985441797338738e-05 0.9999999998685917824 0.4949882693334655137
0.9998382048884411066 0.01798788569955120029 3.968903424162089022e-06 1.109763316858346283 -0.01798788562239434646 0.9998382047230638392 -1.868767067560798189e-05 -0.06557848987302286603 -4.304412958436964417e-06 1.861325492100612787e-05 0.9999999998175091998 0.4949841788908029838
0.9994326700805703512 0.03367993421790357877 2.988696628460050611e-06 1.533134858297594549 -0.03367993417774724219 0.9994326700069782188 -1.259912068294018757e-05 -0.08872509730396413441 -3.411338607027512717e-06 1.249131371909447091e-05 0.9999999999161647279 0.4949970783059437496
0.998700606434642868 0.05096173766502760244 1.862821306358905198e-06 2.001650095607769408 -0.05096173766149424827 0.9987006064347579981 -1.897452579949003298e-06 -0.1133643116968047065 -1.957098248951414795e-06 1.80005443155114603e-06 0.9999999999964646058 0.4950161239403458868
0.9975613545238375401 0.06979501384176792222 2.372014811879827473e-06 2.532719293118709025 -0.06979501383379464741 0.9975613545217814071 -3.292681092222436634e-06 -0.1587041305577688022 -2.596043031092759142e-06 3.119096603763327441e-06 0.9999999999917656979 0.4950118788986017093
0.9962844362198003401 0.08612387671897579755 2.705890066309785327e-06 3.121889877003516389 -0.08612387669690421688 0.9962844361977232222 -7.423871715438861506e-06 -0.2202063556986191273 -3.335208771524407422e-06 7.163246104157890157e-06 0.9999999999687819718 0.4950062115488281234
0.9950277920338981286 0.09959765597491186673 2.584778538950362581e-06 3.727202812232694562 -0.0995976558968063308 0.9950277918122325538 -2.152594146232442195e-05 -0.3104539688471076309 -4.715859794236122799e-06 2.116147212121578561e-05 0.9999999997649761108 0.4949815143322539579
