0.9999806747146977592 0.006216928271891146787 0 -0 -0.006216928271891146787 0.9999806747146977592 -0 0 -0 0 1 0.4949999999999999956
0.9999895580122919458 0.004569879198937715041 -8.527666380800612278e-06 -0.007095602059290162522 -0.004569879279730253499 0.9999895580033588693 -9.478850311400676928e-06 -0.000523547919860077181 8.484260134068649309e-06 9.517721739260614811e-06 0.9999999999187151323 0.4949988454591634501
0.9999905904450618888 0.004338088654042865366 -3.224750699888557059e-06 -0.02796833213355601894 -0.0043380886774789457 0.9999905904235405485 -7.296432859969664694e-06 -0.00155065260347919307 3.193067783745194278e-06 7.310353458282813152e-06 0.9999999999681815632 0.4949968394262409532
0.9999916725704688369 0.004081028226851577019 -7.489888102996879957e-07 -0.03483305570065639567 -0.004081028228453542107 0.9999916725684317997 -2.149860742405716553e-06 -0.002325745890339212234 7.402089307729740163e-07 2.152899484069543095e-06 0.9999999999974085174 0.4949975518001443753
0.9999920783668670987 0.003980352448882986706 -3.59398132746634399e-07 -0.03751872507047460115 -0.003980352448689093194 0.9999920783667872737 5.387308204852142648e-07 -0.002912757846458572698 3.615396242670519713e-07 -5.372960216195677476e-07 0.9999999999997902789 0.4949983059182253009
0.999991583568111575 0.004102778935737084673 -4.215950007262376689e-07 -0.04231413074707945227 -0.004102778933944059743 0.9999915835595158953 4.169375431664813898e-06 -0.0008339794142529849885 4.386974780930760972e-07 -4.167610629312855894e-06 0.9999999999912192461 0.4950010573681785653
0.9999920685008973908 0.003982830315006273374 -4.600391540390245916e-07 -0.0369236252504768353 -0.003982830313641752898 0.9999920684967161799 2.929969159803912132e-06 -0.001040370273346975577 4.717050752287544906e-07 -2.92811366286796713e-06 0.9999999999956018515 0.4950003595663620692
0.9999916579351970647 0.004084612817312523701 -6.174503211271353174e-07 -0.03620369618070731071 -0.004084612815426982499 0.9999916579308205655 3.024847935120104783e-06 0.0003293828680025866077 6.298005029599966585e-07 -3.022300656148058079e-06 0.9999999999952344787 0.4950016811781099424
0.99999060919818894 0.004333764791995160792 -6.287437523008029018e-07 -0.02564589621347469761 -0.004333764792080816233 0.9999906091983772338 -1.348638751423292017e-07 -0.00393088879234424881 6.281533795791486646e-07 1.375874361993729142e-07 0.9999999999997932765 0.4949980348366993521
0.9999872717619266993 0.005045425286363156361 -2.262138518644160804e-07 0.01859307965787545397 -0.005045425286919807441 0.9999872717587452442 -2.53145799085896097e-06 -0.008328102571962394535 2.134386904015609264e-07 2.532567114947422907e-06 0.9999999999967702502 0.4949955429397501216
0.9999791460295065493 0.006458135041093749328 -3.502622626937585378e-07 0.05338288452500470488 -0.006458135041394438489 0.9999791460291925782 -8.641126064088468193e-07 -0.009088509300206984096 3.446744024315908241e-07 8.663566272225364964e-07 0.9999999999995653477 0.4949980541094892716
0.9999643525802216493 0.008443552023612349924 -5.250870166290271813e-07 0.08264481549972214902 -0.008443552024437635944 0.9999643525790887777 -1.589790213867536838e-06 -0.01458662700284751 5.116448222537599167e-07 1.594167141490671409e-06 0.9999999999985984545 0.4949977651175036519
0.9999276928814700982 0.01202534866482262051 6.802935210898640279e-07 0.1485258068713489199 -0.01202534865519674055 0.9999276928008640208 -1.272378898427884823e-05 -0.02671375436694281222 -8.332523298442338257e-07 1.271468819698164126e-05 0.9999999999188211586 0.4949856365698335758
0.9998570756936150383 0.01690645402057696159 -3.093540535818751451e-07 0.2415446119406262082 -0.01690645402016662663 0.9998570756928449876 1.28428924036143771e-06 -0.01968433505359307861 3.310226163593896959e-07 -1.278875604129728141e-06 0.9999999999991274757 0.4950025537022376687
0.9997036237762290112 0.02434470396004936518 7.963083287285176173e-08 0.3594540970001725566 -0.02434470395911005058 0.9997036237576205631 -6.103937618205203894e-06 -0.03098119374206579138 -2.28205786491658385e-07 6.100189967171478622e-06 0.9999999999813677931 0.4949953925904849172
0.9993876587819371382 0.03499010540768453942 3.878268292731626571e-07 0.5184980728271635364 -0.03499010540136904268 0.9993876587225812846 -1.091931408905843042e-05 -0.0467151795258555283 -7.696572978528829933e-07 1.089905764133497818e-05 0.9999999999403090811 0.4949906555236655015
0.9987503923165775843 0.0499765329889707427 3.428307754293429607e-07 0.72719940228384361 -0.04997653297776587233 0.9987503921983490462 -1.540776177213565648e-05 -0.06722456544330393524 -1.112428885909049941e-06 1.537137462108681586e-05 0.9999999998812416635 0.4949899414622352389
0.9976603401724054576 0.06836552968184603229 7.961127916916107785e-07 1.01035327221530391 -0.06836552965580461327 0.9976603400059442794 -1.83395197590950927e-05 -0.09631399087633794875 -2.048041140883325629e-06 1.824218484878760565e-05 0.9999999998315141081 0.4949901038687504196
0.996071855663653638 0.08854862142210044584 1.115387737259896847e-06 1.397782729561895421 -0.08854862138914409986 0.9960718555134138175 -1.750370618707234203e-05 -0.1364284325041594248 -2.660935385712132513e-06 1.73361830562997985e-05 0.9999999998461880368 0.4949924634661428957
0.9942393197897920754 0.1071829043541594195 6.093057710337743865e-07 1.801554201758213125 -0.1071829043311576662 0.9942393196664206512 -1.583109782907510683e-05 -0.188573203950693713 -2.30261879969655489e-06 1.567459277494015582e-05 0.9999999998745024987 0.4949968261931292357
0.9922691271551038472 0.1241047110166058204 7.522154700824355497e-07 2.300927505623735936 -0.1241047109575775659 0.9922691268372112461 -2.541824601031801581e-05 -0.2693416941923607033 -3.900924263351668412e-06 2.512838729897955985e-05 0.9999999996766735233 0.494992247213431158
0.9901016805352880201 0.1403519226781869134 1.991871816054950182e-06 2.913665209580165616 -0.140351922471260937 0.990101679672659718 -4.207412330720356998e-05 -0.3888782866521782733 -7.877339731933788786e-06 4.137809715481154896e-05 0.999999999112900273 0.4949745209179853833
0.9874140329657294934 0.1581566549487316564 1.183454431973202269e-07 3.538682740414188288 -0.1581566547123857969 0.9874140315305184323 -5.393578035213089308e-05 -0.5258397731489340421 -8.647158553723312648e-06 5.323822927925477613e-05 0.9999999985454588458 0.4949647899941291285
0.9841798857619211693 0.1771720984323515713 -9.806874082490061366e-07 4.216436716622024683 -0.1771720982497886065 0.9841798844644994437 -5.118050934325325135e-05 -0.6791398581201225637 -8.102585419034488516e-06 5.054457828452654967e-05 0.9999999986897968318 0.4949674896153953285
0.9817126984614767959 0.190368531213902431 -2.275937433886115301e-06 4.910193772330861961 -0.190368531081362341 0.9817126971691990667 -5.092085716557953672e-05 -0.8549557821597942864 -7.45941210995563092e-06 5.042291896211449983e-05 0.9999999987009432489 0.4949655107187415082
0.9794600960235553266 0.2016380923549651594 -3.348327743654917125e-06 5.720788886104677395 -0.2016380919440113606 0.9794600926618018955 -8.223348413684722661e-05 -1.099131947785028762 -1.330184946699381183e-05 8.121956668646168164e-05 0.9999999966132213647 0.4949063298773926367
0.9776678076537115292 0.2101562701371820774 -1.358663025442193583e-06 6.608122317526149203 -0.2101562696442907108 0.977667804875119506 -7.511387495468228469e-05 -1.342169846970041158 -1.445733069837768757e-05 7.372194900444980668e-05 0.999999997178029898 0.4949405848140134845
0.9766027591100477911 0.2150512750318669675 -2.836016468498137594e-06 7.491765915568405987 -0.2150512746675087017 0.9766027564984350873 -7.256563167069012704e-05 -1.60523571717179081 -1.283567011366452963e-05 7.147768506268802145e-05 0.999999997363093085 0.4949461541954046639
0.9757317275358655673 0.2189693948349491492 -2.779225746953240304e-06 8.441921617074010342 -0.2189693944879901044 0.9757317251001880187 -7.009141807909184414e-05 -1.883627724858594865 -1.263609666738464857e-05 6.899898582670666394e-05 0.9999999975397344532 0.4949634525050503608
0.9749625740543235164 0.2223690158111532311 -1.667253727220571903e-06 9.448135809185167489 -0.2223690154387672757 0.9749625719292744908 -6.566643224029943839e-05 -2.168056558994945426 -1.29766699271555547e-05 6.43930593757748097e-05 0.9999999978425699876 0.4949859835265320029
0.9747607700998848212 0.2232519676875867332 -3.647658420046541363e-07 10.48034969917089398 -0.2232519675131032499 0.9747607692708019078 -4.116255084514764957e-05 -2.437382409235812286 -8.83406103846340088e-06 4.020507445300090571e-05 0.9999999991527557253 0.4950148994812834102
0.9751779574413779184 0.2214225628092350295 1.298234560627098642e-06 11.46849169204814345 -0.2214225628015873693 0.9751779574338086398 -4.453654417931274981e-06 -2.661954442684022926 -2.252149302187325905e-06 4.055647194896346003e-06 0.9999999999892398295 0.4950355615811754539
0.9760317444273824972 0.2176282009317449528 5.611204734150235877e-06 12.53391699735192333 -0.2176282010002212608 0.9760317439320356225 3.112281000467455148e-05 -2.901488624015525986 1.296487207025485386e-06 -3.159800693208153439e-05 0.9999999994999425601 0.495031222000361204
0.9781391074714139711 0.207951644321046486 7.837830617349457148e-06 13.68713533415723482 -0.2079516444686536347 0.9781391067393406802 3.784416023480831727e-05 -3.150112852932452245 2.032667099491022896e-07 -3.864674288102517094e-05 0.9999999992531939386 0.4950026996871564888
0.9816061182622008996 0.1909173342721505184 8.176980600090576358e-06 14.88773787445416019 -0.1909173344270936878 0.9816061178807080623 2.750730407341445396e-05 -3.394894240954181797 -2.774953016131017718e-06 -2.856246531519373696e-05 0.9999999995882425941 0.4949754904433777969
0.9842422710333685876 0.1768252015153803647 4.728086722147791581e-06 16.11395718053913129 -0.1768252015603674898 0.984242270196185487 4.06746508903748933e-05 -3.60828951605542958 2.538720531167124661e-06 -4.086975565347070253e-05 0.9999999991616089767 0.4950001046924510928
0.9860467432898950557 0.1664686758162132185 4.649849906324051426e-06 17.38328789713163403 -0.1664686758801932898 0.9860467429944264062 2.414563048386735098e-05 -3.833216997554818928 -5.654782221467690128e-07 -2.458277466024602105e-05 0.9999999996976837169 0.4949844780313023551
0.9873728182633110251 0.1584137548571971921 5.389192122118012031e-06 18.73705143671886475 -0.1584137549358609343 0.9873728180468139826 2.077611481767536889e-05 -4.051985399215769945 -2.029919452999136856e-06 -2.136749320022574008e-05 0.9999999997696548126 0.4949779417237861745
0.9882499022713889802 0.1528467554183681465 4.57170465033722195e-06 20.12824465625263315 -0.1528467554718976606 0.9882499021501870429 1.562345909645500096e-05 -4.27474037380788463 -2.129991642050567342e-06 -1.613865214799253321e-05 0.9999999998675035418 0.4949625503605311616
0.9890662811582117131 0.1474716632611314526 3.618509814526828216e-06 21.5187798658739311 -0.1474716632861624854 0.9890662811282259215 8.063918850111556329e-06 -4.498360885993745839 -2.389746520251297256e-06 -8.50937788960701425e-06 0.9999999999609398005 0.4949472404756861676
0.9898107402495034401 0.142389249876444246 2.930230810950230017e-06 22.94844176637255728 -0.1423892498850555244 0.9898107402481294281 2.975588693323872684e-06 -4.72157122277128849 -2.476682086101308915e-06 -3.362503014378236337e-06 0.9999999999912798643 0.4949414511270623374
0.990744178843204204 0.1357423002649336963 3.053281598964260197e-06 24.44271467635943651 -0.1357423002382572019 0.9907441788216563294 -7.698155640761192365e-06 -4.962500839815637832 -4.069986324951519481e-06 7.212443421394574666e-06 0.9999999999657079863 0.4949295026568163447
0.9923593610802001752 0.1233811106881471942 2.022130460722040574e-06 25.98992189792563323 -0.1233811106735398649 0.992359361064602874 -6.216894906585451896e-06 -5.180056756723338651 -2.773727490597392217e-06 5.919901155231208567e-06 0.9999999999786306493 0.494939661919192031
0.9938429809423630079 0.1107976950580327746 1.912608387203559537e-06 27.54775495024800236 -0.1107976950538476224 0.993842980942298726 -2.171020718714485875e-06 -5.375943905872714978 -2.141376512470425874e-06 1.945741101932026538e-06 0.9999999999958143482 0.4949488629485074842
0.9955242718136734226 0.09450621264736026872 1.772008760385996248e-06 29.15892142000701526 -0.09450621263096797842 0.9955242717865439017 -7.762400819196627798e-06 -5.565876615747685996 -2.497672833255675893e-06 7.560192586363610969e-06 0.9999999999683025775 0.4949450038106308902
0.9972546438385497813 0.07404846618695805349 -1.973386181475769706e-07 30.79086339162789798 -0.07404846617372481954 0.997254643602365487 -2.175018525770257055e-05 -5.739671890187846515 -1.413771004305290343e-06 2.170508587458332633e-05 0.9999999997634452242 0.4949345630076189551
0.9983974314044419263 0.05659124461622958013 -1.775836058242580647e-07 32.48732020781158525 -0.05659124459455425193 0.9983974309248000445 -3.098759737857122463e-05 -5.890096779426089668 -1.576327687490667983e-06 3.094798730543371135e-05 0.9999999995198686209 0.4949336312278137529
0.9988631500241549332 0.04766977576110749404 2.222904815700830113e-06 34.19124438712590575 -0.04766977568403429205 0.9988631496664301945 -2.696155402031201643e-05 -6.014201828416702256 -3.505628939938866136e-06 2.682493740434385829e-05 0.9999999996340666053 0.494932209941366108
0.9989044332429211082 0.04679672260818007468 1.733261349693982849e-06 35.91545228131256806 -0.04679672255160829963 0.9989044329450955662 -2.456212012414264755e-05 -6.137783977886135389 -2.880789167780084944e-06 2.445409973136019756e-05 0.9999999996968490512 0.494936146157458623
0.9990532243795893219 0.04350465328286261257 1.310326167129932869e-06 37.69313196493227025 -0.04350465325007217554 0.999053224200290968 -1.904802209248242982e-05 -6.257667563611965633 -2.137763178882914256e-06 1.897298260400273875e-05 0.9999999998177279137 0.4949337023549325587
0.999031099650219967 0.04400979356029134648 2.164661583648131275e-06 39.50514898546311571 -0.04400979353404404354 0.9990310995935796079 -1.096207450196567027e-05 -6.366930901641331353 -2.645002877983990804e-06 1.085618703477897523e-05 0.9999999999375736026 0.4949400449726208961
0.9991758281060376667 0.0405914341497337558 2.124742027319243171e-06 41.31086616327688432 -0.04059143412101268167 0.9991758280354877675 -1.215852276699584936e-05 -6.476100635142587159 -2.616522750763091985e-06 1.206225572823310689e-05 0.9999999999238279313 0.4949255573169442646
0.9992830123256257746 0.03786107863680328312 2.028251367799871002e-06 43.11505750033717987 -0.03786107860777350453 0.9992830122464830822 -1.282512702474719997e-05 -6.576390980927842023 -2.512370279219050075e-06 1.273913978227557902e-05 0.9999999999157012098 0.4949099372690439202
0.9993716506987903037 0.03544437582808306758 1.991355375467949404e-06 44.93095085522540444 -0.03544437576626458669 0.9993716503810056162 -2.536764710144756341e-05 -6.683217421657269952 -2.889244525814458025e-06 2.528112500990576839e-05 0.9999999996762585219 0.4948905169729528875
0.9994296923954827383 0.03376817956469135157 3.064388946915048602e-06 46.79209426186444887 -0.03376817942279693868 0.999429691671227971 -3.829695672991138659e-05 -6.794045836004825922 -4.355859812012771135e-06 3.817163684847779985e-05 0.9999999992619763578 0.4948741847056704612
0.9995102176554139239 0.03129416558761532324 2.198841703172382426e-06 48.62471303906115594 -0.03129416543546710561 0.9995102163689865149 -5.085225949838628046e-05 -6.911656407042682915 -3.789143775745643464e-06 5.075854204347620237e-05 0.9999999987046064298 0.4948554798668624022
0.9995323151230826042 0.03058023899018148459 3.197970508242985673e-06 50.45299797324038593 -0.03058023881769911245 0.9995323141417401525 -4.452575762415024951e-05 -7.015145940138104663 -4.558083172026675584e-06 4.440713889880210449e-05 0.9999999990036149145 0.4948630559401244744
0.9995777979660765977 0.02905556410780379961 3.14635550023601726e-06 52.27539759529202712 -0.02905556398116976996 0.9995777973711333919 -3.47367603581893555e-05 -7.111906667928439063 -4.154323268157198617e-06 3.463067529376960519e-05 0.9999999993917290109 0.4948722022183181246
0.9996279239876860734 0.02727661234348562405 2.316250871525996808e-06 54.10663813018810231 -0.02727661229142684315 0.9996279237891292357 -2.012886216337709627e-05 -7.194822926395496587 -2.86443621982411503e-06 2.005819321961864633e-05 0.9999999997947319752 0.4948847946022919553
0.9997285538239956137 0.0232984692472223559 1.396885590725156712e-06 55.85851637800851677 -0.02329846921483265387 0.999728553627573624 -1.99047217795774627e-05 -7.281798387699907948 -1.860255959454903506e-06 1.986677342303381095e-05 0.9999999998009253543 0.4948805238447477883
0.9998438231461614922 0.01767284116417989701 1.971275280526322753e-06 57.64928233060325624 -0.01767284111764800061 0.9998438229167970759 -2.154501366418158691e-05 -7.361755913239306004 -2.351729016870127386e-06 2.150681079689970257e-05 0.9999999997659632101 0.4948763606497139644
0.9999180646405754214 0.01280093762180919623 1.918683575260382346e-06 59.45075852075203215 -0.01280093760765343286 0.9999180646165528596 -7.216997555063393875e-06 -7.415868649717036298 -2.010910702705003049e-06 7.191845279039028673e-06 0.9999999999721167487 0.494893495842926967
0.9999429360607016148 0.01068291242007519438 2.600288704005115242e-06 61.26450269870216658 -0.01068291238793345026 0.9999429359915084081 -1.207587760105943231e-05 -7.477970229621460518 -2.729145863916277339e-06 1.204740984750477053e-05 0.9999999999237058068 0.4948857668259938336
0.9999556836849761154 0.009414384758110034418 5.288795146513970327e-06 63.21882457546448819 -0.009414384626563670339 0.9999556834032380381 -2.437004738908675003e-05 -7.547319380866730931 -5.517989767805535303e-06 2.431917664666930618e-05 0.9999999996890647225 0.494871348614974893
0.9999430468626315793 0.01067253526275093074 4.937110553586013157e-06 65.1704495569364326 -0.0106725351422991277 0.999943046592581708 -2.381207994807074498e-05 -7.61267451774907844 -5.190964631242699569e-06 2.375803228952581172e-05 0.999999999704304865 0.4948681430789494406
0.9999264274831644039 0.0121301118967745928 2.89146920952069252e-06 67.11349728786113644 -0.01213011186952211128 0.9999264274447673406 -9.263373958411174233e-06 -7.664777991252363698 -3.003622239399719739e-06 9.227618583695915209e-06 0.9999999999529146644 0.4948814116048992906
0.9999119636471666128 0.01326894700883258886 1.666533602034870412e-06 69.03996308263926096 -0.0132689470042150065 0.9999119636448295934 -2.751947702534971078e-06 -7.721052592370219791 -1.702902334726768276e-06 2.729592285049922801e-06 0.9999999999948246954 0.4948796315257015799
0.9998950228832323983 0.01448941719552812417 2.215157262598520427e-06 70.97079087762256222 -0.01448941716579264273 0.9998950228029411802 -1.289706640306232123e-05 -7.790370267051147657 -2.401795697310559106e-06 1.286361616855092056e-05 0.9999999999143793783 0.4948618299206519189
0.9998624589616502689 0.01658502792053930669 3.204700023264174092e-06 72.91035468768595251 -0.01658502785255418568 0.9998624587640904116 -2.018887232285356624e-05 -7.86622624822423866 -3.53909225602086665e-06 2.013294548524627452e-05 0.9999999997910696825 0.4948476025165596814
0.9998481026887113821 0.01742904279947840931 4.371595224028637585e-06 74.87183375587814282 -0.01742904268182344368 0.9998481023714481664 -2.564453819972338481e-05 -7.945524714729793381 -4.817890942936754522e-06 2.556445014357439747e-05 0.999999999661623451 0.4948370688194299594
0.9998095907214940015 0.01951364356270979261 4.296437386722574106e-06 76.79830144541274706 -0.01951364343650420496 0.999809590349981514 -2.768154879153303155e-05 -8.028222199906055678 -4.835787179965045505e-06 2.759243882058795276e-05 0.9999999996076361919 0.4948292436658658366
0.9997594942191065925 0.02193065674782430571 3.949478431747039277e-06 78.7522899024951073 -0.02193065664572061563 0.9997594939346410303 -2.426666318558184373e-05 -8.113216616816496085 -4.480712418967228705e-06 2.417421225738639994e-05 0.9999999996977653183 0.4948245908020540984
0.9995615105351082219 0.02961058332232772636 3.78378518620252212e-06 80.70765475600170191 -0.02961058323241472223 0.9995615103040547123 -2.194416161768531816e-05 -8.211444723471494456 -4.431905461405784776e-06 2.182249924781045995e-05 0.9999999997520683248 0.4948162049570691279
0.9989467872061928988 0.04588372616614184302 2.40178887642486147e-06 82.66349471391889381 -0.04588372613584158072 0.9989467871450342651 -1.143406364664268199e-05 -8.328218072744178357 -2.92389672683407319e-06 1.131181812148284757e-05 0.9999999999317468191 0.4948228630810628248
0.9971916529426170239 0.07489197082352776202 3.157868202767204257e-06 84.60713142149529631 -0.07489197078448853184 0.997191652889203195 -1.106106284933240377e-05 -8.500395060926555502 -3.977384608913088273e-06 1.079350057284504754e-05 0.9999999999338403667 0.4948121270048953524
0.9948290780856652304 0.1015633072690998173 3.744409057806791494e-06 86.5436578536389618 -0.1015633072011783711 0.9948290779827121399 -1.525315110934246254e-05 -8.728726617842134772 -5.274207483508216783e-06 1.479398368858359581e-05 0.9999999998766604392 0.4947947299073452987
0.9911282317646856743 0.132909097486699268 2.551782400212531546e-06 88.4399690887362766 -0.1329090974813052772 0.9911282317662984953 -2.179079099398233509e-06 -8.991949755616893469 -2.818763014628156137e-06 1.820591718881028413e-06 0.999999999994370059 0.4948007209824117902
0.9858213782917343293 0.1677981230635442744 1.252903870394481837e-06 90.31617706343050145 -0.1677981230509539567 0.985821378269924109 -6.98548426429783707e-06 -9.328362274277075983 -2.407290568591110731e-06 6.676204807649846953e-06 0.9999999999748165891 0.4947842063624213749
0.9777645424611342007 0.2097057450476023654 1.425409548458010254e-06 92.16266782415016223 -0.209705745034968194 0.9777645424448112577 -6.265049795511096767e-06 -9.729279812710386111 -2.707531850072495048e-06 5.826826975464784736e-06 0.9999999999793586225 0.4947744335015687445
0.9655215270494141855 0.2603232237097750645 1.936648813369147284e-06 93.97732280262464144 -0.2603232236922979892 0.9655215270335978373 -6.587263028285613314e-06 -10.22020350199722927 -3.584693666559509159e-06 5.85598959589035527e-06 0.9999999999764286329 0.4947653605113365161
0.9501541318830900584 0.3117805729397633008 2.253316127827843247e-06 95.74889535204138724 -0.3117805728967820711 0.9501541318333552866 -1.124233595017330642e-05 -10.8085959982777684 -5.646139572908691025e-06 9.979411761823250279e-06 0.9999999999342662482 0.4947459555236226603
0.9318168131455311087 0.3629289554600479417 5.497070449222203122e-06 97.46941450800063933 -0.3629289554737903378 0.931816813154811685 1.716757934423851368e-06 -11.46787496981042587 -4.499201503763524922e-06 -3.594749943699189782e-06 0.9999999999834174869 0.4947584099141709713
0.9107383933195323245 0.4129837514010462618 3.835171481957543141e-06 99.12932844543460931 -0.4129837513620273071 0.9107383933089991945 -8.131589284483403272e-06 -12.23247092598665198 -6.851052161101011999e-06 5.821887054349248574e-06 0.9999999999595843292 0.4947270779863829904
0.8875093788896550873 0.4607896508733655416 5.756160713940728496e-06 100.7620996158201478 -0.4607896508505048283 0.8875093789067162175 -4.89054778880643989e-06 -13.07755680039291235 -7.362160428300406614e-06 1.688027744857638677e-06 0.9999999999714745957 0.4947183611554703542
0.8612952022919926343 0.5081048853309095836 3.727110966819420981e-06 102.3059821711336639 -0.5081048852766124613 0.8612952022735884672 -1.003850213960664831e-05 -13.99902025465930855 -8.310754772601771124e-06 6.752350440832124041e-06 0.9999999999426685271 0.494697356497474372
0.8326893963866424109 0.5537403444981428002 -4.749769110451626746e-06 103.8221821781347813 -0.5537403444083850435 0.8326893960193312294 -2.708648309355063765e-05 -15.0321420635788332 -1.104379610765261051e-05 2.518476604048746693e-05 0.9999999996218811305 0.4946620247430513762
0.8010968104368109133 0.5985347945664423186 1.872911355226845269e-06 105.2768019558519512 -0.5985347944499844752 0.80109681033559621 -1.746658369321413566e-05 -16.11655730811522602 -1.195474139530903615e-05 1.287142187283771543e-05 0.9999999998457053119 0.4946569677401476128
0.7626342024978041145 0.6468300186223406856 1.384894530336999182e-05 106.6747709106974895 -0.6468300186591465772 0.7626342025890557874 -2.23517933730517423e-06 -17.2838599054971489 -1.200746045050840031e-05 -7.253289337643010919e-06 0.9999999999016052632 0.494661198347599973
0.7131615319247290863 0.7009997355126463825 1.400736939470492503e-05 107.9567186662434892 -0.7009997355831860677 0.7131615319929309749 1.782421457987635427e-07 -18.534320741504132 -9.864569319656518032e-06 -9.946277683655562423e-06 0.9999999999018809316 0.4946412509129923807
0.6547236598463090917 0.7558683278909760217 1.144496243608029386e-05 109.1102556902818748 -0.75586832792514691 0.6547236599042215444 -1.869965288740192832e-06 -19.857663947867362 -8.906735229631039961e-06 -7.426574102096588483e-06 0.9999999999327580102 0.4946161661782055852
0.5930280932409333072 0.8051817686857430934 2.313952831973218718e-06 110.1612901998785219 -0.8051817686011488728 0.5930280932161995366 -1.307354016772211928e-05 -21.28950523537644912 -1.189881523096790527e-05 5.889823963865165935e-06 0.999999999911864057 0.4945859342100668576
0.5360234538948387417 0.8442030898122050431 -5.329778575959588469e-06 111.1142019506101803 -0.8442030897199798156 0.5360234537134387356 -1.945738008935256002e-05 -22.80564876535405361 -1.356909407126815667e-05 1.492902762058786665e-05 0.9999999997965018927 0.4945607890289913655
0.4829451769432343 0.875650590145819141 -6.83957031089011283e-06 111.9552597198198072 -0.8756505900553067656 0.4829451767360429804 -2.013499993906182008e-05 -24.35162749241364111 -1.432808708663409483e-05 1.571317488677790778e-05 0.9999999997739010826 0.4945434288994282057
0.4426413788172627317 0.8966987280398091009 -2.987931861841705355e-05 112.7072835049111887 -0.8966987282334005771 0.4426413775533725725 -4.079813059343834403e-05 -25.96211661331478027 -2.335780905592592954e-05 4.485168778466144644e-05 0.9999999987213693542 0.4945068633889457277
0.4115742056300056295 0.9113762508633941328 -5.122935058023771237e-05 113.3958940639214177 -0.9113762518231397491 0.4115742029384811818 -5.559309172981763804e-05 -27.60878051673953237 -2.95815443825086152e-05 6.956989608236635982e-05 0.9999999971424810008 0.4944823966029105455
0.3880358886688543008 0.9216442623808667189 -5.222674905794651319e-05 114.0614086886259599 -0.9216442632799398682 0.3880358857897763247 -5.748698582128080036e-05 -29.29782446152973918 -3.271669781113305139e-05 7.044149728907193972e-05 0.9999999969838065939 0.4944595631191828766
0.3719050086575163006 0.9282707918961224935 -3.808189961834671227e-05 114.6918553919831822 -0.9282707922848028037 0.3719050069943655723 -4.433619362443695606e-05 -30.9654588102525743 -2.699314442149594885e-05 5.183916760417058966e-05 0.9999999982920353414 0.4944239211898174835
0.3640475976975870442 0.9313803447074830988 -1.02673645843403586e-05 115.3336858616036977 -0.9313803445241608525 0.3640475973314771241 -2.671080540599421016e-05 -32.67791430264621511 -2.11401097385939825e-05 1.928682610453800184e-05 0.999999999590557076 0.4944051235484693274
0.3647002908721659331 0.9311249634973179923 1.38603306349137343e-05 115.9738962826481838 -0.9311249634530688324 0.3647002910388973951 -1.23651853078983792e-05 -34.37711827709380685 -1.656839933490283375e-05 -8.396113177402729236e-06 0.9999999998274967661 0.4943864426239660825
0.3651450892356842837 0.9309506234168879457 2.385381865878890862e-05 116.6072698605548226 -0.9309506235789437589 0.365145089509482379 -8.204915851007408154e-06 -36.05604057789203409 -1.634847627588489094e-05 -1.921074262455119925e-05 0.9999999996818373926 0.4943404001636948486
0.3639974862425639501 0.9313999302089208676 4.259671953434251203e-06 117.2260246502125938 -0.9313999300297843842 0.3639974862570463654 -1.847422991625035813e-05 -37.75285070964291378 -1.87574063379888506e-05 2.757115090403807855e-06 0.9999999998202789842 0.4942683034161132194
0.3628328406291001507 0.9318542426210660867 -1.650364073169494257e-05 117.8449070894217527 -0.9318542425463637313 0.3628328401006229997 -2.819736633005696811e-05 -39.47359064340263046 -2.028777260672278752e-05 2.560991815708482433e-05 0.9999999994662690517 0.4942341998026722472
0.3645973698524632156 0.9311652687528613193 -1.293486073592940013e-05 118.4625169528879525 -0.9311652686325442296 0.364597369439873642 -2.631043879159479195e-05 -41.15830327276766099 -1.978335060999010704e-05 2.1637209854975929e-05 0.9999999995702251177 0.4941976618642677233
0.3691732679795699523 0.9293605852382105237 -2.858685772648451048e-05 119.0744598796669891 -0.9293605854495660124 0.3691732670324199828 -3.352137216365553798e-05 -42.8563983535113735 -2.05999383909255017e-05 3.894269334166520309e-05 0.9999999990295546093 0.4941576921963645175
0.37607778875493586 0.9265880943187833063 -1.655645712215118257e-05 119.7145924889541959 -0.9265880942508190055 0.3760777882215706747 -2.830617824203817724e-05 -44.54095280585776351 -2.000165197945407471e-05 2.598634097372826452e-05 0.9999999994623219868 0.494133663172681703
0.385468949830242269 0.9227208075499284679 -5.780198770384524723e-06 120.3481703551993434 -0.922720807370879692 0.3854689496108223978 -2.308666852209921585e-05 -46.15966979900066747 -1.907446227378701634e-05 1.423270354646586903e-05 0.9999999997167976495 0.4941083004831020031
0.3994500684024403503 0.9167549524338812761 -6.593208768669798371e-06 120.9482414685630687 -0.9167549522764787406 0.399450068170238981 -2.275027938088734563e-05 -47.65125537619291407 -1.822277359957712409e-05 1.513195744494082101e-05 0.9999999997194771728 0.4940724678184944541
0.4160482254291261728 0.9093425504829194539 8.525695224177521798e-07 121.5308615365834157 -0.9093425503278360633 0.4160482253751435211 -1.810231115635251194e-05 -49.01305832245814287 -1.681591183336384073e-05 6.756156688919191908e-06 0.999999999835789688 0.4940424256599514341
0.430457220733015844 0.9026109799302882708 5.506839636003547102e-06 122.0962026811378962 -0.9026109797976831217 0.4304572207647597848 -1.556849919024997882e-05 -50.27481572894702566 -1.64227571950667415e-05 1.731038972977334935e-06 0.9999999998636484033 0.494021906413190437
0.443276181914355305 0.8963850880297042911 2.253094206273886603e-05 122.593912547211346 -0.8963850881844914742 0.4432761821362387611 -5.782250376810167618e-06 -51.31653784931773998 -1.517055299053044592e-05 -1.76332666178825962e-05 0.9999999997294611864 0.494031118834768801
0.4549105262507981973 0.8905371486039418416 8.050806083677623185e-06 123.0153753946495101 -0.8905371484924214931 0.4549105263214210937 -1.411336752045934953e-05 -52.23510545800539973 -1.623087450170684014e-05 -7.492224469206226009e-07 0.9999999998679985902 0.4939796625595989088
0.4635734232976945757 0.8860585089075537768 -2.609885373590725413e-06 123.3737793526209003 -0.8860585087610681754 0.4635734231627752777 -1.978613449561147271e-05 -53.011594194414009 -1.632179933152790689e-05 1.148483724412033853e-05 0.9999999998008484159 0.4939353904818137853
0.4721448828479741233 0.8815209637876746385 2.356893306151904247e-06 123.6976926776890622 -0.8815209636576216701 0.472144882821422196 -1.612191859157478127e-05 -53.67849110094059739 -1.532460432880711421e-05 5.534230506226425255e-06 0.9999999998672645107 0.4939310299272262617
0.479663086927821114 0.877452746867975697 7.412881566556759884e-06 124.0293459246593386 -0.8774527467504824596 0.479663086984946696 -1.436447623793174678e-05 -54.33953109172183815 -1.615983478796139842e-05 3.856557224764267241e-07 0.9999999998693556158 0.493921493190348726
0.4848651643523577692 0.8745889161332232042 1.329313748611584157e-05 124.3966523640980313 -0.874588916066919797 0.484865164500903334 -1.21915974223798812e-05 -55.04356514311951543 -1.710801526951050565e-05 -5.714749817190587788e-06 0.9999999998373285681 0.4939130945367343206
0.4861458319453250687 0.8738776973068655973 1.529936986133607752e-05 124.748474830410288 -0.8738776972654987985 0.4861458321239707225 -1.151842809182001096e-05 -55.71004720413639433 -1.750342230968601233e-05 -7.770142296637302988e-06 0.9999999998166275716 0.4938953636903590794
0.4865280427667351693 0.8736649605861396273 1.574235740389962691e-05 125.0872511716975453 -0.8736649605561005449 0.4865280429494517334 -1.106873097153264165e-05 -56.35500887395284764 -1.732946074711274418e-05 -8.368298044846686606e-06 0.9999999998148307867 0.4938796611645142054
0.4832087617845818861 0.8755051640311579675 1.707685874284042818e-05 125.4348142034915981 -0.8755051640378522793 0.4832087619771656128 -9.684053500562086453e-06 -57.00805126139418633 -1.673012662008298014e-05 -1.027145851383949308e-05 0.9999999998072999219 0.4938716013592777121
0.4806202572116720084 0.8769288274007034367 5.800530449741730243e-06 125.793652904352669 -0.8769288272294045727 0.4806202572346275903 -1.766392591464249754e-05 -57.72223727396954729 -1.82778582764725078e-05 3.402988251862927218e-06 0.9999999998271698054 0.4938316107520573928
0.4751007476555352826 0.8799314061778206186 -1.143521185106748196e-06 126.1666948325911619 -0.8799314059603863258 0.4751007475083943721 -2.288614646326150937e-05 -58.47641878713638164 -1.95949512695733521e-05 1.187944549980609851e-05 0.9999999997374582339 0.4938067113959946908
0.4717252713393040309 0.8817455803011715609 -1.201292660701329403e-06 126.597316348147757 -0.8817455800789983922 0.4717252711889276529 -2.31325840688753582e-05 -59.3374185285092679 -1.983037365752953404e-05 1.197145899062422788e-05 0.9999999997317202682 0.4937906304698549409
0.4659346415117476825 0.8848191396125657526 4.102545756889108108e-06 127.084995314628884 -0.8848191393905291413 0.4659346414908828171 -2.071711295392248591e-05 -60.29626748245156165 -2.024241624558210042e-05 6.022809591423373241e-06 0.9999999997769851712 0.4937799576520843226
0.4624013481129546355 0.8866707355284185743 4.800863527638031379e-06 127.5882280659470212 -0.8866707353041085593 0.4624013481076900134 -2.063238463711898789e-05 -61.30616583446344947 -2.051405742916039953e-05 5.283657276843342786e-06 0.9999999997756283676 0.4937586280852645504
0.4622239404793406226 0.8867632315558464651 -3.25820350269285706e-06 128.0966450905414149 -0.8867632313163522628 0.4622239402618097404 -2.522818205792116755e-05 -62.36328004756550314 -2.086540458677187875e-05 1.455032478827670192e-05 0.9999999996764614707 0.4937314589629784867
0.4610924732231393985 0.8873520896915578771 -7.695881540462639903e-06 128.6419012439948801 -0.8873520894564576045 0.4610924728529485761 -2.859798222780987069e-05 -63.49570845033800737 -2.182796624053384547e-05 2.00152709197511485e-05 0.9999999995614642367 0.4937056633903912362
0.4592562285995253624 0.8883038424176381564 -6.390084108660896162e-06 129.2261770731929289 -0.8883038421774778204 0.4592562282765002557 -2.764428772407890165e-05 -64.70203161006504899 -2.162184108008482968e-05 1.837214758804135307e-05 0.9999999995974799827 0.4936907493339483533
0.4579337128771665544 0.8889863410716133396 -9.331917680997386737e-07 129.8360100251903759 -0.888986340823699539 0.4579337127241413508 -2.412065198393506098e-05 -65.93790419536787795 -2.101559018041066059e-05 1.187525445523116302e-05 0.9999999997086616021 0.493672409823238123
0.4593284869430369066 0.8882664808633761178 -7.710174873930351457e-06 130.4241397012944788 -0.8882664806353302023 0.4593284865798821226 -2.825230750849909577e-05 -67.17186168586937356 -2.155407481073576576e-05 1.982577956087735541e-05 0.9999999995711801315 0.4936404482196048438
0.4654196077749408467 0.8850901584612520523 -9.792288373545087195e-06 131.0484415115760726 -0.8850901582461345729 0.4654196073319399329 -2.981691442037079728e-05 -68.44754214842923545 -2.183313449945510753e-05 2.254443468072075569e-05 0.9999999995075314896 0.4936113429208851544
0.4778596940922620329 0.8784361744833036889 -1.110952884878671969e-05 131.6872009287842502 -0.8784361742739705825 0.4778596935828745562 -3.127338654783981526e-05 -69.729598890803004 -2.216287799069069185e-05 2.470330294889431049e-05 0.9999999994492769773 0.4935825210780757644
0.4994666538663540267 0.8663331123844231207 -8.006195466508746585e-06 132.3693899040279689 -0.8663331121610742258 0.4994666534683679382 -2.913159416310842615e-05 -71.00707811073813502 -2.123883698337487291e-05 2.148629209351078333e-05 0.9999999995436255062 0.4935643247430974156
0.5313482792835974022 0.8471534725526578269 -6.82396611631045507e-06 133.0973975871011703 -0.8471534723302329706 0.5313482789139531981 -2.856994916675776127e-05 -72.2715759782671654 -2.057722899600305762e-05 2.096153991947284051e-05 0.9999999995685957543 0.4935383947971542784
0.5763557649332622379 0.8171988939238553629 2.328058575153148714e-07 133.8762427291749759 -0.8171988937438471323 0.5763557648122389354 -2.082701538380228021e-05 -73.44535244151356324 -1.715399293343935439e-05 1.181352169358958181e-05 0.9999999997830906207 0.4935284423315098867
0.6348786076070059847 0.7726119036114089678 1.782443231889575481e-06 134.7056415860381549 -0.7726119034791331108 0.6348786075379525551 -1.718295047660396666e-05 -74.52391460560507142 -1.440738715446705915e-05 9.531950814932764593e-06 0.9999999998507844712 0.4935102698870643123
0.7019674901971442171 0.7122089880846436127 -5.42725967736867258e-08 135.5706160171256727 -0.712208987983237729 0.7019674900959066433 -1.692862956725182057e-05 -75.47220658001950255 -1.20186245352139878e-05 1.192200104102433634e-05 0.9999999998567093984 0.493485416875605154
0.7714907193840337962 0.6362405754948392556 -7.313153915534168341e-07 136.4639017609115115 -0.6362405754303576133 0.7714907192884075116 -1.517023055557087312e-05 -76.26329197189527065 -9.087713181609576257e-06 1.216898461008204758e-05 0.9999999998846645921 0.4934721490973181801
0.8410815769827468813 0.5409082924692417693 -6.766222882324185033e-07 137.4518873880905119 -0.5409082924215397048 0.8410815768905703926 -1.439161596755000178e-05 -76.95371908899851121 -7.215449877734718038e-06 1.247051365985918699e-05 0.9999999998962117997 0.4934618790705440072
0.9035317902944425272 0.4285210659109258136 3.411511772742343701e-07 138.4853311492554724 -0.4285210658944524353 0.9035317902661451628 -8.085162643022940422e-06 -77.48077836017985476 -3.77290344780538034e-06 7.159011011555562777e-06 0.9999999999672568585 0.4934644723849436754
0.9545592777402801543 0.2980211154943108176 1.309235528082437078e-06 139.5384018773789592 -0.2980211154916565519 0.9545592777401188389 -1.898490146979227211e-06 -77.83281409701743314 -1.815533071435782386e-06 1.422041550977093008e-06 0.9999999999973407938 0.4934662603544165416
0.9879792020981871259 0.1545868565551733187 2.013178329867127221e-06 140.6200138393011514 -0.1545868565664391958 0.9879792020662201413 7.98342341898442901e-06 -78.01649625738909322 -7.54845989069376996e-07 -8.198667209222048748e-06 0.9999999999661060013 0.4934681683244147576
0.9999964229785379688 -0.002674702205508997996 6.882807805495565546e-07 141.7022055913060683 0.002674702205727940482 0.9999964229787238201 -3.174394016561463566e-07 -78.04471050983131875 -6.874292626868341668e-07 3.192792122904927926e-07 0.9999999999997127853 0.4934525229010509051
0.9857675633143413441 -0.168113982521385541 -5.817495414698465361e-07 142.7192069420514713 0.1681139825210844208 0.9857675633144201699 -5.330141276346215637e-07 -77.88717210168657346 6.630769556908299052e-07 4.276278055641898031e-07 0.9999999999996886935 0.4934505512936288585
0.9415508665235271524 -0.3368708443112070072 -2.020620272842986279e-06 143.6097051573676993 0.3368708443021790067 0.9415508665211886896 -3.816906547387779272e-06 -77.5783222812954989 3.188321300081088802e-06 2.913123609805571629e-06 0.9999999999906741266 0.4934465251869233904
0.8666079920625254784 -0.4989895671144722877 -2.549893937135973206e-06 144.4259631242071009 0.4989895671053386494 0.8666079920645035628 -3.491243038401049112e-06 -77.11453008019707056 3.951852317262011802e-06 1.753168647454996331e-06 0.9999999999906545867 0.493452926347001275
