0.9999727208254474142 0.007386311999347235611 0 -0 -0.007386311999347235611 0.9999727208254474142 -0 0 -0 0 1 0.4949999999999998845
0.999979453848190758 0.006410285513817982027 1.110575687254373234e-05 0.002027680211375656582 -0.006410285581534446407 0.9999794538909884123 6.072593742557847063e-06 0.0002151975434227337933 -1.106660163275385175e-05 -6.143660047275778425e-06 0.9999999999198926348 0.4950016215899879501
0.9999717440677814428 0.007517383457543417961 3.771481348450553672e-06 0.009090268381524114691 -0.007517383445777872826 0.99997174407010192 -3.124139565886484492e-06 -0.0004347660248338601247 -3.794860136827968458e-06 3.09569961895778415e-06 0.9999999999880075929 0.4949989391434654329
0.9999752142319928705 0.007040662175818447957 -1.964989403710094428e-07 0.008494788339184700804 -0.007040662177009644404 0.9999752142080637896 -6.919448974743969546e-06 -0.003070821491024410856 1.477765673140873389e-07 6.920660953544261651e-06 0.9999999999760410541 0.4949972707997368215
0.9999743524508093451 0.007162013799948976911 1.070677011242324386e-06 0.0227313652520434728 -0.007162013793280079706 0.9999743524327767696 -6.107869766458913362e-06 -0.007147237451553795952 -1.11439419853525261e-06 6.100044911046352192e-06 0.9999999999807736017 0.494995921788141946
0.999981629609474898 0.006061389751032915038 -3.123662319409705126e-07 -0.004826923499414434611 -0.006061389750793885756 0.999981629609235867 7.605007337534439321e-07 -0.006161520481247611397 3.169701850044079543e-07 -7.585933895812088922e-07 0.9999999999996618261 0.4950026679465013291
0.9999742788793809511 0.007172278672241469769 7.363651798482950832e-07 -0.006710581114167466464 -0.00717227867256125997 0.9999742788795562554 4.325934183397761979e-07 -0.009952460917178265407 -7.332435591627038717e-07 -4.378637078269261636e-07 0.9999999999996350697 0.495000862792258467
0.9999774539680151841 0.006715024668922605668 1.254735729568994107e-06 0.02065277921715168163 -0.006715024672204062371 0.9999774539653227823 2.629624238363603536e-06 -0.008461080396928343655 -1.237049448623175678e-06 -2.637990532152541684e-06 0.9999999999957551733 0.4950022690333676922
0.9999784634875935607 0.006562968934400402292 1.41077683534139625e-06 0.01529058760132231791 -0.006562968933503290046 0.9999784634883900347 -6.395749873679982157e-07 -0.0123396019819186787 -1.414943962903061016e-06 6.30302328610801176e-07 0.999999999998800071 0.4949959557168692736
0.9999773716237130294 0.006727275813712099012 1.699811436587186526e-06 0.007891879432239023301 -0.00672727580358267914 0.9999773716078429464 -5.896187630465347829e-06 -0.02313235772392350023 -1.739438253026666906e-06 5.884619108965064257e-06 0.9999999999811726159 0.4949882851190625654
0.9999780040543657655 0.006632601977941171741 8.257338422762361154e-07 0.01931476080317123811 -0.006632601976926402743 0.9999780040539620884 -1.225635897337622516e-06 -0.02377558780521478454 -8.338448345560287099e-07 1.220132174402421336e-06 0.9999999999989077626 0.4949973411440201643
0.999979160680541268 0.006455866081827002848 -7.876152871352501291e-08 0.009356401504262111535 -0.006455866081208874036 0.9999791606610278771 6.248215805119815568e-06 -0.01554549126021731106 1.190975318633282645e-07 -6.247577122672885441e-06 0.9999999999804766171 0.4950078726416345942
0.999976014936291846 0.006926005631979926559 5.926748984179544902e-07 0.001955552222264358986 -0.006926005632969327828 0.9999760149350427341 1.683977298127829886e-06 -0.02006480853690788616 -5.809974468212739087e-07 -1.688041777509939676e-06 0.9999999999984062748 0.4949994010686961099
0.9999796168775062499 0.006384812584412793458 1.020260379042786417e-07 0.004503708710597421547 -0.006384812584858580962 0.9999796168638689364 5.222897562891020903e-06 -0.0152892728857579787 -6.867673620667447281e-08 -5.223442521061023873e-06 0.999999999986355248 0.4950058514792011755
0.9999780329965493042 0.006628237048248661507 4.660070643433183013e-07 0.005482873539046938249 -0.00662823704939597292 0.9999780329935121781 2.505193695348140982e-06 -0.01587636307336575889 -4.493918098982912787e-07 -2.508227469038800447e-06 0.9999999999967531528 0.4950009818123354832
0.9999788896028540819 0.006497718693612235773 1.6291531268980218e-06 0.02399341976629546999 -0.00649771868757328605 0.9999788895974303093 -3.685079260420685931e-06 -0.02314206869533397617 -1.653063343217193446e-06 3.674415688216578779e-06 0.9999999999918828264 0.4949911309961421702
0.9999809004675974666 0.006180509867889644529 -1.35762035676443863e-07 0.008988405736210748273 -0.006180509867442934152 0.999980900462880351 3.075422658181667021e-06 -0.01654095219543033971 1.547671227714555504e-07 -3.074524840445822516e-06 0.9999999999952614571 0.4950053738491057009
0.9999799801234539043 0.006327665789409885229 4.321885136757708394e-07 0.01131831625738676655 -0.006327665789937566426 0.9999799801227866602 1.230745383717034473e-06 -0.01809820343137636192 -4.243921158546618021e-07 -1.233455488819221705e-06 0.9999999999991490141 0.4950001142614830485
0.9999801907828645975 0.006294286554627662872 9.30902760674230084e-07 0.02437994109822562427 -0.006294286554227580995 0.9999801907832071013 -4.320619707465306004e-07 -0.01949777162374731823 -9.33603842072878724e-07 4.261940432073047841e-07 0.9999999999994731992 0.4949978012124471305
0.9999821460276510088 0.005975585996057231758 -4.124635754037672919e-07 0.01820944242921130815 -0.005975585993622667055 0.9999821460116710137 5.670827756815845489e-06 -0.01004566976068862506 4.463427302135898548e-07 -5.668261798449816978e-06 0.9999999999838355969 0.495010399863074213
0.9999828020695886721 0.00586477342101744941 -8.033133972983589902e-08 0.007540627486480597393 -0.005864773420685008738 0.9999828020629264458 3.651638526870080396e-06 -0.00991140143064641807 1.017459907718905569e-07 -3.651104601138717882e-06 0.999999999993329336 0.4950051844219873765
0.9999821595548796793 0.005973321817532718792 8.099421828074659067e-07 0.01223769517205753471 -0.005973321816984691023 0.9999821595549814868 -6.773373421784819076e-07 -0.01339519907890890545 -8.139736870023571963e-07 6.724872128677320038e-07 0.999999999999442335 0.4949984083687816727
0.9999818274370601001 0.006028664606168703324 9.677297573343839536e-07 0.02027615785343518315 -0.006028664604482745527 0.9999818274360322556 -1.735719721391748742e-06 -0.01383497004322885131 -9.781762432541682418e-07 1.72985406078105221e-06 0.9999999999980251353 0.4949975016459819965
0.9999800557150142488 0.006315708342366573198 1.601171469552445018e-06 0.01876312253243257733 -0.00631570833099270347 0.9999800556917856076 -7.01168865879129508e-06 -0.02416990866246411171 -1.645423315851265711e-06 7.001436283684922708e-06 0.9999999999741360224 0.4949895982191435673
0.999982114729788929 0.005980821243120521859 -1.722747701274296601e-07 0.0004931067645228281743 -0.005980821242928366539 0.9999821147292053958 1.09499352375036405e-06 -0.02116136806951645841 1.78820649474495265e-07 -1.093943594890504771e-06 0.9999999999993853805 0.4950056586756050314
0.9999823093239749161 0.005948196465993213847 -3.53113158415626399e-07 0.002743701626505354839 -0.005948196464343645344 0.9999823093139134089 4.501872696288525783e-06 -0.0192034818850498612 3.798849348640490869e-07 -4.499692668676744984e-06 0.9999999999898040448 0.4950094859605522202
0.9999820050023286999 0.005999139333269924365 1.007666001057467502e-06 0.02735534981578694597 -0.005999139334032070787 0.9999820050025467477 7.550577334639494538e-07 -0.02226862987683044318 -1.003118171562600694e-06 -7.610892749443457647e-07 0.9999999999992070787 0.495000020463568724
0.9999830862556248201 0.005816115964049242519 -3.265127615316139185e-08 0.01240893683827253013 -0.005816115963929171899 0.9999830862513675589 2.918316196369658692e-06 -0.01874532681270774451 4.962398931556862415e-08 -2.918076933107030375e-06 0.9999999999957409624 0.4950057104637412553
0.9999839951089803947 0.00565769636011750638 -1.098714654423437505e-07 0.01904617871845166316 -0.005657696359575167637 0.9999839950991731286 4.430832135979625996e-06 -0.01397021880589771441 1.34938009808325176e-07 -4.430139601604114193e-06 0.9999999999901776349 0.4950074473589834434
0.9999830339591079253 0.005825100528714095664 2.466668341341298521e-08 -0.004871782475212815995 -0.005825100528756222557 0.999983033956288847 2.374438455434794644e-06 -0.01462235728869905327 -1.083492221525889729e-08 -2.374541856525458678e-06 0.9999999999971804776 0.4950040072145991399
0.9999835110032179175 0.005742623411986266801 5.076436728004882129e-07 0.007611015425684417891 -0.005742623412352633461 0.9999835110030830254 7.232558975558632788e-07 -0.01603681565565743053 -5.034819160154193559e-07 -7.261591782322194507e-07 0.9999999999996094235 0.4950016073413715523
0.9999838613027954848 0.005681297051212379039 9.371462599751260401e-09 0.0165207041251615519 -0.005681297051208892245 0.9999838612961899909 3.634657899966873675e-06 -0.01219626552016002223 1.12782598527909796e-08 -3.634652483386417925e-06 0.999999999993394395 0.4950072797675969527
0.9999844833837968627 0.005570726506654176749 -2.47539987554685042e-07 0.00872049991463327151 -0.00557072650551765098 0.9999844833742571604 4.376432221377273587e-06 -0.00929419158474441634 2.719160535494106545e-07 -4.374985336388318653e-06 0.999999999990392574 0.4950074219465184222
0.9999835077138662376 0.00574319616700061375 5.401024616272196977e-07 0.01066501305153415118 -0.005743196166722534975 0.9999835077138812256 -5.149735827741988426e-07 -0.01293195875479929285 -5.430511484095979927e-07 5.118631752952513946e-07 0.999999999999721334 0.4949987269400736856
0.9999835909847754056 0.005728678963506816067 8.712674578308777318e-07 0.01853403359497973052 -0.005728678961406183032 0.9999835909822997193 -2.394666467579653164e-06 -0.01474241661789526918 -8.849714366051311741e-07 2.389635961905713552e-06 0.9999999999967530417 0.4949958090522747489
0.9999839719109981928 0.005661795059245917049 -2.090949811669269711e-07 0.006518976183431923407 -0.005661795058862436475 0.9999839719094182344 1.791084866175939587e-06 -0.009895878201685442965 2.192323852196840111e-07 -1.789872305577085052e-06 0.9999999999983739674 0.4950041939139195324
0.9999843279470406188 0.005598558939191560467 -5.852289084947110381e-07 -0.003101098625827143195 -0.005598558936310948052 0.9999843279356450676 4.813068714250591665e-06 -0.004567420806124337408 6.121659856249883447e-07 -4.809716845047328702e-06 0.9999999999882457358 0.4950086731209978885
0.9999860155179749466 0.00528855089808412393 -3.394767820179364981e-07 0.008298174550345073508 -0.005288550895833205728 0.9999860154980709792 6.320317813192001617e-06 0.00237569270087101183 3.728973570511501014e-07 -6.318434086581508995e-06 0.9999999999799689121 0.4950092680657196542
0.9999862938542983803 0.00523565713630482453 3.580554465429666635e-07 0.0001590372062127401638 -0.005235657136370827289 0.9999862938543453428 1.837096596744050939e-07 -0.0009080539407136582579 -3.570886981921862884e-07 -1.855817972769430389e-07 0.9999999999999188427 0.4949991916036789452
0.9999875681626766433 0.004986333553367176645 1.526920812482422796e-07 -0.002551809511866162238 -0.004986333553454237212 0.9999875681625223223 5.753424250103885126e-07 0.002268339630941834661 -1.498213337665924705e-07 -5.760966460950322129e-07 0.9999999999998225864 0.4950015726569124141
0.9999879681278628363 0.004905466512546623886 1.879479925305903128e-07 -0.01207180177841622043 -0.004905466512481975946 0.9999879681278219801 -3.427810280667095353e-07 0.001676427327810038311 -1.896272320186899961e-07 3.418549311857594083e-07 0.9999999999999233946 0.4950009125730163717
0.9999883771368179852 0.004821368422025151292 2.118437841844218216e-07 -0.009460804731447343408 -0.004821368421975357789 0.9999883771368131002 -2.348287670502973654e-07 0.001466648264619587177 -2.12973517955139319e-07 2.338046607362094914e-07 0.9999999999999498179 0.495001584892137414
0.9999893787571124681 0.004608945123309169875 -2.175892959009975372e-07 -0.005297777726693408615 -0.00460894512246639524 0.9999893787501961118 3.726592592309052516e-06 0.007807252409679331893 2.347626455856841129e-07 -3.72555015413993893e-06 0.9999999999930323513 0.4950080121591233229
0.999988688099227474 0.004756435038259042465 1.243032344113181826e-06 -0.0002274915402063813037 -0.00475643503177958487 0.9999886880866942773 -5.16458754709775385e-06 -0.003401154417851506417 -1.267583308206136222e-06 5.158616723208741777e-06 0.9999999999858907307 0.4949906395181075669
0.999989647532375181 0.004550256069536188358 1.012289238834730703e-07 0.00229271067620193808 -0.004550256069553679575 0.999989647532365189 1.734610818518323385e-07 0.001437753636813390813 -1.004385835737895679e-07 -1.739199036269138902e-07 0.9999999999999795719 0.4950028218015653514
0.9999895271491837656 0.004576635665630520225 4.104018988695907831e-07 0.003842178797899044925 -0.004576635664970756315 0.9999895271480000458 -1.594331931964816505e-06 -0.004623058824331748029 -4.17694277173904103e-07 1.592436974797009794e-06 0.9999999999986446397 0.4949995037690745892
0.9999896172403885952 0.00455690826612468753 8.413211363156572143e-07 0.009963939078182160181 -0.004556908262431198439 0.9999896172313369469 -4.341007707896788224e-06 -0.01423650022455934076 -8.610939749801937854e-07 4.337128813019883002e-06 0.9999999999902237091 0.4949944890063890934
0.9999898605073138658 0.004503208277174484617 -8.918082821965759435e-08 0.008295205404120643139 -0.004503208277087274863 0.9999898605068623381 9.548512654183329364e-07 -0.01169877049614228073 9.347981809317546601e-08 -9.544399838671135639e-07 0.9999999999995399236 0.4950039653026422348
0.9999896531113543485 0.004549029823395101674 -3.626714160211997581e-07 0.008298439332193341747 -0.004549029822499115264 0.9999896531084616624 2.434149563095067191e-06 -0.01216771895993111474 3.7374068245646711e-07 -2.432474574133350824e-06 0.9999999999969714226 0.4950052493564395806
0.9999893868530227437 0.004607188226028886488 4.449008050185652966e-07 0.0211053429921313554 -0.004607188226042744326 0.9999893868531213315 3.017598939868353704e-08 -0.01566165178647425243 -4.447570567579094456e-07 -3.222541088710350581e-08 0.999999999999900302 0.4949999494901568542
0.9999902049551098182 0.004426058644983141624 -9.701442453416756443e-07 0.006583718535944506345 -0.004426058639071247386 0.9999902049375251067 6.013523378706457661e-06 -0.008910475615656042805 9.967509498551398763e-07 -6.009170560656806217e-06 0.9999999999814479512 0.4950106779052954598
0.9999906908766957869 0.004314876719222908268 -1.038744669373919351e-06 -0.01430160080908519753 -0.004314876712791504247 0.9999906908585595167 6.116100594544069609e-06 -0.00699038613581384749 1.065125219620557173e-06 -6.111561603825102218e-06 0.9999999999807569484 0.4950101251208517961
0.9999913006882830135 0.004171156904101459145 -2.643774237719674694e-07 0.0034153484010917101 -0.00417115690268322209 0.9999913006750352773 5.155292813001502301e-06 -0.003106244457190700855 2.858786590765876295e-07 -5.154145205786243824e-06 0.9999999999866763245 0.4950075406202151806
0.9999909495850637375 0.004254497387403612975 1.474970597990905543e-06 0.1205579728233564102 -0.004254497386306585124 0.9999909495858778641 -7.460895999043586619e-07 -0.007017414701640609792 -1.478131485149735363e-06 7.398075889298749836e-07 0.9999999999986336485 0.4949985453136961921
0.9999931217837708664 0.003708959924503982004 1.91298068715502913e-06 0.2951273541180896021 -0.003708959920719468936 0.9999931217836580677 -1.97808943995129728e-06 -0.00862858859437965614 -1.920304183719834105e-06 1.970980665526675254e-06 0.9999999999962135844 0.4949972275990573989
0.999994212467725907 0.003402209250350527858 2.345667020629697901e-06 0.5326923909855553196 -0.003402209237927768422 0.9999942124565808221 -5.279840758257523088e-06 -0.01430669188772439558 -2.363616568048128494e-06 5.271829751002027057e-06 0.9999999999833103503 0.4949927159104426933
0.9999967791793040739 0.002538037131297205679 8.778547987000321031e-07 0.8291995727143780526 -0.002538037133017633732 0.9999967791777558679 1.964303381285798938e-06 -0.008198801190459566873 -8.728664963669514562e-07 -1.966525082693306494e-06 0.999999999997685185 0.4950057156174847983
0.9999988442386761323 0.001520369005449133263 1.277460749813087966e-06 1.168133478951625559 -0.001520369006750258052 0.9999988442389716736 1.018189125548308451e-06 -0.009350587294595993915 -1.275911250185573354e-06 -1.020130160496047602e-06 0.9999999999986655119 0.4950027515884958262
0.9999999570991383591 0.0002929217649453561586 8.908387900927982891e-07 1.605105695412021527 -0.0002929217690583654082 0.9999999570888599143 4.620411059885350431e-06 -0.0006279779824190668278 -8.894853329034373613e-07 -4.620671807740079347e-06 0.999999999988928856 0.4950101183891049694
0.9999999522624064552 0.0003089906387582091215 1.484126022023743457e-06 2.101918344440104391 -0.0003089906423777195204 0.9999999522605317326 2.439221425270715947e-06 0.001954810195660220198 -1.483372254586052565e-06 -2.439679889881092897e-06 0.9999999999959235941 0.4950045199946274121
0.9999984451321022316 0.00176344373748870244 1.339855115434626789e-06 2.610227100903957709 -0.001763443738433393597 0.9999984451327501578 7.042318506556404408e-07 0.00498287025821590214 -1.338611158891019169e-06 -7.065935147818472154e-07 0.9999999999988542498 0.4950008936929307102
0.9999959736744346017 0.002837714586119666552 3.616629957297358919e-06 3.233829101712324849 -0.00283771454472044873 0.9999959736160994872 -1.140108120543615367e-05 -0.007793522504901384367 -3.648968409791158197e-06 1.13907723375386547e-05 0.9999999999284674423 0.4949847841832217266
0.9999915160662022906 0.004119195886734685653 4.805994661489612391e-06 3.876313455665409968 -0.004119195778107196705 0.9999915158273702254 -2.239760066380464746e-05 -0.03236055153004042256 -4.898213991127981169e-06 2.237761381112425218e-05 0.9999999997376247673 0.4949705311562562771
0.9999877879169490891 0.004942064226088044472 4.514939033432588403e-06 4.530163618455908647 -0.004942064099444802572 0.999987787545692397 -2.764309743904485569e-05 -0.05772706750752516075 -4.651497857897307334e-06 2.762044674113491277e-05 0.9999999996077370001 0.4949646791231149812
0.9999742839607539402 0.007171569136004942585 3.941771108225852773e-06 5.241391746376329763 -0.007171569024373739172 0.9999742835873308699 -2.763993103858556361e-05 -0.09011607414819414186 -4.139891416384444693e-06 2.761095156545128725e-05 0.9999999996102481026 0.4949560521195873197
0.9998977444321331953 0.01430037295595287632 3.884025445668647252e-06 5.96304280499218553 -0.01430037281904912409 0.9998977438889802283 -3.324448949447210498e-05 -0.1328224382579034635 -4.359036878832332954e-06 3.318554704840871684e-05 0.9999999994398589553 0.4949553231973072842
0.9996979955675798779 0.02457473571914453592 4.972900132161862401e-06 6.757209042129491472 -0.0245747354920705513 0.9996979947248182397 -4.148378872044221105e-05 -0.197313470068351815 -5.990851434522577302e-06 4.134905272699871797e-05 0.999999999127182515 0.4949464839195865107
0.9994402899596541712 0.03345305344008533271 4.809351688441071381e-06 7.607671670259958496 -0.03345305313986424167 0.9994402885850831586 -5.282820983521456905e-05 -0.2829180240741211438 -6.573924766164187295e-06 5.263775385815459574e-05 0.999999998593025019 0.4949332851367834185
0.9990379760961433098 0.04385341836773044844 4.173633957720558632e-06 8.425503567008036043 -0.04385341813996144339 0.9990379751297235877 -4.436638505317261008e-05 -0.3549498463731288744 -6.115236463254316711e-06 4.414067541511270808e-05 0.999999999007102125 0.4949549508505918238
0.9987076193367754318 0.0508241190835811707 5.301176321670660499e-07 9.218122578152405211 -0.05082411907021362751 0.9987076192282490217 -1.477876646744697534e-05 -0.4043020822258221458 -1.280550305182453554e-06 1.473272391377965849e-05 0.9999999998906532461 0.4949820743765334652
0.998508885600466245 0.05458942552022313932 7.208152850378039418e-07 10.04312314278714702 -0.05458942552211765165 0.9985088855962933607 2.940416220892598464e-06 -0.4526467214485753732 -5.592248346949930345e-07 -2.975380616242780305e-06 0.9999999999954169994 0.4949931623973611861
0.9985083473847390367 0.0545992692709763236 -5.524422806144170017e-07 10.83242200920926734 -0.05459926926199386993 0.9985083473284022126 1.066732507964374879e-05 -0.4970214168527739562 1.134046383035140937e-06 -1.062125019145988607e-05 0.9999999999429513009 0.4949949200382086634
0.998608194749195488 0.05274157166637540028 -3.820904725090984265e-07 11.63940769053374069 -0.05274157165456839352 0.9986081946352596272 1.513096039581411054e-05 -0.5314655081420267546 1.179589309036560031e-06 -1.508974899365113866e-05 0.9999999998854538497 0.4949860842949252437
0.9986924340512260967 0.05112164091675181626 1.024044702154381085e-06 12.47517869985117045 -0.05112164092700204748 0.9986924338607066076 1.950746745760473748e-05 -0.5624654918609385268 -2.545194941386772825e-08 -1.953431100296709584e-05 0.9999999998092048425 0.4949688093096932806
0.9987913493133654397 0.04915120076699398821 1.47717162742041772e-06 13.35069267226495704 -0.04915120077991819159 0.9987913492576536711 1.059247617584995721e-05 -0.6044361185416400328 -9.547533196975565323e-07 -1.065227833149259616e-05 0.9999999999428085262 0.4949562616204702392
0.9988887558488876994 0.04713017543445890273 2.100244024239805884e-06 14.26650988519293151 -0.04713017543566977441 0.9988887558508975362 5.308084247614899521e-07 -0.6540207708385500363 -2.072893046175086011e-06 -6.292034363242481491e-07 0.9999999999976534326 0.494942652074914502
0.9990192464293535801 0.04427804494282604891 1.414292840652005966e-06 15.20696832772890872 -0.04427804494669987379 0.9990192464261561378 2.83648365515616574e-06 -0.6937664926834793411 -1.287311817131479767e-06 -2.896323885649476748e-06 0.9999999999949767959 0.4949451364678931764
0.9992345594006124543 0.03911898901227895547 5.947616884135178275e-07 16.15271237596789078 -0.03911898901496038694 0.9992345593855838093 5.493459096208386054e-06 -0.727063178070769256 -3.794078676373193676e-07 -5.512520655540641879e-06 0.9999999999847338783 0.4949474871235498008
0.999411681705988042 0.03429709128575642724 1.085332478957092895e-06 17.08691285589577546 -0.03429709128509889765 0.9994116817064083724 -6.187386163601040957e-07 -0.7663659540971085038 -1.10591489281241735e-06 5.811508540074162633e-07 0.9999999999992194022 0.4949308390697159665
0.9995799866104839726 0.02898017197482475812 1.525384091517000782e-06 18.01978781656046991 -0.02898017196542234525 0.9995799865947312401 -5.862081867168134911e-06 -0.8060599970807550418 -1.69462755039140083e-06 5.815413821008009011e-06 0.9999999999816543417 0.4949179500392478781
0.9997663482187688633 0.02161594249928893222 1.186352141648706446e-06 18.95581764729372054 -0.02161594249232500625 0.9997663482039474969 -5.598590734753659969e-06 -0.8344984483716491042 -1.307093763739568268e-06 5.571638494386570833e-06 0.9999999999836239883 0.494918917559125926
0.9998890793505019747 0.01489392481136187808 1.245596365286883951e-06 19.92783769547698114 -0.01489392481192804499 0.9998890793511696629 4.465191931473636571e-07 -0.8454237212070381258 -1.23880777964029746e-06 -4.650214835590448659e-07 0.9999999999991243671 0.4949284542348255655
0.9999345231381908672 0.01144331403276673161 1.605874732170809255e-06 20.90720437116458541 -0.01144331402608740264 0.999934523131115971 -4.108607224685351176e-06 -0.8634898156579082773 -1.652785667230934716e-06 4.089961677131068627e-06 0.9999999999902700054 0.4949183395109787442
0.9999320716225946759 0.01165556264750290498 1.465871414591809721e-06 21.92302448686020711 -0.01165556264821351017 0.9999320716235471362 4.771759694670221281e-07 -0.8684996454215239137 -1.460210085920533875e-06 -4.942291117846451627e-07 0.9999999999988115063 0.4949297402821306591
0.9999329666938195915 0.01157851968251773223 1.758034553370797168e-06 22.94001437764435636 -0.01157851967200305976 0.9999329666782119652 -5.877718093072246779e-06 -0.8908840566446055709 -1.82597198110376966e-06 5.856968652535415663e-06 0.9999999999811806095 0.4949165952390256473
0.9999515428217329305 0.009844389769509472032 8.569833957432665624e-07 23.92395350259083386 -0.009844389759299842016 0.9999515427595004891 -1.119796722922880965e-05 -0.9172444475747402182 -9.671790227237032113e-07 1.118898812876959049e-05 0.9999999999369353354 0.494912290511895725
0.9999671439582430432 0.008106232549541007859 2.826815927822024669e-07 24.89613305421278966 -0.008106232547047845932 0.9999671439269284257 -7.921329861542658095e-06 -0.9354926997246413301 -3.468844469338631692e-07 7.91877811527011946e-06 0.9999999999685861285 0.4949197135333558983
0.9999814885092251915 0.006084623333209263941 4.960294689231785006e-09 25.81436897161654898 -0.006084623332893156558 0.9999814884649492752 -9.410310481123551336e-06 -0.958473566483361572 -6.221839759341737877e-08 9.410106100723084513e-06 0.9999999999557227515 0.4949180456716656962
0.9999935903337355825 0.003580404115468077079 2.183314452276068297e-07 26.75341876167349042 -0.003580404111798260892 0.9999935902217051975 -1.497107537116422468e-05 -0.9860926765531604632 -2.719325456437457226e-07 1.497019769676324397e-05 0.9999999998879094409 0.4949128620334177775
0.9999997977093573187 0.0006360684572486587996 6.283574118708625004e-07 27.70722537531053575 -0.0006360684497977917278 0.9999997976400865074 -1.178753073271760494e-05 -1.002262547569031215 -6.358549612046170237e-07 1.17871286698855432e-05 0.9999999999303293974 0.4949230871037360591
0.9999981354894307284 -0.001931066996875617156 3.852257451752338976e-07 28.61176977209611039 0.001931066999752915165 0.9999981354605127493 -7.614010852849404902e-06 -1.012739834174887665 -3.705218618348849458e-07 7.614740553169657476e-06 0.9999999999709390242 0.4949266889460065544
0.9999844008247537053 -0.00558552677702318489 1.174739918651022552e-07 29.49695250082623588 0.005585526777915284652 0.9999844007753043718 -9.944913502963729864e-06 -1.028428564358932817 -6.192457869597392336e-08 9.945414524642461212e-06 0.9999999999505422288 0.4949233863282688772
0.9999421318287424754 -0.01075792712446278082 8.415829558423324917e-08 30.34838322154338641 0.01075792712477288866 0.9999421318111095802 -5.93837398190007937e-06 -1.032554822611851497 -2.026883096103391366e-08 5.938935707868346036e-06 0.9999999999823641073 0.4949287479144035551
0.9998670517135765934 -0.01630579343822514959 4.27164827365316001e-07 31.20923598186204373 0.0163057934401426366 0.9998670517013613646 -4.954499898550522297e-06 -1.031407078221409979 -3.46320984592828582e-07 4.960806467718836905e-06 0.9999999999876350021 0.4949284264639582376
0.9997733265749718656 -0.02129073667476620579 1.81471281426069479e-06 32.08605830275640614 0.02129073670232978915 0.9997733264342699711 -1.683625184117567989e-05 -1.04402773115197478 -1.455845262295853754e-06 1.687107208302496861e-05 0.9999999998566234671 0.4949107200236295134
0.9996878494129282089 -0.02498406963480335682 1.694236449386775988e-06 33.01930301450324379 0.02498406965755062617 0.9996878492999300425 -1.508838749108072973e-05 -1.040235991147749006 -1.316738268538949e-06 1.51260065635352671e-05 0.9999999998847348692 0.494919222481378096
0.9995786700098124866 -0.02902554838500539733 2.143998377807377905e-06 33.99750747960208486 0.02902554840055637103 0.999578669982629453 -7.618193240862118823e-06 -1.026529505678014154 -1.921972810414643195e-06 7.677214196264464216e-06 0.9999999999686829399 0.4949325569881616871
0.9994708806109080523 -0.03252627870842478286 2.543685975885227297e-06 35.00267045603079197 0.03252627873737772013 0.9994708805373029303 -1.231743849667144884e-05 -1.022593908457872125 -2.141699624611757773e-06 1.239365774021092225e-05 0.9999999999209049362 0.494925158737101023
0.9992357421576143484 -0.03908876552302962409 2.615341419189737687e-06 36.05849066246301504 0.03908876556207920017 0.9992357420136963597 -1.707053845402759572e-05 -1.015203672498794063 -1.946076348641901109e-06 1.715972262873985928e-05 0.999999999850878174 0.4949204982123940333
0.9990346264403852095 -0.04392966162822753429 2.140536078004362527e-06 37.16802564723939639 0.04392966163359647569 0.9990346264392405695 -2.529281109522275063e-06 -0.9759529414598280272 -2.027359197764826668e-06 2.620872434035544815e-06 0.9999999999945101692 0.4949381580988430618
0.9986572138290388256 -0.05180510850505017778 1.494702030359864504e-06 38.29623848981483292 0.0518051084731220926 0.9986572136933568045 1.66295461639534792e-05 -0.9146213874859313586 -2.354190408354315348e-06 -1.652978303851737894e-05 0.9999999998606118323 0.4949465755608347117
0.9983190051331194415 -0.05795829523485458712 2.391799732072485265e-06 39.41883265269795089 0.05795829524612888112 0.9983190051230604878 -4.949547183741804726e-06 -0.8803460288839812797 -2.100911812022062395e-06 5.079851655373618528e-06 0.9999999999848904197 0.4949180548690989556
0.9984589615583981947 -0.05549506358444732113 1.927642004399344997e-06 40.53166139810050339 0.05549506359209811779 0.9984589615511152427 -4.172539156373503011e-06 -0.8335553702470396287 -1.693116108163336248e-06 4.273083728751385202e-06 0.999999999989436783 0.4949171831510849051
0.9982893191950277245 -0.05846738559107571981 2.346315519740513426e-06 41.70440763388032934 0.05846738560106443799 0.9982893191873172256 -4.442038139822150888e-06 -0.7811246016496328215 -2.082587366069147842e-06 4.571622164675833108e-06 0.9999999999873813161 0.4949163147022808129
0.9984392937479491525 -0.05584779935376230076 3.109834320965261643e-06 42.86061466405442388 0.05584779939595407167 0.9984392936265955587 -1.572535072458957115e-05 -0.7457535193546985797 -2.226754550685899427e-06 1.587448547470993288e-05 0.9999999998715208838 0.4949005433986701785
0.9985039177400497623 -0.05468021798064229971 4.646894280668938271e-06 44.04900508751561716 0.05468021808940871226 0.998503917355087478 -2.790110692153645688e-05 -0.7221899396112620995 -3.114303534412019155e-06 2.811345776314359035e-05 0.9999999995999671043 0.494884324239328266
0.9985482890747860996 -0.05386385035000994248 3.677186894974901276e-06 45.28244787877103761 0.05386385040756312692 0.9985482889174033261 -1.793405033421478765e-05 -0.6768709417959402064 -2.705851678634990582e-06 1.810608272224285617e-05 0.9999999998324238248 0.4949058176564262723
0.9985680033996872096 -0.05349712676583566473 4.049070272384231576e-06 46.55499500947018277 0.05349712683641447142 0.9985680032040019638 -1.999133420120352783e-05 -0.6396904855062969242 -2.973793076747439756e-06 2.017932030452298104e-05 0.9999999997919756245 0.4949077189230709495
0.9986093816868337747 -0.05271909303272855757 6.251279083199487495e-06 47.87521353449560024 0.05271909320677411331 0.9986093811827745359 -3.205376788363453283e-05 -0.613339967276935627 -4.552740365767882208e-06 3.233875509165832259e-05 0.999999999466738565 0.4949015441246903402
0.9985880029043124884 -0.05312250388984186833 6.187338947530661026e-06 49.21868795090455961 0.05312250405433383699 0.9985880024507123309 -3.04421761372906397e-05 -0.574041112570315093 -4.561437819831670454e-06 3.072787881132411935e-05 0.9999999995174951861 0.4949035944591913538
0.9986992117170123695 -0.05098906234996098547 6.222734648662104534e-06 50.59611544774931247 0.05098906251706514237 0.9986992112602548488 -3.056154872838494948e-05 -0.541843578586123531 -4.65633547187767799e-06 3.083908602991686075e-05 0.9999999995136343856 0.4948960239817712381
0.9986604424853264828 -0.051742831404195333 3.939749892324042495e-06 51.99192577800150161 0.05174283146783469067 0.9986604423227373184 -1.82668750469652405e-05 -0.4927478623599566565 -2.989292534272688423e-06 1.844625933193041388e-05 0.9999999998253995548 0.4949200635992377917
0.9986744593215670651 -0.05147158721721162289 3.216987511328016454e-06 53.40633393261428807 0.05147158725719169076 0.9986744592277915222 -1.391171852209497801e-05 -0.4442082408774584712 -2.496665029966738021e-06 1.405886142668165635e-05 0.9999999998980573235 0.4949252277419693979
0.9988160034178777957 -0.0486476239221136017 2.302808605884432821e-06 54.87144845062989162 0.04864762394103650661 0.9988160033787553127 -9.034054591476025487e-06 -0.3913985282830240164 -1.860596798017708974e-06 9.13538446878426591e-06 0.9999999999565412079 0.4949303510614301294
0.9989635183695072529 -0.04551800708561693637 3.808901467122296306e-08 56.35738273259808295 0.04551800708495444547 0.9989635183588364553 4.623977301677584682e-06 -0.3315645139013745912 -2.485237676882840549e-07 -4.617450898104917544e-06 0.9999999999893084413 0.4949474008311534057
0.9990775515795310424 -0.0429423559171425856 6.063248607883807792e-07 57.86148119631053532 0.04294235591611645503 0.9990775515784543481 1.614618635213915749e-06 -0.2824115102426481561 -6.751010854814091856e-07 -1.58709221483143922e-06 0.9999999999985124122 0.4949370747422814909
0.9991990537740516043 -0.04001563363550388053 2.005390598968778142e-06 59.41366421600253034 0.04001563364180219656 0.9991990537706695319 -3.205653694045365835e-06 -0.2384453352718922947 -1.875508125146974211e-06 3.283333113334476075e-06 0.9999999999928508299 0.4949272483581132476
0.9992607103558923676 -0.03844519102605237909 5.314168700854549777e-06 60.98492336316637363 0.03844519115497115058 0.9992607100065044046 -2.676914146132442252e-05 -0.2223234075333728466 -4.281095232026238582e-06 2.695365554379453146e-05 0.9999999996275861225 0.494889669835134105
0.9993498139180294615 -0.03605481111220031065 4.460481898327176731e-06 62.52429140784398953 0.03605481122412117212 0.9993498135244703873 -2.825653699966471807e-05 -0.2024911393062648612 -3.438797649114749939e-06 2.839898682539565192e-05 0.999999999590835853 0.4948877309045785489
0.9994185696565124344 -0.03409578553948013069 6.034005546497872157e-06 64.04227353537832812 0.03409578574933766482 0.999418568906814464 -3.89951628940393168e-05 -0.2004943580242851131 -4.700926476944507881e-06 3.917822408340718122e-05 0.9999999992214837485 0.4948676760052481693
0.9994976513525165585 -0.03169297882010594508 6.045174553075084884e-06 65.54583217127674288 0.03169297902746931461 0.9994976506413459916 -3.801350808087968608e-05 -0.194387192183697044 -4.837376457030254417e-06 3.818600163683714678e-05 0.999999999259214345 0.4948703120901882246
0.9995040764423041013 -0.03148969912946243677 5.117132645605502603e-06 67.04881995703399866 0.03148969927792848872 0.9995040759344906434 -3.212410227086542755e-05 -0.1852962100114548261 -4.103016621066463692e-06 3.226930813995487583e-05 0.9999999994709283246 0.4948729109067524501
0.9995157965929017951 -0.03111546775272004683 5.478958802524006586e-06 68.58154617181955359 0.03111546790155167441 0.9995157961656625512 -2.957738701309869388e-05 -0.1754038742788984473 -4.555991637847891975e-06 2.973354590828774989e-05 0.9999999995475793435 0.4948696250783512496
0.9995271152866029851 -0.03074972822405525746 4.818845709075040376e-06 70.11926639166206598 0.0307497283185492222 0.9995271150758678891 -2.094470705205156582e-05 -0.1582597673509108516 -4.172522900004439222e-06 2.108298081662314294e-05 0.9999999997690487419 0.4948715475849033152
0.9995726896856519383 -0.02923077173669286211 4.527820756450769327e-06 71.61569270654541697 0.02923077183588672356 0.9995726894130295692 -2.365827196080733512e-05 -0.1527938949201143037 -3.83433642333461397e-06 2.378051423262445509e-05 0.9999999997098922844 0.4948595820713966864
0.9995523006350499617 -0.02991986400780407077 5.930073920614001088e-06 73.12720774430941617 0.02991986417122094108 0.9995523002062562945 -2.970842184047769403e-05 -0.15284423911542247 -5.038547086389304853e-06 2.987254840511611976e-05 0.9999999995411217313 0.4948436191821156682
0.9994853078306751293 -0.03207989019773048456 8.817869432752003438e-06 74.69312835208356205 0.03207989054379883909 0.9994853069592821715 -4.239622791960141041e-05 -0.1556620542055287271 -7.45326460026235552e-06 4.265728319931445122e-05 0.9999999990624023338 0.4948220881680325256
0.9994428974668282395 -0.03337505989259535039 9.083454136288773021e-06 76.26315792635247703 0.03337506026159695743 0.9994428965244506191 -4.406340597417250724e-05 -0.1523267204916533279 -7.607774898959740451e-06 4.434201896826621078e-05 0.9999999989879533313 0.4948172143298376624
0.999417346339017354 -0.03413162401942086005 8.983648669108341544e-06 77.78370487899087493 0.0341316243722226062 0.9994173454599215578 -4.258861239940058533e-05 -0.1496771606745165017 -7.524795799499625821e-06 4.287042451033593553e-05 0.9999999990527518312 0.4948082992272924696
0.9993865288854555384 -0.03502236155752023322 8.686050265679061281e-06 79.30518860376351142 0.03502236189607356442 0.9993865280080665991 -4.24904108971347255e-05 -0.1476316463494829756 -7.192607083953505766e-06 4.276855025325630434e-05 0.9999999990595584975 0.4947999258875657169
0.9993726073911314289 -0.03541739089876215496 4.517577976261731805e-06 80.80661762269090787 0.0354173909946932236 0.999372607126390089 -2.329728708167452087e-05 -0.1251796194390882577 -3.689614556581115078e-06 2.344267136148706746e-05 0.9999999997184136902 0.4948203706730281426
0.9993825438212734502 -0.03513589429352530907 6.304547088504101576e-06 82.34378567634836088 0.03513589446227248503 0.9993825434138922104 -2.901979549937008928e-05 -0.1174105733690847253 -5.281017837296352408e-06 2.922339294846772466e-05 0.9999999995590518331 0.4948004332151668128
0.9995896024455278583 -0.02864658206732454901 4.569910992755727165e-06 83.88221743543192588 0.02864658215640010844 0.9995896022372320333 -2.078945219975569198e-05 -0.1046646562150660986 -3.972488762933252617e-06 2.091183259011550745e-05 0.9999999997734571044 0.4948064253074081487
0.9998979709565395391 -0.01428452460689402619 5.998582499689012794e-06 85.43674924940698645 0.01428452476761267291 0.9998979705895506553 -2.766395045294949091e-05 -0.1179710585949338003 -5.602804086884098006e-06 2.774681482683379491e-05 0.9999999995993612556 0.4947854705368698314
0.9998244406968306297 0.01873733640752954857 3.44287494045257123e-06 86.92596096732111732 -0.01873733635788422253 0.9998244406066960632 -1.392664755763999038e-05 -0.1551242387873596473 -3.703218791733339154e-06 1.385969229930191617e-05 0.9999999998970973136 0.4947932402657687079
0.9984483993146404668 0.055684772580752398 3.300666025182144173e-06 88.41319681424401722 -0.0556847725461757509 0.9984483992741606251 -9.776470422891920587e-06 -0.2491941274790097083 -3.839945241522923803e-06 9.577504407820202958e-06 0.9999999999467629186 0.4947863847976148866
0.9948819958726206059 0.1010436255950900725 4.164435038331472513e-06 89.94847241069695087 -0.1010436255964795305 0.9948819958811876418 1.240823060995913916e-07 -0.4020424269872449607 -4.130583716572263618e-06 -5.442368671788699845e-07 0.9999999999913208315 0.4947814705416531122
0.9890520770202666512 0.1475668964620626133 3.561466482010356968e-06 91.41707531369353035 -0.147566896497903971 0.989052076921735468 1.403605936259148304e-05 -0.605707704243595102 -1.451218102224592895e-06 -1.440794822148244546e-05 0.9999999998951523139 0.4947912715854914656
0.9795991211529013754 0.200961592901243713 4.158180014391500302e-06 92.86416228390099548 -0.2009615929145203983 0.9795991211542094401 3.064554844781767733e-06 -0.9046295426507581228 -3.457491664558343975e-06 -3.837669711990527571e-06 0.999999999986658783 0.4947620717674622304
0.9681255346366282044 0.2504654650275460748 3.91285210596514794e-06 94.31180050117096414 -0.2504654649376858999 0.9681255345374571997 -1.588534383204165957e-05 -1.297079939559846018 -7.766862066668300899e-06 1.439897266832903511e-05 0.9999999998661724954 0.4947255113466858534
0.9532906694540248527 0.3020544645029696884 2.820256720268452312e-06 95.73131673392700236 -0.3020544643266624418 0.9532906691452013304 -2.651904362877593384e-05 -1.763548963198428909 -1.069871993844677585e-05 2.442848572125195012e-05 0.9999999996443930117 0.4947029884784420739
0.9365283785826382656 0.350591779868756892 2.53320899828063459e-07 97.12508191274997671 -0.3505917795768586642 0.9365283778318973518 -4.013625414657924609e-05 -2.316460564104867004 -1.430868298990088468e-05 3.749992879320182809e-05 0.9999999991945082156 0.4946755287570966941
