0.9999727208254474142 0.007386311999347235611 0 -0 -0.007386311999347235611 0.9999727208254474142 -0 0 -0 0 1 0.4949999999999998845
0.9999770638281466617 0.006772844590102365496 1.99004876327322781e-05 0.01201295185691424357 -0.006772844923315256803 0.9999770638840506098 1.672454705630285678e-05 0.002112245359571851035 -1.978675843479072962e-05 -1.685894637584940109e-05 0.9999999996621298237 0.4950149524025881376
0.9999347899728722178 0.01141997383806351088 1.295584314034845655e-06 -0.01199583248754524864 -0.01141997383144526153 0.9999347899612582857 -5.005591286459178179e-06 -0.0020267751696400561 -1.35266355046703163e-06 4.990469332752863256e-06 0.9999999999866325817 0.4949857383371443209
0.9999780962902357073 0.006618681239002004342 -8.031624704171199057e-07 0.0117836835216861141 -0.006618681242243183369 0.9999780962821221975 -4.102321848134006691e-06 -0.004103305578763795369 7.75992917520497189e-07 4.107547868444285357e-06 0.9999999999912627668 0.4949980654193625873
0.9999790148370117926 0.006478416966190067051 1.201755965278269709e-06 0.03356080623798143175 -0.006478416965324210186 0.9999790148374780863 -7.229747336335535771e-07 -0.003709334687290833949 -1.206414478014438953e-06 7.151740856574394049e-07 0.9999999999990163424 0.495004973465140885
0.9999683186524700451 0.007960005435281278935 2.65614323709531482e-06 0.001765251213376573371 -0.00796000540809399873 0.9999683186052696904 -1.00938391595875445e-05 -0.02460056737299702243 -2.736406101345920389e-06 1.007237645862932627e-05 0.9999999999455294608 0.494975520624443277
0.9999382478698668475 0.01111307557383515825 6.808884489513541993e-07 0.006551465439440411383 -0.01111307557289260665 0.9999382478691668519 -1.372755536946168702e-06 -0.02742944138914440999 -6.961019386652279481e-07 1.365104001577718474e-06 0.9999999999988257171 0.495001909183322375
0.9999787599436026353 0.006517642506332786169 2.165852541758973219e-07 0.0365315588228394203 -0.006517642508312146421 0.999978759883780377 1.093906690145712686e-05 -0.01071976229692708088 -1.452837264639470547e-07 -1.094024618031848958e-05 0.9999999999401447681 0.4950292281828835295
0.9999675979212887533 0.008050037752022495829 -1.397014620142842171e-06 -0.009332930461518009271 -0.008050037739920369237 0.9999675978865546488 8.462404532540215163e-06 -0.001285060324554470083 1.465092029875489178e-06 -8.450884312627264007e-06 0.9999999999632177561 0.4950146891001321325
0.9999900746178274069 0.004455408812565413504 -6.141930310806471776e-07 0.0006560770253335213324 -0.004455408808728794981 0.9999900745993518525 6.112479018882346005e-06 0.01467299720542720835 6.414205278559400693e-07 -6.109681869151143193e-06 0.9999999999811299833 0.4950129461484323867
0.9999789483539192059 0.00648867089721168102 1.100037770384316907e-06 0.01322451337021960001 -0.006488670894571167344 0.9999789483516919875 -2.3871770697834478e-06 0.01673006032702404472 -1.115504219155185444e-06 2.379989032713048536e-06 0.99999999999654543 0.494991159177111395
0.9999621180040273449 0.008704169064980950624 -1.434318187642203211e-07 -0.01672475081009447764 -0.008704169065795431051 0.9999621179774464963 -7.291516771751499006e-06 0.01179505896897105159 7.995979055587552467e-08 7.292489009342451503e-06 0.9999999999734063838 0.4949824856621392599
0.9999665873529768323 0.00817460568721259731 -1.316211158009587378e-06 -0.02481331054770034503 -0.008174605694516870816 0.9999665873378601466 -5.643187018988913241e-06 0.007544493468751856113 1.270036351191608971e-06 5.653757972400374249e-06 0.9999999999832107633 0.4949873982534299111
0.9999877870463446117 0.004942242409310964799 5.953689341435241358e-07 0.004302304422777063209 -0.004942242407884479133 0.9999877870437109406 -2.374039781492768876e-06 0.004314121301803514226 -6.070947430181328232e-07 2.371068329860308748e-06 0.9999999999970045073 0.4949972941624765643
0.9999507836325309817 0.009921205291142319235 -7.004965100447099444e-07 -0.02749197474647974843 -0.009921205293068587408 0.9999507836288310525 -2.802158640166119185e-06 -0.004699690558249978653 6.726612430209787283e-07 2.808970497780023472e-06 0.999999999995828337 0.4949907498139651252
0.9999747090171781094 0.007112054859824805571 1.978263383213125372e-06 0.0490155142524436524 -0.007112054857952279999 0.9999747090186950071 -9.519691867014254217e-07 -0.0085824298340054124 -1.98498380807129749e-06 9.378755927607591764e-07 0.9999999999975899279 0.4949987043693253042
0.999956008018434761 0.009379873411588978555 2.202544632640997049e-06 0.03338003916558347772 -0.009379873405049306972 0.999956008016538056 -2.960925035752015088e-06 -0.01913684308556937164 -2.230220840350442992e-06 2.9401351889693286e-06 0.9999999999931906691 0.4949933305966194852
0.9999399502966344055 0.01095882305890743744 4.003775400727882535e-07 0.009612762233865769154 -0.01095882305935483823 0.9999399502960679698 1.132943580214478796e-06 -0.02265018226235272422 -3.879377692887389454e-07 -1.137263213907158485e-06 0.9999999999992777999 0.4950048844599130859
0.9999815364341142487 0.006076741963970315116 4.519876026976889645e-07 0.04236001651493719738 -0.006076741967991008617 0.9999815363890539599 9.501277827058104893e-06 -0.01041606066797193253 -3.942424436914917938e-07 -9.503849011623268419e-06 0.9999999999547605212 0.4950269421911550061
0.9999811394338185 0.006141724341311807257 9.948391328070818519e-07 0.0381093096598858691 -0.0061417243522845456 0.9999811393689208572 1.143012590606677394e-05 0.006975364014372961545 -9.246196870125867573e-07 -1.143602035514915457e-05 0.9999999999341809831 0.4950332569424316653
0.9999690399545411168 0.007868871120904430069 1.381520135198492125e-06 0.01029339392340206279 -0.007868871121221124657 0.99996903995546782 2.239656337500683484e-07 0.006700225565854250366 -1.379715006566071178e-06 -2.348297036592469344e-07 0.9999999999990204502 0.4949994266587615099
0.9999682601517052571 0.007967351392362029272 1.787365420846457976e-06 0.01854139658823673528 -0.007967351380272217481 0.9999682601311394858 -6.672139731217712302e-06 0.0009560137435772833201 -1.840467971880914861e-06 6.657687390161744339e-06 0.9999999999761437497 0.494985889354666142
0.9999464907617132692 0.01034483521209936772 -4.159249191358977256e-08 -0.004260523798904972126 -0.01034483521216282217 0.999946490743751637 -5.993499841490377906e-06 -0.0024095213545353069 -2.041150187378457458e-08 5.993609401354098945e-06 0.9999999999820379237 0.4949882101331039563
0.999974144721337721 0.007190958863771830002 1.29667291155956786e-06 0.04048253345938287312 -0.007190958862870797282 0.9999741447219411272 -6.98192081707492328e-07 -0.0006381880309029272806 -1.301660056259799737e-06 6.888497081903903256e-07 0.9999999999989153121 0.4950069873547876531
0.9999655332762010795 0.008302544824647237892 3.363041707655714484e-06 0.03113776198516452279 -0.008302544795333186706 0.9999655332447852096 -8.638664093998462171e-06 -0.02032152538989801319 -3.434648690385805641e-06 8.610444543122794449e-06 0.9999999999570314824 0.4949827564564210358
0.9999503313087207967 0.009966690377129962947 8.593824856752699895e-07 0.01474866676252453365 -0.009966690377419071961 0.9999503313090318812 3.328150743509770582e-07 -0.0206728754843449325 -8.560227364732792724e-07 -3.413637430122700724e-07 0.9999999999995751176 0.4950110128798316245
0.9999971688624602617 0.002379552305923343571 3.466203528566994156e-07 0.02147461574981659668 -0.002379552308936281127 0.9999971688222998312 8.96806381489522825e-06 -0.01049466502102614981 -3.252793945826227557e-07 -8.968863226334064732e-06 0.9999999999597266598 0.495030835942876446
0.9999915531860933404 0.004110177411218118165 -5.879857409846891071e-07 -0.02031928345200857342 -0.004110177407963606054 0.9999915531715202199 5.433065792648359801e-06 -0.005755064709994824924 6.10311638664681871e-07 -5.430603174843857436e-06 0.9999999999850678334 0.4950122353068883152
0.9999968601247725131 0.002505941483705759285 3.303493982670761886e-07 0.001866604534427804751 -0.00250594148489360815 0.9999968601181780103 3.645812661681081801e-06 0.002414728227272590604 -3.212121678183041059e-07 -3.646629050545846751e-06 0.9999999999932992489 0.4950124685587118933
0.9999830236159282792 0.005826875785822325203 -8.689339270996857099e-07 -0.01983344487783289881 -0.005826875784508177628 0.9999830236151774354 1.507282416585048526e-06 0.008712244161367052597 8.777019231585149819e-07 -1.50219365832170551e-06 0.9999999999984863219 0.495004036806268255
0.9999829663715545935 0.005836691603373794258 3.256797280279213373e-07 0.01235408738426701375 -0.005836691603487273797 0.9999829663715461558 3.486525007497668881e-07 0.01549309271105694767 -3.236392033968073268e-07 -3.505474540666288306e-07 0.9999999999998859801 0.495003607881020935
0.9999742857178833821 0.007171325208187295623 6.53116703751050187e-09 0.01491171359374923386 -0.007171325208189919392 0.9999742857171473043 1.213270688615487457e-06 0.02090140267977053795 2.16975958090743983e-09 -1.213286327353530745e-06 0.9999999999992637001 0.4950069079235894787
0.9999854150192478697 0.005400902796070773497 -5.137121136715474414e-08 0.00142847402985449767 -0.00540090279610397437 0.9999854150190243818 -6.701984836944225534e-07 0.02297175297016415887 4.775078525450403526e-08 6.704661597815501379e-07 0.9999999999997738476 0.4949977081347732843
0.9999925062655183883 0.00387135828460005325 2.684270686024918692e-07 -0.005535399122378531662 -0.003871358282543754543 0.9999925062390704333 -7.278967896386262808e-06 0.01260648911814935512 -2.966045497434036342e-07 7.277874172378247784e-06 0.999999999973472109 0.4949820877533032681
0.9999984546978224476 0.001758011432993460176 -3.163120363547829184e-08 -0.001261608230618066094 -0.001758011433129336078 0.99999845468538473 -4.987579567474435437e-06 0.005162505766362093969 2.286293285277782826e-08 4.987627468174505319e-06 0.9999999999875612833 0.4949899118061757419
0.9999827027358672016 0.005881685758248370553 -1.985929306492992782e-06 -0.01950921257779183668 -0.005881685751228745221 0.9999827027316773309 3.522199184822332545e-06 0.01031820070664669388 2.006611424123742114e-06 -3.510457648307900917e-06 0.9999999999918248728 0.4950109679999452061
0.9999737766792246019 0.007241957941734807579 -1.13612268555355322e-06 -0.02288160602731511423 -0.007241957942828015568 0.9999737766794003502 -9.611011181595391081e-07 0.002321456881829214204 1.129132638768154844e-06 9.693036676038849847e-07 0.9999999999988925525 0.4949917325385357891
0.9999952539911122207 0.003080908531438723581 3.228216573251242301e-07 0.01598752178408929109 -0.003080908531775051334 0.9999952539906156179 1.046639142040842835e-06 0.003430789236965116427 -3.195955257484812952e-07 -1.047628758680460384e-06 0.9999999999993999245 0.4950015726170378105
0.9999795454514796011 0.006395989372421731836 -9.125236166112957991e-07 -0.01519750425750877876 -0.006395989371050627217 0.9999795454507832693 1.497606868747955923e-06 0.001896341298503222746 9.220836289687784095e-07 -1.4917397445228347e-06 0.999999999998462008 0.495000371088217761
0.9999997339896177229 0.0007293983162077049024 1.01131813156565599e-06 0.02165118986832255399 -0.0007293983157974358615 0.9999997339900470461 -4.05965641390533426e-07 -0.002614023747344898681 -1.011613973200241292e-06 4.052278796575452896e-07 0.9999999999994060307 0.4949978470363968208
0.999983425920592639 0.0057574199702799915 -1.277904138571471587e-06 -0.01270627798887234185 -0.005757419966917851073 0.9999834259179982698 2.619231001418181397e-06 0.0002541644905452259957 1.292962971357784159e-06 -2.611830159272382453e-06 0.9999999999957530639 0.495003704419519408
0.9999800373173022283 0.006318620688369230159 -1.309967781294471501e-06 -0.01558337966120734025 -0.006318620686417066902 0.9999800373170638634 1.489042058995028396e-06 0.0007193994382393534585 1.319350322782748886e-06 -1.480735144199513182e-06 0.9999999999980331289 0.4950002957651910007
0.9999953974277449031 0.003033994964069930151 3.421161420684382802e-07 0.01152810404464624586 -0.003033994964204380761 0.9999953974277258073 3.932286027020784974e-07 0.0009258924556911487603 -3.409215138538364688e-07 -3.942647714912353087e-07 0.9999999999998638867 0.4949993861957233121
0.9999613166818278609 0.008795745686101920716 5.844877968495830328e-08 0.006475585872173780094 -0.008795745686076146194 0.9999613166817384879 -4.27151928546622405e-07 7.757707917894513135e-05 -6.220363842502385091e-08 4.266213042908939939e-07 0.9999999999999068523 0.4949975996509169973
0.999947081113883196 0.01028761262341482303 7.538941585927845516e-07 -0.02091396324408669946 -0.01028761261364255844 0.9999470810424253564 -1.198655695111911141e-05 -0.0204712867240533572 -8.77167317901029783e-07 1.197816686482162197e-05 0.9999999999278768037 0.4949629070999551628
0.9999530823786174638 0.009686745745742169483 7.693289833065921358e-07 0.007874088298337068165 -0.009686745742926860733 0.9999530823725231166 -3.582501271117432287e-06 -0.02356938203948436353 -8.039956671630358476e-07 3.574880894425242522e-06 0.9999999999932867034 0.4949957470196915676
0.9999519744336633487 0.009800450415083620734 3.350930786608460131e-07 0.02572970465319415409 -0.009800450417384464277 0.9999519744037304037 7.741464700003309967e-06 -0.01477938960603938402 -2.592071446831341027e-07 -7.744376974879454438e-06 0.9999999999699784592 0.4950254860994370287
0.9999791348586527517 0.006459864506791299955 -3.562701340317297579e-07 0.00648633973493742931 -0.006459864502342704817 0.9999791347946144215 1.132511808555063289e-05 0.002340569896193504633 4.294214287375260216e-07 -1.132258032856895671e-05 0.9999999999358071268 0.4950282494822709212
0.9999862007573286915 0.005253408129690211904 4.229735017356659315e-07 0.02209087241731820528 -0.00525340813316107786 0.9999862007197980462 8.67194750559618307e-06 0.01994581882319972771 -3.774103854799668881e-07 -8.674049891722238856e-06 0.9999999999623090385 0.4950222024457210379
0.9999574853914106054 0.009221030944718620892 4.856560335810628335e-07 -0.002821036215856501366 -0.009221030944712580585 0.9999574853915285111 -1.463261888089405057e-08 0.02509869565749583281 -4.857703139364467629e-07 1.015374746667289978e-08 0.9999999999998817612 0.4950004169427884015
0.9999761712949829517 0.006903392736986027275 3.630190541719840237e-06 0.01154724539725745028 -0.006903392673227642419 0.9999761711525022578 -1.729199709695380848e-05 0.002812245793028938633 -3.74947748562989628e-06 1.726652442026775712e-05 0.999999999843904086 0.4949694239853489885
0.9999529130835053126 0.009704205563768266915 3.524220367974311873e-06 0.01632304025680745424 -0.009704205495762781991 0.9999529129131470295 -1.882659436862727553e-05 -0.02237308933289759716 -3.706751564523249817e-06 1.879150812368706434e-05 0.999999999816569396 0.4949709800551364003
0.9999458947082334737 0.01040229100801059146 -4.095376925432962418e-07 0.02229494111479430121 -0.01040229100859283752 0.9999458947072653592 -1.446281288805870234e-06 -0.02679421260419689171 3.944708955409729727e-07 1.450463167591581608e-06 0.999999999998870015 0.4950133688841925617
0.9999538524393867256 0.009606923988402134296 -2.311449193275155741e-06 0.1141019244891368772 -0.009606923954369772298 0.9999538523399980061 1.430961514594332996e-05 -0.01515339194394757505 2.448813910313987508e-06 -1.428674887548685876e-05 0.9999999998949458124 0.4950403101992523203
0.9999879609788142609 0.004906923327369988423 -1.76788530365856345e-06 0.2784765127031554321 -0.004906923290388232224 0.9999879607735236986 2.034857358229393438e-05 0.003947209844635132803 1.867712910077052848e-06 -2.033965372781419074e-05 0.9999999997914048588 0.4950360994445089369
0.9999791892556743056 0.006451438389717715008 7.074591759281562921e-07 0.51153192811973347 -0.006451438395339664962 0.9999791892218123923 8.25533550154082154e-06 0.01236109687845832715 -6.541856647777060577e-07 -8.259727831155082983e-06 0.9999999999656742355 0.4950071749945733068
0.9999175063156729992 0.01284447577814875306 2.768239161695251094e-06 0.8032269408243514208 -0.012844475755402672 0.9999175062871217268 -8.083642602096751648e-06 0.001674592961152032884 -2.871840950970670824e-06 8.047419171838116658e-06 0.9999999999634955339 0.4949829111416900185
0.9999154325717550806 0.01300491087445868922 4.687693580363028084e-07 1.109820599144687669 -0.01300491087494329984 0.9999154325713115465 1.046056558456175939e-06 -0.0013633310288246167 -4.551258431046696428e-07 -1.052064399865399991e-06 0.999999999999342748 0.4949919270916126046
0.9999415684187492603 0.01081016884579628218 9.90767879216262711e-08 1.529797804080309742 -0.01081016884621868908 0.9999415683959886891 6.746787102654401927e-06 -0.002988209814779090468 -2.613709095963189562e-08 -6.747463914021806388e-06 0.999999999977235321 0.4949974611287283333
0.9999751892262586095 0.007044212773911200098 -7.325438696290751434e-07 2.044984585508859531 -0.007044212762039534989 0.9999751891124349923 1.511110943533327238e-05 0.009889855768119671514 8.389715646761024496e-07 -1.510557432214099592e-05 0.9999999998855586547 0.4950033510254104319
0.999926076230629568 0.01215903269827550183 -3.037009137571885625e-07 2.554308846205951777 -0.01215903269263036469 0.9999260761266935971 1.442518043162988274e-05 0.02900114416273369411 4.790747035559204566e-07 -1.442042135857937795e-05 0.9999999998959107073 0.4950197257210489088
0.999873251110953043 0.0159211091018973197 -1.053109018478860226e-07 3.125664265216731241 -0.01592110910079449007 0.9998732510872533341 6.88763869479913058e-06 0.03729078374855012562 2.149564009199432448e-07 -6.885089027888585476e-06 0.9999999999762744229 0.4950113534636881862
0.9998205516840897866 0.01894371733095503302 2.457553950304809903e-06 3.801241332486423374 -0.01894371731132670628 0.9998205516572248319 -7.778409342742913265e-06 0.01613917947041564743 -2.604464934194555707e-06 7.730458312973983184e-06 0.9999999999667281703 0.4949801126635117177
0.9998595308505672241 0.01676062506788777995 4.104832003423980023e-06 4.485077427864545996 -0.01676062498219140634 0.9998595306585942311 -2.009015839471024644e-05 -0.0135582617281920087 -4.44097901278431102e-06 2.001853679742424347e-05 0.999999999789767724 0.4949596409501169081
0.9999004011236886091 0.01411339128198857602 4.630401860774814212e-06 5.170152397977288317 -0.01411339112089742866 0.9999004005871344747 -3.315100633105022153e-05 -0.1073598689491884611 -5.09781379921010769e-06 3.308235385556299426e-05 0.9999999994397849035 0.4948599495405156534
0.9997772687998872643 0.02110480482604299227 2.554467491571997307e-06 5.935962960202317618 -0.02110480471227713095 0.9997772680657679434 -3.84608738640425843e-05 -0.1964393767771673571 -3.365607766426032183e-06 3.839839588989600719e-05 0.9999999992571176888 0.4948846039683452158
0.9997928824905861767 0.02035171056851451526 5.769229069823503917e-07 6.817769659790833714 -0.02035171054782124178 0.9997928821805276423 -2.492316065638946245e-05 -0.3280411288061788611 -1.084032368099077881e-06 2.490625726541629485e-05 0.999999999689251351 0.4948820157789367014
0.999656886627658503 0.02619368265259398518 -3.03715705662555033e-06 7.617750226029725624 -0.02619368270961651077 0.9996568864192216797 -2.0566176182621036e-05 -0.4622117844940719644 2.497411074487465925e-06 2.063867398083538658e-05 0.999999999783903859 0.4948787495741239217
0.9991865312768377638 0.04032710816548114308 -8.012695829054137655e-06 8.334825586196728864 -0.04032710801178937543 0.9991865311439653841 1.849669240822244003e-05 -0.5485595938751779421 8.752095865994306733e-06 -1.815851707730253633e-05 0.9999999997968342935 0.49496238244723334
0.9982249441715087546 0.05955636681661322096 -2.76150603658015153e-06 9.108215578278066715 -0.05955636647863948863 0.9982249417479649445 6.990255124238524376e-05 -0.5601081481178735721 6.919746185710342302e-06 -6.961400504582851596e-05 0.9999999975530035057 0.4950646972972911342
0.9978239131082405899 0.06593510770779950625 1.775299327780555011e-06 9.961850799905176856 -0.06593510766834061176 0.9978239106073562015 7.070530173562298648e-05 -0.6012611976226394095 2.890525567706136001e-06 -7.066849540765896898e-05 0.999999997498804083 0.4949833479344343812
0.9979367090471886748 0.06420533262551111897 -8.641219609147910839e-07 10.76394972703878317 -0.06420533256639196495 0.997936708552841667 3.154350097019956812e-05 -0.6471380105289176177 2.887599997428279748e-06 -3.142293631214931231e-05 0.9999999995021301435 0.4949315408625777346
0.9981796221290120119 0.0603112093071662414 -7.229930540388696057e-07 11.59497299853578944 -0.06031120930285036041 0.9981796221171614913 4.97001356274385557e-06 -0.6935875061555517584 1.02142446171595479e-06 -4.917361674629081436e-06 0.9999999999873878664 0.4949169572380321402
0.9980774948255105583 0.06197833754117903354 -8.349892944614837406e-07 12.39056564332421573 -0.06197833753675183882 0.9980774948157008497 4.563744239425780692e-06 -0.7201709299890844962 1.116237304136781219e-06 -4.503219169178732326e-06 0.999999999989237276 0.494944973649531994
0.9980668190723257505 0.06215001743312754956 1.464249988466775672e-06 13.29613902080545174 -0.06215001743833271225 0.9980668190657360217 3.82767907365046837e-06 -0.7688436847378616879 -1.223529007150286193e-06 -3.911282639785316809e-06 0.999999999991602162 0.4949535936431948557
0.9979016835533630614 0.0647474320171146922 3.284094771516651786e-06 14.25417323752576948 -0.06474743202669468178 0.9979016835539323838 2.899750396461118611e-06 -0.8306359468477497732 -3.0894523097856683e-06 -3.106302505501079171e-06 0.9999999999904028991 0.4949570800546433391
0.9981171846158957139 0.0613358440438166938 3.478950387237026694e-06 15.14907531753164172 -0.06133584401813822751 0.9981171845985572499 -7.06150514471950376e-06 -0.9175229354967050499 -3.905523544138201035e-06 6.834825275899687557e-06 0.9999999999690157848 0.4949197643336630259
0.9986482050888439987 0.05197848083723474039 2.217154161343228527e-06 16.0642156554441371 -0.05197848079621233963 0.9986482049701230768 -1.569398843735393895e-05 -1.00946605945910961 -3.029906700618270257e-06 1.555752907865096043e-05 0.9999999998743912544 0.4949108865396681933
0.9987776452755785517 0.04942889134569671689 5.818065499239176199e-07 17.03311871368696728 -0.0494288913486821066 0.9987776452471162081 7.54310018706668074e-06 -1.070088246055471703 -2.082482963661383441e-07 -7.562637895658377695e-06 0.999999999971381337 0.494952124403652105
0.9989152010460153885 0.04656630886120449037 -6.884223545037441875e-07 17.98249344921303461 -0.04656630882117733516 0.9989152006198231959 2.925169266210251182e-05 -1.11005048347109847 2.049818909576841859e-06 -2.918790316854116273e-05 0.9999999995719320856 0.4949807899491433516
0.9992382011637657158 0.03902585472161109598 6.941229639404833652e-07 18.91223362753843062 -0.03902585472770214031 0.9992382010400435721 1.572457493738475308e-05 -1.164976557306766303 -7.992920472298998758e-08 -1.573968471645108261e-05 0.9999999998761277542 0.4949676478038246286
0.9995222517806607865 0.03090741327831103558 1.411938761505601677e-06 19.8265744227962557 -0.03090741328397210441 0.9995222517727386791 4.180943889948779743e-06 -1.223233006597569172 -1.282042049565227129e-06 -4.222585826283710364e-06 0.9999999999902629 0.4949422330843001316
0.999588131120155543 0.02869787667205004819 6.805304886710517309e-07 20.83432245863671639 -0.02869787667558730548 0.9995881311026804106 5.932607643420247399e-06 -1.272446893723046646 -5.099969568345429798e-07 -5.949693966993457311e-06 0.9999999999821702623 0.4949501097859775878
0.9995525448140019087 0.02991170585640033283 3.293256885530921171e-06 21.9398409531571339 -0.02991170587044073015 0.9995525448097577481 4.300025319017539046e-06 -1.343227539756219668 -3.163162208127168629e-06 -4.396608181704423409e-06 0.9999999999853318444 0.4949397121708732361
0.9995055676379546172 0.0314423322945278777 1.686196963175518719e-06 22.92582218827606866 -0.03144233231488700181 0.9995055675429124209 1.384027663659522935e-05 -1.398384182599032632 -1.250192675611897993e-06 -1.38864515211909557e-05 0.9999999999028015285 0.4949601561056629628
0.9995077360120921961 0.03137332711371752098 -1.732254698870575552e-07 23.83509094470878154 -0.03137332709776481654 0.9995077356520890577 2.68455395637085163e-05 -1.432938962845244912 1.015374091440594123e-06 -2.68268898120169259e-05 0.9999999996396432556 0.4949851489829560358
0.999587735081583828 0.0287116677076642117 3.761181679477066548e-06 24.86313277341038486 -0.02871166779766314361 0.9995877347326168616 2.65824089328012809e-05 -1.454683490152875569 -2.996405782758351378e-06 -2.667943973705911987e-05 0.9999999996396142787 0.4949966821823985619
0.9996298716794110861 0.02720513993619841711 3.080338895761383227e-06 25.79380922828567435 -0.02720513998532698638 0.9996298715344398289 1.722354801035583157e-05 -1.483822779534519132 -2.610629740833008551e-06 -1.73009741383176052e-05 0.9999999998469302209 0.4949665409434028662
0.9996304018685748805 0.02718565171483892928 1.772967678269360786e-06 26.75752599280615485 -0.02718565173005079577 0.9996304018273108882 9.209451140696576902e-06 -1.517050419113604942 -1.521947461459461687e-06 -9.254246626593589463e-06 0.9999999999560210684 0.4949654342425253151
0.9996524857995627844 0.02636110081984835429 -7.437629276698982021e-07 27.69385407794467113 -0.02636110081250188364 0.9996524857631754468 8.584293786850327301e-06 -1.553581958786973249 9.697958934460412433e-07 -8.561704213341768952e-06 0.9999999999628781389 0.4949682699319856161
0.9998165331576834847 0.01915463460219698696 1.988503476802238888e-07 28.61179679367792517 -0.01915463460321040895 0.9998165331173443082 8.981335389740103755e-06 -1.583110881317107976 -2.6779667596543489e-08 -8.983496518246902391e-06 0.9999999999596478339 0.4949711698365333312
0.9998511329608343878 0.01725433044084458828 4.544948903681513221e-07 29.4915887586864649 -0.01725433044325036178 0.9998511329430975758 5.965914204897646753e-06 -1.625105859529024199 -3.514893759784536448e-07 -5.972868081937228154e-06 0.9999999999821004293 0.4949654754739140627
0.9999196779006642721 0.01267429481326102017 5.007367669380717215e-07 30.31723280301171997 -0.01267429481693616196 0.9999196778672448938 8.184811650769621425e-06 -1.661661666034765394 -3.969598308400124679e-07 -8.190500714925025646e-06 0.9999999999663787831 0.4949675045757778724
0.9999870776899280056 0.005083744210350378025 4.406680464418234964e-07 31.15335960520624425 -0.005083744216476037033 0.9999870775738695095 1.523962009044744049e-05 -1.680350899773981554 -3.631880215382975703e-07 -1.524166340298375182e-05 0.9999999998837796333 0.4949834160921146586
0.9999999954159515259 -9.576070769246889443e-05 4.649471814253752699e-07 32.07431128986621616 9.576070002708330199e-05 0.9999999952806152281 1.645874452687296784e-05 -1.699677528704978346 -4.665232802546057801e-07 -1.645869992775772424e-05 0.9999999998644465427 0.4949802886288150461
0.9999868168802923396 -0.005134789844164096111 1.053337379861328642e-06 33.02932881672486332 0.005134789828483416266 0.9999868167774593752 1.438519938279673318e-05 -1.709769712266039798 -1.127188469177257078e-06 -1.437960107492718409e-05 0.9999999998959779868 0.4949719501191631177
0.9999713382813939511 -0.007571170049786283066 1.42403716183345359e-06 33.97925997645791796 0.00757117002344093442 0.9999713381263855005 1.767581889627215525e-05 -1.716273117337843379 -1.557822976893234841e-06 -1.766453064945287859e-05 0.9999999998427685499 0.4949796540239058129
0.9999530671508193302 -0.009688317493715405473 1.429274558885055677e-06 34.95141599291674339 0.009688317463099655955 0.9999530669508462921 2.006397690637695376e-05 -1.712264045655926825 -1.623593657127398811e-06 -2.004918798110644045e-05 0.9999999997976968258 0.4949795131534429626
0.9998904041321982072 -0.01480471947660640976 2.79299977219457427e-06 36.10787451408997129 0.01480471948718095621 0.9998904041287057787 -3.804178340632153105e-06 -1.740505818729911391 -2.736373877778963017e-06 3.845110996560749693e-06 0.9999999999888634639 0.4949308616862271859
0.9997587205915825503 -0.02196589636897301051 -1.484368346803973477e-07 37.19962298561578962 0.02196589636939786858 0.999758720547405888 9.39869065712439589e-06 -1.736763026864199588 -5.80496450562426598e-08 -9.399683494730739163e-06 0.9999999999558211172 0.4949617775023455457
0.9995302597487689678 -0.03064734648037540504 -1.58204968236694491e-06 38.27711999927203124 0.03064734651753378905 0.9995302590966047562 3.6110124655636709e-05 -1.69714966631127373 4.746270271491255743e-07 -3.614164790143245407e-05 0.9999999993467777459 0.4949929632089696274
0.9992347532359084905 -0.03911403747616723492 -3.441288904564665271e-07 39.3642603516926215 0.03911403747761065669 0.9992347531787378889 1.068921276675192895e-05 -1.6941883063724541 -7.423272183253458287e-08 -1.069449315158993228e-05 0.9999999999428109687 0.4949553885446971169
0.9992519245167106323 -0.03867287617767983798 1.692106781007227943e-07 40.48998340873450985 0.03867287617564450775 0.9992519244937919654 6.781523379318744845e-06 -1.671043124650896772 -4.313451096814829523e-07 -6.769906424337538164e-06 0.9999999999769909609 0.4949544097041611024
0.9994243478725842733 -0.03392599122629611635 1.002802978743734271e-06 41.63584483834442551 0.03392599121845348009 0.9994243478487662147 7.010446198820192926e-06 -1.652045105590086882 -1.240062049285334559e-06 -6.972389535501014259e-06 0.9999999999749238366 0.4949521081279319445
0.9992820611045104551 -0.03788617630467713826 1.401710100451628294e-06 42.83047201232315615 0.03788617630045525847 0.9992820611013728538 2.924995813435059315e-06 -1.647622164588338212 -1.511520665324160728e-06 -2.869790409183611198e-06 0.9999999999947395413 0.4949479230260495077
0.9994265827501995769 -0.03386008999317865337 3.806544237957363285e-07 43.98828692281980324 0.03386008998949059656 0.9994265827236069599 7.317742440426749648e-06 -1.637111981629330026 -6.282155675525558117e-07 -7.300657327637191691e-06 0.9999999999731526978 0.4949501740290148111
0.9994482276796754494 -0.03321505959957216092 2.446425408567210361e-06 45.27187154104659328 0.03321505957817180721 0.9994482276487287598 8.322618511142575623e-06 -1.629182501107295344 -2.72151180853940939e-06 -8.236768154916398121e-06 0.9999999999623743197 0.4949554170606055847
0.9994092647531676032 -0.03436744866233135132 4.555110794534523422e-07 46.54921208332823568 0.03436744864614649925 0.999409264550023102 2.018338037588813884e-05 -1.602635154808049078 -1.148893281811625491e-06 -2.015580258806900848e-05 0.9999999997962115694 0.4949615830721445509
0.9994366184174205969 -0.03356256498767098972 -1.794407271037466212e-07 47.83341085866400277 0.03356256498655849768 0.9994366183036451634 1.508407402485648407e-05 -1.584686075365442592 -3.269205812555881768e-07 -1.508159842642527381e-05 0.9999999998862190154 0.4949566205277440845
0.9995036147737701437 -0.03150434952185772464 4.195729528045089131e-06 49.14298759211143164 0.0315043495721462341 0.9995036147026568063 -1.251365263645371475e-05 -1.605599779670211502 -3.799412343141790333e-06 1.263962477392051649e-05 0.9999999999129020045 0.4949338003849141909
0.9995631145120126293 -0.02955638752023347776 8.125981342760040202e-06 50.55000130143475445 0.02955638774952211792 0.9995631140965645089 -2.971549900634409139e-05 -1.641819932599621445 -7.244148412071267324e-06 2.994269139147190181e-05 0.9999999995254785778 0.4948966846819956023
0.9996504137559996117 -0.02643955846987944974 5.254440982774772402e-06 51.93511257506835932 0.02643955847434120016 0.9996504137693854597 -7.814828423549104774e-07 -1.659083204055266103 -5.231942041253968617e-06 9.201347463173550074e-07 0.9999999999858898425 0.4949185382236988007
0.9995126201838379076 -0.0312173362381962978 3.696345697284637947e-06 53.36481483577779983 0.03121733621563744718 0.9995126201733020022 6.011065271653102898e-06 -1.683253290678510705 -3.882193618694219103e-06 -5.892745533364708913e-06 0.9999999999751018054 0.4949171673030971497
0.9995581910397214331 -0.02972242790010586749 -2.712090317527101582e-06 54.81741854547695425 0.02972242796845397939 0.9995581905864139305 3.015802761891318024e-05 -1.663217820410120229 1.814522288981686741e-06 -3.022531344119346746e-05 0.9999999995415687071 0.4949831215613317847
0.9997062846218259802 -0.02423519052729780632 -5.473834069418520492e-06 56.33513194765561138 0.02423519074312307023 0.9997062836817273146 4.357920285397746875e-05 -1.642290862719453015 4.416076030835017395e-06 -4.369906238469924994e-05 0.9999999990354448975 0.4950126586738695655
0.99983960021098639 -0.01791016046332767966 -2.084584415317337741e-06 57.85612196963236187 0.01791016051356441457 0.9998395998400354534 2.728238748948111527e-05 -1.640732174665275434 1.595618109884384307e-06 -2.731534664176642687e-05 0.9999999996256626611 0.4949849365430128989
0.9998893243404490816 -0.01487746843187454787 2.300284421233819155e-06 59.46891024607742082 0.01487746841713555659 0.999889324323485762 6.2970514459589067e-06 -1.65720881600110892 -2.393714019800440397e-06 -6.262132106809577086e-06 0.9999999999775276427 0.4949606535970587085
0.9998911299873354253 -0.01475561494863930449 1.539334362905383089e-06 60.9964054105344502 0.01475561493846399251 0.9998911299680314224 6.42445474134404033e-06 -1.667152621197494078 -1.633963555942295546e-06 -6.401041485754416489e-06 0.9999999999781782334 0.4949553522505068526
0.9999034811786411403 -0.01389346353699133854 1.16700291668743632e-07 62.50906702559327499 0.01389346353350375853 0.9999034810580899046 1.553028570624013873e-05 -1.671131565471404734 -3.324584860588345521e-07 -1.552716537012175985e-05 0.9999999998793980271 0.4949654940774276257
0.9999432328549126003 -0.01065509590342230035 1.089771728006381406e-06 64.02351413485247633 0.01065509589518597727 0.9999432328289232785 7.303325978991023492e-06 -1.69946174788303872 -1.167527503468360272e-06 -7.291299767759785666e-06 0.9999999999727366973 0.4949519807395924009
0.9999886355873206512 -0.004767461634501903023 2.829285238772932582e-06 65.61951183795409293 0.004767461617518527379 0.9999886355735273513 5.979405848205262254e-06 -1.725902168584186214 -2.857759673547256678e-06 -5.965849386988788058e-06 0.9999999999781207238 0.4949499548032008089
0.9999999051862382693 0.0004354610820882015218 1.841977198669276288e-06 67.12396764161982787 -0.0004354610902258354804 0.9999999051781639503 4.419799811928647822e-06 -1.767905207431011316 -1.840052373200930503e-06 -4.420601502269893729e-06 0.9999999999885360591 0.4949373718404239675
0.9999928991225313091 0.003768515120709498012 7.297753340311880466e-07 68.56724897713708344 -0.003768515127958253427 0.9999928990707475096 1.020022725688739657e-05 -1.805810232932189452 -6.913304412958741627e-07 -1.020290499570980406e-05 0.9999999999477111601 0.4949458543496122465
0.9999342657302706661 0.01146578478294871771 9.053165594267246849e-08 70.10893676004427277 -0.01146578477411650671 0.9999342645815488817 4.793227655896808331e-05 -1.811008301111348251 4.590554623744819334e-07 -4.793016378225432324e-05 0.9999999988512441318 0.4950116256268726755
0.9999708119662326089 0.007640367647433364204 -1.950691635688577919e-07 71.63446523527174747 -0.007640367636446683021 0.9999708113929111075 3.386466329612628943e-05 -1.851022347562734316 4.538019476109331233e-07 -3.386218445306628732e-05 0.9999999994265730274 0.4949844154368381322
0.9999882967748650042 0.004838006927305723258 -2.123294740330476302e-06 73.14316840256053354 -0.004838006862080165664 0.9999882963358400767 2.971832705463497382e-05 -1.864767553695096947 2.267047362159576905e-06 -2.970770673983893549e-05 0.9999999995561561494 0.4949892503769804386
0.9999730910737739675 0.007336015917529398363 1.025774120748077816e-06 74.6577453399568185 -0.007336015922303818805 0.9999730910630740821 4.730873087579454589e-06 -1.910788580000337467 -9.910407579812479171e-07 -4.738270880147349269e-06 0.9999999999882830393 0.4949526705644826108
0.9999829682412874066 0.005836370238832016243 3.465849342553618164e-06 76.25066359005219851 -0.005836370180885955966 0.9999829681114995594 -1.65003019851816133e-05 -1.971165575321211838 -3.562092184032738013e-06 1.647979297626506466e-05 0.9999999998578636973 0.494933355552594656
0.9999828000035342335 0.005865122595213887249 6.022224505612791888e-06 77.80138071835540359 -0.005865122550403620641 0.9999827999943153856 -7.431706310056228325e-06 -2.018229815488429946 -6.065708791916699315e-06 7.396257399982883445e-06 0.9999999999542510398 0.4949180609454954527
0.9999755860517074435 0.006987650542626076648 6.532309713121260487e-06 79.33400111983485203 -0.006987650460245685945 0.9999755859948645798 -1.255010302127283458e-05 -2.090258344496244813 -6.619845967464143677e-06 1.250415112673369869e-05 0.999999999899911729 0.4948951078737612863
0.9999689358899048752 0.007882084501919246755 1.161174106328719808e-06 80.82363353152386765 -0.007882084517676546734 0.9999689357888379426 1.425578692185914493e-05 -2.12633719970716939 -1.048772718210859905e-06 -1.426449655097059298e-05 0.9999999998977119331 0.494935266886961267
0.9999550705999959987 0.009479280718708240142 4.543722986346079409e-06 82.36713531974292835 -0.009479280692273710229 0.9999550705937231276 -5.804459620888252669e-06 -2.212517058742086817 -4.598540941736570813e-06 5.761127604424831455e-06 0.9999999999728311773 0.4948955055512367918
0.9998857207437918948 0.0151177198845872697 6.25685747577655576e-07 83.91186798895903109 -0.01511771989504905565 0.9998857204735722704 2.324764096848815138e-05 -2.245176276740561416 -2.741629203678266702e-07 -2.325444318724389015e-05 0.9999999997295776488 0.4949408615286448043
0.9996153910219547356 0.02773211193335686081 1.404566788898022509e-06 85.44713613166432253 -0.02773211194781610364 0.9996153909551163119 1.161018014423118769e-05 -2.333002639331399397 -1.082051764480613401e-06 -1.164466636813890033e-05 0.9999999999316152577 0.4949191387681320387
0.9982889975897265566 0.05847287655763994813 -7.788113693512591766e-07 86.95357318849659123 -0.05847287650352259863 0.9982889970885712172 3.174162726036835482e-05 -2.405772886787779896 2.633503073364976644e-06 -3.164177791860024795e-05 0.9999999994959311023 0.4949388976725141442
0.9947965383983949916 0.1018815350898682193 7.315157132971515871e-07 88.4703141694200923 -0.1018815350885467069 0.9947965382709994531 1.594583967506196459e-05 -2.582233581308667869 8.96877325113393524e-07 -1.593739405441954379e-05 0.999999999872597356 0.4949158826700820191
0.9891863249468209052 0.1466642919696748704 1.211953863955997628e-06 89.97113701789568552 -0.1466642919681378776 0.9891863247908447843 1.762097330636107901e-05 -2.80655253362025503 1.385519385291294022e-06 -1.760817618226050713e-05 0.9999999998440159965 0.4949301296188060029
0.9814368644730663283 0.1917855079353710801 1.216609438026676733e-06 91.42289904092564257 -0.1917855079269399077 0.9814368643186112129 1.754679571641090457e-05 -3.091772754409309432 2.171195777152735175e-06 -1.745440022848440681e-05 0.9999999998453147354 0.4949299383867525881
0.9706251412172759441 0.2405968313149252358 -6.271452926995387517e-07 92.80726240780525416 -0.2405968312829520894 0.9706251411247286409 1.397983996124898192e-05 -3.444102313515972735 3.972228185198467358e-06 -1.341829496640468574e-05 0.9999999999020852126 0.494930843915401264
0.9568079083883275215 0.2907208737734738868 4.171218979093748548e-07 94.29618592527307896 -0.2907208737619020877 0.9568079083353074887 1.040973160789264867e-05 -3.90235388293314589 2.627220738134377615e-06 -1.008137956925706651e-05 0.9999999999457315214 0.4949351328325407029
0.9399374777435630657 0.3413466536165872256 -2.42844883825592056e-07 95.74013381039499393 -0.3413466536165565279 0.9399374777424136518 -1.496901985138798542e-06 -4.452916990007494746 -2.827034758334786363e-07 1.489888564782462714e-06 0.99999999999884992 0.4949215485562783456
0.921620438479280879 0.388092472698621016 -3.763099104133010589e-06 97.10212425774520284 -0.3880924727124243079 0.9216204384717959774 -4.152484400102811804e-06 -5.061701302557918503 1.85660110768553895e-06 5.287444929986016029e-06 0.9999999999842977827 0.4949241591180295607
