0.9999727208254474142 0.007386311999347235611 0 -0 -0.007386311999347235611 0.9999727208254474142 -0 0 -0 0 1 0.4949999999999998845
0.9999624130051560922 0.008670211797386627797 -2.554717017908896503e-06 -0.004340761755423199093 -0.008670211800415624989 0.9999624130077007234 -1.176976836737947126e-06 3.082220214136371711e-05 2.544416355324945425e-06 1.199082535350913837e-06 0.9999999999960438313 0.494979439695609813
0.9999191255112516163 0.01271780007512026203 -5.437536303255807451e-07 -0.006694945902399391212 -0.01271780007845484985 0.9999191254892690894 -6.646223949006794419e-06 -0.002239543115767827271 4.591843070787478783e-07 6.652601789005233054e-06 0.9999999999777657855 0.4949731197643974512
0.9999578486620693818 0.009181552229482935201 -1.249768298231209786e-07 0.0179120812004795564 -0.009181552230324480784 0.9999578485875206812 -1.221030388958796774e-05 -0.01449285311963690454 1.286201897312699374e-08 1.221093669023308838e-05 0.9999999999254461924 0.4949576767693493751
0.9999742904772240815 0.007170661531886499303 1.143338301298654226e-08 0.004232655077408009787 -0.007170661531879983681 0.9999742904771030672 -4.920945071483815362e-07 -0.01332444586898050981 -1.496173221852585719e-08 4.919998707136946783e-07 0.9999999999998786526 0.4949868477369749331
0.9999707945482149141 0.007642646880413655509 1.227037506307655456e-06 0.003637450062311418583 -0.007642646886490608686 0.999970794536287122 5.026706708522415048e-06 -0.007041434242757222371 -1.188584325763717025e-06 -5.03593771565917549e-06 0.9999999999866130418 0.4950026840366839043
0.9999747386515158709 0.007107887111573085205 1.368974794311174264e-06 0.001371065082784633836 -0.007107887113066015117 0.999974738651849715 1.088802091471173853e-06 -0.009793886030854006761 -1.361201129808895453e-06 -1.098505105161165104e-06 0.9999999999984700016 0.4949940128756918356
0.9999695859282715649 0.007799180707809690374 9.800409000264086497e-07 0.00266066561664652897 -0.007799180710306430168 0.9999695859254293939 2.570149161129952744e-06 -0.003024624795737168494 -9.599660352350758389e-07 -2.57771450851204964e-06 0.999999999996216693 0.495006492931470421
0.9999581752968336179 0.009145909397060291574 7.48590882149162904e-07 0.0003720882718922482102 -0.009145909397924716425 0.9999581752964334935 1.159604825626372302e-06 -0.0009500834339116228907 -7.379539318858890281e-07 -1.166402869882975831e-06 0.9999999999990472066 0.4950052731287181151
0.9999420173885746888 0.01076855899030720702 6.101712639130478821e-07 -2.727824342090497291e-05 -0.01076855898943218127 0.9999420173877625606 -1.419615328178319542e-06 -0.0001983382567414203573 -6.254230959942557457e-07 1.41296234992528224e-06 0.9999999999988059551 0.4949997552015674152
0.9999453565951580414 0.01045389047204698697 1.15087822920751582e-07 -0.01186983547982737273 -0.01045389047134855955 0.9999453565828978485 -4.954485962466400336e-06 -0.008232954221086101476 -1.668751877255921731e-07 4.953012116988776459e-06 0.9999999999877197121 0.4949885952768270925
0.9999693466714978385 0.007829796905681796898 1.615631152639791373e-07 -0.007628879097687229702 -0.007829796905597499745 0.9999693466713786005 -5.158286151075077899e-07 -0.00657071851299445911 -1.655969961111210174e-07 5.14547796863573129e-07 0.9999999999998536726 0.495009515999587868
0.9999906735949269931 0.004318880080577941656 4.962756039442714087e-07 0.0001417669157556693856 -0.004318880080485683857 0.9999906735950331305 -1.867772847585650444e-07 -0.01021378781867963818 -4.970776441716664518e-07 1.846321879776316885e-07 0.9999999999998592237 0.4950062910462084687
0.9999784911151901046 0.006558758158211230177 8.014004787855025711e-07 0.002019268412694067566 -0.006558758160876097636 0.9999784911098179574 3.369186010060287293e-06 -0.004731169175107833962 -7.79285565320161981e-07 -3.374369734556960103e-06 0.9999999999940029083 0.4950152524997210035
0.9999746864258898249 0.007115230725184405747 1.184542023263648452e-06 -0.002062570591313079779 -0.007115230726970797961 0.999974686425437409 1.510784356928128945e-06 -0.004168488663625333213 -1.173762458995794663e-06 -1.519174403377260006e-06 0.9999999999981569188 0.4950080430367248541
0.9999452300788733705 0.01046598503556419799 1.406008625684854318e-06 0.009734538639543559649 -0.01046598503546919065 0.9999452300798600257 -7.489830644225359515e-08 -0.004438658256346436105 -1.406715503259124139e-06 6.017893903174970934e-08 0.9999999999990085708 0.4950054203492935123
0.999932307190323999 0.01163533574554706344 1.16464922662352201e-06 0.009002822126656340532 -0.01163533574324767013 0.999932307189104197 -1.961983591425236268e-06 -0.007874590806647851701 -1.187398726057123362e-06 1.948299694468533308e-06 0.9999999999973968601 0.4950000604612736499
0.9999175962997723932 0.01283746906691797876 5.23423581853567308e-07 -0.004824081765346540512 -0.01283746906602291002 0.9999175962985114019 -1.678918205464786885e-06 -0.009639602699933750435 -5.449335103414840562e-07 1.672060422351815612e-06 0.9999999999984534593 0.4950022258455895607
0.9999358797780155683 0.01132414829587091373 4.142324225973404676e-07 -0.007872944822109624943 -0.01132414829650943769 0.9999358797768567175 1.573097388180027826e-06 -0.00497045753268394834 -3.963918738143681633e-07 -1.577687350209010895e-06 0.9999999999986766142 0.4950101198238219258
0.9999556911507055945 0.009413593161315080698 1.157920013042523412e-06 0.009891925046902420512 -0.009413593161927679212 0.9999556911512325064 5.247625304646315201e-07 -0.004011767894135317286 -1.152928805971706662e-06 -5.356394667575427708e-07 0.9999999999991916466 0.4950028318735804067
0.9999649677370240353 0.008370382356116822659 3.708518781005619735e-07 5.314555419545438641e-05 -0.008370382355680066125 0.9999649677364189637 -1.163953611318457667e-06 -0.006618522627494920554 -3.805816230913199936e-07 1.160808663372436096e-06 0.9999999999992535971 0.4950013042809158215
0.9999983341273813719 0.001825306446530641519 1.034930473158713578e-06 0.01668264416736802563 -0.001825306448275828631 0.9999983341264891967 1.687876576810001425e-06 -0.002138251844542390315 -1.031847857098884612e-06 -1.689762830288783555e-06 0.9999999999980397902 0.4950088698533223752
0.9999958642412221099 0.002876021964626360866 5.85736892456782056e-07 0.008110393233365891311 -0.002876021965687913188 0.9999958642397348552 1.819669057926148374e-06 0.001306764094195884355 -5.805010618104734443e-07 -1.821346124382687854e-06 0.9999999999981726839 0.4950075207052088699
0.9999837369676193299 0.005703139667719461618 6.618942528209130701e-07 0.006381970549636004943 -0.00570313966833140007 0.9999837369674058341 9.263831755233855663e-07 0.003574844079826611232 -6.566001957772456472e-07 -9.30142985093326267e-07 0.9999999999993516298 0.4950054162454196605
0.999973959159959791 0.007216716955415578005 7.569709964992808654e-07 0.007209460018307402469 -0.007216716954792845237 0.9999739591599128286 -8.221660882175953062e-07 0.002871976620222140616 -7.628846242874196179e-07 8.166818328974684716e-07 0.9999999999993752775 0.4950012603174533954
0.9999560491960022279 0.009375482821245626278 6.507407291558652985e-07 0.01155395306970650668 -0.009375482819691112815 0.9999560491934622597 -2.352102697511498039e-06 -0.0007570545438810022528 -6.727642270103464854e-07 2.345898312180568869e-06 0.9999999999970218267 0.4949980431677479809
0.9999266285125751885 0.0121135293661731383 4.371523722243059135e-08 0.002084499243566148661 -0.01211352936609233662 0.9999266285114131181 -1.525718779269955645e-06 -0.001974438597726292741 -6.21938690076061529e-08 1.525077289203889626e-06 0.999999999998834932 0.4949992813063896491
0.9999043788625903151 0.01382870686310505061 -3.79804603707688478e-07 -0.01532270640884213914 -0.01382870686458849245 0.9999043788536978727 -4.229266622367799222e-06 -0.009098513825283776127 3.212829979895398297e-07 4.234114421613450427e-06 0.9999999999909843229 0.494989581410574031
0.9999056602144240635 0.01373574435068213549 -7.225985218868759017e-07 -0.00467889333714671847 -0.01373574435574475942 0.9999056601861671112 -7.542634808274536567e-06 -0.02361666996926176793 6.189266486198441137e-07 7.551848666292523239e-06 0.9999999999712930743 0.4949821526006715211
0.9998881451715561086 0.01495650852505770421 -5.980401722421749407e-07 -0.002589169281281355518 -0.01495650852342888734 0.9998881451682711807 2.641097269210490809e-06 -0.01586340992788873652 6.374748723817897724e-07 -2.631857256795048109e-06 0.9999999999963332664 0.4950095235644016434
0.9999545420523298089 0.009534874425654388946 9.136758398634400351e-07 0.01507537613619881235 -0.00953487442329789027 0.9999545420495191683 -2.549667295464670385e-06 -0.0295309852088175423 -9.379450635217591028e-07 2.540839608425497247e-06 0.9999999999963319341 0.4949926734150310592
0.9999492882173557362 0.01007079911989208591 9.607582783634311679e-07 0.007334265850613559158 -0.01007079912424811534 0.9999492882069972444 4.64231987721187725e-06 -0.02010720534290529743 -9.139576856549725471e-07 -4.651760060523624377e-06 0.9999999999887626556 0.4950143530851840445
0.9999342771159206444 0.01146479171562771009 1.34578591647602049e-06 0.004217159199984348364 -0.01146479172205237818 0.9999342771049056777 4.867454359561574919e-06 -0.01164266833567256972 -1.289893117111617815e-06 -4.882563611657835311e-06 0.9999999999872482004 0.495009329797209352
0.9999566259495725751 0.00931376508952181173 1.279213325603781095e-06 0.01367701373309138969 -0.009313765090692200169 0.9999566259499639287 9.12055621989610694e-07 -0.007572137717431699604 -1.270663169129207761e-06 -9.239303548586174488e-07 0.999999999998765654 0.4949996407527606501
0.9999411699904542372 0.01084696085772650885 7.107242636318375101e-07 0.01052177378630916003 -0.01084696085777293525 0.9999411699907043705 6.153088944123501775e-08 -0.0007996968005721104712 -7.100150285674917106e-07 -6.923646784670306633e-08 0.9999999999997453148 0.4950007255888350666
0.999901775808592963 0.01401566042152738514 5.865471470994620316e-08 -0.004087278968100502285 -0.01401566042104994067 0.9999017757957492369 -5.069695821858376322e-06 -0.004722283187424613018 -1.297040884767982965e-07 5.0683757705221285e-06 0.9999999999871471701 0.4949869227171911912
0.9998845474007577172 0.01519512656046713601 -4.751544522416581486e-07 -0.0003441387258210504697 -0.01519512656240363385 0.9998845473912519877 -4.379074192623681909e-06 -0.006394167101115285495 4.085590078460459402e-07 4.385788649164366971e-06 0.9999999999902987602 0.4949937866533807296
0.9999201169621152463 0.01263960824521149877 -3.313491283210634173e-07 -0.01034649183402908644 -0.01263960824709590806 0.9999201169410939505 -6.488569260795120729e-06 -0.01434611911919624234 2.49309685610649791e-07 6.492239057346043432e-06 0.9999999999788941052 0.4949845258103467982
0.9999007666306309883 0.01408747292430778848 -5.621808185847894009e-07 -0.01823686458033015392 -0.01408747292501530413 0.9999007666299659647 -1.275095675052478307e-06 -0.01266035646264850739 5.441621556894034566e-07 1.282888850073145351e-06 0.9999999999990287769 0.4949993231461908283
0.9999497358220604815 0.0100262570745418382 -8.362024247896622826e-07 -0.01848690990772129325 -0.01002625707764503819 0.9999497358151838711 -3.793356126921531034e-06 -0.02238387425349802271 7.98127230052692991e-07 3.801549437474059796e-06 0.9999999999924553684 0.4949890080664912095
0.9999803093576462576 0.006275420240997699531 -1.317418037618193841e-07 -0.00469104055831798001 -0.006275420240332754869 0.9999803093472904303 4.553775636143262549e-06 -0.0124750380193755471 1.603160654793143077e-07 -4.552859234194042748e-06 0.9999999999896226344 0.4950114611792014174
0.9999825411874594394 0.005909087950531841105 1.447889620019053558e-06 0.01025137757883355476 -0.005909087959285822152 0.9999825411697389477 6.118257302435209606e-06 -0.003155491647037157212 -1.411711021056282617e-06 -6.126706192047827449e-06 0.9999999999802350326 0.4950094833481627488
0.999945648346745708 0.01042594619574312674 7.500408447515523784e-07 0.002592948621008646717 -0.01042594619578418418 0.9999456483470252621 5.088052678004963993e-08 -0.003039137081359387024 -7.494696011572238557e-07 -5.869764683129580986e-08 0.9999999999997172262 0.494993369194432653
0.9999269315356476007 0.01208849006024761974 -1.501605721075124887e-08 0.006309310027377637749 -0.01208849006018476724 0.9999269315246156475 -4.697245658344522952e-06 -0.006019675849216326972 -4.176764744099800661e-08 4.697083959275917844e-06 0.9999999999889676028 0.4949855037301520433
0.9998992378831689232 0.01419556559363969496 -6.060932547746308949e-07 -0.0114841933113526487 -0.01419556559568130143 0.9998992378771673906 -3.508728360102141089e-06 -0.005716001647081808343 5.562237999456036573e-07 3.516978649760437282e-06 0.9999999999936605155 0.4949905363156755222
0.9998922776498190279 0.0146776394044173062 5.998657826554912788e-08 -0.01261251282422272239 -0.01467763940380807826 0.9998922776324274952 -5.899218237728163067e-06 -0.01305861833200019743 -1.465667144307095167e-07 5.897702298710515755e-06 0.9999999999825975872 0.4949842618511615666
0.9999332822161579593 0.01155123882713133231 -4.610483258490993648e-07 -0.01969230834243299033 -0.01155123882937076837 0.9999332822027549028 -5.192798476513033081e-06 -0.02040182373196759366 4.010343103369868195e-07 5.197777703830508743e-06 0.9999999999864108702 0.4949896342594668486
0.9999642637808959789 0.008454061929495441247 5.05612584483244991e-07 0.01199502720368948554 -0.008454061931123716886 0.9999642637755317143 3.310023370002990382e-06 -0.01420488011908675567 -4.776113732406821397e-07 -3.314179562384930464e-06 0.9999999999943938178 0.4950103092911243841
0.9999587078948727337 0.00908749179716045706 5.345253123540811038e-07 0.02410788797701457487 -0.00908749179740947835 0.9999587078949050412 4.653437065459679042e-07 -0.01758708503788824346 -5.302744335626300248e-07 -4.70181985916220762e-07 0.9999999999997486455 0.4949969599942096732
0.9999337517348315663 0.0115105231738315706 -3.811451787118481034e-08 0.03708575335655654032 -0.01151052317373895198 0.9999337517330467717 1.890249498573941168e-06 -0.01368606210694327599 5.986975350808054734e-08 -1.889685554782713707e-06 0.9999999999982125409 0.4950033197605998025
0.9998789696402523575 0.01555782991869549513 1.265335898312311393e-06 0.08989336604116175689 -0.01555782991253404877 0.9998789696299060781 -4.741596636031138335e-06 -0.02145635594738935781 -1.338951708246622918e-06 4.721336878196350874e-06 0.9999999999879578549 0.4949862553080903171
0.9997567328230244632 0.02205618221424320013 1.842904929346179141e-06 0.1571836103809362284 -0.0220561822027620473 0.9997567328067682446 -6.033838252808696232e-06 -0.03053479690953683073 -1.975540046991835958e-06 5.991722971106584861e-06 0.999999999980098031 0.4949883545079256653
0.9997694136651170682 0.02147369317003457873 1.892023987666075933e-06 0.2093907211708060656 -0.02147369317045754594 0.9997694136668775489 2.035316954823866972e-07 -0.02896091656978406689 -1.887217135613413972e-06 -2.441135064369891078e-07 0.9999999999981892262 0.4950015461871296596
0.9997983600634819945 0.02008081706075348291 1.666418912115264706e-06 0.245326536507756876 -0.0200808170609556684 0.9997983600648613356 1.046975156750027558e-07 -0.02986544841460638672 -1.66398048385492656e-06 -1.381394577956976226e-07 0.9999999999986057819 0.4950004319768703809
0.9997910732914243592 0.02044039527762973874 3.147797774413548519e-06 0.3474782667588746099 -0.02044039531039627128 0.9997910732378627596 1.075498881344193639e-05 -0.01263769860667924086 -2.927303892663451312e-06 -1.081708403989457391e-05 0.9999999999372105597 0.4950266192993026948
0.9996997229168945731 0.0245043667971923014 3.15996194246203364e-06 0.4296301048216328855 -0.02450436678952472302 0.9996997229190922596 -2.442784513328558336e-06 -0.01714532325850592898 -3.218871966035286501e-06 2.364618134641198132e-06 0.9999999999920234917 0.4949919189486668425
0.9994835074674784936 0.03213593465877401245 2.519204626520742732e-06 0.5835508658761640044 -0.03213593461552236019 0.9994835073494521271 -1.565430563019266238e-05 -0.03694715951360921097 -3.020969218706258931e-06 1.556526330307187185e-05 0.9999999998742978846 0.4949768417621260852
0.9991937379732300784 0.04014815058646613311 1.342723451334455744e-06 0.7803668394245467654 -0.04014815053540608109 0.999193737608736865 -2.709800332134139502e-05 -0.07143525074894471749 -2.429575581851538566e-06 2.702224736701052502e-05 0.9999999996319474116 0.4949681849988176729
0.9985848302605420113 0.05318210948010972106 2.646234580219419481e-06 1.120582559840220815 -0.05318210942948065068 0.9985848301305452202 -1.64928285682458176e-05 -0.1169735347568755662 -3.519613123327132596e-06 1.632875607931666482e-05 0.9999999998604918172 0.4949661385616401788
0.9977145879549284002 0.06756923104223508392 7.218610109162887343e-07 1.39812035607050511 -0.06756923104327991481 0.9977145879539345286 1.537183196001295223e-06 -0.1482575621752317274 -6.163449745415045793e-07 -1.582445692437410383e-06 0.9999999999985578203 0.4950000189723651745
0.996471356656680296 0.08393351747338535784 3.093953788048174592e-06 1.773485012155419982 -0.08393351753033614915 0.9964713559299225309 3.80578360081447692e-05 -0.1490359419358830151 1.112917172279863498e-07 -3.81832299029606726e-05 0.9999999992710140173 0.4950784491196887349
0.9950510746902110348 0.09936477615743914693 4.389842394636021087e-06 2.21154329632967972 -0.09936477618177193272 0.9950510746810007356 5.724024878648048384e-06 -0.202394951526030431 -3.799350941676317496e-06 -6.131892814068508113e-06 0.9999999999739821455 0.4950091380253219264
0.9935729245584593583 0.1131938318585957032 3.968715245382974871e-06 2.704518570883445161 -0.1131938317182332177 0.9935729242403990025 -2.606835611384919932e-05 -0.2854995317907408903 -6.893985130613633478e-06 2.545157873684508596e-05 0.9999999996523448731 0.49498063861305025
0.9905030518841086984 0.1374907422700129278 7.349798839669552698e-07 3.254048056969649938 -0.1374907422463685913 0.9905030517886420638 -1.400578590905989056e-05 -0.3657119173909210708 -2.653665718784061179e-06 1.377172075717650432e-05 0.9999999999016486729 0.4950014136528620989
0.9880993519753979992 0.153817003694215193 1.601494710867631639e-06 3.842231851393897557 -0.153817003649076578 0.9880993518528649044 -1.60810706823002065e-05 -0.4795571292737340063 -4.055977994350394881e-06 1.5643358402465911e-05 0.9999999998694170111 0.4949945052314385641
0.9867614922345754325 0.1621781657473967964 1.903249203191610149e-07 4.473096339744597749 -0.1621781657392690479 0.9867614921719342069 1.12381752600078815e-05 -0.5679257544245638334 1.634781347644210267e-06 -1.112026513603090296e-05 0.9999999999368334169 0.4950486766431367314
0.9845572111391720505 0.1750631257245668926 2.762744672673985898e-06 5.252854316171082338 -0.1750631257267834529 0.9845572111424834016 5.800966565532861622e-07 -0.7222856533209229823 -2.618526656108064174e-06 -1.054793064350587871e-06 0.9999999999960151875 0.4950013846714212407
0.9811690805971708951 0.1931508096710351507 2.39966991112025188e-06 6.029607609598336637 -0.1931508096274181241 0.9811690805299951856 -1.242695126954268123e-05 -0.8976244375075699278 -4.754757619724027127e-06 1.172944216559160873e-05 0.9999999999199059575 0.494962130655685506
0.9780479191562884145 0.2083801042065666631 2.673488321670550023e-06 6.821135343791401517 -0.2083801040325485021 0.9780479187280913811 -3.028639615101256187e-05 -1.111043110310193205 -8.925882074743082885e-06 2.906444495964135224e-05 0.9999999995377930606 0.4949218369502883519
0.9784639921277610286 0.2064175770201877869 2.958426516282275387e-06 7.699430630994856806 -0.2064175766614485541 0.978463991095857355 -4.664990563505600895e-05 -1.381322710716858859 -1.252407430589401399e-05 4.503458166783829455e-05 0.999999998907516785 0.4948681576693035322
0.9796174162439347244 0.2008723918099896144 1.524476200940745108e-06 8.630402066336028355 -0.2008723915858348641 0.9796174154574804893 -4.041318355839547405e-05 -1.658696351578977657 -9.611296277923073357e-06 3.928323327926858604e-05 0.9999999991822250411 0.494860342789365304
0.9819302742673490236 0.1892430618853958024 -2.778788128962281205e-06 9.495528220689688936 -0.1892430618491223182 0.9819302735080558397 -3.889211617770277943e-05 -1.959328295223698113 -4.631486961178120934e-06 3.871521267896411869e-05 0.9999999992398406201 0.4948174279540140108
0.9824436634425184334 0.1865595029841085606 -3.193492977406933941e-06 10.45943363543486626 -0.1865595030045854863 0.9824436634092296172 -8.244205260098876493e-06 -2.223590115293168523 1.599392103972293168e-06 8.695243680617295841e-06 0.9999999999609171519 0.4948950688945462084
0.9835511648146836317 0.1806297489110864907 -1.493138850522774176e-06 11.44698384872514296 -0.180629748878230606 0.983551164740408157 1.26572682339438956e-05 -2.474359039002278937 3.754857638548382791e-06 -1.217936561925715806e-05 0.9999999999187818567 0.4949384467327885284
0.9840877258503938352 0.1776832795511912033 8.751119095676705712e-07 12.48280241532273571 -0.1776832795164418888 0.9840877255336862861 2.522797714418283948e-05 -2.712847913595281657 3.62140282674700137e-06 -2.498203540966049328e-05 0.999999999681391416 0.4949506497972780972
0.9858481432278802803 0.1676408018688956281 6.717667222866566342e-06 13.57427064784067916 -0.1676408020008308686 0.9858481426464342778 3.387220937000693104e-05 -2.922285936355691671 -9.442354147207508473e-07 -3.45190098352633946e-05 0.9999999994037729323 0.4949392704774662755
0.9877644764113622244 0.1559530029647605565 2.879821944893382934e-06 14.61361585974095512 -0.1559530029426789977 0.98776447547334012 4.322349588244358323e-05 -3.079929766206429331 3.896248168647816188e-06 -4.314375065923691514e-05 0.9999999990617177703 0.4949513491431322132
0.9895975621081374296 0.1438633555363461047 2.384597975930018848e-06 15.6970633853701429 -0.1438633555413455223 0.989597561633175915 3.072929249025003432e-05 -3.239497607542932034 2.061026788449461538e-06 -3.075268920009373026e-05 0.9999999995250119511 0.4949306736736466261
0.9909223779120017728 0.1344352667602248252 2.561994466194952926e-06 16.91855951835117011 -0.134435266776747081 0.9909223774674214003 2.971885689173844563e-05 -3.383621941898253382 1.456524806549513192e-06 -2.979350274953141914e-05 0.9999999995551126508 0.4949210671305838138
0.9912292466467248486 0.132153624938180031 3.17770182066011344e-06 18.17033625917207473 -0.1321536249617467629 0.9912292466082640585 8.950737031313911986e-06 -3.547074466531611403 -1.966958637082089944e-06 -9.292177139130012702e-06 0.9999999999548930818 0.4948894732254757733
0.9916084724108704673 0.1292773662272531099 5.153352351809567115e-06 19.43529376939517306 -0.1292773661735625856 0.9916084723841905868 -9.661835623666795053e-06 -3.74669937737867853 -6.359164515583662618e-06 8.914546244462881889e-06 0.9999999999400457362 0.4948415601995401758
0.9926164657697912341 0.1212953085303855871 3.666070763235388199e-06 20.70774483860153126 -0.1212953085369901096 0.9926164657744066533 1.635524620510807666e-06 -3.919638262980432941 -3.44062074082769433e-06 -2.068125852835991362e-06 0.9999999999919422233 0.4948484576137204272
0.9930352553184552677 0.117817578037110321 1.520610302686114256e-06 22.05840346945020514 -0.1178175780466089451 0.9930352552032903901 1.512612405990520212e-05 -4.0906921152701754 2.721036618342426971e-07 -1.519992909082179413e-05 0.9999999998844438798 0.4948731968021318206
0.9926851733443147197 0.120731713339022273 4.338716590221226266e-06 23.53252821321432009 -0.1207317133815713345 0.9926851732825402452 1.14540750826537182e-05 -4.293288324794144906 -2.924109520745005608e-06 -1.189411119673736307e-05 0.9999999999249896687 0.4948599733306208726
0.9930695218492948673 0.1175283997675381914 4.932249155446389417e-06 24.98059384306003849 -0.1175283997893413895 0.9930695218492560095 4.39083370914330585e-06 -4.499696390227061471 -4.382018650959566601e-06 -4.940082482660653637e-06 0.9999999999781965521 0.4948434957249592814
0.994130434414016606 0.1081881664803323317 2.766762734678702565e-06 26.45592916972850617 -0.1081881664899470713 0.9941304344103022439 3.599941595842197074e-06 -4.699376569521403368 -2.361051958645924606e-06 -3.878142489917294806e-06 0.9999999999896924674 0.4948477100790762973
0.9944997726837182528 0.1047387326749333741 3.451698529353262696e-06 28.0587611609202412 -0.104738732706250795 0.9944997726290377704 1.068237585618603054e-05 -4.894914179938674614 -2.313854893491582504e-06 -1.098514689034753902e-05 0.9999999999369860726 0.4948682784921447086
0.9943300502809567787 0.1063379099924457033 2.990162258818315428e-06 29.64875803187733894 -0.1063379100093650442 0.9943300502641680971 6.223304341023743774e-06 -5.1098046013685261 -2.311435012237457179e-06 -6.505986123515459152e-06 0.9999999999761645109 0.4948542428989768927
0.9949427620117867743 0.1004435180522660342 1.968158773531119634e-06 31.18001799641092475 -0.1004435180695520402 0.9949427619245554411 1.319020247155460044e-05 -5.297427621306439072 -6.33334985978453813e-07 -1.332118526987615507e-05 0.999999999911072246 0.4948676675664316904
0.9953390352272797337 0.09643757022916599198 1.831707634187502524e-06 32.67216723143194912 -0.09643757024650478904 0.9953390350265710618 1.998892918591087429e-05 -5.463114912944699419 1.045136531091286186e-07 -2.007240692477396408e-05 0.9999999997985435929 0.4948723376631122273
0.9961037671425186923 0.08818891702865318261 -1.690306427148638303e-07 34.13499847817267607 -0.08818891702846355651 0.9961037671421300033 9.14563345267390953e-07 -5.651655045862066018 2.490264109439658634e-07 -8.960933641856631098e-07 0.9999999999995672351 0.4948464646481412488
0.9965028776435925773 0.08355845168233817788 1.649868844058395859e-06 35.64588355428920607 -0.08355845169689574137 0.9965028775557865925 1.323959795699822668e-05 -5.804688992694559957 -5.378187445103984208e-07 -1.333115794910543292e-05 0.9999999999109953075 0.4948772572985432605
0.9970235570451567719 0.07709751416663380985 2.929425195651219134e-06 37.17498412743474745 -0.07709751421334128108 0.997023556788589338 2.264921135495395077e-05 -5.949629580051746025 -1.174508034612664716e-06 -2.280764867004238353e-05 0.9999999997392156059 0.4948906167750279916
0.9977250089032474456 0.06741518085050828002 1.463052410528110824e-06 38.64311778375428474 -0.067415180866178398 0.9977250087188392902 1.918345914772984884e-05 -6.077234559057364649 -1.664676112677156393e-07 -1.923844889183630094e-05 0.999999999814926932 0.4948947340945016315
0.9979345220314513876 0.06423931612651671841 1.920653520532333149e-06 40.16039094054617919 -0.06423931615354099012 0.9979345217759370001 2.258738741093020206e-05 -6.185738579308472929 -4.656881321468857666e-07 -2.266411512859274372e-05 0.9999999997430603083 0.4949068683610440833
0.9980760097099439232 0.06200224862360088907 3.053812373781545209e-06 41.72061733109654114 -0.06200224868312430998 0.9980760093546527933 2.666757794126684225e-05 -6.288967373828341145 -1.394487069638113062e-06 -2.680561301447933895e-05 0.9999999996397570534 0.4949110145512929382
0.9983384576403085964 0.05762225258568359765 2.356674147575664926e-06 43.38339430873525515 -0.05762225262460164699 0.998338457378452504 2.288909696890330554e-05 -6.389960397623022814 -1.033837106033975427e-06 -2.298686263779986928e-05 0.9999999997352674308 0.4949088017782621862
0.9984824114146571006 0.05507153616854496003 1.356760190362631198e-06 45.02516864687416387 -0.05507153617927829786 0.9984824113662746914 9.862877485073665192e-06 -6.505674360979413429 -8.115373723738915883e-07 -9.922628562693843371e-06 0.9999999999504411985 0.4948852671696253869
0.9988390168613568987 0.0481727972679596092 1.02483762000078457e-06 46.68270272729136394 -0.04817279722470806103 0.9988390165212287508 -2.616647071067208333e-05 -6.666857837216138449 -2.284159889218803177e-06 2.608672258452265005e-05 0.9999999996571324878 0.4948526949460361202
0.9989109239555797881 0.04665796821944478978 2.464903859180897464e-06 48.3846218762453546 -0.04665796816261520014 0.9989109237704382194 -1.952585043635118652e-05 -6.80784668897007883 -3.37325590009658343e-06 1.938957789460846558e-05 0.9999999998063324735 0.4948864658532662886
0.999081187207702448 0.04285768733028263999 2.565152469715547043e-06 50.13343564455934853 -0.04285768731649074875 0.9990811871980043168 -5.209654818899680777e-06 -6.954391751891201956 -2.786069332114419353e-06 5.094931618942421823e-06 0.999999999983139487 0.4948873431500324105
0.999035004303867491 0.04392106756432036241 1.347057897924070846e-06 51.83234074374435352 -0.04392106758058036964 0.9990350041679655346 1.649023019499207902e-05 -7.073848250955838246 -6.214894781216113269e-07 -1.65334814147953562e-05 0.9999999998631285969 0.4949124557269612423
0.9991431680268925142 0.041387555929497305 -1.264938449170136078e-06 53.4973284671614806 -0.0413875558321298645 0.9991431670381680785 4.455798676914226838e-05 -7.161226938921609886 3.108000777725949479e-06 -4.446745535073193294e-05 0.9999999990064926125 0.4949388674835932811
0.9992903989476800142 0.03766561525625070073 7.662487022308537729e-07 55.22487778707418471 -0.03766561524652198983 0.9992903976554717849 5.083210310032692478e-05 -7.233122893904344153 1.148917467687638145e-06 -5.082489381527668194e-05 0.9999999987077549113 0.4949571152039702326
0.9993105168851821318 0.037128033074655023 2.215839550344563398e-06 56.90354156256321971 -0.03712803310525933376 0.9993105167600213612 1.589925638600633956e-05 -7.34074423619691796 -1.624003649150077124e-06 -1.597056388137116622e-05 0.9999999998711516236 0.4949060465274660037
0.999176854920924673 0.04056615079612266306 1.465713662940968275e-06 58.53669719955277628 -0.04056615081263822975 0.9991768548241140024 1.393808239135532585e-05 -7.434015655865630734 -8.99092815713545829e-07 -1.398606768892214985e-05 0.9999999999017905594 0.4949116097271040737
0.9992351876001256406 0.03910293927868412067 1.934388856880962419e-06 60.1914737194076892 -0.03910293927456331281 0.9992351875999015975 -2.124118675908568411e-06 -7.562422770379654935 -2.015968695901384401e-06 2.046853833602417001e-06 0.9999999999958728569 0.4948738760290161132
0.9993890696922641537 0.03494978340988252191 4.633089480835790819e-06 61.96176515566629917 -0.03494978339867932382 0.9993890697003245949 -2.477406911667283627e-06 -7.677343347896839809 -4.716843821071768175e-06 2.313967914878424905e-06 0.9999999999861982625 0.4948782564268137119
0.9992954086189237417 0.03753247012652041747 1.254075532616326328e-06 63.73065464807280733 -0.03753247014212700988 0.9992954084826807248 1.651348203186276837e-05 -7.780713550023649283 -6.334001505882959955e-07 -1.654891532723545936e-05 0.9999999998628659181 0.4949023357863558958
0.9995851416621288621 0.02880181535874688434 1.604684121434346597e-06 65.52054134430025556 -0.02880181536975278886 0.999585141636302299 7.319329887763101355e-06 -7.905240304771739446 -1.393208416828386249e-06 -7.362511218523856903e-06 0.9999999999719260124 0.4948843728624264249
0.9995930253105425045 0.02852689523361810059 1.039006032517873393e-06 67.28974591152176288 -0.02852689524782081251 0.9995930251446478731 1.821877369262291885e-05 -7.992327978150020051 -5.188581347735415988e-07 -1.824099872910856789e-05 0.9999999998334981877 0.494901689775218423
0.9994705893076737402 0.03253522874372857809 1.340659037351162591e-06 69.07690723702056346 -0.03253522876538418596 0.9994705890649966396 2.203372997291725742e-05 -8.088693237942985448 -6.230768330503412239e-07 -2.206568372915436506e-05 0.9999999997563584486 0.4949001973288169598
0.9993905029739060808 0.03490877486489597087 2.286354410798055641e-06 70.93734864353208991 -0.03490877489900574143 0.9993905028285328118 1.712937187929726199e-05 -8.197523057092775289 -1.686995497740238374e-06 -1.719874540954387398e-05 0.9999999998506783339 0.4948965132097979391
0.9993156587608458263 0.0369893789244875662 2.095238624689433783e-06 72.77896417368049242 -0.03698937894630414946 0.9993156586953545473 1.156152779017666522e-05 -8.309989034938762842 -1.666151033978590255e-06 -1.163111733539379938e-05 0.9999999999309703291 0.4948845245648588742
0.9988522003456556941 0.04789866247269180394 4.491036135240841081e-07 74.56507183505367209 -0.04789866247079034578 0.9988522000969163317 2.230003650132989911e-05 -8.41862713267489049 6.195537890659446309e-07 -2.229595198954041366e-05 0.999999999751253088 0.4948985884959873904
0.9984310399741648245 0.0559951642370844424 6.342269982299939013e-07 76.38206956904208766 -0.05599516423842351709 0.9984310397683570093 2.027860998601285344e-05 -8.55489763170904105 5.022721753745962037e-07 -2.028230730249563137e-05 0.9999999997941876329 0.4948981088402673034
0.9977196335418113682 0.06749468751709557235 2.096622811302788678e-06 78.2507822694287114 -0.06749468753544772548 0.9977196334878245532 1.047119581844918039e-05 -8.716073803032911016 -1.385091653158701983e-06 -1.058882855625623762e-05 0.9999999999429789455 0.4948854116962574379
0.9966969526865371298 0.0812107411505826049 5.419992268989305787e-06 80.12791938376606993 -0.08121074109980989941 0.9966969526646918265 -9.009402399345554292e-06 -8.92391537789311684 -6.133750024142516275e-06 8.539482328034633053e-06 0.9999999999447269916 0.4948551598259633977
0.9952872462276033394 0.09697060111711586217 4.229910465891120267e-06 81.93218864917913891 -0.09697060105698335208 0.9952872461620951849 -1.264724969286376953e-05 -9.157325140763090232 -5.436387344304244061e-06 1.217746935886860508e-05 0.999999999911077242 0.494838018794702017
0.993069636560999558 0.1175274304618567495 5.645375956879283521e-06 83.74847291518437942 -0.1175274304105069501 0.9930696365450134566 -8.700058990000927959e-06 -9.424576614272767827 -6.628747027619448082e-06 7.976277889346206e-06 0.9999999999462191314 0.4948344869366853027
0.9889770696843644959 0.1480687530165898658 4.568617508718987992e-06 85.54060261748033156 -0.1480687530157444864 0.9889770696949043982 -5.246010096152958302e-07 -9.73686894018959137 -4.595934973654720927e-06 -1.576511282791253358e-07 0.9999999999894260139 0.4948397552119043752
0.9834128546595298781 0.1813812484426410854 2.452703360963471336e-06 87.25469262479219879 -0.1813812484480032405 0.9834128546591948128 2.17474796576635808e-06 -10.11181328906224586 -2.017561512758492276e-06 -2.58354950286346932e-06 0.9999999999946271867 0.4948407715131106221
0.9775189331249802827 0.2108476591748941475 2.213734608509183954e-06 88.9265123607899568 -0.2108476591808988165 0.9775189329684297324 1.756219486712551703e-05 -10.51178268205175215 1.538980185321564217e-06 -1.763413875009744821e-05 0.9999999998433340975 0.4948744315308113983
0.9720761722342553535 0.2346655393737044903 2.660688551701298674e-06 90.52400261504114098 -0.2346655393401972656 0.972076171739755579 3.137177160754219858e-05 -10.92852547503629523 4.775481763862975246e-06 -3.112012357446819043e-05 0.9999999995043661327 0.4948913220829164183
0.9643742755366563335 0.2645415972432373919 3.657677941521386117e-06 92.13326783361783612 -0.2645415972244865022 0.9643742750316564027 3.15803297885124362e-05 -11.39296414374680211 4.826940370567304567e-06 -3.142286562578821711e-05 0.9999999994946519033 0.4948948252776393386
0.9535158923284318133 0.301342733546770547 4.231636565585710405e-06 93.80960764632645521 -0.3013427335523585215 0.9535158919803993216 2.604319841810992278e-05 -11.93936114913749336 3.812995887242850877e-06 -2.610777650880420956e-05 0.9999999996519223222 0.4948990254892848273
0.9422241164682815251 0.3349831553089828162 2.652651533078374981e-06 95.38952542203283258 -0.3349831553074564261 0.9422241163377952367 1.593592664132574658e-05 -12.53312658247736699 2.838874742376913255e-06 -1.590380798020826235e-05 0.9999999998695046077 0.4948857660948254855
0.9278198728243404192 0.373028529172309109 4.242752825689149958e-06 96.92779207880454351 -0.3730285291435279649 0.9278198724411637066 2.739546332202161908e-05 -13.14847398908321097 6.282779003477376306e-06 -2.700072314148835651e-05 0.9999999996157435955 0.4949275207851603908
0.9105545131233540035 0.4133890160889656107 3.149820666451956562e-06 98.44944362692325512 -0.4133890160949156845 0.9105545130423732259 1.234814404635879076e-05 -13.86988477540017861 2.23650369473711576e-06 -1.254575955628927832e-05 0.9999999999188007305 0.4949011351988953367
0.8948353380082142428 0.4463963685477344012 1.163083801929995305e-06 99.93252928448696082 -0.4463963685468341769 0.8948353379917638462 5.621151395161018042e-06 -14.64508172489711413 1.468493082844135988e-06 -5.549201294181451387e-06 0.9999999999835247344 0.4949042608691943124
0.8728344552214738483 0.4880164072568003442 5.350745130676993931e-06 101.43330655719123 -0.4880164072823697796 0.8728344551192146472 1.349757644419898397e-05 -15.48906024663684633 1.916724052355760834e-06 -1.439240119743924042e-05 0.9999999998945923174 0.4949268163225451489
0.8504401721131491509 0.526071776130225377 4.192815732803668046e-06 102.8609450047019607 -0.5260717761332615039 0.850440172006574957 1.39876836166549138e-05 -16.39405743804841009 3.792786631163878242e-06 -1.410141008196779257e-05 0.9999999998933822853 0.4949432311729696776
0.8259715282126598446 0.5637118364764520662 7.884117911085847952e-07 104.177117483072621 -0.5637118364299521511 0.8259715281248402041 1.407549821575096601e-05 -17.31651067189693904 7.283319256628403341e-06 -1.207039783024724177e-05 0.9999999999006291551 0.494955601890119723
0.796377210425091131 0.6048002469264041059 5.961823376373713817e-06 105.4947221481449589 -0.6048002469098108236 0.7963772102043094048 2.018081788713846125e-05 -18.32142701590357348 7.457503373110797436e-06 -1.967725570311961924e-05 0.9999999997785953276 0.4949803708251690471
0.7610077011571576566 0.6487428448259797698 8.296128008221964164e-06 106.7492011199109925 -0.6487428448316072682 0.7610077008846932722 2.18224433146481935e-05 -19.39614652623697566 7.843736655216445347e-06 -2.198910110565389776e-05 0.9999999997274774399 0.4949977179296691232
0.7222045073502684209 0.6916795858925892659 4.96438418868264512e-06 107.9455760210923643 -0.6916795858492084115 0.7222045071722958953 1.848570501192367457e-05 -20.55526309653311046 9.200884151178440271e-06 -1.678422268078309494e-05 0.9999999998168166426 0.4950096680358712642
0.6715229788999599325 0.7409837304353464882 6.455576689439146885e-06 109.0743728096182394 -0.7409837303933303199 0.6715229786910423826 1.960935674641146599e-05 -21.8011163931842944 1.019514622573285999e-05 -1.795161095384310062e-05 0.9999999997868991297 0.4950310657082975241
0.6151302642681618638 0.7884254928263139117 -1.565879767227649943e-05 110.0815607249595303 -0.788425492907546932 0.6151302643614998678 1.508503038449002051e-06 -23.14374704926521531 1.082154260324983081e-05 1.141786940041368702e-05 0.9999999998762629794 0.4950253365552300111
0.5596252443648458419 0.8287457906978135114 -1.650681307857577179e-05 110.9707719287412573 -0.8287457907750023223 0.5596252444838943907 3.360083665750386656e-06 -24.49309978302251878 1.202228449913102823e-05 1.179956421544754083e-05 0.9999999998581172722 0.4950707415428263758
0.505653448102630021 0.862736686473261627 -1.54042431907009418e-05 111.7859194405911438 -0.8627366865550478714 0.5056534481923181668 2.338432200867927816e-06 -25.93599841730610578 9.806659934690144009e-06 1.210736942371040235e-05 0.9999999998786204269 0.4950831657278851328
0.446274004380498357 0.8948963699836733898 -2.543988898375885989e-06 112.539771334663385 -0.8948963698953310564 0.4462740043735902162 1.306721335481371741e-05 -27.46576480339182424 1.282911790978514298e-05 -3.554951199736441316e-06 0.9999999999113877713 0.495118435234453258
0.3796225681636624105 0.925141451741604337 3.5347942541041907e-06 113.1695717658118667 -0.9251414516338420935 0.3796225680537840819 1.718458201824899504e-05 -29.03312968023289287 1.455628148365075226e-05 -9.793839846055690782e-06 0.9999999998460974426 0.4951469809989146875
0.3234514442489465624 0.9462447691837020392 -2.825832252470147976e-06 113.708046478878785 -0.9462447691122497506 0.3234514442594055295 1.168084133728018025e-05 -30.68165363978103954 1.19669545383624132e-05 -1.104256013297507782e-06 0.9999999999277859875 0.495162687140433877
