0.9999806747146977592 0.006216928271891146787 0 -0 -0.006216928271891146787 0.9999806747146977592 -0 0 -0 0 1 0.4949999999999999956
0.9999789356589809941 0.006490627000695190114 1.304706253358742912e-06 0.002715675535435784545 -0.006490627002374288815 0.9999789356589932066 1.28683333995187427e-06 0.0001340973226010537945 -1.296326415359304157e-06 -1.295274595294102091e-06 0.9999999999983208987 0.4950094054774583086
0.9999808854706507821 0.006182935828564265456 3.255815236699226463e-07 0.0008990244606536775332 -0.006182935828987106905 0.9999808854698377658 1.314003540500351008e-06 0.0003681032532193038651 -3.174509007665536564e-07 -1.315991473608123986e-06 0.9999999999990837329 0.4950057101387024816
0.9999800296508993824 0.00631983398628648517 -7.15638972507899667e-08 -0.002677159436210906508 -0.006319833986250211234 0.9999800296507787012 4.968357273468721201e-07 0.0007480969657939369726 7.470238741055237342e-08 -4.963735334138429819e-07 0.9999999999998739897 0.4950040458577181224
0.9999806824858139542 0.006215678354222976126 1.881407805763890194e-07 -4.213606020092358959e-05 -0.006215678354007533012 0.9999806824852001119 -1.125006841365991464e-06 -0.0006051292005764915454 -1.951298267896755339e-07 1.123815686461136048e-06 0.9999999999993494093 0.494999767789901346
0.999980155965313533 0.006299815671407849732 5.711968993271515538e-07 0.00145295327339414553 -0.006299815670568280866 0.9999801559644162507 -1.459994486914103034e-06 -0.001486031047810244766 -5.803832606248744494e-07 1.456367079555307232e-06 0.9999999999987710941 0.494999483883819591
0.9999803590184873636 0.006267501796192087929 8.513787331080496941e-07 0.001445778529592049244 -0.006267501795092523913 0.9999803590180269541 -1.288146810449331681e-06 -0.003300268468049178273 -8.594354736433143381e-07 1.282785492242670194e-06 0.9999999999988079535 0.4949996729546494723
0.9999803790929426839 0.006264298097731624618 8.428415868560574262e-07 0.003896744307411099777 -0.006264298098587841625 0.9999803790927752623 1.017040686445148167e-06 -0.001882432876544189518 -8.364540035041791742e-07 -1.022300542132587122e-06 0.9999999999991275867 0.4950057637160044655
0.9999792361378408989 0.006444167532563397673 4.746408588395440735e-07 0.00625125776821205785 -0.006444167531574379777 0.999979236135845051 -2.056668167844595161e-06 -0.006939551914349547865 -4.878845176935377385e-07 2.053566798258599757e-06 0.9999999999977724485 0.4949949041888663248
0.9999752303391001851 0.007038374136941295128 -6.963460589580627994e-08 0.03334445517588187358 -0.007038374137089051935 0.999975230336182741 -2.416069302860261343e-06 -0.01103067179438506351 5.262768137563444298e-08 2.416499572052104598e-06 0.9999999999970788922 0.4949961540846810615
0.9999712897184841465 0.007577581373823066152 -1.227758321501537977e-06 0.06406840718642833887 -0.007577581370407030469 0.999971289715445022 2.763534347042709165e-06 -0.007337651283291510632 1.248663978604784055e-06 -2.754151566609277249e-06 0.9999999999954277685 0.4950050613958136281
0.9999580718302139015 0.009157214838332409027 -4.883154266389355858e-07 0.1173050646149206844 -0.009157214841100892386 0.9999580718122734746 -6.005556985389868798e-06 -0.01632227849090717858 4.333007769188352467e-07 6.009776792648892593e-06 0.9999999999818474095 0.4949860001202708859
0.9999457929646050625 0.01041206677937833378 -4.354932067565420486e-08 0.1890459818406678705 -0.01041206677942548356 0.9999457929394808264 -7.088488388631794884e-06 -0.02505106917147831291 -3.025885447214823464e-08 7.088557581125889803e-06 0.999999999974875764 0.4949817320905340878
0.9998647199155631382 0.01644815698492917491 -1.484777808438483044e-06 0.239902429569453679 -0.01644815698805390802 0.999864719914372202 -2.117393665324372157e-06 -0.02455595290284981122 1.449749724163272615e-06 2.141529082616113123e-06 0.9999999999966560082 0.4949902754228405199
0.999585406341763405 0.02879262800671183314 -1.808818133850618409e-06 0.3565593270363687228 -0.02879262802868521112 0.9995854062502559367 -1.359946927182528114e-05 -0.04652886290885198395 1.416503749325533455e-06 1.364591164580929919e-05 0.9999999999058912792 0.4949698842479637872
0.9991026513048346658 0.04235436397778885587 -3.149587491609511282e-06 0.4868289476068653476 -0.04235436404369573998 0.9991026509910548858 -2.512634946994342792e-05 -0.08130282256162696397 2.08255066151227773e-06 2.523720114823940105e-05 0.9999999996793733636 0.4949457564437005352
0.9986577162062945101 0.05179542302662427239 -4.165823372994666203e-06 0.6951971300350680005 -0.05179542314733926595 0.9986577154931280953 -3.780565300867290012e-05 -0.1315360995341554318 2.202071862440800448e-06 3.797067767769023351e-05 0.9999999992766892554 0.4949465481708597014
0.9972398211591484429 0.07424782209745979522 -3.23827811956904935e-06 0.9706401922534316773 -0.07424782214328702612 0.9972398210047558331 -1.765259924296931886e-05 -0.1680547479213993778 1.918672844172902408e-06 1.784431000992510373e-05 0.9999999998389496048 0.4949841477890188357
0.9954584342173820044 0.09519719397628054192 -2.598718896179491931e-06 1.363773172081426566 -0.09519719400109957763 0.9954584341434540296 -1.221525769752168328e-05 -0.2345346275017697324 1.424058386668618245e-06 1.240717204805068033e-05 0.9999999999220170466 0.4949856929267894001
0.9936686982716917971 0.112349980307153971 -1.502142936596438765e-06 1.81481413809355363 -0.1123499803052058904 0.9936686982721653072 1.324090034506740013e-06 -0.2947012143025405928 1.641393905728243233e-06 -1.146941091640616589e-06 0.9999999999979951593 0.4950133836860721726
0.9910340883354389341 0.1336092652416406845 9.834648884595451156e-07 2.356269445346176106 -0.1336092652168229256 0.991034087945793396 2.792674563855429451e-05 -0.3465749235633434067 2.75662473659621119e-06 -2.780775692519397424e-05 0.9999999996095648713 0.4950488000768638597
0.9887645187177783734 0.149481525703900997 5.16738691995574703e-07 2.991157579530651756 -0.1494815256977348461 0.9887645186315799917 1.313660411986630374e-05 -0.4404578898136316534 1.452746742356445674e-06 -1.306625093823214151e-05 0.99999999991358135 0.4950364967543929295
0.9876471018188582862 0.1566946145411365343 -6.696818033779616397e-06 3.429408146538482249 -0.1566946145755584441 0.987647101823621032 -4.965099182240283667e-06 -0.5264347971537471915 5.836088619982946394e-06 5.953121138268543364e-06 0.9999999999652502414 0.4950080792020081777
0.9837285470879907345 0.1796611966868514876 -7.171623235017298723e-06 4.076296485223752875 -0.1796611968121294423 0.983728546769294665 -2.516819281235576616e-05 -0.6826084089265989086 2.533182863847229392e-06 2.604713216161803094e-05 0.9999999996575649197 0.4949157085068527917
0.9820068488390429895 0.1888453037052462979 -1.019406464126405945e-05 4.846125085861684667 -0.1888453039579365556 0.9820068481239396796 -3.758926794447577249e-05 -0.914879201692611721 2.912084566907017022e-06 3.883801980006747261e-05 0.9999999992415640193 0.494854440134095519
0.9821878288779533062 0.1879017528292802885 -9.48310420304927783e-06 5.615637492627317151 -0.1879017530643219691 0.9821878279445757087 -4.283811370794000809e-05 -1.258923341898469106 1.264832865743084688e-06 4.385696580027308427e-05 0.999999999037483378 0.4946797180374881142
0.9828557626139577952 0.1843761095737918854 -1.08259652535679206e-05 6.412690407559390238 -0.1843761098077758565 0.9828557622435240004 -2.755150429264054864e-05 -1.567468701072331605 5.560523156934702649e-06 2.907520412107196552e-05 0.9999999995618565896 0.4947648139411562895
0.9793146250888401516 0.2023434333938839702 -7.191114144879378721e-06 7.306693360698306883 -0.2023434326750934986 0.9793146236240338753 5.667106667341351465e-05 -1.748013840987808099 1.850938144702222139e-05 -5.404372969182530488e-05 0.9999999983683390825 0.4950297637239646775
0.9782454808442536676 0.2074506668894492978 4.14131928567172172e-06 8.238071670808070124 -0.2074506668406627674 0.9782454796359134619 4.900509135144778475e-05 -2.047022356648410035 6.114912010898835623e-06 -4.87981286003263067e-05 0.9999999987906752486 0.4948878581670186905
0.9771671305504684435 0.2124721134028529634 3.490269404819343375e-07 9.197949292253852605 -0.2124721133347571012 0.9771671301929792941 2.697614077882454534e-05 -2.326016161861421239 5.390619988938960356e-06 -2.643435656982442227e-05 0.9999999996360829924 0.4948581012873131679
0.9768278752861290215 0.2140264050456953393 -3.071754378700972558e-06 10.15774077952777077 -0.2140264049867272034 0.976827875210669605 1.349439912543085604e-05 -2.610194451497911849 5.888733035983288918e-06 -1.252426867928201124e-05 0.999999999904232717 0.4948388351582027056
0.9769367282887490012 0.2135289884744370481 -1.947158123065872899e-06 11.24287822072664333 -0.2135289883158306146 0.9769367278430316492 3.069854964872851248e-05 -2.886004675166191635 8.457280539466252814e-06 -2.9574765952929353e-05 0.9999999995269037711 0.4948559019313948371
0.9763652400863848113 0.2161270875032554606 8.056516978872486748e-07 12.34183137598782842 -0.2161270873029449147 0.976365239006813046 4.685453048975774215e-05 -3.176061462765815246 9.339922898519889324e-06 -4.592125806561220416e-05 0.9999999989020019742 0.4948697427589561215
0.9784143010735473212 0.2066529831406488937 4.008168923404742877e-06 13.46668306511531732 -0.2066529830857868066 0.9784142998615512621 4.909591494293065342e-05 -3.445925642044068926 6.224167492056324173e-06 -4.886444536918715936e-05 0.9999999987867628226 0.4948721695963056999
0.9826236932841880822 0.1856089367085544672 3.562952231363720671e-06 14.61509201944588021 -0.1856089367201581575 0.9826236926840188346 3.446546329695103126e-05 -3.707917365911554075 2.896056717275395937e-06 -3.452789661084878164e-05 0.9999999993997186198 0.4948684492071389052
0.9857300580911636523 0.1683337535131617657 2.448307960863415407e-06 15.88064862845386749 -0.1683337534121453205 0.9857300567446349859 5.190983254369073988e-05 -3.931629146682852127 6.324806211128887678e-06 -5.158121511735582642e-05 0.9999999986496875826 0.4948987430202612114
0.9852053157127362848 0.1713781954958520093 1.478514441485593916e-06 17.14731237977737521 -0.1713781950756904648 0.9852053126153406115 7.905277040268858502e-05 -4.113760031616017443 1.20912808580305495e-05 -7.81365947589224085e-05 0.9999999968742367962 0.4950078353532198494
0.9859404573998160615 0.1670970210355198493 5.052682649591664351e-06 18.51523639493377615 -0.1670970211119067739 0.9859404569561708298 2.957730303130805255e-05 -4.370928330382848337 -3.936501359649707521e-08 -3.000574789871140817e-05 0.999999999549826768 0.4949275429623706257
0.9877095768323150837 0.1563003255945095427 7.417031331207104354e-06 19.92269260100137629 -0.1563003256255456885 0.9877095768479269289 3.804018256440457628e-06 -4.636815060945352229 -6.731303585565285243e-06 -4.916549674573746076e-06 0.999999999965258568 0.4948556920538324522
0.9885798715146625337 0.1506978354386160346 5.692276596550805966e-06 21.30545838496813005 -0.1506978355256267665 0.9885798712979443348 2.084859648506030326e-05 -4.866544551980955369 -2.485431702978775762e-06 -2.146831659677534473e-05 0.9999999997664670293 0.4948725311519242553
0.9890092787791249229 0.1478534628508264004 3.747963126267011271e-06 22.71109579299702474 -0.1478534628976970189 0.9890092783829357304 2.799744611068553213e-05 -5.106500910579983454 4.327490515290779604e-07 -2.824388331261797272e-05 0.9999999996010479064 0.4948820855919497386
0.9900060396614138725 0.1410249673927184699 2.83527564963691145e-06 24.18344248544439523 -0.1410249674136381803 0.9900060391996375886 3.027310516004362979e-05 -5.346103601024831065 1.462323652135277085e-06 -3.037040160384702934e-05 0.999999999537750206 0.4948898966019844026
0.9910825004666780069 0.1332496801366950256 3.797164704533943854e-06 25.72134892550668539 -0.1332496801890763471 0.9910824999065945828 3.332621893649332344e-05 -5.571311406970013813 6.774045255266193033e-07 -3.353500337718415579e-05 0.9999999994374723089 0.4948998160256689594
0.9922018764856181949 0.1246412302087686191 5.718019687327625655e-06 27.29260522615716766 -0.1246412303365048851 0.9922018757542833134 3.810665126321061439e-05 -5.784191117864132536 -9.237699667832576679e-07 -3.852219189885749663e-05 0.9999999992575936414 0.4948999114870915039
0.9947441009520618938 0.102392253582976836 5.431982779814108924e-06 28.91441285410214945 -0.1023922537094715535 0.9947441003647368163 3.423563230003454235e-05 -5.981521052452090537 -1.897969279464253173e-06 -3.461188623175943057e-05 0.9999999993992074732 0.4948956602491996759
0.9966859834744494773 0.08134525387890481629 4.379347290707519804e-06 30.56036726395819514 -0.08134525398065159396 0.9966859829047136632 3.3739012091836013e-05 -6.133902549103381396 -1.620325554686054465e-06 -3.398343956584000853e-05 0.9999999994212501742 0.4948958756854694996
0.9975157644473141572 0.070443592167604277 1.961590573824493816e-06 32.2030923496470578 -0.07044359219407134165 0.9975157641849601298 2.288063240191298299e-05 -6.284218038146264895 -3.449235828093592159e-07 -2.296197300786643989e-05 0.9999999997363143711 0.4948865536215282246
0.9982569131422340813 0.05901809342421517057 3.813327429565864442e-06 33.92552928548067825 -0.05901809350042863667 0.998256912841927635 2.4599014461502538e-05 -6.40787707340503232 -2.354893533861249803e-06 -2.478119155746657008e-05 0.9999999996901735022 0.4948933033759885802
0.9984396101899505327 0.0558421415815397032 5.436868208572054994e-06 35.72525552102042212 -0.05584214172014898003 0.9984396097458066999 3.001634239087272251e-05 -6.523683217456179406 -3.752207730854941407e-06 -3.027311156108790911e-05 0.9999999995347298443 0.4949039451817606738
0.9983461482579794044 0.05748885322938795256 3.880649433325717857e-06 37.47873198092064229 -0.05748885330433838037 0.998346147990662125 2.324203549557172447e-05 -6.652441524444074439 -2.538073446105756215e-06 -2.342669070067728864e-05 0.9999999997223741888 0.4948923187924882949
0.9982160451385665434 0.05970533660612098448 3.30181654287759089e-06 39.24190840525442781 -0.05970533667606785916 0.99821604473414971 2.845945315798427454e-05 -6.778815017472397564 -1.596745019445467159e-06 -2.860581884650446885e-05 0.9999999995895787475 0.4949111204789878316
0.998301758380881421 0.05825460674073906081 3.058546347473980696e-06 41.08473570424163057 -0.0582546067926343128 0.9983017581576389965 2.119045430952372553e-05 -6.914416422347502866 -1.81891061363099288e-06 -2.133264221291640995e-05 0.9999999997708050037 0.4948970784159832936
0.998582560525919094 0.05322471047045717468 3.326844618071481455e-06 42.92408439990793312 -0.0532247105301877424 0.9985825602937263845 2.164340615265713963e-05 -7.050678396695357897 -2.170164990343549199e-06 -2.178979827619856595e-05 0.9999999997602475599 0.4949157875569617504
0.9989203992806949817 0.04645466488709424496 3.654780597033226518e-06 44.73328093756191493 -0.04645466498870898936 0.9989203986343736519 3.598838112842744436e-05 -7.147383245703878174 -1.979006705759401562e-06 -3.611930965451699122e-05 0.9999999993457394654 0.4949243455169398676
0.9987092087567293053 0.05079287688081639968 2.216021697027724105e-06 46.50768070892551975 -0.05079287690445578873 0.998709208681191285 1.238508903116440309e-05 -7.283152736280987583 -1.584086973141042709e-06 -1.248166058397057707e-05 0.999999999920849425 0.4948908357054039309
0.9986878205230226291 0.05121168945542274586 2.080707278970215441e-06 48.36360409632231949 -0.05121168943511072991 0.9986878204869232833 -8.860786417598345876e-06 -7.448342641340408576 -2.531752859854921197e-06 8.742602940535295201e-06 0.9999999999585785782 0.4948604284870020131
0.9988541985869064943 0.04785697395236173518 3.415371766753772307e-06 50.21308854845261749 -0.04785697392427500779 0.9988541985630129405 -7.879411159254988927e-06 -7.616994244688628513 -3.788543203484014889e-06 7.706933561231119655e-06 0.9999999999631250525 0.4948422285732634318
0.9990053593647572061 0.0445902674750563513 3.037796500047778971e-06 52.0476044841949701 -0.04459026751246058379 0.9990053592748581179 1.362026927531365407e-05 -7.749220679153017599 -2.427443533865579675e-06 -1.374217816061502965e-05 0.999999999902629999 0.4948885052308254484
0.9990310120755983014 0.04401178143625082001 2.871633643456347814e-06 53.83422672093546169 -0.04401178147798790602 0.999031011939999658 1.659840507422262118e-05 -7.902405796098007862 -2.138325688426118068e-06 -1.670870713254200859e-05 0.9999999998581233784 0.4948935031690235853
0.9990987372080845086 0.04244659352714850314 3.063489752469389308e-06 55.60554261692131917 -0.04244659357564782576 0.9990987370479200713 1.803629323289189141e-05 -8.047106553331067502 -2.295149535058430095e-06 -1.815007249734322935e-05 0.99999999983265353 0.4948948930237710986
0.9993675291682747597 0.03556039418807500213 3.394023860545508038e-06 57.41917363783441886 -0.03556039425300858148 0.9993675289402739192 2.150847232976987828e-05 -8.179541685097198922 -2.627027484247825076e-06 -2.161556167497143824e-05 0.9999999997629330784 0.494895005773690666
0.9993714636766336534 0.03544964841814469275 4.252715133185079777e-06 59.29564435135013412 -0.03544964854663881781 0.9993714630549296318 3.53779901798987104e-05 -8.293106866385343778 -2.995904830989015499e-06 -3.550651108486332946e-05 0.9999999993651561558 0.4949129868533529431
0.9994685377451097974 0.03259819075448617404 4.40671445840082639e-06 61.1494156376847755 -0.03259819081086001019 0.9994685376632750362 1.339126712138471523e-05 -8.448859339347432496 -3.96784137557029394e-06 -1.352780108712847597e-05 0.9999999999006273788 0.4948781867624740816
0.9996610432815296043 0.0260345642295404002 3.590896827036476446e-06 63.0164129264440831 -0.02603456427418843547 0.9996610432022307036 1.300437520207824636e-05 -8.577109587171491967 -3.251116426683270737e-06 -1.309345471597946256e-05 0.9999999999089957958 0.4948675120709721265
0.9996634224626164134 0.02594304886152442105 2.886163676151746745e-06 64.90860872754245747 -0.02594304893740513596 0.9996634220018444372 3.042411048152354261e-05 -8.683843785194154563 -2.095898072168667038e-06 -3.048874629483234921e-05 0.9999999995330217661 0.4948938854382730623
0.9994021431320873061 0.03457392510834000204 2.79761156761320425e-06 66.86390469729907693 -0.03457392521268217583 0.999402141434912239 5.824888460611337879e-05 -8.773791561606106626 -7.82046417559560041e-07 -5.831078452351616054e-05 0.9999999982996203851 0.494935934871155836
0.9989502557427581975 0.04580814934313741371 2.732677541755693847e-06 68.82604901414492815 -0.04580814942190636341 0.9989502532530764034 7.052933891817702639e-05 -8.879497221421148723 5.010095678408840458e-07 -7.058048005083524294e-05 0.9999999975090724247 0.4949394198063003514
0.9992785341875909388 0.03797908777158882226 2.484050865948872168e-06 70.75090308956487206 -0.03797908784547134042 0.9992785331437559204 4.568065616874226917e-05 -9.00372756259441509 -7.473490554834854452e-07 -4.574204112307859906e-05 0.999999998953553626 0.4949103307310203648
0.99932796461992901 0.03665541061166635584 1.926866255162416677e-06 72.67406904518361443 -0.03665541066208462262 0.9993279634178706683 4.901548412519180311e-05 -9.084781380533486939 -1.288886336114917747e-07 -4.905317405956226122e-05 0.9999999987968847259 0.4949266146850950232
0.9989597652983184251 0.04560029946856518357 2.395507817890506553e-06 74.64630299765032362 -0.04560029953072890219 0.9989597642061299743 4.671374215562244407e-05 -9.194787182397698544 -2.62855293320059801e-07 -4.677438477401077915e-05 0.9999999989060439631 0.4949210290575783988
0.9989144859057582648 0.04658164702096351251 3.268333384636417448e-06 76.61448463785185936 -0.0465816471063722759 0.9989144853061879825 3.464915050984530262e-05 -9.324561355080772884 -1.65077106209720147e-06 -3.476378272096247246e-05 0.9999999993943772258 0.4949049605704478605
0.9988904492409427238 0.04709427154320861009 2.296766896476338674e-06 78.50949221483423912 -0.04709427158311295381 0.9988904489868155601 2.256561728828727675e-05 -9.451436793413895643 -1.231507208324639648e-06 -2.264874415448221709e-05 0.9999999997427588827 0.4948904874720246316
0.9983342869080650273 0.05769446742521063681 3.810461036399688472e-06 80.42998721952218943 -0.05769446748969571381 0.9983342867148604638 1.982029424977968662e-05 -9.596174564838579002 -2.660592579876871656e-06 -2.000712184654713426e-05 0.9999999997963181508 0.4948840868717529484
0.997187522859335651 0.07494694284579639376 3.736783432878491317e-06 82.37072310536632358 -0.07494694291572465139 0.9971875225521469321 2.482199348098343211e-05 -9.767168265768908952 -1.865941287007983446e-06 -2.503224268636482287e-05 0.9999999996849525674 0.494883603629396096
0.995071789104673754 0.09915712034049319057 4.004711636378846739e-06 84.38032377209111701 -0.09915712041318164305 0.9950717887298397013 2.734220140534896195e-05 -9.984967441204981142 -1.273801616234540164e-06 -2.760454894442940105e-05 0.9999999996181831996 0.4948877065321662938
0.9915422243981231176 0.129784503039727328 2.930177316041530663e-06 86.27446375959789293 -0.1297845030716868187 0.9915422242305914624 1.823512054969765616e-05 -10.26395724409473331 -5.387584749258296279e-07 -1.846118359888951457e-05 0.9999999998294472059 0.4948768253540228312
0.986318625382360703 0.1648501417020903637 2.623758142619687366e-06 88.12499792319930236 -0.1648501417150222415 0.9863186250535874722 2.551804670768235408e-05 -10.59122392555146597 1.618792092020193448e-06 -2.560145165280093145e-05 0.9999999996709726391 0.4948917249735899082
0.9797251159930675524 0.2003464426423382794 3.894051583174586127e-06 90.02054835796641896 -0.2003464426611348825 0.9797251154468502587 3.283165383371794595e-05 -10.99301415738197463 2.762604914768362922e-06 -3.294615524271154137e-05 0.9999999994534594094 0.4949073164943375014
0.9710085073685298385 0.239044930092551039 4.149692450630071159e-06 91.85500257225326948 -0.2390449300779390329 0.9710085066592739622 3.743785162482798418e-05 -11.4494412357568045 4.919941954890748784e-06 -3.734443536701452103e-05 0.9999999992905936885 0.4949190471138920078
0.9568261577376783178 0.2906608055124914047 3.164492657230018877e-06 93.65194080939423316 -0.2906608054736449231 0.9568261572825316197 3.005975574545806064e-05 -12.00224926657456237 5.709323469517385536e-06 -2.968175457712565312e-05 0.9999999995431985145 0.4949181354799511157
0.9389630052112123426 0.3440181315361078296 4.622429734415217736e-06 95.39130925369022407 -0.3440181314852871486 0.9389630046098297322 3.443378272727950335e-05 -12.63351749688536785 7.5055550835346781e-06 -3.392224775055184961e-05 0.999999999396473882 0.4949429206753750421
0.9194528555117369439 0.3932002625402060136 5.644378174442327735e-06 97.10861807390196532 -0.3932002624969624383 0.9194528549248585092 3.383903110795206948e-05 -13.36656824133289057 8.115776288986395104e-06 -3.333276475977987527e-05 0.9999999994115305046 0.4949566229769725156
0.896919613192139864 0.442193631195418102 1.924942931780559041e-06 98.75404668985655121 -0.4421936311314238477 0.896919612968894997 2.14654777926919959e-05 -14.19430702057789517 7.765378501135257667e-06 -2.01040055435305895e-05 0.9999999997677638808 0.4949529711322272485
0.8723367415040883532 0.4889055219748396075 2.602250075193739205e-06 100.3579384783603246 -0.4889055218962016225 0.8723367412394843479 2.335192770921594641e-05 -15.09875940533127014 9.146848055308235895e-06 -2.164299895681349314e-05 0.9999999997239579219 0.4949785383093410207
0.8444448879968571298 0.5356424471011101973 1.320092032451500083e-06 101.8892612761775638 -0.5356424469757870011 0.8444448877404983067 2.385291075380325011e-05 -16.0837387444741502 1.16618865185009265e-05 -2.084956587638997621e-05 0.9999999997146480357 0.4950041688664528761
0.8130612223584167131 0.5821781932461310705 -2.817892223782508948e-06 103.355151131585302 -0.5821781931408811506 0.8130612222873505601 1.5686022158552996e-05 -17.16373727760344892 1.142317893522778885e-05 -1.111318094686686864e-05 0.9999999998730040307 0.4950190873416945303
0.7792889794341203435 0.6266647320601708149 -1.125674738407743415e-05 104.732170505203527 -0.6266647320538727417 0.7792889795074029458 4.515662720455380263e-06 -18.32869854121050679 1.160206575029860443e-05 3.535200390348641286e-06 0.9999999999264471695 0.4950173235081296585
0.7383545253393166696 0.6744127778282310581 -3.897991094244246057e-06 106.0830609464286454 -0.6744127776699785359 0.738354525270985107 1.815365633730782008e-05 -19.57342658841071525 1.512115716208407521e-05 -1.077497930690389116e-05 0.9999999998276252189 0.4950737542498405697
0.6867654881589799754 0.7268790574706058827 9.307760841701230407e-06 107.3367676490517226 -0.7268790572963432783 0.6867654875569059181 3.416047085278618874e-05 -20.89060414455252257 1.843828194371130986e-05 -3.02258488671099244e-05 0.9999999993732139325 0.4951305316945184831
0.6245314067589284868 0.780999693948910334 5.065084675248702003e-06 108.4275904805671331 -0.7809996936906858922 0.6245314063541752558 3.057063259842534425e-05 -22.27539322619186279 2.071235024765871692e-05 -2.304814976209155952e-05 0.9999999995198906033 0.4951627555092866784
0.5601722785682090588 0.8283761333505621494 -4.594032500304287401e-06 109.3927493196935217 -0.8283761331576177112 0.5601722785440910179 1.917777825919928273e-05 -23.74367680147367921 1.845986345401103669e-05 -6.937272867129037414e-06 0.9999999998055538741 0.4951908754343991026
0.5012064078350155771 0.8653277625832108688 -7.077242695223548252e-06 110.2780796757369046 -0.8653277624215297559 0.5012064078795125388 1.689075011528764955e-05 -25.3090936278246339 1.816319439457848349e-05 -2.341617605350287902e-06 0.9999999998323076955 0.4952268267414283165
0.4460187582333237644 0.8950236126966361061 4.658196530914014242e-06 111.0417376579948723 -0.8950236123616454043 0.4460187579093564114 3.017182541020955528e-05 -26.86486487611287899 2.492685314948197734e-05 -1.762639598928345797e-05 0.9999999995339809988 0.4952879537467533844
0.4036111455906111201 0.9149306220172438442 -7.239242273326512147e-06 111.7231196075949242 -0.9149306218468827856 0.4036111456552164967 1.76633184705767636e-05 -28.52398550976220548 1.908254982278645944e-05 -5.057077680064215651e-07 0.9999999998178003002 0.4953211375181023612
0.3718807572617071622 0.9282805082196067259 -2.098191936799198175e-05 112.3344522954603377 -0.9282805083510893285 0.3718807574653967829 6.681242061549082844e-06 -30.20736048909069993 1.400483884407973039e-05 1.699248141980352e-05 0.999999999757560154 0.4953617638303523529
0.3520106546263910841 0.9359959925529685032 -3.092759128186453198e-05 112.908014040765778 -0.9359959930264009076 0.3520106547160067878 -2.676359391290522222e-06 -31.92206772681880267 8.381779991038766048e-06 2.989020853512711409e-05 0.9999999995181605428 0.4954198702417231814
0.3294595778025331545 0.9441696797891682147 -4.861305232045667305e-05 113.451249011854884 -0.9441696810310558075 0.3294595775946437266 -1.245415938384564282e-05 -33.70422377895513222 4.257196005595163774e-06 5.000211219583885537e-05 0.999999998740832452 0.4954552530615627393
0.3203069237405718472 0.9473138203305679905 -2.041539705437968075e-05 113.9818067300293336 -0.9473138204131212881 0.320306923986813985 1.013088881693733676e-05 -35.44151370681020552 1.613632402097495724e-05 1.609479394712423327e-05 0.9999999997402881924 0.4955115826462280215
0.3230102698653318227 0.9463954593774720481 5.784629014334318889e-06 114.5140886353167957 -0.9463954590815852885 0.323010269594934063 2.771635328760706506e-05 -37.14951785189128231 2.436213632446639595e-05 -1.442721338675041929e-05 0.9999999995991710744 0.4955709971932584224
0.325013671374380253 0.9457093165900419818 4.400880916807851207e-05 115.0794216496550604 -0.9457093171580341906 0.3250136694206670063 4.617825567401221212e-05 -38.87722204701135809 2.936774206023922979e-05 -5.662810528155726294e-05 0.9999999979653968474 0.4956270585179844979
0.321890580310697727 0.9467768755873871012 4.650226239533903461e-05 115.6336947429841189 -0.9467768763075840033 0.3218905783128687692 4.56606350829815108e-05 -40.63100158948999763 2.826179328590863117e-05 -5.872499505611063778e-05 0.999999997876323099 0.4956572196684659315
0.3219667632020187797 0.9467509718983329048 2.459694825446308292e-05 116.1636579239074365 -0.9467509718645271688 0.3219667622634114768 3.568503860407318658e-05 -42.34405079032342911 2.586544518958566998e-05 -3.477658103890694368e-05 0.9999999990607839617 0.4956768640443060536
0.3231264181578277772 0.9463558093325429299 5.768273486171105805e-06 116.6828836850177566 -0.9463558090594603733 0.3231264179015126969 2.675413796540884731e-05 -44.05479437220659378 2.345505233818626659e-05 -1.410380789354460842e-05 0.9999999996254714807 0.4957046259684744771
0.3277357330239950017 0.9447694369658578006 1.663350064481199572e-05 117.2390812820001287 -0.9447694368118585428 0.3277357324249928205 3.098854429764084218e-05 -45.78888161268022827 2.382563703185463122e-05 -2.58708763171425839e-05 0.9999999993815182897 0.4957632946035009924
0.3312303534041489139 0.943549920520253993 2.173057706834629775e-05 117.7838807899249218 -0.9435499204603077228 0.3312303526168803858 3.3269764586352533e-05 -47.47247110809752968 2.419385702626385023e-05 -3.152384014600512305e-05 0.9999999992104524615 0.4958004762831109691
0.3402798347863190132 0.9403242175117668689 9.548616047810607376e-07 118.3049683135285477 -0.9403242172457483283 0.340279834665526415 2.415379458189928432e-05 -49.12092335208566141 2.238747784116104292e-05 -9.116928720885147637e-06 0.9999999997078412584 0.4958314926567544134
0.3555037190903294619 0.9346748662604166258 9.810681958999764769e-06 118.8353784446907611 -0.9346748660255956853 0.3555037187020471667 2.848303869170436945e-05 -50.66165134152582539 2.313464646043155137e-05 -1.929562403154249156e-05 0.9999999995462336422 0.4958708840836064113
0.3725321065590300185 0.9280193038473236733 3.566024056901976344e-05 119.3569630639281058 -0.9280193041886212191 0.3725321050999320094 4.153688809720009276e-05 -52.03853607058375985 2.526244948840088598e-05 -4.85672160628172189e-05 0.9999999985015168846 0.4959156072569636531
0.387010775145303465 0.9220751916361532574 2.988001563098414593e-05 119.859839422663768 -0.9220751918318355056 0.3870107740104808958 3.755429568603435266e-05 -53.32413989688300404 2.306399641466845264e-05 -4.208553822836603157e-05 0.9999999988484298274 0.4959498445989664051
0.3968310516931505272 0.9178916685778227835 3.420177147485392328e-05 120.3136380389443332 -0.9178916689356549918 0.3968310503775761555 3.945859162156598092e-05 -54.4353870744590651 2.264638760410998814e-05 -4.705191551112611825e-05 0.9999999986366291393 0.4959819205450021196
0.4085029677433051343 0.9127569908416870437 3.188688430147586917e-05 120.6991412979261042 -0.9127569911135174907 0.4085029664931791316 3.926707881702428635e-05 -55.34836554359768002 2.281541387079276761e-05 -4.51456948023646587e-05 0.999999998720661587 0.496012010129328107
0.4192038356756934703 0.9078921429951319899 2.906416404759488991e-05 121.039539856594331 -0.9078921431915262241 0.4192038345577430158 3.775466216132189267e-05 -56.12386324789027725 2.209335212073268101e-05 -4.221402537990713929e-05 0.99999999886492974 0.4960305148780260187
0.427100832303929312 0.9042040028358605541 1.741065560399684937e-05 121.3359997263821413 -0.9042040027667342938 0.4271008316722932907 3.110761668940922701e-05 -56.81263250002312049 2.069152604082051449e-05 -2.902887346696531189e-05 0.9999999993645926066 0.4960223792889227323
0.4324855916778468368 0.9016408447779551416 -4.625061352255733195e-06 121.6135075541845652 -0.9016408445954944284 0.4324855916854456472 1.854310064535093854e-05 -57.50356435556959411 1.871948932618867036e-05 -3.849479630192623933e-06 0.999999999817381191 0.4960012545034327425
0.4356214694257750653 0.9001299546769930826 8.411636537501695013e-06 121.9286726926460034 -0.9001299545220960985 0.4356214691186539034 2.484326312060715307e-05 -58.21360267105659148 1.869787584062209464e-05 -1.839382479988785807e-05 0.999999999656028371 0.4960239233167148543
0.4399373489693091388 0.8980284677283983941 1.155310386959999317e-05 122.2396363706609037 -0.89802846760757149 0.4399373485691069896 2.650686922356552082e-05 -58.93240443657323624 1.87212812689802772e-05 -2.203637793981956723e-05 0.9999999995819559562 0.4960371145305569329
0.4416275302075887144 0.8971984862618566092 2.853789312945055877e-05 122.5551850110086036 -0.8971984864800842674 0.4416275291392016689 3.696596313909930023e-05 -59.59440329714083617 2.05626869420136253e-05 -4.192934152593863104e-05 0.999999998909552934 0.4960837275256228529
0.4390671861097082962 0.8984542307150394924 3.733874760154421595e-05 122.8722231044095281 -0.8984542312221683869 0.4390671845827140984 4.270625354428563111e-05 -60.24339255354551881 2.197539538959799067e-05 -5.229807034412124761e-05 0.9999999983909968471 0.4961138816643316241
0.4334226138105355397 0.9011907886037874293 1.937937181816275098e-05 123.1920395869327223 -0.9011907886061266693 0.4334226131514059555 3.070354173584419319e-05 -60.96335454742836646 1.927029101519392066e-05 -3.077212068389189209e-05 0.9999999993408662524 0.4960918003445338176
0.4258407001727499419 0.9047981530589912502 1.731048892106351863e-05 123.5661640196946252 -0.9047981530256690164 0.4258406996000266287 2.911581903338765552e-05 -61.7804961953741838 1.897242857364478099e-05 -2.80611991670304576e-05 0.9999999994263080172 0.4961099293063134796
0.4221185431054505499 0.9065406419012688177 1.224745742366716579e-05 123.9474186173230947 -0.9065406417870914835 0.4221185426936514551 2.654560735256260182e-05 -62.6521377094519778 1.889479304967022033e-05 -2.23082110146243705e-05 0.9999999995726652768 0.49612035289007822
0.4185823140779172391 0.9081788624695453782 1.034076450543555498e-05 124.3588430558816924 -0.9081788623277655681 0.4185823137189537135 2.578693172322017304e-05 -63.59318175610862056 1.909068518666588084e-05 -2.018521729782055623e-05 0.9999999996140513936 0.4961463191307450282
0.4148639818388317746 0.9098834409826088709 2.001773297870801429e-05 124.8192240502791464 -0.9098834409730502948 0.4148639811392652588 3.159990720844543127e-05 -64.62039268443960793 2.044759590862190566e-05 -3.132346709337983497e-05 0.999999999300368092 0.4961868718047360849
0.4140394826592996291 0.910258922853498964 1.292440405808368048e-05 125.2959250427030327 -0.9102589227421598039 0.4140394822252513873 2.700298403036641072e-05 -65.72834698346930793 1.922849359303265709e-05 -2.294485565318589098e-05 0.9999999995518993323 0.4962032969412476513
0.4132656110156054385 0.9106105285650598624 4.538018206759872176e-06 125.7875621383246312 -0.9106105283881851253 0.4132656108237557357 2.238953455394544884e-05 -66.8941345835050214 1.851273902834799028e-05 -1.338519183488408471e-05 0.9999999997390577322 0.4962207603015272861
0.4075819403222834536 0.9131686381528086871 1.481553230057730349e-05 126.3255365268289552 -0.9131686380455493746 0.4075819398050093412 2.893190303850215516e-05 -68.11642188747173066 2.038116310252505029e-05 -2.532120063048689813e-05 0.9999999994717223561 0.4962651580197655066
0.4045644923704272977 0.9145094703875980002 9.310556657234845876e-06 126.8535192021786742 -0.9145094702392937425 0.4045644920522647459 2.480669789786269237e-05 -69.40031156520231548 1.891923953188150167e-05 -1.855050137867613581e-05 0.9999999996489705723 0.496287940895803914
0.4064355929734506101 0.9136794343392976581 5.654518639966236938e-06 127.3901474870387318 -0.913679434186327355 0.4064355927702900662 2.183228461770822347e-05 -70.71277390851770406 1.764951182457686826e-05 -1.403983493612377811e-05 0.9999999997456889833 0.4963252763907344267
0.411806105913473941 0.9112714914355076745 5.61420184843080805e-06 127.9387784117735123 -0.9112714912807697853 0.4118061057082053056 2.196810560082744677e-05 -72.0322466271197186 1.770694575501665594e-05 -1.416266211254352298e-05 0.9999999997429416254 0.4963557455315874556
0.4242575573135763944 0.9055415644462549984 1.117046887749417988e-05 128.5028774763607089 -0.9055415643140216631 0.4242575569270707336 2.631008909887552199e-05 -73.34453949248950266 1.908572340762054392e-05 -2.127757799523865588e-05 0.9999999995915000994 0.496394600269464692
0.4474270452757533323 0.894320434218092819 9.899676718916463274e-06 129.0949199947208683 -0.8943204340948053277 0.4474270449383439541 2.490889335335585251e-05 -74.67142374559041684 1.784714921947566036e-05 -1.999839573484047333e-05 0.9999999996407717973 0.4964252078677938718
0.4800682480829214782 0.877231142311814871 1.196393937647043324e-05 129.7223654752349944 -0.877231142225645133 0.4800682476797514253 2.610394234002989849e-05 -75.9485074313014934 1.715568374597724365e-05 -2.302681407197528245e-05 0.9999999995877242309 0.4964558469061215451
0.5256335523842752266 0.8507110957296228904 1.458165319295034906e-05 130.3990813553452313 -0.8507110956905569177 0.5256335518691053199 2.864740248304054339e-05 -77.16563308489955375 1.670605699622096409e-05 -2.746281009849721076e-05 0.9999999994833509431 0.4964864168273516731
0.586673372237664581 0.8098236560895901714 1.86335367999478042e-05 131.1423383248154551 -0.8098236561507200504 0.586673371523720788 3.295304922623154483e-05 -78.28682781122837753 1.575435894585037357e-05 -3.442255541341974768e-05 0.9999999992834439633 0.4965177777725992558
0.656362788272271902 0.7544454186444831123 2.144835549206609423e-05 131.9524048610869613 -0.754445418814665536 0.6563627873526248768 3.755648622019032819e-05 -79.28192566937427443 1.425641657430477916e-05 -4.083229355529092021e-05 0.9999999990647391312 0.4965398611059553269
0.7301879831751997285 0.6832463017370098424 1.978549303908129354e-05 132.8019202337203808 -0.6832463019042396279 0.7301879822005816756 3.982783660865026623e-05 -80.12729680487574058 1.276509282999577459e-05 -4.260017263780608795e-05 0.9999999990111387849 0.4965549819877905224
0.8057079639721875797 0.5923129886435949398 1.667686045905219605e-05 133.7450139478665108 -0.5923129888209106575 0.8057079631825054822 3.661381236061544563e-05 -80.87718181318219024 8.250157352210119754e-06 -3.937796127298165091e-05 0.9999999991906555197 0.4965613598720739486
0.876000796551306804 0.4823096559355140589 1.533214939423027475e-05 134.7552299575268364 -0.4823096561694842355 0.8760007958891330437 3.419813464803590563e-05 -81.48405057466690948 3.063115483693772812e-06 -3.7352436894918671e-05 0.9999999992977064434 0.4965596323779515875
0.9339101976526402726 0.3575076815985556156 1.790712119543235521e-05 135.7900096371057828 -0.3575076820377370845 0.9339101968179539526 3.956877383965777631e-05 -81.90200288568661335 -2.577502480955561573e-06 -4.335561478801526974e-05 0.9999999990568235742 0.4965659730685139106
0.9763134216249267361 0.2163610466039024571 1.642330091725436632e-05 136.8095150088327898 -0.2163610470721951951 0.9763134209861897839 3.625326340441297309e-05 -82.15894259662879051 -8.190495089424477062e-06 -3.89479102222710686e-05 0.9999999992079879885 0.4965468791889640077
0.9980128458873291919 0.06301078572919759091 1.810790060378490525e-05 137.853650616994031 -0.06301078643982999106 0.9980128451315316562 4.179632033927623453e-05 -82.23201701399709407 -1.543829841577532645e-05 -4.28542576672382946e-05 0.9999999989625857344 0.4965353316642513448
0.9946500800977240431 -0.1033015865755293472 1.935981281318369129e-05 138.9406224279613866 0.1033015856769817775 0.9946500794602000095 4.276297170204830078e-05 -82.13589757012367443 -2.36737221764738226e-05 -4.053429386664761808e-05 0.9999999988982629651 0.4965057778928188004
0.9628755719354169518 -0.2699456105499260516 1.780742337783636748e-05 139.8735255082970923 0.2699456094885608337 0.9628755712503371811 4.700446037780902156e-05 -81.86152238934445791 -2.983498071268825676e-05 -4.045241091264762252e-05 0.9999999987367381715 0.4964749893748401366
0.8987380008321159686 -0.438486038070994788 1.671306619326772911e-05 140.7429202982480376 0.4384860370941423557 0.8987380004540201917 4.261005570010990964e-05 -81.43422775583617579 -3.370458219791872125e-05 -3.096683011248383251e-05 0.999999998952528224 0.4964396721659064537
