0.9999727208254474142 0.007386311999347235611 0 -0 -0.007386311999347235611 0.9999727208254474142 -0 0 -0 0 1 0.4949999999999998845
0.9999624130051560922 0.008670211797386627797 -2.554717017908885915e-06 -0.004340761755423196491 -0.008670211800415624989 0.9999624130077007234 -1.176976836737924257e-06 3.082220214136385263e-05 2.544416355324935261e-06 1.199082535350890967e-06 0.9999999999960438313 0.494979439695609813
0.999919125187682778 0.01271782551524818471 -5.434695809019594808e-07 -0.00669486762999458359 -0.0127178255185812529 0.999919125165694811 -6.647032714289142249e-06 -0.0022386950645699559 4.588898256351614749e-07 6.653406888070477488e-06 0.9999999999777605675 0.4949731133850946985
0.9999742666003187397 0.007173990049129273447 2.482392230508579465e-06 0.02771798184132543558 -0.007173990048970967787 0.9999742666033983873 -7.266119656644338466e-08 -0.0003156835016854181767 -2.482849620825928035e-06 5.485066958704075309e-08 0.9999999999969160225 0.4949941702437063995
0.9999759198127003978 0.006939725770032643438 1.792497828382639457e-06 0.01243867985809958727 -0.006939725777328648385 0.9999759198058647547 4.096679686391980901e-06 0.006349157829895247379 -1.764024831095537631e-06 -4.109020480963338755e-06 0.9999999999900018866 0.4950088316508237662
0.9999722322067590152 0.007452168484788968851 1.593254162559506991e-06 0.009056332841918571588 -0.007452168487693401622 0.9999722322063414603 1.824872149401764213e-06 0.009372555997065129541 -1.579610666685452123e-06 -1.836694675192928253e-06 0.9999999999970654585 0.4950049927439318376
0.9999744931140464033 0.00714234717637467556 5.923263419870794415e-07 0.006752560831673877668 -0.007142347174492497119 0.9999744931093647038 -3.121033327065561767e-06 0.003152475202172132836 -6.146027371555747399e-07 3.116723118849208082e-06 0.9999999999949539253 0.4949941143431978996
0.9999686499763017489 0.007918274230642719652 1.152629009609540073e-07 0.003946254726817836553 -0.007918274230539076863 0.9999686499759279368 -8.73292825715528631e-07 0.004257591514924309595 -1.221742595438313686e-07 8.723527647063409539e-07 0.999999999999611866 0.4950047701332588312
0.999956910056860937 0.009283212342244774942 6.134286333429016205e-07 0.008295935708202580722 -0.009283212342994744473 0.9999569100562840651 1.231298341894901729e-06 0.004982928769064923907 -6.019717967731780136e-07 -1.236939873579945539e-06 0.9999999999990535349 0.4950100990424338154
0.9999412393885654948 0.01084056143590252964 2.158562212387925424e-07 0.00273891603405404787 -0.01084056143571069698 0.9999412393882116667 -8.707862804571507585e-07 0.00118380393616445952 -2.252833495660144031e-07 8.683951098952621164e-07 0.9999999999995973221 0.4950000531957848837
0.999942972561466803 0.01067949564194237144 -6.361118646711819541e-08 0.001873305673727954741 -0.01067949564208026982 0.9999429725574069394 -2.849609731938473583e-06 -0.007108906979934027925 3.317516417037870231e-08 2.850126561383304998e-06 0.9999999999959375829 0.4949917797823127352
0.9999717831601961926 0.00751218248061986775 -1.679753748615301019e-07 0.0001399016945853226359 -0.007512182480318470822 0.9999717831587192629 1.728069353941685197e-06 -0.005111756301210112693 1.809522074535816974e-07 -1.726758731617336287e-06 0.9999999999984925392 0.4950085895426392657
0.9999905667351928207 0.004343551871485312049 8.370734849527016469e-09 0.00584006859691327089 -0.004343551871492257015 0.9999905667317114943 2.638717260100601858e-06 -0.00407934076045599666 3.090749407297008637e-09 -2.638728727102958078e-06 0.9999999999965183406 0.4950061526530746825
0.9999824437168809421 0.005925559904004402099 2.678053435611159254e-07 0.01033592556471243061 -0.005925559904941186604 0.9999824437102706742 3.644284070023808839e-06 0.003766410641982539595 -2.462062183286957653e-07 -3.645806986547050332e-06 0.9999999999933235628 0.4950076522430824078
0.999981879789137551 0.006019974717219479105 1.404696074639352351e-07 0.007154651250119111773 -0.006019974716927911119 0.9999818797871669052 -1.991021159234948165e-06 -0.0001721374984699646274 -1.524529591648756304e-07 1.990139458026275383e-06 0.9999999999980078158 0.4949918233393884037
0.999954320929596352 0.009558036222431199117 1.815669904735679059e-07 0.01113312135651173783 -0.0095580362215359118 0.9999543209198612503 -4.41806911152796619e-06 -0.005087765264160639712 -2.237867612617133522e-07 4.416131874366388503e-06 0.9999999999902235981 0.4949896889203900252
0.999934780386952049 0.01142081322322970396 2.252741132877875393e-07 0.01480361133189801032 -0.01142081322231129105 0.9999347803800446854 -3.726324841622767861e-06 -0.01239307618311883893 -2.678170810209431787e-07 3.723508998586828489e-06 0.9999999999930316852 0.4949910764256474915
0.9999136217221594736 0.01314340505932122018 -3.918148201155592496e-07 0.007818416412798399537 -0.01314340505963807262 0.999913621721897905 -8.174352453527900191e-07 -0.0145592952525413627 3.810370932866328979e-07 8.2251441759319502e-07 0.9999999999995888844 0.4949999762422676031
0.9999366598674394035 0.01125505464480088501 -5.691882608095191993e-07 0.005468666276923710157 -0.0112550546432116233 0.9999366598639137793 2.722224395981276276e-06 -0.01205286424916397932 5.997909926798096891e-07 -2.715645724949487665e-06 0.9999999999961325381 0.4950069328430194426
0.9999428031998035538 0.01069534155922955039 2.882890117943543355e-07 0.006397301692776429308 -0.01069534156066275291 0.9999428031844859177 5.539470301304613183e-06 -0.003178212627108436064 -2.290259956512217573e-07 -5.542236810777924771e-06 0.9999999999846153065 0.4950124206110878
0.9999589352572222367 0.009062439024289020706 6.372152781953130471e-07 -0.0009419355561330093 -0.009062439026222378693 0.9999589352526035979 3.09966958900032172e-06 0.0003288128372453143601 -6.090985444651191657e-07 -3.105317026471176345e-06 0.9999999999949927831 0.4950029489773190572
0.9999965362256666435 0.0026320216779375156 8.878936672041853447e-07 0.007356001955264057125 -0.002632021680306637426 0.9999965362224695342 2.677742695040221972e-06 0.005570397450142077628 -8.808427149167161671e-07 -2.680070375325708918e-06 0.9999999999960204056 0.4950038521926420354
0.9999953886266599312 0.003036894374616722243 4.532276068347547684e-07 0.01493521558138670956 -0.003036894374984412063 0.9999953886264311143 8.128477276269708125e-07 0.005855179448640956269 -4.507569841415078776e-07 -8.14220383652408818e-07 0.99999999999956668 0.4949980925508735141
0.9999838975930456231 0.005674905878656386418 -3.495513974373413635e-07 0.001834118213005765186 -0.005674905879103824512 0.999983897592268689 -1.292689140755152233e-06 0.004016224652484607673 3.42209879614020195e-07 1.294651996628921755e-06 0.9999999999991031618 0.494994080319427876
0.9999766636973043132 0.006831695473203999031 -4.76038420934660523e-08 0.004330936017715835383 -0.006831695473260027129 0.9999766636964623201 -1.298228737925408558e-06 0.003142675814284693649 3.87336278037996956e-08 1.298523657019148756e-06 0.9999999999991558974 0.4949963998092613005
0.9999621815172434758 0.008696869400065315378 3.822132168927449319e-07 0.01049741194898315237 -0.008696869399388898123 0.9999621815158137306 -1.737082909355235459e-06 9.540658278570719915e-05 -3.973059453680030029e-07 1.733693157085143407e-06 0.9999999999984180432 0.4949963439577151347
0.9999322763125533253 0.01163798908782522068 -7.873867820769232822e-07 0.001495833386765487707 -0.01163798909025330619 0.9999322763078644094 -3.152848420836549225e-06 -0.005707589621671633334 7.506406418197210046e-07 3.161798497095131862e-06 0.9999999999947195573 0.494991277033179522
0.9998943425855586487 0.01453628791914165011 -1.075966415736567977e-06 -0.002867631981316362631 -0.01453628792063433456 0.9998943425851459788 -1.392746975392944791e-06 -0.006079035384968856266 1.055607360873796773e-06 1.408240378960626058e-06 0.9999999999984510168 0.4949955962221870287
0.9998912353677517073 0.01474847232928395459 -9.675133166056781857e-07 0.003882954018791183546 -0.0147484723319753451 0.9998912353641574713 -2.836269265702465658e-06 -0.01137807491766878662 9.255774465885143693e-07 2.850230123299601425e-06 0.9999999999955094809 0.49499115517465897
0.9998687313901806206 0.01620246862460966372 -9.445350627029784182e-07 -0.0005248409607128851637 -0.01620246862388566647 0.9998687313903426022 7.691691137583242024e-07 -0.007045279003562007238 9.568735133312087846e-07 -7.537643462804456573e-07 0.9999999999992579269 0.4950012035249680697
0.9998236747743449726 0.01877816183051428736 -1.10648743663533217e-06 -0.01061146551457984796 -0.01877816183459661559 0.9998236747676501057 -3.802438238193205054e-06 -0.01540619346716906937 1.034889534393627409e-06 3.822545572565908606e-06 0.9999999999921583838 0.4949859457262310025
0.9998745069255072782 0.01584204526615486802 -2.119315337499653963e-06 -0.01458728946788283472 -0.01584204528187617769 0.9998745068984739026 -7.619262191920014797e-06 -0.03261095516120193771 1.998344681505738993e-06 7.651880316825429075e-06 0.9999999999687274599 0.49497382746744778
0.9999098625906484017 0.0134263433392613294 -8.481824833011455935e-07 0.0005945953369439756046 -0.0134263433344137869 0.9999098625760380887 5.483394747006577624e-06 -0.02023164007831971395 9.217279708550948253e-07 -5.471512498778589574e-06 0.9999999999846063137 0.4950132757077757573
0.9999295450989651446 0.01187033446345650729 3.673798674162714224e-07 -0.00471648830707556161 -0.01187033446529032858 0.9999295450840276489 5.473975316647283362e-06 -0.01394225311301820758 -3.023760658453602207e-07 -5.477950570160123059e-06 0.9999999999849500387 0.4950058927391114416
0.9999185119208716666 0.012765951558408168 9.952904095263558706e-07 0.000146234564125989001 -0.01276595156304992894 0.9999185119097583341 4.805908842854452645e-06 -0.001716826941424387737 -9.338573057295737141e-07 -4.818223047733578969e-06 0.9999999999879560786 0.495005756702743327
0.9998852021101896081 0.01515198347504496598 2.640001220219682237e-07 0.0003579052721997467881 -0.01515198347514388685 0.9998852021101519716 3.769066395969244885e-07 0.003932854629119356821 -2.582589321902365869e-07 -3.808634969963538575e-07 0.9999999999998938627 0.4949983664560819729
0.9998715479485620339 0.01602771364941981899 -5.925032763870177879e-07 0.006027538218647081163 -0.01602771365237670373 0.9998715479342289436 -5.377613616716455438e-06 0.001306452001303996238 5.06236316951216136e-07 5.386419324067577146e-06 0.9999999999853649291 0.4949879334508985318
0.9999023085512410702 0.0139776018767287253 -1.380893911399002942e-06 0.003150122322519005851 -0.01397760188491648826 0.9999023085334173278 -6.109171111153697322e-06 -0.002882827987705789251 1.295367448258995986e-06 6.127875882715993339e-06 0.9999999999803853568 0.4949864779410335092
0.9998910222815817761 0.01476291164069750556 -1.677764473512575036e-06 -0.006685674707084469058 -0.01476291164312066792 0.999891022281914954 -1.441204064515407253e-06 0.001016029395238124888 1.656305266308098672e-06 1.465815694065130881e-06 0.9999999999975538456 0.4950003407741215833
0.9998442153266295929 0.01765063960960477213 -1.216791756109739361e-06 -0.01639976776606817677 -0.01765063961373965207 0.9998442153212562244 -3.475616935961496681e-06 -0.004261317575293419382 1.155255336639187743e-06 3.496552640884441575e-06 0.9999999999932195349 0.4949895396359376698
0.9998417519375575324 0.01778963416074097817 -1.046579119893253443e-06 -0.01653231852753805908 -0.01778963416494796709 0.9998417519293842926 -4.1580655079594668e-06 -0.01080729856000551582 9.724430365638279506e-07 4.17602576181688882e-06 0.9999999999908073534 0.4949869393835997777
0.9998863167779677985 0.01507824664715784121 -6.851870903448308073e-07 -0.01696723182563146873 -0.01507824664366224157 0.9998863167664990836 4.848679173016005954e-06 -0.0008671372455901263897 7.582187765445350647e-07 -4.837796539599743287e-06 0.9999999999880101464 0.4950068121870723759
0.9999264673068508635 0.01212682898778414189 4.182110120112425648e-07 -0.001668870296936164057 -0.0121268289893562177 0.9999264672989689462 3.987372924538629702e-06 0.00554703738006863227 -3.698260702594412235e-07 -3.992151295693032732e-06 0.9999999999919627625 0.4950012691610906623
0.9999048097881677588 0.01379751298882948493 2.091053233022973759e-07 0.008599483142969209168 -0.01379751298846482697 0.9999048097868249441 -1.65503093819265937e-06 0.004619859000920944342 -2.319207293886152476e-07 1.65198826203284498e-06 0.9999999999986083354 0.4949867830273365077
0.9998689267218883181 0.01619041006978461442 -1.546960587573445158e-07 0.006899759941430873462 -0.01619041007005935298 0.9998689267199346586 -1.980336358173255805e-06 0.005594184818678776122 1.226133245225832748e-07 1.982581381622530242e-06 0.9999999999980269116 0.4949896941045626164
0.9998737119454835787 0.0158921415336587199 2.584168244582878914e-07 0.005808911316265524989 -0.01589214153209849573 0.9998737119319853761 -5.206665956237766612e-06 -0.001247164849890637075 -3.411292617917646338e-07 5.201901619775072585e-06 0.9999999999864117584 0.4949818158983205207
0.9998220329385881788 0.01886537709076990116 -6.574818978277648347e-08 -0.001269018936714562482 -0.01886537709082590844 0.9998220329207314627 -5.975715640994955608e-06 -0.008430691967323445876 -4.699764018508072181e-08 5.975892524835788818e-06 0.9999999999821430618 0.4949850593345303529
0.999786678922905736 0.02065421627450544917 -7.907039719234372364e-07 -0.003748359728642116414 -0.02065421627694001908 0.9997866789180285263 -3.20576213582241716e-06 -0.01306660323572755855 7.243227936187399759e-07 3.221409650037836372e-06 0.9999999999945486939 0.494991157314716268
0.9997646581226592444 0.02169397083506516277 -7.225585107323841008e-07 0.0130229985034808933 -0.02169397083726174943 0.9997646581177984659 -3.185263134709833636e-06 -0.02093110080078391597 6.532874569060417937e-07 3.200188672163935886e-06 0.9999999999946658225 0.4949881280795143113
0.9997294056383416727 0.0232618895124670072 -7.419641155592771205e-07 0.02862271254246706934 -0.02326188951130645291 0.9997294056374637083 1.536191627530304477e-06 -0.01689647539973663376 7.774980641619800549e-07 -1.518516455459979362e-06 0.9999999999985446086 0.4950009427180358523
0.9996971880193414872 0.02460756525924780169 -6.824286947968820629e-07 0.06165881936227707305 -0.02460756525820237059 0.9996971880184745141 1.500174684495156313e-06 -0.01702227309464012656 7.191376936605447359e-07 -1.482927504986328207e-06 0.9999999999986416421 0.4949958820217477129
0.9997248196761097105 0.02345815263983411225 -7.271070921760517649e-07 0.1152775652445263282 -0.02345815263804449172 0.9997248196735852854 2.379134357021411112e-06 -0.01264412311107795082 7.827171035067736018e-07 -2.361423076905996413e-06 0.9999999999969052533 0.4949968233220164437
0.9997382980246954931 0.02287652647069067513 -1.246331432023922034e-06 0.1418238982812640714 -0.02287652646795121369 0.9997382980231808158 2.16962546433819907e-06 -0.007052980366250106992 1.295638758990821152e-06 -2.140545935075968226e-06 0.9999999999968695041 0.4949942818208801221
0.9996359056756993766 0.02698251445061401396 -2.814674875025152478e-07 0.213808694575290642 -0.02698251444945443112 0.9996359056695440781 3.528138417387954286e-06 0.002874184651944707968 3.765630526170605756e-07 -3.519259141666247565e-06 0.9999999999937362327 0.4949990678135848809
0.9994619410306267993 0.03279982367881139477 4.043585591538027235e-07 0.312582686739307225 -0.03279982368000478737 0.9994619410248133384 3.421351983202683087e-06 0.01020557302362381548 -2.919212486096691263e-07 -3.432773983524483379e-06 0.9999999999940651918 0.4949998311569193676
0.9993498909169338251 0.03605267707932886118 1.399518421073191393e-06 0.4743896388562702238 -0.03605267707940703475 0.9993498909179104883 3.067927917893978568e-08 0.01083954099095456661 -1.397502511291835319e-06 -8.111572000251797746e-08 0.9999999999990200061 0.4949904499797760371
0.9991477508116113349 0.04127677370380673089 1.713269919141215439e-06 0.6572816971472617009 -0.04127677368708981137 0.9991477507745271103 -8.855542074437402849e-06 -0.005832273399386960801 -2.077337992410721366e-06 8.777276691174427012e-06 0.9999999999593218725 0.4949713455724396582
0.9986947650858453152 0.05107608236201571783 1.705637823713163105e-06 0.86559846461632306 -0.05107608231207155791 0.998694764846112859 -2.206468361477860614e-05 -0.04471159008299110948 -2.830389162866146569e-06 2.194876672147626684e-05 0.9999999997551199948 0.4949528955301674693
0.9980109310199452022 0.06304111010701063389 1.846764177310860045e-06 1.18694709989987035 -0.06304111007991494708 0.9980109309486756564 -1.220992384927594066e-05 -0.07806025508514685685 -2.612817989621092127e-06 1.206921540470502107e-05 0.9999999999237534354 0.4949790017108236517
0.9973931587576505553 0.07215876151840552866 1.341121074903439372e-06 1.505439484303934927 -0.0721587614956448048 0.9973931586792385007 -1.27082130283025017e-05 -0.1250122610236618637 -2.254633898303605743e-06 1.257831109868302253e-05 0.9999999999183510901 0.4949760468192213603
0.9959202409842745629 0.09023787230562259343 1.345863188435954073e-06 1.883191082330624821 -0.09023787231065841241 0.9959202409753319385 4.326031435359743744e-06 -0.1538522856661426186 -9.50000518692866793e-07 -4.429830100154722269e-06 0.9999999999897368763 0.4950155145041249538
0.9941512013533464476 0.1079971705339331511 2.568099774976405637e-06 2.294982760935206478 -0.107997170535113679 0.9941512013564819394 3.251504815094520104e-07 -0.2037569621694810262 -2.51796414449533833e-06 -6.005962511625556521e-07 0.9999999999966493469 0.4950024893725469832
0.9922133937852148922 0.1245495129977583354 2.734929059068024283e-06 2.749492111226535584 -0.1245495129828226716 0.9922133937778405688 -5.082720259664761159e-06 -0.2696119616115688067 -3.346683576484603858e-06 4.702509036153352387e-06 0.9999999999833428799 0.4949946348083663072
0.9902820440070386754 0.1390736255089929652 2.694182086302461064e-06 3.263016453202827183 -0.1390736254777572012 0.9902820439692363585 -9.529764579964725797e-06 -0.3563902044223115073 -3.993339053631781178e-06 9.062465076714036914e-06 0.9999999999509622262 0.4949875655280571163
0.9874852613870163109 0.1577113138988263108 3.735573072478833666e-06 3.901623980140854986 -0.1577113138723880426 0.9874852613765900955 -6.548676638039091246e-06 -0.4614565620125217205 -4.721623748751809497e-06 5.877579524326128973e-06 0.9999999999715799559 0.4950036163292613756
0.9836558608384513569 0.1800587332877058855 2.687859348147572673e-06 4.55236076743913376 -0.1800587332882551961 0.9836558608420223893 -3.819740082865674246e-08 -0.5751673293485323191 -2.650806376532468986e-06 -4.46399452290542516e-07 0.9999999999963867792 0.4950222394936224513
0.9817525925411754173 0.1901626856899642226 3.477507380053967262e-06 5.249105320034931133 -0.1901626856678927946 0.9817525925341866744 -5.848924819685466869e-06 -0.7191121653275355241 -4.526299138034831075e-06 5.080904962483654041e-06 0.9999999999768482972 0.4950050561701777596
0.9794859124436681164 0.2015126480055424996 4.519081168586382215e-06 6.035862241394094774 -0.2015126479218252442 0.9794859123631659559 -1.45555323692239172e-05 -0.8996697262888633251 -7.359500212308729042e-06 1.334628689131713888e-05 0.9999999998838570159 0.4949817078327775066
0.977142139780307506 0.2125870143202950313 3.190169148748757926e-06 6.845612880403569633 -0.2125870140371972361 0.9771421390655458117 -3.908184431708158248e-05 -1.143806029498434462 -1.142554130348825746e-05 3.751032844894786766e-05 0.9999999992312159636 0.494896687138601632
0.9760432529112799127 0.2175765806474285191 1.540361839529667765e-06 7.726230398871915206 -0.217576580067630837 0.9760432507806677815 -6.643653220514675925e-05 -1.447548825471637546 -1.595849328450164379e-05 6.450978234454491636e-05 0.9999999977919070693 0.4948153316257026813
0.9765970987232120981 0.2150769786673567274 -3.86762731977228624e-06 8.597008115407078321 -0.2150769784792221362 0.9765970967344331788 -6.309006888071784166e-05 -1.785131011619391916 -9.792107787039820924e-06 6.244541582497697963e-05 0.999999998002342072 0.4947817758476611427
0.979354637417448326 0.202149682572927869 -2.614433752034957841e-06 9.574899131212195158 -0.202149682186281543 0.9793546345632403449 -7.585327860758935806e-05 -2.176541936457842219 -1.27732583808260591e-05 7.481576711973133859e-05 0.999999997119722206 0.494735779217265359
0.9792018500178127915 0.2028884839462662126 -2.431206271849771083e-06 10.54473920173403734 -0.2028884838446022021 0.9792018489809342086 -4.558278961241855968e-05 -2.499370714838418994 -6.867581401855900413e-06 4.512801567186209526e-05 0.9999999989581490611 0.4948149227131353189
0.9814440314249295305 0.191748828371644503 -8.46269405600008526e-07 11.51509918175493397 -0.1917488283728116805 0.9814440313998588072 -7.03416436596071974e-06 -2.771558069020635617 -5.182267186641033792e-07 7.065909800045630885e-06 0.9999999999749019652 0.4948582233269542274
0.9822677236619142827 0.1874836500516557647 4.193104655843869469e-06 12.5340736675184008 -0.1874836500985262722 0.9822677234262694457 2.151603017591497452e-05 -3.000399977610475499 -8.484749238173610037e-08 -2.192064054925979289e-05 0.9999999997597389667 0.49484660309338524
0.9824980696630434274 0.1862727651112810467 9.403385217253482754e-06 13.57722365786503183 -0.1862727652602130246 0.9824980695001884756 1.878693822545137002e-05 -3.236607071721692819 -5.739312891488511546e-06 -2.020972510860962978e-05 0.9999999997793134199 0.4947906726998056448
0.9854352075455738991 0.1700513207643494229 6.176135979673259274e-06 14.64624505316342074 -0.1700513208734360238 0.9854352070960750165 2.978167518053777274e-05 -3.433522429324895153 -1.021768639157549567e-06 -3.039817134382550358e-05 0.9999999995374533324 0.4947708772089322027
0.98796074056785399 0.1547047997519508389 5.706047674210674052e-06 15.74357643448032995 -0.1547047998568792104 0.9879607399666767709 3.446696836984919078e-05 -3.605254027928107341 -3.051456427839929667e-07 -3.493476455921758027e-05 0.9999999993897343842 0.4947417543175703369
0.9886698974120178285 0.1501060756224990578 3.841246019377361569e-06 16.96064188893182845 -0.1501060756712528366 0.9886698970269633957 2.759533011546421976e-05 -3.78416681949293876 3.445024027066428205e-07 -2.785926655996334047e-05 0.9999999996118710266 0.4947342764126543835
0.9892518958097914483 0.1462213617026227597 4.560352630717301276e-06 18.21044086949849117 -0.1462213617643098318 0.9892518956190428092 1.949753142570680162e-05 -3.970497567993020116 -1.660381889721845785e-06 -1.995479089828037866e-05 0.9999999997995244749 0.4947142866173243059
0.9897630058189724744 0.1427206792076492203 6.397839479872447883e-06 19.50819903631030527 -0.1427206792795260859 0.9897630057476793919 1.270992796349034056e-05 -4.169096784815108592 -4.518375282260090495e-06 -1.349292050137558177e-05 0.9999999998987624261 0.4946993829591794234
0.9904291885508496041 0.1380218186280987303 7.164531091753008048e-06 20.79620260893948824 -0.1380218186946456371 0.9904291885188465372 9.816013288342640542e-06 -4.367489266325249808 -5.741136709588352516e-06 -1.071092768735564073e-05 0.9999999999261575123 0.4946779625748135567
0.9908850858183256838 0.1347098610724647982 5.905844529645475866e-06 22.16104821078954501 -0.1347098611346250752 0.9908850857568345383 1.18318702537013303e-05 -4.56244575744719949 -4.258143665120747344e-06 -1.251959926820137345e-05 0.9999999999125637196 0.494694677440804198
0.9910824597653311585 0.1332499827100852574 7.449529524453909231e-06 23.6028145712513755 -0.1332499827730192488 0.9910824597466159069 8.707479433335940357e-06 -4.77969597579921146 -6.222826561110382001e-06 -9.622479815947199602e-06 0.9999999999343419654 0.4946780818824597636
0.9915204394763900142 0.1299508293158356254 7.931291788027009391e-06 25.0657740536652156 -0.1299508293389297631 0.9915204395020154049 2.467227803879525577e-06 -5.002519779139617206 -7.543419620258034271e-06 -3.476984741974148389e-06 0.9999999999655034832 0.4946531486499650132
0.9917829920182581471 0.1279316094867211928 6.299295249402449074e-06 26.54472861247457516 -0.1279316095135629439 0.9917829920264957799 4.058769027004078025e-06 -5.21881148911977899 -5.728289035951163787e-06 -4.83129706957034209e-06 0.9999999999719224597 0.4946543658104974317
0.9919666791914222292 0.1264994360820216601 6.863322468128394713e-06 28.11623780501009051 -0.1264994360873634427 0.9919666792144232748 3.481177359726645686e-07 -5.456143730501147537 -6.764150499796373257e-06 -1.213527616424411704e-06 0.9999999999763865555 0.4946365101769126249
0.9924823692736128855 0.1223876897902344135 8.430762363172540378e-06 29.72022058013372003 -0.1223876898308357969 0.9924823692943064435 4.47925824584379864e-06 -5.681644500324405378 -7.819176936476072973e-06 -5.477406365564862098e-06 0.9999999999544290086 0.4946448947960784825
0.9932775849830784987 0.1157568102602246629 7.126992384279077048e-06 31.2378835029915507 -0.1157568102874583782 0.9932775849991871686 3.533887416681915142e-06 -5.890011646374067489 -6.670010248590475556e-06 -4.335129064191063297e-06 0.9999999999683585328 0.4946340786773434361
0.9935242200847484995 0.1136205267195310592 3.898880023653686785e-06 32.75556082592884621 -0.1136205266409341802 0.9935242199641467487 -1.651372962983011831e-05 -6.12500883202700841 -5.749930392879543684e-06 1.596379754957002591e-05 0.9999999998560474834 0.4945911539942706159
0.9939024853328354281 0.1102626393612527594 3.540613301112196186e-06 34.23529340006835042 -0.1102626393151970863 0.99390248528015257 -1.128784227439110432e-05 -6.337968743807485872 -4.763651641259267508e-06 1.082861712318724207e-05 0.999999999930024086 0.4945960092339290459
0.9944345410782905459 0.1053562692930442302 5.770073446266963243e-06 35.7100634331026825 -0.1053562693329097022 0.9944345410654213957 7.105535429398006879e-06 -6.521108937496077118 -4.98934763528134107e-06 -7.673903275924515751e-06 0.9999999999581086207 0.4946393205527566672
0.9953527719740712376 0.0962956866016166646 8.227290178565823658e-06 37.23692792645001504 -0.09629568671287655479 0.9953527718930127444 1.440917278052110227e-05 -6.694897713141569895 -6.801514898142051298e-06 -1.513446262647611834e-05 0.9999999998623434472 0.4946308461028686709
0.9959309039735342317 0.09012011132718544815 6.860536318608931594e-06 38.72215645129460881 -0.09012011141818054849 0.9959309038852744989 1.43689706963484596e-05 -6.847042306420980218 -5.537686898117951934e-06 -1.492877427220506494e-05 0.9999999998732326256 0.4946241568290516422
0.9965389694939551513 0.08312690443831177722 6.376722895868636536e-06 40.18533572018546352 -0.08312690451457264984 0.9965389694256914233 1.280775283552091903e-05 -6.987116234676586046 -5.289984016934292377e-06 -1.329350204752405694e-05 0.9999999998976492055 0.4946116316513478606
0.9964369343461209061 0.08434118683463133481 8.744295210603195519e-06 41.84891649364507771 -0.08434118697564269018 0.9964369342231599314 1.725463424353027202e-05 -7.125845528097759285 -7.25786238109889556e-06 -1.793065908621460696e-05 0.9999999998129072143 0.4946153735844195376
0.9966984300499753813 0.08119260735891356551 6.957591736907441409e-06 43.49420886242383233 -0.08119260742024707322 0.9966984300282716314 9.039509351015161207e-06 -7.28291684698002495 -6.200679427499109717e-06 -9.574569793063975336e-06 0.9999999999349393764 0.4945874521972326576
0.9970405596393897563 0.07687732043180499353 6.279363450616679527e-06 45.10805548525284792 -0.07687732042730802129 0.9970405596590531383 -9.547630964771780376e-07 -7.438325089976713933 -6.334179677609797791e-06 4.69196895962052139e-07 0.999999999979828802 0.4945597805434908678
0.9973786404097867431 0.07235915702112052927 7.193796802461991776e-06 46.78562067809215108 -0.07235915695358773048 0.9973786403978052162 -9.242515390739904614e-06 -7.600850136940782598 -7.843719896566286558e-06 8.697750362461139251e-06 0.9999999999314124199 0.4945498816314525814
0.9977611797633992863 0.06687771002742408377 7.801914548209087165e-06 48.49971488304002065 -0.06687770987442936965 0.9977611796335242866 -1.845270350102580427e-05 -7.772954685735926184 -9.01852201698470159e-06 1.788961703738749774e-05 0.9999999997993137546 0.4945506837640563091
0.997948163765480678 0.06402704422466649892 6.869556296025198505e-06 50.24237305952091504 -0.0640270441026977305 0.9979481636570807224 -1.670820803846951132e-05 -7.934557121890650322 -7.925238265751297206e-06 1.623408814787072405e-05 0.9999999998368223064 0.494537159110880975
0.9979987912279433271 0.06323300297117467883 6.711469887855298041e-06 51.93395604547742295 -0.06323300296065655079 0.9979987912496104396 -1.768186873315858578e-06 -8.074130377600919672 -6.809846601401723547e-06 1.340261966945225662e-06 0.9999999999759145997 0.4945421437027834877
0.9982660568662221623 0.05886322826884075182 8.292615101333670479e-06 53.61278751547054355 -0.0588632282208277624 0.9982660568859442751 -5.919800822926772914e-06 -8.220473983622145653 -8.626694765627214654e-06 5.421406129679234859e-06 0.999999999948094076 0.4945276405870391856
0.9982186741972360888 0.05966136464817115015 7.379892276171898343e-06 55.30572261604419282 -0.05966136478155135286 0.9982186740278161663 1.941091359710341767e-05 -8.320311672452277207 -6.208664688117481957e-06 -1.981663088099493118e-05 0.999999999784376592 0.4945710344677197723
0.9982693902449812917 0.05880667016727902929 6.781041092310382037e-06 56.9779297920075507 -0.05880667029078939095 0.9982693900656012254 1.973817468316134107e-05 -8.429310846261696355 -5.608569426933657124e-06 -2.010278605325219406e-05 0.9999999997822107689 0.4945553961459275283
0.9982683817093357392 0.05882378782758430208 8.201935708858704767e-06 58.66678237443368715 -0.05882378779565507199 0.9982683817365679557 -4.081452243792610544e-06 -8.579695192055815767 -8.427819568007027679e-06 3.591915800783270005e-06 0.9999999999580347909 0.4944904898585824604
0.9982739918659792044 0.05872850321779148064 8.717424706434337539e-06 60.32533179817104951 -0.05872850313213561629 0.9982739918612060226 -9.776704889171803034e-06 -8.720022289936210313 -9.276549604984836718e-06 9.247868912833183001e-06 0.9999999999142110685 0.4944811817016094291
0.9980545793416054634 0.06234626367568897598 7.947630461487500709e-06 62.06394557566210324 -0.06234626372521114707 0.9980545793512491937 6.143290605299485253e-06 -8.843732701000122987 -7.549157761164707311e-06 -6.626844385587829204e-06 0.9999999999495473579 0.494499869564369976
0.9981440299434737318 0.06089741720139027481 8.284573928861838795e-06 63.85356947875160927 -0.06089741720554719268 0.9981440299775696801 2.502088834272439875e-07 -8.993551405988231551 -8.253960933239703267e-06 -7.542536581478153513e-07 0.999999999965651365 0.4944710919933558713
0.9986503719670241086 0.05193683205969356481 6.925314841052999219e-06 65.570489306420086 -0.05193683201461772592 0.99865037197198403 -6.537259461616045664e-06 -9.131661855001180328 -7.255492788829275666e-06 6.168757679439707113e-06 0.9999999999546519414 0.4944456268445353575
0.9986056495154609358 0.05278974063907315717 6.42623202224098161e-06 67.34153744657436391 -0.05278974066037060014 0.9986056495299144853 3.190791819804448876e-06 -9.244265434753753397 -6.248830529999145974e-06 -3.525581859561900179e-06 0.9999999999742609225 0.4944557817782229137
0.9985980271637824313 0.05293373289267597898 8.299466033165742152e-06 69.17797140700824343 -0.05293373289966669254 0.9985980271977052958 6.247706411443195362e-07 -9.378735023633327117 -8.254758965276157569e-06 -1.063216447886011805e-06 0.9999999999653640392 0.4944385649282974637
0.9984403207843153272 0.05582943462317398881 8.000170594619774775e-06 71.03850371327904156 -0.05582943468117795155 0.9984403207870171659 7.220180980748384062e-06 -9.500280403806366181 -7.58459427281085422e-06 -7.655564816189838165e-06 0.9999999999419328933 0.4944341891081452389
0.9981384152860555137 0.06098937507776541062 7.752283246564239014e-06 72.86509871309986863 -0.06098937513098889179 0.9981384152895742545 6.825064035411861482e-06 -9.630995830196896534 -7.321595324216053435e-06 -7.285165511578228816e-06 0.9999999999466601119 0.4944134831015724041
0.9974783721021182048 0.07097110067188089344 7.756459212260839601e-06 74.65586670663545021 -0.07097110067371351083 0.9974783721321444085 -3.90611211288866148e-08 -9.784619793028378254 -7.73967251931531197e-06 -5.115218241087812282e-07 0.99999999996991773 0.4943879691374139518
0.9968941502694360635 0.0787531149504718947 6.812451335606521083e-06 76.50404668158500954 -0.0787531150182492895 0.9968941502338419802 1.032962185725336465e-05 -9.939484330372806653 -5.977802987699702262e-06 -1.08340413675804257e-05 0.9999999999234444603 0.4943920042758144229
0.9964912791777252865 0.08369665737706241671 8.299401870895894794e-06 78.3867662444184532 -0.08369665736875174511 0.9964912792120778073 -1.344277340786310164e-06 -10.12711179817463858 -8.382793107035705938e-06 6.449284521358206096e-07 0.999999999964656161 0.4943610540730423164
0.9951526470674443292 0.09834230496770413055 9.5147391204537913e-06 80.24049566083489538 -0.09834230482718624156 0.9951526470247155087 -1.425521921200633679e-05 -10.34418611334904092 -1.087050893659781188e-05 1.325041775841997127e-05 0.9999999998531290402 0.4943210368195649074
0.9933370650577877381 0.1152452821844488773 1.090136158106908465e-05 82.02428877306826394 -0.1152452817449578504 0.9933370645596841797 -3.478085060600880145e-05 -10.61041996073543636 -1.483705545534755931e-05 3.329277757437218557e-05 0.9999999993357261419 0.4942809896401226255
0.9903561093099763069 0.1385452150472812616 1.192230262102094316e-05 83.8135964640525799 -0.1385452146055674016 0.9903561089209833579 -3.217171269329864434e-05 -10.90813826546814447 -1.626456208666517497e-05 3.020967423755175751e-05 0.9999999994114195934 0.4942575861384088109
0.9864702002922004498 0.1639406716193096691 1.125646558336905894e-05 85.59046277544835846 -0.1639406712986460624 0.9864702000892292544 -2.514553275979825316e-05 -11.24541968098721867 -1.522654338519027914e-05 2.295992621382465294e-05 0.9999999996204969044 0.494252999110404545
0.9818326330943167868 0.1897489933662565853 1.047881397066716297e-05 87.34851712582940308 -0.1897489930924805557 0.9818326329379427619 -2.282036949666974341e-05 -11.63224104778716494 -1.461858365112615559e-05 2.041743907136296836e-05 0.9999999996847124262 0.4942309366290876249
0.9750252572859492428 0.2220940061336323934 9.808930801725695942e-06 89.02175873043952947 -0.2220940060451798981 0.975025257310601301 -9.350505685098458965e-06 -12.03944875291700534 -1.164064654587330256e-05 6.938474474591640743e-06 0.9999999999081762292 0.4942280423992393978
0.9686989630737142809 0.2482384314667845648 9.222467828090891696e-06 90.58646569382884195 -0.2482384313612780447 0.9686989630794755612 -1.123714760774337979e-05 -12.48823138602067573 -1.17232869184124172e-05 8.59604228860214686e-06 0.9999999998943360779 0.4941989594974919853
0.9605575350523051226 0.2780813221619002906 1.100734018706149695e-05 92.20320691886230691 -0.278081322079092863 0.960557535101918325 -8.479591113043011001e-06 -12.9805152970060913 -1.293119946621938019e-05 5.084199426003641177e-06 0.9999999999034672182 0.4941777749775271844
0.9505174413179546811 0.3106711985664906139 1.156983721346089853e-05 93.85451557938152689 -0.3106711985266761844 0.9505174413874948325 -5.13821968673001348e-06 -13.54190654806061822 -1.259362893398303153e-05 1.289552235695713645e-06 0.999999999919868543 0.4941640810281099361
0.9385625832735353669 0.3451090800440229089 1.234135556299575464e-05 95.43372223817499389 -0.3451090801339817271 0.9385625833021552511 6.041067935119339216e-06 -14.12683876603236932 -9.498307161083246618e-06 -9.929034192868393084e-06 0.9999999999055979583 0.4941692236765678481
0.9239605777778884255 0.3824877129903151984 1.122592231226986724e-05 96.97265527119671447 -0.3824877129893531347 0.9239605778435771022 -2.317311519895884931e-06 -14.78497302475004282 -1.125865285000306303e-05 -2.152672860601892259e-06 0.9999999999343041068 0.4941234954190561468
0.9067426955818668199 0.4216843416077780127 7.346911180389359255e-06 98.48240962934751508 -0.4216843413519547612 0.9067426954350991108 -2.314933708491529688e-05 -15.5461761984012643 -1.642347101413753915e-05 1.789241490723557677e-05 0.9999999997050653677 0.4940440336494932305
0.8882328818728707498 0.4593934560824126656 8.408539150258400926e-06 99.98161255405400993 -0.4593934559359668657 0.8882328818629626754 -1.492841134224736828e-05 -16.34408872417184355 -1.432675544202647966e-05 9.397077968697948276e-06 0.9999999998532193013 0.4940617597956070695
0.8670631383802727132 0.4981982676499137064 1.322910857268507291e-05 101.4170232086729584 -0.4981982676458970305 0.8670631384750341342 -3.83189613844480905e-06 -17.18088235466979086 -1.337951641624690144e-05 -3.268223081663987941e-06 0.999999999905153425 0.4940515944664790604
0.8462177716052198262 0.5328372010732731479 1.319580240192850784e-05 102.7863029790568703 -0.5328372010884312449 0.8462177716944694339 -2.63177933504426599e-06 -18.06193664354672279 -1.25688324390079387e-05 -4.804155973701755736e-06 0.9999999999094720815 0.4940210782207285489
0.8175503573512377109 0.5758571113679542552 2.200117079240570197e-05 104.2035445372815872 -0.5758571115506572191 0.8175503575147327062 2.509827940044732035e-06 -19.04049722303789594 -1.654176277948923642e-05 -1.472144139252112559e-05 0.9999999997548243424 0.4940076449046251761
0.7869234150089075008 0.6170506770816407416 2.87409127571208377e-05 105.5427293632298813 -0.6170506774986078691 0.7869234151656072651 8.052263044038973844e-06 -20.0728715970667082 -1.764824285844657705e-05 -2.407111402187497038e-05 0.9999999995545603149 0.4940013027952481206
0.7556645553807365134 0.6549588377887928248 2.336279491187907877e-05 106.7876997100695604 -0.6549588379832220753 0.7556645555728305208 9.035526281609881589e-07 -21.15087762971749896 -1.706264625480296795e-05 -1.598445170254702779e-05 0.99999999972668141 0.4939609389927565597
0.7125737260681835883 0.7015972380664522445 2.137905093735216179e-05 107.9862939002500042 -0.7015972382246341565 0.7125737262331377497 -1.410295766681790917e-07 -22.31219778111867669 -1.533309595123316194e-05 -1.489898912257779095e-05 0.9999999997714579258 0.4939399898306935377
0.661104493615718658 0.7502938414219095797 6.905870148547136643e-06 109.0372960966690528 -0.7502938413599085088 0.6611044936506089709 -9.726094274012493863e-06 -23.52730778528801636 -1.186293042265258805e-05 1.248532788193617675e-06 0.9999999999288557984 0.4938956482922068902
0.6098470084002951541 0.792519164600135162 -9.431152928525676207e-06 110.0500756110362488 -0.7925191645371463256 0.6098470080591466003 -2.459437425523704286e-05 -24.87526948936833904 -1.373995254261389111e-05 2.247317500257078415e-05 0.9999999996530847257 0.4938692655830942413
0.552236297634235318 0.8336876337191286845 -3.100427247036842806e-05 110.9622213725522641 -0.8336876341755131703 0.5522362965414480129 -3.751338917288248292e-05 -26.30026904498886964 -1.415276404632695013e-05 4.656413371369928252e-05 0.9999999988157401987 0.4938744304713929556
0.4928363508790040148 0.8701220201297557022 -3.660344986419721946e-05 111.7762818814181429 -0.87012202074158429 0.4928363495515539205 -3.979337763235858059e-05 -27.7934613101367205 -1.658558352118981745e-05 5.146109078343034807e-05 0.9999999985383369872 0.4938673993625062875
0.4278881725931684143 0.9038316831945585328 -1.451904283118570887e-05 112.4826837695813992 -0.9038316832007764479 0.4278881722346216665 -2.250330263047659133e-05 -29.29669075754087615 -1.412667119430795757e-05 2.275166796044041735e-05 0.9999999996413990733 0.4938608835641966621
0.3666517686210709059 0.9303582535449171909 -2.510228873502338287e-05 113.0732281383457121 -0.9303582536912077261 0.3666517678631414645 -3.022766569736301106e-05 -30.89111434548787827 -1.891875972483091141e-05 3.443714860039346064e-05 0.9999999992280815819 0.4938272563512851043
0.3120968194205654411 0.9500503009783991537 -3.034225973575046373e-05 113.5915852865004325 -0.9500503011839819267 0.3120968183958278686 -3.420028448991699376e-05 -32.55950442076387219 -2.30222678467249605e-05 3.950047301313392871e-05 0.9999999989548435941 0.4938005230476272822
