0.9999727208254474142 0.007386311999347235611 0 -0 -0.007386311999347235611 0.9999727208254474142 -0 0 -0 0 1 0.4949999999999998845
0.999988497672677723 -0.004784254656926126281 0.0003397527797512168513 0.4893435535079811438 0.004784263924553735191 0.999988554994640233 -2.647006487875933615e-05 0.004851740717022288117 -0.0003396222517476664773 2.809522737883670757e-05 0.9999999419336902395 0.4949849541602320269
0.9999687202607869807 0.007908896083525554857 8.868470315054396839e-05 3.021520097269331462 -0.007908884543477302798 0.9999687158696290989 -0.0001297287767266029461 -0.011758964597445732 -8.97079401408827599e-05 0.0001290233217663219213 0.9999999876527336795 0.4942664369108279443
0.9999807877884405727 0.006198692592665920251 -1.632127739042363109e-05 5.3802907665654498 -0.006198694009982188072 0.9999807840170450435 -8.826924179480231123e-05 -0.02840357881335859452 1.577380986576982014e-05 8.836871655184860949e-05 0.9999999959710782482 0.494298565337435436
0.9998769065229070607 0.01568956652874119867 9.647048588186907085e-05 6.918436994830854836 -0.01568955780851916462 0.9998769072184470197 -9.049463422391805772e-05 -0.07155752802571570259 -9.787843264557455868e-05 8.896991565967349899e-05 0.9999999912520830536 0.4941216888395710272
0.999807029694369076 0.01964365941128302234 0.0001732653719785965274 8.854202720088903078 -0.01964364071529136474 0.999807039138441267 -0.0001089536806286923754 -0.1928757526555158475 -0.0001753721875370168411 0.0001055290930880932221 0.9999999790541027611 0.4936623708573750213
0.9996810235016782009 0.02525535943060313454 0.0001344354896060021942 11.12865548150415584 -0.0252553501152807669 0.9996810302872710663 -7.054479134491729603e-05 -0.2703671197153760253 -0.000136174242817874478 6.712707385648109416e-05 0.9999999884752654999 0.493374299162740948
0.9995661963019042417 0.02945179176141885652 0.0001057110107766851047 13.31393395395332746 -0.02945178554878740904 0.9995662002827886417 -5.98535620283202773e-05 -0.3678267260632205882 -0.0001074279480151410797 5.671421931222820132e-05 0.999999992621366407 0.493165248488854957
0.9993425460454178344 0.0362555219212374949 0.0001131190223514587226 15.19160008839551246 -0.03625551419917678181 0.9993425503050857861 -6.958529271870594207e-05 -0.4727023736522447117 -0.0001155675033902835857 6.543835527176691314e-05 0.9999999911809867026 0.4929245584843726102
0.9993255796133230229 0.0367201564309569059 0.000126666549282280328 17.21721596486111139 -0.03672014730958902268 0.9993255852657333405 -7.360091248794377978e-05 -0.5760797829188445407 -0.0001292837605151239959 6.890006018324150905e-05 0.9999999892692451597 0.4926367839219921163
0.9988368843211914427 0.04821682597798229025 0.0001273356833471448065 19.25415820458895766 -0.04821681672438421495 0.9988368900860409294 -7.47692833668748343e-05 -0.7049410318674316223 -0.0001307927154760421453 6.854259673467391742e-05 0.9999999890975886929 0.4923521996946816359
0.9982701868289580727 0.05879302497758071705 0.0001196022377332334196 21.26351352945335549 -0.05879301557407377171 0.9982701912873456207 -8.0678780665945844e-05 -0.8748339744778876881 -0.0001241386983072031145 7.350744522278242828e-05 0.9999999895931193095 0.492113432570065068
0.9984278151403825907 0.05605249823167914036 0.0001240895721605792207 23.22917827035930216 -0.05605249224091898852 0.998427821872954202 -5.124297625649222007e-05 -0.9652998058537706205 -0.0001267667780854369003 4.420688304435022367e-05 0.9999999909879674354 0.4919212126929127793
0.9982332803516693609 0.05941635417566845656 0.0001218894974209262105 25.23659637339762085 -0.05941634548471767807 0.9982332855878935929 -7.372836725336497641e-05 -1.108277632037187876 -0.000126054824270667898 6.635588140857894674e-05 0.9999999898535388843 0.4915917046273829971
0.9980929077022336893 0.0617295183920905724 0.0001189782057986448475 27.33099432283755092 -0.06172950785462125861 0.9980929113609320336 -9.029572245598058036e-05 -1.261219292112240042 -0.0001243252152741432107 8.277905408978731097e-05 0.9999999888454342845 0.4913105416952874838
0.9981824884634541428 0.06026362996858410787 0.0001209551502071453836 29.37796958164506833 -0.06026362015163792135 0.9981824929144417213 -8.323197813478114141e-05 -1.409073198586654252 -0.0001257511744964767393 7.579150782684415427e-05 0.9999999892211444141 0.4910669451631341498
0.9979622606635391024 0.06380683300734896202 0.0001198128682480437037 31.40860761084700314 -0.06380682173538244906 0.9979622639916497784 -9.566045390969456913e-05 -1.599217117954256917 -0.000125672511860173996 8.782064451391138026e-05 0.9999999882469767787 0.4907716836357528534
0.9980471256736166419 0.06246534997738380224 0.0001224298481020867039 33.44196709803410528 -0.06246534235878493935 0.998047131536614951 -6.509813614611173786e-05 -1.722857944200862024 -0.0001262571365699932777 5.732338529070586783e-05 0.9999999903865821604 0.4905760775200604384
0.9978406418540916034 0.06568134335502062715 0.0001208367784028624371 35.49097980743651704 -0.0656813359692146187 0.9978406475971998146 -6.411187516690808298e-05 -1.867276551932643303 -0.0001247868033010434894 5.603671362730108167e-05 0.9999999906440699693 0.4903196614178380042
0.9980982522250844147 0.06164304058177547813 0.0001202301874818233798 37.57250134173717271 -0.0616430309234562851 0.9980982566573964876 -8.245161135786567249e-05 -2.024790781325330524 -0.0001250841085481654348 7.488345602455289849e-05 0.9999999893732166578 0.4900357955534146992
0.9985180488994628289 0.05442142671058572412 0.0001197456760166183074 39.65559763176295149 -0.05442141648793379083 0.9985180528435484426 -8.703567060335853825e-05 -2.173772886364184753 -0.0001243048246214955395 8.038995868839228162e-05 0.9999999890428822313 0.4897633726811968513
0.9989855695766840515 0.04503129416315942296 0.0001196903161469226474 41.6840276029075909 -0.04503128945785207782 0.9989855760876934498 -4.172211642005112833e-05 -2.237012780283317959 -0.0001214477003257726791 3.628998296411534754e-05 0.9999999919667463821 0.489577655052159888
0.9992094863290374995 0.03975409020849678815 0.0001214248256101581964 43.6418474170485311 -0.03975408067640621296 0.9992094908889469496 -7.993283339551617841e-05 -2.361077004864483797 -0.0001245064952486312794 7.504251308453379406e-05 0.9999999894333766459 0.489279506665365127
0.9991842022559591641 0.04038458289420338021 0.0001242127855755585251 45.74569538810237646 -0.04038456506088430181 0.9991842004822062417 -0.0001428769052894631635 -2.527652389692710777 -0.0001298814770703117071 0.0001377440673119827846 0.9999999820786865667 0.488885616628740638
0.9993281164325128474 0.03665106717875615122 0.0001224105257991488108 47.86064981757308345 -0.03665105680060915666 0.9993281206119324356 -8.597589286484309844e-05 -2.609403316553443819 -0.0001254793889151248592 8.143165194117002155e-05 0.9999999888119042168 0.488702450105058972
0.9997791285403692108 0.02101616077107485228 0.0001229786020268497186 49.94606724005364384 -0.02101615199392318709 0.9997791336789765282 -7.223375993578554804e-05 -2.679292873428924526 -0.000124469516507365026 6.963326856759768804e-05 0.9999999898292734057 0.4884576403622364893
0.9999093028039509612 0.01346738720399924018 0.000125100946560592174 52.0522637804685715 -0.01346737475809475261 0.9999093058167216608 -9.980220094826668424e-05 -2.762446133831397699 -0.0001264336755163995591 9.810836783855554383e-05 0.9999999871946366747 0.4881643377240093562
0.9999656701422262595 0.00828509891835645107 0.0001252004547040433055 54.14520887672460248 -0.008285080653082577823 0.9999656675154273699 -0.0001457094030465525642 -2.911230187440391415 -0.0001264033730789556709 0.0001446671049984296176 0.9999999815468075814 0.4879006491056900319
0.9999963169189252099 -0.002711369025982957471 0.0001209496660498698089 56.33218312651234072 0.002711385108751075169 0.999996315344484743 -0.0001330055574061808686 -3.046608256090498124 -0.0001205885932433795965 0.0001333330086593668897 0.9999999838403496044 0.4877622671612526495
0.9998827592356103189 -0.01531189669765304143 0.0001166410542478312537 58.40255335626321198 0.01531190623251481829 0.9998827625880822856 -8.129565731431109474e-05 -3.116876188004923165 -0.000115382588845743366 8.307212303481049606e-05 0.9999999898929400333 0.4875315962850247931
0.9996349036563224599 -0.02701936035523848714 0.000116448448046256787 60.54084273015087092 0.02701936929670658086 0.9996349073151904463 -7.590778112922144899e-05 -3.1853781894289388 -0.0001143549538776206454 7.902643109766476664e-05 0.9999999903388835376 0.487282111316113542
0.999301001119818233 -0.0373831003917812002 0.0001138782666962767127 62.65941278647198942 0.03738310647605581211 0.9993010060395859373 -5.177551152407388322e-05 -3.175054519222603844 -0.000111863137330493219 5.59964438687135711e-05 0.9999999921755181598 0.4870829653816052818
0.999102157822175152 -0.04236585108336354821 0.0001135750338914515579 64.60066386369013003 0.04236585665081681745 0.9991021629327605513 -4.706967776189415365e-05 -3.164033452838509675 -0.0001114789150575084501 5.183912022486001145e-05 0.9999999924425783115 0.4868577294462281269
0.9989008343238477972 -0.04687334522914240326 0.0001126782261974945129 66.44512890566988972 0.04687335012023385178 0.9989008396013203672 -4.116449708428067996e-05 -3.127353512644332589 -0.0001106248570704492016 4.640085642949181454e-05 0.9999999928045505415 0.4866513492680363817
0.9987186247297349384 -0.05060727354254131172 0.0001117352660687956578 68.47853357513146477 0.05060727621371932661 0.9987186306195955376 -2.120803495036153145e-05 -3.041323517724646486 -0.0001105188110941110252 2.683547697160239498e-05 0.9999999935327245071 0.4864337037038023448
0.998146898521027448 -0.06085027188009938665 0.0001157030871001833348 70.58332649466140651 0.06085027573262777323 0.9981469045392555861 -3.006988398684690421e-05 -2.944148882158848846 -0.0001136589176186811963 3.705472619352074393e-05 0.999999992854298636 0.4861982945882939999
0.9979651469089285687 -0.06376169089960774528 0.000111044567674178392 72.48644626183578055 0.06376169298009275177 0.9979651528368357338 -1.529366242039449485e-05 -2.816587765247102304 -0.0001098434591746896838 2.234293169529257903e-05 0.9999999937176037301 0.485975333268749754
0.9975809733456910688 -0.06951394009782764505 0.0001172730646525596055 74.40154103648245609 0.06951394699126907384 0.9975809782000580883 -5.576148151187954635e-05 -2.726062770819536851 -0.0001131131782670361825 6.37787066015802509e-05 0.9999999915688424501 0.4857048116810974148
0.9981705992235574421 -0.06046024273486882983 0.0001178828133035031921 76.28396995837962891 0.06046024968303064656 0.9981706041762424819 -5.629328065412150236e-05 -2.626301288458676275 -0.0001142636535644627897 6.331752200845209286e-05 0.9999999914673541879 0.4854888280317586902
0.9978973319713875245 -0.06481435839475004068 0.0001174414568034263325 78.18491486069524399 0.06481436498847772953 0.997897337034050147 -5.323273556898914952e-05 -2.525940979754075055 -0.0001137442714000371153 6.073269824386858835e-05 0.9999999916868897998 0.4852787131327765402
0.998114907615487601 -0.06137277681110644978 0.0001160364306828371431 80.10257587647353716 0.06137278167997271133 0.9981149133041079535 -3.887194324846203171e-05 -2.407562407456224296 -0.0001134320128539162355 4.592014457149437096e-05 0.9999999925122591282 0.4850615657047863127
0.998711651608481521 -0.05074469054401188617 0.0001154351942593890738 81.88195223264570188 0.05074469760640339111 0.9987116561724892483 -5.909543923568820174e-05 -2.349168078690134998 -0.0001122876942628101281 6.48770277474318164e-05 0.9999999915912222148 0.4848414393791747323
0.9991411476113251089 -0.04143613513208106724 0.0001177177667256243946 83.59368357138602335 0.04143614566497988427 0.9991411501904911008 -8.849116167598355845e-05 -2.331089836719752562 -0.0001139499331108955203 9.329293135980050791e-05 0.9999999891559205878 0.4846113991318374281
0.9993985996424843421 -0.03467599831958930595 0.0001190605462922286051 85.32700092629809774 0.03467600917992959969 0.9993986022693668314 -9.039702417450850029e-05 -2.319033193921620661 -0.0001158543364915094531 9.447120396804832684e-05 0.9999999888264818892 0.4844031211426981232
0.9998070007462124265 -0.0196455418887840523 0.0001180889153027952116 86.93779538261343021 0.0196455502514061367 0.9998070050997704961 -7.007838163064164126e-05 -2.305364193373426573 -0.0001166893969625451582 7.238477827499545175e-05 0.9999999905720139415 0.4842395485059349802
0.9998945681033025723 0.01452030262233652662 0.0001161529095082465432 88.43875578190412057 -0.01452029700212301502 0.9998945737266221601 -4.908420518687173163e-05 -2.328596600497963021 -0.0001168533814531460483 4.739245540229886165e-05 0.9999999920496209782 0.484078040617913874
0.9984768059179311983 0.05517294939515717672 0.000117052115720953819 89.87017471587601847 -0.05517294262856137915 0.9984768113336899287 -6.027308662683874917e-05 -2.433556455672487573 -0.0001201992672232725953 5.372316935275676703e-05 0.9999999913329783441 0.4838849316967522296
0.9954682457314211197 0.09509446805899707256 0.0001178440314567112375 91.1989164300784978 -0.0950944603440649211 0.99546825102171832 -6.943964711071654418e-05 -2.592545149389497094 -0.000123913318191758875 5.791864911736886159e-05 0.9999999906454595244 0.4837045142832442357
0.9889078556608872361 0.1485302636043397684 0.0001175076328522026338 92.49670227536837785 -0.1485302583219824113 0.9889078620411289045 -5.251934277303792978e-05 -2.785569521876797072 -0.0001240049338037916302 3.448335158006177767e-05 0.9999999917168371777 0.4835527011913477446
0.9788678122408039917 0.2044939909571766856 0.0001175735557435749867 93.71081664729533145 -0.2044939865628837838 0.9788678190240659438 -4.838305806977841774e-05 -3.053753648318859426 -0.0001249830147250195224 2.33175330739066996e-05 0.9999999919177691154 0.4833991440670183382
0.9652028298543289253 0.2615023586410518686 0.000116912765241753436 94.81639912842052809 -0.2615023520715013539 0.965202836276935261 -6.860222143972158544e-05 -3.397629053357795303 -0.0001307841753228228558 3.564209517001076973e-05 0.999999990812569961 0.4832254768014915824
0.9449445447655050456 0.327230489993205198 0.0001172132757631966107 95.86080647288434875 -0.3272304834728248513 0.9449445515810946938 -7.159314120395742539e-05 -3.793015658727738604 -0.0001341875049817287363 2.92957913258817068e-05 0.9999999905677348089 0.4830796984474787226
0.9193647437023605429 0.3934062203756557574 0.000117511984605518462 96.84819048324533242 -0.3934062157752092892 0.9193647511600971933 -6.095895959369098803e-05 -4.247660789861403607 -0.0001320180103769679435 9.81357309132462734e-06 0.9999999912374690769 0.4829480654499731518
0.8889402942088715509 0.4580230776581721841 0.0001169042924894106932 97.79850708925877711 -0.4580230724153566135 0.8889403018550283697 -6.982349562461147318e-05 -4.785723749571856089 -0.0001359017094125217673 8.524055518690602107e-06 0.9999999907290326728 0.4827991647387023799
0.8322276082358649463 0.5544341198878427468 0.0001216406072030560995 98.6686886530847147 -0.5544341192654701489 0.8322276164870576753 -4.186676316794527041e-05 -5.350157744267813875 -0.0001244450345902102994 -3.259902674570692424e-05 0.9999999917253681314 0.4826953092310551363
0.7617247264978407317 0.6479007836370890283 0.0001249258506283747454 99.48614181563955583 -0.6479007846470082876 0.7617247349509350673 -3.768224062360864686e-05 -6.024041937016122894 -0.00011957346368765628 -5.223606221197483557e-05 0.9999999914867899742 0.4825671021707865771
0.6836515116499217726 0.7298086027721431002 0.0001180710874640967579 100.1522645259188238 -0.7298086021097733855 0.6836515202019126658 -5.669589973345410725e-05 -6.753250152014937946 -0.0001220966338041044462 -4.740905773462494855e-05 0.9999999914223964836 0.4824115744140076711
0.5901154726447728205 0.8073188436520898348 0.0001167549631363657602 100.6990538469144951 -0.8073188439638891989 0.5901154810556228369 -5.658209123826337864e-05 -7.511332074235757439 -0.0001145786997067398274 -6.086851435199986239e-05 0.9999999915833724939 0.4823078484924342435
0.4992191614830854829 0.8664757452758808931 0.0001079766856453075901 101.2290370803603707 -0.8664757440539593292 0.4992191699071846789 -7.324992674122938682e-05 -8.478443007483384974 -0.0001173733162416899014 -5.699141202854441133e-05 0.9999999914877416574 0.4821605799876902965
0.4086742084043223366 0.9126803277390405089 0.000103660459334012917 101.5902592521663053 -0.9126803273301848929 0.4086742162897885611 -7.103961062597679318e-05 -9.384536212112605469 -0.0001071998120871375684 -6.55768053182418986e-05 0.9999999921039411932 0.4820508106707296347
0.3209018414741993674 0.9471124529222081367 9.828722314627058858e-05 101.8591395888306295 -0.9471124530000869512 0.3209018487315140611 -6.967845319909746443e-05 -10.33135880086535963 -9.753388233954760609e-05 -7.072910906996710825e-05 0.9999999927422671409 0.4819589102175684259
0.2516535634261324872 0.9678173760880691701 0.0001027578086597953004 102.0968574015358428 -0.9678173771330710329 0.2516535709969296986 -6.874582805743411078e-05 -11.42569383278980411 -9.239277642460416739e-05 -8.215066025573160324e-05 0.9999999923574218741 0.4818809333240445247
0.2058440854166599665 0.9785847932812439254 0.0001219012568164625702 102.321031494757591 -0.9785847972295453889 0.2058440938035379919 -6.066005403804386107e-05 -12.59623891331652423 -8.445366018414537414e-05 -0.0001068042033389784973 0.9999999907302203894 0.4818282003932669588
0.1625980176501028718 0.9866923893051934291 0.0001163859870741788133 102.4797566625512815 -0.9866923930934514697 0.1625980253259622088 -5.978167054025397353e-05 -13.81091329084473074 -7.791025101589354096e-05 -0.0001051167869871081999 0.9999999914402268875 0.4817275482809111331
0.1280961356931778206 0.9917617477013263017 0.0001257740762912550709 102.6399567543031566 -0.991761752771470273 0.128096143994685191 -6.029582442703750007e-05 -15.17477594424735798 -7.591026640025418852e-05 -0.0001170142562482899632 0.9999999902726472989 0.4816439063914411123
0.1051257442993603769 0.9944589269246968399 0.0001433440562765522406 102.7857069084037107 -0.9944589345419876381 0.1051257535690784811 -5.872291314798899753e-05 -16.52967761966124627 -7.346667713076228629e-05 -0.0001363764875255978645 0.9999999880020501442 0.4815571524253497437
0.09164907379472946036 0.9957913588652097525 0.0001299391405209179037 102.90308110812569 -0.9957913650404225381 0.09164908167630640701 -5.604511208623444158e-05 -17.93526473328745041 -6.771804122465505539e-05 -0.0001242557914980789468 0.9999999899873825981 0.4814593169640863923
0.07509458320345718807 0.9971764083748467788 0.000118980555143324108 103.0091694403580931 -0.9971764131012502697 0.07509459071981049172 -6.001151111992893833e-05 -19.46704456811064787 -6.877685921182170664e-05 -0.0001141380637916547628 0.999999991121122811 0.4813416363528436048
0.05540468821481982914 0.9984639749599051317 0.0001059873451151048833 103.0811270151513668 -0.9984639781185641327 0.05540469522725004897 -6.441009016366371401e-05 -21.1396845458405771 -7.018335120638533292e-05 -0.0001022559252704465812 0.9999999923090112652 0.4812226588848048103
0.04528183706170790107 0.9989742453638820185 0.0001110594983190875271 103.1445118275632495 -0.9989742491890718501 0.04528184429817740109 -6.353202713061948856e-05 -22.81844749595768462 -6.849583776996688469e-05 -0.0001080687320478967571 0.9999999918147344236 0.4811227184202387375
0.04003545310870552237 0.999198254413119602 0.0001042803329870365287 103.1848824953468409 -0.9991982577097177076 0.04003545964305121885 -6.134547003770799117e-05 -24.56962491393971604 -6.547119764069661172e-05 -0.0001017407333449099697 0.999999992681172456 0.4810166601975761624
0.03261065064304648209 0.9994681270958705177 9.157697640272973816e-05 103.2060857846144302 -0.999468129085595125 0.03261065652141117988 -6.344773757935852864e-05 -26.43785893158372602 -6.640037676965056821e-05 -8.945919726825985829e-05 0.999999993794020936 0.480895052645165022
0.02298028603499578312 0.9997359152348422873 7.9028695332696914e-05 103.1969616590731249 -0.9997359164251413688 0.02298029083485651422 -6.037351054302323534e-05 -28.29049988947171101 -6.217366922171438327e-05 -7.7620424611101534e-05 0.9999999950547519001 0.4807679189236106487
0.006788555288828467156 0.9999769548895738325 7.217408228368683962e-05 103.1495062974081094 -0.9999769555866232507 0.006788559716302166452 -6.127739473088289783e-05 -30.14794727841128008 -6.17659406541068418e-05 -7.175643409221366749e-05 0.9999999955179912359 0.4806460962861776043
-0.01240450204597421009 0.9999230568310655265 9.353524511654817089e-05 103.0755451326779593 -0.9999230591754597608 -0.01240449600540366806 -6.488662984742839214e-05 -32.04227888873855079 -6.372137969009380055e-05 -9.433293477036414532e-05 0.9999999935204414436 0.4805610957986151122
-0.02994545992413860311 0.999551528490886021 0.0001064128647886169749 102.9776164779062668 -0.9995515322841922456 -0.02994545318438265533 -6.437497659382303945e-05 -34.00441527546799136 -6.115952479017727197e-05 -0.000108292880335920385 0.9999999922660818275 0.4804768550556715034
-0.05373587403080797714 0.9985551763864143338 0.0001247247952229327446 102.8695697079919569 -0.9985551828071592695 -0.05373586699831768565 -5.90688798178830288e-05 -35.90529361273666353 -5.228134069800220946e-05 -0.0001277187085794558247 0.9999999904772961523 0.4804148282364638645
-0.08112382660942264734 0.9967040235812999471 0.0001188920711530898485 102.6934373117239829 -0.9967040294382656374 -0.08112381999590323467 -5.943929520090231519e-05 -37.81747139477077013 -4.959840570641261295e-05 -0.0001233221494642099526 0.9999999911658227214 0.4803220954953472677
-0.1059714867128224991 0.9943691628205996169 0.0001097158445554120035 102.4526510095353729 -0.9943691676998528406 -0.1059714805819383515 -6.027774647669782319e-05 -39.81098831730039223 -4.831158180991157393e-05 -0.0001154857754438857488 0.9999999921645131851 0.4802107951168717026
-0.1280460997034719439 0.9917682113087783469 0.00010672557120202259 102.1688920541688645 -0.9917682160207195174 -0.1280460939234162598 -5.93655402545765473e-05 -41.79950199460756721 -4.521106315749623248e-05 -0.000113448555241210257 0.9999999925426922287 0.4801272373978934249
-0.135855623469192055 0.9907286409576940844 9.77760199795873954e-05 101.8388309251535162 -0.9907286446519434353 -0.1358556179377675421 -6.118090375633504843e-05 -43.78591739795866289 -4.733025201725496765e-05 -0.0001051812735780635453 0.9999999933483730841 0.4800403471497017294
-0.133903488458485237 0.9909943716299632888 0.0001057289695432894045 101.5206953446831761 -0.9909943761998113443 -0.1339034825933378969 -6.076146073761057634e-05 -45.72248681351612731 -4.605678837013570147e-05 -0.0001129129857754002927 0.9999999925647146126 0.4799612433377521414
-0.1238807668985017485 0.9922971049864514059 0.0001050256106526855271 101.1907869820689569 -0.9922971093100627638 -0.123880760771251916 -6.299096515020540768e-05 -47.76738840276281195 -4.949509981073131447e-05 -0.0001120199789246682548 0.9999999925008793422 0.4798593042818135035
-0.1101981215264961067 0.9939096348063307662 0.000108873368253637029 100.9012673831042974 -0.9939096395287897456 -0.1101981152548068138 -6.203444107347880275e-05 -49.82546606867219907 -4.965898868976284297e-05 -0.000115046369071501072 0.9999999921491585786 0.4797767839701389536
-0.09475635054351293218 0.9955004881815681106 0.0001098370030205723843 100.6403499186742891 -0.9955004928503947692 -0.09475634400276626568 -6.330942485701313634e-05 -51.94427308143096411 -5.261681050920065432e-05 -0.000115341760694649448 0.9999999919638745682 0.4796845451010446348
-0.08716449941929298173 0.9961939266670950532 0.0001025417525719637106 100.3845637734635119 -0.9961939305428191282 -0.08716449337430469402 -6.202162566034758124e-05 -54.00441207051073178 -5.284756689220982117e-05 -0.0001075575554932687612 0.999999992819253114 0.4795748766246483719
-0.07980324630068998115 0.9968106297231185131 0.0001017502036155979811 100.1412278054218064 -0.9968106335355851888 -0.07980324040194884672 -6.077801210253095911e-05 -56.06706369217298658 -5.246417255716039182e-05 -0.0001062759675979236271 0.9999999929764646911 0.4794623022870375673
-0.0645151703195067372 0.997916721648059335 9.72423135308314666e-05 99.91130124518092259 -0.9979167248637711429 -0.06451516453254581285 -6.152020724099633024e-05 -58.23536056214886258 -5.511843966807727159e-05 -0.0001010087176851075567 0.9999999933795981066 0.4793550171248858738
-0.05289180498087847626 0.9986002430694637111 0.0001072832944606046855 99.72971817228734892 -0.9986002472931029272 -0.05289179862900091067 -6.120601004452914256e-05 -60.41798701118647585 -5.544593010091273985e-05 -0.0001103704207257115688 0.9999999923720592765 0.4792573644061701721
-0.06356639973463162896 0.9979776039652792363 0.0001216993414924739893 99.56239556693785175 -0.9979776100677566486 -0.06356639291100800448 -5.914359117242491622e-05 -62.54100997707330123 -5.128799124983713449e-05 -0.0001252127631276869985 0.9999999908456527198 0.4791757932646618645
-0.05478570692138950288 0.9984981280179288099 0.0001210952018365680263 99.38925640202798206 -0.9984981340000455008 -0.05478570011183377803 -5.885504172099563421e-05 -64.55615266566249488 -5.213236357003106383e-05 -0.0001241377481367446876 0.9999999909360177686 0.4790762277516186773
-0.03006597768437649712 0.9995479083883641591 0.0001257957127546976538 99.29522064603521869 -0.999547914637522017 -0.03006597012831460289 -6.153256546204366418e-05 -66.59691882774657756 -5.772257696340307991e-05 -0.0001275888790943430413 0.9999999901945907377 0.4789705337723521583
-0.02898514412844766658 0.9995798353915010814 0.0001187467278761577345 99.2081518801149258 -0.9995798407424225651 -0.02898513694116292699 -6.180685800788350288e-05 -68.65106214411770225 -5.833899878478065331e-05 -0.0001204883160266185865 0.9999999910395632741 0.4788544711438607604
-0.01961570125100071255 0.9998075896954566888 8.862293893059280047e-05 99.06556138663007971 -0.9998075919135889222 -0.01961569595671596583 -6.021890472544010525e-05 -70.66662684378009374 -5.846891736278952902e-05 -8.978712320525776298e-05 0.9999999942598287728 0.4787062564453669622
0.008218478937104306895 0.9999662225384705616 0.0001019231821856539258 98.99715099935930596 -0.9999662260269187586 0.00821848483408110092 -5.757382928573457779e-05 -72.5543755620090991 -5.840953871496487219e-05 -0.000101446570531529224 0.9999999931484593318 0.4786051804647090124
0.04669376559882180283 0.9989092445424837541 0.0001158619839544735436 99.01909971160921486 -0.9989092490331386021 0.04669377292855957789 -6.138387260837628167e-05 -74.52417086446676819 -6.672695098414783185e-05 -0.000112869363224329296 0.9999999914040103022 0.4785086235070860616
0.07700064170287572451 0.9970310357910834309 0.0001218562154920222775 99.10752766101514055 -0.9970310407243095918 0.0770006496118028072 -6.159377388362636218e-05 -76.39860210997720458 -7.079391192559532429e-05 -0.0001167516692367956811 0.9999999906786346537 0.478383681985467879
0.109524085114021355 0.9939841351182520102 0.000117963511425069959 99.23339986279957259 -0.9939841393564012861 0.1095240928850736983 -6.154550035067082924e-05 -78.13872162756251782 -7.409509751885043154e-05 -0.0001105131447605152921 0.9999999911483805626 0.4782515328476891203
0.1575437856262231207 0.9875119962874143731 0.0001131425502548542497 99.43546263170293287 -0.9875119995479786361 0.1575437933321657269 -6.271759953401831293e-05 -79.88402727402754522 -7.975928847261799207e-05 -0.0001018488579801501065 0.9999999916326326455 0.4781141579599736957
0.2022655756453873577 0.9793307011032089671 0.0001216049748223406028 99.73334478210398402 -0.9793307049431589917 0.2022655841281514322 -6.192790739375641108e-05 -81.55326607271865669 -8.524440223111192868e-05 -0.0001065656018798455444 0.999999990688581919 0.4779807408214010733
0.2386571773730346291 0.9711038748155419453 0.0001265259224847291742 100.0912058790431445 -0.9711038789911579094 0.2386571862721126314 -6.042547068044675797e-05 -83.18020960068716363 -8.88757293660236646e-05 -0.000108448841843822587 0.9999999901699765381 0.4778446336923599658
0.2737226490839922421 0.9618086580198444979 0.0001293782817135189747 100.483664267967157 -0.9618086624656788652 0.2737226580506536 -5.725293970446789882e-05 -84.67906517430900237 -9.048014026949606557e-05 -0.0001087657257632344696 0.9999999899916801605 0.4777083195464184584
0.3152414396932820551 0.9490114959148348017 0.0001237894457585609666 100.919103436118121 -0.949011499245187462 0.3152414484773309322 -5.886041502836418993e-05 -86.13431807895035774 -9.488277470337068539e-05 -9.892236553557714801e-05 0.999999990605812128 0.4775568461326167302
0.3593683522853993173 0.933195785102996278 0.0001185070123807736208 101.405922649938077 -0.9331957872233986873 0.359368360973367662 -6.198426406073667737e-05 -87.53299681472685734 -0.0001004311247673198221 -8.831506186703909041e-05 0.9999999910570191997 0.4774000089552860593
0.4130601454290221963 0.9107037389899386159 0.0001266891208513419337 101.9908794110324379 -0.9107037415857166529 0.41306015486646247 -5.937762965119057962e-05 -88.90218553127921552 -0.0001064056572144504183 -9.084972403857072699e-05 0.9999999902120815243 0.4772737352801212918
0.4730343163501601333 0.8810439951846499307 0.000118770533784021964 102.6074693009075531 -0.8810439959781077857 0.4730343254285365728 -6.418356565122650668e-05 -90.17487134866746601 -0.0001127310844358649317 -7.428103659078402125e-05 0.9999999908870148557 0.4770991283516828885
0.5388786003025073379 0.8423834288921315805 0.000113429177268529216 103.240214277330125 -0.8423834284709272868 0.5388786088871133639 -6.575475698050435602e-05 -91.28744560497355565 -0.0001165152749048809145 -6.011702783121453353e-05 0.9999999914050665684 0.4769396386326341664
0.6140211181088701675 0.7892895878206227511 0.0001143525996932719075 103.9988444172075219 -0.7892895865528265498 0.6140211267735125045 -6.661296439023361049e-05 -92.36518368855983852 -0.0001227918313202205588 -4.93555492577058569e-05 0.9999999912430976856 0.4767784977945589975
0.6826360344045745432 0.7307585308484532138 0.0001188563817788997827 104.8529483696368771 -0.7307585292621429085 0.6826360434067306748 -6.445825434268937784e-05 -93.3730996107692448 -0.0001282390694357076345 -4.285378761303364865e-05 0.9999999908591468145 0.4766248457034423236
0.7537963769465165775 0.6571080630858181504 0.0001246280141656145094 105.8014641706826353 -0.6571080615485321852 0.7537963863073031678 -5.865333726040625027e-05 -94.26310961408465516 -0.0001324857275514004491 -3.768139968029363612e-05 0.9999999905138218237 0.4764770399269145362
0.821864152397157155 0.5696835082838748177 0.0001240810672111851106 106.8515701308456727 -0.569683505872364937 0.8218641614282853336 -5.743678993685116422e-05 -95.05464789042032692 -0.0001346985742484367154 -2.3481698703388767e-05 0.999999990652451709 0.4762941047887624402
0.8729900724314293425 0.4877379596993762223 0.0001269121346697392753 107.8777209732838998 -0.4877379580845821461 0.8729900813741695575 -4.547566029257125108e-05 -95.6300845868777003 -0.0001329732405397859407 -2.220006544729531632e-05 0.9999999909126369158 0.4761554765062539496
0.9108245768852968327 0.4127936226623985516 0.0001234228744427807295 108.996054370071036 -0.4127936194495271938 0.9108245852392465869 -5.165022637748824252e-05 -96.15466175580333186 -0.0001337374724810777376 -3.903879477794475397e-06 0.999999991049523862 0.4759725922492364369
0.9372661201972631861 0.3486146946839647764 0.0001207601246542052683 110.1018114514921535 -0.3486146900496100987 0.9372661278942550078 -5.818897621393402295e-05 -96.57892077528083519 -0.0001334699066154676689 1.24398025476067203e-05 0.9999999910155173977 0.4758070893763685638
0.9575266966819028225 0.2883446035905722349 0.0001213419617656433247 111.2201144868609504 -0.2883445981788315682 0.9575267040994144274 -6.033102991644167455e-05 -96.92454045152560127 -0.000133584295623880966 2.278027257576188366e-05 0.9999999908181472774 0.4756487011423544131
0.9728107732308469702 0.2316013468745442005 0.0001249565178084796754 112.4940541560842746 -0.2316013417547427289 0.9728107809654474858 -5.419438710065247974e-05 -97.22370336672763358 -0.0001341105407215415185 2.378078643471329655e-05 0.9999999907244182529 0.4754871367066949017
0.981240587187268698 0.1927871741732669064 0.0001246310678435902765 113.744893990912189 -0.1927871692428456407 0.9812405947690253649 -5.05459430796402308e-05 -97.45473095364985738 -0.0001320376726697899288 2.557046009812165098e-05 0.9999999909561020361 0.4753224625179586771
0.9848212369207236527 0.1735716466775709677 0.0001215804458513043197 115.1304332408114988 -0.1735716398990809206 0.9848212435193419712 -6.432723539020870419e-05 -97.70651164814459833 -0.0001309003900438118209 4.224791015860357175e-05 0.9999999905401006917 0.4751220148947025712
0.9852627103458231339 0.1710478804797062879 0.00011911186013122573 116.4548516300600625 -0.1710478732930827139 0.9852627164337892651 -6.818838980406262277e-05 -97.93963193634331788 -0.0001290199544216819787 4.680964739303898994e-05 0.9999999905813539147 0.474938973809785947
0.9832393902061172808 0.1823191897767863501 0.0001207827453272785836 117.811996235476343 -0.1823191830220242671 0.9832393967387098588 -6.484837823193359313e-05 -98.18890128595798217 -0.0001305814574296233429 4.174046841739542429e-05 0.9999999906031078467 0.4747556985423561637
0.9790268154190431282 0.2037313918822121206 0.0001210554247494860568 119.2355758854706522 -0.2037313852547397441 0.9790268221315112651 -6.489600629312147035e-05 -98.49524691113020936 -0.0001317378614839640697 3.887214099775524297e-05 0.9999999905670460265 0.4745484079904848107
0.9719020395121529265 0.2353856645929240099 0.0001204097074162756152 120.6693903295558101 -0.2353856583926639268 0.9719020463977758872 -6.350669329950974613e-05 -98.83890661021843016 -0.0001319750062524398596 3.337956648341824559e-05 0.999999990734200872 0.4743683959987161081
0.9634557644740291416 0.267867459170191724 0.0001192547787627079733 122.0191802638745031 -0.2678674534215571001 0.9634557714506472026 -6.211377155218435837e-05 -99.22319288627420519 -0.0001315349630371624311 2.789939735965721066e-05 0.9999999909600882919 0.4741817805937078023
0.9498776663406562903 0.3126218235199279549 0.0001202020649383978923 123.4003060050906129 -0.3126218183500524828 0.9498776737455206787 -6.011270660426694271e-05 -99.67182667210225588 -0.0001329698017784377846 1.952192935620862633e-05 0.9999999909689627486 0.4739901792625028643
0.9287604722342718278 0.3706804156450845822 0.0001211387324191393397 124.8087618616589793 -0.3706804109850985185 0.9287604800743334277 -5.971804337208109326e-05 -100.2251591388386487 -0.0001346451764158702977 1.056000304382031142e-05 0.9999999908795811354 0.4737889974384061897
0.9039580485128284604 0.427621131503957419 0.0001200932414878138802 126.0620288516577716 -0.4276211274493855741 0.9039580564881760649 -5.891747067279451346e-05 -100.8161001236449579 -0.0001337536086471410879 1.904514488620826419e-06 0.9999999910531722769 0.4736002532840765111
0.8734079140678634445 0.486989324130207013 0.0001175970248078245424 127.2556467799664688 -0.4869893201070823463 0.873407921980865587 -6.264934384119092814e-05 -101.4907240193630571 -0.0001332197346829568725 -2.550062435723246438e-06 0.9999999911229994209 0.4734111899079287422
0.8413642262529559268 0.540468525436073266 0.0001086137850715039794 128.4121873466219483 -0.5404685197693751553 0.8413642332306373595 -7.86177764643412923e-05 -102.2871768821708116 -0.0001338741877137085629 7.443853020503571508e-06 0.9999999910111452284 0.4732041502289573986
0.8110916708510059747 0.5849190453329627948 0.0001090189486683653319 129.5743140338149715 -0.5849190406566968647 0.8110916781691853705 -7.405522585216052262e-05 -103.1647488458402364 -0.0001317406740350274275 -3.701681996824434934e-06 0.999999991315345893 0.4730168771627220048
0.7839645632684769661 0.6208055655172730614 0.0001156039679103060063 130.689510671492144 -0.6208055624008482765 0.7839645715256142733 -6.547563646940024722e-05 -104.0940339370045251 -0.0001312770546954533364 -2.043700756486821393e-05 0.9999999911743315817 0.472842829899258299
0.7603028915911602681 0.6495687028371710525 0.0001154763523418299781 131.782709250131461 -0.6495686999706842268 0.7603028999528341769 -6.590855853421248502e-05 -105.0851292743273717 -0.000130609142434404802 -2.489935643387222437e-05 0.9999999911606367586 0.4726528396233540819
0.7393442004958791225 0.6733276618351414777 0.0001140305371799013004 132.9005666341819278 -0.6733276588229366588 0.7393442088345308916 -6.876843155415669805e-05 -106.1637959005487915 -0.0001306115045206809975 -2.593637358690120841e-05 0.9999999911339694236 0.4724547255281110747
0.7325104519296230521 0.6807557747396235648 0.0001139067472299085945 133.9972321962485751 -0.6807557719049428524 0.732510460261737939 -6.802554555278080722e-05 -107.2576619780735427 -0.000129746666805166639 -2.771325252005103288e-05 0.9999999911988888268 0.472255776546259054
0.7254999805281301395 0.6882221744892255133 0.0001296041558692360984 135.0885840598033383 -0.688222175075152709 0.7254999900186659412 -4.71165991298237499e-05 -108.3110127483630407 -0.000126454502097172913 -5.501336229986596046e-05 0.9999999904913942084 0.4720905562186463733
0.7181816113349719366 0.6958557006104674203 0.0001306539374651807849 136.1950310548456002 -0.6958557014023825094 0.7181816209304476839 -4.675195974674473093e-05 -109.4179630187851302 -0.0001263658742941723518 -5.733988951183152996e-05 0.9999999903719012373 0.4718969150427816395
0.7161520043052249651 0.6979443326621029842 0.0001234370009923152565 137.356828970539766 -0.6979443317328611895 0.7161520135343547588 -5.757509682300706721e-05 -110.6010464829206938 -0.0001285838693353784086 -4.491963418082607997e-05 0.9999999907242071995 0.4716755076344349984
0.718177586733396045 0.6958598552201994414 0.000125733651593889817 138.5552712474323869 -0.6958598547466586792 0.7181775961192307101 -5.464974476922889845e-05 -111.796960493545356 -0.000128327655135929196 -4.824477872093033018e-05 0.9999999906022268847 0.4714693338201664807
0.7211291273817648229 0.6928006684720808828 0.0001241309185381630847 139.7549718528982226 -0.6928006677634480637 0.7211291366037573258 -5.558662194502381535e-05 -112.9896190750447147 -0.0001280248709528742398 -4.591285107601447626e-05 0.9999999907508210217 0.4712521150131993575
0.7183612433428679944 0.6956702580420092152 0.0001270467852872750021 140.9669432108072726 -0.6956702580096686406 0.7183612527491137767 -5.168865697953794151e-05 -114.1928863514757069 -0.0001272237491755146325 -5.125154200555370743e-05 0.9999999905936982625 0.4710442934434093121
0.7213650337509254218 0.692555032168253204 0.0001245077850687730577 142.2098253299807311 -0.6925550315264898948 0.7213650430019622473 -5.51756480452559594e-05 -115.4269273074252453 -0.000128027736437101011 -4.642670979920233688e-05 0.9999999907267294041 0.4708155980195583012
0.7229353036211785266 0.6909157213860456226 0.0001127917879189221353 143.4977174191682536 -0.6909157181033054318 0.7229353119599644106 -7.212056211010194832e-05 -116.7187712876873178 -0.0001313703965827563646 -2.579111867976120306e-05 0.99999999103831827 0.4705564690192072796
0.7226180779353472694 0.6912474962464375539 0.0001112487676416569487 144.8315205652824602 -0.6912474923029841012 0.7226180861832297575 -7.686322255687720985e-05 -118.0553841715219079 -0.0001335218817093310596 -2.135767750612527365e-05 0.9999999908578780516 0.4703151069934466411
0.7222931446092872854 0.6915870143609478271 0.0001217372986929120146 146.1494039867363881 -0.6915870130320502795 0.7222931536915462303 -5.948075084634382633e-05 -119.3445342933388815 -0.0001290661322845635393 -4.122939620509432815e-05 0.9999999908210349675 0.4701058394284163278
0.7225454881901641757 0.6913233688241356978 0.0001312094429904882558 147.5332304717337593 -0.6913233696974163678 0.7225454978111855997 -4.588276387123043493e-05 -120.6877849342743474 -0.0001265246191935120936 -5.755577024345316618e-05 0.9999999903394268808 0.4698840590638395653
