0.9999727208254474142 0.007386311999347235611 0 -0 -0.007386311999347235611 0.9999727208254474142 -0 0 -0 0 1 0.4949999999999998845
0.9999770638281466617 0.006772844590102365496 1.990048763273227471e-05 0.01201295185691422449 -0.006772844923315256803 0.9999770638840506098 1.672454705630287033e-05 0.002112245359571848433 -1.978675843479072623e-05 -1.685894637584941803e-05 0.9999999996621298237 0.4950149524025881376
0.9999347998219748623 0.01141911141633189346 1.29643466984888188e-06 -0.01200185458494278275 -0.01141911140971443514 0.9999347998103808033 -5.001879043346340571e-06 -0.002019649338035259603 -1.353467156149671479e-06 4.986748788011806362e-06 0.9999999999866500122 0.494985740997047341
0.9999774890909072234 0.006709792182344068677 1.595858330076885473e-06 0.007219167175421810183 -0.006709792173441487748 0.9999774890770051217 -5.519962838487899199e-06 -0.004215696898451894159 -1.632860209333696718e-06 5.509130701373095773e-06 0.9999999999834914277 0.4949883190648214359
0.9999424878428765373 0.01072478432820280284 3.153506843927673351e-06 -0.00757386981853795313 -0.01072478432857331895 0.9999424878478402334 1.006127442206487213e-07 -0.002794105668573593475 -3.152246428979794707e-06 -1.344276385444826003e-07 0.9999999999950224261 0.4950176186222826624
0.9999842887885906917 0.005605546523458360304 5.136383936512293815e-06 -0.006459646987203843289 -0.005605546512134869548 0.999984288799389498 -2.216311159259209228e-06 -0.007880497247680270587 -5.148726873067560943e-06 2.187484099265692044e-06 0.9999999999843525167 0.4950004101387863731
0.9999620013794754403 0.008717555663723791301 4.757765578731130748e-06 -0.01133826591070342601 -0.008717555672930954111 0.9999620013888744774 1.917895325793437543e-06 -0.004301404053543889799 -4.74086543098717959e-06 -1.959298534728333142e-06 0.9999999999868424139 0.4950127210292369906
0.9999478114077190449 0.01021638146018127684 3.606261971453882502e-06 0.004794416781748290363 -0.01021638146646280422 0.9999478114126651995 1.727742313767408314e-06 -0.004098096849291204061 -3.588422491193625145e-06 -1.764495093296733315e-06 0.9999999999920046179 0.4950116966090556403
0.9999814796721182564 0.006086074595239408455 3.31883664941850305e-06 -0.002162387855595505459 -0.00608607460564786814 0.9999814796726477217 3.135154733793912628e-06 0.002975358924741752353 -3.299694397899885518e-06 -3.155295357152556229e-06 0.9999999999895778924 0.4950091310603541017
0.999989311913817791 0.004623422910073669498 4.577822100778348469e-06 -0.01291693156928972429 -0.004623422930320762562 0.9999893119144244169 4.42221069964435209e-06 0.01069615421355058632 -4.557327422361977119e-06 -4.443328642347051224e-06 0.9999999999797435368 0.4950314907612554105
0.9999756559857395644 0.006977636289175818442 5.471581990858912104e-06 -0.004883649228963066712 -0.006977636314130583259 0.9999756559901605835 4.555050530522494528e-06 0.01697172032976381958 -5.439665304732026324e-06 -4.593118351502892234e-06 0.9999999999746563839 0.4950545757595813945
0.9999728264840324066 0.007371992272312175368 5.069989350158913827e-06 -0.0178707505006559797 -0.007371992262420142862 0.9999728264950233925 -1.967019302037450612e-06 0.01313585569373335038 -5.084352431870141595e-06 1.929589928952500844e-06 0.9999999999852128285 0.4950224345504050105
0.9999734939801117051 0.007280887003323393419 4.887205946116438817e-06 -0.02030992359445098205 -0.007280886986554748787 0.99997349398625901 -3.440193959090548151e-06 0.007943380322934560922 -4.912124069255806397e-06 3.404519579064939213e-06 0.9999999999821399532 0.4950080746203511795
0.9999129042150931568 0.01319787705325728075 5.259050302243224349e-06 -0.02201644740614800561 -0.0131978770365340347 0.9999129042240170184 -3.202012274623161564e-06 0.0008309432254190093079 -5.300852025499689587e-06 3.132325093632911838e-06 0.9999999999810444962 0.4950145821310657501
0.9999451485629169412 0.01047376968902889033 4.027355888122580747e-06 -0.007487301784620837078 -0.0104737696759586215 0.999945148565873243 -3.252877360844130431e-06 -0.01150405822081595857 -4.061204870180501299e-06 3.210517337870940988e-06 0.999999999986599386 0.4950089015067944409
0.9999520521994924582 0.009792512045905497897 3.47662168680859585e-06 -0.01167598801337606587 -0.009792512057195395733 0.9999520522001592582 3.245348288657490601e-06 -0.007890473137914136986 -3.444674878238078046e-06 -3.279237541131465444e-06 0.999999999988690158 0.4950359296077010973
0.9999237602685835391 0.01234802119152187197 5.022197762630731325e-06 -0.0003316885462387878306 -0.01234802123469222641 0.9999237602431818583 8.657712792920248731e-06 0.004583856433662428752 -4.914909250457396562e-06 -8.719066935840099242e-06 0.9999999999499105119 0.4950671974644868523
0.9999382051675257399 0.01111691652499961942 3.94409615970643501e-06 -0.006605248157641333343 -0.01111691653016347141 0.9999382051744150068 1.289767513227496657e-06 0.0009810039586714673372 -3.929514197190977942e-06 -1.333534000054399111e-06 0.9999999999913901094 0.4950341701704281672
0.9999478011894841201 0.01021738150747882913 3.69853794269763754e-06 -0.005780857674513967606 -0.0102173815081330957 0.9999478011963048862 1.580524933805428193e-07 0.002444193687335678277 -3.696730000818538007e-06 -1.95833616411114894e-07 0.9999999999931477035 0.4950325994466028279
0.9999580201767803711 0.009162853055925741785 3.200284053528567775e-06 -0.01206785987401339834 -0.009162853065725376847 0.9999580201771266497 3.061000833041381746e-06 0.008420655473662259569 -3.172102205333476382e-06 -3.090196065318763158e-06 0.9999999999901939551 0.4950309160840418721
0.9999581094088048072 0.009153109266328738128 4.534320220058287743e-06 -0.0130557408232469703 -0.009153109282950464692 0.9999581094122398373 3.658676392847384179e-06 0.01496446933459431514 -4.500642009925424127e-06 -3.700026257228240651e-06 0.9999999999830267994 0.4950366236372578665
0.9999585960537755724 0.009099787773013028394 6.548314999711175996e-06 -0.0001289018876836069637 -0.009099787773104961799 0.9999585960752158664 -1.575206467464240458e-08 0.01384659768598312662 -6.548187214214991189e-06 -4.383686429210682966e-08 0.999999999978559484 0.4950318607299564744
0.9999594249292603765 0.009008244738730445192 4.909450689195462511e-06 -0.004995284870025248902 -0.009008244740087524571 0.9999594249412676605 2.543833655254410163e-07 0.01544359241195743249 -4.906959940331303955e-06 -2.985985772498285165e-07 0.9999999999879161106 0.4950262065524340671
0.9999388422257579068 0.01105946607508400195 4.536244667092122677e-06 -0.01497632030848859361 -0.01105946606229802828 0.9999388422321723313 -2.834086503515428398e-06 0.008429385333250202783 -4.567310724033455074e-06 2.783744733146865436e-06 0.9999999999856949984 0.4950149521595999524
0.9999187030595452219 0.01275097048477824742 5.064169689398302202e-06 -0.01699303580054085244 -0.012750970456235345 0.9999187030568884582 -5.629093590508324657e-06 -0.003334254732948729958 -5.135534394111784036e-06 5.564062884327003265e-06 0.9999999999713334864 0.4950125510600571488
0.999947260676407379 0.01027014327520793524 5.008821922359217268e-06 0.000989684844196058117 -0.01027014326849882801 0.9999472606880916992 -1.363341036813083156e-06 -0.009947203993340196504 -5.022559468318569858e-06 1.311827816380075522e-06 0.9999999999865263334 0.4950157425778163311
0.9999415674666232157 0.01081025625968215845 3.771619273067820184e-06 -0.001217661144938705226 -0.01081025627867958881 0.9999415674607613491 5.053455656032211876e-06 -0.006071385408281782838 -3.716769737138098929e-06 -5.093932540743325974e-06 0.9999999999801185702 0.4950290637838788421
0.9999162828406993331 0.0129393698648822067 4.446443599604211236e-06 -0.01299046806119917054 -0.01293936986902965471 0.999916282850122129 9.052620014290944506e-07 -0.008549151899127567164 -4.434357836157833786e-06 -9.627203938030288216e-07 0.9999999999897045688 0.4950205377343737112
0.9999145656825813022 0.01307139332404116255 3.823010257450642609e-06 -0.01480911788437319458 -0.01307139332632876495 0.9999145656896949452 5.740096889069746327e-07 -0.007931204767290672697 -3.815180534790485265e-06 -6.239327195468020851e-07 0.9999999999925273109 0.4950203576847609366
0.9998926160425589682 0.01465456829192900504 3.738631340722200041e-06 -0.01845046525588187394 -0.01465456829784747561 0.9998926160482438652 1.560610490042476453e-06 -0.007654475565618376783 -3.715359798711243083e-06 -1.615230933835126299e-06 0.9999999999917933424 0.4950326435239034151
0.9999155407526519879 0.0129965898499942601 3.979344852356789575e-06 -0.01256506548484039552 -0.0129965898355077214 0.9999155407541153728 -3.644899813687467283e-06 -0.01539726380934154475 -4.026380027814220345e-06 3.592874055332471393e-06 0.9999999999854395361 0.4950156030172245814
0.9999215318621463844 0.01252717442266903028 4.655641071241259082e-06 0.005541650481586115999 -0.01252717440975245275 0.9999215318692450394 -2.793271083510699281e-06 -0.01960620298563654426 -4.690267545861914594e-06 2.734729873041534783e-06 0.9999999999852611232 0.4950196721527168608
0.9999242005387112275 0.01231231771962184619 3.409205008844131293e-06 -0.01220651233856683178 -0.01231231771470518536 0.9999242005435186043 -1.459417624379589066e-06 -0.0227227529407896256 -3.426915406434430859e-06 1.417331786086350635e-06 0.9999999999931235006 0.4950184189127684875
0.9999202081533309361 0.01263239132318961198 4.276659191661126101e-06 -0.005040366753648062477 -0.01263239135025565237 0.9999202081418950838 6.362060076285816079e-06 -0.01245926371527525389 -4.195949916572552922e-06 -6.41557686834438113e-06 0.9999999999706169485 0.4950359272381968934
0.9999378088029545752 0.0111525114732496794 4.051816874104232398e-06 -0.008704801458189942442 -0.01115251149037778389 0.99993780880202765 4.229558966898647467e-06 -0.006982807051981187313 -4.004394681853704833e-06 -4.274483859808914248e-06 0.9999999999828466102 0.4950195242150829955
0.9999018645155859364 0.01400932999164414966 3.697613855565438051e-06 -0.01253125786458330129 -0.01400933000298047043 0.9999018645175880016 3.057967597316962982e-06 0.002042315535516913208 -3.654410911271380026e-06 -3.109468594911690193e-06 0.9999999999884879864 0.4950293753076093761
0.9999554792303654294 0.009436075863897136484 5.629699994118128324e-06 -0.008781441957229582998 -0.009436075843451236303 0.9999554792397539194 -3.647362798626069106e-06 -0.002681183739007280027 -5.663866147665456413e-06 3.594078139106714325e-06 0.9999999999775014414 0.4950073338715685889
0.9999465067413976227 0.01034328945043199235 4.610127828388057833e-06 -0.01504397822865014001 -0.0103432894551242216 0.9999465067514811123 9.951360155991253554e-07 0.007606360130070086156 -4.599588237822552397e-06 -1.042766669084978051e-06 0.9999999999888780078 0.4950273396807101656
0.9999086108342469803 0.01351924374832410083 5.498404433025375455e-06 0.000696048519010254046 -0.01351924375414759356 0.9999086108487621471 1.023341676348714989e-06 0.0109287880455892928 -5.484067132950711822e-06 -1.097582423795547492e-06 0.9999999999843599552 0.4950355744345549813
0.9999360553073509683 0.01130863721477930531 4.790758183079800217e-06 0.004043150594640413861 -0.01130863718946787007 0.9999360553051844791 -5.277931574605894822e-06 0.001682015059242845034 -4.850138052931532021e-06 5.223417132738578567e-06 0.9999999999745957657 0.4950080666060444057
0.9999242711586221466 0.01230658069796706708 4.653517443097017736e-06 0.008834069609210640217 -0.01230658070320502992 0.9999242711687826857 1.09864131206951842e-06 0.007086558451036885538 -4.639644519694915823e-06 -1.15582700120304483e-06 0.9999999999885686996 0.4950374664052800133
0.9999189108134015624 0.01273466816990647538 5.155167582068600915e-06 0.004843938697426017001 -0.01273466820156737671 0.9999189108073370802 6.156072405901695348e-06 0.01458930225790790181 -5.076354014372329062e-06 -6.221222563678718651e-06 0.9999999999677633422 0.4950586699628479193
0.9999438555436886977 0.01059649593684101193 6.042827238376772007e-06 0.005190618446052904823 -0.01059649594484333122 0.9999438555610257184 1.293794874134422691e-06 0.01464108068802013642 -6.028778275104746483e-06 -1.357755029051657545e-06 0.9999999999809049411 0.4950450326633492049
0.9999306934967951976 0.01177319668223687603 6.718047664530064739e-06 0.01581460306894079057 -0.01177319668826391601 0.9999306935189233858 8.583034125306743919e-07 0.01579040989636037659 -6.707477085397960153e-06 -9.373368230382136441e-07 0.9999999999770653458 0.495039745156466815
0.9999491298977106757 0.01008650462236169304 6.599007706371789493e-06 -0.003389864941603263487 -0.01008650457800153513 0.9999491298973433029 -6.721339851752410216e-06 0.003325978107112122391 -6.666466839655638361e-06 6.654437015065906251e-06 0.9999999999556381525 0.4950157977810476506
0.9999393468579098609 0.01101374498318353351 5.390242977742439642e-06 -0.01327247041599769438 -0.01101374495709913325 0.999939346860986733 -4.84517767135654645e-06 -0.006198492023368682748 -5.443279593856409629e-06 4.785517034693054984e-06 0.9999999999737345657 0.4950223801482186436
0.999937191170358286 0.01120775094644531691 5.940465426575026812e-06 0.006705422467228870122 -0.01120775095726510295 0.9999371911862783291 1.791223157188580595e-06 -0.0103155047834025404 -5.920016729953325504e-06 -1.857689909629845806e-06 0.9999999999807509532 0.4950425273927726577
0.9999513751960791286 0.009861400425956436122 5.228944206472666917e-06 0.005015266286700296311 -0.009861400449518793049 0.9999513751993942545 4.499673562824124844e-06 -0.007297700054920721463 -5.184316867314319476e-06 -4.551019479827451412e-06 0.9999999999762053671 0.4950393512496664705
0.9999527515240210773 0.009720838933792740055 3.49214176746575291e-06 -0.008074894064464504043 -0.009720838947614520581 0.9999527515221312557 3.96304601087942755e-06 -0.006329602776098096524 -3.453452637123649109e-06 -3.996805310699057556e-06 0.9999999999860493816 0.4950299543098378163
0.999951266061245847 0.009872461104480284577 4.060112106313489403e-06 -0.01070173051614250158 -0.009872461121479363805 0.9999512660605491821 4.188345352016406572e-06 0.0007878494021750730549 -4.018564964476008284e-06 -4.228224536368984157e-06 0.9999999999829863873 0.4950231018861352417
0.9999306668296147338 0.01177546220460757263 5.077651462834473148e-06 0.0003009558333199839749 -0.01177546221643039834 0.999930666839711324 2.304832516202821769e-06 0.004746382016125296789 -5.050158945029242109e-06 -2.364464407806018484e-06 0.9999999999844523257 0.4950267244865678151
0.9999369263612150061 0.01123135170821899613 6.350212410187522623e-06 0.01228314959045802811 -0.01123135170825103994 0.9999369263813779884 -3.061218668488235585e-08 0.00782781394697807005 -6.350155695547011866e-06 -4.071121313786260418e-08 0.9999999999798366845 0.4950225222840100026
0.9999412392712931918 0.01084057104238194714 5.128155456665560873e-06 0.01326522159384685949 -0.01084057101187824168 0.9999412392671359617 -5.939138364739296561e-06 -0.002221713813492385593 -5.192237773866188319e-06 5.883197243253153701e-06 0.9999999999692140706 0.4950029049513539059
0.9999447509066539119 0.01051166527406944759 5.443206707236130459e-06 0.1057260517510656694 -0.01051166526319365947 0.999944750919537273 -2.022813296386372687e-06 -0.001443921425928877157 -5.464169111354316843e-06 1.965484370920960624e-06 0.999999999983139598 0.4950100866802487065
0.9999532425870506502 0.009670192232037713026 4.90620542753194688e-06 0.2588735586291977531 -0.009670192242045657152 0.9999532425969490657 2.020253724717508703e-06 0.0009981471957098868916 -4.886439784231721775e-06 -2.067603212543257409e-06 0.9999999999859235933 0.4950200567865759016
0.9999169495580569889 0.01288774414409694577 6.294369593122131517e-06 0.5002281412711071518 -0.01288774413492195688 0.9999169495768672755 -1.496039633617226172e-06 -0.006136572541285151977 -6.313127419091559391e-06 1.414795162057691642e-06 0.9999999999790711858 0.4950124012486022962
0.9998969124670172848 0.01435842636470470099 5.786878381227567953e-06 0.8137754594884903936 -0.01435842637876360781 0.9998969124806921238 2.395268874285393907e-06 -0.004325472205477977859 -5.751889534535611418e-06 -2.478112419126041348e-06 0.9999999999803871331 0.4950236684313343294
0.9999205088468373637 0.01260856683196252132 5.670829678692038055e-06 1.138208927255568881 -0.0126085668636313885 0.9999205088469274028 5.58388109757189754e-06 0.0003609255111012913938 -5.599974159901583275e-06 -5.654938263600334864e-06 0.9999999999683307772 0.4950352573185503036
0.9999197533846627683 0.01266833778280769367 3.347900028482159374e-06 1.518297758099812267 -0.01266833782055056846 0.9999197533236164892 1.150369626084481293e-05 0.016945040458917527 -3.201898660649047474e-06 -1.154518545670619062e-05 0.9999999999282280783 0.4950547233569781991
0.9998382736042602525 0.01798406560936523582 4.737419569085388436e-06 2.032070772626549893 -0.01798406565237757951 0.9998382735723942982 9.198781324460710893e-06 0.02991875032733299841 -4.571221916277143935e-06 -9.282491703265181171e-06 0.9999999999464693756 0.49504210559998163
0.9997620635073175555 0.02181321449700352952 6.865175831723510165e-06 2.563351571381594418 -0.0218132145233686861 0.9997620635231323494 3.789259888246296907e-06 0.03529506052197263488 -6.780886417245846991e-06 -3.93810983819662085e-06 0.9999999999692552599 0.4950252045595935901
0.9997151754281317082 0.02386562232955909482 9.578896543899650368e-06 3.202638710988833015 -0.02386562225263445802 0.9997151754433178938 -8.066182795388646996e-06 0.0171213887253353278 -9.76867271117400086e-06 7.835279021813519449e-06 0.9999999999215904989 0.4949950851282119979
0.999614661661958892 0.02775838727646147419 1.133533642462272053e-05 3.900232422688433953 -0.02775838706462831207 0.9996146615621003262 -1.843611787722541741e-05 -0.02795887040564488252 -1.184272538370230423e-05 1.811436307822022587e-05 0.9999999997658096662 0.4949663978327260572
0.9996597916504827985 0.02608257731816376532 1.095389184409695215e-05 4.548167386420627345 -0.02608257701664855321 0.9996597913585490991 -2.682135576258427127e-05 -0.08884301501229298348 -1.164973532088970799e-05 2.652652518575275589e-05 0.9999999995803133812 0.494942514516141685
0.9996289441576710066 0.02723919799012465212 9.864442701588143836e-06 5.235061106778683637 -0.02723919777100546058 0.9996289439766727902 -2.170498943585919002e-05 -0.1609265991167618537 -1.045200894532398311e-05 2.142823616707197122e-05 0.9999999997157928977 0.494918276316892225
0.9995642237177855272 0.02951885143868968053 8.685282473241617775e-06 5.911714405520561932 -0.02951885121549032223 0.9995642234546304739 -2.479298070071840032e-05 -0.2420911153673162841 -9.413357944876639568e-06 2.452579694667152054e-05 0.9999999996549367998 0.4949095893673290392
0.999144807508156152 0.04134795663268620719 1.067818713807916225e-05 6.705777306667469517 -0.04134795622284583722 0.9991448069297108603 -3.610840693708521217e-05 -0.3690249051752974574 -1.216206407054537433e-05 3.563600608425554505e-05 0.9999999992910794111 0.4948660951075267156
0.9987116158660267473 0.05074552434351551483 9.777730081008660656e-06 7.633992900690638628 -0.0507455238189857688 0.9987116147879611106 -4.798116920861472391e-05 -0.5391838438204464845 -1.219996218827114936e-05 4.742317499675541845e-05 0.999999998801101464 0.4948118720913225466
0.9981192796148895541 0.06130174244092783525 6.082168793653333198e-06 8.440798344256910113 -0.06130174230337378377 0.9981192794275304259 -2.068503789150915369e-05 -0.6586223374693834787 -7.338758798884019255e-06 2.027328757504564901e-05 0.9999999997675680374 0.4948846138371600367
0.9976375213532359121 0.06869771444441791219 4.529615010913379167e-06 9.185986836616361728 -0.06869771449988749945 0.9976375212682846438 1.350545524256208404e-05 -0.7380970429938171762 -3.591119984091820787e-06 -1.378472309175084424e-05 0.9999999998985423799 0.494894625794162768
0.9969754182732766257 0.07771753529498136304 8.290423253192434695e-06 10.04807617991277802 -0.07771753550545773548 0.9969754178657254107 2.913164622802002246e-05 -0.8112584990535375296 -6.001308443208212411e-06 -2.968784644670464067e-05 0.9999999995413078047 0.4948851009980871352
0.9968874124931457192 0.07883835849949695496 6.637630953367994875e-06 10.85710696967999134 -0.07883835866042550322 0.9968874120776645142 2.910428584851160671e-05 -0.8808268579349227689 -4.322436621832854539e-06 -2.95369961417407834e-05 0.9999999995544409659 0.4948619679514080216
0.9971764663715148025 0.07509390716774953789 4.830430447810603294e-06 11.63120146266598276 -0.07509390728829785921 0.9971764658048597463 3.369478327588814633e-05 -0.922603382482324208 -2.286518634906939866e-06 -3.396238081841462851e-05 0.9999999994206640874 0.4948525102754248173
0.9972100601499330752 0.07464647260514602201 8.099911740057600748e-06 12.47549986430182578 -0.07464647284176628705 0.9972100595687780622 3.448695806781717328e-05 -0.9606286436578486132 -5.502983698160582651e-06 -3.499537137092110226e-05 0.9999999993725203762 0.4948195952772578843
0.9968281580275943909 0.07958406446933416478 6.934448012573020477e-06 13.35186431615662883 -0.07958406467290597697 0.9968281573452875133 3.709407013067992368e-05 -0.996984761733751057 -3.960356165869776986e-06 -3.752828516121561495e-05 0.9999999992879714528 0.4948222917388341857
0.9970383337380325228 0.07690618270504652465 1.09935509020820513e-05 14.25096353382459569 -0.07690618282916963921 0.9970383337244393962 1.135219309224606927e-05 -1.075452229828051554 -1.008793783707147216e-05 -1.216404372058271728e-05 0.9999999998751345487 0.4947621774288789021
0.9969469588006796279 0.07808175987879957536 1.070225597281963139e-05 15.16796086342365513 -0.07808175997760377629 0.9969469588084196587 9.147436325130017256e-06 -1.148975117241037847 -9.955333617846373612e-06 -9.955159807249807369e-06 0.9999999999008928331 0.4947545072505892816
0.9974122672151896074 0.07189415175289934345 1.243458657181585199e-05 16.16811667054022905 -0.07189415188882411489 0.9974122672238578957 1.085278063946949962e-05 -1.223483291917212501 -1.162215772635126334e-05 -1.17186705988712331e-05 0.9999999998637988385 0.4947602852586631683
0.9974610653617307365 0.07121392373941343168 1.246236667216261224e-05 17.12197062076127096 -0.07121392383354267774 0.9974610654063024162 7.279206579938042352e-06 -1.304427355903081232 -1.191234467603216367e-05 -8.148219181190209919e-06 0.9999999998958510883 0.4947405880719100146
0.9976029781110330452 0.06919752833676187653 1.176066704949012981e-05 18.03988626632205694 -0.06919752835159051485 0.9976029781789581552 8.58187498155246912e-07 -1.399150456724841618 -1.167309202022064144e-05 -1.669939495528061414e-06 0.9999999999304748366 0.4947201843610227745
0.9980647144308493202 0.0621838054476429869 1.226170169781136563e-05 18.95862149044368294 -0.06218380544675426724 0.9980647145061218861 -4.540735387114963583e-07 -1.485739147428229989 -1.22662078249754931e-05 -3.092844960781362793e-07 0.9999999999247219939 0.4947115945684544269
0.9983365530093807338 0.05765524082682944168 1.152305946680003784e-05 19.92735331607131144 -0.0576552409576237615 0.9983365530036931723 1.136023666517945961e-05 -1.548823670149658271 -1.084891428736103367e-05 -1.200570428381342571e-05 0.9999999998690818348 0.4947426430860618063
0.9986406158797959121 0.05212408427936414401 1.246965776780774758e-05 20.89117088185302862 -0.0521240844062789907 0.9986406159001620653 1.007892770733433915e-05 -1.614077853087430015 -1.192735183604507287e-05 -1.07151960670669111e-05 0.9999999998714611538 0.4947260257149158624
0.9985888091135222133 0.0531073454965011113 1.303016767254235332e-05 21.92297775522845171 -0.05310734564108221534 0.9985888091301217129 1.101256267961456736e-05 -1.676334279830760776 -1.242693164786169393e-05 -1.168901946987131868e-05 0.9999999998544688573 0.4947234766927839922
0.9984636194351532712 0.05541119468630878453 1.304307883416894134e-05 22.95344397163346528 -0.05541119485440721554 0.9984636194276849119 1.289986955777106716e-05 -1.74246422015621194 -1.230824251775131497e-05 -1.360278303167498148e-05 0.9999999998317354866 0.4947184637778049288
0.9984560020202645214 0.05554828433683384192 1.179729451344310877e-05 23.89669278641206773 -0.05554828450054070249 0.9984560019822185106 1.403436245516188209e-05 -1.80224596372256185 -1.099949475795362509e-05 -1.466801289985366976e-05 0.9999999998319299976 0.4947126857589849158
0.9985422174598453937 0.05397628917296164869 1.263821369187266012e-05 24.88414244602840952 -0.05397628929252145519 0.998542217489884476 9.318099560555610287e-06 -1.871169321542021979 -1.211683348857056828e-05 -9.986679676082016503e-06 0.999999999876724055 0.4946925435642164359
0.9987011710363922212 0.05095067063391309908 1.160714383510177195e-05 25.83100909794830713 -0.05095067071353844707 0.9987011710775026696 6.670663481817033071e-06 -1.942340987426781851 -1.125219336300942344e-05 -7.253391194347324072e-06 0.9999999999103880155 0.4946797765933248492
0.9988413518500359745 0.04812435688283382001 1.054699201505088162e-05 26.77989494244553015 -0.04812435692067210113 0.9988413518982337536 3.363515977836907836e-06 -2.012445203163369278 -1.037290471947476885e-05 -3.867186054443580594e-06 0.9999999999387236826 0.4946654779718398509
0.9986485127360937852 0.05197256867921939971 1.082147804937611477e-05 27.70923035143493607 -0.05197256879307853711 0.9986485127333855072 1.052037655053445911e-05 -2.071789335747315608 -1.026008196678252826e-05 -1.106857840797891377e-05 0.9999999998861084372 0.4946773779376442137
0.9987029697335941814 0.05091540141948758952 1.207579220719767617e-05 28.62600265965129864 -0.05091540149854691805 0.9987029697824958419 6.332251953132026189e-06 -2.142564245585635962 -1.173772038972158952e-05 -6.938882639336807389e-06 0.9999999999070386947 0.4946574339946175902
0.9988480429144498407 0.04798527908218225974 1.263371947820437929e-05 29.55022772690676902 -0.04798527913723959343 0.9988480429833231922 4.091354278524137071e-06 -2.218026015209127788 -1.242284119952568129e-05 -4.692873769676703543e-06 0.9999999999118247551 0.4946479974815237712
0.9991393765503729929 0.04147898361352969632 1.213066894851692999e-05 30.43590238294325445 -0.041478983757488333 0.9991393765475663491 1.18667141651323623e-05 -2.269307166101613316 -1.16280097679241399e-05 -1.235966921293485685e-05 0.9999999998560137326 0.4946524515596582017
0.9993770705693971745 0.03529122700969315046 1.088635960270966227e-05 31.24888989908914638 -0.03529122715488738904 0.9993770705331012083 1.34466209393303352e-05 -2.312878321947783533 -1.040503041644269131e-05 -1.382243763303407913e-05 0.9999999998503376064 0.4946421749297182369
0.9995592321684674264 0.02968739209219641711 1.182288932558182275e-05 32.12326989912370578 -0.02968739215481650331 0.9995592322232271787 5.156677452227344548e-06 -2.367530354107199475 -1.166458987152151679e-05 -5.505395306500314798e-06 0.9999999999168137643 0.4946169561771474599
0.9996834987446094889 0.02515754742681951608 1.214232657501936331e-05 33.09871342014498907 -0.02515754757710584114 0.9996834987378231396 1.238720677878544135e-05 -2.402999227796344339 -1.182685177130944471e-05 -1.268875737079703144e-05 0.9999999998495603393 0.4946183972266635087
0.9998313803071952055 0.01836330019507368544 1.269593566599691623e-05 34.08679054569052624 -0.01836330044171155182 0.9998313801913398802 1.959081984168684545e-05 -2.426341477945908487 -1.233404277393368953e-05 -1.982065572468667323e-05 0.9999999997275063057 0.4946197705582757731
0.9998783081366116043 0.01560028098106720253 1.238594617720662985e-05 35.07622119159407248 -0.01560028114141660815 0.9998783081268758366 1.295676496233032754e-05 -2.459501816605091484 -1.21823097341979738e-05 -1.314841247202540051e-05 0.9999999998393550582 0.4945889908292478987
0.9999174427935916265 0.01284941422707480685 1.238458364695425646e-05 36.15203133289207216 -0.01284941426711059403 0.9999174428647836788 3.158582339652988412e-06 -2.503090128731751296 -1.234297527835493701e-05 -3.31745622172443881e-06 0.9999999999183224464 0.4945593347106568283
0.9999765803835252154 0.006843869751120832019 1.155565347312606334e-05 37.26883143926527708 -0.006843869902925166747 0.9999765803628074545 1.314876670028496742e-05 -2.525421171058682912 -1.146539439723022806e-05 -1.322754415022453091e-05 0.9999999998467882234 0.4945725771912037327
0.9999969165427704532 -0.002483297816985246577 1.179558817484503211e-05 38.41183958407714272 0.002483297405401924032 0.9999969160085204756 3.478040833195652695e-05 -2.512278848571098511 -1.188192190943659664e-05 -3.475100913454510311e-05 0.9999999993255934694 0.4945780854218046474
0.9999121555408592155 -0.01325447364987777411 1.149477056115329844e-05 39.53073668276947217 0.01325447354940363295 0.9999121555697718655 8.773429259832400538e-06 -2.531936500400523204 -1.161004799652626226e-05 -8.620301430325006301e-06 0.9999999998954484104 0.4945206199033565508
0.9999418893149554233 -0.01078043962846683516 1.081143448864024013e-05 40.69301598906063333 0.01078043949172283189 0.9999418892951437154 1.26276029534247896e-05 -2.530064300917649778 -1.094693733985329441e-05 -1.251031713944314044e-05 0.9999999998618280816 0.4945215017793641032
0.9999828435706975549 -0.005857680832929064788 1.190603555623502352e-05 41.89482075651912396 0.005857680621636735668 0.9999828434860820181 1.770472421141278195e-05 -2.530486655052436085 -1.200953991383592263e-05 -1.763467870780516481e-05 0.9999999997723942879 0.4945188824379860848
0.9999565444927157598 -0.009322499698298181148 1.130464443753396818e-05 43.02439490671661559 0.009322499669209761974 0.9999565445534467356 2.623111203993539165e-06 -2.551398508133047027 -1.132860714256965434e-05 -2.51760967133602165e-06 0.999999999932661976 0.4944750686223440272
0.9999880251750902227 -0.004893807999388793961 1.232560993328676695e-05 44.13409987715345295 0.004893808096016069586 0.9999880252199893071 -7.821630630473695701e-06 -2.586054786769323321 -1.228718477827157773e-05 7.88185613749634892e-06 0.999999999893450453 0.4944516195754724563
0.999991865625547538 -0.004033420849297401738 1.418527260105155337e-05 45.38713196507629988 0.004033420749944091437 0.9999918657018800339 7.025624945707308384e-06 -2.594242054304449763 -1.421349451595072678e-05 -6.968352623790424721e-06 0.9999999998747091112 0.4944709168507283592
0.99996925573958928 -0.007841389751339094064 1.358719894941070469e-05 46.68327875677049832 0.007841389474736443557 0.9999692556281647438 2.029266272440555726e-05 -2.584293970952618924 -1.374590389702847558e-05 -2.018549632266531993e-05 0.9999999997017977593 0.4944431092374532155
0.9999997794377251115 0.0006640345504505909026 1.359592846271915367e-05 47.98915105263862557 -0.000664034527957918356 0.9999997795287889346 -1.65881396363937143e-06 -2.616562915891027963 -1.359702697499294901e-05 1.649785431828879391e-06 0.9999999999061993661 0.494414889146801817
0.9999996127567718496 0.0008798671059140498801 1.795591470291227362e-05 49.32638697498450853 -0.0008798665719266243138 0.9999996124766592498 -2.972506517864641987e-05 -2.688959987867226786 -1.798206185164814025e-05 2.970925485870072561e-05 0.9999999993970025702 0.4943673234572656949
0.9999998341638959287 0.0005756800789907089025 1.63358454450350544e-05 50.66109410893485432 -0.0005756799670259801814 0.9999998342738756207 -6.85780247543800115e-06 -2.717468004506537582 -1.633979063802951058e-05 6.848397119199504818e-06 0.9999999998430550985 0.4943805691921865919
0.999979693183177698 0.006372832078544773265 1.532347600027577454e-05 52.03176619246575285 -0.006372832145855505774 0.9999796932907034641 4.347847958910563611e-06 -2.753827916578204693 -1.529545672595830085e-05 -4.445413608398419793e-06 0.9999999998731434747 0.4943939547126585676
0.9999933471083594094 0.003647670467152191055 1.553756105041587715e-05 53.49782323340843959 -0.003647670605612894461 0.9999933471890257719 8.892358268396932772e-06 -2.784484905827055989 -1.550502128932032439e-05 -8.948975013227324256e-06 0.9999999998397548495 0.4943811440700376925
0.9999939753584932145 0.003471168390334785064 1.545819238426029998e-05 54.98928585474750008 -0.003471168354657029175 0.9999939754753712773 -2.33424592479307162e-06 -2.830057255315568288 -1.54662018166689545e-05 2.280573873573910363e-06 0.9999999998777975296 0.4943337097514085565
0.9999667645266514526 0.008152895858177229213 1.155242402401586793e-05 56.40002995397176022 -0.008152896025874887057 0.9999667644862444416 1.454426709115096411e-05 -2.853926514162010708 -1.143346217834069921e-05 -1.463796941746426532e-05 0.9999999998275026503 0.4943480102538509446
0.9999241011728353667 0.0123203768732141096 1.447866770201739881e-05 57.93678491627294846 -0.01232037696956603604 0.9999241012547925855 6.584507175284583271e-06 -2.895280511369832332 -1.439644517938268738e-05 -6.762390063018391517e-06 0.9999999998735059625 0.494317648202207971
0.9998117580620649036 0.01940227186829785941 1.701247309516640437e-05 59.56522711805855863 -0.01940227170975580839 0.999811758165360831 -9.435216151743185575e-06 -2.968162039132561603 -1.71923352649315098e-05 9.103359422922599646e-06 0.9999999998107760302 0.4942623642819464203
0.9998445869002982045 0.01762957227834373308 1.515543088036549555e-05 61.08956276895510484 -0.01762957210688634313 0.999844586953495762 -1.137338626974045109e-05 -3.038617961260202005 -1.535358346397329982e-05 1.110443493500970713e-05 0.9999999998204792684 0.4942368994043143671
0.999828437091240585 0.01852285550990859925 1.448028317973007226e-05 62.63728160460514971 -0.01852285555673821235 0.9998284371904039292 3.106625032474649097e-06 -3.083919670591356077 -1.442025533506400107e-05 -3.374308244606554233e-06 0.9999999998903349452 0.4942492185466602628
0.9997337876568761494 0.02307278911908225774 1.489077392366702084e-05 64.17785756517903906 -0.0230727890911234905 0.9997337877663233785 -2.046674078118229301e-06 -3.158019150066944558 -1.493403229687953776e-05 1.702557542071976993e-06 0.9999999998870378048 0.4942120673181561452
0.9996852845386703379 0.0250864841909340594 1.37843543069701413e-05 65.6688329905570356 -0.02508648435523556236 0.9996852845590079584 1.187865699797125546e-05 -3.210737199742908832 -1.348202241683652195e-05 -1.222071958962297024e-05 0.9999999998344443197 0.4942158409501652971
0.999728665292492269 0.02329368094706870534 1.492181498778608242e-05 67.13917862719667085 -0.02329368090409895259 0.9997286654002105477 -3.047030496468157956e-06 -3.287277577384531302 -1.49887427393089615e-05 2.698619734504144794e-06 0.9999999998840273241 0.494167588397754709
0.999692025529765993 0.02481640266273099638 1.591564442202550344e-05 68.69111955387604951 -0.0248164026369486132 0.9996920256554503448 -1.815412608651482275e-06 -3.351596630024752166 -1.595579482216183479e-05 1.419884467711661026e-06 0.9999999998716980754 0.4941513380478758655
0.9994115350578794965 0.0343013604257514787 1.638377790801288979e-05 70.22788208840333368 -0.03430136061216057519 0.9994115351226201538 1.123542638668120151e-05 -3.414402323834694553 -1.598874622012864765e-05 -1.179080060635521567e-05 0.9999999998026682935 0.4941449406263981881
0.9992338642724755138 0.03913673771432558957 1.595019047924357201e-05 71.67754930217196829 -0.0391367376517948104 0.9992338643933410536 -4.213939079279672909e-06 -3.512859394444698413 -1.61028902988743563e-05 3.586472209715098433e-06 0.9999999998639168552 0.4940956738324727149
0.9993396120929852744 0.03633647517558755147 1.660987683222513354e-05 73.21507320625211435 -0.03633647510130275093 0.9993396122224207367 -4.752530835457209716e-06 -3.602035287603299718 -1.677159809130185589e-05 4.145847945615866578e-06 0.9999999998507624888 0.4940736881973762928
0.9994335365389049874 0.03365420786767459038 1.834036993014557845e-05 74.77278121889216322 -0.03365420747775767912 0.9994335364961143275 -2.116947108164002228e-05 -3.703478267558247161 -1.904242256016267743e-05 2.054024873493358303e-05 0.9999999996077418851 0.4940185265670675729
0.9993248819517865922 0.0367393529998694332 1.598222543500779619e-05 76.32161357170622296 -0.03673935289213022676 0.9993248820591488224 -6.98343715846208382e-06 -3.787154824162484612 -1.622800251079903444e-05 6.391545893739525891e-06 0.9999999998478997787 0.4940242103207970747
0.9993728049347569975 0.03541181207989220481 1.800797565486628366e-05 77.86433191395664721 -0.03541181181051110405 0.9993728049930119539 -1.506416025097294961e-05 -3.88999088390444836 -1.853013035439837446e-05 1.441701703902319162e-05 0.9999999997243916861 0.493982587359112324
0.9993754705523121284 0.03533650293857282243 2.050973679987518715e-05 79.39400031703797822 -0.03533650225937370187 0.9993754702555925906 -3.258403029169442382e-05 -4.008279023363652271 -2.164833354134662485e-05 3.183893824448502338e-05 0.9999999992588156639 0.4939227663801625812
0.999190100752877397 0.04023856748090281349 1.570898208712149141e-05 80.87020545974006325 -0.04023856739669685878 0.9991901008638354176 -5.640246282477202881e-06 -4.090187662023963888 -1.59232148267454835e-05 5.00357131681329178e-06 0.9999999998607075335 0.4939532459270394305
0.9992379197158678394 0.03903305585811037148 1.88285649606786559e-05 82.41305760580708295 -0.03903305549630316229 0.9992379197226398668 -1.921526085366033232e-05 -4.214202251965316393 -1.956424643290024748e-05 1.846568086118335469e-05 0.9999999996381292444 0.4938962696743728897
0.9990388167386345941 0.04383426098499702828 1.468334768622922158e-05 83.94979329784587208 -0.04383426108314176367 0.9990388168215390552 6.430166319547307984e-06 -4.289028148473390978 -1.438737271080176072e-05 -7.067619447365864684e-06 0.9999999998715258798 0.4939157312096748575
0.9983489765573897445 0.0574397139791664596 1.634125137803433633e-05 85.48692252173324846 -0.05743971401548244454 0.9983489766874855675 1.761393987177691083e-06 -4.404346277878127935 -1.62130976242254375e-05 -2.697122690222581112e-06 0.9999999998649302668 0.4938665135906394332
0.9960450348183854663 0.08884980805926057101 1.49568285170108832e-05 86.96937899568540331 -0.08884980816923494784 0.9960450348972839096 6.855017351151588783e-06 -4.536731890325717664 -1.428860780628608667e-05 -8.156817340764970905e-06 0.9999999998646508237 0.4938478496269394502
0.9913870311349572972 0.1309647060715422584 1.622474750901317319e-05 88.44825607711449322 -0.1309647060299485577 0.9913870312666634987 -3.604635405524150947e-06 -4.752806023155200954 -1.655708428239131206e-05 1.44871950507849446e-06 0.9999999998618818164 0.493802732858351745
0.9850127063602825972 0.1724817903811654285 1.726070539394397094e-05 89.98219192286170198 -0.1724817904065268359 0.985012706507073954 -1.955417331125866756e-08 -5.02532997226701017 -1.700538687513215725e-05 -2.95789626085309312e-06 0.9999999998510336052 0.4937929488224376273
0.9757430709399290691 0.2189188416724323349 1.660571110257729184e-05 91.43259728994455315 -0.2189188417986866197 0.9757430710332838375 6.187909255299929162e-06 -5.343366651644369192 -1.484825762137588453e-05 -9.673112621283774373e-06 0.9999999998429798254 0.4937729385524436965
0.9621510208715909895 0.2725168119151502033 1.617375451673937656e-05 92.85082119324744099 -0.2725168118773166337 0.9621510210075306935 -4.541147724077282788e-06 -5.756129033746645973 -1.679913352200723543e-05 -3.835009833850406557e-08 0.9999999998588936512 0.4937311138691649615
0.9465386991151419904 0.3225902832662385644 1.489480451231740818e-05 94.27467895672765508 -0.322590282928146288 0.9465386991074732359 -2.131908210051556822e-05 -6.279189825091273214 -2.097583762033056019e-05 1.537441703596300593e-05 0.9999999996618205156 0.4936706083686061008
0.9288820304901487246 0.3703757190014617673 1.445272600147919312e-05 95.67119876139091161 -0.3703757186786329481 0.9288820304961395991 -2.09018534272434274e-05 -6.861309055676932722 -2.116641646603680075e-05 1.406241727284213223e-05 0.9999999996771153921 0.4936617725700870873
0.9086142307906670545 0.4176364201938413401 1.160130643752740649e-05 97.01257528912202588 -0.4176364198313123888 0.9086142306918915112 -2.483743992030401491e-05 -7.518790112408165527 -2.091413161885023847e-05 1.772252328206153917e-05 0.9999999996242554534 0.49362737839757731
