0.9999727208254474142 0.007386311999347235611 0 -0 -0.007386311999347235611 0.9999727208254474142 -0 0 -0 0 1 0.4949999999999998845
0.9999873894721247325 0.005022036321194581036 7.081401061009535909e-06 0.006922643217405963049 -0.005022036374990309325 0.9999873894680509911 7.599559699592634725e-06 0.001199423217467297234 -7.043146495939012418e-06 -7.635026918847270309e-06 0.9999999999460500444 0.495025046129313584
0.9999797557660550229 0.00636302232746044881 2.674655696937412846e-06 0.02139562433514856019 -0.00636302236471293723 0.9999797556691658595 1.415818220319651265e-05 0.006390630533137732321 -2.584512720848115846e-06 -1.41749144756611521e-05 0.9999999998961958125 0.4950389583221806444
0.9999947534561760554 0.003239297377848784302 3.853871518634335225e-06 0.004559839979274117085 -0.00323929737590342116 0.9999947534634779922 -5.109106070638932754e-07 0.004434700164344983556 -3.855506290546443322e-06 4.984240906515957639e-07 0.9999999999924430449 0.4950061777794487194
0.9999995484872804541 0.000950265599247470164 4.770605840011183923e-06 0.01538736718099170328 -0.0009502655729929746246 0.9999995484835452197 -5.502636954527562249e-06 -0.00276279532141969833 -4.775832652607250144e-06 5.498101127524846486e-06 0.9999999999734808798 0.4950029286015794061
0.9999984488504455316 0.001761329700367267066 4.076990537675902616e-06 0.02247041598065243478 -0.001761329699671984259 0.9999984488587426723 -1.741171752554631479e-07 -0.004495682349994992166 -4.077290891439793065e-06 1.669359806544658436e-07 0.9999999999916736604 0.4950150388226515208
0.9999998325503399732 -0.0005786847974204764296 5.042801122135592047e-06 0.03327169904386974297 0.0005786847781237095542 0.9999998325557422074 3.827220349006658933e-06 -0.003967087124720310685 -5.045015031979799408e-06 -3.824301515891495033e-06 0.9999999999799610295 0.4950193839618279856
0.9999981613739847841 0.001917609503437154618 4.9673791005022364e-06 0.0273208871068302793 -0.001917609541443213205 0.9999981613569290939 7.657703387221975226e-06 0.002475861485826113054 -4.952685482475120781e-06 -7.667214801128472719e-06 0.9999999999583421006 0.4950222157989648819
0.9999958013325014328 0.002897810195789631699 3.958535112307757331e-06 0.03813920841609137746 -0.002897810255155329386 0.9999958012265453 1.507439242171844527e-05 0.02271037028179909156 -3.914835763260472383e-06 -1.508580021300080243e-05 0.999999999878546153 0.4950372188602629175
0.9999998869340942509 -0.0004755045241436260911 5.429452999454673452e-06 0.03029421186076367359 0.0004755045023213706626 0.9999998869407645818 4.019823980114215819e-06 0.02773425017683834454 -5.431363830093634067e-06 -4.017241796262849407e-06 0.999999999977180809 0.4950046636633151365
0.999999337799072352 0.00115081599746873881 5.117554245292017013e-06 0.02178506796828170652 -0.001150815969694525326 0.9999993377974735198 -5.426876265719962187e-06 0.02224018297583720688 -5.123796192457484744e-06 5.420983308886257636e-06 0.9999999999721795874 0.4949901639555694399
0.9999986545717906017 -0.001640376759446845936 4.574731031988359571e-06 0.01720302566476203388 0.001640376783922395344 0.9999986545678951622 -5.351546869166345417e-06 0.01528840053584628982 -4.565946323887118135e-06 5.359043951621761718e-06 0.9999999999752161584 0.4949956026043145219
0.9999999314239111925 -0.0003703217960444186497 4.021561108921965415e-06 0.03875039033109364123 0.0003703217787634205112 0.9999999314227719927 4.296987186180907181e-06 0.02271859361522860291 -4.023152101146792154e-06 -4.295497619847097046e-06 0.999999999982681298 0.4950174100777468555
0.9999991023037980709 -0.001339913955337444437 4.941963068461222716e-06 0.02736579134945623867 0.001339913973646758355 0.9999991023091273634 -3.703413823317039606e-06 0.009298973651127612206 -4.936996376241857447e-06 3.71003230414915946e-06 0.9999999999809305873 0.4949991335602079712
0.9999997710016779173 -0.0006767370720306392206 5.075405976942042315e-06 0.0396878364669513567 0.0006767370419307091852 0.9999997709969961068 5.929924929455540119e-06 0.01830444460726111597 -5.079417814692940345e-06 -5.926488856285257136e-06 0.9999999999695379227 0.4950184496621951591
0.999987208671268113 0.005057910232974720775 6.336686538038640704e-06 0.04491594176929064597 -0.005057910238071406869 0.9999872086910084334 7.88550450043662108e-07 0.01130921606949743946 -6.332617066132627586e-06 -8.205907551520611054e-07 0.9999999999796120864 0.4949945103209248409
0.9999994625672686821 0.00103673697047397778 6.6227142467015681e-06 0.04283203721586106849 -0.001036736916457871955 0.9999994625560075789 -8.154417936388530692e-06 -0.006524959874254501573 -6.631164673910943488e-06 8.147547541590713052e-06 0.9999999999448223598 0.4949721015866395679
0.9999863621830291649 0.005222588799260683042 4.051896322111485747e-06 0.002155170827453770088 -0.005222588785730581523 0.9999863621857222329 -3.342622565277655273e-06 -0.01541674278832103062 -4.069298206271419638e-06 3.321415590910263205e-06 0.9999999999862042577 0.4949883510660577079
0.9999761921468266479 0.006900371634963304787 3.614546650067434729e-06 0.02856451440690454049 -0.006900371654335405933 0.9999761921387814168 5.374720039415861762e-06 -0.01485780598151372443 -3.577373029735409397e-06 -5.399533794118482243e-06 0.9999999999790234462 0.4950074907911901634
0.9999963209315814172 0.002712583427996017715 4.084159721061326567e-06 0.02688416456740039956 -0.002712583465024655249 0.9999963208985221952 9.088331873644503749e-06 -0.008206891043875130104 -4.059491836594645378e-06 -9.099377061177620456e-06 0.9999999999503607073 0.4950139747551306479
0.9999975751078239439 0.002202215921305248226 5.073515228418450765e-06 0.02136748165311152733 -0.002202215952897626679 0.9999975751012195602 6.229776994269714168e-06 -0.006449583723351631249 -5.059783611574469794e-06 -6.240934863905621984e-06 0.9999999999677244844 0.495012312265391774
0.999999376058972933 0.001117075189629350125 5.18827287065138104e-06 0.01884274775385671313 -0.001117075208286663016 0.9999993760659507958 3.594554230660560816e-06 -0.002729625645791995247 -5.184254246162407458e-06 -3.600347678868370147e-06 0.9999999999800802675 0.4950095153807101966
0.9999980384480235962 0.001980676874551255424 4.632107391775862172e-06 0.01576941867584646592 -0.001980676885461221063 0.9999980384559644664 2.351896721312582422e-06 -0.0008800057202041165066 -4.627439958245994723e-06 -2.361066815986795653e-06 0.9999999999865059053 0.4950128393334042864
0.9999994075545871608 -0.001088513154057235656 5.641002930386938317e-06 0.03754051211872286992 0.001088513131644656701 0.999999407562622733 3.974707156199269107e-06 0.004247700581872547627 -5.645326109468970513e-06 -3.968564495636926486e-06 0.999999999976190157 0.4950134601821484792
0.9999984203049796516 0.001777463144183541368 3.814297757045922175e-06 0.01225485829676514413 -0.001777463153631044911 0.9999984203091746293 2.474912865375380638e-06 0.006250864961118944921 -3.809892665231516667e-06 -2.481688729487923567e-06 0.9999999999896627134 0.4950130113289432088
0.9999983887261852944 0.001795139260515721475 4.722409084989140735e-06 0.03982194118941331101 -0.00179513929621108047 0.9999983887086543177 7.565374548831094349e-06 0.01784801274767133794 -4.708820574939152875e-06 -7.573839741062426616e-06 0.9999999999602318113 0.4950211912826314453
0.9999984393491345713 0.001766715049049395704 4.411723098851026049e-06 0.02657647139332281611 -0.001766715068425592748 0.9999984393491873069 4.391956579234633824e-06 0.02196391716168930724 -4.403956877908399482e-06 -4.399743982600341458e-06 0.9999999999806234996 0.4950031000667339809
0.9999975165154276757 0.002228664919042520464 4.229441052866968666e-06 0.0134759692798974394 -0.00222866492271810851 0.9999975165239899377 8.64539112999968709e-07 0.02476967357291957883 -4.227503781159295373e-06 -8.73962972847644035e-07 0.9999999999906820092 0.4949905758387914134
0.999992354553416396 0.003910348740181945372 3.110824612913467707e-06 -0.00786017288472959548 -0.003910348723708803945 0.9999923545443589745 -5.283993093099027442e-06 0.01902018439870498817 -3.131463084976736906e-06 5.271788285557223839e-06 0.9999999999812009266 0.4949813409734609149
0.9999972884359534797 0.002328756714301824689 3.890840684021297655e-06 0.006406309088559779957 -0.002328756714276017208 0.9999972884435228693 -1.115748684583693474e-08 0.02011528898306210941 -3.890856116859446996e-06 2.096635224438425467e-09 0.9999999999924303884 0.4949943116790506692
0.9999969684293747996 0.002462340329070781837 3.794235630015218955e-06 0.0003210266193227139073 -0.002462340311207506741 0.9999969684255460844 -4.705498623464163755e-06 0.008742978311992014029 -3.805810666536273491e-06 4.696141659070819841e-06 0.999999999981730836 0.494982279570559347
0.999988293352359281 0.004838713063132560506 4.044885599834147857e-06 0.01976602958061359633 -0.004838713062572936978 0.9999882933605317437 -1.481228196857035986e-07 0.005270935635229978024 -4.045554971639307532e-06 1.285490448753435902e-07 0.9999999999918082194 0.4949920835931588825
0.9999929505813307529 0.003754832142785745949 5.045447367880639393e-06 0.03691454989739675202 -0.003754832137570707478 0.9999929505935349905 -1.042683725564747706e-06 -0.004550795964571139815 -5.049326902838876499e-06 1.023731567325189384e-06 0.9999999999867279499 0.4949872459248518819
0.9999931731365800935 0.003695087658675666204 3.108231438603568211e-06 0.01395722175677666099 -0.003695087658131940983 0.999993173141396352 -1.806483008980573058e-07 -0.01031065654153904589 -3.108877730454240371e-06 1.691618800093528893e-07 0.9999999999951528773 0.4949912226320213882
0.9999971265531085729 0.002397264650909414121 3.154717891773485759e-06 0.01060421831437399244 -0.002397264662253447039 0.9999971265515881225 3.59704651437219347e-06 -0.009934094165528319434 -3.146085754397751458e-06 -3.604598872171429207e-06 0.9999999999885542667 0.4950082400892207857
0.9999922912563070643 0.003926500934096592045 4.539621910253401535e-06 0.02831639391226392979 -0.003926500965139162469 0.9999922912430309063 6.849575130692392495e-06 -0.004384477365015816523 -4.512692052262596708e-06 -6.867347158885244776e-06 0.9999999999662373407 0.4950096062295281096
0.9999894531093137529 0.004592781810142159728 5.254781958912824594e-06 0.03517385402143634321 -0.004592781828343059716 0.9999894531170615553 3.456878954426442112e-06 -0.005893262458215656197 -5.238849846560791193e-06 -3.480976562194935423e-06 0.9999999999802183792 0.4949987754685787333
0.9999998480428522463 0.0005512673126307306897 4.566694779249753226e-06 0.005438249947541609446 -0.0005512673182961920623 0.999999848052508411 1.239443231625291534e-06 -0.008407190571088242817 -4.566010820812495032e-06 -1.241960512867415779e-06 0.999999999988804289 0.4949955926733525247
0.9999911618771113453 0.004204302883281974511 2.676415442080655552e-06 -0.00199307881081477135 -0.004204302898192167383 0.9999911618650064726 5.589930302897452224e-06 -0.0004324677474788981863 -2.652890027469786468e-06 -5.601133359606439199e-06 0.9999999999807944739 0.495009509505027534
0.9999917970929236288 0.00405039738683914477 5.48692019775868935e-06 0.03149248650939092536 -0.004050397368206185011 0.9999917971022629359 -3.402749103151846725e-06 -0.01143886445130151176 -5.500657675188804921e-06 3.380496983588732616e-06 0.999999999979157228 0.4949875178092940087
0.9999792390097096417 0.00644372086667877042 3.631348164956530676e-06 0.02031488464051361617 -0.006443720874289651963 0.9999792390140740395 2.088101002778441065e-06 -0.006805605800118515875 -3.617817634584994967e-06 -2.111457045706236547e-06 0.9999999999912263515 0.4949970716657274838
0.9999819895633921263 0.006001711139385941009 3.804201293230844288e-06 0.02672023266859767376 -0.006001711151512700675 0.9999819895654851187 3.184374405515499769e-06 -0.004311813683986187411 -3.785021082570936419e-06 -3.207148770866409521e-06 0.9999999999876937329 0.4949955998886627628
0.9999952093795746455 0.003095350291547462572 5.167770038750481187e-06 0.03982274214978686472 -0.003095350290582474066 0.9999952093929116437 -1.947155379653353351e-07 -0.007648278080596935917 -5.168347994791912659e-06 1.787185466660214982e-07 0.9999999999866279188 0.4949896592723075361
0.9999875419908332841 0.004991577698603819405 4.17646681032600545e-06 0.01637859309328001597 -0.004991577719551486617 0.9999875419868481385 5.020348805160190803e-06 0.0001172919412741376256 -4.151355318712282381e-06 -5.041133420285809671e-06 0.9999999999786763905 0.4950035679419030887
0.9999864842005206089 0.005199172580380508578 4.795193785735440656e-06 0.01558947862847012353 -0.00519917259324395413 0.9999864842083755478 2.674022133922418317e-06 -0.0002201985395735647376 -4.781226272337458424e-06 -2.698917032485465138e-06 0.9999999999849276122 0.4949906752818514777
0.9999842910308560651 0.005605145796700304432 5.860569784009906823e-06 0.02484211607752326995 -0.005605145777518890163 0.9999842910427436671 -3.284275171370759745e-06 -0.00716009137328353553 -5.878886561741615893e-06 3.251374230814868799e-06 0.9999999999774333848 0.4949744816632418165
0.9999764552637987469 0.006862135402088453788 4.243113435843044913e-06 0.007120798230880444335 -0.006862135386548433129 0.9999764552661869477 -3.666180888937718692e-06 -0.0138759225769496692 -4.26817136253488113e-06 3.636977750818841617e-06 0.9999999999842773546 0.4949781933392536915
0.9999855200453668935 0.00538142058309173249 3.786481570033031254e-06 0.01626412829604682517 -0.005381420597117315269 0.9999855200456013726 3.703738878399881293e-06 -0.009975094975004145451 -3.766495365317844752e-06 -3.724061898340636536e-06 0.9999999999859722211 0.4949957258196572285
0.9999803381867033991 0.006270822645103923954 5.058909197121249564e-06 0.04325736858049201994 -0.006270822668422117684 0.9999803381887425457 4.606718305273889896e-06 -0.006731892631235725753 -5.029921816334974691e-06 -4.638351251309619141e-06 0.9999999999765926129 0.4949943818961675124
0.9999824918664946827 0.005917426781487765061 4.795210709985753274e-06 0.02992249761945278003 -0.005917426796789868396 0.9999824918728348333 3.183246925585550213e-06 -0.006069851229496776857 -4.776290124217454192e-06 -3.211566501224709176e-06 0.9999999999834362496 0.4949921752815035769
0.9999894003822639155 0.004604248101911058606 4.976826818371344348e-06 0.02612074089034391658 -0.004604248112858620907 0.9999894003921988572 2.19049725122124195e-06 -0.004761908786767772919 -4.966688473147793094e-06 -2.213388578274252883e-06 0.9999999999852162702 0.4949914308531995766
0.9999795207469167613 0.006399848954364056181 4.728682893737109062e-06 0.01838880707395498457 -0.006399848956683667697 0.9999795207579692535 4.755768678858695053e-07 -0.007545162587796726446 -4.725542433775013957e-06 -5.058299847105276771e-07 0.9999999999887064783 0.4949914323741756439
0.9999875581117728673 0.004988346432416900303 4.874074872461008653e-06 0.02904652054435600053 -0.004988346450737796318 0.9999875581165137417 3.75395138533089566e-06 -0.002517194886343091745 -4.855288219788777045e-06 -3.778218253178128198e-06 0.9999999999810753604 0.4950011338014730922
0.9999770880182716759 0.006769299693555595222 4.731706435359358487e-06 0.03141083586128021188 -0.00676929969419548961 0.9999770880294550635 1.192376006190019405e-07 -0.006420573569153712606 -4.730790867587553398e-06 -1.512652075752222001e-07 0.9999999999887981827 0.4949888725635150366
0.9999704576509926834 0.007686599393981909285 4.153705413360630821e-06 0.03278113138998490356 -0.007686599408685605012 0.9999704576532560951 3.535610660039139908e-06 -0.003396705696766989455 -4.126405880398331795e-06 -3.567434079369136948e-06 0.9999999999851229004 0.4949985582320750588
0.999986038453423931 0.005284210421037825386 4.548217774010259499e-06 0.03792547845069076801 -0.005284210448533486516 0.9999860384452916584 6.054739151051326871e-06 0.00389392979328987603 -4.516159758100220076e-06 -6.078688357412379619e-06 0.999999999971326714 0.4949998918600072573
0.9999731621634893042 0.007326318664100872451 3.133093311943266159e-06 0.005765047051820147705 -0.007326318672678643756 0.9999731621645941981 2.735146126003921451e-06 0.005027003553714643087 -3.112970674388583794e-06 -2.758026760633984872e-06 0.9999999999913511406 0.49499216165195703
0.9999915033962011313 0.004122270385866643252 4.950122494985279642e-06 0.02725296259197468318 -0.004122270394921250143 0.9999915034067590192 1.820364851411897561e-06 0.009165379105716849745 -4.942576399689444537e-06 -1.840755127905445165e-06 0.9999999999860910149 0.4949917940372976499
0.9999552690994674142 0.009458318229692770293 4.325527828773547827e-06 0.008669268489681627651 -0.00945831821028982056 0.9999552690989512715 -4.484349409508279455e-06 -5.729537755090227094e-05 -4.367748747784636721e-06 4.443236601888771528e-06 0.9999999999805899709 0.4949713270259274434
0.9999618807986410118 0.008731376490773790425 4.056283558764875296e-06 0.00570141109933083607 -0.008731376473041629199 0.9999618807974790524 -4.368855961954244898e-06 -0.008909141966812332211 -4.094275062708375645e-06 4.333272485820973672e-06 0.9999999999822296592 0.4949779535719425194
0.9999950250774191085 0.003154331245791467276 4.127518746511995737e-06 0.01279128410530533042 -0.003154331249636748141 0.9999950250854969802 9.254480315758411841e-07 -0.01063914357836799433 -4.124579042816759425e-06 -9.384629889091496718e-07 0.9999999999910533788 0.4949949716043706704
0.999983904176010796 0.00567374458617766423 3.675062160838241733e-06 0.01699031666977192032 -0.005673744612196935169 0.9999839041573495013 7.108656490491371167e-06 -0.003491923591850068596 -3.634670306338398741e-06 -7.129393434942069607e-06 0.9999999999679802798 0.4950081653212513033
0.9999691782215854863 0.007851279641676218307 4.131324744154167324e-06 0.01796211893010502686 -0.007851279664832080951 0.9999691782141512109 5.61890918068745062e-06 0.001058708404277818038 -4.087081782088800809e-06 -5.651172181866400338e-06 0.9999999999756797875 0.495000305394151241
0.9999819836384565841 0.006002697778123265888 4.484903864149861807e-06 0.01432566223440962655 -0.006002697779512393417 0.999981983648461803 2.96342348270205058e-07 -0.0003041701849131338872 -4.483044208989727041e-06 -3.232585317256932168e-07 0.9999999999898986358 0.4949922462574911086
0.9999852768866174246 0.005426415572605222323 5.124543495925232445e-06 0.02471024848424510645 -0.005426415557144088214 0.9999852768952530724 -3.026171160485758067e-06 -0.007836532459889399352 -5.140889309045163221e-06 2.998318703275147143e-06 0.9999999999822904995 0.4949860896311312763
0.9999727724275414564 0.007379321285536747342 4.813922354998277634e-06 0.02145426740315238556 -0.007379321291583500718 0.9999727724383157268 1.239549278485788622e-06 -0.007026139170502164293 -4.804644251268312327e-06 -1.275039008248896306e-06 0.99999999998764455 0.4949969198430942963
0.9999775270671752425 0.006704128997320269075 4.151717280617458638e-06 0.004586333293772604063 -0.006704128987117400143 0.9999775270728201715 -2.466560531318511387e-06 -0.0159474292223780352 -4.168160119359213151e-06 2.438671452301712962e-06 0.9999999999883394386 0.4949860823538160259
0.9999847988700689694 0.005513802220768740901 4.011284723442438121e-06 0.01649482925803322925 -0.005513802245732868021 0.9999847988585121028 6.239270781504465207e-06 -0.006634579829137837205 -3.976821642244823999e-06 -6.261293368255001135e-06 0.9999999999724903388 0.4950087152297069637
0.9999599952894928645 0.008944708113068957842 4.431922620309247677e-06 0.01635129682623315955 -0.008944708138189871871 0.9999599952829510974 5.681156142724032182e-06 -0.00317500943726229572 -4.380929039057392249e-06 -5.720571124046916082e-06 0.9999999999740409873 0.4950004524711050236
0.9999783921889764393 0.006573820731662137311 6.194353729592868546e-06 0.04022243443975460908 -0.006573820725564692713 0.9999783922076976861 -1.004198626871019806e-06 -0.008302848673683608724 -6.200821305035958755e-06 9.634563574084794612e-07 0.9999999999803105277 0.4949843150836940597
0.9999482183793629853 0.01017647011861207498 4.2538938708177409e-06 0.01246300027862691853 -0.01017647011809163886 0.9999482183884060849 -1.439659382393875452e-07 -0.009221429920559154683 -4.255138662406148898e-06 1.006688595880433636e-07 0.9999999999909415793 0.4949860018908321946
0.9999470946389169557 0.01028629716711294828 4.001408390282701982e-06 0.01373894013056425369 -0.01028629716188715452 0.9999470946460996545 -1.324378513791411957e-06 -0.0152011366817541467 -4.014819645310303833e-06 1.28314877129943974e-06 0.9999999999911171056 0.4949824773952596901
0.9999651047743732812 0.008353994352618420577 3.763713404806310975e-06 0.01632218171021625544 -0.008353994363656275235 0.9999651047770814483 2.926595319449887707e-06 -0.01382150364948010225 -3.739133308416733891e-06 -2.957935235816360298e-06 0.9999999999886345359 0.4949928379751823426
0.9999878271313410449 0.004934123403448263841 4.1965870671104357e-06 0.008762086642346410964 -0.004934123425762289468 0.9999878271258663132 5.323561472582020212e-06 -0.007225512197200020977 -4.170268873332608419e-06 -5.344203148123582525e-06 0.9999999999770239345 0.4950039530074380467
0.9999766976018759079 0.006826728688279035118 5.558381696862032734e-06 0.0323693779061377529 -0.006826728719770101816 0.999976697601054676 5.666390382118282773e-06 0.0002877605049384838434 -5.519569263454082979e-06 -5.704203905598663864e-06 0.9999999999684979768 0.4950039115095261066
0.9999587585465731232 0.009081914888521711027 5.494225506171623951e-06 0.02845553857057913152 -0.009081914888389493873 0.9999587585616669383 -4.900973637511740344e-08 -0.002938162747829061935 -5.494444018663691476e-06 -8.903732824709262448e-10 0.9999999999849052967 0.4949881638139361217
0.999958171036353094 0.00914637426454993803 4.204360564424939089e-06 0.008650124544321017434 -0.009146374248889498071 0.9999581710383819155 -3.729061159837983496e-06 -0.008980101688430832188 -4.238292089411751328e-06 3.690450521874542935e-06 0.9999999999842085208 0.494976775765855026
0.9999611870931371937 0.00881046524042312755 3.429826800841647499e-06 0.001909488498168578855 -0.008810465223720458788 0.9999611870873812425 -4.854847668215054251e-06 -0.01790737466558314783 -3.472467145902323378e-06 4.824440867712305623e-06 0.999999999982333132 0.4949767719166549007
0.9999714745983288022 0.007553143847890830473 3.144757991787335887e-06 -0.002011931580993155284 -0.007553143853981607661 0.9999714746013662614 1.929459403607449386e-06 -0.0135370441624597989 -3.130094801887878984e-06 -1.953157174500917994e-06 0.9999999999931936667 0.4949908769382820317
0.9999634105909855908 0.00855438293490407009 3.752281244079332887e-06 0.008921701267872427996 -0.008554382950201860902 0.9999634105895710556 4.080012185000294293e-06 -0.009459221860560309073 -3.717241963710939772e-06 -4.111961350464697901e-06 0.9999999999846367338 0.4949899217258297845
0.9999510815280384657 0.009891134467317942366 3.476827367432583713e-06 0.009545475761743294624 -0.00989113447894077874 0.999951081528383745 3.341803471207536537e-06 -0.006341122347738039136 -3.443603058854672152e-06 -3.376029762339427403e-06 0.9999999999883717461 0.494992571543136084
0.999980041221075755 0.006318001771442139508 3.917179800467237717e-06 0.01289718132990648122 -0.00631800178252951445 0.9999800412246888648 2.824569577977325349e-06 -0.002678459527430036499 -3.899255982758311196e-06 -2.849261951979696221e-06 0.9999999999883385504 0.4949996757316176277
0.9999707209430359622 0.007652270080863421073 4.637559274139096936e-06 0.0142711005943725721 -0.007652270098814343939 0.9999707209461812241 3.865471109989662075e-06 0.003735389318472222969 -4.607843861867102469e-06 -3.900845788807000966e-06 0.999999999981775356 0.4949990526422564652
0.9999644008326930011 0.008437833669403460232 5.702036994638410365e-06 0.0188072723626829981 -0.008437833655167512742 0.9999644008459048772 -2.516100668157326866e-06 -0.001638127125217848099 -5.723064445878084309e-06 2.467898257412505939e-06 0.9999999999805777584 0.4949835137240173877
0.9999568921331311033 0.009285141945850648032 4.089931163470623443e-06 0.01140034059670475865 -0.00928514193869935979 0.9999568921400057153 -1.764036777383618966e-06 -0.003133928729004235685 -4.106134187166256458e-06 1.725985142148957274e-06 0.9999999999900800463 0.4949916970513417724
0.9999670008446924774 0.008123866320317030265 4.462395882343823306e-06 0.01897636686547252149 -0.008123866319875253442 0.9999670008546459599 -1.171126456798837872e-07 -0.00480293422142656027 -4.463200034571405687e-06 8.08568734465646867e-08 0.9999999999900364145 0.4949962122000184928
0.9999656447437621498 0.008289108192003851946 4.450385325469023118e-06 0.01688193168023024646 -0.008289108183254029899 0.9999656447517758506 -1.980935283935551851e-06 -0.0127131353227132541 -4.466652618266561915e-06 1.943977502975873288e-06 0.9999999999881347135 0.4949875628110369519
0.9999506613253822396 0.009933523920756356235 4.436102268980415166e-06 0.02207144247781001045 -0.009933523928747557685 0.999950661333553148 1.783021175482711121e-06 -0.01394013165355642223 -4.418171714112410583e-06 -1.826999331620289265e-06 0.9999999999885706981 0.4949978659753287435
0.9999608680089971946 0.008846605729033436491 4.472204684542313462e-06 0.02707011021960319119 -0.008846605754793894494 0.9999608680021023766 5.773543401709141983e-06 -0.01089837932367703453 -4.420953416103411819e-06 -5.812881303159738884e-06 0.999999999973332554 0.4950037074419338934
0.9999765894175239866 0.006842557355621570366 5.288125263210221806e-06 0.03750959808963882924 -0.006842557377470244277 0.9999765894228502816 4.124663811612474904e-06 -0.008578079975837128723 -5.259778216442815047e-06 -4.160751551362061003e-06 0.9999999999775112114 0.4949971744648885563
0.9999532800829523671 0.009666314751592167478 3.563775183054463321e-06 0.004725337112657125409 -0.009666314750813254086 0.9999532800892825257 -2.357174847886735694e-07 -0.01027710549701268093 -3.565887203196507285e-06 2.012578994669477626e-07 0.9999999999936217687 0.4949881121992039112
0.9999734888143004818 0.007281597458150640585 3.040744190872979639e-06 0.008311707054891977892 -0.007281597469432520529 0.9999734888119377052 3.715803351109390116e-06 -0.003777348458022359006 -3.013606592892570732e-06 -3.737846315964509643e-06 0.9999999999884731094 0.495004832743997536
0.9999852849331162252 0.005424933528698981135 3.959296185455280602e-06 0.01918446818996155309 -0.005424933538576361298 0.9999852849378050301 2.488275599471835535e-06 -0.002519814873000312226 -3.945739194437511001e-06 -2.509717902995496028e-06 0.9999999999890659685 0.4950062644895658059
0.9999834678167818236 0.00575013686234305578 4.62819196512908229e-06 0.03054096927003409345 -0.005750136882388105601 0.9999834678180044012 4.329489859187380169e-06 0.005053991997407232192 -4.603220291782686659e-06 -4.356031020585318154e-06 0.9999999999799175088 0.4950101533826979372
0.9999691789093893002 0.007851191920533013083 4.352168048022187764e-06 0.02500991793118248138 -0.007851191925117262729 0.9999691789182862944 1.037248025151921112e-06 0.004194742282209164459 -4.343890276180546678e-06 -1.071385762671692514e-06 0.9999999999899911174 0.4950043975094504112
0.999978034791286774 0.006627964704027330435 4.59030704136022653e-06 0.02295734535329590695 -0.006627964703530248892 0.9999780348018180165 -1.234884928017035407e-07 0.003567744930093684659 -4.591024691727982104e-06 9.306138730315930189e-08 0.999999999989456656 0.4950016525498411868
0.9999747317603768781 0.00710885545688346495 4.13378351500929761e-06 0.01312775348202531792 -0.007108855433346993567 0.9999747317529524837 -5.680770584451914008e-06 -0.007499061658107561944 -4.174062838515542858e-06 5.651240571978028385e-06 0.9999999999753200752 0.4949924074521460104
0.9999843882587772237 0.005587775099332252179 3.223523633451101583e-06 -0.001005758816614581988 -0.005587775090411376856 0.9999843882601866518 -2.769822963640489162e-06 -0.01313932851445779801 -3.238950456424706649e-06 2.75176739681872379e-06 0.9999999999909682247 0.4950038805044705281
0.9999941971817630781 0.00340669810836271951 3.610007279975396972e-06 0.003817397740467072791 -0.003406698113866333134 0.9999941971871060264 1.519498824800741316e-06 -0.01442932593653997904 -3.60480985800650623e-06 -1.531788212416966903e-06 0.9999999999923292471 0.495014788102480896
0.9999875242206196502 0.004995135971105526228 4.688113994343104882e-06 0.02467237792653615217 -0.00499513599064580361 0.9999875242228349892 4.165638715497118893e-06 -0.01332311412407431034 -4.667247574687077513e-06 -4.189004512849031414e-06 0.9999999999803342865 0.4950181046143752317
0.9999788793078353555 0.006499301873505974013 3.954180008237672877e-06 0.02275121470733727086 -0.006499301895015615303 0.9999788793006540999 5.45141629839715729e-06 -0.01314678276785119677 -3.918666093028732197e-06 -5.477000570332711562e-06 0.9999999999773230286 0.4950154111733396922
0.9999970238450497373 0.002439731927635711405 3.375931950342805041e-06 -0.00414736037771096331 -0.002439731946738344943 0.9999970238346498341 5.665982300773855444e-06 -0.008711314819739550061 -3.362098425090553401e-06 -5.674201806961815031e-06 0.9999999999782496207 0.4950148432208991145
0.9999982607845320226 0.001865047776832879376 5.189753285472519558e-06 0.02847087064189222569 -0.001865047828853171313 0.9999982607475318419 1.003693751897951941e-05 0.005590646943307248616 -5.171024891175323854e-06 -1.004659920067989316e-05 0.9999999999361629532 0.4950242210417549749
0.9999859779067732379 0.005295655037866675748 5.457736191004717927e-06 0.01731078048046146706 -0.005295655045121186108 0.9999859779207630472 1.315627041687982284e-06 0.002821345035611755141 -5.450692555224154098e-06 -1.344510882037672727e-06 0.9999999999842409393 0.495000059793491376
0.9999892740268018221 0.004631609792616279975 4.930674044690610041e-06 0.01362603089245906056 -0.004631609792286817823 0.9999892740389559886 -7.823090022929650604e-08 0.003236725861045380154 -4.930983493476474706e-06 5.539310293881470229e-08 0.9999999999878409485 0.4949976850744801093
0.9999949158874966715 0.003188759252148812024 3.977813074372528527e-06 0.01593960422285768327 -0.003188759252670612509 0.9999949158953986839 1.248477607516430451e-07 0.003399760739115403798 -3.977394741302567483e-06 -1.375314142578807512e-07 0.9999999999920804461 0.4950022118767834489
0.9999976288298001448 0.002177686783531125689 4.157255723404868614e-06 0.03252494921612361645 -0.002177686804304089334 0.9999976288259019297 4.998832526760154406e-06 0.01147109181861498059 -4.146359974301237617e-06 -5.007873874608352443e-06 0.9999999999788642402 0.4950143264313119906
0.9999935164271926968 0.003600983021157190891 5.204977124549264187e-06 0.03614831114273942686 -0.00360098303772130035 0.9999935164356338335 3.176503463068095054e-06 0.01358695857097958273 -5.193504842707945802e-06 -3.195225902313773259e-06 0.9999999999814087603 0.4950068522597764753
0.9999999998554284231 -1.62843929578695912e-05 5.11799992352356186e-06 0.01922388367619450381 1.628442063156127482e-05 0.9999999998539066404 -5.407131034179698037e-06 0.005839631259546365812 -5.117911870929293208e-06 5.407214377061555194e-06 0.9999999999722842814 0.494988392709728553
0.9999994887770105034 0.001011153625495519624 4.036820569471954488e-06 0.01665432442535197746 -0.001011153603979339944 0.9999994887709838798 -5.328463942925778804e-06 -0.0007507524730714008844 -4.04220640136629162e-06 5.324379373225125089e-06 0.9999999999776555404 0.4949962536444045824
0.9999962873185616052 0.002724946263223213851 4.380383562846074004e-06 0.02353642675218186112 -0.002724946256401214722 0.999996287326953226 -1.56260725711282102e-06 -0.00544246887438163806 -4.384625320720216728e-06 1.550665145858754102e-06 0.9999999999891849845 0.4950026871644301885
0.9999995663633737264 0.0009312710912327780682 3.074366159185138013e-06 0.003251134235587454634 -0.0009312710819789567262 0.9999995663635780074 -3.010047010879410825e-06 -0.01572192850683384532 -3.077167995792493765e-06 3.007182637313303295e-06 0.9999999999907437376 0.4949973676402837919
0.9999983301060211272 0.001827505260429651036 3.453261488880899539e-06 0.01392370978622622067 -0.00182750528550803832 0.9999983300854887736 7.273092849361033902e-06 -0.006825809756068235319 -3.439964106787575171e-06 -7.279391557690274148e-06 0.9999999999675883711 0.4950217444075394879
0.9999951473514092637 0.003115326132838830506 4.353379623071609851e-06 0.01932386627636119292 -0.003115326156234246753 0.9999951473463525309 5.377678813442687687e-06 -0.005517302576300025033 -4.33660527428652624e-06 -5.391214914864983101e-06 0.9999999999760641467 0.4950162755679289317
0.9999994604892732397 0.001038752084503521793 4.183544620884693219e-06 0.02484252319507432999 -0.001038752117929954205 0.9999994604660235042 7.995752305743692232e-06 0.005857419187811605671 -4.175236759345413577e-06 -8.000093657784981043e-06 0.9999999999592826816 0.4950162879173034547
0.9999988016829406412 0.001548100258578662776 4.528208836133742671e-06 0.03648849522523642946 -0.001548100300125429887 0.9999988016509370192 9.18603483223172021e-06 0.02072885717483982301 -4.51398250685975471e-06 -9.193033945907764053e-06 0.9999999999475558399 0.4950109314042037689
0.9999976938724888242 0.002147607763352583563 5.729900767753104517e-06 0.05421854802026325471 -0.002147607826473273227 0.9999976938279085958 1.103270512026521977e-05 0.03760091593943335614 -5.706193630448744156e-06 -1.104498525717419435e-05 0.9999999999227235925 0.4950147622987334795
0.9999981597134215416 0.001918476768882774195 4.346256041951673169e-06 0.01385524864502800206 -0.00191847677805337684 0.9999981597206296646 2.106819998771881016e-06 0.04119250526534106588 -4.34220615840245522e-06 -2.115154312907326403e-06 0.9999999999883354418 0.4949844869222095323
0.9999999581605163446 0.0002892549425582495687 3.574410945907610867e-06 0.002708498981973781958 -0.0002892549089157793029 0.9999999581226498568 -9.40896095114457365e-06 0.03209391050413980956 -3.577132384680103263e-06 9.407926641565960874e-06 0.9999999999493472957 0.4949663283920204271
0.9999965506945796001 0.002626516921067089533 3.168443907936629286e-06 0.02056938233407346744 -0.002626516901362201204 0.9999965506803853987 -6.207311170970490882e-06 0.02577800637829427005 -3.184736586785724834e-06 6.198967788583245609e-06 0.9999999999757148705 0.4949778737179541532
0.9999995637614931265 0.0009340615611574696947 2.838280724736918195e-06 0.01605277916056211188 -0.0009340615550029326367 0.9999995637631746703 -2.168947891244205821e-06 0.0214116004574397209 -2.840305417427706109e-06 2.166295816158339659e-06 0.9999999999936196593 0.4949915890593175605
0.9999999714293436037 0.0002390251313219716848 3.24518027670490833e-06 0.02622842650042625165 -0.0002390251325441124003 0.9999999714345381152 3.762258274752193428e-07 0.01748323397987904676 -3.245090256577011422e-06 -3.770014963720128749e-07 0.99999999999466338 0.4950003100375087173
0.9999975440390298509 0.002216280484215989079 4.35389170892563245e-06 0.009863229100485641776 -0.002216280462672493793 0.9999975440363209067 -4.94670471289032284e-06 0.001725772519316463296 -4.364844301042043955e-06 4.937043118845575459e-06 0.9999999999782867022 0.4949892875784634994
0.9999859657822619541 0.005297944968458779928 4.456504461234756457e-06 0.009615386358442622877 -0.005297944955571049115 0.9999859657880592057 -2.898738653386877441e-06 -0.008565718983638908116 -4.471799275570180358e-06 2.875087656527635794e-06 0.9999999999858681932 0.4949925153195546268
0.9999925625822836395 0.003856781956042624072 3.910714841257394296e-06 0.003396978838841071841 -0.003856781953132447198 0.9999925625896595172 -7.514178187435214585e-07 -0.01781463845675004473 -3.913583810351187939e-06 7.363294557116454887e-07 0.9999999999920705651 0.4949981565826777063
0.9999937977455006788 0.003521995568087760847 4.470092187607298396e-06 0.02972315089593588824 -0.003521995622886887889 0.999993797679518015 1.231097638991528195e-05 -0.002775869125656768664 -4.426705258378682724e-06 -1.232664367922529426e-05 0.9999999999142288321 0.4950244308663753201
0.9999910555222624176 0.00422952075293863642 5.648415092679153665e-06 0.03830182599335339722 -0.004229520778120912823 0.9999910555281898983 4.453816088313940425e-06 -0.005301309680114120113 -5.629527063014338228e-06 -4.477666340252970417e-06 0.99999999997412925 0.4950002411597849705
0.9999847025852786064 0.005531236796682001758 4.142873719439932637e-06 0.004561711063433319772 -0.0055312367879496371 0.9999847025916693832 -2.116298627179362787e-06 -0.009730214554676033453 -4.154516093048417703e-06 2.093351037756773001e-06 0.9999999999891787672 0.4949871641101751263
0.9999939726405410179 0.003471983475654920499 3.945407912568325504e-06 0.02045449204744927488 -0.003471983482336737491 0.9999939726468762835 1.68798853537981084e-06 -0.007021001509876098612 -3.939523463899698303e-06 -1.701676752369637024e-06 0.9999999999907920323 0.494997137045810609
0.9999852018256705222 0.005440231316497128218 3.889522659424648025e-06 0.04017895567422807152 -0.005440231343821894799 0.9999852018082381333 7.049507918782829693e-06 0.003291312572442815602 -3.851114147776798703e-06 -7.070563502020029434e-06 0.999999999967587816 0.495009923156408238
0.9999409270352366264 0.01086933360676481906 5.393416343978444596e-06 0.1189449303118892964 -0.01086933358815682371 0.9999409270439720832 -3.467527998908013779e-06 -0.005646336694271270745 -5.430787457542806963e-06 3.408700320326260541e-06 0.9999999999794434435 0.4949833449401385699
0.9998975864571093553 0.01431141368829260199 6.141870044971766787e-06 0.295762745248328629 -0.01431141365095348582 0.9998975864580162964 -6.080924801533492006e-06 -0.01283835819535201692 -6.22826766474829406e-06 5.992403189676432073e-06 0.999999999962649655 0.4949752996407860151
0.9997668018922727384 0.02159494845675377986 6.122081893446938281e-06 0.5097770051966218352 -0.0215949484321811512 0.9997668019033371101 -4.051859285625966368e-06 -0.02120311796983751634 -6.208153928028855735e-06 3.918708356921252185e-06 0.9999999999730510014 0.4949829207099091799
0.9994600967519615686 0.03285597279768286832 7.369544732421329831e-06 0.7681611618041204181 -0.03285597265478779755 0.9994600966081700344 -1.873840243825333461e-05 -0.06035332814315004513 -7.981234331007343823e-06 1.848615195370719778e-05 0.9999999997972808252 0.4949581413649129513
0.9988474464569166988 0.04799769433767436116 6.855410288401327268e-06 1.143846409488380012 -0.0479976942331516096 0.998847446377672088 -1.467435371403151479e-05 -0.1023305319777835926 -7.551844204609923968e-06 1.432839684880044646e-05 0.9999999998688331448 0.4949685275934426198
0.9979500291952267954 0.06399796238936615589 6.441083696079763594e-06 1.570147939179596941 -0.06399796237584924607 0.9979500292142676754 -2.283429769370775453e-06 -0.137150977964783094 -6.574014515173299026e-06 1.866532572967394673e-06 0.9999999999766490122 0.4949983518889544132
0.996691158143646061 0.08128182607158240813 5.565905185943028891e-06 2.030345676688516843 -0.0812818261230776884 0.9966911581072742665 9.752461438710449196e-06 -0.1668049024876218644 -4.754790611261761684e-06 -1.017259902364092545e-05 0.9999999999369548753 0.4950238792322338988
0.9950405737747601842 0.09946987733723232361 6.836995821935155626e-06 2.558626947507395055 -0.09946987732103683422 0.9950405737962850772 -2.670213081469777376e-06 -0.2291929952775416945 -7.068694013379235247e-06 1.976895221034224369e-06 0.9999999999730625477 0.4949890128988082005
0.9919591959296943928 0.126558103392778204 8.852666978980196932e-06 3.189985480438194188 -0.1265581032424411556 0.9919591958614329963 -1.586969711645226137e-05 -0.3341002087378826535 -1.078992318617429213e-05 1.462171524978705524e-05 0.9999999998348912955 0.4949464933884929474
0.9897608622192300976 0.1427355441006145642 8.460516149684552294e-06 3.829939067889950532 -0.142735543676285298 0.9897608615642605745 -3.859067826636354678e-05 -0.4925957484453630797 -1.388214921315127854e-05 3.698792662213367511e-05 0.999999999219589375 0.4948566836994696128
