0.9999727208254474142 0.007386311999347235611 0 -0 -0.007386311999347235611 0.9999727208254474142 -0 0 -0 0 1 0.4949999999999998845
0.9999790516021852538 0.006472739647272953041 -6.966078886920010931e-07 -0.00730128058757292548 -0.006472739648518396026 0.9999790516007984742 -1.800747226131539317e-06 -0.0008943782668962813693 6.849375279066931505e-07 1.805218464862841283e-06 0.9999999999981358245 0.4950064641416840883
0.9999879464432878118 0.004909883574286089472 -3.69535762722893304e-06 -0.02467325984145866263 -0.004909883626139124359 0.9999879463496611498 -1.415617428037378629e-05 -0.008377705105341708494 3.625807917106911547e-06 1.417414742403077232e-05 0.9999999998929732792 0.4949605248082373232
0.9999848619056164178 0.005502359158256839126 -2.351903539761472571e-06 -0.01619832059073361696 -0.005502359168338412723 0.9999848618990736515 -4.301810480891874818e-06 -0.01095132569987628327 2.328197830111771893e-06 4.31468637768380926e-06 0.9999999999879812806 0.4949837402805436493
0.9999866164711680439 0.0051736718511860404 -5.949127823606518106e-07 9.251673372967480276e-05 -0.005173671848673856363 0.9999866164627487786 4.149466844056466861e-06 -0.005670709503471569463 6.16372800131591173e-07 -4.146333426032837276e-06 0.999999999991213806 0.4950016142229821114
0.9999994720386184976 0.001027581975662707377 1.034944497680580778e-08 -0.01454011034149182459 -0.001027581975706055297 0.9999994720209453014 5.945282471046021107e-06 0.005967764928579743014 -4.240174405089189434e-09 -5.945289967069593273e-06 0.9999999999823265817 0.4950064955526200516
0.9999908216831594476 0.004284454201762496507 -1.965984877118694292e-06 -0.0374373443802086675 -0.004284454201167372731 0.9999908216850474929 3.068109741654072889e-07 0.0042560182588604464 1.967281350257718348e-06 -2.983849859908213759e-07 0.9999999999980201393 0.4949942731415212238
0.9999907620235116701 0.004298356306571508335 -1.71194091292795894e-06 -0.01754861589155288018 -0.004298356308918968235 0.9999907620240285899 -1.36992965552530898e-06 0.004572979480287142975 1.706036652284558204e-06 1.377275532170936649e-06 0.9999999999975960341 0.4949956805219710709
0.9999888639038599925 0.004719329288492484648 -1.251685242539404615e-06 -0.01930747539558307774 -0.004719329285809297642 0.9999888639023705172 2.138002627982145298e-06 0.01202560580353236909 1.261761242071538016e-06 -2.132071704157550822e-06 0.9999999999969308995 0.495009590225254259
0.9999960908633001022 0.002796114879435567923 -1.389907336113080124e-06 -0.02485005852101173154 -0.002796114887079980803 0.9999960908489609057 -5.528784827379865927e-06 -0.001458894873738068301 1.374442785234416165e-06 5.532649555198341719e-06 0.9999999999837501097 0.4949876224417797954
0.9999974409312134549 0.002262329077967812751 -6.323088756861608211e-07 -0.00180133429234861594 -0.002262329078336787133 0.9999974409312422097 -5.834653945224574826e-07 0.00013899902058049361 6.309872668362646666e-07 5.848943921503240907e-07 0.9999999999996296296 0.4950047719816609293
0.9999893265456071267 0.004620259247117976947 -1.259078863082406592e-06 -0.01937066173626287441 -0.004620259245511356729 0.9999893265455930269 1.275946348061008528e-06 -0.002091860069471030131 1.264960627275063114e-06 -1.270115458547829658e-06 0.9999999999983930632 0.4950098924709124826
0.999996580779097255 0.002615039331787917878 -1.280798272930548238e-06 -0.004013200816962861697 -0.002615039331778209498 0.9999965807799173767 9.238071746584732e-09 -0.006899329515849760529 1.280818051520338932e-06 -5.888702299784263078e-09 0.9999999999991795452 0.4950058555040092734
0.9999952512840180052 0.003081786852411176787 -1.200983541557176928e-06 0.0003576690782364312974 -0.003081786848037245449 0.9999952512781754566 3.626929722579737708e-06 -0.000493132922540540238 1.212155262754040735e-06 -3.623211324037535301e-06 0.9999999999927012828 0.4950146660741558957
0.9999966989100164128 0.002569468875164797501 -1.001132701419533694e-06 -0.005929682863746407219 -0.00256946887386356581 0.9999966989096773506 1.29886441602396643e-06 -0.0006410384791624356652 1.004466788280086362e-06 -1.29628774904075447e-06 0.9999999999986550758 0.4950049932028917077
0.9999989246356124628 0.001466535947727130428 -1.47143127881288372e-06 -0.01287216402786451816 -0.001466535952896541118 0.9999989246304982204 -3.51829303531045376e-06 -0.009287352587140855487 1.466269993269683155e-06 3.520447158735998325e-06 0.9999999999927280392 0.4949956883274191921
0.9999988680810374397 -0.001504605783770318183 -5.586127764611535443e-07 0.00801292392757923036 0.001504605785058818522 0.9999988680785156792 2.313357164202317412e-06 -0.004289047265312916427 5.551314535861807323e-07 -2.314195037684543553e-06 0.9999999999971679321 0.4950157109134342703
0.9999997819963588608 0.0006603093835204108331 -9.924800360103863466e-07 0.0008385958894142397707 -0.000660309381871531883 0.9999997819954734579 1.660760685454532967e-06 -0.008166026054945822038 9.935764355096182915e-07 -1.660104979523568381e-06 0.999999999998128164 0.4950115499019980825
0.9999991068159324037 -0.001336551192921499581 -6.917931275899332918e-07 -0.0001261873882473261781 0.001336551196406315532 0.9999991068033570185 5.061626182148350471e-06 -0.0007367023351176158353 6.850273871707542565e-07 -5.062546278116836096e-06 0.9999999999869504386 0.4950224635697462183
0.9999972691055478702 -0.002337045922243567372 1.910944411744989138e-07 0.006052385234663045475 0.00233704592106505479 0.9999972690878616843 5.950977309707855297e-06 0.009743361239299671087 -2.050016265673435331e-07 -5.950514461732652874e-06 0.9999999999822744012 0.4950220688659963675
0.9999954616438350152 -0.003012755125458539598 -7.21047551312384558e-07 -0.01426522369446138645 0.00301275512614996091 0.9999954616436323995 9.597244085527795472e-07 0.01179225103543913612 7.181528643107496753e-07 -9.61892392688003346e-07 0.9999999999992792432 0.495006878342495682
0.9999997775657064603 -0.0006669838640013920315 -1.815306630713911474e-06 -0.01837265737280942626 0.0006669838586884194219 0.9999997775630775632 -2.925808474876664742e-06 0.008674574654764182977 1.817257693964571161e-06 2.924597043855281662e-06 0.9999999999940719642 0.4949986941257468742
0.9999999199889563206 -0.0004000266158831620642 -1.737825092555422031e-06 -0.003727090963230548452 0.0004000266095525423335 0.9999999199838379704 -3.641674187916178224e-06 0.002362688037630245215 1.739281720102917878e-06 3.640978720262233193e-06 0.9999999999918588456 0.4949982275264257492
0.9999971521727024637 -0.002386555081387308624 -1.887050935397597798e-06 -0.01687317981016000709 0.002386555087327720415 0.9999971521695012466 3.152014690392810032e-06 0.01000635994281596705 1.879523104720438707e-06 -3.15650926500924602e-06 0.9999999999932517314 0.4950146075996198491
0.9999891687894210124 -0.004654278239527786035 -3.802521806485655577e-07 -0.008502548208531492818 0.004654278241837470596 0.9999891687695271481 6.317457674234874254e-06 0.02031255211744085326 3.508448562672481293e-07 -6.31915904797128483e-06 0.9999999999799723538 0.4950185082631166633
0.9999969225063800593 -0.002480923202548827866 2.538640095256540446e-07 0.00500433768138713788 0.00248092320148597667 0.9999969224979902149 4.10477771497501318e-06 0.02630317076988518757 -2.640468665330843665e-07 -4.104135265436527467e-06 0.9999999999915429871 0.4950105742878885273
0.9999970547539552834 -0.002427032145878691913 -7.812857800786119845e-07 -0.004529085637871760155 0.002427032143898436543 0.999997054751075698 -2.525686000478131731e-06 0.0200360006743676225 7.874134001110660105e-07 2.523782356009607294e-06 0.9999999999965050179 0.4949947609123395154
0.9999985120493459778 -0.00172507967568633503 -1.19962192956531376e-06 -0.01385383841360232626 0.001725079669844509092 0.999998512038295706 -4.853842026129318846e-06 0.01192525531408245541 1.207993408802147964e-06 4.851765360449696135e-06 0.999999999987500332 0.4949894691413950776
0.9999998331558690445 -0.0005776580887109839706 -1.264537509729704203e-06 -0.01565679493339660125 0.0005776580869289915567 0.9999998331556767539 -1.4091342688505549e-06 0.009252157144023463731 1.265351296557288309e-06 1.408403563426045548e-06 0.9999999999982074339 0.4950022249786358852
0.9999999597617531544 0.0002836852249234063351 -1.190737604313620643e-06 -0.01203047995525502283 -0.0002836852224068672746 0.9999999597602302615 2.113047352332353879e-06 0.009490974833387488471 1.191336996712014924e-06 -2.112709472644936141e-06 0.9999999999970583531 0.4950085442658185286
0.9999977024583737162 0.002143613613496101952 -9.39392910995563633e-07 -0.01197501434350190831 -0.002143613613290505128 0.99999770245879116 2.197912907616598933e-07 0.003989382329577507297 9.398619003046456268e-07 -2.177770903497756521e-07 0.9999999999995343725 0.4950016199241606407
0.9999999782902899703 0.0002083759554882257949 -1.055222977940903992e-06 -0.003322026096554667966 -0.000208375955241915607 0.9999999782908195467 2.335034439713841755e-07 -0.0012021708803209481 1.055271611536128147e-06 -2.332835558060573182e-07 0.9999999999994158006 0.4950046428885715999
0.9999987136015567879 -0.001603993802026767654 -1.160721816714974267e-06 0.001961226659093249104 0.001603993804400757764 0.9999987136001310395 2.047219161389840573e-06 -0.002786256183205576119 1.157436596716318724e-06 -2.049078318452944002e-06 0.9999999999972305487 0.4950073550202820361
0.9999979702559244066 -0.002014816433394446635 -1.001769987179458921e-06 0.006349814556104074748 0.002014816436549630649 0.999997970251431334 3.158617717382816885e-06 -0.0001622632650558672842 9.954039189544596522e-07 -3.160629688833032319e-06 0.9999999999945096141 0.4950079687304718146
0.99999904459023925 -0.001382324408049574694 -2.682205853936842976e-07 0.01097854711772138815 0.001382324410106543222 0.9999990445596451671 7.826525383927956581e-06 0.01515410532848669029 2.574015320564080142e-07 -7.826888674251700681e-06 0.9999999999693365282 0.4950211768389938816
0.999999999551265617 -2.999460584473979811e-05 -1.58540674391928602e-07 0.002672432934321715674 2.999460642199003438e-05 0.9999999995446454681 3.64213952333532313e-06 0.01942174178609708951 1.584314297802651439e-07 -3.642144277066102694e-06 0.9999999999933546491 0.4950071478427666705
0.9999996686608723095 0.0008140518275768929626 7.114223154626694174e-09 0.008989907238676816265 -0.0008140518275805639628 0.9999996686607289798 5.354950456444292535e-07 0.02324971169215374334 -6.678300076844171475e-09 -5.355006595603288704e-07 0.9999999999998563371 0.4950020372395468327
0.9999995195174655738 -0.0009802889078302937445 -8.531701719834669205e-07 -0.007150051433697684686 0.0009802889035799744639 0.9999995195054928177 -4.968061362162395006e-06 0.0148017397197335171 8.580398974865953044e-07 4.967222621843226657e-06 0.9999999999872950518 0.4949901852428212901
0.9999998703929326993 -0.0005091293477367988662 -1.912523725057217805e-06 -0.02107997245886868501 0.0005091293441612097142 0.999999870393015633 -1.869599378097461443e-06 0.0117623787054007764 1.913475345092671129e-06 1.868625413834353666e-06 0.9999999999964231945 0.4950014194489222863
0.9999988728682890349 0.001501420046674093248 -1.492442981773386453e-06 -0.01635967212501946572 -0.001501420043895409714 0.9999988728676749705 1.861201608201185968e-06 0.01037276263473907965 1.495235744998114568e-06 -1.858958726574627259e-06 0.9999999999971540543 0.4950085591899480719
0.9999987677334686298 0.0015698832803834118 -5.126870285137401328e-07 -0.001908004074921912895 -0.001569883279589893337 0.9999987677324084778 1.544472291108643792e-06 0.005192743932660216083 5.151110379729301686e-07 -1.543665529113414045e-06 0.999999999998675615 0.4950068413405674939
0.999997558500363759 -0.002209750104982627101 -1.326854624135130228e-07 0.01363002748700167105 0.002209750105552516289 0.9999975584904237103 4.460405698342316316e-06 0.004966748641561148821 1.22828756500505822e-07 -4.460688009978000691e-06 0.9999999999900434089 0.4950150983394726589
0.999997301013273332 -0.002323352794371702848 -4.406688244772615714e-07 0.009239614964114710102 0.002323352797198428681 0.999997300992067073 6.526365669747908678e-06 0.009604395840508088422 4.255045851926475333e-07 -6.527371884319585996e-06 0.9999999999786060023 0.4950204977515649252
0.9999975149440855082 -0.002229373691190964478 -9.117176997221698403e-07 0.001469108559201745242 0.00222937369490064461 0.9999975149361356452 4.088297716587534313e-06 0.009745819329233689973 9.026010906743484255e-07 -4.090320116396049054e-06 0.9999999999912271287 0.4950120372985497008
0.9999999531323078283 -0.0003061658061050297392 -3.374785084845381724e-07 0.0006487964157497786658 0.000306165807404341309 0.9999999531249273987 3.856687255518712702e-06 0.01521344815794664976 3.362977069027738599e-07 -3.856790399144710152e-06 0.9999999999925057725 0.4950129832400073093
0.9999999732785714857 -0.000231181554329783906 4.217471153597054498e-07 -0.002570577029054889242 0.0002311815540790069406 0.999999973278483667 5.946167028349232491e-07 0.01440573189790569572 -4.218845685035818032e-07 -5.945191867923536e-07 0.9999999999997341016 0.4950045773307190644
0.9999961713134408736 0.002767193647235236583 1.031872332517855142e-07 -0.003398731455537453566 -0.002767193646957165614 0.9999961713100570249 -2.603848844549142579e-06 0.006917298777985855969 -1.103921921608892977e-07 2.603553336171767345e-06 0.9999999999966044939 0.4950003421395293146
0.9999940025323691417 0.003463365617747547927 -3.500590396255192804e-07 0.005927212921538077897 -0.003463365617833476587 0.9999940025324000059 -2.452231792320441059e-07 0.005082445592114731049 3.492076426301383136e-07 2.464340909560233539e-07 0.9999999999999084066 0.4950061822287913915
0.9999895618518035434 0.004569046853538531738 -7.217701517650684829e-07 0.01664370410346575554 -0.004569046854758970419 0.9999895618506160488 -1.698426407338805435e-06 -0.003545385651916687589 7.14002427987933679e-07 1.701706480554067914e-06 0.9999999999982970289 0.4950002001454193445
0.9999820540862419671 0.00599095208195896383 -9.189115604727508016e-07 0.0410800669136997601 -0.005990952081757574578 0.9999820540866408702 2.217340804344673303e-07 -0.00788824789109769664 9.202234680163099348e-07 -2.162249460876693476e-07 0.9999999999995530242 0.4950072288762810135
0.9999723297149261114 0.007439072954700570901 -5.57035268927079206e-07 0.08462867220393956169 -0.007439072949998837107 0.9999723296830029806 8.014038956032283091e-06 0.0005298835229016087131 6.16636876029489126e-07 -8.009673379289344592e-06 0.999999999967732256 0.4950260386234612842
0.9999845029182976575 0.005567218806931351245 4.83354745492215032e-07 0.1451822553024056106 -0.005567218810578189285 0.9999845028871618968 7.903395196617247673e-06 0.005539622202486586648 -4.393473245115107104e-07 -7.905963658687472563e-06 0.9999999999686511876 0.495023244379495353
0.9999722185010422315 0.007454007533912127524 1.439405288285598337e-07 0.1791851990283717111 -0.007454007534522825648 0.999972218489276643 4.852034408791798531e-06 0.01119624289045294957 -1.077694289051375226e-07 -4.852972545789343008e-06 0.9999999999882183133 0.4950129227586840264
0.9999534928452780136 0.009644280611553767563 4.966023375877507031e-07 0.2464324617356266067 -0.009644280608341410099 0.9999534928267720391 -6.108926843578549906e-06 -0.0009867116801992414747 -5.554954467318921741e-07 6.103853362478183272e-06 0.9999999999812170248 0.4949840802623900471
0.9998706451589208788 0.01608393458324409303 1.947411095419703867e-07 0.3524835976981103292 -0.01608393458377443963 0.9998706451540454454 3.125756215378855696e-06 0.004290057767642142458 -1.444414603444180924e-07 -3.128484086947008953e-06 0.9999999999950955898 0.4950142300773902604
0.9998118695207265372 0.01939653491251932052 1.043958711439629921e-06 0.5054435581208037709 -0.01939653490854967646 0.9998118695145502555 -3.687002193622050655e-06 -0.008402416069537333582 -1.115277377751549391e-06 3.666059374542769553e-06 0.9999999999926578731 0.4949906113262457774
0.9996876186354470839 0.02499330206636994275 1.020213772084552284e-06 0.6838109326875029259 -0.02499330204665787397 0.9996876185060725728 -1.614602462853187068e-05 -0.04045895389191377783 -1.423437546894211873e-06 1.611548240036844135e-05 0.99999999986913235 0.4949673052336091006
0.9995446631267885795 0.03017393605081679711 4.340349551070663449e-07 0.8799923719573486958 -0.03017393603862898038 0.9995446629744545453 -1.747722850710147402e-05 -0.07528045422268260511 -9.611940982403777685e-07 1.74561739375467289e-05 0.9999999998471787999 0.4949753107057063284
0.9991733503617499235 0.04065237912689009109 6.572760601014207817e-07 1.16592833739508106 -0.04065237912492064565 0.9991733503581954334 -2.774023089620739879e-06 -0.09714530663309202396 -7.695033614277724083e-07 2.745010108852233103e-06 0.9999999999959361396 0.495003208346095902
0.9986599350064423453 0.05175262519968213543 3.199014253230930747e-07 1.475420786638099502 -0.05175262520041132297 0.998659935001930843 3.006282440245572382e-06 -0.1229401405587233487 -1.638897282457704873e-07 -3.018809564952476027e-06 0.9999999999954297669 0.4950159967671404759
0.9975405039244999994 0.07009238925317252955 1.033785617279021524e-06 1.858661675733852547 -0.07009238926037943129 0.9975405038609282959 1.126450786430463968e-05 -0.1441436353565411499 -2.416867555744286514e-07 -1.130926335531804862e-05 0.9999999999360208447 0.4950302366601079807
0.9963059762595359858 0.08587433645581117603 3.168553216970271741e-06 2.316449487274411023 -0.08587433647717632179 0.9963059762354726789 7.370130937276689087e-06 -0.1785180134049477452 -2.523943402256536408e-06 -7.615002903724005631e-06 0.9999999999678205187 0.4950207608938156367
0.9947633545956451329 0.1022050309364195136 2.671482704311081431e-06 2.778231532261020487 -0.1022050309488280184 0.9947633545853120651 5.015806336862814458e-06 -0.218128031308777226 -2.144852454826978701e-06 -5.262579310133123017e-06 0.9999999999838522502 0.4950165962707475109
0.9928584854045867658 0.1192980634960387754 2.904793266922988134e-06 3.315181290884532839 -0.1192980634619666552 0.9928584853631372553 -9.943543525545166481e-06 -0.2953148161899895596 -4.070294130176303456e-06 9.525995352826090073e-06 0.9999999999463438094 0.4949831882413777695
0.9906805007479452252 0.1362062606138617349 3.101892786816955005e-06 3.92202872544068093 -0.1362062605641781721 0.9906805006773526934 -1.276813883804860048e-05 -0.3926334938826949172 -4.812085145220511326e-06 1.2226648960533943e-05 0.9999999999136762741 0.4949903799536681248
0.9885879052112205301 0.1506451249430026118 1.797380562154517384e-06 4.577854216306310065 -0.1506451249455831587 0.9885879052114723287 1.398254368097452285e-06 -0.4837193940895109789 -1.5662284808240124e-06 -1.653063976070430238e-06 0.9999999999974069631 0.4950249906223784246
0.9861822298140228149 0.1656641469718531656 3.059853542010074561e-06 5.288665396370606508 -0.1656641469764718322 0.9861822298171084578 1.32151710498992462e-06 -0.5982413170281838388 -2.798645185066405359e-06 -1.8101647122463707e-06 0.9999999999944452211 0.4950227112318356659
0.9840451903084076468 0.1779186989072331637 3.504230834006763651e-06 6.055514676730603618 -0.1779186988563337402 0.9840451902554342434 -1.160378963788681826e-05 -0.7580972398219875119 -5.51285265251520521e-06 1.079518519203433624e-05 0.9999999999265359873 0.4949846081081401006
0.9831557923817596523 0.1827694939009720798 2.758505723780048357e-06 6.876163293312631986 -0.1827694935029554879 0.9831557910385601007 -5.286065532107857615e-05 -1.00256284160341802 -1.237335609725463787e-05 5.146608877405382072e-05 0.9999999985990706275 0.4948496808955868409
0.9829382471935477206 0.1839358643766579315 1.523289703113002148e-06 7.715060610548848175 -0.1839358637167748389 0.9829382443046219553 -7.696975972219936336e-05 -1.276381713605882595 -1.565479899171160494e-05 7.537633310101422423e-05 0.9999999970366676427 0.4948056713178939914
0.9848190211156242491 0.1735842609487501798 -1.404365988449922858e-06 8.578193744148995492 -0.1735842606397172416 0.9848190188107073251 -6.818438930639844826e-05 -1.575840196874546129 -1.045269049119666434e-05 6.739305936386661582e-05 0.9999999976744581298 0.4947835318501264124
0.9865944418378326253 0.1631913212537803581 -2.091300942289796674e-06 9.580862437441563628 -0.1631913210693629046 0.9865944399299056977 -6.188104937570705415e-05 -1.892668945680491932 -8.035184326308809425e-06 6.139278153269095081e-05 0.9999999980831808521 0.4947991645085672019
0.9868003846718264027 0.1619413499138475654 -1.359654093221987748e-06 10.59860309963120351 -0.1619413498629571346 0.9868003840701835561 -3.472368194915399965e-05 -2.156561301253804963 -4.28149274743105216e-06 3.44855269238503973e-05 0.9999999993962084277 0.4948505566479816098
0.9884289909641880145 0.1516843097290861975 -2.400051263949576056e-06 11.57052035244177013 -0.1516843097335932866 0.9884289909647311356 -1.821866057055490278e-06 -2.36484426044581264 2.095931753805992515e-06 2.16483534774469359e-06 0.999999999995460076 0.4948793096063732744
0.9894708019504516727 0.1447326227538226207 7.49974349377695629e-07 12.5777446084246769 -0.1447326227313919522 0.989470801675436884 2.347963575322548868e-05 -2.530980682152875527 2.656191543153982546e-06 -2.334095977281522939e-05 0.9999999997240719418 0.4948616842804178795
0.9899828723501071792 0.1411875080243334413 5.791600692605139107e-06 13.63826368519739951 -0.141187508140560275 0.9899828717462921812 3.458693596728004319e-05 -2.67818349625017138 -8.503421862556015803e-07 -3.505817588461119887e-05 0.9999999993851004243 0.4948330829852202184
0.9921938946239150514 0.124704753206424393 9.923506481046341224e-07 14.71921571575096976 -0.1247047531544427101 0.9921938939091721199 3.784542933982049204e-05 -2.796009174369226802 3.734900672147273534e-06 -3.76737547730052213e-05 0.9999999992833691342 0.4947908490787938929
0.9941038051843134049 0.1084325805274747451 -6.736226390148963022e-07 15.80747609564430256 -0.1084325803198000759 0.9941038036284189916 5.602617597844783962e-05 -2.864295211692272414 6.744713666084474814e-06 -5.562279208919076372e-05 0.9999999984303067357 0.4947741202763819013
0.9944099760256935872 0.105587876049253751 -3.770889792694469607e-06 17.01013278432716547 -0.1055878757079393715 0.9944099746849920374 5.246628317446816995e-05 -2.920810230879285818 9.289613827884048538e-06 -5.17748351509407902e-05 0.9999999986165345467 0.4947698823887753949
0.9950178089652917945 0.09969734109525124621 4.762340589624443574e-06 18.28466859615989293 -0.09969734114987668927 0.9950178088850818447 1.309230827283523159e-05 -3.037759046547997777 -3.433345375051576869e-06 -1.350187258637036911e-05 0.9999999999029555164 0.494675717328413922
0.9954659103507550455 0.0951189850160456124 4.614375460113263286e-06 19.55377253532529025 -0.09511898503781571201 0.9954659103480234528 4.752804967786107099e-06 -3.149514258936259914 -4.141371483574189935e-06 -5.170170034326170786e-06 0.9999999999780589954 0.4946541392289789396
0.9958527766447120566 0.09097937790721610796 6.845848434830483509e-06 20.86511433371693514 -0.09097937792502470977 0.9958527766638759493 2.33590449836096093e-06 -3.280026291064150001 -6.604938034334439707e-06 -2.949048012639520194e-06 0.9999999999738387046 0.4946234041424362182
0.9961138055156590898 0.08807545869766399138 6.208082863400620429e-06 22.24855686368741559 -0.08807545866757895969 0.9961138055252958257 -4.963990812090414365e-06 -3.43170582319171702 -6.621162813824222262e-06 4.397920032735804492e-06 0.9999999999684090479 0.4946175369583835635
0.9965968747965281427 0.08242978282643471932 7.156305215405510627e-06 23.70758754076326014 -0.08242978282072718765 0.9965968748220985773 -1.089368741803765557e-06 -3.580660047797404211 -7.221747841751008251e-06 4.957687988779542877e-07 0.9999999999738000689 0.4946298500130650866
0.996612258659931971 0.08224357625063628829 7.51578980190575505e-06 25.15297715376757992 -0.08224357628368211826 0.9966122586767008906 4.198460446708318172e-06 -3.716323467055350438 -7.145031848332470282e-06 -4.80236258059352971e-06 0.9999999999629426428 0.4946435179535337845
0.9970907385264889955 0.07622374355827030157 8.055836170503636196e-06 26.69469872086888529 -0.07622374358506792125 0.997090738552247613 3.073085301949042606e-06 -3.860725205800489057 -7.798157570914934677e-06 -3.678190883899044857e-06 0.9999999999628296221 0.4946362902632261416
0.9974029617720042706 0.07202313370795114522 7.845569012888151881e-06 28.29275589276699776 -0.07202313371250990137 0.997402961802486665 2.997238267489655854e-07 -4.009528404367038945 -7.803606721231057299e-06 -8.640078985790216284e-07 0.9999999999691784325 0.494625182077099268
0.9974868769053822914 0.07085146684234594483 7.075815848760914235e-06 29.85426525883617188 -0.0708514668041213963 0.9974868769179513484 -5.514416954001416633e-06 -4.167683743836085419 -7.448737982598376545e-06 4.999226613680394681e-06 0.9999999999597617428 0.4946169804970588779
0.9978741758724065658 0.06517000148867477249 5.929945912546810872e-06 31.34471717255315326 -0.06517000145398652022 0.9978741758750483415 -5.866267030672480737e-06 -4.306727276832138074 -6.299644521588152398e-06 5.467341794937034363e-06 0.9999999999652110505 0.4946268006958318142
0.9981669311087739693 0.0605208858697153726 4.082820653841792739e-06 32.87762685828457876 -0.06052088581442329612 0.9981669310418797014 -1.252619367524961347e-05 -4.456304393918656181 -4.833432899841403756e-06 1.225613637670611386e-05 0.9999999999132123119 0.4946155855084044539
0.9984208539430721174 0.05617649327200803511 4.180837430503141272e-06 34.38180279775005488 -0.05617649326664184151 0.9984208539511597591 -1.390160607881438983e-06 -4.578812461053995087 -4.252329625629579397e-06 1.153100555475429876e-06 0.9999999999902937642 0.4946296767040143094
0.9987231090157154823 0.05051882303749509473 6.254749916578644451e-06 35.87869224644968114 -0.05051882312462609853 0.9987231089233151726 1.46588957533080715e-05 -4.670940042076409782 -5.506213121736793683e-06 -1.495616054620552479e-05 0.9999999998729972583 0.4946718625764569555
0.9991382228064084048 0.04150676644803443643 8.277240872797496086e-06 37.40933513344233319 -0.04150676659623321607 0.9991382226610788786 1.861770623310629217e-05 -4.757962273869224212 -7.497346949768919715e-06 -1.894522342344560651e-05 0.9999999997924339246 0.4946576437238007773
0.9993433653040332265 0.03623310902824204011 5.932078975793089646e-06 38.86998024977467736 -0.03623310912267797834 0.9993433651791485683 1.667187939104468764e-05 -4.824915912250966166 -5.324109742496070309e-06 -1.687586972144383365e-05 0.9999999998434292436 0.4946551725572304603
0.9996384101021459356 0.02688957066343140509 6.342153478762220425e-06 40.35307754167587291 -0.02688957071048009642 0.9996384100932108607 7.45361379113576989e-06 -4.892096924560914495 -6.139435745342340648e-06 -7.621456424110269403e-06 0.9999999999521101968 0.4946266929799296719
0.9995298384069705167 0.0306610843893891892 6.358813436877235639e-06 41.96953570461558058 -0.03066108441549924776 0.9995298384181908746 4.050090926377256506e-06 -4.953771488573963211 -6.231643587414955945e-06 -4.243154844745928954e-06 0.9999999999715809551 0.4946183055702277342
0.9997458509419472339 0.0225440343149366125 6.587975185518429425e-06 43.65254109330042809 -0.02254403433562878617 0.9997458509584310482 3.083697864760464584e-06 -5.022152378282917162 -6.516781867459104975e-06 -3.231433684637393876e-06 0.9999999999735444955 0.494614350276435355
0.9998608774396964272 0.0166800997992995019 6.199871818190476295e-06 45.25850585531446768 -0.01668009979062000381 0.9998608774580131087 -1.449029074326920653e-06 -5.083808563105396416 -6.223179225834989308e-06 1.345413001075715966e-06 0.9999999999797307693 0.4945910002239131131
0.9999141642397699759 0.0131020651393675535 6.633162036607392298e-06 46.91855998365308977 -0.0131020650856700973 0.9999141642298688959 -8.075047821207415836e-06 -5.152403958137519169 -6.738392476592407178e-06 7.987446572611478932e-06 0.9999999999453971222 0.494580482857702175
0.9999764119804385176 0.006868437424205705959 7.232608490279151665e-06 48.66617584268220043 -0.006868437416035160122 0.9999764120059848604 -1.153912181183920404e-06 -5.204159525471871106 -7.240363461162799387e-06 1.104208243911054971e-06 0.9999999999731786771 0.4945855146261137203
0.9999797561729727446 0.006362955490832505716 6.625418406993737551e-06 50.39663429116107807 -0.006362955467993065307 0.9999797561890715336 -3.462633044988578196e-06 -5.258781655752097883 -6.647316863222477172e-06 3.420405705763747742e-06 0.9999999999720567967 0.4945648432511561277
0.9999815713360474811 0.006070993041967303987 5.83150068364508084e-06 52.07056670346636906 -0.006070993072361587431 0.9999815713393013228 5.208606146138376008e-06 -5.304596278288903122 -5.799771805226194262e-06 -5.243913158737787268e-06 0.9999999999694317854 0.4945638244767912028
0.9999986402526680473 0.001649079398327922422 5.673210665735344235e-06 53.74314496060808466 -0.001649079491276657936 0.9999986401338266662 1.641832388678265297e-05 -5.332510803756338902 -5.646127831251418736e-06 -1.642765713736907016e-05 0.9999999998491264641 0.4945705141765879831
0.9999906433580296738 -0.004325869484416420586 7.199321461616427877e-06 55.44912469241322839 0.004325869341800800752 0.9999906431903446968 1.97086525942351597e-05 -5.34631701580616614 -7.284511157772145084e-06 -1.967732486343657828e-05 0.9999999997798691975 0.4945727105484515329
0.9999968165239101481 -0.002523276974942931152 4.193496340376079685e-06 57.12029966736488262 0.002523276830631961294 0.9999968159527086176 3.406923971072240402e-05 -5.334767563967282911 -4.279449116201635271e-06 -3.405854989995734115e-05 0.999999999410850493 0.4946001155900534574
0.9999819890824503954 -0.006001786604469767049 8.396016743298874749e-06 58.80030464243716892 0.006001786656078643076 0.99998198909856717 -6.135194337631609848e-06 -5.395378051826221544 -8.359043396277500074e-06 6.185474938406345254e-06 0.9999999999459329159 0.4944892188566554214
0.9999774902194802362 -0.006709618854430372467 8.45044682354106658e-06 60.45291959134056725 0.006709618893443027553 0.9999774902443588909 -4.596778191412770968e-06 -5.421200974390254501 -8.41941397642526655e-06 4.653373996609867429e-06 0.9999999999537295681 0.4945042943037387118
0.9999862797498965117 -0.005238343840648021152 8.246295866460258403e-06 62.20187985405195974 0.005238343781728297885 0.9999862797586414054 7.150452498157133754e-06 -5.43289167570130882 -8.283639254092248737e-06 -7.107157459486119259e-06 0.9999999999404346473 0.4945133686691017827
0.9999949734377676647 -0.003170642280196428551 1.135613341272226337e-05 64.04397145083713383 0.003170642369431547411 0.9999949734711661709 -7.84851234940849955e-06 -5.487772562555157663 -1.133119150569846424e-05 7.884479136124159128e-06 0.9999999999047193278 0.4944675509981640293
0.9999434094858987709 -0.01063850085471901991 1.129215960598952334e-05 65.78215417576713264 0.01063850102546028652 0.999943409432778485 -1.516952552915792585e-05 -5.535636314723531015 -1.113013956596457128e-05 1.528879872945759091e-05 0.9999999998211860364 0.4944382492181436661
0.9999638225416893622 -0.00850608885378708289 7.902951541718474364e-06 67.54507556107517985 0.008506088822343580574 0.9999638225651706902 4.003835968844706706e-06 -5.545094490988755176 -7.936722617711090887e-06 -3.936467912463340561e-06 0.9999999999607560586 0.4944644246959730705
0.9999542918731401109 -0.009561071581658291824 8.770966240601632999e-06 69.41125200308647436 0.009561071527599326186 0.9999542918929972268 6.184765563612027227e-06 -5.566445811813580669 -8.829698322607636854e-06 -6.100623033970533416e-06 0.999999999942409179 0.4944445603768140018
0.9999504592274072179 -0.00995384357028636195 9.555535737371956487e-06 71.24235115112698224 0.009953843600881782244 0.9999504592677671555 -3.15964984708410177e-06 -5.59462450827749791 -9.523611688819909907e-06 3.254607623841949431e-06 0.9999999999493539571 0.4944166905485609109
0.9999986838773815556 -0.001622395804661042225 8.808524491418994625e-06 73.07636577779402387 0.001622395703107058253 0.9999986838499402841 1.152399042616097767e-05 -5.603706902784399979 -8.827209371799257917e-06 -1.150968434689098534e-05 0.9999999998948035929 0.4944226641168637526
0.999948237558801023 0.01017458149796360116 9.829614846490503804e-06 74.87763405426103702 -0.01017458149217760795 0.9999482376069692702 -6.384548349778734535e-07 -5.661300915467339934 -9.835602052854752528e-06 5.384095697043140234e-07 0.9999999999514852522 0.4943822431088303881
0.9998836336975357453 0.01525512946877341514 9.536015719631401867e-06 76.74145964361767369 -0.01525512945268611177 0.9998836337417097431 -1.757472973527626575e-06 -5.718655862268531287 -9.561716526912156537e-06 1.611795308630138614e-06 0.999999999952987606 0.494369618951019496
0.9998256135354165464 0.01867464616640863995 1.055082239664913321e-05 78.60336333797020814 -0.01867464606087710158 0.9998256135429112179 -1.001372886585283209e-05 -5.798663615400763582 -1.073598531948812984e-05 9.814949733170061057e-06 0.9999999998942025181 0.4943444154822859704
0.9995572230466056585 0.0297549610238596815 1.233122842094752574e-05 80.47457222439439306 -0.02975496080746457134 0.999557222978090687 -1.737544765933972786e-05 -5.902847473390464117 -1.284277420422660515e-05 1.700083899318806781e-05 0.9999999997730171231 0.494316610138321566
0.9987225039943494753 0.05053078123171879377 1.286862742688307683e-05 82.28242438304910422 -0.05053078088525865541 0.9987225037574404274 -2.595819408189148941e-05 -6.044578115133120377 -1.416387563002086151e-05 2.527477079983613448e-05 0.9999999995802850705 0.4942882481725145438
0.9973771337684802507 0.07237992022148465043 1.366510411445184563e-05 84.08691880216483128 -0.07237991981634796235 0.9973771334950456424 -2.812147566193992762e-05 -6.235148165456894986 -1.566469253550501444e-05 2.705863765295963349e-05 0.9999999995112235363 0.4942541749338374979
0.9949703639037461578 0.1001697302343899226 1.001243885520894786e-05 85.8475173594588199 -0.100169730172690527 0.99497036393919569 -6.485934783041900698e-06 -6.431951727441386879 -1.061177426922134615e-05 5.450369592842324466e-06 0.9999999999288415875 0.4942867229985132838
0.991456743686421893 0.1304359047847719055 1.199697072254363926e-05 87.61450433648845149 -0.1304359045866925471 0.9914567436554322377 -1.60327904147670868e-05 -6.716790302372085186 -1.398572905027743115e-05 1.433098244833682049e-05 0.9999999997995109302 0.4942396066945064503
0.9869297001070842512 0.1611513789247018269 1.092888203214177185e-05 89.2704621815929471 -0.1611513788792013069 0.9869297001627155286 -4.929219587185627449e-06 -7.018108960826004328 -1.158038880059298251e-05 3.103588799855307133e-06 0.9999999999281309337 0.4942416711152343156
0.9823510410267408677 0.1870466040116975648 1.111765357272421573e-05 90.90183635188230937 -0.1870466040913010553 0.9823510410522988678 6.603738309151257987e-06 -7.354393834612321434 -9.686231736715754313e-06 -8.566708548904489474e-06 0.999999999916393989 0.4942362233250607306
0.9764140092397904924 0.2159066521282074491 1.137100940638783911e-05 92.5051139369975175 -0.2159066522278865752 0.9764140092477597843 8.408005636691727252e-06 -7.724193197602486016 -9.287468535591930673e-06 -1.066477106681793886e-05 0.9999999999000025452 0.4942116191436231043
0.9678129467972276245 0.2516706178633710822 1.087052742476095057e-05 94.10932339910161204 -0.2516706179697577594 0.9678129467803636699 9.862127388487226714e-06 -8.147227505160513417 -8.038629486706799039e-06 -1.228048692418826238e-05 0.9999999998922848299 0.4942037768525230357
0.9589722337515015349 0.2835000083948812644 1.1661488945519017e-05 95.73998689071079582 -0.2835000084369747597 0.9589722338076710484 2.096001310252625263e-06 -8.647490856032616691 -1.058882771455553556e-05 -5.31603927288136463e-06 0.9999999999298080366 0.4941681694151317528
0.9463643390771135921 0.3231014354704328517 1.105966508090033136e-05 97.31119273233440481 -0.3231014355400650406 0.9463643391037939168 5.178908116802255277e-06 -9.18270366385478809 -8.793159988287263662e-06 -8.474527621329895678e-06 0.9999999999254310934 0.4941619342224034539
0.9326648944477496928 0.3607439459765602319 1.040486264651168702e-05 98.86775805840244402 -0.3607439458114600206 0.9326648944506387151 -1.489932381510154941e-05 -9.82821496360590352 -1.50790909874244878e-05 1.014258506662563709e-05 0.9999999998348743091 0.4940896899368765194
0.918394372525979108 0.395666243617419866 1.328631603373031455e-05 100.4519306349400836 -0.3956662436165070962 0.9183943726181826861 -2.808913042364078472e-06 -10.50995317051064681 -1.331346995032482966e-05 -2.677256825545847675e-06 0.9999999999077916479 0.4941094539276089104
0.9010762276863474307 0.4336607330437565189 2.273160915960704739e-05 101.9554875833459135 -0.4336607335069889158 0.9010762274689987361 2.250889205937645603e-05 -11.19745366541802234 -1.072168999536647262e-05 -3.014003384821150182e-05 0.9999999994883116416 0.4941183202130492447
0.8810393533399520916 0.4730429765490102301 1.435980618674814982e-05 103.3679804247933305 -0.4730429766690297244 0.8810393533693156032 6.396445050081277063e-06 -11.96538894898760041 -9.625760951458659591e-06 -1.242832527356784471e-05 0.999999999876440504 0.4940735673688749774
0.8569714614042452938 0.5153638655267692714 2.121816863157592291e-05 104.8214975873114696 -0.5153638658388959293 0.8569714613762026145 1.328746132345811759e-05 -12.79965330756490083 -1.133548754923350473e-05 -2.232205256070685575e-05 0.9999999996866161256 0.4940720693686292408
0.8302336668274512554 0.5574155163028310378 2.556023032502094318e-05 106.2250607215752467 -0.5574155167483144657 0.8302336667749891097 1.56140440867530436e-05 -13.71003010028866065 -1.251745330016279593e-05 -2.721097407097795902e-05 0.9999999995514379236 0.4940689581570284483
0.8013148256794045965 0.5982428853504709876 1.661809566337426851e-05 107.5598086053052214 -0.5982428854657714234 0.8013148257613974534 2.608025489664723382e-06 -14.69953859397374885 -1.175609373697838671e-05 -1.203150699122137839e-05 0.9999999998585182848 0.4940247996243953277
0.7629835443548157459 0.6464179073223169647 1.179117550727247192e-05 108.8297028925504435 -0.6464179073614689797 0.762983544412496828 -6.287482139895455969e-07 -15.75236040303173546 -9.402906986048340952e-06 -7.142302455926374851e-06 0.9999999999302862097 0.4940097346702992942
0.7175837810225058622 0.6964721941332363553 -3.861670520895338829e-06 109.9957745444252737 -0.6964721941200902044 0.7175837809410127166 -1.225482853009806684e-05 -16.89820951549320327 -5.764075181951457787e-06 1.148341233306709918e-05 0.9999999999174531418 0.4939778976816326383
0.6696982585154913625 0.7426333162322115156 -1.28646228956466946e-05 111.1468722423835516 -0.7426333163003839832 0.6696982581890348341 -2.239417329781895195e-05 -18.17674696554537661 -8.015243634964764206e-06 2.45510364223914286e-05 0.9999999996665009938 0.4939725973401384307
0.6160271171068100182 0.7877249456159174379 -3.233736245525004375e-05 112.1929067026719622 -0.7877249462244325651 0.616027116058396329 -3.713115049300071173e-05 -19.540499684530797 -9.328441368512680718e-06 4.834674269416417195e-05 0.9999999987877861152 0.4939889466558460285
0.5603536613884405604 0.8282534457576342657 -6.133031139595262701e-05 113.0987004876087809 -0.8282534479039382891 0.5603536584847726987 -5.882347584815751066e-05 -20.95890319188616857 -1.435408219594503744e-05 8.37589919418295451e-05 0.9999999963891955668 0.4939830726604170774
0.4968311466172574131 0.8678472271553753226 -4.551856908543187527e-05 113.9358641323638039 -0.8678472282416511696 0.4968311450470034862 -4.179472759693739822e-05 -22.43784962646329362 -1.365639565510011615e-05 6.026808644886051414e-05 0.9999999980906301156 0.4939793912909989371
0.4402241217301429144 0.8978879222851876563 -4.078658594385964066e-05 114.6583776704119231 -0.8978879230427665448 0.4402241203124189761 -3.938700800070690257e-05 -23.97829721838639472 -1.740987986110229327e-05 5.396089394582674468e-05 0.9999999983925585978 0.4939642539660214493
