0.9999806747146977592 0.006216928271891146787 0 -0 -0.006216928271891146787 0.9999806747146977592 -0 0 -0 0 1 0.4949999999999999956
0.999989643043024734 0.004551239822146527399 -4.999816146352179242e-06 -0.006671094990115276901 -0.004551239867473555988 0.9999896430139842973 -9.092071287770166695e-06 -0.000502327441770141739 4.958384166415823917e-06 9.11473248415420388e-06 0.9999999999461680611 0.4949971498467068409
0.9999897946767390966 0.004517802511081928096 -2.253220070101416146e-06 -0.0157196109711982869 -0.004517802536687547284 0.9999897946131350857 -1.149140516804685437e-05 -0.001611538353649092249 2.20128117599436332e-06 1.150146749789090593e-05 0.9999999999314352905 0.4949947390789280477
0.9999904928208369626 0.004360535365818147061 -1.223012570343799499e-06 -0.01095876651427279275 -0.004360535379560603018 0.9999904927557619061 -1.146843736262646638e-05 -0.004458214140937096469 1.172992416153788413e-06 1.147366131972041414e-05 0.9999999999334896472 0.4949924827519679993
0.9999909372648059236 0.004257392387245528646 -7.407173952489196417e-07 -0.01583224242722409275 -0.004257392391549247486 0.999990937247604017 -5.908963272600645731e-06 -0.00732486465965433587 7.15553907057461719e-07 5.912063245834034466e-06 0.9999999999822677399 0.4949946819701722678
0.9999907103820839804 0.004310353994625613916 -4.570307060442698365e-07 -0.0239542094770858055 -0.004310353995509962066 0.999990710380279646 -1.951888280168885397e-06 -0.009668691798817529576 4.486131309573510114e-07 1.953840112002409875e-06 0.9999999999979906073 0.4949962604822095158
0.9999916577570731047 0.004084656463640530359 -2.606205466126781304e-07 -0.02129006518375023763 -0.004084656463303803185 0.9999916577562892872 1.279897167318879542e-06 -0.01035807977686864674 2.658463126898771845e-07 -1.278821944705590644e-06 0.9999999999991470157 0.4949985871789623348
0.9999919128687123626 0.004021715977580169084 -4.524839578083773215e-08 -0.02132520373396771737 -0.004021715977526359696 0.9999919128680715419 1.13322425586856538e-06 -0.01233593151561740257 4.980553594706875273e-08 -1.133033115138962054e-06 0.9999999999993568478 0.4949980007445836661
0.9999922643658033516 0.003933346003088734888 -7.81477932827410499e-08 -0.02365077394849254833 -0.003933346002958020005 0.9999922643645134945 1.6083035216712665e-06 -0.01237005980727279471 8.447320298857635777e-08 -1.607983698113199016e-06 0.9999999999987035926 0.4949992969426197931
0.9999923839983779761 0.003902812764303795461 -9.02031486914007692e-09 -0.02118482689113349721 -0.003902812764278710926 0.9999923839964629524 1.957119216278501157e-06 -0.01154108084006194059 1.665851602890876305e-08 -1.957069106255366696e-06 0.9999999999980847543 0.4950000772772552571
0.9999918266962676272 0.004043085813149573798 -4.803200155141250609e-08 -0.02301535909049904835 -0.004043085813057268295 0.9999918266946703493 1.788199772751659054e-06 -0.01023760191641502441 5.526145410351417606e-08 -1.787990959747736118e-06 0.9999999999984000576 0.4950002568209340148
0.9999917085946665729 0.00407219156518200294 -9.442001116529494062e-08 -0.02533468983884216638 -0.004072191564950781648 0.9999917085919521886 2.332241771093364521e-06 -0.00780258363871462815 1.039165635587171526e-07 -2.331837937158472805e-06 0.9999999999972758458 0.4950016052662081778
0.9999917901258706943 0.004052120813782643036 1.415707134739538839e-09 -0.024862164779468756 -0.004052120813778545619 0.9999917901242122431 1.821240203992255969e-06 -0.006189075263335547424 5.964189825515600085e-09 -1.82123098845576873e-06 0.9999999999983415488 0.4950014386919590614
0.9999915730334885122 0.004105345811217252922 1.115638277067555298e-07 -0.01647676937606868189 -0.004105345811403453803 0.9999915730320095841 1.723019225849324198e-06 -0.004401613523905788944 -1.044892978004064128e-07 -1.723462714116792874e-06 0.9999999999985094146 0.4950015925430497066
0.9999916228743198632 0.004093187439010192649 7.676696155228180612e-08 0.001922159844956190192 -0.004093187438834174595 0.9999916228719727407 -2.168302014840738176e-06 -0.007303880730304793643 -8.564158503665160225e-08 2.167969629139507684e-06 0.9999999999976463272 0.4949970102115900383
0.9999912070336950398 0.004193549509584161734 1.933329380928845625e-07 0.04077444145248354523 -0.00419354950899758494 0.9999912070293917044 -2.940881104470259287e-06 -0.007252264566911382007 -2.056639686355480879e-07 2.940044494154179959e-06 0.9999999999956569185 0.4949958755490203588
0.9999913726734079855 0.004153863379935019036 -8.376254406845707765e-08 0.06278527496994054657 -0.00415386338004352252 0.999991372672514478 -1.339136197385362226e-06 -0.005526066137099128542 7.819923261045024484e-08 1.339472582384464137e-06 0.9999999999990998312 0.494998137451083009
0.9999915866860026314 0.004102018918750225882 -4.838755792395589891e-07 0.05750890873679256193 -0.004102018918809281073 0.9999915866861120994 -1.21024306539632181e-07 -0.004289641081034047815 4.833750642473691623e-07 1.230081551045492686e-07 0.999999999999875655 0.4950001294804587393
0.9999916649811114722 0.004082887507206533172 -3.753928507327745458e-07 0.05673257415660817177 -0.004082887508272494727 0.9999916649770189681 -2.883959621748170861e-06 -0.008096732007708624251 3.63614839113785154e-07 2.885468270671205041e-06 0.9999999999957709385 0.4949964410561343287
0.999991577882072713 0.004104164602305544404 -2.693366072512226951e-07 0.0639567894468541509 -0.004104164602889032523 0.9999915778796807375 -2.202656585596284148e-06 -0.009861397912126491569 2.602942736761777717e-07 2.203743436332520765e-06 0.9999999999975378584 0.4949979923608482379
0.9999916936399751988 0.004075862267133169292 -2.572135401059361758e-07 0.06461063569833615239 -0.004075862267131078083 0.9999916936400082834 8.829173013050446462e-09 -0.009283274087270736857 2.57247390090810997e-07 -7.780732712056003061e-09 0.9999999999999669154 0.4950009152876449492
0.9999917310985805274 0.004066661608698883892 -2.397102058486035809e-07 0.05891613637120051566 -0.004066661607953988428 0.9999917310940209525 3.030291339003159061e-06 -0.0063028290727221159 2.520313931589855281e-07 -3.029291461531642131e-06 0.9999999999953799179 0.4950047570499160887
0.9999924306007491603 0.003890853817617271303 -9.345467648314762092e-08 0.05715144102283349625 -0.003890853817340732095 0.9999924305968431737 2.796910281943916347e-06 -0.00511663031960539038 1.04336338134970899e-07 -2.796525492528584102e-06 0.9999999999960842434 0.4950038192778287161
0.9999896190960532172 0.004556501105435512879 1.984132211515737126e-07 0.06821235793823196558 -0.004556501105774631369 0.9999896190945516405 1.743395986488815254e-06 -0.004060639062092280538 -1.904673757031379227e-07 -1.744281958524104768e-06 0.9999999999984605648 0.4950020624806246161
0.9999890657100266589 0.004676372801175778318 2.12681833779909055e-07 0.07557741146019410217 -0.004676372801386260124 0.9999890657095483748 9.999530651105757622e-07 -0.002457646991943921496 -2.080033549388589951e-07 -1.000936710876633141e-06 0.999999999999477418 0.495001000507030553
0.9999872109560706823 0.00505746245883259473 9.660075332033568117e-08 0.08028674103441187093 -0.005057462458889995863 0.9999872109558932687 6.03036694162123698e-07 -0.0007950485517472550027 -9.354968244699135496e-08 -6.035175365827731756e-07 0.9999999999998134825 0.4950007184055032483
0.9999851692169330342 0.005446223315003608303 1.329855848355388394e-07 0.1018285949274138763 -0.00544622331519087257 0.9999851692158887584 1.45057110603074236e-06 0.001587700110284366323 -1.250834783774215984e-07 -1.451273862118051437e-06 0.9999999999989390709 0.4950016866356072298
0.9999814275795697593 0.006094628628394465307 2.007774474713030338e-07 0.1278691831686602776 -0.006094628627638014849 0.9999814275732056279 -3.574572189566538264e-06 -0.002728817555732949377 -2.225594085450632388e-07 3.573282137129994201e-06 0.9999999999935910155 0.4949965491264879947
0.9999755911937461272 0.006986917698280272621 1.683662408660237542e-07 0.1766431932174697961 -0.006986917698094954714 0.9999755911931810237 -1.077469179011251733e-06 -0.001277705916925547499 -1.758903197231131267e-07 1.076266518206755935e-06 0.9999999999994053645 0.4949998508210196602
0.999958967244334751 0.00905890886546271111 2.090811124864075059e-07 0.2389047094909604874 -0.009058908864297901542 0.9999589672317396039 -5.025361678787090432e-06 -0.007204418094990975782 -2.545968267735260955e-07 5.02326142760594258e-06 0.999999999987351007 0.4949954045332416452
0.9999227084129418408 0.01243290803476614602 3.984863845973457155e-07 0.3294902671454300047 -0.01243290803208499037 0.9999227083941862881 -6.142762002069166055e-06 -0.009210632339358173354 -4.748279799960628871e-07 6.137332873673361347e-06 0.999999999981053822 0.4949936085676083786
0.9998432529056218154 0.01770507331328445913 5.558126434412826232e-07 0.4328889891070229479 -0.01770507330926594444 0.999843252884378253 -6.552224945671608919e-06 -0.01206100106534387616 -6.717331444408970769e-07 6.541357199851313027e-06 0.9999999999783797389 0.4949950972511781844
0.9997066193949029067 0.02422137774819358227 4.766302902745323715e-07 0.5520460522699736083 -0.02422137774000143046 0.9997066193114471089 -1.294164872377060657e-05 -0.02499064007672866655 -7.899550185746525039e-07 1.292630725273400726e-05 0.9999999999161433006 0.4949896627769587165
0.9994286184142707752 0.03379995113075336122 5.775368979013897933e-07 0.7151213922149853852 -0.03379995112489141834 0.9994286183810142665 -8.197857595977190061e-06 -0.03158508007140671536 -8.542940900545341736e-07 8.173652772182530917e-06 0.9999999999662307903 0.4949953608657304827
0.9989855779485720122 0.04503126750299062814 2.541585515993083999e-07 0.8562912350882067036 -0.04503126749701248654 0.9989855778814553666 -1.160603583788188561e-05 -0.04872992497725884414 -7.765352320078895885e-07 1.158281733747455358e-05 0.9999999999326176781 0.4949923333463192021
0.9983589164876116584 0.05726669077015071607 -3.886257716591938804e-07 1.005000217347588043 -0.05726669077091334215 0.9983589164250222803 -1.118199279865822694e-05 -0.06658743785265150428 -2.523677195062906642e-07 1.118589752653191683e-05 0.9999999999374059589 0.4949936655017066478
0.9975179001078561258 0.0704133436689661496 -4.612870255803404064e-08 1.218415763862998658 -0.07041334366379899123 0.9975179000262782703 -1.278595399271005166e-05 -0.09280297532281063522 -8.542875661176431556e-07 1.275746605386977391e-05 0.9999999999182586086 0.4949946699049930232
0.9962788625452668745 0.08618832895311615006 -1.074355604757184544e-07 1.428809337516755429 -0.0861883289493986654 0.9962788624890653866 -1.061306890061188339e-05 -0.1185315885748668419 -8.076868956263871257e-07 1.058283590384330011e-05 0.9999999999436756104 0.4949987077817366576
0.9948322637021699277 0.1015320988622017279 -2.918695472697174491e-07 1.644018039333109416 -0.1015320988587634643 0.9948322636352002757 -1.157716078916740235e-05 -0.1534342342296792783 -8.850921913928434519e-07 1.15469672028586576e-05 0.9999999999329420852 0.4949988304248180704
0.9930203777831028145 0.1179429069918956213 -1.941779959926854127e-07 1.878391278542129506 -0.1179429069892820314 0.9930203777471149351 -8.492796613190281422e-06 -0.1893953530644106042 -8.088424141197529925e-07 8.456422018585999499e-06 0.9999999999639173076 0.4950057075647921745
0.9906725799209985528 0.1362638594598030439 1.560511946158729852e-07 2.140633679848578996 -0.1362638594499237521 0.9906725798617268541 -1.096151007850804054e-05 -0.236970228372972852 -1.648253308365653947e-06 1.083800333125545979e-05 0.9999999999399105111 0.4950036893301622554
0.9879503122743396037 0.1547713813310211128 -3.941733000553763092e-07 2.41667603899624206 -0.1547713813099459157 0.9879503120908752489 -1.921422515788780009e-05 -0.2985366544973381275 -2.584388534083951869e-06 1.904370649096979166e-05 0.9999999998153290548 0.49499740139968601
0.9848226174629849394 0.1735638560696388943 -1.351164739269724906e-06 2.720711761530179018 -0.1735638560144862341 0.9848226168849602002 -3.40510563795610774e-05 -0.3833749998520308844 -4.579375054111000359e-06 3.376876383335747134e-05 0.9999999994193499164 0.4949833161721803321
0.9815037139116916665 0.1914430974941118691 -1.284070502931188057e-06 3.053591528951836942 -0.1914430974132666219 0.9815037132530012309 -3.640903076315885571e-05 -0.4765813328645013836 -5.709937659351952017e-06 3.598142534834360991e-05 0.9999999993363668516 0.4949851242243281657
0.978471745409861704 0.2063808213785635892 -1.980154071962279883e-06 3.420870391831944968 -0.2063808213255173274 0.9784717448320726652 -3.400760267309124339e-05 -0.5818074511111060998 -5.080992162959151607e-06 3.36841441684673166e-05 0.999999999419781016 0.4949905694822791524
0.9754615921249301103 0.2201696670442133963 -2.229299996782489006e-06 3.768672493015719382 -0.2201696669421754904 0.97546159124797438 -4.196157955395894858e-05 -0.6987597837184841287 -7.064070476813868958e-06 4.142273343758749602e-05 0.9999999991171280023 0.4949782126031943563
0.9723174857139441629 0.2336636620619642057 -2.989786647731544769e-06 4.152825511205698206 -0.2336636619648201629 0.972317484746872962 -4.398792526992589461e-05 -0.829067393169418354 -7.371357871826788455e-06 4.346883339682969423e-05 0.9999999990280618034 0.4949741373219631591
0.9692465651106130231 0.2460916414470794011 -5.778670606148175428e-06 4.593160845530289471 -0.2460916412337715575 0.9692465626135918777 -7.056088117297984062e-05 -1.015171835523681843 -1.176348644832562834e-05 6.981297424170520129e-05 0.9999999974938844627 0.4949097372379431814
0.9660398018141287402 0.2583933072393419517 -9.330971434922719188e-06 4.992031966811930843 -0.2583933071396539716 0.966039798536464378 -8.044434579983169881e-05 -1.190140313070400468 -1.177219079478151239e-05 8.012350044143197892e-05 0.9999999967208200724 0.4949086479316564535
0.9632024704142948535 0.2687768606816730022 -1.233438312427732303e-05 5.442996545714167134 -0.268776860770935655 0.9632024669632188729 -8.217252260095170204e-05 -1.379468010781278009 -1.0205564405204188e-05 8.246397354510042453e-05 0.9999999965477697206 0.4949259680576749143
0.9611176723709945469 0.2761391310934494525 -1.171961361381929741e-05 5.940363737856706905 -0.2761391310171417146 0.961117668315086382 -8.930790795407014099e-05 -1.602471351669562116 -1.339748039214292418e-05 8.907165253631564627e-05 0.9999999959433740759 0.4949272748975890313
0.9599097938968018662 0.2803090927200924121 -1.103044977618206594e-05 6.413886840765783859 -0.2803090925792395272 0.9599097899395448996 -8.830546406462604395e-05 -1.826595485565876364 -1.41645877865884298e-05 8.785721517773909385e-05 0.999999996040237038 0.4949207179970495085
0.958840810888977102 0.2839441833348614885 -1.12383299222319595e-05 6.848276738818999121 -0.283944183219955959 0.9588408070696912144 -8.669330026691853908e-05 -2.041817167626713836 -1.384028901214576317e-05 8.631613273709829543e-05 0.9999999961789858283 0.4949268723716385154
0.9586897487642489502 0.284453802001424616 -1.197949671070180191e-05 7.328259506591801475 -0.2844538017914440831 0.958689743955372764 -9.738279380620862866e-05 -2.295655433165815662 -1.62162853133998915e-05 9.676749951094203942e-05 0.9999999951865415904 0.4948994478527937169
0.9588939265120466349 0.2837647575402715838 -8.868675866865670016e-06 7.869014851539635202 -0.2837647572611651792 0.9588939229364907835 -8.42271465808211488e-05 -2.536721981650047031 -1.53965764345846077e-05 8.328151695837838521e-05 0.9999999964135671826 0.4949219543042845393
0.9593821612823673073 0.2821096746811485034 -8.167193167377196278e-06 8.399997705391378133 -0.2821096744890334018 0.9593821584670190195 -7.467990401281958e-05 -2.773232652879463522 -1.323246401674052603e-05 7.39506119221164344e-05 0.9999999971781043939 0.4949345258796889468
0.9600165310574542143 0.2799433158137777933 -5.461895159601758544e-06 8.967444065129265951 -0.2799433156722515026 0.960016529478790126 -5.603711655473975596e-05 -2.993084170080861028 -1.044370658147911032e-05 5.532557928617664087e-05 0.9999999984150046428 0.4949575754883857592
0.9607257008975864654 0.2774997795215785601 -1.596712214229143316e-06 9.516248852825023974 -0.2774997794654728289 0.960725700551188222 -2.644381938692167328e-05 -3.181895826770813951 -5.804151588985274216e-06 2.58483442022279217e-05 0.9999999996490874787 0.4949745937274089291
0.9614530003609732534 0.2749693221053316483 -2.226828750447230016e-07 10.05275403265234502 -0.2749693221028506884 0.9614530003481654985 -5.103153831423067155e-06 -3.349529212664960731 -1.189111631287720706e-06 4.967673521720265864e-06 0.9999999999869541023 0.4949712939407945878
0.9619465038505279342 0.2732378519383584781 3.014083510864187986e-07 10.5756165649820062 -0.2732378519083301649 0.9619465037272418861 1.592764287414539921e-05 -3.490794468045005594 4.062096215851016509e-06 -1.540389654776202672e-05 0.9999999998731097239 0.4949854933010837676
0.9624575210400109215 0.2714323492010678462 1.714465086486172388e-06 11.14070714284334329 -0.2714323489988108018 0.9624575200373581829 4.519688928793858857e-05 -3.608908458729301216 1.061779802067564708e-05 -4.39654473084905847e-05 0.9999999989771508613 0.4949911878073603999
0.9627910892813750232 0.2702467731248856531 4.266473097110923059e-06 11.68328285894094876 -0.2702467730504134469 0.9627910883294520383 4.349092364642143045e-05 -3.733570168503749009 7.645559499170433883e-06 -4.302567433819182868e-05 0.9999999990451683418 0.4949636660516654185
0.9631650144898867838 0.2689110537320120731 6.757803608159309402e-06 12.19284450205554649 -0.2689110537082751162 0.9631650130822325684 5.263117882239046674e-05 -3.838082603026640172 7.644225755627042344e-06 -5.250975820211124481e-05 0.9999999985921456114 0.4949561678691188349
0.9638244577612538055 0.2665378294976035178 8.376415960999249264e-06 12.73615338314763967 -0.2665378295604284298 0.9638244563224882544 5.3010460905980749e-05 -3.954330551913535441 6.05589863100656675e-06 -5.332541046812111013e-05 0.9999999985598633234 0.4949390015019805023
0.9655474614370739284 0.2602270156111771149 7.794568523677297011e-06 13.3030778890731991 -0.2602270156882206531 0.9655474603335144623 4.638680544898860576e-05 -4.070114384456233303 4.545074103294440175e-06 -4.681701955094025568e-05 0.9999999988937544604 0.4949109804147953651
0.967938772991843499 0.2511862490095440603 7.056395708402117878e-06 13.87406420500301074 -0.2511862490816098581 0.9679387720934007344 4.186721903144500367e-05 -4.180683445499776774 3.686310707573797644e-06 -4.229737418790673243e-05 0.9999999990986716547 0.4949029035974203405
0.9704372180795211023 0.2413536942519299289 6.265670054527175518e-06 14.44888251549462233 -0.2413536943305154836 0.970437217617668102 2.996203581600340076e-05 -4.297025810096373633 1.151008617275376864e-06 -3.058851730039753792e-05 0.9999999995315088652 0.4948993701504497134
0.972532253688022541 0.2327681582915214487 4.92967646526158756e-06 15.06419470752745227 -0.2327681583437017365 0.9725322534788862772 2.016912289235483414e-05 -4.422203385673112663 -9.953977167387881248e-08 -2.076259425346176538e-05 0.9999999997844524202 0.4948911715502949948
0.9745419262484611433 0.2242053388280520476 5.212522954099557401e-06 15.73798813271271513 -0.2242053388535794889 0.9745419262438501651 4.970971698975252521e-06 -4.565383392365918169 -3.965303766205062727e-06 -6.013095810051879834e-06 0.999999999974059528 0.4948691353017105055
0.9760824833091886754 0.217400519220763061 4.662924781949304413e-06 16.38727762916893127 -0.2174005192038966361 0.9760824833164200021 -3.867776705651901266e-06 -4.706395154197490882 -5.392255864721449312e-06 2.761546823133645142e-06 0.9999999999816486795 0.4948533254982440677
0.9775525413553669551 0.2106917864467114099 3.973639025028540731e-06 17.12456074120274963 -0.2106917863614339859 0.9775525412557738436 -1.56983893255081296e-05 -4.87475097440024463 -7.191962618277052249e-06 1.450878727579766999e-05 0.9999999998688854363 0.4948403952284671226
0.9790921892661028636 0.2034170221515868016 4.395816022215163528e-06 17.87190059581772772 -0.2034170220577838362 0.9790921891628447948 -1.611471582393177475e-05 -5.037754614529839081 -7.581916638071016718e-06 1.488360859070156788e-05 0.9999999998604963691 0.4948455336482489031
0.9804642613720011557 0.1966973110010987735 4.407467850549503091e-06 18.62090673645510464 -0.1966973109720321633 0.9804642613676726182 -6.272850120943177979e-06 -5.183876939841643328 -5.555217461693224792e-06 5.283368286129051019e-06 0.9999999999706128406 0.4948663950347199081
0.9818868820464417002 0.189468073427524919 4.360279345450761637e-06 19.39626688197487425 -0.1894680733823011221 0.9818868820223405347 -9.13664121578471336e-06 -5.344457006886845107 -6.012402900004307331e-06 8.145014428752666042e-06 0.9999999999487548807 0.4948632464430307576
0.9832197063954378757 0.1824253516886074622 4.38062634431909922e-06 20.23623792807638466 -0.1824253516136433717 0.9832197063224540345 -1.378618390562468149e-05 -5.51276670189615281 -6.822067595197231363e-06 1.27557103908514082e-05 0.9999999998953755798 0.4948597506600354579
0.9846115054127477784 0.1747574988259049389 3.897335546651316588e-06 21.08339741075517537 -0.1747574986855832402 0.9846115051552238873 -2.390304908424196879e-05 -5.687945596714288676 -8.014598490958286194e-06 2.285412853111908914e-05 0.9999999997067274826 0.4948423474293274227
0.9856803293139441147 0.1686246968396804824 4.63826381002808754e-06 21.98326364759530094 -0.168624696705172078 0.9856803291158982017 -2.138448701567584843e-05 -5.858245147656003127 -8.177798038885260976e-06 2.029614237561657268e-05 0.9999999997605950597 0.4948525716069174796
0.9868790974724548359 0.1614609765891629189 3.613832029473718908e-06 22.88507757561845324 -0.161460976488179031 0.9868790972976382303 -1.976651730961955587e-05 -6.02790404408697178 -6.757936479610088188e-06 1.892366991434791762e-05 0.9999999997981124933 0.4948586510502993585
0.9879152224293167306 0.1549952040801202968 2.613122021745814378e-06 23.78762312242034938 -0.1549952040144345344 0.9879152222970349895 -1.698695301638441911e-05 -6.190535345976210913 -5.214439272476214362e-06 1.637664808670266146e-05 0.9999999998523074751 0.4948660433089988042
0.9889083654683796798 0.1485269157411024943 3.053846642202291255e-06 24.77673533349457813 -0.148526915684682459 0.9889083653816987951 -1.405434565082776004e-05 -6.357361927157414883 -5.107423103343482935e-06 1.344488156254737942e-05 0.9999999998965747317 0.4948666690222174869
0.9897072130199663365 0.1431070665143718557 3.483519973454047044e-06 25.77844973496396008 -0.143107066452449222 0.9897072129347334046 -1.409145760479288091e-05 -6.523396299280166843 -5.46425200486323954e-06 1.344790090909904636e-05 0.9999999998946479396 0.494855253794720118
0.9903715723974416685 0.1384346364997394163 2.537078431828430017e-06 26.78550610014988109 -0.1384346364218668746 0.990371572208184614 -2.00715457487795807e-05 -6.692698723065069188 -5.291247495065582659e-06 1.952706879338209103e-05 0.999999999795348149 0.4948384403454462732
0.9908823867178460088 0.1347297134636619154 2.139512070054302399e-06 27.82451093708638723 -0.1347297133829723492 0.9908823864792188907 -2.234329551718110894e-05 -6.862681281646425546 -5.130310628740220234e-06 2.185132214122874301e-05 0.9999999997480998326 0.4948353514274840825
0.9916886578904249294 0.1286608169151433334 2.109191699521339592e-06 28.8881353716903746 -0.1286608168284120446 0.9916886576146118903 -2.395428101776589269e-05 -7.03231404131561888 -5.173638849510885068e-06 2.348381846633021432e-05 0.9999999997108718341 0.4948265570662605528
0.9929703342948769107 0.1183634876497635241 1.98428384392554882e-06 29.99871474256517345 -0.1183634875776415907 0.9929703340599806971 -2.207941825232993588e-05 -7.194650162670475524 -4.583731940996193835e-06 2.16893405669414678e-05 0.9999999997542809993 0.4948270376788492242
0.9939946501240487509 0.1094286777646449327 3.112014474658361661e-06 31.13581404731279889 -0.1094286776935188138 0.9939946499799982016 -1.765281045510928008e-05 -7.346560858853709242 -5.025049445403217183e-06 1.720625552310754654e-05 0.9999999998393468426 0.4948236407771706702
0.9950039173704697815 0.09983588738794314799 3.01898525035448952e-06 32.30920051277504967 -0.0998358872860475588 0.9950039170890869755 -2.42778472727464472e-05 -7.500665263037295638 -5.427702576080481429e-06 2.38551500705320623e-05 0.999999999700735942 0.4947997595028088558
0.995564285242306668 0.0940837602588020655 2.787877044198534118e-06 33.47884705930371751 -0.09408376016471149683 0.9955642849622309276 -2.41483706998582642e-05 -7.645565404564843348 -5.047480335636282556e-06 2.377896146037557023e-05 0.9999999997045420086 0.4947943292178989538
0.9963218434221867703 0.08569004795332431368 1.95074770968864792e-06 34.69655911101027357 -0.08569004787457093486 0.9963218430952437421 -2.586084297240357418e-05 -7.789554881695693211 -4.159589427949460226e-06 2.559856307808240541e-05 0.9999999996637056743 0.49478325938172113
0.9970275075381943575 0.07704640941959695066 3.155389309588245292e-06 35.96459224838404367 -0.0770464093479974188 0.9970275073746546202 -1.863053444331373791e-05 -7.916498130374840514 -4.581425722560833018e-06 1.833204390372275257e-05 0.9999999998214733621 0.4947819142114060487
0.9977168513295534558 0.06753580208380270677 3.48882360450330658e-06 37.21791900030891043 -0.067535802024942998 0.9977168512286807012 -1.487975554841321606e-05 -8.031223767508588907 -4.485774326950332574e-06 1.461016235406260666e-05 0.999999999883210533 0.4947738243556097926
0.9982853544299854498 0.05853504179271189906 3.893163300580198631e-06 38.47386176087457699 -0.05853504176208135928 0.9982853544107127552 -7.56452788318233632e-06 -8.127544575167853225 -4.329277861082683381e-06 7.323670922572130147e-06 0.9999999999638106152 0.4947710697393633006
0.998618996609049514 0.05253665000593244622 4.463430560193227921e-06 39.77235474926537506 -0.05253664998918818746 0.9986189966127154705 -3.789412734479999927e-06 -8.215534218744560135 -4.656349598030094577e-06 3.549685853552050238e-06 0.9999999999828590447 0.4947684375103318932
0.9990425639446927075 0.04374877610085640273 4.327189297233189311e-06 41.06087314005105782 -0.04374877608161416992 0.9990425639450144502 -4.445825518428563401e-06 -8.295935447566344934 -4.517545715372476251e-06 4.252259689154202902e-06 0.999999999980755061 0.4947569260851341633
0.9991926598327588449 0.04017497387740310427 3.538276518997418371e-06 42.38711871500030526 -0.04017497383748601381 0.9991926597832297974 -1.071004086645039512e-05 -8.375343760487963252 -3.965695538101151518e-06 1.055924405368560126e-05 0.9999999999363877734 0.4947427991160912031
0.9988484133332883319 0.04797756939615257371 4.317729425667553955e-06 43.71558365781796596 -0.04797756939618546407 0.9988484133426142053 -9.602886664286852901e-08 -8.447684184514091754 -4.317364417684144637e-06 -1.112358820734956853e-07 0.9999999999906740156 0.4947493386549368655
0.9988191809234682195 0.04858234035711676141 5.199071474357599927e-06 45.06357180938513807 -0.0485823402996466841 0.9988191808828915663 -1.066170142025476929e-05 -8.539239553276827266 -5.710902718554248112e-06 1.039652882022001368e-05 0.9999999999296489417 0.4947254095096303428
0.9986983745387336686 0.05100545736612598774 3.846611138719419073e-06 46.45160468723219083 -0.05100545725999629243 0.9986983742649916396 -2.39247639672304534e-05 -8.644108919939254676 -5.061897819193856626e-06 2.369742472526414819e-05 0.9999999997064046298 0.4947109791894337971
0.9987227329334049664 0.05052625761141155136 4.006087551876361369e-06 47.85960357824242806 -0.05052625752581366841 0.9987227327617101968 -1.917419322912725828e-05 -8.741855071249181819 -4.969770934078525101e-06 1.894729005227009823e-05 0.9999999998081507968 0.4947160875019756543
0.9986481748660784863 0.05197906143842091764 3.296066587364534718e-06 49.23977306386167641 -0.05197906129956710031 0.9986481743188556637 -3.34404715408381941e-05 -8.859957460499797932 -5.029815204655893388e-06 3.322393942372703129e-05 0.9999999994354353827 0.4946978426570732834
0.9986550296831838702 0.05184719549408971229 3.179587547454574049e-06 50.64716910752972723 -0.05184719543485949433 0.9986550295548400902 -1.651042090949610621e-05 -8.954546941171599883 -4.031330116759761692e-06 1.632336218647957831e-05 0.9999999998586480698 0.4947165388004320929
0.9986361032930918258 0.05221047011689363554 3.463409832116969573e-06 52.05590695783703126 -0.05221047003027430577 0.9986361030698143182 -2.160986266700576467e-05 -9.066276847750936341 -4.586947187084807734e-06 2.13995627912352044e-05 0.9999999997605093505 0.4947068920490194088
0.9986107213326717025 0.05269371147094779884 3.618064480884677671e-06 53.47456216489239722 -0.05269371142572611827 0.9986107212739354644 -1.162606868232958058e-05 -9.163355459923652191 -4.225658689559964598e-06 1.14192675874489168e-05 0.999999999925872074 0.494720493947899409
0.9985858592901223352 0.05316278408034190439 4.107045389334904151e-06 54.91211034212402353 -0.05316278400897064133 0.9985858591761379577 -1.587775067589843658e-05 -9.273922291121580841 -4.945342879648677431e-06 1.563695533533811081e-05 0.9999999998655145772 0.4947097593544872995
0.9986125419267791736 0.05265919754246247558 4.790989977254821304e-06 56.40524360380263147 -0.0526591974113160971 0.9986125416497574347 -2.429074536276333446e-05 -9.396033772432692999 -6.063473836716384055e-06 2.400475328499731233e-05 0.9999999996935030611 0.4946949740044784827
0.998742071901376649 0.05014253485004382949 3.897477610254274469e-06 57.82091764301998893 -0.05014253478279330489 0.9987420717878193743 -1.577223300183284527e-05 -9.500311284829466629 -4.683434606169418748e-06 1.555696326012446769e-05 0.9999999998680231261 0.4947033390715802059
0.998820295303009309 0.04855942416531548733 4.216070080727260853e-06 59.29163381228642749 -0.04855942409626253647 0.998820295200018804 -1.517298630970942189e-05 -9.608154096026348512 -4.947887840683672086e-06 1.495035673142288532e-05 0.9999999998760026321 0.4946995445004205294
0.9987987877912400947 0.04899981109768305337 4.623150764137137772e-06 60.74884103633296206 -0.04899981100421187813 0.9987987876345764127 -1.853334364017664786e-05 -9.720383165514672186 -5.525727715649121308e-06 1.828454764784023356e-05 0.9999999998175708171 0.4946889717133789444
0.9988340439600953413 0.04827579721059663959 5.677712433382794063e-06 62.25497480115409843 -0.04827579704538161043 0.9988340436374090192 -2.632125227278336611e-05 -9.840341769057525667 -6.941771905496039663e-06 2.601646675660201677e-05 0.9999999996374776545 0.4946729787855340676
0.9988397388108102293 0.04815782534274639509 5.730863662346846601e-06 63.80385459427758121 -0.04815782522576304847 0.9988397386512586351 -1.904843900353178057e-05 -9.952151174915128351 -6.641545761328554914e-06 1.875035190839735894e-05 0.9999999998021570358 0.4946741742056492974
0.998875899713316362 0.04740186655900587714 4.568144790477468654e-06 65.28457675415475592 -0.04740186651118868943 0.9988758996753538399 -1.006184918124712224e-05 -10.05609336049472624 -5.039960169661774836e-06 9.834000064135922967e-06 0.9999999999389456162 0.4946780228887254771
0.9988984438759118678 0.04692439456147947524 4.42191841287112452e-06 66.85818728777613273 -0.04692439455843025464 0.9988984438855293968 -7.908798066803815802e-07 -10.15598175315781759 -4.454158977705111105e-06 5.825127638751728212e-07 0.9999999999899106262 0.494684570716905414
0.998907115906700338 0.04673942423230852128 3.95261647183821046e-06 68.39734873454001729 -0.04673942423085464953 0.9989071159144827794 -4.594645324262218852e-07 -10.26232668090963074 -3.969771827900753538e-06 2.742193728481860517e-07 0.9999999999920828886 0.4946678654357000715
0.9989671624484449675 0.04543796130568799468 4.931338385682082091e-06 69.94782554781424722 -0.04543796122633327744 0.9989671623491837016 -1.516070563402902386e-05 -10.37975312054446064 -5.615116669694329891e-06 1.492097712557959064e-05 0.9999999998729174333 0.4946402376266194056
0.9989504528192810762 0.04580385124575230699 5.044114923619323961e-06 71.4829095109625996 -0.04580385114611237873 0.9989504526678942842 -1.835828581420697044e-05 -10.49112413362125906 -5.879701078819391404e-06 1.81079780379624784e-05 0.999999999818765084 0.4946281399401082912
0.9989257421671904336 0.04633963305180368447 6.825323727565718795e-06 73.11262077916947533 -0.04633963284363598611 0.9989257418071274541 -2.802195824286620501e-05 -10.61416226839422983 -8.116518829999689179e-06 2.767557243915881048e-05 0.9999999995840923583 0.4946094364367116802
0.9988105330507321966 0.04875980945625826152 7.136838738520162644e-06 74.76178446254169785 -0.04875980928625255756 0.9988105328351490897 -2.231965079058850023e-05 -10.73144530680998621 -8.21665162285920448e-06 2.194511140785690569e-05 0.9999999997254493955 0.4946032035548267314
0.9984625491596474944 0.05543047776076750338 7.941321729781012698e-06 76.43473651720329087 -0.05543047748283973924 0.998462548701890773 -3.17487248757819117e-05 -10.87141683642729717 -9.688959322538615905e-06 3.12597215167149115e-05 0.9999999994644769297 0.4945793306947245394
0.9978875090485815891 0.06496552354220705428 6.159305723607557415e-06 78.09804746377358242 -0.06496552340992532704 0.9978875088822091177 -1.967654518302183449e-05 -11.01162333611756594 -7.424591304291564661e-06 1.923483613919161575e-05 0.999999999787448246 0.4945809557037120219
0.9970388872520258294 0.07689900689988422855 6.876523455625085112e-06 79.78046929261043374 -0.07689900671015573175 0.9970388869879733829 -2.455621215275893609e-05 -11.18358703036078161 -8.744509620313176503e-06 2.395470061655478379e-05 0.9999999996748529796 0.4945599712964319772
0.9958223882386861847 0.09131139603158963669 6.292415246181556986e-06 81.51905134709484457 -0.09131139595411995324 0.9958223881973954361 -1.166098661840771358e-05 -11.36736424823104663 -7.330908945214720445e-06 1.103770232351030205e-05 0.9999999999122134442 0.4945673385390387256
0.9934375930192990145 0.1143754726724468818 5.404544386400070134e-06 83.26146122797959492 -0.11437547262368776 0.9934375930023540135 -8.604075525617135045e-06 -11.58776572826795004 -6.353172771651555549e-06 7.929464761815143453e-06 0.9999999999483804025 0.4945535804508238709
0.9899170906788384849 0.1416479917299019176 4.802383994507848056e-06 85.03301192431023026 -0.1416479917251545484 0.9899170906902914346 -1.316396992033221164e-06 -11.85451880261087076 -4.940426982461618556e-06 6.228758322168382089e-07 0.9999999999876021395 0.494550989978330191
0.9860045736218070456 0.1667182676623323312 5.175161717828363449e-06 86.78202511726316004 -0.1667182676645879158 0.9860045736350068202 4.511461551139743761e-09 -12.16583917129094772 -5.101980980025134496e-06 -8.67242318203580471e-07 0.9999999999866088229 0.4945354325996038636
0.9814862176443177599 0.1915327766778519569 5.87842367346521688e-06 88.5260780081058698 -0.1915327767058991881 0.9814862176454525189 4.645904117547485956e-06 -12.51517128643920884 -4.879748901173930051e-06 -5.68580166870232707e-06 0.9999999999719298982 0.494526994613006754
0.9755519750612754448 0.2197688420218477656 5.714336039134444927e-06 90.26598532930852059 -0.2197688419910483193 0.9755519750691091785 -5.559371330652532641e-06 -12.92278485197553728 -6.796408408893165602e-06 4.167622667648816946e-06 0.9999999999682198659 0.4945025704649206322
0.9689223309656559424 0.2473651481571265409 5.959498461662025384e-06 92.0486684711478631 -0.2473651480603187847 0.968922330913568608 -1.357742825351104517e-05 -13.39338400462759004 -9.132873692071908134e-06 1.168130121257661178e-05 0.9999999998900689357 0.4944812334152486333
0.9616324410331548167 0.274341116726374179 5.307997562392387259e-06 93.80886411636470257 -0.2743411165714773059 0.9616324408804599599 -2.017019528715081843e-05 -13.91431081642691048 -1.063785655177692814e-05 1.794011215207287068e-05 0.9999999997824942088 0.4944574898295815424
0.953463501172832073 0.3015084607676841166 4.356572469393052838e-06 95.527858252496614 -0.3015084606314680227 0.9534635010249183917 -1.957500600209860327e-05 -14.47378304649114611 -1.0055862768347199e-05 1.735051029936400513e-05 0.9999999997989197364 0.4944432303667649631
0.9419801807525353121 0.3356684957711861261 4.285194772084775456e-06 97.21939425446534244 -0.3356684956528093178 0.9419801806429958235 -1.744138087072390724e-05 -15.08390690532168499 -9.891090626547071189e-06 1.499103022245334036e-05 0.9999999998387176792 0.4944287563659491291
0.92330698120739918 0.3840627792615947111 6.463096595719117884e-06 98.94088259462618851 -0.3840627791656132106 0.9233069811860773468 -1.244471957273103252e-05 -15.79282374960400048 -1.074697579314167933e-05 9.008061620103226526e-06 0.9999999999016786489 0.4944170140024066185
0.8958329975612510099 0.44439086439757991 1.107376024715644113e-05 100.6117503349977511 -0.4443908644104487826 0.8958329976222089153 -1.405191652195839003e-06 -16.59593476760273134 -1.054469417012337866e-05 -3.662260838573270305e-06 0.9999999999376986137 0.4944098507629813843
0.8644146792130087409 0.502779536358438528 1.350917095450546571e-05 102.2092883931966867 -0.5027795364380255316 0.864414679266747088 3.092531572897631523e-06 -17.50292309276693459 -1.012266408740319397e-05 -9.465364397710702529e-06 0.9999999999039692611 0.4943904443475509169
0.8304122718035849005 0.5571494042199839347 1.474987025064189966e-05 103.6971842791163851 -0.5571494043384797035 0.8304122718376101275 5.386038938393656212e-06 -18.48174866796072635 -9.247644878513856497e-06 -1.26905142550690438e-05 0.9999999998767159504 0.4943712996663285342
0.7944635786990837945 0.607311799410804376 2.047653636257887495e-05 105.1239481112808107 -0.607311799688702969 0.7944635786614212547 1.189913616557867928e-05 -19.54320671863333203 -9.041376561053369375e-06 -2.188907245128227151e-05 0.9999999997195609946 0.4943597550074171898
0.7557479082694045225 0.6548626564561288443 1.810731723056465024e-05 106.5024430103712945 -0.6548626566253693548 0.7557479083220683957 5.158989574167717339e-06 -20.71768489325024021 -1.030613750515443982e-05 -1.575670144542680752e-05 0.9999999998227548925 0.4943264725681415506
0.7111996484072673486 0.702990084993447395 2.255033759276492994e-05 107.797405246235968 -0.7029900853056184618 0.7111996483719832396 1.094529919286980932e-05 -21.95798089614851634 -8.343355356769671598e-06 -2.363695668568966811e-05 0.9999999996858413009 0.4943126908373882133
0.6670014869454291562 0.745056384203633737 2.778896512467079032e-05 108.9746776091678129 -0.7450563846977565907 0.6670014867599639574 1.683267884494273636e-05 -23.23653454046526079 -5.993986217002170942e-06 -3.193176770913093632e-05 0.9999999994722171826 0.4942966961499930534
0.6231382020402370658 0.782111744500779249 1.656023182561778179e-05 110.058771498345294 -0.7821117446427889863 0.623138202069433822 3.964723101880834824e-06 -24.5873437525661771 -7.218456583993920483e-06 -1.542252223011638201e-05 0.999999999855019861 0.4942653927442520745
0.5751886445465508313 0.8180207962972402269 3.487598577508739947e-06 111.0362873720663686 -0.8180207962549628231 0.5751886445533713754 -8.572333699211377519e-06 -25.96865630492406751 -9.018374337298077986e-06 2.077780835658738661e-06 0.9999999999571758114 0.4942371846506499189
0.5265231020221647906 0.8501608218323638555 -7.778799637701208834e-06 111.890296092117012 -0.8501608217893883435 0.5265231018270795094 -1.841238233047912096e-05 -27.35520063899431875 -1.155776838023802534e-05 1.630777535278501607e-05 0.9999999998002373491 0.4942147016746057941
0.4804197720657732984 0.8770386779423889889 -1.889334701601213872e-06 112.6756270221461023 -0.8770386778759703406 0.4804197720002463812 -1.352900626466923591e-05 -28.77386154833068233 -1.095778802166439654e-05 8.156621714706334595e-06 0.9999999999066981893 0.4942078862849137444
0.4331739553025376055 0.9013103374507741572 -7.359325662013959225e-06 113.3539614329046827 -0.9013103373984089339 0.4331739551380750508 -1.705978115892776214e-05 -30.19535408665461063 -1.218828890902582026e-05 1.402288917666301816e-05 0.9999999998274020641 0.4941939735624184538
