0.9999727208254474142 0.007386311999347235611 0 -0 -0.007386311999347235611 0.9999727208254474142 -0 0 -0 0 1 0.4949999999999998845
0.9999813452793113733 0.006108106674956335913 1.133396326923900463e-05 0.000196480355659971786 -0.00610810686287477974 0.9999813452042750628 1.662024876241823373e-05 0.0013418377285275211 -1.123223358406327047e-05 -1.668916777514890237e-05 0.9999999997976540822 0.4949923247055602604
0.9999906636812895266 0.004321173257465890823 3.763689711444005048e-06 0.02354066943387871438 -0.004321173206769262504 0.999990663599138907 -1.337547733220460888e-05 -0.000434111114120733796 -3.821452327081889591e-06 1.335908889934565571e-05 0.9999999999034654419 0.4949812196632099592
0.999994491663771301 0.003319132980683008136 7.775880658839930035e-07 0.009774282833444999236 -0.003319132967705331044 0.9999944915339411544 -1.613535430595990715e-05 -0.004242195465978971375 -8.311391691982996968e-07 1.613268450881846322e-05 0.9999999998695225933 0.4949859745987863491
0.9999960627766414367 0.002806141916188290876 9.971030940241971391e-07 0.004031919010278253203 -0.002806141908968578635 0.9999960627514559164 -7.169757729767155015e-06 -0.006962801661838252838 -1.017218525875934501e-06 7.166931488049840079e-06 0.9999999999737999579 0.4949931593732309065
0.9999962908404236295 0.002723656669403811542 1.405284990085943235e-06 0.007060005306259932618 -0.002723656665754178429 0.9999962908380604087 -2.592471217320374377e-06 -0.01069413490665917059 -1.412340779177688904e-06 2.588634087600372045e-06 0.9999999999956519225 0.494996861878929828
0.9999979776829437395 0.002011126960444064356 7.77326746752409826e-07 0.02563235464399432964 -0.002011126964393904811 0.9999979776701592993 5.114407024724104505e-06 -0.00515806186721940764 -7.670394528871920388e-07 -5.115959984552089637e-06 0.999999999986619037 0.4950037767698388103
0.9999987952242574973 0.001552273223582327413 3.242989888193145291e-07 0.01723722976591670827 -0.001552273225589128171 0.999998795204572799 6.28239666843479934e-06 -0.002452239402778866838 -3.145466019771066347e-07 -6.2828925001931175e-06 0.9999999999802129391 0.4950047524871993287
0.9999992223860293405 0.001247088387745123482 3.4977857281029163e-07 0.003104523625686512241 -0.001247088388962556971 0.9999992223799558655 3.502296713894711746e-06 -0.00228923374227446054 -3.454106272531444969e-07 -3.502730195256716514e-06 0.9999999999938055106 0.4950013612331753965
0.9999996991235993171 0.0007757279959048998157 1.009801622535877734e-06 0.002313636478170367442 -0.000775727996581240635 0.9999996991238845334 6.695793803011062022e-07 -0.00210925335086216718 -1.009281907239903796e-06 -6.703625102300733405e-07 0.9999999999992658095 0.4949990504178678474
0.9999998419219330303 0.0005622782310860237288 1.237899476712623263e-06 0.01610646246066729445 -0.0005622782312078313492 0.9999998419226943103 9.807078320732906065e-08 -0.001186219897921102348 -1.237844137962307723e-06 -9.87668116326530934e-08 0.9999999999992287281 0.4949992953117545169
0.999999931193017888 0.0003709659222064779134 6.90384379957664736e-07 0.0009439582619105936403 -0.0003709659245919775888 0.9999999311872749264 3.458438168205068969e-06 0.003803231096850501376 -6.891013697460163135e-07 -3.458694039320202697e-06 0.9999999999937810857 0.4950039420786891409
0.9999999524464822098 -0.0003083954711386695724 1.224464398050396885e-06 0.01451220262889368895 0.0003083954699096789218 0.9999999524467284573 1.003776066701552315e-06 0.003158695192744717314 -1.224773899816109664e-06 -1.003398399695054075e-06 0.9999999999987463362 0.4950011671786389011
0.9999997506964998228 -0.0007061212499492763211 1.396780993575577198e-06 0.01345213191725608791 0.0007061212540259724415 0.9999997506932084557 -2.920283311795748002e-06 -0.001751523136454321639 -1.39471857124623469e-06 2.921268880505692294e-06 0.9999999999947603024 0.4949957387599995817
0.9999994674640481085 -0.001032023634449249399 1.034816246926151634e-06 0.009505078127206316799 0.001032023633210611951 0.9999994674638685854 1.196805195024610775e-06 0.001196322344783454705 -1.036050827096199595e-06 -1.195736602859966341e-06 0.9999999999987482235 0.4950024485304115318
0.9999986782214868031 -0.001625901182912732178 1.689783702983877542e-06 0.002211229219351546361 0.001625901189690940165 0.9999986782148325704 -4.017673051817176154e-06 -0.007320384906294702572 -1.683249130085383418e-06 4.02041516267624593e-06 0.9999999999905012649 0.4949958992951508097
0.9999978288856530284 -0.002083800032077177521 1.907589960105759009e-06 0.02560057357563213024 0.002083800037989495899 0.9999978288826469885 -3.102629983998253926e-06 -0.01194649459491598995 -1.901120558043887244e-06 3.106598283865137698e-06 0.9999999999933671946 0.4949981875357823968
0.9999971720475763215 -0.00237821318602711787 1.060416718751122052e-06 0.02661983010582794421 0.00237821318229539027 0.9999971720419992272 3.506617375913043968e-06 -0.008457633339575975837 -1.068753203618941596e-06 -3.504085562346672772e-06 0.9999999999932893679 0.4950059273903397172
0.999996146856357182 -0.002776017687762255548 6.847221215389381303e-07 0.02503050197803135049 0.002776017685031919192 0.9999961468487710281 3.956769449170320955e-06 -0.008065785336986883505 -6.957035451783569858e-07 -3.954853402450545486e-06 0.9999999999919373384 0.4950047913746075667
0.9999952155663069941 -0.003093355130039362414 8.758330187601951998e-07 0.01909160412474288776 0.003093355129156640133 0.9999952155661857578 1.007459671455927363e-06 -0.01144053060268344912 -8.789452589380931411e-07 -1.004745588771062645e-06 0.999999999999108713 0.4950004583378092016
0.9999943740540873094 -0.003354379519125678423 6.694968195920075343e-07 0.02207679363488941268 0.003354379516699036636 0.9999943740478633991 3.593402618540708296e-06 -0.008394161383445121818 -6.815466891825355125e-07 -3.591136655833803454e-06 0.999999999993319344 0.4950031665276073412
0.9999931465137784636 -0.003702286750526226182 7.226419130262151092e-07 0.0183292804936891103 0.003702286747763190722 0.9999931465068746528 3.788151885098865532e-06 -0.007517673504803673579 -7.366617849380398013e-07 -3.78545049547413654e-06 0.9999999999925636152 0.495002833326285252
0.999989884144414809 -0.004497956258652347807 7.532340882556887884e-07 0.04479280876803946876 0.004497956254803716324 0.9999898841320374876 5.035541118138767479e-06 -0.003110096963265601526 -7.758761123271703021e-07 -5.032102165353419184e-06 0.9999999999870378131 0.4950039270313570938
0.9999810973019601645 -0.006148580092341587346 1.961621124289714874e-06 0.1116934816547803105 0.006148580095610322455 0.9999810973024785277 -1.664675866697011382e-06 -0.007731341269392854459 -1.951348651464768927e-06 1.676705584431714805e-06 0.9999999999966902031 0.4949947756893776085
0.9999599061824245849 -0.00895466516167630483 1.308234742676894156e-06 0.1824528223108473624 0.008954665158349490311 0.9999599061801169864 2.527099412107091965e-06 -0.00104568420581977275 -1.330811619614437634e-06 -2.515283286975081475e-06 0.9999999999959509056 0.4950010612076297667
0.9999057206854436997 -0.01373134150222464316 1.818066785006733182e-06 0.3109425728678147371 0.01373134149891512383 0.9999057206854847779 1.820501399298211365e-06 0.002702429643982554898 -1.842893305335537204e-06 -1.795365267781379528e-06 0.9999999999966899811 0.4949996355870662224
0.9997722575421749136 -0.02134087731852784761 2.555608529014126031e-06 0.4725270537225363943 0.02134087732547003749 0.9997722575415911583 -2.720701856161431787e-06 0.001426212454545165015 -2.496964343912365781e-06 2.774621164943316651e-06 0.9999999999930331285 0.494993877604514132
0.9994674689261777711 -0.03263094473132009676 2.544354105821746901e-06 0.723644195852073624 0.03263094472741449176 0.9994674689283238322 1.561719575722108059e-06 0.01253808103883157464 -2.593959543364258848e-06 -1.477863233325401472e-06 0.9999999999955434538 0.4949996128656293792
0.9989875350171049107 -0.04498783031541394445 2.488533393758185844e-06 1.080337834114301732 0.04498783029443610693 0.9989875349897067158 7.925967426870266433e-06 0.03542374299744140836 -2.842585918455586472e-06 -7.805988944394569984e-06 0.9999999999654929361 0.4950073430896550497
0.998301705056450106 -0.05825552058402510419 2.258585509251081865e-06 1.503806841074716294 0.05825552055649919209 0.9983017050024703964 1.077424761795140217e-05 0.06701998790767353664 -2.88240916866418642e-06 -1.062437469313849399e-05 0.9999999999394069139 0.4950065938200798876
0.9974893981895117667 -0.07081596210980022066 3.495959455473701965e-06 2.024980334779030944 0.07081596209823012855 0.9974893981909027652 3.32943382488566075e-06 0.1023290385391279755 -3.722959552930452136e-06 -3.073505210001226013e-06 0.999999999988346322 0.4949974134238984691
0.9966477378200812032 -0.08181250936576409116 3.409414262313731458e-06 2.59633487005898278 0.08181250935748687891 0.996647737823455282 2.500584331725552596e-06 0.1529412412409545396 -3.602564090897184498e-06 -2.213268981203521769e-06 0.9999999999910612614 0.4949953852564905055
0.9959422177753202154 -0.08999499342073316588 3.76982895229000702e-06 3.239174708858635565 0.08999499343372684146 0.9959422177753688432 -3.431601717972883069e-06 0.2076239482116455093 -3.44570483334596209e-06 3.756942757327122396e-06 0.9999999999870060607 0.4949885266723541566
0.995394324204450065 -0.09586521428199434869 5.870764396971829481e-06 3.963300992337699391 0.09586521436503468718 0.9953943240845775087 -1.603700387744901674e-05 0.2642093967162030266 -4.306334745630740439e-06 1.652594472425983547e-05 0.9999999998541740931 0.4949712296326878036
0.995247657559031107 -0.09737607550416205182 6.700880074634012642e-06 4.727804055439556841 0.09737607565990097358 0.9952476571354565982 -2.928642103358926308e-05 0.3174649240632729241 -3.817238449211703695e-06 2.97997473371027455e-05 0.999999999548701668 0.4949582934446231097
0.9955985555509443419 -0.09372041468274898424 7.668066435948095637e-06 5.525442443970562501 0.09372041490508475903 0.9955985548606739455 -3.730400548039636331e-05 0.3683827071123667585 -4.138168999255257957e-06 3.785846834044395037e-05 0.999999999274805762 0.4949488212480304683
0.9962094798340400681 -0.08698662103496768161 7.207123264875722483e-06 6.40584090807144424 0.08698662123530206958 0.9962094792272655486 -3.501483970624186389e-05 0.4279075631263185575 -4.133981922301554742e-06 3.550903855186538963e-05 0.9999999993610089177 0.4949488627389606044
0.9968683645285401074 -0.07907884518734691059 6.9470710234778481e-06 7.30226511772789344 0.07907884543311405334 0.996868363337763741 -4.882096465435229848e-05 0.4631256835965867902 -3.064609815367138366e-06 4.921744154536832229e-05 0.9999999987841255988 0.4949316047026030563
0.9975346372020620356 -0.07017583295420183609 7.318948755707560785e-06 8.24869028468376797 0.0701758332617833519 0.9975346355159749878 -5.808836350567055475e-05 0.4935736944391215797 -3.224505585428010869e-06 5.845876794282266301e-05 0.9999999982860873216 0.4949284134005531577
0.998113934581538409 -0.06138870871923615691 6.178825546374196448e-06 9.294450459559174149 0.06138870893513358878 0.9981139335814290803 -4.481201275232291715e-05 0.5370901699861516665 -3.416220273029886034e-06 4.510680448776644086e-05 0.9999999989768525444 0.4949398247582626476
0.9986001995432784994 -0.05289273521948720941 5.946288986159539289e-06 10.36168951310534325 0.05289273541478538287 0.9986001987582964201 -3.978021126995318735e-05 0.567995598375938604 -3.833881181776351508e-06 4.003904240209381327e-05 0.9999999991910879515 0.4949381350805549529
0.9988932920463219345 -0.04703393537480014125 5.500260828398818984e-06 11.47843965762383078 0.04703393554589669484 0.9988932913750774301 -3.681251764778561085e-05 0.5934578044982109502 -3.762736066270999886e-06 3.703047585499844057e-05 0.9999999993072926641 0.4949321856282096199
0.9991072681804147315 -0.04224531499382581934 5.689800605094240574e-06 12.62432718374092211 0.04224531522804073763 0.999107266905877256 -5.059035778038555405e-05 0.6007154983807595494 -3.547515531712458503e-06 5.078556157837770869e-05 0.9999999987041207072 0.4949136620491519922
0.9992005379774958618 -0.03997855516689589883 5.872227018069046569e-06 13.830456237194241 0.0399785554535320789 0.9992005360780041867 -6.170502876071855811e-05 0.6052342565268439278 -3.400654488041161118e-06 6.189046108710444315e-05 0.9999999980790029719 0.494906309072143058
0.9992470267058991551 -0.03879922142209261265 6.220290449633602618e-06 15.09731803800219652 0.03879922172012889581 0.9992470250003385734 -5.851595957029679507e-05 0.6136482241028923257 -3.945233054340225803e-06 5.871324104378063027e-05 0.9999999982685949806 0.4949061059148378572
0.9992615989714718205 -0.03842208699616678907 7.353173921147738549e-06 16.45560396010975879 0.03842208738425807041 0.9992615969926005315 -6.307984340951281301e-05 0.6201496418743700501 -4.924085084225658574e-06 6.331578947920980241e-05 0.9999999979834318653 0.4949025797279598127
0.9992571479329974693 -0.03853767325511359837 6.864854729108567297e-06 17.85989286738770687 0.0385376735912890539 0.9992571462323031062 -5.848142833353043305e-05 0.6333675118915352842 -4.606016969298554196e-06 5.870254081441361889e-05 0.9999999982663979603 0.4949003843775347522
0.9993142890290165337 -0.0370263650918618431 5.722568220774228326e-06 19.28506231659460823 0.03702636536846948961 0.9993142872419698008 -5.986574295310159098e-05 0.6420076383692442379 -3.502033327659485425e-06 6.003657825816097199e-05 0.9999999981916722902 0.494893196620353859
0.9993233315182913357 -0.03678150429559350065 5.212378199170619187e-06 20.79856248297464205 0.0367815045084964945 0.9993233303035362614 -4.939001411360846827e-05 0.6612638358469646871 -3.39221212451762124e-06 4.954831255997943853e-05 0.9999999987667286261 0.4948966285755926342
0.9993424354660624953 -0.03625874599783814045 4.201849211618217212e-06 22.34866036973013337 0.03625874609699341472 0.9993424351175563825 -2.658982576088696822e-05 0.6931083425546360477 -3.234972484744590744e-06 2.672469501820495195e-05 0.9999999996376626177 0.4949101524702276267
0.9994128413167469027 -0.03426328365052049019 2.627455696306056775e-06 23.9088250232643702 0.03426328367463296609 0.9994128412717291354 -9.758775828716929155e-06 0.7245970944932255131 -2.291545258459675099e-06 9.843071138616238446e-06 0.9999999999489311842 0.4949229814663743121
0.9994664546456417664 -0.03266199666486400283 3.764090525292551128e-06 25.52375034670976106 0.03266199672355547812 0.9994664545103143505 -1.675841656734381574e-05 0.7455519442818765441 -3.214718865739000289e-06 1.687241790444218864e-05 0.9999999998524933265 0.494908607653954502
0.9995107753807905837 -0.03127634703071055511 4.042013987252754239e-06 27.18408223338333585 0.0312763470989897846 0.9995107752228257203 -1.810641261637258015e-05 0.7705912594100948754 -3.473734089389648471e-06 1.82239739459993686e-05 0.999999999827909769 0.4949023263778668524
0.9995205185308674301 -0.03096341408368031428 5.128444036893870447e-06 28.90432825227876279 0.03096341424279782858 0.9995205179412066654 -3.457171657118717796e-05 0.7879498817647805353 -4.055526664211392022e-06 3.471393421087054574e-05 0.9999999993892475514 0.494880695333995424
0.9995243387317465089 -0.03083984840731585422 5.942329741606164776e-06 30.70828748850843226 0.03083984863656669823 0.9995243378003331181 -4.339483555681433556e-05 0.8086873836983312636 -4.601213049737613544e-06 4.355745486407743732e-05 0.9999999990407882899 0.4948739343564082516
0.9995158738898191064 -0.03111298480164345626 4.608306368054207366e-06 32.53948111740531601 0.03111298491681737527 0.9995158735189814125 -2.748428512640086602e-05 0.8425325739012786697 -3.750957219487092321e-06 2.761435743287286068e-05 0.999999999611688617 0.4948841226228053447
0.9995226333006392849 -0.03089507270485760543 2.133025956263205196e-06 34.39380572268508018 0.0308950727049401852 0.9995226333029126886 -5.761757459006757939e-09 0.8915969708591154896 -2.131829710792058873e-06 7.165899898814516806e-08 0.99999999999772482 0.4948985274699161385
0.9995091347980971097 -0.0313287319084023172 3.795151088968983373e-06 36.28782006583092823 0.03132873196984764519 0.9995091346521415288 -1.738738606911297634e-05 0.917863491741179538 -3.248563424062350519e-06 1.749774847759099413e-05 0.9999999998416375657 0.4948746220984654443
0.9995025241682167216 -0.03153893066229006281 6.022888644012642244e-06 38.26828016915847996 0.03153893085646382322 0.999502523551470734 -3.545286525266121212e-05 0.9436977248184049705 -4.901746939777008869e-06 3.562518377753023393e-05 0.9999999993534093301 0.4948507254931935884
0.9995670742558483424 -0.02942216924544016968 4.767454416304678084e-06 40.23194531370823057 0.02942216940422381563 0.9995670735546529073 -3.761872764956440701e-05 0.9701590361548000363 -3.658565887507215643e-06 3.774271038536612427e-05 0.9999999992810510996 0.4948429629237304783
0.9995597452960001128 -0.02967011204150785467 6.121448131842983874e-06 42.25227725622341524 0.02967011234310337059 0.9995597436745186082 -5.710613587286980457e-05 0.9863054065001926052 -4.424407675976099951e-06 5.726261868169880292e-05 0.9999999983507082968 0.4948210771171023259
0.9995837857767052581 -0.02884883314268727947 6.391235352142239935e-06 44.37935863444224793 0.02884883340531928936 0.99958378474298204 -4.574145082763480071e-05 1.021768578276945894 -5.068987739846699825e-06 4.59067922691343348e-05 0.9999999989334357187 0.49482702025752201
0.9995964872977514126 -0.02840532585552393505 6.875353460403415122e-06 46.55710029927904969 0.02840532610276173126 0.9995964865526286713 -3.902395249372133556e-05 1.061315262533377934 -5.764091076072130605e-06 3.920350249031268253e-05 0.999999999214930102 0.4948225187304731154
0.999630312212480554 -0.02718894705475907378 8.140313958823220135e-06 48.7040663283207067 0.02718894748846059639 0.9996303104924859628 -5.900337591348041517e-05 1.079481562161685781 -6.533064906401126573e-06 5.920288965474882311e-05 0.9999999982261682518 0.4947890923001473373
0.9996668849197256623 -0.02580928383625692712 8.061257143847499955e-06 50.89896760350274008 0.02580928430486444103 0.9996668828423399544 -6.476250789236073758e-05 1.101546830409791733 -6.387097852638595558e-06 6.494898980182562754e-05 0.9999999978704166015 0.4947753215975721486
0.9997218316783729186 -0.02358514772233223644 8.647982336146049995e-06 53.0882182391442683 0.02358514832581048298 0.9997218286588389624 -7.799813692218277386e-05 1.109919085784718318 -6.805979133925159183e-06 7.818040425746204626e-05 0.9999999969207512551 0.4947502614457754411
0.9997557328984805203 -0.02210145787100290318 9.941377940487581213e-06 55.28248580460181216 0.0221014585392616085 0.9997557302634865195 -7.306156774428922802e-05 1.122442136417081793 -8.32418240122784664e-06 7.326344015927867411e-05 0.999999997281587949 0.4947444597272205868
0.9997883744142301854 -0.02057197826902220847 9.923836124941406742e-06 57.474293230494375 0.02057197887685741772 0.9997883722971502296 -6.562573892044049669e-05 1.134613064480700206 -8.571684691339034334e-06 6.581600378213958095e-05 0.9999999977973896836 0.4947351898864831843
0.9998115391593662693 -0.01941355443891162533 8.370125633925332503e-06 59.61430678173918096 0.01941355488783055513 0.9998115375390578263 -5.73814861193250764e-05 1.145246732746014962 -7.254569574886950989e-06 5.753316584962645804e-05 0.9999999983186528274 0.4947198882055902636
0.9998086530447856113 -0.01956162685312108282 7.339160346836705829e-06 61.69258569400514602 0.01956162728584207727 0.9998086509869825722 -6.44340942328832831e-05 1.146046124717181147 -6.077320297745357301e-06 6.456533088443569828e-05 0.9999999978971918502 0.4946933443668427577
0.9997908544936059405 -0.02045109324801177436 7.624893733391382236e-06 63.67239224941689457 0.02045109379584942808 0.9997908512729396513 -8.047183624124500145e-05 1.133152579063725574 -5.977561969764535069e-06 8.061094333522886269e-05 0.9999999967330720496 0.4946612112795661376
0.9997088241218132776 -0.02413020761416347429 7.464000208453492057e-06 65.58526672512647337 0.02413020817638772061 0.999708820290226674 -8.768990942832306042e-05 1.125256157706301607 -5.345851122866647976e-06 8.784448412079573303e-05 0.9999999961273839943 0.4946441811900651464
0.999580308719848154 -0.02896905911219401983 5.993338128654300868e-06 67.37020301499629227 0.02896905945643328539 0.999580306358196502 -6.882801924245008024e-05 1.13572310038858415 -3.996939804738875078e-06 6.897275409153538002e-05 0.9999999976133916446 0.4946509878153376172
0.9994693342551153048 -0.0325737602515576985 5.37988668297415535e-06 69.06840128250532018 0.03257376051531320205 0.9994693324723759043 -5.979420216562771425e-05 1.148546350468774513 -3.429309746032714873e-06 5.993771457120645161e-05 0.9999999981978549002 0.4946439564956249813
0.9993516305061181937 -0.03600442463450011926 3.705950214028907749e-06 70.66693346715719315 0.03600442475202653841 0.999351629743983616 -3.909670059714731252e-05 1.172131713685059973 -2.295893176032163674e-06 3.920478209478446931e-05 0.9999999992288567396 0.4946573717202104037
0.9993183727022881824 -0.03691598544370294083 7.767536259714080206e-07 72.21746750957765926 0.0369159854507620927 0.9993183726143242129 -1.326237327857203281e-05 1.206275947906339185 -2.866305905273082804e-07 1.328200790846810635e-05 0.9999999999117528127 0.494677252180178606
0.9992653679370547826 -0.03832394082636395721 1.841781455938495197e-06 73.81246643990364475 0.03832394084317419791 0.9992653678862851718 -1.017686764663955019e-05 1.234555493727284237 -1.450410750646947192e-06 1.023997571692942702e-05 0.9999999999465193357 0.4946748681309821594
0.9992074180675349915 -0.03980622641622057201 4.420825591287903391e-06 75.50786786481484114 0.03980622640304185 0.9992074180732450905 3.030112027075438144e-06 1.279559391320898465 -4.53793905023919383e-06 -2.851734030654263218e-06 0.9999999999856371558 0.4946666772474404006
0.9991299379287903459 -0.04170572038751595156 4.858213216400710115e-06 77.10691164530572905 0.04170572040133144198 0.999129937936163226 -2.777968952800471066e-06 1.31609334945293277 -4.738129072992390583e-06 2.978167229432907686e-06 0.9999999999843400822 0.4946509273602633372
0.9991026109216697426 -0.04235531629427824463 5.774684381015394766e-06 78.66451467231077288 0.04235531644517952221 0.9991026105066590501 -2.915202538582971771e-05 1.338135253969767291 -4.534758984088915222e-06 2.937045326096620679e-05 0.9999999995584060164 0.4946173887706509231
0.9990473859599722228 -0.04363852168586385832 5.81821115574296178e-06 80.27586947656649841 0.04363852180844356166 0.9990473857082792231 -2.293598822033177128e-05 1.380594685879556138 -4.811776025304129712e-06 2.316803721033718351e-05 0.9999999997200441637 0.494615782507877022
0.999044749615975225 -0.04369883563547723171 5.57581220060115055e-06 81.90036675766467056 0.04369883571755128759 0.9990447495067467099 -1.55616418460103234e-05 1.427028676030795085 -4.890460273999300893e-06 1.579043308300684772e-05 0.9999999998633726239 0.4946136206104431721
0.999018727419708763 -0.04428975319741607769 5.352566600597240575e-06 83.62193422590048897 0.04428975322501196854 0.9990187274195401201 -5.151970247015414449e-06 1.484190427810162083 -5.119134783036246558e-06 5.383978613738436399e-06 0.9999999999724034083 0.4946118713133427214
0.9990322532101979514 -0.04398359901875239369 8.083623948623330739e-06 85.47109614890557339 0.04398359915740299164 0.9990322530771665877 -1.785926649072083059e-05 1.53451581519722513 -7.290286230324767385e-06 1.819753011840166899e-05 0.9999999998078505925 0.4945871203390455606
0.9991038203483900704 -0.04232677725263195301 9.741176984185716584e-06 87.38704975966237498 0.04232677755288916099 0.9991038198376730461 -3.301501605484958321e-05 1.580572047983074491 -8.335027904069055451e-06 3.339774130057661334e-05 0.9999999994075589038 0.4945623739240209704
0.9991560112858655085 -0.04107633152124153669 1.011478916539569536e-05 89.38230651618474099 0.04107633190978558085 0.9991560104472975157 -4.178647601215388415e-05 1.628525491828520577 -8.389817247232757991e-06 4.216668713495145936e-05 0.9999999990757905133 0.4945501165125394394
0.9991913797417600884 -0.04020679703835085272 1.113135424093601871e-05 91.45433645359828745 0.04020679752434198895 0.9991913786523468621 -4.755934825934555928e-05 1.676626513978417998 -9.21014412752870336e-06 4.796844691301143911e-05 0.9999999988071004431 0.4945382675612233214
0.9992264723711231644 -0.03932501505687160254 1.02844791734872304e-05 93.60377677754341619 0.03932501542034964881 0.999226471690286111 -3.791838000156448136e-05 1.739750299327755378 -8.785382973202209372e-06 3.829348638907866551e-05 0.9999999992282126993 0.4945284160289544761
0.9992664670872143384 -0.03829526912150715834 1.096270532905075955e-05 95.82936249357778991 0.03829526955537131822 0.9992664662243089246 -4.256167345267362678e-05 1.796415677925610188 -9.32475307528705713e-06 4.295027282000498428e-05 0.9999999990341612577 0.4945055986902320844
0.9993535311838603885 -0.03595162863967314021 1.052314640090397205e-05 98.09897007811910896 0.03595162910680996943 0.9993535300599747373 -4.820234492315646023e-05 1.846349693212326226 -8.783390698842516119e-06 4.854950786674081447e-05 0.9999999987828984693 0.4944822716454577716
0.9994181220019958678 -0.03410890320258618685 1.177084381963143495e-05 100.443218260815101 0.03410890399404199053 0.9994181192078980258 -7.529611990239526897e-05 1.878867604916376388 -9.195726526424939258e-06 7.565379732866164733e-05 0.9999999970959705387 0.4944450585194136161
0.9994687165732358824 -0.03259270576773466016 1.11543401902978104e-05 102.8311693929371842 0.03259270652408224889 0.9994687137110225272 -7.613476037053923721e-05 1.917988154714570737 -8.666976198838322525e-06 7.645786137044585326e-05 0.9999999970395392346 0.4944346700263469452
0.999493016600741857 -0.03183880660113410505 1.27592022372433239e-05 105.2944623862969706 0.03183880761149098654 0.9994930126976280249 -8.88860515935570929e-05 1.948654467350654063 -9.922707677494823614e-06 8.924722562628129745e-05 0.9999999959682360773 0.4944159461734013994
0.9994914555766604147 -0.0318877727771581243 1.337137027364496948e-05 107.7806221940092826 0.03188777395059462505 0.999491450689103833 -9.936850196825499531e-05 1.973171053616789461 -1.019593006053639998e-05 9.9744351903419137e-05 0.9999999949735534077 0.4943883580913431275
0.9994621066821077759 -0.03279477266695129262 1.394699116998133604e-05 110.3023870343144779 0.03279477391678274623 0.9994621015776788964 -0.0001015672649278246987 2.001768484681166527 -1.060861374172312742e-05 0.0001019700209969423452 0.9999999947447858473 0.4943679119344219219
0.9994208558265182951 -0.0340287044625247545 1.462273422879232971e-05 112.8694385101626523 0.03402870576571452588 0.9994208508120732137 -0.000100738347606375267 2.036529730860115794 -1.118627002539799956e-05 0.0001011775982998747148 0.9999999948189802756 0.4943392731675453344
0.9994075454456102792 -0.03441740683860795152 1.466692741833361013e-05 115.4569737039977753 0.0344174081228431003 0.9994075406229255831 -9.882496395436992666e-05 2.076995935599059706 -1.125693886942319378e-05 9.927121228125272158e-05 0.9999999950092536283 0.4943091212459080341
0.9993609164552517132 -0.03574574604464642036 1.742594618310924588e-05 118.1092837917238683 0.03574574778096149819 0.9993609102303264713 -0.0001123451192362226301 2.111429748327230627 -1.339894933760321481e-05 0.0001128962247962920389 0.9999999935374550564 0.4942569431269854263
0.9993130137788469591 -0.03706076384716226052 1.665939657532944761e-05 120.7361848576077961 0.03706076552231480498 0.9993130072333391567 -0.0001150451769585181586 2.152894387420859701 -1.238428955537065957e-05 0.0001155835524973591096 0.999999993243535612 0.4942264497712572369
0.9992645364794383589 -0.03834561068824537955 1.666467405524091257e-05 123.3710515090914441 0.03834561250680258715 0.9992645283957527491 -0.0001276468752424864822 2.188204414070507031 -1.175772027706008668e-05 0.0001281920127561063741 0.9999999917142816663 0.4941836348576463256
0.999231785950661755 -0.0391897639493740263 1.869962174276962257e-05 126.0552582683544216 0.03918976614498341504 0.9992317766822168545 -0.0001367488000745214853 2.223877375984308902 -1.332610306203264685e-05 0.0001373765815281728999 0.99999999047504462 0.4941490497633088674
0.9991845212208742 -0.04037687831901460439 1.58762842854441557e-05 128.7319055461067308 0.04037687987294612257 0.9991845147525817428 -0.0001142480016311877466 2.282729216315307674 -1.125035974977233258e-05 0.0001147958696337221448 0.9999999933476686476 0.4941465495742260461
0.9991505526226553968 -0.04120889458998202443 1.423891301727014702e-05 131.433886386865197 0.04120889577514954411 0.9991505480153778374 -9.649764530465076019e-05 2.353659770682315688 -1.025025645080808905e-05 9.700244551540691872e-05 0.9999999952427286454 0.494128648684214522
0.9991443986837470481 -0.04135783423896747385 1.132201790892923361e-05 134.1396302538044267 0.04135783495680788596 0.99914439605503369 -7.295025522362711529e-05 2.435990107761830004 -8.295266182512086843e-06 7.33560930372923549e-05 0.9999999972750358568 0.4941154671322580683
0.9991074100001818836 -0.04224195992109131687 1.034340402646517094e-05 136.8228737634975687 0.04224196045699780966 0.9991074083081216139 -5.867546756140250795e-05 2.524149618310936205 -7.85560484088545732e-06 5.906002008969923233e-05 0.9999999982251015496 0.4940954536150111154
0.9990674628530459289 -0.04317643499127889195 1.149148107433682071e-05 139.5060120713980325 0.04317643562628117188 0.9990674609443374043 -6.237849748566341409e-05 2.606148975870927753 -8.787483677884154286e-06 6.281648841244361634e-05 0.9999999979884341972 0.4940668866786296909
0.9990427355729128989 -0.04374485435342540668 1.479260206780356621e-05 142.2182009988626135 0.04374485539827896452 0.9990427324493784678 -7.980285603107375016e-05 2.676500832772124916 -1.128747727578813427e-05 8.037356383423561893e-05 0.9999999967063413209 0.4940118678290436049
0.9989588528473178908 -0.04562028129577257868 1.595925552967926851e-05 144.9318197254449387 0.0456202827017349738 0.9989588476000723638 -0.0001030047659264132813 2.737436400288795202 -1.124353311611544071e-05 0.000103625588556629524 0.9999999945676599777 0.4939499283389275353
0.9989169374385571398 -0.04652904374893324785 1.372647082110549004e-05 147.5963724383981628 0.04652904487905457076 0.9989169326145121985 -9.859457150591102107e-05 2.818522032071234751 -9.124092997235359463e-06 9.912646699361775252e-05 0.9999999950453469788 0.493942769819367411
0.9988234478579169906 -0.04849453391415748521 1.385294619604153197e-05 150.2435625346764425 0.04849453509611776486 0.9988234424756601282 -0.0001040630380068224169 2.894814112840126796 -8.790158882128388019e-06 0.0001046123946020324129 0.9999999944894897297 0.4939097513259019245
0.9987183666184955566 -0.05061248779040624507 1.614877555426264493e-05 152.8935744013124065 0.05061248947235029438 0.998718358115760596 -0.0001306682943625655895 2.9549598629813425 -9.51463115411447022e-06 0.0001313181552473377772 0.9999999913325067213 0.493859164954093155
0.9986296868903246082 -0.05233305105068824375 1.520824925763155263e-05 155.572814766453007 0.05233305261736466429 0.9986296780096106662 -0.0001334331374187045297 3.031692086788781992 -8.20444586685189566e-06 0.0001340461863498522129 0.9999999909821531974 0.493834969496302012
0.9985671350936029533 -0.05351333032872647444 1.379548250258072551e-05 158.2057660339423251 0.05351333156560238169 0.9985671284789349178 -0.0001151881802333731163 3.120804279709972651 -7.611612209790176525e-06 0.0001157613733615530646 0.9999999932706836736 0.4938269669211113877
0.9984345073717669772 -0.05593330212241150873 1.432523532120896662e-05 160.8476045430454064 0.0559333034626834022 0.9984344998496865742 -0.0001227839157502393173 3.200829229872636184 -7.435099307729298226e-06 0.0001233929561696623007 0.9999999923594485862 0.4937908103211898214
0.9983806254027405291 -0.05688696346599786402 1.450115634325332288e-05 163.4936951275564638 0.05688696483553210004 0.9983806176341392113 -0.000124765813008109825 3.287453469924551896 -7.380125179988514382e-06 0.0001253886971908912951 0.9999999921116039525 0.4937609799106673636
0.9983199425464540644 -0.05794214447128798878 1.450329647790158732e-05 166.1784528475738796 0.05794214577034867419 0.9983199357883074665 -0.0001164190276534624849 3.388517657639981362 -7.733361889033847934e-06 0.0001170637891169918981 0.9999999931181319246 0.493746153512612751
0.9983437291992249829 -0.05753084545140728367 1.387312302726625548e-05 168.8774679665429233 0.05753084661298454167 0.9983437234469950683 -0.0001074440119847566895 3.493601731849010239 -7.668800450705128563e-06 0.0001080641881179129579 0.9999999941316601859 0.4937222197773671883
0.9984885874008350148 -0.05495944550436383802 1.350445693514953456e-05 171.5067501966932468 0.05495944666328522743 0.9984885813221046069 -0.000110426759038302402 3.582986471475697154 -7.415052601113937645e-06 0.0001110020561240509688 0.9999999938117800635 0.49368587842735423
0.9986706462761321124 -0.05154551460005096786 1.390183127161654858e-05 174.1113065135458555 0.05154551591906335328 0.9986706387905084359 -0.0001225097050182852364 3.652719602623447859 -7.568524927715013483e-06 0.0001230634233508245273 0.9999999923990553485 0.4936457277458318749
0.9988997259825053154 -0.04689709220412777158 1.330811295868548799e-05 176.6409287861241069 0.04689709347510363779 0.9988997186570744979 -0.0001212131905374571564 3.713528445354985497 -7.608924117295881561e-06 0.0001217039346307318949 0.9999999925651280597 0.4936151145430465736
0.9990484485846603535 -0.04361418665904347181 1.024138061385477714e-05 179.0497958994290002 0.04361418741108644137 0.9990484444706094758 -9.088211433661920783e-05 3.783226383461530062 -6.267885872857248323e-06 9.124230482553408194e-05 0.9999999958177774317 0.4936288268669543067
0.9991123200190891174 -0.04212566827225609767 7.805226895586384053e-06 181.3946066379678825 0.04212566869575019857 0.9991123178613414701 -6.585519169983514967e-05 3.851094930122910043 -5.024104375530026828e-06 6.61255337668227957e-05 0.9999999978010858381 0.4936180820505092215
0.9991425410906961124 -0.04140268747375144831 7.416883375631145874e-06 183.5706127930380944 0.04140268789235519026 0.9991425386462151614 -7.0036541855936888e-05 3.890781842875834062 -4.510822630567263265e-06 7.028356730668095236e-05 0.999999997519936068 0.4935769715325840079
0.9991190441421936574 -0.04196588579227166632 8.01822686261057775e-06 185.682609960191968 0.04196588632504491545 0.9991190404963440352 -8.546841993608268154e-05 3.919581528085496647 -4.424405179569840343e-06 8.572961802792728868e-05 0.9999999963154283522 0.493539568115731464
0.9990267144765990759 -0.04410922500328783025 5.825263176229993359e-06 187.7294255727630059 0.04410922527434970458 0.9990267126697187638 -6.016863390954560725e-05 3.974391236835335128 -3.165601710128521454e-06 6.036702049492134557e-05 0.9999999981729006393 0.4935432267714566779
0.9989426327671969696 -0.04597408427496570832 4.17754246033681047e-06 189.6185484719693193 0.04597408443697374725 0.9989426311988446328 -5.599949830664056969e-05 4.017760215886364783 -1.598599602768494855e-06 5.613234496188830244e-05 0.9999999984233018946 0.4935310594291655861
0.9988740273677884085 -0.04744130459637467545 8.395309367796518972e-06 191.4393823251085678 0.04744130515794171138 0.9988740233803833357 -8.934779689512699114e-05 4.034919941383373398 -4.147080398217065649e-06 8.964547815468766471e-05 0.9999999959732447374 0.4934708667501329638
0.9987746704708128087 -0.04948896372391235754 9.883575276533439546e-06 193.1973876663999192 0.04948896443577394111 0.9987746660579750468 -9.40323753430788125e-05 4.063174083632533851 -5.217899784051482353e-06 9.4406282602230019e-05 0.999999995530113428 0.4934504429594480102
0.9986491796202954241 -0.05195975355918012323 7.484168695498619397e-06 194.8377036863338674 0.05195975399137744283 0.9986491764434486385 -7.972584240633803201e-05 4.09947155619938286 -3.331523780392214865e-06 8.000702267787451988e-05 0.9999999967938884016 0.4934540934482872232
0.9985721506461358032 -0.05341965857666107487 5.808314914324958724e-06 196.5224163432071407 0.05341965883491757439 0.998572148713783081 -6.217179300982687048e-05 4.149848964292162989 -2.478825548719913015e-06 6.239329925647822391e-05 0.9999999980504655772 0.4934666482611941296
0.9984404340959878166 -0.0558274080173164558 8.860927747368616995e-06 198.3262183361773054 0.0558274084505279572 0.998440432300798375 -6.012424897380948729e-05 4.202254418130149993 -5.490527551473310875e-06 6.052516387770857741e-05 0.9999999981532791127 0.4934542984958415479
0.9982999917065757955 -0.05828487346114574752 9.300619266355609579e-06 200.0517043911970063 0.0582848739711548311 0.9982999892612383075 -7.006718622722718005e-05 4.248497605629771634 -5.200951030693290828e-06 7.04901568513372276e-05 0.9999999975020437137 0.493433663719241411
0.9982450318270821299 -0.05921871659500255181 6.294543763915026903e-06 201.5984327376384329 0.05921871688183403398 0.9982450296501452769 -6.596879804303713304e-05 4.294570028190594968 -2.376909470819985389e-06 6.622577970712156424e-05 0.9999999978042479754 0.4934276626242641295
0.998090194210923487 -0.06177349083275947284 7.250417673038520642e-06 203.2391921581828456 0.06177349117305490356 0.9980901921239365704 -6.462606612901491683e-05 4.349262208457468581 -3.244393064683721237e-06 6.49505265059229051e-05 0.9999999978854512417 0.4934226168371866894
0.9979539792546339161 -0.06393633764817531484 4.495855647378996592e-06 204.9163299534604334 0.06393633776942436731 0.997953978599121605 -3.62360384374004759e-05 4.434469538936988364 -2.169857441943247695e-06 3.644934729626108158e-05 0.9999999993333681392 0.4934350013029553117
0.9978520997021880223 -0.06550715302077592117 5.027934808427295745e-06 206.6297282879204431 0.06550715316476055095 0.9978520989848311817 -3.792160140427295131e-05 4.511312298026449952 -2.532999156165519601e-06 3.816951528092128444e-05 0.9999999992683358263 0.4934189103642482865
0.9978268680419509762 -0.06589037392854081576 6.275384979971584825e-06 208.3461911769926473 0.06589037416547147141 0.9978268667074137177 -5.168589945790716649e-05 4.580217974277987381 -2.856144489833380876e-06 5.198706664237739614e-05 0.9999999986445934352 0.4934026905610742753
0.9979689009846818282 -0.06370300279462529081 1.022774348794297999e-05 210.1471159664407367 0.06370300337238667121 0.997968898342671884 -7.283051543403736255e-05 4.642692819276088123 -5.567447372965441109e-06 7.333412742375852885e-05 0.9999999972955544436 0.4933829859032634602
0.998134009262923394 -0.06106144010551631252 9.337843540867426701e-06 211.9644255596616063 0.06106144058033804306 0.9981340072173412459 -6.413064088602789281e-05 4.717584330169684037 -5.404509904823954709e-06 6.4581155882690962e-05 0.9999999979000325778 0.4933851897496960848
0.9981632879408800507 -0.06058094166661771862 1.077358598527759467e-05 213.86657448921423 0.06058094228088480721 0.9981632854374199448 -7.098850847029508952e-05 4.785160955554728979 -6.453247292368180158e-06 7.151079701146101808e-05 0.9999999974222805177 0.4933728778131322157
0.9981320035682643699 -0.06109421736558921789 7.715004832934254037e-06 215.8223911671362316 0.06109421767701788547 0.9981320023164168553 -5.02044439781076647e-05 4.87694194934981784 -4.633392008660519884e-06 5.058200444054181095e-05 0.9999999987099960075 0.4933839125190074837
0.9981277361188040098 -0.06116389699940927294 9.81984723004973608e-06 217.8724303344260136 0.06116389746688455364 0.9981277344633273652 -5.782731719993644288e-05 4.96070394983432994 -6.264517795536482059e-06 5.831966933171577316e-05 0.9999999982797858067 0.4933621378003043567
0.9981493799660423605 -0.06080966307590746772 1.233825286043161812e-05 219.9800722393611636 0.060809663821425948 0.9981493772911137485 -7.349503246601170434e-05 5.038150494495875265 -7.846211247489179503e-06 7.41093060951203246e-05 0.9999999972231236045 0.4933325198426617986
