0.9999806747146977592 0.006216928271891146787 0 -0 -0.006216928271891146787 0.9999806747146977592 -0 0 -0 0 1 0.4949999999999999956
0.9999817834679528561 0.00603595341433711078 9.30075597755679799e-07 -0.0002704077592271935532 -0.006035953414442084101 0.9999817834683787376 1.100514177768763196e-07 -0.0001412755099855948293 -9.293943897732443327e-07 -1.156633060017873121e-07 0.9999999999995614619 0.4949993228796537026
0.9999813404723044696 0.006108904103238887127 -3.219981101228537889e-07 0.001219191030140320472 -0.006108904104036767119 0.9999813404691306751 -2.537929835608305392e-06 -0.0009479187473668394901 3.064881318017786602e-07 2.539849534612781035e-06 0.9999999999967276176 0.494995571440049853
0.9999805341733295494 0.00623949328256374891 -4.819049366811529852e-07 0.004783435115167330477 -0.006239493283497258257 0.9999805341715182205 -1.960446253958547662e-06 -0.00238217271804390656 4.69663364777143847e-07 1.963414934865547269e-06 0.9999999999979621856 0.4949970983529519697
0.9999804601762636302 0.00625134126892382385 -4.90208299450213487e-07 0.001374360699621675081 -0.006251341269191034583 0.9999804601762333212 -5.453822386666653769e-07 -0.004129872260214763509 4.867893503692341071e-07 5.4843604136784586e-07 0.999999999999731104 0.4949988021842545161
0.999978125280357566 0.006614299886050592839 -1.774626467658545722e-07 -0.003164075225992379024 -0.006614299885900634668 0.9999781252800274967 8.329421107157010946e-07 -0.003522452149338552944 1.829680937281834987e-07 -8.31750099176287417e-07 0.9999999999996374012 0.495000338791948602
0.9999817984616796718 0.006033468943329788579 2.953219271142815552e-07 0.002102039884933089471 -0.006033468943879326425 0.9999817984599215226 1.896545572133206417e-06 -0.001604176214255182949 -2.838738029917420556e-07 -1.898292867761925575e-06 0.999999999998157918 0.4950029967878877835
0.9999800143885424486 0.006322248470318084755 -5.082088601172408642e-08 0.004371194222561768615 -0.006322248470283363397 0.9999800143883280645 6.573804739481992235e-07 -0.003272812432721170037 5.497599302142222076e-08 -6.570460335285914732e-07 0.9999999999997826183 0.495000069663125597
0.9999812011008395451 0.006131675721276131329 -6.761941319736360753e-08 0.002470218321156761061 -0.006131675721179838563 0.9999812010999403755 1.343130600623931817e-06 -0.002260689819777220687 7.585378332219230712e-08 -1.342690730932967949e-06 0.9999999999990957233 0.4950029136434523913
0.9999810620600545485 0.006154309341933426186 -4.438152683061263231e-08 9.907026611247937814e-06 -0.006154309341841754724 0.9999810620583751142 1.83358593323849781e-06 0.0001699325461314134202 5.566514137547735515e-08 -1.833278071252986142e-06 0.9999999999983180121 0.4950033720481458177
0.9999786849130735122 0.006529144029097660659 -1.493952206261675174e-08 -0.0003757975003630191729 -0.006529144029111286045 0.9999786849122910271 -1.250975480869901948e-06 -0.001027350215902112602 6.771404533647478679e-09 1.25104635851005867e-06 0.9999999999992174038 0.494995599763635663
0.9999799879152138082 0.006326434328505139461 -9.521795097808137504e-08 8.67836423492474951e-05 -0.006326434328632669392 0.9999799879142317049 -1.404096754172345275e-06 -0.0009507690047623873876 8.633311956264216901e-08 1.404671045382791523e-06 0.9999999999990096811 0.4949965915688299134
0.9999803431727827263 0.006270029525268311366 -1.694838078448074464e-07 -0.0001304435931409037139 -0.006270029525368107405 0.9999803431726196346 -5.945805967562226633e-07 -0.0003692894676001262297 1.657524384330109336e-07 5.956315776677105107e-07 0.9999999999998088196 0.4949988308005556781
0.9999778730307623542 0.006652326743147174079 -8.842110001933277286e-08 0.0001482791375318156829 -0.006652326742959290516 0.9999778730288103601 1.978463195554605614e-06 0.003064103394662578105 1.01580527154809624e-07 -1.977831212112014256e-06 0.999999999998038902 0.4950044126477722295
0.999977504377650539 0.006707513757045174829 -2.792179853211043978e-07 0.0146975887253810375 -0.006707513757231045246 0.9999775043774637995 -6.699921085313283124e-07 0.000561956134128126423 2.747177228536903179e-07 6.718498951196548524e-07 0.9999999999997365441 0.494997936001957517
0.999979655329091166 0.006378787508511003616 -2.572028496417348836e-07 0.05166294097944292008 -0.006378787509298801395 0.9999796553240373198 -3.188051699874057784e-06 -0.004928878174488179366 2.368617125744562703e-07 3.189627482335960245e-06 0.9999999999948850915 0.4949913670702979496
0.9999808339358787768 0.006191265058454134378 -3.366662862602856382e-07 0.0695518682834510571 -0.00619126506021116553 0.9999808339208238195 -5.495538962719313754e-06 -0.01152352564941918137 3.026354953089981804e-07 5.497518025083421673e-06 0.9999999999848429022 0.4949864513116352116
0.9999827313220801539 0.005876823786310617082 -1.431793838852123282e-06 0.06004737752733940032 -0.005876823787961790203 0.9999827313224322056 -1.151724069468327358e-06 -0.01249850379757909934 1.425000634259126105e-06 1.160118580808105191e-06 0.9999999999983117949 0.4949950846711106967
0.9999810498508950873 0.006156292614418645143 -1.606307549220268104e-06 0.06124172058730841667 -0.006156292611594854462 0.9999810498506590539 1.757028606039292035e-06 -0.01194624140446105647 1.617093891683799021e-06 -1.74710641078727724e-06 0.9999999999971662668 0.4949997708321315915
0.9999772088432697936 0.006751429029629759347 -1.521287709652081684e-06 0.05775564994841866223 -0.006751429026517056543 0.9999772088423629635 2.042055374831586041e-06 -0.01127377813614970949 1.535039829681701726e-06 -2.03173796802695433e-06 0.9999999999967578157 0.4949962405872367355
0.9999789315162277425 0.006491265182894185443 -1.490523245432080295e-06 0.05539599788706019157 -0.006491265181350028279 0.9999789315168093884 1.038523786845608007e-06 -0.0104835639761714939 1.497233175667251472e-06 -1.028826525079057796e-06 0.9999999999983498755 0.4949925114597564235
0.9999792615892154624 0.006440216780088499349 -1.243295791888173656e-06 0.05866561635557198534 -0.006440216777383668198 0.9999792615876568203 2.167450291537424398e-06 -0.006648033894335414994 1.257228857644304901e-06 -2.1593982476451271e-06 0.9999999999968781639 0.4949969113529461007
0.9999806742276055038 0.00621700669678155321 -1.126340905950750821e-06 0.06175943006129473722 -0.006217006696055034538 0.9999806742280348271 6.473987015190499181e-07 -0.005518125621554108989 1.130344020607820063e-06 -6.40383721081685706e-07 0.9999999999991561195 0.4949912158434827125
0.9999800255284737593 0.006320486033550950372 -1.614201743850427655e-06 0.06179734178529745076 -0.006320486035732322642 0.9999800255288516793 -1.349828433778365777e-06 -0.006531370769962368053 1.605637929260021514e-06 1.360004011250626613e-06 0.9999999999977861043 0.4949857463142602887
0.9999805769181708825 0.006232638657234922282 -2.000814433632372479e-06 0.0642750674958325191 -0.00623263866180099723 0.999980576917535724 -2.284020672978620458e-06 -0.00820102750955435493 1.986540096108494045e-06 2.296446663652170177e-06 0.9999999999953900209 0.49498450385487619
0.9999801504810452712 0.006300685732621615597 -2.331862288879292685e-06 0.06499620460534413779 -0.00630068573500166141 0.999980150483234298 -1.014709165367206253e-06 -0.007857504858289419969 2.325422638978345038e-06 1.029381355338737438e-06 0.9999999999967663644 0.4949872463150442048
0.9999783787544966884 0.006575866584865236626 -2.102216550341495804e-06 0.09398336131418238981 -0.006575866592874158277 0.9999783787493351506 -3.825793153558974734e-06 -0.01292333178650865305 2.07701319243037932e-06 3.839534330730894627e-06 0.999999999990471955 0.4949806782523794579
0.9999729174307777635 0.007359646869111735774 -2.274567183966960389e-06 0.137592969375383456 -0.007359646886018618786 0.9999729174049927227 -7.516220786978333158e-06 -0.02439575509142130963 2.219188852002414123e-06 7.532757239701176102e-06 0.999999999969166331 0.4949727313671311579
0.9999800489989456587 0.00631677116495825159 -2.889366938120240934e-06 0.1740773578851757541 -0.006316771168151951235 0.9999800490024975952 -1.097525960713547348e-06 -0.0259022454036264109 2.88237647202544436e-06 1.115755533742950097e-06 0.9999999999952234875 0.4949862155514064832
0.9999727452744814338 0.007383000321136590216 -4.087557878954012713e-06 0.2137130648680710121 -0.007383000350347906741 0.9999727452568573094 -7.178025636440052211e-06 -0.04219466218020627435 4.03445110803480561e-06 7.208008442574045433e-06 0.9999999999658839567 0.4949653672812081018
0.999960474673223132 0.008890955087190951373 -3.342544164037067309e-06 0.2981672762980456803 -0.008890955067626904809 0.9999604746620290863 5.823046662425259722e-06 -0.03476372914724494556 3.394184495195608942e-06 -5.793098094629039418e-06 0.9999999999774598081 0.4949985713258022724
0.9999415695573078411 0.01081006328360480974 -2.303266972207369843e-06 0.4092823963724540048 -0.01081006326532829229 0.9999415695296972606 7.805009729377077737e-06 -0.03246551106424390432 2.387505040338499012e-06 -7.779655217516923769e-06 0.9999999999668883754 0.4949894329677568816
0.9998449797752253509 0.01760728311127239196 -1.397028817497216764e-06 0.5395714679139955727 -0.01760728309342510234 0.9998449797057310517 1.189736455559228363e-05 -0.01889613421679327623 1.606292515687089446e-06 -1.187092234158531307e-05 0.9999999999282505048 0.4949968563424634871
0.9996168106943766896 0.02768089194285749954 -8.266733767924142984e-07 0.6898483301709829041 -0.02768089194533467079 0.9996168106896783367 -3.152678014057624055e-06 -0.02994448458084466094 7.390876649535382141e-07 3.174352997975641465e-06 0.999999999994688582 0.4949633975097950112
0.999390364193899372 0.03491274772869049775 -2.156563520219487458e-06 0.8164354369281818791 -0.03491274774441239376 0.9993903641656850523 -7.742551648677448625e-06 -0.04486210956039944631 1.884935049331932018e-06 7.813123070138062808e-06 0.9999999999677010587 0.4949623216830220662
0.998807772687500206 0.04881632114009427925 -3.408067753803252619e-06 0.9496061230085487415 -0.04881632115543631939 0.9988077726820926427 -4.573759657240234454e-06 -0.06092974865400735407 3.180730442080435085e-06 4.734676026045213586e-06 0.9999999999837329012 0.4949689559256064131
0.9982519330466640417 0.0591022686881341186 -2.59752829953397631e-06 1.175712191147791241 -0.05910226870578928066 0.9982519330219611353 -7.347077494996011032e-06 -0.09302735873334076755 2.158758697907248494e-06 7.48775412715335685e-06 0.9999999999696366215 0.4949690077953947109
0.9971698818027517897 0.07518129301303969059 -2.933687359665614539e-06 1.402329041323440828 -0.07518129302592210794 0.9971698817956683447 -4.560286090225991281e-06 -0.1210951920899174805 2.58253647289063016e-06 4.767938350610852323e-06 0.9999999999852986488 0.4949710905070385247
0.9956193800862962462 0.09349893038951437307 -3.850822403852704359e-06 1.583097738042017033 -0.09349893043410476001 0.9956193799945067813 -1.375738102785132199e-05 -0.1699136940811074858 2.547653003127699601e-06 1.405716294661222177e-05 0.9999999998979528515 0.4949482817621978503
0.994179901698193258 0.107732646182180633 -2.861600255509324326e-06 1.83700363152765922 -0.1077326461837313648 0.9941799017020659379 -3.929366735684336184e-07 -0.2045032151760212413 2.802613353107315383e-06 6.989375113479418725e-07 0.999999999995828448 0.4949851039305457334
0.991891278654594255 0.1270893045182281966 -2.874044928584868476e-06 2.088689124912769923 -0.1270893045359965667 0.9918912786303035745 -7.206328968187396707e-06 -0.2618501398697926641 1.934892762358492822e-06 7.513155225840097456e-06 0.9999999999699042963 0.4949670097506876365
0.989733468205743705 0.1429253718063353551 -3.111886673620183604e-06 2.362815854638261381 -0.1429253718402051232 0.9897334679781717437 -2.122435615534107127e-05 -0.3371047997302097921 4.643939458494638473e-08 2.145122318801138535e-05 0.9999999997699214882 0.4949458917200484365
0.9864853121095084054 0.1638497146185848297 -3.721145180241180592e-06 2.648824853183743055 -0.1638497146570859764 0.9864853116787737353 -2.917287867661750054e-05 -0.4321870992949762291 -1.109112782834193506e-06 2.938832490241594594e-05 0.9999999995675481479 0.4949280449900579359
0.9833591268809483976 0.1816723082153390012 -3.14361569638860012e-06 2.983729469433328507 -0.1816723081958214747 0.983359126088452995 -3.969369563918092361e-05 -0.5593378080260960061 -4.11994212440850711e-06 3.960426580606659909e-05 0.9999999992072641231 0.4949110487959659799
0.9801125729696910094 0.1984422946087022188 -4.404323086970838259e-06 3.314434017417915435 -0.1984422946559518675 0.98011257263040652 -2.58015402049199565e-05 -0.6734480752397804526 -8.033844112365070552e-07 2.61624179366097056e-05 0.9999999996574412409 0.4949439581274522881
0.9770630942324488588 0.2129500173379932637 -2.625621731888555834e-06 3.65505392509253868 -0.2129500170091420952 0.9770630918731871839 -6.897279859057996588e-05 -0.8611903729803479512 -1.21223605682654511e-05 6.794990220124880447e-05 0.9999999976179295702 0.4948069046167090645
0.973334857512374918 0.2293888731876661258 -3.360151413211697534e-06 4.021612562258244594 -0.2293888731276741977 0.973334856651130842 -4.141704308142429229e-05 -1.026007594638303377 -6.230056349108423414e-06 4.108343307245700485e-05 0.9999999991366689267 0.4948512866631856744
0.9695809573928472203 0.2447708460238187389 -4.320735036043124058e-07 4.468223402439808645 -0.2447708455472250855 0.9695809553917534851 -6.414003348517774417e-05 -1.282719628714436233 -1.528068001973890297e-05 6.229471407058370614e-05 0.9999999979429347041 0.4947270088601741778
0.9671860227058479698 0.25406927691833886 -3.296714962749383586e-06 4.854071338108928657 -0.2540692762468321209 0.967186019028425048 -8.640365175681421453e-05 -1.578700291155100688 -1.876397670426469994e-05 8.440599827451212872e-05 0.9999999962617702742 0.4946470632209234441
0.9647402876402924043 0.263203680344278601 -7.693215785102953751e-06 5.257765440993568795 -0.2632036801918857249 0.9647402849463078134 -7.305749176100905884e-05 -1.871345159154186977 -1.180704551954576646e-05 7.250638832294357082e-05 0.9999999973017086319 0.4947080184084667875
0.9606399220913711678 0.2777965804047740628 1.389731138625952997e-06 5.781760420768807585 -0.277796579347608541 0.9606399188487364516 -8.257901586491003603e-05 -2.251577368194962236 -2.427519942869480095e-05 7.894263681032612787e-05 0.9999999965893874299 0.4946389133863295373
0.9590075669294954031 0.2833804625821251255 9.709941643317157892e-07 6.243379177473018515 -0.2833804615514080028 0.9590075637225949912 -8.207311916850253825e-05 -2.657461024437750119 -2.418910922345274958e-05 7.843358154964810442e-05 0.9999999966315301636 0.4945252121735158046
0.9612925809005414823 0.2755296243737044848 -5.424552069296579692e-07 6.606663220954453131 -0.2755296238823567445 0.961292579064916608 -6.164576998166472824e-05 -3.001209823426560064 -1.646377768237927336e-05 5.940908380641396366e-05 0.9999999980997523741 0.494559792301767831
0.9640978337607658544 0.2655472969767367353 -2.894868197611961987e-06 7.023560578007916 -0.265547296510876496 0.964097831298247443 -7.073905270564497146e-05 -3.408317219850796054 -1.599362808546699529e-05 6.89680918994321231e-05 0.9999999974938030833 0.494459666941403031
0.963763053954523996 0.266759771768839915 5.644134599374635185e-07 7.59218167734934557 -0.2667597714004277254 0.9637630527304800188 -5.055937477330315206e-05 -3.80638709616016202 -1.403116811445310902e-05 4.857669463200172316e-05 0.9999999987217155217 0.4944799022275319089
0.9650724906007374093 0.2619829915942397669 1.804155974192891621e-06 8.165801426973853694 -0.2619829913054236847 0.9650724898178734135 -4.08120798564840572e-05 -4.197797727524333666 -1.243321207201882317e-05 3.891395737479265448e-05 0.9999999991655595943 0.4944594948021908132
0.9644544512999553287 0.2642491463032036747 6.925535628913667418e-06 8.757511504019088733 -0.2642491461648643347 0.96445445122390705 -1.636354639106889379e-05 -4.525303556320717568 -1.100341682874836973e-05 1.395182827924493542e-05 0.9999999998421356118 0.4944926732244074308
0.9647744788726939635 0.263078324498211058 9.867546464973551675e-06 9.313288693710934041 -0.2630783244027600221 0.9647744788974388364 -9.992208441284621958e-06 -4.849412016640180845 -1.214869045351116599e-05 7.044290101756082816e-06 0.9999999999013936547 0.4944630476622607906
0.9650921779110510634 0.2619104580686614225 9.560376974460526404e-06 9.855535554138224796 -0.2619104582399021663 0.9650921774379136453 3.024804154325516311e-05 -5.079530255194028676 -1.304366615135531918e-06 -3.169611100485124203e-05 0.9999999994968276074 0.4944708916217753214
0.9646599770758647052 0.2634978720485585124 7.490428933452188671e-06 10.35600408231847425 -0.263497872055518001 0.9646599755405812493 5.490439102671238787e-05 -5.257085635456155259 7.241473209928240271e-06 -5.493778067394042248e-05 0.9999999984647006679 0.4944960349264342914
0.9644862117885546482 0.2641331996880524891 9.723551378977201559e-06 10.9235808732737727 -0.2641331993845729142 0.9644862071482982468 9.594682045406637265e-05 -5.356061018173373434 1.596450949690631925e-05 -9.510769812800861853e-05 0.9999999953498300842 0.4945175990703332691
0.9639431139687422156 0.2661083854195276932 1.5616959644106524e-05 11.52809150603078159 -0.2661083858757297693 0.9639431120710008072 6.049562472101196434e-05 -5.515855191868473284 1.044532339026910671e-06 -6.247014479823629783e-05 0.9999999980481949491 0.4944416192965384038
0.9631382463187133647 0.269006911165252216 1.502252737432151268e-05 12.02862797265679262 -0.2690069115819713197 0.963138244554889611 5.830169861702469344e-05 -5.630284828604358083 1.214789216571498479e-06 -6.019375945652517216e-05 0.9999999981876177557 0.4944505811931313444
0.9625427402566812951 0.2711299925654293008 1.768790951313454332e-05 12.54044458705405773 -0.2711299931004962915 0.9625427392065026844 4.521504584986210136e-05 -5.750213348784763312 -4.766213828490605689e-06 -4.831713691741612381e-05 0.9999999988213686963 0.4944397825011957459
0.9614753777718157979 0.2748910650140390377 1.778269461449805131e-05 13.15033615083563312 -0.2748910653650164515 0.9614753775885610532 2.180947129590433885e-05 -5.922727528529880381 -1.110239422709232417e-05 -2.585757352087330967e-05 0.9999999996040613848 0.494427355836792759
0.9643084881609027548 0.2647813046535559822 1.921009320758685208e-05 13.78539239228850377 -0.2647813051945491769 0.9643084875447229809 3.564986434182677356e-05 -6.065901497040290913 -9.08503833545006427e-06 -3.946394033902203975e-05 0.9999999991800297972 0.4944483823050339066
0.9674090713616980697 0.2532186573055176249 1.554736999369489767e-05 14.31908602839173916 -0.253218657663687674 0.9674090709664505683 2.872389164500887399e-05 -6.180655652998006566 -7.76724148663371773e-06 -3.172463750219619758e-05 0.9999999994666086689 0.4944355802196426786
0.9684509235940859107 0.2492043506497703398 1.446447464936823996e-05 14.92599649079791568 -0.2492043508863600043 0.9684509234763837293 1.786842175554790763e-05 -6.324760454692931688 -9.555245391053869203e-06 -2.090929956823705063e-05 0.9999999997357492676 0.4944153676250735985
0.9704615797503897134 0.2412557191150810909 1.499585640893018799e-05 15.62360582051834612 -0.2412557192915010806 0.9704615797563587165 1.132104473463527595e-05 -6.491422548034535112 -1.182163571182146534e-05 -1.460447508192750216e-05 0.999999999823479091 0.4943903330343372149
0.9728156443171038781 0.2315809188676903052 1.380315630098480425e-05 16.27257209322863574 -0.2315809189868055784 0.9728156443558428901 7.745036299801011135e-06 -6.64632983064305094 -1.163432376811540524e-05 -1.073104009935085981e-05 0.9999999998747436392 0.4943677861498112502
0.9738834557970830197 0.2270484845346555647 1.405276029721557309e-05 16.99703940714224615 -0.2270484843754392024 0.9738834558608627789 -1.206448537287762709e-05 -6.847124552146738985 -1.642497388323901374e-05 8.558744780577278493e-06 0.9999999998284840874 0.4943185005052135872
0.9748394617184997779 0.2229081058399456083 1.514813190718465285e-05 17.77728124460112014 -0.2229081058517612957 0.9748394618330531447 -9.252941024849762841e-07 -7.03734570463889586 -1.497325231190578631e-05 -2.474628185825402748e-06 0.9999999998848390081 0.4943384239558817339
0.9754803896536520247 0.2200863675684823773 1.462542519837551333e-05 18.57177617946986814 -0.2200863678065303752 0.9754803895551094062 1.736010988517056638e-05 -7.196356211696309124 -1.044609194470355597e-05 -2.015330346475297554e-05 0.9999999997423617559 0.4943939190262524042
0.9772963767375641986 0.2118768315842409211 1.59901565626811047e-05 19.37731373769041809 -0.2118768318291663899 0.977296376690981905 1.55867398491901515e-05 -7.367101674564946912 -1.232465301745553692e-05 -1.86208080927177662e-05 0.9999999997506842098 0.4943718651994853941
0.9787991039147945216 0.2048226402203539298 1.519841042233764845e-05 20.16535132349789095 -0.2048226403741061352 0.9787991039559917894 9.346658566370628224e-06 -7.533386170160902395 -1.296178321813727613e-05 -1.226147958155363999e-05 0.9999999998408241053 0.4943425699040555066
0.9802160691005772364 0.1979304365143551847 1.343435714164526116e-05 20.99478342691950417 -0.1979304364446147768 0.9802160691861578901 -6.349370640705996823e-06 -7.730629354920113272 -1.442530645193287591e-05 3.564686958296765043e-06 0.9999999998896017539 0.494299132306913136
0.9815804742676316197 0.1910491360118730386 1.295690413379937977e-05 21.89685357316589176 -0.1910491359804762923 0.9815804743525441411 -3.630569587175179882e-06 -7.923237702788109793 -1.341186128865603426e-05 1.088290877496827246e-06 0.9999999999094687508 0.4943073704293331483
0.9822595552329533852 0.187526440711024811 1.378579140199799607e-05 22.79497477859769816 -0.1875264408499150437 0.9822595552565013266 9.575825395396832159e-06 -8.093143193289350279 -1.174550487811644304e-05 -1.199114638978695278e-05 0.9999999998591277972 0.4943211773616550397
0.984025479358456856 0.1780276826270459356 1.392967257788586492e-05 23.70708278377177436 -0.1780276828108907083 0.9840254793338921724 1.330117912711332115e-05 -8.258150699553404195 -1.133917463921109311e-05 -1.556856649794581332e-05 0.9999999998145214786 0.4943077075887372107
0.9846649964034253077 0.1744558531052372297 1.331913100330677501e-05 24.64992393486156885 -0.1744558532396252026 0.9846649964219992279 9.691831997530221478e-06 -8.427251662684453137 -1.142408526243344003e-05 -1.186680808258292037e-05 0.9999999998643345211 0.4942878618610305197
0.9856763824401664209 0.1686477659121766171 1.243910060127976059e-05 25.64461882921037272 -0.1686477658862799434 0.9856763825181815708 -3.109777176927322e-06 -8.625358625987713523 -1.278538465582263961e-05 9.674073919082025604e-07 0.9999999999177990873 0.4942464122779590685
0.9864532241996438744 0.1640427881545311051 1.108366152921074261e-05 26.65264518075359135 -0.1640427880437076991 0.9864532242269118401 -1.026693713276761972e-05 -8.827391587165184461 -1.261773064479621447e-05 8.309658498289141732e-06 0.9999999998858711825 0.4942242837818067724
0.9871819033757126549 0.1595991526368913949 1.128379952361311753e-05 27.67238906426916856 -0.1595991526672911331 0.9871819034335695964 1.841234729427604605e-06 -9.010619308467386901 -1.084530318906093955e-05 -3.618518447594049045e-06 0.9999999999346428359 0.4942519401362561182
0.9881898192016441707 0.1532347252487498979 1.436644618805546249e-05 28.7380334292677837 -0.1532347254414525017 0.9881898191848820234 1.343374962279134098e-05 -9.181256246668841214 -1.213825892839493968e-05 -1.547653304814241207e-05 0.9999999998065698392 0.4942477331815918751
0.9894115891985060252 0.1451368557892908639 1.592225144888156062e-05 29.85205054400449853 -0.1451368560108750316 0.9894115891982774302 1.377136004632817963e-05 -9.357520112371719989 -1.375492821258613798e-05 -1.593644874476765093e-05 0.9999999997784158046 0.4942278947615994511
0.9905568580121866251 0.1371025559003875849 1.458898684268719096e-05 30.95617192655688399 -0.1371025560170067992 0.990556858076477198 7.313979587789741698e-06 -9.525920362024782762 -1.344845567412205406e-05 -9.245100025877165501e-06 0.9999999998668336332 0.4941943130443725574
0.991671558538931297 0.1287925456972203453 1.265027091715721365e-05 32.12784613216170015 -0.1287925456153349579 0.9916715586049021924 -7.090757940794994042e-06 -9.712614080005266715 -1.345815064330932199e-05 5.402442384226170238e-06 0.9999999998948458924 0.4941461946446793485
0.9929406426749242121 0.118612309587244294 1.187101229460789125e-05 33.31980655787746315 -0.1186123094590105786 0.9929406427004803248 -1.098135275191137763e-05 -9.894824988409073541 -1.308973418960970495e-05 9.495783275043188722e-06 0.9999999998692444825 0.494147582588728429
0.9933827699810919842 0.1148506515266661254 1.228111966567128262e-05 34.53744514994576775 -0.1148506515847940029 0.9933827700416800743 4.13517810875069271e-06 -10.05319249479171795 -1.17249247727290648e-05 -5.518309279829114446e-06 0.9999999999160371633 0.4941656420807175043
0.9944481432143956745 0.1052278015925151439 1.522103541271187504e-05 35.8330640056650509 -0.1052278016373980885 0.9944481433237515322 2.176359825179167256e-06 -10.2148994557053161 -1.49075168457585214e-05 -3.76595308224049455e-06 0.999999999881791779 0.4941370655621057928
0.9955008670617789823 0.0947524324163538656 1.525330498400670385e-05 37.05964863247579899 -0.09475243255143658838 0.9955008671304267365 8.389682318865733667e-06 -10.34908713109872025 -1.438973553127051764e-05 -9.797223774487314184e-06 0.9999999998484749852 0.4941310809370443313
0.9961168593256275461 0.08804091295696532538 1.466918392869765384e-05 38.28657489840997385 -0.08804091315823052433 0.9961168593217759604 1.369010758673092908e-05 -10.47143860470726651 -1.340693185345291164e-05 -1.492843532149293568e-05 0.9999999997986980249 0.4941276215140044115
0.9967660231909715174 0.08035853875623248654 1.622502192615180334e-05 39.59479010759714157 -0.08035853899286019009 0.9967660231984851738 1.449974123104917325e-05 -10.58801852491513529 -1.500737256396793439e-05 -1.575666846128374513e-05 0.9999999997632530446 0.4941145628209112073
0.9974137055385047246 0.07187419461442269564 1.243824085855565484e-05 40.90089234701473941 -0.07187419450144484634 0.9974137055808065533 -9.304057237355410138e-06 -10.72430781163203051 -1.307479352622000937e-05 8.386005662929341093e-06 0.999999999879362389 0.4940539017575449887
0.9976996175151633395 0.0677899183002167588 1.375426155701113251e-05 42.23533754657539419 -0.0677899183368037006 0.9976996176050354492 2.210972816102394162e-06 -10.83354627540557757 -1.357273982930206385e-05 -3.138287000694604653e-06 0.9999999999029659525 0.4940677602983552519
0.9973128848915219224 0.07325987561788580016 1.600108262665033863e-05 43.56669507669992925 -0.07325987618733820206 0.9973128842349840983 3.849864748180825062e-05 -10.91247703947492553 -1.313767973929283019e-05 -3.956743451659568719e-05 0.9999999991309097558 0.4941153836739793914
0.9971490702146995622 0.07545681895197983713 1.567932820312459334e-05 44.91497767360654336 -0.07545681910303918272 0.9971490702833932795 9.276241276252887222e-06 -11.04366271777735875 -1.493467188187679121e-05 -1.043290759558311634e-05 0.9999999998340549645 0.4940370795486547228
0.9969547654031950534 0.07798202084486224872 1.292457711933707803e-05 46.29674816658875613 -0.07798202063869091871 0.9969547653786106078 -1.575497352015088834e-05 -11.19074781480163772 -1.411382342308510164e-05 1.469911129004909709e-05 0.9999999997923680883 0.493997949778816059
0.9969374061597436887 0.07820363184962461633 1.293227270438769452e-05 47.69194098829662209 -0.07820363164138599554 0.9969374061332775261 -1.589288884400224516e-05 -11.33687186244673128 -1.413554803350379707e-05 1.483286468966485397e-05 0.999999999790086247 0.4939882169373246423
0.9969336873023944001 0.07825102554025578638 1.121530117724721624e-05 49.07593780470971012 -0.07825102518312698763 0.9969336869610666563 -2.936386087073411405e-05 -11.50499177958859853 -1.347866377996817922e-05 2.839621327643833659e-05 0.999999999505990389 0.4939581037644764638
0.9967606434955674777 0.08042524120581005798 1.255079043578588087e-05 50.49721045359940064 -0.08042524096478055606 0.9967606434194717924 -1.865450119351177673e-05 -11.66439324111719422 -1.401042670825915189e-05 1.758467226863708328e-05 0.9999999997472436286 0.4939588301243573731
0.99678921159155498 0.08007039090455164709 1.254238384512180771e-05 51.89800593182587818 -0.08007039079370263657 0.9967892116377867762 -9.104722621989369259e-06 -11.81943041193382093 -1.323113160445769438e-05 8.0712157081690353e-06 0.9999999998798962952 0.493954834884683891
0.9966304406611683486 0.08202295159734877827 1.268925143378731046e-05 53.28266572674593249 -0.08202295154432542867 0.9966304407354887873 -4.644932324639536275e-06 -11.97561169920683888 -1.302748530829575496e-05 3.58847109405949432e-06 0.9999999999087036961 0.4939510120969137219
0.996659154140315473 0.08167331445094730413 1.330941429549543452e-05 54.69590571068408735 -0.08167331443591974161 0.9966591542290156314 -1.669633378310654231e-06 -12.13203225197590029 -1.340131408695661231e-05 5.770314118376285084e-07 0.9999999999100358528 0.4939426427459616131
0.9967736630065409109 0.08026371884295152581 1.32761131645116847e-05 56.16105324974341784 -0.08026371854770493475 0.9967736628879302341 -2.145009787373982658e-05 -12.32463016075676876 -1.495494457279662863e-05 2.031530241901261709e-05 0.9999999996818190739 0.4938893368505674619
0.9967969430183162283 0.07997408438613073933 1.477066974319229758e-05 57.6817057750512987 -0.07997408385706340772 0.9967969426078836515 -3.348181166354750329e-05 -12.53809015248560144 -1.740103567166595365e-05 3.219329673227209679e-05 0.9999999993303978485 0.4938567981391129291
0.9969639058051221747 0.07786507781137952389 1.347057116388689087e-05 59.15456848531785283 -0.07786507758361793652 0.9969639057743948651 -1.667914092816640505e-05 -12.71434929978129347 -1.472839584675923783e-05 1.557961441644716444e-05 0.9999999997701749521 0.4938762504221074767
0.9970728141846448844 0.07645785139776498096 1.325830010519669421e-05 60.62237661283964485 -0.0764578512679281036 0.9970728142322162757 -1.00385469178787115e-05 -12.88935101461236066 -1.398701632632043279e-05 8.99546108822521757e-06 0.9999999998617224994 0.4938686377392227933
0.9972665231832822386 0.07388830468260587647 1.308782736852346513e-05 62.12260570523572056 -0.07388830466534053454 0.9972665232688201487 -1.798497456791551337e-06 -13.0536744557705422 -1.318494002500821155e-05 8.265439296756527181e-07 0.9999999999127371364 0.4938612447422168761
0.9972096068070935848 0.07465252779703571151 1.368895420204540459e-05 63.64510728196746214 -0.07465252777445177679 0.9972096069004136032 -2.154111626119343851e-06 -13.2237107501659672 -1.381156651674625309e-05 1.126185773929686496e-06 0.9999999999039861365 0.4938416117073882727
0.9972575053902278386 0.0740099167294563931 1.306872636557511054e-05 65.11772041843624947 -0.07400991681095085706 0.997257505452559645 5.865740022416163521e-06 -13.37668995392759008 -1.259876252415987279e-05 -6.816868613163652985e-06 0.9999999998974007376 0.4938326891134740548
0.9973352718125982896 0.07295447508353301858 1.28844862668609607e-05 66.63111658629429712 -0.07295447525156513457 0.9973352717976103898 1.309153696830208688e-05 -13.5233906852755581 -1.189506640537322034e-05 -1.399663251521106818e-05 0.9999999998313008343 0.4938327881823884047
0.9972597841883662495 0.07397920417455428055 1.387464729872578225e-05 68.1816544521650485 -0.07397920464118683259 0.9972597835699027469 3.683749652657418287e-05 -13.64655614440703957 -1.111141908541719816e-05 -3.776298920796776509e-05 0.9999999992252465164 0.4938402909867455337
0.9972432106354915948 0.07420228186351143784 1.448783758166281881e-05 69.71919143688892007 -0.07420228211213865388 0.9972432105695302473 1.745162094371236844e-05 -13.79422394265556662 -1.31529475679068472e-05 -1.847854111213068049e-05 0.9999999997427717613 0.4937823009841740274
0.997245934528965372 0.07416566495030244011 1.44969988271926758e-05 71.30532802776809831 -0.07416566508089929288 0.997245934586780014 8.687954977911099263e-06 -13.94691938590875679 -1.38127251861321401e-05 -9.739207340788299486e-06 0.9999999998571782456 0.4937491516159431826
0.9972852750451508541 0.07363477413265089033 1.479135878968751787e-05 72.93501062741590601 -0.07363477423115512288 0.9972852751281179318 6.228468020741939231e-06 -14.09695927369884139 -1.429257248419245339e-05 -7.300717808226191307e-06 0.9999999998712109095 0.4937201115902308812
0.9964903917793822563 0.08370722108757443214 1.521189931135910781e-05 74.55603380405277392 -0.08370722100597391413 0.9964903918847299868 -5.925132765331596865e-06 -14.2725083464008069 -1.565448790444814222e-05 4.630992053093560799e-06 0.9999999998667454815 0.4936758958047007262
0.995917953430480396 0.09026311410210417774 1.642153714799452806e-05 76.18545015554582278 -0.09026311371650180826 0.9959179533380499993 -2.287759694057188832e-05 -14.47298599589300849 -1.841950681012424399e-05 2.130195044947260253e-05 0.9999999996034742988 0.4936292404710214687
0.9954984405649511814 0.09477792234156647011 1.648027555821240204e-05 77.86144059934876793 -0.09477792222027993374 0.9954984406808256026 -7.992763973916047938e-06 -14.66228103584984588 -1.716362618340504955e-05 6.394817796812124949e-06 0.9999999998322580685 0.4936296426473414378
0.9938942261457159866 0.1103370608420494448 1.552994044094145712e-05 79.55488315561537149 -0.1103370609174110784 0.9938942262503059899 4.079944383825261932e-06 -14.86756410910018644 -1.498494906655253419e-05 -5.768561150555507099e-06 0.9999999998710874527 0.4936225364981297048
0.9923658988947163806 0.1233285144204488842 1.561920284329267671e-05 81.30011603098444084 -0.1233285144438046599 0.9923658990145863834 5.374181649973345641e-07 -15.11342358474807668 -1.543368528756363671e-05 -2.459608543849662027e-06 0.9999999998778758004 0.4935860138442944023
0.9898164560353348573 0.142349510444941707 1.549091235920697487e-05 83.02936603095211865 -0.1423495103969553977 0.9898164561546999307 -4.163036605219179417e-06 -15.3881020139015785 -1.592576619671061473e-05 1.915518348988158144e-06 0.9999999998713503535 0.4935491667736475185
0.985064889373839514 0.1721835168621896894 1.568777820755546155e-05 84.76798771424736856 -0.1721835169725128012 0.9850648894614063567 5.966287474656995216e-06 -15.69314575729253036 -1.442618314592340842e-05 -8.578357136457154952e-06 0.9999999998591485584 0.493541393223775271
0.9796960134660551711 0.2004887052520978041 1.634898478688232051e-05 86.51399629859565721 -0.2004887052778307754 0.9796960135972012651 -6.623705757711427285e-08 -16.06706572559887647 -1.603031500398324598e-05 -3.21289461127695925e-06 0.9999999998663531287 0.4934989666448996726
0.9741035720881101589 0.2261022569353583478 1.6004819247710867e-05 88.25716264757089391 -0.2261022568016385348 0.9741035722018772658 -9.745815921569259908e-06 -16.49552509911942622 -1.779390257718387766e-05 5.874708350504069159e-06 0.9999999998244324395 0.493460950548958277
0.967438161070376168 0.2531074955188712949 1.480426116230549028e-05 89.98274776137682807 -0.253107495323170506 0.9674381611350665322 -1.389478488932477622e-05 -16.96990317600115006 -1.7839081399934556e-05 9.695275678895580877e-06 0.9999999997938844309 0.4934238323814941207
0.9591386701610914445 0.282936408399516337 1.434670180932941567e-05 91.73489159772785229 -0.2829364080941103032 0.9591386701470252518 -2.014030252135326127e-05 -17.51594532875646237 -1.945890135386755686e-05 1.52581386990439021e-05 0.9999999996942702252 0.4933838090398698917
0.9498467641405552442 0.3127157247312067345 1.264063545610010618e-05 93.43715796632299941 -0.3127157243515841789 0.9498467640116953215 -2.533786997566102466e-05 -18.11352232074396085 -1.993021705561210828e-05 2.011416833367709003e-05 0.9999999995991033508 0.4933344952213755685
0.9400288959459820459 0.3410948176712985669 1.210762403823233444e-05 95.10271643013628307 -0.3410948174099265873 0.9400288959170207681 -1.947687957776159248e-05 -18.74361999122842093 -1.802497914522034657e-05 1.417898179536718395e-05 0.9999999997370282445 0.4933137380394382876
0.9284982782034263415 0.3713367031743231572 1.584708651115598551e-05 96.79483608157492824 -0.3713367030970479155 0.9284982783378282756 -7.677013389814801343e-06 -19.42887637751863039 -1.756474938467791788e-05 1.24348885544133122e-06 0.9999999998449666805 0.4933017635229436371
0.9090147461061611756 0.4167639510695243521 2.127682493058701644e-05 98.5238556817372455 -0.4167639512437855132 0.909014746264937612 4.334938283885859935e-06 -20.20360997019215432 -1.753430160876624029e-05 -1.280793645150610811e-05 0.9999999997642524674 0.4932916099719177327
0.8792404611380671975 0.4763782227560639515 1.958891722135553814e-05 100.1519841673203359 -0.4763782228440190947 0.8792404613086042264 -1.994210059436345546e-07 -21.07684077532490363 -1.731836843863235852e-05 -9.156394556121454637e-06 0.9999999998081172681 0.4932442567941082157
0.8439640018131162602 0.5363998166569994286 1.833468692318753911e-05 101.7057766801561627 -0.5363998166746352103 0.8439640019898132506 -4.357665142149270694e-06 -22.0531955407746878 -1.781126653422511678e-05 -6.157010192454803544e-06 0.9999999998224250453 0.4932029938529168822
0.8079755485324696673 0.5892160152317351685 1.924378702559247851e-05 103.1932398184719801 -0.5892160152533897355 0.8079755487295842142 -5.126155324402023307e-06 -23.12416236390815172 -1.856892219534143849e-05 -7.196939349508116414e-06 0.9999999998016996239 0.493171502540321105
0.7694870387208537776 0.6386624279890282807 1.78326561334807297e-05 104.5714423294475779 -0.6386624280290092992 0.7694870388834005315 -4.096281020842146663e-06 -24.25976261565135417 -1.633813854607441541e-05 -8.237012311918946419e-06 0.9999999998326084549 0.4931414341654387634
0.729333080108003351 0.6841587960353221476 8.36085503462746423e-06 105.8580770415778431 -0.6841587959031920629 0.7293330801410498054 -1.423011963637880923e-05 -25.4790822323350632 -1.583350967288117223e-05 4.658344471493671979e-06 0.9999999998637998377 0.4930927340510404266
0.684747918670082556 0.7287799994242353252 1.784473034918301448e-05 107.1064391473710913 -0.7287799994694951211 0.6847479188359142377 -5.035845617679210218e-06 -26.78193761690179286 -1.588916553514393829e-05 -9.55659776896118468e-06 0.9999999998281029479 0.493086061697820599
0.6394712500813360956 0.7688150101981620077 2.038739856037189712e-05 108.2353224421086253 -0.7688150103385795742 0.639471250235920996 -1.42510305718262231e-06 -28.12775238295825631 -1.413279586790031975e-05 -1.476282560149775758e-05 0.999999999791161609 0.4930625872654031405
0.5940685875125154558 0.8044143914741479495 1.106316975809648807e-05 109.2456315540976703 -0.8044143914107217963 0.5940685876094414786 -1.045342794713410606e-05 -29.51025238723781285 -1.4981169513588602e-05 -2.689319792814874954e-06 0.9999999998841659909 0.4930299575719606087
0.544885613073996411 0.8385103867278623779 4.086393701978209847e-06 110.1736773956013025 -0.8385103865821750269 0.5448856130602827141 -1.661216590542665753e-05 -30.95464675947571109 -1.615609079525479424e-05 5.625246641092630723e-06 0.9999999998536686086 0.493000691745408004
0.497698367314779011 0.8673501802464137489 -9.746484790646783214e-07 110.980567855177739 -0.8673501800206017132 0.4976983671589036984 -2.340563580053783908e-05 -32.4028737841683494 -1.98158014737940085e-05 1.24943082576655762e-05 0.9999999997256132644 0.4929719987934619851
0.4472809314050920082 0.8943935198666115305 4.923342982437423276e-06 111.6884514817794809 -0.894393519725198205 0.4472809314232890632 -1.615299754054731727e-05 -33.83474800766997959 -1.664925376158776153e-05 2.821521726043604664e-06 0.9999999998574207183 0.4929550456674834935
0.4009277869382363302 0.916109660281642868 1.301490203524675168e-06 112.2988721776656718 -0.9161096601142336704 0.4009277868913964094 -1.860062867654352717e-05 -35.2796428868620211 -1.756201920485325562e-05 6.265201142953498926e-06 0.9999999998261612788 0.4929257623139950972
