0.9999727208254474142 0.007386311999347235611 0 -0 -0.007386311999347235611 0.9999727208254474142 -0 0 -0 0 1 0.4949999999999998845
0.9999669368338429676 0.008131716163048686302 2.082347886696793671e-05 0.003563178563258027204 -0.008131717100823365393 0.9999669360145543306 4.535293659931264178e-05 0.006262651204418430255 -2.045399315218032982e-05 -4.552076772683489545e-05 0.9999999987547467661 0.4950100266900812618
0.9999444809363061681 0.01053731477932006236 6.6704900897000404e-06 0.0282281393855838697 -0.01053731494183330654 0.9999444806489171667 2.481565069420984683e-05 0.01285859033676485172 -6.408629425600989621e-06 -2.488456200740973067e-05 0.9999999996698437643 0.4950064503699564966
0.999977295219619311 0.006738614680105688322 1.093983120494902499e-05 0.02355285473485659725 -0.00673861481003195685 0.9999772952079765131 1.18833456975843429e-05 0.01334615632791636038 -1.085950553059221781e-05 -1.19567951974052111e-05 0.9999999998695529024 0.4949948252173487773
0.9999597578602165138 0.008971207669410466434 9.763301116016372724e-06 0.04927473417715024645 -0.008971207807659834985 0.9999597578056779179 1.420965137156434626e-05 0.01481014872500754399 -9.63543048599116031e-06 -1.429666814798828969e-05 0.9999999998513816601 0.4950139516026048625
0.9999723542124030473 0.007435771071410996781 1.103224840275432947e-05 0.04746732364784875952 -0.007435771228486734614 0.999972354170332034 1.426583636855428784e-05 0.01230266129480157844 -1.092586591373058729e-05 -1.434747525351927289e-05 0.999999999837387521 0.4950240884611047387
0.9999345887272368394 0.01143757807719914671 8.766538174814058414e-06 0.02419584195950112357 -0.0114375781655597971 0.9999345887136834587 1.009633543885056954e-05 0.004772390606112060334 -8.650487119399962165e-06 -1.019594299031515169e-05 0.9999999999106057302 0.4950166412742457167
0.9999548178096800966 0.009505904846290606086 1.070024935728636305e-05 0.03149024504412450964 -0.009505904980920540023 0.9999548177862390697 1.260220158151242861e-05 -0.002424399181335167193 -1.057997056724445624e-05 -1.270334774010508455e-05 0.9999999998633443132 0.4950375218192789584
0.9999529263068411833 0.009702836592159711296 1.160531995539227213e-05 0.02475621445428204809 -0.009702836722557490676 0.9999529263098274612 1.12330110487202009e-05 -0.01653384079156241734 -1.149578157951218759e-05 -1.134508679404556208e-05 0.9999999998695677794 0.4950365767123009464
0.999970131939471818 0.007728849762235736644 1.060850852164905259e-05 0.01877387143445038986 -0.007728849986227902605 0.9999701317684722701 2.123834153049275898e-05 -0.009599488709042517179 -1.044404371336643317e-05 -2.131969875336665453e-05 0.9999999997181959754 0.4950352590799260155
0.9999733366607729268 0.007302458512914480372 8.331866270838374203e-06 0.02098487793579075986 -0.007302458675050157652 0.9999733365022516196 1.959812693230045307e-05 -0.002850969226804037429 -8.188529605279009437e-06 -1.965844748992596065e-05 0.9999999997732464951 0.4950352543457993693
0.999983429877483232 0.005756728753793145976 6.837582735562738331e-06 0.02803323354444919174 -0.005756728871665355365 0.9999834297497344204 1.734614364190000983e-05 0.002965624586709954529 -6.737612391233745766e-06 -1.738521832412131458e-05 0.9999999998261791534 0.4950498379394084325
0.9999647114889552713 0.008400937180182109498 5.791149575556239197e-06 0.01082253530667610063 -0.008400937269450212824 0.9999647113838114887 1.556656083295087026e-05 0.01072166547445584442 -5.66017151423118773e-06 -1.561466259649971135e-05 0.9999999998620721087 0.4950381112271288742
0.9999663966688853156 0.008197893689343566104 8.621848466514687317e-06 0.01167844954529947098 -0.008197893772532022227 0.9999663966587336583 9.657894520631648481e-06 0.009011304398637353524 -8.542384351056014533e-06 -9.728250981054922941e-06 0.9999999999161941489 0.4950306228297107758
0.9999782706345291539 0.006592281443892815049 9.293725524510733235e-06 0.002901090294832864118 -0.006592281529905094813 0.9999782706343229854 9.25482379105763668e-06 0.008608956473381178948 -9.232513174606139157e-06 -9.31588954472823849e-06 0.9999999999139872475 0.4950364199044980373
0.9999589667433025353 0.009058961683921016098 6.716299588277401764e-06 0.001182944141323737878 -0.009058961752098941209 0.9999589667133081949 1.019115724415093731e-05 0.006872628745660610931 -6.623702693441639724e-06 -1.025158176886532479e-05 0.9999999999255155814 0.4950333834325985616
0.99994906563754693 0.01009286885714797549 1.14482137839518258e-05 0.0370600677792030514 -0.01009286904364944774 0.999949065567501072 1.635180482443370756e-05 0.006885644593826394967 -1.128259405400848898e-05 -1.646651727818545618e-05 0.9999999998007782498 0.4950507338674732249
0.9999355043408422183 0.01135724325716077308 1.36548793624888979e-05 0.07262787773431872429 -0.01135724347505866032 0.9999355043037961854 1.598729577942731568e-05 0.005573225306798334361 -1.347242707434678431e-05 -1.614134645779014728e-05 0.9999999997789751349 0.4950453345122551307
0.9997924050077953151 0.02037515064063205941 1.128417643358242563e-05 0.1339299581883397483 -0.02037515080327447284 0.9997924049631446985 1.4490949499129251e-05 0.003686379895274692099 -1.098657861558933166e-05 -1.471785804710589448e-05 0.9999999998313396921 0.4950320982048445062
0.9996133121514599873 0.02780694162279231593 1.301564045569819851e-05 0.2508184181368124377 -0.02780694177804425571 0.9996133121610082384 1.1903095947217376e-05 -0.002059690687077254771 -1.267961877168249777e-05 -1.226041832101017057e-05 0.9999999998444545346 0.4950245472318766105
0.9993026099310745591 0.03734024152013781794 1.226348751665482043e-05 0.3582599501843672929 -0.03734024166573940429 0.9993026099304274101 1.18664639739859619e-05 -0.007085249109917099788 -1.181183845146376321e-05 -1.231611000739388229e-05 0.9999999998543966928 0.49503117425276566
0.9986622465819128269 0.05170799808735854208 1.371120116730778701e-05 0.62424220936230157 -0.05170799812584020438 0.9986622466709980106 2.466873164506413579e-06 -0.0368601018669219363 -1.356530188942955828e-05 -3.172551860760764111e-06 0.999999999902958514 0.4950021679304951183
0.997004093568348182 0.07734880255053219744 1.241723768924012465e-05 1.000624590275417169 -0.07734880254054696258 0.9970040936456227021 -1.283085635810925552e-06 -0.0827353634878870009 -1.247928194544288403e-05 3.187831651781602973e-07 0.9999999999220827718 0.4949957515108540096
0.9944104252761697404 0.1055836444418808417 1.143111112302652942e-05 1.456840426450472625 -0.1055836445446200617 0.9944104252921127651 8.790193084733305257e-06 -0.1351705943551871347 -1.04391154521762509e-05 -9.947998017212981552e-06 0.9999999998960308334 0.4950170488531746016
0.9918881285425157346 0.127113887203070014 1.178064058184260641e-05 2.04495084959183826 -0.1271138872244272633 0.9918881286091508764 1.079206907752161171e-06 -0.231206975764276651 -1.15478953554001013e-05 -2.567935538392302427e-06 0.9999999999300256404 0.4949986334019156886
0.9880273753952241167 0.1542786613497868775 1.113441721896539231e-05 2.69516363825846561 -0.154278661236408543 0.9880273754207752335 -1.041481386997153919e-05 -0.3601148267071307973 -1.260789256376067057e-05 8.572318230988158297e-06 0.999999999883777968 0.4949657366773561051
0.9830772343150924186 0.1831915697663513698 1.183897526430517042e-05 3.47520541600374866 -0.1831915696334180388 0.9830772343440460359 -1.148644790335848431e-05 -0.5320438220298816523 -1.374284748275636572e-05 9.123264975418772312e-06 0.9999999998639498289 0.4949494794071213066
0.9810832684293122607 0.1935862088845802798 1.183158285097110949e-05 4.333511317977162491 -0.1935862085591895931 0.9810832682643536584 -2.428260168434150589e-05 -0.7575267584359587358 -1.630854477409721207e-05 2.153282296106746668e-05 0.9999999996351842668 0.4949087931028004483
0.9797651117283155964 0.2001507575069260136 1.056586173015707274e-05 5.258884511863316291 -0.2001507574375095688 0.9797651117724704983 -7.273371753131873738e-06 -0.9718106869574177908 -1.180783356503864116e-05 5.011430660077892132e-06 0.9999999999177301424 0.4949589523181790462
0.979630506332816231 0.2008085429463189464 1.200495501761013141e-05 6.267730849074007793 -0.2008085428465989364 0.9796305063853282258 -9.01574335636256321e-06 -1.220251230491092409 -1.35708584500036234e-05 6.421399705134928255e-06 0.9999999998872984852 0.4949461120886138876
0.9807009600646197089 0.1955137509976228871 1.007001696195015852e-05 7.340855425299883663 -0.1955137505364022421 0.9807009595714433203 -3.534221696081253064e-05 -1.520719182287696425 -1.678556470406548722e-05 3.26913193200848893e-05 0.9999999993247610242 0.4948762761145140132
0.9818756505347738806 0.1895262694198762143 9.430347227967383254e-06 8.492658610845577272 -0.1895262688823474984 0.9818756498105357666 -4.141143251183776675e-05 -1.842298041905445549 -1.710798262770105372e-05 3.887357871275595131e-05 0.999999999098080683 0.4948415195930765953
0.9827047352121770496 0.185179381394299597 1.001109570891956931e-05 9.642086756290726868 -0.1851793810233880455 0.9827047348717253827 -3.011177968147459228e-05 -2.140260889902366959 -1.54140318885061909e-05 2.773713997190728006e-05 0.9999999994965290684 0.4948659872593734743
0.982870188280066337 0.1842991938770634774 1.134918251984387978e-05 10.70611927564302235 -0.1842991939121580436 0.9828701883367254588 2.119201344735899024e-06 -2.372500301016899904 -1.076420606124881261e-05 -4.174545014673129071e-06 0.9999999999333523126 0.4949068797400936193
0.9840253711307989093 0.1780282807103775733 1.550590239372547668e-05 11.85251620786914373 -0.1780282809663699117 0.9840253710584957458 1.707575427388569544e-05 -2.608076753067913423 -1.221823418136978026e-05 -1.956346458468597073e-05 0.9999999997339925617 0.494864553467447843
0.9854443635583163275 0.1699982530379157974 1.724628514542263149e-05 13.16280480148672183 -0.1699982532315184314 0.9854443636204222035 1.04501786643530586e-05 -2.861699063329179005 -1.521874237307323611e-05 -1.322990801241861978e-05 0.9999999997966795284 0.4948075479559360113
0.9868359393533007173 0.1617245453666850685 1.512812087458480612e-05 14.46409040768991616 -0.1617245454557443562 0.9868359394427266285 4.853513736384086298e-06 -3.109425205440801587 -1.414404107282634198e-05 -7.236210259250535732e-06 0.9999999998737915119 0.4947773799054618338
0.9895112717644296563 0.1444556778306859968 1.399466556752756786e-05 15.93969707537579517 -0.1444556780258369477 0.9895112717343124142 1.410928335825474234e-05 -3.347740417023765236 -1.180971323199868744e-05 -1.598290382281338922e-05 0.9999999998025385084 0.4947837002305138232
0.9915300589115859653 0.1298774116315238314 1.499718025828640166e-05 17.52316706661683199 -0.1298774117959282381 0.991530058947227344 1.05608447003684802e-05 -3.576201842058067459 -1.349853985121456726e-05 -1.241918992409568583e-05 0.9999999998317763428 0.4947515285082700887
0.9927586881651925266 0.1201257126292947369 1.549395859599757194e-05 19.1681720998186691 -0.1201257128380577854 0.9927586881713676981 1.332839129968796443e-05 -3.787577037320202678 -1.378067950726693516e-05 -1.509309908305815191e-05 0.9999999997911453997 0.4947520032710333027
0.9940155525919252 0.109238642369551997 1.486134204523836721e-05 20.78912373021416826 -0.109238642512366757 0.9940155526451066592 9.161396180230394e-06 -3.989396399917810143 -1.377162664520761326e-05 -1.073000311753906442e-05 0.9999999998476044594 0.4947127233700245319
0.995198743861140489 0.09787471592831815947 1.419125804159484299e-05 22.43088581541159954 -0.09787471590473305338 0.9951987439618702469 -2.348681759894896304e-06 -4.18887221471770399 -1.435299873828971484e-05 9.484397880251340217e-07 0.9999999998965457548 0.4946721983432808001
0.9956848188439677561 0.09279946831981113198 1.433345547133136777e-05 24.11215102323023629 -0.09279946841805659929 0.9956848189177507358 6.347006814054189686e-06 -4.362787741786996243 -1.368260515767177002e-05 -7.649755378186417267e-06 0.9999999998771335052 0.4946782288450392029
0.9965717944911460791 0.08273244956296299524 1.470514360384162117e-05 25.81794003715929264 -0.08273244959918911456 0.9965717945948739942 1.871473105443248267e-06 -4.547818757260067457 -1.449989979675125763e-05 -3.081649863087153333e-06 0.9999999998901279996 0.4946398065407557332
0.997256566295625535 0.07402256918459730606 1.529061341120733781e-05 27.50045778405826979 -0.07402256928948673653 0.9972565663844566997 6.410872902161653761e-06 -4.696177711378719088 -1.477411534543884078e-05 -7.525135588077246109e-06 0.9999999998625487274 0.4946343982220722801
0.9981327861894266906 0.06108142827545877396 1.599358397590636301e-05 29.17717664623424767 -0.06108142840716729999 0.9981327862783987426 7.87991462716355735e-06 -4.824657455076945212 -1.548240409633314888e-05 -8.842112096343910044e-06 0.9999999998410559199 0.4946091475517619407
0.9987457169827544945 0.05006987710740924691 1.474059475830185268e-05 30.86462438708741374 -0.05006987715617494672 0.9987457170847089394 2.957798858881667028e-06 -4.939521280974297213 -1.457400925676265009e-05 -3.692148710761671577e-06 0.9999999998869829598 0.4945793825285731415
0.9991121560100575394 0.04212955663370998582 1.315347798052547943e-05 32.58664254203062427 -0.04212955645713275382 0.9991121560138952473 -1.342474634129499516e-05 -5.068840438852160624 -1.370737835548290596e-05 1.285867706775115999e-05 0.9999999998233808363 0.4945424077273677388
0.999185875984051175 0.04034333973420458491 1.324036590433670691e-05 34.32871874391108236 -0.04034333963067553847 0.9991858760439671361 -7.995394604845143264e-06 -5.179040878512671142 -1.355214752611964007e-05 7.454724783567285677e-06 0.999999999880383017 0.4945345160537690243
0.9993647831492121769 0.03563747940284518051 1.628412132948829104e-05 36.14348055491291944 -0.03563747944808278584 0.9993647832771519468 2.496262488667593265e-06 -5.271908619563713927 -1.618481688027894136e-05 -3.075001859880473663e-06 0.9999999998642977728 0.4945241375791060712
0.999607368640723859 0.02801978433763234119 1.571855713705531591e-05 37.90564422648100162 -0.02801978444028969256 0.9996073687412674325 6.349174264616525582e-06 -5.350829386478991978 -1.553448304656452692e-05 -6.78711196238742501e-06 0.9999999998563072756 0.4945076534456632755
0.9997234319821381998 0.02351721160317822926 1.750710737912266333e-05 39.70553392067972709 -0.02351721179769375794 0.999723432070459106 1.098894773233336917e-05 -5.409877346645617813 -1.724383606556499282e-05 -1.139762689304049239e-05 0.9999999997863718848 0.4944817504172547284
0.9997177490075296324 0.02375756811827019546 1.669300174880097138e-05 41.50561082985922212 -0.02375756812299798654 0.9997177491467812427 8.495779084027887002e-08 -5.493861023975591173 -1.66862717443115275e-05 -4.815189376439036949e-07 0.9999999998606680096 0.4944320001187245683
0.9998265082276833748 0.01862667974644434052 1.578271170504375444e-05 43.2900187999663757 -0.01862667988324316626 0.9998265083130138953 8.56542853929960874e-06 -5.55127893637350045 -1.562042804147228858e-05 -8.857922026540964786e-06 0.9999999998387695266 0.4944256331845666153
0.9998704988167828045 0.01609302173580982528 1.579624090214356275e-05 45.16029068210495723 -0.0160930216845851376 0.9998704989367229734 -3.364612691696418973e-06 -5.626991647650492645 -1.584834205733104921e-05 3.109967722998453947e-06 0.9999999998695788817 0.4943819887739403507
0.9998206218803200596 0.01894000581062375496 1.56517179489445204e-05 47.13238446494658973 -0.01894000571838100333 0.999820621986449054 -6.020825816517740913e-06 -5.698399367514641156 -1.576294485081980608e-05 5.723302184648297199e-06 0.9999999998593864792 0.4943588008324797944
0.9998667485208104777 0.01632436619397395136 1.652331344221958832e-05 49.13692184333074664 -0.01632436608063816269 0.9998667486348887801 -6.970933684845893095e-06 -5.767939219324956568 -1.663490776233259486e-05 6.700272180125124895e-06 0.9999999998391928546 0.4943286301952417028
0.9998560372129139395 0.01696775092552903555 1.672273815091295551e-05 51.15375020761101865 -0.01696775078625575167 0.9998560373195396478 -8.435365704307207682e-06 -5.840516855459273238 -1.686345988494050404e-05 8.150404072141923209e-06 0.9999999998245970856 0.4942947906954193726
0.9998215541960180364 0.01889072692843846157 1.426206934558456737e-05 53.12136031486916465 -0.01889072703966502079 0.9998215542659510957 7.704747840108262677e-06 -5.892600220758833274 -1.411397605265114455e-05 -7.972793819213735902e-06 0.999999999868614875 0.4942886130760104635
0.9998951072079463875 0.01448358868530502663 1.557680116209102583e-05 55.05626515628696183 -0.01448358878276099181 0.9998951073088788721 6.161977644537660352e-06 -5.950479171565304704 -1.548591971980649342e-05 -6.386939280080659531e-06 0.9999999998596964534 0.4942541878769528552
0.9998812323769175059 0.01541170945477621929 1.882368047958041821e-05 57.08517594687599228 -0.01541170922713314129 0.9998812324834371879 -1.217921612527383405e-05 -6.032150009302213789 -1.900914737810692473e-05 1.188766453858789298e-05 0.9999999997486676007 0.4941778661762153413
0.999769755466355714 0.02145776385049372875 2.06763742151866633e-05 59.18717445930752064 -0.02145776276184026971 0.9997697543766315142 -5.150901828102207947e-05 -6.162576673306748631 -2.177688192096134543e-05 5.105348987844502681e-05 0.9999999984596540381 0.4940818748990769005
0.9996576641899850291 0.02616398443923977427 1.862039660197165638e-05 61.30237004543342749 -0.02616398362356959356 0.9996576634694694929 -4.277778766594825363e-05 -6.283611646457881506 -1.973325953083859477e-05 4.227595954559872343e-05 0.9999999989116706844 0.4940490425889205728
0.9995435455830697924 0.03021092828938472252 1.724390081150873038e-05 63.3321758499252212 -0.03021092759140759504 0.9995435449765464053 -3.939566150980944548e-05 -6.40737491536707271 -1.842620925114513451e-05 3.885672494729549436e-05 0.9999999990753146717 0.4940223066586680867
0.9993670182973298788 0.03557474531466279372 1.541213398545170841e-05 65.28508544398626157 -0.03557474482941248156 0.9993670179621665373 -3.069138828388458587e-05 -6.540922298042449512 -1.6494216703026832e-05 3.012367846286219834e-05 0.9999999994102521939 0.494000193162911605
0.9992301008178986477 0.03923270817541760214 1.519563169497858375e-05 67.29827075613664533 -0.03923270800942903896 0.9992301008786188543 -1.107179756275296387e-05 -6.661328494047210391 -1.561830919424454024e-05 1.046710761355714238e-05 0.9999999998232538267 0.4939852097003981646
0.9990373326817569843 0.04386807032816189555 1.777741253037438577e-05 69.32444464239681281 -0.0438680700190104203 0.999037332701587566 -1.742231992991308777e-05 -6.808530687454133812 -1.852458235264614806e-05 1.662568725426931968e-05 0.9999999996902129151 0.4939320622700782981
0.998663245314204584 0.05168870407172158898 1.822414009058664664e-05 71.32568214244685123 -0.05168870382059081309 0.9986632453954631394 -1.399216618531238924e-05 -6.962334234622439944 -1.892301582468181381e-05 1.303147991207242942e-05 0.999999999736049805 0.4938932961103238428
0.9984773785297015314 0.05516270720664970956 1.732978133980562642e-05 73.24350150698832351 -0.05516270692932807168 0.9984773785657240497 -1.609290110153184286e-05 -7.126110224182157893 -1.819112263485566584e-05 1.511244005559826749e-05 0.9999999997203483648 0.4938470333033759263
0.9985392830230777061 0.05403054689247694525 1.626315752831511625e-05 75.1826229245424571 -0.05403054669843804919 0.9985392830921776541 -1.214333364022770989e-05 -7.282698799845622517 -1.689551261681823243e-05 1.124688837432533627e-05 0.999999999794024319 0.4938170632917861513
0.9984570044617901985 0.05553026194849478708 1.585411379962222632e-05 77.20196773742519269 -0.05553026194218639577 0.9984570045876598465 -8.381559571958990081e-07 -7.433770836816774974 -1.587619399461947305e-05 -4.352040586061765702e-08 0.9999999998739720342 0.4937969070241492453
0.9981313947538977827 0.06110416192712796873 1.428476966877167125e-05 79.20156013216826807 -0.06110416213812368269 0.998131394732991617 1.483250529170632352e-05 -7.577108334251946964 -1.335174926780119797e-05 -1.567764807645178615e-05 0.999999999787970828 0.4937734406942013154
0.9978926709682667262 0.06488618519924509165 1.415416556416662998e-05 81.17136301264861231 -0.06488618538750312581 0.9978926709681333884 1.327312340867509227e-05 -7.741151729401216208 -1.326309573648369722e-05 -1.416356238117613968e-05 0.9999999998117417022 0.4937359297221572962
0.9975319147574882583 0.07021452009128301142 1.452041338039937918e-05 83.10095599291385327 -0.07021452016298695975 0.9975319148480265019 4.488156492162270982e-06 -7.910820464285214904 -1.416944200954294944e-05 -5.496623197430851142e-06 0.9999999998845068294 0.4936900647594354985
0.9960258915127681023 0.08906415230158502838 1.460233260388018469e-05 85.02541735771919207 -0.08906415222560598588 0.9960258916098612136 -5.774733954771470076e-06 -8.117015015878646267 -1.505862313581241712e-05 4.45124016166937471e-06 0.9999999998767119536 0.4936524372440513342
0.9930712293466769092 0.1175139702601453867 1.548580516436668281e-05 86.97460850353424178 -0.1175139703628793469 0.9930712294377531668 5.896975528601902239e-06 -8.354542715538128661 -1.468553056651820413e-05 -7.675915186746671708e-06 0.9999999998627074893 0.4936439257944522097
0.98796277112626818 0.1546918311287853731 1.589845674644580606e-05 88.89702778070905254 -0.1546918311931051726 0.9879627712398862949 2.891462551447423523e-06 -8.670650115396174584 -1.525979774893236038e-05 -5.316018742187898187e-06 0.9999999998694389935 0.4936100589466262956
0.9799752339541845103 0.199119412971164006 1.47204889482257894e-05 90.75725233116197899 -0.1991194129844890415 0.9799752340618718138 -5.695741217967945274e-07 -9.064821646193870208 -1.453912786731851216e-05 -2.372966584953322343e-06 0.9999999998914911314 0.4935723062473630351
0.9681247642595096625 0.2504684423684858108 1.439465564571572627e-05 92.5220098568657221 -0.2504684425483539867 0.9681247642401386022 1.24342454006211562e-05 -9.518833648704669415 -1.082143652580543568e-05 -1.56433078778235391e-05 0.9999999998190914896 0.4935739428961059549
0.9518385736261838481 0.3065996240797071448 1.654348043967779488e-05 94.32370727224217433 -0.306599624246001512 0.9518385736773588013 8.619420973348796059e-06 -10.09682928347511321 -1.310401159514871363e-05 -1.327652225128222312e-05 0.9999999998260091782 0.4935466988922179166
0.9295163346834957041 0.368780942211230145 1.485225851274493704e-05 96.01155499501304291 -0.3687809422656305736 0.9295163347800244891 1.007801076526235733e-06 -10.77771669201557891 -1.343375906540925422e-05 -6.413997451845561743e-06 0.9999999998891971886 0.4935025295044976335
0.9067137734503208923 0.4217465267585882027 1.431013361103140169e-05 97.68645483384199224 -0.4217465266004468138 0.906713773545922197 -1.283764793673677631e-05 -11.58616692289068872 -1.838942867547291586e-05 5.604823057304525493e-06 0.9999999998152071523 0.4934439233863059382
0.8795923775676446343 0.4757281252016011264 1.480878880809140888e-05 99.36215399599392128 -0.4757281250961666319 0.8795923776901954927 -1.019936483522098893e-05 -12.50185572367658793 -1.787782246972790479e-05 1.926326230473435673e-06 0.9999999998383360955 0.4934284953919764183
0.8499603945099920566 0.526846588255775572 1.448794761682779064e-05 100.8889844826267819 -0.5268465882599260297 0.8499603946222307194 -3.83800591265092088e-06 -13.4610329713658512 -1.433622199445079264e-05 -4.370772753165790066e-06 0.9999999998876843987 0.4934090143792267402
0.8183703454673240119 0.5746912017686695018 1.648052821960689402e-05 102.3911756600703455 -0.5746912018192409377 0.8183703455954185468 -1.955557006056153693e-06 -14.52120929686279815 -1.461101698061229781e-05 -7.870844706514585492e-06 0.9999999998622838282 0.4933834472741889798
0.7832667510944701927 0.6216857698763776918 1.285928522593284833e-05 103.8477448244214827 -0.6216857698144937494 0.7832667511992944531 -8.837151289296806778e-06 -15.70429525374897395 -1.556618176446202223e-05 -1.072587855650391707e-06 0.9999999998782714838 0.4933367089952227502
0.7420025078403266194 0.6703971047215551149 1.848931723288033065e-05 105.1964101630147752 -0.6703971048504707708 0.7420025079534362522 1.072367542383347515e-06 -16.91781860638113599 -1.300020766153272888e-05 -1.319088414935990703e-05 0.9999999998284972991 0.4933332439848236994
0.696982680077838479 0.7170879607433224834 1.518977818938435242e-05 106.3994217523824375 -0.7170879608028306595 0.6969826801791169091 -2.050683505844689947e-06 -18.17947842896984056 -1.205753276709953752e-05 -9.463116180977892666e-06 0.9999999998825325198 0.4932962059499854668
0.6391923109105724921 0.7690469358982785497 7.778420390464071979e-06 107.5268276016118989 -0.769046935823201161 0.6391923109572509309 -1.078456335775228723e-05 -19.56722402057568999 -1.326574191025798134e-05 9.114396079720646102e-07 0.9999999999115944949 0.4932588448255681435
0.5794361209987404226 0.8150176572737913849 -4.013286786695797227e-06 108.5963607643743529 -0.8150176570710656598 0.5794361207280885884 -2.569450426314313853e-05 -21.10526651323671032 -1.861603134230605897e-05 1.815922347526833692e-05 0.9999999996618428311 0.4932242809266723649
0.5180298739437546596 0.8553625252564263093 -9.539370017387941583e-06 109.5298682518012896 -0.8553625251408519814 0.518029873587787848 -2.564212298631481318e-05 -22.67471468398039747 -1.699163242629548974e-05 2.144300536457680563e-05 0.9999999996257407098 0.4931985215331280425
0.4537341972775577603 0.8911370703275599547 -1.054212222379965593e-05 110.334965454660562 -0.8911370702101063523 0.4537341969166080458 -2.545626013711085569e-05 -24.31103545657095566 -1.790169571906875736e-05 2.094485167131436581e-05 0.9999999996204209651 0.4931808853586835961
0.3980554442076950639 0.9173613590498813641 -1.615554907264509508e-05 111.079850800068229 -0.9173613589032599824 0.3980554435786592959 -3.210597570813838075e-05 -26.10204029344660626 -2.30219772568717651e-05 2.76004348733344999e-05 0.9999999993541022203 0.4931308814887033765
0.3555287049131508614 0.9346653620585586575 -3.086994530919716362e-05 111.7233879004032815 -0.9346653621973610715 0.355528703647569333 -3.991725286394736869e-05 -27.93746112394777015 -2.633412196301417355e-05 4.304479782784348028e-05 0.99999999872682932 0.4930941097524471628
0.3302822908708881178 0.9438821995495693118 -4.138571933437305031e-05 112.3251328793001704 -0.9438821999850515176 0.330282289001938234 -4.61004560077349861e-05 -29.83807903156903052 -2.984442970307056117e-05 5.428940803371922716e-05 0.999999998080984942 0.4930806928021594371
0.3082616970464571171 0.9513015941328996083 -5.600423903327527082e-05 112.8859657218985149 -0.9513015953141850112 0.3082616945157438115 -4.948940709595261056e-05 -31.76383844758149522 -2.981539023860955241e-05 6.853261055393306835e-05 0.999999997207161595 0.4930247552655795396
0.3013344390616611856 0.9535185119659230768 -5.635528632898277948e-05 113.421446929936792 -0.953518513205333651 0.3013344366341494385 -4.770012929371664358e-05 -33.70320312390168738 -2.850116784742663176e-05 6.810950053556336309e-05 0.9999999972743893739 0.4929629782663200177
0.2991279842937119016 0.9542129992183187026 -3.372527610862171096e-05 114.0257694960586861 -0.9542129994774412038 0.2991279830621437763 -3.714392299155924027e-05 -35.73664744585620667 -2.535504033992409624e-05 4.32918836870387961e-05 0.9999999987414670555 0.4929440764689679289
0.2971189942340693446 0.9548404595771221581 4.702993022632395651e-06 114.6399828823851834 -0.9548404592400450142 0.2971189942550773733 -2.556059711294446314e-05 -37.74369971832103943 -2.580364085126273926e-05 3.103930888687267571e-06 0.9999999996622688236 0.4929073782918070301
0.309442843457856942 0.9509180440237027243 1.360457532154262783e-05 115.2712171211550753 -0.9509180438048795425 0.3094428436922257442 -2.135890092849969835e-05 -39.79252047041142504 -2.452040276814820513e-05 -6.327477115107851939e-06 0.9999999996793563772 0.492849454545053578
0.3222585547434440034 0.9466516908025833787 -1.405379934438015026e-05 115.9314148521673218 -0.9466516905460045095 0.3222585541751383786 -3.239712572589721059e-05 -41.90994423346029407 -2.613983678817701723e-05 2.374430382222108611e-05 0.9999999993764583373 0.4927683425529754691
0.3391086373841462054 0.9407472197472456221 -2.432133585029734731e-05 116.5889999776576218 -0.9407472197361229638 0.3391086364733714165 -3.507360850190641605e-05 -43.92532432465601744 -2.474782464726657205e-05 3.477399266866222258e-05 0.9999999990891570434 0.4927027720593408766
0.359846630678248347 0.9330114693750192201 -2.015967021753986761e-05 117.2938063787206175 -0.9330114692970377099 0.3598466299361071652 -3.295514278043707617e-05 -45.89321420745960722 -2.349313680063413131e-05 3.066800062327149307e-05 0.9999999992537726978 0.4926617679161389152
0.3818797995960572234 0.9242119987003518666 1.100038734184255499e-05 118.0986608105717437 -0.9242119984302695768 0.3818797997510927633 -2.240145300991518845e-05 -47.89135240612613131 -2.490451737537302334e-05 -1.612027582624446327e-06 0.9999999996885828857 0.4925992047778280924
0.4057038330020569794 0.914004595075923687 -8.35275152802868416e-06 118.9161489157365423 -0.9140045947899853029 0.4057038325978852278 -3.033833024855860907e-05 -49.87870120731872703 -2.434062994645438271e-05 1.994283014447976874e-05 0.9999999995049084767 0.4925338087563548295
0.4220054972777190772 0.9065932716829622207 -2.96653252029958593e-06 119.7800271087737798 -0.9065932713837969725 0.4220054970492023161 -2.727844119354956115e-05 -51.82559248964365395 -2.347855821732973926e-05 1.420109056308972539e-05 0.9999999996235430233 0.4924819432673724351
0.4401258595149385999 0.8979360933512962051 -6.743984860589738076e-06 120.6448229337900102 -0.8979360930825880382 0.4401258591662001174 -2.889678741000531079e-05 -53.69478801881252394 -2.297926626637218942e-05 1.877389081357511797e-05 0.9999999995597469438 0.4924156191282697548
0.464235298413096964 0.8857119098893019293 -1.974285721412473779e-05 121.5316467068154651 -0.8857119098191210682 0.4642352975750291821 -3.594748671530008209e-05 -55.53646227097922861 -2.267378592054824317e-05 3.417457599088680377e-05 0.9999999991589987314 0.4923139421703799923
0.4836358186869767484 0.875269326725385155 -2.406037046666280272e-05 122.4563816506451843 -0.8752693267961308976 0.4836358176906426776 -3.766674621705039927e-05 -57.35993807133831268 -2.133209065674938895e-05 3.927629190477922606e-05 0.9999999990011572137 0.4922337610066367386
0.498280548647271504 0.8670158559734224557 -1.823952497951689223e-05 123.4301855773770029 -0.867015855937358304 0.4982805479236593893 -3.341167696700545891e-05 -59.17453683849787893 -1.988005320439478057e-05 3.246234609235155674e-05 0.9999999992754895484 0.4922100470827036056
0.5126189041699408255 0.8586162465258539989 -1.707909597289193997e-05 124.3830383353464981 -0.8586162464818010154 0.5126189034967914004 -3.25189656163755444e-05 -60.89601707922181362 -1.916624474809534509e-05 3.133422579655333843e-05 0.9999999993254105046 0.492177580884220589
0.5245197210655067055 0.8513982981518565252 -1.094157398669577643e-05 125.3720900236011886 -0.8513982980140808454 0.5245197206098725085 -2.884960837681820649e-05 -62.59190058144035618 -1.882343614383664534e-05 2.444782600852572313e-05 0.9999999995239906569 0.4921487391964961544
0.5271625075715922204 0.8497644912103288206 -9.545385278532711172e-06 126.3819916129432954 -0.8497644910285103714 0.5271625071278632779 -2.946107031207368654e-05 -64.30132741943138797 -2.00030021893183251e-05 2.364210116433914836e-05 0.9999999995204652548 0.4921097010020692442
0.5216446954463047625 0.8531628283206384999 -9.321663992453630058e-06 127.3918535556769314 -0.8531628281132912495 0.5216446949884117057 -3.030528233763778189e-05 -66.02655818828543488 -2.09927438221066149e-05 2.376148698995491146e-05 0.9999999994973481909 0.4920647952743670284
0.5134798472998656216 0.8581016527109524006 -5.81990822212302003e-06 128.3443511183298824 -0.8581016524805600287 0.5134798469746223448 -2.762757789509773018e-05 -67.66612260509027976 -2.071886466888186475e-05 1.918027734152888891e-05 0.9999999996014226067 0.4920210561557310514
0.5065145500090870723 0.8622314135323386752 -1.22208764523424392e-05 129.2490357603581401 -0.862231413356956411 0.5065145494549060379 -3.183066929750461049e-05 -69.30455492038952059 -2.125535125186551363e-05 2.665992071167758376e-05 0.9999999994187290797 0.4919742868907220346
0.5045051721596774952 0.8634086698337415378 -1.105874387624289942e-05 130.181068166882568 -0.8634086696189851029 0.5045051716220003701 -3.218171214025704498e-05 -70.98101349886997014 -2.220677579478404567e-05 2.57840555615575512e-05 0.999999999421020469 0.4919386400574242146
0.5033174091604221134 0.8641016060214571359 -1.045998769283083222e-05 131.0636014107507776 -0.8641016058046474546 0.5033174086521571278 -3.155534148117614568e-05 -72.58398342407024018 -2.200232735235074568e-05 2.492084488154995052e-05 0.9999999994474243481 0.4918976878103692996
0.5049861954614296433 0.8631274194838191027 -1.143795640004607757e-05 131.9093370088446875 -0.8631274192886659868 0.5049861949265344041 -3.174807713674117609e-05 -74.1141928771321119 -2.162662581241378131e-05 2.590475447600698057e-05 0.9999999994306162376 0.4918543375470112444
0.5144238733970269983 0.8575360507679694599 -1.071011461233415388e-05 132.7801481506401728 -0.8575360505502603869 0.5144238728644173753 -3.218800581079932856e-05 -75.66049698897613496 -2.209283674739059489e-05 2.574258801171907385e-05 0.9999999994246125956 0.4918178672323448297
0.5370733727271435054 0.8435355310992388445 -9.102112232534169436e-06 133.6774806332088303 -0.8435355308639710392 0.5370733722346294758 -3.176152110814874812e-05 -77.16578976595512529 -2.190346946529674285e-05 2.473622233855196981e-05 0.9999999994541785009 0.4917835845069483125
0.5764832323795222591 0.8171089784577713067 -1.054455526877523903e-05 134.5674553881590043 -0.8171089782795109002 0.57648323184090422 -3.199238209426826142e-05 -78.53913356166788162 -2.006250335180965059e-05 2.705912262330528788e-05 0.9999999994326497221 0.4917430366292114829
0.6376384246634065889 0.7703357964534274238 -9.872457729130160379e-06 135.5308784673451896 -0.7703357962876667964 0.6376384241089648741 -3.255633145436845284e-05 -79.82065938082017453 -1.878424913201776864e-05 2.836427548746903366e-05 0.9999999994213096821 0.4917118694254571931
0.7100099348753782236 0.7041916587931057459 -8.167491647915013297e-06 136.6191987040681965 -0.7041916586541120404 0.7100099343728890622 -3.124114301806952252e-05 -81.00576136060158206 -1.620075211555977444e-05 2.793300141028080231e-05 0.9999999994786413771 0.4916878789499323776
0.7856166600694106661 0.6187135551771991704 -7.975442569889463852e-06 137.7313917631526863 -0.618713555135705251 0.7856166596628084697 -2.745578305418589952e-05 -81.96382605012452416 -1.072162459254013113e-05 2.650423500881681188e-05 0.9999999995912859374 0.491671397629817708
0.8638631859440608629 0.5037265090376553678 -8.096067415453162138e-06 138.9072944675718304 -0.5037265090731756212 0.8638631856077577664 -2.471438959175021889e-05 -82.72492022015022428 -5.455398603640371746e-06 2.542805510779939793e-05 0.9999999996618260667 0.4916670478661521737
0.9309144987685734618 0.3652371776302008599 -7.836669211044055121e-06 140.1245311461941299 -0.3652371777142741083 0.9309144985543734707 -1.997007107846217414e-05 -83.25318170323966172 1.456591163546611974e-09 2.145267165370147796e-05 0.9999999997698911791 0.4916734395418268511
0.9784660916082260629 0.2064076246737558962 -7.189795218882718853e-06 141.4231090802979622 -0.2064076247676372433 0.9784660914730589631 -1.665683310365539919e-05 -83.57894293504600114 3.596873470799170432e-06 1.778217493919951312e-05 0.9999999998354281994 0.4916689094024911388
0.9996786662683847524 0.02534884861526585931 -9.163866664551791814e-06 142.6458139763585109 -0.02534884878158995616 0.9996786661347322189 -1.851386760688424174e-05 -83.65723089020087855 8.69161677660576642e-06 1.874021194705383401e-05 0.9999999997866299006 0.4916735706372835635
0.9854051587961154546 -0.170225359228907247 -9.778779946820331261e-06 143.7752159733697681 0.1702253590311887665 0.9854051587073867635 -1.83794838721766825e-05 -83.49286286161657245 1.276471445004428167e-05 1.644664189631842821e-05 0.9999999997832847987 0.4916849174776258269
0.9309325914995705276 -0.3651910595291660289 -1.122904518002866737e-05 144.8247686371387317 0.3651910594218297779 0.930932591549816113 -1.053268886564965958e-05 -83.0788512785128006 1.429992793661171003e-05 5.704476435567653042e-06 0.9999999998814852464 0.4917163357787104894
0.8303506394817213865 -0.5572412542619323839 -7.944639083547904668e-06 145.7386222694796345 0.5572412540383957502 0.8303506394319472017 -1.98722179999967323e-05 -82.5075198748291001 1.767045582636478078e-05 1.207382827841877204e-05 0.9999999997709886346 0.4917128926695190083
0.6876727737488488312 -0.726020768382100945 -1.116516551131700736e-05 146.4685478036281552 0.7260207682694725939 0.6876727738391310574 -1.28075272589701841e-05 -81.72192869205754562 1.697651111917260181e-05 7.012457526578286618e-07 0.9999999998556529102 0.4917449419986489878
0.5187819887268639851 -0.8549065726992965963 -1.141817352400180958e-05 146.9819541653761519 0.8549065725552924544 0.5187819888501128407 -1.577073359249517412e-05 -80.85683443311231144 1.940604657433108227e-05 -1.579899055449765143e-06 0.9999999998104542875 0.491763252418398078
0.3249221486017421778 -0.9457407663950178067 -1.135008139128840108e-05 147.2837658785369683 0.9457407662416180694 0.3249221487619876059 -1.774379857011650001e-05 -79.9313816049762238 2.046892649274168215e-05 -4.968881516143048885e-06 0.9999999997781663374 0.4917793205880734431
0.1181529000397732315 -0.9929954139639943778 -7.80378938538987028e-06 147.4054379388152256 0.9929954138019568832 0.1181529001680212548 -1.877227459136030291e-05 -78.91648798326995973 1.956282292707783722e-05 -5.531128386656363845e-06 0.9999999997933509688 0.4917955803084574917
-0.09114540733132196759 -0.9958375945063882018 -9.610937363158158703e-06 147.296574119740086 0.995837594424774486 -0.09114540716062731474 -1.691254483637106722e-05 -77.89200244527616235 1.59661551676728688e-05 -1.111243353201489824e-05 0.9999999998107977905 0.4918151367210026881
-0.292439249046715366 -0.9562841028974198299 -1.284144181230663021e-05 146.978095733312216 0.9562841028775624919 -0.292439248787894901 -1.88217829954691836e-05 -76.97140866219750421 1.424363026980774829e-05 -1.778429474805132187e-05 0.9999999997404188656 0.491831427004740751
-0.4699607178242145022 -0.88268733058569393 -1.130855972682165187e-05 146.5061565116978102 0.8826873305614149068 -0.4699607175444943108 -2.082451084086425121e-05 -76.17727434899045136 1.306695304126343552e-05 -1.976862446087323012e-05 0.9999999997192282608 0.4918384551518947267
-0.6116733496968070893 -0.7911104304494379624 -1.034528779926554247e-05 145.9198659344677935 0.7911104304317098102 -0.6116733493863879545 -2.268975437202040257e-05 -75.50468291609963956 1.162216450949819025e-05 -2.206298314434837891e-05 0.9999999996890747145 0.4918509211141449122
-0.7302761464776885703 -0.6831520692979942133 -1.008953276027521113e-05 145.2171610045739953 0.683152069332127021 -0.7302761461943152455 -2.165743850310102389e-05 -74.90500358826822946 7.427178828012444266e-06 -2.27085959163984381e-05 0.9999999997145784247 0.4918527091737184276
-0.8170599561653953957 -0.5765527104161597416 -1.204219476532715297e-05 144.4648637968878973 0.5765527105109818917 -0.8170599557269573321 -2.742507721750132328e-05 -74.46546777177321985 5.972807481309258658e-06 -2.935089242161475448e-05 0.999999999551424934 0.4918717058215177906
-0.8731162834891862401 -0.4875120054270757897 -8.528451853048050807e-06 143.6932405488033737 0.4875120054927285507 -0.8731162832335915835 -2.13318768806137472e-05 -74.1062863714247726 2.953215893921528967e-06 -2.278293172847800432e-05 0.9999999997361083137 0.491853078723944015
