0.9999727208254474142 0.007386311999347235611 0 -0 -0.007386311999347235611 0.9999727208254474142 -0 0 -0 0 1 0.4949999999999998845
0.9999669368338429676 0.008131716163048686302 2.082347886696793671e-05 0.00356317856325803024 -0.008131717100823365393 0.9999669360145543306 4.535293659931264855e-05 0.006262651204418430255 -2.045399315218032982e-05 -4.552076772683490223e-05 0.9999999987547467661 0.4950100266900812618
0.9999444943929057805 0.01053603772590759775 6.677343092048081443e-06 0.02822550056530415824 -0.01053603788864271654 0.9999444941053632352 2.482359597920094643e-05 0.01287967415934855586 -6.415430116416460688e-06 -2.489257087024913855e-05 0.9999999996696008475 0.4950062839328813746
0.9999881778167875046 0.004862532203684341234 3.075944329264881424e-06 0.02215753706163959766 -0.004862532241329741052 0.9999881777450494447 1.235191554174808065e-05 0.02373669067005236555 -3.015846377568312927e-06 -1.236672639361300455e-05 0.9999999999189841393 0.4950058942403005591
0.9999907084875677699 0.004310793480325681402 5.78569292551362913e-07 -0.005364764865017232487 -0.004310793479836361013 0.9999907084873809193 -8.443041982609527371e-07 0.02631656197349771867 -5.822035378007741797e-07 8.418022606640212879e-07 0.9999999999994759747 0.4949948347365229484
0.9999875639421709206 0.004987179887024307742 -9.704687988868475337e-08 -0.00550762554631744651 -0.004987179887348653327 0.9999875639353565937 -3.692517809383087088e-06 0.02728950742472775054 7.863042245611100836e-08 3.692955879265583563e-06 0.9999999999931776795 0.4949944097360399198
0.9999820142760710295 0.005997593269813705948 -1.254622794312830567e-06 -0.01876388996653920865 -0.00599759328236759183 0.9999820142242110688 -1.025385170756908209e-05 0.01321444992860083129 1.193101796958365489e-06 1.026119200186604651e-05 0.9999999999466420153 0.4949829947261061291
0.9999891374004143962 0.004661016996800628615 -1.990786120942011713e-06 -0.02014634494876989951 -0.004661017011708345169 0.9999891373738208911 -7.550549470972827558e-06 0.00220106497121112972 1.955571256357143697e-06 7.559746540353669782e-06 0.9999999999695127206 0.4949900861559986542
0.9999761738113736032 0.006903029161651853991 -4.377777240477313611e-07 -0.002328532105768847584 -0.006903029161059138878 0.9999761738105740205 1.341228660043820994e-06 0.001728868248371375057 4.470258340257807998e-07 -1.33817471128151099e-06 0.999999999999004463 0.4950081326692427619
0.999968345835150374 0.007956590312136234758 7.418901773211000142e-07 0.001987436816469560774 -0.007956590313735519698 0.9999683458330403951 2.178279997949382622e-06 -0.001232446183774622579 -7.245350118766622219e-07 -2.184113962513999511e-06 0.9999999999973521181 0.4950051525424538634
0.9999782020473876321 0.006602683669069699633 8.201025463417125884e-07 0.0007366341601856949035 -0.006602683670004200374 0.9999782020470655564 1.142086906519886143e-06 -0.004968950518763600409 -8.125438312188249489e-07 -1.147476889053967797e-06 0.9999999999990113464 0.4950035797103273238
0.9999888661942198942 0.004718844004146297705 1.04681829003687234e-06 0.01202674108973031744 -0.00471884401444112693 0.999988866144114974 1.006017287977295338e-05 0.008916529368840032596 -9.993342484383201147e-07 -1.006500064398416344e-05 0.9999999999488483615 0.4950268592199120743
0.9999631727753636179 0.008582138132795459964 5.748321427930547213e-07 0.006091771979734988615 -0.008582138133785157871 0.9999631727740030396 1.742006721807581259e-06 0.005332676763100731646 -5.598608310050361754e-07 -1.746875857387901427e-06 0.999999999998317235 0.4950028594214691546
0.9999819004463103012 0.00601654222475525146 1.294626353323399136e-06 0.01939113762129927171 -0.006016542235708726566 0.9999819004098426944 8.630063240202044702e-06 0.02356919188987082261 -1.242679781229540218e-06 -8.63769621404338369e-06 0.9999999999619227919 0.4950194560926233778
0.9999587355235890485 0.009084451091812046145 8.111399302523760675e-07 0.0006487350901063876308 -0.009084451094867926346 0.9999587355164911706 3.846754917097935644e-06 0.02823903179542684716 -7.761608020753847485e-07 -3.853964943797904466e-06 0.9999999999922720706 0.4950066338320540105
0.9999864009396061126 0.005215164242267198921 1.105223980362711053e-07 -0.01259539081913955277 -0.005215164240913513528 0.9999864008903709411 -9.924469157930327886e-06 0.01484791457421508025 -1.622786317056416334e-07 9.923757802016817619e-06 0.9999999999507461768 0.4949813445705772974
0.9999933971745683658 0.0036339519788642651 -1.585478781314761154e-06 -0.01525991459604644426 -0.00363395198249020189 0.9999933971731898019 -2.290124856073065758e-06 0.01621059211312763162 1.577146108920349235e-06 2.295871288539004272e-06 0.9999999999961205477 0.495001973570745657
0.999978670302119621 0.00653138122977323099 -1.506208846691200678e-06 0.01266021580092606229 -0.006531381230052566572 0.9999786703032357282 -1.80625982677566569e-07 0.01268162471627788321 1.504996982560389428e-06 1.904597541695764267e-07 0.9999999999988491428 0.4950036585641606757
0.9999252663881941228 0.01222545044760506988 1.443835381829032826e-06 0.1247975580135906315 -0.01222545047060360525 0.999925266241552424 1.716927022858023629e-05 0.04018607683898789418 -1.233825416182952154e-06 -1.718563864495226942e-05 0.9999999998515655131 0.4950410873491945529
0.9997325988985041878 0.02312424450592838812 4.231448937328135281e-06 0.2168332230970858865 -0.02312424453823449383 0.9997325988766561089 7.752121643277424168e-06 0.04501095131975471619 -4.051055486810041056e-06 -7.847897777388929312e-06 0.9999999999609995305 0.4950108892296763985
0.9994928593615360901 0.03184374457430978744 4.361121005287264783e-06 0.3061782744489274233 -0.03184374458074022002 0.9994928593698467756 1.413064039689166933e-06 0.04945427125256498385 -4.313912053285469476e-06 -1.551221840867947985e-06 0.9999999999894917391 0.4950052256284198093
0.9989419488231953137 0.04598894276244164941 5.209786327098580795e-06 0.5616099043555415893 -0.04598894264146441424 0.9989419486141675186 -2.135140316038747254e-05 0.0149319361989031351 -6.18620256329623986e-06 2.108921971857596227e-05 0.9999999997584876343 0.4949588814174656348
0.99762835049842713 0.06883076549654772169 2.275783201961656654e-06 0.8985543092842354085 -0.06883076536694293646 0.9976283498341049771 -3.672211793841823941e-05 -0.04479168476624929146 -4.797997328709024279e-06 3.647838204611264002e-05 0.9999999993231531992 0.4949315659597942618
0.9953429582739068415 0.0963970716148684903 9.26429485753068991e-07 1.34870733758583472 -0.09639707157154762951 0.995342958037233827 -2.191693346166783074e-05 -0.1206021454483870575 -3.03484326924506599e-06 2.172556029858470914e-05 0.9999999997593946865 0.4949370005026810238
0.9924400313622134817 0.1227305346988744744 2.128326647931138886e-06 1.987201241946201957 -0.1227305346894797533 0.9924400313572183663 -4.092720582243877008e-06 -0.2160586976328773279 -2.614538350643062022e-06 3.80056907550443462e-06 0.9999999999893597336 0.4949762977227950556
0.9891769941527615018 0.1467272102930396727 8.730096048359578323e-07 2.632475973635842514 -0.1467272102155529057 0.9891769937919391298 -2.71539222966467924e-05 -0.3737215335316753095 -4.847780283564085122e-06 2.673194097304576784e-05 0.9999999996309509864 0.4948936999909268053
0.9852581516148626317 0.1710741788754014947 8.966553791805011886e-07 3.433524333803374962 -0.1710741786305000067 0.9852581504591434447 -4.860000265152039683e-05 -0.5947974408290560566 -9.197642567441831628e-06 4.773015419840649713e-05 0.9999999988186176747 0.4948341369551594315
0.982568491234871888 0.1859009414341125099 2.927596967456697976e-06 4.312560239900771641 -0.1859009414122221593 0.9825684912217742539 -6.515221605697016023e-06 -0.7956294883192215339 -4.087750365370317199e-06 5.857408430844790329e-06 0.9999999999744902945 0.4949186281760031836
0.9817921560364347711 0.1899583173128863989 5.58733357028415189e-06 5.262270147802321496 -0.1899583173528009983 0.981792156013744588 7.785122434348881086e-06 -1.025329332600882992 -4.006751514633532782e-06 -8.704732623327004831e-06 0.9999999999540866158 0.494931427162403903
0.9818440273439079657 0.1896900259857408899 3.585639378616673376e-06 6.218282423752896193 -0.1896900260091124168 0.9818440273131119334 8.028947435560688085e-06 -1.248197303507545319 -1.997527360303829526e-06 -8.563334112452542491e-06 0.9999999999613393697 0.4949386183744644008
0.9832721303015000691 0.1821425753998668351 1.134182775596653783e-06 7.192849156464499849 -0.1821425753758490196 0.9832721302420189824 -1.126977022267672157e-05 -1.499814797595445448 -3.167915286367790553e-06 1.087466800316564864e-05 0.9999999999358527569 0.4949000579849558434
0.9848110126389294505 0.1736296903921981383 1.275993260694893601e-06 8.360629908971908719 -0.1736296903384449419 0.9848110124715330205 -1.870834836532192513e-05 -1.794556980077841146 -4.504936949392024578e-06 1.820263718372615107e-05 0.9999999998241845267 0.4948591686192823635
0.9856402722690653651 0.1688586796111659072 1.889145875519468489e-06 9.475441241721672014 -0.1688586796216059449 0.9856402721928851918 1.225624224350857689e-05 -2.025504971033507129 2.075546272743797581e-07 -1.23992446200402386e-05 0.9999999999231076186 0.4949136252171792982
0.9863633816626821149 0.1645821354737584119 2.968566763385962179e-07 10.49879454839306092 -0.1645821354542123249 0.9863633815143429961 1.729608788953728051e-05 -2.249744878971716489 2.55381852510340343e-06 -1.710908504597460466e-05 0.9999999998503783516 0.4949104046493689735
0.9878281517333304951 0.1555491645669707379 6.918258571418627468e-06 11.73207158706673425 -0.1555491646846722253 0.987828151485588779 2.237627718440879143e-05 -2.47192528247912735 -3.353439353950030326e-06 -2.31800458756039731e-05 0.9999999997257197348 0.4949003919492540038
0.9874001851673838148 0.1582430859447054861 9.183965924085282797e-06 13.17292379658224277 -0.1582430860123220651 0.987400185173233691 7.168902557370232115e-06 -2.746164107094584583 -7.933820390551321695e-06 -8.531874822253563483e-06 0.9999999999321306232 0.4948787397870627047
0.9892946111987669378 0.1459320808296858396 6.327006509575978536e-06 14.48722422153008615 -0.1459320808654613888 0.989294611197777396 5.616720492233716034e-06 -2.991444807322074517 -5.439613736066372908e-06 -6.479904541168244305e-06 0.9999999999642105175 0.4948773275110237568
0.9920266596544025095 0.1260281973379868137 3.591402648538619684e-06 15.89072074562666792 -0.1260281973520607501 0.9920266596510269874 4.005993058433780259e-06 -3.218872861742358982 -3.057899089188722285e-06 -4.426669914117526065e-06 0.9999999999855266886 0.4948711992223224221
0.993554082147919293 0.1133591010475911154 7.68898601869375671e-06 17.50922644120950267 -0.113359101055233627 0.9935540821766390973 5.64131276096932842e-07 -3.465736492491461096 -7.575474032341109028e-06 -1.432111475338800507e-06 0.9999999999702804399 0.4948549684522754455
0.9945370267749594761 0.104384396937131696 7.206069238327113888e-06 19.14075167086233265 -0.1043843970465608423 0.9945370266443862572 1.699417029215323936e-05 -3.668368796233147044 -5.392776456686094564e-06 -1.765353278738397621e-05 0.9999999998296351666 0.4948877529887396043
0.9957801320220782682 0.09177106657308453652 3.516152588215464708e-06 20.75337795455458334 -0.09177106664037941453 0.9957801313359864182 3.696491530796250775e-05 -3.819685693715622943 -1.090051824950754457e-07 -3.71316093190387204e-05 0.9999999993106156726 0.4949582033072706388
0.9967988774456331136 0.07994997134333715894 2.749143217734726578e-06 22.36285756072644659 -0.07994997138981836671 0.9967988766942231793 3.87057454021024516e-05 -3.944262712059798837 3.541803644110409581e-07 -3.880163748911661314e-05 0.9999999992471535482 0.4949550068549756765
0.9970782656447583214 0.07638672768624073239 3.802804704058762437e-06 24.04567364375597904 -0.07638672773197968668 0.997078265552323928 1.384928058895093763e-05 -4.092709770048152507 -2.733792693558611504e-06 -1.409930047760564696e-05 0.9999999998968678305 0.4949044934523150197
0.9980728208308754512 0.06205355991897613249 4.723749152650087389e-06 25.74436271935983811 -0.0620535599127820317 0.9980728208413902625 -1.446864930380363444e-06 -4.242877473445747505 -4.804428761384622144e-06 1.150951111369079863e-06 0.9999999999877962065 0.4948511851910610826
0.9986906684629786035 0.05115612105466671444 2.416972546711400996e-06 27.40334030389986353 -0.05115612105981481167 0.9986906684633928277 2.118430419175164543e-06 -4.361219233819535468 -2.305437245363666278e-06 -2.239299631616170232e-06 0.9999999999948350204 0.4948684072290073788
0.9991453628918629537 0.04133453533520749235 1.594557437005057024e-06 29.08507040789575271 -0.04133453535201065537 0.9991453628134906451 1.256041567572307333e-05 -4.458543300816702804 -1.074015723350307391e-06 -1.261559136914367235e-05 0.9999999999198464495 0.4948893907751986121
0.9995174434417164466 0.03106252157616875079 3.361194166124182139e-06 30.77716577165987388 -0.0310625216499226392 0.9995174431391922187 2.472796190145267728e-05 -4.525377649141634429 -2.591459348720262618e-06 -2.482043642781897973e-05 0.9999999996886148601 0.4948946566938667302
0.9996571337477017094 0.02618424983400396977 3.19256863700872506e-06 32.50199560598322535 -0.02618424987918094304 0.9996571336384486584 1.504187401787960307e-05 -4.603905122175731002 -2.797613825360319531e-06 -1.512031168185543913e-05 0.9999999998817745706 0.4948778126666025234
0.9997820308999969541 0.02087799507788483042 3.638381419490060452e-06 34.23644124565901592 -0.02087799510085437682 0.9997820308856926186 6.393834811717659519e-06 -4.677601804631958515 -3.504097912986680398e-06 -6.468403262749342897e-06 0.9999999999729403122 0.4948640945560986992
0.9998842928802487151 0.01521186435171982022 6.045024147953000333e-06 36.06137517030340689 -0.01521186441187460416 0.9998842928472708724 1.003296281897928521e-05 -4.734683201784462447 -5.891704625972457356e-06 -1.012375802145412616e-05 0.9999999999313984311 0.4948503727353115722
0.9999467663509536974 0.01031815998949622663 6.398046226225352436e-06 37.83708072262749766 -0.01031816002679930393 0.9999467663540708706 5.825051557874281006e-06 -4.801310865218503032 -6.337601820976889381e-06 -5.890757533944820784e-06 0.9999999999625667213 0.4948161339014129911
0.9999867105739940198 0.005155447696403114496 6.056837050236806388e-06 39.66495456617342796 -0.00515544783710377829 0.999986710316685623 2.344876617312447982e-05 -4.825310960583996334 -5.935867669238931612e-06 -2.347968025995205013e-05 0.9999999997067348101 0.4948512058137369274
0.9999939912157584931 0.003466624882846688297 6.82140573967196245e-06 41.51612439037413083 -0.003466625114497503581 0.9999939906518311439 3.424578139216850729e-05 -4.832732542995785252 -6.702647469563132205e-06 -3.426922287311030054e-05 0.9999999993903472273 0.4948761735725416555
0.9999954811890953144 0.00300625574865603885 5.476841688558521926e-06 43.26137373349834547 -0.00300625594019796917 0.9999954805802182545 3.530712373536720711e-05 -4.839933426927421678 -5.370674692714411499e-06 -3.532342897701114021e-05 0.9999999993617053606 0.494850007110578527
0.9999984072546117542 -0.00178478467710876899 5.84196683302773567e-06 45.14452369927947473 0.001784784543444737975 0.999998407011862489 2.28057756834828717e-05 -4.848919697866083567 -5.882660925833256006e-06 -2.279531270758194692e-05 0.9999999997228837811 0.494826600035571107
0.9999782856520443852 -0.006590007384822445767 5.412855430483690313e-06 47.10271856964860149 0.006590007415490450361 0.9999782856504308981 -5.667609569702044667e-06 -4.87477746170420545 -5.37538830493011857e-06 5.703157258681601109e-06 0.9999999999692893438 0.4947996335208537655
0.9999834685344622942 -0.005750011522546468953 5.244919306452939759e-06 49.07356395201926347 0.005750011632880211963 0.999983468321381852 -2.12695573979608589e-05 -4.927729663424774031 -5.122532399014849313e-06 2.129936412803135721e-05 0.9999999997600481638 0.4947954160756064534
0.9999999999247011218 1.101635095281968654e-05 5.609846402051916801e-06 51.10090286098123613 -1.10162692672170957e-05 0.9999999998344267782 -1.456093088591713161e-05 -4.984955873307872487 -5.610006809447844211e-06 1.45608690852422279e-05 0.9999999998782542754 0.4948084300710639538
0.9999900689680180088 -0.004456670816222385069 7.266818181306072202e-06 53.21515268040578661 0.004456670916042686399 0.9999900688990508435 -1.377861010072981661e-05 -5.055516203532189223 -7.205339284277053527e-06 1.381085908215306795e-05 0.9999999998786713862 0.4948135665101100478
0.9999965089010912633 -0.00264238143147794112 2.869312105592992912e-06 55.21451626461534801 0.00264238136132343782 0.9999965086129468661 2.418450453118310892e-05 -5.076717665175181082 -2.933206773416524679e-06 -2.417683828385810407e-05 0.9999999997034382249 0.4948501079576265171
0.9999981905945974914 -0.001902316934350645281 2.113737429335189696e-07 57.17202851079184001 0.001902316923805560294 0.9999981897141340115 4.196437221488363693e-05 -5.10106323298564579 -2.912028961908349186e-07 -4.196389418447341171e-05 0.9999999991194731264 0.4948997513269225434
0.9999825591758999543 0.005906042314777800416 3.229011446614929123e-06 59.2332145232200773 -0.005906042405269082418 0.9999825587666424376 2.877252667866844941e-05 -5.15286356010662594 -3.05902336860336647e-06 -2.879109554062276896e-05 0.9999999995808573905 0.494869657836095711
0.9999427189981291431 0.01070320838241092636 7.428570762077987109e-06 61.38427855556983559 -0.01070320828095500283 0.9999427189347921408 -1.356548685583908549e-05 -5.255029812518774435 -7.573339478258524869e-06 1.348520027106486737e-05 0.9999999998803967838 0.4947921340983397198
0.999957669200549959 0.009201075294693130541 4.759985789839708832e-06 63.42506174938276331 -0.009201075294505945204 0.9999576692118790078 -6.121720432865684063e-08 -5.314642914375208527 -4.760347559996139776e-06 1.741762530235293067e-08 0.9999999999886691748 0.4948079238152498505
0.9998322821736984611 0.01831413433368029794 3.028870487631472071e-06 65.41741199416061647 -0.01831413438192162554 0.9998322820370892927 1.675051463123303507e-05 -5.383464023024369993 -2.721591316528519511e-06 -1.680317641246560035e-05 0.9999999998551228897 0.4948230187233256805
0.9997632360663893936 0.02175940719582343183 3.283267404033697403e-06 67.36134220035536657 -0.02175940721750256254 0.9997632360487351821 6.718357501077447414e-06 -5.492336241792761697 -3.136302568116957824e-06 -6.788208788776433366e-06 0.9999999999720416977 0.4948006886121912862
0.9997734530735744585 0.0212847955047719313 3.448749850163861382e-06 69.31303287303899197 -0.02128479557589327276 0.9997734528338035886 2.209749253514337928e-05 -5.565322508505391674 -2.977627935879489015e-06 -2.216589235168098032e-05 0.9999999997499032789 0.4948182764140501289
0.9996480046704729894 0.02653048682592984778 5.417929164870184642e-06 71.35278821123763748 -0.02653048686437086551 0.9996480046585574097 7.151004229223641055e-06 -5.676082514033248039 -5.226302455548283956e-06 -7.292227407674217297e-06 0.9999999999597544154 0.4947924450536467789
0.9993859237511004689 0.03503962600023121515 4.489544008315354958e-06 73.31299342209727854 -0.03503962606834334914 0.9993859236288528125 1.611607832835064105e-05 -5.781402237861197335 -3.922085728206730254e-06 -1.626349377069255645e-05 0.999999999860057831 0.4947901150104904722
0.9993403242952895171 0.03631688621209722134 3.933925470262686941e-06 75.24549108797225472 -0.03631688625777929058 0.9993403242264069508 1.224058586834561924e-05 -5.906024866451244471 -3.486790390784752615e-06 -1.237537897508695618e-05 0.9999999999173458942 0.4947785877418183209
0.9992312536921321708 0.0392033369578619062 4.295428517531071437e-06 77.23142010745051778 -0.03920333701496273027 0.9992312535992000644 1.413134968128858818e-05 -6.025959666827272798 -3.738130359093420913e-06 -1.428888139019235879e-05 0.9999999998909269161 0.4947753080790771585
0.9990230060064856366 0.04419313804685518626 4.644272472088877297e-06 79.25537016022994408 -0.04419313812361367472 0.9990230058520737089 1.798074323210989043e-05 -6.155136474286154957 -3.845109577220546362e-06 -1.816842112881592817e-05 0.9999999998275616031 0.494770137380738606
0.9987843283373725178 0.04929366548982613144 3.531782484647488709e-06 81.21718333769455 -0.04929366555158772034 0.998784328134249777 2.030113559740185167e-05 -6.291202024780667479 -2.526771608843057421e-06 -2.045055058673609749e-05 0.9999999997876949376 0.4947623821032968716
0.9982597358555461708 0.05897032952546717166 2.739639768610354411e-06 83.16075587202094255 -0.05897032957858089341 0.9982597354778383059 2.748349048435265809e-05 -6.431266509559539379 -1.114161580345240074e-06 -2.759721941137984602e-05 0.9999999996185758855 0.4947657467191410308
0.9974187814238829608 0.07180372170622580097 3.776712315795197153e-06 85.10232129873163842 -0.07180372173084743903 0.997418781405758792 6.847090561277451585e-06 -6.621844347886129079 -3.275317210581266798e-06 -7.100598724109156572e-06 0.9999999999694266783 0.4947343831372745804
0.9953094741417979341 0.09674218657194331994 4.805170383557029188e-06 87.04445594891296878 -0.0967421866213414583 0.9953094740831673892 1.141239473182833791e-05 -6.833449093897297821 -3.678571586958972031e-06 -1.182372728922810277e-05 0.999999999923333549 0.4947311274370946865
0.9890840914594581923 0.1473521632172672402 4.386611571020946494e-06 88.926674411951808 -0.1473521632636369538 0.9890840913712637406 1.341792259043915343e-05 -7.126600066655320198 -2.361567800338876339e-06 -1.391783047902509175e-05 0.9999999999003582607 0.4947267550502892908
0.9812238460314584021 0.1928724033258094051 4.097749795134294599e-06 90.77218418039069547 -0.1928724033482670519 0.9812238460168576371 6.064811954893456173e-06 -7.53309512249577562 -2.851074956537062832e-06 -6.741280963145548024e-06 0.999999999973212983 0.4947071984404674549
0.9715784223465325775 0.2367179106467681426 3.447324088073151606e-06 92.54948331890730628 -0.2367179106695183333 0.9715784221689428568 1.860639649824970707e-05 -7.982700509272991241 1.055121605535906721e-06 -1.889361671085288053e-05 0.9999999998209587737 0.4947317517856596458
0.9551232065360037993 0.2962088119840611267 6.450262119523126926e-06 94.32958183498510607 -0.296208812030863522 0.9551232059601174607 3.337610304743970181e-05 -8.523193087260047207 3.725500797457687458e-06 -3.378891504405832935e-05 0.9999999994222147359 0.4947717544924467026
0.9326632481953078813 0.3607482022475124728 6.572508046277081347e-06 96.08579806946821122 -0.3607482022991899684 0.9326632478965231066 2.373276049995560138e-05 -9.210498919822077468 2.431613983462946436e-06 -2.45056939588213155e-05 0.9999999996967788851 0.4947574193539660548
0.9120633938152310494 0.4100492234408817382 4.47272475650393292e-06 97.80178756097755866 -0.4100492234643402512 0.9120633937355965282 1.208430148391237736e-05 -10.00595761263996941 8.757499186415707697e-07 -1.285568633647772742e-05 0.9999999999169819631 0.4947413808471743391
0.8872332402450450184 0.4613211217729589753 3.556643987858053237e-06 99.45371008004946134 -0.4613211217818973808 0.8872332401744326136 1.138868211614903443e-05 -10.87943656169752771 2.098266839843290309e-06 -1.17451723302892228e-05 0.9999999999288238239 0.4947494483751870287
0.8558501161072974428 0.5172239154900089009 2.557750625448693927e-06 100.983586206150548 -0.5172239154663210714 0.8558501159938994851 1.50049696116314151e-05 -11.81715208121153715 5.571877964862865761e-06 -1.416493477758222583e-05 0.9999999998841542226 0.4947655100512883819
0.8262692542342512381 0.5632753496119836667 5.376272925934322685e-06 102.5253566234183182 -0.5632753495992297577 0.8262692540288020249 1.956489423486516678e-05 -12.87621778209418189 6.578173620298167023e-06 -1.919419258051057595e-05 0.9999999997941551033 0.4947860907976005529
0.794227902632502536 0.6076199788285701064 3.252146845642787633e-06 103.9935989331195003 -0.607619978790416293 0.7942279024934093545 1.666991199768825117e-05 -14.01441840354731561 7.54602580729403601e-06 -1.521577864036512339e-05 0.9999999998557685954 0.4947926932850371662
0.7494226489250782608 0.6620919069523933942 5.338035260414518414e-06 105.3555072114714051 -0.6620919068947834774 0.749422648686507431 2.150258576370957632e-05 -15.21720274388936645 1.023624348906004535e-05 -1.964879472641735045e-05 0.9999999997545718777 0.4948199504563228768
0.7012500967772484772 0.7129153538619656949 -1.995371650386868253e-08 106.5714831741911297 -0.7129153537840392518 0.7012500967010104613 1.476598408650537949e-05 -16.48377271343189676 1.054088931577902176e-05 -1.034042245881255031e-05 0.9999999998909824273 0.4948256685431783874
0.6500149340473349024 0.7599214336964841277 1.124061867384935623e-05 107.7286832759150741 -0.7599214336918425072 0.6500149336763196839 2.481404948733126228e-05 -17.82542875146234707 1.155015806046529286e-05 -2.467148979916983855e-05 0.9999999996289554716 0.4948580046866006832
0.5906122046520874136 0.8069555276933021437 -6.59222877302687153e-06 108.811511781315545 -0.8069555276900248764 0.5906122046809546555 3.827270849887664484e-06 -19.34278411127473873 6.981888137694919883e-06 3.059202573738444793e-06 0.9999999999709470178 0.4948582267843112947
0.525920112028080311 0.8505339708217481975 -1.564588457927803143e-05 109.7566400590577729 -0.8505339709315192787 0.5259201120827975418 -7.153241538607017356e-07 -20.90451136045033209 7.620077878560568638e-06 1.368355969908437907e-05 0.9999999998773470011 0.4948659358165963806
0.4594785914076398581 0.8881888442863735689 -3.042235399250504876e-05 110.5724776303643608 -0.8881888448058004037 0.4594785912020605823 -1.384701327450206546e-05 -22.56579681358581269 1.67965763642854472e-06 3.338320160344729689e-05 0.9999999994413699689 0.4948626371399474921
0.4096481267388981107 0.9122436135446319039 -4.252736219453594094e-05 111.320888038644668 -0.9122436145259038565 0.4096481260709010641 -2.378121073495610498e-05 -24.38040998548884275 -4.273003385592614211e-06 4.853724303375348811e-05 0.9999999988129384398 0.4948434864625587126
0.3625853436102912664 0.9319505715303033622 -2.873291591498724118e-05 111.9906003632006986 -0.9319505719709487712 0.3625853435053623119 -8.963940762699712856e-06 -26.19558005266327427 2.064184469984558021e-06 3.002785096291131755e-05 0.9999999995470335579 0.4948985383156066509
0.3361917465348781553 0.9417935594778579222 -2.983433313467692425e-05 112.601435493153005 -0.9417935599500061317 0.3361917463952790452 -9.727243709681765666e-06 -28.09742770364458408 8.69001081835781772e-07 3.136800186337013039e-05 0.9999999995076465087 0.4949319355244662932
0.3185668006254991358 0.9479004129663882727 -2.529064406819915431e-05 113.1940697596399872 -0.9479004132953454675 0.3185668006217939885 -4.282492948422383476e-06 -30.04848933430565339 3.997382732135538489e-06 2.533727204203164396e-05 0.9999999996710214889 0.4949647934816650552
0.3094823514319692825 0.9509051863856397002 -2.567612456209693748e-05 113.7635838152973378 -0.9509051867136055769 0.309482351482336826 -2.087731155460689337e-06 -31.99602554487594119 5.961073022924696715e-06 2.506167596795235119e-05 0.9999999996681887549 0.4949901760581443821
0.3057411917936190826 0.9521146588729737514 -1.432068865925238279e-06 114.3783852286710498 -0.9521146588525651877 0.305741191796478351 6.258199799161722599e-06 -34.01981066238478491 6.396366208740392026e-06 -5.498957053445045038e-07 0.9999999999793918182 0.4950024168114757206
0.3051882072215346131 0.952292054907308394 1.83181349162480748e-05 114.9935893274997056 -0.9522920550507532056 0.3051882069950793142 1.41624245124813918e-05 -36.03740684744432343 7.896285590876831281e-06 -2.17664192909653558e-05 0.9999999997319355405 0.4950196736360960026
0.3109370727287675829 0.950430500306074677 2.988380932284063257e-05 115.6430629101056127 -0.9504305007331177446 0.3109370722627985972 1.926309315261984261e-05 -38.09329913765166964 9.016247083583210956e-06 -3.439209365509762577e-05 0.9999999993679453691 0.4950516489987808466
0.3310652311085560129 0.9436078702227280735 2.645381146119861637e-06 116.2954484361857226 -0.94360787018349912 0.3310652310654461083 1.046785064347863966e-05 -40.1386122033681616 9.001752531106147428e-06 -5.961743861606852305e-06 0.9999999999417126251 0.4950649791564006308
0.3495290131584651849 0.93692554068518763 -1.320874370423535614e-05 116.9813107696348737 -0.9369255407402279356 0.3495290132366148383 4.086856185771627091e-06 -42.16792269858576958 8.445919094593419335e-06 1.094713452805647049e-05 0.9999999999044131282 0.4950583474620477986
0.3644384583344050244 0.931227474908410402 -8.048633823166675635e-06 117.7148990621605407 -0.9312274749067608326 0.3644384583829881064 5.695760456635281781e-06 -44.17479058821211169 8.237280330319688345e-06 5.419354791738425701e-06 0.9999999999513887738 0.495092084944840416
0.3817491113124894531 0.924265987584437565 -1.445411992541403181e-05 118.4611721312708283 -0.9242659876593976032 0.3817491113920097323 3.10513581444865962e-06 -46.16307193441947732 8.387818857605548598e-06 1.217406859093982184e-05 0.9999999998907180832 0.4951056865384315664
0.4073595402427341861 0.913267871422398736 -1.749812059105749709e-06 119.2637329174060312 -0.9132678713898341183 0.4073595402433047852 7.878918392137815519e-06 -48.11560915767299917 7.908365665008002581e-06 -1.611505439279512277e-06 0.9999999999674302753 0.4951147152425715015
0.4308214762329012903 0.9024371754397911838 -1.728470501185843776e-06 120.1212059014746956 -0.9024371754058585493 0.4308214762321314062 8.05575222713569176e-06 -50.0599642776839957 8.014472498843721115e-06 -1.910755029798579922e-06 0.9999999999660583727 0.4951257077876319856
0.4489187208549981767 0.893572594687486399 -9.571718298858458015e-06 120.9965452327951709 -0.8935725946972470357 0.4489187209116342059 4.829497406307364752e-06 -51.96810559358620907 8.612430064040581045e-06 6.384973358010039865e-06 0.999999999942528861 0.4951309077634523659
0.4652643312159905897 0.8851717923152143674 -1.37782719686433332e-05 121.8517913988842736 -0.8851717923812930655 0.4652643312880940796 2.400874272562290133e-06 -53.7683047531761602 8.535724676763781056e-06 1.107909653164357961e-05 0.9999999999021974562 0.495126284429586061
0.4863125532516251459 0.8737849280139851071 -1.130099653185066598e-05 122.729505842428793 -0.8737849280388937379 0.4863125533199478268 4.210781374474877982e-06 -55.53113275933849735 9.175133778642336388e-06 7.826884599945658192e-06 0.9999999999272780604 0.4951281900998025787
0.5042820614347290897 0.8635389987665382794 1.125421150315783154e-05 123.7466343400749764 -0.8635389988153842067 0.5042820612794479684 1.410346483197984322e-05 -57.34542942876592519 6.503594925259652858e-06 -1.683057485273649779e-05 0.9999999998372173238 0.4952074358100480023
0.5123827880547673352 0.8587571707603248727 1.323549233973157982e-05 124.7492398141522472 -0.8587571708394133863 0.512382787867671774 1.520103792705448779e-05 -59.1349438638584175 6.272361859024825793e-06 -1.915482415072506159e-05 0.9999999997968749277 0.49521710968809457
0.524591305334666913 0.8513541932403658752 4.642055692121568486e-06 125.7267885945170889 -0.8513541932228999576 0.5245913052624416872 1.127232776714085659e-05 -60.84059652292810227 7.161561457504178168e-06 -9.865398716186561995e-06 0.999999999925692773 0.4952039893414938998
0.5331288454765611418 0.8460340620227941866 -4.50247932868447299e-06 126.6798644070849349 -0.8460340619960857733 0.5331288454955268596 6.726229485276359947e-06 -62.47376545295080064 8.091020859894877264e-06 2.23303915604545184e-07 0.9999999999672424256 0.4952083258076047656
0.5280792633490331012 0.8491950845445813689 2.88037415903506669e-06 127.6936450325990506 -0.8491950845246637458 0.5280792633046478279 9.434100795542508977e-06 -64.17064491680434912 6.490326158727841598e-06 -7.427952575915056775e-06 0.9999999999513504712 0.4952294338529338869
0.5166718591856566123 0.8561835023736413808 1.382297281251190912e-05 128.6982854741596327 -0.8561835024645473302 0.5166718589936305506 1.529179464205675937e-05 -65.86762422881697887 5.950641234355697625e-06 -1.973584124508539236e-05 0.9999999997875430591 0.4952470546165783638
0.508920853003930973 0.8608133162048291487 4.942564572803279179e-06 129.6049606752886518 -0.860813316196104461 0.5089208529401005876 1.021853738329563086e-05 -67.49883800396801803 6.280878873575160139e-06 -9.455052161987542063e-06 0.9999999999355760893 0.495246599607635174
0.5074000422226765394 0.861710622630690759 -2.930452647143450435e-07 130.5017876708674862 -0.8617106226049663364 0.5074000422101008212 7.561858090713311628e-06 -69.13110231127134853 6.664824623279024698e-06 -3.584366897001387044e-06 0.9999999999713660159 0.4952543305792350692
0.5097660169233664273 0.8603130871833096771 3.666287685283455403e-06 131.4032556785582244 -0.8603130871630118026 0.5097660168676315662 1.025622410717628751e-05 -70.73578800013686418 6.954614954470919945e-06 -8.382429788742610353e-06 0.9999999999406837814 0.4952706185818028239
0.5068442555298904306 0.8620376445349848815 6.569532874790485009e-06 132.2808576192466603 -0.8620376445242289298 0.5068442554246856968 1.297487980624476444e-05 -72.29177573046054306 7.855104827888599622e-06 -1.223942794099481584e-05 0.999999999894246594 0.4952874657475903608
0.5166847918673805884 0.8561756979941155254 4.413986410141147924e-06 133.1624511967687283 -0.8561756979841660398 0.5166847918112540405 9.722124121661314403e-06 -73.85670082901468447 6.043206756467321159e-06 -8.802421573904637122e-06 0.9999999999429982633 0.4952905909398464535
0.543919593417479863 0.8391373403048247859 2.22273414503936755e-06 134.0195772380159838 -0.8391373402863715469 0.5439195933827862817 8.582025349920303523e-06 -75.28574426247847384 5.992509274192861127e-06 -6.533110957659194932e-06 0.9999999999607038781 0.495293715571463955
0.5826329800388924118 0.8127353877932426141 1.341510887051692927e-06 134.9204814089458466 -0.8127353877834567752 0.5826329800217435739 6.139161772663402397e-06 -76.66661002183680296 4.20790553817650256e-06 -4.667171489551415263e-06 0.9999999999802552386 0.4952930169927899362
0.6385131959899413845 0.769610874753818841 3.099203970094188489e-06 135.8945303399525528 -0.769610874758278718 0.6385131959746253028 4.722236397216640612e-06 -77.97356138910441814 1.655401852534132844e-06 -5.400391332685343146e-06 0.9999999999840475384 0.4952974030079147494
0.7100684842565065935 0.7041326207924520908 1.962851786362110076e-06 136.9520814092674925 -0.7041326207912819157 0.7100684842590937462 -1.351476939941922861e-06 -79.16903872663604602 -2.345378192429267941e-06 -4.224667903038195475e-07 0.9999999999971601605 0.4952853770605438744
0.7892476777068766491 0.6140749980027870869 8.025685368062794313e-06 138.0938477673167881 -0.614074998055201271 0.7892476776352143064 1.063758135202167782e-05 -80.15454741545673301 1.980192093227150646e-07 -1.33240591052859069e-05 0.9999999999112149096 0.4953125899117104547
0.8682119216097270442 0.4961935702018958616 8.202082026318939688e-06 139.2879218086936532 -0.496193570266691919 0.8682119214284480524 1.78255050337938848e-05 -80.91626086901916892 1.723755587585946745e-06 -1.954613634331350992e-05 0.9999999998074884378 0.4953366868027623826
0.9330613022319114158 0.3597173977237577147 7.373601203717908102e-06 140.5000440405847826 -0.3597173977909683962 0.933061301874420379 2.594491182853957492e-05 -81.41925939303797577 2.452814228490772573e-06 -2.686060585437902206e-05 0.999999999636245529 0.4953678738604781473
0.9796668055955211063 0.2006313783216467361 7.018272117681846033e-06 141.7800860419643243 -0.2006313784378749021 0.9796668052463844978 2.620483410330728572e-05 -81.73136034097178992 -1.618056239042515323e-06 -2.708009172637024147e-05 0.9999999996320250162 0.4953526718249677274
0.9998350270779134963 0.01816366161070897406 5.218413945687954188e-06 143.0096599439496856 -0.01816366169366594174 0.9998350269569042936 1.63155466182776517e-05 -81.80889108515225416 -4.921202980290953069e-06 -1.640764050036361705e-05 0.9999999998532853596 0.4953246103013038693
0.984465298799162003 -0.1755792568468699244 5.254511947162736709e-06 144.1636562406826556 0.1755792567489806721 0.9844652987105286801 1.537847778713767781e-05 -81.63620610507570063 -7.873026374943335517e-06 -1.421699442752930221e-05 0.9999999998679460766 0.4953147153958025184
0.9280824133680209975 -0.3723748567985247226 4.84773021165181026e-06 145.2088900390306776 0.372374856649865249 0.9280824132452425435 1.902923639610572428e-05 -81.22885962018307282 -1.158510233157683148e-05 -1.58555267964073181e-05 0.9999999998071936735 0.4953064745892243881
0.8268215335241978492 -0.5624643558982400648 6.848677570689412735e-06 146.1022237936668091 0.5624643558051460879 0.8268215335313329195 1.182494991107450625e-05 -80.66081944374060697 -1.231374692692054071e-05 -5.924986201406476972e-06 0.9999999999066329082 0.4952812145240472752
0.6854973406760139776 -0.7280751306793641353 3.817356821414817485e-06 146.8098884511875326 0.7280751305229924419 0.6854973406220317145 1.778432695725775761e-05 -79.90051540150528808 -1.556511412273520897e-05 -9.411786268908513975e-06 0.9999999998345725505 0.4952756571603029734
0.5140657268878623398 -0.8577507962295074506 3.02194471410605871e-06 147.3413374714882877 0.8577507960461109304 0.5140657268454728035 1.9165889503864195e-05 -79.00914740209985609 -1.799303518833004183e-05 -7.260451435124592933e-06 0.9999999998117679034 0.4952626329846489539
0.3207374471309756836 -0.9471681424099496205 3.717841237209540901e-06 147.6298273301790118 0.9471681423043841752 0.3207374471508819269 1.417849318849841465e-05 -78.11593113790883081 -1.462186796285703658e-05 -1.026152931412514844e-06 0.9999999998925737099 0.495242380195887455
0.1142719044997154709 -0.9934495114434744867 7.547344972995083097e-06 147.7458004547774237 0.9934495113890309259 0.1142719045851284948 1.206714385376913873e-05 -77.13773363553852391 -1.285054765067022402e-05 6.118970665664189857e-06 0.9999999998987108007 0.4952280327605747545
-0.09486235460834259448 -0.995490398546935884 9.014228067979649807e-06 147.6531501585244257 0.9954903984809154727 -0.09486235446161320195 1.550934937222631942e-05 -76.10619799745329317 -1.458429748957874538e-05 1.044483089128372286e-05 0.9999999998391014833 0.4952129275129113495
-0.2968261390900900354 -0.9549315384360439474 7.434616349347534073e-06 147.3489549820010609 0.9549315383708713023 -0.2968261389425349561 1.635054532745159242e-05 -75.13735935723394732 -1.340686293831574798e-05 1.195281886924464247e-05 0.9999999998386926992 0.4952030801351318678
-0.4775686933895564867 -0.878594413306352684 1.813961566053343212e-06 146.8763346365398661 0.8785944132595313594 -0.4775686933403336387 1.151428585410141669e-05 -74.3663636217199695 -9.250095969756191047e-06 7.092598948459048306e-06 0.9999999999320653421 0.495210340826947093
-0.6205045701088737209 -0.7842028299331622598 -1.026708388427435684e-06 146.2705934925161273 0.7842028299191254881 -0.6205045701047221529 5.312388513962660883e-06 -73.7057208421009733 -4.803067353538024596e-06 2.491213727401219918e-06 0.9999999999853620425 0.4952219448441684824
-0.7321434058186262472 -0.6811505217603893714 4.907564270699957975e-06 145.6042043631488525 0.6811505217695097425 -0.7321434057543066976 1.028793803346135641e-05 -73.14036167329868476 -3.41459354022234081e-06 1.087503595427405988e-05 0.999999999935036743 0.4951901883790366665
-0.8161331563882641138 -0.5778638862563165723 2.590106536441558253e-06 144.8305581097741594 0.577863886261073767 -0.8161331563700523484 5.562114114585803568e-06 -72.67550443141185212 -1.100273055134910388e-06 6.036154777506955651e-06 0.9999999999811771678 0.4951994294966245991
-0.8757608605327507068 -0.48274518656319515 3.351765107167029379e-06 144.0208535998957586 0.4827451865744727399 -0.8757608605194510121 4.862151907463354062e-06 -72.31443915327218974 5.881642648446753401e-07 5.87613081053421956e-06 0.99999999998256206 0.4951940524050882919
-0.9126879607438167508 -0.4086571745301906255 4.530677676991052691e-06 143.1641504160632792 0.4086571745549761325 -0.9126879606729054739 1.138899788889554728e-05 -72.00652463576811613 -5.191007285271397613e-07 1.2246095196430177e-05 0.999999999924881311 0.4951755221360733539
