0.9999727208254474142 0.007386311999347235611 0 -0 -0.007386311999347235611 0.9999727208254474142 -0 0 -0 0 1 0.4949999999999998845
0.9999699186354713554 0.007756391442899151882 1.477112729253554952e-05 -0.001911332181093435131 -0.007756391905841278356 0.9999699182433879896 3.154595884020358246e-05 0.001576243219344983758 -1.452600014588010484e-05 -3.165958054688513802e-05 0.9999999993933329501 0.495003144701573139
0.999958254286349546 0.009137268634162054939 2.955652927965849597e-06 0.0001478945015636858246 -0.009137268654124553607 0.9999582542673289831 6.812533020472741291e-06 0.001532277914991607513 -2.893281597781795688e-06 -6.839255221271166568e-06 0.999999999972426501 0.4949985123012020649
0.9999669195499467644 0.008133867952719813985 -3.881826645679276515e-07 -0.008200704051187284946 -0.008133867954438905867 0.9999669195391773791 -4.654131263212704004e-06 -0.0001028149720937764278 3.50313734177541928e-07 4.657134728991660049e-06 0.9999999999890939462 0.4949952753753327772
0.9999719715674286746 0.007487060927351039084 -6.72621312802832907e-07 0.0004510282091352266253 -0.007487060930436212694 0.9999719715565498213 -4.707789800703662781e-06 -0.00182340552891214298 6.37354951208244307e-07 4.712693805486080948e-06 0.9999999999886919344 0.4949968778692747651
0.9999794159960796458 0.006416197175136301514 -4.26211735860458628e-07 0.001162342921536053432 -0.006416197171746447145 0.9999794159678538907 7.528324603644886818e-06 0.00824182411644717311 4.745061777594385513e-07 -7.525434982047564323e-06 0.9999999999715710741 0.4950113748330962626
0.9999756060054227902 0.006984797374085746809 1.401043575862891312e-06 -0.01056529138454219245 -0.006984797369573894112 0.9999756060013162973 -3.199785054028711921e-06 -0.005172604550228834634 -1.423359249050368692e-06 3.189920993006287917e-06 0.9999999999938989914 0.4949988035579808709
0.9999802005376966507 0.006292736559137392799 1.19072368198556362e-06 -0.009989879147234698512 -0.006292736553136072698 0.9999802005260508553 -4.978397674943650909e-06 -0.01414023387438566488 -1.222027851338417434e-06 4.970806194908159223e-06 0.9999999999868985912 0.4949975591961479071
0.9999831704849966307 0.005801615999203276093 8.968894025199560791e-07 -0.009541123834125095696 -0.005801616000339649207 0.9999831704845862923 1.269673897018590641e-06 -0.01337696914860347398 -8.895081479111819591e-07 -1.27485593693091197e-06 0.9999999999987915222 0.4950051116892282277
0.9999824700327227811 0.00592111718278601467 8.916078391966493104e-07 -0.007418707732114987637 -0.005921117186498390562 0.9999824700241927156 4.220285058304773327e-06 -0.01314576764059879367 -8.666034069577625583e-07 -4.225490391346095977e-06 0.9999999999906968862 0.4950077500599116553
0.9999841406483658268 0.005631913807751680323 9.186911519599819015e-07 0.00400762335869312477 -0.005631913809823846546 0.9999841406462022242 2.26881387784929117e-06 -0.01750825186647008563 -9.05898817906153017e-07 -2.273951885317872842e-06 0.9999999999970040632 0.4950054883869104416
0.9999860744501651855 0.005277395901600575277 6.922026250369218592e-07 0.006395791489490956078 -0.005277395907427592098 0.9999860744124823286 8.705289723179667117e-06 -0.007475320696729722235 -6.462517254010774762e-07 -8.708821524534300014e-06 0.9999999999618691682 0.495016316449688909
0.9999859218734326038 0.005306228094704499958 7.621075796404055519e-07 -0.009122436872642169722 -0.005306228098165881313 0.9999859218630597901 4.614039583597748939e-06 -0.01068196325738515751 -7.376137041169480274e-07 -4.618018543217421192e-06 0.9999999999890647473 0.4950082667885511434
0.9999888217947870972 0.004728243546389373879 8.199681766951108687e-07 0.00251315048119024392 -0.004728243549925434212 0.9999888217855774641 4.365519371032715833e-06 -0.00869780726605249091 -7.993177721221279677e-07 -4.369347581603957731e-06 0.9999999999901346692 0.4950087892005557988
0.9999898769042582236 0.004499565648117047519 4.65955272651495947e-07 0.001871668428546195218 -0.004499565650184059011 0.9999898768940770344 4.534390247000225347e-06 -0.006022557039525764169 -4.45547769146435608e-07 -4.536440941272962781e-06 0.999999999989610866 0.495010403637198948
0.999993307510088969 0.003658543010465241298 5.528693919101997555e-07 0.001271852789613852133 -0.003658543012818928856 0.9999933075009107553 4.317968904938038015e-06 -0.003412739225882345951 -5.370682168758547435e-07 -4.319962703425465553e-06 0.9999999999905244685 0.4950089494835592241
0.9999919211399147523 0.0040196588205089279 3.188000539341642648e-07 -0.01051345257132394427 -0.004019658821177769618 0.999991921137703188 2.125934326181561567e-06 -0.005734270858373042429 -3.102519477263464595e-07 -2.127198618504582191e-06 0.9999999999976891818 0.4950080157843395057
0.999986619266053034 0.005173131637035703785 3.851437972493139596e-07 0.01595606808918414651 -0.005173131637375618513 0.9999866192657320685 8.869217231327197465e-07 -0.01040435295788253063 -3.80550480916983731e-07 -8.889022550316055518e-07 0.999999999999532263 0.495007489056838168
0.9999625144375168251 0.008658505730470106646 7.395923035193028869e-07 0.07962983761711409092 -0.008658505729229541703 0.9999625144364159279 -1.664381780271817614e-06 -0.0165301697896578538 -7.539756386670914235e-07 1.657915625787311484e-06 0.9999999999983412158 0.495004459460911872
0.9999028681334918289 0.0139375141260536916 7.971550669328092422e-07 0.1710231529204267742 -0.01393751412906298233 0.9999028681261500351 3.90306275195756062e-06 -0.01472564279178930312 -7.426786455271491931e-07 -3.913794000195791619e-06 0.999999999992065125 0.4950122675727591237
0.9997068324603353151 0.02421258213584867244 8.188408723022302814e-07 0.2832504867401792192 -0.02421258213951582236 0.9997068324489989388 4.812383963279681206e-06 -0.01435347528034121821 -7.02080572748913029e-07 -4.830799380393052358e-06 0.9999999999880849755 0.4950129303137836279
0.9991681422999550977 0.04078018401973700774 2.530938793003722914e-06 0.5473730274732070411 -0.04078018401431932755 0.9991681423010544405 -2.156506554664652644e-06 -0.02652065915381607644 -2.616776146222197235e-06 2.051500498374285728e-06 0.9999999999944716444 0.495001626986255161
0.9980230141515775699 0.062849528377400668 2.961563052228954234e-06 0.9035973870478725134 -0.06284952829722668943 0.9980230139174509629 -2.204940362846812398e-05 -0.07214761526821898696 -4.341502702344305042e-06 2.181967942867339965e-05 0.9999999997525262918 0.4949775074243377149
0.9961260502785704851 0.08793686346226183004 1.751262399464992441e-06 1.376741970858920805 -0.08793686336536681025 0.996126049801435709 -3.115575196958998521e-05 -0.1375932769763299479 -4.484217203158812775e-06 3.088105563058781463e-05 0.9999999995131259034 0.4949678522082259224
0.9935357540504411444 0.1135196257283905275 3.740453586667748999e-07 1.971993186929087427 -0.1135196256679677634 0.9935357536188811345 -2.951946617770512152e-05 -0.2239779070811867279 -3.722666189505623627e-06 2.928618359893406397e-05 0.9999999995642303574 0.4949786408582741437
0.9902589746812927585 0.1392377932365344295 -8.756810058943705842e-08 2.640765370631864783 -0.1392377931439394145 0.9902589739994260842 -3.709773913048258179e-05 -0.3451794355573196693 -5.078692233148220877e-06 3.674856190342164067e-05 0.9999999993118747765 0.4949744048279559605
0.986973467043511743 0.1608831108394114529 9.879135264012147734e-07 3.440846233579076152 -0.1608831106243641118 0.9869734660067654985 -4.600709877563989765e-05 -0.5100992793464184105 -8.376809608988202118e-06 4.524884718605132363e-05 0.9999999989411851864 0.4949610474129031989
0.9849762912043658059 0.172689622639798368 -2.206867268913933942e-07 4.310567068727960027 -0.1726896224885736408 0.9849762902867047476 -4.312803649058615131e-05 -0.6918590900225871643 -7.230393153185781739e-06 4.251820373697922745e-05 0.9999999990699616204 0.4949766039486090397
0.9846929693299927289 0.1742978948648387927 -1.45716780319618135e-08 5.265250126822722976 -0.1742978947021726344 0.9846929684073943978 -4.328575988455394473e-05 -0.8944874180155325538 -7.530268196606694937e-06 4.262572324322975656e-05 0.9999999990631711633 0.4949863378336435416
0.9854760881616830837 0.1698142504723767487 5.328394255792123302e-07 6.299765239408944062 -0.1698142502997549708 0.9854760872920348413 -4.210637083814631652e-05 -1.104986366210958915 -7.675362316266507394e-06 4.140433789267672083e-05 0.9999999991133845523 0.4949968711020075185
0.9865272070162289797 0.1635972793671285064 -1.632396082132630756e-06 7.327610610869884411 -0.163597279160736131 0.9865272051624092153 -6.105638943705353429e-05 -1.337355506824140949 -8.37825605525744491e-06 6.050084489938116451e-05 0.9999999981347260647 0.4949771458393666945
0.9874770008777272734 0.1577630271530959805 -1.803595138691648058e-06 8.425448900242370698 -0.1577630269208799563 0.9874769986612639272 -6.673781728690858191e-05 -1.577044503134835907 -8.747751366417678189e-06 6.618660028802202816e-05 0.9999999977714051358 0.4949679986760722183
0.988559689524762808 0.1508301702185325111 -8.864676021208135859e-07 9.553002694176786491 -0.1508301700513783317 0.9885596881162219685 -5.325469677948555875e-05 -1.789416375442713925 -7.156088843908428704e-06 5.277915257323656029e-05 0.999999998581575511 0.4949973043073847556
0.9894218865225663517 0.1450666414847882058 8.259988587502916183e-07 10.72045069951400897 -0.1450666413478494399 0.9894218858060215283 -3.818825987716708908e-05 -1.991637009802294189 -6.357103953027244736e-06 3.76644752504846339e-05 0.9999999992704869944 0.4950214262040949498
0.9903850720620348547 0.1383380245366903905 2.489313505742112038e-06 11.86594144520224425 -0.1383380244633946321 0.9903850718859130708 -1.937349637607726769e-05 -2.170741640536820949 -5.145470152366247993e-06 1.884285489186044105e-05 0.9999999998092352627 0.4950273139132470579
0.9915249426790280207 0.1299164655780510047 4.392039840519602344e-06 13.16528489014356573 -0.1299164655407665236 0.9915249426620498241 -7.914939035606921613e-06 -2.35470833292903059 -5.38309795581243553e-06 7.277261180993617904e-06 0.9999999999590316602 0.4950214413785810064
0.9931227244355049777 0.1170779833614142146 4.904800945163742024e-06 14.52296232217949878 -0.117077983304908026 0.9931227243982257979 -1.055149297846246416e-05 -2.534797263010477142 -6.106416796662510248e-06 9.904683250460969966e-06 0.9999999999323042621 0.4950029652139629199
0.9947792219691191651 0.1020504753513651608 4.615953190287656798e-06 16.05943896554515149 -0.1020504753080387766 0.9947792219452632478 -8.809804583420152187e-06 -2.710136197518418388 -5.490899068660767677e-06 8.292750332126170077e-06 0.9999999999505398973 0.4950067680560214511
0.9964362710142267154 0.08434902360259841081 5.175252545548678658e-06 17.61728022614726541 -0.08434902351802253673 0.9964362709245735417 -1.482290552675896008e-05 -2.866740797264692997 -6.407106955715117686e-06 1.433355321000368011e-05 0.999999999876748924 0.4949946917885564845
0.9975401817327413934 0.07009697439953947729 3.297324092412889078e-06 19.20610215980414281 -0.0700969743685696256 0.9975401817022454543 -8.721003369021275626e-06 -2.985737737647302659 -3.900529224173313415e-06 8.4684188432346069e-06 0.9999999999565356568 0.4950077038204220292
0.998156594396564345 0.06069112836388646653 1.6743743564495233e-06 20.85165116392550289 -0.06069112834911646881 0.9981565943684895803 -7.787302158687493825e-06 -3.094476863980717862 -2.143907960252864742e-06 7.671327333280774142e-06 0.9999999999682769314 0.4950107685067015595
0.9987276784112777417 0.05042840838109902829 2.366622973753050126e-06 22.52206903560614748 -0.05042840833730797417 0.998727678289845433 -1.589255204953341234e-05 -3.20035947723941927 -3.16504797293557048e-06 1.575298658276002447e-05 0.9999999998709127036 0.4949900020473562146
0.9991745071669770883 0.04062393661934004391 1.846342002202396945e-06 24.19214502159965008 -0.04062393657742466302 0.9991745069926334377 -1.884712120268961609e-05 -3.288086479558648634 -2.610462116985403446e-06 1.875655735881598561e-05 0.9999999998206883234 0.4949868994176515047
0.9995251252155700206 0.03081434835145743442 8.407859444572253187e-07 25.88574432100249112 -0.03081434830795827876 0.9995251246902364661 -3.245852343131677692e-05 -3.384543283496848964 -1.840574923957808963e-06 3.241720142605448383e-05 0.9999999994728684394 0.4949659202224424015
0.9997950793843970452 0.02024349871888091179 -7.734875559294076933e-07 27.55754545180260706 -0.02024349873365792821 0.9997950786588680749 -3.808885098404269867e-05 -3.460023970848254304 2.277445722823508425e-09 3.809670388761040503e-05 0.9999999992743203725 0.4949756029063285268
0.9999546333543352095 0.009525294479607643652 -7.116156771593555945e-07 29.24582034771988504 -0.009525294498783460836 0.9999546327323455275 -3.527129034318049591e-05 -3.51040080016201772 3.756139659061195798e-07 3.527646855194425208e-05 0.9999999993777146656 0.494990862393314357
0.9999999935157933839 -0.0001138887171070166761 -7.614414891810028634e-08 30.93199766207254697 0.0001138887149698185021 0.9999999931376052364 -2.750241296163420004e-05 -3.539740395687716035 7.927636292522211281e-08 2.75024041113436062e-05 0.9999999996218055243 0.4949981838809301427
0.999964383685598146 -0.008439867417110806166 7.042867028314966851e-07 32.64180548653823166 0.008439867438015091414 0.9999643829401321238 -3.861375490113090229e-05 -3.575614438287050501 -3.783666463673510181e-07 3.861832370790637499e-05 0.9999999992542407679 0.4949884390527543032
0.9998901827507075124 -0.01481966394746687087 1.213790429103313071e-06 34.40317519383149403 0.01481966398639559396 0.9998901817934856551 -4.375560526584218359e-05 -3.599588762379613449 -5.652137669575010449e-07 4.376878811193997859e-05 0.9999999990419866647 0.4949832558055452525
0.9997500869147633029 -0.02235539561808447609 1.707235899521399422e-06 36.17959994902767562 0.02235539566036095702 0.9997500864323703995 -3.107360751237684944e-05 -3.591523958770533209 -1.012146448886583827e-06 3.110400774527337511e-05 0.9999999995157579091 0.4949964659072660367
0.9996085071272220457 -0.02797914364621075303 1.394244744275151268e-06 37.93398084245003332 0.0279791436751044495 0.999608506695872312 -2.937156250658562277e-05 -3.581093402636669865 -5.719077403080900215e-07 2.9399073523220282e-05 0.9999999995676834841 0.4949947949459317376
0.9994843765998703278 -0.03210889177616818579 1.97672299891697315e-06 39.76358564490901415 0.03210889181362197586 0.9994843763276487492 -2.33594664951842998e-05 -3.554014306569486692 -1.225657172102111559e-06 2.341089219256257072e-05 0.9999999997252136952 0.4950018495567508614
0.9993425659368465608 -0.0362551500651639505 1.656690693787315609e-06 41.58354162978938007 0.03625515009598701682 0.9993425655995391566 -2.597461826507643621e-05 -3.530736871794816878 -7.138878452486261002e-07 2.601760523601745701e-05 0.9999999996612870534 0.4949940056194908622
0.9992741449322388725 -0.03809439947198299536 1.02186617511950314e-06 43.39610793492857255 0.03809439948489269645 0.9992741447252413423 -2.03409802181300786e-05 -3.498034625419900845 -2.462470220850903574e-07 2.036514299285062537e-05 0.9999999997925999029 0.4949948938763935602
0.9991737778618340338 -0.04064187042912942305 1.888030149169366948e-06 45.28333908522202478 0.04064187045877536153 0.9991737776627597212 -1.997434647314199135e-05 -3.462522379347519497 -1.074675415218730089e-06 2.003457630263529441e-05 0.9999999997987302214 0.494990965891891177
0.9991608247733201331 -0.04095907999025420743 2.623585492624183722e-06 47.21697190615928719 0.04095908004654528339 0.9991608244042257114 -2.720002128922894885e-05 -3.431718526952022064 -1.507295995983187069e-06 2.728465535339921847e-05 0.9999999996266375479 0.4949797879911447263
0.999108982869876816 -0.04220474312391422206 2.965990709355609977e-06 49.19040587639686635 0.04220474319990530354 0.9991089823047639706 -3.363928251918847135e-05 -3.397614908694129188 -1.543610681554483674e-06 3.373448821844049413e-05 0.9999999994298005568 0.4949777309815976412
0.9990670568476273106 -0.04318583006641495137 2.351000804126084216e-06 51.19147043386283968 0.04318583011417983369 0.9990670564841972467 -2.697375627053075843e-05 -3.348100818078433072 -1.183923398618239575e-06 2.705012121064969213e-05 0.9999999996334444363 0.4949825038964016377
0.9991036650184162982 -0.04233044469488819739 9.663933580619342202e-07 53.21424515693449564 0.04233044470529048753 0.9991036648676596688 -1.735788262581895914e-05 -3.293536249796212623 -2.307602552308699023e-07 1.738323200902221622e-05 0.9999999998488847686 0.494991243326318775
0.9991639306439480395 -0.0408832447511801797 -9.917179085766434312e-07 55.18614059286282725 0.04088324473822659011 0.9991639305874459032 -1.072158655367858076e-05 -3.243438145641738046 1.429222010762385154e-06 1.067207791774517311e-05 0.9999999999420318142 0.4949980391394866452
0.9992519919010494078 -0.038671135023643749 -2.764266988696627764e-08 57.22467731695009263 0.03867113501931752212 0.9992519917994542311 -1.426091998182100666e-05 -3.205478455143225602 5.791079551215701346e-07 1.424918372475662883e-05 0.9999999998983124527 0.4949904687048363172
0.99933053547116657 -0.03658525491284870396 3.252788672110651831e-07 59.25809348717477576 0.03658525491359430892 0.999330535357518368 -1.507300827285694395e-05 -3.167861057255624502 2.263887454554314355e-07 1.507481783875037779e-05 0.9999999998863491335 0.494986162037774291
0.9994729647768569869 -0.03246217306955501841 1.412332920289959282e-06 61.34613903207969088 0.03246217309169097814 0.9994729645672539853 -2.048273623133515508e-05 -3.139937446438451296 -7.466744423185326905e-07 2.051778850359643804e-05 0.9999999997892311532 0.4949785450133015741
0.9996028100103390157 -0.02818194837735665814 2.706033664468422927e-06 63.43281898282964448 0.02818194844684871261 0.9996028095468031394 -3.049769242984873188e-05 -3.126325716385121023 -1.845474460044443448e-06 3.056184035293532431e-05 0.999999999531283823 0.4949629842367744836
0.9997288769864144387 -0.02328459835006820022 1.179525424533888041e-06 65.44183602409366074 0.02328459837366823881 0.9997288766103612501 -2.742616853471999122e-05 -3.117597130213720202 -5.405983089904164215e-07 2.744619744503756152e-05 0.9999999996232067367 0.4949646437377026587
0.99980172487047414 -0.01991258259134928363 1.67328209374144466e-06 67.40680498455353131 0.01991258263769037085 0.9998017242598926657 -3.495533174839037557e-05 -3.127001635518780631 -9.768993920480534868e-07 3.498172034342815208e-05 0.9999999993876622639 0.4949543982504946427
0.9998513249420907245 -0.01724320177265000614 2.530998647532209708e-06 69.39403496133301985 0.01724320185681180173 0.9998513242137517798 -3.820948575950043337e-05 -3.141162449350071828 -1.871768476738004152e-06 3.824744748257118143e-05 0.9999999992668143767 0.4949500003479745946
0.9999078557573436443 -0.01357497662636333521 2.564630594601471949e-06 71.39504018447399858 0.01357497670918303423 0.9999078551243182345 -3.564074689348164382e-05 -3.156838153310326245 -2.080571971008843134e-06 3.567227760444083182e-05 0.9999999993615796834 0.4949495411445333781
0.9999451373019556666 -0.01047484495051411932 3.415872207111167423e-06 73.38604416100385208 0.01047484507734143012 0.9999451365260526581 -3.950610241506532426e-05 -3.185198089766910989 -3.001864503098166133e-06 3.95397157358711262e-05 0.9999999992137996729 0.4949390152065678006
0.9999717650096985322 -0.0075145968647265457 4.425076364237049385e-06 75.36210047921787236 0.007514597068771085644 0.9999717638632042993 -4.805661673401738016e-05 -3.227459214074595906 -4.063825315736508263e-06 4.808851252178578529e-05 0.9999999988354899561 0.4949194374112856343
0.9999892346648022734 -0.004640101977675403951 3.220594868425112858e-06 77.37175929545418285 0.004640102093698191682 0.9999892339847713529 -3.700463304725863629e-05 -3.259198779720699157 -3.04885492446584706e-06 3.701917856897197259e-05 0.9999999993101422735 0.4949307183110812081
0.9999999957937889539 -9.169699928318634705e-05 2.512959662964749261e-06 79.34746501434776178 9.169708242044667451e-05 0.9999999952490254973 -3.310327340898715974e-05 -3.304229801749505757 -2.509924180187756646e-06 3.310350370081713799e-05 0.9999999994489289223 0.4949270737616229265
0.9999919699679524765 0.004007492958636883068 1.425693290835664891e-06 81.32438996223598338 -0.004007492922374236537 0.9999919696668166935 -2.458841180237874926e-05 -3.352294535683163712 -1.524219729205257519e-06 2.458250090087150711e-05 0.999999999696688513 0.4949276764970148013
0.999943026864976936 0.01067440983591089708 9.977227054409550641e-07 83.27288966694037242 -0.01067440981289368568 0.9999430266500363151 -2.076881037405350775e-05 -3.412254550143353882 -1.219360655573529213e-06 2.075697700877827175e-05 0.9999999997838303623 0.4949212288327382581
0.9996044122308983537 0.02812506090055024929 -3.052462953262729791e-07 85.22787823326024181 -0.0281250609021594794 0.9996044121902308843 -9.016958394767543857e-06 -3.490745622438257811 5.152303962234710836e-08 9.021976466958286646e-06 0.9999999999593004452 0.4949269857412592066
0.9984669698635008084 0.05535079124468890444 -1.555170314667477893e-06 87.1594249854655061 -0.05535079122142532587 0.9984669697899963836 1.231978995695499298e-05 -3.594537446541941961 2.234696313679207807e-06 -1.221482344027472734e-05 0.9999999999229018943 0.4949465497776860401
0.9952876204715971342 0.09696675996372135231 -5.971766520802192969e-07 89.0457976534197968 -0.09696675996087091021 0.9952876204651577297 3.70506964482344594e-06 -3.787498383684300141 9.536311279447328065e-07 -3.629703665401375255e-06 0.9999999999929577443 0.4949254635267388847
0.9896196023744395776 0.1437116647942582315 -7.425408784250835234e-07 90.88497961413894188 -0.1437116647855139207 0.9896196023507459749 7.068242045843655286e-06 -4.053122557327172082 1.750621840413169165e-06 -6.888159097084328622e-06 0.9999999999747440915 0.494927531585527436
0.9806244646534996168 0.1958970630848426708 5.570753919657731552e-08 92.71189092835797396 -0.1958970630811608382 0.9806244646332445969 6.416447015330330215e-06 -4.417560757632307933 1.20233494994203738e-06 -6.303037862705940087e-06 0.9999999999794128014 0.4949228870216255127
0.9678817926374255753 0.2514057188720197344 1.280382194836765689e-06 94.52924368017193046 -0.2514057188734157289 0.967881792637309224 1.078115025944688938e-06 -4.888884727264779073 -9.682143308751510492e-07 -1.365383310106348908e-06 0.9999999999985988985 0.4949090959365289311
0.9514974264049644859 0.3076567040497767969 4.354704547675085975e-07 96.26132744752014503 -0.3076567040243410878 0.9514974263427034007 -1.158978599222285224e-05 -5.462476417923881833 -3.980024375969125992e-06 1.089367613937060438e-05 0.9999999999327433553 0.4948748629511812713
0.9315979912965249854 0.3634902785682543325 9.408648932341292077e-07 97.97218335290492064 -0.363490278538615541 0.9315979912480484293 -1.061853697229249649e-05 -6.130460101167154008 -4.73624280661862895e-06 9.550212471786695913e-06 0.9999999999431804509 0.4948720725683113941
0.9086300709330211722 0.41760195664408023 2.349739134463161855e-06 99.67574445771587932 -0.417601956613970704 0.9086300709133585674 -8.148677210720591817e-06 -6.910348741209801915 -5.53794718363310176e-06 6.422877491903111329e-06 0.999999999964038655 0.4948638547351250083
0.8829384957794919053 0.469488671494564358 3.33910992020987901e-06 101.2827979238404197 -0.4694886714797755212 0.8829384957828160241 -4.377903458418589803e-06 -7.759833197438466001 -5.003604768827993528e-06 2.297745213879669594e-06 0.999999999984841903 0.4948516289325269879
0.8540159236675223253 0.5202468665183539454 -1.541210352764713866e-06 102.8187195286034807 -0.5202468664706160206 0.8540159235405820892 -1.639707473041462826e-05 -8.70841991269875848 -7.21430856577883425e-06 1.480517277793835577e-05 0.9999999998643800403 0.4948232576355391377
0.8229326765720055281 0.5681389001101756486 -3.723890740074777246e-06 104.3142443209435726 -0.5681389000624873509 0.8229326763724020832 -1.991418769264518805e-05 -9.749515067389918244 -8.249513319038893311e-06 1.850372296868476162e-05 0.9999999997947786046 0.4948024299157677275
0.7865614529855022852 0.6175120085301815109 -7.676412336717598436e-07 105.7564082628481401 -0.6175120084654781571 0.7865614528838082986 -1.550729805980301053e-05 -10.87398678685146081 -8.972145767734767769e-06 1.267147057378348474e-05 0.999999999879466972 0.4947931607658108688
0.7428972408097030966 0.6694054747300626218 9.908895486804123574e-07 107.0916597509452686 -0.6694054746669382272 0.7428972407584669702 -1.271299158799083813e-05 -12.06952752032193565 -9.246275280809382332e-06 8.781139484478442492e-06 0.999999999918698812 0.4947768965984620237
0.690097799706259063 0.7237161230824201708 -5.776150026473232701e-06 108.3300859027271201 -0.7237161230140202184 0.6900977994701971152 -2.140513283450054622e-05 -13.37190297979414666 -1.150513132637005228e-05 1.895192797461556829e-05 0.9999999997542280417 0.4947425566923567275
0.6341744470647766585 0.7731899963318172864 -1.627026801934975094e-05 109.4728100520700025 -0.7731899963502700812 0.6341744463808299814 -3.322152408154427448e-05 -14.77581109989726116 -1.536836186910775081e-05 3.364825013556146114e-05 0.9999999993158040779 0.4947085557903871944
0.5743174536583258716 0.8186326778555713668 -3.424420131060648296e-05 110.5269175099709571 -0.81863267832735509 0.5743174519620850571 -4.846227142695398997e-05 -16.30157900487855827 -2.000575659202669598e-05 5.586615056050978247e-05 0.9999999982393711351 0.4946644391672503915
0.5140178684545733123 0.8577794759621680809 -3.911160833963951233e-05 111.450142273089881 -0.8577794764602278965 0.5140178663030616768 -5.373172235813999004e-05 -17.88623897286564812 -2.598590318048751128e-05 6.11682003200175262e-05 0.999999997791591988 0.4946292685374580889
0.4624303395700121722 0.8866556147847758362 -4.263832740137563738e-05 112.3099008021012537 -0.8866556152579621042 0.4624303370504787569 -5.752510358927437453e-05 -19.58890973750431996 -3.128769997701919854e-05 6.440686560222542881e-05 0.9999999974364175426 0.4945755684539780983
0.4230752057293941659 0.9060945687483377142 -5.276388203847399375e-05 113.1007674904256532 -0.9060945696082376433 0.4230752024462365313 -6.327535963085814024e-05 -21.36964199148848564 -3.501036962184165689e-05 7.457930277993765633e-05 0.9999999966061005052 0.4945232520097688211
0.3962780683166601814 0.9181305397253285427 -6.780210725711853677e-05 113.8536791250054989 -0.918130541376143916 0.3962780636853143745 -7.236297067114209306e-05 -23.23656211970110519 -3.957016554078889698e-05 9.092704367763695212e-05 0.9999999950832372253 0.4944834683017465538
0.3793287304756874923 0.9252619673214503848 -7.788693834179344594e-05 114.5938354714699017 -0.9252619697263086973 0.3793287251162849594 -7.537956009495884067e-05 -25.16972594493410398 -4.020108704488390469e-05 0.0001006594548207159062 0.9999999941257732283 0.4944213996716598225
0.3715777653580259465 0.9284018314627776602 -6.025220990998154599e-05 115.3215448367237599 -0.9284018327475181964 0.3715777618408434568 -6.211788262210936654e-05 -27.08516083174295375 -3.528197468864056527e-05 7.901988612101060357e-05 0.9999999962555198296 0.4943682213843192397
0.3701051148020420567 0.9289898827758119593 -4.122842450070369146e-05 116.0728030609028849 -0.9289898830918671413 0.3701051126055668328 -5.232984090052376675e-05 -29.04534696040032316 -3.335504207147141684e-05 5.766833103103153609e-05 0.9999999977809022056 0.4943145918904895963
0.3734425185129064961 0.9276533214272992822 -2.477639963450078601e-05 116.8378574261984255 -0.9276533211049692307 0.3734425171144485911 -4.750134957008577351e-05 -31.0188641584362621 -3.481222365642781477e-05 4.072293302218340627e-05 0.9999999985648757583 0.4942374687277187317
0.381415584902637439 0.9244036732375094934 -2.237434260376080063e-05 117.6144440628230114 -0.9244036728949599491 0.3814155836561572976 -4.565931491381836792e-05 -32.99154358276845755 -3.367371548070565492e-05 3.809809878563441717e-05 0.9999999987073076024 0.4941662166707475046
0.3964911301665449694 0.9180385509494038976 -5.16933934694137226e-05 118.4092937302548307 -0.9180385517795379702 0.3964911271897366696 -5.923320824440445449e-05 -35.00489463860152739 -3.388239681982694197e-05 7.094196975744465898e-05 0.999999996909609612 0.494065987059483458
0.4145347867065698466 0.9100334645528912469 -6.32948102232902684e-05 119.223498463025166 -0.9100334662035398647 0.414534783033936205 -6.361454836840383124e-05 -36.93430803245237115 -3.165346742458023264e-05 8.397083877952715529e-05 0.9999999959734779953 0.4939898200570929654
0.4325997213330475266 0.9015860904365053941 -5.134413023293338014e-05 120.1114853784365835 -0.9015860913964208745 0.4325997184900997605 -5.800899417668307342e-05 -38.88026882408805562 -3.0088645985023703e-05 7.138582840850270629e-05 0.9999999969993682569 0.4939388157651071753
0.4523675174464178994 0.8918316145532390049 -2.109407890657294803e-05 121.0792870541529851 -0.8918316142840777561 0.4523675162501794578 -4.4803258331553358e-05 -40.83917248362313757 -3.04146861325233872e-05 3.907990518804001191e-05 0.9999999987738534823 0.4938815074739172917
0.4726037869649939438 0.8812750188919609151 -4.031814592177120348e-05 122.0438226528044225 -0.8812750193459339965 0.4726037847278105053 -5.42218177021339107e-05 -42.76023293417871685 -2.872982506396732068e-05 6.115681120935515056e-05 0.999999997717220479 0.4938011046086326905
0.4928608745569881266 0.8701081287986408563 -5.031581518274365648e-05 123.0433276270803447 -0.8701081298455118906 0.4928608717311148135 -5.912210904580532487e-05 -44.64251201152772097 -2.664393113964616709e-05 7.29191742202787448e-05 0.9999999969864472593 0.4937223069037472434
0.5119965294734548644 0.8589875152561989857 -4.94302725499036591e-05 124.0443207095259481 -0.8589875163333483554 0.5119965267889359239 -5.780799807801734587e-05 -46.41715415069086248 -2.434822076719009e-05 7.205748144107527065e-05 0.999999997107441585 0.4936610339118693846
0.5294983374347744798 0.8483109733226507077 -5.653688337048230853e-05 125.0712977255159473 -0.8483109749061451543 0.5294983342973456075 -6.190601183323981866e-05 -48.17574253757610592 -2.257936358174554665e-05 8.073998899308684849e-05 0.9999999964856129964 0.4935865754772187919
0.5477183733816977096 0.8366627637862531497 -5.617729094751754419e-05 126.1334721184976502 -0.8366627654058127472 0.5477183702780867858 -6.201328258730090775e-05 -49.90134775763928587 -2.111487015653688739e-05 8.096726186393298906e-05 0.9999999964992322132 0.4935339973693939619
0.5623160414143463237 0.8269224067847503745 -5.222688605429406792e-05 127.2621056153481618 -0.8269224081824847472 0.562316038563948517 -6.018023508968289907e-05 -51.65241167992105886 -2.039636916865130909e-05 7.70278939549043167e-05 0.9999999968253455718 0.4934941973805532789
0.5746092281786104872 0.8184279027781569127 -5.33700465786246639e-05 128.3390184695383311 -0.8184279043149579325 0.5746092253604798694 -5.976192557479650675e-05 -53.28509620448565443 -1.82439062921687513e-05 7.801928930353688261e-05 0.9999999967900748965 0.493451017993140395
0.5847794758251059211 0.8111923090875948761 -4.830199845123840565e-05 129.4505194471469451 -0.8111923103465273899 0.584779473407963768 -5.583547499454495459e-05 -54.90579498269174508 -1.704729067096009794e-05 7.183364951777029882e-05 0.9999999972746580479 0.4934261346324584907
0.5911743191908450656 0.8065438126579549394 -5.09376403848130728e-05 130.5802400856603924 -0.8065438140823739666 0.5911743165276341916 -5.870071799459431144e-05 -56.53417747752169475 -1.723167615709722956e-05 7.578579575279158892e-05 0.9999999969797910282 0.4933842851875793745
0.5841819553392594289 0.8116227202789043638 -5.463793102465081252e-05 131.6950470254560059 -0.8116227218920770703 0.5841819522645274043 -6.292164963465613056e-05 -58.16001349973775092 -1.915014722724062019e-05 8.110307861352389293e-05 0.9999999965277809322 0.4933407726201063936
0.5780057608994406682 0.8160326815795757582 -5.443654973509486024e-05 132.7771241367023549 -0.8160326831494842947 0.5780057578019727194 -6.310192659081611014e-05 -59.76297176301404335 -2.002859518698292931e-05 8.089528083507514236e-05 0.9999999965274042335 0.4933050304359221094
0.573578183527473362 0.8191508193865084664 -4.981935702793363055e-05 133.8413643465482323 -0.8191508206794008151 0.5735781808950163319 -5.816924286425011865e-05 -61.34245554322266258 -1.907408677790177991e-05 7.417417585439696058e-05 0.9999999970671852312 0.4932720213658567943
0.5699183280825145248 0.8217013429259703017 -4.84924820963748745e-05 134.8731394253391045 -0.8217013441305981436 0.5699183255482430654 -5.710068186723837782e-05 -62.89816626804206123 -1.928295277425425374e-05 7.238906286096826273e-05 0.9999999971939954602 0.4932324828842670206
0.5688597998723451399 0.8224345112665314428 -5.262327843591618347e-05 135.8704465122033014 -0.8224345126888518154 0.5688597969145157141 -6.160243074480508329e-05 -64.43457355598222591 -2.072869753840283406e-05 7.8322346781672334e-05 0.9999999967179653559 0.4931814485890153588
0.5713785503177118974 0.8206866327842402553 -5.48482272977116522e-05 136.8370288194576574 -0.8206866343446556078 0.5713785471301067176 -6.395125157914683593e-05 -65.91980707356722746 -2.114483689479950315e-05 8.155358047902585953e-05 0.9999999964509543871 0.4931314798632773777
0.5828774925415947106 0.8125600445051092136 -5.257861305358224775e-05 137.8176047775291124 -0.8125600459782384988 0.5828774896249676596 -6.140497593903851035e-05 -67.37439312056291385 -1.924833999722572935e-05 7.851485864521454161e-05 0.9999999967324589845 0.4931006974007074994
0.6042723015710670387 0.7967778754779473172 -5.201044839016449433e-05 138.8172850192862313 -0.7967778769875348832 0.604272298723417145 -6.116360402521615316e-05 -68.78804322470436716 -1.730533326542579584e-05 7.840024642618378828e-05 0.9999999967769631626 0.493068793179499254
0.6426349710431865647 0.7661724944568863993 -5.227109676470771861e-05 139.8300362695091792 -0.7661724961285452107 0.6426349682907607219 -6.089597573702257066e-05 -70.10205467783497113 -1.306558702090939641e-05 7.918256028800094669e-05 0.9999999967797060796 0.4930385885577632799
0.6980726247656326988 0.7160269603636778557 -5.086654133339564809e-05 140.9020358865890898 -0.7160269621427880482 0.6980726223526594332 -5.838222623968623712e-05 -71.30306218958794773 -6.294708095053639514e-06 7.717684897646061911e-05 0.9999999970020551077 0.4930249954909922128
0.7657159169405539645 0.6431789270138823511 -4.890184366954679264e-05 142.0324746135600833 -0.6431789288653546599 0.7657159150871470921 -5.336759804587224999e-05 -72.3405340017680345 3.120005526423369216e-06 7.231705470353013646e-05 0.9999999973802543574 0.493029328163282321
0.8367203754672966065 0.5476303599274606748 -4.653835576816212327e-05 143.2614652228351417 -0.5476303617539366453 0.8367203742107514053 -4.762462868983207678e-05 -73.22306588994800336 1.285889790266529869e-05 6.533431380359893184e-05 0.9999999977830379416 0.4930498418626304002
0.903376432404034091 0.4288484804935874251 -4.644925530700261214e-05 144.4927535320918253 -0.4288484822840878397 0.9033764318759277545 -3.969866509964825341e-05 -73.8611895015912836 2.493645031692606515e-05 5.578253109055697826e-05 0.9999999981332411414 0.4930874634130787415
0.9587973799020316212 0.2840907995000676589 -4.398459039646036254e-05 145.7785151560505881 -0.2840908007732648732 0.9587973801827599507 -2.594058164431271629e-05 -74.26948440580125066 3.480282946170841426e-05 3.73673792211162432e-05 0.9999999986962208043 0.4931483896116535259
0.9928158910592653763 0.1196520138845816456 -4.51197638820856914e-05 147.1176375334384829 -0.1196520152675062121 0.9928158914855240713 -2.929950663347318589e-05 -74.48189317318546898 4.128987362768951548e-05 3.448768646279417086e-05 0.9999999985528726931 0.4931815047850928169
0.9979958250395168928 -0.06327978234006396974 -4.850691284834658104e-05 148.325494555355192 0.06327978076332410606 0.9979958257600740623 -3.33803250143241111e-05 -74.44070674811872834 5.052199624450464321e-05 3.024391819220855661e-05 0.99999999826641639 0.4932241735183538478
0.9667368946641311522 -0.2557728954181339165 -4.966698452507920723e-05 149.4305492435994722 0.2557728936177964263 0.9667368955954400711 -3.983846131672750103e-05 -74.18494970702099067 5.820450503334457869e-05 2.580984203228042529e-05 0.9999999979730436195 0.493271643435033047
0.8931214798573360314 -0.4498155395382136268 -5.108444414516137794e-05 150.4469184604907355 0.4498155382230729082 0.8931214812758000443 -3.548296436714593678e-05 -73.68960355548992425 6.158540318630035984e-05 8.712020907328237452e-06 0.9999999980656691934 0.4933438578425379806
0.7780076394126121953 -0.628254813059370032 -5.371762579098096602e-05 151.2822779574096046 0.628254812278297492 0.7780076412207042047 -3.245904744077567522e-05 -73.01837059705982824 6.218527611560732238e-05 -8.494970030368703174e-06 0.9999999980304132841 0.4934079742523200252
0.625547784362676107 -0.7801858537021956197 -5.625082627613599138e-05 151.9003261990650344 0.7801858534226719932 0.6255477864317880998 -3.180659708878740282e-05 -72.22758034718664533 6.000263696507332316e-05 -2.398955256697031936e-05 0.9999999979120921534 0.4934721839672506771
0.4424459709353685266 -0.8967951603731249 -5.600564985060059442e-05 152.3457006584868907 0.8967951603878404621 0.442445973100708545 -3.455643270791693454e-05 -71.31473809767676642 5.576951585950600508e-05 -3.493624131887756545e-05 0.9999999978346097995 0.493528295564681474
0.2405013091777528367 -0.9706488127154430101 -5.15763562375011429e-05 152.585769764674609 0.9706488127004460065 0.2405013113338370645 -4.064667500367386981e-05 -70.36159390138720937 5.185782814208665984e-05 -4.028695039323952376e-05 0.9999999978438636195 0.4935714611001842389
0.02951622233837599904 -0.9995642999466013423 -5.379000598174206395e-05 152.6013107176644041 0.9995643005024945627 0.02951622454201279638 -4.064451651752567618e-05 -69.37040708824227409 4.221448559418194995e-05 -5.256689711679793375e-05 0.9999999977273289486 0.4936189916546668832
-0.1793634646076235906 -0.9837828746797183666 -5.525478948621257997e-05 152.4049918759016009 0.9837828757423439097 -0.1793634624645068787 -4.160648766397334538e-05 -68.37351360877495665 3.102105967939541799e-05 -6.18213994768486712e-05 0.9999999976079040342 0.4936529760354784746
-0.3738240516394962243 -0.9274996361624490149 -5.776320888871763889e-05 152.0171257100195703 0.9274996377610449372 -0.3738240495402149199 -4.405358037891198946e-05 -67.51492128115704361 1.926640311187631556e-05 -7.004364322667229047e-05 0.9999999973613464821 0.4936712002903250185
-0.5416523584032699734 -0.8406025932369172171 -5.368219800851592048e-05 151.5016704524848592 0.8406025949038211653 -0.541652356591509343 -4.518915330263597045e-05 -66.7780830760616908 8.909030394051705104e-06 -6.960220640671892147e-05 0.99999999753808122 0.4936734600965464459
-0.6777942594921967379 -0.7352516161019891916 -5.311374951984486196e-05 150.8558143407834677 0.7352516180162081971 -0.677794257964529856 -4.557513231313333303e-05 -66.14397883680325663 -2.491004756223883777e-06 -6.994253333081263443e-05 0.9999999975509180627 0.49367133440913602
-0.783688801020883008 -0.6211536530493948494 -4.959914831905490432e-05 150.1164395515471313 0.6211536548818294978 -0.7836888000779734798 -4.076179339679150075e-05 -65.59531417706466527 -1.355096015778785048e-05 -6.275325325199938213e-05 0.999999997939200358 0.4936451370265603211
-0.8599151616416584876 -0.5104369819208044445 -4.762996103554889164e-05 149.3502305179539462 0.5104369836914040004 -0.8599151610624038433 -3.8174256834218258e-05 -65.18564903904149332 -2.147217316975204369e-05 -5.71387158804716701e-05 0.9999999981370560898 0.4936208102031724443
-0.909768134224264724 -0.4151167785717065351 -4.583210145509884303e-05 148.5359014385833802 0.4151167801408242042 -0.9097681340857636245 -3.240146994674207429e-05 -64.84647038866091862 -2.824619159675516151e-05 -4.85034992426993522e-05 0.9999999984247811557 0.4935848969861356128
