0.9999727208254474142 0.007386311999347235611 0 -0 -0.007386311999347235611 0.9999727208254474142 -0 0 -0 0 1 0.4949999999999998845
0.9999819800834935934 0.006003262065467462709 1.8844139084709676e-05 0.05671612634368475986 -0.006003262028148528308 0.9999819802591981555 -2.036338321118858925e-06 0.002144961570389419207 -1.885602419080338306e-05 1.923175321851761311e-06 0.9999999998203756846 0.495013113883900957
0.9999804901105034949 0.006246543111652276201 9.987190564789821733e-06 0.3334527525215385535 -0.006246543020442589696 0.9999804901191945428 -9.137922645935431088e-06 -0.001830155220089118131 -1.004407614365088263e-05 9.075358950558308136e-06 0.9999999999083769575 0.4949617963321750747
0.9999773466775705444 0.006730970860117424515 1.28529554173670185e-05 0.683498268924549679 -0.006730970753797184576 0.999977346726462657 -8.29746133564251917e-06 0.0001066782307928720072 -1.290851422631451508e-05 8.210760503562693089e-06 0.999999999882976609 0.4949449947403337102
0.9999801084269464013 0.006307344123106546109 1.275843665756423828e-05 1.106176506847320162 -0.006307344079941095728 0.9999801085027584246 -3.420696649725124728e-06 0.01552631204918411729 -1.277975838406700776e-05 3.340156756767303488e-06 0.9999999999127603401 0.4949357699162857394
0.9999839378841476334 0.00566778424028880571 1.406241178417802155e-05 1.614966223656256972 -0.005667784087241860801 0.9999839379244919169 -1.089949084115000246e-05 0.01228410273483719096 -1.412396187507498834e-05 1.081961305852648123e-05 0.9999999998417246072 0.4949137033211332137
0.9999989629781197431 0.001440087863473357536 1.385146504643879008e-05 2.281013537320028206 -0.001440087720811303491 0.9999989630211717495 -1.030388352052576783e-05 0.01636896427321551592 -1.386628918036719031e-05 1.028392551044469856e-05 0.9999999998509832011 0.494914045743443054
0.9999769976150234552 -0.006782632499078638903 1.180925250453294321e-05 3.06954716906301206 0.006782632522553092187 0.9999769976826958784 -1.948886439730069691e-06 0.04367298564342867589 -1.179576228385657083e-05 2.028939430798280542e-06 0.9999999999283715191 0.4949253319419306685
0.9999334525017317121 -0.01153647666433163001 1.662446636432053949e-05 3.871748392256176174 0.01153647707843349218 0.9999334523218190718 -2.50323729991092641e-05 0.02057890439411785843 -1.633457465772579303e-05 2.522249493246372275e-05 0.9999999995485034932 0.4948473341293191385
0.9998499567515107822 -0.01732234422235936697 1.941331426785175801e-05 4.764152238423514873 0.01732234477571184886 0.9998499565182654703 -2.870760649291397021e-05 0.006212800899834832608 -1.891311838511680702e-05 2.903958323336634114e-05 0.9999999993994980185 0.4948469328345817542
0.9997984176806683498 -0.0200779409948318166 1.705497912117659212e-05 5.728927409303134155 0.02007794123106882572 0.9997984177262184691 -1.379508098654460631e-05 0.02334065403373305342 -1.677456431763926458e-05 1.413472901061609063e-05 0.9999999997594114509 0.4948744399248227732
0.999653915704555307 -0.02630681337066964609 1.972468557000882965e-05 6.807901019302740053 0.0263068138792957526 0.9996539155480129724 -2.598612696650812309e-05 0.01389200938452762879 -1.903424697067825712e-05 2.649602720818344838e-05 0.999999999467828804 0.4948136146182687822
0.9995083851020416521 -0.0313526352564624175 1.937567087610133867e-05 7.863584949192068407 0.03135263582047584374 0.99950838483605986 -2.952544802582647321e-05 0.005221788140746329299 -1.844044489974978849e-05 3.011841122846387419e-05 0.9999999993764153716 0.4947850011505905421
0.9994077730857541253 -0.0344107947281832513 1.744078948329397128e-05 8.977922256771137199 0.03441079508145781368 0.99940777301803152 -2.037727163416194924e-05 0.02279835289358027317 -1.672926246585157195e-05 2.096535509842976632e-05 0.999999999640292625 0.4948030012710405434
0.9992573549731320615 -0.03853230033281362238 1.911529177110323857e-05 10.13040904451758628 0.03853230083712425036 0.9992573547783190069 -2.675568228714946079e-05 0.02438088289156040839 -1.807013790551057004e-05 2.747236848587203449e-05 0.9999999994593693486 0.494764464111475899
0.9993574209542414044 -0.03584333668114775967 2.003700416838383007e-05 11.34496295051491366 0.0358433373378292397 0.9993574205722244308 -3.343574940200990368e-05 0.01712289469474584727 -1.882567997870829236e-05 3.413245738971179658e-05 0.9999999992402843763 0.4947234782001448394
0.9993469974602812167 -0.03613278749093058045 1.837085842172896206e-05 12.63873408354800532 0.03613278799602853003 0.9993469972200423879 -2.794907964647132286e-05 0.01754374665262071337 -1.734898404467629776e-05 2.859461915913678686e-05 0.9999999994406800763 0.4947169149581887027
0.9991705066494990239 -0.04072220935978624473 1.757480681582781261e-05 13.93870011095221706 0.04072220977329916308 0.9991705065025718868 -2.384965524684286997e-05 0.03113190472469340442 -1.658901797373487624e-05 2.45455570862832212e-05 0.9999999995611598136 0.494700000425962072
0.9990633634290339016 -0.04327118593544094366 1.799552775334277316e-05 15.25777973378462882 0.04327118617877872414 0.9990633634912390315 -1.335988340341290635e-05 0.06816015791156776471 -1.740057448622965084e-05 1.412605787983374336e-05 0.9999999997488370207 0.4946948070626542848
0.9988410064857057291 -0.04813152253910411155 1.740467064947434791e-05 16.67357310341501986 0.04813152269714898041 0.9988410065911514923 -8.778471749929110237e-06 0.1205414402545071789 -1.696197754001782054e-05 9.606010858507124783e-06 0.9999999998100077558 0.4946648101523324348
0.998590313945829422 -0.05307904068630383415 1.832004471332988527e-05 18.15857518420854788 0.05307904106160222374 0.9985903138804985701 -2.064607459484354862e-05 0.1638855304573689498 -1.719834536715667407e-05 2.158938051700307883e-05 0.9999999996190576113 0.4946183708210909469
0.9983795614331717472 -0.05690563268123441376 1.684898994773678993e-05 19.62738359588000137 0.05690563303941919421 0.998379561321225073 -2.160216981994259725e-05 0.2158333528513600719 -1.559240205183587744e-05 2.252596726988997301e-05 0.9999999996247286305 0.4946013137915111768
0.9980707466907328129 -0.0620869095532916998 1.626520868405807203e-05 21.15451820757907697 0.06208690975659687111 0.998070746734738945 -1.230729563326062656e-05 0.294155037228881755 -1.546970702626633697e-05 1.32934082861713508e-05 0.9999999997919865047 0.4946040217346129308
0.9979038092525582826 -0.06471465993695831032 1.645328147390636729e-05 22.70886204391147345 0.06471466010573391492 0.9979038093277403654 -9.940654938572060831e-06 0.3788961514247711215 -1.577548615485237471e-05 1.098458594787412253e-05 0.9999999998152362402 0.4945748276802032217
0.9974789361808368282 -0.07096317064570217825 1.702021117118809307e-05 24.21667729871325392 0.07096317092163845208 0.9974789361749286654 -1.619602998646542741e-05 0.4577978076304783372 -1.582798049279689101e-05 1.736300691571586674e-05 0.9999999997240003324 0.4945429052109121537
0.9973419628508090051 -0.07286294559540024141 1.727106053560758796e-05 25.7987397877699145 0.07286294587602996919 0.9973419628479999188 -1.621721270009531687e-05 0.5562301460938875453 -1.60435195283734148e-05 1.743252709530976005e-05 0.9999999997193560475 0.4945227314357498183
0.9973606387966481579 -0.0726068577987875885 1.954382165728290146e-05 27.42662010718724019 0.07260685838293869099 0.997360638462189808 -3.105294829778117507e-05 0.6313710785593500407 -1.723758144480875125e-05 3.239000384212608008e-05 0.9999999993268764431 0.4944740264773158089
0.9972709869967307794 -0.0738280312208245415 1.740275475372406847e-05 29.00090519642028042 0.07382803169482664296 0.9972709867096468672 -2.838075738434669209e-05 0.7146152254139186422 -1.525996696247017509e-05 2.95881170579374385e-05 0.9999999994458381725 0.4944674740820354519
0.9972383952012245922 -0.07426697021604744542 1.654229155456154521e-05 30.54495274821400841 0.07426697049132516271 0.9972383951781185196 -1.66986236778500449e-05 0.8117627814010479614 -1.525645209510762648e-05 1.788105455730986922e-05 0.999999999723754085 0.4944538717213808887
0.9977459874003701268 -0.06710398127410489855 1.805152982692418269e-05 32.24746005743607213 0.06710398163673848837 0.9977459873328813345 -2.029439958663646312e-05 0.9010001722010972935 -1.664900644020257792e-05 2.145998528028721734e-05 0.9999999996311396133 0.494425606640769677
0.9978779714326014849 -0.06511185555892234911 1.993647055974407024e-05 33.98419702159092282 0.06511185618425618937 0.9978779710612994958 -3.251242591367247054e-05 0.9644775837020755915 -1.777722041231957002e-05 3.374153422099593249e-05 0.9999999992727394149 0.4943834665014572582
0.9977845712815395229 -0.06652780676573452623 1.554631666331104459e-05 35.63552576373631808 0.06652780693710895477 0.9977845713330050215 -1.077881385299688736e-05 1.070931398018823311 -1.479478406253297197e-05 1.178919651279593122e-05 0.9999999998210643559 0.4943788870204113284
0.9978719952855055197 -0.06520337916935513289 1.928869744834552563e-05 37.36532008882794997 0.0652033797312878971 0.9978719949812639989 -3.009920786456673651e-05 1.133219364690085662 -1.728508094028001618e-05 3.129284487257477177e-05 0.9999999993609917093 0.4943270203608766122
0.9978045513895912322 -0.0662274617213697292 2.328934577253264943e-05 39.17221263283608579 0.06622746283203345685 0.9978045503005030792 -5.06820954612575785e-05 1.179679161298685663 -1.98816686482355941e-05 5.211321980673736025e-05 0.999999998444465521 0.4942527563009530556
0.9976035534640099733 -0.06918923065969090347 2.18845331269341117e-05 40.93800399956361247 0.0691892315284007714 0.9976035527680717774 -4.180027295162995287e-05 1.252158515912179304 -1.893995927121160756e-05 4.32142748617220159e-05 0.9999999988869019418 0.4942372029406001399
0.9977849462475758546 -0.06652218196073228507 1.873867631865405058e-05 42.76718597818278766 0.06652218233525857005 0.9977849461955636823 -2.012717516089349256e-05 1.34683102222342943 -1.735826553397580113e-05 2.132913002881857913e-05 0.9999999996218792431 0.4942655725685166646
0.9978134003040645128 -0.06609400713820803852 1.990697624371013427e-05 44.55284741006497029 0.06609400764535147688 0.9978134001303990974 -2.599655170229099539e-05 1.417399599318693193 -1.814523137827145165e-05 2.725543949029102852e-05 0.9999999994639455769 0.4942075026766913903
0.9976786172321745472 -0.06809828341194086587 2.272170380802075561e-05 46.31201578584833101 0.06809828430421305256 0.9976786165823703367 -4.112594022209630932e-05 1.473487844089828025 -1.986835208875372809e-05 4.257778021894880399e-05 0.9999999988961904007 0.4941543715393719172
0.9976260796323002111 -0.06886366713521001326 2.42571845717691657e-05 48.14541714035191688 0.06886366829212890728 0.9976260785633440653 -5.061530030529754517e-05 1.526317790525030249 -2.071404472914863327e-05 5.216558232503682314e-05 0.9999999984248399976 0.4941080370299267832
0.9972505421962822858 -0.07410368181991636161 2.078908318212142886e-05 49.99680230623928168 0.07410368245524145969 0.9972505418630667196 -3.166425190474214934e-05 1.618298081023022528 -1.838548681999224079e-05 3.311773999890733341e-05 0.9999999992825943096 0.4941056848043918759
0.9966859720666433331 -0.08134539127480619469 2.015320582225141522e-05 51.80422078082678183 0.08134539175707548864 0.9966859719325580347 -2.43920613290743767e-05 1.725974778414729016 -1.810223575969494299e-05 2.59505957792496759e-05 0.9999999994994376307 0.494086863382199426
0.9971039519051765332 -0.07605069799704271272 2.077195924956861683e-05 53.58304826659950493 0.07605069848428389068 0.9971039518010513802 -2.376997239758877597e-05 1.826018269629928747 -1.89040796621881761e-05 2.528085542412953986e-05 0.9999999995017568866 0.4940501722891599279
0.9977961017678105282 -0.06635464510596450483 1.928873112177390711e-05 55.37420457253841732 0.06635464526054914158 0.9977961019158777534 -7.48721997324239923e-06 1.933698375283458448 -1.874940890005468455e-05 8.750615813490801589e-06 0.9999999997859430056 0.4940478597513470183
0.9983494844992842898 -0.05743088411025958073 1.877657864321985806e-05 57.12845017613970811 0.05743088410794845028 0.9983494846757685615 6.626868857989765229e-07 2.026890154370145858 -1.878364630617230014e-05 4.167624011806780126e-07 0.9999999998235002963 0.4940265689877162969
0.9987604755857671934 -0.04977461261563883438 1.867853727682645607e-05 58.86197472328976943 0.04977461268974572167 0.9987604757505189612 -3.52353881072313255e-06 2.096495943018127583 -1.848000199758708238e-05 4.448888256907780928e-06 0.9999999998193482842 0.4939826264638236819
0.9989419898351583615 -0.04598804674249844932 2.243249232202944185e-05 60.67626520272575874 0.04598804733854334331 0.9989419896995423986 -2.682051373601185165e-05 2.136126116543052511 -2.117533547473829687e-05 2.782376387867985823e-05 0.9999999993887214167 0.4939125677337256604
0.9993542083045381386 -0.03593279708929084798 2.096620873875850894e-05 62.4926748721967229 0.03593279759994465195 0.9993542082055468789 -2.450996521215367759e-05 2.181733237078521181 -2.007195732656031129e-05 2.524751141521163595e-05 0.9999999994798396408 0.4938805717430246323
0.9997475778047448802 -0.02246731453045290594 2.129713009144425245e-05 64.30151241493905445 0.02246731508909586422 0.9997475776713882212 -2.636496507343843423e-05 2.195500458240466024 -2.069940425738447424e-05 2.683679930333472368e-05 0.9999999994256602021 0.4938415134878322843
0.9999104837147331226 -0.01337998584277811341 2.320448026140101822e-05 66.13098687776977158 0.01337998665663314539 0.9999104833506976542 -3.527995187255167857e-05 2.181331758171811686 -2.273035781749042431e-05 3.558726937858741932e-05 0.9999999991084382867 0.493786280105178832
0.9999944712808493952 -0.003325149994693324135 2.806207047275222693e-05 67.95131463459706822 0.003325151557672103089 0.9999944701105808464 -5.583556053877993284e-05 2.131898501628484155 -2.787625367877683607e-05 5.592856247699088453e-05 0.9999999980474549854 0.4937218826826049178
0.9998978690672066794 0.01429163329402103819 2.559064544297639322e-05 69.75769199947903587 -0.01429163180108939009 0.9998978677568988171 -5.760123238122546796e-05 2.055957473563285731 -2.641124750343079049e-05 5.722961743140921292e-05 0.9999999980136081712 0.4936928296615435419
0.9992540062730674855 0.03861904159828816185 2.398929699484290696e-05 71.57404148373611008 -0.03861904042179809676 0.9992540054675714822 -4.770898019768406482e-05 1.950885082687699335 -2.581387620131430497e-05 4.674694596740385855e-05 0.999999998574183202 0.4936539683706087644
0.9976340739300495475 0.06874775537516891744 2.582326258522008443e-05 73.4424946032242616 -0.06874775397073998318 0.9976340730151107561 -5.182173021537187006e-05 1.773224459187915603 -2.93247942633963039e-05 4.992383252993482559e-05 0.9999999983238334611 0.4935969733813465599
0.9948243539631639321 0.1016095675980493579 2.316340658395081128e-05 75.31150461152796538 -0.1016095668185192785 0.9948243537763443722 -3.265982592497910473e-05 1.568672910141946097 -2.6362071776202294e-05 3.013716651733024845e-05 0.9999999991983959946 0.4935697749480226215
0.9899951157046901207 0.1411016313859002891 2.243496044033786873e-05 77.14373762915958821 -0.1411016306934185782 0.9899951156051295387 -2.993120259156348826e-05 1.289068794732826095 -2.643384276974027853e-05 2.646613487014142595e-05 0.999999999300397624 0.4935075835659361032
0.9833019050602045397 0.1819817655500706177 2.26822441455481055e-05 78.96062781870233493 -0.1819817650093957795 0.983301905129177034 -2.399226051722141574e-05 0.9427325860962664228 -2.666964780938377422e-05 1.946388064930368387e-05 0.9999999994549434446 0.4934550884417963079
0.9751094102334123548 0.2217242376121216774 2.306084849844738574e-05 80.7342151867113671 -0.2217242368001974551 0.9751094101231105871 -3.327103667799916639e-05 0.5147150675060440106 -2.98638456182537528e-05 2.732975191965478719e-05 0.9999999991806174382 0.4933795992228275362
0.9624208103716668239 0.2715624848593421459 2.414117370691506781e-05 82.45296423294944077 -0.2715624843930712906 0.9624208105786977718 -2.091740408309679335e-05 0.03383709210240398724 -2.891435019694307024e-05 1.357550788051107562e-05 0.9999999994898327582 0.4933504910879870087
0.9467226918389733958 0.3220499093742544283 2.512837726255478767e-05 84.18242769753565824 -0.3220499088392823062 0.9467226920716959038 -2.313792250523715631e-05 -0.550492503336234007 -3.124117081531922014e-05 1.381260467103482344e-05 0.9999999994166003381 0.4932815706357049912
0.9252257090253629412 0.3794171672546851615 2.351972192547062602e-05 85.85366786332897959 -0.3794171665503285884 0.9252257091406744793 -2.95683759089131777e-05 -1.240715106900579068 -3.297980082496655203e-05 1.843363531403894741e-05 0.9999999992862667053 0.4932121574829627653
0.9000371982094605983 0.4358130807016287744 2.304023165128239126e-05 87.51426082435270359 -0.4358130798795766259 0.90003719828056028 -3.345728391703648238e-05 -2.047770306649214334 -3.531818751894801782e-05 2.007156575930368864e-05 0.9999999991748786954 0.4931447651487198547
0.8721063544049356686 0.4893163660467748644 2.296832336029466074e-05 89.14457350292873627 -0.4893163651937714187 0.8721063545037985865 -3.449467990010828531e-05 -2.966104009738249392 -3.690963217147873426e-05 1.884425303279407647e-05 0.9999999991412863443 0.493084220436057985
0.8352911028945021465 0.5498079417294838844 2.527265639056448549e-05 90.64853543906163225 -0.5498079411941265704 0.835291103245285993 -2.532550789900371677e-05 -3.936207268049194408 -3.50341904096186722e-05 7.259064245719399785e-06 0.9999999993599555381 0.4930347265938141432
0.7936908860359345175 0.6083212778402438126 1.877601371293561403e-05 92.06485756271831633 -0.6083212770386698942 0.7936908860828160162 -3.540266720443269822e-05 -5.041619468977573071 -3.643854671367637076e-05 1.66769256619729361e-05 0.9999999991970559554 0.4929413987922389162
0.7494129659080240868 0.6621028667651612798 1.877568231400394429e-05 93.45891677841541423 -0.6621028659006585881 0.7494129659841718416 -3.719104019357968285e-05 -6.277302953744573699 -3.869503410146171387e-05 1.54400146673327691e-05 0.9999999991321498749 0.4928666798795377502
0.6942320418311864749 0.7197512566286864422 2.604920484566399853e-05 94.7038437820657748 -0.7197512561810254228 0.6942320423190142531 -2.540942263606908965e-05 -7.547606868930369473 -3.637265655331180909e-05 -1.108912551793708396e-06 0.9999999993378998475 0.4928344306497432492
0.6367529376555253195 0.7710678931657752866 2.276365050539000084e-05 95.86419800049836226 -0.7710678924989019523 0.6367529380555685403 -3.220459128746484427e-05 -8.961306322399428481 -3.932674769446761504e-05 2.954048087516142552e-06 0.9999999992223400636 0.4927505054609123691
0.5788816926694427822 0.8154115436801077088 1.810018931953018571e-05 96.89289958871427189 -0.8154115428204012916 0.5788816929060409677 -3.815391835438369426e-05 -10.42611759751806666 -4.158901369800229098e-05 7.327501540577899891e-06 0.999999999108330595 0.4926726187664652312
0.5168042007731041831 0.8561036257629848212 4.580026963243947036e-06 97.77832188915232337 -0.8561036245226490982 0.5168042002989584605 -5.133000398455837501e-05 -11.95327616536113879 -4.631077969369585325e-05 2.260658400127534118e-05 0.9999999986721267442 0.4925810915729448847
0.4531523764258174047 0.8914330730260991986 -7.557252630693642006e-06 98.52623151077310126 -0.8914330715517677639 0.4531523751509397568 -6.197640741279237674e-05 -13.52348633399221711 -5.182323233588851947e-05 3.48215412265134397e-05 0.9999999980509061137 0.4924837150068411273
0.4012754041502892832 0.9159574496964282275 -1.928392092482574555e-05 99.17350957287172264 -0.915957448348270864 0.4012754021565583251 -6.664570092150572849e-05 -15.15522291316207593 -5.330646312502858932e-05 4.440653157660974444e-05 0.9999999975932403196 0.4923830391132366091
0.3776002218729370696 0.9259687207629649919 -2.474549198741980596e-05 99.77391822503480512 -0.9259687191139653883 0.3776002191833496835 -7.548086569643169732e-05 -16.84210901679804806 -6.05490174527564904e-05 5.141514315356999327e-05 0.999999996845149508 0.4923004663624684918
0.3596917032684497362 0.9330712076323495197 -9.464832888271260049e-06 100.358810964178943 -0.9330712061046213535 0.3596917020529938336 -6.1765039843144113e-05 -18.5213740378260745 -5.422675846467322759e-05 3.1047735422262133e-05 0.9999999980477480843 0.4922344345073652039
0.3524349455556754496 0.9358363153398733258 -6.670071191360831896e-06 100.9104211921350469 -0.9358363138900193112 0.3524349445917777102 -5.863074614753927525e-05 -20.19668087710602578 -5.251801526959017904e-05 2.690561866350376182e-05 0.9999999982589727887 0.49212473502587889
0.3476878295290219967 0.9376103525413324036 2.636033837841246517e-06 101.451952024832238 -0.9376103513109939058 0.3476878292142794868 -5.032861281135739409e-05 -21.81867728637659809 -4.810514528378744296e-05 1.502707353882138481e-05 0.9999999987300407511 0.4920499738051158367
0.3441968421073682283 0.9388975097263407843 1.073423829223639595e-05 102.0086231061088426 -0.9388975087098936356 0.3441968422375619729 -4.39804363011954988e-05 -23.46925583819168537 -4.498781304388370502e-05 5.059577698896658074e-06 0.9999999989752483831 0.4919838450259605422
0.3503952423242662761 0.9366019291214811027 2.290570135703406309e-05 102.612937437707771 -0.9366019282603409435 0.3503952429998237195 -4.079630120221389373e-05 -25.20231334169889692 -4.623594320009388829e-05 -7.158694213470129369e-06 0.9999999989054950689 0.4919021177639119058
0.3565160347782108663 0.9342892035592428313 3.257130410887560447e-05 103.23003429121907 -0.9342892030946150506 0.356516035806498266 -3.458151708575169859e-05 -26.88548502266789697 -4.392133027786155317e-05 -1.810215241160660724e-05 0.9999999988716141708 0.4918294050257571159
0.3654751155183011413 0.9308211102546460891 2.536582636987398356e-05 103.8595454983230297 -0.930821109496292487 0.3654751162763594796 -3.874409726822443368e-05 -28.59682056153682694 -4.533440197699831512e-05 -9.451043220139803097e-06 0.9999999989277347234 0.4917301450402304375
0.3778721823868014806 0.925857771716597111 1.823309618411303877e-05 104.509840402232058 -0.925857770730096119 0.3778721828259908877 -4.274634697526561767e-05 -30.32156190028671361 -4.646681741431098075e-05 -7.285983659232522518e-07 0.9999999989201517892 0.4916430510730714354
0.3952919066201395215 0.9185555553998026035 1.438776514361681871e-05 105.1975553528051961 -0.918555554342148195 0.3952919068586935314 -4.428813978059385845e-05 -32.05534743807535136 -4.636848395284282086e-05 4.290781627290608551e-06 0.9999999989157762892 0.4915645751631466109
0.4153748521642265379 0.9096503350271306632 1.329693382209838435e-05 105.9495171533727955 -0.9096503339213288797 0.4153748523222977607 -4.535721126486084998e-05 -33.81753133601839068 -4.678241434567050641e-05 6.744684632321562647e-06 0.9999999988829572084 0.4914842385205749897
0.4277506611469976683 0.9038967704617489884 1.547123974993177889e-05 106.7281604159752249 -0.903896769396488553 0.4277506613986784556 -4.415672902761258586e-05 -35.55124087969789315 -4.653095779790442771e-05 4.903666407128228889e-06 0.9999999989054118021 0.4914037039129059425
0.4425694574810980497 0.8967342277671590534 7.612869233907894044e-06 107.4934227487557052 -0.8967342266299705988 0.4425694573215382399 -4.731490241735765174e-05 -37.2525088664170454 -4.579811588661817029e-05 1.411341028871757867e-05 0.9999999988516719007 0.491309797937793169
0.4601038075077633627 0.887865128450337493 9.784293215714255579e-07 108.2987615931039329 -0.8878651272648224735 0.4601038069498153416 -5.118144221060942888e-05 -38.96663036700336136 -4.589239681828261985e-05 2.268006316072330441e-05 0.9999999986897512017 0.4912053613931017249
0.4740075725242067772 0.8805207670271385512 5.087350117403199526e-06 109.1328025252335294 -0.8805207659061715653 0.4740075721983794677 -4.805038703057709762e-05 -40.64774511512646882 -4.47208061221880638e-05 1.829672989340376578e-05 0.9999999988326393474 0.4911401697252759657
0.4877985814333741788 0.8729562095950749168 9.122498590294928907e-06 109.9779625807713899 -0.8729562085194894072 0.4877985813092037271 -4.563154916974565247e-05 -42.28589689058932066 -4.42842860715135354e-05 1.42954631720009474e-05 0.9999999989172705384 0.4910674261039269517
0.5034440687211635401 0.8640278175303038877 1.433642483194926352e-05 110.8685185776980688 -0.8640278164968724361 0.5034440688373676975 -4.329382454354221564e-05 -43.91683860593623479 -4.462465678287430061e-05 9.408949334780397132e-06 0.9999999989600556471 0.490998887132602424
0.5212114307960962201 0.8534275858164446227 1.331292296341359308e-05 111.8153567780098854 -0.85342758469522495 0.5212114308203322777 -4.545029434701283505e-05 -45.58165859579136026 -4.572738260537962724e-05 1.232759725681063227e-05 0.9999999988785180927 0.4909055305890515641
0.541675909434694125 0.8405874189846728184 1.360205020673644916e-05 112.7572184767394106 -0.840587417894064548 0.5416759094549479236 -4.468306987811640794e-05 -47.14762402490993765 -4.492792929734348248e-05 1.277003025121667216e-05 0.9999999989092035468 0.4908264682272274193
0.5628857035144312349 0.8265347448977765632 1.60643690044647819e-05 113.7588138098674904 -0.8265347437753152171 0.5628857036184435891 -4.468194683957429605e-05 -48.69745841179393864 -4.59735851828480354e-05 1.18730699621707796e-05 0.9999999988727296119 0.4907441683296384638
0.5836238348558026034 0.8120241493912850883 1.399283106539632632e-05 114.8059563803114003 -0.8120241481818242235 0.5836238347994993081 -4.717777197332590682e-05 -50.25238265052835374 -4.647603988290415584e-05 1.617155547249445944e-05 0.999999998789228961 0.4906510596272648517
0.6060501412132075494 0.7954264429543109749 1.366514082164408681e-05 115.8522472360739641 -0.7954264418140529758 0.606050141131620812 -4.582150418070462584e-05 -51.70810670664873498 -4.472939660481485146e-05 1.690051473866930522e-05 0.9999999988568265552 0.4905702117690375341
0.627526794296661139 0.7785949667531956164 1.373239730869316771e-05 116.9637257582175636 -0.7785949656072899128 0.6275267941840799724 -4.598115634382478735e-05 -53.16567227884558378 -4.441814415438007031e-05 1.816243222822635809e-05 0.999999998848577043 0.4904876650168737418
0.6501471991104568193 0.7598082780346033793 1.100688551807269639e-05 118.141106954845867 -0.7598082767961111816 0.6501471987676056274 -4.948729188559286015e-05 -54.62721810634030817 -4.475694981891881148e-05 2.381090149260095724e-05 0.9999999987149280622 0.4903959123549522237
0.6713109817870487328 0.7411757994385205217 7.810963793298980289e-06 119.3233475651998958 -0.7411757981905171544 0.671310981203699475 -5.190576868497146103e-05 -56.03375812004130552 -4.371488536878077375e-05 2.905561521218404821e-05 0.9999999986223898629 0.4903210075097800824
0.689288945309470602 0.724486542166407621 9.805728962073697596e-06 120.5479339189874537 -0.7244865409982654825 0.6892889448619337056 -4.904817304546824942e-05 -57.4011085194641737 -4.229372185916078066e-05 2.670424481016793337e-05 0.9999999987490619802 0.490250483320920083
0.7063179274012172382 0.707894755728526448 1.56821958890966746e-05 121.8462819147637788 -0.7078947546319936945 0.706317927287612668 -4.425915058731397152e-05 -58.74940264172255411 -4.240743668946378052e-05 2.015968730036702146e-05 0.9999999988975979415 0.4901825163526495888
0.7183771471452576884 0.6956538466100842255 1.258041285132330146e-05 123.1578993184803323 -0.6956538454446218323 0.7183771468034971797 -4.765300958644911293e-05 -60.08290535048309522 -4.218748051110424163e-05 2.548122050229492937e-05 0.9999999987854617522 0.4900905049991703399
0.7319713401384808638 0.6813354218422141839 1.269649464823201034e-05 124.466559284090863 -0.6813354207058974765 0.7319713397944052069 -4.704607885809973414e-05 -61.35732425030093395 -4.134763018316434834e-05 2.578580986738058376e-05 0.9999999988127324935 0.4900155675043247339
0.7434418061872075656 0.6688006284440198845 1.442979686207541489e-05 125.847722879831295 -0.6688006273013883396 0.7434418059153403702 -4.626920378301696416e-05 -62.64774535907334041 -4.167258680581904112e-05 2.474780323810247461e-05 0.9999999988254706373 0.4899431570809529846
0.753309564365708062 0.6576661006869509718 1.563972363820803461e-05 127.2116383858484028 -0.6576660996364370737 0.7533095641946472298 -4.340621316701063153e-05 -63.87254255539041736 -4.032834835715769949e-05 2.241259948707377729e-05 0.9999999989356496144 0.4898785858468845955
0.765122849978111752 0.6438843252440766829 1.218952925018446254e-05 128.6025715948195511 -0.6438843240396563417 0.7651228494848113515 -4.954261016365378188e-05 -65.10343416118246296 -4.122619746983414632e-05 3.00575362821527157e-05 0.9999999986984724476 0.489776378560522585
0.7718214690045606119 0.6358393034408585942 1.362785650693814149e-05 129.9940926770956935 -0.6358393023511644815 0.771821468663511645 -4.580302157733151671e-05 -66.27887956349530896 -3.964163355913769742e-05 2.668662862475027476e-05 0.9999999988581821375 0.4897148886623086117
0.7810632924026256196 0.6244518661132516524 1.307977421140719442e-05 131.3710758556260885 -0.6244518648762534818 0.7810632919022070242 -4.997688846143766403e-05 -67.4384092647563449 -4.142429276517789965e-05 3.086742364725575247e-05 0.9999999986656148421 0.4896328639103049718
0.7985931180639205262 0.6018712749682865182 1.22974359094346464e-05 132.7668879118002678 -0.6018712737461670015 0.7985931174763120088 -5.060498419386396486e-05 -68.5591579464725811 -4.027833403639146607e-05 3.301131870232996133e-05 0.9999999986439540578 0.4895582478126171422
0.8148331364277058286 0.5796955749702434879 1.189701490242638774e-05 134.1506738951281363 -0.5796955738709796968 0.8148331358715660278 -4.819064306215271962e-05 -69.59315456778465148 -3.762998449855525806e-05 3.237068595158830621e-05 0.9999999987680612268 0.4894954676269693272
0.8350070327360487044 0.5502392708272267896 1.109476073447610211e-05 135.6139139304993932 -0.5502392695633828712 0.8350070319044635703 -5.387657761716784524e-05 -70.64298943871236247 -3.890921201332200841e-05 3.888254816756611947e-05 0.9999999984871100756 0.4894136766232208835
0.8617046914996919771 0.5074101147007284984 1.220847156454405843e-05 137.035117888155014 -0.5074101135940332075 0.8617046908126776428 -4.955956420866151197e-05 -71.54660070095522428 -3.566712137445587151e-05 3.651100704390902491e-05 0.9999999986974011934 0.4893631486721586321
0.8911714434339307322 0.4536666818624713327 1.334211937899257725e-05 138.3885496228366492 -0.4536666809326165839 0.8911714429086657896 -4.424819468616038201e-05 -72.28393210563295668 -3.196404744011149856e-05 3.337985251253683513e-05 0.9999999989320423888 0.4893193576687862034
0.9211617410153057905 0.3891799670288152435 1.2463295069387407e-05 139.7942435935262893 -0.3891799660480755318 0.921161740243380045 -4.838221795703419439e-05 -72.94854794183672198 -3.031010056458315641e-05 3.971738337553228798e-05 0.999999998751913366 0.4892619372890433804
0.9493496042347703279 0.3142217828775382138 1.033338079052826228e-05 141.1726953706938161 -0.3142217818499559168 0.9493496029745169817 -5.608384994769349634e-05 -73.49721212121662006 -2.74327582720730892e-05 4.999620742727118092e-05 0.9999999983739112919 0.4892069934974458967
0.9770099307732559302 0.2131937970493976153 8.504747358273551114e-06 142.5192307065142927 -0.2131937961179494745 0.9770099290042694173 -6.265878392867205355e-05 -73.90405025843428177 -2.166768667695745347e-05 5.940509477415385477e-05 0.9999999980007727718 0.489159501539224717
0.9953292328620920726 0.09653868715929644906 9.692855834225512851e-06 143.8073877705295445 -0.09653868648895583271 0.9953292314611917879 -5.488253753675370253e-05 -74.10324670652143197 -1.494587086991287241e-05 5.369045841341909089e-05 0.9999999984469776226 0.4891582347979406831
0.9994901078940247041 -0.03192998773640461779 1.036226306371094973e-05 145.0630710029876411 0.03192998819842461644 0.9994901067806427619 -4.799479305732425998e-05 -74.12657577482059423 -8.824506262305903425e-06 4.830118782854969433e-05 0.9999999987945614732 0.4891559017878710502
0.9841688786102820163 -0.177233231332589114 9.413892181421232975e-06 146.2458309557753182 0.1772332315582774431 0.9841688779669135467 -3.570698661741295791e-05 -73.92999584730615936 -2.936395086137198716e-06 3.681015951066615185e-05 0.9999999993181946101 0.4891838293834624984
0.9475053931032880739 -0.3197397848605883497 4.440809278252685063e-06 147.2624548466135366 0.3197397848833956613 0.9475053928896592925 -2.024758814878609709e-05 -73.54457916534381923 2.266268738699814073e-06 2.060460237164575279e-05 0.9999999997851569677 0.4892095369396650129
0.8874418281512937989 -0.4609197344643530259 5.570681993867611706e-06 148.2576061504312008 0.4609197344422186204 0.8874418277909871255 -2.628572595403956796e-05 -73.01325964480508901 7.171953616258455577e-06 2.589468996021230163e-05 0.9999999996390138701 0.4891998144106655677
0.8026943418965748478 -0.5963906382736409162 8.307611067910810612e-06 149.1206881217325702 0.5963906381561353554 0.8026943412448594994 -3.5432065664356428e-05 -72.36925000128333352 1.446287986344392018e-05 3.339570009683110851e-05 0.9999999993377759466 0.4892050060156241109
0.6938330141918181981 -0.7201359234936463016 1.066216847293083261e-05 149.8131077407934129 0.7201359232382374964 0.6938330133424803758 -4.074478019172695308e-05 -71.64909515233112813 2.194401543057613715e-05 3.594828418998467784e-05 0.9999999991130903432 0.4892207023901335994
0.5610082194976265813 -0.827810230350257803 1.363042719906571712e-05 150.3664615454698037 0.8278102300164975613 0.5610082185788514142 -4.206245117583739081e-05 -70.84045496698811917 2.717294571554984407e-05 3.488078791674410198e-05 0.9999999990224806012 0.4892446938040771465
0.4103554936023814381 -0.9119256376431346123 1.678513625722652641e-05 150.8049737705920563 0.9119256372471562511 0.410355492645640918 -4.229839216303339113e-05 -69.90344238951726652 3.168511538659520222e-05 3.266417367230032057e-05 0.9999999989645524945 0.4892799582199913733
0.2484379338641281021 -0.9686478167231533654 1.330502611178740018e-05 151.0752839376367263 0.9686478161511692386 0.2484379331622107723 -4.042142721809347352e-05 -68.8733661088339062 3.58486540357583856e-05 2.293010034891953478e-05 0.9999999990945418471 0.4893273247103587242
0.07530377209127628313 -0.9971606399215141581 1.011800533559235886e-05 151.1609473981551446 0.9971606391872805952 0.07530377162530837998 -4.045800422748749856e-05 -67.80437946382470216 3.958120542233367693e-05 1.313591699735420337e-05 0.9999999991303878399 0.4893704884222710438
-0.1097706056956711806 -0.9939569477177134793 1.453012415113294188e-05 151.0695971915590405 0.9939569469647975275 -0.1097706061968615615 -3.997279885665759195e-05 -66.6727338501118254 4.132622167948302177e-05 1.005447949843303712e-05 0.9999999990955251716 0.4894121505775886338
-0.29549492495166374 -0.9553443091970179601 1.466000032657398844e-05 150.7486830189582463 0.955344308405047804 -0.2954949253048504976 -3.897940747709419492e-05 -65.54503126657249368 4.157071081058370902e-05 2.487130786104336198e-06 0.9999999991328446525 0.489459439559141618
-0.4597282090822196188 -0.8880596678526704313 1.047341375227984812e-05 150.2143723158057185 0.8880596669376263907 -0.4597282090977301006 -4.148082172710867592e-05 -64.48661252747960759 4.165236851270711884e-05 -9.768887555312907986e-06 0.9999999990848248421 0.4895159379110172737
-0.6020846439560386676 -0.7984322647678911977 9.600995025164615047e-06 149.4338476567945975 0.7984322638789435045 -0.6020846437842023446 -4.145633868209048107e-05 -63.39990318195754071 3.888069005262637513e-05 -1.729448072169474491e-05 0.9999999990945963591 0.4895667420865045805
-0.7170064761333074799 -0.6970665055347298189 6.835921886775434141e-06 148.4465734287297209 0.6970665046755654126 -0.7170064756769166658 -4.3577397336257422e-05 -62.41698010455502299 3.52777443415229624e-05 -2.648018392728116157e-05 0.9999999990271398742 0.4896238125366765281
-0.7926490292221370915 -0.6096782072825670529 6.336519514649973778e-06 147.3677581921231479 0.6096782063624176518 -0.792649028521357657 -4.767689059144430297e-05 -61.59813301116761153 3.409019722209277682e-05 -3.392780319136612073e-05 0.9999999988433811993 0.4896745956402704381
-0.8458202812062799447 -0.5334679482963501362 6.545576162603222335e-06 146.1172089198250887 0.5334679474774252084 -0.8458202804768603089 -4.637349195084464236e-05 -60.80898694374403846 3.027515267209011636e-05 -3.573178492185948398e-05 0.9999999989033269143 0.4897201990539918337
-0.8804255166577183989 -0.4741844678259584667 9.635074106107841869e-06 144.8272322559813858 0.4741844671054766813 -0.8804255161502652083 -4.086155483270965678e-05 -60.10126970702616234 2.785887972590571224e-05 -3.140675304449957078e-05 0.9999999991187490389 0.489748013432010243
-0.9113924340191830176 -0.4115383713505247898 1.099905891869713831e-05 143.4082193120276543 0.4115383708359650061 -0.9113924337440421075 -3.234229791459657989e-05 -59.41901059421564923 2.333455568631205259e-05 -2.494999083002831289e-05 0.9999999994164978645 0.4897744932104529658
-0.934396239481055435 -0.3562354102701834058 1.074844023688915349e-05 141.870478611352695 0.3562354097200304825 -0.9343962390954168029 -3.504533194016280984e-05 -58.80855925112565075 2.252769033524973887e-05 -2.891725136461398312e-05 0.9999999993281479815 0.4898313630951161568
-0.9453161073902234257 -0.3261555717118995723 1.233336999762162038e-05 140.3097221251009046 0.3261555712341597801 -0.9453161071505651325 -3.027957601257786829e-05 -58.22901332724539714 2.153478573977550111e-05 -2.460117359281997274e-05 0.9999999994655174307 0.489860393630265345
-0.9503163249963808568 -0.3112858530375874899 1.209408706905875991e-05 138.7426438894042349 0.3112858526076565657 -0.950316324788693767 -2.843706456317733006e-05 -57.66580432074767515 2.034526427557599421e-05 -2.325948848456031227e-05 0.9999999995225331562 0.4898962582436007795
-0.9527720833891462071 -0.3036862804715412256 1.303452501279679625e-05 137.2322993024305333 0.3036862797878360776 -0.9527720829077839237 -3.876105746054671407e-05 -57.17098830084677985 2.419013291349312577e-05 -3.297204706111374968e-05 0.9999999991638409691 0.4899625110362172964
-0.9549132575606130713 -0.2968849447554938181 1.071158363401094853e-05 135.5755622955003616 0.2968849443309621861 -0.9549132572796144025 -3.005779381864123596e-05 -56.60766389212264471 1.915233967589573356e-05 -2.55224778995641811e-05 0.9999999994908952416 0.489969260100578563
-0.9555097853802901886 -0.2949594038730312673 1.056457358671966814e-05 133.8897940542142351 0.2949594033865600151 -0.9555097850029196094 -3.346268727891306047e-05 -56.05990654479710855 1.996468772827189757e-05 -2.885780481794974339e-05 0.9999999993843188273 0.4900141093243402524
-0.9554630750969227426 -0.2951106775612635791 1.085802772941525044e-05 132.2315721927466257 0.2951106770694477688 -0.9554630747300272287 -3.330596243947131361e-05 -55.51659640683786989 2.020338970219336629e-05 -2.861829737661329663e-05 0.9999999993864078229 0.4900468591449882449
-0.9525489143929718461 -0.3043855541280367505 1.136535878336775348e-05 130.5763001646086252 0.3043855534722121337 -0.9525489138324388927 -3.995358166708017875e-05 -54.98419194348192462 2.298735325954689475e-05 -3.459828981940250923e-05 0.9999999991372700014 0.4901018405825849911
-0.946274393518153123 -0.3233647662500823694 1.105050716587625554e-05 128.9180308460913409 0.3233647657379140061 -0.9462743931644460593 -3.350754931072387705e-05 -54.39036583556762849 2.129197281302425476e-05 -2.813399124130613147e-05 0.9999999993775653406 0.4901262628163791102
-0.9370772152009024802 -0.3491221743572549552 1.120787270952041607e-05 127.2334037820144488 0.3491221737970363614 -0.9370772148218398101 -3.503152547084680446e-05 -53.75287154559757141 2.273292448614870146e-05 -2.891432744847236732e-05 0.9999999993235879625 0.4901744038072554654
-0.9267966601405278615 -0.3755635107832956399 1.107794158993614361e-05 125.6008423123178943 0.3755635102222888988 -0.9267966597817708374 -3.477208284740878198e-05 -53.07416820297206783 2.332612477423083727e-05 -2.806617961955430236e-05 0.9999999993340905613 0.490218547565640983
