0.9999806747146977592 0.006216928271891146787 0 -0 -0.006216928271891146787 0.9999806747146977592 -0 0 -0 0 1 0.4949999999999999956
0.9999896344136758319 0.004553136362401126631 -4.086714341135170803e-06 -0.003837220370144610402 -0.00455313641792244421 0.9999896343281892142 -1.36808999794040023e-05 -0.000694649230141290556 4.024380976429122543e-06 1.369936553675048474e-05 0.9999999998980658722 0.4949992850631664276
0.9999894769219316304 0.004587597008545373292 -1.149710485997433178e-06 -0.01400016562884385737 -0.004587597023056672572 0.9999894768386227151 -1.295394830933332651e-05 -0.001903854357834837028 1.090270892895287608e-06 1.295908640232694768e-05 0.9999999999154366437 0.4949985239722591301
0.9999896435579851417 0.004551129415045437367 -2.328490616082799878e-07 -0.01109310673472399707 -0.004551129417635081144 0.9999896434774018239 -1.269628331462141739e-05 -0.005005576069611525174 1.750642216472166502e-07 1.269721155251361424e-05 0.9999999999193750488 0.494996221029482486
0.9999901107373322384 0.004447294622536583121 -5.580164885263995128e-07 -0.01296660308954561934 -0.004447294623775561659 0.9999901107349757901 -2.239003986777428787e-06 -0.005035624624600052932 5.480534597631432689e-07 2.241463508408310354e-06 0.9999999999973376852 0.4950015840901293984
0.9999899505528762056 0.004483167957035313553 -7.470958849964611111e-07 -0.0148758658750236996 -0.004483167954461264072 0.9999899505473450745 3.412240758186154506e-06 -0.002773909698290858913 7.623860255205675166e-07 -3.408857110722545936e-06 0.9999999999938992135 0.4950040300443873664
0.9999899965550603786 0.004472895242443334675 -4.396366136493357025e-07 -0.005615675451802764999 -0.00447289524143685592 0.999989996552597904 2.264365072400536692e-06 -0.002680470748620812377 4.497604835270209124e-07 -2.262375972432071731e-06 0.9999999999973396836 0.4950014415659524936
0.9999903996480767887 0.004381850487134167707 -4.700706610974552588e-07 -0.004747127829514807829 -0.004381850487639513472 0.9999903996476025014 -1.079359462168214714e-06 -0.005976175670587920499 4.653365564683721726e-07 1.081408879293076844e-06 0.9999999999993069988 0.4949979088164375707
0.9999903473125680842 0.004393777821171267021 -6.168923474416299067e-07 -0.01236338087753702936 -0.004393777822688247139 0.9999903473096775075 -2.479561913587221003e-06 -0.008795949244450073853 6.059917486287558688e-07 2.482248467066261991e-06 0.9999999999967356112 0.4949964659296659519
0.9999906917879364254 0.004314665592761986711 -7.348991845262121784e-07 -0.01587732098962837957 -0.004314665593163856221 0.9999906917880555524 -5.460712518756480005e-07 -0.008941983172290121976 7.325362290871719715e-07 5.492370131545645382e-07 0.9999999999995808908 0.4949989130851839558
0.9999909505591491055 0.004254268632453613204 -6.672160791443848449e-07 -0.01069407510673184118 -0.004254268631442139313 0.999990950558235614 1.510190188695634641e-06 -0.008104647741601815961 6.736347959600758542e-07 -1.507338005882979185e-06 0.9999999999986370902 0.4950011451930121931
0.9999911471491912396 0.00420780525225076564 -6.607158295276721052e-07 -0.01323495546471755401 -0.004207805250890371204 0.9999911471473199587 2.047101260142517289e-06 -0.007584044983641439856 6.693237837421982988e-07 -2.04430297392360149e-06 0.9999999999976864062 0.4950012280994594005
0.999991326278957815 0.004165017232459037287 -7.329265200692428936e-07 -0.01364896124790384614 -0.004165017230271853693 0.9999913262748519882 2.960881737010168659e-06 -0.005659862372631182734 7.452522863239945629e-07 -2.9578034035633265e-06 0.9999999999953480545 0.4950024435923470745
0.9999913059068816779 0.004169905580108296261 -5.788795635478588547e-07 -0.01285050668357234395 -0.004169905579099953546 0.9999913059055528519 1.732376296195384788e-06 -0.005268394515123286069 5.860983762985342467e-07 -1.729947361632911183e-06 0.9999999999983318899 0.495000954599615739
0.9999913800151850607 0.004152095534300762232 -4.825832927267576581e-07 -0.009143245207566262286 -0.004152095533842833398 0.9999913800148557685 9.461620805114062249e-07 -0.004498829488690770338 4.865076882151940781e-07 -9.441501926741839652e-07 0.9999999999994358957 0.4950002562615863355
0.9999915411320773329 0.004113109093369662905 -3.343282164199155683e-07 -0.01070710769540632323 -0.004113109094272846683 0.9999915411283561983 -2.747112806735597717e-06 -0.008282757409916970126 3.230262137145360586e-07 2.748464697698627031e-06 0.9999999999961708408 0.4949959573098986487
0.9999913777852901253 0.004152632554791013328 -4.182951355531546688e-07 -0.0149480114962835392 -0.004152632556583875194 0.9999913777757759581 -4.380426514180197641e-06 -0.01192126128891880278 4.001012271722594428e-07 4.382125771200410891e-06 0.9999999999903184111 0.4949947298450548261
0.9999914129479995362 0.00414415637957315456 -6.307321886589286678e-07 -0.01053527606536780459 -0.004144156380019737435 0.9999914129479458014 -7.083152951882078206e-07 -0.01115193946219376897 6.277914031795262965e-07 7.109230656716169405e-07 0.9999999999995502487 0.4950002687156483949
0.9999913492908261148 0.004159488557026008899 -8.305366740628197514e-07 -0.01589637476712036507 -0.004159488555144070718 0.9999913492886363109 2.254996813382073046e-06 -0.008892509863203919632 8.399091227711329185e-07 -2.251522698270073835e-06 0.999999999997112643 0.4950035283041352985
0.9999912564741806342 0.004181743297595455142 -6.445200957569823111e-07 -0.01956695469197938797 -0.00418174329617123329 0.999991256471984169 2.195536225079294138e-06 -0.007865633092043858993 6.536956292713934955e-07 -2.192821810761922354e-06 0.9999999999973820941 0.4950027552272377451
0.9999913775858608744 0.004152680588618381206 -3.064997932747746709e-07 -0.01578512729685970298 -0.004152680588921459082 0.9999913775854119002 -9.947684221739314393e-07 -0.01040927486889735992 3.023661949895604133e-07 9.960326406106615216e-07 0.9999999999994582112 0.4949987215310178157
0.9999914783034570265 0.004128355903504398253 -4.833011586952352845e-07 -0.01432287580102720517 -0.004128355903387038138 0.9999914783035446231 2.436675723535148562e-07 -0.009471764655658335488 4.843029866102882918e-07 -2.416702567007813749e-07 0.9999999999998535616 0.4950010913659976253
0.9999914005648913307 0.004147143375995763874 -5.647248508995393628e-07 -0.007440558040239618823 -0.004147143375164311779 0.9999914005639801706 1.465688277517931571e-06 -0.008311226373526485467 5.707984140156750527e-07 -1.463333678502509935e-06 0.9999999999987664312 0.4950029418544670268
0.999991444612538305 0.004136508615055003134 -6.629079582651069153e-07 -0.005342637149284041632 -0.004136508613429538614 0.9999914446098000509 2.43498046071121104e-06 -0.006246370058353961641 6.729746044821569306e-07 -2.432217504030611932e-06 0.9999999999968156583 0.4950038570957207562
0.9999915941123530549 0.004100208117620449122 -5.10015527143145905e-07 -0.002460436718550151978 -0.004100208117093498243 0.9999915941119547069 1.030080211266974403e-06 -0.006029260847407054077 5.142347832537721883e-07 -1.027980382724209286e-06 0.9999999999993394173 0.49500228423501208
0.9999918496168049842 0.004037412792026033939 -3.754510074145906426e-07 -0.008678170523456532268 -0.004037412792812893232 0.9999918496146271707 -2.119057036936843605e-06 -0.00889006111379678915 3.668924393561286284e-07 2.120555616510408511e-06 0.9999999999976842968 0.4949989342005414739
0.99999188707183706 0.004028125187702639477 -4.595521210866120042e-07 -0.008252546441077686021 -0.004028125188389210937 0.9999918870708106589 -1.502890484675763562e-06 -0.008965901614412184403 4.534945617570727487e-07 1.50472942530756389e-06 0.9999999999987650989 0.4950005897563391488
0.9999919836182241673 0.004004085573194056565 -4.945795391084549399e-07 -0.009015073289566043202 -0.004004085573257989798 0.9999919836183379651 -1.282567236138285602e-07 -0.008363202061077974411 4.940620234734206353e-07 1.302360342563370183e-07 0.9999999999998694378 0.4950024050052463376
0.9999919260297630563 0.004018442146148736883 -4.85704192772790537e-07 -0.01273050179511163102 -0.00401844214612880838 0.9999919260298801849 4.20913244677999519e-08 -0.008324384392718734912 4.858694127638792797e-07 -4.013921042491303283e-08 0.9999999999998812061 0.4950023440627610016
0.9999919647350158369 0.004008798750636344797 -4.609182451303786601e-07 -0.01124662521210610666 -0.004008798750727661508 0.9999919647351023233 -1.972686066953555693e-07 -0.008716298764888646272 4.60123731386124894e-07 1.991147500750889807e-07 0.9999999999998743228 0.4950020813077235515
0.9999919572803870338 0.004010657872168229936 -4.538204541551798529e-07 -0.01006618734307709352 -0.004010657872308017423 0.9999919572804422119 -3.074362017081466907e-07 -0.009332225508186419577 4.525837827819606482e-07 3.092538476620588702e-07 0.9999999999998497868 0.4950020108526124174
0.999991980149850801 0.004004951681863741335 -4.890406847811890363e-07 -0.008148087413211447735 -0.004004951681697483702 0.9999919801499130845 3.405650758332598871e-07 -0.00934184705376965227 4.904007094214548235e-07 -3.386037602394505054e-07 0.9999999999998224753 0.4950027021855064602
0.9999920300967217734 0.003992461009853601542 -5.955548349305868397e-07 -0.007753832392921860411 -0.003992461008979946227 0.9999920300958352604 1.461080019784133254e-06 -0.008361179441960235603 6.013833934268194542e-07 -1.458690645660553937e-06 0.999999999998755329 0.4950038384138157332
0.9999920414497928123 0.003989616404592020993 -5.027857141819382645e-07 -0.01055592476898831698 -0.003989616404435781388 0.9999920414498714161 3.11457041785423818e-07 -0.009466895008785492643 5.040243068598496532e-07 -3.09448640905721529e-07 0.9999999999998251399 0.4950018766594895814
0.9999920629090189861 0.003984234049001175205 -4.904137251735286967e-07 -0.01420549158069733461 -0.003984234049067949049 0.9999920629091297863 -1.351657264672489364e-07 -0.009848459982681315172 4.898713008255781678e-07 1.371185767065507816e-07 0.999999999999870659 0.4950014227155591362
0.9999922590094474373 0.003934707508262843233 -4.894573895277058092e-07 -0.0129203247020462219 -0.0039347075076156127 0.9999922590087032548 1.316441474796983783e-06 -0.008004163680326107852 4.946334127974451687e-07 -1.314505412570709428e-06 0.9999999999990136779 0.4950032089464222462
0.9999922341292661887 0.003941025643303589128 -5.200755467896136677e-07 -0.01519236138653530868 -0.003941025642517242446 0.9999922341282727611 1.50453109269802003e-06 -0.006883706866616877071 5.26000903567135375e-07 -1.50246977763808259e-06 0.9999999999987329025 0.4950032921996659896
0.9999931428183336246 0.003703284812579067664 -3.761697018427956518e-07 -0.01105144884852161773 -0.003703284811994039544 0.9999931428172140757 1.544310808038265146e-06 -0.004573493268882455019 3.818861451396410897e-07 -1.542907154874953472e-06 0.9999999999987367882 0.4950025266063362572
0.9999910698564516975 0.004226134110713018061 -2.455929356395042338e-07 -0.01215519783885558348 -0.004226134111259775145 0.9999910698539032916 -2.269924984820791933e-06 -0.007350458257005639678 2.359977350516118201e-07 2.27094262274762258e-06 0.9999999999973935294 0.4949977648194108237
0.9999865257414622954 0.005191178840313225538 -2.085038400913781269e-08 0.0139187617211669612 -0.005191178840354492008 0.9999865257352814618 -3.51590888204687513e-06 -0.009364226875194460106 2.598391272319225665e-09 3.515969745853885158e-06 0.9999999999938189443 0.4949974669998500887
0.9999767218215226405 0.00682318234297551833 1.691860812610845054e-07 0.04574735944650750591 -0.006823182341413384228 0.9999767217898866134 -7.957415815492014036e-06 -0.01670878441508363496 -2.234770419991679259e-07 7.956076193864388947e-06 0.9999999999683254481 0.4949912852851325873
0.9999575603421479997 0.009212899468216267929 -4.482580604214777931e-07 0.08482220060762649116 -0.009212899468946286405 0.9999575603408727975 -1.654606847680780459e-06 -0.0162781819934778825 4.329953099550624206e-07 1.658666383179099635e-06 0.9999999999985306198 0.4950011337452774884
0.9999023938855512439 0.01397149612644322386 4.067504390478107386e-07 0.1795198982458290071 -0.01397149612370707748 0.9999023938671092182 -6.092824986792433343e-06 -0.02343072566265444814 -4.918366184125073245e-07 6.086547377636980951e-06 0.9999999999813560247 0.494995540479005236
0.9997568698065758541 0.02204997225496528254 5.877353572979769128e-07 0.2945026459562493093 -0.02204997224897230559 0.999756869768463563 -8.764462622263576161e-06 -0.03352141077212714149 -7.808486187151198182e-07 8.749372168452801239e-06 0.9999999999614194168 0.4949959013572944877
0.9993811156413288099 0.03517649355793703997 1.641433008620148774e-06 0.5217705061657010868 -0.03517649353209878482 0.9993811155489661369 -1.37522009595335613e-05 -0.04879557498279507577 -2.124171359714235441e-06 1.368595007985129415e-05 0.9999999999040913856 0.4949922385954903525
0.9984885121741119418 0.0549608138004391289 2.225895405746397281e-06 0.8233642846140735161 -0.05496081375747424724 0.9984885120481428178 -1.616276235596300064e-05 -0.07131712471455027569 -3.110849564005362294e-06 1.601599551459039137e-05 0.9999999998669052426 0.4949931184689946861
0.9967820576434729407 0.08015940093195393634 2.123033307295678931e-06 1.189939564596158128 -0.08015940083384319459 0.9967820572105827726 -2.971919898835077172e-05 -0.1195729639004223105 -4.498474694656501463e-06 2.945338324126099247e-05 0.9999999995561309474 0.4949804493195000266
0.994288130734330311 0.1067291575772865708 2.430387921369552609e-06 1.676836593764251093 -0.1067291573483375722 0.9942881296649695999 -4.670420888178143822e-05 -0.2004875291080130684 -7.401206729965063307e-06 4.617804729161482859e-05 0.9999999989064050077 0.4949540716255578787
0.9916714046482207889 0.1287937312200128637 1.919588033678383933e-06 2.254562086032654289 -0.1287937307231618866 0.9916714019302103056 -7.431294597963714207e-05 -0.329076466380560817 -1.147464214715503573e-05 7.344679261886514219e-05 0.9999999972369506551 0.4949058398709226814
0.9896113730805566888 0.1437683215149697935 -7.85073107511628622e-07 2.913310031399030997 -0.143768321009030503 0.9896113691093871845 -8.9475814947127325e-05 -0.4868960507392502968 -1.208687045835702655e-05 8.865915272986475855e-05 0.9999999959967310614 0.4948783652921980303
0.9891376755377981889 0.1469920366343465401 3.246592056146447315e-08 3.676455330975983316 -0.1469920357173725989 0.9891376693919264884 -0.0001114800585580603205 -0.6891521353582373832 -1.641879411656440481e-05 0.0001102643537591826463 0.9999999937860977184 0.4948438903403601929
0.989803239568523785 0.1424413806930952264 2.851875341280802412e-06 4.593337279717249366 -0.14244137980704491 0.9898032352835826053 -9.350428253877533943e-05 -0.8768801239509008694 -1.61416745449656065e-05 9.214461671176066998e-05 0.9999999956244080002 0.4949013259997977476
0.9907207245072727764 0.1359133769261780811 2.557336479320633246e-06 5.540436102531614893 -0.1359133763549795759 0.9907207217538614996 -7.49501851443312413e-05 -1.062010584765292753 -1.272033900676838195e-05 7.39071254927658463e-05 0.9999999971879648397 0.4949334029290253234
0.9916572101395030314 0.1289029773860905226 1.253554669333701488e-06 6.518814704143280458 -0.1289029770273468489 0.9916572080175554138 -6.559380347446901237e-05 -1.237058934425583123 -9.698333089425945796e-06 6.488498122718714626e-05 0.9999999978479408025 0.4949666635161888428
0.9924324803294417574 0.1227915794695015189 8.776979986442785862e-07 7.582766070983028683 -0.1227915793340577932 0.9924324795236385555 -4.041588414413577819e-05 -1.395021444434898061 -5.833786250782261018e-06 4.000226222244016006e-05 0.9999999991828929513 0.4950047781834662208
0.9932131666590351404 0.1163082352073985526 -5.523111261451754207e-07 8.691647940143706563 -0.1163082351960157829 0.9932131666095940226 1.005802941155307879e-05 -1.501887272236287263 1.718394333074212598e-06 -9.925528909837275795e-06 0.9999999999492654723 0.4950692698896742017
0.9940246325805710548 0.1091559884441938716 3.473399811520983195e-06 9.836101513585694178 -0.1091559884993515694 0.9940246321205099544 3.024313242497176708e-05 -1.625712740123840927 -1.514259563581316394e-07 -3.044156098669815398e-05 0.9999999995366442018 0.495049277542352395
0.9947068552611680881 0.1027534529651065592 1.555004360605724564e-06 11.01145425224062713 -0.1027534528365690453 0.9947068529982150409 6.731109202049019265e-05 -1.72226132505518037 5.369673634020851714e-06 -6.711458673512506624e-05 0.9999999977333994261 0.4950333609209156549
0.9953864598998694024 0.09594683658011544936 7.121836096175607941e-07 12.26361420972771654 -0.09594683631052336459 0.9953864564890269051 8.271912129968513191e-05 -1.816867025527523882 7.227740093844794154e-06 -8.240582508073648839e-05 0.9999999965785199008 0.4950099939809145533
0.9958874291536599088 0.09059927400142031573 2.522429777247099523e-06 13.56925556688420187 -0.09059927397291479834 0.9958874270249713501 6.520273047366445659e-05 -1.923223090566822169 3.395263943110508669e-06 -6.516310993168293738e-05 0.9999999978711205939 0.4949994349567081176
0.9964065643763170277 0.08469922345253909357 4.068672224398410143e-06 14.95439915727485136 -0.08469922354958912825 0.9964065634102555746 4.387817089709958828e-05 -2.034990897554520561 -3.376047072533951278e-07 -4.406511089298022237e-05 0.9999999990290759921 0.4949924393895826502
0.9968211977185795769 0.07967119772834903302 5.80170937607156835e-06 16.3979743515949643 -0.0796711978337277249 0.9968211975050333962 2.103813499873644042e-05 -2.157927965305791673 -4.107133474511808766e-06 -2.143348806268041221e-05 0.9999999997618684855 0.4949446705969932636
0.9971745706937398257 0.07511907553924096481 7.356522797605162902e-06 17.87271708457939567 -0.07511907553084157252 0.9971745707205088571 -1.41188689584838882e-06 -2.288081553901367915 -7.441797101079664314e-06 8.5528251755807686e-07 0.9999999999719441091 0.4948895033444447034
0.9974939282751239533 0.07075212396465817288 3.314275388923236532e-06 19.3368277645708595 -0.07075212395954827427 0.9974939282796529971 -1.634619462582120497e-06 -2.399113816200749039 -3.421622375949266378e-06 1.396030965812837216e-06 0.9999999999931717953 0.494892945551236918
0.9978665505220625231 0.06528665515956375009 3.083682519419877641e-06 20.90529092884733942 -0.06528665517469225965 0.9978665505128532232 5.09048576399103864e-06 -2.511198375644286607 -2.744762849861950237e-06 -5.280948787108993411e-06 0.9999999999822889452 0.4949126702125352106
0.9983765056740039334 0.05695922138938072643 4.371958631728204592e-06 22.55676506215876742 -0.05695922139223169589 0.9983765056832729634 5.302754823501063814e-07 -2.626213733689456209 -4.334656703140087751e-06 -7.784379427355832374e-07 0.9999999999903024239 0.4949038588662015292
0.9987652123294563644 0.04967947893110653823 3.982776438946354001e-06 24.23590789944390522 -0.04967947892994328124 0.9987652123373789159 -3.905431798432934483e-07 -2.729887824105026617 -3.99726053741127699e-06 1.921986837586892646e-07 0.9999999999919925164 0.4949016031475097499
0.9990757968063153083 0.04298316212397194913 3.447242611112655691e-06 25.93918644572114474 -0.04298316213456701562 0.9990757968071186657 3.060618455630833399e-06 -2.81719067643745813 -3.31250159920683573e-06 -3.205963210350123656e-06 0.9999999999893746105 0.4949042418967590784
0.9993115404162162818 0.0371004741236342292 3.606029986942724807e-06 27.66586082531840773 -0.0371004741052604059 0.9993115404107190125 -5.035251231405261754e-06 -2.906493654665673887 -3.790357589035723565e-06 4.897999242284885081e-06 0.9999999999808213413 0.494900058776027274
0.9994785241880349558 0.03229055093231150003 3.102961497502307655e-06 29.4106324335935021 -0.03229055088075730162 0.9994785240753610855 -1.543333941986545682e-05 -2.994156920638523456 -3.599694410379107249e-06 1.532509497054401559e-05 0.999999999876091783 0.4948931105685369092
0.9996320891492657124 0.02712353839510261988 3.199482178239182589e-06 31.1858369853345998 -0.0271235383171467212 0.9996320889075978045 -2.230747721209963162e-05 -3.078837371618666108 -3.80336276791619024e-06 2.221248877172428301e-05 0.9999999997460699008 0.4948839500521510781
0.9998473071128579637 0.01747462330358949545 1.340515093490902527e-06 32.97716855184422258 -0.01747462326271871993 0.9998473067745041742 -2.607354161999637311e-05 -3.153528016665186673 -1.795935723917255707e-06 2.604613537941166148e-05 0.9999999996591867335 0.4948766142802897838
0.9999854169749786692 0.005400540576351768075 1.045983485890685362e-06 34.75738985758398059 -0.005400540555134913413 0.9999854167889419276 -1.932333558682305455e-05 -3.203307893944657536 -1.150324689998922163e-06 1.931740491790119547e-05 0.9999999998127573342 0.4948771820926177178
0.9999678615564630002 -0.008017222449977703599 7.842634282853947851e-07 36.53481820742305075 0.008017222463742562644 0.9999678613667132288 -1.949055481881777516e-05 -3.234646853334170569 -6.279781094747819368e-07 1.94962160370969652e-05 0.9999999998097516274 0.4948697061665115471
0.9998097643223274877 -0.01950474722114255502 1.950477085441017862e-06 38.36876328486553689 0.01950474723621975492 0.9998097642916460304 -8.035372235395598633e-06 -3.230717046255795033 -1.793378130771863778e-06 8.071887183454613116e-06 0.9999999999658142347 0.4948833458759217541
0.9994990626974172843 -0.03164843850179681339 3.100830750596307358e-06 40.20758071168433645 0.03164843854153825964 0.9994990626065655137 -1.373725216754971208e-05 -3.219658544881766282 -2.664514848114219996e-06 1.382850711694196566e-05 0.9999999999008363227 0.494868151221856567
0.9992687066507812688 -0.03823678731198754122 2.601021566636565003e-06 42.05000856673017751 0.03823678733738961055 0.9992687065975986993 -1.054088599878159497e-05 -3.190826674789716932 -2.196069840710042625e-06 1.063263222745926441e-05 0.9999999999410622564 0.4948679773381440272
0.9991006636982663336 -0.0424012239296180718 3.030996345238823956e-06 43.8697886602683198 0.04240122397480535626 0.9991006635589626539 -1.684374547749785875e-05 -3.162921629326153283 -2.314075035968033478e-06 1.695711524063406943e-05 0.9999999998535507029 0.4948574596346603793
0.9991473233377483609 -0.04128711969576350643 4.058738843495179879e-06 45.80124668187971793 0.04128711975642477411 0.9991473232119453263 -1.621282836599526741e-05 -3.123684524958481479 -3.385897065740823802e-06 1.636657770230993183e-05 0.9999999998603353868 0.4948557781087148388
0.9992069069550643112 -0.03981905423879069511 3.880025003218436537e-06 47.67976060895338719 0.03981905430538203172 0.999206906780413795 -1.894136920050381827e-05 -3.095600788779377943 -3.122720374144748381e-06 1.908084585863873361e-05 0.999999999813084961 0.4948502303718717021
0.999229212184245319 -0.03925533729090623786 3.749996914082035265e-06 49.61176881835331187 0.03925533733198501019 0.9992292121224157775 -1.159315434843773669e-05 -3.059451323426075398 -3.292013277706249061e-06 1.173142588017598369e-05 0.9999999999257681571 0.4948608909790858101
0.9991948281446411118 -0.04012100924622734321 5.319595977106073069e-06 51.55126681947110967 0.0401210093522805511 0.9991948279209087458 -2.160769957651546949e-05 -3.040258878554171318 -4.448390072454154537e-06 2.180372922490524386e-05 0.9999999997524046114 0.4948544449500704712
0.9991735556294240039 -0.04064733326755608916 5.596727915880662554e-06 53.51802586364542691 0.0406473333601345202 0.9991735554869869418 -1.756234339879576676e-05 -3.00613294678640175 -4.878240105713612813e-06 1.777532116428248718e-05 0.9999999998301203341 0.494854550289320072
0.9991689535235029895 -0.04076030286380023099 5.237568490026109251e-06 55.55879752852158049 0.04076030292290471618 0.9991689534660546101 -1.172242810643080253e-05 -2.966712333474147645 -4.755406106968941476e-06 1.192617110208988443e-05 0.9999999999175762655 0.4948577174209599638
0.9990450307795276652 -0.04369240724357918715 5.121226427748583607e-06 57.56968851435725298 0.04369240731327948823 0.9990450306858833507 -1.439602944192825268e-05 -2.930734756953500053 -4.487338632592183352e-06 1.460604038793891111e-05 0.9999999998832637127 0.494848768872967526
0.9990000811934783842 -0.04470836324843419085 5.770841398049391669e-06 59.6289140087773859 0.04470836333119461437 0.9990000810921438879 -1.511187049498310626e-05 -2.887238798312762533 -5.089444029168261694e-06 1.535476472542413796e-05 0.9999999998691644354 0.4948449000480378834
0.9988820464991039483 -0.04727216050226051847 5.044144773540483477e-06 61.7128953921365877 0.04727216054407104573 0.9988820464735310711 -8.51932586157475972e-06 -2.831292843336667975 -4.635778714603462076e-06 8.748249272944879184e-06 0.9999999999509888715 0.4948482828808142275
0.9988086877831593435 -0.04879759420018545124 3.374926195260846676e-06 63.76611413737057887 0.0487975942031146151 0.9988086877884049253 -7.910550646441350778e-07 -2.769365523158311859 -3.332304020436695484e-06 9.548009500232286131e-07 0.9999999999939920281 0.4948539979751896412
0.9987107030426061183 -0.05076348717512523673 4.441142060530047626e-07 65.85072297906148719 0.05076348716028839664 0.9987107028992118218 1.697417245677667339e-05 -2.688386164390188959 -1.305209796712637168e-06 -1.692974292207719979e-05 0.9999999998558400938 0.4948648134739190296
0.9986949149808609372 -0.05107315137603755939 -1.457466001087188741e-06 67.90846036760306959 0.05107315139567918799 0.9986949147434902585 2.177704417725935608e-05 -2.610495152804479524 3.433416099094962961e-07 -2.18230606648700671e-05 0.9999999997618180814 0.4948532005029807057
0.99883987723486789 -0.0481549544694952758 -2.776286926793198716e-06 69.96442662181866012 0.04815495452889620442 0.998839876834529683 2.831491388545163545e-05 -2.531589047733387332 1.409562703053805798e-06 -2.841575707997926554e-05 0.9999999995952789655 0.4948583718172586687
0.9990117628334080901 -0.04444657153115378484 -1.358371169256856506e-06 72.03996178491425439 0.04444657155038908569 0.9990117625855559069 2.225645363601648518e-05 -2.468946589980243189 3.678057174816782397e-07 -2.229483392270320717e-05 0.9999999997514025241 0.4948504167473850579
0.9992467939884805972 -0.03880521492552855417 7.479514480934291459e-07 74.11299415456491602 0.03880521491430108383 0.9992467939222748896 1.156470914373636918e-05 -2.419245265417488078 -1.196159110390808283e-06 -1.152697411859910413e-05 0.9999999999328490485 0.4948362876205048
0.9995459303944458362 -0.03013192651618054607 6.20951819054646556e-06 76.17872002009647758 0.03013192662911551994 0.9995459302302001081 -1.897615351188467776e-05 -2.407133036268858106 -5.634910572871273185e-06 1.915464176386429669e-05 0.9999999998006737778 0.4947976346328202824
0.9998000253678747118 -0.0199977298942890791 8.700861608345708512e-06 78.1934865367282157 0.01999773014985348554 0.9998000249399722206 -3.034991640131667792e-05 -2.413072478310299029 -8.092192222515395993e-06 3.051784467046424171e-05 0.9999999995015887988 0.494784332063876009
0.9999867807636365624 -0.005141812445009770298 8.061749354281881052e-06 80.20077309449861502 0.005141812643031038951 0.9999867804891306999 -2.473782619873372967e-05 -2.436721888614313603 -7.934445519287645882e-06 2.477895118831685111e-05 0.999999999661524086 0.4947859767930622987
0.9998896463239591581 0.01485581079782287775 7.868931648904431059e-06 82.18024325269128383 -0.01485581061619932475 0.9998896461009123549 -2.265746133650391414e-05 -2.497353829648242485 -8.20465824038967466e-06 2.253806164402763745e-05 0.999999999712359644 0.4947779710023289534
0.999248538828137467 0.03876025790680560218 7.685264891746543226e-06 84.17293295974356226 -0.03876025770838874979 0.9992485385656585395 -2.447463446422380381e-05 -2.605009795190383226 -8.628132855575752742e-06 2.415835987896709579e-05 0.9999999996709645345 0.4947617964477581953
0.9976119537725186559 0.06906800749878502788 5.706034490840711167e-06 86.14829402296717831 -0.06906800741676148714 0.9976119537031591378 -1.35010010291577076e-05 -2.759827574104526171 -6.624895456628165898e-06 1.307465558204913084e-05 0.9999999998925820366 0.494765051242687437
0.9945647223600463382 0.1041201854931178977 3.463482169582770918e-06 88.03958287795661874 -0.1041201854607458205 0.9945647223332308995 -8.48976419347330892e-06 -2.979895404138951598 -4.328613004914452215e-06 8.083001562147101564e-06 0.9999999999579640697 0.4947589490204332696
0.988746516813075127 0.1496005530767914871 3.37084327241873734e-06 89.92629838225718686 -0.1496005530405631612 0.9887465167813339617 -9.217919396979125119e-06 -3.286902939249345401 -4.711915384225175715e-06 8.60990567825988833e-06 0.9999999999518336402 0.4947449780182151535
0.9799007843238625171 0.1994854703227532944 3.717774069478043016e-06 91.79179759364532742 -0.1994854703374425997 0.9799007843192718559 4.118003365415294781e-06 -3.669345154728040015 -2.821567888462832138e-06 -4.776876636476929851e-06 0.9999999999846100884 0.494751311106062297
0.9680967518581462539 0.2505766928706152918 5.82796432137633208e-06 93.62489712976700673 -0.2505766929354873995 0.9680967516970252484 1.770354828130372665e-05 -4.140865679641038355 -1.205936748126236357e-06 -1.859909961369049503e-05 0.9999999998263096046 0.4947645949374616103
0.9537962592189069833 0.3004541493149107123 7.855307274515731163e-06 95.41200811754148958 -0.3004541494158582404 0.9537962589763819832 2.153333769465232706e-05 -4.702797012139388499 -1.022582032585597076e-06 -2.289857660722169984e-05 0.9999999997373048011 0.4947552661745702185
0.9368800226974212109 0.3496510017423972716 7.29729491724033425e-06 97.12178444852365544 -0.3496510018176131607 0.9368800225390793157 1.724374293506241888e-05 -5.348130485873809903 -8.073978355054715418e-07 -1.870682475076143305e-05 0.9999999998247014465 0.4947450667999252483
0.9174115277614937058 0.397939805347865605 7.228964573089239023e-06 98.83545557476853105 -0.3979398053970802374 0.9174115277373614541 7.574139242138225489e-06 -6.102667642218062127 -3.617883937262945479e-06 -9.825295409045829085e-06 0.9999999999451872901 0.4947266210983657375
0.8939417935513321867 0.4481830760686136284 8.374695306291092363e-06 100.5013577464840751 -0.4481830761328912671 0.8939417935149276406 8.80943305443784291e-06 -6.939196902112004572 -3.538251337488428468e-06 -1.162851708890378402e-05 0.9999999999261292016 0.4947298030698089599
0.8670185398261605059 0.4982758788663747551 1.182738868181558808e-05 102.078254432262483 -0.4982758790015320849 0.8670185396814240608 1.600544745722230612e-05 -7.838920787550409663 -2.279436864755320496e-06 -1.977032217534965681e-05 0.9999999998019692971 0.4947364995899681261
0.8343251135469835766 0.5512727135243024046 1.5185460009275615e-05 103.5830844413916338 -0.5512727137314616943 0.8343251133014719656 2.029454890430662655e-05 -8.825808501962953301 -1.481779598545077608e-06 -2.530358156754439487e-05 0.9999999996787665157 0.4947413123651733802
0.7942590200223902386 0.6075793022184874381 2.511973400295018771e-05 105.0224279670839991 -0.6075793027353725284 0.794259019456400539 3.003312689360797537e-05 -9.905997588997772496 -1.70406901673119099e-06 -3.911631240513566523e-05 0.9999999992335051324 0.4947538870604423211
0.7464507474855955893 0.6654406668697084859 2.13641304117690547e-05 106.3486623332452012 -0.6654406672096949693 0.7464507470017508473 2.694952603948915832e-05 -11.07868622572562778 1.986039474632404499e-06 -3.433305505212174064e-05 0.9999999994086484767 0.4947490607655332662
0.6943194853159845303 0.719666903648868983 1.025811731256148395e-05 107.5866500316217866 -0.7196669037188409002 0.6943194852003315987 1.284975200731558696e-05 -12.36048934466327864 2.125130508178348625e-06 -1.630426072447315445e-05 0.9999999998648274602 0.4947417576405157558
0.6380221342606933188 0.7700180232759217258 5.089630029888317254e-06 108.7136136957599746 -0.7700180232903647282 0.6380221342283599606 6.702306666499141709e-06 -13.71665912001784626 1.913600316624608095e-06 -8.195326858723337267e-06 0.9999999999645873272 0.4947448799864446745
0.5810949725151045575 0.8138357530152491304 -5.831379569713268321e-06 109.7357801925468124 -0.8138357530354659586 0.5810949724904765912 -5.451714863666881808e-06 -15.16098222520170857 -1.048215120652706203e-06 7.913749282215922228e-06 0.9999999999681369323 0.4947403102689595378
0.5235006764242902122 0.8520252585916082699 -2.252657420394848224e-05 110.67352439624824 -0.8520252588524345194 0.523500675972344176 -2.315541765490844805e-05 -16.71526570567199244 -7.936323892111861282e-06 3.131508702240930577e-05 0.9999999994781900714 0.4947228923064497241
0.4760785343452487717 0.8794027669162309824 -5.174929873295262942e-05 111.4963885950634506 -0.8794027683459129108 0.476078532615121286 -4.255361679229312022e-05 -18.32514050817955464 -1.278503814478991399e-05 6.576734007928246588e-05 0.9999999977555998898 0.4947248624534200667
0.4414472843954689307 0.8972871829215541828 -8.041641779082172453e-05 112.2525678687457571 -0.8972871863432692052 0.4414472807289933076 -5.969413387460359714e-05 -19.99027736400413957 -1.806317226156030486e-05 9.850843454861456629e-05 0.9999999949849049941 0.494726944301273619
0.4165825284465689005 0.9090978980970487733 -9.311726134776802174e-05 113.0028921078999247 -0.909097902561587623 0.4165825234712479119 -6.85469341495001215e-05 -21.75732426443110157 -2.35248500453224788e-05 0.0001132081621287943217 0.9999999933152466935 0.4947320402429955521
0.4000377370311710701 0.9164986623188856596 -0.0001045031360484067378 113.7223749510738315 -0.9164986679290418881 0.4000377311375275524 -7.316326546720913228e-05 -23.56089002587578207 -2.524883749001768671e-05 0.0001250450521340854394 0.9999999918631153895 0.4946979279984054512
0.3891521101813373296 0.9211735066170224639 -7.648884701899478209e-05 114.4328667406298337 -0.921173509542779545 0.3891521068003826467 -5.560301460463459568e-05 -25.34585426102970729 -2.145422797765477138e-05 9.20975301152054585e-05 0.9999999955288804143 0.4946760457330036109
0.3834366287978345778 0.9235671876751483378 -3.934719504468664068e-05 115.1474186627699083 -0.9235671883761559231 0.3834366276586780309 -3.356985611488864013e-05 -27.13755276229895941 -1.591686182692419197e-05 4.921169075583073577e-05 0.9999999986624314996 0.4946672452817632015
0.3838929547433240774 0.9233776038542118592 -1.06167579745760353e-06 115.8663246025134441 -0.9233776037826205707 0.383892954698674127 -1.294682584338261422e-05 -28.91932379035879919 -1.154723916596235377e-05 5.950522881413785254e-06 0.9999999999156261588 0.494661259731002001
0.3871900956966592422 0.9219999076980424091 1.202525431253559688e-06 116.6212374092089306 -0.9219999076271536698 0.3871900956824938511 -1.196387568196836799e-05 -30.78413316299509006 -1.149629821127338657e-05 3.523565833669181086e-06 0.9999999999277099372 0.4946046148210700433
0.3914387190354821633 0.9202041779383914877 -1.211704400527381659e-05 117.3807535258748942 -0.9202041779321167292 0.3914387187848611394 -1.883019918463495638e-05 -32.68335976635066231 -1.258454778022901702e-05 1.852102356585676624e-05 0.9999999997493003168 0.4945499240900453342
0.4045255647487241424 0.9145266891468749604 -4.801056099797193619e-05 118.1204667481534187 -0.9145266902842091872 0.4045255632763070652 -3.763016882513738623e-05 -34.52386355155913833 -1.499229447677476186e-05 5.912930474374193543e-05 0.9999999981394783743 0.494475713140595019
0.4216804931154118363 0.9067444828055067907 -6.804373552429851654e-05 118.9158016890101948 -0.9067444852390313947 0.421680490654016138 -4.788136440407086064e-05 -36.39531886993005116 -1.47234472207729397e-05 8.188891929466817973e-05 0.9999999965387124101 0.4944389644574361808
0.4405286190087114861 0.8977385658099834576 -5.739289558289852673e-05 119.7746950315130476 -0.8977385675551876609 0.4405286171625077407 -4.227388582619408095e-05 -38.26228482274918719 -1.266768470673598192e-05 7.014667241158099387e-05 0.9999999974594870888 0.4944249226527632768
0.4616580884848576205 0.8870579492210252104 -6.37379728296332595e-05 120.642922216044667 -0.8870579514446246261 0.4616580863801786894 -4.539703153062945885e-05 -40.07904816891225153 -1.084464712400208937e-05 7.749718240680483685e-05 0.9999999969382902254 0.4943930542163195718
0.4839557858862195139 0.8750924490638070097 -5.386086469213838978e-05 121.5782111565345929 -0.8750924506760325849 0.4839557843181612196 -3.996300376193995463e-05 -41.88784446572245201 -8.905045817843973408e-06 6.6473562970957177e-05 0.9999999977509825833 0.4943762233949985374
0.5053995189773567986 0.8628854639621935663 -4.798373543477075148e-05 122.5313666879976608 -0.862885465271189811 0.5053995177565904218 -3.574018693434755865e-05 -43.62867174607331577 -6.588731036047064166e-06 5.946754116086190904e-05 0.999999998210099994 0.4943658047241080711
0.5263812893654614689 0.850248631685053935 -5.025814190970239218e-05 123.5069009190577276 -0.8502486331582733703 0.526381288122239499 -3.646221197711805966e-05 -45.32892912156717102 -4.547000364695562164e-06 6.192494261743117082e-05 0.999999998072313212 0.4943473712418667287
0.5458787400023320524 0.8378641881317978601 -5.883827143733524298e-05 124.5124870173595468 -0.8378641901911796364 0.5458787383743843868 -4.228832139826764502e-05 -47.01034169479712688 -3.313308695473917467e-06 7.238277625179171282e-05 0.9999999973748777693 0.494315474354657336
0.5632390483402597292 0.826293998053834855 -5.663215020989952758e-05 125.5680224967059928 -0.8262939999907107369 0.5632390468058685595 -4.16509394885816801e-05 -48.67480820736869873 -2.518483009927925646e-06 7.025424144503914154e-05 0.9999999975289993737 0.4943095470847834738
0.579938440024770574 0.814660298591053933 -6.069104906058613171e-05 126.6080880903407291 -0.8146603008512773858 0.579938438334600681 -4.428502980749590196e-05 -50.25791565679203643 -8.801833930033913715e-07 7.512517938968637024e-05 0.999999997177716371 0.494295157527447182
0.595286650702871678 0.803513409634246667 -6.352273373523780289e-05 127.6743852800159686 -0.803513412145069772 0.5952866488840273806 -4.653649282827953838e-05 -51.82270982265330872 4.2153926833150386e-07 7.874392148358838313e-05 0.9999999968996086119 0.4942913585596542814
0.6099490830822414944 0.7924406050070126328 -5.98789256458386702e-05 128.7837613588157808 -0.7924406072664350598 0.6099490815425417933 -4.339178021724314662e-05 -53.37699334860295153 2.137687133749970279e-06 7.391726875806370019e-05 0.9999999972658338843 0.4943066679971475641
0.625633345421522713 0.7801172441219365039 -5.022450898276585899e-05 129.9116925692441953 -0.7801172457265942439 0.6256333444736326133 -3.471199457753928384e-05 -54.87036335730894621 4.342701981628247125e-06 6.089798690940554689e-05 0.9999999981362880375 0.4943220410965183387
0.6395555485905247695 0.768744884661531791 -5.07546423669009457e-05 131.049003663288488 -0.7687448863146983946 0.6395555476810894646 -3.460601066753812871e-05 -56.33373261957742528 5.85721941710881836e-06 6.114983791329334955e-05 0.9999999981131950655 0.4943226042362696693
0.652879792205173004 0.7574615329947628206 -5.445720235419683182e-05 132.2164547315811092 -0.7574615349299083089 0.652879791051897862 -3.92414378875856809e-05 -57.79566538456023039 5.830127195029540232e-06 6.686917789707768375e-05 0.9999999977472613377 0.494323471183852059
0.6669245496652493888 0.7451252525687523942 -5.513973233030859965e-05 133.4190037130650239 -0.7451252545819154749 0.6669245484452392958 -4.083603960290195826e-05 -59.2383802863996678 6.346076762762525621e-06 6.832056441247755327e-05 0.9999999976460138829 0.4943283797421365588
0.6802245264766200172 0.7330038135697757307 -5.361022714901687093e-05 134.6346721750201993 -0.7330038154900683223 0.6802245253857502894 -3.928059875001346058e-05 -60.6364319288368776 7.674162635198241523e-06 6.601612773396462678e-05 0.9999999977914890703 0.4943401179219518715
0.6937402267754372298 0.7202253082738147016 -5.547689739215101555e-05 135.8175382296770408 -0.7202253103545046553 0.6937402256234183051 -4.097510194518878823e-05 -61.96360480288659289 8.975249883693492829e-06 6.838194215736890776e-05 0.9999999976216773501 0.4943468004157899887
0.7081028304894518843 0.7061093250161460944 -5.079667148418150359e-05 137.033363104524966 -0.7061093267293980791 0.7081028298349500982 -3.298067343946293307e-05 -63.24890848919199726 1.268130576322811939e-05 5.922171171572180616e-05 0.9999999981659866144 0.4943771051260126836
