0.9999727208254474142 0.007386311999347235611 0 -0 -0.007386311999347235611 0.9999727208254474142 -0 0 -0 0 1 0.4949999999999998845
0.9999921400976559127 0.00396481338055023301 -1.117571851172252063e-08 0.005823579794325298847 -0.003964813380550272041 0.9999921400976560237 -5.372091619642063217e-09 0.02090166312912288687 1.115433133093118639e-08 5.416359033819321314e-09 0.9999999999999996669 0.4950001246624740614
0.9999984530082873802 0.001758972217012522024 6.424109437951443171e-08 0.005151752079512472021 -0.001758972217016927788 0.9999984530082871581 6.892197850590114763e-08 0.009090541189433540628 -6.411976315374125275e-08 -6.903487018437514462e-08 0.9999999999999953371 0.4950005006435830857
0.9999944267275127086 0.00333863986449728237 -3.426543293368031644e-08 -0.002693748883394685243 -0.003338639864493726187 0.9999944267275079346 1.02692543949684713e-07 0.01266365640367937175 3.460809538410206036e-08 -1.025775716757885339e-07 0.9999999999999938938 0.494999841490808723
0.9999873084595489736 0.005038146688925381443 -1.478186755921973815e-08 4.630202850030672027e-05 -0.005038146688929489268 0.9999873084595057859 -2.94118325694910437e-07 0.004174178573860571652 1.329986868580918999e-08 2.941890660973816468e-07 0.9999999999999563682 0.4949980052403844533
0.9999779751995410138 0.006636950960088967497 -1.097880546425970331e-07 0.003114348232612197155 -0.006636950959837356265 0.9999779751972330821 2.152019270215143531e-06 0.01301899478754595628 1.240684829442493251e-07 -2.151243214485476613e-06 0.9999999999976781906 0.4950124867366184622
0.9999841133973930152 0.005636750396566010332 1.706546890172768238e-07 0.01487723285939327594 -0.005636750397308510144 0.9999841133862723552 4.718271029922150413e-06 0.02307903631353010535 -1.44056261792870534e-07 -4.71915801051143553e-06 0.999999999988854138 0.4950232374292509174
0.9999999397316349237 0.0003471871962431391382 9.990281432249615283e-08 0.02446506717530284175 -0.0003471871953768902795 0.9999999396951412267 -8.543872249651742804e-06 0.006641810275251852289 -1.02869131349170385e-07 8.54383704974861733e-06 0.999999999963495867 0.4949638409750079515
0.9999999144420369523 0.0004136640063906978689 -4.912634896322101156e-07 0.007600557135847779179 -0.0004136640126225231461 0.9999999143608262475 -1.275372540890060462e-05 -0.002225330306021091036 4.859876904118638523e-07 1.275392753574421121e-05 0.9999999999185503752 0.4949604183396785761
0.9999972566679122821 0.00234236171580171201 -6.887422041957719322e-07 0.007456671209524624866 -0.002342361720616244897 0.9999972566431125642 -7.07468197766716164e-06 -0.005198463989924431879 6.721688505141428319e-07 7.076275852839565062e-06 0.9999999999747369861 0.4949801618239590972
0.999984697541895895 0.005532150026819775135 -5.969318104940241714e-07 0.00455964449585933955 -0.005532150028138770395 0.9999846975395778603 -2.231109637166135168e-06 -0.008944499284273507364 5.845798427294408655e-07 2.234377812036633041e-06 0.9999999999973326892 0.4949927064386182574
0.9999818168699666776 0.006030417199963274827 -2.592190131071337669e-07 0.01819098860962411329 -0.00603041719817231682 0.9999818168493441739 6.429088844940654408e-06 -0.008783667148202995226 2.979843876390395114e-07 -6.427408745187474153e-06 0.9999999999792995586 0.4950103732314098393
0.9999922932885934035 0.003925985946200779078 -5.004535417003579214e-08 0.004831964261738999622 -0.003925985945520936611 0.9999922932404817777 9.809704015601516345e-06 -0.009961021888457677678 8.855772858391634728e-08 -9.809431937686578402e-06 0.9999999999518833782 0.4950176529429335393
0.9999982218695764313 0.001885804744540072429 6.191511994207819771e-07 0.00447960117583688644 -0.001885804754139045738 0.9999982217435465781 1.588730798281742307e-05 -0.006963622891177323818 -5.891897376390001162e-07 -1.588844733138716019e-05 0.9999999998736047724 0.4950272228092369442
0.9999998614300107391 0.0005264422208500401995 8.832517555654919919e-07 0.01723109170405323631 -0.0005264422312957451559 0.9999998613599683228 1.186818808761113662e-05 -0.006479983994025049696 -8.770037178170078149e-07 -1.186865142406144752e-05 0.999999999929182759 0.4950199724745104057
0.9999995088255247966 0.0009911361474025986908 2.812956296010168175e-07 0.01387425921906225955 -0.000991136146546350242 0.9999995088209812089 -3.0278556718477907e-06 -0.01222264833299879783 -2.842965086399851764e-07 3.027575382376008394e-06 0.9999999999953762542 0.4949944011648573228
0.9999780815223809904 0.006620912101127507908 -5.508912069929641333e-09 0.006562412910482201892 -0.006620912100791746975 0.999978081479388603 9.272942835645931481e-06 -0.007964561755524131315 6.690413075743136339e-08 -9.272703112833333489e-06 0.9999999999570060583 0.4950183546127868706
0.9999901605445609132 0.004436081154123062108 5.38326866503078216e-07 0.02762955494134631401 -0.004436081159710151926 0.9999901604856687998 1.08638584905049903e-05 -0.006254211126111070343 -4.901286117175368557e-07 -1.086613965772373057e-05 0.9999999999408432094 0.4950184991393759559
0.9999972025062013881 0.002365371316346180381 7.346159910847235298e-07 0.05281380023331224555 -0.002365371322869673932 0.9999972024658653202 9.01002331240858497e-06 -0.004515000609122118112 -7.133018852688169934e-07 -9.011735746522863606e-06 0.9999999999591396849 0.4950139484345678631
0.999979101758455613 0.006464986337328075018 4.928294971588321524e-07 0.0790649249255398201 -0.006464986333139738708 0.9999791017260183379 -8.072813913192211248e-06 -0.009670417659428786478 -5.450098295258892426e-07 8.069459069613389981e-06 0.9999999999672931628 0.4949904680641926125
0.9999458121909255981 0.01041022017161382339 2.030203877692935886e-07 0.1135169473148034958 -0.01041022016689997255 0.9999458120571779185 -1.63591036517401285e-05 -0.01407130954451536742 -3.733112573373311948e-07 1.635610370081976893e-05 0.9999999998661690537 0.4949804553245046868
0.9998284759992875914 0.01852076086921585971 -2.832068627153925478e-09 0.1776903747168615821 -0.01852076086672373861 0.9998284758622216772 -1.655829188243270288e-05 -0.01787207262896722132 -3.038405814980816206e-07 1.655550419002986838e-05 0.9999999998629112152 0.4949821262135879474
0.9995179006556799139 0.03104780619496085373 -1.255137021899473811e-06 0.2644123697552906993 -0.03104780621903641125 0.9995179001664252771 -3.127487482116575018e-05 -0.02884913313209507002 2.835156683310224833e-07 3.129876647555504684e-05 0.9999999995101531702 0.4949675029899799905
0.998886914749720467 0.04716917995877020764 -2.456470681592882784e-06 0.4083748711512824037 -0.04716918002047219838 0.9988869138572820106 -4.222681212600354361e-05 -0.04441614533522934144 4.619323178605296184e-07 4.229567979205484216e-05 0.9999999991054308035 0.4949583684346276491
0.9973340792176327296 0.07297077781363504878 -4.3153525720500873e-06 0.6504958009661663265 -0.07297077794048954791 0.9973340771959654516 -6.350326068397691912e-05 -0.07318106266838557417 -3.300341505910510845e-07 6.36488606558414195e-05 0.9999999979743565692 0.4949353342016751256
0.9942396376177925488 0.107179956007290425 -4.706188483599798198e-06 0.8832450062784394929 -0.1071799561092280223 0.9942396364232723993 -4.87398773701415406e-05 -0.1066866571950926962 -5.448587854588871498e-07 4.896352708913917262e-05 0.9999999988011378793 0.4949522954262357
0.9901086015441905586 0.1403030901916778594 -5.75375954258718681e-06 1.239613909667878433 -0.1403030902945432146 0.9901086000030164813 -5.528200824481343211e-05 -0.16603572524698329 -2.059389783284168569e-06 5.554246211846335302e-05 0.9999999984553966659 0.4949331181353926468
0.9835300665283960297 0.1807445938197440871 -6.466623766620123066e-06 1.616587794090618813 -0.1807445938081072567 0.9835300638632298309 -7.272252713759785371e-05 -0.2481371922584217904 -6.784084742867065177e-06 7.269359923976232037e-05 0.999999997334808155 0.4949184095997497534
0.9767209310426339108 0.2145139221444649635 -8.464129632442506858e-06 2.057455585547094401 -0.2145139220462527196 0.9767209271128233228 -8.826343295494869896e-05 -0.3550099718768077728 -1.066664264329867935e-05 8.802441605693976461e-05 0.9999999960689622824 0.494886978340753958
0.9716836531466382931 0.2362855859745169318 -8.397324870835392021e-06 2.570246507277442749 -0.236285585705138218 0.9716836486961958341 -9.405668496674004771e-05 -0.4934406814197673796 -1.406469565240611005e-05 9.337751007680616163e-05 0.9999999955414122788 0.4948709484964413652
0.967064440526301472 0.2545316634258867894 -1.361745711430905324e-05 3.067361084574456331 -0.2545316634205441186 0.9670644348548476099 -0.0001056289611758965503 -0.6440320093350828667 -1.371695672563995855e-05 0.0001056160862538058418 0.9999999943285434734 0.494842987929393463
0.9656161082961786102 0.2599721741081216231 -9.52215769855555e-06 3.601124735224859652 -0.2599721741176320156 0.9656161057315646445 -7.098304048227381828e-05 -0.7992092050157458827 -9.258866523940476978e-06 7.101786334470780514e-05 0.9999999974353680487 0.4948748832440340029
0.9651470668370039085 0.2617081185468246862 -8.052417942863458871e-06 4.211533446811105641 -0.2617081185020495027 0.9651470646535313946 -6.559742254475394937e-05 -0.9795963925474443501 -9.395610494790529538e-06 6.541854311035580425e-05 0.9999999978160681868 0.4948667264938595989
0.964154306552501561 0.2653421809862047676 -1.216477294601982893e-05 4.862840771141395457 -0.2653421810351901944 0.9641543027957198975 -8.582668620409303361e-05 -1.183255417790089803 -1.104472192577466004e-05 8.597799650610124902e-05 0.9999999962428989253 0.4948306846080822718
0.9646050701832413754 0.2636988024789904683 -1.225408991361446338e-05 5.571858937195168338 -0.2636988024677594522 0.9646050658574877312 -9.220289501688866884e-05 -1.399599103655893906 -1.249343579290395602e-05 9.217076885441636506e-05 0.9999999956742314788 0.4948152057555124661
0.9665592881737489206 0.2564432532442839086 -1.768548335079175502e-05 6.296545774322481748 -0.2564432531664381787 0.9665592782327364629 -0.0001398923092569116593 -1.62733959997647859 -1.878037086695949753e-05 0.0001397495337406404095 0.9999999900586824531 0.4947437628987844116
0.9676288626871419885 0.2523774629480820542 -1.711461633184521231e-05 6.966111218563602492 -0.2523774626382409569 0.9676288513538232605 -0.0001496068056211228084 -1.835657823586826831 -2.119678949988107794e-05 0.0001490832066172814935 0.9999999886624465484 0.4947516300481876739
0.9710866283483056138 0.2387273756562508786 -1.891114953784112711e-05 7.726826723311597256 -0.2387273758178637684 0.9710866173546962576 -0.0001470780836220934656 -2.062525883195038823 -1.674720068466201457e-05 0.0001473401694313769507 0.9999999890052025942 0.4947417040408538247
0.9739162479540133255 0.2269077828340592684 -7.920910902902023805e-06 8.549000933197241636 -0.2269077829385934553 0.973916246614109804 -5.123679436669811409e-05 -2.260127656422580955 -3.911723592952953773e-06 5.169766285863759757e-05 0.9999999986560248466 0.4948452493488441073
0.9758597145660236061 0.2183983000029261212 -6.721849396410895465e-06 9.375588104773189713 -0.218398300068285478 0.9758597133588806649 -4.870974072937504453e-05 -2.472583819902515856 -4.078542543655685509e-06 4.900191416624412842e-05 0.9999999987910886956 0.4948417211774887581
0.9766515500233987623 0.2148295831806713851 -5.435451112290800381e-06 10.23736827932533799 -0.2148295831878733186 0.9766515488252341948 -4.865005993874803981e-05 -2.682161139674287931 -5.142930350973273581e-06 4.868185214480104221e-05 0.999999998801813561 0.4948591160873418993
0.9774558995841056142 0.2111396797147574445 -4.517635206833268423e-06 11.14406696467090185 -0.2111396797164436234 0.977455898694675307 -4.193393469831843906e-05 -2.890369002717807501 -4.438128360312606275e-06 4.194242391429250276e-05 0.9999999991105678054 0.4948887874541695875
0.9763593684645615056 0.2161536110813412348 -5.496482407071500636e-06 12.02873906902508061 -0.2161536111139638339 0.9763593675084343282 -4.339534306282400545e-05 -3.098539772266994508 -4.013518020653485416e-06 4.355753426783472219e-05 0.9999999990433162678 0.494900344107440604
0.9770866891175707947 0.2128417297687912879 -4.530431516482285569e-06 12.96330279889360249 -0.2128417297876659398 0.977086688408093651 -3.74022947423949045e-05 -3.31115691651375732 -3.534144782794183381e-06 3.75095492158988164e-05 0.9999999992902715018 0.4949136516707088318
0.9785822066877738479 0.205856417698392441 -6.978885203627924167e-06 13.87983551116132119 -0.2058564177875862045 0.9785822054169888151 -4.999117623679419738e-05 -3.523574050826508763 -3.461591582717231273e-06 5.035712386488910884e-05 0.9999999987260884682 0.4949161399525512373
0.9820552378818362405 0.1885935038334355385 -7.931617812821761116e-06 14.81000431952986851 -0.1885935038635617733 0.9820552347006126226 -7.937141587480736572e-05 -3.739749625114636267 -7.179646631324486576e-06 7.944296629257881909e-05 0.9999999968186337185 0.4949116138089112993
0.9840784344880608714 0.1777347314222821606 -4.899895096056629533e-06 15.8302826429162824 -0.1777347313994774025 0.9840784327348501836 -5.901448197336733897e-05 -3.937449457479424098 -5.66704201686900505e-06 5.894576057125847215e-05 0.9999999982466407644 0.494934017001013915
0.9844668094368275169 0.175570786598238715 -3.575098739898850674e-06 16.84488670684140388 -0.1755707865706297166 0.9844668083239690448 -4.704912832732966843e-05 -4.140227770986527389 -4.740886423279459236e-06 4.69459881490218281e-05 0.9999999988867989131 0.4949355517165325846
0.9858978184935657252 0.1673484134056517081 -4.740447884679298422e-06 17.87838444224441403 -0.1673484134238792942 0.98589781712497504 -5.210520142137514032e-05 -4.344051586494369843 -4.046125566349036751e-06 5.216371084592126464e-05 0.9999999986312878564 0.4949020382947543761
0.9869464773832795634 0.1610485975254285218 -4.249787792413595313e-06 18.84322164962595991 -0.1610485975411500015 0.9869464762016690873 -4.84290154533723193e-05 -4.526866231924370432 -3.605111931975440796e-06 4.848126856866194419e-05 0.9999999988182846078 0.4948982176931841503
0.9892573575738682345 0.1461844057341179226 -2.891922873193623331e-06 19.80475244404588508 -0.1461844057102074379 0.9892573575551765197 7.234346039950421957e-06 -4.666396727350805129 3.918404556514014795e-06 -6.7338760206787714e-06 0.9999999999696502773 0.4949890550567048741
0.991153380926919958 0.1327214205316573081 -3.380437097707709221e-06 20.72002446634296291 -0.1327214202914117902 0.9911533801539591515 4.009294472325178479e-05 -4.778640081715453292 8.671724232758031109e-06 -3.928960130095358454e-05 0.9999999991905640373 0.4950629619349941613
0.9918574406547832067 0.1273531209491284288 -2.11954699669537128e-06 21.66940322751175074 -0.1273531209259110286 0.9918574406207922856 8.822382530644570431e-06 -4.907958039698149477 3.225846408902410152e-06 -8.480614832344299597e-06 0.9999999999588363719 0.4950316677888575989
0.9930789032214190071 0.1174491037801365378 -1.379679332143164386e-07 22.60342001926139943 -0.1174491037767507323 0.9930789031823944457 -8.850028250329665814e-06 -5.02024006640294651 -9.024148426392865566e-07 8.804980558421911737e-06 0.9999999999608287782 0.4950211901936520387
0.9932842471232117276 0.1156996301455712611 -1.812432810601173177e-06 23.53080708307283331 -0.1156996301166282048 0.9932842462032182018 -4.286738241816706043e-05 -5.144200486690156282 -3.159479333018731586e-06 4.278919347716968289e-05 0.9999999990795510607 0.4949739774069949472
0.9944829884423140864 0.1048979775169057299 -3.733550305715683302e-06 24.47794780544849047 -0.1048979775713656387 0.9944829871608267258 -5.051087510391228362e-05 -5.265775037888378307 -1.585536380266124351e-06 5.062384789840570891e-05 0.9999999987173557869 0.4949552102519481078
0.9953783522058413658 0.0960309114293621674 -3.501765219829965886e-06 25.46485723886243946 -0.09603091148952495881 0.9953783518252586893 -2.753824617905186462e-05 -5.366988167886780126 8.410584132528379606e-07 2.774725181022604913e-05 0.9999999996146911041 0.4949835403473969442
0.995545885973902811 0.09427825259025167381 -3.346368010848686833e-06 26.47387341371680236 -0.09427825264347744483 0.9955458856875526452 -2.390212315947583523e-05 -5.474190948122458877 1.07801250052446302e-06 2.411115010622256354e-05 0.9999999997087449799 0.4949787568310595742
0.9954567666523337355 0.09521462979650457958 -1.014198897241685484e-06 27.48430042612644186 -0.0952146297905034078 0.9954567666414974036 4.872931138570122258e-06 -5.562158284037134415 1.473565489362391003e-06 -4.754225702785686165e-06 0.9999999999876127976 0.4950192085300668676
0.9955868347076024527 0.09384484296501320599 -2.828736384935573694e-06 28.50791316861708324 -0.093844843000629799 0.9955868345494723881 -1.778148141677676845e-05 -5.669925571441963186 1.147552372010203204e-06 1.796847112207528943e-05 0.9999999998379083266 0.4949899199096688962
0.9951423030175835516 0.09844692327438950286 -6.700658696650067456e-06 29.51389073154866338 -0.09844692349785749697 0.9951423013219911073 -5.810000907256058345e-05 -5.793071960510101093 9.483417803498634966e-07 5.847743606790481739e-05 0.9999999982897448403 0.4949425559491201776
0.9953832593629027281 0.09598003397620001598 -7.761712916260616368e-06 30.47597257439904794 -0.09598003426093625057 0.9953832577977642648 -5.586959508104822985e-05 -5.899714449713785669 2.36351345456294551e-06 5.635662912268564234e-05 0.9999999984091718641 0.4949432363959553327
0.9962294579662474003 0.08675751847423529561 -8.408447858163633638e-06 31.45591993564191213 -0.08675751881668856968 0.996229456292886173 -5.783930327023949404e-05 -6.003833273517463098 3.358749016000797965e-06 5.835071381932988e-05 0.9999999982919562935 0.4949357504271772457
0.9955797948024179833 0.09391949773492833109 -1.13413724589088691e-05 32.38355333361970168 -0.09391949834362184335 0.9955797915975906909 -7.99725758434830311e-05 -6.127253661400930973 3.780257073282682919e-06 8.068425665994454735e-05 0.9999999967378799814 0.4949229965389848052
0.9955638104776654007 0.0940887833551999897 -1.077785270394448052e-05 33.3203117111235585 -0.09408878393331522594 0.9955638068373087179 -8.518091549149993153e-05 -6.257462951680041741 2.715471363793525952e-06 8.581711186102019759e-05 0.9999999963140245862 0.4949336510321803995
0.9954983537587033249 0.09477883508341437835 -9.283062162482737489e-06 34.20367719145444596 -0.09477883542888856927 0.9954983525377366638 -4.951392104777273056e-05 -6.366550626623975084 4.548401331936975355e-06 5.017086471217026473e-05 0.9999999987310980165 0.4949791277644496335
0.9955705574347215592 0.09401736622250420061 -4.464713339944026693e-06 35.13177433307229336 -0.09401736632491644596 0.9955705566895242109 -3.852881935167303109e-05 -6.483827773633722202 8.225590262002639887e-07 3.877791874886408119e-05 0.9999999992477980326 0.4949953960934918573
0.9957108703058874521 0.09251952627826111331 -3.764417337800903543e-06 35.99651716386923539 -0.09251952635229801492 0.9957108697561402044 -3.309455664540926945e-05 -6.590361598388827069 6.863785583244848154e-07 3.330089190887367787e-05 0.9999999994452895002 0.4949871777754669688
0.995575396386686573 0.09396611143540734012 -3.665100089467407678e-06 36.81681317665639597 -0.09396611148000200142 0.995575396277553093 -1.491152563627918599e-05 -6.680427257321616352 2.247705394357873083e-06 1.518994324966115295e-05 0.9999999998821065272 0.4950034498831271668
0.9956803938942752064 0.09284693426453979881 -3.801290204942679027e-06 37.67138375371610692 -0.09284693434134670686 0.9956803932397849666 -3.610420161696955096e-05 -6.789451245385178524 4.32705691871403092e-07 3.630118382929329652e-05 0.9999999993410182419 0.4949738634517008018
0.9953430373742846449 0.09639625480558887405 -3.495990005094851303e-06 38.51716435961931495 -0.09639625486175688873 0.9953430370891598322 -2.385345323895050095e-05 -6.886552259716332003 1.180325752889415701e-06 2.407936894224774232e-05 0.9999999997093952375 0.4949941974321134808
0.9952276934666551833 0.09757990649818074069 -2.660885186395441626e-06 39.40426155828372856 -0.09757990652814674259 0.9952276927220478075 -3.851415183158094256e-05 -7.002867604570525373 -1.110020709927808141e-06 3.858999942093945933e-05 0.9999999992547896621 0.49496867716353804
0.9953045345486379869 0.09679299304494731748 -2.559773214677983452e-06 40.27350471130322518 -0.09679299303698871149 0.9953045329934334662 -5.571263204086134376e-05 -7.123256389797620436 -2.844838521642653357e-06 5.569880341285364099e-05 0.9999999984447748291 0.4949499999268742734
0.9952684290674427281 0.09716354306022663423 -1.95969920532851795e-06 41.13455132166063066 -0.0971635430542451134 0.9952684281370166586 -4.309350809612470584e-05 -7.231739673293665405 -2.236691181805404873e-06 4.308001942394547838e-05 0.9999999990695543906 0.4949752335180227503
0.9944734139822077879 0.1049887083439928204 -2.250568422809418446e-06 42.03901251877667988 -0.1049887083680431654 0.9944734137280163422 -2.248528803999318935e-05 -7.346094792186434574 -1.225708858017727998e-07 2.259730543330999898e-05 0.9999999997446731292 0.494988519851020492
0.9940836069849912082 0.1086175967256833297 -2.734773594213353396e-06 42.92374794593041543 -0.1086175967433737483 0.9940836069587265511 -7.473590893885562575e-06 -7.463316616538182124 1.906830116946298518e-06 7.726418728364637951e-06 0.9999999999683329976 0.4950010958961215124
0.9944991739498058037 0.1047444175256251192 -3.550187700769507592e-06 43.81016526307142556 -0.1047444175837752012 0.9944991735696574464 -2.75052091033667104e-05 -7.59041548899937446 6.496416279797408929e-07 2.772577007564506612e-05 0.9999999996154296245 0.4949761335229538317
0.9947809843494347382 0.1020332944203575093 -2.954825752339815105e-06 44.76039548295482717 -0.1020332944492054889 0.9947809842750702236 -1.22799426310947255e-05 -7.706614476753104626 1.686441468330353156e-06 1.251734402434958323e-05 0.9999999999202358048 0.4950001176365769195
0.9948422904816364154 0.1014338063210177276 -2.591167014630158475e-06 45.70477197343005571 -0.1014338063312024557 0.9948422904752781681 -4.15919316722121474e-06 -7.819948138224853906 2.155919733663034398e-06 4.400573190167723748e-06 0.9999999999879932711 0.495003078992577894
0.9944704885697651653 0.105016414704313707 -2.949024450123003605e-06 46.68762785522328329 -0.1050164147456064956 0.9944704881352443016 -2.939830277923481558e-05 -7.946868704207740386 -1.545865718304822531e-07 2.954544050273659152e-05 0.999999999563521258 0.4949788803801402071
0.9934149061453608764 0.1145723537011305859 -4.221325904363662247e-06 47.60094858368092474 -0.1145723537671477082 0.9934149048415785721 -5.092234917840058792e-05 -8.081925443477045334 -1.640765329771441547e-06 5.107066797464330089e-05 0.9999999986945471431 0.494968899208869717
0.9931245852849357458 0.1170621975349187827 -3.626688755649413294e-06 48.55136715573149075 -0.1170621975701863077 0.9931245852165090371 -1.186625936947105503e-05 -8.205301562275154836 2.212663367854103343e-06 1.220922207082883079e-05 0.9999999999230192449 0.4949970174357747887
0.9929717241691153884 0.1183518271366608837 -4.032444292022688493e-06 49.48571534470315925 -0.1183518271416175022 0.992971721939767682 -6.665167583788699293e-05 -8.362578760024728552 -3.884244464858433533e-06 6.666047662531529453e-05 0.9999999977706465204 0.4949302510739347349
0.9924936448285350821 0.1222962180626747108 -4.976834622136163889e-06 50.44359707020844041 -0.122296218089819414 0.992493641988345443 -7.520551783084039122e-05 -8.51170213264927078 -4.257873688459229693e-06 7.524964655549391498e-05 0.9999999971596803539 0.4949169962753418028
0.9913753959770802426 0.1310527536696861894 -3.018680519309628823e-06 51.41492147123281597 -0.1310527536912229618 0.9913753952867154773 -3.704441868028809768e-05 -8.655182500227457609 -1.862127483069617837e-06 3.7120531632480948e-05 0.9999999993092990591 0.4949721844169763796
0.9910331744664164777 0.1336160435547379954 -3.74541316012614867e-06 52.31588852744958729 -0.1336160435403787039 0.99103317269448854 -5.941333283429756638e-05 -8.818765498269890202 -4.226745780588184084e-06 5.938103113228382991e-05 0.9999999982280136646 0.4949416734606121304
0.9904572111003540069 0.1378205825471559565 -2.811349654902674965e-06 53.16941254701085029 -0.1378205825558297681 0.9904572104030411328 -3.724016633164434263e-05 -8.966851577638227155 -2.347939881317778953e-06 3.727225313296058149e-05 0.999999999302632947 0.4949636631234953232
0.9905042807525098469 0.1374818889433657987 -5.074398239812182764e-06 53.95654360673906069 -0.1374818887952134194 0.9905042805248140958 2.274979827061911008e-05 -9.087167017630623178 8.153898416946789025e-06 -2.183613471879579336e-05 0.9999999997283484099 0.4950284094760006304
0.9918041059956620442 0.1277678179659280933 -4.960191571403029694e-06 54.73686242954068604 -0.1277678178232631856 0.9918041057677102756 2.265450550680802704e-05 -9.206514099959150599 7.814055101613860807e-06 -2.183507872789004187e-05 0.9999999997310846656 0.495042528411846261
0.9922119773313741176 0.1245607964266172568 -5.997020525349113259e-06 55.43807966155262079 -0.1245607963819082287 0.9922119773280488886 7.328078754355000817e-06 -9.314533448938297155 6.863106919452976059e-06 -6.524013858342468765e-06 0.9999999999551673069 0.4950331153510202919
0.9930307082431196752 0.117855896993982856 -5.669594051415889384e-06 56.18916576368621207 -0.1178558968356812342 0.9930307080130371666 2.294375554203324807e-05 -9.407446505410627324 8.334137884841006475e-06 -2.211565872403842783e-05 0.9999999997207196234 0.4950555762968243401
0.9931032477703830574 0.1172430775513117196 -6.037136807753830926e-06 56.91185552960402561 -0.1172430775209280102 0.9931032477788970247 5.163433528572756956e-06 -9.509077816852313347 6.600877008687348824e-06 -4.420010108116168728e-06 0.9999999999684457963 0.4950380627400204903
0.9944057221107738265 0.1056279309624027773 -6.015394732117570701e-06 57.68125024714832705 -0.105627930897956579 0.994405722083720689 1.017856498223698761e-05 -9.598912851757321008 7.056883701450035589e-06 -9.48622956212476562e-06 0.9999999999301056874 0.4950440786482896982
0.9955230852953141918 0.09451871037861492297 -5.890196089132075786e-06 58.41367506357421036 -0.09451871022349293827 0.9955230850706524581 2.26126173190244267e-05 -9.67549862810153094 8.001141609603184011e-06 -2.195464882272923026e-05 0.9999999997269873875 0.4950609813964280681
0.9968162619575441363 0.07973292847634828873 -3.975759386445563011e-06 59.18312470976260187 -0.0797329284577795866 0.9968162619562106475 4.628861009169440649e-06 -9.755409459171694664 4.332174253805054301e-06 -4.297124989556492837e-06 0.9999999999813832252 0.4950425471587189263
0.9979128321927676071 0.06457537719123759845 -2.801989014442285647e-06 59.98412549340248745 -0.06457537722604696218 0.9979128320827094223 -1.493359650885973345e-05 -9.828397798264347784 1.831798165485360671e-06 1.508336708457109831e-05 0.9999999998845680027 0.4950190105082565295
0.9988776565676481534 0.04736483094895982404 -1.154410565534656735e-06 60.85664353750452449 -0.04736483095588184949 0.9988776556968900211 -4.171616518821390885e-05 -9.900351465673249862 -8.227641925656423584e-07 4.172402378548225314e-05 0.9999999991292142232 0.4949995686677713946
0.9992683207220015573 0.03824687180930244623 -6.829534495895782113e-07 61.70122285073694002 -0.03824687179359659989 0.9992683193900987471 -5.160934137201113721e-05 -9.963097165899251095 -1.291442117824931772e-06 5.159770071940554201e-05 0.9999999986680044861 0.4949978548389670774
0.9996603028261344948 0.02606298055126625435 7.60083526444249504e-07 62.70248403160984196 -0.02606298040751522938 0.9996602996411498854 -7.984908621981248603e-05 -10.0262223895450191 -2.840930506980943454e-06 7.980215166883008907e-05 0.9999999968117726512 0.4950068442122673162
0.9998584101701387672 0.01682734638277239014 5.290498494573466123e-06 63.72964350210897067 -0.01682734575420047687 0.999858404966952663 -0.0001022450112183987222 -10.0851833291316435 -7.010261605946409381e-06 0.0001021415093172759321 0.9999999947589839344 0.4950405581259664789
0.9999746336020061133 0.007122650450660857925 2.307350777802665981e-06 64.83120759899227892 -0.007122650301105173248 0.9999746318424695968 -5.938382123059698442e-05 -10.12032750033916884 -2.730262445623613575e-06 5.936588042424059079e-05 0.999999998234118781 0.4950550615065975602
0.9999389109686814825 -0.01105324894170385541 -4.564247705392642127e-06 65.92443915264253462 0.01105324901826317333 0.9999389108319742814 1.710373408104929615e-05 -10.1209401521982798 4.374917048667059874e-06 -1.715313899697111538e-05 0.9999999998433147796 0.4950649896464267563
0.9997594380321335183 -0.02193321759314653327 -5.823815503524335476e-06 67.11286170082948388 0.02193321766561000599 0.9997594379670350362 1.268478332413422269e-05 -10.11604848905823495 5.544196401857037434e-06 -1.280946686077896748e-05 0.9999999999025894759 0.4950699090545435666
0.9995828292347603838 -0.02888195637897037621 -9.848226869617474267e-06 68.27499442077264291 0.02888195678802487829 0.999582828290319636 4.428829056866820022e-05 -10.0889302694730727 8.564985991673512163e-06 -4.455425085148748457e-05 0.9999999989707796244 0.4950752465306754169
0.9991504661754870842 -0.04121099128185257837 -1.187882242266949051e-05 69.45882112142601272 0.04121099173596912135 0.9991504653892606669 4.092425031473860558e-05 -10.0463300064912886 1.018220202894953394e-05 -4.137902183254709365e-05 0.9999999990920493964 0.4950618229406781867
0.9985118034302185031 -0.05453602773123586434 -9.594952056032770196e-06 70.64183184275275096 0.05453602790279728912 0.9985118032930920817 1.863317495720762245e-05 -9.998020759502628252 8.564493533792800876e-06 -1.912871570320597662e-05 0.9999999997803705742 0.4950581262386314352
0.9978483160699600507 -0.06556476237158252729 7.330454877437002146e-06 71.82333204791122228 0.06556476278137200742 0.9978483098186776701 -0.0001116945079265428307 -9.970666257216068473 8.541860762158773258e-09 0.0001119347961838823081 0.9999999937353004631 0.4950530499790691263
0.9963288469320433771 -0.08560857805820341893 -1.166831777603530248e-05 73.09143777760372984 0.08560857840923161155 0.9963288463923624105 3.393298138039459877e-05 -9.838081578102549685 8.7205273038856545e-06 -3.48073163089286216e-05 0.999999999356201319 0.4950590978638091388
0.9957739869546874401 -0.09183772032978285149 -5.588120525984152056e-06 74.29640994450605263 0.0918377203041668283 0.9957739869617301398 -4.680389338167391688e-06 -9.747045382901797339 5.994341342855038022e-06 4.147409701875846281e-06 0.9999999999734332512 0.4950696586005184363
0.9963777471093152593 -0.08503755072449568908 5.863175552521925054e-06 75.46829296833725209 0.08503755091962583723 0.9963777437745275911 -8.152672211963919583e-05 -9.688139717445771737 1.090895139274908199e-06 8.173000180437157167e-05 0.9999999966595081169 0.4950292797815163404
0.9966863801336005579 -0.08134039339197436658 7.826309349573756257e-06 76.74660718010945004 0.08134039376160918933 0.9966863766869410446 -8.289508970897849812e-05 -9.612148445442322497 -1.057656701266420244e-06 8.325700197708637445e-05 0.9999999965335762964 0.4950153745535105787
0.997012147760176326 -0.07724491601647559547 -1.305681800395579733e-05 78.11542074397556235 0.07724491647219615398 0.9970121470468560343 3.901863926776713115e-05 -9.48098498443833293 1.00038146384081587e-05 -3.991063015514430875e-05 0.9999999991535324373 0.4951612385749667444
0.9978067734256015342 -0.06619397005354867025 -3.516778133267377601e-05 79.47339152054750855 0.06619397400308262014 0.9978067657681389813 0.0001264722816801840111 -9.370288012697780999 2.67189477246542652e-05 -0.0001285227945143593603 0.9999999913839943133 0.4951932928063810802
0.9991948423694850812 -0.04012064169166094929 -3.3086281071409238e-05 80.87805197957582948 0.04012064469124732718 0.9991948382219563163 9.561584497935894211e-05 -9.308939982508146471 2.922347220605087703e-05 -9.68663020791963778e-05 0.9999999948814538575 0.4951590656613268915
0.9999380907912353011 -0.0111271973095043164 -8.188233688301850387e-06 82.32336502910503384 0.01112719720844335472 0.9999380907504082927 -1.228597521083738551e-05 -9.304994197504504072 8.324435231209403359e-06 1.219410250479462579e-05 0.9999999998910036325 0.4951384810023754524
0.9997523813824116257 0.0222525485780556212 2.051994279128677544e-06 83.73306597125225892 -0.02225254841174997139 0.999752379530641111 -6.09445336914458453e-05 -9.343491561676721346 -3.407657359878130502e-06 6.088378058822666521e-05 0.9999999981407763361 0.4950927772159495754
0.9988258291008894618 0.04844546089287263269 2.102451939997156691e-05 85.25754690257456048 -0.04844545720948641859 0.9988258182423367382 -0.0001499684067838338831 -9.453332763830335495 -2.826512137884092251e-05 0.0001487737757898610559 0.999999988533722961 0.4949140520237523266
0.9969054301049412592 0.07861019500395033388 2.590281059817549348e-05 86.74895657944104244 -0.07861018970917338367 0.9969054172454568929 -0.000164750665667336675 -9.597710113834386547 -3.877373416234395839e-05 0.0001622046083620483402 0.9999999860931310103 0.4948522805082775089
0.993887344901979386 0.1103990282719667648 1.4231370461140107e-05 88.36121327444044482 -0.1103990250343961643 0.9938873346057653935 -0.0001462324670270151699 -9.802265294042879162 -3.02883011170048102e-05 0.0001437674689681331744 0.9999999892067665819 0.4948760175917680249
0.9890740247318282607 0.1474197191662975637 1.986299508962155161e-06 89.97149221779882566 -0.1474197182984505472 0.9890740202029072448 -9.601404637868276063e-05 -10.05166695321810089 -1.611896099382152076e-05 9.467217956848466556e-05 0.9999999953886785642 0.4949909048408685508
0.9817998208006736283 0.1899186979929739227 -5.536339561168479596e-06 91.60547378162283394 -0.1899186976163287077 0.9817998159962090243 -9.801918172931506584e-05 -10.38649273602623246 -1.318009820992050288e-05 9.728666945588909708e-05 0.9999999951807942988 0.4950131536251468067
0.9728591218538990004 0.2313982042124559935 -1.073050319378427378e-05 93.18440895187396222 -0.2313982043574070446 0.9728591189819710827 -7.507345329757608818e-05 -10.79145935666713108 -6.932594393748568552e-06 7.551891302051268683e-05 0.9999999971244162289 0.4950725305684084976
0.962090218942950437 0.2727313889041682593 -1.108789875709444397e-05 94.82420073990770959 -0.2727313891183832939 0.9620902184764664744 -3.006151002053912674e-05 -11.25472912380875279 2.468841557199716665e-06 3.194590278784256341e-05 0.9999999994866818342 0.4951614649264985957
0.9458535470470592621 0.3245936957986273463 -1.373016371747518194e-05 96.37331358183428165 -0.3245936960794443271 0.945853546497842701 -3.232911156121162535e-05 -11.80052874087800774 2.492898242630104915e-06 3.503532943188326091e-05 0.9999999993831553136 0.4951718341046918992
0.9269414255117862655 0.3752060679249308306 -1.627028894052980895e-05 97.9048122022471432 -0.3752060682550771298 0.9269414250605743089 -2.921421557087669276e-05 -12.42977941747713189 4.120253864822066333e-06 3.318457776922733096e-05 0.9999999994409034532 0.4952154545441683764
0.905631815141293095 0.4240648715960548265 -9.183731374968498679e-06 99.3932094656007763 -0.4240648716388828454 0.9056318151618916179 -3.272233004700232884e-06 -13.11732330959620896 6.929440246101360808e-06 6.857936182303919847e-06 0.9999999999524755712 0.4952860092774086787
0.8818567587095297311 0.4715173984951899766 -6.073152333918605037e-06 100.8863405165012352 -0.4715173985109815669 0.8818567587208665515 -1.412849070563068292e-06 -13.90713960202344346 4.689467514189283334e-06 4.109527491162715966e-06 0.9999999999805601059 0.4953117134340018213
0.8557096347497583633 0.5174562983268577998 -1.790345704730360321e-05 102.2760811273052752 -0.5174562986329388492 0.855709634361326521 -2.585606916428416095e-05 -14.76350379357115727 1.940774844718191536e-06 3.138954411706562024e-05 0.9999999995054646984 0.4952987182312158509
0.8262569557529295672 0.5632933886809194934 -3.661284516848620273e-05 103.6968086928637689 -0.5632933898704677311 0.826256953936809424 -5.478626559067915609e-05 -15.74367389554944729 -6.091232738730843508e-07 6.589130669178521848e-05 0.999999997828982079 0.4952868907390581832
0.7911090208197008034 0.611675171506934956 -4.173593876965365362e-05 105.0682305495583364 -0.6116751729299557683 0.7911090190905746278 -5.231529677385771614e-05 -16.79712313496102993 1.017709454299369823e-06 6.691594076898058595e-05 0.9999999977606103263 0.4953025228589436613
0.7477650345032703649 0.6639634416164752473 -3.705888422018751037e-05 106.2650192266371079 -0.6639634426253849808 0.7477650337973182904 -3.3005679480128189e-05 -17.85715552518799853 5.796773270883236772e-06 4.928623740195320054e-05 0.9999999987686318814 0.4953221823968566584
0.6993083959174618558 0.7148200926708300207 -5.015620414632773711e-05 107.3850190821315351 -0.7148200943972331523 0.6993083948400856675 -3.942519695498578422e-05 -19.01037416026835203 6.892731671911435715e-06 6.342303382380599876e-05 0.9999999979650042725 0.4953397378425671294
0.6419833555633394084 0.7667185645432200714 -0.0001181805887565763662 108.5187989260353021 -0.766718573638236589 0.6419833470266971265 -0.0001047892160993809188 -20.39641568539445871 -4.473867423794096506e-06 0.0001578841850215017628 0.999999987526284051 0.495305319131884747
0.5847391317814417677 0.8112213798864008618 -0.0001434605238682213843 109.5408347035581187 -0.8112213923320645836 0.5847391181681138583 -0.0001277068339701547075 -21.8528097337141709 -1.971153385555294286e-05 0.000191053429135331005 0.9999999815550209004 0.495274524202283184
0.531976106060298215 0.8467593545509410902 -0.0001344009985303635515 110.4507257500673347 -0.8467593645599451602 0.5319760926920779065 -0.0001238399775188390854 -23.391654502812667 -3.33645413793587226e-05 0.0001796852131268597053 0.9999999833000152716 0.4952258398435540609
0.4806861834955024615 0.876892686488348283 -9.686076678471760714e-05 111.3080477091288287 -0.8768926913828497538 0.4806861767549246434 -8.531300049181476074e-05 -24.99657277226279106 -2.825071453035291074e-05 0.0001259452790842179493 0.9999999916698416591 0.4951937093538542611
0.4391596700903693806 0.8984090101204993406 -0.0001862864867261014243 112.0686961573478868 -0.8984090289562070009 0.4391596536543948548 -0.0001236703271907496594 -26.72443312466620569 -2.929702724159095886e-05 0.0002216724817363178166 0.9999999750014970656 0.4952214608073809976
0.4060496401997938376 0.9138510123760484882 -0.00012990427852172071 112.7880184434659014 -0.9138510213131508797 0.406049632348637779 -8.316657653437766222e-05 -28.4492387146949568 -2.32542756275314099e-05 0.0001524829160784551803 0.999999988104099069 0.4952971325746742259
0.3756304084992068693 0.9267695464438775454 -6.32231046983263307e-05 113.4641082943327888 -0.9267695485162521507 0.3756304066718707535 -3.909909842965284205e-05 -30.20635789966240736 -1.248733318912330415e-05 7.328005851214485303e-05 0.999999997237049465 0.4953731260318912644
0.3482919120124322587 0.9373861227937970719 -2.868046222051614784e-05 114.1133719532269879 -0.9373861232103591901 0.3482919116306168461 -1.75378515735080883e-05 -32.08322220393464619 -6.450565675390581098e-06 3.299295914989818933e-05 0.9999999994349270116 0.4954163629642859834
0.3268126273616390742 0.945089152679436717 9.320909340056164621e-06 114.7710047142121681 -0.9450891527153277849 0.3268126272967283308 7.840020218528909155e-06 -34.03307592375516322 4.363327195100769688e-06 -1.137130791691587406e-05 0.9999999999258269989 0.49552657444001319
0.3175234081321827717 0.948250433805919779 8.788676756243690729e-06 115.4183540514827229 -0.9482504338465445048 0.3175234081141839471 3.409703072165597342e-06 -36.07867687827482683 4.42641820873996636e-07 -9.416527087237918078e-06 0.99999999995556621 0.4955320027784488324
0.3106098587026821511 0.9505374849950376515 7.278901708612884138e-05 116.0518874185802503 -0.9505374877795199628 0.3106098576159283531 2.607382172986261038e-05 -37.98615549403857727 2.175158698186718929e-06 -7.728747552234103394e-05 0.99999999701095732 0.4955655302904901083
