0.9999727208254474142 0.007386311999347235611 0 -0 -0.007386311999347235611 0.9999727208254474142 -0 0 -0 0 1 0.4949999999999998845
0.9988154894819785135 -0.04865664613026909197 0.0003856947781477352232 0.305013395065630466 0.04865670723808430964 0.9988155496105173281 -0.0001506626031897089846 0.009512078755106777653 -0.0003779072048490698076 0.0001692507796551510619 0.9999999142701551103 0.4951013251888343181
0.995611047530913007 -0.09358749487197165484 0.0001511298098914080706 2.565942076852413489 0.09358752777621749674 0.9956110298697835592 -0.0002277028703652589868 0.1632001755376684404 -0.0001291563644573675597 0.0002408473585711778291 0.9999999626555907684 0.4945423195922872828
0.9866994692307815562 -0.1625550243328073297 0.0001465813319902883806 4.611020812494910359 0.1625550531369749641 0.9866994525029563201 -0.0002124434842193928931 0.4525364331823986119 -0.000110097964275341934 0.0002334454093313827932 0.999999966690838793 0.4942479043483511969
0.9756259446433424021 -0.2194401663101473443 0.0001719034413967781747 6.437141196030981227 0.2194402005678039447 0.9756259283400186 -0.0002152386384678555721 0.824992614649339151 -0.0001204814519758198627 0.0002477149256373532317 0.9999999620607666895 0.493993787584012134
0.9595625917724061038 -0.281495289663452164 0.0001853929458008295172 8.411744773050244817 0.2814953285120843085 0.9595625695568303914 -0.000234805449985803677 1.309451016421184999 -0.0001117995032920431509 0.0002774977743326914755 0.9999999552479269527 0.49369562282346513
0.9392995714994827328 -0.3430980661797089493 0.0001787927986075043912 10.3050339727642708 0.3430980999222723038 0.9392995513859258017 -0.0002158660640805093683 1.955198331796235589 -9.387676638321517026e-05 0.000264106370974122632 0.9999999607174877569 0.4935235031829735552
0.9182448480405125402 -0.3960130939014837592 0.0001688427169586022086 12.14751755747623285 0.3960131228700236594 0.9182448285999759152 -0.0002031412443973911852 2.723838126828342698 -7.459235900119760506e-05 0.0002533973327090786984 0.9999999651128850253 0.4933370517601042282
0.8980215800058349851 -0.4399513724145617255 0.0001782038154550587717 13.99336214032607195 0.4399514037280480294 0.8980215562791108441 -0.0002163746670915535992 3.571174236691026849 -6.483653594715441419e-05 0.0002727101391739406651 0.9999999607127008083 0.493140971671707895
0.8838537340810213028 -0.467763342332248977 0.0001797871823915084906 15.80565470265028694 0.4677633734312680591 0.8838537089681431924 -0.0002182239434502215663 4.486117726978615217 -5.6828406816467495e-05 0.0002769759062195186936 0.999999960027438739 0.4930130436078952183
0.8790189855955363729 -0.4767867330995770314 0.0001846755521693322873 17.67032074245319961 0.4767867656879165583 0.8790189585151826357 -0.0002250288249149046962 5.452359672255458811 -5.504255324668866795e-05 0.00028585546862690118 0.9999999576284830383 0.4928848156520402313
0.8784682160536929629 -0.4778007514275180445 0.0001879387504301487013 19.57641745826808233 0.4778007849385324524 0.878468189026973989 -0.000225348671115798674 6.452898472872914404 -5.742644934604399117e-05 0.0002877589275810580704 0.9999999569485000794 0.4927551687228924893
0.8758347692391571515 -0.4826110485066260614 0.0001812549586238847773 21.54552673662793438 0.4826110793979809244 0.8758347446419004756 -0.0002147617411735738488 7.521566542959288171 -5.510300131454127381e-05 0.0002755714512498660951 0.9999999605120162283 0.492646232346810542
0.8737141006504496321 -0.4864397554351648223 0.0001861692387596824343 23.44584551311728049 0.4864397879910620781 0.8737140741426826507 -0.0002220505301394262308 8.545750507627799308 -5.464447850149277652e-05 0.00028456880427244174 0.9999999580172872493 0.4925141306764286298
0.8738173002033976511 -0.4862543488524499469 0.0001846335768444396658 25.33761579180925949 0.4862543809140799644 0.8738172739547624968 -0.000220867301323036182 9.563445199531470209 -5.393832301109460135e-05 0.000282776554549751054 0.999999958564037672 0.4924049103553521656
0.8714802187538736034 -0.4904306233305089635 0.0001789485443621082958 27.23148109878601986 0.4904306532971787758 0.8714801941276812958 -0.000213428943623832952 10.60554849624081974 -5.127802232134763685e-05 0.0002737609539957940995 0.9999999612127512538 0.4922993609258548564
0.870821826794582865 -0.4915987318493694191 0.0001811752471392366463 29.2082187165152618 0.4915987624445993243 0.8708218019786726494 -0.0002143916708429560833 11.70216583691616208 -5.237668168225682012e-05 0.0002757624737322491009 0.9999999606058695978 0.4921735599803473971
0.8701425676182675817 -0.4928000329445053618 0.000198873868652922072 31.24675341735816048 0.492800069783271899 0.8701425375849570765 -0.0002356035792747228623 12.78535045531952008 -5.694316110056429214e-05 0.0003030137597603907028 0.9999999524700675657 0.4919849542486241512
0.8664029113997889775 -0.4993455278933366381 0.0001972134043579389345 33.24288417904775628 0.4993455640603496892 0.8664028806631457469 -0.0002367152015081848665 13.88434914053199698 -5.266358438362195836e-05 0.0003035683783986559874 0.9999999525363918451 0.4918934660564106554
0.8653294176530730297 -0.5012035178980309702 0.0001805354933503870783 35.12292041590790603 0.5012035480417763589 0.8653293924595579778 -0.0002144251377050257078 14.97590840581294458 -4.875203543474843461e-05 0.0002760334093551564528 0.9999999607143970071 0.4918216783226396216
0.8647271763800696842 -0.5022418525231945319 0.0001789023595756707684 37.05947259627829737 0.5022418820729183109 0.8647271517264746299 -0.0002120403357415401291 16.08203305409194428 -4.820619680054418269e-05 0.0002732092985850348497 0.9999999615164198996 0.4916992938017982206
0.8596810771933841577 -0.5108310994900663315 0.0001825147255046340926 39.01187927584569337 0.5108311299988258503 0.8596810511639521035 -0.0002165548375325493499 17.21925748581038462 -4.628150531807911439e-05 0.0002794022994723782032 0.9999999598961876179 0.4915840559736818216
0.8569210643514536541 -0.5154476241020351512 0.0001904745956221009769 40.94148578098467794 0.5154476573799489092 0.8569210345157505238 -0.0002304521889888998829 18.33703155017657949 -4.443565424601834745e-05 0.0002956590191742955432 0.9999999553056073687 0.4914440024092754933
0.8541153053757390978 -0.5200836532290215031 0.0001968986934568041976 42.8410206135675935 0.5200836883302297764 0.8541152751906381235 -0.0002319937013471066924 19.44403497755263288 -4.751805002380957252e-05 0.0003005531697917501114 0.9999999537049122367 0.4913118836409216539
0.8530874256384980425 -0.5217679593469152222 0.0002020363046347071643 44.69194674949482504 0.5217679963059044246 0.8530873933651094143 -0.0002394048396660892629 20.51435722627388358 -4.744084983559072703e-05 0.0003096493362064420296 0.9999999509333257208 0.4911912234160211721
0.8520463327049067059 -0.5234663354767434829 0.0002062738502017249218 46.53905916710918689 0.5234663738217910645 0.8520462997256331716 -0.0002420825353002967824 21.5875395177302174 -4.903281315797354008e-05 0.0003142429607938803326 0.9999999494235709552 0.4910690619590908912
0.8565177211051188122 -0.5161175821053916035 0.0001867533419542435728 48.31558601460785951 0.5161176139934231522 0.8565176929258548899 -0.0002241270607855057426 22.64941372471523806 -4.428162489983859937e-05 0.0002883554885967119308 0.9999999574451238216 0.4910418675393674048
0.8596762694809416683 -0.5108391905756531903 0.0001818394222393848053 50.11224031323173733 0.5108392210046731607 0.859676242742478447 -0.0002189743059116508093 23.69978068034357932 -4.446237410444424317e-05 0.0002811377232230136917 0.9999999594923378865 0.4909317479070298695
0.8634036626427926686 -0.5045137051100776482 0.0001915550693789808232 51.95122407678694998 0.5045137389605054423 0.8634036340142033916 -0.0002279767337801980487 24.73658374402153726 -5.037195637731333136e-05 0.0002934781112123926593 0.9999999556666309131 0.4907909267568328349
0.8696950029177373809 -0.4935894646600466062 0.0002056179907117048461 53.76568615580573862 0.4935895040135448442 0.8696949707611731917 -0.0002436444488159439912 25.68709654429451206 -5.856459936153347119e-05 0.0003133872416755250105 0.9999999491793106765 0.4906203175851348575
0.8761117515676176692 -0.4821080371342838511 0.0001982369322291321499 55.53819438986383972 0.4821080741137879211 0.8761117221086510698 -0.0002350751805889891377 26.61741437285489909 -6.034606618805605447e-05 0.0003015237538311057661 0.9999999527208877081 0.4905144975545891461
0.8832048969120283033 -0.4689872828167087615 0.0001965427341911198903 57.31260328171012475 0.4689873195892623747 0.8832048685249846987 -0.0002329817074881968767 27.50831733966797898 -6.432204176992234468e-05 0.0002979466350375395314 0.9999999535452375188 0.4903773544522660455
0.8905002674908378824 -0.4549826693418146384 0.0002102369512893724815 59.08156291278715599 0.4549827121269022223 0.8905002347985018218 -0.0002519755822384394674 28.29985313925679691 -7.25715314707042991e-05 0.0003200385016714201456 0.9999999461543634949 0.4901791542128003387
0.8975209102763225255 -0.4409718536797895827 0.0001997027892636241359 60.84872361419353837 0.440971892706474855 0.8975208815333090007 -0.0002388655971988602668 29.11021946480131106 -7.390441828743717404e-05 0.0003024501851919611647 0.9999999515310098452 0.4900541417622855667
0.9072240185465421103 -0.4206477654895067197 0.0001938122311630397128 62.63233860858834134 0.4206478026273321458 0.9072239931221297571 -0.0002290208888232494566 29.89622721598662736 -7.94939811377215564e-05 0.0002892999402503625096 0.9999999549931245513 0.4899033622378718422
0.9164669913347752717 -0.4001102534061667937 0.0001972695376574771316 64.40113482791559818 0.4001102923841208248 0.9164669661350350882 -0.0002321933900984154075 30.60660261110229641 -8.788805853629517832e-05 0.0002917271500219301887 0.9999999535854782184 0.4896983836516421995
0.9266416458106656595 -0.3759457718129465831 0.0001921132515706986755 66.13650040763621973 0.3759458092958097297 0.9266416231840421958 -0.0002250733093803575192 31.2800834646592385 -9.340477626114390827e-05 0.0002807864736704634664 0.9999999562172507961 0.4895287013950178623
0.9368289104732591133 -0.3497878687202792825 0.0001984939379935347578 67.93296447681423444 0.3497879097349145816 0.9368288865121177089 -0.0002358007157359864685 31.8849899604766378 -0.0001034746251098814392 0.0002903357072775692121 0.9999999524990881294 0.4892970812872465824
0.9441129273562421931 -0.3296221206548834437 0.0001948744135942449981 69.68827464149522655 0.3296221605762863494 0.9441129053682608685 -0.0002305999887259492097 32.45068282577855001 -0.0001079725914935591584 0.0002819473556543443025 0.9999999544238028504 0.4891040896404802441
0.9487179733690147554 -0.3161236633023419285 0.0001910736234925847557 71.43523339337006917 0.3161237015770095304 0.948717953775490952 -0.0002224579240338358176 32.99704874767237328 -0.0001109507632241433768 0.0002714527319814667478 0.9999999570016701034 0.4889061677803023254
0.951278399731497637 -0.3083332104273493468 0.0001937887442955903248 73.24575324401448029 0.308333249699341394 0.9512783805228749445 -0.0002233424557771964921 33.54632298375123867 -0.0001154831464225594668 0.0002722123672076483779 0.9999999562820338639 0.4886727100348211006
0.9529130003528648585 -0.3032437559198024046 0.0001955923948108223749 74.99886309931842732 0.3032437965422365989 0.9529129797942843538 -0.0002297835092768955899 34.05121689503076965 -0.0001167021173627223052 0.0002782758736338788639 0.9999999544715757471 0.4884316594385649246
0.9501730808212063284 -0.3117227588345693468 0.0001952166352545398715 76.78076377919376228 0.3117227991239662765 0.9501730599646814879 -0.0002294033694652377134 34.57798525407260115 -0.0001139793364601653531 0.0002788263822926580096 0.9999999546322784205 0.4882158138802540348
0.9425612759270444174 -0.3340332337524035133 0.0001996845679123491677 78.64554575460746833 0.3340332749203361318 0.9425612543089986195 -0.0002304857367990816529 35.17295530425036532 -0.0001112250408008116291 0.0002839482203311416908 0.999999953501197969 0.4879853172281453655
0.9373378212105201168 -0.3484218271829942482 0.0001981741944411548448 80.36510881588998245 0.3484218676595411401 0.9373377986003591511 -0.0002312009996997067059 35.75324552595087368 -0.0001052006883949649151 0.000285761664269329474 0.9999999536365419273 0.4877771025596098764
0.9332460943241862594 -0.3592376508795062096 0.0001939625188968820027 82.06476737968114321 0.3592376897229557775 0.9332460713004366859 -0.0002295365903384748467 36.35639600443985131 -9.855657323596667943e-05 0.0002838927736192334511 0.9999999548457462195 0.4875987473985996523
0.9281052292967371109 -0.3723179386901981358 0.0001894301070735067796 83.87222185508217365 0.3723179746308062921 0.9281052091467212328 -0.0002156936893686035525 37.05852751253436139 -9.550443932994042741e-05 0.000270714674829011868 0.9999999587962323799 0.4874466009112631837
0.9226786802451441005 -0.3855697281671857102 0.0001942791663562071312 85.73591881199308773 0.3855697659284753609 0.9226786577175140058 -0.0002240462008377774687 37.79622318578830686 -9.287180768211033329e-05 0.0002816308255996811754 0.9999999560294515755 0.4872069294866277489
0.9170427400707765742 -0.3987888877319507586 0.0001894920269413867379 87.65190945087823593 0.3987889231426668957 0.9170427187598546581 -0.0002162185903615453304 38.61585416527569947 -8.754671241239397493e-05 0.0002738490099274692199 0.9999999586711454391 0.4870312406268432204
0.9143348917358797845 -0.404958843234194954 0.0002025907016058989718 89.59271926652526474 0.4049588849360584719 0.9143348623752506343 -0.000246898376517672082 39.39819694429122166 -8.525206032033793386e-05 0.000307788704983788877 0.9999999489990981649 0.4868288570247974456
0.9116181107348120261 -0.4110381752732275573 0.0001965975079985554544 91.54327826300664128 0.4110382138859419165 0.911618084538387552 -0.0002338166986078730743 40.23654003615687458 -8.311425452247315658e-05 0.0002939606255853136518 0.9999999533395843576 0.4866513915518494438
0.9072339101210956658 -0.4206264302879502703 0.0001961423880516882559 93.51673695080977211 0.4206264681154157636 0.9072338848361867214 -0.0002291899310389639195 41.11876288363648513 -8.154367814231914299e-05 0.0002904315572307685379 0.9999999545000682888 0.4864730966339820273
0.9061250485823163503 -0.423009879479617934 0.0001954394191716963191 95.42242766167652235 0.4230099168986202196 0.9061250236366336086 -0.0002274800326193672875 41.9909907331806167 -8.086624713414514685e-05 0.000288798168071265017 0.9999999550281328808 0.4863016138631177654
0.9071167417020870039 -0.4208790522836998726 0.0002006858148307426814 97.38486134164806174 0.420879092214596684 0.9071167139956869407 -0.0002385969754421364238 42.86335378716194811 -8.162498799296657634e-05 0.0003008997745093533872 0.9999999513983420796 0.4861011500129086005
0.9033880104122417043 -0.428824047749414794 0.0001967675063425422576 99.36806522102793338 0.4288240856537205992 0.9033879843729750725 -0.00023077265106834761 43.77901300355673442 -7.879653860389369911e-05 0.0002928558920998964644 0.9999999540132646914 0.4859292845210331779
0.9018761973910568441 -0.4319945450056489888 0.0001940799890503196407 101.3548367392784257 0.431994581825227264 0.9018761718048893261 -0.0002280491989155898624 44.7131132133196445 -7.652010762419412214e-05 0.0002895136480465065171 0.9999999551632591244 0.4857591507906651729
0.899114384897933272 -0.4377136956794758227 0.0002085340712440489287 103.388654858388918 0.4377137385151161908 0.8991143530298543185 -0.0002515811192327071111 45.63387132028326931 -7.737547508874758197e-05 0.0003174784312028593874 0.9999999466102391654 0.4855104767912480912
0.8985038339646505001 -0.4389656191535857843 0.0002134342179696993135 105.4200239233075962 0.4389656644211940573 0.8985037986512135477 -0.000263193525565716597 46.56732750298796475 -7.623854670075610128e-05 0.0003301706850967567417 0.9999999425874994685 0.4852933644235201127
0.8967294817408453245 -0.4425790261642687518 0.000205374085400845713 107.5203172664137838 0.4425790675020405684 0.8967294507801720771 -0.0002472139716873113214 47.56516007297839366 -7.475327196240918407e-05 0.0003125783279160494993 0.9999999483533670297 0.4851478001605647461
0.8941823076763538714 -0.4477029796362651526 0.0002065566089950981576 109.6489679185659583 0.4477030213462599439 0.8941822757974124958 -0.0002496586129380095253 48.57814507679688631 -7.29263538080293552e-05 0.0003157163325743305533 0.9999999475024705653 0.4849443132815742796
0.8938942105747609279 -0.4482779191903595306 0.0002178750080443219328 111.7408540288135868 0.4482779666850882916 0.8938941699252057616 -0.00027849711453504383 49.51093785118475665 -6.991309245893806803e-05 0.0003466155239422577311 0.9999999374849168898 0.4847459917323760914
0.8939450300253208859 -0.4481765679960736382 0.0002172430008977997316 113.9486839477236799 0.4481766159417995832 0.8939449858625935219 -0.0002884030452001823115 50.48965380439717876 -6.494780436889673926e-05 0.0003551797018802882195 0.999999934814578717 0.4846480025631421107
0.8938064632361145678 -0.4484528494157842826 0.0002193865183986838056 116.0171084497597604 0.4484528989558664858 0.8938064143991212296 -0.0003016608996469983183 51.35510222592302654 -6.08083873734090367e-05 0.000368010981977832431 0.9999999304351259166 0.4844516194570461232
0.8918382749235526097 -0.4523543377346805339 0.0002109887036768861353 118.0891582273073936 0.4523543830958290934 0.8918382311403858509 -0.0002856091949380522819 52.27671716705214067 -5.897123405065928057e-05 0.0003501588766078037518 0.9999999369555750972 0.4842914158411239511
0.8908722176383216951 -0.4542539516760325524 0.0001980634238602522936 120.2610679836034819 0.4542539906016951345 0.8908721842846271111 -0.0002515802159414426789 53.30598370070865144 -6.216788778636491981e-05 0.0003140969255704355984 0.999999948739136002 0.4841382911848841619
0.89078894047691215 -0.4544172377775235194 0.0001937444151586742913 122.3110919944107451 0.4544172747408585233 0.8907889099256385279 -0.0002416046695171076609 54.26279551752965347 -6.279604982726035955e-05 0.0003032595767060851811 0.9999999520451412494 0.4839635036007686186
0.8934445206319173716 -0.4491735234711187186 0.0001853849407351725129 124.2473686813583953 0.4491735571628417412 0.8934444942973557291 -0.0002261805784568662349 55.1813311543346714 -6.403682725927512876e-05 0.0002853498117700847001 0.9999999572373836632 0.4838124005439641828
0.8945269075147389559 -0.4470140675367544336 0.0001875062562497449375 126.2918731580076894 0.4470141020450569824 0.8945268807623271146 -0.0002284046966716273734 56.14288911269909477 -6.562927402282320874e-05 0.0002881320877408229879 0.9999999563363479727 0.4836430760902187265
0.8905701050310877998 -0.4548459692027304602 0.0001797976041841479295 128.2908498376634157 0.4548460002879881614 0.890570082038743438 -0.0002121361775627691245 57.12007670545258264 -6.363308182214586601e-05 0.0002707023590574914192 0.9999999613355309291 0.4835420100940884813
0.8902338623192544986 -0.4555037204880527102 0.0001760792921389086241 130.1666049869183155 0.4555037503447669778 0.8902338399878465536 -0.0002087212925877284691 58.04456902500917437 -6.16784190643767207e-05 0.000266015540375965471 0.9999999627157515336 0.4833930676908906321
0.8909230476361507112 -0.4541542579513595523 0.0001821471813266143844 132.0770424863767403 0.4541542901105838914 0.8909230230356183222 -0.0002186354483945022564 58.96252447932985064 -6.29848975974563012e-05 0.000277510283835958715 0.9999999595104714922 0.4832060396122917489
0.8898973486051207082 -0.4561608008345042764 0.0001809138808541822319 133.9177662491789533 0.4561608325583795254 0.889897324026131753 -0.0002180206604760030482 59.85324951377481284 -6.154229937011805216e-05 0.0002765418342105436817 0.9999999598685785918 0.4830515177475359634
0.8867550309283120935 -0.4622396342465712182 0.0001888310269810291816 135.7479500881762249 0.4622396688894291894 0.8867550026530367502 -0.0002318987624442080781 60.73586048499840473 -6.025405869709492366e-05 0.0002929225856512128945 0.9999999552829024196 0.4829003016158950889
0.8872116592204709606 -0.4613625860829794756 0.0001894948996087312708 137.5228035865829384 0.4613626210525424987 0.887211630515401195 -0.000233614990889111421 61.5961635491191899 -6.034086251186252463e-05 0.0002946918072450764765 0.9999999547578583003 0.482775583822302401
0.8855854896421144762 -0.4644763776170922065 0.0001875453903655049568 139.2420439538688299 0.464476411685375179 0.8855854618310327053 -0.000229746875712687036 62.44047839686830059 -5.937547454124383791e-05 0.0002905709093668686765 0.9999999560215486749 0.4826486492885196378
0.8848440988203255531 -0.465887205090436296 0.0001814334595289476045 140.8192860869706351 0.4658872367625280786 0.8848440735681646352 -0.0002193064183138490315 63.24603006168042185 -5.836826712452557084e-05 0.0002785795231946384823 0.999999959493296231 0.4825478516229055881
0.8860325840945417752 -0.4636229342849401136 0.0001863598760711203612 142.3606988814956367 0.4636229678927207831 0.8860325569453993966 -0.0002273265828882772756 64.00101582671814526 -5.972710010769079257e-05 0.0002878194785100949139 0.999999956796309486 0.4824142404652175253
0.8907226674616426365 -0.4545471299287544009 0.0001906456940071733731 143.8809283802119978 0.454547165536446085 0.8907226387242133114 -0.0002348812252129951338 64.71830041055994798 -6.304784883276214394e-05 0.0002958714912910671954 0.9999999542425134225 0.482272671645505413
0.8959490281569518766 -0.4441568478010622378 0.0001830253259484627092 145.3220519602610352 0.4441568807683310971 0.8959490027409212631 -0.0002230603678415441664 65.4051023465575696 -6.490756841001151672e-05 0.0002811426776628400811 0.9999999583729001218 0.4821853858499317025
0.9096600509482936081 -0.4153535352040185202 0.0001802900563166642735 146.6109340806917203 0.4153535679989874274 0.909660027185258846 -0.0002202136625775847581 65.96258843799633098 -7.25361342784239222e-05 0.000275203689685701088 0.999999959500718183 0.4820650593024307651
0.9233385995786292932 -0.3839867127657755619 0.0001869485004683726762 147.9480833367418029 0.3839867489542715395 0.9233385750060703057 -0.0002292062853587028951 66.47456936139244021 -8.460459396184623771e-05 0.0002834207574544510429 0.9999999562573672618 0.4819186479060589834
0.9396087886696995461 -0.3422503327492192882 0.000184363610760250585 149.1085208923249183 0.3422503688713480763 0.9396087666797567906 -0.0002249182185682349123 66.8719367763762591 -9.625132978072580936e-05 0.0002744336486877954075 0.9999999577109258686 0.4817989795380626106
0.9567577502339963402 -0.2908858384761172089 0.0001906396094037105882 150.2039982545789485 0.2908858787351312203 0.9567577278189804968 -0.0002362485655178557346 67.16066046947524626 -0.0001136745574559507542 0.0002814870163439931318 0.9999999539215760347 0.4816433917979783264
0.9739637448108475759 -0.2267037512453046744 0.0001815697373443373841 151.2851927151289431 0.2267037880124625204 0.9739637290154223859 -0.0002169456291065795109 67.40593394067849431 -0.0001276599505255073897 0.0002524597245893786404 0.9999999599835112107 0.4815277680251346948
0.9880147550357879505 -0.1543593521798136692 0.000185009277491880443 152.3810307521323466 0.1543593913320900346 0.9880147416995899157 -0.0002202137869185442974 67.5536530179603858 -0.0001487998360233581225 0.0002461323902022651737 0.9999999586387265937 0.4813398645319345581
0.9981812517692133513 -0.06028393759558458437 0.0001883790074514638912 153.3925595596799099 0.06028398067135043448 0.9981812399769217636 -0.0002320232399003396221 67.5768762128934668 -0.0001740491167286468087 0.0002429574844873616589 0.9999999553392816543 0.4811431544065448707
0.9989103523280579155 0.04666983912520211719 0.0001847433234608991681 154.3744354921327613 -0.04666979717436194747 0.9989103459807715524 -0.0002252254690513600212 67.50467479716598973 -0.0001950532535634896131 0.0002163581192081084361 0.9999999575716951306 0.4809544140022091741
0.9864934589333144155 0.1638005532838778255 0.0001850078728310598146 155.3268083459986997 -0.1638005099870355474 0.9864934568800403092 -0.0002290482213737929742 67.30815626436798027 -0.0002200272814088505399 0.0001956501882442124394 0.9999999566544984786 0.4807234836136460854
0.9579614970101014704 0.2868967340431100022 0.0001850507904652923957 156.2527915952618685 -0.2868966903593586637 0.9579615001229615512 -0.0002309658936481308864 67.00027425772593404 -0.0002435348933960684446 0.0001681659739045638334 0.9999999562054793234 0.4804799153606147399
0.9137206035256518755 0.4063429881776943198 0.000186155239446981715 157.1235149167551128 -0.4063429449047853415 0.9137206123598222707 -0.0002316832543848599353 66.58856621475979409 -0.0002642367452789624546 0.0001360508948169793296 0.9999999558345470385 0.4802268624681504949
0.853443006076462729 0.5211861487176649987 0.0001837559557221747858 157.850613545776838 -0.52118610707318902 0.8534430197237158344 -0.0002321227953758527431 66.09552828054368945 -0.0002778044234952696534 0.0001023325250500858695 0.9999999561763771583 0.4799760861785583033
0.7860275801311442656 0.6181914022870128589 0.0001827944937144379155 158.5686995272910167 -0.6181913610953455596 0.7860275979428019699 -0.0002373638250583877775 65.47661779703898333 -0.0002904177926765842102 7.357253615125389332e-05 0.9999999551222925609 0.4796899348166632215
0.714348256859102082 0.6997903501221454103 0.0001838491778555105191 159.2226324449605954 -0.6997903123203185194 0.71434827951378288 -0.0002331106219978909327 64.78409994490759516 -0.0002944609076762026148 3.786629288819293962e-05 0.9999999559294576734 0.4794234368698372939
0.6501249618749490589 0.7598272850775816822 0.0001755020226077003132 159.7982381990385647 -0.7598272465637936346 0.6501249850922837803 -0.000243187734559880981 64.00899033886918232 -0.0002988789259462988363 2.475119805481229042e-05 0.9999999550293816597 0.4791152018821470682
0.5936991630908536877 0.8046870627273741139 0.0001866189800135028523 160.3809028617025945 -0.8046870297802487526 0.5936991922735834759 -0.0002306498826372870503 63.16155986970108671 -0.0002963965142747488029 -1.323323043892425808e-05 0.9999999559869927612 0.4788423740855713984
0.5495557702552242851 0.8354570116172380656 0.0001926681444825625574 160.9336272257827432 -0.835456982236136958 0.5495558027513598454 -0.0002247163281919979595 62.2529619265666625 -0.000293622728818614836 -3.747179173395855296e-05 0.9999999561907777501 0.4785500429494848329
0.5246619990357359598 0.8513106053120735872 0.0002001330774346664159 161.4864586166229685 -0.851310578949496799 0.524662034273715383 -0.0002190038169730477015 61.3011140038361404 -0.0002914424995253109729 -5.547242560831474548e-05 0.9999999559920385028 0.4782505732626743389
0.5139278546376607748 0.8578333871977130709 0.0002000966322575383741 162.0763291929805803 -0.8578333614845812249 0.5139278901511491471 -0.0002182912839232116703 60.27375628879865843 -0.0002900927915260535089 -5.946359543847157622e-05 0.9999999561551253802 0.4778958593010309008
0.506034329598249788 0.8625133153744141135 0.0001951207801865836205 162.6747674754279558 -0.8625132881918666783 0.5060343642044875523 -0.0002234700123302134562 59.18209696509239137 -0.0002914836811664951038 -5.521076783846048567e-05 0.9999999559945160765 0.4775295205316595903
0.4997737791733014578 0.8661559504744956728 0.000197764232633431574 163.2865497795168039 -0.8661559246040707594 0.4997738145586864134 -0.0002203564376824647094 58.09232330700277913 -0.0002897004246505108216 -6.116629214449292688e-05 0.9999999561661730985 0.4771718679132531671
0.4965335012024790773 0.8680175373185687882 0.0001925960729678363736 163.9114855430589444 -0.8680175100966051049 0.4965335354256771305 -0.0002244228163647863999 56.9321498989999526 -0.0002904333493988808562 -5.574331695259704649e-05 0.99999995627057503 0.4767895664610735662
0.491873564683182829 0.8706666187215558184 0.0001881809357166318948 164.5587884033310786 -0.870666589998864815 0.4918735980349107639 -0.0002293865127121974751 55.71380718997667714 -0.0002922804133359741853 -5.101369190520275656e-05 0.9999999559848805619 0.4763884269426948981
0.4831290852869030705 0.8755491135383333123 0.0001916619721404135045 165.2232662168050581 -0.8755490860280986665 0.4831291198085480576 -0.0002270475965795003693 54.46073874034120621 -0.000291388801817159173 -5.811616688183810501e-05 0.9999999558575372038 0.4759928806170593552
0.476940751220053416 0.8789354261059292295 0.0001912168197285699827 165.8906944850774039 -0.8789353988802764972 0.4769407857916158622 -0.0002268168370549915823 53.16538396674782518 -0.0002905564535828461699 -5.988903906638447461e-05 0.9999999559951238126 0.4755721010354990175
0.476506743036833047 0.8791707973385012309 0.0001815209241860553044 166.5581951795627162 -0.8791707672219506442 0.4765067752325611861 -0.0002349937540678941094 51.81841982905785926 -0.0002930955963545696743 -4.761178179860099766e-05 0.999999955914043448 0.4751153552656105505
0.4723553240827310651 0.8814081983483802452 0.0001889370078802203991 167.266602912760419 -0.8814081706023757512 0.4723553582496270442 -0.0002287585455244972056 50.44779067543152706 -0.0002908750655114172097 -5.847530556687370931e-05 0.9999999559861662002 0.4746911140432577558
0.4630665164329751393 0.886323510550161564 0.0001897548396374723286 167.9870775283698663 -0.8863234831935116187 0.4630665511317728078 -0.0002288337357505212 49.00553412133437803 -0.0002906898391541970386 -6.221892956397290762e-05 0.999999955814109831 0.4742226655322432927
0.4505640973119387493 0.8927440603882823567 0.0001919821688764088347 168.7064742810808013 -0.8927440346316704023 0.4505641328093358822 -0.0002255162311692970433 47.54085835389022208 -0.0002878285553321954402 -6.978141889407914764e-05 0.9999999561426369254 0.4737568552703890212
0.4400858763420568698 0.8979556706382754161 0.0001871230648648016307 169.403013754842533 -0.8979556433680523364 0.4400859111220569164 -0.0002310358606498808301 46.04061932991161399 -0.0002898101856843329728 -6.63525928991306205e-05 0.9999999558036936076 0.4732695946706109713
0.4257709363867203112 0.9048309648182508713 0.0001866458714345802981 170.0759076588853986 -0.9048309381461628886 0.4257709714390235933 -0.000230771829867448499 44.55872360413465572 -0.0002882778914676211086 -7.062702085691896145e-05 0.9999999559538393923 0.4727996982187431252
0.4011563107155636243 0.9160095952988684953 0.0001889330943585026078 170.7026275232872194 -0.9160095703579138604 0.4011563469644692237 -0.0002287030064403867394 43.08784146930228331 -0.000285285858326643515 -8.131886827653989677e-05 0.9999999559996092247 0.4723527615110710287
0.3801488120940970661 0.9249253194633020314 0.0001846114513084028651 171.287710142252223 -0.9249252937426497567 0.3801488480450720409 -0.0002330821965321202378 41.57211785228935241 -0.0002857634556394978331 -8.214588069771310138e-05 0.9999999557956497087 0.4718869111375527114
0.3571466302188308628 0.9340483122295692997 0.0001869402551958062957 171.8541354097271778 -0.9340482880158097467 0.3571466673278614334 -0.0002316755685408240458 40.02613602840067131 -0.0002831612629129848214 -9.186907671849441548e-05 0.9999999556898847564 0.4714335448925005001
0.3337884466001924677 0.9426479919059902457 0.0001904575205178790122 172.3879706265857976 -0.9426479698881662372 0.3337884849562056111 -0.0002284263383619119733 38.45995727459802538 -0.0002788981563774729539 -0.0001032883224217199153 0.9999999557736690692 0.4709781567059261875
0.312374464904237148 0.9499590304683519504 0.0001846879880410868288 172.8617430520527591 -0.9499590078128651305 0.3123745024941377846 -0.0002316656410917735927 36.90375393391486369 -0.0002777646861853482938 -0.0001030795872017254154 0.9999999561106879264 0.4705172284017222761
0.2919255153137725323 0.9564410387074384623 0.0001816239453956865462 173.2929057130861565 -0.9564410158081312341 0.2919255528163677837 -0.0002342968220881594496 35.35401507670877663 -0.0002771117665481767373 -0.000105315370304865768 0.9999999560588697101 0.4700740891506641761
0.2796328782640550292 0.9601069858483999298 0.0001706490347036962278 173.6482889421950233 -0.9601069607216987656 0.279632913605102118 -0.0002400097839426638621 33.85238511983479981 -0.0002781541570134095104 -9.672669936403643161e-05 0.9999999566371041704 0.4696457681471983281
0.2856053457938632079 0.9583473048247177495 0.0001726018546128736697 174.0710503164638396 -0.9583472784800796118 0.2856053819283918549 -0.0002442244766417329439 32.15735696814910938 -0.0002833478875700905404 -9.56607015262744652e-05 0.9999999552815013182 0.4691923921665778208
0.2920000144704816281 0.9564182976273661874 0.0001775247637621798331 174.5064913910623261 -0.9564182725559787768 0.2920000514665004876 -0.0002405552555306571163 30.51492523866251716 -0.0002819086881350821045 -9.954578979743000818e-05 0.9999999553090623827 0.4687207864558327053
0.3113434492235838125 0.950297439714321901 0.0001808319635691976073 174.9617483131206086 -0.9502974155792194288 0.3113434861715231317 -0.0002357207065485749905 28.89265442901970005 -0.0002803056378696377592 -9.845404980367054935e-05 0.9999999558677736822 0.4682549147917097754
0.3375282742902673827 0.9413153733117310962 0.0001789521243032238999 175.4448191914195547 -0.9413153478980620381 0.3375283100550381388 -0.0002360617987557808392 27.32109106085510319 -0.0002826100083172628733 -8.877284958569137249e-05 0.9999999561254809821 0.4677863406490098686
0.3597174469377666939 0.9330612654462520084 0.000182468207498467683 175.9748462549912631 -0.9330612403186517856 0.3597174828430442783 -0.0002331401210582571219 25.76608303579813253 -0.0002831710206811409122 -8.638944288140327913e-05 0.9999999561755176236 0.4673363749453630089
0.381996143031387736 0.9241638982652554679 0.000189352957876610386 176.5732392230455901 -0.9241638738246603646 0.3819961800020675868 -0.0002297465070557480756 24.20788143488550404 -0.0002846555341544239033 -8.723088350117676269e-05 0.9999999556809987533 0.4668759126930185355
0.4037220386328534971 0.9148816748303316704 0.0001912694766824727787 177.2259160721363855 -0.914881649659663676 0.4037220755714709952 -0.000229814073859709912 22.6182568839684528 -0.0002874723949120699929 -8.220792795163807723e-05 0.9999999553007382636 0.4663875174349457753
0.4239247555470211926 0.9056973918307870131 0.0001899145618937707813 177.8904707743126323 -0.905697365650621089 0.4239247915507738385 -0.0002301399367951816835 21.09434202294272609 -0.0002889466315747715882 -7.444310195837572114e-05 0.9999999554840330873 0.4659072384567677916
0.4369610917344252665 0.899480387711194207 0.000190880620944118215 178.5885420528490783 -0.8994803611416177791 0.4369611276220695673 -0.0002299348314478137536 19.59581294077738178 -0.0002902292827079304459 -7.122079488454398203e-05 0.9999999553472797009 0.4654363738064011824
0.4466471131484066603 0.8947101884153546569 0.0001872543397074867295 179.3156364564139267 -0.8947101604849425627 0.4466471478572348608 -0.0002324612623546628654 18.05005766506319986 -0.0002916220765948503157 -6.371020858164289547e-05 0.9999999554487858378 0.4649359332474099493
0.4481225480187285837 0.89397211753694239 0.0001871522111794381399 180.0625571912565306 -0.8939720899272339816 0.4481225825678775143 -0.0002311407836043209837 16.49788597752920438 -0.0002905005479749216374 -6.372945646277155141e-05 0.9999999557739929212 0.4644404636633329697
0.4501847383828085913 0.892935421531439899 0.0001852131318037818003 180.8009069011302188 -0.8929353933606971605 0.4501847723812572033 -0.0002323834011736381335 14.93149170242456591 -0.0002908835018669976395 -6.076790004091503006e-05 0.9999999558470240579 0.4639416172238572389
0.4525697264948899678 0.8917289979854525761 0.0001918708775689206261 181.5561239544089744 -0.8917289709103135564 0.4525697621914115398 -0.0002297639550501664899 13.412131716077619 -0.0002917221388428834351 -6.711260990675433648e-05 0.9999999551970444323 0.4634681365978144951
0.4529266908447818762 0.8915477427788319753 0.000187266114455767813 182.2863330752410889 -0.8915477147027515148 0.4529267253393094994 -0.0002321291526112294259 11.88746840447028852 -0.000291772050031171952 -6.181918744349617538e-05 0.9999999555237282234 0.4629604059003464278
0.4501641719126771579 0.8929457900359419886 0.0001854332589517186409 183.0305119077924587 -0.8929457618904682592 0.4501642059734930479 -0.0002323452992520640321 10.33757717908481233 -0.0002909471725788492736 -6.098831345886639323e-05 0.9999999558150829415 0.4624625778400348608
0.4484691530030728845 0.8937982913693964804 0.0001820771442804227313 183.7646889254558289 -0.8937982623608828892 0.448469186288662891 -0.0002348456593352149437 8.769986910270930025 -0.000291560637786539192 -5.741920124496151853e-05 0.9999999558477137285 0.4619443668571442396
0.4441726395206764266 0.8959411987387282394 0.0001862956753485652699 184.4717228765371431 -0.8959411711780554954 0.4441726739536367985 -0.0002313075947852949769 7.281031125411533189 -0.0002899854520148800979 -6.416946064023689377e-05 0.9999999558953579504 0.4614916842775674821
0.4455685771949865481 0.8952477904099834793 0.0001917934047331889917 185.2273633753651723 -0.8952477634955857688 0.4455686131071993072 -0.0002301567100182036246 5.718523051720652006 -0.0002915044074419029631 -6.91520188259010614e-05 0.9999999551215881244 0.4610006917491009659
0.4516886311167420121 0.8921756244536866998 0.0001888194654764578976 185.9542549929528263 -0.8921755965033923985 0.4516886661081650489 -0.0002321970607365955079 4.200007459297773416 -0.0002924481701553007678 -6.357934672946672109e-05 0.9999999552158659322 0.4604949585586162741
0.4601090998715159364 0.8878623662084239587 0.0001867844595860896771 186.6556718326711461 -0.8878623379143634198 0.4601091339797158675 -0.0002318273261741796674 2.764177249609789833 -0.0002917719943098042736 -5.917302460255440683e-05 0.9999999556838270465 0.4600263374989317922
0.4848604865791040219 0.8745914910301952894 0.000179928004998377352 187.3645833445705193 -0.8745914601210950101 0.4848605180807240012 -0.0002364148382260023655 1.350399451524780803 -0.0002940063915864861411 -4.2735283111426897e-05 0.9999999558669675492 0.4595570148336741156
0.5157217008350947207 0.8567561466570368101 0.0001801537558133432348 188.0849877634893801 -0.8567561150827038841 0.5157217312339388293 -0.0002349546641059249567 0.03403407178505236941 -0.0002942080594948443396 -3.317661295635201854e-05 0.9999999561704638884 0.4591119603052493114
0.5551353856641172424 0.8317599838443340277 0.0001812761912887630859 188.8946693452509749 -0.8317599505520173464 0.5551354149126294102 -0.0002361561370123953598 -1.308012639475594652 -0.0002970580583710390687 -1.967964770527540615e-05 0.9999999556846095317 0.4586493629926932103
0.5963523818970480894 0.8027227424543587064 0.0001880279324411610205 189.7437819080151655 -0.8027227097580525994 0.5963524113739141486 -0.0002295418041604562051 -2.53273837182662076 -0.0002963893374605405611 -1.404648978333896818e-05 0.9999999559780271552 0.4582221371118477271
0.6447249974183012489 0.7644145754884138499 0.0001857069519934972446 190.6322005046967263 -0.764414539977376295 0.644725024109636613 -0.0002331528191773752181 -3.688586338154967947 -0.0002979553323967348952 8.362356463492938354e-06 0.999999955576344246 0.4577746420880989819
0.6959214920728902243 0.7181178471739524394 0.0001855896618860410129 191.597395670945275 -0.7181178098367452245 0.6959215162090146567 -0.0002333984890925201229 -4.776335474721285834 -0.0002967634594132259043 2.915178325487893026e-05 0.9999999555408101148 0.457341694616893113
0.7468434976541470371 0.6649998141428425935 0.0001928832224444662516 192.6335936934307824 -0.6649997772848219579 0.746843521504813479 -0.0002249436797065702343 -5.738141481763865848 -0.0002936410902870978151 3.97304245597002631e-05 0.999999956098200582 0.456948296486756389
0.8015226981443710486 0.5979643197044092195 0.0001916299636508066032 193.7620061213794713 -0.5979642795562469804 0.801522718019865632 -0.0002299457717960955475 -6.657964112671026946 -0.0002910951363204002302 6.97188822810519541e-05 0.9999999552014482429 0.456508857865048967
