0.9999727208254474142 0.007386311999347235611 0 -0 -0.007386311999347235611 0.9999727208254474142 -0 0 -0 0 1 0.4949999999999998845
0.9999860715302215652 0.005277880030062315035 2.702175844166319684e-05 0.03302353659272350139 -0.005277879452771905983 0.9999860716695743168 -2.139082973907918892e-05 -0.0004991348425754402272 -2.713428030679000127e-05 2.124791421389571626e-05 0.9999999994061282704 0.494990234237828397
0.9999862533050328794 0.005243360484576051021 1.933969600810167997e-05 0.2673703639392325249 -0.005243359842108867401 0.999986252946856613 -3.312256215016422657e-05 -0.003480564403934638569 -1.951310367779948062e-05 3.302070183899805019e-05 0.9999999992644358349 0.494966310176757851
0.9999868982049157085 0.00511890949833027336 1.364887699041001101e-05 0.623166413895534177 -0.005118909254266369724 0.9999868981398742918 -1.785698141705868765e-05 -0.002479855289881408801 -1.374010643652001556e-05 1.778688009581085386e-05 0.9999999997474179336 0.494958086455724533
0.999988871235473864 0.004717761760423551387 1.146330265495688602e-05 1.04637825713320165 -0.004717761623820800575 0.9999888712308444561 -1.191448683672991891e-05 0.003907755663269976004 -1.151938479290091788e-05 1.186027311386401507e-05 0.9999999998633186671 0.4949424892227191064
0.9999935970483115888 0.003578508281687684672 1.196200888839210261e-05 1.545740960281645648 -0.003578508022845481792 0.9999935968877067261 -2.159050381186917498e-05 -0.001861102457592825939 -1.203919409100284828e-05 2.154755942413969812e-05 0.9999999996953800041 0.4949146635224591639
0.99999799853419713 -0.002000690950690222573 1.286671060236502812e-05 2.187915463562562834 0.00200069128390213723 0.9999979982799500622 -2.593669090272764156e-05 -0.0079699139825200431 -1.281479354403248116e-05 2.596238130708242211e-05 0.9999999995808677156 0.4948911225421201987
0.999941555091952039 -0.0108113944705714015 1.233381317728701226e-05 2.944781374245510008 0.01081139474860696309 0.9999415549072812048 -2.270310387421410009e-05 0.0001860667297983686593 -1.208764011474180407e-05 2.283512271641099134e-05 0.9999999996662228829 0.4948778270673292456
0.9998188603226775273 -0.01903277156586035898 1.232139776361390908e-05 3.758598266156918388 0.01903277191035166599 0.9998188599866174586 -2.847282769461458618e-05 0.00129051053585915146 -1.177724904011243144e-05 2.870218048904510036e-05 0.9999999995187404123 0.4948476438962168267
0.9996361610371443662 -0.0269730493474274087 1.257196283715923526e-05 4.634219137581943038 0.02697304972105538795 0.9996361606389080334 -3.056274211110739829e-05 0.01067137206605137459 -1.174301831107722578e-05 3.089072637341366503e-05 0.9999999994539320314 0.4948320280815517447
0.9994787627533714414 -0.03228316398082461958 1.142844584862277082e-05 5.588746277357881098 0.03228316424838361537 0.9994787625205437953 -2.405715862568095009e-05 0.03858794958159157684 -1.064584771748894382e-05 2.441356553299206048e-05 0.9999999996453216022 0.4948307445600027554
0.9992581774156793495 -0.03851096886796028657 1.212345010872954346e-05 6.638519151682663377 0.03851096918571766947 0.9992581771076179953 -2.716927809003802415e-05 0.06778201342128846452 -1.106814143321379177e-05 2.76160091195130378e-05 0.9999999995574259115 0.4948075315329068524
0.9990773876805094655 -0.04294616702418844328 1.28705894724889235e-05 7.70866421483490516 0.04294616741618894479 0.999077387237004233 -3.190884655934017963e-05 0.09434214175156148408 -1.148835224848773384e-05 3.243214955463434622e-05 0.9999999994080864818 0.4947846413525800457
0.9989371430116550377 -0.04609321174997020598 1.202152900359771079e-05 8.813488453047799709 0.04609321212343010093 0.9989371425250176406 -3.289877911312064031e-05 0.130581922829164282 -1.049234143965890733e-05 3.341792330224306699e-05 0.9999999993865763548 0.4947726831975711725
0.9988244445371724511 -0.04847400164047235838 1.273581429173241368e-05 9.974142381853825512 0.04847400205635985643 0.9988244439962916665 -3.46752251656741266e-05 0.1682700014597815208 -1.103999570721498793e-05 3.525181840347270889e-05 0.9999999993177136615 0.4947572837041371296
0.9987767845169233105 -0.04944627923551342397 1.349191522701376917e-05 11.18604074427066131 0.04944627973742913435 0.9987767837893242184 -3.982227845814019865e-05 0.2003373358140486393 -1.150634819715950359e-05 4.044069224506739957e-05 0.9999999991160769541 0.4947347191372625796
0.9987067156339125562 -0.0508418723070121828 1.304887416723950334e-05 12.43974672338816845 0.05084187277629008406 0.9987067149500563623 -3.858106782910290507e-05 0.2404126911228103847 -1.107046452932492576e-05 3.919460073753720054e-05 0.9999999991706137736 0.4947252724210289831
0.9986031716858687624 -0.05283659093160342907 1.264445230096483574e-05 13.72979440573520904 0.05283659134383415085 0.9986031711358416274 -3.485453014660252975e-05 0.2866714803622454344 -1.078519561355008666e-05 3.547393411101070723e-05 0.9999999993126396092 0.4947188213954484826
0.9983984294931989023 -0.05657363185315779364 1.291084185561120628e-05 15.0623223494201941 0.05657363224786356171 0.9983984290225718095 -3.258491460126218238e-05 0.3405616538727762044 -1.104671726338266756e-05 3.326314078221985585e-05 0.9999999993857665581 0.4947092152958760258
0.9981212364307686657 -0.06126987184991077723 1.384346066663069558e-05 16.48056475114122321 0.06126987232444312814 0.9981212358139205376 -3.694415785464050944e-05 0.3956140849785226288 -1.155388825116207751e-05 3.772293558434022055e-05 0.9999999992217436517 0.4946942697206699879
0.9977972229515447156 -0.06633778451643240759 1.476039046079229585e-05 17.96829858147167513 0.06633778511784410581 0.9977972220113767721 -4.488062589991641282e-05 0.4556364048836458736 -1.175059530767046788e-05 4.576093549790729805e-05 0.9999999988839298748 0.4946717821836252305
0.9977805168046882667 -0.06658858830562919273 1.395224782018853201e-05 19.46455643522947199 0.06658858885460067212 0.997780515917704891 -4.349234641792533397e-05 0.5220499303776670041 -1.102518707817032292e-05 4.432487637962211578e-05 0.9999999989568750802 0.4946590133588501526
0.9973084762069470699 -0.07331986844955695748 1.336224315834179453e-05 20.97010467570778047 0.07331986890809044644 0.9973084755441191662 -3.78602430809013888e-05 0.603425701020990024 -1.05503703119357658e-05 3.873805925252602286e-05 0.9999999991940260458 0.4946525389949055218
0.9969048491549279412 -0.07861756530618428662 1.260756617906005763e-05 22.4920420186530805 0.07861756564723222651 0.996904848776352881 -2.932802211053290505e-05 0.7007888152620422861 -1.02628461615977201e-05 3.022842361984727218e-05 0.9999999994904579248 0.4946434219691776546
0.9965715615429884267 -0.08273525580681898028 1.313706476253716018e-05 24.04472165007223694 0.0827352562036939021 0.9965715610414279668 -3.32654972068543501e-05 0.7988578203663957433 -1.033979571695391136e-05 3.423834691583178179e-05 0.9999999993604118398 0.4946206129672555685
0.9963332995873840359 -0.08555674103213938009 1.412474072309632297e-05 25.67325965220764061 0.08555674147391068018 0.9963332990564892633 -3.437748304353741989e-05 0.9082297558988687847 -1.113172410886743995e-05 3.545989790270894556e-05 0.9999999993093399153 0.4946033312868757248
0.9963577603374380587 -0.08527140912441767695 1.426649961514453907e-05 27.23748632826088212 0.08527140966731368288 0.9963577594577407437 -4.317328585669844812e-05 1.003800665026455041 -1.053309067031814413e-05 4.423256293578963687e-05 0.9999999989662670119 0.4945737922796387687
0.9965064462737712736 -0.08351588093664197299 1.297800266796283561e-05 28.80313577249323842 0.08351588136735084433 0.9965064456264431936 -3.723734181780712798e-05 1.110234455532770115 -9.822753904329084869e-06 3.819112049474744067e-05 0.9999999992224757328 0.4945656577130270737
0.9965052305724716453 -0.08353038531615163131 1.314811780981368787e-05 30.41726476153345615 0.08353038568085453808 0.9965052301713396288 -3.018949451221391813e-05 1.226087537071448352 -1.05804280552832192e-05 3.118225654139115157e-05 0.9999999994578604445 0.4945513429948729667
0.9967758444264974704 -0.0802366237826859785 1.319209094143161955e-05 32.10216816068007262 0.08023662401123800303 0.9967758443361305343 -1.781869567514899209e-05 1.355885223557605102 -1.171984560551943295e-05 1.881973426896511929e-05 0.9999999997542311503 0.494535752413685914
0.9968968180320350037 -0.07871933669167537062 1.518745197427568246e-05 33.78987082194275615 0.07871933719817500452 0.9968968174477474964 -3.627485299836229096e-05 1.451605920242204917 -1.228479017167681122e-05 3.73578316817913084e-05 0.99999999922673799 0.4945029330960961644
0.9970435572776481514 -0.0768384327868341932 1.184183152131839985e-05 35.47385385184784212 0.07683843302818074705 0.9970435570978329887 -2.148736225596212807e-05 1.574622781483063783 -1.015576658209744726e-05 2.233374387847977076e-05 0.9999999996990319717 0.494493482334597112
0.9970730574396831081 -0.07645467885855146417 1.451726354984768656e-05 37.21433961022977854 0.07645467931809626916 0.9970730569202230775 -3.429812059502401398e-05 1.675244123262635165 -1.185252055021876386e-05 3.530764469539544301e-05 0.9999999993064437875 0.4944611127541010398
0.9970641456861150109 -0.07657081094585820036 1.733620467092884058e-05 38.99189093193000133 0.07657081167273696587 0.997064144715663514 -4.609157603096410117e-05 1.771245690429953834 -1.375603872837181948e-05 4.728370514161754889e-05 0.9999999987875111129 0.4944216197239155175
0.9970495252983683221 -0.07676095291055090586 1.458749448646527625e-05 40.76292994838044592 0.07676095334952209859 0.9970495248452453385 -3.23878898300874351e-05 1.890900851988365217 -1.205832916029336746e-05 3.341208016426651243e-05 0.999999999369114545 0.4944257603655164424
0.9971466225676610673 -0.07548915693663568738 1.700397282563098126e-05 42.60116064799093039 0.07548915761175048478 0.9971466217188734715 -4.33582596825719959e-05 1.990618993268775005 -1.368237558920035625e-05 4.451815778754824839e-05 0.9999999989154628732 0.4943814313678477901
0.9970349205686559468 -0.07695041829380987186 1.712583227394240046e-05 44.37006695796628009 0.07695041903408136874 0.9970349195102486961 -4.785293838639177966e-05 2.090997174877529119 -1.339274917737544195e-05 4.902889059284018948e-05 0.999999998708400839 0.4943547544173449437
0.9971016886090282583 -0.07608036647944163566 2.028819509707556921e-05 46.14859727888404706 0.07608036760367078988 0.997101686799757192 -6.203709954966800421e-05 2.179047620627625026 -1.550958828435628745e-05 6.340083005838087168e-05 0.9999999978698934644 0.494317063878194185
0.9969255399802996465 -0.07835475335461322688 1.907768739718601036e-05 47.98440849369868744 0.0783547543162321225 0.996925538494554897 -5.635261603949256245e-05 2.285932579502456541 -1.460353845100875817e-05 5.767418968340203228e-05 0.9999999982302120172 0.4943054986193228251
0.9962666792937688864 -0.08632904104542035717 2.008425675318287892e-05 49.8453136207446974 0.08632904211441103093 0.9962666775706588984 -6.043311499915955714e-05 2.397970727844316308 -1.47921428817044877e-05 6.194135344667334577e-05 0.9999999979722303811 0.4942771037355439545
0.9960381920973349068 -0.08892648379002540682 1.914281450835051031e-05 51.60629617301788841 0.0889264848390238366 0.9960381901575963148 -6.359235320639029354e-05 2.504724526928167272 -1.341192995084236821e-05 6.504271572306123987e-05 0.9999999977947824359 0.494245811213941344
0.996179226397290507 -0.08733240262594220427 1.866303299393135551e-05 53.38701639082778883 0.08733240362711798543 0.9961792245496173814 -6.208595435980514461e-05 2.615734592783241386 -1.316961017207211991e-05 6.347862551462041085e-05 0.9999999978985124605 0.4942290534018556891
0.9965777661923769237 -0.08266048397477335219 1.795274285731756367e-05 55.15693547100567429 0.08266048482462426406 0.9965777648569256186 -5.332508623845006487e-05 2.727506085070666053 -1.34834269133298008e-05 5.462657775404813703e-05 0.9999999984170668821 0.4942158098369709429
0.9971383958915449597 -0.0755977457869658892 1.652265978185578609e-05 56.93209882140205025 0.07559774642942750089 0.9971383950733256896 -4.251607521012689474e-05 2.834730480693381072 -1.326125901162752018e-05 4.364348687915867571e-05 0.9999999989596922711 0.4942044383094104099
0.9976820454059164289 -0.0680480419699593525 1.615406873805070757e-05 58.66319479443611584 0.06804804260575238184 0.9976820445770715473 -4.27583021019599434e-05 2.918803626495835246 -1.320700559081860576e-05 4.375844305691063463e-05 0.9999999989553866042 0.4941765048851365361
0.9981584059186786595 -0.06066132455372232751 1.998756678239694914e-05 60.44816904002814084 0.06066132563077078488 0.998158404333298499 -5.859823886476525818e-05 2.978831505040572925 -1.639611097997055464e-05 5.970279699204980855e-05 0.9999999980833715885 0.4941278293911599007
0.9985999085069301451 -0.05289822569542160235 2.122403397373668816e-05 62.27533159175803945 0.0528982269220898832 0.9985999067345542324 -6.213269146020850193e-05 3.035747407075862991 -1.790760921077830345e-05 6.31684137727984296e-05 0.9999999978445343052 0.4940945475459371794
0.9990272975905101216 -0.0440960116411062697 2.070223311686295381e-05 64.09065605407209887 0.04409601283875211331 0.9990272958604186071 -6.147988908565284974e-05 3.075394600656560229 -1.797107806419672999e-05 6.233297338671610452e-05 0.9999999978958201696 0.4940651778115510706
0.9994346462967510503 -0.0336212327639813513 2.216643597437298113e-05 65.93626394557243486 0.0336212342267321676 0.9994346440909012141 -6.929788848185960146e-05 3.089373206238451797 -1.98240236101100543e-05 7.000397359984535724e-05 0.9999999973532256448 0.494021451973710557
0.9997606359182548141 -0.02187853557012695016 2.349182485869321629e-05 67.74815109733877705 0.02187853731054922521 0.9997606332233387461 -7.657840494168845506e-05 3.077444492899712003 -2.181077833987863905e-05 7.707404158877188317e-05 0.9999999967919408483 0.4939810533993174158
0.9999817899911485064 -0.006034830142263701395 2.266020644980053285e-05 69.54661767117801219 0.006034831895770334693 0.9999817871852265672 -7.812850021817788172e-05 3.040477775564085938 -2.218830151557097592e-05 7.826382803414544745e-05 0.9999999966912259675 0.4939476875933636602
0.9998378878494895705 0.01800548599348660017 2.229445055852639812e-05 71.37386579134927445 -0.0180054842572018696 0.9998378852579955511 -7.577410897176994507e-05 2.965901441434978913 -2.365518595718579657e-05 7.536040268945710734e-05 0.9999999968806206896 0.4939062238395794946
0.9989820300163383404 0.04510990239363826815 2.031513268947772997e-05 73.23287135566744155 -0.04510990113035978633 0.9989820285461514793 -5.885624825683125739e-05 2.862459435864375124 -2.294945207844020752e-05 5.787992073568235782e-05 0.9999999980616184336 0.4938840488411271323
0.996810079628973722 0.07981017973060923476 1.907037786533732245e-05 75.06814546322475223 -0.07981017880083018934 0.9968100788539570045 -4.535614796107249582e-05 2.705412662687294745 -2.262942718438299702e-05 4.368945519350821328e-05 0.9999999987895700215 0.4938478843564259591
0.9925553428861400018 0.1217944618434147336 1.935672401958865962e-05 76.90203691972965316 -0.121794460957951059 0.9925553423054609414 -4.175025654065236719e-05 2.470500346044035567 -2.429756986236841215e-05 3.908189842841390006e-05 0.9999999989411164636 0.4937964529563073079
0.9870148676913076402 0.1606289220040825749 1.934811142518649604e-05 78.71060258295953815 -0.1606289213143600736 0.9870148674386078902 -3.308723295680909973e-05 2.172864054782537302 -2.441164019546805981e-05 2.954972459143866663e-05 0.9999999992654425851 0.4937513095751850933
0.9790820472501433613 0.2034658309350811101 1.99147551910067916e-05 80.49799746907680742 -0.2034658302672686936 0.9790820470933714326 -3.123038091494880484e-05 1.794618128339430907 -2.585249468305344408e-05 2.652513308310228875e-05 0.999999999314032717 0.4936963179066847784
0.9680854826849631944 0.2506202261218953287 2.180514627487334324e-05 82.24103701599177896 -0.2506202255507698484 0.9680854827320050093 -2.589700187580958954e-05 1.349997853147421933 -2.759955802354728988e-05 1.960570088346024731e-05 0.9999999994269401782 0.4936460227382841737
0.9527996705736180294 0.3035997154347836458 2.334428906810162447e-05 83.97408452648696198 -0.3035997148677334612 0.9527996707133188359 -2.496106402578021901e-05 0.8088285744083978379 -2.982060287230005107e-05 1.669557407606478389e-05 0.9999999994159944894 0.4935838902160060715
0.933745984755463998 0.3579363566586375445 2.317804988131267696e-05 85.69772417279422427 -0.3579363559266561245 0.9337459848240453608 -3.054754207085973389e-05 0.1574528733610749687 -3.257648692644714864e-05 2.022737804081057458e-05 0.9999999992648126446 0.4935133204725103417
0.9110544272184197823 0.4122861022363746297 2.346672614783768278e-05 87.41536512387793323 -0.4122861015159205444 0.9110544273458387465 -3.020898083523977214e-05 -0.6009388364519827608 -3.383420771339423614e-05 1.784702069286787723e-05 0.9999999992683649142 0.4934503551038761926
0.8826911106107915295 0.4699536176440097246 2.267659123774021124e-05 89.03468298806843961 -0.4699536169102419558 0.882691110739958873 -3.123894791048074156e-05 -1.445403259002674634 -3.469728208936013423e-05 1.69173955540438117e-05 0.9999999992549499783 0.493380646405277401
0.8483730286631101514 0.5293989078959041583 2.361860616992162706e-05 90.55183127864171411 -0.5293989072618408009 0.848373028912985605 -2.837618812402739729e-05 -2.366645731425840449 -3.505971145818817747e-05 1.156992836329102405e-05 0.9999999993184764957 0.4933234998516752845
0.8081873448440767271 0.5889254752779427005 1.430954903615144056e-05 92.00120948220370565 -0.5889254740861038506 0.8081873443860929651 -4.846488422338652229e-05 -3.427183589204838565 -4.010700141043820033e-05 3.07414481486005005e-05 0.9999999987231956711 0.4932236382983676837
0.7620159846381872049 0.6475582129456254332 2.189676987519353626e-06 93.39698593989548669 -0.6475582112351627728 0.7620159828627209864 -7.01848288425958118e-05 -4.631452441367457595 -4.711733120300238452e-05 5.206401814393246403e-05 0.9999999975346474113 0.4931130731708298631
0.7109640614949842563 0.7032283436130314369 2.015211770617233245e-06 94.68696633436776722 -0.7032283418356358728 0.7109640598961071145 -6.911858834430424929e-05 -5.909917214269643893 -5.003889353622451442e-05 4.772367826216761879e-05 0.9999999976092796006 0.4930357095138921397
0.6559037120847340807 0.7548445670965273635 7.450176837844042273e-07 95.8903903272831144 -0.7548445652845537923 0.6559037105780184396 -6.864832640230325426e-05 -7.298687498148356489 -5.230747608828814269e-05 4.446431956602962381e-05 0.999999997643425842 0.4929623631123529193
0.5976951680348790985 0.8017234473987686627 1.011886037548549403e-06 96.94547776534754746 -0.8017234456576064483 0.5976951668190652045 -6.516331276315901247e-05 -8.726010502149202708 -5.2847755146418511e-05 3.813654441104947362e-05 0.9999999978763591812 0.492880338032576637
0.538820619247320276 0.8424205246002487435 2.899776730515705673e-06 97.8682588071594779 -0.8424205229043604248 0.5388206183749659761 -6.169113270017959646e-05 -10.19205247850579177 -5.353233586355466859e-05 3.079762289395245175e-05 0.9999999980928975241 0.4927914671943901537
0.4780887616130934936 0.8783115255929717646 -5.660182586255413225e-06 98.68701452513013805 -0.8783115235929629394 0.4780887600677018456 -7.087289937292318989e-05 -11.75031136254497888 -5.954241469700969643e-05 3.885494028427860486e-05 0.9999999974724970153 0.4926756427932302285
0.4291525641250069079 0.9032320169157945777 -1.803857331635083739e-05 99.41810829571707586 -0.903232014849565501 0.4291525615636119784 -7.909751670573464128e-05 -13.3839054790871721 -6.37021096014864772e-05 5.023791903172576223e-05 0.9999999967090962283 0.4925603608683824519
0.4011290844292421109 0.9160215371975398702 -3.189744065314352098e-05 100.0640751247353677 -0.9160215349993445777 0.4011290802802822686 -9.150503742064389364e-05 -15.01811560709307614 -7.102559400688627286e-05 6.592407443084946498e-05 0.9999999953046905254 0.4924416206237655635
0.3825207697908249438 0.9239468925345983852 -2.136647773708962237e-05 100.6907162367915447 -0.9239468903897112284 0.3825207670342661292 -8.080180797041319133e-05 -16.66079719084708444 -6.648345793262853737e-05 5.064986044909783249e-05 0.999999996507270561 0.492360891373622156
0.3747623767205308098 0.9271208987304844218 -1.158406265387746231e-05 101.2965545138929002 -0.9271208966640556159 0.374762374978024726 -7.260785552134700713e-05 -18.28576234349791463 -6.297498943378304409e-05 3.795051905843639027e-05 0.9999999972969542128 0.4922653246523679416
0.3688787163224004906 0.9294775374617963992 -7.249407046525156338e-07 101.9011310152404235 -0.9294775355077535828 0.3688787154961040149 -6.513531669756290117e-05 -19.91612944746336566 -6.027439856990194896e-05 2.470084811019970171e-05 0.9999999978784323007 0.492172341671206437
0.3668694074589984311 0.9302724535360024083 8.063635863160687592e-06 102.5274510604016029 -0.9302724517410020377 0.3668694072672319395 -5.954332459482750682e-05 -21.59073103546116101 -5.834981597205734399e-05 1.434324590787400918e-05 0.9999999981947849115 0.4920767667190003025
0.3704477574135343065 0.9288533030428411941 2.135227917653301449e-05 103.162026004521195 -0.9288533014938714638 0.3704477580288954575 -5.364263836173262766e-05 -23.25405297076258648 -5.773604577598171004e-05 3.866007530753905904e-08 0.9999999983332736875 0.4919756659825755829
0.3763896357014555605 0.926461461921186058 4.139585630555786663e-05 103.8291105921921371 -0.9264614611849288917 0.3763896373265218642 -4.30642348428644743e-05 -24.91845664658625736 -5.547832531070724551e-05 -2.214273385558080824e-05 0.9999999982159271106 0.4918866804512450619
0.3863675739807014287 0.9223448901230635322 3.797859715685180716e-05 104.5171345627489643 -0.9223448891487634471 0.386367575458475998 -4.580094769792398358e-05 -26.60673532367820115 -5.691796857478088992e-05 -1.733336393659813779e-05 0.9999999982299494494 0.4917708224415090479
0.3993964249294143509 0.9167783237813913466 2.82916535528997334e-05 105.2242514758874279 -0.9167783223583104713 0.3993964258946599011 -5.136814064989929309e-05 -28.31291942285344732 -5.839278319245955456e-05 -5.420922950128855396e-06 0.9999999982804481657 0.4916548473342564618
0.4160665358441820172 0.9093341725584772606 1.92417235639742742e-05 105.9637594921943275 -0.9093341708120248335 0.416066536244576235 -5.668580678514981283e-05 -30.02664449287165382 -5.955217848342235227e-05 6.087910518589165642e-06 0.9999999982082374839 0.4915378563618031382
0.4326939049772722812 0.9015408944479045283 1.535656255243433326e-05 106.7622227298068225 -0.9015408926131398548 0.4326939050959286992 -5.866319879938576397e-05 -31.77684845408767345 -5.953196373643621179e-05 1.153863945597309392e-05 0.9999999981614022815 0.4914211874863976814
0.448170826152357038 0.893947934957707635 1.315280512297458535e-05 107.5965247177808237 -0.8939479331018570507 0.4481708260973906732 -5.950069457982348981e-05 -33.52374332086351671 -5.908522658564401345e-05 1.490855249230391448e-05 0.9999999981433354002 0.4913136335242930808
0.4622478997665476208 0.8867507423983832515 4.423146866865268314e-06 108.4188154637512156 -0.8867507404907648549 0.462247899088764902 -6.34770467186616022e-05 -35.22185673958143326 -5.833290864959958294e-05 2.541990276959217314e-05 0.9999999979755498369 0.4912004256789355705
0.47741884923877842 0.8786758460181797181 -4.241353126318300756e-06 109.2565165523156452 -0.8786758441402140463 0.4774188478908357736 -6.786237454899836526e-05 -36.90471418694120587 -5.760412744657866015e-05 3.612555130235823388e-05 0.9999999976883542363 0.4910795336105300835
0.4916088695834365807 0.8708161225791326565 -2.318017325941901204e-06 110.13478899453834 -0.8708161206987266034 0.4916088683433174622 -6.707947552840023888e-05 -38.57254160975158186 -5.727433090987682566e-05 3.499543199225580944e-05 0.9999999977474851587 0.4909802049041832595
0.5055716733667485752 0.8627846099056190043 -1.177794397713445557e-06 111.0102576355892836 -0.8627846081146260948 0.5055716722283479791 -6.513797490973404717e-05 -40.18693409873176137 -5.560458278934373919e-05 3.394809785270631929e-05 0.9999999978778283394 0.4908821551280368456
0.5226296782858430579 0.8525598039848459875 2.527821780238751468e-06 111.9250606638282335 -0.8525598022078850757 0.5226296773835826803 -6.308261683559740127e-05 -41.78683016551339335 -5.510281812569744602e-05 3.081372850524024122e-05 0.9999999980070966021 0.4907896911304062693
0.5402093433658982091 0.8415306680931520233 1.053915960435501632e-06 112.8931308899470878 -0.8415306662927114489 0.5402093422912200849 -6.474924813150109053e-05 -43.42179547570351872 -5.505781328644848623e-05 3.409124621615200912e-05 0.9999999979032118125 0.4906808084842343987
0.5605815035018757442 0.8280992560307378625 9.754366273573061087e-06 113.8715554720236867 -0.8280992543180124565 0.5605815030348572092 -5.878234833038086351e-05 -44.9546464683446132 -5.414573622692019176e-05 2.487471376892525391e-05 0.9999999982247437247 0.4906012148575850107
0.580858999893046124 0.8140041904705668241 1.190965739676470782e-05 114.8949589726544076 -0.8140041887756034322 0.5808589995273504281 -5.767226110275871685e-05 -46.48308083725992645 -5.386329389175654162e-05 2.380494089787023079e-05 0.9999999982660350284 0.4905024325095267423
0.6015088241040710271 0.798866155506513631 1.064955365299244783e-05 115.9497600772334636 -0.7988661537833534609 0.6015088235931542737 -5.90017240435784969e-05 -47.98387175582702469 -5.354028094455346825e-05 2.698248968329026502e-05 0.9999999982026915868 0.4903943342987968079
0.62268958912888972 0.7824689613544170141 1.047220374689695549e-05 117.0284748980285485 -0.7824689596441732897 0.6226895885591613444 -5.912376779172538315e-05 -49.43133329957340294 -5.278344541781407497e-05 2.862158030296509369e-05 0.999999998197356299 0.4902963601749341094
0.645143048969721411 0.7640618078851351136 9.979127513055963521e-06 118.1901368842777202 -0.7640618061477887357 0.6451430482898548036 -6.026346764328962722e-05 -50.89826915079108716 -5.248297878000531105e-05 3.125388706547540981e-05 0.9999999981343654643 0.4901960529055467419
0.664776216937597253 0.7470425565776165344 7.638552450328985166e-06 119.3901530507148436 -0.7470425548178744046 0.6647762160117151042 -6.25984094024159256e-05 -52.33867434106313254 -5.184160379140983523e-05 3.590761005124488574e-05 0.9999999980115454878 0.4900954718094071572
0.6840257599808405864 0.7294578532465356702 4.671362370266914001e-06 120.5990907662839078 -0.7294578515516894068 0.6840257588019623691 -6.408763929927881002e-05 -53.7262914789558792 -4.994456397285101283e-05 4.043003421863286176e-05 0.9999999979354762258 0.4900032775576089183
0.7023334599826659419 0.711848095427716987 5.190508929452534335e-06 121.8518633476546142 -0.7118480937474208625 0.702333458791299825 -6.397378529598143286e-05 -55.08749845649636256 -4.918508530955559369e-05 4.123607608810509167e-05 0.9999999979402064421 0.4899152338604509382
0.7164511237437916069 0.6976372890773006041 1.331787392867805949e-05 123.1487945753318485 -0.697637287557592578 0.7164511232336904234 -5.503363355070241242e-05 -56.40310078569504526 -4.793512065367169268e-05 3.01378631574678366e-05 0.9999999983969665163 0.4898448934185261616
0.7305276032884628901 0.6828831676608069223 1.270389489040822279e-05 124.4820057717901562 -0.6828831661433091282 0.7305276026998619443 -5.56229694270838658e-05 -57.71352189107984998 -4.726453543630820624e-05 3.195883857824125836e-05 0.9999999983723479868 0.4897514354976589268
0.7430413138424033503 0.6692455496594141851 1.366222860312209125e-05 125.8280746984003855 -0.6692455482056641758 0.7430413133273124915 -5.383266100238677325e-05 -58.97498894068567665 -4.617886908641306918e-05 3.085650548763862832e-05 0.9999999984576939394 0.4896675115961280356
0.7533182113115770573 0.6576561961212582519 1.455594589224233176e-05 127.2300239026196067 -0.6576561946815112636 0.7533182108376692554 -5.309990199982934835e-05 -60.23990974241581142 -4.588673868021329763e-05 3.042831520984941662e-05 0.9999999984842622425 0.4895890881553228713
0.7634873240867694477 0.6458228129771026449 1.412088152089879647e-05 128.6455024221022825 -0.6458228115510483702 0.763487323565551157 -5.326577771368501581e-05 -61.47961188118585341 -4.518136843724239172e-05 3.154815868661594799e-05 0.9999999984816786425 0.4894991222938012143
0.7735751385964044768 0.6337045879882202692 1.051029308646784816e-05 130.0381705195104303 -0.633704586520601576 0.7735751377538672147 -5.721950137189217296e-05 -62.6758228022291064 -4.439076196396422126e-05 3.760316276960820879e-05 0.9999999983077310084 0.4893990322891863531
0.782808325068878208 0.6222629075230878826 1.122510176299357699e-05 131.4590648055870759 -0.6222629060885295216 0.7828083242768613115 -5.613682066252549744e-05 -63.84708136897317843 -4.371896434549152636e-05 3.69594061133437287e-05 0.9999999983613270249 0.4893181689504084164
0.7935644947593547549 0.6084861481955979867 1.066055099857555334e-05 132.8613992703367046 -0.6084861467742963548 0.7935644938983432706 -5.665569776456385318e-05 -64.97061739191642005 -4.293404206395550811e-05 3.847315257216070487e-05 0.9999999983382420465 0.4892355896224636069
0.8073774258602294251 0.5900353312498448632 9.509376810451185133e-06 134.2599532940714369 -0.5900353298582413641 0.8073774248832760181 -5.753397993248603312e-05 -66.04451601487959067 -4.162473706905315076e-05 4.084076833428379845e-05 0.9999999982997062054 0.4891534836833186239
0.8244970556527089212 0.5658662431623341371 8.461244757583057696e-06 135.7175596425088031 -0.5658662417184482374 0.8244970544558763992 -6.065686197517854784e-05 -67.11006121974367034 -4.129994198756799137e-05 4.522347133243402362e-05 0.9999999981245759617 0.4890701465038820861
0.8455292629901710599 0.533929082733207494 6.419207432803513402e-06 137.1650446954457436 -0.5339290812377512907 0.8455292614111141747 -6.563854690829683215e-05 -68.10095083531375337 -4.047395686219064121e-05 5.207191066424668566e-05 0.9999999978251872257 0.4889873488219575459
0.8723222598483574286 0.4889313601007100329 9.238882919338405064e-06 138.5775988544310735 -0.4889313588520786125 0.8723222587060111 -5.743984216897067248e-05 -68.94560301923458212 -3.614342337176262485e-05 4.558887334614210031e-05 0.9999999983076536259 0.4889372300390088522
0.9022410896231444211 0.4312319748048339396 1.018806986910924331e-05 140.0358450263530585 -0.4312319736469544251 0.9022410885160334626 -5.567933056190262547e-05 -69.70306245328841044 -3.320280292260294875e-05 4.584275839834923354e-05 0.9999999983980074614 0.488877519353832557
0.9299289051245090976 0.3677393523862988456 1.107565509591109739e-05 141.4508527097084141 -0.3677393513823942195 0.9299289041455516269 -5.178553742115542214e-05 -70.30885598333841813 -2.934315180026683166e-05 4.408391389423391458e-05 0.99999999859779376 0.4888329932605995909
0.9577599675762434872 0.2875688516744391854 7.565050754538898961e-06 142.8075310476434083 -0.2875688507566993013 0.9577599660695749195 -5.891613055631748935e-05 -70.78607286364625395 -2.418794676316336515e-05 5.425203833993752256e-05 0.9999999982358295236 0.4887760538968938806
0.9829765465566580041 0.1837310776324667383 5.813055350075384564e-06 144.1713301975774755 -0.18373107686938428 0.9829765445425064918 -6.537524575175485977e-05 -71.11814785629896107 -1.772556141370868436e-05 6.319429437998214734e-05 0.9999999978461425743 0.4887350382000908433
0.9976318924421765377 0.06877940930761773652 6.306283267255596903e-06 145.4497209269072471 -0.0687794087829696893 0.9976318905495534795 -6.23556047173823107e-05 -71.26008256719308065 -1.058013095773397448e-05 6.177419750383869102e-05 0.9999999980360044782 0.4887226656183191742
0.9980625475383233525 -0.06221857555944970003 7.674478986877406454e-06 146.6967289040307776 0.06221857589176287007 0.9980625459881016237 -5.57851413413166909e-05 -71.22864627730653808 -4.188738005135786927e-06 5.615455543517476703e-05 0.9999999984145599985 0.4887190437374784868
0.9788292460900811509 -0.2046785454247268821 6.616192927182363372e-06 147.8312360625009774 0.2046785455280337174 0.9788292453689211303 -3.759347803757921128e-05 -70.99138131605522517 1.218455272059020007e-06 3.815178851069623862e-05 0.9999999992714779795 0.488746218560598078
0.9382186073329348286 -0.3460431257071062694 2.708669725720296254e-06 148.8454265795733136 0.34604312565603218 0.9382186069891882418 -2.622409761756625373e-05 -70.59618456069026138 6.533344371571819982e-06 2.554125288357406813e-05 0.9999999996524796542 0.4887687065853359436
0.8741539910727988971 -0.485648844220327891 1.090549739819727663e-06 149.8044622845276308 0.4856488440408295304 0.8741539906840380958 -2.924396306579468889e-05 -70.06107343375427376 1.324898845622229635e-05 2.609335124926243579e-05 0.9999999995718004131 0.488771531515264257
0.7858307182423803772 -0.6184416563139789602 2.125929912902910788e-06 150.6395391153259027 0.6184416559472412089 0.7858307176481219569 -3.731091347309290314e-05 -69.40825641348234853 2.140400209776102846e-05 3.06348255486033603e-05 0.9999999993016879252 0.4887833192813533789
0.6709329747573156144 -0.7415179993614681164 2.91504341157190952e-06 151.3364979644510413 0.7415179988045194071 0.6709329740898674066 -4.159445367217360121e-05 -68.63582350372415419 2.888723732579643198e-05 3.006864769265388845e-05 0.9999999991307017 0.4888126973492577521
0.537144871390321299 -0.8434900041635496892 4.181213785204939849e-06 151.8893261069151492 0.8434900034481092046 0.5371448707158813507 -4.414703105962625493e-05 -67.76772671149086591 3.499166187420314083e-05 2.724016335088727032e-05 0.9999999990167781627 0.4888451258324947313
0.3854979787967300897 -0.9227086800804534805 7.074985231420399734e-06 152.2993910255399896 0.9227086792484942013 0.3854979780956089286 -4.610779957926905784e-05 -66.81095078233991558 3.981667438943259628e-05 2.430261382315947842e-05 0.9999999989120073041 0.4888801683612176152
0.2201511931665801614 -0.9754657616237041307 7.032105836819303178e-06 152.5369728208487459 0.9754657606448801088 0.2201511926071257341 -4.69616674319386351e-05 -65.78769444525130439 4.426137220209984489e-05 1.719824558728166156e-05 0.9999999988725756239 0.4889316297253533672
0.04252740934626842578 -0.9990953004795591896 4.023313855040652553e-06 152.5862100193276945 0.9990952993753460243 0.04252740910855569434 -4.735856569622502119e-05 -64.7144185262266376 4.714461931026545929e-05 6.033711069898325618e-06 0.9999999988704895149 0.4889872181198643419
-0.1429443111045166637 -0.9897307329783275875 1.110271005901124582e-05 152.4618565708346694 0.9897307318966436229 -0.1429443114696569705 -4.647615148008698519e-05 -63.57535121232376696 4.758594471523089532e-05 4.345191896631231567e-06 0.9999999988583484489 0.4890324350380951257
-0.3229040385829859416 -0.9464317100217761736 1.158822037511165607e-05 152.1230536296739331 0.9464317089158716945 -0.3229040387678653867 -4.591531746784125085e-05 -62.4884805339608036 4.719759558853736013e-05 -3.858782230275211517e-06 0.9999999988787482419 0.4890895774698366116
-0.4855952605421863799 -0.8741837580178491995 1.260909481841356866e-05 151.566297705043354 0.8741837569362895799 -0.4855952605874214179 -4.478862706778900961e-05 -61.4027367662806256 4.527640701069880356e-05 -1.072647915038315164e-05 0.9999999989174946924 0.4891480290826885624
-0.6246714648576434659 -0.7808876749984330345 5.511825309679198994e-06 150.7614787973843988 0.7808876739708614512 -0.6246714643700307379 -4.737522108500493752e-05 -60.34444054074054264 4.043780623315536385e-05 -2.528983230771564213e-05 0.9999999988626038228 0.4892166244434503763
-0.7370916917931071843 -0.6757927477345893053 1.068367185394060992e-06 149.767309181044709 0.6757927467508256791 -0.7370916908036061477 -5.281560493110771024e-05 -59.40326981379301685 3.647988735473901167e-05 -3.820794879699065597e-05 0.9999999986046849143 0.4892826798103783181
-0.8102441228260648387 -0.5860925365742624127 -1.133485576388869328e-10 148.6490402061431269 0.5860925356476083259 -0.810244121545000362 -5.623308600700800881e-05 -58.58701356007060923 3.295770017724347845e-05 -4.556259387829443694e-05 0.9999999984189197333 0.4893334198689794912
-0.8585905408388455617 -0.512661958003033158 8.875102432615066712e-07 147.3933473132483982 0.5126619571472977865 -0.8585905395031834253 -5.63184436306716051e-05 -57.82974318117462076 2.963433148196005967e-05 -4.789949023776165739e-05 0.9999999984137224462 0.4893791822779743339
-0.8951353923456197847 -0.4457943801246429527 4.665938511026314054e-06 146.0757339571216846 0.4457943793880089212 -0.8951353913800185191 -4.906356577488184723e-05 -57.1471430633798434 2.604890858654074687e-05 -4.183848503698841935e-05 0.9999999987854975014 0.4894052414458171518
-0.9242018226916021151 -0.3819044263826721353 6.713796449506789264e-06 144.6803078503254483 0.381904425822821858 -0.9242018220519543359 -4.068194721950918068e-05 -56.5361342820908277 2.174151862851691661e-05 -3.503430119277375551e-05 0.999999999149951857 0.4894306312044199858
-0.9424518018959382459 -0.3343420420379605296 5.587348638423588786e-06 143.1430130689488465 0.3343420415237477461 -0.9424518011512635907 -4.217468804332186102e-05 -55.97239795497350912 1.936657811066056691e-05 -3.787952519035229511e-05 0.9999999990950378947 0.4894806260477421733
-0.952091311732971568 -0.3058138879887049022 6.168796151626682656e-06 141.5503184479841252 0.3058138876346140345 -0.952091311295711451 -3.297345684206507696e-05 -55.42037325563110528 1.59569982544178732e-05 -2.950723824397786065e-05 0.9999999994373480749 0.4895005027138023546
-0.9578428045605994479 -0.2872928152965739668 5.717237089442831627e-06 139.9650300029046264 0.2872928149163841427 -0.9578428040114292941 -3.609952303590659243e-05 -54.92498088086718866 1.584734800879919968e-05 -3.293514725104234865e-05 0.9999999993320687341 0.4895405916265916924
-0.9599502798503247725 -0.280170412749756792 6.094805569252389402e-06 138.3736727491101419 0.2801704123647200118 -0.9599502793115662902 -3.587842206479599987e-05 -54.43485378744966141 1.590278262725740166e-05 -3.273391711206876249e-05 0.9999999993377955976 0.4895728986298779062
-0.9617139567555847979 -0.2740552231899679447 5.103590637503488623e-06 136.7257927538791762 0.2740552229155724384 -0.9617139563617774778 -3.055986746208367433e-05 -53.92676045498050996 1.328328564162159031e-05 -2.799118538505589868e-05 0.999999999520023608 0.4895939859962822327
-0.9626260864683814367 -0.270833929981631083 4.848277774677912522e-06 135.039711511152376 0.2708339297073544261 -0.962626086052075447 -3.120202617527062722e-05 -53.42018685230443964 1.311764603076973261e-05 -2.87228062249559235e-05 0.9999999995014638987 0.4896198999450074862
-0.9621782266338267942 -0.2724207410775802418 4.975831922098738881e-06 133.3541208518462895 0.272420740827243435 -0.9621782262797932139 -2.902480619097013407e-05 -52.90527597761020218 1.269459634524856367e-05 -2.657151673076818007e-05 0.9999999995664009544 0.4896369410178311732
-0.9582736348315686881 -0.2858524807679939106 5.263977291203695136e-06 131.6583287108067566 0.2858524803903766398 -0.9582736342461649626 -3.69533377668246178e-05 -52.38842712584157368 1.560753392273546609e-05 -3.39066883355645219e-05 0.9999999993033703571 0.4896886904898050674
-0.9521261475506944683 -0.3057054123164263393 5.740164822474827386e-06 129.9929880151724717 0.3057054119343166065 -0.9521261470277485595 -3.553021663135966777e-05 -51.83367076469158263 1.632714054070893441e-05 -3.207444883123256784e-05 0.9999999993523270847 0.489709366455555406
-0.9434463506165660096 -0.3315252380620040129 6.200628913124580479e-06 128.3372148111549791 0.3315252376148149493 -0.9434463500464510544 -3.755931930805528823e-05 -51.2423044940993293 1.830182299112972978e-05 -3.337953775904216422e-05 0.9999999992754247113 0.489744199932558022
-0.9339025394887402465 -0.3575276866199017523 6.23985248731663985e-06 126.698854672129201 0.357527686162661118 -0.9339025389436568236 -3.720211867995923226e-05 -50.60283877727643187 1.912820150954376249e-05 -3.251223308778878549e-05 0.9999999992885332256 0.489774088059891477
