0.9999806747146977592 0.006216928271891146787 0 -0 -0.006216928271891146787 0.9999806747146977592 -0 0 -0 0 1 0.4949999999999999956
0.9999824335738830561 0.00592727134338635539 -5.56096523462568342e-07 0.001839523268406794212 -0.005927271347416005268 0.9999824335455244073 -7.548374876938370561e-06 -0.001389076625664278355 5.113454887194250256e-07 7.55153841395882175e-06 0.999999999971356357 0.4949901008779576395
0.9999811004175833684 0.006148073669988101016 -1.43566862876990577e-07 0.00184549457376654907 -0.006148073670808793488 0.9999811003953584798 -6.667783679784940045e-06 -0.003684881994289760428 1.025701242340280808e-07 6.668540321107512009e-06 0.9999999999777600124 0.4949919634655344236
0.9999800571563062235 0.006315480333890561952 -2.355717822883490371e-07 1.550267288562237231e-05 -0.006315480334227917096 0.9999800571552664996 -1.45972705951861962e-06 -0.004890361416005205297 2.263482067780228064e-07 1.4611856973686266e-06 0.9999999999989068744 0.4949989384449386409
0.9999803720691670117 0.006265419261224984722 -3.527229917249850238e-07 0.002217534552212097835 -0.006265419260252179552 0.999980372065604306 2.694773867699676089e-06 -0.001838426904191186326 3.695999565945897328e-07 -2.692511017438974928e-06 0.9999999999963068431 0.4950033802617261336
0.9999798242906300372 0.006352244791677810927 -1.425477739217764687e-07 0.002507215552482974438 -0.006352244791434214985 0.9999798242892820044 1.649079178101247201e-06 -0.0001713642810653747447 1.530202525381826496e-07 -1.648140408404698774e-06 0.9999999999986300958 0.494997712265487444
0.9999795557659267864 0.006394376623989406379 -5.660816242940152463e-08 -0.001222097768444822862 -0.006394376624076227554 0.999979555764491046 -1.695082073978498983e-06 -0.000491964020104362844 4.576801192854273931e-08 1.695409393234393691e-06 0.9999999999985617061 0.4949895556079202952
0.9999802036029626917 0.006292249549177890422 1.453052009820324238e-07 0.008769347706756105282 -0.006292249548731307547 0.9999802035987911397 -2.893012395043716901e-06 -0.002834717470410291502 -1.635058804015101572e-07 2.892040827236343775e-06 0.9999999999958046892 0.4949900281865206031
0.9999801931238665453 0.006293914685858294049 -3.385785495391804462e-07 0.001140476130847449055 -0.00629391468647402634 0.9999801931222100926 -1.849205204274289008e-06 -0.004906615588267718847 3.269331035613253557e-07 1.851299561801606951e-06 0.999999999998232858 0.4949929563306788016
0.9999814587958929524 0.006089504622155485908 -3.567116353604012671e-07 0.003117659149232606362 -0.006089504622066099077 0.999981458795925704 2.512611026111424392e-07 -0.005475903254030234195 3.58235077142825259e-07 -2.490842467755799489e-07 0.9999999999999048539 0.4949983789248004196
0.9999814545246117348 0.006090205987396726459 -3.255001769768616571e-07 0.006190000038787251378 -0.006090205986625690446 0.9999814545219790629 2.319609840908729032e-06 -0.002902958856220465376 3.396210421630502832e-07 -2.317584459514889418e-06 0.9999999999972567499 0.495001471559079198
0.9999805499204977854 0.006236969044999635288 -2.517233397106942816e-07 0.00112816375053798588 -0.00623696904475951313 0.9999805499200855596 9.438527421551870951e-07 -0.00134730442365393996 2.576052240082999979e-07 -9.422643934664707541e-07 0.9999999999995229372 0.4949962985327818199
0.9999817295269253226 0.006044883335133427113 -1.911271959755333319e-07 0.002746996049981503124 -0.006044883335035505442 0.9999817295268146333 5.090578663136236581e-07 0.0004575832846883693002 1.942008994037234682e-07 -5.078932239838352488e-07 0.9999999999998521183 0.494997946204096706
0.9999815223455439384 0.006079059933823777358 -2.051546551184105264e-07 0.001007485131821527456 -0.00607905993396229416 0.9999815223453322188 -6.81227907800454444e-07 0.0007018709847653923327 2.010096390618289437e-07 6.824624677506462493e-07 0.9999999999997468692 0.4949946932904015218
0.9999815221734541515 0.006079088242699322298 -1.792143317294351964e-07 0.0009354797655779785275 -0.006079088242767015544 0.9999815221733978632 -3.793773313930721566e-07 0.00176856398322201196 1.769047519632139235e-07 3.804597810615253034e-07 0.9999999999999119593 0.4949962860790559915
0.9999823592273132666 0.005939801040972085729 5.454799851166464391e-08 0.004505478515715043847 -0.005939801040877617025 0.9999823592260442817 -1.594423400599566241e-06 0.0007499351420677739626 -6.401759401730794784e-08 1.5940712694804557e-06 0.9999999999987274624 0.4949932631391383842
0.9999804705818773343 0.006249676557856497991 4.756136813977876301e-08 0.002622051856146477306 -0.006249676557622436956 0.9999804705742151301 -3.915252350505381114e-06 -0.003597477633780506341 -7.202950012966475967e-08 3.914878644737605209e-06 0.9999999999923342431 0.4949889381701929048
0.999980748084047133 0.006205115910432353402 -2.008003231874051447e-07 0.002799749636880042008 -0.006205115910775871151 0.9999807480825205763 -1.757660393297727555e-06 -0.005034275714559112783 1.898899709298748196e-07 1.75887254424728803e-06 0.9999999999984351406 0.4949953656365684296
0.9999805257880685083 0.006240837026758159871 -2.37542887101831054e-07 0.0008379113302981787761 -0.006240837026640986239 0.9999805257879769149 4.910470637012315579e-07 -0.005045447525784334253 2.406028058378372743e-07 -4.895550345016370348e-07 0.9999999999998512301 0.4949994082186724431
0.9999815960006015469 0.006066931869930152453 -9.091989518884303012e-08 0.0003823394782240075265 -0.006066931869833942087 0.9999815960000819626 1.023987888712621274e-06 -0.00471417673810325781 9.713068665629102444e-08 -1.023417438430340342e-06 0.9999999999994716449 0.4949990818351726052
0.999981541113323491 0.006075971926731777578 -3.114330177093198316e-08 0.002177129487519940954 -0.006075971926696199267 0.9999815411127846998 1.0386878553608265e-06 -0.00406764001942780222 3.745376515049364765e-08 -1.038479456512131265e-06 0.9999999999994600985 0.4949996291756030287
0.9999805007910702592 0.006244841060683985721 -3.516693929398617478e-09 0.003537695346601810176 -0.006244841060670643096 0.9999805007898179277 1.582615016324245846e-06 -0.001696511815871748789 1.339980459539088325e-08 -1.582562195388725945e-06 0.9999999999987476684 0.4950013182938586831
0.9999806554840061645 0.006220020901078007931 -2.203363228886590499e-08 0.001867028917590394035 -0.006220020901014562155 0.9999806554815888759 2.199024781103176275e-06 0.001549912224416834152 3.571118616141189646e-08 -2.198845192379731278e-06 0.9999999999975819343 0.495003282839246439
0.9999807866986946125 0.006198889875740572902 -3.318864369620538588e-08 -0.002125503116609314593 -0.006198889875758791836 0.999980786698527635 -5.788179637080857818e-07 0.001147397841011385186 2.959997721518145724e-08 5.79012575451673508e-07 0.9999999999998319122 0.4949959910011746955
0.9999814194945644275 0.006095955040546920979 1.123261851598042059e-07 0.002662679073453210789 -0.006095955040258432996 0.999981419491665191 -2.411311441430390143e-06 -0.001075489250388806262 -1.270233442175435404e-07 2.410581902670486341e-06 0.9999999999970864417 0.4949928313641813182
0.999982024453563878 0.005995896261924951905 -3.183429712682463293e-08 0.001985773948470032253 -0.005995896261984581289 0.9999820244506214539 -2.425917028147674556e-06 -0.003342494281320920226 1.728817804728688435e-08 2.426064296106628769e-06 0.9999999999970569098 0.4949942701850890692
0.9999806359696942204 0.006223157383165592131 -2.511053864374775038e-07 0.003299982443935897073 -0.006223157383133169282 0.9999806359697175351 1.298691202453732902e-07 -0.003251244335369158581 2.519087200015782336e-07 -1.283039371124949934e-07 0.999999999999960032 0.4949994573414567278
0.9999809890511460742 0.006166160758794361936 -1.459824671276896773e-07 0.004989327880174206087 -0.006166160758526491141 0.9999809890495926501 1.769602263952627059e-06 -0.001744926135101867786 1.568913439025371356e-07 -1.768668470774114716e-06 0.9999999999984235943 0.4950023146171137478
0.9999813537353346993 0.006106732667868987677 -5.866863991827458709e-08 0.003793522943794020927 -0.006106732667826174701 0.9999813537350882298 7.048312767928878108e-07 -0.002111558511238124242 6.297176215060875774e-08 -7.044598606223896102e-07 0.9999999999997498668 0.4949984897493947544
0.9999815754743457408 0.006070314166289692351 3.057006558418876967e-08 0.003550108397563957619 -0.006070314166257096029 0.9999815754738723417 -9.736743454731571521e-07 -0.003772437185600698017 -3.648001151822234068e-08 9.734708360830087619e-07 0.9999999999995254907 0.4949955530235214396
0.9999803109833116377 0.006275161188958543711 -7.057263451834968866e-08 -0.0001797457752323329257 -0.006275161189019486281 0.999980310982909959 -8.986254418241335437e-07 -0.004864685432012515708 6.493222551828394677e-08 8.990506034298274621e-07 0.9999999999995937694 0.4949961342828787525
0.9999809964740440371 0.00616495685266434286 -1.240214412402339568e-07 0.001246402987321166417 -0.006164956852599147615 0.9999809964739171386 5.197099131487628498e-07 -0.004215700651192045775 1.272230735849474014e-07 -5.189354499941548098e-07 0.9999999999998572253 0.4949998171483012133
0.9999813302878458598 0.00611057099531108882 -3.069407763174761842e-07 -0.0006704305493334990077 -0.006110570994551619076 0.9999813302849759333 2.417284535434045983e-06 -0.001030712041119679961 3.217060345887601078e-07 -2.41536382202296819e-06 0.9999999999970312636 0.4950032174244957117
0.9999814795602158801 0.00608609388380215114 -1.791275269644590724e-07 0.001655402512426748431 -0.00608609388355489233 0.9999814795593218175 1.350199109547461168e-06 0.0001623986335375641381 1.873416479869303391e-07 -1.349083916319827384e-06 0.9999999999990724087 0.4949999876224109308
0.9999805199228293251 0.006241776756438943696 -1.529709925252246144e-07 0.002567465922592859426 -0.006241776756605979352 0.999980519922216593 -1.116638834149847412e-06 -0.001319243851100118008 1.459982023148800509e-07 1.117571892725180483e-06 0.9999999999993648414 0.4949942844083867199
0.9999812405657872993 0.006125236214999402011 -2.291861823671207521e-07 0.003806423436932756654 -0.00612523621540040069 0.9999812405642060087 -1.791694962916175478e-06 -0.002748133815268051679 2.182073280898283355e-07 1.793065171236782985e-06 0.9999999999983686383 0.4949938528014750649
0.9999814358454983676 0.006093272233545670921 -3.099955704709360454e-07 0.002906516932958147417 -0.006093272233470863573 0.9999814358455176855 2.418369571308979039e-07 -0.001290671131514828287 3.114633940810642172e-07 -2.399435802303984471e-07 0.9999999999999227285 0.4949990427482260369
0.9999805619890531627 0.006235033782985048394 -1.250033138975289702e-07 0.001943363312950373983 -0.006235033782886992282 0.9999805619887647268 7.703779671532896477e-07 0.0004561645987236982291 1.29804216729891816e-07 -7.695835926532598603e-07 0.9999999999996954658 0.4949984119903155788
0.9999802266728838873 0.006288582149907700862 -1.569959433571147453e-07 0.000361840544200961792 -0.006288582150001630067 0.9999802266727126909 -6.048566997382056986e-07 0.0003824115414653948006 1.531891479802624022e-07 6.058320215957039698e-07 0.9999999999998047118 0.4949960776475298974
0.9999800829411401581 0.006311396275825316947 -5.593127073730752608e-07 0.01923546245544975608 -0.006311396275824839898 0.9999800829412965886 2.697621793398475629e-09 0.0009210222935729363248 5.593185932691890689e-07 8.324760738889153816e-10 0.9999999999998435696 0.4949979958396735213
0.9999744474453116094 0.00714873825734841338 -6.838189361892396241e-08 0.05998783863947416972 -0.007148738257576342167 0.9999744474360756641 -4.297983604002721941e-06 -0.00472115645112752922 3.765498646656865449e-08 4.29836262380067213e-06 0.9999999999907612791 0.4949882218830469749
0.9999650892475582253 0.008355853535967332907 2.034930192186657613e-07 0.1302904171489079888 -0.008355853536882264232 0.9999650892350171461 5.010720474185538005e-06 0.00448288073275162572 -1.61617068729815703e-07 -5.012245904027874713e-06 0.999999999987425614 0.4950119316886186782
0.9999422084292167723 0.01075080480389203896 4.788786355680783251e-08 0.2253884908776447038 -0.01075080480335706759 0.999942208310947267 1.53798341478136878e-05 0.02260392694714348158 1.17460498802957099e-07 -1.537946015611344882e-05 0.9999999998817291624 0.4950302666143191477
0.9998521459772301556 0.01719552804775680011 1.455895198413109461e-06 0.3610543181497873899 -0.01719552805146231864 0.9998521459749180051 2.572083382675376612e-06 0.02531389637526711839 -1.411451606499981902e-06 -2.596737976524640098e-06 0.9999999999956323826 0.4949981995683863101
0.9994267738698453529 0.0338544483093462939 2.003910849499244036e-06 0.5670073705465463743 -0.03385444829355437057 0.9994267738446226401 -7.449938070928702016e-06 0.02026625989902837086 -2.254975698717344313e-06 7.377826275519150335e-06 0.99999999997024136 0.4949882362799046254
0.9987508665365453231 0.0499670550184930784 2.740730043864175732e-06 0.8761973960192601663 -0.04996705499219705054 0.9987508665015663034 -8.944848290042567581e-06 0.005582318421063363172 -3.184254232796843857e-06 8.796728771897424908e-06 0.9999999999562390052 0.4949936388010026667
0.9969704531100188616 0.07778120348078550184 3.594049742012935083e-06 1.246925902256529106 -0.07778120335640668903 0.9969704527616191081 -2.696209257714755084e-05 -0.04366999546208653882 -5.68030540755334829e-06 2.660086013957651356e-05 0.9999999996300641403 0.4949533253590614468
0.9949162606985556545 0.1007056810697146421 3.485554545421327631e-07 1.665768592205498777 -0.1007056808769107581 0.9949162589963487235 -5.853256509604099357e-05 -0.1610983383006913128 -6.241345321640044606e-06 5.8199899280074875e-05 0.9999999982869086645 0.4948165484334154929
0.9922207721814977344 0.1244907195440446562 1.091391472257370776e-06 2.23135189470590678 -0.1244907190704152983 0.9922207690988832374 -7.897078154229302482e-05 -0.3444303380448835439 -1.091403070314679602e-05 7.822058173250170834e-05 0.9999999968812122164 0.4947106367084515566
0.9886479465307599357 0.1502505834287014563 1.441946699281980029e-06 2.955150454559321016 -0.1502505828259145249 0.9886479433379395942 -8.060004922759980088e-05 -0.5909251878764053556 -1.353578205947700438e-05 7.946841982717368208e-05 0.9999999967507764431 0.4946816775461120308
0.9884454912994679043 0.1515767485327399466 6.019061035871353701e-06 3.684630846426490525 -0.1515767466533852748 0.9884454839343003174 -0.0001231507011088185828 -0.9526414982459457947 -2.461629655203391212e-05 0.0001208154055716545764 0.9999999923988378558 0.4944527821658183941
0.9885215845573877003 0.1510797036584633768 2.975754403320038944e-06 4.518728226632783951 -0.1510797026448144342 0.9885215798559180422 -9.803135855298454116e-05 -1.280712816938132104 -1.775214604345458743e-05 9.645653780271212622e-05 0.9999999951904987583 0.4945594514838080324
0.9890828315237565338 0.1473606199584155119 8.523645767439938444e-06 5.541370300421926132 -0.1473606189725452098 0.9890828290781046306 -7.211875035923663536e-05 -1.665241496598503401 -1.905805543328240091e-05 7.007536809507604911e-05 0.9999999973631166217 0.4945625006452751271
0.9906049896024399226 0.1367543583725300826 6.565077733280057524e-06 6.51618271226523138 -0.1367543574241314452 0.9906049865550248246 -7.962452433190988956e-05 -2.024449832152813933 -1.73923994754368255e-05 7.797864811105664838e-05 0.9999999968084174462 0.4945137043231863649
0.9906889804421472601 0.1361445703387004214 1.49242857989155301e-07 7.576546422977938455 -0.1361445703266507545 0.9906889803679083117 -1.226371549483039519e-05 -2.310422439847353182 -1.817491531608208248e-06 1.212920919523083369e-05 0.9999999999247894955 0.4945628100780354863
0.9920444320029875307 0.1258882238619347949 -5.19521756938226293e-06 8.625682015063963703 -0.1258882233820103613 0.9920444305171828292 5.56398457459585032e-05 -2.471886657085716088 1.215828801194139998e-05 -5.454318245989071173e-05 0.9999999984386086505 0.4945717026353261825
0.9924954818757080188 0.1222813085901028052 5.294426677278161145e-06 9.770454132268941549 -0.1222813086014966771 0.9924954783285916404 8.406092113888588926e-05 -2.654343001620873999 5.024384900611548877e-06 -8.407749385504668883e-05 0.9999999964528653029 0.4944317591568932468
0.9925903875762226436 0.121508528454809514 2.502770879012371256e-06 10.98255327282848803 -0.1215085281222494651 0.9925903828565909581 9.724404153068113546e-05 -2.823677530316552886 9.331754082390269838e-06 -9.682760887815308303e-05 0.9999999952686662308 0.4943279387844296546
0.993708302031240498 0.1119991537501893869 5.971859804788583264e-06 12.20606438704232666 -0.1119991538393680236 0.993708298111660282 8.834888951285085694e-05 -2.97375334933841895 3.960714217030332513e-06 -8.846186822914436053e-05 0.9999999960794052623 0.4942673290654440166
0.9941904081754011635 0.107635645907040875 4.9433288689042448e-06 13.50253934473024842 -0.1076356458565171786 0.9941904030761850031 0.0001008687073510059856 -3.095347246753033854 5.94245834681966844e-06 -0.0001008147797289074045 0.9999999949005337063 0.4942740960858916233
0.9945268752284325275 0.1044810721666557807 3.083633045939783392e-06 14.86775606509071324 -0.1044810720760824957 0.9945268719936789514 8.038988603693912301e-05 -3.233332089664890496 5.332465556939854388e-06 -8.027208344681588371e-05 0.9999999967639786602 0.4942724398422301268
0.9947190638647253058 0.1026351983405894425 6.921362074446248071e-06 16.28122721629519631 -0.1026351985690153179 0.9947190622172606966 5.725858066228150172e-05 -3.385672270326861799 -1.008065008985429922e-06 -5.76665771254863572e-05 0.9999999983367748868 0.494216562243421087
0.9947265747152287396 0.1025623784167924019 9.541068485309309261e-06 17.78276631532009588 -0.1025623787257711333 0.9947265738732454787 4.126425962491987341e-05 -3.565329100675815877 -5.258593754741899151e-06 -4.202521031429526756e-05 0.9999999991031144342 0.4941645809256632327
0.9954416503340062228 0.09537253663084875599 6.256225689569902227e-06 19.25239079630267724 -0.09537253682107089958 0.9954416491984374726 4.75777400439492392e-05 -3.71415587883632492 -1.690097863028533897e-06 -4.795753618345060713e-05 0.9999999988486091285 0.4941738397681824102
0.996215179734731282 0.08692131871493365136 4.602918380743156829e-06 20.80362189511872018 -0.08692131883501516554 0.9962151786574471313 4.633276476019898468e-05 -3.865607628010218288 -5.581921443523931215e-07 -4.655749530933278233e-05 0.999999998916044075 0.4941833181521326224
0.9962752752337650231 0.08622978552382407069 6.973824588552632969e-06 22.4310102231623425 -0.08622978573489853416 0.9962752744363686519 4.00135583770968228e-05 -4.036447480098494189 -3.497488448929339133e-06 -4.046587028524810913e-05 0.999999999175140486 0.4941711256584484513
0.996923177318938647 0.07838480994091533149 9.852476758144234335e-06 24.12789643592818578 -0.07838481027336151319 0.9969231765481995078 3.977045702923731797e-05 -4.198968529198698896 -6.704762711096293775e-06 -4.042037490642343383e-05 0.999999999160619768 0.4941715747986094587
0.9974773246948464012 0.07098581984767891873 1.011916929169183631e-05 25.85231983956417423 -0.07098582019325269665 0.9974773239469648667 3.931063358133002767e-05 -4.346556393684107178 -7.303144352140662909e-06 -3.99297831486095846e-05 0.9999999991761382434 0.4941635927649373761
0.9977380030134838096 0.06722259473402437957 1.010560311139247295e-05 27.59324834759017619 -0.06722259505792392564 0.9977380023884201421 3.613690743223855692e-05 -4.490094149580646565 -7.653527578032589122e-06 -3.673449072229805352e-05 0.9999999992960003636 0.494151512863386766
0.9982674137929318237 0.05884021160060988465 7.758848957592895718e-06 29.30256279960963894 -0.05884021175169220491 0.9982674135944836769 2.094347296573588059e-05 -4.636706768134362555 -6.513087700410978915e-06 -2.136371890896150065e-05 0.999999999750585622 0.4941301729690112943
0.9984874564622941984 0.05497998921626698343 8.687359483056235915e-06 31.06097087556112868 -0.05497998943034775737 0.9984874561313070718 2.670024059321033093e-05 -4.76245683321150981 -7.206240530848533033e-06 -2.713748624940195376e-05 0.9999999996058134277 0.4941264049999584684
0.9988880005103203397 0.04714618075222479915 8.899770559934550444e-06 32.86029128905340713 -0.04714618093457087489 0.9988880003093132398 2.153088903327694706e-05 -4.899923882223265359 -7.874774831705774367e-06 -2.192653688875442517e-05 0.9999999997286074249 0.4941130703821027259
0.9994659372041173606 0.03267782555207619788 9.387022876560873508e-06 34.67083896778000707 -0.03267782585204297152 0.9994659366665340494 3.380982252781875171e-05 -4.990323486903601946 -8.277178129321333697e-06 -3.409851345830066201e-05 0.9999999993843898816 0.4941139329508651978
0.9997840925390670819 0.02077903328374216055 9.157532549991612372e-06 36.41397294833357279 -0.02077903354636121899 0.9997840921379065326 2.958199034806016813e-05 -5.07287397228710546 -8.540870204675185797e-06 -2.976588805169289229e-05 0.9999999995205227643 0.4940850485043349338
0.9999389884233711445 0.01104623565325346841 1.053427750208052319e-05 38.23158156671865981 -0.01104623595861584616 0.9999389880437568046 2.938379136724230173e-05 -5.136451304005378304 -1.020905450137454212e-05 -2.949836273074495408e-05 0.9999999995128109331 0.4940777343313489944
0.9999999311229850196 0.0003709838962897750599 1.127860860789960774e-05 40.08098932931105907 -0.0003709842872707611451 0.9999999305849742726 3.468340125000496946e-05 -5.175185200177922162 -1.126574084166200687e-05 -3.468758304769174614e-05 0.9999999993349273364 0.494064814922534179
0.9999149713954802454 -0.01304031664836610704 1.109591155596481671e-05 41.90456855688503168 0.01304031628755541496 0.9999149709499911554 3.19911208819244374e-05 -5.192618620296939547 -1.151214242738258543e-05 -3.184370652537033339e-05 0.9999999994267244618 0.4940436820477008828
0.9999289730828585521 -0.01191841721132720633 1.108464512125900766e-05 43.74115351312914868 0.01191841689016719975 0.9999289727390680005 2.86017014654814779e-05 -5.206982693121562811 -1.142474482029716502e-05 -2.846755855316662989e-05 0.999999999529536665 0.4940234282787504538
0.9999722430582703714 -0.007450702224735828924 1.231270791369288405e-05 45.63241803338467406 0.007450701979214719405 0.9999722429385398126 1.986745529707048657e-05 -5.239649979974455363 -1.246039264248425842e-05 -1.977516552004947208e-05 0.999999999726840727 0.4939883447743921296
0.9999703228671642519 -0.007704104536951981823 1.266712107103137168e-05 47.54743270026893498 0.007704104191506388685 0.9999703225829120745 2.709734816286756307e-05 -5.259907637929340574 -1.287550594651682391e-05 -2.699895517072904886e-05 0.9999999995526388519 0.493982022473108795
0.9999840805901722973 -0.005642553396327286766 1.263448670515236964e-05 49.4835921720407157 0.005642552994541391413 0.9999840801725348172 3.16137032212390767e-05 -5.280345113795875456 -1.281266757478543635e-05 -3.154190918894865764e-05 0.9999999994204717968 0.4939647498731126185
0.9999799111741064506 -0.006338539343699191309 1.30172022056994865e-05 51.4157259729908489 0.006338539150392215847 0.9999799111499708681 1.483806285839314359e-05 -5.334114110091451977 -1.311099235028886609e-05 -1.47552547333223096e-05 0.9999999998051921635 0.4939222694970114569
0.9999754319745550735 -0.007009655333754811167 1.3477269911123596e-05 53.37507926576134309 0.007009654960402447385 0.9999754316884035266 2.755285954336404245e-05 -5.352403640854030975 -1.367007484621524231e-05 -2.745771161212453069e-05 0.9999999995296016131 0.4939186536855407206
0.9999780441402797981 -0.006626538860877334222 1.491103225675226876e-05 55.39337025830726446 0.006626538483625968659 0.9999780439362003781 2.520889849652627152e-05 -5.385488170321679924 -1.507775261470374645e-05 -2.510953648440729293e-05 0.9999999995710863177 0.493894029379969679
0.9999680930848225957 -0.007988278928155862629 1.463907627713825311e-05 57.44895840982136548 0.007988278655739871822 0.9999680930216556796 1.857375805829781514e-05 -5.429289830173822828 -1.478698154856216944e-05 -1.84562244064105859e-05 0.9999999997203564694 0.4938531655970012091
0.9999690430877280489 -0.007868459097752938947 1.482812235216446091e-05 59.5177230191355946 0.007868458801749602521 0.9999690430016674458 1.991600542196669208e-05 -5.461680588126009539 -1.498437159205903769e-05 -1.979871441409862496e-05 0.9999999996917398049 0.4938368876163915511
0.9999045454729172944 -0.01381664613971709393 1.530625822908154924e-05 61.5663421401083113 0.01381664593060443445 0.9999045454993179538 1.36844302648304204e-05 -5.499978363612341603 -1.549387010843775975e-05 -1.347164287353749396e-05 0.9999999997892273784 0.4938031017663506717
0.9998967749802196714 -0.01436799311772907553 1.265533624916971774e-05 63.54268170246642455 0.0143679928774921601 0.9998967748856322224 1.887370148838450777e-05 -5.520794113196231478 -1.292520711372922528e-05 -1.868992146908469762e-05 0.9999999997418129727 0.4937888753028648603
0.9999299534805271561 -0.01183587642280203855 1.280499462858447539e-05 65.66736875590429179 0.0118358759024125449 0.9999299527694420764 3.9979453073502494e-05 -5.513597079143766067 -1.327728954020283865e-05 -3.982509432460921175e-05 0.9999999991188377457 0.493793322074020935
0.9998062923409537506 -0.01968191019890702317 1.444265528132764643e-05 67.73715371615944036 0.01968190976147774982 0.9998062920089109129 2.982895113954842173e-05 -5.525912134390313923 -1.502694836124324124e-05 -2.953891400528818018e-05 0.9999999994508217416 0.4937396255322434868
0.9999138421782023389 -0.01312661726683412612 1.190747753213572448e-05 69.81085045388532251 0.01312661669986420199 0.9999138411751081756 4.650471079286597919e-05 -5.503191783213878807 -1.251690113754681542e-05 -4.634439915485416388e-05 0.9999999988477619173 0.4937419849979339803
0.9999851540398425609 -0.005448994786352133989 1.256834663212211354e-05 71.89118422581319123 0.005448994239236841682 0.9999851531903034552 4.316223982063093525e-05 -5.522592440284800119 -1.280335085202134789e-05 -4.309311418734310242e-05 0.9999999989895288488 0.4937126811087458322
0.99999639014876196 -0.00268692424952035689 1.139100815577899663e-05 73.96254222017068969 0.002686923683765787829 0.9999963889952475649 4.93944933873592768e-05 -5.530511967296362741 -1.15236862848702155e-05 -4.936370831099031999e-05 0.9999999987152144998 0.493702161553600305
0.9999903059607961886 0.00440315631104253296 1.418331951453924284e-05 76.06491478075443524 -0.004403156728738756055 0.9999903056228039988 2.955446098505498762e-05 -5.576719640023965141 -1.405304910468363118e-05 -2.961662586170810685e-05 0.9999999994626835864 0.4936497623806784807
0.9998850821719592608 0.01515988642280749303 1.720042436399433458e-05 78.08891763217276605 -0.01515988643252664039 0.9998850823196617776 4.348052439216417428e-07 -5.66734195608484459 -1.719185613301169805e-05 -6.955117569968732108e-07 0.999999999851978183 0.4935859540608709128
0.9996253669222624483 0.02737015835192749963 1.54775710599609504e-05 80.11392417905736352 -0.02737015852310488787 0.9996253669773349504 1.095817178059833908e-05 -5.755416902030411563 -1.51718457538485953e-05 -1.137769006044161193e-05 0.9999999998201816176 0.4935761135354037599
0.9989788863798875207 0.04517946850151750154 1.397687366429442117e-05 82.07671612454231536 -0.04517946879989865466 0.9989788862257698021 2.182457932447248109e-05 -5.869244753968306583 -1.297657879192623246e-05 -2.243376167690716778e-05 0.999999999664167416 0.4935669202608143902
0.9975559182607651731 0.06987266834680444516 1.277699984598430055e-05 84.03338919328274415 -0.06987266876197222032 0.9975559176783073134 3.559919686781521097e-05 -6.019195060365258421 -1.025836093037901109e-05 -3.640495259882939327e-05 0.9999999992847227182 0.4935690354821219428
0.9949537542138744417 0.1003345742877704283 1.34328648503442985e-05 85.98802429907225076 -0.1003345746986579745 0.9949537536633916712 3.454561013550758289e-05 -6.231010409176763964 -9.898960218845651341e-06 -3.571906527767599335e-05 0.9999999993130794795 0.4935398875093541804
0.9903925195541535276 0.1382846956097603663 1.317286963711697058e-05 87.90417481716487202 -0.1382846959547010535 0.9903925191262211714 3.042640923492744264e-05 -6.511432945495126745 -8.838804804475659013e-06 -3.195569437578518442e-05 0.9999999994503545597 0.4935103536626435083
0.9834242887086187546 0.1813192438713247534 1.349486053578722718e-05 89.80139843923760168 -0.1813192441284240952 0.983424288525329926 2.119855022344177952e-05 -6.879842963654277277 -9.427468523472348142e-06 -2.329404708710959961e-05 0.9999999996842551253 0.4934822685718292523
0.9721908437182492646 0.2341900151627756277 1.380906457567029231e-05 91.67445507875564203 -0.2341900154316788052 0.9721908434802400967 2.29678494974568574e-05 -7.334505380588141499 -8.046205115428226994e-06 -2.556307802739962772e-05 0.9999999996408938108 0.4934710792615692454
0.9572967247752924846 0.2891072128828132692 1.39950843814613323e-05 93.48696131154665068 -0.2891072131533860556 0.9572967244791418251 2.462562573432171045e-05 -7.890951015201855157 -6.278002415637099901e-06 -2.762011070437909459e-05 0.9999999995988581025 0.4934643936799233965
0.9419341729285570786 0.3357975783645150702 1.53673426600811775e-05 95.22929384707185818 -0.3357975786953856789 0.9419341723928711385 3.198603155863287883e-05 -8.516150630393456211 -3.734193251521339828e-06 -3.528905263768515209e-05 0.9999999993703693191 0.4934728919578696971
0.9249255830579465876 0.3801482152354839217 1.613773751259069643e-05 96.9468463081546048 -0.3801482155729957735 0.9249255824305111506 3.412447666320390341e-05 -9.224815897559784261 -1.953847368581774545e-06 -3.769733359305791004e-05 0.9999999992875467925 0.4934711195152376439
0.902284970495279004 0.4311401533554483634 1.360906314890192281e-05 98.64274112227450075 -0.4311401535621961489 0.9022849702217137224 2.237409017966528578e-05 -10.05049481668207534 -2.632884466802863994e-06 -2.605521887347320614e-05 0.9999999996570967387 0.4934473045949189784
0.8774230814695498371 0.4797173499674610153 1.571333727463122788e-05 100.2724237759043433 -0.4797173502248074373 0.8774230810018930349 2.864729973829332056e-05 -10.93831487569542382 -4.463809015120571884e-08 -3.267376253272994893e-05 0.9999999994662116531 0.493461967582138894
0.8492496465104505399 0.5279915128165900695 1.725562256819393087e-05 101.8170157329897165 -0.5279915130938334089 0.8492496459110087104 3.198662146983756178e-05 -11.89547692701999893 2.234333303738443893e-06 -3.627544924547994901e-05 0.999999999339549861 0.4934772694987863417
0.8138335193453560823 0.5810981004122887095 2.212271281338004056e-05 103.3183453147363053 -0.5810981008237265932 0.8138335185223627422 3.675326000087609959e-05 -12.94851081228273237 3.353044362295222859e-06 -4.276650133485176909e-05 0.9999999990798916771 0.4934928290451623401
0.7699312487966020191 0.6381268452301841476 3.905522304758735584e-05 104.7489336584255426 -0.6381268464172972221 0.7699312470377979167 5.213990337195210988e-05 -14.0899752003198202 3.202035464982165521e-06 -6.506632723478231141e-05 0.9999999978780600429 0.4935411294015731309
0.7217972115210329331 0.6921046051524724074 3.113574347740630049e-05 106.0163823124777451 -0.6921046057834032705 0.7217972100810503555 4.66352350895030639e-05 -15.28939173446458888 9.802768192022106081e-06 -5.521037411143459543e-05 0.9999999984278601373 0.4935344897158479016
0.6662673989441812994 0.7457129158196086349 1.691760834011683782e-05 107.1822098212066692 -0.7457129159198992996 0.6662673983352697116 3.079001950290064567e-05 -16.59055370491882897 1.16888643268259524e-05 -3.313006525333755351e-05 0.9999999993828846412 0.4935366932262925665
0.6081376253867768478 0.7938316122335442593 3.139584303055035858e-06 108.266777692012937 -0.7938316121859646524 0.6081376252947745531 1.404626748287758043e-05 -18.01716576852869522 9.24107181932367826e-06 -1.103436502147259847e-05 0.9999999998964227421 0.4935530757331900165
0.5516007135469619405 0.8341082980057915597 -3.820604499611214542e-06 109.239200975457436 -0.834108297974152646 0.5516007135595420996 7.314306456448716679e-06 -19.50248408604979744 8.20837187769555338e-06 -8.477787440751639387e-07 0.9999999999659520133 0.4935692932262458754
0.4937988930059319381 0.8695761342543428807 1.903207348327615425e-06 110.10528785489592 -0.8695761341936553146 0.4937988929428068219 1.309615241280262537e-05 -21.02706618636734603 1.044829990708580122e-05 -8.121849252606586807e-06 0.9999999999124342676 0.4936021382128147339
0.4446699047735915844 0.895694521204535854 -2.17957577136188321e-05 110.8753519438789112 -0.8956945214600692262 0.4446699047501298518 -6.177467804137202643e-06 -22.68029952662168469 4.158793439388684275e-06 2.226927479536705041e-05 0.9999999997433919319 0.4936174967409959202
0.4079582559190585989 0.913000580306907672 -4.229613082628915632e-05 111.5952851563937145 -0.9130005812853388969 0.4079582554029949071 -2.057695368794965429e-05 -24.42882460674251277 -1.531714915856631826e-06 4.701093016918592334e-05 0.9999999988938130802 0.4936432734481340234
0.3802181341022630168 0.9248968417055289937 -5.201118874907102702e-05 112.266666673839822 -0.9248968431496134013 0.3802181331395050878 -2.767709929463661966e-05 -26.22759659128002241 -5.822864636641516303e-06 5.862831933364427321e-05 0.9999999982644069974 0.4936743828827364067
0.3615280429043997712 0.9323612339096341017 -6.081489904856402759e-05 112.8785747678420108 -0.9323612358826991464 0.3615280418245254146 -2.828503142358577366e-05 -28.00496040794909902 -4.385575432483665785e-06 6.692728649105916588e-05 0.999999997750752545 0.493666641757070479
0.3528084720017753417 0.9356955596355702731 -4.200335950202173645e-05 113.5046547482106973 -0.9356955605781662744 0.3528084716192411152 -1.64389566719142481e-05 -29.82160179632050756 -5.627176941698776971e-07 4.510216020013193086e-05 0.9999999989827391689 0.4936756298139042265
0.3461062631132425516 0.9381953176905261094 -2.235157328403153046e-05 114.1362068225988367 -0.9381953179474931126 0.3461062631175879645 -3.796648352419915158e-06 -31.65702709381821123 4.174021796977249917e-06 2.228418517744975495e-05 0.9999999997429963594 0.4936850872635002441
0.3446447104961865016 0.9387332014332893104 -7.485999753849079633e-06 114.7517212342119848 -0.9387332014307542272 0.3446447105395779031 5.557911125942572534e-06 -33.47494118866572421 7.797405922802434303e-06 5.111851843876572414e-06 0.9999999999565347686 0.4936946262593499557
0.348851137430913949 0.9371781494971928028 4.517520154586111646e-06 115.4345133379569717 -0.9371781494732903672 0.3488511373723761633 1.02981385309808933e-05 -35.40919797019842008 8.075248367700414088e-06 -7.826238518637110116e-06 0.9999999999367702452 0.4937234181893002671
0.3537395742559706346 0.9353439546967108331 4.44461094210569771e-06 116.0992436183099699 -0.9353439546664228388 0.3537395741921186554 1.102670575644742307e-05 -37.31369538681830988 8.74152778740241876e-06 -8.057822175274370735e-06 0.9999999999293285313 0.4937092333780955244
0.3656698832847691816 0.93074461396507846 -5.977731751666418463e-06 116.7747962602296781 -0.9307446139494733872 0.3656698833190943909 6.299095026206271926e-06 -39.20310989466958773 8.048725240640408352e-06 3.260352288465751108e-06 0.9999999999622940505 0.4937066030731236399
0.3837235925423771454 0.9234479972581706164 -2.98073552198049707e-05 117.4803093891990642 -0.9234479977214898883 0.3837235925352164845 -6.18636308745456807e-06 -41.11060375003608414 5.72500082549510617e-06 2.989939596379172281e-05 0.999999999536625217 0.4936914050807055809
0.4039130947270859751 0.9147973607224902937 -2.693301006590405084e-05 118.2390286993128541 -0.9147973610932215172 0.403913094761535918 -4.389724367596692004e-06 -42.99534892308328438 6.862887181186244708e-06 2.641131368890107573e-05 0.9999999996276718317 0.4937157224150876544
0.4213225331416622366 0.9069108677919529571 -3.082486523610912066e-05 119.0297901161556524 -0.906910868290507266 0.4213225331404094609 -6.851231326393708609e-06 -44.87476323796376931 6.773754157326107567e-06 3.084198343379330819e-05 0.9999999995014440257 0.4937240997211296278
0.4445837017579813422 0.8957373117130721374 -2.320434943166009041e-05 119.8685874238752547 -0.8957373119745283274 0.4445837018314506284 -2.173300403267313743e-06 -46.71965183356267914 8.36956930815035971e-06 2.175121552434957663e-05 0.9999999997284174658 0.4937372690983305445
0.468750575885839571 0.8833305709245803383 -8.88715148294207024e-06 120.7651962846936726 -0.8833305709270355965 0.4687505759380983239 5.064711353792446728e-06 -48.516569811206125 8.639671747791906087e-06 5.476206229556510617e-06 0.9999999999476836265 0.4937699094457650428
0.4883262817193580463 0.8726611269933362003 -4.370259669321446915e-06 121.672666644737717 -0.8726611269529511716 0.4883262817388286936 8.400480752260360915e-06 -50.24250924231245108 9.464885655106261084e-06 -2.884198022992523538e-07 0.9999999999551664187 0.49379902787331581
0.5105209790932658809 0.8598652975365396189 -5.333054661810951872e-07 122.6245603985312727 -0.8598652974839341434 0.5105209790687078586 1.076227044116077119e-05 -51.92870826060811851 9.526366503794877851e-06 -5.035793979560295776e-06 0.9999999999419446617 0.4938250834399660616
0.5279930056765421709 0.8492487185099408808 -8.252689269222688058e-06 123.618417671559115 -0.84924871850182726 0.5279930057251847053 5.524687871811153016e-06 -53.61736505126469865 9.049196307875900628e-06 4.091589231218838091e-06 0.9999999999506853365 0.4938186769253039565
0.5421756920908540334 0.8402651478818000674 -1.27754825382046117e-05 124.615192408947749 -0.8402651479298604009 0.5421756921608297253 2.562797262217751703e-06 -55.25934253981468203 9.079985308368150119e-06 9.345306345508391457e-06 0.999999999915109572 0.4938209726828250989
0.5588387555667060358 0.8292763380929424333 -1.892215460409683443e-05 125.6309588694983148 -0.8292763382582926113 0.5588387556390653765 -1.712186879326744272e-06 -56.87409899118645029 9.154557267544622364e-06 1.664853146698331752e-05 0.9999999998195101547 0.4938235268263276301
0.5738350227137866133 0.8189709191068107463 -1.914801349291827997e-05 126.6749402187175662 -0.8189709192799110582 0.5738350227816628735 -2.284435058481431934e-06 -58.47238014099200853 9.116914879447987453e-06 1.699255505635129015e-05 0.9999999998140673974 0.4938485195673543715
0.5934764377467496299 0.8048513637367533669 -1.152170708315066907e-05 127.7308239802076457 -0.8048513637524694619 0.5934764378210887203 4.383438901807201871e-06 -59.97882662605606896 1.036587845530252673e-05 6.671793954105239713e-06 0.9999999999240178905 0.4938755876540576462
0.6083882488100140762 0.7936395520755495925 -9.666341267025076387e-06 128.8167644322982994 -0.7936395520514121227 0.6083882488774124964 7.052821693489610739e-06 -61.45364633873723648 1.147828668618667087e-05 3.38073691386643768e-06 0.9999999999284097107 0.4938856714376657631
0.6176075829640411685 0.7864864100148096782 -1.815390869543446759e-05 129.9077969987824588 -0.7864864101623456616 0.6176075830406269063 -1.701318132236165323e-06 -62.94540886125687251 9.873928082011980048e-06 1.53285494597905221e-05 0.9999999998337705254 0.4938920680621051718
0.6327263125044524372 0.7743754987766600095 -1.900394056748735708e-05 131.0399767389532428 -0.774375498960406583 0.6327263125508386654 -4.227595768854175002e-06 -64.44813712338040546 8.750546657069016733e-06 1.739109704074846678e-05 0.9999999998104888155 0.4939175318557209593
0.6477991087346564036 0.7618112066801673299 -1.006601797055948011e-05 132.1926468703608464 -0.7618112066647789726 0.6477991088022118094 6.103005978814324911e-06 -65.85808644971577053 1.117009581961229659e-05 3.714883462783067284e-06 0.9999999999307143117 0.4939533659748799321
0.6608974724362872699 0.7504762026838601718 -1.160919487732164181e-05 133.3462126341403291 -0.7504762026884196358 0.6608974725152929608 4.847752212566867759e-06 -67.23989472311326665 1.131061022439882165e-05 5.508557303519336115e-06 0.9999999999208629697 0.493968136266436042
0.6772519513188222096 0.735751176851097699 -1.411755662768420912e-05 134.5132978796901 -0.7357511769177255134 0.6772519513932386825 6.819961803257487601e-07 -68.59610311114795422 1.006292226728630161e-05 9.925125660103695013e-06 0.9999999999001147888 0.4939795146551699823
