0.9999727208254474142 0.007386311999347235611 0 -0 -0.007386311999347235611 0.9999727208254474142 -0 0 -0 0 1 0.4949999999999998845
0.9999552445644624976 0.009460902583135134131 1.387699789533618649e-05 0.00209133291089982909 -0.009460902963652298783 0.9999552442758055104 2.761628383298376607e-05 0.005425316102439776619 -1.361510184919400498e-05 -2.774633678468731835e-05 0.9999999995223847193 0.4950218166300194844
0.9999821421606827077 0.005976233088948385182 -1.761895143189177534e-07 -0.01438743335799145748 -0.005976233088889078456 0.9999821421606424066 3.351109898173011663e-07 0.004073142696078791043 1.781890693406689955e-07 -3.340520558537153954e-07 0.9999999999999280575 0.4949746621331334029
0.9999785804911818232 0.006545117207933291714 1.344663557442480969e-06 -0.02526250327692611264 -0.006545117207923315319 0.9999785804920858778 -1.180347968231939881e-08 -0.0008879777334573259878 -1.344712010568752939e-06 3.002246268759392634e-09 0.9999999999990956123 0.4949732448814854746
0.9999518925791224255 0.009808798309015915803 2.323068074937306182e-06 -0.01961102128831525293 -0.009808798330540536431 0.9999518925370233235 9.442921507282693886e-06 0.0006260709497538746683 -2.230332605512945432e-06 -9.465253738938644997e-06 0.9999999999527170447 0.4949869468979045672
0.9999574034751518292 0.009229909752008861115 1.853369620853429346e-06 -0.02620137207958866607 -0.009229909756133252915 0.9999574034743462514 2.229276256882826692e-06 -0.009670700519711000753 -1.832714655083497493e-06 -2.246287731806598619e-06 0.9999999999957974728 0.4949691379821341553
0.999941754838262975 0.01079291099520994501 2.336066480921484095e-06 -0.01309706087128033845 -0.01079291100528031143 0.9999417548314558646 4.342029555360601253e-06 -0.01082168850917281273 -2.289067277805950597e-06 -4.366989610777910901e-06 0.9999999999878446122 0.4949942555339633121
0.9999239256574684598 0.0123346213024950746 4.161006564022100934e-06 -0.01090510135112800379 -0.01233462135449431979 0.9999239255846861241 1.271160058586509877e-05 -0.008261179406407742967 -4.003897238505283362e-06 -1.276195799962882599e-05 0.9999999999105504411 0.4950090200270472196
0.9999824634950000846 0.005922218893439646845 5.299213464279096239e-06 -0.001672247969199426197 -0.005922218966398153268 0.9999824634125618061 1.385969195388277305e-05 0.00130755369242968383 -5.217040404612911993e-06 -1.389083200581044113e-05 0.9999999998899133935 0.4950032974243587791
0.9999471916711691888 0.01027686043410590624 3.285183866917775056e-06 -0.02017370116925282925 -0.01027686046309254052 0.9999471916363769086 8.931822609726358637e-06 0.008906495847323189427 -3.193219287351040903e-06 -8.965112311296908148e-06 0.99999999995471478 0.4950081869745168173
0.9999597180776162997 0.008975644640834820609 5.258152000555972369e-06 -0.01289294027539497102 -0.00897564466150671536 0.9999597180835676502 3.921085800582148571e-06 0.008169592542435788821 -5.222745919364120205e-06 -3.968123155641621948e-06 0.9999999999784882077 0.4949945319728040194
0.9999567597261090901 0.009299390644524119232 3.73277364883308124e-06 -0.03565318597769335379 -0.009299390640752988255 0.9999567597325845769 -1.026358191677311569e-06 -0.00192970157082806475 -3.742156748467868127e-06 9.916012913341814802e-07 0.9999999999925063277 0.4949857417257397252
0.9999493611181082819 0.01006355771664741057 2.79343248536139318e-06 -0.0221878566845019054 -0.01006355773076541768 0.9999493611089296241 5.086818688054262807e-06 -0.003382302903419686074 -2.742099535576803262e-06 -5.114672966326888548e-06 0.9999999999831602482 0.49499568871196159
0.9999654528387177388 0.008312227195032826851 3.216926847566932008e-06 -0.01120294863209135398 -0.008312227224586398247 0.999965452800537391 9.28523987842568623e-06 0.001076937806666944429 -3.139634688323399743e-06 -9.311658926667987557e-06 0.9999999999517176219 0.4949987015498401588
0.9999668398950746218 0.008143654025717154271 3.40588209546319174e-06 -0.01084925310231051217 -0.0081436540668106943 0.9999668398257408608 1.223084904869656846e-05 0.01118344384048241928 -3.30616535272532521e-06 -1.225817979803678028e-05 0.9999999999194029154 0.495002169691100391
0.9999618999788520979 0.008729179761906451229 3.687975486675218565e-06 -0.02930599974614118974 -0.008729179805937846079 0.9999618999121003826 1.209672519924289875e-05 0.01764690548770209144 -3.582240485690885375e-06 -1.212845731489993604e-05 0.9999999999200338552 0.4949846184724678855
0.9999713792549840274 0.007565754380593751882 5.811183557681128746e-06 -0.009846163095101870613 -0.007565754410438883457 0.9999713792584792316 5.131115890154211379e-06 0.01017137687107109827 -5.772196474777092695e-06 -5.174935021424101012e-06 0.9999999999699507036 0.4949595087270610705
0.9999487150086276976 0.01012755330515787387 4.344863062974928728e-06 -0.006213182464255386991 -0.01012755333957504264 0.9999487149859257462 7.973862601469262367e-06 0.01360688766518550891 -4.26388451806699259e-06 -8.017456494418086829e-06 0.9999999999587696475 0.4949685011093368781
0.9999822843113099768 0.005952397981769726176 4.902378727472150859e-06 0.01157915801198397023 -0.005952398001405540852 0.9999822843152076368 4.000565653848881275e-06 0.007657152683234553538 -4.878478919552009085e-06 -4.029675690412673868e-06 0.9999999999799809025 0.4949531636913261923
0.9999678631083941394 0.008017027325978136332 5.051643945855831615e-06 0.03053233490863310057 -0.008017027365289433605 0.9999678630903375831 7.810292340951210539e-06 0.007443653006507239787 -4.988866274508722113e-06 -7.850540510186905697e-06 0.9999999999567399378 0.4949578430091707282
0.9999613213829161573 0.008795210479812154772 3.602864468950343985e-06 0.01834439426464968756 -0.008795210491909757206 0.9999613213836694436 3.35581110748929734e-06 8.074471826982532912e-05 -3.573210050117145267e-06 -3.387369260734552735e-06 0.999999999987878696 0.4949501468106844992
0.9999658367751526056 0.008265910373489903512 3.240202970308842497e-06 0.007929791121574594412 -0.008265910406201729815 0.9999658367279499194 1.021568811147174488e-05 0.00349644398558059729 -3.155650312039877343e-06 -1.024212233807244173e-05 0.9999999999425701613 0.4949706086669336536
0.9999750081524125811 0.007069870299583150622 2.60039621846451092e-06 -0.003170730840164314064 -0.007069870317136951049 0.9999750081325193829 6.804357587919781231e-06 0.003606806905428226479 -2.552225304088003113e-06 -6.822571998489823035e-06 0.9999999999734691114 0.4949657881576151053
0.9999705632514308551 0.007672849859866718442 2.806523008240645627e-06 -0.005007127892740007025 -0.007672849876655687962 0.9999705632371130859 6.02110000309158115e-06 0.001694823992240167016 -2.760241396972758981e-06 -6.042456791202563506e-06 0.9999999999779346505 0.4949720312958186264
0.9999797758537924963 0.006359864606615671552 2.7958937868376096e-06 -0.01417763147512060215 -0.006359864621127801765 0.9999797758440226447 5.212641909087957759e-06 0.0008964029530389633132 -2.762685545461056772e-06 -5.230317993835170328e-06 0.9999999999825054386 0.4949796846789904503
0.9999744036818511983 0.007154856255208052844 3.914864530537672235e-06 -0.004063085614806929459 -0.007154856275587594648 0.9999744036757612919 5.216684790126415064e-06 -0.002586235504269181629 -3.877439694593733382e-06 -5.244561555257223712e-06 0.9999999999787297922 0.4949744959701978808
0.9999712031903632559 0.007588991114611007109 2.472292952782447829e-06 -0.001605828702551001215 -0.007588991135479345417 0.9999712031567618009 8.543793485750979648e-06 -0.001966730218185934031 -2.407382985702214907e-06 -8.562309661059144453e-06 0.9999999999604454182 0.4949795152143669497
0.9999627006443159161 0.008636973669446858237 2.862206875402003899e-06 -0.007590517159747353117 -0.008636973685836888195 0.9999627006316560429 5.764357594148582645e-06 -0.003696594783080284306 -2.812313512131848774e-06 -5.788863392790510378e-06 0.9999999999792897887 0.4949742177609097737
0.99996646013749102 0.008190152639168115159 1.44057468641239863e-06 -0.03270475061653280169 -0.008190152643194963458 0.9999664601345418236 2.811994120227392545e-06 -0.007063019017254791587 -1.417495708665861152e-06 -2.823698332906999118e-06 0.9999999999950085483 0.4949779163678968419
0.9999653801980443735 0.00832096158086740624 2.446000308930867416e-06 0.0005755661586111399672 -0.008320961603489241201 0.9999653801567733868 9.388587112936189977e-06 -0.001408315694702992225 -2.367793556118741245e-06 -9.408615156562316728e-06 0.9999999999529355366 0.4949974611041094152
0.9999817719901868962 0.006037853532959137036 3.783258756422270221e-06 0.04545083529753110585 -0.006037853569788755384 0.999981771949097431 9.800297433153828285e-06 0.002461269974594936742 -3.724017034507972863e-06 -9.822961555624055969e-06 0.9999999999448203614 0.4949849241821503987
0.9999826302225979235 0.005894000869737395752 3.012505516252127887e-06 0.1149958668994554428 -0.00589400089352906404 0.9999826301953875785 7.950741877214093648e-06 0.006204128954523834699 -2.965591510080479929e-06 -7.968359484802088326e-06 0.9999999999638550241 0.4949783557566715397
0.9998972346698283831 0.01433597151208401699 4.761051320166300153e-06 0.237207811883458991 -0.01433597152131829353 0.9998972346792044386 1.911118157404002437e-06 -0.0005639758592449659567 -4.733164313739290662e-06 -1.979176056852998605e-06 0.9999999999868397493 0.49496795617564604
0.9996593424125180816 0.02609979128475542476 4.949443604188036853e-06 0.4472584421553989498 -0.02609979124862243927 0.9996593423995712158 -7.229650842496389027e-06 -0.02564641214611864881 -5.136449916657148363e-06 7.098008562215940026e-06 0.9999999999616173696 0.4949546334056246222
0.999056249647978345 0.04343512443919982091 2.549535842996998122e-06 0.69073552053798426 -0.04343512444180196858 0.9990562496506434353 9.74280552207874912e-07 -0.03958081350190874315 -2.504811720630633698e-06 -1.084100481203164953e-06 0.9999999999962750907 0.4949643820069294375
0.9971377430011966192 0.07560635866497936175 3.759618807841146603e-06 1.081572368685189911 -0.0756063586806310084 0.9971377429982042351 4.211360347705970066e-06 -0.06622572704807577759 -3.430452191668194987e-06 -4.483557440164346764e-06 0.9999999999840646359 0.4949753652018699657
0.9947270312113135615 0.102557951250570753 3.878748840068031094e-06 1.484247947380020749 -0.1025579512219639833 0.9947270311974139023 -6.968845328383764565e-06 -0.1316594385473061068 -4.573006817902438794e-06 6.534302290132065885e-06 0.9999999999681949969 0.4949280271095314321
0.9910093488482026869 0.1337926399135739575 1.628016817648782593e-06 1.949358530939568013 -0.1337926398571926412 0.991009348666883505 -1.941946030870728328e-05 -0.2396985450217666014 -4.211560746475663376e-06 1.90270500477503908e-05 0.9999999998101168908 0.4948894752601369351
0.98564817809440608 0.1688125261632127116 5.639607456933127192e-06 2.586547519662439232 -0.1688125257197663487 0.9856481770714877744 -4.688281906342665694e-05 -0.429275754864709036 -1.347307592907478459e-05 4.525792881492327237e-05 0.9999999988850978294 0.4948368579774508613
0.9809204676583409555 0.1944094547333848066 6.43755915421323446e-06 3.306174074111540406 -0.1944094542052194341 0.9809204665936797074 -4.8327002039941485e-05 -0.6597481888336353961 -1.570995964475944813e-05 4.615342307996060872e-05 0.9999999988115291227 0.4948468772551621875
0.9767497677849650284 0.2143825811874525145 4.201752469507837337e-06 4.026477560363820096 -0.2143825805824968178 0.9767497661751950444 -5.849550202890657283e-05 -0.9431897333540684158 -1.664447745493067936e-05 5.623468548581749292e-05 0.9999999982803104981 0.4947933378483310718
0.9724428846039201435 0.2331412365365769512 3.411050799661171235e-06 4.817548869496896202 -0.2331412363278205224 0.972442884180133138 -3.054819450620933593e-05 -1.209120695967292436 -1.04390959188449657e-05 2.891111778444983821e-05 0.9999999995275860032 0.4948577673080392092
0.9682632186441896271 0.2499326696920865787 6.604018779067975495e-06 5.730968118765992436 -0.2499326695601178372 0.9682632185635963173 -1.629879747668628925e-05 -1.506104412690517202 -1.046803044459363741e-05 1.413096606152845911e-05 0.9999999998453678041 0.4948800748281273476
0.9677311316157028998 0.2519850330753136136 3.171228204383378175e-06 6.692689780273564537 -0.2519850327773237586 0.9677311309502247827 -3.805578043987280288e-05 -1.878560293202502507 -1.265838334957740823e-05 3.602866142657092471e-05 0.9999999992708502594 0.4947945446013426452
0.9686382641213278077 0.248475176383969959 1.791260280174014049e-06 7.71010709862021848 -0.2484751761047515883 0.9686382633281912513 -4.096939055453783428e-05 -2.24900922673620185 -1.191495979133905183e-05 3.92394356352905718e-05 0.9999999991591499438 0.4947970297934267681
0.9682039579030783383 0.2501621391640940772 5.647206162739517384e-06 8.721976356444969269 -0.2501621391064806077 0.9682039578898484766 -9.29166161608317949e-06 -2.566973439793993172 -7.79206930405261847e-06 7.583506378541629666e-06 0.9999999999408868412 0.4948467469128197682
0.9700350534060004914 0.2429650080174826643 6.701873086085362434e-06 9.800440702304804574 -0.2429650078435842409 0.9700350532651843549 -2.006515905707137248e-05 -2.933548024130816056 -1.137618334721072938e-05 1.783558699059869008e-05 0.9999999997762368809 0.4947934159293185252
0.9724066880639726795 0.2332921622688112484 5.884793604366499357e-06 10.92126167903500367 -0.2332921621838688064 0.9724066880229654819 -1.24102795477853766e-05 -3.26847913362990905 -8.617633608584018444e-06 1.069496260904157268e-05 0.9999999999056768951 0.4947808686605437711
0.974177878890922111 0.2257818864315119245 6.422176857033794404e-06 12.03666466148411551 -0.2257818864471602682 0.9741778789067705446 1.816521899510662634e-06 -3.570418289860251893 -5.846204887333662873e-06 -3.219626656902590875e-06 0.9999999999777277049 0.4947774303631787829
0.9767648468031763231 0.214313867997570795 5.976604385983916655e-06 13.18784145296219279 -0.2143138680382632444 0.97676484678532427 7.290585976013643238e-06 -3.854409842794726426 -4.27526338688375386e-06 -8.402057297661014333e-06 0.9999999999555635455 0.4947725320495326984
0.9804041043631006591 0.1969969342646359645 6.368172785813743843e-06 14.50704748071072636 -0.1969969342869021811 0.9804041043744838868 3.075839925704394861e-06 -4.157193447188841873 -5.637451700925156853e-06 -4.270076603339070608e-06 0.9999999999749925594 0.4947603213974745007
0.9842592090076682787 0.1767308954813740507 8.257336878885465227e-06 15.90898242710794008 -0.1767308954729931436 0.9842592090422725981 -1.739623082242826895e-06 -4.452571038661152336 -8.434805010332239647e-06 2.529134980722079072e-07 0.9999999999643948145 0.4947358565053234236
0.9876773810722376812 0.1565036449752905123 5.47415675922382209e-06 17.25347334601950777 -0.1565036450266725498 0.9876773810208863136 1.07387496262431116e-05 -4.678673249619346386 -3.726047352263877675e-06 -1.146314559310419786e-05 0.9999999999273562201 0.4947636217918279788
0.9909579062138916816 0.134173127185668789 7.458603226738990183e-06 18.66820826931200727 -0.1341731272571365929 0.9909579061809346001 1.008815818191748413e-05 -4.886256389058286409 -6.037602105792073133e-06 -1.099768422940923384e-05 0.9999999999212989543 0.4947642912196137943
0.9934569467096090456 0.1142072457326743923 7.668760371300943697e-06 20.15985587411684321 -0.1142072457484860221 0.9934569467360112593 1.655140479037041836e-06 -5.089062094164244598 -7.429554228311276525e-06 -2.520138806991040165e-06 0.9999999999692250618 0.494727867224243556
0.995706849522446813 0.09256278812414341084 8.426199091782270593e-06 21.73731475701497118 -0.09256278817592651642 0.9957068495353446069 5.97742526333626572e-06 -5.247149929739350682 -7.836737003058004335e-06 -6.731715758873270694e-06 0.9999999999466345768 0.4947362587555207969
0.9974630646240972842 0.07118591606107135816 8.214765558877594213e-06 23.30744027550690589 -0.07118591610467814301 0.9974630646415501012 5.143637374500883216e-06 -5.37719861633599816 -7.827770691280089575e-06 -5.715363910778565688e-06 0.9999999999530301276 0.4947242075983585563
0.998819421868013424 0.04857738590071604412 8.974008978711971987e-06 24.95315321480145698 -0.0485773858886078963 0.9988194219076942382 -1.562447460136064689e-06 -5.490106856621791209 -9.039314073532175257e-06 1.124668971705528256e-06 0.9999999999585127419 0.4947013178320018856
0.9995698368005910828 0.02932816551826579812 8.24654407013121783e-06 26.63742105906369417 -0.02932816544559155303 0.9995698367980065946 -8.799705870726678156e-06 -5.577776052412710683 -8.501075940617386416e-06 8.554064552252272805e-06 0.9999999999272796147 0.4946815846347005219
0.9998811745922859817 0.01541546757598694951 7.589245124905201989e-06 28.35727624989644724 -0.01541546755760909819 0.9998811746183099425 -2.474135058347336095e-06 -5.636224880578245333 -7.626483278727097597e-06 2.356849306230464491e-06 0.999999999968140818 0.4946910685989258649
0.9999888518945803106 -0.004721867380491393852 7.565233270182466769e-06 30.08855001772390736 0.004721867417358278397 0.9999888519111994611 -4.862768440840593934e-06 -5.669298007304311326 -7.542187584610459436e-06 4.898436258668616891e-06 0.9999999999595601263 0.494677186264564861
0.9998844829658116717 -0.01519936446652724212 6.799815025428967419e-06 31.87046226175112906 0.01519936449032376936 0.999884482982579037 -3.46169758689327773e-06 -5.672565065017234787 -6.74641392778212367e-06 3.564650568893068959e-06 0.9999999999708893972 0.4946679407766312875
0.9996869576388179857 -0.02501972552128000488 7.994778096078054345e-06 33.74377320040018446 0.02501972551045443527 0.9996869576700038174 1.45125485277734977e-06 -5.648258869336690857 -8.028585390192967904e-06 -1.250773395050716206e-06 0.9999999999669885176 0.4946640053438722262
0.9993766925850512406 -0.03530193004144428076 7.439457116781467899e-06 35.56486576523337106 0.03530193011039116369 0.9993766925665705791 -9.34964709460954457e-06 -5.63420384016083009 -7.104759460213816574e-06 9.606446585444183175e-06 0.9999999999286190988 0.4946275181607392435
0.9990703844771936515 -0.04310877880379627297 7.271205915223113888e-06 37.37247852748500776 0.04310877886012753901 0.9990703844709541981 -7.776955964759678613e-06 -5.593312768524994816 -6.929191414837760542e-06 8.083179193620449279e-06 0.9999999999433240028 0.4946249435086967905
0.9988867746210090548 -0.04717214687733833206 6.960811809245093513e-06 39.27407809171405262 0.0471721468840663738 0.9988867746446199458 -8.054756439819354455e-07 -5.531514557702986501 -6.915066841660979166e-06 1.132935405150955658e-06 0.9999999999754489721 0.4946278417900542013
0.9991971235031602561 -0.04006380350780839456 5.807792958992098964e-06 41.15740795773246674 0.04006380355460588405 0.9991971234846908079 -8.178639826291183857e-06 -5.504759037411543154 -5.475462599457878788e-06 8.404755664793423897e-06 0.9999999999496894665 0.4946017444417666331
0.9993523601847482674 -0.03598416501371901055 7.979412575783727165e-06 43.11304416073296863 0.03598416511034332327 0.9993523601372390486 -1.231560465869947477e-05 -5.484231427824547644 -7.531078039835850679e-06 1.259476108238416772e-05 0.9999999998923272404 0.4945869023183722679
0.999429478224355905 -0.03377451644785894186 9.855837910522106263e-06 45.16602614083241463 0.03377451664635811035 0.9994294780514346721 -2.072134653859828665e-05 -5.473156413483923899 -9.150361479182944941e-06 2.104240072075010313e-05 0.9999999997367439164 0.4945715655362279972
0.9994924109129006418 -0.03185781636117820947 8.151517582900973959e-06 47.16818308866531595 0.03185781645332352169 0.9994924108777848426 -1.143556731729111269e-05 -5.454953396456830639 -7.783067757666166744e-06 1.168945229908818664e-05 0.999999999901390102 0.494565277825121663
0.9995811669077528938 -0.02893943180444701752 7.239028445826210563e-06 49.19254663401865457 0.02893943179134979282 0.999581166932524634 1.907527159045652852e-06 -5.420243154778448869 -7.291199253471039579e-06 -1.697234853603452675e-06 0.999999999971978637 0.4945692631424926655
0.9995687247671106723 -0.02936604103761081969 1.017162904553763845e-05 51.20670735663418327 0.0293660412474499137 0.9995687245892720396 -2.113437153358802172e-05 -5.439516626718993386 -9.546609450283784389e-06 2.142395728068792737e-05 0.9999999997249379158 0.4945060280447692302
0.9993879126610630825 -0.03498285120603137482 1.227570039694547872e-05 53.28539854304864321 0.03498285149826525775 0.9993879124269331449 -2.445852425759336343e-05 -5.433595510678409291 -1.141255767845934407e-05 2.487299250858974082e-05 0.9999999996255436452 0.4944869704086137241
0.9994539583149056883 -0.03304217145552851287 1.078900349732440667e-05 55.35064540585968729 0.03304217166762761504 0.9994539581637925663 -2.011088175329901301e-05 -5.426597953734860091 -1.011860504702947185e-05 2.045639247921896041e-05 0.999999999739574652 0.494471562293454181
0.9995269492890686003 -0.03075512205439357924 1.070231800212051826e-05 57.43579818964109762 0.03075512223936571754 0.999526949186236191 -1.757070126898087952e-05 -5.426094494364934739 -1.015686619977170546e-05 1.789154053465378535e-05 0.9999999997883651792 0.4944566816001988441
0.9995656030375118517 -0.02947210722325386417 1.105932919310768632e-05 59.54080364183580087 0.02947210746230688114 0.9995656028470294441 -2.211373497506687416e-05 -5.434834885983301334 -1.040278668370059856e-05 2.243007057420475832e-05 0.9999999996943367275 0.4944240561718200033
0.9996672276930598233 -0.02579600311031398502 1.011124493127536565e-05 61.64709214164504658 0.02579600325609738773 0.9996672276343591124 -1.456290576369013596e-05 -5.430836016705946179 -9.732215426004615081e-06 1.481888933911380574e-05 0.9999999998428420467 0.4944192052104999791
0.99975895409553861 -0.02195526407456053694 9.351127936699937882e-06 63.66384299136448277 0.0219552641485276645 0.9997589541065750041 -7.882147646066307148e-06 -5.435015023797913791 -9.17581925266785779e-06 8.085554170594773529e-06 0.9999999999252138227 0.4944151115325693957
0.9997645230990283016 -0.02170019051307784524 9.300595216945097292e-06 65.69701303412480797 0.02170019054768288283 0.9997645231349258088 -3.636098939899141432e-06 -5.440219165277472513 -9.219501102219878282e-06 3.837067411003723258e-06 0.9999999999501386627 0.494399414422779182
0.9997034508828771537 -0.02435180056167369003 1.022270657559203474e-05 67.73161151113454537 0.02435180070506369823 0.9997034508315866264 -1.414463857965518712e-05 -5.453324223031118301 -9.875227622749343316e-06 1.438938531276756846e-05 0.9999999998477124841 0.4943586376900714341
0.9996644940967324144 -0.02590172113813288268 9.30800944959961414e-06 69.7035362217761616 0.02590172118607564009 0.9996644941259797967 -5.067581034014283521e-06 -5.446664238056690976 -9.173627486965916248e-06 5.306974296222957819e-06 0.9999999999438400344 0.4943625087893568359
0.9995590524556966505 -0.02969344362967445833 7.843069356296326574e-06 71.67091932745380234 0.02969344359491699059 0.9995590524773182439 4.511521322152670038e-06 -5.428137134799441377 -7.97357357835687008e-06 -4.276644240362374486e-06 0.9999999999590659661 0.4943586008860930137
0.9995620064000554361 -0.02959383825362098264 1.00571684339778218e-05 73.70768533474122819 0.02959383833890051607 0.9995620064125008142 -8.439138980924637009e-06 -5.421187387627806054 -9.803016944694021152e-06 8.733072908844193542e-06 0.9999999999138169393 0.4943200066790967018
0.9996307278868966639 -0.02717365937432550393 1.0136758378009223e-05 75.70462298766450715 0.02717365949195636385 0.999630727867173996 -1.165296906489387776e-05 -5.416442550115446508 -9.816361343554057595e-06 1.192411876889961697e-05 0.9999999998807269641 0.4942983921445041617
0.9996497632670903188 -0.02646414018539982455 9.302173898483353032e-06 77.65462976408392137 0.02646414027408167807 0.9996497632624701257 -9.543257603821164785e-06 -5.41030898178792885 -9.046361828392327373e-06 9.786089239360034559e-06 0.9999999999111977012 0.4942821330201322416
0.9997499674786584078 -0.02236073522800565219 6.979766751344208624e-06 79.59738324426106715 0.02236073521013598117 0.9997499674999690278 2.62784525539903003e-06 -5.391903936842682654 -7.036782134789895389e-06 -2.471115492468786805e-06 0.9999999999721884691 0.4942856202409010025
0.9999958426447304038 -0.002883510055770155574 8.077522644414258972e-06 81.53244385649666981 0.002883510091044625551 0.9999958426677526546 -4.358751919911608473e-06 -5.416667144339497142 -8.064920558477232652e-06 4.382025417087135036e-06 0.9999999999578772503 0.4942496959189632277
0.9996022160591434558 0.02820300671355766009 8.012291547243438402e-06 83.48419943311597535 -0.02820300674599249269 0.9996022160824782343 3.96438956806337073e-06 -5.479582526333523163 -7.897296680920183132e-06 -4.188783310115696489e-06 0.9999999999600431844 0.4942506547258016525
0.9979662862777449739 0.06374395185432203681 7.56519485089239385e-06 85.40062595323686878 -0.06374395193349868816 0.9979662862436585735 1.07318393174610736e-05 -5.602292934652686185 -6.865719561294157908e-06 -1.119224924551896775e-05 0.9999999999137975104 0.4942429045339851723
0.9939411492227742118 0.1099135652093046478 8.180684267085648666e-06 87.26274719185315121 -0.1099135653497266829 0.9939411490526107729 1.934734416622378584e-05 -5.785039866792343055 -6.004583145822645411e-06 -2.012928966978080029e-05 0.9999999997793781459 0.4942280942107160069
0.9849788012861904196 0.1726753049827949305 8.255328137478682324e-06 89.07508148964087979 -0.172675305122026751 0.9849788010693469875 2.114802868997851532e-05 -6.085654327907199956 -4.479580907460851723e-06 -2.225585125364259382e-05 0.9999999997423050235 0.4942244368544619904
0.9733140321058797451 0.2294772207096681671 9.131995407421344624e-06 90.89878000808964487 -0.2294772208039357886 0.9733140320628831388 1.112776888643643161e-05 -6.506751000365291304 -6.334729794018046851e-06 -1.292639852968915668e-05 0.9999999998963894354 0.4941994281916984866
0.9567674823805103479 0.2908538887145258323 9.007262977889121157e-06 92.6960020726033207 -0.2908538887576840315 0.9567674824018608248 3.894916728175836716e-06 -7.042810495220682476 -7.485004646077265956e-06 -6.346327136280697281e-06 0.9999999999518491833 0.4941778812335575477
0.9365059013552452516 0.350651816896209334 6.034858027131072332e-06 94.37522244938590177 -0.3506518167834449806 0.9365059013041714397 -1.453146403032637098e-05 -7.69363063182205309 -1.07471644203369534e-05 1.149266788848845984e-05 0.9999999998762082454 0.4941361033015843618
0.9123946402384246479 0.4093116421979959285 5.254330164449568216e-06 96.04469546448569872 -0.4093116420406966438 0.9123946401296264552 -1.883906890191099529e-05 -8.461214702417560574 -1.250507290923759678e-05 1.503800698575115907e-05 0.9999999998087405473 0.4941149624758814363
0.8799561601996263027 0.475054897985239144 5.403358095303939923e-06 97.65590873394603477 -0.4750548978995564053 0.8799561601788760123 -1.212942078958008225e-05 -9.324731638182985449 -1.051685899742910972e-05 8.106466815165053497e-06 0.9999999999118401872 0.4941232913059580012
0.8455509069870166261 0.5338948057812061831 7.4507923793483409e-06 99.2247335418326486 -0.5338948057216404974 0.8455509070132881666 -8.642337600272225647e-06 -10.31780722739630818 -1.091412340891864242e-05 3.32959704655371469e-06 0.9999999999348976321 0.4941211242420914251
0.8073459962289362135 0.5900783357594161505 6.537340155363218043e-06 100.6477974776309026 -0.5900783357196501822 0.807345996253221565 -7.103064624361634169e-06 -11.37028476330906379 -9.469259952912804747e-06 1.877087986523791657e-06 0.9999999999534046058 0.4940987591201388418
0.761896391837838749 0.6476989177854743929 2.49808882842591017e-06 102.0097106569919418 -0.6476989177197590708 0.7618963918061225638 -1.181933545324976231e-05 -12.55013338436463499 -9.558655646802248515e-06 7.387099605212758705e-06 0.9999999999270312578 0.4940666000164473104
0.7197703974206777211 0.6942121973838215609 -1.624211418502020723e-06 103.3364669231524147 -0.6942121973110569888 0.7197703973069797811 -1.635050696667201948e-05 -13.86511177503408021 -1.01816620716671346e-05 1.289615827516707961e-05 0.9999999998650110911 0.4940440024618344972
0.6784161417576890507 0.7346778468136074824 -2.482954081387152465e-06 104.5662961928673838 -0.734677846735674156 0.67841614162744035 -1.724535921348352817e-05 -15.23075195216034317 -1.098530724675651214e-05 1.352370141889397939e-05 0.9999999998482159702 0.494026520456639362
0.6242025674562856619 0.7812625389603801151 6.278780711092392174e-07 105.7187659735329675 -0.7812625388944171023 0.6242025674136437718 -1.251788659745028231e-05 -16.69589152686785738 -1.017167896955123613e-05 7.323159337304164258e-06 0.9999999999214538304 0.4940187900523732023
0.5765152087734366493 0.8170864177111282212 -6.866510802786174727e-06 106.7766648915313397 -0.8170864176374711407 0.5765152085476359378 -2.068507763811073256e-05 -18.26769953355413634 -1.294284807993759475e-05 1.753579456654771001e-05 0.9999999997624889891 0.4939842984280720106
0.5284884241900338342 0.8489405075195116668 1.385213385576156012e-05 107.8042453771363256 -0.8489405076087299662 0.5284884242270340149 1.136286089734210772e-06 -19.90510731480101114 -6.356053103907055225e-06 -1.236015159196698477e-05 0.9999999999034134834 0.4940112080903698577
0.4767426992415510489 0.8790428871746605033 3.506778732923924785e-05 108.759883241330968 -0.8790428878734490858 0.4767426988117020592 2.027496167388853846e-05 -21.62502831386069246 1.104249274474234019e-06 -4.049202900065504505e-05 0.9999999991795878174 0.494037156912127795
0.4282392612033654178 0.9036653886611865083 2.240658725744668341e-05 109.6055132491742938 -0.9036653889322816546 0.4282392611639829205 6.769538797012222862e-06 -23.43426853433248169 -3.477982464276250383e-06 -2.314703968176570328e-05 0.999999999726058908 0.4939947029886829766
0.394118189156438703 0.9190597657136485577 4.965451104996101235e-06 110.3957826673476035 -0.9190597656800920667 0.3941181891851665564 -7.980724161033892717e-06 -25.37859282330265387 -9.29173707565361407e-06 -1.418197774549955205e-06 0.9999999999558257802 0.4939565029007727537
0.3710529114085384106 0.9286117256061453551 -2.063227397807804483e-06 111.0958963927556766 -0.92861172557087035 0.3710529113726260819 -9.819429998500350126e-06 -27.26057143579251729 -8.352871302595808457e-06 5.559465243439297658e-06 0.9999999999496607117 0.4939296670531887479
0.351168355320462644 0.9363123336647746209 7.139869631344321944e-06 111.7984226093788607 -0.9363123336743220948 0.3511683553504783561 -3.466630957749547016e-06 -29.19950701725513298 -5.753145597861044717e-06 -5.467776904718516504e-06 0.9999999999685020846 0.4939496476865712915
0.3459733384305430093 0.938244343833345984 1.903133235037441571e-05 112.5325066780848857 -0.9382443440147170133 0.3459733384561337055 2.03554398184755643e-06 -31.25444133700040794 -4.674495960934777565e-06 -1.85602838837251094e-05 0.9999999998168322968 0.4939602702010599256
0.3467703560870548651 0.9379500625037274775 1.97672277818911838e-05 113.2547732921375996 -0.9379500627004564439 0.3467703561104365506 2.34169632437911603e-06 -33.28548083137267355 -4.658294403426381207e-06 -1.935270340569173939e-05 0.9999999998018864744 0.4939502778069092548
0.3538981152872857083 0.9352839803905644844 4.80850128417754382e-06 113.9480654603850383 -0.9352839803763652871 0.3538981153113043288 -5.716821537667626007e-06 -35.2847684514422113 -7.048571144874704758e-06 -2.474141853096102078e-06 0.9999999999720978749 0.4939109067286782673
0.3598001712127930629 0.9330293868611839736 7.135846053124861569e-06 114.6904657572389254 -0.9330293868651611255 0.3598001712473432034 -4.316987806522808582e-06 -37.31815362924346147 -6.595355118116190498e-06 -5.104701115800825961e-06 0.9999999999652213756 0.4939138536085613262
0.3653599355474522747 0.9308663262698391172 1.076511515096973559e-05 115.4677031424566849 -0.9308663263063137183 0.3653599355989609609 -3.216069420713239897e-06 -39.41208719014181128 -6.926872504961807511e-06 -8.845860276579715049e-06 0.9999999999368842651 0.4939099913598625768
0.3774376816539750656 0.926034986626323442 3.726936481024117503e-06 116.2352954329741266 -0.926034986607113364 0.3774376816705993787 -6.076135991542659229e-06 -41.4590678139939115 -7.033400776799255767e-06 -1.157910892228593735e-06 0.9999999999745952106 0.4938845872887265287
0.3879881032296844112 0.921664381297962465 1.052868656099323427e-06 117.0298319648402128 -0.9216643812727707274 0.3879881032271196295 -7.038132988954341247e-06 -43.49074143815433047 -6.895296999584647223e-06 1.760320330177388772e-06 0.9999999999746779222 0.4938639461885414028
0.3992436882477044535 0.9168448491398605293 1.519525000390456641e-06 117.8399237988386687 -0.9168448491212967122 0.3992436882494225792 -5.914154913911262062e-06 -45.51509830889186503 -6.029023235377828264e-06 9.680203509791899999e-07 0.9999999999813568019 0.4938534821283194765
0.4186491031652327388 0.9081480762472247115 -5.444609865630527972e-06 118.6826426705028581 -0.908148076232920598 0.4186491030943545466 -1.072243020457338277e-05 -47.54540563581426937 -7.458173326033561167e-06 9.433447764207594446e-06 0.9999999999276926177 0.4938181183848895373
0.4336278591801662752 0.9010920484274971276 -2.407423699527535208e-06 119.5527936173937036 -0.9010920484074697034 0.433627859148243977 -8.34107611157522168e-06 -49.52207635198598723 -6.472151374580109629e-06 5.786233330313145713e-06 0.9999999999623152558 0.4938076569968997132
0.4526424255044096956 0.8916921187390650649 -3.788752414723512261e-06 120.4189817176445274 -0.8916921187272494054 0.4526424254618784393 -8.598218138691317424e-06 -51.43379371769650277 -5.952013266995322569e-06 7.270318981331041451e-06 0.9999999999558577546 0.4937854922675246616
0.4768068806298988993 0.8790080765118770678 3.6205259575173037e-06 121.3837811328546081 -0.879008076492458601 0.476806880643484865 -5.855790616481552377e-06 -53.35614874927536988 -6.873578934342340815e-06 -3.903903003419013221e-07 0.9999999999763007352 0.4937886669209858304
0.5003349585400711508 0.865831928941156348 9.538045052275619801e-06 122.410091095318748 -0.8658319289589669898 0.5003349585883071216 -3.444409600913282036e-06 -55.25415834780974222 -7.754497185065914721e-06 -6.534985411241361851e-06 0.9999999999485806867 0.493777174033455335
0.5230951828435885798 0.8522742690155749035 7.876080692695322269e-06 123.4123885902825037 -0.8522742690250985076 0.5230951828781414958 -3.106477138843620783e-06 -57.02145611206169207 -6.767510403030001637e-06 -5.087597688206767816e-06 0.9999999999641584481 0.4937568168837315752
0.5482733534103109152 0.8362991868084477254 9.272211861633778497e-06 124.5060035218839118 -0.8362991868213128788 0.5482733534577847179 -3.521130304207123136e-06 -58.80196567100767879 -8.028425101404002074e-06 -5.823801320236955522e-06 0.9999999999508136783 0.4937360829579741095
0.5728212129044607526 0.8196803389026646736 8.0813271973421686e-06 125.6177632124938128 -0.8196803389092998104 0.5728212129421569321 -3.353175070354692846e-06 -60.5051953490594201 -7.377687325432285992e-06 -4.703335205072799145e-06 0.999999999961723951 0.4937170095175303364
0.5946910433546754859 0.8039543288908731489 3.685899458209864361e-06 126.7695264573256111 -0.803954328867526713 0.5946910433656810158 -6.167262622706596955e-06 -62.18383335798556999 -7.150168877475671923e-06 7.043210185413876562e-07 0.9999999999741892021 0.4936908501285487416
0.6178658303368664839 0.7862835466093596182 5.981127767043821074e-06 127.9958309842956794 -0.7862835465889578268 0.6178658303647759364 -5.776554319621473034e-06 -63.85124227864687185 -8.237544091915938516e-06 -1.133726822093975487e-06 0.9999999999654285432 0.4936841893007075099
0.636611491343143765 0.7711846789603651331 5.374900887215903962e-06 129.1897202649179519 -0.7711846789456550111 0.636611491364982629 -4.875686660531326046e-06 -65.3951565497548728 -7.181778521762670914e-06 -1.041123058789592755e-06 0.9999999999736688405 0.4936672615350098936
0.6484305733743216393 0.7612737953213253306 8.52911196754324977e-06 130.4338670876411186 -0.7612737953367177957 0.6484305734093841478 -1.959325957921921308e-06 -66.92021284466970599 -7.022120472045724329e-06 -5.222502584060969037e-06 0.9999999999617074087 0.493655243686017986
0.6565335664926859049 0.7542968089872443826 4.720951279291124554e-06 131.6554057850188144 -0.7542968089680091026 0.6565335665096589945 -5.386924552746225181e-06 -68.41578239306409159 -7.162802981102855175e-06 -2.430169622123899441e-08 0.9999999999743466317 0.4936314427117484138
0.6680321696040127932 0.7441323943439298594 8.02234821080778357e-06 132.9200671271331657 -0.7441323943479107861 0.6680321696406908982 -3.070669466288125115e-06 -69.89269923174903454 -7.64417130306682094e-06 -3.918383196699822927e-06 0.9999999999631061787 0.4936239425415114845
0.6769949039773678345 0.7359877036659443483 6.590690666280237546e-06 134.1285252794541236 -0.7359877036631270464 0.6769949040044187516 -3.310183249082716783e-06 -71.27777537895917703 -6.898118163147073717e-06 -2.609690098169351588e-06 0.9999999999728024225 0.4936051082887045194
0.6845870360723756987 0.7289311283791447549 1.112560102672142808e-05 135.3789140524141317 -0.7289311284292402382 0.6845870361091056511 6.760147287999581661e-07 -72.65021807434688128 -7.123674052750569848e-06 -8.572587830392001758e-06 0.9999999999378818005 0.4936133219913517722
0.6937945832905553223 0.7201729487232538807 1.123258378869725623e-05 136.6060410874949014 -0.7201729487768734339 0.6937945833249417049 1.107206841859481898e-06 -73.96591184544421083 -6.995725373193205066e-06 -8.857577098953760207e-06 0.9999999999363013981 0.493602447931186572
0.7004964150380801335 0.7136559202275041258 6.727927934992529805e-06 137.810329422224811 -0.7136559202181321782 0.7004964150677830403 -4.126487453759705034e-06 -75.24989840938435748 -7.657781600416793506e-06 -1.910835933550082036e-06 0.9999999999688533592 0.4935617306918811398
0.7060112862600430583 0.7082005814761341833 8.516903354635415135e-06 139.0141073814908736 -0.708200581462846146 0.7060112863069971656 -5.005850713462453778e-06 -76.50728455852889454 -9.558176278815358945e-06 -2.497488806978285429e-06 0.9999999999512017013 0.4935496924625416004
0.7151473722458174809 0.6989737018713926275 8.020985870584971687e-06 140.1363866690048496 -0.6989737018664748947 0.7151473722851535708 -3.866335484731722236e-06 -77.65500915382024516 -8.438653794924848257e-06 -2.841458524454819132e-06 0.9999999999603573775 0.4935317441088241108
0.7291177080408384192 0.6843883164874542402 8.886813780063644144e-06 141.2397509334177244 -0.6843883164951871656 0.7291177080830452129 -2.615963068575861588e-06 -78.7360837423015596 -8.269867855976817218e-06 -4.174686525064477163e-06 0.9999999999570904352 0.49352178983580125
0.7475096773336178391 0.6642509181188687162 8.547703163467683374e-06 142.3501722651895136 -0.6642509181222205905 0.7475096773740743661 -2.850804528577705903e-06 -79.77558807420427911 -8.283140359498253493e-06 -3.546815700871279965e-06 0.9999999999594046951 0.4935069207127874003
0.7803693688806104811 0.6253188371033430171 8.878803635575485375e-06 143.4968760861598298 -0.6253188371071787266 0.7803693689234461051 -2.679695256894630789e-06 -80.75535836397695277 -8.604410311721935467e-06 -3.460931067885825271e-06 0.9999999999569928466 0.4934927426292148311
0.817755432865797216 0.5755658536924510571 9.164346565173647587e-06 144.6119283414369932 -0.5755658537260166518 0.8177554328924568905 1.320781489513293284e-06 -81.58328541448830151 -6.733997467027173291e-06 -6.354761193303335907e-06 0.9999999999571349552 0.4934842051032269916
0.8573607793713516889 0.5147159351872749866 7.891133633180245286e-06 145.6579418363955085 -0.5147159352063023219 0.8573607793961246504 4.514180227874442586e-07 -82.25818370518366862 -6.533196432302958437e-06 -4.448720335679595748e-06 0.999999999968762876 0.4934742609337583463
0.9021853802133790179 0.431348512955603558 1.012239490233273169e-05 146.7683797442326465 -0.4313485130053547056 0.9021853802404067313 3.282455101716645343e-06 -82.8247245786117503 -7.716394566935602436e-06 -7.32766299314978514e-06 0.9999999999433810682 0.4934711820889487455
