0.9999806747146977592 0.006216928271891146787 0 -0 -0.006216928271891146787 0.9999806747146977592 -0 0 -0 0 1 0.4949999999999999956
0.9999824335738830561 0.00592727134338635539 -5.560965234625668597e-07 0.001839523268406793779 -0.005927271347416005268 0.9999824335455244073 -7.548374876938372255e-06 -0.001389076625664278572 5.113454887194235433e-07 7.551538413958824291e-06 0.999999999971356357 0.4949901008779576395
0.9999811003066391146 0.006148091714949886245 -1.437162817346674638e-07 0.001845514759802900856 -0.006148091715771480774 0.9999811002844204433 -6.666861551097780251e-06 -0.003685636024399757769 1.027250892720817067e-07 6.66761913033992031e-06 0.9999999999777661186 0.4949919732107704862
0.999982290809490304 0.005951308222662334523 -2.75379927232854143e-07 0.001945636324506739559 -0.005951308223750855289 0.9999822908009650124 -4.136811890915740524e-06 -0.007402363603395109397 2.507556078522875188e-07 4.138377502151494352e-06 0.9999999999914054305 0.4949931198410194577
0.9999808794739201145 0.006183905608323637081 -4.747876590425561099e-07 0.0009234184133328042499 -0.006183905607965565002 0.9999808794737522488 7.520649893724442163e-07 -0.008297002980663508234 4.794292797587818856e-07 -7.491145674265232941e-07 0.9999999999996045386 0.4950008733148463236
0.9999798802345218895 0.006343431866129322846 -7.375355458327218075e-07 -0.003423444673100974577 -0.006343431863457990073 0.9999798802284394217 3.569645458108637514e-06 -0.006028628767131752504 7.601645095359101722e-07 -3.564895131197283051e-06 0.9999999999933568695 0.4950041535402893156
0.9999781623905920069 0.006608687020112946273 -1.946824891076911299e-07 -0.00126178391574181684 -0.006608687019777279882 0.9999781623892064486 1.677321917515662018e-06 -0.005097113299550566981 2.057631332916859535e-07 -1.675998693176083058e-06 0.9999999999985743626 0.4949986762245247585
0.9999792412463425206 0.006443374785068877071 3.512176637238978326e-08 0.005532150760473817167 -0.006443374785028435463 0.9999792412457906288 -1.051459292497252114e-06 -0.008017697001576784555 -4.18959835806080755e-08 1.051211162808987438e-06 0.9999999999994465538 0.4949963215344395651
0.9999790617059244324 0.006471178557370802463 -2.242739353647896838e-07 0.0009121183593140114437 -0.00647117855767259751 0.999979061705006611 -1.371912748870470584e-06 -0.01093053346585957236 2.15391347087565645e-07 1.373335340039518452e-06 0.9999999999990337729 0.4949965578135608335
0.9999812863106369853 0.006117763537913278177 -2.262700361959647239e-07 0.002682063418561415717 -0.00611776353792492858 0.9999812863106611882 -5.064010812374130636e-08 -0.01303367114988228034 2.259559976417379466e-07 5.202342703777164343e-08 0.9999999999999731326 0.4950006623136674055
0.999980032919864481 0.006319316700316724919 -5.104977403288251578e-07 -0.001673691762006465893 -0.00631931669850335255 0.9999800329139543198 3.479021390877465511e-06 -0.01112138792776557784 5.324725851514887287e-07 -3.475725928083730538e-06 0.9999999999938179451 0.4950081696301427692
0.9999794865243941677 0.006405195750269098397 -2.064929199598305965e-07 -0.002440407999650864163 -0.006405195749802785644 0.999979486522031058 2.18511276387144007e-06 -0.01109427306418408164 2.204847590605895154e-07 -2.183745312040799874e-06 0.9999999999975913711 0.4950036394303967135
0.9999810230439744041 0.006160645594708970621 -1.261043625339044196e-07 0.004643796736512058321 -0.006160645594747007903 0.9999810230439361014 -3.031427598108652783e-07 -0.01293155770904281035 1.242344143486033103e-07 3.039138913697934147e-07 0.9999999999999461542 0.4949985321147627459
0.9999809301747712986 0.00617570149511460862 -2.743511644449577416e-07 0.007199909609390435679 -0.006175701494618685006 0.999980930173239746 1.77327330027398038e-06 -0.01033946611552000357 2.852971391845308308e-07 -1.771545173366231177e-06 0.9999999999983900656 0.4950053312628862057
0.9999803504816138222 0.006268863749560535555 -4.37191057946858621e-07 -0.00172180606641347345 -0.006268863748043163389 0.9999803504759731121 3.389880221581279826e-06 -0.005742694500307615225 4.584331645928306825e-07 -3.387072920892629325e-06 0.9999999999941587836 0.4950069095780978978
0.9999814050006949895 0.006098332154686266979 -9.134355175450658745e-10 0.001081068997933709542 -0.006098332154682434975 0.9999814050002073795 9.876253031870740739e-07 -0.005222156803869510387 6.936285675695205298e-09 -9.876013678620578938e-07 0.999999999999512279 0.4950019013280813618
0.9999799366595969463 0.006334530803341425174 5.56801686364600208e-08 -0.003404972961718748942 -0.006334530803170450829 0.9999799366560429004 -2.667041361065424876e-06 -0.00840304486459411519 -7.25735071607768956e-08 2.666635143563395618e-06 0.9999999999964418462 0.4949943631919728748
0.9999802744702600554 0.00628097703645108963 -2.897630273393308127e-07 -0.003663244403649850052 -0.006280977036832093019 0.9999802744694109569 -1.333104274679967172e-06 -0.00953345953884908448 2.813841142733703978e-07 1.334897973412800317e-06 0.9999999999990694111 0.4949996578637564926
0.999981477128044749 0.006086493493461014349 2.727301842454253613e-08 0.004691413508472998262 -0.006086493493471509426 0.9999814771279645909 4.010702704652596907e-07 -0.0111028975690774228 -2.483140165816925455e-08 -4.012288385411914989e-07 0.9999999999999191758 0.4950035203236664572
0.999981757112335834 0.006040318266174021442 -4.293827188425909314e-08 0.001322377875930191892 -0.006040318266035120398 0.9999817571086466739 2.716895606332565178e-06 -0.008376629759163017191 5.934840272428377031e-08 -2.716586681483248211e-06 0.9999999999963082864 0.4950060994096976974
0.9999809814838502842 0.006167387843829254604 -1.099787791021133165e-07 0.001918583386990333406 -0.006167387843748912621 0.9999809814835998178 7.168704725157392019e-07 -0.007694632573915078516 1.143979057072746046e-07 -7.161785569176827488e-07 0.9999999999997369882 0.4950003288410387281
0.999978883021039433 0.006498731739887656997 2.068784662657249601e-08 0.008377610358618127126 -0.006498731739882631503 0.9999788830210116775 -2.363629358423216303e-07 -0.006497667765320866949 -2.222346907497950918e-08 2.362234998056822751e-07 0.9999999999999718003 0.4949993970101284613
0.9999791867075542573 0.006451833375759948898 -1.50662304693192276e-07 0.001422584618274792432 -0.006451833375874642743 0.9999791867072658214 -7.73304054134829604e-07 -0.006067336048678753299 1.456699400087070231e-07 7.742600072172612228e-07 0.9999999999996896927 0.4949982794347692061
0.999979411438301935 0.006416907489908515137 -7.795537845409590518e-08 0.0005583367016070754857 -0.006416907490043180853 0.9999794114365542219 -1.87073641888102132e-06 -0.007195308962519945777 6.594943092738729877e-08 1.871198135560713667e-06 0.9999999999982471799 0.4949958031933297531
0.9999812551624370771 0.006122852765643943887 -7.017000076976048134e-09 0.004898774551530687277 -0.006122852765645084468 0.9999812551624228663 -1.686355278199987593e-07 -0.005568423433511908958 5.984338036547611571e-09 1.686753308327504093e-07 0.9999999999999857891 0.4950002467552062635
0.9999815365759856522 0.006076718633861535358 -9.100453750565029517e-08 -2.409513595253333164e-05 -0.006076718633777704846 0.9999815365755896357 8.952026463704500568e-07 -0.002720476332596038268 9.644275185196889489e-08 -8.946331088956532829e-07 0.9999999999995952127 0.4950014950300463679
0.9999816474506676434 0.006058445681562981376 -7.217013352196181559e-08 0.002820375739040122468 -0.006058445681567820387 0.9999816474506678654 -6.640927839056862432e-08 -0.002663535064136504128 7.176647201014255825e-08 6.684529844478775698e-08 0.999999999999995226 0.4949997909314605704
0.9999797495531879132 0.006363999196138904121 8.929341153355824239e-08 0.007898331888928805319 -0.006363999196034661986 0.9999797495525616364 -1.123255796168364591e-06 -0.002682350475764906216 -9.644000228651736735e-08 1.122664786537343745e-06 0.9999999999993651745 0.4949967774018499966
0.9999808222707018412 0.006193148879506448455 -7.397599627158958416e-09 0.004366096004797326464 -0.006193148879510866796 0.9999808222701245253 -1.074539378529056732e-06 -0.002224687639789890269 7.42675414702724223e-10 1.074564585739573706e-06 0.999999999999422684 0.4949973339186271581
0.9999795242973246179 0.006399295923690480163 -1.018006279606817232e-07 0.002767364183093284913 -0.006399295923781871467 0.9999795242969025111 -9.238402829304424619e-07 -0.002323042741248310551 9.588661616454286038e-08 9.244728189950377379e-07 0.9999999999995681232 0.4949979746588083485
0.9999787086022537963 0.006525514871688667916 -2.467859326324243009e-07 0.002364859301120223346 -0.006525514871861291116 0.9999787086020345273 -7.050900187874324617e-07 -0.003702428924935015093 2.421796028112906459e-07 7.066854117090071948e-07 0.999999999999721001 0.4949990334680824389
0.9999807397084597982 0.006206465526155668065 -1.645024755548979033e-07 0.006474918883664661923 -0.006206465526500198893 0.9999807397060871406 -2.183589162865444067e-06 -0.006511779071348042583 1.509469363224897036e-07 2.18456808524537906e-06 0.9999999999976024734 0.4949945496288132851
0.9999805304166939912 0.006240095324807673136 -3.429298788561192236e-07 0.002242949939860292615 -0.006240095324426939496 0.9999805304161496489 1.100441230703867373e-06 -0.004726579173165997884 3.497900603373487814e-07 -1.098279890436620745e-06 0.9999999999993357536 0.4950032494647407244
0.9999811396620635895 0.006141687259200871545 6.11717043350389573e-08 0.003164798809135240063 -0.006141687259191753838 0.9999811396620543746 -1.488531553826922344e-07 -0.007112489429919855409 -6.208476014411016819e-08 1.484746504846651704e-07 0.9999999999999870104 0.4949994474767377417
0.9999792361997995593 0.006444157933470553296 -1.636265382940487896e-07 4.328935629794856114e-05 -0.006444157933420638362 0.9999792361997671408 3.040329086646738118e-07 -0.007543140759320697726 1.655823768657303731e-07 -3.029721605312229261e-07 0.999999999999940381 0.4950003524861372739
0.9999806635555568146 0.006218723118216269025 8.288932538482100393e-09 0.001168450775927504454 -0.006218723118212807384 0.9999806635554879808 -3.7131630630865146e-07 -0.008976900605516440271 -1.059788555672319242e-08 3.712575797951637826e-07 0.9999999999999310552 0.4949990711794817755
0.9999802762494199859 0.006280693769758380687 -3.700676165543696294e-07 0.002232118680199902862 -0.006280693769000646534 0.999980276247464217 2.014443242585782667e-06 -0.006868110144765344864 3.827124185583620545e-07 -2.01207922883576551e-06 0.9999999999979025667 0.4950049877386723529
0.9999812954102396123 0.006116275977565158173 -2.414418026258268475e-07 0.001396413872172433228 -0.006116275977008132393 0.9999812954077537119 2.244248836011964508e-06 -0.003864753792314155108 2.551637317982974753e-07 -2.242730133560970094e-06 0.9999999999974524822 0.4950025439729708321
0.9999805215734752784 0.006241512306518801068 3.210982162244435846e-08 0.003612711785257631276 -0.006241512306547075326 0.9999805215730045438 9.706620919049205545e-07 -0.0018860646942756448 -2.605079678528048731e-08 -9.708435987813998107e-07 0.9999999999995283773 0.4950016198656243538
0.9999785261418772109 0.006553415699939100537 -1.258178445703506528e-07 0.0215527090672813261 -0.006553415699934774137 0.9999785261418844273 3.512132278783877504e-08 -0.0005669534932825051523 1.260453074039657521e-07 -3.429603195960656225e-08 0.9999999999999914513 0.4949996757035837747
0.9999727885403620897 0.007377139066769603307 4.842360474448037426e-07 0.07035961081778739634 -0.007377139063714605212 0.9999727885222989832 -6.033639283914673202e-06 -0.007429670268831901382 -5.287338667428768447e-07 6.029902823121138668e-06 0.9999999999816803209 0.4949867435262501059
0.9999601996569479345 0.008921832928727124051 1.20897705781842958e-06 0.1465972868007235641 -0.008921832927986905401 0.9999601996574953855 -6.163216140828597085e-07 -0.004876465632559991333 -1.214427658588676811e-06 6.055107929475276242e-07 0.999999999999079292 0.4950029600174325473
0.9999392696455912111 0.01102075403506080735 1.836607955386206869e-06 0.2322660819339729954 -0.0110207540258596224 0.9999392696351426801 -4.946901689791449486e-06 -0.01048290967845546574 -1.891015004273682259e-06 4.926360458180397149e-06 0.9999999999860774702 0.4949960412040562141
0.9998388840336267513 0.01795009677515671184 1.545064557569838563e-06 0.3489197029480117784 -0.01795009675985359196 0.9998388839908517456 -9.40600415602213092e-06 -0.02177044864084438577 -1.713654307802543973e-06 9.376754640264228059e-06 0.9999999999545698959 0.4949901317761927211
0.9994349072715048576 0.03361348136265242259 -3.376539293845571612e-07 0.5217392754643119801 -0.03361348136368971784 0.9994349072643812226 -3.779362870354457841e-06 -0.03004990730167363122 2.104255801965484826e-07 3.788576903940820879e-06 0.9999999999928012029 0.4949997544331189436
0.9986202231804894858 0.0525133302676073499 1.177901097322318312e-06 0.7989619610630134261 -0.05251333023206787576 0.9986202229687287657 -2.068953815353831113e-05 -0.06802761798289037876 -2.262752406584165697e-06 2.059913569908327421e-05 0.99999999978527776 0.494978328194452144
0.9968609939217204508 0.07917170447936369704 3.076497016905491219e-06 1.18662278747615213 -0.07917170434714680682 0.9968609934578955833 -3.090531200694492803e-05 -0.1303323395098466286 -5.5136661016990385e-06 3.056472853245667987e-05 0.999999999517698468 0.4949346491455743346
0.9949167096448396919 0.1007012456171541837 -1.694767880646791831e-06 1.538896299411330659 -0.1007012456313149812 0.9949167094791787624 -1.815648385437468144e-05 -0.1918594265918883712 -1.422276570191866674e-07 1.823485441175118737e-05 0.9999999998337348872 0.4949285201308015192
0.9920831037855658563 0.1255831007134668442 7.888565555016021461e-07 2.16337863121281293 -0.1255831005849769311 0.9920831030182523103 -3.943820496969839746e-05 -0.330617264324123139 -5.73538332608631609e-06 3.902690974191302985e-05 0.9999999992220028888 0.4948810909849251649
0.9890178375435563218 0.1477962009103273022 4.401684456794367909e-06 2.944183965340702258 -0.1477962004210270908 0.9890178359726657931 -5.719515518814241725e-05 -0.5500727343793953006 -1.280657108337729616e-05 5.591647646397823469e-05 0.9999999983546696836 0.4947625027491867056
0.9883478838190373761 0.1522118935598144041 3.405739282451353621e-06 3.708134591107528522 -0.1522118931192753266 0.9883478822381338569 -5.718981669937174978e-05 -0.7851032997867968266 -1.207102549941611974e-05 5.600504028717010803e-05 0.9999999983588628849 0.4947320082595863533
0.9901598648744345255 0.1399408517548121622 2.052331087625869714e-06 4.512460520466407665 -0.1399408515706015432 0.9901598641407033385 -3.884316857159948315e-05 -1.042184629885396285 -7.467881965660748181e-06 3.817374158404264998e-05 0.9999999992434981388 0.4946825394103901985
0.9923387953428648434 0.1235464093257959556 -1.551632178912407523e-06 5.378531422891377645 -0.1235464093344292857 0.9923387953089298774 -8.223406367892063573e-06 -1.291984212172132995 5.237724780045606108e-07 8.35210375304123907e-06 0.9999999999649840099 0.4947391594743744681
0.9939486398910308829 0.1098458067099757768 -3.039266963057422029e-06 6.388029530538092082 -0.1098458066937232774 0.9939486398844971093 5.079017678339606804e-06 -1.546378176605274657 3.57878405834825328e-06 -4.714431982053529405e-06 0.9999999999824832342 0.4947704455681587454
0.9937029900793741266 0.1120462738443561146 -5.209564463747590016e-06 7.467801904405588331 -0.1120462734641427677 0.9937029889574697794 4.839444338455355061e-05 -1.746477020380777345 1.059917683480350702e-05 -4.750599080992370352e-05 0.9999999988154191222 0.4948149602515682366
0.9929841176132392366 0.1182477997884080895 -3.910263394398077162e-06 8.538567301500158635 -0.1182477992790068877 0.9929841155081302606 6.569962631793793814e-05 -1.919414291705479947 1.165166569710698211e-05 -6.477630542584831349e-05 0.999999997834134513 0.494810153504484318
0.9938328011215011859 0.1108889688227915893 3.262130446022635452e-06 9.662152062734618241 -0.1108889686576885331 0.9938327969579660026 9.123033281048864638e-05 -2.066632304857528357 6.874425305502693286e-06 -9.102943148508103497e-05 0.9999999958331924343 0.4947922593985615292
0.9939272993386030208 0.1100387369560458378 9.067137020202730782e-07 10.92533563217272707 -0.1100387364293957532 0.993927293705113124 0.0001063733264550926469 -2.195820979797661998 1.080397899291711333e-05 -0.0001058271267152473461 0.9999999943419466408 0.4947712690600601926
0.9948310346556030748 0.1015441404896267052 4.529709637358443307e-06 12.18423302804931474 -0.1015441405267798192 0.9948310314577142321 7.984792463330049074e-05 -2.327864868149945199 3.601793166031774705e-06 -7.989515895001037351e-05 0.99999999680189533 0.4947257862904098635
0.9960317628253954059 0.08899846873299953331 2.889523298142780163e-06 13.40534157439926943 -0.08899846867574465192 0.9960317595638876753 8.071970813442581015e-05 -2.413076633691111361 4.305873445588604736e-06 -8.065655633662114829e-05 0.9999999967379896715 0.4947204580230745163
0.9963257716150337728 0.08564436239808745355 2.713900196425786355e-06 14.75614361012420162 -0.08564436243809112059 0.9963257708149397818 3.993522068115636233e-05 -2.534283907370130429 7.162978073458669657e-07 -4.002091981181326338e-05 0.9999999991989064752 0.494692966103688625
0.9960970424287867164 0.08826484009423964106 8.366308410127428974e-06 16.23756905996001265 -0.08826484020771545314 0.9960970423507324867 1.433395901610514886e-05 -2.688807837270853263 -7.068470462248083205e-06 -1.501646505718614387e-05 0.9999999998622712827 0.4946317278179394039
0.9962967316050812538 0.08598152435249233061 8.080059790289410808e-06 17.72304003170268061 -0.08598152447002942178 0.9962967315064777951 1.554194607184201783e-05 -2.846028657229452197 -6.713816944781047857e-06 -1.61791259327367038e-05 0.9999999998465802786 0.4946060874507834382
0.9971323891975396592 0.07567693422859859964 6.418687885522003585e-06 19.24900386991239998 -0.07567693440000190785 0.9971323886604700482 3.295930833752461469e-05 -2.98363829683761228 -3.90602217407759386e-06 -3.3350540490941043e-05 0.9999999994362421818 0.4946244977229590778
0.9974687523676599721 0.07110617430914191461 5.239689046635599405e-06 20.81087595192831685 -0.07110617447087524967 0.9974687514072773098 4.382188440600736501e-05 -3.10739956154861563 -2.110419539981304176e-06 -4.408353460838319518e-05 0.9999999990260940441 0.4946525230281820784
0.9976315003353285471 0.06878509655675106582 5.709006438337909132e-06 22.38137401322007491 -0.06878509672242455464 0.9976314996434108018 3.728751595479111615e-05 -3.246363964555981863 -3.130659269241222594e-06 -3.759189504580578132e-05 0.9999999992885242328 0.4946459800221661984
0.9981091540106676874 0.06146638605363633628 8.236959358740274855e-06 24.08284876612772152 -0.06146638632268558444 0.9981091533116165371 3.781840014812388068e-05 -3.373328975746899605 -5.896824147979001157e-06 -3.825318750394942062e-05 0.9999999992509605029 0.4946436874917132798
0.9985928548952379691 0.05303121807360089424 8.002580380207071416e-06 25.83871620770565514 -0.05303121828700368967 0.9985928544846500721 2.93500881719090459e-05 -3.504094119917516625 -6.434848658789899624e-06 -2.973317492601566681e-05 0.9999999995372654826 0.4946401885789274977
0.9989425439327381806 0.04597601430344316203 5.673807327442174704e-06 27.57722720336152378 -0.04597601449788010775 0.9989425430989508081 4.098932080486843193e-05 -3.601262431744494119 -3.783281921115596929e-06 -4.120683544683502198e-05 0.9999999991438417446 0.4946605623608763547
0.9991342621968312132 0.04160199629958989676 3.242781732155043359e-06 29.25893495971445546 -0.04160199638827253438 0.9991342615745630873 3.530716099486543502e-05 -3.702464725984780269 -1.771125950346751338e-06 -3.541150044477868588e-05 0.999999999371444348 0.494658823369893752
0.9992762205519948315 0.03803991366741855951 3.119182867025514253e-06 31.04704048174804853 -0.03803991372325567222 0.9992762203466629689 2.039234673632299706e-05 -3.819937792324907377 -2.341202156605585689e-06 -2.049624062200735365e-05 0.9999999997872114355 0.4946500296172604005
0.9996537516916328414 0.02631305229648330316 3.149396199599154844e-06 32.84458078032564998 -0.02631305236792552335 0.9996537513737320246 2.533259499385162331e-05 -3.914286977478520058 -2.481727828612603488e-06 -2.540669385281585401e-05 0.9999999996741704145 0.4946583429439532775
0.9999130311672224103 0.01318825522944740841 5.311583331174638593e-06 34.67353393637190351 -0.01318825543137479642 0.999913030379875778 3.996802801702524445e-05 -3.969776734099897286 -4.784012830283278751e-06 -4.003460256199680936e-05 0.9999999991871718619 0.4946756090929937399
0.9999970652599867726 0.002422695453310842306 4.51523086881655177e-06 36.41193048755727801 -0.002422695619838450849 0.9999970645760624111 3.724815431159983421e-05 -4.020019211503496948 -4.42497668060475875e-06 -3.725898402799940567e-05 0.9999999992960938444 0.4946666732924118737
0.9999770451597934651 -0.006775627186438027555 5.652606689738466945e-06 38.19804711959557864 0.006775626977202784708 0.9999770445202064151 3.624819596941606487e-05 -4.051360710187637437 -5.898081193509307548e-06 -3.620906394349133551e-05 0.9999999993270581866 0.4946628378767057299
0.9998325802249651284 -0.01829785439284986256 6.894901830092168951e-06 40.0748982746146325 0.01829785414154879927 0.9998325796442277813 3.490009086488758943e-05 -4.060262616411064229 -7.532344264117594773e-06 -3.476808599151898953e-05 0.9999999993672219478 0.4946545319336911883
0.9996221995004842542 -0.02748560055349008255 5.500973778021690711e-06 41.87852586980510949 0.02748560032148087903 0.9996221987785536278 3.855295773078545852e-05 -4.052816536456440133 -6.558546699753214802e-06 -3.838719483745530272e-05 0.9999999992417043515 0.494656297882342888
0.9995359512229300414 -0.03046115875779856902 4.715685785719108115e-06 43.71415340308845998 0.03046115849849406407 0.9995359501025807836 4.772518992573334485e-05 -4.01772153380280983 -6.167262059287801389e-06 -4.755939785756499135e-05 0.9999999988500343218 0.4946642813046258635
0.9996772638826806334 -0.02540409495495870792 6.147324957755861074e-06 45.6532587750762886 0.02540409469899605754 0.9996772631612018678 3.864306580218631384e-05 -4.003389844106387763 -7.127033102521428106e-06 -3.847442706379566131e-05 0.9999999992344619226 0.4946372255444367871
0.9997530099284233085 -0.02222429092570998507 5.842968741348292121e-06 47.54174083489256475 0.02222429076877297308 0.9997530096192620563 2.56765564084482458e-05 -4.010079964751403381 -6.412168843866022522e-06 -2.554035871768249377e-05 0.9999999996532871194 0.4946090881671978967
0.999719978593211489 -0.02366356610530109816 6.557572349284795426e-06 49.50615280961599751 0.02366356590811750232 0.999719978208230553 2.867193953283756367e-05 -4.002509955643557937 -7.234216422628370314e-06 -2.850873523050967878e-05 0.999999999567459108 0.4946072572153647484
0.9996637918223090225 -0.02592881192409667024 5.820725427522360174e-06 51.44666570948691486 0.02592881177807480203 0.9996637915573893807 2.389799688311976576e-05 -4.00773991391501383 -6.43841511703662035e-06 -2.373903768711513472e-05 0.9999999996975024175 0.4945972572646514798
0.9996422213800790768 -0.02674750837467015918 5.681623429468682092e-06 53.37826545711677539 0.02674750824877361599 0.9996422211750982667 2.118562206784300168e-05 -4.008888072869694064 -6.246253268596733137e-06 -2.102607303567127601e-05 0.9999999997594443135 0.4945805907390034561
0.9997619157815246238 -0.02181998452035084635 5.533551471093507022e-06 55.38896991781631129 0.02181998425327272631 0.9997619148148840784 4.44420562550660003e-05 -3.98909265684388048 -6.501958994005204038e-06 -4.431073329687114251e-05 0.9999999989971417591 0.4946007538488955135
0.9996773166011058143 -0.02540202017066754692 6.833319920297260834e-06 57.41545416458114204 0.02540201992302918224 0.9996773160468471753 3.416774442056944461e-05 -3.999269138832739934 -7.699044650569813753e-06 -3.398313892791142801e-05 0.9999999993929354902 0.4945685083215955458
0.99952521101318903 -0.03081156408365861785 8.36609495680568435e-06 59.47017100667819278 0.03081156393677461983 0.9995252109055583478 1.715232132081056344e-05 -4.015996215090032351 -8.890612673716762426e-06 -1.688640511788646619e-05 0.9999999998179032179 0.4945257176252321196
0.9995176090672238667 -0.0310571909552699553 7.532649283086383638e-06 61.52734079644075393 0.03105719077467933298 0.9995176088363413314 2.301088088849824459e-05 -4.010545118506279927 -8.243668921436371651e-06 -2.276583772237886856e-05 0.9999999997068792501 0.494526623275977073
0.999477138201915527 -0.03233342194500707367 6.266431591214294867e-06 63.57450188392014212 0.03233342169559514506 0.9994771375636284372 3.64870299423694709e-05 -3.997341697517011738 -7.442905644171934204e-06 -3.62653370931216988e-05 0.9999999993147142829 0.4945322020259984019
0.9994750004665715615 -0.03239943555361603916 4.515161158704114254e-06 65.69542932164692672 0.03239943519137359479 0.9994749983670627724 6.512044953762844888e-05 -3.937189183465607201 -6.622656499739616455e-06 -6.493997266066450444e-05 0.9999999978694701364 0.4945617070917953662
0.9995419520769870392 -0.03026360894698796461 3.723291580131863493e-06 67.72275967806339736 0.03026360868929036524 0.9995419505018019457 5.63771925752813973e-05 -3.91047455616156947 -5.427763437919142741e-06 -5.623868887989975137e-05 0.999999998403874657 0.4945196187714291924
0.9996405823383774925 -0.0268086948322715235 5.080625018091414357e-06 69.81491381135755603 0.02680869458752253506 0.9996405814197142359 4.330821714956646184e-05 -3.88874174007037654 -6.23983572435280823e-06 -4.315644648700579924e-05 0.9999999990492928204 0.4944982111442820516
0.9996914801323544264 -0.02483836780205028391 6.159973412241101157e-06 71.90821496978986715 0.02483836759650432172 0.9996914796614553289 3.145892376992901618e-05 -3.880346927408614199 -6.939461254412727456e-06 -3.129621438293330089e-05 0.9999999994861954455 0.4944699837374468832
0.9998658712253137848 -0.01637801939987361052 6.450940250177021032e-06 73.94845812201364765 0.01637801922298370502 0.9998658708957174346 2.658031169880357099e-05 -3.887459620460300691 -6.885407851997180514e-06 -2.647109289074091069e-05 0.99999999962593622 0.4944510213681387878
0.999978718978281389 -0.006523920719386828646 7.157898410564210825e-06 76.04974218701740085 0.006523920540969805303 0.9999787187006945466 2.467235740431483659e-05 -3.915451463735037052 -7.318706584851807748e-06 -2.462513479087022315e-05 0.9999999996700196236 0.494443473574622705
0.9999903513798922283 0.004392848608198500655 5.518874558181521744e-06 78.06813870817741474 -0.004392848773676934562 0.9999903509341755425 3.033856942236612129e-05 -3.959838006738327199 -5.385548563737593348e-06 -3.036252027836983016e-05 0.9999999995245566486 0.4944430056614405045
0.9998949894894288981 0.01449172050946568278 5.730910791264903116e-06 80.06251107885984197 -0.01449172065983594937 0.9998949891356047059 2.713040907511529674e-05 -4.034584479741316621 -5.337142677744889054e-06 -2.721061085531976603e-05 0.9999999996155487514 0.4944271244828029599
0.9994339900840248925 0.03364074080039371889 5.0357649354437128e-06 82.0434850461584233 -0.03364074097350909509 0.9994339893089014826 3.953581547766448748e-05 -4.121302103878833556 -3.702900517836179722e-06 -3.968284467786469861e-05 0.999999999205780199 0.4944402761589975492
0.9981952183107020149 0.06005252798408489828 5.157849604052238989e-06 83.99829430262067831 -0.06005252814655152177 0.9981952174560044799 4.139324139898782336e-05 -4.265458014217817784 -2.662772019657512692e-06 -4.162827754337327513e-05 0.9999999991299980406 0.4944384319897426883
0.9957627710276694133 0.09195925084063664989 4.728514620145156683e-06 85.94390198291951322 -0.09195925096161212953 0.9957627695200479412 5.479576524670451806e-05 -4.450215142888819031 3.30498707454603029e-07 -5.499841370526973954e-05 0.9999999984875326264 0.4944595625842712061
0.9915918473227897101 0.1294048233210876586 5.142785246703846443e-06 87.87220237973257042 -0.1294048234205179559 0.9915918462589229376 4.594081089241613199e-05 -4.716560577291306622 8.454185990683793909e-07 -4.622003475705720545e-05 0.9999999989314968252 0.4944385918795951018
0.984999484068103226 0.172557284292126023 5.052697195978969357e-06 89.76460020645366455 -0.1725572843582333926 0.9849994833213179257 3.83911666417105816e-05 -5.059332148087981373 1.647771329081664346e-06 -3.868715904168009155e-05 0.9999999992502942581 0.4944321139444230462
0.9748757132004035597 0.2227495090562330582 5.426279822256467075e-06 91.64384455116334038 -0.2227495091072271283 0.9748757125614176955 3.539195376599527305e-05 -5.492538514257022442 2.59359191763642439e-06 -3.571145733586642674e-05 0.9999999993589825387 0.4944328294580754291
0.9598268547518028493 0.2805929594173692809 4.98967652627729448e-06 93.46114271191881073 -0.2805929594329644172 0.9598268542469833298 3.138827904591748146e-05 -6.03538234886655367 4.0181045845854279e-06 -3.152738125583623939e-05 0.9999999994949395621 0.4944347632260866487
0.9454774450322473989 0.3256875817344018764 6.443885376359220467e-06 95.21451355066942313 -0.3256875817414555119 0.9454774443134295048 3.736551112998830871e-05 -6.653811973036257044 6.076934683106976795e-06 -3.742694144075091534e-05 0.9999999992811474669 0.494457487286127817
0.9297411022153718729 0.3682139089953905819 8.712782089706248842e-06 96.95397782568311129 -0.368213908973487325 0.9297411010229744699 4.805501410995581833e-05 -7.339758545576485993 9.593892979198746755e-06 -4.78868893368504956e-05 0.9999999988074015356 0.4944965614630533746
0.9089697110611417719 0.4168621644851160379 1.401575337487928646e-05 98.70107911612362273 -0.4168621645521949359 0.9089697092237903897 5.899753850847903105e-05 -8.115652640718613142 1.185394633222218104e-05 -5.946961282105267489e-05 0.999999998161424597 0.4945337521190488195
0.8824265580354219152 0.4704501775957507514 8.724542686612109325e-06 100.2440614948743303 -0.4704501774597290575 0.8824265569136330312 4.673214227643882556e-05 -8.945079545497069518 1.428637646978740035e-05 -4.534214611379118535e-05 0.9999999988699945774 0.4945350067605108757
0.8550839952995925586 0.5184894993654889372 5.695957903127191786e-06 101.8129410546401772 -0.5184894992356192667 0.8550839947083150872 3.432637347706053992e-05 -9.907962042563063676 1.292734176165751956e-05 -3.230522693777047904e-05 0.9999999993946281363 0.4945442792972918333
0.821460474022445486 0.5702654552869369509 1.12886911682881684e-05 103.3681810646739478 -0.5702654552082644379 0.8214604730756763784 4.210260941409507896e-05 -10.96248100644611512 1.473645013878980108e-05 -4.102318009467378982e-05 0.999999999049967836 0.4945888919742559842
0.7770362496423682819 0.6294558492489138457 2.429577225251950404e-05 104.809109717063194 -0.6294558494955945216 0.7770362477636583165 5.656312270529177601e-05 -12.08614716480487061 1.672529273101179385e-05 -5.924471269734216599e-05 0.9999999981051642672 0.4946526036125956649
0.7286901450214887666 0.6848435385095491545 1.767806915981325478e-05 106.0879595625409593 -0.684843538383432815 0.7286901435714495667 5.097560716730352806e-05 -13.27497110325702501 2.202848043599855396e-05 -4.925213401449440268e-05 0.9999999985444867345 0.494674617426213159
0.6764984325946399313 0.7364440716632941752 3.349192491068827381e-06 107.2480549799245466 -0.7364440713182925924 0.6764984321229959852 3.402203592135206827e-05 -14.54892501928711113 2.278960319110919411e-05 -2.548234692822459326e-05 0.9999999994156419936 0.4946958386116537265
0.6188634735052046532 0.7854985684397270962 -1.193503201124455816e-05 108.3164491279392365 -0.7854985682794725088 0.6188634736201281683 1.587326430274290848e-05 -15.92951929771805375 1.985458175451620995e-05 -4.484329250593720022e-07 0.9999999998027973014 0.4947313120657788055
0.5621278879245362736 0.8270503232570943775 -2.049557594620958105e-05 109.30199159018035 -0.8270503233487074279 0.5621278881326011723 5.883316400478240149e-06 -17.40743938887040443 1.638693355354342481e-05 1.364369649133800384e-05 0.9999999997726589651 0.4947581493106586459
0.5021803107186003645 0.8647629359723164599 -9.866214380335862694e-06 110.213002688454651 -0.8647629358458963633 0.5021803108143448879 1.482655742915064577e-05 -18.97657043592732151 1.777607593687249634e-05 1.086331296566198648e-06 0.9999999998414155211 0.4948060729868963281
0.4536641547207442837 0.8911727295504080493 -2.879966418706391239e-05 110.9879857226233213 -0.8911727298999829738 0.4536641549458340084 1.458495447910411756e-06 -20.60748466400478662 1.43651466854993155e-05 2.500380824924818739e-05 0.9999999995842260292 0.4948438099997981565
0.4191888277508543648 0.9078990718137007754 -4.572655432378249565e-05 111.7036704784190135 -0.9078990729017941685 0.4191888277852137135 -9.292670983989990372e-06 -22.32164051766944723 1.073125334460866286e-05 4.541048013400880506e-05 0.9999999989113641519 0.494898116850929437
0.3936805963582651335 0.9192472932121082962 -4.444598524788976885e-05 112.3968591376689403 -0.9192472942186324936 0.3936805964569509708 -6.874239832770948045e-06 -24.11354883530903592 1.11783956233405372e-05 4.356310651487893076e-05 0.9999999989886495522 0.4949730735319273767
0.3720763009170792168 0.9282021460888223441 -4.789781107173589537e-05 113.0110655361707046 -0.9282021471607200258 0.3720763013258128749 -4.058690374762523427e-07 -25.85613041041069238 1.744491187355760414e-05 4.460986533120470766e-05 0.9999999988528174288 0.4950574248628045737
0.3608857891277598151 0.9326100180141350116 -3.882707479188077725e-05 113.6424546955796302 -0.9326100186413702753 0.3608857895652021197 4.677220164372219062e-06 -27.68489123092055948 1.837416192452630194e-05 3.452257665550206877e-05 0.9999999992352909262 0.4951089776779352136
0.3556035427643991498 0.9346368919073769765 -2.571690202372472185e-05 114.280056644099588 -0.9346368919910780226 0.3556035431885266607 1.425680256067601657e-05 -29.54032937835541972 2.246995511331606455e-05 1.896619588002419388e-05 0.9999999995676923659 0.4951555692584072021
0.3532298455324239805 0.9355365709816161335 2.415227653702125364e-05 114.9444490933261847 -0.9355365708048607454 0.3532298443959611678 4.143573424993896525e-05 -31.40533508300644883 3.023333985331315857e-05 -3.723167597720406554e-05 0.9999999988498737835 0.495244571447597759
0.3576815578827658992 0.9338436159889493826 6.347813904617258382e-05 115.6197054710507643 -0.9338436174829359837 0.3576815542399125469 6.200917208592176101e-05 -33.21887555587920815 3.520191005090590752e-05 -8.145819227267562352e-05 0.9999999960626941853 0.4953219531154594013
0.3644196908913983068 0.9312348184806095164 4.174011280007330839e-05 116.3155625301472753 -0.931234818811044085 0.3644196886728716667 5.238093464212824194e-05 -35.12057646305103731 3.356803125153371065e-05 -5.795849039141571059e-05 0.9999999977570004361 0.4953790688090877192
0.376141559179728191 0.9265622090306920855 1.600749400372468751e-05 117.0298108001366586 -0.9265622087355906977 0.3761415584192692174 3.708342127300843827e-05 -37.04959337700779543 2.833901299218634446e-05 -2.878055489776097225e-05 0.9999999991842899449 0.4953872987242881609
0.3942960316116030928 0.9189834813775253908 -2.031792457611371089e-05 117.7512280058543723 -0.9189834812753638893 0.3942960319646254819 1.794984422071845204e-05 -38.94647101562623703 2.450688737025827609e-05 1.159428471497149632e-05 0.9999999996324926421 0.4954024841728243422
0.4136435880919706043 0.9104388952378850153 -8.405510509749836907e-06 118.5221491263565383 -0.9104388948979285079 0.4136435881685668337 2.502608215507427181e-05 -40.77759700609150428 2.626160411703989256e-05 -2.699174718959791572e-06 0.9999999996515214207 0.4954717951069165238
0.4318639082417127795 0.9019387809814944923 -1.104725466314181752e-05 119.3317832900573734 -0.901938780682696728 0.4318639083830049796 2.321633950543328743e-05 -42.64242604868955056 2.571062752810981768e-05 -6.235171311752509938e-08 0.9999999996694797222 0.4955227974161811599
0.4530983354056952184 0.891460542270663403 -5.414400734917738711e-06 120.1851971651830411 -0.8914605419130833264 0.4530983353831740668 2.621567108318914989e-05 -44.48524025957778605 2.582349231989781082e-05 -7.051552316051863609e-06 0.999999999641711379 0.4955765190169334478
0.4801278806908365615 0.8771985055728115377 2.526852513083798566e-06 121.1096354991372124 -0.8771985052174388064 0.4801278804099277098 2.99932343081048455e-05 -46.31798399667094657 2.50968079711493279e-05 -1.661713927079610853e-05 0.9999999995470104652 0.4956342777135047672
0.5005389884247467558 0.8657139949595726858 -3.178365333057765274e-07 122.0169666382514606 -0.8657139945893268518 0.5005389882213485686 2.906497322141716005e-05 -48.03170073451707367 2.532104365770670561e-05 -1.427299675996593199e-05 0.9999999995775631367 0.495674727721176489
0.5177804585150972416 0.8555135280843741974 -6.837791621088171878e-06 122.9333716911440035 -0.8555135277513935543 0.5177804585124586856 2.488427180557118483e-05 -49.69995469032164692 2.482930604697440016e-05 -7.034766433516894727e-06 0.9999999996670089208 0.4957031206292452641
0.5363806378974963485 0.8439761911194064714 1.069984700552090046e-05 123.948024157815496 -0.8439761908425006398 0.5363806372729417182 3.538203856938559465e-05 -51.38360678188811193 2.412240739028571817e-05 -2.800865653627793259e-05 0.9999999993168123824 0.4958011708165364628
0.5545413652684073602 0.8321561596522338844 1.270155310771243339e-05 124.9887906206372747 -0.8321561594222006697 0.5545413645580471451 3.649691735961338684e-05 -53.04477009006252075 2.332759799676347145e-05 -3.08087260334993329e-05 0.9999999992533227244 0.4958481810758716968
0.5680272486998143577 0.8230097476323614547 6.234493152409371787e-06 126.0228466095207409 -0.8230097473076705139 0.5680272482227340936 3.339619502550913261e-05 -54.64009377725759009 2.394403205039882356e-05 -2.410099741133821705e-05 0.9999999994229126221 0.4958831280260445062
0.5834065272061647045 0.8121802903286681197 -4.137119006729567554e-06 127.055221892906161 -0.8121802899912548002 0.5834065270977609741 2.629987717171284245e-05 -56.20257123104712349 2.377386410883628088e-05 -1.198343349208372948e-05 0.9999999996456002682 0.4959129044244364182
0.6011013308470914973 0.7991728161387910978 -9.391920175775623246e-07 128.1183012596868309 -0.7991728158107606061 0.6011013306332317896 2.796946324011255215e-05 -57.71639363189914462 2.291698427497713091e-05 -1.606190484743601001e-05 0.999999999608413459 0.4959658864955499569
0.6157064801379468211 0.7879755898496091371 1.093312910293447585e-05 129.2404496413240622 -0.7879755896004231319 0.6157064794261815077 3.726547219090285684e-05 -59.21425979072347445 2.263268400157118231e-05 -3.15596315644016748e-05 0.9999999992458756815 0.4960172011640788248
0.6281594967936896534 0.7780846011761739511 1.626555764435458011e-06 130.365002818349808 -0.778084600903880319 0.6281594965156406252 2.785137523071657632e-05 -60.71710254010463359 2.064898973855768802e-05 -1.876070384275782934e-05 0.999999999610827639 0.496048377791624473
0.6423463682776516803 0.7664144721766673607 -9.511510474497581664e-07 131.4895081023425405 -0.7664144719147618634 0.6423463680896355221 2.537526786904397306e-05 -62.16389005510345811 2.005894095102888586e-05 -1.557073523201060714e-05 0.9999999996775955635 0.4960850542000346808
0.6587845633619099361 0.7523316416826418829 1.179737613940139945e-06 132.6509736486127622 -0.7523316414186748124 0.6587845630875331926 2.75696093968735697e-05 -63.58223263577396978 1.996429656954159642e-05 -1.904998702411670174e-05 0.9999999996192624474 0.4961250991443538205
0.6731793312711291666 0.7394792680849222588 4.91690595671086509e-06 133.8116467604798743 -0.7394792678335135871 0.673179330833567513 3.138652334072913831e-05 -64.93674869739312783 1.989972384602250622e-05 -2.476470881031251939e-05 0.9999999994953551186 0.4961706247139548442
0.6858166163164802764 0.7277743941369784197 5.000062747244750447e-06 134.9684020355444716 -0.7277743938698790771 0.6858166158403797841 3.266208955340208815e-05 -66.24861912353384241 2.034150632366998966e-05 -2.603912137452748648e-05 0.9999999994540936799 0.4962096586753708127
