0.9999727208254474142 0.007386311999347235611 0 -0 -0.007386311999347235611 0.9999727208254474142 -0 0 -0 0 1 0.4949999999999998845
0.9999664589102658097 0.008190302475027328236 1.436607199601362795e-06 0.003178770005288600754 -0.008190302483527823682 0.9999664588931402864 6.014514244054571128e-06 0.001450605853871589097 -1.38729832330696918e-06 -6.026078758207268982e-06 0.9999999999808806272 0.494988098984494973
0.9999167875615367906 0.01290030823516436984 -1.512206943520483311e-06 0.02140961608005156891 -0.01290030822394448717 0.9999167875368433211 7.208256616680498905e-06 0.003995500563237814814 1.605069841249336712e-06 -7.188148864400536533e-06 0.9999999999728769184 0.4949856528350550233
0.9999157961453584154 0.0129769263402679854 -1.996428321649034537e-06 0.009920775924409507007 -0.01297692633393803668 0.9999157961424670615 3.151563824283275439e-06 0.007105395012329197152 2.037157826287501472e-06 -3.125390947200056533e-06 0.999999999993040789 0.4949818063838952731
0.9999582933041578636 0.009132998109264786266 -6.687164413328589895e-08 -0.0177095266379959787 -0.009132998108896856621 0.9999582931254524798 -1.890521107052848629e-05 -0.01592429800248850238 -1.057924018371666784e-07 1.890503333523994639e-05 0.9999999998212940611 0.494964608171793885
0.9999836774253533234 0.005713570079916028936 1.428686555295329274e-06 0.04100991379999021497 -0.005713570068690211785 0.9999836773964699832 -7.741785558062495422e-06 -0.02397241322061309174 -1.472896469740548111e-06 7.733496291449998896e-06 0.999999999969011566 0.4949963208106290535
0.9999758718126988688 0.006946638758672156119 -2.14986216480965923e-06 0.00998333632295498978 -0.006946638743918656482 0.9999758717920219642 6.795545902300430149e-06 -0.01565836671465568528 2.197016495037957353e-06 -6.780447622288428774e-06 0.9999999999745990964 0.4950160096177172453
0.9999673329317066983 0.008082887220351964511 -2.421676870720694799e-06 0.02290001812551761134 -0.008082887185604393371 0.9999673328364924174 1.403028120150456402e-05 -0.000459340542848488847 2.535002942029923298e-06 -1.401024873240401215e-05 0.9999999998986430771 0.4950292479583491279
0.9999761060552470049 0.006912837384380341593 -3.392491067577269913e-07 0.03845824308233360134 -0.006912837382413731559 0.9999761060402422297 5.49099633608558831e-06 -9.791612782381173188e-05 3.77199365503713542e-07 -5.48851996061528858e-06 0.999999999984866661 0.4950110763435054961
0.9999622774824412641 0.008685828153329655868 1.911156414246640837e-06 0.0464502488840270733 -0.008685828141729306714 0.9999622774663881053 -5.996607409028349754e-06 -0.009873120252744574388 -1.963169822041890979e-06 5.979781225734119946e-06 0.9999999999801938433 0.4949945014243979924
0.9999181257201386064 0.01279616550127203427 -2.649842722681066361e-06 -0.005917947656599311171 -0.01279616549135387596 0.9999181257168321402 3.726641921737384907e-06 0.001641424081997670424 2.697312495502204672e-06 -3.69242897960822957e-06 0.9999999999895450298 0.4950123280459909902
0.9999738440392095251 0.007232650850001333398 -1.166704680224802565e-06 0.009424689981409408585 -0.007232650848943343765 0.9999738440394851935 9.084856032930712181e-07 0.002975511663192641123 1.173244923114148337e-06 -9.000234733833296113e-07 0.9999999999989065413 0.4950058352728693434
0.9999426680134337886 0.01070797310684713788 -5.92866416152039777e-07 0.02823984507564074667 -0.01070797310545678997 0.9999426680109778642 2.300601935035546133e-06 0.01008195266354155496 6.174672095910253618e-07 -2.294121639317047841e-06 0.999999999997177702 0.4950094603766779788
0.9999120521779288895 0.01326227399603729061 -9.768192443436572464e-08 0.01152086357677472965 -0.01326227399638875773 0.9999120521583971799 -6.2497987376305193e-06 0.001332792229544692893 1.478679024148381375e-08 6.250544565889506039e-06 0.9999999999804649597 0.494994382819343548
0.9999822052988853738 0.005965658304947881602 2.966332960035553365e-06 0.04828900029436582891 -0.005965658267376963871 0.9999822052251664539 -1.251728847447531074e-05 -0.01776832984083752051 -3.0409540407512292e-06 1.249936960432141214e-05 0.9999999999172589638 0.4949870791269476156
0.9999669831635132899 0.008126043627934148583 2.26392166540638022e-07 0.01146477110730991303 -0.008126043627629440935 0.9999669831626758487 -1.31572798941933822e-06 -0.01757903744038669808 -2.370763548317696106e-07 1.313844875621197095e-06 0.9999999999991086019 0.4950100851706145666
0.9999385192032960168 0.01108863443388475103 -1.464108540216521682e-06 0.0143933275799486924 -0.011088634425452824 0.999938519188517283 5.646788512179384344e-06 -0.01216566948372210626 1.526633699172520366e-06 -5.630206378761158158e-06 0.9999999999829848329 0.4950168604898688707
0.9998897842542833203 0.01484652606379250998 -3.161049256253623105e-06 -0.0001313961845827329284 -0.01484652603805468665 0.9998897842275334957 8.015636691331362858e-06 -0.004161196258391306434 3.27970521782386987e-06 -7.967822641865458924e-06 0.9999999999628784719 0.4950185670014275452
0.9999584048041916251 0.009120781918171949609 -9.434161618795768105e-07 0.03337294017962160603 -0.009120781914386070013 0.9999584047969001244 3.942265804959872534e-06 0.0006246201863743323012 9.793334669633455479e-07 -3.933497132574745614e-06 0.9999999999917840166 0.4950074563421422158
0.9999851749946030433 0.005445162219740530378 1.283055187303023509e-06 0.03380799422508688756 -0.005445162216971796351 0.9999851749931265577 -2.15160743918672784e-06 -0.003793985657489865656 -1.29475201754050801e-06 2.144589097966708878e-06 0.9999999999968619546 0.4950005017730955692
0.9999551796864455389 0.009467767446683886257 2.381496131589643647e-07 0.0194541996930991043 -0.009467767447843734516 0.999955179671542016 5.46262643179316998e-06 0.006094283178745087126 -1.864200625110089793e-07 -5.464636340318840414e-06 0.9999999999850512911 0.495013178251932584
0.999970936884641115 0.007624000804161584245 -1.547807715549079378e-07 0.01559796100400853876 -0.007624000804106354987 0.9999709368845907109 3.541917553723540797e-07 0.003198540673628987811 1.574766313711286102e-07 -3.530014127297756199e-07 0.9999999999999250599 0.4950011666924747922
0.9999775805709085752 0.006696144987813804073 -2.945091481728929121e-07 0.04278027321897075186 -0.006696144988413157972 0.9999775805687772801 -2.083581742883175307e-06 0.001847534250523711003 2.80550580001155188e-07 2.085507106126592808e-06 0.9999999999977857712 0.4949991699149864366
0.9999977368442136694 0.002127512194942706748 7.372612794551238849e-07 0.1008454435364337931 -0.002127512190534523295 0.9999977368269171718 -5.929177546921085216e-06 -0.003260397625624244632 -7.498740084422321541e-07 5.927595595908972247e-06 0.9999999999821503893 0.4949924747640875866
0.9999939824870448524 0.003469148584638616622 -1.730581761210415013e-07 0.1639962040097524276 -0.003469148585241711019 0.9999939824805206268 -3.615810767141971992e-06 -0.004857879935305776248 1.605133499350225956e-07 3.616389373480690034e-06 0.9999999999934477968 0.494995685096600524
0.9999981588222051077 -0.001918944984267988195 2.140073508453885243e-06 0.275785477940234558 0.001918945015889559442 0.999998158713830021 -1.487306669684185784e-05 -0.02727789154567153429 -2.111528971227428117e-06 1.487714599627441647e-05 0.9999999998871057505 0.4949780836515662585
0.9999626780238073387 -0.008639592596414452305 1.206686373936016762e-06 0.4843109256990593137 0.008639592595470868552 0.9999626780242354407 7.85015125992604581e-07 -0.0204347857871734831 -1.213423548887008431e-06 -7.745605490154549648e-07 0.9999999999989636068 0.4950072750870267435
0.9998432837923606487 -0.01770332886264713509 -2.173113010427805394e-06 0.7295470469188312101 0.01770332889726161651 0.9998432836478213792 1.7103511218622053e-05 0.005344328657435182435 1.869983364274736506e-06 -1.713930215556107615e-05 0.9999999998513735555 0.495019963515735073
0.9995915621662482264 -0.02857811821152769771 -2.785664268597903877e-06 1.06513596788511733 0.02857811826541599778 0.9995915619322270906 2.173778046274019342e-05 0.03496202278355941412 2.163301637546081729e-06 -2.180851097369316556e-05 0.9999999997598543189 0.4950351655681304308
0.9989710873078917475 -0.04535159009590229717 -9.458331741226047028e-07 1.47245030164851487 0.04535159009743490455 0.9989710873068784469 1.667261783935538015e-06 0.06030808601655944512 8.692470213565686553e-07 -1.708441355538343445e-06 0.9999999999981625809 0.4949988313882509594
0.99831670230305114 -0.05799794741071540721 1.066561309394687734e-06 1.986573698551386213 0.05799794741939870435 0.9983167022293737425 -1.213413869588355179e-05 0.09285431492378234952 -3.610108311621700941e-07 1.217557169490415597e-05 0.999999999925812344 0.4949827417189114342
0.9980080772757671248 -0.06308627182659548582 1.256963937828766829e-06 2.567362533315082462 0.06308627183717857578 0.9980080772032137171 -1.204419478401138111e-05 0.1356677414207752008 -4.94636816629676807e-07 1.209950084739742039e-05 0.99999999992667854 0.4949874486405971274
0.997560050586728253 -0.06981364816431297193 2.371986409776248995e-06 3.231513006590736037 0.06981364819596692917 0.9975600504220514253 -1.815920338750053658e-05 0.1724868398493761557 -1.098438646297674635e-06 1.828049287458745792e-05 0.9999999998323082506 0.494969765396965633
0.9968260844947320898 -0.07961003236992698906 4.380994196136339883e-06 3.956812938645191569 0.07961003244143965984 0.9968260843028177165 -1.975897792933302194e-05 0.2184047140094859396 -2.794076417337095359e-06 2.004503569299503991e-05 0.9999999997951946051 0.4949589177307256449
0.9965845593277591341 -0.08257854500757987048 4.019923612145585416e-06 4.748003081624938559 0.08257854508175473118 0.9965845590268291865 -2.457058182037878845e-05 0.2652610603785186538 -1.977190903615089947e-06 2.481862189911962285e-05 0.999999999690063146 0.4949511096712206903
0.9967860051043234693 -0.08011029909597622289 3.024817038052472849e-06 5.524539638307137679 0.08011029914681266906 0.9967860047881487162 -2.512611368633193418e-05 0.3053463477916960045 -1.002234808043921801e-06 2.528767748297863942e-05 0.9999999996797642732 0.4949444832467248534
0.9976505111237981005 -0.06850881436932883262 3.219569155322216073e-06 6.391515150715897597 0.06850881442574302538 0.9976505108556851242 -2.318624908682816063e-05 0.3370069543746830876 -1.623542377931903622e-06 2.335234211831063633e-05 0.9999999997260159423 0.4949415743316067373
0.9983508005583461298 -0.05740800471219663359 4.659008217468866874e-06 7.330510524921056259 0.05740800483425286677 0.9983508000263425775 -3.271000689207332788e-05 0.3428298866623986085 -2.773508351443177073e-06 3.292352593324171007e-05 0.999999999454174282 0.4949225074441533367
0.998861740355225125 -0.04769930419649747594 5.994462410002295213e-06 8.311015161546341901 0.04769930438556116425 0.9988617396849011065 -3.683773953470533127e-05 0.3425967432463006279 -4.230504607353442993e-06 3.708174030951075559e-05 0.9999999993035234569 0.4949261139347818084
0.9993580376093503803 -0.03582614495617097994 2.323850145036342574e-06 9.27730686913783309 0.03582614499950916714 0.999358037356365414 -2.253752274875920467e-05 0.3387013844355177272 -1.514925763103771975e-06 2.260630909902929713e-05 0.9999999997433296484 0.4949329541409974165
0.9995269173176527522 -0.03075616289305832876 1.948925005457881932e-06 10.3101376159579452 0.0307561629151855212 0.9995269172397339696 -1.257780108753927402e-05 0.3345601256945981428 -1.561158103551884038e-06 1.263179220264009793e-05 0.9999999999190001265 0.4949452745513017171
0.9997417736769832475 -0.0227241273691086744 1.656604815259197105e-06 11.4570305810077393 0.0227241273714048897 0.9997417736773502872 -1.380693488969002579e-06 0.3349990430682224241 -1.624801981588634936e-06 1.417981856392170383e-06 0.9999999999976744158 0.4949628275400325128
0.9998677361703580679 -0.01626376833577653988 2.704809835988629032e-06 12.68277262690270746 0.01626376837758626223 0.9998677360416192705 -1.622958921629456022e-05 0.308538779343206615 -2.440497807934485243e-06 1.627143302934922579e-05 0.9999999998646419419 0.4949398428559288465
0.9998869292643314255 -0.01503757584524264418 1.130049143183329534e-06 13.87170681427172703 0.01503757586500525587 0.9998869290607143023 -2.019581595320848487e-05 0.2869502783070253527 -8.262252533123844205e-07 2.021052559716303296e-05 0.9999999997954257536 0.4949387982031175359
0.9999236277858400967 -0.01235874574155725741 1.238089856770574987e-06 15.09194027755071943 0.01235874577933136591 0.99992362708152982 -3.753814384609283886e-05 0.2410796560029895008 -7.740709248309707796e-07 3.755057821272365692e-05 0.9999999992946771998 0.4949161749230974738
0.9999761310526754654 -0.006909219955051573714 2.601422406361297195e-06 16.45750709259029065 0.006909220013933875526 0.999976130783028383 -2.335027494140805507e-05 0.2115723878300320993 -2.440028126864290923e-06 2.336769139468020793e-05 0.9999999997239984451 0.4949383740272996768
0.999981330307883276 -0.006110567106792211267 2.746278006894267228e-06 17.91981933895896972 0.006110567156117038476 0.9999813301434252732 -1.832619196241972202e-05 0.1643057416599656984 -2.634243308479571094e-06 1.834263113424859063e-05 0.9999999998283041203 0.4949375915354284339
0.9999149671484961477 -0.01304064699259092734 8.180444680790907417e-07 19.35277951415394426 0.01304064698526230873 0.9999149671136257078 8.402091212703255332e-06 0.1525612668420649187 -9.275436129012052895e-07 -8.390708929802378718e-06 0.9999999999643676141 0.4949655560274068278
0.9999479357051891393 -0.01020420899043076451 2.074791339290493813e-07 20.82779714941119664 0.01020420897529912899 0.9999479349909409232 3.779912728736634504e-05 0.1581053603922220607 -5.931785260222558123e-07 -3.779504214201904089e-05 0.9999999992855912456 0.4950043474676860122
0.9999959189445546404 -0.002856937401035804756 2.270441673748516002e-06 22.39974979125974031 0.002856937400361034187 0.9999959189470887244 3.003954461626222401e-07 0.1196801347117665282 -2.271290618941159295e-06 -2.939077104990641568e-07 0.9999999999973772091 0.4949595430820533104
0.9999985242336288938 0.001718002399183114455 7.437810631264556647e-07 23.98596113498189197 -0.001718002407881588905 0.9999985241635998001 1.18567059123787065e-05 0.1032172627145240135 -7.23410116223182264e-07 -1.18579662323082549e-05 0.9999999999294324482 0.4949843390067089621
0.9999919754307627917 -0.004006129791762539846 6.363783861703932834e-07 25.59649155185396907 0.004006129788377060449 0.9999919754172761355 5.235004712091851411e-06 0.0833218060716970077 -6.573453878364794877e-07 -5.232413289024571056e-06 0.9999999999860946787 0.4949737990469005866
0.9999992601752788479 0.001216408888033856939 7.379110076220665764e-07 27.26445907251995848 -0.001216408879624563061 0.9999992601118132818 -1.129142387994391395e-05 0.05065468138096168582 -7.51645450016727891e-07 1.129051792476733895e-05 0.9999999999359794334 0.4949524737605584535
0.9999205271842689369 0.01260711357160563401 2.271322738858797671e-06 28.99060799007736478 -0.01260711350482645807 0.9999205268138510183 -2.734263458439592252e-05 -0.004609042888671517277 -2.61585392915627067e-06 2.731182676466112707e-05 0.9999999996236105249 0.4949313277826876689
0.9999759085708875839 0.006941344869910492064 3.384885664651868157e-06 30.78908063420367469 -0.006941344745997970328 0.9999759079530162742 -3.533964480481350813e-05 -0.07487981513786425014 -3.630108778005720496e-06 3.531529776394088771e-05 0.9999999993698257539 0.4949320888987541744
0.9999985473261888691 -0.001704507439771267216 1.46018149287444463e-06 32.59657599464006239 0.001704507431627590511 0.9999985473118098156 5.560388037930483337e-06 -0.08906559357723974057 -1.469657094464737848e-06 -5.557891070294263247e-06 0.9999999999834747744 0.4949658069724895415
0.9999997894171994695 0.0006489724785204648363 1.584749026911666657e-06 34.45537733047454054 -0.0006489724919879407772 0.9999997893822148987 8.512514608425268849e-06 -0.1156430958844362339 -1.579224305431487717e-06 -8.513541274361272578e-06 0.9999999999625126534 0.4949611766359120479
0.9999895477251542486 0.004572137568127499462 8.555832791601986253e-07 36.36500209296418973 -0.004572137572340149655 0.9999895477130591459 4.988327102404502712e-06 -0.1542508503548122301 -8.327670186113918696e-07 -4.992186807495500227e-06 0.9999999999871920231 0.4949607948319202366
0.9999912093082549136 0.00419300707460307058 3.444241906767614465e-07 38.31630502939351857 -0.00419300707863653685 0.999991209227772182 1.269050577790339534e-05 -0.1844813365028016294 -2.912097824154946233e-07 -1.269183839264856858e-05 0.9999999999194160161 0.494971239524578166
0.9999899649901907717 0.004479946556412137126 -3.516343364514377354e-08 40.27279732497372322 -0.004479946555708460426 0.9999899649236645427 1.153511232881975228e-05 -0.2062468474694663378 8.683976753289368316e-08 -1.153483904355093939e-05 0.9999999999334697742 0.4949775547303685297
0.9999656169941437689 0.008292456119793059285 1.804231094214320036e-06 42.30671670695619468 -0.008292456089259176572 0.9999656168628572317 -1.631948606425702414e-05 -0.2614718636989712963 -1.939497681174946795e-06 1.630396344414842139e-05 0.9999999998652093769 0.4949416264461966586
0.9998995317941423711 0.01417484792535303115 2.525976045968529941e-06 44.40924267462829533 -0.01417484786219168173 0.9998995315225847058 -2.347832816555182561e-05 -0.3252530154062640011 -2.858523996289645927e-06 2.344016401388933235e-05 0.9999999997211935776 0.4949337883581050868
0.9999268246248608216 0.01209732964655654136 3.646635441806191217e-06 46.52394940926028255 -0.01209732953602584565 0.9999268242139153218 -2.894482976355724086e-05 -0.3939129858038427634 -3.996523743604109008e-06 2.889859716414371613e-05 0.9999999995744491832 0.4949264243897895099
0.9999276782970799582 0.01202656070726603951 3.898501508814814348e-06 48.70243611827588381 -0.01202656056199599525 0.999927677681202276 -3.536041316873654236e-05 -0.4626243732272138365 -4.323483715754296064e-06 3.53109702789433579e-05 0.9999999993672211707 0.4949157295479958418
0.9998704929793310603 0.01609339199844440557 2.342342813784451383e-06 50.89122041795116758 -0.01609339188556059216 0.9998704920966507981 -4.212186745662230617e-05 -0.5484553134307791344 -3.019923186563386729e-06 4.207871613823044874e-05 0.9999999991101305996 0.4949096289394976367
0.9997727016523282328 0.02132006174984511435 1.420322744529196331e-07 53.04839788480730789 -0.02132006173421691075 0.9997727011340071801 -3.220392839240154674e-05 -0.6399536725635674994 -8.285897325916996471e-07 3.21935803558298284e-05 0.9999999994814431359 0.4949054223285483944
0.9997848654060593754 0.02074181539942067387 1.075433880187748011e-06 55.24842197981494962 -0.0207418153717287973 0.9997848651789568164 -2.136381998397813976e-05 -0.7304922940508877804 -1.518326927246543856e-06 2.133691743625351351e-05 0.9999999997712151201 0.4949150506834004704
0.9997640828184843897 0.02172046741636983122 1.887261273168277215e-06 57.48912129870529952 -0.0217204673991221002 0.9997640827825803322 -8.723641575841813045e-06 -0.8125561711456006364 -2.07629760834030918e-06 8.6805913219512177e-06 0.9999999999601679734 0.4949221241306187014
0.9994143911059488739 0.03421804863749597359 8.700423877570090719e-09 59.59033325662392144 -0.03421804863695048632 0.9994143910885154858 5.90621547879025624e-06 -0.9093299728452299835 1.934038396849796634e-07 -5.90305445800310018e-06 0.9999999999825580632 0.4949296447475879934
0.9995442098990398039 0.03018894598245632291 -7.224868666195754509e-08 61.64860892293958727 -0.03018894598126005413 0.9995442098316461577 -1.161047604631457341e-05 -1.031647042681403059 -2.782922777719438871e-07 1.160736521796408396e-05 0.9999999999325955846 0.4949105229987450505
0.9997629988438577753 0.02177030413901541103 1.632070345082065326e-06 63.65312168051290342 -0.02177030410871466648 0.9997629987059961643 -1.672247070531188634e-05 -1.122836498883390544 -1.995736815508897437e-06 1.668297679268191305e-05 0.9999999998588474659 0.4948975436664595495
0.9997034857938749131 0.02435036930247537132 2.939597966010994294e-06 65.54136384962365014 -0.02435036914930987714 0.9997034848292953857 -4.409861226709839351e-05 -1.246539144547744948 -4.012543825048891762e-06 4.401395610646786937e-05 0.9999999990233353619 0.4948638417255714628
0.9996749260841091278 0.02549592434814196631 1.611677330108077479e-06 67.28373207707620907 -0.02549592425780484659 0.9996749252020654675 -4.20798971568114486e-05 -1.364350724642328316 -2.684019288913089374e-06 4.20251268767259613e-05 0.9999999991133421418 0.4948609638554345436
0.9998573275093859403 0.01689155484626895382 1.701873570684141323e-06 68.99627135282300117 -0.01689155480215410662 0.9998573272411388491 -2.325520594757126295e-05 -1.465725558982895915 -2.094447346411296143e-06 2.322314077873343901e-05 0.9999999997281492359 0.4948635222030398628
0.9999685701593022946 0.007928347607582115347 -8.06223278057538824e-08 70.60517451260264465 -0.007928347604033440105 0.9999685699296637642 2.143187802241535177e-05 -1.517568858740599103 2.50539172682633361e-07 -2.143056522006379672e-05 0.999999999770333825 0.4949141077776281206
0.9998872860671932372 0.0150138321855048662 -2.553617116638156991e-06 72.16128934718089738 -0.01501383199730100051 0.9998872841316328586 6.231257245113132023e-05 -1.552248266137091548 3.488879789295751737e-06 -6.226720937765241478e-05 0.9999999980553109236 0.4949401082522277839
0.9998851550817764444 0.01515508657275893567 5.447109365308993063e-07 73.76484719666305523 -0.01515508658253568106 0.9998851544810017922 3.466138390230028856e-05 -1.628386185882675807 -1.935210514984430123e-08 -3.466565835990609594e-05 0.9999999993991456337 0.4949353174167259728
0.999900180864224053 0.01412898796847253911 2.985175760408477376e-06 75.42565863944052751 -0.01412898806284841775 0.9999001802757040425 3.439719485252104331e-05 -1.675442464437498336 -2.498880228766224919e-06 -3.443593886694209486e-05 0.999999999403960671 0.4949409389485879274
0.999900821865792766 0.01408355167126963507 2.582105603683564392e-06 77.0080220468373966 -0.01408355169113490249 0.9999008218380811552 7.843830701660288926e-06 -1.744681932306098027 -2.471380520208322485e-06 -7.879417982907731019e-06 0.9999999999659032746 0.4949180678279638812
0.999910254522293318 0.01339712290739122728 1.095100071073824267e-06 78.53395373002848601 -0.01339712292549734285 0.9999102543485860473 1.865737246339393643e-05 -1.79140790655460691 -8.450466785832231393e-07 -1.867036923885737057e-05 0.9999999998253513711 0.4949244116683741979
0.9998907164925442403 0.01478360781465819056 3.773787835708211659e-06 80.15747775402866182 -0.01478360790970707772 0.9998907161459981152 2.654142946935285759e-05 -1.836372272213096402 -3.380997337513671995e-06 -2.659431912854513981e-05 0.9999999996406553349 0.4949312583499825835
0.9998288374971929793 0.01850123476331306735 4.845297590161106463e-06 81.79629150287480854 -0.01850123492218534033 0.9998288368897899625 3.510265476725119791e-05 -1.88553354697529052 -4.195025797291500405e-06 -3.518629049798951264e-05 0.9999999993721631064 0.4949392035657236844
0.99987197857833221 0.01600082638571947297 3.3253276152816597e-06 83.55151477659387638 -0.01600082650169038986 0.9998719778445844808 3.84012270205173688e-05 -1.929144367150340544 -2.710450533119477123e-06 -3.844951883107378365e-05 0.999999999257143779 0.4949483651591100597
0.9998687893201426702 0.01619889280150032043 4.208362572140242806e-06 85.39085219036267915 -0.01619889287227790214 0.9998687891770261515 1.736700319156582155e-05 -1.98754829026996549 -3.926484166440461331e-06 -1.743289526974373737e-05 0.9999999998403382717 0.4949281860783186215
0.9998136836256366067 0.01930279829589363547 3.887915444570800455e-06 87.31222569994190508 -0.01930279826860075917 0.9998136836096421787 -6.939201524678212937e-06 -2.061585920997742072 -4.021137069564583064e-06 6.862860990297227378e-06 0.9999999999683655272 0.4949047015090509705
0.9997261616427123299 0.0234008914408107907 3.022768436152209649e-06 89.28721353422228901 -0.02340089143523648579 0.9997261616456702971 -1.8664923159934263e-06 -2.134048517095447295 -3.065618270279810051e-06 1.795245722795458201e-06 0.9999999999936892703 0.4949130451880438542
0.9997114804919832176 0.02401990327219579238 4.642627175511606449e-06 91.37289316180387289 -0.02401990324953871825 0.9997114804914171149 -4.875885109456191048e-06 -2.231866160889231843 -4.75840597569585558e-06 4.76296286590381321e-06 0.9999999999773356851 0.4949123311246682588
0.9996474604348134507 0.0265509855573018913 3.794295182577973701e-06 93.50449717435445507 -0.026550985616879446 0.9996474603021988647 1.662433161397827353e-05 -2.30370951664202428 -3.351565154318433816e-06 -1.671921315615838735e-05 0.9999999998546172941 0.4949278466769236329
0.999568616807700705 0.0293697171243795449 3.37732940386761911e-06 95.64290879905979637 -0.02936971720502751237 0.9995686164459903766 2.701440069668109925e-05 -2.385675274151094261 -2.582467172760147882e-06 -2.71019383477703383e-05 0.9999999996294076654 0.4949357188591508305
0.9994995208109415108 0.03163396730663930317 3.656953601483516502e-06 97.91909811241123407 -0.03163396737453571389 0.9994995206093080231 2.030130108571919317e-05 -2.481228425817707084 -3.012912676745453597e-06 -2.040682465793449332e-05 0.9999999997872417445 0.4949329433957911917
0.999519812692150289 0.03098619076061983474 4.497548896367536121e-06 100.3382375953638643 -0.03098619069279122742 0.9995198126000707228 -1.443960331794199874e-05 -2.60617443250269254 -4.942817532974319969e-06 1.429330769594535788e-05 0.999999999885634705 0.4948943913767651082
0.9993730681249369807 0.03540438806870248312 3.776668485439712285e-06 102.72796988297452 -0.03540438799557970445 0.999373067973775342 -1.793250488310965844e-05 -2.727592821136910484 -4.409190132939319999e-06 1.778755178780951985e-05 0.9999999998320807659 0.4948835693466011598
0.9992579470369507 0.03851694785916043307 3.653203343493919284e-06 105.1475118266268112 -0.03851694776499584721 0.9992579467811776306 -2.306006041470613522e-05 -2.874415431504894425 -4.538695616816164985e-06 2.290223838619105505e-05 0.9999999997274436891 0.4948987739183136614
0.9991862216647764416 0.04033477923053020026 4.68242783354887217e-06 107.6186133116902965 -0.04033477908729586614 0.9991862213042237428 -2.7459031764085007e-05 -3.049261106805691846 -5.786171357621859339e-06 2.724782150667079685e-05 0.9999999996120380041 0.4948837487747408392
0.999341033691370062 0.03629735980416159968 7.358241750274822546e-06 110.1605531722295126 -0.03629735963551627975 0.9993410334849330834 -2.188580553515287846e-05 -3.218973706008225744 -8.147789873464927226e-06 2.160429877957321419e-05 0.9999999997334336754 0.4948966756796197575
0.999304926480592659 0.03727819593248812152 4.676433075978781767e-06 112.7092351293424315 -0.03727819597626048226 0.9993049264432984913 9.650991836794605883e-06 -3.358289053727362194 -4.313411046373081285e-06 -9.818612676609053249e-06 0.9999999999424944441 0.4949229452397909124
0.9991909403256017397 0.04021771693820619387 4.213159199206747688e-06 115.2655355456892039 -0.04021771700658247767 0.9991909401759374587 1.764475031611895795e-05 -3.516830156810479835 -3.50011892770728469e-06 -1.779991830455074161e-05 0.9999999998354558439 0.4949261736658021049
0.9993654929580778612 0.0356175725937583551 3.069021953724434754e-06 117.8900573827402098 -0.03561757266089685819 0.9993654926310232556 2.565794875216942633e-05 -3.65558630677319929 -2.15320078439187288e-06 -2.575097971543957942e-05 0.9999999996661251833 0.4949309861491370532
0.9993232149893204186 0.03678467040352943057 2.990759233093374422e-06 120.5272926841917638 -0.03678467046214039388 0.999323214732978693 2.273695753174641512e-05 -3.794663126073379189 -2.152363642522932692e-06 -2.283158359252141384e-05 0.9999999997370427884 0.4949218264292881142
0.9992361467121250174 0.03907842210423088242 5.65515074424269921e-06 123.2062626963364096 -0.03907842200345858219 0.9992361465883025096 -1.695030134209220477e-05 -3.982426599942077594 -6.313222068693245618e-06 1.671635943140488732e-05 0.9999999998403530377 0.4948606925670043233
0.9991341405158596922 0.04160491840345387216 4.744349054296078572e-06 125.8549649901141692 -0.04160491840626904386 0.9991341405268835407 4.961918173169757944e-07 -4.145546505771846135 -4.719597094651712585e-06 -6.931504402208390563e-07 0.9999999999886222124 0.4948768039019210696
0.9992023188495695596 0.03993402055336654766 3.212342857635668652e-06 128.508632029004275 -0.03993402062388076712 0.9992023185094125459 2.616215850512434754e-05 -4.296039716476823145 -2.165020255732676212e-06 -2.626957121035803784e-05 0.9999999996526108825 0.4949028474659605825
0.999143969848730773 0.04136819447308189707 1.785592143124286714e-06 131.1664907349123723 -0.04136819450756092781 0.9991439694245104475 2.912130092833206587e-05 -4.45332951930259302 -5.793679815421325464e-07 -2.917023893978117248e-05 0.9999999995743805714 0.4949021976595895933
0.9991288615604467793 0.04173149880101498232 2.641774065556023872e-06 133.9505195915891704 -0.04173149888444522421 0.9991288593643584681 6.624474396017170433e-05 -4.566022134773636054 1.250197443302305265e-07 -6.629728080875936199e-05 0.9999999978023272895 0.4949157562697759083
0.9991778275664208175 0.04054218663251893395 2.22135110943069637e-06 136.598856678246932 -0.04054218668608444015 0.9991778269259863343 3.57827743320291984e-05 -4.71417544715252923 -7.688128591621820419e-07 -3.584341315275030857e-05 0.9999999993573290835 0.4948797053321283834
0.999187586176876974 0.04030096300062838838 3.671623613092233128e-06 139.3153706785549275 -0.04030096308061741073 0.9991875858620093975 2.522413255309550494e-05 -4.834273388140334582 -2.652083901414349385e-06 -2.535161008681023533e-05 0.9999999996751309794 0.4948701950829659801
0.9990697885713707427 0.04312258712412524175 6.775815620415738919e-06 142.0654377298712916 -0.04312258712374547609 0.9990697885943436996 -2.02196436566726729e-07 -5.014450184645932396 -6.77823191289504224e-06 -9.018234829519739928e-08 0.9999999999770234904 0.4948008103991611839
0.9991733887985063678 0.04065143413378408815 4.691240747308725485e-06 144.7477563442638768 -0.0406514340192501919 0.9991733885639495494 -2.236170156921150307e-05 -5.206799188174031201 -5.596398152517931397e-06 2.215251147250228819e-05 0.9999999997389730222 0.4947507458581054673
0.9989939801879103021 0.04484448176615078718 2.382291277642493184e-06 147.3853252670991765 -0.0448444817971688503 0.9989939800746433507 1.513932133442895838e-05 -5.35541418554801929 -1.700979625615526976e-06 -1.523092349506072161e-05 0.9999999998825626069 0.4948175103010619136
0.9990708254334160765 0.04309855872261957044 2.461336036105040459e-06 150.0003246286960916 -0.04309855876208882469 0.999070825249440686 1.924226645736120382e-05 -5.527739525706722112 -1.629735073938733053e-06 -1.933046706855091892e-05 0.9999999998118382916 0.4948103807251312269
0.9992050145703248454 0.03986651268757677308 5.087313346401513422e-06 152.6673199669370717 -0.03986651280972942912 0.9992050142208499519 2.673079452740226452e-05 -5.675358875967505767 -4.017605445461358976e-06 -2.691235737792077045e-05 0.9999999996297916915 0.4948131926634269373
0.9990999341523231214 0.04241841059722351037 4.632678638770976521e-06 155.3306204317799768 -0.04241841054475090078 0.9990999341059245697 -1.089158536183129739e-05 -5.864470976595268503 -5.090512662662875479e-06 1.068527135339877099e-05 0.9999999999299555853 0.4947552214760133626
0.9991639516377655017 0.04088273145413749005 4.32275628424030384e-06 157.9672770731141611 -0.04088273152735510257 0.9991639514732285621 1.847967835583083832e-05 -6.010743540515066208 -3.563642522637006413e-06 -1.864095453563361436e-05 0.9999999998199073925 0.4947828204802491858
0.999321643354110889 0.03682734169715026068 5.458287896449391675e-06 160.6521188718301403 -0.03682734180351522613 0.999321643147174199 2.086987119639092009e-05 -6.162882690665452579 -4.686003351725161515e-06 -2.105672821459052976e-05 0.9999999997673275631 0.4947764241662190865
0.9992188065463802893 0.03951931975605734587 3.504064599750500049e-06 163.2700443926888738 -0.03951931979349183888 0.9992188064865922259 1.134911894435110914e-05 -6.328444344430561586 -3.052817786703283573e-06 -1.147873133642202406e-05 0.9999999999294593156 0.4947512606703445837
0.9991634441491058505 0.04089513255663243529 3.391877249960021249e-06 165.9233500763195366 -0.04089513253587547664 0.9991634441378264286 -5.978489763422730263e-06 -6.511550528838988328 -3.633530886526427632e-06 5.83477715314909987e-06 0.9999999999763762304 0.4947238648777370074
0.9991554680658480958 0.04108954373040840657 5.689938282102906982e-06 168.6144258646366723 -0.04108954381983633691 0.9991554679403062966 1.661017673572144401e-05 -6.678295644627755046 -5.002628363453757079e-06 -1.682994587941085554e-05 0.9999999998458630746 0.4947542048062323894
0.9991202105113349274 0.04193810824478628324 5.183332804660063957e-06 171.2954008488910631 -0.04193810838853236078 0.9991202100151397314 3.172266262336680592e-05 -6.838809158575219982 -3.848384101458781103e-06 -3.191213253121397169e-05 0.9999999994834026795 0.4947595368375635738
0.9989263198122281251 0.04632717962786336852 4.044551977566059375e-06 173.9120830365054644 -0.04632717961577790394 0.9989263198163740309 -3.032361071373575726e-06 -7.063451519833063408 -4.180690158306171633e-06 2.841732599439009157e-06 0.9999999999872229983 0.4947111493597091125
0.9985540608647274219 0.0537567439000576977 4.249497782505109817e-06 176.4398449229257437 -0.05375674396407238709 0.998554060729868076 1.674827368557382708e-05 -7.251568622387581264 -3.343020607499562574e-06 -1.69524958654736274e-05 0.9999999998507183019 0.4947090407744600404
0.9983727890630230695 0.05702432838934293896 5.700634623359003077e-06 178.8321938744301747 -0.05702432856217107965 0.9983727883801351011 3.709905572230441385e-05 -7.442871962656350426 -3.575809748016031291e-06 -3.736376259485689249e-05 0.9999999992955811434 0.4947259088085860235
0.9982742942177518231 0.05872336393845357244 5.833844044912356179e-06 181.1427760042185469 -0.05872336420245761329 0.9982742917969055219 6.954397772636521026e-05 -7.603267797800691952 -1.739920218635405076e-06 -6.976654823043204872e-05 0.9999999975648005135 0.4947556558125273396
0.9979334728051806325 0.06425561323492628985 5.002787666425366952e-06 183.3524509007953611 -0.06425561342763849715 0.9979334703693030217 6.972768368696890086e-05 -7.780880427630847862 -5.120541827194358633e-07 -6.990504672275241909e-05 0.9999999975565109223 0.4947278183053970824
0.997841186552159809 0.06567317864958881202 5.335690908104141914e-06 185.4545875791687592 -0.06567317874913780607 0.9978411863319557318 2.132725014101991481e-05 -7.997047565694241911 -3.92354383702762798e-06 -2.163162036936809956e-05 0.9999999997583391975 0.4946769072621814423
0.9979832721284929153 0.06347746476740845356 4.543274456882146555e-06 187.462294244353501 -0.06347746487584052244 0.9979832716773752166 3.012127771903620228e-05 -8.176625730463337405 -2.622089561448108797e-06 -3.034892684349286236e-05 0.9999999995360334681 0.4946795821186001918
0.9982663915293139567 0.0588575527847016583 5.046885279555699754e-06 189.3290970433063194 -0.05885755295759929201 0.998266390417890559 4.716048856688779514e-05 -8.33198383898252537 -2.262385005697356571e-06 -4.737577806203893037e-05 0.9999999988752084068 0.4946905866899044546
0.9984073342643390303 0.05641626412695665421 5.600572847441443582e-06 191.1066776267822149 -0.05641626437981808739 0.9984073318629769211 6.926695133482150429e-05 -8.465697971797654375 -1.683870371743824178e-06 -6.947259563325654523e-05 0.9999999975853612888 0.4947270768653356243
0.9983225364339015639 0.05789743702986825669 5.982173260942508031e-06 192.8114349760610651 -0.05789743730604821059 0.9983225340198398357 6.945380206262824171e-05 -8.59816607772024355 -1.950941237403986659e-06 -6.968364834147052053e-05 0.9999999975701913124 0.494721252641671716
0.9982523001205979574 0.05909606803009172932 7.039234272265515289e-06 194.4790702445005195 -0.05909606819822164209 0.9982522997778482399 2.672041462905291883e-05 -8.763565799006547863 -5.447860360253337558e-06 -2.708970643224521821e-05 0.9999999996182340478 0.4946648178203704727
0.9982032048162114979 0.05991962810828516811 8.01511880917954099e-06 196.2198514053328608 -0.05991962843916648351 0.9982032035375716372 5.076686120141407741e-05 -8.898648137123940316 -4.958785828643641393e-06 -5.115590649065313071e-05 0.9999999986792416085 0.4946970478691562478
0.9986641159898081987 0.05167188162004122953 9.293649646232397189e-06 197.9767941008139474 -0.05167188205942881141 0.9986641144539719628 5.575421925405826351e-05 -9.033455889459178323 -6.400308976886523212e-06 -5.615995845247784073e-05 0.9999999984025473854 0.4946902885042349651
0.9988134822000368507 0.04869936042071255911 8.50192379645932246e-06 199.6557285324582836 -0.04869936074184191832 0.998813481300050654 4.288171913361430939e-05 -9.165105144505913515 -6.403523809341591496e-06 -4.324487746453268921e-05 0.999999999044437482 0.4946715873579066725
0.9984943302793174436 0.05485501212249178915 6.879745246779316454e-06 201.2544576687562881 -0.05485501239305205085 0.9984943291031619372 4.864583296365817129e-05 -9.289797868577322149 -4.200918857653312266e-06 -4.894997691670056514e-05 0.9999999987931258438 0.4946725966021669474
0.9985245713397089551 0.05430175287654024491 8.223024855631940722e-06 202.865848961177619 -0.05430175305985168038 0.9985245710749889314 2.400768161495914891e-05 -9.452016674679553532 -6.907233172714661355e-06 -2.441878465855286002e-05 0.999999999678006346 0.4946334113123844189
0.9988878131234687485 0.04715015063169371301 9.542288611598542678e-06 204.5636811978261278 -0.04715015081135657399 0.9988878129688375518 1.957119008525068051e-05 -9.592802879793294935 -8.608891241395980867e-06 -1.999934361160215658e-05 0.999999999762956393 0.4946257911018671627
0.998804917149600513 0.04887471146016664908 7.726420051588367974e-06 206.2683450021615101 -0.04887471189875881861 0.9988049144189052875 7.397086681381972203e-05 -9.681651604572328651 -4.101881546407329076e-06 -7.426009205349154907e-05 0.9999999972343064369 0.4946622670680517198
0.9984535329517818525 0.0555926477702175445 7.227332640907544194e-06 208.0072352528261774 -0.05559264815022959411 0.9984535302902969311 7.29706818134525265e-05 -9.809424231555523122 -3.159522378288555388e-06 -7.325962161911266774e-05 0.9999999973115224483 0.494657175845722219
0.9983836917514994358 0.05683312402868470614 7.7472372135619906e-06 209.8115300856805732 -0.05683312437564697756 0.9983836901760869686 5.627000867933679872e-05 -9.947930722880547805 -4.536714895577510074e-06 -5.661935869629121718e-05 0.9999999983868329556 0.4946392027136181646
0.9983494657137235162 0.05743121314544278461 8.246102424344959277e-06 211.6163047091742442 -0.05743121336058567422 0.9983494653203808245 2.878668609140250378e-05 -10.10405315856670327 -6.57923764165564935e-06 -2.921275634674615969e-05 0.9999999995516640761 0.4946068302156204077
0.9982240126065008434 0.05957197827409543844 7.906947389279778699e-06 213.4835728964498003 -0.05957197852960680745 0.9982240119211629459 3.742083098054085194e-05 -10.24812542917540803 -5.663671814805090537e-06 -3.782540455657404989e-05 0.9999999992685805195 0.4946121022812994261
0.9981105097677781535 0.06144436694849093189 7.97732610112795319e-06 215.4722646112567475 -0.06144436724307076464 0.9981105087968189515 4.433606280489347823e-05 -10.40529830676918266 -5.238051701599794094e-06 -4.474245200186390209e-05 0.9999999989853376459 0.4946152869237195326
0.9980065768248548297 0.0631100034589242298 8.943281918517268877e-06 217.5354509897717321 -0.06311000372229061406 0.9980065762994596579 3.309736827157631179e-05 -10.58350455461758344 -6.836679142279859741e-06 -3.359580176579454974e-05 0.9999999994122907854 0.4945963062991947101
0.9980295616936328829 0.06274546940470032697 7.551911374247669501e-06 219.5845611379089917 -0.06274546961804267076 0.998029561181180136 3.245219070972454265e-05 -10.75965213798174958 -5.500802855627047271e-06 -3.286209389571558232e-05 0.9999999994449118024 0.4945874647878344965
