0.9999727208254474142 0.007386311999347235611 0 -0 -0.007386311999347235611 0.9999727208254474142 -0 0 -0 0 1 0.4949999999999998845
0.999988497672677723 -0.004784254656926126281 0.0003397527797512167429 0.4893435535079813659 0.004784263924553735191 0.999988554994640233 -2.647006487875938358e-05 0.004851740717022291587 -0.0003396222517476663689 2.8095227378836755e-05 0.9999999419336902395 0.4949849541602320269
0.9999688764379454087 0.007889118400038789072 8.926665597000061714e-05 3.020669941328114394 -0.007889106632115838735 0.9999688718790555875 -0.0001314218721328112014 -0.0109697505667019201 -9.030067997635594218e-05 0.0001307135476483732041 0.9999999873798774974 0.4942660422380144025
0.9999573867777887815 0.009230554721069273924 0.0001465957361900229394 5.017586316648665168 -0.009230542730628088846 0.9999573942506183588 -8.225961334332556382e-05 0.007742810811921013205 -0.0001473487922311247228 8.090294978911560743e-05 0.999999985871522723 0.4940806603701957678
0.9998510784774430338 0.01725655012585970358 0.0001798540532114135905 6.892522183398618552 -0.01725652971627301968 0.9998510884589683068 -0.0001144194059585712194 -0.04549812244796692939 -0.000181801755081483548 0.0001112987096325920996 0.9999999772803590536 0.4936471564962496283
0.9998028620412227063 0.01985461200607287896 0.0001773090535165835861 8.982238311037800571 -0.01985459132680723535 0.9998028712536405349 -0.0001176369594234498493 -0.1317937653734000125 -0.0001796097369920732255 0.0001140933699172763693 0.9999999773615221299 0.4932159199497709867
0.9995749146481842651 0.02915406485888543536 0.0001746725835884703926 10.9823802115814857 -0.02915404822667018794 0.9995749256864654431 -9.702126989675281983e-05 -0.1837767786877202436 -0.0001774268991551693794 9.188761465029025583e-05 0.9999999800381804693 0.4928708952199625237
0.9993953106340186521 0.03477043407668855418 0.0001732024382865089598 13.0042392605701167 -0.03477041577621816509 0.9993953204897448872 -0.0001075740753401567584 -0.2850576887125446102 -0.0001768381036159261588 0.0001014867056480673192 0.9999999792143664523 0.4924588554082734992
0.9991338497689365994 0.04161152808894567207 0.0001760063627019690534 14.99784529857146076 -0.04161150889415056453 0.9991338598661029247 -0.0001113501110369589746 -0.417267517090419815 -0.0001804873648005331601 0.0001039297747855555106 0.9999999783114560392 0.4920835916157515477
0.9991015643765444043 0.04237961861079833636 0.0001788546264731133678 17.08062117293936311 -0.04237960081966535286 0.9991015759212675817 -0.0001021187435822197239 -0.5250595826227398843 -0.0001830216925761257707 9.444720879048185082e-05 0.999999978791391908 0.4917220638736877758
0.9986740167318447492 0.05147987218192231346 0.0001762584711859890353 19.11700436361684652 -0.0514798541807630905 0.9986740276741261635 -0.0001051898220330690952 -0.6617053253224066678 -0.0001814399159240970196 9.597658169429433984e-05 0.9999999789340259237 0.4913397310517180205
0.9983977925898369632 0.05658457872564612301 0.0001822207856420483797 21.15290461358720009 -0.05658456317568273664 0.9983978060979532554 -8.939375450365858269e-05 -0.7646569328708310298 -0.000186987140549759877 7.893964361068563182e-05 0.9999999794021705579 0.4910129058021409088
0.9978828419194917254 0.06503693596647507069 0.0001753995554301187199 23.12208212480214797 -0.06503691599894820263 0.9978828517483864236 -0.0001172437044206795718 -0.94803900831221255 -0.0001826533798648859804 0.0001055880348117154197 0.9999999777444543714 0.4905638173329069374
0.9978023325820967182 0.06626066075913407405 0.0001730078682322457072 25.16170845732966299 -0.06626064079142303387 0.9978023418454526894 -0.0001187091947091237069 -1.126952197454997417 -0.0001804934057594355129 0.0001069846991686792962 0.999999977988201838 0.4901937143929395724
0.9977920938156887853 0.06641465367759825933 0.0001769124663499641416 27.19111435098836438 -0.06641463507228166641 0.9977921047785991426 -0.0001090501764893494558 -1.281097128148249498 -0.0001837643918659250962 9.705982703790795921e-05 0.9999999784050186413 0.4898215406008955553
0.997617370645377699 0.06898949505401172355 0.0001770904518125690204 29.24381724728247889 -0.06898947490329443433 0.9976173808386947783 -0.0001174876294012836773 -1.46186259719486511 -0.000184773924936283625 0.0001049903226457308885 0.9999999774178138789 0.4894257154469418558
0.9975565714025363961 0.0698631219834244116 0.000176183364660194026 31.33510074415735858 -0.06986310197988619686 0.9975565814707815226 -0.0001172531813912737161 -1.63764307615034066 -0.0001839445482769265039 0.0001046579652423039838 0.9999999776055562561 0.4890346611622393147
0.9977662857076655678 0.06680125826699423452 0.0001760718826161370798 33.39728571589814976 -0.06680123770391198368 0.9977662953799336654 -0.000120196760205777464 -1.806839608751080073 -0.0001837078848598357075 0.0001081664553009977712 0.9999999772757149907 0.4886562449987218448
0.9974451221125845146 0.07143666975422389986 0.0001749013148984658215 35.44224466436759968 -0.071436648292749233 0.9974451310217415934 -0.0001260315494285187132 -1.991811457246378758 -0.0001834577391299132415 0.000113215190491426228 0.9999999767627888447 0.488260928460838628
0.9974661008705260068 0.07114314512703176496 0.0001746934927849007107 37.3935167731663114 -0.07114312582750009772 0.9974661109936741044 -0.0001143192046851806032 -2.146950058185967514 -0.0001823838666337808704 0.0001016012902135052915 0.9999999782066510967 0.4879102346341497864
0.9980261297211152627 0.06279978311184875039 0.0001778685715296796197 39.49082848178088057 -0.06279976498219616565 0.9980261411095391333 -0.0001057469420854899821 -2.297566716174102464 -0.0001841583690961422074 9.436810684964171223e-05 0.9999999785901773075 0.4875336585929236355
0.9985297205157526168 0.05420669859969547838 0.0001762835423388265776 41.51270165194459594 -0.05420668012213453874 0.9985297312431979933 -0.0001079618260637483211 -2.424009727555307414 -0.0001818766123198978344 9.824734641544734931e-05 0.9999999786341779995 0.4871540794625493498
0.9986039166802672673 0.05282219951696343063 0.0001811939637590624761 43.4891004701478181 -0.05282217000257507372 0.9986039212159910639 -0.0001639832258919127921 -2.620955030565819133 -0.0001896029573859657849 0.0001541832332884076186 0.9999999701391238949 0.486664270828640777
0.9986830598525420211 0.05130412722843738504 0.0001802640417190878137 45.59328236061947592 -0.05130409414824417536 0.9986830609479355747 -0.0001835797447433298163 -2.809135941118556801 -0.0001894450435437406886 0.0001740896978393183605 0.9999999669016754744 0.4862302490246818709
0.9992160457066646684 0.03958866332612968192 0.0001781589726556558984 47.69891975381488436 -0.03958863677635512945 0.9992160513581711534 -0.000150161936309366141 -2.937475166066219501 -0.000183964015511963976 0.0001429911453577876828 0.99999997285538611 0.4858796881754262054
0.9996068325238408603 0.02803834163834249479 0.0001782471827901709418 49.84478211818920101 -0.0280383159665155389 0.9996068386300568376 -0.0001449276301160490636 -3.051260940512629194 -0.0001822406332896261332 0.000139872898454278103 0.9999999736119613569 0.4854704690463755856
0.999720626012768232 0.02363550938922376679 0.0001806177824792296537 51.96361810203512022 -0.02363547778099377508 0.9997206277283536835 -0.0001751762631276338356 -3.209230175608297042 -0.0001847077030909602543 0.0001708583358518961761 0.9999999683452460708 0.4850514086173856598
0.9998853869285024842 0.01513871512062873667 0.000179759750682870938 54.07874475071069753 -0.01513868010141060719 0.999885384680672451 -0.0001945995978295723841 -3.375944841244981731 -0.0001826851353357747897 0.0001918559688112558815 0.9999999649087134568 0.4846818159899920486
0.9999603310740646789 0.00890537790317920408 0.0001747137116159304133 56.13663387326000986 -0.008905345098430200029 0.9999603290221432683 -0.0001876508387000470283 -3.513804356172990584 -0.0001763778821846263703 0.0001860875088974496886 0.9999999671311401439 0.4843198764680355373
0.9999981661033231495 0.0019071998568319635 0.0001743012600019782775 58.2638674942456305 -0.001907167515740113787 0.9999981641456404668 -0.0001855253302591819507 -3.659008451868463574 -0.000174654773893557309 0.0001851925683238688804 0.9999999675997105486 0.4839100743652035019
0.999909293106968633 -0.01346756776526279557 0.0001737211639774749081 60.36804791662593317 0.01346759385117732473 0.9999092966143631189 -0.0001498741527225861325 -3.689916237311763325 -0.0001716869665716919298 0.0001522001641836502226 0.9999999736793472316 0.4835761478705658534
0.9998121541178413008 -0.01938108172157436415 0.0001736426682145757422 62.35794095197581299 0.019381108747633366 0.9998121566059421372 -0.0001553348634433257091 -3.747959444416307573 -0.0001705994929038199843 0.0001586710718647685705 0.9999999728596513648 0.4831912460249285224
0.9996940496965985856 -0.02473411647606513913 0.0001746012479456466302 64.34867501297748049 0.02473414039132157058 0.9996940550788835367 -0.0001361663432911766917 -3.751556003513665249 -0.0001711798753855328962 0.0001404432949363217272 0.9999999754865650514 0.4828862403774050738
0.999496172925208648 -0.03173911644149924466 0.0001696985760040258895 66.34142743150945876 0.03173913305473467783 0.9994961821820665948 -9.611784087395611913e-05 -3.694338996053438073 -0.0001665623834941529192 0.0001014554997863446038 0.9999999809818765906 0.4826065135702046205
0.9991793811899444266 -0.04050351622304258076 0.000171407940884408627 68.35834621797548039 0.04050353519982685668 0.9991793892075863104 -0.000108725819639752581 -3.64907903338029449 -0.000166863503678571322 0.0001155792247541587782 0.9999999793990065333 0.4822022855560406662
0.9987628954137290904 -0.04972574306581775683 0.0001709490260120105989 70.43495198627998377 0.04972576001343693985 0.9987629045516780435 -9.635774042097938307e-05 -3.551071712236355093 -0.0001659460855074596061 0.0001047391060603860473 0.9999999807458077594 0.4819080502492770757
0.9984009065574638297 -0.05652964300656343477 0.0001710234406507334234 72.4026922128913526 0.05652966015612493483 0.9984009155070281416 -9.715757089867824441e-05 -3.442165311723881516 -0.000165257676920566943 0.0001066701038428787473 0.9999999806556941762 0.4815522965028319335
0.998412544745052144 -0.05632371313701751286 0.0001727321647680273053 74.27531234413649486 0.05632373548196750734 0.9984125503053574713 -0.0001273434009760136809 -3.377265672820072062 -0.0001652855079593459865 0.0001368701697825736702 0.9999999769736283017 0.4811870213626842085
0.9984927145981137286 -0.05488413832659534003 0.0001739450182921136487 76.22410698668441853 0.05488416095222850566 0.9984927202909458233 -0.0001280811827277522229 -3.295614120878851416 -0.0001666532091456871022 0.0001374349542115529791 0.9999999766691701764 0.4808602861643717641
0.998410500118081301 -0.05635994796432593906 0.0001718186648600172884 78.08380822344601313 0.0563599694498235701 0.9984105061281186577 -0.0001228773430772108692 -3.203594427886890195 -0.0001646201994833212251 0.0001323657242573193034 0.9999999776897520176 0.4805616162041251305
0.9989401634613214176 -0.04602738899610872569 0.0001711382530528461068 79.97420391862739564 0.04602740919170961176 0.9989401704551633676 -0.0001160014677610788833 -3.124597930751716657 -0.00016561763099525012 0.0001237555755686232765 0.9999999786276784208 0.4802447156558518615
0.9992734757876514662 -0.03811156378723363353 0.0001711583775376394737 81.76185909306349231 0.03811158482010729154 0.9992734822752608048 -0.0001213515815148819536 -3.077382376387016727 -0.0001664091294030347408 0.0001277865336759022839 0.9999999779893012919 0.4799312835680268341
0.9994142947322732784 -0.03422042056301315138 0.0001740790504655816628 83.49839373909121321 0.034220446729816556 0.9994142977965326802 -0.00014962522505504363 -3.071661825986227612 -0.0001688568538539274473 0.0001554946516457785422 0.9999999736543875306 0.4796004511823328542
0.9997614423960085039 -0.0218409778058706143 0.0001731732333167510277 85.1586132332157888 0.02184100310199886194 0.9997614462459776252 -0.000145553709807876491 -3.063500146667573087 -0.0001699528868463714201 0.000149301263989666755 0.9999999744125738221 0.4793295980863644945
0.9999999804750364651 9.57820229405341282e-05 0.0001728524329924781939 86.80308681503355217 -9.575960612607260769e-05 0.9999999870062614704 -0.0001296912006843414615 -3.067719420629930305 -0.000172864852832039015 0.0001296746458712228834 0.9999999766511139532 0.4790642598540051922
0.9996354784709792218 0.02699778520970037843 0.0001725633212896226002 88.31892253815611582 -0.02699776193025504867 0.9996354847646634623 -0.0001358392664619375147 -3.132589000858715167 -0.000176167778668934557 0.0001311309266587548834 0.9999999758847963882 0.4787780359170938915
0.9980742188160017792 0.06203083189376496637 0.0001721383972725772863 89.75052608359035844 -0.06203080993509602764 0.998074226545331844 -0.0001301036750290304321 -3.23065829510605651 -0.0001798773369110672404 0.0001191752396159435386 0.9999999767207025103 0.478521508707057952
0.9941123085815318783 0.1083544572579312193 0.0001718175452493516623 91.09215595476297267 -0.1083544355311672619 0.9941123171515592327 -0.0001311125942943646566 -3.393943260005875207 -0.000185012572029571087 0.0001117234506682403706 0.99999997664410889 0.4782632123998884488
0.9869354106408753102 0.1611163109402830029 0.0001719719546474630879 92.40416094664399793 -0.1611162912095453759 0.9869354211681984346 -0.0001230961589521063619 -3.614463179102526791 -0.0001895580125103944302 9.378047465885611101e-05 0.9999999776364907333 0.478017846742910868
0.9763782673003303936 0.2160681595846044578 0.0001719289358673821097 93.559857259964474 -0.216068139001884485 0.9763782782512364644 -0.0001306508553152102093 -3.89422231993067447 -0.0001960971682398737499 9.041629052053152399e-05 0.999999976685396974 0.4777700942480580526
0.9618772164923905521 0.273481609336278797 0.0001724816580812728968 94.67507092805600166 -0.2734815852131733949 0.9618772269469823 -0.0001511036260941392407 -4.258916796975797503 -0.0002072302418152048836 9.817257799707459457e-05 0.9999999737088853813 0.4775072979168070719
0.9412245029825920817 0.3377815945145045129 0.0001714486628458280462 95.71687692916196966 -0.3377815708553677521 0.9412245146680788821 -0.0001529070049475882425 -4.679506961196587156 -0.0002130208564211891642 8.600762107723444662e-05 0.9999999736124013383 0.4772893497088934733
0.9147325795052689834 0.4040597454257654486 0.0001735521097901668612 96.71708324953547731 -0.4040597252692475494 0.9147325941192683274 -0.0001402619216921029881 -5.14963211382934638 -0.0002154279679750711603 5.817673163407035121e-05 0.9999999751031286577 0.4770679312063210165
0.8806664392163349175 0.4737368374780627223 0.000177922841506445833 97.68378662359320685 -0.4737368208243865064 0.8806664567017704615 -0.0001289875344951569864 -5.670976069155603483 -0.0002177968250616205863 2.930639141983921886e-05 0.9999999758528387295 0.4768309643757420724
0.8258626967831415033 0.5638712393465922235 0.0001774881615793745331 98.53089199053862046 -0.5638712268945739181 0.8258627158524241008 -0.0001185221443234815659 -6.237163425316411214 -0.0002134120835632933927 -2.197449689513105094e-06 0.9999999772252263774 0.4766238519661157302
0.7558944526283664089 0.6546934742751402414 0.0001767185359961427854 99.31713155372399626 -0.6546934611450927477 0.7558944731192266397 -0.0001320753501385915944 -6.917564982126980233 -0.0002200494345055456589 -1.586144548109788525e-05 0.9999999756633299874 0.4763616372316729075
0.6721624650082730357 0.7404036673541994906 0.0001732186090990463407 99.99299441741993633 -0.7404036551085527718 0.6721624864285180578 -0.00013907681314134646 -7.68312482069310132 -0.0002194040334814921847 -3.476947776317113926e-05 0.9999999753264762203 0.4761376641660838294
0.5801351644988010925 0.8145202030072749011 0.0001726475289438262413 100.5473022127464446 -0.8145201936047410385 0.5801351870168190983 -0.0001378306495729781701 -8.4890912502021596 -0.0002124247551626250977 -6.066449213770919331e-05 0.9999999755977707627 0.4759336785339244313
0.4870696867984192213 0.8733630941211933951 0.0001613424239990883904 101.0075621297536514 -0.8733630835370377321 0.4870697089035932459 -0.0001516096258617139403 -9.399626155944742933 -0.000210995259432179117 -6.706606394509349444e-05 0.9999999754915712691 0.4757033574388287445
0.3979280467691178047 0.9174166135258887689 0.0001637786227098528421 101.3866496769182817 -0.9174166063831064033 0.3979280698728840937 -0.0001467718561220926195 -10.35021645699295334 -0.0001998230504258103246 -9.184859021723008941e-05 0.9999999758172919417 0.4755153282664115744
0.3154258476595208083 0.9489502144335910661 0.0001586094156437350185 101.6641477005395302 -0.9489502083367686858 0.3154258705763490767 -0.0001492346742938125055 -11.34647592316858322 -0.0001916457891830716743 -0.0001034399643799771985 0.9999999762860320995 0.4753149564043588349
0.244758096337813702 0.9695841607530745199 0.0001717442228221459214 101.9085413315962256 -0.9695841593332042985 0.2447581211073648622 -0.0001418603130949657799 -12.41862376709946858 -0.0001795813059053439167 -0.0001317990177263348209 0.9999999751897860056 0.4751536356228437952
0.1888047148237171069 0.9820146380996147562 0.0001738408751457325228 102.0870851098704151 -0.9820146385088310836 0.188804739903913138 -0.0001412317882517229986 -13.53525284142998331 -0.0001715136646447359048 -0.0001440490566593852348 0.9999999749164654173 0.4749654545191582811
0.1474924171167832365 0.9890631719014922885 0.0001699512885144152392 102.233765421671535 -0.9890631727621620461 0.1474924415326472893 -0.0001413457343601655283 -14.76215325648929344 -0.00016486639084562155 -0.0001472451366231576153 0.9999999755689710224 0.4747592703161093719
0.118191244101259807 0.9929908347406496416 0.0001787207235071730331 102.3681754501560306 -0.9929908376989984298 0.1181912698878516271 -0.0001413165633382817846 -16.07285011979936939 -0.0001614492814585487474 -0.0001607656605164928428 0.9999999740442655494 0.4745690370073721853
0.09876636153872303536 0.9951106317603087836 0.0001907570021170124064 102.4936205579663806 -0.9951106377670300152 0.09876638861695584415 -0.0001381473555188749769 -17.40960096726365336 -0.0001563122824288980077 -0.000176180010374391271 0.9999999722635366517 0.4743705549211339467
0.0810951277249486735 0.9967063485654265031 0.0001870584962712309616 102.6031018550971226 -0.9967063542998870762 0.08109515423716567861 -0.0001387793590494439924 -18.88578594621571227 -0.0001534918058209094145 -0.0001751880620116165487 0.9999999728747035466 0.4741451254771414381
0.06030817439107918204 0.9981797901955333785 0.0001747828617629124484 102.6629410343527269 -0.9981797942012335945 0.06030819912766919449 -0.000139887787241683054 -20.39535869565995085 -0.0001501740017511222396 -0.0001660283439162530371 0.9999999749411786487 0.473909380135321856
0.04222747936654634715 0.9991080048878269171 0.0001858968701106685037 102.7270642246006815 -0.9991080111913158701 0.04222750576937180783 -0.0001404708633840175884 -22.00852425624607278 -0.0001481955252155828305 -0.0001797993216978109046 0.9999999728551444145 0.4736967198925480238
0.03763040224529989181 0.9992917103625359454 0.0001744414142897150071 102.7628184179231141 -0.9992917144945100416 0.03763042726564228696 -0.0001424382680219884946 -23.73138116129755559 -0.0001489016854253151414 -0.0001689578506436251887 0.9999999746407657319 0.4734380085917104242
0.03084001606236868101 0.9995243203304493562 0.0001627251005694707315 102.7837027768189984 -0.9995243226186731889 0.03084003942246271029 -0.0001430536112226781572 -25.5087095849182468 -0.0001480040120447505064 -0.0001582359202518685286 0.9999999765281023523 0.4731814192876478975
0.01738750286696761835 0.9998488121466756473 0.0001661179267192909278 102.7940327978212878 -0.9998488153561756464 0.01738752662422456477 -0.0001426568488518671987 -27.31316231359262403 -0.0001455236607427199194 -0.0001636123658713026739 0.9999999760269284721 0.4729402076882833761
0.003097114631873954839 0.9999951914523685925 0.0001579725624388721801 102.7659213661262356 -0.999995193696566198 0.003097137161743759252 -0.0001425741951986602351 -29.1789796372443071 -0.0001430627723175169667 -0.0001575302345487254849 0.9999999773586337737 0.4726617202977743126
-0.01117994950596697644 0.9999374902700803869 0.0001558321189942396545 102.70569377566909 -0.9999374921199147837 -0.01117992689478636281 -0.0001452232595926404763 -31.06896314563454453 -0.000143471990027690087 -0.0001574459669681698229 0.9999999773132771663 0.4723917096545304783
-0.02430434203666999651 0.9997045938211707172 0.0001550910860189168121 102.6220968573050527 -0.9997045956810829415 -0.02430431936801385681 -0.0001464117908044033705 -32.96451876159257921 -0.0001425991565710104509 -0.00015860371368419296 0.9999999772551708688 0.4721420330933776
-0.04565679286551783261 0.9989571709438667124 0.0001669948921984029471 102.5174252555628982 -0.9989571757986080991 -0.045656769243077093 -0.0001426358506983428295 -34.86546122095153777 -0.0001348626586309133418 -0.0001733330413738408112 0.999999975883859582 0.4719161607518164159
-0.06471109753327337899 0.9979040251424358132 0.0001745359459995914552 102.3891179036898791 -0.9979040316874963068 -0.06471107285836952272 -0.000143504673541784819 -36.80606286367181212 -0.0001319094830361143219 -0.0001834564691134264898 0.9999999744718053307 0.4716729502877031743
-0.09218039328394719845 0.9957423092009320964 0.0001695978918657814049 102.201751317867064 -0.9957423154939515353 -0.09218036940027311832 -0.0001436461122589350985 -38.71951548573043311 -0.0001274009152067530272 -0.0001821171526710646787 0.9999999753011742376 0.4714161022400961687
-0.1143233668488228411 0.9934435775243549704 0.0001614626677818288504 101.9443008332893328 -0.9934435826373463341 -0.1143233437807233688 -0.0001455530867803931272 -40.72951264809945826 -0.0001261398271742519112 -0.0001770441700793371235 0.9999999763720522905 0.4711474303245007378
-0.13928174824640846 0.9902527811764638699 0.0001548545610068877598 101.634930254518423 -0.9902527855684688518 -0.1392817259365104476 -0.0001466160543380532291 -42.73132376530526955 -0.0001236185450471968372 -0.0001737661007642475077 0.9999999772618982652 0.4709146596225071701
-0.1493591319040912246 0.9887830046541838946 0.0001393776625894458385 101.2695498615207157 -0.9887830067105912724 -0.1493591115793849733 -0.0001463926642849247464 -44.69863541382454741 -0.0001239332545926082605 -0.0001596793455382099973 0.9999999795715267537 0.4706800210466636214
-0.1453910941488389119 0.9893742498638935512 0.000153136194182359488 100.930516129085845 -0.98937425421836378 -0.1453910722514178688 -0.0001456079397578170461 -46.67091124948968428 -0.0001217961106994426654 -0.0001726791055911577433 0.9999999776738166535 0.470471065188761528
-0.134631109442394481 0.9908957778544762451 0.0001476574239579792774 100.5856857664918067 -0.9908957808938900769 -0.1346310879753968848 -0.0001468314723800276085 -48.67839166292573339 -0.0001256154064024183736 -0.0001660812024452055081 0.9999999783189013058 0.4702003156863249211
-0.122107669604785557 0.9925168484337096864 0.0001503367475861181108 100.2694094525242292 -0.9925168516974562927 -0.1221076478269319115 -0.0001464273742673713257 -50.74974644464980855 -0.0001269743694025826273 -0.0001670916608467455612 0.999999977978942578 0.4699557036768657325
-0.1092777105902880547 0.9940112455862057939 0.0001600579192523828075 99.99229429643040135 -0.9940112502143333417 -0.1092776875093689065 -0.0001464997452805428136 -52.82031724504399506 -0.0001281316350009125804 -0.000175108529189083983 0.999999976459643114 0.4697081098094771923
-0.09455744553226899662 0.9955193968435392948 0.0001414387500840190361 99.7042133656727998 -0.9955193979900877066 -0.09455742473367670375 -0.0001471578103083376278 -54.86518826147464978 -0.0001331243705934773819 -0.0001547198859689917136 0.9999999791698288565 0.4694207457420095375
-0.08397443946364611944 0.9964678996960694146 0.0001356255987179088044 99.4448899128784376 -0.9964678999061352682 -0.08397441961281613965 -0.0001459780102421376813 -56.97505521646190374 -0.0001340733203308171987 -0.0001474049771120487296 0.9999999801480580208 0.4691414890727527154
-0.07463291070343579248 0.9972110666975725346 0.0001307595320161313035 99.18769559455037665 -0.9972110658613398959 -0.07463289134473700959 -0.0001471579005433924347 -59.14437727276241219 -0.0001369885250286030827 -0.0001413776747438964018 0.9999999806232482413 0.4688521452850170634
-0.06524392191874359148 0.9978693347604480346 0.0001462861388537886847 98.99033222399849308 -0.9978693362347399454 -0.06524390065390345272 -0.0001457125101931439613 -61.25849472243574212 -0.0001358577673022878937 -0.0001554813079159987534 0.9999999786841144989 0.4686065069984572395
-0.06485240644603994242 0.9978948541750504164 0.0001593466194236936681 98.81546101389955084 -0.9978948579772578542 -0.0648523836884530025 -0.0001440649402783299236 -63.35229557205877171 -0.0001334276544684581147 -0.0001683541302205176994 0.9999999769269737326 0.4683598068443599605
-0.05852044092506451106 0.998286196775539203 0.0001652985119992882374 98.64898565960118049 -0.9982862011700631699 -0.05852041698767200539 -0.000146120722693658542 -65.44916558189530065 -0.0001361969626783055562 -0.0001735662727231555803 0.9999999756625678193 0.4680698928681155113
-0.04799717347641786064 0.9988474584830192571 0.000161314972845526055 98.51240906492267868 -0.9988474617339163641 -0.04799714978598421805 -0.0001476562460481749956 -67.5201995671070847 -0.0001397434071799742879 -0.0001682161336228802609 0.9999999760875557531 0.4677808847333302933
-0.04309048879587837333 0.9990711613046728834 0.0001562910665179642578 98.37414246004817642 -0.9990711637329090511 -0.04309046593865245578 -0.0001467814485722980565 -69.55889513119102219 -0.0001399104574047999429 -0.0001624707820723074491 0.9999999770141541067 0.4674947902741196093
-0.01993096324528223495 0.9998013470865577679 0.0001518889474249845279 98.2649822782185538 -0.9998013481731489183 -0.01993094084120463835 -0.000147616295805086769 -71.61584840645654992 -0.0001445596817722933475 -0.0001548009093741960305 0.9999999775695881388 0.4672062166675249317
0.007936520414290434283 0.9999684951393432719 0.0001427399847855439813 98.17627747909908464 -0.999968494527404661 0.007936541226740305432 -0.0001458361572117825911 -73.53647751660903964 -0.0001469644244379256942 -0.0001415780560560121054 0.9999999791785555425 0.4669098328576846146
0.03568540555171983986 0.999363060697159411 0.0001573113080550358925 98.19962369656470003 -0.9993630615775770387 0.03568542858010918112 -0.0001460944155898960344 -75.46256218848590436 -0.0001516150837631228393 -0.0001519976719694871492 0.9999999769547865958 0.4666717427307098265
0.06821253160646884028 0.9976707996039148041 0.0001617150408117405355 98.27434562577853683 -0.997670800335460628 0.06821255539449400107 -0.0001464472159756268572 -77.31346304868249319 -0.0001571371072416645877 -0.0001513488388445140753 0.9999999762007287796 0.4663873391774089328
0.1042905316402550353 0.994546861930008963 0.0001563252934611687685 98.39578461614009086 -0.9945468608726681925 0.1042905547002594413 -0.00014741392875632973 -79.06859638101573751 -0.0001629133118181277863 -0.0001400989528856277564 0.9999999769157675855 0.4660875908615376706
0.1492376372291130682 0.9888013474563902561 0.0001513437514175959152 98.58604598466121161 -0.9888013444084143844 0.1492376596023014257 -0.0001491803352230769767 -80.81054501471547269 -0.0001700959037395690645 -0.0001273855841197926969 0.9999999774201476788 0.4657933827072582855
0.1933898721362761475 0.9811219775887208838 0.0001498323889099869492 98.84587858578450437 -0.9811219732814689953 0.1933898941391926363 -0.0001496373651425724188 -82.48653261237691936 -0.0001757885774397709307 -0.0001180654981571115515 0.9999999775794566892 0.4655001129385917813
0.2297205383883976493 0.9732566208812643005 0.0001554205919315241138 99.16963707036127573 -0.9732566169065183237 0.2297205608940899035 -0.0001468074115396055814 -84.06213836459666311 -0.0001785845908283629016 -0.0001175394418825984516 0.9999999771460114095 0.4652279827940613011
0.2677938550714563104 0.9634762197598746303 0.000158573081846439661 99.54197713066463393 -0.9634762153393352513 0.2677938779308579598 -0.0001463570164076005741 -85.58529584432932324 -0.0001834764054268344009 -0.000113587883111554582 0.9999999767171002807 0.4649465065403872721
0.3076138550092924473 0.9515112665614723353 0.0001606708976241820062 99.96688434302386383 -0.9515112615959882003 0.3076138779585830818 -0.000145415011546180681 -87.05523988613383324 -0.000187788619706618688 -0.0001081484962222038797 0.999999976519668099 0.4646664854624408814
0.3512921186123084683 0.9362658929672887931 0.0001583327932294811109 100.4379071504330199 -0.9362658865285955478 0.3512921409526013061 -0.0001463898663193155981 -88.46733267337341999 -0.0001926809048274060398 -9.681598673686398415e-05 0.9999999767503662262 0.4643811816383596192
0.4057085492018324691 0.9140024866433138495 0.0001658813296244010093 101.0064156864920193 -0.914002480227463332 0.4057085723269732158 -0.0001431107501759963044 -89.82022656965921215 -0.0001981030589438665356 -9.355469187104261384e-05 0.9999999760013482675 0.4641249174193630145
0.4664473163508744413 0.8845489668277486395 0.0001623430393109485806 101.6154269538972557 -0.8845489583065394568 0.4664473383782101745 -0.0001445023601475771457 -91.07667833089159615 -0.0002035438919635317208 -7.619762821361230416e-05 0.9999999763819024112 0.4638201201353636116
0.5322810852780658353 0.8465676715294200294 0.000154203414212792186 102.2410929265737423 -0.8465676599072856634 0.5322811051637095225 -0.0001492884279301891659 -92.19571222431854096 -0.0002084623205563501788 -5.108021708169996572e-05 0.9999999769671357175 0.4635431576763762718
0.6056583867856357717 0.7957247611717547242 0.0001515803671715419047 103.0072316678733415 -0.7957247468653928513 0.6056584051204421115 -0.0001534118686593034222 -93.32412575335060012 -0.0002138795459785239371 -2.770106441137493698e-05 0.9999999767440949094 0.4632482806045283286
0.676509784436362005 0.7364336273274183498 0.0001552593981842402581 103.8613175448136587 -0.7364336117802178228 0.6765098021518982652 -0.000151772775195993737 -94.34985726129923478 -0.0002168050801149776761 -1.166247193649292107e-05 0.9999999764297714533 0.4629725541448003745
0.7497457472478176177 0.6617259921878712037 0.0001604650168970975883 104.7874622172700754 -0.661725976023361695 0.7497457644114465802 -0.0001463053570678848924 -95.23664554781322522 -0.0002171220243229570455 3.507949337383066037e-06 0.9999999764228598709 0.4627136191088022099
0.8166514418336492387 0.5771311777330494497 0.000161992954832962632 105.8163913636953595 -0.5771311605610583984 0.816651457576199058 -0.0001426546450111658773 -96.01778312487681433 -0.0002146222259657986232 2.300793950717313759e-05 0.9999999767039668974 0.4624315437340177914
0.8679487156732482722 0.4966538041127466219 0.0001606976315477270478 106.8420108569038121 -0.4966537856552040719 0.8679487294507347572 -0.0001422724230143168622 -96.64303043081525857 -0.0002101374452379903811 4.367407977699362079e-05 0.9999999769674139394 0.4621745342448453364
0.9073801529412827138 0.4203108756924942568 0.0001607018838990239792 107.920938664032164 -0.4203108561947513366 0.9073801651065837026 -0.0001419091840990594692 -97.16664012375296977 -0.0002054636753827185499 6.122083075786890983e-05 0.9999999770183435333 0.4619227254101060942
0.935230825477712413 0.354038525270024107 0.000160321974861359686 109.0197075858713163 -0.3540385046313437312 0.935230836002186372 -0.0001436359505081574825 -97.60231451944476078 -0.0002007907146727772095 7.757261632256035174e-05 0.9999999768327885175 0.4616808559016340463
0.9557726169681889372 0.2941065764201951094 0.0001623650340499704795 110.1767977826080482 -0.2941065557625475724 0.9557726269174521283 -0.0001396246285934128121 -97.96556424274103847 -0.0001962485766130317856 8.569677572323204228e-05 0.9999999770712789671 0.4614514132126300017
0.9704180289874623222 0.2414307814433142851 0.0001636764849373909664 111.4194381977660839 -0.2414307607093617303 0.9704180383213485417 -0.0001366970264061656884 -98.2748343790030674 -0.0001918374833384947024 9.313672066484974697e-05 0.9999999772619651006 0.4612091819127823178
0.9785631601534278134 0.2059468765699538351 0.0001600745119176544924 112.6474378589460912 -0.2059468535860811134 0.9785631667423182467 -0.0001489814475374272448 -98.55693299095005955 -0.0001873252850840745787 0.0001128209140376883592 0.9999999760903389712 0.460944826053846235
0.9830952948253792734 0.1830945540133790961 0.0001599533524684656062 113.9948142705204788 -0.1830945302411036146 0.9830953004330931222 -0.000152526681280056969 -98.82297078399861334 -0.0001851761937843795244 0.0001206616787710508294 0.9999999755752677633 0.4606892159299090239
0.9839300210178575368 0.1785544398845709535 0.0001604354638045834213 115.3560088814488438 -0.1785544168998630388 0.9839300271671560516 -0.0001478060281041148477 -99.06632798121363237 -0.0001842486928195124823 0.0001167843276493612679 0.9999999762069194942 0.4604439761475211945
0.9810996917556992214 0.1935028911758985837 0.0001610766060491466457 116.7207070781760478 -0.1935028683246477754 0.981099698440537682 -0.000147214988306082538 -99.33070049036459181 -0.0001865187354822960973 0.0001132637943584073701 0.9999999761910366436 0.4601847072047329235
0.9766437180855568334 0.2148651257145811067 0.0001602432812803437066 118.1023398447509578 -0.2148651020267525469 0.9766437244693078057 -0.0001529313068566724265 -99.6504082439646055 -0.000189360199524271904 0.0001149287111587811504 0.9999999754670525487 0.4598941949855890887
0.970217403701007286 0.2422357612061276921 0.0001598461667179906234 119.5247141185355417 -0.2422357381199287951 0.970217410880997555 -0.0001510069513178677672 -99.99909204230263526 -0.0001916648178122815451 0.0001077891180678524453 0.9999999758230513347 0.4596298630081558367
0.9609409847016541217 0.2767533171113703561 0.000159344598392195723 120.9270988815758301 -0.2767532945781783771 0.9609409927233565352 -0.0001498205813795492648 -100.4041313524949146 -0.0001945840994324453833 9.986959442116157329e-05 0.9999999760815456717 0.4593467799688457642
0.9476265597088756598 0.3193804597040729165 0.0001590464346121427239 122.2993150373971929 -0.3193804376018221092 0.9476265686799975052 -0.0001497039587303317229 -100.8616077982886736 -0.0001985291462511052979 9.106712750098809389e-05 0.9999999761464776205 0.4590584955854097315
0.9267151810505965814 0.3757644841294037752 0.0001602484182715441241 123.6286119561429899 -0.375764462913755426 0.9267151917321535537 -0.0001477369533501878386 -101.3844865480487414 -0.0002040189437257714769 7.669441664719728791e-05 0.9999999762471180054 0.4587683730640543245
0.9004142535643299139 0.4350335004200977518 0.0001596642103560402121 124.9125443457385245 -0.4350334796303936824 0.9004142653693019138 -0.0001494067089773606916 -101.9963793175679285 -0.000208760856266171764 6.506865333772598233e-05 0.9999999760924871417 0.4584683609489669243
0.868382078816791414 0.4958956961267076413 0.0001541267932079793692 126.1129651860055816 -0.4958956748642572299 0.8683820904204266888 -0.0001571311720970013602 -102.6947657759705237 -0.0002117616188459899766 6.001908373997832621e-05 0.9999999757773626596 0.4581592640275740091
0.8370405435133012606 0.5471408475990258147 0.0001463072425180326 127.3093548218017474 -0.5471408245178054353 0.8370405539238855441 -0.0001709824650317339834 -103.5138977248162746 -0.0002160165861624040423 6.306859015716376551e-05 0.9999999746795932287 0.4578283576121134901
0.8062601202220884833 0.5915611529000921465 0.0001446416600447697487 128.4425857522157912 -0.5915611308112437294 0.8062601315743184172 -0.0001695562383394296413 -104.3870963874546334 -0.0002169216876922997177 5.11420491294541595e-05 0.9999999751647355994 0.4575201894382773804
0.7789097963071788255 0.6271359558922546817 0.0001484791228428531036 129.5328693132995284 -0.6271359350650026476 0.7789098096348391342 -0.0001655505847136470876 -105.3076608542501873 -0.000219474569501189391 3.583237867615716136e-05 0.9999999752734763936 0.4572203795372603019
0.754901419897073378 0.6558382612955020452 0.0001458098337815006014 130.6296155536925028 -0.6558382396869785191 0.7549014332114883929 -0.000171760760009660317 -106.3266430626665908 -0.0002227193307015133672 3.403477689758275799e-05 0.9999999746188662497 0.4568814822387634034
0.7353252558521270466 0.677714354957554499 0.000145577134493510708 131.7254871166277042 -0.6777143339052600357 0.7353252697614341971 -0.0001710901989641398313 -107.3975165855163567 -0.0002229968295230790694 2.714723359199138121e-05 0.9999999747677202899 0.4565456804801938939
0.7259361949124016888 0.6877620361567807761 0.0001501326594998039212 132.8218140565421095 -0.6877620166510935995 0.7259362102554969276 -0.0001646029781374317759 -108.4928975042892887 -0.0002221944132741367759 1.623571895755935291e-05 0.9999999751830215278 0.4562154154671087536
0.7175033489272718557 0.6965550356367241625 0.0001631241982427531921 133.931772059053884 -0.6965550199044115987 0.7175033674335099532 -0.0001482220326891429149 -109.5873816995597849 -0.0002202869648110005265 -7.275174314604529136e-06 0.9999999757103620324 0.4558952009556133111
0.7138087023466822556 0.7003407116194536597 0.0001552569984796053307 135.0249987366373716 -0.700340693623920596 0.713808719216173837 -0.0001588318731420257065 -110.7225245155187707 -0.0002220602262982116133 4.642779253627428496e-06 0.9999999753338497666 0.4555211384434247335
0.7115717989709170466 0.7026133732665200693 0.0001503947043540247415 136.1597689511033025 -0.7026133535840771716 0.7115718147449366926 -0.0001668177649487298595 -111.9086156428919452 -0.0002242250252566301905 1.303348951740819344e-05 0.9999999747766324942 0.4551419084405812776
0.7100792922642825689 0.7041217043870227066 0.000155276535690787148 137.3005842515910899 -0.7041216864611593573 0.7100793092331302292 -0.0001589223904172597538 -113.0907231743852179 -0.0002221593596092884314 3.513922333992380361e-06 0.9999999753164351413 0.4547994329170134131
0.7132307993877957664 0.7009292414071774946 0.0001592081566444990596 138.4924786691013026 -0.700929224592428568 0.7132308171540708841 -0.0001535455167662618295 -114.3091763615701666 -0.0002211767062495984199 -2.08025812000546371e-06 0.9999999755382680267 0.4544360004372737794
0.7152936487400528565 0.6988239900209666233 0.0001644553147909500715 139.708666436496344 -0.698823974713745466 0.7152936675745966699 -0.0001466124051792216205 -115.5266305418533648 -0.0002200901112428677974 -1.00543944938114822e-05 0.9999999757296255121 0.4540677026247242898
0.7157525436484809545 0.6983539699603866779 0.0001700103806654080564 140.954516522656121 -0.6983539564687069046 0.7157525635741702752 -0.0001386497000894269349 -116.7583386184839753 -0.000218511934286754687 -1.94885464633323151e-05 0.9999999759363650265 0.4536920126286601018
0.7178032639547974325 0.6962459696879408355 0.0001547623039751128149 142.2364121049899097 -0.6962459512586466337 0.7178032806008884936 -0.0001603645123688143392 -118.0650542672733394 -0.0002227420349244468823 7.357542850722138442e-06 0.9999999751659257585 0.4532497749624941341
0.7161699955471184653 0.6979258666409583478 0.0001488413251898940896 143.5491558578677598 -0.6979258462176421984 0.7161700107951390892 -0.0001697684038953999454 -119.4037789008733625 -0.0002250814538849585573 1.770282922649790637e-05 0.9999999745124739103 0.4528309203397584692
0.7150337829319084459 0.6990898830518355034 0.0001571078858955851328 144.8729101554281158 -0.699089865132288546 0.7150338001838947299 -0.0001583228641210414789 -120.7234632756026684 -0.000223019361253588513 3.373665695119263252e-06 0.9999999751254908809 0.4524419548930585511
0.7146667504770720658 0.6994650904234579469 0.0001518014449025519117 146.2442633792995821 -0.6994650707700993397 0.7146667664868098235 -0.0001662952195515300386 -122.1261175545373305 -0.0002248051485571321854 1.266585577499639875e-05 0.999999974651110124 0.4519886205506613575
