0.9999727208254474142 0.007386311999347235611 0 -0 -0.007386311999347235611 0.9999727208254474142 -0 0 -0 0 1 0.4949999999999998845
0.9988154894819785135 -0.04865664613026909197 0.0003856947781477352232 0.305013395065630466 0.04865670723808430964 0.9988155496105173281 -0.0001506626031897089846 0.009512078755106779387 -0.0003779072048490698076 0.0001692507796551510619 0.9999999142701551103 0.4951013251888343181
0.9956063323952172306 -0.09363764408482673496 0.0001500233979378668727 2.56632849256537332 0.09363767661029955003 0.9956063147992750828 -0.000226832678846344859 0.1622894640080307649 -0.0001281241647059628392 0.0002398838938736759855 0.9999999630199570833 0.4945507375113640802
0.9861545444240275016 -0.1658288667740299982 3.819047086843868036e-05 5.012212439183888257 0.1658288711077143818 0.9861545242879607986 -0.0001993383033631431942 0.4722142072723563011 -4.605660680230466966e-06 0.000202911456410524401 0.9999999794028638922 0.4943859776103171066
0.9742685108357151957 -0.2253904655786059252 8.259812055248552643e-05 6.661136173279563089 0.2253904760743761226 0.9742684997142541103 -0.0001541484188512609143 0.8055210234728661378 -4.572916309679545709e-05 0.0001687987801960715722 0.9999999847079074078 0.4941706306987563857
0.9596032597676041886 -0.2813566505867742817 0.0001378992835145710345 8.475597187651516151 0.2813566728423195773 0.9596032455225707025 -0.0001839344490310295538 1.269167706763409509 -8.057741950892526278e-05 0.0002153029804707336887 0.9999999735759524944 0.4939075447015641163
0.9380918646323549437 -0.3463865392355802153 0.0001376561717269289531 10.603790926866278 0.3463865601736789701 0.9380918496640691107 -0.0001803527774658151943 1.956146709927588212 -6.666235832508106624e-05 0.0002168697211156989601 0.9999999742618265186 0.4937091199008770692
0.9175179581991120825 -0.3976943349964674468 0.0001108877021801606393 12.45788451676801323 0.3976943486548404905 0.9175179449131134479 -0.0001606631619778773083 2.732214299819471393 -3.784662725925673927e-05 0.0001915107488281261492 0.9999999809456325828 0.4936256491919365774
0.8979898026750990914 -0.440016252337990188 0.0001094175449344717189 14.14432095445314097 0.4400162651500817979 0.8979897882160984279 -0.0001632948624997067994 3.523749866739686265 -2.640344457966326951e-05 0.0001947826208179266952 0.9999999806812939207 0.4935593615053472383
0.8839936739457940895 -0.4674988453954146972 0.0001182370660639275081 15.99424671167945888 0.467498859703699754 0.8839936577275341323 -0.0001711007550270134158 4.472253609142450514 -2.453141108741094774e-05 0.0002065276786108260305 0.9999999783722635094 0.4935045300915767985
0.8796490848106890414 -0.4756232443568374491 0.0001304661866693765512 17.91972954951089037 0.4756232614469222408 0.8796490661769907904 -0.0001831577826943776074 5.471416497388650768 -2.765036043708554096e-05 0.00022316732913529622 0.9999999747158998531 0.4934138772020904007
0.8776595136960670951 -0.4792846330583248604 0.0001361439029230158428 19.85298285158643594 0.479284651532472461 0.8776594937466563051 -0.0001893250955366450902 6.485385186657095069 -2.87473799730947342e-05 0.0002314146543498818594 0.9999999728104224106 0.4933352067485444192
0.8752961164028997265 -0.483587317389062632 0.0001227708590383637909 21.77775652044572396 0.4835873324105584015 0.8752960994244406434 -0.0001739730791257821892 7.531535610031914629 -2.33296794069154991e-05 0.0002116483927375666064 0.9999999773303415163 0.4933126660031579847
0.8709541846790109787 -0.4913642161875609871 0.0001234614745061397053 23.65151538400922249 0.4913642312496337428 0.8709541671271650021 -0.000176109384735992743 8.552861649427818236 -2.099543590671197629e-05 0.0002140477581067144275 0.9999999768713739856 0.4932625624489989646
0.8714462870207343448 -0.4904909332279411838 0.0001151572475268672032 25.47871199022055322 0.4904909464042367384 0.8714462711627348757 -0.0001672551159442817333 9.567385288187951531 -1.8316236047994216e-05 0.0002022374370996268605 0.9999999793822668126 0.4932499345754268738
0.8706121504838666425 -0.4919699850380530592 0.0001313535207397969464 27.42760215134534363 0.4919700020205594604 0.8706121311318707479 -0.0001850409296789757338 10.61251522741356013 -2.332338521735586418e-05 0.0002257208735791125858 0.9999999742530528701 0.4931772277258842929
0.8703872380987196511 -0.4923677851972011466 0.0001409152870253391535 29.45407468609679214 0.4923678047114279366 0.8703872160156426174 -0.0001976927434882692046 11.70461994809388884 -2.531332610715261703e-05 0.0002414513915198603176 0.9999999705302299313 0.4930978737360754427
0.8677309068279409621 -0.4970342584553745779 0.0001387786285179273111 31.48578075774446816 0.497034277219619347 0.8677308857737430214 -0.0001927312080354935577 12.80136049690676359 -2.462848918319625839e-05 0.0002362165612416214583 0.9999999717975862623 0.4930381240985743929
0.8621622495223583149 -0.5066322524589990106 0.0001275503836531620384 33.42810454604019554 0.506632268228022431 0.8621622301859263038 -0.0001833935428169553494 13.89633914220555155 -1.70560395476907624e-05 0.0002227361296064971552 0.9999999750488535177 0.4930425226420515616
0.8624048791896941069 -0.5062191330266146982 0.0001170889587146407168 35.32538965919619756 0.5062191463477234699 0.8624048625686459024 -0.000169974026120725194 14.99534379711844068 -1.493398320872889106e-05 0.0002058591021892992271 0.9999999786995026341 0.4930383672858800193
0.8616481534426033706 -0.507506105810230812 0.0001106188008148335442 37.28771203247195132 0.5075061176659314555 0.8616481387520763535 -0.000159746576638437898 16.12812283162128324 -1.424212080679879089e-05 0.0001937850609216845016 0.9999999811222556323 0.4930254401235824036
0.8525766337757596514 -0.522602211380910453 0.0001104608940490531569 39.18019439879745391 0.5226022229361912963 0.8525766190407602085 -0.0001589006308587005245 17.26899262598410445 -1.113455450798273559e-05 0.0001932020737399098059 0.9999999812744898575 0.4929852857744055905
0.8505336012683849534 -0.5259206945426888602 0.0001271510922243127028 41.04230132670913633 0.5259207097648299634 0.8505335819145957155 -0.0001818741808129304381 18.38104463358471108 -1.2494878421378838e-05 0.0002215614946545430496 0.9999999753771904309 0.4929163423126877164
0.8469373040026447752 -0.5316927532034093629 0.0001388594345974751608 42.9764656099535074 0.5316927711129166845 0.8469372823292796726 -0.0001922217320876287337 19.52739950151782011 -1.540233020456644797e-05 0.0002366303131213194166 0.9999999718844310159 0.4928447593257632708
0.8443953142030827808 -0.5357205758061912571 0.0001342087650875927265 44.83885399187824561 0.5357205924150317822 0.8443952942694423758 -0.0001840661339571497983 20.66683105110892882 -1.471723441973248774e-05 0.0002273229801569093202 0.9999999740538323412 0.4928194707533342656
0.8461115263101328665 -0.5330058823815131408 0.0001199753073439524282 46.64194563043561459 0.5330058957588001967 0.8461115095599021085 -0.0001687567940408446542 21.78149657920577198 -1.156412449108911884e-05 0.0002067346147409045598 0.9999999785635346194 0.4928353404780357883
0.8504326507634870635 -0.5260839237623206044 0.0001080576803622528091 48.38992332490291659 0.5260839347856569592 0.8504326361535959888 -0.0001578845107637102518 22.87692700844262106 -8.835275043246291902e-06 0.0001911175526720632046 0.9999999816980090772 0.4928779061164194064
0.8519010784957047333 -0.5237027218330040368 0.0001077255343605982804 50.22126458752079259 0.5237027328257276571 0.851901064077355108 -0.0001570253715342844391 24.02069190574183821 -9.536882880751850858e-06 0.0001901862401010028392 0.9999999818691206466 0.4928534343322445443
0.8561664058521401 -0.5167001696772005603 0.0001419436974054437309 52.02646802293237016 0.5167001887719796516 0.8561663837168580482 -0.0001957509408477909392 25.01963470773304365 -2.038287774849342833e-05 0.0002409377147122136341 0.9999999707667773796 0.4927211969749341058
0.8623464285890669601 -0.5063186892258836336 0.0001484671568489201096 53.82606226664236715 0.5063187103598628669 0.862346405104269742 -0.0002028435374541060366 25.98838668902057591 -2.532664498301360009e-05 0.0002500930994724617946 0.9999999684060005833 0.4926342625720636081
0.8693205785188594659 -0.4942486355364071327 0.0001342991730590945031 55.57762494404881437 0.4942486531825090457 0.8693205587602385043 -0.0001869392815368412918 26.8980893289132581 -2.435454733702991425e-05 0.0002288873497814890301 0.9999999735087179431 0.4925753791639567725
0.8772590779835265362 -0.4800171823923664038 0.0001212675514552245863 57.32269147694634626 0.480017197131078599 0.8772590613418320693 -0.0001724943581873181631 27.788751662618278 -2.358280256517659076e-05 0.0002095327517732527116 0.9999999777699382086 0.4925518218682436444
0.8853237147835792964 -0.464975165425406789 0.0001248264848545261034 59.08332734693659916 0.4649751813350108121 0.8853236974625976474 -0.0001773580030424247835 28.61426048207364659 -2.804477830849670019e-05 0.0002150604635307622127 0.9999999764812431691 0.4924736164679690553
0.8895484339223167503 -0.4568408575512751257 0.0001207493342194721446 60.83372177613412646 0.4568408725772525325 0.8895484179173890338 -0.0001712476487337910201 29.4501194440876759 -2.917945651832486501e-05 0.0002074963089519688193 0.9999999780469200905 0.4924124035615310979
0.9001463504644523494 -0.4355875755725772125 0.0001084184679981188191 62.57655884904307442 0.4355875880369811659 0.900146337559622256 -0.0001553330500772261505 30.28123099218035463 -2.993134020289910089e-05 0.000187048217107492373 0.9999999820585393495 0.4923970518622327597
0.9114126083619131791 -0.4114936723381295569 0.0001222572970941481027 64.33417629789465764 0.4114936884573449638 0.9114125932141177167 -0.0001711511590982841907 31.0086961550677529 -4.099922120164593348e-05 0.000206297430460028469 0.9999999778802165507 0.4922607536861321464
0.9210869205610336952 -0.389356993502976978 0.0001279997932215848572 66.14565329361232671 0.3893570115342375737 0.9210869045383885956 -0.0001784915947826757167 31.72223383128480378 -4.840198260988909151e-05 0.0002142438903501593509 0.9999999758784012815 0.4921457736635379554
0.929829617451162771 -0.3679903063743345526 0.0001301052660338534095 67.92444239059254585 0.3679903256047773463 0.9298296004158763672 -0.0001856178177071701046 32.34690738775670837 -5.26701699216622601e-05 0.0002204704236414716022 0.9999999743093221927 0.4920346006235360448
0.9382123667511539367 -0.3460600224353745369 0.0001254968477558290028 69.66055992340557168 0.3460600409064503169 0.9382123505069831504 -0.0001828830779012483357 32.90385029164762898 -5.445417047265696379e-05 0.0002150126096244786588 0.9999999754021600129 0.4919555613933515592
0.9436875435584286542 -0.3308380378634357966 0.0001133029706986530297 71.42094502661359456 0.3308380528891820549 0.9436875314364377987 -0.0001605432335029920859 33.47246502420927783 -5.380879235864565271e-05 0.0001889875838718682512 0.9999999806941530789 0.4918929728103890175
0.9465110214977131564 -0.3226714652357111079 0.0001082045622522811063 73.18570688163229931 0.3226714786965686477 0.946511011670390201 -0.0001470533817592426429 34.05982089721717898 -5.496687952463714363e-05 0.0001741021726872924249 0.9999999833335374566 0.4918177283154826496
0.947323895814052741 -0.320277103537699892 0.0001156348556400418898 74.95246598635414159 0.3202771190949723068 0.9473238841332007887 -0.0001598037656480904482 34.62216340922741153 -5.836217338991870289e-05 0.0001884211242708605874 0.9999999805456678548 0.4916672165588559795
0.945674281594685362 -0.3251155769247533467 0.0001215462587912901059 76.71172033017514025 0.3251155943999274323 0.9456742674057072584 -0.0001739163400800538054 35.18122260916324961 -5.840025799658945469e-05 0.0002039847941367996047 0.999999977489806291 0.4915161339523622663
0.9384596351352705312 -0.345388907190627148 0.0001265451374423075509 78.49425391596032853 0.345388925785260148 0.9384596193974161782 -0.0001808524077944590987 35.76919474107127428 -5.629308602977980123e-05 0.0002134299737166699899 0.9999999756393668227 0.4913965403697905798
0.9324120379163999273 -0.361396977954486498 0.0001260007259516974642 80.22572099168580451 0.3613969961083021154 0.9324120220471976417 -0.0001798554552544840996 36.37556671330526115 -5.24853736664380793e-05 0.0002132356754306242595 0.9999999758879156708 0.4912874467443114068
0.9274119668227291946 -0.3740414810553308045 0.0001193572966291018585 81.98175681635544265 0.3740414973351070538 0.9274119515442958983 -0.0001743741496651551144 37.02289274571455735 -4.547021819932819064e-05 0.0002063612550530222797 0.9999999776737453772 0.4912026244940452258
0.9203356348395106412 -0.3911295258225692129 0.0001152241274081031988 83.78216905613371068 0.3911295405568194772 0.9203356211514083229 -0.0001641520484787422707 37.74551124292933224 -4.184015598547179859e-05 0.0001961425397610812966 0.9999999798887523328 0.4911373632983425663
0.9111056636678903642 -0.4121728476272573105 0.0001153835482305660092 85.58881714347319303 0.4121728616117429356 0.9111056518779681035 -0.0001525419366327687828 38.55646747630236604 -4.225295852209785629e-05 0.000186539789670093066 0.9999999817087967813 0.4910515518430098592
0.9077721020091565896 -0.419463701703307712 0.0001173433781694414857 87.55499416481525543 0.419463716195905556 0.9077720891026045402 -0.0001582518450387219804 39.45300640204897746 -4.014013882191033906e-05 0.0001928778994955634182 0.9999999805934421948 0.4909476140453424287
0.9057503215309858913 -0.4238116798393811724 0.0001228025656051997551 89.48472790652631659 0.4238116960521187693 0.9057503051441305741 -0.0001761333967251621372 40.32495487770994913 -3.658107052748471187e-05 0.0002115780443248516227 0.9999999769482776912 0.4908459425829303502
0.901563824025976901 -0.4326461092876439096 0.0001238069222822180311 91.36736185503146146 0.432646125741614429 0.9015638063290301041 -0.00018166043808767469 41.18207218593714458 -3.302515835251752346e-05 0.0002173430645019530367 0.9999999758356651336 0.4907505863358331832
0.8957648067574872641 -0.4445282844171605241 0.0001238147418167459199 93.30397309268792583 0.444528300526126241 0.8957647896219034234 -0.000178065195627745567 42.10577941890813491 -3.175387022875988784e-05 0.0002145436923116008515 0.999999976481347419 0.4906748093263635924
0.8961114057875460004 -0.4438291715618945532 0.0001220261573703995624 95.18578130838390905 0.4438291872152035911 0.8961113891998860881 -0.0001752836973082927137 43.00459312067988549 -3.155301123526722736e-05 0.0002112324906512718357 0.9999999771926206815 0.49062418405244268
0.8963521986202620528 -0.4433426666265948834 0.0001264091555367621693 97.14928602883890107 0.4433426834073027623 0.8963521810071362061 -0.0001807628137481273687 43.93213777848384183 -3.316725439062578201e-05 0.0002180697197548381837 0.9999999756727647737 0.4905550310005672987
0.8954699374079695406 -0.4451219781250289054 0.0001256616921531475428 99.15287464719116883 0.4451219946621447487 0.8954699200435531914 -0.0001793527769666494655 44.88317564468262333 -3.269240255930453993e-05 0.0002165398030281005803 0.999999976020859771 0.4904613327826286007
0.8902643920171041669 -0.4554440647175387324 0.0001273664588542339736 101.1959318117741589 0.4554440814856638986 0.8902643740788531712 -0.0001813502139404586547 45.86264776542583377 -3.079494219606685704e-05 0.0002194579378208224066 0.9999999754449420131 0.4903725451437708216
0.8883184424703911564 -0.4592279694797523071 0.0001296792755828704373 103.1457162605069726 0.4592279868792383257 0.8883184230716000274 -0.0001878847000804562042 46.80395833734628752 -2.891458027658273e-05 0.0002264537968053670434 0.9999999739413119038 0.4902658027168004251
0.8902872321337511607 -0.4553994161588736933 0.0001267438903924985986 105.1362566845933202 0.4553994328645347145 0.8902872136344618381 -0.0001838147948861688214 47.77115473256632328 -2.912931475020478998e-05 0.0002213670607682291091 0.9999999750740531379 0.490184172082901215
0.8881634138221560226 -0.4595277299795904602 0.0001254185414902015793 107.2002305830403799 0.4595277461669258212 0.8881633962930262083 -0.0001788580856154659167 48.77427441849625467 -2.920190769668491238e-05 0.0002164885076084631073 0.9999999761399868126 0.490119934643154842
0.8843357360664605427 -0.466851464797093163 0.0001254385602716755579 109.2933781547124994 0.4668514808235638136 0.8843357185599584058 -0.000178140731534759091 49.81292705678956878 -2.776453787595085479e-05 0.0002160973925604165477 0.9999999762655231716 0.4900438264443276459
0.8814973945238764319 -0.4721888671360026102 0.0001311589437921358134 111.3915209932730903 0.4721888845992076034 0.8814973747962456807 -0.0001883892671313370311 50.85870775585729575 -2.666095000648828687e-05 0.0002279964435069549607 0.9999999736534072037 0.4899477486713956775
0.8851525404209814596 -0.4653009378317252698 0.0001320660148787357682 113.5005263756753067 0.4653009560517371579 0.885152517219769841 -0.0002038604354201264577 51.86034832840577735 -2.204211372132783601e-05 0.0002418980252884710992 0.9999999704997446504 0.4899234121594670532
0.8835719361475996569 -0.4682954357910283361 0.0001359113883869209657 115.5742965933772695 0.4682954552096654788 0.8835719088172142577 -0.0002204116813864300819 52.79133277933016899 -1.686970047873797901e-05 0.000258396261564986776 0.9999999664733918436 0.4898973219044492344
0.8808504917145317803 -0.4733945473753399247 0.0001173192098776011986 117.5824872322904469 0.4733945615530630313 0.8808504736554437775 -0.0001793186999639192981 53.78719724344669828 -1.845218678421344768e-05 0.0002134912409585877516 0.9999999770405029187 0.4898524884772257337
0.8831758551804784751 -0.4690419981694216589 0.0001130561774448312452 119.6156646603903795 0.4690420113450342599 0.8831758392331104934 -0.000169087339222802872 54.77178439894713335 -2.053942094111201912e-05 0.0002023619522819953339 0.999999979313885734 0.4897947436679166433
0.8819267880067083176 -0.471386388627682118 0.0001149563178583812463 121.660642583789766 0.4713864021121114134 0.8819267723787670432 -0.0001675338825735368331 55.76703826687766252 -2.240986249427613194e-05 0.0002019414640156910203 0.9999999793587210917 0.4897191121640029343
0.8828596515206315054 -0.4696369072308547721 0.0001052888364890832671 123.6094557539773575 0.4696369186022051334 0.8828596381291204942 -0.0001550824836138533266 56.75021509993474211 -2.012280611169841392e-05 0.0001863635921722251192 0.9999999824318417385 0.4896900654653907337
0.8853364419238768379 -0.4649509373573925131 0.000102246194696114018 125.6430183335400557 0.4649509481619040208 0.8853364292265740731 -0.0001512941456785826734 57.78171307219079011 -2.017792606431973807e-05 0.00018148568578889399 0.9999999833278981898 0.4896716498887048186
0.8831537828337773233 -0.4690835614460100444 9.082812922477627058e-05 127.6059138247493649 0.4690835698858966674 0.8831537731305182382 -0.0001321766421535094471 58.79889372592684538 -1.821331498990440569e-05 0.0001593382846229540013 0.9999999871397927675 0.4897276345159359279
0.8793305867590277547 -0.4762118332827038891 9.504621431492236028e-05 129.4741655482373517 0.4762118424910020686 0.8793305755381970457 -0.0001414115300230158248 59.78526709249894111 -1.623519837669502107e-05 0.0001696096165103342475 0.9999999854844978664 0.4896736018607623087
0.8788388825964377205 -0.4771186510854165119 0.0001059495618984875758 131.4181918275633052 0.4771186625188003627 0.8788388685821607593 -0.0001579485080153075142 60.79979087320311493 -1.775241402042479475e-05 0.0001893618035594066284 0.9999999819134791634 0.4895730771360240485
0.878182128353585556 -0.4783263890654046446 0.0001223366268107000667 133.2241754578049608 0.4783264044407574134 0.8781821077154819966 -0.0001910638721701918318 61.6984804665484674 -1.604294472740101451e-05 0.0002263057167476694581 0.9999999742641726419 0.4894883923809734694
0.8755521678112863082 -0.4831235759417711328 0.0001086849823398083794 135.0317477202884504 0.4831235879099031738 0.8755521525271977579 -0.0001643541461632404927 62.66670796123209897 -1.575600741975848192e-05 0.0001964089075819309353 0.9999999805876442771 0.4894509570756930272
0.8740109690283838217 -0.4859061774642415288 0.0001127935602641762144 136.7608754460358114 0.4859061903127938065 0.8740109523828040183 -0.0001712683373205656863 63.56307751738830092 -1.536246392104750899e-05 0.000204497494625210111 0.9999999789723842403 0.4894093251054911775
0.8740174482107471166 -0.4858945233075706027 0.0001115576756967992831 138.4792185260714916 0.4858945358809697579 0.8740174318658524566 -0.0001696993505972187264 64.46501725523599191 -1.50473681534002198e-05 0.000202525458428658129 0.9999999793785072644 0.4893715763153083098
0.8725844932458569625 -0.4884631913095632827 0.0001135111470806492867 140.0681739983031378 0.4884632043032323123 0.872584475909495616 -0.0001744872551501362604 65.2962927270888116 -1.381746329177245528e-05 0.0002077008917401916782 0.9999999783347082172 0.4893245481730670865
0.8721140214499075727 -0.4893026873132292343 0.0001173914606091233133 141.5922970308256197 0.4893027011800067383 0.8721140030834322321 -0.0001795716373053992147 66.09729192811674636 -1.451385194086527275e-05 0.0002140469015202663876 0.9999999769866355637 0.4892757965308855428
0.8787593019570598685 -0.4772652039315200545 0.0001197596682926677222 143.0647381248844283 0.4772652186130346141 0.8787592831860251419 -0.0001825345671025241855 66.84298815919780168 -1.812252287072291877e-05 0.000217561073038772851 0.9999999761693763034 0.4892259205692639501
0.8863153709890968512 -0.4630821213139978965 0.0001098636431709753696 144.4854206668911729 0.4630821338896513595 0.8863153557076045574 -0.0001658654332732031889 67.5600313135467303 -2.056451728359610993e-05 0.0001978849733423128951 0.999999980209318573 0.489209855489863954
0.89844189102522376 -0.4390924250223408043 0.0001036400139847300174 145.7917431681596554 0.4390924365856624934 0.8984418776503569903 -0.0001569063396259774386 68.1756416574299493 -2.421814359640063008e-05 0.0001864787747557364664 0.9999999823195736548 0.4891672299083661968
0.9118900187520906364 -0.4104346250782338057 0.0001106319756867047609 147.0829536469800587 0.4104346387713881938 0.9118900036795404285 -0.0001687843604933100101 68.71580388403991435 -3.160924699788294356e-05 0.0001993199686328417895 0.9999999796362023519 0.4891028503005525052
0.9308251126210116411 -0.3654649050369945806 0.0001135896741473551945 148.2160044611140961 0.3654649202633837857 0.9308250972941646273 -0.0001740873918695243672 69.12775157720048469 -4.2109287352090547e-05 0.0002035579573478551682 0.9999999783954824917 0.4890322026574923653
0.9488954543287748677 -0.3155905655042954283 0.0001082640271404091071 149.3197239941548276 0.3155905798990382705 0.9488954417426525012 -0.0001628534241070207908 69.4760221028746372 -5.13362376499914804e-05 0.0001886979809644751091 0.9999999808788309075 0.4889849668670824268
0.9669885842252874397 -0.2548196750557901735 0.0001057575919798052743 150.3772639470979584 0.2548196894171488869 0.9669885734238835573 -0.0001573379260165781843 69.74042909189778072 -6.217358381580065103e-05 0.0001790930950655135272 0.9999999820300540243 0.4889161792709754706
0.9837412218547384457 -0.1795917517912883066 0.0001054254005121738015 151.4289167806921341 0.1795917664633095434 0.9837412131136917814 -0.0001517973079221738263 69.9277883498903492 -7.644976694589792959e-05 0.0001682628030777024515 0.9999999829215306946 0.4888256373954161238
0.9963571419651400252 -0.08527855723480060046 0.0001154696553667594659 152.4565774949765 0.08527857672676818213 0.996357131450924971 -0.0001759561687965234783 69.97730184341678239 -0.0001000437263793206425 0.0001851622733180476922 0.9999999778530922478 0.4886941037155971834
0.9997467884143598216 0.02250214818225133515 0.0001112860717058999709 153.4235938205467846 -0.02250212918228906497 0.9997467807291554598 -0.0001691336331960852405 69.93317081353092135 -0.000115063762004748667 0.0001665866330389227212 0.9999999795046117246 0.4885844935400043831
0.9910432727608887715 0.1335410789189027114 0.0001084379748940700723 154.3780464810539854 -0.1335410607171918229 0.9910432681263871002 -0.0001606428634575553314 69.78752172862154168 -0.0001289191463347703816 0.0001447231069572777818 0.9999999812175376368 0.4884604388379288342
0.9657948646054691499 0.2593072841890902147 0.0001089514317197056467 155.3537700172875873 -0.2593072654095029406 0.9657948623545743461 -0.0001611135834603467151 69.52142912451697043 -0.0001470026587741418451 0.0001273507737025004018 0.999999981085998968 0.4882982133864159913
0.9236043626141101637 0.38334706075486219 0.0001112340948815237389 156.1882175103932582 -0.3833470408576989397 0.9236043627257020106 -0.00016559567652301666 69.16328668385770584 -0.0001662169111852314157 0.0001103036281513765398 0.9999999801025235557 0.4881393105027150847
0.8660196156112277555 0.5000100139460340598 0.0001064542194378488403 156.9332767243998319 -0.5000099908978802299 0.8660196153890430404 -0.0001864562903217115955 68.675386583314733 -0.0001854214544981914819 0.0001082466315805444621 0.9999999769507750269 0.4879323287203709558
0.8007260654055143867 0.5990306822499629202 9.952678159101102369e-05 157.6861183925448415 -0.5990306569811123527 0.8007260651206996593 -0.0002015820686474287878 68.02434851730559728 -0.0002004475323087257714 0.0001017924233206809353 0.999999974729544161 0.4876793214005514798
0.7342002531970720502 0.6789329702877346939 0.0001003188002818395329 158.3707828503872577 -0.6789329476462799828 0.7342002566471930169 -0.0001890549182172703349 67.32580758139140187 -0.00020200970608622124 7.069443004358387094e-05 0.9999999770971875757 0.4875295153688070093
0.6710147639512623607 0.7414439799172344303 0.0001058591311402430645 158.9847552003413398 -0.7414439599077692344 0.6710147710970338908 -0.0001768844648113331226 66.57461567670384284 -0.0002021829622258459818 4.020347401700443486e-05 0.9999999787528647266 0.4873595994933892506
0.6140829907364443452 0.7892414507284816194 0.0001137647507314069347 159.5563664522850331 -0.7892414336451818446 0.6140830011706605029 -0.0001646000156892007417 65.77286313657234018 -0.0001997701547290501223 1.129021494414768265e-05 0.9999999799822077984 0.4871844020175934431
0.5747862789611828394 0.8183035619359515511 0.0001185036889241996297 160.1498619536649812 -0.8183035458215427438 0.5747862911658296881 -0.0001624375358108290856 64.85659768800350378 -0.0002010375099923100944 -3.605122067275310389e-06 0.9999999797854609573 0.4869812071354062688
0.5544228656505192365 0.8322351064742274929 0.0001166101628127226374 160.7411587411855862 -0.8322350900921898775 0.5544228778869083607 -0.0001652182655966553081 63.88001593332796801 -0.0002021517829178102771 -5.446285084204968793e-06 0.9999999795524968649 0.4867471083132487442
0.5396524105802994464 0.8418879137479228225 0.0001282274328669916446 161.3749425944483562 -0.8418879001031176479 0.5396524252332040028 -0.0001536298037571749817 62.89228361564518366 -0.0001985373201027307939 -2.504643025746727884e-05 0.9999999799778039877 0.4865388125580400458
0.5310602407701131566 0.8473340584415428589 0.0001186608866152520333 162.0075546334649061 -0.8473340428456451745 0.5310602538452221522 -0.0001631653604509138817 61.81230772697394116 -0.0002012716476353450018 -1.38947731769455984e-05 0.9999999796483290959 0.4862736332525330329
0.5308340524536085958 0.8474757792667694245 0.0001109688862111372286 162.6648564519370836 -0.8474757621558094423 0.5308340640400702748 -0.0001703389702351104824 60.69705153868860492 -0.0002032642163889574361 -3.621715556686538502e-06 0.9999999793352701838 0.4859969181401453953
0.5264097946738915956 0.8502309780235483005 0.0001099215372777244604 163.3244060514086584 -0.8502309609882011676 0.5264098061364351766 -0.0001702430993735727551 59.57809136034473596 -0.0002026097320107387786 -3.841059287050720088e-06 0.9999999794672709275 0.4857342748906588459
0.5216187262242782952 0.8531786988834209051 0.0001105711845023733494 164.0003976359632532 -0.8531786819677460443 0.5216187379127644741 -0.0001699891367776899245 58.41270915629220895 -0.0002027071122499528452 -5.667460459404153491e-06 0.9999999794388527707 0.4854673268349241066
0.5154175270483546401 0.8569391812507660688 0.0001115834119350127583 164.7089808266533737 -0.8569391645376444044 0.5154175390602121487 -0.0001694487277339683771 57.17088635711140654 -0.000202719301587817079 -8.283351589717711142e-06 0.9999999794181348989 0.4851857664558320016
0.5097866411386402508 0.8603008585288383081 0.0001154701667362959439 165.4338473681399648 -0.8603008426072167314 0.5097866540060091989 -0.0001661592694085623867 55.91226757877309694 -0.0002018121120627230859 -1.463330589338978278e-05 0.9999999795288684323 0.4849018467985249936
0.5038605810328503631 0.8637849867974799478 0.0001070829037505761547 166.154220927337974 -0.8637849695038071207 0.503860592383188588 -0.0001729300492548009344 54.60083138422359639 -0.0002033292356303231189 -5.363967655007098029e-06 0.999999979314224352 0.4845858662205073109
0.4994716765885973686 0.8663302103113608155 0.0001048326372065292968 166.9040811847453085 -0.8663301925163594541 0.4994716875804676715 -0.0001756198164853687226 53.22754757451878049 -0.0002045056867696681878 -3.102554591001337759e-06 0.9999999790838988156 0.4842646009029877296
0.4950009206915798599 0.8688924424571315974 0.0001093508160508111285 167.6744067841232209 -0.8688924254070358177 0.4950009326754072347 -0.0001724035613748186289 51.81909576632010328 -0.0002039289074652426016 -9.674174167585416286e-06 0.9999999791597050658 0.4839481232288814772
0.4814608412693917594 0.8764675949572325875 0.0001153962155330032468 168.4479797635001717 -0.8764675794694168909 0.4814608546334792072 -0.0001661230068879276012 50.39779216098929737 -0.0002011601928661146585 -2.115931905767994299e-05 0.9999999795434295624 0.4836343529073640068
0.466404440136429066 0.8845715841695857007 0.0001034551415380035715 169.1591300458880198 -0.8845715666199416294 0.4664044515192328766 -0.0001764449438373814265 48.94056137034097986 -0.0002043301220348232904 -9.218771379782063173e-06 0.9999999790821073598 0.4832939498189570138
0.4543938947882916191 0.8908008624794179209 0.0001085692621378412157 169.8758782284521942 -0.8908008461363674524 0.4543939073733239686 -0.0001716594522195358295 47.48281165826922035 -0.0002022475993333593526 -1.8712583505530545e-05 0.9999999793728735487 0.4829699339840658467
0.4383176824692863183 0.8988201143136737015 0.0001064994875465001859 170.544797943190332 -0.8988200978288847232 0.4383176949615262274 -0.0001732764287549033385 46.03091534201418256 -0.000202424949397313138 -1.977375713686777069e-05 0.999999979316568588 0.4826397206776774085
0.4114717956052379999 0.9114224869564564457 0.0001081376059193581428 171.174990320662431 -0.9114224712638897552 0.411471808860975119 -0.0001714355090467002739 44.57265903316482536 -0.0002007457543215232705 -2.801816728563826507e-05 0.9999999794580617385 0.4823297310190535203
0.3856913352563042241 0.9226278675072548952 0.0001095876691645784233 171.7691921941317617 -0.9226278525187736612 0.3856913491895110901 -0.000170056470974533461 43.05716054771801282 -0.0001991658551456632466 -3.551932850471009801e-05 0.9999999795356693255 0.4820123256468655248
0.3725986271249796533 0.9279925917405997815 0.0001128777104756126378 172.3714776782867943 -0.9279925772636538062 0.3725986418865523397 -0.0001691451767603893057 41.46358810306993092 -0.0001990235525847723142 -4.172641681415124133e-05 0.9999999793242654311 0.481681017850446147
0.3492802061080361176 0.9370183162758294326 0.0001121916668709386892 172.9198966232664532 -0.9370183022494151803 0.3492802210658363937 -0.0001685943547121048413 39.91579849503276733 -0.0001971623285923725978 -4.623897425544362005e-05 0.9999999794944862685 0.4813524909038938704
0.3222031209962309961 0.9466705534691043367 0.0001096221704458683315 173.3995803776700484 -0.9466705394618808445 0.3222031359211383617 -0.0001700581320948769785 38.39071112665385499 -0.0001963096331163196044 -4.898281832121378302e-05 0.9999999795316052431 0.4810361325454157733
0.3111571281025189428 0.9503584751316505042 0.0001018757549896427537 173.8139198692986724 -0.9503584599991845572 0.3111571418882426721 -0.000174820338880972339 36.90472629367897639 -0.0001978413594312033931 -4.242189104309866595e-05 0.9999999795295894112 0.4807296882120258852
0.3156941118020485937 0.9488610102338685959 0.0001050414705795479166 174.2860582022701408 -0.948860994703524252 0.3156941262470372433 -0.0001771597893878557029 35.27400111876748667 -0.0002012609920056944207 -4.374145190139374696e-05 0.9999999787903488535 0.4804126810934977176
0.3269975318793555408 0.9450251863493448479 0.0001063599012714795694 174.7777966233846598 -0.945025170595332531 0.3269975464268433663 -0.0001776916423679534836 33.63174482462869719 -0.0002027025041954715317 -4.24080553536728151e-05 0.9999999785566254795 0.4800723292791366226
0.3465224208346094903 0.9380416834448647156 0.0001094581120417767841 175.2873329596548899 -0.9380416687263369857 0.3465224354317013034 -0.0001716910706840854225 32.05322447526046403 -0.0001989830725394233499 -4.318146462616733226e-05 0.9999999792705484003 0.4797471400840256917
0.3659293345076288229 0.9306426327685807243 0.0001105558721030543243 175.8245769342019003 -0.9306426185358880332 0.3659293488630929736 -0.000167950977368048381 30.5092023312283267 -0.0001967579780455189632 -4.14298169303094503e-05 0.9999999797849336014 0.4794329665405430707
0.3947208429536656626 0.9188010907012843509 0.0001089325963226205486 176.4101926725838325 -0.918801075439773518 0.3947208566275944852 -0.0001706344820495595232 28.93598585054471783 -0.0001997771159535167756 -3.273440006010623334e-05 0.9999999795087812782 0.4790949618892126893
0.4171487739918138815 0.9088382069340413816 0.0001182212994540966973 177.047071589519021 -0.9088381932208200453 0.4171487888691364221 -0.0001627585956219836625 27.46184461031973356 -0.0001972371020939983036 -3.954948357573887695e-05 0.9999999797666814239 0.4788006251966540616
0.4337660356160348285 0.9010255334262997629 0.0001202581949065157583 177.7538879564579872 -0.9010255192035865335 0.4337660507019389655 -0.0001643307118870274836 25.90324792221520767 -0.0002002300896054759244 -3.707462107893275387e-05 0.9999999792666914855 0.4784679536004329825
0.4514731236501787204 0.8922847109376479402 0.0001151116895686703424 178.4893915998196121 -0.8922846953998890829 0.4514731375425773408 -0.0001686262755530342286 24.33966403634076414 -0.0002024324831957261092 -2.658216751032348727e-05 0.9999999791572387053 0.478108567192881917
0.4660108122044845369 0.884779017670050516 0.0001131440212591136097 179.2090696017947948 -0.8847790019837750153 0.4660108254296263519 -0.0001680274549696778811 22.8956754754830385 -0.0002013935052890570296 -2.18048434469975442e-05 0.9999999794826018862 0.47778254890968469
0.4749447560034928406 0.8800156054377020753 0.0001137239199385353374 180.0003440133434935 -0.8800155893567949139 0.474944769213053064 -0.0001693765194487770415 21.36096900549629751 -0.0002030665612188576653 -1.963433272635490651e-05 0.9999999791892320022 0.4774400663078088303
0.4765267491824723423 0.8791599648007499823 0.0001166505966890651175 180.8101294122530192 -0.8791599492101092039 0.476526762909649626 -0.0001671465267002848016 19.82173979587932777 -0.0002025356657621093669 -2.290474165485938604e-05 0.9999999792273379651 0.477099609277868153
0.479108731317516745 0.8777555524053350933 0.0001174698148077892159 181.6103439266773591 -0.8777555370492627906 0.4791087451354097415 -0.0001658805767401308094 18.30778118607117122 -0.0002018834128336980044 -2.363494771150644061e-05 0.9999999793422380545 0.4767596783024764528
0.4797932284051728002 0.8773815836938512192 0.0001207213488797215651 182.4301779308911478 -0.8773815683011769728 0.4797932428838511121 -0.0001664049208679489668 16.80312277561158751 -0.0002039219004698854525 -2.607873220178310493e-05 0.9999999788678788359 0.4764208694786735698
0.4803032501732784065 0.8771024879665884066 0.0001160949541072119957 183.236086360651143 -0.8771024721348728015 0.4803032637386691617 -0.0001679854441653113543 15.29599632282347343 -0.0002031012363808519777 -2.114321643541945312e-05 0.9999999791514256886 0.4760699883574467384
0.4794803023296708711 0.8775526358809742078 0.0001045869707689245067 184.0351574291932479 -0.8775526187597678662 0.4794803136597727278 -0.0001735593047905321104 13.73898868310728183 -0.0002024548189496102712 -8.562302153329163603e-06 0.9999999794693663624 0.4756885485177890782
0.4794324329855618738 0.8775787897807705296 9.965287368082193062e-05 184.8185710405628583 -0.8775787718911781665 0.479432443335813363 -0.0001772152811038071592 12.18200648513850481 -0.0002032971926359697997 -2.490493118423911975e-06 0.9999999793320240027 0.4753200671181809778
0.4722726134137708032 0.8814525322508518501 0.0001095906955642704869 185.5675466656775825 -0.8814525161976498602 0.4722726258317330172 -0.0001690593511440491629 10.71977320849890347 -0.0002007744787274722139 -1.6756892770140418e-05 0.999999979704407238 0.475031111284400398
0.4741526790649042145 0.8804426290253263288 0.0001180371892219250567 186.3355741314730665 -0.8804426137391090368 0.474152693086500987 -0.0001659918582666152387 9.229764157772615718 -0.0002021139592429947631 -2.521948709689201325e-05 0.999999979256962046 0.4747095559474662774
0.4795144680676399207 0.8775339658099562401 0.0001173281361969341548 187.1210423881743736 -0.8775339501330698955 0.4795144818852432045 -0.0001674168756750814757 7.72158549322086607 -0.0002031745352937008072 -2.268060873376355062e-05 0.9999999791028486573 0.4743604829615685747
0.4877570013224555856 0.8729794358265228205 0.000110847483020591668 187.8622814890943573 -0.8729794195450091276 0.4877570137102334447 -0.0001692027381327046139 6.299768427390694647 -0.000201777148170811005 -1.423775121818467959e-05 0.9999999795416339987 0.4740171756700296002
0.5068562796007659577 0.8620305693430915239 9.669295893750609063e-05 188.5896220254715274 -0.8620305509287529144 0.5068562887750887036 -0.000178316704906110213 4.897483941623717918 -0.000202723884971344636 7.028656975549008249e-06 0.9999999794268118469 0.4736753214372211862
0.5400524466367144782 0.8416313591040407438 0.0001012749542945305702 189.3472309106762737 -0.8416313410717264354 0.5400524560580427513 -0.0001744526172786528236 3.576306030962036697 -0.0002015185811834169346 8.977387183631283914e-06 0.9999999796548334485 0.4733819954246040185
0.5783109919816181721 0.815816391192417889 0.0001114327102054086697 190.1845172239301007 -0.8158163733215747504 0.578311002662760143 -0.0001709440213020470896 2.277389442796647234 -0.0002039016969228745651 7.950177023343176991e-06 0.9999999791804458082 0.4730753590157134036
0.6217615153338769129 0.7832066163892973387 0.0001187264996305283305 191.0804699725464957 -0.7832065991180747755 0.6217615265975999783 -0.0001647517940732323076 1.049897250203224441 -0.0002028542648380293073 9.448947136128312108e-06 0.999999979380431836 0.4727794382040245158
0.6680747712678801742 0.7440941384887145293 0.0001142993437405610103 191.9971922627662195 -0.7440941201771094082 0.6680747805133309125 -0.000167218870150974804 -0.07536661258967682075 -0.0002007870901063389083 2.666523881033207763e-05 0.9999999794867543423 0.4724702559031173088
0.7161938066535391556 0.6979014388979126737 0.0001135674623368510331 192.9669892290937128 -0.697901420292262098 0.7161938145636365105 -0.0001659429520995500023 -1.113513735964513529 -0.0001971481391065848566 3.95884212876262929e-05 0.9999999797826836234 0.4721871611272283054
0.7677915462017541604 0.6406997167519495884 0.0001205708244507246017 194.0581479623648988 -0.6406996984312757215 0.7677915543229548723 -0.0001598206677961208351 -2.068052379046670719 -0.0001949703172991040768 4.545926677699096676e-05 0.9999999799600147732 0.4719186293868194992
0.8200893408118128391 0.5722354942496933328 0.0001104983620612404839 195.169134677777663 -0.5722354734360910467 0.8200893444574026692 -0.0001733523373977638243 -2.950661136842578802 -0.0001898168897765684646 7.893332157669255935e-05 0.9999999788695390635 0.471602201954951783
