0.9999727208254474142 0.007386311999347235611 0 -0 -0.007386311999347235611 0.9999727208254474142 -0 0 -0 0 1 0.4949999999999998845
0.9993773469065095894 -0.03528177456731078354 0.0003389332087587114102 0.115521849232133475 0.03528181527136217688 0.9993773963410339523 -0.0001148738692861181546 0.002725306312473197313 -0.000334669233742965525 0.0001267605215768012931 0.999999935964134834 0.4950248242583034641
0.9989436004583359674 -0.04595242810214651696 0.000239702077791986045 1.448104976451741743 0.04595245169860199402 0.9989436237206711366 -9.387723124698942143e-05 0.06830822442574974174 -0.000235134975483594985 0.0001047929575347180423 0.9999999668649889317 0.4948030893418868814
0.9977362144625315787 -0.06724887370087759275 0.0001879845022546318813 3.315263211663995513 0.06724888147938101746 0.9977362310207971152 -3.536126520694994315e-05 0.1974243159020462601 -0.0001851809435120515678 4.792296239827021395e-05 0.9999999817057034779 0.4945234011066391155
0.9950553466544641568 -0.09932180652150809919 0.0001893301371146410709 5.286372831646949599 0.09932180937162352063 0.9950553643657353842 -5.68798578343098243e-06 0.4071989838916439952 -0.0001878290275485448597 2.446447245230113604e-05 0.9999999820608725942 0.4941406153336241891
0.9901715633352751178 -0.139857944156310976 0.0001749879426514153234 7.406169535919318037 0.139857941039036926 0.9901715787838860638 2.998633505372588388e-05 0.738830582671665792 -0.000177461914616692455 -5.21816289295904875e-06 0.9999999842400194572 0.4937450267072665544
0.9846266867954964752 -0.1746718622555217537 0.0001678944424272531201 9.628138545183654529 0.1746718561284426319 0.98462670089645421 5.060278383192040521e-05 1.181095072037465776 -0.0001741522334332310873 -2.049841749463433561e-05 0.9999999846254068459 0.4933115315807791168
0.9776693695665401584 -0.2101489445449357951 0.0001578614775182265106 11.8060288937854132 0.2101489330205033312 0.9776693809584500183 8.653841780839309776e-05 1.751116730525499543 -0.0001725222901674532561 -5.143153931652212841e-05 0.9999999837954277604 0.492892488292202835
0.9737463945996260861 -0.2276355400789339678 0.0001410653531390478489 13.85426973816045049 0.2276355225380311265 0.9737464002201670077 0.0001301512057732837557 2.341947942863987997 -0.0001669889198330603815 -9.462278200071012077e-05 0.9999999815806145387 0.4925238063877186989
0.9722263670380836276 -0.2340424649488768716 0.0001258523561942301988 15.95020805412401721 0.2340424449234395632 0.9722263675459309473 0.0001556436175426132514 2.980668728238162313 -0.0001587841950130466212 -0.0001218660356930465697 0.9999999799681239532 0.4921477335780228834
0.9737061754305904593 -0.2278075275507729092 0.0001196735928379746654 18.13004044638737966 0.2278075038856758605 0.9737061709374397189 0.0001839944560456253226 3.637680199790617852 -0.0001584422379593937924 -0.0001518939956311680364 0.9999999759121351861 0.4917791094182324407
0.9768453058088552021 -0.2139468071250634484 0.0001106455034672218469 20.32951178771599743 0.2139467816282846491 0.9768452959361769716 0.0002060109086003904157 4.272624924441394967 -0.0001521589157064325308 -0.0001775685396432551762 0.9999999726585384607 0.4914323861255669446
0.9809252397504973908 -0.1943853479533515505 0.0001025851654848272519 22.53432832332279645 0.1943853223046305423 0.9809252257934435448 0.0002188077677725767782 4.853156716917324864 -0.0001431614006896305032 -0.000194693011605144025 0.9999999707997216936 0.4910670295553243858
0.9845609681083025144 -0.1750419676819277015 9.813212287209818567e-05 24.73608611341467878 0.1750419436867964862 0.9845609537579204096 0.0002151461712549278987 5.376383432035771293 -0.0001342766656449381085 -0.0001946472851299028647 0.999999972041105134 0.4907074511785001203
0.9878741131373114381 -0.1552569669303981437 0.0001039950781663112969 26.98243137979072515 0.1552569444952981992 0.987874102459498471 0.0001971751930162424292 5.844501342144261535 -0.0001333468669253677901 -0.0001786383108549475564 0.999999975153482934 0.4903369213026445572
0.9905774741639397085 -0.1369534837823728757 0.0001046952405882404917 29.23833615098472549 0.1369534615709606384 0.9905774633699913068 0.0001960342768243997886 6.274118264692330804 -0.0001305563230006697914 -0.0001798487631777044939 0.9999999753047339457 0.4900030544499606178
0.9931993372541797482 -0.1164262235452614425 0.0001046474048155871824 31.47711131523304573 0.1164262016339747685 0.9931993260878720919 0.0001955349435378194649 6.648482644576909628 -0.0001267011269869303082 -0.0001820214764782640006 0.9999999754075027392 0.4896983735570521468
0.9951919680777071564 -0.097943530581678373 0.0001072056352795480028 33.62558806702270431 0.09794351000498696669 0.9951919590882567501 0.0001828010204265366424 6.952162634386061413 -0.0001245943635336631944 -0.0001714220110733046399 0.9999999775453688455 0.4893928652537738455
0.9968880472361002498 -0.078830261703854973 0.0001054501263313918961 35.8868054172507982 0.07883024026462080724 0.9968880356312194158 0.0001940035655648990234 7.242308357174699118 -0.0001204153211405271532 -0.0001850871768381947614 0.9999999756214431601 0.4891118529107261748
0.998072735523309218 -0.0620548379436663064 0.0001081435907139284672 38.14177622434279158 0.06205481748295206545 0.9980727258276401725 0.0001832713130493327002 7.469765054831865037 -0.0001193080399956383559 -0.0001762072699743925616 0.9999999773582942675 0.4888092921013691416
0.9989578917699789562 -0.04564119258579572846 0.0001095995335400538044 40.40652295204063904 0.04564117310203774647 0.9989578834941598151 0.0001741406642060502506 7.650311810799085954 -0.0001174333056491661995 -0.0001689569395044956035 0.9999999788314851701 0.488528082517886264
0.9995141082037759528 -0.03116945307678454027 0.0001126886727352189747 42.66746666066159577 0.03116943576628235235 0.9995141035021523068 0.0001522384080187405542 7.778723386885339153 -0.0001173791056190147706 -0.0001486519942788057424 0.999999982062364734 0.4882424495579860135
0.999865709925630175 -0.01638744867975136521 0.0001168028969500805176 44.93958423744263087 0.01638743413047085568 0.9998657092415257353 0.0001244499611179497405 7.857505657590821535 -0.0001188266287514741612 -0.0001225191489433986815 0.9999999854346448558 0.4879578169748707839
0.9999980605707673442 0.001966145575997746767 0.0001145797121789702042 47.18783291429153337 -0.001966161915695803595 0.9999980569258418717 0.0001426677771618833717 7.92231591982675809 -0.0001142989839231884578 -0.0001428927827342232621 0.9999999832586971005 0.4877168571319513424
0.9998061710245018663 0.01968772935792454173 0.0001170311334474093167 49.32498169086090911 -0.01968774303519089247 0.999806170771865288 0.0001168884616950957795 7.903930148391840937 -0.0001147071809942280666 -0.0001191698842067478829 0.9999999863204003248 0.4874281027231245345
0.9990912557345046352 0.04262216590592002308 0.0001170067154102533608 51.54488636249275402 -0.04262218003129853577 0.9990912546555124063 0.0001210061416034888357 7.860512880983652195 -0.0001117428422592912034 -0.0001258832592553038577 0.999999985833470828 0.4871885335085780477
0.9974197959185047146 0.07178952864282055202 0.000119538121983872093 53.65939884005877758 -0.07178954076156164599 0.9974197971590037515 0.0001003731467662577801 7.71726039032187483 -0.0001120239484871755951 -0.0001086957504440207834 0.9999999878179340884 0.4869145696590229111
0.9948571748067843723 0.101287648347343287 0.0001184481350017922447 55.78387565085609623 -0.1012876599399712002 0.994857176013496991 9.633569994249245301e-05 7.526637673747642587 -0.0001080813605928780642 -0.0001078375966964075937 0.9999999883447358018 0.4866979773287941069
0.9913857161493739856 0.130974608378637003 0.000117376694217679662 57.85616468036960214 -0.1309746197834760484 0.9913857170034978683 9.537435068452163565e-05 7.266457204726938457 -0.0001038739599262227111 -0.0001099261368522579509 0.9999999885632221419 0.4864894979572661482
0.9863878792425905262 0.1644352097070866381 0.0001161642105740815628 59.84597747419734759 -0.1644352207543913758 0.9863878798638455736 9.292682523411780035e-05 6.946369477380399005 -9.930252738943970176e-05 -0.0001107633816769370275 0.9999999889352403359 0.4862874198602087361
0.9803920342834708812 0.1970569604633964911 0.0001159684332977297663 61.82521594766629391 -0.1970569713222754538 0.9803920347329662111 9.103669005721270622e-05 6.55559522157345409 -9.575511485223291543e-05 -0.0001121040339942645797 0.9999999891318215317 0.4860897062862410967
0.9726717634832322545 0.2321844680510428416 0.0001154144960851738385 63.68071860437324005 -0.2321844791506148253 0.9726717631105801232 9.429287189799669751e-05 6.123983408413463891 -9.036708109304372207e-05 -0.0001185134686528897384 0.9999999888941739634 0.4859138508401096845
0.9638516942692406664 0.2664392961094079193 0.0001137772830593462717 65.48070658398114574 -0.2664393064177599801 0.9638516941548384009 8.759396949861932458e-05 5.617960647296957433 -8.632595145644445845e-05 -0.0001147423362934418042 0.9999999896910128916 0.4857422507416588875
0.9540144752182617705 0.2997605182487319553 0.0001130287969608796033 67.29073782318842234 -0.299760527983835956 0.9540144753454858906 8.183129948127886998e-05 5.038024101668684196 -8.330131569008969125e-05 -0.0001119498160854317571 0.9999999902640644978 0.4855806123068671654
0.9413896678715220068 0.3373210340767114346 0.0001148755679811262162 69.07390403526815703 -0.3373210446387324701 0.9413896668309880145 8.96097545423936697e-05 4.405474455382531573 -7.791541760317239479e-05 -0.0001231076436615738683 0.999999989386847643 0.4854377675624847455
0.9268936532299866249 0.3753240505092383383 0.0001127543376478739868 70.83107830895424684 -0.3753240600942186478 0.9268936527088135202 8.052786592265037994e-05 3.682905702817606208 -7.428723506424685097e-05 -0.0001169601836310944391 0.9999999904008608498 0.4852790851928338589
0.9095729178293102679 0.4155443360915349049 0.0001090685702387962256 72.58019528485128546 -0.4155443444927585106 0.9095729178333203935 7.004638514226310664e-05 2.85885558941300344 -7.009843906645668674e-05 -0.0001090351224418868725 0.9999999915987751731 0.4851425040387360443
0.8909164764910756373 0.4541671717878166814 0.0001094952750244156028 74.23317374076525255 -0.4541671805519415517 0.8909164755916427758 7.504064529617436455e-05 1.993855459225479132 -6.347014687539377859e-05 -0.0001165841076424825406 0.9999999911898429517 0.4850366413046450775
0.8715586746431103204 0.490291201857180392 0.000118482147443860054 75.88849061698186915 -0.490291212876567295 0.871558671357713477 9.465428892422902952e-05 1.06676896089343165 -5.685597792818235214e-05 -0.0001405875223785575255 0.9999999885012728074 0.4849440212200786249
0.8539485735462838401 0.5203573950741763321 0.0001230126703786776259 77.46351881438155829 -0.5203574070986007882 0.853948568801938146 0.0001035421422329826268 0.09630010629015044177 -5.116757440162162404e-05 -0.0001524302188603055322 0.9999999870734536112 0.4848449259289221991
0.839006126493567761 0.5441219558354333241 0.000129947352967951221 79.03595497387964031 -0.5441219693058065854 0.8390061201251680645 0.0001136376502294809726 -0.92106480725198836 -4.719388393476843264e-05 -0.0001660498943458661454 0.9999999851000845874 0.4847596483098400855
0.8273350470085664154 0.5617087332336251349 0.000137850070566727012 80.57409502984759797 -0.5617087486222667181 0.8273350379384432074 0.0001293167988646482403 -1.954821352069918472 -4.140981808605113463e-05 -0.0001844199105032084843 0.9999999821372613784 0.4846852551660006392
0.8216237825470514844 0.5700301219674759334 0.00014143921793271472 82.09126908148812163 -0.5700301380998804568 0.8216237726981109324 0.0001334068460924639433 -3.001702993096622585 -4.016390309596385745e-05 -0.0001902348544350870906 0.9999999810987800775 0.4846068861914387127
0.8188718435124089368 0.5739763768093997243 0.0001508959087573158832 83.646686964301594 -0.57397639546459156 0.8188718303871710402 0.000151162401107035973 -4.067586214270215272 -3.680076170481311529e-05 -0.0002103933238631588553 0.9999999771901760814 0.4845418314306823016
0.8162629092141412412 0.5776805667535783728 0.0001607444057578068751 85.15726924903570705 -0.5776805881526924091 0.8162628923343223653 0.0001693274881053680951 -5.099124323456122987 -3.339249427476055366e-05 -0.0002310746709112355881 0.9999999727447183018 0.4845128162754827605
0.813511088580598507 0.5815493772717966747 0.000174795388739635069 86.71716288593903244 -0.5815494026035598063 0.8135110675869257069 0.0001877425247740684578 -6.144988647604866294 -3.301643493305785482e-05 -0.000254382779601214251 0.9999999670996574386 0.4844843312467441154
0.8103168955952548824 0.585991891567836487 0.0001781343606377443981 88.30168050013685388 -0.5859919175653059975 0.8103168751023751559 0.0001856736118551179451 -7.241176080240135704 -3.554204743512375382e-05 -0.0002548397603267791071 0.9999999668967289868 0.4843984748307347266
0.8055989226554717275 0.5924612606681753935 0.000174430651264065648 89.94880281239331055 -0.5924612854122555117 0.8055989029990483496 0.0001810431450825462181 -8.398728722826072968 -3.326009133680414445e-05 -0.0002491915704958627426 0.9999999683986630084 0.4843107973664898536
0.8000019254935327728 0.5999974031363031202 0.000188251335196319659 91.6350641899557985 -0.5999974318077138102 0.8000019017762407536 0.0001974355045962616754 -9.569488674231569902 -3.214063612430965446e-05 -0.0002708991014899615182 0.9999999627903272126 0.4842505767586492982
0.7931495424915377956 0.6090269074243547243 0.0001711164027161324612 93.27063361023151344 -0.6090269307925231246 0.7931495234989096588 0.000175912262711302032 -10.79515196105623076 -2.858559194006307552e-05 -0.0002437392282425839907 0.9999999698870255527 0.4841713083220879899
0.7855680168972245525 0.6187752908747894409 0.0001738770088207426006 94.90324478207153902 -0.6187753148103987133 0.7855679964862651854 0.0001807763245360129232 -12.0175299378296021 -2.473229065628869289e-05 -0.000249602899639070298 0.9999999685433523799 0.4841206440629510221
0.7767928965148250819 0.6297561143436888331 0.0001799252054590719523 96.57267330946443451 -0.6297561396962720881 0.7767928739080059986 0.0001885810775735825427 -13.29325302248386009 -2.100453078555587256e-05 -0.0002597974443002338987 0.9999999660320479933 0.4840892894275758418
0.7656075287119042949 0.6433079215219290603 0.0001734618661174630941 98.26769164819106095 -0.6433079446610265872 0.7656075080588847781 0.0001787235371909637663 -14.65558843946749157 -1.782943982406877184e-05 -0.0002484214822005152744 0.9999999689844384365 0.4840333714268016951
0.7531192474202537124 0.6578840151268438019 0.0001476752046423474452 99.90297705038092602 -0.6578840315611003131 0.7531192329182774259 0.0001484174223091189616 -16.06614463368137891 -1.357558713779478829e-05 -0.0002089291763852157101 0.9999999780821509088 0.4839746198321127624
0.7421963769246376907 0.6701824517478935928 0.0001394681182183945059 101.50867643710707 -0.6701824662046209635 0.7421963634644580532 0.0001416130593776520339 -17.49010140627601828 -8.60614282768865652e-06 -0.0001985737870198282253 0.9999999802471922772 0.4839437384128043029
0.7309309925884361903 0.6824513670485858885 0.0001252574641779186332 103.1175961263108434 -0.6824513784840920971 0.7309309826349952299 0.0001209612967170043156 -19.00041949367928495 -9.004359069444544273e-06 -0.0001738964897677867005 0.9999999848394658386 0.4839036435913656731
0.7203517122872213907 0.6936089676676253646 0.0001028501437219744456 104.7107681457019481 -0.6936089752217702298 0.7203517064198470266 9.247731092443083056e-05 -20.55170919864472623 -9.945184372678330816e-06 -0.0001379539720605420163 0.9999999904348972901 0.4838393690227147381
0.7072797192856509207 0.7069337967013258339 7.596638629804510368e-05 106.2108417326777356 -0.7069338007140600899 0.7072797166333938401 6.204185978909994e-05 -22.10318831559739294 -9.869996679424528541e-06 -9.758415536778387086e-05 0.9999999951899576356 0.4837562178728971873
0.695765360886629769 0.7182691393272969682 7.799073379441394816e-05 107.8012027992512003 -0.7182691434761362403 0.695765358376209897 6.013247327357426099e-05 -23.77751750485147753 -1.107195102466214116e-05 -9.785642952978309921e-05 0.9999999951507653195 0.4837814545586326398
0.6830406244832186724 0.7303803823775695259 4.843348656714847872e-05 109.326283980041012 -0.7303803839016802524 0.6830406238972185351 3.033092885611311793e-05 -25.48867663667875405 -1.092892346654790144e-05 -5.609212509964637172e-05 0.9999999983671158388 0.4837191083438777683
0.6707834052637937639 0.7416533015265627249 5.96631465408023278e-05 110.8564424935012624 -0.741653303907649275 0.6707834036483302231 4.685148702417199745e-05 -27.19148668688653103 -5.273488476102409366e-06 -7.567656976125884194e-05 0.9999999971226233297 0.4837749731549381704
0.6576935398585361803 0.7532856045330720285 7.505880811931614645e-05 112.3451338723458264 -0.7532856082662144903 0.6576935369974393764 6.142499257384464919e-05 -28.88349161680048027 -3.095130330377123137e-06 -9.69395407315723533e-05 0.9999999952965725747 0.4837310647555812526
0.6452233747455202728 0.7639939732989141641 7.380496327840615123e-05 113.7520692050556335 -0.7639939768631843764 0.6452233718613525904 6.101536999101206214e-05 -30.56556721202715821 -1.005312314859885954e-06 -9.575509034425815069e-05 0.9999999954149757508 0.4837026387206684319
0.6329337141864815885 0.7742059830975436263 9.583477328315538135e-05 115.2620684538864708 -0.7742059890268555566 0.6329337096254812334 7.600597292294790971e-05 -32.36068013686558231 -1.812779577128343026e-06 -0.0001223025981753283575 0.9999999925193938655 0.4836548846441292016
0.6183140108925012646 0.7859311426267870937 0.0001516100693853476399 116.7361837107780786 -0.7859311572480299768 0.6183139998139568494 0.0001170601171420269888 -34.13581335903148783 -1.741436792266985226e-06 -0.0001915349878281132122 0.9999999816556576215 0.4836050887958792677
0.6039468504787560699 0.7970245757190473901 0.0001658279113151921017 118.1501708031813251 -0.7970245929583423816 0.603946836271755938 0.0001310692872827618578 -35.94252826006044899 4.314200681977619548e-06 -0.000211327806766042404 0.9999999776609724833 0.4836439967375465998
0.5885747090769581913 0.8084428153485455626 0.0001617050527645204252 119.487741825651554 -0.8084428314812606153 0.5885746952986162794 0.0001276046060741338256 -37.73811999880775403 7.985524826890570531e-06 -0.0002058341346187387449 0.9999999787842697163 0.4836174561565350638
0.5730219163769181279 0.8195400235599964445 0.0001820363625771704121 120.8376568230309402 -0.8195400436525848153 0.5730218982843414688 0.0001447023208220629513 -39.57626094174860754 1.427852137495278797e-05 -0.0002321036897144981848 0.9999999729619999389 0.4836663759016427422
0.5582341928221420391 0.8296833982424944853 0.0002112989121920458659 122.1106360145253404 -0.829683424972521455 0.5582341693523754644 0.0001627745752583815628 -41.37715113760137342 1.709709001526547035e-05 -0.0002661775387917944199 0.9999999644286028389 0.4837012326041623123
0.5430555575066720042 0.839696745368886055 0.0001930809421574622778 123.2687683202986904 -0.8396967672820603301 0.5430555369697723789 0.0001509462228828307637 -43.12127230475791606 2.189537735848923338e-05 -0.0002441016281745576313 0.9999999699674931852 0.4836862727742157753
0.5274523114023813575 0.8495846244470881548 0.0001584349024517054001 124.3925734505585154 -0.8495846388912720037 0.5274522968393738909 0.0001261787965112384324 -44.92509193004001844 2.363271224951187533e-05 -0.0002011571572570295134 0.9999999794886461624 0.4836753579033371553
0.5128328174491342262 0.8584884899992543117 0.0001178482748978673688 125.4419464774206006 -0.8584884976903872644 0.512832808201583612 0.0001008345791990146272 -46.70083417572072904 2.612886387868676021e-05 -0.0001528826698194024896 0.9999999879720855578 0.4837148858189105338
0.4981148817357269887 0.8671110399503960675 9.482498540628266667e-05 126.4286427198016725 -0.8671110446438106134 0.4981148747929036169 8.814194299790287668e-05 -48.43720219302550589 2.919511612327069176e-05 -0.0001261286056663334749 0.9999999916196098404 0.4837883565349531678
0.4820437706835385416 0.8761471312884987483 8.650065322031030986e-05 127.4118872860918401 -0.8761471349789226037 0.4820437644241394315 8.396584457454281608e-05 -50.23679750441063874 3.186933334673619657e-05 -0.0001162625118201207559 0.9999999927336867822 0.4838976333014321507
0.4658180850719015331 0.8848805038940569245 7.382668398232816731e-05 128.2961774356764124 -0.8848805062208375816 0.4658180796125291345 8.011667846402331509e-05 -51.94296632433211158 3.650388265275389805e-05 -0.0001026475912393209786 0.9999999940654690223 0.4839654985638478513
0.4470828424739679563 0.8944925520990247847 7.878453665273337013e-05 129.1254029168426314 -0.8944925547207637218 0.4470828364812421962 8.291707170698231748e-05 -53.60475373928698417 3.894548896619203345e-05 -0.0001075429815713706196 0.9999999934588778006 0.4840202177906150482
0.4280874646753483614 0.9037373059298655642 6.678842374613423553e-05 129.8627064591623821 -0.9037373074312317067 0.4280874596305493385 7.788608837804242573e-05 -55.19557871622996004 4.179727702597621437e-05 -9.370124835114381151e-05 0.9999999947365316721 0.484087741970559482
0.4021540986821531272 0.9155719947161246042 5.836877884240716726e-05 130.5201884268094261 -0.915571995500282676 0.4021540943008555802 7.41277401500134664e-05 -56.73874725108736072 4.439603952213121369e-05 -8.325159384703093653e-05 0.9999999955490816994 0.484139851652079678
0.3680405849166411558 0.929809725714335511 4.270223962634328254e-05 131.0743393104591235 -0.9298097255040032039 0.3680405817327173645 6.751478184484502809e-05 -58.19667900363144497 4.705974367544929715e-05 -6.455313750607259899e-05 0.9999999968091363156 0.4842094220944456739
0.3235927311412062357 0.9461964595345757623 6.571941562144067767e-05 131.5114097296315947 -0.9461964601675952879 0.3235927256956534492 8.151933780042762087e-05 -59.47924730393686588 5.58669839783002307e-05 -8.856254358495308833e-05 0.9999999945177777683 0.4843117800525301719
0.2703473399940231614 0.9627628524770098783 7.517127030887752446e-05 131.8943327666607104 -0.9627628535183307967 0.2703473337416609779 8.382272096706519439e-05 -60.86323714777712013 6.03790494386574313e-05 -9.503335634968003919e-05 0.999999993661515485 0.4844023929854662236
0.2077044013402645772 0.9781916328172104436 0.000105605466889930271 132.1825892843860402 -0.9781916359862101729 0.2077043918251493537 9.436842178104244e-05 -62.15937273374878203 7.037568131459724468e-05 -0.0001229031209776054821 0.9999999899710430018 0.4844954100521138285
0.1354447753019839551 0.9907848871340249053 0.0001423813366911849058 132.3668047996374071 -0.9907848933275147374 0.1354447603788985488 0.000109736596498103618 -63.35804279850199094 8.944055534528084031e-05 -0.0001559325261404947353 0.9999999838427168219 0.4845989334666483406
0.05059315294157638171 0.9987193369322592273 0.0001375327280876688471 132.4253614537937835 -0.9987193413859699609 0.0505931384059312636 0.000107191628523468769 -64.50989960962895964 0.0001000961398161630538 -0.0001427797580706768659 0.9999999847973514155 0.4847036213693581286
-0.04746592329117131637 0.9988728484736143498 0.0001367865394846070942 132.3618888499366335 -0.9988728513170278545 -0.04746593818556199551 0.000107778420511941373 -65.49099599849049014 0.0001141496393285431981 -0.0001315165584763153023 0.9999999848366269983 0.4847940322599014751
-0.1607531064709633306 0.9869946376089312468 0.0001552204313183791463 132.2166417395918643 -0.9869946407022134327 -0.1607531243688181122 0.0001106029134623761159 -66.40622229324254988 0.0001341166517915949141 -0.0001354219719149101419 0.9999999818368062732 0.4849105839597793177
-0.2848336107072464429 0.9585769539897392999 0.0001936322766251778748 131.9607386034244314 -0.958576960560235114 -0.2848336342876013338 0.0001070693744197605507 -67.49366923114742178 0.0001577872198634125769 -0.0001551144826815752434 0.999999975521344675 0.4850834427154913087
-0.4124562927281811286 0.9109773647570053035 0.0002179255369436198814 131.5982468090441841 -0.9109773728767496248 -0.4124563202853425148 9.982726654698056436e-05 -68.43893700526298574 0.0001808251452738364625 -0.0001573508488544982781 0.9999999712714878752 0.4852465077222264944
-0.5416422135723213405 0.8406091016336332267 0.0002252318907021633101 131.1120045388072413 -0.8406091070303721713 -0.5416422432197147696 9.767163539924100151e-05 -69.28853135885918846 0.0002040987722125811208 -0.0001364288977170342702 0.9999999698654229441 0.485411140634506022
-0.6600950592723543453 0.7511820398599626802 0.00023604720915588689 130.5313973212404051 -0.7511820442247679752 -0.6600950906787883543 8.77399179866984242e-05 -70.03791153068222286 0.0002217222545026240423 -0.0001193977387432893422 0.9999999682917098953 0.485616842181757935
-0.7625163926377176438 0.64696883988749887 0.0002667875903896868919 129.8860371847855788 -0.6469688499029012663 -0.7625164285671245379 5.850458864416002106e-05 -70.70309203871525483 0.0002412805664531805251 -0.0001279925526370835869 0.9999999627007962744 0.4858954965976902685
-0.8436119956085856852 0.5369531853728278792 0.0002785417481152949073 129.1771904782104627 -0.5369531970538050647 -0.8436120333314008901 3.73415237377011441e-05 -71.2702649737840801 0.000255031820612860614 -0.0001180621248040358487 0.9999999605100519107 0.4861404690698082343
-0.9047842201199518541 0.4258702072609755751 0.0002856425332107506861 128.4542942262085603 -0.4258702217566796566 -0.9047842583187246657 1.103559369956163194e-05 -71.72174124479069235 0.0002631445981314509846 -0.000111661817922583626 0.9999999591432785495 0.4863975803246050056
-0.9456990085976882954 0.325043541029096994 0.0002856131085562916595 127.63589731259421 -0.3250435571042943894 -0.9456990461436567408 -1.049750013654100708e-05 -72.11142394900846853 0.0002666918997114750794 -0.0001027641762326329729 0.9999999591574760816 0.4866911570257132502
-0.9708120327542907324 0.2398414409604312236 0.0002833014978783861596 126.6914691109599005 -0.2398414581790480338 -0.9708120694344031243 -2.795124407226415647e-05 -72.46464630822448783 0.0002683286467742538066 -9.508284843126672521e-05 0.9999999594794933833 0.4870139712908375662
-0.9846593300696517836 0.174487616107362381 0.0002748348357622147024 125.6732313520936799 -0.1744876281141918284 -0.984659366091332644 -2.014773487775431377e-05 -72.72883783398782498 0.0002671031649326553498 -6.779393374245285735e-05 0.9999999620299399039 0.487308870007710615
-0.991873770320874093 0.1272255760855293683 0.0002766611490695595251 124.6859733342383834 -0.1272255891603970013 -0.9918738067709006456 -3.011352558880839113e-05 -72.94989463198243129 0.0002705817364722332315 -6.506719385159263425e-05 0.9999999612758916356 0.487616774121782004
-0.995629131605422879 0.09339461158118750328 0.0002807640703405152294 123.5970897708187266 -0.09339462830212953703 -0.9956291685140128411 -4.70173890839713953e-05 -73.16619457864669585 0.0002751457271106779508 -7.303373825407411468e-05 0.9999999594804499514 0.4879318289387288288
-0.9977723830171796315 0.06670977971971485398 0.0002774530560204727537 122.4103043843577296 -0.06670979717033041767 -0.9977724189590587711 -5.411390172981288418e-05 -73.35476423972198745 0.0002732250803889602325 -7.250219377472695483e-05 0.999999960045742986 0.4882951654621450199
-0.999074530004947281 0.04301168959583209078 0.000279384570481248538 121.2871019942523105 -0.04301170937328636923 -0.9990745660921062088 -6.51681698447631691e-05 -73.52720239499791433 0.0002763230254334914982 -7.712466660785924637e-05 0.9999999588486842006 0.4886295580516025194
-0.9997893451088079031 0.02052290483107581387 0.000275293349149864316 120.0445012076388878 -0.02052292376911084987 -0.9997893804332649292 -6.614429738771324617e-05 -73.65950919274970943 0.0002738778938635349006 -7.178018818668993909e-05 0.999999959919251058 0.4889992746934370693
-0.9999957623142681218 -0.002898537329752231672 0.0002717298038001553012 118.7847396749480993 0.002898519987315187948 -0.9999957972227619951 -6.419445661803887377e-05 -73.76311898535662692 0.0002719147318091916406 -6.340657031464202477e-05 0.9999999610209914236 0.4893808974776894249
-0.9995906369451861284 -0.02860921545255571893 0.000267067292867456858 117.4344178174246167 0.02860920442147554463 -0.9995906719235070348 -4.503459268949682885e-05 -73.81296772379630511 0.0002682463790912452449 -3.737557441512600644e-05 0.9999999633234726293 0.4897573425446669626
-0.9985269006659823754 -0.05425826309114605006 0.0002636948081716419942 116.0264079317319244 0.05425825661672231681 -0.9985269353349554011 -3.165009032495377144e-05 -73.81969019705998392 0.0002650236475950785552 -1.729584602770016321e-05 0.9999999647316587525 0.4901625116599005461
-0.9968139061577899751 -0.07976194684345792874 0.0002613970592752138246 114.5577265852599851 0.07976194371265965533 -0.9968139404301064044 -2.239677042006963233e-05 -73.78106674829155054 0.0002623506426846787033 -1.475874679184491901e-06 0.9999999655849802771 0.4905736425625040753
-0.9944169252326453545 -0.1055220886084009824 0.0002600553879741495278 113.0650458485036864 0.1055220876867935947 -0.9944169591841967026 -1.730054740905699444e-05 -73.70567108915788879 0.0002604290780253926347 1.023763029387528628e-05 0.9999999660359419895 0.4909897442665741574
-0.9911585013065935534 -0.1326829208894651779 0.0002603730785973307877 111.6272815178945308 0.1326829205136794698 -0.9911585353781794394 -1.879295952293233321e-05 -73.59658391513296749 0.0002605645039960982406 1.592025889556659594e-05 0.9999999659263412166 0.491395165073126805
-0.9866022478311814448 -0.1631439156139411761 0.0002595666460093943358 110.0638124699928397 0.1631439138156547675 -0.9866022818695773244 -2.822916847949656245e-05 -73.44000693716181161 0.0002606944623303719655 1.449575744969876692e-05 0.9999999659141340924 0.4918416292079294538
-0.9809044084674723996 -0.1944902945486573775 0.0002584137906768483564 108.503498052401028 0.1944902941940733487 -0.9809044422120523077 -2.674317920571668377e-05 -73.22025383217777517 0.0002586805240046634552 2.402647179322281277e-05 0.9999999662535565825 0.4922659541397695349
-0.9727988711950715794 -0.2316512237187371426 0.0002583668687783082993 106.9436405308933757 0.231651224118277016 -0.9727989049838797753 -2.879063733507178998e-05 -72.94644599397595641 0.0002580083934019638918 3.18435019235568687e-05 0.9999999662088292496 0.4926938349312677823
-0.9623340874908135056 -0.2718695222698728764 0.0002586816711060834374 105.4811346996654038 0.2718695218645715284 -0.9623341216460533643 -3.740428890448296791e-05 -72.64149310384392777 0.0002591072849051122089 3.433224000760087976e-05 0.9999999658423558424 0.4931032681720377009
-0.9495111590920410904 -0.3137331525593982096 0.0002602826588162121687 103.9862774852114029 0.3137331581937752301 -0.9495111926954806769 -1.994988520205655437e-05 -72.2254578711400228 0.0002534002381881718564 6.271666195152523766e-05 0.9999999659274694253 0.4934913394530568986
-0.9346538158786259487 -0.355558963646515791 0.0002604541644781568129 102.4933952062709892 0.3555589717690873508 -0.934653848941490395 -1.598747824664010269e-05 -71.7444999953477236 0.000249118978499045891 7.766405736533151351e-05 0.9999999659540135255 0.4938966636691907719
-0.9184501455823074201 -0.3955366752388551621 0.0002619600414367296909 101.0594746138103801 0.3955366858125253238 -0.9184501783039349387 -1.233476226914338942e-05 -71.21019021565462026 0.0002454760976238692808 9.228594240337799261e-05 0.9999999656123945702 0.49428902244462114
-0.9003289256518528516 -0.4352100140572021658 0.0002632511022705021162 99.69337643283178352 0.4352100274941942959 -0.9003289576167516906 -6.889739047237835154e-06 -70.6222579171927265 0.0002400110739262609357 0.0001083664881026009523 0.9999999653256930188 0.4946544177943050791
-0.8833976634589274513 -0.468624047477975203 0.0002651846538646535707 98.32477609185100675 0.4686240655656067067 -0.8833976936392200496 6.921066061349367342e-06 -69.9430334891003298 0.0002310201336220179039 0.000130385964206903047 0.9999999648145981856 0.4950137597724109662
-0.8708646132188592182 -0.4915228911012787805 0.0002701274509401585294 97.03359750008529261 0.491522914223048224 -0.8708646417702292641 2.259036903161309065e-05 -69.23511829819224772 0.0002241407622978432081 0.0001524469848869372882 0.9999999632604170685 0.4953477495463202707
-0.8613853190520945891 -0.5079520258213756634 0.0002675588054640181714 95.59445306506606244 0.5079520482250261537 -0.8613853471915802196 1.870492344780357198e-05 -68.42655188974396196 0.0002209700307806422158 0.0001520191897080206778 0.9999999640312049465 0.4957545845509502835
-0.856498247238226873 -0.5161498627801781591 0.0002676417027209742868 94.19486733432552228 0.5161498862493608675 -0.8564982746216655007 2.22960607625357344e-05 -67.60888866431224642 0.000217726547894197956 0.00015723977137844505 0.9999999639354012482 0.4961237323083744766
-0.855269215261363791 -0.5181838442518443832 0.0002701570354867314822 92.88934235984224586 0.5181838685524082777 -0.8552692428700251481 2.397554397045344922e-05 -66.83415371815804917 0.0002186332636541087233 0.0001604965624422388497 0.9999999632201739264 0.4964608031295690838
-0.8585200813922946317 -0.5127798694539097424 0.0002744653561550427362 91.54987833659318142 0.5127798957369830157 -0.8585201090214706898 3.059351850191710493e-05 -66.02750038876801852 0.0002199462870652952793 0.0001670054667069393347 0.9999999618664016099 0.4967953095104524208
-0.863142062904509455 -0.5049610904675911893 0.000276334872026024077 90.15167701290147306 0.5049611188335852985 -0.8631420896277489652 3.976945211058694244e-05 -65.19495287377513648 0.0002184342329724984599 0.000173865053086310836 0.9999999610287138019 0.4971410386202130272
-0.8664422749387360456 -0.4992771842650436387 0.0002783407803811192849 88.75801260273591708 0.4992772130527634578 -0.8664423020924335583 4.090552542225372199e-05 -64.37955523827857007 0.0002207430309659165143 0.0001744114856120383954 0.9999999604265731312 0.4974961755036164668
-0.868451971345471474 -0.4957732308013220734 0.0002776494480720909162 87.37749326363038449 0.4957732588283601527 -0.8684519988750556418 3.850793035132091442e-05 -63.59147431773644854 0.0002220340171230167044 0.0001710934597086348572 0.9999999607139608004 0.4978517748435428714
-0.8688332413916858288 -0.4951047592025299982 0.0002758080018238499896 85.91488722748968598 0.4951047864418378075 -0.8688332688814620619 3.64604979604989663e-05 -62.76125578211645717 0.0002215794017451427011 0.0001682319544677225731 0.9999999613002881205 0.4982304313955746577
-0.867006170965839762 -0.4982973238147792583 0.0002767461199275445894 84.50175727401575898 0.4982973515511727736 -0.8670061983807655359 3.753201733677950596e-05 -61.9466511483042126 0.0002212384975587207718 0.0001704423492517434166 0.9999999610014657092 0.4985869332456664416
-0.8620695658599497602 -0.50678988476495479 0.00027626109791131884 83.13081907306283824 0.5067899120969255877 -0.8620695933532510624 3.485374306790155495e-05 -61.1467312912362928 0.000220492767902724185 0.0001700526886814176023 0.9999999612325103371 0.498941933108017821
-0.854164716546982894 -0.5200024618206355864 0.0002769637587443462396 81.75226293512699272 0.5200024901779297659 -0.854164743381894187 3.707192670723003501e-05 -60.30555534691485775 0.0002172951847617555902 0.0001756873760038310983 0.9999999609583735127 0.4992905053083772082
-0.8439086022032757928 -0.5364869035367576533 0.0002710407485253676181 80.36383293735912048 0.5364869292490563879 -0.8439086289472158553 2.712159151608167749e-05 -59.45279014577705823 0.0002141832478254187481 0.0001682979632636048991 0.9999999629006656177 0.4996570889574251106
-0.834733572514991029 -0.5506539656793714155 0.0002701854445486069536 78.98066800910488894 0.5506539919839050778 -0.8347335984023571687 2.85074446035403648e-05 -58.55666135683490126 0.0002098351309416747522 0.0001725748146938229201 0.9999999630935749728 0.5000017011478800066
-0.8251350372362824537 -0.5649354801475940935 0.0002712889948915031741 77.62600382851896086 0.564935507245352464 -0.8251350627620350764 2.926365124092139653e-05 -57.64192765328049006 0.0002073179869617882505 0.0001774072498954604757 0.9999999627729591056 0.5003426440817544396
-0.8153119410190911021 -0.5790219022353719769 0.0002748920620808628537 76.29847128994994421 0.5790219314837556919 -0.8153119658623446675 3.441994125875052465e-05 -56.70066980036456528 0.000204192887672630509 0.0001872315218530487535 0.9999999616248097523 0.5006654694852898935
-0.803002868352694299 -0.5959750956970784053 0.0002805858800460553685 75.0229914510245095 0.5959751282538697792 -0.8030028920704469497 4.279619114624067612e-05 -55.73507463497007564 0.0001998058090372627769 0.0002015876700916742665 0.9999999597200237567 0.5009692215893274403
-0.7905815616802709389 -0.6123566899742866054 0.0002803161641592705048 73.69645728818829866 0.6123567231062517768 -0.7905815845129147146 4.356437509987510235e-05 -54.70279508151330106 0.0001949358606886606989 0.0002060946794183694472 0.9999999597624954495 0.5013067644138690104
-0.7779203062097655996 -0.6283628880708852504 0.0002794350611124194568 72.37342332029604108 0.6283629213869567076 -0.7779203282930088337 4.309036177459846733e-05 -53.62657604378712506 0.0001903018303044444004 0.0002091074987649278933 0.9999999600296329838 0.501636230592010901
-0.7687077916930018517 -0.6396000705791776708 0.0002840912035647140637 71.20264883464469108 0.639600105663952867 -0.7687078136500375969 4.550024156137015134e-05 -52.61965046239945565 0.0001892811702554171517 0.0002166811540303297044 0.9999999586109568073 0.5019103016094077496
-0.7659752715450828253 -0.6428699696869601965 0.0002923326120600766315 70.01548597412784147 0.6428700088925433098 -0.7659752922968545708 5.709187271623814946e-05 -51.55408718655566958 0.0001872169074881603872 0.0002316628316214797611 0.9999999556410794632 0.5021750465002987607
-0.7692326065169894367 -0.6389687858457697711 0.0002962905566606480754 68.80807024397333294 0.6389688275034651754 -0.7692326261629027773 6.578452072911110892e-05 -50.4726105617796108 0.0001858821076696127615 0.0002399240279387284541 0.9999999539421500216 0.502463202509958573
-0.7811852429531253028 -0.6242992287335119572 0.0002986590723348004229 67.62177073230367341 0.6242992712445754044 -0.7811852629971632878 6.929485813824109433e-05 -49.42626730190736595 0.0001900473394774479616 0.0002405847617993210933 0.9999999530004897164 0.5027471165312930035
-0.7997968358949628653 -0.6002707155968314279 0.0002988168439094366692 66.44352203213429675 0.60027075814014208 -0.799796856502955511 7.247125182084486147e-05 -48.43606808448658541 0.0001954904022382050787 0.0002373332913382209084 0.9999999527282041889 0.5030343185921141158
-0.8192977513872858886 -0.5733682130536266186 0.0002946755174073755639 65.25939422768834675 0.5733682522532587145 -0.8192977744363099113 6.414035620390117918e-05 -47.51737128363065921 0.000204650954171477033 0.0002215076360087275007 0.9999999545261757383 0.5033515355588590312
-0.8431143816935829927 -0.5377341791024006223 0.000303329436989454844 64.15056860197083211 0.5377342220097450776 -0.8431144053457323428 7.733252127732972991e-05 -46.67333173304054839 0.0002141570780442361699 0.0002283107796737202403 0.9999999510054652374 0.503598873119084911
-0.8703810917690411042 -0.4923785772355587786 0.0003029400127620020364 62.89902571177813684 0.4923786190951616182 -0.8703811172345894409 7.887738647884035578e-05 -45.84399155480519994 0.00022483573143234145 0.0002178145709117669299 0.9999999510028518834 0.5039274678238430116
-0.898733275158922873 -0.4384956232878309823 0.0002974588459875822984 61.650663338701996 0.4384956600634323243 -0.8987333038015220543 6.888953740982689609e-05 -45.13605830636063132 0.0002371284107548756392 0.0001923477325935486705 0.9999999533862322654 0.5042671254426719374
