0.9999727208254474142 0.007386311999347235611 0 -0 -0.007386311999347235611 0.9999727208254474142 -0 0 -0 0 1 0.4949999999999998845
0.9999819800834935934 0.006003262065467462709 1.8844139084709676e-05 0.05671612634368477374 -0.006003262028148528308 0.9999819802591981555 -2.036338321118869089e-06 0.002144961570389420074 -1.885602419080338306e-05 1.923175321851771475e-06 0.9999999998203756846 0.495013113883900957
0.9999804907297976664 0.006246443976576007522 9.983639949229692018e-06 0.3334517268053556194 -0.006246443885434179062 0.9999804907384852726 -9.134373420517000839e-06 -0.001835266545510439882 -1.00405025276192389e-05 9.071832968842792976e-06 0.9999999999084449032 0.494961847685086942
0.9999554417308984533 0.009440045791632717051 9.510409983651890039e-06 0.6870362750928364903 -0.009440045593710920044 0.9999554415648684857 -2.064533774287075267e-05 -0.01622662797853296687 -9.704879148342655524e-06 2.055463911849504536e-05 0.9999999997416608721 0.4949237823269887482
0.9999811668333626891 0.006137259287581582623 5.408893446030777097e-06 1.083912378374565666 -0.006137259281755589289 0.9999811668474294368 -1.093050352031183376e-06 -0.008139442108010642302 -5.415499912940088588e-06 1.059833984925977511e-06 0.9999999999847742904 0.4949566364647687844
0.9999923994920948411 0.00389883435440218501 7.138070671669669666e-06 1.564527920846562781 -0.00389883431126485016 0.9999923994994545096 -6.047247318778944424e-06 -0.01862947938624334721 -7.161593634355770521e-06 6.019371201776823607e-06 0.9999999999562391162 0.4949403223403615049
0.9999997013346412222 -0.0007727914520289791292 1.123531495491218721e-05 2.229381164813056593 0.0007727915862914964658 0.9999997013262450496 -1.195061672354845995e-05 -0.03088391929657211335 -1.122607626476798641e-05 1.195929571117978804e-05 0.9999999998654750533 0.4949252612297983522
0.9999701733074319865 -0.007723497430234643225 9.229417238071681171e-06 2.988005671095570026 0.007723497509250741577 0.9999701733128054659 -8.55657678114110881e-06 -0.0394877517623797164 -9.163055256350031169e-06 8.627604947806059041e-06 0.9999999999208012413 0.4949188735464599143
0.9998277461092127671 -0.01856011875669559552 1.020496720597801056e-05 3.784439313098296065 0.01856011898485089226 0.9998277458985362909 -2.27365903813151317e-05 -0.08493935881189737525 -9.781215540921838332e-06 2.292207932073821191e-05 0.9999999996894528564 0.4948590592329761284
0.9995750965601409854 -0.02914834942020332748 8.068150082903353094e-06 4.63876342642747197 0.02914834950105130856 0.9995750965394060161 -1.009128455369887548e-05 -0.09652465119542483207 -7.770577609742608362e-06 1.032216999062282906e-05 0.9999999999165352094 0.4948918974443824448
0.9994947566204523959 -0.03178413893843341775 1.548392999312083555e-06 5.545523045383958127 0.031784138903705135 0.9994947564454692568 1.882537058410389729e-05 -0.05932549148414020812 -2.145958877941952395e-06 -1.876664485208109207e-05 0.9999999998216037023 0.4949331507586087753
0.9993329937030314136 -0.03651804606267298331 3.245601414660475363e-06 6.584642721432213186 0.03651804601585811882 0.9993329936192129059 1.347139325964123666e-05 -0.02943167784496042438 -3.735385537391366705e-06 -1.334388473369841492e-05 0.999999999903993575 0.4949216510182840034
0.9991528159765777906 -0.04115398260301141031 6.649696831988218185e-06 7.694015673020524027 0.04115398262481570479 0.9991528159927597352 -3.176061271138564615e-06 0.001026002119478508718 -6.513355744880635325e-06 3.447032070656167057e-06 0.9999999999728468314 0.4948838758600821452
0.9988862833996671187 -0.04718254721775782395 8.733639865053375562e-06 8.85149735855634745 0.04718254731395892659 0.9988862833709876154 -1.115767482231198114e-05 0.02748932592710002717 -8.19746554595975665e-06 1.155732371079720296e-05 0.9999999998996147443 0.4948598778354459382
0.9990215397556418964 -0.04422627145600273313 4.42704582929352343e-06 9.944955619090384502 0.04422627142791710902 0.9990215397471262637 6.252824003245308807e-06 0.08717084381443722385 -4.699253232646058095e-06 -6.050914133072995898e-06 0.9999999999706514764 0.4948888354342329543
0.9990047268638548861 -0.04460443536748997378 7.173191789022375179e-06 11.13253572666530111 0.04460443542258910737 0.9990047268573655215 -7.713962559908263677e-06 0.1028747193000758287 -6.821975559457119153e-06 8.02624123012646305e-06 0.999999999944519824 0.4948497320288337553
0.9988872134017645621 -0.04716285462127928207 6.975831807039166864e-06 12.41432263798301427 0.04716285469819362502 0.9988872133585069424 -1.130601792099899282e-05 0.1259732783267202005 -6.434845115037329656e-06 1.162243687769152758e-05 0.9999999999117555882 0.4948391873612085212
0.9986133495090444567 -0.05264388041499105941 6.277875694445993963e-06 13.75959249759231184 0.05264388045288670437 0.9986133495085619538 -6.03205511330020069e-06 0.1618250899672167842 -5.951619686987900831e-06 6.354182498672364498e-06 0.9999999999621010938 0.4948407856344543276
0.998485923294525235 -0.05500782629961181031 5.541092245854278374e-06 15.05284779313807064 0.0550078263684748367 0.9984859232194607248 -1.315406224181234749e-05 0.1833539490328433275 -4.809126235814101813e-06 1.343894942274131658e-05 0.9999999998981332627 0.4948240018804989093
0.998485635925383197 -0.05501304228303751515 5.628547344656638773e-06 16.463190983965724 0.05501304230958810326 0.9984856359288343253 -4.676250284875316316e-06 0.2244891958151348788 -5.362768920137124096e-06 4.978812252653101004e-06 0.9999999999732258615 0.4948444952445312239
0.9981555446999884618 -0.06070838945840602296 6.02231213184244371e-06 17.96329209923657899 0.06070838939971691384 0.998155544676597839 9.491519064409744782e-06 0.2912869981146245513 -6.587419082085761451e-06 -9.108407511779698635e-06 0.9999999999368212045 0.4948541497703341507
0.9976416771610898682 -0.06863733646074678119 6.083986193055192561e-06 19.50831627326898499 0.06863733642942558555 0.9976416771681614337 5.215780488943901805e-06 0.3629163471866047042 -6.427635469832556206e-06 -4.785891387529383295e-06 0.9999999999678901297 0.4948334966267080581
0.9973955216355521181 -0.07212609374272542506 4.99930205490101327e-06 21.05594320773769113 0.0721260937691244608 0.9973955216319941863 -5.3181165908717572e-06 0.4304691507261434458 -4.60270650507593839e-06 5.664845800063186617e-06 0.9999999999733620859 0.4948174911908130857
0.9970323644341043678 -0.07698353244201115719 2.433452993052174821e-06 22.5390601886087012 0.07698353242449680611 0.997032364416462924 6.617883934840407609e-06 0.5207499936802757468 -2.935699473954376801e-06 -6.410908659710288018e-06 0.9999999999751407742 0.4948287924986822239
0.9967406451707024884 -0.080672710768381381 2.050695050494658086e-06 23.97715845176185567 0.08067271073235890433 0.9967406450788639516 1.389589126186619259e-05 0.6203210823084027714 -3.16503032412748277e-06 -1.368516449296560508e-05 0.9999999999013492458 0.4948402952939729427
0.9967077589528747783 -0.08107800690063844684 6.510827530611232642e-06 25.61188287033976607 0.0810780068758645972 0.996707758968195856 3.983294020298298276e-06 0.7311203117748168445 -6.812349857128969126e-06 -3.4422951369274458e-06 0.9999999999708710785 0.4948167671489875907
0.9967117760652280944 -0.08102860820160298627 1.039433765032408809e-05 27.28912230637321557 0.08102860837614472844 0.9967117759491039841 -1.764202654272007686e-05 0.8146375092413311592 -8.930649882656801195e-06 1.842625432358196213e-05 0.9999999997903581406 0.4947656164194109141
0.9969716449812092707 -0.0777659249207309361 5.18818973154129202e-06 28.82069060108444702 0.07776592493300864273 0.996971644991306305 -2.207960330994435486e-06 0.9135871326582436502 -5.000773973853662645e-06 2.604738216446021242e-06 0.9999999999841036047 0.4947943871589042253
0.9970686598295106506 -0.07651200938398108886 2.835798983705269105e-06 30.35268566107533772 0.07651200931536510097 0.9970686596515518918 1.93239717138443116e-05 1.028235814658776226 -4.306002196829673712e-06 -1.905035390104836487e-05 0.9999999998092710118 0.4947989887864442382
0.9972109488486480267 -0.07463459983155219801 2.568169941445090348e-06 32.03460174884861544 0.07463459975934583213 0.9972109486248580401 2.153382334026607078e-05 1.152166926760284982 -4.168175471382391993e-06 -2.128209006979216405e-05 0.9999999997648492123 0.4948013028425732318
0.9972761747733185356 -0.07375792277786417939 7.695753755881163435e-06 33.86456453491188512 0.07375792284480250927 0.9972761747591448733 -8.810235068148443893e-06 1.242850960303346408 -7.024967229742158515e-06 9.353860339375716441e-06 0.9999999999315773991 0.4947513794699362477
0.9975451278416792578 -0.0700265513738401596 4.924158228271007232e-06 35.57575776141110424 0.0700265513518336935 0.9975451278451913373 4.508062084602803892e-06 1.365230767459825634 -5.227754090514448276e-06 -4.152173549466762911e-06 0.9999999999777148263 0.4947564664321365546
0.9971499660302839407 -0.07544498157670223581 1.710899352741418083e-06 37.22666193684042213 0.07544498154950901592 0.9971499659550618899 1.25317878075365212e-05 1.472068035568567135 -2.651483731601381856e-06 -1.236699301648312854e-05 0.9999999999200133161 0.4947679242898761487
0.996949310569066216 -0.07805172743081878473 1.777912429283408158e-06 39.02236433680820937 0.07805172740521258701 0.9969493105055291515 1.15691372221578874e-05 1.61185968040976868 -2.675479715586916168e-06 -1.139507424122846386e-05 0.9999999999314967969 0.4947596995750364046
0.9972801669799846724 -0.07370392422645836994 1.020916595066208665e-05 40.80975100665812505 0.07370392441181519705 0.9972801668345564474 -1.915644035766471488e-05 1.690247965824936527 -8.769493893947961409e-06 1.98567936341692649e-05 0.9999999997644016814 0.4946894581787845135
0.997763348679498896 -0.0668453438718641102 6.062802698090774873e-06 42.59251784594560064 0.06684534384945155228 0.9977633486920802763 3.827183957654102245e-06 1.794965699760393996 -6.305071750216705127e-06 -3.413353750556150345e-06 0.9999999999742973378 0.4947294761747575986
0.9971468454696349459 -0.07548621322924267685 1.35829898818144614e-05 44.34387094997357792 0.07548621361904403471 0.9971468450528766514 -3.093197196855694239e-05 1.833250941767620157 -1.120929807541697684e-05 3.186904674840569988e-05 0.9999999994293575778 0.494620108239165579
0.9970700980489212162 -0.07649326392453704992 1.237410195031239455e-05 46.08169634193686193 0.07649326434457759394 0.9970700973670362233 -3.806090065193651947e-05 1.887417222913164272 -9.426444517653439004e-06 3.889592139636859893e-05 0.999999999199124523 0.4946151007775289044
0.9970158745390592658 -0.07719679847533864048 1.498349714105916641e-05 47.92416458436829885 0.07719679914655869224 0.9970158732902987264 -5.109737286862420989e-05 1.905828757899671322 -1.099423089107731976e-05 5.210156991657117879e-05 0.9999999985822763948 0.4945971801132245105
0.9969857350312656408 -0.0775850762010016487 9.86328505353697311e-06 49.89917018500351986 0.07758507631305165686 0.9969857350045960853 -1.153585173803977329e-05 1.997379506156012896 -8.938544562521140964e-06 1.226632334783733005e-05 0.9999999998848196903 0.4946327707600920442
0.996508233952660194 -0.08349454861886472512 4.208904465777478889e-06 51.73687145120911168 0.08349454853481691474 0.9965082338192424727 1.725263703281624443e-05 2.098253865560660625 -5.634709097045947186e-06 -1.684097428240171541e-05 0.9999999998423155789 0.4946599960580101429
0.9962203828294700081 -0.08686166494667864335 -1.666629757063200259e-07 53.40684284691499073 0.08686166490703300935 0.9962203823130170166 3.218566502465933487e-05 2.212925621667539033 -2.629667398082385918e-06 -3.207849215603542157e-05 0.9999999994820273352 0.494677580371051695
0.9971130639258000139 -0.07593113816845598052 2.679315786927183651e-06 55.19756327657918149 0.07593113800944045755 0.9971130631971492075 3.852819295281176981e-05 2.339143423413691636 -5.597070314056371576e-06 -3.821352102591452586e-05 0.9999999992541995786 0.4946927942507416409
0.9981161336971551279 -0.06135294277514084099 8.276809751475416307e-06 56.98627156527352611 0.06135294273522597097 0.9981161337214354834 4.993394355406825984e-06 2.406494601533598399 -8.56757678683150874e-06 -4.476180833331224453e-06 0.9999999999532800388 0.4946311207617129502
0.9985825951895075381 -0.05322405987524345128 6.10059976884423656e-06 58.70817492236965052 0.05322405985469844114 0.9985825952031663899 3.482100532675446416e-06 2.468714977110179287 -6.277284276711051282e-06 -3.15246629938329017e-06 0.9999999999753286239 0.4946210165967798722
0.9987344296453350978 -0.05029452288126967652 3.374217764625612484e-06 60.50586550657629914 0.05029452282203344254 0.9987344295290411234 1.579991138455670639e-05 2.544276641638263836 -4.164596458912749547e-06 -1.561021081273260801e-05 0.9999999998694885095 0.4946357954808167645
0.9991430735565743904 -0.04138983619142647119 5.118721408101312292e-06 62.34766824501499372 0.04138983614075523315 0.9991430735253014062 9.637847956724096462e-06 2.594775510860229062 -5.513243988376791497e-06 -9.41772598962077583e-06 0.9999999999404550755 0.4946223723644394554
0.9996353779122264527 -0.02700205925025006212 4.975822310893077346e-06 64.1425850890710052 0.02700205922404242537 0.9996353779114741656 5.260997371072019822e-06 2.620845976818227285 -5.116065778899040958e-06 -5.124721646499765739e-06 0.9999999999737813061 0.4946083831818570142
0.999889983768626589 -0.01483308168177493828 7.016405842341264577e-06 65.96099637670714344 0.01483308173436349159 0.999889983764310597 -7.503381375613202631e-06 2.607613010671443909 -6.904335654948411e-06 7.606630803212645267e-06 0.9999999999472344303 0.4945736553774751076
0.9999695353701996137 -0.007805653280142141326 1.051712391132350103e-05 67.79030676902969788 0.00780565348242609567 0.9999695352370584489 -1.933199863115403247e-05 2.575948837075674902 -1.036590463110979802e-05 1.941350271385593412e-05 0.9999999997578317146 0.4945466147578113647
0.9999759133250569754 0.006940653891722354564 9.772715655572799444e-06 69.61618876737814787 -0.006940653652175222434 0.9999759130783456573 -2.43360199555273213e-05 2.516905675954000721 -9.941388152552256612e-06 2.426760474711772903e-05 0.9999999996561258486 0.4945345268477483458
0.9993791098552730068 0.03523343195834179042 7.716964279442604038e-06 71.43076943659808364 -0.03523343185483618356 0.9993791098020512464 -1.316141042227096563e-05 2.422417937284495171 -8.175894550552465241e-06 1.288134349718313312e-05 0.9999999998836126558 0.4945229674600434833
0.997765170672596291 0.06681814177877722083 1.11421875866226483e-05 73.31754038910901272 -0.06681814145762568491 0.9977651703893706259 -2.706014184483397601e-05 2.229798159238055799 -1.292539509021886286e-05 2.625516677992507399e-05 0.999999999571799969 0.4944836935889156404
0.9952444842571485095 0.09740850326349594079 7.065466613151046581e-06 75.18721573664454638 -0.09740850324574687469 0.9952444842799843538 -2.814966410213094498e-06 2.022843021882788417 -7.30606834035883381e-06 2.113343265613895475e-06 0.9999999999710773579 0.4945104881465570701
0.9905961083651916299 0.1368186758929634261 4.567966019918922128e-06 76.99862139222814506 -0.1368186759420801646 0.9905961082815852858 1.315547225177992158e-05 1.761183424176770096 -2.725095067859066284e-06 -1.365674267891317612e-05 0.9999999999030333431 0.4945215320037547602
0.9839745851733192605 0.178308765107712569 4.58140617300174757e-06 78.78497142483925586 -0.1783087651452857358 0.9839745851280629063 9.831186691107598698e-06 1.416839944487303438 -2.755000479947762982e-06 -1.049054272348099004e-05 0.9999999999411790519 0.4945044332121504294
0.9754316663493888262 0.2203022111678797079 6.295257092047877152e-06 80.54883059550230939 -0.2203022112254582887 0.9754316662976626473 1.073178644696247047e-05 1.009833627369274289 -3.776356831021120516e-06 -1.185498339447728835e-05 0.9999999999225990255 0.4944989654907803178
0.9642377635859137319 0.2650387428583060312 7.820284376548135749e-06 82.29378317113884123 -0.2650387429376875326 0.9642377635214994802 1.197079354574414597e-05 0.5277839602151225273 -4.367889444964549842e-06 -1.361536953747258344e-05 0.999999999897771441 0.4944959472975515857
0.9480309686082197818 0.3181780672456410164 9.263980690084196547e-06 84.03492021276098001 -0.3181780673519988833 0.9480309685111895091 1.421673159459232317e-05 -0.04249344006824411907 -4.259088404572054167e-06 -1.642549729602167308e-05 0.9999999998560313852 0.4944853923964645515
0.9265765149100755327 0.3761063173924704128 6.066764163047998608e-06 85.73133893040342457 -0.3761063173713650176 0.9265765149282824131 -4.352150033179354917e-06 -0.7455403751668796541 -7.258192316807417953e-06 1.750851682384543533e-06 0.9999999999721264077 0.4944486001821979948
0.9004417684262951971 0.4349765759870973247 4.254369751729685368e-06 87.39159274653373188 -0.4349765759404616294 0.9004417684158488866 -8.802444434249769505e-06 -1.55143711829094233 -7.659669363069023494e-06 6.075537445458012621e-06 0.9999999999522084515 0.4944361895645956184
0.8747397462260781964 0.4845930006777279253 8.290028212422341313e-06 89.00974488118229999 -0.4845930007256983307 0.8747397462231254472 5.234301226154437836e-06 -2.43216507251249503 -4.715111437083580822e-06 -8.595940973795623572e-06 0.9999999999519385563 0.4944553494291173412
0.8365589553861375594 0.5478769148359711183 1.884953195450846645e-05 90.55872292855973171 -0.5478769151581266428 0.8365589547925487146 3.155068751393018032e-05 -3.377900622689083754 1.51714858589351325e-06 -3.672123360777852373e-05 0.9999999993246243557 0.4945038067108081803
0.7939165144614326319 0.60802678227630369 1.011764164355068649e-05 92.00761122000807291 -0.6080267823585470133 0.7939165143909824307 1.068726888416233591e-05 -4.484818248268438445 -1.534417076545924784e-06 -1.463659635521125445e-05 0.9999999998917075139 0.4944621999938159096
0.7511181367670340947 0.6601678154322641046 9.446881957915381528e-06 93.38677349393898908 -0.660167815498977073 0.7511181367124780683 9.116808730040538799e-06 -5.665009005182893631 -1.077100670947472127e-06 -1.308432781200317967e-05 0.9999999999138199369 0.494456551145607659
0.6970697282441280507 0.7170033430345430503 6.721577945870025746e-06 94.64868621076841748 -0.7170033430655455842 0.6970697282241167247 5.349798136312818607e-06 -6.948858330069236366 -8.495853636685769097e-07 -8.548576190904970859e-06 0.9999999999630998504 0.4944441652460659364
0.6390407102855467647 0.7691729133253799588 -2.554229257329276197e-06 95.83194886129430756 -0.7691729133174126654 0.6390407102531708849 -7.756257268684129202e-06 -8.378041733737868313 -4.33364652110179725e-06 6.921208113277872552e-06 0.9999999999666580042 0.4944104064308366131
0.5823615273148710081 0.8129299178404330029 -1.362609004090325576e-05 96.83090794522777855 -0.8129299179304255718 0.5823615270863724547 -1.747833870323564235e-05 -9.823492631241748541 -6.273353841571781649e-06 2.125576828080700723e-05 0.9999999997544184449 0.4943920402749508169
0.5197822741840949501 0.854298769378178724 -9.228883688790983053e-06 97.70835871395367178 -0.8542987694107689878 0.5197822740745958736 -1.197163227903345586e-05 -11.28832044131999623 -5.43034057249664138e-06 1.410686623006098816e-05 0.9999999998857536099 0.4944024916135825176
0.4556789949973354958 0.8901441756090499036 -1.223666129908224223e-05 98.47396840238921811 -0.8901441756276887718 0.4556789947540383912 -1.839249825136439462e-05 -12.8709210628470121 -1.079598567344020945e-05 1.927346790317878444e-05 0.9999999997559898546 0.4943778940334460081
0.4052336219352882796 0.9142131649001143945 -2.790621321177948663e-05 99.14007152337697448 -0.9142131652262976971 0.4052336212514057734 -2.714072230420642409e-05 -14.52951447672984742 -1.350386980018046136e-05 3.651056071109429614e-05 0.9999999992423120876 0.4943412073367041693
0.379738657939575619 0.9250938067293089651 -2.048313208324209985e-05 99.75358389503279 -0.9250938068573871798 0.3797386574825645233 -2.301476128009862217e-05 -16.20073856897298015 -1.351257604524434216e-05 2.76884131965534868e-05 0.9999999995253808782 0.4943520056270452878
0.3624953188021989847 0.9319855920747839306 -3.706651481484433482e-06 100.3383654753556726 -0.9319855920663734361 0.3624953187700489243 -7.261179749696806734e-06 -17.84672836780482541 -5.423671097832437645e-06 6.086689443801385946e-06 0.9999999999667679162 0.494368814812156443
0.3539912806358453401 0.9352487226452486091 5.143710039756185357e-06 100.9056663892416736 -0.9352487226564971667 0.3539912806430827175 -5.418102650902403631e-07 -19.50974206978700209 -2.327555862571705036e-06 -4.61885213479643136e-06 0.999999999986624144 0.4943730350712469135
0.3491541194462391973 0.9370653128795453091 1.655034266271863686e-05 101.4669635535469752 -0.9370653130207760029 0.3491541193326871406 9.408682600062963984e-06 -21.120835368002016 3.037929787356612214e-06 -1.879383231621568198e-05 0.9999999998187814043 0.4943865937809884814
0.3480666983429328565 0.9374697718235012189 2.059307605027581889e-05 102.0631483045653312 -0.9374697720432699777 0.3480666981753313682 1.134436948005612568e-05 -22.80631608780333863 3.467239481856710709e-06 -2.325398354022726788e-05 0.999999999723615085 0.4944063700169150644
0.3497076342359395351 0.9368588848183740936 2.227570971782404999e-05 102.6649196943715907 -0.9368588850831235382 0.3497076341275116018 8.716516253062479567e-06 -24.5123477097036897 3.761599524138793953e-07 -2.391742884831353808e-05 0.9999999997139072949 0.4943998266890176629
0.3568148664959235328 0.9341751174473732489 3.149468602227350746e-05 103.3065530866565496 -0.9341751179781774272 0.3568148662774951463 1.24925590711843363e-05 -26.21866329953697061 4.324656560526549816e-07 -3.387908282772009768e-05 0.9999999994260101444 0.4944172204070176879
0.3681604089642244726 0.9297622883912201042 1.894859169132422449e-05 103.9506283671645974 -0.9297622885841553275 0.3681604088993348789 6.932602225412400269e-06 -27.90756165419962542 -5.304491555389682759e-07 -2.016999564686644577e-05 0.9999999997964446052 0.4943955868507261542
0.3822963112500306626 0.9240397882986021161 -6.92293988150898672e-06 104.6050364026269648 -0.924039788312878807 0.3822963111968467054 -7.88711416142283235e-06 -29.66214204260911558 -4.641392920669639562e-06 9.412286552932179237e-06 0.999999999944932938 0.4943577263214737894
0.3935711738966212181 0.9192941482807405196 -4.081209851254455729e-06 105.3057100607533982 -0.9192941482812210241 0.3935711738698907669 -6.067382770939144069e-06 -31.39485344051004034 -3.971462924736162033e-06 6.139779293804547701e-06 0.9999999999732651634 0.4943622491746753611
0.4094850341038278052 0.9123168346834981124 5.499440753729903479e-07 106.0296974967085077 -0.9123168346788234073 0.4094850341035443653 -3.010678502716659306e-06 -33.12091488820778551 -2.971886550307267975e-06 7.311045512659337959e-07 0.9999999999953164131 0.4943691051945547921
0.4280288529519989393 0.9037650696074949197 -4.342148827600609769e-07 106.8021350145261721 -0.9037650696024562835 0.428028852947892835 -3.579255635586481674e-06 -34.87419224223219061 -3.048949720438143553e-06 1.924452927862128326e-06 0.9999999999935000883 0.494372695184743749
0.4442561990426222018 0.8958997877058532122 -1.744045970750981789e-06 107.5881058382945383 -0.8958997877023471279 0.44425619903256508 -4.273138362350780736e-06 -36.60025652744948133 -3.053500517763910363e-06 3.460858621780113012e-06 0.9999999999893489644 0.4943640081891488847
0.4571597366993606637 0.8893846047162641266 -6.074400650248543448e-06 108.3925736495366294 -0.8893846047339121208 0.4571597366690860476 -5.760842281962689715e-06 -38.31602022851471645 -2.346633034085979652e-06 8.036103562105328572e-06 0.9999999999649569205 0.494351220712571926
0.4711203243086543035 0.8820689542168143049 -5.691768903901894248e-06 109.2279121426978037 -0.8820689542324262611 0.4711203242812585512 -5.537852710537284577e-06 -40.0347423080584548 -2.203259937250129657e-06 7.629527609759277008e-06 0.9999999999684676677 0.4943483171749014082
0.4889334548328556074 0.8723210857988751288 4.255802510313428427e-06 110.064116643799494 -0.8723210858063946693 0.4889334548379297152 -1.761557313540213473e-07 -41.65808046613041427 -2.234468583319913774e-06 -3.626297836454661556e-06 0.9999999999909283677 0.4943557616287984069
0.5051024111235701275 0.863059415213806691 9.496877721233332637e-06 110.9434153586345104 -0.8630594152607070635 0.5051024111286048779 2.036910293847318712e-06 -43.26984373058348865 -3.038921228137637095e-06 -9.225218033554776804e-06 0.9999999999528299544 0.4943626366465132538
0.5191545867920646096 0.8546803583446174191 8.655034113889582492e-06 111.8656385660010955 -0.8546803583810638205 0.519154586803038387 1.102507295391322576e-06 -44.90550558072754939 -3.551009328859937841e-06 -7.969659377633600582e-06 0.9999999999619373359 0.4943544436828137822
0.5421577950431383242 0.8402766956286192856 7.722938648099567671e-06 112.8264881347365503 -0.8402766956531251274 0.542157795060147496 -1.303034900248403028e-07 -46.51319235076840641 -4.29654237486540768e-06 -6.418760315118626537e-06 0.9999999999701694176 0.4943436299294738379
0.5649703954952899343 0.8251111756107027961 9.92230621318093158e-06 113.8237134077316171 -0.825111175657595286 0.5649703955125949806 1.231001209979365106e-06 -48.06404507900150236 -4.59009641011363773e-06 -8.882484985249604659e-06 0.9999999999500159831 0.4943421681461851458
0.5827694822707724098 0.8126375146797271132 1.64695185022070928e-05 114.8666087003303176 -0.8126375148292467321 0.5827694822711493305 5.272106679824019143e-06 -49.57308469227407954 -5.313621101367765222e-06 -1.645617146634519444e-05 0.999999999850479715 0.4943424343197989068
0.6043913781927776618 0.7966875558936802326 1.589406683441812402e-05 115.9264022808223302 -0.7966875560272030921 0.604391378211635244 4.132143250548198644e-06 -51.0349941370826059 -6.314209852560003331e-06 -1.516003701573441635e-05 0.9999999998651517563 0.4943269158771625427
0.6288799547921204436 0.7775024130709227155 1.147977716653714525e-05 117.0617780232396541 -0.7775024131280253714 0.6288799548257230088 8.523252300542175378e-07 -52.50415382543963005 -6.556716822812867533e-06 -9.461564701299318502e-06 0.9999999999337438883 0.4943064888984227689
0.6501501698451818134 0.7598057360972177987 6.802834028304690976e-06 118.2337786704208895 -0.7598057361085231998 0.6501501698663032514 -1.278593292461124889e-06 -53.93644775863575092 -5.394346216821954953e-06 -4.33755467024364636e-06 0.9999999999760430525 0.4942905123515942689
0.6700200094253356831 0.7423430386025509087 -3.199583620985161274e-06 119.4138289587096722 -0.7423430385998330827 0.6700200093885007036 -7.977021285005474427e-06 -55.35056207147949436 -3.777901171936418197e-06 7.719952504021852037e-06 0.9999999999630647673 0.4942773808941556268
0.6888785791894975752 0.7248767503041377847 2.145732176411644344e-06 120.6476719596799114 -0.7248767502894652992 0.6888785791902901634 -4.978324318405305013e-06 -56.72702113071077434 -5.086820486895042914e-06 1.874069616178755804e-06 0.9999999999853057542 0.494279326708306932
0.7031372952558352374 0.7110541076171256192 7.959519136347516173e-06 121.9056174313196834 -0.7110541076419472084 0.7031372952756587136 4.218182719251982885e-07 -58.0617426043485807 -5.296699142305870479e-06 -5.95624493556556039e-06 0.9999999999682338547 0.4942817269383488199
0.7162795987893908478 0.6978133964674146927 8.423328340281642043e-06 123.224720050540526 -0.697813396485088111 0.7162795988208515707 -1.103445833338199526e-06 -59.41735042077354478 -6.803457529092791347e-06 -5.087535620051722406e-06 0.9999999999639147541 0.4942685973369890795
0.729963742742689492 0.6834858698088752682 7.410958228438318745e-06 124.5341704219200238 -0.6834858698173720271 0.729963742770342594 -1.71343174719247558e-06 -60.70790293466996701 -6.580837194033494843e-06 -3.814542179829611888e-06 0.9999999999710706966 0.4942558984835698777
0.741474132994709767 0.6709814527823551034 1.113804906436751406e-05 125.9042371170667565 -0.6709814528478502682 0.7414741330115479645 3.345727571052241775e-06 -61.98016043789125717 -6.013654127203372453e-06 -9.95419479308241417e-06 0.9999999999323747613 0.4942588667237420297
0.7520713494493800333 0.659081698466057353 9.312247741305375529e-06 127.2680766288429197 -0.6590816985005766293 0.7520713494762606421 8.853391076321309496e-07 -63.22464712693859923 -6.4199639226841872e-06 -6.803370235594913245e-06 0.9999999999562488862 0.4942431149532621748
0.7628457105095994839 0.6465805610317354457 7.431220257848384176e-06 128.6760302808503127 -0.6465805610421647698 0.7628457105359729429 -1.224094574098569932e-06 -64.46785512273602592 -6.460350254224225057e-06 -3.87108726843834131e-06 0.9999999999716390198 0.4942274723963073768
0.7698129255256197512 0.6382695822674829822 6.929070537500297075e-06 130.0943720509167179 -0.6382695822654574913 0.7698129255534368331 -2.787394696832029891e-06 -65.68918518381174465 -7.113197310600807793e-06 -2.276842491295340942e-06 0.9999999999721089772 0.494206359512587734
0.7802137214605808779 0.6255130285025615189 4.518559633057746288e-06 131.4386510006392541 -0.6255130284598398038 0.7802137214658320108 -8.103670141526762185e-06 -66.85142599367281946 -8.59439347918545701e-06 3.496176718259254461e-06 0.9999999999569563203 0.4941721409177913804
0.8010008242122022004 0.5986632438608082696 7.978700915741839482e-06 132.8342654124347462 -0.5986632438545272938 0.8010008242493441566 -3.417420519861420743e-06 -67.95888128161098507 -8.4368300640049408e-06 -2.03919831887440517e-06 0.9999999999623305769 0.4941725467001048533
0.8168525955485489431 0.5768464588227273371 9.566131568098964723e-06 134.2850142949755536 -0.5768464588418368288 0.8168525955905703295 -9.021583453747893201e-07 -69.03785318461831366 -8.334526247989351865e-06 -4.781258733857815237e-06 0.9999999999538373707 0.4941667179070886595
0.8348704591391757912 0.5504464700504684282 8.243366044479317938e-06 135.658375955674444 -0.5504464700690473444 0.8348704591676229247 -1.78936194740523177e-08 -70.01232786635102912 -6.891992274317160441e-06 -4.522592886364724275e-06 0.9999999999660230676 0.4941559992093825238
0.8628210996589036341 0.5055093964733181622 7.925569143153766508e-06 137.0580436318961972 -0.5055093964968304654 0.8628210996807399447 1.166913491798353669e-06 -70.90121999588801316 -6.248462548716116025e-06 -5.013287256649828714e-06 0.999999999967911668 0.4941463445496899753
0.8938889018922613339 0.4482885576892080004 1.100041953748918418e-05 138.5024799811720868 -0.4482885577906939867 0.8938889018562833355 9.712880674763222201e-06 -71.66298722800965493 -5.478979671627625184e-06 -1.361359845012826585e-05 0.999999999892325131 0.4941470821733934815
0.922962419735446904 0.3848900773792637842 9.65947632359189751e-06 139.9336871898407253 -0.3848900774432948424 0.9229624197402666042 5.926115255709418749e-06 -72.30482345310707615 -6.63443068171775981e-06 -9.187418266289672873e-06 0.9999999999357875868 0.494135610183433438
0.9501305691959087696 0.3118523712054752095 7.430573648115954333e-06 141.2758595333459368 -0.3118523711959560463 0.9501305692249645274 -2.436618843156188589e-06 -72.80873293667050916 -7.819880533914634523e-06 -2.1359631496805808e-09 0.9999999999694244579 0.4941102784676362769
0.9778883456770544047 0.2091276723563396389 6.785709108218717141e-06 142.5794968441277604 -0.209127672317938107 0.9778883456906839466 -5.954085501180022572e-06 -73.16322054358009552 -7.880829896046617333e-06 4.403351269940258449e-06 0.9999999999592512623 0.4940851025886972558
0.9958660911663919091 0.09083352030303715186 7.520784417618314323e-06 143.8698473739122505 -0.09083352028655004851 0.9958660911931405124 -2.506200568707406108e-06 -73.34056685689402855 -7.717341200920999414e-06 1.812700840069133455e-06 0.9999999999685781349 0.4940856421051267877
0.9992538148467962067 -0.03862400083684570939 8.701294848080021711e-06 145.1754996022062301 0.03862400089098409067 0.9992538148637111206 -6.142147961942335848e-06 -73.37899900597764713 -8.457567743175820019e-06 6.473643602289323302e-06 0.999999999943280482 0.494066929272853117
0.9833456428317997045 -0.1817452796091481859 8.107998700514933423e-06 146.364172742256045 0.1817452795499485685 0.9833456428473497102 7.528350768129477374e-06 -73.19045731929891474 -9.34120740971277453e-06 -5.929380435133847091e-06 0.9999999999387919614 0.4940880331511994239
0.945523195245324577 -0.3255547377102103179 3.120960416178390899e-06 147.3235663332929448 0.3255547375417759404 0.945523194991017446 2.4501353012586893e-05 -72.82537822801046445 -1.092747201770349179e-05 -2.215055413912759611e-05 0.999999999694971442 0.4941057210540060196
0.8853306951146359127 -0.4649618912200092491 1.783387255561673032e-06 148.2519112633382292 0.4649618910638542713 0.8853306949047663466 2.280351984972513789e-05 -72.31287058474475771 -1.218165519405194564e-05 -1.935944896877242656e-05 0.9999999997384092509 0.4940834259786343607
0.8002162455275068087 -0.5997115643134826035 4.976837785856476194e-06 149.1305751636924697 0.5997115642216791498 0.8002162455106102135 1.272486387186516606e-05 -71.64632112681690046 -1.161379446578579016e-05 -7.197975618959013896e-06 0.9999999999066542244 0.4940658156817203106
0.6892638704079431244 -0.7245103980544771449 7.964791918801355077e-06 149.8261774304509686 0.7245103980473868166 0.6892638704481706124 4.272851227819476841e-06 -70.90766327391639834 -8.585568449162385337e-06 2.825452588491196368e-06 0.9999999999591522304 0.4940306815775950544
0.5560949195607465256 -0.8311187882831042595 1.42752929787704892e-05 150.3593177814877322 0.8311187883846374858 0.556094919586907932 -2.432100443290109624e-06 -70.12178911971663808 -5.917053527698848918e-06 1.321694290472652327e-05 0.9999999998951502045 0.4940120333360966121
0.4051369161036403321 -0.9142560247563722431 2.022225728220346342e-05 150.7897858149687806 0.9142560249405559114 0.4051369161925594264 3.30095709620220311e-07 -69.21227785589115911 -8.494574945030958221e-06 1.83545866003379764e-05 0.9999999997954751585 0.4939908376796776635
0.2410903772261660249 -0.970502668565144333 1.786368479662958357e-05 151.081942243027072 0.9705026686843254424 0.2410903773517854287 5.216199759599104499e-06 -68.17233886662216946 -9.369098294972575682e-06 1.607917819993583879e-05 0.9999999998268396251 0.4939963017145546642
0.06686202725879522579 -0.9977622308090323688 9.168416561560398272e-06 151.1608857271645263 0.9977622308295669429 0.06686202731497492557 5.964059272463962148e-06 -67.12069332730469284 -6.563732002945057723e-06 8.749130667988697704e-06 0.9999999999401849582 0.4939994144226533823
-0.1183242701546198261 -0.9929750082787692778 5.327989168257270322e-06 151.0488255570950002 0.9929750082838575409 -0.1183242701287146315 4.940938853941027141e-06 -65.99899074134701493 -4.275798369809243537e-06 5.87519307225774064e-06 0.9999999999735996736 0.4939995960200447844
-0.3029498638938813437 -0.9530064952192863759 6.226036667785858008e-06 150.7131194557061633 0.9530064952381480659 -0.3029498638754498097 3.739052954955803977e-06 -64.84023786978367809 -1.677164791052461071e-06 7.066198967786676301e-06 0.9999999999736277623 0.4939978847314067667
-0.4692137361589351352 -0.8830846334300901379 1.284203751406263762e-06 150.1373995898206033 0.8830846334308980472 -0.4692137361591488531 1.481691110947439047e-07 -63.73115606084333962 4.717201750301637342e-07 1.203583581261297437e-06 0.9999999999991644462 0.494008383654793215
-0.6087656743941352033 -0.7933500826691204377 -3.253622606402036265e-06 149.3484966812833079 0.7933500826734540823 -0.6087656743772646983 -4.924450683243136536e-06 -62.7140460455091997 1.926119596495499883e-06 -5.579098304982443305e-06 0.9999999999825815999 0.4940242319964446849
-0.7213279414696771585 -0.6925936765818642149 4.020780896597147061e-06 148.3878687533684513 0.692593676583203699 -0.7213279414784712351 -1.274493051722233153e-06 -61.76657500083599928 3.783007435748723767e-06 1.865439974493524083e-06 0.9999999999911038939 0.4940187680552068361
-0.7996685322874249602 -0.6004417027852247957 5.28090457064026032e-06 147.2687324906282811 0.6004417027968973475 -0.7996685322956664788 8.304700599983154139e-07 -60.93035078188510312 3.724324350259837617e-06 3.834976106690659716e-06 0.9999999999857110966 0.4940209953491012107
-0.8498358839290828248 -0.5270474080051741339 1.018502364248521509e-05 146.0905914367825176 0.5270474080856055732 -0.8498358839010307086 8.162803636870809233e-06 -60.17943513441503711 4.353414070896349016e-06 1.230503375614208721e-05 0.9999999999148163621 0.4940091910666821184
-0.8855608566779769042 -0.4645233783489447488 9.448994072704882359e-06 144.7404905780149704 0.4645233784273652411 -0.8855608566385416713 9.288260673339970687e-06 -59.44456358231094129 4.053045058431512212e-06 1.2614598728324328e-05 0.9999999999122221039 0.4940310852835519961
-0.9145419861034463915 -0.4044909833289259127 7.860976372968173952e-06 143.3325775295302833 0.4044909834015031902 -0.9145419860064651907 1.343383652322410677e-05 -58.77922790006288523 1.75532719892525637e-06 1.546550159853627484e-05 0.9999999998788686728 0.4940290304081420558
-0.9376720998324618028 -0.3475212700819798606 6.214661195974973811e-06 141.7598952015003704 0.3475212701297307194 -0.937672099781383217 1.006097202086147194e-05 -58.16126084900594151 2.330912638110694811e-06 1.159361971340799808e-05 0.9999999999300775988 0.4940553669090475553
-0.9492228751105801221 -0.3146044076156941927 8.821254172221915777e-06 140.2052803298413721 0.3146044077167081121 -0.9492228750055905495 1.461412917681582268e-05 -57.59508818623123716 3.77566679402017394e-06 1.66472711586249473e-05 0.9999999998543057655 0.494045612019111402
-0.952905225827374025 -0.3032682484316179816 9.291519711278874513e-06 138.7304254413398326 0.3032682485232089942 -0.9529052257811669868 1.090141266865020889e-05 -57.08911161312457239 5.547885362874562273e-06 1.320583600981594294e-05 0.9999999998974132831 0.4940630470081785464
-0.9546208429094319436 -0.2978238510215869272 6.913012920006504358e-06 137.154679127126002 0.2978238510858467469 -0.9546208428414609815 1.180197623722308722e-05 -56.5500380215712326 3.08439620763548135e-06 1.332527263401754858e-05 0.9999999999064614897 0.4940659103360195425
-0.9565332790474914137 -0.291623191913782609 3.860549086271388618e-06 135.4789043466647342 0.2916231919388747595 -0.956533278938622944 1.444095480622002364e-05 -55.98168955761155985 -5.185736588778870211e-07 1.493907950054544136e-05 0.9999999998882769248 0.4940703763587330211
-0.9571124056925666146 -0.2897168321767615295 5.00823540601226723e-06 133.8096210452627588 0.2897168322134972551 -0.9571124056441745465 9.819867375651406154e-06 -55.43464305973829198 1.948463369011075866e-06 1.084968698430102182e-05 0.999999999939242934 0.4940797353658334945
-0.956824473892515126 -0.2906663484497754024 6.435677883207434541e-06 132.136590437163477 0.2906663484968667333 -0.9568244738639136715 8.293089840489026687e-06 -54.88274512965829643 3.747291963256704624e-06 9.805666313983226604e-06 0.999999999944903406 0.4940872253082668752
-0.9535921425341107316 -0.3011013544346596293 7.553170068474826559e-06 130.4762088829771756 0.3011013544339241621 -0.9535921425634220627 -1.261332538448224399e-06 -54.35201954990513684 7.582432564462089076e-06 1.071472940100715522e-06 0.9999999999706788989 0.4941275269821914784
-0.9468023443056111654 -0.3218156627138454295 7.188868517131091839e-06 128.8398528600802138 0.3218156627581679197 -0.9468023442975487258 6.198369872475068382e-06 -53.76151031342674003 4.811705056610463154e-06 8.182121612454539927e-06 0.9999999999549495922 0.4941194266908727761
-0.9372488926449835667 -0.3486610290810230883 6.176289216042443452e-06 127.1593134179889404 0.3486610291225322178 -0.9372488926165752909 7.902684576485037864e-06 -53.11481024253173189 3.033362091275474027e-06 9.56021372245695477e-06 0.9999999999496999026 0.4941273341328148994
-0.9272084574620549358 -0.3745456933230986163 5.117468209917637279e-06 125.5247627820339744 0.3745456933572005598 -0.9272084574026356885 1.052763896201275494e-05 -52.41401228466643403 8.018779706424272941e-07 1.167804156160230833e-05 0.9999999999314898025 0.4941337412637504811
