1 0 0 -0 0 1 0 0 0 0 1 -0
0.9999998650306514136 0.000516343115494670088 5.769285876737858176e-05 -0.001894293267975184812 -0.0005163414159553741164 0.9999998662615390277 -2.946941204227802218e-05 -0.004468092079307321024 -5.770806737965054856e-05 2.943961885242343891e-05 0.9999999979015439244 0.0005615151657577306275
0.999999913079299807 0.0003521331523557191031 0.0002232568827900049881 -0.02270592052995413709 -0.0003520836192545816375 0.9999999134061979822 -0.0002218664495473964666 0.007820848709683513381 -0.0002233349899896586372 0.0002217878251712580471 0.999999950465820131 -0.01025524830457127598
0.9999998821649551672 0.0003273363584596923333 -0.0003584982344620638137 -0.01266567331787376259 -0.0003271533395493513127 0.9999998162030607762 0.0005104552253146090292 0.007882801900971063425 0.0003586652591257981121 -0.0005103378812704668964 0.9999998054572204476 -0.008572129851610968757
0.9999999305054535492 -5.134010860318321569e-05 -0.0003692604518570039062 -0.004579176573216324139 5.144235414684788095e-05 0.9999999603431966033 0.0002768885867415904088 0.009126149906577335838 0.0003692462217231960047 -0.0002769075631262864429 0.9999998934897088576 -0.02103507164407214872
0.9999999451331392786 0.0003201796683445207571 -8.49629245676618148e-05 -0.008330875775796189181 -0.0003201988540458691811 0.9999999232220261325 -0.000225895187730980817 0.01607024932946887405 8.489059099811745103e-05 0.0002259223803678944991 0.9999999708763324113 0.00044316960710326104
0.9999998303340672523 0.0001485268993684044374 0.0005632686719935310398 0.008684776155593426986 -0.000148283065457849593 0.9999998953013892189 -0.000432908007633041954 0.01352356306954181561 -0.0005633329115041755706 0.0004328244109779330563 0.9999997476594981727 0.0009404027206083550097
0.9999999853337706579 0.0001504170146798222652 8.18973751479191368e-05 -4.201633265852714084e-05 -0.0001504049155278644901 0.9999999777783376009 -0.0001477216489112650446 0.004982366409441447985 -8.191959317748602509e-05 0.0001477093289769378049 0.9999999857355670319 0.001761123345556573011
0.9999999722936681046 0.0001991443831118066589 -0.0001255156468635168867 0.003938416962895340857 -0.0001991377992452910176 0.999999978795787281 5.246486275881503752e-05 -0.003478533273897682979 0.0001255260922847966298 -5.243986639549241515e-05 0.9999999907466302629 -0.004205869548154914789
0.9999999578391095545 0.0002143885019036801374 -0.0001958554301125913638 0.01174794287086805902 -0.0002143630980969058093 0.9999999686107579056 0.0001297187166434649692 -0.00474986986074483683 0.0001958832341661448839 -0.0001296767269976650946 0.9999999724068521223 -0.004203908629687026603
0.9999999731612004839 0.0002120059359349866308 9.344025561288063389e-05 0.01887249199101178818 -0.0002120039170281301044 0.9999999772935486142 -2.161576796874020479e-05 0.007533265735024761468 -9.344483616230411858e-05 2.159595768839682586e-05 0.9999999954008386149 -0.004383147490634903796
0.9999999717380894104 0.0002282486023395083633 -6.653116622413499201e-05 0.01219836671926908742 -0.000228242517698732842 0.9999999697712396163 9.144874541317192507e-05 0.01023621792215438815 6.655203726127495315e-05 -9.143355758779423174e-05 0.9999999936053654004 -0.004414382549491579523
0.9999999668160078903 0.0002510695451874235583 -5.772405567910597059e-05 0.0002874399748961867381 -0.0002510617346427097439 0.9999999593342350224 0.0001352757687554480206 0.01731908770250134219 5.775801695745669088e-05 -0.0001352612719649054485 0.9999999891841998556 0.00320618403434732354
0.9999999666876240312 2.262691628748162594e-05 0.0002571240426599913842 -0.001019915343939624321 -2.265193078289733821e-05 0.9999999950114329961 9.728321556163743863e-05 -0.0117397162306209276 -0.000257121840158133243 -9.728903667692719807e-05 0.9999999622116005904 0.005512932658482376166
0.9999999622101668484 -8.102499410887669469e-06 -0.0002747981337480488034 -0.004289892210339115927 8.173799998838763135e-06 0.999999966305499588 0.0002594651976629087833 -0.01629666194239914531 0.0002747960221722522099 -0.0002594674340027470312 0.9999999285818959027 -0.005144772552441681523
0.9999998892201709122 0.0004579916400951549262 -0.000108643009856399913 -0.02525839750478833107 -0.0004579774790999540822 0.9999998866349142368 0.0001303333700628870728 0.00420532655311275233 0.0001087026891339807461 -0.0001302835995728104804 0.9999999856049544 -0.003106896964261917325
0.9999999434490628447 0.0003325165827351133502 -5.034474629087725182e-05 -0.02641019582260746221 -0.0003325168600139193856 0.9999999447011460596 -5.499331559256616931e-06 0.007216009990250547151 5.034291488793457624e-05 5.516071725205363387e-06 0.9999999987175819394 -0.0007390806947428986591
0.9999999621575493824 0.0002413581530422969636 0.0001320270495073339165 -0.02569559475397066584 -0.0002413526321220262343 0.9999999699995401059 -4.183091879675675999e-05 0.01191904403303436881 -0.0001320371417797685588 4.179905213784343779e-05 0.9999999904095161485 0.005275739143778037862
0.9999999985427990845 -4.771400687090143511e-05 -2.525421663746767195e-05 -0.02439749481779317566 4.771106820781106711e-05 0.9999999920930402464 -0.000116351078548431212 0.01271594158302516257 2.52597680139422173e-05 0.0001163498734732323762 0.9999999929123255527 0.002108740891335955138
0.9999999949570661517 -5.578805720437103659e-05 8.350784610967020016e-05 -0.01019029738563067417 5.578246856979946589e-05 0.9999999962047271262 6.69243000552542281e-05 -0.002680337600982971372 -8.351157936941361738e-05 -6.691964144396016364e-05 0.9999999942737888281 -0.004089961875380833389
0.9999999897857112519 -0.0001140165547309804171 -8.619050254898350644e-05 -0.007151406264057240392 0.0001140060906440834451 0.9999999861321238193 -0.0001214016617250500521 0.005114758111930656215 8.620434315289465278e-05 0.0001213918342427850318 0.9999999889164168376 -0.001028107441045195049
0.9999999870940833313 -3.166547662441918158e-05 0.0001575091450867258493 -0.009909001719479232015 3.167911518366831427e-05 0.9999999957495402381 -8.658725818385630947e-05 0.005643678096514451875 -0.00015750640259044318 8.659224681671146484e-05 0.9999999838467578117 0.0007154194370929154801
0.999999984028118627 5.86555825686770181e-06 -0.000178631905999925315 0.003350781850551025169 -5.83607572887432769e-06 0.9999999863628238339 0.0001650463342532801293 -0.005833033630748001193 0.0001786328716527775919 -0.0001650452891078504013 0.9999999704251744115 -0.003101728121490526183
0.9999999851496050862 -0.0001578287714327505182 -6.921609951297356814e-05 -0.009391099187691005074 0.0001578298125532450488 0.9999999874318284965 1.503639017428556348e-05 0.006214424378896964661 6.921372546806594053e-05 -1.504731431500022389e-05 0.9999999974915192436 0.003688226031086713676
0.9999999285121077275 -0.0001076615589902358248 -0.0003624703685966155142 -0.01103356800554078712 0.000107629617544724134 0.999999990323612642 -8.81398886560322151e-05 0.007830966299271971756 0.0003624798543670403007 8.810086980792708672e-05 0.9999999304232934927 -0.002887603216164728349
0.9999999348745964856 -0.0002588228131267780101 -0.0002515184967131990005 -0.009797795533813118476 0.0002588480638272187915 0.9999999614622073763 0.0001003656495597167567 0.004576943430727818847 0.0002514925101004533291 -0.000100430748099298545 0.9999999633325904469 -0.0080508719677012449
0.9999999966463151146 -7.418582702850887688e-05 -3.469629529822392401e-05 -0.008123381781742980076 7.418965164087883439e-05 0.9999999911712046385 0.0001102428518653554698 -0.005449965301353495301 3.468811653477941602e-05 -0.0001102454256016902826 0.9999999933213403747 -0.009232489317912146234
0.999999998051788852 -4.323135051918367206e-05 4.502746476056923716e-05 -0.01700761442771795903 4.323130164864412601e-05 0.999999999064937195 1.086322301563968497e-06 -0.01038940581634566727 -4.502751168164600233e-05 -1.084375703533137787e-06 0.9999999989856737104 -0.002937778908082624551
0.9999999485762077756 -3.124614712793490171e-05 0.0003191727749136108721 -0.01767172565623739006 3.123808496003950016e-05 0.9999999991929429122 2.526452660583590034e-05 -0.02012920523962911934 -0.0003191735640751351948 -2.525455496038450689e-05 0.9999999487452204683 0.006545690227938137824
0.9999999232621373801 0.0003507164300454530185 0.0001745671932958316902 -0.01086599914734169732 -0.0003506830338604119413 0.9999999202124086883 -0.0001913023418690814844 -0.006526057533657194862 -0.0001746342722419301258 0.00019124110943599608 0.9999999664648538955 0.0118780845124490126
0.9999999395328899032 0.0002424166159283486796 0.0002493359197383966056 0.001956959880874069302 -0.0002424119030195346031 0.999999970439025998 -1.893189195345231971e-05 -0.00540916486008315503 -0.0002493405017729619067 1.887144881393390655e-05 0.9999999687365908052 0.004407818147125023081
0.9999999699083015336 0.000203760337978157167 0.0001366203525729101878 0.009510133736334507731 -0.0002037705584357525374 0.9999999764413012304 7.479944183405488423e-05 -0.007192841190729971912 -0.0001366051081947548969 -7.4827278788766358e-05 0.9999999878699612488 -0.002656951130005124131
0.9999999465999606096 0.0003266598161503200468 9.666453178032833425e-06 0.006096456836458796422 -0.0003266585681465162855 0.999999938348780204 -0.0001288278528713306386 0.01180888822074606208 -9.708535464824777359e-06 0.0001288246883621635332 0.999999991654971998 -0.006054138426305172294
0.9999998982009791204 0.0004502653248089769555 -2.931157646310605502e-05 0.01261789188625845465 -0.0004502589253363552669 0.9999998748785293712 0.0002179674875596344659 0.02292060988514063591 2.940971599720869551e-05 -0.0002179542675718359383 0.9999999758155025953 -0.01092203227365022566
0.9999999391065867993 6.00042149642939342e-05 -0.0003437823684527676412 0.002551387848531573143 -5.986745281119614643e-05 0.9999999190805254345 0.000397812557180330349 0.009504350999541395784 0.0003438062110642780287 -0.0003977919515814431323 0.9999998617794166877 -0.01949730496981013153
0.9999999910214361076 -0.000132216735247254162 2.181427558183295941e-05 0.0002499303994037446026 0.000132213640080581287 0.9999999812022292156 0.0001418276928863823529 -0.01185025041999032691 -2.183302716631770732e-05 -0.0001418248074681893744 0.9999999897045214192 -0.002288872811630764288
0.999999997683947317 -5.313864015102524521e-05 4.252517266692154943e-05 0.001268030250524257658 5.314415956719987155e-05 0.9999999901636814625 -0.0001298011376691526073 -0.01023102631246458789 -4.251827479270110105e-05 0.0001298033973330827806 0.9999999906716371401 0.001188148114337115495
0.999999961013417038 -3.242909113839201693e-05 0.0002773472884421692374 0.0005289518385306821169 3.245317796295043607e-05 0.9999999957025335062 -8.684310139027116035e-05 -0.003116887430349689087 -0.0002773444710074297339 8.685209880546187393e-05 0.9999999577683778007 0.002250047330642448128
0.9999999994057531261 -2.9797826366572782e-05 1.733733752907127876e-05 0.01053312988363958903 2.979910402799766268e-05 0.9999999968402633055 -7.369862053152183528e-05 0.001664644717115077669 -1.733514141557365417e-05 7.369913712485552453e-05 0.9999999971339650351 -0.006190355190709636267
0.9999999926856845134 0.0001046457714621930221 -6.064563848163363844e-05 0.001839698004577266155 -0.0001046527452978488409 0.9999999879112367873 -0.000115001431084517562 0.007768784402806909288 6.063360333499990759e-05 0.0001150077769759329384 0.9999999915483885893 -0.007516720271037623073
0.9999999583047429752 0.0002621108458733287607 -0.0001211957791985936899 0.001291991561569321356 -0.0002620994978353415397 0.9999999612676691019 9.364034132695288543e-05 0.001679862016571047768 0.0001212203186534665503 -9.360857206973379017e-05 0.9999999882715346899 -0.001874995549418433452
0.9999999776049436351 0.0002105820492958582321 -2.110243377866363601e-05 0.01344574151537342513 -0.0002105855117905063544 0.9999999643439692054 -0.0001642126748170066419 0.007371775064252722616 2.106785278467292549e-05 0.0001642171150062690513 0.9999999862944423112 -0.001793509807740817147
0.9999999382947671878 8.565730321867217298e-07 0.0003512972073864940262 0.0163809801149699362 -7.999245180407875577e-07 0.9999999869980368272 -0.0001612553448624130001 0.01113901453342823651 -0.000351297340945920457 0.000161255053900864905 0.9999999252934900218 0.005328239027462084929
0.999999980314728476 0.0001715881158363679476 9.963965743604551715e-05 0.01392621306224377763 -0.0001715858061307591284 0.9999999850102982979 -2.318867137084592642e-05 0.004911001524183772685 -9.964363484289839195e-05 2.317157416345975993e-05 0.9999999947671120992 -0.0003191155656171181616
0.999999899735344977 0.0004336209008919142491 0.0001118133010217632427 -0.00231124129779498302 -0.0004336062798748116487 0.9999998974445039046 -0.0001307538740031228858 0.002906228381887530996 -0.0001118699871673599231 0.0001307053779436129594 0.9999999852006049572 0.003525162901413764899
0.9999999320257234592 0.0003576293397888904795 8.972069941004705089e-05 -0.006823271845532245458 -0.0003576180340518207473 0.999999928117327741 -0.0001259947661993865572 -0.001427338913254844579 -8.976575238573160343e-05 0.0001259626718948499494 0.9999999880377574701 0.002652952751793792238
0.999999906494273727 0.0002803401238550752464 0.0003292732281201496587 -0.006028025822792488012 -0.0002802992571821966215 0.9999999530093858224 -0.0001241513296999875509 0.0004280681996625472193 -0.0003293080172465465832 0.0001240590230498664175 0.9999999380827924167 0.0003545624486522654562
0.9999999203963995109 0.0002758892895597801526 0.0002882573407937563214 -0.009941484950065972506 -0.0002758719716692751124 0.999999960140365185 -6.01159158755250816e-05 0.002071120441540659583 -0.0002882739146412569074 6.003638896907697849e-05 0.9999999566468901202 0.002031182534007183824
0.9999999771430204687 0.0001764378103169106761 0.0001207628158101604134 -0.01702325904325639044 -0.0001764308133002300493 0.9999999827570777988 -5.794835950617508862e-05 0.001648365073469644808 -0.0001207730380095004853 5.792705189988001964e-05 0.9999999910291649252 0.00115432312135647008
0.9999998590309240321 0.000530309956061048764 -2.663611084966865765e-05 -0.005836867293832838192 -0.0005303103735568724837 0.9999998592626783145 -1.566943708658002902e-05 -0.01300752657253635876 2.66277974424789269e-05 1.568356028357205566e-05 0.9999999995224931881 -0.001022139525566468201
0.9999999939511463598 0.0001096717578426527145 8.355404780305552369e-06 -0.005614097115539215532 -0.0001096700206853381252 0.9999999724320148831 -0.0002076257593521507305 -0.003406696294915593972 -8.378175231977259322e-06 0.0002076248417588373325 0.9999999784108654088 0.007446496139530025052
0.9999998009358028739 -0.0005225482992134994212 -0.0003536546757711370864 0.01312192782560945431 0.0005225838403242216322 0.9999998584117995026 0.0001004117069618664873 -0.007907327185542446443 0.0003536021557311230996 -0.0001005965011920713625 0.9999999324229273956 -0.009162948788230410382
0.9999998624982150419 -0.0003418855987128049706 -0.0003976402749255216872 0.003576555812992848315 0.000341980969606297733 0.9999999127727531301 0.0002397988791116859779 -0.04574857382071512157 0.0003975582564570807821 -0.0002399348315457166397 0.9999998921893488157 -0.01475233613253248803
0.9999999909983884328 -0.0001324178698503637925 -2.165019206239486563e-05 0.01454246456766149914 0.0001324213957673682301 0.9999999779578548909 0.0001629382203001882251 -0.02217986891674250671 2.162861565307630648e-05 -0.0001629410857821401775 0.999999986491202697 -0.007431593164133978337
0.999999948078018952 0.000153445158865281382 -0.0002833699750207575494 -0.002204086551442595646 -0.0001534434567915806498 0.9999999882093827397 6.028273027201503252e-06 -0.008885993683220533984 0.0002833708966889622507 -5.984791445716689881e-06 0.9999999598325578498 -0.008651982509982737365
0.9999999557765881786 0.0001894344811722966032 -0.0002292627291978479253 -0.007453072811771342676 -0.0001894061510282856169 0.9999999744258984968 0.0001235860520152929167 0.008050099901345170172 0.0002292861347943071857 -0.0001235426227787771744 0.999999966082543823 2.979079358329034721e-05
0.9999998478391636247 0.000544076760594918319 -9.111601550030328401e-05 -0.008752877406912858496 -0.000544051927428342171 0.9999998149170581385 0.0002723478469970381935 0.03115596474371161093 9.126417677061192759e-05 -0.0002722982337125162732 0.9999999587622601105 -0.005221559174792403391
0.9999999868417941418 0.000150767662999003627 5.987923930172015695e-05 -0.006037614767900790005 -0.0001507495536670659328 0.999999942938487818 -0.0003023203485921406868 0.02524181158746046164 -5.992481601735797145e-05 0.0003023113178455479359 0.9999999525084406482 0.001875845488076634347
0.9999999718709307039 0.0001892652073903673964 -0.0001429574028552356955 0.003003353806187905768 -0.000189294106749866739 0.9999999616480875764 -0.0002021671696324313155 0.01961679757402734828 0.0001429191341612556234 0.000202194224939535337 0.9999999693458078154 0.007247011419871382705
0.999999764492784271 0.0006698199589190397592 -0.0001495178872349869751 0.01874915648162988821 -0.0006698502891370926781 0.9999997550669486035 -0.0002028956206107210996 0.0395951564288070379 0.000149381947076853138 0.000202995727427333298 0.9999999682388837074 0.009642866843792691905
0.9999994583311909713 0.001010921200988744873 0.0002477410946146650053 0.003854918729561409262 -0.001010952979878988354 0.9999994807714653877 0.0001281829634609680298 0.02346574884851049952 -0.0002476113831050433603 -0.0001284333486261092722 0.9999999610967381658 -0.001188680577831418899
0.9999999266464772996 0.0003253363306922254648 -0.0002021467585862673686 -0.01337110292682515238 -0.0003253010662963953564 0.9999999318718313379 0.0001744578716240256008 0.004149510407630704716 0.0002022035022981647336 -0.0001743921002708429728 0.9999999643505689262 -0.001760990643633726649
0.9999999786543553038 0.0001489343974465880723 -0.0001432125492149042515 0.0005537417033024508465 -0.0001489040169042982697 0.999999966415648589 0.0002121233025831041499 0.002484052725074941542 0.0001432441368614230186 -0.0002121019731313701032 0.999999967246934629 -0.0008837380535328208777
0.9999999227601960028 -5.116919850941009949e-05 -0.0003896938737765052356 0.01046762935105620233 5.125229434656624846e-05 0.9999999759538044097 0.0002132266235004123866 0.004097371262481307348 0.0003896829537704300664 -0.0002132465797359438459 0.9999999013365410416 -0.004678357194194072456
0.9999999431198437483 0.0002231540613588008104 -0.000252908232434907081 0.003196632134661927475 -0.0002231436728397908828 0.9999999742586926921 4.110371209491014033e-05 -0.008959117629179389961 0.000252917398385015858 -4.104727488500841385e-05 0.9999999671739548956 -0.005573353822652413712
0.9999998526694342527 0.0004667875702961794501 -0.0002770748525279600485 -0.01077637253266441018 -0.0004667795615658595801 0.9999998906388264386 2.89685357837671531e-05 0.0072865115911900551 0.0002770883443791625979 -2.883919863763216015e-05 0.9999999611951743139 0.005347335687701516328
0.9999999122196384649 0.0004187273318000433639 -1.510420035327777774e-05 -0.01798072893122339838 -0.0004187307848838596447 0.9999998860330625572 -0.000229343392274442275 0.02043227789766888236 1.50081662851404382e-05 0.0002293496967362683187 0.9999999735867354245 0.00709507827235787876
0.9999998037839235021 0.0006244689552958842659 4.970551850159762034e-05 -0.02481459707617575394 -0.0006244673131206490615 0.9999998044742244296 -3.304675284519873347e-05 0.02958027959873483007 -4.972614545410721209e-05 3.301570688931687884e-05 0.9999999982186368319 0.003436326422429197489
0.9999999509422760058 7.889880666283459497e-05 -0.0003031343331132560969 -0.01826346966947784214 -7.892774732890680514e-05 0.9999999923288378501 -9.546064604517547016e-05 0.009362268999488883997 0.0003031267990568008402 9.548456707216449011e-05 0.9999999494984193049 -0.01612796581475913274
0.9999998449571720904 0.0002823137246677784404 -0.000479983950515171958 0.0006702041196090028057 -0.0002822338418677509736 0.9999999463129584099 0.0001664876538198382157 -0.00829873324694385163 0.000480030926495902564 -0.0001663521602927678378 0.9999998709486258575 -0.005203631823639476295
0.9999996965369243318 0.0003627029635741905555 -0.0006894727111518564799 0.01125000210848064661 -0.0003626981098063675061 0.9999999341993708324 7.164848068729075858e-06 0.00253200961760949696 0.0006894752644957468594 -6.914775445321371953e-06 0.9999997622879944759 -0.01268650255046345661
0.9999995961236678443 -1.154630932386854752e-05 -0.0008986763509662047201 0.03803889838865037037 1.181089971558326921e-05 0.9999999565893925579 0.0002944175870457178064 0.02096479766758977889 0.0008986729125175878501 -0.0002944280823136813776 0.9999995528494503017 -0.02219477043679041195
0.9999983989264178419 0.0003264667748530671542 -0.001759421508842998498 0.007407523359404587747 -0.000326861511311056876 0.9999999214764301314 -0.0002240729478490343328 0.03068178850640163047 0.001759348218314324506 0.0002246476762651707538 0.9999984271123971702 -0.01615801204516786882
0.9999970941270969194 -0.0008210193980680127778 -0.002266641680996289536 -0.01264822048804801341 0.000819802137913395448 0.9999995192888847528 -0.0005379093363163621726 0.01998732004707966248 0.00226708222539595463 0.0005360495755242428769 0.9999972864908364123 0.004285476735522188163
0.9999952308973937276 0.0005577334752352808506 -0.003037616802498835974 0.003338034164382571497 -0.0005635325258168576634 0.999998019917051173 -0.001908557850667526833 0.036269924242312096 0.003036546321162868212 0.001910260544428469534 0.9999935651248421653 0.0008558171392333985012
0.9999925266779171595 0.0009228680313254902443 -0.003754317902355721031 0.03161182580660967106 -0.0009361410174372849407 0.9999933130755519484 -0.003535172439435665427 0.03779102573721005581 0.003751030299885983483 0.003538660590934293148 0.9999867037380605339 0.02615611588999270168
0.9999869417611637612 0.002956828577610311898 -0.004168149699501111881 0.08180168524442582578 -0.002970694813724324319 0.9999900614325798465 -0.003324456104214536245 0.0609746118970462686 0.004158278427250348443 0.003336794993367867695 0.9999857871588444524 0.01437977944909500823
0.9999762060367259897 0.005537514479770633269 -0.004113793113619677172 0.141099603748561786 -0.005549168143138324266 0.9999806076820536571 -0.002826834404384218243 0.1390173122520058369 0.00409805970118943836 0.002849595272483811462 0.9999875427791430349 0.00516854637271111847
0.999945530933164628 0.00912543112411661958 -0.005065735246786424659 0.1854706406545691688 -0.009135247947378669423 0.9999564330380779076 -0.00191814251396598464 0.1946460875875025143 0.00504801067069438926 0.001964314782048347512 0.9999853294202398768 -0.0002411577143420308759
0.9998787543554370494 0.01471131977515603012 -0.005104278508520195858 0.2692353396805119425 -0.01471635280489102041 0.9998912574258548291 -0.0009498860273543997161 0.2712282957803580086 0.005089749379037659949 0.001024887221156566951 0.9999865219378921699 0.001155917066137693424
0.9997555172929122325 0.02144608332932392697 -0.005382485690936019557 0.3491207871625089387 -0.02144193713400639398 0.9997697533217521082 0.0008268463607347542469 0.3441993402484014863 0.005398979007437833266 -0.0007112332912883817873 0.9999851724765135286 0.0110768923477065958
0.9995397356583672899 0.02966943714333603391 -0.006327822658612342922 0.4706063766142553062 -0.02966217880903359791 0.9995592142882459008 0.001237852885168548274 0.4230442333281251299 0.006361759843167120142 -0.00104958613845369678 0.9999792129742677282 0.007846664611106881834
0.9992555370832247874 0.03819516566186577367 -0.005431475727509114428 0.528258703756480763 -0.03818450857858953634 0.9992685978362105814 0.002052482171730474897 0.4745496287673631741 0.005505898030976716373 -0.001843555943354805923 0.9999831430520997877 0.006620655837681645867
0.9987743840074996271 0.04931353379816356269 -0.004231457760269655491 0.6409367661208099642 -0.04930198139411982178 0.998780014399112348 0.002792394585768422175 0.5722780975928127845 0.004363998287514467972 -0.002580352930539906147 0.9999871485662705783 0.007228003966243398866
0.9980392892234842828 0.06246470299458383585 -0.0039671206284408898 0.7707309511442894667 -0.06245055413316954324 0.9980415821238102225 0.003595641842809328952 0.7085817593395163927 0.004183952048271135683 -0.003340842947540377441 0.9999856665541050349 0.01504103756146148337
0.997253508378944109 0.07394819693594180399 -0.004135721921297374516 0.9071582569200342672 -0.07393244649804130153 0.997255858886459734 0.003839957218994853681 0.8328829197734870515 0.004408330829394798735 -0.003523646768990573545 0.999984075139572437 0.007566825484667217064
0.9961933527414100764 0.08707816276453878013 -0.004024614687283196643 1.032457344213164374 -0.08706021261188993943 0.9961931614307495408 0.00443897494711651807 0.9540283610000696024 0.004395831411817991384 -0.004071693524947322951 0.9999820488278966524 -0.02341589120075876149
0.994936500457414108 0.1004673136449971416 -0.002771091213168104528 1.156502315679603043 -0.1004553591718336109 0.9949328678283527738 0.004160448113757844041 1.100258515907901469 0.003175038773279940333 -0.003861010723520162408 0.9999875057844378468 -0.01528437471270977822
0.9934873250686618862 0.1139091006774435449 -0.002766172585171584701 1.325108387243484787 -0.1139005572816573636 0.9934874066958474526 0.00307177272721850152 1.19453978711086628 0.003098060496958223841 -0.002736698670994890809 0.9999914562142725449 -0.01773223986247741621
0.9918873893861276381 0.1270997970648984621 -0.002246856211261707113 1.512946253228415472 -0.1270948853615056495 0.9918881043577475465 0.002208743656438320793 1.322483433580490919 0.002509360818654498334 -0.001905261046613681772 0.9999950365319950629 -0.01032763885461356924
0.9902451196531606437 0.139286509893347038 -0.003724401271085763226 1.726883992501863307 -0.139275747668094585 0.9902490655506025474 0.003009034338736609349 1.439141494053918668 0.004107202769620010852 -0.002460962797156232215 0.9999885372080623558 -0.02765557615005382122
0.9884643039804218434 0.1513839132469012028 -0.004607663893450454802 1.938438111741977998 -0.1513648613862253467 0.9884688781774149113 0.004237406307134919045 1.60792765383593661 0.005196007508568733883 -0.003491086469517926723 0.9999804067186682799 -0.01128340367032188742
0.9866143852819033722 0.1629761578123465893 -0.005552183312623619298 2.141281699346739398 -0.1629551514710006199 0.9866251678216987342 0.004049299923195503678 1.76732094839197873 0.006137863135906347287 -0.003090340681842245439 0.9999763879365327623 -0.009171008393343589929
0.984781216737814491 0.173705514562252944 -0.005687650749860285668 2.33893130905707114 -0.1736858346704729383 0.9847938113217789002 0.003792099305874026792 1.926080409467058052 0.006259871820620095499 -0.002746523800625618166 0.9999766350329402087 -0.02160709078884929385
0.9828560964306293224 0.1842723322461791158 -0.006131988070703156546 2.558108903311239857 -0.1842355899407628617 0.9828631721848752889 0.006101816275764347479 2.097816873000241333 0.00715130116304391137 -0.004867476886218908075 0.9999625825801871093 -0.03668561528970330776
0.9810069473429952058 0.1938527767976607752 -0.006816904914557097954 2.838962229328253262 -0.1938035230589137958 0.9810134121044953304 0.007271844404880644167 2.251846126394114744 0.008097142380548205676 -0.005812589692386413778 0.999950323809306596 -0.05026232126843561271
0.9791889932152364473 0.2028342735222858628 -0.006868264032346265216 3.15728823855526608 -0.2027838385445429881 0.9791956611295646873 0.007387289772001768944 2.464223139467974555 0.008223769894168302466 -0.005840779889819027425 0.999949126155429191 -0.0389270547332244421
0.9776668112406952105 0.2100465087923748808 -0.006933277910610356927 3.453544198639899587 -0.2100012378487196851 0.977678006044840231 0.00672284152654230565 2.611716622825845047 0.008190622714814877262 -0.00511670209415378708 0.9999533654422206874 -0.04456628153057443781
0.9760185898882998146 0.2176051078915562376 -0.005977391735433210292 3.764310810897215198 -0.2175743125731410543 0.9760288165805882654 0.005400714084402885758 2.808501967490035334 0.007009329552801403518 -0.003970670447231527782 0.9999675510112414623 -0.02911184486149533124
0.9746441722535560404 0.2236634997562319815 -0.0065860738664771162 4.037002887466803358 -0.2236069442113906292 0.9746436260000803653 0.008350856115367014804 2.963266169903837177 0.008286856619051345338 -0.006666421394536984311 0.9999434418171688765 -0.04990167864027787725
0.9735872645483809595 0.2281448422466425818 -0.008818688420360779046 4.312390093668549085 -0.2280338843084938893 0.9735788494459767239 0.01203210366596530086 3.183017438023087564 0.01133075091868430972 -0.009703343119908497752 0.9998887234167190829 -0.07882382942246869695
0.9722566278226968395 0.2336864680526393179 -0.01037710479472313263 4.653117771681957393 -0.2335002985396546493 0.9722161832867560749 0.01653189454433066918 3.408629951373089995 0.01395206926337575447 -0.01365018697364623994 0.9998094879320031936 -0.05179067900484161241
0.9713470181026571115 0.2373666505455574449 -0.01191820589935840835 4.96474163481815367 -0.237114374356171248 0.9712882217731253487 0.01938978386887109384 3.624477494541184619 0.01617850106647001837 -0.01600823080740853763 0.9997409627746873806 -0.06299459971158072324
0.9707740582997725909 0.2397509535053138907 -0.01082626553722800325 5.296344816077573903 -0.2395223706418879994 0.9707053870815574026 0.01897591770992703916 3.828668200261836851 0.0150586086435560082 -0.01582819585855298194 0.9997613247778609491 -0.06378826557553772536
0.9700899449420580245 0.2424949310832102689 -0.01103209505324036742 5.650444708333295374 -0.2422897449566634442 0.9700515026311101741 0.01719772461577724967 4.049885274403361102 0.01487206142905599625 -0.01401037622886074779 0.9997912437838091249 -0.08729557203482117556
0.9700153170057301821 0.2427015335493949433 -0.01289381196716725235 6.017569534937850406 -0.2425056375122043861 0.9700329522218158473 0.0150694186559268261 4.312266405961297622 0.0161647935053955312 -0.0114907448235605416 0.9998033117740346976 -0.1050379388743041126
0.9702776708009239748 0.2414263683642381697 -0.01656955652964568065 6.417241563332213516 -0.241183398739051813 0.9703575040418955799 0.01539098834585211385 4.561899188154824536 0.01979418393906346232 -0.01093723036411876556 0.9997442509332817862 -0.1348988032558136874
0.9704543505552226668 0.2404354768462298453 -0.02022708486577169673 6.736248252069699127 -0.240172995698839209 0.9706207368496955201 0.01457111301169097123 4.750329699664245453 0.02313624052188286914 -0.009282600448160279946 0.9996892255613408773 -0.0987740350717794674
0.9708141812783595004 0.238694193888996764 -0.02334324811397603394 7.134403664654394461 -0.2384211062239516288 0.971062448025696523 0.01389597572279849431 5.021834636164304477 0.02598464038188324707 -0.007924887256198239957 0.9996309292064750052 -0.08635750686988920288
0.9712712772664453542 0.2363775686301876622 -0.02752727748413770492 7.542060651448396769 -0.2361054868349558855 0.9716432040621745259 0.01279386908718182884 5.242993492840528624 0.02977087576199707528 -0.005926976317853522615 0.9995391767750233525 -0.08345388793001401462
0.9720249800205345014 0.2332571556058478657 -0.0275415608626086196 7.976243039829727266 -0.2330838812093111723 0.9724113227597577236 0.009387421851709867524 5.51432576068271274 0.02897140894887964557 -0.002705314637433329974 0.9995765797257503138 -0.09068316915742491435
0.9726014345961038199 0.2309758701386844248 -0.02639312098404472673 8.402469423424962613 -0.2308861553982055059 0.9729594641272268918 0.006439286505126153373 5.79418241531494882 0.02716675665287502511 -0.0001690530596952401069 0.9996309012600733679 -0.08761831656391026735
0.9731886180180442381 0.2285423846344822318 -0.02592859783547022887 8.826126901286835746 -0.2284438754983616204 0.9735337561828142361 0.006739534098878915622 6.036801942753005967 0.02678263443760211387 -0.0006356085000002062403 0.9996410788350068577 -0.08621757658401420221
0.9739723787159583202 0.2252920844043588278 -0.02492553315612485582 9.20981060341072677 -0.2252091054409941784 0.9742912055833913287 0.006124177441005263303 6.284855585960501756 0.02566445644943591078 -0.0003513226451637819852 0.9996705518557371661 -0.07082177088862486036
0.9750114342651124977 0.2204652676190179406 -0.02734536205580523349 9.603361966698482632 -0.2203615808268256926 0.9753946464755827161 0.006786554521647530057 6.568967903811205211 0.02816871931399504009 -0.0005911010469708007477 0.9996030081246062293 -0.08596366251657359958
0.9760612362794957031 0.2153664984813127847 -0.03036007846566324969 9.996786677013133726 -0.2152966135717352958 0.9765326962776673669 0.005591179232679364432 6.83726272473796115 0.03085176197699926806 0.001079088767320187606 0.9995233885959581288 -0.08055629987237217238
0.977076640708792854 0.2103299937215345472 -0.03290185287061887787 10.39724325948573025 -0.2103017785526634653 0.9776268183708916037 0.00435499019450456392 7.12094145488955732 0.03308171880067781179 0.002664158986802955559 0.9994490993232651999 -0.08134885751805641385
0.9781561311159736594 0.2051147494433385177 -0.0337420023268737504 10.8245221329279957 -0.2051793794644594937 0.9787231210005152837 0.001573105714854575697 7.392490688755440686 0.03334674501071480113 0.005384420099437714144 0.9994293384814071368 -0.05641925862634852851
0.9795694399751035952 0.1983071644885527063 -0.03343621957356859159 11.25541623549721315 -0.1984144394886678264 0.9801182059755708664 0.0001118821978682844306 7.689614215385178753 0.03279363458446731688 0.006524632383400621842 0.9994408470254765309 -0.04552910174934003684
0.9810927677545706604 0.1906153866734103253 -0.03350754277804224301 11.71879621663537385 -0.1906398450538860923 0.9816568823301743407 0.002492960415342233924 7.990981828548981092 0.03336810659156986408 0.003942047329551748476 0.9994353554509392001 -0.02169638646175491362
0.9825818474203271702 0.1828659291403508524 -0.03306002237889806017 12.17294928259844689 -0.1827571436337572797 0.9831378475930819816 0.006308651272039248956 8.320788441306348204 0.03365619661945287028 -0.0001568109631754374764 0.9994334574344779787 -0.00923984955067592463
0.9842518876038734987 0.1742211520460040519 -0.02992009237911970668 12.6326643139700483 -0.1738574104612919113 0.9846658932045889712 0.01437635514665916436 8.665601132729502609 0.03196595964312318183 -0.008948124908166545446 0.9994489023880720469 -0.02160690502081185141
0.9857744312003530185 0.1658135708447906476 -0.02747053904312902334 13.06484179325624417 -0.1654594887436086348 0.9861068386871919556 0.01471258913502563985 8.960577456685030029 0.02952843335370390968 -0.009958032840476929715 0.9995143366683760799 -0.01278667577811457012
0.9871132410013729874 0.157003365176440951 -0.03094176405828526905 13.5389572758927148 -0.1567081213699473008 0.9875749234243098584 0.01176160363940161914 9.305372704158354935 0.03240392162173166835 -0.006761208970417249484 0.9994519857986130518 0.0004171015206262114298
0.9883137360272701288 0.1478614523765095223 -0.03705334102248447614 13.94894729687184842 -0.1476433859917629932 0.9890035395767444726 0.008569088490505400932 9.633923170464015584 0.03791292329413029766 -0.002998267129532565869 0.9992765486298141875 -0.01089255697092417555
0.9891540934391543916 0.1400348735521716181 -0.04432170598918898363 14.38948011321892473 -0.1398024330550818317 0.9901444907074123947 0.008316684053051533188 10.01283947970926391 0.04504951880369163081 -0.002030199740475476401 0.9989826921146179872 0.004295002818624319395
0.989926669756546751 0.1316585483821098301 -0.05206933015344554494 14.82757099417481861 -0.131257762417448659 0.9912865959727625853 0.01105822996222778805 10.3567595231220082 0.05307153954689342035 -0.004112332993393590271 0.9985822451893854312 -0.004231763568863650127
0.9913593618031315557 0.1206577201782057102 -0.05146193084878918772 15.28950939258271902 -0.1200684926920894124 0.9926611263704409049 0.01440295996027297042 10.71068738296379408 0.05282208655418133003 -0.008099552726253653884 0.9985710913188390325 0.007490859576334694264
0.9926541107143951326 0.1121435193635136746 -0.04540536913822705578 15.76703959813684897 -0.1114971634798687244 0.9936271980630816403 0.01653401963386675472 11.11116763918259487 0.0469701928648037087 -0.01134999269052169857 0.9988318069866258808 0.06744859070283484859
0.9937279702214183441 0.1036923887747286249 -0.04186418170477643891 16.27046537191372622 -0.1030009405528587441 0.9945118984711230903 0.01835456467991068361 11.54723671415913877 0.04353765548173746391 -0.01392739421259765915 0.9989547038007281499 0.07209827443175512163
0.9945471986122298436 0.09506759311930146339 -0.0428721642918662646 16.75662706642429711 -0.09424798073236545504 0.995332391498880753 0.02075448291310547783 11.95954636123980741 0.04464513255034077699 -0.01660069792573982267 0.998864970337803415 0.05960459939117151995
0.995269571467314651 0.08530717134396745283 -0.04648834938518229404 17.19032754530586971 -0.08437413057326870192 0.9961982724930097399 0.02167966724717491564 12.35919362052729653 0.04816104443710501892 -0.01765469906948865034 0.9986835461744090203 0.06337578304639046589
0.996034764797665173 0.07594665250668226897 -0.04633414817916708256 17.66744218791871646 -0.07494951592583508349 0.996924497477860605 0.02289358842554158058 12.7826266456401445 0.04793033879436649214 -0.01933008798594435321 0.9986636222079549041 0.06324851649318632973
0.9967713560310982324 0.06643813904468665044 -0.04508699897092900005 18.12651627251361219 -0.0653615513690449651 0.9975497331814393576 0.02494789434543140047 13.22486422666279537 0.04663401546679597082 -0.02192039027750178684 0.9986715000897565808 0.07842757459299366796
0.9974058838687724915 0.05681790310875163563 -0.0441953471564273323 18.57614471474920848 -0.05573090305573616399 0.9981213818058293219 0.02545139734108658319 13.68420038570770636 0.04555841600126979418 -0.0229223268527922984 0.9986986520783478483 0.08567684434087485812
0.9979096540044412045 0.04877239028025487366 -0.04239783474526698237 19.0781547043979316 -0.04770582553186706459 0.9985277963859127137 0.02581460933301779268 14.13051045546507467 0.04359445670104776516 -0.0237380241604849794 0.998767254946765215 0.06819851593867437556
0.9984065017139086562 0.04012866678321459074 -0.03967552693533453467 19.59353469766588418 -0.03911941574664485471 0.9988989498662660393 0.02589515915594984424 14.5845841788781474 0.04067098040416386451 -0.0243018118310661807 0.9988770161009269399 0.08779893921459781814
0.9988638392330593252 0.03128532663847706508 -0.03594800425220735784 20.05887925449402331 -0.03041868264416793671 0.9992391983050231685 0.0244075463110893752 15.03163858895119454 0.03668425300842743236 -0.02328632448151433249 0.9990555603535548057 0.0848443392679343461
0.9991823047563541671 0.0232894137335500559 -0.03305034144646142036 20.55775701585645265 -0.02253445906335476909 0.9994806783562677488 0.02303414307537650016 15.49310862455006621 0.03356962937689577514 -0.0222705365997871059 0.9991882220998481445 0.06811991575051479231
0.999369706246851397 0.01515782528907400409 -0.03210032038139009475 21.0516786829331437 -0.01445093840892158928 0.9996504373865185977 0.02213986025348203476 15.9657881333015208 0.03242469144315077156 -0.02166202588513058136 0.9992394087601671471 0.08795409518093458279
0.9995840953920381855 0.007370249813268957978 -0.02788038121996757809 21.55596551675728634 -0.006855353052672818158 0.9998050103409082956 0.01851878591429257509 16.45285187049045206 0.02801143291236493291 -0.01831995400939097698 0.9994397124946006183 0.09197330547429782843
0.9997400241732735671 -0.001249132029931689526 -0.02276672429652987911 22.06061750621955753 0.001553514636301745865 0.9999095865189285837 0.01335684767525461072 16.95854729051960064 0.02274798141148355948 -0.01338874365715308525 0.9996515747424128406 0.08305908706519295193
