1 0 0 -0 0 1 0 0 0 0 1 -0
0.9999999910777548351 0.000130774573125320699 2.724887509708933645e-05 -0.00256140471645372467 -0.0001307700218415937699 0.999999977511550564 -0.0001669613719830805444 0.001394997768709308264 -2.727070878645641857e-05 0.0001669578071574182357 0.9999999856906994777 0.00151249538134725324
0.9999999996918059741 -1.732467537844832242e-05 1.778323856008975199e-05 -0.01425517422052976872 1.732212977943467725e-05 0.9999999896059933446 0.0001431361482970407509 -0.0007407250326625782833 -1.778571816256231325e-05 -0.0001431358402093598685 0.9999999895978997078 0.009734630593805115514
0.9999999573112853257 1.831386790799972996e-05 0.0002916196664874710757 -0.01265496262624177248 -1.823435315697821482e-05 0.9999999626603071068 -0.0002726662661948751377 0.004449232966531363638 -0.0002916246491724630032 0.0002726609370591178902 0.9999999203055355279 0.008593765724120148997
0.9999999905906172826 0.0001365421035414976091 -1.322948173832910508e-05 -0.001135100360833509988 -0.0001365384774773142646 0.9999999532216885534 0.000273703973102068141 0.004972934921101281221 1.326685323574448337e-05 -0.0002737021641933867679 0.9999999624555572231 0.0003523690622768172755
0.999999803620011174 0.0006209590576061512152 -8.467460046720834128e-05 -0.007552567486691037779 -0.0006209740387648229974 0.9999997915284662975 -0.0001770148781451318023 0.01961920262550442134 8.456466382304671475e-05 0.0001770674241115861186 0.9999999807479722502 0.006152041961407521756
0.9999998257869480156 0.0005707017709491031239 0.0001507499994778179354 -0.01181378051890747717 -0.0005707100904508549113 0.9999998356242129072 5.515015712470367517e-05 0.02684280562147109764 -0.000150718500405828173 -5.523618206266600015e-05 0.9999999871164488852 0.006701368632854285551
0.9999996302916599467 0.0004915182789363340245 0.0007055680866342751165 -0.01836674891472873938 -0.0004912397466347915133 0.9999998013757537274 -0.0003948822158663718609 -0.002705002533879386634 -0.0007057620383184928792 0.0003945354667869723051 0.9999996731208018463 0.01664388759864561876
0.9999999214471598785 0.0003853979001299490353 9.259661217785272757e-05 -0.006909047079374035748 -0.0003853707091777587861 0.9999998826770550853 -0.0002934881471203688993 0.008891979376928878243 -9.27097110297572715e-05 0.0002934524400439394737 0.9999999526452862941 0.01351700271523471539
0.9999999830414876278 2.277862618691692907e-05 0.00018275163078341591 -0.009139641196278578891 -2.271949769861972385e-05 0.9999999474024681145 -0.0003235411649155357067 0.01123860944832820279 -0.0001827589909943794807 0.0003235370074035057489 0.9999999309614756582 0.00491759302889609607
0.9999997730280096864 0.0005850226174495998417 0.0003342042281321857774 -0.01099039440355725934 -0.0005850234480453006753 0.9999998288709177618 2.387540554416657996e-06 0.004831972746484590638 -0.0003342027741748986361 -2.583057322398672015e-06 0.9999999441509151987 0.009611689245204871682
0.9999999395822734005 0.0001192944523482559257 0.0003265031134619680799 0.005712304784561689566 -0.0001192358200734565361 0.9999999767651182037 -0.0001795900392236093662 -0.008743533456651804425 -0.0003265245299710871634 0.0001795510975066901297 0.9999999305715648878 0.009570814629180574365
0.9999999418664359263 9.113647002197251769e-05 0.0003285746011291603265 0.01206432685498621052 -9.098397956317401663e-05 0.9999998881749020407 -0.0004640819957983675155 -0.009250742391070706366 -0.0003286168591811756403 0.0004640520737948298472 0.9999998383333033036 0.007603731221184822052
0.9999998402107599382 0.0005428298852957450134 0.0001578422321386640018 0.001303578578319489851 -0.0005428392772078384282 0.9999998508946967846 5.946514381541109166e-05 -0.002696016346865608149 -0.0001578099291463597523 -5.9550817276711907e-05 0.9999999857748631538 0.008359796105070231229
0.9999999610855173637 0.0002733326415397692162 5.5841121148338414e-05 0.003829626051650292153 -0.0002733298714822411874 0.999999961414929861 -4.96076619191266821e-05 0.0005344660624852277551 -5.585467838697937427e-05 4.959239694220150899e-05 0.9999999972104245405 0.004472684718373783411
0.9999999272517561266 -1.114689873435075615e-05 0.0003812771027716461893 -0.007577391892711991296 1.126735838529675463e-05 0.9999999500285571274 -0.0003159365916856858038 0.001132764575432333156 -0.0003812735620054865347 0.0003159408646876130295 0.9999998774059130069 0.004092206406937624365
0.9999998974046125921 -0.0001710821504799920462 0.000419430163503222396 -0.02066184995660928433 0.0001711814003477936396 0.9999999573573157274 -0.0002366057794158397596 -0.01599291072782992734 -0.0004193896665920214821 0.00023667755378394036 0.9999998840480147644 0.009213245576965029687
0.9999999498872741421 4.619198568011473717e-05 0.0003131960241442013557 -0.02211473450790030562 -4.611974375367547207e-05 0.9999999723336085999 -0.000230663718755077195 -0.01021782039473410376 -0.000313206670294395844 0.000230649262675505025 0.9999999243512467384 0.01180293888536139597
0.9999999326276330924 -0.0002081708145752092943 0.0003023402739620214804 -0.01893644053881048464 0.0002083353291422047871 0.9999998302172251607 -0.0005442075996382993034 -0.003234402304575190526 -0.000302226934490534057 0.0005442705511342351647 0.9999998062142048116 0.01041362059065032743
0.9999999284569750513 -0.0001880325473988638722 0.0003282221898849510002 -0.02645186430955496354 0.0001881241090413563919 0.9999999433970472307 -0.0002789537986754946335 -0.01095538593633984571 -0.0003281697189132091368 0.0002790155252253655031 0.9999999072274817769 0.008094597258512215357
0.9999999217265013174 -0.0002411359458655198474 0.0003136884549763779796 -0.02822369386414980835 0.000241148554148835735 0.9999999701174168143 -4.015644609051093863e-05 -0.01125309012978379514 -0.0003136787624399395942 4.023208846474619308e-05 0.9999999499935052771 0.01004786870916107855
0.9999999516016663259 0.0001886038805160130175 0.0002474373482472031925 -0.04467151563991086233 -0.0001885692357719565677 0.9999999724166116488 -0.0001400300657733817491 -0.004548082285858361454 -0.0002474637516358435844 0.000139983399924486937 0.9999999595831688959 0.006719697976794093697
0.9999999520477154125 0.000179028822413619974 0.0002526920015289259107 -0.04086594392957346861 -0.0001789361404810876823 0.999999916736961425 -0.000366753224874647051 0.009184581993983172502 -0.0002527576398869767313 0.0003667079915565155763 0.9999999008194072614 0.01352524155495251831
0.9999998389637112517 0.0003763409123804242144 0.0004247823785271781483 -0.01293743219677600219 -0.0003763282184158420456 0.9999999287396431624 -2.996298701634544419e-05 0.006213166195789819254 -0.0004247936245549070017 2.980312459547250178e-05 0.9999999093310710796 0.01180287285084052548
0.9999997985157552671 0.0005754938989254001006 0.0002679089796445283372 -0.01322612967682205466 -0.0005755045256198833498 0.999999833613576028 3.958991511640615863e-05 0.00977426730271631003 -0.0002678861513135085467 -3.974408996986301208e-05 0.999999963328707997 0.005087566460328304084
0.999999799256898303 0.0006334011684482564446 1.700361446961058624e-05 -0.008238677841497898946 -0.0006334003329404043047 0.999999798196703038 -4.909757022556180447e-05 0.01673228578235003844 -1.703470949657261743e-05 4.908679027449749796e-05 0.999999998650152877 0.006728775127049130972
0.9999997470999804072 0.0006513501588792362405 0.0002855572547424356728 0.01416819943574156547 -0.0006514064156647068546 0.9999997684385274477 0.0001969583032610718878 0.01552976979651549475 -0.0002854288997962569317 -0.0001971442672780899413 0.9999999398322386712 0.01141393630586529963
0.9999996585047910003 0.0007500866222471056898 0.0003469299071582675567 0.0003097132688256086725 -0.0007501537689804392605 0.9999996999220202021 0.0001934559186238404176 0.01081534504441001958 -0.0003467846943556736989 -0.0001937161033370227495 0.9999999211072204686 -0.0008289915529238709195
0.9999999590868090538 0.0002112741625801068583 0.000192846074740923428 -0.01183538369047627825 -0.000211287645066438089 0.9999999752360744232 6.989550540447878697e-05 -0.00317486705981930668 -0.0001928313028509275203 -6.993624853781637445e-05 0.9999999789625046986 0.005591263181806942727
0.9999999394437966149 -0.0001652501755033426582 0.0003062756644005635957 -0.005215489279727692634 0.000165337810357111376 0.9999999453972534535 -0.000286127416655870511 -0.01744927003103374091 -0.0003062283650712456094 0.0002861780382768054415 0.9999999121631555354 0.0123546206781349633
0.9999998381736475705 -0.0004089630532320040718 0.0003954768007527833282 -0.004019173335876896624 0.0004090267444835527649 0.999999903390985545 -0.0001609818064057451674 -0.02917955570485070149 -0.0003954109269351140706 0.0001611435409429350432 0.9999999088414749382 0.01304071855445765316
0.9999999257175725687 -0.0003563093975576387936 0.000146998172027511259 0.005382654132520803963 0.0003563174377554868453 0.999999935024352582 -5.467334083984856955e-05 -0.02722066757968907846 -0.0001469786818510835714 5.472571479056256356e-05 0.9999999877011815919 0.01215598663604197487
0.9999998789680873967 -0.0003615785173596160174 0.0003336536923118588811 0.0009432572620363894114 0.0003616156826986014535 0.999999928419265216 -0.0001113353601683409291 -0.01173043444915081168 -0.0003336134119542246042 0.0001114560011009350693 0.9999999381398236853 0.008913071817063619728
0.9999998652099747476 0.0004789344928940786664 -0.0002005038250870980513 -0.02766188798917966485 -0.0004789104841143767676 0.9999998781495635924 0.0001197731448505684633 -0.02156472016904931871 0.0002005611641460011327 -0.0001196771053224201777 0.9999999727263045868 0.001599141694245684048
0.9999988611913983583 0.00145111212559365598 -0.0004145955925782498401 -0.04185444166126559007 -0.001451050028794135215 0.9999989359705865333 0.0001500383576285330047 -0.01617078292186453076 0.0004148128739164059012 -0.0001494365878170056524 0.9999999027994882494 0.004800493681901131342
0.9999983567839203502 0.001415998918136702426 -0.001131979029342716813 -0.05832763860703881614 -0.001416054637146673453 0.9999989962217498141 -4.842269486931262765e-05 -0.04563536626922386208 0.001131909326603237247 5.002555945406097511e-05 0.99999935813915386 0.0162428315409044316
0.9999956339683032658 0.002596596995549000069 -0.001410577319305641487 -0.04149940882664266556 -0.002597460478865573717 0.999996440139034104 -0.0006106621978682134477 -0.03141475331120860415 0.001408986654218203792 0.0006143234505370266923 0.9999988186809554147 0.02223189519881016082
0.9999929178948215869 0.003610201703659211142 -0.001063298574925566854 -0.02235859349884054131 -0.003610826457470868184 0.9999933091112358508 -0.0005862295235001506325 -0.02776260746465241541 0.001061175053688595375 0.0005900647583875533392 0.999999262865271521 0.02466499597480842701
0.9999885741051367516 0.004777762087119705181 -0.0001569987719201779142 0.0157400274906715279 -0.004777738717000060142 0.9999885754562782836 0.0001488948465519945212 -0.02063012123502084433 0.0001577083624336674168 -0.000148143046184007703 0.9999999765908548222 0.01327519468882009529
0.999978461450087841 0.006543523713892138854 -0.0005088549115508351301 0.0398956713043460004 -0.006543127656420398217 0.9999782923087221498 0.0007761390363646048125 -0.0003223100634088966457 0.0005139225496752347893 -0.0007727928168103604615 0.9999995693373449068 -0.004243698158815354705
0.9999522955267288182 0.009707348921683921217 -0.001083534834751346317 0.02921862311923001734 -0.009706278086042926731 0.9999524036901187296 0.0009892017337451832013 0.03701085478555139058 0.001093085788874993258 -0.0009786374539754942158 0.9999989237155166855 -0.008489322698684206511
0.9999269461425130956 0.01207948172494606801 -0.0004341651349871901823 0.03448275711112741559 -0.01207911966493536993 0.999926702710058124 0.00082708857526326261 0.03151551957870497161 0.0004441241131892104512 -0.0008217838206325044168 0.999999563712466899 0.000824489973624644313
0.9998921306957598842 0.01468633286142366316 -0.0001964682591773363749 0.05503720503199896474 -0.01468607597533670185 0.9998913716388206918 0.001250637711130947937 0.03757419201734810144 0.0002148141988670334028 -0.001247617457930171774 0.9999991986524482401 -0.003757665878077756649
0.999840745020632693 0.01784550882295872151 -0.0001497044949592620411 0.07960057224806296738 -0.01784539771798901442 0.9998405037815828456 0.0007132868129345145596 0.09774933923954319537 0.0001624095837719584498 -0.0007105016822051192114 0.9999997344052080628 0.001582114674775702027
0.9997766988385872189 0.02113171320174046797 -5.618341614329668221e-05 0.1282946399550147776 -0.02113166683719194111 0.9997764373042086206 0.000726682864619681494 0.1455217692025427556 7.152690951109078228e-05 -0.0007253333462603172828 0.9999997343876837474 -0.002792679924121185125
0.9996936934173857869 0.02474901583642327013 -7.454283583392233039e-05 0.1710722598171742492 -0.02474896939603843729 0.9996935347675539596 0.0005701383930722637387 0.1474277438637084381 8.863035516550994101e-05 -0.0005681188975667168578 0.9999998346927755355 -0.002127928818097238241
0.9995767024735704442 0.02909244360360087669 -0.0002135350896281582695 0.1984116344239685026 -0.02909247244602096785 0.9995767155634436296 -0.0001332305375151630726 0.1770745067983130749 0.0002095687016491229546 0.0001393864050694534537 0.9999999683261941996 0.01421621360319201902
0.9993293507110811991 0.03660666056828610487 -0.0008951030148503888884 0.2118222613285936917 -0.03660796417364822058 0.9993285987690779804 -0.001486149821549106499 0.1910808511556421618 0.0008400990595133530888 0.001517921035327423262 0.9999984950735179012 0.01355587945151630336
0.998995180595677712 0.04479170388248848028 -0.001527222941376509035 0.2225146696348799524 -0.04479555279869983087 0.9989928264723860751 -0.002586717257847830857 0.23018879155260491 0.001409821289417947194 0.002652530870059467347 0.999995488231779639 0.0223269405270732392
0.9984535076885858729 0.05552711177388693076 -0.002707922157155990672 0.3053714135060711099 -0.05553274737794547389 0.9984547570954889206 -0.002052316263505849728 0.2833278003264230738 0.002589778565097623254 0.002199520729256230871 0.9999942275611121145 0.02898578688564862685
0.9976932087396640503 0.06777247222194983378 -0.003892716747730438388 0.3838168715267535336 -0.06777668244211720872 0.9977000551074509671 -0.0009598727674734892348 0.3422233339926468165 0.00381871076325815146 0.001221493968210487623 0.9999919626679967255 0.02098883647794890644
0.9967531924993596748 0.08044346142302921665 -0.003452934493446504095 0.4927389045586905714 -0.08044707907435760808 0.996758455165309587 -0.0009216967340793257068 0.4197973772304097739 0.003367597175803105965 0.001196482656442668683 0.999993613838865647 0.006592729060905379995
0.9953979040073953621 0.09577411178583661311 -0.00321437541651246406 0.5989079443070247644 -0.09578047269102364647 0.9954006939798962783 -0.001886657209179568116 0.4212310157406587985 0.003018898601854908686 0.002185849028397750422 0.9999930541335058098 -0.01248946556140629466
0.9935582684483021954 0.1133148642952048063 -0.00130718314359586237 0.7046814216081651594 -0.1133190406051426541 0.9935515497474856073 -0.003756731385099165797 0.4911172358095745039 0.000873060331027412451 0.003880660269732015989 0.9999920890894733461 -0.008511468912937854986
0.9911709524103644586 0.1325864807685569746 -0.0009839793392346677606 0.8260290476188189013 -0.1325898542151952297 0.9911567720921393709 -0.005308831800325826411 0.6072611884499118373 0.0002713984602837853761 0.005392425548855267828 0.9999854239385571608 -0.01342377213169831419
0.9882007820415245058 0.1531615893733682399 -0.000861343800800848684 0.967156719755356109 -0.1531639920241947839 0.9881878559584437172 -0.005054986000631873921 0.6939686156338427114 7.693979363958378288e-05 0.005127267974069326523 0.9999868525152669774 -0.008593957514139776918
0.9846613519086979682 0.1744597448871470224 -0.002412358026244409287 1.085171062825226684 -0.1744651177776999629 0.984660827569136532 -0.002230992979934007855 0.7728841718720120824 0.001986135984390565573 0.002617644890891346072 0.9999946015849668912 -0.01511800335382697952
0.9805369581911141941 0.1963251558685478459 -0.001925303744219965122 1.262171970373952679 -0.1963293209208822887 0.9805353519929826955 -0.002285003007162366914 0.8893804407377260413 0.001439224812990877759 0.0026185234747696743 0.9999955359734110649 0.002095725843262665963
0.9757635526387345992 0.2188226261111377025 -0.001465484104510067238 1.477689651091912637 -0.2188240294861345248 0.9757639454092357223 -0.0008757618701713527996 1.031558172291701991 0.001238330039472367158 0.001175219650600714061 0.9999985426976811809 -0.01242491693840544822
0.9705068220015303782 0.2410715435055205136 -0.001009633773018281562 1.695206054300991916 -0.2410733580358485062 0.9705037079058964622 -0.002487767317490394321 1.130180744803495951 0.0003801234132312639375 0.002657790957224796108 0.9999963958202141567 -0.03023731210933272226
0.9650031109451537858 0.2622347557355558245 -0.001388794617166003251 1.86680436240099823 -0.2622382923491121676 0.9649945494276156444 -0.004074015318399148468 1.265197080860970491 0.0002718308239562920075 0.00429563258512264106 0.9999907367814447889 -0.005802627752655891043
0.9597373789640114561 0.2808808177560549457 -0.003182708905842236095 2.119505153876207082 -0.2808931004293962475 0.9597286202701951208 -0.004476780699200092438 1.369240614493686392 0.001797095003219784971 0.005190534746773248394 0.9999849142855066209 -0.03968978455792079169
0.9541974681253866386 0.2991598498259778194 -0.003252087821721448991 2.374658321151946527 -0.2991715105562271493 0.9541908385618753652 -0.004031237538316239689 1.481127346223924057 0.001897127989109720966 0.004819528678559287758 0.9999865864343928656 -0.04272734301464830436
0.9490573219263918059 0.3150932878451295771 -0.002533703386631392697 2.659208620931808209 -0.315100933557156071 0.9490512795165588766 -0.003615317329262514225 1.650265153730755996 0.001265452217117163467 0.00422951568490843692 0.9999902548663948121 -0.04047538462272976673
0.9447408151625641404 0.3278172462614638016 -0.0008032555785547530487 2.924772217445268829 -0.3278176369671336743 0.9447316066551449953 -0.004217615448669127971 1.769682432419082074 -0.0006237461488897829906 0.004247874802660383045 0.9999907832077267189 -0.02758867307409107808
0.9409290902781572985 0.3386033687975747442 -0.0004535496145226190746 3.213112287391824751 -0.3386018885443221049 0.9409189405713195287 -0.004506478488145234697 1.896773405062172735 -0.001099155374706624333 0.004393849460234489426 0.999989742919587643 -0.03882558464527886138
0.9380501834407297679 0.3464993824730497329 0.0001768971693859428776 3.499433163539503511 -0.3464942105361740188 0.9380387389070212745 -0.005008630016157233564 2.007815694431020592 -0.001901423605321474111 0.004637052460390572034 0.9999874410875132513 -0.03850150302407681635
0.9366198740169907611 0.3503460470618315337 0.0009267710318429357936 3.799564330143083701 -0.3503345481863689437 0.936605124351909013 -0.006045277892532126274 2.145219802509515716 -0.002985957710563908515 0.005337447507388229026 0.9999812976804399733 -0.0402936002825373743
0.9363288529668161164 0.3511217644824307649 0.001336266661653475515 4.126549288889582279 -0.3511132382750357106 0.9363227736222939912 -0.004376928634609978698 2.343096896899320658 -0.002788011812136316925 0.003629063653189850813 0.9999895283887408892 -0.04529550342727545198
0.9372758679580668328 0.3485885070785799678 -8.728071807669172366e-06 4.471890854890637534 -0.3485884940928110631 0.9372758393177170744 0.0002506339467633055007 2.486943016590573485 9.554872415459135418e-05 -0.0002318706445845637721 0.9999999685532222626 -0.05091758289836684215
0.9392290188189927891 0.3432880140573420502 -0.001479734056646299324 4.847397872272413366 -0.3432835270098246738 0.9392281172717447113 0.00263890315641758218 2.669420174310864979 0.002295711655943027518 -0.001970566096358331888 0.9999954232781531616 -0.04982998591654543702
0.9424020737138373294 0.3344796905055864578 -0.001291549126461372099 5.157530788224453211 -0.33447552722384849 0.942400653806913291 0.00267009225136624704 2.808172386369154783 0.002110248371059292565 -0.002084308899686131145 0.9999956012444370934 -0.03061334230769423639
0.945531113658512723 0.3255235465895063296 -0.002309484678924556434 5.479298552558433677 -0.3255110714172043673 0.9455272316869012261 0.004560320529143408429 2.993619143473835287 0.003668172367318545297 -0.003560162116302393459 0.9999869347932448527 -0.05064761387109770197
0.9490485861153770131 0.3151185847300231324 -0.00265683084725623327 5.83126845698973284 -0.315109042636755432 0.9490491219318016869 0.003472090007999395576 3.204652212908726927 0.003615583072085877536 -0.002457990688230441995 0.9999904428747433682 -0.0803110219876941589
0.9526043709143535709 0.3041567517394508369 -0.00579507430277085081 6.214150604242515641 -0.3041466312093977775 0.9526217470198701243 0.002575622019056243196 3.413191900887737606 0.006303906633440277407 -0.0006909964663803250208 0.9999798914403430494 -0.1022291169463999672
0.9560678722531666951 0.2929594259019950298 -0.01044023086315065511 6.565920377583499778 -0.2929267395027546628 0.9561239783336491493 0.004567640498200221076 3.62338632204700728 0.01132028840567679204 -0.001308751545932926611 0.9999350670117551632 -0.1175795798599067743
0.9588893458971096129 0.2834140864182410624 -0.01441103551890510724 6.915339047733254141 -0.2833962951850599876 0.9589971940565897857 0.003304794542776293316 3.863814968930026961 0.01475676795222078015 0.0009151017983909149906 0.9998906942202746562 -0.0968924797081637118
0.9618215211024888633 0.2729867573323496721 -0.01943172316763235041 7.2950392363167893 -0.2729668110697729411 0.9620162472898885486 0.003722902722196986397 4.087439788066361324 0.01970993654209799231 0.001723447547479125532 0.9998042549069580121 -0.07740797920540912203
0.9648668494840667575 0.2619926056846086926 -0.01979488149195393273 7.724664062430821154 -0.2620197525264047478 0.9650616937416565122 0.001255610802294045321 4.306509245202489566 0.01943224260585918808 0.003975152710823659508 0.9998032737034984185 -0.07735341735955639231
0.967992658097804215 0.2502670683342507751 -0.01888407731733665607 8.150931015886721198 -0.2503225793767432372 0.9681623054185396482 -0.0005971773878777265248 4.532674227384709376 0.01813339799711494171 0.005305174270273219778 0.9998215015706755082 -0.08865358501885364784
0.9706724353619133883 0.2398407456476476518 -0.01647543491846225477 8.570704157519672961 -0.2399064707931037599 0.9707937201855687537 -0.002106684566137141668 4.806170390987092311 0.01548897995898246976 0.005997464084421443888 0.9998620514472915666 -0.07165161289860041971
0.9733682876208255008 0.2286951185180835233 -0.01589715132033335879 8.977847481176056021 -0.2287534321697628492 0.9734824864814427547 -0.001927637014898864534 5.078334632927782977 0.01503475721970772699 0.005512828666594966724 0.9998717741767877421 -0.0582602158256217903
0.9758079512569151071 0.2178243929575302829 -0.01874502858001082101 9.337029366272378894 -0.2178474845456674081 0.9759824748814457385 0.0008259548494517531328 5.320429060253608178 0.01847473249893454711 0.003277584014417777789 0.9998239553552021874 -0.05038825483600655603
0.9783038882991371699 0.2060989050762727648 -0.02108894177409077753 9.753030341922785951 -0.2061226201410066572 0.9785255888373040056 0.001066516204157318647 5.62416970376978842 0.02085587698937072312 0.003303530985015568511 0.9997770346822512089 -0.04186484463422210367
0.9805745972084494166 0.1945862038877213263 -0.02469146747468127859 10.16249225869867878 -0.1946676692835105082 0.9808688284250505207 -0.0009164932048670924696 5.900209748704344115 0.02404075384036188576 0.005705320379692648686 0.9996946991327663179 -0.05869071084260411852
0.9826957713206263545 0.1833887262151580877 -0.02603067662856963296 10.58388442379184191 -0.1835628079543291102 0.9829979426174592083 -0.004443010889528768194 6.222605087618624076 0.02477330346323357302 0.009144392107962780528 0.9996512709582748846 -0.05612331193980266836
0.9845775320562105692 0.1729047386884231818 -0.02666523409216355056 10.9509145494558684 -0.1731506478422287221 0.9848691125977514504 -0.007189172604281211625 6.527857869065071483 0.0250187234270312156 0.01169540037817210637 0.9996185677987758922 -0.05796711800755272731
0.9864680848965785565 0.1618070010439402739 -0.02644261510598095236 11.39497540856471858 -0.1620696186926512128 0.9867461148221506884 -0.008095898974764840703 6.841350120170407223 0.02478217458770281059 0.01227189050461531365 0.9996175491287392356 -0.04521635998606308993
0.9881364183921568234 0.151434732635111563 -0.02557225838389502737 11.82191759599494141 -0.1516215769598428798 0.9884231933972797979 -0.00552160796633384323 7.133293990384620642 0.02444005006809221378 0.009333408062209464645 0.9996577271479540894 -0.03807177659069463371
0.9894941452562474593 0.1429415252240338052 -0.02165772079964053617 12.23586221577345334 -0.1430764962943118779 0.9896999532460450943 -0.004808196431079478361 7.47341263222805896 0.02074735433138488044 0.007856393027528137465 0.9997538819013632727 -0.03398760173941766521
0.990923713297958364 0.133288936552952042 -0.0174428729390726546 12.67901067692544004 -0.1332186033098398392 0.9910733542789413875 0.005139082648031712171 7.817502265820250429 0.01797214945300199332 -0.002768723689878415956 0.9998346543369899253 0.006931607421006721025
0.9918107594630788393 0.1259037074406878509 -0.0214400062024343134 13.14427924629066702 -0.1257636322176252375 0.9920298345807342377 0.00776634490290496575 8.186663438939318027 0.02224693742294965929 -0.005006371381615814381 0.9997399712029566565 0.01715670759375713395
0.9924805537219015816 0.1186645976055226148 -0.03001772408073317619 13.57956558249955314 -0.1185619399907682919 0.9929331296416166186 0.005183285225609323039 8.500760110041101214 0.03042066517177249504 -0.001585350189691950426 0.9995359272158670372 0.003496998949446566366
0.9930446015929046411 0.1123656722278311842 -0.03516212382631157124 14.02781028284616305 -0.1124793018541315609 0.9936532638915637206 -0.001264045904894630246 8.873042578690460758 0.03479692373754349199 0.005210265101713263194 0.9993808219272438675 -0.01149091163574407319
0.9933199269427520628 0.1078739847317294193 -0.04097226081807572862 14.47737590557379761 -0.1082682043913367476 0.9940932685867330809 -0.007521254444650469009 9.287080359155863718 0.03991890099090336652 0.01190700502410461416 0.9991319755542980019 -0.0166397873248258811
0.9937123911372959251 0.1035302303670720125 -0.04262833682351363507 14.94091837405904144 -0.1038563340200992224 0.9945770923421703991 -0.005501751730073669092 9.703768138436883461 0.04182756966527590575 0.009894381654999376621 0.9990758507878977346 0.001318612954728376908
0.9942545356346428331 0.09981898912786887901 -0.03865343166435815381 15.4171201856863096 -0.09976034625727810135 0.9950055206539394348 0.003447779402902298972 10.10567249053926631 0.03880453175298974322 0.0004281094176650589818 0.9992467288101360978 0.02656432053185278988
0.9946775360786473952 0.09745876771816824879 -0.03344230577228896745 15.90586906622288943 -0.09720662874805466314 0.9952227267453158666 0.009088206481826576616 10.50494841575360283 0.03416826814383511907 -0.005789021029031462227 0.9993993279403265984 0.04109697512571907491
0.9949240532599821218 0.09547500537442338286 -0.03179074697899011287 16.38458984711586908 -0.09518774765042954666 0.9954046598691159708 0.01043339868344190548 10.92914254485797443 0.03264078647898190078 -0.007354349706352615763 0.9994400895493587011 0.05186916553117197626
0.9950968526264227787 0.0927267690968528735 -0.03440930376869528323 16.91945310583398054 -0.09253479861118460437 0.9956838966691662351 0.007133649815667934824 11.35158711802194453 0.03492226995736279899 -0.00391461448472291227 0.9993823646905427571 0.04937056696323358779
0.9952535295094696588 0.09115099294685505282 -0.03408677872351074944 17.39789635786276989 -0.09107515562455517633 0.9958368699943315194 0.003774173797772957962 11.78764682560752952 0.03428889072143132682 -0.0006518011162321494774 0.9994117505454889194 0.03874560818868501982
0.9954439415791135337 0.08956442168462788733 -0.03270433521318982101 17.92789499908502293 -0.08949964641770577489 0.9959809059076181192 0.003442144469097066593 12.23060315345244931 0.03288118709146882479 -0.0004994354198961353363 0.9994591427865959776 0.04874682745642210796
0.9956948513360006636 0.08778669557027932169 -0.02975330408258437115 18.45791492411013834 -0.08766754273599093594 0.9961357515948165986 0.005288321592245451806 12.64060845150628687 0.03010257420243049251 -0.002657155524410917489 0.9995432829802350927 0.08319044369591886701
0.9958878576365943758 0.08623714946665038406 -0.02775840528310298885 18.97620777360645405 -0.08608945375988472093 0.9962663714230121093 0.006474806788590238733 13.09515218033025441 0.02821313458868172225 -0.004058475513232170061 0.9995936913632406107 0.07489724994956965809
0.9960534260956590558 0.08504509771789144079 -0.02539495456293659748 19.48936674301607752 -0.08488942719399615588 0.9963647356916736086 0.007148329926391034338 13.53964589810139252 0.02591056760811204229 -0.004964355367578643027 0.9996519382575166368 0.08858433739301277421
0.9962792054883553572 0.08313985693890035833 -0.02270482106669709579 20.02254771522496668 -0.08298138461589395221 0.9965202854336361327 0.007836486871908281832 13.99073317395042082 0.02327733916753864374 -0.005923251424994092906 0.9997114986704092043 0.0753478943303538401
0.9964284787312472913 0.08140986791111988474 -0.02242142234619056568 20.58709814257528592 -0.08122773615002101821 0.9966556610604169197 0.008918977304925388566 14.47661264419225802 0.02307253027465362011 -0.007065881609340751018 0.999708823440009442 0.07679050419634750324
0.9965374765810036672 0.07995659870129236124 -0.02280351055618390702 21.11225455082428226 -0.07973478004669715125 0.9967610467582752598 0.01047761977989834434 14.96175286403446236 0.02356740589183130632 -0.008623107877545246186 0.999685060101461076 0.09565930866307906233
0.9965436318404063964 0.07924959235957419745 -0.02490566098649065266 21.64777729049625776 -0.07903741846056702713 0.996827400022559762 0.009392605993694548572 15.42703635199367973 0.02557100548320116046 -0.007391662539976064095 0.9996456807306642878 0.09595574717954528932
0.9965292098049940428 0.0795923316003325082 -0.02438431372536284392 22.16341609305352733 -0.07943634706139696133 0.9968131982655481504 0.007301679885505231796 15.89389216040855324 0.02488776347877604683 -0.005339336478609643319 0.9996759928671853368 0.09166346433447120079
0.9963877874262733192 0.08153398770411632301 -0.0237399645501126591 22.72050076046989275 -0.08132801571283325426 0.9966419451142495278 0.009517725521271688457 16.37314525441604118 0.02443626256179013204 -0.007552621263516803678 0.9996728599817348293 0.1092404579784414659
0.9962629018030566552 0.08368217176221591502 -0.0213898251538452433 23.29933283512818676 -0.08348397467906368274 0.9964589599939240872 0.009998350844642499638 16.84848447320423759 0.02215076663997278192 -0.008175278404195357104 0.9997212153196887163 0.1044626127710217012
0.9963354447968759686 0.08414979849895284914 -0.0153131595040724329 23.87364781717201723 -0.08401683338511745092 0.996422510985306098 0.009129693843452177382 17.34280789877105278 0.0160266387414499771 -0.007809674405721861445 0.9998410652880425076 0.1010532422875438652
0.9962285996191521109 0.08548064849718982339 -0.01488744549488197309 24.42213443121674388 -0.08538302853424067917 0.9963230817719879173 0.00707496761050931209 17.84306241745532517 0.0154374783946162504 -0.005777149891477102728 0.9998641451717064088 0.1182006895996898371
0.9961147392785348886 0.08638709448968014126 -0.01710836338424978273 25.01718211188358154 -0.08635891755594481134 0.9962612465211756474 0.002380344226984897407 18.33480075023597777 0.01725003045278443795 -0.000893636226038664193 0.9998508078026808743 0.0938166389482275459
0.9961948969651918118 0.085908209629146845 -0.01468014914179502362 25.54480233325341132 -0.08597545739478495985 0.9962891784022006592 -0.004011698446484994116 18.83381527192411298 0.01428103589619117778 0.005258566057641030078 0.9998841930427488922 0.09134676889211973405
0.9966050057290017916 0.08208017414359829178 -0.006427096424730694389 26.10686723569540035 -0.08210155042415519244 0.9966190366264008338 -0.003135482708403077284 19.28796183060680747 0.006148005680390122504 0.003652512343767171966 0.9999744302629605119 0.1102383412434411042
0.9969229874575420425 0.0780644967796389061 0.007105731578897368089 26.65561417126234645 -0.07810478530357337079 0.996929536576470432 0.005580467194295992035 19.74004004927467548 -0.006648277326668949883 -0.006118287666140963602 0.9999591826492829627 0.1475650115602654688
0.997268207772360582 0.07320044216249267655 0.009890249426552399567 27.14893711721613201 -0.07335442977900470674 0.9971739494776589163 0.01622473774593825857 20.23360709211787523 -0.008674641105021261081 -0.01690590874052528766 0.9998194541272720226 0.1673759989333623854
0.9977394776587124037 0.0671813240295898173 0.001613822465754919007 27.73994924396965089 -0.06719818212460443307 0.9976223671826415229 0.01529760818073659136 20.74118953174958691 -0.0005822718164311760109 -0.01537147353164635029 0.9998816823809693055 0.1455320145426410305
0.998112554839110544 0.06087534012645689357 -0.008094494241873669352 28.2664130215504521 -0.06080321048489713276 0.9981102973724864658 0.008877154596831554612 21.24146945122618391 0.008619597860273659276 -0.008368228217187875448 0.9999278350407254656 0.1056957897294307225
0.9983816301170544971 0.0554259704489370314 -0.01273116037942060262 28.77627813347423924 -0.0553497716365406317 0.9984473908424154054 0.006261828786849785514 21.73722609557956886 0.01305846180052507889 -0.005547028012059873787 0.9998993484624527639 0.07844590038766885431
0.9988234362581066561 0.0482050478552775441 -0.005293065540719041166 29.27858347881934264 -0.04816071981469904201 0.9988058973132893925 0.008205154424189271475 22.21501860366019443 0.005682274938613931549 -0.007940582690529718324 0.9999523283127335072 0.1276286807270236578
0.9992528976070917945 0.03858041604751014791 0.002279938909714115686 29.78164071024103521 -0.03861313841533791508 0.9991151293126206978 0.01667284979669754821 22.72571629836395957 -0.001634675976749649842 -0.01674842906741714349 0.9998583989536842243 0.1234500643723388524
0.9995684127565006571 0.028974787496029282 0.004842510610192152405 30.27065717919751364 -0.02909798276579597665 0.9991934287503421164 0.02767307971832029187 23.18464925163677748 -0.00403678317615878933 -0.02780204366040408409 0.9996052974799071178 0.1421157098716485379
0.999694435546984006 0.02376118049995771045 0.006814824843341672246 30.78746018982311483 -0.02393227009289413884 0.9993693871787618921 0.02623117264147184144 23.69481559885944577 -0.006187243699561404721 -0.0263862515563382978 0.9996326744080586968 0.100057992835213494
0.9998635798302709654 0.01591212312051276667 0.00443013169025370003 31.27336280494066756 -0.01601044833039285548 0.9996044311949615624 0.02312242806577708559 24.13150771932087935 -0.004060452346126933523 -0.0231902020947394559 0.9997228252138439242 0.07718393204927986861
0.9999631868735692208 0.008427115696724498187 -0.001615121880621969621 31.78547564697575822 -0.008391496147555885937 0.9997459465598471651 0.02091949161812011251 24.66707541352441169 0.001791002529534510296 -0.02090516821719123203 0.9997798588948219045 0.02925786699248623945
0.99988963210433357 0.003661419380384956998 -0.01439852834081898486 32.27030716128751919 -0.003354122606102558513 0.9997673159035703749 0.02130877548133127547 25.14717956069257454 0.01447319839578169696 -0.02125812924721962732 0.9996692545382722672 0.02011397957342937401
0.9998077130784914779 -0.002864378496891397275 -0.01939928361005813923 32.75168211996044221 0.003237014116136571577 0.9998103335842152273 0.01920465042202252823 25.64581263584341642 0.0193405948297578692 -0.01926375337380292763 0.9996273551667063106 0.006058065433063923762
0.9998783425514919943 -0.005527924698178228805 -0.01458568287782576953 33.21946074502970703 0.005766949003719555426 0.9998489330288033994 0.01639675029851445434 26.11174442016352515 0.01449283946194556902 -0.01647887040105015799 0.9997591732185484581 0.01708817338511664161
0.9999428955093377924 -0.005528303873650794974 -0.0091456862335338035 33.71030738945486149 0.005712911817699545432 0.9997779402722407616 0.02028380594363544259 26.62446729438935833 0.009031520301968047268 -0.02033489614619286151 0.9997524311747177928 0.01958743489055157425
0.9999548434436457134 -0.005450892396403071542 -0.007784526040608036844 34.20047676850004592 0.005650895286228340038 0.9996484173841734266 0.02590577163068871411 27.15469798322923722 0.007640579562975036154 -0.02594859135676056555 0.9996340791262279257 0.03230010195473751594
0.9999530102260341113 -0.004730365696241880386 -0.008461736244574878663 34.69131515872157934 0.004970042821531662179 0.9995805320681515616 0.02853171191329205783 27.67743239780815045 0.008323221386282818671 -0.02857242640607843623 0.9995570721249608104 0.01803086603212256112
0.9999180624331448497 -0.003475593956427412007 -0.0123202543234893977 35.19606995974857 0.003797948104027117858 0.9996484973427196552 0.02623847081370934628 28.19080929320835693 0.01222472945077030144 -0.02628311258380189655 0.9995797887026141026 -0.008364715382543045849
0.9999112592035535041 -0.001514329692987650576 -0.01323557794525735513 35.72295502143765589 0.001826801479414702891 0.9997191422857717447 0.02362835888832845455 28.70110446392019199 0.01319607950562799725 -0.02365044086231328502 0.9996331927925860006 -0.03088324902150795317
0.9999436930733859308 0.0001220544941118409008 -0.01061111612690585938 36.2311238219186933 0.0001068818612860869609 0.9997672937805077709 0.0215718998483614699 29.24206226387259377 0.01061127980151039749 -0.02157181933682175007 0.9997109869114542136 -0.03176042488953902121
0.9999655576599356666 0.00124317961370362098 -0.008205973330559243259 36.77580301064826074 -0.001066247921136271194 0.9997676211930807133 0.02153059983603287236 29.78420065757610047 0.008230832839054041949 -0.02152110866978692444 0.9997345123943650602 -0.05510637614215486285
0.9999771833421871037 0.002944015038821721358 -0.006079931782277143461 37.3025449764478978 -0.002807007877815670665 0.9997446720924475505 0.02242122497854096008 30.33018161975750715 0.006144387829542740341 -0.02240364698471344548 0.9997301251337705752 -0.06948646314151928072
0.9999649556138985318 0.004821212225335860281 -0.006844227989489777043 37.8710604839728262 -0.004658405746103076034 0.9997104552986183501 0.0236073044317634019 30.86965335137318078 0.006956062104274018075 -0.02357459393727820082 0.9996978802221668792 -0.08760266743552093394
0.999942014351898445 0.006576129005286780564 -0.008527746547213882825 38.41732586916073444 -0.006378363789905318847 0.9997147902486150928 0.02301422676370731488 31.42493054974741895 0.008676658874896318874 -0.02295849919906663497 0.9996987660817108212 -0.09195647805358914129
0.9999222402209170246 0.007584778975870865372 -0.00989871908227676553 38.98243940961464205 -0.007342133005114329786 0.9996771856681239132 0.02432318929734672563 32.00732243878459116 0.01008000964869844134 -0.02424862021943802876 0.999655139447067298 -0.1010494553618135893
0.9998895960192915044 0.009337532410575862321 -0.01155881745073985764 39.52661320576843451 -0.009065707230893638516 0.9996862499833756299 0.02334982969058855412 32.55274811798186363 0.01177322066308984609 -0.0232424629214980881 0.999660531977011102 -0.1261633826304382477
0.9998885521006168897 0.0119061898057323777 -0.009006998525688838381 40.11731247998791616 -0.01168980202749160362 0.9996505980299530414 0.02370718007092652638 33.13275092627615948 0.009286113648342869328 -0.02359924792588011591 0.9996783700724163335 -0.2168510105380442865
