1 0 0 -0 0 1 0 0 0 0 1 -0
0.9998844624104212819 -0.01519930021174793755 -0.0002076133326602998795 0.02353181780137365495 0.01519910359296368363 0.9998840656465256549 -0.0009178867820653189994 0.008893169923688768949 0.0002215404999038106989 0.0009146251950886288102 0.9999995571901816316 0.02535610638819052812
0.9993754699564249 -0.03486249714425076335 -0.005768565007180453084 0.1412987698535633774 0.03491019853535205081 0.9993552676384982458 0.008386124337721503549 0.04022731882230862199 0.005472484590865744035 -0.008582268700788197105 0.9999481969463969167 0.007614811909570764169
0.9982084549533287721 -0.0593609366738746258 -0.007493974705628399062 0.3676274500469902673 0.05942603241312213735 0.9981940552944067457 0.008784910161258974864 0.07882990337102747935 0.00695896050591676002 -0.009214508782733899991 0.9999333306258822995 -0.05800134748903097714
0.9966241533086981352 -0.08199268372583121134 -0.004182924474138466527 0.6530548928717823109 0.08202173187181983904 0.9966036354678322606 0.007323201011004502534 0.1787885211122949292 0.003568268833457793974 -0.007641569716759619504 0.9999644363025097515 -0.09720536267345597503
0.9946687392514792503 -0.1031148981456870284 -0.001190351325210976504 0.8666848420756581017 0.1031152717903570243 0.9946693796457487524 0.0002567464550069556949 0.3208871358857060541 0.001157531629650788811 -0.0003781210731341958908 0.9999992585722153882 -0.07805340634673815781
0.9922757614667250259 -0.1239309446251744551 -0.005471212840215601558 1.088012742761959473 0.1239558028663350076 0.9922776964406205824 0.004464536063022541031 0.6185174996666887859 0.004875668302221940718 -0.005108239501792871673 0.9999750665630613433 -0.07854963718791892202
0.9891127439821911782 -0.1470473901315872967 -0.005748456097876006657 1.364033314693233967 0.1470794392350598112 0.9891087332384865816 0.005617151026698506168 0.8465147756622944941 0.004859860730596209967 -0.006401475364723104369 0.999967700911801427 -0.07498149864388402308
0.985701568827794361 -0.1684346938751051237 -0.004708620777313582591 1.590583039946029675 0.1684604217452782271 0.9856917153779271024 0.005738339544019638652 1.211704884086946654 0.003674713026606014291 -0.00644950653299155522 0.9999724497953196289 -0.07762677109374939433
0.9814654962536183413 -0.1916255926750673744 -0.002260950147158128417 1.845852425894380033 0.1916313844235025821 0.981463241253014651 0.002705286132463602909 1.450614073738468512 0.001700637401252319417 -0.003088414003318855437 0.9999937847463721274 -0.08164847786075472846
0.977351079949962509 -0.2116196286209046096 -0.001413967111502127541 2.045368033499437299 0.2116180726307964333 0.9773517350841507412 -0.001173568927268228397 1.745960895866386808 0.001630293430328065389 0.0008477678635619070174 0.9999983117150651468 -0.1087457728060929746
0.9724767076238484131 -0.2329777949893800382 -0.003224929606454492604 2.298594355323681615 0.2329663160532325639 0.9724782432052849757 -0.00357240492498951635 2.068705067371430673 0.00396846490037883453 0.002722780609806322791 0.9999884188089807058 -0.1187393732730249174
0.9665588946215920574 -0.2564087707834644125 -0.004294821672535683275 2.454571465205080294 0.2563627519000888366 0.9665378200192346059 -0.009098456499816113402 2.420563803141138948 0.00648403162388867544 0.007693161754333511897 0.9999493850171228271 -0.1165006061901166234
0.9599724699488785262 -0.2800942731092573856 0.0002347586975693603795 2.7288696757905746 0.2800842108101143091 0.9599301698970529317 -0.009322219493788143699 2.632476253126588617 0.002385748336434975834 0.009014826277396912821 0.9999565196107595977 -0.102993569755059633
0.9530013452906415106 -0.3029619798320813961 0.001573102174971485051 2.907358795233211612 0.3029659168034403716 0.9529931524603784121 -0.003962905383757515422 2.90943428024695816 -0.0002985459399179611118 0.004253250504646160016 0.9999909103239221775 -0.08754334512784388289
0.9449200401661385085 -0.3272848161867877304 -0.003281278105229126947 3.197630529075027983 0.3272991572322053733 0.9449024447973672913 0.005884852678385667397 3.357474117079968678 0.001174464776559296748 -0.006634674787717973442 0.9999773006038435996 -0.1129960950137069015
0.9358560717616030145 -0.3523608415020661466 -0.003905166180475031033 3.388432058666045243 0.3523812186765700738 0.9358249128805067318 0.00769474861235053785 3.904744708833136624 0.0009432237044322557776 -0.00857728442735773873 0.999962769567395271 -0.1078429493772662812
0.9268324514436284689 -0.3754057374498580568 -0.007220750703511918597 3.573440977585826239 0.3754662569960243723 0.9267715833647341972 0.01093261748251400829 4.349007801047981125 0.002587819234295377253 -0.01284385290136295758 0.999914165633360108 -0.09626067771344200275
0.9175137942479762998 -0.3976950059651385705 -0.002668256934886540071 3.868517272758683401 0.3976917559248557832 0.9174124436870921828 0.01398840367886561471 5.01230708817815529 -0.003115226169489935994 -0.01389569712056204324 0.9998985973424737717 -0.0884211088619371588
0.9086949898464061759 -0.4174126919352266762 -0.006329300074056895542 4.076765846698148898 0.4174561604099560896 0.9085102037980128387 0.01842725510406306721 5.726882146193236878 -0.00194153645778389998 -0.01938695969668196781 0.9998101700972551464 -0.1331706024818751499
0.9012427081970408871 -0.4331131345520719544 -0.01321338715629185798 4.248020783289732982 0.433300820783502294 0.9010384272936530214 0.01949746774643798183 6.306007362019764528 0.003461160211039689214 -0.02329732213493567253 0.9997225890972627482 -0.1100489301281376842
0.8935285995018220628 -0.4485215002840378107 -0.0208591863520187909 4.487024123530436448 0.4488070372691891352 0.8935516233330152991 0.01173625735001346607 6.971868841925139115 0.0133747960719046606 -0.01984843121984595712 0.9997135362733396979 -0.1173913477576883496
0.8877267431596805869 -0.459923992176370422 -0.0202768562567384944 4.702628652115045327 0.4601479266431336423 0.8878062072817548556 0.008001494736038394784 7.705116851867908068 0.01432183944651533106 -0.01643349422781176586 0.9997623843605702998 -0.125913650119633902
0.8829976330331192891 -0.4688907213819038522 -0.02136987271526834264 4.92090923267528435 0.4691640608320917782 0.8830536702334412791 0.01006476580899965008 8.42302576636404865 0.01415146923291742131 -0.01891314064893957064 0.9997209755873601722 -0.1755535117352039765
0.8795222213358153684 -0.4754736017651843283 -0.01911847799789666638 5.115070209282780667 0.4757431994284451182 0.8794821689559397804 0.01339860761954909246 9.2274910980804421 0.01044367627322112524 -0.02087985902727449231 0.9997274434129040932 -0.1794531414697702609
0.8763259080922654043 -0.4814617440907391632 -0.01573187157874183367 5.306971974319872665 0.4816668883691451186 0.8762432246511571154 0.01395779000155046752 9.977104895882813906 0.007064803964155861628 -0.01980909462962542403 0.9997788196970881502 -0.2006007215838921387
0.8729073295618764439 -0.4875680492045871284 -0.01761225119020633223 5.520580699406267833 0.4878351399775223141 0.8727688275225818915 0.01707190405223756036 10.7620442543658541 0.007047708866352224086 -0.02349406520146885696 0.9996991340898742084 -0.1920303841019042612
0.8705967942684688099 -0.4911973789187131789 -0.02804205329236158367 5.828319763705818168 0.4917693685068525999 0.8705133488060186053 0.01921972291430283641 11.54229922793435037 0.01497030419988103732 -0.03052285199514044242 0.9994219556815058247 -0.1974708386897521262
0.8684266513511614827 -0.4946375714051949313 -0.03418807068816281242 6.063846972024576232 0.4952922783520702366 0.8686151341909978951 0.01390351247599550498 12.40331313839339167 0.02281907596340162006 -0.02900726820514966039 0.9993187019982419095 -0.2393105566038158938
0.8660759088728462451 -0.4986830013435079589 -0.03503975229798639984 6.292739520759181637 0.4992671878158305154 0.8663908682991177113 0.009956831743745011079 13.22721448549514278 0.02539281868059536582 -0.02611757069353691854 0.9993363183936239125 -0.2345035047905105752
0.8668666020149939921 -0.4972492638900020134 -0.03585336625519442572 6.570878785348282847 0.4978328316997086 0.8672248315600672441 0.009141291345463039425 14.0736535578771047 0.02654742911898684554 -0.02577326301546083165 0.999315252020456346 -0.2418498901954126701
0.8654178007209442081 -0.4998685414033354202 -0.03440162075580116552 6.766024580515653142 0.5004539661747423596 0.8656974766954008693 0.01066332889794272334 14.95974561877542008 0.02445113361981053612 -0.02644466219330171217 0.9993512004826873296 -0.2434998840754367955
0.8642588394600163593 -0.5019783031292188724 -0.03277867603695573673 7.028584975399341239 0.5025928602302310866 0.8644122005920992224 0.01385511866134363744 15.82116135830292869 0.02137931853032516705 -0.02844873731880738499 0.9993665964420385128 -0.2321476515860816936
0.8642563397961496863 -0.5022862746252666488 -0.02773945646968356896 7.303861759732873438 0.5028138821645020684 0.8642287298807196372 0.01693819209421422445 16.63767935669241282 0.01546541382648613724 -0.02858672369876447128 0.9994716705356615494 -0.2478288580772358418
0.8634022395731637545 -0.5037782856508810081 -0.0272765761543607918 7.549974317763102682 0.5043232063193990866 0.8633048844268109701 0.0190467869345846523 17.53622099902830556 0.01395264375543690122 -0.03020124883957575959 0.9994464509421021603 -0.2545729656709034283
0.8632741373726774414 -0.5040049288518944071 -0.02714397606203749341 7.741661209777129571 0.5045817600707842576 0.8630891441032154665 0.02178019134554321293 18.43604176521749238 0.01245034727745096374 -0.03249863111233778495 0.9993942304358650608 -0.2941673796243349792
0.8623932560591796026 -0.5054733599056586701 -0.02783081618154118614 7.978401378175083103 0.5061199074242995755 0.8620787167063277412 0.02574733987792909504 19.36188824903806704 0.01097775990194295621 -0.03629006238153395514 0.9992810016005906348 -0.3370302129342339637
0.8616102225441115703 -0.5068368586349969451 -0.02728045337773228607 8.199574137934076745 0.5074779515077254555 0.8612343322059624606 0.02723148477906969095 20.24587754158054054 0.009692942845656747283 -0.03730715425703440974 0.9992568354033074529 -0.3368522669172420159
0.8610878822980372327 -0.5078865117315445321 -0.02406138318229360945 8.421318239383577264 0.5084070484822251768 0.8606977727465352501 0.02686293064328426627 21.12605909131694659 0.007066258774896984861 -0.03536432086605444808 0.9993495048263190128 -0.3661449054305156992
0.8611705087853314122 -0.5077313080576886239 -0.02437772787693977608 8.645545057270483724 0.5082741902816461099 0.8607250569891322645 0.02845564556625491959 22.04830652119987278 0.00653469907116397547 -0.03689573266766468101 0.999297754735276933 -0.3878071203220108676
0.8601333420770991278 -0.5093942456048661249 -0.02623235391514061252 8.872358296832082658 0.5100261372702029616 0.8595911018448776364 0.03124863085553191908 23.00409190133066417 0.00663122526506188404 -0.04025717543194628351 0.9991673466830895967 -0.4147003270266966246
0.8594386102083684253 -0.510376758512451012 -0.02967894292981642507 9.064513839172915866 0.511109081469004245 0.8590796891448340133 0.02737872419829033219 23.9014143305925657 0.01152311255776413031 -0.03869950993408634299 0.9991844503433000568 -0.4593147191577662269
0.8585400894668080429 -0.5116395369045000363 -0.03367341762390474447 9.286459648046051285 0.5125453368474111038 0.8581898420325849708 0.02841606426056661125 24.82993090187695273 0.01435940299243125551 -0.04165548353140922921 0.9990288425453318633 -0.460247393991139564
0.8577791865806894123 -0.5129151814616168537 -0.0336583376768280762 9.52153900743910242 0.5138201930981646237 0.8574263209575921918 0.02844140105010354094 25.79773009926206129 0.01427151826315452982 -0.04169077542244401663 0.9990286297254646897 -0.4944157724951677713
0.8578732055544849855 -0.5124831300849040927 -0.03761122930789929236 9.705681478866477363 0.513576397818413688 0.857535134513676911 0.0295427940193947712 26.72652729429450957 0.01711276703326114479 -0.04466021107192733042 0.9988556546125552105 -0.4995391649816501856
0.8562862558600922158 -0.5149713874732984031 -0.03972805191461984547 9.966092224593177562 0.5161407641710320515 0.8560275448895990902 0.02855790523180107635 27.66592247488258849 0.01930180266316698992 -0.04495900882038460222 0.9988023467833067048 -0.5164513988091202767
0.8547795377745399659 -0.5175317194672481858 -0.03889551577261015497 10.22100347546736288 0.5186212311345046455 0.8545974882039127918 0.02636573101762626492 28.57133020859697226 0.0195949079731052335 -0.04270892764793705193 0.9988953834514847641 -0.5756511117903221342
0.8532868146456744629 -0.5203323381921320934 -0.03399808499529276273 10.4404580088448764 0.5212457626784243736 0.8529389331663136398 0.02824944563878379819 29.43678473563223008 0.01429919024372276748 -0.04182623722760123175 0.9990225718359692086 -0.5972676090934458948
0.8520446622104348444 -0.5224233949462460114 -0.03307098443567579177 10.65847111091599864 0.5232991681858972788 0.851676165249011019 0.02838468112710153604 30.41174827671188652 0.01333694772629907127 -0.04149103468917002963 0.999049858548495151 -0.6122475023242094361
0.8502320430843295362 -0.5255798192505028998 -0.02951824028046862169 10.86161578062301203 0.5263139796895968114 0.8498027622237002143 0.02878993053600330601 31.33290110148030649 0.009953275638977975709 -0.04001398397532921619 0.9991495450584344518 -0.6493697376283535938
0.8482085306631073074 -0.5289675457263094405 -0.02712239072459078984 11.09617991940763027 0.5296103741107710539 0.8477303831603826278 0.02942871218725079049 32.18517535202803259 0.007425641021606978545 -0.03932598422208450489 0.9991988424835082094 -0.6675130956471042598
0.8471232667208954403 -0.5310344361213783504 -0.01961118643448991894 11.25525920999519691 0.5313962722195865185 0.846574802676299476 0.03048122938320655881 33.11675350514006766 0.0004157538282289337749 -0.03624266997386215577 0.9993429321418749733 -0.7242789732814489678
0.8461702917772060406 -0.5327473551834291943 -0.01326999844533357197 11.41039824096901611 0.5328586010943379137 0.8454677368757987921 0.03529896800050009997 34.02681480860058372 -0.007586076289049384011 -0.0369399708605219132 0.9992886920201591305 -0.7333683054471965557
0.8447609319355975366 -0.5349087131010876739 -0.0158630553122349402 11.56777153612001108 0.5350946046964780711 0.8439097304651954623 0.03860221303087711664 34.93717352571129453 -0.00726167336229783817 -0.04109787676631894426 0.9991287367628256533 -0.7267171013651226863
0.8428675569428560888 -0.5378453028413096026 -0.01722532045336682902 11.79732976347910167 0.5380974837103521535 0.8420990332664276545 0.03633615549745527334 35.84087927670267248 -0.00503780485613312002 -0.03989546820489701245 0.9991911589575558361 -0.7874125901151040052
0.8411080027213327925 -0.5405654082121751358 -0.01806563595711167119 12.00411664739683815 0.5408581884914895888 0.8404318709111378016 0.0338628158679811081 36.72842271699965266 -0.003122130656254045334 -0.03825323255894798324 0.9992631998122197823 -0.8423680109162051677
0.840249016091743739 -0.5418343439980286558 -0.01992823677805856744 12.20478264276131952 0.5421988573279233892 0.8395828158329632362 0.03348274884603603951 37.5852336858080065 -0.001410698107534259869 -0.0389389139835524048 0.9992405971079392213 -0.8488639024426666291
0.839562699455527861 -0.5428858154384136325 -0.0202352434805153289 12.36104401299624556 0.5432577287257714937 0.8388112653652138873 0.03559074705769533359 38.45445875744741926 -0.00234816154961499813 -0.04087361608883531561 0.999161565336237012 -0.8560234681904446141
0.8386197489712909903 -0.5442918194857648828 -0.02152514520751183311 12.50435357991077368 0.5447108600501228137 0.8377629768967527202 0.03799043938343653337 39.36690585172222256 -0.002644915647894341328 -0.04358451309773413856 0.9990462424929333896 -0.8957850851630225764
0.8365571078068599897 -0.5472832155538809307 -0.02555948651334981683 12.77485131293552101 0.5478797362237924906 0.8356459718581670248 0.03903337485495251419 40.29406493927569954 -3.628956894482373426e-06 -0.0466571719055497644 0.9989109611454900506 -0.9415406991217671884
0.836128010931605159 -0.5478258984928676689 -0.02786995292496279031 12.94930555593409593 0.5485289829975875664 0.8352649713157825895 0.0380576208462540741 41.14828966769687923 0.002429845095841225502 -0.04710851975308809336 0.9988868220271418519 -0.9802239389824383142
0.8362186842590999536 -0.5475936095153920435 -0.02965722363748790266 13.08937916064858165 0.5483792388826433939 0.8353936713705419903 0.03738481237801777324 42.06304118677843462 0.004303772586043777722 -0.04752528434371729865 0.9988607635149037156 -1.007160676962863377
0.8378186130718900948 -0.5451162743523401133 -0.03013667245265462882 13.25072367939778495 0.5459342418149559784 0.8369206287123724941 0.0389828789292960623 42.8703049137930563 0.003971801130908336752 -0.04911322298435791267 0.9987853203385926859 -1.017092002033504139
0.8396568015682716046 -0.5422459562903568786 -0.03075351145636022118 13.43568364520189107 0.5431033817558785781 0.8386941718826380621 0.04038319917272877035 43.74063425960360263 0.003895164369894994847 -0.05061036392728530259 0.9987108784616692825 -1.034286440059731138
0.8416412265746570087 -0.5391981022521544764 -0.0300907337494788242 13.60236416365465573 0.5400275457886798414 0.8406499222911113511 0.04096288492530354014 44.62688831211728768 0.003208663173684835231 -0.05072587781028065068 0.998707459570125744 -1.017253724964557682
0.8435529300056278101 -0.5363423385025659629 -0.02748363528573618403 13.80196934012341892 0.5370435703548129824 0.8425990684743341896 0.04013743074412225165 45.4188543229685493 0.001630282023262329388 -0.04861795692728357321 0.9988161174334050374 -1.063321051509373394
0.8455527920791587881 -0.5331406715942096364 -0.02831077708601352494 13.98008357777386124 0.5338863141450430616 0.8445952799980512848 0.0403015703618796739 46.25620470517880278 0.002424742410890177481 -0.04919184177369573946 0.9987864052574767504 -1.126820695736500788
0.8476368610252820179 -0.5298724022687464341 -0.02733110215769771201 14.14980365858722955 0.5305764614721973915 0.8465700430040016267 0.04251800583099653308 47.14309398838178566 0.0006085744396422157173 -0.05054106847060692992 0.998721798117474191 -1.152613588920306631
0.849047099790845472 -0.5277238859852220187 -0.02503043142677925312 14.33234160750776276 0.5283076035111825552 0.8477933446707249798 0.0462333300152243179 47.99856228557504068 -0.003177799399810959761 -0.0524780420050319843 0.998617022035120705 -1.191874099776060847
0.8513768189953020427 -0.5238601459090209689 -0.02698257966948245518 14.49025137748579084 0.5245296361192600676 0.849707592248804322 0.05353193913297275841 48.79602494949322988 -0.005115946641374463644 -0.05972901474927305027 0.9982015186759853886 -1.241980681674704323
0.8538288697571935204 -0.519561988971976807 -0.03211854269167584847 14.68399352508242117 0.5205534348850620052 0.8521281487333312032 0.05386779711172025309 49.65217651593801662 -0.0006185454850340658299 -0.06271329804586428525 0.9980313921163470603 -1.259013928333700072
0.8564905227111053732 -0.5147920438390272135 -0.0375917026229814627 14.87255028527556888 0.5161320865291830762 0.8549591433029075649 0.05150274301229384316 50.44639993764838692 0.005626167531226964821 -0.06351389519463926381 0.9979650952594059099 -1.281826824678395038
0.8592409134565146545 -0.5098906434493053474 -0.0414316831092776533 15.03965907686943382 0.511411452121906529 0.8581745025889067069 0.04466374082905832932 51.28147271129321894 0.01278199049354398001 -0.0595655506911154653 0.9981425578993650127 -1.31716225361840622
0.8621287322034256739 -0.5051629693472917682 -0.03929915405630467901 15.27715433164283354 0.5065021169446459748 0.86132220333259224 0.03974503210315663559 52.07352652741463572 0.01377151552684928275 -0.05417043886213096515 0.9984367325542354843 -1.397358531090805656
0.8645379500701719788 -0.5014227823383813343 -0.03390171441831751897 15.52960249756353228 0.5025016198412833868 0.8635480985686420086 0.04215214722133784481 52.87607926101866695 0.008139714082894928052 -0.05347779736039265375 0.9985358632738883244 -1.401126663644750581
0.8682290315619417553 -0.4952391964243431088 -0.03027353758621057281 15.72769483846273708 0.4961611549439502444 0.866799815620441616 0.04982156124665090141 53.70569135206676492 0.001567506841508255417 -0.05827707924509700765 0.9982992161456215596 -1.445300452466840468
0.8717925662534707909 -0.4892330782711278303 -0.0250742208362361059 15.94034570351829316 0.4898485319976138008 0.8700682226681174525 0.05504274341751144717 54.46846636528537289 -0.005112448040865156217 -0.06026842480519787465 0.9981691138512199801 -1.486057863943288204
0.8745778619231531215 -0.4845447540547647147 -0.01816438140795764711 16.16041077987665275 0.4847323502949283935 0.8727484176422509732 0.05783379704378712599 55.16836858747159766 -0.01217012783338964309 -0.05938502185698572855 0.9981609625544189957 -1.497490030755754598
0.8771881389290629993 -0.4797568366269726603 -0.01934803948329142861 16.36457292923156004 0.4800343788548162016 0.8753983935591140852 0.05696180888624483019 55.91127764054449756 -0.01039057455762338461 -0.05925394724237833394 0.9981888627391912738 -1.509993924119719333
0.8811413698961799712 -0.4724435070533434811 -0.01967279595331366399 16.56127472804290335 0.4728016041342801845 0.8796699573156470109 0.05137518198837871808 56.67596332729586805 -0.006966303577562544744 -0.05457012772043864923 0.998485639243269385 -1.562038688825363231
0.8838436141893079023 -0.4671494371634495879 -0.02432835824000697741 16.78211478668075074 0.4677806046254443517 0.8824959334947310996 0.0488081274125212114 57.47218905349883045 -0.001331012034352029375 -0.05451908586114985467 0.9985118415341046605 -1.562111227440154959
0.8878149742413724566 -0.4596066157768495808 -0.02337370845506740735 17.00914129134658381 0.4601927231065979229 0.8863572356305357003 0.05092650042099027691 58.27136413705984808 -0.002688700899182020539 -0.05596972020250190472 0.9984288463921344725 -1.610050116536788867
0.8924851555445580953 -0.4508990324533447835 -0.01266134531727920558 17.26944924770328171 0.4508304109311838115 0.890718714219005947 0.05806989512355455185 59.03128622509313317 -0.01490596230458820191 -0.05753463889413236443 0.9982322262956130343 -1.678645612060627013
0.8962560444516305402 -0.4433001568625973277 -0.01449391974289666873 17.52031222810419209 0.4432489543653814756 0.8940179752053675211 0.06528571408578531798 59.78162267935353213 -0.01598334251378172657 -0.064937130636420759 0.9977613451255743504 -1.749724284280105513
0.9005406720668249765 -0.4342971817058186579 -0.02030901070496331229 17.74978189064025358 0.4346221858983971287 0.898022879979934352 0.06825293076083630006 60.49589152210222665 -0.01140409918977910997 -0.07029128676391910302 0.9974613183110120351 -1.816236661669748065
0.9040723314909127062 -0.4266880722348022625 -0.02430037952652787034 17.99811877112963288 0.4273619283492345322 0.9020573777181580821 0.0604505541898822038 61.25652034063841 -0.003873193799550548634 -0.06503673052043977554 0.9978753539661168181 -1.809008400613336676
0.9085685805960997952 -0.4172886801446611948 -0.01932076025199751246 18.24918105575007132 0.4177077905798947666 0.9070007282970787843 0.05357126615482930149 61.9793028654696414 -0.004830739327612077784 -0.05674360132821486963 0.9983770969257323991 -1.83217050691410166
0.9134105503782785629 -0.4068895066409771721 -0.01104969877926698443 18.5663872287322107 0.406892255360919719 0.9120134435208560042 0.05167370089837250435 62.71108054760607331 -0.01094801283130471953 -0.05169534043501972098 0.9986028904386132776 -1.857692754061773588
0.9181388772431409162 -0.3961769389189137014 -0.008052028535966183898 18.8451834528357729 0.3960081046482579747 0.9166460247653805959 0.05420005843834154596 63.44940188396940073 -0.01409195329253756963 -0.05295184936019319 0.9984976306941025781 -1.905606385175142803
0.9220475485018881923 -0.3870172178527483409 -0.006781695007632973157 19.14368447294904385 0.3867582294590047876 0.9204371928915006107 0.05668726389366750967 64.17731806515131154 -0.01569682284393974711 -0.05489122905831882865 0.9983689512024466195 -1.956269248712019015
0.9256279722656624021 -0.3783889100104527725 -0.005889799696054742739 19.42475402023403319 0.3780790014459368686 0.9239711594151991392 0.05773703520770697567 64.89478602405131369 -0.01640504876559239003 -0.05566982441174192497 0.9983144519764122204 -1.980038816271222357
0.9296733075155334536 -0.3683566749077516467 -0.004571798774366745387 19.72865790267931985 0.3679899244333199593 0.9280300025214749393 0.05782499403848428976 65.58876564004438592 -0.01705745610247337909 -0.05544072935032726135 0.9983162668816010221 -2.006502603968812526
0.9329758544049924218 -0.3599306577477453528 -0.002444731181490451908 20.0526156206897106 0.3594446715285247729 0.9313173167286455945 0.05871612786199926354 66.28336692248558393 -0.01885691403770156996 -0.05565947515590792538 0.9982717263442572042 -2.046232218186800011
0.9357929484267142328 -0.3525479208060460778 0.001233373491992019021 20.38017537286707537 0.3518365100193127093 0.9341156426888622688 0.06032442541296079153 67.00547565344044187 -0.02241936422530627776 -0.05601722609436917549 0.9981780615142898938 -2.128273159326300235
0.9382107648496006425 -0.3460530420571715227 0.002802285371790434656 20.69919376491965579 0.3452223341215987507 0.9364617414368374693 0.06213651783549760388 67.71989599953380434 -0.02412676405908347962 -0.05732973842660874647 0.9980637255947006903 -2.182555747626071518
0.9402514828840859984 -0.3404669334498123257 0.003068576471000424803 21.00960481104136335 0.3395825761523997288 0.9383872200010642262 0.06413344924743988318 68.42418083995860911 -0.02471483174081778519 -0.05925953565423365543 0.9979366134810705447 -2.228869397179828571
0.9415981788509385497 -0.3367259881337916205 0.002911786379102920472 21.31490212500664327 0.3358585510496985282 0.9397270522865998066 0.06412566481164286292 69.1328370371885228 -0.02432906227935941953 -0.05940266084999687446 0.997937583525416283 -2.263650653988792616
0.9426606841450054786 -0.3337488253857005538 0.001598787332741115645 21.65517385781133797 0.3329395674779867531 0.9406875612115197516 0.06525455225112196389 69.85339907358796552 -0.02328258952181387967 -0.0609806013055665258 0.9978673695885492689 -2.302060745473593073
0.9435453093459702512 -0.3312397303344804533 0.001578055498987566627 21.9518853221279997 0.3304461796580126509 0.9415938408024608908 0.06485646700441199952 70.54806420722447058 -0.02296892597927971055 -0.06067355281183587495 0.9978933552381976657 -2.34802126107814102
0.9440348272295246979 -0.3298452506060051692 0.0005963475355686110538 22.28444387745308219 0.3290737210914607136 0.9419472191217059809 0.06667775098115101551 71.26147540789466461 -0.02255506738498148228 -0.06274987682495089536 0.9977743842641544347 -2.382973579335156078
0.9440889168794908137 -0.3296596188778198044 0.004544524908116935255 22.61105181326395908 0.3285495858232639343 0.9418771755114367927 0.07016092862811776354 71.95431266898836498 -0.02740960927615778212 -0.06474505333945362873 0.997525333707069195 -2.46967752945379182
0.943159649661548305 -0.3322854913179053016 0.006018929300446341536 22.94667269861549741 0.330956833202698919 0.9407308781016002763 0.0741147053062554545 72.65889906684571997 -0.03028943391261118903 -0.06790999371087012848 0.9972315593418827895 -2.54167890013252773
0.9415611090303753761 -0.3368342434054827916 0.002317419026707023561 23.24661481265259866 0.3358694037221544582 0.9393421231593274134 0.06948466954552769137 73.36781332163033653 -0.02558166540344462489 -0.06464571237122172798 0.9975803277266465097 -2.559400764749480306
0.9395706416753560886 -0.3423353226312955133 -0.003679154887527859817 23.54638586624294661 0.3419480940987165152 0.9378756098891698478 0.05882891565610468693 74.03922496090153516 -0.01668862618716495869 -0.05653200203375580851 0.9982612997116739884 -2.546943898102448145
0.9372213379649194653 -0.3487163064863426087 -0.003619565411669049045 23.88065146299618746 0.3484568138278060778 0.9360084758132772853 0.04965865586863169034 74.72510645991684441 -0.01392883915550278615 -0.04780241412553001834 0.9987596891362563456 -2.597433537890805333
0.9352954014863057441 -0.3538633165282455417 0.001806979302850021544 24.19885352213913876 0.3532726917143111378 0.9340060279272665023 0.05320850575289282069 75.43587965588304201 -0.02051626787443260394 -0.04912731430844842484 0.9985817892097489379 -2.653034356622502532
0.9330307969616670194 -0.3597595706851456909 0.005155891922470488137 24.44118091514059898 0.3587852860308254344 0.9313865515983129617 0.06158092261067563827 76.10463651567162913 -0.02695645467889522251 -0.05560703914292583483 0.9980887769877495597 -2.732550114242416228
0.9303477708171744576 -0.3666678170383694813 0.002781597352426366972 24.7699762037787572 0.3658249208325874968 0.9286729410346398206 0.06114487621954531327 76.84372030847863755 -0.02500305248055395557 -0.05586842165650653114 0.9981250256497256057 -2.759108137594807886
0.9279112822917707781 -0.3727813132607353808 -0.00383988010791377378 25.04861601570706142 0.3724213294321286338 0.9264520831085905073 0.05467075166630851191 77.54778638544864577 -0.01682276967825407921 -0.05215966053718852635 0.9984970526911922661 -2.803142850450157209
0.9254661325328128463 -0.3787854781854980701 -0.005830870478894455491 25.39277547830799264 0.3786502744831037326 0.9244420971334532666 0.04506416182925306047 78.2903872519767674 -0.01167934795389955448 -0.04391321627126045651 0.9989670776697724408 -2.805973675083770491
0.922919441800377327 -0.3849343939306611451 -0.006724307853944259603 25.69137517482485933 0.3848419044664357358 0.9219267207957946297 0.04413422763977904728 79.02917765406178319 -0.01078946307870793687 -0.04332013217832618446 0.999002979792615764 -2.827481960188117593
0.9205711633733185684 -0.3904644147469321647 -0.009288378859130459395 25.99157608793942842 0.3904375347158589027 0.9193565884919304709 0.04839415958028135678 79.80447142904786517 -0.01035686489713343907 -0.04817679952855943165 0.9987851277110044723 -2.881926717626005718
0.9178786123425216603 -0.3965765365379186336 -0.01503009220715795582 26.25631698995524843 0.3968064654497904242 0.9164642168926590005 0.05136115392560310078 80.56434754994064917 -0.006594086851949139579 -0.05310734245765002387 0.9985670374069408606 -2.970620073155021412
0.9154133990895578776 -0.40182786630309969 -0.02350903293630219465 26.52555699540203094 0.4025120750281788728 0.9140660259417167088 0.0496722223745488245 81.34889065205304348 0.001529125178520631539 -0.05493328755331492591 0.9984888560693970794 -3.025140580347335906
0.9130995039147290493 -0.4066136010571309578 -0.0302436007450849545 26.80908472850756397 0.4076273104070824993 0.9120584881377061803 0.04460145766956086916 82.16500636835112914 0.009448373455985250788 -0.05305368650069443304 0.9985469616336140053 -3.047827000384062401
0.9113175514296947277 -0.410381124724644275 -0.03297958347101583726 27.0650800863636718 0.4115329032722352398 0.9103213913375071131 0.04422255078204222201 82.87851385029600237 0.01187392018293941497 -0.05387297043120221202 0.9984771970738279823 -3.075687792176721835
0.9090691762122226072 -0.4150973885460009227 -0.03588022969716582466 27.35860297873890801 0.4164715142743353193 0.9078008430387877192 0.04948845497798914222 83.75040936832371585 0.01202957434297285792 -0.05993152259334588033 0.9981300025251069741 -3.13337025219946419
0.9071504395940734877 -0.4192440463803315809 -0.03622857323888978992 27.64479753398916628 0.4206608821196051173 0.9057340257322356036 0.0518680719251617961 84.55027748802525878 0.01106807113434388895 -0.06229208782441364445 0.9979965899720503186 -3.174808819550663408
0.9054737904751614108 -0.4225506202264610045 -0.03960035490720503759 27.90555471858479564 0.4241942596822179112 0.9040021863041945993 0.05328486848901092809 85.31349949772474872 0.01328325318581840414 -0.0650462950787301375 0.9977938337559177917 -3.210532045538704971
0.9040974041425609009 -0.4251856845590463729 -0.04272022318221221221 28.15941231499315833 0.4270308403992556512 0.9026637154569581156 0.05331864725727056969 86.13059432509703583 0.01589166984896124221 -0.06644810338523504667 0.9976633221612973834 -3.236778588496975306
0.9019446179660974838 -0.4295193578369349008 -0.04482217492868539876 28.44196484220446663 0.4315034799836124368 0.9005172941807999543 0.05360363460925774565 86.98630884258898277 0.01733934497098418848 -0.0676884342014032192 0.99755582449872926 -3.260075082024622706
0.9000926899234277245 -0.4334823771659729319 -0.04388824709356074077 28.74210536174208741 0.4354751457551833682 0.8982802661053631565 0.05877040883965105322 87.85518587063415907 0.01394800974727362225 -0.07201105618038898537 0.9973063024025641266 -3.30500865291706436
0.8989504140326455284 -0.4361567146072815593 -0.04068750930589769971 29.00162299838267543 0.4379619128984387766 0.8967503051164315009 0.06346852073214970247 88.66496146972784231 0.008804314900972859403 -0.07487463239688951777 0.9971540871212207779 -3.368209639165727687
0.897938721416597585 -0.4384050165526033327 -0.038821309125755675 29.27303449964238524 0.4400898582803060011 0.8954172954867657408 0.06744467052322281053 89.46035691383693234 0.005193189727521457973 -0.07764604564739614745 0.9969674630477046717 -3.433776131652389818
0.8967336509976542303 -0.4407404765432098026 -0.04020685892831755981 29.54624167690099767 0.4425386236373921589 0.8940533495706919354 0.06948506825605572923 90.29301099074248782 0.00532219480476714326 -0.08010268695799449556 0.9967724082179290068 -3.484692581455883342
0.8956320630109430025 -0.4429309856190025152 -0.04068598880869419426 29.81653894918587611 0.4447613066988915786 0.8929457375400721153 0.06953624862264999595 91.13664650171332937 0.005530621145648182205 -0.08037444735483716129 0.996749397011178484 -3.532955028156866017
0.8953102308802903808 -0.4435062961842771156 -0.04149404446405986768 30.09099347410178638 0.4453882758652432106 0.8927694946373113671 0.06776365668133398079 91.94157797565453905 0.006991008715995488537 -0.07915045603118123219 0.9968381669595064443 -3.585169009739490154
0.8949055975160041809 -0.4444576440088870428 -0.04001717402057364953 30.38125053980077794 0.44622284226924952 0.8923198685210549375 0.06819404137987108983 92.79737679969836961 0.005398756493480399987 -0.07888380647912819621 0.9968691982921769057 -3.625159240192854959
0.894877767389587353 -0.444792247637135596 -0.03679181802700876025 30.63417794306332809 0.4463044181239417263 0.8922761814581161577 0.06823182809783649716 93.61721321540764507 0.002479474718013889405 -0.07747949692936814681 0.9969908624258774221 -3.697388385001181277
0.8941129785471921831 -0.4464390175254250304 -0.03541447761017196133 30.90450951234883803 0.4478405675599994029 0.8914698839345367443 0.06870423629792486719 94.43467679096592349 0.000898688492062022881 -0.07728938910792802763 0.9970082961993432802 -3.734287543979719626
0.8934561927870747766 -0.447853935264956371 -0.03410108851807765185 31.16204087051147198 0.4491481829996101238 0.8906375512451201182 0.07092715996178633464 95.23490118571852747 -0.001393297733519284964 -0.07868675225086090019 0.9968984169621483149 -3.793191700091076424
0.8928003542027665995 -0.4490692373789827441 -0.03527531112936387742 31.42572611965402629 0.4504305642262183551 0.889240803588131179 0.07976904189461848926 96.13712528715979033 -0.004453576794571555142 -0.0871069071531854755 0.9961890143842889733 -3.823411220454667525
0.8919179817149129885 -0.4505843167030443852 -0.03815871374727962395 31.73056155228517028 0.4521736931879388188 0.8878299480906103325 0.08542209586637378171 96.99949670444514993 -0.004611407851840244702 -0.0934438698614027119 0.9956138699832125516 -3.88867059718048802
0.8916504362834396513 -0.450236060888361822 -0.04740241503640080234 31.97764301024407274 0.4527070902860279578 0.8876342011343281158 0.08462750960167410297 97.87341462933041214 0.003973648236823728794 -0.09691756524157335573 0.9952844797681391631 -3.89413349916053253
0.8901856058555368545 -0.4516681363017520101 -0.05971165528866865385 32.2536091216120937 0.4552190601080036148 0.887117628607126063 0.07614407612450858898 98.80033945251003047 0.01857940908631437738 -0.09496424413520664076 0.9953072881747788703 -3.913348019006038125
0.8886920804573061883 -0.4534298452862470796 -0.06802765273147962088 32.50394042601753597 0.4576356190905332966 0.8863204917681969386 0.07075044884243360255 99.6651267099750271 0.02821393755024392477 -0.09400724054811702979 0.9951716497431181141 -4.016665830316759056
0.8879928712487297204 -0.4551906200421092508 -0.0653464615500876228 32.74479824045762655 0.4591661273328550563 0.8854482739225993937 0.07174832205451085743 100.4772440917094229 0.02520174838350087293 -0.09371688019332270747 0.995279869305737086 -4.091920306599774904
0.8880778321196952652 -0.4558331374764337807 -0.05944673982627551867 33.04834314322920363 0.4593661938050294657 0.8848707550804043587 0.07737213188555165655 101.3766149985068665 0.01733389992651333464 -0.09602029775951391455 0.9952284352506775011 -4.145358359549420335
0.8882444846659689475 -0.4556028938252852933 -0.05871744713892975559 33.32124245634674509 0.4591136670076461646 0.8847428637529857198 0.08027892503613777431 102.2373795358632549 0.01537453177431374191 -0.09826529487154381237 0.9950414843595865033 -4.17666247004729474
0.8874817718361508456 -0.4571004033442319647 -0.0586116534582218629 33.60136657955995787 0.4605321279897518494 0.8843506409842806226 0.07638129928145231951 103.1280050844088549 0.01691933059541867942 -0.09477956031356343791 0.9953544952422581638 -4.231967933067543264
0.8865008860580807504 -0.4590980486470618849 -0.05783736462441707582 33.88315111555372283 0.4623206635468147807 0.8840128502835811197 0.06914394110210636546 104.0174779073458922 0.01938512511877729314 -0.08803557384352461712 0.995928689546681678 -4.250845268381882924
0.8856147380659957769 -0.4611646250418341419 -0.05489739821086451338 34.1540609523715375 0.4640777650519671282 0.8832979014981791055 0.06645784523503793506 104.9311635001947849 0.01784274935846199769 -0.08433270906912447573 0.996277888179996407 -4.338148260821817814
0.8851786771195448988 -0.4626654386730184587 -0.04898368534926711426 34.4185054291367365 0.4650828023447546311 0.8827730558197740551 0.06640571422526783674 105.8312519901540156 0.01251784869865818148 -0.08156239192251198145 0.9965896245134383546 -4.416151157056597221
0.8846899359887353542 -0.4639295321171142406 -0.04575047966789819176 34.69646465131194191 0.4661152850401177883 0.8819313788761771189 0.07023947611944800218 106.7986258446679955 0.00776261632550920809 -0.08346515550312123832 0.9964804612257195382 -4.485513888570869412
0.884222161904966053 -0.4651454941590499881 -0.04231828989504869687 34.96773566304007375 0.4670503921104361411 0.8813086421759656064 0.07182623793185777261 107.6349808336007357 0.003885823670214786068 -0.0832751252745333459 0.9965190183257491841 -4.52645150557899445
0.8838569941513161332 -0.4662642508763513161 -0.03734249917339733937 35.27340626706889282 0.4677572145639014578 0.8810280900845627317 0.07065898885044900879 108.5636868863914231 -4.596977831245765528e-05 -0.07991966489333235391 0.996801306705662804 -4.586717573705263895
0.8835404981833572258 -0.4673123381217741401 -0.03123086148452549476 35.56112938407032686 0.468338588379123455 0.8809892735117571538 0.0672076379013297337 109.4793599278180238 -0.003892904436913530077 -0.07400728745459415892 0.9972501023808711951 -4.648907224378190151
0.8831263543232268365 -0.4684010644305809934 -0.02623518896568414333 35.83620138412008771 0.4690633947899420231 0.8806309520845331251 0.0668480209043144924 110.4149429926870596 -0.00820816470969058104 -0.07134121579414955117 0.9974181956236366497 -4.701706258824548179
0.8829404779745110288 -0.4689587043034025293 -0.02222264638192302313 36.09622740867445856 0.4693759848121135114 0.8807263890386743954 0.06330254759925674213 111.3344277404488452 -0.01011420959841747083 -0.06632315816493845884 0.9977469325711945114 -4.762191929301450521
