0.6769211217072832465 0.7360555651488231987 0 -0 -0.7360555651488231987 0.6769211217072832465 -0 0 -0 0 1 0.1300000000000000322
0.6769145202281663387 0.7360616361484360048 -9.848439505926039164e-06 -0.0003218872022057967333 -0.7360616087935354379 0.6769144986023899468 0.0002639022175330825795 -0.0002998714971750673398 0.0002009148495107692463 -0.0001713901847417201557 0.9999999651293135505 0.1285399527050357649
0.6769790500895134233 0.7360022369960509403 0.0002699610008900043103 -0.001359373615458209228 -0.7360022707111585349 0.6769789140318569487 0.0004554849055179643002 0.003199058225875425852 0.0001524800041656838065 -0.0005070456483261646941 0.9999998598272697992 0.1221753340510461222
0.6770179154450958192 0.7359663552583090018 0.0005158453360049826452 -0.005320254565695926689 -0.7359665304760303339 0.6770176578522536515 0.0005974759878507470388 0.00122079362116266619 9.048582393676801391e-05 -0.0007841468500250413452 0.9999996884629682725 0.1238545757244015055
0.6770185997404480904 0.7359658434653324477 0.0003047295155811204971 -0.004122263055356319497 -0.7359658863414386687 0.6770184260767582174 0.0005146809132813227449 -0.01043418463096153041 0.0001724800754407183445 -0.0005727190792519170574 0.9999998211217241417 0.1248099388738226762
0.6771134946403432053 0.7358785433836843026 0.0002911454654372967006 -0.006628475915456754665 -0.735878597971735271 0.6771134746441062058 0.0001774958359349494425 -0.0004638036840689116415 -6.652314052462343164e-05 -0.0003344325426658528049 0.999999941864771591 0.1317727176610340722
0.6769565872989122823 0.736022880751030284 0.0003129309791998611157 -0.02153144089346805887 -0.7360229105687478013 0.6769566266284220424 -2.800016423967273432e-05 -0.003856441339756904851 -0.0002324494615918421382 -0.0002113694744903238105 0.9999999506450956144 0.1336062318763450441
0.6765717121006586954 0.7363767219353204441 0.0002043996285093614912 -0.02041794613798717656 -0.7363767437887236422 0.6765717169734566383 5.478082116596092024e-05 0.01648721982956858831 -9.795168609422515908e-05 -0.0001875782868398694146 0.9999999776099267601 0.1384349893524968456
0.6766140258747098679 0.7363378515140409641 0.0001685809501850745449 -0.01951384331387920334 -0.7363378707039016646 0.6766140041210163547 0.0001720372127687938145 0.01989690030247820429 1.261327990734809927e-05 -0.0002405353290322780405 0.9999999709918301338 0.1322736358990528882
0.6766779008229538706 0.7362791619435332668 0.0001192803496396838738 -0.02132059400751097622 -0.7362791714165910495 0.676677888099726732 0.0001322770757377578698 0.01230636297610687366 1.667847938256574307e-05 -0.0001773326109362119549 0.9999999841374868081 0.1305417366119428491
0.676714769024654661 0.736245275751133077 0.0001237751157937338272 -0.01452408555476647836 -0.7362452843505206124 0.6767147695744786251 4.37448772855005718e-05 8.402064740262158208e-05 -5.155348972363881063e-05 -0.0001207316498513495104 0.9999999913830533993 0.1369502903419430595
0.6767286973972291841 0.7362324737064607216 0.000121578566518057245 -0.01005885473716953103 -0.7362324826797599364 0.6767286960740807045 5.795950776786987696e-05 -0.01179010848097294083 -3.960403301154307283e-05 -0.000128732952061779999 0.9999999909296739542 0.1351266197084433351
0.6767485331505220802 0.7362142460582981052 8.235084377322630651e-05 -0.006515464621163919237 -0.7362142506624796967 0.6767485291473993581 7.36243706345124458e-05 -0.02331732496106400307 -1.527501879359626816e-06 -0.0001104530495709655857 0.9999999938988954895 0.1331421268029886751
0.676711996841534047 0.7362478215993336628 0.0001361000088557380301 -0.002433097580384904583 -0.736247828256467951 0.6767120032826574594 -1.74357450083596578e-06 -0.02276572756790865015 -9.338421256757434069e-05 -9.902343816363570847e-05 0.999999990736873956 0.1330611716430515068
0.676802850027688141 0.7361643030210283101 0.0001454448184456396558 -0.003695384858346621986 -0.7361643151360720561 0.6768028502038228034 5.54838058412113094e-05 -0.01471628826102487977 -5.759227041536726325e-05 -0.000144622883084827308 0.9999999878836761669 0.13319685734992745
0.6767369664609960145 0.7362248634493283594 0.0001693116053054852656 0.001547102640366380868 -0.7362248789377788816 0.6767369688199329492 5.164973131268505102e-05 -0.01633095519847364493 -7.655360617757833112e-05 -0.0001596046986058718129 0.9999999843329429039 0.1349586194657632632
0.6766013741027343542 0.7363494739659499633 0.0001809823021447967001 0.006554881668379604516 -0.7363494803183731063 0.6766013901254310792 -4.144187541754642824e-05 0.00650708041393489086 -0.0001529685803831313824 -0.0001052265942782544398 0.9999999827639887151 0.1381903623798096115
0.6765407783700982947 0.73640515392905459 0.0001564331802427982644 0.01620958232067641613 -0.7364051475664602497 0.6765407950623745226 -0.0001060953485928851279 0.02439415614808224456 -0.0001839625896472956693 -4.342036946252412002e-05 0.9999999821362186569 0.1405787819363868429
0.6766619786145273707 0.7362937763542698466 0.0002039648851570406555 0.00200328063030890801 -0.7362937485758666023 0.676662009229296646 -0.0002026724025324418274 0.01147475202448621813 -0.0002872417176259891062 -1.303736096198225588e-05 0.9999999586611107993 0.1415384775803600614
0.6767295149410093025 0.736231706020774701 0.00019662064735836659 0.00132114225021107189 -0.7362316833081954393 0.67672954320179457 -0.000183992674827761362 0.01979614725324265953 -0.0002685202417546341176 -2.024507658894390019e-05 0.9999999637435078581 0.1412494699372756901
0.6766948472734036768 0.7362635699747467344 0.000197999745345159696 0.003235277487727292092 -0.7362635623032983689 0.6766948733650345327 -0.0001232402944235464891 0.01600953586925347658 -0.0002247227517396797089 -6.238392563007087125e-05 0.9999999728039652425 0.1412278815460627501
0.6767373656753999933 0.7362244959492089125 0.0001716545551687778453 0.004309010554191387496 -0.7362244990512876175 0.67673738170899711 -5.653817043072591474e-05 0.001029039967563697821 -0.0001577898402505940683 -8.811479637160680599e-05 0.9999999836690746102 0.1383952019359906138
0.6767948676046017242 0.736171626622552866 0.0002081879130150568458 0.005633342226230285757 -0.7361716231186336001 0.6767948948574077361 -0.0001077592676917876914 -0.009328458556264844492 -0.0002202298320799141206 -8.03311145273781415e-05 0.9999999725228663205 0.1422671947860213726
0.6767844031910331681 0.7361812477029135993 0.0002052563550339315493 0.01131748137014472466 -0.73618123363806931 0.6767844325884260215 -0.0001518134561181587233 -0.006465121814327230536 -0.0002506765253199639849 -4.836089736564477527e-05 0.9999999674112513004 0.1443253706781882639
0.6767912857496818368 0.7361749194989841705 0.0002084135063122764049 0.01101196334217102377 -0.7361749257476729591 0.6767913084061413231 -5.97372953621187427e-05 -0.0100058890429242462 -0.0001850295482309038367 -0.0001129991165988957879 0.9999999764976329475 0.1422817868758831372
0.6767864541116448418 0.7361793481685251495 0.0002507257163078670074 0.01197741251488634341 -0.7361793657555564252 0.6767864807284255102 -3.067918139022003264e-05 -0.006479751414500690455 -0.0001922731549262911364 -0.0001638158444220214722 0.9999999680977011973 0.1364947693462577327
0.676821998317318374 0.7361466796693222348 0.0002204718063097615499 0.01543269214842017505 -0.7361466841257817695 0.6768220251295732348 -7.584426677257112982e-05 0.001857707675947975002 -0.0002050526795871423125 -0.0001109665209602070016 0.9999999728199148175 0.1416066061304733226
0.6768311725605545837 0.7361382511360952119 0.0001976533056807892744 0.0107848491895385333 -0.7361382566954974838 0.6768311929745809419 -5.69925648209245207e-05 -0.006010612497819410073 -0.0001757323296743462573 -0.000106925815398958542 0.9999999788425091296 0.1431732898584993363
0.6768265333273654205 0.736142515357224525 0.0002021628848591540818 0.01500314494038656674 -0.7361425265360258541 0.6768265508473992886 -2.637048075790289196e-05 -0.0211133006162532201 -0.0001562416401048820466 -0.000130972455758483178 0.9999999792173828173 0.137039308115701447
0.676881973397599479 0.7360915053085540505 0.0002998402765542844666 0.01015859566615383812 -0.7360915418869756754 0.6768819997969041102 1.776602647813995138e-05 -0.01448392072738841595 -0.000189879064840085994 -0.0002327353945506088458 0.9999999548900876389 0.1317717368720235649
0.6768596003758582391 0.7361120854757868814 0.0002810653918022871134 0.01308349968672011844 -0.7361121081152217638 0.6768596333604928184 -3.186685230182644186e-05 0.001314209952302010679 -0.0002136993931510667709 -0.0001853262531635602726 0.999999959993374099 0.1315030261436098691
0.6768433965215396864 0.7361270077575624571 0.0002122199716253189749 0.008508698081945363992 -0.7361270059557899481 0.6768434241358842751 -0.000101532303657262722 0.01406621413018020392 -0.0002183803631468430879 -8.749938305255810774e-05 0.9999999723269372698 0.1308256604059721273
0.6768478510764296407 0.7361228526544506545 0.0003637242453604209481 0.009015423003210343289 -0.7361229196449601275 0.6768478705896552317 8.516960723580749206e-05 0.009058977246923024737 -0.0001834906867161709815 -0.0003253926190749399433 0.999999930225403455 0.127580455538234383
0.6767853881975434138 0.7361803500612706941 0.0001746659618929843807 0.003641516673390436751 -0.7361803614278419339 0.6767853983714897659 1.161473643823378087e-06 -0.004227995506378325573 -0.0001173563185279977665 -0.0001293717193464244462 0.9999999847452264445 0.1300456570404379952
0.6767996838334163767 0.7361671872505871628 0.000245725008042637597 0.00383790395802192149 -0.7361672043185757408 0.6767997092488622357 -2.913178437280042069e-05 0.001074724461778094921 -0.0001877524777597296601 -0.0001611783097489130634 0.9999999693852794636 0.1343091562479160339
0.6767998618400832278 0.7361669857122623561 0.0003408266405806082712 0.001127022473706932064 -0.7361670153542544393 0.6767999133820589153 -5.246598301420740115e-05 0.003117078680989709191 -0.0002692951653912411918 -0.0002153963606941393198 0.9999999405422592691 0.1346486237963528954
0.6768539059854572493 0.7361173667428732026 0.0001110585477782715335 -0.0008862478161844598076 -0.7361173646566268047 0.6768539140993465875 -6.649518730063130976e-05 0.001370765584822201868 -0.0001241186749347268073 -3.674459825946786398e-05 0.9999999916221946616 0.1388150741374131469
0.6770261761463719496 0.7359589318879004027 8.596089542753758829e-05 0.001144886399250364664 -0.7359589362952658753 0.6770261661980078172 0.0001198857837165330986 0.000738499424574996571 3.003323785834925347e-05 -0.0001444295028857463465 0.9999999891190618495 0.1403693613366983617
0.6770313517487833721 0.7359541757063902123 3.431609843171768244e-06 0.005208919347582495127 -0.7359541580210332556 0.677031334442202759 0.0002224346985174617596 0.004168660940822370778 0.0001613784378044991956 -0.0001531207721459100881 0.9999999752555144283 0.1386451502495973931
0.6768676598915285281 0.7361047252496282223 -6.67859887354559274e-05 0.01084133191150818409 -0.7361046266165858221 0.6768676113079657997 0.000464153140948669917 0.009781464764451091101 0.0003868705929559900143 -0.0002650087750438840056 0.9999998900507408583 0.1322422520282794944
0.6765861998510922515 0.7363634106673647706 -0.0002039696465894437689 0.005556186801372604844 -0.7363632283725205507 0.676586189908672031 0.0005687951287997988206 0.002434683704918183273 0.0005568429670569719284 -0.000234643187235865846 0.999999817434225946 0.1275386700741354684
0.6762744272810427004 0.7366493608840550822 -0.0007862041998719793015 0.01324874958641817854 -0.7366491466780553665 0.6762748602796203601 0.000589961444287717034 0.006628160410821775164 0.0009662848563004541348 0.0001801808150968241013 0.9999995169141087104 0.1306528601913504173
0.6760330269116892055 0.7368701459371509443 -0.001317024454586670145 0.02629183456877789982 -0.7368700523172710959 0.6760341005570587036 0.0006487558738508572261 0.01530497131657974734 0.001368402278010204818 0.0005318954816282987687 0.9999989222806205946 0.1351266140138409066
0.6756114591426388705 0.7372564864438554411 -0.001424596030022096333 0.02956222616670679121 -0.7372564551960784085 0.6756126838375936527 0.000648622933131828925 -0.008880081145376181317 0.00144067661193529031 0.0006120755328939210581 0.999998774906470711 0.1470099939530285504
0.6751480128447552298 0.737682218899581188 -0.0003235326902631225038 0.03931453301848038956 -0.7376817087772910009 0.6751479665819716258 0.0009590400815610953134 -0.005631630719766840196 0.0009258992533335737296 -0.0004088298575058134116 0.9999994877842292018 0.1468594016477425546
0.6746030920507772866 0.7381806247514869357 0.0001828640687451733209 0.05335357154443991917 -0.738180038553224005 0.6746021967762072524 0.001451478042927973862 -0.00154604292639942925 0.0009480924660547285438 -0.001114158181119315801 0.9999989298855392894 0.1490644157949613524
0.6738601793020427833 0.7388588886750960816 -3.713561296908071522e-05 0.06487980333820023149 -0.7388582789369905202 0.6738596861214084521 0.001251826209204129001 0.003065018912074997208 0.0009499471142462042163 -0.0008161178787036710161 0.999999215775736805 0.1453507921700741834
0.6730412189659236155 0.7396049560837841819 0.0001628232182395477538 0.07100493283803301081 -0.7396046092327744903 0.6730406520649990787 0.001141346480593182769 -0.0196625153182949583 0.0007345588686802250388 -0.000888598029260994661 0.999999335408184753 0.1450149657983376417
0.6719478727781035277 0.7405984191772922998 0.0001943792948606411696 0.07568910660341165997 -0.7405981558264072007 0.6719473557396169472 0.00105957694111799474 -0.02911267303017036484 0.0006541083543965674641 -0.0008559374189335875556 0.9999994197565296172 0.1343026080367170083
0.670597501620828651 0.7418213960633635029 8.464477541613231622e-05 0.08835128396494321135 -0.741820926271277159 0.6705969391292658788 0.001207716323049132538 -0.01791650680109174373 0.0008391472815054868296 -0.0008726828146066520483 0.9999992671280042433 0.129607613354186052
0.6689585511427025288 0.7432996840754335643 -0.0001910723689347832257 0.1062876126187414921 -0.7432987406114150986 0.6689580727023652917 0.001441934136556311148 -0.01422781654987545844 0.001199608591829178124 -0.0008225703196390471168 0.9999989421580884885 0.1246078650362649337
0.6666672087320191231 0.7453550033824386523 -0.0008670273678485987271 0.1379368572606934629 -0.7453531572176324005 0.6666675766930929559 0.001735861198236704614 -0.0146796380174359347 0.001871851863533375345 -0.0005110001537546453613 0.9999981175229503139 0.1242348697741425118
0.66380111013544707 0.7479078117479086574 -0.00141113841839384988 0.1799364650692489576 -0.7479061347572200091 0.6638026100522791406 0.001583818970075034265 -0.02202701909839617153 0.002121267945388527476 4.05828951897321889e-06 0.9999977501003862734 0.124504703624061408
0.6603353095509074677 0.7509699457007755763 -0.001191476694723423444 0.2150282577400934036 -0.7509673181890426097 0.660336230932561663 0.002036941817716277515 -0.02804859471825741843 0.002316457316083685332 -0.0004503045476176641094 0.9999972156217824537 0.1342376584218851199
0.6556986000708588946 0.7550223916529416046 -0.0007307325234362761985 0.270395820041723467 -0.7550179980766547061 0.6556976023177760737 0.002911511166588809461 -0.02633439109956848059 0.002677395687874917565 -0.001357357589048587693 0.9999954945562037345 0.1391142255821551654
0.6504814218715812002 0.7595220867594926206 -0.0003457262857690608974 0.3201812288654145022 -0.7595184045828486941 0.6504795660001132518 0.002850845218756020098 -0.03676218148634285282 0.00239016779389978869 -0.001591836374442536775 0.9999958765689358486 0.139222801365299742
0.6443659236201327856 0.7647171879212578682 -0.0004230569818605006151 0.3921371950007213059 -0.7647158055998982684 0.6443656571402635036 0.00162375063598546956 -0.0361242185984704603 0.001514313410360481477 -0.0007227712175874366572 0.9999985922273404437 0.1365555159844729916
0.6367079195155903593 0.7711035639587349166 -0.001522786425831518849 0.4724415329220076898 -0.7711047470327229147 0.63670821392191157 -0.0003455867514382354147 -0.05652000032329929091 0.0007030874496847740358 0.001394265663196067075 0.9999987808449063431 0.1362785026025494228
0.6284342894882301023 0.777857381711139495 -0.002870107166445446181 0.5616829443317238324 -0.7778626042520858652 0.6284315455830067343 -0.001887173693364476964 -0.06088552794875999596 0.0003357138946435379249 0.003418513694104213969 0.9999941005127503946 0.1236293611158330863
0.6195393718486950085 0.7849575162396741357 -0.003558711901660936879 0.6703019385675892394 -0.7849652506982789379 0.6195369151010856612 -0.001888392292716036761 -0.09860918015875623499 0.0007224456695120062182 0.003963398554883436863 0.9999918847391463528 0.1201427826417279243
0.6094277157878521534 0.7928342472490128578 -0.003422808923249134536 0.7848362217501781979 -0.7928386742232853557 0.609431559908213516 0.000102205370515582057 -0.1209790701836582077 0.002166999699361001151 0.002651448503333910835 0.9999941369493811072 0.1280529485263462441
0.5983202502213624818 0.8012509673258522147 -0.003124985866411209533 0.9086926949171264534 -0.8012460129446445922 0.5983279307485492859 0.002917880858221110364 -0.1521465724328159019 0.004207721187259532737 0.000758055260763365428 0.9999908601755480575 0.1197884633807779764
0.5868118466290598301 0.8097167485037289891 -0.003262491467348116979 1.039519697284914335 -0.8097022443506673994 0.5868208800194988362 0.004850800847894611023 -0.1772671937500630568 0.005842272804121684086 -0.0002048607398961738298 0.9999829127942937435 0.1228013968144705398
0.5749259116356341126 0.8181979948714219741 -0.003498188181372712154 1.168385932810040551 -0.8181819531668783618 0.5749365479383231614 0.005124193500347827383 -0.2261288700190887124 0.006203841084354833751 -8.38771808040472813e-05 0.9999807524749759757 0.129185773511696661
0.5626286446632177141 0.826701901786019322 -0.003601914774449057298 1.31332699809118858 -0.8266917544742065083 0.5626398047434254535 0.004146468964235796618 -0.2570259458226732963 0.005454474403828913839 0.0006447510308697783528 0.9999849163887857273 0.1208751313799011212
0.55039203829985206 0.8348986500014159429 -0.003584467070625925716 1.458125050790554988 -0.8348978618077941283 0.5504007269335684516 0.002144794164008377406 -0.2848786039190928099 0.003763579033403457487 0.001812186261323832717 0.9999912756888502674 0.1222770776388318187
0.5383748565033824596 0.8426991623251465224 -0.003261242660645481597 1.619947061223967255 -0.8427023980043072404 0.5383793148310440646 0.0006178689817281384942 -0.3466263015465576025 0.002276463262465080323 0.00241561188622411516 0.9999944912519419526 0.1159304871627942629
0.5263403512466389156 0.8502701566430042046 -0.002548602377561791799 1.771596186754860414 -0.8502718375261212325 0.5263433857805939198 0.0006652497329690512575 -0.3924047380215119341 0.001907081999072658077 0.001816857048575241549 0.9999965310283402964 0.1049998672265946426
0.5147250433201888686 0.857354104641659287 -0.001438414182785284576 1.949801975601788584 -0.8573497959370194321 0.5147270255667866223 0.002723336217298730905 -0.4340481838136746595 0.003075254138058506389 -0.0001685452463406495458 0.9999952571909962451 0.1142385024102790386
0.5041398201276118263 0.8636220473441037493 -3.324320869890750056e-05 2.117132837460667716 -0.8636154200060818242 0.5041361014758014569 0.0038983995090672483 -0.4618656736258887618 0.003383502867019919005 -0.00193662907964387487 0.9999924006592035841 0.1139861007049759872
0.4950510291225425075 0.8688627077386100739 0.001440023637059253134 2.310908187740136288 -0.8688617036658978776 0.495045369760123477 0.00306949248070405474 -0.4889157370645961231 0.001954090514296511968 -0.00277073680207091293 0.9999942522573997961 0.1235485661409855829
0.4874810426080896097 0.8731277189780758397 0.003196787779173529496 2.500271621470144368 -0.8731318023152101482 0.4874841574548834378 -0.0002280757068984392265 -0.537451421830595244 -0.001757522618811022033 -0.00268003449185659319 0.9999948642514956409 0.127063926419930584
0.4810423353079014142 0.8766851703697866594 0.004624251015186563174 2.698487856722731504 -0.8766859424690451874 0.4810563021501089165 -0.002567574937170264554 -0.6068434671825152504 -0.004475479964809841484 -0.00281890361560785006 0.9999860118329111369 0.1221618240752054968
0.4760510600506608903 0.8794023602021664443 0.005184312657827500753 2.903054026985372627 -0.8794041282701858808 0.4760681536722812801 -0.002737196129758324645 -0.6673083097428946786 -0.004875182891917481318 -0.00325606083439886583 0.9999828151821478217 0.1224644302769487547
0.4727962353546185104 0.8811514029117648583 0.005993745353443247735 3.122750669177495109 -0.8811624487378260095 0.4728116035189920963 -0.001387989333762928599 -0.7416700841213741402 -0.004056941100317780664 -0.004625227201035538895 0.9999810740720285196 0.1068602200929737178
0.4708304737854764332 0.8821992104581483085 0.006574041694158695021 3.348804924285866846 -0.8822195513324943006 0.4708380502607366069 0.0004400858935102093419 -0.7893152463625019433 -0.002707065545821994192 -0.006006953963609507931 0.9999782939145280825 0.1004594011067841131
0.4694840920534784079 0.8829122871692426378 0.007111995256669488043 3.583285321825846914 -0.8829378601234874058 0.4694884722509717334 0.001144371547490216938 -0.8570470509768524092 -0.002328620087343924189 -0.0068167141100774261 0.9999740546320343704 0.09127501165485826795
0.4689395559916755274 0.8831940109545384221 0.008001989914872468732 3.815907522011904973 -0.8832236854288777472 0.4689517771497640486 0.0003901381060712250971 -0.937672018507126892 -0.003407979752586678523 -0.007250498213614846484 0.9999679074598648576 0.08559060376928843972
0.4687805738486661711 0.8832739614955075202 0.008478356466955034795 4.064521008380021172 -0.8833018821801554843 0.4688038132158804383 -0.0008772989670148299618 -0.9938446300618654083 -0.004749581175523142143 -0.007077687511861620838 0.9999636732492546143 0.08889569641207631379
0.4686320571186723405 0.8833487457278232924 0.008887545444937286834 4.324612043700096109 -0.883378711127397187 0.4686586433842984123 -0.001062407793937411495 -1.060744997652036226 -0.005103701583466687709 -0.007353190090263067753 0.9999599406104446864 0.08883051572831898723
0.468891593554408459 0.8832028081774574435 0.009668149962311106682 4.589508104174557346 -0.8832450470540168519 0.4689116550658499194 0.0002158707619029692141 -1.134373718023009125 -0.004342850537136029761 -0.008640565553937249593 0.9999532390447669616 0.08698415406182000154
0.4694842266864548419 0.8828833254032715239 0.01007941564353388719 4.848873895217659324 -0.8829306882164664749 0.4695030205880573182 0.0005598808087714621413 -1.238505949499083769 -0.004238006660124050799 -0.00916228059950784969 0.9999490446586593029 0.08190505574220433016
0.4702386387245557908 0.8824735776726566616 0.01077067139647902398 5.133461976745047117 -0.8825309947679521594 0.4702521490979413299 0.001399837451070919028 -1.3475058548144212 -0.003829611807815260123 -0.0101637089992805997 0.9999410148067635618 0.06532862360294397486
0.4713736903458185523 0.8818566176838482651 0.01165117587199454401 5.427210886584671989 -0.8819233453500512354 0.471390736507610042 0.001409419604055887421 -1.426127910851975322 -0.004249350370549167567 -0.010939807322300793 0.9999311294470134559 0.06940275626797734465
0.4728481300510894991 0.8810501342714063266 0.01285716958577514356 5.719300679513641406 -0.8811352671539184334 0.4728578814504799666 0.002462707857132316689 -1.525583842236428289 -0.003909844883581506565 -0.01249339236291235368 0.9999143104587779884 0.07102169616242672012
0.4743645635971070473 0.8802307636627381138 0.0131172980171849838 6.001143622974060676 -0.880321007398420452 0.4743693255618256499 0.002943960135906846347 -1.625373372823749385 -0.003631079534983568894 -0.01294394336995031633 0.9999096307124194505 0.05487086200908629363
0.4763178337635650683 0.8791879112431132404 0.01224491588330720547 6.288095561784477816 -0.8792672854796462767 0.4763194350248399767 0.002972625961106511658 -1.719002101788388526 -0.003218994605811293687 -0.01218246870802571456 0.9999206096135365707 0.04110079351898657946
0.4790155934201256738 0.8777267456080770636 0.0118246059913853889 6.594846283771096829 -0.8777993802096705211 0.4790221453321100165 0.002456091849713176647 -1.814290090793333698 -0.003508470623537079686 -0.01155613810534633981 0.9999270704936309428 0.038034815088231054
0.4820817092999309939 0.8760381996439217112 0.01242168770038175503 6.908188333762115718 -0.8761153272180728369 0.4820980710016474213 0.001839389108562446227 -1.86957485196312212 -0.004377096555829252007 -0.01176956682974412971 0.9999211560530070209 0.03153724756626109099
0.486172053619279454 0.8737672947244631283 0.01294020678885375066 7.234953059976691137 -0.8738594796637370044 0.4861594093554454377 0.004317232819778397783 -1.907486296284335525 -0.002518746447773028817 -0.01340684031719310831 0.9999069519455507926 0.02242122244908319531
0.4907449013010754535 0.8711906389647638971 0.01401115374965533969 7.564846985998197049 -0.8713026583347874832 0.4906615580598953641 0.009105658855962130149 -1.942705458993865264 0.001058030227898183783 -0.01667651116496251737 0.9998603775264838234 0.008558318897491160038
0.4951585995570376708 0.8686678874724149679 0.01529910327951575742 7.897336357954624297 -0.8687922091155735327 0.4949897666465221668 0.01360986030551725699 -2.043711286730028664 0.004249549038159809548 -0.02003078110474464796 0.9997903325904423655 -0.006574079286646552882
0.4989661015257193521 0.866480978367961896 0.01560588533078064929 8.228638017285200945 -0.8665984088850278155 0.498740434330564919 0.0162842526365190414 -2.142348482609839788 0.006326709128495549943 -0.02164932545120052537 0.9997456073717518876 -0.01984883113602160104
0.5027260300961416961 0.8642869667108180609 0.01657039045463091706 8.58935692794792871 -0.8644200914053681295 0.5024708817475775913 0.01734700472068179469 -2.207339324738041064 0.006666651388916267247 -0.02304456924870208409 0.9997122103822690953 -0.01746912761052960353
0.506141403707866977 0.8622869577015724873 0.01679529793211963565 8.939429887953233234 -0.8624259902893079976 0.5058841963852677148 0.0173951465463949087 -2.271149971213228813 0.006503132196822389993 -0.02328910534200861332 0.9997076206791669639 -0.04098693628165498565
0.5092828834655520609 0.8604584743261439739 0.01556144503475966057 9.286005114001385508 -0.8605586313236488483 0.5090001048641887849 0.01891389184819272998 -2.370801347081471278 0.008353841368734637313 -0.02302405721853414966 0.9997000080642119979 -0.04777961963230016595
0.5116942464592889594 0.8590613523846504229 0.01351262305211040071 9.650629888279013358 -0.8590907016205034941 0.5113747065467929565 0.02142605646413375461 -2.492393653560722289 0.01149628339439824447 -0.02257215863558000718 0.9996791150777571966 -0.06172120517958239183
0.5134736903772884054 0.8580279633193813593 0.01152317033440128716 10.02112245455274575 -0.8579514633940775736 0.5130810293764165309 0.02582912612205475952 -2.571641407074344521 0.01624979238397166945 -0.02314889756045067706 0.9995999563771578167 -0.04808062306070208514
0.5147130323009282415 0.8573118141802491543 0.009324572311168205507 10.37474320725603683 -0.8571239290029025737 0.5142827962582782186 0.02918519839961193976 -2.628293016834194695 0.02022534826508170722 -0.02301431602218862588 0.999530528070848634 -0.04143069199680844
0.5158518781978688184 0.856648658230805049 0.007065133638183409247 10.75257767240279527 -0.8564060841802310087 0.5154630355434085542 0.0294359978544797736 -2.700297026648045051 0.02157449283406707302 -0.02123523821314851623 0.999541697938103102 -0.04676352092972303753
0.5166784072140925277 0.8561661907560608187 0.004783024900401866217 11.12219372474688051 -0.8558874994300617045 0.5163482005950366105 0.02900213895310195522 -2.77357876387728286 0.02236094453053151521 -0.01907851018180716299 0.9995679059518405296 -0.05238130466468356172
0.5175599975523037521 0.8556388499048492857 0.003715840335519074531 11.48135788319560824 -0.8553700840097863134 0.5172772083335729354 0.02768228895788370919 -2.899315372454477568 0.02176392237128672857 -0.01750566406524435223 0.9996098656019025697 -0.05876867568055611779
0.5184094995156640628 0.8551211049380277318 0.00441437466897213332 11.85890617195028796 -0.85483754277785029 0.5180882086033606893 0.02893758051252262598 -2.994639178017660441 0.02245810035774966143 -0.01877508982561600093 0.999571473047507264 -0.04660072433323296515
0.5193144276720822461 0.8545656322669021865 0.005486835346556453476 12.2405966530183683 -0.8542526219241346475 0.5189242342991999823 0.0311463801261258541 -3.089321389899978954 0.02376937419437042537 -0.02086190805011802277 0.9994997737082881306 -0.04518514178009865045
0.5204260968754899075 0.8538876105987213139 0.005711931300574366564 12.61954838865300843 -0.8535559680690655293 0.5200089849427668165 0.03213821642070954082 -3.16558845811345968 0.02447216923070975533 -0.02160101958317538901 0.9994671124584908473 -0.05419750858201254073
0.521783249587795539 0.8530638861729129552 0.004924079548558247914 13.01110715977243437 -0.8527314357971302883 0.5213979881519367199 0.03151565256675194909 -3.238089686186695015 0.02431745988375037804 -0.02064325703258114778 0.9994911290671326665 -0.05629530284556998054
0.5230942569515557583 0.8522707028712982469 0.002654689020611538525 13.39775186135204166 -0.8519394313082379044 0.5227984828174419007 0.02968083132609841343 -3.336851289578365964 0.02390823558377049365 -0.01778750666274993286 0.9995559018274045027 -0.05806877544366163824
0.5249858075399086443 0.8511109664445282164 0.000157104309666455705 13.78842534595050751 -0.8507468338489370119 0.5247557848469313058 0.02934605540650277872 -3.423623605080111432 0.02489430818304138454 -0.01553991858972652781 0.999569299423664126 -0.06838374794377928556
0.528020505760457004 0.8492265294895670058 -0.002940596845848475211 14.18891856482144043 -0.8488178167346636105 0.5278681365612732934 0.02938612596718093162 -3.50153258593525285 0.02650772514764829571 -0.01302044610094142164 0.9995638091141713089 -0.06809072407899009749
0.531483490026540939 0.847054544622495853 -0.004888585257178409624 14.59205527989543327 -0.8465891340241832319 0.5313679369987714951 0.03057701234725150943 -3.57578274131493723 0.02849803473266706091 -0.01211255407742380108 0.9995204590452863025 -0.0683557632336530413
0.535206402515153945 0.8447004361451055932 -0.005939687305588707035 14.9753542144669396 -0.8442009937421149912 0.5351102694135231319 0.03133180070221086577 -3.665691442687347923 0.02964437339269469784 -0.01175469041225662287 0.9994913898475910052 -0.06907224205528213201
0.5393816778323173855 0.8420350280177846258 -0.00666462392904661801 15.37776356993757609 -0.8415500905685227018 0.5393130466971713943 0.03057585204956531424 -3.74932866296221512 0.02934025707348836276 -0.01088343950855291328 0.9995102300923827121 -0.07087218389895742765
0.5429638442685942312 0.8397294647295632242 -0.006685049311982159057 15.77778604466702816 -0.8392905189524090259 0.5429106758127056898 0.0289727956438136508 -3.823979977740706193 0.02795869481750815413 -0.010120481995697473 0.9995578458639993169 -0.06914138977182661405
0.5460339296967954281 0.8377415411414027568 -0.006004820408261934798 16.19140137417204173 -0.8373266486845284406 0.5459667933605826251 0.02836095824421806452 -3.897792535127029279 0.02703758541076315206 -0.01045804933165469727 0.9995797107681481108 -0.06360894925945982659
0.5491838321554260993 0.8356998710327192548 -0.001686433280656482415 16.60832278262623873 -0.8353460130933695327 0.5490079169849727547 0.02805967745831324314 -3.973562386873325192 0.02437533405567942485 -0.01400116587825731874 0.9996048271410686858 -0.07154449306879910597
0.5524537960722695207 0.8335119026425786837 0.007260258998164427317 17.03736256248882697 -0.833305470962608541 0.5520669193660462382 0.02870729189073312204 -4.045498872397635282 0.01991972066464458083 -0.02190946592376611171 0.9995614938719780129 -0.07623861890153475762
0.5557522406375807744 0.8312691692097947671 0.01144619368169019248 17.4472931809774785 -0.8311193089221675656 0.55522381851078495 0.03109993082423618063 -4.132541198720256048 0.01949721429538285589 -0.0267970088217586444 0.9994507386324397169 -0.06622987212105578558
0.5586861695570569664 0.8293610577756116431 0.005477206698211340395 17.8624327814679269 -0.8290297849882281023 0.5582469954443253224 0.03270944331513964132 -4.181062602308839082 0.02407030432439160803 -0.02281508108543326904 0.9994498949546191113 -0.0636995085120609511
0.5618693038155654351 0.8272229166641079656 -0.002265298605315503241 18.25991199353964234 -0.8267275876948382285 0.5616237013691611768 0.03317097838333119691 -4.27415194375121299 0.02871203887428498344 -0.0167649696797425099 0.9994471244719861369 -0.05129619409323428469
0.5650692049284720131 0.8250220864506697671 -0.005945629682457101266 18.66188500910317671 -0.8244961495374617533 0.5649421159233465328 0.03234973038809293294 -4.35051607253262862 0.03004817867420502692 -0.01337768765028858088 0.9994589258351226357 -0.04953584997850692118
0.5681119619966417122 0.822907142106709677 -0.008522564656636876651 19.07276006039428395 -0.8223588197771536379 0.5680654189469479531 0.03205700131930808161 -4.395427270708075262 0.03122130960235771843 -0.01120335970273463912 0.9994497058672275891 -0.05528445770479935295
0.5708649326242027922 0.8209288723789164299 -0.01374827977886160235 19.47213086244154923 -0.8202231809157258802 0.5709628327982400053 0.03514793100208999516 -4.470957927432695378 0.03670370813263926918 -0.008788063491051026702 0.999287550082254783 -0.06097214082414496861
0.5730588218630380259 0.8193926708345584675 -0.01411515744823521254 19.86999961689491201 -0.8185436201751559171 0.5731332276482451471 0.03878975687323266835 -4.527438052638342647 0.03987390823245148819 -0.01067494029710763966 0.9991476953343422229 -0.0715432851349479676
0.5765613988448381466 0.8170341477095111049 -0.005670523865508209603 20.28136621670635975 -0.8162185381443727294 0.5762718389087722048 0.04120759241201277234 -4.583189752087045932 0.03693577336106224768 -0.01913032042408015915 0.9991345152113886297 -0.06765430697654394032
0.5798008960083347318 0.8147538812744402614 0.002652157310654682139 20.67410491867042666 -0.8141868592123856496 0.579269365859998886 0.03932887062013326607 -4.638788583838120871 0.03050703650038999112 -0.02496226605544822619 0.999222800979513659 -0.05151040448700765217
0.5823862669034538531 0.8128995342095590715 0.004536893912553523374 21.06552545429979517 -0.8124555104582187326 0.581862975474192079 0.03676304259205066816 -4.696309337832519581 0.02724480960783504102 -0.02509631559481550686 0.9993137121509950704 -0.04521536803372104563
0.585680977754198695 0.8105406821123714023 0.001262909311969699416 21.46087621678337598 -0.8100502379973752998 0.5852709227905101841 0.03572896386085505638 -4.752862820231833041 0.02822063464052849968 -0.02194879447690015889 0.9993607187604983677 -0.05276498870696540167
0.5892792219661158182 0.807925850507911214 -0.002412186209778974331 21.83564317618573369 -0.8073428406532433543 0.5889624940439621703 0.03634168760112391205 -4.810783724561653152 0.03078207607024070411 -0.01946794012773841662 0.9993365114414624051 -0.06458954073232954507
0.5922845754672553253 0.8057179720609433105 -0.004187023263265953962 22.22166359369384381 -0.8050413789966961442 0.5919858508717729118 0.0382247364013210203 -4.862392952020707426 0.0332770156249608956 -0.01926919479005325883 0.9992603956743421056 -0.06116632846951104707
0.5950665546410623952 0.8036675878577578258 -0.003768789824522230259 22.59650658861631811 -0.8029594292968843527 0.5947271737636150579 0.03944291688749702873 -4.922932145086293509 0.03394039559389594451 -0.02044497533059833408 0.9992147179313688454 -0.04810543763576931309
0.5978232430056544811 0.8016239916864792425 -0.002519142129942952054 22.97129291436680631 -0.800950743836948087 0.5974444042112704301 0.03921848831749006475 -4.962373787226940891 0.03294352852192321962 -0.02142801510893246192 0.9992274836577607067 -0.04217020497263461454
0.6005769947738183179 0.7995643340620530726 -0.002036920859396164265 23.35517779135957284 -0.7989544102659450475 0.6002146650892715707 0.03760593211980609724 -5.00592914024609037 0.03129095184359134002 -0.02095785079420409494 0.9992905707664880843 -0.03550453664528031156
0.6030855849733360863 0.7976731583173747309 -0.002304278539234476397 23.74278856267374138 -0.7971027487778630238 0.6027588383297841634 0.03617997662152549337 -5.039596597136257294 0.03024872047503824116 -0.019982875607540692 0.9993426337308340957 -0.03482381390451020492
0.6052323655456745 0.79604438500304886 -0.002668483340379701994 24.13275539170810191 -0.7954659983001342027 0.6049140766225737931 0.0362326572922828799 -5.075053209457152548 0.0304570065270900539 -0.01980648911871168635 0.9993398189515929619 -0.0398417725193758801
0.6070165895334012074 0.7946859369648298088 -0.002263100484298024954 24.52914665719278986 -0.7941108449426024229 0.6066810133488359513 0.03641584804457860536 -5.122803076958433621 0.03031214241879895757 -0.02030787124721078821 0.999334160522591497 -0.04686802336242519573
0.6085664514969092442 0.7935022386162887686 -0.001035096918814183697 24.9453232413124546 -0.7929592368161543225 0.6081972485488558178 0.0362181668196138451 -5.193027090515941246 0.02936873954794597119 -0.02122037159836182019 0.9993433709024119871 -0.05269532907733771865
0.6100284083032222471 0.7923794972967601602 -0.0002707932860693836974 25.35549755854298581 -0.7918938069884793318 0.6096663834785636116 0.03480085216905578344 -5.247705904525923337 0.02774057531060347692 -0.02101506893007243706 0.9993942302011274981 -0.0572696446571570178
0.6114567455744405189 0.7912775210729374731 0.000730026310526171447 25.76770443178732251 -0.7908547752086659832 0.6110993843322338748 0.03326059230749683904 -5.292217360601360276 0.02587224040158484992 -0.0209147583219278406 0.9994464468199087959 -0.06089573877642349975
0.6125194760029755159 0.7904506622969684759 0.002764415590519403009 26.18881251331695026 -0.7901273525594543212 0.612160694878100986 0.03095238901892988573 -5.34111354281684747 0.02277406983086232087 -0.02114318147482635926 0.999517037183691115 -0.05970903289968161609
0.6133266973585778103 0.7898171903066384392 0.004378150931570717191 26.61097935336436748 -0.7895210710440841995 0.6129230574398577547 0.03133375237997969298 -5.400325239677539635 0.02206446661160801556 -0.0226744692757507825 0.9994993885722046612 -0.06909027079377964842
0.6140749897294206505 0.7892310923792634769 0.005117598350705951371 27.03554067346902912 -0.7889164633661339687 0.6136165450579452729 0.03294767766099201967 -5.440632928481526243 0.0228630886127901764 -0.02426970241304921699 0.9994439757804679525 -0.07299675509773763393
0.6144881740247514212 0.7889104631092008768 0.00495632755032434421 27.4567006785037151 -0.7885398780663545049 0.6139787427393962327 0.03514205693295928412 -5.491276351279442913 0.02468085665163801193 -0.02550264031839769713 0.999370036899113301 -0.06544506304103776817
0.6145547067515781947 0.7888590320011057422 0.004892856220347989102 27.87330870994258447 -0.788489912572948759 0.6140499441178008944 0.03501890777650568803 -5.537157451835006405 0.02462052360162914413 -0.02537900237276520185 0.9993746725108396678 -0.06960510710583746319
0.6144666057574202922 0.7889276227042334444 0.004898626892780689329 28.2914338659022313 -0.788609450939433021 0.6140146269860227157 0.03288117605031867091 -5.566363116095381258 0.0229330394887828394 -0.02406748810522442092 0.9994472630990159923 -0.07291649092047837455
0.61452634073031287 0.7888888024789333375 0.003440039854269935811 28.69469375830223612 -0.7885855215989238109 0.6141560249762425538 0.03074495262908936988 -5.63322285196966277 0.02214162765917556536 -0.0216063488578816347 0.9995213424502933375 -0.08233805820768731742
