1 0 0 -0 0 1 0 0 0 0 1 -0
0.9999999663626316648 -9.614960273653955648e-06 -0.0002591954628717682454 -0.004007005023195314708 9.702233763094410097e-06 0.9999999432661141885 0.0003367100163311095265 -0.0009712520930578416286 0.0002591922107131701598 -0.000336712519780042979 0.9999999097220343414 -0.001640052323769370822
0.9999999660503844368 6.260626605640535807e-05 0.0002529420596955062744 -0.01889765088639829005 -6.265259903981243341e-05 0.9999999812612432315 0.0001831725006288808264 -0.02305476239272652786 -0.0002529305872093902223 -0.0001831883418876742941 0.9999999512340735919 0.004073123278797869014
0.9999999868761763056 0.0001219115495221756397 -0.0001067015529892950009 -0.008863470991367220983 -0.0001218711514350085616 0.999999920930134234 0.0003785328886271549878 -0.00811230676520350788 0.0001067476920833908402 -0.0003785198798182402478 0.999999922663812435 0.00443151359505509438
0.9999999698931363312 4.83054323782430785e-05 -0.0002405832738477160391 0.007715362571509848041 -4.823355909269727961e-05 0.9999999542131242647 0.0002987428212174846466 -0.009078427556127447937 0.0002405976937333053939 -0.0002987312080357218381 0.9999999264362048335 -0.003041369575765195
0.9999999362609204301 -5.794350429673433313e-05 -0.0003523076857854500745 0.00747760094801561484 5.806243953168290791e-05 0.9999999413314630825 0.0003375882455565022634 -0.01402079096246584139 0.0003522881040701129592 -0.0003376086798826445244 0.9999998809567284264 -0.004155386841638663772
0.9999999966790363848 2.087923150251086766e-05 -7.877807337155564064e-05 0.004323014252823519088 -2.08675147940854205e-05 0.9999999887221946437 0.0001487284687267468588 -0.009319672833082824279 7.878117781924990162e-05 -0.0001487268243302090041 0.9999999858369287287 0.0004489442207419984681
0.9999999303089073255 0.0003300873512554313295 0.0001744262619433462047 -0.006530281630394139426 -0.0003300879011727953622 0.9999999455161077133 3.123942546818230681e-06 -0.0006334579713237522549 -0.0001744252212660032388 -3.181518327851696753e-06 0.9999999847828598964 0.003764740705819385504
0.9999999183025921612 0.0004027585181951952179 3.435673235538111295e-05 -0.004509835022022005979 -0.0004027582890289379039 0.9999999188705868125 -6.676857414804549451e-06 0.02184471855722745423 -3.435941872923942711e-05 6.663019410576017438e-06 0.9999999993875172688 0.00298084413006494001
0.9999999247135461511 0.0003875696684718883461 -1.904347794466078767e-05 -0.006651121304007748085 -0.0003875659871095850774 0.9999999062836751884 0.0001929384526862111906 0.007289882606027717725 1.911825325209339112e-05 -0.0001929310575562341926 0.999999981206049493 0.005421422376067965357
0.9999998946546564405 0.0004365067454275965188 0.0001419596323432631879 -0.008886088754070806117 -0.0004365098927703449198 0.9999999044844521956 2.214046057499496339e-05 -0.005409692962344328157 -0.0001419499543235184494 -2.220242502652331661e-05 0.9999999896786313514 -0.0005033351735014287643
0.9999998987613260004 0.0004355468955791744938 -0.000113032028324244288 -0.01313189714422128597 -0.0004355121784628629639 0.9999998580440107032 0.0003069871346726113807 -0.0128823652715543812 0.0001131657195721410945 -0.0003069378767687564661 0.9999999464913283953 -0.002599987615946636795
0.9999999967020223313 -1.880626286351911802e-05 7.900809934151073889e-05 -0.01339322751230512774 1.879980870789749018e-05 0.999999996486676257 8.168974614014968931e-05 -0.002105222093619652304 -7.900963534276227585e-05 -8.168826053359112827e-05 0.9999999935422527741 -0.0004099987230809027305
0.9999999999195346989 -1.295979365952623189e-06 -1.261947247665985449e-05 0.001297092591940673251 1.298912025137419729e-06 0.9999999729955896255 0.0002323943474842516841 0.004535584448511990191 1.261917095759875893e-05 -0.0002323943638571365842 0.9999999729168076446 0.0005344763061579993263
0.9999999100208668557 0.0004090304149073548438 -0.0001124827891771088055 -0.001271974192995874425 -0.0004090005624589148595 0.9999998811696689804 0.0002652907610335361599 0.01099814288022998854 0.000112591287800771096 -0.0002652447316388746308 0.9999999584842163003 -0.0003641861760898243753
0.9999999517168819407 0.000309429510545724683 2.862886329536775966e-05 0.005356101211764587901 -0.0003094362544007445669 0.9999999243101944657 0.0002358576049022435177 0.01172786549169522151 -2.855587982516537347e-05 -0.0002358664523225343756 0.9999999717757888096 0.003872150499411104469
0.9999999096774285778 0.0002851693252371094271 -0.0003151564543045030095 0.004569193588402167307 -0.0002851157648592102115 0.99999994490783084 0.0001699803985329382812 0.0005941877991687741613 0.0003152049101373932661 -0.0001698905271063712069 0.9999999358915346859 -0.00703443285914839931
0.9999999637423893084 0.0001615517463249830819 -0.0002154443161947280265 0.007003952485141282103 -0.0001614797251789745042 0.999999931095020167 0.0003342667395916532752 -0.009269489119754805578 0.0002154983027250759935 -0.0003342319375829598299 0.9999999209247435461 -0.009021065378235812449
0.9999999739829087408 -0.0002098280684676436208 8.947828494947620496e-05 0.01398129499479728623 0.0002098269291472158792 0.9999999779051488291 1.274212390826532064e-05 -0.008042189387391863314 -8.94809566277151707e-05 -1.272334862299250259e-05 0.9999999959156373741 -0.0001528175220076050263
0.9999999911508149486 0.000101183308871578457 -8.637307461744788935e-05 0.008813199602672990365 -0.0001011496911675171845 0.999999919172989693 0.0003891307673089294036 -0.007890168805773761437 8.641244117480056139e-05 -0.0003891220272556142616 0.9999999205584657602 -0.004715915956081275992
0.9999999826610938003 -1.402152725748323527e-05 -0.0001856911651332418328 0.008036306954253792309 1.404566548593014646e-05 0.9999999914525824485 0.0001299905933501890713 -0.005086547456095340605 0.0001856893408794122932 -0.0001299931992522859628 0.999999974310618045 0.0009200739732879544474
0.9999999976192809337 2.381176674771815624e-05 -6.476448024793159705e-05 0.01266108388278448099 -2.378721784912961947e-05 0.9999999278878027864 0.0003790231623625028162 0.003620167979411037171 6.477350078875239719e-05 -0.0003790216208933553407 0.9999999260734995232 -0.00327901770039151037
0.999999957434497655 4.580286586175230543e-05 -0.0002881546464657467038 0.01231121734511059045 -4.569101367810812542e-05 0.999999923621366027 0.0003881618134887018963 -0.002681334401280893558 0.000288172403380365465 -0.0003881486308885053892 0.9999998831486462958 -0.003998174639854413549
0.9999999969938584421 -1.354224603699852759e-05 -7.634717252206139448e-05 0.00358094347553620249 1.35593153482253922e-05 0.9999999749143294592 0.0002235788125420143239 -0.01448040954240187826 7.634414284755175288e-05 -0.0002235798470852934383 0.9999999720918114621 -0.00613762637079696971
0.9999999868643888457 -0.0001050045859059964759 -0.0001234716932261799348 0.004401461664986000902 0.0001050212527460315246 0.9999999853746074363 0.0001349863745782665686 -0.009537116311687795361 0.0001234575172319767793 -0.0001349993399570536233 0.9999999832667096911 -0.003849320248435580093
0.9999999999272404239 -7.636880745403352404e-08 1.206288909611405933e-05 -0.007424454039448692179 7.459810456383805346e-08 0.9999999892264597179 0.0001467892188380738084 -0.01003243845586725656 -1.206290017627166205e-05 -0.0001467892179275248285 0.9999999891537059149 -0.0027816475594846235
0.999999994552344118 -3.136774399694549237e-05 -9.95558962264709305e-05 0.004438880470043478181 3.139131285315464913e-05 0.9999999714826738328 0.0002367472004339995454 -0.007249937904393440047 9.95484671618258822e-05 -0.0002367503243345678646 0.999999967019692737 0.0001553544470031372675
0.9999999945099734555 -8.439054524166320352e-05 6.211512624557315621e-05 -0.002720443622567595039 8.437999314192443881e-05 0.9999999820133342876 0.0001698627326473449266 -0.004599751951644341467 -6.212945993695325668e-05 -0.00016985749044086748 0.9999999836441814116 0.002554197162213741375
0.999999998272181001 -3.053313919195651144e-05 5.023310996533340725e-05 -0.003033333507917978979 3.053702322308572237e-05 0.9999999965444618111 -7.732119154512729405e-05 -0.01161243461366372881 -5.023074893307277663e-05 7.732272538115912664e-05 0.9999999957490340874 0.006163162510784159567
0.9999999229582302585 -3.926836539850024583e-05 -0.0003905656527952890145 0.002793098772798754178 3.928297918074364335e-05 0.9999999985286934789 3.740936635307256012e-05 -0.00813901613589240909 0.0003905641832159800764 -3.742470605339479273e-05 0.9999999230295021357 0.002392533183689607868
0.9999995920923484549 4.870756031340590209e-05 -0.0009019105887847776769 -0.01023102684436326404 -4.900718124107165713e-05 0.9999999436247833939 -0.0003321877876392812803 -0.005981364883448156942 0.0009018943578826696611 0.0003322318522330322977 0.9999995381041750786 -0.007485907258133735719
0.9999986852932535308 0.0008959928038606374207 -0.001351520869205745509 -0.003253624285974936973 -0.0008965784590254552129 0.999999504421181018 -0.0004327868518041953208 -0.01486814261676240936 0.001351132425515811719 0.0004339980273146407303 0.9999989930429334928 -0.01461678242571876757
0.9999989880572041079 0.0002680300028625577863 -0.001397155855779408026 -0.005353100655117406029 -0.0002704145439955913744 0.9999985068512078357 -0.001706801490898760204 -0.0151291623949908801 0.001396696295609338662 0.001707177574976918334 0.9999975673891339234 -0.01220438917323941018
0.9999985454559808806 0.0002510603837650963056 -0.001687025372161462221 -0.01741475529057130364 -0.0002531073871475809488 0.9999992319482305936 -0.001213276390366818192 0.001604439885146844748 0.001686719470802457502 0.001213701624186905911 0.9999978409505663191 0.003307445878101995633
0.9999962818339417359 0.000496227021139897034 -0.002681431900181843742 -0.006655000947841078519 -0.0005024073430803291905 0.9999972180215480622 -0.002304676989534575234 0.01355404075150674209 0.002680280797498865285 0.002306015591439444963 0.999993749173932911 -0.02504976218304952318
0.9999943289956866321 -0.000269844609395239281 -0.003356957007957263577 -0.007383885691001044332 0.0002558059809608116664 0.999991224030563397 -0.004181677313678796443 0.01111677408568435485 0.003358055950486491144 0.004180794869688247463 0.9999856221038835313 -0.02572920043890871561
0.9999928957655509487 -0.0004782618306734883894 -0.003738941568059493507 0.01105240480621097476 0.0004622254146394816853 0.9999906965974938444 -0.004288713807785861191 0.03549923366319598927 0.003740957911298080883 0.00428695510594088048 0.9999838134939112999 -0.02345690266165302226
0.9999936536325945147 -0.0009756010106381729453 -0.003426499263463587703 0.03352979285596392744 0.0009593534931154030316 0.9999883051360044517 -0.004740172158960023058 0.03194945354090351908 0.003431083707769603044 0.004736854852048374108 0.9999828947890563313 -0.01699655362385636345
0.9999882523882093199 -0.001184036169606061473 -0.004700334448093805573 0.08520763115705912161 0.001160705233750050939 0.9999870091030382824 -0.004963304193818906217 0.067853017478351485 0.004706150118219554895 0.004957790184053749785 0.9999766359608386335 -0.01477583557438772767
0.9999804811989052578 -0.002662580781590510089 -0.005652245994950216151 0.1247641963498117984 0.002630827743030922893 0.9999807593771014025 -0.005617795028503631827 0.1133614109815269527 0.005667095075294282559 0.005602815290305951726 0.9999682457429487359 -0.01132280307623117176
0.9999690060583253937 -0.003865037021025500338 -0.006859184466885444309 0.1592892434018252645 0.003813294894022306765 0.9999642984714067762 -0.007540594448607263606 0.1555811723567276927 0.006888084260219501376 0.00751420464275798141 0.9999480441622008442 -0.02345281936643072579
0.9999593654144730559 -0.004250927831477659125 -0.007949662411439142873 0.235739144052317745 0.004184055883290679206 0.9999558841726010616 -0.00840971967172903824 0.2069852321449588695 0.007985060816911818127 0.00837611611447300515 0.9999330374993052883 -0.02990810795838315383
0.9999581579489885685 -0.004917699788392007262 -0.007713532268478089093 0.287993872668252715 0.004850392669177950276 0.9999502127551319619 -0.008720418678083348765 0.2817225259283214767 0.007756032634046115468 0.008682640137511708767 0.999932225562323862 -0.02579318900444504958
0.9999514318004130153 -0.00538804805334505612 -0.008252452876495210143 0.3605853704850730534 0.005317893486112435647 0.9999497376732285892 -0.008499537405749565608 0.3416244378400757897 0.008297834004985423992 0.008455238933124106099 0.9999298249804381422 -0.03254279182254316005
0.9999546636297304003 -0.005148448977689065037 -0.008010253321639300428 0.4278431704543659841 0.005079155601053562952 0.9999497144190122588 -0.008647011721758249975 0.4039569856877366361 0.00805436922005610921 0.008605934374608648768 0.9999305301019700831 -0.0122722450055132333
0.9999388124103104625 -0.005375948918885036822 -0.00966801989445276351 0.5554376384791741561 0.005295495103903561859 0.9999512992409317347 -0.008328077687993222858 0.513497291594093519 0.009712320374788356581 0.008276371160977251742 0.9999185829423029581 -0.01647240235644383682
0.9999299262315792802 -0.005648316517781057193 -0.01040380444950029723 0.6497989588468565669 0.005566775899942978147 0.9999536937201283227 -0.007849931308716685124 0.6140957999901366371 0.01044766158469418241 0.007791465586570865687 0.999915066108829631 -0.01156991704867562851
0.9999176936891998047 -0.005960276454576582568 -0.01136137983946596507 0.7807471015874932752 0.00587801377594871291 0.9999563679362419855 -0.007260246401390048517 0.7643558763463315087 0.0114041571946970656 0.007192866490083073966 0.9999090998037444278 0.004799605806213158056
0.9999031261934633319 -0.0062291573350530113 -0.01244732209891261272 0.9046800304175964813 0.006149081031341013803 0.9999602202872746037 -0.006461164407075526209 0.9053340097508397744 0.01248707455767463469 0.006383998897275340936 0.9999016539275603632 0.0005077233593365947312
0.9998866019154015738 -0.007098296084471817161 -0.01328147216118579638 1.056125115121697267 0.007034574800222534972 0.9999635519494903813 -0.004838339584911376806 1.074369878746594731 0.01331533204434855004 0.004744361417094863746 0.9999000914927914652 -0.01185076082653688939
0.9998797310391827065 -0.007488688709143687637 -0.01358097928830023608 1.217954167980420221 0.007445854487819238143 0.9999671532847466127 -0.003201812384613133937 1.249289956633750087 0.01360451057399413542 0.003100305310382155122 0.9999026479608025264 -0.01277515752670845342
0.9998566438543199375 -0.01022064467483446357 -0.0134992652691304435 1.397017783888522935 0.01019313618864841828 0.9999458329828878611 -0.002105011828489644025 1.452701587967768715 0.01352004863213292912 0.001967110212772338589 0.9999066650254890831 -0.0163543963354210696
0.9998488116691447436 -0.01273862630668272725 -0.01183559054791452798 1.563892788437978743 0.01272146977102599393 0.9999179178561676817 -0.001523731292300129587 1.662176046523976769 0.01185402930079324478 0.001372934814531829922 0.9999287959846595575 -0.0281144003312794738
0.9998092569416403563 -0.01537750178235670201 -0.0120408543193008203 1.777188396273898796 0.01541257761136549317 0.9998772263761405155 0.00282570800505237401 1.90044573126977312 0.01199592369009756104 -0.003010749622568834223 0.9999235136756868814 -0.02298288696545486634
0.9997543479858717053 -0.01965594362966199132 -0.01024146295077312668 1.989796562086646681 0.01971729583527685042 0.999788042217029882 0.005924431177979626664 2.125420189509523272 0.01012284190771951982 -0.006124909784314631032 0.9999300043262254745 -0.01855480091329428372
0.9996566551353155416 -0.02413102324186268063 -0.01021105092404882286 2.194989208557017957 0.02420058332525740902 0.999684372649327746 0.006744393778339938944 2.35496754143449083 0.01004507891408068336 -0.006989191514096636422 0.9999251209923616379 -0.00230425376674071045
0.9995601737996590019 -0.02720771317531572864 -0.01179827518602932952 2.432062810466897762 0.02725623494476700492 0.9996205905212897092 0.003971481147358916532 2.585417732994274687 0.01168574388865281297 -0.004291310946309545918 0.9999225110177942799 -0.007346258132260891083
0.9994618882581811636 -0.03054312995220897012 -0.01196039849308187276 2.686952132055626663 0.03054609152917610315 0.99953335715764835 6.497270339933027829e-05 2.845734390009188708 0.01195283278901012984 -0.0004302811679198525791 0.9999284697649299947 -0.03743527411484393747
0.9993319604494423913 -0.03451986997579276767 -0.01200047503762244339 2.917414205763363633 0.03450738228484302034 0.9994036660087107782 -0.001246168606984343402 3.133927316133452656 0.01203633632472690326 0.0008312311373452928916 0.9999272151825223665 -0.04048004225038154963
0.9991916288040909588 -0.03740841303389533246 -0.01472071880422480723 3.139483374445259933 0.03742057846225291945 0.9992994525593088539 0.0005517447017143495584 3.391481385620083611 0.01468976634865037934 -0.001102156500224261071 0.9998914921208555961 -0.03792722019010787843
0.9990363406092657161 -0.03953695939797154807 -0.01905830484619309637 3.413720038995262218 0.0395873481056946766 0.9992135265836972202 0.002273799052144234636 3.704034794420809629 0.0189534168952680028 -0.003026075632585660102 0.9998157884601843737 -0.01340442840288217502
0.9987825266237672084 -0.04192482510764496129 -0.02599564484172419213 3.674762098249060749 0.04199687016159343866 0.9991152503750246883 0.002231449009476804256 3.991144583045825645 0.02587909209524054052 -0.00332046800090216249 0.9996595655944983116 -0.01526181154791215501
0.998571998274410344 -0.04586469212622892172 -0.02739332543553757437 3.93630212369612309 0.04590441402209744642 0.9989454980348805302 0.0008226354796726788017 4.296943168309723227 0.02732670919702734347 -0.002078935307023130948 0.9996243939562751146 -0.03506324933411844591
0.9985573765756431408 -0.04893895673971881966 -0.02209398559783309554 4.210552665926593718 0.04896216930084097002 0.9988005032473742384 0.0005105782484406387513 4.611226222044990664 0.022042496767043257 -0.001591611139670888724 0.9997557677304267365 -0.02555901633362364644
0.9986153670676684024 -0.04982305713293846972 -0.01688228758889068551 4.490488729152713354 0.04985562831826212404 0.9987552878567804715 0.001513705093769702461 4.928239680234184128 0.01678585658515416301 -0.002353286223040755142 0.9998563382119728393 -0.02229171425546296742
0.9985693202375504063 -0.0510568577494250192 -0.01589056188658528185 4.783315906130119366 0.05115535872173141568 0.9986735445884187268 0.005854964838025551559 5.252588444807611445 0.01557054765791480132 -0.006659475651920074984 0.9998565944322586052 -0.02106553626891160408
0.9984115529382002752 -0.05352159094973400755 -0.01760142783244245113 5.0762916405959988 0.05368430050551152577 0.9985182507642033078 0.008904985683846650124 5.618216401160427864 0.01709873792901873621 -0.009835760926584670785 0.9998054265547020591 -0.01644044735332413423
0.9982616473179898309 -0.05556201728692731351 -0.01966076623584413555 5.354062921359590277 0.05577396949829595274 0.9983892430888916536 0.01040113507235288816 5.974824737274422759 0.01905118947405833735 -0.01147961320765498831 0.9997526047279027273 -0.03265914741043617758
0.9981632625542721238 -0.05688525180826348171 -0.02083673231871363205 5.642739428987706418 0.05714372288616967333 0.9982935269881868523 0.01202617595892503145 6.33057832712975177 0.02011706294964344527 -0.01319477548868621362 0.9997105589509811541 -0.04165123865564111794
0.9980998696369153267 -0.05824276249701007546 -0.02011046611815385521 5.945077534193919711 0.05850896820517863944 0.9982033731670030274 0.01291225919745024771 6.673886447631775631 0.01932228946936495953 -0.01406436684439156537 0.999714380568234362 -0.05306416894826317815
0.9980477816623926079 -0.05953937802382583411 -0.01885969202593183736 6.275528754656657604 0.05980964319725103756 0.9981101351685154333 0.01410548313618701158 7.027995015314304261 0.01798421806458525701 -0.01520593760422876348 0.9997226352154789941 -0.0501898889612084273
0.9980285456405896261 -0.06049715120133211665 -0.01670678853199292213 6.600794849387333407 0.06074285388823702503 0.9980464773076485052 0.01461283118720432816 7.38212577786483326 0.01579011678366750576 -0.01559884067219751043 0.9997536438451432028 -0.04847315654365430548
0.9979928299440949946 -0.06121899586972962687 -0.01620326895656665558 6.91263895830511288 0.06146292439904157967 0.9979964941155324842 0.0150102184335758216 7.758754514974021355 0.01525189511157575006 -0.01597599066749814251 0.9997560439515719155 -0.06040710290955098732
0.9979531517549091735 -0.06211200482545352342 -0.01521859911444219809 7.218120184328361333 0.06234081222202015465 0.9979414135055425517 0.01505185510356445676 8.125951361291409825 0.01425236941501604668 -0.01596978607003598713 0.9997708917041620014 -0.06222583289778853277
0.9979688730800141405 -0.06221548224567056279 -0.01368802879691473177 7.525075124264675175 0.06240769931674249732 0.9979512139181286878 0.01409445654590077424 8.5062286127729827 0.01278309154303348093 -0.0149200673011846037 0.9998069734515410145 -0.05387261773371972151
0.9979336505626315024 -0.06316039106447197959 -0.01179805387861417726 7.878645326766621437 0.0633114575684673303 0.9979104117068929858 0.01290230783757288086 8.892480290091262063 0.01095848599469267416 -0.01362259914855832969 0.9998471565080043755 -0.06783937161356604073
0.9979541581642575876 -0.06332921717587614019 -0.00876974655041832564 8.197288884366821904 0.06343228275809258132 0.9979137548589539497 0.0120201234353436992 9.277128544495372608 0.007990225701771592332 -0.01255181720685182717 0.9998892979615495724 -0.07519861095669032325
0.9979785085516001963 -0.06319654210121000704 -0.006715172043478899455 8.541724909934302445 0.06327502856348940496 0.9979215514128010334 0.01220032729715973818 9.675427591809050654 0.005930196405948828797 -0.01260056714272072935 0.9999030245370140735 -0.07403971070311833602
0.9979081609357818294 -0.06445688206601284109 -0.004961118028620000071 8.891147477861307991 0.06451144395583637003 0.9978476606547447281 0.01176094063357319315 10.07281677744378356 0.004192366455686948566 -0.01205638752618553959 0.9999185304730179302 -0.07169998251862519378
0.9977672083820218196 -0.06667377609866850796 -0.00389941768622038918 9.258254126787155869 0.06670982277984559283 0.997722411713634294 0.009989429864151685295 10.50038459643218758 0.003224503408058798214 -0.0102272550116749867 0.9999425012632964238 -0.07119423245071514195
0.9976364685458621873 -0.06868968216362483781 -0.001790025586747060003 9.610284088976083439 0.06870165341377951207 0.9976066226580815322 0.00781724036658445337 10.92899549527012759 0.001248777623888941988 -0.007921741790555967416 0.999967842763681003 -0.09583783377904213363
0.9975758995182413269 -0.06958636326886283308 0.0002504942822723033274 10.03365664253126788 0.06958431810385087846 0.9975641431038994034 0.004878838735286485269 11.33658685213329242 -0.0005893847586112442236 -0.004849581466137022588 0.9999880670214068568 -0.1142090770337623185
0.9975096616310198394 -0.07051707588491459844 0.001347947109353730445 10.41498465392148276 0.07051195368808955977 0.9975046873602010367 0.003530308983139743024 11.789560072626454 -0.001593530626355237978 -0.003426470935075931219 0.9999928599530468754 -0.1354382706269739445
0.9973170427043999142 -0.07317908903064469783 -0.001880760483153182377 10.78255970236682515 0.07319038838417531168 0.9972942711835486307 0.00687776945295883943 12.26195781620225667 0.001372362752186742814 -0.006996970281447159774 0.9999745791905697567 -0.144809461849682658
0.9970809244427698559 -0.07620529023710177763 -0.004731157599432756627 11.17359195407138017 0.07624117249699827181 0.9970578400371055139 0.007933929469352918665 12.73429478443598128 0.004112630379032837166 -0.008271478732414974666 0.9999573335452591749 -0.1260390080783386768
0.9968928787449164997 -0.07876752713558859975 -0.0005147587954040094014 11.54561036697563026 0.07876912735547864086 0.9968611397899642679 0.007955661651276188517 13.16513692247578327 -0.0001135047554951125449 -0.007971489546973787449 0.9999682207305754522 -0.1104855605195148305
0.9967290671009449987 -0.08053961027975786724 0.006673677551753321238 11.92602574828969608 0.08051023704336768283 0.996743354027902817 0.004559378513306818273 13.61227817313878319 -0.007019154315214956238 -0.00400716573048574571 0.9999673365143021408 -0.1240196759265881216
0.996649083300970573 -0.0813600230240613953 0.008435129451248335117 12.2862713202571161 0.08133477710915880399 0.9966813933684811611 0.00329456304635940278 14.07681965590162143 -0.008675182300019724374 -0.002597453866227171157 0.9999589963820887384 -0.1623851558090048108
0.9966735887031270558 -0.08132340237446313014 0.005316183581400250359 12.69436795606526225 0.08130869319100129944 0.9966846683767633941 0.002927154637689564735 14.5511329752874925 -0.005536604844271005195 -0.002485165777667951853 0.9999815848093682735 -0.1700396182868402772
0.996534117118464513 -0.08303610459185413462 0.004975816830734650434 13.10012080130356615 0.08303488565530307841 0.9965465387970953159 0.0004514152634892202838 15.05817866161700813 -0.004996116805390398569 -3.668432947323859827e-05 0.999987518657671437 -0.1771694392995365186
0.9962213709767683278 -0.08629845394551446947 0.009775318704878981427 13.51245488188225075 0.08630481247369749254 0.996268752181376116 -0.0002297190534588471316 15.51487431656866178 -0.00971902016912972247 0.00107250807807147356 0.9999521940439825007 -0.1850452138139141722
0.9959446213170245477 -0.08769243126826659074 0.02010842529759586383 13.91475391752459778 0.08765538642063915031 0.9961471506021523092 0.002718010055439828813 16.00062914289970095 -0.02026929947326946979 -0.000944375705629585914 0.9997941106314787163 -0.1731858311615492863
0.9956581231682228861 -0.09028304391919421412 0.02266878359808308444 14.34424113232288356 0.08991839143498313314 0.9958104069462272445 0.01662276449133511316 16.5748396771515516 -0.02407456439641271484 -0.01451224993838272186 0.999604826894532783 -0.1616042941498808116
0.9954655051148031397 -0.09324139822972310476 0.01882736791737309526 14.74512795420653966 0.09281992457847824951 0.9954366851641616165 0.02214198343941845004 17.08161114739755604 -0.0208060022055067094 -0.02029402585866246084 0.999577542158022081 -0.2015158682492681486
0.9954206665233369389 -0.09491726710764503139 0.0113317722820286404 15.1457978888951974 0.09469449121380391077 0.9953288423183563882 0.01880023890697473526 17.59057179860513642 -0.01306330708490765005 -0.01764108993278138554 0.9997590419466027001 -0.2790446651498265651
0.9952692235946032362 -0.09690912440586035848 0.006913332936075580228 15.55783963421270499 0.0968441154532413695 0.995257137688593807 0.009189514785155710602 18.10901879554485916 -0.007771091781391014329 -0.008476525632405050581 0.9999338771367476397 -0.2856279692454376518
0.9952577334526329089 -0.09723343134092746198 0.002775577849211586894 15.9305985079226744 0.09719875080488107888 0.9952076682033876853 0.01068175974015918121 18.58995029790514764 -0.003800900511525882701 -0.01036132128857134883 0.9999390962335938937 -0.2965807384686269255
0.9951483647670692489 -0.09804700704037072612 0.008155765559008645513 16.35318656150359118 0.09791814594003100947 0.9950824592441689376 0.01493104149896044668 19.04586271691605504 -0.009579603180445862148 -0.01406000408970005215 0.9998552632695908438 -0.2544187508328089597
0.994871138604837113 -0.1005003338019446052 0.011449911650867204 16.75141956156433665 0.1001874521673124657 0.9946485794100080602 0.02523247720449680459 19.57200992047640753 -0.013924510739607052 -0.02395592585041711811 0.9996160370948996565 -0.2528649825244736471
0.9947155443195725422 -0.1022120969700788251 0.009678487588241111578 17.13393530076711002 0.1018067393015868322 0.9941600249777950982 0.03579430916959790848 20.11585461259578977 -0.01328057686229295806 -0.03461982046644995759 0.9993123106962484847 -0.2557316343003028236
0.9946692578326289391 -0.1016883829040767517 0.01710380966454269278 17.57068968720504643 0.1010832853562350919 0.9943256425932130993 0.03314643122847010792 20.64128259222926332 -0.02037736352615275581 -0.03124082687682292608 0.9993041447886501505 -0.2986908478861749483
0.9946727830507513524 -0.1016443932420699886 0.01716018591170788421 17.99051517977504488 0.1010847984987277709 0.9944002530593128997 0.03082207371424117506 21.16351330037091216 -0.02019698419429356503 -0.02892324390565398709 0.9993775701862782634 -0.3290265283131844631
0.9948532562781456923 -0.1000998376530385786 0.01571690092243133857 18.41431468953329187 0.09967862570179386594 0.9946897739252108517 0.02562079676384897489 21.65915689390656951 -0.01819807822194096161 -0.02392229400471650516 0.9995481748262962096 -0.3933015837362428546
0.995216181896535379 -0.09765130590905085617 0.00299562106066613874 18.82935533600040401 0.09753622758786301139 0.9948684598207290231 0.02689669053729325937 22.19391139558166515 -0.005606745866429785341 -0.02647584008463753705 0.9996337300694699834 -0.4282379590171067618
0.9951538964508473972 -0.09827686570550746292 -0.003221807846185929195 19.22811119250135903 0.0983259652847779525 0.9948662828714790463 0.02393916782811790836 22.71339917846605516 0.0008526016143155925675 -0.02413994350838060896 0.9997082255327798261 -0.4642390788299313176
0.9950703025381029132 -0.09916455022012127252 -0.00121860016799376302 19.627612256758173 0.09916708573085776524 0.9948227069304476089 0.02221870570545589341 23.23198204080685869 -0.0009910168399652990838 -0.02223001923566414462 0.9997523914101955622 -0.4411472386086666697
0.9951555960594034023 -0.09808482863545962827 0.006686256292283679695 20.04483658414381964 0.09792923731944654098 0.9949804083869339122 0.02058765174082958366 23.74759283143626121 -0.008672030309281921964 -0.01983313686038298482 0.9997656938366069612 -0.4260456702824450548
0.9952939618059872817 -0.09623937177422824119 0.01130985910804225419 20.4749522763253502 0.09592691972004689649 0.995061272251713258 0.02551647581123400732 24.2875926502028463 -0.01370969239500163112 -0.02431147435478751145 0.9996104223892080531 -0.4643060915480189954
0.9953279167478982226 -0.09589756217798318938 0.01122478109402711387 20.91872665603670356 0.09550988918447693432 0.9949429452011246955 0.03108692430075191832 24.84456554273343087 -0.01414917701698285499 -0.02986960600395647744 0.999453654466734398 -0.4878519971099202213
0.995356513390786235 -0.09574161664821126405 0.009947567146021079817 21.35798307380979111 0.09538687820678265483 0.9949416730598459324 0.03150255029103352089 25.38426131939551667 -0.01291335419254249252 -0.03040740124478971684 0.9994541686505871159 -0.4998423447051072444
0.9954124873760398229 -0.09537658552158757852 0.007568811669530608847 21.78983846305369809 0.09512391019819615989 0.9950519842606074805 0.02868780799631467232 25.92102888434365937 -0.01026750624304863593 -0.02783622735341835172 0.999559764477481294 -0.5356535627696989987
0.9954514616280157879 -0.09498859557533032016 0.007318077156839357562 22.20736586253589451 0.09475504762896073963 0.9951212089673899808 0.02748200160311298906 26.46249248130891019 -0.009892850523509298319 -0.02666357391473357305 0.9995955108615749429 -0.5987177587499158404
0.995515780898094671 -0.09422959962847468618 0.008313395017323595149 22.67775999504073425 0.09398238248952910101 0.9952259288250816516 0.02631847974039150731 27.00137567364363633 -0.01075368608657290177 -0.02541914924050188082 0.9996190399784512515 -0.6254678813794986025
0.9955254072223349571 -0.093780730003258303 0.01159043807886749565 23.12110417020182496 0.09343170502244453612 0.9952409339243744046 0.02767670388499798503 27.54609418761900841 -0.01413081991262385081 -0.02646994751401893914 0.9995497295318538367 -0.6136328641649425597
0.9954903028610424531 -0.09374397675846413147 0.01453009742357163486 23.57534235839706938 0.09331491346057403657 0.9952476077146346078 0.02783031196631297055 28.09511117008458214 -0.01706996881882108519 -0.02634893090440790231 0.9995070535042357429 -0.6378302035292494621
0.9955195628738238156 -0.09347824002291318934 0.01423441525772810475 24.04900116965553991 0.09305615800109807989 0.9952703640010449604 0.02788286210743592258 28.65824058589385359 -0.01677353253150574985 -0.02643333470158933801 0.9995098435848284169 -0.6711578097797898934
0.9954918114388263684 -0.0938511088730547699 0.01371213774515680876 24.48713845437515602 0.0934502974593455632 0.9952463351899831778 0.02741850097411652198 29.22909718797640721 -0.01622021155854530203 -0.02601348985057207186 0.9995299910872060822 -0.6919759275266609277
0.995458668430228677 -0.09445167724637322515 0.01187097773829398455 24.95557186776542835 0.09407320535282269469 0.9951375008804518307 0.02918195291707560701 29.83003502061792389 -0.01456953951783584132 -0.02793268706651239053 0.9995036235609566777 -0.734903544759340277
0.9954283841438852365 -0.09502730402664411047 0.009599142155494757439 25.42944672720170729 0.09470946858474532659 0.9950702990766323586 0.029414561970843002 30.41788612731096109 -0.01234700777876114423 -0.02837096024052008711 0.9995212053848292477 -0.7648641300862130121
0.9954375109130240151 -0.09500875005302002185 0.008803367574173564039 25.90653558704456572 0.09470914028879817703 0.9950590483805850095 0.02979377421008368165 31.01742348497624135 -0.01159053980796359573 -0.02882408106579409032 0.9995172993688866692 -0.80155156692791385
0.9953665571612467788 -0.09457088799994294026 0.01737135653507101279 26.39007287700068005 0.09412418234349768931 0.9952477922175936298 0.02494935638796075619 31.5798694573427241 -0.01964828702799059981 -0.02319869024121251622 0.9995377759684512808 -0.8296078889760589714
0.9952660177224869065 -0.09352252751645108442 0.02644032552289967211 26.83336157782671449 0.09277628537989587865 0.9952884265529940988 0.02816928896464070478 32.20129643022376342 -0.02895021308955027586 -0.02558290086366205029 0.9992534214829937866 -0.8264002014109350647
0.9953061695563915068 -0.09297838993685997311 0.02684488494541855189 27.29835249096792182 0.09204503440888799071 0.9951696754205008322 0.03413251769385970691 32.77483973389596628 -0.02988880197749934492 -0.03150136708468756486 0.9990567168024774292 -0.8583450489338726452
0.9954258683068925029 -0.09307645648724253984 0.02154330413951474274 27.78112137105785706 0.09230465234931381491 0.9951360788408107894 0.03440982045881512547 33.34628995605582702 -0.02464126336334044112 -0.03226387820944687929 0.9991755853215912309 -0.8641626979787836449
0.9953891918088436652 -0.09482799387906629129 0.01442249655949706146 28.28481142167351692 0.09436806543155733251 0.9950916726224190434 0.0297864281883822718 33.91319682114033185 -0.01717629345470818997 -0.02828806558229295456 0.9994522301184632918 -0.9484930472682167046
0.9952989604392149525 -0.09574121245649620804 0.01461504656092566141 28.75168647948916245 0.09537605480553536241 0.9951539369907459465 0.02391756387155567071 34.46441838539888636 -0.01683411768847666717 -0.02241120097581758216 0.9996070980902806991 -0.9856496824875180529
0.9953345142499905318 -0.09471845014326239764 0.01837443727556302073 29.23738656039552097 0.09431798898216131599 0.9953086489882553289 0.02155945740353471321 35.06466237405688702 -0.0203303147318525633 -0.01972583208973062094 0.9995987044065591798 -0.9912090623999403327
0.9951509600911118136 -0.09567620506372116751 0.02281732706394461879 29.69569903996671556 0.09510729737109287207 0.9951571103217476955 0.0248380305748129894 35.64231709724805341 -0.02508323377287613801 -0.02254749566301345043 0.9994310590645167913 -1.009534282601017852
0.9949446458487296585 -0.09646829271932273742 0.02791093328366156534 30.15339399665464271 0.0957156169245443611 0.9950382721225661253 0.02715433092697851908 36.24443347794490933 -0.03039197877236393674 -0.02434554396921639538 0.9992415234142060232 -1.020431339498952816
0.9946307760008763488 -0.09748407265787818743 0.03473434913638358268 30.61889570598544452 0.09659606396833629594 0.9949737269586275135 0.02639096602785852633 36.79002838762530558 -0.03713246366348110783 -0.02289406560862506518 0.9990480678636980416 -1.037426287024316052
0.9941554658744662376 -0.1010546523628649135 0.03798508796545667365 31.06680659728619887 0.1001715650056358431 0.9946690174414327679 0.02447862958615999035 37.38620007501499742 -0.04025626952717591134 -0.02053053769182085903 0.9989784431036737855 -1.07586937172098529
0.9937478653973988996 -0.1043928889558888018 0.0395891999610582801 31.52203800906492503 0.1035146651757336972 0.9943473012806667288 0.02362537892628642153 37.9721791903358934 -0.04183173569993160062 -0.01937960709865768974 0.9989367030583232721 -1.125480865030811684
0.9935044602141096526 -0.1067154688074324065 0.03950564835413303971 32.01028178433323035 0.1058590382892468651 0.9941110202786174188 0.02317635374863647596 38.56130195390664284 -0.04174627584762812676 -0.01884378087900862725 0.9989505294933466173 -1.144349062710303677
0.993291224786293836 -0.1081087831319669512 0.04104916286929314456 32.4877919683091676 0.1071734654851266982 0.9939421909740677741 0.02434685395648118061 39.16376802459820539 -0.04343260363428347315 -0.01978413534616068822 0.9988604491770369798 -1.196408433762699897
0.9931585174315487041 -0.1086669165540547904 0.0427511461811514587 32.96761416919711252 0.1075710346583119287 0.9938264455322236568 0.02715637426694449824 39.78376617133714888 -0.04543821910801898456 -0.02237179937823965958 0.99871661187589722 -1.249227415109627426
0.9932083861774249067 -0.1084472192523771167 0.04214620105373827891 33.39992668842456425 0.1073068530871049281 0.9938189659797413977 0.02844472076678166567 40.35524938494874903 -0.04497044482076826416 -0.023728959003389654 0.998706461177275906 -1.294334320086053314
0.993442378981419405 -0.107789905444378456 0.03812579085120397504 33.84303745313481926 0.1067859926752337263 0.993902748547162096 0.02746048431403926363 40.91696465571273222 -0.04085329132521302309 -0.02320910844234692558 0.9988955630461117119 -1.348330462371949201
0.9937296018096776207 -0.1062595813417001461 0.03479051394081796034 34.3018987540284428 0.1054166965730744254 0.9941079947246828086 0.02523122882640467177 41.48249317038442996 -0.03726658786097804266 -0.02140551792311147852 0.9990760757978560669 -1.399722590150300983
0.9938882284633099307 -0.1053748354799997067 0.03289883538404227148 34.75865105372459851 0.1045023601059127255 0.9941524945608085639 0.02720430647554624576 42.06406828546330701 -0.03557310858439922258 -0.02360003402718524948 0.9990883806448547233 -1.432040752234488012
0.9940514749986780751 -0.104019788551888287 0.03227303274520272602 35.20570923907425964 0.1030831881598422151 0.9942367928913322661 0.02944581430289578555 42.64391443282704586 -0.03514998395099268313 -0.02594384803336826154 0.9990452419072253232 -1.438989348401271684
0.9944011628002089598 -0.1012743601125787318 0.03016341169994124494 35.6748594184867045 0.1003308410653316468 0.9944614432782963309 0.03130750970567666713 43.24195005943303016 -0.033166997945481759 -0.02810590359044874698 0.9990545572843601008 -1.479530734015833904
0.9947857009942451256 -0.09841528163372978422 0.026755213292775918 36.12396264670753254 0.09756178671169224437 0.9947299336906980649 0.03152866621539368586 43.80254098259386808 -0.02971711410972732378 -0.02875397990979832244 0.9991446851023810805 -1.502260879139030614
0.9952731610337196555 -0.09426446215344012891 0.02335692832694962959 36.58577149016728214 0.09352316539959830421 0.9951336070659554389 0.0310245325756901523 44.37907428328398396 -0.02616777521278769794 -0.02869347073505286796 0.9992456816407012665 -1.508263062663458332
0.995632471028780941 -0.09096724486134541432 0.02099864270517511414 37.07917564468422711 0.09032532730929403175 0.9954685833638823311 0.02972599505439660686 44.96627807975801261 -0.02360758097714544743 -0.02769945663440234046 0.9993374916526279739 -1.525763692546593164
0.9957969828271573398 -0.08857914311861339596 0.02328313545685557068 37.5511199132803597 0.08793774842912188694 0.9957528011293476089 0.02726373863347483079 45.5711027872265646 -0.02559924595660098903 -0.02510168216335632516 0.9993570854099266265 -1.566085912213559528
