1 0 0 -0 0 1 0 0 0 0 1 -0
0.9999999812861851689 -0.0001153845032709464744 0.0001552869785789867815 0.001836247994836909736 0.0001153903910966869146 0.9999999926240452641 -3.790734729456096984e-05 0.0006154415396739757469 -0.0001552826035131669264 3.792526521032862664e-05 0.9999999872244935695 0.004600949673280978723
0.9999999853435543873 -0.0001663443641709397877 4.052707107464461684e-05 0.008848357372309234928 0.0001663368382008512309 0.9999999689358610722 0.0001856349458407840635 0.003681167981193293661 -4.055794914276820366e-05 -0.0001856282019751652902 0.9999999819486115049 -0.002130741043602163778
0.9999999782282636973 -0.0001319268536763246278 0.000161674912698765846 0.008767129451978245003 0.0001319445442050701635 0.9999999853095423719 -0.0001094145893053223069 0.0154282469540677012 -0.0001616604756011938925 0.0001094359190458128126 0.9999999809448349986 0.006821551363915884757
0.999999986463464996 0.0001594054127059188876 4.077970383776211076e-05 0.00249255011466733992 -0.0001593970814725851942 0.999999966443326449 -0.000204220264188123248 0.003371990688314848751 -4.081225628487055839e-05 0.0002042137612579046863 0.9999999783155494315 0.001007655076376346099
0.9999999054870906123 0.0004153719456165886584 -0.0001284210130190336144 -0.01055690895239209427 -0.0004154117929826571022 0.9999998655374193746 -0.000310416148794824705 0.0153734980442600238 0.0001282920575915717136 0.0003104694670597519428 0.9999999435749273857 -0.004627044688070828908
0.9999999309995301067 6.594151588966116085e-05 0.0003655853546090818214 -0.005664955955298223503 -6.582702927157465774e-05 0.999999948797886784 -0.0003131629383802497194 -0.0009009708308417743554 -0.000365605986329209029 0.000313138851374029296 0.9999998841381545489 -0.001929607183424011073
0.9999999354704398602 0.0003557807497993026552 -4.979130566754572297e-05 -0.001596580612310654875 -0.0003557795908243633069 0.9999999364393769019 2.328357486538112155e-05 -0.004359927530754766946 4.979958635050695502e-05 -2.326585863253664128e-05 0.9999999984893505056 0.0002835372963605597291
0.999999934499011145 0.0003377340980010467468 0.0001301447362522179982 -0.003600228605433549237 -0.0003377104332178264843 0.9999999264477650307 -0.0001818134422424452356 -0.001020749446188750059 -0.0001302061312787074481 0.0001817694790982202983 0.9999999750031095536 0.008953973553699107885
0.9999999595982895784 0.0001549161712891208051 0.0002383367348306870113 0.005382594197691149135 -0.0001548779544976876092 0.999999975149067355 -0.0001603579866771885165 -0.007239901750550569587 -0.0002383615709531333813 0.0001603210670924721203 0.9999999587404576618 0.006129536946909638039
0.9999999991072969774 7.756743840195508326e-06 4.153599592356397636e-05 0.001543695954371790023 -7.75619747481583027e-06 0.9999999998834046 -1.315416656145624024e-05 -0.02754301341578604262 -4.153609795221975727e-05 1.315384438833233235e-05 0.9999999990508644521 0.004657703947458470203
0.9999999185066386076 -0.0003750845469642573359 0.0001493261494212236307 0.007587917742765793762 0.0003750746868802001593 0.9999999274779840519 6.605305439743658705e-05 -0.02901151263500329966 -0.0001493509140717644583 -6.599704055583668222e-05 0.9999999866693474182 0.01043344084502613109
0.9999999578064724393 -0.000271052641387956126 0.0001044869312484846322 0.01522956294027793395 0.0002710548577943303148 0.9999999630399387662 -2.119870598704849413e-05 -0.01799865036959799255 -0.0001044811814213873985 2.122702678290144652e-05 0.9999999943165479577 1.239220150925719985e-05
0.9999999722825458903 -0.0001574566399565217401 -0.0001750494619412690472 0.005526880423260436756 0.0001574122625067485466 0.9999999554799051671 -0.0002534986534003965102 0.008819651942800195085 0.0001750893691942260707 0.0002534710914422198032 0.9999999525480581797 -0.00885800443369130254
0.9999999622731372551 -0.0002188015655867516082 0.0001660710662376021032 0.008783253528029258753 0.0002187503599576141758 0.9999999285524040493 0.0003082912045122490749 -0.01059249498519369836 -0.0001661385089704425614 -0.0003082548647758629997 0.9999999386884651509 -0.003356462919963201265
0.9999999862893568237 7.943525208710879742e-05 0.0001452973739967187278 0.01196295889141631326 -7.944443039123741336e-05 0.9999999948494193713 6.316441764093314233e-05 0.002014551480942629313 -0.0001452923557669043709 -6.317595984204649217e-05 0.9999999874494646113 -0.002559707395772660345
0.9999999390154211687 -0.0003098245886536125557 -0.0001611765438489446822 -0.004410077162361070863 0.0003098503622805303054 0.9999999392109455432 0.0001599089058578332984 -0.006667593478431319172 0.000161126990340213172 -0.0001599588367163409905 0.9999999742256314716 -0.004106728538871888545
0.9999999163830900484 -0.0004078859455478219269 -2.937462230543083638e-05 -0.002359825195463824236 0.0004078877781674416234 0.9999999148663406556 6.240890890723868709e-05 -0.01218476450545094569 2.934916408784718456e-05 -6.242088523822257129e-05 0.9999999976211297881 -0.007656947466347263642
0.9999999575337918944 -0.0001123267825437349661 0.0002689146860957280084 -0.0126298368704554631 0.0001123560624928198853 0.9999999877617957722 -0.0001088692954832438882 -0.008525311348656319788 -0.000268902453867012883 0.0001088995050552608802 0.9999999579161831242 0.006729645016016198161
0.9999999792797120701 0.0001858967991119267601 8.296357895895388338e-05 -0.01690418500971835672 -0.000185914070437134555 0.9999999610400960304 0.0002082204717202567506 -0.004094858599714279804 -8.29248682075214681e-05 -0.0002082358915025217625 0.9999999748806395194 0.009337107640699639916
0.9999999245643261814 0.0003311636324541463328 0.0002029827346193321513 -0.01373523326719330168 -0.0003311673868286388323 0.9999999449936438634 1.846269718185858066e-05 0.00294771635832191594 -0.0002029766092801282514 -1.852991705090412217e-05 0.9999999792285688693 0.01168391417013151662
0.9999999581357488232 0.0002750864690923743349 -8.975486120890731041e-05 -0.01095879829237305508 -0.0002750771352465770491 0.9999999567594874961 0.0001039884268405403108 0.005465732764174551818 8.978346313701871667e-05 -0.0001039637329770541678 0.9999999905652359189 0.001747747352516820438
0.9999998812502184364 0.000476609690126843981 0.000101699322868274288 -0.002824354457860164553 -0.0004766185534759134258 0.9999998826201526025 8.714605802792291624e-05 0.01876668732742688833 -0.0001016577762751062948 -8.719451946350781834e-05 0.9999999910314061324 -0.000286360444550151725
0.9999999165705952819 0.000385593663207419422 0.0001348196182429171452 0.001290230390512998523 -0.000385614694052123497 0.9999999134824496538 0.0001560012853083891232 0.01488981369597897932 -0.0001347594534716206886 -0.0001560532607191065331 0.9999999787436345544 -0.006223532741401596735
0.9999999207556048431 0.0003600984484641160969 0.0001697583323441411633 -0.004767055569779539599 -0.0003600598235892024006 0.9999999092993597793 -0.0002275042758459064828 0.01480427166800569148 -0.0001698402408837199127 0.0002274431346622583653 0.9999999597119557659 0.001872321023775730441
0.9999999794125538077 2.805238310071360601e-05 -0.0002009675491854758249 -0.004399762367041763073 -2.804560618842691524e-05 0.9999999990380623593 3.372416448520229815e-05 0.01039861295310833336 0.0002009684950353401035 -3.371852753416299127e-05 0.9999999792373621688 -0.009365580080516055714
0.9999999638385036471 4.682600783364252974e-05 -0.0002648212913210097326 -0.007272461200553282344 -4.674477826152167309e-05 0.9999999518653822639 0.0003067314118412583905 0.01366932411995550566 0.0002648356415814243211 -0.000306719021736856349 0.9999999178927589938 -0.01503391005123192077
0.9999999846806023607 -0.0001750213662183718207 2.513246479188514456e-06 -0.0007717533966603486867 0.000175021188557501051 0.9999999821974773218 7.051686730776727207e-05 0.01405301477462446956 -2.52558839287747853e-06 -7.051642635610637204e-05 0.999999997510527483 -0.004726750329930306214
0.999999879979604489 -5.873398822203745352e-05 0.0004864063066640570408 0.0113951226056869994 5.893739564149587151e-05 0.9999999108257647817 -0.0004181803988447944692 0.01143507784791981952 -0.0004863817018865254399 0.0004182090161755568319 0.9999997942670082463 0.006257253347696830476
0.9999999421985922288 -0.0001447321277035930169 0.0003076612153500463695 0.01668560451389343793 0.0001448612626643907067 0.999999901412487624 -0.0004197501991145209709 0.006850792135063731546 -0.0003076004336790752859 0.0004197947430444936364 0.9999998645771642769 0.002452567120129880117
0.9999999952165443684 9.236753843723985425e-05 3.217373318239941441e-05 0.006722010883245315045 -9.236636126681210931e-05 0.9999999950649051117 -3.658749830647002149e-05 0.00841742533221627974 -3.217711252079594447e-05 3.658452636077461507e-05 0.9999999988131029749 0.002987092075204340804
0.9999999646160916411 0.0002270608480773121641 -0.0001386044247959526351 0.009431609945678761514 -0.0002270677396397811573 0.9999999729847088847 -4.97073743533397872e-05 0.005419411774290638396 0.0001385931344529218654 4.973884518798431438e-05 0.9999999891589951284 0.0006886236592283414811
0.9999999448029405213 9.535657925883288938e-05 0.000318278555223642796 0.001072185160148206567 -9.526822189027204916e-05 0.9999999569272705058 -0.0002776138020638729592 0.003343473340051484818 -0.0003183050138170327595 0.0002775834649083898094 0.999999910814665105 0.001156757419105311664
0.9999999498264361408 -5.245952388929061227e-05 0.0003124021824109239663 0.002997222266577130069 5.248778108882992118e-05 0.9999999945324723472 -9.044383963088120778e-05 0.0003917998886668410904 -0.0003123974360620943762 9.046023239034066562e-05 0.9999999471123928174 0.0001074076014620917033
0.9999999810298676461 -0.0001059099492992331398 0.0001634727709924590675 0.001735564891032643055 0.000105920445352131789 0.9999999923296473137 -6.419941292919548886e-05 -0.003715388020817942012 -0.0001634659703819885839 6.421672682005174517e-05 0.9999999845775441321 0.004786274932933691321
0.9999999360030309425 0.0001952354036038091839 0.0002997950488187276505 0.0002040941588172795734 -0.0001950243162300655116 0.9999997331933901945 -0.0007039734828074963383 -0.004686464670003409952 -0.0002999324093784480659 0.0007039149704309311797 0.999999707272089311 0.008075651368563916896
0.9999998806951914121 0.000437826806536702434 0.0002166039948372361628 0.009321415187227856045 -0.0004378022643278436238 0.9999998977417247081 -0.0001133389501302146224 0.007179213205857922116 -0.0002166535955182591637 0.0001132441068889647223 0.999999970118495507 -0.005888985163982386056
0.9999999835801363091 0.0001777452566014749722 -3.530369342608776715e-05 0.003560741557473339706 -0.0001777389031242556489 0.999999968024587349 0.000179888039137913921 0.002185550591937202459 3.533566654293992143e-05 -0.0001798817613444259067 0.9999999831969711428 -0.004013690948984853686
0.9999999260374403676 0.0003843747627072057588 1.34594031467740488e-05 -0.009173826725774131274 -0.0003843723174932232932 0.9999999097109648627 -0.0001812070186257999465 0.008745307212116885595 -1.352905333631561963e-05 0.0001812018318012859736 0.9999999834914302665 0.00608412840113004786
0.9999999975350305492 7.016724766706352819e-05 -2.548789276235163996e-06 -0.01016010037047233687 -7.01677532652194674e-05 0.9999999777551510372 -0.0001989125031576332431 0.006994281564283725411 2.534832076680144753e-06 0.0001989126815101368532 0.9999999802136596561 0.006671301956516000227
0.9999999915115402871 4.127411086653437564e-05 -0.0001235854646385053273 -0.009899787439397888036 -4.131274240067094803e-05 0.9999999502861873779 -0.000312603391019999476 -0.0001383500957546524458 0.000123572556067575248 0.0003126084940209461396 0.9999999435028747996 0.006150491541847881785
0.9999999822194541865 0.0001107942172277102629 -0.0001525966341578489959 -0.01084125195441936786 -0.0001108115777587988314 0.9999999873893070657 -0.0001137637017831251847 0.006327574362609937608 0.0001525840278732054677 0.0001137806092341446036 0.9999999818860435541 0.003426118196359104022
0.999999966503595239 0.0002451043235525179518 -8.316657415433317715e-05 -0.001984493833688965453 -0.0002451172105758717265 0.9999999579494427415 -0.000154979566181341307 0.003922767364587976743 8.312858449540308091e-05 0.000154999946548750741 0.9999999845323274128 0.0003027636150710413549
0.9999999560645752572 0.0002950605871569713561 2.846221320902056761e-05 -0.001612782186643130092 -0.0002950570054852155169 0.9999999485626700491 -0.0001257617619868679217 -0.001150062401928787434 -2.849931908432104774e-05 0.000125753358486075501 0.999999991686940759 -0.001137295529973415603
0.9999999922238386185 0.0001227371374686986566 -2.208886313948599085e-05 -0.007804271456688553071 -0.0001227412385747361616 0.9999999752141867093 -0.0001857584839247647683 -0.002224990993481538396 2.206606312745601641e-05 0.000185761193694692771 0.9999999825029337597 -0.003527382633651564726
0.99999998014782987 0.0001991559190490240449 6.423380378336570194e-06 0.003832394330556047196 -0.0001991553712794994814 0.999999976541974589 -8.516565346297291653e-05 0.0005813204008188230893 -6.440341471609409891e-06 8.516437252154834413e-05 0.9999999963527758107 0.003697135768076338039
0.9999999956369803877 2.995927889786262813e-05 8.847870198442850127e-05 0.006312195791395172097 -2.993930042347821464e-05 0.9999999740606908549 -0.0002257925062033034453 0.002767871008289986626 -8.848546427002542314e-05 0.000225789856227723789 0.9999999705946313044 -0.0004311692662588308112
0.9999999339658671715 -0.0003310331381091480871 0.0001499510677943321612 0.01436149892358552956 0.0003310752408238251394 0.9999999057594260998 -0.0002808386082472340436 0.007480846611603852829 -0.000149858086777113626 0.0002808882347881570948 0.9999999493221753966 0.0005604182322799154898
0.999999986038117572 -0.0001043256108698965926 -0.0001305370891185529648 0.001613837976160994829 0.0001043095920782857256 0.9999999870302349603 -0.0001227152759848457284 0.001393327964479366791 0.0001305498897716262101 0.0001227016580010153719 0.9999999839505145927 -0.00395141871451923192
0.9999999996641137923 -2.554271071353331698e-05 -4.397987427593687398e-06 0.01434739816621029632 2.554163800547872107e-05 0.9999999699700974354 -0.000243736392221341545 0.01076498522391466928 4.404212983679017494e-06 0.0002437362798076710504 0.9999999702866139151 0.0006493478687165815146
0.9999999524979581444 0.000141036602698172385 0.0002740670687913151094 -0.004534256300376733433 -0.0001409647321002798815 0.9999999556798541134 -0.0002622388874297605144 -0.01396316598584030483 -0.0002741040419264223526 0.0002622002411819259696 0.9999999280590012862 0.008620249286641953196
0.9999999976526440237 -6.850977958260858207e-05 1.059301149628762299e-06 -0.00780711728230885655 6.85101291776734066e-05 0.9999999420008600648 -0.0003336234983313862614 -0.01813319680456953326 -1.036444615847933443e-06 0.0003336235701211117386 0.9999999443471180305 0.01049555756789126264
0.9999999486872730436 -0.0003074548417086493679 8.998317385327279721e-05 -0.02750777681195019572 0.0003074876327799288839 0.9999998862493614249 -0.0003646266854767251883 -0.0131719681225513259 -8.987105737774846105e-05 0.0003646543354798574446 0.9999999294752018875 0.008473748732763195304
0.9999999347332021449 0.0001104705301871416171 0.0003439910658615248184 -0.04535786620796678631 -0.0001103409263187905029 0.9999999229378593313 -0.000376761403892907922 -0.0258372048905148935 -0.0003440326603848642265 0.0003767234230100584909 0.9999998698604871672 0.006763835343806041955
0.9999999941480642862 -1.147645305533344617e-05 0.000107573986041896376 -0.05887013415336438821 1.148423071379636176e-05 0.9999999973203959058 -7.23002119009457739e-05 -0.02566973975953145207 -0.0001075731560036503003 7.230144688232796092e-05 0.999999991600258431 0.002721806430495965923
0.9999999917727359078 -7.649845600058294076e-05 0.0001029685117436238568 -0.02984080657627625338 7.651864721377781215e-05 0.9999999778445509691 -0.000196101489535345188 -0.01111477097965805731 -0.0001029535080011523491 0.0001961093669331849022 0.9999999754708454036 0.001120186727855068979
0.9999999536230773645 -0.0002415408640898107661 -0.0001855043238585849061 -0.01156000124280335759 0.0002415226049149042555 0.9999999659876066538 -9.844601044610659809e-05 0.004009931553057381574 0.0001855280962835608935 9.840120239297605817e-05 0.9999999779482642293 -0.005658239079245440742
0.9999998434580751328 -0.000422944379684018839 -0.0003663357432916447272 0.004449068688511506088 0.0004230006043241759696 0.9999998987672248374 0.0001534145648725700163 -0.001799120156514824294 0.0003662708203784779612 -0.0001535695010975764846 0.9999999211310440783 -0.003891205411844950515
0.9999999610654914939 -0.0002785455471417214667 -1.677479411489112305e-05 0.006821384177266772222 0.0002785420256934573483 0.9999999392489046235 -0.0002095627039978411124 -0.003425249236307255449 1.683316585385251214e-05 0.0002095580233534866403 0.9999999779010394496 0.003072093008226154266
0.9999999702742997654 -0.0001820307633678431571 -0.0001622226883030697387 0.008827890813232685749 0.0001820159493843363622 0.999999979264612926 -9.132889928952856308e-05 0.007054225066551237516 0.0001622393096085943261 9.129936945805508628e-05 0.9999999826714156548 0.007146781123989007917
0.9999999944386512851 -5.630576981275457494e-05 -8.917599305211980972e-05 0.006154526664794062255 5.630928991531683659e-05 0.9999999976356268583 3.947163833392576554e-05 0.002305320230702234251 8.917377036029945831e-05 -3.947665955124035034e-05 0.9999999952448159757 0.001525481950629847382
0.9999999554458818274 0.0001136744293412459284 0.0002760187647789077905 -0.002853950798077622714 -0.0001136634964382304889 0.9999999927552487566 -3.96246380496884272e-05 0.0006293471155182682811 -0.0002760232670873386516 3.959326302636014439e-05 0.9999999611217640361 0.005551037238036652006
0.9999999623721720354 0.0002009984670738234681 0.0001866956633721384578 -0.006545547141319491349 -0.0002009483706011835587 0.9999999438141325969 -0.0002683122879388312953 0.002157844940228223745 -0.0001867495832410855246 0.0002682747616534474381 0.9999999465766212792 0.003427237276404636671
0.9999999378940366279 0.0002166617231170957886 0.0002779741364218133045 -0.004788746211965950843 -0.0002166689735240118588 0.9999999761878936022 2.60531779892972471e-05 -0.002738724500118522222 -0.0002779684850762276856 -2.611340474204520295e-05 0.9999999610258049065 0.001489509168572636941
0.9999998453537307652 0.0005292052702993861038 -0.0001709803977104245361 0.0002044217164002569203 -0.000529181365922554831 0.9999998502083349283 0.0001398227079346400857 0.0155163241949053312 0.0001710543670129479655 -0.0001397322066711547686 0.9999999756076566326 -0.005064193645941416494
0.9999997331654669752 0.0006831547512679178287 -0.0002587828828800301417 -0.0037319931410029622 -0.0006831414198156136527 0.9999997653275480847 5.160086430118906374e-05 0.01609235538546548161 0.0002588180735264397256 -5.142406522623003739e-05 0.9999999651843844983 -0.01152811057561781323
0.9999998890108359184 0.0004097517675855681055 -0.0002325549502336714215 0.001382299091393100364 -0.0004096672728895673406 0.9999998501061347911 0.0003632635867607396677 0.0136741329297346715 0.0002327037632719066546 -0.0003631682762901451982 0.9999999069788765294 -0.0145837590776346903
0.9999999800054001353 0.0001324570602075017132 -0.0001498143071603338559 0.000117328201932843953 -0.000132418460489279661 0.9999999580458104331 0.0002576309934062359186 0.007328163832839473986 0.0001498484259189721349 -0.000257611150075110634 0.9999999555909713234 -0.00562963375277359887
0.9999999984136447306 -4.829447354655042426e-05 -2.898886699448716326e-05 -0.01331307788249155161 4.829719798817148663e-05 0.9999999944167241583 9.398900059146135272e-05 -0.00540629737092563744 2.898432768331689132e-05 -9.399040052341461839e-05 0.9999999951628566475 0.002637969487089698428
0.999999986040103872 -1.636550925376181619e-06 0.0001670841518116440271 -0.01762779267464307728 1.667837392833266809e-06 0.9999999824673664328 -0.0001872497934519615865 -0.007145408582426046422 -0.000167083842438396548 0.0001872500695071696575 0.9999999685102001212 0.006425450820223712819
0.9999999924389607608 0.0001001731704193480039 -7.132611358122591442e-05 -0.007772936360831032843 -0.000100169897985464087 0.9999999939304177188 4.588197934990551042e-05 -0.01297885174481186975 7.133070929163257221e-05 -4.587483427348482395e-05 0.9999999964037147304 0.0008061170005512399012
0.9999999917926736259 6.695017462976564577e-05 -0.0001092351897167114909 -0.006516400442455661836 -6.695452796131826925e-05 0.9999999969645478881 -3.98496607202574951e-05 -0.01560688838249726755 0.0001092325214433829663 3.985697418377951573e-05 0.9999999932398389024 0.001791667989200891814
0.9999999974073593423 -7.036523575576694039e-05 1.529754258488242195e-05 -0.005821758996962955561 7.03638567412439111e-05 0.9999999934629353326 9.012800268006848983e-05 -0.01877650695372570441 -1.530388436308430884e-05 -9.012692605229620426e-05 0.9999999958214641493 0.0007473401076762103794
0.9999999979289484475 -2.42611016808133463e-05 5.961125855039658955e-05 -0.006424492940939132563 2.425581824869658978e-05 0.999999995778138473 8.863057250342675603e-05 -0.005444538995452236768 -5.961340857403803938e-05 -8.862912640002847293e-05 0.9999999942955597465 -0.0006399065703263983945
0.9999999754240991301 1.990639404243016726e-05 -0.0002208065594304857004 0.005934461443505346413 -1.992401676349884405e-05 0.999999996616797282 -7.980876483990495714e-05 0.00783277681879003887 0.0002208049699787324076 7.981316223212141659e-05 0.9999999724375118193 0.000509797868926996421
0.9999999958538359213 3.334620846617412812e-05 -8.473699593158981198e-05 0.003814650204311596012 -3.335532568918912055e-05 0.9999999936553447544 -0.0001075952264647416287 0.005410466605579728784 8.473340750110271635e-05 0.0001075980524487380022 0.9999999906214542822 0.00548895453349095442
0.9999999977179983013 5.19102175807213261e-05 -4.323577939850786604e-05 0.00838056162299093306 -5.19174847437448299e-05 0.9999999845238189966 -0.0001680979971160818682 0.01892980744683321614 4.322705272577913077e-05 0.0001681002414253989527 0.9999999849368652605 0.01045990807813777963
0.9999999158200325589 0.0003045186740267035786 0.0002750060090444733435 0.001713986483757620792 -0.0003044480074002280231 0.9999999206391043671 -0.0002569692505800492358 0.01290836285813165216 -0.0002750842391551748143 0.0002568855039169390376 0.9999999291692471814 0.007667856693832686421
0.9999999388534431821 0.0003399262006253364913 8.211752569583015578e-05 -0.002979526071672015247 -0.0003399124783659623417 0.9999999282750078322 -0.0001670613250367367617 0.01483639382920535869 -8.217430832742696103e-05 0.0001670334020498430146 0.9999999826736126751 0.009167083913013910484
0.999999865713116276 0.000515387816836112493 5.430605596980097623e-05 0.001072655976444878779 -0.0005153806925696613039 0.9999998585951651586 -0.000131119759314077722 0.01539640656631273419 -5.437362581716998655e-05 0.0001310917534136728756 0.9999999899292304484 0.008668901485885862485
0.9999999738985907438 7.135682808994626351e-05 0.0002170507335170372481 -0.01119004037197020816 -7.133944057114703131e-05 0.9999999942461536007 -8.011477312871335152e-05 -0.01341185811771586182 -0.0002170564490042574976 8.009928675969147933e-05 0.9999999732353007653 0.006078940974398155603
0.9999999043547228572 -0.0002941462465978079413 0.0003236796729230126705 -0.01852052731907445626 0.0002941604523591507506 0.9999999557737700995 -4.38416015845621024e-05 -0.01077192593773010354 -0.0003236667627653273685 4.393681115034650428e-05 0.9999999466546902749 0.01178352802676369861
0.9999998074922623603 -0.0004113873435066919327 0.000464516837113934536 -0.0191605712473052088 0.0004115628121395654244 0.999999843974830438 -0.0003777120152288863399 -0.003965979434772865832 -0.0004643613786950841291 0.000377903120372140766 0.9999998207788547422 0.01116550746855868997
0.9999998538450254326 -0.0005146770900955896857 0.0001655820662107750638 -0.01575658529511174757 0.0005146789974450763708 0.9999998674868991744 -1.147665379101314377e-05 -0.0004315834969346912906 -0.0001655761374982044878 1.156187372548064258e-05 0.9999999862254327354 0.002080084566225571044
0.9999997207701170066 -0.0007436825324935543088 -7.345732681532691501e-05 0.008378070920198935762 0.0007437104591291497039 0.9999996509117318189 0.0003808820913437046575 0.003182129913338897255 7.317404581400145159e-05 -0.0003809366159722878922 0.9999999247664239643 -0.007515600801273222137
0.999999952183717733 -0.000305760684263954878 4.629218449828118514e-05 0.0009252635278677645353 0.0003057566516371088201 0.9999999494637071829 8.709450691180069216e-05 -0.001352613140789449449 -4.631881223486293808e-05 -8.708034860394228921e-05 0.9999999951357902983 -0.003343078288387958241
0.9999999947246254184 -0.0001026400948354417117 3.969890622742735201e-06 0.001251194107976410326 0.0001026399215782648365 0.9999999937812400486 4.361841740923955933e-05 0.002147181658848956471 -3.974367596568452487e-06 -4.361800970987259659e-05 0.9999999990408368067 -0.006821858647939286514
0.9999999862019256502 -0.0001214083920674262546 0.0001133849670691366952 -0.005083852223286202711 0.0001213892109685202407 0.9999999783248643137 0.0001691594817354461551 -0.002517723328948034099 -0.0001134055019922190088 -0.0001691457156896584372 0.9999999792644592711 -0.0035506934743700291
0.9999998460112204945 0.0005528624614543250484 4.817295980923807516e-05 -0.01349980663302630633 -0.0005528573059962944066 0.9999998414533722846 -0.000106967423124580086 0.004820025163249306785 -4.823209044440405661e-05 0.0001069407738800231633 0.9999999931186681623 0.008739950398785044719
0.9999998527723243935 0.0005345374658667777397 9.340785335286965884e-05 -0.01083256163693363007 -0.0005345432811567196046 0.9999998551946280845 6.224309909112376823e-05 0.003273528988643042374 -9.337456855844606881e-05 -6.229302046764719793e-05 0.9999999937003847261 0.008631812704899459107
0.9999999744203933449 0.0002258981729687571942 -1.136785444902546295e-05 -0.005014800016202678769 -0.0002258989266369592329 0.9999999722842969341 -6.634063847013238675e-05 0.01214376814841921365 1.13528679049164166e-05 6.634320475928604931e-05 0.9999999977348458247 0.0026961855550192192
0.9999999348942065769 0.0003577061650174165135 4.751717695838265237e-05 -0.0001676856429294065634 -0.0003577080359567921071 0.9999999352474289172 3.937129739387695994e-05 0.02294674152312976487 -4.750309052573092964e-05 -3.938829210660912028e-05 0.9999999980960093682 0.005513237687704548515
0.9999999592619911448 0.0002780269540351643564 -6.462993928107187396e-05 0.0006445956700847667309 -0.0002780255305680440843 0.999999961108178681 2.203282827559841561e-05 0.01354003216732962804 6.463606248762391703e-05 -2.20148586048837443e-05 0.9999999976687626857 -0.0006677135686861437576
0.9999999991075798622 3.41039582016991065e-05 2.493512229669154302e-05 -0.002930840807598000287 -3.41038611845710039e-05 0.9999999994108925705 -3.891196977745252253e-06 0.00741117470351716507 -2.493525498722069721e-05 3.890346590326214904e-06 0.9999999996815491787 0.001343987445679013489
0.9999999907586026859 -0.0001117938668572089172 7.736230296115130598e-05 0.002626919227224913927 0.0001117831718964854731 0.9999999841977156301 0.0001382356360262148567 -0.001996286167584018605 -7.737775563494391352e-05 -0.0001382269869451114663 0.9999999874529914567 0.0005972303760602804901
0.9999999041082824336 -0.0004244709093046454486 0.0001077398398513422593 0.005298983548644343664 0.0004244415490769915672 0.9999998728273002957 0.0002723871412138098168 0.002232985499561661834 -0.0001078554465672882105 -0.0002723413858296158153 0.999999957098685166 0.003734768711245851133
0.9999999612562558982 -0.000262204676637733025 -9.34676107595631278e-05 -0.006054253051384230963 0.0002622169471066560257 0.9999999570022926054 0.0001312923669894712313 -0.001939405335331839501 9.343318126802961014e-05 -0.0001313168706942665243 0.9999999870130599211 -0.007688439224842268105
0.999999908212071742 -0.0001878745024646940492 -0.0003850701486459319868 -0.004552180775784945253 0.0001879277683361882704 0.9999999727786578196 0.0001382961945181135225 -0.001426552068805579275 0.0003850441558350631917 -0.0001383685471978932395 0.9999999162975681255 -0.01416446804425888426
0.9999999883315145999 -0.0001480400768263391532 3.769756354037144005e-05 0.006504886301708555363 0.0001480369518779465175 0.9999999856076070559 8.288453708798350459e-05 -0.004785616235110727243 -3.770983323107238334e-05 -8.287895548843726039e-05 0.9999999958545235934 0.00187921404176267029
0.9999999743930718665 -0.0001390865972902888866 0.0001785182739774860577 -0.0003571485992068284729 0.0001390668127509223626 0.9999999841881186402 0.00011083403850779117 -0.004691274467472242825 -0.0001785336866840307702 -0.0001108092097023331645 0.9999999779235206887 0.004409185772603881406
0.9999999747227544811 -0.0001030189156500477087 0.0001998539302946565209 -0.002643332547353493232 0.000103034944393302116 0.9999999914763890718 -8.019365390926078759e-05 0.006260184599612877814 -0.000199845667127917018 8.021424382076734272e-05 0.9999999768136919043 0.00531052376155831049
0.9999999775433929816 -0.0001544682925276520571 0.0001450956937106068407 0.0007252705048390611529 0.0001544628234416391881 0.9999999873598445221 3.770340864657013613e-05 0.02022746453090085508 -0.0001451015158577177808 -3.768099590940994449e-05 0.9999999887628462369 0.002475183451935808378
0.9999999520826324817 -0.0003058167844067451115 4.807106290252559654e-05 -0.0140662223031176245 0.0003058174165754536057 0.99999995315147161 -1.314391176865879933e-05 0.005370474362246828101 -4.8067041021636167e-05 1.31586121071033038e-05 0.9999999987582052219 0.006280005990844576488
0.9999999551170465351 -0.0001929386835914302894 0.000229217297056239698 -0.02612642059013940352 0.0001929339058622560603 0.9999999811705672093 2.086559674385135229e-05 -0.0102581069267510868 -0.0002292213185209800652 -2.082137201888616519e-05 0.9999999735120284061 0.00591988774971386085
0.9999999936969327097 -5.602951736502092986e-05 9.729762393878922569e-05 -0.01690276862019509871 5.605213018567288172e-05 0.9999999714191806222 -0.0002324215924109678726 -0.00239660331103458326 -9.728459868827958753e-05 0.0002324270446850893173 0.9999999682566873549 0.01055579438291196111
0.9999999620613385654 -0.0002031319580430841591 0.000186050340175338008 -0.00954600756739685738 0.0002031583320444240695 0.9999999693168976078 -0.0001417494130542568825 -0.007207993718151735341 -0.0001860215406309275853 0.0001417872053532387433 0.9999999726461870075 0.008785493164161840493
0.9999999665850741737 -0.0002012265433822518334 0.0001622890287766442933 -0.0055584818291027965 0.0002012545334081148457 0.9999999648749512415 -0.0001724723432118779019 -0.007741324601946792706 -0.0001622543170628065062 0.000172504998851466762 0.9999999719577805646 0.005322578613895970201
0.9999999264637924323 -0.0003319742454387736514 -0.000192003932686453892 -0.01281969616137035826 0.0003319702360326748586 0.99999994467919473 -2.09133885568525403e-05 -0.01166913953425635642 0.0001920108647710269223 2.084964742811297887e-05 0.9999999813485598299 0.008355692224332307572
0.9999997553440383991 -0.0004296809939639196271 -0.0005519837921917939653 -0.03572636330711223551 0.0004296697220224254994 0.9999999074810311805 -2.053920653392846298e-05 -0.03051899421285701047 0.0005519925664295010238 2.030203078634784281e-05 0.9999998474460054521 0.01222623269308715024
0.9999997795785433574 -0.0003709712619821835017 -0.0005506570505423528245 -0.0274128052690503568 0.0003708918270558154181 0.9999999208011741691 -0.0001443499148946704631 -0.007643782980148779854 0.0005507105566010663889 0.0001441456488772577076 0.9999998379699441831 0.02203994642535088075
0.9999991866503339377 -0.0007940690786002886073 -0.0009980746310328221862 0.01009878448236089556 0.0007942433240026775844 0.9999996694163659772 0.0001741973051797450673 0.01044571943101269169 0.0009979359763920695511 -0.0001749898776089528095 0.9999994867510332286 0.0212121726085514814
0.9999988638419167186 -0.0007578404565299500959 -0.001303070496283669248 0.004610667690284209717 0.0007574800842645617368 0.999999674739784794 -0.0002770275193880744353 0.04418240713389468 0.00130328001510843553 0.0002760401546917300945 0.9999991126311239542 0.009881686234151610196
0.9999992095509037116 -0.000283053082359014589 -0.00122506265969328336 0.001752795140201193237 0.0002832158583179872867 0.9999999510897294996 0.0001327000983679209052 0.04836164400511984429 0.001225025038603263193 -0.0001330469506479236349 0.99999924080579361 0.004829642682893019352
0.9999991899073554791 0.0001656836540731468463 -0.001262035482731893848 0.02430535713632107908 -0.0001660158855432266266 0.9999999515953245099 -0.000263150288752482238 0.05379947843684906861 0.001261991821942065042 0.0002633595935146208159 0.9999991690088376739 0.00384118957495582997
0.9999987972676951387 0.0005567603735523437907 -0.001447577648857590075 0.05647428371320799972 -0.000556951079286073015 0.999999836277438936 -0.0001313415035486849422 0.0219322981683513149 0.001447504286111889887 0.0001321475755139132934 0.9999989436336219617 0.004916516154599213755
0.9999995955298318639 0.0008694801017801275693 -0.0002300967736558300471 0.08640006650956241763 -0.0008697254305125919505 0.9999990512045523472 -0.00106825449713048525 -0.01684607447222776638 0.000229167729312156575 0.001068454186068938617 0.999999402943723803 0.01899042232577916392
0.9999995983518041864 -0.0002091192880333649963 -0.0008715304662742292142 0.1173714809100856182 0.0002083604590827764773 0.9999995992463660555 -0.0008706853773715198322 0.02383952487023287617 0.000871712194111434681 0.0008705034351742615452 0.9999992411705220796 -0.01570986543355481352
0.9999994851355349379 -0.0001503476124877077167 -0.00100355580834305823 0.1361892666955443754 0.0001488195567854072078 0.9999988298578124102 -0.001522542526651468955 0.01949603056596224682 0.001003783544673869437 0.001522392394017813618 0.9999983373686147647 0.01911555945154702965
0.9999997793090165121 -0.0006302427119000016641 -0.0002101809751601927995 0.09296630103730756101 0.0006301823214152086489 0.9999997601734447183 -0.0002872686804964056186 -0.01127874802449224494 0.0002103619737454865335 0.0002871361647639300487 0.9999999366503293796 0.007934701235905179673
0.9999992239438727504 0.0002226554068316675722 -0.001225779842378831377 0.1014365516541048395 -0.0002231652079299037861 0.9999998886628277406 -0.0004157783328829902725 0.003176445276850470463 0.001225687130610112613 0.0004160515616290611472 0.999999162295727162 0.01755677771658340283
0.9999990073456067607 -0.0003423306033459108948 -0.001366790971250333954 0.1044735247245126564 0.0003425855477588697433 0.9999999239641028659 0.0001862979626500429944 -0.03501316589245640626 0.00136672709183119725 -0.0001867660205541313886 0.9999990485873023749 0.0169212619838734063
0.9999990375778062823 0.0001961029723738727732 -0.001373458075588472691 0.08995179442802739289 -0.0001970060846031719114 0.999999764479383213 -0.0006574418459558612794 -0.04395024809335148358 0.001373328825810623925 0.0006577117928170777813 0.9999988406908948413 0.01254449990119618601
0.9999982097785433677 0.001735698865403089179 -0.0007535178543795591688 0.04158085077019375159 -0.001736193929953803224 0.9999982770890667449 -0.0006568481831648744591 -0.005296072873627813947 0.0007523764654891288177 0.0006581552603860708894 0.9999995003805288718 0.01457397918139695207
0.9999960381500409001 0.002803512646918436546 -0.0002529843089531408915 0.0364229587035909616 -0.002803718929242660432 0.9999957343880692129 -0.0008187587141326201686 0.04467372039049767596 0.000250687829410415979 0.000819464767229253219 0.9999996328164862947 0.02473725049531230388
0.9999951193153171491 0.003008554921239331003 -0.0008425810528158618343 0.06332590000836917088 -0.003009147050246255718 0.9999952258421672679 -0.0007023723392295285178 0.07841956158604955485 0.0008404639044432182966 0.0007049043614612600242 0.9999993983649523299 0.01696691076703413584
0.9999929776978799811 0.003693043464744856768 -0.000637169439576911259 0.05907336982727184882 -0.003693368311073216489 0.999993049743835738 -0.0005094060671827759521 0.07597404333421602096 0.0006352837523387689159 0.0005117557913963961379 0.999999667260226599 0.01004774309380410818
0.9999903948292211409 0.004350437158781199527 -0.0005328656733407007842 0.09505709411746397774 -0.004350914290591473624 0.9999901319301603975 -0.0008975450608095475284 0.1013179805470518779 0.0005289557016007776988 0.0008998548926090705951 0.9999994552333706377 -0.003048123189409944998
0.9999883111422227522 0.00478581635759858532 -0.0006881429476450958435 0.129594961410720827 -0.004786463007407512453 0.9999881019365940427 -0.0009411467083487893648 0.1356935073948139503 0.0006836306047649581222 0.0009444294781814784566 0.999999320350847487 -0.01176925477928167721
0.9999838651807794188 0.005616095740776667206 -0.0008537252128332440326 0.1431191426074126527 -0.005617059561743968817 0.9999835848486898771 -0.001130785144404897365 0.1822297206720123186 0.0008473606011714524813 0.001135562324760876728 0.999998996238605331 0.0006761936691603151126
0.999979996389739112 0.006290197949582152469 -0.0006634984041470026435 0.173794666643092427 -0.006290978323641564091 0.9999795145657527362 -0.001180694953397150868 0.1848471603891934656 0.0006560580071191184992 0.001184845389313732419 0.9999990828642267848 0.01239735526548602432
0.9999783195630037591 0.006459131420853342527 -0.001280634701785493546 0.199606723674006975 -0.006460558457951927173 0.9999785106067251572 -0.001113332460307731898 0.2023177280691345614 0.001273416021046522685 0.001121581938127629366 0.9999985602317602584 -0.01319469517038387128
0.9999746216324660875 0.007077250948377931082 -0.0008176857709720662063 0.2265428088425177899 -0.007078423720643910351 0.9999739102734285234 -0.001440378457312788303 0.2135768479526605756 0.0008074705179708601245 0.001446129829216180954 0.9999986283489991079 0.003771233469867293648
0.9999581023954713377 0.009027693082498787144 -0.001514665394160255325 0.2500725304274372673 -0.009029918072921427202 0.9999581510009740715 -0.001468613737322431098 0.1863952815672212937 0.00150134381285236965 0.001482229510342008292 0.9999977744787407197 0.02236516964966922885
0.9999528370036695479 0.00968316030366734963 -0.000748448292334769321 0.2647182496676541152 -0.009684589580888400273 0.9999512402960447632 -0.001930221503260651011 0.2151741050190036364 0.0007297211539799630187 0.001937378882764749987 0.9999978570327548999 0.01626537007837230639
0.9999159406825849361 0.0128879822323725423 -0.001418267548555464906 0.3206400237226802452 -0.01289312272637425233 0.9999101191794562693 -0.003677084291668717558 0.2722148012658370253 0.001370749876486459682 0.003695061096035452079 0.999992233753979054 0.01842524094620947434
0.9998848834125464435 0.01516783774325501828 -0.000395754055812156389 0.367875186466768922 -0.0151695466339381059 0.9998736649283525013 -0.004747529638196350266 0.253592489311557534 0.0003236942989617149435 0.004752986528390778023 0.9999886521061435163 0.06244994048773389733
0.9998360986487635493 0.01805184264828249216 -0.001380875020286863276 0.4164175533914920013 -0.01805796811648967964 0.9998265424519324762 -0.004560131151386692498 0.2828779165909953708 0.001298316727091300242 0.004584319536818359624 0.999988649129609164 0.03193576867414273796
0.9997538912162534652 0.02210674399766787007 -0.001857112754044797261 0.4500151398965861471 -0.02211546532741017618 0.9997438291444680214 -0.004814798117141601448 0.336598011464551039 0.001750197506505654687 0.004854684065754181349 0.9999866843370015523 0.01895127535351837783
0.9996882368427011389 0.02486942087171999105 -0.002222841388087807256 0.5074353068533565825 -0.02487808438935658686 0.9996826542926058323 -0.003958740153931017761 0.4224984579960723297 0.002123684403905174746 0.004012806000238715136 0.999989693623167808 -0.002572787484681009294
