1 0 0 -0 0 1 0 0 0 0 1 -0
0.9999999230892868685 -0.0002100812595833510268 0.0003311907076052604429 -0.0006890966092312011222 0.0002100747583189145065 0.9999999777409487312 1.966463755265527528e-05 -0.0006576965316059600304 -0.0003311948314050962316 -1.959506123237003629e-05 0.999999944963007148 0.001032390426531211176
0.9999994640329833429 0.0009990611287730016832 -0.0002716810760270781501 -0.03716796089948602028 -0.0009992236766532469269 0.9999993214783523543 -0.0005988279209456100465 -0.02787580264501702057 0.0002710826259869538596 0.0005990990701572571379 0.9999997837972336434 0.009820702679408621974
0.9999997192895901943 0.0006651925488281392905 0.0003448762294254117023 -0.02830486966771111196 -0.0006651463710046490174 0.9999997698129017287 -0.0001339942109927081326 -0.0187853926676175495 -0.0003449652819901032801 0.0001337647802066601038 0.9999999315529665145 0.003060985215108942819
0.9999998763439218452 0.0004947469921585078128 5.037414824726212494e-05 -0.04004429469950224196 -0.0004947631813837602855 0.9999998258026082665 0.0003218759816248512322 -0.02361322016647639591 -5.021489229848095709e-05 -0.0003219008650967727187 0.9999999469291473986 -0.005574089926022996952
0.9999998315559701645 0.0004428104168920448899 -0.0003752425429632779319 0.001377685377967150437 -0.0004427596188736649687 0.9999998928091332617 0.0001354460849816895495 0.02062567882531349261 0.0003753024796780605023 -0.0001352799199213007325 0.9999999204236927897 -0.01758859986213462748
0.9999990800372822175 0.0009451568304840015028 -0.000972935329300520413 0.00347652678266611179 -0.0009449196401912197084 0.9999995237418253247 0.0002442191559827722722 0.05100140088999337296 0.0009731656913355360298 -0.0002432995856089322396 0.9999994968767977888 -0.01967442956054590852
0.9999996931673944545 0.0007697060393504561544 -0.0001456630698931773776 -0.02303578171730329832 -0.0007696529755128754579 0.9999996375699072848 0.0003639977354317059494 0.04123331832415349368 0.0001459431883557700494 -0.0003638855137301663613 0.9999999231439563596 -0.006349277761539362346
0.9999996540947952983 0.0008201150341571922155 0.0001386420586382532073 -0.01657340639291987952 -0.0008201491247448114289 0.9999996334168221868 0.000246011451932463647 0.001271895641306382231 -0.0001384402501241064135 -0.0002461250739988645776 0.9999999601283717787 0.0005015528745893504297
0.9999995931002231275 0.0008747683594237586025 0.0002204080428628577481 -0.007606800396095271533 -0.0008747685694271097913 0.9999996173895350227 8.563922703984360232e-07 0.003265040042676203586 -0.0002204072093875725398 -1.049197950294469125e-06 0.9999999757097802755 -0.003858762812740095666
0.9999996288118210286 0.0008327972424894959603 0.000220963737051207168 0.0068966333964994124 -0.0008327049040773921345 0.9999995660842182499 -0.000417652867768944394 -0.006888779629164387512 -0.0002213114613281574471 0.000417468715153667346 0.9999998883705482067 -0.01102334533596787888
0.9999996116849919625 0.0008706440443129152698 0.0001364141242161320215 0.005633918203457320348 -0.0008705900165909534081 0.9999995427801096071 -0.0003956167270840851066 -0.006498612228571364925 -0.0001367585031921869545 0.0003954978126854943377 0.9999999124392920935 -0.005424420147865210637
0.9999999348496346752 -0.0002700531915382792399 0.0002395245294137030273 0.008081806784588752013 0.0002700643316728753435 0.9999999624525141018 -4.647824445184822002e-05 -0.01022320235114063634 -0.000239511968821914191 4.654292845569617802e-05 0.9999999702338858709 0.0127954620743407476
0.9999998462058498072 -0.0002515874592152392958 0.0004942590687316141896 0.005797929814569000202 0.0002518299066937865292 0.9999998479828894338 -0.0004905261420900892868 -0.01687962719879157816 -0.0004941355833700109739 0.0004906505358652001134 0.9999997575460090049 -0.002095725712752420124
0.9999997631287756983 0.0001663332874179284141 0.0006678889354244455304 -0.002404159799507634473 -0.0001660012055418631641 0.9999998626000300428 -0.000497235880413647211 -0.02226468144340312122 -0.0006679715505351275281 0.0004971248922643399341 0.9999996533403645582 0.001075184556683815443
0.9999997409849901153 0.0007071123121522404457 -0.000134246529021213773 -0.008588958713151928839 -0.0007071169026187429157 0.9999997494097031536 -3.414991902198461317e-05 -0.01431874828249496585 0.0001342223475521356205 3.424483816643636859e-05 0.9999999904058262112 0.0005587679033865682954
0.9999999471607020629 0.0002777945107642841019 -0.0001688454999299326975 0.01633626659521991362 -0.0002777390179792555 0.9999999074432520674 0.0003285947733643348979 0.00895881244365306223 0.0001689367661264877811 -0.0003285478610182569607 0.9999999317583336822 -0.004557858968098825632
0.9999998999259402943 0.0001086407914790509628 -0.0004339876585988181588 -0.00928973261863354563 -0.0001085308848965253509 0.9999999620392723276 0.0002532636986126581111 0.0347660610640243839 0.0004340151568930008131 -0.0002532165722029100095 0.999999873756097557 -0.01721901398719591705
0.9999998477020519694 0.0004493160220468418969 -0.0003204855459640785446 -0.04411060169619171467 -0.0004490761134276677791 0.9999996192201193734 0.0007482581509702074902 0.02634168483287801718 0.0003208216283054994762 -0.0007481141146086305559 0.9999996686993223305 -0.02104993205956823613
0.9999997853195820019 0.0006526881207048253761 -5.795694062230774405e-05 -0.02929550958562496948 -0.0006526805551318826202 0.9999997784939949064 0.0001304609293783521304 0.01833273801313098014 5.804207808333557806e-05 -0.0001304230740027586546 0.9999999898104694473 -0.008732966413479047868
0.9999993829480964269 0.001056808843446694441 0.0003424302773620436103 -0.03571544402422770909 -0.001056690836615318142 0.9999993823228136014 -0.0003446135040019157386 -0.007705545527815247514 -0.0003427942564492654672 0.0003442514484212371622 0.9999998819915120185 0.01081963136719534674
0.9999998767030146007 0.0003701139179336969203 0.0003310734713691538124 -0.03608057148185860735 -0.0003699606345001461784 0.9999998244121504065 -0.0004629306614548702749 -0.0272401784737442143 -0.0003312447503174992822 0.0004628081202253944097 0.9999998380427664868 0.00787559398835572036
0.9999996404998077182 0.0006034128313045444099 0.0005957291418171329353 -0.01260530875983425364 -0.0006030084018564858426 0.9999995877867665639 -0.0006788277869715413299 -0.01598079879366364614 -0.0005961385096465678579 0.0006784683132551047949 0.9999995921497294438 0.005111594372987610102
0.9999998475362117389 0.0004985500737711980827 -0.0002374349958054592952 -0.006719783833513248879 -0.0004985507750550130643 0.9999998757193658827 -2.894404812983128976e-06 -0.008487712455834770658 0.0002374335232911545506 3.012777772864625001e-06 0.9999999718081221678 0.001620275174875705293
0.9999993612814113142 -0.0004628533326936538168 -0.00103111762751010509 -0.0008359940213391803742 0.0004620357678547648149 0.9999995788455467993 -0.0007929890782185373532 -0.007428662208601443349 0.001031484230887970465 0.0007925121584968936603 0.9999991539820221043 -0.01154110994349890305
0.9999994310361088878 -0.000828980776599612737 -0.0006713555918023275193 0.02382165361432655656 0.0008280709426987615867 0.9999987399961698387 -0.001354365012328610958 -0.007520231768222011663 0.0006724774884514238315 0.001353808311686036754 0.9999988574878887482 0.00391131020477186557
0.9999992931182355438 -0.000810254520473004591 -0.0008702014946072461361 0.007875465900957166407 0.0008102065389616437078 0.9999996702430855589 -5.548949853312960372e-05 -0.03177545317191398516 0.0008702461682693111121 5.478441636747701838e-05 0.9999996198350649124 -0.005752642699234233534
0.9999996528726732281 -0.0006247481888877658368 -0.0005513113761590783535 0.01096909775926164198 0.0006242330986809711347 0.9999993690088880838 -0.0009339779784284415716 -0.01675785210987386364 0.0005518945293370041728 0.0009336335074104730241 0.9999994118702781876 0.005321411391886451091
0.9999995351701393975 -0.0007779873269293483429 -0.0005695570421698795084 -0.002675997675514710412 0.0007774677590595001526 0.9999992820043250852 -0.0009118852547907633317 -0.04251013033136147312 0.0005702660684022623069 0.0009114420186820133395 0.9999994220348618068 0.01266853757689344502
0.9999992344909534037 -0.0004305659337813162084 -0.001160013139474313278 -0.01430576613527737365 0.0004291260894254580842 0.9999991376435348744 -0.001241194177381568569 -0.0289025260409801095 0.001160546555059487018 0.00124069543533395746 0.9999985569022238341 0.006887242875346785524
0.9999995104771232102 -0.0006208377473572382213 -0.0007704583087211968424 0.005895983472944834811 0.0006199183270396796354 0.9999990962165640207 -0.001193007679287132672 -0.002189889454757251806 0.000771198276593939116 0.001192529474056777889 0.999998991562827344 0.003328548467195395402
0.999998551362802246 -0.0003703045413258453794 -0.001661368966771455949 0.02049916937756331506 0.0003684402502084228176 0.9999993023388185076 -0.001122307292298509521 -0.004130923694602092744 0.001661783403185913052 0.0011216935512846245 0.9999979901377291647 0.006729370389875951111
0.9999981306724282648 -0.0003225964310513513233 -0.001906458284818290678 0.01904662937165230857 0.000320173856728470541 0.9999991411652816575 -0.001270888429613408832 -0.006858467334450136024 0.001906866631557378776 0.001270275655804892776 0.9999973751262589694 -0.007332227382808733686
0.9999991953407307843 -0.0003812596595823687607 -0.001209941718803597341 0.03938737829601396401 0.0003804887637446827922 0.9999997245378766664 -0.0006373009269280677626 0.02778309418991950497 0.001210184362644927758 0.0006368400448891917099 0.9999990649438457169 -0.01835568473779693177
0.9999982032014409494 0.0001484863521301802943 -0.001889853352191004157 0.03301888159480907692 -0.0001487334053214217037 0.9999999804128030245 -0.0001305862465002202461 0.02187318715102739772 0.001889833924898692624 0.000130867096187676997 0.99999820569915987 -0.01070324844682369811
0.9999982488434288053 0.000311835417458681337 -0.001845282836962792864 0.03884863906443942333 -0.0003118632367242837899 0.9999999512613146901 -1.478816263199527451e-05 0.03434237291590078872 0.00184527813555326577 1.536361261380087608e-05 0.999998297354831478 -0.0004363288880124697512
0.9999988453538203315 0.0003933803143234922335 -0.0014678361470525929 0.06360968540403098836 -0.0003939387635277728349 0.9999998501347575619 -0.0003801877338747636226 0.04800936958316478348 0.001467686368704724251 0.0003807655324492607656 0.9999988504565054948 0.006427729894089683448
0.9999993435215661641 0.0005532367473629201671 -0.001003436863053087458 0.07288604330147775701 -0.0005539790905331777593 0.9999995729949952006 -0.0007396735730319049578 0.04856646233504333804 0.001003027219978878514 0.0007402289704929468578 0.9999992229984318026 0.009852407218884636636
0.999998667593688606 0.0008596448909266642688 -0.001387739712314457231 0.0607509729125925782 -0.0008592938995803992269 0.999999598675926471 0.0002534994679291771428 0.04799930029724377989 0.001387957074903557525 -0.0002523066538959064359 0.9999990049577602846 -0.00142504672221386566
0.9999982803361883166 0.001252297202089918456 -0.001367872941383992689 0.05480536305668991942 -0.00125214458519051948 0.9999992097471783747 0.000112423114073941256 0.05521804445045898346 0.00136801264756974939 -0.0001107101460471569143 0.9999990581418862767 -0.001032717046972756901
0.9999985401610647084 0.001179255215200710047 -0.001236540689527855334 0.0684989072824187667 -0.001179485153664418294 0.9999992872501550778 -0.0001852402604097765418 0.05311321632437526058 0.001236321362640523591 0.0001866984713739910354 0.9999992183262790268 -0.004733494039980714468
0.9999982095521166015 0.001295984873349849279 -0.001378882072281620687 0.06053709467956681911 -0.001296296230732203692 0.9999991345099110696 -0.0002249344594518013234 0.03921564147957503493 0.001378589367215909967 0.0002267214963512893745 0.9999990240438836331 0.00242278903460897135
0.9999988190127455656 0.001343099022654814382 -0.0007470328838355277815 0.06355609907796132274 -0.001343863095936231444 0.9999985734936813753 -0.001023250986717678338 0.06473077248822969865 0.000745657490788250582 0.001024253688195310994 0.9999991974493223079 0.01819191205070097919
0.9999992831627593226 0.0008879268249243828541 -0.0008032807236894808122 0.06486159761447120309 -0.0008885413840311443033 0.9999993126126893728 -0.0007650283378433340997 0.07810660184156252572 0.0008026008823415347899 0.000765741537608493868 0.9999993847356714038 0.02289255571273998355
0.999999556334863704 0.0005849644697249231206 -0.0007383404668246421835 0.0666122452724580566 -0.0005852799874098172858 0.9999997374780328352 -0.0004271898897547213086 0.07972591296169798114 0.0007380903820867435947 0.0004276218361245439953 0.9999996361810103984 0.006331038669986000476
0.9999991412665993895 0.000597747511664944932 -0.001166260681043144098 0.03109980809945288652 -0.0005987317334745070668 0.9999994648065120284 -0.0008437458153499860069 0.09814547744549569075 0.001165755709906437978 0.0008444433680764905706 0.9999989639639748074 0.01734692830239640063
0.9999985159015424285 0.0008773547145265039393 -0.001482714880706665576 0.03428762549770318635 -0.000878733830627797044 0.999999181710771623 -0.0009297336404030449083 0.07848524744391681407 0.001481897961224409995 0.0009310351723136013006 0.9999984685747975721 0.0213562044785879819
0.9999989583445478836 0.0007709485133621985951 -0.001220224655096480105 0.01665155622491283627 -0.0007719538206855040656 0.9999993628732359863 -0.0008236142428107927045 0.06332057002195855266 0.001219588913482637805 0.0008245553419730895306 0.9999989163550979665 0.01579237376045181801
0.999999553782558559 0.0008765616531305049598 -0.000352241894312219756 0.04163893434786332393 -0.0008770425536597206868 0.9999986804660834228 -0.001367429139320735804 0.08966764260302263756 0.0003510427935702148893 0.001367737460280491401 0.9999990030311014522 0.0244038266492887547
0.9999998845719526575 -9.293954812148939838e-05 -0.0004714003838352895273 0.01967724729209593265 9.249194296883342153e-05 0.9999995449899390376 -0.0009494551887820954069 0.07102526049159668675 0.0004714884112795721897 0.0009494114784509231344 0.9999994381581035485 0.02113795616679427919
0.9999989895162058051 -0.0006176793820805362564 -0.001280405696730044837 0.03479295886623964829 0.0006169513539081195215 0.9999996478568349279 -0.0005689088091552489028 0.06483185141726986733 0.001280756649085642088 0.000568118286253938465 0.9999990184515276104 0.0185141757799320017
0.9999990608447677509 -0.0003697849867096241719 -0.001319685055609866233 0.04353108538113070747 0.0003696858249240619161 0.9999999288248465623 -7.538363642853462159e-05 0.06122629519981018231 0.001319712837418075867 7.489569677315736711e-05 0.9999991263739490543 -0.003533671005541561948
0.9999983039253061978 -0.0002298870628776721883 -0.001827374742455538555 0.05919578510587829995 0.0002297802991175028873 0.9999999718815102412 -5.863439947716289147e-05 0.06503910635700986542 0.001827388170362399854 5.821440531392389149e-05 0.9999983286303821828 -0.001617504788962006914
0.9999982399614610884 -0.0005822743601145475862 -0.001783544378371507057 0.06358780543462309864 0.0005823984899191124703 0.9999998280200522727 6.907868499638167054e-05 0.04467533331058534674 0.001783503848890533906 -7.011729696790985065e-05 0.999998407097524189 0.00137761169964053967
0.9999992494509793994 0.0003301750551164785359 -0.001179865208769480429 0.05229883688717239243 -0.0003299018445603615988 0.9999999187288296509 0.0002317479385530104858 0.0507662469566479771 0.001179941630268840913 -0.000231358524906105943 0.9999992771052297336 0.00328723807703566696
0.9999983050876847246 0.001124987976426829834 -0.001457471718649026903 0.07952210021277103524 -0.001124620441777205533 0.9999993356178655812 0.000252967763298803279 0.07027409356937283635 0.00145775533602299852 -0.0002513282320524746105 0.9999989058911514794 -0.006292227240626451987
0.999998260749693002 0.0007633826907626599118 -0.001701688707253412114 0.0772785298244411667 -0.0007643571372814068508 0.9999995442536737666 -0.0005720582237302494592 0.07039238958549237646 0.001701251232368929198 0.0005733579266866349047 0.9999983885011676232 0.001383714773512902032
0.9999977797129153689 0.001008910409658169381 -0.00185004568180011683 0.07155296283654488665 -0.001009366603272973282 0.9999994604130142406 -0.0002456679478555021806 0.05815600538134105268 0.001849796826589626946 0.0002475347767279148883 0.9999982584876008218 -0.00270534625937050811
0.9999966287001913479 0.00122999963380176873 -0.00228685136213737164 0.0658260649180701235 -0.001229177766838345778 0.9999991794872309381 0.0003607587591578418728 0.06361843718037417383 0.002287293218888285674 -0.0003579465960814870581 0.9999973200783915939 -0.01965040793904654012
0.9999960318913458934 0.0004505522813718311676 -0.002780863931234834642 0.04769178725287197274 -0.0004511070643900614414 0.999999878475323789 -0.000198876228136369074 0.06551207256005311952 0.002780773989152948624 0.0002001299063383742594 0.99999611361446894 -0.0223084752722463274
0.9999965921639779598 0.0009890219347594266311 -0.002416091066845545143 0.06923920968412140831 -0.0009915117197479459635 0.9999989784950400473 -0.001029520949821537959 0.05603517277875469382 0.002415070379994875907 0.001031913023991698139 0.9999965512893385089 -0.006767551184990804047
0.9999952984196868178 0.002206176536623703603 -0.002129770788316947324 0.09397826050153931798 -0.002209690134177957638 0.9999961993356165646 -0.001648812855578090731 0.0729703418923466629 0.002126125121537712596 0.001653511237051026898 0.9999963727396997681 -0.005176736704296809599
0.9999956779576826271 0.002636742258028630659 -0.001300636851535004815 0.09312490487465462097 -0.002639497965442928491 0.9999942659359198904 -0.002121590387220169144 0.05060512572600359138 0.001295035306571775714 0.002125014245940121723 0.9999969035942107842 0.008443617574074338897
0.9999945230398767926 0.002998047332605969454 -0.001401999443946651269 0.09186624086967525027 -0.002999293949909827544 0.9999951079089839379 -0.0008879154812088111597 0.06520455747364391208 0.001399330572597766139 0.0008921156265811073854 0.9999986230008806043 0.01477665591418939051
0.9999902311013788569 0.004150299665641732361 -0.001520761156870557807 0.07498801807052916935 -0.004151315671597400996 0.9999911617756367388 -0.0006655439933996304533 0.09778328525399054838 0.001517985509028979031 0.0006718506513910932863 0.9999986221673990983 0.005540443363498443081
0.9999908122599464599 0.003978678701863377562 -0.001595465913054048071 0.06551971640373731309 -0.00397845731480624739 0.9999920758380922425 0.0001419098914532055105 0.1268046653572195981 0.00159601788418654595 -0.000135561094589666854 0.9999987171742286129 0.006432367870292739383
0.9999911655393342036 0.003850835068720103761 -0.001685204010619289778 0.1132403965038917548 -0.003851013795126938168 0.9999925795324340339 -0.0001028242115353480794 0.1321091243514879443 0.001684795546537894368 0.0001093130470313723965 0.9999985747562963878 -0.002738304132712733596
0.9999888912664854912 0.004372840626162181367 -0.001759434137168832757 0.1242447150136713196 -0.004372001221265920876 0.9999903272428898315 0.0004806516195320163082 0.144945619474118409 0.001761518931518702129 -0.0004729540319047882582 0.9999983366813854913 -2.14025895373082458e-05
0.9999877105514880515 0.004751338780854317753 -0.001415459565990964588 0.1539560261616171322 -0.004750964654991265967 0.999988678309336132 0.0002675593282527306111 0.155028754469570873 0.001416714805608117666 -0.0002608312417275492697 0.9999989624425732471 -0.003217878823809794658
0.9999826934314750559 0.005633669252814479424 -0.00169546698069366719 0.1729830353297319157 -0.00563270510004382479 0.9999839720787703223 0.0005729038497910420458 0.1872897601649235189 0.00169866735668583479 -0.0005633438692822137061 0.9999983985851659263 -0.01148160741704685496
0.9999765840636866132 0.006550900629790203621 -0.001979147609287457404 0.1834366875477862757 -0.006548616749526557299 0.9999778867856576881 0.001158256602931519684 0.1916195063708475976 0.00198669146788175684 -0.001145268802084712517 0.9999973707047346005 -0.001937141859084719892
0.9999643178676624888 0.008332022717520518387 -0.001392978425930489457 0.2096455577347110522 -0.008330240400294624745 0.9999644831484010288 0.001280443916918708961 0.2019029862931154828 0.001403597639526747232 -0.001268794382788973867 0.9999982100356382686 -0.002384890576909171663
0.999945348717226401 0.01031413124267917085 -0.001708296078919735754 0.2456923929423531494 -0.01031061108037846855 0.9999447289639998848 0.002056773264633470107 0.2349456659676414649 0.001729415489013512398 -0.002039047282856314754 0.9999964256977345034 -0.01726930885394124468
0.9999113584564472967 0.01318770078802523199 -0.001832969641752625264 0.2744153189652560054 -0.01318342967322880775 0.999910396336618601 0.002323032500265761156 0.2441441494040707261 0.001863440858492227022 -0.002298661756714000508 0.9999956218615635439 -0.02342599936245422232
0.9998706397110157518 0.01598100855244928217 -0.001819672918611177402 0.3076888831595133711 -0.01597694514004872196 0.9998698823740262975 0.002226105420387623074 0.2858502104763588902 0.001855011556852825946 -0.00219674463635365037 0.9999958666140208452 -0.01992246762295617202
0.999822954483844617 0.018659313335216237 -0.002426873102192132325 0.3743459748994867886 -0.01865371104848013648 0.9998233336927963011 0.002310945162289999161 0.3740738514752831589 0.0024695650053667903 -0.00226526583021131097 0.9999943848939366609 0.004697869276715090428
0.9997750186382530213 0.02109472377483638528 -0.002219174563715634908 0.3902236392785973229 -0.02108735150019015389 0.9997722085953869575 0.003294620920467763916 0.3918830130778431231 0.002288168173084740263 -0.00324708317810129066 0.9999921103374996845 -0.007269185396698444115
0.9997056006391633609 0.02418917377607053207 -0.001896291834235900448 0.41178016757999647 -0.02418223605022867123 0.9997010854096436416 0.003599901441892461394 0.4234365204060375198 0.001982803646493739615 -0.003552985056453278941 0.9999917223591843207 -0.005445071086081347891
0.9995839433877016234 0.02877356639277348083 -0.002005492092437677516 0.4428153971816614076 -0.02876627408033708908 0.9995797727703573665 0.003574820820069873808 0.437951516614810854 0.002107509674260145578 -0.003515642957032894585 0.9999915992934998998 0.006743467844594060005
0.9994573860638579221 0.03286399872936651007 -0.002211567298695628347 0.4786057745094934313 -0.03285553052309844735 0.9994530302204709393 0.003762246292343785804 0.4733722471633913242 0.002334000095588996057 -0.003687542628188181411 0.9999904771911175549 -0.004797620761954017946
0.9993179862668272184 0.03681790327849462224 -0.002829191013117926447 0.5481638436073639209 -0.03680851155582033629 0.9993168788268061986 0.003302903101111630615 0.5241552017730963797 0.00294886429974882975 -0.003196512165737354274 0.9999905432099425173 0.008762092491043904294
0.999090829940436409 0.0424723282776501912 -0.00368983192104365516 0.6286689991238376685 -0.04245658345480295831 0.9990892924038331513 0.00424550648960910805 0.6233351263603450487 0.003866788108416146629 -0.004084988945331093253 0.9999841802823888903 0.01176385914710174029
0.9988418693383530611 0.04801855956479134102 -0.003022911508298141078 0.6360275671099077099 -0.04800704675797141247 0.9988398732895047427 0.003772398253645966367 0.6353077359776559963 0.003200549678158713662 -0.003622908269436397877 0.9999883154404499708 0.0005105920003279630593
0.9985830021562196457 0.05318193023931331448 -0.00191575068635932216 0.7130576421315980573 -0.05317396658676446647 0.9985772833865582676 0.00399229028893565048 0.6718530770348120074 0.002125342819671883002 -0.003884765159219445447 0.9999901957107162342 0.004127507318335241725
0.9982976993960666068 0.05832331594493946059 0.0003069164502779415742 0.8010003978286864834 -0.05832412348687058407 0.9982838857377297481 0.005251675529540084444 0.6996492469998430996 -9.461543062291347089e-08 -0.005260636232060648433 0.99998616275747787 0.002197484843018541242
0.9979702035116703174 0.06367514094114280765 0.0009743351584743319659 0.8334080159736656501 -0.0636791716521633161 0.9979583898182891044 0.004900539662343246852 0.6959650450781255104 -0.0006603033922070313888 -0.004952637419948926513 0.9999875176131033383 0.02376786365296525497
0.997648200861422807 0.06853857288873921316 0.000728933701348310017 0.8821536838075746401 -0.06854128721967171767 0.997636793282646761 0.004787549998485797834 0.7784442717972425152 -0.0003990792357990692813 -0.004826252696711677559 0.9999882739415852928 0.01240722885110163987
0.9971985114864531097 0.07480056728330282401 6.183282535442491466e-05 0.9162852297822838832 -0.07479993397608777905 0.9971859176376025591 0.00502150798320525997 0.8034277198340368242 0.0003139528230702081182 -0.005012065377523692439 0.9999873902376350543 -0.002109722553703533184
0.9965747046803634657 0.08269421209695347608 0.0007247598983722611894 0.9405385031153385977 -0.08269611650457449337 0.9965697089956100374 0.003188640379049451079 0.850539721788376224 -0.0004585916572065028155 -0.003237653173076725753 0.9999946536335195812 -0.02159935797595639514
0.9960303472787727097 0.0889955452873640307 0.001827626529745098646 1.035824844018837343 -0.0889993723699692707 0.9960294007524547188 0.002131796063778635623 0.9450179377580311124 -0.001630649404083865401 -0.002285991187806972035 0.9999960576056339256 -0.003327439723842958406
0.9955330277968068575 0.09439994879576309172 0.001624879404558738152 1.131805890531152547 -0.09440310738217133624 0.9955320628566529662 0.001991266171884469114 0.9679620257779909531 -0.001429644120849019907 -0.002135764906157140708 0.9999966973075228305 -0.004076828002987920897
0.9947835342840670725 0.1020077942073041311 -0.0003603307658586727726 1.243245474161346786 -0.1020055872262328189 0.9947759735988396246 0.00395253401153337295 0.9950243498218992455 0.0007616376644705399098 -0.003895160002004057886 0.9999921237872960722 -0.00636453151860299441
0.9940668847290997645 0.1087594558947888451 -0.001552236596747445319 1.310162181085523514 -0.1087472717736855526 0.9940482135920355455 0.006494608245549700169 1.126710806084223249 0.0022493480751047722 -0.006287273491145959313 0.9999777050641102116 0.004999032263943725858
0.9933523479428109093 0.1150840626550257428 -0.002602183567483355112 1.411306754160789323 -0.1150599366026594794 0.9933259828179780149 0.008043808034145593852 1.179076855583088168 0.00351053065742980069 -0.007690928520816656816 0.9999642622579023588 0.01775357767410523299
0.992391375628210004 0.1230842288813176616 -0.00310325304162750986 1.475426113158904595 -0.1230565177338818206 0.9923679570903310987 0.007932917721343812206 1.265332619901861522 0.004055985941764792685 -0.007490683617280031494 0.9999637186603251848 0.001763856717192365886
0.9913853618647203714 0.1309433795535528966 -0.002982554517809572238 1.57382265254756204 -0.1309188799565140227 0.9913661928354482455 0.007301956852836948703 1.321634160951718817 0.003912946624909734682 -0.006848580439989464946 0.9999688924134928492 -0.02203410395722398343
0.9904387652323081159 0.1379367994168488321 -0.002119361162450560544 1.657478272595838797 -0.1379204558258013136 0.9904217707432828588 0.006531761059870516174 1.346616349606158725 0.003000031650512969238 -0.006177006101345945167 0.9999764219248971076 -0.01123917659929586643
0.9892382905574161889 0.1463056244356349678 -0.00150623820825090504 1.75507610945268766 -0.1462928389573259491 0.9892194991776106505 0.006571736193973164684 1.464520579694824853 0.00245148217349364702 -0.006280661214889293742 0.9999772715066361783 -0.02039945060255609829
0.9879492198942225745 0.1547694783915459504 -0.001657549035727893865 1.85854774281403512 -0.1547505585479870549 0.9879181050159578925 0.008371523801830595482 1.561299425341436731 0.002933179074499067673 -0.008014133770244881438 0.9999635843971667049 -0.03168420432444480489
0.9866111129615500186 0.1630781900260626915 -0.002003925795752585504 1.917968367580768829 -0.1630544399306505521 0.9865768713665669098 0.008906542733203752851 1.582998146446249699 0.003429489710344997208 -0.008460545040356738655 0.9999583280206963964 -0.03397596923708148808
0.9853886191158515162 0.1703117993068712643 -0.001777732772767473893 2.031667048509942397 -0.1702907463967653912 0.9853564446575234781 0.008587121957751103762 1.629678372111261098 0.003214188636017454616 -0.008158920807359202124 0.9999615497621252569 -0.02294546204571083423
0.9839946365687362029 0.1781896232326996843 -0.001735907874627101288 2.128159748962317188 -0.1781704410168407082 0.9839669035897780081 0.008026617457490071647 1.712023356544230879 0.003138335836897109682 -0.00758886105637229802 0.9999662794494832418 -0.02898880611363608556
0.9825647923176976661 0.1859108755622269904 -0.001890831924232556525 2.28417061959521428 -0.1858912733157056241 0.9825398686680621996 0.0077356953671076931 1.794202542490148877 0.003295967649290490638 -0.007249332757793570774 0.9999682913831926534 -0.03261128511866709379
0.9812784455380353377 0.1925868857871733952 -0.001704037926563984218 2.353885977809540009 -0.1925661751956002643 0.9812476461877660538 0.008445414229385002358 1.875061362418071642 0.00329855923007553193 -0.007959162881029052325 0.9999628849278551224 -0.03978960367982600083
0.9800194127661654431 0.1989002947515335351 -0.0007895246755814177382 2.498118363955329269 -0.1988845730076224672 0.9799788437904154437 0.009294748128712030863 2.000630573675735491 0.002622445621162366493 -0.008952009324927788156 0.9999564912074977441 -0.0261788041016563916
0.9788883481228239924 0.2043919255993533746 0.001242038307587501472 2.592361414606961567 -0.2043926374940680801 0.9788223507179009131 0.01142171061186089513 2.076904047522900587 0.001118770569682330006 -0.01143444291913791808 0.9999339987556885578 -0.04635844424043560064
0.9775386313365792557 0.2107562892796736309 0.0001037962904490884257 2.737008857627924563 -0.210742101915708302 0.9774668702955112698 0.01209479040112983357 2.145513636598933349 0.002447595709383988075 -0.01184499910344354728 0.9999268499602772531 -0.05070747699550885723
0.9762702818687917228 0.2165501611727182474 0.001537672234164504754 2.887916579434860243 -0.2165495763108143679 0.976165373013597959 0.01440296944487260908 2.196565910921474352 0.001617942964617059875 -0.01439417331050660276 0.9998950895145302109 -0.07172838162988527666
0.9752686293475555379 0.2210110497013380859 0.002283970326633846457 3.032975266952239402 -0.2210204095371850752 0.9751572150646624637 0.0147778373027481133 2.2940024170031319 0.001038835191585365299 -0.01491716518793572213 0.9998881932517258431 -0.05913097000718393892
0.974231011900863253 0.2255207783389874543 0.003783383141737298519 3.24463546863127128 -0.2255517764816331872 0.9741335951017823236 0.01378894557448330158 2.397819155042353767 -0.0005758268830766139889 -0.01428696718880430837 0.9998977702705146298 -0.02749209882184295434
0.9728000135586324371 0.2315987981320925815 0.004704287841419022703 3.378347506415437795 -0.2316432627790689092 0.9726940312557799118 0.01441250736156705903 2.506011353601096392 -0.001237913321648557823 -0.01511020394138452849 0.9998850680490523057 -0.02578857079579154749
0.971409474015142993 0.2373620424496533654 0.004784829960629619246 3.553436488259365422 -0.2374079710428324275 0.9712913728315867301 0.01518302829665806909 2.603235824556170197 -0.00104358945416000359 -0.01588489430435167937 0.9998732824983327383 -0.03412601026612548105
0.9702363690828094134 0.242097404462035759 0.005498623623401139096 3.703485836065478765 -0.2421544752745697915 0.9701158691327972372 0.0153756483185325428 2.702439536933425757 -0.00161189748561213291 -0.01624952951512427524 0.9998666683998587157 -0.04837972995973023604
0.9685770015245573905 0.2486361985442689382 0.006215536272315114706 3.858672911666497285 -0.2487032061723263854 0.9684644421563781691 0.01494454811430061432 2.819010988742806756 -0.00230377023656876817 -0.01602076940069392663 0.9998690052154366459 -0.05254792847010237439
0.9669586309730140439 0.2548149120947404422 0.007769592070632381532 4.004534272323319044 -0.2549047555591326675 0.9668574433934206125 0.01449999131300667467 2.968791434108677407 -0.003817273913823119539 -0.01600139771670425204 0.9998646826901022022 -0.06012930099087935437
0.9658138759132077755 0.2591184548129877863 0.007821986246246298916 4.20733873977898476 -0.2592051982794115195 0.9657263972361351811 0.01360848508267758182 3.103984754813539748 -0.004027688969849028099 -0.01517076321890500727 0.999876805243985034 -0.05328210528948231633
0.9645320185128455348 0.2638755314770052096 0.006905733216961928295 4.39208239741881723 -0.2639511074250960876 0.9644246960063577179 0.01465669205891386405 3.193494404759798844 -0.002792517251728815746 -0.01595962470650475612 0.9998687374983910026 -0.08477653577882797442
0.9632315728709620606 0.2685744367433772206 0.007260093147477465585 4.547565315816255449 -0.268657571443679577 0.9631114645413920705 0.01547307903809222104 3.277119324003400003 -0.00283660545663256972 -0.01685463725247447753 0.9998539267675908837 -0.09513323233428627734
0.9622289725468536892 0.2721272851696104889 0.007883213662184132206 4.736396974237399249 -0.2722187151943464278 0.9621193499104238045 0.01494415022283299144 3.344973753673682992 -0.003517881374559190134 -0.01652565260922470719 0.9998572534699509129 -0.09582340038237256719
0.9616104044556835762 0.2743394977642986121 0.00657799429986050295 4.891590337935976862 -0.2744112949212340058 0.9614812544221679191 0.01588202173610131496 3.45997407785578126 -0.001967552344448038251 -0.01707739327903555829 0.9998522347710010472 -0.09271086517800107563
0.9611428921075441112 0.2759894534139000766 0.005844874287991397126 5.084456442820025401 -0.2760481761854380878 0.9610177527274719189 0.01556545429253440062 3.550599235531801678 -0.001321126730884462268 -0.01657409264292748763 0.9998617674844981762 -0.06869514059107720283
0.9605578447228922956 0.2780359778830279183 0.004962050376644436094 5.258801248562877895 -0.2780802429277076104 0.9604001443639166302 0.01740520608999947261 3.619750133965361272 7.371959741828978214e-05 -0.01809855542292446162 0.9998362050141134105 -0.08735841889869905286
0.960076550390892125 0.2796958986996111451 0.004818883702856353347 5.440373782870844721 -0.2797365014848736675 0.9598871242073643284 0.01908398590230539135 3.739564576895229919 0.0007121281682914899248 -0.01967010502089328733 0.9998062711555368853 -0.1080657856540959832
0.9596716440937058668 0.2810836348163135434 0.004725014384405086358 5.628934785078169689 -0.281122027043900713 0.9594801009540021575 0.0191922323877693167 3.841671542340561629 0.0008610651612354758679 -0.01974654683095459703 0.9998046471461518037 -0.1261207049607870612
0.9591639718854246821 0.2828128195339816298 0.004624299321612149356 5.832017472862371044 -0.2828491504743003149 0.9589780265431028239 0.01890774136333378888 3.956875046643426597 0.0009127502083994868363 -0.01944360344009445074 0.9998105386383568938 -0.1323845017744226249
0.9590824786484906106 0.283083422072621993 0.004957347791031472065 6.041991029266895907 -0.2831267213588219422 0.9589201040242232299 0.01764918555562769442 4.034090504379482134 0.0002424913844216231484 -0.01833058225552868653 0.9998319513558775462 -0.1288020557449283954
0.9588634241242882661 0.2838170274823547667 0.005369244614055455368 6.271870562803730564 -0.2838677200081651808 0.9587066890491658944 0.01733787500681278557 4.131411823630206648 -0.0002267465793419531006 -0.01814880942282947121 0.9998352710834532697 -0.1308508213615341698
0.9590181963711578161 0.2832848639434861759 0.005812477056463290562 6.470402771665718866 -0.2833431604039478025 0.9588746992092903598 0.0166121843414931622 4.217714672374247797 -0.0008674568081931406226 -0.01757831268391770591 0.999845113225979798 -0.1010568922312990725
0.9590972350614693775 0.2829991309199457183 0.00663216374948658819 6.635738591021798527 -0.2830717274561850849 0.9589573943964986302 0.01646550476752337011 4.361239659607638153 -0.001700238929051231963 -0.01766939814576256457 0.9998424383655409864 -0.1037731085563360078
0.9592895430441074067 0.2823826320962824488 0.004860215695121529976 6.839481343568659 -0.2824235821473509156 0.9591017472417278089 0.01899364854163675467 4.500833614924872883 0.0007020351031363819723 -0.01959304795687210124 0.9998077913371518077 -0.1423671496187329799
0.9591162463490250367 0.2830009500659707578 0.002547204568617895352 7.019907468260077721 -0.2829890815040258523 0.9588827647811731802 0.02147144976757115603 4.557617713043655705 0.003633970124296833932 -0.0213144473860205283 0.9997662169696295287 -0.1382366431032419907
0.9592732215730577217 0.282474957135999627 0.001668821099561067309 7.212486848501543868 -0.2824354123481923051 0.9590006247909090842 0.02341024353466764421 4.678864369570151283 0.005012407061855244858 -0.02292815390870037162 0.9997245498304946354 -0.1291530577648928868
0.9595953759223520008 0.2813806449939085796 0.001283406113373177339 7.391553724729695851 -0.2813231711414601599 0.9592849143080116603 0.02509435314933346553 4.826118202305921479 0.005829913151374807589 -0.02444147712153938237 0.9996842633095535113 -0.1409193207289551053
0.9599111004805874758 0.280300529151168043 0.001514110868658008306 7.577386050232264303 -0.2802475277189979685 0.9595925744641258248 0.02536561138038111174 4.941975535937134012 0.005657064745684075094 -0.02477305776213841945 0.9996770944798009095 -0.1296518489885250536
0.9599717515549833768 0.280093486836290817 0.001369251016404775256 7.775632129542006332 -0.2800165271781528409 0.9595679989392164044 0.02863564071004380193 5.090871255943311802 0.006706766996410385914 -0.02787281908376875936 0.9995889781469078361 -0.1656776138858934988
0.9601564663836335001 0.2794629677519389066 -9.857470924232723027e-05 7.991933960865639008 -0.2793267603838905933 0.9596993886974756194 0.03088113124760960906 5.243687462547271139 0.008724734674195010198 -0.02962318330244560413 0.9995230592717181395 -0.1485714708024646891
0.9603708851242375166 0.2787214425208775492 -0.001456188439006167543 8.210821645772305999 -0.2785285876311738296 0.9598764056611853723 0.03254399679122214201 5.359138727187501949 0.0104684706558428476 -0.0308487168946251257 0.9994692430425675678 -0.1608485581371610351
0.9608639777031869889 0.2770117204461710059 -0.002218803249892644432 8.39685502727883204 -0.2767822001568263079 0.9603384793923993579 0.03378784803210584109 5.484037643952701657 0.01149043205262024157 -0.03185140081293961339 0.9994265647047299028 -0.144624490623250751
0.9611083900073357222 0.2761541678626153185 -0.003088402437133729462 8.610296518519794162 -0.2758898720771034707 0.9605733203209773086 0.0344045748820234476 5.585788395634438963 0.012467603730737159 -0.03221446662044494258 0.9994032154228710274 -0.140783070130542004
0.9615530025255550894 0.2745621341441261132 -0.005608727869381579731 8.79928169661235593 -0.2741991859073883431 0.961010782735619018 0.0356802734518441092 5.640014107447846925 0.01518649998568979455 -0.03277056545279304761 0.9993475172621828495 -0.1651040286743588326
0.961840332116264074 0.2735290852338841394 -0.006709325270812214158 9.032815002653963532 -0.2731490571157464409 0.9613513073507949924 0.03454354428393253268 5.776964191633595647 0.0158986826892572701 -0.03139272823492533782 0.9993806724680612819 -0.192885050418466597
0.9619447033201155017 0.2730914885578719642 -0.009133818019906678881 9.185330369326756283 -0.2726182391252959247 0.9614660392841394287 0.03552957921919068507 5.864905225806164246 0.01848468151194538819 -0.0316874451560150705 0.9993268846423009055 -0.1868052616676739164
0.9622869101551607685 0.2717617309828567196 -0.01222555181719921225 9.412590702752973826 -0.2711811020929773552 0.9618528696688871671 0.03605366801540534766 5.978741771936121552 0.02155718932680654454 -0.03137863417882148093 0.9992750716921742216 -0.1727961946541642368
