1 0 0 -0 0 1 0 0 0 0 1 -0
0.9999999163991414308 0.0004083594955050545336 -2.107682460608252987e-05 0.003843871186279273263 -0.0004083658806782830639 0.9999998704599933896 -0.0003038376272989516051 0.0005965488588736049622 2.095274689553841703e-05 0.0003038462089539109004 0.9999999536192307747 0.001872202756406772832
0.9999998377399549332 0.0004275758738788882772 0.0003764291910934189854 0.009392033315050587333 -0.0004274834903500336755 0.9999998785019023062 -0.0002454669958667829292 0.004184441722978199558 -0.0003765341011232494601 0.0002453060387728266773 0.9999998990235039464 0.01114357778537843416
0.9999999441664508826 -0.0003165066834576962893 0.0001071942835505455013 -0.003630610511840870296 0.0003165116954665881332 0.9999999488177380158 -4.674257134217392376e-05 -0.005616721871175491855 -0.0001071794837278613132 4.677649697681607153e-05 0.9999999931622587379 0.001180143207385964989
0.9999999686892033779 -0.0002184189792618346346 -0.0001221259256095228124 -0.003186994034859340526 0.0002183597412835406822 0.999999858615059134 -0.0004848596549991683754 -0.01491955126812991028 0.0001222318108936851959 0.0004848329724323065357 0.9999998749981787727 0.004766481377792430515
0.9999999527841872959 -0.0002340991615140374784 0.0001990708560602960316 0.01107596767981296887 0.0002341366785249439906 0.999999954831765403 -0.0001884581726829560324 0.008495696010320422098 -0.0001990267291683746212 0.0001885047735738181037 0.9999999624271549425 0.0029804503701230038
0.9999999928164645668 -8.550918702845955715e-05 -8.399553370921851426e-05 0.006135556712896983976 8.552805699316592231e-05 0.9999999711027137694 0.0002246764850984866503 0.0149680342640174692 8.397631937837179571e-05 -0.0002246836674593163496 0.999999971232613194 0.001358007200032168398
0.9999999863867876648 0.0001389132790971925172 8.904788178509822987e-05 0.0129929616714886207 -0.0001389137959344845838 0.9999999903346709074 5.79787930933673394e-06 0.01348257428652486871 -8.904707552199398932e-05 -5.81024920969495662e-06 0.9999999960184297043 0.002070852075915471588
0.9999999972353087463 1.919626547377097778e-05 -7.183930505591234886e-05 0.02127252517820185304 -1.919531506031398394e-05 0.9999999997282484898 1.323037984353958903e-05 0.02784579278181647383 7.183955901027795567e-05 -1.322900082884432406e-05 0.999999997332035595 -0.006026402232891626271
0.9999999818636715609 0.000146452809236595038 0.0001217547998463881917 0.01115693602150327757 -0.0001464589024118675888 0.9999999880230325822 5.00372314624338707e-05 0.02141391522638425374 -0.0001217474702950151422 -5.005506262930492788e-05 0.9999999913360220205 -0.007657729603349174713
0.9999999378705791697 7.811585264025349285e-05 0.0003437393654268281439 0.008246719337204836547 -7.806870053029074338e-05 0.9999999875427360019 -0.0001371852977820108097 0.00111344683949705708 -0.0003437500774912844738 0.0001371584539731816822 0.9999999315117189536 -0.003348242636955815754
0.9999999935435271992 -0.0001082666309818240918 -3.451495718427942389e-05 0.0002102158738024693517 0.0001082605600246215355 0.9999999786787613365 -0.000175846888130271647 -0.007215229801127000762 3.453399479849429541e-05 0.0001758431503863328797 0.9999999839432947013 0.001986449004778707318
0.9999999750569320556 0.0001825168295472569214 -0.0001287390473347184764 0.01079419716695447125 -0.0001825236908825741597 0.9999999819228135856 -5.328672343623673551e-05 0.004778137986056246213 0.0001287293192836652688 5.331022003317029606e-05 0.999999990293391372 -0.0002967135962813312127
0.9999999963814492077 7.971022634815348479e-05 2.972173185896651512e-05 0.00526027969939291476 -7.970689282239090104e-05 0.9999999905354713947 -0.000112142178748817029 0.008426312593295457939 -2.973067045611414805e-05 0.0001121398093161294582 0.9999999932703751426 -0.0009995674212219328014
0.9999999447033842692 -0.0001570618829852453923 0.0002931293115883379678 0.02267322541276316564 0.000157190832042633093 0.9999998908746219328 -0.0004399338434282666177 0.02353214321114655352 -0.000293060182762634226 0.0004399798963418112769 0.9999998602667002912 0.001533511909184871909
0.9999999571557217637 -0.0001216889774632163559 0.0002662336330112826028 0.01104548060095997784 0.0001217126282116716098 0.9999999886485071432 -8.882016467469867514e-05 0.01576404294947303733 -0.0002662228215541200763 8.885256486444278643e-05 0.9999999606153147091 0.003971054062753436031
0.9999998654836076417 0.0003929026084150492306 0.0003386152786503767082 -0.005028593412566657525 -0.0003927298889640085523 0.9999997928359750654 -0.0005099914128754796851 0.006529133886905412291 -0.000338815585457840642 0.000509858359932502175 0.9999998126242083396 0.006207068020906909497
0.9999999001724790837 0.0004207064397428967933 0.0001505361200096927996 -0.01607330761403774969 -0.0004206712150254685793 0.999999884151481111 -0.0002339503221831746649 -0.001260430912455651501 -0.000150634526977423851 0.0002338869726159873591 0.9999999613030609025 0.002661371903658275861
0.9999997546426393491 0.0005316085457123989177 0.0004561874781221225022 -0.02443038150598504307 -0.0005313868213457477192 0.9999997407055606358 -0.0004860214579367498817 0.0008645021207030170914 -0.0004564457329956498927 0.0004857789266739035968 0.9999997778380389502 0.0110276023752344729
0.9999997628772778757 0.0006101693286768673308 0.000319278527929162234 -0.0279645271092684132 -0.0006100695072741148337 0.9999997650323024789 -0.0003126508213525349051 -0.01261267560172544926 -0.0003194692228508256974 0.0003124559651216744218 0.9999999001553377953 0.009172493616898640123
0.9999997565835785363 0.000660863530604076225 0.000223812818064083452 -0.02111661171575809556 -0.0006607472407673792812 0.9999996468903741276 -0.0005192612163986574849 -0.01250369687729020914 -0.0002241558998343925698 0.0005191132062999685107 0.9999998401377930834 0.0002347403323856303234
0.9999997006080902917 0.0007713304556868639779 6.191169418436255102e-05 -0.01307189074638909557 -0.0007713038143947429249 0.9999996104440942446 -0.0004291877045378875936 -0.01731400876004970252 -6.224271561398322331e-05 0.0004291398233166853751 0.9999999059824238312 0.0007983878753987749648
0.9999999716060007371 0.0002220351743764024889 -8.653542109918129248e-05 0.0001204571474187112194 -0.0002220437292099225089 0.9999999704614174201 -9.886226143152477414e-05 -0.004814112621451350181 8.65134676436143062e-05 9.888147327201938412e-05 0.9999999913689370246 0.01206511367973236125
0.9999996572332171541 0.0008267003017392621396 4.582640404839117843e-05 0.007680421421371303944 -0.0008266871434478117835 0.999999617278043651 -0.0002864125225968349418 0.02681747526059106643 -4.606316382849189256e-05 0.0002863745403250757444 0.9999999579339029498 0.006639350587293015027
0.9999997959608188935 0.0006232691890515089025 0.0001400494151933539004 0.02606232655913092583 -0.0006232369558728075498 0.9999997793190423812 -0.0002300816449555917627 0.01687961172333147727 -0.0001401927870873605946 0.0002299943140387374725 0.9999999637242983352 0.005670431584029063041
0.9999999775994037332 0.0002101429426127253094 2.532065457439000981e-05 0.008682560329175808764 -0.0002101386780321116163 0.9999999637570564648 -0.0001683081149400741841 0.001017406982116545637 -2.535602241928464892e-05 0.0001683027903209852801 0.9999999855156213036 0.005704152070561671617
0.9999999676390146641 0.0001630327314920648307 0.0001953005325636151461 0.009856163879535978153 -0.0001630682553040317044 0.999999970162212759 0.0001818909503647644595 0.008137483159954495004 -0.0001952708725578255458 -0.0001819227917956800988 0.9999999643866914756 -4.233269967617795114e-06
0.9999999191816718591 0.000275738194276453684 0.0002925834890308590618 0.01246941430490249719 -0.0002757165569552643119 0.9999999592528998615 -7.399039735064098506e-05 0.004757227645032187542 -0.0002926038790874868904 7.390972125865393025e-05 0.999999954460160545 -0.0002309963113169798403
0.9999999250560365205 0.0003663801310166040046 0.0001251140314590789757 0.01689121345833642998 -0.0003663833957545401063 0.9999999325417221474 2.607217629084932013e-05 0.01018229873059548277 -0.0001251044706917357101 -2.611801404060365387e-05 0.9999999918333603022 0.0002949761271172034985
0.999999971351757666 3.175844316068621078e-05 0.00023725068018715811 0.00174065753097864674 -3.172358238937094218e-05 0.9999999887013071298 -0.0001469387624031670146 0.01065723531450084305 -0.0002372553440528674584 0.000146931231752133075 0.9999999610605566636 -0.002045225686919062771
0.9999999734161688636 -0.0002304966438306822458 -6.241690917974390995e-06 0.003746975881675054625 0.0002304954043275008369 0.9999999538611735739 -0.00019786237464454901 0.02237508523576692623 6.287297243316571982e-06 0.0001978609307035362726 0.9999999804057607689 0.007313641206124907139
0.9999999460565265341 0.0001588784247948382136 0.0002874797211534938987 0.008664349402168456532 -0.0001588268903663370146 0.9999999713169268611 -0.0001792767811200855473 0.006724927911090086523 -0.0002875081961202831664 0.0001792311119391118348 0.9999999426076211506 0.004876615582303729483
0.9999999437816954329 -2.414415818594727956e-05 0.0003344453105259835623 0.007045434877821269391 2.417088374943831194e-05 0.9999999965153754111 -7.990630442875668895e-05 0.002175713175456511425 -0.0003344433800901144621 7.991438377527513009e-05 0.9999999408806566903 0.003006662550679669622
0.9999999866105733215 2.197526662149758384e-05 0.0001621602319584133391 0.01270447436362436532 -2.189529004131802954e-05 0.9999998781469968678 -0.0004931800762550896632 -0.00553855867528131509 -0.0001621710499623742609 0.0004931765191063779011 0.9999998652387266374 0.01249100690295895308
0.9999999582832342915 0.0001661127753180178471 0.0002363050479360621241 0.006415466797190924261 -0.0001661283365702932344 0.9999999840336111223 6.583428624949338103e-05 -0.001052421309387507366 -0.0002362941082471297228 -6.587354046761555149e-05 0.9999999699128850894 -0.001928799428950997256
0.9999999146829229302 0.000366162907241186753 -0.0001912037455443783547 0.006381411671003214825 -0.0003661352476666677363 0.9999999225070328457 0.0001446751840243588004 0.009069091723140300723 0.0001912567054133924936 -0.0001446051652504027057 0.999999971255108977 1.701852885680114097e-05
0.9999998011520110364 0.000630568971327112246 8.871915127193115097e-06 0.002710603415813902205 -0.0006305687008813499984 0.9999998007278381174 -3.045320366217628029e-05 0.01339786670053955651 -8.891116204570856377e-06 3.044760325462288921e-05 0.9999999994969457351 -0.0001393956329209045455
0.9999998967262748728 0.0004431745760260220835 -0.0001007161095917872808 0.006109844030032641864 -0.0004431793088075639182 0.999999900692774002 -4.697384777096534587e-05 0.0197126856632390407 0.0001006952819748732305 4.701847821564944215e-05 0.9999999938248613773 0.001691862758477420117
0.9999989817326744301 0.001420961414136820422 -0.0001319176787645746343 0.01606106158922231478 -0.001420932146434357663 0.9999989659015716681 0.0002216926309586409165 0.02972195222245123045 0.0001322325590230907072 -0.000221504959145845076 0.9999999667250512037 0.01094623635098453986
0.9999977261972708975 0.001418000086063520666 -0.001592757371339898701 0.03125003986799154698 -0.001417324622135452067 0.9999989052256818001 0.000425133335916833856 0.01372173791482149581 0.00159335846673695292 -0.0004228749150080031807 0.9999986411918782014 0.0008891043437811146227
0.9999985431980215056 0.0005640228745070743552 -0.00161104935734344046 0.05287839154267264669 -0.0005638237563835987384 0.9999998333575680354 0.0001240467971928078852 0.01473434570194920475 0.001611119054105382767 -0.0001231382685808210076 0.9999986945653280834 -0.01631044586564750487
0.9999979698759916547 0.0006515557748832400981 -0.001906756137366419791 0.04208500245063766243 -0.0006508855353708515191 0.9999997261842470397 0.0003521071579869591763 0.0241266652423617646 0.001906985032718717639 -0.0003508653631764668281 0.9999981201490240057 0.01248082253263129229
0.9999947078669892964 0.001809812095791094293 -0.002703482604459356373 0.05292178341619445392 -0.001807316717451697662 0.9999979388204554009 0.000925181670504302109 0.03728876769176498601 0.002705151437074405137 -0.0009202907250134370219 0.9999959176020090101 0.008984343282135083195
0.999994993195929105 0.002552498544944757121 -0.001870383450422838769 0.05218568341304536534 -0.00255270720945345456 0.9999967358770905923 -0.0001091836397395140368 0.04713458474735086889 0.001870098654179800767 0.000113957634396778538 0.9999982448708003568 0.007469086186586995635
0.9999901134823925286 0.004112577442225856701 -0.001691048270564825869 0.07668055025907737077 -0.004111027174757463445 0.9999911272188605205 0.0009192057012428892556 0.08062143683402529792 0.001694813570895314621 -0.0009122446681054334873 0.9999981477065972291 0.01059507237650590857
0.9999791145627616729 0.006061303730495062533 -0.002242996959855503812 0.08173559828335622002 -0.006058929031150326466 0.9999810784602265468 0.001064002122983437326 0.09444054499658356694 0.002249403758936613287 -0.001050389741437019082 0.999996918427312087 0.009438613493772961965
0.9999604447558277931 0.008546836879095846828 -0.002461808905916055504 0.1050757754820417084 -0.008546488394771510275 0.9999634665423948743 0.0001520415560794864977 0.1103686525184174455 0.00246301844190341488 -0.0001309957207940432012 0.9999969581855117085 0.003470744082477262432
0.9999265413607597575 0.01157312858281435777 -0.003602024030264798591 0.136435745929390756 -0.01157111968179188113 0.9999328852679789659 0.000578056195020595345 0.1194235287317430977 0.003608472200060336508 -0.0005363342806482390961 0.9999933456148200062 0.00813427197963371984
0.9998643842862897646 0.0153839826599192521 -0.00587759417771779348 0.1785472114313484959 -0.01538457138010772447 0.999881648967864245 -5.496139696384039772e-05 0.1657094196883650561 0.005876053033202528406 0.0001453782105051617125 0.9999827252837555358 0.008967362235456294642
0.9997837106690907749 0.01948120801916119332 -0.007281099838487801838 0.2560589281296188346 -0.01949687614557878146 0.9998077393644616562 -0.002087133797525052639 0.2113639131524885917 0.007239040081932035346 0.002228641074507035913 0.9999713143173923902 -0.003182417153766197576
0.9996337509679805722 0.02572826141895624696 -0.008391691727130093717 0.2999224337492926717 -0.02574813774945740319 0.9996658862947578328 -0.002269180678393472456 0.2742252432518008654 0.00833050587421333387 0.002484420027707682273 0.999962214450628939 0.0005669123818771020255
0.9994216433865356075 0.03280573338741129413 -0.008953356212647541057 0.3915938789391102404 -0.03282462539879213437 0.9994591827683184659 -0.001971280678622673414 0.3242314255606721929 0.008883844774951708823 0.002264031139147299268 0.9999579748494511477 -0.003210586209935772407
0.9991287504432331268 0.04091006687220358901 -0.008252664191355809503 0.4786131976499291563 -0.04092550527398400306 0.9991607363761130234 -0.001710526940064525979 0.3774267081466974871 0.008175760258995100338 0.0020467810961139251 0.9999644831849439086 0.007683215151622603545
0.9987420471117371967 0.04950076383707490563 -0.007999856911378062929 0.5543593021350159411 -0.04952546824640161049 0.9987685927168521438 -0.002919965303468553732 0.4325247790712605234 0.007845465316413799059 0.003312488784121644068 0.9999637373885235103 0.01928429761232321876
0.9981874100911879433 0.05956352678156067587 -0.008607009514853228294 0.6675932115597422722 -0.0595870190515646464 0.9982199867426138074 -0.002499045442630427188 0.5457601744622908591 0.008442836963659884966 0.003007381738018014266 0.9999598362729810175 -7.443866007987608776e-05
0.9975164952408330787 0.06979686692639432144 -0.009446644362112141188 0.8054894203806156616 -0.06982129904979061941 0.997556906524967979 -0.002281324908019367534 0.6438736729731435737 0.009264335995889218592 0.002935236207777152176 0.9999527771184796299 -0.00896884526411439835
0.9967456628428327248 0.08004261916912927544 -0.009553152387968432205 0.9636705874831708041 -0.08007346987997103482 0.9967847713781878838 -0.002891188322320942337 0.7971235947933781318 0.009291018533152338096 0.003646733480731999006 0.9999501879141465821 -0.004388181706292831191
0.995797860111813371 0.09118903356396271254 -0.008436939872002719235 1.112847338124925978 -0.09121108353550025361 0.9958290033264510788 -0.002265915736955947078 0.9685433499398266033 0.008195122757671277278 0.003025936469503648103 0.9999618411076840463 -0.001449902863666620951
0.9948319467521591353 0.1013120219424256258 -0.006728441962800616946 1.304431235908706022 -0.1013191719299505189 0.9948537044000096419 -0.0007295484956750652311 1.085326150791397826 0.006619903378330770256 0.001407498318252217197 0.999977097651614022 0.007362305949538634764
0.9936562815226738232 0.112353176116026951 -0.004894691734295218005 1.497149996584225207 -0.1123541143104018897 0.993668227319519537 8.374490267355081871e-05 1.255249777404692235 0.004873108664691534579 0.0004667251060421095292 0.9999880174180175718 0.01886911773794005751
0.9922930105893235098 0.1237981079509210686 -0.005348794569699339384 1.753888845347759684 -0.1237949032285043799 0.9923073928215893069 0.0009274083595727499471 1.510535282239946264 0.005422459794409599868 -0.0002581073270210732938 0.9999852650466334314 0.02278518918233646273
0.9908346347813087318 0.134992239901273875 -0.004880746277730801073 1.986586978986398355 -0.1349755896979236702 0.9908424023717802287 0.003594975356939456978 1.701978086612631058 0.005321344143017047411 -0.002903244487838254305 0.9999816270651953332 -0.00346764719966695216
0.9894086827269905626 0.1450529910900136832 -0.005485282151523451083 2.29103211712918764 -0.1450229773294952618 0.9894128651591107548 0.005524337437931793084 1.85295561954592336 0.006228530398907495061 -0.004670335478297225895 0.9999696962286357405 -0.007792198478611719881
0.9880758423456141859 0.1539281567972632936 -0.003500331127515521334 2.576033657253696152 -0.1539003433074966343 0.9880603581295741566 0.00717028749022497261 2.061189161241452794 0.00456224756450188465 -0.00654608568954970476 0.999968166822977067 -0.0277246054447405528
0.9869434523436534379 0.1610636406521894215 -0.001060912745284229739 2.829357744648492989 -0.1610489097375396861 0.9869094554490238647 0.008542565051615517643 2.242845464641103348 0.002422921447448738407 -0.008260169802956974713 0.999962948836848553 -0.03271847014213951493
0.9860035719401065712 0.1667168257645911533 0.001567203984859272562 3.122249397561257744 -0.1667241893449183943 0.9859615984471226113 0.009097861005465670073 2.439656063003785125 -2.843643792586672604e-05 -0.009231814262317547537 0.9999573854903993642 -0.02773391927999245207
0.9854524268821253097 0.1699411555653121964 0.001875632494846260446 3.392549785296711917 -0.1699513847583412895 0.9854048852344369225 0.009681889011362201924 2.640996670901511134 -0.0002029060166799666646 -0.009859807362847127291 0.9999513703315356938 -0.03210678118770253497
0.985262631950510559 0.1710309970110167055 0.002438061395953887781 3.687075733987452697 -0.1710450648662991402 0.9852321397501886402 0.007824103025153144111 2.835565746801635978 -0.00106389230486912895 -0.008125814708833290975 0.9999664190704012912 -0.06216049015712948878
0.985119311688103183 0.1718125650483677269 0.004514889883272061623 3.998529543950484655 -0.1718410321122317563 0.9851002771484153042 0.006935679110101167048 3.066280291721172446 -0.003255982457047019735 -0.00760831476844696375 0.99996575547596811 -0.04952099660542205739
0.9852304598322109142 0.1712043191246180873 0.003165775084584289238 4.345080815109916728 -0.1712273209758715942 0.9851841754029215803 0.009661526126412103149 3.347765344881141747 -0.001464776514040191154 -0.01006089701475144753 0.9999483150548444943 -0.05587873879949471767
0.9853592470797820635 0.1704907853806885698 -0.0002151618946230950146 4.672485532207287129 -0.1704666012025221333 0.9852392198237500676 0.01564664806111838724 3.613120879074688041 0.002879595253709567228 -0.01538089143594125081 0.9998775605591969651 -0.09459350651711408153
0.9856315187497306507 0.1688807155814782135 -0.003132595056388529434 5.005638347616202743 -0.1687989431542760987 0.9854871367967904527 0.01794491566052976508 3.902510888294902003 0.006117682330663643323 -0.01715829574147508668 0.999834069658635527 -0.08214741897145441674
0.9861138890437003424 0.166021290331567456 -0.004040914717004373026 5.350903467619964715 -0.1659286617771890682 0.9859854887462213835 0.017329027171373277 4.143206945968546329 0.006861270723409531105 -0.01641789080595857514 0.9998416753794291401 -0.09535770050163124012
0.9864985211517045549 0.163739669104577823 -0.003160463102678703288 5.703904851908660589 -0.1636789964487349869 0.9864095713117843056 0.01432982016764394739 4.41640824359644224 0.005463871066838134338 -0.01361904497479092015 0.9998923280668472469 -0.1001980444575027718
0.9870391548655624847 0.1604174437005798093 -0.00446660036800526454 6.064108501559509534 -0.1603250293264421034 0.9869277047534180669 0.01641921318533402091 4.688182167488297303 0.007042139856012348889 -0.01549029847101964993 0.9998552189789915445 -0.1337859526710400704
0.9873739168533225419 0.1583274811823209283 -0.005015677440776357757 6.424269422845429567 -0.1582049408210032537 0.987218981758458014 0.0192322322057608304 4.992187745494033102 0.007996562858563722315 -0.01819589949013942359 0.9998024626015850069 -0.1422034664465342546
0.9877358638337366825 0.1560293040694820943 -0.005720102115790981316 6.795127468664555082 -0.1558452755836757797 0.9874741446406611889 0.02463866360910516376 5.297931239675428117 0.00949280648017868274 -0.02344504079304612909 0.9996800571619612885 -0.1284814639282611526
0.9882186297642474582 0.1527269827318422091 -0.009920107484344190679 7.16156449158058539 -0.1524087022536502745 0.9879380385670124554 0.02738648260953703908 5.582341640953417894 0.01398310638704958891 -0.02555192161055346717 0.9995756960019469561 -0.1675385730411721175
0.988671233090708923 0.1494806250776635481 -0.0135917469549773854 7.563605206865802622 -0.1491182277739517004 0.9885128497679873671 0.02461909805675964805 5.891946812004845491 0.01711569468216278533 -0.02231341681507940586 0.9996045040042503826 -0.1984664248517653273
0.9889865129060858573 0.1469345298480800033 -0.01777417306611388595 7.906636874016207628 -0.1465331077114632174 0.9889587283568893605 0.02210615188460104963 6.114886006603485136 0.02082608062697335893 -0.01925818124974483861 0.9995976174544789483 -0.2056466323927240991
0.9892104672366248685 0.1449277134787658461 -0.021415166945767488 8.314587232880949585 -0.1445153170141431354 0.9893064590740382469 0.01969906552834455732 6.438452217030398828 0.02404110350628797799 -0.01639170217534021562 0.9995765790783589511 -0.2000629061357193095
0.9896230950688509331 0.1417088910286372905 -0.02376383617562080261 8.722495546314098291 -0.1413247380087994387 0.9898148780482958209 0.01714134244980157137 6.717963732959083778 0.02595087923543527852 -0.01360505044720406072 0.9995706350574915522 -0.1641014527988943761
0.9900085570098448029 0.1389506687779518967 -0.0239951806295481615 9.106520779845766356 -0.1386132775230103642 0.9902299009517236961 0.01520205760640206023 7.026288405725132691 0.02587308140932671405 -0.01172411648267631008 0.9995964829625437753 -0.1764512572816844538
0.9902300274928410584 0.1373146020529391331 -0.02427329220707886634 9.57447858173054378 -0.1369382290990955042 0.9904413334430913762 0.01654951415222694761 7.339518232610672932 0.02631376185061551701 -0.0130638842047106022 0.9995683672799750008 -0.1824584774910194829
0.9905330071539391046 0.1350629038223603862 -0.02454330356016206499 10.02215439312933043 -0.1346360251277118336 0.9907262747620785293 0.0182917805001196962 7.69174068547149048 0.02678623669694162046 -0.01481419951014029818 0.9995314087193504227 -0.1746278871132380117
0.9911047819725097296 0.1304328507146434168 -0.02643071330243320846 10.45022651403023772 -0.1299611418851150391 0.991339917212681776 0.01884861110719525737 8.033384032762370452 0.02866029921582943438 -0.0152459829202590616 0.9994729347279266429 -0.1647406128022236571
0.9916710768272261056 0.1257603516671877419 -0.02779944842753332215 10.89665212977951647 -0.1253312256396624524 0.9919747032994927771 0.01668148355343035058 8.450453167582123726 0.0296742188438017182 -0.01305840581497661954 0.999474321217699746 -0.1620961626846797177
0.9921873445128791547 0.1210002291324593915 -0.03038450161469875843 11.33188789771527638 -0.1206285044434088766 0.9926019412794040431 0.01378949180009922566 8.786471539151884613 0.03182824695498934903 -0.01001652226328312786 0.999443160953899068 -0.1783170297339517207
0.9928116344203119503 0.1151401354498814561 -0.03267732804639760652 11.77946438135565543 -0.114779384442156171 0.9933096284861875347 0.01271514308656796106 9.162810949624393686 0.03392272787894053121 -0.008873058391283765445 0.9993850696143284917 -0.1919988667790117898
0.9934528034825461651 0.109351080231980452 -0.03307368296347618086 12.22773463750498024 -0.1090722679417984314 0.9939822521755191653 0.01012535066628464375 9.538836062372585189 0.03398187191286097114 -0.006451636395650009459 0.999401625358452339 -0.1812725723376123199
0.9942952004488622153 0.1022736098722350079 -0.0302847005608210644 12.69349996201917286 -0.101994994211197107 0.9947283281873904315 0.01061010166666916978 9.927117469869250144 0.03121018295708294019 -0.007460685305054824169 0.9994849987141198877 -0.1671327598815952609
0.9951147162563406257 0.0955194227311192412 -0.02495478653838751129 13.17772502885883235 -0.09522836027249635682 0.9953756399247555287 0.0126053498243867898 10.34739266567130755 0.02604344235838237584 -0.01016736571080577994 0.9996091054930563713 -0.1394831236252951079
0.9959062514634633434 0.08845278040439422118 -0.01862374652761425095 13.67619954566645113 -0.08805571985261033408 0.9958907918198977027 0.02115941798764035819 10.78507689287882165 0.02041882702878438857 -0.0194328692443778428 0.9996026385998085795 -0.1219029379228333543
0.9963875038231398973 0.08147030676228859958 -0.02396938341198873168 14.13833227872802034 -0.08085805998151508744 0.9963995926519180202 0.02549168294007977953 11.23228985903373811 0.02595989909683850405 -0.02346147649127050192 0.9993876338837356377 -0.1001081928843687296
0.996640429265767458 0.07439597769776093439 -0.03425044898013714784 14.66247363466088949 -0.07359406784651388589 0.9969968344279751538 0.02410861502449577684 11.66416282846388697 0.03594117319661991466 -0.0215069905609988031 0.9991224556711052474 -0.1514960467670670718
0.9966976399582543333 0.06939525954777718553 -0.04216767071990910193 15.13157352717516702 -0.06872627565187795773 0.9974887452798938403 0.01711438210877777588 12.05802606667696253 0.04324943394621629661 -0.01415983729566852242 0.9989639560420046083 -0.1749722519825147593
0.9966869629399661701 0.06591748191816586278 -0.04764434366296655537 15.60042199664383133 -0.06537370684508744811 0.9977776656568058122 0.01288442353339639725 12.46637524986605605 0.0483877707570740459 -0.009727049605283727418 0.9987812614116953203 -0.180792203258071521
0.9970803294266761263 0.06249402501104251578 -0.04387839455028191837 16.10340228330206003 -0.06186822818436121113 0.9979642830784450913 0.01547940699939403912 12.90625675716630916 0.04475644100818149118 -0.01271953370388509592 0.9989169507274550108 -0.19671423347929895
0.9976217439571507528 0.05903622182033855387 -0.03557499820200860779 16.64230183784856365 -0.05830505123852051247 0.9980725749814409742 0.02125220153276885515 13.40293047747273647 0.0367610797442979309 -0.01912745626307132962 0.9991410127869527757 -0.1660439819637294923
0.9980315646870135948 0.05450423815156500706 -0.03102070134456778525 17.15865096008649004 -0.05372497078290540407 0.9982320681201366508 0.02542372299587363632 13.85315447121257115 0.03235155951059151547 -0.02370709176833883658 0.9991953514689307925 -0.1483489468048322657
0.9982018208658958169 0.05045865552898466666 -0.03235813502377973133 17.67157166212417252 -0.04959475360273456201 0.9984052880033003063 0.0269674118545113542 14.33995464977221168 0.03366727246294155818 -0.02531412588366536986 0.9991124610351188595 -0.1408486483121573762
0.9983512228970823355 0.04657259137064040377 -0.03355338243640151874 18.1908833871392801 -0.04579860839600759237 0.9986747516761632637 0.02347824170466670385 14.8378038252102904 0.03460235842958121061 -0.02190283309476102197 0.9991611194865089862 -0.1647081486345887413
0.9985311120270825569 0.04251671121829826705 -0.03358493086396958233 18.70397712433872428 -0.04177282148558859876 0.998872643972216423 0.0225493350032064388 15.32561798537628484 0.03450579225421340074 -0.02111327523463647771 0.9991814549468858164 -0.168308112539152066
0.9987795488870652161 0.03835739051494777008 -0.03111468010174812948 19.2018675767834317 -0.0376206508229129169 0.9990055756163876977 0.02392794431267006305 15.7997355719750594 0.03200155240938769297 -0.02272818691082887851 0.999229368144839647 -0.1603712965807446988
0.99903161216007208 0.03461351050404888607 -0.02716142108641278821 19.69254456312228285 -0.03393229483010407749 0.9991075703678624631 0.02515277720629858008 16.28620437818611677 0.0280078073474205394 -0.02420677021440280699 0.999314562589466604 -0.1487790636756680385
0.9992239050873159556 0.03081253168513727742 -0.02453926227919471514 20.16031846936882843 -0.03014745778195078094 0.999180018732356956 0.02702630117667674525 16.80594487576663809 0.02535188930514238256 -0.02626552982826264523 0.9993334797010958725 -0.1491385205324885777
0.9993940892211670146 0.02659605373078421237 -0.02245226838747874792 20.66867810826579088 -0.02598274829959575441 0.9992928363886088849 0.02717947632330124444 17.29720199872528497 0.02315925777295101823 -0.02657963634736709713 0.9993783926576799148 -0.1657603895242923675
0.9994761711781715574 0.02176120713036108073 -0.0239548139473438719 21.16309621031923882 -0.02108885546397777297 0.9993862503083311699 0.02797110776986163824 17.79283668316396927 0.02454879675751529128 -0.02745127608843132144 0.9993216619381743993 -0.1742418941196571258
0.9995135295637720407 0.01657081235058418395 -0.02642181668645090381 21.63800866018253899 -0.01582600067515826589 0.9994783236996034326 0.02815347504768484638 18.26639678966184022 0.0268745590029041935 -0.02772162752567839186 0.9992543567309211117 -0.1878575114786474876
0.9995663056203559771 0.01177030258200345222 -0.02699371492776161952 22.13367621128360696 -0.01107630640493535018 0.9996079106846791351 0.02571653812305393916 18.77864283281618185 0.02728582241562760302 -0.02540639434745869951 0.9993047578298445144 -0.1937130291357060385
0.9996088740197425215 0.007601630952795237518 -0.02691308581043938553 22.6524641540181868 -0.006965189628858708265 0.9996957207596804951 0.02366330552177731486 19.25764589647563341 0.02708477643283413797 -0.02346659544204150391 0.9993576605920139189 -0.1893015565005825018
0.9996510559107016913 0.004103920621941679198 -0.0260945253290407915 23.1435668035241271 -0.003480908263944428385 0.9997088681834073176 0.0238759743907728493 19.73995016094823995 0.02618491348614986405 -0.02377681036177139301 0.999374311054043063 -0.1800787742467405417
0.9997206783375670591 -5.656418116772505726e-06 -0.02363398553523408246 23.6305644856434931 0.0005586652763353837934 0.9997262055464840591 0.02339234568695716665 20.24490582993497512 0.02362738236419211976 -0.02339901518513162748 0.9994469635208174108 -0.1760020677412738876
0.9997467446037134886 -0.002893595797732189442 -0.02231756612259888986 24.12526110154610848 0.003475843682054272164 0.9996534322331683819 0.02609471086531167661 20.75139845256169124 0.02223432402784376177 -0.02616567461017656193 0.9994103222937109621 -0.2157108095897054822
0.9997219603531204424 -0.005781069755455597176 -0.02286003543734102875 24.60228269114195498 0.006297142425643475691 0.9997254744638492951 0.02256815688758227745 21.24204695239534502 0.02272329168463697868 -0.0227058349442147353 0.9994839153655754593 -0.2200103512888691437
0.9997151441855854914 -0.009566089005995797451 -0.02186596503983632631 25.07303096900689354 0.009960152048002610461 0.9997886549459173988 0.01798446030922280434 21.77571238815928467 0.02168930282822957578 -0.01819712566760770672 0.9995991390353747841 -0.2266459377806391007
0.9997676906554704424 -0.01259218996559271359 -0.01749289779590419702 25.59762737780124908 0.0127961243552208552 0.9998508903750238375 0.01159552576460701027 22.29430466869969862 0.01734427637329523722 -0.01181667331114673314 0.9997797468987579261 -0.2450734927602555568
0.9998145161573980255 -0.01523340680512667855 -0.01178459155242972227 26.08414604746395327 0.01541663833639577742 0.9997591887572183644 0.01561703422271532894 22.79625112244117702 0.01154385305488812158 -0.0157958163011035907 0.9998085975045568619 -0.2480051091521161821
0.999849816506069744 -0.01712661852254755354 -0.002650164289601282183 26.60903298204393508 0.01718595706556921496 0.9995575660037645527 0.02427581356762802123 23.33119982913504131 0.002233229168526668952 -0.0243177133508262304 0.9997017862867245697 -0.2071581431498854542
0.9997888682855781139 -0.01994206636848644063 -0.004953063819264566514 27.09878540953461368 0.02010834983435940207 0.999143586728273303 0.03616278980803887266 23.86526348897609395 0.004227661195252500545 -0.03625475263625810296 0.9993336378768112871 -0.2094912633729670848
0.9996904244703109788 -0.02274598206479091361 -0.01008342810147439157 27.58194764478253447 0.02312051379754482411 0.9989822219697883643 0.03872934326892265439 24.40231188245963168 0.009192228462507489109 -0.03895048765051235123 0.9991988603114398959 -0.2420028727936878732
0.9995166534617592191 -0.02452653103307546323 -0.01910258433011511811 28.05292791141804187 0.02517547657191544774 0.9990873351253889423 0.03450640768648066681 24.9297465714261044 0.0182388275934203016 -0.03497064579804413237 0.9992218968279694691 -0.2850811977262657781
0.9992777146778433206 -0.02595603260144490818 -0.02775487920744027989 28.54813519136433442 0.02684998530742953651 0.9991163235757264394 0.03233651579121141206 25.50981811089413398 0.02689102521693231829 -0.03305837769941494947 0.9990915956140684617 -0.3173854873228024731
0.9993385542855576231 -0.02785279730450354596 -0.02338109494369159866 29.02631753312299168 0.0284755094951876439 0.9992368564380408325 0.02673668069921213142 26.00575840787651671 0.02261856046350339822 -0.0273847844274221798 0.9993690380957489516 -0.3331237328339743953
0.9993356799649896205 -0.03115072902421640519 -0.01891641694855666217 29.5892189669927248 0.03194652084665073472 0.9985496867912694308 0.04333523756543061073 26.63435114999590425 0.01753905797659355628 -0.04391076280728495318 0.9988814876425411438 -0.2740186110626741667
0.9993951182882510054 -0.02990508333295818777 -0.01775059245381825634 30.05653564589225368 0.03084202265697926632 0.9980047149343832524 0.05509408867716158315 27.10536972579814829 0.01606758164874542635 -0.05560822744513075483 0.9983233733917941111 -0.2953210044469692375
0.9994251335434186645 -0.03165127894573512013 -0.01214903217622508372 30.62318463495392606 0.03221537807498518757 0.9982570039802189932 0.04944818924816928724 27.66896987174462907 0.01056275803024245286 -0.04981114880763407721 0.9987027974313771317 -0.3629723987233588467
0.9993221872655028148 -0.03444960270860233237 -0.01297655239694537645 31.12333044648713098 0.03497723414146209492 0.9984667540071959779 0.04290377878633584025 28.233088042493101 0.01147863801609531192 -0.04332858197025332009 0.9989949323463770403 -0.3545646478927221845
0.9990892131242937735 -0.03566640091951942676 -0.02342332308037666649 31.60103400335323087 0.03665789948739778259 0.9983867244193841417 0.04336066083796132065 28.84887957310349194 0.02183901609165221289 -0.04417981834028943122 0.9987848622338885152 -0.4554035093668913348
0.9988742591296122519 -0.03899270171636086413 -0.02701450834509551077 32.11665089525737926 0.03995101617307370012 0.9985567855169540374 0.03589237251543252877 29.41306981855525748 0.02557598004001274128 -0.03693122406455926626 0.9989904673889967723 -0.4654509461309685459
0.9989115031196509342 -0.03989471280546491583 -0.02417066042559064265 32.6755886635684476 0.04075327345817882085 0.9985155935851784959 0.03613557900022624364 29.9978718680433758 0.02269316279593124389 -0.03708127906920374167 0.9990545526170776514 -0.4781772802462648242
0.9990548172002076122 -0.03990668354417172686 -0.01723162318428014123 33.21064274811920569 0.04051313459838087189 0.998515394756881669 0.03641005848007340673 30.6079730650429731 0.01575303634456425711 -0.03707375138847192331 0.9991883600222295492 -0.4614478530869243755
0.9991597932488414102 -0.03983447770291916046 -0.009639602744310729956 33.72747073444740096 0.04017239712111594918 0.9984754745082500271 0.03785373581389562397 31.18338776974013982 0.008117023128945839369 -0.03820917679904246855 0.9992367951310958674 -0.435472638544374957
0.9991561393528265445 -0.04016828553239842198 -0.008574265621183598668 34.25856147673597718 0.04048231533063528786 0.9983677255463716538 0.04028730237724709173 31.74322314366624198 0.00694199820123212949 -0.04060041163279554804 0.9991513475125886057 -0.4415454541906629338
0.9991220652071065578 -0.04049734003286024203 -0.01072680131955110715 34.77910609751915416 0.04090410168330731178 0.9983259264813794109 0.04089252964267545143 32.33853144065908936 0.009052805187779310037 -0.04129539884004427425 0.9991059687304814085 -0.4723664659168048119
0.9991024224540712151 -0.04080096420472795887 -0.011385550771531288 35.32343372577166463 0.04119580729358048726 0.9984687778657634905 0.03691889880100470561 32.96661969362807554 0.009861790295721654248 -0.03735479818193579438 0.9992534033692104245 -0.5378242499028564882
0.9990760832461665908 -0.04137839727882003382 -0.01161069008004947389 35.8594175412332774 0.04177167076491503095 0.9984796304428139591 0.03596602719635984269 33.54189209836747665 0.01010482097844207089 -0.03641779550464157439 0.9992855631717971754 -0.5638875409510271108
0.9991140320666493935 -0.04097832616092562941 -0.009587894063404619679 36.42400534432918846 0.04130484139840798208 0.9984694032240319927 0.03677989807622931984 34.14498827942269799 0.008066040204129504981 -0.03714333870957554212 0.9992773946131929819 -0.587269178563369687
0.999079781662507882 -0.04242234059263164797 -0.006319405971958007295 36.96009724019720721 0.04263411941484777923 0.9983544101802308557 0.0383510565096173775 34.79822298351162146 0.00468206524048534866 -0.03858518747299438667 0.9992443452793504655 -0.5926219163525059397
0.9990647004775411455 -0.04299528075490779283 -0.004596748038307405318 37.50758159051405727 0.0431474667082167862 0.9982329962439464577 0.04085561560540479364 35.42362055207950533 0.002832026903889141994 -0.04101574140058822371 0.9991544868442395755 -0.604169944914989987
0.9991173059358706698 -0.04165904157372929406 -0.005397521153834580233 38.05604082594902593 0.0418499543280116959 0.9982342017744376683 0.04215518628229151382 36.05980603415517294 0.003631845562676431355 -0.04234386216336032821 0.9990964953571297436 -0.6410934737730505928
0.9990915307185622707 -0.04154728966282204145 -0.009483457603310985196 38.62172544431350474 0.041944872791908068 0.9980369963391041432 0.04650571561528471509 36.68458726735874365 0.00753265510367269811 -0.04686124902403527442 0.9988730061659472081 -0.6874793112958300645
0.9990863281391082484 -0.04086828987025453719 -0.01250167223194523572 39.16533038642207032 0.0414093261798082965 0.9980544588029781616 0.0466107816800855404 37.28699918514760014 0.01057244677680543171 -0.047085880543695946 0.9988348928739806398 -0.726317336277073955
0.9991594660155145302 -0.04032159400225190232 -0.007384478905752243048 39.77950002475000701 0.04059278594792656292 0.9983236053548401046 0.0412577837540899911 37.92491448725285608 0.005708519998892203767 -0.04152286175627830506 0.9991212462714378351 -0.751127263140114021
0.9992347854728548251 -0.03901540752570728521 -0.002764322090614003326 40.36346896975055643 0.03909842845664851518 0.9983024165286064067 0.04316941099164136458 38.54034728945384103 0.001075357260639721053 -0.04324445778071327184 0.999063942136845462 -0.7809905072889122835
