1 0 0 -0 0 1 0 0 0 0 1 -0
0.9999996458165244517 0.0008095839899052492466 -0.0002300882201091028023 -0.002033636001564685138 -0.0008095360425560785842 0.9999996506096073823 0.0002084035965463831635 -0.001518388962182873596 0.0002302568599336846707 -0.0002082172580261350606 0.9999999518136748478 -0.0004609034052360561659
0.9999994783118787423 0.001016439292053108318 0.0001011293031087906984 -0.002837339606789225557 -0.001016454742817353386 0.9999994717284281798 0.0001528483573752129163 -0.004130004753976090383 -0.0001009738886088963557 -0.0001529510709958209502 0.9999999832051217341 0.001674792643720463903
0.9999995474857173994 0.0009500250801163507945 -4.980670407538647743e-05 0.01120130831565189014 -0.0009500291463244674292 0.9999995453864140016 -8.167978073147954925e-05 0.00734856993540083589 4.97290835923576023e-05 8.172706159076078333e-05 0.9999999954238527611 -0.003687698636358489445
0.9999992709423289883 0.001171682412304601113 0.0002920190666155397146 0.03647682905337008841 -0.001171688985722961745 0.9999993133226828812 2.234017568973319448e-05 0.01041441453995499075 -0.0002919926905017271724 -2.268231492642936673e-05 0.9999999571128896925 -0.003204405598624539709
0.9999999588068194667 0.0002700084063559694564 9.737463662610840404e-05 0.02876624186818060869 -0.0002699886065004332945 0.9999999428891052089 -0.0002032927412158728228 0.006904943875059896263 -9.742952181403309619e-05 0.000203266442799148085 0.9999999745951204666 0.005595006399193240554
0.9999999785479878334 5.969588006912435044e-05 -0.0001983442105009116611 0.008591317938783709848 -5.962572784148193502e-05 0.9999999356788850102 0.0003536764034164674745 -0.01199222298095554626 0.0001983653107673586399 -0.0003536645694114792923 0.9999999177862844979 0.003469841517873528333
0.9999998603024881083 0.0004350522129731266641 -0.0003002075553445916365 0.007593673686237546391 -0.0004349424720885945728 0.9999998386106025983 0.0003655185558062397431 0.0005944874261201376449 0.0003003665265509006905 -0.0003653879317279134674 0.9999998881357982095 -0.002684484705014039338
0.9999995394660876613 0.0009360990542525549464 -0.0002116274397588301386 -0.01035718753669997126 -0.0009360221460525712999 0.9999994959665435834 0.0003632205954596828454 0.006811980356297039213 0.0002119673435474060436 -0.0003630223402139595517 0.9999999116423089474 -0.001892418460076144377
0.9999991180640793731 0.001235348864015710585 0.0004876312617740446954 -0.01867442816384143334 -0.001235386790363647352 0.9999992339076262393 7.748315224041885606e-05 0.008573460399920851405 -0.0004875351694793506247 -7.808549712462423012e-05 0.9999998781060494002 0.01150597458034613961
0.9999996799491460697 0.0007948591720723672876 9.110709037124734423e-05 -0.009882527889233756399 -0.0007948422181232452999 0.9999996668197906891 -0.0001859735355191483432 0.0008802599657420007899 -9.125488278663893243e-05 0.0001859010602363616151 0.9999999785566708876 0.0009247282906143403048
0.9999999092424817215 0.0003643795273221794276 -0.000220777236823296722 0.004739238213330322809 -0.0003643033010432183603 0.9999998740582272116 0.0003452052064271177623 0.01150206704154633185 0.0002209029947281819387 -0.0003451247452209705831 0.9999999160453850733 -0.002794368421290130151
0.9999998413614794579 0.0005497605085746983542 -0.0001226393045166906612 -0.008336147601307002802 -0.0005497515767903108416 0.9999998462329172666 7.285153098654166646e-05 7.786605614170631769e-05 0.0001226793365535348195 -7.278409827843690199e-05 0.9999999898261276998 0.001471235088618431811
0.9999997847942787566 0.0005996844555425782279 -0.0002660638081371236572 -0.008429953611118949294 -0.0005995628311354088587 0.99999971585161751 0.000456969469140072759 -0.008598400860006967517 0.0002663377700228037204 -0.000456809848827570864 0.9999998601944674048 -0.007288249877234323493
0.9999998634401495723 0.0005020093229743053786 -0.0001452801495078253821 0.008174952268252934709 -0.0005019531152578085836 0.9999997992646260103 0.0003866701149387359203 0.001065668853643230839 0.0001454742323475795816 -0.0003865971383114905416 0.9999999146899465341 -0.006863303384711043689
0.9999997673489436911 0.0006059483121537489548 -0.0003132550101793556987 0.01304047603717811178 -0.0006058566940431245069 0.9999997736954963079 0.0002924835421893366792 -0.004580468062140775898 0.000313432169197070949 -0.0002922936864978585613 0.9999999081623338615 -0.00480570466561477342
0.9999995885445307486 0.0009055712435329946403 5.339936420529687694e-05 0.002107696519148436962 -0.0009055776925647771947 0.9999995826597076753 0.0001208695712256302983 0.0174859832694427321 -5.32898859116633756e-05 -0.0001209178787662087479 0.9999999912695273219 0.001709367181506579996
0.9999997164128182625 0.0006956208569000029785 -0.0002885929771969970446 -0.0124742818733946069 -0.0006955257908978790954 0.9999997038757312273 0.0003293817300521624503 0.002335568540747754405 0.0002888220165389069564 -0.0003291809127850237699 0.9999999041108801334 -0.001072224632725766189
0.9999998097781843676 0.0004658185667576726446 -0.0004042977342612766398 -0.01405727087199058929 -0.0004656203329345977825 0.9999997714154411632 0.000490272139849969534 0.01190326380235812338 0.0004045260197105354457 -0.0004900837973439046502 0.9999997980882651127 -0.001860151909334488993
0.9999998300367599624 0.0005814874679880631218 -4.241197630908697861e-05 -0.00584125016677117942 -0.0005814857791840451597 0.9999998301442936111 3.982050372758530043e-05 0.01966203946875654668 4.243512422905203597e-05 -3.979583499847830035e-05 0.9999999983077758614 -0.001614731647304969066
0.9999997531449651422 0.0006684381289662729222 -0.0002165651783078740514 0.004469244805297721557 -0.0006684557153761709353 0.9999997732912878634 -8.114388065613657567e-05 0.01429050999792665436 0.0002165108895468876465 8.12886248565815279e-05 0.9999999732575967082 -0.006323280842694093892
0.9999998058622193708 0.0005747127611655783843 -0.0002407919551766464288 0.007698161308958053825 -0.0005746998203132003095 0.9999998334123604282 5.380862193554808258e-05 0.009573290209719054547 0.0002408228395653752487 -5.367022839586562159e-05 0.9999999695619328222 -0.002621112351871917982
0.9999998195513821742 0.0006007382374707098379 3.282239221043703904e-06 -0.0005289934939515169047 -0.0006007386314714037792 0.9999998121890442127 0.000121387697245699296 0.01243821538788373975 -3.209316373314873824e-06 -0.0001213896471093547751 0.9999999926271269102 -0.00842292702607945476
0.9999998067176362193 0.0005782530981751690929 -0.0002284470281315955265 -0.001600194083525589969 -0.0005781903337119231314 0.9999997951138835939 0.0002747146317912028089 0.003600683793956948719 0.0002286058359128978446 -0.0002745824928302956647 0.9999999361719111857 -0.008521556562723475031
0.9999996389184853118 0.0007895437201500915504 -0.0003142986048176471016 -0.008351480710380550926 -0.0007895083469040316141 0.9999996819926840752 0.0001126547865776282359 -0.01015175858385493173 0.000314387450747686311 -0.0001124066045281218779 0.9999999442626414936 -0.001213505690057454459
0.9999998166913770525 0.0005823671823019838144 -0.0001657277200766364277 0.004088572354310605547 -0.0005823373953734332573 0.999999814290903899 0.0001797256676139908282 0.001964305193993483994 0.0001658323556301290853 -0.0001796291252198736928 0.9999999701165031007 -0.004050488149757358082
0.9999999389716145437 0.0003475980234903350177 3.510528697472954646e-05 0.0133408351314766617 -0.0003476034729297589249 0.9999999275199248361 0.0001553446829051297116 -0.008898486545270978265 -3.505128692553161995e-05 -0.0001553568761443711323 0.9999999873178240239 -0.003295736413342650536
0.9999999513035172649 0.0003081370058986877825 4.944237676700494286e-05 0.004896111841786004483 -0.0003081358819034009096 0.9999999522675967478 -2.273944689075046608e-05 0.006678681817610555328 -4.944938127208261814e-05 2.272421081304995058e-05 0.9999999985191844187 -0.001072188577658173426
0.9999999030396398148 0.000433644258329046804 7.663790357905157899e-05 0.001762389133090231383 -0.0004336316519890302248 0.9999998924627870878 -0.0001644323711742385892 -0.01144363342555120705 -7.670920049124274869e-05 0.0001643991226100945449 0.9999999835443134089 0.002923560994171408786
0.9999998928718263347 0.0004565100529163144288 -7.651736584442376512e-05 0.003009496212139273121 -0.0004565086402866703639 0.9999998956292068808 1.847800494227480489e-05 -0.01323504321587840905 7.652579325326188146e-05 -1.844307212411038085e-05 0.9999999969018280588 0.0009786859469009933504
0.9999997736194643494 0.000471143310751348575 -0.0004804008750339424619 0.008613040233652176358 -0.000470987982143060153 0.9999998367935923893 0.0003233931186895591019 -0.00139348569294186304 0.0004805531611340496168 -0.000323166782440907803 0.9999998323159309255 -0.0002769662430565885455
0.9999999604229897754 0.0002292829135468096564 -0.0001630440570569296219 0.01877656352536720419 -0.0002292533123760279125 0.9999999572414892679 0.0001815487217842916951 0.006191641084355214986 0.0001630856761052805546 -0.0001815113362090009649 0.9999999702283480785 -0.0005746706893637044651
0.9999999203246910939 0.0001553664731816675033 -0.0003677116676057569757 0.007717813797109875085 -0.0001552965669571143115 0.9999999698663155634 0.0001901324387521429902 0.00626798360864242593 0.0003677411967316838288 -0.0001900753192436963643 0.9999999143188890161 0.005142970036770578082
0.9999999515769726344 0.0002919422259875615135 -0.0001077765700271248329 -0.0004449732312226978184 -0.000291912459010261081 0.9999999192768352918 0.0002761040370836023543 0.007320618073530654746 0.0001078571677542425116 -0.0002760725623902314258 0.9999999560753848327 0.004106618882572756445
0.9999998895019450718 0.000375641980185220496 0.0002826467765206010794 -0.00574018220867594884 -0.0003756538024423094211 0.9999999285695307938 4.177503984774835706e-05 0.01011523747757973359 -0.0002826310638723113417 -4.188121256808391093e-05 0.9999999591828220291 -0.002421806433301528644
0.9999999037583853223 0.000402288677284570761 -0.0001750629608091002756 -0.007866519955976595396 -0.0004022912882122575413 0.9999999189701601621 -1.487926343017241663e-05 0.01879873714979666752 0.0001750569608645724908 1.494968830218800183e-05 0.9999999845657835396 0.006439538404757162542
0.9999998741934957858 0.0004787914904297341538 -0.0001495717260613954223 0.007887558548193037214 -0.0004788133659120750248 0.9999998746739651168 -0.0001462525713432045267 0.01476954943859755919 0.0001495016828295276116 0.0001463241698853049106 0.9999999781192417947 0.004478543215854167633
0.9999997667937524648 0.0006777334568731519654 8.420096245195859833e-05 0.01226293456276630542 -0.000677712531855801173 0.9999997395280504353 -0.0002482932852803668915 0.00218763596965960332 -8.43692171865329096e-05 0.0002482361633293695465 0.9999999656303205642 0.004127803408124916876
0.9999996987611738941 0.0007758795411289473587 -2.210201830122585339e-05 0.007435918979633633456 -0.0007758781202714285863 0.9999996969442590533 6.422252322742354202e-05 0.01753618656962332295 2.215184054493345226e-05 -6.420535540869252002e-05 0.9999999976934841328 -0.006900730588604845304
0.999999863507704867 0.0004776065666881259978 -0.0002118408348460471696 -0.0004032805019558023912 -0.0004776136445421858955 0.9999998853860899706 -3.336185793105461651e-05 0.01546831534847817671 0.0002118248767237222361 3.346303145057226392e-05 0.9999999770052233616 0.002055876090142504456
0.99999982894129269 0.0005464403725526175868 0.000208615207253556894 -0.005004516851218848532 -0.0005464775208371312016 0.9999998348292862271 0.0001780553834469435377 0.01601465449343709643 -0.0002085178761463650087 -0.000178169356510292663 0.9999999623879871624 0.002073741432424747524
0.9999998596854574595 0.0005143340696093746597 0.0001268445113821776863 -0.0244468010760499864 -0.0005143609712602576064 0.9999998452141996008 0.0002121423297741334185 0.001738167392218961617 -0.0001267353797206168735 -0.0002122075438735664728 0.9999999694530504746 0.005962600699947154248
0.9999996524960563793 0.0007839400032879251679 0.0002836297547452963489 -0.01804946592969796856 -0.0007839271983482844295 0.9999996917050175682 -4.525502860995092184e-05 0.004985756148324796064 -0.0002836651445309390854 4.503266780467149775e-05 0.9999999587530714606 0.008819823350682425012
0.9999997135510032553 0.0007568971759688631522 -2.139242790692195106e-06 0.001220469573402902484 -0.0007568967462670336951 0.9999996946976358325 0.0001941956506729212301 -0.001510008357772620524 2.286228277151707202e-06 -0.0001941939758598642185 0.9999999811417362716 0.01033021183796317168
0.9999995607703014988 0.0009244298758433532959 -0.0001545594017046185659 -0.01544152066497535454 -0.0009244491664518696876 0.9999995649110641205 -0.000124785499846159694 -0.007620825687108220489 0.0001544439790133968118 0.0001249283273467431709 0.9999999802699850449 0.003653813074511113104
0.9999995455091140739 0.000953372605907633168 -7.889209665887580847e-06 -0.0012966708294803802 -0.000953371551832672714 0.9999995367562317661 0.0001325518990425243043 0.01620501465423468748 8.01557736067347166e-06 -0.0001325443174508320705 0.9999999911838771682 0.0003727590263837949019
0.9999997048927629084 0.0007587711394435115234 -0.000120335966714774873 -0.004241386406484726722 -0.0007587657537803326434 0.9999997111339471445 4.479456447454633391e-05 0.01720768269950558038 0.0001203699207765292 -4.470324444484739536e-05 0.9999999917563510143 0.0009504597447181053951
0.9999997016448142206 0.0007699474049072865117 6.23800950663365531e-05 0.0004159174087065806462 -0.0007699399452108152998 0.9999996964536248534 -0.0001195204543400667295 0.05262119596798341126 -6.247210059472132191e-05 0.0001194723897535500965 0.9999999909117923691 -0.004663608138011754445
0.9999998231444195973 0.0005947319058031828214 2.256047822292611048e-06 0.01271110597526307374 -0.0005947316719681869672 0.9999998179175109136 -0.0001022701481961868437 0.04108876266517729609 -2.316870731663699043e-06 0.0001022687883660467107 0.9999999947678634982 -0.001153574524137390917
0.9999995570676826206 0.0009367852065416912852 -9.10928941812184505e-05 0.00997329610866110744 -0.0009367367610313870763 0.9999994205884247256 0.0005304215826262650459 0.009971613103933536087 9.158973249276284939e-05 -0.0005303360176227582459 0.9999998551775042266 -9.328692403930306928e-05
0.999999815811896231 0.0005685372330523845007 0.0002124654989430630055 0.0007870393014452046381 -0.0005685084178250717542 0.9999998291974085962 -0.000135658882558600672 0.01508150274602007221 -0.0002125425897791303716 0.0001355380691472075883 0.9999999682275391155 0.002951041881225631696
0.9999999401410014643 0.000345976068355134008 4.307390716696905075e-06 0.008354428730733534994 -0.0003459758593101080353 0.9999999389772195046 -4.843822778092395055e-05 0.001701833511866095985 -4.324148921457649925e-06 4.843673462825520232e-05 0.9999999988175922727 -0.001494245758047321911
0.9999997733702490343 0.000671117526859535754 -5.348565933901929561e-05 0.005066435422600401063 -0.000671115947162660275 0.9999997743651417581 2.954743808289832341e-05 0.008798215010128646041 5.350547707435901159e-05 -2.95115363076471221e-05 0.9999999981331165744 -0.006207466029364426714
0.9999998942261786317 0.0004341027589519305023 0.0001519948229643027654 -0.003876608131224945544 -0.0004341146431285016643 0.9999999027174456545 7.816377558833615292e-05 -0.002366730109258701961 -0.0001519608770672282538 -7.82297504989774167e-05 0.9999999853939989247 -0.001342214388853267071
0.9999998198493900148 0.0005647961908026820355 0.0002032398838240017747 -0.0159933537242750827 -0.0005648173582616436688 0.9999998350714449646 0.0001041078030049286758 0.003994814663813230256 -0.0002031810506133663948 -0.0001042225776641290616 0.9999999739275571287 0.005827474647668390295
0.9999996832798109248 0.0007731690209347396019 -0.0001888119248193663978 -0.0147581852298108631 -0.0007731466914318563775 0.9999996941237094816 0.000118307569810468792 0.01054986524591135233 0.0001889033388141981369 -0.0001181615530250905069 0.9999999751766877054 0.002451134770566887854
0.999999526556633489 0.000947173854557075757 -0.0002230430407103374437 -0.01097822982611024525 -0.0009471592363128597319 0.9999995492905121575 6.563652550361490003e-05 0.009736426635532200932 0.0002231051093835864705 -6.542523715232410962e-05 0.9999999729718238584 0.005997339285643347485
0.9999995643571245596 0.0009218585516786877675 0.000146500416210426594 -0.006312243135274601784 -0.000921864110617162235 0.9999995743656722169 3.78818690855717974e-05 0.01451936314786111785 -0.0001464654321298523019 -3.801690605849261396e-05 0.9999999885512959041 0.002823025404357721192
0.9999993443659959125 0.001144487946876020755 3.761539454149169276e-05 -0.02318852672691721836 -0.001144494476280837926 0.9999993299240378386 0.0001740226113065808172 0.01284101471335346092 -3.74162025552033796e-05 -0.000174065547822713565 0.9999999841506063136 -0.002533076345581104522
0.9999992723557639129 0.001132211281095419448 0.0004163959144762880023 -0.02053687265964392744 -0.001132316462717201109 0.9999993270637101972 0.0002524510943539058725 0.02254194014335684018 -0.0004161098062914168351 -0.0002529224026082869752 0.9999998814414366999 -0.001023574063574806195
0.9999995883282786213 0.0009009505816386608173 0.0001078486096289721423 -0.00135512964254426568 -0.0009009536197115136777 0.9999995937457105688 2.812452356876854072e-05 0.03141348675271453394 -0.000107823227009141344 -2.822167858593482883e-05 0.9999999937888442991 0.008111704116487471541
0.9999996999601946657 0.0007574970290517436377 -0.0001621041996360512798 0.01037271530794818021 -0.0007574682814220696407 0.9999996973981726267 0.0001773284121413304837 0.007789993448762224694 0.0001622384763283952526 -0.0001772055701462317621 0.9999999711384309764 0.00454980023109117105
0.9999999210478440759 0.0003920859342037502984 6.45981875171920618e-05 0.007545549583179129473 -0.00039209742355421275 0.999999907298095736 0.000177942154012356306 0.001035907682008044848 -6.45284129130896145e-05 -0.000177967468746344893 0.9999999820818318286 0.003395405583241520829
0.9999999935622363445 7.478914218973306961e-05 -8.533528846431597361e-05 0.008427875084189191679 -7.480125328262565796e-05 0.9999999871304295906 -0.0001419292537391179628 0.003513207939287962909 8.532467259891838587e-05 0.0001419356360119555739 0.9999999862869876077 0.0005027883639986845989
0.999999985760213761 0.0001229540775546799519 -0.0001155935429619657555 0.01281280509212546874 -0.0001229409648125351611 0.9999999860085987402 0.000113438624427962076 0.0030695403433108376 0.0001156074890860668455 -0.0001134244116309315062 0.9999999868849055451 0.001365658304579234509
0.9999999237676913122 0.0003056559767813849427 -0.000242979495943535282 -0.001948908230498688993 -0.0003056362311990026772 0.9999999499886141896 8.129737608560297206e-05 0.001202644781857053168 0.0002430043328206861377 -8.122310655073259732e-05 0.9999999671758500464 -0.002045113891842400156
0.9999999262942581568 0.0003525706872376227334 -0.0001520045682965468826 0.0008644647438020334291 -0.0003525138528049351675 0.9999998680171056087 0.0003737643039572569417 -0.005320458572635137356 0.0001521363265720901523 -0.0003737106926926532079 0.999999918597424764 -0.008586155203034238556
0.9999998907667790871 0.0003020026397995768702 -0.0003567363669448392273 0.007686993624913956123 -0.0003018503258686294896 0.9999998633035861451 0.0004269416701778175013 0.001550906249941965027 0.0003568652556917220739 -0.000426833942552966555 0.9999998452299753149 -0.0001393591100581405306
0.999999750607986404 0.0003671812068284431053 -0.0006032925711012676866 0.02354437476434041721 -0.0003669791405503628769 0.9999998765453954608 0.0003350156776255032117 0.006130975323123634933 0.0006034155080828525327 -0.0003347941982860010287 0.9999997619012562788 -0.00511580912138526276
0.9999998165577919096 0.0005674455272032134573 -0.0002118724999559118687 0.001446532265970152742 -0.0005673823701975790361 0.999999794627396188 0.0002980308900253241834 0.002317150546075104432 0.000212041572738644866 -0.0002979106226326559085 0.9999999331438139683 -0.0001180600889204706685
0.9999997482196247844 0.000650287775232585635 -0.0002840536858512329971 -0.004490640298143378645 -0.0006502180284459546178 0.9999997584573314668 0.0002455642366608898688 -0.01090471597577447917 0.0002842133046612569541 -0.0002453794780050769773 0.9999999295058521476 -0.007763960010896420356
0.999999821294368374 0.0005902885127069627249 -9.471379581027764732e-05 -0.02000452141068721768 -0.0005902741380283647865 0.9999998142778321331 0.000151725882476003908 -0.003272737183088647063 9.48033402653094523e-05 -0.0001516699482575670601 0.9999999840042765875 -0.0004634238185888857743
0.999999837063165975 0.0005647340101958258501 -8.336149786421727706e-05 -0.01557564409486297298 -0.0005647113785182796214 0.9999998037587816135 0.0002712627090778593417 -0.00289184297087633933 8.351467278274753614e-05 -0.0002712155896928048382 0.9999999597337008161 0.003155808445349278252
0.9999999483396510014 0.0003211427764581983109 1.371176140593091231e-05 -0.01392889269218485632 -0.0003211465611574013806 0.9999999100916894257 0.000276914245565148306 -0.02243896764552228903 -1.362283116349133745e-05 -0.0002769186347446835387 0.9999999615652434004 -0.007922068506629947188
0.9999997706569947464 0.0006470711815605477771 0.0001999621061739301968 -0.02331867052464394949 -0.000647116780753226057 0.9999997646145296626 0.0002280586706771018854 -0.02658100732880244385 -0.0001998144889122372011 -0.0002281880172078769873 0.9999999540021983213 0.0001265656920413043673
0.9999996509171057424 0.0008182975796784740068 -0.0001689814712411948159 -0.01643413379635804208 -0.0008182524354252143292 0.9999996295731296003 0.0002670515970746302177 -0.01377429688375511954 0.0001691999363214798265 -0.0002669132343510838105 0.999999950064352161 -0.001964092234725242463
0.9999995689564035173 0.0008370252564147223845 -0.0004018404252928169562 0.003577020634285782083 -0.000836835024801626322 0.9999995378300523541 0.0004733358457384034845 0.01778596873336171086 0.0004022364336318942158 -0.0004729993675677553015 0.9999998072387062953 -0.0102378342904131045
0.999999763964107391 0.0006863042119247278689 -3.253088049238160324e-05 -0.003505252616354160352 -0.0006862913601367302309 0.9999996871034837476 0.0003934426305093581891 0.02343236189971587002 3.280089164806818938e-05 -0.0003934202119805548111 0.9999999220723161386 -0.002093744104711494063
0.9999998663839810842 0.0005065635027079663137 -0.0001030797644271576211 0.007792983968958660558 -0.0005065492415217192007 0.9999998621363171969 0.0001383300855874946775 0.0136968402962328803 0.0001031498231888597811 -0.000138277852127912629 0.9999999851196746947 0.001271242066023223465
0.9999998557564305779 0.0004831492047811252626 -0.0002346358114855541467 -0.005819387572665904798 -0.0004831132683077182951 0.9999998715670274096 0.0001531910533317273578 0.01709051528097299197 0.0002347097954861552919 -0.0001530776755611862544 0.9999999607392677792 -0.002637367164089720814
0.9999998729498150718 0.0005040098507100025833 -8.626950579626330179e-06 -0.005314837749554253941 -0.0005040091813331101268 0.9999998699905544575 7.741846960008805993e-05 0.01274127030674239262 8.665969129333809596e-06 -7.74141117017595646e-05 0.9999999969659781884 0.005169938718288245513
0.9999998730328965024 0.0005038472208006947606 -8.495228253434064885e-06 -0.005072805665440186136 -0.0005038467765637954328 0.9999998717060630815 5.221382029906953187e-05 -0.001902624994985056481 8.521534951799826008e-06 -5.220953337625920351e-05 0.9999999986007740427 0.001521483544135595863
0.9999998944365771081 0.0004218174125777811876 0.0001822001789648858901 0.003343564258026825425 -0.0004217790484704355661 0.9999998888861209023 -0.0002105473344843317271 -0.002027491159235176883 -0.0001822889712517585848 0.0002104704640401333139 0.9999999612364566248 0.001542850747503875762
0.9999998794646991485 0.0004907899118220953065 -1.399462662738339331e-05 0.01407736519853568409 -0.0004907845528902957978 0.9999998072154465678 0.0003803939963695894566 0.002914800488515648883 1.418131746532817889e-05 -0.0003803870821721140995 0.999999927552276402 -0.004182733837385560309
0.9999998072133953197 0.0005759978182022592761 -0.0002319475923895541656 0.005435677073114932381 -0.0005759354342886296562 0.9999997979864272413 0.0002689339701949425136 0.001493958249775953918 0.0002321024509130422916 -0.0002688003315107401116 0.9999999369374150682 0.00349939348985514511
0.9999998930503494199 0.0004335765066577559218 -0.0001609680174365007239 -0.004291708656200280726 -0.0004335033859362174592 0.9999998029732434235 0.0004540135337281791302 0.016374824344309237 0.0001611648353233904993 -0.0004539437049910158696 0.9999998839804975503 0.0003924933793932211014
0.9999999393757837973 0.000323286487896435595 -0.0001293610274824521698 0.003384534219046223241 -0.0003232845213213479782 0.9999999476276902888 1.522284367406290236e-05 0.01198249787365521929 0.000129365942047182089 -1.518102233335503007e-05 0.9999999915169948128 0.006531970649566251272
0.9999998492827157914 0.0005253780868409506193 0.0001594127085609303588 0.009477778997175254766 -0.0005253394642227228635 0.9999998326725179076 -0.0002422258935363964501 0.001783660878147353942 -0.0001595399420633343156 0.00024214211124186087 0.999999957957101504 0.00880892758820336734
0.9999998527622055988 0.0005425855321156152931 -8.746857386626418407e-06 0.006621857477784590627 -0.000542585781091483102 0.9999998523945580198 -2.848740988383176745e-05 0.003925675111565823418 8.731399239097324349e-06 2.849215160985403266e-05 0.999999999555979957 0.009071316686412341304
0.999999831730522315 0.0005724725976525919975 -9.388318359499902167e-05 0.00328319357706227449 -0.0005724605802174152422 0.9999998279548482083 0.0001279810848704747092 -0.005458479484852595161 9.395643310694082079e-05 -0.0001279273189134240267 0.9999999874033947966 0.002140329622070900276
0.9999997630742744059 0.0006589651243627921628 -0.0001990385891017352896 0.009274077198809332206 -0.0006588671982821643885 0.9999996620816931081 0.0004916609752191325455 0.006524216091534906607 0.0001993625092786771656 -0.0004915297187344293836 0.9999998593265528868 0.004491849082140291979
0.9999998326698010809 0.0005429773135615849431 -0.0001995895962270311961 -6.614487770526389733e-06 -0.0005429231325379099606 0.9999998157838475565 0.0002714161807485444052 0.0122415490310969835 0.0001997369322880678173 -0.000271307773523627024 0.9999999432486234019 -0.00253863772319120511
0.9999997598671999111 0.0006912231157285213083 4.976089615956208348e-05 -0.0106271436908073301 -0.0006912346721060425763 0.9999997340466556528 0.0002325967455594390087 0.008985912720636531764 -4.960010667830628411e-05 -0.0002326310861620728811 0.9999999717113031705 -0.01135801196664430052
0.9999995031801215406 0.0009808895725575616717 0.0001774687480807358823 -0.01816977834530957708 -0.0009810150363040702221 0.999999267986901974 0.0007082620692874429464 -0.002000337558406607881 -0.0001767738912928707221 -0.0007084358169191127489 0.9999997334348067479 -0.00623824266226036088
0.9999997789977858043 0.0006402145164098376959 -0.0001792477406644160296 -0.02178404197353834074 -0.0006401649068517556137 0.9999997568168356166 0.000276686034507564395 -0.006146843135671310916 0.0001794248354901381689 -0.0002765712252461483716 0.9999999456575414669 0.003026577724196053733
0.9999998566129190136 0.0005081067045230793378 0.0001691204253107205684 -0.01383445130440973288 -0.0005081066468079244169 0.9999998709137355446 -3.842320484592147412e-07 -0.0004186707928098075513 -0.0001691205987104766023 2.98300781128483455e-07 0.9999999856990668956 0.00338449233016565763
0.9999999213078063498 0.0003962887856677309176 1.842768335395496342e-05 -0.006571308095420259898 -0.0003962918774165143944 0.9999999073513431425 0.0001680775206783056573 -0.002881170929264156681 -1.836107441008692377e-05 -0.0001680848101931496695 0.9999999857051836694 0.003441493888879722327
0.9999999535834952491 0.0003012832685422956141 -4.540263566865901688e-05 0.001785899987597731539 -0.000301270140314208461 0.9999999128919740965 0.0002888811983896012433 -0.00551241140786417911 4.54896667854044626e-05 -0.0002888675065223259247 0.9999999572431260697 0.006016593507443127216
0.9999999758922112347 0.0001759665510581480353 0.0001313443942623240498 0.0104671158553137824 -0.0001759945535074917218 0.9999999617820933828 0.0002132175624407464307 -0.01559036331297481044 -0.0001313068700835385628 -0.0002132406731985601954 0.9999999686434600799 0.009195874271743419148
0.9999999917839409447 0.0001272190501888200895 1.572995262927912887e-05 0.01714861276108661098 -0.0001272230983263394595 0.9999999587232224485 0.0002576195579098441383 -0.02002978211126648159 -1.569717786455412513e-05 -0.0002576215570065352209 0.9999999666923654607 0.0003316465317311845847
0.9999999690242974415 0.0001972410637272826648 -0.000151813592989383662 -0.003947923153136861582 -0.0001971776945285285331 0.9999998934839974263 0.0004173163673808804241 0.000210270121939879612 0.0001518958887430153879 -0.0004172864201999505751 0.9999999013998364106 -0.003401546935093164442
0.99999995333697278 0.000288795898375920478 -9.961416257589637455e-05 -0.01200208357094830793 -0.0002887916367097278494 0.9999999573840542277 4.279346092529282176e-05 -0.007058588508138390928 9.962651690673865587e-05 -4.27646911913671479e-05 0.9999999941228691069 -0.0009853263492360659747
0.9999999970932667015 6.78658159389745495e-05 -3.475194441605926549e-05 -0.01473114822940003836 -6.785359336215795361e-05 0.9999999358903098878 0.0003515896272358839166 -0.007454384471991379671 3.477580310506945134e-05 -0.0003515872681695998551 0.9999999375885162411 0.00572171499971974723
0.9999999875445707564 0.0001253304446838232871 9.593298627806053991e-05 -0.01910907513018033493 -0.0001253057349451064894 0.9999999589869427163 -0.0002575356008806480067 -0.005727462093116434706 -9.596525939494019971e-05 0.0002575235767195788931 0.9999999622361375184 0.007970303279058170431
0.9999998557039957436 0.0003933737193813148557 -0.0003658539388601193907 -0.006467280699776329494 -0.0003932945998973747014 0.999999899265408998 0.0002163065640085829865 0.005420747391681270816 0.0003659389913235775935 -0.0002161626444179145872 0.9999999096811788002 -0.005079490246853408247
0.999999562056276492 0.0008243876584518974914 -0.0004430262335996021286 0.006627044380597158293 -0.0008241745807161378291 0.9999995447225552558 0.0004809271699202632695 -0.002333588986573750367 0.0004434225023232695254 -0.0004805618283408837955 0.9999997862183839237 -0.01238628404701528664
0.9999996054072399776 0.0008786022433128761692 -0.0001313143647497771451 0.01477778991137992937 -0.0008785895806438014186 0.9999996093881421411 9.645678696852306197e-05 0.01550771087928712842 0.0001313990606062504396 -9.634137747470441202e-05 0.9999999867263128506 -0.00394139114994848834
0.9999997965151625756 0.0006245810354006164954 0.0001298774953596111082 0.004681337655988443078 -0.0006245919351882746632 0.9999998014228336229 8.38999872406942282e-05 0.009533690772816925951 -0.0001298250672280130307 -8.398109060447096882e-05 0.99999998804631407 0.0004753810763756141471
0.9999999229466450812 0.0003745435339198420087 -0.0001175748489258466212 -0.004556269780775383527 -0.0003745348615470908194 0.9999999271405296541 7.377379560703645612e-05 0.00290685276873272171 0.0001176024718575294659 -7.372975404274341796e-05 0.9999999903667909917 -0.005015265160955151638
0.9999998597633331654 0.0005295283792263026255 -8.544567833752450702e-06 -0.007913623915826223723 -0.0005295257296278958444 0.9999998126244653562 0.0003071702066550430145 -0.01481453215134967936 8.707221574366154506e-06 -0.0003071656390100011404 0.999999952786726154 -0.005784013626958417649
0.9999997025873327283 0.0007695204211772716527 -5.160976327905760711e-05 0.007840741487772711141 -0.000769514507960292974 0.9999996973688030089 0.0001144977050927253474 0.0001341872371231927119 5.169785598256595262e-05 -0.0001144579565780681589 0.999999992113353886 -0.006666949759370138957
0.9999996642719602979 0.0008062662353196791429 0.0001462556815173171913 0.03529912592563296675 -0.0008063127949447785161 0.9999996241879671732 0.0003185649087486127858 0.01247276503172978397 -0.0001459987784229807713 -0.0003186827296247857016 0.999999938562835422 -0.003163080905955348038
0.9999999589022289248 0.0002229927270277916567 0.0001801937405668727326 0.003197318129852929833 -0.0002230545135139678484 0.9999999163187733853 0.0003429418759791001106 0.01667006851932443037 -0.0001801172519438928692 -0.0003429820549120990414 0.9999999249605399099 -0.004646709849157023946
0.999999841992235905 0.000536898315040859565 0.0001666004274773656094 -0.008688153278795291215 -0.0005369425744161144968 0.9999998205398570317 0.0002657309267824527481 0.006469702096922675533 -0.0001664577270923475478 -0.0002658203396573553551 0.9999999508156848238 -0.00403406500187603826
0.9999998072811757677 0.000620670985398426734 1.432268387044424955e-05 -0.007478151814045952764 -0.000620676658378467431 0.9999997275648974115 0.0003995380042050348753 0.01080380285700689204 -1.407469832167004398e-05 -0.0003995468169621041129 0.9999999200821187983 -0.0037227202233617771
0.9999996307569392062 0.000858517680843642471 -3.785996654254525714e-05 -0.01302347241078101459 -0.0008585059319879128096 0.999999583664062941 0.0003092559871250848851 0.004953622421126160393 3.812545251291020465e-05 -0.000309223369928598947 0.9999999514636774833 -0.003939010721580052388
0.9999994159091403212 0.001076083905823265385 -0.0001011177822493434673 0.008857655431854171216 -0.001076041866762924258 0.9999993350030843553 0.0004148822605860319089 -0.006419282902963797596 0.0001015641631297226939 -0.0004147732112899298962 0.9999999088239478473 -0.002009074824237891931
0.9999992808545048462 0.001157844321236946219 -0.000312549197617858945 -0.001133345272690329747 -0.001157692413552188684 0.9999992118864965418 0.0004857722318418716389 -0.01334071778745790984 0.0003131113999137048309 -0.0004854100466659920098 0.9999998331691549724 -0.002351013648416488792
0.9999995696875971785 0.0009034263806984427474 0.0002108207655643073324 0.001113581661135022152 -0.0009034460764141388203 0.9999995875356343378 9.3347459304757638e-05 -0.01308284330367822518 -0.0002107363460509513995 -9.353788432965370403e-05 0.9999999734204280122 0.0050773578348067578
0.9999998145195024835 0.0004590541288626950639 0.0004002877306234207434 0.004911232675452104589 -0.00045910965893886552 0.9999998849979981896 0.000138644550334242339 -0.0008408368049008165413 -0.0004002240392362440505 -0.0001388283005818981232 0.9999999102737066048 0.0001949103899538804274
0.9999997592301472782 0.0006754743601785314407 -0.0001589781000713258138 0.02559893006456862713 -0.0006754381370201321044 0.9999997459466910543 0.0002277934950144719372 -0.00394780250073353562 0.0001591319283477016819 -0.0002276860602969331111 0.9999999614180429264 -0.005383361663998092322
0.9999998202718337614 0.0005308564381032680876 -0.0002786534448357400919 0.02367716617721253233 -0.0005308411639715815335 0.9999998575976278836 5.488517676485276238e-05 -0.002261536453042072795 0.0002786825413042772121 -5.473724618140548962e-05 0.999999959669936711 0.001445594298970428624
0.9999996236987864773 0.0008449976623598620543 -0.0001964210679992615038 0.01113772489878071814 -0.0008449848738751888043 0.9999996408759114219 6.518137092761049729e-05 0.007604379846294481195 0.0001964760755657879009 -6.50153735684111633e-05 0.9999999785850762768 -0.004200146362773484951
0.999999746704828274 0.0005862300461805102381 -0.0004036392102861778098 -0.008361573024257381442 -0.0005862978713395216408 0.9999998140260850654 -0.0001679363014106651571 0.01004350618215093562 0.0004035406859140702545 0.0001681729116830198102 0.9999999044363887535 0.002290113901999187452
0.9999997322850751047 0.0005291442161476284968 -0.0005054069416480619532 -0.005613467945915984018 -0.0005293337243342241061 0.999999789627334712 -0.0003749014466273014072 -0.01849504931619869175 0.0005052084583921724647 0.0003751688751992833222 0.9999998020063447512 -0.002713638565528882825
0.9999987101034660819 0.00102929075572357441 -0.001233025524580014416 -0.004967525860148426856 -0.001030497348802981951 0.9999989904746213742 -0.0009783276303313400476 -0.007445140514944445856 0.00123201729622349535 0.0009795969979239946366 0.9999987612607844634 0.001342141279205660799
0.9999955846624513089 0.0007731889699709115988 -0.002869291623184630144 0.007520492175903714487 -0.0007814482215116025886 0.9999955517938201588 -0.00287849461528210445 0.0113265907249868545 0.002867053239697254716 0.002880724108592670751 0.9999917406830572952 -0.01482520899674297753
0.9999931218496691532 0.0008306874972062562937 -0.00361472151549645758 0.005202904347455895168 -0.0008439434926556187676 0.9999929195086854072 -0.003667245816280475038 0.04253525605437234042 0.003611649586243388232 0.00367027121311322424 0.9999867424603630095 -0.01240362603874053428
0.9999971788170299858 0.0006180357854127004405 -0.002293553955980116073 0.02133245089481850681 -0.0006265518743421033153 0.9999929060706175266 -0.00371419455467233723 0.05401286681113719873 0.002291242180521546254 0.003715621106779935269 0.999990472139140496 0.004765202464533989032
0.9999954908324423242 0.0009396157377984759411 -0.002852268754553143743 0.07983101562624868308 -0.0009482332015700265524 0.999994985927598945 -0.003021419113045553401 0.1041982849513463649 0.002849415480122015169 0.003024110104893363085 0.9999913677574897575 0.005376214184413683796
0.9999930349735747237 0.0003231634643475105929 -0.003718275099326158462 0.123593069828755342 -0.0003368569882358455475 0.999993162005824332 -0.00368272575176896216 0.125106441491013104 0.003717059551370506532 0.003683952628438170746 0.9999863058868971866 -0.0004477170426192482824
0.9999968394368368152 -0.0001523823755720846954 -0.002509560907573839088 0.1507396197769728663 0.0001436150753158740748 0.9999938878544957221 -0.003493369198985408521 0.1908747285335035959 0.002510077896669711019 0.003492997747192652658 0.9999907491950567051 0.01060487969118019923
0.9999974460928848785 -0.001091682085917224793 -0.001978898160842103293 0.2236434578108195126 0.001084240380378694892 0.999992351989960726 -0.003757709992007751253 0.2086951424516299558 0.001982985250891469535 0.003755554793870813628 0.9999909817481780205 0.01014563693104866826
0.9999979195531583098 -0.001053614361042512753 -0.001746649974473630336 0.2576612386974809765 0.001048246411556763135 0.9999947339654402523 -0.003071354888168808563 0.2576908622686894246 0.001749876800172550867 0.003069517578810234456 0.9999937579770273866 0.001372373495099531333
0.9999990671188034863 -0.0008841377814776698024 -0.00104118293600256439 0.351267311368359425 0.0008803908519230401342 0.9999931550930588608 -0.003593699900846550246 0.3126791976719296984 0.001044353135059879548 0.003592779900419454213 0.9999930006050624653 0.01202777031984768839
0.9999987179425117167 -0.001364563170563978366 -0.0008379025518860891983 0.4033623347954126692 0.001362143453197752667 0.9999949203496344419 -0.002881638447357203099 0.356544637633963879 0.0008418304733301947094 0.002880493409455594459 0.9999954970294477885 -0.004094507630302173136
0.9999981684285719208 -0.001312151819768206124 -0.00139334026831794194 0.4881865672187955529 0.001309483062903201919 0.9999973098646146585 -0.00191455416269063392 0.460429801384319104 0.00139584870577257698 0.001912726100565726763 0.9999971965386977857 -0.005218435553938753808
0.9999957988256492625 -0.002066696200143686591 -0.002032510238062748293 0.5939177339541483747 0.002064021107366991251 0.9999970021717732305 -0.001317370234543167656 0.5762043770742031334 0.002035226749004096381 0.001313169556008829571 0.9999970667145965386 -0.009426600309068909611
0.9999957774889706164 -0.002361445290193546053 -0.001693688392397414309 0.6763995293858673374 0.002359823921279694068 0.9999967560948215262 -0.0009586609904511915079 0.6829089126084231243 0.001695946723713674751 0.0009546601361109879023 0.999998106192574121 -0.007553991545161056406
