1 0 0 -0 0 1 0 0 0 0 1 -0
0.9999999083458557259 0.0003530153528424547242 0.000242256972848294347 -0.002237269357916720196 -0.0003530057236762511796 0.9999999369018816031 -3.978934404623459112e-05 -0.002572283779636872283 -0.00024227100381165768 3.970382230139303639e-05 0.999999969864183158 -0.0006678756828071662341
0.9999999499528403613 0.0003159576693996451005 1.628090617343239645e-05 -0.009915448049375949827 -0.0003159617384103321938 0.9999999187009950274 0.0002505318008302393254 -0.01006734739591236792 -1.620174740589190975e-05 -0.0002505369324352529664 0.9999999684843738912 -0.01007431081142194998
0.9999996133055352177 0.0002270358717007672571 -0.0008496137315973491472 -0.006042119023728703339 -0.0002268897777866435244 0.999999959460640353 0.0001720457683312136038 -0.00679859586907419905 0.0008496527577155429814 -0.0001718529331312760862 0.9999996242783096845 -0.01208678731730916146
0.9999981737426214545 0.001910398122229587129 -5.376277856427954567e-05 -0.02352238294776571106 -0.001910386270407258245 0.9999981510893005687 0.0002196412487913788761 -0.009811058069495197029 5.418228139096662984e-05 -0.0002195381399958974407 0.9999999744336424135 -0.006075798341071665144
0.9999987415079928388 0.001572049492636112952 -0.0002136418102421031571 -0.03054723095821807941 -0.001571787113736648409 0.9999980171287407016 0.001222793464092567992 -0.04734642930225683999 0.0002155636784627677066 -0.001222456125772465379 0.9999992295663637787 -0.01814238482182401954
0.999997116821246701 0.002305911075589997701 -0.0006701666249257083293 -0.004983621022509356936 -0.002305298267274916071 0.9999969253253883084 0.0009137503316933698848 -0.01801328611962083395 0.0006722715913916086456 -0.0009122027632285776471 0.9999993579683069678 -0.004137955960140660139
0.9999975228204883715 0.002207757636712238351 0.0002831238323933890589 -0.00506794093451732805 -0.002207813507599298408 0.9999975433373943234 0.0001971768036267453332 0.00128355521593040184 -0.0002826878182596675418 -0.0001978013998058889423 0.9999999404811000803 -0.007185161581340789548
0.9999999785348810954 0.0001880685284536731845 -8.695093999973892141e-05 -0.007857593567248740557 -0.0001880714487691119549 0.9999999817507961852 -3.357882695870444514e-05 -0.01727158491579884603 8.69446232923898007e-05 3.359517922716354592e-05 0.9999999956559981751 0.005310711247517990556
0.9999999236546147641 -5.941363398359287304e-05 -0.0003862133926274251977 -0.02068569155921088851 5.941022696413205409e-05 0.9999999981962010009 -8.833064963217441228e-06 0.004980157822706545931 0.0003862139167352626225 8.810119263537849655e-06 0.9999999253805933463 0.01033007332243395318
0.9999995721137033833 -0.0001467039208151070875 -0.0009133730726132113266 -0.005043051534312678955 0.0001457710077552979745 0.9999994677707785273 -0.001021376019406288914 0.01355372719783906263 0.0009135224263560411291 0.001021242439060239017 0.9999990612698880232 0.03440773273445010133
0.999999818578261146 -0.0005740965634518906818 -0.0001823638685092175628 -0.03287608327600582969 0.0005742092978910205573 0.9999996437256413184 0.0006187344120091190034 -0.01188606394089979437 0.0001820085902379860599 -0.0006188390147861544399 0.9999997919555517756 -0.008342917425232536724
0.9999993165720550969 -0.0006850379736144729999 -0.0009474061417835851189 -0.03607396184902587899 0.0006858061857868173131 0.9999994361597146497 0.0008107713169442693933 0.009409467970740317475 0.0009468501984578233657 -0.0008114204998329682889 0.9999992225354348285 -0.01001598586457037518
0.9999981305119158836 -0.001013301024168132645 -0.001646873919724530779 -0.02141642922916448671 0.001013838141215142857 0.9999994331424734151 0.0003253412902868791029 0.01253302864684661434 0.001646543317518992964 -0.0003270103456588500956 0.9999985909786759386 -0.001758507537971346155
0.9999996397757204836 -0.0003975631394027651848 -0.0007499279829252111177 -0.008616752230899787229 0.0003979193577537134771 0.9999998080584066029 0.0004749140287773798391 -0.007904147110136988327 0.0007497390306706264379 -0.0004752122685631203947 0.9999996060322652314 -0.01295823223660756696
0.9999992822146563931 -0.0009975540725773808428 0.0006636686254037661714 -0.01792290929724271731 0.0009970721766712571568 0.9999992393531059731 0.0007260442713100316407 -0.01958790292970148325 -0.0006643923890059880979 -0.0007253820246451900787 0.9999995162017188965 -0.01858218755491889904
0.9999990527667842466 -0.001223631116170962154 0.000630232041234361621 -0.01775751602442596569 0.00122319955722615531 0.9999990174887934957 0.0006846928441366602943 -0.03038585427588443369 -0.0006310692334934117241 -0.0006839212960190791356 0.9999995670015479066 -0.02242715413873277303
0.9999995713912941397 -0.0007116917586037270092 0.0005922094804065666405 -0.02514822848067195527 0.0007112794423291793518 0.9999995047258657399 0.0006961534156965514279 -0.03919041973094201936 -0.0005927046337491997073 -0.0006957318908901748882 0.9999995823290893648 -0.02875871474650422074
0.9999999819560764225 6.609359764267957278e-05 0.0001780996439298584131 -0.03277346862516056225 -6.627426155440569334e-05 0.9999994831143519392 0.00101458304302465079 -0.03854287653388277501 -0.0001780324944292838705 -0.001014594828139977123 0.999999469450742029 -0.03375166283288359714
0.9999993522355024034 0.001128490658957998416 0.0001484500195003068902 -0.04677809507469535971 -0.001128584096578710491 0.9999991641623150462 0.0006308507020704172841 -0.0398784498923738448 -0.0001477379862957204412 -0.0006310178317588698883 0.9999997899949696345 -0.002101308507876549058
0.9999993110876547187 0.001013398669981950767 0.000592323688331137274 -0.04857513657087722536 -0.001013658922076896788 0.9999993897817863742 0.0004392398485069226154 -0.04453222484159083394 -0.0005918782018061594574 -0.0004398399601005959511 0.9999997281104648916 -0.0002837037574127963314
0.9999990223617171159 0.001386701821674579888 0.00017981564939394465 -0.02283751397119818116 -0.001386711682741430338 0.9999990370173797993 5.472679496476406523e-05 -0.02121706186608353709 -0.0001797395864883284374 -5.497609392350506503e-05 0.9999999823356549022 -0.009724137609506453006
0.9999986334977258862 0.001610766390024997562 0.0003720676249793433569 0.011045777942046019 -0.001610830969752032526 0.9999986875883420945 0.0001733354559995587709 -0.01616322533027004724 -0.0003717879337467245226 -0.0001739345571894366713 0.9999999157602474931 0.001837123716243978157
0.9999990528716423688 0.001161206994208860985 0.000738819419533720198 -0.009900525865587574137 -0.001161043943329354792 0.9999993015496663196 -0.0002210817520637516672 -0.0313417030813508829 -0.0007390756251818500358 0.0002202237408586524433 0.9999997026343179218 0.01691812750783087266
0.9999997722897820962 -5.520528103496327661e-05 0.0006725866196380452747 0.04462815467724742108 5.531802268596468035e-05 0.9999999844239824132 -0.0001676065373955511217 0.01969339649596469483 -0.0006725773563958252271 0.0001676437053917083494 0.9999997597676150152 0.01058452551663468556
0.999999817126817736 0.0005984436942519189093 -8.724377332098898251e-05 0.05429765196340885502 -0.0005985003377058174855 0.9999996092056626651 -0.0006506810800391346758 0.0413869653005596444 8.685434323734564236e-05 0.0006507331764748038646 0.9999997845013048892 0.01892728499794719271
0.9999994116934327604 0.0007576716778665339722 0.0007762386341217719686 0.01861897192278876706 -0.0007574052496144368166 0.9999996541840292519 -0.0003434663155270643907 0.01674088606254380343 -0.0007764986003856128938 0.0003428781862471793739 0.9999996397421716532 0.03593546650273839183
0.9999999998147359737 -4.031912271021457498e-06 1.882210786833462282e-05 0.05384750540003901964 4.043746371525709834e-06 0.9999998023119376356 -0.0006287763781281688032 0.003637590037508922625 -1.881956897623349257e-05 0.0006287764541235095744 0.9999998021429776784 0.03259282925684643673
0.9999998876114719604 -0.0003558212370701220313 -0.0003133181939146240341 0.05602448267031440859 0.0003555654564429487738 0.9999996038273344379 -0.0008160382223473546621 0.02059971697069755067 0.000313608433516306183 0.0008159267255073834662 0.9999996179565915355 0.02836274068825890213
0.9999998495418775946 -0.0003015092824796930548 -0.0004582667070856551433 0.03750360261479420559 0.0003015119824582724174 0.999999954528309587 5.822643777065100241e-06 0.02381146129658104696 0.0004582649306663465075 -5.96081580430374507e-06 0.9999998949788555525 0.01163924006518488735
0.9999992963455617279 -0.0005715239015996729545 -0.001039552216729828322 0.04122434086245890111 0.0005715183111869165389 0.9999998366672951944 -5.674766031619306856e-06 0.03248533347288608958 0.001039555290201376117 5.080638911220024767e-06 0.999999459649346889 0.005048888539164316999
0.9999987655180255786 -0.0005411744141951076344 -0.001475158526506970469 0.04083267952477014073 0.0005415618601811237861 0.9999998189651462255 0.0002622602263628045311 0.0330633258908098332 0.001475016330927490056 -0.0002630587922029800694 0.9999988775628176896 -0.002618298280696838409
0.9999997319792355288 -0.0001179549566922452429 -0.000722584310241946139 0.04250358293297833157 0.0001182561724982751048 0.9999999061338995521 0.0004168305049449017334 -0.0001456340960635468015 0.00072253507519161775 -0.0004169158432805044148 0.9999996520620618723 -0.01043439832701707065
0.9999993915978404591 0.001020880990724136027 -0.0004178587699072241384 0.06835955230850167264 -0.001020791167469902155 0.9999994558547457002 0.0002151176538828332896 0.03976747656562757555 0.0004180781520549793975 -0.0002146909764632097344 0.9999998895592155934 -0.002847391443542466108
0.9999995850155155575 0.0008239935342083531955 -0.000388591626628040452 0.07093150674994924687 -0.0008240309071774184818 0.9999996558760591014 -9.602513890355447376e-05 0.06025390090638439028 0.00038851236881077498 9.63453105652459376e-05 0.9999999198878569695 0.006858484111354875602
0.9999992904619624534 0.001142809263864954681 -0.0003362477628761628159 0.05089334845847368061 -0.001142623305104002555 0.9999991944591687387 0.0005527142085122222935 0.01876792011109873481 0.0003368791389326280953 -0.0005523296118103098286 0.9999997907222009097 -0.002783822653884199423
0.9999986672452489955 0.001467873191037881225 -0.0007147419259185130514 0.0280781966150058758 -0.001467774457643272919 0.9999989132074735831 0.0001386434750500765403 0.01408863466376475589 0.0007149446601824741357 -0.0001375942103296244829 0.9999997349609479613 -0.00629988556293125182
0.9999991863887568444 0.001213483130848153502 -0.0003932944384545383342 0.009946257385578798071 -0.001213430923375280034 0.9999992549538456732 0.0001329554345550403114 0.006057621188427521862 0.0003934554846090247498 -0.0001324780907473674667 0.9999999138211648209 -0.005566410981935884968
0.9999978027199396546 0.002094334108613499484 9.12136731920277122e-05 0.02164753295664740423 -0.002094311628346524293 0.9999977767035306275 -0.0002458593075157008024 -0.006336398982782054552 -9.172838193064196573e-05 0.000245667737437515923 0.9999999656166327355 -0.001810000173698651576
0.9999986880178983739 0.001610477632503606047 -0.0001741386720390384105 -0.01851699441506357569 -0.001610457983776910013 0.999998696836770562 0.0001129152030602801102 -0.03115953811827399528 0.0001743202925168208764 -0.0001126346119028874017 0.9999999784629396427 0.008689097043452869568
0.9999985035082351592 0.00157146836518642528 -0.0007235112074156695248 -0.03654247796981983931 -0.00157130833637023396 0.9999987409190556065 0.0002216989296871854078 -0.03577339980272840197 0.0007238586893111001366 -0.000220561738724874435 0.9999997136905176554 0.008803024894102607495
0.9999982255836734613 0.001879294293138446129 -0.0001306999019230784486 -0.009665896923721224721 -0.001879308124937978689 0.9999982285035228236 -0.0001057865195728448243 -0.001078281542406221878 0.0001305008663861375565 0.0001060319572511310654 0.999999985863373908 0.02714108885948096628
0.9999995798838547945 0.0008326523479265923993 -0.0003833042935624124447 0.03058419156624535284 -0.0008327312540340329246 0.9999996321139508204 -0.0002057440683823188782 0.01104339461593207943 0.000383132839268515474 0.0002060631714109395691 0.9999999053735939558 0.01371222256738168291
0.9999989053932621941 0.001410623004516551367 -0.0004464918997102806475 0.02170991818219584341 -0.001410650654397608639 0.9999990031334744511 -6.161808583190858896e-05 0.007260501991941292928 0.0004464045347280832816 6.224786247484511185e-05 0.999999898424092315 0.008177247197202176798
0.999999517663066384 0.0009696961995922762263 0.0001560862423004631368 0.05388571740809586924 -0.0009697749301662123532 0.9999994021942851807 0.0005051214279484296001 0.003008664478315896309 -0.0001555963346621650378 -0.0005052725528344470269 0.9999998602447042195 -0.01140710437231887836
0.9999998833026864098 0.0004626467887995150603 0.0001391134871960542866 0.05344011409948621477 -0.0004627338104188897139 0.9999996968980268131 0.0006261639362599451166 0.0001474865178904545646 -0.0001388237522960854482 -0.0006262282357023121011 0.9999997942830600728 -0.02186665393234777516
0.9999996310987137038 0.0007199906334932184909 -0.0004684185351344243627 0.01887189001392990464 -0.0007198697607365213457 0.9999997075699643689 0.0002581617967984500524 -0.02735183748696986064 0.0004686042722304071227 -0.0002578245012233994042 0.9999998569682710947 -0.006311972270445753361
0.9999994474985065551 0.001000924603523779821 -0.0003211738153990420248 0.0105812948121101584 -0.001001059737444916437 0.9999994103756094654 -0.0004208655787460075285 0.007632777971998528851 0.0003207523713145842177 0.0004211868603924639153 0.9999998598597626964 0.003418775114915131429
0.9999993358323320258 0.0007004549095254315174 0.0009152583320840098789 0.009607521308911492683 -0.0007007244053411495425 0.9999997112274634503 0.0002941603260052662013 0.008585489729210317097 -0.0009150520217379864854 -0.000294801474484018887 0.9999995378858372863 -0.005594665667505165259
0.9999999826820661353 3.243617603249225899e-05 0.0001832587292186139592 0.004432871594009832328 -3.245390114194811961e-05 0.9999999947960288571 9.671962845999536849e-05 0.008063602088455058825 -0.0001832555910500434414 -9.672557424569814557e-05 0.9999999785307756017 -0.009185006947070277136
0.9999998679116285372 0.0004658562396511777069 -0.0002171513056442964204 -0.00604153174793470131 -0.0004660457286089659135 0.999999510004020209 -0.0008733802712889094039 -0.001983489255684550961 0.000216744329592024785 0.0008734813583639981522 0.9999995950260240907 0.006983775024527960618
0.9999996528427108622 0.0004784329865814450009 -0.0006822142882279636292 -0.01772368148486851147 -0.0004789694648871946456 0.9999995760567257364 -0.0007864315739284100928 -0.01484528624824818857 0.0006818377442011424672 0.0007867580607255325988 0.9999994580543754008 0.005420096578110395608
0.9999990020324597273 0.001293364851474008894 -0.0005684553154480924972 0.01269350149074490244 -0.001293388697748992832 0.999999162707888356 -4.158363655297372101e-05 0.02877391600586793816 0.0005684010566710268747 4.231882873403170685e-05 0.9999998375646645954 -0.009487053696445334194
0.9999994014382032059 0.0007416288255719497057 -0.0008044314267924113993 -0.003003785643103600023 -0.0007412650162913562426 0.9999996229028423889 0.000452460328214318694 0.02150438845542279598 0.0008047666810654374985 -0.0004518637605141667722 0.9999995740847748005 -0.0115177985997610751
0.9999992415579607163 0.0008082588399930735372 -0.0009293014316703457345 0.03214440582277289932 -0.0008074338284322211306 0.9999992799228574203 0.0008878087515628161263 0.03843826105363133683 0.0009300183417733165828 -0.0008870577287985776001 0.9999991740968937615 -0.02822839423472574966
0.9999992312052796706 0.001232787034468430442 -0.0001335102143033352915 0.03413974634474072761 -0.001232716563702859584 0.9999991015334970257 0.0005266327679186219969 0.02579818844034608566 0.0001341593203970693499 -0.0005264677827935419817 0.9999998524164643854 -0.03001938984978655758
0.9999992968604183297 0.001104108348713109516 0.0004326932206066350095 0.03586898906448757196 -0.001104265244053798545 0.9999993245846163781 0.0003625308009761284275 0.02275040969233119159 -0.0004322926550749344832 -0.0003630083541512496722 0.9999998406739848411 -0.01524092130436230028
0.9999997502005231187 0.0006603565124967739324 0.0002520479473355837657 0.01982754730572422117 -0.0006604214868332345442 0.9999997486939843361 0.0002577895030720345725 0.009998197592181968726 -0.0002518776510172407272 -0.0002579558965564555744 0.9999999350082000582 -0.01179811100772108594
0.9999999539807589155 0.0002941106044129826501 7.441392684104547494e-05 0.01800637015535243302 -0.0002941115321775895431 0.9999999566716142319 1.245698480746690908e-05 0.02755169218610899542 -7.44102598854830754e-05 -1.247887022822171095e-05 0.9999999971536954746 -0.007505823663857935646
0.9999998830413022732 4.206127220820159293e-05 0.0004818176326818590497 0.01330183496605771495 -4.231248839490752827e-05 0.999999863178781756 0.0005213943528821070013 0.008834228712882511228 -0.0004817956362491820064 -0.0005214146788034911646 0.9999997479998170569 -0.01166042721246130301
0.9999999228231304382 -0.0003715580674564784142 0.0001276649351657075564 0.008390620663533104873 0.0003714947282119725929 0.9999998080857012139 0.0004958026094735811353 -0.004524245572324511223 -0.000127849130124416127 -0.0004957551443586913006 0.9999998689407098018 -0.006885417097077720441
0.99999999803657591 -5.821135747190345986e-05 2.320099348411515323e-05 0.008521149224758399823 5.82074846391254349e-05 0.9999999843796356647 0.0001668910337371287168 -0.01121530468392128305 -2.321070807531861328e-05 -0.0001668896829379806974 0.999999985804548297 0.001796680546739970507
0.9999999487002680931 -1.207482841040744607e-05 0.0003200838320544980328 -0.017378677021780118 1.218115894331924945e-05 0.9999999447487102344 -0.0003321960201341451536 -0.01095872423769530743 -0.0003200798031595096797 0.0003321999020846138034 0.9999998935960666691 0.004954004445455064895
0.999999969137366107 -6.843912435131021394e-05 0.0002388333167465397314 -0.01850011401834428248 6.861154849722482323e-05 0.9999997369970182737 -0.0007220099374751836555 -0.007322083008795740242 -0.0002387838402047760952 0.0007220263019157485479 0.9999997108301067472 0.0166545603689930502
0.9999998098962976645 0.0005808505862720867016 0.0002069298550988900624 0.01529366881935995647 -0.0005806526168137090193 0.9999993749526191467 -0.0009554773202815290949 -0.01294437288923282192 -0.0002074847153196263344 0.0009553569842798831629 0.999999522121448492 0.03185282710799851313
0.999999606153727294 0.0006398107407146257997 0.0006150891044222891535 0.02048605238137313211 -0.0006388502932277955034 0.9999985784984798398 -0.001560407421920189741 -0.004641353519195621363 -0.000616086595500642026 0.001560013857504815703 0.9999985933960463536 0.04151248076945622534
0.999999895288352536 0.0003834581188346754309 0.0002497662006776464909 0.0112919545458065422 -0.0003833706214141019896 0.9999998651685806372 -0.0003502710193873775349 -0.01326877814152735771 -0.0002499004812675232863 0.0003501752296863375365 0.9999999074635247398 0.01572215133112658467
0.999999917632299784 2.277241513915786728e-06 0.0004058696932580401124 0.02405475190337043323 -2.146669683205575273e-06 0.9999999482493886482 -0.0003217088930268516083 0.005009981557570038907 -0.0004058704048628816253 0.0003217079952602644628 0.9999998658865811851 0.01307201970486881852
0.999999675423412504 -0.0003812662361359435946 0.0007097810414145327594 0.0003877542404763087078 0.0003812967610694681787 0.999999926387412863 -4.287130500489420143e-05 -0.003676544677118788029 -0.0007097646437846144747 4.314192830206659013e-05 0.9999997471864302545 -0.006754300286142647311
0.9999992529109186234 -0.001222176705474358567 2.148732896532853869e-05 -0.0061965840542935113 0.001222162067436836442 0.9999990296845620019 0.0006685430542253081214 -0.002494730140614893552 -2.230438586330726747e-05 -0.0006685162937657003175 0.9999997762942146595 0.0006752415666213040573
0.9999988958900825065 -0.001472003521166724734 0.0002035294807809345503 -0.01605733660435712529 0.001471773623277228445 0.9999982839821842662 0.001125128920871940963 0.005353865993273616321 -0.0002051853252540545192 -0.00112482812928456008 0.9999993463301172225 -0.01184416213472170611
0.9999987274647337276 -0.001476068119439751794 -0.0006052204722724860474 -0.01552489944864947867 0.001476495818952653066 0.9999986601627682825 0.000706847059091859041 -0.002016730490469484469 0.0006041763069663277875 -0.0007077397651008953804 0.9999995670376137236 -0.03217363274752767233
0.9999995045987168929 -0.0006343225895732547892 -0.0007670965866374267758 -0.01708893570035496801 0.000634790724243268858 0.9999996123612033827 0.0006101788093920845627 -0.007691634982925007157 0.000766709239078555314 -0.0006106654529065123514 0.9999995196222083438 -0.03746474464112627134
0.9999998289211876612 -0.0004787668850858155549 -0.0003360652691675710736 -0.0313278016374568119 0.0004790868305865585023 0.9999994315145449564 0.0009525998087125323163 0.01054086382158033082 0.0003356090048761694602 -0.000952760650187575958 0.9999994898067394722 -0.0404912760799204588
0.9999993766245576232 0.001080063796928953847 -0.0002832184504652450864 0.008578263122412905367 -0.00107969643016199001 0.9999985798116889368 0.001294075045707888212 0.01117622135264616408 0.0002846157318490636083 -0.001293768449063366832 0.9999991225781578175 -0.04320958868444970541
0.9999989737197636508 0.00130832689863219216 0.0005838151640140864986 -0.000491021464694815302 -0.001308432040726594187 0.9999991278475208745 0.000179749248524216441 -0.007727758796193279212 -0.000583579484061396629 -0.0001805129465175543799 0.9999998134250135395 -0.02443200136998003105
0.9999990440427575233 0.001236448047947648473 0.0006189586382269243996 0.00155586999562880475 -0.001236491837956042814 0.9999992330676902297 7.037020623573787066e-05 -0.03144425827804406964 -0.0006188711544234115625 -7.113547626903743502e-05 0.9999998059691003194 -0.01142518273051444828
0.9999996253977906369 0.00086532596553355926 2.037772645894412896e-05 -0.02470596447417783281 -0.0008653375560973698526 0.9999994598126088485 0.0005758171623981928272 -0.03226901193803059786 -1.987944590911543553e-05 -0.0005758345803078249083 0.999999834009658084 -0.01083767615953101261
0.9999995392095721858 -0.000319782727792917575 -0.0009051627755765611358 -0.02165458553257278845 0.0003203880947636315217 0.9999997250774512736 0.000668727515908640064 -0.03072986153434489193 0.0009049486792177076138 -0.0006690172111425317846 0.9999993667417290677 -0.008193379531903504515
0.9999998916549600603 -4.075849400337472469e-05 -0.0004637119939994305685 -0.001626391884983720238 4.136013763365287122e-05 0.9999991573710959036 0.00129751548632502274 0.01241861085898960347 0.0004636587184851335692 -0.001297534524937549302 0.9999990507119240757 -0.02749371805597827442
0.9999996565304560825 -0.0007268745327290410769 -0.0003982365925072754481 0.01582659971415829869 0.0007271015914840017139 0.9999995730332836841 0.0005703126564264728677 0.02210017404515392248 0.0003978218767278886639 -0.0005706020190016211548 0.9999997580755158877 -0.02593293978919309836
0.9999993498173237461 -0.001074434832995288178 -0.0003820402064556885856 0.03013512829934700959 0.001074688842903574271 0.9999992012129607089 0.000665294920663130453 0.04461722235228678807 0.0003813250852499673626 -0.000665705062447305841 0.999999705713931264 -0.02098976973960265183
0.9999999079266433943 -0.0004167194969600922921 -0.0001024283437267266359 -0.006549047902945095111 0.0004167468365821595691 0.9999998775062883816 0.0002670383540351247168 -0.006604744351569070797 0.0001023170510913778763 -0.0002670810161362155324 0.9999999590994751442 -0.01049408568731020897
0.9999993496465365839 -0.001087466518640994558 -0.0003436903764512417182 -0.01705414047722236467 0.001087546847394454301 0.99999938133070021 0.0002336237825045175585 -0.006159941524919295038 0.000343436105779144961 -0.0002339974099518418716 0.999999913648423 -0.007800034082190905084
0.9999994715288975655 -0.0009062866117656651066 -0.0004853725403395650574 -0.04370440872583773728 0.0009066294339777064689 0.9999993394022347326 0.000706553723187237589 -0.04466203869659965409 0.0004847318795237588003 -0.0007069934028255104143 0.999999632597599164 -0.01251303689502745314
0.9999999528865615162 -0.0002869310311717533104 0.000109075470018093519 -0.02431548429768339015 0.0002868868432464564706 0.9999998768705593566 0.0004049133306208655553 -0.02986351892707171662 -0.000109191638787211107 -0.0004048820192267293299 0.9999999120738644054 -0.002868841021306058493
0.9999999687922973557 -4.941672288793092773e-05 0.000244894654568087399 -0.016163584344466915 4.933482863205262145e-05 0.9999999428710827365 0.0003344008160768590808 -0.0229681456565796159 -0.0002449111655699907691 -0.0003343887238051558098 0.9999999141013474757 -0.004982370879450091598
0.9999997895726331354 0.0005728322440246579094 0.0003044961568557729651 -0.02169333215625998679 -0.0005728517308188718713 0.9999998338779666485 6.391348510363538524e-05 -0.02344067474067954016 -0.0003044594945671482821 -6.408790280501219729e-05 0.9999999515985772414 0.0009687478556260317774
0.9999996462039846268 0.0007975066409440271457 -0.0002675351625411972502 -0.01658862683041426381 -0.0007973404125089548437 0.9999994893871082535 0.0006208653554101408378 -0.0283196665550762873 0.0002680301701783217318 -0.0006206518191536099108 0.9999997714755475275 -0.01170945462172249228
0.9999993997627943942 0.001054602889379749504 -0.0002971309416947567287 -0.03454713477504572916 -0.001054372533175008952 0.9999991443312412631 0.0007743612506321167262 -0.04143148649380277992 0.0002979473310614534371 -0.0007740474991279963505 0.9999996560388693112 -0.01847517778705033351
0.9999986353232449554 0.001584168750010710603 0.0004687867524823978514 -0.02250330229883645144 -0.001584130528609642603 0.9999987419112374987 -8.189267736845896601e-05 -0.04307827179100733733 -0.0004689158945273928379 8.114994620541930606e-05 0.9999998867662786006 -0.008292503011253386791
0.999999146686913809 0.001305927826346410482 -3.432137072534349574e-05 -0.03755586225996143668 -0.001305929275065590258 0.9999991463826533034 -4.222195254032052675e-05 -0.03720584783448364213 3.42662026053199657e-05 4.22667377945673412e-05 0.9999999985196751373 -0.01582389120841653368
0.9999999995438303424 -8.381185166406193045e-06 2.901887334413662215e-05 -0.0432076757370013359 8.378093212275126287e-06 0.9999999942886393933 0.0001065482461108864959 -0.0214322037870874442 -2.901976617898668781e-05 -0.0001065480029394545849 0.9999999939026880114 -0.01249647472806178668
0.999999939072968469 -0.0002580812674861039159 -0.0002350491837910733761 -0.03940659383832152002 0.0002580875632965043279 0.9999999663374855574 2.675513889284918093e-05 -0.01201114662420002359 0.0002350422708785732378 -2.681580053380566397e-05 0.9999999720180214879 0.006090192079987043379
0.999999839734416085 -0.0005088821763748799763 0.000248133175376427889 -0.02102259091151902418 0.000508932991790996144 0.9999998495280572053 -0.0002047707811753491042 0.002902236615133008645 -0.0002480289338385533783 0.0002048970315169605367 0.9999999482494258407 -0.001861464565182366577
0.999992700918522659 -0.003495391660055880648 0.001542837263212952113 -0.05710119993937874672 0.003494467261647119568 0.9999937134618099854 0.0006014444419940163889 -0.01012407397953992219 -0.001544929847994114822 -0.0005960486576956677395 0.9999986289579413379 -0.02488480128859116638
0.9999921742923960633 -0.003944285805385478426 0.0003065345845246360127 -0.05698510923551216439 0.003943990370835714215 0.9999917630845681638 0.0009584899434272015723 0.0146829067768194238 -0.0003103126179036724895 -0.0009572734731154628439 0.9999994936666601886 -0.0418354979260853882
0.9999969519687416097 -0.002462506555961015229 0.0001792057143609079818 -0.04509696132389985623 0.002462511573467620306 0.9999969676278209763 -2.778332568015435863e-05 0.06673725504057347047 -0.0001791367543208509676 2.822453714135884348e-05 0.999999983556699279 -0.01420035699713390401
0.9999967022139494288 -0.002567964534159281748 3.345709403823740385e-05 -0.0275254474374106578 0.002567974039799671582 0.9999966614960664746 -0.0002872386678468338687 0.07592662142489356447 -3.271936362972701999e-05 0.0002873236375440992463 0.9999999581872843768 -0.00516044368967879391
0.9999995992906423048 -0.0008758744267010866924 -0.0001851014412214918396 -0.01002360195726241347 0.0008757701827796125164 0.9999994583074828247 -0.0005625045135614368868 0.02027642967609756888 0.0001855940242717816319 0.0005623421818375957254 0.9999998246630489307 0.01077055659047617721
0.9999992942496647164 -0.001137488600603973323 -0.0003429575131755666193 0.01631990825810931273 0.001137410039870760713 0.9999993268880392749 -0.0002291765029966133982 0.05224659872513208458 0.0003432179679864524316 0.000228786257936477083 0.9999999149291336487 -0.01027944447240015761
0.9999988532115318129 -0.001177571966184164228 -0.0009523129137265426425 0.02206763340142902166 0.001177210611512741418 0.9999992349172849293 -0.000379921071962670547 0.04250697709928685092 0.0009527595695320897461 0.0003787995634060697665 0.9999994743799085484 0.01010587658832986374
0.9999987126499065848 -5.393734151252920254e-05 -0.001603679922127261267 0.03528740177346818135 5.30029294750365747e-05 0.9999998288232334609 -0.0005827042074229642991 0.05841959325056366586 0.001603711077130354689 0.0005826184575448339681 0.999998544332197481 0.01473232016077408862
0.9999999477014041016 0.0003157180056767260588 -7.013793522563532043e-05 0.04110177858802204626 -0.0003157214081371970886 0.999999948983617104 -4.850521284725195324e-05 0.02284835546078161847 7.012261767839286666e-05 4.852735435816151859e-05 0.9999999963639571998 0.01148961936690287913
0.9999995087406816641 0.0009686628121495921692 -0.0002102635292809703997 0.04904027864748133902 -0.0009687513824004026931 0.9999994419113272803 -0.0004215421605445692399 0.0002331532408859205807 0.0002098550797206356943 0.0004217456465426982397 0.9999998890457214573 0.00149959089832984397
0.999998479192733547 0.001609626533131635045 -0.000671352845947935351 0.05086376027434849623 -0.001609860369254967382 0.9999986436528396361 -0.0003479110124691360312 -0.006734995541374926356 0.0006707919285635589521 0.0003489912677040397557 0.9999997141216009355 -0.002759165082310248082
0.9999987423514906659 0.001562071027844750539 -0.0002742800410306536025 0.06443011735573246634 -0.001561949070990775084 0.9999986814571250049 0.0004442961974736361875 0.02576282475739903252 0.0002749737015985116262 -0.0004438672272499086398 0.999999863685664736 -0.008110567690562873328
0.9999975300273563628 0.002166830856692868786 -0.0004947557225191400463 0.05730271638342157581 -0.002166170263399617036 0.999996766941746662 0.00133184550307261949 0.008624459736839730842 0.0004976400068774832148 -0.001330770488316889745 0.9999989907016560986 -0.02791258045725623915
0.9999974858091568164 0.002176144273057162033 -0.0005410836054819988857 0.03821946541491597765 -0.002176118875944855601 0.999997631121352204 4.752180346017330619e-05 -0.01262742543017336162 0.0005411857380210433836 -4.63442217339487972e-05 0.9999998524850941539 -0.01414331599454468451
0.9999960147194968396 0.002807620659032671571 0.0002963298141998019415 0.05736683743425625981 -0.002807624899055526958 0.9999960585169316296 1.389343622493746975e-05 0.01893146579129332055 -0.0002962896387222863602 -1.472536382038025778e-05 0.9999999559978058894 -0.01354973338086526598
0.9999958549882443926 0.002874477370656243827 -0.0001654876904311495861 0.04996999595420310164 -0.002874585322653193907 0.9999956533158088634 -0.0006558267388786505163 0.02649987542764640699 0.0001636018119884425563 0.0006562997289551017379 0.9999997712525302562 0.003447824490358025826
0.9999981884737874083 0.001894105510002359665 -0.0001881846453192123321 -0.001084560851700606347 -0.001894146004336453486 0.9999981829398152389 -0.000215239360240277838 0.00384494185002886386 0.0001877766173181966819 0.0002155954195225338573 0.999999959129277749 0.00499439654575076393
0.9999993850288474428 0.001108964887642420113 -1.178154691473004109e-05 -0.01620121711750423937 -0.00110897219690267901 0.9999991805145638235 -0.0006396490187314029857 0.00280050889904209831 1.107218895769476365e-05 0.0006396616907736743995 0.9999997953551430507 0.01784682417932267548
0.9999994690256449603 0.0009209652653948916532 -0.0004623542018886922316 -0.009991397742168077814 -0.0009208670038324938021 0.9999995533828637262 0.0002126923468846588308 0.02191866586796021102 0.0004625498776570789359 -0.0002122664672218740813 0.9999998704952703932 -0.004609801694289917401
0.9999998308154698368 0.0004012854264722609662 -0.0004211164188582189132 -0.01473746105477020778 -0.0004011021604545139565 0.9999998248654689004 0.0004351851196323247052 0.02374631655777520792 0.0004212909785524923461 -0.0004350161353003530987 0.9999998166374198805 -0.001765182591274455952
0.9999996987108917823 0.0001952601907916192087 -0.0007512999292346789811 -0.01166008402309570528 -0.0001954483330462612268 0.9999999495606527455 -0.0002503570274585954444 0.02870777505437752813 0.0007512510065786607736 0.0002505037923475143791 0.9999996864348384973 0.006306087486843582959
0.9999998107259174818 -0.0005702596614560573969 -0.0002309806218273890196 -0.01184685234912925822 0.0005702740420552652578 0.9999998354594603622 6.219782347765093775e-05 0.02839170701678834369 0.0002309451149119504576 -6.232953395807097445e-05 0.9999999713896911002 -0.001080809292802762571
0.9999995486692279112 -0.0009498391629866911575 2.160798280615697483e-05 -0.02064635879685343747 0.0009498257721591928755 0.9999993619440481485 0.0006115083802704102947 0.02345841747414157547 -2.218880362710831834e-05 -0.0006114875804589080125 0.999999812795280496 -0.01146273641088124164
0.9999990432099271631 -0.001245499208569230852 0.0006019227125151244443 -0.04114999028376398887 0.001244913230412513123 0.9999987518209710879 0.0009729067522933663266 0.03232220958071486266 -0.000603133715797771479 -0.0009721564798773723844 0.9999993455705356027 -0.02151096441230858705
0.9999987194928916523 -0.00159207067199972031 -0.0001622453463680781154 -0.04943380908678535884 0.0015922342032838664 0.9999982194801312341 0.001012831086228144694 0.05474665668033031757 0.0001606325588189711753 -0.001013088121880545466 0.999999473924680804 -0.02811504816481501592
0.9999994399891739549 -0.0007056418762858415392 0.000788727380601462265 -0.02480955842304660361 0.0007052190614289364666 0.9999996075660148032 0.0005362218680087128949 0.05536810058921182859 -0.0007891054516830667232 -0.0005356653421356105888 0.9999995451875102193 -0.0219931007507827396
0.9999998891080276175 -0.000393613037677161806 0.000258558908056339689 -0.0177752009537790398 0.0003935174803052623256 0.9999998542980814698 0.0003695237590520513218 0.006840494061300468089 -0.0002587043197531247027 -0.000369421970624810329 0.999999898299736123 -0.01631145428453461763
0.9999979919732261413 -0.001966344205131168206 -0.0003867039984042402643 -0.05150345045155133028 0.00196624513637399384 0.9999980340673378931 -0.0002564010978967913275 -0.01878694019710182989 0.0003872074109832703459 0.0002556402281804242746 0.9999998923592414712 -0.00940140853195226521
0.9999979456916203713 -0.001965844649888278187 0.000494031731405173433 -0.0601998677133510629 0.001965958150778199243 0.9999980411985217588 -0.0002293636174014942748 -0.0295308511753598589 -0.0004935798704549490719 0.0002303343919269724646 0.9999998516624787337 -0.005338303193639979891
0.9999995014812721461 -0.0009930235947449466468 -0.0001046008961703428038 0.002758181556232939223 0.0009929531831473167348 0.9999992818609875211 -0.0006710599714984961245 0.008500857803291192796 0.0001052671994375550737 0.000670955773169718884 0.9999997693685569455 0.00978326049093377649
0.9999993443493659928 -0.001012864325016757036 0.0005342346835805338338 -0.002882067518487669341 0.001013356507983801487 0.9999990616765247475 -0.0009218213805712134005 -0.007499094106869971625 -0.0005333005023051446422 0.0009223621463718528193 0.9999994324191614492 0.02206909070335411754
0.9999998814377549783 -0.0003664378450179822926 0.0003206988955814659868 -0.007672312978398719389 0.0003666476771621025432 0.9999997186110902714 -0.0006544824069722378779 -0.02056041053742196228 -0.0003204589782175394966 0.0006545999128804682243 0.9999997344024633694 0.01945187721772163522
0.9999995304194619905 -0.0008252302933850265984 0.0005080903644324705247 -0.02247642858707703251 0.0008253930033184866564 0.9999996081273302417 -0.000320111817793479296 -0.04409603380892907626 -0.0005078259993564197177 0.0003205310417070707241 0.9999998196862865951 0.02875647838530460271
0.9999997470995772852 -0.0006886173969593956763 -0.000177783188274802204 0.003759818818062722005 0.0006886276441640016861 0.9999997612379971645 5.758399403244775851e-05 -0.01031416203287670655 0.000177743492486855234 -5.77064058875441011e-05 0.9999999825386106656 0.005370378848572082697
0.999999833457749232 -0.0001688239990685065466 0.0005518903252246244425 -0.02065546486062904211 0.0001684790743379174652 0.9999997905107678164 0.0006249745771316084914 -0.01675654466637985923 -0.0005519957203169816289 -0.0006248814910757968712 0.9999996524118629493 -0.01814168655352935491
0.9999999316761040147 -6.759147897972907259e-05 -0.00036342699303469969 -0.03187050508404473681 6.739075749871053025e-05 0.9999998452193434861 -0.0005522859539236283635 -0.00380102117207897815 0.0003634642666076828995 0.0005522614245689399723 0.999999781450498948 -0.008242823905560119763
0.9999994073245461745 -0.0008850512286571078765 -0.0006340622045025861046 -0.04652520693041151123 0.0008849642364836524501 0.9999995989706746968 -0.0001374655955265429005 -0.06954366096302877498 0.0006341836143192614451 0.0001369043916793932943 0.9999997895341432574 0.03061715676263963501
0.9999999510753310172 -0.00023122018169276817 -0.0002106811886353920536 -0.06355883881519770739 0.000231162385487552422 0.9999999356580993037 -0.000274313231182365285 -0.07240395355596702942 0.0002107446018349286136 0.0002742645161955312811 0.9999999401828422174 0.01259773773647486494
0.9999997687562376392 0.0006791019246443530432 -3.616693707948095933e-05 -0.04899381009606381537 -0.0006790940146634380937 0.9999997455941735947 0.0002182725528288979617 -0.02726834933294545321 3.631515718911105243e-05 -0.00021824794160423447 0.9999999755245223554 0.009284632469188177153
0.9999999102051528865 0.0002035076093786672251 -0.0003717180910030278614 -0.001027601791717434833 -0.0002035750117061189046 0.9999999628441912369 -0.0001812976300689723606 0.0065977054486895002 0.0003716811817442591901 0.0001813732863041087301 0.9999999144784114113 0.005082707332629402865
0.9999998791524973285 -0.0003063991449035113413 -0.0003844665844712943622 0.004951006156136230664 0.000306337522817871574 0.9999999402261119386 -0.0001603280845857132442 0.009410007430211442606 0.0003845156858782692601 0.0001602102886693319676 0.9999999132401715674 0.002565633500954935843
0.9999999624300749401 0.0002483838162869666469 0.000115953993157257151 0.04160869133593086272 -0.0002483854579968906308 0.9999999690523038165 1.414410114510728779e-05 0.04434280393925796315 -0.0001159504764029269813 -1.417290189941840683e-05 0.999999993177307922 -0.004807407492835704191
0.9999999887572986745 -8.930013283026447648e-05 -0.0001204611507467440374 0.01765520003405801966 8.934150545933009597e-05 0.9999999370162175882 0.000343490402062171323 0.02609127453496347393 0.000120430469421127658 -0.0003435011603809640058 0.9999999337517252451 -0.01937564183982918437
0.9999998949619556265 -0.0002654926225484750498 -0.0003736171100402044579 0.0115872472481345426 0.0002654446137084738935 0.9999999565081632014 -0.0001285411554018168502 0.01373623480510679194 0.0003736512205193773532 0.0001284419672506144545 0.9999999219437101239 -0.01724374314961406307
