1 0 0 -0 0 1 0 0 0 0 1 -0
0.9999999812345256034 -0.0001889248048045318918 -4.287617587845172302e-05 -0.0008909527708454552603 0.0001889399772570678595 0.9999999194436233196 0.0003541390007109034553 -0.001035832459213130181 4.28092667828950608e-05 -0.0003541470950890154065 0.9999999363735988522 2.431777138483373271e-05
0.9999998802235712247 0.0003425413745454720829 0.0003495972683358844306 -0.004211192155137026376 -0.0003424949708843293031 0.9999999325325530375 -0.0001327858590189888725 -0.001106084964321840929 -0.0003496427294001066633 0.0001326661078081623607 0.9999999300748303455 -0.002812615278536971779
0.9999998158024612227 0.0006060418744618582647 3.329098909079495933e-05 -0.005523068735439809647 -0.0006060438642143050562 0.9999998145679205308 5.979096200400582211e-05 -0.01262584858178659661 -3.325474709089193479e-05 -5.981112679032816239e-05 0.9999999976583754391 -0.007201080887700404831
0.9999999928541197791 3.865647456873194492e-05 0.0001131257594583927518 0.02127240229119299608 -3.87313965242021304e-05 0.999999779888304352 0.0006623618509626200135 -0.01739414772575697057 -0.0001131001299840375153 -0.0006623662277481090618 0.999999774239644923 0.007410892065012591318
0.9999997253635094507 0.0006384396628593202528 0.0003763877023400972674 0.006317307389287955474 -0.000638377989767905849 0.9999997827965201314 -0.0001639525988926381506 -0.01161097674339373401 -0.0003764922944293385212 0.0001637122762404830643 0.9999999157259178428 0.003448944131925083933
0.9999998573132413693 0.0005257198391404547264 9.482693607367879182e-05 0.0007828607017454664464 -0.000525700319786769261 0.9999998406531508399 -0.000205749475548981783 -0.000361963105133507291 -9.493508754446734689e-05 0.0002056995956406500539 0.9999999743375024286 0.004892516069821577739
0.9999999783057273994 5.951011388229629788e-05 -0.0001996173614803708064 0.0168318937475605522 -5.943918972388988279e-05 0.999999935118825789 0.000355287667697132205 0.009011359932151909516 0.0001996384917385330597 -0.0003552757948952004461 0.9999999169617875827 -0.007275636782566217813
0.9999999820255396354 -0.0001850597058845581126 -4.125319064927915948e-05 0.008668583039343159477 0.0001850731907892659588 0.9999999293709608272 0.0003271176966181924169 0.0224450225842977788 4.119265143086682442e-05 -0.0003271253255980537231 0.9999999456460919589 -0.009044812832351966161
0.9999999921078787102 -0.0001222189564068418537 -2.909930138558984542e-05 0.007399411668353888562 0.0001222259023292242546 0.9999999640140602164 0.0002388152155751931095 -0.003352685738069000228 2.90701125920391275e-05 -0.0002388187703787989912 0.9999999710602613945 -0.009547160034265990067
0.9999999726466313188 -0.0001634127769481656482 0.0001673409722137917386 0.0136336564133800707 0.000163386756314480889 0.9999999745627929926 0.0001554965632178434876 -0.01499236969530161681 -0.000167366378082338857 -0.00015546921766580488 0.9999999739089086015 -0.005488278175354125397
0.9999999986903076454 1.867766322305941599e-05 -4.7650073966341718e-05 0.002383754723549878947 -1.868231280289039628e-05 0.99999999506465298 -9.757902029959353079e-05 0.0001188614493926035462 4.7648251183089819e-05 9.757991038538363783e-05 0.9999999941039026119 0.001591743641431859731
0.9999999924150639874 1.33602939088219533e-05 0.000122439268463494285 7.85202988558481637e-05 -1.336034979586078041e-05 0.9999999999106466975 4.556291128288186344e-07 0.003089212368383434468 -0.0001224392623652150955 -4.572649408268587196e-07 0.9999999925042089011 -0.002847398535942375231
0.9999999529654339803 0.0002803452210157005736 0.000124401314516979657 0.004550948903349611233 -0.0002803678410462153185 0.9999999441620509577 0.0001818509518232999753 0.01243902466134368459 -0.0001243503265254203229 -0.0001818858213979693468 0.9999999757272718393 -0.001605083230631318717
0.99999994733430142 0.0002601120400732820468 0.0001940956490543212795 0.001515076449817441507 -0.000260135684783444239 0.9999999587465331352 0.0001218045874214935019 0.00740418185391841354 -0.0001940639582074720967 -0.0001218550722111600435 0.9999999737452603954 -0.00192109552867232667
0.9999999473977292386 0.0003234016109285210044 -2.481807625002075448e-05 0.006350969699383845687 -0.0003233981112205843605 0.9999999377819507318 0.0001408891631911029911 0.005773499142072181789 2.486363848821947822e-05 -0.0001408811296610309983 0.9999999897671533189 -0.0009060290931788324157
0.9999999934856383943 2.006074775245675961e-05 -0.0001123667636990469419 -0.005071314136549623548 -2.004063548036352281e-05 0.9999999837811927028 0.0001789859975209437165 0.003711749990885736608 0.0001123703524695386462 -0.0001789837444536133829 0.999999977668861284 0.0002348558367993363802
0.9999999748145199652 0.000107747180847061932 0.0001968794161633689128 0.011192251081819031 -0.0001077955851212379271 0.9999999639656504957 0.0002458633961669207482 -0.01361220431795691875 -0.0001968529179811374398 -0.0002458846127065962128 0.9999999503948416857 0.0003747059961083050233
0.9999999916984294579 6.713069709033742853e-05 -0.0001099845923141317522 0.01446515680925858534 -6.712544073691509522e-05 0.9999999966049200051 4.779471984644807807e-05 -0.02315114671217475412 0.0001099878004335722091 -4.778733668547474232e-05 0.9999999928095271162 0.003082139074543701306
0.9999999695950554379 0.0002463223697604835613 1.162662442728829992e-05 -0.00822168712422255421 -0.0002463232724975378328 0.9999999666432732859 7.77064849637880043e-05 -0.00409384367111152031 -1.16074831939283631e-05 -7.770934650930543149e-05 0.9999999969132619126 -0.005663594019991243997
0.9999999117455485864 0.0003595528596017271089 0.0002173261060463870572 -0.01192935624937471566 -0.0003595535005488776606 0.9999999353564035243 2.910178419994867155e-06 -0.01231721507767109119 -0.0002173250456346736493 -2.988318525307409866e-06 0.9999999763804470199 -0.0002586400829020134642
0.9999999462436831577 -1.075132125531625627e-05 0.000327714875683598225 -0.01870497986390225534 1.074253801242693032e-05 0.9999999995830924915 2.680322600259994959e-05 -0.02264587938026402236 -0.0003277151637170651484 -2.679970407224438995e-05 0.9999999459422721504 0.004864305345674538664
0.9999999830902890352 -0.0001530410323192380254 -0.0001019699178359211836 -0.02934360170459907394 0.00015304589903729945 0.9999999871498339576 4.772090445603579986e-05 -0.0367568519347183098 0.0001019626132691160291 -4.773650972682541685e-05 0.9999999936624255348 0.008219568233897316459
0.9999999846995618613 4.414452580995285245e-05 0.000169269421082743457 -0.01534078515247857058 -4.414864909010158493e-05 0.99999999872885037 2.43556145117524304e-05 -0.02740378694022411674 -0.0001692683457005230373 -2.436308715537543955e-05 0.9999999853773334779 0.005973358606857429552
0.9999997677475409574 0.0006514419047848352693 0.0002003205151236429936 -0.001417690356422782443 -0.0006513884636671476774 0.9999997522746773004 -0.0002667276767671560652 0.005289225525809865096 -0.0002004942230849786127 0.0002665971283464190324 0.9999999443640172903 0.00135816283055504596
0.9999997430654090635 0.0006912985209866075002 0.0001896720087632162771 -0.002398482674335210025 -0.0006912952072001502402 0.9999997609016815225 -1.75361447198443231e-05 0.01538323047647465608 -0.0001896840861238649793 1.740502086362136409e-05 0.9999999818585062483 0.005289220639650735883
0.9999998474055322717 0.0004918905387097995694 0.0002514609513885176172 0.004510514283873060665 -0.0004919816242041274643 0.9999998133493611663 0.000362291766637766661 0.005521172365980327179 -0.0002512826965608733502 -0.0003624154255213600019 0.9999999027560281251 0.01517239249796696263
0.9999998157320117986 0.0003279277544091779156 0.0005108809356509135327 0.004430018033543723331 -0.0003277335255447735808 0.9999998740111475382 -0.0003802215475935669846 -0.002578897838381226989 -0.0005110055564838724687 0.0003800540447207578082 0.9999997972161016602 0.004093935445313852568
0.9999999525672985667 0.000301943320037187607 6.079171069087305532e-05 -0.001852461062391646228 -0.0003019391783084151627 0.9999999520956882604 -6.81274820647619219e-05 0.01121942643035140838 -6.081227841679156767e-05 6.810912343413247079e-05 0.9999999958315070048 -0.002804373033875175864
0.9999999706778309738 0.0001881883369610704774 0.0001524122268349123075 0.005860125624975546024 -0.0001882288772173279392 0.9999999469015729003 0.0002660201894229192489 -0.01630981125138420904 -0.000152362156844979864 -0.0002660488700049829978 0.9999999530018848226 0.003710574149305138035
0.9999999629844212867 7.108659340514612358e-05 0.0002626363501990622512 0.01346705613276563858 -7.104126023332420139e-05 0.999999982578870239 -0.0001726134369385807848 -0.02182142855472964452 -0.000262648616124841125 0.000172594772531904151 0.9999999506133733229 -0.001404226100242694742
0.9999999702762799592 -0.0002341314195581467139 -6.804349723879962654e-05 -0.001255655063145687082 0.0002341260740836430027 0.9999999695068877426 -7.855701756492745869e-05 -0.03612043034462423391 6.806188782997397893e-05 7.854108447305075248e-05 0.9999999945994387796 -0.01022562533688722852
0.9999998561890395266 -0.0005253549580719382023 -0.0001078149720681898795 -0.005236951320684007233 0.0005253933299390136941 0.9999997985468012107 0.0003561856340807312998 -0.01984432129882301998 0.0001076278264596439984 -0.0003562422281245303289 0.9999999307538605109 -0.008473618613652991738
0.999999951835131351 -0.0002893177386866796767 -0.0001123609416600489426 0.001137201437063242379 0.0002893267642921915615 0.9999999549194439341 8.031894892974135642e-05 0.006124689099492964216 0.0001123376988980877782 -8.035145408885823414e-05 0.999999990461942545 -0.001876280132025356061
0.9999999370095751239 -0.0003227540630087443472 0.0001476843275910295027 -0.002785570725226716587 0.0003227573995566618043 0.9999999476591457936 -2.256915525341983447e-05 0.008069268247857872348 -0.0001476770355745550501 2.26168200412677651e-05 0.9999999888399863091 0.004572808584126626663
0.9999998993313741202 -0.000443563063522067931 6.774253009712854915e-05 -0.008440650583749582589 0.0004435554857091165266 0.9999998953756080722 0.0001118360585139141912 -0.01304434526948303544 -6.779212935431499685e-05 -0.0001118059996847031051 0.9999999914518228339 0.002975990213489564974
0.9999999678827539151 1.599964713486403393e-05 0.000252939721147664681 0.006466668132185656587 -1.605703132789749281e-05 0.9999999741363950756 0.0002268686424247921525 -0.00129486453037468076 -0.000252936084787508007 -0.0002268726965994214079 0.999999942276056597 0.004643422352042332266
0.9999998741123193868 5.912823247187265117e-05 0.0004982762261211708035 0.0004983250544188890831 -5.922244017344603547e-05 0.9999999803755325045 0.0001890545878542754265 -0.01157119880939018984 -0.0004982650378791457979 -0.0001890840731886203195 0.9999998579895725825 0.005709405962907881764
0.9999998464734545234 0.000553292689033280452 -3.033591123798294484e-05 -0.01775810362048045946 -0.0005532929917270324599 0.9999998468837145715 -9.970582689611045415e-06 -0.02914581915739554094 3.033038994255154498e-05 9.987365805953007594e-06 0.9999999994901599409 0.00963723060154326322
0.9999998643809938637 0.0005112311610757734994 9.940167920907694039e-05 -0.01684427154999401308 -0.0005112256841247824575 0.9999998678052113288 -5.511678333943469176e-05 -0.01406300776773877596 -9.94298434858256866e-05 5.5065959173110128e-05 0.9999999935407231089 0.01095982918586103395
0.9999999734572436738 -0.000189727851504907242 -0.0001307243448793057004 -0.01746098890577809509 0.0001897518147769070148 0.999999965193378193 0.0001833234603659758294 -0.02792334314650408642 0.0001306895587629790776 -0.0001833482606817337746 0.999999974651826995 -0.005379279983162611051
0.9999999457498639499 -0.0002419737950801044109 0.0002234926210519977462 -0.01995418857075909047 0.0002419265800160249561 0.9999999484197492627 0.0002112629373177169433 -0.03772890945220422343 -0.0002235437296188602944 -0.0002112088570512405251 0.9999999527095086993 -0.00758035608268426038
0.9999999888176382967 -0.0001492960398570943926 -8.684228614943660391e-06 -0.001262694088379378004 0.0001493003472313476486 0.9999998647869882129 0.0004981319217696330258 -0.0257746576955257857 8.609858317460722212e-06 -0.0004981332127576896087 0.9999998758945786159 -0.01203644545524166012
0.9999999956437561899 2.956948230310578281e-05 -8.853323288980486749e-05 0.001928053087433968804 -2.954625643153417069e-05 0.9999999651548552304 0.0002623305303362097524 -0.01878291581356134748 8.854098678282357388e-05 -0.0002623279133678331054 0.999999961672279003 -0.002636813054292015332
0.9999999819514258093 2.341474751309341283e-05 0.0001885441532131733116 -0.001372112828556049059 -2.341572453383570395e-05 0.9999999997124372486 5.179714355231346105e-06 -0.005977105163921151744 -0.0001885440318772514516 -5.184129159690263719e-06 0.9999999822121362625 0.004278548340866330894
0.9999999079469544805 -3.442898586184623636e-05 0.000427692328049902263 0.00976732400056286483 3.461370953103293544e-05 0.9999999061287043745 -0.0004319079457665688307 0.01372947916812574526 -0.0004276774177493145295 0.0004319227100261352199 0.9999998152673824636 0.009834332997991853537
0.9999999726461828997 -0.0001462925516607389148 0.0001824996515158693597 0.01612383738775177017 0.0001463064623980429152 0.9999999863930488786 -7.621234193304833083e-05 0.01163193606462572735 -0.0001824884997346237368 7.623904072678160668e-05 0.9999999804427778249 -0.004665874056247349203
0.9999999975727987822 5.573463961529775008e-05 -4.180971560073348093e-05 0.00832651890631374951 -5.573539650888404963e-05 0.9999999982829352874 -1.810234738875522034e-05 0.0008704215561611491642 4.18087066011232786e-05 1.81046776259225452e-05 0.9999999989621263241 -0.002053310395289209382
0.9999999397358795283 0.0002953501298733913886 -0.0001824733899143903795 -0.00248915262751595338 -0.0002952802612762449211 0.9999998831346287309 0.000382805820501611212 -0.004797808369674330838 0.0001825864303383765497 -0.0003827519166419027577 0.9999999100815788466 -0.006514462889038440466
0.9999999426520799206 0.0003224660288603047563 0.0001034963618898449407 -0.008522913067463893863 -0.0003224793633110502713 0.9999999397024978975 0.0001288489843163149356 0.003028659599993272899 -0.0001034548062289437296 -0.0001288823523680082022 0.9999999863432210701 -0.006469969177094997415
0.9999998008268069505 0.0004442570853928429014 -0.000448310147687922217 -0.01981104323896181602 -0.0004442227940766897416 0.999999898400277476 7.658683885167607078e-05 -0.01024774223370512709 0.0004483441263855357604 -7.638767401125623035e-05 0.9999998965762284531 -0.007280462226349901193
0.9999999620146620138 0.0002696783104907707102 -5.695861163906026724e-05 -0.01296149544210160875 -0.0002696563334691661341 0.9999998893384337562 0.0003854978367132422018 -0.01354601860799420875 5.706256574122558513e-05 -0.0003854824628196036932 0.9999999240735643058 -0.001048511442210706439
0.9999997888045981664 0.000639410285680722763 0.0001163840435977374425 -0.0126850642240495283 -0.0006394253776486578944 0.9999997871587468223 0.0001296828728053234811 0.007586271028164541345 -0.0001163010982636656743 -0.000129757264327924767 0.9999999848185533446 -0.005229458451727879258
0.9999998475710548673 0.0005362464966196410152 0.0001315201957200100649 0.01037709103559274031 -0.0005362748287156743126 0.9999998329889239201 0.0002154795404450571164 0.02313966103941226399 -0.0001314046236060306151 -0.0002155500385701663018 0.9999999681355024039 0.00470533671390673848
0.9999998326052147446 0.0005339821800489599106 0.0002228285749531324419 0.03216442483615999243 -0.0005340518899537300811 0.9999998084414380983 0.0003128988108282367855 0.0130970753504190858 -0.0002226614498792564892 -0.0003130177604722068148 0.9999999262208774109 0.001365311437622670435
0.999999784412839432 0.0006314900751363646458 0.0001799848869928802168 0.0195571035504331428 -0.0006314823804520028512 0.999999799698827907 -4.280545873106875014e-05 0.00596288251956034708 -0.0001800118821640481312 4.269179221787175628e-05 0.9999999828865664409 0.0002210779322750496369
0.9999998559011747945 0.0005071701943520806914 0.0001760000669228133151 0.003170081284268916506 -0.0005072053452325393265 0.9999998514245809211 0.000199733706885193372 0.007673919912678491342 -0.0001758987417905615003 -0.0001998229462785304673 0.999999964565210786 0.003926735098741565913
0.9999999729791226866 0.0001109421735969728522 0.000204288002192851186 0.003717183170718620002 -0.0001109277839684909858 0.9999999913660575501 -7.044793527803282131e-05 -0.004736195133678407221 -0.0002042958160761179588 7.042527215905698679e-05 0.9999999766517499999 0.00535751935594142286
0.9999999065476220528 0.0004189724280597259976 0.0001066154392210112137 0.002578337047852958131 -0.0004189713304838742322 0.9999999121782896516 -1.03168439053607441e-05 -0.004103205681467291845 -0.000106619752330999409 1.027217412883272047e-05 0.9999999942633553962 0.001010528293072244328
0.9999999239059517153 0.0003675540058111983902 0.0001307369250891219541 0.0001363560943710280754 -0.0003675383976208315413 0.9999999253307455538 -0.0001193902399684157781 -0.01105962211757039425 -0.0001307807976880729489 0.0001193421800435450381 0.9999999843269133937 0.00507683165443565277
0.9999999290125097806 0.0003767736007087013747 -4.077895461021512843e-06 -0.004306659799615217797 -0.0003767744765400995034 0.9999999054870710724 -0.0002169489406892911756 -0.01381723883277456537 3.996154442078915174e-06 0.000216950461735557627 0.9999999764582636619 0.008574779923293911199
0.9999997170925735146 0.0006726857847246215608 0.0003366134397582390306 0.0121849680399683559 -0.0006726344814647845696 0.9999997621532704661 -0.0001525000221071939172 0.01048482227384152539 -0.0003367159442928920532 0.0001522735611572615787 0.9999999317175654046 0.006805517905313743753
0.9999999546570276232 0.0002776377596262616441 0.0001166328304384293572 0.0006383907524586259711 -0.0002776404226533184358 0.9999999611975893821 2.281699774220658276e-05 0.003366630536872252614 -0.0001166264910526591244 -2.284937869595789054e-05 0.999999992938083726 0.003938061784817446787
0.999999941991597141 0.0003327971690350279101 7.254547990597184546e-05 0.001930254329022457888 -0.0003328006639610011546 0.9999999434617355965 4.816890755302366219e-05 0.009060781274229226523 -7.252944532831833932e-05 -4.819304794268551784e-05 0.9999999962084548111 0.006597607198819034277
0.9999999569283460898 0.0002893246971755223198 -4.934091344390096126e-05 -0.01126009741488246535 -0.0002893183837458909637 0.9999999499663837499 0.000127914435633077648 -0.01824135373093304854 4.937791978052112737e-05 -0.000127900154890272556 0.999999990601685651 0.0002633002434640360442
0.9999999567427187985 0.0002808870918906203936 8.727543792883834151e-05 0.0006258348231644840845 -0.0002808792740490477697 0.9999999565414857683 -8.957600095942395762e-05 -0.01407269253361885866 -8.730059487838698232e-05 8.955148322296502977e-05 0.9999999921795689195 -0.002810390791743478788
0.9999999610434474606 0.0002051564014515919524 -0.0001892721702050730579 0.01476557928146864616 -0.0002051545799469814781 0.9999999789093042546 9.643096659471639699e-06 0.006138959352526133541 0.0001892741445562031528 -9.604266231189527539e-06 0.9999999820415279572 -0.006614396706337434539
0.9999999836353781202 0.0001410627028909988896 0.0001132720503186912531 0.02351839773696047867 -0.0001410538198000931866 0.9999999869765300309 -7.842677914607274457e-05 0.01309583033700230555 -0.0001132831119369396092 7.841080040727685114e-05 0.9999999905093414077 -0.002850007651720813055
0.9999998570403517695 -0.0002157599743814366932 0.0004892513765126629615 0.03435143583893159741 0.0002158217722726537505 0.9999999687394538483 -0.0001262618464600005785 0.0126087924100011968 -0.0004892241189656377056 0.0001263674195088264991 0.9999998723455102434 -0.002904317009715531341
0.9999999874196502381 -5.4742189243860422e-05 0.0001488757607186619726 0.03342734928963703167 5.470299435488222551e-05 0.9999999638498767718 0.0002632637984668412734 0.006892741522186614234 -0.0001488901669734460484 -0.0002632556512050012181 0.9999999542640891637 -0.003956414368227835487
0.9999999902034658605 -0.0001380881909016046607 -2.290675975146423928e-05 0.02416385424629278328 0.0001380963776262883805 0.9999999264622716488 0.0003577776429394618563 0.01257971014107715085 2.285735319950407275e-05 -0.0003577808027750251996 0.9999999357352172824 -0.01236313991861810214
0.9999999641745294099 0.0002676728217797134999 -1.483357756803564198e-06 0.02668677841275066825 -0.0002676730696572278585 0.9999999497758507161 -0.0001697039296376858669 0.01950558973820034833 1.437932552584805052e-06 0.0001697043206128869474 0.9999999855991879016 -0.002055902678908604758
0.9999999431547903495 0.0001372039028540719349 0.0003080024432315300745 0.0239094873652885842 -0.0001372223983453864024 0.999999988783236704 6.002949088144988587e-05 0.006332156847415640506 -0.0003079942034963022396 -6.007175230302816302e-05 0.9999999507654763198 0.003959097997242935763
0.9999999900870493175 -0.0001258431729150166908 6.316167443086482083e-05 0.01279116598008815664 0.0001258396387824691257 0.9999999905167336056 5.595460552768903231e-05 0.003240508833589807007 -6.31687153370008586e-05 -5.594665673070021967e-05 0.9999999964398424979 -0.004319971521336403442
0.999999971898180684 0.0001542630143016658054 -0.0001800182218653635885 0.0213634989347480167 -0.0001542674617098303944 0.9999999877959351302 -2.469169821432674967e-05 0.01414091604521656304 0.0001800144106526175571 2.471946847457335154e-05 0.9999999834918797958 -0.00455031007903920412
0.9999999952521769764 8.752661278689646352e-05 4.283384384391892283e-05 0.01093053730007096346 -8.753172247397037842e-05 0.9999999890524300383 0.0001193035515295560675 -0.001343092439193983422 -4.282340113924124243e-05 -0.0001193073002832530034 0.9999999919659622316 -0.00246776443560408178
0.9999999186114523209 0.0003913528206440401659 -9.808189692474054532e-05 0.001204626740458545264 -0.0003913432983960316762 0.9999999187124537503 9.70850590980236038e-05 0.002345674062859750674 9.811988346362933401e-05 -9.704666750335100615e-05 0.9999999904772163273 0.0006028456592281456698
0.9999999404946098291 0.0003427802752271614769 3.889035415956540529e-05 -0.001737089873121765464 -0.0003427881449301648864 0.999999920738883108 0.0002025302822987850974 0.008766048401527443482 -3.882092769114698922e-05 -0.000202543601399502994 0.9999999787345122959 -0.0003608412401555799757
0.999999924113588734 0.0003568365716062037998 0.000156334506850487468 -0.008008977930567890563 -0.0003568280939447072172 0.9999999348652006681 -5.425224151314734616e-05 0.006453807640861250992 -0.0001563538558515321941 5.419645285204805038e-05 0.9999999863081080465 0.0005759295293454735768
0.9999998302829457009 0.0005257566087261866979 -0.0002510260308338324001 -0.0128599726937300967 -0.0005256993099470775753 0.9999998357665620397 0.0002282697624519025505 -0.001185946093522012188 0.0002511460039431550446 -0.0002281377594994326121 0.9999999424394220293 -0.006342836569824773438
0.9999995702466680791 0.0007896485610566304075 0.000485758817843841078 -0.01218873429252025943 -0.0007896684442986015877 0.9999996873818739473 4.074190123206504509e-05 -0.01772706746603437342 -0.0004857264942031465772 -4.112547213309465422e-05 0.9999998811892271133 0.005753564350348103033
0.9999997847478522273 0.0006561254195819389871 -1.919104295008084918e-06 0.001178079998092264281 -0.0006561251792112233593 0.9999997772247328776 0.000122679395057639863 -0.01998011443546588578 1.999596937025493248e-06 -0.0001226781094779872837 0.9999999924730414991 0.007697195879536833547
0.9999998963616538727 0.0004242023626670791362 0.0001653149632283451586 0.009225930424903510188 -0.0004242325584062840217 0.9999998933303719806 0.0001826635735929722012 -0.0009980708297758038305 -0.000165237459274766293 -0.0001827336866518164339 0.9999999696524904946 0.0007942298783469745006
0.9999999697725245884 0.0002244362599737333543 0.0001004157113825734335 -0.007177946400682116111 -0.0002244530823250586631 0.9999999607743755847 0.0001675471905404458213 -0.003383127973243511052 -0.0001003781037788916694 -0.0001675697240918501809 0.999999980922311793 -0.002519392014653688491
0.9999999715873740813 -3.302729422241821249e-05 0.0002360814456704497279 -0.01457665233145617571 3.292450633770994495e-05 0.9999999046791302471 0.0004353822543179382363 -0.02021615188218113882 -0.0002360958026647694979 -0.0004353744690825331071 0.9999998773539143793 -0.005045173400375772485
0.9999998939196206305 0.0003572320215577249225 -0.0002907680005938480011 -0.00327783202126552542 -0.0003571850790956656078 0.9999999231716835135 0.0001614789342210347616 -0.02297992962424017307 0.0002908256637007572572 -0.0001613750590999715317 0.9999999446892602339 -0.002852335548392340766
0.9999999701250106288 0.0001483312817713896409 0.0001942879532440975807 -0.01282267003308604214 -0.0001483923468096821398 0.9999999395897432031 0.0003143250251367940237 -0.02827953257448773822 -0.0001942413172732286304 -0.0003143538465916836553 0.9999999317259825604 -0.0002578327260938125106
0.9999999700150465909 0.0002447016853882443693 9.538917441936917022e-06 -0.001549010220336727566 -0.0002447037664916208569 0.9999999461271287249 0.0002187825546112718048 -0.01671070595691310362 -9.485380468158222938e-06 -0.0002187848822601152772 0.9999999760216010669 -0.000496179783952281476
0.9999999968131969563 -3.265189912210391472e-05 -7.285231292167084773e-05 0.003634580075009421953 3.266473049434705044e-05 0.9999999839548595615 0.0001761343128947533924 -0.008307364482203274947 7.284656063294116723e-05 -0.0001761366920346103305 0.9999999818346220204 0.001725289116612500331
0.9999999765527115558 -0.0001774478294794224419 -0.0001241243094559426751 0.0158308955001958962 0.0001774491604781225861 0.9999999841985222071 1.071217992868277943e-05 -0.01733056124293591918 0.0001241224066415178235 -1.073420543201907167e-05 0.9999999922392024398 0.002209678345310545858
0.9999999717138973176 -0.0001822894603655949588 -0.0001527833664110085806 0.008979370463053790163 0.0001823230686052935067 0.9999999591817653188 0.000219988104640560792 -0.01723806860859978043 0.0001527432586617483493 -0.0002200159543501722123 0.9999999641312377063 -0.003641857498262699409
0.9999995067381463043 0.0003808073008229112739 -0.0009173381403582869147 0.02247185939542620595 -0.0003809642158470442517 0.999999912832106097 -0.0001708860629456826052 0.01525267110951594902 0.0009172729857354778443 0.0001712354516593975141 0.9999995646442501052 -0.004087710347905369052
0.9999976523510242243 0.001840413994357088801 -0.001143752057728262758 0.02222634894776187933 -0.001841060411329789072 0.9999981459860569633 -0.0005643766565968059024 0.02124498316213647292 0.0011427112504991089 0.000566481048272391265 0.9999991866547791597 0.001410900560511202211
0.9999979181097967684 0.001712801560720134076 -0.001109092821103714425 0.01180121702348106358 -0.001714021827062231669 0.9999979258159499285 -0.001100224056351697521 0.01076618634293558495 0.001107206055160182097 0.00110212277510965493 0.9999987797093253805 0.01579507618182346071
0.9999984691796712788 0.001749733734668083157 8.376862806495057059e-06 0.01028000163465525411 -0.001749722730824162034 0.9999977841781864107 -0.001170516587950862393 0.007982518813036914782 -1.04249366057635329e-05 0.001170500138913009233 0.9999993149101380485 -0.0008448811060001664526
0.999996846731370792 0.002494121337735006379 -0.0002930632491092200506 0.02755842719135838045 -0.002494107569668771538 0.9999968885885301972 4.733592389041154904e-05 0.01367876582741895004 0.0002931803988066798271 -4.660484335954549854e-05 0.9999999559366201662 -0.006270484264062185092
0.9999936489628173941 0.003406338061951850408 -0.001048281945484627956 0.03553766313519476222 -0.003406321423152160362 0.9999941983144587931 1.765743605678706392e-05 0.02050222555592022544 0.001048336010878938131 -1.408653866536552575e-05 0.9999994503964377834 -0.004704260071710532516
0.9999912748254233819 0.004074580766095239719 -0.0009209042323869427553 0.06761580223139973533 -0.004074950515729013241 0.9999916173587755086 -0.0003999880930952311154 0.03115385598186017069 0.0009192667289863704723 0.0004037372423059858097 0.9999994959723330634 -0.001847758530482214272
0.9999859508883321979 0.005240808453480495788 -0.00079495453448741218 0.1100812572148877205 -0.005241630175602724796 0.9999857268028392587 -0.001035134628723972461 0.05648795463181053439 0.0007895182456318987308 0.001039286943678185233 0.9999991482714315483 0.002155725318665879971
0.9999802059137561372 0.006179398903686877075 -0.001184402748619075565 0.1316756751170074791 -0.006180226853313965096 0.9999806595410187793 -0.0006966634413264465595 0.1366319623063119992 0.001180074880420715856 0.0007039695291823797009 0.999999055924643665 0.01016435921955716713
0.99996777991857555 0.007974154816652170158 -0.0009230274510862424529 0.1453011366778698688 -0.007976179315699731889 0.9999657458169589619 -0.002210827052698804366 0.09751459808925334871 0.000905366356343945025 0.002218118052134316655 0.9999971301279156899 0.03848529131626247934
0.9999272105675026667 0.01202441616007387734 0.0009934700309419434387 0.1552332674709353821 -0.01202274950755986664 0.9999263347809137503 -0.001666885084933095174 0.1709532741741174311 -0.001013440166706727416 0.001654819511988433935 0.999998117253933283 0.06892962429554026771
0.9998650541549084503 0.01638794053611881962 -0.001144065027308660857 0.1785446109240956813 -0.01639017357908180081 0.9998637302870845289 -0.001970549782112748522 0.2039809081644535782 0.001111615873243111327 0.001989035288990449735 0.9999974040210152237 0.0608983948415137491
0.9997836469809494586 0.02070077104254570283 -0.002034037294740979277 0.2204089968730540694 -0.0207053535559632261 0.9997830706949772939 -0.002258292683596216377 0.2449137014599551132 0.00198684765265407003 0.002299919556489837813 0.9999953813925536172 0.04492908802001358698
0.9996545523648502352 0.0261786737625697187 -0.002335160864653719037 0.2873588276427297417 -0.02618753678490891301 0.99964963667071427 -0.003849262429088479154 0.3069332017534227575 0.002233574124561138637 0.003909084821527078306 0.9999898650498855179 0.04201449141898257883
0.9994740619058440911 0.03229060213469956558 -0.002986066176648612298 0.3786200781919107916 -0.03229959734618335909 0.9994736847219042319 -0.00301488966532047209 0.3264416283534534169 0.002887141961735552494 0.003109752755150614265 0.9999909968840192676 0.03524253965637071107
0.9992041308975203595 0.03973174364310189804 -0.003534592538041600885 0.4985509261891793442 -0.03974478072485340685 0.999203021143488912 -0.003697964691252778741 0.3999396817334248122 0.003384848957408306911 0.003835503200789111989 0.9999869157707675926 0.04552855197673650461
0.9988102536971613654 0.04851518903535341487 -0.004934930827883002302 0.6047632624647509836 -0.04853126108347879247 0.9988165673336503181 -0.003190849020377345586 0.4886374521314016395 0.0047742860261282263 0.003426551135989338616 0.9999827323210401797 0.02283501115050835112
0.9983364404034043016 0.05742654178572259571 -0.005152092894408783624 0.7297098261445708056 -0.05743904250144393764 0.9983463382814075082 -0.002311976778200678252 0.5327418853120979847 0.005010804244557708065 0.002604061949777523519 0.9999840552239742664 0.02053794752950804242
0.9976939064093478526 0.06761002300781594754 -0.005979456709272098699 0.8353862117400580045 -0.06762244374469168762 0.9977091739629631029 -0.001899813711375030693 0.6278445039641985526 0.005837312365418535591 0.002299778038098359689 0.9999803182089755937 -0.004669819126594804484
0.996827461804697279 0.07939577954513951652 -0.005596568808161414207 1.002263867486067328 -0.07940157091667943146 0.9968423737863488787 -0.0008199755854005244104 0.7780715297460486513 0.005513794334975405734 0.001261750536647923866 0.9999840029008538744 -0.01518176401775980094
0.9957918884342489285 0.09150469109606333695 -0.005040479735731603732 1.148413371000530869 -0.09150628237973951196 0.9958044953572180447 -8.550669927743546699e-05 0.9087044375693537068 0.005011508115494468611 0.0005463824395744666575 0.9999872930455856457 0.01408429465186729866
0.9947675115074302576 0.1019830880006575985 -0.006086691315049911483 1.317956420167502918 -0.1019795094132798091 0.9947860958068339698 0.0008962417214337222099 1.036293280610525391 0.006146357388026701778 -0.0002708343526808958969 0.9999810742907148109 -0.003116646705805397894
0.9936487919512596578 0.1123542246297238728 -0.006213409825198129045 1.473548117899258214 -0.1123417514938663264 0.9936669146588071877 0.002322409037445105282 1.231435693270381826 0.006434992237190552411 -0.001609633591962057351 0.9999779997352976624 0.002534266998948324096
0.9925532658860585222 0.1217003532732125332 -0.005199845391393955255 1.660942238271216675 -0.1216861249962600394 0.9925641831201477139 0.002971425655872835837 1.398263746484676107 0.00552280384530481807 -0.002316549202815813401 0.9999820659579237159 -0.01265082567909736784
0.9916300146712178076 0.1290794965574331987 -0.002897856387040112502 1.87283184424384852 -0.1290707018254231009 0.9916307296967081797 0.003041356846367843265 1.556418732534302407 0.003266180254217516 -0.002641872376519602359 0.9999911762495172773 -0.004895561957682631644
0.9906837889324546786 0.1361757932733707321 -0.001335542138545214473 2.116303859408144472 -0.1361712621251087163 0.9906806457440480163 0.003040644571624875805 1.741854857593541084 0.001737157934835747248 -0.002830454826387262916 0.9999944853886871821 -0.01424574301307313801
0.9900122061084968283 0.1409719240141836805 -0.001657828678229287481 2.354722734935780881 -0.1409672195116551396 0.9900106455359316548 0.002676704817640862804 1.916281511850394859 0.002018608268082624536 -0.002416270942417207516 0.9999950434154125656 -0.0004342846832216140001
0.9896683133567477642 0.143368010726918349 -0.001497677474069514106 2.610956185433887189 -0.1433623873552882788 0.98966456669395797 0.003357278995348999834 2.164813813788741825 0.001963524739440761138 -0.003107882022624237732 0.9999932427971356397 -0.01533505374296140027
0.9896531326261307493 0.1434717148068647696 -0.001595034063513390893 2.872046213848070462 -0.1434646389934587374 0.9896477390901468052 0.003905108479592952174 2.37049764324448331 0.002138794464801824051 -0.003635871853969814722 0.9999911029574707344 -0.0107560360777387929
0.9897935643314796916 0.1425060263210503053 -0.0008558447109365065241 3.120281568226860092 -0.1424995303380805489 0.9897804889398379435 0.005335500673967283856 2.566794637198059004 0.001607439395927670427 -0.005159086760228308484 0.9999853998746125461 -0.02120486926055908591
0.9900566655234749325 0.1406611346405348129 -0.001498083500815934176 3.406096098893548252 -0.1406462468520619236 0.9900316090040650607 0.007486415647756572943 2.768866637025604316 0.002536197738139331793 -0.007201275891079880927 0.999970854238549145 -0.01848239514618984711
0.9904562114312371879 0.1377974353586589873 -0.002891374388855389669 3.720999029745893694 -0.1377675060968054643 0.9904255711236112925 0.008792174266643497035 3.013352031211220972 0.004075230195584151303 -0.008309926175638153792 0.9999571678956096221 -0.05351562326796185931
0.9908385766490638291 0.134996145437217524 -0.003867265332353220404 4.04126766540604887 -0.1349537848513765459 0.9908046997591475336 0.009670723316994972799 3.254558148587422206 0.005137215037895343644 -0.009060223632952625269 0.9999457592136562489 -0.03528580497986919667
0.9911662796498421635 0.1325806499683376827 -0.003431812795595184581 4.367499473287704603 -0.1325431447591658152 0.9911317329609179438 0.009497509949371169685 3.467486537571663696 0.004660564605464092777 -0.008958748342302652254 0.9999490086827915736 -0.07040432213070371703
0.9914598261696249137 0.1303485792690998735 -0.004081785666138947055 4.669208721316151944 -0.1302970341068975246 0.9914135202464774421 0.01104150240834288893 3.76415641377722654 0.005485981648082271026 -0.01041536149226918173 0.9999307097245999643 -0.07059734800284617195
0.9918483737978310844 0.1272282761063639744 -0.007054725621941670445 4.976588458028177619 -0.1271131546899288145 0.991776473915756962 0.01488864305442553874 4.039330423792621971 0.008890967291149999563 -0.01387052797231147147 0.9998642703659317288 -0.08477933550664094875
0.9921643159878390517 0.1246127444036210924 -0.009035154264382786599 5.307353106028335432 -0.1244432512912839461 0.9920745905440627732 0.01737480949203798822 4.296112893745084982 0.01112866966163293669 -0.01611430200250877839 0.9998082226019818775 -0.09460174153375390527
0.9923567216638581323 0.122949576035625896 -0.0105611893847165645 5.656069016831921203 -0.1227079407067222933 0.9922185755847408029 0.02109643458273038896 4.612260667091646837 0.01307280597559417994 -0.01963924686050210269 0.9997216621273526949 -0.08066108913162181593
0.9926903051557932622 0.1199569742128491628 -0.01327713777121906739 6.009722798083855899 -0.1196173775033261694 0.9925310962316030716 0.0239521609154418752 4.872643760103366972 0.0160512008561617403 -0.02218890152734709006 0.9996249354633390816 -0.09521282036372714919
0.9931250293178784938 0.1159509251370834521 -0.01606421807053051015 6.372454967176048868 -0.1155479079189851016 0.9930098832491411898 0.02408428419266122472 5.176921052839860593 0.01874452234410973681 -0.02206251865453265001 0.999580856235607218 -0.1092905469418250231
0.9933355275841488918 0.1136126123686734268 -0.0194088626633859701 6.728914116911782095 -0.1131344612735242783 0.9932854561735681154 0.02417842481255360471 5.524107767348129805 0.02202551501032521536 -0.02182147714597763855 0.9995192343440407745 -0.11461544852311914
0.993539780849428511 0.1107938199127363327 -0.02456488019131716077 7.104595073185388188 -0.1102010366534496022 0.9936121714977926844 0.02430193761711045911 5.833690903296460561 0.02710046844935845578 -0.02143786651196945628 0.999402812928420925 -0.1284807798648204824
0.993911019910762028 0.1065293147736555562 -0.02814941551443635517 7.447884320887928844 -0.1059330850005529984 0.9941323038742302387 0.02188935576897498014 6.093815142095831305 0.0303161013689852675 -0.0187741174911247935 0.9993640310268400162 -0.1435429875062962379
0.9941239013185553253 0.1036267077874486742 -0.03129176026224830126 7.825155404022129169 -0.1029849372087433129 0.9944511247973265577 0.02147237987376721113 6.409167505900647654 0.03334323822436106172 -0.01812362608494481886 0.9992796218487829396 -0.1764666624150681706
0.9944119914700210172 0.1008455845513952509 -0.03122433821739332288 8.213422847742860355 -0.1001579732154809499 0.9947089554658073984 0.0228576971169280295 6.690954584480847345 0.03336422668058976887 -0.01960260167961413308 0.9992510026942162948 -0.1530346126347361668
0.9946337322427883931 0.09845537056034583956 -0.03178488151002061002 8.613902592795602331 -0.097657719731379794 0.994887007049272909 0.02574515452288571662 7.04344495434035256 0.03415711436360426012 -0.02250296008006441931 0.9991631039655071156 -0.1548305227524331973
0.9948347839397050363 0.0964136390812781463 -0.0317515804763408363 9.010471547784655755 -0.09555474133759810085 0.9950430456483400077 0.02754321540380254285 7.364591683402021083 0.03424973097040667769 -0.02436693468576997881 0.9991162136721003506 -0.1128805157912092516
0.9950092645358228349 0.09391995069863137702 -0.0336987588591572268 9.400796931220227748 -0.09309592752217228651 0.9953370680246544921 0.02524419329015639354 7.714851884281705985 0.03591255722818161022 -0.02198098898709941601 0.9991131689435794883 -0.1192571007993464272
0.9951066031925989153 0.09154298681244622815 -0.0371850756076112024 9.832808042622467326 -0.09077752837704589073 0.995632995163848733 0.02178024983369600265 8.091581612921713074 0.03901651732589792032 -0.01829810117252289592 0.9990710139270571055 -0.1213681072664462568
0.9951553476382742902 0.0895693163860381697 -0.04053605344730929622 10.22300242684860194 -0.08889414472343784568 0.995875399811570472 0.01816642738771201068 8.474612415740956806 0.04199601291591630731 -0.01447499956070186569 0.999012917477488771 -0.1298857741162444956
