1 0 0 -0 0 1 0 0 0 0 1 -0
0.9998725207878713661 0.003651244691297653774 0.01554382789122719585 0.03013454675896662036 -0.003769096788998013182 0.9999643241197785359 0.007559391316078938571 0.02238364893379519646 -0.01551567216407290228 -0.007617013842623335425 0.9998506113502249049 -0.01229431971507830186
0.999704614133862135 0.001543604590858829381 0.02425493278351909324 0.1549544565256040229 -0.002065903270647685697 0.9997662096973395363 0.02152342888788200473 0.07856406906731774886 -0.0242160385518002709 -0.02156717951616450926 0.9994740818273255556 0.01247383942504920809
0.9996413510831003713 -0.001938410712243008498 0.02670976916157045272 0.2834681780501292492 0.001355500562862143113 0.9997608938656361577 0.0218247042410280416 0.04141649185217757129 -0.02674568793240881745 -0.0217806717273579184 0.9994049582207040761 0.07077242405617829857
0.9997390400693860757 -0.00407297457876373923 0.02247804794067274556 0.3022058501029463717 0.003805037253377309414 0.9999213579348048553 0.01194988022183267502 0.04134564056092428913 -0.02252495177892394063 -0.01186123197212166601 0.9996759163466231168 0.05612961474585889676
0.9997949095842523226 -0.006964254932585863152 0.01901678002845569662 0.3438537618166652154 0.006875581888491968767 0.9999652031130171759 0.004724292204866167161 0.1164088364311827301 -0.01904901947900098855 -0.004592571869472647679 0.9998080031388587585 0.04981680201395146529
0.9997469536018038783 -0.009489792484515967644 0.02039540640716237807 0.4670252507119322938 0.009410661503041829398 0.9999478286738269217 0.003972326846335093135 0.2557916535765331623 -0.02043203890921467536 -0.003779387397419356042 0.9997841007022028048 0.0245647827795870688
0.9996818701409687646 -0.01062102026724129518 0.02287689751557340015 0.4133241652640329278 0.01039946423166175117 0.9998980765842245821 0.009782003213177660472 0.266076530581628945 -0.02297846067841766149 -0.009540983788429777471 0.999690432070448165 0.01080461914115362493
0.9996079103560707724 -0.01130960462104559083 0.02561480815632483435 0.4893897666227485788 0.01097674820367276934 0.9998539630125502509 0.01309823068093472591 0.2265027752238329972 -0.02575920325714418577 -0.01281192770091360567 0.9995860733104197093 -0.007729944893494928963
0.9997207303582422711 -0.01026110845829456171 0.02128781212782941343 0.5492111786433104825 0.009917492181740613852 0.9998198329104963644 0.01618471710139825215 0.2611161904758152463 -0.02145004990222071709 -0.015969075490907262 0.9996423780468483011 0.03514747074122553244
0.9996336349725779558 -0.01425844033212468262 0.02300636239838952865 0.6428933845895599131 0.01393059739181481439 0.9998000167499296875 0.01434799509156216638 0.322612236147164555 -0.0232063415431634501 -0.01402224611592486382 0.9996323535810786032 0.05730342296025310589
0.9996922297471076968 -0.01082022721691604412 0.02232416776120454277 0.629096254703000235 0.01050435987408595596 0.999843738394685988 0.01421820018759453914 0.3510748835718004446 -0.02247452350755823822 -0.01397932315647398491 0.9996496757950732448 0.05754764846049179733
0.9996562941969774352 -0.007981177063897787125 0.02497186987473805353 0.7240052825173782791 0.007670036740191578037 0.9998920701508910991 0.01253070571713679748 0.4379553844148192376 -0.02506918444565457704 -0.01233486368145531552 0.9996096173652940786 -0.009672953697720863483
0.9995167507910438509 -0.007841088414035626494 0.0300795980790557263 0.8165923318462121605 0.007424552657133894236 0.9998753441357712823 0.01393456878465581909 0.5626787254134371086 -0.03018511066661347733 -0.01370450735547011807 0.9994503717404822352 -0.02010076310433909705
0.999590732998068443 -0.004360051341348092357 0.02827289261262374426 0.9463837035662876485 0.003907613584009875934 0.9998637459753617618 0.01603808093866811862 0.7447671852982918894 -0.02833896717352640468 -0.01592103754213326436 0.9994715721335548642 -0.03742386757068604658
0.9994804689628790095 -0.004225809332355054578 0.03195206874726604085 1.083544660445462604 0.003629615816885206278 0.999818663131891272 0.01869402958646084259 0.7926540463976294859 -0.03202527206387560665 -0.01856834372377454481 0.9993145643692933344 -0.01197857366656143556
0.9995513608831718688 0.0002518980748589506012 0.02995018370492575147 1.287579541646723946 -0.0007096892740825334715 0.9998830717882833952 0.01527544082377620474 0.9370597191515989133 -0.02994283382936841972 -0.01528984298762805366 0.9994346638993868437 -0.04645231500703358302
0.9994994460223930455 0.003138867709828139455 0.03148023046976446138 1.601002515985422203 -0.003672028565274201503 0.9998505621772521001 0.01689288371027056201 1.132859411660149362 -0.03142250160545940335 -0.01700002421566253197 0.9993616090132348972 -0.08368481164433444475
0.9992973222203765937 0.005126787963077429275 0.03712920479038606808 1.895884675616277049 -0.005830991003990865576 0.9998046987750139891 0.01888289838226613407 1.413798825883168409 -0.03702514479507353073 -0.01908612984827609549 0.9991320524837138395 -0.1247361823421859889
0.9993648666498581301 0.001939871970665097908 0.03558230181773976847 2.069819893098419961 -0.002998683798964380583 0.9995535417738935502 0.0297275128919156327 1.731668088569378261 -0.03550874823737282249 -0.02981533202905192401 0.9989245090469109911 -0.1414132211235830661
0.9996605627444431486 0.001956200183932871924 0.02597946447299314884 2.310870739290268094 -0.002716694822185669773 0.9995678511578207637 0.02926995901910108347 1.932388063667190403 -0.02591097957828383119 -0.02933060198115831907 0.9992338749885917304 -0.1917665757267767723
0.9999342401765268784 0.004897043498046838375 0.01036987403829443648 2.645350420872749186 -0.0051074047733024458 0.9997797201775070475 0.02035744429606575062 2.109235405458441903 -0.0102678984740551052 -0.02040906873828420703 0.999738986022933096 -0.1309901560323946945
0.9998765305953261073 0.01132843888591496782 0.01088990528251173283 3.100719518241516592 -0.01150923950151858804 0.999794539104545299 0.01668583179906267533 2.487559496869945708 -0.01069864340702462481 -0.01680910613738923962 0.999801476784322074 -0.1457041615602236162
0.9997714158281434393 0.0130930617914545213 0.01690230238501940971 3.535788953769874787 -0.01344160106075233466 0.9996958958423264319 0.02067460270312528048 2.909499558258818563 -0.01662646847388406582 -0.020897070821855563 0.9996433728971313437 -0.2501854606380850554
0.9996425601014570228 0.01652322936909497719 0.02101749093067832239 3.992074699890312051 -0.01704488854538703524 0.9995449228914715656 0.02488812761855408243 3.39314377355028407 -0.02059669411046836235 -0.02523747239916029894 0.9994692822586501713 -0.284696623105800628
0.9995680477125269414 0.01997626544336994839 0.02155613163588404949 4.504401213790998781 -0.02060544152469441156 0.9993561565060012919 0.0293715548298864107 3.824480804675744139 -0.0209555188850082362 -0.02980304132951280133 0.9993361020976734288 -0.2767511057152527432
0.9996091279233628724 0.02403512906547992586 0.01427949379704317179 4.963519392206321434 -0.02441328497680735066 0.9993392639347387085 0.02692632680140275361 4.255552344238774154 -0.01362288108056679617 -0.02726441140352144077 0.9995354265767093516 -0.2706335882518521307
0.9995694035752893392 0.02779378680095074411 0.00940812688071850263 5.605192640078120903 -0.02802631342256888328 0.9992803802228253929 0.0255587061031138929 4.887645304596347273 -0.008690983378210838731 -0.02581137572832398197 0.9996290510439014287 -0.2948221271950389744
0.999450312279061226 0.03257570776096552212 0.00615601731309963103 6.170082057757245053 -0.03272307598650683186 0.9991369599151702641 0.02558389394624518628 5.471577264355171444 -0.00531729097081505217 -0.02577127461619995938 0.999653723957145135 -0.3168006617539637637
0.9993230981000235102 0.03625566482685180225 0.006234771185356622475 6.726531812987432524 -0.0364123898666677201 0.9989668343897646352 0.02719194096585072357 5.999901566376162343 -0.005242467736530762382 -0.02740055760847756941 0.9996107872441032383 -0.3328617880062020307
0.9992550748680405492 0.03839462235559723546 0.00389208487031299016 7.362318749483015345 -0.03848195888217296329 0.9989307487484004877 0.02562221781093045048 6.643542523743972694 -0.002904167876930561186 -0.02575290622689185849 0.9996641204073554166 -0.3852174883620828605
0.999227603376031781 0.03928046644328461734 0.001114274378146190526 8.012607375104609631 -0.03929482420884125582 0.9990321592480868595 0.01976516072541921812 7.312348337659303255 -0.0003368112053732900545 -0.01979367939781238525 0.9998040292047779554 -0.3879334886450078734
0.9991911603435301714 0.04009592112266960329 -0.003056501378098540854 8.594859761130786424 -0.04003985403282202954 0.9990600397698541357 0.01660864305377439051 7.946987185789996744 0.003719567230198489623 -0.01647282745560215561 0.9998573952195572989 -0.4116768761053458681
0.9992304550333565016 0.03903076532517855968 -0.003885497646659354879 9.350345345052046397 -0.0389329861053868756 0.9989845121739046041 0.02267525147784749812 8.619841841130313043 0.004766584390222101085 -0.02250652782631544849 0.999735332914894137 -0.4116995753951904757
0.9993343803640982737 0.03647661675462351982 -0.0005026454416790543563 10.10834332923501577 -0.03644846962393760714 0.9989471398576343919 0.02785894528378436361 9.229749533256523364 0.001518316296632363661 -0.02782208116565531783 0.9996117378838821343 -0.4078515531160249452
0.9993945069462801811 0.03453771225387546051 -0.004214963566872586588 10.85437387707154144 -0.03436764440829161854 0.9987846866967021731 0.03532725064303354756 9.942079555621443632 0.005429963483006506643 -0.03516100186910198211 0.9993669093201626996 -0.4394069275668915919
0.999296029382591211 0.03631154352640491439 -0.009429605872858553423 11.52992266224075024 -0.03593694532770271705 0.998659686887573339 0.03724735891479687144 10.56089501035822664 0.01076947634294041396 -0.0368822666378300773 0.9992615857656866885 -0.4960254675767086785
0.9993133344183101618 0.03440395152992653527 -0.01375600861024423895 12.3019853958197718 -0.03389836247544809195 0.998796834737122774 0.03543704192773076272 11.2757556889206505 0.01495863213137418879 -0.03494640236463664174 0.9992772329471572013 -0.5082707199547894517
0.9992641028118686153 0.03509332188254168927 -0.0154826222210468871 13.01635482136607713 -0.03453867961168525375 0.9987992617106208337 0.03474355216439654892 11.95406187726064218 0.01668329830317409265 -0.03418323515361159498 0.9992763251434311211 -0.5808223863384516239
0.9992622599940844674 0.0357640281925950751 -0.0139953577644163548 13.74736418581152897 -0.03521039949571756061 0.9986578125586340615 0.03798422281626941122 12.58771234614657963 0.01533504218666244777 -0.03746341819753363361 0.9991803284583268274 -0.5837388191210992616
0.9993185558015225123 0.03528049894357753596 -0.01084944353649154765 14.65508950576431957 -0.03476757916093495965 0.9984131211037154952 0.04429960549740389469 13.22459430735373331 0.01239513896845916528 -0.04389220890123576857 0.9989593758145136615 -0.5993061383040245715
0.9993752280045042902 0.03446387043015967239 -0.00783551440036311074 15.4914167253682411 -0.03406029871669437326 0.9983215955635235117 0.04683895689306426247 13.83781981200656119 0.00943661497967781572 -0.04654281326342392389 0.9988717219099014777 -0.630433143033812593
0.9993587171994469109 0.0348338233323371646 -0.00829211128287045407 16.25151247191854864 -0.03440968223522591907 0.9983146621341740801 0.04673124368557397823 14.55286307837172899 0.009905964160381490816 -0.0464159468284472479 0.9988730809037111857 -0.6355648602797848712
0.9993830166934610792 0.03362550731580425667 -0.01014451587963622128 17.03684857669829 -0.03313671949435487152 0.998436556499980421 0.04501555803957080215 15.31910078957081112 0.01164232647840794839 -0.04465162821461632348 0.9989347768157608165 -0.6908471111186392788
0.9994168765035138513 0.03268098255208778946 -0.009892438495655395125 17.79646069086372151 -0.03224969037630333324 0.9986384997399860852 0.04100127202541975491 16.12923825523215271 0.01121893179374754135 -0.04065833514176440261 0.9991101217347901908 -0.7279943959539629805
0.9995602524535613931 0.02900855431161862563 -0.00614861705772119186 18.54781704082097349 -0.02872207219394911845 0.998685791178858917 0.04244682634004848937 16.87530359386457235 0.007371857558187245446 -0.04225155942928653791 0.9990798073437052729 -0.7712598293148401618
0.9995934478029017134 0.02812660385961224946 -0.004672607926203807722 19.29464700337187111 -0.02792471274826916969 0.9988581425572247152 0.03876366165699231953 17.64846100277568652 0.005757562629640318973 -0.03861742097105357735 0.9992374819181425449 -0.6868695764537643411
0.9996771536512087941 0.02515271527139897531 -0.003595745026197286979 20.07196135677689952 -0.02498724422877099741 0.998872196185496386 0.04037292797674037897 18.49136418206005317 0.004607178493312387435 -0.04027004596519910551 0.9991782109835519732 -0.7586835412182949545
0.9996984974493235976 0.02452511964056244831 -0.001196956215054037183 20.88573787892958933 -0.02445044730296428923 0.9987652661725656689 0.04324486922085626212 19.12447563496342084 0.002256063884207341452 -0.04320256466762237291 0.9990637860426582195 -0.7864460813459616118
0.9997497000310490156 0.0214787381748345399 0.006261077722273868627 21.63327712161635574 -0.02179541772318312545 0.998199283549154881 0.05588515087414478583 19.8862762009784042 -0.005049460773132476848 -0.05600762562697044616 0.9984175723701630423 -0.8687508006148607631
0.9997600954345191582 0.02142556830350421729 0.004549351561807585785 22.41285306884464035 -0.02167001249113448616 0.9977735155087665841 0.06307473589252032831 20.60664802034438736 -0.00318781043901939648 -0.06315818848058414592 0.99799843741984684 -0.9124654669858454081
0.9997812735249237415 0.02063160739508456895 -0.003426643427132013836 23.14444631351123149 -0.02037934967944872791 0.9978643967911200452 0.06205906640722895495 21.29060379861795127 0.004699703769852777401 -0.06197565968175886703 0.9980665961705593725 -0.9779340269835803401
0.9994944778816684527 0.0239239690925581068 -0.02093877711112444168 23.96191610290792084 -0.02283997595046080575 0.998459761822304448 0.05056124524108988882 22.02801677174816675 0.02211615207565268207 -0.05005744424763999834 0.9985014412071527845 -0.9849635123242500567
0.9992421286771483446 0.02324663500122354717 -0.03122118251894305876 24.58126125479609669 -0.0217156194675632748 0.9985864914397994951 0.04851237970963051538 22.69566529554133893 0.03230480069434346624 -0.04779762624933660276 0.9983345064541381264 -0.9673060189799840281
0.9994423453853635841 0.02013825798128582312 -0.02663548039895033068 25.26665647118212377 -0.01888224081100361648 0.998735384589869768 0.04659498417298005984 23.37610771798237153 0.0275401385718910055 -0.04606606271002733344 0.9985586906305692345 -0.9837557307814117635
0.9997551014249099754 0.01708724030300849683 -0.01406283732733715208 25.8417135703851244 -0.01633870391908204614 0.9985277712694260455 0.05172365762354102364 24.04659040599983655 0.014925948181354445 -0.0514812220381370006 0.9985624166011594083 -1.025853720264649604
0.9998292164855481223 0.0159536581695295214 -0.0093283789001483014 26.49551798881200426 -0.01545373301426213909 0.9985581173756946649 0.05140883541797355155 24.70204459267990416 0.01013508745985117025 -0.05125589735940822705 0.9986341236849775038 -1.074182734196285516
0.9998619615574121378 0.01321575430135042001 -0.01006983956229878796 27.2284109431421939 -0.01272641558410408588 0.998804392984953604 0.04719981885917526321 25.41938636937304352 0.01068158120058882582 -0.04706515050655444427 0.9988347087635924826 -1.100201482721205881
0.9998261048602274936 0.009315932847822913296 -0.01615467224057068676 27.91247665475539463 -0.008638654923122549706 0.999101188763470538 0.04149925604802011392 26.1362998293798654 0.01652675652221637786 -0.04135248489020675045 0.9990079270517630006 -1.105312745235312644
0.9998364934288758166 0.005474725644402376676 -0.01723408793548830004 28.64845121776163239 -0.004793211687610789834 0.9992143689310534205 0.03934043776363598671 26.90404240209565145 0.01743592640404781346 -0.0392513987118330368 0.9990772323347166806 -1.130405254719957231
0.9998662880760013083 0.003650353246787444491 -0.01593991500267532418 29.18149601444221375 -0.00305669884123289156 0.9993065085491916744 0.0371100870844885064 27.49354829724814309 0.01606432573477178244 -0.03705640150362665003 0.9991840473838086156 -1.158376760924618054
0.9999447484971955014 0.0002296882895910769219 -0.0105093860986320408 29.87037026771071879 0.0001855336703992559253 0.9992198850620582773 0.03949160510569553473 28.08937722990089014 0.01051025832877783457 -0.0394913729801418048 0.9991646340468650633 -1.200281043292519723
0.9999858760824763548 -0.001247209644704849393 -0.005166440134602467635 30.48634679724418817 0.001444877281076568931 0.9992600730833598455 0.03843460252274096683 28.76620757882778889 0.005114681339526905984 -0.03844152454755940529 0.9992477616813832952 -1.248115841829879669
0.9999883367674292645 -0.004607343802200888905 -0.001448693272841199749 31.06853213718107298 0.004657233906767831166 0.9993205573437834444 0.03656137090492746211 29.34492799026986276 0.001279258163197065585 -0.03656769138458627888 0.9993303595134861439 -1.255450125812322515
0.9999574928629325621 -0.009129322223876367576 0.001291488680051440649 31.71419948659684351 0.0090817825547672721 0.9994149673123038369 0.03297338832717277429 29.96340477632567811 -0.001591757803809607484 -0.03296025770347140588 0.99945539556261076 -1.254404282335825238
0.9999035883530187352 -0.0130258642155989552 0.004810494797165033865 32.30845742635521134 0.01287423831344268813 0.9994576538973346524 0.03030927339749815361 30.5958664748271616 -0.005202690323809175052 -0.03024441977410681839 0.9995289926189846463 -1.258764033532542292
0.9998230965056419395 -0.01751090135116530749 0.006866150867817069625 32.91530415563342871 0.01731028530916773125 0.9994506265125076006 0.02826303568747275813 31.25809590168654495 -0.007357290016376946511 -0.02813918082720077984 0.9995769389026484264 -1.282943830192876833
0.9997206511098514214 -0.02204253656578092704 0.008529145692325214648 33.5142878471378225 0.0218363185492166656 0.9994839292678637799 0.02355950609603333495 31.87040889078506467 -0.009044055324456795261 -0.02336667963186268154 0.9996860523915845897 -1.313975808629452624
0.9996277984463716182 -0.02549109483964773909 0.009719498810971016062 34.12091455762546133 0.0253084140233692037 0.9995089301897174261 0.0184765432543102931 32.51437997988523421 -0.01018571317493830071 -0.01822368115619768525 0.9997820505951460213 -1.342427638384693589
0.9994579303185952002 -0.03148037008324491848 0.009634927228167522797 34.6692903869788438 0.03133393599494069259 0.9993965672386567745 0.01498952456397447189 33.11284265992871667 -0.01010098897807070427 -0.01467949900408634968 0.9998412285611421035 -1.34795249043381915
0.9993256670164967215 -0.03571732626304244262 0.00851374457294656016 35.21264724543740954 0.03556226605395451656 0.9992104033345093894 0.01771708500839907705 33.77489209176002305 -0.009139829054295967384 -0.01740236974398784442 0.9998067918613834371 -1.388376114817160278
0.999118069831726352 -0.04083475008621210295 0.009777817809820489592 35.79262315138054618 0.04065192390442764342 0.9990072558558421578 0.01821877685928816742 34.37797666532292595 -0.01051207013837267626 -0.01780522206479071695 0.999786212371739702 -1.40021382336940281
0.9989694062458894797 -0.0449986968480721311 0.005936553437007861984 36.35562168261813554 0.04485468769483932916 0.9987402062688575111 0.02249571901136796989 34.9757638167537479 -0.006941352644375282759 -0.02220625281345991672 0.9997293133440927626 -1.439801201418326126
0.9987857795508475744 -0.04926367449905428436 -0.0002386249293398498648 36.9047786978231116 0.0492505040049578055 0.9983809026563672528 0.02845981493817052385 35.62421818190208711 -0.001163796487066716965 -0.02843701084693164155 0.9995949089465332449 -1.486605663888542095
0.9985098725745679138 -0.05396873487775308287 -0.008087646556011730131 37.48755020047242681 0.05415798921795020315 0.9982101470923826492 0.02536561542072862663 36.27382693323323792 0.006704220684655349226 -0.02576582809650630398 0.9996455249374713858 -1.479754716686474403
0.9982567526514477541 -0.05764793207620715065 -0.01265589637770517598 37.96911757525424491 0.05794507247686234153 0.9980185438534868725 0.02452253453901065763 36.91225098410319561 0.01121714586859660565 -0.02521313252856153403 0.9996191642754053142 -1.461571606400951628
0.9980566591860450254 -0.06044894831409110963 -0.0151271181032966353 38.524556444347823 0.060836019917886279 0.9977935518337455179 0.02658959570112417667 37.62333838255916163 0.01348642780506708466 -0.02745819671280398666 0.9995319723242171994 -1.476012592070684581
0.9978978191819215526 -0.06291216203943758578 -0.01555642437993133911 39.10850865003817489 0.06338325436571309868 0.9974788696355669781 0.03191344068825551633 38.34850116049351954 0.01350946105424953927 -0.03283236966889595959 0.9993695662586231654 -1.492674411571062176
0.9976974889165249882 -0.0662142571329653179 -0.01467626526027732484 39.6323112664498538 0.06671436786506781957 0.997096620837393921 0.03670860709717586878 39.00231352802908447 0.01220302134821036472 -0.03760320288193514521 0.9992182371249010986 -1.5215847532599025
0.9974508823542990177 -0.0697741109053038322 -0.01494358517908650312 40.20582865524593075 0.07029279709775944351 0.996818504315260201 0.03757382241482567359 39.61756469174800799 0.01227436217501647227 -0.03852846872199821443 0.99918211409689206 -1.538356650786482316
0.9971369172059990627 -0.07304934268101942463 -0.01953872766552708015 40.76127269401757047 0.07371834610093107309 0.9966274358664126698 0.03604662989078083468 40.27054515899115472 0.01683964943399888017 -0.03738378809337797315 0.9991590857289590621 -1.541379038211666996
0.9966553062136405128 -0.07763724221050050112 -0.02550802262313807064 41.26063007794562765 0.07842879156944022878 0.9964170997977953581 0.03165261258581380382 40.83872849097733848 0.0229592083738038473 -0.03354730767883463971 0.999173384802832798 -1.5669755064929769
0.9961729159694348024 -0.08199553161130720969 -0.03026969251136350098 41.79171248391919136 0.08278987725563195788 0.9962279953185357861 0.02599264449048852357 41.51729598417541212 0.02802423438652283313 -0.0283991925834283232 0.999203747064460579 -1.573914086764224951
0.9958727499847170872 -0.08579128940050698149 -0.02961959656841692268 42.26468398294184681 0.08667559096828816867 0.9957852210007138716 0.02998558931983004092 42.17851673008998858 0.02692225414365076452 -0.03242912733266130332 0.9991113771408404176 -1.599151126633931996
0.9958291309917978174 -0.08740620332753043509 -0.02616290289679685035 42.79144516856618452 0.08829268324105901677 0.9954830676812440604 0.03489790890632000347 42.76570749391773774 0.02299443311357841566 -0.03706234719774502417 0.9990483664297634681 -1.608886340887921707
0.9956750205574309565 -0.09060027699434985982 -0.02056315264025345563 43.40354396028796913 0.09142738996180581335 0.9948538691053150362 0.04366705269372372911 43.43046332788072306 0.01650108489558104255 -0.04535822896379040209 0.9988344934284845156 -1.619388453530567595
0.9955337298077217012 -0.09269396953206306133 -0.01790030244200302434 43.91420090257380338 0.09344828063986265754 0.9944996429020916962 0.04730622700095224453 44.03431476025331648 0.01341684242210832226 -0.04876769709552745274 0.9987200308692216755 -1.642211761023536276
0.995236014402903324 -0.09490046923766766451 -0.02234225982067099964 44.40535449231718701 0.09585265707324730489 0.9943173391448428822 0.04631735320501239456 44.68139444747778555 0.01781975778236983762 -0.04823826297028025595 0.9986768877961418323 -1.633898327455747035
0.9948893410070569487 -0.09619979807394787863 -0.03067243063527115218 44.86967452303461812 0.09743090233259495136 0.9943747544801668781 0.04154596157467189271 45.31327766664624335 0.02650317756798626495 -0.04432207692605822508 0.9986656773293854927 -1.657850367538122205
0.9945513615283603226 -0.0995701896930266811 -0.03087663528591425705 45.36708582032012771 0.1005688890374073219 0.9943932955336932666 0.03267831628806289884 45.95125434234634554 0.02744973296530105536 -0.03560549286466495322 0.998988869326379425 -1.647356668607706354
0.994366639285327869 -0.1021421984731107624 -0.02831886239739195635 45.90836389416543994 0.1030426829169406172 0.9941489760428512401 0.03240399559050334555 46.6219833561930912 0.02484335270613862584 -0.03513950375332831888 0.9990735824263837772 -1.654270869864450821
0.9944734589673618341 -0.1019387888318890045 -0.02512016602210912636 46.43006266238516844 0.1028633706702928724 0.9939396803241457024 0.03876904501636335709 47.25807441573786605 0.02101586029256752655 -0.0411387312471157493 0.9989323993181624672 -1.68698442442436658
0.9945655925127345753 -0.1010498854813101782 -0.02506397482458132958 46.94784151188682131 0.1020259779677567952 0.9939231020027423646 0.04132271923493063825 47.9016884210030085 0.02073600755970042911 -0.04365533128336331753 0.9988314322452132021 -1.713856464076978003
0.9946005084404947461 -0.09989789941306871646 -0.02811117754143086303 47.44008706294437872 0.1009224728591368997 0.994177742191985292 0.03775276681308521731 48.53940075892234063 0.02417608491683916755 -0.04038597061979341818 0.998891630906571848 -1.686447731339148381
0.9945997304968564601 -0.09838555978196612817 -0.03304024397563858767 47.87970531856580436 0.09938775174162177428 0.9945905027279329236 0.03019613695729182062 49.12540942076885386 0.02989064902818788436 -0.03331686524550197398 0.9989977655585055016 -1.701187222932459386
0.9945049190242516435 -0.09794144174439010919 -0.03697891325602931795 48.38524068022542934 0.09885982832155697231 0.9948148428033393165 0.02387808372544875102 49.70900834981866723 0.03444851783167143106 -0.02740260073784049968 0.999030728802674739 -1.701762395141855455
0.9944623749659503575 -0.0976313676327312252 -0.03889345486381982214 48.89594982270821788 0.09857911654906324761 0.9948578026591973211 0.02324027255691891655 50.3710845113398662 0.03642447744975503554 -0.02694565906182580864 0.9989730671545835605 -1.699282604026694177
0.9949378910961368394 -0.09478586547179439215 -0.03338012234750948465 49.40451988263489369 0.09553199706997692053 0.9951938748258322143 0.02151253227697100256 50.89835001512887658 0.03118060931081570106 -0.02459250324608486249 0.9992111780735329907 -1.677071459519628993
0.9954215225489749796 -0.09096654498206667439 -0.02934416705763084193 49.88301845210853003 0.09165934330083200243 0.9955202374040298396 0.02319529488246345819 51.50475268551096519 0.02710271632033827913 -0.02577876283008654484 0.9993002042204381929 -1.682934437559940655
0.9957005715357093445 -0.08803031180841794368 -0.02882769582145739556 50.37652938037425798 0.08871603972843701558 0.9957811438761722256 0.02343880960211763148 52.12848387903309089 0.02664275020271264505 -0.02589551512472090464 0.9993095547216894747 -1.682972895476902764
0.9958831525327891399 -0.08533297049008868596 -0.03057827085842134904 50.81083065167450741 0.08604548287633236037 0.996030416873659119 0.02279437516282404458 52.70162090304535241 0.02851177612727979344 -0.02533165627870448064 0.999272428225779441 -1.702595905619703975
0.9959836616987349789 -0.08413950106130110851 -0.03061192562278877705 51.27093243665795086 0.08479557031593802641 0.9961811850461825824 0.02080283189323337348 53.27077055196569688 0.02874468444729656041 -0.0233150363743792402 0.9993148413762735771 -1.711635604566043689
0.9962559905917415248 -0.08174345260926438317 -0.0281426574009071527 51.74495867240754876 0.08235856670334348872 0.9963721645550321915 0.02143772820265384474 53.80978842330911505 0.02628816655148865505 -0.02367525407333334608 0.9993740113910929423 -1.705210667032389882
0.9966578861144914647 -0.07755760004997265533 -0.02564910759230963622 52.19769745734600974 0.07807899741507924596 0.9967467118979178586 0.0199915603029178178 54.35385232164631475 0.02401516621740194118 -0.02192740283703548815 0.9994710905255703715 -1.730537167659767839
0.9970467696782855382 -0.07261318517221282409 -0.02500128823164420033 52.66260846134420603 0.0731695758486774761 0.997074436378985518 0.02210840314570482884 54.91257403381396784 0.02332278380083419034 -0.02387244559475020303 0.9994429218805370718 -1.732526818061951746
0.9974345211171508074 -0.06708264691597665141 -0.02498588734759345231 53.08587322191215918 0.06765957613222829681 0.9974431422362477484 0.02300781961611735732 55.40549782526995415 0.02337857654793006404 -0.02463932808797755433 0.9994230063741607051 -1.746589742926554001
0.9978023165065007527 -0.06128877318327435875 -0.0251837935178588733 53.54826217297994617 0.06193956527913111604 0.9977430370925572944 0.02592917635313973096 55.95465095861345617 0.02353778722168368628 -0.02743206545284396225 0.9993465136566483942 -1.738409010893478879
0.9983309647140014009 -0.05252174055489618881 -0.0240156545256492264 53.99349196562624087 0.05319845315831663729 0.9981781716910750335 0.0284651039173420238 56.41972024872569591 0.02247686532356221734 -0.0296951903268334455 0.9993062524555120785 -1.732533351496243768
0.9988143616799977087 -0.04263140977164719264 -0.02350391036956787569 54.44543890410278664 0.04325114019499066292 0.9987121519092821975 0.02652124621061424312 56.92808513430787087 0.02234300278861458405 -0.0275063725273374006 0.9993718975920702352 -1.691748091889406558
0.999169625449818577 -0.03215231090609487613 -0.02502575636953060373 54.90122547518313212 0.03274831983669860419 0.999180649152682232 0.02378188189983760498 57.38746018143789485 0.0242406090340688829 -0.02458168550409721431 0.9994038891316339157 -1.704740744418149712
0.9994117065604757322 -0.01942803853315775223 -0.02826291047701427403 55.30062076069741295 0.02007968504915864233 0.9995347496382006591 0.02295845190830713908 57.83387793265409016 0.02780372345935307535 -0.02351245594261889074 0.9993368387972806355 -1.702278854197374347
0.9995130301038686049 -0.006591799458388350463 -0.0305000136472672323 55.75891939484530724 0.007323480246499972611 0.9996865643506127608 0.02394033612853779455 58.3335319751357062 0.03033264396095765661 -0.02415204415300366281 0.999248022001329339 -1.70248117787875719
0.9995539285961294595 0.007010601760985755299 -0.02903093679150814399 56.2016497043025467 -0.006300094420905092904 0.9996801324833765046 0.02449370385030652519 58.73374161122352177 0.02919336634119741938 -0.02429988026653019662 0.999278371216299699 -1.718281946713104746
0.9993175755959092799 0.02525616353188226554 -0.02695383662421925106 56.60812200018138185 -0.02457604137148161616 0.9993784616791651088 0.02527268332197595349 59.10247726066837259 0.02757537480473305422 -0.02459301802212322807 0.9993171579478369315 -1.709514041687584918
0.9987193705521226761 0.04417151605037328982 -0.02466771277973777918 57.00712237155847362 -0.04353642030109408645 0.9987208241966983868 0.02571566493859299071 59.45884727885890442 0.02577205834500819262 -0.02460878878935558386 0.999364902587129289 -1.716829186212269986
0.9977597708107251995 0.06332478556791958091 -0.02157339297621327021 57.40140214307059807 -0.06275996409657648434 0.9976919143440219351 0.02592355992446459048 59.83763141967133947 0.02316520361070791359 -0.02451153984020342305 0.9994311170642710129 -1.716933279938982926
0.9963197465036894851 0.08305305547389482679 -0.02119322305063375475 57.80741034734685257 -0.08247315560928727973 0.9962299145312574211 0.02690977511778339798 60.17054266449847688 0.02334826183402206184 -0.02506286834130397323 0.9994131834731000419 -1.70022953838040114
0.9941706822202732718 0.10568669758465013 -0.02133017973030602518 58.23891389180133871 -0.1051056023483448454 0.994101466381637211 0.02674110866943018791 60.50940611904484712 0.02403054241310541642 -0.02434330486046161826 0.9994147970386483282 -1.683260434729237254
0.9912753246162204768 0.130421207856531135 -0.01906670785033998811 58.59841871289316373 -0.1299070587792244269 0.9911826829309422493 0.02609684151674905236 60.77050184038039049 0.02230217223361533746 -0.02339225510853304782 0.9994775712914220067 -1.695315447355298488
0.9880024710082925266 0.1535654544555484502 -0.01639415991653686566 58.97808672061776747 -0.1531334598244551704 0.9878897742645696978 0.02497873867290675842 60.98783457285313858 0.02003149429523618311 -0.02216856110256757231 0.9995535474075121218 -1.687738947936389344
0.983910802925835215 0.1780171246032866694 -0.01514711965412007116 59.40444688553179731 -0.177551727871290338 0.9837150463444382931 0.02793011860839384256 61.3119238476337074 0.0198724889170324992 -0.02479134815893639654 0.9994951091629737938 -1.67944803321965197
0.9790704981358315795 0.2027764698410475797 -0.01739721123793154176 59.85205117528724372 -0.2021387941081246031 0.9788069659465294947 0.03281510827443141071 61.52946870991033279 0.02368264336107159945 -0.02861165310414900617 0.9993100148152624929 -1.665076005083580668
0.973344692006546941 0.2285530784004563554 -0.0190683218022723068 60.26242192190977676 -0.2276813535255649557 0.9729320903486767813 0.03955184984954377564 61.82150835663301081 0.02759187923007191262 -0.03415608179269096628 0.9990355600663692881 -1.70261137975442356
0.9670155411513321475 0.2540200371142705693 -0.01883517762753217015 60.67349394901712856 -0.2530376579020628403 0.9664867517711287492 0.04330476110465280443 62.05119257334977334 0.02920422666729433764 -0.03711036776100491014 0.9988843445311414992 -1.701308004143673669
0.9595870731972843126 0.2808719783757890887 -0.017423567830385258 61.06958056263567869 -0.2800332902883075903 0.9591752159536501843 0.03955074500654746222 62.23111970800730575 0.02782095043261819528 -0.0330732046155007009 0.9990656424146948655 -1.689891706188538123
0.9512244818174868666 0.308074336571267593 -0.01619223076746633197 61.49594086851359265 -0.3072763896472162082 0.9508163002364018457 0.03910989095014962003 62.44582914029821552 0.027444590658738343 -0.0322267955424328581 0.99910371238057194 -1.684189300419925539
0.9408210446666048776 0.3385306033769634459 -0.01589944935107341639 61.89473912166689473 -0.3375963527401694697 0.9402765404114824532 0.04368901656422208291 62.62804173653600515 0.02973994836870714337 -0.03573595009290859298 0.9989186540164237682 -1.69389276260681565
0.9305533727012371692 0.3658538034079643619 -0.01488002306043535554 62.30876441057777981 -0.3646529153770003417 0.9296459379262915768 0.05278902730871272431 62.82545524440499207 0.03314621941348271789 -0.04369696361387559458 0.9984948189697936405 -1.705962967147728326
0.9191220467882599277 0.3937776950389040298 -0.01240120952196202206 62.71471604477462591 -0.3924658033694423676 0.9179029536036127368 0.05852145718744745234 63.03164577252463374 0.03442755137005714533 -0.0489213108533686214 0.9982091209015524491 -1.692786236946465461
0.9058935829775460746 0.423428897441285701 -0.008048921155102682981 63.20312884177538848 -0.4222604877003246493 0.9045237190506784097 0.05943838996653180023 63.18514082727628534 0.03244837202677288562 -0.05044611468078300659 0.9981995254789622907 -1.70251688586527905
0.8904831063896816445 0.4550004616881858643 -0.003796985399077433543 63.65408421460588784 -0.4538205139456042425 0.8887165611807690269 0.06503702795466662079 63.34277120208050604 0.03296632155292243682 -0.05619122481817082071 0.9978756274690263606 -1.690632619636735612
0.8709532709914717952 0.4913658245158164517 -0.000162009715290592775 64.01235133561883117 -0.490139620450426361 0.8688029904659969604 0.07031725408498779029 63.48841034124414051 0.03469225005628719799 -0.06116363507209673228 0.9975246651240256002 -1.718123529721580445
0.8487769227737371747 0.5287479380003619056 0.001831236497850072123 64.41101967088623326 -0.5272441436748760424 0.846091501902775045 0.07837591063874976838 63.55995532211823473 0.03989170750033440432 -0.0674891729707225857 0.9969221951609040788 -1.735739930516646545
0.8230446229525241186 0.5679646020459868661 0.003709373489053204801 64.78316279462544003 -0.5661289271319314143 0.8198231609199361225 0.08595360774099597423 63.61601894069871577 0.04577757631620340412 -0.07284363830828650965 0.9962922351723041414 -1.736724302618232629
0.7938662135113587759 0.608031796842316008 0.008588892468911694944 65.19067402345956452 -0.6063664633348448962 0.7904705300949106395 0.08646417289411441331 63.64804578937592794 0.04578370002446422588 -0.07384900189017934435 0.9962179368651692402 -1.73004970591078111
0.7624946109529885385 0.6468415329003732728 0.01407123245298938854 65.5532201167217039 -0.6456261140856776048 0.7592881177028637518 0.08153818201229269536 63.6345060490506782 0.04205816303975128123 -0.07125717950029690495 0.99657088322476306 -1.732736771112510565
0.728288939496807175 0.6850414198196500548 0.01770518958085521774 65.94669208086843071 -0.6841727507633188488 0.7254182550640918548 0.07533924828880256275 63.60891652877739944 0.03876683788458350211 -0.06698214949705842691 0.9970007642570712925 -1.759890557464317329
0.6927664637712838136 0.7208866075860754785 0.01992801236626773331 66.30577832971060559 -0.7199159094481886179 0.6896816108621989239 0.07784830737986554727 63.56903651886835149 0.04237581854333996589 -0.0682771897602857808 0.9967660283944371757 -1.756705694043426247
0.6562979958036099237 0.7541866739355808091 0.02180370523903105845 66.67910802225441103 -0.7531098346897381335 0.6530590783155424406 0.07962045668827552602 63.49353482928235337 0.04580957975969710688 -0.06867533099767381133 0.9965867655726720065 -1.759940091806139861
0.6199336755488141781 0.7842208100677345861 0.02607602303350424477 67.08965112997263702 -0.7831822539362958135 0.6163943197408356944 0.08175328562508012153 63.38621625840278995 0.04803951539931600179 -0.07110389333882256857 0.9963114178369433249 -1.770441262679725458
0.5817755990212100103 0.8126765034576787228 0.03307647368317538639 67.49769225372583037 -0.8119673847702297831 0.5779370203176494858 0.08183988401598882301 63.35509936382510432 0.04739323214242623095 -0.0744694653811775048 0.9960964713685797056 -1.753701622108268854
0.5429265756738473891 0.8388688630236357247 0.03911219856390998201 67.95012957726905256 -0.8383464625451646501 0.5386911632740197797 0.08358851206052209104 63.27836530909782908 0.04905040433145050477 -0.07817199792710935458 0.9957324924772742447 -1.76699937114186123
0.506799167076510626 0.8609870586035727191 0.04308003212305090007 68.32910332805543874 -0.860602839380220197 0.50239943344145499 0.08341200230427175955 63.16693756992050623 0.05017327078492891945 -0.0793479312576776119 0.9955835217116990599 -1.792550801290717422
0.470698118052698844 0.8812900720828878987 0.04208432617716317131 68.70645135859989239 -0.8807073597483309202 0.4664570897137713668 0.08229416711336660917 63.06208278241805942 0.05289450015617546547 -0.07579968538125290978 0.9957191268371474724 -1.798572516188241766
0.4346851942490718712 0.8997362359399518894 0.0390318797555788341 69.11423347057734645 -0.8988807227859189064 0.4307930075525486235 0.08019246128966101006 62.90243642843000771 0.05533740240118465575 -0.06994347989939525556 0.9960149002475074953 -1.809093113625246829
0.3991292687318489518 0.9161002014692658513 0.03816081379569772475 69.49844489990469754 -0.915111830129988868 0.3954138627319759847 0.07885566254569423283 62.69761094584031014 0.05715037355715040651 -0.06639501507905906652 0.9961553778276407423 -1.805538783373370926
0.3667599853119960507 0.9294940380005981551 0.03908895618057638133 69.90237637061618159 -0.9283775111576381134 0.3629620030621493187 0.07983596376233963177 62.49165997914344928 0.06001924650221590607 -0.06556994474951821639 0.996041300546745112 -1.819594122045614215
0.3368405355928090761 0.9408352074340526894 0.03698061700502489751 70.24299413625799104 -0.9394264524524298388 0.3331737461638724085 0.08045617005409784472 62.28940224086216659 0.06337502673918100904 -0.06184146925530098482 0.9960719043654194804 -1.830259027014887074
