1 0 0 -0 0 1 0 0 0 0 1 -0
0.9999998235540343838 6.214658182559686789e-05 0.0005907873582015792449 -0.001198622385256496942 -6.192723736190600093e-05 0.9999999291559140691 -0.00037128585232451257 0.001366828167926915482 -0.0005908103904943859484 0.0003712492009836681128 0.9999997565585270198 -0.004220079229796312031
0.9999999624853873614 0.0001241221591795873462 0.0002441780363974342801 0.00955500236977274188 -0.0001241056885376710841 0.9999999900229633587 -6.746740853618710804e-05 0.008097783301661911487 -0.0002441864081616750004 6.743710212186888864e-05 0.9999999679126171381 -0.003361569065913558481
0.9999999051375754178 0.0004349629239159548107 -2.306718303001654218e-05 0.008240615612898181605 -0.0004349591151347156253 0.999999891814937647 0.0001648656456194615258 0.01753611142583005877 2.313889097779265794e-05 -0.0001648555966983832153 0.999999986143611852 -0.009377766769209483488
0.9999998572667496699 0.000216369185706629031 0.0004885190433577876051 0.0003579581080025056651 -0.0002161957135190861539 0.9999999135735321287 -0.0003551229950772239407 0.02033719915966157588 -0.0004885958388100853896 0.0003550173286662146386 0.9999998176183846343 0.009688450196171911541
0.9999998257405935398 -3.313899680006095004e-05 0.0005894239471215184179 0.0009358127715749208755 3.334466857167963115e-05 0.9999999385678152164 -0.0003489305071649816234 0.02022535769819189949 -0.0005894123477049575868 0.0003489501005067228968 0.9999997654134283875 0.01966478245847617587
0.9999998291932822303 -0.0001077631497334994893 0.0005744567085591555664 0.009739954728281168331 0.0001079538545053342226 0.9999999390764275908 -0.0003319534702977004802 -0.004013647388401248191 -0.0005744209012096829084 0.0003320154284137418854 0.9999997799031675738 0.01591090139272818144
0.9999999882984229593 -0.0001447097142914289831 4.962108920128256858e-05 0.01063737439152407684 0.0001447131076887695855 0.9999999871905016491 -6.838942256427767564e-05 0.001594952477382526263 -4.961119195188949937e-05 6.839660258601847791e-05 0.9999999964303172284 0.002529542995893883494
0.9999999490021412862 -0.0002022322478820630723 -0.0002471797579133103314 0.003275219775932992992 0.000202248637063875969 0.9999999773511247803 6.62815112775429785e-05 -0.001564397490633538277 0.000247166348055958998 -6.633149966643509833e-05 0.9999999672544637175 -0.007292510393456942686
0.999999968529692973 -0.0002312876633205453517 9.719377503556769543e-05 0.001216753377430955735 0.0002312886664458744916 0.9999999731996304098 -1.030976724872489645e-05 0.004531517468578779607 -9.719138790876221171e-05 1.033224674288861833e-05 0.9999999952235394396 -0.004452649226920507922
0.9999999951174123325 -6.030341317875497858e-05 7.828584587468247257e-05 0.007269645345887498257 6.031701388287900303e-05 0.9999999830880316187 -0.0001737405950069230995 -0.004026300699274149887 -7.827536739980693972e-05 0.0001737453161270814054 0.9999999818427658393 0.004349821228802164957
0.9999996583145048801 -0.0005303538048346129186 -0.0006341101757796842233 0.008708897794294840136 0.000530045459258386459 0.999999741265395703 -0.0004863341985934939134 0.003861893020850454966 0.0006343679409061108842 0.0004859979252007760203 0.9999996806916151559 -0.009552484809194688661
0.999999647987479201 -0.0004773541809067764676 -0.0006900419579735394323 0.004476924209063802042 0.0004765832684503979659 0.9999992626681163399 -0.001116929546514825811 -0.04521553680032926181 0.0006905746201724121281 0.001116600290889940318 0.999999138154870737 -0.01568446663607691444
0.9999970936284381384 -0.001360604315496373885 -0.001990349359643389486 0.004054893656341433845 0.001357423999617787379 0.9999978013405586008 -0.001598347313320071673 -0.06486442880021091317 0.00199251970179515573 0.001595640919940475308 0.9999967418923386697 -0.03341354503590827224
0.9999974156458455443 -0.001837217266744105466 -0.001339154339398110913 -0.01106761025267949568 0.001834347928407416761 0.9999960261969590425 -0.002140737715930237598 -0.1311908106728413848 0.001343082018157822901 0.002138275708517522241 0.9999968119487615548 -0.01835490357312408866
0.9999972211615937301 -0.000715955711678821125 -0.002246124776011790801 -0.01437783559975194803 0.0007110433868042444119 0.9999973555915581125 -0.002187059028222552211 -0.07425661088181643998 0.002247684673743515632 0.002185455858570997927 0.9999950858360743267 -0.0201633865627370984
0.9999982844151067418 -0.0004865053795256692789 -0.001787310649798930229 -0.009348087145062350736 0.0004830172258377629603 0.999997979100843204 -0.00195153493154329497 -0.09056525880379426297 0.001788256470066886461 0.001950668281687659546 0.9999964985098958037 -0.005239707337313498012
0.9999992733051734639 -0.0001174008708707666756 -0.001199835889006368311 -0.01430611085110530117 0.0001150616118970539153 0.9999980930406798807 -0.001949532207789035024 -0.06642703772369197568 0.001200062477747124851 0.001949392736022662834 0.9999973798555724658 0.0006670566755178912628
0.9999987006483269658 0.0002622053797707857292 -0.001590581653502936427 -0.008536186852197194183 -0.0002664471707298791329 0.9999964075398312113 -0.002667192032251700096 -0.05125833849616147353 0.001589876587301957984 0.002667612372612664443 0.9999951780567076787 0.008014824444857706481
0.9999982010057739679 0.0006694881130641890717 -0.001774759387123266488 -0.02319191530616384125 -0.0006738529145429545623 0.999996747351635018 -0.002459920405158950215 -0.02205033157943611655 0.001773106726984691834 0.002461111906561983236 0.9999953994997766715 -0.006111136240663422002
0.9999973873175119765 0.001222166421711004883 -0.001931752413604444218 -0.0162921677150621412 -0.001226534575816284672 0.9999966902158117232 -0.002261674237442773319 -0.004440064704151387882 0.001928981877610996213 0.002264037689533303713 0.9999955765713447464 -0.004922777694887226461
0.9999962407337313897 0.001754603979759169824 -0.002107103053801690894 0.00416038591904131002 -0.001761733609431412155 0.9999927137902232532 -0.003386541178574626731 0.02132430588016143158 0.002101145662377289312 0.003390240601933015678 0.9999920456961477466 0.002435812290762653411
0.9999978612139133194 0.001380333831414518259 -0.001540209762636977507 0.0123236239995859094 -0.001385144398395500446 0.9999941527433982014 -0.00312663621304775383 0.01102642867482200167 0.00153588495489190356 0.003128762938766781534 0.9999939259314920559 0.01174247328489525476
0.9999983180965859031 0.001499540241996643155 -0.00105602228292580886 0.02258533951691381325 -0.001501815503104836315 0.9999965457917230349 -0.002157070888277358867 0.001228761238813969991 0.001052784020603065663 0.002158653210928600068 0.9999971159269015475 0.01411124201578689737
0.9999971918647388991 0.001655729689863246487 -0.001695529955667124519 0.03538317934681017157 -0.001659383590274613861 0.9999962992956203944 -0.002155885239105418804 0.01431186202348020894 0.001691954117813640858 0.002158692719673334197 0.9999962386614287269 0.004005285487738587287
0.9999943137423690231 0.002939987752293708907 -0.001651954885783080097 0.03740734679621323527 -0.002943826326204958526 0.9999929616677234456 -0.002326048489625313648 0.03489142621677172873 0.001645104704704907807 0.002330898331396839308 0.9999959302634582325 0.002749981978756348838
0.9999909056677824815 0.003709751659321887298 -0.002103883160821290715 0.06847130685355842794 -0.003713962763204982191 0.999991100751569939 -0.002001224189588809294 0.05135107281046424887 0.002096440393084357361 0.002009019733508627878 0.9999957843798086277 -0.004984824582284122507
0.9999852544793179643 0.004969528086008721812 -0.002189660826714366192 0.06750625396217023455 -0.004973454572142602809 0.9999860276978825846 -0.001791412467434892481 0.05683525528167419211 0.002180727757541226722 0.001802276230775356081 0.9999959981054101776 -0.01076509307254863018
0.9999754814517468615 0.006515475933684511389 -0.002566138870918130074 0.08466628074329167475 -0.006520095253979352364 0.9999771313391300209 -0.001795872112188253702 0.07443776564418450037 0.002554379225231633108 0.001812559549884504512 0.9999950948752958091 -0.02120855592354168109
0.9999650160061250848 0.007799309510641293068 -0.003022835593781231407 0.09007699058204712839 -0.007805865597759366684 0.999967194067190146 -0.002163157798269626803 0.07759468560023730088 0.00300586528965076337 0.002186677970739670223 0.9999930915827932587 -0.01073161437384411408
0.9999457808680877191 0.009857535283433506434 -0.003356236321529996493 0.1209072295534926872 -0.009864408624683802806 0.9999492695814006238 -0.002037573583615386909 0.09580970358656251684 0.003335980604763386613 0.002070570394661084938 0.9999922919561157197 -0.01301838094577012842
0.9999262577888504699 0.01179413984600551253 -0.00289434788479695556 0.1487517047997619635 -0.01179957793193696369 0.999928635787347142 -0.001869035334890055368 0.1162753976179354276 0.002872097667822210831 0.001903049591520517871 0.9999940647110054925 -0.008399522621511255199
0.9998937885928694813 0.01420413164932713898 -0.003264073756309306129 0.1905917358850769128 -0.0142081503428033145 0.9998983254197606474 -0.001211316058962269571 0.1382791214353929765 0.00324653619020982007 0.001257563854038806642 0.9999939392495930113 0.004948762655870658778
0.9998614211896966752 0.01637501372264856328 -0.002999556984442165817 0.2163321640229629306 -0.01637787148345763374 0.9998654405519100674 -0.0009306533221593152111 0.1828298517830749814 0.002983913904788434209 0.0009796507121276373364 0.999995068258984432 -0.001895324951790233314
0.999811743938229136 0.01916152733044173065 -0.003051647679823129428 0.2046754545339454223 -0.01916654654192214563 0.9998149857990814571 -0.001624089048967518193 0.1838740959595617785 0.003019963054967300751 0.001682272851644071084 0.999994024872748577 0.006951359797661111478
0.9997410165001283655 0.02253981726084719125 -0.003139516704455036153 0.2487210617735151619 -0.02254468457710217394 0.999744675217442369 -0.001523670466199651121 0.230669671608036142 0.003104371854161242471 0.001594055274516151168 0.9999939109130479009 0.0163379243607706566
0.9996378466435371646 0.0266586270032650556 -0.003673304258135012129 0.3175061311919620266 -0.02666351912244791303 0.9996436336997410743 -0.001289322141557383951 0.2877771628421659234 0.003637623658227989026 0.001386798427545601637 0.9999924222134097818 0.00248687484448056103
0.9995054988879776836 0.03110218118370477319 -0.004627312212395896622 0.3711202592734424432 -0.03111653358652216247 0.9995110711252712665 -0.00306268437352617915 0.3179408409392739943 0.004529793621548967517 0.003205155788570025581 0.9999846038545379123 0.01467902731546538893
0.9993318735784737505 0.03624325939338365887 -0.00471514566913576634 0.4525098930337100311 -0.03626202350600807311 0.9993344831453373489 -0.003956822954246238914 0.3712477786136971769 0.00456859949951632198 0.004125160019373663375 0.9999810552972628885 0.01567152782844102171
0.9991010195493520429 0.04215038182712806114 -0.004527476921251299968 0.5136207858871939536 -0.04217574053284232211 0.9990941768847776405 -0.005659737223136698976 0.4176217222011876506 0.004284815743005963157 0.005845598921916429075 0.999973734318703289 0.04152975098307701285
0.9987759976841019682 0.0492964151648636259 -0.004045973556517157461 0.5849380209764575289 -0.04932208574682123148 0.9987617017683142473 -0.006511139565714234995 0.4770391834013092414 0.003719987595388854224 0.006702725770490577245 0.9999706171480918782 0.03515375810989732064
0.998326127467588087 0.05769766484460053801 -0.003990324178448032347 0.6848453342337620375 -0.05772136455485882278 0.9983140736278426353 -0.006103644035120087477 0.5288692870646614086 0.003631430777813020316 0.006323754269618350222 0.9999734110677360732 -0.002788176632091431562
0.9978024889229086813 0.06609862866126690883 -0.004600476969690614308 0.8094058723680110923 -0.06613185720243086596 0.9977827794831327646 -0.007490155530518322925 0.6524815409378346143 0.004095187688739182139 0.007777933916793520336 0.9999613658445910547 0.0002827520886950439776
0.9972119936950982755 0.07450693244479807131 -0.004117845105597134521 0.9293195049718547818 -0.07453552490460496616 0.9971917027659490396 -0.007291327858648596894 0.7334413321073649517 0.003563026500379637852 0.007577925337029115666 0.9999649393302467715 0.00350404120135512382
0.9965523142588167405 0.0828390348075478955 -0.004602092735979133008 1.027862847855042894 -0.0828699567178373675 0.996535837231436572 -0.006992523651981132765 0.828018784029961652 0.004006896427466619635 0.007349790853733370599 0.9999649620638845215 -0.007268619529674184322
0.9958289170553533687 0.09107689009273897685 -0.005456010208674555786 1.121989694427235618 -0.09110986990376129802 0.9958219432353608846 -0.006135876226697288723 0.9110663989350387126 0.004874378163592703143 0.006607379358323582641 0.9999662909196156413 -0.009646669038350999537
0.9950470252175332986 0.09926262235293169256 -0.005324416339549642094 1.27162347649444829 -0.09928731569448327743 0.9950482077191129537 -0.004592739614332578928 1.028043286842827309 0.004842163557916390193 0.00509863889683408178 0.9999752783611592921 0.006643516907662150653
0.9942014647750837542 0.1074293551481996511 -0.004730865831948926313 1.378513730984649799 -0.1074431206705703662 0.9942074078497813439 -0.002757897240267695102 1.151809590462015365 0.004407182733580085505 0.003250204464431666763 0.9999850063432412783 0.01148622832362684518
0.9933875094007774686 0.1147442694991685913 -0.003874117141036798398 1.571821413047522098 -0.1147547634593892307 0.9933904383801404059 -0.002604073403740139996 1.318480830143896165 0.003549708424636187701 0.003031427388971863566 0.9999891049496916207 0.006654684242318114479
0.9925686650569701674 0.1216652901143931709 -0.002236588564052525898 1.736356571743222998 -0.1216736408388867929 0.9925617720487960316 -0.004080905826334072471 1.448354381471214092 0.001723447717189596686 0.004322713121914510334 0.9999891718809917895 -0.004640172845809696286
0.9917418692743669162 0.1282426400199857264 -0.001374775941356566221 1.917830823678943419 -0.1282475883658855953 0.9917320292706989227 -0.004487560245388517478 1.599884316913286808 0.0007879127609967246076 0.004626813085265364667 0.9999889858364215955 -0.01296141476665568087
0.9909007750425332661 0.1345941354597071093 -0.0002696663884493392667 2.090401979327320525 -0.1345943656162846835 0.9908969473687538887 -0.002756163934715743016 1.738890356249747526 -0.0001037519008558813229 0.002767380555535481172 0.9999961654128499688 -0.02872689096622995514
0.9898488041127244674 0.1421241403242613222 0.000271539497693010451 2.273690741540372429 -0.1421239019329409714 0.9898485872601137103 -0.0007555120864962985806 1.858331771992042025 -0.0003761594939746229667 0.0007092504823700288225 0.9999996777338422405 -0.03189157222360824995
0.9885731660401720911 0.1507366804770899071 0.001244405102099986529 2.511395815167034584 -0.1507380939130018582 0.9885730848328220244 0.001132690422493748969 2.023641935646781409 -0.001059447396269786986 -0.001307326610254191295 0.9999985842331721164 -0.009344467513523009236
0.9873636414864117583 0.1584613399758178498 0.001744478076900795238 2.756428972421124612 -0.1584658604255923253 0.9873603120972194169 0.002860974459528570647 2.243773960616140872 -0.001269074571962037004 -0.003101262380009415891 0.99999438579493094 -0.0198254919503763373
0.9861368720748941996 0.1659228042936443659 0.001921600811001729185 2.993524228543290366 -0.1659289995388431582 0.9861307216976450407 0.003710368731046587761 2.391932945235227592 -0.001279314809749216826 -0.003977780714761322382 0.9999912702689973676 -0.02548530574687460359
0.9848583915190148863 0.1733440404602740181 0.002406717990465640118 3.209055686127680218 -0.1733528792832296772 0.9848510510926234973 0.004145649040707072644 2.579111508792101937 -0.001651635187547188539 -0.004500088739303082473 0.9999885105852694966 -0.02691000351064624929
0.9836503398882578963 0.1800645489163494872 0.002960922367492485607 3.459016534519393282 -0.1800762075688769892 0.9836432425649338507 0.004304744354020923792 2.788926804983117069 -0.002137359428236370543 -0.004767554917808647895 0.9999863509642420434 -0.02450513283093124287
0.9826686254524200637 0.1853094512477292677 0.004772821986708640149 3.731593283972777453 -0.1853298415532171062 0.9826671583190779158 0.004255090007000915907 2.954074015972655953 -0.003901587024634760141 -0.005065889790914341467 0.9999795569806992912 -0.03787848062090075352
0.9815864032858169219 0.1909310497242904803 0.005785078702495613685 3.996348318428994073 -0.190957185001879054 0.9815886875360939623 0.004359128046597252407 3.139426416630247019 -0.004846274917056269706 -0.00538356316476461174 0.9999737650894043872 -0.04833103256650665702
0.9802847223489477013 0.1975171095539196287 0.005371644321002578756 4.277778815725793216 -0.1975420193871116059 0.9802837062098420651 0.004583221133454982478 3.309825799599212637 -0.004360470812706991953 -0.00555398712287290524 0.9999750694498991122 -0.05667904720794907786
0.9795056606747825079 0.2013504950280197991 0.005161284532866141327 4.56819385901558217 -0.2013788292271229408 0.9794966903231100419 0.005727196974669123558 3.497328390733602799 -0.003902287171785637741 -0.006649195293024537899 0.9999702797367450158 -0.05746568990753016248
0.9786816711038335281 0.20534222472218841 0.004093579307896900651 4.85805272980436964 -0.2053680816513929752 0.9786564887682448477 0.007445000378573029924 3.670316966050020557 -0.002477435011166998803 -0.008126975941421150929 0.999963906637541089 -0.06402434480070695599
0.9780018318083768536 0.2085750872541312917 0.002974887626597858947 5.137396095754573899 -0.2085938940817184395 0.9779596000599044547 0.009143741165231228374 3.869597504228146967 -0.0010021633021635092 -0.00956313900366537184 0.9999537699519475131 -0.08240303321089749444
0.9772489303300632146 0.2120802476218541788 0.00254886982807236203 5.446892867285987982 -0.2120950683540514803 0.9772020519069651856 0.009582887284494757615 4.054245979045863812 -0.0004584197178081032159 -0.009905469068656651624 0.9999508345583257851 -0.08584592793274276046
0.9766496499667922659 0.2148202388264791873 0.002779606136938029062 5.828346186267723716 -0.2148370666169258647 0.9766050700489506964 0.009357989213429940972 4.306156818976785594 -0.0007042919683082202913 -0.009736639318499541035 0.999952349778530647 -0.07975913735959871964
0.9760838874017438993 0.2173677558373953433 0.003391677595871892686 6.161980647858836591 -0.2173890741627404199 0.9760493018265936627 0.008351696742918133728 4.513919603235231115 -0.001495054971029065099 -0.008889270275653114381 0.9999593720169834832 -0.08237828719052778248
0.9756301457273044431 0.2193993182798856523 0.003123761585029112466 6.575352303388640962 -0.219419716392434988 0.9755813775942248078 0.009796108901899755819 4.754635501842647827 -0.0008982240155262962702 -0.01024279403658567497 0.999947137784764073 -0.1153854519045124788
0.9753595459935801015 0.2206191619883422772 0.0009702591194054540659 6.864822612877753194 -0.2206128148278672652 0.9752740606260925649 0.01305728163201555492 4.954597547193514195 0.001934417980258994543 -0.01294959587995745016 0.9999142793227944193 -0.1203085687898549083
0.9748805819364707581 0.2227280985590034679 0.0002123099121651893185 7.177023597742886452 -0.2227024750548045051 0.9747530549647058784 0.0161272887193487334 5.187156924202089847 0.003385050615890308062 -0.01576946255469402827 0.9998699242816857513 -0.09200076065190616881
0.9746039387906292317 0.2239308381159016981 -0.001463637421362722112 7.498459039039338414 -0.2238537214896081651 0.9744034403765001739 0.02067478555374105409 5.426066085411173745 0.006055895395755397578 -0.01982208675064413284 0.9997851824306087654 -0.1124648875527859693
0.9740095369370191936 0.2264734648838540865 -0.003897647910625951992 7.837935362582843624 -0.2263023399865985996 0.9737167138375121267 0.02574902153609753136 5.709663437244007156 0.009626675039879331944 -0.02419774570033716293 0.9996608406008001824 -0.1487827365813612357
0.9738316280896750499 0.2271783975995411431 -0.006475785382305050859 8.211035144007780673 -0.2269122598412297576 0.9735006847116934869 0.02841202561610589247 5.904338232887250015 0.0127587799557439853 -0.02619909406771231408 0.999575320325623129 -0.1454708035582026882
0.973753480277355421 0.2273658159356713171 -0.01043769091535440285 8.574750539081605893 -0.2269668655330159268 0.9734329725295675084 0.03023722775599633691 6.231602218313831543 0.01703530445445313943 -0.02707459577088005415 0.9994882513896736764 -0.1653432210159786753
0.9737770730129682306 0.2270620783738851178 -0.01417831579659208779 8.944138772086811073 -0.2265699131224299112 0.9735350484600805432 0.02992630761592649999 6.487216588496580449 0.02059821696144610928 -0.02592917245806635948 0.999451545335565017 -0.2010515805128511579
0.9740489425550198366 0.2256812806016511297 -0.01722257511078032974 9.316091949714831344 -0.2251346134596091397 0.9738978473551425097 0.02893766990294780947 6.666045457760277237 0.02330371922762632456 -0.02430930897862793386 0.9994328362462089332 -0.2027101995618747488
0.9740890766723150351 0.2252178616401192546 -0.02067330418507677334 9.677463096674859599 -0.2246342662598523054 0.9740630483405252615 0.02721441308316862803 6.923802412119595573 0.02626627361416895151 -0.0218653299955812383 0.9994158244767840094 -0.1819613957616512678
0.9742122433187099251 0.2243297951975201932 -0.02422081655447228671 10.00645530216619505 -0.223683020996314319 0.9742941539405800544 0.02677326493298290769 7.18599189590831422 0.0296042410118745776 -0.02066505707342552664 0.9993480596520227799 -0.2065163042443926289
0.9748340837869839959 0.2215003643111825016 -0.02522097732453601471 10.39598663176302829 -0.2207895313192163589 0.974914304751799965 0.02817944730038651063 7.432786372820077148 0.03083004941663433293 -0.02190175792779898087 0.9992846546668471275 -0.1942961184916677519
0.9753858935908347183 0.2189461171303038467 -0.02617167127968788101 10.79569950814162382 -0.2181603784621604369 0.9754557650288523396 0.02986803879104509701 7.658328098204204792 0.0320687987498082111 -0.02342324199464526982 0.9992111608069660367 -0.1816401797691061248
0.9761807495058210105 0.215419778968058806 -0.02579657193516754141 11.25741306800919439 -0.2146890643755636763 0.9762696389666940533 0.02839362022331586369 7.930572848036601563 0.03130095736233407672 -0.0221790635779220667 0.9992638986809279089 -0.1777063942384278228
0.9774570713171599756 0.2095914438149554804 -0.02547744908037052891 11.663394857462551 -0.2088833345568288369 0.9775431990331487908 0.02787555503407163418 8.196455250782758384 0.03074778490396389008 -0.02192534386503436003 0.9992866720915973833 -0.1869827135221467929
0.9785658346619461323 0.204222001834272332 -0.02650058865706915456 12.06915328448125457 -0.2035777392597300783 0.9787367935786817075 0.02510762778954594293 8.520001020436579253 0.03106463117865832999 -0.01917453681640031091 0.9993334407631970784 -0.1765614686993159377
0.980002849759661121 0.1967907207560411764 -0.02945889826963881894 12.4980936162385472 -0.1961966267046281465 0.9803203327660969801 0.02188444276406579028 8.776166720975382418 0.03318581221949976068 -0.01566707980724871968 0.999326395367222009 -0.1719420723736193313
0.9810830317206926665 0.1906070474817158911 -0.03383841485704142116 12.88069854814377813 -0.1899780808438463753 0.9815647962812588112 0.0209494510720417762 9.072604655321111267 0.03720770980083713125 -0.01412459385730445091 0.9992077272418097289 -0.1970802174534314888
0.9819853627808534657 0.185489345272838807 -0.03603401274364601697 13.30935514394816366 -0.1848348936930963859 0.9825506213388861543 0.02074460363638008092 9.371544672228528938 0.03925314455705943006 -0.01371055421280821356 0.9991352317607262723 -0.18652514536133738
0.9829910912796577804 0.1799866252881936746 -0.03651478032516221328 13.7582347765037678 -0.1793760628227986653 0.9835895456922978397 0.01938643058972908118 9.670383982251218313 0.039404854409309506 -0.01250681103184812272 0.9991450530962933119 -0.1819619771463351354
0.983907191469526432 0.1752860175595315761 -0.03466194776218279455 14.2414500711582086 -0.1746886768570103665 0.9844287482187599192 0.01959351572312638748 9.977001826106812743 0.03755668718744654272 -0.01322315123429278379 0.9992070073407909314 -0.173550234155756683
0.9847161037172346143 0.1718545175265989156 -0.02828815804622952443 14.6280264503063222 -0.1712988494758527769 0.984994545528404486 0.02103448234545035947 10.31869888237721611 0.03147855219348066197 -0.01586726457181063255 0.9993784721849928721 -0.1531033723917535339
0.9856028061157783293 0.1678565169663397139 -0.02028049034496509986 15.09440145893748841 -0.1672986110399760362 0.9855461630683072238 0.02664460931281008998 10.65227871001949822 0.02445983075980141461 -0.02286810384064191098 0.9994392260192389577 -0.1367728081277828633
0.9860578489093501098 0.1650761805922580649 -0.02097077026095095151 15.53611658763326098 -0.1644414009740907401 0.9859585202962884987 0.02906582014723824159 10.97374159680786043 0.02547438419164819307 -0.02521211724995522582 0.9993574960412469066 -0.1466863363356477878
0.9862072331719211604 0.1625969601279618759 -0.03094384909040689968 15.95896264010494292 -0.1617262260178385924 0.9864141958507275376 0.02883855131918912351 11.27304846866870669 0.03521251279603435091 -0.02343635597332694234 0.9991050075749198234 -0.1823029498940768323
0.986502637094139545 0.1594959497900573231 -0.03706196172460239635 16.41000673973325519 -0.1587378840689772364 0.9870623704523314723 0.02258674386289950473 11.58023978078960603 0.040184961958577535 -0.01639874500051140618 0.9990576810148630305 -0.2143943276383369068
0.9866992418142888077 0.1566094272654584563 -0.04356711483094238835 16.8621182434304302 -0.1560674192792382842 0.9876232580263861749 0.01559682162700184657 11.91103234873991212 0.04547050519431129756 -0.008589964896967994951 0.9989287490409127779 -0.20248918599875812
0.9869398428216110686 0.154712477938175802 -0.04487533644980285646 17.34483810848012553 -0.1542834726809317603 0.9879425130959129664 0.01289189184115464154 12.26003657194083907 0.04632878920029884912 -0.005799998962181572917 0.9989094069550416011 -0.1820173680920051107
0.9876587593449740465 0.1521883052782245227 -0.03699857869822329587 17.81514752173826466 -0.1516596314377717247 0.9882914354308550697 0.01671510832089720053 12.66397859724511399 0.03910922245846784606 -0.01089763233744026928 0.9991755152765364745 -0.1401400498703522235
0.988048688584996615 0.151222966798670394 -0.02985637784588770355 18.3451005849409583 -0.1506114426170958032 0.988353103244841269 0.0217792713167670321 13.05254636058618445 0.03280216971886834587 -0.01702226832417823299 0.9993168967063622565 -0.07949132426717953059
0.9881987511891168197 0.1503211985139687179 -0.0294408801769571668 18.80186566918454361 -0.1495928156992377966 0.9884171615419917734 0.02556372939236378067 13.37942847660113976 0.03294264165855279036 -0.02085790129893550643 0.9992395760346765021 -0.1031046630398388536
0.9884468592991677571 0.1477756143041824566 -0.03369234569798929685 19.28010501227939599 -0.1469787696500102214 0.9888229810015224386 0.02502705566845761856 13.72048641528516377 0.03701415423565088819 -0.01978585505567909131 0.9991188479484985896 -0.1420647044196340081
0.9888602112971269786 0.1447801544099769355 -0.03455704562639385496 19.81245473572806404 -0.1441168725258709926 0.9893381925569290081 0.02098255946139030576 14.08719817252466022 0.03722646325886042745 -0.01576856484313525833 0.9991824371935410509 -0.1614756825505199445
0.9893208033100480137 0.1419593027569604204 -0.03304397825200451611 20.29900232135652516 -0.1414354415886096561 0.9897892901893547979 0.01769680448804433412 14.49224875372350496 0.03521880180523305481 -0.01283422717621618935 0.9992972123508565563 -0.1545589038968313289
0.9900437755451677591 0.1376186152806458951 -0.0295709186956878145 20.80403087570061516 -0.1371369775325028684 0.990393032765162773 0.01775077585552395712 14.90536229037260796 0.03172966904206864225 -0.01351877873407291916 0.9994050583842468694 -0.1481358163972390507
0.9908679629697120239 0.1322129450433479902 -0.02646539482452915995 21.31972465521515758 -0.1317147565299914835 0.9910906051294813279 0.01976449686492490199 15.33026666471023525 0.02884272650944497834 -0.01609812371188645841 0.9994543248895659815 -0.1332552907594814484
0.9915372513103798413 0.1272315584732536531 -0.02580716552284839649 21.80340431862646611 -0.126696321803327655 0.991710306667558994 0.02141750897849128282 15.74003756072672466 0.02831821508083278219 -0.01796658503453409106 0.9994374820451915609 -0.1259326777281226661
0.9921505576099136636 0.1226857430403999333 -0.02419668342898057337 22.33087405773628831 -0.1221908554062968721 0.9922849872310519626 0.02097376863962084961 16.16727298040800775 0.0265831880972691309 -0.01785252280479862272 0.9994871792774979724 -0.148625931016695606
0.9929329255310479496 0.1166125747402611823 -0.02203889309383039175 22.84586544819013199 -0.1161639731165076961 0.9930154117425200599 0.02064760014191674084 16.59310289082532819 0.0242927303146756729 -0.0179415566292393594 0.999543877876093112 -0.1230428414799832892
0.9936836371791805123 0.1099542384277181345 -0.02242531279905257691 23.35196594515969082 -0.1094917613598304917 0.9937678357870981527 0.02090556742471049584 17.0126670783350562 0.0245842103122465433 -0.01831813327846750633 0.9995299208110358657 -0.1291381552505924679
0.9944834217679742183 0.1023988808246345528 -0.02274187842997566628 23.89407306983506629 -0.1019526602652029434 0.9945884682523742359 0.01998584209494356015 17.45826038011654546 0.02466533789571129925 -0.017556993628130034 0.9995415814668403565 -0.1395938784633674323
0.9953175793430056872 0.09392902274759552805 -0.02280909766872228281 24.38416367029215692 -0.09353756383327488377 0.9954590336059634392 0.01766455672858483275 17.88535076435412563 0.02436473687351573686 -0.01544833641409477411 0.9995837676248655601 -0.1525600795540177357
0.9961380214869411942 0.08481941956392173576 -0.0226871816875023162 24.9113743352202448 -0.08445189425186258592 0.9962876602519288305 0.01669657410995896776 18.34478374405738421 0.02401915288586481748 -0.01471611683075886232 0.999603179366726935 -0.1630507601064734302
0.9967304839535455763 0.0778033682562279949 -0.02179399563450003935 25.44270993073077847 -0.07740406023889338794 0.9968262187462466617 0.01860379204876456277 18.81927751081510891 0.0231722639434431936 -0.01685602290119720889 0.9995893760318231847 -0.1588380297215462589
0.9972771652227169215 0.07089410868639475782 -0.02030470583149269342 25.96140748915955143 -0.07049870145182887682 0.9973198862704134582 0.01956981203730180294 19.30781108092619647 0.02163767129216329771 -0.01808507127802012199 0.9996022916029760896 -0.1478692022675449913
0.9978525016334561792 0.06351650422155520614 -0.01600120855830658786 26.46637197762829885 -0.06319254175656323358 0.9978009715014313219 0.01999809833821382041 19.76199340431113427 0.01723623074219755857 -0.01894399541472226514 0.9996719648902477884 -0.1602674467837615913
0.998083381799141911 0.05950210541082683047 -0.01700183602047529788 27.00442689881582581 -0.05917655427260126028 0.9980657533427386152 0.01904960442669492021 20.23636333192417425 0.01810244184661716216 -0.0180069835361320249 0.9996739719244066569 -0.1709136379416255902
0.9982299708023644191 0.05599246984401577698 -0.0200441690443293706 27.5448715831712434 -0.05565902972327210763 0.998308081078778442 0.01682402041936064893 20.70241735569545227 0.02095227439144925138 -0.01567860241138015892 0.9996575331703609901 -0.1556303638152737867
0.9983731740952809242 0.05448343639651013343 -0.01680953316845165343 28.08712600842870444 -0.05432447582618755294 0.9984755090475259109 0.009772878720929556104 21.15823018008648049 0.01731636720342361047 -0.008843810870403610858 0.9998109473476296527 -0.1745076803741676119
0.998457909887697781 0.05423675771879737234 -0.01183960703918907759 28.64335670678049084 -0.0540720788521986892 0.9984414978574092103 0.01381251768703631658 21.64366083095157123 0.01257030116152948497 -0.01315102537468303655 0.9998345053359095624 -0.1556568136220301268
0.9984237842289090947 0.05606753872543303319 -0.002525507334543410521 29.16513528109253173 -0.0559874386946673519 0.9981202428137262439 0.02492764717896434751 22.1527126128571652 0.003918391817522846529 -0.02474695914127899091 0.9996860678327093019 -0.1528364565061814395
0.9985223381856386249 0.05431181131708873872 0.00183501927564354338 29.65657422193194392 -0.05434278917510656365 0.9979759830861780756 0.03302723796877702483 22.62425913590383786 -3.753604870761395238e-05 -0.03307815494602529133 0.9994527673964447301 -0.1740180904526571759
0.9986015037759955471 0.0527109410020297417 -0.004073494200418237114 30.19906937986004536 -0.05255321947608868061 0.9980997504827943123 0.03217214958441030198 23.11975611231351024 0.00576157782368290957 -0.03191308171994923504 0.999474041401835267 -0.1790847140650399516
0.9985350062001959737 0.05259968415514763157 -0.01269309337999552194 30.77153452950094703 -0.05226372375265139064 0.9983079896983548807 0.02548844608711718987 23.66748755719486752 0.01401230074902468439 -0.02478771734565423865 0.9995945300453132898 -0.2646557122748692814
0.9984108058613971881 0.05223258755952360499 -0.02115702096307660665 31.2878997730042272 -0.05168031911084701446 0.9983288208354703652 0.02585942972805703802 24.1446820099855799 0.02247236871796971444 -0.02472493247909889405 0.9994416793180618264 -0.2732490879221280422
0.9984930570380226023 0.05256756159491420693 -0.01575647533012917642 31.84050071218597466 -0.05213813369655685009 0.9982874954537201972 0.02652718295218201017 24.62757816013986911 0.01712396161827137858 -0.02566569478318235509 0.9995239076929538502 -0.2660723825054885361
0.998662093582210475 0.05062678174249900243 -0.01053336662200974293 32.42397584821309664 -0.05007802978655832155 0.9976346331124180677 0.04708853095338244588 25.20973850578837272 0.0128923921245390552 -0.04649804065816590115 0.9988351808182662772 -0.2527917747232416579
0.9987004203510412292 0.05058053928085749773 -0.006251354790056769771 33.00012706724724865 -0.05016264838020524641 0.9972320808102275169 0.05488064968992083237 25.7260360939743542 0.009009944402571284233 -0.05449574340222864549 0.9984733520995445755 -0.193923534121974106
0.9988000297535355454 0.04895972357134255326 -0.001202510770888726502 33.55642755143437483 -0.0488434663012241102 0.9976224573347924895 0.04861839591112949305 26.2322089269080152 0.003579994974516588057 -0.04850132048829054743 0.998816702677160162 -0.2431943356956570712
0.9988233816278868638 0.04833532171082976364 -0.00394322058009094565 34.17317495655597526 -0.04813237170036541168 0.9979908142067905885 0.04120205763508826696 26.73174112763719634 0.005926812628262063086 -0.04096378197844848662 0.999143053550437088 -0.2864655106382609784
0.9986089418053837319 0.04880574656120134636 -0.01995445937467352562 34.73520542524268251 -0.0479991746432370664 0.998082685448657192 0.03907725989837178282 27.31148586831511693 0.02182339524225644645 -0.03806510357533064715 0.9990369299029439043 -0.338763257794626016
0.9984893595206488781 0.04795464720066769382 -0.02682071467921547103 35.22060493075671417 -0.04701496975623339208 0.9982936309966558008 0.03463262811761820548 27.83611755180253411 0.02843574410605162472 -0.03331933557819353325 0.9990401545152041152 -0.3914278396489910827
0.9987635747468750491 0.04549632753424439485 -0.02003511766224691168 35.76900540023008546 -0.04480997872849972613 0.9984347470086647469 0.03346822033056370133 28.35870259918348779 0.02152643874854186928 -0.03252906618150159385 0.9992389465429001305 -0.4058160595038473595
0.9989880349989939123 0.04420656720256309347 -0.008287662216461530451 36.31001562044402675 -0.04387508575043747722 0.9983651301364064867 0.03663391568080096028 28.85255884765408396 0.009893572622700522873 -0.03623322154986427512 0.999294386493228437 -0.4002837908611293072
0.9990112133445943066 0.04439208340161992367 -0.00243691260104463665 36.86236575150004313 -0.04424422606919013734 0.9980725752188465139 0.0435153197800308561 29.34583186373821206 0.004363951340231187435 -0.04336447310049517528 0.9990497877490472911 -0.3792100454693086431
0.9990693525695378829 0.0430795970966022998 -0.002139408861997153105 37.41415395071864225 -0.04293133941170861057 0.9979686224361159486 0.04706940332400372934 29.85755254848913509 0.004162793845610484982 -0.04693375061675204157 0.998889330306637846 -0.3875482866602838472
0.9990877749482229842 0.04236784666212039391 -0.005346355602095207576 37.94269887378879247 -0.04208778883148065614 0.998116316657224445 0.04463671643268554007 30.37473803687203144 0.007227446318423502193 -0.0443709814161275945 0.9989889789321422242 -0.4109920107365087616
0.9990997687188145626 0.0413280602073577974 -0.009573065627489656115 38.47595234801711683 -0.0408892284784386148 0.9982711952592039362 0.04222193399405605591 30.90295289808707224 0.0113014662964262963 -0.041792489220640959 0.9990623927985146091 -0.4672113910232834066
0.9991271895812953163 0.0410032805086871302 -0.007974335515156669857 39.03529446331486952 -0.04063894103807415281 0.9983131979873102191 0.04146366114627841881 31.42701452623310487 0.009661030518857898625 -0.04110340268001402148 0.999108189725936624 -0.4927506810836058682
0.9991424075145308725 0.04107945021830339966 -0.005189246171559649089 39.59991885179280047 -0.0408344996333303567 0.9983340413175918471 0.04076377786933492453 31.94581427227129566 0.006855154685538255091 -0.04051691888886504306 0.9991553363406465715 -0.5070360596732298442
0.9991732973001616891 0.04065187210685029806 -0.0003837401869458489196 40.11449392620091459 -0.04060146788011127078 0.9983237655864790616 0.04124536181454974137 32.43634213544045508 0.002059798121924455178 -0.04119568374770725405 0.9991489743137685897 -0.5061640928695062547
0.9991780205344642507 0.04053601873258594335 -0.0003383284516601282876 40.65494836379740207 -0.04048634167603189921 0.9983028952770220954 0.04185911393241043693 32.99111621638152769 0.002034556099340561249 -0.04181100891901983613 0.9991234659013130681 -0.5383804457261845977
0.9991843045844190918 0.04021677757144999366 -0.003651886350833395776 41.20779368396691211 -0.040027119884971471 0.9983061651759790323 0.04222120610954776393 33.49031455266693769 0.005343701513465020682 -0.04204059197251280855 0.9991016131909384868 -0.5847580237959666416
0.9991862737751159296 0.03985125344431472011 -0.006218351736283242275 41.76782918001977407 -0.0395544643297032622 0.9983267232153935078 0.04218054131474996415 34.04764741317288923 0.007888894155036860548 -0.04190025433015998751 0.9990906535625676543 -0.5949208841869372266
0.9992236547145988412 0.03875625077495490484 -0.007073958203792514096 42.33657402013164273 -0.03842751364644290957 0.9983850327558538851 0.0418408002318928357 34.57220590042898323 0.008684126539418914395 -0.04153648269848480429 0.9990992475981982368 -0.5934545164831711572
0.9992824219315998846 0.03741641475964763153 -0.005886690500614972198 42.89256204703939801 -0.03714044015614283156 0.9984465313279373699 0.04153446501663746876 35.06892345639616337 0.007431616481222692167 -0.04128602651920298267 0.9991197301078242887 -0.6013475070206327766
0.99938063040160241 0.0351582598726724177 0.00150078007096004053 43.43654108818891757 -0.03518973472523516388 0.998692698069202911 0.03707529356894494893 35.54671889937904439 -0.0001953152921229883655 -0.03710514231183467682 0.9993113480121974534 -0.633754049872882308
0.9994256708891292584 0.03277932449304764989 0.00859326792281814994 43.96889962259258056 -0.0330728279786099838 0.9987830605162809627 0.0365866925975591728 36.04533265934870201 -0.007383523367005875686 -0.03684988346671539544 0.9992935352893954626 -0.6596315501817712201
0.9994745478399033045 0.03054702993294408989 0.01084007299313718281 44.5061201640605546 -0.03094752756826375101 0.9987624602432156884 0.03893325758693205046 36.54892199207973391 -0.009637362586946664894 -0.03924827348043050806 0.9991830134020358578 -0.6935820623010816588
