1 0 0 0 0 1 0 0 0 0 1 0
0.9999999965309385175 8.253301159215954165e-05 1.124388108502860847e-05 0.8359827881133949923 -8.253349128332466771e-05 0.999999995683805154 4.266863695186134351e-05 0.3897490235107392564 -1.124035946538965698e-05 -4.266956480060274517e-05 0.9999999990264812899 -0.1044902015487049751
0.9999999859336525798 -5.778704453776730099e-05 0.0001574590490983082214 0.837715363601006402 5.776742291396062411e-05 0.999999990566908914 0.0001246158374842776587 0.3891167937255074483 -0.0001574662487939334935 -0.0001246067397279070814 0.9999999798387702032 -0.1035947982399545025
0.999999974808854053 -5.157215331507894853e-05 0.0002184550395885371686 0.8396288482504624673 5.154035463428767943e-05 0.9999999880772402205 0.0001455648005620246218 0.3883642756312177813 -0.000218462544074162076 -0.0001455535376448684388 0.9999999655441416113 -0.1033467822767576982
0.9999999730299149459 0.0001968459771844155415 0.0001232551442840847729 0.8412584265980400655 -0.0001968668128893521531 0.9999999663317612475 0.0001690560097943088667 0.3879844045616243631 -0.0001232218621388542765 -0.0001690802700822813286 0.9999999781141172273 -0.1045132179081336848
0.9999999899020985961 0.0001300040877221653038 5.739982508497341754e-05 0.8426395288638781622 -0.000130011223878728218 0.9999999838186410805 0.0001243374410051848703 0.388181196165456821 -5.738365978057865754e-05 -0.0001243449023711473689 0.9999999906227303725 -0.1053470077142161787
0.9999999946767264003 7.563308070754497562e-05 -7.018678199429556619e-05 0.8444966966936151564 -7.562976682300720922e-05 0.9999999960253619369 4.721667566776622653e-05 0.3879151430552003621 7.019035285797003325e-05 -4.721136720646265092e-05 0.9999999964222006099 -0.1090121282208176834
0.9999999995653977569 2.925591442649203312e-05 -3.646375531589594442e-06 0.8461088193909488409 -2.925654478789014958e-05 0.9999999846086656818 -0.0001729934191504626584 0.3872862995011189247 3.641314394799997305e-06 0.00017299352575562838 0.9999999850299903237 -0.1104553373333010124
0.99999998958833336 -0.0001408865375002152137 -3.121404790973054103e-05 0.8474649771667149833 0.0001408905834392400506 0.9999999816697235921 0.0001296549111451960647 0.3865870852210895325 3.119578070606727354e-05 -0.0001296593075606938318 0.9999999911076435932 -0.1083501625489969311
0.9999999677420029487 -0.0002533981615699553878 -1.747468736639329844e-05 0.8488019979463795606 0.0002533987362628472412 0.9999999673535717726 3.289279453478189638e-05 0.3857771193831608381 1.746635182224316125e-05 -3.289722153742145774e-05 0.9999999993063496406 -0.1070786760957866401
0.9999999979167886188 -6.372023464376422341e-05 -1.030313192305662706e-05 0.8507644723268572573 6.372009652905407078e-05 0.9999999978800291345 -1.3404891693286777e-05 0.3853994783181987072 1.030398606405835739e-05 1.340423514880086493e-05 0.9999999998570772153 -0.1082102043135371172
0.9999999607425670289 0.0002772775671686801666 -4.039820714793152738e-05 0.8525409668626982018 -0.0002772768455392524579 0.9999999613991524816 1.78674131034365464e-05 0.3833122026150618256 4.040315982136341138e-05 -1.785621091456435414e-05 0.9999999990243702008 -0.1073049573818228158
0.9999999926506847325 0.0001058815500769811962 -5.905698748176480673e-05 0.854051902943747443 -0.0001058846514150697717 0.999999993015377231 -5.25136750757953914e-05 0.382582874213785562 5.905142683995676583e-05 5.251992791838896676e-05 0.9999999968772931291 -0.1050109226537544183
0.999999993575047319 -0.0001009535258596277004 5.155861685021900586e-05 0.8551116403259686471 0.0001009553790597130597 0.9999999942580841683 -3.594221939388658505e-05 0.3810701212481484856 -5.155498806039873197e-05 3.59474242826674371e-05 0.9999999980249328901 -0.1007915332511271911
0.9999999970724394727 -7.37125076513751214e-05 2.053259080762363472e-05 0.8563387146601413313 7.371363195367613334e-05 0.9999999957837344411 -5.47615886342126275e-05 0.3798061705524521381 -2.052855410703158069e-05 5.476310200573661162e-05 0.9999999982897905815 -0.1033909930992130688
0.9999999793943109561 -0.0002029397413580186107 -5.18064096051614242e-06 0.8573659105994884122 0.0002029397363836716673 0.9999999794072700343 -9.606874488431894978e-07 0.3786144764049207412 5.180835815494996335e-06 9.59636071136736923e-07 0.9999999999861189925 -0.1044051474761555909
0.9999999627066554764 -0.0002729931203048200543 7.838619946528379938e-06 0.8586683354645674449 0.0002729939285455897221 0.9999999574022470084 -0.000103294816185093324 0.3775454493871499562 -7.810420838439103783e-06 0.0001032969522285377418 0.9999999946343685053 -0.1029324500324971248
0.9999999614093312283 -0.0002766445277034753074 -2.547825435625682684e-05 0.8598743651142666256 0.0002766429959140892189 0.9999999599279987272 -6.010535506163961665e-05 0.375669548392642827 2.549488115285566408e-05 6.009830436151798971e-05 0.9999999978691024305 -0.1033047980891521889
0.9999999941429317252 -0.0001070574125122244406 1.590115834087727412e-05 0.8605238288579646344 0.0001070577345884803647 0.9999999940641796092 -2.025542279017569067e-05 0.3737100242474086231 -1.589898975333759953e-05 2.025712501352760537e-05 0.9999999996684355574 -0.102406871705002761
0.9999999514846070747 -0.0003095162187850483151 3.507839670228326515e-05 0.8623033785740212842 0.0003095113001772706795 0.9999999422822744011 0.0001401363725251642141 0.3730395101200139063 -3.51217691577762324e-05 -0.0001401255085662215562 0.9999999895656515037 -0.1016007615900092337
0.999999997015029729 6.769423649078439974e-05 3.724823236762695052e-05 0.8646270352187015451 -6.76928102736514399e-05 0.9999999969758005536 -3.828945381954245027e-05 0.3716330170828859858 -3.725082423032283224e-05 3.828693226772288458e-05 0.9999999985732435093 -0.100076075814843235
0.9999999912488257703 -0.0001167291092577167248 6.226285762435763364e-05 0.8657208513163523467 0.0001167263582888437368 0.9999999922113237405 4.418494918818552516e-05 0.3702516321628404605 -6.226801480917372456e-05 -4.417768108488818871e-05 0.999999997085513459 -0.09886709932278803237
0.999999883506492937 -0.0004824727673393260433 1.438851140240508338e-05 0.8670777221443439764 0.0004824735072377842461 0.9999998822853889413 -5.146380335876878895e-05 0.3685121786899357987 -1.436367982504274741e-05 5.147073943913009795e-05 0.9999999985722238804 -0.1007353820088815743
0.9999999054460044778 -0.0004305893420479286028 6.083420579918892964e-05 0.8688790809254636205 0.0004305826971476900997 0.9999999013368827683 0.0001092005752176583068 0.3673222029528960264 -6.088122040093077767e-05 -0.000109174370735895754 0.9999999921872169129 -0.102363146209763084
0.9999999967869200868 -7.763474508955755279e-05 1.997513615017909033e-05 0.8704448023849000737 7.763355886213322719e-05 0.9999999952235751888 5.93791222103074004e-05 0.3658755921927040466 -1.997974593778579626e-05 -5.93775712786094443e-05 0.9999999980375569031 -0.1027668713006723855
0.9999998523596816957 -0.0005423222778592352161 -3.416375035754189355e-05 0.872062876416576982 0.0005423196283173745656 0.9999998499403518482 -7.751576993958372028e-05 0.3639897715421329116 3.42057837598651836e-05 7.749723082273494252e-05 0.9999999964120718232 -0.1012188383708782086
0.9999999229585401217 -0.0003921125594457947733 -1.818390650816263115e-05 0.8738003498162347782 0.0003921104853636707345 0.9999999166352213642 -0.0001139250529346758664 0.3624031097258531009 1.822857643635650507e-05 0.0001139179140573167619 0.9999999933452139445 -0.0997395003045453421
0.9999999978171911774 3.223492303309568626e-05 5.767605572100666079e-05 0.8746250243410327307 -3.223921912034087095e-05 0.9999999967061511397 7.448711595108051763e-05 0.3613904478685153743 -5.767365444458081143e-05 -7.448897521948777444e-05 0.9999999955625710202 -0.1000482747048092314
0.9999999813402513649 -0.0001471285884860217452 0.0001251905558874170563 0.875233178216367147 0.0001471291089824368651 0.9999999891679078878 -4.148433799134166903e-06 0.3612684138919557975 -0.0001251899441781321055 4.166852896666166945e-06 0.9999999921550575266 -0.09589983402353943753
0.9999999597362996262 -0.0002772829594740804874 6.034533545004764157e-05 0.8763936651745654061 0.0002772834406986029575 0.9999999615252150864 -7.966290414094593701e-06 0.3606171621830704943 -6.034312421169179619e-05 7.983022855585963898e-06 0.9999999981474892996 -0.09694752421796960784
0.9999999567811361789 -0.000290548759726358657 -4.493488560470844368e-05 0.8770668423289957882 0.0002905462613133572166 0.9999999562459053193 -5.559727924444645087e-05 0.3599085090111977525 4.495103735915184092e-05 5.558422117858022017e-05 0.9999999974448993134 -0.09927240523116251381
0.9999999691595401474 -0.0002480709589660729203 1.190454148531611581e-05 0.8781360711378733974 0.0002480692944336470728 0.9999999594837050143 0.0001396216799135727735 0.35965554221754098 -1.193917708701681569e-05 -0.0001396187224563691332 0.9999999901820341153 -0.1009679885703012037
0.9999998485428046591 -0.0005502787342397943635 1.037700924886023523e-05 0.8794818264840569277 0.0005502779923506803108 0.9999998460508302545 7.136138200577589897e-05 0.358719776131769752 -1.041627630229201834e-05 -7.135566095776505195e-05 0.9999999973999353919 -0.1022814441667087015
0.9999999100397788387 -0.000422346683573971717 -3.929011385977883547e-05 0.8811886290642105823 0.0004223470872764877948 0.9999999107587573821 1.026718382694967314e-05 0.3580305878608118775 3.928577404244130213e-05 -1.028377696845898513e-05 0.9999999991754359163 -0.1041786310485011136
0.9999999369976871888 -0.0003486428399758492117 -6.672924219327618079e-05 0.8820400165721078434 0.0003486429814625212537 0.9999999392218106298 2.108689291412094274e-06 0.3576904993467149851 6.672850295817047534e-05 -2.131953840508790175e-06 0.9999999977713808219 -0.1055070477829232189
0.9999999072198049177 -0.0004231143235812593771 -8.083718710347415157e-05 0.8828495822974046225 0.0004231164188028227902 0.9999999101507435206 2.590368767005166246e-05 0.3574415523185907051 8.082621961902621368e-05 -2.593788880781578086e-05 0.9999999963971740735 -0.1068741297246716543
0.9999998255785990109 -0.0005888275709671090879 -4.609623963744659194e-05 0.8831252548074073339 0.0005888247696245957688 0.9999998247966934706 -6.076160743737342131e-05 0.3567100168666752502 4.613200967094840027e-05 6.073445423156364267e-05 0.999999997091581827 -0.1012654945019559882
0.9999998765037815263 -0.0004968584850669669319 -1.11385581333150497e-05 0.8845163547680716665 0.0004968587199840990114 0.999999876343144023 2.10976065671748937e-05 0.3562601855655109229 1.112807423111846564e-05 -2.110313825143685001e-05 0.9999999997154117581 -0.1006249584192769886
0.999999941564526651 -0.0003416056371789429427 -1.328652905946608351e-05 0.8864780908175335927 0.0003416065398473579467 0.9999999393407705828 6.79957877520773028e-05 0.3552301891044384874 1.326330050911493705e-05 -6.800032254392985101e-05 0.9999999976000204516 -0.1009536853261051026
0.9999999046210654718 -0.0004345615316285032391 -4.375083147139408204e-05 0.8879503046486969531 0.0004345641194994965834 0.9999999038271684126 5.915809269363717457e-05 0.3548579565591439833 4.372511943238356467e-05 -5.917709959275706179e-05 0.999999997293092413 -0.1040760773030530439
0.9999999716521000837 -0.000222645766047219006 -8.440771242142286002e-05 0.8881581396992215272 0.0002226520590789225762 0.9999999724339467821 7.455310977853957352e-05 0.3542351164627487448 8.439111116039753606e-05 -7.457190121608824832e-05 0.9999999936585859395 -0.1051197367796412596
0.9999998761637698408 -0.0004965391875175732437 -3.348552258052243637e-05 0.8882448613665905324 0.0004965382752430121203 0.999999876353672601 -2.724666279599829459e-05 0.3540880973629617623 3.349904747596784457e-05 2.723003257824654628e-05 0.9999999990681696094 -0.1022271298309368887
0.9999998984545237501 -0.0004451714063778458271 -7.009537177351271727e-05 0.8887190600038368249 0.000445171026843845896 0.9999999008966308223 -5.430046349517055161e-06 0.3534177910316713689 7.009778212819532867e-05 5.398841369490996536e-06 0.9999999975285767118 -0.1033991350613947119
0.9999998735219634005 -0.000499400533076076983 -5.96252015390354799e-05 0.8885433591627774907 0.0004993962490839935981 0.9999998727210511751 -7.184196371768341975e-05 0.3530750323231852672 5.966107186498034661e-05 7.181217802925344478e-05 0.9999999956417837677 -0.1011732767944011346
0.9999998948735349114 -0.0004570975895111765866 -3.625896906690024934e-05 0.88912933341361855 0.0004570982346117203709 0.9999998953724400508 1.778518375347529922e-05 0.3519933056859211318 3.625083570859006496e-05 -1.780175579453112091e-05 0.9999999991844872316 -0.1026375111779940508
0.999999830946343593 -0.0005811491071742000587 -1.931319147868239665e-05 0.8889031515041285747 0.0005811493635978708756 0.9999998310445925576 1.327416706240041455e-05 0.3507927557250122841 1.930547394527746586e-05 -1.328538866729081645e-05 0.9999999997253985473 -0.1028613334757314257
0.9999998736392202714 -0.0004978551288060095422 -6.972671140256759496e-05 0.8895243469322855479 0.0004978537099489014576 0.9999998758634732754 -2.036471039530760905e-05 0.3492780559295197707 6.973684142245278829e-05 2.03299941200526194e-05 0.9999999973617321736 -0.1049165161976362282
0.9999999523991451866 -0.0002897258416592322266 -0.0001061161813408796888 0.8901300978418699161 0.0002897210968646832664 0.9999999570306413732 -4.472584790773786719e-05 0.3474586280195207655 0.0001061291350150644225 4.469510168229610578e-05 0.9999999933694773135 -0.1047553082090297433
0.999999868288086402 -0.0005094555477405565995 -6.228045278646700473e-05 0.891428584080879105 0.0005094566827791885844 0.9999998700611313351 1.82101308535000361e-05 0.3465069408889658309 6.227116744162702476e-05 -1.824185764788743217e-05 0.9999999978947681223 -0.105356430953401331
0.9999998685449364988 -0.0004888944003164176271 -0.0001545715852710258654 0.8920391020336722043 0.000488895491993337713 0.9999998804659172569 7.024891890761669266e-06 0.3460105923849993159 0.0001545681323641449824 -7.100460318533327814e-06 0.9999999880291379206 -0.1074675979177340535
0.9999998959621607675 -0.000442660902192323338 -0.0001101226287068990151 0.8930591456012814122 0.0004426722744468176681 0.9999998966886821661 0.0001032660756653706809 0.3455633394028730931 0.0001100769054757652301 -0.0001033148131563090455 0.9999999886045620734 -0.106900885031734838
0.999999991828630419 -1.896923769918324251e-06 -0.0001278246487766783641 0.8936193363435858128 1.890653153628032746e-06 0.9999999987949428348 -4.905649664307746552e-05 0.3443811528630913998 0.0001278247416790769203 4.905625457014337987e-05 0.9999999906271596073 -0.105993619407682288
0.999999961180379926 -0.0002564319427336225559 -0.0001090041165552363981 0.8947825790747998553 0.0002564288406341439517 0.9999999667168089079 -2.847157679481287948e-05 0.3423906273499681685 0.0001090114139489817448 2.844362389032447538e-05 0.9999999936537359302 -0.1051270611006761696
0.9999998539908910855 -0.0005318818931467946941 -9.549789711366739428e-05 0.8944854624969407197 0.0005318889587787216724 0.9999998558107474622 7.397715719631743213e-05 0.343135099012801148 9.545853623347779404e-05 -7.402794067203997822e-05 0.9999999927037659386 -0.1056532234129782671
0.9999999173617830639 -0.0004031806587717645684 -5.217071481636837256e-05 0.8946305936055830577 0.0004031816923873372035 0.9999999185261752022 1.980317943584779911e-05 0.3424365865240835971 5.216272630688996973e-05 -1.982421207644108314e-05 0.9999999984430253397 -0.10306900213978476
0.9999999364578191496 -0.0003449052617811713441 -9.013721813341341255e-05 0.8950007427372860258 0.0003449102711456460049 0.999999938974702629 5.556523901795358284e-05 0.3417465139544960673 9.01180478894534503e-05 -5.559632473956381988e-05 0.999999994393893088 -0.1053146561167173645
0.9999997888934508694 -0.000638954301175788256 -0.0001181120429259070341 0.8951894556823882798 0.0006389611942670455486 0.9999997941629583664 5.833209431469460048e-05 0.3416033220294006911 0.000118074747071514563 -5.840755101241272465e-05 0.9999999913234559612 -0.1067612342733377934
0.9999998080255043664 -0.0006091330531496878678 -0.0001136040399348600709 0.8960648977454164221 0.0006091462633346316326 0.9999998077093683602 0.0001162843767201520757 0.3424977183030000205 0.0001135331854324423084 -0.0001163535558729435432 0.9999999867860328573 -0.1084735458502666672
0.9999986715584063823 -0.001577411363650985544 -0.0004106760431424345131 0.8978441279134539155 0.001577558008783178133 0.9999986919287419118 0.0003570035492270685526 0.3438203735984048937 0.0004101123644934915615 -0.0003576509402495794141 0.9999998519468157321 -0.1026792015665671104
0.9999977066717058438 -0.00169850139758574519 -0.001304509230060129938 0.902600725657674241 0.001698841885988372274 0.9999985231813058872 0.0002599450975621572248 0.3474415426431612941 0.001304065786425007232 -0.0002621606563433946701 0.9999991153417161494 -0.1044246480822567519
0.9999966858482050025 -0.002257358629549018926 -0.001237992174441978916 0.9121378915360303097 0.002258145516327339421 0.9999972490357533772 0.0006345862844731846178 0.3519639981384961591 0.001236556279944320312 -0.0006373797478358753489 0.9999990323373435519 -0.1048858235035068226
0.9999929995433284313 -0.003642957398293818552 -0.0008542398556550995269 0.9250947580858079888 0.003643496726061895043 0.9999931635826951881 0.0006306500458210646766 0.3567375382031280351 0.0008519365844648096354 -0.000633758051100094858 0.9999994362772354206 -0.09816952785556767869
0.999984503117381851 -0.005536394197084693221 -0.0005846916943165086141 0.9408898053377106052 0.005536940524807521836 0.9999842320942825546 0.0009369377955784818825 0.3586249953740605068 0.0005794952179785287484 -0.0009401606791002227763 0.9999993901414089281 -0.09416134517898783196
0.9999727120682563308 -0.007360456583977949795 -0.0006315043399756447131 0.9610578361379917833 0.00736122631193396413 0.9999721550582775231 0.001225338846486182659 0.3603358815517406777 0.0006224677023938773564 -0.001229954055886906114 0.9999990498730385591 -0.09393708100312114784
0.9999497802498832355 -0.009935630914210756559 -0.001311570259989298286 0.988541407820311302 0.009937991281683484016 0.9999489868216392408 0.001805570176523810808 0.3604625627426710777 0.001293563873758045695 -0.001818513875049816578 0.9999975098467949186 -0.09439186604481591969
0.9999185566045382112 -0.01269840926158690396 -0.00127693387542424249 1.023652639198804559 0.01270161752812283204 0.9999161138597391085 0.002536563779321025607 0.3651845079881527179 0.001244616433382128616 -0.00255257631864837459 0.9999959676339056358 -0.09707583336710792765
0.9998780360108318055 -0.01561270730104103062 -0.0003955677611636009418 1.064484245689347741 0.01561424400616901256 0.9998691155012309206 0.004236419585205836863 0.367606401608018829 0.0003293740084872354449 -0.004242079386117217354 0.9999909480966536757 -0.0935082965328514204
0.99983918126258986 -0.01791680526407303867 0.0007744038243441418896 1.111517648316293183 0.01791190099955491596 0.9998219624936421912 0.005933558623968973947 0.3709564620668146517 -0.0008805763658069549246 -0.005918733351927389814 0.9999820964301174842 -0.09502453691670575964
0.9997880070116776929 -0.02043408171608922935 0.002527714390059612997 1.165817890539134982 0.02041466839615391909 0.9997636076824339968 0.007481314595663691308 0.3754523878234574674 -0.002679990651588364577 -0.007428126158352723468 0.9999688198098393155 -0.09623584486240263636
0.9997310633955042158 -0.02262952326328579802 0.005070064986825114674 1.222417527360582845 0.02258802863332647418 0.9997120663124998696 0.008097248400037114144 0.3767906093018803526 -0.005251842015354835948 -0.007980547980451417264 0.9999543634633419886 -0.09754772496518664127
0.9996783389970819167 -0.02418365411313283531 0.007639987812278337467 1.27649644996539724 0.02412372199496633229 0.9996782255263859662 0.007841648138354582673 0.3792320016943034888 -0.007827169165476483351 -0.007654820843921534765 0.9999400677744153532 -0.0979085869716982693
0.9996229079859373368 -0.0255945166608958774 0.009947992090537946183 1.326555967418037163 0.02551761627849684355 0.9996440840161728847 0.007781808975427197649 0.3816186761016279183 -0.01014362308061941831 -0.007525025472499734074 0.9999202372701717634 -0.09900978001225652081
0.9995548054247977987 -0.02723369278739367835 0.01218675220707127541 1.373558599274336434 0.02713804451212806571 0.9996001115015433758 0.007946296380067290402 0.3827495695430931932 -0.01239828585944245665 -0.007612034108172158892 0.9998941641216252396 -0.09670333069530148706
0.9995154481124666201 -0.02833480728405446403 0.01288439679265197813 1.414536700210364373 0.02823302288530873255 0.9995692410118742766 0.008014289843980266712 0.3838189547232980781 -0.01310593008117469892 -0.007646641035198784887 0.9998848751119231437 -0.1021798953244926061
0.9994698941807406145 -0.02976286458837528945 0.01319479131449554504 1.451291521999750866 0.02966148369194022971 0.9995294606059246245 0.007813690934649137471 0.3847815304591385988 -0.01342114047060884857 -0.007418171764221321955 0.9998824149449497822 -0.104889696074644323
0.9994225971896929517 -0.03092570707296256327 0.01407383631587374659 1.48262942245581697 0.03082547449222711178 0.9994982407418657733 0.007284015118356848215 0.3842238436932758905 -0.0142920379560701246 -0.006845976625194444103 0.9998744272432961155 -0.1030223914846655486
0.9993952342754680584 -0.03148661524582511972 0.01475665164743317388 1.506235223511249277 0.03138301374232187885 0.999481495372022799 0.007200476189413787531 0.3855985523666042303 -0.01497571887862332932 -0.006733013386772069599 0.9998651881002768027 -0.1044335163345476714
0.9993664315693585598 -0.0321333599555586602 0.01530302683435676506 1.52450600201548947 0.03201808951530978054 0.999457482770072958 0.007718942848527975652 0.3861783918661599868 -0.01554276024765722554 -0.007224078686983600311 0.999853106856706253 -0.1013502541310297156
0.9993537934640236431 -0.03235345350735910341 0.01566044492384674816 1.53523083826104112 0.03223715706730845981 0.9994511808203687675 0.007622523269113380857 0.386514592098924803 -0.01589846512350700722 -0.007112749322002266672 0.9998483122973199633 -0.102420425728942055
0.9993529742692719431 -0.03247062990869388488 0.01546903398705355877 1.540091312100544396 0.03235354470036163471 0.9994463609748497346 0.007760133984154963908 0.385954378780948848 -0.01571244616479832226 -0.007254634895221767632 0.9998502334390162449 -0.1048579136452805205
0.9993557042826161085 -0.03277861411298427924 0.01461980761256807815 1.540387729855892562 0.03267002077097785895 0.9994372518802684402 0.007605872523310097146 0.3859642715507441979 -0.01486089030375739931 -0.007123342673846060936 0.9998641967430029753 -0.1061492920910917237
0.9993537396779306192 -0.03333489626277258422 0.01344944916660282229 1.54184162612861142 0.03323861878051991708 0.9994206405702216189 0.007319660085770854363 0.3866903336506019029 -0.01368565721104075296 -0.006867888566229693285 0.9998827605741303914 -0.108947411231250707
0.99933909638227858 -0.03418417719470533828 0.01236173415714467323 1.550633611402019385 0.03409386099267078946 0.9993909080994715088 0.007444558464151796416 0.3858692703490143039 -0.01260869083066797763 -0.007018179082548458778 0.9998958776182157449 -0.1050749517604016858
0.9993326898855212637 -0.03441457833158918095 0.01223975998243031701 1.568519469367435804 0.03432272552789271403 0.9993816219031665948 0.007637035716376089876 0.385180577043032546 -0.01249501654682905194 -0.007211837522793676861 0.999895926564879689 -0.1050379085882633817
0.9993082779746758071 -0.03489223837771136122 0.01286457431402035327 1.596044013117566607 0.03479745010070743605 0.9993660935350048291 0.007519877596920784835 0.3848109384857668624 -0.01311880473887625659 -0.007067021549200287397 0.9998889709205949217 -0.1064015358956919288
0.9992664306601757307 -0.03572273664844213131 0.0138016898247396106 1.629640842213114116 0.03561940424693844226 0.9993360580790828784 0.007661661964154742321 0.387674560021736947 -0.01406622183692035621 -0.007164433634687483558 0.9998753983841830451 -0.1087330883447984731
0.9992381159578944683 -0.03616081567821460147 0.0146827458741056998 1.670238417863886937 0.03605223400721090099 0.99932105470408783 0.007593816444893960842 0.3902525429923587863 -0.01494737568962140745 -0.007058685047204248629 0.9998633661282914087 -0.1116430329682406575
0.9991690447077741233 -0.03754749147853103652 0.01585578700108374386 1.716846140988176339 0.03742334427048827489 0.9992670340123489536 0.008055311277390541855 0.3927465553180847224 -0.01614662198004924651 -0.007455241098232978647 0.9998418404821837191 -0.1113895285342756808
0.9991289264099149081 -0.03807075180031733314 0.01708819090277163485 1.77155960115727118 0.03793530510432437108 0.9992467014966825989 0.008181819763444630328 0.3949376808416979467 -0.01738680642362920581 -0.007526447060752275084 0.999820509670125257 -0.1116914880925442555
0.9990604508345936052 -0.03914213809867349986 0.01860399428195162394 1.83327666507119158 0.03898434358019036566 0.9992013333606096781 0.008770197603332944777 0.3973714260829968037 -0.01893242017810153541 -0.008036693066442786304 0.9997884651418796897 -0.1075867534792382396
0.9990199766007722415 -0.03940062332161198277 0.0201662399683466588 1.900672398304466437 0.03922934109996181057 0.999191306800373602 0.008819932620180081714 0.4009137515239526439 -0.02049744251011193646 -0.008020180573410739047 0.9997577364312388859 -0.1095588086592000632
0.9989272358689759157 -0.04001988615780179004 0.02329777137590501729 1.96951650777576126 0.03980310372224133558 0.9991605020531308945 0.009695569658963841195 0.4030241220054373574 -0.02366622853865509024 -0.008757844989031647251 0.9996815541850836428 -0.1118112457950975192
0.9988348160460029934 -0.0406387944740087409 0.02602880400722861615 2.03571953762874136 0.04039686668540407727 0.9991361013578821115 0.009754185018425782019 0.4038082879570499273 -0.02640271607901607809 -0.00869133747309746782 0.9996136039673427787 -0.1107054811194836397
0.9987935218195890252 -0.04056888067768115586 0.02767068289331355707 2.096841073219798623 0.04030537200422227434 0.9991372118412383818 0.01001543317672791249 0.4057319236423526654 -0.02805312386925032375 -0.008888072607506953063 0.9995669184234241555 -0.1117329918014784429
0.9987726741039597567 -0.0408192424624091027 0.0280523601149803084 2.151268682826035672 0.04056384138223921576 0.9991306928866771075 0.009614224051121167403 0.4078467538715536689 -0.02842041934141750076 -0.008464512778871377541 0.999560219190356869 -0.1176399491448833212
0.9987678685325310779 -0.04069592126072310578 0.0284004714701296887 2.201677027405978038 0.0404368935670563201 0.9991356263412772831 0.009636275954434836422 0.4076458395152260383 -0.02876807997818388307 -0.00847597595351030908 0.9995501765324261711 -0.1167923444945164202
0.9987289275206873151 -0.04130681821591724451 0.02888383808040172543 2.247022217696100554 0.04104718078864443009 0.9991118057882557579 0.009525150068901698172 0.4089454044038849378 -0.02925163726498121106 -0.008327442789231611492 0.9995373907032742977 -0.1193955101259006196
0.9986929043243158999 -0.04194361277217973499 0.0292098647699760329 2.288168671687998756 0.04168665218004963258 0.9990869703169542593 0.00935140486285243773 0.4094217292623242299 -0.02957542700084665049 -0.00812152020910235535 0.999529556855229151 -0.1222454745000040865
0.9986804556453668935 -0.04204208846066455341 0.02949254668264591345 2.323780819485274485 0.04178611589175808966 0.9990838260138747984 0.009242787250510510477 0.4088427441076221136 -0.02985411245779975506 -0.007998212009148897988 0.9995222661722017454 -0.1264277592089782243
0.998687312929551374 -0.04154698798677278898 0.02995828404263687489 2.352017548132137925 0.04128752812265341215 0.9991046896954669521 0.009228166125818358656 0.4081834262105304978 -0.03031486458939669504 -0.007979148936544234669 0.9995085503221945444 -0.1227977549714915073
0.9986614134355629169 -0.04200280011669339786 0.03018519665731418666 2.374333646438190115 0.04175056225639663804 0.9990880778445586641 0.008938862351539464748 0.4062544196579360722 -0.03053312735633837566 -0.007666647978231570792 0.999504352488081671 -0.1222615384944021888
0.9986545384343357146 -0.04230126487367177196 0.0299952638693397021 2.390891788157887277 0.0420518263587083968 0.9990758002720058206 0.008898831987865490206 0.4065935565084289327 -0.03034397410361554248 -0.007625503323629400677 0.999510427626775888 -0.1213839588480885301
0.9987000589216179502 -0.0418350094724235233 0.02912085665633757509 2.407971530855414599 0.04160179668132285569 0.9990975238627199939 0.008569032866523225433 0.4067492109153637569 -0.02945306134924858751 -0.007346413670895123732 0.9995391675083741267 -0.1234669543066169439
0.998717039537034168 -0.04209643032762879628 0.02814543465738492817 2.427477732346946304 0.04186865778117919434 0.9990858178589138161 0.008633889551517080763 0.4049800151795716063 -0.02848316053362991845 -0.00744440104080828103 0.9995665512906877215 -0.1255316723359376219
0.9987273984813787031 -0.04230552842890872994 0.02745588802002371653 2.451808227560460907 0.04207327023585537285 0.9990741456250328278 0.008982843384551953553 0.405008595014932804 -0.02781049180215936639 -0.007816252808187394707 0.9995826542801553583 -0.1243222638160722537
0.9987263495253164702 -0.04232793048909713057 0.02745951682651287876 2.484179599154311635 0.04208149120632098672 0.9990690960730769232 0.009491542002078993609 0.4065781140851735809 -0.02783571198456601462 -0.008323915679237842494 0.9995778536792805369 -0.1270948417003810449
0.9987188160415269023 -0.04215662955264519451 0.02799187505994969044 2.524969679453786142 0.04188735036352991825 0.9990709054513715603 0.01013783803872743937 0.4082814590265915755 -0.02839324504408894875 -0.008952344125290355448 0.9995567413461472484 -0.1298287166518082292
0.9986513366419167426 -0.04299352973955873625 0.02910436777954082677 2.572400666146180903 0.04268076589490312628 0.99902503840668333 0.01128383175829253925 0.4117096576769359029 -0.02956112389503433649 -0.01002641696014361025 0.9995126867213861566 -0.1266676037483930317
0.9986113898441607573 -0.04300550757744095454 0.03042726395061337227 2.622657965084537857 0.0426398136901076294 0.9990114648086902971 0.01256739707608044501 0.4145568531068817286 -0.03093765281960700678 -0.01125253299491425253 0.9994579741736077105 -0.1297140086486107402
0.998589516005568667 -0.042548032427377383 0.03175914766367393671 2.672569055450460418 0.04212975804658349033 0.9990178649317781323 0.01372548848266776957 0.4167889872931470063 -0.03231194842005875173 -0.01236812369401091467 0.9994013045346644697 -0.1310561903182368426
0.9985685541063668014 -0.04212969863588721109 0.03295347087590973223 2.718313486530127943 0.04165465631597875529 0.9990198852791364326 0.01497192118796707681 0.4196734976937329664 -0.03355193522165001579 -0.01357782418910812548 0.9993447404840692938 -0.1308747953228796557
0.9985513488683307459 -0.04187335625878928214 0.03379091163111497959 2.759359374416541222 0.0413658642436141033 0.9990225746594313394 0.01558077649604977001 0.4215565046664482285 -0.03441030294281346991 -0.01416041512334581878 0.999307467046513298 -0.1323102254446537063
0.9985258126429409353 -0.04197547157798186407 0.03441309738399744855 2.794291682468097449 0.04144802019589336611 0.9990141383371535788 0.01590009510397128942 0.4229632517585385498 -0.03504658482071072029 -0.01445030062941780706 0.9992812045185900383 -0.1318003232740748709
0.9984940799542918466 -0.04231393462010718531 0.03491565885383560858 2.822810706985192652 0.04177601922245123556 0.99899896425857726 0.01599480003673548964 0.4232767900534470384 -0.03555750995440370987 -0.01451207591129069149 0.9992622594387258195 -0.1319707326351198806
0.9984804840353442845 -0.04234018530078612064 0.03527083369073630292 2.843882043522801162 0.04178919996780977586 0.9989948584080888816 0.01621529032280260782 0.423076496156864601 -0.03592193990578586987 -0.01471671100815204018 0.9992462322423375509 -0.1345850822256979273
0.9984749649675632721 -0.04214405639258578945 0.03565982114091113819 2.857003814139464026 0.04158731683913236693 0.9990033180001623991 0.01621313365108886101 0.4223383178724785525 -0.03630756685795458183 -0.01470541177407151158 0.999232461168776398 -0.1351016341996190695
0.9984771895074863179 -0.04200592095836151035 0.03576037804150206806 2.862807772671358553 0.04144456154120044339 0.9990078813962749438 0.01629727666770960579 0.4209205931933504563 -0.03640948162071121208 -0.01479038581532299279 0.9992274986886344745 -0.1337411954980738393
0.9984724046933982633 -0.04232787125796530492 0.03551349575234381134 2.862198783489060538 0.04176618464480536669 0.9989926085214780871 0.01641200596115048246 0.4208510767159377997 -0.03617240503475891572 -0.01490367183689740756 0.9992344257879526292 -0.1337482250121673488
0.9985047717689724545 -0.04183421807231987172 0.03518691451192788172 2.859631863418415687 0.04128174646240368589 0.9990148390641391263 0.01628400253825967176 0.4208979101500335274 -0.0358334782515730213 -0.01480707695427466164 0.9992480734574694656 -0.1345734826777231219
0.9985289366200967853 -0.04156991895238721507 0.03481241977557393563 2.859646129535323489 0.04102861000007858305 0.9990278907941889663 0.01612223857829750764 0.4198428890987006556 -0.03544877845286441981 -0.01467021654939186341 0.9992638134409720374 -0.1352131056104620699
0.9985218231372634534 -0.04186670578184577968 0.03466046257065572705 2.860276225673437978 0.04133434301608353983 0.9990182708859088878 0.01593632716649150821 0.4184311485362470773 -0.03529363690616498656 -0.01448010300740539165 0.9992720779701745881 -0.133459028106262978
0.9985163058339540099 -0.04198444543046221666 0.03467698553234007525 2.860830298705118402 0.04144726849762853799 0.9990114922327760771 0.01606743043947504029 0.4184158950058772808 -0.0353172892192913368 -0.01460632495662136238 0.9992694052924179227 -0.1321987632078996389
0.9985084450631045438 -0.04227134794661293465 0.03455456960283855711 2.861451026373943662 0.04173327707487521632 0.9989982919223849844 0.01614764133702124155 0.4175333606963025357 -0.03520253857682321963 -0.01468148081542746709 0.9992723529643025016 -0.1292526764454548505
0.998512865967374541 -0.04197856680738775575 0.03478299047548410322 2.862979402068259294 0.04143466597418241776 0.9990096584969234694 0.01621328731221291855 0.4165152582977375006 -0.03542915400101821072 -0.01474795438893533941 0.999263365128590153 -0.1281462579174513505
0.9985064656179163389 -0.04203836600070223056 0.03489432479942555787 2.863771799250300898 0.04149344998246226601 0.9990074916343477662 0.01619645847095735683 0.4160865775732569549 -0.03554056453926562192 -0.01472438258262623659 0.9992597564346273886 -0.1298594951689502341
0.9985109056975993713 -0.04205969596395633947 0.0347412316761998366 2.864441306627574679 0.04152156859547907058 0.9990083848697551838 0.01606879899973780168 0.4154646903785592649 -0.03538263054566127136 -0.01460236060856610722 0.9992671517268676418 -0.127298926528780415
0.9985001335411652912 -0.04234574786481555553 0.0347033277373306609 2.865132122515553714 0.04180539533679245717 0.9989952160904602696 0.01615138226620684361 0.4128451930133359982 -0.03535240075312575531 -0.01467637101412055771 0.9992671374036306009 -0.1288866054415112039
0.9985001526334551514 -0.04222034317110046064 0.03485524083235334858 2.865398588769291877 0.04167576470407041711 0.9989997520787979868 0.01620573919422053227 0.412795092991652568 -0.03550458882028913188 -0.01472881424333430216 0.9992609700191874555 -0.1286825069156452006
0.9985093856504350107 -0.0420862563886765309 0.03475275228204790373 2.864707029835233065 0.04154313381847468678 0.999005281265776035 0.01620543228759794424 0.4134477061462628056 -0.03540020904643229049 -0.01473753799907573034 0.9992645446393035868 -0.1289528731109980675
0.9985181781611019991 -0.04185656791351511502 0.0347775157872866128 2.865167595075012841 0.0413150948758346237 0.9990157106552275401 0.01614536464225806503 0.4117763901344344557 -0.0354190742006966694 -0.01468460372403661458 0.9992646554323001418 -0.1302737804790159992
0.9985150121459521744 -0.04193595705490225228 0.03477277706853976885 2.865813948698233027 0.04139539163930256588 0.9990127505080901305 0.01612283701118661858 0.4109872228370001768 -0.03541457426255086721 -0.0146594620689138519 0.9992651840736033186 -0.130421663010030553
0.9984952959596190558 -0.0425351781825136846 0.03461072902287033043 2.866275405160193301 0.04199855637533638636 0.9989881550685567602 0.01608686716265096336 0.4108060496778697113 -0.03525996609329676984 -0.01460906053457573968 0.9992713896341657298 -0.1329669742030220592
0.9985047238557737126 -0.04224209972805696711 0.03469757121572044495 2.866038179425895116 0.04170040223974084276 0.9989989735649558167 0.0161903449379123543 0.4112356623630123442 -0.03534675219520061473 -0.01471923322492230297 0.9992667067817887494 -0.1330659958401286536
0.9985124283985286064 -0.04205942763536182211 0.03469776477900486655 2.867374896807612927 0.0415208061035150372 0.9990079023086314569 0.01610073866075930824 0.4116014565405708425 -0.03534052905925004484 -0.01463610849555041504 0.9992681478631842973 -0.1333193066242361058
0.9985210016591455906 -0.04184365055256091676 0.0347119310043630877 2.867947120704146258 0.04130561362186541824 0.9990172323250711139 0.01607531650935795087 0.4124337165596376753 -0.0353504671671770257 -0.01461774353277683035 0.9992680651582298568 -0.1331089584841928242
0.9985262566981085719 -0.04173729434807789407 0.03468880143453925008 2.867564707308479122 0.04119448757979968234 0.9990195095720876273 0.01621831333348894635 0.4121838966647086711 -0.03533169791420611577 -0.01476542430299247755 0.9992665577150332545 -0.1336720399920916513
0.9985219926471584628 -0.04192285991714840565 0.03458762808165839059 2.867461914031583348 0.04138389966382456653 0.9990127195630106316 0.0161542254513160656 0.4124134657366024248 -0.03523071172375705912 -0.01469897845717852911 0.9992711028463461265 -0.133620918573978037
0.9985106968572711184 -0.04210168143816286207 0.03469634968820584781 2.86753878710982324 0.0415632979297854005 0.9990062248085040952 0.01609518745030375647 0.4131309378139984556 -0.03533950377137044796 -0.01462912211788429222 0.9992682864272504073 -0.1337294819012503078
0.9985089930155249816 -0.04209045925925053444 0.03475894282724580064 2.867166475002213666 0.04154997715751582166 0.9990062434629184418 0.01612838864605140726 0.412763474451770418 -0.03540325218581316657 -0.0146601078254403553 0.9992655757971522501 -0.1325493114863650068
0.9985076045816311252 -0.04213036358639191126 0.03475048282731195426 2.867081924569419904 0.0415900192650743919 0.9990045744026027075 0.01612856534863834138 0.4134458078667906933 -0.03539539362944875422 -0.01465922190134862947 0.999265867186037382 -0.1318142290864883215
0.9985089284315574742 -0.04207259183250718071 0.03478242169484688923 2.866937384514779641 0.04153006619201649041 0.9990063006721734418 0.01617605697893686675 0.4118647302790516829 -0.03542842706852272761 -0.01470742104498044649 0.9992639883042198079 -0.1293624758431928257
0.9985154630267399911 -0.04179186488729717819 0.03493293754806469503 2.866727598433943314 0.04124729854070625923 0.9990181595740594833 0.01616716438813155937 0.4103267412367229139 -0.03557429492750267125 -0.01470227433089573398 0.9992588817067927787 -0.1300348483238616126
0.9985180547927753336 -0.04181383799457493583 0.03483241600887813233 2.866844922290715303 0.04126841576377181936 0.9990162155134334476 0.01623326835746898011 0.4093353621684320265 -0.03547692367160062976 -0.01477173291731799162 0.9992613190719527028 -0.1312458406442916781
0.9985037998822584582 -0.04216589344369707504 0.03481664904590268256 2.867379998557618048 0.04162152926468293268 0.999001863352541597 0.01621497208813102789 0.4083565405309085294 -0.03546561605780892273 -0.01474158906782135556 0.9992621656149078824 -0.1299704263183084074
