1 0 0 0 0 1 0 0 0 0 1 0
0.9999998827399051438 -0.0004046486954293550178 0.0002660443743898806453 0.9242932098099498894 0.0004048721755945240783 0.9999995648238221291 -0.0008404943115402598508 0.3887753721810084384 -0.0002657041536870260665 0.0008406019269484811453 0.9999996113947760001 -0.09494029751721674848
0.9999997829434539298 -0.0006242635402222493227 0.0002107322411762531638 1.129871477752563802 0.0006245211125111512808 0.9999990553744475541 -0.001224427863328002774 0.3876582182016702349 -0.000209967676440485525 0.00122455920429162101 0.999999228183867217 -0.1078139045164642762
0.9999997820492607659 -0.000253041002028436845 0.0006098128255431532014 1.3569218100670426 0.0002535596147797632735 0.9999996061627469679 -0.0008505185904086577046 0.387234532800583231 -0.0006095973692997843545 0.0008506730289426347796 0.9999994523730726392 -0.09970194399273372976
0.9999995402871917349 -0.0006304238606606595669 0.0007224895578327297568 1.586693537686667543 0.0006304879818501475143 0.999999797324004569 -8.852601006788513689e-05 0.3875752750503430599 -0.0007224336024924035964 8.898149035457021542e-05 0.9999997350859570755 -0.09160659866930889739
0.999999298919293178 -0.001124297735865836378 0.0003716389689603184299 1.817938832845305441 0.001124330659252930015 0.9999993640334511324 -8.839265807686097921e-05 0.3871777775013232614 -0.0003715393529450229204 8.881044119344901468e-05 0.9999999270356046965 -0.08940191782447395874
0.9999998396022476976 -0.0005356525526182657777 -0.0001840429887502846205 2.048992665172854721 0.0005356864029997013797 0.9999998396055558292 0.0001839264536180376642 0.3849365345849415365 0.000183944438556437218 -0.0001840250134432888684 0.9999999661496183911 -0.09271400885686689741
0.9999995501122510566 -0.000929449326880449735 0.0001894709591409300773 2.282205245726855125 0.0009294765017434878382 0.9999995577566471727 -0.0001433873869470320887 0.3824053613410561825 -0.0001893376040383767782 0.000143563431243087634 0.9999999717704060043 -0.09623871331587230404
0.9999997370530205876 -0.000351811097686261366 0.0006341315646240418746 2.517173630847212351 0.0003518532234472749589 0.9999999359004616561 -6.632029620723347999e-05 0.38023055298265096 -0.0006341081917602937141 6.654340000361455782e-05 0.9999997967393678966 -0.09673712815444551749
0.9999996142932396914 -0.0002294499592868621629 0.0008478007360421325241 2.754856392726662939 0.0002292010790777650371 0.9999999306196516446 0.0002936452914005640907 0.3789353951795246256 -0.0008478680541215787405 -0.0002934508612960463154 0.9999995975030964157 -0.09907738115370930132
0.9999991818497563356 -0.0001547667976414368162 0.001269782287004811092 2.991752463450802146 0.0001543603240105639906 0.9999999368209468997 0.0003202046106257214132 0.3775829855565035476 -0.00126983176382334498 -0.0003200083446449962878 0.9999991425606078455 -0.09747225869171460833
0.9999992616029171888 9.961829679151616192e-06 0.001215193146064412347 3.231032769620262535 -1.013708545801540444e-05 0.9999999895497174718 0.0001442144389482127235 0.3761195766384081707 -0.001215191696725622739 -0.0001442266509774613463 0.9999992512536263201 -0.09741070556305748973
0.9999994384477099985 -0.0006885738625750342356 0.000805586929226550911 3.470998717609795392 0.0006883963505027889838 0.9999997387213048761 0.0002206077664177769234 0.3740651840033663023 -0.0008057386234856855683 -0.0002200530794328881662 0.9999996511808956212 -0.100904587270920304
0.999999534728321815 -0.000706452502541301099 0.0006568622393787643425 3.713406794836232372 0.000705997301252670904 0.9999995106819073998 0.0006929673558625074926 0.3731229526552557463 -0.0006573514664869148805 -0.0006925032904761267878 0.9999995441640171512 -0.1058655823486175929
0.9999993128420801014 0.0008412527513312820357 0.0008164613743950872946 3.957514527355555867 -0.0008424651873850015366 0.9999985413499239417 0.001485782767595392791 0.3724735792505641241 -0.0008152102646225211843 -0.001486469586912769281 0.9999985629191632253 -0.108365288549073735
0.999992807418009777 0.003435739475315223099 0.001606488874832649131 4.204231865346321761 -0.003439250884805097712 0.9999916917709974484 0.002188136725578675949 0.3695255941516326081 -0.001598957660029729248 -0.002193646105510069048 0.9999963156187953173 -0.1107601528417138104
0.9999824440041069629 0.005471699581837415061 0.002274244327045322166 4.455457456754468026 -0.005476921105686463967 0.9999823655055017912 0.002296086501650133026 0.3651660857539104632 -0.002261640726345307776 -0.002308502048319222358 0.9999947778861236758 -0.1107897992778833218
0.999968377517217677 0.00772991481014604926 0.001868791751664868007 4.709476417933608161 -0.007732442891989319174 0.9999691937887721371 0.001349370355054574843 0.3572728840447071397 -0.001858303663379517068 -0.001363778010110524566 0.9999973434049881371 -0.1159215024695492147
0.9999566229750983526 0.009298079793678195107 0.0005457841949600541814 4.97028145498138052 -0.009298429871653145912 0.9999565623007997672 0.0006424278081259371474 0.3485289381905453676 -0.0005397871423287324728 -0.0006474748775807992506 0.9999996447029988467 -0.1143561501293121757
0.9999291128348192226 0.01185941390340834907 -0.00106000341457508575 5.240835372880566112 -0.01185886236180632922 0.999929543344515892 0.000525100287251780329 0.3391744466635062683 0.00106615611192701059 -0.0005124926297844907509 0.9999993003309799455 -0.1120711187076395554
0.9998840514062294904 0.01506992346416952643 -0.002186584150862886516 5.526047792906284783 -0.01506721924563539719 0.9998857041938224999 0.001247979578213306634 0.3319962343568011454 0.002205141190193109831 -0.001214889133936075801 0.9999968306933395557 -0.1181476822688977413
0.9998508406588281217 0.0170826014834484334 -0.002545812324654175233 5.824876013475295267 -0.01707783907941638063 0.9998523940593688764 0.001880825915962232959 0.3227995082625443324 0.002577565947213448713 -0.001837068400000910293 0.9999949906541939493 -0.1208573376694785928
0.9998008615070325122 0.01977710322216726796 -0.002665242565935898363 6.138810074544386097 -0.01977166328160934183 0.9998024154002458364 0.002052191733968799885 0.3127643046985773001 0.002705302362804639336 -0.001999086785022119971 0.9999943424795720848 -0.1270235747133093562
0.999746870311653546 0.02230718022628025779 -0.002930019181852787889 6.468596355863514447 -0.02230029914299113195 0.9997485306747626588 0.002360523625446288732 0.3009079147866378645 0.002981938997847417491 -0.002294585802586625659 0.9999929214328507898 -0.1321084234808025948
0.9997120144302937828 0.02370222475776296439 -0.003754030534861661252 6.814536738784506831 -0.02369444517522679636 0.9997170343980673612 0.002103426293359780298 0.2878852651764514103 0.00380282415611829256 -0.00201387086624594527 0.9999907413834249192 -0.1352569949364169077
0.9996857696238475866 0.02460535780370478112 -0.004789402773540943868 7.176174158674927028 -0.02459442151523750716 0.9996947982841325464 0.002329101538852205132 0.2739431198915797117 0.004845249416321096778 -0.00221057707378084084 0.9999858183529877209 -0.137800933741846543
0.9996547496073941996 0.02567325927877004213 -0.005591542308074131003 7.55226475388457974 -0.02565711709884627156 0.9996664794805156795 0.002939752575962989011 0.2595302542078432029 0.005665150444076953902 -0.002795274769470563157 0.9999800460556246273 -0.1361970860707909514
0.9996091011071491783 0.02719617051192552148 -0.00648176621327327656 7.94335644475611069 -0.02717373361555243741 0.9996245113366155621 0.003524845588621075901 0.2447318421975482328 0.006575194685197831117 -0.0033473339419452376 0.9999727807147217318 -0.1445349212016595053
0.9995687726090224379 0.02848011746406224967 -0.007152044052276990659 8.347191142562259358 -0.02845332593685057088 0.9995878220700494809 0.003820237215999989361 0.2283729763837619164 0.00725789694221687029 -0.003615090384538267171 0.9999671264864099518 -0.148835582988161047
0.9995185901656695737 0.03008464271405975402 -0.007583019583228360443 8.76388274509115206 -0.03005691304012571979 0.9995411745208205856 0.003744651657599929254 0.2100955639304197264 0.007692196807841964433 -0.003514926785271153473 0.9999642370594878926 -0.1483289852060502567
0.9994639313078365062 0.03173225907625406433 -0.008056906887995509553 9.190864863354493153 -0.03170855817580962854 0.9994924956702987418 0.003052611532643408326 0.1893706373272132648 0.008149684232878852408 -0.002795502222396334044 0.9999628832182867466 -0.1486164575795350662
0.9994082551069590759 0.03332807808251327109 -0.008507575176825467322 9.628952319323218489 -0.03330469893288109939 0.9994411091846588935 0.002875117515660303037 0.1683977727586759565 0.008598642512256645179 -0.002590073949640493874 0.9999596766189533525 -0.1474091037877851007
0.9993233127926773873 0.03572108467495629935 -0.008770440052424098923 10.07814869975110383 -0.03569382393244679985 0.9993575027502584751 0.003245401338294012783 0.1459817999296487701 0.008880734324820810377 -0.002930154673684456229 0.9999562724196694452 -0.1484945963226107501
0.9992604231021310346 0.03752578705216968319 -0.008391789312494067274 10.53708425788139635 -0.03749762940320917198 0.9992906293127372663 0.00348797317839347502 0.1231789593087633528 0.008516725361878170822 -0.003170721348340634592 0.9999587051049866337 -0.1488498114015367468
0.9992048203405432538 0.0391003061417558237 -0.00780340104336903987 11.00172770430130598 -0.03907278202761514663 0.9992297042993388834 0.003649075290843721824 0.09787335605931574145 0.00794007007810110417 -0.003341273032354993757 0.9999628949024449431 -0.1520659650842766664
0.9991426495185751211 0.04055335115198522439 -0.008330163464512279139 11.47347542143945809 -0.04052959007545346021 0.9991738296001410058 0.003001761233686800305 0.07053662700339244362 0.008445012807416028139 -0.00266156956176977471 0.9999607981346820829 -0.153545824632769834
0.9990644413277515179 0.04217993668936545482 -0.009544370872341492382 11.95516700202458793 -0.04216051790544137617 0.9991083685289756655 0.002226806079019691843 0.04293251604265715948 0.009629787350333127854 -0.001822327152221522818 0.9999519720063246853 -0.1548708331004876593
0.9989874500910649324 0.04387935136812207843 -0.009933633980819620707 12.44688501774259137 -0.04386533842566488206 0.9990361323958414363 0.00162426979305217733 0.01376048586337230706 0.009995331177799904668 -0.001186882922455799027 0.999949341048622542 -0.1603185547303097591
0.9989723715469812637 0.04444315201226443218 -0.008888595221678893127 12.95095493389579744 -0.04443323972886367018 0.999011497439475038 0.001309652982692847576 -0.0168175947005688442 0.008938013929135927779 -0.0009133580636865611981 0.9999596380274806684 -0.1680056177766208469
0.9989796289397046003 0.04462036610659596281 -0.006980250139038023625 13.46508978653632127 -0.04461487135343372018 0.9990038176912939827 0.0009410060235490426894 -0.04727108362857110335 0.00701528457061844149 -0.000628622886267080354 0.9999751950001860568 -0.1691080263320695054
0.9989904964121435471 0.04460017967354620166 -0.005367685842736074145 13.99059420295099976 -0.04459725255085670442 0.9990048270023175192 0.0006638456030445331847 -0.07716836612438449094 0.005391951699896620556 -0.0004237914073843182506 0.9999853735218875439 -0.1666933156735104227
0.9990075704764836972 0.04434671095335963181 -0.004152512286872952173 14.52797001824037437 -0.04434477332286282381 0.9990161310947468509 0.0005575763872185156636 -0.1062171168598788074 0.004173153438033614347 -0.0003728808158684406991 0.9999912228366205635 -0.1685580411475212648
0.9990093245047645398 0.04440830449472368824 -0.002876116207330110721 15.07772624371262715 -0.04440605162321002025 0.9990132094977040023 0.0008425131058021967856 -0.1374081729947922714 0.002910692661716477066 -0.000713961483936811892 0.9999955090535299629 -0.1692419199156183773
0.9990337521911971663 0.04389216566923418578 -0.002244944463046058981 15.63923197260582043 -0.0438910320027982026 0.9990361719265176133 0.0005518080635067557213 -0.1685893465270938973 0.002267000773490224046 -0.000452741950902453452 0.9999973278625392537 -0.1741312710120728191
0.9990602225781689549 0.04329077888126630497 -0.002140122873320677872 16.21447782191251008 -0.04329015403150451857 0.999062484876088619 0.0003374568769391769578 -0.1987385176286305677 0.002152725246801447632 -0.0002444934937529897527 0.9999976529957174121 -0.1769261199250078409
0.9990645703151492807 0.0431582610064259603 -0.002710875856138876116 16.80159173959928509 -0.04315932324015190474 0.9990681462731113571 -0.0003345442587697016715 -0.2302770577293358489 0.002693911367931016172 0.0004512308834781733786 0.999996269609157884 -0.1839229267612232377
0.9991218611102076208 0.04175687312275377233 -0.003445315469637091812 17.40051394448945388 -0.04175884639070594206 0.9991275924360442096 -0.0005027733797740096362 -0.2618471528886622823 0.003421315506132445276 0.0006462042743805759262 0.9999939384917506668 -0.1922482922290391638
0.9991223185859016143 0.04159508642135311546 -0.004943813217785685346 18.01165669847360107 -0.04159829500572484462 0.9991342660708095735 -0.0005479194844684622109 -0.2948158611419220421 0.004916742432635058842 0.0007530927864071724738 0.9999876291710343423 -0.1997917475719562796
0.9991603480762719647 0.04048053130564811114 -0.00631865629034235321 18.63515880260404955 -0.04048681730174562288 0.9991796938618210389 -0.0008700568789680125431 -0.327803691443872558 0.006278252693075583694 0.00112514861685545091 0.9999796585849693997 -0.1981473446799885685
0.9992064424797941768 0.03921984361941240754 -0.006949041181528798489 19.2717091165543728 -0.03923017183909606465 0.9992292801564128801 -0.001356206316159460148 -0.3595095699398740408 0.006890495217960856782 0.001627742168106650943 0.9999749354514269051 -0.2019971345836739374
0.999203054485918063 0.03940999465870698854 -0.006333105637222587528 19.91659923104761276 -0.03941889312493138814 0.9992219453396414819 -0.001286396699185951738 -0.3913184763276745803 0.006277481247823107208 0.001535015525369783302 0.9999791182602365547 -0.2106125273927338948
0.9992560703949786571 0.03830929880265537824 -0.004438851657157385534 20.5709311068738856 -0.03831419844354015669 0.9992652168070835783 -0.001024049374401123352 -0.4232658697856553354 0.00439635945009125232 0.001193358597008267958 0.9999896239055906522 -0.2132192596018114561
0.999301183530621806 0.0372972892707741574 -0.002461058177044655321 21.22879486507791214 -0.03730139545929463119 0.9993027081550844848 -0.00164419302494975229 -0.4548590395834538613 0.002398018158379399464 0.001734844940095353919 0.999995619901380306 -0.2156387070906497228
0.9993136313185818631 0.03700911874967197784 -0.001609779563209451717 21.88817323393617897 -0.03701324399519482361 0.9993113586088047118 -0.002613106269747644383 -0.4869071750604533344 0.001511962242128922539 0.002670895879194421646 0.9999952901315990461 -0.2191908802051853178
0.999315754627883468 0.03694655762251790321 -0.001724654269633725014 22.54578621682557582 -0.03695104184366457961 0.9993135767971318417 -0.002644945290647898652 -0.5192360933483560759 0.001625748803336792914 0.002706863271156362011 0.9999950149036043179 -0.2209729845111099433
0.9993457207446508894 0.03607513228767062624 -0.002591381828528777943 23.2029448010248629 -0.03607908471009050461 0.9993478196395801927 -0.001495001036514368928 -0.5490265658662084602 0.002535759420031401864 0.001587517572857131184 0.9999955248460462576 -0.2202927528536364199
0.9993639881758598076 0.0353751749333638954 -0.004496235722678776532 23.85610823649246726 -0.03537207877923853605 0.9993739184238616957 0.0007663008363966929311 -0.5760337943482174428 0.004520528738469948606 -0.0006067722558112759136 0.9999895982695791163 -0.2211717228597476492
0.999344558071231126 0.03557447625446955031 -0.006701558970567391034 24.50814415092533949 -0.03555773621319518324 0.9993642395937449852 0.002600772310040126711 -0.6031309709646531791 0.006789819497500525908 -0.002360775388728338 0.9999741622115819739 -0.223951242068555656
0.9992755363097320931 0.03710920046980700077 -0.008444511435773632488 25.16067861220719948 -0.03707755438411372562 0.9993048827986831251 0.003873780531130909498 -0.632436163028284648 0.008582394408923681509 -0.00355787228578487158 0.9999568410941582774 -0.2209810864658128815
0.999138480719419575 0.04044144810945901614 -0.009315880017475111977 25.81291212243050737 -0.04038399222740664957 0.9991645279982843686 0.006275281805812910063 -0.6629384719708721896 0.009561878344071185823 -0.005893663103328958611 0.9999369156190592856 -0.2236886894911175594
0.9989728242085937904 0.04461322866309084395 -0.007934501935272075118 26.46715150204765621 -0.04453749890510112774 0.9989627521141671851 0.009477925921165209974 -0.6948510154338431999 0.008349112766287358767 -0.009114807553851545299 0.9999236033814143942 -0.2227322181778025878
0.9987377694890946511 0.04994542106666143705 -0.005321908531901802311 27.12135650296331946 -0.04987995556976596023 0.9986855624794676034 0.01179564866497311883 -0.7327392795485481169 0.005904051854973114445 -0.01151530327621464941 0.9999162664754237539 -0.2223429013685841449
0.9985301272152463659 0.05416917989494068886 -0.001812454968654149748 27.77624144206106394 -0.05414382305895105302 0.9984618780230248847 0.01192998572065678137 -0.7752768386281315705 0.00245590473448091583 -0.01181431691819836115 0.9999271925733850264 -0.2226201604535482104
0.9982682283467330109 0.05873252958074889896 0.00332178303345401606 28.4309771993338245 -0.05876849505882748154 0.9981991532900416075 0.01202972815837818031 -0.8236624945423066668 -0.002609264646496710794 -0.01220411160594503386 0.9999221226665175877 -0.22726458875731545
0.9979351187413866286 0.06384284791384360613 0.007041985008817406612 29.08479378073712951 -0.06392064518328008371 0.997889421638956664 0.01143911274626887783 -0.8741883881556836711 -0.006296816812309650319 -0.01186562056187853535 0.9999097745030367523 -0.2276826965610555531
0.9975470488485779219 0.06968818946394697567 0.006591022889505835508 29.73436248013962313 -0.0697669133369868133 0.9974839739928804683 0.01258171016992109918 -0.9264781043189511678 -0.005697643102400389015 -0.01301068317220718286 0.9998991244052922722 -0.2321025923357623588
0.9969548373256501561 0.07786878371013561395 0.004183880554061921407 30.38015268183627882 -0.07791992587623874922 0.9968626990069086036 0.01390124023614094928 -0.9834116298528872147 -0.003088281792193993142 -0.01418491636089422477 0.9998946197792077939 -0.2350470458839096499
0.9960256306690677963 0.08904860409389371567 0.001813603929929473273 31.02512149001667296 -0.08906612898809954104 0.9959022223780323868 0.0156840087213472347 -1.04815325032026152 -0.0004095331010978698325 -0.01578320535965545973 0.9998753535872428877 -0.2435166828721901378
0.9948383948673945598 0.1014683867221441299 0.0008570844015646286989 31.66856605103858158 -0.1014691089262054619 0.9947106688980912326 0.01595948351400264947 -1.124647982451917105 0.0007668320467020322759 -0.01596407455248435511 0.9998722719889250321 -0.2519556571428190894
0.9931976888325445563 0.1164301416058867167 0.001540462049214175091 32.30961880764800043 -0.116440194288149626 0.9930892540352961317 0.01467701174480096592 -1.215533465779470745 0.0001790302484746495728 -0.01475654584420845079 0.9998911002218781041 -0.2541602744848646678
0.9910714744735726889 0.1333289903276445032 0.0008442884515189720638 32.94640733313863024 -0.1333263389805139087 0.9909554376416016552 0.01521209855986059567 -1.315687331204120403 0.001191561509780094926 -0.01518884283784290544 0.9998839328814198568 -0.258099938598596923
0.9884149874720921103 0.1517703008023509881 -0.001260291596404164525 33.5793205032434372 -0.1517235090444439272 0.9882595169115154787 0.01797509491097860207 -1.425383454197501676 0.00397358072582005336 -0.01757563734781891762 0.9998376406337348143 -0.2536808224608518847
0.9847289474866220971 0.1740624057901087873 -0.003343482084436336012 34.20728725831363448 -0.1739598061052781142 0.9845408746327724003 0.02042674808063145095 -1.549440278583385178 0.006847323689113152603 -0.01953317864288957317 0.9997857615961538436 -0.2517961468550053983
0.9803439829477874623 0.1972665933022969553 -0.003400921194976956781 34.83161519372171711 -0.1971487996355874295 0.9801330038202109574 0.0217174037264443176 -1.692371145527376441 0.007617473355074865816 -0.0206200385372226104 0.9997583648614339902 -0.2535835017120917079
0.9746846441468128841 0.2235818387574098898 -0.001002916874027732315 35.45188564398064557 -0.2235013885461344663 0.9744363159245641448 0.02282532640101575874 -1.854966182483989368 0.006080607070883319205 -0.02202334182676735086 0.9997389652466441845 -0.2520544249232907763
0.9676344042868292306 0.2523536163641729169 0.001145403159141320263 36.06521372638639633 -0.2523137722679067441 0.9673784519747304911 0.02273083762013658124 -2.034031567944839303 0.004628170741451159177 -0.02228414151135203053 0.999740964986776004 -0.2520924652632183793
0.959306239943386152 0.28236406986341539 0.001438768866314843204 36.66593179308413397 -0.2823197134295122868 0.9590366715160419941 0.02332899690319806263 -2.233245607911461761 0.005207438406786521132 -0.02278584511488714395 0.9997268066065048142 -0.2489663668953972786
0.9492749766660122379 0.3144471519802726767 8.536531680707342036e-05 37.25639560809047168 -0.3143519507429237136 0.9489808263907744124 0.02486447680530217558 -2.451957520740069896 0.007737553868018129909 -0.02363006039302991551 0.9996908274591506105 -0.2446013853809051453
0.9377304226786765673 0.3473602731346266403 -0.001579566620353660715 37.83560554770865281 -0.3472018727018927331 0.9374222832653441584 0.02627398770433419725 -2.69123776806753412 0.01060726049313499841 -0.02408948910679547042 0.9996535312494045922 -0.2419000194805053516
0.9249828915083054826 0.3799944426945811582 -0.00329756549123098831 38.40332698067192041 -0.3797921227017954648 0.9247137523466170128 0.02573751648282538232 -2.950847447153731817 0.01282941739123875241 -0.02255437301886369095 0.9996632964689297074 -0.2384012554490712588
0.9109740889835310496 0.4124351973995099563 -0.004839126641554093722 38.95777228254369362 -0.4122110351347640922 0.9107641406425787123 0.02430519764806278113 -3.232123642963450116 0.01443162200696849855 -0.02014666388294542379 0.9996928729468044228 -0.2300902530195823303
0.8960911711233754406 0.4438285031484773269 -0.006072300035369826952 39.50004707083009237 -0.4435816176680937306 0.8959181895116292704 0.02378962314038411338 -3.53075664303867498 0.01599879688272299455 -0.01862411058779518333 0.9996985450640202275 -0.2186386404305070141
0.8796903465978795911 0.4755001485203710354 -0.006671046365271182145 40.03002126440993891 -0.4752195700814331181 0.8795186892756936547 0.02476359074091634069 -3.843935315086833171 0.01764240103048409641 -0.01861407993618725831 0.9996710767617560389 -0.2088094822677252771
0.8627601953279632196 0.5055945774499911449 -0.004355296869299730977 40.55022094491485518 -0.5052914476549021927 0.8624862671104686074 0.02824875170096131927 -4.170845235109446492 0.01803879941869749454 -0.02217120427523719406 0.9995914362460883718 -0.2036146254438512271
0.8430336161146165797 0.5378602019448109894 0.000851624682861953225 41.06125165010757883 -0.5375978098426846818 0.842570719280185676 0.03260640832749403528 -4.517227475695504424 0.01682013534612514932 -0.02794612988515159796 0.9994679068741428862 -0.1975837483588278598
0.8189785372188422841 0.5737816150424470685 0.006986688354753177801 41.55716065063619169 -0.5736553379859468116 0.818381596452580462 0.0342215690457752103 -4.886642560676120794 0.01391792998669195459 -0.03203468162799100877 0.999389849056852686 -0.1922431915079859666
0.7926285592363997434 0.6095881045444080382 0.01192937051084817617 42.03226037771027279 -0.6096202452294874341 0.7920410200490786146 0.03215865615903056723 -5.283049894560496895 0.01015498346472320547 -0.03276225507456784897 0.9994115823589699854 -0.1889823154456450882
0.7648792664771857375 0.6439978665189749485 0.01504844285402242091 42.48659714229253836 -0.6441324593996284875 0.7643574016297214335 0.02917425785939785007 -5.702420978345662306 0.007285771140252726881 -0.03200797545720872328 0.9994610582939300603 -0.1844017785126076947
0.7365235500458976459 0.6762237739456965491 0.01595204621443913409 42.92033113645542386 -0.6763847799469387967 0.7360779943510709078 0.02632139221690013575 -6.143686012159846221 0.006057200997097143998 -0.0301760465061985568 0.9995262460452634112 -0.1797772996533459067
0.7062267509755686401 0.7077997640164463977 0.01622560521999440869 43.33580789159776714 -0.7079611327376463814 0.7058257531348367531 0.02451613233095880848 -6.601194760277612872 0.005900062653977524232 -0.02880104633348124291 0.9995677510758216311 -0.1730460816914535238
0.67493433631001154 0.7377010177339451413 0.01615085459243803881 43.73387364235665586 -0.7378430378558319402 0.67452840267611891 0.02447622256152296588 -7.077897374184638934 0.007161924143826548829 -0.02843663864638992789 0.9995699397366112349 -0.1725337974769645677
0.6425624464806554137 0.7660610329758954506 0.01624795767777961406 44.11603814080665131 -0.766176710277539641 0.6421127436615003958 0.02577737488161619545 -7.5719016349540329 0.009314021745842792493 -0.02901237983007017365 0.9995356576008249672 -0.1722335484628890745
0.609985429073625518 0.7922235748361080576 0.01730848900864396037 44.48162280123123935 -0.7923406732439818301 0.6094901634867697648 0.02679548723468486854 -8.086155415088253307 0.01067866289094998242 -0.03005907661203112077 0.9994910795360274491 -0.1707718598713530433
0.5765806807597948502 0.8168245590698254288 0.01877120867064461379 44.82833211502307336 -0.8169597187373052183 0.5760491987978444417 0.02727890256268919109 -8.621796921200660435 0.01146893784248535254 -0.03106380956590452935 0.9994516012294034635 -0.1709613584451994961
0.5411560429697401808 0.8407147665595446906 0.01867668188043701202 45.15455708381163191 -0.8408532859811265192 0.5406939033058195676 0.024816413573657891 -9.183086468085880583 0.01076515731768834354 -0.02913390150061088285 0.9995175472052895138 -0.1675280208623462497
0.5061509122310131614 0.8622908155995325785 0.01630347755560895492 45.45950090636074492 -0.8623916586092401637 0.5058191073066193866 0.02067988986282321556 -9.763305977705096339 0.009585468633150705242 -0.02452712816918497726 0.9996532092555173721 -0.1663897763815735398
0.4718945793661314392 0.8814829052444441704 0.01741820101721611516 45.74717401656550209 -0.8815743955557102662 0.4714922443210999292 0.02283962884191156548 -10.357555408145247 0.01192019569662971547 -0.02613333707865257705 0.9995873936918610037 -0.1631320652504547608
0.4383064453299582164 0.8986255857752163401 0.01896092224459903011 46.02212383084265923 -0.8986628401376073327 0.4377281225701628031 0.02826995696865779173 -10.96114148454029191 0.01710437774447309475 -0.02943038058452297767 0.9994204785577612826 -0.1535908173870267346
0.4061494894648887133 0.9136041286393500327 0.01923768022772926953 46.27876015200393311 -0.9135256717665352078 0.4054126003680443846 0.03333872352567160413 -11.57986014805945985 0.02265919749044676898 -0.03111462029262877099 0.9992589460060562478 -0.1509310306310245875
0.3767195559921976411 0.9261660378960960838 0.017287173883801292 46.51420260635999426 -0.9259679270752334546 0.3759879745587006994 0.03487751446478394579 -12.21784924768130765 0.02580259988909820723 -0.02914641032945745197 0.9992420690722894072 -0.1462662113440690304
0.3500449216530854279 0.9365843487815371793 0.01668263895038586339 46.73509557917404322 -0.936409806904053954 0.3494009560844537621 0.03249069745606816828 -12.8732373043848618 0.02460134871907299417 -0.02699499036364435764 0.9993327994899743327 -0.1328020317152400764
0.3254305901646270538 0.9454141221296920028 0.01694310074474050104 46.94553351118398865 -0.9453112960747824811 0.3248749048936198092 0.02903187358363825896 -13.54155554469026335 0.02194275503480496575 -0.02546436427844450331 0.9994348811470296079 -0.1218944058368790356
0.3041552821051400901 0.9524663463859638357 0.017245966766626597 47.14504365919506768 -0.9524031081062566129 0.3036469252044085021 0.02696042439299354415 -14.22004944808523774 0.02044221213774600338 -0.02462526783775762992 0.9994877248605077424 -0.1089351235856288458
0.2842118764166816636 0.9585920300574999331 0.01802579301862527322 47.33387911993555974 -0.9585487587680404653 0.2837025442241009054 0.02640347448767319319 -14.90932562479788182 0.02019619686866901825 -0.02478278255187444865 0.9994888330146708411 -0.1008301481053759663
0.264956843051316504 0.9640945395830354814 0.01787708215719381946 47.5121307458405937 -0.9640489817599698918 0.2644651630922396635 0.02584063230960765428 -15.61038492476476236 0.02018494706075006986 -0.02408103520968551958 0.9995062139153435554 -0.09609057664569825574
0.2504978273671798483 0.9679934564949527198 0.01547600294897951215 47.67909901084503588 -0.9679255382249261075 0.2500982011931032201 0.02389648953217177185 -16.32204257514407431 0.01926112500114346773 -0.02096563719347312518 0.9995946434033957662 -0.08715699053005307451
0.238633693069644548 0.9710308707236264825 0.01236966586688947704 47.83767113757750167 -0.9709345172423476944 0.2383293976654653479 0.02202865033962867619 -17.04362003396401803 0.01844244450477710781 -0.01726691374080295549 0.9996808140254347386 -0.07957805815193555454
0.2292296937302074067 0.9733188089601546578 0.01020997731347243406 47.99456935181451911 -0.973208606514610719 0.2289861255460063916 0.02074518048411642945 -17.77367938795225655 0.01785373121353896544 -0.01469184916254218272 0.9997326611899501891 -0.06898938054868519743
0.2219441615528199296 0.9750285852283673282 0.007749008980787775586 48.14995657612220725 -0.974896212569047016 0.2217546324673228542 0.02005636302548570796 -18.51240484841248701 0.01783714862704528781 -0.01200587218202393835 0.9997688208591052339 -0.05759414586102995504
0.2164587042658474569 0.9762693581366878037 0.006615868116139175109 48.30406114973426668 -0.9761103947389554447 0.2162829012508933335 0.02074135745453788149 -19.25968523328268844 0.01881825257857343628 -0.01094746499770952661 0.9997629851019754765 -0.05338748916956199964
0.2130861774470005354 0.9770117356930979602 0.006507633900710880527 48.45977059278978771 -0.9768133265326909287 0.2128920881630894657 0.02264252427840340171 -20.01332842549919633 0.02073658817559276626 -0.0111815524646461939 0.9997224448792355611 -0.0454362259375467939
0.2104154265174356109 0.9776020703335540629 0.004420448284313344134 48.61374358644381743 -0.9773435355259024737 0.2102495060684483885 0.02438767647198588143 -20.77717453193093178 0.02291204594126030475 -0.009451839901422350032 0.9996928032517106155 -0.03575798642082256978
0.2090475789698823528 0.9779005078059247458 0.003115535226218114993 48.77005984632837965 -0.9776022314579867478 0.2089023602994922735 0.02556718423422080569 -21.55455155824103031 0.02435131978345897452 -0.0083905121545776052 0.9996682512366728002 -0.0254774034722818031
0.2076517246551329299 0.9782002190351472004 0.002256707189479537252 48.9265904205054909 -0.9778947376648662315 0.2075278765743666654 0.02557464548917688998 -22.34505788306855578 0.02454879416817627377 -0.007517441328313711861 0.9996703680617745613 -0.01715262621137728094
0.207123358994514617 0.9783134981625134508 0.001616623597263948126 49.08616672613998588 -0.9780295652758935754 0.2070227782087294965 0.02448956408321397576 -23.14765987364266664 0.02362379319830073751 -0.006653466447273511004 0.9996987785223901968 -0.008536089461201532003
0.2071402995176100381 0.9783100661692566424 0.001520114357449415263 49.24951372189919141 -0.978049007028443107 0.2070485501537808748 0.02347419284861285843 -23.96200254804468699 0.0226503016852184838 -0.006349197675468889156 0.999723287476312783 0.00531398695272917998
0.2077144701407384053 0.9781879244986038113 0.001755921201595272074 49.41737668068267908 -0.9779349027011505768 0.2076191198928434289 0.02318678791494151181 -24.78799920832881298 0.02231647313182954714 -0.006533407995450715537 0.9997296082476108126 0.01799269865622205727
0.2080323137122723764 0.9781210150045062113 0.001355159796323447382 49.5870166105784449 -0.9778577270828596735 0.2079437155112254798 0.02353033709342712207 -25.62463152686314771 0.02273372023806218001 -0.006220223946242271588 0.9997222048040126374 0.02715172961183446448
0.209038270483085542 0.9779072889618757314 0.0005793692043805990762 49.75842680637483539 -0.9776428787103350615 0.2089678957749938615 0.02338418787002511517 -26.47275350217375234 0.02274649820103519238 -0.005454606365808364367 0.9997263846118018549 0.03766847344277735044
0.2104045936683784923 0.9776139225220373818 -0.0009620053641821493242 49.93408938755896287 -0.977371571651210802 0.2103741616840090201 0.02207992354590346609 -27.32953510725835855 0.02178802173872271264 -0.003705480647177083336 0.9997557459309180938 0.04679878960131903659
0.211854199977387414 0.9772997812595627387 -0.001713330660476467676 50.11003997510051988 -0.9771098367704526 0.2118470726595735876 0.01942124331728117478 -28.19274999805787019 0.0193433409306874686 -0.002440359723556815175 0.9998099218381756303 0.05759837881072770588
0.2133591758735553512 0.9769734585635122537 0.0008504898628569525091 50.29243143550780815 -0.9768258235181327409 0.2133116200868949708 0.01759156741243404418 -29.05837997666013095 0.01700507508596536474 -0.004584102786120088785 0.9998448946826536954 0.06864036572792570068
0.2146311359949184538 0.9766885128865633314 0.003608913543492002322 50.48024940760976875 -0.9765602285467646082 0.2145385925045957265 0.01741586480304904011 -29.92427153077072433 0.01623562386303185542 -0.007262308281850399228 0.9998418191875140248 0.07765734921403905089
0.2152791341757384069 0.9765351045792012297 0.005838142943852345397 50.66758013072354316 -0.9763977202140871059 0.2151346998221493889 0.01909326826834539109 -30.79210489383363125 0.01738925959544293867 -0.009810731722055886922 0.9998006617290269293 0.0881057183590483739
0.2156812554786027292 0.9764301949973320793 0.008103723381619631905 50.85561704798909233 -0.9762821325215177426 0.215473609139024691 0.02107893459927456456 -31.66230792038970066 0.01883596969660378609 -0.01245785142289499575 0.9997449715720072572 0.09747120328199687656
0.21578618534404026 0.9763944928358572195 0.009492975006640031257 51.04459000966280513 -0.9762825278569794429 0.2155660979611980776 0.02009186927513842771 -32.53803519897101637 0.0175712269307985551 -0.0136033734636789045 0.9997530696199707911 0.1045972836923116656
0.2163708567585148623 0.9762529841044222945 0.01066599141181368525 51.23324638138294063 -0.9761903587997292631 0.2161592395504188246 0.01809879950274320692 -33.41742781605787371 0.01536345443063174589 -0.01432809073796236302 0.9997793106899954818 0.1141426363195589821
0.2165693548005147573 0.9762047900042981619 0.01104185373716748061 51.42116560876961984 -0.9761527237236373722 0.2163568743390676952 0.01776408998944347881 -34.29828061316196397 0.01495240877627941611 -0.01462569310812611434 0.9997812333570249566 0.12194163777360012
0.2163560096110421771 0.9762560785785600048 0.0106839198611433598 51.609604726477329 -0.976167167762052479 0.2161202692320525198 0.01974056256742202226 -35.1807898896862028 0.0169628325641621551 -0.01470028113601359182 0.9997480502836313399 0.131686758415570121
0.2172139684732973253 0.9760602376618673359 0.01115815197694643678 51.79964333063178117 -0.9759267273214535798 0.2169260630183930116 0.02258552817574962027 -36.06825153992808453 0.0196243420200210815 -0.01579543094693679206 0.9996826444234598874 0.1420504376850824368
0.2165662649549925378 0.976196192751589531 0.01183410920794350854 51.99154728187544805 -0.9760306529414656262 0.2162304911633573523 0.02466858751346956771 -36.96493045054035065 0.02152248596469395411 -0.0168928371967171885 0.999625637250938448 0.1494969738203549281
0.2165243480759532213 0.9761986404156504094 0.01238632879102542945 52.18372079781987338 -0.9760041865217138346 0.2161463345821894588 0.02639299033402503492 -37.86840064109330228 0.02308754171346864836 -0.01780383378152496782 0.9995749041068952012 0.1575835360199417112
0.2167232780890224753 0.9761615263904120932 0.0118192694143686907 52.37682414533553299 -0.9759629259625508535 0.2163626191634481222 0.02614544272621496454 -38.78362956469892708 0.02296492719268384414 -0.01720149481510105036 0.9995882755890851401 0.1710416334399306459
0.2157670632426641477 0.9763745952574568454 0.01171427144440444906 52.57299571693083351 -0.9762097276222859721 0.2154363153594645031 0.02453083202746021013 -39.71120225716460084 0.02142760171503704097 -0.01672853132149976912 0.999630438774533947 0.1811619419170135137
0.2158645069342030043 0.976336497953922744 0.01302142116374236346 52.7723512068609466 -0.9762152012918825505 0.2155239712523772111 0.02352229968039130231 -40.64799176321287177 0.02015925129321640558 -0.01778933890493536105 0.9996385066655957274 0.1913089718735233868
0.2168005682699416514 0.9761139395173253908 0.0141099496029443508 52.97450122123930782 -0.9759835953139132103 0.2164110212357053253 0.02494577250451335271 -41.59127665587879363 0.02129636767052597857 -0.01917933699809093104 0.9995892245099260442 0.2056040776575540352
0.2169832528827705387 0.9760524278759286076 0.01548954505197184216 53.17904087470247987 -0.9758705040275671427 0.2164916804708022502 0.02842730475986651392 -42.54318677848458208 0.02439318219080705702 -0.02128403919451117565 0.9994758437992249389 0.2140506572168286159
0.2165928289696567033 0.9761160283180830843 0.01688329646284579197 53.38699684501145271 -0.975899901038355333 0.2160091176346219388 0.03097489712719851684 -43.50478122845926521 0.02658814758965916472 -0.02318534794311644109 0.9993775613092916732 0.2246598402066047884
0.216841914738849062 0.9760226950132387946 0.01895475748944496983 53.59915918538126789 -0.9758693085796968925 0.2162156277011402228 0.03049417829661924331 -44.48157708606477456 0.02566469529477730452 -0.02510978209574726491 0.9993552032478393299 0.2403969942658819026
0.2165644974045144444 0.9760238822103085576 0.0218449037317131993 53.81105860914853167 -0.976001157877432246 0.2159275923323317192 0.02823144862514086542 -45.47206445321059221 0.02283765062001046411 -0.02743458081837812229 0.9993626896625059652 0.2552458176887845709
0.2166972368608978128 0.9759676468878625277 0.02300999272100529014 54.02279870092186798 -0.9760347687551225171 0.2161098157497977068 0.02554755796007664517 -46.47454107931286416 0.01996090473868663423 -0.02799463814299569392 0.9994087564741744867 0.2662195742195595516
0.2165337029732959939 0.9760042729402683692 0.02299597092994270717 54.23645845991919856 -0.9761134559818339662 0.2160090981732961657 0.0232935733102461566 -47.4865907650448591 0.0177672881406513751 -0.02749052034243169851 0.9994641538161482819 0.272782658273088896
0.2154623509777029433 0.9762492744539403855 0.02265677468917984272 54.44975929581632101 -0.97637850176521912 0.2149910200301642371 0.02153793390963082421 -48.50512916564277788 0.01615538925149363064 -0.02676220160122499969 0.9995112745555140288 0.2820158771882415039
0.2141775494697185644 0.9765596486146405075 0.02142965237227105815 54.66147008717452138 -0.976675426946167935 0.2137569435304133014 0.02032435711299877823 -49.52774668556726567 0.01526721004857261796 -0.02528283588100531734 0.9995637500965843802 0.288619007655297799
0.2126369861879645606 0.9769141109092338571 0.02059932065192470255 54.87054401577483276 -0.9770166592942007844 0.2122419225098299833 0.01979428682552891033 -50.54866862991977428 0.01496527869768298283 -0.02433487694139411378 0.999591843803133373 0.3001354750704163799
0.2111333516072261274 0.977249059711942647 0.0201738229203951118 55.08026322266837127 -0.9773353060685582294 0.210736014052679943 0.02015023307722325213 -51.56833666945547634 0.01544044529724424367 -0.02397097564373818629 0.9995934098300719439 0.3117553712292272516
0.2099821878318905988 0.977479180419204563 0.02102219399427749866 55.28485602952497402 -0.9775709288714492518 0.2095484600891270865 0.02108368800015047312 -52.58731046752859584 0.01620369768740554869 -0.0249778846437382282 0.9995566744612229826 0.3246219710277722381
