1 0 0 0 0 1 0 0 0 0 1 0
0.9999999967207841012 -3.542188189391862831e-05 7.282665769544835205e-05 0.835338553769079617 3.543322121285081677e-05 0.9999999872498357423 -0.000155707466642733425 0.389114750032249046 -7.282114131540307739e-05 0.0001557100466152073386 0.9999999852257313027 -0.1005797303136931609
0.9999999606630851634 0.0002516142171749479947 0.000123952062544903076 0.8367077120949932834 -0.0002515869830555515535 0.9999999442220012247 -0.0002196815523323393429 0.3870542593077345161 -0.0001240073306329229571 0.0002196503589652856639 0.9999999681879503388 -0.09901634903714245928
0.9999997314606422494 0.0001123921111014384102 -0.0007241868935619103723 0.8389457983394357221 -0.0001124447349313928657 0.9999999910408384762 -7.262578420597758393e-05 0.3842971639037964238 0.0007241787245085957135 7.270719570638349268e-05 0.9999997351393842271 -0.1068886729281384174
0.999998527010787619 2.680003699387804779e-05 -0.001716175402740723922 0.8437967612106913595 -2.785953891005224641e-05 0.9999998090567492337 -0.0006173413247667727029 0.3822586150749953671 0.001716158530278271994 0.0006173882272850700695 0.9999983368144548246 -0.1060555959979064405
0.9999957333605492549 0.001025960797977157465 -0.00273508046285311562 0.8524642904728080284 -0.00102661287617617533 0.9999994449437190625 -0.0002370195271434324632 0.3799895317103429981 0.002734835771986321353 0.0002398263846871102683 0.9999962315712022098 -0.1033063187406054323
0.9999942993603043728 0.00016244107630415688 -0.003372663604746177751 0.8648150293834471203 -0.0001642905889015785852 0.9999998362900547333 -0.0005481135523232262465 0.3775699431102406134 0.003372574016452227312 0.000548664524615142808 0.9999941623388323153 -0.101508996383035982
0.9999897712981509201 0.0002588745533756548443 -0.004515560102286091115 0.8840155157545981357 -0.0002612222704296736906 0.9999998310269783142 -0.0005193350944275104079 0.3759601598809432232 0.004515424896637633585 0.0005205093471658505918 0.9999896699506561903 -0.1031410874091983204
0.9999805273469269951 0.000290619494148069838 -0.006233816429068305721 0.9117218522420825755 -0.0002917589536983564874 0.9999999408985121852 -0.0001818782151104083363 0.3737841136159139599 0.006233763203285607769 0.0001836934452179165612 0.9999805530374296092 -0.1061608875113658201
0.9999712112178841261 0.0002136296668935495089 -0.007584925695300655767 0.95188157089708203 -0.0002133440833367336413 0.999999976502543575 3.846055520012914454e-05 0.3725126120017798748 0.007584933733389791037 -3.684124894794427863e-05 0.9999712332977296336 -0.1045738805334280597
0.9999700484225756414 -0.0002259209406036183007 -0.007736356860966815858 1.004330943328040515 0.0002239318900495754585 0.9999999416531086815 -0.0002579695483891419677 0.3700547909227171473 0.007736414690297462038 0.0002562294047802659625 0.9999700406683351694 -0.1013264268481834929
0.9999687525020620749 -0.0008175404176998316008 -0.007862928661451835943 1.069554179654856885 0.0008114054979586845552 0.9999993639589700445 -0.0007833918389365864682 0.3676321256876976529 0.007863564114797817056 0.0007769873363557557814 0.9999687798376964976 -0.1001434839967363377
0.9999646045654393411 -0.002420773799833794877 -0.00805788250687827258 1.147799978468832416 0.002407271928339351462 0.9999956830882199554 -0.001684887766969862333 0.3650212247819938916 0.008061926453872297893 0.001665430615274499614 0.999966115267271527 -0.1011161232632993845
0.9999582626162782928 -0.004510656089350644112 -0.007945250598801913491 1.239159047050442997 0.004491678872226255448 0.9999870209746454242 -0.002404725174076377796 0.3636952260309470608 0.007955994365442604216 0.002368937292889860581 0.9999655445512907193 -0.09991557902315181816
0.9999343483562809221 -0.007996086607607448202 -0.008207409838882649689 1.344108749101914579 0.007978805399981053759 0.9999658871814890437 -0.002136150211667879259 0.3646532062392728868 0.008224210703099726905 0.002070524643952917701 0.9999640369963360698 -0.0995873379227901756
0.9998904485096122841 -0.01219002311021646912 -0.008396089316990051205 1.462865957732208733 0.0121747899362581076 0.9999241488952245183 -0.001863047548724218678 0.3669059456075026149 0.008418163057013944989 0.001760622825368177982 0.9999630166851233293 -0.1033820807520049179
0.9998188388855797637 -0.01677978763510635032 -0.008984883772857296322 1.596583418504288865 0.01676453678298896535 0.9998578985559992693 -0.00177002870964224155 0.370545616169212999 0.009013307713754832931 0.001619080634767700163 0.9999580685518544287 -0.1066152473245043641
0.9996948647617032169 -0.02248777565844760004 -0.01022141453103963052 1.74533234765294365 0.02247529267023551033 0.9997465080297675 -0.001334504279968588272 0.3757371009400392592 0.01024883351739476652 0.001104367792598198207 0.9999468694802295943 -0.1120850119223789354
0.9995338520704155627 -0.02816340823569720916 -0.01178562691696968291 1.913534440108824786 0.02815303033872315966 0.9996030780594417076 -0.001045570101203591304 0.383108993454978064 0.01181039576066233825 0.0007132815987113600743 0.9999300004406995734 -0.1118720889360514115
0.9993287034903488575 -0.03419110322086147541 -0.01315715929974644281 2.101647289886432901 0.03419433120721599578 0.9994152026547352685 2.039327444300362762e-05 0.3928711273890895805 0.01314876775936523433 -0.0004702798473506815792 0.9999134406253750162 -0.1101623580408908065
0.9990557909579411699 -0.04084129135532258564 -0.0148160545973682941 2.310395949917987579 0.04085886404879440076 0.9991645358456545667 0.0008851762422344364991 0.4040514598816892233 0.01476752457403346201 -0.001489707611356089504 0.9998898444274688657 -0.1103593388733062619
0.9988355027361490723 -0.04537235835047698229 -0.01640084057419898336 2.54142065996629718 0.04540427018718237034 0.9989674472767550162 0.001578458150542929499 0.4151305160123314186 0.01631228747275292185 -0.002321288237073352613 0.9998642512352997613 -0.111830203211235546
0.9986911548748087508 -0.0481492383037305377 -0.01725189918795209942 2.796793241470395763 0.04817706559888774998 0.9988380891952511886 0.00120080100758328495 0.4252081782429937284 0.01717403636601369521 -0.002030375223921551502 0.9998504538436480127 -0.1092658778232028505
0.9985881903649761471 -0.05010855258321644107 -0.01762835844930685583 3.076910200137347839 0.05011352354006336912 0.9987435152146483253 -0.000159922127929713919 0.4348153084085426001 0.01761422215148115977 -0.0007237228077933646362 0.9998445956263881662 -0.1063599219215389247
0.998563407283369453 -0.05052161012590824368 -0.01785184990171605202 3.380505594304169747 0.05052457149114727292 0.9987227774687844617 -0.0002853781226022610029 0.4455817914446138506 0.01784346687904627554 -0.000616988916138637997 0.9998406023033939993 -0.1043263103750706189
0.9986360629987524051 -0.04898679498467597287 -0.0180639861459531946 3.708413784908182187 0.04898060935897427526 0.9987994211742593498 -0.00078496419538796739 0.4573788988255059751 0.01808075178678767228 -0.0001008914952036334231 0.9998365247557876589 -0.09908289087928007222
0.9986174918892833929 -0.04911523842576658028 -0.01872960883566915716 4.056688446278155169 0.04913167567243239414 0.9987922224167891105 0.0004181929579521052377 0.4707517973224099039 0.01868644798713733554 -0.001337831869581512963 0.9998244980332862131 -0.1041147016008615311
0.9985648255673537088 -0.04972915356384804281 -0.01988216350057477738 4.428090011663041281 0.04979433902995891031 0.9987555766180017391 0.002796779400027270962 0.4878035598387264749 0.01971834019916178515 -0.003782784723735294757 0.9997984184822078513 -0.1089087470911304922
0.9984903910165801033 -0.05034229504199773386 -0.02196798528453297247 4.820022803416562418 0.0504664949285248618 0.9987125482162475532 0.005136041767597152551 0.5079406449430100556 0.02168114243268055505 -0.006236935570757359652 0.9997454819590334552 -0.10897943659254411
0.998372549301053791 -0.05200686098352536729 -0.02339955582388787009 5.234328607446459891 0.05218788544879808533 0.9986113797693239036 0.007192830290667612259 0.5284788946275905674 0.02299298620227714293 -0.008402297652873480516 0.9997003170849023679 -0.101192592706857154
0.9982982397881620118 -0.05335612996953290749 -0.02353184715511613678 5.668925666717669287 0.05351931063947093503 0.9985465631264330844 0.006359611392545847647 0.5463500591031915654 0.02315832084874135111 -0.007608197096730472293 0.999702859609996386 -0.1004365500301395014
0.998248086359197262 -0.05461660870963834513 -0.0227548705392668256 6.124487311274425139 0.05477583200658552726 0.9984779518502306939 0.006433342595779143781 0.5641094762091573012 0.02236886917541557399 -0.007668488901120123179 0.9997203748897921516 -0.1014467322495596069
0.9982236811770003326 -0.05547821806984413323 -0.02171749656920005447 6.596666502670134768 0.05563356391484586272 0.9984293409836310085 0.006614954960161376768 0.5862277609925220512 0.02131639987359864805 -0.007811426424605383625 0.9997422631426771122 -0.1003808797077800352
0.9981693559051592057 -0.05732466744879179815 -0.01928261999223777542 7.08379506979521878 0.05752368820255947257 0.9982947608055415811 0.009929543986566225292 0.6147733918389293173 0.01868053070590710782 -0.01102057394566468077 0.9997647646934021415 -0.1079407438899313565
0.9981761691057877695 -0.05851008249745834333 -0.01486289593027855134 7.584941871957926907 0.05871769659819790765 0.9981773121006622951 0.01393864102769654112 0.6489730123563819397 0.01402025447328433642 -0.01478593431737158098 0.9997923827529727747 -0.1067433863008628303
0.9982014452079838174 -0.05910154370073335273 -0.01004401896069636625 8.097093494744747488 0.05924492422038231398 0.9981362148551001789 0.01463337106938686349 0.6770796457825229986 0.00916044424761591411 -0.01520210929192120607 0.9998424786606452397 -0.1026228431412667397
0.9981965303595271566 -0.05973723991687718282 -0.005928654595694133993 8.61809845670069663 0.05983441425025348009 0.9980486946642977975 0.01785065685683242739 0.7065973915115119075 0.004850737009017573077 -0.01817320131415406381 0.9998230869031103918 -0.0969984531092860508
0.9981849650527406803 -0.06003730554114129064 -0.004722021391162072208 9.143996692912715218 0.06011492543906746949 0.9980198847013496133 0.01850690358110424275 0.7349702908062853979 0.003601566619445680136 -0.01875717686819037069 0.999817581878725048 -0.096994258796090152
0.998332814949492664 -0.05728979753159133687 -0.007033469542931227413 9.674982632549909312 0.05739558762749236154 0.998224985381057528 0.01589418390111141735 0.7580686829007394767 0.006110410454046086466 -0.01627137547279807611 0.9998489412027730117 -0.09651173725159536976
0.9984627686421999604 -0.05457550825934202182 -0.0096754087038813507 10.21544350657817013 0.05470277463412177854 0.9984125393283330707 0.01341669703310610987 0.7779791160985991549 0.008927826313338263139 -0.01392534416753015911 0.9998631799937103271 -0.09696069693304726345
0.9985149894359426348 -0.0532866979523366549 -0.01132888754802100287 10.76795396940235605 0.05340811406054276483 0.998515446974696963 0.01069932266161042686 0.7946196835616214926 0.01074193763877444481 -0.01128848857277344603 0.9998785830297132193 -0.09669313957451813879
0.9985831044754964747 -0.05162055789223130714 -0.01292677295284885668 11.33275211700751584 0.05177065858197012899 0.9985921003780253713 0.01155923754374344262 0.8164619008626383678 0.01231187906327832829 -0.01221208686090962357 0.9998496299786447938 -0.1018306688956516215
0.9986985504367920097 -0.04943442970902950373 -0.01254760992354278168 11.91063335021501146 0.04959704154314797248 0.9986847390394826274 0.01299713352273335065 0.8401766558556467146 0.0118886006585141122 -0.01360254273963240092 0.9998368026860178226 -0.1077847840362540222
0.9987561208004153146 -0.04870669998368581249 -0.01067092031670243378 12.50028026034959794 0.04883166031794414913 0.9987375465965553367 0.01178057591488683963 0.8595067019734341507 0.01008365580030929666 -0.01228700105773224485 0.9998736667653109755 -0.1040623587479398426
0.9987927835253064268 -0.04832094898950140688 -0.008835240037739817628 13.10296057614556631 0.04839003557425755608 0.9987982135673019179 0.007780297673515189187 0.8756013909944406759 0.008448670599127766634 -0.008198442749719035347 0.9999307003495727653 -0.09843856699837738589
0.9988269125638460366 -0.04787347791787117252 -0.007275221661380538996 13.71779212900589506 0.04790303512720147511 0.9988442034132278824 0.003944177150731914896 0.8904668756139337837 0.007077991507286568278 -0.004288055484873714782 0.9999657567218896981 -0.1010622500459820022
0.9987826677092203065 -0.04912525345732349918 -0.004460062377034884097 14.34231366074513403 0.04913208988511903741 0.9987912568060397511 0.001436339560177947016 0.9105175983998220479 0.004384110762047482499 -0.001653723243252533523 0.9999890223258757205 -0.1052310206523912745
0.9985524666640676061 -0.05378634807718910005 8.923315312865631496e-06 14.97487821458282298 0.05378634878450871959 0.9985524465104331782 -0.0002006301562784554358 0.9360114598210604875 1.880765083727861265e-06 0.0002008196899887809846 0.9999999798339571644 -0.1087835347313379497
0.9981272775853190504 -0.06105751776362060984 0.00373058502981172711 15.61031480211069855 0.06105945383237657009 0.998134047756332965 -0.0004071943642934602978 0.9694648036442778949 -0.003698761659174065221 0.0006342192866758604528 0.9999929584392507342 -0.1103638560060420382
0.9974878319716239394 -0.07056256807766791983 0.006240917787772182028 16.24757245529234595 0.07055650124579332383 0.9975070779343390148 0.001187266966141833826 1.0134977339037885 -0.006309136272233817865 -0.0007439470283605037352 0.9999798204675519608 -0.1149498604357141462
0.9966395540891997973 -0.08167143371929015683 0.006275040965323725427 16.88323220616208431 0.08167123518482213851 0.9966592829154233835 0.0002883086878556148386 1.063149051876789875 -0.006277624412655345536 0.000225150504368884925 0.9999802701748590206 -0.1219457906598529207
0.9953949841780918018 -0.0957579854111589579 0.004385624595500154689 17.51693629996923818 0.09576603030507496728 0.9954024837173093276 -0.001662182005440489534 1.119281878179105405 -0.004206294414784912325 0.002074521488925895173 0.9999890016634623846 -0.1287622822606388495
0.9935362346161344949 -0.1134743568972990252 0.003053003691081959767 18.15014607559250237 0.1134864389351368241 0.9935309720157891045 -0.004127447538456854859 1.18624928366370419 -0.002564894269714720031 0.004447243202890776258 0.9999868215858044307 -0.1330968135048459788
0.990878126508974777 -0.1347482383562175479 0.001857596823924744173 18.78044363702965569 0.1347574805973559275 0.990858013111980851 -0.006388996386826748669 1.270069950903406353 -0.0009797086901280546711 0.006581041838009246345 0.9999778647846205848 -0.1354054291853473702
0.9870893101569149231 -0.1601582971294642221 0.002003405734282970568 19.40695738114221314 0.1601666290083151034 0.9870767811184546492 -0.005106772850161101114 1.375977341290226974 -0.001159623239961506428 0.005361719632789615012 0.9999849535050618909 -0.1392798636583351679
0.9821326638780898399 -0.1881820635948072973 0.001715075778738612373 20.02550139866402645 0.1881851092769754874 0.982131870806585705 -0.001831117792182567535 1.504823504059006556 -0.00133984705832953209 0.002121152317951051185 0.9999968527563996012 -0.1472535097450699548
0.9765467481654336313 -0.2153052231305721542 -0.0003309685960891969436 20.64236255337200276 0.2153049679857956811 0.9765466276281573599 -0.0006744098964715089517 1.649900956728081347 0.0004684102396029953181 0.0005873336083445505115 0.9999997178155001221 -0.1463498802246375741
0.9703577920603462248 -0.2416611651766208402 -0.002374159482394580696 21.2529026568289332 0.2416581561366408504 0.9703603080995965025 -0.001485946666272679965 1.809504253695510378 0.00266288572957575553 0.0008681649233139939912 0.9999960776569362109 -0.1461612488021302725
0.9633473556755828282 -0.2681690203103987979 -0.006873780518976461106 21.85662730239253904 0.2681829096813325708 0.9633673037657956018 0.001168327811673012043 1.989163065968631461 0.006308666080586461215 -0.002968935968027403699 0.999975692780330272 -0.1517609707173880884
0.9557700374543735 -0.2939453370224427431 -0.009988710989312881219 22.45772267125104804 0.2939729980503779094 0.9558127127160208625 0.001390908952420933297 2.182923491329209931 0.00913848574644456936 -0.004265800417738043089 0.9999491442193738644 -0.1495958665829614509
0.9472558705517428734 -0.3202833049165113577 -0.01117677489335940251 23.05691879973273473 0.3203074900270356795 0.9473135458936414732 0.0003969874003008203901 2.390231106025414221 0.0104607618193047619 -0.003956053358159166561 0.9999374590963112652 -0.1494856598416831606
0.9381355384548522025 -0.3460385771953837786 -0.01261009835881552604 23.65355422996453427 0.3460682581764998877 0.9382093194042413486 0.0001834821890063996453 2.615989278875145985 0.0117674198832203869 -0.004536085936650021896 0.9999204727145390992 -0.1455564891782520909
0.9288640786039937813 -0.3701806339933195189 -0.01333498014463233017 24.24825523974903518 0.3702553353249032897 0.928923191529465675 0.003562429249120268454 2.864094609251097268 0.01106842999693823451 -0.008246360107077787063 0.9999047391638802296 -0.1465513822971314106
0.918185015391423387 -0.3959746867993869102 -0.01184588218661060573 24.8415550630067159 0.3960865037620178164 0.9181661139580651332 0.009298855667573453082 3.133365284684798802 0.007194376153125225763 -0.01323006399352491709 0.9998865967490986328 -0.1449368634446529525
0.9073522395523822004 -0.4202470009846270282 -0.01021623916631910454 25.43355566054759009 0.4203541545033409599 0.9072661545902396263 0.01305792965292835485 3.416870064012056396 0.003781292247089158062 -0.01614258029146398848 0.9998625500189892712 -0.1444294062014847002
0.8962606746006377412 -0.443425550801131052 -0.009517565924293334978 26.02443562071549366 0.4435202190019889024 0.8961636919481329455 0.01343326357664837226 3.716086379257647287 0.002572644716542383386 -0.01626093879840349171 0.9998644725004269818 -0.148895224822986727
0.8851016138994559634 -0.4653010370319923816 -0.009490943553246660239 26.61354926921485742 0.4653948986936834453 0.8849842723912872966 0.01450606390307031951 4.03159995533788873 0.001649649197425805298 -0.01725637728540687851 0.9998497367607340758 -0.1544451681669354592
0.8733521323306381312 -0.4870128769230749333 -0.008631956014573199942 27.20110951362850926 0.4870893390007297596 0.8732087569962131424 0.0158253763607866145 4.366958139785355186 -0.0001696624879256587552 -0.01802565993904969854 0.999837510197733037 -0.1596190310883487951
0.860823337872560046 -0.5088471775311531609 -0.007598084793120599319 27.78687347186864542 0.5088920666732157372 0.8606055486096738649 0.01967115094003541245 4.722606390196586901 -0.00347065570285993736 -0.02079999088512570621 0.9997776327404863661 -0.1728056107268217123
0.8483259246618928273 -0.5294319214869211976 -0.006705673509117294866 28.37298880870133644 0.5294320469925731798 0.8480298979097455891 0.02338802831451069 5.097323214547367698 -0.006695757148989089393 -0.02339086919832165587 0.9997039732212474883 -0.1804532404414739555
0.8357763721134517931 -0.5490276170950546542 -0.006821398962310294169 28.95946163092809655 0.5490190289861559547 0.8354650395454303879 0.02400569741646603125 5.487820103972948615 -0.007480750495465526666 -0.02380847253140201333 0.9996885490030112953 -0.1880015613082507975
0.8219102115840873912 -0.5695600074528415213 -0.008062382037574047922 29.54488625717599959 0.5695911760854645012 0.8216555695758405164 0.02116641468408506435 5.892485096622695373 -0.005431042199996492965 -0.02198915403830501575 0.9997434575356327624 -0.1988968183357525121
0.80940046374471597 -0.5871595115379112384 -0.01070501286315281471 30.12543911565508736 0.5872500851195514571 0.8091672899756080506 0.01963757522226151908 6.31550931245073599 -0.002868242827660672217 -0.02218118220681259897 0.9997498528827046815 -0.2118446548303427046
0.7960825930715293985 -0.6050540073908047267 -0.01273393689468045598 30.70762314592834485 0.6051864841944207818 0.7958574031444158869 0.01898191793847255407 6.76231826617678955 -0.001350687567830968381 -0.0228175809531754939 0.9997387326909663585 -0.2286018872359033005
0.7812599100348032177 -0.6240743665646463212 -0.01281163414037269146 31.29007659288024001 0.6242047969312882749 0.7810561656610753856 0.01787841074558978519 7.228120467311518027 -0.001150852023704486242 -0.02196476905761403017 0.9997580829680073888 -0.2364488268586791564
0.7667440328995938081 -0.6418413499880959439 -0.01196952205916994479 31.8729850312615639 0.6419521516878702316 0.7665804126053386014 0.01587154539238573234 7.712073434101466063 -0.00101141296223900435 -0.01985327316306637752 0.9998023927699575264 -0.2454063948257987904
0.7517840601995824379 -0.6592937779547133337 -0.01234670725464680902 32.45448517876118899 0.659409374912360402 0.7516538471181996028 0.01399179724340232286 8.217858374214667805 5.574514221840014489e-05 -0.01866034465414688134 0.9998258790558821607 -0.2576207670231765445
0.7368724787427736178 -0.6759067645366648724 -0.01299983557812425979 33.03142004323319014 0.6760312413973348367 0.7367596338413449075 0.01292294845404735708 8.746745256591438533 0.0008430458226872742647 -0.01831086004383955176 0.9998319867248676163 -0.2676489853307301159
0.7209735152583085505 -0.6928424648080123704 -0.01290384651318321127 33.60132234331607037 0.6929604997176224135 0.7208923466689147741 0.01095309752025862629 9.293357710384235304 0.001713513110725624908 -0.01683874915020286064 0.9998567499396480152 -0.2755391291913619201
0.7046723197671675987 -0.7094106602355312319 -0.01316954434088524369 34.1714173768321956 0.7095258587906747572 0.7046265754276572757 0.008628146292657012939 9.862885865534469332 0.003158711970778091405 -0.01542414812168557692 0.9998760514150771828 -0.2835009420207176833
0.687064073742154946 -0.7264527921716208425 -0.01446718075129377334 34.73305975656408862 0.7265829596260896528 0.6870377958058744294 0.007501327562367611154 10.45452559406211535 0.004490139622218157836 -0.01566549968119522462 0.9998672065659076624 -0.2922955995791314265
0.6698780470325420566 -0.7423558213618621782 -0.01308574010221121887 35.28880743970661626 0.7424631844477400655 0.6698484337926123855 0.007176035486640213248 11.06795889593099247 0.003438290794676701276 -0.01452274890436999755 0.9998886277584478899 -0.2972102537399691213
0.650972628981724144 -0.7590513013827854261 -0.008703917837529131368 35.83703996003185921 0.7591011213367646615 0.6509244487090897202 0.007927777622645832897 11.69979290901341962 -0.00035199700153978208 -0.011767920031487673 0.9999306936764384979 -0.307405241135478402
0.6305497972683153929 -0.7761478484129575861 -0.001212670121238330467 36.37408437382123338 0.7761231811224325039 0.6305155246277571734 0.00910938679494488826 12.34731641783250566 -0.006305623623564889611 -0.006685103388938787826 0.9999577733601540119 -0.3110937525631329859
0.6087679052237340294 -0.7933191463322150083 0.006809525110637427471 36.89482489086893935 0.7932632491780977624 0.6088058967817209233 0.009423245046789681736 13.00961278885575823 -0.01162131975783772982 -0.0003348231329199924389 0.9999324141263526977 -0.3160784923088679754
0.5822211789308562313 -0.812953964450589095 0.01115125501610929326 37.39133650294967026 0.8128757502201537921 0.5823231881202014515 0.01152038547734668059 13.68759514588748871 -0.01585917741833012609 0.002357172372757392487 0.9998714568533392244 -0.3276709489062775704
0.5555435316726500261 -0.8313760611211868934 0.01360990122299427299 37.86304463225599903 0.8312777451331754275 0.5556966056822976174 0.01336386469089688098 14.38222603795852095 -0.01867337310136362588 0.003889399412959643459 0.9998180723057689123 -0.3372679569427264323
0.5286796473564727705 -0.8486609683300592177 0.01650428138762543781 38.31076123990858662 0.8485768118399450444 0.5288941416077727053 0.01372520967168874145 15.08967507020331311 -0.02037706746786975553 0.006748911472498481112 0.9997695871126237588 -0.3574022101127832807
0.5018468497480272905 -0.8647672944075629475 0.01809049255836557568 38.7337811894069759 0.8646756180467561892 0.5021071094191088546 0.01498419921941205463 15.81207843361267784 -0.02204121034428371817 0.00812263465941621271 0.9997240658565486049 -0.379737359030843713
0.4746339557134655607 -0.8799642065600737917 0.01963678326223436757 39.13358193456578249 0.8798684182250607888 0.4749427635483455257 0.01615357431622794354 16.54823788311455246 -0.0235409153160541923 0.00961075055134779678 0.9996766771211190727 -0.397433073061754405
0.4460891751705668984 -0.8946880900271920734 0.02318769844418146903 39.51070847425107502 0.8946294403701319231 0.446494350534168305 0.01676184250300887316 17.29005620905235219 -0.02534979721157057039 0.01326712118608326836 0.9995906018349542954 -0.4183264190241895442
0.4167277878110549061 -0.9086565576696714608 0.02610002049821908907 39.86883250043124605 0.9086003160540691015 0.4172425317069373696 0.01881848562534360267 18.048005271351375 -0.02798957899916080724 0.01587230098909596723 0.9994821927021817487 -0.4437440157740987212
0.3881889639173717876 -0.9210877241438968355 0.03011200299173361072 40.20111397617354498 0.9210572566714294585 0.3888618597270948607 0.0209757951574155721 18.81676858654192941 -0.03102995690712586144 0.0195923066789478531 0.9993264147881512072 -0.4660131208815974091
0.3581153857713875732 -0.9331397324233989821 0.03167980818435935098 40.50625001295297523 0.9331455225743341408 0.3588503633956171557 0.02158356759913904188 19.59285365196021189 -0.03150879517346374947 0.02183246352616016045 0.9992649995687308273 -0.4902195319049958422
0.3291779946419298719 -0.9438154946869300455 0.02922601294023738708 40.7824093352575261 0.9438325260212011569 0.3298083506658719966 0.02016468833122939466 20.37482589608109151 -0.02867072841690616186 0.02094668995145895427 0.9993694139366691154 -0.5180266729551528115
0.2992519297995179794 -0.9538204817000918156 0.02597635849516974696 41.03069512343952852 0.9538618715746329801 0.2997395482572768888 0.01742794212356563871 21.16143768198827502 -0.02440927011205195479 0.01956251261798489655 0.9995106280738930149 -0.5436771510329529988
0.2696367676824326098 -0.9626424212596410568 0.02481093116241057245 41.25324481693316159 0.9627190350293172161 0.2700580861818715483 0.01551417674275511541 21.95615575235305883 -0.02163499724960655027 0.01970276323668425714 0.9995717723179504688 -0.5680894211669198501
0.2402749275253780459 -0.9703844391221894128 0.02493991804694458206 41.45271281165683774 0.9704610104932955839 0.2407111423574396225 0.01623493324002430599 22.75516178613615637 -0.02175744274968813285 0.02030237066183162437 0.9995571156419745806 -0.5921030812410541522
0.2114677604318128123 -0.9770210275909420039 0.0266701695362701191 41.63095402770702691 0.9771151955397989752 0.2119717540408312395 0.017716380388608996 23.56618431564187688 -0.02296259878964029486 0.0223133846377749287 0.9994872845228360836 -0.6076906815528836381
0.1811042630109743756 -0.9831764003415361941 0.02377838789135144903 41.78229198042506454 0.9832710435949602035 0.1814946191053918856 0.01541940541872468227 24.37761086050256409 -0.01947564496826960367 0.020588080222509339 0.9995983344352977751 -0.619853355272964146
0.1519443095278347755 -0.9881033689600351444 0.02376255566933192093 41.91286193884465661 0.9883417610952925925 0.1521283130915561665 0.006126959357875277554 25.18571879918299317 -0.00966902669171743577 0.02255456950921497575 0.9996988553144836587 -0.6344639727801957285
0.1224333524685857766 -0.9920186507462986913 0.03015080056642159209 42.02313252693978995 0.9924613366604021492 0.1222057037069209651 -0.009287691626238010062 25.9887509879740648 0.005528963515061744577 0.03106062705402671403 0.9995022101073413046 -0.6302357437613592683
0.09228283725433505946 -0.9952921797999602083 0.02962017517391699398 42.1046129454102811 0.995640293681603894 0.09182787458219554555 -0.01637214241710672341 26.80444143259231282 0.01357510758334443471 0.03100190766324192188 0.9994271350005163868 -0.6382449118605845184
0.06347630297100681496 -0.9976301615696782088 0.02654844039846702974 42.15648648813331079 0.9979649987234319175 0.06329136524036371725 -0.0077501231571886018 27.64227216431142864 0.006051469579669560041 0.02698636345395357544 0.9996174847927868923 -0.6644597484431874479
0.03300873144372018508 -0.9991439786362188435 0.02493458649073361164 42.18315004250904821 0.9993725826189312489 0.03331624260408283522 0.01201952945475416763 28.49745875797911765 -0.01283996721351607188 0.02452219267792769136 0.9996168252426639311 -0.6745356809704836643
0.001924396265449601628 -0.9997206581928509417 0.02355636392711164123 42.18872075226924778 0.9996249416517859476 0.002566659225418876922 0.02726514786470655635 29.34739016690893365 -0.02731799272782068494 0.02349505996743943628 0.9993506438835415562 -0.6717553487203742346
-0.02458291389757194523 -0.9994316708978635555 0.02306546228908155916 42.17262164750986386 0.9993169883329661163 -0.02393023509184843967 0.0281584921041469205 30.1935986343735081 -0.0275905268785319735 0.02374192609611429361 0.9993373223150487927 -0.6838859093711719961
-0.0486460840453899479 -0.9985452736801038176 0.02325714767927586704 42.13347710003638014 0.998636160661679595 -0.04818219728967165771 0.0201070754521743382 31.03442457374729457 -0.01895724468242002136 0.02420355914872720712 0.9995272935736096986 -0.7075241300114445409
-0.07256555892316329803 -0.9970988348326605966 0.02298158466076022713 42.07477363692260042 0.9973067655069489668 -0.07229606987229963977 0.01234883618351028528 31.87819359309612821 -0.01065153191970701074 0.02381579006395390108 0.9996596185759396569 -0.7388595152215275963
-0.09478020958168431598 -0.9952825264688752727 0.02072207463998116533 41.9927247678542912 0.9954599345294041779 -0.09457346400048916024 0.01074144560396650579 32.73184948562644792 -0.008731014738664071365 0.02164607152998328232 0.9997275713757983739 -0.7657701724579435432
-0.1143276224207234737 -0.9932626298744711146 0.01893522765835718366 41.89420548490960527 0.993374034361609981 -0.1140741577351216396 0.01396833537546935192 33.59581995190146131 -0.0117142053833574223 0.02040673006319050978 0.9997231330525290227 -0.7832412494973282069
-0.1319198925597599992 -0.9911064250131329523 0.01746986676276076136 41.7810713301062151 0.9911475353363253804 -0.1316184676041431967 0.01741097878537823176 34.46602286791461722 -0.01495677584739259387 0.01961206983529167544 0.9996957845129820219 -0.7959194780825624704
-0.145773816595068384 -0.9892036127998208306 0.01504017350597294279 41.65475002991803422 0.9891968928741891043 -0.1455013227855592728 0.01785699290761693508 35.33488619741493153 -0.01547583675791206273 0.01748077490945151857 0.9997274233435869961 -0.8176143103368258558
-0.1567182788907901525 -0.9875504540039027335 0.01354554754132003547 41.5184469907316398 0.9875419750972850297 -0.1564909561240761526 0.01647507427375505609 36.20859795912052448 -0.0141502113928295252 0.01595874205751018557 0.9997725191609739825 -0.8336819469596636889
-0.1631491700102758458 -0.9865386481041730216 0.01112852738458406515 41.37465343369215987 0.9865167126465002045 -0.1629769855758207431 0.01494248445747160293 37.08494587570244505 -0.01292764456895416705 0.01341633218916435909 0.9998264239539225162 -0.8553766175820709527
-0.1669497253200729059 -0.9859121687911277521 0.01024620149750481678 41.23154119001030438 0.9858763478754848375 -0.1667859546477954424 0.01517471686457349395 37.96441748404330951 -0.013252015516467942 0.0126349025243067889 0.9998323576094907406 -0.8759155844550901016
-0.1706266208663125283 -0.9852803268684202642 0.01045149452483003748 41.08614043195508714 0.9852292226252018503 -0.1704426006761001755 0.01651359319191118141 38.85354238573185626 -0.01448913859013431504 0.0131147764306666012 0.9998090155135077595 -0.8960362359668735399
-0.1739932159612842533 -0.98467319511463125 0.01204407000119730661 40.93814498354664977 0.9846314840686454239 -0.1737726091084377256 0.01743332740538968556 39.74416540972404022 -0.01507320072935180479 0.01489225121967529229 0.9997754845330939499 -0.9178483971881685743
-0.1765465745282357446 -0.9842030175069864661 0.01325621938897014913 40.78853744271870596 0.9841859720059370487 -0.1763135547009793136 0.01707345704400842906 40.63991105011677973 -0.01446649677962363705 0.0160608455209322043 0.9997663575616444476 -0.9356840487460398315
-0.1774135126855449496 -0.9840503330556028549 0.01301489645496205043 40.6351041633096699 0.9840487883817212733 -0.177205751158831637 0.01568769711273331272 41.53993755803273302 -0.01313116906610467018 0.01559050253813585793 0.9997922327311639101 -0.9584796456639148587
-0.1788797575186420463 -0.9837931156056469728 0.01237489543415606214 40.47704596687167111 0.9837953813186154362 -0.1786959901851361554 0.01464208960203267594 42.44818739056906054 -0.01219344275551673476 0.01479353841000138718 0.9998162186997566758 -0.9781032842666176341
-0.1797075882334375763 -0.9836563654980372551 0.01119541631708465858 40.31689813287017188 0.9836398969789784674 -0.1795360052755674563 0.01481134298015658081 43.36473648541341674 -0.01255929148103940469 0.0136739688782361226 0.9998276285303439037 -0.9971665651163115207
-0.179776916637138795 -0.9836511491756297909 0.01052031225326038183 40.15767889522129508 0.9836125401467843421 -0.1796007780457318237 0.01580921855621837332 44.29048091089450168 -0.01366129973442328262 0.01319004362504636388 0.999819679561637531 -1.022777256356331765
-0.1796668883999461563 -0.9836743153773753745 0.01022988169692370941 39.99679732616561978 0.9836225823590241113 -0.1794861306167836457 0.01647253440062277502 45.22238476694585074 -0.01436748711661458081 0.01302191165177638173 0.9998119848906029672 -1.042470058113876163
-0.1794684969227771099 -0.9837084039205457042 0.01043238555519019478 39.83655100558472384 0.9836701305064909917 -0.1792950584073520481 0.01569574401064377858 46.16099392942096813 -0.01356956011161001077 0.01307891764624288626 0.9998223887029036305 -1.06808069096224445
-0.1803739743532499773 -0.9835363821010730812 0.0110188229655099907 39.67600971048584313 0.9835203787413384635 -0.1802075733804524571 0.01459092515309702055 47.10214802148620095 -0.01236503038846123448 0.0134690600956770528 0.9998328312491201464 -1.085727178851762398
-0.1810006175366427605 -0.983424316370795637 0.01074199338984577375 39.51060383577943469 0.9834149448085499623 -0.1808488254542861551 0.01373858286003849273 48.05462319525166492 -0.01156817956944557364 0.01305052881835428759 0.9998479188951739927 -1.107122142259740372
-0.1818857005620302392 -0.9832662646518536276 0.01024913306825277724 39.34299384812462108 0.9832499683284922076 -0.1817388175415617368 0.01380224549174991454 49.01478274791615775 -0.01170861704383044724 0.01258789085535009546 0.9998522157252713871 -1.132142910557308202
-0.1815511535798408627 -0.9833343174231413686 0.009633213990889117131 39.17235757980113675 0.9833031802360671092 -0.1814043499161623885 0.01439852663058416478 49.98329904662118395 -0.01241105843456388226 0.01208643907276845363 0.999849930549116972 -1.156304049730706218
-0.1816768357112343857 -0.9833140225380780919 0.009330618732843984006 39.00280355007463129 0.9832725433211798594 -0.1815275139531788984 0.01492873834848401811 50.96145161227048703 -0.01298587373464815502 0.01188674715651727616 0.9998450241539359462 -1.175873091627333
-0.1825609883835894731 -0.9831414922907993903 0.01021232865838266578 38.83046012623542254 0.9831148828605390522 -0.1824041432840486365 0.01462380288846386843 51.94571543872888242 -0.01251449633486344248 0.01270962820196395483 0.9998409137120027879 -1.196701912892657926
-0.1833900728075978925 -0.9829764483525018637 0.01119746310222452176 38.65629362518274093 0.9829690726250712718 -0.1832278585792681547 0.01411928125165975122 52.93819123233686952 -0.01182723375230560273 0.01359609593807992005 0.9998376181745768365 -1.212124439677279231
-0.1853785309035262951 -0.982608432446695268 0.01074563933411302671 38.47780175809571546 0.9826009272210570744 -0.1852279621654724373 0.01363890964649686066 53.93998054842670342 -0.01141131475200349125 0.01308703620667604414 0.9998492443258413243 -1.236712349360478136
-0.1865518135365404895 -0.9823955990835329111 0.009864469957118607302 38.29412793258610037 0.9823799916266099386 -0.1864144270566718831 0.01338706229294526345 54.94808911509719707 -0.0113125115659725179 0.01218803866255069313 0.9998617298384961938 -1.258133171629096214
-0.188110756725818451 -0.9821074467620272141 0.008905403899441596827 38.10719469861385278 0.9820892315427977026 -0.1879927630247812953 0.01262783979886576875 55.96392316300052983 -0.01072774401807628265 0.01112133377255787418 0.9998806085945471933 -1.281338916525187388
-0.1891242763808747007 -0.9819274848011526613 0.007100892584222828242 37.91853086516672988 0.9818989436348950495 -0.1890329006795241629 0.01187547680568421839 56.98405051333571691 -0.0103185547480105673 0.009218299884866143143 0.9999042706055140117 -1.305410720539821323
-0.1887599558761452467 -0.9820034462456025404 0.006237837717978638764 37.73011185383305133 0.9819713961162762628 -0.1886808987013068872 0.01147587359282609305 58.01773874197257186 -0.01009238659025300973 0.008291563605692322744 0.9999146932143190281 -1.327341477591179153
-0.188418171638103038 -0.9820666999988175716 0.006602223109416656237 37.53902592268788396 0.9820474413145111603 -0.1883441965277010688 0.01045402515570882651 59.05812880486183758 -0.009023059579531892901 0.008453424617687558401 0.9999235590824216979 -1.345912266872322904
-0.1879853782192641987 -0.9821508584666894803 0.00641784924295768066 37.3495502650418274 0.9821445675845690282 -0.1879274645923529885 0.008678503097316861772 60.10987442344686826 -0.007317509130870590225 0.007934687456673790093 0.9999417457007605536 -1.364498751162486645
-0.1882861995705242819 -0.9820958110275443964 0.006010408758057363479 37.15561863068160875 0.9820881845043327729 -0.1882331393677740827 0.008431079452616365572 61.1730469474524341 -0.00714876970344223428 0.00749020733373976632 0.99994639450613787 -1.388997527315489311
-0.1883696905233345209 -0.9820829083989018882 0.005479116981576393104 36.96014129283814498 0.9820471054132898781 -0.188300056428272633 0.01125039992571776233 62.2477149981648239 -0.01001710744289174837 0.0074999853242490944 0.9999217008239262849 -1.407934269089337942
-0.1881976780909881963 -0.9821156585435064645 0.005519710573511097708 36.7620054078704328 0.9820366745389443874 -0.188098639069523621 0.01492889281509078743 63.33717671532104276 -0.01362364935148321216 0.008230141180297611755 0.9998733224536496822 -1.430943260617565604
-0.1876059789370554398 -0.9822292391245408538 0.005451465481397205042 36.56510287905668122 0.9821246678230572957 -0.1874935850663270731 0.01665209933989001551 64.43575080272654532 -0.01533406405747394542 0.008478052123083253469 0.9998464827720701109 -1.461015629791377446
-0.188075043866553937 -0.9821320719035724345 0.006661172043248529684 36.36666184525171985 0.9820322425153070744 -0.1879401973100853773 0.0170633201752579608 65.53631646946790568 -0.01550653200915557903 0.009750670409882320269 0.9998322218710531395 -1.484535092482348828
-0.1888897639181807975 -0.9819634731758698498 0.008270092823971628496 36.16918297696322782 0.9818932877221278055 -0.1887397088370750264 0.01621400118192657322 66.64179819351221568 -0.01436066200303028756 0.01118300748811988828 0.9998343421439150891 -1.513858433708172857
-0.1885666246829154069 -0.98201589837290304 0.009348978476456297135 35.97033259456516419 0.9819636616795111017 -0.1884058899151623834 0.01582996482128067733 67.74836411832497163 -0.01378387451552694903 0.01216536017290214405 0.9998309901254330834 -1.541367950114532537
-0.1892635193145828509 -0.9818749906555337414 0.01004106477694261673 35.7687590893933276 0.9818139977275384123 -0.1890772981014265941 0.01706016438766561061 68.86867394598591829 -0.01485241135063532399 0.01308732470218610354 0.9998040447053667679 -1.566057466676850973
