1 0 0 0 0 1 0 0 0 0 1 0
0.9999975030080680005 -0.001897277602114399954 -0.00118081130143960736 1.209441222274489025 0.001900764939842112004 0.9999938149205940263 0.002959258893742487337 -0.0392068366563749493 0.001175189462409989083 -0.002961495949219250697 0.9999949242228532986 -0.01183816286315009236
0.9999931075503544209 -0.002114671386756311264 -0.003051723564039776366 3.690545216507217674 0.002146993838330133863 0.9999412224510013658 0.01062742022577608386 -0.04851533445213312978 0.003029070689741976668 -0.01063389900850559427 0.9999388705929145305 -0.01612019401951925168
0.9999808495794136887 -0.005769516591714761097 -0.002239007086180387802 6.152129787897423263 0.005805124171920088456 0.9998513231537425883 0.0162367521708844699 -0.09489669884317969428 0.002144995986622588117 -0.01624943894440852507 0.9998656683406073054 -0.03270125776599974721
0.9999656960586583709 -0.008141254598720466112 -0.00152534569248615067 8.612371498719934237 0.008174108748779693873 0.9997034810746813216 0.02293760827391350815 -0.1026056416999742149 0.001338152489777028184 -0.02294928976511462562 0.9997357348055490034 -0.03776343752220978622
0.9999372504183674515 -0.01119290527485635942 -0.0004627064547700404304 11.06915072780081033 0.01120121846031334537 0.9995889410535344632 0.0263909383781244615 -0.08538996429452128112 0.0001671249817613014812 -0.02639446523386521776 0.9996515914428680816 -0.06485138018606551036
0.9998813204876622063 -0.01534081935680411263 0.001415698170783540695 13.52382990970668786 0.0152967489768305008 0.999514341239754911 0.02714942221850327048 -0.08306362480239803947 -0.001831505006460699145 -0.02712454455876869494 0.9996303840279618935 -0.08781573846867107846
0.9998181195837416713 -0.01890494963731148906 0.002516074569968865596 15.96909369681866764 0.01882894871629149994 0.9994468909125009404 0.02741136508047009243 -0.07063976352467313258 -0.003032893382595636643 -0.02735900445093473674 0.9996210714231585914 -0.116471553275730999
0.9997417526631474649 -0.02256749744945705377 0.002671336910020076071 18.38898436326127594 0.02248761060926629876 0.9993854893343095958 0.02688774957315304831 -0.06249507500350021116 -0.003276484564910987426 -0.02682073389919312906 0.9996348897882689766 -0.1434056029905699248
0.999666610812872225 -0.02562164369518110663 0.003193524739648691355 20.81212417303225948 0.02552631937372047688 0.9993100440129170092 0.02697856471595090622 -0.03124668275376807358 -0.003882556520694151973 -0.02688805142175822865 0.9996309111094977551 -0.1745410458185792102
0.999574247771045088 -0.02897513466597969115 0.003429980180366793991 23.25790166151672977 0.02886917489599131331 0.999199053788959235 0.02770959487385701164 -0.003292842746625279648 -0.004230122193747131408 -0.02759877675435923675 0.9996101307949459835 -0.207738543105005613
0.9994606371181071758 -0.03268213581108293797 0.003211362684772744742 25.68350706155769103 0.03257750168388295203 0.9990624355807502521 0.02851238670290214688 0.03027707003179797018 -0.004140197519904558615 -0.02839239000656968576 0.9995882807207230325 -0.2333894691213316275
0.9993382893415667656 -0.03628320836560648688 0.002551910376347972 28.0754178185241372 0.03618819370529382379 0.9988755231013624059 0.03062848323583203247 0.07410721704923328712 -0.003660340451250553625 -0.03051586701500540871 0.9995275802938623499 -0.251547960656523184
0.9991641970942031215 -0.04081429767084763377 0.002258395610134243323 30.46201541767315391 0.04072002996273374475 0.9986466622799120563 0.03235309996005653055 0.149717383768676604 -0.003575808290512602888 -0.03223409720818599944 0.9994739499217789591 -0.2755681840258061843
0.9989383777848831469 -0.0460132070547596625 0.002214083341200706514 32.85407345803334067 0.04590788893509324675 0.9983339195042469916 0.03495498391947468586 0.2434463266181641772 -0.003818785412812543585 -0.03481623103989583967 0.9993864352362140657 -0.2929237955910781732
0.9986451810578137467 -0.05198726251909032564 0.002264262744828967125 35.22207670648899835 0.05186514094318680351 0.9979417990105445835 0.03771170829518504658 0.3396831971607173206 -0.004220130916192314612 -0.03754317945205156576 0.9992860952558487719 -0.3024069849775035124
0.9982907131158811342 -0.05843694943233865985 0.0008803678934752107643 37.55500990192626887 0.05835087650891290084 0.997442229836684624 0.04128163452510152237 0.4257179281764350565 -0.003290488903972182098 -0.04115970213041819648 0.9991471621354424126 -0.320905414561868163
0.9979258611974215487 -0.06437268894225575688 -0.0003639666579272753414 39.86645598742697416 0.06433009803680961314 0.9970256187333882414 0.0424447178795996638 0.5363860382728964371 -0.002369396538987004943 -0.04238009565406768847 0.9990987506009568753 -0.3337222171141667193
0.9974356449951460313 -0.07156009256550005526 -0.00113456825890809773 42.16920137720769191 0.07154562926473308215 0.9965775919657057225 0.04140442156278349023 0.6871202480513023403 -0.001832218936270418224 -0.04137941932715325649 0.999141825082864421 -0.3481277711286079324
0.9967595108272516713 -0.08041106368989650588 -0.002130354824262868998 44.47028033309847217 0.08043176697660013585 0.9959549021919068545 0.04005700514181191607 0.8160765091636067448 -0.001099289061051966472 -0.04009854905315973772 0.9991951250518547045 -0.3655822777052937234
0.9960343315434684319 -0.08895611394449234877 -0.001555692338026400936 46.7600006079205528 0.0889494315024964427 0.9952816311801687688 0.03876175009884273021 0.9691843928951429099 -0.001899742650675183926 -0.03874641179821602249 0.9992472699740662101 -0.3729199246303015469
0.995126880900595201 -0.09860115662437719808 0.0005502920930629032724 49.04166758107919577 0.09851723462202982562 0.9944812380576700805 0.03607522188028256666 1.144646398445535063 -0.004104313764879443695 -0.03584520977227956956 0.9993489258236587514 -0.3923617364196940738
0.994183265281319728 -0.107687225190115643 0.001759706062517285606 51.31957846631655684 0.1075691698993214152 0.9936382520310607092 0.03334513139618883182 1.361496383735821158 -0.005339355929703517786 -0.03296188149228587716 0.9994423473351249365 -0.4092917441251691102
0.9931581882156039764 -0.1167752252727244644 -0.0005999523343388024708 53.59120070542522285 0.1167349662226002532 0.9926521340256887482 0.03185417516204856747 1.588196590110870332 -0.003124234515429940955 -0.03170627030652686112 0.9994923469351538747 -0.4301867013436422305
0.9921580494764933311 -0.1249354032166027917 -0.003681016449984880583 55.85031003224272439 0.1249892562449198968 0.9916538556664693527 0.03162777837861658475 1.827989863492688105 -0.000301135089178608355 -0.03183984241371196761 0.9994929383205907181 -0.4580564270572842211
0.9911213144261601382 -0.1328526173731132132 -0.005359304737911227412 58.10082559694624393 0.1329571504295310735 0.9905829606318906633 0.03267712128412327 2.113134384408737354 0.0009675948633941797248 -0.03309954928501947224 0.9994515914226705933 -0.4724664495620201077
0.9899494534195626416 -0.1413606129137306155 -0.004154129386945895792 60.38491460314032366 0.1414212759891257665 0.9894532900201075121 0.0313402228133829383 2.405676415993096118 -0.0003199561166698658638 -0.03161271872268156535 0.9995001418924581715 -0.4734941234239875563
0.9884234409888124073 -0.1517068822847832954 -0.00203055934819469262 62.63187438183007316 0.1517064345082261845 0.9880614314213457261 0.02682844509848902881 2.696821979130332725 -0.002063742386277003359 -0.02682591293939992974 0.99963799015560173 -0.4874599739097906781
0.9865461868835744275 -0.1634827513845643066 -0.0001055708874409334771 64.86547373456275523 0.1634514018121854539 0.9863439420772835975 0.02023035276696238255 3.00070977193671462 -0.003203184526536255548 -0.01997543309109908391 0.9997953398979773088 -0.5006067786185098845
0.9847838379496105521 -0.1737834873464982333 -0.0003033791762477816654 67.06539467381432473 0.173762436630378353 0.9846342069656178753 0.01738085410624238755 3.322994299283324349 -0.002721787925028887941 -0.01716910011847535764 0.9998488955195244943 -0.5141463682994925621
0.9827614387366367943 -0.1848515311577278719 -0.003141012725104095141 69.28583329462247775 0.1848782024925931244 0.9826258744367349918 0.01632302455274679126 3.671747117796348547 6.910429392189326096e-05 -0.01662234388061449228 0.999861836909735846 -0.5442414965831005036
0.9809736753847504431 -0.1940386643690345247 -0.006296422159880473747 71.50628953644370256 0.1941246246329590142 0.9807945407077373057 0.01891293285060426446 4.060223231878813621 0.002505656250769499986 -0.01977537983907969379 0.9998013082802867935 -0.5587365803129473729
0.9792049107616942472 -0.2026904488735406518 -0.008621176000124049568 73.70658708580413077 0.2028366313353516248 0.978953994488158008 0.02250283680352701057 4.471279130991530515 0.003878624589871958357 -0.02378357860209697958 0.9997096066659401092 -0.565627738722286999
0.9776454063820042562 -0.2099787095391018321 -0.01088121870285308802 75.92455010393956627 0.2101943437674401727 0.977326050053572426 0.02553683094781578414 4.92770696506498318 0.005272307686487909435 -0.0272531360943221064 0.9996146604290492288 -0.5687717715460598455
0.9760849500967756498 -0.2170972738189437257 -0.01126693813586825133 78.14089930426445108 0.2173246052831893094 0.9757481110250001421 0.02618472397505615737 5.392482152349438174 0.005309061412422756872 -0.02800709787761821584 0.9995936255976188844 -0.5617763352932763077
0.974320705267215037 -0.2248972674188768062 -0.01097189113684943207 80.35991031943134999 0.2251004869779048845 0.9740496366636793857 0.02360245914442426346 5.88078341548125838 0.005379038009414937628 -0.02546614267760944142 0.9996612133754199103 -0.5659932072309070694
0.9724260063308542978 -0.2329070756675676312 -0.01191454218202929287 82.59274452204415695 0.233122407505807927 0.9721976237876664984 0.0220391338375835362 6.379159746523163754 0.006450219385529080973 -0.02420897365847672275 0.9996861108689475417 -0.5701042549865992237
0.9704148902996561077 -0.2411471677571966343 -0.01195759873004835667 84.83817099034264686 0.2413644197846922801 0.9701738749507001769 0.02249153674478738055 6.901536534041126103 0.006177179510524190287 -0.02471226104235982671 0.9996755206603136212 -0.5709860153187994447
0.9683425864037984443 -0.2493449123469646811 -0.01182159225682243194 87.07486914069620809 0.2495695312364180629 0.9680394230788963439 0.02479363715778938604 7.430602298083905488 0.005261600064296894155 -0.02695904396973433995 0.9996226915756771803 -0.5738322384676874943
0.9662985426368148056 -0.2571672952179696048 -0.01149385784850096709 89.27443079234852519 0.2573932417398522854 0.9659098786700303085 0.02769161234556806461 7.970773015033848274 0.003980653792761874171 -0.02971680598450875468 0.9995504318629756524 -0.564913026027741294
0.9640764765782257051 -0.2653825830296355215 -0.01134160187241958252 91.51126216859576346 0.2656000134677559132 0.9636908775076322708 0.0275050078076272235 8.542935676585893034 0.003630448242535828755 -0.02952926062549441136 0.9995573233249156475 -0.5760361194695476916
0.9615665846743934875 -0.2742635417814087151 -0.01300818538997514442 93.68995541853279008 0.274530520134035283 0.9611642912782288883 0.02821699286876592008 9.116423179043755098 0.004764110888562777396 -0.03070366136371079774 0.9995171776544433673 -0.5770339980429211035
0.9591426234635349601 -0.2825255943567226979 -0.01499054331464198982 95.89732502850446849 0.2828535294047502258 0.9587342965286881347 0.02867803275884787256 9.714314319403129616 0.006269669749171058806 -0.03174645166033581573 0.9994762898879664403 -0.5848134985531485697
0.9569147826440571603 -0.2899637869336121887 -0.01533300441516988882 98.10167898205463644 0.2903007178732450733 0.9564996129801390801 0.02887877371224042283 10.33849770789115041 0.006292214201332679661 -0.03208570765875291136 0.9994653147580868646 -0.5842074229368001692
0.9546973814015461413 -0.2972008317518259335 -0.01498584502300964912 100.2712634158257003 0.297516270228603108 0.9543160180485985578 0.02765875349916775347 11.00783961760317453 0.006081027404280595246 -0.03086427225595601148 0.9995050864321894935 -0.5779252231741618395
0.9524346890756556494 -0.3043322482250542249 -0.01581283452272832027 102.4810936631207454 0.3046499114684879106 0.9521426989319984324 0.02475302633481926001 11.69053356845898861 0.007522930785386103963 -0.02839301957830012851 0.999568527891722125 -0.5719131796704839399
0.9495694128937314238 -0.313109062339966826 -0.01675246779555151361 104.6817410959696559 0.3134167494395141418 0.9493865995332556595 0.02085727205198559253 12.38514863910097219 0.009373967539042224462 -0.02505593157854068762 0.9996421004666162791 -0.5685073414571498729
0.9462285478918408543 -0.3229665881795714677 -0.01855041978353214743 106.8728814148850432 0.3232794309365814578 0.9461425593998232797 0.01745470783691363548 13.07727225353507805 0.01191405421417299562 -0.02251311200165409879 0.9996755549177857025 -0.5670488456074993522
0.9432794568229013743 -0.3313641275731948332 -0.02053487992532536735 109.012138005661015 0.3317039724443180959 0.943244981144460759 0.01616725735691846091 13.79172446377885386 0.01401217329864069133 -0.02206174298284761109 0.9996584109064493573 -0.5487675225853942962
0.9403508948275323132 -0.3395748941762199435 -0.02071438732544147662 111.1746601886876107 0.3399317912492906268 0.9402939873369255963 0.01713460463723375654 14.51056238932334352 0.01365913229704082167 -0.02315401959130767087 0.9996385944338369578 -0.5273672236607760411
0.9374467496820328982 -0.3473494470772108822 -0.02327988672111320351 113.3524721022807569 0.347830712703779299 0.9373139896250615166 0.02136071518304392611 15.24180127830075548 0.014400930892582018 -0.02812199260909623022 0.9995007587396425031 -0.5104270644276013291
0.9341962344454647349 -0.3556643356852188798 -0.02793341850733950527 115.5049969256692748 0.3563542471691379943 0.9340014266467853155 0.02555358186804021492 15.98810388077854405 0.01700135501750243625 -0.03382625228076051316 0.9992831123281366024 -0.4947575083924304895
0.9312172510286219618 -0.3633120351442206131 -0.0289619838074169772 117.6383114211762404 0.3640947393158101564 0.9309094658969293556 0.02902735099946205169 16.77567617545203404 0.01641499891101787234 -0.03757567594679216832 0.9991589545151927654 -0.4652210554724186542
0.9282459730350193228 -0.3710178791072293869 -0.02655460274685796096 119.7732477850968706 0.3717153261727096925 0.9278766656657033707 0.02953996617148800519 17.58649533293805689 0.01367954065698710753 -0.03729110746370947749 0.9992108103256008844 -0.4419605483627567777
0.924850991960534996 -0.3795253994830007915 -0.02472071635052624367 121.8940067038730461 0.3801313093373696606 0.9245128694794408908 0.02785932210853979407 18.42560586613560503 0.01228130005624319086 -0.03516283996151435554 0.9993061314506027637 -0.4139689499167658049
0.9213701604075975604 -0.3879917216335047048 -0.02322609425510412107 124.0011482149961353 0.3885214698113330645 0.9210737075501669313 0.02596714761830905271 19.27473476412642484 0.01131790643711929473 -0.03294919124437879071 0.9993929436363966357 -0.4030849708649050234
0.91810957002241389 -0.3958057064733676578 -0.02031403840640086042 126.0974460762268734 0.3962234045846508845 0.9178337983945938916 0.02425143673888099233 20.1424668327109373 0.009046053979853592442 -0.03031437361500730412 0.9994994785690102246 -0.3868163167708374983
0.914691011272886989 -0.403797140187097281 -0.01697714561712052733 128.183555990221663 0.4040990746889839835 0.9144514521530088258 0.02196541578847132845 21.0027494232590648 0.006655203384583715728 -0.0269520172153248222 0.999614574241459608 -0.37350274939650141
0.9114633940424867742 -0.411068803781335701 -0.0160287204209231364 130.2727559906063846 0.4113305477842102986 0.9112704932245729861 0.01983100193598221275 21.88247045011831915 0.006454593720123847495 -0.02466833468285174399 0.9996748528816171708 -0.3689550900313840476
0.9088567765943911247 -0.4167891955682941352 -0.01631337169279786434 132.3448667762975504 0.4170457356159076312 0.9087026580499676376 0.01823002077645962185 22.78208490622515825 0.007225928524388623188 -0.02337190001814047971 0.9997007253405904015 -0.3632834564589868531
0.9064960348464217166 -0.4218988295976940917 -0.01631920316102707796 134.3995995608916587 0.4221398709868422472 0.9063847704483217749 0.01626582990674973334 23.70721558824072517 0.007928942610914173003 -0.02163389663095901042 0.9997345179524581571 -0.3544303623805995507
0.90413788003975748 -0.4269518966241699909 -0.01570897343040421681 136.4397158843558486 0.4271545902995809163 0.9040827800842059503 0.01316369025807324726 24.6461141921384197 0.008581949848971285807 -0.01861195111312567013 0.9997899506459105856 -0.3545665759873131151
0.9012410808739722556 -0.4331248723406350698 -0.01293673471254846649 138.483180094172468 0.4332723260505108587 0.9011779294091298853 0.01238672776213615469 25.57191816489297764 0.006293299920876220359 -0.01676855705724348763 0.9998395920698098793 -0.3379676827277908746
0.898066444249527307 -0.4397351400884423889 -0.01047226262125942886 140.5173834791373508 0.439839012086830905 0.8980009888616392599 0.01165621936987845143 26.52460647655086134 0.00427845293199463541 -0.01507416912854779752 0.9998772245958963412 -0.335794513607243994
0.8946575950774907637 -0.4466406656405399467 -0.00999516714898020589 142.5392834530309472 0.4467269712737364507 0.8946216941395870315 0.009329389659006150429 27.48529286062107602 0.00477500856071054209 -0.01281172006370592809 0.9999065251923573427 -0.3293525670144923367
0.8910463212505623787 -0.4537751412022081876 -0.01116129977894646935 144.5201655144327617 0.4538525381820374682 0.8910587410781185547 0.005673934613712988684 28.47937397035286722 0.007370683249313815522 -0.01012132279865065806 0.9999216128543495508 -0.3296620481050591689
0.8873936137724030004 -0.4608877000660878687 -0.01072856764657691836 146.4996940180267018 0.4609585217772891874 0.8874055961595095354 0.00534313631511704884 29.47234425824789028 0.007058005160934328372 -0.009686889726704023956 0.9999281717856393081 -0.313508432094360634
0.8835739798263714251 -0.4681935264241569583 -0.009583526923805582576 148.5055273105691356 0.4682639443392008771 0.8835591728578238158 0.007215711378095966515 30.48199037324825156 0.005089263766088682195 -0.01086323493764481361 0.9999280421715398548 -0.3181603032364448413
0.879580269444298235 -0.4756381856884831505 -0.01033759736417831122 150.4721297378873146 0.4757182863562082753 0.8795659379917215581 0.007474807760450946116 31.50619840839252461 0.005537294520653162841 -0.01149247752710913506 0.9999186273540864311 -0.3202662567429341856
0.8751393418879583885 -0.4837551223582158277 -0.01058838382845368742 152.4245351426373531 0.4838175896839588264 0.8751583199366722576 0.00429592341942893613 32.53751579709299335 0.007188337242746788321 -0.008882377936611179567 0.9999347134537712734 -0.3206560002842673285
0.870102919848464329 -0.4927992765685531018 -0.0083535552124573767 154.3778965811265209 0.4928187219796086871 0.8701319493987449416 0.0003128928334493438269 33.5721685517823687 0.007114501919458263504 -0.004389037371773276373 0.9999650594962742334 -0.3087469669547513451
0.8648403177897042715 -0.5019921653341608003 -0.007422308840520265225 156.3055063985335664 0.5019827546028914345 0.8648716513459731026 -0.003215708224142718123 34.62452416320653015 0.008033604838220848379 -0.0009447969147912009319 0.999967283740869739 -0.2957450182066752031
0.8594302288978272752 -0.5111893676439761558 -0.008069204693159982497 158.2323967259604558 0.5111571165383739235 0.859467672584458775 -0.005807064183294317894 35.68314226568395497 0.009903730044964005955 0.0008661350965594395625 0.9999505817495137894 -0.2934451532319022338
0.8538547677178338624 -0.5204242677173984699 -0.009519307555370308191 160.1322719426546541 0.5203937239985413354 0.8539078185096851126 -0.005639992106434417625 36.79790204915750707 0.01106379991025206212 -0.0001380537586566289612 0.9999387847627001502 -0.2745155626542854499
0.8482237373305303585 -0.5294796047137771966 -0.01295529317189900165 162.006851566025091 0.5294792013796240093 0.8483146637050955619 -0.003742545832212792935 37.92191113385366918 0.01297176685818364657 -0.003685042069365644223 0.9999090727308778126 -0.2707201194454362803
0.8429168533939885855 -0.5378878839536436196 -0.01295386275397294659 163.8498727634500085 0.5379206368674275263 0.8429947627649803099 -0.001103803857452784329 39.08042617279152608 0.01151376118036068728 -0.006037735228222126764 0.9999154859570860143 -0.2369865313476415825
0.8373053380476601637 -0.5466786943007094779 -0.007885180693245430125 165.7132334675647201 0.5466821817452000021 0.8373380403607516564 -0.001896925703455124273 40.25750051241756466 0.007639570616322864313 -0.002722381767455750706 0.9999671122583534411 -0.2290846731697344651
0.8313758785485836356 -0.5557080365031218383 -0.001651282354961504861 167.5381155954830774 0.5556956512195977416 0.8313717236254732912 -0.004837393062065281461 41.43683953801979669 0.004061007657950798169 0.003104081483271582762 0.9999869363621443075 -0.2136278674490403873
0.8252022290000494698 -0.5648302186177077688 -0.00284699659686202429 169.3767344768204453 0.5647986134502356315 0.8251941540426479538 -0.007558728631856887793 42.60593861869094923 0.006618723293913508082 0.004629499985009588245 0.9999673795838779355 -0.2134074898228961459
0.8206513619083484201 -0.5712851688867054412 -0.01282957552148574973 171.1784481204354336 0.571293059449324736 0.8207390976184414377 -0.003402038432606467166 43.80942223822201242 0.01247326833686250754 -0.004537559978122718274 0.9999119101833128243 -0.2140226288390187914
0.8171968391554347289 -0.5759502607388400364 -0.02169385233721341302 172.970854883685746 0.5761508914170165863 0.8173339623840081281 0.00391717411331301852 45.03873403723952151 0.0154750248382261469 -0.01570003466617552607 0.9997569867311442149 -0.2115246744723466854
0.8139450059476809329 -0.5805008141804314237 -0.02263475267561085302 174.7590375679790213 0.5808222544587577918 0.8139502310454134193 0.0114249773113233085 46.27882150743216982 0.01179135353875310904 -0.02244607130378186224 0.999678517256797794 -0.1840278205106216092
0.8100305325594736594 -0.586098195579188519 -0.0184239371534621714 176.5019496448489065 0.5863491960105889911 0.8099375062251613633 0.01399486861326715639 47.55503059551939771 0.006719870471320548745 -0.02213913161318682016 0.9997323152685736458 -0.1570498009888736668
0.8042664266390501249 -0.5940816026009039241 -0.01491859351263168272 178.3060964886893203 0.594243257017598614 0.8042114443098588028 0.01090432621335186286 48.79887761136605207 0.005519644043754096466 -0.01763525707758689318 0.9998292510411153078 -0.1504249771000338853
0.7992606573349206878 -0.6007240007451746244 -0.0176939697428820028 180.0547809388375526 0.6008996201089203959 0.7992961900055245428 0.006726603571468318249 50.08661247671128081 0.01010189039267938779 -0.01600860928887971879 0.9998208220671993551 -0.1495615040738784707
0.7946791194246070056 -0.6066003947453463274 -0.02282670027229530274 181.7886440070458889 0.6068798123442616932 0.7947566283758926708 0.007667791179787729165 51.38669712374033338 0.01349038618887236397 -0.01994649712037476277 0.9997100313256349624 -0.1371076544592715329
0.7906780023925938927 -0.6118518281916097701 -0.02157862069369156227 183.5145709745227123 0.6121530225040291429 0.790651425151494891 0.01178986620330696282 52.68536283584008117 0.009847516013642938076 -0.02253140573721798198 0.9996976353797512038 -0.1184387266835726926
0.7862646968102299239 -0.6176700540570178033 -0.01647819380629919964 185.2888718635482519 0.6178651666437259271 0.7861919061089559513 0.0120383809994314521 54.00887993033614976 0.005519275155129362183 -0.01964665594872067045 0.9997917515721934656 -0.1110439389085682294
0.7816199518249603573 -0.6236388442316129765 -0.01203506853344193071 187.0293611172844521 0.6237402693365847739 0.7815884666881864895 0.008218585519074898121 55.33560602853533084 0.004281041587205581221 -0.01393056730602196258 0.9998938003495476678 -0.1089439247170154168
0.777820581044909698 -0.628361885889255456 -0.01250935908260066357 188.7760985653383443 0.6284447041966048086 0.7778441548080043955 0.003965425357151031692 56.74573403260042426 0.007238609687022851819 -0.01094582992374351985 0.9999138919612425846 -0.1105138092808723993
0.7742490772372063734 -0.6326818017040406472 -0.01587778919949196441 190.4721382308561317 0.6327710524800040925 0.7743385405009701739 0.0007872980218358286873 58.08024942101564392 0.01179667498418355762 -0.01065657014973524046 0.9998736300012923683 -0.119410500988731183
0.7711920701198190509 -0.6362673920485680812 -0.02065421990833790633 192.1553912113633373 0.6364394672417507115 0.7713229386931916842 0.002393487567440491428 59.43928392463600829 0.01440817550367858718 -0.01499099934669701796 0.9997838138403934982 -0.09598364889442079217
0.7680626501416909502 -0.6399580256229793207 -0.0230974218920779184 193.819294600331574 0.6402069182605620856 0.7681873901676969929 0.004820311053925556595 60.82121893661341261 0.01465835149791874445 -0.01848943017187659396 0.9997215980978317873 -0.08318166935003823426
0.7645623918081747572 -0.6441641672858261503 -0.02229068454582173661 195.518975475394484 0.6444452513729999055 0.7646038367025647098 0.008443392831613126537 62.2098098749696149 0.01160461181401868311 -0.02082062642372245823 0.9997158768870132439 -0.06352083926498064415
0.7611015465865270668 -0.6484032920685721679 -0.0172512787420079465 197.239702738271319 0.648596198301615301 0.761071766316441245 0.009630060470424058397 63.61349850051355048 0.006885298271554879043 -0.01851856772566935413 0.9998048086087111264 -0.0406325856255538298
0.7575193886181946779 -0.6527040252634509487 -0.01190929353089050825 198.9147527750637892 0.6527897875588329901 0.7575195094026372367 0.005448498259290466238 65.02299171752756024 0.005465265447372385198 -0.01190160826427081112 0.9999142376195638837 -0.04021079249435777214
0.7539873933858673993 -0.6568320025139601226 -0.008644714494207525121 200.5930799160252036 0.65686213414415906 0.7540101662040481489 0.0008977686364055804296 66.42679851113409484 0.005928519441319455088 -0.006355291845759127554 0.9999622307481363936 -0.044734126059862378
0.7508590023360610655 -0.6604510667571157345 -0.00389191858633945514 202.2670093150168782 0.6604418369776996478 0.7508690869610500362 -0.003492021735415383205 67.84638526745081322 0.00522863083574557231 5.163009586015328961e-05 0.9999863292835140527 -0.04284034691997762323
0.7487450734082858883 -0.6628468552478694598 -0.003855066125314592345 203.920624518807216 0.6628159971189192534 0.7487504141541305724 -0.006911676154927274413 69.30894618360645154 0.007467865161706091839 0.002619883972185560288 0.9999686831085755623 -0.05720846324187367493
0.7474789343700550814 -0.6642664220765361893 -0.005036186518007537694 205.580491440428915 0.6642188083064711757 0.7474898327227139649 -0.008504391106976524894 70.78820002147456592 0.009413679670476649344 0.003011723394708903587 0.9999511548857050736 -0.06713301602251031674
0.7466956132859954298 -0.6651617140442985798 -0.002356961837209315628 207.2612114509848595 0.6651458291136248535 0.7466959257471057487 -0.005120594244940504525 72.22798591832111015 0.005165957045875605932 0.002255801924714825098 0.9999841119965240388 -0.06206537310217541403
0.7475295374650781088 -0.6642187506171732814 0.003611363427793924229 208.8956203147124313 0.6642213150020714885 0.7475357342037957098 0.0006089214325907519633 73.67979667074173733 -0.003104080244652116221 0.001943557808102530909 0.9999932936119528826 -0.02721902685111721176
0.7491278955871174539 -0.6624078578974195164 0.004819320384550188768 210.5430409585824236 0.6623927447201225505 0.7491433798462761029 0.004477518804040296792 75.0938188692064017 -0.00657630560112373256 -0.0001619513819146180895 0.9999783627541100062 -0.07497368066079079796
0.7514641527043677272 -0.6597676352809616063 0.002880040984942662096 212.1823799094125604 0.6597236089526428149 0.7514535969158008255 0.009069259771652873198 76.55327962819326615 -0.0081478212306922565 -0.004915192577443037482 0.9999547259206885697 -0.08909593783748692708
0.753624156896266717 -0.6573039134333572564 -0.00148173127955963024 213.8284878409665737 0.6573045247420310488 0.7536169820168668876 0.003493732880752689791 78.02343965870983311 -0.001179786439947820304 -0.003606910171184355383 0.9999927991255602722 -0.1359761711991001043
0.7533348590412853873 -0.6576162067151646307 -0.00524545696814681002 215.5077669611901001 0.6575580895110038071 0.7533440173312065946 -0.009494760129540782273 79.43629623628163472 0.01019554176518068164 0.003703541121231623129 0.9999411656248970992 -0.166024618818558789
0.7532411435852961468 -0.6577397012674820465 -0.002502995581067719161 217.1610580328099616 0.6576319537453567676 0.7531772281920632306 -0.01562934246812434924 80.89383242114055861 0.01216523831991684658 0.01012661391998266429 0.9998747214862145904 -0.1390522754215062218
0.7530806887658181292 -0.6579242522691898243 0.002270348878142175019 218.8360828308593113 0.6578797509307927616 0.7529789205618953041 -0.01473019024592521313 82.31515677857480284 0.007981824555770853161 0.01258663837053107352 0.9998889273370769049 -0.1099143732189247213
0.7535396857853575714 -0.6573944444438306611 0.003238265105235766435 220.5095442587596324 0.6573891331587616849 0.7534839962242683153 -0.01006951034950486455 83.71624537359905105 0.004179659229707506987 0.00971657595524750943 0.9999440577354462567 -0.07578889773322705636
0.7544833087508344693 -0.6563150372183260695 0.002347069981954988047 222.1660473976614867 0.6562990738861231854 0.754427279983167498 -0.01053588313414190875 85.18916182002783444 0.005144164908895837614 0.00948952782316247849 0.9999417415175163582 -0.07554167074249784619
0.7544056057121375503 -0.6564068538393857954 0.001491409662770232973 223.8465622816274561 0.6563587208360481817 0.7543183977383682848 -0.01403511367561553758 86.62417397596989588 0.008087747063896569624 0.01156706817218983684 0.9999003906796568586 -0.07008765779175685218
0.7539704465666954292 -0.6569073390904609511 0.001146103445715604061 225.5371912389304043 0.6568102643893027892 0.7538265866621206568 -0.01859445708243668074 88.04310238694218071 0.0113508720754097632 0.0147724436173079926 0.9998264512467657239 -0.07959989825714708367
0.7544001918224243486 -0.656412636527527682 0.001673674182468024626 227.1884231934194247 0.6563035119647968596 0.7542229313430350857 -0.02033396220595258194 89.50370807252585337 0.01208514629464624637 0.01643838323251912981 0.9997918427331450308 -0.08427919138946715627
0.7539538092381680157 -0.6569219698488375503 0.002679377759695617759 228.8796724640766911 0.6568324432945207292 0.7537691602130851543 -0.02007970486363160056 90.91611504379066844 0.01117116694918077018 0.01689907221072308591 0.9997947921385719194 -0.06859829619551893742
0.7545131386053898215 -0.6562770653738351223 0.003215141699944212318 230.5357545600479909 0.6562088020549722289 0.7543419285314665323 -0.01892783571901410569 92.36125552113821868 0.009996588289114779688 0.01639110501871791567 0.9998156829630365783 -0.0646750846915298272
0.7552927565502198792 -0.6553745414363785216 0.004130658522203876221 232.1984801940122338 0.6553086119035209656 0.7550889529796596111 -0.02028044016194249441 93.78885410408659595 0.01017226955261353767 0.0180245256563982062 0.9997857977622061076 -0.07434109127716737042
0.7564205385197514397 -0.6540702931322175395 0.00447443263715338168 233.8533389546701073 0.6539964417931093399 0.7561867940482092099 -0.02168378723939790725 95.24450577356134318 0.010799214204815933 0.01932832504451435091 0.9997548663665168922 -0.07479870539993638268
0.7568060322222722736 -0.653623289469929758 0.004607065713608639659 235.5224166576676623 0.6535485208533844403 0.7565642560913627968 -0.02201947536332966859 96.6480025805134062 0.01090690067500126557 0.01967541276394087213 0.9997469268020953148 -0.06117266972382751078
0.7567387801943685766 -0.6536884254763776214 0.006153125072137581239 237.1880534365111259 0.6536373869616486365 0.7564654090932456665 -0.02276513148076483514 98.04462379357353541 0.01022667667852741706 0.02124917042151861987 0.9997219052519106253 -0.05347073352606934726
0.7568851300541467042 -0.6534841942418657679 0.009127309514686422071 238.8427307645475537 0.6534793121113434688 0.7565294765036549851 -0.02505872749345420744 99.46658006900671012 0.00947040365575386317 0.02493108616095911223 0.9996443129420743423 -0.04345625855118662173
0.7568783137892483026 -0.6534785322906038196 0.01005116664185849024 240.4836147932146275 0.6534874593526994735 0.7564871909499359948 -0.02610115701322709286 100.875490538144561 0.009452966957421007205 0.02632371106043844555 0.9996087752974702756 -0.04539087046538203829
0.7566142996864955172 -0.6537824039252063679 0.0101670953419440227 242.1343700756113151 0.6537848285019250971 0.756196125351803583 -0.0270706118074173982 102.2723124789207674 0.01000997155951898268 0.02712910467924968885 0.9995818186365136304 -0.04439594502577048907
0.7565646151128724295 -0.6538095821064998647 0.01195882539529432437 243.7962135136235702 0.6538478627973342006 0.7560862292536171259 -0.02857597327135480772 103.6781787741649623 0.009641341943400515146 0.02943882264579796015 0.9995200849641590057 -0.04746448802160374569
0.7563361070220497862 -0.6540600514324852455 0.01269418508078490326 245.4526917730542266 0.6541200863733482862 0.755851118240841946 -0.02856570771033459938 105.0547210477827207 0.009088774265759304305 0.02990879760544651322 0.9995113095949152981 -0.03644491656793724665
0.7565637299389380566 -0.6537723445397792821 0.01389402950341406956 247.0773977555517433 0.6538578718997031247 0.7560283099634943493 -0.02985092776671688722 106.4637709041957834 0.009011431388685032379 0.03166884981653915465 0.9994577920330725007 -0.03169283723268523367
0.7563973854096754934 -0.6539784165530696525 0.01323729685949718259 248.7472574463061221 0.6540369241789749655 0.7558478952174376708 -0.03049034446960117301 107.8716978101934103 0.009934644226768077693 0.03172049775947622524 0.999447403751682506 -0.0428002356643548687
0.7566392767171969957 -0.6537243003392301244 0.01189722971372118507 250.3891891577008266 0.6537541684651754226 0.7561415663637101048 -0.02924754402410787574 109.3053797736891681 0.01012384034267874156 0.02990770407468833214 0.9995013942429979981 -0.02466667348987106045
0.7569946614110754091 -0.65331116943807932 0.0119832584291842334 252.0323327755913283 0.6533354588698121468 0.756471353857550266 -0.03006441378601928949 110.7231024570756261 0.01057642560146467708 0.03058768837905676344 0.9994761290501751327 -0.01720214828802624218
0.7564602380636347156 -0.6539388251578974742 0.01148569457272421816 253.6910871643386827 0.653957421981636422 0.7559699385071407818 -0.0291400464763126206 112.123993572349633 0.01037296793791227072 0.02955444170710402885 0.9995093478860217484 -0.01612016484106160163
0.7559684336824789019 -0.6544469899290666914 0.01452117930622803636 255.3526412005585655 0.6545367526538635738 0.7553726257437207714 -0.03152515983102797958 113.5169905491249409 0.009662644617008135303 0.03333667124685500693 0.9993974683023689742 -0.01628138993200689555
0.7559544405171516601 -0.6544396646466742462 0.0155437833087296879 257.0252719235810446 0.6545775585095552351 0.7554038880824561764 -0.02988621363735912209 114.9614639867928645 0.007816889283466571872 0.03276722763763573881 0.9994324414560863401 -0.001101702117157987715
0.7554746670024281574 -0.6549351779944250218 0.01783087611367699735 258.7297771469747545 0.6551414038546110596 0.7548657197438406463 -0.03110443876720522458 116.3882269515551968 0.006911474009202199682 0.03518036072902377964 0.999357080200063419 -0.0006465350200079988952
0.7554591344662220376 -0.6549339036811449022 0.01852236379416467502 260.4161975086585699 0.6551539806112178788 0.7547897475199800699 -0.03264504139989391623 117.8444311784946734 0.007399854108194336283 0.03679699509065392782 0.9992953633993684193 0.006566866233712387313
0.755467536379074045 -0.6549121303437114294 0.01894473557465985863 262.0897331771928407 0.6551296842457945413 0.7547072707967971139 -0.03495757752555736508 119.2965518941474841 0.00859641188739969711 0.03882057360616029962 0.9992092197170474588 -0.004177425298093728756
0.7550242713612553835 -0.6554695985870747643 0.01726137258460070864 263.7960017484390391 0.6556280003221998109 0.754301896726156107 -0.03435947887900354242 120.7240897657930958 0.009501307747820340877 0.03725927969543030294 0.9992604621557178435 -0.005527211349538596608
0.7551487792120806786 -0.6553337874852179779 0.01696903753262172729 265.4886082489103956 0.655472437050711787 0.7543955375589329604 -0.03525985221139384118 122.1763279793158432 0.01030560630458188069 0.03774917073854500149 0.9992341039952785664 0.00397294009614390653
0.7553093789956776272 -0.6551390550658637846 0.01733668159052220367 267.1768614788050513 0.6552916496021753412 0.7545517906183529799 -0.03527675206559117982 123.6608898342798426 0.01002975387653539004 0.03800544437372712497 0.9992271965049448479 -0.0003821324859356600712
0.7548634807491850784 -0.6556552581802744806 0.01724261731241709047 268.8684796551011686 0.6558111092001853715 0.7541347254595432981 -0.03453411220347149535 125.0948071357468052 0.009639215779690032612 0.0373764401276659719 0.9992547659343614663 0.0265221702359019762
0.754475416039118163 -0.656097052585819962 0.01742137138113772701 270.5627164570001923 0.656253684025630557 0.7537235704074669584 -0.03509817110631524573 126.5271237885139044 0.0098969083752206196 0.03791354639729967169 0.9992320121994652249 0.02670551086752892544
0.754129786331426244 -0.6564653948985474941 0.01847838381492815721 272.2455698077073407 0.6566540879560623933 0.7533346626976427096 -0.03594850134318262891 127.9440686189548018 0.009678540091846852406 0.03924374190776301619 0.9991827933780522697 0.03103469319333984622
0.7544758492731256094 -0.6560658305348000541 0.01854235336409467555 273.8752265523626193 0.6562511777471695673 0.7536549317918190827 -0.03658736792010880423 129.3793899046869171 0.01002918586171189751 0.03977272671758372291 0.9991584186906496967 0.02440280531261063146
0.7542367189984545695 -0.6563118518354724706 0.0195377801896501474 275.5184447586590863 0.6565343326931668555 0.753395291710422077 -0.03685382508921117989 130.7745040544618007 0.009467930586165204318 0.04062373159694730035 0.99912965661197084 0.05176499404111800651
0.7549420129484072373 -0.6555052206649417679 0.01937686162444508114 277.1085635155976661 0.6557180362176300292 0.7540853942955053624 -0.03727029767907695523 132.2050853964433372 0.009819066366092291456 0.04084267120547058899 0.9991173415292620152 0.05371503665997479082
0.7539183189565703547 -0.6567141129601792304 0.01826861189648320768 278.7792924941356887 0.6568885496764452769 0.7531025509486621861 -0.0365237054335147554 133.5519705517997124 0.01022749459425693029 0.03953633257578310217 0.9991657904275853541 0.05287510483666313377
0.7536411713763332409 -0.657023550439003734 0.01857522476402959088 280.4085424606979586 0.6572073428544707996 0.7528125207631128912 -0.03676706515964740102 134.9452098029692309 0.01017316591206321626 0.03991694816507908306 0.9991512117515106706 0.0537467829651703255
0.7539081223516105323 -0.6567286310199392796 0.01816723013961012156 282.0139837818982755 0.6569165594626371618 0.7531633328989995046 -0.03472215258653055248 136.3444870536113456 0.009120140132725737189 0.03811166717879597293 0.9992318669201919468 0.08978688679114865678
0.7537701527419576886 -0.6568522537629926106 0.01938230022064400468 283.6212618948408704 0.6570757021693541811 0.7529639641780531134 -0.03601097427065570039 137.7484294163866991 0.009059716000856060658 0.03987963610351574067 0.9991634181505220091 0.08339180498082865434
0.7535560194652966004 -0.6571056071868905946 0.0191192711985955395 285.2430658982040654 0.6573222884970914004 0.7527693591453178401 -0.03557669148324830305 139.1263103416187619 0.008985241931308254187 0.03937655311851885609 0.9991840433533455412 0.09377225111544351677
