1 0 0 0 0 1 0 0 0 0 1 0
0.9999988272562029268 0.001529185879113978625 -8.412351546009003784e-05 0.2792116615744473229 -0.001529178249176308671 0.9999988266940145198 9.068889940769131876e-05 -0.00161877335199941963 8.426209694183246464e-05 -9.05601532027612685e-05 0.9999999923493787524 -0.006518766922851249035
0.9999791379921634249 0.006359091802709630412 -0.001133812989232530193 1.130281930984860184 -0.006358321045500128083 0.9999795530335406912 0.0006821058000960327373 -0.005464029687167554217 0.001138127379598339586 -0.0006748824230083871282 0.9999991245995083489 -0.03133187619559807402
0.9999588627785476191 0.008956409229765323332 -0.001433696042654327915 1.712238766799866641 -0.008955104315728925832 0.9999594845150235889 0.0009140214126181266194 -0.02585836710150904438 0.001441824305580027181 -0.0009011449146978463189 0.999998554539212603 -0.03494103342676990742
0.9999301018139278296 0.0117104345217263206 -0.001630094997348777251 2.316015717255967665 -0.01170904681657425686 0.9999310784314151546 0.0008582596544400785147 -0.03269953860663382672 0.001640033242130577466 -0.0008391128050076339428 0.9999983030888928148 -0.04600248195215450586
0.999894186279784325 0.01447417380549584527 -0.001454144606347049706 2.941175819525113866 -0.01447315342270985225 0.9998950064976288576 0.0007097965268576207415 -0.04135550405795626605 0.001464265648908149621 -0.0006886753626600508908 0.9999986908253202245 -0.05356387538221318856
0.9998689245188945307 0.01614988681780358398 -0.001146707112250074101 3.546061919985342037 -0.01614988073370807534 0.9998695820656446909 1.456571032594343061e-05 -0.0576924998403169631 0.001146792795650368934 3.955381980878682044e-06 0.9999993424251032437 -0.0617214119692650609
0.999839487728709897 0.01787161911787406993 -0.001266494570310161246 4.210002016563453076 -0.01787083975470360811 0.9998401090483086673 0.0006240390435602739382 -0.0898559821263341385 0.001277444657389194054 -0.0006013055561198033146 0.9999990032828910413 -0.06328624145474059937
0.9997934945876609802 0.02019761063409623511 -0.002241585346594166493 4.872630442341418622 -0.02019383780723434108 0.9997946499618056704 0.00169316932572057704 -0.1058220419053365335 0.00227532301173612693 -0.001647553466170613564 0.9999960542285996068 -0.06746484051173484708
0.9997496294417139717 0.02224195806050078758 -0.0024441220899551995 5.549314112042615932 -0.02223745070185086797 0.9997509942979715403 0.001856121359200426854 -0.1441877287114846362 0.002484797263044882278 -0.001801305596574793695 0.9999952905292650573 -0.06969189274783693655
0.9996979895601760813 0.02418983416607984119 -0.004333773455036969008 6.212599862863147138 -0.02417875703841301793 0.9997042949858433447 0.002590423698039280142 -0.1666835519391896281 0.004395153856171549189 -0.002484856107610042535 0.9999872539751220035 -0.09601617886309887773
0.9996358192926104724 0.02652238175309527823 -0.004979161910848856586 6.873037367377293094 -0.02650968103362852032 0.9996451762690776732 0.002599687185000772779 -0.1847434750073175258 0.005046345082002003102 -0.002466744435011352342 0.9999842246621721831 -0.1055618788127312691
0.9995756850936878823 0.02884880984677913596 -0.004024417959017978497 7.564408166843818115 -0.02883966134590635125 0.9995813742064731944 0.002313065704215658876 -0.2133803184932511199 0.004089462426520424319 -0.002196021384905618486 0.9999892268355390357 -0.1081363976207201372
0.999513367029333466 0.03105164961084201994 -0.002970553169081428021 8.258695886420339249 -0.03104169349537667238 0.9995125067359329485 0.003340979405911331454 -0.247460011160457044 0.00307284796629034556 -0.003247142574191751608 0.9999900067853072505 -0.1174185222544406049
0.9994518398958639471 0.03297680833312863213 -0.002924011103350498963 8.983066589157967741 -0.03296801479574908156 0.9994518860862207088 0.003006226725216702526 -0.283879934665381084 0.003021544174704107657 -0.002908179990343757407 0.9999912063413077812 -0.1376845954176000308
0.9993817670643053708 0.03510710766536932759 -0.001890674694006753715 9.701435721317807293 -0.03509942718901370995 0.9993760079355329395 0.003952843766296040666 -0.3181667011878670515 0.002028267839688944075 -0.003884038389329660772 0.9999904001416016763 -0.1345639665838640475
0.9993273243888283197 0.03661818168027104053 -0.002001874195890773062 10.40262011314340995 -0.03661116175773871523 0.9993236743351481266 0.003437549715646752175 -0.3493684517004612688 0.002126397097016804235 -0.003361946419786446261 0.9999920878445270889 -0.1407857426858714067
0.9992621642935739512 0.0383610156846428893 -0.001886660267526360079 11.11169989178154438 -0.03835546849240033945 0.9992599692633532538 0.002893417448429714493 -0.3694038559120223497 0.001996258513060211823 -0.002818918843275695918 0.9999940343064572801 -0.1372358195731675501
0.9992071681435593655 0.03975978491754886962 -0.00204808052549653374 11.84717047780141996 -0.03975216889930521802 0.9992029618930364787 0.003634007702831884568 -0.4160828346291708391 0.002190935491924894674 -0.00354971090278961279 0.999991299639240272 -0.1429645013819518251
0.9991393038420031125 0.04141653716181797895 -0.002306939019818596021 12.57972965474424498 -0.04140694126169540412 0.9991341050864744888 0.004062667645806520948 -0.4623902278537969091 0.002473203078584182771 -0.003963647634884615197 0.9999890863224251136 -0.1480286571942073248
0.9990417460928152638 0.04367774302214940535 -0.002800772805847617786 13.32292958134807215 -0.04366457289502915368 0.9990356452563253775 0.004602671091043644865 -0.4944149947747363827 0.002999106152436424241 -0.004475966015143817249 0.9999854854399226056 -0.1598011000686350158
0.9989773381663119567 0.04510778059682794827 -0.00309288858162832473 14.0621082955880361 -0.04509281669503636958 0.9989715168035436799 0.004748315252297466253 -0.5472003258688613592 0.00330389356029881431 -0.004603992273645086085 0.9999839436423398897 -0.1509240870039210147
0.9988751495193608498 0.04713837078017368842 -0.005139034234697068861 14.80640679244808489 -0.04711299285379513813 0.9988772898514123311 0.00495234524803694811 -0.586054222394595925 0.005366710075341231748 -0.004704659316929710698 0.9999745319775293906 -0.1784232532265255244
0.9987742490658486627 0.04919137316332437837 -0.005496199528453793968 15.55329210893630076 -0.04917075761683264989 0.9987830619377091601 0.003825151202361337915 -0.6307708852764323249 0.005677675434251169828 -0.003550210224874422293 0.9999775797531774701 -0.1866790674412404094
0.9986770478672984952 0.05121213591284316802 -0.004633702439967715865 16.27702368110402276 -0.05119276367843154929 0.9986799295760975248 0.004207042767210606056 -0.6729254649181608539 0.004843037272409082827 -0.00396426501704391903 0.9999804146046324949 -0.1700502594411794632
0.9985837894836344653 0.05308498078182481011 -0.003521391187831672542 17.02940508274700093 -0.05306548140232682925 0.9985763405173310181 0.005417272612179627189 -0.7294772199717129979 0.003803953738382390062 -0.005222736295148040081 0.999979126262917295 -0.1530032238875425055
0.9984550184020491992 0.05547710837316719573 -0.003141126281351221995 17.77582816905195173 -0.0554581492988095448 0.9984439828867445188 0.005831527553316851083 -0.7692566099008004699 0.003459754921159012564 -0.005648316900281442725 0.9999780630654252489 -0.1601247743425759928
0.9983456169091322607 0.05744552872844242708 -0.002457728104148114781 18.51332796219374544 -0.05743288926912158698 0.9983371638199177722 0.004936655366094372561 -0.8077984538152918059 0.002737230082591125997 -0.004787333820872117195 0.999984794387575926 -0.1482501787472061405
0.9981965080001065083 0.0598663952821760284 -0.004443662038394542886 19.2338004626988095 -0.05984609275737601958 0.9981971578218011842 0.004569387065430921373 -0.8518481987424900703 0.004709203549302413798 -0.004295210401881809775 0.9999796870784599667 -0.1846331180690874429
0.998100093670687194 0.06139028466048577354 -0.005237935076924711379 19.99333416625140458 -0.06136575457198967937 0.9981041758605810887 0.004722107101765712737 -0.9381099727008499478 0.005517896372339866837 -0.004391705702200796729 0.9999751325611299091 -0.1857676483994255001
0.9979543665890068249 0.06360470230104892098 -0.006443915822629295125 20.72320965497516809 -0.06357170340145161525 0.9979637119496553854 0.005202706824628442438 -0.9784938141014931645 0.006761710772582377182 -0.004782413288300270057 0.9999657033071523982 -0.1755471833681661042
0.9978251029360313273 0.06557398346317083737 -0.006716892396812520691 21.54410705660562542 -0.06552741193655158003 0.9978266787095816381 0.006933796961461878745 -1.054014715328376539 0.007156971118848964343 -0.006478576091788815043 0.9999534018224183196 -0.1825453579948577154
0.9976443102417703601 0.06829387173906413533 -0.006463538126333724307 22.30952932235949859 -0.0682509187351289931 0.9976460373495910083 0.006648026208524358827 -1.098011967889777729 0.006902342648197739954 -0.006191223105870684654 0.9999570122872383227 -0.1945120222280742883
0.9975138632776071601 0.07026184273562928462 -0.005419042754675592634 23.0572715824482728 -0.07023071452090598465 0.9975142863894503886 0.005735432575531817026 -1.155010111998179934 0.00580855462798696761 -0.005340590261306773188 0.9999688689098248373 -0.1710496974196391573
0.9973411240728108362 0.07267186203603843986 -0.005429797546601487258 23.83321295536008577 -0.07263825317580036023 0.9973393910743147961 0.006150055860175633604 -1.219898212870222265 0.005862286989768949498 -0.005739292615814765505 0.9999663464894804621 -0.1843349602262549514
0.997167296233092415 0.07500348791150789063 -0.005644477326775186946 24.5913184241357996 -0.07496211376261587012 0.9971602737930277405 0.007215945485845350581 -1.286405426076961733 0.006169669636603383744 -0.006772382898385569464 0.9999580341226589342 -0.1819669838907664872
0.9969597254392493779 0.07773742423018674408 -0.005310247277911469589 25.39213319062317709 -0.077692787890922127 0.9969440314045459051 0.008150396100059855223 -1.358364720732692543 0.00592761012827048954 -0.007713048742725678829 0.9999526850392770339 -0.1715760890074875533
0.9967712227179783557 0.08006770731069935698 -0.006024268197438438152 26.16677995709197546 -0.08001471224350430178 0.9967567844034447289 0.008576629308414336281 -1.446253937548400925 0.006691441242041159046 -0.008066907196251275544 0.9999450733027246407 -0.1846944890486106328
0.9964766866371166376 0.08366368683734315415 -0.005882218416265419525 26.92049718461479557 -0.08361172330229307836 0.9964614214641084322 0.008585759148101007251 -1.503490727114907166 0.006579719989061772953 -0.008063686409539567654 0.9999458406565597812 -0.1770115058683481291
0.9960793592271804942 0.08830858736976067436 -0.005244379689433795178 27.69649452378564902 -0.0882638855749813267 0.9960632214852745969 0.00821859523175099381 -1.574241654477898322 0.005949506263229151388 -0.007723483743370150763 0.9999524744577062974 -0.1565051964901844617
0.9956991371513355116 0.09247958395171482215 -0.005545703580574390563 28.4535718643415656 -0.09242903420259283853 0.995680669957236919 0.008767959277035488816 -1.659268389098995655 0.006332607082536376684 -0.008217665460795931659 0.9999461825827991035 -0.1519154375257765199
0.9952642645418668943 0.09710042310214782313 -0.004533382767950544165 29.20164455513584656 -0.09705849435618157939 0.9952406583177710875 0.008699465760651099375 -1.740273973365621174 0.005356528656503409085 -0.008218264086384029568 0.9999518827104424412 -0.1592953286844787097
0.9947571017040809371 0.1021863500582411433 -0.004032179444329681874 29.92670546287490652 -0.1021489723896173429 0.9947320543310667063 0.008586473434479236291 -1.808225877286268934 0.004888358522231046367 -0.008129572440812837461 0.9999550059892133858 -0.1589121077339690213
0.9942742766721373027 0.1068211876423024315 -0.002810092309173554959 30.73079927842670855 -0.1067951351827782502 0.9942472957500798625 0.008192313162067416457 -1.917792533770241947 0.003669039300713611805 -0.007845302055451934889 0.9999624939897838738 -0.1543229175940357134
0.9937679467994239291 0.1114616899514884463 -0.001248834342739106292 31.47172142554146745 -0.1114451601896843114 0.9937260187561497427 0.009411477957678479611 -2.013853459390854805 0.002290018417600111177 -0.009213648582973240492 0.9999549312321213135 -0.1403171553394526594
0.993180756695436262 0.1165774751475876225 -0.001294920111131141584 32.21785510057114976 -0.1165594158038021633 0.9931355517208820816 0.009781538505543526524 -2.098445224864561531 0.00242633826103786374 -0.009563900682915226284 0.9999513211583703765 -0.1377021869042822644
0.992580636955666562 0.1215760762914466775 -0.001713713587373311186 32.96501972232226052 -0.1215541333062027524 0.9925377381318483128 0.009665974358152355783 -2.1890561922116345 0.002876076643815219432 -0.009385950015363778501 0.9999518149018221669 -0.1488932007748446917
0.9920080785559863834 0.1261530546218639082 -0.002319243245750007495 33.67523086199533111 -0.1261237831064716819 0.9919632687554040817 0.01008289516982715205 -2.293236582990303418 0.003572592136198802972 -0.009709801731603545649 0.9999464767355107364 -0.1536714445378821736
0.9914236103475495554 0.1306749860399043783 -0.00180910721104330036 34.43565907191214848 -0.1306516911783786594 0.9913809962930719699 0.0096879193424420397 -2.41697833575197718 0.003059483234114420986 -0.009368469054593937806 0.9999514344956524914 -0.1491011078463655437
0.9907577701260324998 0.1356402770805250069 -0.0008695794444526607544 35.15067645291846787 -0.1356263363570512914 0.9907159073618357903 0.009353490609310245382 -2.491219470783215151 0.002130216246251048946 -0.009149105624752488716 0.999955877049088282 -0.1515841776301320998
0.9902510823569947718 0.1392937582428338816 0.0002068946286527366667 35.87148056899031445 -0.1392911674666592881 0.9902211559816310738 0.00774809087306758959 -2.584154020344489044 0.0008743892585656811746 -0.007701373967623153551 0.9999699616900675769 -0.1498362013629250811
0.989857904851167536 0.142060043828789867 0.0005216809553931434562 36.61709372339019808 -0.1420592766159116949 0.9898211133564229769 0.008563029908579510019 -2.701500229648136742 0.000700093580035959632 -0.008550292463631845724 0.9999632005067814466 -0.1493962411875022767
0.9895489658298434188 0.1441935126269864309 0.001036890244182043889 37.33253065373224189 -0.1441970260169821993 0.9895095006258809445 0.008841145795508410787 -2.811839594165808531 0.000248823120177248103 -0.008898263168213290525 0.9999603787148989564 -0.1329592280276523653
0.9892446013595534993 0.1462677237394028884 -0.0009336343351439917952 38.05679495201938778 -0.1462491324011703508 0.9891881815099073938 0.01085968844062170334 -2.954278455459214747 0.002511961958905138941 -0.01060634495083701695 0.9999405959825318213 -0.1538227897059065707
0.9888549138299524977 0.1488626126282142914 -0.002425274388486532273 38.7900242719988313 -0.1488290859221860218 0.9888056354141420146 0.01064511891908712267 -3.062856857693268431 0.003982785196794411467 -0.01016552678109455474 0.999940397967468364 -0.140996573561706473
0.9884551663050663572 0.151467209446038753 -0.003750822236969005193 39.52040033329105029 -0.1514134484663500757 0.988398927144926609 0.01189657271174906009 -3.173878387394244438 0.005509249345552022677 -0.0111913038287684858 0.9999221984185873158 -0.1435815743446908765
0.9880988211079465566 0.1537664289052050881 -0.004074931511895260941 40.26363138685103138 -0.1537096089491610806 0.9880458534722241781 0.01177911512127094093 -3.293483287956289196 0.005837451651372547491 -0.01101257363583457022 0.9999223206730276647 -0.1509137969265992307
0.9878534564581737953 0.1553543269454539522 -0.003252946812347355231 40.98156636326465474 -0.1553136928278557316 0.9878112517248435198 0.01032413608842687978 -3.426113708691098214 0.004817196675810009668 -0.009693506337898793318 0.9999414135593462927 -0.1559422240504970691
0.9875523892058571951 0.1572745487031629585 -0.002234928191141544174 41.70700649716327035 -0.1572410991796552859 0.9874988432932364502 0.0110123214307362681 -3.550345061125308455 0.003938946886788936147 -0.01052382177426377033 0.9999368649433255651 -0.1567368353044831242
0.9872509024417188694 0.1591691280292688304 -0.0009188636536653025646 42.43306858567429884 -0.1591469763502980639 0.9871825189069469708 0.01195467620193154702 -3.678681258168332135 0.002809901523091049274 -0.01165603049659643883 0.9999281181197441359 -0.1441399367712268287
0.9869835721572345344 0.1608176983821123229 -0.001046985589674414392 43.19239092145262759 -0.1607935105494024408 0.9869138986053432872 0.01209973986503186209 -3.809860296295123128 0.002979136946205904711 -0.01177389598570405607 0.9999262473384592509 -0.1537474515893086924
0.9866496298723652636 0.1628524594784735435 -0.001258695569553479245 43.90964191991162835 -0.1628267814174715056 0.9865848070831112482 0.01174128127620710331 -3.945424247329749612 0.003153906458923163517 -0.01137958147702224608 0.9999302765690496475 -0.1491900301236845916
0.9862744377077033997 0.1651138443752608043 -0.0003897691311368588468 44.65590091758300417 -0.1651001081470100385 0.9862178460643158395 0.01078491511820923142 -4.075461828858763624 0.00216513606940054934 -0.01057253516823405785 0.9999417651473097024 -0.1384852944918713025
0.9858320551761723394 0.1677339636848308169 0.0006902272815246616186 45.37460725010129892 -0.1677303485696929886 0.985762230737108669 0.01180485581820956906 -4.202399646213885731 0.00129967527236486669 -0.01175337733484637867 0.9999300820384449118 -0.1567915893288349682
0.985267858125302598 0.1710137446682195306 0.00124373619857799482 46.09552309599327202 -0.1710159244276602541 0.985190238013806785 0.01239953686439474595 -4.342450147577249453 0.000895174469828336275 -0.01242956382387190063 0.9999223492880918718 -0.1657871481366226529
0.9844934497321043976 0.1754101470834802945 0.001981851339612955131 46.82113412741812652 -0.1754210053615279374 0.9844065738527897347 0.01308312781267806195 -4.461075677890640634 0.0003439658868198793083 -0.01322791198806146096 0.9999124481832920575 -0.1711580685355307274
0.9834129254464124559 0.1813588464223143126 0.002826108507526828208 47.54000210727627262 -0.1813808155780267939 0.9833047431119446014 0.01458704609585187613 -4.606838069140655634 -0.0001334360473473290344 -0.01485769154075057899 0.9998896095054199407 -0.1530633277610964349
0.982253234097494099 0.187551828213838756 0.001701716386537912391 48.25907999126729209 -0.1875567142503737073 0.9821480887833623497 0.01440870010764887937 -4.736455655741900195 0.001031040550684941869 -0.01447216061392409166 0.9998947412215686281 -0.1593740079807040022
0.9811250645210112253 0.1933726066797924747 0.0008017197165605936295 48.98475195252409975 -0.1933694432612383107 0.9810628611034507562 0.01113197989353397095 -4.890741109715580848 0.001366082530587718526 -0.01107689258653299716 0.9999377161949368764 -0.150016491327447099
0.9798921759537156939 0.1995234068024820673 -0.001316678633331178029 49.72056152363065706 -0.1994938105394865047 0.9798258708292491015 0.01197841434160524555 -5.050224746125065778 0.003680089826034775406 -0.01147488525585159923 0.9999273893374645006 -0.1683065592201800076
0.9786950335749421415 0.2052980782879096633 -0.002954709297756731839 50.43963087311892934 -0.2052463480836814735 0.9786294860822856156 0.01258036440782707606 -5.202643155378360085 0.005474290278674736644 -0.01170589687348985893 0.9999164985759221302 -0.168110635030797928
0.9775006139012132333 0.2108914312130710511 -0.004165820885942231669 51.16441709234709379 -0.2108191011041685992 0.9774319339081249947 0.01349522827717492338 -5.362102907197844104 0.006917834370781901152 -0.01231335931114018595 0.9999002574007535005 -0.1674333036773620886
0.9763979121283723472 0.215940702707979798 -0.004090245144130935651 51.88904243663842664 -0.2158724661327892647 0.9763352669181535326 0.01298171551088738405 -5.537599228953538955 0.006796731354331861027 -0.01179234861432373709 0.999907368188201362 -0.1721420510719315899
0.9753112374147685504 0.2208213590067538701 -0.002432607424816630483 52.65967057072750634 -0.2207640368000578779 0.9752185013210815656 0.01456415932371069033 -5.723852753249652814 0.005588401221784889718 -0.01366755601686179926 0.9998909778992459696 -0.1619279222928611262
0.9743963662662628034 0.224831691555172547 -0.001559448473907540551 53.41747296075075724 -0.2247893395560938978 0.9743089042321924076 0.0138532290748309226 -5.914296823810388126 0.004634029460214954266 -0.01314798867904795783 0.9999028233606791494 -0.1718759164512777549
0.9735006891457914646 0.2286834347774406861 -0.0005430387288542029307 54.17088482664076565 -0.228658489746220106 0.973424533127961733 0.01264805801644779126 -6.100979657398489131 0.003421008571570928729 -0.01218872277975436777 0.9999198626576789595 -0.1682391006540746581
0.9729623149059565268 0.2309637501268296811 0.0002826662232677080262 54.92549360711836215 -0.2309542436415708555 0.9729096059124533458 0.01034582366100601954 -6.284357123818750779 0.002114501547012688585 -0.01013137950261904646 0.9999464405819851187 -0.1688138432723973459
0.9727199434306063042 0.2319757059666744947 0.001784234743806587279 55.6835838427799672 -0.2319813008207917693 0.9726604437101580292 0.01078597751952895152 -6.478810673479769022 0.0007666301920394135837 -0.01090564453947789718 0.999940237811903998 -0.179666600532476739
0.9724652927647469136 0.2330335015529638731 0.002577115042023358366 56.458334107166948 -0.2330474625615220063 0.9724220329654470474 0.00917986911578912157 -6.655143716370474749 -0.0003668264044999382115 -0.009527694228500601867 0.9999545432073785323 -0.1729488100421161523
0.9721482765972218054 0.234356465303445366 0.002185287058136795024 57.22532760317921685 -0.2343666437518532875 0.9721086750426090051 0.008774975976900734748 -6.843357286994777411 -6.786415360401664473e-05 -0.009042736166575955289 0.9999591113225971828 -0.1939474327178629665
0.9716586846567750735 0.2363815361945876548 0.001780414938330829398 57.97984470663789835 -0.2363868219692135952 0.9715991934214228687 0.01078321576042177987 -7.018963589508135925 0.0008191033885285026184 -0.01089847187120017089 0.9999402744066825388 -0.1829838827064609319
0.971221268530936821 0.2381736342137840134 0.001602347826307514008 58.73469537517672023 -0.238177114631137582 0.9711645647392913583 0.01053803875153131071 -7.214973573120239791 0.0009537395576410127905 -0.01061640994599580799 0.9999431894966407386 -0.1779947938719796952
0.9708587391932771427 0.2396483751898356163 0.001401713562801877979 59.47963535369049026 -0.2396502877973966106 0.9708082881504770389 0.009950237030610263253 -7.41624899443532648 0.001023762992758486421 -0.00999619563694752189 0.9999495127165783925 -0.1754747937071674535
0.9705938940254510428 0.2407184692931096104 0.001453073189398507332 60.23282475390171697 -0.2407205399204250251 0.9705404044340961711 0.01024426772981833732 -7.63825299890223075 0.001055718206039499892 -0.0102928082700195489 0.9999464703457811021 -0.1821727337925820311
0.970128597714593921 0.2425824337188125512 0.002065610653914859603 60.9814251701585448 -0.2425910302413157027 0.9700817665718524108 0.009537201439157691474 -7.830682044293471478 0.0003097463037780678169 -0.009753410474902302063 0.999952386387139569 -0.1828583250779671765
0.9697313511333619518 0.2441593066297293446 0.002709172411269319958 61.73960330003395569 -0.2441743137454566448 0.9696763648238777566 0.01032724594871520761 -8.002500265650532185 -0.000105527245207787324 -0.0106761644816739474 0.9999430025636265595 -0.1873082898486373438
0.9692907786880375909 0.2458994390268994246 0.00297527084377061362 62.46947040863909706 -0.2459172527592503321 0.9692339575825743569 0.01049953637850080911 -8.200991688740986163 -0.0003019034292719649927 -0.01090877422429519308 0.9999404519766378341 -0.1898784576397336554
0.9689407906458444852 0.2472833330549756847 0.00216735226201771481 63.19235628388731385 -0.2472924610635611475 0.9688869691179270438 0.01022153484581271761 -8.418186869580225107 0.0004276958414529190788 -0.01044003192998186301 0.9999454099147453423 -0.2016672392230061117
0.968387761853410467 0.2494383712904768013 0.002375209568968715546 63.92452500416390393 -0.2494492714946113243 0.9683250515751244958 0.01102975261917905729 -8.595496953451984723 0.0004512686006915342775 -0.01127357174930987589 0.9999363494426348753 -0.1826233105966148518
0.9676872633382685995 0.2521502698246985696 0.001265622465072315829 64.65640082083838536 -0.2521467896586206958 0.9676130585150128915 0.01212293100176591552 -8.794457200111395423 0.001832167498807545612 -0.01205032856622532955 0.9999257136126175061 -0.1950038617833242949
0.9671956944797656108 0.2540306729306897049 0.0009517301008535679254 65.38512915608582432 -0.2540226406891128996 0.9671186037598603624 0.0124138744519247269 -8.996859406587933705 0.002233068994405802005 -0.01224840691515609488 0.9999224919617054619 -0.1943475522148208068
0.9667384062147377222 0.2557667056207096334 0.000496231113435014826 66.11457773838084506 -0.2557586295983634295 0.9666883709919578127 0.01005568371032361692 -9.221513081501768738 0.002092208248671285301 -0.009848131033053963632 0.999949317205527155 -0.2082885455774665662
0.9663392138034839762 0.2572598229330890218 0.002430508197938217093 66.80363778130407582 -0.2572712560528795378 0.9662901413226262504 0.009739794231532815025 -9.427746396874651325 0.0001570816293373322975 -0.01003724499723751377 0.9999496132497013301 -0.1963320959651202458
0.9658251000022666233 0.2591740390279274053 0.003270122254891083807 67.53298793300984926 -0.2591939723414759533 0.9657748772960347283 0.00986767883928858433 -9.60071695926563784 -0.0006007557388516362486 -0.01037804787903363196 0.9999459661475527117 -0.1973631723417454964
0.9655376927886043514 0.2602365833520176586 0.003726189706270531619 68.26318875372990647 -0.2602609920590490122 0.9654900747475104739 0.009650470272801284569 -9.804816159220655081 -0.001086193766496519955 -0.01028767463107974935 0.999946490535261967 -0.1813056692505692347
0.9652854798084905541 0.2611742014202158013 0.00346106680154126007 68.96780166812658308 -0.2611953843414592802 0.9652427607244362662 0.0091314877093486152 -10.00755888737060317 -0.0009558606643037402713 -0.009718507168343945915 0.9999523173375864937 -0.1877043201610466561
0.9648563163117178654 0.2627657031877695393 0.0025444255971109166 69.68660187091573732 -0.262778020867130202 0.9648119994997396143 0.009247560244115096348 -10.19627106812711936 -2.495067761073757736e-05 -0.009591186034660054149 0.9999540032061036143 -0.200808887946798631
0.9645320257433717126 0.2639506061772007861 0.002837043192478785978 70.39073421117009843 -0.2639658438744908464 0.9644790401363516619 0.01011011400973363221 -10.41274461579378219 -6.769797371750873552e-05 -0.01050041124671586418 0.9999448668704861154 -0.1986883137158581558
0.9642410923694757496 0.265000168422119653 0.003745199910345612532 71.09417006627398905 -0.2650241891470018762 0.9641965988083556205 0.009332631642416860246 -10.61872066421620353 -0.001137960058350527678 -0.009991475498998737825 0.9999494364537931945 -0.1886655692478815816
0.9638852236527624129 0.2662924505634700068 0.003688684964344962191 71.80353439191682696 -0.2663160792439505098 0.9638383874888729608 0.009555560631333764182 -10.82896946123927506 -0.001010722510963013793 -0.01019281981353113709 0.9999475410561570188 -0.2025637742707420141
0.9633922408946139493 0.2680686970046313178 0.003816263918195636571 72.49651549205688639 -0.26809341314302787 0.9633466567686630455 0.00944143643527849824 -11.02336545738461382 -0.001145431523883487946 -0.01011892182393066102 0.9999481463594726005 -0.2129057057092549332
0.9629850412227032308 0.2695102993248856826 0.004899891745662167397 73.20753374500529276 -0.2695468891220501595 0.962937131541078184 0.009826253816464278201 -11.23597071907245493 -0.002070011095112146531 -0.01078328601359064554 0.9999397160813321417 -0.2064160720914218761
0.9625688775310248246 0.2710034258594118395 0.004277754215133602704 73.88936862289612861 -0.2710336964055780617 0.9625166769767096175 0.01011839683158328312 -11.44222793679549355 -0.001375289566509419912 -0.01089906941783280216 0.9999396576116148516 -0.2199901383332218963
0.9617870969531007175 0.2737644416026349115 0.0043140060876701216 74.57802513968384517 -0.273795578939692863 0.9617295925067366191 0.01059112127703482238 -11.62145093829659537 -0.001249434914413344094 -0.0113675595808405399 0.9999346066126377774 -0.2136177350988561763
0.9612623437267808768 0.27559992701634628 0.004403040027175514001 75.25509405080528325 -0.2756317657199950921 0.9612066089535774571 0.01043957039548188727 -11.83621492993142965 -0.001355086334531426569 -0.01124878360308783666 0.9999358122442044694 -0.2131771191616498307
0.9607217512209983434 0.2774784930921661563 0.004404838494074226306 75.94651299124646471 -0.2775105318442575575 0.9606634411263298423 0.01066103179039665227 -12.06081773824832304 -0.001273360269316125898 -0.01146467420467120468 0.9999334676862282612 -0.2199065046253159128
0.9598303904821118282 0.2805446632924512018 0.004507039503044446387 76.66865804923986616 -0.2805771636991359896 0.9597763946784477751 0.01028238438246065374 -12.24094339193584524 -0.001441082060484359271 -0.0111339173773485501 0.9999369775972530849 -0.2301130796314283522
0.9592116565526768168 0.2826386911570854532 0.005326180102026642146 77.31724689783567328 -0.2826803068071080394 0.9591589922753639419 0.01028939652008488068 -12.47419941792264453 -0.002200471974103909798 -0.01137531530630877218 0.999932877809692422 -0.2297100010821120364
0.958429705224037809 0.2852737657059188914 0.005601673332903207327 78.01188431103956589 -0.2853180049724937661 0.9583793129129665189 0.010135512763850274 -12.67410820915605463 -0.002477131946446689721 -0.01131243477040305354 0.9999329440701937299 -0.2351769291560319441
0.9577512592878875131 0.2875229322718197422 0.006564202181546104423 78.67796755039546497 -0.2875775645525019963 0.9577053172259255565 0.00998347250414102598 -12.89086249505988846 -0.003416094043967009882 -0.01144940063950631616 0.9999286182155598945 -0.2328949112295413126
0.9567382583628811776 0.2908430808074152218 0.007887162430946934033 79.37957350722943772 -0.2909131831490859854 0.9566968876969474955 0.0100292044071565653 -13.10397279846700691 -0.004628699042622501023 -0.01188980308606895839 0.9999186005509385078 -0.2370824724932594219
0.9557231373568598753 0.2941609096181434513 0.007914794589070177355 80.05162537897325592 -0.2942294479121348449 0.9556860472282946439 0.009654590331967404307 -13.31663703064872095 -0.004724055681410308828 -0.0115558810042431636 0.9999220694194796977 -0.2436522607677673591
0.9547255568857484498 0.2973894259021631625 0.007657701403124015337 80.72331695800362183 -0.2974532316089715245 0.9546911978586443137 0.009289334562083501057 -13.5413671968202376 -0.004548190252961152591 -0.01114657314193899518 0.9999275313104516449 -0.2426258655370323591
0.9537785182069838941 0.3004075600116385414 0.007863592992005631263 81.3874458578034421 -0.3004753850872902143 0.9537404316696079798 0.009681526497120732794 -13.76902801070339066 -0.004591422822481491285 -0.01159684812884807098 0.9999222129495581868 -0.2320324062321394987
0.9525713532607342771 0.3042167824240235574 0.007743787095966776432 82.05502664784873446 -0.3042863564416445898 0.9525233498182043013 0.01044420100223843531 -13.96164677719236735 -0.004198836801038519431 -0.01230517544292093757 0.9999154726409813509 -0.2363022835006374223
0.9512853186338969813 0.3082668244500999521 0.005273281241912722815 82.73689173277121256 -0.3083048309273155874 0.9512403015544245166 0.009487883089862005764 -14.16173506858585363 -0.002091358047872785356 -0.01065146197002062901 0.9999410845541935045 -0.2688035653792970603
0.9505389879922772067 0.3105812798041020506 0.003860173812608974631 83.3664894481629517 -0.3106047968803642978 0.9504857760776617148 0.01007222065648079312 -14.42552430689858767 -0.0005407971201131892306 -0.01077302693263447637 0.9999418230223114934 -0.267165017207518618
0.9494608472157928247 0.3138776497621408312 0.00221823895550315401 84.05712833426117925 -0.3138826871029677945 0.94939881020558059 0.01093425430692309894 -14.65886750645153569 0.00132602461865222415 -0.01107791316191394752 0.9999377588123612437 -0.2630010025476816615
0.948292707925049827 0.31739713293719507 -9.971193083409519181e-06 84.73430586732663983 -0.3173736760313202732 0.9482230063326194669 0.01212765533380896245 -14.87730015200027545 0.003858737946883718239 -0.01149740252307607583 0.999926457234070587 -0.2635183882959670765
0.9472295591166420836 0.32054475769107732 -0.002687127176056985055 85.43990889958028845 -0.3204879454542273742 0.9471678758156467648 0.01266853746111674603 -15.1118286322184332 0.006605993810166395884 -0.01113882128611755687 0.999916140236838058 -0.2805697529643871313
0.9460272886623036781 0.3240698189897435744 -0.003334895231523039502 86.16699390990605423 -0.3240029750044658985 0.9459662796940611074 0.01303341359862710165 -15.36543909684887943 0.007378434421058860208 -0.01124944895238192376 0.9999095002067746041 -0.2648656273193981114
0.945005974530255588 0.3270355744423357192 -0.003382477094305072051 86.88585284622575955 -0.3269702773362299641 0.944948922534090241 0.01272680401085717408 -15.61812369661700473 0.007358385746265514935 -0.01092093635332727457 0.9999132898948667192 -0.2784093082401315478
0.9441444095957908234 0.3295178003214865314 -0.003058283882255342315 87.63166490304791978 -0.3294517593515732812 0.9440786669494077854 0.01330446809091694743 -15.87633085372820219 0.007271319630478842791 -0.01155378216507923703 0.9999068146725039741 -0.286716261313477494
0.9433507379481285149 0.3317819420132600006 -0.003182478064531902261 88.37825752886028852 -0.3317159185926497611 0.9432885457566850818 0.01308697048490990028 -16.17457857838405388 0.007344015587948470036 -0.01128992462986797354 0.9999092974049675897 -0.2861220474736110297
0.9424423171614038086 0.3343554995799773444 -0.002979718790055918814 89.16915087492932912 -0.3342917052854644244 0.9423789977475127699 0.01307212231160752129 -16.45279105265412767 0.007178760393010428197 -0.01132362596596974552 0.9999101164075712145 -0.2890776092963618371
0.941573355023450409 0.3367930979338940589 -0.00316643237318626862 89.94325946751366985 -0.3367294355438488207 0.9415151949955803401 0.012744600062584115 -16.75239489993888853 0.007273537530286992327 -0.01093374485364861926 0.9999137707198910707 -0.2882453970149223554
0.9411960469468461099 0.3378460951087040032 -0.003165001015931603445 90.72833470595450933 -0.3377855817180022147 0.9411427023096146094 0.01230100291793209157 -17.07857175778148573 0.00713456341069067506 -0.01050856361053477926 0.9999193307941307562 -0.2961775708501337423
0.940663126793706561 0.3393205670042026556 -0.00379930238776296763 91.5682651134831076 -0.3392551344692851245 0.9406169182662020845 0.01207339254808475343 -17.40340856435090444 0.007670438508619458091 -0.01006806234283923879 0.9999198960385508039 -0.3192372558253817605
0.9405522771169221308 0.3396281766922438772 -0.003757074243931486125 92.40297603429063145 -0.3395671132410743587 0.9405109262419830696 0.01154873259584605905 -17.7253834948138973 0.007455844371753382084 -0.009586407885593228873 0.9999262528649576209 -0.316657954456182944
0.9402352382802526831 0.340509270794035146 -0.003336644930297553557 93.28446835288413297 -0.34045323506605496 0.9401922718326274353 0.01140555650814019731 -18.02707987149226199 0.007020785506902256154 -0.009587934580363530884 0.9999293875476151783 -0.3220103983743449749
0.9400608613184279205 0.3409935146698226394 -0.002999995062818661823 94.15096104134012478 -0.3409419345348903563 0.9400173848867795501 0.01122111341297170328 -18.34162096480601178 0.006646374414821958065 -0.009525705419637427868 0.999932541046342882 -0.3270585154760130564
0.9402874904461632211 0.3403766933694228336 -0.001772546573248125461 95.02616635443615678 -0.3403392071533808405 0.9402403418190895534 0.01083160607341896245 -18.69882216232101158 0.005353446055071577059 -0.009581556596894828456 0.9999397653801532782 -0.3286992602246696649
0.9402137071454627071 0.3405850593743219301 4.718872339500106264e-05 95.90742997875091191 -0.3405664606724441712 0.9401608977503231879 0.01058169203629352739 -19.03822391923118929 0.003559601217911084921 -0.009965122793825444483 0.9999440112160647987 -0.3228080185670183511
0.9400934198172756773 0.3409158224715855279 0.0008740736706605901647 96.79986770096191151 -0.3409087495452309269 0.9400499607844755579 0.009343217465789218842 -19.39746271484740348 0.002363577747053183589 -0.009081476621585598749 0.9999559691719457355 -0.3079756789686549645
0.939888116726535161 0.3414823738951223708 0.0003411087785920559681 97.72904408084399108 -0.3414700421756461379 0.9398446898266158422 0.009495751748790443036 -19.77105993150371788 0.00292204257488273356 -0.00904142265708566574 0.9999548561527797919 -0.3316705447814272123
0.9395192779903281943 0.3424960202716333391 4.881214416568572292e-05 98.65022214303465375 -0.3424797506633553423 0.9394732395906737477 0.009881926865268737814 -20.11485205939234433 0.003338662920759175555 -0.009300977964573717977 0.999951171377284842 -0.3363131666010961141
0.9387921309651825474 0.3444841520338363661 -6.193044791818928601e-05 99.60141966392799873 -0.3444633531580536534 0.9387373950643863596 0.01082134182253456124 -20.46086629628457843 0.003785917188957998742 -0.0101376577797273916 0.9999414456485836711 -0.3467041621459328038
0.9381619021368423628 0.3461961869232031974 0.0006674869410039478441 100.5660594026519306 -0.3461816174280504255 0.9381008578016043487 0.0111833960313092607 -20.84239097288447695 0.003245478990964177461 -0.01072290780193155962 0.9999372410878547557 -0.3554098074531475415
0.9370993870844733786 0.3490604723521266162 0.001235057575424102156 101.524749277242833 -0.34905245215246955 0.9370390691802642502 0.01096213830107694437 -21.2072392472884701 0.002669151972503822946 -0.01070371295832570069 0.999939151227040135 -0.361292607936088972
0.9356070099807286544 0.3530343773355383852 0.002500258832466893157 102.5300776207470221 -0.3530404736460064363 0.9355482507026439132 0.01057802320976357 -21.54481732682379302 0.001395293060281518199 -0.01077956522924536711 0.999940925320463303 -0.3629266255396188523
0.9344141366056486486 0.3561726077759527764 0.003360770982614608941 103.5118727383459287 -0.3561880858959045604 0.9343578189160102188 0.01027198599725994387 -21.94156506373184001 0.000518437394490142223 -0.01079535551028695806 0.9999415940554100546 -0.3658447482393811789
0.9331255889917916546 0.3595374307206309905 0.00307751190564767383 104.4976760394844888 -0.3595500367832878408 0.9330747684188006597 0.0097594871452282312 -22.34167572670825308 0.0006373522246780784347 -0.0102133467095255389 0.9999476392947446168 -0.3778662798905285669
0.9316032182689186758 0.3634605377655915626 0.003446911391430036806 105.4854531820561903 -0.3634762831523862259 0.9315425794230297596 0.01064961537402565016 -22.73669241109949724 0.0006597702022247127311 -0.01117408649668105887 0.9999373502846290451 -0.401012398696445449
0.9297009895092651632 0.3682918677707336941 0.004143698762892673859 106.4922553686425601 -0.3683151772660653855 0.9296426795416519173 0.01041242383330563508 -23.14612753381154775 -1.734819956033891003e-05 -0.01120662788540609592 0.9999372036235465444 -0.4024707959902072973
0.9276558313353024943 0.37339739386039561 0.005389327218988296427 107.4910662971543616 -0.3734345953942090346 0.9275984337109983713 0.0103802090376795015 -23.56459767798488869 -0.001123188484693943192 -0.01164182267375269038 0.9999316008670097178 -0.3946564346515353261
0.9256474893410913118 0.3783326127519102133 0.006415575176660207914 108.4893356383185932 -0.3783819693785198113 0.9255895848986568364 0.01053591839209948831 -24.00271266054222608 -0.001952108031627145055 -0.0121800843775901526 0.9999239145148932639 -0.395873585294511221
0.9231902817789142679 0.3842824253772215704 0.006835288960173191083 109.4955779511906968 -0.3843363765088753659 0.923133918606185766 0.0104555253725504161 -24.41482000133537511 -0.002292012433853525977 -0.01227948960617548935 0.9999219773632415098 -0.4118699750298506768
