0.000000000000 626000 1.000000000000 -0.000000000000 0.000000000000 -0.000000000000 -0.000000000000 1.000000000000 -0.000000000000 0.000000000000 0.000000000000 -0.000000000000 1.000000000000 -0.000000000000 -0.000000000000 0.000000000000 -0.000000000000 1.000000000000 0.000000000000 0.000000000000 0.000000000000 0.000000000000 0.000000000000 0.000000000000
0.000000000000 99274000 1.000000000000 -0.000000000000 0.000000000000 -0.000000000000 -0.000000000000 1.000000000000 -0.000000000000 0.000000000000 0.000000000000 -0.000000000000 1.000000000000 -0.000000000000 -0.000000000000 0.000000000000 -0.000000000000 1.000000000000 0.000000000000 0.000000000000 0.000000000000 0.000000000000 0.000000000000 0.000000000000
0.000000000000 100503000 1.000000000000 -0.000000000000 0.000000000000 -0.000000000000 -0.000000000000 1.000000000000 -0.000000000000 0.000000000000 0.000000000000 -0.000000000000 1.000000000000 -0.000000000000 -0.000000000000 0.000000000000 -0.000000000000 1.000000000000 -5.659234841613 0.065576217653 0.130506168364 0.001835159123 0.001704915906 0.030966147130
0.000000000000 199268000 0.999995309028 -0.003058345269 0.000168662577 -0.558941140816 0.003058375789 0.999995306779 -0.000180991347 0.005620731771 -0.000168108251 0.000181506332 0.999999969398 0.012937009480 -0.000000000000 0.000000000000 -0.000000000000 1.000000000000 -5.659234841613 0.065576217653 0.130506168364 0.001835159123 0.001704915906 0.030966147130
0.000000000000 200519000 0.999989225953 -0.004466770108 0.001263306094 -0.882575219442 0.004467851989 0.999989653697 -0.000854866779 0.028260806808 -0.001259474530 0.000860501833 0.999998836630 0.023173535157 -0.000000000000 0.000000000000 -0.000000000000 1.000000000000 -5.014416908104 -0.409860153723 0.164282830569 -0.003598718346 -0.002564183844 0.038302752027
0.000000000000 299283000 0.999965456894 -0.008249826860 0.001012608418 -1.377853857000 0.008250331439 0.999965842853 -0.000495135115 -0.016483489947 -0.001008489052 0.000503472367 0.999999364733 0.039110516181 -0.000000000000 0.000000000000 -0.000000000000 1.000000000000 -5.014416908104 -0.409860153723 0.164282830569 -0.003598718346 -0.002564183844 0.038302752027
0.000000000000 300423000 0.999973710871 -0.007112810505 0.001409075636 -1.484634984690 0.007114174556 0.999974227918 -0.000965411446 0.042689512753 -0.001402172533 0.000975410476 0.999998541242 0.026982935726 -0.000000000000 0.000000000000 -0.000000000000 1.000000000000 -4.610034241560 -0.363987468517 0.173469744698 -0.001247036113 0.000627747525 0.037272954759
0.000000000000 399282000 0.999940619632 -0.010797369737 0.001474454516 -1.940456089629 0.010798611473 0.999941343142 -0.000836818157 0.000400082255 -0.001465332594 0.000852690527 0.999998562859 0.044235588127 -0.000000000000 0.000000000000 -0.000000000000 1.000000000000 -4.610034241560 -0.363987468517 0.173469744698 -0.001247036113 0.000627747525 0.037272954759
0.000000000000 400573000 0.999947083394 -0.010187114747 0.001432865756 -2.080498812382 0.010187792988 0.999947994112 -0.000466845687 0.037979646187 -0.001428035428 0.000481418723 0.999998864475 0.032160891536 -0.000000000000 0.000000000000 -0.000000000000 1.000000000000 -4.787606305740 -0.279641964517 0.305790351011 0.007590548004 0.004177644906 0.030843162610
0.000000000000 499276000 0.999910760889 -0.013230873541 0.001847767004 -2.553095151189 0.013233123997 0.999911704979 -0.001211063905 0.003289179423 -0.001831580422 0.001235407561 0.999997559538 0.063314307202 -0.000000000000 0.000000000000 -0.000000000000 1.000000000000 -4.787606305740 -0.279641964517 0.305790351011 0.007590548004 0.004177644906 0.030843162610
0.000000000000 500436000 0.999907627435 -0.013506008553 0.001524575755 -2.705889128808 0.013505733333 0.999908775244 0.000190673864 0.033639292947 -0.001527011919 -0.000170065738 0.999998819655 0.039662620992 -0.000000000000 0.000000000000 -0.000000000000 1.000000000000 -4.797910819117 -0.256194728246 0.332837212884 0.017825137053 -0.001225403541 0.019574220057
0.000000000000 599262000 0.999879804026 -0.015440337422 0.001404806129 -3.180090531173 0.015442536266 0.999879527339 -0.001568082055 0.002528893476 -0.001380425172 0.001589587348 0.999997783817 0.072231268544 -0.000000000000 0.000000000000 -0.000000000000 1.000000000000 -4.797910819117 -0.256194728246 0.332837212884 0.017825137053 -0.001225403541 0.019574220057
0.000000000000 600507000 0.999880896669 -0.015374954867 0.001342847685 -3.300883555217 0.015374591562 0.999881764650 0.000280453974 0.029063475995 -0.001347000880 -0.000259774836 0.999999059052 0.049203511670 -0.000000000000 0.000000000000 -0.000000000000 1.000000000000 -5.022937469763 -0.064152766246 0.315881936988 0.005618906693 -0.003968072549 0.015695436991
0.000000000000 699267000 0.999856312237 -0.016924850637 0.000950952220 -3.797013478399 0.016925116943 0.999856722763 -0.000272695141 0.017190917329 -0.000946200646 0.000288750936 0.999999510664 0.079022308017 -0.000000000000 0.000000000000 -0.000000000000 1.000000000000 -5.022937469763 -0.064152766246 0.315881936988 0.005618906693 -0.003968072549 0.015695436991
0.000000000000 701344000 0.999850493162 -0.017266741136 0.000922482861 -3.940355464258 0.017267234183 0.999850770143 -0.000529214387 0.032511200654 -0.000913207391 0.000545063993 0.999999434479 0.052933166763 -0.000000000000 0.000000000000 -0.000000000000 1.000000000000 -5.581170804570 0.182874076826 0.259211727795 0.001485983614 0.007242836832 0.012344369756
0.000000000000 799267000 0.999827991726 -0.018474903774 0.001632449785 -4.486880377845 0.018476022955 0.999829077093 -0.000673182137 0.045315613812 -0.001619733787 0.000703227524 0.999998440966 0.081310116037 -0.000000000000 0.000000000000 -0.000000000000 1.000000000000 -5.581170804570 0.182874076826 0.259211727795 0.001485983614 0.007242836832 0.012344369756
0.000000000000 800502000 0.999804752444 -0.019647710302 0.002103442474 -4.599023870598 0.019647940072 0.999806956665 -0.000088624867 0.017438365950 -0.002101295143 0.000129935875 0.999997783835 0.071739880501 -0.000000000000 0.000000000000 -0.000000000000 1.000000000000 -5.601619327479 0.381425519011 0.065426183787 0.031594130994 0.003471152027 0.011064977128
0.000000000000 899262000 0.999781912364 -0.020739689886 0.002448054802 -5.152254397642 0.020747493157 0.999779606030 -0.003206383300 0.049543573302 -0.002381015870 0.003256475028 0.999991863034 0.079977514435 -0.000000000000 0.000000000000 -0.000000000000 1.000000000000 -5.601619327479 0.381425519011 0.065426183787 0.031594130994 0.003471152027 0.011064977128
0.000000000000 901443000 0.999765680436 -0.021580881572 0.001688127232 -5.266609585421 0.021582125139 0.999766818153 -0.000721937746 0.036114985727 -0.001672153538 0.000758201955 0.999998314515 0.056136804523 -0.000000000000 0.000000000000 -0.000000000000 1.000000000000 -5.860325626536 0.348906479140 0.411434065362 0.022094110974 0.016269756815 0.013447035771
0.000000000000 999274000 0.999732530084 -0.022893134920 0.003282173971 -5.839867346606 0.022902613987 0.999733552022 -0.002880144950 0.062769002596 -0.003215363896 0.002954544961 0.999990466004 0.105333810508 -0.000000000000 0.000000000000 -0.000000000000 1.000000000000 -5.860325626536 0.348906479140 0.411434065362 0.022094110974 0.016269756815 0.013447035771
0.000000000000 1000564000 0.999732806552 -0.022855635386 0.003454769765 -5.924667460194 0.022863860220 0.999735801615 -0.002360267879 0.057868822239 -0.003399911598 0.002438626604 0.999991246812 0.084377164010 -0.000000000000 0.000000000000 -0.000000000000 1.000000000000 -5.873741450640 -0.061071470261 0.565002034481 0.002629916752 0.018989476359 0.026864771200
0.000000000000 1099269000 0.999660539376 -0.025501692901 0.005335698143 -6.504340240984 0.025515881400 0.999671014437 -0.002608196845 0.035331076323 -0.005267429340 0.002743456506 0.999982363662 0.151806322160 -0.000000000000 0.000000000000 -0.000000000000 1.000000000000 -5.873741450640 -0.061071470261 0.565002034481 0.002629916752 0.018989476359 0.026864771200
0.000000000000 1101555000 0.999662166266 -0.025611495674 0.004427711106 -6.590225280856 0.025620085046 0.999669957176 -0.001894191704 0.036643798623 -0.004377736689 0.002006990118 0.999988403639 0.101454477811 -0.000000000000 0.000000000000 -0.000000000000 1.000000000000 -5.826533320768 0.116089819765 0.578336854100 0.011806094133 0.012621857022 0.018418923539
0.000000000000 1199271000 0.999608289463 -0.027407477904 0.005665491258 -7.159472004826 0.027425000979 0.999619245210 -0.003038737602 0.035459614087 -0.005580049961 0.003192923400 0.999979333928 0.166488241260 -0.000000000000 0.000000000000 -0.000000000000 1.000000000000 -5.826533320768 0.116089819765 0.578336854100 0.011806094133 0.012621857022 0.018418923539
0.000000000000 1201523000 0.999593121225 -0.028225941340 0.004109529750 -7.267416925960 0.028232105313 0.999600343428 -0.001449706362 0.033492386355 -0.004066968023 0.001565137184 0.999990505013 0.101285733965 -0.000000000000 0.000000000000 -0.000000000000 1.000000000000 -6.166808371916 0.076334740037 0.669928291619 0.015322000399 -0.000433499956 0.012561621542
0.000000000000 1299270000 0.999557869455 -0.029453385264 0.004069853324 -7.870249233950 0.029465471523 0.999561468135 -0.002942347421 0.031459875697 -0.003981406472 0.003060966666 0.999987389363 0.166497204147 -0.000000000000 0.000000000000 -0.000000000000 1.000000000000 -6.166808371916 0.076334740037 0.669928291619 0.015322000399 -0.000433499956 0.012561621542
0.000000000000 1301185000 0.999539903125 -0.030224639044 0.002540326057 -7.942826417060 0.030231198853 0.999539590725 -0.002584799547 0.018169200630 -0.002461031834 0.002660407391 0.999993432756 0.090561094095 -0.000000000000 0.000000000000 -0.000000000000 1.000000000000 -6.589253071592 0.375967013064 0.908745388088 0.013553057453 0.010810232644 0.016701201203
0.000000000000 1399266000 0.999485888860 -0.031858364398 0.003605910170 -8.589006428621 0.031872416715 0.999484301231 -0.003909046710 0.041318808294 -0.003479514772 0.004021966097 0.999985858283 0.188495367849 -0.000000000000 0.000000000000 -0.000000000000 1.000000000000 -6.589253071592 0.375967013064 0.908745388088 0.013553057453 0.010810232644 0.016701201203
0.000000000000 1401062000 0.999477390630 -0.032242416801 0.002317796118 -8.654006543385 0.032245053933 0.999479377177 -0.001109546911 0.020139339657 -0.002280814946 0.001183704512 0.999996698358 0.105166605279 -0.000000000000 0.000000000000 -0.000000000000 1.000000000000 -6.876988491126 0.328956492566 1.019983845412 0.036668144088 0.014301846613 0.014814362757
0.000000000000 1499271000 0.999425305186 -0.033692311306 0.003726595302 -9.329210293417 0.033709700714 0.999420585608 -0.004706287399 0.038782322784 -0.003565870359 0.004829205133 0.999981981511 0.218074978050 -0.000000000000 0.000000000000 -0.000000000000 1.000000000000 -6.876988491126 0.328956492566 1.019983845412 0.036668144088 0.014301846613 0.014814362757
0.000000000000 1501436000 0.999400882809 -0.034579349668 0.001464246562 -9.362901283433 0.034583063391 0.999398466177 -0.002591819871 0.015513354830 -0.001373742322 0.002640905199 0.999995569216 0.099909730615 -0.000000000000 0.000000000000 -0.000000000000 1.000000000000 -7.157256186466 0.219754102752 0.965638942179 0.026443407716 0.011499170748 0.010679519161
0.000000000000 1599241000 0.999362086970 -0.035618754645 0.002592960436 -10.062762069065 0.035631809829 0.999351581590 -0.005175954202 0.026466615688 -0.002406918070 0.005265044266 0.999983242887 0.205331585115 -0.000000000000 0.000000000000 -0.000000000000 1.000000000000 -7.157256186466 0.219754102752 0.965638942179 0.026443407716 0.011499170748 0.010679519161
0.000000000000 1601397000 0.999357802365 -0.035818755628 0.000999798762 -10.070095093918 0.035821986779 0.999352312791 -0.003426395043 0.022212509707 -0.000876421998 0.003460009399 0.999993630089 0.099456739863 -0.000000000000 0.000000000000 -0.000000000000 1.000000000000 -7.048448715843 0.015696642189 1.021832716177 -0.001291449368 0.022964874122 0.016281345834
0.000000000000 1699277000 0.999294947129 -0.037403569557 0.003252941274 -10.759659275945 0.037414280407 0.999294403091 -0.003296600271 0.007171866713 -0.003127341391 0.003415982450 0.999989275342 0.222882575183 -0.000000000000 0.000000000000 -0.000000000000 1.000000000000 -7.048448715843 0.015696642189 1.021832716177 -0.001291449368 0.022964874122 0.016281345834
0.000000000000 1700899000 0.999278890375 -0.037961568095 0.000786510739 -10.782805174058 0.037964077301 0.999273086206 -0.003468143345 -0.019290656724 -0.000654282854 0.003495501588 0.999993676671 0.102154675166 -0.000000000000 0.000000000000 -0.000000000000 1.000000000000 -6.958433097676 0.334104741923 0.855457820666 -0.013188524798 0.024570690306 0.008093009760
0.000000000000 1799268000 0.999243790895 -0.038750090888 0.003205747060 -11.466916531361 0.038757147594 0.999246304984 -0.002169213228 0.004922880681 -0.003119273694 0.002291818462 0.999992508822 0.213203861993 -0.000000000000 0.000000000000 -0.000000000000 1.000000000000 -6.958433097676 0.334104741923 0.855457820666 -0.013188524798 0.024570690306 0.008093009760
0.000000000000 1800496000 0.999251470695 -0.038672436095 0.000970051623 -11.513094349198 0.038675358502 0.999246703190 -0.003200438717 0.001746992186 -0.000845552124 0.003235560189 0.999994408080 0.107940475530 -0.000000000000 0.000000000000 -0.000000000000 1.000000000000 -7.061039898328 0.129376302227 0.905882519428 0.007106984477 0.024647044353 0.021964594252
0.000000000000 1899269000 0.999160225564 -0.040831367751 0.003412192754 -12.210117790814 0.040844583841 0.999157909562 -0.003897657153 -0.011325250775 -0.003250172706 0.004033753594 0.999986582515 0.226290631006 -0.000000000000 0.000000000000 -0.000000000000 1.000000000000 -7.061039898328 0.129376302227 0.905882519428 0.007106984477 0.024647044353 0.021964594252
0.000000000000 1901262000 0.999189046403 -0.040249974563 0.001090456977 -12.236617633211 0.040253927667 0.999181929707 -0.003884926567 0.004586178300 -0.000933196711 0.003925671248 0.999991859091 0.116157816723 -0.000000000000 0.000000000000 -0.000000000000 1.000000000000 -7.326079374356 0.065876149864 0.889480451300 0.001648722374 0.028123782602 0.023741690706
0.000000000000 1999271000 0.999086315443 -0.042563661626 0.003856034693 -12.954136654528 0.042579197880 0.999084923402 -0.004040759595 -0.018294228928 -0.003680516602 0.004201254479 0.999984401508 0.238051713961 -0.000000000000 0.000000000000 -0.000000000000 1.000000000000 -7.326079374356 0.065876149864 0.889480451300 0.001648722374 0.028123782602 0.023741690706
0.000000000000 2001196000 0.999082384166 -0.042793901520 0.001752609914 -12.962101830185 0.042800737111 0.999075344418 -0.004068547476 -0.031312072241 -0.001576880333 0.004139827108 0.999990187592 0.137040581714 -0.000000000000 0.000000000000 -0.000000000000 1.000000000000 -7.690519527659 0.197906960652 0.884293458366 0.008351099130 0.025343774375 0.017883325405
0.000000000000 2099268000 0.998998817986 -0.044534633170 0.004245952279 -13.715783366123 0.044555213400 0.998994993087 -0.004882289032 -0.035458750583 -0.004024254117 0.005066580282 0.999979067352 0.256892667968 -0.000000000000 0.000000000000 -0.000000000000 1.000000000000 -7.690519527659 0.197906960652 0.884293458366 0.008351099130 0.025343774375 0.017883325405
0.000000000000 2101134000 0.999020823386 -0.044205297380 0.001812766913 -13.704770244795 0.044213721633 0.999010052514 -0.004905282454 -0.027645686845 -0.001594132899 0.004980628488 0.999986325947 0.135995558537 -0.000000000000 0.000000000000 -0.000000000000 1.000000000000 -7.645724746882 0.183587504769 0.761357826247 -0.006094153629 0.030305148071 0.018254873170
0.000000000000 2199262000 0.998930823761 -0.045980645542 0.004794744500 -14.454396025297 0.046001351093 0.998932116779 -0.004301367737 -0.034735535278 -0.004591844608 0.004517333542 0.999979254115 0.252594238054 -0.000000000000 0.000000000000 -0.000000000000 1.000000000000 -7.645724746882 0.183587504769 0.761357826247 -0.006094153629 0.030305148071 0.018254873170
0.000000000000 2200945000 0.998937783510 -0.045935890057 0.003632998881 -14.445704810877 0.045954750593 0.998929512713 -0.005290513193 -0.043454152384 -0.003386085369 0.005451847080 0.999979405683 0.182816491533 -0.000000000000 0.000000000000 -0.000000000000 1.000000000000 -7.661401683921 0.148930972039 0.884053560447 -0.011808329335 0.035145188814 0.024152534385
0.000000000000 2299269000 0.998808081485 -0.048290893903 0.007099713109 -15.198011430465 0.048320896168 0.998823379459 -0.004116751062 -0.063717191754 -0.006892557852 0.004454908730 0.999966322650 0.321021701108 -0.000000000000 0.000000000000 -0.000000000000 1.000000000000 -7.661401683921 0.148930972039 0.884053560447 -0.011808329335 0.035145188814 0.024152534385
0.000000000000 2300971000 0.998845270230 -0.047822480313 0.004597446587 -15.208067967471 0.047835556367 0.998851362723 -0.002777540848 -0.041609373696 -0.004459336896 0.002994254954 0.999985574272 0.197589495936 -0.000000000000 0.000000000000 -0.000000000000 1.000000000000 -7.369448748865 -0.176965038050 1.093549213527 0.015864077766 0.021893774976 0.027541992239
0.000000000000 2399261000 0.998700277241 -0.050518046031 0.006758939580 -15.931638783007 0.050547899767 0.998712288523 -0.004321409840 -0.101570096835 -0.006531926835 0.004657443406 0.999967820559 0.338468081548 -0.000000000000 0.000000000000 -0.000000000000 1.000000000000 -7.369448748865 -0.176965038050 1.093549213527 0.015864077766 0.021893774976 0.027541992239
0.000000000000 2400883000 0.998729431340 -0.050196502972 0.004453545264 -15.932280219013 0.050218127344 0.998726330422 -0.004884322735 -0.091810539048 -0.004202696998 0.005101765570 0.999978154424 0.199494898674 -0.000000000000 0.000000000000 -0.000000000000 1.000000000000 -7.410001784035 0.250063279070 0.751737392288 -0.018607827238 0.007827430224 0.020313607375
0.000000000000 2499275000 0.998623505115 -0.052189321564 0.005231610306 -16.660987796784 0.052205696590 0.998631714108 -0.003043816905 -0.099333836925 -0.005065597228 0.003312746967 0.999981682548 0.286185646087 -0.000000000000 0.000000000000 -0.000000000000 1.000000000000 -7.410001784035 0.250063279070 0.751737392288 -0.018607827238 0.007827430224 0.020313607375
0.000000000000 2500790000 0.998618463753 -0.052467886328 0.002878325244 -16.681702872615 0.052483283025 0.998606305461 -0.005563424824 -0.120760113573 -0.002582412597 0.005706802710 0.999980381582 0.165926780081 -0.000000000000 0.000000000000 -0.000000000000 1.000000000000 -7.549535460816 0.452943987167 0.646946640960 -0.006882836361 0.018745413888 0.012266233668
0.000000000000 2599203000 0.998547885961 -0.053663325054 0.004729374828 -17.424147035327 0.053686339198 0.998545916842 -0.004881489731 -0.096625660458 -0.004460540954 0.005128304072 0.999976901769 0.261127005231 -0.000000000000 0.000000000000 -0.000000000000 1.000000000000 -7.549535460816 0.452943987167 0.646946640960 -0.006882836361 0.018745413888 0.012266233668
0.000000000000 2600690000 0.998478303826 -0.055080659180 0.002682866486 -17.436332819948 0.055096852472 0.998460561774 -0.006390886483 -0.152578653881 -0.002326722139 0.006528978994 0.999975979110 0.176076442910 -0.000000000000 0.000000000000 -0.000000000000 1.000000000000 -7.407707423115 0.218887420918 0.561085238758 -0.015042670475 0.015716087126 0.007768145448
0.000000000000 2699264000 0.998430956566 -0.055836173073 0.004236360160 -18.166092010266 0.055856751305 0.998426742383 -0.004905448807 -0.144310508332 -0.003955793785 0.005134381260 0.999978994692 0.259182815580 -0.000000000000 0.000000000000 -0.000000000000 1.000000000000 -7.407707423115 0.218887420918 0.561085238758 -0.015042670475 0.015716087126 0.007768145448
0.000000000000 2700668000 0.998399648082 -0.056514328217 0.002067224241 -18.180308980793 0.056522806295 0.998392036772 -0.004302705910 -0.175760702768 -0.001820735686 0.004412665382 0.999988606588 0.165770049758 -0.000000000000 0.000000000000 -0.000000000000 1.000000000000 -7.326285647416 0.192375924321 0.357651292049 0.009879097066 0.013510651184 0.018733035754
0.000000000000 2799231000 0.998290309815 -0.058351050077 0.003407680273 -18.901803686969 0.058368510695 0.998281187804 -0.005271340966 -0.191223766793 -0.003094234830 0.005461229829 0.999980300146 0.225532316241 -0.000000000000 0.000000000000 -0.000000000000 1.000000000000 -7.326285647416 0.192375924321 0.357651292049 0.009879097066 0.013510651184 0.018733035754
0.000000000000 2800647000 0.998252260503 -0.059036775111 0.002661500417 -18.898428318710 0.059044434372 0.998251150728 -0.002897385137 -0.228208767243 -0.002485793579 0.003049468049 0.999992260758 0.187923505328 -0.000000000000 0.000000000000 -0.000000000000 1.000000000000 -7.339304829687 0.420270679292 0.862215213395 0.028410619033 0.041469973655 0.016601081656
0.000000000000 2899262000 0.998136079444 -0.060652255543 0.006758018198 -19.620729004151 0.060691050454 0.998140373433 -0.005691337124 -0.219048376737 -0.006400258374 0.006090880147 0.999960968174 0.351088640814 -0.000000000000 0.000000000000 -0.000000000000 1.000000000000 -7.339304829687 0.420270679292 0.862215213395 0.028410619033 0.041469973655 0.016601081656
0.000000000000 2900498000 0.998160581588 -0.060504699636 0.003825530698 -19.651161133250 0.060515946368 0.998163030116 -0.002895780459 -0.216878018053 -0.003643294986 0.003121959518 0.999988489819 0.209986360211 -0.000000000000 0.000000000000 -0.000000000000 1.000000000000 -7.522275175675 0.468594610371 0.926877332977 0.030399410092 0.034234062642 0.017617363961
0.000000000000 2999184000 0.998036152159 -0.062224052812 0.007211534935 -20.392167676776 0.062266959788 0.998042173021 -0.005886135351 -0.206310712228 -0.006831156800 0.006323616233 0.999956672649 0.368465193879 -0.000000000000 0.000000000000 -0.000000000000 1.000000000000 -7.522275175675 0.468594610371 0.926877332977 0.030399410092 0.034234062642 0.017617363961
0.000000000000 3000387000 0.997999923486 -0.063012577791 0.005056457364 -20.360216855702 0.063041589198 0.997994051781 -0.005799193177 -0.264307964942 -0.004680892261 0.006106361455 0.999970400361 0.250728961264 -0.000000000000 0.000000000000 -0.000000000000 1.000000000000 -7.911355746013 0.333453011207 0.415884210360 -0.020498999610 0.034432362851 0.011527461094
0.000000000000 3099264000 0.997905487690 -0.064132348816 0.008466373097 -21.141131889815 0.064166001520 0.997932137733 -0.003764668492 -0.254367201614 -0.008207428771 0.004300036657 0.999957072978 0.363023580784 -0.000000000000 0.000000000000 -0.000000000000 1.000000000000 -7.911355746013 0.333453011207 0.415884210360 -0.020498999610 0.034432362851 0.011527461094
0.000000000000 3100386000 0.997871521249 -0.064881262706 0.006545901822 -21.169507081931 0.064920003051 0.997873087882 -0.005890134511 -0.286135877584 -0.006149819900 0.006302557451 0.999961227991 0.287918496753 -0.000000000000 0.000000000000 -0.000000000000 1.000000000000 -8.189607329265 0.437509019438 0.526329786384 0.011993251623 0.012279153353 0.013179301238
0.000000000000 3199263000 0.997777914287 -0.066173147355 0.007768418724 -21.978514592647 0.066228269491 0.997779474272 -0.007066614542 -0.271377500129 -0.007283548625 0.007565400848 0.999944855794 0.365823873315 -0.000000000000 0.000000000000 -0.000000000000 1.000000000000 -8.189607329265 0.437509019438 0.526329786384 0.011993251623 0.012279153353 0.013179301238
0.000000000000 3200390000 0.997679465555 -0.067832102413 0.005872809523 -21.944216102899 0.067871067149 0.997671529209 -0.006711039470 -0.359326798245 -0.005403910941 0.007094060121 0.999960235238 0.294624567169 -0.000000000000 0.000000000000 -0.000000000000 1.000000000000 -8.032071615908 0.547850841897 0.425068541536 -0.010459636173 0.020769584678 0.008634345780
0.000000000000 3299267000 0.997607886424 -0.068670181858 0.007931649795 -22.737419771094 0.068716113059 0.997620136080 -0.005670969322 -0.323879803202 -0.007523347054 0.006202435863 0.999952463389 0.382887597868 -0.000000000000 0.000000000000 -0.000000000000 1.000000000000 -8.032071615908 0.547850841897 0.425068541536 -0.010459636173 0.020769584678 0.008634345780
0.000000000000 3300390000 0.997582846622 -0.069294849688 0.005166036330 -22.695208596852 0.069327702112 0.997572912487 -0.006477190208 -0.371520439787 -0.004704661986 0.006819683274 0.999965678449 0.262467095473 -0.000000000000 0.000000000000 -0.000000000000 1.000000000000 -8.048791175695 0.316338837957 0.382396979488 -0.022891936138 0.012887270156 0.019062222122
0.000000000000 3399243000 0.997443544855 -0.071167213551 0.006450003253 -23.489766268505 0.071195108864 0.997453551824 -0.004203382801 -0.383093134411 -0.006134435613 0.004651845725 0.999970364076 0.330540236199 -0.000000000000 0.000000000000 -0.000000000000 1.000000000000 -8.048791175695 0.316338837957 0.382396979488 -0.022891936138 0.012887270156 0.019062222122
0.000000000000 3400389000 0.997397182178 -0.071957425341 0.004581475934 -23.475664467124 0.071984301207 0.997387720992 -0.005999532814 -0.434822861818 -0.004137796906 0.006313711467 0.999971507436 0.262791729772 -0.000000000000 0.000000000000 -0.000000000000 1.000000000000 -7.999940430030 0.591520005641 0.446600998899 -0.005190573124 0.025823177371 0.013967469041
0.000000000000 3499276000 0.997282941574 -0.073319255849 0.007142910341 -24.265372163189 0.073359051823 0.997290549025 -0.005478169490 -0.409137226260 -0.006721901665 0.005987282113 0.999959483425 0.368127282023 -0.000000000000 0.000000000000 -0.000000000000 1.000000000000 -7.999940430030 0.591520005641 0.446600998899 -0.005190573124 0.025823177371 0.013967469041
0.000000000000 3500386000 0.997241925036 -0.074006622649 0.005618073909 -24.233182381167 0.074041939896 0.997234832046 -0.006362459467 -0.453185766219 -0.005131674854 0.006760884418 0.999963977529 0.298282189063 -0.000000000000 0.000000000000 -0.000000000000 1.000000000000 -8.051219434463 0.207472845269 0.250931935571 0.008408299854 0.011032082779 0.019462417745
0.000000000000 3599243000 0.997091462845 -0.075917284340 0.006721656084 -25.027850474478 0.075965176589 0.997084607284 -0.007181772940 -0.480333842401 -0.006156839118 0.007671496278 0.999951619568 0.349562692513 -0.000000000000 0.000000000000 -0.000000000000 1.000000000000 -8.051219434463 0.207472845269 0.250931935571 0.008408299854 0.011032082779 0.019462417745
0.000000000000 3600382000 0.997076075941 -0.076220169777 0.005457518142 -25.019591743376 0.076256259432 0.997065460021 -0.006741760154 -0.484794111589 -0.004927644734 0.007138217678 0.999962381375 0.302064111822 -0.000000000000 0.000000000000 -0.000000000000 1.000000000000 -8.406164406193 0.003964061054 -0.025008635511 0.019817627374 0.009292528759 0.029947463122
0.000000000000 3699259000 0.996841006403 -0.079164758740 0.006399134924 -25.848938379888 0.079218789131 0.996819430998 -0.008683630197 -0.560327612144 -0.005691344544 0.009163130385 0.999941821127 0.321937329783 -0.000000000000 0.000000000000 -0.000000000000 1.000000000000 -8.406164406193 0.003964061054 -0.025008635511 0.019817627374 0.009292528759 0.029947463122
0.000000000000 3700377000 0.996942916360 -0.077888053699 0.006186486060 -25.800244613522 0.077951557305 0.996898762902 -0.010789403939 -0.498017578457 -0.005326934627 0.011238666052 0.999922655085 0.336085882224 -0.000000000000 0.000000000000 -0.000000000000 1.000000000000 -8.341859042598 -0.018615426257 -0.037709716851 -0.054788648670 0.009805813829 0.043246785912
0.000000000000 3799262000 0.996594667199 -0.082142344915 0.007190582879 -26.622428732504 0.082181588338 0.996603048273 -0.005343286543 -0.610063873166 -0.006727246730 0.005916024396 0.999959871598 0.360773064115 -0.000000000000 0.000000000000 -0.000000000000 1.000000000000 -8.341859042598 -0.018615426257 -0.037709716851 -0.054788648670 0.009805813829 0.043246785912
0.000000000000 3800381000 0.996726525329 -0.080591582966 0.006421094978 -26.558809765788 0.080638378386 0.996715981356 -0.007396245097 -0.568561930408 -0.005803932882 0.007889820362 0.999952031398 0.336357069278 -0.000000000000 0.000000000000 -0.000000000000 1.000000000000 -8.278875119722 0.013912954146 0.047880856766 0.013898529896 0.002734425050 0.061315142328
0.000000000000 3899266000 0.996217667081 -0.086630983210 0.006740366803 -27.373441393051 0.086688277033 0.996197228746 -0.008730639352 -0.731157218651 -0.005958390859 0.009281927952 0.999939169846 0.347490758536 -0.000000000000 0.000000000000 -0.000000000000 1.000000000000 -8.278875119722 0.013912954146 0.047880856766 0.013898529896 0.002734425050 0.061315142328
0.000000000000 3900382000 0.996277275458 -0.086038702772 0.005378850267 -27.349399013264 0.086073192648 0.996267299149 -0.006547835773 -0.725047589027 -0.004795405332 0.006986434799 0.999964096264 0.301310496284 -0.000000000000 0.000000000000 -0.000000000000 1.000000000000 -8.028401262498 0.434576756258 -0.130146835434 0.024032817189 0.011218048535 0.045259337318
0.000000000000 3999278000 0.995876191847 -0.090487920680 0.006522784967 -28.139604282016 0.090544065187 0.995852700332 -0.008897836832 -0.806988333838 -0.005690586270 0.009451743327 0.999939139036 0.317399893456 -0.000000000000 0.000000000000 -0.000000000000 1.000000000000 -8.028401262498 0.434576756258 -0.130146835434 0.024032817189 0.011218048535 0.045259337318
0.000000000000 4000384000 0.995870557594 -0.090585193971 0.006012915377 -28.133252212021 0.090633578920 0.995849456787 -0.008331493759 -0.836493659802 -0.005233248534 0.008842061376 0.999947214137 0.308743645494 -0.000000000000 0.000000000000 -0.000000000000 1.000000000000 -7.517058332631 0.548814072230 0.020467631370 -0.002070861866 0.006156000149 0.037506180271
0.000000000000 4099267000 0.995524198733 -0.094272580729 0.006652086828 -28.873175245201 0.094325235845 0.995508456674 -0.008103244643 -0.887870969728 -0.005858294907 0.008694435789 0.999945042073 0.328294760463 -0.000000000000 0.000000000000 -0.000000000000 1.000000000000 -7.517058332631 0.548814072230 0.020467631370 -0.002070861866 0.006156000149 0.037506180271
0.000000000000 4100382000 0.995445790332 -0.095127822327 0.006194830949 -28.873777960274 0.095171787790 0.995434554205 -0.007237340888 -0.953171127779 -0.005478076306 0.007793953656 0.999954621454 0.333419695741 -0.000000000000 0.000000000000 -0.000000000000 1.000000000000 -7.725079198970 0.606017935691 -0.109535364472 0.020067072446 -0.017258568896 0.039090112407
0.000000000000 4199263000 0.995078205798 -0.098989559047 0.004520126759 -29.634374097717 0.099027765077 0.995042133272 -0.009200802036 -1.006922361861 -0.003586933237 0.009603135632 0.999947455468 0.270720766351 -0.000000000000 0.000000000000 -0.000000000000 1.000000000000 -7.725079198970 0.606017935691 -0.109535364472 0.020067072446 -0.017258568896 0.039090112407
0.000000000000 4200383000 0.994995830793 -0.099771841521 0.005373671342 -29.593149621991 0.099815500231 0.994968942034 -0.008583140508 -1.071461994584 -0.004490280355 0.009076564714 0.999948725363 0.307376188881 -0.000000000000 0.000000000000 -0.000000000000 1.000000000000 -7.854580622137 0.281450221791 -0.031115699638 -0.008926881396 -0.010219630350 0.048238503920
0.000000000000 4299264000 0.994512487535 -0.104525283372 0.004401962283 -30.364733588754 0.104556825436 0.994489281723 -0.007677160439 -1.186371386584 -0.003575246939 0.008095287127 0.999960841201 0.275000895766 -0.000000000000 0.000000000000 -0.000000000000 1.000000000000 -7.854580622137 0.281450221791 -0.031115699638 -0.008926881396 -0.010219630350 0.048238503920
0.000000000000 4300385000 0.994574673466 -0.103925701218 0.004546155085 -30.401416630934 0.103952969966 0.994562633109 -0.006240902061 -1.154955315823 -0.003872845849 0.006679629453 0.999970191363 0.287590267490 -0.000000000000 0.000000000000 -0.000000000000 1.000000000000 -7.881873632117 0.107617992999 -0.082165658855 0.032697295201 -0.018154827019 0.058239428145
0.000000000000 4399248000 0.993964670704 -0.109665002053 0.002796554400 -31.173969161488 0.109686806030 0.993921254626 -0.009452205312 -1.322404887959 -0.001742978743 0.009701903260 0.999951416369 0.220204928490 -0.000000000000 0.000000000000 -0.000000000000 1.000000000000 -7.881873632117 0.107617992999 -0.082165658855 0.032697295201 -0.018154827019 0.058239428145
0.000000000000 4400384000 0.994084295451 -0.108580269566 0.002595881271 -31.138649175395 0.108598610003 0.994049533525 -0.008477429163 -1.285216188067 -0.001659953023 0.008709188294 0.999960696525 0.217123063287 -0.000000000000 0.000000000000 -0.000000000000 1.000000000000 -8.034299262803 0.226768028685 -0.138054499717 0.015031973446 -0.006701069880 0.058233898125
0.000000000000 4499278000 0.993443219154 -0.114309339134 0.001986278774 -31.925465014399 0.114323540585 0.993393734034 -0.009950741149 -1.444678619312 -0.000835694244 0.010112574742 0.999948517398 0.180545621024 -0.000000000000 0.000000000000 -0.000000000000 1.000000000000 -8.034299262803 0.226768028685 -0.138054499717 0.015031973446 -0.006701069880 0.058233898125
0.000000000000 4500384000 0.993584210646 -0.113068670903 0.002427347285 -31.896697533477 0.113086416281 0.993542500941 -0.009206588720 -1.400198498375 -0.001370695942 0.009422021192 0.999954672327 0.214827426808 -0.000000000000 0.000000000000 -0.000000000000 1.000000000000 -7.790487668238 -0.202578540970 -0.259454598196 0.007400043922 -0.000687476948 0.071072786757
0.000000000000 4599263000 0.992765035759 -0.120048721195 0.002426584885 -32.656325672093 0.120067066842 0.992716207684 -0.009921212735 -1.647204716879 -0.001217881243 0.010140786045 0.999947839251 0.185864019436 -0.000000000000 0.000000000000 -0.000000000000 1.000000000000 -7.790487668238 -0.202578540970 -0.259454598196 0.007400043922 -0.000687476948 0.071072786757
0.000000000000 4600379000 0.992870334204 -0.119155588947 0.003231884984 -32.646868669333 0.119177895611 0.992841302453 -0.007923215349 -1.598012714503 -0.002264653505 0.008251894723 0.999963388119 0.245396171777 -0.000000000000 0.000000000000 -0.000000000000 1.000000000000 -7.662636206807 -0.026645420470 -0.087627769861 0.029734646859 -0.007619022044 0.048799943473
0.000000000000 4699264000 0.992284947004 -0.123952468172 0.002523803400 -33.396661320793 0.123972738276 0.992226308901 -0.010849520220 -1.760663385390 -0.001159359323 0.011078698415 0.999937957239 0.206915057423 -0.000000000000 0.000000000000 -0.000000000000 1.000000000000 -7.662636206807 -0.026645420470 -0.087627769861 0.029734646859 -0.007619022044 0.048799943473
0.000000000000 4700379000 0.992391337892 -0.123048854814 0.004290897950 -33.354890874787 0.123079163717 0.992366901343 -0.007710549783 -1.707458450108 -0.003309370782 0.008180002946 0.999961067051 0.291990985193 -0.000000000000 0.000000000000 -0.000000000000 1.000000000000 -7.723556074892 0.002857419361 -0.195291179855 0.040685908461 -0.015074396601 0.062547805843
0.000000000000 4799258000 0.991614578502 -0.129198859626 0.002860484650 -34.107765047489 0.129223746951 0.991546302642 -0.011711231419 -1.916815312133 -0.001323225235 0.011982670352 0.999927329703 0.215113561395 -0.000000000000 0.000000000000 -0.000000000000 1.000000000000 -7.723556074892 0.002857419361 -0.195291179855 0.040685908461 -0.015074396601 0.062547805843
0.000000000000 4800380000 0.991737229383 -0.128242991427 0.003317077899 -34.125701013195 0.128270001976 0.991689761666 -0.009910761869 -1.858818688045 -0.002018526441 0.010254353106 0.999945385405 0.247501688861 -0.000000000000 0.000000000000 -0.000000000000 1.000000000000 -7.561302057658 0.141834742394 -0.089645005199 -0.010812614285 -0.005683547069 0.049077625064
0.000000000000 4899261000 0.991104097913 -0.133059475034 0.002800571838 -34.864115232431 0.133079313562 0.991066084531 -0.008826799738 -2.011942847768 -0.001601062426 0.009120975569 0.999957121283 0.221320278113 -0.000000000000 0.000000000000 -0.000000000000 1.000000000000 -7.561302057658 0.141834742394 -0.089645005199 -0.010812614285 -0.005683547069 0.049077625064
0.000000000000 4900380000 0.991145438295 -0.132756536161 0.002534216625 -34.837459788106 0.132774944357 0.991099826709 -0.009588933620 -2.009365642756 -0.001238668045 0.009840508287 0.999950813839 0.210811180002 -0.000000000000 0.000000000000 -0.000000000000 1.000000000000 -7.575190125971 -0.268594551615 0.196383600533 -0.008760042263 -0.008719827707 0.058493321405
0.000000000000 4999261000 0.990361658131 -0.138494803780 0.001724943489 -35.574398994346 0.138504636023 0.990323479443 -0.008710445707 -2.239374540378 -0.000501900569 0.008865404123 0.999960575576 0.201714023716 -0.000000000000 0.000000000000 -0.000000000000 1.000000000000 -7.575190125971 -0.268594551615 0.196383600533 -0.008760042263 -0.008719827707 0.058493321405
0.000000000000 5000375000 0.990536105664 -0.137250155893 0.000786182298 -35.543031141283 0.137252058163 0.990504410181 -0.007930065755 -2.179094437749 0.000309685728 0.007962921589 0.999968247483 0.161972912373 -0.000000000000 0.000000000000 -0.000000000000 1.000000000000 -7.872516242864 -0.034817839703 -0.009987017043 -0.004591187416 0.001458290098 0.041696085323
0.000000000000 5099254000 0.989961843405 -0.141331606222 0.000962124718 -36.312142418603 0.141334843035 0.989933646201 -0.007472500450 -2.330588114824 0.000103660861 0.007533472066 0.999971617624 0.167189506381 -0.000000000000 0.000000000000 -0.000000000000 1.000000000000 -7.872516242864 -0.034817839703 -0.009987017043 -0.004591187416 0.001458290098 0.041696085323
0.000000000000 5100371000 0.990047424381 -0.140730422206 0.001022615343 -36.308325529083 0.140734136626 0.990022120133 -0.007078448697 -2.292293646843 -0.000016258736 0.007151916789 0.999974424584 0.178224745156 -0.000000000000 0.000000000000 -0.000000000000 1.000000000000 -7.521840019730 -0.007013124561 -0.132666493829 0.029813242170 -0.006739685083 0.027115286101
0.000000000000 5199189000 0.989666430203 -0.143388328924 0.000379548099 -37.045448071729 0.143384902015 0.989616248043 -0.010022548792 -2.391721509484 0.001061509558 0.009973401552 0.999949700965 0.133788681687 -0.000000000000 0.000000000000 -0.000000000000 1.000000000000 -7.521840019730 -0.007013124561 -0.132666493829 0.029813242170 -0.006739685083 0.027115286101
0.000000000000 5200368000 0.989646579033 -0.143525449870 0.000306347451 -37.040370795342 0.143521767824 0.989600728551 -0.009586459772 -2.392392623676 0.001072739291 0.009531174646 0.999954001912 0.143592911208 -0.000000000000 0.000000000000 -0.000000000000 1.000000000000 -7.243583520202 0.111362399957 -0.409365756266 -0.013915540988 -0.001290232473 0.013713992718
0.000000000000 5299255000 0.989450899468 -0.144868495971 0.000190831763 -37.753416488010 0.144865166260 0.989417342600 -0.008210101505 -2.431927121327 0.001000572801 0.008151137194 0.999966278340 0.101659478971 -0.000000000000 0.000000000000 -0.000000000000 1.000000000000 -7.243583520202 0.111362399957 -0.409365756266 -0.013915540988 -0.001290232473 0.013713992718
0.000000000000 5300373000 0.989440565445 -0.144924692333 0.002049634937 -37.757585494526 0.144938529099 0.989379702771 -0.010983010832 -2.421586926265 -0.000436157739 0.011164107521 0.999937584287 0.221192902532 -0.000000000000 0.000000000000 -0.000000000000 1.000000000000 -7.521619692188 0.344558639992 -0.331485579105 -0.007556683256 0.009057911227 0.027178294773
0.000000000000 5399258000 0.989046628557 -0.147573450022 0.002973783681 -38.494566749916 0.147596467753 0.988994766972 -0.010229057087 -2.489814093513 -0.001431519254 0.010555934392 0.999943259891 0.224398070614 -0.000000000000 0.000000000000 -0.000000000000 1.000000000000 -7.521619692188 0.344558639992 -0.331485579105 -0.007556683256 0.009057911227 0.027178294773
0.000000000000 5400375000 0.989056397769 -0.147499291408 0.003376546469 -38.487127521360 0.147525133695 0.989013022171 -0.009464507622 -2.510077085299 -0.001943440260 0.009859057285 0.999949509740 0.261929232552 -0.000000000000 0.000000000000 -0.000000000000 1.000000000000 -7.594720917618 0.197819580297 -0.328887658367 0.014278516820 0.011992914001 0.027319314332
