0.000000000000 497000 1.000000000000 -0.000000000000 0.000000000000 -0.000000000000 -0.000000000000 1.000000000000 -0.000000000000 0.000000000000 0.000000000000 -0.000000000000 1.000000000000 -0.000000000000 -0.000000000000 0.000000000000 -0.000000000000 1.000000000000 0.000000000000 0.000000000000 0.000000000000 0.000000000000 0.000000000000 0.000000000000
0.000000000000 99287000 1.000000000000 -0.000000000000 0.000000000000 -0.000000000000 -0.000000000000 1.000000000000 -0.000000000000 0.000000000000 0.000000000000 -0.000000000000 1.000000000000 -0.000000000000 -0.000000000000 0.000000000000 -0.000000000000 1.000000000000 0.000000000000 0.000000000000 0.000000000000 0.000000000000 0.000000000000 0.000000000000
0.000000000000 100402000 1.000000000000 -0.000000000000 0.000000000000 -0.000000000000 -0.000000000000 1.000000000000 -0.000000000000 0.000000000000 0.000000000000 -0.000000000000 1.000000000000 -0.000000000000 -0.000000000000 0.000000000000 -0.000000000000 1.000000000000 -1.749510558112 0.043399829226 0.130983557370 -0.015212220342 0.012043063577 0.009130343701
0.000000000000 199284000 0.999998883410 -0.000903717365 0.001190156716 -0.172988456494 0.000901926100 0.999998461136 0.001504744143 0.004223143146 -0.001191514748 -0.001503669029 0.999998159634 0.013051663644 -0.000000000000 0.000000000000 -0.000000000000 1.000000000000 -1.749510558112 0.043399829226 0.130983557370 -0.015212220342 0.012043063577 0.009130343701
0.000000000000 200484000 0.999997254189 -0.000583373297 0.002269645428 -0.237319142640 0.000577247774 0.999996192138 0.002698609609 0.011029886985 -0.002271211082 -0.002697292051 0.999993783089 0.013140305399 -0.000000000000 0.000000000000 -0.000000000000 1.000000000000 -1.891459391427 0.066979218140 -0.154989157965 0.017021631624 0.000151463751 0.020298875083
0.000000000000 299284000 0.999994047534 -0.002588915590 0.002280879597 -0.424222662273 0.002586591174 0.999996133087 0.001021448924 0.016974797432 -0.002283515222 -0.001015543141 0.999996877110 -0.002144016969 -0.000000000000 0.000000000000 -0.000000000000 1.000000000000 -1.891459391427 0.066979218140 -0.154989157965 0.017021631624 0.000151463751 0.020298875083
0.000000000000 300443000 0.999988739638 -0.002291611071 0.004155612465 -0.469575103170 0.002283971045 0.999995694697 0.001842298287 0.021642848466 -0.004159816405 -0.001832786243 0.999989668358 0.033397835416 -0.000000000000 0.000000000000 -0.000000000000 1.000000000000 -1.869116342178 -0.099826394691 -0.374912070571 0.010384230248 -0.023564074402 0.008758076411
0.000000000000 399283000 0.999993359534 -0.003154179907 0.001825387068 -0.654367108934 0.003152690014 0.999994695280 0.000818509436 0.011274834309 -0.001827959111 -0.000812749121 0.999997999000 -0.004950684692 -0.000000000000 0.000000000000 -0.000000000000 1.000000000000 -1.869116342178 -0.099826394691 -0.374912070571 0.010384230248 -0.023564074402 0.008758076411
0.000000000000 400403000 0.999989831899 -0.003202263336 0.003175154968 -0.703868911620 0.003198803493 0.999994285239 0.001094141578 0.010874730905 -0.003178640552 -0.001083973755 0.999994360607 0.034752003207 -0.000000000000 0.000000000000 -0.000000000000 1.000000000000 -2.211613002013 -0.004282300342 -0.292928892598 0.010743520170 -0.023139878774 0.015926582191
0.000000000000 499282000 0.999988203169 -0.004775787980 0.000886211702 -0.922612238852 0.004775758810 0.999988595385 0.000035028173 0.009149993842 -0.000886368882 -0.000030795426 0.999999606701 0.003937251478 -0.000000000000 0.000000000000 -0.000000000000 1.000000000000 -2.211613002013 -0.004282300342 -0.292928892598 0.010743520170 -0.023139878774 0.015926582191
0.000000000000 500434000 0.999987390475 -0.004627758265 0.001950062737 -0.955577814795 0.004626274327 0.999989006277 0.000764794361 0.008834785672 -0.001953580582 -0.000755763192 0.999997806170 0.032600118209 -0.000000000000 0.000000000000 -0.000000000000 1.000000000000 -2.351653649736 0.134973740036 -0.272213829715 -0.009721728232 -0.007401347399 0.011968080916
0.000000000000 599287000 0.999982381814 -0.005809914355 0.001216945393 -1.188076875106 0.005807807520 0.999981642067 0.001727686552 0.020927299482 -0.001226960763 -0.001720588329 0.999997767069 0.004892479546 -0.000000000000 0.000000000000 -0.000000000000 1.000000000000 -2.351653649736 0.134973740036 -0.272213829715 -0.009721728232 -0.007401347399 0.011968080916
0.000000000000 600394000 0.999983265963 -0.005226229802 0.002480789411 -1.227170113575 0.005220120100 0.999983342036 0.002462924530 0.029903709936 -0.002493619896 -0.002449933296 0.999993889825 0.032761504188 -0.000000000000 0.000000000000 -0.000000000000 1.000000000000 -2.519771735424 -0.010199702749 -0.089273649945 0.006546692775 -0.014363002621 0.020545705490
0.000000000000 699284000 0.999973125053 -0.007254918508 0.001056091079 -1.476445618784 0.007252989444 0.999972042084 0.001819119248 0.026130756415 -0.001069259115 -0.001811410542 0.999997787736 0.022031374911 -0.000000000000 0.000000000000 -0.000000000000 1.000000000000 -2.519771735424 -0.010199702749 -0.089273649945 0.006546692775 -0.014363002621 0.020545705490
0.000000000000 700398000 0.999976479567 -0.006730719050 0.001318231215 -1.529621465230 0.006726588042 0.999972529169 0.003113506277 0.020483899091 -0.001339151138 -0.003104565848 0.999994284156 0.028841481384 -0.000000000000 0.000000000000 -0.000000000000 1.000000000000 -2.779068197540 0.189889962636 -0.078235227588 0.009102200138 -0.011065765741 0.018956015223
0.000000000000 799284000 0.999962976194 -0.008602225427 0.000218995989 -1.804510874867 0.008601719503 0.999960551600 0.002214873486 0.036114722966 -0.000238040191 -0.002212907741 0.999997523185 0.019306473519 -0.000000000000 0.000000000000 -0.000000000000 1.000000000000 -2.779068197540 0.189889962636 -0.078235227588 0.009102200138 -0.011065765741 0.018956015223
0.000000000000 800494000 0.999969646370 -0.007780536962 0.000411803669 -1.854631187098 0.007780063087 0.999969084931 0.001140087684 0.034881337652 -0.000420661432 -0.001136849220 0.999999265309 0.034505071887 -0.000000000000 0.000000000000 -0.000000000000 1.000000000000 -2.824575157436 0.096859273019 -0.128237253343 -0.012117723245 -0.016221163521 0.015668830418
0.000000000000 899290000 0.999955802541 -0.009325696194 -0.001193463144 -2.133788263998 0.009328465972 0.999953758808 0.002336657582 0.041395370845 0.001171616998 -0.002347687488 0.999996557833 0.018594223134 -0.000000000000 0.000000000000 -0.000000000000 1.000000000000 -2.824575157436 0.096859273019 -0.128237253343 -0.012117723245 -0.016221163521 0.015668830418
0.000000000000 900405000 0.999958929936 -0.008973151250 -0.001273183965 -2.167795216816 0.008977296595 0.999954296200 0.003288412590 0.037792675567 0.001243618352 -0.003299707284 0.999993782653 0.034761298207 -0.000000000000 0.000000000000 -0.000000000000 1.000000000000 -3.016000627717 0.047658358029 -0.302436777212 -0.005111685723 -0.026297766441 0.013429249975
0.000000000000 999288000 0.999939517662 -0.010291743846 -0.003878276191 -2.466123310836 0.010306447051 0.999939703005 0.003790449079 0.039437046892 0.003839032011 -0.003830191072 0.999985295627 -0.001189351010 -0.000000000000 0.000000000000 -0.000000000000 1.000000000000 -3.016000627717 0.047658358029 -0.302436777212 -0.005111685723 -0.026297766441 0.013429249975
0.000000000000 1000526000 0.999941019613 -0.010104139670 -0.003982920542 -2.499025349812 0.010114450546 0.999945526516 0.002577186546 0.041657600790 0.003956663325 -0.002617319595 0.999988747163 0.027140950112 -0.000000000000 0.000000000000 -0.000000000000 1.000000000000 -3.079907757243 -0.028162487291 -0.178468402561 0.004512004370 -0.014261912164 0.011507288255
0.000000000000 1099293000 0.999922310769 -0.011237226884 -0.005394178103 -2.803285460244 0.011248833664 0.999934469302 0.002126227501 0.035855581595 0.005369931718 -0.002186740528 0.999983190858 0.005797039656 -0.000000000000 0.000000000000 -0.000000000000 1.000000000000 -3.079907757243 -0.028162487291 -0.178468402561 0.004512004370 -0.014261912164 0.011507288255
0.000000000000 1100398000 0.999920496468 -0.011378575625 -0.005434037144 -2.821464500180 0.011391903970 0.999932162054 0.002428129833 0.023785989550 0.005406039851 -0.002489840817 0.999982287556 0.022837954753 -0.000000000000 0.000000000000 -0.000000000000 1.000000000000 -3.488438749811 -0.112923385232 -0.085900853349 0.016915221598 0.007097755625 0.014969986019
0.000000000000 1199287000 0.999906098031 -0.012860000105 -0.004734502800 -3.166445179691 0.012863681254 0.999916979740 0.000747885184 0.008153992833 0.004724491937 -0.000808718091 0.999988512510 0.016471469498 -0.000000000000 0.000000000000 -0.000000000000 1.000000000000 -3.488438749811 -0.112923385232 -0.085900853349 0.016915221598 0.007097755625 0.014969986019
0.000000000000 1200396000 0.999917615904 -0.011810725253 -0.005026745809 -3.199980738868 0.011815296010 0.999929809231 0.000880563451 0.040904888170 0.005015992885 -0.000939883396 0.999986978133 0.028247112473 -0.000000000000 0.000000000000 -0.000000000000 1.000000000000 -3.522779580583 -0.077657280623 -0.068450722526 -0.015954976940 0.011969119459 0.029096253219
0.000000000000 1299290000 0.999884693063 -0.014689944162 -0.003847871935 -3.548423149440 0.014699418496 0.999888966838 0.002445627157 0.023558270812 0.003811518567 -0.002501906639 0.999989606341 0.025420722728 -0.000000000000 0.000000000000 -0.000000000000 1.000000000000 -3.522779580583 -0.077657280623 -0.068450722526 -0.015954976940 0.011969119459 0.029096253219
0.000000000000 1300395000 0.999891131302 -0.014239565156 -0.003867858364 -3.561267580421 0.014248603377 0.999895793570 0.002319332249 0.024249769707 0.003834429026 -0.002374191326 0.999989830133 0.044794348267 -0.000000000000 0.000000000000 -0.000000000000 1.000000000000 -3.759546877982 -0.093330382326 -0.194110210500 -0.023618714411 0.005854543697 0.018462780530
0.000000000000 1399293000 0.999865482276 -0.016067322327 -0.003295224864 -3.933087755090 0.016082552260 0.999859861172 0.004648605264 0.008262151831 0.003220072436 -0.004700975570 0.999983765849 0.027728765956 -0.000000000000 0.000000000000 -0.000000000000 1.000000000000 -3.759546877982 -0.093330382326 -0.194110210500 -0.023618714411 0.005854543697 0.018462780530
0.000000000000 1400417000 0.999879350539 -0.015175328872 -0.003315683818 -3.930813259415 0.015190300088 0.999874323982 0.004537733498 0.029139918179 0.003246405518 -0.004587552255 0.999984207483 0.051729444745 -0.000000000000 0.000000000000 -0.000000000000 1.000000000000 -3.953346015929 0.142158742030 -0.173210241929 -0.015228127051 -0.006202244305 0.018256978347
0.000000000000 1499288000 0.999848125541 -0.016976882761 -0.003938439230 -4.321770127259 0.017000477328 0.999837257285 0.006036780271 0.035810087196 0.003835312567 -0.006102818785 0.999974022653 0.032024595391 -0.000000000000 0.000000000000 -0.000000000000 1.000000000000 -3.953346015929 0.142158742030 -0.173210241929 -0.015228127051 -0.006202244305 0.018256978347
0.000000000000 1500396000 0.999862838309 -0.016110984041 -0.003839369908 -4.322894319359 0.016131098976 0.999856012559 0.005267048077 0.043064517632 0.003753959759 -0.005328258896 0.999978758496 0.054876550839 -0.000000000000 0.000000000000 -0.000000000000 1.000000000000 -3.775231553216 0.126662327010 -0.348162162749 -0.015096968819 -0.002719856134 0.018787687097
0.000000000000 1599290000 0.999830093295 -0.017967031233 -0.004119506134 -4.696335397420 0.017994587220 0.999815281465 0.006752612815 0.047267122110 0.003997420780 -0.006825594314 0.999968715455 0.019164955203 -0.000000000000 0.000000000000 -0.000000000000 1.000000000000 -3.775231553216 0.126662327010 -0.348162162749 -0.015096968819 -0.002719856134 0.018787687097
0.000000000000 1600406000 0.999841440642 -0.017367751650 -0.003931256587 -4.718035391421 0.017390444528 0.999831872062 0.005813780915 0.055850207648 0.003829623330 -0.005881225385 0.999975372283 0.052172552322 -0.000000000000 0.000000000000 -0.000000000000 1.000000000000 -4.052447491006 -0.203386668146 -0.114678392387 -0.022442740108 0.005474099166 0.028907125508
0.000000000000 1699273000 0.999789559716 -0.020228922504 -0.003409835299 -5.118774901856 0.020255737695 0.999762647538 0.008022074485 0.021791265578 0.003246748043 -0.008089455046 0.999962008950 0.043410156579 -0.000000000000 0.000000000000 -0.000000000000 1.000000000000 -4.052447491006 -0.203386668146 -0.114678392387 -0.022442740108 0.005474099166 0.028907125508
0.000000000000 1700394000 0.999811824915 -0.018974465107 -0.004035397594 -5.133437619399 0.019006534492 0.999786847370 0.008062969171 0.037490889358 0.003881546911 -0.008138150844 0.999959351221 0.050151990837 -0.000000000000 0.000000000000 -0.000000000000 1.000000000000 -4.078862625940 -0.038568622596 -0.035714018543 0.008141911702 0.016129533744 0.026282473537
0.000000000000 1799288000 0.999763982292 -0.021585340566 -0.002460240527 -5.536802678941 0.021602669781 0.999740351936 0.007249370228 0.019767418924 0.002303121605 -0.007300807012 0.999970696495 0.055153334817 -0.000000000000 0.000000000000 -0.000000000000 1.000000000000 -4.078862625940 -0.038568622596 -0.035714018543 0.008141911702 0.016129533744 0.026282473537
0.000000000000 1800429000 0.999786310288 -0.020578362255 -0.001965901327 -5.537336588145 0.020594338099 0.999751909678 0.008484829662 0.045687942804 0.001790809708 -0.008523502978 0.999962070729 0.079050108818 -0.000000000000 0.000000000000 -0.000000000000 1.000000000000 -4.206780237353 -0.079254610973 -0.165081103449 0.010458993679 -0.008876976825 0.024625566530
0.000000000000 1899284000 0.999731250411 -0.023005029100 -0.002862793605 -5.953342294813 0.023025793911 0.999707149032 0.007445064757 0.023796265330 0.002690681301 -0.007508981994 0.999968187206 0.057725308016 -0.000000000000 0.000000000000 -0.000000000000 1.000000000000 -4.206780237353 -0.079254610973 -0.165081103449 0.010458993679 -0.008876976825 0.024625566530
0.000000000000 1900393000 0.999755275204 -0.021898972851 -0.003134436203 -5.981294433816 0.021923310003 0.999728022582 0.007952945565 0.050725187724 0.002959422369 -0.008019716499 0.999963462316 0.074005143593 -0.000000000000 0.000000000000 -0.000000000000 1.000000000000 -4.503759424762 -0.045647564219 -0.370781651487 -0.009951792360 -0.010396353930 0.016754317519
0.000000000000 1999286000 0.999714015806 -0.023546620112 -0.004176515552 -6.426814341350 0.023583176880 0.999681984775 0.008931018106 0.035983093904 0.003964892066 -0.009026959481 0.999951395636 0.030915783749 -0.000000000000 0.000000000000 -0.000000000000 1.000000000000 -4.503759424762 -0.045647564219 -0.370781651487 -0.009951792360 -0.010396353930 0.016754317519
0.000000000000 2000392000 0.999739794229 -0.022227803092 -0.005125290721 -6.401918652273 0.022279107797 0.999699956691 0.010180272441 0.061007270458 0.004897467821 -0.010291810380 0.999935044614 0.050590849027 -0.000000000000 0.000000000000 -0.000000000000 1.000000000000 -4.489470681730 -0.431905576029 -0.368649759604 -0.010068246216 0.013120987909 0.034085168078
0.000000000000 2099294000 0.999664499835 -0.025611714758 -0.003863655891 -6.845985381887 0.025653418453 0.999608592453 0.011160825087 -0.004002627489 0.003576295758 -0.011256196610 0.999930251641 0.022698006686 -0.000000000000 0.000000000000 -0.000000000000 1.000000000000 -4.489470681730 -0.431905576029 -0.368649759604 -0.010068246216 0.013120987909 0.034085168078
0.000000000000 2100398000 0.999724646731 -0.023105453499 -0.004094964907 -6.857534890538 0.023148878047 0.999672663157 0.010894768532 0.081481373121 0.003841895906 -0.010986562465 0.999932265347 0.070495819714 -0.000000000000 0.000000000000 -0.000000000000 1.000000000000 -4.300525296439 -0.240638811509 -0.284481241178 -0.008033575928 -0.001876154808 0.026996193577
0.000000000000 2199294000 0.999658548275 -0.025772181643 -0.004310628037 -7.283010324930 0.025820986804 0.999598370080 0.011677978174 0.038851156915 0.004007929785 -0.011785295378 0.999922518654 0.041002072933 -0.000000000000 0.000000000000 -0.000000000000 1.000000000000 -4.300525296439 -0.240638811509 -0.284481241178 -0.008033575928 -0.001876154808 0.026996193577
0.000000000000 2200401000 0.999677395946 -0.024945154070 -0.004779469017 -7.292574743975 0.025001092292 0.999615095389 0.012025242410 0.035843366459 0.004477657853 -0.012140854964 0.999916271605 0.070911344445 -0.000000000000 0.000000000000 -0.000000000000 1.000000000000 -4.691111369842 -0.252140781875 -0.253100268197 0.006392096593 -0.000198559653 0.033903189942
0.000000000000 2299295000 0.999587869647 -0.028296313607 -0.004838335583 -7.756534281343 0.028349837890 0.999533316041 0.011377030161 -0.014357166527 0.004514149596 -0.011509507371 0.999923573926 0.045740408443 -0.000000000000 0.000000000000 -0.000000000000 1.000000000000 -4.691111369842 -0.252140781875 -0.253100268197 0.006392096593 -0.000198559653 0.033903189942
0.000000000000 2300429000 0.999629779823 -0.026709445223 -0.005187371867 -7.768788993875 0.026783912352 0.999530793791 0.014859821737 0.045360895389 0.004788040325 -0.014993258444 0.999876130764 0.063828175051 -0.000000000000 0.000000000000 -0.000000000000 1.000000000000 -4.803474585585 0.131444025043 -0.041702641215 0.050507133754 0.002960828877 0.025850385065
0.000000000000 2399299000 0.999559469701 -0.029267706488 -0.004926244833 -8.243792708284 0.029315162392 0.999521648093 0.009853742801 0.037579353540 0.004635491902 -0.009993815596 0.999939316091 0.062256374935 -0.000000000000 0.000000000000 -0.000000000000 1.000000000000 -4.803474585585 0.131444025043 -0.041702641215 0.050507133754 0.002960828877 0.025850385065
0.000000000000 2400408000 0.999591949539 -0.028144562834 -0.004880368886 -8.227936073505 0.028202854151 0.999526325543 0.012317611915 0.061474525321 0.004531383377 -0.012450226039 0.999912225366 0.083144034094 -0.000000000000 0.000000000000 -0.000000000000 1.000000000000 -4.671691195085 0.018642802701 -0.094139979994 0.035983541044 -0.000082307548 0.036378251887
0.000000000000 2499293000 0.999484020325 -0.031739940699 -0.004926386105 -8.690069560456 0.031782158053 0.999456588670 0.008741955971 0.032609050089 0.004646239887 -0.008894016481 0.999949653195 0.073933964407 -0.000000000000 0.000000000000 -0.000000000000 1.000000000000 -4.671691195085 0.018642802701 -0.094139979994 0.035983541044 -0.000082307548 0.036378251887
0.000000000000 2500400000 0.999517230978 -0.030737982501 -0.004525639156 -8.678075560564 0.030789001171 0.999457756738 0.011671756610 0.042687834863 0.004164418908 -0.011805461757 0.999921641274 0.085866938600 -0.000000000000 0.000000000000 -0.000000000000 1.000000000000 -4.869122184608 0.017316677049 -0.251484618363 -0.028318327908 0.018770550765 0.037761918129
0.000000000000 2599300000 0.999401181526 -0.034494778974 -0.002718195680 -9.159581542754 0.034530578779 0.999299047526 0.014458656309 0.011320203501 0.002217542200 -0.014543859069 0.999891773478 0.077476053356 -0.000000000000 0.000000000000 -0.000000000000 1.000000000000 -4.869122184608 0.017316677049 -0.251484618363 -0.028318327908 0.018770550765 0.037761918129
0.000000000000 2600420000 0.999398342136 -0.034460283668 -0.003929705565 -9.158476954798 0.034507656881 0.999323706718 0.012702393764 -0.013934053792 0.003489319839 -0.012830356200 0.999911599396 0.104011129984 -0.000000000000 0.000000000000 -0.000000000000 1.000000000000 -4.823511687501 -0.067257064385 -0.192741248838 0.007880022890 -0.000595855651 0.052428731034
0.000000000000 2699283000 0.999205854507 -0.039638851686 -0.004052376509 -9.635135026581 0.039684565893 0.999141361530 0.011902727005 -0.069362959063 0.003577086553 -0.012054091310 0.999920948543 0.084370295486 -0.000000000000 0.000000000000 -0.000000000000 1.000000000000 -4.823511687501 -0.067257064385 -0.192741248838 0.007880022890 -0.000595855651 0.052428731034
0.000000000000 2700399000 0.999298680374 -0.037136150137 -0.004801432731 -9.639917248257 0.037197000645 0.999219777227 0.013274785913 0.005315831628 0.004304712101 -0.013444074942 0.999900358187 0.093175204087 -0.000000000000 0.000000000000 -0.000000000000 1.000000000000 -5.365467000516 -0.380096422730 -0.086800333197 0.011809814922 0.016181821159 0.077139504794
0.000000000000 2799286000 0.998991528176 -0.044777777241 -0.003298074928 -10.169952220324 0.044814543858 0.998922330989 0.012076146332 -0.107940825938 0.002753777704 -0.012211769602 0.999921641626 0.100382012235 -0.000000000000 0.000000000000 -0.000000000000 1.000000000000 -5.365467000516 -0.380096422730 -0.086800333197 0.011809814922 0.016181821159 0.077139504794
0.000000000000 2800399000 0.999100324351 -0.042168229568 -0.004514675780 -10.131343916074 0.042212518932 0.999056476131 0.010210815142 -0.041264413040 0.004079844079 -0.010392204557 0.999937676536 0.095794475267 -0.000000000000 0.000000000000 -0.000000000000 1.000000000000 -5.398339311574 -0.145084025244 -0.307066028165 -0.003061684757 0.012884639067 0.070602532476
0.000000000000 2899286000 0.998785635423 -0.049155664813 -0.003312867403 -10.664472734212 0.049187929537 0.998734492469 0.010486235754 -0.128180669309 0.002793217054 -0.010636454729 0.999939530056 0.078703355461 -0.000000000000 0.000000000000 -0.000000000000 1.000000000000 -5.398339311574 -0.145084025244 -0.307066028165 -0.003061684757 0.012884639067 0.070602532476
0.000000000000 2900402000 0.998847922484 -0.047861856605 -0.003474252698 -10.643966615654 0.047888592724 0.998820081335 0.008070180281 -0.089706407640 0.003083899551 -0.008227259880 0.999961400134 0.119337693139 -0.000000000000 0.000000000000 -0.000000000000 1.000000000000 -5.139289371027 0.110255006599 -0.524963759116 -0.008249339609 0.009975804360 0.061098590776
0.000000000000 2999281000 0.998542911296 -0.053903687432 -0.002539051477 -11.151333408225 0.053924224570 0.998505654631 0.008867675819 -0.144561071567 0.002057256832 -0.008991671211 0.999957457867 0.078274372000 -0.000000000000 0.000000000000 -0.000000000000 1.000000000000 -5.139289371027 0.110255006599 -0.524963759116 -0.008249339609 0.009975804360 0.061098590776
0.000000000000 3000400000 0.998580251673 -0.053227677487 -0.002072514925 -11.129401112561 0.053242662310 0.998549473756 0.008010453905 -0.138418409270 0.001643130831 -0.008109427289 0.999965768069 0.144692122088 -0.000000000000 0.000000000000 -0.000000000000 1.000000000000 -5.424862745605 -0.286713115636 -0.414114633096 0.030994347060 -0.005202552600 0.090864685753
0.000000000000 3099285000 0.998060556073 -0.062194292237 -0.002645075394 -11.664075031707 0.062206755975 0.998051135777 0.004924417188 -0.269544167828 0.002333649860 -0.005079408116 0.999984376724 0.097254952175 -0.000000000000 0.000000000000 -0.000000000000 1.000000000000 -5.424862745605 -0.286713115636 -0.414114633096 0.030994347060 -0.005202552600 0.090864685753
0.000000000000 3100409000 0.998167591866 -0.060485137668 -0.001733975100 -11.662576505787 0.060494021831 0.998152651795 0.005635338270 -0.222721661207 0.001389917633 -0.005729907157 0.999982617995 0.155352193945 -0.000000000000 0.000000000000 -0.000000000000 1.000000000000 -5.330800635468 -0.073399949697 -0.216699439551 -0.033784892184 0.011035348160 0.096731150374
0.000000000000 3199299000 0.997544055865 -0.070038195934 -0.000712544421 -12.186868215415 0.070041771366 0.997503778010 0.008964547940 -0.343543322553 0.000082904987 -0.008992439384 0.999959563763 0.147880727817 -0.000000000000 0.000000000000 -0.000000000000 1.000000000000 -5.330800635468 -0.073399949697 -0.216699439551 -0.033784892184 0.011035348160 0.096731150374
0.000000000000 3200403000 0.997723759413 -0.067418819653 -0.001415153351 -12.155607476667 0.067426273996 0.997705437748 0.006128381748 -0.240681553395 0.000998737930 -0.006209850594 0.999980219943 0.150446012905 -0.000000000000 0.000000000000 -0.000000000000 1.000000000000 -5.054706992211 -0.558801884527 0.075085770100 -0.046264375047 0.012172841411 0.103683479266
0.000000000000 3299299000 0.996980213522 -0.077655426612 -0.000297595556 -12.651906521261 0.077654161957 0.996922991896 0.010694828651 -0.422390444772 -0.000533831629 -0.010685642085 0.999942764401 0.174319057398 -0.000000000000 0.000000000000 -0.000000000000 1.000000000000 -5.054706992211 -0.558801884527 0.075085770100 -0.046264375047 0.012172841411 0.103683479266
0.000000000000 3300408000 0.997130745750 -0.075677700226 -0.001778079756 -12.637118987408 0.075690941751 0.997088770054 0.009212272709 -0.344361109378 0.001075739744 -0.009320424887 0.999955985263 0.147548898309 -0.000000000000 0.000000000000 -0.000000000000 1.000000000000 -5.156166859613 -0.425167255520 -0.011623201086 -0.011764238334 0.007534787984 0.115325742601
0.000000000000 3399302000 0.996203144334 -0.087051623633 -0.001144570485 -13.141919749613 0.087058821410 0.996149312759 0.010358972221 -0.533237777527 0.000238397751 -0.010419285656 0.999945689352 0.156514064388 -0.000000000000 0.000000000000 -0.000000000000 1.000000000000 -5.156166859613 -0.425167255520 -0.011623201086 -0.011764238334 0.007534787984 0.115325742601
0.000000000000 3400404000 0.996327982758 -0.085544402714 -0.003564538967 -13.120189601632 0.085564286395 0.996315423832 0.005859106500 -0.474954677377 0.003050191385 -0.006142588993 0.999976482190 0.123156534741 -0.000000000000 0.000000000000 -0.000000000000 1.000000000000 -5.347370422892 -0.368616981486 0.123584288578 -0.024376054971 0.018523190031 0.111100770996
0.000000000000 3499289000 0.995331530173 -0.096498019127 -0.001810344933 -13.642488725037 0.096509748820 0.995297930848 0.008239977669 -0.658076016147 0.001006691044 -0.008376225517 0.999964412076 0.161252276841 -0.000000000000 0.000000000000 -0.000000000000 1.000000000000 -5.347370422892 -0.368616981486 0.123584288578 -0.024376054971 0.018523190031 0.111100770996
0.000000000000 3500401000 0.995458144411 -0.095156303718 -0.002891468258 -13.654940066693 0.095173009533 0.995440636178 0.006327566803 -0.585726160260 0.002276177134 -0.006574017644 0.999975800362 0.153239289262 -0.000000000000 0.000000000000 -0.000000000000 1.000000000000 -5.629516358054 -0.362405921595 -0.218899936987 0.058627184542 -0.028498431982 0.124539979312
0.000000000000 3599260000 0.994199916773 -0.107393925100 -0.005750681646 -14.203323994691 0.107398424826 0.994215947026 0.000478565111 -0.793751594536 0.005666024413 -0.001093403544 0.999983350179 0.088360971928 -0.000000000000 0.000000000000 -0.000000000000 1.000000000000 -5.629516358054 -0.362405921595 -0.218899936987 0.058627184542 -0.028498431982 0.124539979312
0.000000000000 3600403000 0.994442804055 -0.105141614661 -0.005361933386 -14.199674641864 0.105145107178 0.994456820273 0.000372891687 -0.712983036036 0.005293004792 -0.000934600516 0.999985555207 0.120750734825 -0.000000000000 0.000000000000 -0.000000000000 1.000000000000 -5.755839979437 -0.109983458742 -0.215150693654 0.033755601872 -0.031263240097 0.132203964301
0.000000000000 3699282000 0.992961857825 -0.118133773903 -0.008435660546 -14.758454085438 0.118111834708 0.992995599955 -0.003054991265 -0.913424300870 0.008737471452 0.002037138458 0.999959752520 0.052004690047 -0.000000000000 0.000000000000 -0.000000000000 1.000000000000 -5.755839979437 -0.109983458742 -0.215150693654 0.033755601872 -0.031263240097 0.132203964301
0.000000000000 3700399000 0.993070897747 -0.117275368302 -0.007528614583 -14.747206319301 0.117274359524 0.993099386692 -0.000576844403 -0.885885706340 0.007544312165 -0.000310066064 0.999971493200 0.102712257209 -0.000000000000 0.000000000000 -0.000000000000 1.000000000000 -5.343238696780 0.151060658483 -0.284302440653 0.001844314029 -0.019377631323 0.118088961135
0.000000000000 3799290000 0.991617389152 -0.128863906773 -0.009436475147 -15.264475400746 0.128861565127 0.991662220907 -0.000858287873 -1.046201140578 0.009468398230 -0.000364905777 0.999955107132 0.045665146510 -0.000000000000 0.000000000000 -0.000000000000 1.000000000000 -5.343238696780 0.151060658483 -0.284302440653 0.001844314029 -0.019377631323 0.118088961135
0.000000000000 3800406000 0.991701333360 -0.128270515252 -0.008668352204 -15.262416210089 0.128293844188 0.991733784302 0.002188747970 -1.026248804326 0.008315945905 -0.003282680507 0.999960033728 0.077555618891 -0.000000000000 0.000000000000 -0.000000000000 1.000000000000 -5.450277149607 0.078136881202 -0.048157073708 0.056857021220 -0.024096503528 0.132463977574
0.000000000000 3899281000 0.989912834274 -0.141246800489 -0.011041824652 -15.786725500859 0.141215577892 0.989972460991 -0.003561887141 -1.222159849128 0.011434207487 0.001966680146 0.999932693269 0.029488535044 -0.000000000000 0.000000000000 -0.000000000000 1.000000000000 -5.450277149607 0.078136881202 -0.048157073708 0.056857021220 -0.024096503528 0.132463977574
0.000000000000 3900394000 0.990098685822 -0.140082656607 -0.009024502843 -15.786810186522 0.140118012785 0.990128940400 0.003409380436 -1.156438681808 0.008457826369 -0.004640118494 0.999953466154 0.087866019728 -0.000000000000 0.000000000000 -0.000000000000 1.000000000000 -5.397600682541 -0.481215337095 -0.051638578231 0.036518470634 -0.006895335351 0.144324573289
0.000000000000 3999257000 0.987992768136 -0.154193559906 -0.009728113653 -16.302020157352 0.154197631382 0.988039968067 -0.000334631819 -1.433225810484 0.009663363174 -0.001169438266 0.999952624791 0.067150677104 -0.000000000000 0.000000000000 -0.000000000000 1.000000000000 -5.397600682541 -0.481215337095 -0.051638578231 0.036518470634 -0.006895335351 0.144324573289
0.000000000000 4000393000 0.988273294773 -0.152396671817 -0.009547212001 -16.308002588349 0.152396751295 0.988319132072 -0.000723447312 -1.352073489234 0.009545943241 -0.000740000434 0.999954162633 0.081126073559 -0.000000000000 0.000000000000 -0.000000000000 1.000000000000 -5.552546137911 -0.315438051363 -0.064973817790 -0.034878644876 0.013418741452 0.142493290357
0.000000000000 4099278000 0.986039128126 -0.166310091503 -0.008233545376 -16.836042937654 0.166336278072 0.986065657847 0.002600194744 -1.616463914486 0.007686377712 -0.003933431051 0.999962723164 0.101808392105 -0.000000000000 0.000000000000 -0.000000000000 1.000000000000 -5.552546137911 -0.315438051363 -0.064973817790 -0.034878644876 0.013418741452 0.142493290357
0.000000000000 4100392000 0.986328687667 -0.164528129782 -0.009285170738 -16.792800235851 0.164510019939 0.986371752586 -0.002686827006 -1.554125432885 0.009600688756 0.001122590932 0.999953282191 0.094177051178 -0.000000000000 0.000000000000 -0.000000000000 1.000000000000 -5.533355146308 -0.296704860695 -0.177564055434 -0.027172355863 0.006312484337 0.146046928891
0.000000000000 4199288000 0.983855281156 -0.178757171261 -0.008640570777 -17.315541402795 0.178762745407 0.983892201506 -0.000129114703 -1.829544316479 0.008524470383 -0.001417581971 0.999962661236 0.091808124284 -0.000000000000 0.000000000000 -0.000000000000 1.000000000000 -5.533355146308 -0.296704860695 -0.177564055434 -0.027172355863 0.006312484337 0.146046928891
0.000000000000 4200496000 0.984180224752 -0.176948539495 -0.008859998762 -17.347541716926 0.176941335613 0.984220104629 -0.001596682430 -1.741391794096 0.009002719533 0.000003723259 0.999959474692 0.106451964399 -0.000000000000 0.000000000000 -0.000000000000 1.000000000000 -6.036894035440 -0.173147714714 -0.123107782199 -0.009339245810 -0.009985039610 0.149139311758
0.000000000000 4299286000 0.981457219159 -0.191429163607 -0.009828646010 -17.916328635318 0.191430516085 0.981505832153 -0.000811764424 -2.018194578730 0.009802268766 -0.001084790724 0.999951368195 0.078631151153 -0.000000000000 0.000000000000 -0.000000000000 1.000000000000 -6.036894035440 -0.173147714714 -0.123107782199 -0.009339245810 -0.009985039610 0.149139311758
0.000000000000 4300398000 0.981788690901 -0.189739892358 -0.009473102322 -17.917979374846 0.189717453439 0.981833441723 -0.003221889982 -1.942037098362 0.009912329715 0.001366002299 0.999949938626 0.108232265016 -0.000000000000 0.000000000000 -0.000000000000 1.000000000000 -5.850211664730 -0.011927235347 -0.088787695754 -0.031014285410 -0.021021030020 0.140585413122
0.000000000000 4399292000 0.979033915752 -0.203370871471 -0.011527378060 -18.467956550863 0.203380979500 0.979099630603 -0.000300882186 -2.195887860450 0.011347642272 -0.002049875576 0.999933512302 0.067974405049 -0.000000000000 0.000000000000 -0.000000000000 1.000000000000 -5.850211664730 -0.011927235347 -0.088787695754 -0.031014285410 -0.021021030020 0.140585413122
0.000000000000 4400950000 0.979311647879 -0.201982642655 -0.012316996181 -18.453803330826 0.201938519263 0.979386732418 -0.004739493715 -2.152863511492 0.013020398109 0.002154165430 0.999912910610 0.050108160859 -0.000000000000 0.000000000000 -0.000000000000 1.000000000000 -6.228630347303 -0.236200427599 0.016963127406 -0.017200242510 -0.020977721219 0.153761404584
0.000000000000 4499280000 0.976117880951 -0.216769101256 -0.014319190934 -19.031481275363 0.216744752000 0.976222900804 -0.003249681000 -2.459416850705 0.014683152541 0.000068462244 0.999892194361 0.017013076952 -0.000000000000 0.000000000000 -0.000000000000 1.000000000000 -6.228630347303 -0.236200427599 0.016963127406 -0.017200242510 -0.020977721219 0.153761404584
0.000000000000 4501226000 0.976352415187 -0.215596432554 -0.015941757401 -19.028797140111 0.215465407976 0.976464824900 -0.009544825753 -2.421166580823 0.017624395731 0.005884216414 0.999827363434 -0.026255503466 -0.000000000000 0.000000000000 -0.000000000000 1.000000000000 -6.175210568795 0.105512021115 0.207547288926 -0.071731653392 -0.000955097405 0.146483222952
0.000000000000 4599274000 0.973154777739 -0.229598490266 -0.015947157466 -19.597581062528 0.229584269523 0.973284925804 -0.002741603563 -2.688266781934 0.016150596010 -0.000993211892 0.999869077319 0.010248527902 -0.000000000000 0.000000000000 -0.000000000000 1.000000000000 -6.175210568795 0.105512021115 0.207547288926 -0.071731653392 -0.000955097405 0.146483222952
0.000000000000 4601766000 0.973481485118 -0.228075476597 -0.017758803665 -19.568926638918 0.227895866565 0.973616632212 -0.011581342002 -2.642763099496 0.019931686713 0.007227064061 0.999775223443 -0.051821289854 -0.000000000000 0.000000000000 -0.000000000000 1.000000000000 -6.397758008549 0.226913551389 0.068628091145 -0.021876457157 -0.008791387280 0.144080949808
0.000000000000 4699271000 0.970166366481 -0.241735839818 -0.018466323327 -20.153772482695 0.241591785440 0.970329458337 -0.009703169142 -2.899782542135 0.020264021253 0.004952376326 0.999782398030 -0.056245371337 -0.000000000000 0.000000000000 -0.000000000000 1.000000000000 -6.397758008549 0.226913551389 0.068628091145 -0.021876457157 -0.008791387280 0.144080949808
0.000000000000 4701789000 0.970278211444 -0.241256410078 -0.018855688608 -20.177876562795 0.241081706525 0.970441570919 -0.011080081768 -2.889062106190 0.020971484824 0.006205000334 0.999760818794 -0.072180058074 -0.000000000000 0.000000000000 -0.000000000000 1.000000000000 -6.622558048079 0.166904362491 0.022747697325 -0.114553307024 0.010906021133 0.149646010601
0.000000000000 4799284000 0.966676434536 -0.255387962152 -0.017710440446 -20.779384241973 0.255424931240 0.966828874193 -0.000180351637 -3.172059552494 0.017169024835 -0.004349346356 0.999843141584 -0.014348434128 -0.000000000000 0.000000000000 -0.000000000000 1.000000000000 -6.622558048079 0.166904362491 0.022747697325 -0.114553307024 0.010906021133 0.149646010601
0.000000000000 4801821000 0.966763591728 -0.254806738012 -0.021016278780 -20.770440355665 0.254620564937 0.966976770104 -0.011148721458 -3.161275406907 0.023163022722 0.005427001224 0.999716970965 -0.142060521519 -0.000000000000 0.000000000000 -0.000000000000 1.000000000000 -6.933667552852 0.375669525269 0.368434921399 -0.068536213352 0.027315378562 0.144554640191
0.000000000000 4899277000 0.963135661886 -0.268396901204 -0.018242813058 -21.400031727427 0.268355106750 0.963308361317 -0.004747388497 -3.422281992684 0.018847638714 -0.000323172884 0.999822315251 -0.028041244450 -0.000000000000 0.000000000000 -0.000000000000 1.000000000000 -6.933667552852 0.375669525269 0.368434921399 -0.068536213352 0.027315378562 0.144554640191
0.000000000000 4901847000 0.963596424184 -0.266657594135 -0.019381919169 -21.377784070800 0.266526990735 0.963784657155 -0.009082832259 -3.350975588280 0.021102002519 0.003586380096 0.999770895439 -0.072984042940 -0.000000000000 0.000000000000 -0.000000000000 1.000000000000 -6.764952672045 -0.082965687386 0.134583872966 0.050002746997 0.006055616639 0.161990518705
0.000000000000 4999190000 0.959287490770 -0.281817723495 -0.018608621041 -21.980764085282 0.281583463974 0.959430939393 -0.014248696492 -3.700579986728 0.021869221974 0.008428716332 0.999725309208 -0.064261165739 -0.000000000000 0.000000000000 -0.000000000000 1.000000000000 -6.764952672045 -0.082965687386 0.134583872966 0.050002746997 0.006055616639 0.161990518705
0.000000000000 5001847000 0.959564404606 -0.280929571997 -0.017740602882 -21.979471659136 0.280728804153 0.959699176589 -0.012993420398 -3.658694047354 0.020675878009 0.007487725476 0.999758191782 -0.030925565733 -0.000000000000 0.000000000000 -0.000000000000 1.000000000000 -6.905359324403 -0.037863531589 -0.076980786376 0.068053564927 -0.007557806227 0.148153057793
0.000000000000 5099280000 0.955397079315 -0.294760481834 -0.018239495205 -22.597095558233 0.294404653999 0.955474022578 -0.019881948649 -3.983755316762 0.023287776617 0.013625363395 0.999635948199 -0.080171775688 -0.000000000000 0.000000000000 -0.000000000000 1.000000000000 -6.905359324403 -0.037863531589 -0.076980786376 0.068053564927 -0.007557806227 0.148153057793
0.000000000000 5101875000 0.955864791225 -0.293270800444 -0.017740871011 -22.596339990206 0.292878185926 0.955901943410 -0.021767930417 -3.916575744341 0.023342431454 0.015611284145 0.999605631587 -0.067465508045 -0.000000000000 0.000000000000 -0.000000000000 1.000000000000 -7.155706133254 -0.267378919550 0.189894267612 -0.073292640946 -0.002663469201 0.153154004936
0.000000000000 5199263000 0.951383200140 -0.307499218127 -0.017726740893 -23.232060000758 0.307262094130 0.951508324394 -0.014896782194 -4.284731495124 0.021447890401 0.008725792787 0.999731888327 -0.025651402867 -0.000000000000 0.000000000000 -0.000000000000 1.000000000000 -7.155706133254 -0.267378919550 0.189894267612 -0.073292640946 -0.002663469201 0.153154004936
0.000000000000 5201874000 0.951704058745 -0.306465581153 -0.018391088538 -23.207461054120 0.306058218739 0.951758756866 -0.021991713689 -4.242938673089 0.024243582880 0.015300859378 0.999588981728 -0.072605712222 -0.000000000000 0.000000000000 -0.000000000000 1.000000000000 -6.635679579082 0.222983505583 -0.047647052475 0.039574065761 -0.052633784019 0.129170143581
0.000000000000 5299273000 0.947639124935 -0.318498462592 -0.023212458255 -23.797940489849 0.317901101569 0.947764404832 -0.026105986938 -4.516360322799 0.030314658387 0.017359788568 0.999389643346 -0.214613066550 -0.000000000000 0.000000000000 -0.000000000000 1.000000000000 -6.635679579082 0.222983505583 -0.047647052475 0.039574065761 -0.052633784019 0.129170143581
0.000000000000 5301915000 0.947695460880 -0.318358162714 -0.022834046074 -23.807939494810 0.317853376778 0.947856203529 -0.023191556713 -4.509426175284 0.029026613609 0.014720654378 0.999470238695 -0.189499473779 -0.000000000000 0.000000000000 -0.000000000000 1.000000000000 -6.683240652395 0.169315342472 0.122419113160 0.037719576618 -0.018552902294 0.123963173334
0.000000000000 5399277000 0.943735888128 -0.329803508045 -0.024335561211 -24.402176656322 0.329155731701 0.943885358924 -0.027146519061 -4.783091029826 0.031922997146 0.017608954818 0.999335202504 -0.238184118165 -0.000000000000 0.000000000000 -0.000000000000 1.000000000000 -6.683240652395 0.169315342472 0.122419113160 0.037719576618 -0.018552902294 0.123963173334
0.000000000000 5401917000 0.944004380352 -0.329034586238 -0.024330452851 -24.413063311898 0.328441437048 0.944182236558 -0.025419020404 -4.746400196322 0.031336118251 0.016004537708 0.999380759503 -0.236031763867 -0.000000000000 0.000000000000 -0.000000000000 1.000000000000 -6.816440200527 -0.155508512157 0.055497039833 0.008042153424 -0.002016522107 0.131798376024
