0.000000000000 1810000 1.000000000000 -0.000000000000 0.000000000000 -0.000000000000 -0.000000000000 1.000000000000 -0.000000000000 0.000000000000 0.000000000000 -0.000000000000 1.000000000000 -0.000000000000 -0.000000000000 0.000000000000 -0.000000000000 1.000000000000 0.000000000000 0.000000000000 0.000000000000 0.000000000000 0.000000000000 0.000000000000
0.000000000000 97335000 1.000000000000 -0.000000000000 0.000000000000 -0.000000000000 -0.000000000000 1.000000000000 -0.000000000000 0.000000000000 0.000000000000 -0.000000000000 1.000000000000 -0.000000000000 -0.000000000000 0.000000000000 -0.000000000000 1.000000000000 0.000000000000 0.000000000000 0.000000000000 0.000000000000 0.000000000000 0.000000000000
0.000000000000 101811000 1.000000000000 -0.000000000000 0.000000000000 -0.000000000000 -0.000000000000 1.000000000000 -0.000000000000 0.000000000000 0.000000000000 -0.000000000000 1.000000000000 -0.000000000000 -0.000000000000 0.000000000000 -0.000000000000 1.000000000000 -25.265023414032 0.726464792794 0.259656319257 0.061952216965 0.024652172630 -0.039741073873
0.000000000000 197381000 0.999990012067 0.003804991067 0.002344740918 -2.414407081481 -0.003791041764 0.999975259767 -0.005925188210 0.073933817536 -0.002367228196 0.005916240019 0.999979696961 0.027874010125 -0.000000000000 0.000000000000 -0.000000000000 1.000000000000 -25.265023414032 0.726464792794 0.259656319257 0.061952216965 0.024652172630 -0.039741073873
0.000000000000 201790000 0.999994710174 0.000419389277 0.003225482263 -2.453670137095 -0.000402275989 0.999985850273 -0.005304472407 0.028342823503 -0.003227661263 0.005303146813 0.999980729233 0.016053868959 -0.000000000000 0.000000000000 -0.000000000000 1.000000000000 -25.900645497189 0.127371220163 0.215706885148 0.111924074573 -0.003839374564 -0.036348975664
0.000000000000 296930000 0.999988511901 0.003873521722 0.002823454683 -4.917724732558 -0.003827973880 0.999865260662 -0.015962679536 0.052931057090 -0.002884906039 0.015951688045 0.999868601850 0.035655226484 -0.000000000000 0.000000000000 -0.000000000000 1.000000000000 -25.900645497189 0.127371220163 0.215706885148 0.111924074573 -0.003839374564 -0.036348975664
0.000000000000 301793000 0.999988129075 0.004244058670 0.002393673784 -4.919613647163 -0.004214474262 0.999916305628 -0.012231923205 0.086169284261 -0.002445386447 0.012221689924 0.999922322173 0.027373291894 -0.000000000000 0.000000000000 -0.000000000000 1.000000000000 -25.804719883427 0.117679042503 0.460849051046 0.084383693009 -0.004759472412 -0.032885605810
0.000000000000 396938000 0.999971090618 0.007365164385 0.001890048081 -7.374536319192 -0.007325361543 0.999767781102 -0.020266300816 0.116211334166 -0.002038873813 0.020251869644 0.999792830925 0.069245074572 -0.000000000000 0.000000000000 -0.000000000000 1.000000000000 -25.804719883427 0.117679042503 0.460849051046 0.084383693009 -0.004759472412 -0.032885605810
0.000000000000 403504000 0.999977308299 0.006465896186 0.001890786744 -7.376251103593 -0.006423913298 0.999749810411 -0.021425450319 0.121097922999 -0.002028848427 0.021412817889 0.999768660743 0.029514717803 -0.000000000000 0.000000000000 -0.000000000000 1.000000000000 -26.356334433728 -0.106842437407 0.648690074584 0.032564327366 -0.011014252856 -0.036816257943
0.000000000000 496946000 0.999950870766 0.009881452238 0.000782915565 -9.838650711081 -0.009859337217 0.999651893712 -0.024472124315 0.140555803794 -0.001024463155 0.024463202990 0.999700206149 0.081666888266 -0.000000000000 0.000000000000 -0.000000000000 1.000000000000 -26.356334433728 -0.106842437407 0.648690074584 0.032564327366 -0.011014252856 -0.036816257943
0.000000000000 503499000 0.999949704194 0.009993542875 0.000847457196 -9.834634291479 -0.009969991145 0.999654724258 -0.024311140339 0.143386437535 -0.001090119013 0.024301468450 0.999704081352 0.063605547376 -0.000000000000 0.000000000000 -0.000000000000 1.000000000000 -26.328392270524 0.001758362431 0.425344415184 0.044588851251 -0.013900623217 -0.026209180530
0.000000000000 596948000 0.999922891602 0.012407452609 -0.000515722248 -12.294691838340 -0.012417107458 0.999517325994 -0.028476841116 0.170330017133 0.000162148266 0.028481049091 0.999594319487 0.089631878907 -0.000000000000 -0.000000000000 -0.000000000000 1.000000000000 -26.328392270524 0.001758362431 0.425344415184 0.044588851251 -0.013900623217 -0.026209180530
0.000000000000 603501000 0.999912444447 0.013187830597 -0.001088377156 -12.292367449423 -0.013212603040 0.999541094054 -0.027258547607 0.203404896839 0.000728396585 0.027270541265 0.999627824251 0.066039361705 -0.000000000000 -0.000000000000 -0.000000000000 1.000000000000 -26.285082369149 -0.011363629169 0.456454301173 -0.002802431852 -0.014670963633 -0.045555266593
0.000000000000 696952000 0.999845195395 0.017405688148 -0.002574347512 -14.747839611791 -0.017468874086 0.999483083645 -0.026988959709 0.259920672534 0.002103255373 0.027029752646 0.999632416836 0.090098530042 -0.000000000000 -0.000000000000 -0.000000000000 1.000000000000 -26.285082369149 -0.011363629169 0.456454301173 -0.002802431852 -0.014670963633 -0.045555266593
0.000000000000 703515000 0.999867923435 0.015995551949 -0.002877151946 -14.743423144218 -0.016069347751 0.999485055822 -0.027774075180 0.256020112967 0.002431408711 0.027816640830 0.999610085356 0.064694427356 -0.000000000000 -0.000000000000 -0.000000000000 1.000000000000 -26.167517602479 0.149335794301 0.521839651417 -0.008708691023 -0.001660285693 -0.060728559137
0.000000000000 796949000 0.999760264632 0.021662256997 -0.003187457455 -17.186625926676 -0.021740364127 0.999400522795 -0.026943489113 0.360632009985 0.002601889862 0.027006326291 0.999631876497 0.110725367717 -0.000000000000 -0.000000000000 -0.000000000000 1.000000000000 -26.167517602479 0.149335794301 0.521839651417 -0.008708691023 -0.001660285693 -0.060728559137
0.000000000000 803533000 0.999792892248 0.020090635644 -0.003246378081 -17.170192586115 -0.020169969782 0.999442644725 -0.026600229767 0.349979143767 0.002710153171 0.026660200001 0.999640879919 0.095403089988 -0.000000000000 -0.000000000000 -0.000000000000 1.000000000000 -25.976987127584 0.289959302766 0.205210092684 0.004889575477 0.000726639620 -0.051323579853
0.000000000000 896959000 0.999684863915 0.024884449317 -0.003307119816 -19.595153042467 -0.024964886691 0.999322535466 -0.027041163844 0.465164530466 0.002631974889 0.027115204069 0.999628850332 0.116008664284 -0.000000000000 -0.000000000000 -0.000000000000 1.000000000000 -25.976987127584 0.289959302766 0.205210092684 0.004889575477 0.000726639620 -0.051323579853
0.000000000000 907892000 0.999735642437 0.022735574917 -0.003426204146 -19.593218340204 -0.022819940714 0.999374574282 -0.027013155758 0.417015548491 0.002809901683 0.027084200402 0.999629206527 0.117992036321 -0.000000000000 -0.000000000000 -0.000000000000 1.000000000000 -27.229540556121 0.324302784770 0.199443297492 -0.002579975993 -0.008553675132 -0.062934061543
0.000000000000 996965000 0.999589580486 0.028316912019 -0.004338557064 -22.016004711026 -0.028423097882 0.999237679742 -0.026761668290 0.562555938915 0.003577441887 0.026874000011 0.999632427462 0.119793650344 -0.000000000000 -0.000000000000 -0.000000000000 1.000000000000 -27.229540556121 0.324302784770 0.199443297492 -0.002579975993 -0.008553675132 -0.062934061543
0.000000000000 1003530000 0.999650466205 0.026073933372 -0.004369829973 -22.028051078712 -0.026183852083 0.999283320489 -0.027335897341 0.513880973152 0.003653943840 0.027440761503 0.999616753212 0.124173837050 -0.000000000000 -0.000000000000 -0.000000000000 1.000000000000 -26.149953987007 0.363382766710 0.211244374089 0.005885753791 0.004633104363 -0.059745882401
0.000000000000 1096972000 0.999490189614 0.031664228330 -0.004091150198 -24.468176680576 -0.031766131861 0.999106910901 -0.027862043285 0.677549158069 0.003205266336 0.027977798942 0.999603405874 0.154304713984 -0.000000000000 -0.000000000000 -0.000000000000 1.000000000000 -26.149953987007 0.363382766710 0.211244374089 0.005885753791 0.004633104363 -0.059745882401
0.000000000000 1103487000 0.999564972713 0.029156451885 -0.004445968909 -24.462459908377 -0.029270743436 0.999171503990 -0.028275947249 0.607903846137 0.003617859146 0.028393783256 0.999590268144 0.148170691103 -0.000000000000 -0.000000000000 -0.000000000000 1.000000000000 -25.885236054481 0.548165695962 0.057442969426 0.002805488157 0.008613023033 -0.073002144524
0.000000000000 1196981000 0.999344496766 0.035998206802 -0.003834826112 -26.877512608680 -0.036093098650 0.998941677597 -0.028509875289 0.834315253247 0.002804463243 0.028629597731 0.999586154926 0.174401108980 -0.000000000000 -0.000000000000 -0.000000000000 1.000000000000 -25.885236054481 0.548165695962 0.057442969426 0.002805488157 0.008613023033 -0.073002144524
0.000000000000 1203484000 0.999435717656 0.033374719363 -0.003791356174 -26.859619678018 -0.033470873784 0.999018220308 -0.029022337976 0.751532152135 0.002819021513 0.029132861187 0.999571572984 0.181367276656 -0.000000000000 -0.000000000000 -0.000000000000 1.000000000000 -25.672745455429 0.355905287556 -0.010330890081 0.032181545565 0.004593307273 -0.060099742922
0.000000000000 1296996000 0.999232901473 0.039001573915 -0.003533531675 -29.255488091665 -0.039094852906 0.998722670313 -0.032009690393 0.941932288828 0.002280589884 0.032123278708 0.999481312419 0.194997505432 -0.000000000000 -0.000000000000 -0.000000000000 1.000000000000 -25.672745455429 0.355905287556 -0.010330890081 0.032181545565 0.004593307273 -0.060099742922
0.000000000000 1303441000 0.999288581172 0.037541125985 -0.003604913267 -29.246712820291 -0.037633973253 0.998823587271 -0.030579822898 0.873980985255 0.002452671417 0.030693735046 0.999525827096 0.219367575205 -0.000000000000 -0.000000000000 -0.000000000000 1.000000000000 -25.568705588812 0.339203656418 -0.270182251316 0.035621953028 0.002757546085 -0.067948218262
0.000000000000 1397008000 0.999029678989 0.043898565090 -0.003551968881 -31.632782241299 -0.043993882415 0.998456867820 -0.033888366915 1.098539854479 0.002058837043 0.034011749222 0.999419312453 0.205224405898 -0.000000000000 -0.000000000000 -0.000000000000 1.000000000000 -25.568705588812 0.339203656418 -0.270182251316 0.035621953028 0.002757546085 -0.067948218262
0.000000000000 1403434000 0.999074531812 0.042887987363 -0.003271150278 -31.633471642778 -0.042973959812 0.998508269901 -0.033681949424 1.043151138386 0.001821719583 0.033791352132 0.999427248908 0.250628137455 -0.000000000000 -0.000000000000 -0.000000000000 1.000000000000 -25.578715318285 0.128525896241 -0.334565468437 0.024484299811 -0.009483590329 -0.064963542630
0.000000000000 1497024000 0.998792811214 0.048926727860 -0.004369847648 -34.020591240000 -0.049052473604 0.998149056489 -0.035948795015 1.254257371170 0.002602902397 0.036119749869 0.999344079168 0.192809542832 -0.000000000000 -0.000000000000 -0.000000000000 1.000000000000 -25.578715318285 0.128525896241 -0.334565468437 0.024484299811 -0.009483590329 -0.064963542630
0.000000000000 1503406000 0.998841958441 0.047926493855 -0.004218203980 -34.013339547183 -0.048048310518 0.998184725445 -0.036312721533 1.206451524741 0.002470205356 0.036473347467 0.999331573108 0.223473218423 -0.000000000000 -0.000000000000 -0.000000000000 1.000000000000 -25.205275038786 0.316255961848 -0.192926345466 0.026651594575 0.003068981488 -0.084164232448
0.000000000000 1597055000 0.998432852620 0.055802974937 -0.004226913523 -36.363017678690 -0.055925148334 0.997681807309 -0.038773562498 1.512867625691 0.002053434587 0.038949189377 0.999239082529 0.218908965925 -0.000000000000 -0.000000000000 -0.000000000000 1.000000000000 -25.205275038786 0.316255961848 -0.192926345466 0.026651594575 0.003068981488 -0.084164232448
0.000000000000 1603399000 0.998537155628 0.053953935001 -0.003538605324 -36.346735909597 -0.054052953425 0.997721124262 -0.040383615832 1.440499928835 0.001351686299 0.040515812956 0.999177983066 0.275940393624 -0.000000000000 -0.000000000000 -0.000000000000 1.000000000000 -24.971439311682 0.361962039746 -0.271032017573 0.016902364343 0.009125691580 -0.093721051653
0.000000000000 1697083000 0.998024825631 0.062746876865 -0.003045795210 -38.671687765090 -0.062819446364 0.997143429076 -0.041936845478 1.803304270098 0.000405688601 0.042045348065 0.999115620998 0.285182587614 -0.000000000000 -0.000000000000 -0.000000000000 1.000000000000 -24.971439311682 0.361962039746 -0.271032017573 0.016902364343 0.009125691580 -0.093721051653
0.000000000000 1703463000 0.998146615760 0.060798088627 -0.002631704182 -38.657590901112 -0.060854987958 0.997256615375 -0.042141589094 1.716029709764 0.000062356337 0.042223636864 0.999108182632 0.323664299973 -0.000000000000 -0.000000000000 -0.000000000000 1.000000000000 -24.745688989250 0.320408924523 -0.137061178553 0.005286824639 0.008791333797 -0.075277136367
0.000000000000 1797108000 0.997692533884 0.067861361921 -0.002107935090 -40.961439492544 -0.067889484056 0.996782119734 -0.042619522912 2.026500022344 -0.000791066862 0.042664286433 0.999089151616 0.344528836427 -0.000000000000 -0.000000000000 -0.000000000000 1.000000000000 -24.745688989250 0.320408924523 -0.137061178553 0.005286824639 0.008791333797 -0.075277136367
0.000000000000 1803376000 0.997683336066 0.067981210330 -0.002552641261 -40.952285004344 -0.068028757855 0.996853313074 -0.040688577232 2.001549062381 -0.000221449829 0.040767968487 0.999168616253 0.339509930078 -0.000000000000 -0.000000000000 -0.000000000000 1.000000000000 -24.641527651134 0.278513097093 -0.044074687847 0.014914306555 0.018481609854 -0.075520204943
0.000000000000 1897137000 0.997174662008 0.075109598920 -0.001114270669 -43.246753314581 -0.075089887575 0.996288808152 -0.042072788542 2.325241902250 -0.002049934876 0.042037589153 0.999113926870 0.411353900479 -0.000000000000 -0.000000000000 -0.000000000000 1.000000000000 -24.641527651134 0.278513097093 -0.044074687847 0.014914306555 0.018481609854 -0.075520204943
0.000000000000 1903351000 0.997098262344 0.076108131637 -0.001614784585 -43.236427627969 -0.076111599288 0.996293177524 -0.040086517350 2.371686132283 -0.001442111074 0.040093100630 0.999194907712 0.401314388125 -0.000000000000 -0.000000000000 -0.000000000000 1.000000000000 -24.586441169443 0.431737901648 0.035785917106 0.000381498844 0.014684730670 -0.091923406648
0.000000000000 1997185000 0.996401745983 0.084753877325 -0.000583850194 -45.520587095301 -0.084709013828 0.995597984100 -0.040112803834 2.794970097388 -0.002818435580 0.040017925150 0.999194987021 0.465914975958 -0.000000000000 -0.000000000000 -0.000000000000 1.000000000000 -24.586441169443 0.431737901648 0.035785917106 0.000381498844 0.014684730670 -0.091923406648
0.000000000000 2003330000 0.996500876762 0.083572513475 -0.001279688844 -45.515427204068 -0.083557424133 0.995713814846 -0.039650419876 2.727545665981 -0.002039481388 0.039618605674 0.999212793453 0.429312942573 -0.000000000000 -0.000000000000 -0.000000000000 1.000000000000 -24.454445728448 0.544039491425 0.121169744149 -0.019084505774 -0.008689824187 -0.115375596398
0.000000000000 2097237000 0.995538349911 0.094324276385 -0.002514903881 -47.779658488760 -0.094351761012 0.994819558105 -0.037839027538 3.284787366660 -0.001067263325 0.037907488648 0.999280682918 0.397241291684 -0.000000000000 -0.000000000000 -0.000000000000 1.000000000000 -24.454445728448 0.544039491425 0.121169744149 -0.019084505774 -0.008689824187 -0.115375596398
0.000000000000 2103391000 0.995515795912 0.094545693599 -0.003067883931 -47.772914158447 -0.094594763237 0.994860814120 -0.036108050300 3.274845023236 -0.000361743155 0.036236340187 0.999343182691 0.388680363487 -0.000000000000 -0.000000000000 -0.000000000000 1.000000000000 -24.540135860027 0.546298639182 -0.275141803348 -0.005321421733 -0.019100452248 -0.086173759776
0.000000000000 2196813000 0.994721028829 0.102487357634 -0.005139681888 -50.037941178565 -0.102605723662 0.994085638809 -0.035578198188 3.719761076166 0.001462968431 0.035917742685 0.999353678876 0.273971179681 -0.000000000000 -0.000000000000 -0.000000000000 1.000000000000 -24.540135860027 0.546298639182 -0.275141803348 -0.005321421733 -0.019100452248 -0.086173759776
0.000000000000 2203348000 0.994579452990 0.103849384942 -0.005197781908 -50.029561541783 -0.103965991691 0.994010300070 -0.033683763540 3.761953300217 0.001668610628 0.034041571667 0.999419024802 0.303340288529 -0.000000000000 -0.000000000000 -0.000000000000 1.000000000000 -24.488088731916 0.237839311215 -0.357242997174 -0.015034342645 -0.000360378391 -0.080108009097
0.000000000000 2296809000 0.993773148633 0.111287546857 -0.005478226983 -52.288566079649 -0.111406884585 0.993251792545 -0.032239458319 4.167605978298 0.001853408542 0.032649020205 0.999465160151 0.262660077460 -0.000000000000 -0.000000000000 -0.000000000000 1.000000000000 -24.488088731916 0.237839311215 -0.357242997174 -0.015034342645 -0.000360378391 -0.080108009097
0.000000000000 2303357000 0.993645949775 0.112458503770 -0.004561954138 -52.280899431238 -0.112546213053 0.993160847466 -0.031062533516 4.206629213701 0.001037508196 0.031378591281 0.999507032284 0.345905658033 -0.000000000000 -0.000000000000 -0.000000000000 1.000000000000 -24.285330356973 0.599923577711 -0.284629968258 0.014126540302 0.033627404909 -0.091056295334
0.000000000000 2396859000 0.992649854914 0.121009965816 -0.001689293440 -54.512322670592 -0.121001035241 0.992124907236 -0.032356110905 4.716786229581 -0.002239421777 0.032322695050 0.999474976362 0.493074990842 -0.000000000000 -0.000000000000 -0.000000000000 1.000000000000 -24.285330356973 0.599923577711 -0.284629968258 0.014126540302 0.033627404909 -0.091056295334
0.000000000000 2403337000 0.992608229748 0.121352132301 -0.001600694329 -54.506043760812 -0.121345625581 0.992161181629 -0.029856805268 4.712050233115 -0.002035040206 0.029830347878 0.999552904531 0.519516409029 -0.000000000000 -0.000000000000 -0.000000000000 1.000000000000 -24.262965804558 0.405313414786 0.026439785906 0.042497198040 0.030192733167 -0.077471712562
0.000000000000 2496869000 0.991692543497 0.128627045404 0.000991142471 -56.737969717592 -0.128520244356 0.991129784856 -0.033827449824 5.150586354437 -0.005333475748 0.033419047883 0.999427196586 0.698662475836 -0.000000000000 0.000000000000 -0.000000000000 1.000000000000 -24.262965804558 0.405313414786 0.026439785906 0.042497198040 0.030192733167 -0.077471712562
0.000000000000 2503332000 0.991481763925 0.130243709630 0.000698502264 -56.726677116666 -0.130156994870 0.990990915301 -0.031562041708 5.208579274822 -0.004802966793 0.031202273831 0.999501550583 0.686182736406 -0.000000000000 0.000000000000 -0.000000000000 1.000000000000 -24.219017426775 0.246519207519 -0.011956241887 0.032839387988 0.007642028323 -0.058304425900
0.000000000000 2596881000 0.990753316506 0.135669992398 0.001232475268 -58.962499264926 -0.135546388948 0.990165342628 -0.034637706347 5.544948537324 -0.005919651652 0.034150364867 0.999399174656 0.742932246265 -0.000000000000 0.000000000000 -0.000000000000 1.000000000000 -24.219017426775 0.246519207519 -0.011956241887 0.032839387988 0.007642028323 -0.058304425900
0.000000000000 2603332000 0.990594862973 0.136825763336 0.000726593526 -58.987805259282 -0.136730436045 0.990076978690 -0.032440162263 5.607934828824 -0.005158033487 0.032035710642 0.999473415321 0.709031240758 -0.000000000000 0.000000000000 -0.000000000000 1.000000000000 -24.311055334212 0.217741730781 -0.036268307767 -0.017712529592 -0.019177957455 -0.099839387867
0.000000000000 2696918000 0.989281519534 0.146014445475 -0.001362651943 -61.209024603938 -0.145986888567 0.988807563167 -0.030780373474 6.190922502936 -0.003146978617 0.030649383959 0.999525243197 0.587996701757 -0.000000000000 -0.000000000000 -0.000000000000 1.000000000000 -24.311055334212 0.217741730781 -0.036268307767 -0.017712529592 -0.019177957455 -0.099839387867
0.000000000000 2703354000 0.989199602934 0.146569444503 -0.001242373968 -61.197889349967 -0.146541510487 0.988759629296 -0.029664476697 6.224216181545 -0.003119496647 0.029526147928 0.999559140486 0.615010507925 -0.000000000000 -0.000000000000 -0.000000000000 1.000000000000 -24.247969856827 0.511123838356 -0.224538272820 -0.060491763755 -0.014407791967 -0.111460051399
0.000000000000 2796956000 0.987619613986 0.156841509832 -0.002870342237 -63.399703810047 -0.156865030322 0.987328812075 -0.023982892009 6.925102297835 -0.000927541401 0.024136230870 0.999708248454 0.472760459437 -0.000000000000 -0.000000000000 -0.000000000000 1.000000000000 -24.247969856827 0.511123838356 -0.224538272820 -0.060491763755 -0.014407791967 -0.111460051399
0.000000000000 2803401000 0.987323957930 0.158696439055 -0.002615784465 -63.376380628436 -0.158715388378 0.987079185775 -0.022002420371 7.034804520790 -0.000909719364 0.022138682012 0.999754495449 0.503700174851 -0.000000000000 -0.000000000000 -0.000000000000 1.000000000000 -24.082472547010 0.643136599366 -0.157071135361 -0.043014569010 -0.010386122742 -0.103177343697
0.000000000000 2897015000 0.985745012124 0.168203675848 -0.003780807194 -65.560038929328 -0.168244673347 0.985581902712 -0.017945554770 7.719519790713 0.000707786871 0.018325841776 0.999831817138 0.396614740264 -0.000000000000 -0.000000000000 -0.000000000000 1.000000000000 -24.082472547010 0.643136599366 -0.157071135361 -0.043014569010 -0.010386122742 -0.103177343697
0.000000000000 2903417000 0.985880324946 0.167412703977 -0.003601587396 -65.536864284120 -0.167450896589 0.985703875138 -0.018656574408 7.651635351064 0.000426751084 0.018996238679 0.999819464103 0.416827449354 -0.000000000000 -0.000000000000 -0.000000000000 1.000000000000 -23.949633996145 0.572112040405 0.207448584865 -0.031336792021 0.021250484409 -0.137249805488
0.000000000000 2997070000 0.983645949985 0.180103546102 -0.001832418902 -67.674683263415 -0.180109961756 0.983521383211 -0.015687270065 8.562780160970 -0.001023109794 0.015760756564 0.999875268120 0.545028430018 -0.000000000000 -0.000000000000 -0.000000000000 1.000000000000 -23.949633996145 0.572112040405 0.207448584865 -0.031336792021 0.021250484409 -0.137249805488
0.000000000000 3003392000 0.983482739061 0.180995725287 -0.001499799076 -67.664312740404 -0.180998166521 0.983374979325 -0.014605264560 8.614275424193 -0.001168625567 0.014635486477 0.999892212616 0.569366839182 -0.000000000000 -0.000000000000 -0.000000000000 1.000000000000 -23.923143860959 0.484814089278 0.081110845437 0.043100239979 0.034784514852 -0.083718673483
0.000000000000 3097133000 0.982021810380 0.188760448594 0.001630025910 -69.834725316076 -0.188698038352 0.981858134259 -0.018645495771 9.196425613358 -0.005119986345 0.018002700820 0.999824828909 0.837120423960 -0.000000000000 0.000000000000 -0.000000000000 1.000000000000 -23.923143860959 0.484814089278 0.081110845437 0.043100239979 0.034784514852 -0.083718673483
0.000000000000 3103398000 0.981806714121 0.189879919308 0.001091948297 -69.831148777016 -0.189836501541 0.981677091743 -0.016498188659 9.254663437941 -0.004204615360 0.015990740751 0.999863299366 0.789292264731 -0.000000000000 0.000000000000 -0.000000000000 1.000000000000 -23.937152914192 0.479866407480 0.068349721834 0.069879573767 0.031882431571 -0.091876343763
0.000000000000 3196987000 0.980119462522 0.198369828635 0.003905159866 -71.986289765506 -0.198230339560 0.979884198723 -0.023058394819 9.903224794684 -0.008400694275 0.021825860371 0.999726492674 1.069909579017 -0.000000000000 0.000000000000 -0.000000000000 1.000000000000 -23.937152914192 0.479866407480 0.068349721834 0.069879573767 0.031882431571 -0.091876343763
0.000000000000 3203414000 0.980022914738 0.198862390414 0.002972585914 -71.971049480254 -0.198766594233 0.979846803081 -0.019801098679 9.917184187290 -0.006850372621 0.018814679664 0.999799520016 0.993145451330 -0.000000000000 0.000000000000 -0.000000000000 1.000000000000 -24.032986086489 0.428729287914 -0.247347893345 0.084821056792 0.021244770775 -0.086257659029
0.000000000000 3297014000 0.978369319768 0.206810869425 0.004768482326 -74.135789774465 -0.206603907179 0.978030516848 -0.027769293330 10.538442052334 -0.010406712931 0.026183437546 0.999602985152 1.196452205259 -0.000000000000 0.000000000000 -0.000000000000 1.000000000000 -24.032986086489 0.428729287914 -0.247347893345 0.084821056792 0.021244770775 -0.086257659029
0.000000000000 3303389000 0.978352690397 0.206902879944 0.004148670169 -74.140451101291 -0.206742896126 0.978087921424 -0.024523312688 10.509071513446 -0.009131708203 0.023134740860 0.999690649987 1.145109011098 -0.000000000000 0.000000000000 -0.000000000000 1.000000000000 -24.145877435284 0.363340344312 -0.099913484779 0.057983511992 0.025850364043 -0.071252939525
0.000000000000 3397038000 0.976925215912 0.213486140395 0.006386734309 -76.326752723233 -0.213207380900 0.976546682990 -0.029986474801 11.038273653784 -0.012638640974 0.027932844474 0.999529899980 1.376378918831 -0.000000000000 0.000000000000 -0.000000000000 1.000000000000 -24.145877435284 0.363340344312 -0.099913484779 0.057983511992 0.025850364043 -0.071252939525
0.000000000000 3403389000 0.976884775217 0.213699147887 0.005367507868 -76.325068788126 -0.213473926688 0.976553320065 -0.027793806765 11.038729552752 -0.011181170451 0.026005523693 0.999599266789 1.288338856793 -0.000000000000 0.000000000000 -0.000000000000 1.000000000000 -24.162177474397 0.266473571829 -0.073936546418 0.004130790202 0.000963848324 -0.079240413776
0.000000000000 3497099000 0.975271673816 0.220947056120 0.005249823196 -78.505013103354 -0.220717609702 0.974929412217 -0.028220169423 11.638060747568 -0.011353370400 0.026363603442 0.999587945803 1.292791140604 -0.000000000000 0.000000000000 -0.000000000000 1.000000000000 -24.162177474397 0.266473571829 -0.073936546418 0.004130790202 0.000963848324 -0.079240413776
0.000000000000 3503392000 0.975140690387 0.221538529995 0.004616674131 -78.499191566868 -0.221359063765 0.974871786039 -0.025003313249 11.675269710511 -0.010039862618 0.023359805480 0.999676708064 1.232786484947 -0.000000000000 0.000000000000 -0.000000000000 1.000000000000 -24.270874541266 0.207424435775 -0.144534535723 0.009495378634 0.018238195711 -0.077590458270
0.000000000000 3597082000 0.973487069305 0.228659637819 0.006139701009 -80.683874132548 -0.228432051076 0.973214438482 -0.025931732914 12.272136218966 -0.011904786326 0.023841702182 0.999644861588 1.365897352942 -0.000000000000 0.000000000000 -0.000000000000 1.000000000000 -24.270874541266 0.207424435775 -0.144534535723 0.009495378634 0.018238195711 -0.077590458270
0.000000000000 3603404000 0.973287319429 0.229513135743 0.005959392655 -80.684177626628 -0.229325819608 0.973083753153 -0.022752534153 12.341463796244 -0.011020993630 0.020778110371 0.999723365651 1.341504785332 -0.000000000000 0.000000000000 -0.000000000000 1.000000000000 -24.199028271250 0.265834053562 -0.099984936357 0.030546392486 0.012309396050 -0.078779275053
0.000000000000 3697289000 0.971550940123 0.236729101969 0.006935634642 -82.860885602936 -0.236483836500 0.971296346029 -0.025667163153 12.967205754343 -0.012812721068 0.023296791003 0.999646484367 1.462906218038 -0.000000000000 0.000000000000 -0.000000000000 1.000000000000 -24.199028271250 0.265834053562 -0.099984936357 0.030546392486 0.012309396050 -0.078779275053
0.000000000000 3703732000 0.971444431917 0.237185152923 0.006238503924 -82.877196955558 -0.236997810360 0.971258610551 -0.022107675496 12.998454176314 -0.011302813046 0.019997866494 0.999736131063 1.389522728670 -0.000000000000 0.000000000000 -0.000000000000 1.000000000000 -24.469632234093 0.294673551948 -0.187052118819 0.055074707022 0.000842685909 -0.091935895080
0.000000000000 3797372000 0.969367475096 0.245539063225 0.006104642162 -85.053350113892 -0.245290352868 0.969064733356 -0.027316393539 13.741590299275 -0.012623035109 0.024982213604 0.999608197239 1.447577168354 -0.000000000000 0.000000000000 -0.000000000000 1.000000000000 -24.469632234093 0.294673551948 -0.187052118819 0.055074707022 0.000842685909 -0.091935895080
0.000000000000 3803750000 0.969452518104 0.245210486584 0.005799345767 -85.075718313633 -0.245000242717 0.969206849298 -0.024758116686 13.701073663896 -0.011691715478 0.022580977445 0.999676649346 1.420141443752 -0.000000000000 0.000000000000 -0.000000000000 1.000000000000 -24.224063897112 0.487685747782 -0.152978942191 0.046501486783 -0.008999251590 -0.096358250781
0.000000000000 3897370000 0.967213126708 0.253922323039 0.004713956554 -87.217498710782 -0.253684238025 0.966847533675 -0.029157400490 14.517745553025 -0.011961392134 0.027005564018 0.999563717134 1.394657432300 -0.000000000000 0.000000000000 -0.000000000000 1.000000000000 -24.224063897112 0.487685747782 -0.152978942191 0.046501486783 -0.008999251590 -0.096358250781
0.000000000000 3903442000 0.967223891783 0.253889466261 0.004252303676 -87.212698846994 -0.253668484010 0.966863667816 -0.028756704929 14.496260431130 -0.011412422394 0.026735496629 0.999577395620 1.360336610501 -0.000000000000 0.000000000000 -0.000000000000 1.000000000000 -24.170059612484 0.363172232740 -0.000106013663 0.020117787669 -0.003522932645 -0.077237874837
0.000000000000 3997445000 0.965360511782 0.260893371663 0.003705524839 -89.377528021419 -0.260662645465 0.964942472439 -0.030675888606 15.168907534473 -0.011578754307 0.028647399617 0.999522515476 1.359134049682 -0.000000000000 0.000000000000 -0.000000000000 1.000000000000 -24.170059612484 0.363172232740 -0.000106013663 0.020117787669 -0.003522932645 -0.077237874837
0.000000000000 4003463000 0.964964796701 0.262359742831 0.003210369060 -89.386992885827 -0.262168964791 0.964608677757 -0.028240621400 15.293079116966 -0.010505952022 0.026409546355 0.999595998808 1.300276956578 -0.000000000000 0.000000000000 -0.000000000000 1.000000000000 -24.193738117797 0.410583218833 0.050532146438 0.027154120872 0.010986225252 -0.071114816575
0.000000000000 4097572000 0.963176976583 0.268837757963 0.004046192521 -91.557956521409 -0.268592139911 0.962760840681 -0.030819247702 15.933718409673 -0.012180893167 0.028597614314 0.999516784400 1.438469820106 -0.000000000000 0.000000000000 -0.000000000000 1.000000000000 -24.193738117797 0.410583218833 0.050532146438 0.027154120872 0.010986225252 -0.071114816575
0.000000000000 4103705000 0.962840048780 0.270045631096 0.003794415763 -91.519344292125 -0.269822606290 0.962458953768 -0.029470721870 16.035309604520 -0.011610409112 0.027351772132 0.999558441994 1.403654938389 -0.000000000000 0.000000000000 -0.000000000000 1.000000000000 -24.072289501499 0.375988701164 0.021692986499 0.025882459709 0.023661519476 -0.098756623056
0.000000000000 4197489000 0.960271019628 0.279010319583 0.005728038926 -93.620935552292 -0.278696829943 0.959847825340 -0.031941026430 16.924237887567 -0.014409921699 0.029075655728 0.999473341516 1.651109524271 -0.000000000000 0.000000000000 -0.000000000000 1.000000000000 -24.072289501499 0.375988701164 0.021692986499 0.025882459709 0.023661519476 -0.098756623056
0.000000000000 4203732000 0.960294961133 0.278925529509 0.005842654397 -93.641990158025 -0.278625000862 0.959905659676 -0.030809631876 16.907262890187 -0.014201989909 0.027958424658 0.999508194050 1.659413676326 -0.000000000000 0.000000000000 -0.000000000000 1.000000000000 -24.165591296310 0.413403101311 0.029766449959 0.019455856385 0.011829227860 -0.086944936037
0.000000000000 4297543000 0.957973951220 0.286777116654 0.006692843094 -95.765876749628 -0.286420734143 0.957546268038 -0.032684975446 17.715333471368 -0.015782009943 0.029394386041 0.999443294155 1.798893843059 -0.000000000000 0.000000000000 -0.000000000000 1.000000000000 -24.165591296310 0.413403101311 0.029766449959 0.019455856385 0.011829227860 -0.086944936037
0.000000000000 4303767000 0.957798203139 0.287364591511 0.006647827376 -95.769329742818 -0.287033511310 0.957414741554 -0.031125167315 17.769726888037 -0.015308998921 0.027903480093 0.999493386847 1.791956814210 -0.000000000000 0.000000000000 -0.000000000000 1.000000000000 -24.319725476260 0.207675395743 -0.215648663033 0.020063984615 -0.005511696214 -0.065574411212
0.000000000000 4397579000 0.956022359860 0.293233762002 0.005933655655 -97.940557163613 -0.292891307437 0.955574540206 -0.033045122768 18.381696660684 -0.015359995940 0.029853960088 0.999436246887 1.755666570317 -0.000000000000 0.000000000000 -0.000000000000 1.000000000000 -24.319725476260 0.207675395743 -0.215648663033 0.020063984615 -0.005511696214 -0.065574411212
0.000000000000 4403526000 0.955431646266 0.295158346203 0.005649777036 -97.891891402317 -0.294864169023 0.955059105670 -0.030285747532 18.554068370770 -0.014334962159 0.027270044812 0.999525314095 1.710516666803 -0.000000000000 0.000000000000 -0.000000000000 1.000000000000 -24.206330555600 0.196587546413 -0.215106418830 0.011987925710 0.010759571387 -0.052150400548
0.000000000000 4497687000 0.953957052129 0.299872558901 0.006510845672 -100.077057212757 -0.299535316598 0.953566924175 -0.031443842486 19.056658650898 -0.015637672589 0.028045847066 0.999484313863 1.811772878110 -0.000000000000 0.000000000000 -0.000000000000 1.000000000000 -24.206330555600 0.196587546413 -0.215106418830 0.011987925710 0.010759571387 -0.052150400548
0.000000000000 4503481000 0.953609496010 0.300982582449 0.006197917556 -100.080099576671 -0.300704800135 0.953306049490 -0.028003556593 19.171481921721 -0.014337095082 0.024840713929 0.999588608697 1.735734720696 -0.000000000000 0.000000000000 -0.000000000000 1.000000000000 -24.263876421388 0.133324331138 -0.009351758649 0.007707649924 0.030390628264 -0.080837730383
0.000000000000 4597793000 0.951243949273 0.308312649487 0.008846419532 -102.213941589007 -0.307954651264 0.950965410142 -0.028787522949 19.953834153815 -0.017288196451 0.024659660978 0.999546406819 2.038983086259 -0.000000000000 0.000000000000 -0.000000000000 1.000000000000 -24.263876421388 0.133324331138 -0.009351758649 0.007707649924 0.030390628264 -0.080837730383
0.000000000000 4603719000 0.950962125878 0.309193931413 0.008375435687 -102.202613728193 -0.308896806856 0.950746358304 -0.025770620600 20.049342000099 -0.015931034477 0.021919738811 0.999632796176 1.954013622611 -0.000000000000 0.000000000000 -0.000000000000 1.000000000000 -24.457438788322 0.229663139795 -0.166811920448 -0.016015238835 0.023597632631 -0.093853785371
0.000000000000 4697902000 0.948157184963 0.317632331996 0.010375657802 -104.320198597847 -0.317315736993 0.948007390304 -0.024345656396 20.986839915035 -0.017569167891 0.019791149532 0.999649756035 2.136856907108 -0.000000000000 0.000000000000 -0.000000000000 1.000000000000 -24.457438788322 0.229663139795 -0.166811920448 -0.016015238835 0.023597632631 -0.093853785371
0.000000000000 4703494000 0.947983145938 0.318152181967 0.010351044763 -104.308398365098 -0.317872505291 0.947872923724 -0.022225904959 21.047156683221 -0.016882695222 0.017779470773 0.999699387327 2.123251406744 -0.000000000000 0.000000000000 -0.000000000000 1.000000000000 -24.123781441044 0.432892797012 -0.108080528956 0.004812699745 0.035646395090 -0.113945701353
0.000000000000 4797975000 0.944443749091 0.328396737160 0.013475452658 -106.346992279339 -0.328050766125 0.944384697582 -0.022808722399 22.220942607097 -0.020216321298 0.017120922727 0.999649025588 2.477611674281 -0.000000000000 0.000000000000 -0.000000000000 1.000000000000 -24.123781441044 0.432892797012 -0.108080528956 0.004812699745 0.035646395090 -0.113945701353
0.000000000000 4803460000 0.944847309562 0.327226323224 0.013656317312 -106.350225491791 -0.326900958559 0.944810862630 -0.021637863787 22.060505138348 -0.019983115549 0.015980214164 0.999672600329 2.481137373572 -0.000000000000 0.000000000000 -0.000000000000 1.000000000000 -23.972636038046 0.513427739009 0.009141351300 0.007576327021 0.009710557543 -0.100076095886
0.000000000000 4898094000 0.941690234044 0.336174241754 0.014366011528 -108.402570684240 -0.335819623766 0.941657847497 -0.022487297346 23.124199511163 -0.021087517627 0.016351679715 0.999643906184 2.596873705598 -0.000000000000 0.000000000000 -0.000000000000 1.000000000000 -23.972636038046 0.513427739009 0.009141351300 0.007576327021 0.009710557543 -0.100076095886
0.000000000000 4903472000 0.941759242804 0.335999090384 0.013933407858 -108.417027175942 -0.335690496876 0.941747576380 -0.020576508180 23.089678928809 -0.020035441113 0.014700804156 0.999691186045 2.526589779875 -0.000000000000 0.000000000000 -0.000000000000 1.000000000000 -23.933633024005 0.654482284027 -0.208597696756 0.053246235547 -0.003863364844 -0.088346297529
0.000000000000 4998151000 0.938926442299 0.343857920766 0.013374089820 -110.486818450626 -0.343451643650 0.938817833354 -0.025730220574 24.054281167218 -0.021403374175 0.019565431332 0.999579456307 2.585630749084 -0.000000000000 0.000000000000 -0.000000000000 1.000000000000 -23.933633024005 0.654482284027 -0.208597696756 0.053246235547 -0.003863364844 -0.088346297529
0.000000000000 5003434000 0.938929663989 0.343849392604 0.013367171959 -110.510655842729 -0.343464480779 0.938840005372 -0.024730441890 24.034463221710 -0.021053183216 0.018628996717 0.999604783881 2.591257083717 -0.000000000000 0.000000000000 -0.000000000000 1.000000000000 -23.985303762332 0.713858685240 -0.082515971248 0.070368359763 0.024179906450 -0.089050189524
0.000000000000 5098205000 0.935944913199 0.351808663251 0.015420243765 -112.570359718624 -0.351220672436 0.935762088346 -0.031517507316 25.024811037912 -0.025517811626 0.024082742265 0.999384241828 3.002617760425 -0.000000000000 0.000000000000 -0.000000000000 1.000000000000 -23.985303762332 0.713858685240 -0.082515971248 0.070368359763 0.024179906450 -0.089050189524
0.000000000000 5103358000 0.935521097453 0.352894636289 0.016298831220 -112.537586926612 -0.352321413354 0.935393578914 -0.030140906076 25.137217689269 -0.025882386154 0.022455026278 0.999412764518 3.100421557082 -0.000000000000 0.000000000000 -0.000000000000 1.000000000000 -23.946463314952 0.516483956157 -0.144482933340 0.076426085000 0.017297415190 -0.077559970280
0.000000000000 5198258000 0.932857403497 0.359811230463 0.017690199930 -114.616546447381 -0.358994898610 0.932585324695 -0.037513663319 25.998435764278 -0.029995458204 0.028644207029 0.999139520733 3.458583042047 -0.000000000000 0.000000000000 -0.000000000000 1.000000000000 -23.946463314952 0.516483956157 -0.144482933340 0.076426085000 0.017297415190 -0.077559970280
0.000000000000 5201892000 0.932372860621 0.361060260836 0.017785860196 -114.579681330447 -0.360276108750 0.932137802250 -0.036335149389 26.130542476942 -0.029698051150 0.027470086675 0.999181374975 3.467670089069 -0.000000000000 0.000000000000 -0.000000000000 1.000000000000 -23.600032489605 0.360493677658 -0.125939390078 0.024584263138 -0.025931706714 -0.068359156352
0.000000000000 5298307000 0.930050724542 0.367123202154 0.015040087049 -116.688652892608 -0.366345004657 0.929669292494 -0.038811649763 26.919498431917 -0.028230964227 0.030586942223 0.999133350271 3.229284594160 -0.000000000000 0.000000000000 -0.000000000000 1.000000000000 -23.600032489605 0.360493677658 -0.125939390078 0.024584263138 -0.025931706714 -0.068359156352
0.000000000000 5302591000 0.929731434479 0.367940603903 0.014804450046 -116.670486928927 -0.367210739195 0.929388776848 -0.037319894005 27.015243661272 -0.027490594058 0.029261125543 0.999193701827 3.197642319501 -0.000000000000 0.000000000000 -0.000000000000 1.000000000000 -23.840716108319 0.314343159236 -0.226919157397 -0.001819825107 -0.020307201412 -0.085487585286
0.000000000000 5398409000 0.926744021614 0.375483550697 0.012554742493 -118.735473418886 -0.374818819811 0.926349132441 -0.037257712506 28.010036301479 -0.025619732999 0.029822608560 0.999226821748 2.942075593943 -0.000000000000 0.000000000000 -0.000000000000 1.000000000000 -23.840716108319 0.314343159236 -0.226919157397 -0.001819825107 -0.020307201412 -0.085487585286
