0.000000000000 387000 1.000000000000 -0.000000000000 0.000000000000 -0.000000000000 -0.000000000000 1.000000000000 -0.000000000000 0.000000000000 0.000000000000 -0.000000000000 1.000000000000 -0.000000000000 -0.000000000000 0.000000000000 -0.000000000000 1.000000000000 0.000000000000 0.000000000000 0.000000000000 0.000000000000 0.000000000000 0.000000000000
0.000000000000 99270000 1.000000000000 -0.000000000000 0.000000000000 -0.000000000000 -0.000000000000 1.000000000000 -0.000000000000 0.000000000000 0.000000000000 -0.000000000000 1.000000000000 -0.000000000000 -0.000000000000 0.000000000000 -0.000000000000 1.000000000000 0.000000000000 0.000000000000 0.000000000000 0.000000000000 0.000000000000 0.000000000000
0.000000000000 100395000 1.000000000000 -0.000000000000 0.000000000000 -0.000000000000 -0.000000000000 1.000000000000 -0.000000000000 0.000000000000 0.000000000000 -0.000000000000 1.000000000000 -0.000000000000 -0.000000000000 0.000000000000 -0.000000000000 1.000000000000 -6.003746149723 0.341312374338 0.015758951175 0.063713041681 0.005665958000 -0.361779486892
0.000000000000 199264000 0.999360207564 0.035762764913 0.000447419513 -0.592855423996 -0.035759236525 0.999340526292 -0.006307892957 0.044347397739 -0.000672712144 0.006287857835 0.999980004951 0.001852757365 -0.000000000000 0.000000000000 -0.000000000000 1.000000000000 -6.003746149723 0.341312374338 0.015758951175 0.063713041681 0.005665958000 -0.361779486892
0.000000000000 200408000 0.997879728615 0.065084695116 -0.000172282950 -0.674787259707 -0.065083208076 0.997830720974 -0.009900924507 0.057477771709 -0.000472489433 0.009891144588 0.999950969804 -0.008958496117 -0.000000000000 -0.000000000000 -0.000000000000 1.000000000000 -6.188750985281 0.538381945526 0.278871545145 0.021170275656 0.019278372403 0.055023574392
0.000000000000 299308000 0.998216275602 0.059674528930 0.001793800523 -1.287288220264 -0.059648865655 0.998147408753 -0.011990130367 0.105373148854 -0.002505982725 0.011861745112 0.999926506826 0.020663410817 -0.000000000000 0.000000000000 -0.000000000000 1.000000000000 -6.188750985281 0.538381945526 0.278871545145 0.021170275656 0.019278372403 0.055023574392
0.000000000000 300412000 0.996114897617 0.088062111103 0.000418728666 -1.317742187437 -0.088045429358 0.995998952259 -0.015299982625 0.140487695987 -0.001764402083 0.015203673480 0.999882860738 0.002056792972 -0.000000000000 0.000000000000 -0.000000000000 1.000000000000 -6.162242919000 0.486382801648 0.124138867059 -0.045172223632 0.025061794222 0.106681025861
0.000000000000 399258000 0.996981040123 0.077586103310 0.003033514202 -1.928486089645 -0.077549206238 0.996929843571 -0.010817005541 0.171492926589 -0.003863450148 0.010549102817 0.999936893100 0.017649468312 -0.000000000000 0.000000000000 -0.000000000000 1.000000000000 -6.162242919000 0.486382801648 0.124138867059 -0.045172223632 0.025061794222 0.106681025861
0.000000000000 400408000 0.994521383304 0.104513786147 0.002021548031 -1.933027270691 -0.104474066076 0.994422753067 -0.014441526918 0.205279478317 -0.003519612015 0.014151207985 0.999893672169 0.014942014842 -0.000000000000 0.000000000000 -0.000000000000 1.000000000000 -6.291467135931 0.372214694915 0.007961425657 -0.019050256172 0.024584267212 0.175151281921
0.000000000000 499261000 0.996169916421 0.087312942091 0.004684843709 -2.558465758773 -0.087248738439 0.996108125093 -0.012500430611 0.203223992990 -0.005758060257 0.012043806213 0.999910891767 0.020800365579 -0.000000000000 0.000000000000 -0.000000000000 1.000000000000 -6.291467135931 0.372214694915 0.007961425657 -0.019050256172 0.024584267212 0.175151281921
0.000000000000 500399000 0.993694899356 0.112013639029 0.004836492981 -2.560735078774 -0.111939330853 0.993622199746 -0.013583459829 0.253870265361 -0.006327179561 0.012956420960 0.999896043574 0.039077968180 -0.000000000000 0.000000000000 -0.000000000000 1.000000000000 -6.422078341261 0.382794596562 0.008411916932 0.014954525662 0.006153095106 0.191772044393
0.000000000000 599270000 0.995634436831 0.093163308300 0.005715433758 -3.200342818557 -0.093069258211 0.995547214208 -0.014961866845 0.237040061082 -0.007083881170 0.014364618690 0.999871729952 0.042026517461 -0.000000000000 0.000000000000 -0.000000000000 1.000000000000 -6.422078341261 0.382794596562 0.008411916932 0.014954525662 0.006153095106 0.191772044393
0.000000000000 600392000 0.993738334458 0.111600510917 0.005426655586 -3.229768735419 -0.111497043369 0.993625622966 -0.016629212428 0.283446213145 -0.007247892641 0.015920029809 0.999846998647 0.044549457460 -0.000000000000 0.000000000000 -0.000000000000 1.000000000000 -6.601994842752 0.211722837329 -0.222435886577 -0.008356093648 0.007346044593 0.187287997196
0.000000000000 699255000 0.995626903941 0.093195702446 0.006452069003 -3.887288343285 -0.093085349735 0.995534449584 -0.015693226424 0.238515928817 -0.007885798224 0.015024005338 0.999856036362 0.024926757819 -0.000000000000 0.000000000000 -0.000000000000 1.000000000000 -6.601994842752 0.211722837329 -0.222435886577 -0.008356093648 0.007346044593 0.187287997196
0.000000000000 700386000 0.993655577684 0.112278643324 0.006488388852 -3.905451552277 -0.112133257213 0.993500296397 -0.019577887661 0.301780001241 -0.008644394913 0.018726113098 0.999787280938 0.053058832383 -0.000000000000 0.000000000000 -0.000000000000 1.000000000000 -6.721943335736 0.136921854836 -0.327526904074 -0.026545479702 0.001825853073 0.243978254398
0.000000000000 799218000 0.996069041843 0.088294676718 0.007107316381 -4.576031460182 -0.088165584296 0.995964306335 -0.016790778774 0.213148009122 -0.008561169813 0.016098154223 0.999833764084 0.020774831764 -0.000000000000 0.000000000000 -0.000000000000 1.000000000000 -6.721943335736 0.136921854836 -0.327526904074 -0.026545479702 0.001825853073 0.243978254398
0.000000000000 800369000 0.993971886825 0.109394189911 0.007266320601 -4.582577264568 -0.109245765462 0.993844676644 -0.018388078629 0.309956325052 -0.009233143014 0.017483418454 0.999804520469 0.063413347601 -0.000000000000 0.000000000000 -0.000000000000 1.000000000000 -6.896357406638 0.085811985831 -0.380586854723 -0.028881060102 -0.008073580432 0.241440077057
0.000000000000 899125000 0.996301169274 0.085654900115 0.006871549303 -5.269797273615 -0.085541592690 0.996216076305 -0.015367668351 0.201087238410 -0.008161863982 0.014723022675 0.999858298250 0.021167239877 -0.000000000000 0.000000000000 -0.000000000000 1.000000000000 -6.896357406638 0.085811985831 -0.380586854723 -0.028881060102 -0.008073580432 0.241440077057
0.000000000000 900352000 0.994359863017 0.105845315985 0.006725466963 -5.292119657874 -0.105709062506 0.994231815266 -0.018129854308 0.291037067963 -0.008605633385 0.017316656638 0.999813020758 0.054903608884 -0.000000000000 0.000000000000 -0.000000000000 1.000000000000 -7.131454756520 -0.005587704247 -0.176416182263 -0.020930018475 0.007028359698 0.224653624727
0.000000000000 999227000 0.996456506494 0.083747344673 0.007798264352 -6.002307497614 -0.083615748917 0.996371224629 -0.015899347908 0.165138487560 -0.009101494372 0.015190950957 0.999843186609 0.040910234578 -0.000000000000 0.000000000000 -0.000000000000 1.000000000000 -7.131454756520 -0.005587704247 -0.176416182263 -0.020930018475 0.007028359698 0.224653624727
0.000000000000 1000343000 0.994942807227 0.100169548867 0.007407552088 -6.039158561303 -0.100015458215 0.994807094063 -0.018861434726 0.250438770088 -0.009258426774 0.018025179098 0.999794666145 0.064893705540 -0.000000000000 0.000000000000 -0.000000000000 1.000000000000 -7.465596579783 -0.065290777600 0.073031430822 -0.004661498609 0.008573004311 0.167487001885
0.000000000000 1099222000 0.996454502412 0.083696519073 0.008562553255 -6.780524886788 -0.083529738084 0.996337819374 -0.018268348071 0.137859469901 -0.010060192781 0.017488349857 0.999796454355 0.077458774762 -0.000000000000 0.000000000000 -0.000000000000 1.000000000000 -7.465596579783 -0.065290777600 0.073031430822 -0.004661498609 0.008573004311 0.167487001885
0.000000000000 1100339000 0.995063494753 0.098844397535 0.008855872944 -6.803432491150 -0.098658886223 0.994932528881 -0.019382650606 0.230649642618 -0.010726862486 0.018413257488 0.999772917402 0.107035383134 -0.000000000000 0.000000000000 -0.000000000000 1.000000000000 -7.908419936184 -0.047826072928 -0.028236593725 0.006716833836 0.003967330892 0.199596046766
0.000000000000 1199198000 0.996812019767 0.079202019037 0.009635218148 -7.588337414546 -0.078999263706 0.996676744968 -0.019864097586 0.083857488297 -0.011176474496 0.019039596097 0.999756260395 0.107171584724 -0.000000000000 0.000000000000 -0.000000000000 1.000000000000 -7.908419936184 -0.047826072928 -0.028236593725 0.006716833836 0.003967330892 0.199596046766
0.000000000000 1200332000 0.995625596767 0.092982706183 0.009159007177 -7.601848260459 -0.092776817049 0.995469685386 -0.020798261848 0.189826146610 -0.011051392664 0.019857538331 0.999741739096 0.113337355497 -0.000000000000 0.000000000000 -0.000000000000 1.000000000000 -8.200762208526 0.014207149153 -0.188408397582 0.006184877807 0.009979163171 0.161527544029
0.000000000000 1299221000 0.996969009576 0.077090421072 0.010481456235 -8.414751334883 -0.076855130743 0.996815732525 -0.021252864959 0.063242489458 -0.012086472784 0.020382894040 0.999719187975 0.102686802641 -0.000000000000 0.000000000000 -0.000000000000 1.000000000000 -8.200762208526 0.014207149153 -0.188408397582 0.006184877807 0.009979163171 0.161527544029
0.000000000000 1300330000 0.995963995124 0.089104285342 0.010777140154 -8.427975381919 -0.088857885226 0.995811946059 -0.021513816953 0.165061582733 -0.012648978194 0.020469353200 0.999710462549 0.146714812201 -0.000000000000 0.000000000000 -0.000000000000 1.000000000000 -8.626965064053 -0.016253007613 -0.178929333167 0.025957884702 0.006543214363 0.170708792646
0.000000000000 1399217000 0.997313285917 0.072296605493 0.011807225203 -9.282513092557 -0.071999660164 0.997118522752 -0.023889339065 0.013603915577 -0.013500321074 0.022975039039 0.999644881401 0.134983158249 -0.000000000000 0.000000000000 -0.000000000000 1.000000000000 -8.626965064053 -0.016253007613 -0.178929333167 0.025957884702 0.006543214363 0.170708792646
0.000000000000 1400329000 0.996541493290 0.082180282138 0.012306639663 -9.299513517441 -0.081896054671 0.996396921935 -0.022050174346 0.101613338729 -0.014074387428 0.020966048435 0.999681117373 0.177665164394 -0.000000000000 0.000000000000 -0.000000000000 1.000000000000 -8.836535640733 -0.059579367606 -0.193327739277 0.065799412509 0.014900748160 0.135748880329
0.000000000000 1499216000 0.997528201841 0.068834349451 0.014118033450 -10.173532294394 -0.068413765010 0.997253379035 -0.028377011110 -0.036123421437 -0.016032569663 0.027341001043 0.999497586977 0.173113838640 -0.000000000000 0.000000000000 -0.000000000000 1.000000000000 -8.836535640733 -0.059579367606 -0.193327739277 0.065799412509 0.014900748160 0.135748880329
0.000000000000 1500333000 0.997061659451 0.075130091858 0.014950469913 -10.165863585858 -0.074781951582 0.996943261603 -0.022622839392 0.034368242007 -0.016604426239 0.021438340469 0.999632277684 0.222549018098 -0.000000000000 0.000000000000 -0.000000000000 1.000000000000 -9.006581816385 0.022605163775 -0.323312980063 0.072141525916 -0.002882970439 0.161188920539
0.000000000000 1599218000 0.998130739734 0.059224900658 0.015081032447 -11.055768111404 -0.058761454268 0.997835660639 -0.029514163553 -0.133991061952 -0.016796365379 0.028572810501 0.999450587378 0.187205908009 -0.000000000000 0.000000000000 -0.000000000000 1.000000000000 -9.006581816385 0.022605163775 -0.323312980063 0.072141525916 -0.002882970439 0.161188920539
0.000000000000 1600335000 0.997749546184 0.065234352928 0.015502331705 -11.078330636689 -0.064767559955 0.997481374003 -0.028914904371 -0.074061757677 -0.017349532206 0.027845784516 0.999461658102 0.230263528393 -0.000000000000 0.000000000000 -0.000000000000 1.000000000000 -9.325926005921 -0.035593829983 -0.056362820847 0.014836773625 0.008987024656 0.163329697345
0.000000000000 1699220000 0.998649368711 0.049141970510 0.016867279198 -11.997611913571 -0.048619159076 0.998363146591 -0.030119842300 -0.264275949359 -0.018319818336 0.029259088568 0.999403967369 0.234697556227 -0.000000000000 0.000000000000 -0.000000000000 1.000000000000 -9.325926005921 -0.035593829983 -0.056362820847 0.014836773625 0.008987024656 0.163329697345
0.000000000000 1700338000 0.998487716377 0.052067619492 0.017642087316 -12.015764384690 -0.051562895454 0.998278589564 -0.027948621257 -0.215611403578 -0.019066936219 0.026996677911 0.999453666422 0.271304525362 -0.000000000000 0.000000000000 -0.000000000000 1.000000000000 -9.741895611373 -0.131307567758 -0.056136173482 0.051431381179 0.010001556556 0.147189286716
0.000000000000 1799146000 0.999111831665 0.037574430990 0.019071181495 -12.973524348227 -0.036936635423 0.998780478415 -0.032760355620 -0.411696312917 -0.020278875499 0.032026833632 0.999281266279 0.276517651213 -0.000000000000 0.000000000000 -0.000000000000 1.000000000000 -9.741895611373 -0.131307567758 -0.056136173482 0.051431381179 0.010001556556 0.147189286716
0.000000000000 1800331000 0.999013928745 0.040100981108 0.019054697277 -12.992339551534 -0.039509819122 0.998755134007 -0.030449244460 -0.374560964234 -0.020252021309 0.029666371692 0.999354672788 0.290667610926 -0.000000000000 0.000000000000 -0.000000000000 1.000000000000 -9.998253692768 -0.359327977818 0.039020585162 0.007502572355 -0.001003263144 0.165757030780
0.000000000000 1899163000 0.999528985247 0.023731766452 0.019457926717 -13.972303658352 -0.023124235803 0.999255731104 -0.030874804847 -0.631165870386 -0.020176158445 0.030410312673 0.999333845876 0.292815355883 -0.000000000000 0.000000000000 -0.000000000000 1.000000000000 -9.998253692768 -0.359327977818 0.039020585162 0.007502572355 -0.001003263144 0.165757030780
0.000000000000 1900325000 0.999417004210 0.027716855696 0.019935586408 -13.968269378861 -0.027093176481 0.999155143541 -0.030902409670 -0.554418352686 -0.020775261328 0.030344275335 0.999323577962 0.322662265090 -0.000000000000 0.000000000000 -0.000000000000 1.000000000000 -10.048219271959 -0.350187984197 0.102417239633 -0.001340555935 -0.021701606058 0.185963215856
0.000000000000 1999190000 0.999788478175 0.009278412141 0.018355107649 -14.949431302726 -0.008717285050 0.999499253084 -0.030417955632 -0.854836898840 -0.018628146714 0.030251514865 0.999368719742 0.301858019081 -0.000000000000 0.000000000000 -0.000000000000 1.000000000000 -10.048219271959 -0.350187984197 0.102417239633 -0.001340555935 -0.021701606058 0.185963215856
0.000000000000 2000322000 0.999799675673 0.010207855525 0.017216509805 -14.949302738805 -0.009693846942 0.999512465643 -0.029679291701 -0.823345785385 -0.017511078087 0.029506452006 0.999411192370 0.281877084905 -0.000000000000 0.000000000000 -0.000000000000 1.000000000000 -10.250716945444 -0.242443668978 0.074331517304 0.028320367628 -0.021481410471 0.163911061175
0.000000000000 2099203000 0.999860037335 -0.006057616521 0.015595224352 -15.947926353570 0.006557615190 0.999459543516 -0.032212087141 -1.098463412237 -0.015391667341 0.032309846132 0.999359380013 0.253724546379 -0.000000000000 0.000000000000 -0.000000000000 1.000000000000 -10.250716945444 -0.242443668978 0.074331517304 0.028320367628 -0.021481410471 0.163911061175
0.000000000000 2100322000 0.999884855923 -0.005669336636 0.014075990822 -15.976869962526 0.006156565323 0.999374789265 -0.034815618412 -1.091203170557 -0.013869808901 0.034898269356 0.999294620819 0.220849706705 -0.000000000000 0.000000000000 -0.000000000000 1.000000000000 -10.341832059425 -0.361394218519 0.062947415649 -0.013198733115 0.001606716901 0.194865983563
0.000000000000 2199115000 0.999579016835 -0.024901545202 0.014889665842 -16.974169058571 0.025385286046 0.999125171655 -0.033233697024 -1.443800958733 -0.014049069531 0.033597684623 0.999336689626 0.231334474070 -0.000000000000 0.000000000000 -0.000000000000 1.000000000000 -10.341832059425 -0.361394218519 0.062947415649 -0.013198733115 0.001606716901 0.194865983563
0.000000000000 2200324000 0.999662938051 -0.021301142640 0.014841550075 -16.978104198163 0.021789355568 0.999199522824 -0.033549032350 -1.372173479539 -0.014115037029 0.033861112060 0.999326868857 0.256250282768 -0.000000000000 0.000000000000 -0.000000000000 1.000000000000 -10.677531083868 -0.339034633108 0.078506773943 -0.001344354642 0.010651192316 0.229758465184
0.000000000000 2298976000 0.998896956781 -0.043906284563 0.016646558465 -17.995253542428 0.044438233486 0.998464974295 -0.033059620547 -1.801958729048 -0.015169480463 0.033762898008 0.999314742001 0.282580585907 -0.000000000000 0.000000000000 -0.000000000000 1.000000000000 -10.677531083868 -0.339034633108 0.078506773943 -0.001344354642 0.010651192316 0.229758465184
0.000000000000 2300321000 0.999083930733 -0.039857461384 0.015578258027 -17.984878524395 0.040362910921 0.998619870346 -0.033603422028 -1.697503878527 -0.014217410915 0.034201422807 0.999313828537 0.270122697904 -0.000000000000 0.000000000000 -0.000000000000 1.000000000000 -10.785412065646 -0.327635898498 0.284584144449 0.009626009235 0.018201904046 0.223925725860
0.000000000000 2398918000 0.997922125606 -0.061831196905 0.018119997682 -19.005444144662 0.062423459188 0.997464309671 -0.034179857757 -2.138453418925 -0.015960669464 0.035239949241 0.999251421319 0.329557071431 -0.000000000000 0.000000000000 -0.000000000000 1.000000000000 -10.785412065646 -0.327635898498 0.284584144449 0.009626009235 0.018201904046 0.223925725860
0.000000000000 2400319000 0.998176165474 -0.058006193897 0.016721966051 -19.040861673314 0.058538634248 0.997728390541 -0.033335971695 -2.032733422558 -0.014750287437 0.034254053454 0.999304302424 0.300828998035 -0.000000000000 0.000000000000 -0.000000000000 1.000000000000 -11.050130517759 -0.398738619420 0.120282078987 0.020250096640 -0.009798392273 0.231175969705
0.000000000000 2499198000 0.996590832080 -0.080829012064 0.016534334648 -20.081790682796 0.081366816800 0.996071012416 -0.034956821197 -2.519916565584 -0.013643846130 0.036182993702 0.999252038492 0.289215378909 -0.000000000000 0.000000000000 -0.000000000000 1.000000000000 -11.050130517759 -0.398738619420 0.120282078987 0.020250096640 -0.009798392273 0.231175969705
0.000000000000 2500312000 0.996862044358 -0.077603539924 0.015612658642 -20.099322699930 0.078112065369 0.996325171358 -0.035137702857 -2.416735730126 -0.012828474670 0.036246979316 0.999260519949 0.277060967971 -0.000000000000 0.000000000000 -0.000000000000 1.000000000000 -11.529581980523 -0.414744484337 -0.202852782124 0.035236522507 -0.025751750822 0.230623719076
0.000000000000 2598378000 0.994869018340 -0.100209250197 0.013919142288 -21.170226054308 0.100675449785 0.994183523718 -0.038256698465 -2.924933866995 -0.010004506858 0.039461719957 0.999170997628 0.195832533457 -0.000000000000 0.000000000000 -0.000000000000 1.000000000000 -11.529581980523 -0.414744484337 -0.202852782124 0.035236522507 -0.025751750822 0.230623719076
0.000000000000 2600473000 0.995172510801 -0.097130748017 0.014046050550 -21.162604810403 0.097586720193 0.994554575429 -0.036579072363 -2.835538990569 -0.010416611181 0.037773195292 0.999232045087 0.237414839401 -0.000000000000 0.000000000000 -0.000000000000 1.000000000000 -11.098012703997 -0.406250654164 -0.154283135042 0.020462281951 -0.012009487093 0.231478379045
0.000000000000 2698462000 0.992714443700 -0.119707232565 0.013719028448 -22.180031362134 0.120152060946 0.992017672762 -0.038267730243 -3.367353416038 -0.009028594590 0.039637298083 0.999173342859 0.190578229621 -0.000000000000 0.000000000000 -0.000000000000 1.000000000000 -11.098012703997 -0.406250654164 -0.154283135042 0.020462281951 -0.012009487093 0.231478379045
0.000000000000 2700604000 0.993066355549 -0.116798749930 0.013314108722 -22.177959309940 0.117228005656 0.992374399676 -0.038087341166 -3.254655101499 -0.008764026814 0.039384043496 0.999185712944 0.201841897909 -0.000000000000 0.000000000000 -0.000000000000 1.000000000000 -10.905597463239 -0.451539274677 -0.202656646847 0.064662715722 -0.004146703947 0.252705378949
0.000000000000 2798457000 0.989866880738 -0.141314063178 0.013924581394 -23.157258087703 0.141798004843 0.988914025376 -0.044072397681 -3.860513733065 -0.007542164248 0.045600284679 0.998931293831 0.150315013506 -0.000000000000 0.000000000000 -0.000000000000 1.000000000000 -10.905597463239 -0.451539274677 -0.202656646847 0.064662715722 -0.004146703947 0.252705378949
0.000000000000 2800608000 0.990241949948 -0.138674450104 0.013794109334 -23.196958958923 0.139148353658 0.989328795235 -0.043200354090 -3.767755878399 -0.007656124221 0.044698230477 0.998971196759 0.184431600192 -0.000000000000 0.000000000000 -0.000000000000 1.000000000000 -11.219510002693 -0.582193968842 -0.124117774188 -0.010311136934 0.019601431836 0.254439437789
0.000000000000 2898518000 0.986451973627 -0.163190860699 0.016770411798 -24.193207428578 0.163762932315 0.985613281267 -0.041811024732 -4.414888234869 -0.009705963487 0.043990939679 0.998984780414 0.221885522423 -0.000000000000 0.000000000000 -0.000000000000 1.000000000000 -11.219510002693 -0.582193968842 -0.124117774188 -0.010311136934 0.019601431836 0.254439437789
0.000000000000 2900608000 0.986608037376 -0.162255072461 0.016669494480 -24.205502509920 0.162827190309 0.985751972045 -0.042194261521 -4.349362411344 -0.009585754097 0.044343444498 0.998970356041 0.228453145940 -0.000000000000 0.000000000000 -0.000000000000 1.000000000000 -11.334818400183 -0.532171745883 -0.101666825850 -0.021168482635 0.037928100532 0.236716070563
0.000000000000 2998530000 0.982526304589 -0.184897654812 0.021328807639 -25.206396447109 0.185625966522 0.981818851571 -0.039683034826 -4.973605405566 -0.013603725346 0.042948806095 0.998984653892 0.319917812512 -0.000000000000 0.000000000000 -0.000000000000 1.000000000000 -11.334818400183 -0.532171745883 -0.101666825850 -0.021168482635 0.037928100532 0.236716070563
0.000000000000 3000606000 0.982603973308 -0.184595615745 0.020344293706 -25.211054771325 0.185326064492 0.981724373755 -0.043260880665 -4.914598699326 -0.011986720094 0.046278641118 0.998856649333 0.287978181550 -0.000000000000 0.000000000000 -0.000000000000 1.000000000000 -11.492549324239 -0.460860650923 0.248493737485 0.005669826300 0.028155344048 0.240655578452
0.000000000000 3098718000 0.977917964462 -0.207591960333 0.024125355695 -26.213987413235 0.208479563212 0.977068122983 -0.043291509250 -5.567131364272 -0.014585146734 0.047365188222 0.998771151185 0.380474924003 -0.000000000000 0.000000000000 -0.000000000000 1.000000000000 -11.492549324239 -0.460860650923 0.248493737485 0.005669826300 0.028155344048 0.240655578452
0.000000000000 3100605000 0.978001092739 -0.207074243699 0.025181743362 -26.223251846074 0.207961762173 0.977313764271 -0.040121211854 -5.523553353120 -0.016302394795 0.044475428759 0.998877454026 0.447379502227 -0.000000000000 0.000000000000 -0.000000000000 1.000000000000 -11.423042322909 -0.650040786821 -0.176765728803 0.025763618287 -0.011171671309 0.238041769378
0.000000000000 3198799000 0.972889985432 -0.229908132182 0.025046496811 -27.208256115131 0.230802196373 0.972091150475 -0.042061161633 -6.212926751375 -0.014677274792 0.046701669404 0.998801047096 0.385873271002 -0.000000000000 0.000000000000 -0.000000000000 1.000000000000 -11.423042322909 -0.650040786821 -0.176765728803 0.025763618287 -0.011171671309 0.238041769378
0.000000000000 3200612000 0.973210840178 -0.228652609402 0.024055036371 -27.230860488353 0.229483159018 0.972459445251 -0.040744411508 -6.140196826152 -0.014076231315 0.045173128693 0.998879996875 0.347868516200 -0.000000000000 0.000000000000 -0.000000000000 1.000000000000 -11.323157394635 -0.467948041504 0.214394990301 0.035948432461 -0.009603765582 0.259672602948
0.000000000000 3298934000 0.967047062966 -0.253445955084 0.024189374945 -28.178145544549 0.254300142657 0.966139392066 -0.043659048818 -6.894770034181 -0.012305098678 0.048371716430 0.998753604047 0.319757232400 -0.000000000000 0.000000000000 -0.000000000000 1.000000000000 -11.323157394635 -0.467948041504 0.214394990301 0.035948432461 -0.009603765582 0.259672602948
0.000000000000 3300604000 0.967400026741 -0.252008238652 0.025080588383 -28.180635488875 0.252846076203 0.966710056357 -0.039249569258 -6.818426904848 -0.014354442193 0.044311562711 0.998914628684 0.397117795720 -0.000000000000 0.000000000000 -0.000000000000 1.000000000000 -11.186039506694 -0.091936311842 -0.144648890720 0.031152060781 -0.015206398925 0.244626187009
0.000000000000 3399076000 0.961048498953 -0.275286373678 0.024560031111 -29.110045236870 0.276114817746 0.960218927007 -0.041715939857 -7.518644175971 -0.012099176913 0.046872429896 0.998827605362 0.317993620545 -0.000000000000 0.000000000000 -0.000000000000 1.000000000000 -11.186039506694 -0.091936311842 -0.144648890720 0.031152060781 -0.015206398925 0.244626187009
0.000000000000 3400604000 0.961451354281 -0.273864707408 0.024686340123 -29.126794557907 0.274685177450 0.960680765442 -0.040503335649 -7.446672817692 -0.012623257959 0.045722958630 0.998874398717 0.337542679846 -0.000000000000 0.000000000000 -0.000000000000 1.000000000000 -11.191087161298 0.009750278531 -0.117594225215 0.040789334336 -0.006397743851 0.247211008374
0.000000000000 3499119000 0.954484044185 -0.297205256277 0.025084757071 -30.039389023547 0.298063889532 0.953535392201 -0.043910973309 -8.167447733761 -0.010868631596 0.049389183648 0.998720472097 0.275947320944 -0.000000000000 0.000000000000 -0.000000000000 1.000000000000 -11.191087161298 0.009750278531 -0.117594225215 0.040789334336 -0.006397743851 0.247211008374
0.000000000000 3500602000 0.954716820031 -0.296345920007 0.026360751996 -30.051036161154 0.297175739902 0.954110805169 -0.036866666155 -8.124369123158 -0.014225792213 0.043031002255 0.998972451913 0.384537989947 -0.000000000000 0.000000000000 -0.000000000000 1.000000000000 -11.305963139151 0.127215565373 -0.105003420460 0.077776043871 -0.007603034794 0.234676505656
0.000000000000 3599111000 0.947600652224 -0.318352471165 0.026546336988 -30.969209383622 0.319262652646 0.946648528406 -0.043908111924 -8.819766529269 -0.011151794909 0.050082609462 0.998682817365 0.286445449413 -0.000000000000 0.000000000000 -0.000000000000 1.000000000000 -11.305963139151 0.127215565373 -0.105003420460 0.077776043871 -0.007603034794 0.234676505656
0.000000000000 3600601000 0.947915069898 -0.317304171179 0.027840316303 -30.963342528465 0.318194246632 0.947283367548 -0.037505239323 -8.769565958035 -0.014472099703 0.044410410026 0.998908541265 0.416937255594 -0.000000000000 0.000000000000 -0.000000000000 1.000000000000 -11.039258798531 0.199396812003 -0.349672026795 0.044607820411 -0.001741409081 0.232756712824
0.000000000000 3699096000 0.940373584696 -0.338941258575 0.028571742009 -31.841660148913 0.339900027901 0.939556616938 -0.041247237494 -9.471524908663 -0.012864378672 0.048499348487 0.998740367141 0.337045138492 -0.000000000000 0.000000000000 -0.000000000000 1.000000000000 -11.039258798531 0.199396812003 -0.349672026795 0.044607820411 -0.001741409081 0.232756712824
0.000000000000 3700596000 0.940931522452 -0.337300670636 0.029599453473 -31.850504260532 0.338197433788 0.940468659703 -0.033781591088 -9.381772676430 -0.016442805006 0.041796623139 0.998990829016 0.459151940723 -0.000000000000 0.000000000000 -0.000000000000 1.000000000000 -10.910154246868 0.460690196369 -0.419148728693 0.095746301030 -0.006442755058 0.229868410640
0.000000000000 3799171000 0.933034972509 -0.358546963658 0.029829765777 -32.705846590501 0.359566570173 0.932149448546 -0.042535716630 -10.071399592157 -0.012554747674 0.050413097766 0.998649537067 0.305547582854 -0.000000000000 0.000000000000 -0.000000000000 1.000000000000 -10.910154246868 0.460690196369 -0.419148728693 0.095746301030 -0.006442755058 0.229868410640
0.000000000000 3800457000 0.933817786322 -0.356357519500 0.031522376872 -32.740631081839 0.357348900511 0.933311451431 -0.035092704808 -9.981711049226 -0.016914646073 0.044034678637 0.998886801307 0.477191634437 -0.000000000000 0.000000000000 -0.000000000000 1.000000000000 -10.973030884116 0.517457110053 -0.428893686444 0.071754044362 -0.000288763325 0.223430944055
0.000000000000 3899146000 0.925711001638 -0.376846649603 0.032337967319 -33.595961925975 0.377961761731 0.924892349021 -0.041461420512 -10.665008386692 -0.014284541149 0.050603808211 0.998616646406 0.360826735207 -0.000000000000 0.000000000000 -0.000000000000 1.000000000000 -10.973030884116 0.517457110053 -0.428893686444 0.071754044362 -0.000288763325 0.223430944055
0.000000000000 3900441000 0.926182002583 -0.375564791175 0.033734043957 -33.614984985148 0.376627399908 0.925735209283 -0.034148556813 -10.618504844451 -0.018403796634 0.044332943999 0.998847280792 0.520497364003 -0.000000000000 0.000000000000 -0.000000000000 1.000000000000 -11.043037436611 0.333084946845 -0.088999393639 0.073655703651 -0.002007828904 0.221237268408
0.000000000000 3999115000 0.917741967023 -0.395688724537 0.034352805417 -34.465181697341 0.396878080396 0.916970122947 -0.040664270849 -11.332218772222 -0.015410102740 0.050953183386 0.998582145763 0.425213435171 -0.000000000000 0.000000000000 -0.000000000000 1.000000000000 -11.043037436611 0.333084946845 -0.088999393639 0.073655703651 -0.002007828904 0.221237268408
0.000000000000 4000456000 0.918173874272 -0.394566621247 0.035691987936 -34.467899930987 0.395730796512 0.917686482846 -0.035336325418 -11.268342447080 -0.018811520348 0.046569309626 0.998737916624 0.571190978062 -0.000000000000 0.000000000000 -0.000000000000 1.000000000000 -10.997777466591 0.181782096582 -0.389370293122 0.047437648823 -0.007782588357 0.213398527758
0.000000000000 4099088000 0.909654394123 -0.413828042485 0.035710425730 -35.308312895037 0.415049415990 0.908951494441 -0.039257649440 -11.987153812732 -0.016213128614 0.050532484660 0.998590808317 0.451607438509 -0.000000000000 0.000000000000 -0.000000000000 1.000000000000 -10.997777466591 0.181782096582 -0.389370293122 0.047437648823 -0.007782588357 0.213398527758
0.000000000000 4100452000 0.910025118634 -0.412964074223 0.036262333849 -35.328956003318 0.414163417539 0.909476625823 -0.036344609690 -11.957237648008 -0.017970726940 0.048093039860 0.998681186611 0.534149497919 -0.000000000000 0.000000000000 -0.000000000000 1.000000000000 -11.006110991304 -0.043246565592 -0.193351319368 0.038569422722 -0.007804328536 0.218303325421
0.000000000000 4199125000 0.900905625603 -0.432493619037 0.036308721401 -36.149441295737 0.433732429761 0.900181472987 -0.039363626158 -12.733233488853 -0.015659921178 0.051211182204 0.998565061318 0.440570770473 -0.000000000000 0.000000000000 -0.000000000000 1.000000000000 -11.006110991304 -0.043246565592 -0.193351319368 0.038569422722 -0.007804328536 0.218303325421
0.000000000000 4200597000 0.901368821289 -0.431427070410 0.037482408212 -36.157958184117 0.432595827421 0.901012512930 -0.032207167535 -12.669423527431 -0.019877074878 0.045245270032 0.998778137243 0.607476303246 -0.000000000000 0.000000000000 -0.000000000000 1.000000000000 -10.924172555036 -0.130905436787 -0.346110678421 0.087902995829 -0.013522674200 0.215465190961
0.000000000000 4299154000 0.892001238884 -0.450522794852 0.036918845429 -36.957856440941 0.451788935968 0.891224553815 -0.040069340063 -13.463111776075 -0.014850830472 0.052421426871 0.998514620243 0.411450182482 -0.000000000000 0.000000000000 -0.000000000000 1.000000000000 -10.924172555036 -0.130905436787 -0.346110678421 0.087902995829 -0.013522674200 0.215465190961
0.000000000000 4300494000 0.892443149653 -0.449591230772 0.037589225201 -36.972867732631 0.450797189894 0.891965365223 -0.034346482015 -13.405296885693 -0.018086409863 0.047597399680 0.998702843353 0.537556227771 -0.000000000000 0.000000000000 -0.000000000000 1.000000000000 -10.916270113040 0.015148605008 -0.095875887933 0.036598216675 0.008225021704 0.201946416374
0.000000000000 4399152000 0.883270137850 -0.467230238681 0.039112244192 -37.774945133301 0.468550787925 0.882653496132 -0.037188236049 -14.150342568773 -0.017147090672 0.051173331215 0.998542571678 0.508682913228 -0.000000000000 0.000000000000 -0.000000000000 1.000000000000 -10.916270113040 0.015148605008 -0.095875887933 0.036598216675 0.008225021704 0.201946416374
0.000000000000 4400415000 0.883921538831 -0.466074490978 0.038174363783 -37.793981156852 0.467315710179 0.883386680750 -0.035270374158 -14.090154610284 -0.017284102830 0.049015723323 0.998648445979 0.493672505600 -0.000000000000 0.000000000000 -0.000000000000 1.000000000000 -10.711871620892 0.008455644053 0.059472573079 -0.003940342898 0.023492485466 0.205253869567
0.000000000000 4499104000 0.874232179969 -0.483757490002 0.041192066881 -38.556655094331 0.485116021644 0.873785513662 -0.034078169817 -14.862426428701 -0.019507461423 0.049775164297 0.998569923425 0.593681322296 -0.000000000000 0.000000000000 -0.000000000000 1.000000000000 -10.711871620892 0.008455644053 0.059472573079 -0.003940342898 0.023492485466 0.205253869567
0.000000000000 4500311000 0.874448217948 -0.483363619465 0.041230152871 -38.558143212479 0.484674636068 0.874122782081 -0.031620547109 -14.829849825097 -0.020755993833 0.047633740408 0.998649195411 0.652140410920 -0.000000000000 0.000000000000 -0.000000000000 1.000000000000 -10.811278408118 0.030141242606 0.029456433643 0.019022488218 0.009578835115 0.177894772195
0.000000000000 4599188000 0.865768108598 -0.498616771550 0.042742218753 -39.359666830835 0.500018992212 0.865394574503 -0.032760309034 -15.513403028655 -0.020654044685 0.049734751936 0.998548879569 0.663419090105 -0.000000000000 0.000000000000 -0.000000000000 1.000000000000 -10.811278408118 0.030141242606 0.029456433643 0.019022488218 0.009578835115 0.177894772195
0.000000000000 4600400000 0.866040282084 -0.498188651880 0.042217258861 -39.362001220666 0.499518447438 0.865765336735 -0.030523800169 -15.477981289521 -0.021343628477 0.047523140110 0.998642078363 0.677653130471 -0.000000000000 0.000000000000 -0.000000000000 1.000000000000 -10.879196732816 0.114053786652 -0.177667509391 0.016365209276 0.011016775830 0.175341921602
0.000000000000 4699175000 0.857235874622 -0.513054283822 0.043840131317 -40.161931750933 0.514476482051 0.856929659920 -0.031392791618 -16.156481760456 -0.021461702600 0.049465743712 0.998545209553 0.677807075419 -0.000000000000 0.000000000000 -0.000000000000 1.000000000000 -10.879196732816 0.114053786652 -0.177667509391 0.016365209276 0.011016775830 0.175341921602
0.000000000000 4700314000 0.857580810365 -0.512433956139 0.044346299607 -40.175511131299 0.513789551574 0.857478793693 -0.027393704748 -16.103974895942 -0.023988546994 0.046276980905 0.998640571303 0.786530210236 -0.000000000000 0.000000000000 -0.000000000000 1.000000000000 -10.628745007588 0.382960441622 -0.126660278663 0.010048911585 0.014984605127 0.154071511267
0.000000000000 4799154000 0.849621154357 -0.525362077042 0.046244805924 -40.975227422446 0.526813081323 0.849529823897 -0.027695769639 -16.684833552036 -0.024736034770 0.047893280476 0.998546124257 0.817825213964 -0.000000000000 0.000000000000 -0.000000000000 1.000000000000 -10.628745007588 0.382960441622 -0.126660278663 0.010048911585 0.014984605127 0.154071511267
0.000000000000 4800352000 0.849711500088 -0.525231844354 0.046063828484 -40.970461648377 0.526631841281 0.849695572087 -0.026006509271 -16.669327284092 -0.025480784266 0.046356708816 0.998599912468 0.851546689088 -0.000000000000 0.000000000000 -0.000000000000 1.000000000000 -10.580647196873 0.318389920280 -0.151193659661 0.020603021714 0.015278906944 0.143332228206
0.000000000000 4899020000 0.842140017799 -0.537123178718 0.047946650623 -41.773486980270 0.538647448193 0.842086526786 -0.027371663469 -17.224764058498 -0.025673273605 0.048877114168 0.998474792237 0.864550621689 -0.000000000000 0.000000000000 -0.000000000000 1.000000000000 -10.580647196873 0.318389920280 -0.151193659661 0.020603021714 0.015278906944 0.143332228206
0.000000000000 4900321000 0.842518741311 -0.536511966413 0.048136061696 -41.777318826035 0.537948727086 0.842642382779 -0.023769345198 -17.191288742449 -0.027808947593 0.045920851914 0.998557929112 0.956467992272 -0.000000000000 0.000000000000 -0.000000000000 1.000000000000 -10.847881259337 0.336023438827 -0.184639904765 0.052881331885 0.008206060187 0.126817822498
0.000000000000 4999121000 0.835689966742 -0.546986766449 0.049272272295 -42.629816893141 0.548602147419 0.835601876336 -0.028375836740 -17.691689789433 -0.025650795997 0.050744276451 0.998382218928 0.881321549446 -0.000000000000 0.000000000000 -0.000000000000 1.000000000000 -10.847881259337 0.336023438827 -0.184639904765 0.052881331885 0.008206060187 0.126817822498
0.000000000000 5000312000 0.836567092127 -0.545644125575 0.049274624267 -42.647817003713 0.547146349369 0.836688087072 -0.024164381313 -17.609253121776 -0.028042338407 0.047175556992 0.998492911382 0.978480858542 -0.000000000000 0.000000000000 -0.000000000000 1.000000000000 -10.710051006375 0.254604124496 -0.265876473790 0.035071852937 0.010651354921 0.126629828746
0.000000000000 5099099000 0.829627767022 -0.556015135271 0.050645212379 -43.481323383094 0.557663425742 0.829627975071 -0.026998640137 -18.126137179609 -0.027005032445 0.050641804162 0.998351709516 0.935627124113 -0.000000000000 0.000000000000 -0.000000000000 1.000000000000 -10.710051006375 0.254604124496 -0.265876473790 0.035071852937 0.010651354921 0.126629828746
0.000000000000 5100326000 0.830528123746 -0.554656810747 0.050782457200 -43.509161195553 0.556195880522 0.830735492335 -0.022905987551 -18.035292124990 -0.029481827582 0.047269060361 0.998447023019 1.040798228084 -0.000000000000 0.000000000000 -0.000000000000 1.000000000000 -10.741537091007 0.192278858920 -0.165672962482 0.056034057714 0.006683924442 0.123837636862
0.000000000000 5199148000 0.823639831647 -0.564746966012 0.051752218369 -44.346093459385 0.566473966316 0.823610355276 -0.027806980568 -18.559398041740 -0.026919755047 0.052219221198 0.998272748163 0.952126162108 -0.000000000000 0.000000000000 -0.000000000000 1.000000000000 -10.741537091007 0.192278858920 -0.165672962482 0.056034057714 0.006683924442 0.123837636862
0.000000000000 5200342000 0.824658457803 -0.563254933253 0.051791004427 -44.376371015327 0.564906000811 0.824776176110 -0.025009389619 -18.469397455799 -0.028629324507 0.049881253863 0.998344741205 1.030936124882 -0.000000000000 0.000000000000 -0.000000000000 1.000000000000 -10.742044662051 0.117254504420 -0.238867211349 0.037532036220 -0.006376187014 0.128559907001
0.000000000000 5299033000 0.817441446363 -0.573704883362 0.051499403629 -45.199247399422 0.575424578993 0.817373622822 -0.028051998250 -19.029683031366 -0.026000685733 0.052564888675 0.998278967433 0.909731285317 -0.000000000000 0.000000000000 -0.000000000000 1.000000000000 -10.742044662051 0.117254504420 -0.238867211349 0.037532036220 -0.006376187014 0.128559907001
0.000000000000 5300380000 0.818421967084 -0.572342306000 0.051085893918 -45.240565253328 0.573939531460 0.818537113362 -0.024298318402 -18.951218097068 -0.027908744556 0.049206491563 0.998398629389 0.985560299011 -0.000000000000 0.000000000000 -0.000000000000 1.000000000000 -10.660905424358 0.156080590218 0.092970616141 0.034277210458 -0.000836488960 0.113543163668
0.000000000000 5399194000 0.811932896843 -0.581493016503 0.051291741856 -46.078667554160 0.583176737584 0.811892962683 -0.027105532394 -19.451322951218 -0.025881726461 0.051920024118 0.998315805410 0.925939591954 -0.000000000000 0.000000000000 -0.000000000000 1.000000000000 -10.660905424358 0.156080590218 0.092970616141 0.034277210458 -0.000836488960 0.113543163668
