0.000000000000 6932000 1.000000000000 -0.000000000000 0.000000000000 -0.000000000000 -0.000000000000 1.000000000000 -0.000000000000 0.000000000000 0.000000000000 -0.000000000000 1.000000000000 -0.000000000000 -0.000000000000 0.000000000000 -0.000000000000 1.000000000000 0.000000000000 0.000000000000 0.000000000000 0.000000000000 0.000000000000 0.000000000000
0.000000000000 98899000 1.000000000000 -0.000000000000 0.000000000000 -0.000000000000 -0.000000000000 1.000000000000 -0.000000000000 0.000000000000 0.000000000000 -0.000000000000 1.000000000000 -0.000000000000 -0.000000000000 0.000000000000 -0.000000000000 1.000000000000 0.000000000000 0.000000000000 0.000000000000 0.000000000000 0.000000000000 0.000000000000
0.000000000000 106938000 1.000000000000 -0.000000000000 0.000000000000 -0.000000000000 -0.000000000000 1.000000000000 -0.000000000000 0.000000000000 0.000000000000 -0.000000000000 1.000000000000 -0.000000000000 -0.000000000000 0.000000000000 -0.000000000000 1.000000000000 -14.443592639380 -0.258947673796 -0.206989583093 -0.007166646363 -0.036450896051 0.005757509000
0.000000000000 198902000 0.999994241383 -0.000528374355 -0.003352315847 -1.328241020505 0.000530583650 0.999999642640 0.000658180349 -0.024172108901 0.003351966883 -0.000659955243 0.999994164372 -0.021253791766 -0.000000000000 0.000000000000 -0.000000000000 1.000000000000 -14.443592639380 -0.258947673796 -0.206989583093 -0.007166646363 -0.036450896051 0.005757509000
0.000000000000 207449000 0.999993640160 0.001142759628 -0.003378422640 -1.392336783470 -0.001140417868 0.999999108213 0.000694997067 -0.021653569330 0.003379213842 -0.000691139833 0.999994051602 0.006894270686 -0.000000000000 0.000000000000 -0.000000000000 1.000000000000 -15.642836088521 -0.497859324187 -0.989009342543 0.016098216479 -0.026250819872 0.051357645081
0.000000000000 298896000 0.999976987960 -0.003553856626 -0.005778724209 -2.822505247954 0.003549299713 0.999993382308 -0.000798631481 -0.077019422175 0.005781524189 0.000778102679 0.999982984122 -0.088678885006 -0.000000000000 0.000000000000 -0.000000000000 1.000000000000 -15.642836088521 -0.497859324187 -0.989009342543 0.016098216479 -0.026250819872 0.051357645081
0.000000000000 306935000 0.999990087101 -0.001790729290 -0.004076639336 -2.958010872342 0.001783737380 0.999996933191 -0.001718106272 -0.091057586941 0.004079703497 0.001710817587 0.999990214513 -0.019659735372 -0.000000000000 0.000000000000 -0.000000000000 1.000000000000 -16.773578660509 -0.632856112201 -1.270363516358 0.002306060347 -0.017228554855 0.033025130415
0.000000000000 398923000 0.999972333477 -0.004831497008 -0.005655874585 -4.500469098730 0.004820564329 0.999986489444 -0.001945016639 -0.160584799043 0.005665195513 0.001917698320 0.999982113837 -0.142454728703 -0.000000000000 0.000000000000 -0.000000000000 1.000000000000 -16.773578660509 -0.632856112201 -1.270363516358 0.002306060347 -0.017228554855 0.033025130415
0.000000000000 407246000 0.999993814456 -0.000938704756 -0.003389673041 -4.618471370261 0.000925348126 0.999991810781 -0.003939809796 -0.090846348154 0.003393343601 0.003936648799 0.999986493917 -0.057008557676 -0.000000000000 0.000000000000 -0.000000000000 1.000000000000 -17.984462365120 -0.189309258130 -0.216012410960 0.014538602373 0.008418289235 0.026870192805
0.000000000000 498894000 0.999990829971 -0.003397719782 -0.002606813150 -6.266500862421 0.003383921054 0.999980337218 -0.005279607493 -0.121512256797 0.002624700520 0.005270737829 0.999982664985 -0.072747704161 -0.000000000000 0.000000000000 -0.000000000000 1.000000000000 -17.984462365120 -0.189309258130 -0.216012410960 0.014538602373 0.008418289235 0.026870192805
0.000000000000 506930000 0.999998151772 -0.000158824252 -0.001916044794 -6.373945067000 0.000149650260 0.999988530201 -0.004787177750 -0.106931080952 0.001916783137 0.004786882166 0.999986705762 -0.014972077963 -0.000000000000 0.000000000000 -0.000000000000 1.000000000000 -19.017910425819 -0.354095203983 -0.245380469511 0.008105602916 -0.001315969169 0.047193781396
0.000000000000 599174000 0.999987787603 -0.004512718977 -0.002014947006 -8.127626834515 0.004501489200 0.999974503237 -0.005543416959 -0.171139470650 0.002039911514 0.005534278998 0.999982605107 -0.038590604602 -0.000000000000 0.000000000000 -0.000000000000 1.000000000000 -19.017910425819 -0.354095203983 -0.245380469511 0.008105602916 -0.001315969169 0.047193781396
0.000000000000 606932000 0.999997181118 -0.000786225420 -0.002240447814 -8.181569460515 0.000776283600 0.999989864714 -0.004434845322 -0.105561941475 0.002243911895 0.004433093598 0.999987656194 -0.024376312101 -0.000000000000 0.000000000000 -0.000000000000 1.000000000000 -20.234891843521 -0.535807009995 -0.396475565079 0.024656731756 -0.008658911597 0.055389941574
0.000000000000 698914000 0.999978155214 -0.005885412565 -0.003008490207 -10.041997483024 0.005865101250 0.999960246174 -0.006716149134 -0.201165061446 0.003047897916 0.006698357322 0.999972920797 -0.068448137540 -0.000000000000 0.000000000000 -0.000000000000 1.000000000000 -20.234891843521 -0.535807009995 -0.396475565079 0.024656731756 -0.008658911597 0.055389941574
0.000000000000 706930000 0.999985155378 -0.004366964690 -0.003258625992 -10.155531570105 0.004356165064 0.999985020715 -0.003313936091 -0.179256735483 0.003273049022 0.003299691784 0.999989199534 -0.060825584133 -0.000000000000 0.000000000000 -0.000000000000 1.000000000000 -21.240191926224 -0.691110966798 -0.415868279849 0.025654841399 -0.005705852597 0.034286874897
0.000000000000 798889000 0.999964604261 -0.007522221762 -0.003769138401 -12.108002276385 0.007500729665 0.999955713599 -0.005684179446 -0.277713438990 0.003811729137 0.005655706962 0.999976741579 -0.105447312642 -0.000000000000 0.000000000000 -0.000000000000 1.000000000000 -21.240191926224 -0.691110966798 -0.415868279849 0.025654841399 -0.005705852597 0.034286874897
0.000000000000 806928000 0.999992278964 -0.002232104340 -0.003234149439 -12.208358563491 0.002232193500 0.999997508366 0.000023958951 -0.169356050279 0.003234087902 -0.000031178013 0.999994769838 -0.058807753296 -0.000000000000 0.000000000000 -0.000000000000 1.000000000000 -22.229419327867 -0.673849132002 -0.542423898749 0.101003378329 -0.022603215555 0.081983445235
0.000000000000 899100000 0.999938045237 -0.009798066007 -0.005282384851 -14.255210790949 0.009748559053 0.999909068380 -0.009317755492 -0.330539628404 0.005373200498 0.009265682572 0.999942636276 -0.138686934375 -0.000000000000 0.000000000000 -0.000000000000 1.000000000000 -22.229419327867 -0.673849132002 -0.542423898749 0.101003378329 -0.022603215555 0.081983445235
0.000000000000 906929000 0.999985519228 -0.003055258059 -0.004430206930 -14.329297423578 0.003051618714 0.999995000998 -0.000828011458 -0.205677339961 0.004432714572 0.000814480165 0.999989843780 -0.084009477085 -0.000000000000 0.000000000000 -0.000000000000 1.000000000000 -23.349581553572 -0.883722637710 -0.311627813256 0.096733145948 -0.005807184120 0.093617492548
0.000000000000 999152000 0.999919549497 -0.011691403761 -0.004919919943 -16.479937136074 0.011642825445 0.999884300955 -0.009789245117 -0.419253450393 0.005033800730 0.009731175798 0.999939980733 -0.123773027046 -0.000000000000 0.000000000000 -0.000000000000 1.000000000000 -23.349581553572 -0.883722637710 -0.311627813256 0.096733145948 -0.005807184120 0.093617492548
0.000000000000 1007050000 0.999973539033 -0.005697211683 -0.004523606178 -16.547959468047 0.005684491590 0.999979867348 -0.002819832139 -0.287325872938 0.004539580287 0.002794043122 0.999985792666 -0.081295400442 -0.000000000000 0.000000000000 -0.000000000000 1.000000000000 -24.407469375969 -0.722111026630 -0.469083238948 0.080697205755 -0.018032018579 0.061840743018
0.000000000000 1099150000 0.999916086839 -0.011403233397 -0.006146995081 -18.793601202927 0.011339644164 0.999882837366 -0.010282218214 -0.453597471103 0.006263525417 0.010211650664 0.999928242645 -0.156591116265 -0.000000000000 0.000000000000 -0.000000000000 1.000000000000 -24.407469375969 -0.722111026630 -0.469083238948 0.080697205755 -0.018032018579 0.061840743018
0.000000000000 1108315000 0.999962447552 -0.006793295805 -0.005380949624 -18.868619479200 0.006772281975 0.999969408448 -0.003913868336 -0.342303552828 0.005407373078 0.003877280052 0.999977863263 -0.101417966352 -0.000000000000 0.000000000000 -0.000000000000 1.000000000000 -25.788467438713 -0.624474711714 -0.320010439632 0.075397587966 -0.005186162603 0.056286111029
0.000000000000 1199134000 0.999912190424 -0.011908181916 -0.005814348183 -21.208484074815 0.011844958356 0.999871631516 -0.010789691897 -0.500616452745 0.005942087418 0.010719873746 0.999924885131 -0.142798324434 -0.000000000000 0.000000000000 -0.000000000000 1.000000000000 -25.788467438713 -0.624474711714 -0.320010439632 0.075397587966 -0.005186162603 0.056286111029
0.000000000000 1208304000 0.999965944796 -0.006774853595 -0.004712813022 -21.377279169438 0.006750043977 0.999963381737 -0.005260426960 -0.348615905946 0.004748279070 0.005228436120 0.999975058340 -0.085003007144 -0.000000000000 0.000000000000 -0.000000000000 1.000000000000 -26.932986661077 -0.395411828321 -0.270170566526 0.066682483477 0.000013441446 0.051308659630
0.000000000000 1299274000 0.999923619348 -0.011442033700 -0.004672829353 -23.825424548618 0.011388396649 0.999870753382 -0.011348169597 -0.489482500741 0.004802071545 0.011294086782 0.999924689020 -0.112089124009 -0.000000000000 0.000000000000 -0.000000000000 1.000000000000 -26.932986661077 -0.395411828321 -0.270170566526 0.066682483477 0.000013441446 0.051308659630
0.000000000000 1308318000 0.999969500056 -0.007181654990 -0.003069656322 -23.927871482133 0.007160961500 0.999951914448 -0.006699956860 -0.359063509378 0.003117625494 0.006677770821 0.999972843525 -0.030393503039 -0.000000000000 0.000000000000 -0.000000000000 1.000000000000 -27.857796073477 0.044444573843 -0.439837876299 0.042435530691 -0.006943041898 0.047450031894
0.000000000000 1399198000 0.999927173819 -0.011498988647 -0.003663375231 -26.457781218294 0.011459700611 0.999878458778 -0.010570853058 -0.463435197790 0.003784484099 0.010528102040 0.999937416415 -0.087844821367 -0.000000000000 0.000000000000 -0.000000000000 1.000000000000 -27.857796073477 0.044444573843 -0.439837876299 0.042435530691 -0.006943041898 0.047450031894
0.000000000000 1408318000 0.999964748943 -0.008117283689 -0.002147225465 -26.523475439147 0.008099402128 0.999933501081 -0.008209330145 -0.351870529893 0.002213720139 0.008191649515 0.999963997513 -0.005341089339 -0.000000000000 0.000000000000 -0.000000000000 1.000000000000 -28.501653350843 0.166728985777 -0.566136184298 -0.007432449897 -0.009922311215 0.019930756624
0.000000000000 1499178000 0.999946041130 -0.009935129951 -0.003034472044 -29.112414551696 0.009912018306 0.999922456669 -0.007538736132 -0.387126351780 0.003109135064 0.007508251608 0.999966979173 -0.081609593379 -0.000000000000 0.000000000000 -0.000000000000 1.000000000000 -28.501653350843 0.166728985777 -0.566136184298 -0.007432449897 -0.009922311215 0.019930756624
0.000000000000 1508309000 0.999968041707 -0.007922664966 -0.001070955286 -29.160001419710 0.007913716002 0.999935742849 -0.008116851089 -0.323586381204 0.001135193561 0.008108116452 0.999966484330 0.028983669507 -0.000000000000 0.000000000000 -0.000000000000 1.000000000000 -29.103752948763 0.169983821982 -0.586680044150 -0.024470988833 -0.022101023079 0.021331962788
0.000000000000 1599191000 0.999946538232 -0.009875267791 -0.003065903580 -31.804286081434 0.009857063825 0.999934029978 -0.005896947029 -0.367294550215 0.003123935253 0.005866410960 0.999977912882 -0.084793827892 -0.000000000000 0.000000000000 -0.000000000000 1.000000000000 -29.103752948763 0.169983821982 -0.586680044150 -0.024470988833 -0.022101023079 0.021331962788
0.000000000000 1608311000 0.999969274175 -0.007747451271 -0.001194866229 -31.836310957651 0.007739381376 0.999948159341 -0.006616691550 -0.313679630693 0.001246066781 0.006607240722 0.999977395588 0.037026406756 -0.000000000000 0.000000000000 -0.000000000000 1.000000000000 -29.291993203624 0.108340279293 -0.418500969286 -0.021197184866 -0.018478682641 0.019880444529
0.000000000000 1699185000 0.999950168320 -0.009563433064 -0.002863847934 -34.497560776001 0.009549924222 0.999943380477 -0.004694122650 -0.363771793065 0.002908577712 0.004666539204 0.999984881679 -0.056047633364 -0.000000000000 0.000000000000 -0.000000000000 1.000000000000 -29.291993203624 0.108340279293 -0.418500969286 -0.021197184866 -0.018478682641 0.019880444529
0.000000000000 1708311000 0.999968893461 -0.007839510810 -0.000868435808 -34.520846957588 0.007834347730 0.999952506872 -0.005797154171 -0.279276186862 0.000913841416 0.005790170213 0.999982819264 0.071279995205 -0.000000000000 0.000000000000 -0.000000000000 1.000000000000 -29.488049970378 0.163999859313 -0.420799083627 -0.012900779444 -0.021907200523 0.018783772920
0.000000000000 1799193000 0.999950269221 -0.009556874918 -0.002850478270 -37.200299730535 0.009543620229 0.999943749358 -0.004627897134 -0.325569426998 0.002894546163 0.004600463103 0.999985228562 -0.038006391075 -0.000000000000 0.000000000000 -0.000000000000 1.000000000000 -29.488049970378 0.163999859313 -0.420799083627 -0.012900779444 -0.021907200523 0.018783772920
0.000000000000 1808309000 0.999959851898 -0.008751257092 -0.001926159773 -37.212249092256 0.008739577496 0.999943863564 -0.005990785055 -0.293378459709 0.001978478545 0.005973710713 0.999980200005 0.022267629640 -0.000000000000 0.000000000000 -0.000000000000 1.000000000000 -29.502456919862 0.142678217077 -0.312015325949 -0.002899526974 -0.015057383944 0.003896296647
0.000000000000 1899193000 0.999953052076 -0.009113334606 -0.003292533342 -39.893424678571 0.009094374899 0.999942238403 -0.005728193606 -0.294068010313 0.003344546105 0.005697981146 0.999978173273 -0.058770893054 -0.000000000000 0.000000000000 -0.000000000000 1.000000000000 -29.502456919862 0.142678217077 -0.312015325949 -0.002899526974 -0.015057383944 0.003896296647
0.000000000000 1906936000 0.999955026009 -0.009234550692 -0.002160794669 -39.884944438269 0.009218722308 0.999931412047 -0.007224012719 -0.292110408079 0.002227356976 0.007203768061 0.999971571899 0.033289515747 -0.000000000000 0.000000000000 -0.000000000000 1.000000000000 -28.862186820306 0.211163670149 -0.207149279139 -0.021113309359 -0.014692760250 -0.010275173186
0.000000000000 1999190000 0.999959391930 -0.008295113972 -0.003522154881 -42.547847039999 0.008276476257 0.999951843521 -0.005273573781 -0.233566560788 0.003565730162 0.005244208600 0.999979891720 -0.041176098901 -0.000000000000 0.000000000000 -0.000000000000 1.000000000000 -28.862186820306 0.211163670149 -0.207149279139 -0.021113309359 -0.014692760250 -0.010275173186
0.000000000000 2006932000 0.999958748267 -0.008608426225 -0.002897716739 -42.556376569017 0.008589353837 0.999941781570 -0.006531192136 -0.251703085406 0.002953771324 0.006506033198 0.999974473058 0.022721741334 -0.000000000000 0.000000000000 -0.000000000000 1.000000000000 -29.013590658324 0.228904215207 -0.096481306162 -0.014450250407 0.008270516341 -0.001845171568
0.000000000000 2099192000 0.999962154705 -0.008433740897 -0.002135689934 -45.233194360918 0.008422546105 0.999951021606 -0.005197605788 -0.223065147543 0.002179420591 0.005179421136 0.999984211737 0.047630384862 -0.000000000000 0.000000000000 -0.000000000000 1.000000000000 -29.013590658324 0.228904215207 -0.096481306162 -0.014450250407 0.008270516341 -0.001845171568
0.000000000000 2106932000 0.999967618451 -0.007890442290 -0.001582077612 -45.222990723642 0.007880206646 0.999948630565 -0.006374839218 -0.185253102845 0.001632296642 0.006362165692 0.999978428995 0.095335548306 -0.000000000000 0.000000000000 -0.000000000000 1.000000000000 -28.682936797335 0.411433468304 -0.341654672944 0.005887869448 -0.012784998458 0.014960205511
0.000000000000 2199096000 0.999953183307 -0.009276965437 -0.002751200999 -47.866316247067 0.009257739553 0.999933198490 -0.006920463518 -0.211537627427 0.002815218115 0.006894669622 0.999972268654 0.008895349210 -0.000000000000 0.000000000000 -0.000000000000 1.000000000000 -28.682936797335 0.411433468304 -0.341654672944 0.005887869448 -0.012784998458 0.014960205511
0.000000000000 2206931000 0.999968826319 -0.007616132433 -0.002083486567 -47.869553050587 0.007601725853 0.999947731037 -0.006837321023 -0.131289550524 0.002135451608 0.006821269785 0.999974454736 0.055049393819 -0.000000000000 0.000000000000 -0.000000000000 1.000000000000 -28.912764818443 0.148040980120 -0.374660875303 0.013883436120 0.009628112644 0.013490846368
0.000000000000 2299169000 0.999960100934 -0.008853792146 -0.001186130276 -50.536158203971 0.008843875608 0.999927923981 -0.008119895771 -0.178936928495 0.001257936654 0.008109081806 0.999966329627 0.063989098716 -0.000000000000 0.000000000000 -0.000000000000 1.000000000000 -28.912764818443 0.148040980120 -0.374660875303 0.013883436120 0.009628112644 0.013490846368
0.000000000000 2306929000 0.999965320184 -0.008326939936 -0.000143182772 -50.536347933771 0.008325364392 0.999926895988 -0.008768750639 -0.155889675365 0.000216189165 0.008767254491 0.999961543516 0.151429578378 -0.000000000000 0.000000000000 -0.000000000000 1.000000000000 -28.580437399710 0.024047522909 -0.273962273959 0.001527001782 0.014041971366 0.014446208089
0.000000000000 2399185000 0.999952778216 -0.009648130740 0.001164006256 -53.172597194688 0.009658123972 0.999913671985 -0.008908940342 -0.222804606697 -0.001077951149 0.008919761762 0.999959637121 0.193303606866 -0.000000000000 0.000000000000 -0.000000000000 1.000000000000 -28.580437399710 0.024047522909 -0.273962273959 0.001527001782 0.014041971366 0.014446208089
0.000000000000 2406933000 0.999965226738 -0.008208035782 0.001474267105 -53.201340555953 0.008221561724 0.999921871733 -0.009415750219 -0.122571047298 -0.001396867108 0.009427543581 0.999954584061 0.225291447043 -0.000000000000 0.000000000000 -0.000000000000 1.000000000000 -28.546189635521 0.122372150609 0.105225150499 0.008892377085 0.008514120594 0.012274054672
0.000000000000 2499189000 0.999953872202 -0.009332565662 0.002270834008 -55.834540535908 0.009355339676 0.999903867156 -0.010233966246 -0.173221487437 -0.002175106544 0.010254738599 0.999945053114 0.277700808356 -0.000000000000 0.000000000000 -0.000000000000 1.000000000000 -28.546189635521 0.122372150609 0.105225150499 0.008892377085 0.008514120594 0.012274054672
0.000000000000 2506930000 0.999959382753 -0.008749048291 0.002164947536 -55.840586997185 0.008771424063 0.999905861099 -0.010551353462 -0.135062669452 -0.002072429429 0.010569914568 0.999941989289 0.290744709553 -0.000000000000 0.000000000000 -0.000000000000 1.000000000000 -28.481606060624 0.084599423419 -0.075149432478 0.024655100743 0.001155476278 0.004239107811
0.000000000000 2599184000 0.999955649545 -0.009138833298 0.002276108453 -58.468048318622 0.009167294999 0.999875734108 -0.012824860420 -0.150269610611 -0.002158621349 0.012845157389 0.999915167544 0.289580063276 -0.000000000000 0.000000000000 -0.000000000000 1.000000000000 -28.481606060624 0.084599423419 -0.075149432478 0.024655100743 0.001155476278 0.004239107811
0.000000000000 2602191000 0.999961116526 -0.008539678244 0.002199848091 -58.471548692438 0.008565830735 0.999889293235 -0.012166668337 -0.126328455383 -0.002095705120 0.012185038781 0.999923563504 0.295458008085 -0.000000000000 0.000000000000 -0.000000000000 1.000000000000 -27.012061269770 -0.001101546990 -0.046165901491 0.022115305613 0.012496820864 0.007578740021
0.000000000000 2699180000 0.999951284887 -0.009258564991 0.003421523980 -61.090918486825 0.009306629216 0.999854303951 -0.014309350893 -0.171083600353 -0.003288541422 0.014340496666 0.999891761968 0.363120060604 -0.000000000000 0.000000000000 -0.000000000000 1.000000000000 -27.012061269770 -0.001101546990 -0.046165901491 0.022115305613 0.012496820864 0.007578740021
0.000000000000 2702238000 0.999956445457 -0.008787522977 0.003144301124 -61.095513328360 0.008834925251 0.999842480302 -0.015393462243 -0.154198897253 -0.003008535432 0.015420571453 0.999876569728 0.359385700182 -0.000000000000 0.000000000000 -0.000000000000 1.000000000000 -27.289791983441 0.031264244534 -0.290774895691 -0.012228165681 -0.001149072966 0.003441619359
0.000000000000 2799190000 0.999953771955 -0.009122797725 0.003037847015 -63.741305738837 0.009165076239 0.999857070803 -0.014207017379 -0.171589715495 -0.002907805072 0.014234202716 0.999894460502 0.324433686221 -0.000000000000 0.000000000000 -0.000000000000 1.000000000000 -27.289791983441 0.031264244534 -0.290774895691 -0.012228165681 -0.001149072966 0.003441619359
0.000000000000 2806925000 0.999955195293 -0.008825260153 0.003423768443 -63.777387629890 0.008880275103 0.999826064222 -0.016400671201 -0.133430536810 -0.003278432737 0.016430340380 0.999859638046 0.359476296552 -0.000000000000 0.000000000000 -0.000000000000 1.000000000000 -28.916424945331 0.236377045479 -0.058051302268 0.002105994401 0.005633115433 -0.008903439469
0.000000000000 2899187000 0.999960314417 -0.007995357879 0.003929865544 -66.445171090518 0.008059544388 0.999829761113 -0.016597967876 -0.058208572726 -0.003796489834 0.016628982102 0.999854521228 0.387941637217 -0.000000000000 0.000000000000 -0.000000000000 1.000000000000 -28.916424945331 0.236377045479 -0.058051302268 0.002105994401 0.005633115433 -0.008903439469
0.000000000000 2906929000 0.999968177518 -0.006763662973 0.004230462757 -66.475626804653 0.006833686055 0.999836143239 -0.016762678987 0.041118858094 -0.004116392455 0.016791055211 0.999850546721 0.443367485654 -0.000000000000 0.000000000000 -0.000000000000 1.000000000000 -28.970922908830 0.096512393850 -0.073320517506 0.015583037180 -0.013050134071 0.005526360554
0.000000000000 2999109000 0.999968787465 -0.007294052778 0.003036591657 -69.146675280517 0.007348134438 0.999807417589 -0.018197050707 0.014897030189 -0.002903276615 0.018218796014 0.999829808746 0.355074513768 -0.000000000000 0.000000000000 -0.000000000000 1.000000000000 -28.970922908830 0.096512393850 -0.073320517506 0.015583037180 -0.013050134071 0.005526360554
0.000000000000 3006927000 0.999970824436 -0.007546045501 0.001186370139 -69.169375280251 0.007566265128 0.999807934957 -0.018078850306 0.013156430801 -0.001049718452 0.018087299237 0.999835860378 0.209037593629 -0.000000000000 0.000000000000 -0.000000000000 1.000000000000 -28.329028036441 0.114750541796 0.236994557035 0.059138681742 0.047851523138 -0.015085942695
0.000000000000 3099175000 0.999966104769 -0.006062784681 0.005570633342 -71.780927038830 0.006192318818 0.999703770683 -0.023537758399 0.119774730584 -0.005426278796 0.023571455719 0.999707428188 0.542354394179 -0.000000000000 0.000000000000 -0.000000000000 1.000000000000 -28.329028036441 0.114750541796 0.236994557035 0.059138681742 0.047851523138 -0.015085942695
0.000000000000 3102264000 0.999972732548 -0.005140874719 0.005301468432 -71.753389618399 0.005269235363 0.999686201211 -0.024489472587 0.204012620206 -0.005173907527 0.024516739507 0.999686030794 0.530442186113 -0.000000000000 0.000000000000 -0.000000000000 1.000000000000 -26.747054940118 -0.079804459629 -0.450562530788 0.061537810425 -0.030383621635 0.003577352390
0.000000000000 3199187000 0.999981694249 -0.005568423615 0.002367240001 -74.347060921749 0.005637939285 0.999520381217 -0.030450306611 0.168549719056 -0.002196544422 0.030463095551 0.999533478680 0.272757600376 -0.000000000000 0.000000000000 -0.000000000000 1.000000000000 -26.747054940118 -0.079804459629 -0.450562530788 0.061537810425 -0.030383621635 0.003577352390
0.000000000000 3206928000 0.999981285940 -0.006113110181 0.000240110734 -74.409791496304 0.006117585075 0.999518593267 -0.030416391419 0.109742955565 -0.000054056391 0.030417291103 0.999537285688 0.112150589781 -0.000000000000 0.000000000000 -0.000000000000 1.000000000000 -27.800246741053 -0.134592922225 -0.061423867142 -0.023174657830 -0.007632919916 -0.016423342035
0.000000000000 3299188000 0.999989202138 -0.004619228189 -0.000508270132 -76.974466830964 0.004603008189 0.999589470766 -0.028279007209 0.212192609540 0.000638688659 0.028276362284 0.999599939682 0.052836495652 -0.000000000000 0.000000000000 -0.000000000000 1.000000000000 -27.800246741053 -0.134592922225 -0.061423867142 -0.023174657830 -0.007632919916 -0.016423342035
0.000000000000 3306928000 0.999982258384 -0.005845507245 -0.001145845760 -77.050839636116 0.005810818908 0.999584224585 -0.028242031523 0.161171459008 0.001310458345 0.028234872161 0.999600457529 0.026201315278 -0.000000000000 0.000000000000 -0.000000000000 1.000000000000 -28.082947631922 0.000100243418 0.257532114074 -0.033357717460 0.017575860928 -0.043056556208
0.000000000000 3398971000 0.999998239145 -0.001840688026 0.000365477695 -79.634271890777 0.001849304441 0.999681444019 -0.025171224786 0.471966978548 -0.000319028898 0.025171856343 0.999683087718 0.175674223407 -0.000000000000 0.000000000000 -0.000000000000 1.000000000000 -28.082947631922 0.000100243418 0.257532114074 -0.033357717460 0.017575860928 -0.043056556208
0.000000000000 3406932000 0.999987041149 -0.004908647667 -0.001350078186 -79.675093158350 0.004870613430 0.999627248765 -0.026863370058 0.252051898345 0.001481437761 0.026856446231 0.999638202870 0.009940182235 -0.000000000000 0.000000000000 -0.000000000000 1.000000000000 -27.869322442613 0.247924449430 0.454055554431 0.009027074825 0.038185166594 -0.047644129132
0.000000000000 3498914000 0.999997822963 -0.000432096145 0.002041411608 -82.236031096687 0.000488468112 0.999616303244 -0.027694903629 0.629493476166 -0.002028661464 0.027695840501 0.999614338108 0.336414649823 -0.000000000000 0.000000000000 -0.000000000000 1.000000000000 -27.869322442613 0.247924449430 0.454055554431 0.009027074825 0.038185166594 -0.047644129132
0.000000000000 3506932000 0.999993762987 -0.003504767738 0.000436566886 -82.325309660712 0.003516327143 0.999540113422 -0.030119712881 0.402521045750 -0.000330803517 0.030121060136 0.999546203187 0.177430834591 -0.000000000000 0.000000000000 -0.000000000000 1.000000000000 -27.618864020483 0.374074044827 0.354200828113 0.033583027932 0.022590062446 -0.038022792950
0.000000000000 3599080000 0.999997103139 0.000063104662 0.002406185900 -84.867759743057 0.000016858265 0.999448138511 -0.033217738386 0.729019954772 -0.002406954213 0.033217682723 0.999445242185 0.385835039475 -0.000000000000 -0.000000000000 -0.000000000000 1.000000000000 -27.618864020483 0.374074044827 0.354200828113 0.033583027932 0.022590062446 -0.038022792950
0.000000000000 3606935000 0.999992991360 -0.003743949297 -0.000008646927 -84.958544535041 0.003741284119 0.999363096044 -0.035488097429 0.422222640062 0.000141507057 0.035487816355 0.999370099045 0.146509481807 -0.000000000000 0.000000000000 -0.000000000000 1.000000000000 -27.726384099828 0.631188042815 0.368522192115 0.004759614005 0.013292676471 -0.044339829113
0.000000000000 3698847000 0.999999361600 0.000372440300 0.001066811815 -87.504122064950 -0.000333872226 0.999354345295 -0.035927441743 0.831567320022 -0.001079503850 0.035927062628 0.999353831654 0.286009131400 -0.000000000000 0.000000000000 -0.000000000000 1.000000000000 -27.726384099828 0.631188042815 0.368522192115 0.004759614005 0.013292676471 -0.044339829113
0.000000000000 3707127000 0.999991512764 -0.003859420011 -0.001441969905 -87.574725115288 0.003802899599 0.999295615707 -0.037333770018 0.458889202510 0.001585040903 0.037327969491 0.999301811436 0.022644579297 -0.000000000000 0.000000000000 -0.000000000000 1.000000000000 -27.636594157617 0.458693694098 0.458315748084 -0.013330265872 0.014864870820 -0.044042928625
0.000000000000 3798863000 0.999999948050 0.000228241762 -0.000227608883 -90.107195281920 -0.000236311509 0.999347852791 -0.036108354704 0.860041599966 0.000219219015 0.036108406615 0.999347854811 0.185031004629 -0.000000000000 -0.000000000000 -0.000000000000 1.000000000000 -27.636594157617 0.458693694098 0.458315748084 -0.013330265872 0.014864870820 -0.044042928625
0.000000000000 3806935000 0.999988187013 -0.004072521463 -0.002653376003 -90.174343558879 0.003969373076 0.999278046832 -0.037783980699 0.470793955323 0.002805336462 0.037773002118 0.999282407730 -0.068263667089 -0.000000000000 0.000000000000 -0.000000000000 1.000000000000 -27.754233056818 0.104330501155 0.017072675561 -0.024163410121 -0.000038905698 -0.038469687675
0.000000000000 3898915000 0.999995973163 -0.000536610254 -0.002786701870 -92.724919034206 0.000437196227 0.999367685520 -0.035553312052 0.803827244383 0.002804018070 0.035551950549 0.999363895833 -0.068435362531 -0.000000000000 0.000000000000 -0.000000000000 1.000000000000 -27.754233056818 0.104330501155 0.017072675561 -0.024163410121 -0.000038905698 -0.038469687675
0.000000000000 3906936000 0.999981539396 -0.004108804111 -0.004476449111 -92.795803549705 0.003939718026 0.999302010584 -0.037147951016 0.470832787654 0.004625958250 0.037129629295 0.999299750395 -0.246270743278 -0.000000000000 0.000000000000 -0.000000000000 1.000000000000 -27.728630632215 0.053209540687 0.001332771117 -0.018518088407 -0.003466175397 -0.025378636303
0.000000000000 3998815000 0.999986493688 -0.001790129348 -0.004879331757 -95.342053205659 0.001616116830 0.999370614363 -0.035436750894 0.694624211725 0.004939697144 0.035428386704 0.999360009610 -0.277097091599 -0.000000000000 0.000000000000 -0.000000000000 1.000000000000 -27.728630632215 0.053209540687 0.001332771117 -0.018518088407 -0.003466175397 -0.025378636303
0.000000000000 4008347000 0.999972615413 -0.004860662055 -0.005580536497 -95.387065971346 0.004648639208 0.999289660864 -0.037397377495 0.394904843443 0.005758348438 0.037370411482 0.999284891194 -0.346827272885 -0.000000000000 0.000000000000 -0.000000000000 1.000000000000 -28.578333856523 0.410128362743 0.185307094668 -0.044297950570 0.007209074592 -0.039412039926
0.000000000000 4098778000 0.999986408867 -0.001275765170 -0.005055146385 -97.969565513138 0.001106352887 0.999442285198 -0.033375058669 0.775329640084 0.005094905792 0.033369012288 0.999430113091 -0.269383124990 -0.000000000000 0.000000000000 -0.000000000000 1.000000000000 -28.578333856523 0.410128362743 0.185307094668 -0.044297950570 0.007209074592 -0.039412039926
0.000000000000 4106942000 0.999973294882 -0.004202328527 -0.005979126893 -98.027318226472 0.003989261765 0.999371921512 -0.035211479434 0.466593726318 0.006123341737 0.035186686805 0.999361997355 -0.389058906329 -0.000000000000 0.000000000000 -0.000000000000 1.000000000000 -28.113777019444 0.855567604354 0.498245679977 -0.041372901567 0.020964214569 -0.035805594415
0.000000000000 4198842000 0.999990973034 -0.000849499444 -0.004163195969 -100.609297647526 0.000718384320 0.999506804103 -0.031394784212 0.870996368514 0.004187812549 0.031391510038 0.999498391856 -0.154462208600 -0.000000000000 0.000000000000 -0.000000000000 1.000000000000 -28.113777019444 0.855567604354 0.498245679977 -0.041372901567 0.020964214569 -0.035805594415
0.000000000000 4206945000 0.999981441115 -0.003277416488 -0.005135753699 -100.618675413113 0.003115963144 0.999510303831 -0.031135884588 0.591104231227 0.005235284002 0.031119303921 0.999501966344 -0.257506331794 -0.000000000000 0.000000000000 -0.000000000000 1.000000000000 -28.677366901757 0.810212679754 0.183224814502 0.002743667367 0.019718729062 -0.027945695796
0.000000000000 4298628000 0.999993971968 -0.000660042421 -0.003408866736 -103.246238648855 0.000552762843 0.999507487947 -0.031376360383 0.926591868555 0.003427897557 0.031374286950 0.999501827731 -0.056236345279 -0.000000000000 0.000000000000 -0.000000000000 1.000000000000 -28.677366901757 0.810212679754 0.183224814502 0.002743667367 0.019718729062 -0.027945695796
0.000000000000 4306935000 0.999990152718 -0.002580567968 -0.003610420564 -103.271739841703 0.002465561005 0.999500586688 -0.031503939730 0.696179509459 0.003689915530 0.031494727789 0.999497106872 -0.092581036131 -0.000000000000 0.000000000000 -0.000000000000 1.000000000000 -28.553181023663 0.328886800028 0.232210670783 0.026992491372 0.020549349846 -0.022181516509
0.000000000000 4398454000 0.999998264887 -0.000490073509 -0.001797234484 -105.883207435352 0.000428743946 0.999422847946 -0.033967442961 0.938532593584 0.001812843750 0.033966613470 0.999421323950 0.127363140647 -0.000000000000 0.000000000000 -0.000000000000 1.000000000000 -28.553181023663 0.328886800028 0.232210670783 0.026992491372 0.020549349846 -0.022181516509
0.000000000000 4406939000 0.999992041401 -0.002930579517 -0.002707182534 -105.905887349362 0.002835346423 0.999399427585 -0.034536139826 0.662093771572 0.002806767579 0.034528189167 0.999399782974 0.012581354597 -0.000000000000 0.000000000000 -0.000000000000 1.000000000000 -28.179564133025 0.604049989729 0.323212666633 0.034941356721 0.030156130106 -0.023881140403
0.000000000000 4498556000 0.999999792143 -0.000644264923 -0.000025226679 -108.485371593033 0.000642854271 0.999287676879 -0.037732288230 0.951407781031 0.000049518300 0.037732264170 0.999287883339 0.340937455270 -0.000000000000 0.000000000000 -0.000000000000 1.000000000000 -28.179564133025 0.604049989729 0.323212666633 0.034941356721 0.030156130106 -0.023881140403
0.000000000000 4506937000 0.999997992799 -0.001942579940 -0.000490693760 -108.523256421035 0.001922622717 0.999282069787 -0.037837131552 0.783750546358 0.000563843129 0.037836112186 0.999283798876 0.263190996856 -0.000000000000 0.000000000000 -0.000000000000 1.000000000000 -28.186109007139 0.641073010632 0.069028827552 0.045023096407 0.038561088823 -0.016992633137
0.000000000000 4598478000 0.999995545941 -0.000247453047 0.002974368070 -111.100431439000 0.000372033105 0.999119337327 -0.041957256465 1.011350572442 -0.002961366204 0.041958176149 0.999114979251 0.660838168747 -0.000000000000 0.000000000000 -0.000000000000 1.000000000000 -28.186109007139 0.641073010632 0.069028827552 0.045023096407 0.038561088823 -0.016992633137
0.000000000000 4608335000 0.999997230359 -0.001528269106 0.001789879060 -111.128129603774 0.001602001774 0.999118668156 -0.041944255063 0.855451539075 -0.001724199474 0.041947006282 0.999118349246 0.540918661838 -0.000000000000 0.000000000000 -0.000000000000 1.000000000000 -28.610213587884 0.835768467183 0.497093656682 0.027213267646 -0.033004524138 -0.028916792866
0.000000000000 4698838000 0.999998687139 0.000957382178 -0.001307340603 -113.715911660220 -0.001014491728 0.999013075225 -0.044405476428 1.224328310403 0.001263537344 0.044406744416 0.999012734916 0.252660204840 -0.000000000000 -0.000000000000 -0.000000000000 1.000000000000 -28.610213587884 0.835768467183 0.497093656682 0.027213267646 -0.033004524138 -0.028916792866
0.000000000000 4708351000 0.999997085383 -0.000025734032 -0.002414241623 -113.758304128341 -0.000079506274 0.999049883595 -0.043581231823 1.070629777081 0.002413069334 0.043581296748 0.999046969702 0.113799880028 -0.000000000000 0.000000000000 -0.000000000000 1.000000000000 -28.574157907783 0.523609287929 -0.019334365412 -0.025057195395 -0.014601405476 -0.030802153671
0.000000000000 4799045000 0.999988896517 0.002709093248 -0.003855860117 -116.346340887319 -0.002866057037 0.999142597525 -0.041302003932 1.439604635981 0.003740663113 0.041312596451 0.999139267977 -0.043163303161 -0.000000000000 -0.000000000000 -0.000000000000 1.000000000000 -28.574157907783 0.523609287929 -0.019334365412 -0.025057195395 -0.014601405476 -0.030802153671
0.000000000000 4808355000 0.999990755599 0.002666232760 -0.003373413639 -116.351415482465 -0.002798866248 0.999198020837 -0.039943478864 1.402742810639 0.003264209620 0.039952551344 0.999196246278 0.032259911712 -0.000000000000 -0.000000000000 -0.000000000000 1.000000000000 -28.928056442231 0.213728576029 -0.100423797370 0.001706328563 0.016394552910 -0.010632505644
0.000000000000 4899176000 0.999991337860 0.003690704387 -0.001924293407 -118.977089218821 -0.003764898928 0.999188748474 -0.040095766103 1.535758524520 0.001774750701 0.040102663558 0.999193988490 0.198564814249 -0.000000000000 -0.000000000000 -0.000000000000 1.000000000000 -28.928056442231 0.213728576029 -0.100423797370 0.001706328563 0.016394552910 -0.010632505644
0.000000000000 4908367000 0.999992387097 0.003131910357 -0.002327420188 -119.013074069840 -0.003222057436 0.999202669779 -0.039795012908 1.456678544414 0.002200930053 0.039802209034 0.999205154141 0.142860949958 -0.000000000000 -0.000000000000 -0.000000000000 1.000000000000 -28.807443339023 0.300246296403 0.208638066973 0.015394989296 0.028480764522 -0.017249304635
0.000000000000 4999167000 0.999988453723 0.004801576469 0.000193093075 -121.625546410973 -0.004789548177 0.999139849620 -0.041190061042 1.671958784518 -0.000390704214 0.041188660621 0.999151310656 0.475144460096 -0.000000000000 0.000000000000 -0.000000000000 1.000000000000 -28.807443339023 0.300246296403 0.208638066973 0.015394989296 0.028480764522 -0.017249304635
0.000000000000 5008360000 0.999991624325 0.004080188937 0.000321461605 -121.690783464849 -0.004063014313 0.999103096501 -0.042148481298 1.579098674601 -0.000493147052 0.042146822173 0.999111306205 0.495129544516 -0.000000000000 0.000000000000 -0.000000000000 1.000000000000 -28.476354082084 0.470950841226 0.641825584503 0.011542099634 0.031662551849 -0.016939191239
0.000000000000 5099222000 0.999978623696 0.005740630766 0.003130065248 -124.273563662539 -0.005600086027 0.999050795952 -0.043198913683 1.810439084159 -0.003375083191 0.043180461616 0.999061587965 0.909032780616 -0.000000000000 0.000000000000 -0.000000000000 1.000000000000 -28.476354082084 0.470950841226 0.641825584503 0.011542099634 0.031662551849 -0.016939191239
0.000000000000 5103558000 0.999987733571 0.004463670567 0.002146707511 -124.232083508435 -0.004364008067 0.999005102600 -0.044381982978 1.665983697340 -0.002342678308 0.044372070320 0.999012327869 0.756404594959 -0.000000000000 0.000000000000 -0.000000000000 1.000000000000 -27.440827166650 -0.016376831337 0.225735525878 0.001588164043 0.016841928887 -0.012170539960
0.000000000000 5199029000 0.999976927935 0.005695910960 0.003701377661 -126.848488874827 -0.005525451875 0.998992461417 -0.044536854559 1.810159052901 -0.003951326338 0.044515375217 0.999000885079 0.980079008644 -0.000000000000 0.000000000000 -0.000000000000 1.000000000000 -27.440827166650 -0.016376831337 0.225735525878 0.001588164043 0.016841928887 -0.012170539960
0.000000000000 5206938000 0.999984610496 0.004826281885 0.002736014416 -126.894775902687 -0.004698919545 0.998985499421 -0.044787186791 1.691480861432 -0.002949394316 0.044773641227 0.998992803840 0.839542159432 -0.000000000000 0.000000000000 -0.000000000000 1.000000000000 -28.877901825908 0.071098077025 0.359719801878 0.010923626855 0.005140296453 -0.022936964996
0.000000000000 5299114000 0.999970933155 0.006959775133 0.003113579168 -129.552348259482 -0.006809908847 0.998927452491 -0.045799233633 1.968237339044 -0.003428992074 0.045776699204 0.998945812256 0.935295988560 -0.000000000000 0.000000000000 -0.000000000000 1.000000000000 -28.877901825908 0.071098077025 0.359719801878 0.010923626855 0.005140296453 -0.022936964996
0.000000000000 5306936000 0.999983965421 0.005300385921 0.001993692305 -129.570639138108 -0.005202037024 0.998906399170 -0.046464443479 1.741665976486 -0.002237791484 0.046453327180 0.998917954931 0.765809292333 -0.000000000000 0.000000000000 -0.000000000000 1.000000000000 -28.461243890636 0.137622673244 0.364279829999 -0.008786184605 -0.009309652565 -0.020759071700
0.000000000000 5399192000 0.999973718454 0.007173918713 0.001047516966 -132.193402842430 -0.007118615345 0.998931782239 -0.045657636259 2.005610240048 -0.001373942161 0.045648979435 0.998956597135 0.685486820500 -0.000000000000 0.000000000000 -0.000000000000 1.000000000000 -28.461243890636 0.137622673244 0.364279829999 -0.008786184605 -0.009309652565 -0.020759071700
