1.000000039978027555 -3.858921975592287847e-10 7.909684333061825356e-10 6.893855816064720088e-10 -3.858921975592287847e-10 0.9999999352479277404 -2.439174453917419472e-10 -3.575088773632995043e-09 7.909684333061825356e-10 -2.439174453917419472e-10 0.9999999059029300863 -2.749857064276994834e-08
0.9999907942163424046 -0.003948423317291152937 -0.001703346782277250036 0.001214493534144754552 0.003947783259962736949 0.9999920710844050209 -0.0003785106040617760561 -0.001331032430101164324 0.001704829487892392439 0.0003717821691853571563 0.9999983835703004642 0.004102980586177092971
0.9999816658851155005 -0.0005078565655801376257 -0.006040688479776815285 -0.03704741104429052495 0.0004898161330855569122 0.999995352811274385 -0.002987462587298906746 -0.007183546864148571999 0.006042179581923573517 0.002984448378270334983 0.9999771982164846751 0.8111808954751316136
0.9999383671167205723 -0.0006569809000848365671 -0.01108649027159633142 -0.03901100957043039663 0.0006082400537081432022 0.9999900739732739963 -0.004399147186189872501 -0.01964502165866082589 0.01108927268051744346 0.004392132138423732526 0.9999287719857747891 1.769817465314718063
0.9998565281137893335 -0.0004685501775793275226 -0.01693468452983916059 -0.02504094962741736791 0.000377546689509454178 0.9999854102562985014 -0.005376544465925873865 -0.02428523691870309101 0.01693695931423398401 0.005369378739511442705 0.9998420480507986818 2.688480511736069722
0.9997745644448476909 -0.0008780020806575940077 -0.0212162500032297037 -0.05388675758320649739 0.0007773827172310872032 0.9999883503121941297 -0.004750306619538608062 -0.03674014963241303139 0.02122017657324238443 0.004732741899588442311 0.9997635306203099814 3.43530102891777922
0.999688381230931733 0.0007765457105469805331 -0.0249522993149757337 -0.08059625361363878526 -0.0009372772299004206728 0.9999788203065611558 -0.006430470301668848518 -0.06035552669521606489 0.02494678047331833418 0.006451852913716832338 0.9996678666760813181 4.211933215476567405
0.9995409072798120409 0.003603768384954973529 -0.03008433663438155048 -0.1142874138639112525 -0.003807086008655758292 0.9999702181471926687 -0.006703686827867339285 -0.07363236419176075187 0.03005928565834073071 0.006815142102209805451 0.9995247896657001307 5.017512187192687101
0.9994221574864312618 0.004257583370716868341 -0.03372393592316618588 -0.1479430840258113555 -0.004444002569143462242 0.9999751832078807023 -0.005454751388910849576 -0.08269366485951853973 0.03369987870653148865 0.0056014679382825356 0.9994162064633337339 5.804202876315770254
0.9992354403935330698 0.004059581882345959791 -0.03888616905214142133 -0.1763944483099697258 -0.004178685412795794633 0.9999867580905974496 -0.002982068712257828717 -0.09469963876318118756 0.03887355227057758683 0.003142281185296090344 0.9992391030536228458 6.62466677546102467
0.9991361706924045682 0.002753863083014056624 -0.04146574862900001546 -0.2116128133398287592 -0.002770636114726382406 0.9999960368171713077 -0.0003470222465119907778 -0.1131680610615806715 0.04146463290689512277 0.0004616084592997346547 0.9991397716221777081 7.414961951982247612
0.9989538721626064488 0.003923230761619673351 -0.04556148760646124007 -0.2416849154660157539 -0.003958840272863210254 0.9999918600285234715 -0.0006913474320073326098 -0.1264860083604244789 0.04555840895265809293 0.0008709943093637259777 0.9989612028994565573 8.241204765061482362
0.9989081129889580968 0.004239237661712039196 -0.04652623191423278098 -0.3034619869499369793 -0.004277778642663859938 0.999990519923598109 -0.0007288170130690419272 -0.1216261948137785653 0.04652270580681285017 0.000927049609215709774 0.9989167085360758369 9.076427153604271325
0.998821595183696842 0.0007897566357625894571 -0.04852707329054721519 -0.3616100699531057949 -0.0008657869407474282075 0.9999983657895565869 -0.001545745283572163209 -0.143945948328136647 0.0485257779463180508 0.001585937307162311799 0.9988205774187177699 9.919602923418873175
0.9987370535086971257 0.0006116410357452910663 -0.05023946040503255578 -0.3883804301238708567 -0.0006280530184864842064 0.9999996897015522856 -0.0003108741542240551765 -0.1539124868290568382 0.05023925950547258185 0.0003420340614524394491 0.9987370585096526643 10.75092420443619012
0.998709415742645934 -0.0003682174498090881988 -0.05078825507073338186 -0.4483040005621849455 0.0003168755952232807566 0.9999993659301714688 -0.001018933365642230547 -0.1582071629053878326 0.05078860292457685471 0.001001524240276356918 0.998708829936744924 11.58227877265912831
0.9985613408067489649 0.0007320085124845298859 -0.05361708958052319868 -0.4956026864920737851 -0.000886979114950029509 0.9999954332667730927 -0.002866567884466292293 -0.173768407111664136 0.0536147514239030884 0.002910000484960007308 0.9985573606967240723 12.45322416239497976
0.9984556743483968821 0.002688250753715567924 -0.05548981097638769344 -0.5540197761570248014 -0.002997362147442013836 0.9999803832969647033 -0.00548810917761809354 -0.191746097422660744 0.05547397420570286675 0.005645956076380144982 0.9984440763857725942 13.35896606756615768
0.9983431743946934445 0.006531749145638918348 -0.05716923832686971602 -0.612298221793030617 -0.006951337219842136823 0.9999502579430989968 -0.007143602644080043404 -0.2061438756897936431 0.05711973966762063509 0.00752916878922217734 0.9983388499346461664 14.23701341608100179
0.9982952111763454539 0.007811623822157669379 -0.05784227934287283768 -0.6722021230945069981 -0.008235881553209957462 0.9999408139001539908 -0.00709996219250110059 -0.2262758653438821099 0.05778339897008173687 0.007564239611813792716 0.9983003923794714352 15.09952498191973902
0.9981746953754265794 0.006411144885453751684 -0.06005209490183422566 -0.7235149183526489169 -0.006759692361942568235 0.9999613925574776241 -0.005602719109107015018 -0.2461595856980158259 0.06001386206448000582 0.005998425381959003426 0.9981794265734128535 16.00355291380490286
0.9981272615743587151 0.006713330784401228858 -0.06080279801568344578 -0.7574228118062914517 -0.006965915503284652276 0.9999678986084449273 -0.003943130943845240231 -0.2596813537613428258 0.06077438013317424531 0.004359292964557752101 0.9981419156009576632 16.88889920990121851
0.9980538814844518436 0.006662670364438817543 -0.06200111136598563527 -0.832890952791142114 -0.006901827597596490657 0.9999694780853293219 -0.003643923869944881624 -0.2745921225492668483 0.06197494630176799552 0.004064752675236686479 0.9980693343819265761 17.78712776898877834
0.9979835576408776499 0.006657259741254032553 -0.06312352084443681455 -0.912187754280627261 -0.006973041757235627636 0.9999641814998524447 -0.004783608891835656497 -0.2887399104772715996 0.06308941979131733879 0.005214125252081241307 0.997994163532725187 18.72330045865039239
0.997977838703049569 0.00438215495412243132 -0.06341221875247617101 -0.9773566746832244023 -0.004689501428187663711 0.9999779000980310029 -0.004698765300443595062 -0.3104606296628762419 0.06339023231362356237 0.004986634621826465524 0.9979762644297377472 19.65347369870620398
0.997915536640545886 0.004551442084386432031 -0.06437348366886672113 -1.04080746837789051 -0.004781436070397953979 0.9999826586189624056 -0.003419186124064948259 -0.3303532634877852647 0.06435681086174876997 0.003719855995391071861 0.9979199246574178561 20.57510198879738894
0.9979302683688847653 0.006679723839011594833 -0.06395811175813881366 -1.098307169345319467 -0.006722780897619549251 0.999977232216630596 -0.0004580080489439299464 -0.3371452088906681244 0.06395360192752845563 0.000887035924985518187 0.9979523848473526026 21.51240217870380533
0.9979825423561464737 0.007444297630044963143 -0.0630516208938895345 -1.188519344131226729 -0.00723848973461588361 0.9999676400743973126 0.003491930015679663591 -0.3483517161417681862 0.06307558118043947448 -0.003028487068905852658 0.9980040640025406029 22.4357403005871987
0.9980729221762889569 0.00732538124136318438 -0.06161866719438846562 -1.232038843134492856 -0.006935089650921487034 0.9999544648049675244 0.00654548316560841538 -0.3664340473223741124 0.0616638151117571004 -0.006105538790260233752 0.9980782077168808275 23.35275688626508739
0.9981097467124170342 0.006450489792801482672 -0.06111795193479042237 -1.290485707327068132 -0.005994758554258276632 0.9999528034394503662 0.007637032290122656129 -0.3689121070905812538 0.0611643355202256267 -0.007256209215321111211 0.9981012393027282048 24.32530207333876859
0.9982682290915196877 0.00629616395444398784 -0.05848914858449743431 -1.349270940864079504 -0.006029604791571536657 0.9999705570836947555 0.004732793370918381842 -0.3838068300430689805 0.05851723030789043878 -0.004371931136710265411 0.9982767313403159148 25.29114224316032278
0.9982625683571479946 0.007492715729602411959 -0.05844470226065587998 -1.417389735463104872 -0.007480564165048260959 0.9999718643946695629 0.0004267154742000102419 -0.4055526468258625616 0.05844626050687218299 1.122475564804214468e-05 0.9982904621716701676 26.23372876126288489
0.9983351856673163827 0.006300740748788228457 -0.05733443241679957864 -1.481413337128444141 -0.006486993523973989123 0.9999742034542515867 -0.003062980179241183831 -0.4126204923821530923 0.05731365963321478213 0.003429808336050133803 0.9983502357236924141 27.15815224193963928
0.9984320177718019051 0.006227200814912509444 -0.05563099228578901462 -1.550845411883376546 -0.00635168485682150244 0.9999776389306758162 -0.002061126875981459175 -0.423300924821609692 0.05561691844775164956 0.002411244996556809184 0.9984491757657355526 28.09899695996929125
0.9984432973563293068 0.003991284704461726257 -0.05563390206696968571 -1.612472206134706765 -0.00382250084912701257 0.9999876998454665378 0.003139927313075947801 -0.4338944093823499104 0.05564575528994934045 -0.002922379130973785325 0.9984462038232918557 29.06471195839027644
0.9983896627507581334 -0.001477244572001883962 -0.05670959792731859045 -1.658466979555206722 0.001835387363679623048 0.999978632906882825 0.006263830578329691173 -0.4449457247533612492 0.05669913825110428629 -0.0063578280343687954 0.9983709721718021513 30.06953539729137148
0.99837469715214755 -0.009458880956839509774 -0.05620118414116417882 -1.682800647610981581 0.009793467356355412337 0.9999358406389965426 0.005680941597950213764 -0.4596807976457694123 0.05614384817363529678 -0.006222113077496750806 0.9984032080991668279 31.03160663800221286
0.9981311586888597098 -0.01325173654442359655 -0.0596545128985090517 -1.732259388253257759 0.01345256653950262574 0.9999050458128003749 0.002966195271872427378 -0.4666599311598083055 0.05960954665150076243 -0.00376315859817743549 0.9982145826244960274 32.03834484634592883
0.9980641982801230494 -0.01045661978143258564 -0.0613073777437803738 -1.789300768422087629 0.01038344704304743592 0.9999448826662271639 -0.001512004270124034638 -0.4863478867372201808 0.06131981464497160417 0.0008724948653301328782 0.9981176942079533765 33.02410238353331096
0.9979510293611880689 -0.007773285576566397494 -0.06350904142502086791 -1.855965835318862833 0.007586748846368296557 0.9999661061245109783 -0.003177788755334186224 -0.4994152378233233103 0.06353159640660503704 0.002689449787196246996 0.9979761097160454453 34.03277511160447233
0.9978584693183266685 -0.01062632259043764203 -0.06454173664830940849 -1.927136989793900579 0.01057555426282537694 0.999943376075201118 -0.001128182285106401955 -0.5145381977672747187 0.06455007622636320386 0.0004432010716419968605 0.9979142767283025739 35.07072266813084838
0.9977990809939595307 -0.007544454779614895995 -0.06587984850814364302 -2.02278417278210032 0.007675012620151125918 0.9999689873094341763 0.001728900176548003875 -0.5309890745369402199 0.06586476762993219436 -0.002230724105504817891 0.9978259711732512249 36.07245149785671146
0.9978323247049259992 -0.007081337172236818606 -0.06542618525218052428 -2.0833277410391986 0.007308951960244516877 0.999967974689127459 0.003240264083279446351 -0.5439677856195462846 0.06540115036879057264 -0.003711437457593017453 0.997852056793703146 37.05607047097186069
0.9977101289939596107 -0.006836239601092458824 -0.06728925303419690251 -2.139066809930067148 0.007235763168633260224 0.9999575369403398417 0.00569548414707976916 -0.5587465354707785714 0.0672474659657056606 -0.006169331593803284441 0.9977171594152530743 38.0305349250181024
0.9977216178293163429 -0.004124494132793098816 -0.06733974389057879872 -2.224912937946707636 0.004692623620624141421 0.9999546382441055759 0.008280774493318987517 -0.566599716237651263 0.06730254117419831594 -0.008577907970709508501 0.9976956449601871446 39.05124573841685276
0.9976268305061808395 -0.001820040760114262314 -0.0688293085761484541 -2.30086089117920789 0.002572272331900346196 0.9999378515867060058 0.01084190320406518311 -0.5698368462963933068 0.06880530427512172864 -0.0109932213319312664 0.9975694420675782492 40.0602693043874325
0.997681308223523744 -0.0008922866148503343304 -0.06805358384595371068 -2.355184257831215877 0.001623579055492516392 0.9999414636771447595 0.01069129068917380222 -0.5823397218927990338 0.06804006653154255624 -0.01077699133811663157 0.9976242871678910884 41.10004663174104422
0.9976957226971493453 0.001037751800284180672 -0.06783986449039566824 -2.431483534374096145 -0.0004425441496491297412 0.9999612206475508858 0.008788165075692813688 -0.5948109920596615918 0.0678463596134425001 -0.008737892734522904881 0.9976574227934282835 42.09428183239912613
0.9976900340482285356 0.0002095046021988503885 -0.06793107756132069075 -2.513435934755727796 0.0002493577134704000201 0.9999771477319923108 0.006746282351756423615 -0.6077273670347880241 0.06793094453880754724 -0.006747638050948493067 0.9976671131652873337 43.10812413060442339
0.9976283714831267746 0.003332288758155798648 -0.06875032708122527647 -2.597315708690259406 -0.002901367816373074792 0.9999754577608136463 0.006366823030447979828 -0.6147880764397329889 0.06876986192130955799 -0.006152253570222404773 0.9976134864867468588 44.08757347324802822
0.9975673142097877255 3.31641907384256401e-05 -0.06971034152038180221 -2.676491223779153383 0.0005198629575273752646 0.9999684754658922925 0.007915068333135337822 -0.627389198700285311 0.06970841252594059401 -0.007932053480177827728 0.9975357799719324348 45.08996353247550815
0.9975129957396391411 -0.001998690362929199729 -0.07045500512921513969 -2.751039202744046896 0.002624324737099116914 0.9999578721362335498 0.008788478849518445782 -0.6295986632799448479 0.07043447770394203888 -0.008951518836096655773 0.9974761487125660686 46.07857964705157627
0.9974709397424480484 -0.0003950832309434852132 -0.07107494245820564216 -2.813225529658526458 0.0008225302029354652263 0.9999816874371006969 0.005984874756138659768 -0.6532538968348493569 0.07107128255225604596 -0.006028200208042261421 0.9974529293145630859 47.04792054100110477
0.9973584221719572485 0.003559622092164369585 -0.07255057508495274532 -2.892839660692777759 -0.003429603711404907024 0.9999922174262669827 0.001916612627889876424 -0.6616360492370083612 0.07255683914885044383 -0.001662730470791857389 0.9973627991093696465 48.03166009446651685
0.9973876333724582821 0.003445542136349973202 -0.07215342109353714561 -2.98733368524833276 -0.003447668385252514005 0.9999939875025403158 9.508518571885194728e-05 -0.6845495008242465929 0.0721533211419574938 0.000153923761969741599 0.9973934465261440341 49.01915422982097681
0.9973399225408592361 0.004076299659476073818 -0.07277734409584721287 -3.050024594147398016 -0.00386511986590352399 0.999987837705919369 0.003042332541763436218 -0.6933826708108696835 0.07278886670845653717 -0.002752946945084382754 0.9973434788472838042 49.9767457580825365
0.9974095783715724028 -3.439239666413330113e-05 -0.07193198828516315924 -3.091082117712066424 0.0005099973605137793006 0.9999780676769938204 0.006593523995864463381 -0.7044590920006205126 0.0719301901203469457 -0.006613129363456997714 0.9973876512606320022 50.95948592556425893
0.9972938717897485983 -0.0008274966022884130924 -0.0735141323557061549 -3.169769531195601786 0.001396028393781545461 0.9999694491432230548 0.007682602062202958243 -0.7210101568054546606 0.07350553544879839807 -0.007764439977920071893 0.9972644896828773975 51.93058241694812693
0.9973173724130963702 -0.004951894685509401067 -0.07303161335242303043 -3.250313610131795539 0.005426250907449936892 0.9999653785818481966 0.006298248115434776535 -0.7361943611233404683 0.07299790293873373304 -0.006677640371814769389 0.9973096449578872091 52.90371576885169702
0.9972638555392512316 -0.007385101004403374185 -0.0735550258818051389 -3.329378240746038387 0.007805511695451784054 0.9999547299361631891 0.005429784363743766877 -0.7542118003742265264 0.07351160287318364572 -0.005989062586051104205 0.9972762846989998708 53.83521910817167111
0.9971565389289123171 -0.007124611348757789453 -0.07502103616631773664 -3.39455101065336029 0.007601003076643169515 0.9999526452266486176 0.006066510408392685773 -0.756828832902748494 0.07497426846613419738 -0.006619495905986647229 0.9971634038735074368 54.8077126847002063
0.9970920190691974216 -0.009930760492373192846 -0.07555769036271996197 -3.474846214406459577 0.01078513127146536049 0.9998822775371167815 0.01090791005363119653 -0.7799147236784439441 0.07544047814724225143 -0.01169108972500550528 0.9970816743759036704 55.76939251881711357
0.9969851543756153012 -0.01262816139812719153 -0.07655854319634010363 -3.550543210869387067 0.01382766822993969358 0.9997894278840930848 0.01515803331343585497 -0.7917421976308794962 0.0763510105346413559 -0.0161709601985212878 0.996949766016803407 56.72481273057071149
0.9969807947277248283 -0.008873962810393723477 -0.07714030569633342771 -3.617711432614199474 0.01025604548280724046 0.999793515677845579 0.0175388147049173361 -0.7801080250102441216 0.07696874520867791336 -0.01827701569993178676 0.9968658764846028975 57.67680657899323649
0.9968578671284784587 -0.01091439570995930003 -0.07845602407021674829 -3.703533492026558793 0.0121037838548686532 0.999818617002563359 0.01470040816130012071 -0.7927808866513564867 0.07828135405851012474 -0.01560383218509303616 0.9968090904453568157 58.61731624338983693
0.9967638653247857805 -0.008224552970229065049 -0.07996394489277419693 -3.797270714179053375 0.008768020566588445933 0.9999407082175448824 0.006447662957020623177 -0.7954991938315512101 0.07990618129395561653 -0.007127923204171231555 0.9967768093686503184 59.54147640044214285
0.9967316218331010447 -0.005834490375678499062 -0.08057364159131788495 -3.865568674288186291 0.005953887802341016264 0.9999814398064147403 0.001241675104356832881 -0.8191479568083783747 0.08056490838022042911 -0.001717343716501516619 0.9967477911048608918 60.44515768253383925
0.9966850227671225637 -0.002153082673350677906 -0.08132901431091997535 -3.948023759288252776 0.002340392081540445136 0.9999947591988468387 0.002207857142119835567 -0.8297010477831846531 0.08132384122570159024 -0.002390880351580632404 0.9966847693035787437 61.35972407482614699
0.9966067961511909656 0.002156936365334371618 -0.08228195675430167999 -4.037119294293193938 -0.001822967020274773821 0.9999897296067175034 0.004133759476759034032 -0.839332346080423064 0.08229003484937749691 -0.003969735853015707826 0.99660042354391154 62.27968719357676974
0.9965224685916510561 0.002795163509078330086 -0.08327806160710339578 -4.118186318569607707 -0.002301912900207998131 0.9999791752286194546 0.006018371894451857856 -0.8551414972696386174 0.08329315666664341422 -0.005805744257651288161 0.996508081381008326 63.17426963586041211
0.996394134648841967 0.005124746183492629413 -0.08469087476443534768 -4.169157884019054627 -0.004654610170878581248 0.999972583951749816 0.005747734068572598123 -0.8696028708757668202 0.08471801561864818197 -0.00533280580877923318 0.9963906020819844889 64.03514315996396533
0.9963265564973624588 0.007334948677613993551 -0.08532098323737620504 -4.264987029013060926 -0.006809037628398943547 0.999955930246161917 0.006453299438153933289 -0.8782471608196201762 0.08536456489040850082 -0.005848640102159340451 0.9963325235039220962 64.87864891137085976
0.9961543662376316499 0.006523331771937289532 -0.08737278497302185254 -4.362094980974160485 -0.005954929817476247583 0.999959324192476573 0.006764559916004351213 -0.8951672416500964236 0.08741336572296128093 -0.006218247360397723481 0.9961526237808264739 65.73563632761339193
0.9960741046160940249 0.005842142704145872507 -0.08833077744948769627 -4.432315707531925497 -0.005194567153213435623 0.9999578706464465894 0.007559358543101279623 -0.9063706751145680363 0.08837122628422817983 -0.007070841370801462904 0.9960624190104192532 66.56304161307583911
0.9958683702594205434 0.006470600680216119505 -0.09057813835559179461 -4.49102596709909907 -0.005703383249899478084 0.9999455934958777492 0.008726509312376376851 -0.9061438744394896272 0.09062968352121884841 -0.008173852959755954078 0.995851023822861614 67.36741998325084069
0.9957639834123166445 0.007794237427217810474 -0.09161559843253612445 -4.590213400919797238 -0.006817177044870330327 0.9999164925669848936 0.0109728978242381401 -0.9172911925107080089 0.0916934807381866307 -0.01030185679659825423 0.9957338953872523213 68.17516929567533168
0.9957215339622570438 0.009992219388094780372 -0.0918632734980493193 -4.662476879347901004 -0.008661465750250963921 0.9998518026553998572 0.01487354141603073124 -0.9194429453465386981 0.09199828683347814617 -0.0140142348311887207 0.9956604489186606788 68.97966419811575634
0.9954535004538326293 0.01301682155514009322 -0.09435554767723329517 -4.73958267317422699 -0.01145358649854730064 0.9997882831211729604 0.01709019576124778256 -0.9348127848195834089 0.09455803875021198679 -0.01593178564296757888 0.9953917664336222604 69.75289610923627492
0.9953298953712998998 0.01629361031013332531 -0.09514723430618440836 -4.831637373616342934 -0.01501056636849591036 0.9997866457486977998 0.01418507658577391507 -0.9624299117837471496 0.09535806810711901227 -0.01269061692183641801 0.9953620448239071106 70.48441298113512232
0.9951127443178912069 0.01784485827826479132 -0.09711985184025070938 -4.902533204315744797 -0.01727353802316822576 0.9998281516018625581 0.006720318758517921515 -0.9691469854296012043 0.09722309296097243758 -0.005009871698665269678 0.9952499106307275412 71.22834100624071141
0.9950125889347553043 0.01710816254433534384 -0.09827175127830502233 -4.991702753170569551 -0.01708344464965499965 0.9998534051195747674 0.001093036459966536785 -0.9881748948755523232 0.09827605292978087992 0.0005912344511094923694 0.9951589225433040697 71.92946745767781636
0.9949703512610493794 0.01732649288038211333 -0.09866038317235349686 -5.072836035752430917 -0.01749075053265277888 0.99984664023986769 -0.0008001178931786156329 -0.9849281892721836185 0.09863139736665571533 0.002521737118971890956 0.9951207472259904208 72.64175615335558689
0.9949058650914870405 0.01736453632166931951 -0.09930191800006846203 -5.131489442571412596 -0.01720231801023263882 0.9998488647884956615 0.00248965356888381905 -0.9983018849183945553 0.09933014967383511917 -0.0007687482457198178444 0.9950541410784803364 73.3190761402574509
0.994730134137134292 0.01963365066143002088 -0.1006308023754552555 -5.228465957251411389 -0.01924348409092134851 0.999803015501505743 0.004846551395459269655 -1.010242303089850191 0.1007061432648097832 -0.002884523869699354582 0.9949119385939457771 73.9790822019229779
0.9946951292728819505 0.01683381799846142904 -0.1014805436833002977 -5.291995192864764164 -0.01672768707181695319 0.9998582185984536963 0.00189676655028036753 -1.029049137045501272 0.101498093602501227 -0.0001891701751498523106 0.9948356218776230886 74.63254590867465765
0.9947619495303305914 0.01032977775064649294 -0.1016958103810478159 -5.339231139701279716 -0.01066814539118152681 0.9999391536112081091 -0.002783930028390291852 -1.048092572456907012 0.1016608733373210449 0.00385425268151702409 0.9948115524652576536 75.22392695462282575
0.9949293913860872696 0.004952005429054231155 -0.1004542793374290921 -5.380270996807584361 -0.005764642470142859049 0.9999528911897441752 -0.007800948938575446787 -1.071279334045271758 0.1004109247882527117 0.008340475529818119904 0.9949109990165693196 75.82185379107164636
0.9952195527094022109 0.007062929102402064167 -0.09740757392339974285 -5.443136278412087137 -0.007931891972045581121 0.9999320392661238399 -0.008536536155695892761 -1.0864390995150357 0.09734066895927642737 0.009268353159022345647 0.9952078702578229796 76.38847061297644814
0.9955256229234364929 0.01279327374769450784 -0.09362235233511728705 -5.504996338139961587 -0.01340889328867829119 0.9998923324804643853 -0.0059494163223131908 -1.0803138141811921 0.09353616736908873519 0.007178167722520560796 0.995589911773801739 76.95035075108047806
0.9959736856050862563 0.01127735065170410583 -0.08893434476338371586 -5.55625840627418377 -0.01157220048835768365 0.9999290536197394941 -0.002800432643699430398 -1.086180856016174978 0.08889646106583641572 0.003818322624453156146 0.9960334595916421341 77.51412617847529418
0.9964991594348647785 0.007460446593897674013 -0.08326971758147129477 -5.602158942906626748 -0.007376878779734388943 0.9999718660415333193 0.001311217536969964308 -1.104885133707258271 0.08327716411395837126 -0.0006923570463422969688 0.9965260896967150783 78.06583515021119979
0.9971664583070816157 0.001729456075688195604 -0.07520733000503215804 -5.63884272591857183 -0.001320623273675315202 0.9999840178673393698 0.005485476966717484255 -1.12995039438963607 0.07521562137318052454 -0.005370613388758319583 0.9971527362947348871 78.57672724459756353
0.9979228735435339281 0.004927397271458058316 -0.06423191192903736357 -5.653593915784196788 -0.004571195122525482067 0.9999732912101667592 0.005691356540093821074 -1.148100283427434087 0.06425824568978316664 -0.005385918563232404248 0.9979186751468097638 79.10256662969010222
0.9987018475763507208 0.01096641440650769281 -0.04974371244261757696 -5.678820579933190338 -0.01074078268024931948 0.9999307260896166394 0.004800950159975257876 -1.153564550799017763 0.0497929205185192944 -0.004260431717564485549 0.9987503822314889312 79.60574592352611489
0.9993719796265549959 0.01608608784154584581 -0.03157473433721350725 -5.708797837655538387 -0.01593107004617051042 0.9998597387171981321 0.005155039366442975071 -1.1456164381720777 0.0316532336768738376 -0.004648782893597408483 0.999488005735271523 80.1026235730139291
0.9998388681270765632 0.01542472228391298175 -0.009186708784449482829 -5.711383235968802374 -0.01537136875875919594 0.9998646733988068025 0.005850336746409248029 -1.163515261488417218 0.009275707586289995074 -0.005708182033251526545 0.9999405931066643882 80.58039910866345679
0.9998080744881999715 0.01045539848911032285 0.0165704181142675884 -5.673863347605166751 -0.01056299590733744166 0.9999235412887419461 0.00641912807880919839 -1.166778945236342846 -0.01650203610119734682 -0.006592929552658743399 0.9998420014707898318 81.03620255024875974
0.9988833967820059945 0.009015360577901409059 0.04637631542286708292 -5.61475160966461484 -0.009395176610688877814 0.9999239702202658009 0.007978404719679676668 -1.170758964055540474 -0.04630086265880063723 -0.00840520980777053825 0.9988920835561456713 81.52732263248759637
0.9968171806228519616 0.008004551632703145458 0.07931906953998621446 -5.557788481309156481 -0.008822375660019338151 0.9999113588709134248 0.009965469960912510389 -1.185910800883674066 -0.07923227303656865672 -0.01063353432352194365 0.9967993716830422235 81.96554052613650754
0.9931335834488661529 0.00767238993845677144 0.1167343058341928363 -5.484181902083645532 -0.008949469305552361018 0.9999055979116301396 0.01041982566420870428 -1.197344326660194636 -0.1166433468816154839 -0.01139298886735746336 0.9931084245378376529 82.40439257457144606
0.9873951910969190893 0.008240915016840662244 0.1580598012073154424 -5.397383849084394392 -0.01006002116060790257 0.9998919503080945237 0.01071233815663108491 -1.202829247148312852 -0.1579544520848629452 -0.01216739605687669132 0.9873713386830506034 82.83380263704040658
0.9791280693386056333 0.007639022207949297191 0.2031008220081162163 -5.279237312828279904 -0.009985575465603040504 0.9998946185374653073 0.01053141053646702158 -1.204021798267027599 -0.202998980855991773 -0.01233967815628895723 0.9791010995496587377 83.23942436407442358
0.9677453526034187625 0.009656391501633054819 0.2517454238786341336 -5.156652176308858415 -0.01213062787495791835 0.9998920888010186525 0.008278232596355723436 -1.213827792170955933 -0.2516383346291660716 -0.01106505111203078505 0.9677579930468808156 83.65134136837411916
0.9522222551341651409 0.009295395209806114889 0.3052645416024359348 -4.986678323163236115 -0.01158717574199970811 0.9999165753003640411 0.005696517615434672742 -1.215709607562283967 -0.305186141865961047 -0.008961504734312161768 0.9522504576444034141 84.04789357856743948
0.9329364832513459271 0.009692157315196509373 0.359910604742891882 -4.793058167436858419 -0.01182823440848418915 0.9999230107542697032 0.003733088833014863977 -1.230245683293627934 -0.3598467356317307519 -0.007739841782052772276 0.9329792336079153481 84.40463262720859916
0.9087990028839399992 0.01043287672303462935 0.4171038056042096209 -4.58389140733740863 -0.01207054914691277347 0.9999262528658147131 0.00128887266799647209 -1.236448474719540114 -0.4170596243066584385 -0.006205998228719616927 0.9088578491096112044 84.76043643402178418
0.8801711704758186094 0.009867421379712935925 0.4745538905775299465 -4.363156070586750701 -0.01089331895692678513 0.9999404286455111368 -0.0005876047264580231116 -1.234872662672766408 -0.4745314482329546779 -0.004652274234141821029 0.8802261654367348198 85.09035883031087621
0.8473045451070632117 0.008434167351468697255 0.531040408542511555 -4.114375992179192032 -0.008312692222484627941 0.9999619561460733053 -0.002618381017943170741 -1.237961251676713559 -0.5310423226252788398 -0.002195809487800509576 0.8473423622748970097 85.40902717726766014
0.8106055442590093252 0.00705219202241856493 0.5855501284512966143 -3.84695788105690939 -0.006214350887393813375 0.9999747070850426578 -0.003440572524478155165 -1.252016801054939288 -0.5855596183918139186 -0.0008498669727085506531 0.810628810283461565 85.69733741631515045
0.7712766211714335851 0.005442554272655281654 0.6364768484774319113 -3.595004820644753796 -0.005172312191731678367 0.9999839522843221307 -0.002283169737571717501 -1.260177521531993028 -0.636479100744507309 -0.001531101643297200655 0.7712923410659338064 85.95979627232138398
0.7284372272561403516 0.004732833257819681928 0.6850962151746317064 -3.280478794949587495 -0.00605618817148096452 0.999981486472318104 -0.0004688305089373719504 -1.269034652458727708 -0.6850857937289370758 -0.003807557999947328107 0.7284523537446904173 86.20176431750579127
0.6833273514151706474 0.004499077225052435652 0.7300982799482336194 -2.967851312491916804 -0.006020178532578420762 0.99998167459725118 -0.0005276596144046158182 -1.268350827736051123 -0.7300873207752105465 -0.004034757708853669265 0.683341867044166662 86.41902195488829364
0.6372142629430729288 0.001899404047006404781 0.7706843559217937401 -2.634829958517503901 -0.001687058296585759384 0.999997940059417334 -0.001069677136616645294 -1.283471548663390971 -0.7706848490016515729 -0.0006185759842225097048 0.637216110551569237 86.61658954755438344
0.5906888300953856419 -0.0009388008847893543557 0.8068988896198798777 -2.309440609826248991 0.003336757592049837632 0.9999935500650700693 -0.00127920758654864763 -1.292393385462394795 -0.806892535569009306 0.003448039413493385764 0.5906881117930343761 86.7882231280589167
0.5437210712806297419 0.0004479856968028020098 0.8392658590659437534 -1.993027020554477335 0.002335847793995766541 0.9999951119008528844 -0.002047067409768735073 -1.293626566937933875 -0.8392627271937608269 0.003073430815309408353 0.5437173293993431411 86.96596458433522514
0.4961480060044844986 0.003557168097550461074 0.8682306618964309441 -1.639677649794505143 -0.00142140529152282708 0.9999935302488524025 -0.003284747463042498195 -1.311439576442839261 -0.8682367844940546142 0.000395613204042939942 0.496149817834001583 87.11708486515742322
0.4509569261153366093 0.005508039208460926636 0.892528703220646924 -1.305347222217277725 -0.002237705424542010043 0.9999847278332589795 -0.005040562916769599638 -1.327176233546623951 -0.8925428930718215526 0.000275860421923413313 0.4509623331342593744 87.25982949828782864
0.4080701118545089767 0.002577003501934935908 0.9129469380302894788 -0.9585097417009700305 0.005312673723661686526 0.9999723165546947623 -0.005197318400662052397 -1.324382530109037948 -0.9129351164942882679 0.006971059242076194963 0.4080450960017508732 87.35879989239566612
0.3684011393258410094 -0.004694538327492204198 0.9296550577912007229 -0.5655093188011980354 0.02000362205320743367 0.9997956997890061759 -0.002878248002654465541 -1.330143905216844891 -0.9294516766347626913 0.01965681749473059681 0.3684197571218585376 87.4323694272884353
0.3332295967271483583 -0.008892250861336449194 0.9428037574247840613 -0.219605890221431177 0.02529542993055290678 0.999679835491990465 0.0004881377527635346984 -1.328116563968017028 -0.9425063062842959916 0.02368596352230543586 0.3333478186315040892 87.50721968032817699
0.2998881487082318831 -0.005073841659145869772 0.95396085495723415 0.1452630569003502681 0.02157244456878096989 0.9997661509890091169 -0.001464069842098338244 -1.337425431391436215 -0.9537304049911793369 0.02101832406561302338 0.2999274545327241803 87.60440962944878152
0.2688099383785886864 0.002876198677267781736 0.9631889225312999514 0.5154980185070365817 0.01172936245545358989 0.9999115527857694863 -0.006259326237204083584 -1.354263431056007327 -0.9631217961669755745 0.01298016063112738226 0.2687524082792847047 87.72304503598095948
0.2403910272511946278 0.007119939884376958426 0.9706499958625353086 0.8930749897559788764 0.006012697303504076912 0.9999429266241331993 -0.008823914235785492235 -1.359467624700925414 -0.9706574858057727129 0.007957414179839571514 0.2403344806198887407 87.8337631771797902
0.2146622960209453868 0.008671337325435252846 0.9766498138859275313 1.26533749022980091 0.008441482403789959954 0.9999067005875232894 -0.01073321915918315494 -1.383593586668650843 -0.9766518273028645947 0.01054838935279447248 0.2145690543388624472 87.88830960678075144
0.1910250365485161028 0.01033096372764541297 0.9815307726540194455 1.684393683909510386 0.01439633436192609348 0.9998075098215073453 -0.0133251404832488464 -1.38669099894799186 -0.981479562424132701 0.01667588006730201522 0.190839524866679433 87.94403544458951671
0.1703299276666137008 0.01599929848621606601 0.9852571685722519845 2.088589559165995091 0.02204728712403098562 0.9995559343713252831 -0.02004299679643181675 -1.384581508386246496 -0.9851403871524350153 0.0251361689837480036 0.1699015370934545133 88.00017210822807101
0.1507022849479433269 0.02325261838311224946 0.9883056643636723981 2.513484097427047814 0.02370242322015190389 0.9993508915176226859 -0.02712676323218561614 -1.391371503840885593 -0.9882949788198180929 0.02751330334943343989 0.1500533090123410407 88.04891651865551694
0.1328839631813386046 0.02353825951604502156 0.9908520329127883386 2.934568505245106262 0.0222177877238416803 0.9993959353269775692 -0.02672086978618813322 -1.405830259691729145 -0.990882520938279443 0.02556531431273979457 0.1322807154504112293 88.0976829342108374
0.1176968396019212326 0.01998818211561446609 0.9928483642766162687 3.417565522847873183 0.01918902113398423051 0.9995648926480233953 -0.02239815547327642445 -1.414357501285196328 -0.9928641311817900661 0.02168797961655506354 0.1172620670638586382 88.13241987288220969
0.102749708127324188 0.01616434020397959984 0.9945758689221131377 3.86735812982502436 0.02005267381683399977 0.9996310351584852816 -0.01831814242159093137 -1.44504752181715479 -0.9945050703275903903 0.02182608852803425217 0.1023876517573527739 88.18567890426945155
0.0893086523458447995 0.01336773802787620882 0.9959142610109867899 4.34893179792807949 0.02277328459405695421 0.9996210512441896512 -0.01545968792806664584 -1.45802217282205393 -0.9957435859493852792 0.02406092195921454707 0.0889703754710086947 88.21768037361768222
0.07756601900010784423 0.01276642435542009631 0.9969054508394472602 4.847175719337377231 0.02692767288534856848 0.9995263406648795534 -0.01489514354408480457 -1.472764054558377778 -0.9966234794181486611 0.02799969987766085661 0.07718550367845571081 88.24525788034792129
0.06697379465851868718 0.01353649200123028043 0.9976628793332323886 5.384678949954688321 0.02987898098093037108 0.9994322425776300811 -0.0155662955723143339 -1.485471926813532129 -0.9973072263552757999 0.0308516829823953162 0.06653130858684486171 88.26885655782325557
0.05912900263657995537 0.01425847192844000716 0.9981484876845324594 5.9048440073781574 0.03291492088974849739 0.9993263849074401906 -0.01622513463504144868 -1.494318286221694159 -0.9977075299569126976 0.03381335332341552091 0.05861985190481564661 88.29545586981437566
0.05353185477837765771 0.01450725960718993526 0.9984607284670278249 6.451283646474673894 0.03332849825135971583 0.9993113527142375441 -0.01630650565033787969 -1.509045857624621068 -0.9980097684674201775 0.03415011290984625025 0.05301148135652031246 88.3272355516032377
0.04784413094728909993 0.01576073002640228718 0.9987304364969619153 7.009553316812949575 0.03508974126682416067 0.9992317507204259153 -0.01744961335886755643 -1.526867059312658315 -0.9982382457890285332 0.03588005290651058443 0.0472543315094346647 88.35394562807165642
0.04183818172463121127 0.01647238160782298413 0.9989885751975884354 7.601511862212234405 0.03445669668170434075 0.9992454611489289817 -0.01791968244733308305 -1.542734398603115009 -0.9985300439665444339 0.03517157199322216293 0.04123902647171618502 88.37411416381478091
0.03748960587379294301 0.01621981987239550296 0.9991653481895420574 8.188962945337873833 0.0379239752500631494 0.9991248164614781047 -0.01764210440110655295 -1.559473190951703447 -0.9985771115053723168 0.03855371608042334336 0.0368416729818535002 88.38971792013252582
0.03424933984999101871 0.01601566228748706883 0.9992849580439989721 8.777084909570888271 0.03869792064230725276 0.9991004451708419554 -0.01733903165722969208 -1.57189844858804606 -0.9986638071461760857 0.03926409896978606817 0.0335987555286742165 88.40977778266385201
0.031931717976376707 0.01576629307098200566 0.9993656665391500438 9.413379730046607108 0.04054507348385890525 0.9990320528341750661 -0.0170565254834404538 -1.586723927975164816 -0.998667316195676058 0.04106399705335392336 0.03126156207688089023 88.41719858147619959
0.02849379419071347216 0.01528673012463024027 0.9994770460639118559 10.12111511686826759 0.0409804961152028871 0.999024488829865831 -0.01644810917808789061 -1.604354727690942228 -0.9987535475000359764 0.04142773273203680801 0.02783953845627252024 88.43566202839723189
0.02800054612515925564 0.01491139986285842586 0.9994966561225206991 10.7941481502112584 0.04506007309528333588 0.9988534331314573578 -0.01616414572360297397 -1.62743729663443859 -0.9985917610574104319 0.04548999561952660892 0.02729653096018208949 88.45015734840750099
0.02898437281518581252 0.01433536165040283708 0.9994770380438958712 11.4776900807812936 0.0515340321446564123 0.9985459195975829871 -0.01581646987436314405 -1.645833050410792087 -0.9982505175120713892 0.05196551033449400836 0.02820346625560481157 88.45869573138975284
0.03132907361082837294 0.01420861152065838393 0.9994081001102986805 12.17560776290867253 0.05164535706398183657 0.9985401876094164297 -0.01581523180848489266 -1.658015514613109698 -0.9981739288849768021 0.05211026280648003994 0.03054952809995534896 88.4862441870220664
0.03565746078479670178 0.01405414181849640176 0.9992652163937636445 12.90689335386095316 0.05229424733447886331 0.9985049174910147762 -0.01590949977064039234 -1.680520528209469511 -0.997994891412526508 0.05282311277542732497 0.03486919674529481705 88.50291364152626272
