1.000000039978027555 -3.858921975592287847e-10 7.909684333061825356e-10 6.893855816064720088e-10 -3.858921975592287847e-10 0.9999999352479277404 -2.439174453917419472e-10 -3.575088773632995043e-09 7.909684333061825356e-10 -2.439174453917419472e-10 0.9999999059029300863 -2.749857064276994834e-08
0.9999877953311029355 -0.004883082905363986433 -0.0008028985920228248838 0.0008177888392232053171 0.004882218655887950523 0.999987440492129509 -0.001073915297299972774 0.000679211317849264147 0.0008081341580926579542 0.001069981729252977029 0.9999990069320205954 0.01003934557682284803
0.9999697874356219263 -0.002243739790212171542 -0.007447804088809500261 0.01228390012269875431 0.002221500311117405226 0.9999929890497605278 -0.002992872122518323331 -0.01703069574546246454 0.007454469161783260425 0.002976235789615482193 0.9999676918450630669 1.00634157790069434
0.9999400184544731118 -0.0003315104595242547776 -0.01095123358256522815 -0.05286677968767018038 0.0002729341915644046515 0.9999855876180331338 -0.005349818741636769466 -0.0387441790169655853 0.01095285155899386464 0.005346508179110888263 0.9999256280996510204 2.310384460233666282
0.9998600037081051273 -0.0009134784162519760413 -0.01670983048421759154 -0.06478944641795852943 0.000837258716115466743 0.9999891525211613841 -0.004567749418279751401 -0.04558446020948241084 0.0167138244271903165 0.00455311882208850674 0.9998498532530256666 2.8363830705711921
0.9998048501720216974 -0.0009729427697925972568 -0.01973308967567926481 -0.08316920091777807444 0.0008684078917758078974 0.9999854850854830168 -0.00530527879644330895 -0.0491854264669295202 0.01973796784165567086 0.005287106393860494316 0.9997911136927269959 3.491179970253190934
0.9996726030410126862 0.001587946653733265674 -0.02553908732473005733 -0.1028833048803927674 -0.001768303736930973208 0.9999735840475119097 -0.007040938049644090979 -0.06361959373820094688 0.02552723528343691511 0.007083792951958658816 0.9996489344103169916 4.287018129053745241
0.999520693646368974 0.002783489982782452743 -0.0308336655802774369 -0.1121795418237922642 -0.003003779247547622849 0.9999702156245268148 -0.007100399651426634283 -0.07366031769947611885 0.03081298690182568065 0.007189613124735315039 0.9994992152478310299 5.049392187966600609
0.9994197218765396018 0.00342488696085862512 -0.03389055057376082897 -0.1381216662465773182 -0.003615441609855751023 0.9999779261415128184 -0.005562941087338898333 -0.0867435001058429328 0.0338707538070511377 0.005682241615837163584 0.9994099740236854768 5.893997410930474246
0.9992099157433079748 0.003272840162965732439 -0.03960949983313240969 -0.1600181734231243824 -0.003382163344753870513 0.9999905887318428777 -0.002693310163117604034 -0.0998390071657811462 0.03960031642846026378 0.002825147406322103642 0.9992115119224700415 6.695679543203082673
0.9991168533157944731 0.002779859356672296274 -0.04192690608081966336 -0.2211159562761502995 -0.002804788269508292752 0.9999958583084392894 -0.0005357497871377144612 -0.1179400220584276848 0.04192524741916938552 0.0006528722081421162605 0.9991204429367839257 7.477176528411302314
0.9989717314503234746 0.003450519710750023922 -0.04520678360213551544 -0.2559408402452293396 -0.003499759709654872049 0.9999933009194703626 -0.001010098246674832542 -0.1237708425724488026 0.04520299990204722229 0.00116727192530626943 0.9989770459959526061 8.315447770778638059
0.9988834998762806672 0.003575421428963239997 -0.04710678949583677055 -0.3062473316262943612 -0.003620296850447828757 0.9999930058187064263 -0.0008673320099100169898 -0.1305272084874429528 0.0471033635756551855 0.001036903650895650572 0.9988893883448475286 9.149179161655418113
0.99879694823059606 0.0003215990394861546297 -0.04903705063755205151 -0.3448878408931709827 -0.0003956391572053403094 0.9999987317324854352 -0.001500166632694150152 -0.1490220411349981178 0.04903651074806478216 0.00151776226507189041 0.9987957394864951377 9.964397122277825147
0.9986750505377951503 -3.372848093450496161e-05 -0.05146087655144469808 -0.3824768205261449561 6.015340030465857295e-07 0.9999997280528986066 -0.0006437312545512880683 -0.1609206133892356338 0.05146088918067738549 0.0006428468546082927474 0.9986747097401428297 10.82681717143843869
0.9985955414153675491 -0.0008494275498025049935 -0.05297454704724237351 -0.4323837500229589792 0.0007959501011287658644 0.9999990874439537158 -0.00103056803676189533 -0.1715694969513730239 0.05297537910728691152 0.0009869550024928660202 0.9985952370172770376 11.7159528875219916
0.9985130603845916442 0.001147357868279288203 -0.05450166311254472234 -0.4947442128381294713 -0.001316560990894029412 0.9999943600061539373 -0.003068732853173535956 -0.1840388996769641017 0.05449783989625574948 0.00313592396335719099 0.9985088701240089071 12.55179871159960747
0.9984674271128403111 0.00117471481584400031 -0.05533079158062911146 -0.5673153064595688466 -0.001515339349708297355 0.9999800928728920235 -0.006114581240537851799 -0.1946380639999920614 0.05532251237407883465 0.006189054369547516109 0.998449261370888741 13.42651834787792353
0.9983513709450446694 0.006183225947594131293 -0.05706476381942444248 -0.6249742065979733141 -0.006611840544712293405 0.9999512461456661061 -0.007325257944735134689 -0.2214437395097186845 0.0570166932371615337 0.007690483618767168274 0.9983435107634255345 14.29454584498533798
0.998221919914114908 0.007454146485888911607 -0.05913978090538089122 -0.6669490859786416648 -0.007886245589835519029 0.9999437998449489662 -0.007076354476092161332 -0.2318332479721181005 0.05908371446161025248 0.007530162182133291054 0.9982245357171871669 15.16984861234269744
0.9981677402300028756 0.0060822420726761358 -0.06020172806649275177 -0.7306370953252355749 -0.006429903499295027899 0.9999636784319977378 -0.005582890358541744112 -0.247965373543490547 0.06016559042886276271 0.005959751611050309421 0.998170524245810098 16.09198314328930834
0.9981240932154701317 0.006391144096254936825 -0.06088946685390092539 -0.8077399045765744079 -0.006668267542679596864 0.9999682444102853118 -0.00434912477013961029 -0.2614820548773654219 0.06085974290944199533 0.004746992777411664782 0.998134945861160694 16.98406712899395998
0.9980005557161834018 0.006682043735763081027 -0.06285157435795045433 -0.8367010227359540364 -0.006922677974701416277 0.9999694511888864712 -0.003611609931264907637 -0.2807391758125802883 0.06282552702855902227 0.004039489260122521887 0.9980162564370761435 17.9269851679337151
0.99793207372301862 0.006688269375327595551 -0.06392904336208135585 -0.9150407655337901014 -0.007008995104636678297 0.9999638806861038676 -0.004793935642219844181 -0.3009253219150029302 0.06389467687163125076 0.005232099772844437356 0.9979428379679564642 18.81211714592388162
0.9978765100228285112 0.004409512351706410503 -0.06498543088605415741 -0.9810647021034347715 -0.004747408544067422027 0.999975934689674717 -0.005046053632612973287 -0.3218446682433845907 0.06496162213974344957 0.005343850055600866608 0.9978733603958667153 19.74029789193318862
0.9978883580262360997 0.004986278136383223529 -0.06476141776760606372 -1.033644575560845214 -0.005236960827353948945 0.9999793709648691076 -0.003701673973406747076 -0.3249281877120090423 0.06474162999651861261 0.00403300970165691372 0.9978938163183976862 20.68835453577691652
0.9978810344104369623 0.00625504229525579436 -0.06476414820392968619 -1.106665656709409307 -0.006336402691807699328 0.9999793078251265621 -0.001050917672042626797 -0.3454030579196773476 0.06475624033104504518 0.00145906197098063942 0.9978999513708539659 21.57597697310889373
0.9978763228301017474 0.006452796578367482605 -0.06481732046850161022 -1.179371039241226882 -0.006210791943931411561 0.9999729079420458522 0.003934456460337443749 -0.3653353119091115042 0.06484095846113265005 -0.00352353441955088496 0.9978892961071470502 22.50036609764246975
0.9979900526856196885 0.006785640272607806889 -0.06300705628042979622 -1.225983598223538751 -0.006401871869355660327 0.9999596555039810264 0.006290779103307529013 -0.3696124823864375131 0.06304720692155355022 -0.005874772139006879251 0.9979931608955101563 23.43034730036666602
0.9980829678551470518 0.004499184512216493868 -0.06172702777937196655 -1.286288880997494832 -0.004027164627619762328 0.9999616453689667006 0.007769184713091096747 -0.3746134919231141613 0.06175962083936069325 -0.007505706240979189738 0.9980627365191245826 24.41328517423198718
0.9982077952069858817 0.005197584177658040074 -0.05961763233656885985 -1.351133391377873805 -0.004963731251797717965 0.9999793333383484306 0.004069983786149040939 -0.3853079625921961293 0.05963755976588867164 -0.00376676399262155159 0.9982128957960409998 25.36343472095334661
0.998270761347842317 0.00602347154618840426 -0.0584746460060709336 -1.408968093558539358 -0.00599887658745411334 0.9999817641248037736 0.000596155587832871911 -0.4110155206553613993 0.05847717596323588618 -0.0002443430031084234595 0.998288621864784953 26.30991400739149455
0.9983433718689872505 0.005796385343746286896 -0.05724502756284075011 -1.46835861554345426 -0.005997004543292809402 0.9999763972091525455 -0.00333338667079778302 -0.4147099708501503224 0.05722436011155140195 0.003671162527351332257 0.9983544999193713076 27.25394471252957729
0.9983907656600982117 0.005334459262065969348 -0.05645796685679873445 -1.509676161870942224 -0.005471602913763369547 0.9999823784941568316 -0.002274811402850452496 -0.4315885412432212132 0.05644484232830820208 0.002580065666033885038 0.9984022913418729717 28.19825668451054312
0.9984043843813619201 0.00161960548750288277 -0.05644591716310103785 -1.586598819878795696 -0.001457121007301308236 0.99999461148858515 0.002919638280533944606 -0.4360085375216303238 0.05645034690194844496 -0.002832731523117361719 0.9984012952168994648 29.17148864969120226
0.9983377873228685973 -0.0003355269392197629433 -0.05763357740828651404 -1.653536814284916501 0.0007044827299104652754 0.9999793247006966146 0.006381564564342717683 -0.4555640209564304488 0.05763024994326949868 -0.00641155916037346521 0.9983173135568683687 30.18832179412091321
0.9981796818535665361 -0.0124765276036042632 -0.0590062571486047599 -1.694834749510379712 0.01285780040777567169 0.9998987470410689582 0.006086307065341607994 -0.4759097423187770848 0.05892435200644716153 -0.006833918974153554288 0.9982389647081117978 31.19698228872778145
0.9981049732476167113 -0.01293916028961657021 -0.06015912131391478596 -1.720493254836477748 0.01311437352331715038 0.9999107662686190778 0.002518572925816001725 -0.4810909907094139681 0.06012117034230389512 -0.003302749739256931067 0.9981855284005769491 32.15551475310918761
0.9979726643992727908 -0.01199392669633372356 -0.0625042891456430022 -1.783757848837819182 0.01188430495810286619 0.999927055773580542 -0.002125307033338110375 -0.4966343478885497653 0.06252522621938057246 0.001378177713279394277 0.998042338350665359 33.10304333180998526
0.9979485793917440839 -0.010292220006027036 -0.06318846741955343183 -1.892211860920694599 0.0101421248118477459 0.9999448691245872434 -0.002695647524531321823 -0.4992764951606578072 0.06321273365003124423 0.00204925169261609922 0.9979978774087784332 34.09776121123737624
0.9978760690344112838 -0.01115545528042461224 -0.06417932660613751006 -1.959657639308498345 0.01108306290861946902 0.9999374152038021935 -0.001483877658806099283 -0.522403758923527195 0.06419186901910768628 0.0007694219392174892142 0.9979371845968031396 35.11472652459487875
0.9978052604305559514 -0.007557189813984896594 -0.06578472779309887941 -2.013635192666595852 0.007670543847181723364 0.9999694346680977342 0.001470707990098724278 -0.542557622557045649 0.06577160847784220554 -0.001972085247906639385 0.9978326607647560742 36.17237603348556974
0.9977519610620438906 -0.005775036699112215052 -0.06676640174321386845 -2.095485896102926127 0.005950088779622801291 0.9999792970368843736 0.002423310705767597276 -0.5523653471641225554 0.06675103067289596404 -0.002815129431878484346 0.9977655974530106331 37.17607468607155141
0.997694635403965191 -0.008244976544490760853 -0.06736107249934243646 -2.157074345523492198 0.008612734877648516724 0.9999494751212429922 0.0051709280040187185 -0.5668313882364048872 0.06731504084642350727 -0.00573917047850298033 0.9977151696359894961 38.14957676933024544
0.9977177885322735529 -0.006492858940431086093 -0.06720964568991173727 -2.238802803294945409 0.007074157456392800476 0.9999395082827785552 0.008414663453165983215 -0.5779197473083214076 0.067150950768373463 -0.008870911191602048884 0.9977032972126795851 39.15890392839273915
0.9976980663475243372 -0.001613243537157048758 -0.06779413754491915578 -2.318705421494237306 0.00236148776679082897 0.9999371025099551558 0.01095832493200722159 -0.5859975298429180857 0.06777220098729704045 -0.01109319469273240509 0.9976390541388606703 40.17830448760427942
0.997622310755932773 -0.000585875376796099012 -0.06891633364407438733 -2.38292841909365638 0.001295400711176860177 0.9999465509265853536 0.0102512298772055744 -0.5921989797672884137 0.06890665023037820247 -0.01031613000766684954 0.9975696785566412483 41.20558383776143074
0.9976953296749986322 -0.000346945179113543529 -0.06785269342971435302 -2.456639635410834632 0.0009599164841030517021 0.9999589604648440044 0.009001468484204631568 -0.6102318944502738152 0.06784679174535712676 -0.009045856137894971172 0.9976546486004019831 42.17897374328423865
0.9976390625926531142 0.001563803470861976908 -0.06865809873735476132 -2.539483041343857384 -0.001154286320163602038 0.9999812456914595193 0.006003863867567175994 -0.6138563218644808028 0.0686662059923719148 -0.005910438292856175571 0.9976220884806135114 43.15772619861546389
0.9976065484716545306 0.003214574913403824355 -0.06907184780023503667 -2.618521061846726283 -0.002785273667654194086 0.9999761435940625054 0.006310704230894813999 -0.6276507376844236985 0.06909049228062745518 -0.006103216134720224409 0.9975916334796175455 44.14705417123801823
0.9975030593530790357 -0.001674613322028609 -0.07060397601196134743 -2.665030251289766117 0.002252817042145607591 0.9999645063478003193 0.008110570187655641999 -0.6442760586596267824 0.0705878941014154021 -0.008249376601666960282 0.9974713577761386007 45.17618970906341502
0.9975106680819737504 -0.0008910976380383166078 -0.07051065299959083377 -2.74327314804780098 0.001472355546041408548 0.999965296183604524 0.008192013585548546875 -0.643565323616327678 0.07050091227276526762 -0.008275437879942134853 0.9974772935193108037 46.0953711216811115
0.9974537007701609337 0.001567976021983709996 -0.071300318594263834 -2.834741859248494311 -0.001192776863325561423 0.9999851548160988424 0.005304519231999950228 -0.663549754971994088 0.07130758368439815698 -0.005205967273757448714 0.9974406944864329105 47.14391272340541406
0.9974286579048335932 0.003618293336972484928 -0.07157555096333576006 -2.921297532880522851 -0.003527650640657177279 0.9999927431581614456 0.001392771020062386327 -0.668787492790916871 0.07158007721911556487 -0.001136696657623034561 0.9974341146524129398 48.06476363403816521
0.9973342985426715268 0.003717465383816462646 -0.07287356534718306134 -3.003595539732730302 -0.003719405713963028302 0.9999930122860779536 0.0001090883833857085117 -0.6882274813146287418 0.07287346795712285052 0.0001622482501740772642 0.9973410870791271643 49.09700803827433191
0.9973573790211905932 0.002155340294675862217 -0.07262019108027029102 -3.061532211751281984 -0.00190947068549334408 0.9999921438144360186 0.003454956841756192873 -0.7120455344158957978 0.07262707345251968871 -0.003307160955577754038 0.9973535900160548362 50.06667453973033588
0.9973381250191551972 0.002142929719066866395 -0.07288450701128967868 -3.117328217889270725 -0.001657555576491993258 0.9999759864467151482 0.006719340163740175793 -0.7292375416884292472 0.07289716216992206399 -0.006580644249763198048 0.9973176582749478936 51.04642335922582674
0.997327534354534917 -0.000332901276764904048 -0.07305995839312823259 -3.198202788877414715 0.0008690369402166380581 0.9999728637650238117 0.007306640713798470514 -0.7351100375492354289 0.07305554974171815652 -0.007350605991963478879 0.9973006908078237975 51.97598115063068747
0.9973274653061362516 -0.004274451391400324769 -0.07293651445130040767 -3.288398856688559135 0.004718831535594725408 0.9999712691971283096 0.005921477847588164228 -0.7599388435225925553 0.07290911415743603352 -0.00624982788592489194 0.9973189125662456078 52.94387669148730424
0.9972143624865723588 -0.007238577507707258558 -0.07423743897802359548 -3.329179363506923561 0.007635169471109387422 0.9999579856271467726 0.005059808352137308736 -0.7718818389446727712 0.0741977005059505923 -0.005612529285007629258 0.9972276637857944159 53.90698940631593672
0.9972338884523652691 -0.007454472250105708027 -0.07395323976283997569 -3.401640326241436085 0.007935899651401663243 0.9999491117753762648 0.006218186922228931789 -0.7730452587224185823 0.07390312947553759337 -0.006787872463430945011 0.9972422298022254328 54.82235500830405783
0.9970460372838234608 -0.01020898619334552858 -0.07612525988858336035 -3.472758360266874789 0.01100160869103378181 0.9998894114175989056 0.01000000167921409958 -0.7903176717565560949 0.07601475792579658053 -0.01080796246030485235 0.9970480215289238002 55.79123258376683481
0.9969819862246372955 -0.01289642831295205634 -0.07655508031420567294 -3.538771878160200224 0.01410949461073521087 0.9997829297990563635 0.01532598890906600002 -0.7925411396438032385 0.07634081849348076099 -0.01635988822919644953 0.9969474641189943753 56.77519695145507939
0.9969316836149592076 -0.01097333455984522872 -0.07750408477719648859 -3.620009122791625789 0.01232661512749196921 0.9997793702610298094 0.01700399499448385782 -0.7976061387747066522 0.07730040113155517423 -0.01790718419151545587 0.9968469258052271575 57.70944894552124538
0.9968992618772202219 -0.01083964408723877247 -0.07793871181287830019 -3.710235800569010589 0.01196463672045115084 0.999830598248929614 0.01398187264506444913 -0.8054686207316500424 0.07777395695132113818 -0.01487102682392667588 0.9968600086950313299 58.64802930135630987
0.9968107437711448693 -0.01001212007252924932 -0.07917182290242372189 -3.789766420670107827 0.01049616713666119867 0.9999286024193326794 0.005700090772723391021 -0.8041107917013110562 0.07910910693192074739 -0.006512912673540755329 0.9968445936771918037 59.55780242830542193
0.99673559897437225 -0.007907724189028455739 -0.08034732477434140818 -3.873704320242016053 0.008028151235571497069 0.9999670177238471069 0.001175903069305657845 -0.8286452871996823344 0.08033538279696486595 -0.001817105376431542036 0.9967661396726130718 60.48788587100604275
0.9967000400886972811 -0.001342595704629540075 -0.0811622231684615697 -3.941058013679111571 0.001512810795355386435 0.9999967187572965654 0.002035773061910802276 -0.8393562394661697734 0.08115923046774566052 -0.002151838613185587477 0.996698731673089644 61.41903333012417932
0.996646287725838631 0.001856735240710994522 -0.08180958760786946615 -4.038688061026125986 -0.001480276491695217082 0.9999879721341065064 0.004662066380278266642 -0.8656694587022295551 0.08181726671263271633 -0.00452533067790650452 0.9966369795895529959 62.30912198343280295
0.9964985921487158338 0.00271193333418366005 -0.08356602269171725661 -4.136854303515281828 -0.002229589986428576979 0.9999802516154994159 0.005864793406819272803 -0.8837818436804787403 0.08358028431761878319 -0.005657940696626712236 0.9964848903313791029 63.218835210601803
0.9963843800208134205 0.006254347034345015058 -0.08472974238735249408 -4.190990979989238419 -0.005782952242802890698 0.9999663480617770883 0.005807814330639360194 -0.8853112085940187947 0.08476322222189888733 -0.005296827730290248892 0.9963869492727606136 64.07237428509940003
0.9962676415428657339 0.008274190166857398401 -0.08592091136248254657 -4.282870345929867817 -0.007764947830021245653 0.9999501967594682794 0.006259400113775095281 -0.9000098187833764918 0.08596843083626010129 -0.005568866685499894269 0.9962822037754304194 64.92700373695731741
0.9961355174851754812 0.006043171393234718185 -0.08762185608880659893 -4.384999877329873286 -0.005401140016906979743 0.9999567521401955261 0.007562541464352498174 -0.9250679666484064034 0.08766377562156432712 -0.007060058475499775103 0.9961250077163180672 65.76982055199852084
0.9960479673205392404 0.007506291894604844202 -0.08849961092443560384 -4.457083748529598211 -0.00688210482040235369 0.9999491967143808724 0.007356026398838121268 -0.9306502626700703384 0.08855033864853342762 -0.006717891789696556551 0.9960489548495500278 66.60209846712405124
0.9958856658501298309 0.006141687000751898384 -0.0904107236134412684 -4.51249565972449318 -0.005371666407553960833 0.9999471570067313131 0.008757790280148421494 -0.9379527971859777935 0.0904597410842576527 -0.008236101745204851832 0.9958659623278069972 67.35916039310065173
0.9957183875380091198 0.008769491074726803656 -0.09202210281420113158 -4.612971626132458702 -0.007773022526160099088 0.9999072089735635549 0.01118141594035729387 -0.9423952254909196968 0.09211162686159733715 -0.0104182516713145993 0.9956940902338090593 68.20130773724304163
0.9956962154547166488 0.01214119007924857607 -0.09187881522909235876 -4.657992628081757402 -0.01076268904572727503 0.9998221225551523483 0.01548412978694953257 -0.9590596026942653785 0.0920504753669027509 -0.01442862624609543565 0.9956497063879599096 68.97400445445374828
0.9954682968335157867 0.01493685495735945501 -0.09391399765129369859 -4.756570865449647911 -0.01336335476963678749 0.9997599083797207298 0.01736136092208980311 -0.9632153582000364533 0.09415078149802577623 -0.01602767818979951644 0.9954288307228503774 69.73737165282308581
0.9953046142453584322 0.01697220124622682985 -0.09529295772959345268 -4.841188874959602373 -0.01568760740364666742 0.9997758471300889349 0.0142135495140035175 -0.9812230128899992465 0.0955128405303171113 -0.01265189291117935558 0.9953476980888417147 70.53339102055073795
0.9951912897594372698 0.01564577450292017891 -0.09669325230086359135 -4.924262225031029061 -0.01513585425874583272 0.9998673501506166739 0.006004876855016559427 -0.9901480011716051743 0.09677438475088863401 -0.004512466498785372947 0.9952960209501496847 71.27656649542790035
0.9950493173650162282 0.01557613354240931086 -0.09815456458304730458 -5.002656375684138013 -0.01565151884048881017 0.9998774427336979409 1.974556672509405686e-06 -0.9905783107364112272 0.09814257371625745296 0.001534302662064649823 0.9951710879997867076 71.9712865621491602
0.9949667226922257468 0.01752947362102819095 -0.09866112071398613903 -5.069645113134944481 -0.01773269437671750118 0.999841998602027604 -0.00118318413173497481 -1.00152378969345901 0.09862479948741374736 0.002926755710573986438 0.9951202923722036742 72.66851170712159558
0.9948805804331054548 0.02000850011364206302 -0.09905740269423264632 -5.11297446519723664 -0.01990638624577266425 0.9997997444867200434 0.002019223235814265795 -1.008594338242791322 0.09907797552592483015 -3.70115738500766307e-05 0.9950795780608815422 73.3042035484143355
0.9947455614303345461 0.02065352910447908544 -0.1002735166473518735 -5.218539605592519059 -0.02030326948576493054 0.9997836195450567898 0.004512415021717218824 -1.021726313420328935 0.1003450247904166398 -0.002452824994285486993 0.9949495831270750434 73.96668969628612444
0.99474130638857583 0.01535386708511144935 -0.1012623845070659973 -5.280342744982189807 -0.01528251551180126455 0.9998820548746027992 0.001480402196850417063 -1.040740987829506414 0.1012731791360478306 7.492623023213261459e-05 0.9948585582453705056 74.61474547073602537
0.9948825960877694108 0.007992385034085074461 -0.1007214982417479893 -5.313758571715184509 -0.008411762405452492472 0.9999575627911736486 -0.003739703356653815026 -1.062142176875659816 0.1006873428472184751 0.004567810394669433692 0.9949075371210078789 75.21175917893741314
0.9949126298309297622 0.006356200211540589083 -0.1005412162025439149 -5.382924458024117342 -0.007239192250926206225 0.99993828242329863 -0.008419973215836096259 -1.06695150450269427 0.1004815000852999074 0.009104974004184036851 0.9948971710202041407 75.77680570219651202
0.9952815900916460734 0.006981222426259164719 -0.09677756711083197738 -5.454376221672567304 -0.00790214782654513441 0.9999269784896226421 -0.009135877569253837358 -1.08788891182807812 0.09670672850788414321 0.0098575204830701358 0.9952640107833610195 76.39545935784525454
0.9955647962102253112 0.01205020243051542483 -0.09330384657806782556 -5.518595230415661135 -0.01267452873128314082 0.9999009937351254207 -0.006101604167710019538 -1.097022316020549448 0.09322109095886120522 0.007257123790665009899 0.9956188906755705226 76.97105920698467685
0.9959728442800085402 0.01023573145674796375 -0.08906964686125701247 -5.545763813333045356 -0.01056033118476592397 0.9999391364807518334 -0.003173839377018095043 -1.107400316893478065 0.08903174654312756564 0.004101662123895386848 0.9960202495343345452 77.52031832135747891
0.9965755600668111391 0.007538158003251925303 -0.08234323382737973596 -5.586975153496486435 -0.007487769755359361887 0.9999714776235493208 0.0009207336701221035006 -1.123707058630661226 0.08234783274922770346 -0.0003010139979436945177 0.996603510267311532 78.04923274193832583
0.9971758462497395392 0.0005907551704421918183 -0.07510034450900392178 -5.607756365103742979 -0.0001818560103347486158 0.9999850595247378182 0.005451435422749071995 -1.154052221555663449 0.0751024493804603871 -0.0054223825808052779 0.9971609862748296305 78.57075632385173947
0.9978924560557699275 0.005461078313871805569 -0.06465989527446990015 -5.649062275367128905 -0.005145945892884604654 0.9999739975407176962 0.005039244255258241642 -1.154522068268915014 0.06468573943590394393 -0.004695887824247466438 0.9978945416341975516 79.12870108623911847
0.9987290862213930032 0.009766809768230244604 -0.04944594316205300905 -5.696818108868166419 -0.009548113053634876488 0.9999435054953506041 0.004657237870483883595 -1.168587242101061019 0.04948864088270266831 -0.004179203799165014804 0.9987658488826716141 79.60649158156195426
0.9994134099714474528 0.01523152268097382675 -0.03067436114495871585 -5.711924859219747574 -0.01508133497519698746 0.9998730881958917127 0.005121656460979744432 -1.17099378926101938 0.03074848241058898007 -0.004656042134157300713 0.9995162150187254513 80.09032231379362088
0.9998517906705518543 0.01451069235523433885 -0.009269109825405026648 -5.684238161015643165 -0.01445913155601668762 0.9998796826532915238 0.005605734289736667188 -1.180771523898961561 0.009349339869208257367 -0.005470880450450446054 0.9999412338468052219 80.56243836020667004
0.9998022024053541124 0.0105817879863790501 0.01684226092596678021 -5.660342860466517578 -0.01069523597119446771 0.9999205595668881896 0.006660104683240476373 -1.187351537803246204 -0.01677044665276188062 -0.006838919484973295625 0.9998358830933287145 81.05728603315222358
0.9989034609911002782 0.009348122227444258248 0.04587557041207857705 -5.613803386646146087 -0.009714498300670502615 0.9999225613086587527 0.007769840169321059857 -1.196584740635342259 -0.04579938583220667658 -0.008206978521678251134 0.9989168502840226616 81.52270074118905541
0.9967992767541095089 0.008397340452065296321 0.07950324367981162488 -5.579652756764065913 -0.009181883455080882758 0.9999125805162212277 0.009507620414976887535 -1.208574037362480036 -0.07941645838111313638 -0.01020717871274983389 0.9967891713770624662 81.96916426661648813
0.9931310780237246894 0.008638544721861207698 0.1166881129652649896 -5.477586483384229155 -0.0098942427204926197 0.9998991031127215656 0.01018617008191336284 -1.21353963478404836 -0.1165883517836031474 -0.01127074257038408571 0.9931162772020373231 82.40727707196299434
0.9873499907677396603 0.007847360073121490906 0.1583619004015691112 -5.417805619728389033 -0.009595368502848443393 0.9999010918986352969 0.01027646961999471517 -1.221000180705863913 -0.1582656026485591838 -0.01166601292664630821 0.9873275637223241086 82.81385461072514431
0.9790381041021473107 0.008049624726251477375 0.2035182275917465367 -5.295195378444340406 -0.0103048850693603939 0.9998965935934054361 0.01002406957991782213 -1.222553829326151087 -0.2034165041205749369 -0.01191117794340667072 0.9790197478794647745 83.25823138553649017
0.9678674544070844377 0.00928741860325347536 0.2512894872703085869 -5.174247110470058253 -0.01179998437759672419 0.9998942382126938533 0.008493719495872961017 -1.23062617052974077 -0.2511840404429283025 -0.01118600661946502796 0.9678746153143975572 83.66642128187173455
0.9523014662658778606 0.009423233986911069837 0.3050134225465789273 -5.003880408340058317 -0.01162348503853802978 0.9999178075352828099 0.005398452072884244411 -1.239959184075020815 -0.3049375000972006644 -0.008686272781898639675 0.9523326590627506638 84.07535640658102238
0.9328574397260044337 0.01033699872176734209 0.3600974960850664153 -4.810705151893840181 -0.012308083546864617 0.9999191276861946198 0.003181145390539012827 -1.244343551366329681 -0.3600355125029522929 -0.007399665239761592239 0.9329091613592837007 84.42905764061242735
0.9088586360372629125 0.009394060893610783544 0.4169985474126323699 -4.602516155255409913 -0.01110751121294209498 0.9999368291018300159 0.001682711160977939891 -1.247090872677391049 -0.416956423304655821 -0.006161162662735703531 0.9089055042506687387 84.74999414475961146
0.8800588976665016938 0.009364730536227295135 0.4747722494392761505 -4.365828499349087899 -0.01026462388414215755 0.9999470099230359788 -0.0006966761438544210195 -1.256626651523319094 -0.474753644750494308 -0.004260242629582542372 0.8801083277039607466 85.11671749368846918
0.8472218984371403527 0.008316271260617980401 0.5311741120059106924 -4.124515225299171028 -0.007991282347105175057 0.9999637709891991966 -0.002909746626764501791 -1.261165374025579933 -0.5311790993875492584 -0.00177956141128405524 0.847257603364226175 85.4056583910234508
0.8106162433848915772 0.007248697607136512198 0.5855329171540054611 -3.845252187030988811 -0.00613519633371237532 0.9999735651731855857 -0.00388572088581233847 -1.27103176229674153 -0.5855456417396978086 -0.000442531131549347772 0.8106392308729468699 85.70902803717297047
0.7709927772480150709 0.005211642581447258234 0.6368225832718037438 -3.59613162780451745 -0.004556166237569635354 0.9999859977345060269 -0.00266761818888030253 -1.283245739499056404 -0.6368276090002625844 -0.0008447553454778372953 0.7710056732648299382 85.95773182046126237
0.7285077893686672246 0.005365572578379425826 0.6850165175259191885 -3.312284098612384486 -0.006593096457466516604 0.9999778636055530745 -0.0008209042977703114594 -1.292435110627785599 -0.6850058015516304888 -0.003918344796136747493 0.7285269880679096088 86.18779985195412507
0.683085485693592287 0.003683956971045865194 0.7303291428686706777 -2.949375066242712951 -0.005346506356944259741 0.999985641636283451 -4.35206460632391314e-05 -1.299988995484263388 -0.7303188630716467289 -0.003874981054235706202 0.6830953266498305254 86.43919040009633648
0.637214952615657193 0.001165269786706490994 0.7706852453540602443 -2.649617668506348611 -0.001349347366976182605 0.9999989463404709289 -0.0003963292980107845673 -1.293326231039915619 -0.7706849440395440176 -0.0007873752212783321266 0.6372158093883274477 86.61967514526862999
0.5905008834217806424 -0.001097981427380666708 0.8070362411326407193 -2.334597605590162495 0.004292082824099974908 0.999989140033835322 -0.001779981646303775179 -1.306920726383513864 -0.8070255736848135353 0.004514946865718399462 0.5904991422935441658 86.77792221934484473
0.543568533839913437 0.0002660306021180615182 0.8393647386351628104 -2.01852196604979417 0.002971482875364991547 0.9999930087467290285 -0.002241259157719372504 -1.320230937565808782 -0.8393595201597499056 0.003712435700552749965 0.5435639054273934123 86.98094669455396399
0.496071461464274277 0.003176096226695565312 0.8682758761405571235 -1.627106171425831471 -0.0007097917611694917837 0.9999943943108013933 -0.003252389947323789787 -1.327055285017359587 -0.8682813941977742811 0.0009971227039095803893 0.496070900620183608 87.11533432738055183
0.4509408144065686352 0.004947307500139806052 0.8925401278537504757 -1.327792133067376978 -0.001537686349499596062 0.9999873955839699846 -0.004765993374301088006 -1.336725369840704891 -0.8925525138226096944 0.0007767341260650210055 0.4509427067083973673 87.26470277157996236
0.4084400501759068436 0.002744836560372271653 0.9127810033739006679 -0.9788364447558214332 0.004698571338164840225 0.9999758431701100125 -0.005109500938617070678 -1.340063140555722176 -0.9127730366849006183 0.006375691236200379738 0.4084172584356798863 87.35332717942269198
0.368651616351942879 -0.005355446593553759779 0.9295521876699952557 -0.5925544533063351604 0.02065608068370394096 0.9997836178658834339 -0.002431934072535740614 -1.349321809962307883 -0.929338084696962774 0.02009744063206609851 0.3686824437030615798 87.46175100403387148
0.3337245914418998649 -0.00878164111172415919 0.9426296946127398213 -0.2555042364992859971 0.0247395858395453444 0.999693711042505706 0.0005545585310850486855 -1.329056095371579538 -0.94234590798605955 0.02313519753208560792 0.3338396063004659409 87.53459481876897996
0.2997926225137820255 -0.005463590057780491269 0.9539887269030697947 0.1319146368476841469 0.02255531694216947672 0.9997446034119952252 -0.001362409090038911195 -1.356828924028082417 -0.9537376990886299311 0.02192595745876554578 0.2998392687156947733 87.63001256511670078
0.2689585437761897735 0.002450971501106026171 0.963148612861263298 0.4897331344400077113 0.01264726947333887942 0.9999014933460734778 -0.006076239278661688115 -1.37112905545609598 -0.963068690947161854 0.01381545602953502053 0.2689010328300928676 87.73590369569733127
0.2401596891491609986 0.006830496864606592188 0.9707093396068561253 0.8724385225860763482 0.006372769078758382978 0.9999425367970130596 -0.008612863365646969416 -1.377916426609772538 -0.9707124521557578545 0.008254568800009591881 0.2401023429804460541 87.81995858776240027
0.2146590051031601609 0.008320219589280735545 0.9766535915366190146 1.252163693534888544 0.00890018428217747605 0.9999054667814337716 -0.01047447943220165475 -1.400936450238239095 -0.9766484782050495195 0.010940837928254777 0.214564646334519854 87.89634141664878086
0.1909694698080331154 0.01014885054979500559 0.9815434852809798993 1.672674071051294176 0.01514402686232289158 0.9997970113658786184 -0.01328401382961888477 -1.402811698222504289 -0.9814791238418971719 0.01740136138629674867 0.1907769974846574013 87.9535201086557521
0.1704497725399733987 0.01609699833966959578 0.9852348510508481816 2.081957241054738894 0.02189419751669722386 0.9995577765314352936 -0.02011879760424962679 -1.407878521167641006 -0.9851230728637433431 0.02500017001280826351 0.1700219530017310077 88.02241780269454807
0.1506010748315212977 0.02277643175142808271 0.9883321807849766438 2.49816193763648009 0.02441474501675999081 0.9993438856681736704 -0.02675049408643766224 -1.400217808188236823 -0.9882930664525573228 0.02815853034075090425 0.1499461721392977842 88.06681633418773458
0.1333060998281540843 0.02348594742693813076 0.9907965696836873448 2.954322714066182964 0.02218237473947480207 0.9993979647153791168 -0.02667434901075417877 -1.422537639043646163 -0.9908266115103051552 0.02553407333537568991 0.1327048615662178022 88.09456545404732708
0.1168938325191225119 0.01907524485833771502 0.9929611849659069067 3.420731860922527012 0.02039252767369609601 0.999558573167300124 -0.0216026420294264665 -1.441524721252234409 -0.9929350050651234438 0.02277420327825294133 0.1164532319130594379 88.154017161733222
0.1029639088046507278 0.01579923938676046358 0.9945595834243555755 3.862255851811537966 0.02086328610929226793 0.9996195120942344969 -0.01803953594771772959 -1.465675768104958365 -0.9944662407231354972 0.02260720149953262051 0.102595101117741519 88.21537132586942676
0.08901736856812143828 0.01360683327318956692 0.9959371010575895911 4.349112248939604797 0.02389939695673237371 0.9995895530031342346 -0.0157928746314727371 -1.479929391190629495 -0.9957432770288721091 0.02520813538573114798 0.08865563039878365803 88.24791875095326077
0.07715291226072691633 0.01219497251693223323 0.9969446612392437457 4.849729359739998635 0.02680819834785227659 0.9995382243547232815 -0.01430136727591896015 -1.494772268295862627 -0.9966587656871136458 0.02782968137411901202 0.07679035435638859042 88.24505899161535183
0.06737201785929124165 0.01379377293477440994 0.9976325423881228227 5.374053064268749402 0.02915820567842956207 0.9994500529249082943 -0.01578801165685801353 -1.503663425809033116 -0.9973017380271774757 0.03015284399595678441 0.06693276050358890061 88.26858438386275907
0.05928272505539562004 0.01374938706735563849 0.9981465119456476298 5.908323344118532106 0.0323978086132545029 0.9993518252397004531 -0.01569018698286473237 -1.518742620205907778 -0.9977153335549868718 0.03326791551077436931 0.05879884539847465841 88.31972039181137291
0.05334468139666245778 0.01381125272058173446 0.9984806160412046383 6.463109317963234624 0.03375031596051224214 0.9993080705942544162 -0.01562583778549210198 -1.523293694398265341 -0.9980056148970247731 0.03453259036892487172 0.05284163283245582599 88.33323128783395362
0.04837424966222211159 0.015063276074810358 0.998715663216209526 7.020415372473032711 0.03743754731891422299 0.9991562720956999044 -0.01688326376057978223 -1.544108608560758045 -0.998127400784408203 0.03820617873037807088 0.04776949953084179412 88.36647328581852889
0.04158432383855516917 0.01616396725455345601 0.9990042123791456063 7.57771046459634956 0.03761067685705721947 0.9991350739021130911 -0.01773165808205715357 -1.548390473812531809 -0.9984268261134564559 0.03831058223530602047 0.04094041587978865943 88.37952573828299307
0.03723501047964529465 0.01542524881397568277 0.9991874507910540881 8.202667365287050316 0.03974983227747185682 0.9990665911377332176 -0.01690467201163719027 -1.581913003628728109 -0.9985156237641481525 0.04034697775412099396 0.03658710139616790785 88.41286731775264229
0.03485956172801295272 0.01618338489712029329 0.9992611546076176632 8.822788442524547747 0.04134277656123285655 0.9989895581364226507 -0.01762124291637641449 -1.588786023396109748 -0.9985366952898315773 0.04192649791641733098 0.03415526972858871912 88.43122083962269642
0.03168419730333277284 0.01508357349486174996 0.9993840820807905478 9.487066731654445917 0.04006842861624954066 0.999063111272359583 -0.01634904753226052582 -1.610077476797786344 -0.9986944371030689327 0.04056175472528138898 0.03105013549032826017 88.43207577351077475
0.02860006622189262271 0.0148385235443148928 0.999480765430665663 10.16354059351419181 0.04305613825731818139 0.9989434581927806311 -0.01606259469057381636 -1.623985324510422101 -0.9986631820540575744 0.04349317170162807222 0.02793095759267875955 88.45613469424330333
0.02790284147046514368 0.01473271209423742886 0.9995020383473712799 10.8042056616236799 0.04810652095874207168 0.998712961449980563 -0.01606405842983822316 -1.641247068671415121 -0.9984523724798773925 0.04853079683835796049 0.0271581880249202115 88.47954449355282236
0.02924583603167478854 0.0137995675652787652 0.9994769627411327351 11.50641809859587283 0.05330885572215353363 0.9984600919292642152 -0.01534540575792499653 -1.663040330956802038 -0.9981496846836162007 0.05372976042261739388 0.02846515899476482342 88.47923519926202118
0.03230640480822259686 0.01396468991758558625 0.9993804229193219424 12.20586755380605837 0.05296781999308854821 0.9984732902209649819 -0.01566427491105241293 -1.676845895201064085 -0.9980734704069770258 0.05344105676060471877 0.03151740092920009978 88.49122780816290401
0.03516527457882270835 0.01378952454797700324 0.9992863446366915259 12.91293657660550132 0.05542124347495253761 0.9983391337228472162 -0.01572674864886604296 -1.697459456973731351 -0.9978435926247835042 0.05593472514969294318 0.03434263477336894216 88.52042881675183139
0.03931463140796452593 0.01362552683699171097 0.999133950441275398 13.68368795466533783 0.05498976501860285832 0.9983621720980426772 -0.01577877802819668135 -1.718419801633575883 -0.9977125997201905516 0.05556247592072039582 0.03850097361108472532 88.54908353007573396
