1.000000039978027555 -3.858921975592287847e-10 7.909684333061825356e-10 6.893855816064720088e-10 -3.858921975592287847e-10 0.9999999352479277404 -2.439174453917419472e-10 -3.575088773632995043e-09 7.909684333061825356e-10 -2.439174453917419472e-10 0.9999999059029300863 -2.749857064276994834e-08
0.9998304180491404125 0.000662148023022390733 0.0184058860927871458 0.009829386738887859604 -0.0006618303871767714083 0.9999997159648787992 -2.339076661676372363e-05 0.000982849308236229775 -0.01840589596301312261 1.120474463075505953e-05 0.999830502980593061 0.005167717870984764837
0.9958070879911483653 -0.004938532831598604032 0.09134513332827776111 0.110941902022616723 0.005273123267185994903 0.9999801772531836663 -0.003421953783946439596 -0.02405996800926385112 -0.0913264275267703235 0.003889279369770850051 0.9958133208188505447 1.159914025638824508
0.9927932777315834345 -0.004127846971231033217 0.1197687220975985761 0.2073289461931109023 0.005328983612828384203 0.9999385897212706986 -0.0097102634618973626 -0.04917272861006888318 -0.1197212907723330388 0.01027852899332841116 0.9927542384277112664 2.27141052976759239
0.9842291954342313742 -0.002406422764702093823 0.176881813713056335 0.3949780367057322272 0.004648796312481511331 0.9999139239337616614 -0.01226392727661894215 -0.08447492939569573034 -0.176837086128306481 0.01289280186662351661 0.9841555956013213757 3.473242324019256699
0.9747475452671819918 -0.005485210136262586196 0.2232424894264117554 0.6370311643830903758 0.008501209217149498926 0.9998850274958309692 -0.01255116447610764296 -0.1178688953705835096 -0.223147989818643866 0.01413204690727146162 0.9746820394517162756 4.608842299102854589
0.9633667969743853199 -0.006682277641334597763 0.2681041446553014129 0.8681308450932995191 0.01076778937375848927 0.9998471300798035255 -0.0137710451234976123 -0.1603038876040915883 -0.267971153485798752 0.01615345556498900062 0.9632914137484362982 5.508736605902921468
0.9506091029419260208 -0.008899526855889853399 0.3102631130853331087 1.145445457045435322 0.01445040562723176429 0.9997738694599024312 -0.01559699423199605722 -0.1983433792814273955 -0.3100541658348509033 0.0193100713956371739 0.9505226770711624473 6.379945223882066863
0.9361631809097596957 -0.01113319302835014991 0.3513895482800540315 1.50126885496705853 0.01853834897074633017 0.9996711090872621996 -0.01771648357154766498 -0.2181024789609213865 -0.3510767596849209138 0.02309970041659639706 0.9360616114725449632 7.27544339924078276
0.9190976054828016162 -0.01137358485400349374 0.3938658310766028903 1.909483797560447726 0.01997986146532670579 0.9996426163747953453 -0.01775711644039936962 -0.2545082252298024872 -0.3935231318492234953 0.02418990664929368886 0.9189963139894782307 8.156639639321035418
0.8994186808259038157 -0.01203178471860790258 0.4369225648970710418 2.355483207785403543 0.02176089532028684451 0.9996139912746099254 -0.01726853817334143837 -0.2847148865829889908 -0.4365461645004775071 0.02503947071618285378 0.8993332574290007209 9.027103068530632157
0.8771650577776820557 -0.0124731644656619553 0.4800270110159730597 2.827323732512891485 0.02277483596998630677 0.9996181697878449013 -0.01564263433809316706 -0.330828130676914689 -0.4796486387354742531 0.02465370742187263098 0.8771141431261998411 9.948097940354273305
0.853806685075926719 -0.01255316041600041364 0.520438860023010097 3.358160723175148021 0.023895086328164266 0.9996005076122773669 -0.01509041311481619518 -0.3645054181040522923 -0.5200415486223135542 0.0253202258131985207 0.8537654954686927367 10.82645376332157205
0.8273504524447845565 -0.01296038576062384998 0.5615365488092292079 3.924647687209631197 0.02568643636295754942 0.9995607844402915054 -0.01477551154521339685 -0.3907962109049488708 -0.5610984519302549822 0.02664839768381227492 0.8273199160219465442 11.65650124746085936
0.8009029285322449843 -0.01509422689937562137 0.5986039559211450145 4.413545803914035837 0.0294275443951239335 0.9994664032218042449 -0.01417035729803700975 -0.436755670695773035 -0.5980706896682288498 0.02896452376807400961 0.8009196998167575909 12.41921631250343516
0.7711068959684427293 -0.01452081033440505778 0.6365401224241483691 5.042293449190294652 0.03036124515984317887 0.9994411511125282921 -0.01398037283474829959 -0.4694594253244186444 -0.6359814263228514841 0.03010651121054627385 0.7711167801603489025 13.13672288066875815
0.7422448839435635826 -0.01760137295749300557 0.6698975626823340246 5.688837772027812711 0.0352292829123915241 0.9992975026533444938 -0.01277769211021092394 -0.5057717368332643737 -0.6692020986769708912 0.03308418585232814763 0.7423434911636882516 13.86055618641707987
0.7098393027468740124 -0.01686888486588703634 0.704161642842702884 6.382349316388459926 0.03619005592375155317 0.999266136879737088 -0.01254345022621951647 -0.5322426651914129447 -0.7034333350125016038 0.03438748166291843988 0.7099288145287747653 14.56861540980378145
0.6750220930058460356 -0.01622727537201928624 0.7376190461685524502 7.098709439969411505 0.03768392503437525271 0.9992114134410142734 -0.01250374581872343467 -0.5726626636258589365 -0.7368345146433421533 0.03623668392714907149 0.6751012402796833234 15.24550017331070784
0.6407140753995075322 -0.01669921977128800347 0.7675979490367460523 7.860037442676893527 0.0418459901023647482 0.9990368788584504944 -0.01319463681019040872 -0.5970899494679625663 -0.7666383677375766537 0.0405748839626041552 0.6407957410852471725 15.8318633310717658
0.6031344973010555055 -0.01535995671674290734 0.7974915957736663508 8.595133840039029138 0.04295635965637379511 0.9989890640547304246 -0.01324657391649340307 -0.6166646730497757911 -0.7964819666979241486 0.04224679972653968413 0.6031845329620785234 16.41161572115461453
0.5648718622442913118 -0.01449135224591985467 0.8250513737774068934 9.423239211094225354 0.04636327456519030721 0.998823659369870942 -0.01419911757031016263 -0.6549834855086869023 -0.8238751203933855072 0.0462727634321526346 0.5648792078988844612 17.01627231250475347
0.526284853014792775 -0.01323442324273208827 0.8502053206543552788 10.21648746502498106 0.05081171326906577801 0.998581468504435299 -0.01590884283430436807 -0.6963487037709705785 -0.848788787430576841 0.05157296986897443036 0.526210728608143441 17.52160190946436202
0.4876136772923130858 -0.01196394655887925672 0.8729775164040558533 11.03498350113400583 0.05302744983501709447 0.9984658335646957594 -0.01593547979865558156 -0.7154862150460655768 -0.8714476280614645853 0.0540621271653252064 0.4874999805281308163 17.94899735199422253
0.4484337531263115073 -0.01409168507467372516 0.8937049663967057134 11.89475667558824945 0.05805579945764215155 0.9982234611320723872 -0.01339091479293528023 -0.7435744093812086675 -0.8919286213146341291 0.05788969214767289428 0.4484551660791880057 18.35673828399193042
0.41201315337366895 -0.01460878060205168805 0.9110607631922620353 12.78161982332113844 0.06251841281259652716 0.9979683111765619286 -0.01227064807523909479 -0.7689063532617187446 -0.9090305702655894216 0.06201373881413894257 0.4120893600534077938 18.75490964450141007
0.3769471607591855511 -0.01232470844260866172 0.9261527439115251337 13.69685130490453595 0.06395218231996829816 0.997871452572788975 -0.01274964281355208881 -0.7922993816824662749 -0.9240243075173466547 0.0640354282455073559 0.3769329767103575257 19.09628658750921915
0.342700776735121504 -0.01281737200720769673 0.9393571497308984553 14.6311961089580862 0.06483642613458322213 0.9978453473622875824 -0.01003849991872223651 -0.8121180712261678591 -0.9372045543670020074 0.06434475962406159544 0.3427933844209485326 19.39317317295349241
0.3096000851002438936 -0.01463168404887492044 0.9507542586506658733 15.57902716584604264 0.0672250095007734666 0.9977163641564056329 -0.00653649070733793372 -0.8351789943938405791 -0.9484875032487305457 0.06593815954935899892 0.3098766648536418478 19.72248453723295825
0.276475267175736561 -0.01461776653734677724 0.9609098314137175523 16.54998177502316992 0.06846148588583843286 0.9976434500821045326 -0.004521326542430814666 -0.8575941578257008091 -0.9585793694084835392 0.06703534719224107929 0.2768244742213364917 19.99148217285454265
0.2438530178646444169 -0.01129240636430985968 0.9697464315354515918 17.53479784325190849 0.06572670243064902829 0.9978255258909003445 -0.00490829573174554612 -0.8754746616104203127 -0.9675823788658530766 0.06493513533102583668 0.2440649614914525423 20.25282570704136731
0.2122493195623164908 -0.01000956665670792861 0.9771642580339980899 18.47908110045062813 0.06580772191997415199 0.9978239455972423011 -0.00407286487100517406 -0.8972717922534999557 -0.9749971906740435568 0.06516941402815522311 0.2124461455344859306 20.52022414383364435
0.180849234673083531 -0.009584433500429118125 0.9834641038231657362 19.47542350139427114 0.06791755722205777834 0.9976870370233389407 -0.002766315973564250144 -0.9097571277309033366 -0.9811629374792499858 0.06729476306714056444 0.1810818758325699329 20.66739659995926459
0.1518151175399517216 -0.00986034298400485093 0.9883596981563904649 20.47202712399299074 0.06939491690353224995 0.9975889518283096447 -0.000706855765323081758 -0.919229817835556462 -0.9859698091195017167 0.06869444786143219517 0.1521333310993510102 20.80835616051900061
0.1212719429455411391 -0.01043931488366462573 0.9925643982187762893 21.49806502920248619 0.06851621000647577231 0.9976476830012529495 0.002121438757445370544 -0.9314802271728710448 -0.9902517824512173661 0.06774947714570742074 0.1217019267316124254 20.95647015285270598
0.09030259566308423969 -0.01063079539913860949 0.9958576075581546672 22.56482327167721635 0.06876048634224689315 0.9976233648319159375 0.0044145662601487402 -0.9427380973852247381 -0.9935378119297285648 0.06807700401922246736 0.09081895168861987833 21.04861311558634895
0.06216603593511675629 -0.01025437850024856629 0.9980131152462414779 23.59962776492421099 0.07185400084793855391 0.9973983929197991483 0.005772290817815124014 -0.9492082160818727798 -0.9954759329197356843 0.07135239205567006637 0.06274111809112228877 21.12204566783040605
0.03764204905489965808 -0.009720765774953576271 0.9992439787128674089 24.67968268412816002 0.0754129715142876772 0.9971287300006755894 0.006859341379655743177 -0.9577393380719081417 -0.9964416220146981029 0.07509775515981861882 0.03826703773065769781 21.18245113958165859
0.01388593774113584985 -0.008983670276996631385 0.9998632008115008185 25.79493452215274374 0.08014921412045425408 0.996751959090352746 0.007842616130554695697 -0.9557338159120648546 -0.9966861242740641114 0.08002934462510259694 0.01456086873157832334 21.19271815666413161
-0.006013390036062198768 -0.009331831373833622545 0.9999383490730009427 26.92442545423104505 0.08559646616351883341 0.9962815022878249716 0.009812459963794345486 -0.9618223430107049055 -0.996311713407443289 0.0856501919222255742 -0.005192257131010134634 21.17737352362538061
-0.02458559896907742612 -0.01008272421974030879 0.9996468541072220937 28.02805842507287082 0.09035529477699595635 0.9958339847692003755 0.01226648919931422506 -0.9672998783875980111 -0.9956060542779887612 0.09062496167603022179 -0.02357214585809245047 21.15585525133239386
-0.03902281113660952677 -0.009578575149024612725 0.999192382446755345 29.13048188244715675 0.09343004568825920286 0.9955383762558781546 0.01319239527970153709 -0.9714419066650252788 -0.9948607908770639163 0.09386939068284817778 -0.03795377671369556255 21.10834370396329618
-0.05346105197192841524 -0.01042337056898827788 0.9985155058663721661 30.27498362240927676 0.09502893591417409247 0.9953541057995851649 0.01547826745252777261 -0.9582228108501049668 -0.9940379086957885635 0.09571534679578938554 -0.05222215217019653827 21.02782153327987302
-0.06757580604014550019 -0.0110776294501632646 0.9976526163744375841 31.4512625399833361 0.09571225660391008416 0.9952545364621178114 0.01753405127852502438 -0.9523161591230998591 -0.9931125924553415585 0.09667245715137233464 -0.06619485803947983138 20.94592230016731804
-0.07898972700963982629 -0.01112326211088611114 0.9968133439457245171 32.62114721598117484 0.09588789460188297531 0.9952163335037681469 0.0187038115039023789 -0.9504314369150768105 -0.9922530331822229099 0.09705973809676282649 -0.07754527496303587064 20.85439013850162837
-0.09022294795283286595 -0.008234476127662964523 0.9958875237200379704 33.78204754659930842 0.09583234203413523722 0.9952537587997629664 0.01691121477685615312 -0.9471106914425061474 -0.9913001207098200984 0.09696400972984031696 -0.08900559280132455675 20.77284969200422893
-0.1030031892486003298 -0.004697744866473960515 0.9946699057183286952 34.99173041325603606 0.09614722527398868179 0.9952591385512910005 0.01465706591461349642 -0.9388640652659892005 -0.9900232329934718356 0.09714447230940533029 -0.1020631832139069217 20.65392615785720309
-0.1099791660293075873 -0.002104393777844961594 0.9939316384425143092 36.16894831649550213 0.09729638123587898424 0.9951721325567667309 0.01287292446397582044 -0.9337248097472409247 -0.9891602222317920079 0.09812170135445021091 -0.1092434437451341861 20.55328987758389658
-0.1177055759987486044 -0.0007989277024846238055 0.9930481894889415795 37.38150735626501842 0.09688910317867270583 0.9952192996557218674 0.01228489617742740611 -0.9276011153945528109 -0.9883106026536211397 0.09766154553567350793 -0.1170654454301888747 20.4025362879200074
-0.1248137474285132692 -0.0002392026669968461193 0.9921801343550299412 38.62018104582791267 0.09644874211320381141 0.995260981664111033 0.01237295070590030931 -0.9126174859898301683 -0.9874811983480886735 0.09723883653359188806 -0.1241991734076931253 20.23908809738781045
-0.1281312941490974633 0.001623489295224210191 0.9917558588799777475 39.87527194269568298 0.0975908846698443494 0.9951659887768516954 0.01097931793544281928 -0.9078953375179974472 -0.9869439392930843269 0.09819312210551445208 -0.1276703349640458673 20.09820152439812091
-0.1329381773809670819 0.003362469596980413328 0.9911186017999353837 41.19167466321631821 0.09709342159695373564 0.9952284564995169669 0.009646670868206756039 -0.9088706486161663989 -0.9863570637798352303 0.09751350337464473328 -0.132630321590941791 19.92523847241954371
-0.1393533732213360354 0.004220083707589121318 0.9902336979373028703 42.49771684456425191 0.0975023348827675912 0.9951900794545762707 0.009480076921333397202 -0.9075258830252681541 -0.9854308099011416244 0.0978711745879645989 -0.139094552963225454 19.75793525655673477
-0.140102430667854605 0.00329115510252542395 0.9901315193000173043 43.80476946557962492 0.09713347719796501523 0.995216581705077985 0.01043621144880180207 -0.9020679061052043757 -0.9853610229725521252 0.09763705221470232731 -0.1397519338115013332 19.59112837713884048
-0.1429633275738547149 0.001402568791760860521 0.9897269664744635653 45.15994977677247135 0.09762973898803335715 0.9951418069968702707 0.01269210157230233824 -0.8982269488925587186 -0.9849009443672580577 0.09844128671869088743 -0.1424057067124788745 19.39203760679525956
-0.1457236965385370897 0.0002597670003281867456 0.9893252676891368669 46.53646120784019757 0.09776523040222449834 0.995108996923357858 0.01413914346183640057 -0.890568534648732979 -0.9844828659174388319 0.09878201721317031447 -0.1450363476404196994 19.17638406995236977
-0.1460406865692755185 0.000952692656043663288 0.9892780998054560015 47.93108413782193367 0.09979680529408208045 0.9949124281291819027 0.01377423171692077931 -0.8790111590603406633 -0.9842320177878637333 0.1007383883109142231 -0.1453927597086648038 18.95842433758198098
-0.1488792435331452724 0.0009971963322488589573 0.9888548554079994446 49.35626512791574783 0.1002851102980751169 0.994858828159683739 0.01409539452974722419 -0.869129054881058849 -0.9837569907943231051 0.1012659260437577535 -0.1482138234523286413 18.78509731140430361
-0.1485437580596426776 0.002262917863278906833 0.9889032206189618535 50.81928623877958273 0.1014466781092448755 0.9947564667612420752 0.01296205323034878461 -0.8616834440158740449 -0.9836886056445605098 0.1022463748895717506 -0.1479944191914659979 18.60036709756770534
-0.1495040453272598047 0.003004931009285305779 0.9887565218310608861 52.27200473553734383 0.1020703986152927123 0.994699696145878054 0.01241046791592003394 -0.8549884913448263513 -0.9834785832106877068 0.1027781835413489747 -0.1490183326590537871 18.38120024692522847
-0.1484178539882054226 0.004146585835278031144 0.9889160202183909787 53.76149149087596868 0.101225921731045207 0.9948023547657643961 0.01102085324828289137 -0.8469039073760322722 -0.9837303506619112792 0.101739623158443121 -0.1480661623689687456 18.13893866614951733
-0.14635929828206104 0.004000325337657792239 0.9892233831276496803 55.26285108944315994 0.1013117925142040382 0.9947942127921663991 0.01096660287932805372 -0.8376657220650296498 -0.9840298907279366736 0.1018250545486775599 -0.1460026529519727057 17.87632818556574676
-0.1460899948256964009 0.003123938689613352682 0.9892663457996643261 56.77227718918368282 0.101042735803680922 0.9948122775992764844 0.01178004069086477541 -0.8389861288839911557 -0.9840975705093937265 0.101679120211853033 -0.1456477617255413637 17.70027763863700798
-0.1452440552912961924 0.003696459091193786926 0.989388927102890281 58.33432420372076166 0.1018795907283364804 0.994733175353773813 0.01123967708435729893 -0.8358794977165467932 -0.9841365061290963112 0.1024310313246909049 -0.1448556640422634101 17.5141628909775946
-0.1444617612926046568 0.004513476383329186742 0.9895000639246881446 59.85932395796169914 0.1023306969887397 0.9946959770256643685 0.01040255979114717427 -0.8286354910290759657 -0.984204845166787412 0.1027589993890002384 -0.14415739000593078 17.3030446625249148
-0.143867474228504294 0.005325387490625689384 0.9895826082429096671 61.45669565737888718 0.1030037108231636883 0.9946343641159594018 0.009622307334131557574 -0.8171898974861899756 -0.9842216897975901713 0.1033150139136104623 -0.1436440584848090174 17.07611238075127957
-0.1423776234350948022 0.005149306187256045067 0.9897989924047857491 63.06336496537647918 0.1022940049408801871 0.9947084012442843903 0.009539630740730083505 -0.8207025003737771218 -0.9845123148473835517 0.1026087290467871949 -0.1421509515014840186 16.84529106758486705
-0.141708483481165215 0.003612085428021266555 0.9899018167974071858 64.69501448540715671 0.1034614115034326182 0.9945705481367856926 0.01118179944589819778 -0.8163951796879935774 -0.9844868669557550467 0.1040011910746167778 -0.1413127857759309824 16.58122910620408774
-0.1395319970133612753 0.002328815355411941769 0.9902147982637421464 66.30861065964866441 0.1048521230100585289 0.9944099993807538063 0.01243611636048203364 -0.8094875681701613201 -0.9846505995543038958 0.1055613559378246052 -0.1389961846865093165 16.36494874854892956
-0.1383565652900040077 0.002376634623541229799 0.9903796043331143384 67.94754110899562249 0.1068018576856806512 0.994201248176531438 0.01253446923769086646 -0.8074315891103709397 -0.9846069129842967005 0.1075086035432069043 -0.1378080893690143971 16.15028021738491049
-0.1394568198338391185 0.004748829745976019222 0.9902167400558197219 69.61183813347304294 0.1086225969374561007 0.9940272164526101628 0.01053071829037195185 -0.8032013563149539292 -0.9842524452355152498 0.1090284901354518776 -0.1391396950330458515 15.89192385916194361
-0.1367766558332874915 0.004449545446906916918 0.9905918918193069578 71.28478149924134755 0.1076836964303869715 0.9941307104965211305 0.01040305685781433252 -0.7956002984790847554 -0.9847315963996510213 0.1080934877454810678 -0.1364530081089743996 15.62768478159226504
-0.1369489442663470724 0.00408493489038985573 0.9905696584042709141 72.99125958584035345 0.1080275944640126107 0.9940887782102030279 0.01083565868742199234 -0.7987559586046126814 -0.9846699825389589877 0.1084927852008437527 -0.1365806849289141478 15.40480143191549978
-0.1373418137420336915 0.002992656142358772562 0.9905191660948171606 74.71277183995201199 0.107824871729947841 0.9940980507952605905 0.0119471362378505367 -0.8048771493677867594 -0.9846374826619044285 0.1084434392280375359 -0.1368539026359091304 15.19876395904291932
-0.1365278363307891873 0.003349771914422530836 0.9906305452085337748 76.42645369470514538 0.1093139901768692551 0.9939382906209051072 0.01170459931028965637 -0.78885458881217696 -0.9845864870420834025 0.1098877770870322623 -0.136066411791285341 14.95840664178935775
-0.1364832176272522124 0.002823788920169773963 0.9906383324331776707 78.15950172438040511 0.1099927558113491383 0.9938559536445550346 0.01232106913259053277 -0.78358662518764155 -0.9845170765332634799 0.1106446551060473182 -0.1359552453368914615 14.70629607698787034
-0.1382333835630467078 0.0037931067322340274 0.9903923930621497673 79.91198896286378783 0.1106682372250233637 0.9937891706384643919 0.01164032977594236379 -0.7842495664253810173 -0.9841971459116841681 0.1112140581998622563 -0.1377946065140581711 14.45083200144042479
-0.1377018723195758687 0.004703671861626253399 0.9904625273260363461 81.70824869510829558 0.1099379144169299327 0.9938822453502987875 0.01056451711523809928 -0.7888202648891081692 -0.9843534925981498596 0.1103441341125836611 -0.1373765484257902514 14.23207442408097734
-0.1392876255614612369 0.005500080450738104899 0.9902366660264934062 83.5079398593724278 0.1089335153132670042 0.9940006476490911291 0.009801702090454136179 -0.7881876896452678638 -0.9842420412267524066 0.1092352126416119007 -0.1390511235004498192 13.99836819844696301
-0.1399296463578135197 0.006055570642820899512 0.9901429050496597384 85.30743727964069478 0.1082416153976764328 0.9940818201337487947 0.009217332051559149267 -0.7927006548823093413 -0.9842273090591453499 0.1084644413714767608 -0.1397569726262296308 13.75839551689191431
-0.1413257824622047298 0.005126809601083089085 0.989949840835951389 87.09923495449363884 0.1072424598576747351 0.9941809065967215364 0.01016126832779702498 -0.788183061466411039 -0.9841371993755009262 0.1076007011382647954 -0.1410531964524996129 13.50497790363994355
-0.1425144241445118476 0.004574082982859863956 0.9897821300950300216 88.93968406366371937 0.1075116452735806055 0.9941441621490697544 0.01088589052423138276 -0.7886356622074215394 -0.9839363974718300376 0.1079644975475596014 -0.1421716401410051955 13.2353428991958566
-0.1431854004936646274 0.003305260623624370862 0.9896903378038826027 90.75944527296800857 0.1039598744814217157 0.9945123808306669533 0.01171923258959702702 -0.7844604172851750157 -0.9842206230386233434 0.1045661022996968725 -0.1427432581533499278 12.95266443028635095
-0.1448886196113205738 0.004651975176714593513 0.9894370093653062082 92.60578397559852704 0.1038351599032116129 0.9945387209445626375 0.01052918080988556916 -0.7871039645809094765 -0.9839845002711843369 0.1042639045625909644 -0.1445803710149440036 12.70108162863625445
-0.148001982245355046 0.005476132978950428408 0.9889718771553475118 94.49453539387276635 0.1038631859948319358 0.9945408894659788501 0.01003639950212139968 -0.7874349197095259489 -0.9835180736889337361 0.1042031730530463135 -0.1477627814633361847 12.46428217748771594
-0.1510242260046813778 0.006537932371944876579 0.9885084153924365014 96.41603972354444352 0.1035294966348713902 0.9945834070889058021 0.009239112695692417582 -0.7809001586055704935 -0.9830937269845221316 0.1037351045403716865 -0.1508830476638048368 12.16942445862225242
-0.1546992817387975727 0.005718573667221935053 0.9879450283246765663 98.28261511974432096 0.1026773859509879927 0.9946611048505316077 0.01032048576882440248 -0.7834289344558055257 -0.9826115388823367658 0.1030361807668676438 -0.1544605160051747972 11.8609477119864124
-0.1604503370081594715 0.004820719709621361024 0.9870321165476333425 100.2247686603083423 0.09975661196507190631 0.9949469889324283889 0.01135689383176442281 -0.7757873622459596774 -0.9819899478392120074 0.1002851934601006745 -0.1601204672681342256 11.55961770702499258
-0.1657544224246828846 0.005951313432744105916 0.9861490772799239579 102.1503206204873777 0.09955058242027092774 0.994974602739288505 0.01072813562589289282 -0.7870470153071883468 -0.9811295037656929674 0.09994994710598856247 -0.1655138858717763728 11.25601968580271439
-0.1707538046976738999 0.006792929538421373092 0.9852902840343819024 104.0391891407105476 0.09812350928001595252 0.9951224747833858908 0.0101443841635304368 -0.7860793800915122365 -0.9804156595573325639 0.09841232876945336938 -0.1705874829910121737 10.95068757724056496
-0.1758732671763571787 0.009400086715787221367 0.984367909887364112 105.9340298712578203 0.09853053558577463955 0.9951009852324733673 0.008101492386031772588 -0.8016439282211691442 -0.9794693859921453916 0.09841512956074112417 -0.1759378448474685774 10.62914487152541554
-0.1796793458584071412 0.009321103724413028549 0.9836810456781932555 107.8858930663884053 0.0985300530531055957 0.9950971236232230011 0.008568234012244340184 -0.804720429545087268 -0.9787783774433189699 0.09846167655037511846 -0.1797167966463989741 10.28485143197995733
-0.1851088998143381736 0.009280677055631127506 0.9826741649344604701 109.8401169750932809 0.09605469628256944892 0.9953380253303190095 0.008693793007117056951 -0.8100893218893442382 -0.9780123422653528298 0.09599976326551298844 -0.1851373666157126452 9.951334194652144305
-0.1905691953940142347 0.008662351977935070155 0.9816355208928574383 111.7982984009043008 0.09372300459767819725 0.9955537793807451852 0.00940968160573766102 -0.8103412691032544357 -0.9771895064607430959 0.09379502232824780961 -0.1905337311755946894 9.567469534995316494
-0.1979226295359951815 0.00798324661702218101 0.9801851107400637586 113.7628493955603375 0.09343022343126117235 0.9955676503260909582 0.01075724430428383685 -0.8231572071231484378 -0.9757547734039953014 0.09370801242170212486 -0.1977912300591368189 9.205924889556445834
-0.2027069316288940548 0.007915437306562488062 0.9792074329769211438 115.7368372411917647 0.09365499797294339623 0.9955400610802952466 0.01134017080313530837 -0.8268471739279795729 -0.9747505287218630743 0.09400639780898933928 -0.2025441773413242108 8.815786120551051042
-0.2077086632060366478 0.009237994258345240406 0.9781470860942950152 117.7368286054898192 0.09427089011949377206 0.9954899092831558383 0.01061655022968770699 -0.8313883823860013234 -0.9736375418045348784 0.09441594234625973192 -0.2076427378615847974 8.425270321799517959
-0.2132835320095896048 0.01054677380321700914 0.9769333918882214807 119.724040681227109 0.09395641147776054303 0.9955283567782519105 0.009764985137374592936 -0.8308314294588426963 -0.9724619685843497452 0.09387186271473606236 -0.2133207264022895233 7.970757096222911287
-0.2196933382229676324 0.01041726249029725077 0.9755133365545185509 121.710723904541851 0.09367268070505278821 0.9955479857622019368 0.01046461993837769465 -0.8366876906340979803 -0.9710613878830309798 0.09367795303474882318 -0.2196910580485551545 7.536691611718997486
-0.2254669240323013413 0.01037063807257863207 0.9741956006791693268 123.7075165842486086 0.0944467873165147076 0.9954661480959235975 0.01126160337855662552 -0.8456113615884826018 -0.9696620152911198387 0.09454876019015293065 -0.2254241482329869262 7.091309730451597737
-0.2289916601897879767 0.0114527649310176196 0.9733609845778019576 125.7065445634409713 0.09344145603827587465 0.9955717538711259529 0.01026881294727842973 -0.8413481228191875827 -0.9689331594265642167 0.09330373664066982098 -0.2290477759313017392 6.605849268920720441
-0.2349848843077320393 0.01160572073106028862 0.9719297116133196468 127.720098130742457 0.09261659786093232039 0.9956463837065087086 0.01050312948916351345 -0.8485899931619005354 -0.9675764692796920974 0.09248489641713319998 -0.2350367163847407737 6.144688423127485422
-0.2393317485717219584 0.0108666507536762779 0.9708770175570522465 129.7224351666514224 0.09320451537759326388 0.995576603784756875 0.01183282027113296067 -0.8509575709289893819 -0.9664539237240186154 0.09332208794491000936 -0.239285893772303887 5.665245592964438082
-0.2436945657362651618 0.01043121748805935639 0.9697959072928497015 131.7558751924957789 0.09474423874489235065 0.9954153732951277478 0.01310096126688207845 -0.8481090588980342293 -0.9652131590464800848 0.09507520443744424399 -0.2435655980205032878 5.170195941032515563
-0.2467706053622168438 0.01174058166522278998 0.9690027764353092987 133.775398357402878 0.09703317382828441362 0.9952006524544313448 0.0126529020226730151 -0.8531791215957953423 -0.9642037057947605572 0.09714777545268395154 -0.2467254762838489157 4.674471614770768113
-0.2519383789525867501 0.01198217652956610341 0.9676690729080235087 135.7870155848372633 0.0967925518585357747 0.9952212074679930298 0.01287716988415796814 -0.8495955127220474745 -0.962890549454882505 0.09690740855303486834 -0.2518941857127691142 4.166221764142851391
-0.2548785067297449913 0.01164501695231242792 0.9669029395907312585 137.8532309225655013 0.09571257391773251022 0.9953208535980735405 0.01324284557906997215 -0.843828606036214679 -0.9622245087881997616 0.09592008214810088251 -0.2548004497872609075 3.627324129900840965
-0.2587572917596150379 0.01234022729415894422 0.9658635189380065933 139.9212256900893294 0.0947636767370912958 0.9954191069674657166 0.01266958602116347553 -0.8464270833530264104 -0.9612827186165732174 0.09480712245816433348 -0.2587413396807006771 3.089856060615082445
-0.2626138427603286751 0.01255825905816968131 0.9648192651725512325 141.9532921606390232 0.09295951456901353771 0.9955933058447399286 0.01234379718877525942 -0.8453290780199813614 -0.9604126478156660429 0.09293077903784680016 -0.262623975356529038 2.538843368744541529
-0.2662208144700956014 0.01303286571501424858 0.963823934820611572 144.0160503092014039 0.09318460309281297038 0.9955730940002230911 0.0122766271570142714 -0.8484687298548505563 -0.9593972398304361215 0.09308184097970903514 -0.2662567239325426272 2.000781784702931443
-0.2699159285258512786 0.01316127590466994492 0.9627939175047123266 146.095738572313337 0.09234448983590985705 0.9956513529979958976 0.01227802018229191307 -0.8500404149785719676 -0.9584455347570958184 0.09222274286342622973 -0.2699575120492584412 1.418924481373876612
-0.2757456014011115952 0.01406615703313588914 0.9611277033738262476 148.2021716980780184 0.09276232414218986422 0.9956153887516463463 0.01204243405949885319 -0.8494863980938913706 -0.9567442037117374065 0.09247708429218025328 -0.2758413544535356365 0.8237353692470232858
-0.2797084993747663839 0.01407237013624224389 0.9599818121841244833 150.2612027178345784 0.09186600647694279087 0.9956969299487071767 0.01217094266385524218 -0.8460044850285207696 -0.955679731570804325 0.0915940080278893759 -0.2797976471795835529 0.2291695895307796493
-0.2831380798492624806 0.0134124571018916991 0.9589853439628454046 152.3655964745552183 0.091978288777686254 0.9956730447182617905 0.01323078669442186509 -0.8489792636914776924 -0.9546584622266580666 0.09195196696928531477 -0.2831465892853878286 -0.3622417739962178751
-0.2875814006448730864 0.01347161794278509128 0.9576614276710004869 154.5024000781924371 0.09242939006467361385 0.9956242280936421496 0.0137504761575860876 -0.8514200071498608802 -0.9532857407790501503 0.09247043935005581916 -0.2875681635481280307 -0.9937197132812214395
-0.2920198808779664867 0.01418660490551700709 0.9563070042032917328 156.614127908215039 0.09297791589695156289 0.9955749083316227654 0.01362278883636239106 -0.8456628279570073126 -0.9518820590804883963 0.09289355387494073468 -0.2920466868707815578 -1.64126841416122482
-0.2948993676048358714 0.01539406346487075077 0.9554042824348039087 158.7382509573627374 0.09373480639586587171 0.9955136597514679941 0.01289227105528653952 -0.8464419302265326905 -0.9509196114095770369 0.09335655450105657949 -0.2950192878319470857 -2.276505452004833785
-0.2988866417255788277 0.01690853517174486717 0.9541387919207297008 160.869896354263858 0.09408011293568160904 0.9954942831845687845 0.01182944797153233536 -0.844718026290125712 -0.9496397561077349891 0.09330114575787748499 -0.2991306793420225318 -2.913765487534091925
-0.3029091162550781036 0.01799019610258342089 0.9528496092591843825 162.9803093482379381 0.09462126853118518754 0.9954493086427351756 0.01128542500545277362 -0.8501396368371866297 -0.9483105197123079533 0.0935782933327689026 -0.3032329045350150576 -3.565135492342522028
-0.3055976922802871032 0.0188337290561324186 0.9519744214373139224 165.0825992361349677 0.09454113025797979131 0.9954638706858751629 0.01065496133413526905 -0.8589162921679238671 -0.947455531595569056 0.09325686585853025512 -0.3059920024714240516 -4.239228171927677202
-0.3097295899469104663 0.01869611274218963004 0.9506408337342867609 167.2052297289849889 0.09406331270489316776 0.9955046227687125437 0.01106845029862011005 -0.8597302669769720795 -0.9461604693954077661 0.09284864908674286821 -0.3100958354246624027 -4.901133821164636473
-0.3119912515478316384 0.01903004918385979918 0.949894349206729216 169.3271113439531064 0.09401015411735408334 0.9955111349358184425 0.01093354853937625847 -0.8594898162374002837 -0.9454223974520774565 0.09271088216364475887 -0.3123797611416960218 -5.562206481734573771
-0.316695362547741055 0.01982282221966794045 0.9483201262866089998 171.5029486608483751 0.09633197440387633592 0.9952842999303208593 0.01136593180636702449 -0.8681337676147177218 -0.9436228898184398917 0.09495308444459339692 -0.3171114718462751947 -6.290585061932260302
-0.3206833199111365773 0.01989952690219099971 0.9469773895694295618 173.6804249265502165 0.09740986014318586683 0.9951710390446534271 0.01207450206774288506 -0.8673575165753729665 -0.9421642574264230685 0.09611702285839554549 -0.321073140577532834 -7.027739110927812227
-0.3234760679043929832 0.01942030296721344168 0.9460370208182977692 175.8230746871491306 0.09863730713987922671 0.995034494408444381 0.01330067693822607582 -0.8691143884602469116 -0.9410812270364488086 0.09761699117684738414 -0.3237853896463567804 -7.757103621757129197
-0.3260067541192511187 0.01945305008536915223 0.9451672522686666023 177.9603089137103495 0.09840739899077793895 0.995055077739030569 0.01346281970379533538 -0.8678566144687316353 -0.9402316422360936787 0.09740041738116630987 -0.3263089775273298465 -8.479437290023764007
-0.3295541353123115358 0.01950459347103458696 0.9439351686897917704 180.1643156242470525 0.09727610648946079241 0.9951671759467722866 0.01339859794291343997 -0.8671028765286005191 -0.9391120232877907537 0.09623789771623132705 -0.3298587662279738875 -9.230910633892971617
-0.3323365635567844811 0.02096788564899242091 0.9429277366250328196 182.3406093255509859 0.09597065293835882471 0.9953154262752190728 0.01169219277941164863 -0.8663532723229283583 -0.9382654229050423345 0.09437913017030807872 -0.3327919870518692425 -9.980064935140823934
-0.3358406426001347422 0.0225760151702533475 0.9416482075755584491 184.5052225405551098 0.09539678944213253464 0.9953874210672861711 0.01015903117412097351 -0.8661773118387194881 -0.9370754917179526799 0.09324202783546581275 -0.3364452071911708253 -10.75617930910711451
-0.3376894303755785254 0.02335825074968164369 0.940967694139035693 186.674468995932358 0.09429692123225502653 0.9955021986490968366 0.009128772101190235286 -0.8709587217324624708 -0.9365222374603349165 0.09181304293628733681 -0.3383731580945685269 -11.53874779291198749
-0.3424971964290942084 0.02459172053241130695 0.9391969329337288563 188.8747917077032525 0.09282301074801517504 0.9956521650826716252 0.007779856319215147295 -0.8772182971204187663 -0.9349222007999851147 0.08984366260749844513 -0.3432907289211425961 -12.32111828377908225
-0.3456391371603118046 0.02481286003990200092 0.938039375633331729 191.0820445472511722 0.09342078253634791829 0.9955938036689134796 0.008087448288055163609 -0.8879147005125832548 -0.9337055783200112202 0.09042770777615821709 -0.3464341960689024669 -13.12686611210022747
-0.3493789817066116354 0.0246215678377784894 0.936657924367948036 193.3057717635832091 0.09395323701225699597 0.995536980998658616 0.008875813305746407117 -0.8980276188117918279 -0.9322591267913888924 0.09110306316181050745 -0.3501329484198925091 -13.92373489959657462
-0.3533913608258791861 0.02354821842238943863 0.9351791216750372504 195.4904554085285895 0.09307643027052452112 0.9956076484347159417 0.01010246661054862126 -0.9135764873324033752 -0.9308336519964032219 0.09061325533103307961 -0.3540309013176191621 -14.69271284790090881
-0.3574081959177110579 0.02322152583079450938 0.9336595229099792226 197.643358525915886 0.09222585730111627911 0.9956822613294972202 0.01054025748224986236 -0.9171867947380193398 -0.9293835250239975698 0.08987472096741816463 -0.3580066010596363868 -15.53432747722899698
-0.360446176426081899 0.02331401875247881769 0.9324885914635808737 199.869293017838686 0.0915736796837383904 0.9957428629625314498 0.01050158774994323051 -0.9248915376892267171 -0.9282740862652092417 0.08917666539103005774 -0.3610466331359181713 -16.37889903969672289
-0.364393662504572502 0.02383492896142646103 0.9309399110832186075 202.0573853488433826 0.09010000759920253066 0.9958847385121530893 0.009769723632588624834 -0.9224010988330749727 -0.926876049900706489 0.08743771516620120476 -0.3650415892941104579 -17.25486040030314427
-0.3676374469066837625 0.02441668069323737686 0.929648587806556681 204.3043401090844213 0.09103752391201512528 0.9957987083676518303 0.009847483990988351032 -0.9346670942394764703 -0.9255024806679221783 0.08825320611032573537 -0.3683157034176083311 -18.12720922271141788
-0.3690037119716935154 0.02492483656945331319 0.929093631816459764 206.519723375621794 0.09114133082538952713 0.9957927410139524316 0.009483989097276950345 -0.9461649502479597684 -0.9249483679397355607 0.08817845394507596579 -0.3697228749543941539 -18.99918206931315723
-0.3721837432152392822 0.02494449414324530212 0.9278237965364024564 208.7536279993780965 0.09262846448053445314 0.9956464800676854132 0.01038872530126494324 -0.9575341799940829679 -0.9235254160938242141 0.08980940488533002697 -0.3728739782326872532 -19.85439826430522459
-0.3754990049660909546 0.0246660310002804993 0.9264944945509093754 210.9368393867488578 0.09421658009642185083 0.9954831141963577101 0.01168232554144746534 -0.9673875356200205555 -0.9220215284730346461 0.09167784093039299531 -0.3761268418740980057 -20.75689170797832261
-0.378922323221794588 0.02477946279742664765 0.9250966521282842914 213.1778531896566733 0.09489995400369541367 0.9954118873409925072 0.01220838351389576769 -0.9764634932402985745 -0.9205497475489810011 0.09241765530974899168 -0.3795353285049373193 -21.67440394053581443
-0.3815324225300839589 0.02615328553047662971 0.9239853792514530761 215.3951594858689589 0.09501426144794457296 0.9954144245692996273 0.01105824768730305843 -0.9840131370221623097 -0.9194592252885125383 0.0920108649748787033 -0.3822677854580293633 -22.57729711271369055
-0.3824979641898005323 0.02633421108852039214 0.9235809556672248677 217.6176096334974659 0.09510242538179898564 0.9954066046233355225 0.01100415928303274948 -0.9994705995208515992 -0.9190488574967897728 0.09204385399020793834 -0.3832454206083591997 -23.49140369707523135
-0.3859355726457672775 0.02741997552756550438 0.922118129099796402 219.8267040733846045 0.09404268647014428495 0.9955202870470948318 0.009757179044539073323 -1.003193160469122436 -0.9177198230554539649 0.09048410519530176999 -0.3867853134313991581 -24.39723003597679352
-0.3894679101044158376 0.02862295367676981339 0.9205951548821467156 222.0337472235747782 0.09419642070360614849 0.9955137980143409226 0.008898518816350332178 -1.020495158632620081 -0.9162105371796261943 0.09018245265669701249 -0.3904168311348938936 -25.32896289737714213
-0.3917860978120383253 0.02887387299073096089 0.9196031312098777999 224.232673263155192 0.09228830121493021565 0.9956996811032934325 0.008055173614497807347 -1.034301158235621854 -0.9154160203795214112 0.08802451251889058248 -0.3927659861323563595 -26.26404258900967292
-0.3950642976529214478 0.02950177062467649464 0.9181796188678627013 226.4478815061287662 0.09259989759072231874 0.9956723803335325584 0.007851198979014439167 -1.051564193673900194 -0.9139745222846060724 0.08812506379414510038 -0.396086443129641752 -27.22234051483705386
