1.000000039978027555 -3.858921975592287847e-10 7.909684333061825356e-10 6.893855816064720088e-10 -3.858921975592287847e-10 0.9999999352479277404 -2.439174453917419472e-10 -3.575088773632995043e-09 7.909684333061825356e-10 -2.439174453917419472e-10 0.9999999059029300863 -2.749857064276994834e-08
0.9996635764675837477 0.0004825044714995380623 0.02593416626699383137 0.01235093891849819644 -0.0004943401344319437807 0.9999997118415678843 0.0004499340547108526887 -0.00558906096752606954 -0.02593394179622473053 -0.000462603444415085694 0.9996634576277246831 0.0136442133873000155
0.9959265513123968239 -0.004696002890570496156 0.09004627121737164563 0.2148586670488417671 0.005010902024127956815 0.9999820296782631068 -0.003271341823142205965 -0.03995956814262526663 -0.09002929508298891659 0.003709228618695562408 0.9959321163611086769 1.420934254608153147
0.9909257414683514398 -0.004165931379314536699 0.1343461858763741468 0.4111717430506701132 0.00587656074876574501 0.9999065388177870162 -0.01233896914563058049 -0.05681035428163200979 -0.1342822335582454785 0.01301649471482400205 0.9908575410365336733 3.024210212530584752
0.9841875482120393537 -0.002715902899812701419 0.177108920846833412 0.4658075174999027901 0.004886366727743575097 0.9999181378394625952 -0.01181996345287447507 -0.09980322808660864464 -0.1770623303692036576 0.01249847907122559817 0.9841201831682133694 3.722366345816932043
0.9752099917975276533 -0.005340961547806432133 0.221217132622489876 0.6369250761237191805 0.00826086575736541262 0.999890455949241419 -0.01227618412186004537 -0.1276696923220370372 -0.2211273457574595425 0.01379930150029949447 0.9751472167105882383 4.588707630530494797
0.9625804678920963919 -0.007116956249692153909 0.2709026804893741591 0.9265840011429088419 0.01129556571193450487 0.9998399568514558799 -0.01386871947601613954 -0.1664511894535845582 -0.2707606373204062278 0.01640975647546955712 0.9625067368058852768 5.659655896083532589
0.9499894966128812346 -0.0092736779285553083 0.3121442336224773406 1.275843687816602623 0.01504014214351409931 0.9997576605323938992 -0.016071242606571539 -0.1983592269746751457 -0.3119195679332986137 0.01996220415614805704 0.9498986882476534443 6.58018145884169936
0.9344342564493901548 -0.01166217190441567152 0.3559447676422395901 1.620614885519150894 0.01937640570790003652 0.9996480757579997434 -0.01811491247705612415 -0.234132818110095231 -0.3556082643885095651 0.02382412370241316843 0.9343313125844421307 7.525019274272655601
0.9175052100180570713 -0.01086594757389125823 0.3975753766405183409 1.934161362755591806 0.01993902623940633709 0.9996263503662168315 -0.01869399386238412841 -0.2634544903989066156 -0.3972237190736450096 0.02507910130624697864 0.9173789773493628008 8.443061572098789824
0.8982508864241829372 -0.0127435341808042335 0.4392983064790732528 2.387993275378640146 0.02264034207494632078 0.9995939749434777921 -0.01729655163723078579 -0.3009374129982096413 -0.4388995481764511597 0.02548250544950398169 0.8981746297644813692 9.291971171692086529
0.8757718544491572832 -0.01287749483785485469 0.4825534980495961856 2.838026184454206735 0.02330704200406798904 0.9996062000771070988 -0.01562360698035616599 -0.3459309349034044301 -0.4821623054519676987 0.02492960862843704786 0.8757270511634841492 10.16202998837515814
0.8517312764165081429 -0.01257493909457762377 0.5238279751481461632 3.363622249200294956 0.02431129286545556656 0.9995836813170857482 -0.01553369314403364732 -0.3755236501950129369 -0.5234145930910418798 0.02596546630640627143 0.851682338756990065 11.04571779600401804
0.825900483838384325 -0.01334258558500711449 0.5636580561780252241 3.920205929231707298 0.02621909659552499119 0.9995472299221018764 -0.01475685185225801381 -0.4206087491962492431 -0.5632059892962707481 0.02696629478995999848 0.8258763140973999217 11.88800571138402162
0.7983668559090049133 -0.01516060360034594996 0.601980524273244888 4.487623719531082855 0.02964093761727923729 0.9994605294731103706 -0.01413985176273276599 -0.455827552720805107 -0.6014414425351662929 0.02913205477856451592 0.79838547967642437 12.59311905955765276
0.7696029817029667042 -0.01433396852804894386 0.6383618205911530952 5.152697800284141039 0.03061143052881026838 0.9994266457944680493 -0.01446342171124581459 -0.4895712384333100187 -0.6377885350250200869 0.03067225957493998137 0.7696004565240810447 13.40152905335775024
0.7394624894226048406 -0.01757717319249788024 0.6729682679929525069 5.765151440246844672 0.03562019298812478529 0.9992802609494598753 -0.01303965222580460472 -0.5231031366709314456 -0.6722547486068511935 0.03361359175446867326 0.7395563204211219599 14.15318656168069111
0.7068677605213388171 -0.01687958212325947616 0.707144301066065295 6.514147002579917078 0.03633872306932899032 0.9992616350920627832 -0.01247206661932356853 -0.535146008241044191 -0.7064116919020729801 0.03451282119008409338 0.7069591676193731633 14.73134938802580862
0.6734496965021854464 -0.0161924888189358511 0.7390556928167866246 7.183538551591000854 0.03771440106995139346 0.9992106343490586573 -0.01247408402238542845 -0.5812238160974889656 -0.7382703679350014481 0.03627370932486462946 0.6735287417655313469 15.38440705766204708
0.6366659621740629049 -0.01708229368224282313 0.7709504840641916434 7.913845638087406265 0.04263310561190720299 0.9990052131271889291 -0.01307184395571467199 -0.6092856695114928778 -0.7699603044412164365 0.04119040975602081267 0.6367608423149093699 16.06117618903155631
0.6006769007452381626 -0.01608999880503874519 0.7993299493246730503 8.623452783007598654 0.04352885232277473732 0.998972619522722205 -0.01260218714046199874 -0.63244597754928078 -0.7983060149324380239 0.04236375624698011239 0.6007601145531586972 16.59809455075835771
0.563850331950749073 -0.0149559761061206567 0.8257415523034151716 9.429194473605125637 0.04663927102844170336 0.9988170046705220351 -0.01375646272827835137 -0.6686471254985628665 -0.8245590151049515537 0.04626856820859880093 0.5638807963677150425 17.11924282502150163
0.5251123839069062882 -0.01312147315800664578 0.8509317215756357911 10.26747487753784505 0.05094707521302192788 0.9985724497900330121 -0.01604147047419647934 -0.7027569153180811545 -0.8495065403026760276 0.05177605509823886981 0.5250312238885466165 17.59418746887596896
0.4849841859476514694 -0.01206974308128169401 0.8744396141439273462 11.1168425651355296 0.05335583057568676901 0.9984503197324957613 -0.01581091779692154684 -0.7235523693528519429 -0.8728937344016031163 0.05432449479145813609 0.4848765730702895294 18.09990048260770479
0.4463459453975654467 -0.014181441145777492 0.8947480969496147685 12.00148160223047711 0.05786418994116367814 0.9982391817049792726 -0.01304386574350994629 -0.7464712522210528167 -0.892987684469740417 0.05759594809675259997 0.4463805779411714192 18.46938227080966755
0.4094422170159459085 -0.01512404962443016608 0.9122106681106022519 12.82114105048403196 0.06310191481183205497 0.9979375257864463444 -0.01177768394346215969 -0.7805577611286909079 -0.9101511891797159359 0.06238451839662016718 0.4095520810903151565 18.8900534879264228
0.3733398322210899067 -0.012517578774802798 0.9276101794553324176 13.765509735329168 0.06430376995738908141 0.997853074970434184 -0.01241518509599897485 -0.8089092836702621581 -0.9254633212614932214 0.064283912153387468 0.3733432012044837212 19.2643621319774816
0.3390372381783365308 -0.01302196974446412879 0.9406828058615952504 14.7217510263643252 0.06519955389178319627 0.9978251705812908323 -0.009685970191351306671 -0.8276449543116843888 -0.9385109110858966819 0.06461600132113280714 0.3391488931143306629 19.59912917809611344
0.3072222696067812842 -0.01456493836649218332 0.9515262995012945257 15.7179871530572548 0.0673433753063032714 0.9977088053286012892 -0.006471513913237226211 -0.8441249569052011736 -0.9492519713346255772 0.06606718328854002675 0.3074991943609379774 19.8876347332513177
0.2732713279178021204 -0.01449223786707286125 0.9618277978436525766 16.6670287910238244 0.06898885019084316506 0.9976069009069672422 -0.0045695464168373362 -0.8710871862561946344 -0.9594598873967216113 0.06760411721816765585 0.2736171463964799933 20.17018374454258378
0.2418214413608732738 -0.01156998047792244695 0.970251761221779585 17.59448586132171499 0.06600778432859337463 0.9978086561628922713 -0.004552910816719993141 -0.8842321475834261646 -0.9680729912583566632 0.06514515791287280033 0.2420552194186821049 20.41436204043898073
0.2102666722354819551 -0.009885122283593280462 0.9775940686437843974 18.57146421532558023 0.06618228845555863826 0.9977988729526640066 -0.004145447367787784623 -0.9129148909818618485 -0.9754013445117515335 0.06557105951884255324 0.2104580539876242107 20.6596154515705912
0.178884209582769016 -0.009666734948725309862 0.9838226182883775817 19.52740282737763522 0.06740881013376680275 0.9977223583490262282 -0.002453342088687130839 -0.9214853253956334367 -0.981558170425036125 0.06675717365713247642 0.1791283861254778509 20.82457499926242406
0.148407859379607876 -0.01020263923863046207 0.9888735826697855336 20.59759883659122792 0.06940010893493232802 0.9975888335054796663 -0.0001228490476446712375 -0.9299125912013338491 -0.9864880541209365417 0.06864616347300350752 0.1487580772689453545 20.90864156738096824
0.1186338691018151287 -0.0104332162797366873 0.9928832262977647094 21.60415470443477659 0.06878039769429301897 0.9976291886208722426 0.002264915455690957348 -0.9448528829765088233 -0.9905529817948853788 0.06802220486727413029 0.1190702030703411907 21.03681511537784488
0.08868010480348184621 -0.01076464058573097307 0.9960019621514499821 22.70061462686625475 0.06890058411173090314 0.9976126412683083977 0.004647410928365536611 -0.9553670904899717042 -0.9936742401235134636 0.06821298146329383971 0.08921007740481805282 21.16649742133142098
0.06039925491484715581 -0.01024071787453142285 0.9981217381547824452 23.78285907686841227 0.07206927880895322436 0.9973822785409744984 0.0058720086444850857 -0.9556013597556733963 -0.9955691314603386521 0.07157924614170592392 0.06097918339671646454 21.26876232470524997
0.03532025503773923714 -0.009861612555781579248 0.9993273609252631973 24.84715206074933747 0.07577403242149688412 0.9970992330095290734 0.007161464734409338229 -0.9662367596438850015 -0.9964992332111712869 0.07547011619318892695 0.03596505084623617676 21.33333254706390036
0.01098993913073248625 -0.009234349642681112524 0.9998969416625872464 25.91434402878496002 0.0804225204588846776 0.9967260646828193238 0.00832113521620795292 -0.9695521915835288995 -0.9967002485948223134 0.08032278039830745286 0.01169660762400414472 21.33651524520899656
-0.007872638706602650902 -0.009427585991935698989 0.9999245411860437915 26.99053191764604165 0.08610985031091893116 0.9962346835432401848 0.01007075889138238541 -0.9793018224261130777 -0.9962545163766441947 0.08618263270029191681 -0.007031187245115465626 21.34830449490201332
-0.02580621657060782823 -0.01038786909451578332 0.9996129637511941279 28.16011694644645758 0.08984304928283587399 0.9958752976924272193 0.0126684333949349387 -0.9660177689490683228 -0.995621520445923669 0.0901351976375484587 -0.02476649407959719343 21.24674884773910577
-0.04381943425920178936 -0.009712621684023398094 0.9989922263148733883 29.31887854359809253 0.09337659149047890239 0.9955355026340768632 0.01377484968299743338 -0.9699446654724801498 -0.9946660825897819524 0.09388609152924409784 -0.04271686806466056668 21.20477452836458454
-0.05665471193899105501 -0.01044245413952790344 0.9983391933588050549 30.4209683756082363 0.09549470927732284231 0.9953039963579591864 0.01582993047457440308 -0.9645698453723149379 -0.9938163566945348304 0.09623294747978917985 -0.05539145826704379438 21.13603634496934802
-0.07032077411779424914 -0.01123161045988605063 0.9974611702194252638 31.56304024825744037 0.09649179342677607907 0.9951707895138127702 0.01800846692763375181 -0.9572222221119303098 -0.9928465488223022772 0.09751318277299794723 -0.06889741731003251601 21.06379548670728852
-0.08265303642547328078 -0.01111062060204284947 0.9965164205141814335 32.74268361675689221 0.09581699044042832347 0.9952167228650362629 0.0190433778383812119 -0.9589934050924158182 -0.9919614544734453032 0.09705719361117745581 -0.08119309221435581925 20.93673571116706711
-0.09298772416780129446 -0.008306361737570770037 0.9956325800254053338 33.86623903956642323 0.09592956910126737569 0.9952383614897722941 0.01726247266887812049 -0.9566926168370402106 -0.9910351903113696626 0.09711579870499564837 -0.09174811820114604777 20.89935524062250849
-0.1050355928844773079 -0.004988761371172005868 0.9944559234501192391 35.09383824338270585 0.09660969752493556162 0.9952062613003552771 0.0151965522413279909 -0.9522682813888486697 -0.9897646378935285316 0.0976702610968278595 -0.1040501097816846077 20.77783211987607359
-0.1125954222707222507 -0.002029151442251867377 0.993638818098792842 36.25584060353212834 0.09726813262199004995 0.9951725307470891124 0.01305434124525128511 -0.9397741907167525 -0.9888686107617012944 0.09811924764408701261 -0.1118544918293486734 20.65231466545412076
-0.1208400760911254729 -0.0009308625047697655563 0.9926715253066741296 37.50904688501300654 0.09718382378234391439 0.9951845386126439985 0.01276361636548792831 -0.924530709349939861 -0.9879032992990752771 0.09801396721060877393 -0.1201677022858943511 20.4674823095901246
-0.1271777112427102951 -6.482277749596929606e-05 0.9918799188465567962 38.72967489688746667 0.09709999447429805419 0.9951958777299675374 0.01251508778786505904 -0.9127934286553396337 -0.9871156818819286638 0.09790317111504807934 -0.1265604309261529059 20.29413738876824524
-0.1325661330844497554 0.001351959131053790883 0.991173214223619814 39.97771278704595233 0.09783622355257005909 0.9951333583779092828 0.01172790773102359678 -0.9228254549195520351 -0.9863337378909770026 0.09852736377541240764 -0.1320532426680156024 20.1975985600635255
-0.1366231291872875286 0.003419161936866152354 0.9906171702889349229 41.3373830452505473 0.09718476245576396222 0.9952163705194362331 0.00996841013851109195 -0.9087096498987232707 -0.9858444052933962309 0.09763480603565978522 -0.1363018557730261426 20.0194566766159987
-0.1410793016183873316 0.004208676711195098209 0.9899893262165555541 42.63013429471322269 0.09744319580798850577 0.9951941859842509119 0.009655422485914191139 -0.9101935262807985261 -0.9851910491630776479 0.0978299002875428203 -0.1408113979031487273 19.82762969236400608
-0.143813135506398071 0.003401804840340105687 0.9895989885845219991 43.90399784630373148 0.0971171525618897552 0.995215455365526025 0.01069240300437916506 -0.89895067718846422 -0.9848278986433502968 0.09764474022293745392 -0.1434554188180965362 19.63502607277322554
-0.1463179951277447377 0.001541392890653498588 0.9892363807157725786 45.23478329078950821 0.09814067736408049747 0.9950880238601708117 0.01296547864798233522 -0.8987837204890080089 -0.9843573543527638359 0.09898140753510704937 -0.1457505478887996531 19.42694288627169286
-0.147693759510995698 -3.701570711122070925e-05 0.9890331140087642581 46.60256444873393633 0.09759908765651414964 0.9951184769564864752 0.01461185531797144256 -0.8832889086605636431 -0.9842057309644074437 0.09868680566226421813 -0.146969166156786013 19.16529279577824241
-0.1498173412969123763 0.001340230494048810089 0.9887127574197083213 48.07449041900888886 0.100177513569109089 0.9948733780848838526 0.01383108140785963003 -0.8799020225681076779 -0.9836255280844449222 0.101118917647970874 -0.1491835350724184384 19.02770645301837504
-0.1521704946253959467 0.0007522593446057107428 0.9883539464274629927 49.51499845524872967 0.1002955947465655751 0.9948492478026748076 0.01468466145722749361 -0.8749038491748811763 -0.9832521974637229434 0.1013621151964604894 -0.1514621399386631706 18.80973252186234745
-0.152491476307863888 0.002425405822109766383 0.9883017837784238147 50.92733098807891423 0.1017540290305695289 0.9947211592535866176 0.0132591252310740159 -0.8664452107521114499 -0.98305260125281968 0.1025855880531213182 -0.151933282395312369 18.59764384078722088
-0.1518009332910992548 0.002485879624909533708 0.9884079349068765064 52.35492017261302777 0.1012987796547348968 0.9947703137685158792 0.0130557102018067743 -0.8462690759392039741 -0.9832064805831035592 0.102106382694154646 -0.1512588681509652033 18.35581246614104245
-0.1511906731692352346 0.004147213708234036809 0.988495892593076686 53.79444965705742732 0.101851331574438389 0.9947341898158859053 0.01140479567713130644 -0.8426913158906028656 -0.9832434267002214678 0.1024039177352044222 -0.1508169205897446352 18.15411381040365768
-0.1503082967501628286 0.003858849312808772507 0.9886316168745824529 55.35695049428537828 0.1013784376456771247 0.9947810482629594331 0.01153038959095771879 -0.8400086473292743827 -0.9834275661249655132 0.1019590380464979185 -0.1499150387491908487 17.92955502874591289
-0.1488806133285144606 0.002957661099213969823 0.9888507287931834755 56.87822151864450859 0.1018280346395143976 0.9947252154069669006 0.01235591721228279129 -0.8401834031080346321 -0.983598273578019433 0.1025322788740920671 -0.1483964627165670347 17.73480663343445585
-0.147903606898671075 0.003905657993674965973 0.9889940431992096936 58.41038214583755916 0.1018752646245204008 0.9947328545882381245 0.01130707555465523297 -0.8329865112471552813 -0.9837407701895891643 0.1024263832022560966 -0.147522456832733101 17.52066890498869967
-0.1472826876833208676 0.004238422515679403195 0.9890853321332834236 59.9844963809090217 0.1016094018225845996 0.9947649442678228038 0.01086768647099513839 -0.8254847337477128066 -0.9838614174526271183 0.1021009871163252314 -0.146942308018340545 17.28721492428826423
-0.1451119519006550673 0.005082705986556049389 0.9894021608989047589 61.58719406311892186 0.1025551150265338329 0.9946776783563474611 0.00993156956642779476 -0.8164769809071086293 -0.984085829131267964 0.1029094379260795944 -0.1448608668965236101 17.01008002273842834
-0.1435098866369203807 0.00514079798511984324 0.9896355051482181864 63.23260451133662485 0.1023675135083532417 0.9946995072175142116 0.009677501135373071939 -0.8223221126306482498 -0.984340263247059255 0.102695339103153413 -0.1432754543167043537 16.81633343558061711
-0.1426330599406911981 0.00326742355928182418 0.9897702170401013744 64.78586492589829504 0.1034888152925569904 0.9945625541496128097 0.01163024174765186526 -0.8129859970209480924 -0.9843504581841658885 0.1040890001549121258 -0.1421956323605048367 16.6027541147253821
-0.1420403411828610463 0.002164627702916657303 0.9898584768675036116 66.48321664259633224 0.1050721903526171813 0.9943808234871561735 0.01290287789480127137 -0.8008396970109064039 -0.9842684214604507931 0.1058393234242387543 -0.1414696238252922955 16.34111260487840411
-0.1415615003001881866 0.002549383296150518289 0.9899261541261019648 68.09257939299367024 0.1072702586519009849 0.9941476976385421604 0.01277961261511372827 -0.8088702363518989191 -0.9841002908395851678 0.107998731590540048 -0.1410065028531247433 16.13170110701465632
-0.1406065491033699766 0.004588432094984298999 0.9900548939076447841 69.81037656007787007 0.1088641287665168406 0.9939973151059746659 0.01085406268234264879 -0.79590727911373782 -0.9840621672331145708 0.109307611559025436 -0.1402620382586710346 15.84011698520331102
-0.1396747886398168048 0.004102549830566733918 0.9901889066133324757 71.50966146461689732 0.1085126559908286409 0.9940320415898968864 0.01118818220564389045 -0.792870988617635053 -0.9842336643458601264 0.1090107309906360455 -0.1392863842575780831 15.61801056407476906
-0.1402092150669044246 0.003953506677559069475 0.9901139803534368955 73.19338086184163217 0.1082675263131487459 0.9940567940306808126 0.01136242142115754042 -0.7954716325153192713 -0.984184671644000475 0.1087903034349794185 -0.1398039495441912861 15.40991303868294438
-0.1422808890837583551 0.002718218550010761438 0.9898225640290353455 74.85225583443336461 0.107450192190178595 0.9941290912668578894 0.01271525497419560662 -0.7952537741333436383 -0.9839769072588202548 0.1081657583714426552 -0.1417376342742700246 15.23230112420579907
-0.1398236997545069249 0.00322478470447057396 0.9901711377498638722 76.50715407178255134 0.1092539232820429196 0.9939390497575486538 0.01219086824347357344 -0.7906064016571950903 -0.9841305108413480607 0.1098846496017320123 -0.1393285460146042876 14.96173770808919556
-0.1377811633203478159 0.003242053324856685338 0.9904573632083938373 78.32063148411752707 0.1103099440334109338 0.9938236119630557974 0.01209199030944714016 -0.7867495170346475719 -0.9843007753445801589 0.1109233405336696315 -0.1372877946202481769 14.70575534578023458
-0.1385615887852665873 0.003986560231910482241 0.9903457687534243936 80.15405767246670621 0.1115290183496206455 0.993693358747313904 0.01160424719476041422 -0.7849357957268836561 -0.9840538162522201038 0.1120601900379930849 -0.1381323381520873916 14.49746883742399461
-0.1415151176089769758 0.004732739150164207154 0.989924755227154729 81.85383602657194047 0.1099231955812355194 0.9938795636449275772 0.01096246834654675088 -0.77954325431444349 -0.9838141652603527021 0.1103670432400295082 -0.1411692113880929078 14.21824929098343837
-0.1407373613185230743 0.004970637353515649018 0.9900344621317100913 83.64239370914972937 0.1094176598794342897 0.9939396617167678416 0.01056391177896598421 -0.7871246825334009545 -0.9839820730109830604 0.1098139869007291741 -0.140428311096833458 14.01162975859917381
-0.1421678921775927362 0.005810639808708953358 0.9898254771755697901 85.42422912997847106 0.1083681993519916287 0.9940631495294039999 0.009729324421328790565 -0.7775717416377913027 -0.9838925617279705715 0.108648798012398129 -0.1419535414166996079 13.73303673433264294
-0.1418258297656289357 0.004970106842699179711 0.9898791241378207539 87.18992068765287229 0.1068234480142503523 0.9942244507188181535 0.01031329965736755595 -0.7719976417135929747 -0.9841108342875248827 0.1072049893291185663 -0.1415376218586950063 13.41905160654822993
-0.1451070281377237203 0.004536031821623228918 0.9894055403504677937 89.06947188235362489 0.1072705188568340157 0.9941670068608035038 0.01117451856267068742 -0.7825812757409473797 -0.9835837206360257268 0.1077555427208226196 -0.1447471923152942319 13.16013092428606335
-0.1447250919451421314 0.003607027560581831886 0.989465302865825902 90.94931744376808069 0.1036171271364121488 0.9945503604601503289 0.01153009131519827472 -0.7810960448546582224 -0.9840315482830507277 0.104194241619559258 -0.1443101322149126786 12.94159787485840418
-0.1461465963149480018 0.004906342089647248994 0.9892507511787282937 92.82197703379524967 0.1048461831369125463 0.9944323463178972311 0.01055736891094872024 -0.7770681652815703 -0.9836912115211573493 0.1052620849271139469 -0.1458473038343878758 12.64512632102348633
-0.1488644410732995749 0.005562697651639544535 0.9888419404520163436 94.74363290294826356 0.1034055064704579169 0.9945892270556280224 0.009972070330807936145 -0.770213965691249669 -0.9834361336022403588 0.1037361843781994947 -0.1486341726708594879 12.3841098200012425
-0.1523600042868866467 0.006784883516694503389 0.9883017470405247584 96.6278504850876061 0.1045375218181183868 0.994477501178139156 0.009288581012904140177 -0.7775786720409660902 -0.9827808938105744296 0.1047298196793616382 -0.1522278607219212931 12.1203976573626484
-0.1568344337866551808 0.005908513266446391646 0.9876072087537987043 98.51804404105342883 0.1016259556576620815 0.9947704559636175725 0.01018707866485320419 -0.7708956292303049684 -0.9823823467988908043 0.1019642072213417516 -0.1566147086821822743 11.81431988323242344
-0.1624150022515811476 0.005197356417663826465 0.9867088241690072925 100.4039376445581411 0.1003503912167358764 0.994888178757056818 0.01127750939519727227 -0.772695196567487308 -0.981606395686318578 0.1008482493842395855 -0.1621063113283172652 11.5131247001346626
-0.1667644711078395958 0.005915947028972014417 0.9859789866398462888 102.2932448276501702 0.09948138392540938069 0.9949801378535787499 0.01085591903397574269 -0.7838421958950697599 -0.9809653488516585362 0.09989693189586214273 -0.1665158515292946839 11.23441438022062222
-0.1718879137202846408 0.007369608056950558567 0.9850889216549981731 104.1595162595760087 0.0986238180708573775 0.9950768152388670407 0.009764513094773087654 -0.7859158823113936432 -0.9801672500550462352 0.09883162860942971972 -0.1717684847621800959 10.92316479872377855
-0.1766125123700248156 0.009275620032415516497 0.9842367261663899081 106.1552341560107351 0.09906001806538225485 0.9950459581091180006 0.008397947026130012441 -0.7960486377693114513 -0.9792829437811334525 0.09898168662621271985 -0.1766563974491853761 10.56210200887396233
-0.1817948358447297186 0.009416453908768912529 0.9832913698821147408 108.081870946003832 0.09723971276935124142 0.9952250762161218844 0.008447327252133884218 -0.794552729663304369 -0.9785167483756812556 0.09715064714980772842 -0.1818424200487762099 10.24074891124139164
-0.1864320908356099649 0.009541241586963431637 0.9824214932840007464 110.0807098341938683 0.0956225056625289449 0.9953814920896927321 0.008478973474961697468 -0.8028505665705170102 -0.9778033355816206917 0.0955223539263901078 -0.1864833972711485433 9.879195391011977634
-0.1910066073375812912 0.008945751455441951563 0.9815479611101888269 112.063051248346369 0.09373925640190539088 0.9955545042469634565 0.009167999855145214649 -0.8126654094437195663 -0.9771025428002368951 0.09376072098519568077 -0.1909960431464152175 9.499813311805640481
-0.1965932545435544188 0.007949914448706140585 0.9804528759126470705 113.9766225134938367 0.09339942407775460309 0.995571636926027681 0.01065526448022155459 -0.81645002405548317 -0.9760264297296979974 0.09366848351114037685 -0.1964651720679026492 9.097528821087104589
-0.2022435517045360898 0.00832306949390204838 0.9792998638614889284 115.9470055021640604 0.09348930168420577225 0.9955611413684647415 0.01084599465228598333 -0.8166217286431807221 -0.9748626817439053349 0.09374758933349335022 -0.2021239251343938392 8.712571221168328606
-0.2085088954109093617 0.009744915907704588404 0.9779718955755298815 117.9617929692611256 0.09434223507062299008 0.9954875587498781542 0.01019482246678873189 -0.821606571836543953 -0.9734595705876336602 0.09438976205418861398 -0.208487353986513968 8.267272274420632172
-0.214659039985996225 0.01088781496378791666 0.9766283345085748913 119.8759234017893078 0.09350209410637387586 0.9955741472516924651 0.009452357145536311941 -0.8194080990490514305 -0.9722030691452654416 0.0933458248121708245 -0.2147270093193293372 7.894721247388960528
-0.2196052074181330249 0.01055812175077728947 0.9755316657843499106 121.9022644389215344 0.09488176430165939923 0.9954322007425957519 0.01058564531433449016 -0.8314104992991823151 -0.970963931712852335 0.0948848248171574038 -0.2196038529327007105 7.424734818313478257
-0.2254100670561025588 0.01067977110549545028 0.9742054180227646132 123.9403240333212608 0.09418625767887081612 0.9954950811957531398 0.01087950021538334165 -0.8386220563664690264 -0.9697005743498987584 0.09420910783564402646 -0.2254004850762738321 6.969337833424818385
-0.2316657571907536628 0.01105519100247468432 0.9727326006758467702 125.9082643465777664 0.09235933087125322571 0.9956683956348814091 0.01068041413813466955 -0.8338525351167501709 -0.9684010970090071169 0.09231521484901017427 -0.2316833067900078147 6.5241635673329057
-0.2368575959040943313 0.01169560616502309663 0.9714739549253701423 127.8599234428134679 0.09224706994727117915 0.9956806798085480192 0.010503963609027403 -0.844973225973040587 -0.9671550606929232297 0.09210356595512406153 -0.2369134011056446276 6.083745594185671735
-0.2402162317886318565 0.01127722934512262812 0.970653872053677147 129.8187453429197831 0.09387205283994419502 0.9955158616573470676 0.01166525708810545355 -0.8474283139617735383 -0.9661698370296354366 0.09391945211007715621 -0.2401976690130915582 5.60195009371841568
-0.2444036483963171191 0.01035570477096482526 0.9696182597003133452 131.9172119800229552 0.09475105395785174411 0.9954127263857978081 0.01325191596625344657 -0.8476075170351108357 -0.9650331854465783454 0.0951111650487910798 -0.2442636990200447167 5.048854881217309298
-0.2487605198054976263 0.01163126844313440086 0.9684951580559635342 134.0047070344274402 0.09688685238850208714 0.9952113008368863589 0.0129335190936352637 -0.8459798519870502798 -0.9637069557271878972 0.09705179266925380299 -0.2486961802838977831 4.544869705215768718
-0.2521773207722380339 0.01194173652774036323 0.9676073314309625584 136.1032265168143169 0.09665563497091636536 0.9952341193490721327 0.01290764512614783234 -0.840486136294312236 -0.9628417534809219358 0.09677971271804487741 -0.2521296924299021858 4.00957462798577069
-0.253510106494259535 0.01194833847389671459 0.9672589194334537677 138.130353081894981 0.09582741180094041245 0.995315332182449386 0.0128206101625779733 -0.8384879022242491819 -0.9625745105027753157 0.09594006940277513551 -0.2534674566599088297 3.461841507930318862
-0.2569646265462179335 0.01280090479390835062 0.966336003615180128 140.1804130071698467 0.09542525454837184895 0.9953618952678887633 0.01218973383132365869 -0.8458190205325799571 -0.9616980591403019307 0.09534518591532249732 -0.2569943095011941181 2.91117716308099661
-0.2609872507927264995 0.01317644875883951759 0.9652522938269434416 142.1905571420950594 0.09302702784804041392 0.9955963835515335703 0.01156220012567530861 -0.8459103736599749013 -0.9608494068998545412 0.09281213533373428026 -0.2610637108321715583 2.398802870775233576
-0.2673214230643084499 0.01278451209057683557 0.9635225830656505286 144.3071540003951725 0.09228314170572804453 0.9956556248623711358 0.01239232605172426414 -0.8401395120601652389 -0.9591783122587811405 0.09222962182038464685 -0.2673398549503599453 1.821685581862329872
-0.2708750943744398509 0.01378242225526376229 0.9625158094246779594 146.2947036058268964 0.09333321110681534749 0.9955624183830188434 0.0120105843326458496 -0.8467648037472190747 -0.9580790945427847261 0.09308805588167484713 -0.2709594029994591979 1.302632725161188665
-0.2761939283930783251 0.01414940743852491356 0.9609977439510100083 148.3523066853492196 0.09246187163932288733 0.9956448779410671523 0.01191430378280548298 -0.8448902139919187704 -0.9566439635789705243 0.09214630493378342391 -0.2762993316853756265 0.7104633145422554197
-0.2804187589049007001 0.01432006582904150893 0.9597709160885454782 150.4692619625440102 0.09209524855301887136 0.9956772007349964371 0.01205190588578035696 -0.8452051996669113221 -0.9554494973611573627 0.09176991809887131979 -0.280525355496873019 0.1133423805222084635
-0.2846616398981171026 0.01309941721155107562 0.9585385294054352689 152.5607402969610291 0.09184323040906371138 0.9956796045193602174 0.01366811877188191249 -0.8472025815940447124 -0.9542182817804656381 0.09192606064620242878 -0.2846348621193629524 -0.4810723560198281179
-0.2887281431968595768 0.0139103615205802434 0.9573100426671981023 154.6767738732165753 0.09281291814456399392 0.9955916223656642305 0.01352608655730593891 -0.8481512843650781397 -0.9529017679495693782 0.09275609698355299915 -0.2887463617588231224 -1.106886574755372887
-0.2915616743876446315 0.01469366405447684008 0.9564391476225816424 156.8290232411016234 0.0933573883123214876 0.9955455591908296542 0.01316468572738226095 -0.8452043872561465498 -0.9519853707454870584 0.09312897519934687507 -0.2916346720731319841 -1.75397809274118166
-0.2960547700478132205 0.01549249196324107951 0.9550452936972200213 158.9416125426617441 0.09394826771117438524 0.9954924703148124721 0.01297443175341535422 -0.8526240661190833681 -0.9505394544823712044 0.09356598980572257418 -0.2961757666564791003 -2.387679548990434331
-0.298684681286842002 0.0164718193798085652 0.9542096717840671261 160.9709282161960004 0.09345764448546065029 0.9955500450798927536 0.01206846133941466906 -0.85264541712055264 -0.9497647542754251715 0.09278284929930293023 -0.2988949446611720573 -3.021485186833053671
-0.3027643795047314512 0.01810021632193744776 0.9528935252127430644 163.1593350093418735 0.09466201355707366816 0.9954467524992548499 0.01116859356432164767 -0.8559583365796715748 -0.9483526731372889929 0.09358426857266725907 -0.3030992002834947963 -3.691046645719095576
-0.3052982948759647153 0.01918884881014764829 0.9520633892506689122 165.2809940935810857 0.09491094675101834077 0.9954316660306405939 0.01037216515552105527 -0.8638688851954617887 -0.9475150777156754467 0.09352783845044315703 -0.3057248009403047417 -4.361655690350286996
-0.3088105901197015224 0.01873409868287800872 0.9509390154919883376 167.475720976839682 0.09334960167124761732 0.9955758177658237118 0.0107011344033996255 -0.8551282202648048392 -0.9465314737229276743 0.09207439847159316904 -0.3091931550302614018 -5.071549973069736872
-0.3123817743116585888 0.01971003931738721932 0.9497521255201322177 169.5986910355590567 0.09492740006378733164 0.9954280744230403766 0.01056450317927153972 -0.8640080092262940603 -0.9452017644701734556 0.09345765470612836523 -0.3128245892112871407 -5.745663434342551668
-0.3164922629431977108 0.0201088293962497465 0.9483819068924472795 171.705800562538144 0.09635867170532583237 0.9952852366772938497 0.01105329934457839787 -0.8830420049071341371 -0.943688303418041774 0.09488310096144177141 -0.3169377149711694597 -6.411171988573621583
-0.3226512922136127171 0.01977671046391586002 0.9463112515018841098 173.9194385001167973 0.09799266320201258096 0.9951071181816177891 0.01261478181708804679 -0.8714267791784672257 -0.9414316450289231808 0.09680173175203088398 -0.3230105477307567696 -7.178157227809711216
-0.3230137647369473175 0.0203922074773110612 0.9461745214595052023 176.067915720133783 0.09948732525113095082 0.9949599926244397929 0.01252024913879833286 -0.8664000502085944522 -0.9411505408895805003 0.09817658146114723039 -0.3234145167611024996 -7.888431819288832969
-0.3275075675999434832 0.01885135613233003896 0.9446604571568725239 178.1770935798186599 0.0977363817396796758 0.9951134266342797075 0.01402637613300720607 -0.8660086732399896459 -0.9397799497477790087 0.09692143572468256418 -0.3277496184849031935 -8.64997185343474051
-0.32956721137419831 0.01965430099872242029 0.9439274980621704669 180.3888481428361672 0.0970942338054862214 0.9951878786705121716 0.01317828927238013509 -0.8675074333625997225 -0.9391262557439546965 0.09599304561651378354 -0.3298895904171836868 -9.426590784205224338
-0.3324597064338947194 0.02127159664739995681 0.9428775227924482971 182.5601881549099517 0.09621669166952762087 0.9952942345445581207 0.01147197935633179587 -0.8685564588044011325 -0.9381965963357984384 0.09453452321967559246 -0.3329418886295874014 -10.16303484127123191
-0.3359799803035586341 0.0226838383992379565 0.9415959095262118606 184.681660138601444 0.0950584670950883337 0.9954220169646713634 0.009938175812065489986 -0.8598089343949246732 -0.9370599247197366477 0.09284568840321839878 -0.3365981372470636668 -10.9259828006428652
-0.3393440630101282607 0.0238733438296823211 0.9403593096161054765 186.8343981349275396 0.09462640425201825078 0.995473229406157456 0.008874937162899887433 -0.8782730048572086057 -0.9358907055161687083 0.09199447395211374223 -0.3400669554151717344 -11.66461881103485076
-0.3414661027288812822 0.02453953709884517873 0.9395736654597477422 189.009684642671715 0.09260370128452365124 0.995673593471735896 0.007649907841335300968 -0.8819699537413172585 -0.935321023784394967 0.08962017990598167283 -0.3422612098097944089 -12.43854951639481854
-0.3469762646149731067 0.02515276448132191742 0.9375365442235139568 191.2387041243138981 0.09370239866338175849 0.9955682935844547554 0.007968979415166589642 -0.8937989743212232385 -0.9331812766760716471 0.09061446633800075701 -0.347795417952321495 -13.29255741448960038
-0.3486392745715635733 0.02430510589802030094 0.9369417696565842668 193.4423262477005778 0.09338962655400576129 0.9955895786568499384 0.008924116434881074894 -0.9087428320676337323 -0.9325926210805612904 0.09061193605012121677 -0.3493714490384559057 -14.05392795868910305
-0.3529912104762772396 0.02350419731879770449 0.9353313424191281866 195.6539437844763825 0.09220943722975707968 0.9956915541065154418 0.009778551839113759289 -0.9086695153585822027 -0.9310717418307679072 0.08969811619353730558 -0.3536376512580298725 -14.90261486599553287
-0.3579533803847030904 0.02342303195377822694 0.9334456071934064125 197.7554070968202211 0.09308171250511773631 0.9956007847501211483 0.01071184049565182712 -0.9229278506995000075 -0.9290883360459419871 0.09072105175832251289 -0.3585588975061947958 -15.70571586919509066
-0.360855200178130775 0.02385663606947904802 0.9323166566354327278 199.9707362575922502 0.0921834159207370607 0.9956897197342154948 0.01020152700611404173 -0.9203585910466273168 -0.9280547971536384777 0.08962540483763083154 -0.3614989742960342811 -16.55781373370346898
-0.3641106402567127476 0.02442022025013831227 0.9310354760308244826 202.2030460000929111 0.09093807527795953749 0.9958116944621773214 0.009444941678943236801 -0.9367930809256604929 -0.9269054280863842088 0.08810557466845021779 -0.3648063362042042179 -17.33935010808727739
-0.3667876330029519738 0.02497587083230140906 0.9299693551645692446 204.4746715934348344 0.09155962734833747452 0.9957554538646724573 0.009369206812131786882 -0.9552522897942393731 -0.9257881138170195312 0.0885841534763302102 -0.3675175419420650957 -18.24691159917836103
-0.3701164354687727087 0.02566565879725876687 0.9286307457074104432 206.7315488297186334 0.09217731019236698187 0.9956998669106336131 0.00921899284624818488 -0.9628107623548092242 -0.9244009588849678716 0.08901078173824898687 -0.3708906512392922683 -19.13683082140352454
-0.3717968661094307459 0.0255632926339548136 0.9279620532675949551 208.9290544070748012 0.09416066313526219589 0.9955036415568622177 0.0103024516716167594 -0.9822836554599055914 -0.923526299114691418 0.09120793812312147364 -0.3725321649138949032 -19.99276327388523811
-0.3757643104155992675 0.02504678129535474473 0.9263767084941811891 211.1456659524704946 0.09445650086583376459 0.9954636570695056808 0.01139948455141775487 -0.9854643522426159707 -0.9218888860128229279 0.09178581837467637838 -0.376425519888286042 -20.9098261758718813
-0.3783409520352088995 0.02490924880561955213 0.9253310855419054626 213.3587414814252838 0.09488126933675720964 0.9954162230014423907 0.01199829455105148879 -0.9851588531952937267 -0.920790765972627212 0.09233603066947318472 -0.3789701163770611281 -21.78770639690736388
-0.3802295807897389524 0.02657877163069745363 0.9245101402993431972 215.5448919359987485 0.0956052939871815527 0.9953616989529645576 0.0107045500530593956 -0.9872422888643368477 -0.9199375303853024599 0.09245824686653625335 -0.3810070064116055644 -22.71042780398282446
-0.3845206167833903899 0.0265167065254213255 0.9227354575953058413 217.7789787490010838 0.09520540310661369798 0.9953960410649976831 0.01106905669574505431 -1.011043619231652979 -0.9181937666353506833 0.09210567825326007596 -0.3852748067010275945 -23.61439059782235006
-0.3850241745926131776 0.02780028534818514141 0.9224876662195131694 219.9465739749244904 0.09481583841097122878 0.9954487186760809792 0.009574791444859639608 -1.020466039910471912 -0.9180230435103658992 0.0911529642527904721 -0.3859077018896319711 -24.4992050671599344
-0.3890605115204304187 0.02904077047196166814 0.9207543199221102093 222.1743436949496697 0.09451459179947695188 0.995486791096481749 0.008538854911318009139 -1.030162875479190054 -0.9163508484116976716 0.09034684657165686916 -0.3900493497037634261 -25.46128217214614153
-0.3918786470383208154 0.02888017108675704561 0.9195634984242914145 224.4327390087045728 0.09217775287935016382 0.9957102813279782305 0.008010545683872024106 -1.039557786388535687 -0.9153875437354909161 0.0879024554341311104 -0.392859679948371121 -26.4227357161901395
-0.3942654800185482755 0.02971934471826286409 0.9185158996916259477 226.6421942247087316 0.09272359652535874797 0.9956629291707480567 0.007585343980970792044 -1.063591992741038661 -0.9143068596087231548 0.08815873367637885871 -0.3953111798506890873 -27.36687897095860933
