1.000000039978027555 -3.858921975592287847e-10 7.909684333061825356e-10 6.893855816064720088e-10 -3.858921975592287847e-10 0.9999999352479277404 -2.439174453917419472e-10 -3.575088773632995043e-09 7.909684333061825356e-10 -2.439174453917419472e-10 0.9999999059029300863 -2.749857064276994834e-08
0.9999879543753733557 -0.003114134603030158967 -0.003804368450911147642 -0.002254810867821469521 0.003126251947637754755 0.9999899810331570604 0.003183531796854098192 0.006106601737523792602 0.003794418216625780604 -0.003195387227515914148 0.9999876017764085523 0.004515759177796225925
0.9998138826252839229 -0.003778531134211610479 -0.0189209590597293198 -0.139249282977735811 0.003863961380686935926 0.9999824319660797212 0.004480630909485612892 -0.01084859524974868261 0.01890369925879447147 -0.004552907157367772593 0.9998108486495456138 0.8751625518486337851
0.999987205822710723 -0.00159822764085731559 -0.004807681937307516605 -0.109814857386405576 0.001619221086139427303 0.9999890928902431808 0.004366087015770279446 -0.04044839276651365084 0.004800653392497028146 -0.004373816171334519477 0.9999788174148335207 2.773697687874304485
0.9999689822470775313 -0.001236077595394415767 -0.007783738968640623555 -0.08207005605137884796 0.001259727916183969818 0.9999945381171444492 0.003034355741370126612 -0.06693510666152427402 0.007779947842141585364 -0.003044067385853743181 0.9999650083344866491 4.425233170959197437
0.9999647421270058123 -0.002088534936686237218 -0.008138332761584540082 -0.07920552912392248013 0.002118042898733864775 0.9999911437075408305 0.003618963017344827178 -0.1001101739766011578 0.008130704464677118715 -0.003636073105569179783 0.9999602404331172645 5.96821737029979893
0.9999592822694249872 -0.001056814959724240287 -0.008966430568798224726 -0.06877444829922080283 0.001095313419213083186 0.9999901337938363888 0.004289882983634670313 -0.1093735731254791704 0.00896181065518636237 -0.004299529681287544459 0.9999505046889988202 7.430453409709287804
0.9999221521419127123 -0.004240658454596767796 -0.01173824484909403477 -0.140613336540172329 0.00427820734611540892 0.9999857412205231944 0.00317565586854680771 -0.140114808975916022 0.01172461294535232477 -0.003225627662621136354 0.9999259675707086181 8.946782934742309124
0.9999112917863943739 -0.003989136974262405891 -0.01271122574494906732 -0.1682209875392848553 0.004031168016584036999 0.999986421726915542 0.003282763892655603255 -0.162728975411454202 0.01269796015795351778 -0.003333714133800217208 0.9999137262821521377 10.47253885012922048
0.9998638771880934417 -0.00461138991208215332 -0.01584430737220976493 -0.2102350607401000659 0.004662689772264870351 0.9999839371572473157 0.003202381032342551184 -0.175771781354811224 0.01582928804683645871 -0.003275822571758713574 0.9998692486984800398 11.94342487469647729
0.9998585185919141027 -0.004453912210851397949 -0.01622298867765087013 -0.1905917899151935713 0.00451535255250171564 0.9999826997824264874 0.003752628341463763988 -0.2119872586598509634 0.0162059967706860604 -0.003825350272300420858 0.9998612624924624326 13.43360701677087121
0.9998547928470007395 -0.00307220056066984798 -0.01676408953133512805 -0.274388899226590488 0.003144785547883921593 0.9999857229636516243 0.004305192744411144926 -0.2372947326673931212 0.01675062644151191493 -0.004357287388604284654 0.9998501099830672256 14.92096024361882733
0.9998646490147740096 -0.0009322123520679124467 -0.01642846691568631071 -0.2719949695443648063 0.00101284025363422331 0.9999874161372981352 0.004900225889553479729 -0.2525898418114111421 0.01642369477784385787 -0.004916202350080260512 0.9998529417246709849 16.37719549438635624
0.9998641544499478062 -0.0005369086563245289078 -0.01647617277054176654 -0.2916417117233072176 0.0006305718239534483481 0.999983604293169126 0.0056801422270643517 -0.2760014217491206234 0.01647285556491497743 -0.005689760282444746714 0.9998480302173772261 17.90674751209477122
0.9998414720318331561 -0.0002134559004008144089 -0.01780632267864243681 -0.3393048078308206761 0.0003146754457417930226 0.9999837435737508606 0.005681906326339916484 -0.2915688727424216031 0.017804823111730185 -0.005686609065289126991 0.9998252160411001954 19.35840304096194231
0.9998328101547213631 -0.000105211151385417744 -0.01828716902914791567 -0.3893075834551045777 0.0002122747717396078818 0.9999827850821227937 0.005852774612466741209 -0.3189722422600803076 0.0182862412078176606 -0.005855678253443287636 0.9998155511384342331 20.85418776246081052
0.9998263325259310053 0.001343443560302895164 -0.01858977746648931076 -0.4235374255346661121 -0.00122565842965636964 0.9999790480498570444 0.006345999951813408209 -0.3317609481050532994 0.01859791625580659372 -0.006322113381725396816 0.9998069615077382899 22.32271660167729976
0.9998327591765694411 0.002029925935667449468 -0.01817726489573935969 -0.4637934643663806922 -0.001896083140340583135 0.9999709238863879746 0.007377448272258441478 -0.3536665049861660304 0.01819171480800608337 -0.007341749055914927914 0.9998074675243338039 23.75497383488998793
0.9998212726325089728 0.00258337943223125319 -0.01873042495365987922 -0.4532945549065407476 -0.002465490898207413697 0.9999769600762062893 0.006314361844572934264 -0.371637831033203303 0.01874630859713620826 -0.006267053845488136828 0.9998045368155789037 25.17113169043570409
0.9998226180390870077 0.002487516430729078219 -0.01867149155024742241 -0.472241329207606364 -0.002406937116691205795 0.9999876341189442019 0.004336906564902911522 -0.3990611693024143647 0.01868205158073820565 -0.004291196491351075872 0.9998161723368523823 26.62659155347731854
0.9998315072497158118 0.001073309504960600616 -0.01832716559002079901 -0.5218713410302956435 -0.0009949367665486677243 0.9999902598982038926 0.004284939165044112687 -0.4143713849292819384 0.01833158891805694926 -0.004265983136456068768 0.9998227673534008098 28.07103497157214989
0.9998588904640003383 8.912061017228193683e-05 -0.01680092584303605197 -0.5661527719963698191 1.618577089829503025e-05 0.9999802929129596452 0.006267696177159803872 -0.4269890199870537417 0.01680115599865786291 -0.006267083925055218739 0.9998391154034558248 29.52388169462255973
0.9998620530039376009 -0.001883952991879843169 -0.01650471382273527299 -0.6205994405231065603 0.002017558889991660255 0.9999652387726004621 0.008082152651149953834 -0.454691696075501417 0.01648891635498164754 -0.008114337145812987664 0.9998310282465320276 30.91549113447501185
0.999864337591509944 -0.002710909390621436734 -0.01624922395752113544 -0.6419991928260009306 0.002832791035551764525 0.9999679285078484359 0.007482495568023066548 -0.4736843173172309851 0.0162284210879024629 -0.007527511325874014156 0.9998398805781396614 32.32093812342960604
0.9998716587711021786 -0.002080952225639275122 -0.01588759020052885398 -0.6790992835018584417 0.002174324383195294988 0.9999803891748648699 0.005862087511380017525 -0.490101306437248474 0.01587508251913302346 -0.005895880198489653577 0.999856505814925578 33.7115617193666921
0.9999031989234643536 -0.00150359579583923971 -0.01383516865556923964 -0.686240667231479029 0.001569335493922672771 0.9999874601808464991 0.004742062748671313326 -0.5127182449532567965 0.01382786749805781437 -0.004763316037031000739 0.9998929506488208885 35.13614430843632164
0.9998936818500528956 -0.001168057058511213142 -0.01453755634657082074 -0.7332432106470062605 0.001224653422654029423 0.9999916392037045965 0.003884873154036394376 -0.5446242990933269912 0.01453289957152016643 -0.003902263927979216472 0.9998866830925634552 36.52110522167492945
0.9999089915340909629 -0.0001818690576575987777 -0.01349279375679506704 -0.7798045024017773441 0.0002453132445993455395 0.999988857135894027 0.004700629553305138257 -0.5588578030098813043 0.01349179096652120859 -0.004703512022356279125 0.9998978249830223763 37.83127050002762104
0.9999322052109882453 -9.293870568376803659e-05 -0.01164715689780806973 -0.7896594768447184887 0.0001735720109495010285 0.9999759611303810081 0.006922248556311562558 -0.5811089027296878484 0.01164623590705864478 -0.006923801099950263604 0.9999081147859778529 39.16014819186241169
0.9999472215149182164 -0.0003169521004392302399 -0.01027295730792911199 -0.8178637481525606878 0.0003968279439333623421 0.9999696360332945844 0.007774318557401114528 -0.600556548168539317 0.01027018354334887848 -0.007777985018244390654 0.9999169156089564581 40.45255737031840937
0.9999648354247803184 -0.000653178425827636959 -0.008365477017691077405 -0.8273238301660448268 0.0007257863748341692031 0.9999620045163347681 0.008679472721987335077 -0.6244012303776235173 0.008359492049336550087 -0.008685239205586073319 0.9999272460272230489 41.74056631751546576
0.9999912904215378928 -0.0006586437248916850781 -0.004131006803015683029 -0.8344715244954838962 0.0006916897896584675185 0.9999676684411924477 0.008003382230096604821 -0.6482141344231284741 0.00412560371560248898 -0.008006170069097026665 0.9999593454012496441 43.01858915620257307
0.9999988642622488211 -0.001531458782861244879 -7.787861053473994039e-05 -0.8766780572673056326 0.001531936965081584544 0.9999771466302743717 0.006574943100345322089 -0.6662888860866339469 6.780916486135139148e-05 -0.006575055164260342096 0.9999782876952666433 44.26445528835520804
0.9999974542094890451 -0.001175999899713935787 0.001946421888597057743 -0.8778721216296024865 0.001166885443067331189 0.9999883180973687669 0.004676808670995066981 -0.6973772809550936591 -0.001951897620159747521 -0.004674525814579643009 0.999987075271623671 45.53295098633178384
0.9999781905811038207 -0.001040235129493726103 0.006528111088158579031 -0.8745156623240906146 0.001007517954897712426 0.999986862992293557 0.005012907581038417507 -0.7083586178590277616 -0.006533238770341562481 -0.005006221349290468879 0.9999660325947981043 46.76104539319563003
0.9999267701031828715 -0.001324043082190783918 0.0120325100231521015 -0.8491542936449069101 0.001260239445499154514 0.9999850505445972981 0.005308575657024650236 -0.7245513822613078858 -0.01203935812258294207 -0.005293023339424429534 0.9999134210368106901 47.94481890184557926
0.9998234977658004841 0.0006682924968338028494 0.01877782304771473051 -0.8597291838580248813 -0.0007454789401982396231 0.9999912368749093172 0.004103770038732218461 -0.7524933991374797015 -0.01877491560886993677 -0.004117044501199299336 0.9998151650751930797 49.13745387508356544
0.9996762634888359811 0.001463934881565231907 0.02540285456400361019 -0.8944789014429092022 -0.001572773841637060358 0.9999896031210830927 0.004265035391280305385 -0.7717814521211051604 -0.0253963467805236702 -0.00430360789350744434 0.9996681031142496954 50.31892598219548063
0.9994069954027230418 0.002342676736026942652 0.03435475593742932238 -0.8570114003778239731 -0.002526024439813122531 0.9999827291542560115 0.005294439421323483656 -0.7911943825210048242 -0.03434176008169526756 -0.005378081005101428662 0.9993955831762615372 51.49144149791825953
0.9990215389482719477 0.005070993323802802481 0.0439355152935216528 -0.789918022313625845 -0.00533232152030367005 0.9999687070231815245 0.005832822700043188008 -0.8105926292401789413 -0.0439045634743754562 -0.006061394028226438878 0.9990172475024210463 52.68996454746447
0.9983746939802271569 0.006790281207626203998 0.05658570585303330375 -0.7469042246984509692 -0.007135183173106745755 0.9999571010934499293 0.005895391132560468504 -0.8294687554174021704 -0.05654324910226182777 -0.006289558902899478922 0.9983802454871284482 53.87198567497097201
0.997354953131641575 0.008851920285799667887 0.07214444072656661655 -0.6865313319820141036 -0.0093301810055123717 0.9999365942739488755 0.006294891744190960099 -0.8410731927217408588 -0.07208414756086638231 -0.006951362325475614334 0.9973742359944252067 54.99881799404161598
0.996061270019182099 0.01090174420815383932 0.08799532587724427646 -0.5899916345627131964 -0.01161530717783157418 0.9999035844623823666 0.007601113856128028333 -0.8606954542513379769 -0.08790398047172096052 -0.008593267962144719718 0.9960917922922990497 56.11193102848982761
0.9943045125973610787 0.01144446410660516708 0.1059605542837706582 -0.5070287380304696612 -0.01242489084190994027 0.9998857837019569095 0.008597217769395362405 -0.8740819143233743427 -0.1058500665855675316 -0.009864800786566776947 0.9943330741042892829 57.23004766016568823
0.9919981501990277062 0.0106931064842875484 0.1257990679070496443 -0.3577099867764698127 -0.01176450963029583748 0.9999004883395422594 0.007776904604259370253 -0.900116658322001939 -0.1257033967277046693 -0.009194639388890377477 0.9920251652003746479 58.34523557227825563
0.9895418764890857588 0.009612047676980385244 0.1439255383879889383 -0.1839703135602434036 -0.01074604742375487657 0.9999169613370739729 0.00710376001697672968 -0.9173029373612097137 -0.143845313066693431 -0.008576098757635855843 0.9895629291758516466 59.41493363580567433
0.9861597245141375812 0.006977301696288279627 0.1656514157249278918 -0.002471432699650367992 -0.008199407631868353349 0.9999439079398458885 0.006694863182767634043 -0.9224118139108110626 -0.1655954210730419263 -0.007960448011084758288 0.9861615501609739542 60.51625227663449635
0.9822883120266849843 0.002258638922973247622 0.1873623391828566909 0.2251555264945196977 -0.003890446824136920695 0.9999575712100108316 0.008342103905437043068 -0.9270718160247862771 -0.1873355583970166272 -0.008923274434143393247 0.9822553537440562588 61.53494509613032903
0.9774090749990043125 -0.003535794420843772681 0.2113269328889884613 0.4323737543373289971 0.001428420605177181495 0.9999476667825806242 0.01012392205103386511 -0.9500847514831385343 -0.2113516817137110482 -0.009593349561910645765 0.977362906885074767 62.61376009076697358
0.9718895242799127088 -0.009202868919944448209 0.2352575879645865953 0.666773510816072057 0.007055541934722769047 0.9999253647050510008 0.009967689573796699454 -0.9634840746636066378 -0.2353317744850837168 -0.008027623377197420224 0.9718818508718690685 63.6461678759395113
0.9656982677594387887 -0.01476817202628320433 0.2592466548916767533 0.9774077285096515189 0.01313406402239828026 0.9998814010150121057 0.008034349049939874809 -0.9797737606786184328 -0.2593345764166721801 -0.004353795014170170827 0.965777636090366598 64.61684634312369724
0.9582102467769126886 -0.01882599351928486084 0.2854448710060001337 1.287044363376744993 0.01708772843791166868 0.9998171211713291484 0.00857929231635131892 -0.9846683251555973238 -0.2855541998610484633 -0.003343161616554431517 0.958356637436644454 65.56239413540458827
0.9492251770731305882 -0.02163157083955529608 0.3138529998966051449 1.591203142696306916 0.01901422116375055607 0.9997541709895223505 0.01139857414821828473 -0.9978348404909263003 -0.3140224336229760493 -0.00485214338866855107 0.949403071641965135 66.50313544196053783
0.9397003342892545907 -0.02611314566941916326 0.3410006600936427157 1.906620656754238308 0.02264197214251449652 0.9996433477217915309 0.01415588121143151329 -1.005165775277672147 -0.3412487166326844124 -0.005581358999061857354 0.9399563759780866778 67.47551794039462436
0.9289541797318833227 -0.02978347992574855232 0.3689947675225461743 2.254509678444860832 0.02641778205872261087 0.9995504698965470558 0.01417143101629646934 -1.016898755842597923 -0.3692509902427745794 -0.003416586941115354586 0.9293233359186595655 68.40773948109060143
0.916806547620318435 -0.02952536942944294224 0.3982387048065700874 2.650470400706010921 0.02767919597971505233 0.9995628391830991832 0.0103857200572520271 -1.019415112742363627 -0.3983712770225736888 0.001501230609629568063 0.9172229306201555854 69.29642201746875685
0.9035197929865886879 -0.03046003382954641861 0.4274625434108357269 3.079878278543096926 0.03119726072246630649 0.9994992307555473632 0.005281023866208222478 -1.039796321609699037 -0.4274093697384113155 0.008564150159684901994 0.9040175450069324325 70.16653257824066259
0.8894302626268399958 -0.03270585762810804958 0.4558993172278757444 3.479725901028492441 0.03520352237805245837 0.9993755523994121148 0.003014610335838458204 -1.050849436358072264 -0.4557132555242005556 0.01336797530815148072 0.8900261597211988063 71.02386879729296254
0.8736199486611313514 -0.03353506827878383056 0.4854519888103890901 3.943433806665090913 0.03511080319576641295 0.9993662338453010996 0.005850875418424651003 -1.051315766306418764 -0.4853405653342688919 0.01193316698414143527 0.8742436604786246734 71.86792735229674634
0.855848197265673738 -0.03258889416734043337 0.5161994498850083213 4.471777416339417499 0.03111757860275447124 0.9994494458934202186 0.01150530180292473614 -1.056921738098166585 -0.5162902313074027028 0.006216084621741584625 0.8563910346298739817 72.68451400639727922
0.8357690043920326106 -0.03279622824940736647 0.5481009204790998623 5.013113806017241103 0.02899684953963571968 0.9994578872366436384 0.01558797308106056427 -1.074065322179219129 -0.5483150488877995832 0.002865254804557650775 0.8362668526663279422 73.50891936441230712
0.8150519436997453182 -0.02736947765736800348 0.5787411135434361587 5.549647699000706424 0.02561008024194150884 0.9996091362202305097 0.01120576240789859963 -1.08639268273019951 -0.5788216366668246238 0.005688327457548139968 0.8154342474027509446 74.24871935398279277
0.7931097543660948768 -0.02064073685154820675 0.608728928607690789 6.127661081821934808 0.0226337716088621313 0.9997340342939367019 0.00440948824834791215 -1.089942522061117192 -0.6086580808414845389 0.01028062277046921241 0.7933659370919685649 74.98153164029226048
0.7703531464729376221 -0.01766505382097927068 0.6373727338391895758 6.730132775946040091 0.0212106170943214406 0.9997728153208470525 0.002073160256247915788 -1.090670852125545931 -0.6372645950618271993 0.01192200280079211243 0.7705527673126889576 75.71231901198710545
0.7475300997028089256 -0.02060855111278070764 0.6639081708171336027 7.359890737302286823 0.02279314488164920285 0.9997257223419958594 0.005368720852423227927 -1.110841039171799993 -0.663836759008911037 0.0111192740605484397 0.7477947507457268772 76.41171868539083789
0.72273205987491973 -0.0211508646154015649 0.6908046230959908884 8.001878285137919988 0.02284535334449670774 0.999716442498584934 0.006707828045036548156 -1.126174047530973166 -0.6907506602197355239 0.01093371271887796752 0.7230102726279870051 77.07343934783396833
0.6977140025859266403 -0.01979992572916941876 0.7161027478689597769 8.599170336268567638 0.0240245545390614032 0.9997023392448570744 0.004233700851697053992 -1.144601227211912819 -0.7159734644148656457 0.01425013643160081243 0.6979819565139632198 77.68955389817821811
0.6712142929629144605 -0.01737027195304088195 0.7410598178765306354 9.254566006271863543 0.02389882087401064975 0.9997127210332773517 0.001786701265480178337 -1.15532363784856873 -0.7408780093882445517 0.0165111956221651035 0.6714365496819862944 78.26123369091919812
0.6445119321637187149 -0.01505323854376192788 0.7644460554429324262 9.944016109152553184 0.02217823309926447717 0.9997534796403128032 0.0009881566001494995581 -1.157136339190865781 -0.7642725273636244987 0.01631718331936755917 0.6446868563879718517 78.85856705136427536
0.6163200749879512719 -0.01380399337663938859 0.7873747599004391473 10.65795557431621354 0.02262802156275962526 0.9997438716771965828 -0.0001849760844965435229 -1.170710639041123491 -0.7871705875233866445 0.01793073670105277406 0.616474532280564147 79.45954387230381144
0.5877659089678076709 -0.007815584884576287639 0.808993291596722619 11.40064516980022269 0.02146027492335744052 0.9997520310117553599 -0.005933263627778246306 -1.193656777891179743 -0.8087463658746406603 0.02084858762333716142 0.5877878450996695259 79.99577654894517309
0.5571395466015046649 0.001449080350462529383 0.8304176142207112532 12.17134732336213077 0.01998447359818101079 0.9996853995830523587 -0.0151523330849553748 -1.213039800764700082 -0.8301783743302821872 0.02503742181263710065 0.5569352725491784062 80.49358942023378916
0.5264230248428112269 0.009815082395437227381 0.8501661289487366657 12.93709403398265501 0.01905629590461850251 0.9995458990690738732 -0.02333931778084049474 -1.233266502847179202 -0.8500091992682790032 0.02848737041008875606 0.5259969000778835779 80.96180663184684079
0.494064252308137275 0.01493322927587558031 0.869297125577412344 13.77335485223251155 0.01650923158232511442 0.9995110043451285176 -0.02655311599014866311 -1.268795028884309284 -0.8692686223496622899 0.0274703718429854804 0.4935760866787531898 81.38813480870331318
0.4616364907478617274 0.01420946401612750536 0.8869553633854837527 14.59912225451406798 0.01476970501457413286 0.9996099069827494299 -0.0237014804928289656 -1.302335361654198387 -0.8869462103403196185 0.02404153639457971836 0.4612465080092988945 81.82007935541466281
0.4282696977859917764 0.01255328545933273587 0.903563750967192103 15.42233979988938053 0.0106229955085182376 0.9997644079532146399 -0.01892487924049401915 -1.335278826481377301 -0.9035885057864309067 0.01770350528374759966 0.4280354176838293001 82.22643380841684291
0.3943461450767817289 0.01385197183352561423 0.9188575559022430506 16.25447159183545054 0.006014682529725912802 0.9998260016387350291 -0.01765390992020239927 -1.361270993182380762 -0.9189422765422389228 0.01248838733763859773 0.3941941869552357258 82.58895895725264324
0.3594347505038584245 0.01641445434649641683 0.9330258246949554302 17.12539261101822774 -0.0005207586839904693697 0.9998485919909757547 -0.01738943357238733126 -1.392560759650951496 -0.9331700550341813782 0.005764485227989043191 0.3593888522623520099 82.95907215436518811
0.3243878622576531479 0.01858163322386895827 0.9457416128088089735 18.00760477822358396 -0.005864790430598110921 0.9998272667859416929 -0.01763267785067992519 -1.425154709472673753 -0.9459059565077400089 0.0001732503630172935627 0.3244407845972308579 83.27527202028504405
0.2882657193837361853 0.0179622737789221984 0.9573819453095732124 18.90595047298641518 -0.008253401542891291437 0.999833446033773221 -0.01627366169436238533 -1.450546713450310721 -0.9575148630578500519 -0.003210518631380404869 0.2883659374572135614 83.54557656221143702
0.2515227719804295492 0.01716874597397036531 0.9676990669016148905 19.82558196619545399 -0.009153176691900291248 0.9998400687637297723 -0.01535990766492096975 -1.475360552341060894 -0.9678080742118235769 -0.00499415370924499117 0.2516396767584885841 83.79729024023143324
0.2146761801290910654 0.01619666165962247925 0.9765509501429638917 20.72550765561076602 -0.008379808385061734977 0.999856165026321797 -0.01474105087759601182 -1.511079469569531319 -0.9766493066727248706 -0.005018757052895940658 0.2147810122230297825 84.03864887002190187
0.1791129581368033352 0.01529118854200808321 0.983709651390527573 21.6836623182736048 -0.006224106138710969009 0.9998767451361916248 -0.01440921734260036842 -1.536671923886105295 -0.9838088018679177482 -0.003541835491519160564 0.1791860431565952538 84.16568823359412477
0.1453892967199162389 0.01418120202479591398 0.9892728616759156601 22.67150246345146059 0.0009139616305017017649 0.999894853592346422 -0.01446778938930769545 -1.560180708873730504 -0.9893740776679343929 0.003007619155493734212 0.1453610384089775998 84.26807491743275591
0.1113510670559924032 0.01782207259305199423 0.9936212866638455266 23.67689892229429205 0.003300107940759596133 0.999826971164975542 -0.01830321043164034531 -1.596898781618469876 -0.9937756268509567725 0.005317139424342171017 0.1112729776365614376 84.38823935990384939
0.07822381145185318407 0.02304777880474530305 0.9966693443874906633 24.60195538651402458 0.004765824267129833113 0.9997125956716419459 -0.02349220007084397779 -1.618437035833947268 -0.996924404767827177 0.00658760025339810186 0.0780914825167136617 84.49684828313063178
0.04846896410460244109 0.02632263365725497767 0.9984777537606863707 25.57317089320613235 0.01089591279625524121 0.9995792032080750289 -0.02688058945735320379 -1.658333645372120912 -0.9987652300369175284 0.01218220052314966835 0.04816175606374104717 84.56380663858081448
0.02181653104078439681 0.02489916551564161362 0.9994518580276223751 26.55659597357104929 0.01334051818653526553 0.999593501678174845 -0.02519389756693086319 -1.692649567858063531 -0.9996729542553565162 0.01388284873828622527 0.02147549340097513679 84.59537453948698271
0.0002956713016021443098 0.02208741728712698693 0.9997559724557978367 27.56467513721607787 0.01463130533336206608 0.9996488657439350778 -0.0220893780817794233 -1.724437257589946482 -0.9998928859516088563 0.01463426566146926004 -2.760026145024632011e-05 84.59579568919518522
-0.01908597356033377851 0.01964640766604237171 0.9996247746933456524 28.54030380649710708 0.01577434955857997395 0.9996883285851654311 -0.01934647498433430049 -1.754477194926231665 -0.9996933737323974167 0.01539918385996557997 -0.01938993296496781607 84.57861322585388564
-0.03414561538454997935 0.02227262389741847121 0.9991686309939508126 29.52581449115326606 0.01777209158969568145 0.9996070304745721113 -0.02167505242754000014 -1.790380069753242598 -0.9992588132311813753 0.01701720790745369499 -0.03452802591547249333 84.57474701016721497
-0.04894268452787801232 0.02662039117242432154 0.9984467509780767802 30.50707458381418036 0.02031857903737587304 0.9994643689894777694 -0.0256515298211246294 -1.82971339726157467 -0.9985948704451260705 0.01903156390650460883 -0.04945735440031824581 84.51889451829336508
-0.06203871388362274669 0.03166214430457518769 0.9975713773521710515 31.4725374402097664 0.02473978073123700092 0.9992383065122016905 -0.030176490446792225 -1.869092674701770651 -0.9977670508466033317 0.02280758575246254888 -0.06277476955346236731 84.48414007091915323
-0.07124927349039290869 0.03531690754594827425 0.9968330871008832528 32.47098305817664965 0.02979989785413231229 0.9990021806359654644 -0.033263789930336983 -1.910184764987904904 -0.9970132666274417188 0.02733550240095110329 -0.0722306148144753607 84.41064703129434577
-0.07659165220579464139 0.04079570252785773982 0.9962275724179885383 33.45753489319807272 0.03391520028188574343 0.9986909297076861369 -0.03828911951454816442 -1.949926540153808174 -0.9964855366951821392 0.03085462967846231558 -0.07787497737098664219 84.31521633636683077
-0.08067780575302813117 0.04540115848802783044 0.9957056659147021094 34.4587466666135569 0.03588434098664812499 0.998446714048543349 -0.04261858568424851251 -2.008058197276375356 -0.9960940481044218142 0.03229186656655574916 -0.08218167500383655177 84.20405070956418569
-0.08341869971565268882 0.04975396638270936089 0.9952717267667291479 35.45140718626689136 0.03769429335926108293 0.9981955270691926785 -0.04674078046730281016 -2.061701238509134004 -0.9958013897327504527 0.03361700816762107358 -0.08514360762951436734 84.1002875275736983
-0.08595872636272670897 0.05264122206402153253 0.9949070036427011265 36.47364948355515679 0.03767547162212772638 0.998060585822651114 -0.04955296590528147915 -2.119063213961554393 -0.9955860602025331518 0.03322407962124188097 -0.08777529356988414411 84.00598582950993887
-0.08976714664562414348 0.05600988821323134997 0.9943865941847537249 37.48312652293214597 0.03896017837131451889 0.9978506693468737199 -0.05268791845418327457 -2.178018396068653217 -0.9952004376271191832 0.03401183382475645584 -0.09175635623629964377 83.94868651475766796
-0.0903544369922760493 0.05938880946971016039 0.9941373104042794395 38.49762424006762984 0.04093515031756050221 0.9975981957273712952 -0.05587507424395406208 -2.256859511353558112 -0.9950680059040933889 0.03564659814761080708 -0.09256850674095337683 83.89196903433132491
-0.09299077600314155367 0.06109791180087789653 0.9937905753881755011 39.51667786790866188 0.0425207794693136451 0.9974485016576617458 -0.05734405317238288474 -2.322573695465922849 -0.9947585868717453428 0.03692428062709657982 -0.09535143441177215684 83.80306942825717442
-0.09470981865259711641 0.0603797203993598347 0.9936721222979636448 40.54773327301941777 0.04271366305737105823 0.9974861436836500728 -0.05654031067544774969 -2.387068193470534894 -0.9945881260848702388 0.03708845237991203331 -0.09705076407752041834 83.66903556422296617
-0.09586117092687607144 0.05968566579727743737 0.9936036454488427205 41.54384673737112621 0.0420540605591967695 0.9975521875426661689 -0.0558655502068372764 -2.459562081809145262 -0.9945059272011682605 0.03642972957545231871 -0.098136538555312125 83.53289018144910472
-0.09889230090653931826 0.06074825042671382763 0.9932421205384820428 42.58711143773160757 0.04244203872827018165 0.9974840123666447456 -0.05678194257482171298 -2.53487257834141344 -0.9941926038722985748 0.03653992234756943402 -0.1012217616765249545 83.45928234618909869
-0.1018961050691525594 0.06334790857059531544 0.9927759935939887148 43.61684319674651533 0.0410286462428251994 0.997388819444243957 -0.05943116688306974982 -2.60535445571444324 -0.9939485808959054314 0.03467644944394735612 -0.1042291076412664441 83.37413264705435267
-0.1042251811289321289 0.06520853715535430972 0.9924136766353659489 44.63715707316440984 0.039325774055706815 0.9973380291539286624 -0.06140203287555156403 -2.678221252125100982 -0.9937759016410186996 0.03262779693240197565 -0.1065121055443322001 83.24501633847989979
-0.1055545445658460646 0.06901759214250892394 0.9920155026094559236 45.66139477995321272 0.03733791446659107116 0.9971600922245485998 -0.06540260800285346843 -2.752492632279540441 -0.9937122651288712305 0.03013624650115058132 -0.1078317448636231662 83.14810028683837118
-0.10854179818302577 0.07284121461077805448 0.9914195796523774806 46.697451141196062 0.03369913324503730212 0.9970081804987666052 -0.06956239583325413145 -2.832411718627954489 -0.9935205051479004679 0.02585955217778361168 -0.1106717388303235239 83.02574717235823698
-0.1114352529166820205 0.07517304413421468934 0.9909243893204642273 47.74464555674763488 0.03149584136377341775 0.9969010483203311068 -0.07208454958667484536 -2.917081901362144958 -0.9932724420581869884 0.02317723665564324492 -0.1134575508500714897 82.92045187020721642
-0.114027338039337664 0.07380427739966737011 0.9907323767765752187 48.82083833256590566 0.02914504010345684779 0.9970559955728696133 -0.07092093326784287832 -3.003961733463216266 -0.9930499890045823008 0.02078800901672895121 -0.1158426616349966104 82.80623859664794395
-0.1164048489596300334 0.06978017745607439926 0.9907474883155436007 49.83598037311719509 0.02642928238779366015 0.997393191597371942 -0.06714301775995211441 -3.088083861795421825 -0.9928501156203471956 0.01836897179210697159 -0.1179456356497299019 82.65237371408352374
-0.1191880490681364174 0.0681704921721897894 0.9905286167824076671 50.89666482908629774 0.02598690767770385837 0.9975124718367975873 -0.06552419102265465145 -3.165870855182074006 -0.9925315297743488863 0.01793107472789303922 -0.1206630973510286614 82.51857675505488032
-0.1203375489461689374 0.06825686116866314102 0.990383674623671495 51.94230652859896935 0.02605572517740138705 0.9975068866675751433 -0.06558186247843636463 -3.251988282546054876 -0.9923910124268026101 0.01791320376741365947 -0.1218160073598885673 82.41365373364077129
-0.1219827570005306699 0.07111882106838754436 0.9899809432964316036 53.00096163042609021 0.02713487388261807617 0.9972956273141991845 -0.0683008111580111904 -3.334411755713496905 -0.9921612034939879532 0.01853148627727102191 -0.1235826618271913674 82.29575472652075518
-0.123294907724179198 0.07413791308118299062 0.9895968287297148835 54.10302837743137161 0.02768652584145591539 0.9970742014920871421 -0.07124860309614115816 -3.416272535161612112 -0.9919837549916024066 0.01861390771160753924 -0.1249867842380672778 82.16225667218354545
-0.1233924734121266409 0.07473854136102522916 0.9895394867334014188 55.17276835370541477 0.02674968837243213438 0.9970479615274330243 -0.07197004249092325834 -3.510610493050444703 -0.9919973285395903284 0.01758931087383690597 -0.1250274380956053477 82.0155622014078034
-0.1225625086339672126 0.07300333031514676108 0.9897721419960077149 56.25133383132538967 0.02337845220915744926 0.9972265213326121369 -0.07065821639075155203 -3.592714642708072503 -0.99218537963757647 0.01447929211191077703 -0.1239292803967839973 81.89553758756653679
-0.1231061909315205177 0.07276371404620411709 0.9897223123279679236 57.32027587453149664 0.02026886553692520271 0.997284617467711576 -0.07079855408477542245 -3.684961368128291337 -0.9921864678446660202 0.01134480792457290797 -0.1242467398413052287 81.7752142419715824
-0.1229032236931009298 0.07353567677797367974 0.9896904817621358097 58.37385975613337052 0.01624403120729323025 0.9972664049508479511 -0.07208133876591651945 -3.766769255866550647 -0.9922856832446179665 0.007217534108333464871 -0.1237617632844104365 81.65686974648872365
-0.1237033240067005185 0.07363855608926224428 0.9895831438319762086 59.45841494792431803 0.01179531881675899979 0.9972813446138297788 -0.07273692679354945567 -3.86411552195757757 -0.992249115001588966 0.002674649176063388992 -0.1242355989175124298 81.52360471988845347
-0.1239933609225327138 0.07323292463839892186 0.9895769465146414534 60.54233260506332215 0.008792805849815975294 0.9973147504096173677 -0.07270382078767538558 -3.961835477989855026 -0.9922440633013070999 -0.0003136328867962933481 -0.1243043220562122242 81.40596675369592106
-0.1248054810549159843 0.06865456020359250733 0.9898030567479684239 61.648889111667593 0.008565485416545349714 0.9976404270846185307 -0.06811814074835814692 -4.03821986857703763 -0.9921442297018107093 -2.337345156793505077e-05 -0.1250990443693170695 81.29270556101904788
-0.1244966833452024885 0.06015235441106245307 0.9903949807736978084 62.75998752186435325 0.01163349197993787665 0.9981804903377583527 -0.05916283461348586376 -4.117002944758987759 -0.9921517957780240371 0.004156175430417039483 -0.1249699336842324676 81.11835800138042885
-0.1236994312816732666 0.05427838857229052433 0.9908341208489974683 63.85129549832537776 0.01722459215154929432 0.9984698647096722501 -0.05254629528956063222 -4.191987267006575202 -0.9921702032772169444 0.01056676656836020092 -0.1244450688861848536 80.99032439267971029
-0.1239106218344717125 0.05657795176796540787 0.9906790807257760401 64.97205435729946998 0.02500704503096830636 0.9982340849967246132 -0.05388162702229846307 -4.280230457644175424 -0.9919782022112307862 0.01809744996423831923 -0.1251066449154581151 80.82281787243988447
-0.1225765015315922191 0.06197043256859086774 0.9905223947753586389 66.06818422883014819 0.03063747991395516027 0.9978091791609846606 -0.05863494949247700927 -4.343967295554563179 -0.9919860352998187691 0.02315984229082794846 -0.1242065676428717041 80.70266181617752466
-0.121451536178684219 0.06758864406439304973 0.9902935157464548555 67.16215630422047411 0.03464176365675908364 0.99735977525672459 -0.06382238959412443735 -4.420988854549407598 -0.9919926515226961117 0.02655418582603115418 -0.1234722580940986469 80.5529183636464694
-0.1201473607644970992 0.07164523707467863878 0.9901674199127576959 68.31084778837451665 0.0345896315535800386 0.9970889480474970368 -0.06794893346414235258 -4.517102131706045576 -0.9921532730129585254 0.0260856403919607939 -0.1222757794231696671 80.41239237452120392
-0.1206903075937371117 0.06986838625628684352 0.990228360538987773 69.44122352493137384 0.03282569634235514566 0.9972553579658742784 -0.06636335699044364211 -4.604702903291716609 -0.9921473032702708972 0.02449552075002343898 -0.1226525258222439102 80.2749182310680709
-0.1196854656806710521 0.06518279789944469993 0.9906697430909860991 70.56984025030824625 0.03132488574074466375 0.9975934621138674574 -0.0618539115195660405 -4.677715215311561536 -0.9923175342975606439 0.02362960158085868068 -0.1214392733429947857 80.10907185777234929
-0.1192446403329737864 0.06292188835174997164 0.9908690626970636517 71.7163053873692462 0.0288022161543354735 0.9977889922945593071 -0.05989515574834826384 -4.762429138022189257 -0.9924470243353122889 0.02139704798296582569 -0.1207932709616134914 79.98951441517610306
-0.1192480636896194324 0.06347158946627330656 0.9908335906351202205 72.87070383216020275 0.02740561554608563627 0.9977846422799978576 -0.06061856431142444851 -4.846560510948600964 -0.9924861608885984232 0.01992575745998530906 -0.120723356172613705 79.84891953238120266
-0.1192445222622020434 0.06833143856318932285 0.9905107299394524389 73.98798972856708644 0.02720996815523992612 0.9974790545696771149 -0.06553643096216578423 -4.93126353613152002 -0.9924919695168713529 0.01913690447637336409 -0.1208032012118258197 79.72136132390450314
-0.1181496678294327446 0.07143028042043739201 0.9904233027953345259 75.12987023930045893 0.02889226248204156827 0.997234324849170406 -0.06847487834910821747 -5.009973308320461172 -0.9925753579147812422 0.02052528530605071677 -0.1198866783192099605 79.60529098496360234
-0.1176799949412111052 0.07018062880203664033 0.9905685467456951665 76.28533158264536951 0.02710179472157885072 0.9973549898209177478 -0.0674417337452083987 -5.106300710535293774 -0.9926816506177343902 0.01890964199402035695 -0.1192707428735657466 79.45226321590099872
-0.1185822865764956241 0.06413991873941121691 0.9908704556148545395 77.41671184399079664 0.02938975834523744127 0.9977009557299869602 -0.06106484685174024679 -5.180344495555710083 -0.9925091593579552507 0.02188023341779953349 -0.120194709021528387 79.32999127775595127
-0.1166422230680580485 0.06201879293170537572 0.9912356978699345955 78.61230617687320432 0.0292960304440712041 0.9978288969979213219 -0.05898394190963458794 -5.271401320837871829 -0.9927418004336543422 0.02215925240409839791 -0.1182058770310373125 79.17596113798839497
-0.1174562766692340554 0.06479974347917873134 0.9909616359679737085 79.79901448350476301 0.02670859470672240846 0.9977139590785516488 -0.06207557726762977235 -5.367945036052596208 -0.9927188030813095532 0.01917602598039379672 -0.1189184686471096986 79.02418510194640078
-0.1171374206165441689 0.0682211688409055661 0.9907697232253724895 80.95591895115830994 0.02584028428032545885 0.9975093136686684625 -0.0656301706635479265 -5.442554359555869858 -0.992779458056343822 0.01791402190485151882 -0.1186085142085615551 78.91073744093218068
-0.1179878430985221299 0.06751215847366616452 0.9907173789779650797 82.11127003549391645 0.02497038427112969333 0.9975723721103595398 -0.06500548252618108813 -5.532013393930210299 -0.9927010107558527086 0.01706873652421987339 -0.1193872087736319171 78.76040154028400764
-0.1178889137043856034 0.06420621982267643579 0.9909488952599702083 83.30505508650267643 0.02447412979085690499 0.9977922141243442677 -0.06173803413919730365 -5.619189720646481589 -0.9927251225579388771 0.01697438164074823591 -0.1192000233103127915 78.65707245991353602
-0.1170629005131989669 0.06273703519776058224 0.9911409028809182731 84.4496249373349599 0.02505934880191645897 0.9978714643484430935 -0.0602033233269240256 -5.696205456900983677 -0.9928082666336059958 0.01778976945497386108 -0.1183858689879071502 78.53643808819340677
-0.1160167213077151066 0.06348089294328224108 0.9912165475843529583 85.63851846328756778 0.02740025688617660563 0.9977801918758647526 -0.06069419325547904115 -5.786178763866661079 -0.9928692231130678003 0.02011804614407886743 -0.1174985710672836331 78.41678813948998084
-0.1151598127589753828 0.06357719861528543515 0.9913102969875302595 86.86424751360067376 0.02955223049133328533 0.9977271900300440644 -0.06055568042175812904 -5.86766203102003292 -0.9929072620747545486 0.02232184889232560407 -0.1167769163124784265 78.27864876468126454
-0.1131008333789985248 0.06364746564606979518 0.9915428125492433686 88.06630019494919281 0.02928574125072965287 0.997726042231587229 -0.06070387544479984021 -5.947454214587128973 -0.9931517983994153642 0.02217240667699605164 -0.11470760211049362 78.13456484849533012
-0.1114705704435241529 0.06351325194129106566 0.9917360163964985542 89.26344747001512303 0.03012808025815544993 0.9977127607898799155 -0.06050963744595044824 -6.041614317122729005 -0.9933109072545563967 0.02313405778639467461 -0.1131291350856497846 77.96438924101022394
