1.000000039978027555 -3.858921975592287847e-10 7.909684333061825356e-10 6.893855816064720088e-10 -3.858921975592287847e-10 0.9999999352479277404 -2.439174453917419472e-10 -3.575088773632995043e-09 7.909684333061825356e-10 -2.439174453917419472e-10 0.9999999059029300863 -2.749857064276994834e-08
0.999982563470607988 -0.003976151443418747718 -0.004375262554856210878 -0.001274072612165173812 0.003990603866099097508 0.9999865289126003143 0.00329963129036040274 0.00592831463200573644 0.004362085646265814222 -0.003317034055956828969 0.9999848905414315814 0.006471038028233111299
0.9999917893119792955 -0.003034726192408551074 0.002700315962129953406 0.104897355163642278 0.00301994137286871675 0.9999804568346805089 0.00546227002061481625 -0.03427953249755460313 -0.002716838275947533552 -0.005454070646860554802 0.9999813416805557464 1.359813812880400929
0.9999735878238229514 -0.002621150804834054479 -0.006784774399780922269 -0.04946565345819196186 0.002648464144672902677 0.9999883480189528662 0.004019944792106485559 -0.05864948521990885622 0.006774160483635330993 -0.004037808179432136185 0.999968808853583746 3.423226885300409528
0.999993756676534673 -0.001364386440110900833 -0.00327185083632160938 -0.04963330801369172929 0.001378271419826564929 0.9999899731989539964 0.004245510788182258258 -0.1068637791387967162 0.003266027307479798907 -0.004249994100844889724 0.9999855411108948822 5.993538156934786088
0.9999692962314378208 -0.001326685985880179334 -0.007728287996444753449 -0.08359423712028195286 0.001355579941783101143 0.9999920420960263234 0.003734787868568728922 -0.1076891048445282051 0.007723273687841394203 -0.003745149850828690188 0.9999630676802430118 7.622769585476476983
0.9999664650967569068 -0.001702421636247996748 -0.008015633364565897742 -0.04654314469582288699 0.001734336798020672497 0.9999905251868239642 0.003976443749663337128 -0.1457197699140390101 0.008008789935643578772 -0.003990212540649656914 0.9999598738535577791 9.043766467632751826
0.9999358508414881719 -0.003472984701804110626 -0.010784827489181463 -0.1035472263022355482 0.003512387263266950402 0.9999871535754195628 0.003636799711513967991 -0.1616518257338747377 0.01077206067285611975 -0.003674447252405035197 0.999935134389693836 10.58625989925316979
0.9999310143263567818 -0.004171164836095104383 -0.01098398361495560825 -0.09743569011349935416 0.004207749041084640242 0.9999856053266259481 0.003309755293214123716 -0.1702289992547759145 0.01097002226163440279 -0.003355745175230524357 0.9999341025423879037 12.064689662054219
0.9999248969919058982 -0.004362493989962992064 -0.01145639313224772367 -0.09060755741493189963 0.004401004933823763135 0.9999846778007340786 0.003338534393016700987 -0.2051749639357188237 0.01144165558181058084 -0.003388703661945964476 0.999928705982870647 13.57052572287622283
0.9999011769156873619 -0.003444224645307260389 -0.01363281446299545799 -0.155134749026809321 0.003500261108340067123 0.9999854503192306954 0.004088742349106802738 -0.2375287519781167922 0.01361853602707910164 -0.004136057027673780209 0.9998986150423364583 15.10425174174020491
0.9999217784381797536 -0.002528155886362458936 -0.01225256506434036809 -0.2198384169853049852 0.002581085998856925013 0.9999873329275479339 0.004306097009358458502 -0.2660637956744270616 0.01224152575122601505 -0.004337385424997452187 0.9999155684271499034 16.62657913749640315
0.9998801228983539291 -0.0008340419903476519684 -0.01546363821460941708 -0.2476277159129464389 0.0009142032100197209493 0.9999861137152464829 0.005177557445911081663 -0.2693373761458248694 0.01545910776633472108 -0.005191073969920688078 0.9998669314483079607 18.04083518465021641
0.9998728152305055294 -0.00011880508998904486 -0.01595052178391215963 -0.2402242138031116525 0.0002145217691042247937 0.9999819161533956002 0.005999319820774976116 -0.299736166180594954 0.01594952320414151983 -0.006001978786914255806 0.9998546898572132635 19.54124928790560745
0.9998799104956207495 6.925179419383292765e-06 -0.01549982060009504926 -0.2808357866463999097 8.307281606548620322e-05 0.999983078071968845 0.00580578681949101786 -0.3168152065003952411 0.01549960110694681426 -0.005806377480820655579 0.9998629207109149819 21.02042766807947061
0.9998756074934677107 0.0004683235784612627584 -0.01576800906883654707 -0.3140118557320254467 -0.0003702196245694140101 0.999980496811652797 0.006224100395441564681 -0.3403537088420212631 0.01577061904075024307 -0.00621748878254230284 0.9998562108006895377 22.50818531915724563
0.9998627391830648969 0.00139495940362683972 -0.01651171625596706272 -0.3462072653593327165 -0.00128425027807822778 0.9999765738823940264 0.006713633894129432921 -0.3545741501393588901 0.0165206973516406376 -0.006691507424612277814 0.9998410384459410771 23.95330929106841822
0.9998568494707376075 0.002016801497863270932 -0.01680157634973882333 -0.3886563094990289624 -0.001893327750080083319 0.9999710455301017431 0.007361650898998201367 -0.3673080327054003003 0.01681593953140930048 -0.007328786383718018625 0.9998316483005742494 25.40272369746677228
0.9998906434123111531 0.001678853071084668866 -0.01469566504647155068 -0.478806623866285419 -0.001578725634371534476 0.9999754161729242918 0.006822401907407071864 -0.3938230374948286094 0.0147067601182258624 -0.006798455630047007744 0.9998686434080982233 26.79018960980415187
0.9998517770755288581 0.002626046483182443644 -0.01701786256727460742 -0.4923434277235863576 -0.002552167584464875086 0.99998716676042676 0.004361565187310064567 -0.4112157752196621274 0.01702910053254413567 -0.004317486585845479487 0.9998455785365194526 28.25939363477210975
0.9998596123230355515 0.001126162530413014938 -0.01672026597630881309 -0.4994333766185673484 -0.001054219581604563241 0.9999900872534863705 0.004310975524445069713 -0.4328048893505461736 0.01672495775825283415 -0.004292743806547863993 0.9998508188780529382 29.76460254322550725
0.9999020640984622732 -0.0004585711023329929479 -0.0139904193000698774 -0.5382859980605616546 0.0005539861181780801874 0.9999765460046470267 0.006816966391139467861 -0.4584349165070734089 0.0139869675949949087 -0.00682404948421772798 0.9998787971274942787 31.17294604714996353
0.9998697688253090909 -0.002229357222829374697 -0.01598609562357211286 -0.5480219706676343616 0.00237004973549270791 0.9999585162687959494 0.0087874395507681613 -0.4769730768134933241 0.01596584473719630734 -0.008824183136832371155 0.9998335048725820462 32.56005592928939052
0.9998706723901268356 -0.002408892198184111634 -0.01590332137379206826 -0.5915250256588172606 0.002524938840844064523 0.999970240573173963 0.007281012386918046982 -0.4801127072941407947 0.01588531153865884935 -0.007320225868001232171 0.9998469298050685072 33.96796400260386406
0.9998989254952681538 -0.001950655695934408115 -0.01408593781155996483 -0.6382738596402411924 0.002033905853358579895 0.9999804716399497417 0.005898309636419758924 -0.5009018850380527743 0.01407415965989245767 -0.005926363196910901243 0.9998832972441337175 35.34801141319271522
0.99989467975122448 -0.001404107337792560341 -0.014447760859886985 -0.6225849987053883039 0.001479224687799506489 0.9999853734587860199 0.005189918540055166347 -0.5252346316058399411 0.01444026485485994625 -0.00521074370726112672 0.9998820624258656364 36.74135078156114531
0.9999154759236651424 -0.001027239537131970299 -0.01296401561924517831 -0.667397215504405672 0.001083359094693711524 0.9999900057106202445 0.00432265016422334232 -0.5543031073791525598 0.01295944807832391868 -0.004336329800701014051 0.9999065260317890891 38.13623759487205689
0.9999295617298158412 0.0001567486420842379487 -0.01187126475748989489 -0.7029700711208860531 -9.780054427888689914e-05 0.999987599342360256 0.004966093972700488281 -0.5738854769136988443 0.01187189832697176442 -0.004964583447271657922 0.9999171079584769917 39.49243141275259461
0.9999617706902190761 -0.000140327478690715281 -0.008747422382983947864 -0.7267796276084392826 0.0002027852624192730561 0.9999744263815588674 0.007139744515070326619 -0.5985537502528853748 0.008746198928292153382 -0.00714124562171523751 0.99993615718718043 40.72998117937871854
0.9999460800864549137 -0.0003493510596432626829 -0.01038242741395159312 -0.7659663212620868578 0.000428876517242038173 0.9999705168798230792 0.007658454552216114285 -0.6158193872309174477 0.01037944807515468054 -0.007662494574076273227 0.9999166790672165961 42.02731018980473721
0.999970796195444156 -0.0005094162584849499728 -0.007630674142435470153 -0.8251492068421092396 0.0005766322651137089717 0.9999609676708307582 0.008809149727940479221 -0.6437627307681682565 0.007625890854268195865 -0.00881329269898510799 0.9999319894337015402 43.4087742055899497
0.9999902389587529417 -0.001158132837155553948 -0.004273249717418874105 -0.7967567101610637526 0.001193709668703209605 0.9999645067277773691 0.008332516480674642331 -0.6654096546813010882 0.004263449745738717191 -0.00833753632320064636 0.9999560591873571935 44.70047439502570086
0.9999980954880055561 -0.000919765951087804989 0.001744422536843928066 -0.7478943700524157689 0.0009087945452829657936 0.9999798067840934834 0.00627937955175021309 -0.6794660161459479264 -0.001750161400055947215 -0.006277782507813974879 0.9999786688672812618 45.90019932158354976
0.9999914495238624301 -0.001630822896343478694 0.003810676707136597795 -0.8064776872841140642 0.001611186537600283212 0.9999853749833541583 0.005150183390111443167 -0.6982990166879883276 -0.003819018676702909832 -0.005143999924577143806 0.9999793828705553222 47.11503534772280233
0.9999602385149719552 -0.001428765808180614254 0.008806814283846947297 -0.7923204569162562994 0.001380948078942443626 0.9999842216058892896 0.00543323229352396346 -0.7141951067402706466 -0.008814437130124315456 -0.005420854775704215395 0.9999463644803117113 48.31499579147630641
0.9999147412206708108 -0.00129705168622685856 0.01299645726048739847 -0.7817692153780383402 0.00122552361537325437 0.9999840038229831363 0.005510052769905666656 -0.7417409078369087139 -0.01300339544847816005 -0.005493655788432760118 0.9999002666588152621 49.57090022128389961
0.9997896097485728939 0.001421331360035768846 0.02046450553793926694 -0.7241688637702047293 -0.001505634377952077023 0.9999903777867539256 0.004104618591033935317 -0.7590470983760488899 -0.02045847434214643004 -0.004134567395830858125 0.9997820602571958482 50.79547814734970501
0.9995972801745244274 0.001438825990221333879 0.0283423206405183023 -0.7535245989122144605 -0.001571133489241031099 0.9999879061861512985 0.004646451916774054468 -0.780013054247774118 -0.02833529268927256414 -0.004689110555787708197 0.9995873825243835054 51.95964841915009202
0.9993650586483798781 0.002611226353221172709 0.03553506563681099045 -0.7115660539756086811 -0.002798874780719193961 0.9999823317854761306 0.005231912872477957957 -0.7999505813126663867 -0.03552077680325886611 -0.005328049372584946035 0.9993546408694665706 53.10319189975615473
0.998935341302952029 0.005027923203897593368 0.04585829940306158231 -0.6694904687297855705 -0.005310384173187503859 0.9999675958523654984 0.006039665886215996038 -0.8149379157777053573 -0.04582644781109633525 -0.006276761105734719216 0.9989296026097381764 54.2670813917228898
0.9981701681667055626 0.007099607988944571166 0.06004990012400129168 -0.6202827587278499921 -0.007470579484365812845 0.9999542957039495583 0.005955455384725492039 -0.8380123222441187014 -0.06000487648906391303 -0.006393165657807464881 0.9981775164910734466 55.44305991564364433
0.9972195432279720162 0.008580608074831691176 0.07402455736299057287 -0.5970231000382314468 -0.009121960352414856116 0.9999339807682081638 0.006978140945398977717 -0.8556706642193362411 -0.07395979683236747482 -0.007633987750145837005 0.9972319103955330499 56.54167597482089036
0.9958013819310461701 0.01113176091953416505 0.09086127125084234035 -0.4705868540977499181 -0.01189132783554727561 0.9998986321974544511 0.007822542173355180942 -0.8670830663004779337 -0.0907649864697602643 -0.008870159558791243168 0.9958327421178587713 57.71458534868409629
0.9941706306906867852 0.01132595942646073654 0.1072220046246077502 -0.3473129071549853619 -0.01235461256026263062 0.9998836998198751269 0.008934254166281246565 -0.8791782390388221957 -0.1071083510417647489 -0.01020685945236418299 0.9941948673876503939 58.79525544505638379
0.9917530850808833343 0.01101597830593486517 0.1276892493636001269 -0.2244086324487040984 -0.0121559006059885847 0.9998928235075194015 0.008151447310203101954 -0.9064730105108761427 -0.1275857745968418389 -0.009636400884097421835 0.9917806328483885769 59.91182150793173378
0.9889308142382353672 0.009801756024555977054 0.1480535290341127852 -0.07232923653408447617 -0.01097069799220175453 0.9999146845436380771 0.007080814320619902534 -0.915254705457096529 -0.1479715013763034381 -0.00862668610066129847 0.9889539067028083608 60.98369630234800809
0.9856399675656659642 0.006959844200782851903 0.1687171932481206782 0.1442088546254580994 -0.008256117108982484812 0.9999414719723359601 0.006982812078411758556 -0.9338286480979791637 -0.1686587286359927662 -0.008275487659129377588 0.9856396729639932408 62.10372627143285484
0.9817437565399669275 0.001986629932233143717 0.1901981209040667919 0.3232599187110091754 -0.003808881775621549698 0.9999502154212043248 0.009215725255314865735 -0.9440444421851529322 -0.1901703544912911326 -0.009771922905602898821 0.9817023796246812095 63.12800300937543341
0.9768698947249997433 -0.003766743191917426743 0.2138015308298210071 0.5157700834208925889 0.001561679668587037141 0.9999437827258941258 0.01048155670887463385 -0.9631589693807525165 -0.2138290051200540942 -0.009905227701583146568 0.976820792492283263 64.18980869103029363
0.971426207635681882 -0.008908204797645384934 0.2371747030857182803 0.783350548119331247 0.006708973831815178389 0.9999266430095580249 0.01007813263289707682 -0.9724232546632773921 -0.2372470965567504975 -0.008198963355614510146 0.9714146443036077994 65.21040012533194385
0.9651034071530240066 -0.01489844260527134479 0.2614450632351281723 1.114872177508880124 0.01319900029255384293 0.9998787483458970726 0.008255028502965711806 -0.9817765472670955118 -0.2615363650668129925 -0.004516142877856078527 0.9651829644064411351 66.1533198480516802
0.9574339748399689487 -0.01876910616277124161 0.2880416180415342753 1.425760436234439155 0.01694323610841229691 0.9998173900811175852 0.0088308407328383208 -0.9922142089141399168 -0.2881547829189095022 -0.003574590038680013071 0.957577080913232237 67.18074386821656674
0.9483881256376700541 -0.02167676825575705693 0.3163702701717734933 1.706868392206477791 0.01899890737382986181 0.9997527608822622813 0.01154682366284596161 -1.00809476527246189 -0.3165423678849992317 -0.004940181164572684559 0.9485654161472938384 68.17174798447366868
0.9387758914940730337 -0.02612377225645045459 0.3435366627704679598 1.990778038630367952 0.02260853919896119862 0.9996429870672877138 0.01423456645107457931 -1.012431226921397309 -0.3437858970900535271 -0.005596205840762770098 0.9390312915901781743 69.06221756140755019
0.9277002278031786231 -0.03000989129692582108 0.3721179324185275861 2.398058424200486094 0.02649918885005776367 0.9995429324763029921 0.014546121930911253 -1.032277844443037829 -0.3723843995844386412 -0.003633617468258177902 0.9280713795945785272 69.94053484851595215
0.9157814551945250292 -0.02902180077000490743 0.4006271587860057437 2.844076169867772563 0.02695050333993923367 0.9995783070862812592 0.01080504119151853848 -1.030582785940593382 -0.4007718234135806967 0.0009020468634780347229 0.9161773652677773772 70.84334360409275178
0.9027259041244971582 -0.03035435589471171397 0.4291440444755583727 3.241691701089733701 0.03115050471179752617 0.9995012673637007072 0.005170412455569246488 -1.036440760197931743 -0.4290869872414840303 0.008700587650457822231 0.9032211761434333352 71.72200148913870521
0.8883827431228658034 -0.03261033245605896719 0.4579440144157881365 3.635418051961396557 0.03507290890417717744 0.9993797997678494083 0.003126895100810267013 -1.055731960025762639 -0.4577619947694127056 0.01328354821290300865 0.8889754455285792112 72.59337241990147049
0.8725296780551300424 -0.03340791195727723512 0.4874176043405016312 4.160523790888196238 0.03486980528165139342 0.999373322290652677 0.006077003040800751758 -1.060455722515604604 -0.4873152007621804893 0.01169379068486360758 0.873147750006465162 73.36064752801553368
0.854413686858841559 -0.03244904696764496638 0.5185791700207652566 4.658459599166747012 0.03076464341015119203 0.9994563329092193138 0.01185098668597481079 -1.062687700256273349 -0.5186818210590719014 0.005828257507507614808 0.8549473943424060751 74.2306043309315271
0.834488333242785707 -0.0328927616544720039 0.5500430237238042031 5.193204560149614402 0.02898019810497270976 0.999455025884509185 0.01580094614725200894 -1.081848909554867788 -0.5502630355873069368 0.002754650208441898271 0.834986739561945579 75.0609550348420953
0.8139831539291356721 -0.02731361344788360568 0.5802460057155423012 5.688191519026437604 0.02514537293244977628 0.9996143343914243307 0.01177978066899443635 -1.09437705308231692 -0.5803440094608942612 0.00500195874465866018 0.8143559831591907772 75.82199989764225734
0.7917284718460065873 -0.02082696859430002018 0.6105180545795887426 6.273927726324628473 0.02259529167449223983 0.99973309355124651 0.004802601549857433115 -1.103637188237956757 -0.6104551652903259518 0.009992476512400393085 0.7919876909347483007 76.55214771411748131
0.7684110345589985069 -0.01767029740908305016 0.6397126451826264937 6.868061136823230051 0.02123424055903377558 0.9997722372664571422 0.002109773616374787265 -1.099866611362569468 -0.6396042630189062717 0.0119626381924792316 0.7686111812214149186 77.31600519581003539
0.7451635970651149243 -0.02075235412559361253 0.6665587555144358856 7.467378362541874814 0.02286763643110052355 0.999722972281965272 0.005560613754952649715 -1.116568641910447912 -0.666489538076683985 0.01109905570492726416 0.7454316717039005669 77.99619093790579427
0.7212260570386324066 -0.0213212008321547429 0.6923715747258389897 8.115462037237389126 0.02260268130029637751 0.9997182379986019329 0.007241128235409052816 -1.135698593844417292 -0.6923309239728360209 0.01042696309279223139 0.7215047092275201912 78.63702333172398085
0.6962675638649680199 -0.01998313022494920335 0.7175041224374403281 8.790145085977986383 0.02402599404040077144 0.9997010163896710155 0.004527689804872158177 -1.156502346799773706 -0.7173801232409565687 0.01408626550341190303 0.6965394575519947562 79.27905833199447727
0.6688722072098589599 -0.01713852858307706589 0.7431798220720748915 9.468255657803840819 0.02358833607615415037 0.9997200263424427247 0.001824792053057281436 -1.161126277368534243 -0.743003072614576765 0.01630982193390193014 0.669089163596065295 79.89129657851260902
0.642502522066066617 -0.01478840284115305777 0.7661408580062534224 10.15660058244665009 0.02194072359821918825 0.9997588054492138054 0.0008978327594038286582 -1.164004110854232499 -0.765969395111886775 0.01623282422481779966 0.6426719776620637425 80.44576537072947531
0.6140546513899330927 -0.01368255535031221923 0.7891448979781956474 10.87575465837898747 0.02202518820218163365 0.9997573321816072278 0.0001958656543228594674 -1.183765361733996935 -0.7889561279771253322 0.01726079189057973598 0.6142069583611882155 81.01409269853098749
0.5861105998940938644 -0.007760857721052595581 0.8101938820294516397 11.56128042537801193 0.02119100285656782406 0.9997588266766922471 -0.005753295417140176851 -1.197229661557099645 -0.8099538859033192928 0.02054088739517309636 0.5861336653750496284 81.58083348736326457
0.5555829711956490335 0.001738963845582375441 0.831459275080747795 12.35357153491908733 0.01973016415910163607 0.9996885911719801676 -0.01527454825414625156 -1.215497144233918192 -0.8312269661688735933 0.02489110583939551161 0.5553756092090997853 82.0779048824945221
0.5240822028104235031 0.009702297573313029347 0.8516124080392029061 13.13883250257763891 0.01916861442919098532 0.9995473645644983307 -0.02318406192653926778 -1.24636280185824333 -0.8514519310739914193 0.02847458296372087916 0.5236589687302662943 82.52181231985167642
0.4921513373868329766 0.01461547375832737174 0.8703869415742635507 13.88449311420154331 0.01682114959754979835 0.9995126251265289419 -0.02629508781579326104 -1.26850340478076129 -0.870347107608045012 0.02758207046824072764 0.4916655920364869092 83.01225671592901278
0.4596052641285381379 0.0144397333508661796 0.8880058953233628261 14.75188077020409239 0.01463938992242619364 0.9996087350244119429 -0.0238314000219831193 -1.302675117105467795 -0.8880026255661698231 0.02395290049738087526 0.4592140159650558995 83.42777500773826205
0.4273936740865976192 0.01300055696228886136 0.9039721255920339926 15.60232058715500614 0.01017845268613084934 0.9997639689281756503 -0.01919051929984382648 -1.333528878756787606 -0.9040083053913087197 0.01740294337645530154 0.427160440734029756 83.81332502624590575
0.3938493614551734634 0.01372607724448289372 0.9190724903569787996 16.45086361989105939 0.005829812056683415962 0.9998310177295169909 -0.0174304266065852427 -1.375227149753899036 -0.9191564936833239718 0.01222298181113830838 0.393702760153771425 84.17743104967047429
0.3580846649778466895 0.01654120951443713294 0.9335425671563839511 17.29966166159257668 -0.0007419102983179643286 0.9998477202719271428 -0.01743147533157391252 -1.401744120506571489 -0.9336888051275298306 0.005549338980006784071 0.3580423832183222688 84.56353397681981221
0.3219303228247652471 0.01853605496500987382 0.9465818729342133642 18.21465628669620074 -0.006058992153571825419 0.9998281232389178985 -0.01751807919586043441 -1.4331725577901262 -0.9467439543794501366 -9.573118861275172798e-05 0.3219872779782098626 84.86263480307459872
0.2854681310994699461 0.0178399733141758679 0.9582221238917045802 19.09505240408412874 -0.008415378672958178166 0.9998347841574833916 -0.0161076472762683269 -1.456193398867598576 -0.9583512320139149221 -0.003465581852043855306 0.2855710775806529211 85.16419693530949075
0.2479824053018563623 0.01732338684213844543 0.968609612502500994 20.01403939335254023 -0.009650525514303436719 0.9998346039054647472 -0.01541112274763851639 -1.484936347363536857 -0.9687164434260114865 -0.005525904187451417988 0.2481085525726061947 85.4293139666793877
0.2115147364225333781 0.01649570906087044486 0.9772355704037638535 20.93282291748858981 -0.008491123272205722966 0.9998507794699126316 -0.01503961867361843646 -1.511185942196208165 -0.9773378989138742368 -0.005116726415385209996 0.2116232265150138347 85.65384347824982569
0.1767938992241250284 0.01544939165142776571 0.9841266096590738366 21.8982687942121359 -0.006913277021928506544 0.9998715621922121821 -0.01445462650505049615 -1.54057948839378267 -0.9842235892282434895 -0.004248049820745156135 0.1768779858703524444 85.80127360686049087
0.1418360717290631512 0.01444669694995314932 0.9897847091673829256 22.87134756881405906 0.000718449824558515561 0.9998916678902850519 -0.01469717012236330597 -1.568592088245152061 -0.9898898731387745231 0.002795699529511821123 0.1418103172733889972 85.89385623052056928
0.1087247441856596802 0.01768577531747837078 0.9939145290160095181 23.84015625361347901 0.002863637535662565126 0.999831937627692624 -0.01810432471419548203 -1.601109039516521948 -0.9940677426001237604 0.004814598960469819791 0.1086558184679468492 85.99418622203292273
0.07564995903461772808 0.02305279764608025514 0.9968678944520887875 24.79661218264507383 0.004187512962133142259 0.9997164937693034936 -0.0234364525989651136 -1.624752284695164972 -0.9971256164418224044 0.005947363811562236466 0.07553197267888001054 86.08648156278952968
0.04552027275128216199 0.02669762101281159331 0.9986065732001556672 25.77292736367469672 0.01122526573334576942 0.9995659662287791347 -0.02723496021238473036 -1.654403390901228343 -0.998900317485922784 0.01244936661852243456 0.04520082439523200046 86.13184615136984235
0.02170869621211460668 0.02524101735691644879 0.9994456311055573972 26.78663888460535958 0.013068423029899634 0.9995886070419962577 -0.02552848385261618017 -1.698091722747087084 -0.9996788958206809239 0.01361536801577271916 0.02136990363613514368 86.13460728939143962
-0.001096241062287868842 0.02227132709666032259 0.9997513351468856335 27.72981385489477546 0.01515093091411526607 0.9996375144809876989 -0.02225217829130342675 -1.733312604513782773 -0.9998845900627518768 0.01512276921394232511 -0.001433274927992060589 86.14753132170031336
-0.02199964371093640625 0.0194439072201624992 0.9995688550878352174 28.74967857556457673 0.01459162279288558212 0.9997105429796800946 -0.01912551449229271672 -1.772094520437685672 -0.9996514623683133705 0.01416457678079166733 -0.02227699237394290335 86.09047939342804057
-0.03694094173355722682 0.02227905648088032362 0.9990690448993179151 29.73286573134972599 0.01655571653823352182 0.9996278227199724142 -0.02167936350628994757 -1.802892394915955432 -0.9991802746314780714 0.01573944734460664893 -0.03729603631134283809 86.10326354247359859
-0.052601477504838276 0.02692625511833498034 0.9982524768452760711 30.71364121962561811 0.01944253735104719757 0.9994744861867701502 -0.0259347202723633069 -1.835024625027939171 -0.998426271019559386 0.0180443559162057135 -0.05309734574001927915 86.08679149119474516
-0.06417299220913527669 0.03205784584053715525 0.9974237153481863016 31.69597826541346919 0.02392189713520486913 0.999246036464342402 -0.03057731138294649681 -1.87186904017028799 -0.9976520016881521569 0.02189802926061650001 -0.06489148810319815552 86.00655248444671486
-0.07203817582950484966 0.03558507322951030144 0.9967668485013870816 32.67773392835543689 0.02956375257092782108 0.9990003583500909334 -0.03352818361766483207 -1.923132549704981153 -0.9969636064015087173 0.02705285839878924029 -0.07301818670547209622 85.8204533595535537
-0.0787380364534504551 0.04095142293455618365 0.9960538385022174035 33.63251029826253102 0.03352540318968377092 0.9986994487647720131 -0.03841001092192991573 -1.954755401479350452 -0.9963314287143694159 0.0303687766729699056 -0.08000854101977751542 85.79756239704158816
-0.08537772957278895458 0.0456305975368146155 0.9953031892982298068 34.66329023873053217 0.0346164772901944584 0.9984834164810688639 -0.04280697456869733686 -2.019541552262675843 -0.9957471013465398757 0.03079912691733112731 -0.08682781163686155435 85.763744550551408
-0.08493873571052482085 0.04903565218923609803 0.9951788094381698313 35.64669970123996734 0.03712424416032845953 0.9982504517180690318 -0.04601843879747892496 -2.077497709115073032 -0.9956943048518313022 0.03303651197385440441 -0.08661053680896364793 85.6868116951376777
-0.08866912942703954192 0.0526038446035919996 0.9946710852711104778 36.66424568324136146 0.03725916422763359687 0.998080690115492275 -0.04946272598193788422 -2.129759487504210291 -0.9953639973918028128 0.03267479536474069551 -0.09045891490113688871 85.52915806350551975
-0.08909510528966602116 0.05582054044933706938 0.9944576795171499173 37.68984700780357855 0.0383616189849667194 0.9978797761171402936 -0.05257574694650887781 -2.202065775773453637 -0.9952840778150907619 0.03346476375760618072 -0.09104756370813661681 85.41371227233057084
-0.090069426781489631 0.05953931543563064505 0.9941541707315755261 38.72094727388017787 0.03964440136603605835 0.9976345497416806429 -0.05615600736563081813 -2.271041345713828985 -0.9951461033326391981 0.0343547064072740535 -0.09221676615355312023 85.35101492998242634
-0.09510322840171855918 0.06139070632971221214 0.9935725963176458286 39.72032026882538958 0.04191035242879516398 0.9974584800074207669 -0.05761921202970333999 -2.332405720356807155 -0.9945847604025834787 0.03616120336045307998 -0.09743442102462508692 85.27412965356666064
-0.09642957160783789672 0.060302615456773484 0.9935113886346194079 40.73213857986635134 0.04225344350645578867 0.9975111821516606803 -0.05644429621100424677 -2.401118083776609957 -0.9944425230181883624 0.03653637678092649943 -0.09873756227550062325 85.16060293313967122
-0.09821920254815673379 0.05973865962387318873 0.9933701364030836922 41.72435581951579309 0.04253547769054748934 0.997536366493924076 -0.05578352126219593421 -2.472320953726783621 -0.9942553338022639409 0.0367744590436865082 -0.1005182318813487297 85.05285915407451114
-0.1001581818756261538 0.06089644965018397443 0.9931061917921955029 42.73858371471214213 0.04200263181290789932 0.997494206487090862 -0.05692940824022951068 -2.545625436790396101 -0.9940845361351327014 0.0360111264741795889 -0.1024650101990740303 84.93514722131814665
-0.103331188577022115 0.06344422178480185748 0.992621500589272121 43.8224085067821818 0.04069916443894688179 0.9973974553772126939 -0.05951272620400040875 -2.61114071960413785 -0.9938139619807054848 0.03424934379095080639 -0.1056443840341377283 84.83582574946460397
-0.1070015579116860988 0.06559826497825820002 0.992092476326855377 44.86033240361111751 0.03879829218743891667 0.997336558505130033 -0.06176044146906766591 -2.682957780060162278 -0.9935015383874279404 0.03188302926301845447 -0.1092616585934216289 84.738447859318768
-0.1072739850609286949 0.06886836836369654435 0.9918414123917003167 45.83353702267500296 0.03733464837407308307 0.9971734424321384571 -0.06520061544991706537 -2.764342790174707964 -0.9935282400689348092 0.03003571954734022761 -0.1095419376825527563 84.6412489336954792
-0.1110895020483824713 0.07280143872817024242 0.9911402627992170755 46.87845892596155295 0.03341549016358390245 0.9970228985875723149 -0.06948823774337647974 -2.852172471705571422 -0.9932484459155731527 0.02540002318301359807 -0.1131914652387826375 84.4993506410704498
-0.1119812233810174307 0.07577141799421553692 0.9908172613304366827 47.91032404813120138 0.0310394182093917323 0.9968687635851302131 -0.07272615179524610785 -2.931143329061467906 -0.9932254063964951474 0.02261042721763341715 -0.1139824765160963038 84.34172925080316929
-0.1146851609028293473 0.07432080139560495735 0.9906178273915917654 49.01643322316575535 0.02888515949453832402 0.9970252514710619129 -0.07145744140889262463 -3.015227908703515869 -0.9929818272734165507 0.02041904518753426961 -0.1164907615051448408 84.2403360546767459
-0.1184743739875889351 0.07008678756734709747 0.9904804958254603831 50.01700400696427096 0.02606938816432894518 0.9973814861156896638 -0.06745686472014184032 -3.095513314522939208 -0.9926148083183262694 0.01782931020767392419 -0.1199912585360771167 84.14102610780491887
-0.1208182348878038409 0.06823172579938896476 0.990326882131261077 51.09854729241764915 0.02588174504245710494 0.9975122449084767862 -0.06556925331553382919 -3.178778082190359289 -0.9923371591623830756 0.0177094259389515285 -0.1222836163526049846 84.0370655343484998
-0.1225525963682339986 0.06899972221614641965 0.9900605270755484799 52.1395188903949105 0.02641761890994528614 0.997453553765713874 -0.06624490878987322751 -3.257429884277929677 -0.9921103359290662782 0.01803655563700877831 -0.1240633225265254935 83.89488829423406457
-0.1231189669379066931 0.07120971128959088792 0.9898337460603651161 53.18252372511303605 0.0268370078978017769 0.9972963066923883346 -0.06840849441771230943 -3.345981958452695526 -0.9920289527682264463 0.01814179239907205352 -0.1246971379403276625 83.7288331361216791
-0.1245006616089521373 0.074022929140475896 0.9894544654085252189 54.25980852950276301 0.02727991276590854483 0.9970916144264013736 -0.07116171186658681869 -3.427576295477912094 -0.9918444131065092817 0.01813255079752282631 -0.1261578959737625349 83.6489810814417325
-0.125463266535021184 0.07518485814000609724 0.9892452445115924586 55.34445965285519975 0.02686670054207506916 0.9970160079856703605 -0.07236802229936638298 -3.511405154550107266 -0.9917343885221460154 0.01749822680704828451 -0.1271088453955498687 83.51998704418920738
-0.1250143136336074601 0.07339285810502764462 0.9894366365140810915 56.41006951227107891 0.02343215750432942404 0.997200407061399674 -0.07100811623011667184 -3.594337252449798736 -0.9918781697283377552 0.01430760385084081134 -0.1263840686815192182 83.39186911008748382
-0.1244806053623547792 0.07297033058172598674 0.9895351725103548324 57.46900883373643865 0.02020082042938805417 0.9972717028742030809 -0.0709996331523033708 -3.693617197775828753 -0.992016357687787953 0.01115134479524892454 -0.1256150371086313666 83.24453615939475526
-0.1253713487296877482 0.0737833645600533411 0.9893624148689407205 58.56098319587882628 0.01603726738090386836 0.9972510625688556507 -0.07233944049057582093 -3.782518535448117447 -0.9919802312418298795 0.006797376320165367247 -0.1262099855189091624 83.13841949371530404
-0.1247105463684295978 0.07429176326707895295 0.9894078842617956004 59.66074110813322307 0.01205666500306139949 0.9972326083598582747 -0.07335960762549469105 -3.869025274133641723 -0.9921198842008301932 0.002780242781359226496 -0.1252611256486189095 82.99629721547717054
-0.1259290950412320365 0.07345012498181882621 0.9893163751309824727 60.71536614412531918 0.008117682294400022786 0.9972981487243504084 -0.07300942514378674919 -3.963935038375778319 -0.9920060052578658638 -0.001163054540955809832 -0.1261850893707426591 82.87056334778475275
-0.1258384805965352959 0.06853275516005659374 0.989680699109456663 61.82344257440129098 0.008149003123299755971 0.9976486777471327283 -0.06804836464155991638 -4.049951852772810668 -0.9920172472076740355 -0.0004981914611104594276 -0.1261010586561103763 82.73929600373705284
-0.1261981614431483545 0.06012050959223540908 0.990181547129703854 62.92910824966763528 0.01136570500026999088 0.9981838720416977839 -0.05915782933280239186 -4.127053307862174059 -0.9919399140184211872 0.003788502130916606564 -0.1266522726183224312 82.61599252031736285
-0.1265367489226349174 0.05432379686991323231 0.9904732829111646542 64.050254529100215 0.01727809471553684237 0.9984684842332106625 -0.05255496068837730433 -4.214645487896970799 -0.9918114069016025214 0.01046335712498227578 -0.1272815587714559438 82.44128570473881723
-0.1244328282161681065 0.05666439343249746879 0.9906086844022955473 65.17614619431280687 0.02538853017235608717 0.9982228791632079545 -0.05391082018862126957 -4.291273707756933398 -0.9919031414324745999 0.01844182212290626857 -0.1256503129886354653 82.27837727357575659
-0.1245096071620353934 0.0624507665727745756 0.9902510829751891563 66.27674483413662188 0.02988094232684264037 0.9978005493468581344 -0.05916978535023614122 -4.35616628915501547 -0.9917683374701786736 0.02222242810073608854 -0.1261018334298955601 82.13133594792820702
-0.1232089277882849054 0.06820016483908100668 0.9900344668053366881 67.38477976840493966 0.03415082582001498224 0.9973361459362847237 -0.0644531116584541458 -4.421357322393988376 -0.9917929367426696619 0.02586929504136281643 -0.125209800447682873 82.04061029181364972
-0.1207551685740225478 0.07200939730348308865 0.9900670602204810766 68.50251777534155906 0.03482563664553182947 0.9970587770014609497 -0.06827035026523163574 -4.52257632605930926 -0.9920712234391778628 0.02623571721677952703 -0.1229077652715687002 81.87483320217695848
-0.1212511250040044369 0.06962320289616313884 0.9901771165206001424 69.64496997218004992 0.03316196953924447494 0.9972643260649862729 -0.06606071616737843599 -4.608583076208120133 -0.9920677378865614404 0.02482628645485052826 -0.1232282554442887812 81.76423246983668491
-0.1213914744813117952 0.06533128869026375019 0.990452361503366685 70.73391591242665299 0.0317293917122717789 0.9975770480587555777 -0.06191243315647370488 -4.682077086806295085 -0.9920974265261855995 0.02391080866622253068 -0.1231702622759839327 81.61437223169193089
-0.1218908282136853538 0.06273876929909082134 0.9905586406655908505 71.86600371758487427 0.02900538222626692156 0.9977990979783769587 -0.05962816749684304168 -4.77165425654937625 -0.9921195804463326384 0.02146340463012240407 -0.123442311861908835 81.47828980501375895
-0.1215776291331013281 0.0637652967384309266 0.9905315819260629429 73.02929024610180875 0.02743004526517112129 0.9977690024879996011 -0.06086444580102565866 -4.851389546899959271 -0.9922028123335558947 0.01977057053939794765 -0.1230554661815934092 81.35241617361754152
-0.1220768926881719979 0.06850432011709521596 0.9901536942292334942 74.16643261333089754 0.02679674033085003432 0.9974789981640342917 -0.06570733126707506422 -4.936732724120382443 -0.9921588154556987282 0.01851154408781866337 -0.1236048205167089159 81.20400508174981269
-0.1193695977981660272 0.07150110917644728059 0.9902719011637746149 75.3402162009575278 0.02915450613659805248 0.997225733077529819 -0.06848884956592805884 -5.029073571261160502 -0.9924217157609893647 0.02069540119150080348 -0.121123005791133484 81.07287968306847858
-0.1186061528322923525 0.0700396354325681092 0.9904680598972002148 76.48884966946049246 0.02659016119567693057 0.9973753675258524298 -0.06734396800416711515 -5.120013790817503185 -0.9925852567045556629 0.01834929590129325341 -0.1201572121282355327 80.91449816177217258
-0.1191422210155211742 0.06401200308487980939 0.9908115574240777823 77.64462608008129507 0.02995958075597317943 0.9976968731371558263 -0.06085427953829272707 -5.19625122006740181 -0.9924250615070105974 0.02243398416894677727 -0.1207855857602566363 80.79945619851683603
-0.1193005135366545788 0.06194502180122907209 0.9909238868018455104 78.78576516772581328 0.02913222516997265518 0.9978404176437670747 -0.05887006760408503708 -5.282791629922512833 -0.9924306771481411493 0.02184458784426131228 -0.1208474621904520596 80.65297028148019365
-0.1199647414843147686 0.06513074607245421255 0.9906393866782120528 79.93418341877583089 0.02686053848296098695 0.9976932838245052837 -0.0623417464325733417 -5.363890993092313764 -0.9924146917032758974 0.01913029533009848529 -0.1214374553583989075 80.53023974935254614
-0.1184917828803500744 0.06854420586133293247 0.9905863601531260665 81.1386529835108945 0.02633991208111352567 0.9974804029032103836 -0.06587051924672930603 -5.459166470952264483 -0.9926055885427943482 0.01828684186253429211 -0.1199986713555878243 80.37541380587573769
-0.1190837384532849735 0.06764630560950769811 0.9905770986030528746 82.32792357710501108 0.0253718425770081378 0.9975578465768791814 -0.06507290362113661575 -5.543015627723619332 -0.9925599633488095819 0.01738364109856693415 -0.1205092207464957821 80.22888148411477971
-0.1197109535403467345 0.06456862096320360733 0.9907068832410537151 83.50759026758281323 0.02369563530894944203 0.9977843926299723165 -0.06216665619348953065 -5.633614801858560561 -0.9925259454997690245 0.01603339889123555836 -0.1209757071679391505 80.0455959179701324
-0.1185433007160760499 0.06322948947265509545 0.9909336330895843759 84.68354543213135344 0.02509617283735021687 0.9978423882391740385 -0.06066812015934052588 -5.714729236719891858 -0.992631661770053908 0.01767684202665618237 -0.1198743401733115138 79.93010088833491977
-0.117456070698986198 0.06362779329736184541 0.9910375991940838514 85.88252612919565365 0.02711630349149764252 0.9977786538157450424 -0.06084681211817130619 -5.800304506802421933 -0.9927077744699979167 0.01972644827568453135 -0.1189205024054286186 79.82103632956902572
-0.1158893069318461949 0.06358270433073909267 0.9912249269678040653 87.08151417023444196 0.02936136378363075894 0.9977321186303863554 -0.06056732000543175315 -5.887353538244965101 -0.9928280449108032313 0.02208461026976742125 -0.1174933504908063364 79.68656912754083521
-0.1147247116119759075 0.06396418190861451192 0.9913358520394621731 88.27421982818506763 0.02909425517567911304 0.9977130542585267436 -0.06100865641583085031 -5.962944366197785229 -0.9929711540264704039 0.02184297707644304587 -0.1163233245797209992 79.51658468877330677
-0.1128263873667175454 0.06353029334845559928 0.9915815930344789031 89.42005633634495609 0.03011329077076397784 0.9977139873377699475 -0.0604967740985429478 -6.059459561226766766 -0.9931582672673668899 0.02303415166231231534 -0.1144815630688181124 79.39395842997853947
-0.1138379499673338874 0.06195213881005145334 0.9915658329995424847 90.65954186534787596 0.03162313702051239989 0.9977740444314439072 -0.05870948785872701081 -6.147588196612413292 -0.9929958943504884061 0.02467305369095363146 -0.1155436647059873839 79.27617413286718318
