0.9999999962582232227 8.137513278152659075e-10 -7.656115742981431352e-10 -2.139041617443826482e-10 8.137513278152659075e-10 1.000000061056633971 6.754229727670312846e-11 4.50643937444095144e-09 -7.656115742981431352e-10 6.754229727670312846e-11 1.000000080766252131 2.697696344089450804e-08
0.9999928468287571093 -0.001225413237706304359 0.003577312380426989416 0.0006851136235185759614 0.001219141384875620498 0.9999977772942081344 0.001755339391947416221 0.001705493982927483746 -0.003579456759246224442 -0.00175096545957694979 0.999992141542067503 0.005218806768270509155
0.9999603680408126749 -0.004424248371986623345 0.007725339976342926983 -0.07153265045212289786 0.004397981528961091534 0.9999845621780808491 0.003413983571506947444 -0.04261174750105434922 -0.007740326086198996355 -0.003379872246605514566 0.9999644120439168393 1.661208041521621936
0.999992393454013806 -0.002775123020772648792 0.002739385916544346058 -0.0429641420245913952 0.002776039127016460828 0.9999961533781455136 -0.0003300801826466433718 -0.05450170135989196307 -0.002738460729600066413 0.0003376824506087651554 0.9999962741628126706 3.809451019928429272
0.9999923218386275181 -0.003831493746560336606 -0.0008175768658182494325 0.02634901621533802807 0.003832097214669229462 0.9999924478191951627 0.0007358356975689648357 -0.09331123697094928504 0.0008147497601509212954 -0.0007389629458185688815 0.9999994758237068515 5.337996137033360178
0.999992103372035035 -0.003915800761771333176 -0.0006724656888390915816 -0.04119404794911651208 0.003916701619418820786 0.9999914914119770737 0.001341145381621847805 -0.1153885244659121206 0.0006672067362158816016 -0.00134376850495142872 0.9999989553257591091 6.566389354112172505
0.9999845349270891637 -0.005541210470448774961 0.0004662637632916108161 -0.06784158619043456628 0.005539851540371916634 0.9999805963732574243 0.002870373271807846478 -0.1457833917626911724 -0.0004821615622398928744 -0.002867745721046040253 0.9999958525350941541 7.853743232634888827
0.9999851780435126125 -0.005436728567346334022 0.0002796155590961708209 -0.06629783267147235093 0.005435861264820322086 0.9999807271852446666 0.003019733621541672002 -0.1649608133706432778 -0.0002960291573859988811 -0.003018168784083407902 0.9999954822679449906 9.218309954691271457
0.9999905410614153833 -0.004304031597781234932 0.0006209745777370086726 -0.0955991331966512814 0.004303254971344186788 0.9999900217373567379 0.001249216409868573368 -0.1883539884556708066 -0.0006263465420864701774 -0.001246532248463422862 0.9999991076899028553 10.561706713117756
0.9999976936598607979 -0.002083856865422076699 -0.0005125716215049240998 -0.07924550344114787703 0.002083769579733479611 0.9999978748808716622 -0.0001739380298568825377 -0.2231947621668686765 0.0005129314319290231459 0.0001728696852884012219 0.9999999342745699016 11.87402468583089288
0.9999991632218583337 0.001289531509687880887 5.641485324788018621e-05 -0.08688368761936035578 -0.00128943588668379368 0.9999978921544245836 -0.001635589403090452303 -0.2411903438787423304 -5.852540481069907395e-05 0.001635515431297859769 0.9999987415976178129 13.21052893382291948
0.9999907059246044838 0.004284968692160021249 -0.0004686502575567121575 -0.06888972971586465599 -0.004285773618283420655 0.999989374088108951 -0.001733770539845549052 -0.2757819944493717368 0.0004612145669856363307 0.001735763093634770486 0.9999984679686109157 14.55056225550541704
0.9999874079151894746 0.005017514241025459835 -3.298780913479016296e-05 -0.1287623220644206756 -0.005017540073029251937 0.9999870743799711414 -0.000893010618161144739 -0.2995866484222623471 2.850515668707499244e-05 0.0008931650255574052769 0.9999996814880820484 15.89002796162211339
0.9999954216969162424 0.00290821798029201016 0.0008314889649403762106 -0.1155774631571370448 -0.002909643862995784595 0.999994347471231948 0.001720786582231932345 -0.3187725936645738889 -0.0008264813248013561705 -0.001723197914976246558 0.9999982545239742837 17.21795366584453291
0.9999985460063550713 -0.001382282300301128451 0.000994883761280106237 -0.1117321634576222134 0.001378556874222228428 0.9999921274695575679 0.003737204304936212178 -0.3484346631277469575 -0.001000043273494813324 -0.003735827245867303671 0.9999926024933505353 18.61178318176943591
0.9999936337568666733 -0.003555876414118411353 0.0002840769531765669409 -0.1380232141331884377 0.003555345528448605741 0.9999920229666997562 0.001853547864894236185 -0.3818153985925547556 -0.0002906671889577293333 -0.001852525942394567379 0.9999983225950181964 19.94480258920884452
0.9999906713256971891 -0.004214055511755070149 0.000944196533072730825 -0.1309273914085300194 0.004214923221926520323 0.9999907576327460301 -0.0009171642156758118888 -0.3930916294573820746 -0.0009403242983114918057 0.0009211355166346154146 0.9999992144164695507 21.2785076827551336
0.9999951633752411917 -0.002953874432488504641 0.0009697230327616533337 -0.119885120324557809 0.002955842629024699273 0.9999936263205347897 -0.002032837915615816251 -0.4337243331908551269 -0.0009637135746338232117 0.002035694576398619591 0.999997544365902824 22.66899372496462206
0.9999973619433494276 0.0007381038166788702996 0.00217343595540438108 -0.1155337314338124588 -0.0007377009910817806503 0.9999997717703583699 -0.0001853874057142528486 -0.4568796145028864442 -0.002173573692922175192 0.0001837837042316704274 0.9999977016655663409 24.03443014778594033
0.9999985706995415669 6.483635467721045342e-05 0.001687278675922988759 -0.1448324722512712992 -7.123270255198727399e-05 0.9999928684643549781 0.003792104993893117247 -0.4729231043331307283 -0.001687022208073006568 -0.003792219643784322611 0.9999914672437516527 25.41044008444172064
0.9999949966390642153 -0.001571976856102076051 0.002743737612119731637 -0.1659815351785105531 0.001558431173137652097 0.9999866807945008151 0.004932711491681296585 -0.4914134773150804492 -0.002751456543135189815 -0.004928410769713541424 0.9999841507689698483 26.77635888800839226
0.9999823723597847103 -0.004827722524250435167 0.003455513093744571468 -0.1291384423715800089 0.00481479986506290307 0.9999814804635763776 0.003738790244393851592 -0.5142325016384884373 -0.003473500262943549771 -0.003722086612342227156 0.9999871211186814879 28.18141021905124433
0.9999804802086644795 -0.005816660530787893212 0.002279949130293361034 -0.1312102582693880359 0.005813778535376029448 0.999982355246096466 0.001269368483239341223 -0.5408858752078440357 -0.00228729377888825091 -0.001256088453140754777 0.9999966760266465471 29.5215952991332351
0.9999752893188409431 -0.005987528737978134973 0.00368276470079715321 -0.149691593699079889 0.005991795233189914707 0.9999814509932574147 -0.001148120150916523722 -0.5657349615274067656 -0.003675823292179928627 0.001170158293118988852 0.9999926402678248616 30.93268692887932048
0.9999866845704733498 -0.002996635338941440116 0.004200400648414592819 -0.2168663985399787164 0.00300500712948799896 0.9999935703040158108 -0.001987812912389035677 -0.5940073509842960231 -0.004194418163971863969 0.00200040881915105424 0.9999892833217997046 32.29156971919997687
0.999984424490042545 -0.001675827539755353219 0.005323052462557934655 -0.1952893702550275445 0.001697498444989706734 0.9999903421632528877 -0.004068930434908394136 -0.6247996117340699485 -0.00531618343087891191 0.00407790307981768102 0.9999776349692283128 33.68446595566659596
0.9999908946791187248 -0.001269796391250591289 0.004073166535900508457 -0.1761028917824557782 0.001283384868257627731 0.999993676990060032 -0.003334819066785431503 -0.6497294301936956673 -0.004068907519978788405 0.003340016287727723063 0.999986224815293534 35.07726314918964761
0.9999920851552068779 -0.0006509799856376716209 0.003924074757955611087 -0.1515868491715398614 0.0006614743466828629757 0.9999962691876520537 -0.002673233354555978013 -0.682455366929991758 -0.00392232118606099505 0.002675808013518202189 0.9999888084300784241 36.47580623874957695
0.9999924286916013205 -0.0003373161631531347679 0.003875730707648526556 -0.1791552138280202433 0.00033873277550074875 0.9999999372794787789 -0.0003644378057490271858 -0.7154786596391139453 -0.003875608828057844086 0.0003657480170547986495 0.9999925036828127833 37.8932861617930854
0.9999893139055677782 0.001808153815643692838 0.004253841683505119216 -0.1902168440803423677 -0.001805743465734306434 0.9999982682380700316 -0.0005700188120066588962 -0.7459367114751298544 -0.004254866269638519355 0.0005623315062487845451 0.9999908706752609344 39.26042846725486157
0.9999800475603511929 0.004730902007869169229 0.004185160458123965248 -0.2192859834512216333 -0.004727777770864288916 0.9999885995093853452 -0.0007556934827377497204 -0.7653883023720589041 -0.004188689132230537931 0.0007358920270338900269 0.9999910374017377812 40.67792500702866931
0.9999661213190694786 0.006837015135046396914 0.004583008128198024639 -0.2000476233140784099 -0.006837373441126317654 0.999976683963445856 6.287305599578523092e-05 -0.8003141906280254458 -0.004582472658514931581 -9.420653822947150228e-05 0.9999895767492794629 42.09014718286833556
0.9999711514171625293 0.006689731743606357021 0.003596713563192874795 -0.186681307876877034 -0.006688921926256518116 0.999977661952181518 -0.0002366845277697359807 -0.8241207962324959002 -0.003598217887411832728 0.0002126196913696314311 0.9999935845583483029 43.48363279140652082
0.9999684485672181156 0.006988666707400427447 0.003775305833424460154 -0.2100945709715124898 -0.006988977338354829781 0.9999756354336312159 6.952418057448167131e-05 -0.8536644651338126666 -0.003774729269680243086 -9.590738760082424103e-05 0.9999929518540555673 44.86241616654002229
0.9999732604283180226 0.006469309555695248841 0.003408663621442461003 -0.2038460736093121173 -0.006466421428744421017 0.9999787861652902343 -0.0008571541440832076584 -0.889174659583236715 -0.003414137828610319062 0.0008350894991396723161 0.9999939038940506286 46.26469347965220891
0.9999778661625855491 0.006299148394195983221 0.002140196442110000544 -0.2309031905847293009 -0.006297493632008246446 0.9999799287722299646 -0.0007782846475031131566 -0.9142488138775155537 -0.002145057416264617954 0.0007647896789882987307 0.9999974876773058963 47.71817706493406064
0.9999778332499044131 0.00657900521808928683 0.001020895514020441191 -0.2155096397625171079 -0.006579482761185560975 0.9999783071059057393 0.0004667162229577309402 -0.9449179326409229418 -0.001017804309267690208 -0.0004734227143648931215 0.9999994507394670551 49.12302344627226347
0.9999707365564349804 0.007649623363770311976 4.272932867675861753e-05 -0.2244295860211355798 -0.007649628713265285707 0.999970788504608854 0.0001655749825993181113 -0.9692056343792275763 -4.146302355473060721e-05 -0.0001658968722332167093 1.000000066145796174 50.48119398813118153
0.999972035607920362 0.007423592167068356236 -0.0009004526829777585945 -0.2825710802014283485 -0.007423018744242179147 0.999972307369622504 0.0006366979798664215966 -0.9973361322069691504 0.0009051527457295832245 -0.0006299959700720722056 0.9999994726671341816 51.91678970197391862
0.999970789070227295 0.007351339094417564182 -0.002090778626919401976 -0.2708357531518710837 -0.00734860027600988102 0.9999721965899781573 0.001313856550919641035 -1.023080596606736448 0.002100377440177705109 -0.001298453749248474221 0.9999970319761847248 53.42439416417514053
0.9999790069507699108 0.005576382446725355879 -0.00329881040148867228 -0.2820592329503145979 -0.005567682515933327324 0.9999810761745148158 0.00264013389415360903 -1.048337498418706604 0.00331346863566163571 -0.002621711616997196917 0.9999911545007803548 54.85560631192815606
0.9999861855572279579 0.004067823877135262785 -0.003327767085949510234 -0.3096495769266333631 -0.004058782133906060213 0.9999881281086588913 0.002718829795721773492 -1.076069580939773562 0.003338785562284984996 -0.002705285430445741966 0.9999908476919381339 56.25765336269111572
0.9999896731732091926 0.001792659909767595509 -0.00417521793724238803 -0.2915824815915561419 -0.001782695907376962135 0.9999956193997061593 0.002388574324921691628 -1.109171480798762044 0.00417947976026576077 -0.002381106386396727569 0.9999885118367589643 57.65207670826227826
0.9999896278421137596 -0.0002608738873921264767 -0.004546281748835417393 -0.2641343018498043538 0.0002708372429228658057 0.9999976247855150158 0.002190704136434191551 -1.130117530365670309 0.004545697642421026551 -0.002191912585738693079 0.9999873467577264918 59.12320814600803232
0.9999936587375113373 -3.727554725678230128e-05 -0.003560002557169747017 -0.3342657487666240157 4.705659410519801884e-05 0.9999962869862808468 0.00274698256211453485 -1.158328620282824684 0.003559885192755541609 -0.002747132536642501923 0.9999899709525560398 60.50882213154872602
0.9999964591948231618 -0.001657700209955498098 -0.002079938774948290794 -0.3423160516790064167 0.00166571154336106822 0.9999912427056070197 0.003855130835223843228 -1.200344280666350683 0.002073528248273870042 -0.003858581639381664184 0.9999904866329882847 61.96256936735821341
0.9999893184229988741 -0.003869598172232061647 -0.00252621563193133631 -0.3415554399125150242 0.003878017165548081849 0.9999869781663164314 0.003335655845724728834 -1.210506118226096328 0.00251327340108694914 -0.003345416795671349915 0.9999913265477442526 63.35592262608764713
0.9999839744016323362 -0.005390982045399894673 -0.001726489198991353231 -0.3549866276355075345 0.005394801849636805639 0.9999830568356495863 0.002214559815438276857 -1.225437753062724733 0.001714519657261576397 -0.002223838260631549012 0.9999961382400276433 64.71953519375473718
0.9999856498307216901 -0.005084561570951465388 -0.00168519403285103341 -0.3665817299522499684 0.005088065381512901254 0.9999849525471943279 0.002080478330572006589 -1.268673595028914747 0.001674588719993965998 -0.00208902272025330172 0.9999964966268776179 66.15173251343361471
0.9999957945241941815 -0.002895177636742594929 0.0001462615220951572694 -0.403176444595112482 0.002894834342762039013 0.9999932125574647612 0.002305838453788895508 -1.298508121077220689 -0.0001529378648394467098 -0.002305405225214109469 0.999997411621192378 67.60305540163349747
0.9999990904222546551 -0.0006748528594288797158 0.00116457803088444202 -0.4039023928988446088 0.0006709771210448022298 0.9999943028015764179 0.003326600230037982889 -1.322654926747487636 -0.001166817824366622172 -0.003325815676815551715 0.9999938694910934789 69.01156499593871274
0.9999919952761060493 0.003959226819410761183 0.000571340321874609907 -0.3751953415308092454 -0.003961519396121979987 0.9999839242501777914 0.004071819249111922889 -1.356865397889567282 -0.0005552113820698011517 -0.004074049914734263755 0.9999916276599891685 70.51349059161270816
0.9999769194142626993 0.006541355976480768206 0.001834074178483407732 -0.408049911889479644 -0.006550318847292203699 0.9999664788203238563 0.004925105045119387327 -1.382210066292744344 -0.001801797258474839786 -0.004937005031334927227 0.9999862704266606617 71.83324649859468991
0.9999369032179942218 0.01093727460814912511 0.002560887656147303564 -0.4527339661667074688 -0.01094850399968388781 0.9999303845435051352 0.004413435803007374411 -1.392751443863762706 -0.002512439801558540887 -0.004441195110113834929 0.9999870623998550201 73.33215127876634654
0.9998874780797738504 0.01450809498435043018 0.003812992038787569368 -0.4880793141581831196 -0.01452403643148864748 0.9998858137152902836 0.004187358788083359387 -1.432994237990174557 -0.003751807354847200467 -0.004242267548674593693 0.999984044194597077 74.65513363341797515
0.9998621575820361151 0.01623226301585528608 0.003488843419872039633 -0.4252670409411153374 -0.01624721211397803233 0.999858817776045572 0.004300544708752435108 -1.450645025851484693 -0.003418544611398809541 -0.004356635786783335726 0.9999847472902677614 75.97257747081151535
0.99986054656664336 0.01626538805327629178 0.003783797882085303439 -0.4535546033748277805 -0.01628284587955396504 0.9998567660855963712 0.004630152662042945864 -1.482703892936116041 -0.003707945993734573613 -0.004691117867060359999 0.999982202884457605 77.45120444622756395
0.9998738717837367673 0.01516045203153556023 0.00473220551815810471 -0.4851382619286714881 -0.01518198064487635487 0.9998744672288101265 0.004547452293262040958 -1.5144961476008445 -0.004662671290134954433 -0.004618722881408862148 0.9999785439859141256 78.92561942863814295
0.9998883148623155526 0.0144214899260955657 0.0039205839878965398 -0.4568855416168063899 -0.01443316075824096177 0.9998915002501278515 0.002965413124720422868 -1.528511020196779313 -0.003877394227831197204 -0.003021668241537271444 0.9999879983638046976 80.2017711152182784
0.9998939490648871553 0.01423052405564200623 0.003094407428011791347 -0.4681760282980434451 -0.01424096075960104221 0.9998929479495108907 0.003377832913323616706 -1.55576858905847093 -0.003046009181723706959 -0.003421541916840761029 0.999989588153142317 81.57019663961347078
0.9999033902073369839 0.01334727085935401812 0.003879839884653856624 -0.4908141983589966451 -0.0133612239310807214 0.9999043393007105429 0.003593330411552971004 -1.583271290097853834 -0.003831508883235159452 -0.003644822562060202886 0.9999860980756555273 82.93708430759264161
0.9998989236706705697 0.01393489407936714802 0.002820233553583597914 -0.4835579102031457022 -0.01394398635237015585 0.9998976188659237652 0.003230961088117267465 -1.618473689207791999 -0.00277492307965066182 -0.003269959702697148099 0.999990884308910144 84.32278267476341682
0.9998963210749649555 0.01424881621282702605 0.002076267627928591198 -0.4838484693904980816 -0.01425580036035545631 0.9998926968350547728 0.003389550068817719607 -1.641006362169059596 -0.002027749172941274713 -0.003418797390983364503 0.9999921807655690609 85.65661595226335123
0.9999152169117054845 0.01295363832575881745 0.001324684514961260067 -0.5100082067665723251 -0.01295925602650306423 0.9999067315996067462 0.004325259225788790143 -1.662522476367518376 -0.001268534578186225874 -0.004342059334856819899 0.9999898493855449155 87.05472477201566051
0.9999492395570056535 0.01004801119243342242 -0.0007404869767308864354 -0.4963235366995277231 -0.01004369953257522145 0.9999338795707732874 0.00561094271010553064 -1.689225906690790868 0.0007968152455044283985 -0.005603220560397299647 0.9999840651403753 88.51323397263143988
0.9999590465259016181 0.009005255801579147013 -0.0008962012907836608292 -0.5212990486634845322 -0.009000047014063660561 0.9999435756365453454 0.005653918269031785529 -1.715177566434954004 0.0009470641092842740786 -0.005645620759854108953 0.9999836956497811791 89.8029711801542021
0.9999775626939318984 0.006347598347648020049 -0.002138840098767834114 -0.5527016539271543127 -0.00633519670698918895 0.9999634313842076239 0.005755282690851577787 -1.738847095132401988 0.002175292438136869778 -0.005741603474554460469 0.9999812316337163276 91.18334964798022213
0.9999760943194943019 0.006045442429391266297 -0.003354988837747447522 -0.5283501019080282246 -0.00602699262910201105 0.9999668727576320748 0.005481865527622860161 -1.765514293443538829 0.00338801625577063361 -0.005461513874127400976 0.9999794271569044657 92.60050492310192283
0.9999900144550449843 0.003992318117778373768 -0.002006218740020884132 -0.5478491269381902118 -0.003982489136693856402 0.9999802294119765067 0.004878798250324653529 -1.779086929478893353 0.002025655131427194118 -0.004870759673078618561 0.9999861668790306357 93.94864066161315463
0.9999748751310700845 0.006431640623830744627 -0.002979201300704479444 -0.5511496431854362443 -0.006418894554845259656 0.9999703524695174872 0.004267795193670432564 -1.806911733163550027 0.003006560181030027909 -0.004248564670161721936 0.9999865358195150211 95.37003137373014283
0.9999810562710141904 0.005310828032444959122 -0.003110423960152918291 -0.5598831902650558412 -0.005299068198538077999 0.9999788902472718233 0.003776379180059923849 -1.837733457871851384 0.00313041227453338209 -0.003759825173169671804 0.9999881128092185101 96.73543124976285412
0.999975628850298448 0.006651548603301509627 -0.002119231084326777832 -0.6140916313903360679 -0.006644604591454004831 0.9999726510321170769 0.003266269723155706354 -1.863526681936579887 0.002140897212349032134 -0.003252108548250815922 0.9999925009105332663 98.05097887772799936
0.999971822322684889 0.007266676889653962169 -0.001882153687605930869 -0.6418817727344230395 -0.007260453917435055055 0.9999682866392664016 0.003291447003567484278 -1.886340530098775892 0.001906010229333069544 -0.003277688849316377599 0.9999928926794597883 99.35669495764823012
0.9999624511070543953 0.008219752194447425483 -0.002743098406559867173 -0.6283703593383702657 -0.008206144272407902077 0.9999542118720092798 0.004935124352106358761 -1.915475993307221403 0.002783536598754652279 -0.004912428669701541552 0.9999841406217405693 100.726803995956999
0.999952937327961644 0.00940084963168677859 -0.002395766475814177683 -0.6221802468325017266 -0.00938575775783992601 0.9999365815205187857 0.006233986072843589188 -1.933071079422096217 0.002454217618919202204 -0.006211206494377629478 0.9999777793813136029 101.9965307947492477
0.9999722489406878134 0.007218567205013408546 -0.001840155070234159853 -0.6284405134375327107 -0.007208843647781619512 0.9999603676240654826 0.005236206058125271283 -1.958731263438538317 0.001877878395262460925 -0.00522279524613152718 0.9999846786379419372 103.3262562074229578
0.9999699989566644964 0.007450617273080793745 -0.002117079272465068746 -0.6807324224246019684 -0.007445291505918359871 0.999969190067227176 0.002511702359127229028 -1.979426933655464182 0.00213572611424646874 -0.00249586461133442794 0.9999946854169742272 104.7541781339448619
0.9999741778028171657 0.006948575936359027011 -0.00183127114482100283 -0.6729850310063522079 -0.00694644203391670597 0.9999752519052971245 0.001168169098980928206 -2.02208664821123163 0.001839341291125011013 -0.001155417988495913758 0.9999977216784593503 106.103222963710806
0.9999873170142752343 0.004854078718899926953 -0.001340245670706235234 -0.6889279312810691058 -0.004850953244346294796 0.9999855938931203614 0.002324298417577304147 -2.039213661486337426 0.001351507074526046631 -0.002317767345654840778 0.9999964814503208288 107.4189073795209879
0.9999956193402556037 0.002815203733696011561 -0.0009101929694155699423 -0.6954948330363576181 -0.002811263449227784355 0.9999868644409170004 0.004299982859262872596 -2.058994883519156271 0.0009222847501112916516 -0.0042974051126761139 0.9999904215692333453 108.7045064852961076
0.9999995383046997866 0.0008794615057005147766 -0.0003774339212954671511 -0.7011951074960118824 -0.0008772843321201789996 0.9999832824188287228 0.005726025522722441759 -2.097396021629133411 0.0003824618712604958338 -0.005725691648881812632 0.9999836157200520104 110.0802749954892192
0.9999993097833311806 -0.0005199013118534772 0.00105007123108813525 -0.7282115855327093712 0.000515685861506292296 0.9999918788804784686 0.004012275679996102004 -2.115044796578309239 -0.001052150160928812554 -0.004011731284154790127 0.9999914802263661917 111.4197208889246014
0.9999985281023087147 0.001594057570319650733 0.0006287224784327671064 -0.7604018854247684978 -0.001594914233573070618 0.9999978548296886149 0.001367002320563041147 -2.134975051853579497 -0.0006265435435058114505 -0.001368002938669958708 0.9999989487716298697 112.7309084406474682
0.9999905828795629947 0.003890820179626794904 0.001920466519685025929 -0.7467760609946838546 -0.003889885154343074389 0.9999923756044727385 -0.0004895225274761116647 -2.163076678713911072 -0.001922357935129261541 0.0004820476557236548867 0.9999981168508409457 114.0701300468221291
0.9999692077321620243 0.006515859217477655389 0.004372606876460932712 -0.7491801461592153544 -0.0065145235356491955 0.9999787903508168263 -0.0003192671227441078782 -2.192432615058074852 -0.004374595698925252962 0.0002907719689985353265 0.999990469905469026 115.4286650280175621
0.9999475654004106318 0.00859368532995389775 0.005568442471595890647 -0.7711497453298515881 -0.008602666966420745645 0.9999617912502019035 0.001591306228927798607 -2.227398729765870833 -0.005554555717318409615 -0.00163912612767944956 0.9999833107179687541 116.7693598282454275
0.9999371509245381651 0.008840521882084152738 0.006894338484336096258 -0.7608830122247537409 -0.008867130399651371869 0.9999533789930870054 0.003838741120525558399 -2.241573075882867361 -0.006860081704528343295 -0.003899632749418131816 0.9999689463586767246 118.0792258395356953
0.9999445134086901721 0.008055852697838946849 0.006787184131780887343 -0.7551653113105825099 -0.008082080504744950863 0.9999600042654156473 0.003846029247060302712 -2.260669094562796744 -0.006755930750663034605 -0.003900670303741751548 0.9999696513940251608 119.4091964606805902
0.9999443552362237142 0.007367646529779411577 0.007549618602533522335 -0.7585194820835129415 -0.007395644439302120551 0.9999659136650227431 0.00368755337627112113 -2.291888274647241985 -0.007522193749288160966 -0.003743182368759450339 0.9999647827426040303 120.7600789847530223
0.9999201906855542665 0.008857012578112105974 0.0090087799715102123 -0.7307743514045245137 -0.008884961018859735202 0.9999558847664226091 0.003067259857294401832 -2.315553856421950218 -0.008981216773866776415 -0.003147057611048831305 0.9999547966345904149 122.1116698740065232
0.9998851606831602457 0.01135534355578029023 0.01003564421364559582 -0.7519523205457987469 -0.01139459288117244951 0.9999276799532205162 0.003862667943295368649 -2.332020674528856752 -0.009991057438924859369 -0.003976576333890064797 0.9999422619084072927 123.3799042325188253
0.9998520422706752564 0.0126841601355455573 0.01161887214696350618 -0.7608234311773932612 -0.01270121110069744215 0.9999184242517018539 0.001395048734431513079 -2.355982833315949598 -0.01160023013212886471 -0.001542415963926850988 0.9999316062374217218 124.7707517670694841
0.9998149689856085098 0.01426126834205411129 0.01290877859280796167 -0.7513062089192379389 -0.0142782912562467116 0.9998973674328550665 0.001227630520849914801 -2.392133200834996476 -0.01288994690955316477 -0.001411718563257985566 0.9999160054011397847 126.054131506075251
0.9998201835428157658 0.01277821949502234988 0.01401107525961302162 -0.7374025319411675605 -0.01279265805138684806 0.9999177884157656182 0.0009414837844084206079 -2.400363274744402808 -0.01399789357859264165 -0.001120553275152729854 0.9999014775831434054 127.3968781081524213
0.999825059966138352 0.0123771619644920082 0.01402311902177486719 -0.726941515817372208 -0.01239822233809428388 0.9999221975187816414 0.001416006870699717656 -2.430355546927003285 -0.01400450252001551356 -0.001589620793662944965 0.9999007493506791855 128.7033831824369372
0.999813370504395893 0.01143372912854744537 0.01557197929144744745 -0.7266371478886159974 -0.01148078735976036484 0.9999298441518686964 0.002936048821850305822 -2.461552583793646498 -0.0155373174247335627 -0.003114279349534179123 0.9998745194106813949 130.0520375214070441
0.9998151413154026113 0.01004012586222171807 0.01639730484222016657 -0.6949689012331814464 -0.0100881441160579205 0.9999451174182790725 0.002848436498480638041 -2.484499402089523024 -0.01636780678958783819 -0.003013328211829419036 0.9998615785639585196 131.4065218542224045
0.9998395072637333847 0.008335662005736153499 0.01585777364716169438 -0.7063056547886130687 -0.008386456505988732282 0.9999599659007288865 0.00313943288039125832 -2.514115063315655263 -0.01583097011174019672 -0.003271919449625802171 0.9998694097048057561 132.8049683968423267
0.9998536602322783962 0.006204768930455930448 0.0159421293670898058 -0.6802773183709365235 -0.006271351504781558228 0.9999718671706802064 0.004130026505664984027 -2.5391511524832171 -0.01591605557283288369 -0.004229400713995261699 0.9998644672550673906 134.1527878588960334
0.999877598277079449 0.004814111187117543073 0.01488641390210492833 -0.654013273874116563 -0.004874433925961963419 0.9999801058851391922 0.004018685424018154061 -2.565921087929063482 -0.01486677197860116796 -0.004090756266973786907 0.99988119611277404 135.4647332859363473
0.9998980517101457854 0.004595732149634405503 0.0135187999582819917 -0.6457066010282758173 -0.004639063284526118505 0.9999842577485522632 0.003175760050218921597 -2.585800629657985183 -0.01350399290888286419 -0.003238150746996969458 0.9999036544049929587 136.8183083165975802
0.9999245065024193746 0.002980742466782564191 0.01192010846736941444 -0.6554058328760027363 -0.00304088036172411218 0.9999827855798640863 0.005030278271254704468 -2.608244087528008848 -0.01190491011410691954 -0.005066146037550598585 0.9999163809125094504 138.1973582060613239
0.9999391563056825305 0.0001173683637496715699 0.01103006896526507845 -0.6443464239280922712 -0.0001683139749846228892 0.9999893832900007551 0.004618126430804797393 -2.623651141239192519 -0.01102941070175271834 -0.004619701852955724643 0.9999285834460969191 139.5092331692465564
0.9999395706974364417 -7.443591812603032279e-05 0.01099281230745232166 -0.634641975785715573 2.092404809017917253e-05 0.9999882116711868996 0.004868079218315638119 -2.639577205695493145 -0.01099304594439521644 -0.004867554921573289534 0.9999278080881851549 140.8003322811485418
0.9999538260875135975 -0.001728585977606379243 0.009452522962820612829 -0.638495371029971559 0.001687927406849329274 0.9999893578586717124 0.004307805385696334734 -2.680806959542550327 -0.009459869736656410441 -0.004291651192247374763 0.9999461256153583388 142.1581424963042366
0.9999696891237986884 0.0006416207918802525325 0.007758973330141782573 -0.6037184581812700124 -0.0006690506400511234564 0.9999935948588746237 0.003533373083396251085 -2.68445471487845877 -0.007756657607688265295 -0.003538457014796447114 0.9999637369041612933 143.4825029994354963
0.9999701714534311447 -0.001674305692577254074 0.007539589577960013368 -0.6124930832878089371 0.001665651458405682534 0.9999980077839413228 0.001154187744381585763 -2.710390934978191169 -0.007541508092114812892 -0.001141594862306531417 0.999970991557231681 144.8194951141184674
0.999939192489787132 -0.008863151391163080761 0.006561125740795504917 -0.6169124321938892486 0.008854849678283571376 0.9999600195021315363 0.001293505803448331869 -2.759595698698304567 -0.006572329091765576059 -0.001235329234530359397 0.9999777197471612089 146.1512744486338704
0.9998700573128946889 -0.01522465628062812798 0.005298191312709437176 -0.5715825639792400104 0.01520751874748370487 0.9998791046652176773 0.003260299224731229208 -2.759048970574590864 -0.005347188927353075522 -0.003179303098489651407 0.9999807303843731843 147.5631125808686477
0.9997205595211592355 -0.02335522419343826969 0.003650874264127289617 -0.5766703552265466381 0.02333610899445531447 0.9997142446448745723 0.005193956885353045658 -2.790718604388729762 -0.003771138338084678143 -0.005107308153035401699 0.9999799275260357057 148.869532153496948
0.9996728722881987883 -0.02546162825669881502 0.002417935357798923265 -0.583734985603366674 0.02545722391340457524 0.9996742877513246084 0.001835830178233289122 -2.827712607068914252 -0.002463892412433167124 -0.001773675559581895092 0.9999954724120831973 150.1858794771698342
0.999728466087213663 -0.02305927027955691211 0.003355094375541643661 -0.5670541986667418932 0.02306255423768407281 0.9997336403219817536 -0.0009429299267596770407 -2.849790062256952972 -0.003332458762802449626 0.001020051089141289736 0.9999940078576254887 151.5409433928730891
0.9997678746667608696 -0.02134435554016076569 0.002933901557304587071 -0.5720084603224401265 0.02135601237600739596 0.9997639920085178433 -0.004000392100894000803 -2.874964765051712501 -0.002847824694198820058 0.004062120110803721026 0.9999877752308311551 152.927559108070426
0.9997684424835927564 -0.02123654386371793407 0.003473201039827559632 -0.6028210794653743321 0.0212475024086092798 0.9997693487241138266 -0.003148827022923130717 -2.902919759068853356 -0.003405531057435096445 0.0032218948964290073 0.9999890915847289286 154.231620531529785
0.9996735269191946438 -0.02490011393295753564 0.005728561177105830939 -0.6388872992426828379 0.02490374440085212776 0.9996897562062736498 -0.0005629961028353248518 -2.924748997200161238 -0.005712766439351427833 0.0007054750752197086125 0.9999835139356583191 155.5310470855224878
0.9995043154083170789 -0.03103575596744064316 0.00528184194277116735 -0.5700447119796981932 0.03102397906341088779 0.999516060981336607 0.002297534570473756723 -2.966797542408997845 -0.005350592779402403229 -0.002132531817660935497 0.9999834923651893526 156.9493813673998659
0.9994667795062009974 -0.03225981987888725672 0.005045117510970813408 -0.5639175290675255692 0.0322412505304349728 0.9994732539928149473 0.003720002177112299684 -2.984727709994560385 -0.00516246783196142988 -0.003555357555845928188 0.9999804347565995899 158.3344225129446841
0.9993012649153584226 -0.03696124195561208137 0.00555347374181043834 -0.5657128350502018677 0.03693822441164057446 0.9993088197122006466 0.004191957577643882875 -3.014885749826980987 -0.005704576431640778073 -0.003983892906686608767 0.9999758736803230352 159.5705209276221694
0.9993678173490767591 -0.03487594828879341663 0.006901189018527084662 -0.5652344016670305393 0.03484422481828239326 0.9993819283380669383 0.004665125955662551699 -3.026416482339453484 -0.007059625381671912753 -0.004421710022841890408 0.9999653852549703625 160.9194349942489737
0.999493688028993077 -0.03074993974643099731 0.0081732072402622407 -0.5559539709728862356 0.0307206631327536922 0.9995212810499414235 0.003683977151248342147 -3.03898504532808067 -0.008282577672317258458 -0.003431025424159526386 0.9999598934509258408 162.3509769077818987
0.9996387427683042226 -0.02554814432413995279 0.008346783120211124021 -0.5880054878528858664 0.02553598046780177974 0.9996727462178583989 0.001560859876738744049 -3.076249702352725102 -0.008383929695663020279 -0.00134715257133709884 0.9999640275740004913 163.7005233095930805
0.9996569780059976207 -0.02450127940669274626 0.009252358611518818679 -0.5593462228195742458 0.0244944905991143283 0.9996996676096715495 0.0008465375037781354894 -3.105089452541579753 -0.009270322044211876458 -0.0006196151678084327406 0.9999569184447903991 165.0331901195468163
0.9996890115793198861 -0.02300373598201206626 0.009628123638940324844 -0.5693672260201827484 0.02298243388975436743 0.9997332439570586482 0.002317493554641463296 -3.123454758188165759 -0.009678867228789928695 -0.002095494989008482144 0.9999510437861425238 166.4506782811631354
0.999750854898088126 -0.02016951557197519188 0.009560924389700537623 -0.5636565887494340288 0.02015199205266713159 0.9997951343021598269 0.001925814647587979853 -3.161600623343816086 -0.009597809377811693937 -0.001732663031767888405 0.9999525196093669299 167.8073578840146354
0.9997431311455667879 -0.02056480151592792599 0.009526445786216829192 -0.5789940752484913356 0.02056941203699390666 0.9997884137969943463 -0.0003860635056579823574 -3.184875091000645142 -0.009516491750442375094 0.0005819178718375275653 0.9999546286186418165 169.1720179234516195
0.9998846531452463271 -0.01297907436882258549 0.0078877457202608664 -0.5484319798496156695 0.01301068375344817916 0.9999075406412567535 -0.003969181319875406122 -3.211973028786285322 -0.007835501173319540935 0.004071348606258744403 0.9999610945338724965 170.5148052190115209
0.9999147688818241786 -0.009570257533465114513 0.008880182577761911583 -0.5419007910266027128 0.009616441557515379226 0.9999404435733229013 -0.005172570056649369689 -3.25006525050021855 -0.008830151865317692125 0.00525752510438975279 0.9999472728035933011 171.8675538200405413
0.9999382249716348703 -0.00720333801631037416 0.008464671474484037131 -0.5717133741110912437 0.007234919257661310069 0.999967020995158995 -0.003706074320307015894 -3.270883656293668729 -0.008437697224411478195 0.003767086739945176965 0.9999573870233841033 173.2005714976060062
0.9999510418527859379 -0.005467106134108090307 0.008247251096342186547 -0.6041329544382137984 0.005477347250888629782 0.9999843166950158624 -0.001219488094262510033 -3.294778595803807164 -0.008240455707972993427 0.001264601585797819937 0.9999653280049595194 174.4978554759259737
0.9999551421477717028 -0.0007655240354529682092 0.009440348165978681635 -0.6071774391992584841 0.0007630832955562740199 0.9999997355045483483 0.0002623151344068048031 -3.341675750989411053 -0.009440547432492538832 -0.0002550994684926961398 0.9999554852731386001 175.8840245224706962
0.9999600328057811627 -0.003696581564863494519 0.00814006021125659486 -0.572712133723207284 0.003681690433978519403 0.999991583822433916 0.001843789179685021828 -3.368009064617205617 -0.008146808455132126606 -0.00181374618229726667 0.9999652500841575975 177.322384407506604
0.9999611377494601605 -0.004826507327765770967 0.007377013028306059726 -0.5593160398766809926 0.004816111262979792113 0.9999874459417328332 0.001426587207784719112 -3.387055581320705056 -0.007383806931614866551 -0.001391003124298752312 0.9999718526261150986 178.7036204410466382
0.9999533588245649307 -0.008324447961457783624 0.004896554249718828959 -0.5718552284848406053 0.008334553901399302175 0.9999632333322701072 -0.002046782133756024948 -3.421136262572448405 -0.004879337119374028107 0.002087497410051693345 0.9999859978829643836 180.1213239744556631
0.9999853540930192519 -0.004912995343236495512 0.002268608205610296667 -0.5959287092501708294 0.004926966186869236736 0.9999687424950491899 -0.006193638409409949093 -3.449868160379729876 -0.002238109367077073444 0.006204725214116100195 0.9999783266586580455 181.5700233540092938
0.9999964510866409251 0.0003799511096871616513 0.002635519854516350704 -0.5853858084485259461 -0.0003608736581315802111 0.9999738253339859329 -0.007234675517550475006 -3.48702136816717978 -0.002638201057911603205 0.007233698912332879594 0.9999704370785671426 182.9796346157212383
0.9999927496400019544 0.002868941104728414595 0.002502471321179943354 -0.5872300647236443627 -0.002852839384419108334 0.9999754236856720491 -0.006413691614405143959 -3.510956742769321348 -0.002520811695430449743 0.006406506118893811642 0.9999763815828894842 184.3818169344287128
0.999982135491385038 0.005418990662133326731 0.002521063692240011443 -0.6162903660896301705 -0.005412090188279797612 0.9999816745823715269 -0.002735302826198147876 -3.560079759882664785 -0.002535841447693380248 0.002721609876338636907 0.9999931619185673526 185.7505387528785263
0.9999710632136037392 0.006878928451262108709 0.003247399797842809386 -0.6106553136754750977 -0.006875782260253559576 0.9999759438324556937 -0.0009785057963731475048 -3.581282621297068758 -0.003254054081413012764 0.0009561491983836991129 0.9999943292076461931 187.1444832672085852
0.9999825229781261759 0.004515776229066587738 0.003814973637944065344 -0.6284619285310391046 -0.004515532389406178362 0.9999898633852772889 -7.210080136326329516e-05 -3.609120408259467006 -0.003815261856628594361 5.487303295583236641e-05 0.9999928011256108418 188.5316135602135716
0.9999883609570998644 0.003685426964268426284 0.003112570931374575821 -0.6380538379121609704 -0.003687691166882990819 0.9999930004667144656 0.0007225357679364256651 -3.627569922368659938 -0.00310988763420646467 -0.0007340054316565438729 0.9999949756730172057 189.9433653466942076
0.9999931072951697697 0.0008123006619860671578 0.003621883924147490958 -0.6648266425326431195 -0.0008172090255496989144 0.9999988099786650819 0.001354371729378082718 -3.663464967369387537 -0.003620780768275274654 -0.001357322103888944104 0.9999926045526885687 191.3120969656464467
0.9999929198544501574 0.0008187831835646836465 0.00367183175122793139 -0.6167464542171021691 -0.0008221936153693949062 0.9999992926116292313 0.000927839389772909225 -3.700119732135740858 -0.003671070762409584919 -0.0009308516491707223952 0.9999929091206199994 192.7852316276354543
0.9999790928320914096 -0.005057666426733978607 0.004028202340580536688 -0.6088403094893157785 0.005050543454078595257 0.9999857282899907718 0.001776892591583216193 -3.707361887780900034 -0.004037133067043532225 -0.00175651070173104564 0.9999903888357040138 194.1789246076139932
