0.9999999962582232227 8.137513278152659075e-10 -7.656115742981431352e-10 -2.139041617443826482e-10 8.137513278152659075e-10 1.000000061056633971 6.754229727670312846e-11 4.50643937444095144e-09 -7.656115742981431352e-10 6.754229727670312846e-11 1.000000080766252131 2.697696344089450804e-08
0.9999959179319066749 -0.001591349352346937366 0.00237154751711143039 0.0006532753530057480414 0.001588050321341922611 0.999997829868527921 0.001393007655128652858 0.001533766766858609158 -0.002373760519677970728 -0.001389235702807219922 0.9999962984034522773 0.002902412905687497269
0.9999377527768845697 -0.002865367872910686616 0.01078298400693675739 -0.02222112360091602068 0.002836627284577797944 0.9999924469601254584 0.002679866826479759129 -0.01131477602814384524 -0.01079058224119268904 -0.002649112586987798987 0.9999383516378099745 1.449295812402854322
0.9999933132490055332 -0.003625226891645372176 -0.0004729687112676338092 0.002026335042356776708 0.003625723583942714462 0.999992936748563932 0.001050095211687524736 -0.06449619886864628449 0.000469156976696734427 -0.001051802909467481478 0.9999994175668204255 3.305399569408219218
0.999994122856844081 -0.003195487552343380562 0.001239201845105238281 -0.001834266996253950191 0.003194418028564158501 0.9999945844275004436 0.0008654057232650768164 -0.08848658988444771389 -0.001241961983207329548 -0.0008614419751400254847 0.9999989384905910716 5.07795930645837057
0.9999914159721348117 -0.00393787082336976603 0.001285948924147667111 -0.03433112384333203426 0.003936254329221667431 0.9999915221579682711 0.001258424774287479576 -0.1124118007049376422 -0.001290894989429706898 -0.001253352017555734539 0.9999984621153151787 6.535770485547793385
0.999988792992144937 -0.004732473885731746689 -0.0001004558814897147848 -0.004820414954149834091 0.004732735566886456247 0.9999850273815896751 0.002769177986836117867 -0.1376918667324661949 8.734777641543148838e-05 -0.002769622255345568704 0.9999962415403266247 7.937926446012512294
0.999986804655081496 -0.005084074414652518976 0.0007315817365608081419 -0.0291422881793454297 0.00508171513032351814 0.9999820494710554009 0.003193591626666725854 -0.1607983754359359196 -0.0007478065495646565343 -0.003189831669712654 0.9999947136321593044 9.246337048711632534
0.9999933414960949785 -0.003556032165909375417 0.0008149288286595782671 -0.05171709993889230667 0.003554980488218629272 0.9999929096088920888 0.001290334882519461775 -0.1801693618723275436 -0.0008195130048305863555 -0.001287429102412009736 0.9999989162285354283 10.54712121221444221
0.999998269463782119 -0.00173063734846123354 0.000677109027212795451 -0.05282391163251353577 0.001730826909378322623 0.9999985247934813914 -0.0002770648478666003223 -0.2154566916092855444 -0.0006766300191291265646 0.0002782364638206865672 0.9999998131448982752 11.87553312932983829
0.9999981110645213001 0.001929303475737780818 0.0002194880028625537777 -0.04474738939216296729 -0.001928958411791332084 0.9999969926738523363 -0.001554307698275693775 -0.2356055929618634248 -0.0002224875905374914381 0.0015538815182997677 0.9999988487415913951 13.20137963372074985
0.9999901357403541136 0.004426163885470364885 0.0003605823420663602881 -0.04664298740427191836 -0.004425580855935865726 0.9999889920356730411 -0.001597543798997200096 -0.271978943524684047 -0.0003676508712247415658 0.001595932391467815839 0.9999987396821387042 14.56461115853486099
0.9999853749590572605 0.00538743888358936187 0.0004667940318137958774 -0.06482249199621369085 -0.005387088780332878989 0.9999852733673028071 -0.0007445975566483179885 -0.2940154047616911903 -0.0004708001335651235391 0.0007420721393395013962 0.9999996946046914026 15.91503756504056533
0.9999953011784923351 0.002843854346567404375 0.001141329642890081836 -0.1034938863067729614 -0.002846165870594434977 0.9999939497797667443 0.002030234512861276569 -0.3123941282790423934 -0.001135550510082114928 -0.002033473262254503755 0.9999973685191970718 17.23293744625687296
0.9999983375376604311 -0.0008494380402165515459 0.001611176524796246361 -0.08862381117805366582 0.0008432905812791168659 0.9999924345820494498 0.003813365318949226389 -0.3433404003830028972 -0.001614404988825958454 -0.003812000169228385929 0.9999915119065825309 18.56096049442371765
0.9999941758031333228 -0.003295074145801006084 0.0008850743942470962492 -0.113055384080955959 0.003293399934255100605 0.999992855003923653 0.001888273343325404122 -0.367346071789760531 -0.0008912915491774487439 -0.001885347311871015015 0.9999979062969954757 19.91782042017081977
0.9999900077638984586 -0.004236234524922291578 0.001425201077720704727 -0.08209640013624597277 0.004237141956290947295 0.9999908838963552649 -0.0006331438692639714243 -0.3862097124212940935 -0.001422507383076589702 0.0006391764615847764577 0.9999988647297510802 21.28623495664853493
0.9999929076658912175 -0.002667816649219589917 0.002657043721039295536 -0.07094725831048276365 0.002672401883532269946 0.9999950057751680887 -0.001723023472065540697 -0.4129590650677791297 -0.002652435108136640997 0.001730112081893811406 0.999995066405992894 22.67951352763484607
0.9999969499905642101 0.0002453805354188774864 0.002456076456587818514 -0.1058246972458532359 -0.000245439201155439764 1.000000030642269166 2.424728216054745306e-05 -0.443449650275625662 -0.002456071963332407977 -2.484989284467617514e-05 0.9999970643100670742 24.02709671342422482
0.9999957149009554014 0.000737047829782990372 0.002831864093903392349 -0.1583525855209310107 -0.0007484120335470086528 0.9999917224986983877 0.004014589193910296505 -0.4655666370415060817 -0.002828883070699612316 -0.004016691274975867781 0.9999880125016988863 25.37795581760048336
0.9999953707586972662 -0.00140632963561918272 0.002696888744839548262 -0.1331182155721607197 0.00139225486888242835 0.9999854973754438436 0.005214286318128484761 -0.486535556255431989 -0.002704184008496538644 -0.005210507308991006031 0.999982849621556702 26.75534196122340447
0.9999856449261609326 -0.004287920694266762756 0.003211881744550805322 -0.1306088498817850052 0.004275737466058843368 0.9999837341637292099 0.003790988908118480931 -0.5040257819748091839 -0.003228086297290726561 -0.003777201203475808681 0.9999877367976706122 28.13133102146733577
0.9999814150102630528 -0.005095459917801482483 0.003346405228652283952 -0.1128027682906909829 0.005090007456820195945 0.9999857680760809719 0.001636334170486669192 -0.5259500401132688463 -0.00335469680539663296 -0.001619270401470015346 0.9999931427310617682 29.47651784909424677
0.9999771187898528479 -0.005438871825126588219 0.004021576150199826331 -0.1225929770783223544 0.005442400927993998501 0.99998487548464432 -0.0008667146092648481907 -0.560196069599358637 -0.004016802660996962766 0.0008885819468607997771 0.9999916185928274803 30.87515411651439123
0.9999862291957755112 -0.002924837827509313253 0.004356518067089316069 -0.1538045315071198404 0.002932716179112468055 0.9999941356896586697 -0.001802742194872552096 -0.5804926898790410128 -0.004351221054408372507 0.001815493941257807645 0.9999889661365398696 32.26432840412714143
0.9999881380938666631 -0.001406645352548894362 0.004662352345777840204 -0.1401844615294096097 0.001424376651440638396 0.9999918205413527161 -0.003801593979323232998 -0.6129464861806518394 -0.004656967959422721529 0.003808189977613967228 0.9999819857760077202 33.6731855392195385
0.9999883946809321467 -0.0009358655267732437577 0.004725163362159705109 -0.1425795090748168958 0.0009507292651739791128 0.999994666589376191 -0.003144045356197958541 -0.6405948203502258576 -0.004722196997514021589 0.00314850136337751314 0.9999839745379643929 35.0340164209040239
0.9999911576992789319 -0.0006286197451157317763 0.004157146980254833486 -0.1458545608938818516 0.0006365513191485368738 0.9999980410905717765 -0.001906497189719041528 -0.6744800706998387296 -0.004155941650867072713 0.001909126708618383078 0.9999896224070493611 36.42493460695526153
0.9999898960636871559 0.0005389760786704010697 0.004462038493258550093 -0.1352823382354790271 -0.0005352323432410467652 0.9999995651822923826 -0.0008398058385507648502 -0.7060457479230134448 -0.004462490446440589738 0.0008374092600609276587 0.9999897731789564315 37.85391648651246754
0.9999871324454892019 0.00267040259170458821 0.004312355466608472701 -0.1525232708573822649 -0.002670527340612471184 0.9999964949127020386 2.35478169853055758e-05 -0.7272382012773423998 -0.004312278737396553659 -3.506364775954874452e-05 0.9999907822376012945 39.2499601317242508
0.9999763868316285942 0.005687284271338500195 0.003856565820866606192 -0.1520817451524815456 -0.005684960396092017879 0.9999837137387524999 -0.0006128494039971912237 -0.7562577003478018201 -0.003859989756028654479 0.000590910638523162667 0.9999924563920130627 40.64947777004434215
0.9999618944377579588 0.00746709417057206306 0.004521582037114746724 -0.1449419100393800341 -0.007465999062937824296 0.9999721566358564795 -0.0002586667715723643831 -0.7850172510733413045 -0.004523388885526291765 0.0002248989142031966387 0.9999898249038358111 42.04061598047317005
0.999957726535764535 0.008567181458890718929 0.003337824778979896732 -0.1661564354149693279 -0.008566646606017563198 0.9999633515177548393 -0.0001740168263948892961 -0.8199537111744488183 -0.003339194614263271514 0.0001454156311359233115 0.9999944950700091484 43.4632954005059986
0.9999615767094734986 0.008239394269206114577 0.002991657937320860248 -0.1814054676012018807 -0.008239755593052761062 0.9999661077450424651 0.0001090159426155537395 -0.84846294052131499 -0.002990659667210549509 -0.000133662158245798215 0.9999955998030686244 44.86605985635848981
0.9999699112841643478 0.006777743338220862043 0.003772432565964755572 -0.1810563018155963433 -0.006774468243388354245 0.9999767270125433649 -0.0008798366102145150367 -0.8771888523117981062 -0.003778309377178590972 0.0008542540424575553043 0.9999925780551908172 46.25482754623020298
0.999977258726620799 0.006400211720070956255 0.002124110679476898158 -0.1947571853121321528 -0.006399477079298338499 0.9999795223373054709 -0.0003517091420015677479 -0.8990846361390190111 -0.002126319597162810299 0.0003381080757984403825 0.9999977629891612096 47.69265627194810975
0.9999781260309020814 0.006520359301743416588 0.001106753145080373963 -0.1953368155657156935 -0.006521074991547350271 0.9999785901077919981 0.0006457607852876245296 -0.9293640080196493569 -0.001102520322133267172 -0.0006529637534417685046 0.9999992598103645269 49.09545411215182753
0.999973165162701183 0.00730536548168597439 0.0005414061858864407072 -0.2135441448091928429 -0.00730589057012317588 0.9999728950487246637 0.0009773581401218130269 -0.9632276767387494276 -0.0005342530525525638046 -0.0009812872418400780863 0.9999994565909418043 50.52182366629597254
0.9999731948608830967 0.007301627356344988877 -0.0005369639628753779563 -0.2313567697238416154 -0.007301240129844403098 0.9999731498778916539 0.0007165988443666636504 -0.9843009885366234002 0.0005421803176737590053 -0.0007126590057338017068 0.9999996798445455193 51.90839116731955016
0.9999648806189083139 0.008124883704979209836 -0.002053370652785132481 -0.2371281256406531368 -0.008121444753259118507 0.999965675659413411 0.00167682265479893915 -1.012379338248512228 0.002066922501963165595 -0.001660087305178741413 0.9999965667292117777 53.35704427595685218
0.9999778191469482769 0.006176283532600027742 -0.002491439171516042928 -0.2515683138532935348 -0.006169339848718046609 0.9999771537116605158 0.0027844931095420823 -1.038386471054799642 0.002508578383281175918 -0.00276906069011399877 0.9999931004086932695 54.79919416945656963
0.99998346951867223 0.00464735916321192162 -0.003384564043460477466 -0.267183571021997246 -0.004637907070273393148 0.9999854005616004571 0.002794742661508409047 -1.061291570886883751 0.003397501062425142566 -0.002778999045668850091 0.9999904477926903068 56.22806114882364881
0.9999921684263591848 0.002122147104967247143 -0.003339476584692795125 -0.2683603179348640899 -0.00211415384645348859 0.9999949587023704289 0.002394792964604373995 -1.087772336835010512 0.003344540114851309465 -0.00238771391509394991 0.9999916371648696067 57.62843355761113884
0.9999921627556510595 0.001086580697266324507 -0.00380608657370944169 -0.2610002540490339307 -0.001076907553647884694 0.9999962498065564365 0.002542194890804231819 -1.116884255253437486 0.003808832834143726156 -0.002538076035766364483 0.9999896061897072252 59.06654629449153049
0.9999923324065209673 0.0001310592303662664476 -0.003912860282460678754 -0.2603454315765663662 -0.0001189999388735081982 0.9999953057682211544 0.003081622010776414056 -1.140125589767109648 0.003913244016943906098 -0.003081132625378555246 0.9999876772578802919 60.472658933509706
0.9999953672701257235 -0.001798474340507346053 -0.002454271038256866048 -0.283307250865497795 0.001808440354788275065 0.9999901683068046498 0.004063859013021527827 -1.161355297969437483 0.002446936478657459405 -0.004068278465818930996 0.9999888115071889905 61.92621528147515164
0.9999926178256468567 -0.002907102549952658883 -0.002511088531986971264 -0.2859461331057263078 0.002915055439423538518 0.9999907921447180881 0.003168626775279171498 -1.193841263736440395 0.00250185220091536176 -0.003175923218746491174 0.9999919078546504192 63.36357059120541635
0.9999873085527904992 -0.004808020506588183383 -0.0015027257788361953 -0.3157349443076694073 0.004812489009639263002 0.9999840312476324655 0.00298317271132982802 -1.217848392732705287 0.001488357002417862182 -0.002990366573059931917 0.9999945020002106721 64.75066027982730077
0.999988117839431867 -0.004555912384110078449 -0.001732153452254942645 -0.3148235564148805787 0.004560476475094201766 0.9999861792427486851 0.002639222921761638033 -1.245550276137334711 0.001720103806108786663 -0.002647090877095047146 0.9999950978289385839 66.18032746306660385
0.9999937335338101585 -0.003065323373203458594 -0.001768954710780603744 -0.3302472781185789574 0.003068822000249263847 0.9999933968354300928 0.001977557852421967226 -1.276326523995939377 0.001762879535517059264 -0.001982973935810949419 0.9999965607937414402 67.56416156026392628
0.9999996166513072104 0.000671340034114560006 0.0005554426531400879791 -0.3494179203344025542 -0.0006731528460533961738 0.9999944784118025565 0.003272938122883934774 -1.310242873696536581 -0.0005532438319720917258 -0.003273310644138499679 0.9999945704309454175 69.0547478341977552
0.9999908027959016898 0.00420545437427292338 0.0008372576237084462152 -0.3584161630444749891 -0.004209291053039456061 0.9999804525503845909 0.004636646666683718991 -1.332354225531493519 -0.0008177435367901522657 -0.004640128169687539501 0.9999889809586596234 70.4447176982905745
0.9999713486109803595 0.007425835359911482983 0.001466784369525702845 -0.3622793803979758032 -0.00743358938410152402 0.9999580941189486483 0.005354797270779739458 -1.357881942674574072 -0.001426960508648239751 -0.005365547212960552863 0.9999846679924929704 71.82059373572947436
0.9999356175438122163 0.01114834993062822736 0.002113670004105052454 -0.3678549422477506159 -0.01115867971269912141 0.9999255944955959263 0.004940792241615629687 -1.379919370283255509 -0.002058432464853330104 -0.004964059801575916586 0.9999856411470312567 73.23133690244014815
0.9998794436440717748 0.01518295950328168997 0.003250918448167802559 -0.4080835281115601232 -0.01519638854559633018 0.9998759882356863526 0.004147288204972073879 -1.40609523266685521 -0.003187548528111249727 -0.004196190337731564753 0.9999861964330664099 74.61802900225445967
0.9998350613607314141 0.01761930656548860857 0.004404846203152483139 -0.4280961319701167556 -0.01763831601313244415 0.9998351827126806812 0.004315006790037485655 -1.434504279100114132 -0.004328094052473273334 -0.004391989046382745523 0.999981069606171058 76.01941633067997373
0.9998513377323643425 0.01663452896356294036 0.004537338119462457423 -0.4379464900039147235 -0.0166556570843441748 0.9998504888523078726 0.00465951695549181831 -1.462796468158501728 -0.004459152130890404499 -0.004734396507934838377 0.9999789312723496026 77.46402438160835402
0.9998734132568607436 0.01541980753269205258 0.003921676934607485829 -0.4173926465132834496 -0.01543731982832780882 0.9998708819200966547 0.004475569087775436647 -1.485656723030150284 -0.003852159461925269267 -0.004535542618000441666 0.9999823754730909897 78.84407214636730998
0.9998930584549390321 0.01432168110909410284 0.002958657313029201905 -0.4276294877201861633 -0.01433178684128649273 0.9998914941725856043 0.003423717958330501927 -1.511946901794681608 -0.002909304241952217086 -0.003465754557812723239 0.9999898429632846364 80.22730173713519264
0.999886325426030842 0.01459473970595655257 0.003784487860641747546 -0.4364388922298232942 -0.01460821966746936665 0.9998870196093061491 0.00355949595411795541 -1.533731543081193527 -0.003732111677973476167 -0.003614375852588028789 0.9999865844929841652 81.60190225679561138
0.9998768813918395004 0.01529258607989363895 0.003514458887881486034 -0.4412097273230566885 -0.01530491120668549948 0.9998767812222514317 0.003507725697826620873 -1.565380709489541111 -0.003460384967145834715 -0.003561082205512903706 0.9999877529077501048 82.99036024493223351
0.9998826580679517351 0.01510602237040323953 0.002543764058372300924 -0.4522252636133128889 -0.01511399476868270468 0.9998808912473423627 0.003145243252802438529 -1.590509192526904592 -0.002495950341215147968 -0.003183320510985099185 0.9999918990859916201 84.35565857973490722
0.9999106882645547589 0.01333567282050043129 0.0008762837017477899219 -0.4319769520999000023 -0.01333913636745035977 0.9999027860544245083 0.004075286807753850798 -1.609592342639028839 -0.0008218533084288447404 -0.004086611595703283119 0.9999913928107790895 85.72242771171866593
0.9999076931313425343 0.01355399203401116102 0.0009418416752337089096 -0.4396662215205698887 -0.01355805524490652329 0.9998982330022335718 0.004452511355215772737 -1.639384286197408391 -0.0008813980052725801494 -0.004464869792023548958 0.999989724751260578 87.11020387277002897
0.9999231737351188531 0.01236193294749468076 -0.0009065259019355445189 -0.4433783268465320004 -0.01235667778067485977 0.9999080982860157896 0.005588343315585815249 -1.676085184491864499 0.0009755237199192690056 -0.005576712230032062137 0.9999840549547461821 88.50433814430208201
0.9999523622491467423 0.009597246518738528076 -0.001777254238774325862 -0.4635626150816661295 -0.009586671099210910055 0.9999369053942773755 0.005865412263681195337 -1.694928509548000006 0.001833432262525445033 -0.005848094789445325813 0.9999812997458554786 89.86393036251142519
0.9999750447977517886 0.006709908158583912166 -0.002208947331676898787 -0.4720316494676750629 -0.006696789779945384186 0.9999602742167804648 0.00589280034891852527 -1.716997844408467921 0.002248398054948118514 -0.005877860327199425916 0.999980278301179748 91.22873692201928009
0.999979025408669786 0.005533432958631219999 -0.003364876812298175923 -0.486318783974594826 -0.005513199345702513368 0.9999669075586031797 0.005992539074205402091 -1.742677263135585131 0.003397923029640055777 -0.005973862035250870721 0.9999764640311578079 92.57789390370602689
0.9999843011329221376 0.004852471495688859444 -0.002800631875717550165 -0.4925590137567710247 -0.00483683767673041224 0.9999728968842370724 0.005561708687274994137 -1.759315522099292206 0.002827542294061865732 -0.005548075060066878957 0.9999806925105240163 93.96528628910986924
0.9999721021909490082 0.006942749542354342655 -0.002754197583817227964 -0.5098889492375093813 -0.006929386552109347008 0.9999643804686321191 0.004831510741257872589 -1.786254691030670472 0.002787641743799684161 -0.004812290938966986079 0.9999846160996099798 95.35513776108582817
0.9999834199275532409 0.004796969738143688419 -0.003184569484465841517 -0.5403187356774842298 -0.004783494145763584476 0.9999796936250038293 0.004225236840518182234 -1.811380250912489442 0.003204771420042835071 -0.004209933298034620325 0.9999860836169506273 96.67935672965822391
0.999963611337936098 0.008034572810159864784 -0.002866038823191176688 -0.5777577461276981463 -0.008025232436652001214 0.999962560104579512 0.003255169758898502231 -1.840157676631409389 0.002892083706493452002 -0.003232050560707718304 0.9999906755703903416 98.02766143772450391
0.9999646369246060207 0.007942797382009966767 -0.002762138360262309487 -0.5733548241556405412 -0.00793300152838796041 0.9999623320093282697 0.003538947056321098145 -1.86110062102412277 0.002790141750531510961 -0.003516909742324695991 0.9999900039409004293 99.37101728422678093
0.999958210362652089 0.008864147116376737412 -0.002235389010260669437 -0.584642258344819421 -0.008852545724673085287 0.9999476314925889175 0.005146727273512612111 -1.889489495231927663 0.002280891618782400921 -0.005126723199254053925 0.9999843377623525154 100.7212249862508884
0.9999604553933389983 0.008832643334231792681 -0.001031793981859884012 -0.6105299472998458876 -0.008825619593313800693 0.9999391826188352983 0.006622808926690734559 -1.90419077763653366 0.001090226536253105852 -0.006613440704676423927 0.9999776174180696753 102.0794703669530037
0.9999570604467316048 0.009113785021928610952 -0.001675925048321176471 -0.6298228700848046424 -0.00910515735665469797 0.9999456811550594404 0.005084578960292903543 -1.930094532042051059 0.001722172132510101311 -0.005069100958924546534 0.9999857498319824067 103.4102642712627045
0.9999606864871845024 0.008662254200803420207 -0.00189297935654469192 -0.6442077140548945202 -0.008656744149217774492 0.9999583884776372944 0.002898997906958996132 -1.964428800233143591 0.00191801079236336193 -0.002882496779973696757 0.9999940869703254354 104.7476219933135297
0.9999657194851349074 0.008131836427244460222 -0.001557442599397986134 -0.6431691663841512252 -0.008129440299906125905 0.9999658343562441987 0.001537665979046421317 -1.990111022196019208 0.001569891807752809643 -0.001524952006004877359 0.999997685742689324 106.1189517636030928
0.9999861658725111013 0.004720508207520852928 -0.002318921178893401224 -0.6537094981845374964 -0.004713560094450306402 0.9999844762065889237 0.002991956188298781991 -2.014493642777900551 0.002333007057786588671 -0.002980984300651156639 0.9999929161441880598 107.4335321145320137
0.9999949271883749047 0.00315812564552444457 -0.0004054168113229134431 -0.6516347450792729923 -0.003156275220486031829 0.9999850328530525134 0.004482644880473068624 -2.036015634141955744 0.000419565938457924217 -0.00448134241758622355 0.9999899514822181423 108.7711652090765995
0.9999992991726900371 0.0009538603761127440904 -0.000695933671844985711 -0.6569892357613463796 -0.0009502156244008098333 0.9999860032396120646 0.005216562857759094764 -2.066233729768363059 0.0007008982253224474782 -0.005215897799394789668 0.999986232246211193 110.1187227020191983
0.9999996014288078383 0.0004042719892512489977 0.0007913421133199533561 -0.6681006121250715468 -0.0004075446496503380006 0.9999914004864415285 0.004141856349689158889 -2.085267160170112266 -0.0007896623580572762141 -0.004142177087476656486 0.9999911901287487082 111.458549776368244
0.9999954048546549901 0.002098680389371838928 0.002185938563201282603 -0.7004769248625711819 -0.002102502362390179513 0.9999963224208507917 0.001748353069339472331 -2.100968519936165624 -0.002182262689482427232 -0.001752940851253843597 0.9999961632241820553 112.7934524570994341
0.9999886882983588521 0.004178126568767898119 0.002271355331032064682 -0.7079572771719541135 -0.004177478964082250758 0.9999912935683514803 -0.0002890714485848667461 -2.138943427661620156 -0.002272544725245025099 0.0002795797706613798871 0.9999974594523793892 114.0755423524362158
0.9999625243466755409 0.007617957522582812814 0.004112074069089436713 -0.7100214039265715371 -0.007615386572075777405 0.9999708586904079155 -0.0006401205824550743962 -2.171607550897169059 -0.004116831929119391283 0.00060878168804636844 0.9999914212717910811 115.3816743800964275
0.9999439071196525308 0.008822731475697861633 0.005859569384921027579 -0.7155728075829538293 -0.008831128944431916941 0.9999600730855159325 0.001409074331235878313 -2.185575254511058052 -0.005846904721900729289 -0.001460741786892874204 0.9999819205750443141 116.7327673061209339
0.9999481191465247054 0.007792895594436244355 0.006559140206216214006 -0.7156131316664022801 -0.007819721041369782563 0.9999611860350792192 0.004074369112176825548 -2.21427799273557957 -0.00652713562339495533 -0.004125448268748128228 0.9999702689156270141 118.0439421837918985
0.9999360800823340334 0.008512990081927171437 0.007440247155307059407 -0.7153680272853264466 -0.008543608243310419834 0.9999551855540051992 0.004093377262645637484 -2.242221276539421382 -0.00740506792769197314 -0.004156682064254171513 0.999964023603632679 119.4133424382747819
0.9999238123023702629 0.008506369409114891006 0.008944484234665943737 -0.706728768026863241 -0.00853660783999654095 0.9999580183270945222 0.003348134601469520029 -2.263215552630925664 -0.008915629250637685521 -0.003424234960547024257 0.9999544728180382869 120.7796298371610391
0.999911059196184393 0.009990945671557021138 0.008834434560693197117 -0.692216817584575872 -0.01002022088427126367 0.9999444912786548123 0.003275916065070768896 -2.287866586155444804 -0.008801215670259151386 -0.003364147580469730066 0.9999556903446242817 122.1031512640708456
0.999866631167444786 0.01217104053294874345 0.0108893612956977269 -0.7151607655013323406 -0.01220633235294876252 0.9999205027463009543 0.00318052236514613498 -2.301897562372511086 -0.01084978622689890086 -0.003313017241147013948 0.9999357317318751104 123.4601149733900058
0.9998393997913492814 0.0132227154883289913 0.01209656823852135743 -0.7238991752115081502 -0.0132440859339261266 0.9999109288417880048 0.001688387159024043026 -2.329874604122625037 -0.01207316651643491542 -0.001848323884741117848 0.9999254891678084345 124.7932459788862189
0.9998145143837560145 0.01451443826870623711 0.01265940192981577193 -0.7114085648877378487 -0.01452467155927608146 0.9998943154291258795 0.0007169133160462976516 -2.35776815793809158 -0.01264765919279565651 -0.0009006538838080173966 0.9999196903140585846 126.0918308666378067
0.9998126770228235038 0.01356362844583987488 0.01380693279749146615 -0.7063319073320022401 -0.01357354018480800943 0.9999077412625321237 0.0006245393995280921606 -2.383012671089183243 -0.01379718865711250346 -0.0008118312556817874285 0.9999045654724336707 127.4335315051912261
0.9998022652372353658 0.01345216072962542031 0.0146445329044492447 -0.6827190338010886705 -0.01347651560763255159 0.9999080227637083818 0.001565764897028033972 -2.411806987799604229 -0.01462212366028217692 -0.001762812460853759554 0.9998916178908910934 128.7389320777086539
0.9997951587806882534 0.0118462956765300418 0.01641031078072293162 -0.6886060561617637354 -0.01189295051734323184 0.999925560149011794 0.00274844938087551692 -2.434008346623968588 -0.01637653078987869396 -0.002943053297580580131 0.9998616450344544049 130.0908805411430649
0.9998139555935625644 0.01101042786957278502 0.01583720990813964821 -0.6769120558486825256 -0.01105974789117856322 0.999934309176117142 0.00303008202090602639 -2.453674157957029145 -0.01580280761871254852 -0.003204673738187732625 0.9998700729958098776 131.4238505880154833
0.9998233243016294569 0.01004532127983925015 0.01588723510191358823 -0.6631556411122263572 -0.01009651680724772162 0.9999441422159451864 0.003145613975328384257 -2.484517610469386462 -0.01585474953948320595 -0.003305463855898643864 0.9998689225897077204 132.8062224654315457
0.9998508221432041987 0.006654451168693894386 0.01593876615134705299 -0.646421422148236946 -0.006717168316823554294 0.9999699550338793097 0.003884685266893988381 -2.502664219803460099 -0.01591243738639139607 -0.003991169030776709446 0.9998655041758953699 134.17908875644045
0.9998635806097820877 0.005220609102903997142 0.01567028826345302425 -0.6254412157780716575 -0.005277667430279822831 0.9999796462500866179 0.003602140432574133834 -2.525424795209547213 -0.01565116452595942398 -0.003684351496208601758 0.9998708057234867441 135.527997902707483
0.9998799866659964231 0.004659392581621193095 0.01477480446059276087 -0.6076114139428973049 -0.00471786730149327798 0.9999812271192169977 0.003925460773448084632 -2.545656248062826865 -0.01475623746578783209 -0.003994695128110753272 0.9998832218827509166 136.842831165966345
0.9999255037210867947 0.003055988532980833013 0.01181695637439515376 -0.5947199988214978417 -0.003113321000338941606 0.9999835186599100867 0.004836501794487063806 -2.564341159652065993 -0.01180198213578475402 -0.00487293136663994892 0.9999185613315416665 138.1571072699816511
0.9999191242598688412 0.002804324135367012704 0.01240456452504067573 -0.591004296107589755 -0.002859678880722084718 0.9999860837394921598 0.004447097159941746161 -2.594934965713432629 -0.01239192157631770382 -0.004482210462788908251 0.9999132520407006952 139.4775187227280924
0.9999425704939414183 -0.0003165647945140722362 0.01071204975402064233 -0.5853970075424904662 0.0002628797757504090478 0.9999874621605250313 0.005012836606271639343 -2.611580380760304632 -0.01071350321670478528 -0.00500973263244626401 0.999930140042747051 140.8098744601214207
0.9999545423543054756 0.0006468279768773014821 0.009512483859039376488 -0.5803682695403967751 -0.0006856328193850123529 0.9999915156798684368 0.004076835650859775804 -2.636643464824857563 -0.00950976709460703111 -0.004083172287068559392 0.9999465253564775447 142.1300091643389578
0.9999660485479086036 -0.0005198369516159446558 0.008223383109529247559 -0.5685885829307407713 0.0004909408676209018121 0.9999937603870852065 0.003515718807343647806 -2.653129839069316098 -0.008225160431139744155 -0.003511562133099676002 0.999960087806500808 143.4695951628286537
0.9999649117344847626 -0.0008881291877414518136 0.008329407815111629712 -0.5594499966120974888 0.0008725919808582368979 0.9999979337896383047 0.001868987600352257829 -2.682634587673126791 -0.008331051531200801136 -0.001861653724337670361 0.9999636440215726729 144.8211397843663804
0.9999590209487482229 -0.007234692449336723244 0.005441337208239751047 -0.5723176288733284878 0.007228628089967715532 0.9999732916032673113 0.001133639219354737803 -2.714911006309860486 -0.005449394608807943928 -0.001094259228812818506 0.9999846339986037114 146.1707854654621599
0.9998928933177911871 -0.01340592423678193049 0.005871591617518838804 -0.5561335553281342436 0.01338891229029187668 0.9999061403486189104 0.002927395559074972686 -2.731038572155290112 -0.00591028612672883126 -0.002848467660405058256 0.9999785579141080571 147.4808801899726802
0.9997181810057725881 -0.02330087440470988286 0.004540961019214817714 -0.5405128265907587215 0.02327768321689640055 0.9997161154860905175 0.005095097497390790701 -2.756602984561341341 -0.004658393386620208326 -0.004987958419584367052 0.9999767903199271446 148.8304768224240888
0.9997096503351219354 -0.02391135769857314144 0.002975652972614550168 -0.5308943018978270478 0.02390615389718584588 0.999712696301092385 0.00177278752695562633 -2.781398989373804032 -0.0030171891597360204 -0.001701136236232259893 0.999994082103070836 150.1905342905229475
0.999684631094608811 -0.02487881082071309244 0.003416963155186347138 -0.5422276626943181022 0.02488293751015799998 0.9996897481137017039 -0.001170064433206079255 -2.808231618114687578 -0.003386794545729101928 0.001254719667981141814 0.9999935583983122767 151.5334211078595104
0.9997543983384179489 -0.02204344916936413004 0.002285139100280469092 -0.5511284296594310961 0.02205126176386906431 0.9997509454038482346 -0.003451251404984875294 -2.834752524690582032 -0.002208493882815494493 0.003500794135618349665 0.9999915142294402148 152.9494015362109849
0.9997690320718959356 -0.02111450468463391128 0.004006583100030096378 -0.5715692510543988192 0.02112739992786488025 0.9997717201572865475 -0.003203539390449974041 -2.874056261532420109 -0.00393802861689453252 0.003287448319423058422 0.9999869229902957901 154.2603648083863845
0.9996983853702826606 -0.02408888759263257476 0.004780825457098896759 -0.5764439764414684975 0.02409137214571050942 0.9997097148956407553 -0.0004624351117917073744 -2.896841799757422731 -0.004768299345005403735 0.0005774724316348482959 0.999988545626851022 155.6027363884238355
0.9994925455582273077 -0.03155498193084032427 0.004350518755233494933 -0.5603192284096079057 0.03154056348581951719 0.9994969388484262751 0.003344276939569424626 -2.946700387581095093 -0.004453860036021925484 -0.003205361914795869585 0.9999850250492837711 156.9659860911542069
0.9994774674558408734 -0.03181853923168883463 0.00568903625544016963 -0.5376225418547194712 0.03179589364925606426 0.999486327452183021 0.004027962678953736497 -2.957502796656506838 -0.005814279019001855099 -0.003844969805332072027 0.9999757856590666405 158.3176437254390976
0.9993535322943686294 -0.03560945698269204346 0.004947383079582032446 -0.5205622045946700638 0.03559001809231310959 0.9993586761495621973 0.003963471520299838464 -2.979381657466103395 -0.0050853484943148234 -0.003784831666645122137 0.9999799877084022404 159.6053092984786872
0.9994064061958316536 -0.033795004350882972 0.006687709970886340088 -0.5184644915068945537 0.03376524379843810764 0.9994196574730165317 0.004514273235494166772 -2.993533832780363113 -0.006836389806560594362 -0.00428578129393354483 0.99996752816841461 160.9345668974609112
0.999484060773563332 -0.03127882851401368736 0.00729655183242666934 -0.5163777282059262008 0.03125177587053511175 0.9995044086337068201 0.003792852245701165345 -3.009518660690741143 -0.007411572778372211255 -0.003562865022319155334 0.9999662674912149773 162.3113173366460273
0.9996011434359608483 -0.02670615969274060461 0.009183005403351615289 -0.5104044857201085472 0.02669273807731370463 0.9996424958598318922 0.001581238688311203174 -3.046085239344582085 -0.009221952220930251798 -0.001335488299884258611 0.9999566658648185724 163.6308239923658903
0.9997051819555475838 -0.0222924926734601736 0.009622185150632327905 -0.5206360606302697924 0.02227927207175603788 0.9997507530531122288 0.001479163019606996718 -3.07749313197138985 -0.009652762022258747424 -0.001264351515216340441 0.9999526924509087866 164.9696780369730504
0.999709890109730992 -0.02193293258450539768 0.009953621957452639044 -0.5387708407004816458 0.02191460171676676977 0.9997580111994087693 0.001947149783705647268 -3.088271501720834422 -0.009993920918044523968 -0.001728455098201906728 0.99994864644478898 166.3593218992637901
0.9997256733299491049 -0.02138570212246305308 0.009551038375795061278 -0.5196411550442506799 0.02136667558742837494 0.9997695832842278252 0.002089888221427804726 -3.11982291313367055 -0.009593532329191783309 -0.001885240834274546631 0.9999522846334082393 167.7244192318656246
0.9997810374422020363 -0.01895475937585449841 0.008864917931372191112 -0.5159144404984977728 0.01895626865545467499 0.9998203711626056922 -8.60683183915641884e-05 -3.147346259491301979 -0.008861695120678707641 0.000254095381889382231 0.9999607828983083646 169.0991868979275523
0.9998707688078559697 -0.01369154141216524442 0.008424955592943400573 -0.5200527887482798706 0.01371910784917748823 0.9999007561043404824 -0.00322275426139746789 -3.175790151766402225 -0.008379996009894394998 0.003337920806654458804 0.9999593969212730027 170.4544599635112831
0.9999279917709529286 -0.009237629958084438847 0.007659632225491467931 -0.5188408248467094586 0.009268323331966542983 0.999949183967662858 -0.003981179176979346597 -3.204407865761955687 -0.00762246739515299622 0.004051884598496631115 0.9999628201895588431 171.8570021852918899
0.9999392779541607101 -0.006478911701420674539 0.008913843691594093913 -0.547222799464119003 0.006511615504560423935 0.9999722186357137277 -0.0036445769598432258 -3.233491542576948152 -0.008889984145439533761 0.003702399323120691976 0.9999537099089969017 173.2263212647428077
0.9999535667179073606 -0.002854022971305931414 0.009203883224322173193 -0.5427921260289512162 0.002867613475502002549 0.9999948784237180366 -0.001463569795059341131 -3.260438692832199337 -0.009199659992165027875 0.001489895151626184893 0.9999566530645445095 174.6229275045525355
0.9999433593604102333 -0.0003819943001095634232 0.01063600773225843385 -0.536248352108208759 0.0003789560114357498166 0.9999999478307671774 0.0002878275938459960801 -3.296367814945937003 -0.01063611800782264354 -0.0002837805863829479186 0.9999434754032368033 175.9679923513579922
0.9999677040478510692 -0.002789223596469509597 0.007536816215521506893 -0.5360784387777287607 0.002779881114452013944 0.9999954159450255009 0.001249986965723282831 -3.327678958718139235 -0.007540269231086772599 -0.00122899501666017116 0.9999708973016377955 177.327215057042082
0.9999540426054314146 -0.006004712085994868068 0.007473192898665345293 -0.5410258702378576423 0.005990604675944278049 0.9999802952287882851 0.00190890826646772328 -3.348699856439322442 -0.007484509160946375451 -0.001864051467081208596 0.9999703340468091284 178.7584364495620832
0.9999565736598494681 -0.00775268040640968159 0.005171000196368098246 -0.5344921119882271032 0.007763051176875371967 0.9999679515951923614 -0.001988200385694750306 -3.38192027902044634 -0.005155421806117053626 0.002028256928999572998 0.9999847345525659792 180.1369042867060557
0.9999829533027919659 -0.005120761084753302182 0.002804178296670803427 -0.5432069513892406887 0.005137879840226308378 0.9999680649060311843 -0.006131352111769071064 -3.413245440516507578 -0.002772692912235944548 0.006145655283345820633 0.9999773520591941356 181.5184577392174674
0.9999947805486735231 0.0005418092476714333593 0.003183996149192386878 -0.5504259023782366311 -0.0005163043041129320842 0.9999678855270843769 -0.008005214359821025485 -3.449732878065551844 -0.003188232526054117846 0.008003528828096300937 0.999962969432352633 182.9414720055183636
0.9999834501071794834 0.005227944790138286391 0.002400130944818379235 -0.5564093613535177063 -0.005213515309473935357 0.9999685978540374665 -0.005978684372244707883 -3.474134562275209337 -0.002431313185615957551 0.005966072457657325447 0.9999793279020514625 184.3841607470981501
0.9999825727023103905 0.005486250393734097217 0.002178961375861059382 -0.5877322077683326818 -0.005478345568156834863 0.9999785147739651547 -0.003616603716268952488 -3.494757482012370797 -0.00219875754833680952 0.003604603727823337683 0.9999911668774359441 185.7865264370059606
0.9999800643772208675 0.005066366207503910854 0.003767665506498707028 -0.585980524764532662 -0.005063370651858076395 0.9999869190963917021 -0.0008037518374838199331 -3.535585222515131409 -0.003771689623797131949 0.0007846588583099282661 0.999992660075578188 187.2006732174269814
0.9999765649851563021 0.006034067086642933876 0.003232961404449452569 -0.5794395876517259847 -0.006034563584156002816 0.9999818424892394919 0.0001443443325835639594 -3.578947549724960542 -0.00323203305293673273 -0.0001638503338122001022 0.9999948443126934761 188.5899629726085038
0.9999863893942776416 0.004270686338971695431 0.002995794576090087934 -0.578592791577821397 -0.004273968672804917199 0.9999903328473295216 0.001090646130099165835 -3.59748593327024313 -0.002991109157526574726 -0.001103435092661943923 0.9999949986040785888 189.9747318778877343
0.999992726224233297 0.001192056406670682087 0.003622017972154666175 -0.5826140410999696151 -0.001196874821845781865 0.9999984618314724516 0.00132888554711778524 -3.624696316851993227 -0.003620429605676914967 -0.001333210856980817077 0.9999926382604127362 191.3672411038911605
0.9999921015742406771 -0.002568074731608752798 0.003032208787956473719 -0.5875393944380975508 0.002564390241406388962 0.9999960301228524306 0.00121891690990108461 -3.649084944741081138 -0.003035328366874869357 -0.001211131385702319532 0.999994740725502651 192.7426282813051728
0.9999785398653985302 -0.005064225523322948667 0.004155229653677200777 -0.5776029064953455139 0.005053784046381655862 0.9999841156042375001 0.002519906012335787048 -3.672571077985740118 -0.004167926301119266423 -0.00249885217526262535 0.9999882727638038649 194.1187447862324689
