0.9999999962582232227 8.137513278152659075e-10 -7.656115742981431352e-10 -2.139041617443826482e-10 8.137513278152659075e-10 1.000000061056633971 6.754229727670312846e-11 4.50643937444095144e-09 -7.656115742981431352e-10 6.754229727670312846e-11 1.000000080766252131 2.697696344089450804e-08
0.9999733038245977035 -0.001399079211288516752 0.007171242789060872612 -0.004684363394060468699 0.001403392962631904578 0.9999988985078592796 -0.0005963108385811261578 -0.004410017507601108298 -0.007170401696689756091 0.0006063591236137264593 0.9999741892705701352 0.02012895767768740907
0.9999946151583024578 -0.003192775718226940722 0.0007538888615739524571 0.0607897238237311982 0.003193999455258809701 0.9999936391435569893 -0.00162547148691949612 -0.03343358827828162017 -0.0007486957842656674503 0.001627870797636402252 0.9999984755113701107 1.094165999475857465
0.9999727032025914619 -0.002641108299186501179 -0.006899994481515618616 0.01308211057790403115 0.002615346454930422056 0.9999896464428662535 -0.003740198773083513572 -0.0354922520738938721 0.006909799362186359352 0.003722050958182858763 0.9999692807919683402 1.830886516024387234
0.9999664982123684931 -0.006081865232134574251 -0.005477763052933847486 -0.001295958588171361925 0.006058392761212928745 0.9999724988826446115 -0.004291791715147964814 -0.06168552132136490007 0.005503712643802525194 0.004258461652576118854 0.9999758677954522224 2.167798093026458428
0.9999446701214430577 -0.007525376386601573958 -0.007349689085470656989 0.0001307571564603082596 0.007476736112761106327 0.9999501741161141988 -0.006623429935907382965 -0.07511964145007395122 0.007399164706891965711 0.006568111947967437796 0.9999511356980151922 2.732397205927278527
0.9999245373675154092 -0.008923907526945386651 -0.008442509748582184906 -0.01763836609268751646 0.008861693967338874281 0.9999335750834015268 -0.007378205997217230326 -0.08757986947763478358 0.008507789339577095586 0.007302834456818346406 0.9999372218508787435 3.317101513198778662
0.9998970682937597942 -0.008857629877095991866 -0.01128661799122194359 -0.04008228497373894639 0.00877939766056215487 0.9999372829929004114 -0.006962354498812886421 -0.09766568378440095011 0.01134757786980023983 0.006862548320965239194 0.9999121458465296541 3.920348483623213198
0.9998784989863476191 -0.00964083693779805434 -0.01224883938078473455 -0.0320081484567285926 0.009553186905927575981 0.9999285472089158855 -0.007194388067471524373 -0.1189337610926286537 0.01231732181254576938 0.007076498668999352953 0.9998991790430150628 4.515836068036463757
0.999874135964925248 -0.008555875156391626324 -0.0133604555133728653 -0.05908349162081572015 0.008426780786343103513 0.9999176127277965564 -0.009689130269200704054 -0.1326924824459974062 0.01344225142744488039 0.009575325314739462773 0.9998638809948254824 5.072922522189530881
0.999878964247834956 -0.006894682015090783725 -0.01394678316668025893 -0.07629501295945549655 0.006703169219411440546 0.9998833006613273566 -0.01373225051827514642 -0.1475002738551434434 0.01403983271032426677 0.0136371009801664108 0.999808518701041038 5.668707774685689316
0.9998577542051756417 -0.005629401410767119994 -0.01589886004067754197 -0.1082176500034715133 0.005352357754009990157 0.9998340892426265114 -0.01741460245694535433 -0.1719909990504738251 0.01599425354341055261 0.01732702913337244577 0.9997220210629965687 6.302243222472609929
0.9998773591152424478 -0.003861066365840935908 -0.0151773333984483328 -0.1013547596392362082 0.003594456056656048556 0.9998395051503899955 -0.01755465603088458837 -0.1860140685938678762 0.01524267475946399115 0.01749794907026821361 0.9997307858272729275 6.902677377686710081
0.9998515891123158639 -0.002035294679532403863 -0.01710701287407878982 -0.1066699515072665472 0.001850265716207484621 0.9999397577870493548 -0.01082494482642989454 -0.200125882166720559 0.01712801169455300046 0.01079168595827439958 0.9997951451225044472 7.540298760788510357
0.9998390305568363168 -0.0007331908593672262437 -0.01792673914081911388 -0.1382386930005255199 0.0007222267119201434627 0.999999609186890126 -0.0006181658204090662587 -0.212234930666526489 0.01792718274333447714 0.0006051192972235741943 0.9998391927842800175 8.200380946730456699
0.9998170861461393999 -0.0001259071972858635347 -0.01912513984403424808 -0.1561280874075349767 0.0002544478173686523471 0.9999774582349311158 0.006718660118729808534 -0.2286476541033848897 0.01912386009794240713 -0.006722297407230580328 0.9997946039876605129 8.845207114664562553
0.9997923042532653737 0.002398887925016384825 -0.02023823804044153074 -0.1544198132639192644 -0.002275012170089856563 0.9999786133514781961 0.006141601591521894839 -0.2386933441004675527 0.02025253545369851138 -0.006094283642241506323 0.9997764029920255258 9.560424279098651112
0.9997774217041180966 0.004835352758248932618 -0.02053579818904854859 -0.2192573466571360319 -0.004863884574998401933 0.9999873348481405078 -0.001339729010331120081 -0.2494458746892016243 0.02052905725419741298 0.001439314721236644974 0.9997883014153827741 10.24782130619939124
0.9997584169027320389 0.004489173400561354867 -0.0215162206585436111 -0.2019034569072913621 -0.00464329845853049105 0.9999639424796168408 -0.007118681363212375074 -0.2574342922985815574 0.02148348500496403968 0.007216868020451359771 0.9997432361105709209 10.95350381291689423
0.9997258438787611778 0.002879282804154666402 -0.02323659644378969422 -0.215432396987195407 -0.003034374295590109086 0.999973398747581621 -0.006642023601471662778 -0.2575599635384270836 0.02321685111380522928 0.006710711357871318797 0.9997080101855353451 11.69228281993405538
0.9997283510267948037 0.001274285183682808765 -0.02327214967576589355 -0.25358784953416591 -0.001212910749687468991 0.9999958112955099621 0.002651103666772920437 -0.267053082457280655 0.02327542750359083701 -0.002622156313454856308 0.9997257324993205074 12.48043807994920229
0.9997296165690489067 0.0004383967969850226503 -0.02324853030594946357 -0.278072264982872408 -0.0002018017059340389415 0.9999482427281267682 0.01017807729205514634 -0.2767547928167650162 0.02325178610319464378 -0.01017063359993160623 0.9996779852045457604 13.23495737014616225
0.999703008129049886 0.0001557157203076312045 -0.02436932281648246379 -0.3220320416301749589 0.0001675251684364603287 0.9999121083435519308 0.01326158520189590038 -0.2825853450724048477 0.02436924296424021474 -0.01326172898866303032 0.9996151399317751984 13.98873984056335473
0.9996973548780636598 -0.001686950645180277037 -0.02454272702222088862 -0.3253804703651831942 0.001988555648830307547 0.9999228081269525559 0.0122697006801120688 -0.2860828470628115072 0.02452013110596706555 -0.01231479178329177027 0.9996235644045747826 14.81048375677565865
0.9996944666223475107 -0.002177499026614795712 -0.02462162676972762601 -0.354179023467567744 0.002421613631418291761 0.9999482303583675513 0.009889110710697236739 -0.2889328339175083471 0.02459881554741628548 -0.009945713204785973025 0.9996480093025461588 15.65021144587144342
0.9997364658759025913 0.0002842575387500834985 -0.02295453315126530502 -0.3620163800916540442 -0.0001345953386889648892 0.9999787890585472017 0.006521152648734242219 -0.2924901359210393403 0.02295589701308326305 -0.006516344400174929087 0.9997153222287129548 16.48661758227087759
0.9997308785831297007 -0.003184977594569201025 -0.0229786622076839607 -0.4061897258806098088 0.003215767706874168158 0.9999940414965192703 0.00130304549090341391 -0.3063573688324238153 0.02297437218409675158 -0.001376588702280005837 0.9997351872764870251 17.31902641896770945
0.9997374627056673235 -0.005055604197342937131 -0.02234813449359638465 -0.4380010787625073787 0.004939416889521149739 0.9999740742987078823 -0.005251191373108591437 -0.3095817538144263192 0.02237410015529212037 0.005139426162939742318 0.9997365389927852508 18.18129356215898795
0.9997485047468864794 -0.005264632672301615413 -0.02179916242454928849 -0.4725090377802790842 0.005033166605348785363 0.9999305800155156021 -0.01065947955859781332 -0.3274898893666015054 0.02185376451518601659 0.01054708013008739259 0.9997056234389947171 19.09369104442907883
0.9997913026979463602 -0.002874734209436300651 -0.02022571458847589182 -0.4677981789497905329 0.002639715037712086002 0.9999288643637902485 -0.01163702001890644031 -0.3370002902781439325 0.02025772640082401654 0.0115812014783582308 0.9997277938316557755 19.98023090281159142
0.999764120143497137 -0.003074445790381985424 -0.02149987071642704348 -0.4745493124191809131 0.002841963897127959895 0.9999373171156233919 -0.01083546026190753374 -0.3655894924201629204 0.02153183324118141881 0.01077180273396866929 0.9997102129532590142 20.88052114481628152
0.9997809543286230172 -0.002138299115059221888 -0.02081978915396622692 -0.5373551491980971262 0.001878653026588924949 0.9999203833067960012 -0.01248278125726576433 -0.3876997445081428184 0.02084482067802267274 0.01244093399836769358 0.9997053956416779297 21.8352009809472527
0.9998097580243873184 0.0004519967653582433894 -0.01949964197927037471 -0.5209758601099266917 -0.0007326829742781075343 0.9998962544925575902 -0.01438977211701064282 -0.4167542722887665474 0.01949111213932233286 0.01440132183847636117 0.9997063868685447385 22.79843543479148593
0.9997749140193856743 0.004025398268165229949 -0.02083050788879665244 -0.5658767681472368638 -0.004344662551697914786 0.9998735033672653261 -0.01530435489686488536 -0.4424344956071039614 0.0207662639895113757 0.01539141183515396229 0.9996659582999956051 23.72814926476719322
0.9997854032831918758 0.006416804240850524331 -0.01969681694280442721 -0.591548835800780437 -0.006714810656076227076 0.9998634858583514973 -0.01510109488618978715 -0.4831350496116628146 0.01959722456361540077 0.01523011484018208482 0.9996920295067805995 24.7386348579777966
0.9997405289497354186 0.006920376413092438513 -0.0217019761638577377 -0.6279635638284114529 -0.007249948044199349025 0.9998590908021018908 -0.01514459950363105517 -0.5045877556051220347 0.02159410898935204895 0.01529800832270352025 0.9996498521264112203 25.69467742078073158
0.9997759255814133716 0.006610047991256418065 -0.02010966156743470429 -0.6298985037997959502 -0.006916138814495841926 0.9998607685175890936 -0.01518988823419316868 -0.5394978412090812858 0.02000645303890291604 0.01532556598334974644 0.9996824647507291939 26.65448332468647052
0.9997260673325480962 0.008198610132718749458 -0.02192180868396251953 -0.6776796565816587403 -0.008507621519816139719 0.9998652980078001073 -0.01404023904326320848 -0.5647276396819561617 0.02180374247555636955 0.01422289561418077497 0.9996611763551721541 27.68619983254041017
0.9997315190991519218 0.008119473947525020566 -0.02170153149994669475 -0.7079630239427092686 -0.008385163987843198899 0.9998907213699508301 -0.01218016581860262293 -0.6034817511435721649 0.02160026060714463625 0.01235886676978686406 0.999690376373095102 28.69514323830915359
0.9997070533617268273 0.008788347161643689925 -0.02255138634767122827 -0.756055605544255771 -0.009035240171187350691 0.9999001635819559919 -0.01086965490782591803 -0.6225052649857713005 0.0224536057038766737 0.01107022805882809657 0.9996866744618729816 29.73427589570171747
0.9997110152801769178 0.009205725674009927403 -0.02220660160510365758 -0.7993472744264367158 -0.009484083997620089759 0.9998774235228631291 -0.01246243046975985432 -0.6652983745454332798 0.02208915101219996457 0.01266943848609439378 0.9996758055452148461 30.73957262849627625
0.9997045629576056802 0.01062692021686044083 -0.02185973429194321832 -0.8009234356207025618 -0.01090875451410076337 0.9998584469083758863 -0.01281434001508829044 -0.6963981525745345236 0.02172046016295247489 0.01304901685292709536 0.9996790015938828988 31.76192309311394979
0.9997043534031321288 0.01074682012570098502 -0.02181064554255786672 -0.8306241152581238518 -0.01101460400045951513 0.9998650324820540503 -0.01219497465920798066 -0.7281894756895789245 0.02167664176987587135 0.01243160507107893969 0.9996878212000133157 32.80962896612922464
0.9996892171688566142 0.008362417218189267462 -0.02348471144600959917 -0.861424599798171875 -0.008589965702934864583 0.9999170341175103172 -0.009605179111800957528 -0.7543268376501032213 0.02340243754879605537 0.009803927037290230406 0.9996781333917583723 33.83065935049046402
0.9996449962357794039 0.01024173722693511729 -0.02459636046226009939 -0.8527625179169864289 -0.01038174929410064749 0.9999306473654301364 -0.005571519551192526988 -0.7640521660721256714 0.02453758957581141098 0.005824895057626145248 0.9996820188138805241 34.89319908596915099
0.9996508098671104126 0.009909427023232837695 -0.0244960040660702448 -0.8907788692985215695 -0.009991276894027550232 0.9999449583700337207 -0.003221289592932171687 -0.8043022171181880564 0.02446273160974743802 0.003464911270157431788 0.999694818730667123 35.95850751389381372
0.9996368617580226879 0.01054327527173587464 -0.02479872157616545489 -0.9534572924730316812 -0.01061410809298162124 0.9999400127539085359 -0.002726479696514200884 -0.8230660451647071607 0.02476848490191628505 0.002988706077173541691 0.9996888272031195788 37.02653210857864963
0.9996436990901850228 0.008528242873444846078 -0.02529301426414381007 -0.991612344923165856 -0.0086370228248242812 0.9999539630239889787 -0.004194730438148878103 -0.8450681963025290511 0.02525607310054477778 0.004411692358975073669 0.9996713605892733057 38.02828656463576351
0.999584000177650922 0.01080547071935021239 -0.02674062516636621992 -1.046251845976266193 -0.01095099877141426925 0.999926041483017225 -0.005301818314486212054 -0.8653816134154830308 0.02668135567094646193 0.00559244948177239562 0.9996284265667148006 39.10272403007535047
0.9996073131851116456 0.009581184671194386063 -0.02633273559642116193 -1.047800769591828107 -0.009673836014984523932 0.9999475105064521419 -0.003393408299416662572 -0.9063894782665795624 0.02629883739882751814 0.003646814481473723696 0.9996475545560052911 40.20901743324464661
0.9995797650235147547 0.009870635480760937136 -0.02725539495248570712 -1.09040291544491863 -0.00991773161644072393 0.9999496096566246051 -0.001593373062613106898 -0.9155906687209796058 0.02723829074624100482 0.001863015320395591985 0.9996273136121905933 41.29069386328017544
0.9995684452899175065 0.009189466617705701126 -0.02790106681299438923 -1.144300632700340659 -0.009171044856945932341 0.9999576955756417362 0.0007880915619190085979 -0.9411127994173996703 0.02790712537996190706 -0.0005318693732556575285 0.9996104595750663346 42.40249204968998953
0.9995446041415967375 0.01090915630616145875 -0.02813480570262840916 -1.234745757457333948 -0.010876639549979885 0.9999400525526840333 0.001308472839931695353 -0.973189057408048952 0.02814739017687332978 -0.001001864680525555275 0.9996033623971390947 43.49145577939773233
0.9995131026070498415 0.01310829737411883973 -0.02831471201904155535 -1.23959340064173773 -0.01319928713817573526 0.9999083586644276211 -0.003029054682107880803 -1.000283395031913436 0.02827240821659849149 0.003401314018202979822 0.9995945495142811721 44.49964146280999699
0.9994760122397697844 0.01412654135331532605 -0.0291227480713176709 -1.285697424333103633 -0.0143201607929616323 0.9998767146368113812 -0.006450627756108065491 -1.025134998481953108 0.02902802930477659318 0.006864290314769277805 0.999555109261290986 45.58227171150328161
0.9994711248671935833 0.01557803464169455268 -0.02854449269825557259 -1.325151320673910504 -0.01580301483679092886 0.9998457423759691265 -0.007673216146272671991 -1.041935467007050864 0.02842055260548632944 0.008120247191312806451 0.99956315218002878 46.71138522247182578
0.9994686696716756913 0.01401491709773578127 -0.0294270812960655305 -1.312254293765909852 -0.01414574232919255797 0.9998910054215071064 -0.00424232578888691491 -1.078669309249192132 0.02936441473897390131 0.004656339787682674085 0.9995580078524416434 47.75952978938669702
0.9994627451338663482 0.01532198945100110739 -0.0289732704495445012 -1.35880602608708756 -0.01539902654270429959 0.9998785174803550557 -0.002437690587761817251 -1.087442172586536859 0.02893239713848002811 0.002882541244959655607 0.9995772950450810823 48.85767130375899825
0.9994868663856839586 0.01458929594013080693 -0.02851576814274618676 -1.390851230173667297 -0.01462944909781566452 0.9998923248144119258 -0.001200029899926290848 -1.119658086656004192 0.02849518684076091449 0.001616584255892846095 0.9995927032560677494 49.93217475778136816
0.9995174239136954686 0.01346603902347304378 -0.02799245871766435287 -1.476837751908311125 -0.01353758059083088813 0.9999056201731357785 -0.002367854942979360361 -1.152812428607591588 0.02795792793094433251 0.00274566259640016087 0.9996054106629898017 50.96105830934703818
0.9995316820342763364 0.01224358589972592698 -0.02804467631236646705 -1.518600504392627171 -0.01234715665035789403 0.9999176260040001374 -0.003522926649489139129 -1.177921419247897727 0.02799922966747639061 0.003867548974218742736 0.9996005435306485332 52.05253917945129416
0.9995414128397454023 0.01298867750892009412 -0.02735417570415249813 -1.526426965802029301 -0.01315559602789884673 0.9998959319344477015 -0.005931077011314129198 -1.207598675314733194 0.02727428896980168757 0.006288217751620647257 0.9996082897350085927 53.14434139093758347
0.9995726210903650433 0.01150401542784985388 -0.02687425238839354774 -1.571545922886636415 -0.01172911304231976336 0.9998973748741759593 -0.008233450814702629808 -1.23827677573180206 0.02677677351033217953 0.008545143335669209278 0.9996049951639749409 54.24248588084790867
0.9995470444405269994 0.01147129290873415489 -0.02782279714195380615 -1.584109507509493753 -0.01178942747871656455 0.9998667411309983821 -0.01129740968839113187 -1.272532857534630857 0.02768949039933019454 0.01162030750530075769 0.9995491093486489342 55.31712338617276714
0.9995928452696728472 0.007976557679881843971 -0.02739545312878257505 -1.63576916364113667 -0.008339954231662397716 0.9998784679477115134 -0.01317636500017059162 -1.297432535038091528 0.02728701848143478062 0.01339947720736290107 0.9995379102663656257 56.36232262823801875
0.9996312036690604419 0.00798582892663801322 -0.02595526570278978637 -1.692302368726420481 -0.008268237544440710726 0.9999076455178802503 -0.01079160687225202281 -1.350488964949200454 0.02586668558976570539 0.01100223146074688456 0.9996049354197003023 57.47586276080625822
0.9996283373545816753 0.008779223750602409282 -0.0258090104331885721 -1.690760512288238537 -0.008929122688485080853 0.9999439579926358013 -0.00569857310228088533 -1.37209952232391319 0.02575753189699224108 0.005926907147626012465 0.9996507303851743798 58.54160961396937779
0.9996797581381012821 0.003938933416147564689 -0.02499717158814156182 -1.726836010917042863 -0.003921587086513413437 0.9999920956853537435 0.0007428509578842828294 -1.38986239419462021 0.02499989698515571457 -0.0006445843306319590064 0.9996873266692322124 59.62944964792093572
0.9996605911165644676 0.003159802723342682376 -0.02585944379811784544 -1.743804620409924899 -0.0031184580414474832 0.9999938555954722696 0.001638932150414025048 -1.411941191055527067 0.02586446049812507475 -0.001557734143962355346 0.9996643259532373982 60.71174458297596743
0.9996569550648639613 0.0001726690623896813082 -0.02619036064327275731 -1.783672727166889738 -0.0002104633455641616844 0.9999990015707499458 -0.001440373373618922693 -1.442002231436366078 0.02619008265751720729 0.001445391533400547986 0.9996560167619557014 61.82891913252599636
0.9996760212448102534 -0.00258282590322720957 -0.0253214171034960335 -1.817947614468104822 0.002443638960756664043 0.9999818053503645165 -0.005526274838690792453 -1.46592832338248491 0.02533522672199385248 0.005462608219766587614 0.9996641674273635259 62.89113207717828402
0.9996444332948870581 0.0009389748324574769467 -0.02664803796972465763 -1.854675878715376314 -0.001160824014156692932 0.9999648505385452246 -0.008310973863032696668 -1.487828334527531382 0.02663929435979969437 0.008338952627062620748 0.9996104097582104719 63.98396968238727567
0.9996621485887776659 0.001385804092614794118 -0.02595497719831294653 -1.90496240691426344 -0.001719484304164423105 0.9999161685400023147 -0.01283827783512149837 -1.527746327460095754 0.02593500691293021757 0.01287856978402768769 0.9995807517613225501 65.06794244229493529
0.9996754017316676899 0.003951488888025612642 -0.02516882047554236043 -1.904373657246206886 -0.004303981245331448859 0.9998932624147247594 -0.01396644657782707306 -1.56700403283483336 0.02511094270527492942 0.01407023942985285471 0.9995857293690226797 66.14119879106567623
0.9996719635896348377 0.007962189766352018028 -0.02434258342470106001 -1.965320768165039311 -0.008212012595078843277 0.9999145208370666671 -0.01018017506700663079 -1.591050144780231879 0.02425944315129202611 0.01037673738812912305 0.9996519215129325842 67.26598630798787326
0.9996605161465572653 0.009042708910340332626 -0.02443510788699552669 -1.969428702614224536 -0.009246244558790318521 0.9999234484384159627 -0.008229600073946300581 -1.616301049032549342 0.02435881645168986448 0.008452739420528553732 0.9996676251147235126 68.35559116138176705
0.9997051249385636718 0.00856238263456093017 -0.02272314654071817125 -2.019326923878620228 -0.008718560547890387771 0.9999390479908174534 -0.006783000755416736943 -1.66541009878027646 0.02266367996194337125 0.006979113919668994935 0.9997188659989013626 69.45510105031976877
0.9996938646319545319 0.006989445106443391807 -0.02373430616699636828 -2.070365902704431882 -0.007138769759071226552 0.9999552802744104962 -0.006212689905132248204 -1.685407544452734108 0.02368981854781299773 0.00638022190100011842 0.9996990780803950427 70.53485063265887334
0.9997265661473413445 0.005703044847404788696 -0.02267731961019811213 -2.111970006134763267 -0.005818043934824165299 0.9999705935745113461 -0.005008438119259986041 -1.711467703738664747 0.02264808649424469161 0.005139006452902431486 0.9997303717731510497 71.63861130794070675
0.9997214167992012346 0.004265700371665545436 -0.02321390098551528655 -2.161256940516466329 -0.004336063522838684917 0.9999862150922812498 -0.002981657808797921402 -1.746456092530753068 0.02320085918005733439 0.003081484280517174813 0.9997261555244952858 72.73404623545957293
0.999696326853159789 0.003029785873981569524 -0.02445541011300898099 -2.1668020834113495 -0.003058250197789509801 0.9999947498923749123 -0.001126676959030959531 -1.76992843699628577 0.02445186510659985366 0.001201125737444900653 0.9997003676274742734 73.82391360439137884
0.9996723510870325624 0.002792782874012504461 -0.02544373107634659292 -2.205528060417335734 -0.002859966046347338971 0.9999925795675566054 -0.002604517593560175606 -1.801976701694931515 0.02543626533893877939 0.002676432596809805858 0.9996729437938144391 74.90041401481394701
0.9996712051081553252 0.002249879833954771327 -0.02554236349675749473 -2.258841730932047653 -0.00241656759558401624 0.9999760353178442918 -0.006497006999513528849 -1.827760496142427415 0.02552713081297150466 0.006556595843383737979 0.9996527087354301067 75.98237156671787318
0.9996524851290162772 0.003567533698971818695 -0.02611846663530209903 -2.268131313276142702 -0.003776581988129331605 0.999961256452497449 -0.007958965307001570136 -1.85471167040396856 0.02608905771902542137 0.008054838162547034788 0.9996272515716634333 77.02346773643877498
0.9996360632095444565 0.004655103043280280246 -0.02657186053568637643 -2.308047717791497977 -0.004825615967636059066 0.9999682140971560829 -0.006356597334793515248 -1.894205171514961483 0.02654142216327142964 0.006482509706999517972 0.9996267760570095584 78.11434291393618423
0.9996319891953219239 0.006906654623259027639 -0.0262331265460001295 -2.37418653703042315 -0.006989335469772458079 0.9999709489820046704 -0.003061450667489476734 -1.914856844258352675 0.02621121693568664868 0.003243676305654637909 0.9996512452377948055 79.20876298081475397
0.9996003430738490403 0.008080647502158444864 -0.0270896640780728809 -2.419787119654568386 -0.008048995835787225647 0.999966851731589168 0.001277184498761143065 -1.93805552590473118 0.02709908339372698455 -0.001058629322811335772 0.9996322725942461407 80.24063954381446706
0.9995430940665456232 0.007556293843832238843 -0.02926599010463139944 -2.41883490238079002 -0.00748170219074757812 0.9999685418390246161 0.002657360092410507302 -1.968599121537357499 0.02928514592302689651 -0.002437186362557206519 0.9995682076604633925 81.32975305072099559
0.9995411630025826666 0.008237766262391449379 -0.02914781846162145182 -2.490057591026616279 -0.008222718946945328095 0.9999660516619268691 0.0006360128821082153923 -1.986105328858766228 0.02915206495573777548 -0.0003960465857533116817 0.9995749905194287743 82.39677834426925074
0.999550086441044372 0.008118559070330192209 -0.02887397345123100117 -2.508442630403378892 -0.008139127881303337073 0.9999667608042358546 -0.0005949619046749920082 -2.011028793353422106 0.02886818017717936169 0.0008297033410425432671 0.9995829636321640344 83.47813965955383253
0.9995212950695724352 0.007956458266129347312 -0.02989762748212816679 -2.544253802257011809 -0.00797275068881308363 0.9999681875028433309 -0.0004258225579343371484 -2.033394947864544111 0.02989328496883196171 0.0006639852004492542746 0.9995529561002658436 84.48822784627289195
0.999528441970455539 0.006256647935064460486 -0.0300622803567757238 -2.584237517248357374 -0.006266024889766024994 0.9999804056115367823 -0.0002177741173643211211 -2.065179156400617444 0.03006032540280336243 0.0004060425774328738817 0.999548084574380713 85.51473392681984365
0.9995112795299626596 0.005538686016485007933 -0.03076552785315127617 -2.61099966264845218 -0.005500724374166746436 0.999984062917665506 0.001318349202474477415 -2.092477459240421389 0.03077233605204606273 -0.001148472057731939229 0.9995258404618582171 86.51816470136448345
0.9994764315733014604 0.004975953321878398908 -0.03197022488917450334 -2.632507457448656663 -0.004842871103088888449 0.9999793507283150085 0.004238728734499771535 -2.113774842378231433 0.03199065295632760181 -0.004081681649691902038 0.999479914452667817 87.50819692183297605
0.9994582452672050588 0.005076589853017616019 -0.03251825438646845784 -2.693200089883412307 -0.00491102933487728207 0.9999746417790879027 0.005169109656086574682 -2.138071803250450209 0.03254366770921329755 -0.005006611026346722768 0.9994578555045894319 88.51072365941602982
0.9993907516704315652 0.003205867788816280355 -0.0347540007034894266 -2.724915194647447692 -0.003014319197897783343 0.9999800470678301689 0.005562504396175133731 -2.162888095175891312 0.03477113625500654476 -0.00545435565766624799 0.9993804978402334172 89.43359892737477423
0.9992767391858244919 0.002826909492026011793 -0.03792096789327231016 -2.780163026814582938 -0.002677705875598457297 0.9999885367634233635 0.003984763770614411366 -2.174814707271403247 0.03793179391333387218 -0.003880340399371115957 0.9992728773066545944 90.33160079829832512
0.999113406763670997 0.002396079373722263817 -0.04203155913151384454 -2.820909697217586665 -0.002230345332619732002 0.9999896157352382575 0.003989497659256004657 -2.206995867554305324 0.04204067771768635331 -0.003892215553047200568 0.9991083992204597974 91.2561095976347616
0.9990158949955405543 0.002080632304236815656 -0.04430468676366114411 -2.865243227078504873 -0.001901255800364848097 0.999989887851189363 0.004090419609833604274 -2.229635518038881603 0.04431274516856985313 -0.004002159510224041761 0.9990097720405539672 92.15739531001970875
0.9988777570821810725 0.003112359017841621282 -0.04726026249361143378 -2.940422695389146135 -0.002882204625044593529 0.9999837190761133865 0.004937265277035630257 -2.23854763648800148 0.04727485517494360578 -0.004795510565754592704 0.9988704883099053244 93.02231578212453655
0.9987298444567511702 0.004001294022172024491 -0.05022629044134980375 -2.977713854154967699 -0.003695853384702433783 0.9999741801927038987 0.006172659368513023527 -2.263635526849581137 0.0502496876307796797 -0.00597918997501997642 0.9987188690620258935 93.86787995232610626
0.9985423518552024591 0.005536847469843254703 -0.05368899072111949639 -3.011933718617191058 -0.005125660675963755221 0.9999565559578864615 0.007793324387925616888 -2.283840878147785247 0.05372980388676897728 -0.00750677276824118344 0.9985273745574079207 94.67422439777722332
0.9983725174007330727 0.006421829461253500231 -0.05666629944496380522 -3.06111841808814189 -0.005947764468598473742 0.9999459863021531447 0.008530573251801509826 -2.303980664849685223 0.05671801557642912328 -0.008179651944265467489 0.998356810551174978 95.50061498949492034
0.9981977819327647605 0.008424786832595846514 -0.05941552015377256357 -3.126883828527863951 -0.007893540836525972729 0.9999268578883490077 0.009170222788499857863 -2.319018602154200082 0.05948842638114218428 -0.008684697068232648601 0.9981912964470047722 96.25783304234848003
0.9980634751169287222 0.009496192902646197892 -0.06147450616984137528 -3.170339741744370166 -0.009006035490932295592 0.9999255097710394447 0.008245503610457437585 -2.334238041004978115 0.06154822251961756391 -0.007675894254146636841 0.9980746755966840578 96.95417099097348057
0.9978273601795220049 0.01250167311240208377 -0.06468585970488893722 -3.207916005201966847 -0.01222977442823590909 0.9999147046699748964 0.004597617534379917076 -2.349319625761085106 0.06473781473011132326 -0.003796534930718166879 0.9978951662097144126 97.64771842955296677
0.9977229420145068417 0.01452325899707367085 -0.06586348720502328835 -3.27792126877055523 -0.0144937602240263648 0.9998945924986251121 0.0009256796490690025365 -2.372001427742208346 0.06586998303412662514 3.103794576526945945e-05 0.9978282945662232395 98.29155095881576187
0.9975416444919950054 0.01676160175508680308 -0.06804196695936194639 -3.348435455563357976 -0.01692820524305139671 0.9998550149913073559 -0.001872680139558448179 -2.375946347533723912 0.06800070709733134489 0.003019904996572376609 0.997680783139823113 98.90124792511169005
0.9973686859298345198 0.01822978891662949824 -0.0701667457794023508 -3.400984634971363274 -0.01845905755541260226 0.9998262441916581089 -0.002620435198908152054 -2.406154238866454076 0.07010677811335599974 0.003908752202341695195 0.9975319154440774883 99.50775292410203576
0.997420793212615342 0.02055395171064051951 -0.06876982927042166183 -3.424272074380246167 -0.02075677013016249961 0.9997821158690770593 -0.00223591892068976698 -2.421169171356633676 0.06870888272541979258 0.003657591750261464467 0.9976301280968051799 100.1074259446693446
0.997536467086880152 0.02368336192399162626 -0.06603096440424555125 -3.476058816814963759 -0.02376518429336055976 0.9997175261342631236 -0.0004538649856516685228 -2.44152591452853418 0.06600155777629326814 0.002021985090517131132 0.9978175519659591153 100.669859034356179
0.9977631727771221204 0.02712979237452832135 -0.0610951588277933097 -3.498974874727427853 -0.02714803988079900893 0.9996313437679322789 0.0005315155638039726748 -2.451002007080735901 0.06108705036486656442 0.001128287321153335866 0.9981318852583938028 101.1987318297086489
0.9981871751456904418 0.02729419328885217266 -0.0536412464563389077 -3.546489396107685099 -0.02718768116309327673 0.9996267221966351757 0.002714458537753865631 -2.460517722037807165 0.05369530751565654986 -0.001251156440926586488 0.9985566632719486968 101.7263889807114481
0.9986458750647685401 0.02773978155852529354 -0.04401038033714699954 -3.585326550411859436 -0.02752197275080076402 0.9996058673693141161 0.005547337897554442503 -2.487379569482740305 0.04414691212140069848 -0.004328573487110237185 0.9990157530793617457 102.2094138787085456
0.9991118274013763845 0.02749130775310825933 -0.0319339488592184223 -3.588972282248577006 -0.02730410532390179293 0.9996074852951576384 0.006283565610797886732 -2.486503933203195515 0.03209415425475873468 -0.005406056697077508792 0.9994703103186302062 102.6988793214578806
0.9994990835895258829 0.0254874555841822191 -0.01876070814053216324 -3.580658643607498526 -0.02535884531794777713 0.9996535329501726741 0.007061519449325672632 -2.513407045804898488 0.01893418564283893407 -0.006582232216247091774 0.9997991459810195991 103.1803674236898871
0.9996492976048930723 0.02628604447687568624 -0.003212206961843100395 -3.57064464168773732 -0.02626799977215021203 0.999639669916432605 0.005535751505833946991 -2.500321948772152414 0.003356560775247330059 -0.005449431755505526435 0.9999795991510888049 103.5789430869547942
0.9996065738944099888 0.02437158297382345518 0.01388221740561340796 -3.552519938540686262 -0.02441733975524531391 0.999696993792324462 0.003136264898252979529 -2.529678953792932283 -0.01380157596001043221 -0.003473997736548882585 0.9998987995680673757 104.0110203285801163
0.9990955816460422856 0.02339334036636745925 0.03550722467528893284 -3.527859052446664201 -0.02337094452202084088 0.9997263763480243037 -0.001045670068813490342 -2.550400183095568263 -0.03552197013723177449 0.0002148870566052667565 0.9993689533607563735 104.44040771953307
0.9979316742381237892 0.02263226038494084436 0.06016765861103914176 -3.478776552062841532 -0.02230822130812620471 0.9997328839711743242 -0.006051942925302312461 -2.56922551902604468 -0.06028855385803431194 0.004697192178085018294 0.9981700195741112225 104.8284068232081694
0.9960544692738549921 0.01960719153253100144 0.08655082526588125935 -3.43911999684527192 -0.01889477728976255919 0.9997806446992949514 -0.009042783606531048027 -2.565180322300493199 -0.08670913970014655636 0.007371746535143438445 0.9962064763259519395 105.1852968396804755
0.9930866742702653127 0.01749241537375634259 0.1160726768800351277 -3.371647432633449792 -0.01639946816186345011 0.99981186124060617 -0.0103644409506420225 -2.572329706992823262 -0.1162321326350848477 0.008389258083413213968 0.9931867257759948719 105.5941777561312023
0.9886880463725091772 0.01385011659803752314 0.149345624109163716 -3.295781415418673088 -0.012157705642278532 0.9998512456777911561 -0.01223923180050166468 -2.589217783856641475 -0.1494929154684176698 0.01028508208159924567 0.9887093835795988106 105.9611713126403032
0.9828214534492609733 0.01199569216730398194 0.1841686432152826458 -3.195740538245131379 -0.00964238626388537641 0.9998601525422359249 -0.01366827855089695724 -2.60037747712642231 -0.1843068384035946861 0.01165765221433420935 0.9827996985129323626 106.3331778355733093
0.9748209370643965421 0.007781689286074625414 0.2228532754303211294 -3.06699643892774132 -0.004778739569896387623 0.9998904814018961806 -0.01401110116646545056 -2.615389221761297289 -0.2229378867586994939 0.01259335699593762924 0.9747513855677260031 106.6915994828562759
0.9649760958676910638 0.006101245997467736812 0.2622668624800924553 -2.947915093321169078 -0.00216068838563248343 0.9998805100814628366 -0.01531075102300070469 -2.625592219990024567 -0.2623289243416357941 0.01420783175100533667 0.9648739964715828954 107.0295502373896568
0.9525156299503675372 0.006008514503994396953 0.3044304064479510519 -2.806839156333512442 -0.001240569903186478692 0.9998736270449793961 -0.01585285589941468759 -2.647736474488141312 -0.3044871696480608292 0.01472242575826145441 0.9524027340529024332 107.3906720422123158
0.9375087623510525159 0.008738869904911513581 0.3478519152299148764 -2.632288163962469785 -0.003046982355978016758 0.999852490916476544 -0.01690663827089275775 -2.649554955120836386 -0.3479483290041422983 0.01479022276901690094 0.937397120458333899 107.7077629333007991
0.9195342262421117852 0.007573863675639431678 0.392936952175505616 -2.497298091164125822 -0.001700956804871306535 0.9998816814472500925 -0.01529221909951452955 -2.661795308055352027 -0.393006259028275462 0.01339334992865082175 0.9194383326602521 108.0150593507342478
0.8997444517209460813 0.006979303110402771196 0.4363613398845018754 -2.279944258867065088 -0.001029408681894341225 0.9999033352201998071 -0.01387020716177107989 -2.683178555482401251 -0.4364159382134947252 0.01203044759914245407 0.8996646837751675063 108.3180099043071749
0.8766314933233110285 0.005666631577169762603 0.4811290114343680369 -2.084291150713954988 0.001476496662667060433 0.9998943219736721177 -0.01446675361483710023 -2.698387822261497426 -0.4811601163861097263 0.01339239698557647892 0.8765305064304805827 108.6041149945298798
0.8515950977466204552 0.005024684840674447338 0.5241760745184131931 -1.850391590793217356 0.003848719464894126679 0.9998672348804865662 -0.01583736380850219588 -2.715132717821160391 -0.5241860292670482702 0.0155044277942341744 0.8514627169873122403 108.8847049589668217
0.8240440056397621005 0.005796257181245637394 0.5664961598316797797 -1.61522782695922662 0.005855039079983811491 0.9998071818601351746 -0.01874672620503443216 -2.7301829244053053 -0.5664955565999616471 0.01876498423706796786 0.823851197015573411 109.1467433009390504
0.7938282782637557933 0.01196983712113942194 0.6080241859278799899 -1.410347640694119109 0.002846581839421324488 0.9997222509086700626 -0.02339743864280286953 -2.751158885864035675 -0.6081353353602598766 0.02030433873225175045 0.793573738670112383 109.3839179783884532
0.7602291000890237793 0.01774660319117732712 0.6494126584056941764 -1.130774041529529983 -1.466666182899192103e-05 0.9996273518511583633 -0.02729980476448979482 -2.760523661129725692 -0.6496550962642873017 0.02074458094708833342 0.7599460802271450488 109.6420132769477505
0.7232703354508880356 0.02204934404333790121 0.6902129239261465266 -0.8848150122292668396 -0.002087735110358047638 0.9995554366000303226 -0.02974378335636709489 -2.758747648126323337 -0.6905618703620595156 0.02007181402345703525 0.7229948460760328155 109.8642334242441763
0.6840116245706392428 0.02227379750409376122 0.7291309979256553886 -0.588427509048771169 -2.427447648838214791e-06 0.9995338540167593155 -0.03053189800895384984 -2.776766704455899237 -0.7294711342444687441 0.02088240281216808061 0.6836928454009917333 110.1067643527399866
0.6435297485386252125 0.01926479469458345153 0.7651786534654272387 -0.265747320424520761 0.004435392299141837844 0.9995726339653019377 -0.0288963467376989018 -2.791729309862665431 -0.7654082785194504801 0.02198952581247767477 0.6431692939426748579 110.2813423957994985
0.5992981531471563983 0.01698075403776481973 0.800345814993558502 0.04934108456496719142 0.00586720321464782868 0.9996550376592659992 -0.02560280725171013017 -2.801574376772446584 -0.8005044328250544572 0.02003950615844007216 0.5989918023657098134 110.4632655543825308
0.5532820155053717048 0.01498716603987180172 0.8328591997644968492 0.3753215556703831113 0.007172249403560666987 0.9997154195730240112 -0.02275435860258636159 -2.822301955489549208 -0.8329631576618036215 0.01856305077296658418 0.5530170835492882464 110.6747134704855995
0.5058631580689992857 0.01275239768791962963 0.8625195049397013092 0.6864361846330977457 0.007948803552348424756 0.9997794158015448351 -0.01944372363466639886 -2.835830347025763754 -0.8625771489566247396 0.0166918609997383921 0.5056502182037663218 110.8027541428495937
0.4552755079825988593 0.008463730168865139791 0.8903104155271006626 1.107015224649356533 0.01083911530064839666 0.999828087550699518 -0.01504762606482237287 -2.849658355701646162 -0.8902846654546776595 0.0165009922769229489 0.4551055117806779293 110.9590761909380774
0.403346093059322619 0.008051701612996901153 0.9150121103192142558 1.428314137264839356 0.008785737429197658377 0.9998811778796249383 -0.01267134815517786256 -2.869645350396733186 -0.9150053572935579194 0.01314999431120832118 0.4032274359413425824 111.095182734755312
0.3527377744212440436 0.01213868184588171723 0.9356435116588388556 1.793468154331093967 0.005357933587327593297 0.9998733205387226874 -0.0149919159949774769 -2.880773414483194461 -0.9357069103415351918 0.0103013302384307049 0.3526280598081914519 111.1911237711520073
0.3024615209458788589 0.01837575812144535969 0.9529844850349830088 2.205877216670713459 0.004130190488342171118 0.9997795555198083495 -0.02058892944608447031 -2.889855264310492888 -0.9531526843112124725 0.01016336570681706034 0.3023189566809321716 111.2466406988262264
